{
"metadata": {
    "version": {
        "essentia": "2.1-beta5",
        "essentia_git_sha": "Undefined",
        "extractor": "music 2.0"
    },
    "audio_properties": {
        "analysis": {
            "equal_loudness": 0,
            "length": 12.7477550507,
            "sample_rate": 44100,
            "start_time": 0,
            "downmix": "mix"
        },
        "bit_rate": 192000,
        "length": 212.439376831,
        "lossless": 0,
        "number_channels": 2,
        "replay_gain": 12.9604854584,
        "sample_rate": 48000,
        "codec": "mp3",
        "md5_encoded": "88b792070f6d5263096ce701387fbdee"
    },
    "tags": {
        "file_name": "Spain_Ella No Es Ella_Alejandro Abad.mp3",
        "encoding": ["Lavf58.29.100"]
    }
},
"lowlevel": {
    "average_loudness": 0.000298687053146,
    "barkbands_crest": {
        "max": 8.88459014893,
        "mean": 6.41290426254,
        "min": 2.97411823273,
        "stdev": 0.840628385544
    },
    "barkbands_flatness_db": {
        "max": 0.146354630589,
        "mean": 0.0806552618742,
        "min": 0.0518779531121,
        "stdev": 0.015568154864
    },
    "barkbands_kurtosis": {
        "max": 5.4559173584,
        "mean": 2.93705821037,
        "min": -0.665256023407,
        "stdev": 1.13461387157
    },
    "barkbands_skewness": {
        "max": 0.678863465786,
        "mean": -1.583583951,
        "min": -2.21818780899,
        "stdev": 0.673324465752
    },
    "barkbands_spread": {
        "max": 54.1210174561,
        "mean": 24.4079418182,
        "min": 7.84558010101,
        "stdev": 5.59947013855
    },
    "dissonance": {
        "max": 0.499999523163,
        "mean": 0.493447870016,
        "min": 0.460521996021,
        "stdev": 0.00508508179337
    },
    "dynamic_complexity": 5.64396476746,
    "erbbands_crest": {
        "max": 10.8398981094,
        "mean": 3.92815375328,
        "min": 2.69511294365,
        "stdev": 1.2750865221
    },
    "erbbands_flatness_db": {
        "max": 0.262982994318,
        "mean": 0.116830319166,
        "min": 0.0811008438468,
        "stdev": 0.0438742004335
    },
    "erbbands_kurtosis": {
        "max": 2.5452709198,
        "mean": 0.19804276526,
        "min": -0.682203531265,
        "stdev": 0.417158305645
    },
    "erbbands_skewness": {
        "max": 1.04914903641,
        "mean": -0.498302489519,
        "min": -0.903736710548,
        "stdev": 0.373731851578
    },
    "erbbands_spread": {
        "max": 46.0884895325,
        "mean": 33.2300491333,
        "min": 9.45479488373,
        "stdev": 7.46269845963
    },
    "hfc": {
        "max": 184.766204834,
        "mean": 7.46707296371,
        "min": 1.05696900444e-16,
        "stdev": 26.8917560577
    },
    "loudness_ebu128": {
        "integrated": -33.2237510681,
        "loudness_range": 17.0906333923,
        "momentary": {
            "max": -30.0092868805,
            "mean": -261.786621094,
            "min": -300.691009521,
            "stdev": 92.2722091675
        },
        "short_term": {
            "max": -35.9314193726,
            "mean": -253.059921265,
            "min": -300.691009521,
            "stdev": 98.2134246826
        }
    },
    "melbands_crest": {
        "max": 13.5992908478,
        "mean": 2.82668113708,
        "min": 1.49200725555,
        "stdev": 1.5106190443
    },
    "melbands_flatness_db": {
        "max": 0.120027177036,
        "mean": 0.018347427249,
        "min": 0.00232049659826,
        "stdev": 0.0298343449831
    },
    "melbands_kurtosis": {
        "max": 3.38563489914,
        "mean": -0.86229211092,
        "min": -1.40147972107,
        "stdev": 0.847537100315
    },
    "melbands_skewness": {
        "max": 1.2995891571,
        "mean": 0.0399903990328,
        "min": -0.370620965958,
        "stdev": 0.207456812263
    },
    "melbands_spread": {
        "max": 157.679244995,
        "mean": 117.413963318,
        "min": 17.9854793549,
        "stdev": 37.0351333618
    },
    "pitch_salience": {
        "max": 0.870590686798,
        "mean": 0.789910137653,
        "min": 0.678556859493,
        "stdev": 0.0161875132471
    },
    "silence_rate_20dB": {
        "max": 1,
        "mean": 1,
        "min": 1,
        "stdev": 0
    },
    "silence_rate_30dB": {
        "max": 1,
        "mean": 1,
        "min": 1,
        "stdev": 0
    },
    "silence_rate_60dB": {
        "max": 1,
        "mean": 0.892727255821,
        "min": 0,
        "stdev": 0.309459835291
    },
    "spectral_centroid": {
        "max": 11881.0644531,
        "mean": 9806.87304688,
        "min": 1919.53149414,
        "stdev": 3021.21875
    },
    "spectral_complexity": {
        "max": 60,
        "mean": 4.76181840897,
        "min": 0,
        "stdev": 13.691652298
    },
    "spectral_decrease": {
        "max": 2.22914185482e-28,
        "mean": -8.87957984919e-10,
        "min": -2.23942873134e-08,
        "stdev": 3.1897984254e-09
    },
    "spectral_energy": {
        "max": 0.101129844785,
        "mean": 0.00402864394709,
        "min": 9.86628157455e-21,
        "stdev": 0.01447288692
    },
    "spectral_energyband_high": {
        "max": 0.00751587655395,
        "mean": 0.000227815151447,
        "min": 7.00571007058e-21,
        "stdev": 0.000858179235365
    },
    "spectral_energyband_low": {
        "max": 0.000466830271762,
        "mean": 1.43418237712e-05,
        "min": 1.01808810706e-23,
        "stdev": 5.46459996258e-05
    },
    "spectral_energyband_middle_high": {
        "max": 0.0884461477399,
        "mean": 0.00340814259835,
        "min": 1.14654361678e-21,
        "stdev": 0.0123672718182
    },
    "spectral_energyband_middle_low": {
        "max": 0.0116602685302,
        "mean": 0.000422876473749,
        "min": 1.37245540663e-22,
        "stdev": 0.0015188890975
    },
    "spectral_entropy": {
        "max": 9.82471179962,
        "mean": 9.54907512665,
        "min": 7.81523227692,
        "stdev": 0.627783477306
    },
    "spectral_flux": {
        "max": 0.230138465762,
        "mean": 0.0134161487222,
        "min": 6.26613622101e-11,
        "stdev": 0.0403978936374
    },
    "spectral_kurtosis": {
        "max": 14.4269828796,
        "mean": -0.418622016907,
        "min": -1.27067542076,
        "stdev": 2.02293896675
    },
    "spectral_rms": {
        "max": 0.00993293803185,
        "mean": 0.00062590779271,
        "min": 3.10252171176e-12,
        "stdev": 0.00188112352043
    },
    "spectral_rolloff": {
        "max": 19939.7460938,
        "mean": 16579.9375,
        "min": 2131.78710938,
        "stdev": 5497.59814453
    },
    "spectral_skewness": {
        "max": 3.25968575478,
        "mean": 0.213057786226,
        "min": -0.114497840405,
        "stdev": 0.535626471043
    },
    "spectral_spread": {
        "max": 44029808,
        "mean": 35360796,
        "min": 2605030.25,
        "stdev": 12882228
    },
    "spectral_strongpeak": {
        "max": 8.60653686523,
        "mean": 0.211955487728,
        "min": 0,
        "stdev": 0.77353823185
    },
    "zerocrossingrate": {
        "max": 0.80126953125,
        "mean": 0.447088062763,
        "min": 0.0498046875,
        "stdev": 0.138663560152
    },
    "barkbands": {
        "max": [0.000356037839083, 0.00029223767342, 0.000126497427118, 0.000140361895319, 0.000611191382632, 0.00160344631877, 0.00157923006918, 0.00363483093679, 0.00860484410077, 0.0073474640958, 0.0129789654166, 0.0232206955552, 0.019851827994, 0.0262370724231, 0.0193137601018, 0.00838216673583, 0.0118608437479, 0.00720085343346, 0.00270957010798, 0.00368605973199, 0.00259348237887, 0.00218463991769, 0.00106150377542, 0.000679650751408, 0.00062001356855, 4.4123706175e-05, 1.51471203935e-05],
        "mean": [8.8038841568e-06, 5.47213903701e-06, 2.12192867366e-06, 1.98329416889e-06, 1.23295130834e-05, 3.90958775824e-05, 4.60481460323e-05, 5.66293965676e-05, 0.000185051147128, 0.000218905639485, 0.000257253705058, 0.000458482187241, 0.000433373817941, 0.000545933376998, 0.000559940526728, 0.000361736631021, 0.000289204821456, 0.000167682708707, 0.000105424493086, 8.828449063e-05, 8.08481636341e-05, 4.82612631458e-05, 2.76466580544e-05, 1.82875483006e-05, 8.78328319232e-06, 1.0263721606e-06, 2.84057950495e-08],
        "min": [2.33543454282e-25, 2.41280187888e-24, 3.25298972308e-25, 5.50103178963e-25, 4.64909613023e-24, 4.71672635892e-24, 5.48953986118e-24, 4.44114411257e-24, 1.12309259329e-23, 9.78891265288e-24, 1.00998918769e-23, 1.4991392736e-23, 2.04390768208e-23, 3.40924100002e-23, 2.79580319637e-23, 3.57516306085e-23, 6.03854468938e-23, 7.53122476989e-23, 1.07701462828e-22, 1.50162286016e-22, 1.96041262439e-22, 2.77198780119e-22, 3.34004515064e-22, 5.48432863026e-22, 8.18405197626e-22, 1.18049699794e-21, 1.75599882144e-21],
        "stdev": [3.4142703953e-05, 2.29900160775e-05, 1.10351420517e-05, 9.77430408966e-06, 5.31321202288e-05, 0.000175502733327, 0.000182496703928, 0.000275437225355, 0.00072858936619, 0.000824045622721, 0.00115712778643, 0.00192510476336, 0.00175528705586, 0.00232680980116, 0.00218324456364, 0.00127118127421, 0.00113464938477, 0.000676914176438, 0.000363722996553, 0.000347918219632, 0.000310730392812, 0.0001968111319, 0.000109307606181, 7.18462324585e-05, 4.14680325775e-05, 4.39586938228e-06, 6.45262105081e-07]
    },
    "erbbands": {
        "max": [0.0155348964036, 0.0410093292594, 0.155207976699, 0.319731891155, 1.10835635662, 2.06195044518, 7.0109000206, 16.9044113159, 25.4256420135, 33.7393493652, 91.8284454346, 125.424942017, 247.539398193, 241.977432251, 552.520141602, 1020.36016846, 911.891662598, 1080.00488281, 1044.95422363, 1047.3614502, 705.440979004, 429.883575439, 384.482208252, 176.233657837, 160.573776245, 158.925201416, 130.086700439, 110.152862549, 88.7933425903, 48.4964752197, 29.2724475861, 15.4415254593, 11.6113157272, 9.01761054993, 2.64357542992, 0.367022097111, 0.0543173030019, 0.0105477413163, 0.00222959788516, 0.000275826838333],
        "mean": [0.000319270824548, 0.000736283138394, 0.00215769908391, 0.00491355778649, 0.0176818538457, 0.0438162498176, 0.145493611693, 0.370536208153, 0.62574750185, 0.765979111195, 1.64922535419, 3.59106016159, 7.40124177933, 7.17410469055, 13.0428028107, 19.3930835724, 20.4914226532, 28.2887840271, 27.5457172394, 26.6194534302, 18.9879207611, 15.3582277298, 10.0688867569, 6.18285703659, 5.28488874435, 4.06061172485, 3.51758217812, 2.89187932014, 1.77739405632, 1.32208144665, 0.696297824383, 0.443793773651, 0.271768838167, 0.12584155798, 0.0451695285738, 0.00956699904054, 0.00102838000748, 5.26329677086e-05, 8.74066063261e-06, 6.18438116362e-06],
        "min": [3.85503166182e-23, 4.82751168098e-22, 9.13524960105e-22, 4.01403569018e-21, 1.06405484773e-20, 1.39012742571e-20, 3.27838818619e-20, 4.36801478941e-20, 7.64533959614e-20, 8.34863634103e-20, 1.62305903052e-19, 3.02061337491e-19, 3.72752761326e-19, 4.48998341084e-19, 8.63939226505e-19, 1.05576173847e-18, 1.17800290299e-18, 2.02968615625e-18, 2.09738054963e-18, 2.4585046508e-18, 2.31763413813e-18, 4.30025681944e-18, 3.82932759388e-18, 4.49791452195e-18, 5.99655444725e-18, 6.83561792289e-18, 7.69489479757e-18, 8.63757960214e-18, 8.17314746669e-18, 9.24659380967e-18, 9.44711810659e-18, 9.05560938676e-18, 9.05500968082e-18, 7.47081818707e-18, 6.2079524469e-18, 3.96548772656e-18, 1.98246779175e-18, 8.77341775476e-19, 2.34873126947e-19, 2.49882474258e-20],
        "stdev": [0.00131355947815, 0.00354417669587, 0.0113898934796, 0.0226681847125, 0.0845841988921, 0.184706538916, 0.675095319748, 1.63564753532, 2.6134095192, 2.99169874191, 7.51098918915, 13.7862148285, 28.5214519501, 27.3134899139, 55.7253799438, 82.2515563965, 81.3382034302, 115.764816284, 108.047058105, 101.240203857, 69.5963745117, 57.6299705505, 39.2356796265, 22.4337291718, 18.8018302917, 15.7022027969, 13.594502449, 11.4959831238, 7.37762117386, 5.20324611664, 2.73572087288, 1.71886491776, 1.11975312233, 0.592542052269, 0.198109894991, 0.0387872308493, 0.00472264317796, 0.000475662498502, 9.63677593973e-05, 2.36873129325e-05]
    },
    "gfcc": {
        "mean": [-1095.5123291, 3.84358263016, -29.252614975, 1.56758010387, -9.87691307068, 3.568120718, -5.50786304474, 1.50766408443, -2.31005501747, 0.998112022877, -1.32382178307, 0.178393751383, 0.216645896435],
        "cov": [[182547.765625, 4673.72558594, -31129.2714844, 1757.29370117, -10496.2617188, 3828.48999023, -5887.78759766, 1584.60205078, -2459.69750977, 1030.3885498, -1353.9473877, 182.764526367, 276.597930908], [4673.72558594, 200.410552979, -783.086425781, 53.0198440552, -260.397827148, 93.7855758667, -145.339645386, 40.7036170959, -58.5620956421, 18.673406601, -29.5613441467, 0.195116952062, 10.4110975266], [-31129.2714844, -783.086425781, 5357.23974609, -294.076080322, 1804.40979004, -652.74230957, 1004.97918701, -275.863861084, 419.012054443, -176.771560669, 235.589248657, -28.4309444427, -44.588886261], [1757.29370117, 53.0198440552, -294.076080322, 25.2605571747, -99.3399658203, 37.5943450928, -57.5606918335, 14.0837612152, -23.351474762, 9.6662273407, -11.1672897339, 1.37076830864, 3.03973388672], [-10496.2617188, -260.397827148, 1804.40979004, -99.3399658203, 613.880493164, -219.414627075, 340.076080322, -93.4120254517, 141.917953491, -59.7298622131, 79.6720962524, -10.0066709518, -14.3900976181], [3828.48999023, 93.7855758667, -652.74230957, 37.5943450928, -219.414627075, 85.6409683228, -122.226280212, 33.927154541, -51.9758148193, 21.6632003784, -28.1529312134, 3.83926868439, 5.46795225143], [-5887.78759766, -145.339645386, 1004.97918701, -57.5606918335, 340.076080322, -122.226280212, 195.993927002, -47.9492645264, 80.2503814697, -34.2579460144, 43.5340766907, -6.77384614944, -8.7529296875], [1584.60205078, 40.7036170959, -275.863861084, 14.0837612152, -93.4120254517, 33.927154541, -47.9492645264, 21.0171394348, -19.7987213135, 8.54155063629, -12.1063947678, 0.648354768753, 1.40483736992], [-2459.69750977, -58.5620956421, 419.012054443, -23.351474762, 141.917953491, -51.9758148193, 80.2503814697, -19.7987213135, 37.4638977051, -12.8313503265, 19.0985774994, -3.52360486984, -4.08309268951], [1030.3885498, 18.673406601, -176.771560669, 9.6662273407, -59.7298622131, 21.6632003784, -34.2579460144, 8.54155063629, -12.8313503265, 10.3340148926, -5.98058700562, 2.24252295494, 1.66873979568], [-1353.9473877, -29.5613441467, 235.589248657, -11.1672897339, 79.6720962524, -28.1529312134, 43.5340766907, -12.1063947678, 19.0985774994, -5.98058700562, 15.6162967682, 0.16737473011, -0.947210907936], [182.764526367, 0.195116952062, -28.4309444427, 1.37076830864, -10.0066709518, 3.83926868439, -6.77384614944, 0.648354768753, -3.52360486984, 2.24252295494, 0.16737473011, 3.51014280319, 1.43681716919], [276.597930908, 10.4110975266, -44.588886261, 3.03973388672, -14.3900976181, 5.46795225143, -8.7529296875, 1.40483736992, -4.08309268951, 1.66873979568, -0.947210907936, 1.43681716919, 4.15837430954]],
        "icov": [[0.00133297836874, -0.0030170516111, 0.00350663717836, -0.000966198858805, 0.00134691747371, -0.00784773845226, 0.00795391574502, -0.00264227506705, 0.00440945196897, -0.00506159989163, 0.00364080141298, -0.00405632844195, -0.00159710168373], [-0.0030170516111, 0.0288409721106, 0.00130000303034, -0.0170447193086, -0.00765793398023, 0.0279668457806, -0.0198436249048, 0.00901217758656, -0.0238014981151, 0.0556050017476, -0.0379984229803, 0.0300283804536, -0.0179303083569], [0.00350663717836, 0.00130000303034, 0.0411495380104, -0.016951603815, -0.0487883687019, 0.0102497301996, -0.00927961245179, 0.014924258925, -0.000825265422463, 0.0173327550292, -0.0130602847785, -0.0288515388966, 0.00946596357971], [-0.000966198858805, -0.0170447193086, -0.016951603815, 0.164767712355, 0.00946676265448, -0.04733575508, 0.0516830012202, 0.000279425934423, 0.00775426859036, -0.0119280824438, -0.0347091294825, 0.0463873520494, -0.0031066511292], [0.00134691747371, -0.00765793398023, -0.0487883687019, 0.00946676265448, 0.197722688317, -0.0321964658797, -0.0489331334829, 0.0538567006588, -0.0312903337181, -1.79834933078e-05, -0.00718338787556, 0.007127111312, -0.0299321766943], [-0.00784773845226, 0.0279668457806, 0.0102497301996, -0.04733575508, -0.0321964658797, 0.241301640868, -0.0705879852176, -0.00364526803605, 0.0249492805451, 0.0287910271436, -0.0413395352662, 0.018775511533, 0.0174681805074], [0.00795391574502, -0.0198436249048, -0.00927961245179, 0.0516830012202, -0.0489331334829, -0.0705879852176, 0.293462991714, -0.134416878223, 0.00249617965892, -0.00110440189019, 0.0231245402247, 0.0367460921407, -0.0345945954323], [-0.00264227506705, 0.00901217758656, 0.014924258925, 0.000279425934423, 0.0538567006588, -0.00364526803605, -0.134416878223, 0.246583998203, -0.0814925134182, 0.0503209717572, -0.0311043448746, -0.0169915594161, 0.0365163423121], [0.00440945196897, -0.0238014981151, -0.000825265422463, 0.00775426859036, -0.0312903337181, 0.0249492805451, 0.00249617965892, -0.0814925134182, 0.368582814932, -0.163884922862, -0.0240471903235, 0.133201777935, 0.0196472834796], [-0.00506159989163, 0.0556050017476, 0.0173327550292, -0.0119280824438, -1.79834933078e-05, 0.0287910271436, -0.00110440189019, 0.0503209717572, -0.163884922862, 0.432760298252, -0.143162190914, -0.0679815337062, -0.00891461409628], [0.00364080141298, -0.0379984229803, -0.0130602847785, -0.0347091294825, -0.00718338787556, -0.0413395352662, 0.0231245402247, -0.0311043448746, -0.0240471903235, -0.143162190914, 0.328874021769, -0.147486850619, -0.0133116198704], [-0.00405632844195, 0.0300283804536, -0.0288515388966, 0.0463873520494, 0.007127111312, 0.018775511533, 0.0367460921407, -0.0169915594161, 0.133201777935, -0.0679815337062, -0.147486850619, 0.555021464825, -0.13287974894], [-0.00159710168373, -0.0179303083569, 0.00946596357971, -0.0031066511292, -0.0299321766943, 0.0174681805074, -0.0345945954323, 0.0365163423121, 0.0196472834796, -0.00891461409628, -0.0133116198704, -0.13287974894, 0.349419355392]]
    },
    "melbands": {
        "max": [0.000117215880891, 7.06970313331e-05, 6.18472040514e-05, 0.000128542698803, 0.000199075133423, 0.000388708314858, 0.000377190008294, 0.000411122571677, 0.000721475284081, 0.00110575940926, 0.00123430986423, 0.000873127020895, 0.00179442809895, 0.00263882405125, 0.00205779494718, 0.00182533438783, 0.00217516790144, 0.00189592631068, 0.00174999423325, 0.00109961081762, 0.001046304591, 0.000592453696299, 0.000487629498821, 0.000269881216809, 0.000136888746056, 9.36869764701e-05, 0.000162405500305, 9.86522791209e-05, 8.86414272827e-05, 5.54049001948e-05, 6.32206574664e-05, 5.19552449987e-05, 3.63536637451e-05, 2.88343071588e-05, 1.82060211955e-05, 1.25141514218e-05, 9.19609192351e-06, 8.28856445878e-06, 1.38996847454e-05, 4.97576411362e-06],
        "mean": [2.82136124952e-06, 1.06221853002e-06, 1.1876767303e-06, 2.1612411274e-06, 4.44435727331e-06, 8.41769360704e-06, 9.59581848292e-06, 8.77670026966e-06, 1.45252488437e-05, 2.5390601877e-05, 3.7227950088e-05, 2.73988716799e-05, 3.9224181819e-05, 4.92480721732e-05, 4.83188559883e-05, 4.60748851765e-05, 5.29930584889e-05, 4.2115621909e-05, 4.27081431553e-05, 2.89325216727e-05, 2.10533635254e-05, 1.67861617228e-05, 1.19040132631e-05, 7.17853117749e-06, 4.71018120152e-06, 3.8337384467e-06, 3.49938227373e-06, 2.49407707997e-06, 2.28244266509e-06, 1.93357300304e-06, 1.54930364715e-06, 1.02610033537e-06, 8.32206637824e-07, 6.75649289406e-07, 4.03998853926e-07, 3.16888531415e-07, 2.56885925864e-07, 2.04884671007e-07, 1.44034288496e-07, 9.33131261149e-08],
        "min": [4.9783917184e-25, 7.93822889619e-25, 9.38933606615e-25, 8.8124322254e-25, 1.68733561094e-24, 9.5808192319e-25, 1.20150408537e-24, 7.39907451494e-25, 1.18125501201e-24, 1.83827310111e-24, 1.64745188826e-24, 1.68969331897e-24, 1.80945147629e-24, 1.94047003138e-24, 2.5647477305e-24, 2.25250060978e-24, 2.8689875186e-24, 2.2939092992e-24, 1.7850961847e-24, 2.22142244834e-24, 1.99864990364e-24, 3.48784081292e-24, 3.89468872504e-24, 3.59839493562e-24, 3.13037441018e-24, 3.45725075917e-24, 3.69881456227e-24, 3.8083198944e-24, 3.95468475233e-24, 4.14252239462e-24, 4.18020943551e-24, 3.9861934346e-24, 4.41379864372e-24, 4.46627091012e-24, 4.542685105e-24, 4.66386597295e-24, 4.48248081843e-24, 5.70685486892e-24, 5.28891951678e-24, 5.05568726812e-24],
        "stdev": [1.09432721729e-05, 5.23325888935e-06, 5.36201969226e-06, 9.44224302657e-06, 2.01310685952e-05, 3.76572897949e-05, 3.9247534005e-05, 3.48684588971e-05, 6.36682379991e-05, 9.98843170237e-05, 0.000143910758197, 0.00010382621258, 0.000170993778738, 0.000208226760151, 0.0002045063884, 0.000180750212166, 0.000224265124416, 0.000169899212779, 0.000169072125573, 0.000105227656604, 8.26697869343e-05, 6.40928046778e-05, 4.78576403111e-05, 2.92233053187e-05, 1.69020186149e-05, 1.33604853545e-05, 1.36534608828e-05, 1.00045936051e-05, 9.13719395612e-06, 7.27748965801e-06, 6.38233268546e-06, 4.33250443166e-06, 3.43520423485e-06, 2.71155136033e-06, 1.60820388828e-06, 1.24814812352e-06, 1.00440433926e-06, 8.37452432734e-07, 7.59922954785e-07, 4.17122578256e-07]
    },
    "melbands128": {
        "max": [0.000174428307218, 0.000159361370606, 0.000105401748442, 8.16582905827e-05, 9.36312062549e-05, 5.62864370295e-05, 6.30815629847e-05, 7.28923987481e-05, 0.000111030734843, 0.000193336760276, 0.000101060308225, 0.000177609574166, 0.000249970587902, 0.000437405833509, 0.000394819304347, 0.000641222461127, 0.00058880308643, 0.000434606976341, 0.000323052925523, 0.000379716249881, 0.000478771136841, 0.000773062231019, 0.0011100898264, 0.000775840424467, 0.000944503699429, 0.00202739378437, 0.00256029213779, 0.0017960780533, 0.000884227396455, 0.00090763688786, 0.00102626392618, 0.00168549502268, 0.00198793201707, 0.00314786355011, 0.00172276771627, 0.00495414948091, 0.00259739276953, 0.00340393441729, 0.00128527113702, 0.00261713168584, 0.00228956062347, 0.00165299803484, 0.00295433565043, 0.00259460136294, 0.0027831941843, 0.00220224098302, 0.0020259283483, 0.00238684634678, 0.00166015489958, 0.00211970740929, 0.00100301846396, 0.000669359636959, 0.000680219905917, 0.00174205249641, 0.00138171506114, 0.000544607115444, 0.000634128635284, 0.000635196513031, 0.0007135522319, 0.000276435050182, 0.000353307259502, 0.000313489726977, 0.000170984669239, 0.000184715245268, 0.000141985859955, 0.000124534970382, 0.000140407762956, 0.000144078672747, 0.00018822918355, 0.000191596278455, 0.000130939704832, 0.000189234124264, 0.00010574816406, 0.000109296852315, 0.00010340987501, 6.11712530372e-05, 9.75151415332e-05, 9.50193862082e-05, 7.58409660193e-05, 5.52196688659e-05, 5.05054304085e-05, 6.23618834652e-05, 5.61973138247e-05, 4.56231355201e-05, 3.68571927538e-05, 5.20836656506e-05, 2.22885573748e-05, 1.73989428731e-05, 2.20461242861e-05, 1.63487784448e-05, 1.17791305456e-05, 1.38719387905e-05, 1.13621508717e-05, 8.90216961125e-06, 1.10193304863e-05, 1.24566768136e-05, 8.95022731129e-06, 7.05815045876e-06, 1.2087972209e-05, 2.52438567259e-05, 5.00823534821e-06, 5.22202662978e-06, 3.53857080881e-06, 3.28353462464e-06, 5.45330203749e-06, 1.89001389117e-06, 1.40791269132e-06, 1.51329470555e-06, 6.7231343337e-07, 6.77509319758e-07, 4.08482009107e-07, 2.59888963683e-07, 1.7848496725e-07, 8.76146444284e-08, 8.60392077584e-08, 8.13666432009e-08, 7.8025017558e-08, 7.38297458724e-08, 7.05200946527e-08, 6.7781527946e-08, 6.52885674413e-08, 6.33997316868e-08, 6.14636945784e-08, 5.98175375899e-08, 5.84012482818e-08, 5.6929032155e-08, 5.62625253053e-08, 5.58731478861e-08],
        "mean": [5.9556823544e-06, 3.54901749233e-06, 1.65551773534e-06, 1.12078566872e-06, 1.04361322428e-06, 1.07543928607e-06, 8.72144028108e-07, 1.10701614631e-06, 1.75910929556e-06, 2.25301232604e-06, 2.22027597374e-06, 3.02754096992e-06, 4.70407258035e-06, 6.65174866299e-06, 7.79496167524e-06, 9.76421779342e-06, 1.05306689875e-05, 9.42870519793e-06, 8.77180718817e-06, 7.89533078205e-06, 8.47907722346e-06, 1.19673513836e-05, 1.54279714479e-05, 1.70090388565e-05, 1.78068876266e-05, 2.88097890007e-05, 4.35583024228e-05, 4.06959152315e-05, 3.03536817228e-05, 2.55528648268e-05, 2.61955392489e-05, 3.04329259961e-05, 4.12036533817e-05, 4.41083429905e-05, 4.43965400336e-05, 5.22806149093e-05, 5.49340329599e-05, 5.27967677044e-05, 3.89639826608e-05, 4.29621795774e-05, 4.94805790368e-05, 4.4680909923e-05, 6.5731255745e-05, 4.83666481159e-05, 3.8580808905e-05, 4.06126928283e-05, 4.63053875137e-05, 4.73479485663e-05, 3.93439331674e-05, 3.42817147612e-05, 2.78664083453e-05, 2.33443843172e-05, 2.01037237275e-05, 2.08863712032e-05, 2.17832548515e-05, 1.51891044879e-05, 1.39484909596e-05, 1.36392600325e-05, 1.18068192023e-05, 7.5033271969e-06, 7.55314795242e-06, 5.99826989856e-06, 5.32010972165e-06, 4.48902483186e-06, 3.47371701537e-06, 3.68789505956e-06, 4.14585883846e-06, 3.89681781598e-06, 3.45472199115e-06, 2.84957991425e-06, 2.36187133851e-06, 2.42388841798e-06, 2.34707090385e-06, 2.37869812736e-06, 2.01982288672e-06, 1.83767213002e-06, 1.99486566999e-06, 1.88395210898e-06, 1.51177869157e-06, 1.22788060253e-06, 1.00485942767e-06, 1.00624254173e-06, 8.68627694217e-07, 7.65034030792e-07, 8.57510713104e-07, 8.24238441055e-07, 5.77176706429e-07, 4.52699708831e-07, 4.04194253179e-07, 3.58729352001e-07, 3.4306575003e-07, 3.07231886154e-07, 2.69927312502e-07, 2.38405164055e-07, 2.73101335324e-07, 2.32548885037e-07, 1.89024888186e-07, 1.68395786204e-07, 1.39433964819e-07, 1.51332130827e-07, 8.90932838615e-08, 9.24133445324e-08, 8.0471977526e-08, 6.58590693092e-08, 5.12949007714e-08, 3.62385783603e-08, 2.66407944594e-08, 1.86758235543e-08, 1.44410163827e-08, 1.17724248128e-08, 6.44315045761e-09, 3.57736018586e-09, 1.93344429356e-09, 4.96647112325e-10, 3.61316532249e-10, 2.04374323021e-10, 1.54016965848e-10, 1.37101746622e-10, 1.31211708165e-10, 1.26067961626e-10, 1.21438775702e-10, 1.17956741597e-10, 1.14671522278e-10, 1.11466898212e-10, 1.08215311712e-10, 1.04486454211e-10, 1.02719936723e-10, 1.01931116325e-10],
        "min": [7.81763005967e-27, 1.50655595647e-25, 1.02691034532e-25, 5.04370545705e-25, 2.20235543374e-25, 1.63325798795e-25, 2.37416101888e-26, 2.52028141621e-25, 2.40782732202e-25, 1.51784603514e-25, 4.63885217973e-25, 1.09728234637e-25, 3.48951832564e-25, 3.58716673323e-25, 3.22553785662e-25, 2.31075823415e-25, 3.56404497358e-25, 2.50828210228e-25, 2.65697079652e-25, 3.41970462856e-25, 6.06208642872e-25, 5.51681837546e-25, 5.22646283511e-25, 4.55800922112e-25, 4.71841126721e-25, 3.46431520579e-25, 7.03352031577e-25, 2.14081318978e-25, 9.12921016873e-25, 7.84461674472e-25, 6.27216896246e-25, 7.7262249931e-25, 6.85897695188e-25, 9.65425330749e-25, 9.2700553669e-25, 4.77098638135e-25, 1.09343487452e-24, 7.6217300124e-25, 9.47431413501e-25, 2.94004317856e-25, 4.63566715382e-25, 8.06781803532e-25, 1.30970779701e-24, 6.2682655801e-25, 9.55074686812e-25, 6.98190810497e-25, 1.26126917363e-24, 1.41952857489e-24, 1.5007343109e-24, 8.96169851373e-25, 4.61734388715e-25, 6.86082485855e-25, 7.20672261612e-25, 8.72774209077e-25, 7.14248863083e-25, 1.45219767156e-24, 1.71580993975e-24, 1.52330352279e-24, 1.91949855864e-24, 1.49624470628e-24, 1.53546568719e-24, 1.90074595442e-24, 1.21763451595e-24, 1.46072920225e-24, 1.45061215975e-24, 1.32927578758e-24, 1.94102361452e-24, 1.66971324718e-24, 1.61108421724e-24, 1.57582953035e-24, 2.3288286216e-24, 1.82883615531e-24, 2.22122464147e-24, 2.9603346532e-24, 2.55709242706e-24, 2.36476794115e-24, 2.10952154286e-24, 2.55520349962e-24, 2.01875284052e-24, 2.24595858629e-24, 3.16464390841e-24, 1.99275592939e-24, 2.49860430739e-24, 1.97573901637e-24, 2.62638419404e-24, 2.67946506663e-24, 3.18825431808e-24, 3.21199331209e-24, 3.05029280095e-24, 2.75861680606e-24, 3.23744255654e-24, 2.75661921303e-24, 2.77118414914e-24, 3.05582054653e-24, 3.39325994026e-24, 3.05179893364e-24, 3.17464784798e-24, 3.5006542806e-24, 3.92130686414e-24, 3.40582846663e-24, 3.69943184593e-24, 3.04968301147e-24, 3.6213097672e-24, 3.70326768208e-24, 3.69696034472e-24, 3.45324926223e-24, 3.97458416309e-24, 3.83445525062e-24, 4.11453913173e-24, 3.10442778893e-24, 3.98052744115e-24, 3.42745508835e-24, 3.93050853216e-24, 4.51367080091e-24, 4.7243238783e-24, 4.58629254698e-24, 3.58191405359e-24, 4.81197224133e-24, 4.75716810209e-24, 4.82876827329e-24, 4.99297795375e-24, 5.28203986082e-24, 4.32175159229e-24, 4.92699723321e-24, 4.69844016871e-24, 5.44774995472e-24, 5.35434290709e-24, 5.5466194697e-24],
        "stdev": [2.20538568101e-05, 1.45226840687e-05, 7.29045541448e-06, 6.04335627941e-06, 5.97480857323e-06, 5.40501059731e-06, 4.24171003033e-06, 5.51635821466e-06, 9.04164335225e-06, 1.16909277494e-05, 9.45319061429e-06, 1.44518144225e-05, 2.3449991204e-05, 3.45548869518e-05, 3.42799394275e-05, 5.10308236699e-05, 5.13843697263e-05, 4.0740629629e-05, 3.69314147974e-05, 3.36573029927e-05, 3.78163022106e-05, 5.91871794313e-05, 8.37690458866e-05, 7.17569128028e-05, 7.75876760599e-05, 0.000140132455272, 0.000195082218852, 0.000179131064215, 0.000119687523693, 0.00010368234507, 0.0001092720413, 0.000146109246998, 0.00019711193454, 0.00022926244128, 0.000186058037798, 0.000280817301245, 0.000255518592894, 0.000253754493315, 0.000160710842465, 0.000182598421816, 0.000222174756345, 0.000180335817277, 0.000298737606499, 0.000213254475966, 0.000188859485206, 0.000172763815499, 0.00019853937556, 0.000208573706914, 0.000161659889272, 0.000149194471305, 0.00010549685976, 8.69372233865e-05, 8.21974899736e-05, 0.000105085775431, 9.82011551969e-05, 5.96828504058e-05, 6.14405944361e-05, 5.94929770159e-05, 5.09711026098e-05, 2.89030576823e-05, 3.45474109054e-05, 2.66751994786e-05, 1.99705664272e-05, 1.68952392414e-05, 1.36003909574e-05, 1.36037187985e-05, 1.52848970174e-05, 1.58815710165e-05, 1.48737663039e-05, 1.24133548525e-05, 1.0262444448e-05, 1.17830859381e-05, 9.93411504169e-06, 1.03070278783e-05, 8.4587099991e-06, 7.17526609151e-06, 8.17267937236e-06, 8.30056615087e-06, 6.67207632432e-06, 5.37836831427e-06, 4.48516402685e-06, 4.72052852274e-06, 4.07331208407e-06, 3.45236230714e-06, 3.60235935659e-06, 3.79013317797e-06, 2.3428519853e-06, 1.82049507202e-06, 1.73789749169e-06, 1.52491224981e-06, 1.40896997891e-06, 1.30029434331e-06, 1.11855524665e-06, 9.5371228781e-07, 1.16616308787e-06, 1.01390969576e-06, 8.03380601155e-07, 7.38395556255e-07, 6.96725805938e-07, 1.17467391192e-06, 4.00740049145e-07, 4.14450198605e-07, 3.40504868745e-07, 2.7908828315e-07, 2.91930234653e-07, 1.63549572108e-07, 1.14274982366e-07, 9.33625941002e-08, 6.52474270169e-08, 5.61296040757e-08, 2.93617503644e-08, 1.94537630449e-08, 1.21171623846e-08, 4.28616342418e-09, 4.51314541294e-09, 3.4861260545e-09, 3.32464789032e-09, 3.14513526334e-09, 3.0041353849e-09, 2.88747492583e-09, 2.7812749881e-09, 2.70081002007e-09, 2.6183242241e-09, 2.548203204e-09, 2.48789211454e-09, 2.42521447369e-09, 2.39684294634e-09, 2.38025821275e-09]
    },
    "mfcc": {
        "mean": [-1179.20849609, 8.11669063568, -10.1677885056, -2.386490345, -1.88257706165, 0.481800764799, -1.00425958633, 0.0575735345483, 0.24875228107, 0.432544261217, -0.109361283481, 0.282936632633, 0.0467122159898],
        "cov": [[49405.671875, 4511.40869141, -5669.45068359, -1328.23840332, -1044.00109863, 286.795471191, -553.916687012, 27.0381736755, 106.721069336, 223.585418701, -50.9926223755, 183.554214478, 37.9263305664], [4511.40869141, 437.483886719, -538.198547363, -123.656822205, -101.086730957, 22.433265686, -52.6754760742, 4.99406480789, 13.2386951447, 23.6793632507, -4.85741329193, 15.0247344971, 1.52355110645], [-5669.45068359, -538.198547363, 678.210754395, 157.370025635, 126.438140869, -31.0695056915, 64.8945236206, -5.05393838882, -16.2308540344, -30.4018497467, 5.21912002563, -19.7954769135, -2.52921175957], [-1328.23840332, -123.656822205, 157.370025635, 42.2337150574, 30.1680755615, -7.6802239418, 14.4521226883, -1.97784519196, -3.77331566811, -7.47805738449, 1.50613260269, -4.23579978943, -1.14318442345], [-1044.00109863, -101.086730957, 126.438140869, 30.1680755615, 29.1063175201, -3.62605953217, 11.5737886429, -2.18741798401, -4.16870594025, -6.28884553909, -0.0382801890373, -3.19723200798, 0.00796162337065], [286.795471191, 22.433265686, -31.0695056915, -7.6802239418, -3.62605953217, 7.60030126572, -3.27149581909, -1.71945774555, -0.328236907721, 0.249530419707, -1.67517507076, 0.821131587029, 0.801553666592], [-553.916687012, -52.6754760742, 64.8945236206, 14.4521226883, 11.5737886429, -3.27149581909, 10.7802429199, 1.51860368252, -0.811294913292, -2.96191620827, 0.0064765359275, -1.8273717165, -0.260866850615], [27.0381736755, 4.99406480789, -5.05393838882, -1.97784519196, -2.18741798401, -1.71945774555, 1.51860368252, 5.47891712189, 1.84973680973, 1.58801972866, 0.255916744471, -0.580696165562, -0.298409551382], [106.721069336, 13.2386951447, -16.2308540344, -3.77331566811, -4.16870594025, -0.328236907721, -0.811294913292, 1.84973680973, 5.14022445679, 2.59257006645, -0.327601253986, 0.0172755941749, -0.678737223148], [223.585418701, 23.6793632507, -30.4018497467, -7.47805738449, -6.28884553909, 0.249530419707, -2.96191620827, 1.58801972866, 2.59257006645, 5.27796983719, 0.715801239014, 0.916099727154, -0.168550670147], [-50.9926223755, -4.85741329193, 5.21912002563, 1.50613260269, -0.0382801890373, -1.67517507076, 0.0064765359275, 0.255916744471, -0.327601253986, 0.715801239014, 4.33392190933, 1.04219186306, 0.174703374505], [183.554214478, 15.0247344971, -19.7954769135, -4.23579978943, -3.19723200798, 0.821131587029, -1.8273717165, -0.580696165562, 0.0172755941749, 0.916099727154, 1.04219186306, 3.52767276764, 1.00133681297], [37.9263305664, 1.52355110645, -2.52921175957, -1.14318442345, 0.00796162337065, 0.801553666592, -0.260866850615, -0.298409551382, -0.678737223148, -0.168550670147, 0.174703374505, 1.00133681297, 2.49643754959]],
        "icov": [[0.000703657628037, -0.00141209620051, 0.00394857535139, 0.00210103904828, 0.000309233175358, -0.00251822266728, 0.00218411907554, -0.00158475257922, 0.00181322661228, 0.0042797527276, 0.00107951567043, -0.00528198247775, -0.00119438045658], [-0.00141209620051, 0.125975474715, 0.0913936793804, -0.0279243122786, 0.00893116090447, 0.0504196360707, 0.0487075559795, -0.0321653224528, -0.00595545908436, 0.0218807179481, 0.0377759560943, 0.0156396217644, 0.000346573564457], [0.00394857535139, 0.0913936793804, 0.126157015562, -0.0451055020094, -0.0321959368885, 0.042084351182, 0.0185427609831, -0.0267731193453, 0.00775853917003, 0.054230876267, 0.0198731198907, 0.0120205245912, -0.0237196236849], [0.00210103904828, -0.0279243122786, -0.0451055020094, 0.209574505687, -0.0419679023325, 0.0137182679027, 0.011964533478, 0.0263281222433, -0.0162777081132, 0.041373565793, -0.0219074096531, -0.0415288768709, 0.0520795062184], [0.000309233175358, 0.00893116090447, -0.0321959368885, -0.0419679023325, 0.238854169846, -0.0658583566546, 0.0231859069318, -0.00557914422825, 0.0446909815073, -0.0173596218228, 0.0635159611702, -0.0533838011324, -0.011899150908], [-0.00251822266728, 0.0504196360707, 0.042084351182, 0.0137182679027, -0.0658583566546, 0.254316329956, -0.00414505414665, 0.0627757385373, -0.00566735304892, 0.0161989089102, 0.0518512278795, 0.0507537052035, -0.0424027889967], [0.00218411907554, 0.0487075559795, 0.0185427609831, 0.011964533478, 0.0231859069318, -0.00414505414665, 0.313660144806, -0.13947199285, -0.015925468877, 0.0716949775815, 0.0664060860872, -0.0813889503479, 0.00722838751972], [-0.00158475257922, -0.0321653224528, -0.0267731193453, 0.0263281222433, -0.00557914422825, 0.0627757385373, -0.13947199285, 0.310639083385, -0.0530461259186, -0.0731740444899, -0.0400625690818, 0.098213583231, -0.0248958785087], [0.00181322661228, -0.00595545908436, 0.00775853917003, -0.0162777081132, 0.0446909815073, -0.00566735304892, -0.015925468877, -0.0530461259186, 0.309642136097, -0.12267126143, 0.059167150408, -0.0216552559286, 0.0506156422198], [0.0042797527276, 0.0218807179481, 0.054230876267, 0.041373565793, -0.0173596218228, 0.0161989089102, 0.0716949775815, -0.0731740444899, -0.12267126143, 0.397602885962, -0.059362296015, -0.0424909070134, 0.00380597496405], [0.00107951567043, 0.0377759560943, 0.0198731198907, -0.0219074096531, 0.0635159611702, 0.0518512278795, 0.0664060860872, -0.0400625690818, 0.059167150408, -0.059362296015, 0.341362297535, -0.144913882017, 0.0022624891717], [-0.00528198247775, 0.0156396217644, 0.0120205245912, -0.0415288768709, -0.0533838011324, 0.0507537052035, -0.0813889503479, 0.098213583231, -0.0216552559286, -0.0424909070134, -0.144913882017, 0.521570205688, -0.156849682331], [-0.00119438045658, 0.000346573564457, -0.0237196236849, 0.0520795062184, -0.011899150908, -0.0424027889967, 0.00722838751972, -0.0248958785087, 0.0506156422198, 0.00380597496405, 0.0022624891717, -0.156849682331, 0.506527662277]]
    },
    "spectral_contrast_coeffs": {
        "max": [-0.622283875942, -0.723058402538, -0.71773648262, -0.749858021736, -0.728301048279, -0.672124743462],
        "mean": [-0.935492157936, -0.947312116623, -0.939827859402, -0.942403674126, -0.937945663929, -0.929779291153],
        "min": [-0.982414066792, -0.983369350433, -0.981824040413, -0.975900709629, -0.968176245689, -0.965200722218],
        "stdev": [0.073758661747, 0.0461010634899, 0.0537918433547, 0.0496072210371, 0.0568844415247, 0.0764890089631]
    },
    "spectral_contrast_valleys": {
        "max": [-6.96544313431, -5.32892417908, -4.94026136398, -4.9437046051, -5.55655097961, -8.38955116272],
        "mean": [-24.6702480316, -24.3848400116, -24.3842906952, -24.3307743073, -24.4228744507, -24.8449134827],
        "min": [-28.1407356262, -28.0592708588, -27.8044891357, -27.6727733612, -27.5808753967, -27.4660415649],
        "stdev": [6.30562639236, 6.98536491394, 7.15906620026, 7.2240114212, 7.03733301163, 5.98997688293]
    }
},
"rhythm": {
    "beats_count": 26,
    "beats_loudness": {
        "max": 0.0423436537385,
        "mean": 0.00239215581678,
        "min": 0,
        "stdev": 0.00880162417889
    },
    "bpm": 135.12739563,
    "bpm_histogram_first_peak_bpm": 136,
    "bpm_histogram_first_peak_weight": 0.25,
    "bpm_histogram_second_peak_bpm": 110,
    "bpm_histogram_second_peak_spread": 0.166666686535,
    "bpm_histogram_second_peak_weight": 0.20000000298,
    "danceability": 0.862210869789,
    "onset_rate": 0.391869038343,
    "beats_loudness_band_ratio": {
        "max": [0.0056431395933, 0.0237039197236, 0.385120511055, 0.509416282177, 0.414434313774, 0.111980356276],
        "mean": [0.000629621616099, 0.00192559929565, 0.018215727061, 0.0559155195951, 0.040336381644, 0.0114337336272],
        "min": [0, 0, 0, 0, 0, 0],
        "stdev": [0.00171343714464, 0.0056462646462, 0.0755150169134, 0.151849776506, 0.111980125308, 0.0317399315536]
    },
    "beats_position": [0.487619042397, 0.986848056316, 1.48607707024, 1.98530614376, 2.47292518616, 2.96054410934, 3.41333317757, 3.87773227692, 4.33052158356, 4.79492044449, 5.25931978226, 5.72371864319, 6.1648979187, 6.60607719421, 7.04725599289, 7.4884352684, 7.92961454391, 8.37079334259, 8.91646194458, 9.46213150024, 10.0078001022, 10.5534696579, 11.0991382599, 11.6331968307, 12.1556463242, 12.6780948639],
