{
"metadata": {
    "version": {
        "essentia": "2.1-beta5",
        "essentia_git_sha": "Undefined",
        "extractor": "music 2.0"
    },
    "audio_properties": {
        "analysis": {
            "equal_loudness": 0,
            "length": 48.7502937317,
            "sample_rate": 44100,
            "start_time": 77.7520217896,
            "downmix": "mix"
        },
        "bit_rate": 192000,
        "length": 180.604812622,
        "lossless": 0,
        "number_channels": 2,
        "replay_gain": -2.70531845093,
        "sample_rate": 48000,
        "codec": "mp3",
        "md5_encoded": "cdd00bbcaf6935280e792baa124296eb"
    },
    "tags": {
        "file_name": "Hungary_Kinek Mondjam El Vétkeimet_Friderika Bayer.mp3",
        "encoding": ["Lavf58.29.100"]
    }
},
"lowlevel": {
    "average_loudness": 0.886392712593,
    "barkbands_crest": {
        "max": 25.7463302612,
        "mean": 12.8186626434,
        "min": 3.5553393364,
        "stdev": 4.79888916016
    },
    "barkbands_flatness_db": {
        "max": 0.384167253971,
        "mean": 0.242665603757,
        "min": 0.107266336679,
        "stdev": 0.0408402122557
    },
    "barkbands_kurtosis": {
        "max": 117.235420227,
        "mean": 7.04260587692,
        "min": -1.88483273983,
        "stdev": 9.93055534363
    },
    "barkbands_skewness": {
        "max": 9.78967571259,
        "mean": 1.61970973015,
        "min": -2.77547025681,
        "stdev": 1.42714583874
    },
    "barkbands_spread": {
        "max": 67.9963684082,
        "mean": 8.26473903656,
        "min": 0.792961239815,
        "stdev": 7.55620145798
    },
    "dissonance": {
        "max": 0.500000178814,
        "mean": 0.424368798733,
        "min": 0.167734324932,
        "stdev": 0.0421127453446
    },
    "dynamic_complexity": 3.02545690536,
    "erbbands_crest": {
        "max": 32.1390647888,
        "mean": 13.2269010544,
        "min": 3.24322009087,
        "stdev": 6.56990480423
    },
    "erbbands_flatness_db": {
        "max": 0.418017476797,
        "mean": 0.266876667738,
        "min": 0.130655527115,
        "stdev": 0.0441109500825
    },
    "erbbands_kurtosis": {
        "max": 40.0947532654,
        "mean": 2.90424275398,
        "min": -1.69923973083,
        "stdev": 4.43248844147
    },
    "erbbands_skewness": {
        "max": 5.24909162521,
        "mean": 0.939686834812,
        "min": -1.86311554909,
        "stdev": 0.840996623039
    },
    "erbbands_spread": {
        "max": 110.501396179,
        "mean": 19.4349136353,
        "min": 1.78867590427,
        "stdev": 13.2051620483
    },
    "hfc": {
        "max": 88.8890838623,
        "mean": 14.8260965347,
        "min": 0.262388467789,
        "stdev": 13.3260574341
    },
    "loudness_ebu128": {
        "integrated": -21.6284198761,
        "loudness_range": 6.57006645203,
        "momentary": {
            "max": -17.0124988556,
            "mean": -22.6010055542,
            "min": -33.9452972412,
            "stdev": 3.2060406208
        },
        "short_term": {
            "max": -18.6846256256,
            "mean": -22.2811031342,
            "min": -29.3773593903,
            "stdev": 2.52492380142
        }
    },
    "melbands_crest": {
        "max": 31.847776413,
        "mean": 14.973903656,
        "min": 5.47417020798,
        "stdev": 5.1555223465
    },
    "melbands_flatness_db": {
        "max": 0.422476500273,
        "mean": 0.272144079208,
        "min": 0.0717891454697,
        "stdev": 0.0472954958677
    },
    "melbands_kurtosis": {
        "max": 154.924621582,
        "mean": 9.96036720276,
        "min": -1.45885336399,
        "stdev": 13.355345726
    },
    "melbands_skewness": {
        "max": 9.44186782837,
        "mean": 1.84953629971,
        "min": -2.37513875961,
        "stdev": 1.48524677753
    },
    "melbands_spread": {
        "max": 122.854072571,
        "mean": 11.1418390274,
        "min": 1.03993964195,
        "stdev": 9.83887004852
    },
    "pitch_salience": {
        "max": 0.892353355885,
        "mean": 0.542187690735,
        "min": 0.14355891943,
        "stdev": 0.127727746964
    },
    "silence_rate_20dB": {
        "max": 1,
        "mean": 1,
        "min": 1,
        "stdev": 0
    },
    "silence_rate_30dB": {
        "max": 1,
        "mean": 1,
        "min": 1,
        "stdev": 0
    },
    "silence_rate_60dB": {
        "max": 1,
        "mean": 0.0276059024036,
        "min": 0,
        "stdev": 0.163840726018
    },
    "spectral_centroid": {
        "max": 3676.14453125,
        "mean": 668.088378906,
        "min": 290.92755127,
        "stdev": 345.401306152
    },
    "spectral_complexity": {
        "max": 32,
        "mean": 13.290813446,
        "min": 2,
        "stdev": 3.47817730904
    },
    "spectral_decrease": {
        "max": -1.23146673414e-10,
        "mean": -6.34725649817e-09,
        "min": -2.82422476516e-08,
        "stdev": 4.43651337889e-09
    },
    "spectral_energy": {
        "max": 0.110762111843,
        "mean": 0.0253008063883,
        "min": 0.000488583813421,
        "stdev": 0.0177756175399
    },
    "spectral_energyband_high": {
        "max": 0.00649817660451,
        "mean": 0.000145319470903,
        "min": 2.0218130885e-06,
        "stdev": 0.00056653143838
    },
    "spectral_energyband_low": {
        "max": 0.0111084012315,
        "mean": 0.001618416165,
        "min": 1.96624168893e-05,
        "stdev": 0.00163084641099
    },
    "spectral_energyband_middle_high": {
        "max": 0.0846061855555,
        "mean": 0.00628939224407,
        "min": 3.43290703313e-05,
        "stdev": 0.0123219667003
    },
    "spectral_energyband_middle_low": {
        "max": 0.107653588057,
        "mean": 0.0178381372243,
        "min": 0.00035931050661,
        "stdev": 0.0146551448852
    },
    "spectral_entropy": {
        "max": 8.12326431274,
        "mean": 6.73153924942,
        "min": 5.49668216705,
        "stdev": 0.402124911547
    },
    "spectral_flux": {
        "max": 0.21238578856,
        "mean": 0.0597225837409,
        "min": 0.00804192945361,
        "stdev": 0.0319981612265
    },
    "spectral_kurtosis": {
        "max": 43.0432929993,
        "mean": 10.7757883072,
        "min": -1.25637328625,
        "stdev": 6.87613391876
    },
    "spectral_rms": {
        "max": 0.0103952195495,
        "mean": 0.00464111054316,
        "min": 0.000690410844982,
        "stdev": 0.00177309289575
    },
    "spectral_rolloff": {
        "max": 7192.08984375,
        "mean": 821.418212891,
        "min": 236.865234375,
        "stdev": 742.647521973
    },
    "spectral_skewness": {
        "max": 5.01049280167,
        "mean": 2.39495611191,
        "min": -0.158620461822,
        "stdev": 0.73762691021
    },
    "spectral_spread": {
        "max": 14002068,
        "mean": 2745475,
        "min": 1455226.375,
        "stdev": 864566.4375
    },
    "spectral_strongpeak": {
        "max": 10.6776208878,
        "mean": 1.82367122173,
        "min": 0,
        "stdev": 1.96193706989
    },
    "zerocrossingrate": {
        "max": 0.20458984375,
        "mean": 0.0338124893606,
        "min": 0.00927734375,
        "stdev": 0.0198224876076
    },
    "barkbands": {
        "max": [2.01447510335e-05, 0.00419739680365, 0.00712674111128, 0.00610769493505, 0.0379429161549, 0.100562565029, 0.0519161559641, 0.036948017776, 0.0668292492628, 0.0624754950404, 0.0807167217135, 0.0178442001343, 0.00400490965694, 0.00298587209545, 0.0107841333374, 0.0035108900629, 0.00256585329771, 0.00219314638525, 0.000963102618698, 0.00313074118458, 0.00198683794588, 0.00238106306642, 0.00267941295169, 0.000969362852629, 2.95887748507e-05, 3.3621333273e-07, 3.58061384986e-07],
        "mean": [1.14640386073e-06, 0.000357468379661, 0.000916997727472, 0.00055495207198, 0.00386004149914, 0.00736435502768, 0.00198841188103, 0.00145420792978, 0.00208515697159, 0.00279792537913, 0.00236233766191, 0.000378399243345, 0.000251230230788, 0.000172574291355, 0.000341972801834, 8.91853778739e-05, 7.6623276982e-05, 5.7807432313e-05, 2.73438417935e-05, 4.02427067456e-05, 3.41033482982e-05, 3.96307223127e-05, 3.16760269925e-05, 1.64460489032e-05, 5.55623159926e-07, 1.22816623538e-09, 1.27763521984e-09],
        "min": [1.78849191013e-09, 3.65064096286e-07, 2.70678810921e-06, 8.30799876894e-07, 2.54504757322e-05, 7.15452624718e-05, 6.2961266849e-06, 7.01513863532e-06, 1.21181310533e-05, 1.96070323e-06, 3.17013899576e-07, 1.09224924927e-06, 1.33289131554e-06, 4.12142668438e-07, 1.18293462492e-06, 1.04195089534e-06, 6.27498934591e-07, 3.14254435807e-07, 3.57547776275e-07, 4.13424913859e-07, 3.07825359869e-07, 3.32333371489e-07, 2.41812955437e-07, 3.76298658011e-07, 2.63032484682e-10, 5.93575327779e-11, 7.63038521256e-11],
        "stdev": [1.39466055771e-06, 0.000631721748505, 0.000997306313366, 0.000901749765035, 0.00477798981592, 0.00961560476571, 0.00344976061024, 0.00321991858073, 0.00609359890223, 0.00838369783014, 0.00921411439776, 0.000649201159831, 0.000380142999347, 0.000234081337112, 0.000647417502478, 0.00017674578703, 0.000169561273651, 0.000153151951963, 6.21812287136e-05, 0.000171151958057, 0.000127794846776, 0.000188764635823, 0.000166995348991, 6.43177772872e-05, 1.80203755917e-06, 1.06600648309e-08, 1.13381899425e-08]
    },
    "erbbands": {
        "max": [0.0182803310454, 1.32353496552, 6.90551233292, 15.4192647934, 83.6435928345, 160.721420288, 476.499237061, 1200.48571777, 608.512451172, 408.168914795, 1003.8046875, 2049.46801758, 2020.25891113, 2683.27612305, 2605.02734375, 556.595825195, 215.901428223, 168.662445068, 696.32824707, 237.592041016, 176.526687622, 120.556900024, 104.69078064, 49.4954109192, 95.6891479492, 161.382263184, 80.1684646606, 99.3260498047, 73.4662094116, 86.0286026001, 93.1940231323, 31.3585567474, 8.28527832031, 0.804952383041, 0.023262232542, 0.00181800895371, 0.000624241889454, 0.000222551243496, 5.42466405022e-05, 0.000123980324133],
        "mean": [0.00215770653449, 0.121857635677, 0.988830327988, 1.6338634491, 4.89541864395, 14.0496549606, 37.16771698, 64.1543731689, 38.3315582275, 23.4859428406, 40.0452041626, 49.2458152771, 54.685092926, 123.008590698, 64.804145813, 17.1348075867, 12.6553726196, 9.69976139069, 15.4207191467, 12.1434202194, 5.0143995285, 4.10748624802, 3.23038697243, 2.06328845024, 1.39956736565, 1.95400631428, 1.52559030056, 1.37632465363, 1.35945999622, 1.27538788319, 0.822143733501, 0.441584825516, 0.213547766209, 0.0228876881301, 0.000650384172332, 6.25024695182e-05, 1.73138705577e-05, 4.4072817218e-06, 1.31512506414e-05, 2.90827028948e-05],
        "min": [3.82042708225e-05, 0.00037740188418, 0.0033370773308, 0.00535439373925, 0.0285063851625, 0.079903036356, 0.377175301313, 0.486227840185, 0.396091789007, 0.210132881999, 0.409178286791, 0.359802722931, 0.239063069224, 0.0569870360196, 0.186246439815, 0.106920592487, 0.0596464201808, 0.058072719723, 0.0551584288478, 0.0627747923136, 0.0567283518612, 0.0312988422811, 0.0236064866185, 0.0140625014901, 0.013551085256, 0.0174079108983, 0.0172628555447, 0.0142590161413, 0.0121505437419, 0.00877070613205, 0.00796715915203, 0.00780908158049, 0.00490226969123, 0.000671453017276, 2.37752137764e-05, 2.30903901866e-06, 7.53140170673e-07, 1.73577944906e-07, 2.74935786138e-07, 5.6452984154e-07],
        "stdev": [0.0030519652646, 0.197882354259, 1.17797255516, 2.20933651924, 7.70773077011, 18.4240283966, 50.9139099121, 97.6211853027, 53.7117080688, 33.5882644653, 86.5092697144, 156.477722168, 161.668304443, 326.159210205, 229.303314209, 25.3735656738, 18.1408977509, 13.8297939301, 33.4017524719, 18.9338951111, 9.51027107239, 8.97806167603, 7.91283845901, 4.09683418274, 4.95069265366, 8.32927799225, 5.12161254883, 5.87712717056, 6.32028579712, 6.73648929596, 4.45578670502, 1.96857237816, 0.742963135242, 0.0688093453646, 0.00196024379693, 0.00015771346807, 3.26106383e-05, 9.84302096185e-06, 9.21300397749e-06, 2.03823001357e-05]
    },
    "gfcc": {
        "mean": [-76.8596420288, 168.236999512, -154.268920898, 17.2947921753, -84.4772262573, -2.26596426964, -39.0279388428, -26.3221797943, -2.29411745071, -27.2456855774, 6.0144867897, -24.0322189331, 9.05411434174],
        "cov": [[1582.29577637, -273.212036133, -192.635223389, 96.6655273438, -24.6398048401, -54.2271652222, 76.4703674316, 58.0528068542, -99.9413375854, -122.580360413, -37.1236305237, 44.076839447, 2.18300223351], [-273.212036133, 521.240234375, 78.3271789551, -155.529190063, 265.492126465, -22.8130760193, 78.1230773926, -15.0457086563, 37.4363632202, -5.90710163116, 24.243768692, -40.0724029541, 4.06836843491], [-192.635223389, 78.3271789551, 242.647323608, 64.0410842896, -3.30454540253, 30.7358436584, -38.3077850342, -17.2502937317, 20.4581336975, 25.472448349, 0.233717158437, -10.6076555252, 0.830111682415], [96.6655273438, -155.529190063, 64.0410842896, 315.420013428, -47.6981658936, 35.3002433777, -29.3730583191, -6.56230068207, 0.847242474556, 13.7787513733, -14.3792982101, 3.54733896255, -35.6945419312], [-24.6398048401, 265.492126465, -3.30454540253, -47.6981658936, 262.914093018, 32.5969848633, 78.9889144897, 10.8187141418, -3.48750305176, -17.0756244659, 7.09188318253, 2.65684986115, 16.2562122345], [-54.2271652222, -22.8130760193, 30.7358436584, 35.3002433777, 32.5969848633, 223.289978027, 94.5147857666, -17.6113681793, 7.16065359116, 16.0761299133, -12.0115699768, 24.8737049103, -1.06330537796], [76.4703674316, 78.1230773926, -38.3077850342, -29.3730583191, 78.9889144897, 94.5147857666, 194.04888916, 18.4785575867, -4.38205337524, -5.38084936142, -8.22357654572, 23.8432064056, 6.53261518478], [58.0528068542, -15.0457086563, -17.2502937317, -6.56230068207, 10.8187141418, -17.6113681793, 18.4785575867, 101.602531433, 25.5732898712, -4.95866250992, 6.6122174263, -2.52072501183, 10.4168424606], [-99.9413375854, 37.4363632202, 20.4581336975, 0.847242474556, -3.48750305176, 7.16065359116, -4.38205337524, 25.5732898712, 81.2985687256, 32.0391998291, -0.0680734142661, -4.70965337753, -11.2751169205], [-122.580360413, -5.90710163116, 25.472448349, 13.7787513733, -17.0756244659, 16.0761299133, -5.38084936142, -4.95866250992, 32.0391998291, 67.1153335571, 26.8196086884, -4.90183877945, -9.10882949829], [-37.1236305237, 24.243768692, 0.233717158437, -14.3792982101, 7.09188318253, -12.0115699768, -8.22357654572, 6.6122174263, -0.0680734142661, 26.8196086884, 68.6309509277, 24.964723587, 0.104001171887], [44.076839447, -40.0724029541, -10.6076555252, 3.54733896255, 2.65684986115, 24.8737049103, 23.8432064056, -2.52072501183, -4.70965337753, -4.90183877945, 24.964723587, 75.0643310547, 24.8893756866], [2.18300223351, 4.06836843491, 0.830111682415, -35.6945419312, 16.2562122345, -1.06330537796, 6.53261518478, 10.4168424606, -11.2751169205, -9.10882949829, 0.104001171887, 24.8893756866, 68.2487792969]],
        "icov": [[0.00100763712544, 0.00118495989591, 5.01898030052e-05, -0.000134647867526, -0.000789208046626, 0.000680479279254, -0.000967378669884, 0.000205107193324, -0.000290704425424, 0.00205189478584, -0.000829042226542, 0.00052172964206, 0.000122800425743], [0.00118495989591, 0.0156962778419, -0.00623490149155, 0.00407450878993, -0.0127597646788, 0.00532457605004, -0.00785149075091, 0.0100413011387, -0.0136032160372, 0.013402226381, -0.0137721067294, 0.0132982041687, -0.0017129003536], [5.01898030052e-05, -0.00623490149155, 0.0077821072191, -0.00288088130765, 0.00480953138322, -0.00296259205788, 0.0041061732918, -0.00334995798767, 0.00452892202884, -0.0053940792568, 0.00505070248619, -0.00422920985147, -0.000741858326364], [-0.000134647867526, 0.00407450878993, -0.00288088130765, 0.0053995824419, -0.00319594983011, 0.000677472329699, -0.000810236262623, 0.00154144270346, -0.00206187064759, 0.000993158086203, -0.000997582450509, 0.0011977677932, 0.00259118969552], [-0.000789208046626, -0.0127597646788, 0.00480953138322, -0.00319594983011, 0.0152223529294, -0.00452931644395, 0.00410802895203, -0.00764720374718, 0.00998712517321, -0.00784581527114, 0.00854393560439, -0.00882507394999, -5.8384201111e-05], [0.000680479279254, 0.00532457605004, -0.00296259205788, 0.000677472329699, -0.00452931644395, 0.00870836805552, -0.00607964210212, 0.00444663129747, -0.00439951242879, 0.00242035463452, -0.00217893882655, 0.00193295546342, 6.35461110505e-05], [-0.000967378669884, -0.00785149075091, 0.0041061732918, -0.000810236262623, 0.00410802895203, -0.00607964210212, 0.0128762219101, -0.00762690603733, 0.00873487535864, -0.00944899395108, 0.0101107768714, -0.00978120230138, 0.00261728162877], [0.000205107193324, 0.0100413011387, -0.00334995798767, 0.00154144270346, -0.00764720374718, 0.00444663129747, -0.00762690603733, 0.0205707643181, -0.0168388821185, 0.0142652820796, -0.0148978987709, 0.0134340412915, -0.00603160122409], [-0.000290704425424, -0.0136032160372, 0.00452892202884, -0.00206187064759, 0.00998712517321, -0.00439951242879, 0.00873487535864, -0.0168388821185, 0.0334321521223, -0.0246356483549, 0.0211387611926, -0.0176559071988, 0.00761525053531], [0.00205189478584, 0.013402226381, -0.0053940792568, 0.000993158086203, -0.00784581527114, 0.00242035463452, -0.00944899395108, 0.0142652820796, -0.0246356483549, 0.0436867289245, -0.0293988920748, 0.0210051201284, -0.00550066726282], [-0.000829042226542, -0.0137721067294, 0.00505070248619, -0.000997582450509, 0.00854393560439, -0.00217893882655, 0.0101107768714, -0.0148978987709, 0.0211387611926, -0.0293988920748, 0.0413243770599, -0.0266238301992, 0.00871626567096], [0.00052172964206, 0.0132982041687, -0.00422920985147, 0.0011977677932, -0.00882507394999, 0.00193295546342, -0.00978120230138, 0.0134340412915, -0.0176559071988, 0.0210051201284, -0.0266238301992, 0.0358771942556, -0.0122703257948], [0.000122800425743, -0.0017129003536, -0.000741858326364, 0.00259118969552, -5.8384201111e-05, 6.35461110505e-05, 0.00261728162877, -0.00603160122409, 0.00761525053531, -0.00550066726282, 0.00871626567096, -0.0122703257948, 0.0217851437628]]
    },
    "melbands": {
        "max": [0.000600997998845, 0.00282262451947, 0.00250159855932, 0.00913402158767, 0.0130924154073, 0.0238614547998, 0.0105454120785, 0.00365461688489, 0.00753681641072, 0.0117408744991, 0.0101332450286, 0.0108715109527, 0.0122375153005, 0.00270878756419, 0.000370665482478, 0.000398399221012, 0.000297698978102, 0.00117449590471, 0.000741156109143, 0.000335508026183, 0.000251750316238, 0.000177682901267, 0.000230746794841, 0.000162323005497, 3.55279771611e-05, 5.09628516738e-05, 0.000132606597617, 0.000119623065984, 5.87948779867e-05, 4.089975846e-05, 7.51330298954e-05, 4.81939532619e-05, 5.28374475834e-05, 4.96186621604e-05, 6.80983212078e-05, 2.31685517065e-05, 1.74868364411e-05, 7.09671166987e-06, 2.33785453929e-06, 1.03610766189e-07],
        "mean": [5.41036206414e-05, 0.000388843443943, 0.000343989289831, 0.00068509549601, 0.00116018508561, 0.00139086821582, 0.000581606931519, 0.000251816440141, 0.000330604816554, 0.000305632827803, 0.000268357107416, 0.000504357914906, 0.000310636765789, 4.69638907816e-05, 2.97864135064e-05, 2.31572812481e-05, 1.65206256497e-05, 2.27569616982e-05, 2.24060459004e-05, 9.47482021729e-06, 5.33060438102e-06, 4.18716354034e-06, 3.64233005712e-06, 2.84260568151e-06, 1.51283188643e-06, 9.46370448673e-07, 1.13263172352e-06, 1.33445234951e-06, 1.0406988622e-06, 7.32533692371e-07, 8.21416563213e-07, 7.99025031029e-07, 7.10478275323e-07, 7.00744578808e-07, 5.00651253788e-07, 3.44001193753e-07, 2.45219297312e-07, 1.72001065835e-07, 7.12128525038e-08, 1.68335889672e-09],
        "min": [1.15775456777e-07, 1.96807286557e-06, 1.59745604833e-06, 3.69545045942e-06, 9.20720594877e-06, 1.10815681182e-05, 5.56179338673e-06, 2.15610839405e-06, 1.76587900569e-06, 1.73530759184e-06, 7.22297841094e-07, 1.58675561579e-07, 3.64630238892e-07, 1.6459775054e-07, 2.00217627366e-07, 1.38039254693e-07, 6.03752923212e-08, 8.09489293374e-08, 7.60238876296e-08, 4.40990994832e-08, 5.68608413687e-08, 2.79636100942e-08, 2.24786731451e-08, 1.6738562536e-08, 8.37713720614e-09, 1.13654294864e-08, 8.69269811687e-09, 1.27228307889e-08, 1.05710116216e-08, 6.19275830616e-09, 6.08248029721e-09, 6.39659569757e-09, 5.29691801532e-09, 3.67069530327e-09, 3.86666432206e-09, 3.79863962507e-09, 4.44093917196e-09, 3.17935722194e-09, 1.5604393333e-09, 1.56441699872e-12],
        "stdev": [9.22298495425e-05, 0.000453153596027, 0.000384859449696, 0.000946764834225, 0.00150219316129, 0.00201154267415, 0.000854077399708, 0.000361528043868, 0.000720027135685, 0.000964140926953, 0.000821425754111, 0.00137908919714, 0.0011922417907, 8.90792289283e-05, 3.7442001485e-05, 3.43159554177e-05, 2.4802502594e-05, 5.19529203302e-05, 4.17615920014e-05, 1.5733685359e-05, 1.22570500025e-05, 1.05384197013e-05, 1.16311302918e-05, 8.38927098812e-06, 3.04274135488e-06, 2.63788706434e-06, 5.51927314518e-06, 5.76901356908e-06, 3.34804326485e-06, 2.7960143143e-06, 3.78910476684e-06, 3.72656722902e-06, 3.76235129806e-06, 3.79254902327e-06, 2.87882539851e-06, 1.67083112501e-06, 1.09854454422e-06, 6.20837795395e-07, 2.12600241412e-07, 5.66425573112e-09]
    },
    "melbands128": {
        "max": [1.4365381503e-05, 3.47511704604e-05, 0.000317386089591, 0.0029167747125, 0.0044459849596, 0.00387571309693, 0.00390478107147, 0.00410462822765, 0.00891364272684, 0.0161540694535, 0.0119677204639, 0.0181550309062, 0.0209190901369, 0.0368236638606, 0.0316184721887, 0.0362373180687, 0.00584457209334, 0.018257137388, 0.0155867114663, 0.00630117813125, 0.0070964358747, 0.0129684954882, 0.0123708704486, 0.0135339852422, 0.0262694172561, 0.0154573302716, 0.013438812457, 0.0206408165395, 0.00938458740711, 0.0213081818074, 0.0204823296517, 0.0233222860843, 0.0234379600734, 0.00165765336715, 0.00364671484567, 0.00401162588969, 0.000983810401522, 0.000300469895592, 0.00106672325637, 0.000964668230154, 0.000454954220913, 0.000985361635685, 0.000356665143045, 0.000232890568441, 0.000374148221454, 0.00256567890756, 0.0020937663503, 0.00167966762092, 0.000790083606262, 0.000585948349908, 0.000455344212241, 0.000156227717525, 0.000509286532179, 0.000186626581126, 0.000297463033348, 0.000319676095387, 0.000151236308739, 0.00053508579731, 0.00031975726597, 0.000195332089788, 0.000321344996337, 0.000221380556468, 8.83046450326e-05, 3.24474640365e-05, 5.53192803636e-05, 4.89457088406e-05, 9.8415373941e-05, 9.79516989901e-05, 0.000199095738935, 0.000111008630483, 0.000130665270262, 0.000137859024107, 5.81270396651e-05, 6.49532812531e-05, 7.15198475518e-05, 5.63827306905e-05, 5.26321891812e-05, 5.35158760613e-05, 0.000117285315355, 6.98766307323e-05, 6.47865308565e-05, 5.46124429093e-05, 4.16502080043e-05, 5.96276695433e-05, 8.65364345373e-05, 6.65298648528e-05, 7.27823571651e-05, 5.51061348233e-05, 9.89124018815e-05, 5.62247114431e-05, 3.19293358189e-05, 2.30967252719e-05, 3.14983444696e-05, 1.60872041306e-05, 2.7552317988e-05, 9.93264166027e-06, 1.02979238363e-05, 6.3251454776e-06, 3.49400170307e-06, 1.30248702135e-06, 2.80383201101e-08, 3.22274784637e-09, 3.0450328925e-09, 2.88673196458e-09, 2.74788480858e-09, 2.6258788477e-09, 2.51607956692e-09, 2.41130782008e-09, 2.3097028734e-09, 2.22054108434e-09, 2.1289152663e-09, 2.04154826378e-09, 1.96775973293e-09, 1.90024085356e-09, 1.83642390184e-09, 1.78243586557e-09, 1.72073821858e-09, 1.6749543974e-09, 1.63224700422e-09, 1.57736868012e-09, 1.54414458997e-09, 1.51721335495e-09, 1.48324219573e-09, 1.46193146477e-09, 1.43982303857e-09, 1.42325684571e-09, 1.41097356021e-09, 1.40328915155e-09],
        "mean": [7.78836579229e-07, 2.54623228102e-06, 2.63627753156e-05, 0.000240979759838, 0.000516120519023, 0.00040033145342, 0.000336335855536, 0.000239499044255, 0.000448840786703, 0.000785014883149, 0.000740101502743, 0.000893449992873, 0.00133313937113, 0.00141540169716, 0.00152327481192, 0.00155139213894, 0.000523503404111, 0.000569445081055, 0.000375315867132, 0.000226429576287, 0.000150734747876, 0.000387100735679, 0.000349193112925, 0.000265977432719, 0.000384838524042, 0.000242640890065, 0.000331389135681, 0.000234727282077, 0.000169494684087, 0.000658547331113, 0.000426530255936, 0.000597470148932, 0.00041290250374, 2.27292821364e-05, 5.41206864e-05, 5.29314493178e-05, 4.47295751655e-05, 1.11763356472e-05, 4.27057093475e-05, 2.85729565803e-05, 9.93887351797e-06, 3.10372597596e-05, 1.39582689371e-05, 1.23947820612e-05, 1.26087297758e-05, 2.65725775535e-05, 3.3655349398e-05, 2.14757710637e-05, 1.85684493772e-05, 1.78345926543e-05, 6.0620086515e-06, 3.53396853825e-06, 7.25126437828e-06, 4.5847950787e-06, 4.81056395074e-06, 3.88239095628e-06, 3.72249769498e-06, 5.21355877936e-06, 3.07731670546e-06, 1.62620187893e-06, 3.74429578187e-06, 2.81825941784e-06, 1.75563286575e-06, 1.08104188712e-06, 1.2034493011e-06, 8.23595485144e-07, 9.18427929264e-07, 9.9223120742e-07, 1.15006628221e-06, 1.35536572543e-06, 1.45991009504e-06, 1.2536744407e-06, 1.13050202799e-06, 1.15779187126e-06, 7.03064529262e-07, 7.16162162462e-07, 7.29301291358e-07, 7.71624115714e-07, 8.31313116123e-07, 9.01174644241e-07, 8.31712554827e-07, 7.70701035435e-07, 6.43651617338e-07, 6.98192081927e-07, 7.79215270086e-07, 7.4362066016e-07, 6.98300254953e-07, 5.72400381316e-07, 5.00443263718e-07, 4.29933464829e-07, 4.05945399962e-07, 3.04489418568e-07, 2.74658304988e-07, 2.2810634448e-07, 2.55728906495e-07, 1.95038438733e-07, 1.58093556024e-07, 1.29882593569e-07, 9.48270368895e-08, 2.48261695646e-08, 1.84231616074e-10, 1.1540065778e-11, 1.06364873506e-11, 1.00772211756e-11, 9.57676559582e-12, 9.1567751645e-12, 8.77389827458e-12, 9.23038642048e-12, 9.74537898296e-12, 7.83263905124e-12, 7.50881735262e-12, 7.24808104161e-12, 6.98701166368e-12, 6.73689229402e-12, 6.52566715942e-12, 6.34690173681e-12, 6.14244159008e-12, 5.99030026971e-12, 5.85796688934e-12, 5.69986375806e-12, 5.55646414296e-12, 5.45154242929e-12, 5.3661298495e-12, 5.26238210993e-12, 5.06857359903e-12, 4.79200923734e-12, 4.63284358793e-12, 4.59108966122e-12],
        "min": [1.01126482188e-10, 2.86486789847e-09, 3.25343449958e-08, 9.30461681037e-08, 1.99750445518e-07, 9.21346668292e-07, 9.2533547047e-08, 3.02090029436e-07, 5.88919192523e-07, 7.63948946769e-07, 2.73771490811e-07, 4.57487146832e-07, 1.32382797347e-06, 5.70469774175e-06, 1.94807853404e-06, 8.19650040285e-07, 1.87886769254e-06, 7.80398295319e-07, 5.20657351899e-07, 2.26317951046e-07, 3.19742895272e-07, 1.66077583685e-07, 1.72881641447e-07, 3.28505905145e-07, 3.13470792435e-07, 3.62321060265e-07, 5.95027415784e-07, 2.83935719381e-07, 1.28206039562e-07, 1.05405042916e-07, 1.2769822888e-07, 5.30037311819e-08, 1.41396272468e-08, 1.3190488346e-07, 1.02652968792e-07, 1.84385378077e-08, 2.2838076319e-08, 3.50789619574e-08, 6.12222947893e-08, 7.0290056442e-08, 5.17262392918e-08, 1.09505322143e-07, 1.94993994285e-08, 1.36608893087e-08, 4.70334065028e-08, 2.93564639264e-08, 3.73686823707e-08, 4.11999572236e-08, 2.7740060915e-08, 4.04085334083e-08, 1.23268035779e-08, 2.84642602821e-08, 4.65797036497e-08, 2.75670704042e-08, 2.03993497649e-08, 6.58110366203e-09, 7.80067210826e-09, 2.23457270465e-08, 4.9468011909e-09, 4.79758188732e-09, 1.62777133994e-08, 1.3002840582e-08, 1.21229681849e-09, 7.18973636182e-09, 7.31212868033e-09, 6.24415585904e-09, 5.87916115791e-09, 3.6426457406e-09, 2.57085264188e-09, 4.88761697781e-09, 1.08384776709e-08, 2.55694088125e-09, 6.03031180546e-09, 6.76993128224e-09, 2.15430895345e-09, 4.83504436488e-09, 5.99507599119e-09, 9.52574130686e-10, 4.32305435893e-09, 2.05088124261e-09, 3.56772122956e-09, 2.15262097036e-09, 3.35993144418e-09, 2.78339196136e-09, 2.19955409442e-09, 3.59369423109e-09, 4.03529848425e-10, 1.43265191377e-10, 1.54840218425e-09, 2.74400613343e-09, 1.45129119833e-09, 1.99515493016e-09, 8.97016350088e-10, 9.86294823591e-10, 2.23057372573e-09, 3.61175922503e-10, 1.48964740543e-09, 2.89889823257e-09, 2.01170566316e-10, 8.37640200257e-12, 1.13560679957e-12, 2.46709093042e-13, 2.33039417841e-13, 2.98769093233e-13, 2.31112546635e-13, 1.83038697046e-13, 1.87380845432e-13, 2.2062623809e-13, 2.22505878739e-13, 2.04800166084e-13, 2.02174973811e-13, 2.56133466216e-13, 2.53732907081e-13, 2.21726174747e-13, 2.33237040792e-13, 2.01532882179e-13, 2.58261863501e-13, 2.3023667391e-13, 2.5297648633e-13, 2.19606342659e-13, 2.16385083137e-13, 1.89727980505e-13, 2.34037940937e-13, 1.97866882926e-13, 1.48561732035e-13, 7.06317938707e-14, 8.62938955454e-15, 2.94385162618e-16],
        "stdev": [9.57859015216e-07, 3.97286339648e-06, 4.97861037729e-05, 0.000435950641986, 0.000723121513147, 0.000405947503168, 0.000562368251849, 0.000394401984522, 0.000846976821776, 0.00146606948692, 0.00116864417214, 0.00147077906877, 0.00224474840797, 0.00270986952819, 0.0026879501529, 0.00293391291052, 0.000700655800756, 0.00131971039809, 0.000865982263349, 0.000462197960587, 0.00034496805165, 0.000996740767732, 0.00101740017999, 0.00105530186556, 0.00171048077755, 0.00110140489414, 0.00119341630489, 0.00136345322244, 0.000731757027097, 0.00235050800256, 0.00151023257058, 0.00252272281796, 0.00182726944331, 8.70033472893e-05, 0.000134740199428, 0.000117720621347, 0.000102833764686, 2.81288666883e-05, 7.85701995483e-05, 6.29947899142e-05, 3.24093234667e-05, 7.40768155083e-05, 2.6534897188e-05, 2.48813321377e-05, 2.81049378827e-05, 9.28320732783e-05, 0.00010229054169, 6.78698925185e-05, 4.93258085044e-05, 3.59824298357e-05, 1.89850525203e-05, 8.81282721821e-06, 2.51714900514e-05, 1.11803765321e-05, 1.59649807756e-05, 1.72336349351e-05, 1.13682508527e-05, 2.0825296815e-05, 1.46631682583e-05, 6.3420625338e-06, 1.4587003534e-05, 9.65920298768e-06, 5.75012563786e-06, 2.373309826e-06, 2.67840300694e-06, 2.5521619591e-06, 3.64712877854e-06, 4.64509184894e-06, 7.07781055098e-06, 6.28066345598e-06, 6.67133190291e-06, 6.12393432675e-06, 3.59174009645e-06, 3.91287039747e-06, 3.25331689055e-06, 2.98170516544e-06, 2.91310539069e-06, 3.64755169358e-06, 4.44725947091e-06, 4.30977161159e-06, 4.19030948251e-06, 3.85801649827e-06, 3.32702870764e-06, 3.92144102079e-06, 4.59020066046e-06, 4.32532397099e-06, 4.09015183322e-06, 3.2751697745e-06, 3.28505893776e-06, 2.54262863564e-06, 2.10908478948e-06, 1.48602123318e-06, 1.28900398977e-06, 1.10126177333e-06, 1.26526254007e-06, 7.86601049185e-07, 5.79445782023e-07, 4.36124537373e-07, 2.78987926094e-07, 7.85527447533e-08, 9.36860811152e-10, 1.02589839401e-10, 9.69036656473e-11, 9.17576500892e-11, 8.7348454858e-11, 8.34532651317e-11, 7.98854524198e-11, 7.66561328303e-11, 7.37203076362e-11, 7.04402994267e-11, 6.75086306301e-11, 6.47620429506e-11, 6.2388774702e-11, 6.02249639048e-11, 5.82180831321e-11, 5.64501223543e-11, 5.44945963354e-11, 5.30499533191e-11, 5.16825124364e-11, 4.99855538905e-11, 4.88848128644e-11, 4.80130553371e-11, 4.69718222651e-11, 4.62722291039e-11, 4.55478571526e-11, 4.50528052365e-11, 4.46654137287e-11, 4.44200787264e-11]
    },
    "mfcc": {
        "mean": [-699.189025879, 176.299667358, -9.09105491638, 6.76361227036, -16.7422790527, 2.0629863739, -23.1290855408, -5.83975982666, -15.7308273315, 2.48862123489, -19.3072357178, 0.763067305088, -13.4747772217],
        "cov": [[1710.8984375, -411.449768066, -186.728820801, 140.756240845, -111.802993774, -55.374874115, 30.3811016083, 136.269058228, -9.67810344696, -59.3363380432, -82.398147583, -2.21112370491, -56.7829818726], [-411.449768066, 738.357727051, -145.359313965, -63.5203437805, 129.520095825, -6.19731092453, 90.6285858154, -5.13056945801, 32.4436454773, 59.2393951416, 0.615338146687, -13.2375383377, 26.3824386597], [-186.728820801, -145.359313965, 307.30657959, 20.0999946594, 0.859647512436, 51.0625610352, -51.6684913635, -28.0952949524, -14.7492370605, 10.7174730301, 36.9318962097, 0.412917226553, 4.40943288803], [140.756240845, -63.5203437805, 20.0999946594, 200.960021973, 34.9365882874, -4.9975104332, -1.95544731617, 11.4971313477, -5.55431127548, -7.86200237274, 8.0127954483, 19.3160552979, -14.1717453003], [-111.802993774, 129.520095825, 0.859647512436, 34.9365882874, 161.597015381, -2.18851232529, 10.7972688675, -3.76593661308, 15.7944698334, -5.20080327988, 4.1611456871, 12.1429653168, 7.60487222672], [-55.374874115, -6.19731092453, 51.0625610352, -4.9975104332, -2.18851232529, 237.108963013, 61.8945159912, 53.0443611145, 19.4323863983, 28.9035053253, 7.31001186371, -7.511469841, 30.8217468262], [30.3811016083, 90.6285858154, -51.6684913635, -1.95544731617, 10.7972688675, 61.8945159912, 145.969207764, 49.7183189392, 26.4736442566, 11.2271251678, -1.2381606102, -17.0839385986, 16.2569828033], [136.269058228, -5.13056945801, -28.0952949524, 11.4971313477, -3.76593661308, 53.0443611145, 49.7183189392, 115.714393616, 39.2423095703, 10.8200044632, -0.965481758118, -6.08602428436, 6.73569250107], [-9.67810344696, 32.4436454773, -14.7492370605, -5.55431127548, 15.7944698334, 19.4323863983, 26.4736442566, 39.2423095703, 91.6538696289, 26.5253353119, -2.47798705101, -18.5694961548, 1.96958863735], [-59.3363380432, 59.2393951416, 10.7174730301, -7.86200237274, -5.20080327988, 28.9035053253, 11.2271251678, 10.8200044632, 26.5253353119, 103.104949951, 24.0115642548, -6.84532690048, -2.59234905243], [-82.398147583, 0.615338146687, 36.9318962097, 8.0127954483, 4.1611456871, 7.31001186371, -1.2381606102, -0.965481758118, -2.47798705101, 24.0115642548, 86.6503143311, 23.0113620758, 8.50870513916], [-2.21112370491, -13.2375383377, 0.412917226553, 19.3160552979, 12.1429653168, -7.511469841, -17.0839385986, -6.08602428436, -18.5694961548, -6.84532690048, 23.0113620758, 96.0958251953, 20.1913757324], [-56.7829818726, 26.3824386597, 4.40943288803, -14.1717453003, 7.60487222672, 30.8217468262, 16.2569828033, 6.73569250107, 1.96958863735, -2.59234905243, 8.50870513916, 20.1913757324, 77.0028305054]],
        "icov": [[0.0010146482382, 0.000603481254075, 0.00067703681998, -0.000550041208044, 0.000253137695836, 0.000322608248098, -0.000228460354265, -0.00114748009946, 0.000435776339145, -7.48405509512e-05, 0.000684603757691, -5.86426576774e-05, 0.000321993895341], [0.000603481254075, 0.00256266375072, 0.00131777080242, 0.000453291489976, -0.00176919111982, 0.000421207601903, -0.00117018469609, -5.5239728681e-05, 0.000483424577396, -0.0015025457833, 0.000372683076421, 0.000284883019049, -0.000345846696291], [0.00067703681998, 0.00131777080242, 0.00499185314402, -0.000543817761354, -0.000685602542944, -0.00120421883184, 0.00129244406708, 0.000431840278907, 0.000521116366144, -0.000573658326175, -0.00134454865474, 0.000966087856796, -0.000236480220337], [-0.000550041208044, 0.000453291489976, -0.000543817761354, 0.00614505494013, -0.00205541192554, 8.35780447233e-05, -0.000396120682126, -0.000268545438303, 0.000413179252064, -0.0001195344812, -0.000574511126615, -0.00104780204128, 0.00120147655252], [0.000253137695836, -0.00176919111982, -0.000685602542944, -0.00205541192554, 0.00857121124864, -9.46203181229e-06, 0.000122646990349, 0.000340607337421, -0.00201054895297, 0.00189299369231, 4.94924279337e-05, -0.00111904134974, -4.148512744e-05], [0.000322608248098, 0.000421207601903, -0.00120421883184, 8.35780447233e-05, -9.46203181229e-06, 0.00603476632386, -0.00227048248053, -0.00241051334888, 0.000631887873169, -0.00149984052405, 0.000803906121291, 0.000159581119078, -0.00174379174132], [-0.000228460354265, -0.00117018469609, 0.00129244406708, -0.000396120682126, 0.000122646990349, -0.00227048248053, 0.010297213681, -0.00246875802986, -0.000703813857399, 0.000650836213026, -0.000969890796114, 0.00180511933286, -0.00130203284789], [-0.00114748009946, -5.5239728681e-05, 0.000431840278907, -0.000268545438303, 0.000340607337421, -0.00241051334888, -0.00246875802986, 0.0139740724117, -0.00505979871377, 0.00030861797859, -0.00103337771725, -0.000410466542235, -0.000309704104438], [0.000435776339145, 0.000483424577396, 0.000521116366144, 0.000413179252064, -0.00201054895297, 0.000631887873169, -0.000703813857399, -0.00505979871377, 0.0150590566918, -0.00368350441568, 0.00100061541889, 0.00236235978082, -0.00050045811804], [-7.48405509512e-05, -0.0015025457833, -0.000573658326175, -0.0001195344812, 0.00189299369231, -0.00149984052405, 0.000650836213026, 0.00030861797859, -0.00368350441568, 0.0128466431051, -0.00366808450781, 0.000350608839653, 0.00155953143258], [0.000684603757691, 0.000372683076421, -0.00134454865474, -0.000574511126615, 4.94924279337e-05, 0.000803906121291, -0.000969890796114, -0.00103337771725, 0.00100061541889, -0.00366808450781, 0.0147416451946, -0.00347542646341, -0.000549800053705], [-5.86426576774e-05, 0.000284883019049, 0.000966087856796, -0.00104780204128, -0.00111904134974, 0.000159581119078, 0.00180511933286, -0.000410466542235, 0.00236235978082, 0.000350608839653, -0.00347542646341, 0.0132152503356, -0.00381740508601], [0.000321993895341, -0.000345846696291, -0.000236480220337, 0.00120147655252, -4.148512744e-05, -0.00174379174132, -0.00130203284789, -0.000309704104438, -0.00050045811804, 0.00155953143258, -0.000549800053705, -0.00381740508601, 0.0157082341611]]
    },
    "spectral_contrast_coeffs": {
        "max": [-0.334478616714, -0.409757822752, -0.444425404072, -0.637028813362, -0.66871201992, -0.549321055412],
        "mean": [-0.626869142056, -0.704709172249, -0.69815659523, -0.758965075016, -0.805653572083, -0.73374825716],
        "min": [-0.981028020382, -0.916729807854, -0.885823607445, -0.918174147606, -0.880699276924, -0.932152986526],
        "stdev": [0.0739017352462, 0.0758661851287, 0.0851544737816, 0.0393084920943, 0.0325498580933, 0.0371243879199]
    },
    "spectral_contrast_valleys": {
        "max": [-5.69971609116, -4.94953680038, -6.17883014679, -6.95645809174, -6.47963857651, -9.23907661438],
        "mean": [-7.14613485336, -6.44452857971, -7.65536499023, -8.16200065613, -8.59289073944, -11.9150476456],
        "min": [-9.29961299896, -8.02646541595, -9.40750217438, -9.79097557068, -10.0598297119, -13.1793117523],
        "stdev": [0.551832020283, 0.465428799391, 0.460728138685, 0.443796426058, 0.566577136517, 0.591835916042]
    }
},
"rhythm": {
    "beats_count": 96,
    "beats_loudness": {
        "max": 0.0758770778775,
        "mean": 0.0288195386529,
        "min": 0.00161600369029,
        "stdev": 0.0183068271726
    },
    "bpm": 117.951675415,
    "bpm_histogram_first_peak_bpm": 117,
    "bpm_histogram_first_peak_weight": 0.472972989082,
    "bpm_histogram_second_peak_bpm": 112,
    "bpm_histogram_second_peak_spread": 0.111111104488,
    "bpm_histogram_second_peak_weight": 0.0842105299234,
    "danceability": 1.04062616825,
    "onset_rate": 2.8505859375,
    "beats_loudness_band_ratio": {
        "max": [0.412167876959, 0.905935108662, 0.868919372559, 0.81526196003, 0.262900978327, 0.503025531769],
        "mean": [0.0987476035953, 0.446133822203, 0.296018153429, 0.171902760863, 0.0288956686854, 0.0145697845146],
        "min": [0.0054635819979, 0.0328562036157, 0.0220240075141, 0.00381895783357, 0.00473644444719, 0.000402397941798],
        "stdev": [0.0792144760489, 0.245318368077, 0.200615763664, 0.235986411572, 0.0300171915442, 0.0677136257291]
    },
