{
"metadata": {
    "version": {
        "essentia": "2.1-beta5",
        "essentia_git_sha": "Undefined",
        "extractor": "music 2.0"
    },
    "audio_properties": {
        "analysis": {
            "equal_loudness": 0,
            "length": 48.7502937317,
            "sample_rate": 44100,
            "start_time": 93.9943771362,
            "downmix": "mix"
        },
        "bit_rate": 192000,
        "length": 207.667663574,
        "lossless": 0,
        "number_channels": 2,
        "replay_gain": -0.736530303955,
        "sample_rate": 48000,
        "codec": "mp3",
        "md5_encoded": "9cd7502c44b28a36f52034d052045880"
    },
    "tags": {
        "file_name": "Cyprus_Ime Anthropos Ke Ego_Evridiki.mp3",
        "encoding": ["Lavf58.29.100"]
    }
},
"lowlevel": {
    "average_loudness": 0.938462734222,
    "barkbands_crest": {
        "max": 25.8208312988,
        "mean": 9.83149337769,
        "min": 2.75570487976,
        "stdev": 4.13109493256
    },
    "barkbands_flatness_db": {
        "max": 0.310109168291,
        "mean": 0.147196337581,
        "min": 0.0455864258111,
        "stdev": 0.0430730096996
    },
    "barkbands_kurtosis": {
        "max": 69.0648727417,
        "mean": 2.24190187454,
        "min": -1.9255450964,
        "stdev": 4.73221349716
    },
    "barkbands_skewness": {
        "max": 7.56682300568,
        "mean": 0.923229575157,
        "min": -2.51467251778,
        "stdev": 1.02553963661
    },
    "barkbands_spread": {
        "max": 89.9466934204,
        "mean": 20.7711982727,
        "min": 1.47531247139,
        "stdev": 12.7286729813
    },
    "dissonance": {
        "max": 0.499817490578,
        "mean": 0.446425378323,
        "min": 0.229702055454,
        "stdev": 0.0401680767536
    },
    "dynamic_complexity": 2.20021128654,
    "erbbands_crest": {
        "max": 30.0880966187,
        "mean": 10.7362957001,
        "min": 2.75098800659,
        "stdev": 5.14724636078
    },
    "erbbands_flatness_db": {
        "max": 0.340081512928,
        "mean": 0.193179875612,
        "min": 0.0876117050648,
        "stdev": 0.0501145273447
    },
    "erbbands_kurtosis": {
        "max": 35.6498603821,
        "mean": 1.13071501255,
        "min": -1.65067946911,
        "stdev": 2.6286418438
    },
    "erbbands_skewness": {
        "max": 3.39263892174,
        "mean": 0.358756035566,
        "min": -5.23542976379,
        "stdev": 0.831307709217
    },
    "erbbands_spread": {
        "max": 108.442588806,
        "mean": 30.3804607391,
        "min": 4.12507581711,
        "stdev": 16.7887649536
    },
    "hfc": {
        "max": 222.918182373,
        "mean": 26.7065982819,
        "min": 1.42603456974,
        "stdev": 22.17445755
    },
    "loudness_ebu128": {
        "integrated": -22.0842838287,
        "loudness_range": 1.96620559692,
        "momentary": {
            "max": -19.3381671906,
            "mean": -22.3291225433,
            "min": -29.0591068268,
            "stdev": 1.53082561493
        },
        "short_term": {
            "max": -20.601146698,
            "mean": -22.0941066742,
            "min": -24.3349246979,
            "stdev": 0.753674507141
        }
    },
    "melbands_crest": {
        "max": 30.7976913452,
        "mean": 12.8364458084,
        "min": 3.47254419327,
        "stdev": 5.13535356522
    },
    "melbands_flatness_db": {
        "max": 0.38117390871,
        "mean": 0.182095989585,
        "min": 0.0355828367174,
        "stdev": 0.0553011409938
    },
    "melbands_kurtosis": {
        "max": 139.796386719,
        "mean": 6.64904165268,
        "min": -1.88803231716,
        "stdev": 11.2331504822
    },
    "melbands_skewness": {
        "max": 9.87449550629,
        "mean": 1.66567778587,
        "min": -1.22096347809,
        "stdev": 1.39605951309
    },
    "melbands_spread": {
        "max": 235.344772339,
        "mean": 28.1061401367,
        "min": 1.55922329426,
        "stdev": 23.9679794312
    },
    "pitch_salience": {
        "max": 0.859745383263,
        "mean": 0.542781412601,
        "min": 0.140234082937,
        "stdev": 0.106816165149
    },
    "silence_rate_20dB": {
        "max": 1,
        "mean": 1,
        "min": 1,
        "stdev": 0
    },
    "silence_rate_30dB": {
        "max": 1,
        "mean": 0.999048054218,
        "min": 0,
        "stdev": 0.0308392737061
    },
    "silence_rate_60dB": {
        "max": 1,
        "mean": 0.00951927620918,
        "min": 0,
        "stdev": 0.0971028730273
    },
    "spectral_centroid": {
        "max": 5141.88525391,
        "mean": 1422.7956543,
        "min": 291.265686035,
        "stdev": 643.583496094
    },
    "spectral_complexity": {
        "max": 58,
        "mean": 18.1827697754,
        "min": 1,
        "stdev": 7.24526882172
    },
    "spectral_decrease": {
        "max": -2.53017023999e-10,
        "mean": -6.87332635252e-09,
        "min": -3.19971000806e-08,
        "stdev": 4.40650804734e-09
    },
    "spectral_energy": {
        "max": 0.12446950376,
        "mean": 0.0283638685942,
        "min": 0.00110281771049,
        "stdev": 0.0177767910063
    },
    "spectral_energyband_high": {
        "max": 0.0311757214367,
        "mean": 0.00110264029354,
        "min": 7.55435439714e-06,
        "stdev": 0.00257521797903
    },
    "spectral_energyband_low": {
        "max": 0.100645110011,
        "mean": 0.00630285404623,
        "min": 2.97235442304e-06,
        "stdev": 0.01020138897
    },
    "spectral_energyband_middle_high": {
        "max": 0.0642156377435,
        "mean": 0.0101730404422,
        "min": 0.000159736300702,
        "stdev": 0.0102243572474
    },
    "spectral_energyband_middle_low": {
        "max": 0.0934299081564,
        "mean": 0.0122645050287,
        "min": 5.88884577155e-05,
        "stdev": 0.0105704385787
    },
    "spectral_entropy": {
        "max": 8.59690666199,
        "mean": 7.43462944031,
        "min": 6.20487260818,
        "stdev": 0.418226420879
    },
    "spectral_flux": {
        "max": 0.298092067242,
        "mean": 0.0918212458491,
        "min": 0.0201571863145,
        "stdev": 0.0458101220429
    },
    "spectral_kurtosis": {
        "max": 23.789100647,
        "mean": 4.03443145752,
        "min": -0.985057115555,
        "stdev": 2.66082310677
    },
    "spectral_rms": {
        "max": 0.0110196936876,
        "mean": 0.00499285617843,
        "min": 0.00103726552334,
        "stdev": 0.00165634031873
    },
    "spectral_rolloff": {
        "max": 8850.14648438,
        "mean": 1688.77563477,
        "min": 129.19921875,
        "stdev": 1327.0892334
    },
    "spectral_skewness": {
        "max": 3.81688046455,
        "mean": 1.44638609886,
        "min": -0.567850112915,
        "stdev": 0.467306643724
    },
    "spectral_spread": {
        "max": 14163976,
        "mean": 4012851.75,
        "min": 2336086.5,
        "stdev": 1059740.125
    },
    "spectral_strongpeak": {
        "max": 11.4370765686,
        "mean": 1.8425617218,
        "min": 0.0260854009539,
        "stdev": 1.89076709747
    },
    "zerocrossingrate": {
        "max": 0.27392578125,
        "mean": 0.0638077408075,
        "min": 0.01025390625,
        "stdev": 0.0351745933294
    },
    "barkbands": {
        "max": [0.00169544341043, 0.0630774274468, 0.0725074857473, 0.035896256566, 0.0436053611338, 0.0368244349957, 0.0300820320845, 0.0691763460636, 0.0765914320946, 0.0587869472802, 0.0506912022829, 0.0347765423357, 0.0544823855162, 0.0330791659653, 0.0176023151726, 0.0111234355718, 0.0103513263166, 0.00829721149057, 0.00456776749343, 0.0057499203831, 0.00709569966421, 0.0116632422432, 0.0144061483443, 0.00473928265274, 0.00100431893952, 0.00127296498977, 2.46835452344e-06],
        "mean": [0.000105930063, 0.00264486321248, 0.00280348211527, 0.00124490982853, 0.00305475480855, 0.00130050396547, 0.00163894181605, 0.00144251820166, 0.00240521342494, 0.00353705999441, 0.00101792183705, 0.00150619633496, 0.000957656942774, 0.00157411757391, 0.00041754936683, 0.000392938178265, 0.000432574510342, 0.000324340886436, 0.000317672645906, 0.000262433779426, 0.000242912981776, 0.000286535854684, 0.000291715143248, 0.000116127979709, 3.35407530656e-05, 1.1475568499e-05, 5.69555602681e-09],
        "min": [1.32211951609e-07, 5.9204256786e-07, 3.23036715599e-07, 1.31654331881e-07, 4.48116861662e-06, 8.59068040882e-06, 2.42738974521e-06, 3.65259302271e-06, 1.32890909299e-06, 4.34684170614e-06, 4.83965004605e-06, 2.74973422165e-06, 3.310017064e-06, 5.57871726414e-06, 3.37859864885e-06, 3.00271517517e-06, 1.32663353725e-06, 2.71078806691e-06, 3.56320924766e-06, 3.59125806426e-06, 8.25617973987e-07, 7.81465985256e-07, 9.17945953915e-07, 6.8826665256e-07, 2.09166046261e-07, 2.4754712058e-08, 1.35056577033e-10],
        "stdev": [0.000139772644616, 0.00518020242453, 0.00522513361648, 0.00255954777822, 0.00462608039379, 0.00200814893469, 0.00266068987548, 0.00393817806616, 0.00561768142506, 0.00621000910178, 0.00312482076697, 0.00360042229295, 0.003035483649, 0.00282845902257, 0.00107338069938, 0.000883101427462, 0.000869147363119, 0.000606978370342, 0.000478338130051, 0.000416784052504, 0.000573982368223, 0.000828562420793, 0.000870196323376, 0.000308918009978, 8.52218145155e-05, 6.52424932923e-05, 6.62674821683e-08]
    },
    "erbbands": {
        "max": [1.22399866581, 16.5037002563, 82.0168609619, 91.7115936279, 86.5570831299, 211.762435913, 216.936248779, 407.813476562, 447.675018311, 446.701019287, 1956.4140625, 1497.06835938, 2235.13574219, 1279.57666016, 1602.69995117, 1690.64538574, 2196.56542969, 1658.62219238, 936.303039551, 603.947631836, 700.591308594, 634.862182617, 400.361877441, 272.797088623, 271.507965088, 244.972335815, 232.167190552, 382.241363525, 391.289611816, 476.619171143, 383.06552124, 148.775527954, 40.9948120117, 12.5056991577, 5.81546068192, 7.8157749176, 1.78543329239, 0.049372959882, 0.00140949699562, 0.000285194022581],
        "mean": [0.0433562770486, 0.732656776905, 3.19730758667, 3.87107634544, 4.80501651764, 11.9246082306, 14.391371727, 9.64517211914, 18.128572464, 28.3208122253, 46.2056617737, 51.4288635254, 102.779685974, 64.9653244019, 32.1035614014, 67.3314285278, 50.5915565491, 54.0864753723, 54.9571151733, 26.1755580902, 21.1635093689, 25.1201992035, 18.333442688, 18.4601402283, 13.8799171448, 11.7092628479, 8.92510700226, 10.6964521408, 10.3296413422, 10.7082529068, 7.15219449997, 3.52545452118, 1.35603761673, 0.480124503374, 0.194893300533, 0.078844293952, 0.0153887011111, 0.000520320201758, 3.48589128407e-05, 3.68559849449e-05],
        "min": [2.62528665189e-05, 0.000117063318612, 0.000672988069709, 0.00093948491849, 0.011621568352, 0.0156387519091, 0.0252442024648, 0.09300519526, 0.162163287401, 0.187473148108, 0.108241058886, 0.0396058857441, 0.183825537562, 0.266572773457, 0.387675464153, 0.188708350062, 0.23876079917, 0.390858560801, 0.701415717602, 0.303813576698, 0.167940363288, 0.165218725801, 0.285229086876, 0.2117716223, 0.198977321386, 0.162384033203, 0.065457418561, 0.0547738596797, 0.026773435995, 0.0299566220492, 0.0228064805269, 0.0262740831822, 0.0091925598681, 0.00303249945864, 0.00137497030664, 0.000585135712754, 6.03337794018e-05, 2.27005330089e-06, 1.27062594402e-06, 1.79940832368e-06],
        "stdev": [0.0839777439833, 1.43049776554, 5.94740056992, 6.95033884048, 8.02205753326, 21.5300216675, 22.1390113831, 17.6851882935, 33.0747795105, 46.6583824158, 105.921279907, 121.702209473, 192.27104187, 108.916412354, 83.9698104858, 159.087295532, 129.689468384, 111.061965942, 95.2519760132, 46.4499206543, 53.3574180603, 47.7201347351, 30.2927036285, 26.5467319489, 19.7400226593, 18.4118099213, 20.3121967316, 27.3693027496, 30.1380691528, 29.1273880005, 22.9806880951, 10.1508331299, 3.33391475677, 1.15728068352, 0.524971544743, 0.383569538593, 0.0927129164338, 0.00254778447561, 8.16870888229e-05, 2.4786355425e-05]
    },
    "gfcc": {
        "mean": [1.44146215916, 107.63343811, -147.167007446, 35.4930534363, -74.3244400024, 20.8261318207, -34.5207443237, 4.70449066162, -17.9770927429, -6.26452589035, -9.79313468933, -8.52061271667, -6.4516415596],
        "cov": [[2033.21264648, -585.771911621, 201.108520508, 233.65838623, 37.8296356201, 191.208816528, -43.6197853088, 84.2065963745, -52.0691833496, 140.922531128, -227.594711304, 24.5090274811, -124.247314453], [-585.771911621, 893.318481445, -33.3056488037, -195.015289307, 192.875656128, -134.823562622, 163.171600342, -17.2649345398, -16.4564189911, -140.913925171, 175.345199585, -93.3694915771, 9.46897888184], [201.108520508, -33.3056488037, 623.028625488, 316.909088135, 55.8875465393, 135.765563965, 1.64744031429, 25.2894668579, 1.85053503513, 57.2775802612, -138.619049072, -10.5169363022, -76.5413665771], [233.65838623, -195.015289307, 316.909088135, 424.9609375, 80.2072906494, 104.721916199, -54.2111167908, 14.8179168701, 59.4011230469, 40.3369560242, -135.442337036, 0.436651647091, -24.9617557526], [37.8296356201, 192.875656128, 55.8875465393, 80.2072906494, 271.92855835, 53.5661315918, 31.2151641846, 36.0873451233, -2.67873048782, 13.7057065964, -45.207736969, -29.9681568146, -21.9499740601], [191.208816528, -134.823562622, 135.765563965, 104.721916199, 53.5661315918, 204.648391724, 61.1758537292, 25.5572834015, 0.741861820221, 52.6029129028, -60.7417869568, -16.5872344971, -21.4811000824], [-43.6197853088, 163.171600342, 1.64744031429, -54.2111167908, 31.2151641846, 61.1758537292, 195.559783936, 33.3287506104, -28.7278423309, -16.3022403717, 63.4008483887, -43.1466445923, -22.0019798279], [84.2065963745, -17.2649345398, 25.2894668579, 14.8179168701, 36.0873451233, 25.5572834015, 33.3287506104, 112.932388306, 37.3062705994, 20.9340667725, -23.9210395813, -6.59023857117, -12.8358478546], [-52.0691833496, -16.4564189911, 1.85053503513, 59.4011230469, -2.67873048782, 0.741861820221, -28.7278423309, 37.3062705994, 151.045608521, 26.2479972839, -37.6419868469, 9.16583538055, 14.1497659683], [140.922531128, -140.913925171, 57.2775802612, 40.3369560242, 13.7057065964, 52.6029129028, -16.3022403717, 20.9340667725, 26.2479972839, 135.436325073, -57.6227989197, 8.48311328888, -20.6384429932], [-227.594711304, 175.345199585, -138.619049072, -135.442337036, -45.207736969, -60.7417869568, 63.4008483887, -23.9210395813, -37.6419868469, -57.6227989197, 197.126159668, -10.8426971436, 8.4390668869], [24.5090274811, -93.3694915771, -10.5169363022, 0.436651647091, -29.9681568146, -16.5872344971, -43.1466445923, -6.59023857117, 9.16583538055, 8.48311328888, -10.8426971436, 91.8026657104, 24.2199134827], [-124.247314453, 9.46897888184, -76.5413665771, -24.9617557526, -21.9499740601, -21.4811000824, -22.0019798279, -12.8358478546, 14.1497659683, -20.6384429932, 8.4390668869, 24.2199134827, 85.7462463379]],
        "icov": [[0.000754910986871, 0.000355003488949, 0.000118942298286, -0.000134560963488, -0.000113182722998, -0.000154618217493, -5.70258089283e-05, -0.000389999622712, 0.000488450168632, -4.71997045679e-05, 0.00047651535715, -0.000168764250702, 0.000889758055564], [0.000355003488949, 0.00651153735816, -0.00360880489461, 0.00390950450674, -0.00652501732111, 0.00530512118712, -0.0042412201874, 0.00306714582257, -0.0036019294057, 0.00327615509741, -0.00278132362291, 0.00356808537617, -0.00260955817066], [0.000118942298286, -0.00360880489461, 0.00532859098166, -0.00441184872761, 0.00415378157049, -0.00364559702575, 0.00189730164129, -0.00210809148848, 0.00311035127379, -0.00197106925771, 0.00274754944257, -0.00243818131275, 0.00379497162066], [-0.000134560963488, 0.00390950450674, -0.00441184872761, 0.00754212634638, -0.00496846670285, 0.00200973753817, -0.00119670189451, 0.00270968559198, -0.00423605972901, 0.00284023513086, -0.00110662006773, 0.0024659994524, -0.00224414817058], [-0.000113182722998, -0.00652501732111, 0.00415378157049, -0.00496846670285, 0.0110411634669, -0.00577438436449, 0.00373578700237, -0.00437508756295, 0.00453846948221, -0.00327267986722, 0.00381981395185, -0.00268681207672, 0.00334783596918], [-0.000154618217493, 0.00530512118712, -0.00364559702575, 0.00200973753817, -0.00577438436449, 0.0127785373479, -0.00719729624689, 0.00298067717813, -0.00263689598069, 0.000318781472743, -0.000868485600222, 0.00331864994951, -0.00349660520442], [-5.70258089283e-05, -0.0042412201874, 0.00189730164129, -0.00119670189451, 0.00373578700237, -0.00719729624689, 0.011862995103, -0.0047669513151, 0.00309455930255, -0.000996022834443, -0.00134645181242, 1.73159169208e-05, 0.00259184348397], [-0.000389999622712, 0.00306714582257, -0.00210809148848, 0.00270968559198, -0.00437508756295, 0.00298067717813, -0.0047669513151, 0.0133782653138, -0.00541616836563, 0.00101033493411, -0.000353026087396, 0.0014216779964, -0.000820410321467], [0.000488450168632, -0.0036019294057, 0.00311035127379, -0.00423605972901, 0.00453846948221, -0.00263689598069, 0.00309455930255, -0.00541616836563, 0.0113420989364, -0.0033549813088, 0.0026590290945, -0.0020591923967, 0.000774046173319], [-4.71997045679e-05, 0.00327615509741, -0.00197106925771, 0.00284023513086, -0.00327267986722, 0.000318781472743, -0.000996022834443, 0.00101033493411, -0.0033549813088, 0.0115526337177, 0.000126989209093, 0.000747851037886, 0.000885464134626], [0.00047651535715, -0.00278132362291, 0.00274754944257, -0.00110662006773, 0.00381981395185, -0.000868485600222, -0.00134645181242, -0.000353026087396, 0.0026590290945, 0.000126989209093, 0.0105968546122, -0.00190999731421, 0.00257832254283], [-0.000168764250702, 0.00356808537617, -0.00243818131275, 0.0024659994524, -0.00268681207672, 0.00331864994951, 1.73159169208e-05, 0.0014216779964, -0.0020591923967, 0.000747851037886, -0.00190999731421, 0.0154416132718, -0.00539012299851], [0.000889758055564, -0.00260955817066, 0.00379497162066, -0.00224414817058, 0.00334783596918, -0.00349660520442, 0.00259184348397, -0.000820410321467, 0.000774046173319, 0.000885464134626, 0.00257832254283, -0.00539012299851, 0.0178514532745]]
    },
    "melbands": {
        "max": [0.0137688200921, 0.0299661476165, 0.0132939582691, 0.0096790632233, 0.00776506680995, 0.00819641910493, 0.00633370084688, 0.00515100825578, 0.0158246606588, 0.00836959760636, 0.0112130325288, 0.00568733923137, 0.00749292736873, 0.00407214695588, 0.00456504896283, 0.00738760177046, 0.0036379348021, 0.00212920247577, 0.00192173931282, 0.000495738408063, 0.00102530990262, 0.000894022290595, 0.000818022876047, 0.000565664551686, 0.000268047268037, 0.000204586482141, 0.000163480799529, 0.000176289424417, 0.000162092910614, 0.000157260219567, 0.00026268500369, 0.00023586221505, 0.000295676989481, 0.000281172222458, 0.000270518939942, 0.000123970792629, 8.13867227407e-05, 3.42750354321e-05, 1.43431007018e-05, 1.01153473224e-05],
        "mean": [0.000569132331293, 0.00141235650517, 0.000677633157466, 0.000582707521971, 0.000547360337805, 0.000235925530433, 0.000283960689558, 0.000299251900287, 0.000432485569036, 0.000297587801469, 0.000536241394002, 0.000295780017041, 0.000125063481391, 0.00010714543896, 0.000211250197026, 7.76628876338e-05, 0.000110137560114, 0.000111363005999, 3.68314467778e-05, 2.96738307952e-05, 2.31900212384e-05, 2.79375508399e-05, 1.6781837985e-05, 1.6372950995e-05, 1.51337480929e-05, 1.13866717584e-05, 9.81196990324e-06, 7.2201992225e-06, 5.19020022693e-06, 6.07090441918e-06, 6.0220463638e-06, 5.9388671616e-06, 5.32028479938e-06, 6.50922629575e-06, 4.46956664746e-06, 2.91513174489e-06, 1.84650536994e-06, 1.01071100289e-06, 6.02470095146e-07, 3.28933367655e-07],
        "min": [2.31162644582e-07, 3.98330087137e-07, 2.66820165962e-07, 1.00513591406e-06, 8.22211859486e-07, 1.37730285132e-06, 1.11593374186e-06, 7.1115425726e-07, 6.64691071961e-07, 1.7337001168e-07, 7.84166218182e-07, 9.80019308372e-07, 7.43829730254e-07, 4.89758065214e-07, 2.02751834877e-07, 1.79015088975e-07, 6.1553305386e-07, 8.78019761785e-07, 2.82009835928e-07, 2.35317074271e-07, 1.11363149813e-07, 1.0266190742e-07, 1.43280303178e-07, 1.90676573197e-07, 1.27226300606e-07, 1.11398072988e-07, 1.14031180942e-07, 8.39206180103e-08, 2.42170870024e-08, 2.2578069192e-08, 1.79384080923e-08, 1.1971472702e-08, 1.12817586384e-08, 1.90142461776e-08, 7.7326420822e-09, 1.32445201473e-08, 1.36515563298e-08, 4.44140102474e-09, 2.33147745554e-09, 2.15141482407e-09],
        "stdev": [0.00109489064198, 0.00249644625001, 0.00114464538638, 0.000928419292904, 0.000831012846902, 0.000393802067265, 0.000498812063597, 0.000546158233192, 0.000975121569354, 0.00073229148984, 0.00100021704566, 0.000504381838255, 0.000382536585676, 0.000283816974843, 0.000470978120575, 0.000330741313519, 0.000230215140618, 0.000213197810808, 0.00010913740698, 5.21444490005e-05, 7.36209040042e-05, 6.16803954472e-05, 3.45705157088e-05, 3.37088276865e-05, 2.29901634157e-05, 1.81205577974e-05, 1.57027079695e-05, 1.30941407406e-05, 1.30169491968e-05, 1.44244841067e-05, 1.69961604115e-05, 1.80607439688e-05, 1.59263472597e-05, 1.81699469977e-05, 1.49104434968e-05, 9.41298458201e-06, 5.20864477949e-06, 2.63775723397e-06, 1.38843097375e-06, 8.50260448715e-07]
    },
    "melbands128": {
        "max": [0.00147080654278, 0.00727817742154, 0.0216872226447, 0.0314752869308, 0.0464386604726, 0.028095703572, 0.0221971161664, 0.0206451974809, 0.0101765096188, 0.0124058779329, 0.0162108186632, 0.0153361298144, 0.00948505103588, 0.00961725879461, 0.0153388893232, 0.00684375781566, 0.0115541247651, 0.01062999852, 0.0106669189408, 0.00708941090852, 0.0118060419336, 0.0153895495459, 0.0294063482434, 0.0304860509932, 0.0145122399554, 0.0193272214383, 0.0163661967963, 0.0228036176413, 0.0142457261682, 0.0112233757973, 0.00762044265866, 0.0163072329015, 0.0148860076442, 0.00750457681715, 0.00560613255948, 0.00842402037233, 0.0111976182088, 0.00790581200272, 0.0105019472539, 0.00675060134381, 0.0136086195707, 0.00662336638197, 0.00742413289845, 0.00699344137684, 0.00546216964722, 0.00227256584913, 0.00188623915892, 0.00430524908006, 0.00147080258466, 0.00104585231747, 0.00088582985336, 0.000701412092894, 0.00223994906992, 0.00283309840597, 0.00192457973026, 0.00209473166615, 0.000535993953235, 0.00148657639511, 0.00113641819917, 0.000937542936299, 0.000822416332085, 0.0010786880739, 0.000490410719067, 0.000524682109244, 0.00063597317785, 0.000325868430082, 0.00026823146618, 0.000319191662129, 0.000258899526671, 0.000172768224729, 0.000338705693139, 0.000257928535575, 0.000267095514573, 0.000227148120757, 0.000206652330235, 0.000265035632765, 0.00025807696511, 0.000335436634487, 0.000367123691831, 0.000343170861015, 0.000253719917964, 0.000266988296062, 0.000444933859399, 0.000270708318567, 0.000295310572255, 0.000282262655674, 0.000377368822228, 0.000397528463509, 0.000267270690529, 0.000227374446695, 0.000161868680152, 0.00014541442215, 9.43407212617e-05, 6.66184350848e-05, 0.00010088680574, 4.99727066199e-05, 3.28918940795e-05, 3.03388951579e-05, 1.70711900864e-05, 1.78022964974e-05, 1.49027855514e-05, 9.94370202534e-06, 8.44328860694e-06, 1.07271389425e-05, 1.17151403174e-05, 8.73627595865e-06, 1.20669128592e-05, 6.59222951072e-06, 1.38279474413e-05, 2.4727480195e-05, 2.43817685259e-05, 8.25163442641e-06, 1.06358459107e-06, 1.05305264242e-06, 1.27925500237e-06, 1.52808468101e-07, 1.4915483959e-08, 1.1489748708e-08, 1.1212153872e-08, 1.09188746933e-08, 1.06639479469e-08, 1.05003810091e-08, 1.02535988589e-08, 1.0075978274e-08, 9.92576509873e-09, 9.82490533374e-09, 9.75134284431e-09, 9.70038982473e-09],
        "mean": [7.98866531113e-05, 0.000234670063946, 0.000686822575517, 0.00136156158987, 0.00177774438635, 0.00121099234093, 0.000817758904304, 0.000534488004632, 0.000416267197579, 0.000557880732231, 0.000708823674358, 0.000721296004485, 0.000502778391819, 0.000350582209649, 0.000174542947207, 0.000175604975084, 0.000333473231876, 0.000241721485509, 0.000297835184028, 0.000373453338398, 0.000236957363086, 0.000288613431621, 0.000453102285974, 0.000632717914414, 0.000309918483254, 0.000159638235345, 0.000248282420216, 0.000636572891381, 0.00080144405365, 0.000291803531582, 0.000145295925904, 0.000200273279916, 0.000146712336573, 5.00609312439e-05, 5.76176134928e-05, 8.61215594341e-05, 0.000242378504481, 0.000312540563755, 0.000119591131806, 6.96099086781e-05, 7.76357555878e-05, 6.81736783008e-05, 8.25997121865e-05, 0.000109133550723, 0.000256106955931, 7.01400495018e-05, 1.63213535416e-05, 5.04114796058e-05, 3.32574963977e-05, 3.1962787034e-05, 3.68641085515e-05, 1.70420189534e-05, 2.72879333352e-05, 2.1913290766e-05, 2.24619525397e-05, 3.68650871678e-05, 2.33880691667e-05, 1.69380909938e-05, 1.39995472637e-05, 1.70795683516e-05, 1.66824047483e-05, 1.65239762282e-05, 1.28772671815e-05, 1.15683906188e-05, 2.52850204561e-05, 7.82608003647e-06, 6.52488779451e-06, 1.11568597276e-05, 1.04562259367e-05, 7.97501525085e-06, 7.61170258556e-06, 7.06080800228e-06, 5.25706627741e-06, 4.52395852335e-06, 5.19923924003e-06, 6.51513482808e-06, 5.14271823704e-06, 8.2155875134e-06, 5.19604736837e-06, 5.18115211889e-06, 6.7384698923e-06, 5.59519639864e-06, 5.72461976844e-06, 5.14613338964e-06, 5.28255259269e-06, 5.39282018508e-06, 8.7316839199e-06, 5.42167254025e-06, 4.26153610533e-06, 3.38882523465e-06, 3.36478160534e-06, 2.69439874501e-06, 2.38901020566e-06, 1.73743956111e-06, 1.75842205863e-06, 1.07494088297e-06, 8.9374310619e-07, 7.93886044903e-07, 6.58227975237e-07, 4.52661424788e-07, 4.11843188886e-07, 3.06086207047e-07, 2.41427954961e-07, 2.53648408943e-07, 2.55384890124e-07, 1.62373936519e-07, 1.64296736216e-07, 9.5502926456e-08, 9.27952683583e-08, 1.96629102334e-07, 1.83018300959e-07, 5.46394218759e-08, 1.42116185486e-08, 9.42039513063e-09, 7.81601272593e-09, 7.15832615406e-10, 1.17318432746e-10, 1.56411082003e-11, 1.44330710578e-11, 1.40546792954e-11, 1.37182782495e-11, 1.34600143531e-11, 1.32030983369e-11, 1.29766700857e-11, 1.26030887115e-11, 1.21152888069e-11, 1.18335992047e-11, 1.17455533147e-11],
        "min": [1.11220622045e-07, 2.6338429393e-07, 1.1654172738e-07, 1.73507388013e-07, 3.10354494104e-07, 1.66715651062e-07, 5.13444682326e-08, 9.9576233481e-08, 6.1621722125e-07, 4.53393653288e-07, 8.49574178119e-07, 5.30778834218e-07, 5.62900481782e-07, 7.68375798543e-07, 1.16936611505e-07, 5.79898582487e-08, 2.24749783229e-07, 2.90874311304e-07, 1.00612858489e-07, 2.05336689874e-07, 7.31633562623e-08, 1.85903374472e-07, 3.18284691048e-07, 2.68930335778e-07, 1.02771231525e-07, 1.49776596459e-07, 1.34450147016e-07, 2.0962541214e-07, 3.48967944319e-07, 1.49525106963e-07, 1.95705922579e-07, 3.19075127209e-07, 3.17423882734e-07, 1.25185167121e-07, 1.01179928436e-07, 8.49230090694e-08, 9.82660850468e-08, 1.39725671033e-07, 4.87366023094e-08, 8.69844001272e-08, 1.45195159007e-07, 1.44654009659e-07, 9.19660507748e-08, 3.35038322419e-07, 1.15558961511e-07, 1.12943041586e-07, 8.64208047346e-08, 6.26781613278e-08, 1.41973686141e-07, 1.00559567784e-07, 8.02412927214e-08, 5.04240986743e-08, 2.86628640822e-08, 2.08826893555e-08, 2.90277455406e-08, 2.92488326892e-08, 6.68412667437e-08, 1.13354063913e-08, 5.62847830565e-08, 8.17648952989e-08, 8.92085552096e-08, 7.33469391889e-08, 6.77270648453e-08, 3.0044947863e-08, 3.89058385508e-08, 4.40428706838e-08, 5.88808504176e-08, 6.47315161473e-08, 4.47968915296e-08, 3.25437596871e-08, 7.43681454196e-08, 4.78693840122e-09, 9.32140409304e-09, 1.09529176839e-08, 1.15086509211e-08, 1.57299648862e-08, 1.01993098411e-08, 1.37952049784e-08, 9.69204005941e-09, 1.11231042155e-08, 4.12885770018e-09, 2.5603854592e-09, 2.84466916689e-09, 1.19001937193e-08, 1.00883319476e-08, 1.72467125026e-08, 7.8194792863e-09, 3.82334430782e-09, 1.86223991783e-09, 1.43273748421e-09, 4.24314849923e-09, 5.57324542072e-09, 3.4789378045e-09, 3.86156662202e-09, 1.11334630404e-09, 1.18235821134e-09, 7.5485689921e-10, 1.21856624791e-09, 1.0017695562e-09, 6.47393638697e-10, 2.62289079345e-10, 1.56193641354e-10, 3.73059444447e-10, 5.97780214218e-10, 1.01213670778e-09, 6.86474876943e-10, 7.04599045775e-10, 7.56496421062e-10, 1.44270789759e-10, 9.10321748537e-11, 1.51036988472e-10, 1.19866931051e-12, 4.77057683721e-13, 3.48237823126e-13, 3.70490205355e-13, 3.98653712038e-13, 4.4315110392e-13, 4.35468935217e-13, 3.43545206389e-13, 4.4041587868e-13, 3.01338706592e-13, 3.2955951336e-13, 3.53018395766e-13, 3.52479764126e-13, 1.93589380095e-13, 1.10403575388e-13, 1.57225832153e-14, 3.86512727596e-16],
        "stdev": [0.000116280541988, 0.000497244182043, 0.00155729765538, 0.00278650899418, 0.00343244033866, 0.00221628509462, 0.00155387341511, 0.0011756272288, 0.000822403584607, 0.00108148751315, 0.00153799878899, 0.0014786842512, 0.000951022666413, 0.000627207104117, 0.000516560743563, 0.000466371770017, 0.000672886089887, 0.000670016044751, 0.000705439539161, 0.000709603249561, 0.000812310667243, 0.00115688203368, 0.00133535068016, 0.0018169474788, 0.00108644797001, 0.000897624471691, 0.000882766209543, 0.00165406090673, 0.00156520330347, 0.000781784241553, 0.00046936160652, 0.000794023042545, 0.00056542904349, 0.000296684302157, 0.000253063219134, 0.000378703407478, 0.000838386302348, 0.000809690682217, 0.000456444366137, 0.000358852645149, 0.00055445934413, 0.000274761317996, 0.000309560127789, 0.000338598561939, 0.000577548868023, 0.000161764663062, 6.84330880176e-05, 0.000216734828427, 9.76367955445e-05, 7.20168100088e-05, 9.05610359041e-05, 3.92769761675e-05, 0.000138129282277, 0.000108273066871, 8.88660360943e-05, 0.000114748509077, 4.7455811e-05, 6.20004502707e-05, 4.1949981096e-05, 4.82433715661e-05, 4.40204312326e-05, 5.50813238078e-05, 3.42785351677e-05, 2.50993089139e-05, 5.2290273743e-05, 1.84987256944e-05, 1.60113049787e-05, 2.51712099271e-05, 2.0232901079e-05, 1.53283563122e-05, 1.5958041331e-05, 1.66756162798e-05, 1.68974038388e-05, 1.42445633173e-05, 1.29183181343e-05, 1.88348294614e-05, 1.44696268762e-05, 2.23281258513e-05, 1.71955362021e-05, 2.05477663258e-05, 2.0653636966e-05, 1.94530384761e-05, 1.86324650713e-05, 1.72377367562e-05, 1.69730064954e-05, 1.63597960636e-05, 2.72540346486e-05, 1.83822576219e-05, 1.63317909028e-05, 1.36213802762e-05, 1.11442968773e-05, 9.31279282668e-06, 7.94371044321e-06, 5.07222375745e-06, 5.1323227126e-06, 3.24257689499e-06, 2.59931948676e-06, 1.97972758542e-06, 1.56372868787e-06, 1.27766372771e-06, 1.21682444387e-06, 7.85313204688e-07, 6.33398258287e-07, 7.08062884769e-07, 7.80837638104e-07, 5.69865790112e-07, 5.54986968382e-07, 3.50775053448e-07, 4.58078005749e-07, 1.29991281028e-06, 1.29224429202e-06, 3.79032883302e-07, 5.98827583076e-08, 5.03547923358e-08, 5.58869395206e-08, 5.0438448973e-09, 8.20125023449e-10, 2.91761337312e-10, 2.84021167696e-10, 2.76532297061e-10, 2.70386685264e-10, 2.65716393333e-10, 2.59778060174e-10, 2.55543169958e-10, 2.51817483532e-10, 2.49051251844e-10, 2.47158293831e-10, 2.4588889258e-10]
    },
    "mfcc": {
        "mean": [-627.195678711, 121.98991394, -9.59298706055, 13.6091794968, -9.79873847961, 7.29830169678, -4.3770608902, 8.39858150482, -6.49451875687, 7.17979288101, -0.971755683422, -4.96094417572, -6.49841451645],
        "cov": [[2002.01623535, -647.137145996, 81.5853042603, 46.3994483948, 53.2891540527, 113.010597229, -12.0809822083, -25.95362854, 113.449157715, 37.3163108826, 47.8892860413, -46.0596580505, -24.7431430817], [-647.137145996, 976.324951172, -229.407028198, -32.0111045837, -6.68735408783, -129.084136963, 158.237487793, 49.7964515686, -97.8827819824, -11.5279541016, 15.3497076035, 19.8059425354, 43.4531707764], [81.5853042603, -229.407028198, 546.137695312, 149.111465454, 60.5704040527, 148.117965698, -5.0953783989, 19.4508018494, 83.4086761475, 14.614865303, 1.63507020473, 48.6205825806, -11.9822874069], [46.3994483948, -32.0111045837, 149.111465454, 250.337265015, 128.774917603, 74.2876052856, -25.5261573792, 17.0388832092, 72.2296600342, 8.1142282486, -8.97098350525, 32.8329200745, -0.939721107483], [53.2891540527, -6.68735408783, 60.5704040527, 128.774917603, 218.607849121, 71.484954834, -21.0112323761, 12.5467243195, 73.0350418091, 16.9152126312, -13.7455186844, 15.1320934296, -10.4954280853], [113.010597229, -129.084136963, 148.117965698, 74.2876052856, 71.484954834, 204.116012573, 25.8128089905, -1.9446349144, 86.313873291, 20.8343601227, 19.8871631622, -7.48551988602, 0.0078321872279], [-12.0809822083, 158.237487793, -5.0953783989, -25.5261573792, -21.0112323761, 25.8128089905, 258.393188477, 33.1513404846, -48.6256332397, 16.6690406799, 33.2081336975, -15.6232700348, 0.0807934477925], [-25.95362854, 49.7964515686, 19.4508018494, 17.0388832092, 12.5467243195, -1.9446349144, 33.1513404846, 112.364295959, 9.74841594696, 14.7542886734, 0.288309931755, 3.0878405571, 6.0910410881], [113.449157715, -97.8827819824, 83.4086761475, 72.2296600342, 73.0350418091, 86.313873291, -48.6256332397, 9.74841594696, 214.866821289, 40.3414459229, 16.8021774292, 5.03077411652, 4.42542362213], [37.3163108826, -11.5279541016, 14.614865303, 8.1142282486, 16.9152126312, 20.8343601227, 16.6690406799, 14.7542886734, 40.3414459229, 115.136703491, 40.8177680969, -17.2603282928, -9.32711696625], [47.8892860413, 15.3497076035, 1.63507020473, -8.97098350525, -13.7455186844, 19.8871631622, 33.2081336975, 0.288309931755, 16.8021774292, 40.8177680969, 112.225608826, 2.60507583618, 4.56186056137], [-46.0596580505, 19.8059425354, 48.6205825806, 32.8329200745, 15.1320934296, -7.48551988602, -15.6232700348, 3.0878405571, 5.03077411652, -17.2603282928, 2.60507583618, 101.533607483, 35.4550552368], [-24.7431430817, 43.4531707764, -11.9822874069, -0.939721107483, -10.4954280853, 0.0078321872279, 0.0807934477925, 6.0910410881, 4.42542362213, -9.32711696625, 4.56186056137, 35.4550552368, 86.0086517334]],
        "icov": [[0.000687899941113, 0.000538164866157, 0.000141258948133, -0.000110165812657, -0.000183531738003, 0.000112845264084, -0.000319473270793, 3.78390359401e-05, -0.000183692362043, 7.25096397218e-05, -0.000324619526509, 0.000240831053816, -0.000145048965351], [0.000538164866157, 0.00188108964358, 0.000591083313338, -0.000350056070602, -0.000510835845489, 0.000931936840061, -0.00119743472897, -0.000315668206895, 2.14096016862e-05, 0.000166196274222, -0.000430386280641, -3.98788542952e-05, -0.000699771917425], [0.000141258948133, 0.000591083313338, 0.00299134664237, -0.00133660621941, 0.000703766243532, -0.00162596139126, -0.000280223292066, -0.000538192049135, -0.000104878286947, -0.000200140813831, 0.000256598752458, -0.00166075723246, 0.000923242012504], [-0.000110165812657, -0.000350056070602, -0.00133660621941, 0.00694441003725, -0.00320232892409, -0.000532584439497, 0.000517050502822, -0.000454184104456, -0.000507082091644, 0.000172555766767, 0.000251690013101, -0.00105794181582, 0.000143347846461], [-0.000183531738003, -0.000510835845489, 0.000703766243532, -0.00320232892409, 0.00765372486785, -0.00200213142671, 0.000485014286824, -0.000344446307281, -0.000959690252785, -0.000871324038599, 0.00145488523412, -0.00118184217717, 0.00159133714624], [0.000112845264084, 0.000931936840061, -0.00162596139126, -0.000532584439497, -0.00200213142671, 0.00885420665145, -0.0019917266909, 0.00108893844299, -0.00222812360153, 0.000580118503422, -0.00128388125449, 0.00225927843712, -0.0016767596826], [-0.000319473270793, -0.00119743472897, -0.000280223292066, 0.000517050502822, 0.000485014286824, -0.0019917266909, 0.00555178197101, -0.00140937895048, 0.00166361907031, -0.000488323508762, -0.000978038180619, 0.000469960883493, 0.000353221606929], [3.78390359401e-05, -0.000315668206895, -0.000538192049135, -0.000454184104456, -0.000344446307281, 0.00108893844299, -0.00140937895048, 0.0099436417222, -0.000709586136509, -0.0012101882603, 0.000731970183551, 0.000212063852814, -0.000875547586475], [-0.000183692362043, 2.14096016862e-05, -0.000104878286947, -0.000507082091644, -0.000959690252785, -0.00222812360153, 0.00166361907031, -0.000709586136509, 0.0069990279153, -0.00181506760418, -0.000536602165084, -2.4438922992e-05, -0.000670449575409], [7.25096397218e-05, 0.000166196274222, -0.000200140813831, 0.000172555766767, -0.000871324038599, 0.000580118503422, -0.000488323508762, -0.0012101882603, -0.00181506760418, 0.0113674057648, -0.00403333036229, 0.0021038854029, 0.000563447421882], [-0.000324619526509, -0.000430386280641, 0.000256598752458, 0.000251690013101, 0.00145488523412, -0.00128388125449, -0.000978038180619, 0.000731970183551, -0.000536602165084, -0.00403333036229, 0.0114053599536, -0.00169403641485, -2.71043281828e-05], [0.000240831053816, -3.98788542952e-05, -0.00166075723246, -0.00105794181582, -0.00118184217717, 0.00225927843712, 0.000469960883493, 0.000212063852814, -2.4438922992e-05, 0.0021038854029, -0.00169403641485, 0.0139152742922, -0.00573036400601], [-0.000145048965351, -0.000699771917425, 0.000923242012504, 0.000143347846461, 0.00159133714624, -0.0016767596826, 0.000353221606929, -0.000875547586475, -0.000670449575409, 0.000563447421882, -2.71043281828e-05, -0.00573036400601, 0.0147839933634]]
    },
    "spectral_contrast_coeffs": {
        "max": [-0.400708705187, -0.465342998505, -0.431127905846, -0.53860449791, -0.595876157284, -0.581711709499],
        "mean": [-0.698163330555, -0.720641374588, -0.692809343338, -0.751844346523, -0.759244918823, -0.732362449169],
        "min": [-0.925836384296, -0.903378784657, -0.88077968359, -0.879529714584, -0.884389936924, -0.909435629845],
        "stdev": [0.0752947852015, 0.0795069262385, 0.0871898457408, 0.0575719438493, 0.0467621199787, 0.0378759950399]
    },
    "spectral_contrast_valleys": {
        "max": [-4.93830060959, -4.87355136871, -5.60062551498, -5.71889019012, -5.31059932709, -7.95731496811],
        "mean": [-6.78116226196, -6.71056127548, -7.33578538895, -7.58932590485, -7.67038440704, -10.4046888351],
        "min": [-9.46403217316, -8.28071308136, -8.74637031555, -8.98360157013, -9.1227645874, -12.0903930664],
        "stdev": [0.738353729248, 0.531267285347, 0.506412267685, 0.516618907452, 0.568653762341, 0.782519638538]
    }
},
"rhythm": {
    "beats_count": 87,
    "beats_loudness": {
        "max": 0.099063642323,
        "mean": 0.0407989360392,
        "min": 0.0077250902541,
        "stdev": 0.0190542899072
    },
    "bpm": 107.661727905,
    "bpm_histogram_first_peak_bpm": 108,
    "bpm_histogram_first_peak_weight": 0.615384578705,
    "bpm_histogram_second_peak_bpm": 103,
    "bpm_histogram_second_peak_spread": 0.199999988079,
    "bpm_histogram_second_peak_weight": 0.0465116277337,
    "danceability": 1.22909617424,
    "onset_rate": 3.1787109375,
    "beats_loudness_band_ratio": {
        "max": [0.948965847492, 0.736845314503, 0.777124881744, 0.812144100666, 0.46114563942, 0.670980274677],
        "mean": [0.27350962162, 0.179831057787, 0.216292217374, 0.21429386735, 0.101690880954, 0.0745335221291],
        "min": [0.00211067846976, 0.0137571841478, 0.0114889573306, 0.00759799452499, 0.0031169578433, 0.00169344397727],
        "stdev": [0.271694332361, 0.139544174075, 0.188710719347, 0.211462825537, 0.0963138267398, 0.118004187942]
    },
