{
"metadata": {
    "version": {
        "essentia": "2.1-beta5",
        "essentia_git_sha": "Undefined",
        "extractor": "music 2.0"
    },
    "audio_properties": {
        "analysis": {
            "equal_loudness": 0,
            "length": 29.0017242432,
            "sample_rate": 44100,
            "start_time": 0,
            "downmix": "mix"
        },
        "bit_rate": 192000,
        "length": 227.334976196,
        "lossless": 0,
        "number_channels": 2,
        "replay_gain": 2.88869667053,
        "sample_rate": 48000,
        "codec": "mp3",
        "md5_encoded": "4e55aa7125aff6a42a4271d19ee448bd"
    },
    "tags": {
        "file_name": "Netherlands_Waar Is De Zon_Willeke Alberti.mp3",
        "encoding": ["Lavf58.29.100"]
    }
},
"lowlevel": {
    "average_loudness": 0.00622820481658,
    "barkbands_crest": {
        "max": 19.4477939606,
        "mean": 7.0201048851,
        "min": 2.59203886986,
        "stdev": 2.20905089378
    },
    "barkbands_flatness_db": {
        "max": 0.302489817142,
        "mean": 0.0963629484177,
        "min": 0.0501821190119,
        "stdev": 0.0337826982141
    },
    "barkbands_kurtosis": {
        "max": 34.7662124634,
        "mean": 2.97208213806,
        "min": -1.35883319378,
        "stdev": 2.42267680168
    },
    "barkbands_skewness": {
        "max": 5.62516880035,
        "mean": 0.00529045285657,
        "min": -3.72957706451,
        "stdev": 1.7882488966
    },
    "barkbands_spread": {
        "max": 75.7417907715,
        "mean": 26.892490387,
        "min": 3.73652052879,
        "stdev": 10.6726436615
    },
    "dissonance": {
        "max": 0.5,
        "mean": 0.485805600882,
        "min": 0.214460104704,
        "stdev": 0.0320742502809
    },
    "dynamic_complexity": 12.3681516647,
    "erbbands_crest": {
        "max": 28.8430194855,
        "mean": 4.54436349869,
        "min": 2.04049539566,
        "stdev": 2.76967763901
    },
    "erbbands_flatness_db": {
        "max": 0.317667216063,
        "mean": 0.122882030904,
        "min": 0.0622350461781,
        "stdev": 0.0600753612816
    },
    "erbbands_kurtosis": {
        "max": 16.6390991211,
        "mean": 0.0530147626996,
        "min": -1.61515069008,
        "stdev": 1.45494043827
    },
    "erbbands_skewness": {
        "max": 3.4242079258,
        "mean": -0.284765124321,
        "min": -2.38491249084,
        "stdev": 0.439289599657
    },
    "erbbands_spread": {
        "max": 111.548362732,
        "mean": 46.200302124,
        "min": 3.51407599449,
        "stdev": 26.8006229401
    },
    "hfc": {
        "max": 1155.3170166,
        "mean": 14.784113884,
        "min": 1.04353625304e-16,
        "stdev": 56.836769104
    },
    "loudness_ebu128": {
        "integrated": -24.0282077789,
        "loudness_range": 21.4105644226,
        "momentary": {
            "max": -19.6897926331,
            "mean": -133.339324951,
            "min": -300.691009521,
            "stdev": 128.026168823
        },
        "short_term": {
            "max": -22.3365821838,
            "mean": -115.843887329,
            "min": -300.691009521,
            "stdev": 122.903923035
        }
    },
    "melbands_crest": {
        "max": 28.8963432312,
        "mean": 8.21596050262,
        "min": 1.01019608974,
        "stdev": 6.41761732101
    },
    "melbands_flatness_db": {
        "max": 0.403781801462,
        "mean": 0.0940322950482,
        "min": 6.08322807238e-07,
        "stdev": 0.0819494202733
    },
    "melbands_kurtosis": {
        "max": 170.356445312,
        "mean": 9.4804353714,
        "min": -1.60231685638,
        "stdev": 16.0133972168
    },
    "melbands_skewness": {
        "max": 11.243885994,
        "mean": 1.71145784855,
        "min": -1.71617519855,
        "stdev": 2.27258968353
    },
    "melbands_spread": {
        "max": 170.838668823,
        "mean": 65.9665145874,
        "min": 3.1267375946,
        "stdev": 53.3955917358
    },
    "pitch_salience": {
        "max": 0.997735202312,
        "mean": 0.728876769543,
        "min": 0.390624344349,
        "stdev": 0.0924847647548
    },
    "silence_rate_20dB": {
        "max": 1,
        "mean": 1,
        "min": 1,
        "stdev": 0
    },
    "silence_rate_30dB": {
        "max": 1,
        "mean": 0.990400016308,
        "min": 0,
        "stdev": 0.0975091680884
    },
    "silence_rate_60dB": {
        "max": 1,
        "mean": 0.750400006771,
        "min": 0,
        "stdev": 0.43278157711
    },
    "spectral_centroid": {
        "max": 11932.4951172,
        "mean": 5283.09375,
        "min": 344.102722168,
        "stdev": 4490.64453125
    },
    "spectral_complexity": {
        "max": 57,
        "mean": 9.74400043488,
        "min": 0,
        "stdev": 16.6060695648
    },
    "spectral_decrease": {
        "max": 2.26197631222e-28,
        "mean": -1.98884553271e-09,
        "min": -4.83171902488e-08,
        "stdev": 5.02640018496e-09
    },
    "spectral_energy": {
        "max": 0.210989803076,
        "mean": 0.00884732883424,
        "min": 9.90100942779e-21,
        "stdev": 0.0220035333186
    },
    "spectral_energyband_high": {
        "max": 0.191626101732,
        "mean": 0.00109806703404,
        "min": 6.82345083925e-21,
        "stdev": 0.00839665997773
    },
    "spectral_energyband_low": {
        "max": 0.036469258368,
        "mean": 0.00109831406735,
        "min": 1.02186193874e-23,
        "stdev": 0.0040114861913
    },
    "spectral_energyband_middle_high": {
        "max": 0.0687511637807,
        "mean": 0.00406434386969,
        "min": 8.96577955941e-22,
        "stdev": 0.00834410917014
    },
    "spectral_energyband_middle_low": {
        "max": 0.145083740354,
        "mean": 0.00274846702814,
        "min": 1.39810525052e-22,
        "stdev": 0.0117782121524
    },
    "spectral_entropy": {
        "max": 9.82633018494,
        "mean": 8.70490837097,
        "min": 5.73475551605,
        "stdev": 0.91515904665
    },
    "spectral_flux": {
        "max": 0.336176782846,
        "mean": 0.0324673205614,
        "min": 6.25136886701e-11,
        "stdev": 0.0518588125706
    },
    "spectral_kurtosis": {
        "max": 36.6772994995,
        "mean": 1.62962782383,
        "min": -1.28570246696,
        "stdev": 3.81505513191
    },
    "spectral_rms": {
        "max": 0.0143472542986,
        "mean": 0.00159729400184,
        "min": 3.10797698341e-12,
        "stdev": 0.0024658057373
    },
    "spectral_rolloff": {
        "max": 19767.4804688,
        "mean": 8092.73095703,
        "min": 129.19921875,
        "stdev": 8363.74511719
    },
    "spectral_skewness": {
        "max": 5.05015134811,
        "mean": 0.843647778034,
        "min": -0.104127950966,
        "stdev": 0.788378298283
    },
    "spectral_spread": {
        "max": 43110188,
        "mean": 18760708,
        "min": 2014124,
        "stdev": 17101732
    },
    "spectral_strongpeak": {
        "max": 14.9404039383,
        "mean": 0.41317269206,
        "min": 0,
        "stdev": 1.14169692993
    },
    "zerocrossingrate": {
        "max": 0.70751953125,
        "mean": 0.247574999928,
        "min": 0.01123046875,
        "stdev": 0.199903741479
    },
    "barkbands": {
        "max": [0.00155294011347, 0.0122583704069, 0.0295511223376, 0.0190492458642, 0.13518679142, 0.0467892736197, 0.0203122757375, 0.0288125239313, 0.0153017556295, 0.0109611013904, 0.0181694552302, 0.0179279893637, 0.0149499466643, 0.0155762229115, 0.0100700315088, 0.0123060652986, 0.00912743620574, 0.0148970857263, 0.0203961320221, 0.0080238012597, 0.0696594789624, 0.0688463151455, 0.0344954580069, 0.0134061826393, 0.00498478487134, 0.000639580714051, 3.72561589757e-06],
        "mean": [6.15879907855e-05, 0.000317269004881, 0.000602958374657, 0.000338311452651, 0.00120513990987, 0.000441251031589, 0.000150820240378, 0.000273339886917, 0.000257233274169, 0.000307446171064, 0.000271356402664, 0.000469703256385, 0.000576499383897, 0.000549208954908, 0.000565508846194, 0.000527234806214, 0.000388929969631, 0.000222859642236, 0.00015487462224, 0.0001465153764, 0.000327097513946, 0.000359494471923, 0.000223121911404, 7.85121737863e-05, 2.59635926341e-05, 5.08481798533e-06, 4.69502925426e-09],
        "min": [4.88020368064e-25, 1.91434729693e-24, 6.18293449598e-25, 6.61700964642e-25, 3.9183908398e-24, 5.06264502131e-24, 5.14895587067e-24, 6.16008228024e-24, 1.09445836238e-23, 1.1024957506e-23, 9.92693333458e-24, 1.53077101817e-23, 1.24607963718e-23, 2.68628910789e-23, 3.46540190113e-23, 3.85371142421e-23, 5.46438647901e-23, 7.67772191978e-23, 9.68876691873e-23, 1.59143562085e-22, 2.12136839561e-22, 2.53489937955e-22, 3.55127029419e-22, 5.44899170068e-22, 8.11447065788e-22, 1.17597981631e-21, 1.81222367708e-21],
        "stdev": [8.987338515e-05, 0.00127404381055, 0.00286159105599, 0.00173423008528, 0.00788082182407, 0.00260231131688, 0.00086889200611, 0.00158108328469, 0.000926224165596, 0.000966451771092, 0.000835244776681, 0.00118327734526, 0.00140829291195, 0.00126546400134, 0.00126450764947, 0.0011764470255, 0.000926989130676, 0.000703467871062, 0.000684290367644, 0.000552146753762, 0.00264688418247, 0.00308704795316, 0.00200024689548, 0.000689355598297, 0.000208664263482, 3.24782267853e-05, 1.07327295495e-07]
    },
    "erbbands": {
        "max": [0.110872924328, 3.74122357368, 31.2271938324, 30.7894420624, 422.556549072, 380.12322998, 315.641265869, 489.439758301, 197.773361206, 440.539916992, 794.966247559, 302.850494385, 332.092773438, 301.493560791, 549.251831055, 758.55090332, 728.25769043, 647.295288086, 773.137512207, 530.883850098, 467.482513428, 477.528686523, 687.526977539, 1269.71337891, 600.655822754, 356.324737549, 2370.32397461, 2947.02319336, 2478.7121582, 1625.66662598, 1209.70581055, 568.321533203, 112.466682434, 67.3886947632, 25.6669807434, 4.54796409607, 0.910878479481, 0.0543170012534, 0.00202487315983, 0.000717035902198],
        "mean": [0.00485851289704, 0.0946800261736, 0.643341839314, 0.90428674221, 3.13428115845, 4.02108478546, 3.00828838348, 3.70823001862, 2.1504149437, 2.72211265564, 7.24848031998, 6.21343278885, 8.66368865967, 9.46848869324, 13.6697216034, 19.990737915, 25.9537887573, 28.0545253754, 29.4832553864, 30.1053752899, 27.7293682098, 21.650308609, 13.3793926239, 9.45377254486, 7.00731182098, 7.03797578812, 11.7505283356, 13.8303356171, 13.5643472672, 8.35733318329, 5.92662477493, 2.6779859066, 0.835118532181, 0.386018037796, 0.130290359259, 0.0373341031373, 0.00660663982853, 0.000358064484317, 1.81600589713e-05, 1.3684320038e-05],
        "min": [5.65514314332e-23, 1.96329354441e-22, 1.78591343671e-21, 3.21057896495e-21, 8.38610487629e-21, 1.51430920764e-20, 3.01511081438e-20, 3.33215266418e-20, 7.61122098082e-20, 1.08939454029e-19, 1.635326119e-19, 3.51180485487e-19, 3.78912594402e-19, 5.16876523656e-19, 5.81338243503e-19, 9.90835918602e-19, 1.22992058394e-18, 1.52469838934e-18, 1.87565251168e-18, 2.87938469302e-18, 3.08574640352e-18, 3.84049742728e-18, 4.69664300975e-18, 5.3896826375e-18, 5.85764559339e-18, 7.67564630472e-18, 7.72321249866e-18, 8.8384389072e-18, 8.67969053994e-18, 8.2827257368e-18, 1.08376740636e-17, 1.09078611657e-17, 8.67141707945e-18, 7.49377244907e-18, 6.10396095465e-18, 4.02303923127e-18, 2.12535414358e-18, 8.85103728152e-19, 2.26769212637e-19, 2.47488513399e-20],
        "stdev": [0.0108486134559, 0.394151329994, 2.93307232857, 3.55913043022, 21.215467453, 26.6160697937, 17.5009727478, 23.2621059418, 10.3555555344, 17.6926403046, 42.1060066223, 21.7914714813, 27.3381843567, 24.2301654816, 36.4198112488, 50.2024116516, 63.1841545105, 62.8627243042, 67.4714508057, 67.6536178589, 60.2448539734, 50.6589927673, 37.3252220154, 43.781578064, 24.111497879, 27.4975509644, 88.1515274048, 116.444602966, 117.284591675, 69.733581543, 57.2723426819, 27.1779937744, 6.03638601303, 3.09084677696, 0.997278153896, 0.228931099176, 0.0500202253461, 0.00307086110115, 0.000105396538856, 4.12952795159e-05]
    },
    "gfcc": {
        "mean": [-540.363647461, 38.5544624329, -79.9183578491, 27.3186473846, -39.1053543091, 18.6615943909, -28.2152843475, 8.27939796448, -16.2895336151, 4.82306241989, -10.8414144516, 0.705275952816, -4.66013288498],
        "cov": [[326572.9375, 17248.9472656, -38020.6914062, 11426.6123047, -17243.0351562, 8144.94628906, -12251.2587891, 3183.21777344, -6802.96875, 1842.47717285, -4535.77441406, 201.494567871, -1762.28137207], [17248.9472656, 1537.65734863, -1686.29101562, 612.789855957, -859.07208252, 346.164642334, -705.484375, 119.031021118, -386.86807251, 40.4111633301, -260.67086792, -76.6357955933, -132.518005371], [-38020.6914062, -1686.29101562, 5760.96923828, -875.895324707, 1861.01782227, -889.128723145, 1263.09191895, -222.162857056, 546.338012695, -134.006469727, 344.845092773, -42.1968917847, 34.8501663208], [11426.6123047, 612.789855957, -875.895324707, 677.630126953, -632.881835938, 333.870666504, -500.949554443, 169.784133911, -357.626708984, 91.7111434937, -230.105285645, 30.6694450378, -115.039382935], [-17243.0351562, -859.07208252, 1861.01782227, -632.881835938, 992.906738281, -443.491729736, 657.572814941, -213.454711914, 382.751373291, -131.733016968, 262.817840576, -15.8838167191, 115.645439148], [8144.94628906, 346.164642334, -889.128723145, 333.870666504, -443.491729736, 253.154922485, -307.806243896, 113.63419342, -191.086257935, 68.7102203369, -127.362136841, 21.7396259308, -53.8246841431], [-12251.2587891, -705.484375, 1263.09191895, -500.949554443, 657.572814941, -307.806243896, 530.447937012, -138.456634521, 303.530151367, -86.0491790771, 195.293426514, -16.9927253723, 86.751083374], [3183.21777344, 119.031021118, -222.162857056, 169.784133911, -213.454711914, 113.63419342, -138.456634521, 111.273208618, -96.7009887695, 56.9805412292, -70.8580703735, 16.1307010651, -46.6427001953], [-6802.96875, -386.86807251, 546.338012695, -357.626708984, 382.751373291, -191.086257935, 303.530151367, -96.7009887695, 225.594497681, -50.7260780334, 135.824554443, -13.9415512085, 67.2929763794], [1842.47717285, 40.4111633301, -134.006469727, 91.7111434937, -131.733016968, 68.7102203369, -86.0491790771, 56.9805412292, -50.7260780334, 60.1182250977, -32.7388572693, 17.4745349884, -25.1432285309], [-4535.77441406, -260.67086792, 344.845092773, -230.105285645, 262.817840576, -127.362136841, 195.293426514, -70.8580703735, 135.824554443, -32.7388572693, 108.651260376, 1.3528431654, 52.6139221191], [201.494567871, -76.6357955933, -42.1968917847, 30.6694450378, -15.8838167191, 21.7396259308, -16.9927253723, 16.1307010651, -13.9415512085, 17.4745349884, 1.3528431654, 36.4043617249, 8.33081150055], [-1762.28137207, -132.518005371, 34.8501663208, -115.039382935, 115.645439148, -53.8246841431, 86.751083374, -46.6427001953, 67.2929763794, -25.1432285309, 52.6139221191, 8.33081150055, 52.5966339111]],
        "icov": [[0.000557129329536, -0.0012488225475, 0.00156796188094, -0.00153617188334, 0.00315216556191, -0.0021067080088, 0.000619149592239, 0.000905748340301, -0.000143092518556, -9.42229526117e-05, 0.00116044655442, -0.000326165289152, 0.00084592832718], [-0.0012488225475, 0.00638286257163, -0.00375010888092, 0.00322053022683, -0.0062111383304, 0.00515181850642, 0.00496241170913, -0.00186976836994, 0.000167364938534, 0.00385781354271, -0.00571537017822, 0.00936529692262, -0.00128241383936], [0.00156796188094, -0.00375010888092, 0.00620162719861, -0.00564878201112, 0.0060001234524, -0.000769673846662, -0.00215360242873, 0.00114344106987, 0.00277600716799, -0.0049899877049, 0.00683390302584, -0.000903337437194, 0.00457854615524], [-0.00153617188334, 0.00322053022683, -0.00564878201112, 0.0166719704866, -0.00817370787263, -0.00241510989144, 0.0021576017607, -0.000724991608877, 0.00844430457801, 0.0040972889401, 0.000251738412771, -0.00480652553961, -0.000185391472769], [0.00315216556191, -0.0062111383304, 0.0060001234524, -0.00817370787263, 0.0320110395551, -0.012846024707, 0.00342000182718, 0.00959808658808, -0.00608507823199, 0.0108782015741, -0.00343607738614, -0.00623719906434, 0.00486498046666], [-0.0021067080088, 0.00515181850642, -0.000769673846662, -0.00241510989144, -0.012846024707, 0.0484676286578, -0.0113784503192, -0.0126166110858, 0.0095428256318, -0.0143048092723, 0.00717933895066, 0.000375691510271, -0.00324452947825], [0.000619149592239, 0.00496241170913, -0.00215360242873, 0.0021576017607, 0.00342000182718, -0.0113784503192, 0.0358616225421, -0.000771758961491, -0.015817400068, 0.0176385529339, -0.0118579557166, 0.0142963845283, -0.00133677944541], [0.000905748340301, -0.00186976836994, 0.00114344106987, -0.000724991608877, 0.00959808658808, -0.0126166110858, -0.000771758961491, 0.0329107418656, -0.0026224993635, -0.00983791984618, 0.0073573095724, -0.00966368988156, 0.0125600947067], [-0.000143092518556, 0.000167364938534, 0.00277600716799, 0.00844430457801, -0.00608507823199, 0.0095428256318, -0.015817400068, -0.0026224993635, 0.0480410568416, -0.0140562886372, -0.00624208990484, 0.00901179201901, -0.00420180615038], [-9.42229526117e-05, 0.00385781354271, -0.0049899877049, 0.0040972889401, 0.0108782015741, -0.0143048092723, 0.0176385529339, -0.00983791984618, -0.0140562886372, 0.0584124624729, -0.0217224899679, -0.0099987462163, 0.0116776954383], [0.00116044655442, -0.00571537017822, 0.00683390302584, 0.000251738412771, -0.00343607738614, 0.00717933895066, -0.0118579557166, 0.0073573095724, -0.00624208990484, -0.0217224899679, 0.0720105394721, -0.0176438130438, -0.0101490430534], [-0.000326165289152, 0.00936529692262, -0.000903337437194, -0.00480652553961, -0.00623719906434, 0.000375691510271, 0.0142963845283, -0.00966368988156, 0.00901179201901, -0.0099987462163, -0.0176438130438, 0.0748136416078, -0.0258078183979], [0.00084592832718, -0.00128241383936, 0.00457854615524, -0.000185391472769, 0.00486498046666, -0.00324452947825, -0.00133677944541, 0.0125600947067, -0.00420180615038, 0.0116776954383, -0.0101490430534, -0.0258078183979, 0.065210133791]]
    },
    "melbands": {
        "max": [0.00213851337321, 0.0108990995213, 0.0134979421273, 0.0344853587449, 0.00876244530082, 0.0100168734789, 0.00287559279241, 0.00425727572292, 0.00610118778422, 0.00175194477197, 0.0017066168366, 0.00106852641329, 0.00216568959877, 0.00164908438455, 0.00220261863433, 0.00144062191248, 0.00128997606225, 0.00137995241676, 0.00087652890943, 0.000978456460871, 0.000553777441382, 0.000589324627072, 0.000443086435553, 0.000711131840944, 0.00110209092963, 0.000663098820951, 0.000207492528716, 0.000266491639195, 0.00102186237928, 0.00204551033676, 0.00164869765285, 0.00165046786424, 0.00093827751698, 0.000860871106852, 0.000583668646868, 0.000841414614115, 0.000194106527488, 8.91334784683e-05, 7.75484295445e-05, 5.61206616112e-05],
        "mean": [6.79961158312e-05, 0.000256996572716, 0.000220396876102, 0.000289027113467, 0.000113166097435, 8.19909982965e-05, 3.19575010508e-05, 3.31774899678e-05, 5.81916683586e-05, 3.79639932362e-05, 4.40363182861e-05, 3.85712519346e-05, 4.10973152611e-05, 5.05264979438e-05, 5.66786693526e-05, 5.71827113163e-05, 5.10488134751e-05, 4.70218037663e-05, 4.2366773414e-05, 3.83303122362e-05, 3.12400552502e-05, 2.37386338995e-05, 1.53907803906e-05, 9.58261898631e-06, 7.50370918468e-06, 5.44072918274e-06, 4.80301832795e-06, 4.45121668236e-06, 6.19554839432e-06, 8.57545092003e-06, 8.02286285762e-06, 8.47747833177e-06, 5.62439890928e-06, 4.34077901446e-06, 3.42191378877e-06, 2.85963687929e-06, 1.15199861739e-06, 5.89374735682e-07, 4.46644463636e-07, 2.80708832179e-07],
        "min": [1.04489281176e-24, 7.05213989832e-25, 5.91827166228e-25, 8.35615014744e-25, 1.05566638375e-24, 8.37762984381e-25, 1.04297223128e-24, 1.43565131407e-24, 1.31050720893e-24, 1.69451700619e-24, 1.65207954355e-24, 1.57073506662e-24, 1.34277378932e-24, 1.26555367442e-24, 2.26572408792e-24, 1.29751082412e-24, 2.29516339082e-24, 2.05060467729e-24, 2.71011960976e-24, 3.17744771254e-24, 3.25109261121e-24, 3.37767283763e-24, 4.22591840294e-24, 3.46887856891e-24, 3.27273027698e-24, 3.42216419826e-24, 4.01178684338e-24, 4.29747005919e-24, 2.79891142667e-24, 4.83580451813e-24, 4.60175422072e-24, 4.23725315085e-24, 3.9806252599e-24, 4.66011375606e-24, 5.07352262433e-24, 3.99753173239e-24, 6.02530815559e-24, 4.25553894664e-24, 5.0708748127e-24, 5.57120826411e-24],
        "stdev": [0.000216897082282, 0.0010858271271, 0.000968413893133, 0.00196515675634, 0.00062861549668, 0.000497524801176, 0.000157827453222, 0.000199720074306, 0.000327675254084, 0.000129669031594, 0.000142246746691, 0.000102386591607, 0.000116808529128, 0.000128840460093, 0.000145602767589, 0.000139115058118, 0.000116162525956, 0.000111463552457, 9.5474657428e-05, 8.88097492862e-05, 6.93270776537e-05, 5.75492704229e-05, 3.76812095055e-05, 3.27938687406e-05, 3.74871160602e-05, 2.24580180657e-05, 1.57467220561e-05, 1.82663261512e-05, 4.08787927881e-05, 7.5565338193e-05, 6.70984809403e-05, 7.66909652157e-05, 4.60021183244e-05, 3.67438515241e-05, 3.14018507197e-05, 3.36305820383e-05, 1.04273440229e-05, 4.17899946115e-06, 3.46899764736e-06, 2.31096169045e-06]
    },
    "melbands128": {
        "max": [0.000715382455382, 0.000661990372464, 0.00223685312085, 0.00815503485501, 0.0166892018169, 0.0120995109901, 0.00657346099615, 0.011177062057, 0.050111874938, 0.0595948398113, 0.0252598561347, 0.0192456506193, 0.0152633441612, 0.0143220517784, 0.018321769312, 0.00342626590282, 0.00369114964269, 0.00416091922671, 0.00630689226091, 0.00695963623002, 0.00524065643549, 0.00672140903771, 0.0104891071096, 0.00482057686895, 0.00318748620339, 0.00199054880068, 0.00290733180009, 0.0028875763528, 0.00336117786355, 0.00133077823557, 0.00102589896414, 0.00401795236394, 0.00150079489686, 0.00238361652009, 0.00142101454549, 0.00200672145002, 0.00234272936359, 0.00241476390511, 0.00200275052339, 0.00164816563483, 0.00251317606308, 0.00135760346893, 0.001510946895, 0.00139737874269, 0.00253502652049, 0.0019218842499, 0.00137221545447, 0.000959883269388, 0.0013837282313, 0.00100067106541, 0.0015986179933, 0.00077163928654, 0.000602993706707, 0.000844666617922, 0.000986282830127, 0.000723753124475, 0.000604639935773, 0.000539087806828, 0.000575178710278, 0.000779441616032, 0.000532308826223, 0.000611373106949, 0.00158646237105, 0.000790244725067, 0.00124783162028, 0.00076902913861, 0.000269650510745, 0.000236691455939, 0.000265899521764, 0.000230162433581, 0.000498525623698, 0.000399762764573, 0.000310893461574, 0.000567503622733, 0.00306893093511, 0.00177110708319, 0.00180764344987, 0.00228966400027, 0.00071471859701, 0.00221353094094, 0.00255645182915, 0.00103705388028, 0.00127565057483, 0.000786992139183, 0.000724709243514, 0.00139154039789, 0.000674605485983, 0.000612998148426, 0.000472301006084, 0.00109081924893, 0.000992877292447, 0.00092719309032, 0.000453775544884, 0.000183539304999, 0.000234652092331, 0.000123902282212, 8.32710575196e-05, 4.43436620117e-05, 0.000111152541649, 7.26367943571e-05, 5.42664856766e-05, 6.8023437052e-05, 3.460944572e-05, 3.00274732581e-05, 4.4135722419e-05, 1.66221816471e-05, 1.41457303471e-05, 7.77110381023e-06, 8.53067831486e-06, 6.13263409832e-06, 5.94063476456e-06, 4.37364815298e-06, 2.2645763238e-06, 2.41670250034e-06, 1.56363762471e-06, 1.43623580584e-07, 2.35963213413e-08, 1.75139032166e-08, 1.69327645239e-08, 1.64623710219e-08, 1.60855417874e-08, 1.5756327798e-08, 1.54690873444e-08, 1.51593617659e-08, 1.48636472019e-08, 1.46871839135e-08, 1.45329330792e-08, 1.44568934601e-08],
        "mean": [4.26164078817e-05, 3.2983134588e-05, 5.28820200998e-05, 0.000179901457159, 0.000338002253557, 0.000266746676061, 0.000156970476382, 0.000188629419426, 0.000328355963575, 0.00038649738417, 0.000202641909709, 0.000101316916698, 8.85353656486e-05, 0.00012186668755, 0.000104301478132, 4.64288823423e-05, 3.47473360307e-05, 2.80943804682e-05, 3.02672324324e-05, 2.70884611382e-05, 2.90611587843e-05, 6.52296948829e-05, 7.32372136554e-05, 3.62291393685e-05, 3.77195356123e-05, 3.89328379242e-05, 3.60765770893e-05, 4.33261920989e-05, 5.47265481146e-05, 3.97149851779e-05, 3.20749059028e-05, 3.63068611478e-05, 3.92563415517e-05, 4.62949683424e-05, 5.05585012434e-05, 5.08821649419e-05, 5.20113717357e-05, 5.92488722759e-05, 5.66938579141e-05, 5.76803904551e-05, 5.78131257498e-05, 5.57889034098e-05, 5.15968786203e-05, 4.77485773445e-05, 4.96104221384e-05, 4.58687391074e-05, 4.66804522148e-05, 4.16428665631e-05, 4.10913744417e-05, 4.09089589084e-05, 3.923190161e-05, 3.43976971635e-05, 3.21329862345e-05, 3.03822635033e-05, 2.7732563467e-05, 2.3831924409e-05, 2.00544400286e-05, 1.65795354405e-05, 1.43793467942e-05, 1.15053508125e-05, 9.0488101705e-06, 8.35886567074e-06, 8.19315118861e-06, 6.95101789461e-06, 6.95567723596e-06, 5.58993133382e-06, 4.31070293416e-06, 4.64428012492e-06, 5.19410559718e-06, 4.62416710434e-06, 4.50840207122e-06, 4.329485364e-06, 4.18670924773e-06, 5.59060890737e-06, 1.01667892523e-05, 8.3634213297e-06, 8.31530815049e-06, 8.13622682472e-06, 6.5637359512e-06, 9.32494094741e-06, 1.05924236777e-05, 6.69623614158e-06, 7.15044734534e-06, 5.66041398997e-06, 4.12775852965e-06, 4.72848932986e-06, 4.25226198786e-06, 4.09750828112e-06, 2.71945941677e-06, 3.67168308912e-06, 3.50997493115e-06, 2.57478473031e-06, 1.97146709979e-06, 8.9593231678e-07, 9.0375056061e-07, 6.78455364778e-07, 5.10893642058e-07, 4.37137344989e-07, 5.24516792666e-07, 3.91244697084e-07, 3.26603185385e-07, 2.74109225984e-07, 2.1475283063e-07, 1.7666653207e-07, 1.52165355871e-07, 1.00775132239e-07, 8.73159251569e-08, 6.79516887203e-08, 6.15072579535e-08, 5.46912666266e-08, 4.419830546e-08, 2.36699175815e-08, 1.35624098618e-08, 1.1368040731e-08, 7.34877625419e-09, 8.80351569421e-10, 7.87294812676e-11, 1.65171105959e-11, 1.58921539123e-11, 1.5442779e-11, 1.50793735137e-11, 1.48136329592e-11, 1.46076692409e-11, 1.42715665674e-11, 1.37440354236e-11, 1.30856506186e-11, 1.26926975874e-11, 1.258921873e-11],
        "min": [1.29182775615e-26, 6.9994155169e-26, 3.26814176892e-25, 1.23143627843e-25, 2.50186767705e-25, 1.9626277537e-25, 3.68704416592e-25, 3.21196205348e-25, 4.64572660948e-25, 1.53017568457e-25, 2.24388624869e-25, 1.56553267686e-25, 3.27180824649e-25, 4.38401756683e-25, 1.58616064998e-25, 2.10924199028e-25, 4.89614803865e-25, 2.18956380765e-25, 2.60949665421e-25, 4.90681393113e-25, 3.79114274401e-25, 2.98292319218e-25, 6.67176941223e-25, 2.90995922838e-25, 4.69447772038e-25, 6.54261710483e-25, 2.00655880121e-25, 8.43000429146e-25, 6.85050113449e-25, 6.2259052286e-25, 1.13653616362e-24, 4.59033328975e-25, 5.46174553047e-25, 8.18985777558e-25, 6.60784899916e-25, 7.53773259625e-25, 8.21514668405e-25, 4.94873054836e-25, 8.58624706843e-25, 5.19051444366e-25, 6.13206825177e-25, 7.20776884289e-25, 8.44995458376e-25, 1.00650033201e-24, 5.9019106871e-25, 5.32932339462e-25, 1.59920604277e-24, 9.1842854789e-25, 9.67371056172e-25, 9.16035143904e-25, 1.04665798664e-24, 1.47943181241e-24, 1.24196505702e-24, 1.6096278814e-24, 7.18434460439e-25, 1.60340406468e-24, 1.97201855113e-24, 2.104174052e-24, 1.83283706061e-24, 1.01473160252e-24, 1.12432676618e-24, 1.49803187066e-24, 1.01738365427e-24, 1.31737759577e-24, 1.53862783613e-24, 1.17859980481e-24, 1.66946100891e-24, 2.2665734939e-24, 2.57513229545e-24, 2.08371671936e-24, 1.69864984848e-24, 1.82777553182e-24, 2.38049605266e-24, 1.31564831405e-24, 2.15492384061e-24, 2.81771550406e-24, 1.38793962602e-24, 2.70573137376e-24, 2.13713660492e-24, 3.24859014721e-24, 2.73999337781e-24, 2.41607170734e-24, 3.07077813816e-24, 2.47910642683e-24, 1.95133718199e-24, 2.3219781535e-24, 2.18243497025e-24, 2.80175763681e-24, 1.86244932127e-24, 3.10334310518e-24, 2.76869864564e-24, 2.14573755537e-24, 3.31252554864e-24, 3.50368035104e-24, 1.50154545713e-24, 3.12329556684e-24, 3.17707103146e-24, 3.7568384373e-24, 3.06168336078e-24, 4.04231418269e-24, 3.60301489951e-24, 4.28675575038e-24, 4.0152168106e-24, 3.76490335676e-24, 4.32982834467e-24, 3.50216928797e-24, 3.95362846757e-24, 3.69860669743e-24, 3.59798709453e-24, 4.69003248918e-24, 4.34675729969e-24, 3.65815036033e-24, 3.35488698482e-24, 4.6588164743e-24, 4.54168640709e-24, 3.40372733561e-24, 3.92617610807e-24, 4.31907183179e-24, 5.0292229569e-24, 5.03158756747e-24, 4.75586963704e-24, 4.72329007608e-24, 5.08376677204e-24, 3.96387892618e-24, 5.02903560244e-24, 5.46894230851e-24, 4.98442315167e-24, 5.14708429817e-24],
        "stdev": [5.48611897102e-05, 4.87695360789e-05, 0.00020938187663, 0.000812849728391, 0.00155638228171, 0.00126953958534, 0.000666920212097, 0.00100926391315, 0.00249487184919, 0.0032143520657, 0.00146658928134, 0.000730543455575, 0.000675545947161, 0.000863514142111, 0.00079700211063, 0.00022905539663, 0.000187212834135, 0.000177407520823, 0.000224555871682, 0.00024715292966, 0.000208307988942, 0.00041047076229, 0.000489405589178, 0.000199709436856, 0.000162313197507, 0.00012943377078, 0.000136992384796, 0.000157321046572, 0.000222087590373, 0.000124796395539, 9.00533050299e-05, 0.000148617851664, 0.000115398499474, 0.000145893878653, 0.000134949063067, 0.000154109322466, 0.000143622150063, 0.00017065530119, 0.00015906036424, 0.000159416362294, 0.00016042056086, 0.000143415774801, 0.000129115549498, 0.000119508105854, 0.00014232758258, 0.000120266122394, 0.00012218329357, 0.000103041595139, 0.000106994717498, 0.0001050230494, 0.000103495360236, 8.61583612277e-05, 7.67858145991e-05, 7.54457432777e-05, 7.6272066508e-05, 6.52133312542e-05, 5.09032070113e-05, 4.28399689554e-05, 4.07387633459e-05, 4.00507778977e-05, 3.00816282106e-05, 3.20762919728e-05, 5.25057985215e-05, 3.0802366382e-05, 3.88808293792e-05, 2.56783223449e-05, 1.31979495563e-05, 1.51975737026e-05, 1.9243454517e-05, 1.69391769305e-05, 2.20666461246e-05, 2.07476459764e-05, 1.99100522877e-05, 3.26463050442e-05, 0.000101351251942, 6.84322876623e-05, 7.6150347013e-05, 8.1298952864e-05, 4.64796466986e-05, 8.76379635883e-05, 0.000109380227514, 5.70135744056e-05, 6.24182648608e-05, 4.83090589114e-05, 3.42267558153e-05, 4.84001393488e-05, 3.42112944054e-05, 3.50485279341e-05, 2.41994348471e-05, 4.4851716666e-05, 4.0934268327e-05, 3.3995067497e-05, 2.10556881939e-05, 7.6237470239e-06, 8.37125844555e-06, 5.07509685121e-06, 3.62025116374e-06, 2.75852357845e-06, 4.41957672592e-06, 3.34837113769e-06, 2.69972224487e-06, 2.4959476832e-06, 1.56433668508e-06, 1.27363648517e-06, 1.46255251821e-06, 6.96610982232e-07, 5.78636274895e-07, 3.89367244225e-07, 3.82731201398e-07, 3.08226844936e-07, 3.05361936626e-07, 1.97987702677e-07, 1.21307053291e-07, 1.19837778811e-07, 7.79239499593e-08, 7.6818835737e-09, 1.02256647594e-09, 4.95132268519e-10, 4.78704909046e-10, 4.6540632459e-10, 4.54752929757e-10, 4.45444847674e-10, 4.37322206226e-10, 4.28567126232e-10, 4.20213669416e-10, 4.15237511042e-10, 4.10883299606e-10, 4.08734435187e-10]
    },
    "mfcc": {
        "mean": [-933.485473633, 53.2191886902, -2.41368174553, 10.056842804, 4.92269325256, 7.6229429245, 0.103257425129, 1.92116057873, 1.13650345802, 1.15655434132, -0.464673787355, 0.648033797741, 0.458217144012],
        "cov": [[75446.21875, 10598.3769531, -3365.79663086, 1132.9486084, 425.237976074, 1697.4552002, -326.215057373, 392.170715332, 160.252166748, 139.427566528, -155.245773315, 184.680084229, 30.9230155945], [10598.3769531, 2320.16503906, 105.592712402, 392.142425537, 225.918563843, 213.810501099, -22.4795074463, 18.7053928375, 2.34946775436, 30.7640705109, -12.4910383224, -3.18462109566, -21.9222755432], [-3365.79663086, 105.592712402, 1445.00805664, 449.63104248, 211.346923828, -36.8061676025, 144.866668701, -12.945224762, 12.5655536652, 37.0968322754, 12.2088251114, -55.7472801208, -14.7414197922], [1132.9486084, 392.142425537, 449.63104248, 288.030975342, 141.652954102, 58.2668685913, 56.8916015625, 13.8547153473, 0.473731070757, -3.7391076088, -17.2778949738, -24.4263877869, -3.80442476273], [425.237976074, 225.918563843, 211.346923828, 141.652954102, 120.60370636, 31.4071884155, 27.8230056763, 3.98699188232, -4.60321950912, -8.70555686951, -13.5652599335, -11.1896247864, 1.45881855488], [1697.4552002, 213.810501099, -36.8061676025, 58.2668685913, 31.4071884155, 75.5405426025, 6.05892038345, 11.8478155136, 3.22468900681, -4.98791599274, -11.6194915771, -1.47151553631, 0.84472489357], [-326.215057373, -22.4795074463, 144.866668701, 56.8916015625, 27.8230056763, 6.05892038345, 45.8593864441, 11.2815332413, 2.99837684631, 3.27455496788, -1.77036547661, -7.7945895195, 0.878157436848], [392.170715332, 18.7053928375, -12.945224762, 13.8547153473, 3.98699188232, 11.8478155136, 11.2815332413, 30.2616977692, 10.60364151, 1.25766146183, -0.0845879986882, 0.605175673962, 1.31609678268], [160.252166748, 2.34946775436, 12.5655536652, 0.473731070757, -4.60321950912, 3.22468900681, 2.99837684631, 10.60364151, 22.9348697662, 11.2945108414, 5.31145429611, 3.47811365128, 1.07805407047], [139.427566528, 30.7640705109, 37.0968322754, -3.7391076088, -8.70555686951, -4.98791599274, 3.27455496788, 1.25766146183, 11.2945108414, 28.1730728149, 14.4606637955, 3.56651258469, 0.0529435127974], [-155.245773315, -12.4910383224, 12.2088251114, -17.2778949738, -13.5652599335, -11.6194915771, -1.77036547661, -0.0845879986882, 5.31145429611, 14.4606637955, 28.4124488831, 10.5468921661, 1.85085749626], [184.680084229, -3.18462109566, -55.7472801208, -24.4263877869, -11.1896247864, -1.47151553631, -7.7945895195, 0.605175673962, 3.47811365128, 3.56651258469, 10.5468921661, 21.7878189087, 10.0436668396], [30.9230155945, -21.9222755432, -14.7414197922, -3.80442476273, 1.45881855488, 0.84472489357, 0.878157436848, 1.31609678268, 1.07805407047, 0.0529435127974, 1.85085749626, 10.0436668396, 22.5923576355]],
        "icov": [[0.000161298012245, -0.000552654964849, 0.000451244792202, -0.000746459001675, 0.000841353496071, -0.00150105427019, 0.000242729322053, -0.000710583524778, -0.000125537728309, -0.0010785034392, 0.000628818408586, -0.000660745892674, -0.000303801905829], [-0.000552654964849, 0.00289003062062, -0.00108160439413, 0.000643560953904, -0.00375730521046, 0.00392556469887, 0.00122129172087, 0.0024854852818, 0.00131550792139, 0.000880326551851, -0.00239930744283, 0.00149586959742, 0.00233368040062], [0.000451244792202, -0.00108160439413, 0.00446226168424, -0.00773703539744, 0.00175207236316, -0.000174399392563, -0.00279918243177, 0.00233017001301, -0.00267374119721, -0.00584463588893, -0.000687993015163, 0.000372589100152, -0.000159971066751], [-0.000746459001675, 0.000643560953904, -0.00773703539744, 0.0253225676715, -0.0118765234947, -0.00182247126941, -0.00371436076239, -0.00332628632896, 0.00226938608103, 0.0115470066667, -7.44776261854e-05, 0.0056098792702, -0.000588034221437], [0.000841353496071, -0.00375730521046, 0.00175207236316, -0.0118765234947, 0.0259958226234, -0.00774019071832, -0.00140509242192, -0.00220610457473, 0.000781163980719, 0.000211221456993, 0.00597332697362, -0.00474355509505, -0.00527855940163], [-0.00150105427019, 0.00392556469887, -0.000174399392563, -0.00182247126941, -0.00774019071832, 0.0406852401793, -0.00797543022782, 0.00696507887915, -0.00506693311036, 0.0107916397974, -0.00172268622555, 0.00534677878022, 0.00230648857541], [0.000242729322053, 0.00122129172087, -0.00279918243177, -0.00371436076239, -0.00140509242192, -0.00797543022782, 0.0451391004026, -0.0191054008901, 0.00778979482129, -0.0103995557874, 0.002521565184, 0.00322087714449, -0.00383753329515], [-0.000710583524778, 0.0024854852818, 0.00233017001301, -0.00332628632896, -0.00220610457473, 0.00696507887915, -0.0191054008901, 0.0564293712378, -0.0261510275304, 0.0114732226357, -0.00797683093697, 0.00512270256877, 0.00127919798251], [-0.000125537728309, 0.00131550792139, -0.00267374119721, 0.00226938608103, 0.000781163980719, -0.00506693311036, 0.00778979482129, -0.0261510275304, 0.0714169889688, -0.0274950582534, 0.00530938711017, -0.00988984201103, 0.00206374120899], [-0.0010785034392, 0.000880326551851, -0.00584463588893, 0.0115470066667, 0.000211221456993, 0.0107916397974, -0.0103995557874, 0.0114732226357, -0.0274950582534, 0.0768187046051, -0.0300694163889, 0.0111612742767, -0.00158648809884], [0.000628818408586, -0.00239930744283, -0.000687993015163, -7.44776261854e-05, 0.00597332697362, -0.00172268622555, 0.002521565184, -0.00797683093697, 0.00530938711017, -0.0300694163889, 0.0668442770839, -0.0345404185355, 0.00609135068953], [-0.000660745892674, 0.00149586959742, 0.000372589100152, 0.0056098792702, -0.00474355509505, 0.00534677878022, 0.00322087714449, 0.00512270256877, -0.00988984201103, 0.0111612742767, -0.0345404185355, 0.0897641777992, -0.0334036946297], [-0.000303801905829, 0.00233368040062, -0.000159971066751, -0.000588034221437, -0.00527855940163, 0.00230648857541, -0.00383753329515, 0.00127919798251, 0.00206374120899, -0.00158648809884, 0.00609135068953, -0.0334036946297, 0.0613250657916]]
    },
    "spectral_contrast_coeffs": {
        "max": [-0.436075538397, -0.561536848545, -0.652155399323, -0.664540886879, -0.645827293396, -0.511167883873],
        "mean": [-0.843784153461, -0.887014269829, -0.887278914452, -0.891097247601, -0.882278740406, -0.854265630245],
        "min": [-0.986072480679, -0.996491611004, -0.995804905891, -0.982806861401, -0.986780524254, -0.966016352177],
        "stdev": [0.110007472336, 0.0766940265894, 0.0689249187708, 0.0625475496054, 0.070810906589, 0.0950920060277]
    },
    "spectral_contrast_valleys": {
        "max": [-5.09259462357, -4.51404523849, -5.2479634285, -5.1724114418, -4.97781085968, -7.09547233582],
        "mean": [-15.2251691818, -15.0517997742, -15.2787952423, -15.244843483, -15.3121824265, -16.8076877594],
        "min": [-28.5389881134, -28.1437110901, -28.2106800079, -27.6768169403, -27.6166324615, -27.4780769348],
        "stdev": [9.35546112061, 9.49013328552, 9.40612888336, 9.4181842804, 9.3512506485, 8.16571903229]
    }
},
"rhythm": {
    "beats_count": 45,
    "beats_loudness": {
        "max": 0.0819201916456,
        "mean": 0.00815667398274,
        "min": 0,
        "stdev": 0.0176959503442
    },
    "bpm": 97.6290969849,
    "bpm_histogram_first_peak_bpm": 98,
    "bpm_histogram_first_peak_weight": 0.461538434029,
    "bpm_histogram_second_peak_bpm": 105,
    "bpm_histogram_second_peak_spread": 0.285714268684,
    "bpm_histogram_second_peak_weight": 0.113636367023,
    "danceability": 0.723211586475,
    "onset_rate": 0.758272051811,
    "beats_loudness_band_ratio": {
        "max": [0.81622081995, 0.216398134828, 0.452514201403, 0.51254683733, 0.654351472855, 0.856989502907],
        "mean": [0.242416366935, 0.0475728660822, 0.0542870983481, 0.10899489373, 0.115465648472, 0.0671376138926],
        "min": [0, 0, 0, 0, 0, 0],
        "stdev": [0.320506185293, 0.0636741518974, 0.0777469649911, 0.16178356111, 0.177623435855, 0.129202261567]
    },
    "beats_position": [0.626938760281, 1.26548755169, 1.90403628349, 2.54258489609, 3.15791368484, 3.7732424736, 4.38857126236, 5.00390005112, 5.60761880875, 6.21133756638, 6.81505680084, 7.41877555847, 8.0224943161, 8.62621307373, 9.22993183136, 9.82204055786, 10.4141492844, 11.0062580109, 11.5867567062, 12.144036293, 12.7129249573, 13.2818136215, 13.8971424103, 14.5240812302, 15.15102005, 15.7779588699, 16.3932876587, 17.0086174011, 17.6355552673, 18.2624931335, 18.8894329071, 19.458322525, 20.0272102356, 20.5960998535, 21.246257782, 21.8964176178, 22.6046257019, 23.312833786, 24.0210418701, 24.7292518616, 25.4258499146, 26.1224479675, 26.8190479279, 27.5040359497, 28.2006340027],
