{
"metadata": {
    "version": {
        "essentia": "2.1-beta5",
        "essentia_git_sha": "Undefined",
        "extractor": "music 2.0"
    },
    "audio_properties": {
        "analysis": {
            "equal_loudness": 0,
            "length": 32.4963264465,
            "sample_rate": 44100,
            "start_time": 12.7477550507,
            "downmix": "mix"
        },
        "bit_rate": 192000,
        "length": 211.870483398,
        "lossless": 0,
        "number_channels": 2,
        "replay_gain": -0.470941543579,
        "sample_rate": 48000,
        "codec": "mp3",
        "md5_encoded": "eec4b298aebf112872c7797b49854081"
    },
    "tags": {
        "file_name": "Finland_Bye Bye Baby_CatCat.mp3",
        "encoding": ["Lavf58.29.100"]
    }
},
"lowlevel": {
    "average_loudness": 0.872565448284,
    "barkbands_crest": {
        "max": 22.1603832245,
        "mean": 8.18691730499,
        "min": 2.74018502235,
        "stdev": 3.13399505615
    },
    "barkbands_flatness_db": {
        "max": 0.217559099197,
        "mean": 0.127409920096,
        "min": 0.0418933220208,
        "stdev": 0.0286536514759
    },
    "barkbands_kurtosis": {
        "max": 25.7933101654,
        "mean": 1.75919091702,
        "min": -1.87308418751,
        "stdev": 3.05207109451
    },
    "barkbands_skewness": {
        "max": 4.92099618912,
        "mean": 0.984492301941,
        "min": -0.986234128475,
        "stdev": 0.877325415611
    },
    "barkbands_spread": {
        "max": 150.980758667,
        "mean": 20.4960746765,
        "min": 3.64203977585,
        "stdev": 12.7262372971
    },
    "dissonance": {
        "max": 0.499999940395,
        "mean": 0.465528815985,
        "min": 0.362628638744,
        "stdev": 0.0262038242072
    },
    "dynamic_complexity": 4.81417417526,
    "erbbands_crest": {
        "max": 25.1191806793,
        "mean": 8.94955158234,
        "min": 2.02920532227,
        "stdev": 4.2979259491
    },
    "erbbands_flatness_db": {
        "max": 0.294142693281,
        "mean": 0.178572624922,
        "min": 0.0276007596403,
        "stdev": 0.0494279712439
    },
    "erbbands_kurtosis": {
        "max": 8.62252426147,
        "mean": -0.0311239156872,
        "min": -1.48497271538,
        "stdev": 1.0461114645
    },
    "erbbands_skewness": {
        "max": 2.47623872757,
        "mean": 0.302345722914,
        "min": -1.47607314587,
        "stdev": 0.496175527573
    },
    "erbbands_spread": {
        "max": 141.907897949,
        "mean": 31.5866603851,
        "min": 5.69814634323,
        "stdev": 18.1816444397
    },
    "hfc": {
        "max": 93.4984512329,
        "mean": 17.6136837006,
        "min": 0.0967517718673,
        "stdev": 13.2317180634
    },
    "loudness_ebu128": {
        "integrated": -22.8935871124,
        "loudness_range": 10.0002155304,
        "momentary": {
            "max": -19.9043312073,
            "mean": -26.0767784119,
            "min": -44.7999343872,
            "stdev": 6.56887865067
        },
        "short_term": {
            "max": -21.0698795319,
            "mean": -25.1269607544,
            "min": -42.493347168,
            "stdev": 4.83408069611
        }
    },
    "melbands_crest": {
        "max": 30.2466125488,
        "mean": 11.5013942719,
        "min": 3.24370598793,
        "stdev": 4.78874492645
    },
    "melbands_flatness_db": {
        "max": 0.289141356945,
        "mean": 0.169310003519,
        "min": 0.0532278232276,
        "stdev": 0.0434340126812
    },
    "melbands_kurtosis": {
        "max": 110.446289062,
        "mean": 6.89328479767,
        "min": -1.31575381756,
        "stdev": 11.4487962723
    },
    "melbands_skewness": {
        "max": 8.55482387543,
        "mean": 1.74006450176,
        "min": -0.610613882542,
        "stdev": 1.42142283916
    },
    "melbands_spread": {
        "max": 84.1264266968,
        "mean": 23.9803943634,
        "min": 3.50352549553,
        "stdev": 10.3620109558
    },
    "pitch_salience": {
        "max": 0.866211414337,
        "mean": 0.573117613792,
        "min": 0.234313040972,
        "stdev": 0.110313788056
    },
    "silence_rate_20dB": {
        "max": 1,
        "mean": 1,
        "min": 1,
        "stdev": 0
    },
    "silence_rate_30dB": {
        "max": 1,
        "mean": 1,
        "min": 1,
        "stdev": 0
    },
    "silence_rate_60dB": {
        "max": 1,
        "mean": 0.181299075484,
        "min": 0,
        "stdev": 0.385264098644
    },
    "spectral_centroid": {
        "max": 3059.88647461,
        "mean": 1483.2043457,
        "min": 545.984069824,
        "stdev": 452.635437012
    },
    "spectral_complexity": {
        "max": 50,
        "mean": 18.3404712677,
        "min": 0,
        "stdev": 9.65694999695
    },
    "spectral_decrease": {
        "max": -3.87127413459e-11,
        "mean": -5.67679991903e-09,
        "min": -3.03370484289e-08,
        "stdev": 5.02776309474e-09
    },
    "spectral_energy": {
        "max": 0.118588455021,
        "mean": 0.0230231825262,
        "min": 0.000158176975674,
        "stdev": 0.0200107693672
    },
    "spectral_energyband_high": {
        "max": 0.0041841682978,
        "mean": 0.000354592921212,
        "min": 5.83394285059e-06,
        "stdev": 0.000470215542009
    },
    "spectral_energyband_low": {
        "max": 0.0653115287423,
        "mean": 0.0045170080848,
        "min": 1.44729494878e-06,
        "stdev": 0.00704062031582
    },
    "spectral_energyband_middle_high": {
        "max": 0.034703116864,
        "mean": 0.00594913540408,
        "min": 9.44535895542e-06,
        "stdev": 0.00456068851054
    },
    "spectral_energyband_middle_low": {
        "max": 0.0789828374982,
        "mean": 0.01288079191,
        "min": 1.54647768795e-05,
        "stdev": 0.0134135736153
    },
    "spectral_entropy": {
        "max": 8.53693962097,
        "mean": 7.57828474045,
        "min": 6.62006759644,
        "stdev": 0.364426314831
    },
    "spectral_flux": {
        "max": 0.233839333057,
        "mean": 0.0674009397626,
        "min": 0.00708607956767,
        "stdev": 0.0377910472453
    },
    "spectral_kurtosis": {
        "max": 13.5550804138,
        "mean": 4.83350229263,
        "min": 0.520156383514,
        "stdev": 2.12719655037
    },
    "spectral_rms": {
        "max": 0.010756210424,
        "mean": 0.00417331466451,
        "min": 0.000392834568629,
        "stdev": 0.00224612723105
    },
    "spectral_rolloff": {
        "max": 15633.1054688,
        "mean": 1643.74499512,
        "min": 64.599609375,
        "stdev": 1491.54077148
    },
    "spectral_skewness": {
        "max": 3.10921001434,
        "mean": 1.54758036137,
        "min": 0.413272976875,
        "stdev": 0.293485015631
    },
    "spectral_spread": {
        "max": 27264324,
        "mean": 3838225,
        "min": 2365598.5,
        "stdev": 1437850.25
    },
    "spectral_strongpeak": {
        "max": 11.3029565811,
        "mean": 1.13809037209,
        "min": 0,
        "stdev": 1.13066160679
    },
    "zerocrossingrate": {
        "max": 0.390625,
        "mean": 0.0633667781949,
        "min": 0.00830078125,
        "stdev": 0.030141858384
    },
    "barkbands": {
        "max": [0.00134140287992, 0.031761597842, 0.0487525872886, 0.030353628099, 0.0449709035456, 0.0388766266406, 0.0386401042342, 0.0532099455595, 0.0524519570172, 0.015449934639, 0.0142679847777, 0.0183644369245, 0.0164976045489, 0.0185140222311, 0.00779548380524, 0.0101175997406, 0.00513562466949, 0.00489857234061, 0.00593917723745, 0.0050138765946, 0.0025537267793, 0.00106461532414, 0.000498823123053, 0.000930745212827, 0.000293277902529, 0.000140745250974, 0.000437897717347],
        "mean": [0.000132457353175, 0.00222070747986, 0.0016683175927, 0.0017178527778, 0.00366219319403, 0.00139689899515, 0.00177144969348, 0.00223800889216, 0.00171118788421, 0.000841085042339, 0.000807496602647, 0.000907819834538, 0.000519012333825, 0.000679140037391, 0.000627250934485, 0.000452018517535, 0.000517724023666, 0.000402345438488, 0.000263460591668, 0.000215345367906, 0.000121013479657, 6.49512949167e-05, 3.39123798767e-05, 2.63165511569e-05, 1.44339455801e-05, 6.36966933598e-06, 4.42436521553e-06],
        "min": [1.15890384222e-06, 5.74337946091e-07, 7.17207715439e-09, 8.33235702657e-09, 2.56387835407e-07, 8.12897610558e-07, 7.39800839256e-07, 3.21727611663e-07, 7.26807229512e-07, 8.61338435243e-07, 4.02048243586e-07, 2.95461745736e-07, 2.83703343484e-07, 1.61146232358e-07, 3.70858998622e-07, 3.46585977695e-07, 2.93315309818e-07, 4.76971536045e-07, 5.8298849126e-07, 4.66091165663e-07, 6.9043755957e-07, 4.49942348268e-07, 5.48818945845e-07, 3.05948390178e-07, 1.19050518776e-07, 1.41958285127e-08, 1.29261198967e-10],
        "stdev": [0.00014852755703, 0.00399569608271, 0.00335104227997, 0.00310797174461, 0.00537978764623, 0.0027202393394, 0.00338513846509, 0.0046474756673, 0.00376054248773, 0.00148594763596, 0.00155399937648, 0.00177765882108, 0.0010389063973, 0.00106932083145, 0.000695102557074, 0.00059566629352, 0.000612759729847, 0.000541431130841, 0.000405481172493, 0.000404196442105, 0.000194722073502, 0.000118782663776, 5.49714131921e-05, 4.83491930936e-05, 2.60208726104e-05, 1.36345788633e-05, 2.47535554081e-05]
    },
    "erbbands": {
        "max": [0.741278886795, 9.1900806427, 49.9693603516, 49.2806015015, 212.408477783, 100.168060303, 67.4841995239, 455.279693604, 288.149902344, 1031.4342041, 1127.43737793, 1483.17126465, 716.939941406, 497.029388428, 681.565246582, 657.545654297, 879.802490234, 1132.18664551, 363.348724365, 607.565368652, 694.255065918, 328.882263184, 194.956451416, 264.722259521, 224.669906616, 297.651855469, 145.110671997, 44.8684577942, 41.2761268616, 23.6115379333, 13.5753002167, 10.7534217834, 19.5034561157, 3.53227376938, 1.90766644478, 0.802193641663, 0.241877064109, 0.731334090233, 0.0185738597065, 0.000325659610098],
        "mean": [0.0455155409873, 0.566231787205, 1.83845508099, 3.68679285049, 11.6517715454, 12.1857004166, 6.45054292679, 13.3833017349, 15.875667572, 41.1063461304, 53.5947303772, 37.7435112, 39.4385948181, 28.6253738403, 34.2638549805, 37.1606674194, 27.0414905548, 36.2981300354, 29.5357303619, 32.8179664612, 28.5623607635, 24.1187705994, 21.6209430695, 17.1762104034, 13.5662755966, 9.83230781555, 6.23673677444, 3.42064857483, 2.43915510178, 1.42611312866, 0.907622933388, 0.589532196522, 0.394182085991, 0.184533894062, 0.0925885438919, 0.0381581559777, 0.0107814250514, 0.00786688830703, 0.000219990921323, 3.15250763379e-05],
        "min": [3.02239677694e-05, 3.39049292961e-05, 4.02840014431e-05, 9.44905696088e-05, 5.3869200201e-05, 0.000610157556366, 0.00333351944573, 0.00407324777916, 0.00919074006379, 0.00687418365851, 0.010951474309, 0.0173103809357, 0.0223717875779, 0.0300183407962, 0.013676982373, 0.018983554095, 0.0194924082607, 0.0130353998393, 0.0137876039371, 0.0297160483897, 0.0199258364737, 0.020759023726, 0.0229028239846, 0.0251979269087, 0.0270162839442, 0.0223685037345, 0.030316548422, 0.0246386900544, 0.0156472604722, 0.0191706381738, 0.013829736039, 0.00669660093263, 0.00506450608373, 0.00206755357794, 0.00053096213378, 0.000142547884025, 8.47241972224e-06, 4.63659489469e-07, 2.26738634979e-07, 3.02595253743e-07],
        "stdev": [0.0807160586119, 1.04695284367, 3.48845934868, 5.65213537216, 23.8564987183, 17.8350696564, 8.14824962616, 29.291217804, 27.8580150604, 86.6790390015, 109.225021362, 88.1742095947, 72.0064544678, 41.9203720093, 60.3469619751, 59.8701629639, 53.5223770142, 61.0933914185, 32.8805084229, 48.6171607971, 37.0392036438, 26.9436073303, 25.0642528534, 22.7774982452, 18.9917411804, 17.2092876434, 10.0551176071, 5.16154289246, 4.50590133667, 2.34004616737, 1.46389389038, 0.950080633163, 0.826303899288, 0.325352609158, 0.179997548461, 0.0785942524672, 0.0250463280827, 0.0412244610488, 0.00105036236346, 2.75038219115e-05]
    },
    "gfcc": {
        "mean": [-25.5069141388, 96.5399017334, -149.137405396, 28.793598175, -56.7904663086, 13.8745946884, -35.6322593689, 12.0138530731, -22.0860767365, 1.52018225193, -15.7494421005, -3.31817150116, -7.88364458084],
        "cov": [[6911.48632812, 1693.75195312, -75.6435470581, 147.822616577, -58.3788909912, -650.828552246, -107.174331665, -27.3029766083, -57.075920105, -193.328475952, -149.447784424, -447.887176514, -288.783691406], [1693.75195312, 1331.78527832, 176.539245605, 258.657531738, -18.0661354065, -325.851776123, -120.646911621, -15.1893148422, -63.1229629517, -111.361206055, -40.2002105713, -228.608779907, -54.3386154175], [-75.6435470581, 176.539245605, 1341.109375, 304.845031738, 111.76852417, -101.496017456, -107.282356262, 40.8561782837, -138.917755127, 51.4945144653, -148.454101562, -13.4716825485, -166.228302002], [147.822616577, 258.657531738, 304.845031738, 328.744140625, -30.0988578796, 15.6248579025, -55.9288444519, 43.2981491089, -59.5213165283, -10.0614805222, -44.8490943909, -67.1146774292, -26.2825756073], [-58.3788909912, -18.0661354065, 111.76852417, -30.0988578796, 156.007034302, -21.7721195221, 54.0489616394, -14.619228363, 22.1758518219, 6.3686466217, 0.830113887787, 16.2529563904, -23.7766437531], [-650.828552246, -325.851776123, -101.496017456, 15.6248579025, -21.7721195221, 224.976913452, 34.8994674683, 33.4471549988, 6.99586200714, 34.0271110535, 19.7382125854, 62.4997024536, 48.4558982849], [-107.174331665, -120.646911621, -107.282356262, -55.9288444519, 54.0489616394, 34.8994674683, 147.911773682, 18.7059402466, 56.1798095703, -0.315515100956, 28.3703956604, 14.3914108276, 14.5409584045], [-27.3029766083, -15.1893148422, 40.8561782837, 43.2981491089, -14.619228363, 33.4471549988, 18.7059402466, 87.2688903809, 9.02134132385, 15.3427124023, -9.67071819305, -2.18783640862, -4.91688776016], [-57.075920105, -63.1229629517, -138.917755127, -59.5213165283, 22.1758518219, 6.99586200714, 56.1798095703, 9.02134132385, 95.4613647461, 22.9534282684, 29.9810886383, 8.69267845154, 15.0904140472], [-193.328475952, -111.361206055, 51.4945144653, -10.0614805222, 6.3686466217, 34.0271110535, -0.315515100956, 15.3427124023, 22.9534282684, 73.0997085571, 22.3257198334, 32.3350067139, -6.94526767731], [-149.447784424, -40.2002105713, -148.454101562, -44.8490943909, 0.830113887787, 19.7382125854, 28.3703956604, -9.67071819305, 29.9810886383, 22.3257198334, 75.4680099487, 36.040397644, 29.1564483643], [-447.887176514, -228.608779907, -13.4716825485, -67.1146774292, 16.2529563904, 62.4997024536, 14.3914108276, -2.18783640862, 8.69267845154, 32.3350067139, 36.040397644, 101.221862793, 37.0220146179], [-288.783691406, -54.3386154175, -166.228302002, -26.2825756073, -23.7766437531, 48.4558982849, 14.5409584045, -4.91688776016, 15.0904140472, -6.94526767731, 29.1564483643, 37.0220146179, 85.8357467651]],
        "icov": [[0.000302358181216, -0.000304406305077, 0.000267967872787, -3.55797819793e-05, 0.000174234432052, 0.000389916443964, -0.00024897622643, -6.00382281846e-06, 0.000119058604469, -0.000114449707326, 0.000581391330343, -0.000128526560729, 0.00103032926563], [-0.000304406305077, 0.00280824908987, -0.000473466498079, -0.00112189911306, -0.00108473410364, 0.00229658558965, 0.00175066757947, -0.00104338151868, 0.000272144330665, 0.00161792698782, -0.00365472235717, 0.00457071699202, -0.00310698570684], [0.000267967872787, -0.000473466498079, 0.00277146673761, -0.00225437246263, -0.00106431508902, 0.00183592562098, -0.000747361860704, 6.0770795244e-05, 0.0020182649605, -0.00300618074834, 0.00487959617749, -0.00413352996111, 0.00360486586578], [-3.55797819793e-05, -0.00112189911306, -0.00225437246263, 0.00749797327444, 0.000730226805899, -0.00407453393564, 0.00110299477819, -0.00194416509476, 0.000737862021197, 0.000949317181949, -0.00261302106082, 0.00557184591889, -0.00226418487728], [0.000174234432052, -0.00108473410364, -0.00106431508902, 0.000730226805899, 0.0105343349278, -0.000142753880937, -0.00482351332903, 0.00329730985686, -0.00246915896423, 0.000555960228667, 0.00157629011665, -0.00408988306299, 0.00377423269674], [0.000389916443964, 0.00229658558965, 0.00183592562098, -0.00407453393564, -0.000142753880937, 0.0117289461195, -0.00157940702047, -0.00217506708577, 0.00287218135782, -0.00325416121632, 0.00188259279821, -0.0016871978296, -0.00212429696694], [-0.00024897622643, 0.00175066757947, -0.000747361860704, 0.00110299477819, -0.00482351332903, -0.00157940702047, 0.0136010842398, -0.0043937349692, -0.00516544980928, 0.00613382924348, -0.00684278877452, 0.00494632311165, -0.00224391114898], [-6.00382281846e-06, -0.00104338151868, 6.0770795244e-05, -0.00194416509476, 0.00329730985686, -0.00217506708577, -0.0043937349692, 0.0160830356181, -0.00214877747931, -0.00390958087519, 0.00527977431193, -0.00315798958763, 0.00227858871222], [0.000119058604469, 0.000272144330665, 0.0020182649605, 0.000737862021197, -0.00246915896423, 0.00287218135782, -0.00516544980928, -0.00214877747931, 0.0201138667762, -0.00932732503861, -0.000156834037625, 0.00346066406928, -0.00257627782412], [-0.000114449707326, 0.00161792698782, -0.00300618074834, 0.000949317181949, 0.000555960228667, -0.00325416121632, 0.00613382924348, -0.00390958087519, -0.00932732503861, 0.027990642935, -0.0124912429601, -0.000961221172474, 0.00439831474796], [0.000581391330343, -0.00365472235717, 0.00487959617749, -0.00261302106082, 0.00157629011665, 0.00188259279821, -0.00684278877452, 0.00527977431193, -0.000156834037625, -0.0124912429601, 0.0333143547177, -0.0163742080331, 0.00389069039375], [-0.000128526560729, 0.00457071699202, -0.00413352996111, 0.00557184591889, -0.00408988306299, -0.0016871978296, 0.00494632311165, -0.00315798958763, 0.00346066406928, -0.000961221172474, -0.0163742080331, 0.0351484380662, -0.0153212267905], [0.00103032926563, -0.00310698570684, 0.00360486586578, -0.00226418487728, 0.00377423269674, -0.00212429696694, -0.00224391114898, 0.00227858871222, -0.00257627782412, 0.00439831474796, 0.00389069039375, -0.0153212267905, 0.0282883215696]]
    },
    "melbands": {
        "max": [0.00706474529579, 0.0186700262129, 0.0145674534142, 0.0110557926819, 0.0029639150016, 0.00909849815071, 0.00388015224598, 0.00945519190282, 0.00862674973905, 0.0080546811223, 0.00360019411892, 0.00215768767521, 0.0021654618904, 0.00249073980376, 0.00127674115356, 0.00130465277471, 0.00196422310546, 0.000521199253853, 0.000534456397872, 0.000563547655474, 0.000926773238461, 0.000432682485553, 0.000380866840715, 0.000360390433343, 0.000250510027399, 0.000211396734812, 0.000293528137263, 0.000228227087064, 0.000119831340271, 4.36266745965e-05, 3.04112836602e-05, 3.00050814985e-05, 1.73626813194e-05, 1.28837491502e-05, 1.07932837636e-05, 1.01276709756e-05, 5.13445229444e-06, 1.26125642055e-05, 1.01881532828e-05, 2.82152950604e-06],
        "mean": [0.00052676856285, 0.000897890073247, 0.000927260145545, 0.000844665453769, 0.000294790224871, 0.000291137985187, 0.000284036563244, 0.000446677469881, 0.000405274477089, 0.000235842002439, 0.000191370156244, 0.000107785126602, 0.000122987723444, 0.000112080640974, 6.25251923339e-05, 6.14499949734e-05, 6.45242180326e-05, 4.44923571195e-05, 4.28971761721e-05, 3.43738283846e-05, 3.59949444828e-05, 2.68156018137e-05, 1.80677780008e-05, 2.39287146542e-05, 1.23800000438e-05, 1.07800751721e-05, 8.81288724486e-06, 5.82169923291e-06, 4.04643151342e-06, 2.61517197941e-06, 1.85824774235e-06, 1.48379660914e-06, 1.04047921923e-06, 7.06234914105e-07, 5.55942222036e-07, 3.84935788134e-07, 3.54097323907e-07, 2.93640994187e-07, 2.09707792465e-07, 1.37622649277e-07],
        "min": [3.17581879017e-07, 3.08859142706e-08, 1.56514712302e-08, 3.43646888723e-08, 1.05718207521e-07, 1.00752664878e-07, 1.40477581567e-07, 7.68513146454e-08, 9.36653066219e-08, 1.07019658913e-07, 9.06067825213e-08, 1.21151728649e-07, 4.44736123484e-08, 3.28140146166e-08, 3.58274405698e-08, 3.39754571144e-08, 1.514997372e-08, 2.21876028661e-08, 2.68459867669e-08, 3.06433065589e-08, 2.08794812551e-08, 1.75283538795e-08, 1.33412427772e-08, 1.55644759303e-08, 1.72054388514e-08, 1.76271015562e-08, 1.05741033707e-08, 1.402310712e-08, 1.43712703959e-08, 1.3172646085e-08, 1.28584884962e-08, 7.89793030975e-09, 8.15540435184e-09, 9.16059139655e-09, 6.97194968424e-09, 5.37659072819e-09, 3.76402642388e-09, 3.88236864879e-09, 2.25848961755e-09, 1.24501609022e-09],
        "stdev": [0.000922837469261, 0.00157883903012, 0.00158349773847, 0.00128207181115, 0.000405427475926, 0.000619232538156, 0.000461440853542, 0.000877245678566, 0.000812589540146, 0.000526624033228, 0.000360098842066, 0.00017166014004, 0.000233846702031, 0.000237322776229, 0.000100349861896, 0.000101722464024, 0.000109147033072, 5.35479448445e-05, 4.77594803669e-05, 5.03133996972e-05, 5.12258229719e-05, 3.37904784828e-05, 3.18065358442e-05, 3.6724122765e-05, 1.90694190678e-05, 1.50401965584e-05, 1.96452601813e-05, 1.20904123833e-05, 7.30084548195e-06, 3.83626365874e-06, 3.10722657559e-06, 2.97426299767e-06, 1.74672629782e-06, 1.1975258758e-06, 9.42610483889e-07, 6.47423121336e-07, 5.80113351134e-07, 5.91744708345e-07, 4.58390644553e-07, 2.36628736161e-07]
    },
    "melbands128": {
        "max": [0.00123148248531, 0.00506113888696, 0.0115467486903, 0.0186307802796, 0.0262016430497, 0.0214387588203, 0.00856089405715, 0.0199474338442, 0.0281610805541, 0.0101833129302, 0.00738429324701, 0.00639550853521, 0.0024056872353, 0.00449797511101, 0.0101801604033, 0.0167670473456, 0.00960336904973, 0.00446198135614, 0.00872309412807, 0.0200146716088, 0.0143747217953, 0.0187037438154, 0.0147256664932, 0.0121218096465, 0.0179869532585, 0.00448112469167, 0.0118379071355, 0.00592960324138, 0.00201980629936, 0.00390334730037, 0.00264575541951, 0.00307777430862, 0.00411563552916, 0.00475484319031, 0.00603913376108, 0.0027408816386, 0.00298500526696, 0.000624498468824, 0.0032378192991, 0.00316126947291, 0.000449026905699, 0.00499072670937, 0.00285202846862, 0.00108230905607, 0.000926466484088, 0.000694180780556, 0.0011928108288, 0.000655552081298, 0.000880516134202, 0.00194353004918, 0.000293733930448, 0.000178947899258, 0.00221560383216, 0.000430385465734, 0.00079412967898, 0.000939637364354, 0.000233930695686, 0.00105096562766, 0.000307344627799, 0.000264766335022, 0.000606343208347, 0.000487391545903, 0.000234710474615, 0.000215372812818, 0.000920498219784, 0.000113886817417, 0.0001168896124, 0.000518853601534, 0.000340512342518, 0.000210307567613, 0.000389791239286, 0.000185503755347, 7.04939884599e-05, 0.000222341142944, 8.82994718268e-05, 7.7485346992e-05, 3.79587690986e-05, 2.37533931795e-05, 5.75184203626e-05, 6.97716823197e-05, 3.88759472116e-05, 4.07850275224e-05, 2.65175785898e-05, 2.76839091384e-05, 1.432874069e-05, 1.03537295217e-05, 1.54920053319e-05, 2.29304750974e-05, 1.12223433462e-05, 8.78089667822e-06, 7.87440603744e-06, 2.06155054912e-05, 9.20328420762e-06, 5.96769223193e-06, 5.96256677454e-06, 7.91507318354e-06, 1.35466325446e-05, 3.01296367979e-05, 1.02787807919e-05, 3.94533208237e-06, 3.02001490127e-06, 2.35718539443e-06, 2.84620614366e-06, 3.24252732753e-06, 2.34326125792e-06, 2.74111971521e-06, 1.81443454039e-06, 1.67129030615e-06, 1.75699574356e-06, 1.69459417521e-06, 1.22742585518e-06, 1.39627945828e-06, 8.17996351543e-07, 7.29031569335e-07, 7.05505271981e-07, 6.75487035551e-06, 1.55111702043e-05, 2.79023197436e-07, 8.27447692586e-08, 7.64786136642e-08, 4.04073539073e-08, 9.20325238241e-09, 5.7058087144e-09, 1.53976253969e-09, 1.50903700646e-09, 1.49265588778e-09, 1.47779277704e-09, 1.46847334292e-09],
        "mean": [0.000103825863334, 0.000284435547655, 0.000683963764459, 0.00102558045182, 0.000978046911769, 0.000799317320343, 0.000583506538533, 0.00105245085433, 0.00139079976361, 0.000665662519168, 0.000756026944146, 0.000410647626268, 0.000168153434061, 0.000148056817125, 0.00025305946474, 0.000466860074084, 0.000231519690715, 0.000168171696714, 0.000396521209041, 0.000612746807747, 0.000274180201814, 0.00055852154037, 0.000469074206194, 0.00018182414351, 0.000261987035628, 0.000176932022441, 0.0003757813829, 0.000175923516508, 6.19077254669e-05, 0.00011549059127, 0.000102767713543, 0.000130428859848, 0.000177618960151, 4.55536210211e-05, 0.000123949022964, 0.000133744368213, 0.000105913073639, 2.5301516871e-05, 7.363329496e-05, 5.94965131313e-05, 2.59549487964e-05, 0.000120692166092, 7.08128281985e-05, 3.77646138077e-05, 3.50122572854e-05, 4.63215983473e-05, 6.01501960773e-05, 2.70579876087e-05, 3.52696370101e-05, 7.58360984037e-05, 1.80792703759e-05, 1.32177065097e-05, 4.47437087132e-05, 3.57263925252e-05, 4.2867493903e-05, 2.28858880291e-05, 1.44105806612e-05, 2.87786970148e-05, 1.39906105687e-05, 9.57803058554e-06, 3.41635786754e-05, 2.66590141109e-05, 7.95919459051e-06, 9.0605162768e-06, 1.80502138392e-05, 7.86966302257e-06, 9.45834108279e-06, 1.08255517262e-05, 7.53212680138e-06, 7.4023232628e-06, 7.18458340998e-06, 4.54844303022e-06, 2.67916152552e-06, 5.3778826441e-06, 3.42482439919e-06, 3.20868821291e-06, 1.78036486886e-06, 1.62144522164e-06, 1.94816038857e-06, 2.11381916415e-06, 1.56447651989e-06, 1.18444177133e-06, 1.21034543099e-06, 1.19085211736e-06, 7.17748378065e-07, 7.15825024145e-07, 7.34576417472e-07, 6.30275110325e-07, 5.62195907605e-07, 4.80447226892e-07, 4.23599999522e-07, 3.37792386063e-07, 3.7193004232e-07, 3.45499245213e-07, 3.4653251646e-07, 3.4738096133e-07, 2.60785043338e-07, 2.62597097844e-07, 2.26134829973e-07, 1.80292119012e-07, 1.37700425284e-07, 1.41568378353e-07, 1.19694121281e-07, 1.14519679073e-07, 1.07952025985e-07, 9.43010149967e-08, 8.65492211233e-08, 7.1357838749e-08, 6.37170955997e-08, 5.9509293493e-08, 4.99430399259e-08, 3.61840548635e-08, 3.07493301932e-08, 1.6440258932e-08, 1.50134571442e-08, 7.3923644095e-08, 1.5200289738e-07, 4.24692059298e-09, 7.18902992691e-10, 4.7992504415e-10, 1.99164171266e-10, 3.77730381695e-11, 1.6303208783e-11, 6.41312610655e-12, 6.08796520141e-12, 5.65335842376e-12, 5.40614861905e-12, 5.34655132667e-12],
        "min": [5.90392119193e-07, 2.81100653865e-07, 1.14940760909e-07, 1.80421899643e-08, 1.12020046572e-08, 4.94720531208e-09, 8.78756090117e-09, 3.93045818115e-09, 1.18744480915e-09, 9.06443009541e-09, 1.22059020669e-08, 5.92701976387e-09, 2.8965960297e-08, 6.09841634969e-08, 3.20072714999e-08, 2.51258853723e-08, 4.6233935791e-08, 7.8336995557e-08, 5.97237459488e-08, 3.11154444432e-08, 2.44966074092e-08, 5.76996495028e-09, 1.6116841195e-08, 1.19682441735e-08, 1.71407279481e-08, 2.67829793898e-08, 2.3112853853e-08, 3.27821645385e-08, 1.64922919765e-08, 3.8066772845e-08, 3.45850672545e-08, 2.01677874401e-08, 1.56690251885e-08, 7.25988469341e-09, 1.4112249147e-08, 8.09060285434e-09, 1.31554536154e-08, 1.82304837892e-08, 2.13257198567e-08, 1.95547649184e-08, 1.79463395256e-08, 1.71445844188e-08, 1.81168449132e-08, 1.26009016554e-08, 1.36250823957e-08, 1.20736975973e-08, 1.35813662538e-08, 6.09726802381e-09, 1.47005563278e-08, 1.4456808195e-08, 9.41526145937e-09, 1.11242322021e-08, 1.157477314e-08, 1.26583419302e-08, 1.46081564623e-08, 9.01792240882e-09, 1.29984805142e-08, 8.86392026445e-09, 8.78641692736e-09, 1.03643760241e-08, 5.38554312257e-09, 1.41741338666e-08, 7.85821718807e-09, 7.47841699678e-09, 1.59767630237e-08, 1.04730473183e-08, 8.26429147338e-09, 9.72163327617e-09, 6.99893920597e-09, 5.46565326331e-09, 1.1060159899e-08, 8.16143597149e-09, 7.26562943143e-09, 5.85520032459e-09, 9.81203651662e-09, 6.42931130557e-09, 5.86229775834e-09, 7.38142080792e-09, 8.49133474645e-09, 4.72169681132e-09, 6.41652109223e-09, 5.62855673181e-09, 4.16293444161e-09, 6.40858166534e-09, 6.6675798216e-09, 7.15335568557e-09, 6.36884678329e-09, 3.84402065734e-09, 4.83490403269e-09, 4.27039337225e-09, 2.29618524195e-09, 3.62656660258e-09, 2.55077603484e-09, 3.17737569588e-09, 3.96685972959e-09, 3.02656522067e-09, 2.5501685208e-09, 2.00834837649e-09, 1.44134670865e-09, 1.3818042266e-09, 1.32719102375e-09, 9.64311408502e-10, 1.07200526234e-09, 4.74633721215e-10, 4.32385183213e-10, 3.22829929456e-10, 3.03387925893e-10, 2.59230886757e-10, 1.62077462562e-10, 1.53493648347e-10, 7.9862151614e-11, 8.17789141527e-13, 4.69315992319e-13, 3.21028089095e-13, 3.60445912484e-13, 3.80402577927e-13, 3.19419105966e-13, 4.10683666978e-13, 3.37175789676e-13, 4.77559235646e-13, 3.53201680143e-13, 4.16786180221e-13, 4.55808351132e-13, 3.31303073083e-13, 3.21854386675e-13, 1.09496132051e-13, 1.45972897805e-14, 3.86970231266e-16],
        "stdev": [0.000128752741148, 0.000529408745933, 0.00137711479329, 0.00195738603361, 0.00189684517682, 0.00160131708253, 0.000956058385782, 0.00211587548256, 0.00313254655339, 0.00114284630399, 0.00125626043882, 0.000766938494053, 0.000264726346359, 0.000308873684844, 0.000608310918324, 0.00118978705723, 0.000651822600048, 0.000453980319435, 0.000783538504038, 0.0016474184813, 0.000837016617879, 0.00147915177513, 0.00116750481538, 0.000668861437589, 0.00103378936183, 0.000404169084504, 0.00092810037313, 0.000460519397166, 0.000127621911815, 0.000274576159427, 0.000214170329855, 0.00025574216852, 0.00042478585965, 0.00018753806944, 0.000453921180451, 0.000254175480222, 0.000230161778745, 4.07865663874e-05, 0.000220437039388, 0.000175231456524, 4.13862762798e-05, 0.000287912756903, 0.000143182085594, 8.54370591696e-05, 7.84281728556e-05, 6.30045542493e-05, 0.000107619562186, 5.35638646397e-05, 5.77421451453e-05, 0.000163933626027, 2.30327113968e-05, 1.88626872841e-05, 0.000109436557977, 4.75346932944e-05, 6.91121749696e-05, 5.90157942497e-05, 2.06294753298e-05, 7.70380283939e-05, 2.47104671871e-05, 2.14004703594e-05, 5.81276763114e-05, 5.22284972249e-05, 1.8898932467e-05, 1.73399766936e-05, 5.56523882551e-05, 1.05083108792e-05, 1.44294353959e-05, 3.40993356076e-05, 2.21059563046e-05, 1.55646430358e-05, 1.85685075849e-05, 1.02687954495e-05, 4.69844144391e-06, 1.33720868689e-05, 6.29481246506e-06, 5.11847201778e-06, 3.15699253406e-06, 2.63310857918e-06, 4.07454763263e-06, 4.68397092845e-06, 3.43076294484e-06, 3.01683166981e-06, 2.00119507099e-06, 2.1120895326e-06, 1.45362946569e-06, 1.26201302919e-06, 1.24714676986e-06, 1.34832259846e-06, 1.0263842114e-06, 7.77931063567e-07, 7.70227472913e-07, 7.55357689286e-07, 6.69567100431e-07, 5.88469106333e-07, 6.45539898869e-07, 6.99683653238e-07, 5.56000372853e-07, 9.56891312853e-07, 5.10796155595e-07, 3.59691597396e-07, 2.6309416512e-07, 2.51923012229e-07, 2.10927623812e-07, 2.33879816847e-07, 2.32187431948e-07, 2.1262150085e-07, 1.93699378315e-07, 1.49566616869e-07, 1.33995698093e-07, 1.31917985868e-07, 1.20245189805e-07, 1.00108920265e-07, 8.52546051533e-08, 5.99867746587e-08, 5.02496995125e-08, 3.97000405883e-07, 8.68070742399e-07, 2.06424921601e-08, 5.03700992027e-09, 3.72306008245e-09, 1.70927649812e-09, 4.09077743901e-10, 2.21364204744e-10, 5.9994148538e-11, 5.87781767702e-11, 5.81470253891e-11, 5.75632007338e-11, 5.7200206377e-11]
    },
    "mfcc": {
        "mean": [-657.151245117, 122.500671387, -27.4058227539, 17.5131263733, -1.11489570141, 2.93701004982, -1.24318921566, 3.98877835274, 1.65688097477, 3.5403046608, -0.799130916595, 0.0878055393696, -1.46694171429],
        "cov": [[7069.60595703, 1293.1270752, -324.353973389, 426.906341553, -192.302764893, -412.574462891, -193.089797974, -164.770797729, -116.594947815, 78.9385681152, 21.2361278534, -35.4765396118, -206.289932251], [1293.1270752, 966.78918457, 204.171066284, 380.16494751, 60.8065567017, -174.174240112, -70.6953582764, -100.50012207, -64.8373413086, -4.4262804985, -28.9133319855, -29.1076087952, -45.3341178894], [-324.353973389, 204.171066284, 947.122497559, 404.417510986, 208.644760132, -13.1301813126, 40.955039978, -40.2491035461, -19.2739906311, 7.64775514603, 4.38726711273, -44.0431442261, -55.7616577148], [426.906341553, 380.16494751, 404.417510986, 380.83895874, 101.481994629, -59.068649292, 4.21028709412, -37.5007324219, -21.5214595795, 18.1365871429, 9.91996383667, -26.6491127014, -52.7846260071], [-192.302764893, 60.8065567017, 208.644760132, 101.481994629, 123.678199768, 20.7538967133, 8.90459156036, -13.4222335815, -6.38832950592, -6.28463315964, -3.87614369392, -9.00394916534, -3.77873873711], [-412.574462891, -174.174240112, -13.1301813126, -59.068649292, 20.7538967133, 113.463012695, 37.9697227478, 25.5407161713, 17.9026908875, -2.39283490181, 7.74194145203, 6.84925508499, 15.9359560013], [-193.089797974, -70.6953582764, 40.955039978, 4.21028709412, 8.90459156036, 37.9697227478, 77.4395904541, 37.3343772888, 13.2468481064, 8.90865516663, 4.57130527496, 0.769525408745, 0.31931579113], [-164.770797729, -100.50012207, -40.2491035461, -37.5007324219, -13.4222335815, 25.5407161713, 37.3343772888, 72.5009307861, 35.6799240112, 9.1923160553, 7.18257808685, 0.747940063477, 3.85178303719], [-116.594947815, -64.8373413086, -19.2739906311, -21.5214595795, -6.38832950592, 17.9026908875, 13.2468481064, 35.6799240112, 66.0961685181, 27.8661804199, 7.16524219513, 2.02850222588, 1.3252850771], [78.9385681152, -4.4262804985, 7.64775514603, 18.1365871429, -6.28463315964, -2.39283490181, 8.90865516663, 9.1923160553, 27.8661804199, 60.3084640503, 30.7025241852, 7.17848062515, -9.7187204361], [21.2361278534, -28.9133319855, 4.38726711273, 9.91996383667, -3.87614369392, 7.74194145203, 4.57130527496, 7.18257808685, 7.16524219513, 30.7025241852, 64.421043396, 27.6464481354, -1.13930702209], [-35.4765396118, -29.1076087952, -44.0431442261, -26.6491127014, -9.00394916534, 6.84925508499, 0.769525408745, 0.747940063477, 2.02850222588, 7.17848062515, 27.6464481354, 58.6690750122, 34.0615615845], [-206.289932251, -45.3341178894, -55.7616577148, -52.7846260071, -3.77873873711, 15.9359560013, 0.31931579113, 3.85178303719, 1.3252850771, -9.7187204361, -1.13930702209, 34.0615615845, 72.2513046265]],
        "icov": [[0.000255578081124, -0.000212972168811, 0.00018898343842, -0.000217336782953, 0.000308850925649, 0.000275152531685, 0.000153955887072, 4.28248058597e-05, 0.000246726704063, -0.000304130924633, 3.91613066313e-05, -0.000234060818912, 0.000601189851295], [-0.000212972168811, 0.00288976472802, 0.000760543742217, -0.00296334945597, -0.000784568546806, 0.00201518670656, 0.000240587512963, 0.00126462359913, 0.000151928237756, 0.000251070800005, 0.00110778899398, 0.00014712967095, -0.000947751628701], [0.00018898343842, 0.000760543742217, 0.00299724983051, -0.00310290348716, -0.0024852596689, 0.00108163163532, -0.00114028691314, 0.00135471881367, -0.000218001878238, 0.000281069922494, -0.00019690937188, 0.000690439832397, 0.000340572121786], [-0.000217336782953, -0.00296334945597, -0.00310290348716, 0.0100809643045, -0.00196378771216, 0.000395536073484, -0.00162030220963, -0.000562952540349, 5.27498741576e-05, -0.00105840375181, -0.00219282647595, 0.000325154134771, 0.00200624391437], [0.000308850925649, -0.000784568546806, -0.0024852596689, -0.00196378771216, 0.015607538633, -0.00483550690114, 0.00145503529347, 0.000928114983253, -2.97795195365e-05, 0.000932174094487, 0.000853044271935, 4.47070524388e-05, -0.00101798947435], [0.000275152531685, 0.00201518670656, 0.00108163163532, 0.000395536073484, -0.00483550690114, 0.0165269169956, -0.00630688248202, 0.00210501882248, -0.00277178548276, 0.00276445271447, -0.00297643616796, 0.00131310219876, -0.00105196516961], [0.000153955887072, 0.000240587512963, -0.00114028691314, -0.00162030220963, 0.00145503529347, -0.00630688248202, 0.0225381013006, -0.0123584028333, 0.00545866927132, -0.00517926923931, 0.00400964450091, -0.00261287763715, 0.00105134840123], [4.28248058597e-05, 0.00126462359913, 0.00135471881367, -0.000562952540349, 0.000928114983253, 0.00210501882248, -0.0123584028333, 0.028521515429, -0.0139679228887, 0.00601640390232, -0.00494452938437, 0.0038631176576, -0.00116529001389], [0.000246726704063, 0.000151928237756, -0.000218001878238, 5.27498741576e-05, -2.97795195365e-05, -0.00277178548276, 0.00545866927132, -0.0139679228887, 0.0286742560565, -0.0153190335259, 0.00640784297138, -0.00185126555152, 0.000387597479858], [-0.000304130924633, 0.000251070800005, 0.000281069922494, -0.00105840375181, 0.000932174094487, 0.00276445271447, -0.00517926923931, 0.00601640390232, -0.0153190335259, 0.0317697823048, -0.0146877411753, 0.00243802997284, 0.00104750180617], [3.91613066313e-05, 0.00110778899398, -0.00019690937188, -0.00219282647595, 0.000853044271935, -0.00297643616796, 0.00400964450091, -0.00494452938437, 0.00640784297138, -0.0146877411753, 0.0304809268564, -0.0164302755147, 0.00613306695595], [-0.000234060818912, 0.00014712967095, 0.000690439832397, 0.000325154134771, 4.47070524388e-05, 0.00131310219876, -0.00261287763715, 0.0038631176576, -0.00185126555152, 0.00243802997284, -0.0164302755147, 0.0345531590283, -0.0164738763124], [0.000601189851295, -0.000947751628701, 0.000340572121786, 0.00200624391437, -0.00101798947435, -0.00105196516961, 0.00105134840123, -0.00116529001389, 0.000387597479858, 0.00104750180617, 0.00613306695595, -0.0164738763124, 0.0249240323901]]
    },
    "spectral_contrast_coeffs": {
        "max": [-0.473681002855, -0.482840210199, -0.516385436058, -0.57776671648, -0.624604523182, -0.668157815933],
        "mean": [-0.732036292553, -0.747626841068, -0.740138351917, -0.776743233204, -0.775102138519, -0.76633399725],
        "min": [-0.915264248848, -0.932613015175, -0.928498506546, -0.923111796379, -0.900768518448, -0.926706850529],
        "stdev": [0.085341989994, 0.0965182632208, 0.0767126977444, 0.0653676018119, 0.0546657592058, 0.0359574779868]
    },
    "spectral_contrast_valleys": {
        "max": [-5.08543109894, -5.10699510574, -5.49822235107, -5.85773658752, -5.83673810959, -8.81916332245],
        "mean": [-7.17462491989, -6.92025375366, -7.37441396713, -7.52741909027, -7.64953517914, -10.5734424591],
        "min": [-10.9459161758, -9.91311359406, -10.0209465027, -10.1897058487, -9.71944141388, -12.2953414917],
        "stdev": [1.19237279892, 0.918496906757, 0.802518785, 0.797429263592, 0.734122097492, 0.626455903053]
    }
},
"rhythm": {
    "beats_count": 69,
    "beats_loudness": {
        "max": 0.093721665442,
        "mean": 0.0264887418598,
        "min": 0.000218212488107,
        "stdev": 0.0223673824221
    },
    "bpm": 129.053512573,
    "bpm_histogram_first_peak_bpm": 129,
    "bpm_histogram_first_peak_weight": 0.339285671711,
    "bpm_histogram_second_peak_bpm": 123,
    "bpm_histogram_second_peak_spread": 0.142857134342,
    "bpm_histogram_second_peak_weight": 0.088235296309,
    "danceability": 0.895051300526,
    "onset_rate": 2.79931616783,
    "beats_loudness_band_ratio": {
        "max": [0.918349266052, 0.671869039536, 0.619600355625, 0.855997085571, 0.480539888144, 0.141592890024],
        "mean": [0.320816963911, 0.170036107302, 0.19871404767, 0.202687606215, 0.130991563201, 0.0418342389166],
        "min": [0.00521097844467, 0.00175638962537, 0.0184263829142, 0.013913359493, 0.0106117911637, 0.00520998938009],
        "stdev": [0.255692601204, 0.146204680204, 0.14170768857, 0.191473349929, 0.118637755513, 0.0254718922079]
    },
    "beats_position": [0.441179126501, 0.882358253002, 1.3235373497, 1.764716506, 2.20589566231, 2.6470746994, 3.11147379875, 3.56426286697, 4.01705217361, 4.46984100342, 4.92263031006, 5.3754196167, 5.8282084465, 6.31582736969, 6.80344676971, 7.2910656929, 7.75546455383, 8.2198638916, 8.68426322937, 9.16027164459, 9.63628101349, 10.1006803513, 10.5650787354, 11.0294780731, 11.4938774109, 11.9582767487, 12.4226751328, 12.8870744705, 13.3398637772, 13.7926530838, 14.2570514679, 14.7214508057, 15.1858501434, 15.6502494812, 16.1262588501, 16.602268219, 17.0666656494, 17.5426750183, 18.0070743561, 18.483083725, 18.9474830627, 19.4118824005, 19.8762817383, 20.3406791687, 20.8050785065, 21.2694778442, 21.733877182, 22.2098865509, 22.6858959198, 23.1735134125, 23.6611328125, 24.1487522125, 24.6479816437, 25.1239910126, 25.6000003815, 26.076007843, 26.5404071808, 27.0048065186, 27.4692058563, 27.9336051941, 28.3980045319, 28.8624038696, 29.3268013, 29.7912006378, 30.2555999756, 30.7199993134, 31.1843986511, 31.6487979889, 32.1131973267],
