{
"metadata": {
    "version": {
        "essentia": "2.1-beta5",
        "essentia_git_sha": "Undefined",
        "extractor": "music 2.0"
    },
    "audio_properties": {
        "analysis": {
            "equal_loudness": 0,
            "length": 48.7502937317,
            "sample_rate": 44100,
            "start_time": 142.744674683,
            "downmix": "mix"
        },
        "bit_rate": 192000,
        "length": 227.334976196,
        "lossless": 0,
        "number_channels": 2,
        "replay_gain": -0.662801742554,
        "sample_rate": 48000,
        "codec": "mp3",
        "md5_encoded": "4e55aa7125aff6a42a4271d19ee448bd"
    },
    "tags": {
        "file_name": "Netherlands_Waar Is De Zon_Willeke Alberti.mp3",
        "encoding": ["Lavf58.29.100"]
    }
},
"lowlevel": {
    "average_loudness": 0.982089757919,
    "barkbands_crest": {
        "max": 21.7786388397,
        "mean": 8.29058551788,
        "min": 2.70081853867,
        "stdev": 3.46742296219
    },
    "barkbands_flatness_db": {
        "max": 0.270608097315,
        "mean": 0.139503225684,
        "min": 0.0508081428707,
        "stdev": 0.0269198194146
    },
    "barkbands_kurtosis": {
        "max": 36.1915206909,
        "mean": 1.4490391016,
        "min": -1.86655592918,
        "stdev": 3.48882627487
    },
    "barkbands_skewness": {
        "max": 4.57915353775,
        "mean": 0.76254338026,
        "min": -1.14646267891,
        "stdev": 0.889163255692
    },
    "barkbands_spread": {
        "max": 74.2492218018,
        "mean": 18.7339687347,
        "min": 2.04582118988,
        "stdev": 8.52489471436
    },
    "dissonance": {
        "max": 0.49983677268,
        "mean": 0.462971270084,
        "min": 0.32461130619,
        "stdev": 0.0245773084462
    },
    "dynamic_complexity": 1.0573952198,
    "erbbands_crest": {
        "max": 27.4273109436,
        "mean": 9.79663562775,
        "min": 2.97236299515,
        "stdev": 4.16557264328
    },
    "erbbands_flatness_db": {
        "max": 0.293245702982,
        "mean": 0.199520468712,
        "min": 0.107676811516,
        "stdev": 0.0358896143734
    },
    "erbbands_kurtosis": {
        "max": 12.5787200928,
        "mean": 0.604871869087,
        "min": -1.78854882717,
        "stdev": 1.67649173737
    },
    "erbbands_skewness": {
        "max": 3.40328025818,
        "mean": 0.370041579008,
        "min": -1.95582699776,
        "stdev": 0.606240987778
    },
    "erbbands_spread": {
        "max": 107.96131134,
        "mean": 27.3275089264,
        "min": 6.12687635422,
        "stdev": 15.0201358795
    },
    "hfc": {
        "max": 144.840576172,
        "mean": 29.6065883636,
        "min": 0.0940411165357,
        "stdev": 12.7756528854
    },
    "loudness_ebu128": {
        "integrated": -21.2617950439,
        "loudness_range": 0.867198944092,
        "momentary": {
            "max": -19.7306232452,
            "mean": -21.3286457062,
            "min": -25.2423820496,
            "stdev": 0.798153877258
        },
        "short_term": {
            "max": -20.6274318695,
            "mean": -21.2709941864,
            "min": -22.588432312,
            "stdev": 0.378798395395
        }
    },
    "melbands_crest": {
        "max": 26.2579574585,
        "mean": 10.5545949936,
        "min": 3.44208502769,
        "stdev": 4.0011343956
    },
    "melbands_flatness_db": {
        "max": 0.346531659365,
        "mean": 0.174539878964,
        "min": 0.0566367283463,
        "stdev": 0.0343868583441
    },
    "melbands_kurtosis": {
        "max": 65.2054901123,
        "mean": 4.36902523041,
        "min": -1.25812327862,
        "stdev": 7.42566776276
    },
    "melbands_skewness": {
        "max": 7.39777135849,
        "mean": 1.34295928478,
        "min": -0.751817047596,
        "stdev": 1.16336452961
    },
    "melbands_spread": {
        "max": 108.467315674,
        "mean": 26.4004821777,
        "min": 2.30592632294,
        "stdev": 11.2384996414
    },
    "pitch_salience": {
        "max": 0.80116212368,
        "mean": 0.588110089302,
        "min": 0.257095456123,
        "stdev": 0.079464495182
    },
    "silence_rate_20dB": {
        "max": 1,
        "mean": 1,
        "min": 1,
        "stdev": 0
    },
    "silence_rate_30dB": {
        "max": 1,
        "mean": 1,
        "min": 1,
        "stdev": 0
    },
    "silence_rate_60dB": {
        "max": 0,
        "mean": 0,
        "min": 0,
        "stdev": 0
    },
    "spectral_centroid": {
        "max": 3143.16162109,
        "mean": 1356.7701416,
        "min": 356.48739624,
        "stdev": 393.179992676
    },
    "spectral_complexity": {
        "max": 49,
        "mean": 25.4236068726,
        "min": 0,
        "stdev": 6.00028276443
    },
    "spectral_decrease": {
        "max": -4.44740876071e-11,
        "mean": -8.0745490294e-09,
        "min": -2.74630309605e-08,
        "stdev": 2.72946687474e-09
    },
    "spectral_energy": {
        "max": 0.108401536942,
        "mean": 0.0331606119871,
        "min": 0.000176385423401,
        "stdev": 0.0109224840999
    },
    "spectral_energyband_high": {
        "max": 0.0180243253708,
        "mean": 0.000553757185116,
        "min": 1.88786316357e-06,
        "stdev": 0.00112705270294
    },
    "spectral_energyband_low": {
        "max": 0.0546035841107,
        "mean": 0.00398446619511,
        "min": 2.68163094006e-05,
        "stdev": 0.00373125239275
    },
    "spectral_energyband_middle_high": {
        "max": 0.0428191311657,
        "mean": 0.0129957599565,
        "min": 1.77858310053e-05,
        "stdev": 0.00838802848011
    },
    "spectral_energyband_middle_low": {
        "max": 0.091381713748,
        "mean": 0.0165103711188,
        "min": 0.000130730200908,
        "stdev": 0.0104327723384
    },
    "spectral_entropy": {
        "max": 8.46135425568,
        "mean": 7.48210525513,
        "min": 6.26817893982,
        "stdev": 0.256971389055
    },
    "spectral_flux": {
        "max": 0.271822541952,
        "mean": 0.102613605559,
        "min": 0.0381559804082,
        "stdev": 0.0278435461223
    },
    "spectral_kurtosis": {
        "max": 18.1160373688,
        "mean": 4.83500099182,
        "min": -0.995870113373,
        "stdev": 2.58043241501
    },
    "spectral_rms": {
        "max": 0.0102838510647,
        "mean": 0.0056066820398,
        "min": 0.000414829293732,
        "stdev": 0.000957562588155
    },
    "spectral_rolloff": {
        "max": 8441.015625,
        "mean": 1531.17993164,
        "min": 215.33203125,
        "stdev": 866.670776367
    },
    "spectral_skewness": {
        "max": 3.2201821804,
        "mean": 1.45510661602,
        "min": -0.0930849909782,
        "stdev": 0.336949408054
    },
    "spectral_spread": {
        "max": 9383104,
        "mean": 3286863,
        "min": 2027584.625,
        "stdev": 953226.6875
    },
    "spectral_strongpeak": {
        "max": 9.832447052,
        "mean": 1.9238461256,
        "min": 0.0280537493527,
        "stdev": 1.54439949989
    },
    "zerocrossingrate": {
        "max": 0.2080078125,
        "mean": 0.0560637973249,
        "min": 0.0048828125,
        "stdev": 0.0182812418789
    },
    "barkbands": {
        "max": [0.000648429908324, 0.0172695554793, 0.0408235043287, 0.0340060181916, 0.0504136495292, 0.0475074127316, 0.0447205789387, 0.0391017049551, 0.0449904948473, 0.0342056751251, 0.0304995197803, 0.0198159161955, 0.0168528277427, 0.0134715884924, 0.0122822616249, 0.0139284431934, 0.0137475030497, 0.0068626976572, 0.00560293346643, 0.00309916050173, 0.00594160053879, 0.00758227240294, 0.0107380505651, 0.00571899581701, 0.000548532232642, 3.8600373955e-05, 6.90784145263e-06],
        "mean": [7.05644488335e-05, 0.00148582959082, 0.00183168600779, 0.00184849603102, 0.00466538546607, 0.00249874708243, 0.00200653937645, 0.00187933631241, 0.00303450063802, 0.00239910860546, 0.00302085769363, 0.00174128997605, 0.0013485836098, 0.00106100738049, 0.00117684085853, 0.000648907269351, 0.000525216048118, 0.000697830633726, 0.000493628322147, 0.000286425143713, 0.000146879945532, 0.00011551057105, 9.992615378e-05, 6.11736613791e-05, 1.41085993164e-05, 2.26913471124e-06, 4.98541519178e-09],
        "min": [1.16872065803e-07, 7.23069388187e-06, 1.94757194549e-06, 7.67797428125e-06, 6.09456219536e-06, 9.76635328698e-06, 1.30386633828e-05, 2.84677594209e-06, 4.61313629785e-06, 3.80233768738e-06, 4.24049994763e-06, 1.37302561143e-06, 2.00138947548e-06, 3.61073432487e-07, 2.77191247733e-06, 1.37176300541e-06, 8.23800064609e-07, 1.04690786884e-06, 2.77404325288e-07, 3.77750723146e-07, 6.04975923579e-07, 2.85937261424e-07, 3.64676651543e-07, 9.17434590519e-08, 9.98680462772e-08, 6.10708141835e-08, 1.24077442765e-10],
        "stdev": [7.23059783923e-05, 0.00166998559143, 0.00227435328998, 0.00287238578312, 0.00551421241835, 0.00368162500672, 0.00372793688439, 0.00274813571014, 0.00470742024481, 0.00339143793099, 0.00442042993382, 0.00260117510334, 0.00177148589864, 0.00147588911932, 0.00146248284727, 0.00117052718997, 0.00090250861831, 0.000790359510574, 0.000514749553986, 0.000301842752378, 0.00021910094074, 0.000334376411047, 0.000491280457936, 0.000272574980045, 3.40837686963e-05, 4.01182433052e-06, 1.50686162215e-07]
    },
    "erbbands": {
        "max": [0.258545100689, 4.67770719528, 40.4056816101, 49.8310394287, 261.278106689, 188.696228027, 433.176574707, 495.660827637, 653.107543945, 526.904174805, 1054.0032959, 1170.0949707, 1103.44165039, 1324.8638916, 1105.5604248, 545.163391113, 749.563232422, 715.553588867, 830.291625977, 851.714294434, 536.1484375, 835.009277344, 464.382476807, 335.185455322, 203.623260498, 187.246185303, 114.912445068, 288.874633789, 217.712905884, 474.29296875, 335.566894531, 190.753875732, 77.0467224121, 10.7890853882, 1.6002342701, 0.315776616335, 0.0494879856706, 0.00428637117147, 0.000990019878373, 0.000128220985061],
        "mean": [0.0272110607475, 0.402427762747, 1.98747551441, 3.96052742004, 12.2943820953, 13.4143943787, 20.5624217987, 20.873003006, 27.5684452057, 32.5412597656, 44.8436126709, 67.129447937, 69.8043212891, 102.788574219, 123.433784485, 58.8397712708, 58.4801826477, 55.6605873108, 68.3425140381, 45.0709342957, 35.1801376343, 30.3904914856, 36.0570526123, 34.8148727417, 20.5177993774, 12.7795000076, 7.51858568192, 4.66709518433, 4.29280042648, 3.55665254593, 2.77821993828, 1.58672761917, 0.806475102901, 0.241798132658, 0.0647024735808, 0.018391482532, 0.00253060390241, 9.31203176151e-05, 2.33118444157e-05, 4.05735736422e-05],
        "min": [0.000396953371819, 0.00216344674118, 0.0071625681594, 0.0179418753833, 0.0304768681526, 0.0145761789754, 0.0399422645569, 0.248084098101, 0.598824083805, 0.414884179831, 0.0882352888584, 0.107396535575, 0.101994998753, 0.136887699366, 0.172755926847, 0.0494273006916, 0.0906876698136, 0.034690130502, 0.121777072549, 0.084477044642, 0.0781412050128, 0.0455459058285, 0.047226306051, 0.0398548059165, 0.0103632416576, 0.0164090543985, 0.0376953780651, 0.0114792212844, 0.0110894376412, 0.00783468596637, 0.0126265138388, 0.0025318027474, 0.00210224767216, 0.00114849372767, 0.00063633226091, 0.000330327864503, 5.12825754413e-05, 2.05014111998e-06, 3.26627514369e-06, 1.4634784975e-06],
        "stdev": [0.0275902058929, 0.470999509096, 2.4705312252, 4.36010837555, 23.4388847351, 14.6947889328, 33.5719871521, 31.5042572021, 50.6174583435, 43.4569816589, 61.0926475525, 108.083145142, 98.320350647, 139.974395752, 170.477127075, 67.8724136353, 72.4901428223, 70.7156295776, 81.7774581909, 67.1549453735, 54.258354187, 49.6390419006, 43.3973464966, 34.5689048767, 20.8811187744, 13.8948020935, 8.8299369812, 9.0821647644, 10.5845518112, 17.6020641327, 13.6630764008, 7.32835865021, 3.41608381271, 0.679558694363, 0.129037410021, 0.0328857712448, 0.00428231572732, 0.000194985812414, 2.44271886913e-05, 1.34454212457e-05]
    },
    "gfcc": {
        "mean": [20.4567184448, 123.888771057, -158.296829224, 32.0154953003, -64.905921936, 12.0645904541, -34.671421051, 3.95305252075, -24.2355937958, -9.38295173645, -8.58718681335, -10.2999362946, -4.9510383606],
        "cov": [[639.317626953, -276.407073975, 25.5306510925, 87.0401153564, -34.5697784424, 115.143341064, -8.32920360565, 67.2595367432, -53.0489883423, -1.83595860004, -103.516693115, -1.80878722668, -45.6063652039], [-276.407073975, 422.226898193, -114.141716003, -73.192817688, 153.052932739, -136.294448853, 77.8747406006, -9.51370620728, 52.8559036255, -10.8655147552, 105.151679993, -37.6778755188, 53.9418945312], [25.5306510925, -114.141716003, 421.367706299, 161.374099731, -132.941711426, -9.48320007324, -125.256057739, -21.4782485962, 18.3012390137, 73.0996551514, -77.2798919678, 52.911529541, -48.933795929], [87.0401153564, -73.192817688, 161.374099731, 200.180450439, -4.22256231308, -34.7476081848, -67.0787277222, 7.82832288742, 23.5254096985, 18.5282764435, -35.5485839844, 28.6226081848, -9.52558040619], [-34.5697784424, 153.052932739, -132.941711426, -4.22256231308, 187.304367065, -13.4020166397, 56.857585907, 18.4069290161, -10.556558609, -28.8301353455, 28.0077705383, -26.8099822998, 26.6133155823], [115.143341064, -136.294448853, -9.48320007324, -34.7476081848, -13.4020166397, 229.645401001, 62.8483276367, -16.909734726, -58.5395545959, -15.9736919403, -33.6591796875, -18.2200946808, -19.1180076599], [-8.32920360565, 77.8747406006, -125.256057739, -67.0787277222, 56.857585907, 62.8483276367, 138.214157104, 26.5052566528, -19.0709381104, -13.6380786896, 23.6834526062, -34.0113716125, 10.7880487442], [67.2595367432, -9.51370620728, -21.4782485962, 7.82832288742, 18.4069290161, -16.909734726, 26.5052566528, 101.454566956, 38.609954834, 2.64297556877, -11.9842472076, -9.42319869995, -3.41854643822], [-53.0489883423, 52.8559036255, 18.3012390137, 23.5254096985, -10.556558609, -58.5395545959, -19.0709381104, 38.609954834, 102.519706726, 30.3643016815, 22.9426937103, 10.9360523224, 5.63904666901], [-1.83595860004, -10.8655147552, 73.0996551514, 18.5282764435, -28.8301353455, -15.9736919403, -13.6380786896, 2.64297556877, 30.3643016815, 84.8375930786, 6.43862915039, 19.2337150574, -16.5683288574], [-103.516693115, 105.151679993, -77.2798919678, -35.5485839844, 28.0077705383, -33.6591796875, 23.6834526062, -11.9842472076, 22.9426937103, 6.43862915039, 101.226524353, 10.6349639893, 26.8096179962], [-1.80878722668, -37.6778755188, 52.911529541, 28.6226081848, -26.8099822998, -18.2200946808, -34.0113716125, -9.42319869995, 10.9360523224, 19.2337150574, 10.6349639893, 69.2222747803, 14.086853981], [-45.6063652039, 53.9418945312, -48.933795929, -9.52558040619, 26.6133155823, -19.1180076599, 10.7880487442, -3.41854643822, 5.63904666901, -16.5683288574, 26.8096179962, 14.086853981, 59.938457489]],
        "icov": [[0.00290310545824, 0.000169061720953, 0.0015998238232, -0.00201609870419, 0.000874895660672, -0.00131290790159, 0.00105321547017, -0.00270597659983, 0.00216985493898, -0.00116757722571, 0.00147836760152, -0.000491058512125, 0.000818624685053], [0.000169061720953, 0.0184473991394, -0.0102481618524, 0.00961907114834, -0.0147010814399, 0.0120267812163, -0.0135057149455, 0.0108062596992, -0.011457927525, 0.00540751218796, -0.00807554833591, 0.00894054677337, -0.00581685872748], [0.0015998238232, -0.0102481618524, 0.0133163938299, -0.0103419683874, 0.0114059979096, -0.00793077237904, 0.0101992497221, -0.00684696808457, 0.00804591365159, -0.00724404770881, 0.00778806069866, -0.00653020944446, 0.00513976067305], [-0.00201609870419, 0.00961907114834, -0.0103419683874, 0.0156407654285, -0.0115463919938, 0.00759651884437, -0.00625635823235, 0.00687387166545, -0.00907610356808, 0.00499136839062, -0.00406484212726, 0.00346365850419, -0.00384273543023], [0.000874895660672, -0.0147010814399, 0.0114059979096, -0.0115463919938, 0.0207115095109, -0.00917138811201, 0.00926364492625, -0.0103228241205, 0.0116321779788, -0.00489440979436, 0.00605998886749, -0.00520064076409, 0.00305979629047], [-0.00131290790159, 0.0120267812163, -0.00793077237904, 0.00759651884437, -0.00917138811201, 0.015126241371, -0.013584503904, 0.00984970666468, -0.0067431028001, 0.00488966656849, -0.00394415808842, 0.00539122289047, -0.00270318891853], [0.00105321547017, -0.0135057149455, 0.0101992497221, -0.00625635823235, 0.00926364492625, -0.013584503904, 0.0257265157998, -0.0141562558711, 0.0120610138401, -0.00748137431219, 0.00332038896158, -0.00261866627261, 0.00233199214563], [-0.00270597659983, 0.0108062596992, -0.00684696808457, 0.00687387166545, -0.0103228241205, 0.00984970666468, -0.0141562558711, 0.0241914503276, -0.0162630267441, 0.00540669681504, -0.00106404407416, 0.00482563348487, -0.00226239603944], [0.00216985493898, -0.011457927525, 0.00804591365159, -0.00907610356808, 0.0116321779788, -0.0067431028001, 0.0120610138401, -0.0162630267441, 0.0258994083852, -0.00925875175744, 0.00150489655789, -0.00429509673268, 0.00201533315703], [-0.00116757722571, 0.00540751218796, -0.00724404770881, 0.00499136839062, -0.00489440979436, 0.00488966656849, -0.00748137431219, 0.00540669681504, -0.00925875175744, 0.0201839488, -0.00522432941943, -0.00123566377442, 0.00358951301314], [0.00147836760152, -0.00807554833591, 0.00778806069866, -0.00406484212726, 0.00605998886749, -0.00394415808842, 0.00332038896158, -0.00106404407416, 0.00150489655789, -0.00522432941943, 0.0211470872164, -0.00793336331844, 0.000317660742439], [-0.000491058512125, 0.00894054677337, -0.00653020944446, 0.00346365850419, -0.00520064076409, 0.00539122289047, -0.00261866627261, 0.00482563348487, -0.00429509673268, -0.00123566377442, -0.00793336331844, 0.0261030346155, -0.0109490500763], [0.000818624685053, -0.00581685872748, 0.00513976067305, -0.00384273543023, 0.00305979629047, -0.00270318891853, 0.00233199214563, -0.00226239603944, 0.00201533315703, 0.00358951301314, 0.000317660742439, -0.0109490500763, 0.0265912227333]]
    },
    "melbands": {
        "max": [0.00385221466422, 0.0142980972305, 0.0156087195501, 0.0127567891032, 0.0135661028326, 0.0105309970677, 0.010059193708, 0.00494518131018, 0.00859115552157, 0.00817242078483, 0.00537773268297, 0.00577704142779, 0.00398333044723, 0.00270460988395, 0.00173813058063, 0.00216530682519, 0.00153971929103, 0.00146956846584, 0.00104371679481, 0.00148994755, 0.000727710372303, 0.00106731592678, 0.000532312551513, 0.000378863187507, 0.000327028013999, 0.000229385550483, 0.000170805913513, 0.000121715951536, 7.24890851416e-05, 0.000114859256428, 0.00018098646251, 9.6082672826e-05, 0.000197824600036, 0.000327026384184, 0.000193094456336, 0.000204444484552, 7.46314035496e-05, 7.69952821429e-05, 1.78995123861e-05, 5.99333225182e-06],
        "mean": [0.000324307591654, 0.000860887696035, 0.000980022130534, 0.000918594712857, 0.000713499670383, 0.000468329177238, 0.000433845823864, 0.000376459647669, 0.000364770879969, 0.000446967955213, 0.000345841777744, 0.000404294085456, 0.000407139596064, 0.00025238917442, 0.000104190825368, 0.000142786913784, 9.56186122494e-05, 0.000111068446131, 8.26349569252e-05, 4.82125979033e-05, 3.85857601941e-05, 3.23400126945e-05, 2.7122652682e-05, 3.49437177647e-05, 2.82534856524e-05, 1.55026827997e-05, 1.302927285e-05, 7.37003620088e-06, 4.81723373014e-06, 3.64850757251e-06, 2.38273560171e-06, 2.52532117884e-06, 2.07744892577e-06, 1.93406117432e-06, 1.72160275724e-06, 1.20395941394e-06, 8.7288509576e-07, 6.47625824968e-07, 3.26108306581e-07, 1.59087520046e-07],
        "min": [4.20396554546e-06, 3.70879229195e-06, 3.54705207428e-06, 1.65063090662e-06, 1.08224037376e-06, 4.26121641794e-06, 7.68197605794e-06, 3.7580875869e-06, 6.3242549686e-07, 6.58758153804e-07, 5.11017105964e-07, 5.49694448182e-07, 6.05977163559e-07, 2.24752000122e-07, 1.36247052751e-07, 1.87038466493e-07, 3.86007599218e-08, 1.67101944726e-07, 1.85560807608e-07, 8.24992056891e-08, 9.03119286022e-08, 4.45821477513e-08, 3.9447662914e-08, 5.64868365416e-08, 2.99894971079e-08, 8.96076279844e-09, 5.48000445022e-09, 1.09283631033e-08, 3.11839123412e-08, 9.25753518288e-09, 5.53781465129e-09, 7.32709226625e-09, 3.97613675318e-09, 3.91836252334e-09, 7.39615479972e-09, 4.53966197966e-09, 6.86277756845e-10, 1.59880109152e-09, 1.12717390977e-09, 8.9948143378e-10],
        "stdev": [0.000335367309162, 0.000972664158326, 0.00140481046401, 0.00117387971841, 0.00106927100569, 0.000701317214407, 0.000779069494456, 0.000485456432216, 0.000499899091665, 0.000756889872719, 0.000498887617141, 0.000572684628423, 0.000587571470533, 0.000370567227947, 0.000146750433487, 0.000205200107303, 0.000136022426886, 0.0001477287733, 0.000107454026875, 0.000101407640614, 6.70278532198e-05, 5.83402943448e-05, 3.90560089727e-05, 4.16097282141e-05, 3.02201988234e-05, 1.77399961103e-05, 1.49465067807e-05, 9.14783777262e-06, 5.9772678469e-06, 5.12926817464e-06, 5.67268762097e-06, 5.7091956478e-06, 7.80004484113e-06, 1.10334840429e-05, 8.66353457241e-06, 6.38277106191e-06, 3.90910918213e-06, 2.99243492918e-06, 1.08142603494e-06, 4.02107389164e-07]
    },
    "melbands128": {
        "max": [0.000478691479657, 0.00190865492914, 0.00627296138555, 0.00971861090511, 0.0204141028225, 0.018046874553, 0.00863258447498, 0.0227656606585, 0.0337177664042, 0.0115705542266, 0.0134654520079, 0.0167105011642, 0.0187097471207, 0.0148281678557, 0.0093818642199, 0.0203469395638, 0.0114403627813, 0.0182026922703, 0.0118230730295, 0.00796317961067, 0.0105102872476, 0.0148593448102, 0.0155776795, 0.0123973023146, 0.00886947475374, 0.0180227719247, 0.0109181879088, 0.010202194564, 0.00647151609883, 0.0103734610602, 0.00843119528145, 0.0102416137233, 0.00753929419443, 0.00800721812993, 0.0063458904624, 0.00337410764769, 0.00234149955213, 0.00376586359926, 0.00303770997562, 0.00306651485153, 0.00353893707506, 0.00388871505857, 0.00241845287383, 0.00327550945804, 0.00247096223757, 0.00335225020535, 0.00264329276979, 0.00195967266336, 0.00277433404699, 0.00243221758865, 0.0032452957239, 0.000946675252635, 0.00171642727219, 0.00173758319579, 0.00163696787786, 0.00167075975332, 0.00257635558955, 0.00110349874012, 0.000735089124646, 0.00107009941712, 0.000691110442858, 0.000856351864059, 0.000628531968687, 0.00044181451085, 0.00082822953118, 0.000294057914289, 0.000326693349052, 0.00033807544969, 0.000276611710433, 0.000248061231105, 0.000246486626565, 0.000125413775095, 0.000101808043837, 0.000121686061902, 0.00010204895807, 0.000102249417978, 0.000171862746356, 0.000229588142247, 0.000203851173865, 0.000134714355227, 0.000101705998532, 9.49252280407e-05, 0.000172438667505, 0.000248116470175, 0.000222156682867, 0.000389791966882, 0.000317217083648, 0.000340618367773, 0.000205502525205, 0.0002945579472, 0.000127267237986, 0.000268516654614, 0.000185295095434, 6.29142668913e-05, 9.63570928434e-05, 0.000142807417433, 7.10033709765e-05, 3.40224214597e-05, 2.05424530577e-05, 1.43030929394e-05, 8.24822654977e-06, 5.94084576733e-06, 3.72415956917e-06, 3.4738739032e-06, 1.53667167524e-06, 1.36999767619e-06, 8.13527606169e-07, 7.12978135198e-07, 8.22107494969e-07, 7.6441051533e-07, 2.85007814682e-07, 1.90753823404e-07, 1.82265353033e-07, 1.12247889206e-07, 4.49545041192e-08, 3.44206299019e-08, 3.32273764059e-08, 3.22272093456e-08, 3.14501953369e-08, 3.05654843658e-08, 2.98138154164e-08, 2.92323854012e-08, 2.86346732992e-08, 2.81457239737e-08, 2.77464415888e-08, 2.74367977227e-08, 2.71874771585e-08, 2.70362079391e-08],
        "mean": [5.35524595762e-05, 0.000177331021405, 0.00035574901267, 0.000751725281589, 0.00104009814095, 0.00083761656424, 0.000643010134809, 0.00110394181684, 0.00142674648669, 0.000810751866084, 0.000666528823785, 0.000846989103593, 0.000796667532995, 0.000445949932327, 0.000445334066171, 0.000513694540132, 0.000420231721364, 0.000418559939135, 0.000481638504425, 0.000276512146229, 0.000408133317251, 0.000421784439823, 0.000336091994541, 0.000348253000993, 0.000369864574168, 0.000591769523453, 0.000388458895031, 0.000289101531962, 0.000315644196235, 0.000391673529521, 0.000455665052868, 0.000405335478717, 0.000346044078469, 0.00049744831631, 0.000357308221282, 0.000163685792359, 8.7420878117e-05, 0.00011318756151, 9.62028789218e-05, 0.000129530177219, 0.000184827775229, 0.000111098503112, 8.15010935185e-05, 9.37169170356e-05, 0.00010525543621, 0.000122754237964, 0.000105062645162, 0.000103203972685, 6.20688078925e-05, 4.15798931499e-05, 5.4390362493e-05, 4.24512800237e-05, 4.47521924798e-05, 3.1906489312e-05, 3.58916186087e-05, 3.42248567904e-05, 2.92445311061e-05, 2.06860222534e-05, 2.68606545433e-05, 3.88737644244e-05, 3.34364049195e-05, 3.42883140547e-05, 3.56061827915e-05, 2.56221192103e-05, 1.81974100997e-05, 1.4843370991e-05, 1.37733049996e-05, 1.48065728354e-05, 1.40139591167e-05, 8.70551775733e-06, 7.39679126127e-06, 7.1570207183e-06, 4.65292760055e-06, 4.65012681161e-06, 4.35516813013e-06, 4.40343455921e-06, 2.87188822767e-06, 2.42732426159e-06, 2.31071408052e-06, 2.36104938267e-06, 2.57465057985e-06, 2.73107912108e-06, 2.07748644243e-06, 2.04438970286e-06, 1.99352962227e-06, 2.02101432478e-06, 1.83887937055e-06, 1.91198364519e-06, 1.81452207926e-06, 1.5574257759e-06, 1.22343249132e-06, 1.14222814318e-06, 1.11559722882e-06, 7.28543852802e-07, 8.72637428984e-07, 8.00030704795e-07, 5.92796141063e-07, 4.45520754511e-07, 3.44928253071e-07, 2.59850963857e-07, 1.86654091294e-07, 1.49277894934e-07, 1.14124489414e-07, 8.67054197329e-08, 6.81956962012e-08, 4.9820471304e-08, 3.88862204659e-08, 3.69587773719e-08, 3.34037153493e-08, 2.54269565403e-08, 1.46922314315e-08, 9.81327819005e-09, 6.16137718623e-09, 1.62952185079e-09, 4.75819383894e-10, 1.3804300758e-10, 4.015652047e-11, 2.1553418772e-11, 2.10415625895e-11, 2.04528356057e-11, 1.99395326639e-11, 1.95612276377e-11, 1.91924445087e-11, 1.8849354369e-11, 1.83883169108e-11, 1.78320570116e-11, 1.74858651864e-11, 1.73620839927e-11],
        "min": [4.11908764875e-08, 4.13265354382e-07, 1.21254981877e-06, 9.59340354711e-07, 3.57784938387e-06, 8.00058273853e-07, 3.55111387762e-06, 3.43722012985e-06, 2.60776209871e-06, 1.68764267983e-06, 5.16026602781e-07, 1.82573842267e-07, 4.84082363528e-07, 9.32788736918e-07, 2.97276983474e-06, 1.15920659027e-06, 8.52562493492e-07, 1.14844579002e-06, 1.42415478877e-06, 5.37630739927e-07, 3.87107775168e-07, 4.29080614595e-07, 5.51781454305e-07, 7.64117032759e-07, 7.41067879062e-07, 6.15523276792e-07, 3.51351786776e-07, 4.36308567942e-07, 3.03807922819e-07, 3.08366622903e-07, 4.75752415241e-07, 5.1777135468e-07, 1.79036661052e-07, 2.56096029716e-07, 3.1949446111e-07, 9.70218252405e-08, 4.99670669285e-08, 8.10626872294e-08, 2.19101281118e-07, 2.60080469161e-07, 1.6934923508e-07, 1.02013117953e-07, 3.32906857636e-08, 5.69170266473e-09, 2.31874714984e-08, 2.16901014483e-07, 3.21231397038e-07, 2.14994443581e-07, 1.33453568196e-07, 4.37539640075e-08, 9.28625212282e-08, 8.12243357018e-08, 1.3105925234e-07, 6.98122590848e-08, 5.25508916382e-08, 3.7175396983e-08, 3.88121570438e-08, 6.25531058063e-08, 2.65071786743e-08, 2.37427908445e-08, 5.95563633965e-08, 8.98884024991e-08, 3.68788199978e-08, 1.52819623622e-08, 7.78314301897e-09, 1.41192639802e-08, 4.94078289393e-09, 2.02673255956e-09, 6.90955292981e-09, 8.39369285188e-09, 6.50308518146e-09, 1.01719788148e-08, 3.2976693376e-08, 2.25179483948e-08, 1.30335680026e-08, 8.65169180742e-09, 7.89843213056e-09, 4.02416455714e-09, 5.67557911779e-09, 5.8900515576e-09, 7.37624183955e-09, 8.43915248794e-09, 2.92799340329e-09, 3.21299475914e-09, 4.80525130797e-09, 3.14757842013e-09, 2.80478462678e-09, 2.42932718386e-09, 6.72561251136e-09, 5.81739412198e-09, 2.1182144927e-09, 8.36826996586e-10, 7.66126606599e-10, 6.90176249485e-10, 5.33298405436e-10, 1.06876529848e-09, 7.63972718421e-10, 1.23762156079e-09, 9.05273855878e-10, 2.76479172889e-10, 8.48269648968e-11, 1.13158857284e-10, 6.48120359464e-12, 2.04986444485e-10, 7.24452876161e-12, 7.88284437725e-11, 1.1893855692e-11, 8.0674772418e-12, 1.6107311665e-11, 4.57807541876e-11, 1.54321937174e-11, 9.39507694732e-13, 5.82784905404e-13, 4.33186825169e-13, 3.0179217415e-13, 4.75049903928e-13, 4.03955704607e-13, 3.79883489032e-13, 3.94377130779e-13, 3.61789510026e-13, 4.18900537088e-13, 3.92325386588e-13, 3.82479421399e-13, 4.004564692e-13, 2.97993888679e-13, 9.82687238874e-14, 1.62112077234e-14, 6.20302714884e-16],
        "stdev": [5.76653146709e-05, 0.000203844392672, 0.000434027053416, 0.000963975675404, 0.00140701967757, 0.000995550188236, 0.000720032956451, 0.00203651632182, 0.00313545018435, 0.00116037484258, 0.000933987030294, 0.0014421697706, 0.00153876980767, 0.000858428422362, 0.000737462658435, 0.00119185168296, 0.000938812620007, 0.00110200233757, 0.0010158715304, 0.000491444894578, 0.000717705115676, 0.000871509022545, 0.000651158450637, 0.000763398420531, 0.000768808880821, 0.00142846500967, 0.000919628830161, 0.000684011843987, 0.00055837072432, 0.000814511207864, 0.00086685892893, 0.000902248371858, 0.000828223826829, 0.000939310528338, 0.000752615742385, 0.000331675168127, 0.000171171312104, 0.000230049554375, 0.000209814417758, 0.000261658657109, 0.000331372662913, 0.000262458110228, 0.000179155686055, 0.000224580493523, 0.00021413579816, 0.00024982431205, 0.000193003899767, 0.000174369080923, 0.000149226820213, 0.000149614541442, 0.000178575457539, 8.18687185529e-05, 0.000132002052851, 8.56471742736e-05, 8.66483678692e-05, 8.39436033857e-05, 9.06133500393e-05, 4.71965104225e-05, 5.1900766266e-05, 7.24811980035e-05, 6.32201845292e-05, 6.15554890828e-05, 5.46274750377e-05, 3.95553361159e-05, 3.42159692082e-05, 2.55761096923e-05, 2.12375871342e-05, 2.24051964324e-05, 2.1094983822e-05, 1.56337955559e-05, 1.51217845996e-05, 1.00611250673e-05, 6.44011697659e-06, 8.24753624329e-06, 6.84151882524e-06, 6.42938175588e-06, 5.37063533557e-06, 6.63952096147e-06, 6.13558040641e-06, 6.14414329903e-06, 6.04497517998e-06, 6.40790585749e-06, 7.11311440682e-06, 8.25991810416e-06, 9.09718073672e-06, 1.24136540762e-05, 1.15679895316e-05, 1.12312791316e-05, 9.22103208723e-06, 9.19951617107e-06, 5.80154801355e-06, 7.20181242286e-06, 6.34087018625e-06, 3.07179402625e-06, 4.03064586862e-06, 4.58501244793e-06, 2.69162387667e-06, 1.78390541805e-06, 1.19101287055e-06, 7.73329531967e-07, 5.13925101586e-07, 3.9926902673e-07, 2.61285805436e-07, 2.02658554826e-07, 1.32281996912e-07, 9.92613848894e-08, 7.69680994495e-08, 7.57756026815e-08, 6.44686508622e-08, 4.89084754918e-08, 2.66268767035e-08, 1.74290555321e-08, 1.25320287481e-08, 6.77692968409e-09, 2.53236320802e-09, 9.62727453313e-10, 7.33570537648e-10, 7.02936486796e-10, 6.85988876814e-10, 6.66688537709e-10, 6.50291931414e-10, 6.37609465226e-10, 6.24571394603e-10, 6.13909423297e-10, 6.05204941717e-10, 5.98459004575e-10, 5.93025906159e-10, 5.89727044975e-10]
    },
    "mfcc": {
        "mean": [-603.817016602, 139.154190063, -27.4818191528, 17.2222232819, -6.45371627808, 1.35016489029, 0.937033116817, 5.0391702652, -6.90086555481, 2.60876655579, -4.84500265121, -4.4068198204, -6.92194080353],
        "cov": [[705.854064941, -301.323394775, -24.4547405243, -45.7309875488, -3.05010247231, 37.2567749023, 63.9793663025, 69.5895233154, 52.9916229248, 27.6046028137, -3.87858486176, -41.6326217651, -21.0477619171], [-301.323394775, 477.01776123, -241.70930481, 38.6542472839, 2.6763586998, -70.5843887329, 50.4524993896, -25.3643627167, -20.5480155945, 37.0510025024, 0.235381066799, 28.7564086914, 16.4024295807], [-24.4547405243, -241.70930481, 503.616424561, 62.430847168, 3.60468888283, 51.6101989746, -146.750152588, -53.0688209534, 2.00865006447, -57.6203041077, 23.1310367584, 29.4687786102, 12.2985801697], [-45.7309875488, 38.6542472839, 62.430847168, 257.145721436, 72.386428833, -68.9281005859, -93.4679794312, -30.8478221893, 6.38442087173, -10.3254709244, -10.806842804, 45.1937103271, 43.6093635559], [-3.05010247231, 2.6763586998, 3.60468888283, 72.386428833, 110.478691101, -7.54870557785, -27.9270000458, 4.86555624008, 3.77913069725, -4.97364139557, -17.7733650208, 0.310842782259, 7.42841148376], [37.2567749023, -70.5843887329, 51.6101989746, -68.9281005859, -7.54870557785, 146.236190796, 61.1711235046, 1.99145674706, -1.57811415195, -17.5275402069, 1.45049703121, -25.9104404449, -18.2685813904], [63.9793663025, 50.4524993896, -146.750152588, -93.4679794312, -27.9270000458, 61.1711235046, 185.016891479, 42.4411773682, 3.73000478745, 27.0415992737, -8.79500484467, -37.3719406128, -34.9328384399], [69.5895233154, -25.3643627167, -53.0688209534, -30.8478221893, 4.86555624008, 1.99145674706, 42.4411773682, 82.576713562, 24.8690605164, 18.1051654816, -8.68382930756, -13.3310880661, -10.0092983246], [52.9916229248, -20.5480155945, 2.00865006447, 6.38442087173, 3.77913069725, -1.57811415195, 3.73000478745, 24.8690605164, 72.2231445312, 24.5478820801, -0.646142780781, -0.810768187046, 2.38629126549], [27.6046028137, 37.0510025024, -57.6203041077, -10.3254709244, -4.97364139557, -17.5275402069, 27.0415992737, 18.1051654816, 24.5478820801, 86.747215271, 22.7984371185, -6.43028259277, -7.69014358521], [-3.87858486176, 0.235381066799, 23.1310367584, -10.806842804, -17.7733650208, 1.45049703121, -8.79500484467, -8.68382930756, -0.646142780781, 22.7984371185, 69.790435791, 15.4600000381, -7.82840490341], [-41.6326217651, 28.7564086914, 29.4687786102, 45.1937103271, 0.310842782259, -25.9104404449, -37.3719406128, -13.3310880661, -0.810768187046, -6.43028259277, 15.4600000381, 83.1870117188, 39.9791526794], [-21.0477619171, 16.4024295807, 12.2985801697, 43.6093635559, 7.42841148376, -18.2685813904, -34.9328384399, -10.0092983246, 2.38629126549, -7.69014358521, -7.82840490341, 39.9791526794, 80.9373779297]],
        "icov": [[0.00254394789226, 0.00219782488421, 0.000846867100336, -0.000391127978219, 8.44050737214e-06, 0.000270055345027, -0.000972919806372, -0.000218355897232, -0.00092057272559, -0.000508791825268, -0.000254781363765, 0.000133148336317, -0.000200141250389], [0.00219782488421, 0.00533286901191, 0.00229535065591, -0.000857732549775, -9.53966082307e-05, 0.00113285263069, -0.00176613871008, 0.00191690248903, -0.000234722043388, -0.00116633123253, -0.000201777831535, -0.00118513847701, -0.000194596475922], [0.000846867100336, 0.00229535065591, 0.00449027586728, -0.000965268875007, 0.000781407346949, -0.00219675595872, 0.00256442721002, 0.00119076971896, -0.000896837736946, 0.000631241360679, -0.000799405795988, -0.000957442563958, 0.000761396775488], [-0.000391127978219, -0.000857732549775, -0.000965268875007, 0.00697540445253, -0.0039747711271, 0.00229496462271, 0.000878987717442, 0.00173022190575, -0.000939954421483, 0.000116936469567, 0.000802768394351, -0.00151934358291, -0.00119648571126], [8.44050737214e-06, -9.53966082307e-05, 0.000781407346949, -0.0039747711271, 0.0124705601484, -0.0023257820867, 0.00237220572308, -0.00244842306711, 0.000499855144881, -0.000529929820914, 0.00239783292636, 0.000961846089922, 0.000787701515947], [0.000270055345027, 0.00113285263069, -0.00219675595872, 0.00229496462271, -0.0023257820867, 0.0121068358421, -0.00620023114607, 0.00223845313303, -0.000974723952822, 0.00276143662632, -0.00169045873918, 0.00174690969288, -0.00125045969617], [-0.000972919806372, -0.00176613871008, 0.00256442721002, 0.000878987717442, 0.00237220572308, -0.00620023114607, 0.0128567805514, -0.00363179598935, 0.0010340193985, -0.00208743778057, 0.00207567238249, 0.000208021418075, 0.00259353267029], [-0.000218355897232, 0.00191690248903, 0.00119076971896, 0.00173022190575, -0.00244842306711, 0.00223845313303, -0.00363179598935, 0.0180716328323, -0.00497791916132, -0.00108682108112, 0.00150094542187, -0.000770552025642, 0.000408182735555], [-0.00092057272559, -0.000234722043388, -0.000896837736946, -0.000939954421483, 0.000499855144881, -0.000974723952822, 0.0010340193985, -0.00497791916132, 0.0180485155433, -0.00541596859694, 0.00172157224733, -0.000442033982836, -0.000646164058708], [-0.000508791825268, -0.00116633123253, 0.000631241360679, 0.000116936469567, -0.000529929820914, 0.00276143662632, -0.00208743778057, -0.00108682108112, -0.00541596859694, 0.0175960157067, -0.00722033111379, 0.00251401588321, -0.000526919495314], [-0.000254781363765, -0.000201777831535, -0.000799405795988, 0.000802768394351, 0.00239783292636, -0.00169045873918, 0.00207567238249, 0.00150094542187, 0.00172157224733, -0.00722033111379, 0.0199435148388, -0.0058520315215, 0.00422623287886], [0.000133148336317, -0.00118513847701, -0.000957442563958, -0.00151934358291, 0.000961846089922, 0.00174690969288, 0.000208021418075, -0.000770552025642, -0.000442033982836, 0.00251401588321, -0.0058520315215, 0.0194873437285, -0.00840050075203], [-0.000200141250389, -0.000194596475922, 0.000761396775488, -0.00119648571126, 0.000787701515947, -0.00125045969617, 0.00259353267029, 0.000408182735555, -0.000646164058708, -0.000526919495314, 0.00422623287886, -0.00840050075203, 0.0182141084224]]
    },
    "spectral_contrast_coeffs": {
        "max": [-0.457789599895, -0.488407373428, -0.512407422066, -0.607261061668, -0.608502626419, -0.602737486362],
        "mean": [-0.692202031612, -0.739707589149, -0.712244331837, -0.757796704769, -0.762862682343, -0.731782138348],
        "min": [-0.92491042614, -0.920738935471, -0.925903141499, -0.911992311478, -0.877060294151, -0.839182674885],
        "stdev": [0.0656368881464, 0.0616696402431, 0.0656879320741, 0.0446086525917, 0.0408503673971, 0.0261717047542]
    },
    "spectral_contrast_valleys": {
        "max": [-5.19868373871, -4.97914600372, -5.58851337433, -5.99963474274, -5.89794683456, -8.00386619568],
        "mean": [-6.47636795044, -6.22650051117, -6.71923017502, -7.04835367203, -7.18587589264, -10.5834531784],
        "min": [-8.21593666077, -8.42869472504, -8.71892642975, -9.41892147064, -9.83447265625, -13.2336912155],
        "stdev": [0.438421964645, 0.390631347895, 0.448938965797, 0.369717955589, 0.366391122341, 0.674590408802]
    }
},
"rhythm": {
    "beats_count": 63,
    "beats_loudness": {
        "max": 0.0798911824822,
        "mean": 0.0389384701848,
        "min": 0.00944820418954,
        "stdev": 0.0135040236637
    },
    "bpm": 77.4819335938,
    "bpm_histogram_first_peak_bpm": 77,
    "bpm_histogram_first_peak_weight": 0.321428537369,
    "bpm_histogram_second_peak_bpm": 82,
    "bpm_histogram_second_peak_spread": 0.333333313465,
    "bpm_histogram_second_peak_weight": 0.0645161271095,
    "danceability": 1.38137328625,
    "onset_rate": 2.0302734375,
    "beats_loudness_band_ratio": {
        "max": [0.789543569088, 0.617345035076, 0.636138081551, 0.677197635174, 0.342330247164, 0.543123722076],
        "mean": [0.323506206274, 0.217578187585, 0.177205458283, 0.220877870917, 0.108828298748, 0.0483569614589],
        "min": [0.0176889896393, 0.0383987985551, 0.0198454055935, 0.00698165874928, 0.0150071531534, 0.0070886570029],
        "stdev": [0.219831079245, 0.126472175121, 0.120047681034, 0.176015481353, 0.0791416019201, 0.0704803094268]
    },
    "beats_position": [0.696598649025, 1.42802715302, 2.15945577621, 2.90249419212, 3.64553284645, 4.38857126236, 5.13160991669, 5.88625860214, 6.64090681076, 7.40716552734, 8.17342376709, 8.93968200684, 9.71755123138, 10.4954195023, 11.261677742, 12.0395460129, 12.8058052063, 13.5836734772, 14.361541748, 15.1394100189, 15.9056682587, 16.6719264984, 17.4497947693, 18.2160549164, 18.9823131561, 19.760181427, 20.5380496979, 21.3159179688, 22.0821762085, 22.8716545105, 23.6611328125, 24.4506111145, 25.2516994476, 25.9715194702, 26.6913375854, 27.3995456696, 28.0961437225, 28.8507938385, 29.593832016, 30.3949203491, 31.1843986511, 31.9854869843, 32.7865753174, 33.5992736816, 34.4119720459, 35.2246704102, 36.0257606506, 36.8268470764, 37.6163253784, 38.4058036804, 39.1952819824, 39.9847602844, 40.7626304626, 41.5404968262, 42.3067550659, 43.0730133057, 43.8276634216, 44.6055335999, 45.3950119019, 46.1612701416, 46.9275283813, 47.7053947449, 48.4832649231],
