{
"metadata": {
    "version": {
        "essentia": "2.1-beta5",
        "essentia_git_sha": "Undefined",
        "extractor": "music 2.0"
    },
    "audio_properties": {
        "analysis": {
            "equal_loudness": 0,
            "length": 35.8516082764,
            "sample_rate": 44100,
            "start_time": 175.240997314,
            "downmix": "mix"
        },
        "bit_rate": 192000,
        "length": 211.115829468,
        "lossless": 0,
        "number_channels": 2,
        "replay_gain": -0.612545013428,
        "sample_rate": 48000,
        "codec": "mp3",
        "md5_encoded": "98af9bdb0a301218e23ab620fbb80b4a"
    },
    "tags": {
        "file_name": "Croatia_Nek_ti Bude Ljubav Sva_Tony Cetinski.mp3",
        "encoding": ["Lavf58.29.100"]
    }
},
"lowlevel": {
    "average_loudness": 0.624303102493,
    "barkbands_crest": {
        "max": 26.093378067,
        "mean": 9.58517742157,
        "min": 2.70311594009,
        "stdev": 5.70369052887
    },
    "barkbands_flatness_db": {
        "max": 0.425502896309,
        "mean": 0.13702891767,
        "min": 0.0174812935293,
        "stdev": 0.0778882279992
    },
    "barkbands_kurtosis": {
        "max": 216.750823975,
        "mean": 6.20618629456,
        "min": -1.68113768101,
        "stdev": 16.7011852264
    },
    "barkbands_skewness": {
        "max": 11.1537837982,
        "mean": 0.15041770041,
        "min": -2.41837263107,
        "stdev": 1.90322136879
    },
    "barkbands_spread": {
        "max": 90.5341949463,
        "mean": 21.0909729004,
        "min": 0.309173673391,
        "stdev": 12.4482784271
    },
    "dissonance": {
        "max": 0.499999970198,
        "mean": 0.457307547331,
        "min": 0.221120581031,
        "stdev": 0.0521506629884
    },
    "dynamic_complexity": 13.2290449142,
    "erbbands_crest": {
        "max": 29.3807220459,
        "mean": 8.9387960434,
        "min": 2.03681087494,
        "stdev": 6.94918966293
    },
    "erbbands_flatness_db": {
        "max": 0.394709706306,
        "mean": 0.168855205178,
        "min": 0.0473423190415,
        "stdev": 0.0733387544751
    },
    "erbbands_kurtosis": {
        "max": 84.1488723755,
        "mean": 2.65925574303,
        "min": -1.61557865143,
        "stdev": 7.92641830444
    },
    "erbbands_skewness": {
        "max": 7.85282325745,
        "mean": 0.375467330217,
        "min": -1.25898790359,
        "stdev": 1.44396388531
    },
    "erbbands_spread": {
        "max": 87.3630447388,
        "mean": 30.6303653717,
        "min": 1.8521887064,
        "stdev": 13.9870042801
    },
    "hfc": {
        "max": 69.4080352783,
        "mean": 13.7200689316,
        "min": 1.06674826451e-16,
        "stdev": 15.9607543945
    },
    "loudness_ebu128": {
        "integrated": -21.9933109283,
        "loudness_range": 8.35595321655,
        "momentary": {
            "max": -19.6444034576,
            "mean": -112.138053894,
            "min": -300.691009521,
            "stdev": 123.342971802
        },
        "short_term": {
            "max": -20.5154743195,
            "mean": -96.2994537354,
            "min": -300.691009521,
            "stdev": 113.667770386
        }
    },
    "melbands_crest": {
        "max": 30.9927253723,
        "mean": 9.3286151886,
        "min": 1.52915334702,
        "stdev": 6.89658975601
    },
    "melbands_flatness_db": {
        "max": 0.50204282999,
        "mean": 0.138279855251,
        "min": 0.00272635812871,
        "stdev": 0.126407012343
    },
    "melbands_kurtosis": {
        "max": 149.140335083,
        "mean": 5.55183553696,
        "min": -1.45512378216,
        "stdev": 13.4174261093
    },
    "melbands_skewness": {
        "max": 7.41374158859,
        "mean": 1.08041846752,
        "min": -1.0854074955,
        "stdev": 1.25929999352
    },
    "melbands_spread": {
        "max": 171.033950806,
        "mean": 62.6800193787,
        "min": 0.480646580458,
        "stdev": 55.2151679993
    },
    "pitch_salience": {
        "max": 0.939572930336,
        "mean": 0.623125016689,
        "min": 0.0947466343641,
        "stdev": 0.183724835515
    },
    "silence_rate_20dB": {
        "max": 1,
        "mean": 1,
        "min": 1,
        "stdev": 0
    },
    "silence_rate_30dB": {
        "max": 1,
        "mean": 1,
        "min": 1,
        "stdev": 0
    },
    "silence_rate_60dB": {
        "max": 1,
        "mean": 0.427831709385,
        "min": 0,
        "stdev": 0.494760841131
    },
    "spectral_centroid": {
        "max": 11817.0654297,
        "mean": 4429.52246094,
        "min": 286.103057861,
        "stdev": 4533.51074219
    },
    "spectral_complexity": {
        "max": 52,
        "mean": 11.0453071594,
        "min": 0,
        "stdev": 12.1779651642
    },
    "spectral_decrease": {
        "max": 1.69738356938e-28,
        "mean": -4.7724357799e-09,
        "min": -2.5416481364e-08,
        "stdev": 5.0360537962e-09
    },
    "spectral_energy": {
        "max": 0.0995039716363,
        "mean": 0.0192567296326,
        "min": 9.90538039878e-21,
        "stdev": 0.020246848464
    },
    "spectral_energyband_high": {
        "max": 0.004092767369,
        "mean": 0.000407186918892,
        "min": 6.71483855131e-21,
        "stdev": 0.000740015588235
    },
    "spectral_energyband_low": {
        "max": 0.0214190166444,
        "mean": 0.00232985871844,
        "min": 1.0163705991e-23,
        "stdev": 0.00342626310885
    },
    "spectral_energyband_middle_high": {
        "max": 0.0305755790323,
        "mean": 0.00325008481741,
        "min": 1.02863352391e-21,
        "stdev": 0.00473655294627
    },
    "spectral_energyband_middle_low": {
        "max": 0.0890123024583,
        "mean": 0.0136038865894,
        "min": 1.44374369378e-22,
        "stdev": 0.0160666052252
    },
    "spectral_entropy": {
        "max": 9.83451271057,
        "mean": 8.0665102005,
        "min": 4.57523822784,
        "stdev": 1.3760240078
    },
    "spectral_flux": {
        "max": 0.219470590353,
        "mean": 0.0442347787321,
        "min": 6.31101768067e-11,
        "stdev": 0.0460276082158
    },
    "spectral_kurtosis": {
        "max": 39.3993186951,
        "mean": 4.10752391815,
        "min": -1.280585289,
        "stdev": 6.09998273849
    },
    "spectral_rms": {
        "max": 0.00985276885331,
        "mean": 0.00319615961052,
        "min": 3.10866306655e-12,
        "stdev": 0.00292774382979
    },
    "spectral_rolloff": {
        "max": 19681.3476562,
        "mean": 7949.25048828,
        "min": 129.19921875,
        "stdev": 8342.12695312
    },
    "spectral_skewness": {
        "max": 5.20808553696,
        "mean": 1.23814558983,
        "min": -0.111968696117,
        "stdev": 1.07482898235
    },
    "spectral_spread": {
        "max": 48903116,
        "mean": 15655726,
        "min": 1781071.125,
        "stdev": 17026618
    },
    "spectral_strongpeak": {
        "max": 7.04334831238,
        "mean": 0.944952607155,
        "min": 0,
        "stdev": 1.20331013203
    },
    "zerocrossingrate": {
        "max": 0.86083984375,
        "mean": 0.239307120442,
        "min": 0.01123046875,
        "stdev": 0.243020802736
    },
    "barkbands": {
        "max": [0.000459551782114, 0.012859120965, 0.0160632841289, 0.0263447593898, 0.0714202895761, 0.08561565727, 0.0539528913796, 0.0286245159805, 0.0349839143455, 0.0225086547434, 0.00981487892568, 0.0194482281804, 0.00383442221209, 0.00282397237606, 0.0106558362022, 0.00652737030759, 0.00745167583227, 0.00343687855639, 0.00267328298651, 0.00371294096112, 0.00274721113965, 0.00156719412189, 0.000928615103476, 0.000581138476264, 0.000242453199462, 4.29583778896e-05, 1.14100055271e-06],
        "mean": [4.03678641305e-05, 0.000819488661364, 0.00127292599063, 0.0006435115356, 0.00277370866388, 0.0038990797475, 0.00316334911622, 0.00103288900573, 0.00182994757779, 0.000443690223619, 0.00038672296796, 0.000355893571395, 0.000196068605874, 0.000156099558808, 0.000644850370008, 0.000360429403372, 0.000378944096155, 0.000214391940972, 0.000174253931618, 0.000220509406063, 0.00011995787645, 5.74968835281e-05, 3.83494916605e-05, 2.40283279709e-05, 8.57764644024e-06, 1.19549963529e-06, 4.39808189867e-09],
        "min": [2.29183429303e-26, 4.00601538909e-25, 3.65636881659e-25, 3.69278978502e-25, 4.67157511615e-24, 7.64175633117e-24, 2.05292668937e-24, 3.67256876553e-24, 1.04630053404e-23, 9.72111321352e-24, 7.28911262957e-24, 1.55273069696e-23, 2.25059539236e-23, 2.29530313753e-23, 3.16247331818e-23, 2.95891249476e-23, 6.05210552389e-23, 7.62429584166e-23, 7.94236329647e-23, 1.45975807503e-22, 1.67251651174e-22, 2.76055272594e-22, 3.90953961534e-22, 5.49185423708e-22, 7.95745830766e-22, 1.13331872343e-21, 1.88479342776e-21],
        "stdev": [6.08013106103e-05, 0.00129852909595, 0.00216241041198, 0.00193903932814, 0.00558014540002, 0.00871386751533, 0.00796093046665, 0.00229065516032, 0.00445862114429, 0.00178115349263, 0.00100863771513, 0.00100257294253, 0.000338139449013, 0.0002976738906, 0.00139527476858, 0.00076804269338, 0.000825472350698, 0.000421660050051, 0.000332604569849, 0.00044748489745, 0.000275832688203, 0.000130212472868, 8.2817641669e-05, 5.02366638102e-05, 1.9449442334e-05, 3.12207635034e-06, 4.32483062696e-08]
    },
    "erbbands": {
        "max": [0.195568457246, 3.45614099503, 17.3202381134, 34.2052268982, 222.828720093, 287.946289062, 357.34979248, 1094.92321777, 757.002685547, 775.922119141, 840.207458496, 810.912780762, 854.96887207, 267.82598877, 356.716705322, 738.172607422, 275.039276123, 123.835021973, 307.935302734, 542.620727539, 238.366195679, 328.115112305, 106.691352844, 180.065444946, 255.712997437, 98.938835144, 133.666229248, 47.1659393311, 50.2740249634, 54.0578422546, 24.3212146759, 12.4333467484, 8.61354923248, 4.08133077621, 0.88972645998, 0.28884896636, 0.0575217157602, 0.00245499517769, 0.000171016858076, 0.000111119414214],
        "mean": [0.0166899021715, 0.225800305605, 1.39513230324, 1.66586959362, 6.81716108322, 8.65913295746, 21.9889698029, 30.3154792786, 33.0962715149, 45.6587982178, 28.5999717712, 40.7999458313, 23.9620933533, 10.0814189911, 14.9015626907, 15.240483284, 10.8459892273, 8.17608451843, 19.9207229614, 31.9029178619, 18.2957401276, 20.6157722473, 9.58098220825, 14.3067340851, 7.14998292923, 7.94843387604, 9.52738571167, 3.16385960579, 2.16102266312, 1.4859713316, 1.00766289234, 0.624205768108, 0.335967987776, 0.139570340514, 0.0372368358076, 0.00973063521087, 0.00138010247611, 4.99465422763e-05, 1.26937784444e-05, 2.29888009926e-05],
        "min": [4.05920590348e-23, 1.58289042709e-22, 1.41196317635e-21, 2.95903487548e-21, 6.28694060537e-21, 9.78258204411e-21, 3.35726535059e-20, 5.09500961261e-20, 9.56047920288e-20, 1.11270332673e-19, 1.49978546705e-19, 2.85105530801e-19, 3.43458832017e-19, 3.49062205185e-19, 4.23655129777e-19, 6.80457486847e-19, 1.13699263238e-18, 1.47636457179e-18, 1.57197041718e-18, 1.56984601057e-18, 2.77399423156e-18, 4.09400512397e-18, 4.81915424873e-18, 5.55373157812e-18, 4.63305350016e-18, 6.80703924631e-18, 5.96290473993e-18, 9.61998313818e-18, 9.51475004783e-18, 9.29169086949e-18, 1.0542004971e-17, 8.92598522169e-18, 9.37622459219e-18, 7.83371721105e-18, 5.85875608336e-18, 3.90223570666e-18, 2.12163451916e-18, 9.09098066373e-19, 2.13551448059e-19, 2.63489369153e-20],
        "stdev": [0.0252674296498, 0.368282616138, 2.39835309982, 3.13776350021, 20.304359436, 17.7089920044, 44.4365272522, 86.8106460571, 75.0110778809, 104.571243286, 60.0862312317, 104.739990234, 80.8391647339, 24.6614189148, 37.3208465576, 41.5240440369, 19.9349346161, 14.1406707764, 37.9377746582, 68.7835769653, 36.4887313843, 43.1209106445, 17.3115653992, 27.8658943176, 14.5668525696, 14.8653440475, 20.0053062439, 6.24109363556, 4.75393390656, 3.61247038841, 2.17276120186, 1.29042696953, 0.703355014324, 0.312173366547, 0.0848878845572, 0.0251699965447, 0.00337271671742, 0.00012927215721, 1.44745881698e-05, 2.4122889954e-05]
    },
    "gfcc": {
        "mean": [-484.186645508, 68.5715255737, -90.309211731, 18.5696048737, -46.5379600525, 3.09008479118, -27.9865703583, 2.86717605591, -10.4625577927, 0.97802656889, -4.26657295227, -4.60924053192, -2.67338061333],
        "cov": [[340596.53125, 36852.640625, -35776.9101562, 9616.52246094, -18756.5996094, 785.856201172, -11599.0351562, 967.448608398, -3762.08325195, -115.972747803, -1546.44506836, -2523.35913086, -437.544403076], [36852.640625, 5377.63867188, -3276.89794922, 916.506652832, -1851.77514648, -4.60891246796, -1144.18371582, 21.7785167694, -278.828887939, -13.122379303, 72.349861145, -288.026397705, -2.93817043304], [-35776.9101562, -3276.89794922, 4369.77929688, -981.062255859, 2027.00976562, -117.109283447, 1242.42944336, -151.872253418, 421.61541748, 7.80150365829, 216.273208618, 251.021453857, 48.4382133484], [9616.52246094, 916.506652832, -981.062255859, 562.80456543, -462.846984863, 21.5962295532, -349.906005859, 45.4987792969, -92.3425369263, -40.9661750793, -135.987182617, -117.746772766, 38.7540397644], [-18756.5996094, -1851.77514648, 2027.00976562, -462.846984863, 1179.86157227, -34.6819000244, 671.46295166, -62.9799575806, 204.75718689, -11.64793396, 72.1811523438, 144.849945068, 47.4103317261], [785.856201172, -4.60891246796, -117.109283447, 21.5962295532, -34.6819000244, 88.0715789795, 17.1492137909, 30.2415447235, -39.9046325684, -5.86809015274, -35.6072387695, -4.85940313339, -26.9264526367], [-11599.0351562, -1144.18371582, 1242.42944336, -349.906005859, 671.46295166, 17.1492137909, 496.56427002, -9.18330860138, 121.407516479, -4.1188416481, 65.3123626709, 90.0977249146, -0.0598414167762], [967.448608398, 21.7785167694, -151.872253418, 45.4987792969, -62.9799575806, 30.2415447235, -9.18330860138, 82.0590744019, 29.4684944153, 23.510969162, -4.49891424179, -35.0149345398, -24.5419368744], [-3762.08325195, -278.828887939, 421.61541748, -92.3425369263, 204.75718689, -39.9046325684, 121.407516479, 29.4684944153, 162.496414185, 60.8596382141, 91.4195480347, -6.89064264297, 2.14311027527], [-115.972747803, -13.122379303, 7.80150365829, -40.9661750793, -11.64793396, -5.86809015274, -4.1188416481, 23.510969162, 60.8596382141, 84.7964935303, 72.5958862305, 2.71656942368, -26.2187137604], [-1546.44506836, 72.349861145, 216.273208618, -135.987182617, 72.1811523438, -35.6072387695, 65.3123626709, -4.49891424179, 91.4195480347, 72.5958862305, 176.083328247, 26.5953769684, -6.2599439621], [-2523.35913086, -288.026397705, 251.021453857, -117.746772766, 144.849945068, -4.85940313339, 90.0977249146, -35.0149345398, -6.89064264297, 2.71656942368, 26.5953769684, 78.1695404053, 15.4523601532], [-437.544403076, -2.93817043304, 48.4382133484, 38.7540397644, 47.4103317261, -26.9264526367, -0.0598414167762, -24.5419368744, 2.14311027527, -26.2187137604, -6.2599439621, 15.4523601532, 67.0716629028]],
        "icov": [[0.000539908825886, -0.00165926280897, 0.00124861381482, -0.00158919719979, 0.00205837446265, -0.000368428241927, 0.00137242057826, -0.00130878644995, 0.00195380905643, -0.00172221241519, 0.0011589245405, -0.00147294509225, 0.00109723303467], [-0.00165926280897, 0.00573800643906, -0.00374334398657, 0.00444401847199, -0.00584722589701, 0.000741017982364, -0.00388318975456, 0.00479090213776, -0.00586680043489, 0.00642107473686, -0.00534676248208, 0.00553602632135, -0.00333399744704], [0.00124861381482, -0.00374334398657, 0.00451403250918, -0.00346785224974, 0.00336229684763, 2.95954796456e-05, 0.00156075472478, -0.00085088837659, 0.00327765685506, -0.00368179101497, 0.00266462983564, -0.00277552055195, 0.00339457555674], [-0.00158919719979, 0.00444401847199, -0.00346785224974, 0.0107015557587, -0.00707016885281, -0.000482256349642, -0.00139891135041, 0.00192713818979, -0.00515735708177, 0.00321309105493, -0.000246847746894, 0.00918612908572, -0.00906210020185], [0.00205837446265, -0.00584722589701, 0.00336229684763, -0.00707016885281, 0.0155474878848, -0.00146187248174, -0.000108160515083, -0.00227363198064, 0.00395770464092, -0.00615729624406, 0.00602360675111, -0.00829376187176, 0.0023594321683], [-0.000368428241927, 0.000741017982364, 2.95954796456e-05, -0.000482256349642, -0.00146187248174, 0.0236498080194, -0.00860342476517, -0.00641583837569, 0.00792105309665, -0.0039434088394, 0.00204912992194, 0.000518264481798, 0.00433600321412], [0.00137242057826, -0.00388318975456, 0.00156075472478, -0.00139891135041, -0.000108160515083, -0.00860342476517, 0.02103770338, -0.00985402055085, 0.00332549284212, 0.00383792654611, -0.00129698019009, -0.00635764701292, 0.00423739897087], [-0.00130878644995, 0.00479090213776, -0.00085088837659, 0.00192713818979, -0.00227363198064, -0.00641583837569, -0.00985402055085, 0.0328201539814, -0.0159920193255, 0.00162047275808, -0.000547620293219, 0.00940974242985, 0.00113016937394], [0.00195380905643, -0.00586680043489, 0.00327765685506, -0.00515735708177, 0.00395770464092, 0.00792105309665, 0.00332549284212, -0.0159920193255, 0.0373338609934, -0.0221361927688, -0.00221485854127, 0.0111196516082, -0.00497921230271], [-0.00172221241519, 0.00642107473686, -0.00368179101497, 0.00321309105493, -0.00615729624406, -0.0039434088394, 0.00383792654611, 0.00162047275808, -0.0221361927688, 0.0437448881567, -0.0152869289741, -0.00835257116705, 0.0115193836391], [0.0011589245405, -0.00534676248208, 0.00266462983564, -0.000246847746894, 0.00602360675111, 0.00204912992194, -0.00129698019009, -0.000547620293219, -0.00221485854127, -0.0152869289741, 0.0216608662158, -0.00801150966436, -0.000130000757053], [-0.00147294509225, 0.00553602632135, -0.00277552055195, 0.00918612908572, -0.00829376187176, 0.000518264481798, -0.00635764701292, 0.00940974242985, 0.0111196516082, -0.00835257116705, -0.00801150966436, 0.0427693016827, -0.0173831395805], [0.00109723303467, -0.00333399744704, 0.00339457555674, -0.00906210020185, 0.0023594321683, 0.00433600321412, 0.00423739897087, 0.00113016937394, -0.00497921230271, 0.0115193836391, -0.000130000757053, -0.0173831395805, 0.033850826323]]
    },
    "melbands": {
        "max": [0.00269022444263, 0.00629453593865, 0.0133143737912, 0.0185006950051, 0.00967519544065, 0.0208774209023, 0.0096456296742, 0.00675707077608, 0.00724562210962, 0.00581548456103, 0.00428230687976, 0.00102480640635, 0.000985716236755, 0.0010354295373, 0.00258525507525, 0.000297173974104, 0.000285746384179, 0.000479888665723, 0.00109344313387, 0.000610287301242, 0.000297410879284, 0.000503301620483, 0.000117886673252, 0.000192316481844, 0.000158436247148, 9.73854912445e-05, 0.00026033737231, 8.37590778247e-05, 0.000132912042318, 3.54394724127e-05, 2.72855049843e-05, 2.92112163152e-05, 3.30898001266e-05, 2.37280273723e-05, 1.58351776918e-05, 9.92541390588e-06, 8.5549090727e-06, 7.39241068004e-06, 5.12933638674e-06, 2.66724282483e-06],
        "mean": [0.000183227355592, 0.000554864993319, 0.000452363019576, 0.000568745541386, 0.000676089955959, 0.000693763315212, 0.000584432971664, 0.000436032976722, 0.000248530734098, 0.00026132792118, 0.000114541609946, 3.73851689801e-05, 4.63049000246e-05, 3.35272561642e-05, 4.59583970951e-05, 1.59756873472e-05, 1.47779328472e-05, 2.33012397075e-05, 5.87081740377e-05, 3.31299997924e-05, 1.80993683898e-05, 2.54481819866e-05, 8.30253156892e-06, 1.06277539089e-05, 1.21063430925e-05, 4.83116355099e-06, 4.79286836708e-06, 5.66958806303e-06, 8.59438659973e-06, 2.15498107536e-06, 1.57316912919e-06, 1.36554115215e-06, 8.56871395172e-07, 8.00030704795e-07, 6.00002863393e-07, 4.78542688143e-07, 3.48136694583e-07, 2.41050116756e-07, 1.9078268565e-07, 9.19200289218e-08],
        "min": [8.07893259243e-25, 7.78449124563e-25, 5.52384959131e-25, 1.06234547182e-24, 1.12197398853e-24, 1.10197478686e-24, 1.65988344866e-24, 1.00538024813e-24, 1.20257733063e-24, 1.64997929999e-24, 1.5223088678e-24, 9.8219296372e-25, 1.0972438894e-24, 2.02258532401e-24, 1.54904602628e-24, 2.07060466782e-24, 2.01681441206e-24, 2.07876858933e-24, 2.01976692122e-24, 2.50233029466e-24, 2.64816346034e-24, 3.06565014784e-24, 3.41336445486e-24, 2.95692815459e-24, 3.84549575342e-24, 3.10159755322e-24, 3.48889197008e-24, 3.33679012122e-24, 3.50736393703e-24, 4.00471391651e-24, 3.21956834893e-24, 4.96043270825e-24, 4.32937317192e-24, 3.94212411456e-24, 4.65904997713e-24, 4.58708022459e-24, 4.93549129301e-24, 4.97987418526e-24, 5.57404224692e-24, 5.4550922776e-24],
        "stdev": [0.000277409504633, 0.000907792185899, 0.00108920154162, 0.00121560669504, 0.00130317907315, 0.00180342665408, 0.00135770055931, 0.000937755510677, 0.000543863803614, 0.000720893032849, 0.000403632235248, 9.77672243607e-05, 0.000114578462671, 7.53891072236e-05, 0.0001329529332, 2.83753215626e-05, 2.96365087706e-05, 4.46681879112e-05, 0.000136498201755, 7.11875691195e-05, 3.87768086512e-05, 5.72163080506e-05, 1.66245736182e-05, 2.20885904127e-05, 2.43146005232e-05, 9.68581480265e-06, 1.14410158858e-05, 1.13437045002e-05, 1.96381424757e-05, 4.43864564659e-06, 3.26955887431e-06, 3.01708337247e-06, 2.24203381549e-06, 1.91410344996e-06, 1.32225113703e-06, 1.01703290056e-06, 7.38141409329e-07, 5.27591510036e-07, 4.16166358264e-07, 2.1420100893e-07]
    },
    "melbands128": {
        "max": [0.00032803308568, 0.00157902622595, 0.00329464883544, 0.0067366999574, 0.00994288735092, 0.00769274495542, 0.00407377723604, 0.0191931184381, 0.0304338224232, 0.0294336564839, 0.0192318856716, 0.0195135734975, 0.0136378621683, 0.0223600100726, 0.039543453604, 0.0359183698893, 0.023067522794, 0.0150409089401, 0.0230856537819, 0.00924088153988, 0.00464045302942, 0.00444151461124, 0.0143338283524, 0.00783018954098, 0.00793190393597, 0.0128279551864, 0.00801301561296, 0.00862539000809, 0.00289925839752, 0.00101379107218, 0.00179347989615, 0.0014934274368, 0.000747459533159, 0.00252913683653, 0.00068830960663, 0.0011236165883, 0.0033298113849, 0.00522797787562, 0.000588181894273, 0.000470890925499, 0.000454965658719, 0.00028920310433, 0.000369473622413, 0.000770239857957, 0.000270694756182, 0.000783734198194, 0.00120562128723, 0.00187743932474, 0.00195338204503, 0.000722014345229, 0.00121365184896, 0.000742538890336, 0.000628385168966, 0.000464386015665, 0.00149856635835, 0.000907432346139, 0.000311458279612, 0.000286337599391, 0.00018029853527, 9.5755320217e-05, 0.000254835438682, 0.000535705767106, 0.000451150524896, 0.00022583270038, 0.000273081823252, 0.000102472127764, 0.000103617006971, 0.000485546101118, 0.00028012637631, 7.56940935389e-05, 8.62554079504e-05, 0.000158938535606, 0.000321009225445, 0.000267376395641, 8.37179322843e-05, 6.5118088969e-05, 5.26713411091e-05, 7.26960934117e-05, 4.32785564044e-05, 3.51362177753e-05, 4.03423109674e-05, 3.84944796679e-05, 4.96008142363e-05, 2.71450589935e-05, 7.27534061298e-05, 3.14098469971e-05, 2.64131122094e-05, 2.11994356505e-05, 2.04067400773e-05, 1.75138466147e-05, 1.04544596979e-05, 1.51256490426e-05, 1.06418883661e-05, 9.81755783869e-06, 1.05274866655e-05, 1.126382449e-05, 7.2022862696e-06, 5.99644545218e-06, 5.22014215676e-06, 7.39220922696e-06, 5.97403277425e-06, 1.93898108591e-06, 2.14030910684e-06, 1.45285912367e-06, 1.21181551549e-06, 9.51697870732e-07, 7.45154807191e-07, 6.91089780958e-07, 7.2385967087e-07, 6.40454231871e-07, 6.60317823531e-07, 1.69987842469e-07, 1.09076623289e-07, 6.620408044e-08, 4.49184085483e-08, 8.23410850614e-09, 1.71820246919e-08, 5.24863263962e-09, 5.18970999508e-09, 5.07549424711e-09, 4.91208806963e-09, 4.82440620786e-09, 4.764187711e-09, 4.7068233755e-09, 4.64772975661e-09, 4.60657556545e-09, 4.57669324661e-09, 4.55518289755e-09],
        "mean": [3.22009873344e-05, 0.000119038180856, 0.000193093103007, 0.000402092467993, 0.000752947700676, 0.000539545435458, 0.000256807776168, 0.000389110238757, 0.000813960155938, 0.000587142189033, 0.000416314520407, 0.00044917492778, 0.000760759750847, 0.000990259111859, 0.000692544039339, 0.000581612752285, 0.000388774758903, 0.000481732102344, 0.00106224534102, 0.000442023767391, 0.000213431980228, 0.000112595247629, 0.000319420098094, 0.000301111285808, 0.000215474603465, 0.000342412095051, 0.000123221630929, 0.00011837448983, 6.53793249512e-05, 2.07656557905e-05, 4.26320730185e-05, 3.841171565e-05, 3.07655755023e-05, 8.26693722047e-05, 1.93760715774e-05, 1.80324568646e-05, 4.66054407298e-05, 7.47927479097e-05, 2.07805205719e-05, 1.66356458067e-05, 1.90299997485e-05, 7.87970657257e-06, 1.37879760587e-05, 2.05170381378e-05, 1.23429908854e-05, 1.79037924681e-05, 3.63083272532e-05, 8.92781827133e-05, 5.1536335377e-05, 2.48335054494e-05, 4.09307031077e-05, 3.14066528517e-05, 1.0568860489e-05, 1.29963391373e-05, 3.04928908008e-05, 3.3327822166e-05, 1.49732477439e-05, 9.65649996942e-06, 5.67363349546e-06, 5.68397672396e-06, 8.85152348928e-06, 1.47548271343e-05, 2.01258535526e-05, 8.23439404485e-06, 5.29520229975e-06, 4.56180487163e-06, 4.22680932388e-06, 6.2648941821e-06, 4.87057241116e-06, 3.03155979964e-06, 3.04908257931e-06, 6.85077202434e-06, 1.55497800733e-05, 7.92218452261e-06, 2.30635123444e-06, 2.27533655561e-06, 2.02476689992e-06, 1.80486233603e-06, 1.39315852721e-06, 1.51378662849e-06, 1.63062600222e-06, 1.24142252389e-06, 8.23587413379e-07, 7.75224179961e-07, 9.69728148448e-07, 8.00817815616e-07, 7.30030080831e-07, 8.06364312211e-07, 5.42700263395e-07, 4.907657285e-07, 5.82650329761e-07, 4.45644218416e-07, 3.72223212253e-07, 3.64761802985e-07, 3.31479895976e-07, 2.55951221106e-07, 2.21143750423e-07, 2.10637736586e-07, 2.20477957669e-07, 1.65606195424e-07, 1.15377851273e-07, 7.11839689416e-08, 7.82179512271e-08, 5.27024646146e-08, 3.60678988898e-08, 2.81460064144e-08, 2.24623999401e-08, 1.93013640626e-08, 1.62605413578e-08, 1.29604771359e-08, 9.58675094864e-09, 5.58154500396e-09, 3.06166825226e-09, 6.55773324532e-10, 1.98704136478e-10, 6.68857746966e-11, 1.08034192703e-10, 9.02495786437e-12, 6.61618546408e-12, 6.47509910273e-12, 6.2692789328e-12, 6.14440009289e-12, 6.06700497133e-12, 5.95228076897e-12, 5.74691206082e-12, 5.46180635441e-12, 5.29885857414e-12, 5.25472504051e-12],
        "min": [2.29021959337e-26, 1.02411506601e-25, 6.32621826042e-26, 1.09218950967e-25, 1.79854308304e-25, 2.29900050887e-25, 2.28209275449e-25, 8.65115713216e-26, 2.15679896299e-25, 1.63102390921e-25, 2.03968442648e-25, 1.56510866412e-25, 1.18780992844e-25, 3.52384930571e-25, 4.3058113758e-25, 4.52548251385e-25, 5.0626824922e-25, 2.8426154055e-25, 2.36857532901e-25, 1.45337391247e-25, 4.70591620351e-25, 3.54163590045e-25, 2.48214492182e-25, 3.98318994531e-25, 4.02331486222e-25, 7.50255235811e-25, 5.06244041051e-25, 4.90877572959e-25, 8.06763413212e-25, 4.4626620687e-25, 2.06813025768e-25, 4.21775477725e-25, 5.81834566534e-25, 7.79664315484e-25, 3.00790617053e-25, 7.541213445e-25, 1.077540905e-24, 5.81289956686e-25, 4.34766882847e-25, 9.51410033477e-25, 9.53696349595e-25, 4.77872264164e-25, 1.22277512804e-24, 5.50571515822e-25, 8.02919047502e-25, 7.83511787334e-25, 7.06517188048e-25, 9.32722510278e-25, 7.68815998923e-25, 9.34691112667e-25, 5.98409914659e-25, 6.83990969076e-25, 1.06033693335e-24, 1.49488175185e-24, 1.0408263324e-24, 1.40922190995e-24, 9.67112704226e-25, 1.0237086424e-24, 1.29396203473e-24, 1.37786537922e-24, 1.23754980254e-24, 1.50566676232e-24, 1.92831112103e-24, 1.45685993812e-24, 1.62258630227e-24, 1.71363682517e-24, 1.34925576077e-24, 1.69968128411e-24, 1.58163781458e-24, 2.36872269808e-24, 2.08192738561e-24, 1.668672148e-24, 2.46054492416e-24, 1.84104594719e-24, 2.19360938219e-24, 1.81188432332e-24, 2.2318977323e-24, 1.97219979192e-24, 2.57231507595e-24, 1.81134829233e-24, 2.59825972504e-24, 3.0662337077e-24, 2.23949742105e-24, 2.67903612351e-24, 2.94519148204e-24, 2.92838322274e-24, 3.50480171681e-24, 2.71841665154e-24, 3.02225609274e-24, 3.0668218035e-24, 3.19487641095e-24, 3.40560876887e-24, 2.50658343823e-24, 2.80239128934e-24, 3.61812474129e-24, 3.6024784741e-24, 3.60261376374e-24, 3.49844547007e-24, 4.22813707423e-24, 3.90671885385e-24, 4.04462357299e-24, 3.03086315686e-24, 3.02552079359e-24, 4.43628591269e-24, 4.49787859444e-24, 4.05260368991e-24, 4.22853466013e-24, 3.67635727002e-24, 4.12578355507e-24, 4.30860049214e-24, 4.48866982667e-24, 4.31419785469e-24, 4.50335013368e-24, 4.57376070264e-24, 3.21314662673e-24, 4.65025615019e-24, 3.98925737036e-24, 4.7193256556e-24, 4.49484502983e-24, 4.39053986879e-24, 3.91877067632e-24, 4.85930310678e-24, 3.95272324969e-24, 4.51904531025e-24, 4.83156557406e-24, 5.0963143936e-24, 5.21502178819e-24, 4.3994756907e-24],
        "stdev": [4.95321655762e-05, 0.00019102319493, 0.000339301419444, 0.000701102602761, 0.00136592844501, 0.000909067923203, 0.000479768554214, 0.00139027764089, 0.00272905267775, 0.0013797886204, 0.00110369070899, 0.00128622597549, 0.00176525220741, 0.00226345239207, 0.00247178901918, 0.00270105432719, 0.00138769671321, 0.00147159933113, 0.00319163454697, 0.00104432704393, 0.000523262831848, 0.000329651869833, 0.000891794858035, 0.000656685966533, 0.000744727614801, 0.00132875167765, 0.000621048500761, 0.000652735296171, 0.000206367025385, 6.08306545473e-05, 0.00013831074466, 0.000114075992315, 8.00725392764e-05, 0.000244890921749, 5.23788585269e-05, 6.10932038398e-05, 0.000176496454515, 0.000264293281361, 4.89443445986e-05, 4.31041153206e-05, 4.00110511691e-05, 1.85109529411e-05, 3.37052188115e-05, 5.29165990883e-05, 2.52995414485e-05, 5.01689064549e-05, 9.67527084867e-05, 0.000235602448811, 0.000159750838066, 7.25680001779e-05, 0.000106490246253, 8.32460063975e-05, 3.2753272535e-05, 3.96043578803e-05, 0.000104200044007, 8.32691584947e-05, 3.6294975871e-05, 2.67299092229e-05, 1.51308377099e-05, 1.21320654216e-05, 2.59205844486e-05, 3.94959388359e-05, 4.93265943078e-05, 2.07829907595e-05, 1.55791567522e-05, 1.10589990072e-05, 1.02731883089e-05, 1.89939419215e-05, 1.33337962325e-05, 7.38474500395e-06, 8.05958552519e-06, 1.67212856468e-05, 3.93234477087e-05, 2.48097603617e-05, 6.69356450089e-06, 6.08478103459e-06, 5.21437686984e-06, 5.05208572577e-06, 3.31103319695e-06, 3.61134425475e-06, 4.00850876758e-06, 3.1487193155e-06, 2.45572891799e-06, 2.18288573706e-06, 2.97467317978e-06, 2.26359588851e-06, 1.93620894606e-06, 1.96495170712e-06, 1.34192248424e-06, 1.3357609987e-06, 1.29205295707e-06, 1.08394056042e-06, 8.71966904015e-07, 8.02522890808e-07, 7.68841346144e-07, 6.41966153125e-07, 5.08751668349e-07, 4.63328547085e-07, 5.04486251884e-07, 4.68426094358e-07, 3.18658692322e-07, 1.74138548914e-07, 1.751129588e-07, 1.33731248297e-07, 8.91228637556e-08, 7.51779012376e-08, 6.1245316374e-08, 5.50679501998e-08, 4.76706851771e-08, 3.72086859102e-08, 2.7124672286e-08, 1.26678010304e-08, 7.85448950325e-09, 3.24660653916e-09, 1.79590819993e-09, 5.59708002168e-10, 1.10806475107e-09, 1.35930822154e-10, 1.32034758127e-10, 1.29130886539e-10, 1.24973531523e-10, 1.22742080388e-10, 1.21207349713e-10, 1.19747448069e-10, 1.18246440417e-10, 1.17201900962e-10, 1.16443188425e-10, 1.15896826858e-10]
    },
    "mfcc": {
        "mean": [-895.655517578, 84.9522171021, -4.39206886292, 12.9438180923, -2.0067782402, -1.80140924454, -6.56854200363, -3.13782072067, -3.29965734482, 0.796363711357, -2.55675506592, 1.8206833601, 0.933398902416],
        "cov": [[94052.65625, 19632.3398438, -1084.01940918, 3659.76293945, -387.54876709, -492.301849365, -1781.03869629, -760.728149414, -557.434082031, 377.867462158, -806.195861816, 278.136871338, 40.8390731812], [19632.3398438, 5254.1875, -56.1772117615, 602.430480957, -117.280967712, -83.8353652954, -302.495819092, -187.721542358, -278.798461914, -24.0760154724, -83.7890701294, 183.825881958, 139.058517456], [-1084.01940918, -56.1772117615, 345.198547363, -30.549495697, 6.3484005928, 4.35255002975, 7.84331274033, -19.4299526215, -40.2681503296, -9.63577842712, 42.9615440369, 19.9115600586, 2.58332157135], [3659.76293945, 602.430480957, -30.549495697, 257.980926514, 33.9841423035, -12.9451646805, -89.6379623413, -38.5942726135, 11.7683925629, 20.4514350891, -68.1269073486, -14.0354070663, -11.0413808823], [-387.54876709, -117.280967712, 6.3484005928, 33.9841423035, 79.201675415, 3.92106103897, -11.6018953323, -14.1623954773, 17.2015323639, 6.40731954575, -7.56309700012, -1.6320732832, -0.425281494856], [-492.301849365, -83.8353652954, 4.35255002975, -12.9451646805, 3.92106103897, 67.8612442017, 47.6044807434, 26.6889648438, 13.1535015106, -29.0610904694, -26.2935028076, -17.0474739075, 2.19368362427], [-1781.03869629, -302.495819092, 7.84331274033, -89.6379623413, -11.6018953323, 47.6044807434, 123.736663818, 62.4729232788, 12.0076379776, -27.6387500763, 1.15995788574, -1.79782581329, 14.4089174271], [-760.728149414, -187.721542358, -19.4299526215, -38.5942726135, -14.1623954773, 26.6889648438, 62.4729232788, 66.5117874146, 33.8884277344, -8.58812046051, -9.09634971619, -19.6865139008, -9.96352863312], [-557.434082031, -278.798461914, -40.2681503296, 11.7683925629, 17.2015323639, 13.1535015106, 12.0076379776, 33.8884277344, 78.2662124634, 23.9704837799, -21.5976924896, -33.946598053, -27.5831069946], [377.867462158, -24.0760154724, -9.63577842712, 20.4514350891, 6.40731954575, -29.0610904694, -27.6387500763, -8.58812046051, 23.9704837799, 89.3443450928, 44.7244987488, 16.9862594604, -10.1594734192], [-806.195861816, -83.7890701294, 42.9615440369, -68.1269073486, -7.56309700012, -26.2935028076, 1.15995788574, -9.09634971619, -21.5976924896, 44.7244987488, 107.232536316, 56.9548416138, 21.9880104065], [278.136871338, 183.825881958, 19.9115600586, -14.0354070663, -1.6320732832, -17.0474739075, -1.79782581329, -19.6865139008, -33.946598053, 16.9862594604, 56.9548416138, 89.5610122681, 49.5995597839], [40.8390731812, 139.058517456, 2.58332157135, -11.0413808823, -0.425281494856, 2.19368362427, 14.4089174271, -9.96352863312, -27.5831069946, -10.1594734192, 21.9880104065, 49.5995597839, 68.3032913208]],
        "icov": [[0.000190760853002, -0.000525863724761, 0.000307431764668, -0.00118177302647, 0.000706408114638, -8.4958228399e-05, 0.000648598186672, -0.00048200081801, 0.000265559472609, -0.000797229353338, 0.000543397327419, -0.000267859490123, 0.000562118075322], [-0.000525863724761, 0.00193453673273, -0.000752508582082, 0.00219447421841, -0.0011407288257, -0.00012956323917, -0.000915428739972, 0.000425780337537, 0.00108300172724, 0.00196367129683, -0.000975548173301, -0.000101914767583, -0.00187113403808], [0.000307431764668, -0.000752508582082, 0.00393750751391, -0.00246156798676, 0.000727927137632, -0.00105120905209, 0.000308068032609, 0.000316399236908, 0.00216302624904, -0.000389977241866, -0.00129406631459, -0.000338918791385, 0.00229902309366], [-0.00118177302647, 0.00219447421841, -0.00246156798676, 0.0179777313024, -0.00831466168165, -0.000192416613572, 0.000478616770124, 0.00252345902845, -0.00388012570329, 0.000436400907347, 0.00417835311964, 0.000956765608862, -0.00408221501857], [0.000706408114638, -0.0011407288257, 0.000727927137632, -0.00831466168165, 0.0203819815069, -0.002124580089, 0.000824427930638, 0.006253070198, -0.00441255886108, -0.0013896105811, 0.0012015477987, -0.00272026332095, 0.00106173334643], [-8.4958228399e-05, -0.00012956323917, -0.00105120905209, -0.000192416613572, -0.002124580089, 0.0255224704742, -0.0103025147691, 0.00130327511579, -0.00516326026991, 0.00557703897357, 0.00146374711767, 0.00270365993492, -0.00183629710227], [0.000648598186672, -0.000915428739972, 0.000308068032609, 0.000478616770124, 0.000824427930638, -0.0103025147691, 0.0312390048057, -0.0262809991837, 0.00931779574603, -0.00466881180182, 0.00640615960583, -0.00452556926757, -0.00425357604399], [-0.00048200081801, 0.000425780337537, 0.000316399236908, 0.00252345902845, 0.006253070198, 0.00130327511579, -0.0262809991837, 0.0515301041305, -0.0232744943351, 0.00805990491062, -0.00760189536959, 0.00443074759096, 0.00390483229421], [0.000265559472609, 0.00108300172724, 0.00216302624904, -0.00388012570329, -0.00441255886108, -0.00516326026991, 0.00931779574603, -0.0232744943351, 0.0389591082931, -0.0156044336036, 0.00953976344317, 0.000665676780045, 0.00156246870756], [-0.000797229353338, 0.00196367129683, -0.000389977241866, 0.000436400907347, -0.0013896105811, 0.00557703897357, -0.00466881180182, 0.00805990491062, -0.0156044336036, 0.0297238472849, -0.0179535448551, -0.000283192988718, 0.00264174723998], [0.000543397327419, -0.000975548173301, -0.00129406631459, 0.00417835311964, 0.0012015477987, 0.00146374711767, 0.00640615960583, -0.00760189536959, 0.00953976344317, -0.0179535448551, 0.0321505926549, -0.0138310184702, 0.00076159281889], [-0.000267859490123, -0.000101914767583, -0.000338918791385, 0.000956765608862, -0.00272026332095, 0.00270365993492, -0.00452556926757, 0.00443074759096, 0.000665676780045, -0.000283192988718, -0.0138310184702, 0.0320565141737, -0.0165668539703], [0.000562118075322, -0.00187113403808, 0.00229902309366, -0.00408221501857, 0.00106173334643, -0.00183629710227, -0.00425357604399, 0.00390483229421, 0.00156246870756, 0.00264174723998, 0.00076159281889, -0.0165668539703, 0.0317086130381]]
    },
    "spectral_contrast_coeffs": {
        "max": [-0.327164649963, -0.35270935297, -0.464383244514, -0.603885114193, -0.621829271317, -0.647276043892],
        "mean": [-0.7727419734, -0.788591206074, -0.818800389767, -0.837720453739, -0.845317304134, -0.838132023811],
        "min": [-0.984520494938, -0.982197642326, -0.981608688831, -0.974068522453, -0.969283401966, -0.96608376503],
        "stdev": [0.156021490693, 0.159756779671, 0.123056925833, 0.104212269187, 0.0955742225051, 0.0964915752411]
    },
    "spectral_contrast_valleys": {
        "max": [-5.33563613892, -4.97813844681, -5.97065401077, -6.05414867401, -5.86056613922, -8.59296989441],
        "mean": [-14.1703634262, -13.8687858582, -14.471326828, -14.5488786697, -14.5694971085, -16.3877220154],
        "min": [-28.2198181152, -27.954788208, -27.9928588867, -27.7947673798, -27.5305957794, -27.4092731476],
        "stdev": [9.2773103714, 9.3998298645, 8.96939086914, 8.88583660126, 8.86549377441, 7.58075904846]
    }
},
"rhythm": {
    "beats_count": 67,
    "beats_loudness": {
        "max": 0.0905593037605,
        "mean": 0.0252299718559,
        "min": 0,
        "stdev": 0.0231522805989
    },
    "bpm": 135.816543579,
    "bpm_histogram_first_peak_bpm": 136,
    "bpm_histogram_first_peak_weight": 0.4375,
    "bpm_histogram_second_peak_bpm": 92,
    "bpm_histogram_second_peak_spread": 0.333333313465,
    "bpm_histogram_second_peak_weight": 0.212121218443,
    "danceability": 0.773270428181,
    "onset_rate": 0.920162796974,
    "beats_loudness_band_ratio": {
        "max": [0.776174485683, 0.988010883331, 0.945985138416, 0.500841140747, 0.356227278709, 0.841585755348],
        "mean": [0.167485550046, 0.201514407992, 0.233369022608, 0.0667319595814, 0.0686247348785, 0.0748797878623],
        "min": [0, 0, 0, 0, 0, 0],
        "stdev": [0.211765006185, 0.227007493377, 0.272816419601, 0.101942740381, 0.085999108851, 0.190302208066]
    },
    "beats_position": [0.394739210606, 0.824308395386, 1.25387752056, 1.69505667686, 2.14784574509, 2.58902478218, 3.04181408882, 3.49460315704, 3.94739222527, 4.40018129349, 4.85297060013, 5.30575942993, 5.75854873657, 6.19972801208, 6.64090681076, 7.07047605515, 7.50004529953, 7.94122457504, 8.38240337372, 8.82358264923, 9.25315189362, 9.682721138, 10.1239004135, 10.5650787354, 11.0062580109, 11.4474372864, 11.8886165619, 12.3297958374, 12.7709751129, 13.2121543884, 13.6533327103, 14.0945119858, 14.5356912613, 15.0233106613, 15.5109291077, 16.0101585388, 16.50938797, 17.0086174011, 17.5078449249, 18.0651245117, 18.6224040985, 19.179681778, 19.7137413025, 20.247800827, 20.8863487244, 21.5365066528, 22.1866664886, 22.8368244171, 23.4869842529, 24.0907020569, 24.6944217682, 25.3329696655, 25.9831295013, 26.6332874298, 27.2834453583, 27.9336051941, 28.6069831848, 29.2803630829, 29.9189109802, 30.5574588776, 31.1960086823, 31.8461666107, 32.4963264465, 33.146484375, 33.7966423035, 34.4468002319, 35.0969619751],
