{
"metadata": {
    "version": {
        "essentia": "2.1-beta5",
        "essentia_git_sha": "Undefined",
        "extractor": "music 2.0"
    },
    "audio_properties": {
        "analysis": {
            "equal_loudness": 0,
            "length": 48.7502937317,
            "sample_rate": 44100,
            "start_time": 61.4980506897,
            "downmix": "mix"
        },
        "bit_rate": 192000,
        "length": 205.635940552,
        "lossless": 0,
        "number_channels": 2,
        "replay_gain": -1.01328468323,
        "sample_rate": 48000,
        "codec": "mp3",
        "md5_encoded": "d433a87ca4236c07e4a007f9c3e974e2"
    },
    "tags": {
        "file_name": "Romania_Dincolo De Nori_Dan Bittman.mp3",
        "encoding": ["Lavf58.29.100"]
    }
},
"lowlevel": {
    "average_loudness": 0.978344619274,
    "barkbands_crest": {
        "max": 25.7215995789,
        "mean": 12.8051519394,
        "min": 3.46639347076,
        "stdev": 5.19249773026
    },
    "barkbands_flatness_db": {
        "max": 0.410380572081,
        "mean": 0.189203366637,
        "min": 0.075689598918,
        "stdev": 0.0468071810901
    },
    "barkbands_kurtosis": {
        "max": 228.52456665,
        "mean": 11.8690748215,
        "min": -1.83863329887,
        "stdev": 18.9929237366
    },
    "barkbands_skewness": {
        "max": 11.1441354752,
        "mean": 2.615929842,
        "min": -1.54204237461,
        "stdev": 1.45158410072
    },
    "barkbands_spread": {
        "max": 74.066947937,
        "mean": 10.6143426895,
        "min": 0.300808638334,
        "stdev": 8.81984615326
    },
    "dissonance": {
        "max": 0.499580204487,
        "mean": 0.451252222061,
        "min": 0.292264968157,
        "stdev": 0.0283544231206
    },
    "dynamic_complexity": 1.79484879971,
    "erbbands_crest": {
        "max": 29.6028900146,
        "mean": 10.326508522,
        "min": 2.5510597229,
        "stdev": 4.84312820435
    },
    "erbbands_flatness_db": {
        "max": 0.336279541254,
        "mean": 0.199794068933,
        "min": 0.0881272032857,
        "stdev": 0.035518117249
    },
    "erbbands_kurtosis": {
        "max": 40.4399414062,
        "mean": 1.10003888607,
        "min": -1.7659753561,
        "stdev": 3.55963945389
    },
    "erbbands_skewness": {
        "max": 5.78911447525,
        "mean": 0.92006778717,
        "min": -3.15325474739,
        "stdev": 0.852873563766
    },
    "erbbands_spread": {
        "max": 100.243408203,
        "mean": 32.0694541931,
        "min": 4.18395996094,
        "stdev": 12.5795288086
    },
    "hfc": {
        "max": 228.378448486,
        "mean": 15.945022583,
        "min": 0.00139273551758,
        "stdev": 12.6713075638
    },
    "loudness_ebu128": {
        "integrated": -21.925775528,
        "loudness_range": 1.49206924438,
        "momentary": {
            "max": -18.8094062805,
            "mean": -22.236738205,
            "min": -39.8388214111,
            "stdev": 1.90142989159
        },
        "short_term": {
            "max": -20.8796005249,
            "mean": -21.9147930145,
            "min": -23.278678894,
            "stdev": 0.498797476292
        }
    },
    "melbands_crest": {
        "max": 29.8286724091,
        "mean": 15.4719352722,
        "min": 3.96732139587,
        "stdev": 5.15029859543
    },
    "melbands_flatness_db": {
        "max": 0.506439805031,
        "mean": 0.246811494231,
        "min": 0.0555376634002,
        "stdev": 0.0573022402823
    },
    "melbands_kurtosis": {
        "max": 253.985809326,
        "mean": 20.5338668823,
        "min": -1.67076683044,
        "stdev": 24.5578975677
    },
    "melbands_skewness": {
        "max": 10.8383550644,
        "mean": 3.25132465363,
        "min": 0.0722263157368,
        "stdev": 1.53607738018
    },
    "melbands_spread": {
        "max": 186.509460449,
        "mean": 12.1397953033,
        "min": 0.484382659197,
        "stdev": 15.3471183777
    },
    "pitch_salience": {
        "max": 0.8051841259,
        "mean": 0.52860212326,
        "min": 0.0679389089346,
        "stdev": 0.130467697978
    },
    "silence_rate_20dB": {
        "max": 1,
        "mean": 1,
        "min": 1,
        "stdev": 0
    },
    "silence_rate_30dB": {
        "max": 1,
        "mean": 0.999048054218,
        "min": 0,
        "stdev": 0.0308393854648
    },
    "silence_rate_60dB": {
        "max": 1,
        "mean": 0.0161827709526,
        "min": 0,
        "stdev": 0.126179456711
    },
    "spectral_centroid": {
        "max": 4723.88378906,
        "mean": 727.387573242,
        "min": 203.167663574,
        "stdev": 458.534973145
    },
    "spectral_complexity": {
        "max": 38,
        "mean": 16.718706131,
        "min": 0,
        "stdev": 5.36085319519
    },
    "spectral_decrease": {
        "max": -6.62165472193e-13,
        "mean": -8.00495492115e-09,
        "min": -2.91371105021e-08,
        "stdev": 4.01817734641e-09
    },
    "spectral_energy": {
        "max": 0.114261120558,
        "mean": 0.0316587723792,
        "min": 2.62549519903e-06,
        "stdev": 0.0156076075509
    },
    "spectral_energyband_high": {
        "max": 0.0330614298582,
        "mean": 0.000372497132048,
        "min": 6.0288250836e-08,
        "stdev": 0.00167833652813
    },
    "spectral_energyband_low": {
        "max": 0.0493485592306,
        "mean": 0.00302428822033,
        "min": 6.47539877718e-07,
        "stdev": 0.00426105083898
    },
    "spectral_energyband_middle_high": {
        "max": 0.0246449485421,
        "mean": 0.00328241591342,
        "min": 2.1634963332e-07,
        "stdev": 0.00286734243855
    },
    "spectral_energyband_middle_low": {
        "max": 0.104583762586,
        "mean": 0.0263331625611,
        "min": 1.98223074221e-06,
        "stdev": 0.0150498980656
    },
    "spectral_entropy": {
        "max": 8.46094799042,
        "mean": 7.04447507858,
        "min": 4.80490255356,
        "stdev": 0.407678663731
    },
    "spectral_flux": {
        "max": 0.268588900566,
        "mean": 0.0733442753553,
        "min": 0.00434708315879,
        "stdev": 0.029227713123
    },
    "spectral_kurtosis": {
        "max": 32.5097999573,
        "mean": 6.70996141434,
        "min": -0.931948900223,
        "stdev": 3.77791428566
    },
    "spectral_rms": {
        "max": 0.0105581376702,
        "mean": 0.00536803109571,
        "min": 5.06108553964e-05,
        "stdev": 0.00143906415906
    },
    "spectral_rolloff": {
        "max": 8010.3515625,
        "mean": 796.450561523,
        "min": 172.265625,
        "stdev": 923.746826172
    },
    "spectral_skewness": {
        "max": 4.57447052002,
        "mean": 1.8867418766,
        "min": -0.244013413787,
        "stdev": 0.52806943655
    },
    "spectral_spread": {
        "max": 9479766,
        "mean": 3508675.75,
        "min": 1951138,
        "stdev": 995334.1875
    },
    "spectral_strongpeak": {
        "max": 8.1501493454,
        "mean": 1.23148298264,
        "min": 0.00155090237968,
        "stdev": 0.86314535141
    },
    "zerocrossingrate": {
        "max": 0.27294921875,
        "mean": 0.0359257385135,
        "min": 0.00537109375,
        "stdev": 0.0261717699468
    },
    "barkbands": {
        "max": [0.000667104672175, 0.00705913454294, 0.0310787931085, 0.0637287944555, 0.0731370002031, 0.0599997974932, 0.0720249116421, 0.026101462543, 0.0107994265854, 0.0142917204648, 0.00797252357006, 0.00614431127906, 0.00497525930405, 0.00661805085838, 0.00656492961571, 0.00355471973307, 0.00411731982604, 0.00198665843345, 0.00160256784875, 0.00122865801677, 0.00450495909899, 0.0117191663012, 0.011658792384, 0.00805681943893, 0.000331307033775, 0.000172389438376, 2.15751526866e-07],
        "mean": [3.23008462146e-05, 0.000314220407745, 0.00145635230001, 0.00306746945716, 0.0118855191395, 0.00467674573883, 0.003985975869, 0.00162126484793, 0.000819692737423, 0.00058257690398, 0.000650305533782, 0.000380839919671, 0.000291881209705, 0.000327426503645, 0.000332426978275, 0.000255720020505, 0.000324642518535, 0.000122198165627, 0.000119864926091, 8.72435048223e-05, 7.95412270236e-05, 9.15030614124e-05, 9.30309397518e-05, 4.40730400442e-05, 1.22837409435e-05, 3.69988606508e-06, 2.30065722029e-09],
        "min": [2.33862818e-09, 7.76451685169e-08, 2.88654007363e-07, 6.26418113825e-07, 8.77545801359e-07, 2.21364587105e-07, 1.66126412182e-07, 5.71231844049e-08, 2.4561250811e-08, 2.16276720977e-08, 2.97410416294e-08, 2.92931989776e-08, 1.83743420479e-08, 3.73363029382e-08, 2.17262652313e-08, 2.0785869026e-08, 1.03127275608e-08, 1.19711129898e-08, 1.22729266749e-08, 1.61892810269e-08, 1.39492568607e-08, 7.31789873143e-09, 6.56567245017e-09, 5.65255620089e-09, 1.03524904205e-08, 4.69974237305e-09, 1.19281848288e-10],
        "stdev": [3.97038493247e-05, 0.000496093358379, 0.00223425845616, 0.00513677112758, 0.0117687471211, 0.00589042482898, 0.00769421970472, 0.00294974260032, 0.00121048011351, 0.00120042881463, 0.000877842190675, 0.000576695369091, 0.000425087782787, 0.000468125392217, 0.000528152217157, 0.000417114526499, 0.000450706167612, 0.000146124162711, 0.0001401660993, 0.000129131309222, 0.000260540837189, 0.000521821260918, 0.000640277226921, 0.000313108321279, 2.76084701909e-05, 1.11788031063e-05, 9.95527482672e-09]
    },
    "erbbands": {
        "max": [0.0619279369712, 2.11272764206, 22.3753929138, 132.768615723, 211.571594238, 375.27456665, 693.342834473, 562.93927002, 930.777832031, 1166.75524902, 751.061828613, 229.569412231, 562.360595703, 538.415527344, 215.162872314, 297.161682129, 149.705123901, 375.428497314, 395.43157959, 299.525848389, 231.112289429, 127.143051147, 68.5707702637, 94.5760803223, 78.0933380127, 64.3271560669, 99.6324081421, 280.518218994, 298.880096436, 395.259887695, 316.958465576, 216.31149292, 100.078094482, 8.20571517944, 1.94162905216, 1.04051816463, 0.397520571947, 0.017106981948, 0.000376684765797, 0.000148219420225],
        "mean": [0.00448221107945, 0.105517484248, 1.21526038647, 6.69667243958, 28.1023235321, 40.268611908, 36.3176651001, 35.6970748901, 56.7924385071, 49.1453552246, 33.7331848145, 19.8644428253, 20.5895195007, 19.5737533569, 23.5938930511, 18.2909660339, 14.8046388626, 19.1872234344, 14.0517950058, 18.9542388916, 15.303191185, 13.763915062, 7.48456859589, 6.29554367065, 5.63637495041, 4.54058265686, 2.93146419525, 3.62525892258, 3.2307434082, 3.10495424271, 2.52461600304, 1.2241486311, 0.60692101717, 0.186733812094, 0.0656319484115, 0.0244464948773, 0.00548779079691, 0.000281647895463, 2.33895461861e-05, 3.69184854208e-05],
        "min": [9.29137058847e-07, 2.58484906226e-05, 0.000255582912359, 0.00132872408722, 0.00315716327168, 0.00260602636263, 0.00148332631215, 0.00195607217029, 0.00251843477599, 0.00194535427727, 0.000939675315749, 0.000544466078281, 0.000827907002531, 0.000735855021048, 0.00127625081223, 0.001132847392, 0.000778023560997, 0.00121785153169, 0.00190963468049, 0.00116240908392, 0.00112607690971, 0.000567693670746, 0.000744967430364, 0.000548449577764, 0.000645389431156, 0.000751954270527, 0.000556357146706, 0.000494498352055, 0.000285947084194, 0.00020421150839, 0.000176792527782, 0.000109133776277, 0.000113246351248, 0.00011236226419, 6.52535672998e-05, 3.12365918944e-05, 5.79655443289e-06, 1.08313940927e-06, 1.22952016568e-07, 4.09958431646e-08],
        "stdev": [0.0048692272976, 0.161405086517, 1.8065918684, 9.80044460297, 33.1310119629, 55.9008216858, 50.4302062988, 47.6303596497, 97.8168945312, 101.253089905, 73.0429763794, 27.372171402, 33.4525527954, 42.0633201599, 25.1595230103, 26.8568325043, 17.5080738068, 29.3778858185, 24.6922607422, 25.4056339264, 23.4272994995, 18.0377922058, 8.41290473938, 7.04234600067, 6.97938394547, 6.8150472641, 6.77304315567, 15.2003908157, 18.0812587738, 19.4221572876, 18.0953083038, 8.97072887421, 3.99796819687, 0.506687819958, 0.146166428924, 0.064734570682, 0.0200421828777, 0.00107494520489, 2.61906352534e-05, 1.80297920451e-05]
    },
    "gfcc": {
        "mean": [-22.040102005, 131.435272217, -133.065719604, 25.7673854828, -71.8157501221, -4.08662891388, -52.3214149475, -9.63481044769, -28.4374732971, -10.4169712067, -14.7391614914, -10.1176538467, -6.80909490585],
        "cov": [[2331.40454102, -431.049041748, -275.97744751, -4.35536193848, -159.254013062, 44.7669334412, -85.0137405396, 123.296554565, 22.347661972, 136.763320923, 7.52301168442, 152.024688721, -47.9340400696], [-431.049041748, 662.526550293, -172.060897827, -60.2415466309, 184.145111084, -174.813949585, 111.675842285, -98.3993988037, 65.1282958984, -119.626304626, 68.3733673096, -109.064086914, 23.3089523315], [-275.97744751, -172.060897827, 451.876800537, 21.71875, -35.9798545837, 112.191947937, -92.7727432251, -8.95199298859, -108.015174866, -0.0295942034572, -56.2238540649, 20.0737094879, -39.4244384766], [-4.35536193848, -60.2415466309, 21.71875, 212.714416504, -0.385003983974, 18.7698822021, 20.718208313, -58.6995849609, 37.219203949, -12.3247060776, -1.41386079788, 2.56431913376, 36.1997833252], [-159.254013062, 184.145111084, -35.9798545837, -0.385003983974, 225.693130493, -40.8124771118, -4.05721282959, 15.1775884628, -26.3173484802, -0.90068089962, -25.5577373505, -17.2369842529, 3.63738465309], [44.7669334412, -174.813949585, 112.191947937, 18.7698822021, -40.8124771118, 207.804000854, 16.5314064026, 37.3328742981, -37.1751785278, 21.7115955353, -25.2360954285, 15.4849872589, -32.0017547607], [-85.0137405396, 111.675842285, -92.7727432251, 20.718208313, -4.05721282959, 16.5314064026, 133.731109619, -0.532063126564, 43.5071182251, -21.5484619141, 25.1027965546, -27.5532627106, 1.14676833153], [123.296554565, -98.3993988037, -8.95199298859, -58.6995849609, 15.1775884628, 37.3328742981, -0.532063126564, 131.815200806, -6.66767454147, 57.7836380005, -12.6557168961, 33.6498641968, -16.845621109], [22.347661972, 65.1282958984, -108.015174866, 37.219203949, -26.3173484802, -37.1751785278, 43.5071182251, -6.66767454147, 123.910003662, 4.36280918121, 32.762424469, -7.95587778091, 23.8218593597], [136.763320923, -119.626304626, -0.0295942034572, -12.3247060776, -0.90068089962, 21.7115955353, -21.5484619141, 57.7836380005, 4.36280918121, 98.8942108154, 3.98859190941, 36.380153656, -11.9335269928], [7.52301168442, 68.3733673096, -56.2238540649, -1.41386079788, -25.5577373505, -25.2360954285, 25.1027965546, -12.6557168961, 32.762424469, 3.98859190941, 72.1797866821, 4.22260665894, 4.74939870834], [152.024688721, -109.064086914, 20.0737094879, 2.56431913376, -17.2369842529, 15.4849872589, -27.5532627106, 33.6498641968, -7.95587778091, 36.380153656, 4.22260665894, 101.868408203, 34.8281555176], [-47.9340400696, 23.3089523315, -39.4244384766, 36.1997833252, 3.63738465309, -32.0017547607, 1.14676833153, -16.845621109, 23.8218593597, -11.9335269928, 4.74939870834, 34.8281555176, 87.8334350586]],
        "icov": [[0.000767643505242, -0.000304717017571, 0.00109981652349, -0.000690115091857, 0.000956436502747, -0.000263698748313, 0.00106904527638, -0.000448986247648, 0.000380736310035, -0.000311071315082, 0.000681044941302, -0.00140342325903, 0.00141626561526], [-0.000304717017571, 0.010898238048, -0.00231405324303, 0.00687677692622, -0.0104377912357, 0.00384918344207, -0.00728044426069, 0.00556361116469, -0.004952006042, 0.00717895058915, -0.00902900937945, 0.00469293631613, -0.00298872892745], [0.00109981652349, -0.00231405324303, 0.00577670894563, -0.00301333214156, 0.0037751023192, -0.00251054344699, 0.00488882092759, -0.00114366586786, 0.00340515910648, -0.00102083722595, 0.00353182270192, -0.00325242127292, 0.00373137253337], [-0.000690115091857, 0.00687677692622, -0.00301333214156, 0.011584575288, -0.00788286328316, 0.00109746493399, -0.00634916359559, 0.00767920026556, -0.00598537828773, 0.00318675627932, -0.0047342996113, 0.00324770342559, -0.00502208713442], [0.000956436502747, -0.0104377912357, 0.0037751023192, -0.00788286328316, 0.0160538442433, -0.00229525798932, 0.00746345147491, -0.00696464115754, 0.00717155402526, -0.00738257868215, 0.0108110988513, -0.00418693991378, 0.00342850596644], [-0.000263698748313, 0.00384918344207, -0.00251054344699, 0.00109746493399, -0.00229525798932, 0.00906477216631, -0.00580511102453, 0.000152112712385, -8.4207395048e-06, 0.0016341508599, -0.00133293168619, 0.000816069892608, 0.000730948813725], [0.00106904527638, -0.00728044426069, 0.00488882092759, -0.00634916359559, 0.00746345147491, -0.00580511102453, 0.0178394783288, -0.00620423397049, 0.00148584332783, -0.00127913570032, 0.0030683693476, -0.00192472082563, 0.00350013491698], [-0.000448986247648, 0.00556361116469, -0.00114366586786, 0.00767920026556, -0.00696464115754, 0.000152112712385, -0.00620423397049, 0.017336063087, -0.00408299081028, -0.00268047372811, -0.0010856569279, -0.0011269900715, -0.000401222845539], [0.000380736310035, -0.004952006042, 0.00340515910648, -0.00598537828773, 0.00717155402526, -8.4207395048e-06, 0.00148584332783, -0.00408299081028, 0.01605672203, -0.00530408602208, 0.00154727674089, -9.98136383714e-05, -0.000704938312992], [-0.000311071315082, 0.00717895058915, -0.00102083722595, 0.00318675627932, -0.00738257868215, 0.0016341508599, -0.00127913570032, -0.00268047372811, -0.00530408602208, 0.0216974373907, -0.00841530505568, -0.00113295018673, 0.00184801395517], [0.000681044941302, -0.00902900937945, 0.00353182270192, -0.0047342996113, 0.0108110988513, -0.00133293168619, 0.0030683693476, -0.0010856569279, 0.00154727674089, -0.00841530505568, 0.0269766002893, -0.00780833698809, 0.00519710127264], [-0.00140342325903, 0.00469293631613, -0.00325242127292, 0.00324770342559, -0.00418693991378, 0.000816069892608, -0.00192472082563, -0.0011269900715, -9.98136383714e-05, -0.00113295018673, -0.00780833698809, 0.0216119345278, -0.0128042800352], [0.00141626561526, -0.00298872892745, 0.00373137253337, -0.00502208713442, 0.00342850596644, 0.000730948813725, 0.00350013491698, -0.000401222845539, -0.000704938312992, 0.00184801395517, 0.00519710127264, -0.0128042800352, 0.0219360422343]]
    },
    "melbands": {
        "max": [0.00119170872495, 0.00885209441185, 0.0225889738649, 0.0203208010644, 0.0209256745875, 0.0120271248743, 0.0127498963848, 0.0109031833708, 0.00669801793993, 0.00149749650154, 0.00276838010177, 0.0020835173782, 0.00104247347917, 0.000663460232317, 0.000401383003918, 0.0005932089407, 0.000683553924318, 0.00057638209546, 0.000512024853379, 0.000300079642329, 0.000333765725372, 0.000166445010109, 0.000146242411574, 7.9664576333e-05, 7.70646511228e-05, 5.82181892241e-05, 4.72697611258e-05, 4.95541207783e-05, 5.48692078155e-05, 0.000107715924969, 0.000247793563176, 0.000216738451854, 0.000181332841748, 0.000214506129851, 0.000224399875151, 0.000153665954713, 0.000124292375403, 9.72297275439e-05, 1.38382738442e-05, 4.94176811117e-06],
        "mean": [6.34239040664e-05, 0.000513568695169, 0.0017631163355, 0.00255297473632, 0.00140709790867, 0.000851531920489, 0.000873435463291, 0.000481018738355, 0.000252238329267, 0.000115548959002, 9.92204950307e-05, 7.37307054806e-05, 9.41365797189e-05, 4.30325162597e-05, 3.9115009713e-05, 3.1770701753e-05, 3.48556350218e-05, 2.00719077839e-05, 2.37737003772e-05, 2.28110966418e-05, 1.93195064639e-05, 1.59097307915e-05, 1.0383118024e-05, 5.56483291803e-06, 4.98763256473e-06, 4.18510535383e-06, 3.30418970407e-06, 3.02134412777e-06, 1.66011932379e-06, 1.94650942831e-06, 2.16952503251e-06, 1.9659901227e-06, 1.49694847096e-06, 1.80048539278e-06, 1.57001477419e-06, 1.00141278381e-06, 6.59436580008e-07, 4.97890823681e-07, 2.20546212404e-07, 1.32062950797e-07],
        "min": [1.46883021301e-08, 1.09808979687e-07, 2.87155273782e-07, 2.1964932273e-07, 5.91397153471e-08, 4.42397798395e-08, 3.75157966914e-08, 1.9453494815e-08, 6.25354257267e-09, 3.51621753936e-09, 4.13086453932e-09, 2.78425504874e-09, 4.32124203087e-09, 3.55962459508e-09, 2.21150830981e-09, 1.66570646165e-09, 2.43688158541e-09, 3.76965481053e-09, 1.39736122673e-09, 1.64152769155e-09, 1.17587251047e-09, 6.38285924115e-10, 4.88715734548e-10, 6.34350627582e-10, 4.20477985763e-10, 4.78498407563e-10, 4.90202267667e-10, 5.22715370987e-10, 2.7855770468e-10, 5.01147512377e-10, 1.92620405737e-10, 1.49113124626e-10, 1.62839075557e-10, 1.04901989872e-10, 1.02445711636e-10, 7.1975196636e-11, 7.47821665703e-11, 7.95937482589e-11, 7.88008963637e-11, 1.09492540035e-10],
        "stdev": [8.28593038023e-05, 0.000724110286683, 0.0020725147333, 0.00266785197891, 0.00182702590246, 0.00110416451935, 0.00153261993546, 0.000936220225412, 0.000575784884859, 0.000161818883498, 0.000167014135513, 0.000176722416654, 0.000117885472719, 6.12852745689e-05, 4.65452103526e-05, 4.76933091704e-05, 5.15339197591e-05, 3.55653064616e-05, 3.5685414332e-05, 3.33667776431e-05, 3.27310917783e-05, 2.09098125197e-05, 1.66661211551e-05, 6.79554250382e-06, 6.07941547059e-06, 5.42326779396e-06, 4.89805916004e-06, 4.77975572721e-06, 3.54177814188e-06, 6.18865124125e-06, 1.08255489977e-05, 1.1573239135e-05, 8.31975012261e-06, 1.18148809634e-05, 1.1506546798e-05, 7.3378819252e-06, 4.92742310598e-06, 3.65539699487e-06, 8.2163666093e-07, 3.07249393927e-07]
    },
    "melbands128": {
        "max": [0.000550862634555, 0.000682713114657, 0.000814804516267, 0.00448112282902, 0.00973913259804, 0.0183707475662, 0.0288602858782, 0.0315197482705, 0.0287581365556, 0.0403561629355, 0.0291396081448, 0.0259113162756, 0.0335466489196, 0.022302640602, 0.0199176706374, 0.0165712945163, 0.0235409662127, 0.0224456507713, 0.0269753374159, 0.0218721926212, 0.00793582573533, 0.00961478892714, 0.0133064547554, 0.00417819060385, 0.00261327065527, 0.0027332350146, 0.0027168309316, 0.00531274499372, 0.00202217907645, 0.00376398884691, 0.00438297679648, 0.00223618256859, 0.00187541986816, 0.000671985733788, 0.0014340870548, 0.000942279817536, 0.00139726838097, 0.0005693474086, 0.000874161545653, 0.000482784205815, 0.000770692480728, 0.00176980893593, 0.00127685547341, 0.000328920985339, 0.000226947347983, 0.000805064919405, 0.00131555122789, 0.00117075257003, 0.000352431932697, 0.000996423419565, 0.000583995308261, 0.000783794443123, 0.000615879369434, 0.000739255279768, 0.00055491697276, 0.000230628997087, 0.000264318252448, 0.00042180827586, 0.00018824977451, 5.67706738366e-05, 9.56640506047e-05, 0.000213728839299, 0.000137909839395, 8.33054000395e-05, 7.43540003896e-05, 9.28685985855e-05, 0.000105544080725, 9.26305219764e-05, 8.43686648295e-05, 0.000135388210765, 8.83561369847e-05, 8.0970916315e-05, 6.86444036546e-05, 7.97802640591e-05, 0.000119628472021, 0.000144404359162, 0.000115050126624, 0.000145066529512, 0.000335314194672, 0.00049141573254, 0.000263659196207, 0.000235759522184, 0.000239983768552, 0.000132305969601, 0.000366461317753, 0.000276084581856, 0.000193854022655, 0.000288441340672, 0.000358826015145, 0.000267051887931, 0.000213911829633, 0.000159363989951, 0.000135681169922, 0.000139331255923, 6.28240886726e-05, 0.000215474603465, 8.13921360532e-05, 3.32513227477e-05, 1.76210160134e-05, 7.77119748818e-06, 8.82721451489e-06, 4.25676216764e-06, 3.57341514245e-06, 2.60183810497e-06, 3.57462931788e-06, 3.16965679303e-06, 3.63432718586e-06, 3.90993182009e-06, 2.6253546821e-06, 1.69127451954e-06, 1.15372495202e-06, 1.3675446553e-06, 2.69733209279e-06, 1.01990497114e-06, 3.37815578177e-07, 2.99768529999e-08, 6.93658508411e-09, 1.01526842489e-09, 9.8019703465e-10, 9.6778451919e-10, 9.42512623503e-10, 9.10167996526e-10, 8.92906693029e-10, 8.66819671597e-10, 8.54195214561e-10, 8.54807669093e-10, 8.47382164437e-10, 8.41376246452e-10],
        "mean": [2.10638863791e-05, 2.21061964112e-05, 6.02272957622e-05, 0.00017896918871, 0.000394654460251, 0.000834706122987, 0.00116794451606, 0.00170778436586, 0.00323762302287, 0.00266065751202, 0.00223462632857, 0.00176562310662, 0.00120016373694, 0.000981012126431, 0.000651199661661, 0.000938288285397, 0.000988880405203, 0.000853796838783, 0.000757989124395, 0.00058914499823, 0.000289009010885, 0.000259759399341, 0.000324473512592, 0.000126596452901, 0.000134511690703, 7.81402777648e-05, 0.000143621276948, 0.000119490192446, 3.65338091797e-05, 7.89647092461e-05, 6.52632734273e-05, 0.00010095781181, 0.000146085134475, 4.45853511337e-05, 2.44348775595e-05, 5.07427030243e-05, 6.40036305413e-05, 2.42466139753e-05, 4.21499753429e-05, 2.90266325464e-05, 1.5331488612e-05, 6.04119450145e-05, 3.55143238266e-05, 2.89052786684e-05, 1.0982387721e-05, 1.84941873158e-05, 3.03094257106e-05, 2.04389671126e-05, 1.74023080035e-05, 3.95301358367e-05, 2.22270955419e-05, 1.03715865407e-05, 9.92588866211e-06, 2.8662783734e-05, 2.99866151181e-05, 8.92333264346e-06, 8.45915292302e-06, 1.79186463356e-05, 7.95233245299e-06, 2.54785254583e-06, 6.2153003455e-06, 7.17068769518e-06, 5.22745222042e-06, 4.62972366222e-06, 3.81130575988e-06, 3.62579203284e-06, 5.3204962569e-06, 3.7724557842e-06, 2.49339313996e-06, 2.88628666567e-06, 4.03118337999e-06, 2.37439076045e-06, 1.71702811258e-06, 1.48109029396e-06, 1.67320899891e-06, 1.96401902031e-06, 1.97538065549e-06, 2.20424271902e-06, 2.05690685107e-06, 2.40260305873e-06, 2.13622092815e-06, 1.80819654361e-06, 1.45030503518e-06, 1.30117132358e-06, 1.68313749782e-06, 1.95837401407e-06, 1.78941002105e-06, 1.57679278345e-06, 1.71716396835e-06, 1.47293019381e-06, 1.11566350824e-06, 9.10148514777e-07, 6.82150925968e-07, 6.92070898367e-07, 5.61765318707e-07, 6.78041885749e-07, 4.6287024702e-07, 3.08989370978e-07, 2.12587863757e-07, 1.86374549571e-07, 1.49826050233e-07, 1.28928562049e-07, 1.01001305097e-07, 8.27179675866e-08, 6.71061997082e-08, 5.99935248147e-08, 5.97233480448e-08, 5.41000773069e-08, 4.13646787933e-08, 3.21774322742e-08, 2.19595879258e-08, 1.84979658258e-08, 2.04705017381e-08, 1.19190115555e-08, 4.47785675206e-09, 3.03592428974e-10, 5.03741527658e-11, 5.8410273146e-12, 5.68180745508e-12, 5.54596429544e-12, 5.38789065446e-12, 5.27471599385e-12, 5.20463967063e-12, 5.08764514892e-12, 4.84440655993e-12, 4.46866935816e-12, 4.25981082006e-12, 4.21160242098e-12],
        "min": [4.67523741943e-10, 2.80717293855e-09, 1.64503486388e-08, 4.4709892677e-08, 9.07683173068e-08, 1.35587143291e-07, 2.33648421499e-07, 3.33154218879e-07, 3.38661891419e-07, 2.4524237574e-07, 1.28085531514e-07, 4.14779144364e-08, 2.00703578201e-08, 2.84545667029e-08, 4.25166390983e-08, 4.65244980319e-08, 2.80128560348e-08, 3.63056180674e-08, 2.78328009529e-08, 2.1907105463e-08, 1.56943098517e-08, 1.00555279658e-08, 4.86784790255e-09, 2.57057708453e-09, 2.688618439e-09, 4.19209156277e-09, 4.69792560409e-09, 4.50610437852e-09, 3.51167273038e-09, 1.85183945955e-09, 2.41607711615e-09, 4.65746241574e-09, 4.78065276255e-09, 3.80692322111e-09, 3.93285359834e-09, 3.711916996e-09, 2.59209964604e-09, 2.41940978363e-09, 1.88532611745e-09, 1.05822728358e-09, 2.00997130051e-09, 1.98814098518e-09, 8.5317775067e-10, 3.31587779456e-09, 5.93879923017e-09, 4.10225853287e-09, 9.83220393991e-10, 1.0782669202e-09, 1.85119564122e-09, 1.44190470674e-09, 1.34558442166e-09, 2.28317409423e-09, 1.2693336382e-09, 6.46167508389e-10, 1.08461695181e-09, 5.92865256888e-10, 3.84306725332e-10, 1.93816948602e-10, 5.78230074932e-10, 9.87720238932e-10, 7.8672240944e-10, 2.35889002775e-10, 2.09307682297e-10, 4.78250217206e-10, 7.99455612821e-10, 3.64147656473e-10, 4.05154326755e-10, 5.02297259342e-10, 5.45416101172e-10, 3.71817465705e-10, 5.99266691825e-10, 5.91035109743e-10, 3.32753657961e-10, 1.81203677063e-10, 1.73060510367e-10, 7.36714911298e-10, 5.08242448127e-10, 3.07653014175e-10, 1.14637896398e-10, 1.08143639876e-10, 1.76531358975e-10, 1.42125353153e-10, 1.61544222443e-10, 2.43747855233e-10, 6.00392999206e-11, 7.82743453387e-11, 1.40165254403e-10, 1.34585231848e-10, 4.27644170076e-11, 1.33149657966e-10, 1.38485931056e-10, 2.46718999397e-11, 1.66376131622e-11, 1.00696728733e-10, 7.54350887311e-11, 1.10346877469e-10, 6.68542651794e-11, 6.01954042168e-11, 9.46603836982e-11, 3.80978790182e-11, 2.76600825577e-11, 5.33790303625e-11, 9.0917967599e-11, 4.69203530196e-11, 4.50613765052e-12, 3.60155204271e-11, 7.87346438047e-11, 2.22465743743e-11, 5.33839951411e-11, 1.16588075999e-11, 1.36338770135e-12, 5.50044168199e-13, 4.38351747479e-13, 4.21790450874e-13, 3.15380642608e-13, 4.05957765234e-13, 2.83193282193e-13, 3.07819362447e-13, 3.16567789777e-13, 3.24675562043e-13, 3.96976017596e-13, 3.98843989519e-13, 3.79675647475e-13, 3.15453663625e-13, 3.09100103369e-13, 9.66913520279e-14, 1.36406838041e-14, 3.44691614025e-16],
        "stdev": [2.46319541475e-05, 3.1917123124e-05, 7.72566927481e-05, 0.000323755462887, 0.000739583978429, 0.00127802940551, 0.00214318395592, 0.00291240448132, 0.0044055050239, 0.00383863504976, 0.00416489271447, 0.0031121596694, 0.00228901067749, 0.00182125647552, 0.00136045238469, 0.0016249853652, 0.00177033874206, 0.00243354635313, 0.00222021341324, 0.0015909433132, 0.000579286715947, 0.000709787243977, 0.000977329327725, 0.000288738112431, 0.000260659668129, 0.000172669446329, 0.000275517435512, 0.000269118376309, 9.61800251389e-05, 0.000288545503281, 0.000235729239648, 0.000203027389944, 0.000204007563298, 5.6790508097e-05, 6.10493152635e-05, 9.04071712284e-05, 0.000124561425764, 4.73221662105e-05, 7.42245756555e-05, 4.49348699476e-05, 4.7346802603e-05, 0.000147051076056, 7.0857720857e-05, 3.79850607715e-05, 1.67995021911e-05, 5.24136412423e-05, 8.25719253044e-05, 5.71726850467e-05, 3.09289134748e-05, 7.16767899576e-05, 4.56501293229e-05, 3.84682389267e-05, 3.27864800056e-05, 6.46745829727e-05, 5.10868776473e-05, 1.92921652342e-05, 2.00675403903e-05, 3.6886005546e-05, 1.4908851881e-05, 3.90495097236e-06, 8.93937613e-06, 1.24872176457e-05, 9.68583390204e-06, 6.73181921229e-06, 6.60141768094e-06, 6.74742977935e-06, 8.07035303296e-06, 6.81288565829e-06, 5.71386317461e-06, 7.94600418885e-06, 8.07446031104e-06, 5.01438989886e-06, 3.92333504351e-06, 3.64768857253e-06, 5.33228921995e-06, 7.02159059074e-06, 7.13848839951e-06, 7.77412333264e-06, 1.2240749129e-05, 1.77824404091e-05, 1.34442625495e-05, 1.09307738967e-05, 9.10017661226e-06, 6.53003689877e-06, 1.1659154552e-05, 1.34417477966e-05, 1.16169803732e-05, 1.22105639093e-05, 1.37319184432e-05, 1.2137315025e-05, 8.50158176036e-06, 7.06141281626e-06, 5.04159152115e-06, 5.77633454668e-06, 3.60351168638e-06, 6.25401344223e-06, 3.36766083819e-06, 1.60915351444e-06, 8.42256326905e-07, 5.52047310975e-07, 4.08531178664e-07, 3.15808591722e-07, 2.32984575632e-07, 1.90078850437e-07, 1.75127539137e-07, 1.60145887662e-07, 1.679606072e-07, 1.68853290461e-07, 1.1828377211e-07, 9.1664517754e-08, 6.51874287882e-08, 6.93957176168e-08, 9.94765656515e-08, 5.60731905352e-08, 2.08204244956e-08, 1.40559108797e-09, 3.32029959083e-10, 2.30058038592e-11, 2.22229214197e-11, 2.1916022816e-11, 2.13422786388e-11, 2.06271250081e-11, 2.0234340245e-11, 1.96618641507e-11, 1.93796367842e-11, 1.9380962113e-11, 1.92158511325e-11, 1.90826833502e-11]
    },
    "mfcc": {
        "mean": [-656.300354004, 153.455749512, -6.76177930832, 21.511636734, -2.87643694878, -2.45240831375, -14.6681623459, -8.47660923004, -12.5914182663, -9.35643100739, -10.9793367386, -6.7987074852, -4.52078580856],
        "cov": [[2640.43994141, -461.737213135, -246.176376343, -86.9222640991, -116.372192383, -62.2025375366, -110.474639893, -2.82620215416, 2.2572851181, -17.1373386383, 73.9494857788, 46.9062614441, 135.514938354], [-461.737213135, 686.545471191, -269.193145752, 66.5891342163, 40.6281814575, -64.4407043457, 30.8553009033, 2.8811314106, -39.5606079102, 6.10852193832, 4.82477378845, -48.2913208008, -1.95185482502], [-246.176376343, -269.193145752, 482.563079834, -74.2476119995, 6.75479459763, 73.3015975952, 13.9763593674, 11.4334049225, -37.7367019653, -19.5825481415, -33.006565094, -14.9520339966, -32.8114395142], [-86.9222640991, 66.5891342163, -74.2476119995, 201.809204102, 22.4446754456, 18.2381286621, -33.2000656128, -19.4809875488, 19.4193058014, -32.9570198059, -23.7142181396, 23.0931739807, -15.0811948776], [-116.372192383, 40.6281814575, 6.75479459763, 22.4446754456, 162.112670898, -0.01545942761, 20.7167797089, -25.9342327118, 14.8889627457, -28.2647571564, -14.8170185089, -6.53344583511, -13.0639562607], [-62.2025375366, -64.4407043457, 73.3015975952, 18.2381286621, -0.01545942761, 135.229064941, 21.306016922, 21.6836986542, 3.56499958038, 1.52533900738, -2.15246677399, 6.44264173508, -21.9191150665], [-110.474639893, 30.8553009033, 13.9763593674, -33.2000656128, 20.7167797089, 21.306016922, 117.674720764, 21.0199546814, 2.05892944336, 10.6136550903, 7.22741270065, -7.05175924301, -7.93388748169], [-2.82620215416, 2.8811314106, 11.4334049225, -19.4809875488, -25.9342327118, 21.6836986542, 21.0199546814, 79.5220794678, 14.0633001328, 15.4569635391, 2.5052819252, -0.336555123329, 4.01892948151], [2.2572851181, -39.5606079102, -37.7367019653, 19.4193058014, 14.8889627457, 3.56499958038, 2.05892944336, 14.0633001328, 93.8997192383, -1.08447027206, -3.80571937561, 17.1881542206, -7.13956832886], [-17.1373386383, 6.10852193832, -19.5825481415, -32.9570198059, -28.2647571564, 1.52533900738, 10.6136550903, 15.4569635391, -1.08447027206, 102.700317383, 28.5000572205, -3.65542602539, 14.5054721832], [73.9494857788, 4.82477378845, -33.006565094, -23.7142181396, -14.8170185089, -2.15246677399, 7.22741270065, 2.5052819252, -3.80571937561, 28.5000572205, 73.7072143555, 14.101899147, 3.84859156609], [46.9062614441, -48.2913208008, -14.9520339966, 23.0931739807, -6.53344583511, 6.44264173508, -7.05175924301, -0.336555123329, 17.1881542206, -3.65542602539, 14.101899147, 73.2089157104, 22.3396568298], [135.514938354, -1.95185482502, -32.8114395142, -15.0811948776, -13.0639562607, -21.9191150665, -7.93388748169, 4.01892948151, -7.13956832886, 14.5054721832, 3.84859156609, 22.3396568298, 89.0657196045]],
        "icov": [[0.000659658107907, 0.0007579944795, 0.000762165116612, 0.000212591228774, 0.000105310129584, 3.49578440364e-05, 0.000363492697943, -0.000264044181677, 0.000417694129283, 0.000595446501393, -0.000566827889998, 0.000479181297123, -0.000761139148381], [0.0007579944795, 0.00330031779595, 0.00224113743752, -0.000599340593908, -0.000588588416576, 0.000787688593846, -0.000366605847375, -0.00132167793345, 0.00223678001203, 0.000586410111282, -0.000640037353151, 0.00198832782917, -0.000609597365838], [0.000762165116612, 0.00224113743752, 0.0044612493366, 0.00130149850156, -0.000512989703566, -0.00110769388266, 0.000307238427922, -0.00103241507895, 0.00266572553664, 0.00100048200693, 0.000973566202447, 0.000709032290615, 0.000310293427901], [0.000212591228774, -0.000599340593908, 0.00130149850156, 0.00739966519177, -0.00037507712841, -0.00203307298943, 0.00217520212755, 0.00122168997768, -0.000614814576693, 0.00125469209161, 0.00236742733978, -0.00290052196942, 0.00135070458055], [0.000105310129584, -0.000588588416576, -0.000512989703566, -0.00037507712841, 0.00770495925099, -0.000150009902427, -0.00177958561108, 0.0030990135856, -0.00213441997766, 0.00161836086772, 0.000340405938914, 0.000695512164384, -0.000254582526395], [3.49578440364e-05, 0.000787688593846, -0.00110769388266, -0.00203307298943, -0.000150009902427, 0.00970103126019, -0.00171315937769, -0.00268100807443, 0.000682460260577, -0.000709302083123, -0.000353327312041, -0.000853302364703, 0.00194506405387], [0.000363492697943, -0.000366605847375, 0.000307238427922, 0.00217520212755, -0.00177958561108, -0.00171315937769, 0.0106482263654, -0.00236438261345, -1.82253952516e-05, -0.000200762966415, -0.000806964701042, -5.55004080525e-05, 0.00037302414421], [-0.000264044181677, -0.00132167793345, -0.00103241507895, 0.00122168997768, 0.0030990135856, -0.00268100807443, -0.00236438261345, 0.0164237730205, -0.00411939853802, -0.00119212281425, 0.000776012602728, 0.000177066918695, -0.00117164652329], [0.000417694129283, 0.00223678001203, 0.00266572553664, -0.000614814576693, -0.00213441997766, 0.000682460260577, -1.82253952516e-05, -0.00411939853802, 0.0144163696095, -0.000377448421204, 0.00145087216515, -0.00266517139971, 0.00215345574543], [0.000595446501393, 0.000586410111282, 0.00100048200693, 0.00125469209161, 0.00161836086772, -0.000709302083123, -0.000200762966415, -0.00119212281425, -0.000377448421204, 0.0128371044993, -0.00473260506988, 0.00247656786814, -0.00275099719875], [-0.000566827889998, -0.000640037353151, 0.000973566202447, 0.00236742733978, 0.000340405938914, -0.000353327312041, -0.000806964701042, 0.000776012602728, 0.00145087216515, -0.00473260506988, 0.0183133278042, -0.00563116557896, 0.00297217047773], [0.000479181297123, 0.00198832782917, 0.000709032290615, -0.00290052196942, 0.000695512164384, -0.000853302364703, -5.55004080525e-05, 0.000177066918695, -0.00266517139971, 0.00247656786814, -0.00563116557896, 0.0196227356791, -0.00633182795718], [-0.000761139148381, -0.000609597365838, 0.000310293427901, 0.00135070458055, -0.000254582526395, 0.00194506405387, 0.00037302414421, -0.00117164652329, 0.00215345574543, -0.00275099719875, 0.00297217047773, -0.00633182795718, 0.0153232384473]]
    },
    "spectral_contrast_coeffs": {
        "max": [-0.353222161531, -0.437887340784, -0.57944047451, -0.615619778633, -0.63864159584, -0.557314097881],
        "mean": [-0.594587624073, -0.705120921135, -0.746434390545, -0.775315523148, -0.775165379047, -0.741402447224],
        "min": [-0.888177812099, -0.92756998539, -0.943095386028, -0.902293980122, -0.901412189007, -0.878550231457],
        "stdev": [0.0788455754519, 0.0714985355735, 0.0516653843224, 0.0407097712159, 0.037756215781, 0.048637278378]
    },
    "spectral_contrast_valleys": {
        "max": [-5.06087303162, -5.05534172058, -5.93504571915, -6.56190681458, -6.50788784027, -8.04866886139],
        "mean": [-6.76357507706, -6.47106599808, -7.43448114395, -7.77349424362, -7.98206567764, -11.1222476959],
        "min": [-9.73474407196, -11.2714557648, -11.8801221848, -12.1302194595, -12.0195636749, -14.0480356216],
        "stdev": [0.584517478943, 0.570200562477, 0.556692957878, 0.556266605854, 0.542981624603, 0.79912853241]
    }
},
"rhythm": {
    "beats_count": 120,
    "beats_loudness": {
        "max": 0.095157854259,
        "mean": 0.0358264893293,
        "min": 0.00305624119937,
        "stdev": 0.0168429203331
    },
    "bpm": 149.243118286,
    "bpm_histogram_first_peak_bpm": 148,
    "bpm_histogram_first_peak_weight": 0.52577316761,
    "bpm_histogram_second_peak_bpm": 157,
    "bpm_histogram_second_peak_spread": 0,
    "bpm_histogram_second_peak_weight": 0.109243698418,
    "danceability": 1.14593088627,
    "onset_rate": 2.5634765625,
    "beats_loudness_band_ratio": {
        "max": [0.840089142323, 0.922288417816, 0.816864073277, 0.438800603151, 0.232261747122, 0.709732592106],
        "mean": [0.290529549122, 0.493927508593, 0.222645670176, 0.070310331881, 0.0440045334399, 0.0215107165277],
        "min": [0.00816338416189, 0.0630487501621, 0.00991884432733, 0.004524609074, 0.000714500900358, 0.000245926872594],
        "stdev": [0.219380021095, 0.215715810657, 0.183030262589, 0.062816336751, 0.0349120087922, 0.0696378648281]
    },
