{
"metadata": {
    "version": {
        "essentia": "2.1-beta5",
        "essentia_git_sha": "Undefined",
        "extractor": "music 2.0"
    },
    "audio_properties": {
        "analysis": {
            "equal_loudness": 0,
            "length": 48.7502937317,
            "sample_rate": 44100,
            "start_time": 45.2440834045,
            "downmix": "mix"
        },
        "bit_rate": 192000,
        "length": 200.515930176,
        "lossless": 0,
        "number_channels": 2,
        "replay_gain": -1.61998939514,
        "sample_rate": 48000,
        "codec": "mp3",
        "md5_encoded": "9e0094d8628bffe290ce57ec2e1cfaec"
    },
    "tags": {
        "file_name": "BosniaHerzegovina_Ostani Kraj Mene_Alma and Dejan.mp3",
        "encoding": ["Lavf58.29.100"]
    }
},
"lowlevel": {
    "average_loudness": 0.923358798027,
    "barkbands_crest": {
        "max": 20.3329620361,
        "mean": 8.3734703064,
        "min": 2.8965306282,
        "stdev": 3.2774503231
    },
    "barkbands_flatness_db": {
        "max": 0.328510671854,
        "mean": 0.16151984036,
        "min": 0.0665444806218,
        "stdev": 0.0470566935837
    },
    "barkbands_kurtosis": {
        "max": 27.4969444275,
        "mean": 2.36916661263,
        "min": -1.88906872272,
        "stdev": 4.12497425079
    },
    "barkbands_skewness": {
        "max": 4.36628341675,
        "mean": 1.18129003048,
        "min": -1.70700800419,
        "stdev": 0.956784009933
    },
    "barkbands_spread": {
        "max": 100.881797791,
        "mean": 20.9015617371,
        "min": 2.0488576889,
        "stdev": 12.4231595993
    },
    "dissonance": {
        "max": 0.499530613422,
        "mean": 0.459630012512,
        "min": 0.288966208696,
        "stdev": 0.0254536848515
    },
    "dynamic_complexity": 1.84710407257,
    "erbbands_crest": {
        "max": 27.0009441376,
        "mean": 9.30353355408,
        "min": 3.10479331017,
        "stdev": 3.76993989944
    },
    "erbbands_flatness_db": {
        "max": 0.3157376647,
        "mean": 0.187654539943,
        "min": 0.0888320878148,
        "stdev": 0.0336228422821
    },
    "erbbands_kurtosis": {
        "max": 11.2165269852,
        "mean": 0.2296307832,
        "min": -1.757199049,
        "stdev": 1.27490842342
    },
    "erbbands_skewness": {
        "max": 2.20669841766,
        "mean": 0.170050770044,
        "min": -2.31357192993,
        "stdev": 0.656538128853
    },
    "erbbands_spread": {
        "max": 136.77961731,
        "mean": 32.7982940674,
        "min": 5.03249692917,
        "stdev": 15.5369081497
    },
    "hfc": {
        "max": 96.7865600586,
        "mean": 22.4496841431,
        "min": 1.95534396172,
        "stdev": 15.446814537
    },
    "loudness_ebu128": {
        "integrated": -21.4647197723,
        "loudness_range": 2.45001411438,
        "momentary": {
            "max": -18.7268104553,
            "mean": -21.7185840607,
            "min": -26.4280643463,
            "stdev": 1.56100082397
        },
        "short_term": {
            "max": -20.0727100372,
            "mean": -21.5161342621,
            "min": -23.5863399506,
            "stdev": 0.823669910431
        }
    },
    "melbands_crest": {
        "max": 26.7302322388,
        "mean": 11.7007331848,
        "min": 4.51405143738,
        "stdev": 4.06062793732
    },
    "melbands_flatness_db": {
        "max": 0.438040733337,
        "mean": 0.210495129228,
        "min": 0.0471850782633,
        "stdev": 0.0693252980709
    },
    "melbands_kurtosis": {
        "max": 82.8187255859,
        "mean": 7.81023263931,
        "min": -1.48422586918,
        "stdev": 9.58163928986
    },
    "melbands_skewness": {
        "max": 8.13944625854,
        "mean": 2.10050821304,
        "min": -1.18435776234,
        "stdev": 1.23195135593
    },
    "melbands_spread": {
        "max": 168.931640625,
        "mean": 25.3581600189,
        "min": 2.05547451973,
        "stdev": 17.8501605988
    },
    "pitch_salience": {
        "max": 0.786426305771,
        "mean": 0.547552645206,
        "min": 0.264601886272,
        "stdev": 0.0809636339545
    },
    "silence_rate_20dB": {
        "max": 1,
        "mean": 1,
        "min": 1,
        "stdev": 0
    },
    "silence_rate_30dB": {
        "max": 1,
        "mean": 1,
        "min": 1,
        "stdev": 0
    },
    "silence_rate_60dB": {
        "max": 0,
        "mean": 0,
        "min": 0,
        "stdev": 0
    },
    "spectral_centroid": {
        "max": 4180.96875,
        "mean": 1294.48364258,
        "min": 216.924453735,
        "stdev": 669.758239746
    },
    "spectral_complexity": {
        "max": 51,
        "mean": 20.3774394989,
        "min": 1,
        "stdev": 8.12951755524
    },
    "spectral_decrease": {
        "max": -1.72818911959e-10,
        "mean": -7.42069605764e-09,
        "min": -2.7062849739e-08,
        "stdev": 3.47994544292e-09
    },
    "spectral_energy": {
        "max": 0.104721136391,
        "mean": 0.0300436560065,
        "min": 0.000919263868127,
        "stdev": 0.0137539859861
    },
    "spectral_energyband_high": {
        "max": 0.0115963146091,
        "mean": 0.000685403181706,
        "min": 2.667213721e-06,
        "stdev": 0.00105876743328
    },
    "spectral_energyband_low": {
        "max": 0.082194276154,
        "mean": 0.00864443462342,
        "min": 5.38442182005e-05,
        "stdev": 0.00772213144228
    },
    "spectral_energyband_middle_high": {
        "max": 0.0467582382262,
        "mean": 0.00745561113581,
        "min": 1.93557443708e-05,
        "stdev": 0.00693917134777
    },
    "spectral_energyband_middle_low": {
        "max": 0.0719779357314,
        "mean": 0.0149493142962,
        "min": 0.000117867944937,
        "stdev": 0.0103470422328
    },
    "spectral_entropy": {
        "max": 9.1501789093,
        "mean": 7.33531904221,
        "min": 5.83702659607,
        "stdev": 0.399948000908
    },
    "spectral_flux": {
        "max": 0.236242771149,
        "mean": 0.0777635648847,
        "min": 0.0195963159204,
        "stdev": 0.0312454625964
    },
    "spectral_kurtosis": {
        "max": 45.7641983032,
        "mean": 5.23600292206,
        "min": -1.29095673561,
        "stdev": 5.34255933762
    },
    "spectral_rms": {
        "max": 0.0101077668369,
        "mean": 0.00527372397482,
        "min": 0.000947017862927,
        "stdev": 0.00122420128901
    },
    "spectral_rolloff": {
        "max": 8570.21484375,
        "mean": 1375.14074707,
        "min": 150.732421875,
        "stdev": 1126.49609375
    },
    "spectral_skewness": {
        "max": 5.20446491241,
        "mean": 1.49488723278,
        "min": 0.0359762609005,
        "stdev": 0.688808262348
    },
    "spectral_spread": {
        "max": 22921540,
        "mean": 3529446,
        "min": 1438632.75,
        "stdev": 1226280.75
    },
    "spectral_strongpeak": {
        "max": 10.3200378418,
        "mean": 1.22875535488,
        "min": 0,
        "stdev": 1.50663566589
    },
    "zerocrossingrate": {
        "max": 0.263671875,
        "mean": 0.0517889559269,
        "min": 0.00537109375,
        "stdev": 0.0283791553229
    },
    "barkbands": {
        "max": [0.000918351928703, 0.0510600619018, 0.025033608079, 0.0339914187789, 0.0460155420005, 0.0351720824838, 0.0155735183507, 0.0203029755503, 0.0257509723306, 0.0300793014467, 0.0173517409712, 0.0155161991715, 0.0204043667763, 0.0309683941305, 0.0162804778665, 0.0202923696488, 0.0104415677488, 0.00798207707703, 0.00500111561269, 0.00559186656028, 0.00284398999065, 0.00207018526271, 0.00709225982428, 0.00506421271712, 0.00157361559104, 0.000100044861028, 5.32004423803e-06],
        "mean": [9.0384244686e-05, 0.00409449636936, 0.0031501930207, 0.00277379457839, 0.00483641866595, 0.00211392552592, 0.00136554939672, 0.001168620307, 0.00202342378907, 0.00152891746257, 0.00104637059849, 0.000488722173031, 0.000615820463281, 0.00116841739509, 0.000760065217037, 0.000476570479805, 0.000576356775127, 0.000406467705034, 0.000487983779749, 0.000361292011803, 0.000206070326385, 0.000111639485112, 8.63834939082e-05, 8.02742579253e-05, 2.20203273784e-05, 3.50917093783e-06, 4.13964862389e-09],
        "min": [4.92338685376e-08, 6.87029842084e-06, 1.20325387343e-06, 5.72192902837e-06, 1.89217025763e-05, 1.34585970955e-05, 3.1451927498e-06, 2.41242196353e-06, 2.69711654255e-06, 1.06849711301e-06, 9.07448225007e-07, 1.85337364655e-06, 1.15398108846e-06, 7.1982293548e-07, 8.65760000579e-07, 1.18142372685e-06, 1.06325569504e-06, 8.86921611709e-07, 8.66385107656e-07, 5.40271514637e-07, 4.0883870156e-07, 3.60771423402e-07, 2.46752989597e-07, 2.17011233872e-07, 1.01367753302e-07, 2.71007714048e-08, 1.01564714972e-10],
        "stdev": [0.000108071297291, 0.00456316629425, 0.00324623682536, 0.0040870285593, 0.00548023497686, 0.00304279779084, 0.00192860455718, 0.00179977936205, 0.00306175183505, 0.00277911103331, 0.0019400739111, 0.00104475067928, 0.00119741191156, 0.00267317635007, 0.00140700349584, 0.000967011146713, 0.000965480285231, 0.000822661851998, 0.00065583124524, 0.000537894899026, 0.000316337944241, 0.000206954515306, 0.000292868353426, 0.00030560119194, 7.73939973442e-05, 8.51325421536e-06, 1.16713103182e-07]
    },
    "erbbands": {
        "max": [1.31706726551, 12.0111284256, 26.2739124298, 82.6514129639, 245.428497314, 147.450042725, 196.305740356, 414.600219727, 361.218841553, 395.93737793, 563.114440918, 642.49206543, 701.165710449, 920.423828125, 645.274841309, 772.231933594, 922.693115234, 1506.11889648, 948.10546875, 1245.29724121, 1283.23217773, 450.701141357, 395.405639648, 457.494628906, 367.058288574, 221.416259766, 177.537506104, 98.9576416016, 72.8727798462, 148.385681152, 213.761825562, 97.2952575684, 107.597732544, 33.4748382568, 5.86591386795, 0.66092556715, 0.143739044666, 0.0111927334219, 0.000768163008615, 0.000116412484203],
        "mean": [0.0975048169494, 1.01695764065, 3.16501426697, 7.20554018021, 15.3304958344, 13.3007116318, 15.5388813019, 17.6749858856, 21.0407772064, 23.4027843475, 26.5791072845, 54.2102241516, 43.026260376, 40.362247467, 40.2546615601, 25.3978843689, 32.5015106201, 54.9583129883, 40.1371307373, 44.0047721863, 24.3025665283, 27.6861896515, 23.0390224457, 27.4159660339, 22.3218746185, 17.7132358551, 12.2067375183, 5.67836761475, 3.9422647953, 3.23850655556, 2.34386086464, 1.84825611115, 1.19096565247, 0.385408163071, 0.0926055535674, 0.0257305111736, 0.0049076937139, 0.000245047209319, 2.4610411856e-05, 3.66756648873e-05],
        "min": [0.000572372518945, 0.00217080162838, 0.00331118167378, 0.0165164303035, 0.0389356464148, 0.0644157677889, 0.115802787244, 0.0964655950665, 0.119781434536, 0.2219594419, 0.243243277073, 0.133401945233, 0.0958419814706, 0.0456986054778, 0.0625236332417, 0.14118476212, 0.0616670362651, 0.0486338958144, 0.0344404280186, 0.0640743374825, 0.0527711063623, 0.0722350329161, 0.042069002986, 0.0381730049849, 0.0381400547922, 0.0282469876111, 0.0242693834007, 0.0157870911062, 0.0118039762601, 0.00837345793843, 0.00748359458521, 0.00480993371457, 0.00296346237883, 0.0013691947097, 0.000718812167179, 0.000262050860329, 3.45262051269e-05, 1.45162312037e-06, 2.10649977817e-06, 4.45755313194e-06],
        "stdev": [0.120813541114, 1.10812294483, 3.09248828888, 8.71518611908, 23.8940868378, 14.5800437927, 21.3367443085, 29.9193229675, 32.3376464844, 33.3551979065, 41.5534553528, 84.0024719238, 68.2436676025, 86.831489563, 66.8025970459, 49.9051780701, 59.6627693176, 130.206665039, 62.2554321289, 96.1834945679, 48.4342079163, 46.8239555359, 42.5655937195, 46.5914268494, 34.0159912109, 24.6711044312, 17.8074169159, 9.56300258636, 7.01514387131, 9.45599842072, 8.04031181335, 6.42971563339, 5.14660310745, 1.52180933952, 0.272939294577, 0.0596973747015, 0.0130455764011, 0.000776926754043, 2.77509061561e-05, 1.66286172316e-05]
    },
    "gfcc": {
        "mean": [-0.882309794426, 131.090637207, -136.882583618, 45.3089447021, -59.5840454102, 15.3854589462, -32.1509475708, 3.2348048687, -20.6633625031, -5.48943281174, -8.74408149719, -15.769990921, -1.14406311512],
        "cov": [[2110.88696289, -1175.27832031, -518.845031738, 273.625274658, -275.156097412, -36.649471283, -142.616699219, 234.327178955, -57.4906005859, 64.9471130371, -131.557540894, 112.288757324, -198.235198975], [-1175.27832031, 1325.8515625, 232.122131348, -362.324798584, 233.189376831, -62.4217796326, 201.901733398, -188.815689087, 91.5881195068, -79.6496734619, 169.495498657, -151.784683228, 154.206344604], [-518.845031738, 232.122131348, 582.205688477, -21.9339828491, -0.153892412782, 65.3112411499, -51.6602363586, -59.8723449707, 6.80392694473, -18.0624504089, -35.659992218, 43.4344711304, -2.39389610291], [273.625274658, -362.324798584, -21.9339828491, 334.801055908, -52.3245201111, -31.0206775665, -65.6134643555, 44.8076934814, 18.6221027374, -9.25312232971, -17.4352836609, 49.8869056702, -24.4100570679], [-275.156097412, 233.189376831, -0.153892412782, -52.3245201111, 226.44644165, -8.69952964783, 41.6811065674, -4.20405054092, 3.58746480942, 17.9350624084, 2.50986981392, 1.99036133289, 30.5916290283], [-36.649471283, -62.4217796326, 65.3112411499, -31.0206775665, -8.69952964783, 192.083190918, 64.4418258667, -10.7455434799, -19.5580558777, 17.9325408936, 8.03894710541, -26.5415325165, 7.62757492065], [-142.616699219, 201.901733398, -51.6602363586, -65.6134643555, 41.6811065674, 64.4418258667, 196.669616699, -13.3997240067, -16.3198032379, 20.9884681702, 53.5305328369, -68.5104293823, 34.5948791504], [234.327178955, -188.815689087, -59.8723449707, 44.8076934814, -4.20405054092, -10.7455434799, -13.3997240067, 118.568733215, 27.8824977875, 23.2225170135, -35.9996109009, 37.9948310852, -20.7015781403], [-57.4906005859, 91.5881195068, 6.80392694473, 18.6221027374, 3.58746480942, -19.5580558777, -16.3198032379, 27.8824977875, 112.326347351, -0.777936935425, 1.73901808262, -1.92292571068, 12.7396068573], [64.9471130371, -79.6496734619, -18.0624504089, -9.25312232971, 17.9350624084, 17.9325408936, 20.9884681702, 23.2225170135, -0.777936935425, 89.0542678833, -2.40744924545, 6.26366472244, -18.0023479462], [-131.557540894, 169.495498657, -35.659992218, -17.4352836609, 2.50986981392, 8.03894710541, 53.5305328369, -35.9996109009, 1.73901808262, -2.40744924545, 144.142044067, -26.215763092, 49.9673156738], [112.288757324, -151.784683228, 43.4344711304, 49.8869056702, 1.99036133289, -26.5415325165, -68.5104293823, 37.9948310852, -1.92292571068, 6.26366472244, -26.215763092, 125.584243774, -24.0906581879], [-198.235198975, 154.206344604, -2.39389610291, -24.4100570679, 30.5916290283, 7.62757492065, 34.5948791504, -20.7015781403, 12.7396068573, -18.0023479462, 49.9673156738, -24.0906581879, 106.033042908]],
        "icov": [[0.00142354320269, 0.000132032728288, 0.00116617965978, -0.00037642501411, 0.00122505333275, -0.000339145073667, 0.000481532886624, -0.00148225284647, 0.000797710788902, -0.000333112984663, 0.000315724813845, -0.000414772861404, 0.00123809301294], [0.000132032728288, 0.0111465295777, -0.00525569636375, 0.00811732932925, -0.00756265595555, 0.00890020560473, -0.00914449431002, 0.00876233913004, -0.0114049790427, 0.00846238154918, -0.00668174121529, 0.00410804105923, -0.00108875043225], [0.00116617965978, -0.00525569636375, 0.00574898952618, -0.00408622249961, 0.00466941623017, -0.00564045738429, 0.00523055531085, -0.00376281514764, 0.00545273628086, -0.00415637064725, 0.00423020776361, -0.00357983331196, 0.00146261637565], [-0.00037642501411, 0.00811732932925, -0.00408622249961, 0.00958165712655, -0.00532385753468, 0.00671630352736, -0.00620937207714, 0.00598067371175, -0.00892684888095, 0.00675521185622, -0.00526108266786, 0.00231214240193, -0.000925012223888], [0.00122505333275, -0.00756265595555, 0.00466941623017, -0.00532385753468, 0.0115307793021, -0.00566209573299, 0.00538461655378, -0.00691059883684, 0.00830317195505, -0.00734468176961, 0.00584404589608, -0.00434337928891, 0.000157838629093], [-0.000339145073667, 0.00890020560473, -0.00564045738429, 0.00671630352736, -0.00566209573299, 0.0138846617192, -0.00965749192983, 0.00710154604167, -0.00839364621788, 0.00569416303188, -0.00515461806208, 0.00414705788717, -0.00164032587782], [0.000481532886624, -0.00914449431002, 0.00523055531085, -0.00620937207714, 0.00538461655378, -0.00965749192983, 0.0163848083466, -0.00925742182881, 0.0110668679699, -0.00840901210904, 0.00333965430036, 0.000186211604159, 0.000587121641729], [-0.00148225284647, 0.00876233913004, -0.00376281514764, 0.00598067371175, -0.00691059883684, 0.00710154604167, -0.00925742182881, 0.0219252556562, -0.0137103470042, 0.00465250061825, -0.00239005847834, -0.0005566967302, -0.00200166390277], [0.000797710788902, -0.0114049790427, 0.00545273628086, -0.00892684888095, 0.00830317195505, -0.00839364621788, 0.0110668679699, -0.0137103470042, 0.0228086486459, -0.00901880767196, 0.00622612982988, -0.00239821034484, 0.000316177640343], [-0.000333112984663, 0.00846238154918, -0.00415637064725, 0.00675521185622, -0.00734468176961, 0.00569416303188, -0.00840901210904, 0.00465250061825, -0.00901880767196, 0.0199446622282, -0.00609418330714, 0.00254746014252, 0.00181321182754], [0.000315724813845, -0.00668174121529, 0.00423020776361, -0.00526108266786, 0.00584404589608, -0.00515461806208, 0.00333965430036, -0.00239005847834, 0.00622612982988, -0.00609418330714, 0.0140090938658, -0.00359722273424, -0.0028811856173], [-0.000414772861404, 0.00410804105923, -0.00357983331196, 0.00231214240193, -0.00434337928891, 0.00414705788717, 0.000186211604159, -0.0005566967302, -0.00239821034484, 0.00254746014252, -0.00359722273424, 0.0139320557937, 6.81131787132e-05], [0.00123809301294, -0.00108875043225, 0.00146261637565, -0.000925012223888, 0.000157838629093, -0.00164032587782, 0.000587121641729, -0.00200166390277, 0.000316177640343, 0.00181321182754, -0.0028811856173, 6.81131787132e-05, 0.014282357879]]
    },
    "melbands": {
        "max": [0.0140661336482, 0.0120266163722, 0.013817191124, 0.0108526479453, 0.00655687833205, 0.00831849686801, 0.00492165097967, 0.00367767200805, 0.00447600521147, 0.0045859082602, 0.00347807002254, 0.00432749930769, 0.00263806781732, 0.00139714789111, 0.00138258072548, 0.00226293783635, 0.00345137366094, 0.00162171688862, 0.00120250519831, 0.00113767629955, 0.00136049848516, 0.000341287930496, 0.000923081941437, 0.000179671289516, 0.000413036847021, 0.000211214268347, 0.000335028162226, 0.000131158623844, 0.000157072689035, 7.34778368496e-05, 6.60629957565e-05, 4.94983796671e-05, 5.18725828442e-05, 9.29567540879e-05, 0.000142100048834, 7.62134586694e-05, 6.55792391626e-05, 0.000103231417597, 3.26900590153e-05, 2.67150608124e-05],
        "mean": [0.00104383414146, 0.00157428125385, 0.00150219199713, 0.00104398839176, 0.000568009330891, 0.000403414655011, 0.000307734735543, 0.000255133170867, 0.000256721308688, 0.000312472664518, 0.000206441269256, 0.000160850555403, 0.000148632389028, 6.40604412183e-05, 6.74552793498e-05, 5.95793389948e-05, 0.000113495341793, 6.93333495292e-05, 5.13718186994e-05, 4.89072772325e-05, 2.59028493019e-05, 2.50947650784e-05, 3.62428982044e-05, 1.53531800606e-05, 2.30751356867e-05, 1.60198196681e-05, 1.41597556649e-05, 1.09618104034e-05, 8.42361259856e-06, 4.99261932418e-06, 2.78449806501e-06, 2.4356600079e-06, 1.74678916665e-06, 1.7637826204e-06, 1.34474112201e-06, 1.17703154956e-06, 1.13007160962e-06, 9.51637218805e-07, 5.03380931605e-07, 2.60271804109e-07],
        "min": [5.74280238652e-06, 2.56844259638e-06, 3.81482868761e-06, 3.78671097678e-06, 4.2482547542e-06, 1.82324640718e-06, 8.29431598959e-07, 9.1431599003e-07, 1.23433915178e-06, 4.98267922922e-07, 3.41318354913e-07, 1.6896549937e-07, 1.44529167301e-07, 2.19137518798e-07, 2.55007620353e-07, 9.74762528472e-08, 8.55725446058e-08, 4.23894768176e-08, 7.5359153584e-08, 1.017195288e-07, 4.96612422296e-08, 5.45804006435e-08, 2.04319334784e-08, 3.92043375541e-08, 2.37779484991e-08, 2.66621853484e-08, 1.83767188133e-08, 1.56619286429e-08, 1.35625812803e-08, 8.73063044082e-09, 6.60774546191e-09, 5.47842704535e-09, 4.66529703758e-09, 4.17092937965e-09, 3.43925887769e-09, 3.07104053299e-09, 2.66430943974e-09, 1.84353010635e-09, 1.29869848209e-09, 5.62301261109e-10],
        "stdev": [0.001242495724, 0.0014108507894, 0.00171666604001, 0.0012833919609, 0.000707239028998, 0.000636755721644, 0.000457633694168, 0.00036964964238, 0.000391523877624, 0.000491045415401, 0.000347653141944, 0.000380831043003, 0.000277261598967, 0.000115887596621, 0.000107230618596, 0.00012755136413, 0.000282480410533, 0.000120074575534, 9.96644157567e-05, 0.000100734570879, 5.4082225688e-05, 3.80561141355e-05, 8.47852352308e-05, 2.48438900599e-05, 4.15576578234e-05, 2.32569909713e-05, 2.71341905318e-05, 1.50582527567e-05, 1.35913433041e-05, 8.10606616142e-06, 5.13102713739e-06, 4.31510579801e-06, 4.14666010329e-06, 5.74837349632e-06, 4.81760480397e-06, 4.15743306803e-06, 4.2686137931e-06, 4.41800511908e-06, 1.94867448045e-06, 1.09998916287e-06]
    },
    "melbands128": {
        "max": [0.000774026324507, 0.00692685833201, 0.0257253274322, 0.0174379348755, 0.0139973945916, 0.0154186012223, 0.0185862462968, 0.0182469617575, 0.0345335118473, 0.0148163670674, 0.00997016392648, 0.0131608974189, 0.0095316907391, 0.00732167391106, 0.0137031394988, 0.0147370602936, 0.0113464416936, 0.00660107145086, 0.00317958882079, 0.0078307390213, 0.00457931030542, 0.00401597097516, 0.00806595757604, 0.0049712783657, 0.00767550757155, 0.00922521110624, 0.00570040149614, 0.00690717669204, 0.00446479069069, 0.0104060051963, 0.00638243649155, 0.0044134343043, 0.00510957930237, 0.0050733895041, 0.00338841392659, 0.0023897071369, 0.00499468529597, 0.00134117295966, 0.00331706856377, 0.00421713897958, 0.00262906914577, 0.00438688695431, 0.00541458511725, 0.00837999116629, 0.00458793807775, 0.00215389207006, 0.0036036549136, 0.00298151373863, 0.00168818049133, 0.00381547026336, 0.00226394901983, 0.00272013270296, 0.00284171546809, 0.000547436939087, 0.000661526806653, 0.000366082182154, 0.000847068789881, 0.00219316734001, 0.00099729700014, 0.000233668775763, 0.000218590619625, 0.000512297090609, 0.001043000957, 0.000354928197339, 0.000266355404165, 0.000449331389973, 0.000440507923486, 0.000625955522992, 0.000538267020602, 0.000381372752599, 0.000258123560343, 0.000143691970152, 0.000385367457056, 0.000256953557255, 0.000310987787088, 0.00011123000877, 7.62587078498e-05, 7.06251375959e-05, 8.7008884293e-05, 6.76136478432e-05, 8.60508880578e-05, 0.000106954335934, 3.99755044782e-05, 5.43907699466e-05, 7.28422746761e-05, 0.000129848209326, 0.00010196648509, 0.000123563339002, 0.000166198980878, 0.000143505967571, 0.000130105094286, 0.000114354617835, 6.79435761413e-05, 9.81730408967e-05, 8.85333283804e-05, 0.000100748489785, 0.000144948950037, 5.21417387063e-05, 3.14956268994e-05, 2.62621815637e-05, 3.93470581912e-05, 2.81738321064e-05, 1.30098960653e-05, 1.04365099105e-05, 7.08045581632e-06, 3.84833629141e-06, 2.30392083722e-06, 1.71904832769e-06, 1.89142690488e-06, 8.25326310405e-07, 7.12056419161e-07, 7.85353904575e-07, 6.14801251686e-07, 5.8547664139e-07, 3.34371492272e-07, 2.78585154945e-08, 2.56881893534e-08, 2.49355505133e-08, 2.41790463207e-08, 2.35342181298e-08, 2.29714238742e-08, 2.24986234088e-08, 2.2036982017e-08, 2.16939675113e-08, 2.13152446804e-08, 2.10430020076e-08, 2.08823447423e-08, 2.07731414292e-08],
        "mean": [7.26103899069e-05, 0.00058298575459, 0.00161341123749, 0.00163891434204, 0.00151209696196, 0.00160623341799, 0.00141235894989, 0.00142143992707, 0.00177772890311, 0.000988574000075, 0.000613523530774, 0.000709207321052, 0.000507288204972, 0.00047739042202, 0.000403877871577, 0.000363244151231, 0.00037392473314, 0.00031421717722, 0.000196912951651, 0.000280692242086, 0.000295237143291, 0.000142651013448, 0.000200347683858, 0.000394439208321, 0.000521900888998, 0.000161482792464, 0.000142836492159, 0.000293742661597, 0.000150003514136, 0.000207181932637, 0.000131363442051, 0.000130695028929, 0.000206315191463, 0.000124564088765, 3.61882230209e-05, 5.82810025662e-05, 8.94923723536e-05, 2.57256688201e-05, 0.000101014164102, 8.30887147458e-05, 2.64515056188e-05, 6.44455940346e-05, 0.000100343437225, 0.000179787326488, 7.34393397579e-05, 4.78064357594e-05, 6.28930065432e-05, 2.41974848905e-05, 5.4743471992e-05, 9.94937872747e-05, 2.95086902042e-05, 2.76747305179e-05, 2.55082959484e-05, 2.29385259445e-05, 3.1812927773e-05, 1.61437565112e-05, 2.15811578528e-05, 6.62569073029e-05, 2.69248466793e-05, 8.33847116155e-06, 1.27119628814e-05, 1.73807384272e-05, 3.84902232327e-05, 1.73467233253e-05, 1.32966833917e-05, 1.48776671267e-05, 1.97694353119e-05, 1.56581700139e-05, 1.0793819456e-05, 1.5387789972e-05, 1.18419238788e-05, 7.63239495427e-06, 1.00093866422e-05, 8.9612121883e-06, 6.27796089248e-06, 6.30427894066e-06, 3.50088203049e-06, 2.66316101261e-06, 2.57616306953e-06, 3.19968080476e-06, 2.79667847281e-06, 2.05392734642e-06, 1.63423499089e-06, 1.57495310305e-06, 2.00901581593e-06, 1.99258875e-06, 1.69620841461e-06, 1.29442639718e-06, 1.31901867917e-06, 1.36709866183e-06, 1.27757323298e-06, 1.06888512619e-06, 1.12298801014e-06, 1.11932911295e-06, 1.17648392006e-06, 1.06366246655e-06, 9.50381433995e-07, 7.18881096873e-07, 5.00155351801e-07, 4.01989808552e-07, 3.34716105499e-07, 2.40469717028e-07, 1.70052388171e-07, 1.19745010352e-07, 9.06494861397e-08, 6.79520226754e-08, 6.47247020424e-08, 5.08443740443e-08, 4.3722465648e-08, 3.20015907107e-08, 2.55272265548e-08, 1.88773032761e-08, 1.30397417308e-08, 9.67746771607e-09, 3.97807076169e-09, 2.22921001103e-10, 2.99975426443e-11, 1.85136263958e-11, 1.78909699555e-11, 1.73445910412e-11, 1.68362268571e-11, 1.64428488186e-11, 1.60869477461e-11, 1.5767354436e-11, 1.53302839173e-11, 1.48316081638e-11, 1.45478672511e-11, 1.44397280591e-11],
        "min": [4.70336836145e-08, 3.35606529234e-07, 2.2292911126e-06, 1.46701404447e-06, 1.80260474281e-06, 4.08899921922e-07, 2.15020804717e-06, 1.79714743354e-06, 1.17239665087e-06, 1.36251003369e-06, 1.31842477913e-06, 1.61187790582e-06, 1.44312241446e-06, 1.31558806515e-06, 6.40089751869e-07, 3.50991712139e-07, 4.07003597047e-07, 2.63015635937e-07, 2.10410917134e-07, 1.40512028679e-07, 1.22051460494e-07, 1.21247779816e-07, 1.55808379532e-07, 1.58154591645e-07, 1.31078309096e-07, 5.6976816154e-08, 9.21995138015e-08, 5.38382778359e-08, 5.75843230877e-08, 1.20858771879e-07, 1.1830861979e-07, 6.00040905852e-08, 8.41798595275e-08, 2.0827351932e-07, 5.724563934e-08, 1.12876399783e-07, 2.3947853478e-08, 1.28278060174e-07, 8.98824197293e-08, 5.02138135516e-08, 5.60488331303e-08, 8.14933471815e-08, 3.00147107168e-08, 1.56425681297e-08, 1.06732080951e-08, 4.45763674861e-08, 7.14462160545e-08, 8.5180346332e-08, 5.85661439345e-08, 9.41190165804e-08, 1.25002827644e-07, 5.80852663745e-08, 3.80924483068e-08, 2.0095765052e-08, 1.8907723387e-08, 2.89600539105e-08, 1.35637936438e-08, 1.32826443178e-08, 1.37685720603e-08, 2.15959854444e-08, 3.11537675657e-08, 2.1316701293e-08, 1.01134594033e-08, 1.09477147348e-08, 1.82832842199e-08, 1.9821346342e-08, 1.4974299134e-08, 1.13923928069e-08, 7.48429673791e-09, 7.73632713447e-09, 8.7810567706e-09, 8.04474975524e-09, 8.1758031456e-09, 6.75224853808e-09, 3.47506157183e-09, 2.37768937872e-09, 4.39881020498e-10, 3.53673734743e-09, 3.90667764805e-09, 3.29507465757e-09, 3.88247878291e-09, 3.69735042582e-09, 9.54482937132e-10, 1.42235456746e-09, 1.67736358136e-09, 2.87544765776e-09, 5.633500888e-10, 2.13647100011e-09, 1.80085435453e-09, 1.49622991774e-09, 1.50426304746e-09, 1.43530254348e-09, 1.52286872002e-09, 7.88479226355e-10, 9.36529076512e-10, 1.19455700887e-09, 9.32599442116e-10, 4.48823839205e-10, 6.67946198352e-10, 1.16512945125e-11, 1.54166037575e-11, 6.74436340109e-11, 6.51828452325e-11, 1.99903808784e-11, 2.94335875117e-11, 3.12036146921e-10, 1.17253880216e-11, 1.03387038514e-11, 1.5777931045e-11, 2.36912763713e-11, 1.13119088749e-11, 5.34338198688e-13, 3.37414314154e-13, 3.51652626289e-13, 3.17337410689e-13, 2.78734283918e-13, 3.15202535297e-13, 3.16907849789e-13, 3.18635851211e-13, 2.60074649533e-13, 3.20088112916e-13, 2.89566114142e-13, 3.56574470471e-13, 3.21326027852e-13, 2.3362255598e-13, 9.19748286321e-14, 1.23700691617e-14, 3.27001172103e-16],
        "stdev": [9.43168779486e-05, 0.000725740217604, 0.00229324237444, 0.00177274039015, 0.00170008419082, 0.00178459892049, 0.00197863020003, 0.00230890605599, 0.00321516301483, 0.00163489743136, 0.000875504105352, 0.00112493138295, 0.000948889472056, 0.000741579802707, 0.000884264125489, 0.000880951352883, 0.00074396567652, 0.000659503450152, 0.000343951251125, 0.000529631855898, 0.000537376326974, 0.000298644648865, 0.000560836924706, 0.000690281856805, 0.00093580444809, 0.000506946933456, 0.000353803712642, 0.000601071980782, 0.000376086303731, 0.00071691616904, 0.000406994455261, 0.000360974896466, 0.000500514055602, 0.000275390077149, 0.000117677329399, 0.000152200416778, 0.000261417066213, 7.0070324e-05, 0.000195440647076, 0.000231927086134, 0.00010305376054, 0.000302578526316, 0.000333062605932, 0.000547205156181, 0.000233997168834, 0.000119736803754, 0.00016385417257, 9.64541686699e-05, 0.000150125182699, 0.000279489759123, 7.37751033739e-05, 0.000105393854028, 9.66217776295e-05, 4.09908498114e-05, 5.86814931012e-05, 3.43490464729e-05, 5.28041891812e-05, 0.000167728561792, 7.64216529205e-05, 1.7443417164e-05, 2.59234257101e-05, 4.37013877672e-05, 9.47347361944e-05, 3.30435759679e-05, 2.31352642004e-05, 3.21001571137e-05, 3.69869921997e-05, 4.00972166972e-05, 3.16716832458e-05, 2.86237700493e-05, 2.27387790801e-05, 1.20386766866e-05, 2.49443619396e-05, 1.88217763935e-05, 1.36207827381e-05, 1.12925208668e-05, 6.55373105474e-06, 6.41187307338e-06, 5.53409427084e-06, 6.3730308284e-06, 5.37018058822e-06, 4.71392786494e-06, 3.62859736924e-06, 4.01253464588e-06, 6.01931105848e-06, 7.1041827141e-06, 6.06180174145e-06, 4.99856287206e-06, 5.22243090018e-06, 5.10964810019e-06, 5.57193516215e-06, 4.23892424806e-06, 3.28208056999e-06, 4.85536202177e-06, 5.16691625307e-06, 4.62105936094e-06, 5.2804398365e-06, 3.27799421029e-06, 1.91790513782e-06, 1.56062435508e-06, 1.55651741807e-06, 1.151250558e-06, 6.36926188236e-07, 3.92694630591e-07, 2.78522719555e-07, 1.8323979134e-07, 1.68802870348e-07, 1.28359317841e-07, 1.13705723948e-07, 7.83099594059e-08, 6.34593959603e-08, 5.33195034791e-08, 4.08056486378e-08, 3.93025274548e-08, 1.84446289353e-08, 1.39652445164e-09, 5.808289405e-10, 5.47703382647e-10, 5.30758104134e-10, 5.16314213606e-10, 5.03727559664e-10, 4.93171226079e-10, 4.8290305088e-10, 4.75233075115e-10, 4.66868044224e-10, 4.6083489802e-10, 4.57270749044e-10, 4.5485096245e-10]
    },
    "mfcc": {
        "mean": [-631.555236816, 142.442199707, -8.80197238922, 29.1285076141, 1.28822207451, 8.41035079956, 3.57062363625, 1.25320768356, -1.99289536476, 10.3143548965, -7.81313037872, -1.60266506672, -6.06230783463],
        "cov": [[2657.4921875, -1487.87939453, -409.170806885, 102.210426331, -159.897781372, -253.431991577, -138.905273438, 69.6216964722, 17.2432193756, -52.2896690369, 91.8978652954, 64.757598877, -34.365234375], [-1487.87939453, 1614.72033691, 24.3859462738, -175.235488892, 19.7017307281, 114.730491638, 127.499610901, -71.1438522339, -35.4153709412, 86.1523132324, -51.6031761169, -25.172958374, 29.7347393036], [-409.170806885, 24.3859462738, 541.853271484, -31.5079097748, 33.9797973633, 77.5144195557, -45.4161720276, 14.9289550781, -20.7118186951, -49.8502120972, 7.14482593536, -4.57831907272, -2.5806427002], [102.210426331, -175.235488892, -31.5079097748, 267.338256836, 47.7404060364, -52.6152153015, -72.06615448, 19.1928634644, 16.7630710602, -52.9940643311, 8.62710952759, 32.3833312988, 1.37472367287], [-159.897781372, 19.7017307281, 33.9797973633, 47.7404060364, 165.080245972, -4.03997945786, -54.9036712646, 10.7909641266, 20.5148563385, -48.0374794006, -4.68095207214, 0.866325616837, 9.43401622772], [-253.431991577, 114.730491638, 77.5144195557, -52.6152153015, -4.03997945786, 154.18637085, 76.0690078735, -7.74780893326, -3.24603962898, 29.6830596924, 4.11446428299, -20.1919441223, -0.417715191841], [-138.905273438, 127.499610901, -45.4161720276, -72.06615448, -54.9036712646, 76.0690078735, 224.301239014, -18.9701843262, -35.0190963745, 84.6413497925, -40.0507507324, -17.0743980408, 12.410323143], [69.6216964722, -71.1438522339, 14.9289550781, 19.1928634644, 10.7909641266, -7.74780893326, -18.9701843262, 85.5800933838, 28.8582324982, -28.3881950378, 21.135799408, 3.38065981865, -6.03743743896], [17.2432193756, -35.4153709412, -20.7118186951, 16.7630710602, 20.5148563385, -3.24603962898, -35.0190963745, 28.8582324982, 97.4496612549, 21.3715839386, 15.2601985931, -24.8343257904, -8.41934680939], [-52.2896690369, 86.1523132324, -49.8502120972, -52.9940643311, -48.0374794006, 29.6830596924, 84.6413497925, -28.3881950378, 21.3715839386, 182.586135864, -20.0321025848, -39.1566390991, -14.8400745392], [91.8978652954, -51.6031761169, 7.14482593536, 8.62710952759, -4.68095207214, 4.11446428299, -40.0507507324, 21.135799408, 15.2601985931, -20.0321025848, 98.3309783936, 23.5412940979, -9.16183948517], [64.757598877, -25.172958374, -4.57831907272, 32.3833312988, 0.866325616837, -20.1919441223, -17.0743980408, 3.38065981865, -24.8343257904, -39.1566390991, 23.5412940979, 105.298294067, 28.3621101379], [-34.365234375, 29.7347393036, -2.5806427002, 1.37472367287, 9.43401622772, -0.417715191841, 12.410323143, -6.03743743896, -8.41934680939, -14.8400745392, -9.16183948517, 28.3621101379, 80.3349304199]],
        "icov": [[0.00128036853857, 0.0010930079734, 0.000815188686829, 0.000464739568997, 0.000887345056981, 0.000877950980794, 0.00034573985613, -0.000341253209626, 0.000368412700482, -6.14480450167e-05, -0.000513259787112, -0.000236103500356, 3.47674031218e-05], [0.0010930079734, 0.00166481197812, 0.00071970600402, 0.000777257082518, 0.000443176919362, 0.000404151825933, 0.00019286236784, 7.09447995177e-05, 0.000407809537137, -0.000223580515012, -0.000258972024312, -0.000268704781774, -0.000146459904499], [0.000815188686829, 0.00071970600402, 0.00280509097502, 0.000603782886174, 0.00034444819903, -0.00112295069266, 0.00136309408117, -0.000874989898875, 0.00119836919475, 0.000200656228117, 2.45594892476e-05, -1.28462042994e-05, 9.4807919595e-06], [0.000464739568997, 0.000777257082518, 0.000603782886174, 0.00494469515979, -0.000721269228961, 0.000879941042513, 0.000741108960938, -0.000301240273984, -0.000462722382508, 0.000462955853436, 0.000326343084453, -0.001398434164, 0.00036600191379], [0.000887345056981, 0.000443176919362, 0.00034444819903, -0.000721269228961, 0.00826836843044, -0.000226879608817, 0.00162941857707, -0.000258757121628, -0.00140197318979, 0.00159901683219, 0.000976423209067, 0.000225700146984, -0.000824245274998], [0.000877950980794, 0.000404151825933, -0.00112295069266, 0.000879941042513, -0.000226879608817, 0.0105953300372, -0.0038618305698, 0.000799255969469, -0.000927888846491, 0.000176837376785, -0.00286488910206, 0.00106733036228, 0.000145104233525], [0.00034573985613, 0.00019286236784, 0.00136309408117, 0.000741108960938, 0.00162941857707, -0.0038618305698, 0.00887451134622, -0.00210029282607, 0.00363414711319, -0.00305954855867, 0.00260095391423, -3.90043642255e-05, -0.00150652404409], [-0.000341253209626, 7.09447995177e-05, -0.000874989898875, -0.000301240273984, -0.000258757121628, 0.000799255969469, -0.00210029282607, 0.01545400545, -0.0056810034439, 0.0031693354249, -0.00202823360451, -0.000441726704594, 0.00123994611204], [0.000368412700482, 0.000407809537137, 0.00119836919475, -0.000462722382508, -0.00140197318979, -0.000927888846491, 0.00363414711319, -0.0056810034439, 0.0159290246665, -0.00406318483874, -0.00181391171645, 0.00369001622312, -0.00136627047323], [-6.14480450167e-05, -0.000223580515012, 0.000200656228117, 0.000462955853436, 0.00159901683219, 0.000176837376785, -0.00305954855867, 0.0031693354249, -0.00406318483874, 0.00893770251423, 0.000327265646774, 0.00118213321548, 0.00142414448783], [-0.000513259787112, -0.000258972024312, 2.45594892476e-05, 0.000326343084453, 0.000976423209067, -0.00286488910206, 0.00260095391423, -0.00202823360451, -0.00181391171645, 0.000327265646774, 0.013579076156, -0.00378100178204, 0.00194156891666], [-0.000236103500356, -0.000268704781774, -1.28462042994e-05, -0.001398434164, 0.000225700146984, 0.00106733036228, -3.90043642255e-05, -0.000441726704594, 0.00369001622312, 0.00118213321548, -0.00378100178204, 0.0136294420809, -0.00466411095113], [3.47674031218e-05, -0.000146459904499, 9.4807919595e-06, 0.00036600191379, -0.000824245274998, 0.000145104233525, -0.00150652404409, 0.00123994611204, -0.00136627047323, 0.00142414448783, 0.00194156891666, -0.00466411095113, 0.0149224484339]]
    },
    "spectral_contrast_coeffs": {
        "max": [-0.450936079025, -0.442839682102, -0.499271303415, -0.54637748003, -0.556434631348, -0.605502128601],
        "mean": [-0.706392943859, -0.720421135426, -0.719179272652, -0.748860061169, -0.767391204834, -0.737973928452],
        "min": [-0.873372673988, -0.908600628376, -0.890018224716, -0.904561400414, -0.883524477482, -0.862721681595],
        "stdev": [0.0695460215211, 0.0709671825171, 0.0660118162632, 0.0550360828638, 0.0488097928464, 0.0416071563959]
    },
    "spectral_contrast_valleys": {
        "max": [-4.88685560226, -4.80639314651, -5.53454065323, -5.93136024475, -5.78839349747, -7.7038397789],
        "mean": [-6.25419664383, -6.61991214752, -7.4194521904, -7.58223772049, -7.54968547821, -10.7928371429],
        "min": [-8.72239398956, -8.52769756317, -9.18818473816, -9.37552261353, -9.65245914459, -12.6889772415],
        "stdev": [0.464759230614, 0.531102895737, 0.494661509991, 0.488612145185, 0.725455582142, 0.917027294636]
    }
},
"rhythm": {
    "beats_count": 79,
    "beats_loudness": {
        "max": 0.0700287222862,
        "mean": 0.0361318811774,
        "min": 0.0110034327954,
        "stdev": 0.0144320614636
    },
    "bpm": 93.0843582153,
    "bpm_histogram_first_peak_bpm": 92,
    "bpm_histogram_first_peak_weight": 0.636363625526,
    "bpm_histogram_second_peak_bpm": 115,
    "bpm_histogram_second_peak_spread": 0.400000035763,
    "bpm_histogram_second_peak_weight": 0.0769230797887,
    "danceability": 1.12629127502,
    "onset_rate": 2.37890625,
    "beats_loudness_band_ratio": {
        "max": [0.889313101768, 0.673985660076, 0.566953659058, 0.648626506329, 0.424287259579, 0.243702501059],
        "mean": [0.444937199354, 0.236436605453, 0.156988054514, 0.123914673924, 0.0821270570159, 0.055890519172],
        "min": [0.0588383711874, 0.0279004219919, 0.0180997308344, 0.00879368931055, 0.0018192428397, 0.00013178352674],
        "stdev": [0.240753516555, 0.15076495707, 0.111621439457, 0.131444007158, 0.0927817821503, 0.0560857616365]
    },
