{
"metadata": {
    "version": {
        "essentia": "2.1-beta5",
        "essentia_git_sha": "Undefined",
        "extractor": "music 2.0"
    },
    "audio_properties": {
        "analysis": {
            "equal_loudness": 0,
            "length": 48.7502937317,
            "sample_rate": 44100,
            "start_time": 110.248344421,
            "downmix": "mix"
        },
        "bit_rate": 192000,
        "length": 212.439376831,
        "lossless": 0,
        "number_channels": 2,
        "replay_gain": -1.34999465942,
        "sample_rate": 48000,
        "codec": "mp3",
        "md5_encoded": "88b792070f6d5263096ce701387fbdee"
    },
    "tags": {
        "file_name": "Spain_Ella No Es Ella_Alejandro Abad.mp3",
        "encoding": ["Lavf58.29.100"]
    }
},
"lowlevel": {
    "average_loudness": 0.961193740368,
    "barkbands_crest": {
        "max": 21.2576713562,
        "mean": 8.72927761078,
        "min": 2.68490147591,
        "stdev": 3.30573177338
    },
    "barkbands_flatness_db": {
        "max": 0.262348234653,
        "mean": 0.134016290307,
        "min": 0.0407712087035,
        "stdev": 0.0373324677348
    },
    "barkbands_kurtosis": {
        "max": 49.3463439941,
        "mean": 2.30319881439,
        "min": -1.8838545084,
        "stdev": 4.35867738724
    },
    "barkbands_skewness": {
        "max": 6.41224145889,
        "mean": 1.27175736427,
        "min": -2.6269056797,
        "stdev": 0.963520348072
    },
    "barkbands_spread": {
        "max": 95.9072418213,
        "mean": 22.5921401978,
        "min": 2.82096028328,
        "stdev": 13.1445856094
    },
    "dissonance": {
        "max": 0.499998956919,
        "mean": 0.456142783165,
        "min": 0.311746150255,
        "stdev": 0.0284165795892
    },
    "dynamic_complexity": 1.98050892353,
    "erbbands_crest": {
        "max": 24.9287471771,
        "mean": 8.55215835571,
        "min": 2.46928715706,
        "stdev": 3.40944314003
    },
    "erbbands_flatness_db": {
        "max": 0.273762643337,
        "mean": 0.171716317534,
        "min": 0.0706349536777,
        "stdev": 0.0363268554211
    },
    "erbbands_kurtosis": {
        "max": 21.9720954895,
        "mean": 0.0392047129571,
        "min": -1.78789722919,
        "stdev": 1.39086520672
    },
    "erbbands_skewness": {
        "max": 2.48389291763,
        "mean": 0.23873282969,
        "min": -4.04971885681,
        "stdev": 0.674389779568
    },
    "erbbands_spread": {
        "max": 124.976020813,
        "mean": 38.0974464417,
        "min": 9.45212841034,
        "stdev": 16.5607089996
    },
    "hfc": {
        "max": 224.50894165,
        "mean": 24.642534256,
        "min": 0.240223556757,
        "stdev": 19.8838672638
    },
    "loudness_ebu128": {
        "integrated": -21.837059021,
        "loudness_range": 2.14282226562,
        "momentary": {
            "max": -18.7279033661,
            "mean": -22.1864395142,
            "min": -31.7652263641,
            "stdev": 1.9324003458
        },
        "short_term": {
            "max": -20.3119411469,
            "mean": -21.9971961975,
            "min": -25.9397907257,
            "stdev": 0.965734958649
        }
    },
    "melbands_crest": {
        "max": 30.5512332916,
        "mean": 12.0378828049,
        "min": 2.8664162159,
        "stdev": 4.30269622803
    },
    "melbands_flatness_db": {
        "max": 0.330665946007,
        "mean": 0.170295804739,
        "min": 0.0373488329351,
        "stdev": 0.0511044748127
    },
    "melbands_kurtosis": {
        "max": 80.8106079102,
        "mean": 7.82794952393,
        "min": -1.75633907318,
        "stdev": 9.07479763031
    },
    "melbands_skewness": {
        "max": 6.85709381104,
        "mean": 2.15567421913,
        "min": -0.497771978378,
        "stdev": 1.1261895895
    },
    "melbands_spread": {
        "max": 209.979095459,
        "mean": 27.4016857147,
        "min": 2.99158191681,
        "stdev": 20.9942150116
    },
    "pitch_salience": {
        "max": 0.897903084755,
        "mean": 0.600686371326,
        "min": 0.229649275541,
        "stdev": 0.0916067585349
    },
    "silence_rate_20dB": {
        "max": 1,
        "mean": 1,
        "min": 1,
        "stdev": 0
    },
    "silence_rate_30dB": {
        "max": 1,
        "mean": 1,
        "min": 1,
        "stdev": 0
    },
    "silence_rate_60dB": {
        "max": 1,
        "mean": 0.0233222283423,
        "min": 0,
        "stdev": 0.150928661227
    },
    "spectral_centroid": {
        "max": 4988.48583984,
        "mean": 1342.66345215,
        "min": 331.813079834,
        "stdev": 650.978637695
    },
    "spectral_complexity": {
        "max": 56,
        "mean": 20.6178016663,
        "min": 0,
        "stdev": 8.90325641632
    },
    "spectral_decrease": {
        "max": -1.28090385521e-10,
        "mean": -6.17905859812e-09,
        "min": -2.6795081709e-08,
        "stdev": 3.49628237473e-09
    },
    "spectral_energy": {
        "max": 0.106730297208,
        "mean": 0.025556307286,
        "min": 0.000509643694386,
        "stdev": 0.0141722168773
    },
    "spectral_energyband_high": {
        "max": 0.0271120630205,
        "mean": 0.00108137261122,
        "min": 3.01833051708e-06,
        "stdev": 0.00210013170727
    },
    "spectral_energyband_low": {
        "max": 0.0573839396238,
        "mean": 0.00257724360563,
        "min": 1.68630740518e-05,
        "stdev": 0.0045175072737
    },
    "spectral_energyband_middle_high": {
        "max": 0.0340188853443,
        "mean": 0.00655728532001,
        "min": 1.25652713905e-05,
        "stdev": 0.00550468172878
    },
    "spectral_energyband_middle_low": {
        "max": 0.0763767138124,
        "mean": 0.0162699259818,
        "min": 0.000140847827424,
        "stdev": 0.0110261198133
    },
    "spectral_entropy": {
        "max": 8.57825183868,
        "mean": 7.54248714447,
        "min": 6.57505178452,
        "stdev": 0.377390563488
    },
    "spectral_flux": {
        "max": 0.238784715533,
        "mean": 0.0799701288342,
        "min": 0.0121164275333,
        "stdev": 0.0352054722607
    },
    "spectral_kurtosis": {
        "max": 25.4828491211,
        "mean": 4.00241184235,
        "min": -0.543777227402,
        "stdev": 2.53856468201
    },
    "spectral_rms": {
        "max": 0.0102042695507,
        "mean": 0.00478196609765,
        "min": 0.000705133599695,
        "stdev": 0.00143726996612
    },
    "spectral_rolloff": {
        "max": 11283.3984375,
        "mean": 1845.00732422,
        "min": 129.19921875,
        "stdev": 1580.93615723
    },
    "spectral_skewness": {
        "max": 3.42899727821,
        "mean": 1.467056036,
        "min": -0.0892586708069,
        "stdev": 0.43006336689
    },
    "spectral_spread": {
        "max": 10946117,
        "mean": 4445232.5,
        "min": 1691638,
        "stdev": 1499256.125
    },
    "spectral_strongpeak": {
        "max": 15.7333698273,
        "mean": 1.22163999081,
        "min": 0,
        "stdev": 1.20775318146
    },
    "zerocrossingrate": {
        "max": 0.33349609375,
        "mean": 0.0676603019238,
        "min": 0.01220703125,
        "stdev": 0.0381397120655
    },
    "barkbands": {
        "max": [0.00168902787846, 0.0260505322367, 0.0347035005689, 0.0361215919256, 0.0472675003111, 0.0381180308759, 0.0361993946135, 0.0217682346702, 0.0239674430341, 0.0180328954011, 0.0105606112629, 0.0210201945156, 0.0203133001924, 0.0156475827098, 0.0148010412231, 0.00845415797085, 0.0120327780023, 0.00903659779578, 0.00883225072175, 0.0126934926957, 0.00639654649422, 0.0107059860602, 0.006808554288, 0.00660682050511, 0.00596048729494, 0.00174123072065, 1.9824006813e-05],
        "mean": [6.10766146565e-05, 0.00080711877672, 0.000944612140302, 0.0019156539347, 0.0049199424684, 0.00414480362087, 0.0018836883828, 0.00161085242871, 0.00142979121301, 0.00090387952514, 0.00039891054621, 0.00104094936978, 0.000736787216738, 0.000727569160517, 0.000950612884481, 0.000498013978358, 0.000582006818149, 0.000429801439168, 0.000343423162121, 0.000294100085739, 0.00025577636552, 0.000219890876906, 0.000197703542653, 0.000121563956782, 0.000105809500383, 3.19834362017e-05, 1.77680057334e-08],
        "min": [2.44147344119e-07, 2.74181275017e-06, 1.45704700572e-06, 1.15637556064e-06, 3.8497037167e-05, 2.84256984742e-05, 3.60403919331e-06, 2.28444741879e-06, 1.79562994163e-06, 7.05862817085e-07, 1.07741271904e-07, 5.987486702e-07, 4.61874719804e-07, 1.36315884447e-06, 7.28371787773e-07, 6.48218644983e-07, 8.59575720824e-07, 1.12926045404e-06, 1.12559030185e-06, 8.45088038659e-07, 5.62360526146e-07, 3.77030062282e-07, 2.79467542441e-07, 3.75387884333e-07, 1.58761778835e-07, 2.54912924103e-10, 1.17456405713e-10],
        "stdev": [8.70881704031e-05, 0.00202276953496, 0.00225665257312, 0.00280678831041, 0.00538648944348, 0.00442542042583, 0.00313898967579, 0.00244504981674, 0.00228423299268, 0.00157607521396, 0.000750994251575, 0.00198991643265, 0.00153283739928, 0.00134886952583, 0.00141729065217, 0.000758048438001, 0.000764225667808, 0.000728955841623, 0.000552240235265, 0.000534283346497, 0.000532898702659, 0.000568303687032, 0.000447597616585, 0.000293482939014, 0.000330545939505, 0.000100081007986, 4.34354404888e-07]
    },
    "erbbands": {
        "max": [0.406361252069, 7.5618686676, 33.0280456543, 56.9702796936, 157.883117676, 171.570495605, 353.936676025, 411.787658691, 517.653076172, 452.476165771, 547.325500488, 599.528381348, 706.061645508, 425.818054199, 521.764526367, 949.667907715, 895.450744629, 919.415222168, 562.88067627, 703.774841309, 485.183166504, 661.05456543, 484.696899414, 372.858917236, 535.617797852, 570.189880371, 488.118164062, 457.425811768, 378.942596436, 132.330810547, 256.117584229, 155.906463623, 83.6509094238, 51.6556129456, 83.3325195312, 15.7298879623, 1.84255945683, 0.106858767569, 0.00295749912038, 0.000339571852237],
        "mean": [0.0147577822208, 0.217383116484, 1.00633633137, 3.93073058128, 12.758564949, 14.2780361176, 27.0319404602, 32.6924247742, 30.7363090515, 26.9357910156, 39.648399353, 31.5389728546, 33.4582099915, 24.6822338104, 23.0401420593, 43.8763961792, 35.0424728394, 40.463973999, 43.4080734253, 40.7539253235, 33.0584564209, 28.9068984985, 23.9610500336, 19.7946662903, 17.3746299744, 13.9478263855, 11.1879453659, 9.75895881653, 7.77000379562, 6.44333219528, 5.87623786926, 2.89818096161, 1.86024212837, 1.05165088177, 0.906140625477, 0.257514357567, 0.0356014892459, 0.00140396226197, 6.1118575104e-05, 3.61746715498e-05],
        "min": [0.000138006347697, 0.000972603156697, 0.00236173160374, 0.0065137478523, 0.0242666453123, 0.0999030098319, 0.16963724792, 0.175141721964, 0.0838575288653, 0.080713391304, 0.0853701084852, 0.0493194423616, 0.0281830951571, 0.0279279518872, 0.0142362555489, 0.0239093918353, 0.0178268905729, 0.0544008053839, 0.0665806829929, 0.0336953103542, 0.0351432003081, 0.0629562288523, 0.0712602585554, 0.0773094594479, 0.0685939565301, 0.0370848253369, 0.0212773047388, 0.0265666339546, 0.0173381306231, 0.00970765948296, 0.00858259759843, 0.00633365567774, 0.00440976768732, 0.00210384163074, 0.00101898028515, 0.000261011475231, 1.89386919374e-05, 1.07169103103e-06, 7.52242897306e-07, 6.32168394077e-07],
        "stdev": [0.0320434719324, 0.569408774376, 2.41115808487, 5.54441261292, 17.427778244, 19.3805770874, 35.0895767212, 41.3075408936, 44.7534332275, 46.8140029907, 58.9477272034, 52.5952796936, 58.7628364563, 37.169467926, 32.9297637939, 90.0545120239, 70.4848861694, 71.6281967163, 60.7252197266, 70.6781845093, 44.0796089172, 37.70703125, 36.5458679199, 32.739200592, 28.6033935547, 24.8223648071, 23.6504859924, 25.1213378906, 21.2184009552, 12.5097522736, 14.6117782593, 7.27834558487, 4.13613891602, 2.41422486305, 3.96677541733, 0.856411337852, 0.110296927392, 0.00470985798165, 0.000152327629621, 2.56351522694e-05]
    },
    "gfcc": {
        "mean": [11.5854921341, 95.3568344116, -138.584442139, 31.617477417, -75.0313720703, 7.64149856567, -54.5406188965, 1.46605789661, -27.0293445587, -2.01619338989, -15.7456197739, -4.17867183685, -6.6016535759],
        "cov": [[2335.50024414, -779.33215332, -68.6463851929, -17.040140152, 17.3503952026, 202.883422852, -37.1066436768, 161.059356689, -148.771270752, 157.091705322, -174.007232666, 89.2053985596, -139.481826782], [-779.33215332, 1262.75036621, -354.69329834, -124.350234985, 149.231750488, -215.358337402, 155.621734619, -147.349395752, 147.179168701, -240.411895752, 208.10774231, -193.90536499, 36.8402709961], [-68.6463851929, -354.69329834, 602.907592773, 96.6449813843, -88.395690918, 72.7573394775, -96.0587692261, 70.5145263672, -80.0302047729, 92.6891326904, -92.2025604248, 73.7374343872, -63.6693763733], [-17.040140152, -124.350234985, 96.6449813843, 361.859954834, 7.68511819839, -1.96250212193, 2.09925127029, -8.88910579681, 33.561882019, -8.25876617432, 9.88893318176, -35.484954834, 31.0282459259], [17.3503952026, 149.231750488, -88.395690918, 7.68511819839, 232.249526978, 5.35089635849, 21.674659729, 31.9716510773, -4.40063905716, 27.485206604, 18.3647861481, 1.65915226936, 10.0384101868], [202.883422852, -215.358337402, 72.7573394775, -1.96250212193, 5.35089635849, 192.250762939, 38.4829826355, 27.1244087219, -32.0965995789, 57.8068237305, -35.3867416382, 43.4413757324, -4.4004611969], [-37.1066436768, 155.621734619, -96.0587692261, 2.09925127029, 21.674659729, 38.4829826355, 158.379959106, 8.50137138367, 8.08618450165, -15.1021785736, 42.1894569397, -12.179192543, 18.1699466705], [161.059356689, -147.349395752, 70.5145263672, -8.88910579681, 31.9716510773, 27.1244087219, 8.50137138367, 125.062438965, -12.5096511841, 60.1946640015, -29.4351825714, 38.5971298218, -11.8600625992], [-148.771270752, 147.179168701, -80.0302047729, 33.561882019, -4.40063905716, -32.0965995789, 8.08618450165, -12.5096511841, 122.248947144, -24.470533371, 27.0619754791, -40.4783210754, 23.7941074371], [157.091705322, -240.411895752, 92.6891326904, -8.25876617432, 27.485206604, 57.8068237305, -15.1021785736, 60.1946640015, -24.470533371, 153.756851196, -17.0101032257, 65.5194320679, -4.46261739731], [-174.007232666, 208.10774231, -92.2025604248, 9.88893318176, 18.3647861481, -35.3867416382, 42.1894569397, -29.4351825714, 27.0619754791, -17.0101032257, 121.912139893, -13.1238880157, 19.5235042572], [89.2053985596, -193.90536499, 73.7374343872, -35.484954834, 1.65915226936, 43.4413757324, -12.179192543, 38.5971298218, -40.4783210754, 65.5194320679, -13.1238880157, 121.597198486, 17.49335289], [-139.481826782, 36.8402709961, -63.6693763733, 31.0282459259, 10.0384101868, -4.4004611969, 18.1699466705, -11.8600625992, 23.7941074371, -4.46261739731, 19.5235042572, 17.49335289, 103.181121826]],
        "icov": [[0.000814799626824, -5.40015898878e-05, 0.00100328365806, -0.000554636935703, 0.000423974910518, -0.000714784720913, 0.000521674170159, -0.000928574416321, 0.000888709910214, -0.000504568452016, 0.000863691209815, -0.000385275954613, 0.00131141825113], [-5.40015898878e-05, 0.00665755523369, -0.0030836306978, 0.00482654431835, -0.00604704581201, 0.00454142456874, -0.0059818062, 0.00444183312356, -0.00504326634109, 0.00593055319041, -0.00601268326864, 0.0051166722551, -0.00176860962529], [0.00100328365806, -0.0030836306978, 0.00569727132097, -0.00411251280457, 0.00449528219178, -0.00348890898749, 0.00471365917474, -0.00421727960929, 0.00452226120979, -0.00395670905709, 0.00441432697698, -0.0037592574954, 0.00389667600393], [-0.000554636935703, 0.00482654431835, -0.00411251280457, 0.00733848009259, -0.00515315169469, 0.00363989174366, -0.00489910272881, 0.00406755646691, -0.00501092150807, 0.00460648722947, -0.00526022072881, 0.0055591952987, -0.00382311549038], [0.000423974910518, -0.00604704581201, 0.00449528219178, -0.00515315169469, 0.0108836442232, -0.00461505400017, 0.00591288460419, -0.00621198024601, 0.00600118050352, -0.00666094198823, 0.00515789864585, -0.0042813657783, 0.0021226729732], [-0.000714784720913, 0.00454142456874, -0.00348890898749, 0.00363989174366, -0.00461505400017, 0.0111180907115, -0.00773416366428, 0.0049375849776, -0.00377365760505, 0.00219986145385, -0.00220451550558, 0.00230011949316, -0.00198999512941], [0.000521674170159, -0.0059818062, 0.00471365917474, -0.00489910272881, 0.00591288460419, -0.00773416366428, 0.0149340163916, -0.00723018776625, 0.00593190826476, -0.00409973599017, 0.00236878707074, -0.00350688421167, 0.00145793368574], [-0.000928574416321, 0.00444183312356, -0.00421727960929, 0.00406755646691, -0.00621198024601, 0.0049375849776, -0.00723018776625, 0.0159432813525, -0.00579107552767, 0.0011650447268, -0.00190111296251, 0.00146361184306, -0.00124854489695], [0.000888709910214, -0.00504326634109, 0.00452226120979, -0.00501092150807, 0.00600118050352, -0.00377365760505, 0.00593190826476, -0.00579107552767, 0.0156552921981, -0.00534113310277, 0.00388974510133, -0.00074772228254, 0.000393970141886], [-0.000504568452016, 0.00593055319041, -0.00395670905709, 0.00460648722947, -0.00666094198823, 0.00219986145385, -0.00409973599017, 0.0011650447268, -0.00534113310277, 0.0162976067513, -0.00698139844462, 0.00106321938802, -0.00195131625514], [0.000863691209815, -0.00601268326864, 0.00441432697698, -0.00526022072881, 0.00515789864585, -0.00220451550558, 0.00236878707074, -0.00190111296251, 0.00388974510133, -0.00698139844462, 0.0177878197283, -0.00631581945345, 0.00289472425357], [-0.000385275954613, 0.0051166722551, -0.0037592574954, 0.0055591952987, -0.0042813657783, 0.00230011949316, -0.00350688421167, 0.00146361184306, -0.00074772228254, 0.00106321938802, -0.00631581945345, 0.0184569004923, -0.0067544542253], [0.00131141825113, -0.00176860962529, 0.00389667600393, -0.00382311549038, 0.0021226729732, -0.00198999512941, 0.00145793368574, -0.00124854489695, 0.000393970141886, -0.00195131625514, 0.00289472425357, -0.0067544542253, 0.0153806796297]]
    },
    "melbands": {
        "max": [0.0045824595727, 0.0133912982419, 0.0124138016254, 0.0121389301494, 0.0103080468252, 0.0085885701701, 0.00813558418304, 0.00524398265406, 0.00427692849189, 0.00408446183428, 0.00352346524596, 0.00191376206931, 0.00153432250954, 0.00274001760408, 0.00191309885122, 0.00281976209953, 0.00187054206617, 0.000808306096587, 0.00160344713368, 0.000628353154752, 0.000569376570638, 0.000912200019229, 0.000358362944098, 0.00042281410424, 0.000327094690874, 0.000464499345981, 0.000284507783363, 0.000467198377009, 0.000381956080673, 0.000150409978232, 0.000376203272026, 0.000289444433292, 9.0925663244e-05, 8.23867521831e-05, 0.000204380106879, 7.66138837207e-05, 0.000108104730316, 6.2959974457e-05, 4.23045567004e-05, 4.39755822299e-05],
        "mean": [0.000180853719939, 0.000466347730253, 0.000947012391407, 0.00101300596725, 0.000848966126796, 0.00074070377741, 0.00047128109145, 0.000298001803458, 0.000309275608743, 0.000197139233933, 0.000163684686413, 9.89733234746e-05, 6.58263525111e-05, 0.000126202314277, 7.68017343944e-05, 7.99590707175e-05, 7.15093119652e-05, 6.48371715215e-05, 6.46642874926e-05, 3.97064213757e-05, 4.00057033403e-05, 3.11449111905e-05, 2.35627321672e-05, 2.20522433665e-05, 1.49975758177e-05, 1.32725435833e-05, 1.08006415758e-05, 8.89502098289e-06, 7.50887511458e-06, 5.36832703801e-06, 5.9475460148e-06, 4.68323059977e-06, 3.65637674804e-06, 3.44582576872e-06, 3.90669492845e-06, 2.09003883356e-06, 1.63544723364e-06, 1.3469239093e-06, 1.06257743937e-06, 7.80042796578e-07],
        "min": [1.64619814313e-06, 1.45506464833e-06, 1.78384095761e-06, 5.28503187525e-06, 5.92257993048e-06, 4.41257270722e-06, 1.1968805893e-06, 4.21303781195e-07, 5.13733823482e-07, 2.57510919255e-07, 1.2731931065e-07, 8.56995683307e-08, 2.64146180484e-08, 6.85398333644e-08, 2.9957469394e-08, 4.93687828396e-08, 7.52628608325e-08, 1.18430001805e-07, 5.26551922064e-08, 5.03963235587e-08, 3.7619372506e-08, 4.03421083206e-08, 6.62708643517e-08, 5.33722790408e-08, 2.55650736136e-08, 5.04297652526e-08, 2.78967924316e-08, 2.16880895465e-08, 1.16103908709e-08, 1.48870471506e-08, 1.37112428078e-08, 8.52652171091e-09, 5.13234743593e-09, 5.29841992503e-09, 4.47660886138e-09, 3.29452309877e-09, 3.94187171793e-09, 2.63804844636e-09, 2.1897696989e-09, 2.65208670996e-11],
        "stdev": [0.000403371057473, 0.0010466951644, 0.00114038633183, 0.00130084238481, 0.00103681732435, 0.000883503293153, 0.000679058313835, 0.000474522938021, 0.000454207853181, 0.000333433185006, 0.000292896758765, 0.000160890369443, 0.000110643530206, 0.000238235006691, 0.000152870357851, 0.000167706806678, 0.000137949318741, 0.00010071403085, 0.00010861595365, 6.64542021696e-05, 5.55886545044e-05, 4.52641397715e-05, 3.29305657942e-05, 4.20419528382e-05, 2.65635735559e-05, 2.25316452998e-05, 1.8781334802e-05, 1.78109803528e-05, 1.68298920471e-05, 1.10017444968e-05, 1.83201700565e-05, 1.46235497596e-05, 7.83632094681e-06, 6.74527336741e-06, 1.10780056275e-05, 4.90538377562e-06, 4.49369281341e-06, 3.05184676108e-06, 2.33979085351e-06, 1.88498711395e-06]
    },
    "melbands128": {
        "max": [0.00109898438677, 0.0034397742711, 0.00523855630308, 0.0159050375223, 0.017647286877, 0.0172337479889, 0.0134278973565, 0.0233375169337, 0.0184704065323, 0.0179010611027, 0.0128605272621, 0.0133730303496, 0.0175944399089, 0.013442014344, 0.0109416488558, 0.0178682971746, 0.0123473666608, 0.0154386684299, 0.00878984294832, 0.00816230755299, 0.00714067835361, 0.00874611735344, 0.00707854237407, 0.00530150020495, 0.00529317930341, 0.0058778016828, 0.00713649298996, 0.00682807061821, 0.00300908787176, 0.0038283073809, 0.00194143503904, 0.00195588893257, 0.00227165827528, 0.003146213945, 0.0027806411963, 0.00569392787293, 0.00471389340237, 0.00346135301515, 0.00336152431555, 0.00477154599503, 0.00537163997069, 0.00297797820531, 0.00422130944207, 0.00207029259764, 0.00166975450702, 0.00159011862706, 0.00205864873715, 0.00351844076067, 0.00283689517528, 0.00182062317617, 0.000997743452899, 0.00173311587423, 0.00123630661983, 0.000972101755906, 0.00139157252852, 0.00126462883782, 0.000828707183246, 0.000654725648928, 0.000478132511489, 0.000729442399461, 0.000832060235552, 0.000557249877602, 0.000700681295712, 0.000314687931677, 0.000287570379442, 0.000467971258331, 0.000825395109132, 0.00037244008854, 0.000326994922943, 0.000286091875751, 0.000513249251526, 0.000557616294827, 0.000633101328276, 0.000291680742521, 0.000311406358378, 0.000181134280865, 0.000235376923229, 0.000229314871831, 0.000465560151497, 0.000759359681979, 0.000458705035271, 0.000156935318955, 0.000106229141238, 0.000120284938021, 9.97522947728e-05, 0.000128871397465, 6.68094944558e-05, 0.00018989983073, 0.000308436516207, 0.00014804219245, 0.00010529607971, 7.13344343239e-05, 0.000112227186037, 0.000106721388875, 0.000133495646878, 4.76135210192e-05, 6.77298667142e-05, 8.22838919703e-05, 3.85117782571e-05, 3.83864571631e-05, 5.14944949828e-05, 4.26244696428e-05, 4.03598314733e-05, 3.81586360163e-05, 0.000271073571639, 6.68370703352e-05, 2.11566966755e-05, 2.1254627427e-05, 3.75395684387e-05, 3.00011342915e-05, 1.20302547657e-05, 6.78595233694e-06, 7.4178842624e-06, 4.46460444437e-06, 3.85616158383e-06, 2.46458398578e-07, 9.57561425707e-08, 9.26497776277e-08, 9.01484469296e-08, 8.77179786585e-08, 8.5669363159e-08, 8.37349745098e-08, 8.21617618385e-08, 8.06974114198e-08, 7.95056180891e-08, 7.85877389831e-08, 7.78667867962e-08, 7.74326451847e-08],
        "mean": [4.03471312893e-05, 9.0462352091e-05, 0.000211905848118, 0.000402754492825, 0.00047870047274, 0.000467042002128, 0.000699410040397, 0.00105763936881, 0.00141245196573, 0.00112001772504, 0.000655346899293, 0.00074422248872, 0.00111773889512, 0.000685695384163, 0.000635600998066, 0.000957955664489, 0.000515406951308, 0.000414295966038, 0.000345672393451, 0.000299312028801, 0.000225283176405, 0.000413517380366, 0.000329977076035, 0.000199378453544, 0.000204962154385, 0.000161837291671, 0.000260695640463, 0.000164027427672, 7.80900954851e-05, 0.000134606918436, 8.99698643479e-05, 6.04482811468e-05, 7.59155082051e-05, 3.88590051443e-05, 0.000120712538774, 0.00016917118046, 0.000125165330246, 3.52797069354e-05, 8.52073426358e-05, 7.93118670117e-05, 6.1862047005e-05, 0.000107198924525, 7.76784800109e-05, 5.38784370292e-05, 4.62351963506e-05, 6.96012430126e-05, 8.62295419211e-05, 5.88653820159e-05, 5.77715873078e-05, 6.59600700601e-05, 2.60831075138e-05, 2.45944847848e-05, 4.74338048662e-05, 4.11186119891e-05, 4.170552711e-05, 2.59088701569e-05, 2.53343750956e-05, 3.15247270919e-05, 1.92544193851e-05, 1.64251632668e-05, 2.76280716207e-05, 2.00149042939e-05, 1.68320239027e-05, 1.30517437356e-05, 1.35449781737e-05, 1.23424642879e-05, 1.49348788909e-05, 1.13300275189e-05, 9.85704082268e-06, 9.80039476417e-06, 8.8880324256e-06, 8.77960883372e-06, 7.53186668589e-06, 8.30464887258e-06, 5.85407042308e-06, 5.56402892471e-06, 4.75509932585e-06, 5.26676512891e-06, 6.57261625747e-06, 6.17998375674e-06, 5.33287538929e-06, 3.88921125705e-06, 3.36746393259e-06, 3.61769025403e-06, 4.02759087592e-06, 3.36740981766e-06, 2.98377563013e-06, 3.938914233e-06, 4.93715015182e-06, 3.0634819268e-06, 2.1882258352e-06, 1.91492995327e-06, 1.71863007381e-06, 1.65752624071e-06, 1.59363639796e-06, 1.35142840918e-06, 1.33010303216e-06, 1.27880321088e-06, 1.04399725842e-06, 9.83338281912e-07, 9.15797443213e-07, 7.11740312909e-07, 6.62985769395e-07, 8.07715764495e-07, 1.8403801505e-06, 8.80584991592e-07, 4.35672149024e-07, 4.88978344038e-07, 5.08877292305e-07, 3.38331943794e-07, 1.98273880869e-07, 1.35835890092e-07, 7.84115457009e-08, 4.65421017282e-08, 1.5687779964e-08, 1.87195148271e-09, 3.43016920423e-10, 5.09812470018e-11, 4.9384735884e-11, 4.80518472235e-11, 4.69138651538e-11, 4.58778674772e-11, 4.50359922965e-11, 4.42188542726e-11, 4.34100845548e-11, 4.26107968354e-11, 4.2061576444e-11, 4.18056492202e-11],
        "min": [5.60760184953e-08, 4.22711082138e-07, 2.22329305188e-07, 6.55082956769e-08, 1.82651959335e-07, 6.21651167876e-07, 3.7952898424e-07, 8.70505516559e-07, 1.07555877094e-06, 3.38579582149e-08, 5.76202467073e-07, 1.14344402391e-06, 2.26894258049e-06, 1.91410799744e-06, 2.29230658988e-06, 4.43927945071e-07, 4.11301698477e-07, 1.80035812036e-07, 9.30710157832e-08, 1.41964600076e-08, 6.32863219607e-08, 2.94152044944e-07, 1.77318710826e-07, 9.95712596819e-08, 7.21407360516e-08, 1.64699173411e-07, 1.60228012192e-07, 6.331075042e-08, 3.43600135011e-08, 7.03668021629e-08, 4.12956104867e-08, 2.28515837364e-08, 1.26926895661e-08, 1.96225080629e-08, 6.03266059329e-08, 3.93070251903e-08, 2.02280165951e-08, 9.13824749205e-09, 5.55321078011e-09, 1.30055095582e-08, 1.67036358079e-08, 1.02449639883e-08, 1.6204758424e-08, 3.7615414783e-08, 6.13145019202e-08, 3.07164746971e-08, 8.58279065596e-08, 4.16097023503e-08, 1.33762085852e-08, 4.54578277242e-08, 4.39137473052e-08, 3.28598126487e-08, 3.46528707951e-08, 3.14141068714e-08, 6.08837851246e-08, 1.64849911499e-08, 2.36866917191e-08, 3.47450779259e-08, 7.84204559068e-08, 3.5771254403e-08, 2.15322408792e-08, 2.66162469842e-08, 1.43220120208e-08, 1.12165832178e-08, 2.91353217108e-08, 3.56773739441e-08, 3.55073197511e-08, 2.37186323915e-08, 1.87573956367e-08, 8.98192631382e-09, 9.21041198865e-09, 6.33636387803e-09, 7.53134266063e-09, 4.78988892993e-09, 4.17906909078e-09, 1.30586714775e-08, 6.94182533678e-09, 3.73326125569e-09, 5.49789325177e-09, 4.55480719808e-09, 7.29633109486e-09, 4.99560348644e-09, 2.70977928984e-09, 3.91915921938e-09, 3.44910677796e-09, 3.3706213376e-09, 3.13247339179e-09, 2.24660090531e-09, 3.68132813122e-09, 2.32677810352e-09, 1.91982674203e-09, 2.10176720472e-09, 2.07015027343e-09, 8.04681599131e-10, 1.80696357877e-09, 2.32188623883e-09, 1.27621613277e-09, 3.9234474003e-10, 4.48457417035e-11, 5.04703353763e-12, 3.01198540935e-12, 2.98829689292e-12, 9.75835623244e-13, 4.57497494749e-12, 2.68883283694e-11, 9.80634184966e-11, 5.29759014434e-11, 1.39752922776e-12, 1.4006151924e-12, 9.02374854526e-13, 6.08861756585e-13, 5.4821300494e-13, 3.91368496855e-13, 4.02824881741e-13, 3.5602998414e-13, 3.25283284466e-13, 4.23890686007e-13, 3.7658114474e-13, 2.53892257695e-13, 3.55963332812e-13, 3.54863518128e-13, 3.03360120227e-13, 3.58432169579e-13, 3.32167751421e-13, 2.84907432932e-13, 8.67737278516e-14, 1.3184761544e-14, 3.70511931115e-16],
        "stdev": [5.63989451621e-05, 0.000229548779316, 0.000493251602165, 0.00116857502144, 0.00136618223041, 0.0010819141753, 0.00123141799122, 0.00164692639373, 0.00223024562001, 0.00200026202947, 0.00120477459859, 0.0011181361042, 0.00169106130488, 0.00112990068737, 0.00102046458051, 0.00157417519949, 0.000931090675294, 0.00103216327261, 0.000770973332692, 0.000792426464614, 0.000465573364636, 0.000772501574829, 0.000665151805151, 0.000497933244333, 0.000518125307281, 0.000423113437137, 0.000550854485482, 0.000470283644972, 0.000165513381944, 0.000297597289318, 0.000172234780621, 0.000128876738017, 0.000177560330485, 0.00012041896116, 0.000248242809903, 0.000431182183092, 0.000366134860087, 0.000150438936544, 0.000261565088294, 0.000247829157161, 0.000234061095398, 0.000227814511163, 0.000237971718889, 0.0001619290706, 0.000132170083816, 0.000149968327605, 0.000163260439876, 0.000171022504219, 0.000152732915012, 0.000163314121892, 5.98838632868e-05, 6.55043186271e-05, 9.21345272218e-05, 8.02917711553e-05, 8.21925423224e-05, 6.37752382318e-05, 5.20811991009e-05, 5.21253496117e-05, 3.46449451172e-05, 4.14974456362e-05, 7.09676605766e-05, 4.34004214185e-05, 4.83332260046e-05, 2.39650744334e-05, 2.59426960838e-05, 2.45215469477e-05, 3.26525587298e-05, 2.36702635448e-05, 2.11227197724e-05, 2.00305530598e-05, 2.12983341044e-05, 2.18594686885e-05, 2.23881361308e-05, 1.80822917173e-05, 1.76409084816e-05, 1.08342001113e-05, 1.163392335e-05, 1.29408708744e-05, 2.24456616706e-05, 2.68005733233e-05, 1.92390143638e-05, 1.11681001727e-05, 8.6550380729e-06, 8.60012551129e-06, 8.40991469886e-06, 7.86274995335e-06, 6.08563823334e-06, 1.18154548545e-05, 1.72859927261e-05, 7.46633622839e-06, 5.42157386008e-06, 5.20382036484e-06, 4.7803587222e-06, 4.95251970278e-06, 4.9054642659e-06, 3.23985341311e-06, 3.03801039081e-06, 3.24114375871e-06, 2.46901754508e-06, 2.3099205464e-06, 2.38166626332e-06, 1.87619832559e-06, 1.71391673121e-06, 2.39490327658e-06, 1.17198878797e-05, 3.48722187482e-06, 1.19500487017e-06, 1.4392136336e-06, 1.97752683562e-06, 1.22804874536e-06, 6.18558203769e-07, 4.10300771136e-07, 3.07326132543e-07, 1.74620552684e-07, 1.0407823936e-07, 1.04286987934e-08, 2.58290611121e-09, 2.02192595999e-09, 1.96736449354e-09, 1.91433469077e-09, 1.86958648563e-09, 1.82741244359e-09, 1.79307557691e-09, 1.76109238303e-09, 1.73509717705e-09, 1.71508429681e-09, 1.69935976402e-09, 1.68989033877e-09]
    },
    "mfcc": {
        "mean": [-620.382080078, 117.705932617, -8.14503669739, 17.0408592224, -1.61385631561, -1.65000069141, -13.7594900131, -5.1526799202, -9.52965736389, -2.88627839088, -7.57884216309, -4.24943637848, -5.41389083862],
        "cov": [[2393.33276367, -615.504455566, -242.160369873, -104.984199524, -11.4287872314, 63.9493675232, 79.7502059937, 28.6885051727, 51.6429252625, 45.1501960754, 35.4046363831, 4.4024720192, 14.0674562454], [-615.504455566, 1108.16931152, -331.434173584, -38.9683189392, -41.7053833008, -94.3107452393, 13.0235271454, 43.1320877075, -98.9098052979, -4.30247449875, 14.1026859283, 31.2827186584, 3.11719179153], [-242.160369873, -331.434173584, 582.087646484, 34.8484725952, 6.83115577698, 19.9595546722, -32.9496650696, -14.7427453995, 16.8938980103, -37.1305961609, 8.62607192993, 5.79029560089, -4.55121517181], [-104.984199524, -38.9683189392, 34.8484725952, 276.543243408, 62.3058586121, -8.60261631012, -1.57566261292, -5.09505558014, -5.53961515427, 27.4427032471, -2.72245192528, -21.222858429, 5.27977228165], [-11.4287872314, -41.7053833008, 6.83115577698, 62.3058586121, 182.112518311, 2.86149954796, -0.493119478226, -22.7164726257, 17.3530197144, 12.8529901505, 7.04411792755, -22.5139122009, 5.26613044739], [63.9493675232, -94.3107452393, 19.9595546722, -8.60261631012, 2.86149954796, 146.718139648, 33.8096046448, 7.85886049271, 14.2491483688, 9.70998096466, -5.06777477264, 11.0569162369, -4.99799108505], [79.7502059937, 13.0235271454, -32.9496650696, -1.57566261292, -0.493119478226, 33.8096046448, 170.755142212, 17.0701408386, 11.115858078, -4.35612154007, 12.4859857559, 21.5065727234, 32.1984481812], [28.6885051727, 43.1320877075, -14.7427453995, -5.09505558014, -22.7164726257, 7.85886049271, 17.0701408386, 92.801940918, 6.62029933929, 0.989221870899, -2.67391896248, 1.57950508595, 2.82671308517], [51.6429252625, -98.9098052979, 16.8938980103, -5.53961515427, 17.3530197144, 14.2491483688, 11.115858078, 6.62029933929, 116.317153931, 20.4711036682, -13.9349431992, -0.0798993557692, 2.87872719765], [45.1501960754, -4.30247449875, -37.1305961609, 27.4427032471, 12.8529901505, 9.70998096466, -4.35612154007, 0.989221870899, 20.4711036682, 95.8065414429, 17.1634521484, -8.82772064209, -16.2707252502], [35.4046363831, 14.1026859283, 8.62607192993, -2.72245192528, 7.04411792755, -5.06777477264, 12.4859857559, -2.67391896248, -13.9349431992, 17.1634521484, 79.6071243286, 21.2926425934, 0.671370565891], [4.4024720192, 31.2827186584, 5.79029560089, -21.222858429, -22.5139122009, 11.0569162369, 21.5065727234, 1.57950508595, -0.0798993557692, -8.82772064209, 21.2926425934, 82.2929000854, 29.9169197083], [14.0674562454, 3.11719179153, -4.55121517181, 5.27977228165, 5.26613044739, -4.99799108505, 32.1984481812, 2.82671308517, 2.87872719765, -16.2707252502, 0.671370565891, 29.9169197083, 94.8419036865]],
        "icov": [[0.000645948923193, 0.000575375044718, 0.000551610137336, 0.000253874750342, 1.69391496456e-05, 8.02404101705e-05, -0.000190042730537, -0.000349582667695, 0.000143799145008, -0.000135140289785, -0.000338398473104, -9.63058555499e-05, -1.89331130969e-05], [0.000575375044718, 0.00181244150735, 0.00115640484728, 0.000309294700855, -2.3751081244e-05, 0.000852776051033, -0.000265584560111, -0.00092529237736, 0.00110763974953, -0.000151706044562, -0.000181858064025, -0.00081671011867, 0.000256627361523], [0.000551610137336, 0.00115640484728, 0.00270899315365, -0.000150914464029, 9.66582301771e-05, 1.45966323544e-05, 0.000314853037708, -0.000359148922144, 1.15316588563e-05, 0.00104797910899, -0.000911458628252, -0.000495830492582, 0.000260082510067], [0.000253874750342, 0.000309294700855, -0.000150914464029, 0.00432286690921, -0.0013516015606, 0.00045044219587, -0.000293301243801, -0.000349483307218, 0.000939023680985, -0.00162339163944, 0.000554597179871, 0.000536841806024, -0.000567210197914], [1.69391496456e-05, -2.3751081244e-05, 9.66582301771e-05, -0.0013516015606, 0.00663986615837, -0.000483965966851, 5.67830975342e-05, 0.00164480169769, -0.00131262326613, 0.000140887626912, -0.00148756755516, 0.00225824373774, -0.00102213385981], [8.02404101705e-05, 0.000852776051033, 1.45966323544e-05, 0.00045044219587, -0.000483965966851, 0.00811938382685, -0.00180210720282, -0.00084813014837, 0.000367677333998, -0.00124171481002, 0.00149169098586, -0.00198393920437, 0.00141859974246], [-0.000190042730537, -0.000265584560111, 0.000314853037708, -0.000293301243801, 5.67830975342e-05, -0.00180210720282, 0.00708843814209, -0.000837062660139, -0.000880788255017, 0.000835896003991, -0.00139686965849, -0.000343412160873, -0.00212296308018], [-0.000349582667695, -0.00092529237736, -0.000359148922144, -0.000349483307218, 0.00164480169769, -0.00084813014837, -0.000837062660139, 0.0119597706944, -0.00131679489277, 6.01549327257e-05, 0.000184745789738, 0.000952545262408, -0.000375303759938], [0.000143799145008, 0.00110763974953, 1.15316588563e-05, 0.000939023680985, -0.00131262326613, 0.000367677333998, -0.000880788255017, -0.00131679489277, 0.010733416304, -0.00313712283969, 0.00292888749391, -0.00137742399238, -0.000129147316329], [-0.000135140289785, -0.000151706044562, 0.00104797910899, -0.00162339163944, 0.000140887626912, -0.00124171481002, 0.000835896003991, 6.01549327257e-05, -0.00313712283969, 0.0133503405377, -0.00412167282775, 0.00140756438486, 0.00177758885548], [-0.000338398473104, -0.000181858064025, -0.000911458628252, 0.000554597179871, -0.00148756755516, 0.00149169098586, -0.00139686965849, 0.000184745789738, 0.00292888749391, -0.00412167282775, 0.0160440411419, -0.00500798225403, 0.00128163537011], [-9.63058555499e-05, -0.00081671011867, -0.000495830492582, 0.000536841806024, 0.00225824373774, -0.00198393920437, -0.000343412160873, 0.000952545262408, -0.00137742399238, 0.00140756438486, -0.00500798225403, 0.0169227942824, -0.00517368270084], [-1.89331130969e-05, 0.000256627361523, 0.000260082510067, -0.000567210197914, -0.00102213385981, 0.00141859974246, -0.00212296308018, -0.000375303759938, -0.000129147316329, 0.00177758885548, 0.00128163537011, -0.00517368270084, 0.0133775183931]]
    },
    "spectral_contrast_coeffs": {
        "max": [-0.391594320536, -0.449408501387, -0.52642250061, -0.603459358215, -0.627465426922, -0.577671527863],
        "mean": [-0.630557954311, -0.700634181499, -0.725866317749, -0.758209526539, -0.771359920502, -0.747244238853],
        "min": [-0.871201992035, -0.911215186119, -0.923918843269, -0.906173050404, -0.874774813652, -0.876808106899],
        "stdev": [0.0818700566888, 0.0708008036017, 0.0654877647758, 0.0511317774653, 0.0398566648364, 0.0460286997259]
    },
    "spectral_contrast_valleys": {
        "max": [-5.04079437256, -4.98561477661, -5.48609399796, -5.6343626976, -5.19586753845, -7.39138031006],
        "mean": [-6.96677303314, -6.63029241562, -7.41688489914, -7.45544338226, -7.44254732132, -10.1749744415],
        "min": [-9.25590801239, -8.97357368469, -10.1833734512, -9.86634254456, -9.66974639893, -12.810133934],
        "stdev": [0.589710712433, 0.564908504486, 0.615253865719, 0.576538205147, 0.642522752285, 0.96362477541]
    }
},
"rhythm": {
    "beats_count": 80,
    "beats_loudness": {
        "max": 0.0778139084578,
        "mean": 0.0340284518898,
        "min": 0.0022529233247,
        "stdev": 0.0159885548055
    },
    "bpm": 99.8829269409,
    "bpm_histogram_first_peak_bpm": 99,
    "bpm_histogram_first_peak_weight": 0.329113960266,
    "bpm_histogram_second_peak_bpm": 0,
    "bpm_histogram_second_peak_spread": 0,
    "bpm_histogram_second_peak_weight": 0,
    "danceability": 1.12275564671,
    "onset_rate": 3.814453125,
    "beats_loudness_band_ratio": {
        "max": [0.716427087784, 0.727922856808, 0.512038171291, 0.374684810638, 0.413550615311, 0.62377011776],
        "mean": [0.268848717213, 0.346129119396, 0.174520656466, 0.0951177030802, 0.102261662483, 0.0912631601095],
        "min": [0.0256579741836, 0.0647122189403, 0.00889713130891, 0.00349254650064, 0.00913304649293, 0.00618229433894],
        "stdev": [0.18488521874, 0.165495365858, 0.116097055376, 0.0772042348981, 0.0782628208399, 0.100733622909]
    },
