{
"metadata": {
    "version": {
        "essentia": "2.1-beta5",
        "essentia_git_sha": "Undefined",
        "extractor": "music 2.0"
    },
    "audio_properties": {
        "analysis": {
            "equal_loudness": 0,
            "length": 32.4963264465,
            "sample_rate": 44100,
            "start_time": 61.4980506897,
            "downmix": "mix"
        },
        "bit_rate": 192000,
        "length": 215.481185913,
        "lossless": 0,
        "number_channels": 2,
        "replay_gain": -1.88246536255,
        "sample_rate": 48000,
        "codec": "mp3",
        "md5_encoded": "24fb3c79d8c7219b2ea8d33e723cac9c"
    },
    "tags": {
        "file_name": "France_Je Suis Un Vrai Garçon_Nina Morato.mp3",
        "encoding": ["Lavf58.29.100"]
    }
},
"lowlevel": {
    "average_loudness": 0.982063412666,
    "barkbands_crest": {
        "max": 22.8817596436,
        "mean": 7.9427857399,
        "min": 2.26319217682,
        "stdev": 3.15378046036
    },
    "barkbands_flatness_db": {
        "max": 0.227584630251,
        "mean": 0.108129777014,
        "min": 0.0430180840194,
        "stdev": 0.0274546351284
    },
    "barkbands_kurtosis": {
        "max": 25.360124588,
        "mean": 0.919066429138,
        "min": -1.83153986931,
        "stdev": 2.34141731262
    },
    "barkbands_skewness": {
        "max": 4.09282922745,
        "mean": 0.888726174831,
        "min": -3.25493240356,
        "stdev": 0.905134856701
    },
    "barkbands_spread": {
        "max": 87.8782958984,
        "mean": 33.9883613586,
        "min": 3.74047398567,
        "stdev": 16.7780666351
    },
    "dissonance": {
        "max": 0.499988615513,
        "mean": 0.471505343914,
        "min": 0.358989417553,
        "stdev": 0.0209222212434
    },
    "dynamic_complexity": 1.49113130569,
    "erbbands_crest": {
        "max": 31.4175643921,
        "mean": 8.30668449402,
        "min": 2.43666625023,
        "stdev": 4.4004149437
    },
    "erbbands_flatness_db": {
        "max": 0.290121346712,
        "mean": 0.138535961509,
        "min": 0.0626990944147,
        "stdev": 0.0359055139124
    },
    "erbbands_kurtosis": {
        "max": 22.0744628906,
        "mean": 0.317749559879,
        "min": -1.6620414257,
        "stdev": 2.07508158684
    },
    "erbbands_skewness": {
        "max": 3.12915635109,
        "mean": -0.00451799482107,
        "min": -3.1202185154,
        "stdev": 0.789564669132
    },
    "erbbands_spread": {
        "max": 97.7129211426,
        "mean": 43.3145065308,
        "min": 4.38723134995,
        "stdev": 16.7096214294
    },
    "hfc": {
        "max": 238.97442627,
        "mean": 38.0067405701,
        "min": 0.780825316906,
        "stdev": 32.4091300964
    },
    "loudness_ebu128": {
        "integrated": -21.0029563904,
        "loudness_range": 1.5472278595,
        "momentary": {
            "max": -18.4425086975,
            "mean": -21.1472263336,
            "min": -24.8482379913,
            "stdev": 1.12223958969
        },
        "short_term": {
            "max": -19.8331317902,
            "mean": -21.0335254669,
            "min": -22.0790653229,
            "stdev": 0.500821232796
        }
    },
    "melbands_crest": {
        "max": 28.3024559021,
        "mean": 11.6182498932,
        "min": 3.0810778141,
        "stdev": 4.04578447342
    },
    "melbands_flatness_db": {
        "max": 0.290107339621,
        "mean": 0.137784942985,
        "min": 0.0183970462531,
        "stdev": 0.0446713939309
    },
    "melbands_kurtosis": {
        "max": 54.4680137634,
        "mean": 6.75308036804,
        "min": -1.77868998051,
        "stdev": 6.91383075714
    },
    "melbands_skewness": {
        "max": 6.72076654434,
        "mean": 2.10204601288,
        "min": -0.918464541435,
        "stdev": 1.11953163147
    },
    "melbands_spread": {
        "max": 221.971435547,
        "mean": 41.2800788879,
        "min": 3.75642871857,
        "stdev": 33.9346008301
    },
    "pitch_salience": {
        "max": 0.786525905132,
        "mean": 0.591282427311,
        "min": 0.225750058889,
        "stdev": 0.0866838544607
    },
    "silence_rate_20dB": {
        "max": 1,
        "mean": 1,
        "min": 1,
        "stdev": 0
    },
    "silence_rate_30dB": {
        "max": 1,
        "mean": 1,
        "min": 1,
        "stdev": 0
    },
    "silence_rate_60dB": {
        "max": 1,
        "mean": 0.000713775865734,
        "min": 0,
        "stdev": 0.0267075523734
    },
    "spectral_centroid": {
        "max": 5246.45751953,
        "mean": 1874.00219727,
        "min": 490.514190674,
        "stdev": 776.825805664
    },
    "spectral_complexity": {
        "max": 50,
        "mean": 25.4825134277,
        "min": 2,
        "stdev": 7.46612071991
    },
    "spectral_decrease": {
        "max": -1.72473341165e-10,
        "mean": -6.39510666645e-09,
        "min": -1.85480075743e-08,
        "stdev": 2.76111644659e-09
    },
    "spectral_energy": {
        "max": 0.0783068165183,
        "mean": 0.0275839362293,
        "min": 0.000721779419109,
        "stdev": 0.0112126609311
    },
    "spectral_energyband_high": {
        "max": 0.0320464074612,
        "mean": 0.00298869074322,
        "min": 5.75030062464e-05,
        "stdev": 0.00440629757941
    },
    "spectral_energyband_low": {
        "max": 0.047986920923,
        "mean": 0.0069154696539,
        "min": 3.12685369863e-05,
        "stdev": 0.00586619740352
    },
    "spectral_energyband_middle_high": {
        "max": 0.0519030764699,
        "mean": 0.00727602699772,
        "min": 0.000147378348629,
        "stdev": 0.00665087159723
    },
    "spectral_energyband_middle_low": {
        "max": 0.0551715530455,
        "mean": 0.0113715855405,
        "min": 0.000358298479114,
        "stdev": 0.00741561548784
    },
    "spectral_entropy": {
        "max": 8.72294712067,
        "mean": 7.88399744034,
        "min": 6.95588731766,
        "stdev": 0.304133147001
    },
    "spectral_flux": {
        "max": 0.247986286879,
        "mean": 0.0904000401497,
        "min": 0.025940451771,
        "stdev": 0.0338764078915
    },
    "spectral_kurtosis": {
        "max": 9.54492664337,
        "mean": 2.40767645836,
        "min": -0.916263580322,
        "stdev": 1.39161479473
    },
    "spectral_rms": {
        "max": 0.00874053128064,
        "mean": 0.00507307890803,
        "min": 0.000839151383843,
        "stdev": 0.00108396797441
    },
    "spectral_rolloff": {
        "max": 10874.2675781,
        "mean": 2711.28955078,
        "min": 215.33203125,
        "stdev": 2250.80102539
    },
    "spectral_skewness": {
        "max": 2.34709453583,
        "mean": 1.15942692757,
        "min": -0.125441715121,
        "stdev": 0.348368138075
    },
    "spectral_spread": {
        "max": 10618689,
        "mean": 5250756,
        "min": 2651689.25,
        "stdev": 1373516.75
    },
    "spectral_strongpeak": {
        "max": 10.9169750214,
        "mean": 1.2244733572,
        "min": 0.0227105673403,
        "stdev": 1.59819293022
    },
    "zerocrossingrate": {
        "max": 0.34521484375,
        "mean": 0.0967741385102,
        "min": 0.02294921875,
        "stdev": 0.0540939942002
    },
    "barkbands": {
        "max": [0.00165882823057, 0.0236503761262, 0.0262735933065, 0.0286822021008, 0.023225389421, 0.0476298630238, 0.0231292862445, 0.0470612868667, 0.0400952138007, 0.0291614532471, 0.0326857678592, 0.0269749686122, 0.0198821406811, 0.0158228445798, 0.0156615208834, 0.017571343109, 0.0106085101143, 0.00704956613481, 0.00782367773354, 0.00997075811028, 0.0087697962299, 0.0131279490888, 0.0110886981711, 0.0136011922732, 0.004895797465, 0.00294067524374, 6.59248462398e-06],
        "mean": [0.000128469851916, 0.00373440561816, 0.00222449027933, 0.00201788707636, 0.00238908734173, 0.00268938811496, 0.00101033679675, 0.00116597383749, 0.00183238158934, 0.000888615322765, 0.00103011226747, 0.000988770043477, 0.000682496000081, 0.000771290331613, 0.000458415917819, 0.000721206422895, 0.000594067387283, 0.000539397005923, 0.000477999652503, 0.000516771397088, 0.000630550610367, 0.000669121160172, 0.000589497678448, 0.000475878710859, 0.000268067495199, 8.92597818165e-05, 1.36809390483e-08],
        "min": [3.48037161757e-07, 2.14833289647e-06, 2.55933900917e-06, 8.02773138275e-06, 2.27494547289e-05, 3.07421760226e-05, 1.55047855515e-05, 4.13236830354e-06, 5.54620828552e-06, 8.53172059578e-06, 7.33232354833e-06, 3.42539942721e-06, 1.62892092703e-06, 1.1567574802e-05, 9.00986469787e-06, 1.43797751662e-05, 1.72346462932e-05, 1.13631622298e-05, 9.34888794291e-06, 2.35379666265e-05, 1.05960953078e-05, 1.45219555634e-05, 1.03948459582e-05, 4.0585446186e-06, 2.68358689937e-06, 3.19913738167e-07, 9.9809362164e-11],
        "stdev": [0.000150446619955, 0.00325103290379, 0.00293299881741, 0.00242137932219, 0.00242714770138, 0.00425543123856, 0.00133605254814, 0.00311270286329, 0.00315518258139, 0.0021061191801, 0.00261416146532, 0.00254325871356, 0.0019256437663, 0.00164990511257, 0.000841136672534, 0.00119017728139, 0.000926953216549, 0.000742357282434, 0.000639929960016, 0.000735441688448, 0.000927917135414, 0.00131043943111, 0.00107623252552, 0.0011224555783, 0.000510935788043, 0.00021023536101, 1.84979938922e-07]
    },
    "erbbands": {
        "max": [0.481858372688, 6.53827381134, 26.7551689148, 53.6915855408, 79.4398498535, 86.8710021973, 334.140045166, 457.532196045, 326.347900391, 476.900695801, 1110.20324707, 1242.93652344, 686.098815918, 1228.19384766, 1526.83288574, 1242.28100586, 1074.5020752, 918.739685059, 745.566467285, 942.00177002, 756.16619873, 559.265136719, 432.127075195, 336.652740479, 457.394622803, 459.125061035, 347.626678467, 459.035552979, 492.503204346, 419.523712158, 312.353942871, 395.361328125, 174.896347046, 88.1240921021, 33.3018836975, 20.3556842804, 3.94020104408, 0.201435312629, 0.00408837711439, 0.000323765940266],
        "mean": [0.090643659234, 0.897858440876, 2.66647338867, 4.44819784164, 5.98338222504, 10.0053195953, 14.71164608, 23.8156337738, 15.3990077972, 17.3345909119, 30.91157341, 45.693775177, 29.1346530914, 30.4839706421, 48.9628372192, 40.5421409607, 34.3632583618, 33.7595405579, 30.1040802002, 35.277759552, 40.0643119812, 31.9046440125, 28.8383216858, 25.6016712189, 24.4289283752, 26.7471446991, 24.8486480713, 25.7820720673, 24.0580329895, 20.1965026855, 15.9343643188, 11.2561216354, 7.11132192612, 3.53930544853, 1.5894793272, 0.601160109043, 0.131455942988, 0.0062034316361, 0.000177361842361, 5.06417563884e-05],
        "min": [0.000192063555005, 0.000216950968024, 0.00456653861329, 0.0361527986825, 0.102847881615, 0.0953359529376, 0.144645065069, 0.417260080576, 0.399829655886, 0.126094356179, 0.123646348715, 0.118991941214, 0.166290029883, 0.649471461773, 0.454300284386, 0.342577785254, 0.139829903841, 0.461108893156, 0.919110715389, 0.902433693409, 1.13704192638, 0.946287751198, 0.692094087601, 0.575483500957, 0.564315915108, 1.33296465874, 0.501967906952, 0.438246846199, 0.494207620621, 0.395088404417, 0.231761515141, 0.0860202908516, 0.0673582106829, 0.0423108637333, 0.0133330021054, 0.00398268830031, 0.000235199360759, 1.12202460514e-05, 4.79551817989e-06, 3.59705313713e-06],
        "stdev": [0.0960838794708, 0.828883111477, 3.07097220421, 4.78795289993, 6.42220592499, 11.0310077667, 23.2963790894, 42.4060096741, 21.1412963867, 28.750497818, 77.371055603, 83.3617935181, 57.7133369446, 70.303855896, 116.175697327, 97.4787750244, 90.9158554077, 84.1333007812, 54.6885299683, 62.7242431641, 58.6119766235, 47.3701057434, 38.1172447205, 34.6244392395, 34.0271911621, 35.0982017517, 34.9165344238, 41.7409820557, 48.1777801514, 41.4439163208, 29.0087451935, 25.2364292145, 17.1464309692, 7.71936321259, 2.86480355263, 1.33108079433, 0.327358335257, 0.0162589419633, 0.000363090686733, 3.51178714482e-05]
    },
    "gfcc": {
        "mean": [47.0717468262, 69.5994491577, -123.350311279, 46.2659187317, -71.1524200439, 21.6658306122, -43.8907470703, 12.1637821198, -27.0003566742, 4.48638391495, -20.1128196716, 1.57429075241, -7.53235435486],
        "cov": [[942.75213623, -438.602844238, 222.03326416, 71.5359649658, 27.9095001221, 102.725257874, -1.08621811867, 91.8842315674, -3.46347236633, 71.0059890747, -42.4382095337, 60.3556594849, -91.9952926636], [-438.602844238, 1093.3314209, -94.1571960449, -74.4503860474, 235.748214722, -27.7944641113, 184.266708374, -3.9507625103, 52.2970237732, -13.0964927673, 42.4695854187, -80.6973114014, 65.6068344116], [222.03326416, -94.1571960449, 465.771331787, 128.632461548, 57.2316131592, 103.598304749, -9.78571033478, 77.0799636841, 18.6150455475, 53.8774490356, -53.8200073242, 30.2755126953, -38.1101379395], [71.5359649658, -74.4503860474, 128.632461548, 365.691986084, 46.5642929077, 28.9593658447, 13.1762638092, 0.223411500454, 73.201171875, -17.6279506683, -15.1059179306, -23.4275131226, 0.179275214672], [27.9095001221, 235.748214722, 57.2316131592, 46.5642929077, 230.580291748, 54.2595977783, 58.5692138672, 16.0154972076, 1.77520537376, 41.4527931213, -18.9171886444, -8.14588069916, -19.9898376465], [102.725257874, -27.7944641113, 103.598304749, 28.9593658447, 54.2595977783, 215.181182861, 70.5185470581, -19.8027114868, -12.519867897, 22.8310127258, 21.3289680481, -2.68567562103, -21.5998096466], [-1.08621811867, 184.266708374, -9.78571033478, 13.1762638092, 58.5692138672, 70.5185470581, 145.466339111, 17.5390644073, 3.53754544258, 7.85769605637, 6.99744844437, -16.4281234741, -4.49623060226], [91.8842315674, -3.9507625103, 77.0799636841, 0.223411500454, 16.0154972076, -19.8027114868, 17.5390644073, 120.496383667, 46.8397331238, 3.03699278831, -41.3200111389, -5.89428663254, -6.98431968689], [-3.46347236633, 52.2970237732, 18.6150455475, 73.201171875, 1.77520537376, -12.519867897, 3.53754544258, 46.8397331238, 99.7099533081, 5.81899547577, -15.0336971283, -23.1643886566, 9.40879821777], [71.0059890747, -13.0964927673, 53.8774490356, -17.6279506683, 41.4527931213, 22.8310127258, 7.85769605637, 3.03699278831, 5.81899547577, 84.6718444824, 7.55714225769, 13.6713867188, -17.237285614], [-42.4382095337, 42.4695854187, -53.8200073242, -15.1059179306, -18.9171886444, 21.3289680481, 6.99744844437, -41.3200111389, -15.0336971283, 7.55714225769, 80.0585174561, 17.2786693573, 11.4405584335], [60.3556594849, -80.6973114014, 30.2755126953, -23.4275131226, -8.14588069916, -2.68567562103, -16.4281234741, -5.89428663254, -23.1643886566, 13.6713867188, 17.2786693573, 70.352355957, 5.37703418732], [-91.9952926636, 65.6068344116, -38.1101379395, 0.179275214672, -19.9898376465, -21.5998096466, -4.49623060226, -6.98431968689, 9.40879821777, -17.237285614, 11.4405584335, 5.37703418732, 59.095905304]],
        "icov": [[0.00185203203, 0.000600773433689, -2.40804529312e-05, -0.00028946675593, -0.000267803436145, -0.00051256705774, -0.000255409337115, -0.00137717043981, 0.000195460568648, -0.0006712503382, 9.94089641608e-05, -0.00116336520296, 0.0016010326799], [0.000600773433689, 0.00512992823496, -0.00344690517522, 0.00436918763444, -0.00664849113673, 0.00518486928195, -0.00690862815827, 0.00487072113901, -0.0060358485207, 0.00492514343932, -0.00587653229013, 0.00535388151184, -0.00425174133852], [-2.40804529312e-05, -0.00344690517522, 0.00708020105958, -0.00520532252267, 0.00493324268609, -0.00659482041374, 0.0067174541764, -0.00739597249776, 0.00625228043646, -0.00639747455716, 0.00667437864468, -0.00606242800131, 0.00366419344209], [-0.00028946675593, 0.00436918763444, -0.00520532252267, 0.00874712504447, -0.00699589587748, 0.00569070037454, -0.00699138222262, 0.00836930703372, -0.0102193597704, 0.0077722100541, -0.00588303804398, 0.00576451281086, -0.00400533061475], [-0.000267803436145, -0.00664849113673, 0.00493324268609, -0.00699589587748, 0.014645004645, -0.00779052916914, 0.00740205449983, -0.00756217632443, 0.0095425946638, -0.00997796095908, 0.00974711123854, -0.00714839855209, 0.00627623870969], [-0.00051256705774, 0.00518486928195, -0.00659482041374, 0.00569070037454, -0.00779052916914, 0.0139909554273, -0.0113025624305, 0.00947321858257, -0.00745790731162, 0.0066642863676, -0.00921404920518, 0.00771485036239, -0.00387295335531], [-0.000255409337115, -0.00690862815827, 0.0067174541764, -0.00699138222262, 0.00740205449983, -0.0113025624305, 0.0198962222785, -0.0113691966981, 0.010171870701, -0.00783695466816, 0.00706394948065, -0.00608450220898, 0.00544887082651], [-0.00137717043981, 0.00487072113901, -0.00739597249776, 0.00836930703372, -0.00756217632443, 0.00947321858257, -0.0113691966981, 0.023668365553, -0.0159775391221, 0.00926052127033, -0.00222333031707, 0.00536843622103, -0.00432246876881], [0.000195460568648, -0.0060358485207, 0.00625228043646, -0.0102193597704, 0.0095425946638, -0.00745790731162, 0.010171870701, -0.0159775391221, 0.0267330165952, -0.0120713403448, 0.00707100052387, -0.00203083478846, 0.00149436818901], [-0.0006712503382, 0.00492514343932, -0.00639747455716, 0.0077722100541, -0.00997796095908, 0.0066642863676, -0.00783695466816, 0.00926052127033, -0.0120713403448, 0.0232423841953, -0.00957123190165, 0.00353741552681, -0.00087068520952], [9.94089641608e-05, -0.00587653229013, 0.00667437864468, -0.00588303804398, 0.00974711123854, -0.00921404920518, 0.00706394948065, -0.00222333031707, 0.00707100052387, -0.00957123190165, 0.0263755451888, -0.0119567364454, 0.00326901348308], [-0.00116336520296, 0.00535388151184, -0.00606242800131, 0.00576451281086, -0.00714839855209, 0.00771485036239, -0.00608450220898, 0.00536843622103, -0.00203083478846, 0.00353741552681, -0.0119567364454, 0.0267124734819, -0.0098691470921], [0.0016010326799, -0.00425174133852, 0.00366419344209, -0.00400533061475, 0.00627623870969, -0.00387295335531, 0.00544887082651, -0.00432246876881, 0.00149436818901, -0.00087068520952, 0.00326901348308, -0.0098691470921, 0.0268936827779]]
    },
    "melbands": {
        "max": [0.00513298623264, 0.0112793100998, 0.00996047724038, 0.00455271080136, 0.00913161691278, 0.00883981399238, 0.00436582090333, 0.00535472435877, 0.00774747133255, 0.0075221718289, 0.00337320519611, 0.00525531405583, 0.00493024336174, 0.00399077497423, 0.00236937403679, 0.00207538483664, 0.00193282274995, 0.00163546903059, 0.0013700122945, 0.00166780361906, 0.000815749983303, 0.000771456107032, 0.000549840275198, 0.000348444940755, 0.000321955536492, 0.000360271456884, 0.000374459224986, 0.000327404268319, 0.000181018942385, 0.000272713426966, 0.000340305647114, 0.000258464599028, 0.000363799335901, 0.000212660990655, 0.000231649173656, 0.00029576360248, 0.000197601708351, 0.000143559605931, 0.000121697332361, 6.5331645601e-05],
        "mean": [0.00092642288655, 0.00131650420371, 0.000851880817208, 0.000541815243196, 0.000521042384207, 0.000522697519045, 0.000226462783758, 0.000195483924472, 0.000266939110588, 0.000277263636235, 0.00013707310427, 0.000116634153528, 0.000162074124091, 0.000128406798467, 7.84867952461e-05, 6.84643819113e-05, 6.30440044915e-05, 5.41513691132e-05, 3.48186695192e-05, 4.91244645673e-05, 4.68658763566e-05, 3.48600915459e-05, 2.50994562521e-05, 2.7696512916e-05, 1.95550637727e-05, 1.87943187484e-05, 1.66688496392e-05, 1.738436913e-05, 1.48847466335e-05, 1.58916554938e-05, 1.43003626363e-05, 1.43070556078e-05, 1.16276351037e-05, 1.13048245112e-05, 9.57960583037e-06, 7.85211614129e-06, 6.4664745878e-06, 5.25790164829e-06, 4.00733460992e-06, 2.59985586126e-06],
        "min": [1.37096992603e-06, 2.17748265641e-06, 8.34536149341e-06, 4.27968143413e-06, 5.61463320992e-06, 5.79266361456e-06, 2.89634567707e-06, 1.32981199386e-06, 1.16163391795e-06, 6.30233671473e-07, 8.34495438085e-07, 2.0241486709e-06, 1.54260396812e-06, 8.17995044144e-07, 3.71029301505e-07, 2.91998901503e-07, 9.55556856752e-07, 1.27672137751e-06, 7.54482812226e-07, 4.87086424528e-07, 1.43859313084e-06, 1.11144754555e-06, 5.51051016373e-07, 5.8762759636e-07, 4.46100301588e-07, 3.6416599869e-07, 7.27872134121e-07, 7.91282730006e-07, 1.91116271253e-07, 3.84297209166e-07, 2.53501411862e-07, 2.81849111161e-07, 1.36546901786e-07, 1.45073201452e-07, 1.31084050281e-07, 3.88816019381e-08, 5.80755497026e-08, 3.4043086572e-08, 4.02673130395e-08, 2.0507343379e-08],
        "stdev": [0.00081140268594, 0.00127226556651, 0.000890397583134, 0.000526025192812, 0.000689653796144, 0.000876627746038, 0.000308889255393, 0.000377195887268, 0.000628010078799, 0.00051357265329, 0.000292076991173, 0.000300859945128, 0.000395706185373, 0.00034433111432, 0.000178818896529, 0.000193769315956, 0.000163222008268, 0.000112790388812, 6.95943890605e-05, 9.57589945756e-05, 7.56359004299e-05, 6.32560186205e-05, 3.55832271453e-05, 3.94513772335e-05, 2.93755801977e-05, 2.7008674806e-05, 2.58526688413e-05, 2.44644561462e-05, 2.17526321649e-05, 2.39150413108e-05, 2.5523295335e-05, 2.805391523e-05, 2.62480716628e-05, 2.33420450968e-05, 1.82165331353e-05, 1.60517229233e-05, 1.59360042744e-05, 1.33400599225e-05, 9.87051862467e-06, 5.51736229681e-06]
    },
    "melbands128": {
        "max": [0.00117117504124, 0.00437054038048, 0.00762612838298, 0.0123226083815, 0.0146585181355, 0.0110844327137, 0.0107999155298, 0.0146183688194, 0.00805083103478, 0.00683929631487, 0.00657002814114, 0.0106090437621, 0.0112523213029, 0.0221354868263, 0.0156810544431, 0.0140355098993, 0.0101701291278, 0.00455499906093, 0.00651879515499, 0.00729583343491, 0.0103735821322, 0.0159345716238, 0.0135289141908, 0.00690474128351, 0.0142167685553, 0.0093611413613, 0.00606887228787, 0.00530422804877, 0.00609359843656, 0.00829266570508, 0.00698170345277, 0.00625178031623, 0.0084773581475, 0.00790269114077, 0.00499693676829, 0.00857281405479, 0.00463027739897, 0.00420304993168, 0.00389154767618, 0.00498053990304, 0.00404778169468, 0.00476959720254, 0.00397215085104, 0.00316500896588, 0.00323501229286, 0.00223299488425, 0.000776227912866, 0.00183703750372, 0.00355693581514, 0.00260380515829, 0.00250628055073, 0.00126369402278, 0.00214865873568, 0.00123784167226, 0.00206881668419, 0.00154687068425, 0.000521336856764, 0.000684020807967, 0.00106183020398, 0.000546522554941, 0.000706591177732, 0.000664690684061, 0.000517451146152, 0.000417460192693, 0.000570033793338, 0.000317578931572, 0.000434936286183, 0.000495875778142, 0.000580379099119, 0.000363677361747, 0.000452569889603, 0.000474525964819, 0.000273079989711, 0.00026200193679, 0.000266220857156, 0.00038798127207, 0.000433640874689, 0.000327380199451, 0.000527277006768, 0.000378064578399, 0.000415196846006, 0.000404705177061, 0.000577580824029, 0.000437360693468, 0.000330900569679, 0.00026223808527, 0.00031175345066, 0.000367593835108, 0.000329659320414, 0.000165090124938, 0.000155614266987, 0.000536529638339, 0.000369462388335, 0.000207525328733, 0.000262076588115, 0.000218620145461, 0.000150913911057, 0.000135715701617, 0.000168882135767, 0.000147690341691, 0.00010962397937, 5.89172959735e-05, 4.93420848215e-05, 3.11767907988e-05, 3.54575204256e-05, 7.5710049714e-05, 3.30175898853e-05, 9.26730499486e-05, 3.66944404959e-05, 2.21748196054e-05, 1.58440798259e-05, 2.64861573669e-05, 1.54664739966e-05, 8.45023987495e-06, 6.82693143972e-06, 5.55557335247e-07, 1.96640627337e-07, 1.05692621322e-09, 9.59747614715e-10, 8.94753271474e-10, 8.38944913539e-10, 8.02086341789e-10, 7.67691465953e-10, 7.41413819227e-10, 7.22175763634e-10, 7.06760372449e-10, 6.96816937484e-10, 6.9015865245e-10],
        "mean": [0.000101395584352, 0.000632215524092, 0.00123380532023, 0.00156484532636, 0.00151006819215, 0.000970473978668, 0.000832189514767, 0.00109783268999, 0.000460497947643, 0.000475334149087, 0.000616700388491, 0.000482100265799, 0.000440317176981, 0.00063416006742, 0.000641088874545, 0.000410054257372, 0.000269125506748, 0.000192769104615, 0.000156779133249, 0.000213552615605, 0.000173924432602, 0.00026006650296, 0.000271471828455, 0.000262682151515, 0.000392760586692, 0.000212342099985, 0.000185136392247, 0.000125644408399, 0.000100479468529, 0.000138187446282, 0.00010616536747, 0.000100462195405, 0.000231207988691, 0.000137487630127, 0.000124481026432, 0.000152580469148, 9.03222316992e-05, 6.12820658716e-05, 7.81244889367e-05, 9.15049240575e-05, 4.75559354527e-05, 6.90140514052e-05, 6.51431400911e-05, 4.2392854084e-05, 9.91239357973e-05, 4.43430290034e-05, 2.81191241811e-05, 2.13985731534e-05, 3.59994955943e-05, 7.4697083619e-05, 4.36307855125e-05, 2.75633374258e-05, 6.56834381516e-05, 4.26128463005e-05, 4.00614590035e-05, 3.94208836951e-05, 2.04691186809e-05, 3.15223442158e-05, 2.33918217418e-05, 2.15142717934e-05, 3.20398939948e-05, 2.89755316771e-05, 2.02747960429e-05, 1.54273111548e-05, 1.99079768208e-05, 1.97495246539e-05, 1.77394722414e-05, 1.68940787262e-05, 1.22262017612e-05, 2.33968021348e-05, 1.91532089957e-05, 1.35904920171e-05, 1.39538842632e-05, 1.52566126417e-05, 1.59655319294e-05, 1.40395859489e-05, 1.78598838829e-05, 1.66538848134e-05, 1.10896562546e-05, 1.47381761053e-05, 1.67993021023e-05, 1.25094438772e-05, 1.28304691316e-05, 1.1814348909e-05, 1.02235935628e-05, 1.07227924673e-05, 1.2720527593e-05, 1.08074727905e-05, 9.74196063908e-06, 8.05293802841e-06, 8.07316428109e-06, 7.99048029876e-06, 7.36666197554e-06, 6.00542807661e-06, 6.26718792773e-06, 6.12570738667e-06, 4.82555560666e-06, 4.46799458587e-06, 4.15138902099e-06, 3.85147905035e-06, 2.94797428069e-06, 2.43184399551e-06, 2.09916629501e-06, 1.95649067791e-06, 1.75540992586e-06, 1.72474358351e-06, 1.36827543429e-06, 1.255780262e-06, 1.0601138456e-06, 7.94582774688e-07, 5.7249189922e-07, 5.59980378512e-07, 4.22776281539e-07, 2.33980344433e-07, 1.05076246371e-07, 6.24649221237e-09, 5.18319165366e-10, 6.60000699926e-12, 6.07272695671e-12, 5.80984002227e-12, 5.5819546034e-12, 5.42368146922e-12, 5.29687405049e-12, 5.15192099051e-12, 4.91448288314e-12, 4.57459200728e-12, 4.38292154306e-12, 4.33154770732e-12],
        "min": [1.2931498361e-07, 5.09904452883e-07, 3.25712903759e-07, 1.07951464656e-07, 2.09676670693e-07, 1.24210498598e-06, 2.62830553766e-06, 2.99118983094e-06, 4.78632546219e-06, 4.78399897474e-07, 5.22564448602e-07, 1.48289836943e-06, 2.2521826395e-06, 4.57085343442e-06, 2.56968428403e-06, 2.76749318573e-07, 1.54578879119e-06, 6.43813336865e-07, 7.95407345322e-07, 4.02100454266e-07, 6.10495305864e-07, 2.53787789006e-07, 8.14027998786e-07, 9.73751298261e-07, 7.50814137973e-07, 9.36093655923e-08, 1.31820470983e-07, 5.15083456776e-07, 4.34854143805e-07, 1.05313596066e-07, 8.10170490695e-08, 7.09750224814e-07, 7.6396293025e-07, 4.0280514213e-07, 2.6666268127e-07, 2.66804988769e-07, 1.25207634483e-07, 1.71016012018e-07, 2.66127557325e-07, 7.50760307255e-08, 4.93699090498e-08, 7.99233959015e-08, 2.45687544975e-07, 3.07576897285e-07, 2.58404071474e-07, 2.99990546182e-07, 3.17421665841e-07, 2.20690452579e-07, 2.21998249117e-07, 3.11628355121e-07, 8.11052416338e-08, 4.09139659041e-07, 5.70534837152e-07, 6.70660597279e-07, 2.50502125709e-07, 3.32813613113e-07, 1.74731908942e-07, 1.81011898803e-07, 4.09742028751e-07, 1.54521046625e-07, 6.49724597679e-07, 2.73478178769e-07, 1.88431016568e-07, 2.55455518072e-07, 2.57597321252e-07, 3.69241519138e-07, 1.918225081e-07, 1.58136998607e-07, 1.19898842854e-07, 6.77604418797e-07, 6.73628278491e-07, 1.18674201133e-07, 6.54891962881e-08, 1.40319045272e-07, 1.76377000116e-07, 1.1813520473e-07, 1.69728664901e-07, 8.59358593175e-08, 6.62066952373e-08, 1.12209527003e-07, 1.4128700343e-07, 4.93512395394e-08, 8.4152517843e-08, 7.85328992947e-08, 1.48700038949e-08, 1.30660744446e-08, 1.03520982009e-07, 1.12956499265e-07, 2.58508752182e-08, 3.25337730089e-08, 2.01125853749e-08, 8.96979912568e-09, 5.64286040117e-08, 3.28517515413e-08, 1.22714034489e-08, 2.45786946351e-09, 1.11268407821e-08, 2.6944785958e-08, 8.525735673e-09, 9.11234909751e-09, 3.11156220789e-08, 1.49838885743e-09, 1.25231033876e-10, 1.09207434207e-08, 6.50871978536e-09, 3.50490969581e-09, 3.91995369498e-09, 4.42700898162e-09, 1.45551048991e-09, 8.5426893337e-10, 1.38903014091e-10, 1.78031131504e-10, 1.63134187148e-12, 5.89579491998e-13, 4.62668531959e-13, 2.69547757595e-13, 3.56865009548e-13, 3.80005244936e-13, 2.84716911506e-13, 3.34671120027e-13, 3.1507186183e-13, 3.18921267433e-13, 3.44347136525e-13, 2.88686094344e-13, 2.40238222111e-13, 9.18431929359e-14, 1.06995397717e-14, 3.67889067124e-16],
        "stdev": [0.000125168546219, 0.000843424000777, 0.0011629271321, 0.0016406060895, 0.00166812213138, 0.00127072865143, 0.000962444697507, 0.00130521121901, 0.000602400978096, 0.00064997409936, 0.000781700480729, 0.000730509287678, 0.000978276599199, 0.00122952647507, 0.00137826439459, 0.00100248784292, 0.000554177095182, 0.00032747790101, 0.000324830616591, 0.000395843962906, 0.000617357669398, 0.000883792177774, 0.000982915051281, 0.000624682113994, 0.000887614849489, 0.000585166853853, 0.000511059770361, 0.000391913985368, 0.000336014345521, 0.000460578536149, 0.000394616567064, 0.000318272243021, 0.000642231258098, 0.000528169679455, 0.00047005849774, 0.000580921536312, 0.000294627272524, 0.000214856976527, 0.000283524685074, 0.00036458770046, 0.000219835361349, 0.000308955466608, 0.00026454415638, 0.000169454229763, 0.00020944669086, 0.000162551252288, 5.30682955286e-05, 8.40354332468e-05, 0.000123570935102, 0.000160117997439, 0.000157319009304, 6.51604277664e-05, 0.000137274022563, 9.64423743426e-05, 0.00011997850379, 0.000102087702544, 3.73491348e-05, 5.20519315614e-05, 5.09445562784e-05, 4.26274600613e-05, 6.05925306445e-05, 5.36193329026e-05, 4.54659457318e-05, 3.18324491673e-05, 4.07602274208e-05, 3.29715585394e-05, 3.33307034452e-05, 3.30430302711e-05, 3.10543400701e-05, 3.00626961689e-05, 2.94166184176e-05, 2.94621131616e-05, 2.45292721957e-05, 2.656407014e-05, 2.84150028165e-05, 2.61767672782e-05, 3.11747498927e-05, 2.67944087682e-05, 2.91231699521e-05, 2.67146388069e-05, 3.43152678397e-05, 3.06232650473e-05, 3.29408903781e-05, 2.96889338642e-05, 2.52336849371e-05, 2.45676310442e-05, 2.66747192654e-05, 2.47766711254e-05, 2.04402003874e-05, 1.56484729814e-05, 1.45257408803e-05, 2.16976532101e-05, 1.88332287507e-05, 1.50299829329e-05, 1.89434467757e-05, 1.8030159481e-05, 1.19159894894e-05, 1.19786618598e-05, 1.06947563836e-05, 1.03589718492e-05, 7.29388784748e-06, 5.30764009454e-06, 4.15493013861e-06, 3.60424201062e-06, 3.45981652572e-06, 4.07294555771e-06, 2.92621825793e-06, 3.60933199772e-06, 2.64851360043e-06, 1.89197703548e-06, 1.36470566758e-06, 1.56859152867e-06, 1.24017662984e-06, 6.56551378597e-07, 3.59682871931e-07, 2.938570276e-08, 5.83915094055e-09, 3.98700898685e-11, 3.61958657491e-11, 3.38221985141e-11, 3.17408738182e-11, 3.03971257887e-11, 2.91059537583e-11, 2.81351244386e-11, 2.74244342513e-11, 2.68563487421e-11, 2.64863599803e-11, 2.62376335936e-11]
    },
    "mfcc": {
        "mean": [-588.359008789, 90.0184707642, 4.93059635162, 23.3100204468, 0.227660909295, 6.8752207756, -3.62474107742, 3.00141716003, 0.374163359404, 1.06079542637, -4.87057304382, -0.741077005863, -1.64490401745],
        "cov": [[840.717651367, -429.313293457, 95.8200531006, 12.8263893127, 25.427324295, 27.0400695801, 8.75625324249, 47.3977890015, 9.12091732025, 6.76698541641, 57.1309585571, 40.4988174438, 6.80217552185], [-429.313293457, 1064.50280762, -227.706054688, 0.350366741419, 10.4437522888, 25.2409687042, 113.661727905, 3.66027975082, 54.3708763123, 57.225353241, 8.06930828094, 11.6184082031, 40.9078521729], [95.8200531006, -227.706054688, 398.83605957, 36.3482017517, 66.8035125732, 44.1706542969, -7.93488121033, 40.1643371582, 37.5002403259, 16.7715187073, 22.5732078552, -0.917485535145, 13.2438154221], [12.8263893127, 0.350366741419, 36.3482017517, 277.199768066, 64.8967514038, 14.0602903366, -33.4004440308, 26.5283336639, 50.7533378601, 27.0236682892, 8.35579109192, 2.3730237484, -7.64112186432], [25.427324295, 10.4437522888, 66.8035125732, 64.8967514038, 154.471740723, 41.6124000549, 1.91391706467, 11.1549701691, 31.0406169891, 18.2352294922, 15.6356611252, 1.23167037964, 4.7530169487], [27.0400695801, 25.2409687042, 44.1706542969, 14.0602903366, 41.6124000549, 210.691970825, 90.3648986816, 12.008556366, -11.3039979935, 13.0554285049, 36.1570663452, 5.04620313644, 16.9199829102], [8.75625324249, 113.661727905, -7.93488121033, -33.4004440308, 1.91391706467, 90.3648986816, 135.979110718, 24.6623821259, -7.7991399765, 4.1600022316, 16.8564929962, 10.1892719269, 18.4360370636], [47.3977890015, 3.66027975082, 40.1643371582, 26.5283336639, 11.1549701691, 12.008556366, 24.6623821259, 85.411026001, 39.1043624878, 10.7867822647, 11.2712287903, 5.14707040787, 3.4067940712], [9.12091732025, 54.3708763123, 37.5002403259, 50.7533378601, 31.0406169891, -11.3039979935, -7.7991399765, 39.1043624878, 113.65637207, 47.0406761169, 15.2191696167, 2.90269970894, -4.68794631958], [6.76698541641, 57.225353241, 16.7715187073, 27.0236682892, 18.2352294922, 13.0554285049, 4.1600022316, 10.7867822647, 47.0406761169, 78.810043335, 24.0778102875, 4.73121547699, -3.21636343002], [57.1309585571, 8.06930828094, 22.5732078552, 8.35579109192, 15.6356611252, 36.1570663452, 16.8564929962, 11.2712287903, 15.2191696167, 24.0778102875, 64.1599578857, 19.7044200897, -0.079049281776], [40.4988174438, 11.6184082031, -0.917485535145, 2.3730237484, 1.23167037964, 5.04620313644, 10.1892719269, 5.14707040787, 2.90269970894, 4.73121547699, 19.7044200897, 51.848449707, 13.7643022537], [6.80217552185, 40.9078521729, 13.2438154221, -7.64112186432, 4.7530169487, 16.9199829102, 18.4360370636, 3.4067940712, -4.68794631958, -3.21636343002, -0.079049281776, 13.7643022537, 55.6257629395]],
        "icov": [[0.00179529422894, 0.000905029999558, 0.0002701835474, -2.33547871176e-06, -0.000280864158412, 0.000245501403697, -0.000600214640144, -0.000669990142342, -0.000107866500912, -0.000253643840551, -0.00124424789101, -0.000773051055148, -0.000594706565607], [0.000905029999558, 0.00183404539712, 0.00101147335954, -8.46009206725e-05, -0.000407098501455, 0.000443521566922, -0.00160864682402, 5.38584754395e-05, -0.000835476559587, -0.000877541664522, -0.000557905528694, -0.00011475100473, -0.00137570931111], [0.0002701835474, 0.00101147335954, 0.00356657523662, 0.000109476124635, -0.00115636596456, -0.000447761442047, 0.000122965851915, -0.00115066196304, -0.000862880027853, -0.000416406284785, -0.000750189647079, 0.000574011588469, -0.00158618576825], [-2.33547871176e-06, -8.46009206725e-05, 0.000109476124635, 0.00456550344825, -0.00145087274723, -0.000936599506531, 0.00192085385788, -0.00123507180251, -0.00101482658647, -0.000481029419461, 0.000572117103729, -0.000575952697545, 0.000541450222954], [-0.000280864158412, -0.000407098501455, -0.00115636596456, -0.00145087274723, 0.00833157263696, -0.00156443507876, 0.000688854488544, 0.000788502860814, -0.00146465539001, 0.000219128269237, -0.000431284075603, 0.000406750332331, -0.000314919656375], [0.000245501403697, 0.000443521566922, -0.000447761442047, -0.000936599506531, -0.00156443507876, 0.00833572074771, -0.00569849135354, 0.000794301566202, 0.00163678685203, -0.000795124738943, -0.00356162618846, 0.00168216810562, -0.00126942282077], [-0.000600214640144, -0.00160864682402, 0.000122965851915, 0.00192085385788, 0.000688854488544, -0.00569849135354, 0.0139645608142, -0.0042148004286, 0.0014221817255, 0.000195172804524, 0.000489616009872, -0.00111611804459, -0.000796641921625], [-0.000669990142342, 5.38584754395e-05, -0.00115066196304, -0.00123507180251, 0.000788502860814, 0.000794301566202, -0.0042148004286, 0.0165530387312, -0.00593616906554, 0.00206784135662, -0.000679682416376, 8.68057832122e-05, -0.000182397503522], [-0.000107866500912, -0.000835476559587, -0.000862880027853, -0.00101482658647, -0.00146465539001, 0.00163678685203, 0.0014221817255, -0.00593616906554, 0.0157617032528, -0.00733274687082, -0.0002717745665, 8.71049487614e-05, 0.00109554524533], [-0.000253643840551, -0.000877541664522, -0.000416406284785, -0.000481029419461, 0.000219128269237, -0.000795124738943, 0.000195172804524, 0.00206784135662, -0.00733274687082, 0.0193562228233, -0.00516811665148, 0.000554849102627, 0.0010978259379], [-0.00124424789101, -0.000557905528694, -0.000750189647079, 0.000572117103729, -0.000431284075603, -0.00356162618846, 0.000489616009872, -0.000679682416376, -0.0002717745665, -0.00516811665148, 0.0235212892294, -0.00799843855202, 0.00351007282734], [-0.000773051055148, -0.00011475100473, 0.000574011588469, -0.000575952697545, 0.000406750332331, 0.00168216810562, -0.00111611804459, 8.68057832122e-05, 8.71049487614e-05, 0.000554849102627, -0.00799843855202, 0.0246440600604, -0.00628867745399], [-0.000594706565607, -0.00137570931111, -0.00158618576825, 0.000541450222954, -0.000314919656375, -0.00126942282077, -0.000796641921625, -0.000182397503522, 0.00109554524533, 0.0010978259379, 0.00351007282734, -0.00628867745399, 0.0219188798219]]
    },
    "spectral_contrast_coeffs": {
        "max": [-0.449967235327, -0.529058337212, -0.515959143639, -0.592469930649, -0.60964256525, -0.556412518024],
        "mean": [-0.717610478401, -0.739831507206, -0.74444103241, -0.766015529633, -0.776411652565, -0.733365654945],
        "min": [-0.877020478249, -0.883322954178, -0.935353338718, -0.883745074272, -0.89486259222, -0.834824502468],
        "stdev": [0.0645868554711, 0.0636188685894, 0.0645104199648, 0.0482358112931, 0.0351493991911, 0.0397080294788]
    },
    "spectral_contrast_valleys": {
        "max": [-4.8859038353, -5.26881742477, -5.83425283432, -5.90114736557, -5.47381544113, -7.34403562546],
        "mean": [-6.43311071396, -6.51251125336, -7.19284582138, -7.30933332443, -7.01479673386, -9.45525550842],
        "min": [-9.12265014648, -8.07327842712, -8.56497478485, -8.66503334045, -8.36475467682, -11.3294420242],
        "stdev": [0.685446321964, 0.406872868538, 0.437192887068, 0.359629422426, 0.438385665417, 0.801944971085]
    }
},
"rhythm": {
    "beats_count": 61,
    "beats_loudness": {
        "max": 0.081432454288,
        "mean": 0.0331587009132,
        "min": 0.0112735051662,
        "stdev": 0.0124988825992
    },
    "bpm": 114.906272888,
    "bpm_histogram_first_peak_bpm": 115,
    "bpm_histogram_first_peak_weight": 0.263157963753,
    "bpm_histogram_second_peak_bpm": 108,
    "bpm_histogram_second_peak_spread": 0.33333337307,
    "bpm_histogram_second_peak_weight": 0.0333333350718,
    "danceability": 1.28422319889,
    "onset_rate": 3.35302710533,
    "beats_loudness_band_ratio": {
        "max": [0.675673604012, 0.773828625679, 0.612440466881, 0.657121539116, 0.51915371418, 0.770593225956],
        "mean": [0.266570478678, 0.178920179605, 0.174651160836, 0.155424922705, 0.109982080758, 0.145221337676],
        "min": [0.0174535755068, 0.018660787493, 0.012745436281, 0.00720528885722, 0.0168034788221, 0.00816211570054],
        "stdev": [0.182207986712, 0.150108426809, 0.138253137469, 0.175477638841, 0.0874632447958, 0.140298113227]
    },
    "beats_position": [0.545668900013, 1.10294783115, 1.66022670269, 2.20589566231, 2.73995471001, 3.26240348816, 3.78485250473, 4.3073015213, 4.82975053787, 5.35219955444, 5.87464857101, 6.38548755646, 6.91954612732, 7.45360517502, 7.97605419159, 8.498503685, 9.02095222473, 9.54340076447, 10.0658502579, 10.5882987976, 11.0991382599, 11.6215867996, 12.144036293, 12.6548748016, 13.177324295, 13.6997728348, 14.2222223282, 14.7446708679, 15.2671203613, 15.7895689011, 16.3120174408, 16.8344669342, 17.3569164276, 17.8793640137, 18.4018135071, 18.9242630005, 19.4467124939, 19.96916008, 20.5032196045, 21.0256690979, 21.548116684, 22.0705661774, 22.5814056396, 23.1038551331, 23.614692688, 24.1255321503, 24.6363716125, 25.1704311371, 25.681268692, 26.2037181854, 26.7261676788, 27.2486171722, 27.7710647583, 28.2935142517, 28.8159637451, 29.3384113312, 29.8492507935, 30.3717002869, 30.9057598114, 31.4282073975, 31.9506568909],
