{
"metadata": {
    "version": {
        "essentia": "2.1-beta5",
        "essentia_git_sha": "Undefined",
        "extractor": "music 2.0"
    },
    "audio_properties": {
        "analysis": {
            "equal_loudness": 0,
            "length": 29.0829925537,
            "sample_rate": 44100,
            "start_time": 175.240997314,
            "downmix": "mix"
        },
        "bit_rate": 192000,
        "length": 204.347229004,
        "lossless": 0,
        "number_channels": 2,
        "replay_gain": -1.23165512085,
        "sample_rate": 48000,
        "codec": "mp3",
        "md5_encoded": "851cb9e0263b176bf02068c1d1888b92"
    },
    "tags": {
        "file_name": "Slovakia_Nekovecná Piesen_Martin Durinda and Tublatanka.mp3",
        "encoding": ["Lavf58.29.100"]
    }
},
"lowlevel": {
    "average_loudness": 0.547242581844,
    "barkbands_crest": {
        "max": 18.2106189728,
        "mean": 7.42129325867,
        "min": 2.84617757797,
        "stdev": 2.57882189751
    },
    "barkbands_flatness_db": {
        "max": 0.222985833883,
        "mean": 0.109439745545,
        "min": 0.0540931932628,
        "stdev": 0.0338728502393
    },
    "barkbands_kurtosis": {
        "max": 18.4293556213,
        "mean": 1.59722232819,
        "min": -1.67628657818,
        "stdev": 2.12033343315
    },
    "barkbands_skewness": {
        "max": 3.95696806908,
        "mean": -0.21309736371,
        "min": -2.25653767586,
        "stdev": 1.32980585098
    },
    "barkbands_spread": {
        "max": 75.9622421265,
        "mean": 24.1773586273,
        "min": 5.50630521774,
        "stdev": 9.90408420563
    },
    "dissonance": {
        "max": 0.499991029501,
        "mean": 0.475687384605,
        "min": 0.300959438086,
        "stdev": 0.0236074458808
    },
    "dynamic_complexity": 3.61333751678,
    "erbbands_crest": {
        "max": 24.9536418915,
        "mean": 7.07115268707,
        "min": 2.52180147171,
        "stdev": 4.13907432556
    },
    "erbbands_flatness_db": {
        "max": 0.276895463467,
        "mean": 0.160940632224,
        "min": 0.0794290453196,
        "stdev": 0.0549961142242
    },
    "erbbands_kurtosis": {
        "max": 8.03489971161,
        "mean": 0.123418010771,
        "min": -1.56028151512,
        "stdev": 1.10917675495
    },
    "erbbands_skewness": {
        "max": 1.79592978954,
        "mean": -0.0986815690994,
        "min": -2.55655431747,
        "stdev": 0.603514015675
    },
    "erbbands_spread": {
        "max": 95.7910919189,
        "mean": 33.7373161316,
        "min": 8.51216220856,
        "stdev": 14.2745199203
    },
    "hfc": {
        "max": 131.415588379,
        "mean": 16.5867156982,
        "min": 1.04383913349e-16,
        "stdev": 19.88722229
    },
    "loudness_ebu128": {
        "integrated": -22.3349132538,
        "loudness_range": 7.04851150513,
        "momentary": {
            "max": -19.0610713959,
            "mean": -116.487792969,
            "min": -300.691009521,
            "stdev": 130.197280884
        },
        "short_term": {
            "max": -20.9499492645,
            "mean": -99.1611557007,
            "min": -300.691009521,
            "stdev": 121.803581238
        }
    },
    "melbands_crest": {
        "max": 27.603509903,
        "mean": 7.84200000763,
        "min": 1.57287955284,
        "stdev": 5.3359541893
    },
    "melbands_flatness_db": {
        "max": 0.275056928396,
        "mean": 0.0995945334435,
        "min": 0.00258021382615,
        "stdev": 0.074459888041
    },
    "melbands_kurtosis": {
        "max": 47.9818878174,
        "mean": 2.33368515968,
        "min": -1.75286769867,
        "stdev": 5.50690984726
    },
    "melbands_skewness": {
        "max": 5.84996032715,
        "mean": 0.924054443836,
        "min": -0.47032302618,
        "stdev": 1.12934207916
    },
    "melbands_spread": {
        "max": 168.313842773,
        "mean": 65.9404296875,
        "min": 4.59179592133,
        "stdev": 50.4212837219
    },
    "pitch_salience": {
        "max": 0.908182561398,
        "mean": 0.667596936226,
        "min": 0.290304601192,
        "stdev": 0.12878023088
    },
    "silence_rate_20dB": {
        "max": 1,
        "mean": 1,
        "min": 1,
        "stdev": 0
    },
    "silence_rate_30dB": {
        "max": 1,
        "mean": 1,
        "min": 1,
        "stdev": 0
    },
    "silence_rate_60dB": {
        "max": 1,
        "mean": 0.394736856222,
        "min": 0,
        "stdev": 0.488794058561
    },
    "spectral_centroid": {
        "max": 11728.7773438,
        "mean": 4915.07421875,
        "min": 512.44317627,
        "stdev": 4423.37939453
    },
    "spectral_complexity": {
        "max": 49,
        "mean": 13.9537477493,
        "min": 0,
        "stdev": 11.9602985382
    },
    "spectral_decrease": {
        "max": 2.07801292838e-28,
        "mean": -3.57756735347e-09,
        "min": -1.97267411295e-08,
        "stdev": 3.82698717161e-09
    },
    "spectral_energy": {
        "max": 0.0800619646907,
        "mean": 0.0150070209056,
        "min": 9.46595362306e-21,
        "stdev": 0.0159730520099
    },
    "spectral_energyband_high": {
        "max": 0.0213759746403,
        "mean": 0.000601787935011,
        "min": 6.76804508628e-21,
        "stdev": 0.00146643409971
    },
    "spectral_energyband_low": {
        "max": 0.0330872349441,
        "mean": 0.00200398312882,
        "min": 7.49843371532e-24,
        "stdev": 0.00343592441641
    },
    "spectral_energyband_middle_high": {
        "max": 0.0437740050256,
        "mean": 0.00555505650118,
        "min": 1.14677464574e-21,
        "stdev": 0.00760883837938
    },
    "spectral_energyband_middle_low": {
        "max": 0.0552333109081,
        "mean": 0.00718695297837,
        "min": 1.39595601476e-22,
        "stdev": 0.00878139585257
    },
    "spectral_entropy": {
        "max": 9.82537555695,
        "mean": 8.35999393463,
        "min": 6.65854454041,
        "stdev": 1.07226908207
    },
    "spectral_flux": {
        "max": 0.213422685862,
        "mean": 0.0480077825487,
        "min": 6.34059402205e-11,
        "stdev": 0.044130358845
    },
    "spectral_kurtosis": {
        "max": 11.7670288086,
        "mean": 1.8259139061,
        "min": -1.29031074047,
        "stdev": 2.6954407692
    },
    "spectral_rms": {
        "max": 0.00883794296533,
        "mean": 0.00290394527838,
        "min": 3.03892696597e-12,
        "stdev": 0.00249162083492
    },
    "spectral_rolloff": {
        "max": 19702.8808594,
        "mean": 7832.21142578,
        "min": 301.46484375,
        "stdev": 7993.70263672
    },
    "spectral_skewness": {
        "max": 2.21261000633,
        "mean": 0.795487642288,
        "min": -0.123011618853,
        "stdev": 0.632633030415
    },
    "spectral_spread": {
        "max": 44106212,
        "mean": 16357134,
        "min": 2338172.75,
        "stdev": 17537220
    },
    "spectral_strongpeak": {
        "max": 12.9125709534,
        "mean": 1.09964573383,
        "min": 0,
        "stdev": 1.68312811852
    },
    "zerocrossingrate": {
        "max": 0.755859375,
        "mean": 0.221222952008,
        "min": 0.0234375,
        "stdev": 0.205402776599
    },
    "barkbands": {
        "max": [0.000859402818605, 0.0209938697517, 0.0226972997189, 0.00703989341855, 0.0256448276341, 0.050466388464, 0.0175769347697, 0.0155407022685, 0.03596759215, 0.0286102183163, 0.0172362271696, 0.026399416849, 0.0301219057292, 0.0262414161116, 0.0337773524225, 0.00718463258818, 0.00749563565478, 0.00401678914204, 0.00454532587901, 0.00733437016606, 0.00572254275903, 0.00859592854977, 0.0047392998822, 0.00435476470739, 0.00133330095559, 0.000210240352317, 4.86631779495e-06],
        "mean": [7.97069151304e-05, 0.00107839109842, 0.000547914183699, 0.00042332339217, 0.00105907092802, 0.00246206531301, 0.000545008690096, 0.000803411414381, 0.00176900671795, 0.000639215868432, 0.000766717246734, 0.000451093364973, 0.000850430515129, 0.000591800897382, 0.000869162031449, 0.000331464310875, 0.000364429462934, 0.000233601196669, 0.000309829658363, 0.000351437483914, 0.000125822843984, 0.000138770556077, 0.000123522491776, 6.65646221023e-05, 2.28351109399e-05, 2.42521468863e-06, 4.56045823327e-09],
        "min": [7.56216931924e-27, 9.50664757137e-25, 3.73493640452e-25, 1.36707031077e-25, 5.98024960398e-24, 4.66044428878e-24, 7.34401024882e-24, 5.0020360491e-24, 9.91168938644e-24, 1.17158134878e-23, 4.22657118534e-24, 1.47617379715e-23, 1.62982276002e-23, 3.25657969101e-23, 3.2791717207e-23, 4.61007220676e-23, 5.72203539263e-23, 7.63579806475e-23, 9.45923553213e-23, 1.70347305449e-22, 2.41117670709e-22, 2.70642222658e-22, 3.71185460659e-22, 5.14633215085e-22, 6.86152427052e-22, 1.29581144813e-21, 1.82678415613e-21],
        "stdev": [0.000118448544526, 0.00182922452223, 0.00150749122258, 0.000839282409288, 0.00192768755369, 0.00419658282772, 0.00123427878134, 0.0020529422909, 0.00414725346491, 0.00199946411885, 0.00220466568135, 0.00119952077512, 0.0021043473389, 0.00206902110949, 0.00276333466172, 0.000640635378659, 0.000662261445541, 0.00038693647366, 0.000594625540543, 0.000683706253767, 0.000298243336147, 0.000459708215203, 0.000412258174038, 0.000299455103232, 0.000107291030872, 1.09789098133e-05, 1.37354149388e-07]
    },
    "erbbands": {
        "max": [0.533795297146, 5.02255678177, 22.0378665924, 29.8394355774, 44.698677063, 109.407272339, 371.471282959, 547.657958984, 256.913085938, 382.168060303, 498.864715576, 593.235473633, 939.757995605, 1196.4609375, 498.773040771, 944.363708496, 1438.90771484, 1521.12072754, 900.374816895, 1387.75793457, 481.424072266, 393.395782471, 186.751708984, 121.467712402, 357.721374512, 244.548934937, 281.33026123, 236.445388794, 294.813049316, 226.197860718, 125.554969788, 94.9505996704, 89.1900405884, 24.0247898102, 6.22557926178, 1.61995375156, 0.153149798512, 0.00464224535972, 0.000726771133486, 0.00010304179159],
        "mean": [0.0236038416624, 0.269324958324, 0.634785115719, 1.26766574383, 1.17139220238, 2.83740162849, 22.7807064056, 13.2152023315, 9.18235206604, 5.84344482422, 25.6647529602, 36.977432251, 26.961517334, 30.6272029877, 28.05884552, 21.2000026703, 40.4288291931, 35.7608604431, 32.8355064392, 35.5879325867, 19.78748703, 16.6465625763, 15.5142993927, 11.8829898834, 21.7420406342, 14.8554077148, 6.75628995895, 4.37340736389, 4.89651298523, 4.39335536957, 3.29425597191, 1.58375024796, 1.03094232082, 0.370942443609, 0.103413827717, 0.0214130524546, 0.0026696252171, 0.000112179099233, 1.50020941874e-05, 1.96933342522e-05],
        "min": [3.19665560784e-23, 6.33008647537e-22, 8.49477734485e-22, 1.81872338607e-21, 7.98987809273e-21, 1.89134620878e-20, 3.35916592729e-20, 5.14542174731e-20, 6.62986294937e-20, 1.986710763e-19, 1.77951597823e-19, 2.75834671441e-19, 4.24633736141e-19, 3.89625979202e-19, 7.97859179488e-19, 7.97173705254e-19, 1.10371794808e-18, 1.66003072102e-18, 2.20150645872e-18, 2.21300323526e-18, 3.02880825324e-18, 3.96640258831e-18, 4.67219940906e-18, 4.92630598451e-18, 5.80929109632e-18, 8.05038559198e-18, 7.75476778467e-18, 8.41551055899e-18, 8.87494983226e-18, 9.88692259365e-18, 1.05359789603e-17, 9.12321651259e-18, 8.99808393824e-18, 6.79726197147e-18, 5.23210349004e-18, 3.99009634978e-18, 2.26726421549e-18, 8.60579425652e-19, 2.51360826959e-19, 2.37152697775e-20],
        "stdev": [0.037754651159, 0.475479900837, 1.5767762661, 2.54804563522, 3.16912913322, 5.92510509491, 33.4962158203, 34.1708602905, 19.2672653198, 14.5394182205, 61.3583183289, 78.6930236816, 84.6223449707, 80.4732131958, 68.0427017212, 43.7261390686, 97.4266052246, 120.818740845, 82.1697616577, 99.2971343994, 37.1140937805, 29.7523441315, 24.398311615, 16.5654964447, 41.9335174561, 24.7969532013, 13.7159442902, 12.5688209534, 15.0987234116, 15.9552822113, 10.8871889114, 5.99434185028, 5.14668273926, 1.78003561497, 0.462021142244, 0.0985884964466, 0.0091545432806, 0.0003835108364, 3.08876478812e-05, 2.10600519495e-05]
    },
    "gfcc": {
        "mean": [-440.332000732, 62.55859375, -108.349815369, 26.1579914093, -45.8365592957, 10.0770549774, -23.5311717987, 3.00105786324, -10.8824653625, 0.580511391163, -3.1296787262, -1.83591842651, 0.236710205674],
        "cov": [[360350.25, 27939.3417969, -46086.5351562, 11798.9111328, -19863.3144531, 4256.26757812, -10113.3818359, 1284.37060547, -4758.10839844, 203.664093018, -1309.49450684, -860.001220703, 95.4114151001], [27939.3417969, 2814.81933594, -3369.15844727, 1003.41210938, -1422.95910645, 192.267333984, -651.116699219, 47.3260574341, -352.396240234, -59.8970489502, -45.9634971619, -125.819137573, 32.7063064575], [-46086.5351562, -3369.15844727, 6664.63720703, -1238.96740723, 2548.76342773, -581.563415527, 1294.41882324, -178.957260132, 553.479858398, -38.5818710327, 159.66317749, 118.412719727, -18.2577552795], [11798.9111328, 1003.41210938, -1238.96740723, 608.708190918, -617.097900391, 93.5403060913, -336.584747314, 22.5303249359, -138.695571899, -8.66899299622, -49.1530799866, -31.5574741364, 7.95668029785], [-19863.3144531, -1422.95910645, 2548.76342773, -617.097900391, 1194.39355469, -260.84942627, 584.53326416, -62.6751976013, 277.555206299, -4.9582157135, 71.2929992676, 32.8812866211, -11.6522884369], [4256.26757812, 192.267333984, -581.563415527, 93.5403060913, -260.84942627, 164.458389282, -116.010551453, 15.4867134094, -91.0046234131, 12.7722444534, -13.2914190292, 12.6150255203, 7.10994005203], [-10113.3818359, -651.116699219, 1294.41882324, -336.584747314, 584.53326416, -116.010551453, 399.175231934, -31.0844936371, 126.920303345, -21.3295974731, 58.6556892395, 12.3686513901, 3.54735350609], [1284.37060547, 47.3260574341, -178.957260132, 22.5303249359, -62.6751976013, 15.4867134094, -31.0844936371, 105.659133911, 18.6569957733, 36.4716758728, -28.3103141785, -16.5495548248, -23.5235042572], [-4758.10839844, -352.396240234, 553.479858398, -138.695571899, 277.555206299, -91.0046234131, 126.920303345, 18.6569957733, 157.302902222, 12.31108284, 24.4858970642, -11.9123468399, -4.58689165115], [203.664093018, -59.8970489502, -38.5818710327, -8.66899299622, -4.9582157135, 12.7722444534, -21.3295974731, 36.4716758728, 12.31108284, 69.9198226929, -9.04926204681, -0.497080773115, -16.3253574371], [-1309.49450684, -45.9634971619, 159.66317749, -49.1530799866, 71.2929992676, -13.2914190292, 58.6556892395, -28.3103141785, 24.4858970642, -9.04926204681, 55.2616424561, 11.269452095, 15.6256361008], [-860.001220703, -125.819137573, 118.412719727, -31.5574741364, 32.8812866211, 12.6150255203, 12.3686513901, -16.5495548248, -11.9123468399, -0.497080773115, 11.269452095, 51.9207649231, 16.4780521393], [95.4114151001, 32.7063064575, -18.2577552795, 7.95668029785, -11.6522884369, 7.10994005203, 3.54735350609, -23.5235042572, -4.58689165115, -16.3253574371, 15.6256361008, 16.4780521393, 44.0654640198]],
        "icov": [[0.00049582956126, -0.00145526451524, 0.00113088742364, -0.00173591054045, 0.0020345277153, -0.00126226921566, 0.00121445534751, -0.00105440313928, 0.00106578634586, -0.00096822710475, 0.000248801487032, -0.000616392819211, 0.000764080090448], [-0.00145526451524, 0.00681653339416, -0.00243127136491, 0.00273179239593, -0.00572465918958, 0.00616547977552, -0.00457298383117, 0.00192384386901, 8.69607731602e-07, 0.00377725949511, -0.00411025760695, 0.00556683214381, -0.0037471621763], [0.00113088742364, -0.00243127136491, 0.00381962885149, -0.00510173710063, 0.0030146825593, -0.00164887867868, 0.00175461929757, -0.00245075882412, 0.00356272421777, -0.00183158181608, -0.000304645334836, -0.00138200144283, 0.00179050280713], [-0.00173591054045, 0.00273179239593, -0.00510173710063, 0.0122427912429, -0.00521390931681, 0.00324342935346, -0.00193088513333, 0.00480573112145, -0.0062786298804, 0.00294270319864, 0.00267527974211, 0.000206007971428, -0.00236359867267], [0.0020345277153, -0.00572465918958, 0.0030146825593, -0.00521390931681, 0.017678739503, -0.00296412105672, 0.000256006955169, -0.00158542161807, 0.000273280835245, -0.00571351358667, 0.00397838233039, -0.00341597874649, 0.00409876555204], [-0.00126226921566, 0.00616547977552, -0.00164887867868, 0.00324342935346, -0.00296412105672, 0.0176028292626, -0.00509183481336, 0.000273546378594, 0.00443556113169, 0.000912829069421, -0.00448386464268, 0.0021191725973, -0.00458255410194], [0.00121445534751, -0.00457298383117, 0.00175461929757, -0.00193088513333, 0.000256006955169, -0.00509183481336, 0.0155944945291, -0.00591720687225, 0.00416499003768, 0.000769991893321, -0.00502698263153, 0.00127970497124, 0.000338177400408], [-0.00105440313928, 0.00192384386901, -0.00245075882412, 0.00480573112145, -0.00158542161807, 0.000273546378594, -0.00591720687225, 0.0202611181885, -0.0105564678088, -0.00450481614098, 0.00981112848967, -0.00137275177985, 0.00406741490588], [0.00106578634586, 8.69607731602e-07, 0.00356272421777, -0.0062786298804, 0.000273280835245, 0.00443556113169, 0.00416499003768, -0.0105564678088, 0.022944778204, -0.00232526822947, -0.0109179224819, 0.00908651296049, -0.00431195786223], [-0.00096822710475, 0.00377725949511, -0.00183158181608, 0.00294270319864, -0.00571351358667, 0.000912829069421, 0.000769991893321, -0.00450481614098, -0.00232526822947, 0.0223849024624, -0.00368019659072, 0.000354295043508, 0.0031013386324], [0.000248801487032, -0.00411025760695, -0.000304645334836, 0.00267527974211, 0.00397838233039, -0.00448386464268, -0.00502698263153, 0.00981112848967, -0.0109179224819, -0.00368019659072, 0.034775275737, -0.0101698534563, -0.00170791416895], [-0.000616392819211, 0.00556683214381, -0.00138200144283, 0.000206007971428, -0.00341597874649, 0.0021191725973, 0.00127970497124, -0.00137275177985, 0.00908651296049, 0.000354295043508, -0.0101698534563, 0.0354858189821, -0.0140744587407], [0.000764080090448, -0.0037471621763, 0.00179050280713, -0.00236359867267, 0.00409876555204, -0.00458255410194, 0.000338177400408, 0.00406741490588, -0.00431195786223, 0.0031013386324, -0.00170791416895, -0.0140744587407, 0.0355251356959]]
    },
    "melbands": {
        "max": [0.00561452936381, 0.00852594338357, 0.00426853820682, 0.00445216475055, 0.0105632366613, 0.0111244572327, 0.00388588663191, 0.00372043810785, 0.00461244909093, 0.0049184593372, 0.00469157379121, 0.00512408046052, 0.00244236295111, 0.00392775982618, 0.00293947686441, 0.00190965458751, 0.00299375201575, 0.00102121662349, 0.00380504224449, 0.000726126832888, 0.000650259433314, 0.000321599887684, 0.000431711552665, 0.000220575762796, 8.9183828095e-05, 0.000238914290094, 0.000444504956249, 0.000135042704642, 0.000164235563716, 0.000189966958715, 0.000130758169689, 0.000211669874261, 0.000140263917274, 0.000118894313346, 8.84886831045e-05, 5.76516213187e-05, 7.38964663469e-05, 8.79026047187e-05, 2.54955266428e-05, 1.87407258636e-05],
        "mean": [0.000273079698673, 0.000350476650055, 0.000200369642698, 0.000123506164527, 0.000626385561191, 0.000324483262375, 0.000136970527819, 6.87055289745e-05, 0.000231109384913, 0.000238072141656, 0.000129415246192, 0.000119410797197, 0.000110646287794, 5.70249212615e-05, 7.25064237486e-05, 8.19479828351e-05, 6.12646836089e-05, 4.23406854679e-05, 7.02374600223e-05, 2.50060056715e-05, 2.39683486143e-05, 1.46874499478e-05, 2.11136466532e-05, 1.20703143693e-05, 8.62370052346e-06, 1.31027982206e-05, 1.80245369847e-05, 8.06041043688e-06, 4.22834909841e-06, 3.13988653033e-06, 2.36965843214e-06, 3.00026545119e-06, 2.35723655351e-06, 2.50316224992e-06, 2.16962121158e-06, 1.19478056604e-06, 8.77516981745e-07, 8.42435667892e-07, 4.48508956197e-07, 2.6331528602e-07],
        "min": [6.02387795077e-25, 7.16096868361e-25, 5.8292847009e-25, 9.98746125133e-25, 1.46776268608e-24, 1.27031563327e-24, 9.36805457108e-25, 2.31183931871e-24, 1.10127250344e-24, 1.48619106847e-24, 1.76778818201e-24, 1.32864745987e-24, 1.58173997207e-24, 1.2588972661e-24, 2.10596082195e-24, 1.72096080703e-24, 2.31546097913e-24, 3.28948883805e-24, 2.72813916499e-24, 3.42159187967e-24, 2.81306339409e-24, 3.1377678118e-24, 3.81001752307e-24, 2.78349945116e-24, 3.45568092597e-24, 3.38479585718e-24, 3.89139720291e-24, 4.60150375738e-24, 4.77042924834e-24, 4.6271287206e-24, 4.4275536169e-24, 4.13358460056e-24, 4.93836314113e-24, 4.80125556593e-24, 5.51000015205e-24, 3.93436448427e-24, 4.37656914216e-24, 5.03271366641e-24, 5.32737017502e-24, 4.93389779398e-24],
        "stdev": [0.000440598814748, 0.000719966483302, 0.000393829192035, 0.000322340521961, 0.000927524641156, 0.000729787920136, 0.00029126132722, 0.000154203808052, 0.000532652367838, 0.000549598014913, 0.000427507970016, 0.000343256077031, 0.000308525952278, 0.000171533814864, 0.000179332681, 0.000184811477084, 0.000220843881834, 0.000101202720543, 0.000271641067229, 4.98316949233e-05, 5.01518879901e-05, 2.55093491432e-05, 4.17327355535e-05, 2.13711573451e-05, 1.22386727526e-05, 2.50520315603e-05, 3.80099918402e-05, 1.47415012179e-05, 8.57529994391e-06, 8.65434049047e-06, 6.97087352819e-06, 9.73232727119e-06, 8.11984682514e-06, 9.3367007139e-06, 7.44290946386e-06, 4.05230912293e-06, 3.89402021028e-06, 4.60175215267e-06, 2.05383616958e-06, 1.33938635827e-06]
    },
    "melbands128": {
        "max": [0.000708761508577, 0.00307405204512, 0.0094534587115, 0.00825494620949, 0.0108399316669, 0.0106909517199, 0.00718498788774, 0.00338704534806, 0.00520248385146, 0.00668579898775, 0.00685189617798, 0.00872057676315, 0.0170458033681, 0.0127105601132, 0.0126118771732, 0.018605446443, 0.00459385290742, 0.0063260756433, 0.00558719411492, 0.00559000857174, 0.00209958082996, 0.004430167377, 0.00896128080785, 0.0102753816172, 0.00756145548075, 0.011097939685, 0.014866235666, 0.00407744245604, 0.00301940739155, 0.00806845538318, 0.00636255880818, 0.00546458456665, 0.00466185202822, 0.0017167594051, 0.00378317618743, 0.00699024368078, 0.000800967449322, 0.00157374807168, 0.00870511308312, 0.00557862455025, 0.00213294033892, 0.00474992115051, 0.00681892922148, 0.00161426467821, 0.00109759357292, 0.00203276518732, 0.00346538354643, 0.00690385838971, 0.00423400988802, 0.00146397028584, 0.00129174347967, 0.000155325382366, 0.00146751094144, 0.0010643384885, 0.000709729210939, 0.000184704404091, 0.000727863167413, 0.00109352311119, 0.000651472364552, 0.000270260235993, 0.000411689659813, 0.000352355884388, 0.000109249638626, 0.000171216495801, 0.000229191136896, 0.000492389954161, 0.000538593507372, 0.000793321698438, 0.000681832432747, 0.000195801752852, 0.000271933298791, 0.000234136401559, 0.000193620304344, 9.06755085452e-05, 0.000247505464358, 0.000199918169528, 0.000204860625672, 0.000175282795681, 0.000129459745949, 0.000166660072864, 0.000347806257196, 0.000165392775671, 0.000162954922416, 0.000122989265947, 0.000194791107788, 0.000125498117995, 0.000119445379823, 0.00015582353808, 0.000101116973383, 6.92834946676e-05, 8.28594638733e-05, 6.12925286987e-05, 6.32118244539e-05, 7.7830569353e-05, 7.80106711318e-05, 0.000130008367705, 0.00010892017599, 3.35068434651e-05, 3.74437804567e-05, 3.09329370793e-05, 2.99772655126e-05, 2.83960998786e-05, 1.61831248988e-05, 1.01843179436e-05, 7.4809427133e-06, 7.19576382835e-06, 4.87125817017e-06, 6.10671304457e-06, 3.05818616653e-06, 3.04854438582e-06, 1.26041834392e-06, 4.04176262236e-07, 6.41418694158e-07, 2.20374474225e-07, 8.19391701157e-08, 2.51355132264e-08, 2.40948896391e-08, 2.31414230001e-08, 2.23780585173e-08, 2.16279438803e-08, 2.10195896244e-08, 2.05118251273e-08, 1.99125214095e-08, 1.9552970798e-08, 1.92137790123e-08, 1.89458742028e-08, 1.87543740537e-08, 1.86339335073e-08],
        "mean": [6.65409170324e-05, 0.000137870505569, 0.000398176023737, 0.00046201684745, 0.000345024949638, 0.00026479511871, 0.000295484933304, 0.000154157009092, 9.48537854129e-05, 0.000132482644403, 7.74471482146e-05, 0.000344035768649, 0.00106421567034, 0.000616572273429, 0.000281926331809, 0.000188573423657, 0.000100745870441, 0.000186696575838, 9.69349202933e-05, 3.70390989701e-05, 3.88895605283e-05, 0.000183332551387, 0.000282924302155, 0.000226322255912, 0.00027297064662, 0.000184064003406, 0.000313758704579, 6.38470810372e-05, 3.57253302354e-05, 0.000150911146193, 0.000110513537948, 0.000136908405693, 0.000160141134984, 3.74487863155e-05, 6.63987520966e-05, 6.5467596869e-05, 4.24690442742e-05, 3.09696079057e-05, 0.000143783792737, 9.47837397689e-05, 3.62299251719e-05, 0.000111879249744, 7.8796831076e-05, 2.57475348917e-05, 2.74885787803e-05, 3.75374911528e-05, 6.8428038503e-05, 9.22390463529e-05, 5.6112628954e-05, 4.66287710879e-05, 1.44607092807e-05, 9.72008456301e-06, 3.19446298818e-05, 2.58526979451e-05, 1.839099059e-05, 6.3682932705e-06, 1.25455690068e-05, 4.22777375206e-05, 1.31268998302e-05, 5.93085724176e-06, 1.68674887391e-05, 1.23498221001e-05, 4.86924182042e-06, 8.12458711152e-06, 1.40632710099e-05, 9.03666568774e-06, 1.49220768435e-05, 2.34445742535e-05, 1.97082372324e-05, 8.6213594841e-06, 8.95742596185e-06, 7.87171029515e-06, 3.60699118573e-06, 3.9334649955e-06, 4.05790297009e-06, 3.72926069758e-06, 2.3839518235e-06, 2.07909556593e-06, 2.15870409193e-06, 2.94014944302e-06, 3.35950585395e-06, 2.88440901386e-06, 2.2987567263e-06, 2.27835039368e-06, 2.5289621135e-06, 2.25190524361e-06, 2.64529012384e-06, 2.71077965408e-06, 2.42646342485e-06, 1.5003287217e-06, 1.32279990339e-06, 1.13521923595e-06, 9.24484083953e-07, 7.31443947188e-07, 9.40351981171e-07, 1.07969947294e-06, 8.33829744806e-07, 5.01755494042e-07, 4.96313020903e-07, 3.85562032079e-07, 2.93190282719e-07, 2.6225751526e-07, 1.99044976057e-07, 1.55423350634e-07, 1.00393641844e-07, 7.74370221279e-08, 5.70913876174e-08, 4.40291394455e-08, 3.35681598074e-08, 2.37335964215e-08, 1.35056295036e-08, 9.75946257142e-09, 6.60604859704e-09, 2.82041767719e-09, 1.05367004011e-09, 1.13713052863e-10, 2.6306229764e-11, 2.13322727538e-11, 2.0654157204e-11, 1.99925909161e-11, 1.94259643094e-11, 1.89725266747e-11, 1.84629204286e-11, 1.81059854609e-11, 1.76874296459e-11, 1.72488481831e-11, 1.69698213814e-11, 1.68474713347e-11],
        "min": [7.56216392664e-27, 1.11077766105e-25, 6.26863880991e-26, 4.04886508086e-25, 2.85971051435e-25, 1.93807667669e-25, 9.86392292186e-26, 8.90527573053e-26, 2.40253973528e-25, 1.8928357503e-25, 4.68337302403e-25, 1.4170937064e-25, 1.6764953309e-25, 3.42023267233e-25, 3.37128188101e-25, 1.69066105409e-25, 2.30411577881e-25, 2.41686890059e-25, 1.10403437942e-25, 4.58739231769e-25, 1.53585770176e-25, 5.3874801927e-25, 4.02198242685e-25, 2.260469091e-25, 5.28629596262e-25, 5.35272593945e-25, 4.42877161813e-25, 5.8965898203e-25, 6.49548167967e-25, 8.42388963337e-25, 6.5502301056e-25, 7.08451820114e-25, 2.15882239121e-25, 9.70288756838e-25, 5.73968686536e-25, 7.63168593006e-25, 1.20127985166e-24, 1.12648321607e-24, 1.03190194898e-24, 1.33973608319e-24, 1.895920936e-25, 6.35406159911e-25, 8.93333995027e-25, 9.6850021195e-25, 1.21845069116e-24, 1.29926416609e-24, 1.38310292259e-24, 1.41454780574e-24, 1.14745774564e-24, 9.72499539525e-25, 1.36498190013e-24, 1.23802390794e-24, 1.0855686494e-24, 1.2885138655e-24, 9.66022399847e-25, 1.49609206169e-24, 1.0168841081e-24, 1.7986896386e-24, 1.48546324568e-24, 1.38279783064e-24, 1.63318080284e-24, 1.61579736532e-24, 1.45135911242e-24, 1.79745507129e-24, 1.44382174368e-24, 1.65021763459e-24, 2.08121543864e-24, 1.62107533782e-24, 1.03481807192e-24, 2.40006946666e-24, 1.60412104064e-24, 1.86482694804e-24, 1.77256710137e-24, 2.49075415531e-24, 2.52737288132e-24, 2.14329484758e-24, 2.53183665075e-24, 2.91036623131e-24, 2.4087143961e-24, 2.35954252651e-24, 2.0436818312e-24, 2.42390588499e-24, 3.27571611551e-24, 2.32401972552e-24, 3.02111303328e-24, 2.6041536993e-24, 2.82663949306e-24, 3.35702282572e-24, 2.01016845615e-24, 2.68432878854e-24, 2.22247202778e-24, 2.82777071959e-24, 3.15051047921e-24, 2.90233148577e-24, 2.43706802919e-24, 4.06260841834e-24, 3.95671961903e-24, 3.7191162921e-24, 3.84270003037e-24, 3.90208981805e-24, 4.01817503899e-24, 4.35022828767e-24, 2.05957560351e-24, 3.15836595611e-24, 3.5455507213e-24, 3.23867810993e-24, 4.01627072877e-24, 4.30562333108e-24, 4.66697408492e-24, 3.49055725545e-24, 4.18431742867e-24, 3.80696818124e-24, 5.08913181506e-24, 4.46427154216e-24, 4.84241911683e-24, 4.72151080031e-24, 4.07233941204e-24, 5.32327717021e-24, 3.48905605315e-24, 4.83475178326e-24, 5.12310765982e-24, 4.77266369685e-24, 5.146628731e-24, 5.20418796695e-24, 4.07814345615e-24, 5.63055111457e-24, 5.10838159887e-24, 5.26781196554e-24],
        "stdev": [9.91131164483e-05, 0.000228569057072, 0.000674536044244, 0.000839503423776, 0.000848481955472, 0.000719391100574, 0.000606590823736, 0.000316450576065, 0.000330429407768, 0.000472083396744, 0.000280725362245, 0.000616334204096, 0.00156832288485, 0.00108482746873, 0.000971816130914, 0.000905074877664, 0.000298099388601, 0.000451522151707, 0.000262008514255, 0.000204198164283, 9.90277840174e-05, 0.000462798023364, 0.000885832763743, 0.000614094664343, 0.000759117421694, 0.000744511082303, 0.00126846635249, 0.000247086078161, 0.000160824667546, 0.000622681051027, 0.000383179663913, 0.000487861165311, 0.000541796092875, 0.000127833569422, 0.000227733529755, 0.000277312443359, 8.49126954563e-05, 0.000105644161522, 0.000481851602672, 0.000309418828692, 0.00013773846149, 0.000436198082753, 0.00041588008753, 9.51602705754e-05, 8.88087088242e-05, 0.000131998138386, 0.00023691894603, 0.000531552592292, 0.000248416647082, 0.000109475942736, 6.04253109486e-05, 1.77199908649e-05, 8.32389196148e-05, 6.96846400388e-05, 3.72850809072e-05, 1.41913687912e-05, 4.6010074584e-05, 0.000100226519862, 3.67407483282e-05, 1.63541171787e-05, 3.67149514204e-05, 2.54453134403e-05, 8.67430935614e-06, 1.61427342391e-05, 2.56959319813e-05, 2.80005806417e-05, 4.38345596194e-05, 6.57779455651e-05, 5.64093388675e-05, 1.60210729518e-05, 1.9729073756e-05, 1.92312199943e-05, 9.91977503872e-06, 7.76090018917e-06, 9.96046037471e-06, 9.91504293779e-06, 9.08699348656e-06, 7.31309819457e-06, 5.67215192859e-06, 9.99910935207e-06, 1.3753922758e-05, 8.53365054354e-06, 7.01999715602e-06, 8.14491977508e-06, 1.11718609332e-05, 8.77660386323e-06, 1.00509278127e-05, 1.09245565909e-05, 8.53579331306e-06, 5.44896920474e-06, 5.2770315051e-06, 3.84997201763e-06, 3.22021674037e-06, 3.35287791131e-06, 4.95619224239e-06, 6.82305744704e-06, 4.84649171995e-06, 2.35029165196e-06, 2.42710143539e-06, 1.86469299024e-06, 1.52820518906e-06, 1.60762533596e-06, 9.60836018749e-07, 7.62460047099e-07, 4.41704514742e-07, 3.68394069028e-07, 2.83725029249e-07, 2.52207712492e-07, 1.56581592137e-07, 1.19224324635e-07, 5.17733163008e-08, 2.85243277887e-08, 2.86635444269e-08, 1.32540920461e-08, 5.50812062627e-09, 9.14169184796e-10, 6.80715261936e-10, 6.53180731724e-10, 6.31626195791e-10, 6.10462180806e-10, 5.93281923589e-10, 5.78955050567e-10, 5.62037194562e-10, 5.51884649092e-10, 5.42318689956e-10, 5.34758737292e-10, 5.29359500678e-10, 5.25961829645e-10]
    },
    "mfcc": {
        "mean": [-847.494995117, 70.902130127, -19.1699085236, 12.6867837906, -5.40970802307, 4.07859992981, -3.93729400635, 1.39468765259, -4.19593095779, 4.11538219452, -1.82725048065, -0.481183052063, 0.712342381477],
        "cov": [[95007.359375, 15970.7294922, -3636.27734375, 3244.03710938, -1177.46875, 903.609863281, -822.924316406, 331.001708984, -1016.74200439, 984.247436523, -419.046478271, -174.018249512, 153.135971069], [15970.7294922, 3200.76660156, -665.229675293, 664.676513672, -218.822280884, 136.221588135, -92.8403396606, 67.0966949463, -187.008728027, 182.734527588, -72.8616943359, -29.9547405243, -1.19848847389], [-3636.27734375, -665.229675293, 737.394592285, 71.9951705933, 98.6883621216, -9.28594303131, 60.3708839417, -20.9084415436, 2.38709783554, -72.577583313, -34.1131019592, -23.0649967194, 8.66065788269], [3244.03710938, 664.676513672, 71.9951705933, 390.429779053, 11.5842599869, 28.5973510742, -38.9430198669, 17.4931278229, -33.0858154297, 46.1690444946, -22.0417709351, -23.5012149811, 7.6577167511], [-1177.46875, -218.822280884, 98.6883621216, 11.5842599869, 102.850723267, -15.7686567307, -20.5760822296, -11.8195638657, 21.1513614655, -8.86345291138, 9.489818573, 4.33364391327, 5.60126399994], [903.609863281, 136.221588135, -9.28594303131, 28.5973510742, -15.7686567307, 88.8672409058, 24.1907787323, 2.75291705132, -33.6250572205, -13.3557949066, -36.6630554199, -12.0397043228, 1.72030484676], [-822.924316406, -92.8403396606, 60.3708839417, -38.9430198669, -20.5760822296, 24.1907787323, 104.545433044, 10.0363454819, 5.00197696686, -28.4732551575, -4.28227424622, 5.95376253128, -8.30944728851], [331.001708984, 67.0966949463, -20.9084415436, 17.4931278229, -11.8195638657, 2.75291705132, 10.0363454819, 56.170753479, -1.57617378235, 8.93972492218, 1.84195196629, -15.0116920471, -3.62503790855], [-1016.74200439, -187.008728027, 2.38709783554, -33.0858154297, 21.1513614655, -33.6250572205, 5.00197696686, -1.57617378235, 82.2405548096, 5.19192552567, 38.1105957031, 25.383939743, -3.87204647064], [984.247436523, 182.734527588, -72.577583313, 46.1690444946, -8.86345291138, -13.3557949066, -28.4732551575, 8.93972492218, 5.19192552567, 81.1478042603, 27.1269168854, -1.59092998505, -3.0129711628], [-419.046478271, -72.8616943359, -34.1131019592, -22.0417709351, 9.489818573, -36.6630554199, -4.28227424622, 1.84195196629, 38.1105957031, 27.1269168854, 76.5878448486, 29.1930236816, -3.91840314865], [-174.018249512, -29.9547405243, -23.0649967194, -23.5012149811, 4.33364391327, -12.0397043228, 5.95376253128, -15.0116920471, 25.383939743, -1.59092998505, 29.1930236816, 52.1834487915, 6.60436820984], [153.135971069, -1.19848847389, 8.66065788269, 7.6577167511, 5.60126399994, 1.72030484676, -8.30944728851, -3.62503790855, -3.87204647064, -3.0129711628, -3.91840314865, 6.60436820984, 29.8800563812]],
        "icov": [[8.66883347044e-05, -0.000397680560127, -1.0139197002e-05, 3.72937756765e-05, 0.000200664740987, -0.000417069386458, 0.000447378610261, -8.5277184553e-05, -4.92861909152e-05, -5.48140014871e-05, -6.89294465701e-05, -5.61778188057e-06, -0.000386097904993], [-0.000397680560127, 0.00301360152662, 0.00104548956733, -0.00220669084229, 0.000345516717061, 0.00172236270737, -0.002190283034, 0.000122091456433, 0.00179088697769, -0.000665443076286, 0.001126773539, -0.00128200033214, 0.00225937203504], [-1.0139197002e-05, 0.00104548956733, 0.00293577113189, -0.00240157451481, -0.000950180285145, 0.0010510639986, -0.00216355547309, 0.000795589701738, 0.00139835441951, 0.00056711921934, 0.00097261328483, 0.000404422054999, -0.00025254135835], [3.72937756765e-05, -0.00220669084229, -0.00240157451481, 0.0068649831228, -0.00227258168161, -0.00120607274584, 0.00180373026524, -0.000849337782711, -0.00205754907802, -0.000954341026954, -0.000549291144125, 0.00178917846642, -0.00127926119603], [0.000200664740987, 0.000345516717061, -0.000950180285145, -0.00227258168161, 0.0154692027718, -0.00184086081572, 0.00517464848235, 0.000725504825823, -0.00194210896734, 0.000836173596326, -0.00129360530991, -0.000771910999902, -0.00158989545889], [-0.000417069386458, 0.00172236270737, 0.0010510639986, -0.00120607274584, -0.00184086081572, 0.0192566923797, -0.00733519531786, 0.00086094631115, 0.00427935924381, 0.000730038504116, 0.00637773517519, -0.000567144074012, 0.00110188394319], [0.000447378610261, -0.002190283034, -0.00216355547309, 0.00180373026524, 0.00517464848235, -0.00733519531786, 0.0174812767655, -0.00433547608554, -0.00242419121787, 0.00326508097351, -0.00174365774728, -0.00328266643919, 0.00208389316685], [-8.5277184553e-05, 0.000122091456433, 0.000795589701738, -0.000849337782711, 0.000725504825823, 0.00086094631115, -0.00433547608554, 0.0222470667213, -0.00169767707121, -0.000382611207897, -0.00346218119375, 0.00967988930643, -0.00111535424367], [-4.92861909152e-05, 0.00179088697769, 0.00139835441951, -0.00205754907802, -0.00194210896734, 0.00427935924381, -0.00242419121787, -0.00169767707121, 0.0212373565882, -0.00142480945215, -0.00339568778872, -0.0074239349924, 0.0034880049061], [-5.48140014871e-05, -0.000665443076286, 0.00056711921934, -0.000954341026954, 0.000836173596326, 0.000730038504116, 0.00326508097351, -0.000382611207897, -0.00142480945215, 0.0200946629047, -0.00881741102785, 0.00503895385191, 0.000568803166971], [-6.89294465701e-05, 0.001126773539, 0.00097261328483, -0.000549291144125, -0.00129360530991, 0.00637773517519, -0.00174365774728, -0.00346218119375, -0.00339568778872, -0.00881741102785, 0.0272216890007, -0.0130142578855, 0.00434488104656], [-5.61778188057e-06, -0.00128200033214, 0.000404422054999, 0.00178917846642, -0.000771910999902, -0.000567144074012, -0.00328266643919, 0.00967988930643, -0.0074239349924, 0.00503895385191, -0.0130142578855, 0.0347980000079, -0.0100115314126], [-0.000386097904993, 0.00225937203504, -0.00025254135835, -0.00127926119603, -0.00158989545889, 0.00110188394319, 0.00208389316685, -0.00111535424367, 0.0034880049061, 0.000568803166971, 0.00434488104656, -0.0100115314126, 0.039908349514]]
    },
    "spectral_contrast_coeffs": {
        "max": [-0.472506463528, -0.425976753235, -0.479720056057, -0.492954432964, -0.590594768524, -0.568061113358],
        "mean": [-0.781479179859, -0.809197306633, -0.812542080879, -0.825337529182, -0.829536914825, -0.800812482834],
        "min": [-0.982017278671, -0.98189252615, -0.975566208363, -0.976092636585, -0.971699655056, -0.965470850468],
        "stdev": [0.142877534032, 0.132154420018, 0.127282127738, 0.111941665411, 0.102930426598, 0.120506122708]
    },
    "spectral_contrast_valleys": {
        "max": [-5.10831022263, -5.38403177261, -5.62708616257, -5.95147132874, -5.96297264099, -7.83394289017],
        "mean": [-14.1024360657, -13.8893384933, -14.1632490158, -14.1550168991, -14.1685371399, -16.2852363586],
        "min": [-28.1314144135, -28.0846271515, -27.812789917, -27.7474651337, -27.5345172882, -27.4668235779],
        "stdev": [9.52501010895, 9.63764190674, 9.44958972931, 9.44624233246, 9.44889545441, 7.94953393936]
    }
},
"rhythm": {
    "beats_count": 58,
    "beats_loudness": {
        "max": 0.0742940083146,
        "mean": 0.0174594856799,
        "min": 0,
        "stdev": 0.0176241155714
    },
    "bpm": 121.194282532,
    "bpm_histogram_first_peak_bpm": 120,
    "bpm_histogram_first_peak_weight": 0.405405402184,
    "bpm_histogram_second_peak_bpm": 129,
    "bpm_histogram_second_peak_spread": 0.285714268684,
    "bpm_histogram_second_peak_weight": 0.175438597798,
    "danceability": 0.846114814281,
    "onset_rate": 1.64979052544,
    "beats_loudness_band_ratio": {
        "max": [0.549369156361, 0.69282490015, 0.541576445103, 0.708816051483, 0.599189400673, 0.206719622016],
        "mean": [0.090404368937, 0.135817423463, 0.128034621477, 0.153689906001, 0.122708745301, 0.0538985878229],
        "min": [0, 0, 0, 0, 0, 0],
        "stdev": [0.122073940933, 0.172520339489, 0.150737717748, 0.181780070066, 0.154267594218, 0.0557659715414]
    },
    "beats_position": [0.46439909935, 0.952018141747, 1.43963718414, 1.92725622654, 2.41487526894, 2.91410422325, 3.41333317757, 3.92417216301, 4.42340135574, 4.92263031006, 5.41024923325, 5.89786815643, 6.38548755646, 6.87310647964, 7.33750534058, 7.80190467834, 8.26630401611, 8.73070240021, 9.19510173798, 9.65950107574, 10.1471195221, 10.623128891, 11.1223583221, 11.5867567062, 12.051156044, 12.5155553818, 12.9799547195, 13.4675731659, 13.9551925659, 14.4544210434, 14.9536504745, 15.4528799057, 15.9521083832, 16.4513378143, 16.9505672455, 17.4497947693, 17.9722442627, 18.4946937561, 19.0171432495, 19.5163707733, 20.0156002045, 20.5148296356, 21.0024490356, 21.4900684357, 21.9776859283, 22.4536952972, 22.9297046661, 23.405714035, 23.9281635284, 24.4506111145, 24.9730606079, 25.4722900391, 25.9715194702, 26.470746994, 26.9699764252, 27.4692058563, 27.9684352875, 28.4676647186],
