{
"metadata": {
    "version": {
        "essentia": "2.1-beta5",
        "essentia_git_sha": "Undefined",
        "extractor": "music 2.0"
    },
    "audio_properties": {
        "analysis": {
            "equal_loudness": 0,
            "length": 48.7502937317,
            "sample_rate": 44100,
            "start_time": 29.0017242432,
            "downmix": "mix"
        },
        "bit_rate": 192000,
        "length": 184.842453003,
        "lossless": 0,
        "number_channels": 2,
        "replay_gain": -8.74208068848,
        "sample_rate": 48000,
        "codec": "mp3",
        "md5_encoded": "643e7cfe0dc386549e526e932ea354a5"
    },
    "tags": {
        "file_name": "Sweden_Stjärnorna_Marie Bergman and Roger Pontare.mp3",
        "encoding": ["Lavf58.29.100"]
    }
},
"lowlevel": {
    "average_loudness": 0.952788114548,
    "barkbands_crest": {
        "max": 24.345375061,
        "mean": 9.31962585449,
        "min": 3.26640892029,
        "stdev": 3.41871261597
    },
    "barkbands_flatness_db": {
        "max": 0.286536067724,
        "mean": 0.168983146548,
        "min": 0.0626092925668,
        "stdev": 0.0343034379184
    },
    "barkbands_kurtosis": {
        "max": 38.1493110657,
        "mean": 3.99058938026,
        "min": -1.83445966244,
        "stdev": 4.53933429718
    },
    "barkbands_skewness": {
        "max": 5.61809921265,
        "mean": 1.46232414246,
        "min": -0.813165068626,
        "stdev": 0.843612074852
    },
    "barkbands_spread": {
        "max": 75.4222946167,
        "mean": 14.280957222,
        "min": 2.40944218636,
        "stdev": 10.5832366943
    },
    "dissonance": {
        "max": 0.500000119209,
        "mean": 0.444729089737,
        "min": 0.251306891441,
        "stdev": 0.0314467549324
    },
    "dynamic_complexity": 2.13605260849,
    "erbbands_crest": {
        "max": 26.863822937,
        "mean": 10.6146564484,
        "min": 2.83744525909,
        "stdev": 4.51532077789
    },
    "erbbands_flatness_db": {
        "max": 0.333569735289,
        "mean": 0.203015804291,
        "min": 0.0989285930991,
        "stdev": 0.0383869893849
    },
    "erbbands_kurtosis": {
        "max": 20.9296665192,
        "mean": 1.0721899271,
        "min": -1.81696820259,
        "stdev": 2.21489930153
    },
    "erbbands_skewness": {
        "max": 3.65574002266,
        "mean": 0.814033150673,
        "min": -2.0378382206,
        "stdev": 0.634584903717
    },
    "erbbands_spread": {
        "max": 116.545684814,
        "mean": 29.3168201447,
        "min": 4.84637308121,
        "stdev": 16.8336715698
    },
    "hfc": {
        "max": 139.796356201,
        "mean": 19.468580246,
        "min": 0.206295773387,
        "stdev": 13.1724357605
    },
    "loudness_ebu128": {
        "integrated": -14.3725910187,
        "loudness_range": 3.40102767944,
        "momentary": {
            "max": -10.3087406158,
            "mean": -14.7077512741,
            "min": -20.089630127,
            "stdev": 1.75731253624
        },
        "short_term": {
            "max": -12.605881691,
            "mean": -14.488822937,
            "min": -17.193321228,
            "stdev": 1.11199676991
        }
    },
    "melbands_crest": {
        "max": 30.1042461395,
        "mean": 12.0229988098,
        "min": 4.38726758957,
        "stdev": 4.32499551773
    },
    "melbands_flatness_db": {
        "max": 0.342384964228,
        "mean": 0.211360558867,
        "min": 0.0686656683683,
        "stdev": 0.0423868000507
    },
    "melbands_kurtosis": {
        "max": 83.3244400024,
        "mean": 8.13525772095,
        "min": -1.03229999542,
        "stdev": 8.22721290588
    },
    "melbands_skewness": {
        "max": 7.10777568817,
        "mean": 1.92530250549,
        "min": -0.432537466288,
        "stdev": 1.06811237335
    },
    "melbands_spread": {
        "max": 146.584945679,
        "mean": 17.1772289276,
        "min": 2.94477963448,
        "stdev": 12.51927948
    },
    "pitch_salience": {
        "max": 0.861959218979,
        "mean": 0.587532162666,
        "min": 0.190002128482,
        "stdev": 0.0954732149839
    },
    "silence_rate_20dB": {
        "max": 1,
        "mean": 1,
        "min": 1,
        "stdev": 0
    },
    "silence_rate_30dB": {
        "max": 1,
        "mean": 0.999524056911,
        "min": 0,
        "stdev": 0.0218116622418
    },
    "silence_rate_60dB": {
        "max": 1,
        "mean": 0.00190385535825,
        "min": 0,
        "stdev": 0.0435910858214
    },
    "spectral_centroid": {
        "max": 4108.04980469,
        "mean": 936.652038574,
        "min": 308.721496582,
        "stdev": 443.680389404
    },
    "spectral_complexity": {
        "max": 41,
        "mean": 17.4735832214,
        "min": 0,
        "stdev": 5.05475378036
    },
    "spectral_decrease": {
        "max": -6.3427360586e-11,
        "mean": -7.20813098098e-09,
        "min": -3.02175529043e-08,
        "stdev": 4.05773503687e-09
    },
    "spectral_energy": {
        "max": 0.117794714868,
        "mean": 0.028971016407,
        "min": 0.000258101295913,
        "stdev": 0.0161598958075
    },
    "spectral_energyband_high": {
        "max": 0.0196132045239,
        "mean": 0.000513491453603,
        "min": 3.55119414053e-06,
        "stdev": 0.00122611841653
    },
    "spectral_energyband_low": {
        "max": 0.0332818962634,
        "mean": 0.00339952041395,
        "min": 7.0675414463e-06,
        "stdev": 0.0033980961889
    },
    "spectral_energyband_middle_high": {
        "max": 0.048990778625,
        "mean": 0.00547870621085,
        "min": 0.000107121384644,
        "stdev": 0.00551174767315
    },
    "spectral_energyband_middle_low": {
        "max": 0.110009565949,
        "mean": 0.020976677537,
        "min": 0.000107203712105,
        "stdev": 0.013990374282
    },
    "spectral_entropy": {
        "max": 8.47046089172,
        "mean": 7.23504114151,
        "min": 6.27802419662,
        "stdev": 0.358274132013
    },
    "spectral_flux": {
        "max": 0.241007253528,
        "mean": 0.0813672766089,
        "min": 0.0173902139068,
        "stdev": 0.0319973193109
    },
    "spectral_kurtosis": {
        "max": 26.7779407501,
        "mean": 5.41656541824,
        "min": -0.861443519592,
        "stdev": 3.7933807373
    },
    "spectral_rms": {
        "max": 0.0107201524079,
        "mean": 0.0051092794165,
        "min": 0.00050180288963,
        "stdev": 0.00146959268022
    },
    "spectral_rolloff": {
        "max": 7838.0859375,
        "mean": 1134.9576416,
        "min": 258.3984375,
        "stdev": 1137.69519043
    },
    "spectral_skewness": {
        "max": 4.08044910431,
        "mean": 1.67391955853,
        "min": 0.00250144046731,
        "stdev": 0.537658154964
    },
    "spectral_spread": {
        "max": 10620936,
        "mean": 3594305.5,
        "min": 1835348.625,
        "stdev": 1154284.625
    },
    "spectral_strongpeak": {
        "max": 7.19282531738,
        "mean": 1.51022100449,
        "min": 0.0259329900146,
        "stdev": 1.27225017548
    },
    "zerocrossingrate": {
        "max": 0.24365234375,
        "mean": 0.0454761572182,
        "min": 0.00830078125,
        "stdev": 0.0270348526537
    },
    "barkbands": {
        "max": [0.000847666116897, 0.0179819837213, 0.0221890583634, 0.037345007062, 0.0475657135248, 0.0370675325394, 0.0515355467796, 0.0695866644382, 0.0792554244399, 0.0377675443888, 0.0255966745317, 0.0166817083955, 0.0178236141801, 0.011861115694, 0.00928742066026, 0.00597547180951, 0.00188323634211, 0.00402879947796, 0.00240900041535, 0.00157181767281, 0.00521869910881, 0.00509072933346, 0.0084425304085, 0.00356530048884, 0.000858541228808, 9.6204894362e-05, 6.45130853627e-07],
        "mean": [4.28217899753e-05, 0.00119161233306, 0.00118147803005, 0.00214665289968, 0.00451876362786, 0.00383799662814, 0.00353878131136, 0.00326504395343, 0.00274696853012, 0.00161287887022, 0.00109164405148, 0.000794092542492, 0.000653743045405, 0.000661624188069, 0.000389608263504, 0.000212349157664, 0.00019818576402, 0.000156713736942, 0.00016124418471, 0.000120641147078, 0.000166295081726, 0.000102236008388, 0.00010487682448, 5.80720297876e-05, 1.48815242937e-05, 1.82385929293e-06, 3.22780180362e-09],
        "min": [2.03502725782e-08, 8.65788535975e-07, 4.63138576379e-07, 2.46267262582e-07, 6.81126630298e-06, 8.60197360453e-06, 2.42295336648e-05, 1.7043279513e-05, 9.35570642469e-06, 8.23090795166e-06, 1.17751869766e-06, 2.66452684627e-06, 3.07328627969e-06, 6.44893873414e-07, 6.28762677479e-07, 9.33481658194e-07, 8.15367855012e-07, 1.84614839327e-06, 1.52160009748e-06, 3.9996069745e-07, 2.02188266485e-06, 7.34589548301e-07, 1.15780132148e-07, 1.89904469039e-07, 6.44225366386e-08, 5.57694411485e-11, 2.10929156086e-11],
        "stdev": [7.49191021896e-05, 0.0013800925808, 0.00164493964985, 0.00324363051914, 0.00528582185507, 0.00410120980814, 0.00478295469657, 0.00673153018579, 0.00622594822198, 0.00361630669795, 0.00253309938125, 0.00148034316953, 0.001464988105, 0.00120145408437, 0.000697119918186, 0.000377272488549, 0.000234444349189, 0.000287207163638, 0.000237660831772, 0.000176848538104, 0.000321850646287, 0.000339256657753, 0.000390321365558, 0.000199966729269, 4.38642055087e-05, 4.87446504849e-06, 1.9385634431e-08]
    },
    "erbbands": {
        "max": [0.419466346502, 4.372797966, 17.983745575, 74.9899368286, 187.35055542, 184.25491333, 309.475708008, 313.631958008, 862.38269043, 755.088012695, 2251.4128418, 1939.67675781, 1525.19677734, 1072.64770508, 1052.89978027, 777.001464844, 899.055175781, 530.102172852, 615.39642334, 384.422088623, 202.002471924, 99.8828048706, 236.493850708, 166.398605347, 100.143188477, 72.1498794556, 168.656616211, 245.086471558, 169.253570557, 178.50151062, 288.013000488, 123.300315857, 33.683681488, 16.6643180847, 2.02147102356, 0.553038597107, 0.221386700869, 0.0502376034856, 0.000778516754508, 0.000136556511279],
        "mean": [0.0266377013177, 0.304172754288, 1.16691255569, 4.68591499329, 10.8586616516, 14.8003826141, 29.2275447845, 26.7186698914, 49.2239837646, 52.9169998169, 77.077003479, 58.0938224792, 69.9315643311, 41.2429847717, 39.2251930237, 36.8447265625, 32.0476760864, 36.8586578369, 24.1741962433, 16.3797245026, 12.0922985077, 9.72615623474, 8.3960943222, 9.88024806976, 6.4594745636, 5.99752855301, 6.6399974823, 5.96431732178, 3.68077540398, 3.20321536064, 2.98001384735, 1.62767601013, 0.822849214077, 0.262749731541, 0.0601130947471, 0.0146784456447, 0.00197596126236, 0.000129006657517, 1.9920131308e-05, 3.45076005033e-05],
        "min": [2.75855018117e-05, 0.000388837710489, 0.00203842716292, 0.0233036354184, 0.0313149392605, 0.0183582920581, 0.0185701418668, 0.0957738608122, 0.330181777477, 0.30077919364, 0.521224021912, 0.309006839991, 0.421362251043, 0.357399225235, 0.540029108524, 0.327011734247, 0.258654713631, 0.158991962671, 0.0404128395021, 0.0278231892735, 0.0552472472191, 0.0482443645597, 0.113656803966, 0.102264873683, 0.0361266545951, 0.019925929606, 0.0919391140342, 0.0511527098715, 0.0238777659833, 0.00841904804111, 0.00384928681888, 0.00439263321459, 0.00254468503408, 0.000696238363162, 0.000377923919586, 3.06493420794e-05, 2.11747351386e-06, 4.78088281852e-07, 1.48610797623e-06, 1.43709416989e-06],
        "stdev": [0.0352221541107, 0.343456804752, 1.42246723175, 6.26871061325, 17.7691783905, 19.3889141083, 35.8561439514, 31.5096321106, 71.7926483154, 76.7489929199, 174.624252319, 122.450622559, 164.310058594, 83.8204574585, 86.0623626709, 66.7963104248, 68.4963607788, 61.0580253601, 46.3293304443, 28.1645927429, 15.6720285416, 11.1683740616, 15.1770868301, 16.33527565, 8.71098423004, 8.78612422943, 10.9822874069, 13.6277627945, 11.7302179337, 11.2148542404, 11.6480951309, 5.79765605927, 2.89852285385, 0.854854464531, 0.157137155533, 0.0344546921551, 0.00796787347645, 0.00134324736428, 2.42849218921e-05, 1.86712804862e-05]
    },
    "gfcc": {
        "mean": [-11.2865600586, 135.647216797, -142.504577637, 31.2228965759, -79.9562988281, 7.48449325562, -39.2741355896, -4.40651702881, -17.4135704041, -6.13855934143, -5.36665248871, -13.4432573318, -0.955585956573],
        "cov": [[1376.68078613, -480.099975586, 49.1071739197, 88.1455230713, -102.474945068, 152.899475098, 50.262966156, 101.337852478, -46.4964752197, 120.405509949, -99.5993270874, 38.7611122131, -79.575920105], [-480.099975586, 700.294250488, -188.997146606, -178.233917236, 238.971954346, -172.350616455, 82.1273040771, -43.170337677, 77.6703338623, -95.8181762695, 92.5556716919, -61.9131698608, 53.1809883118], [49.1071739197, -188.997146606, 542.448242188, 146.99458313, -50.8772163391, 139.990188599, -97.8938369751, 54.0023880005, -68.1865844727, 90.6459274292, -55.5664787292, 113.382080078, -30.3948860168], [88.1455230713, -178.233917236, 146.99458313, 237.220840454, -56.6858940125, 79.5394134521, -16.1428623199, -1.51439809799, 1.34869861603, 34.4161949158, -5.81861639023, 24.5549125671, 8.23145198822], [-102.474945068, 238.971954346, -50.8772163391, -56.6858940125, 218.568817139, -35.9382286072, 25.3914813995, 27.9727573395, 2.8681769371, 15.7888841629, 5.61399555206, 0.39826503396, -10.3215894699], [152.899475098, -172.350616455, 139.990188599, 79.5394134521, -35.9382286072, 188.547424316, 30.2967433929, 39.0605163574, -42.3777046204, 38.1637802124, -5.73488664627, 34.1694450378, -7.96455097198], [50.262966156, 82.1273040771, -97.8938369751, -16.1428623199, 25.3914813995, 30.2967433929, 160.811477661, 32.0819358826, -5.24443626404, -8.95289230347, 21.7427711487, -14.1814012527, 16.9165782928], [101.337852478, -43.170337677, 54.0023880005, -1.51439809799, 27.9727573395, 39.0605163574, 32.0819358826, 129.286376953, 18.9517211914, 39.7790222168, -10.4544210434, 30.8602867126, -3.24396204948], [-46.4964752197, 77.6703338623, -68.1865844727, 1.34869861603, 2.8681769371, -42.3777046204, -5.24443626404, 18.9517211914, 123.772453308, 0.902735471725, 21.6339454651, -25.9998149872, 11.592341423], [120.405509949, -95.8181762695, 90.6459274292, 34.4161949158, 15.7888841629, 38.1637802124, -8.95289230347, 39.7790222168, 0.902735471725, 138.157333374, 6.69090843201, 27.8142051697, -21.4645061493], [-99.5993270874, 92.5556716919, -55.5664787292, -5.81861639023, 5.61399555206, -5.73488664627, 21.7427711487, -10.4544210434, 21.6339454651, 6.69090843201, 110.317298889, 5.29961061478, 18.5741348267], [38.7611122131, -61.9131698608, 113.382080078, 24.5549125671, 0.39826503396, 34.1694450378, -14.1814012527, 30.8602867126, -25.9998149872, 27.8142051697, 5.29961061478, 102.137420654, 9.30726242065], [-79.575920105, 53.1809883118, -30.3948860168, 8.23145198822, -10.3215894699, -7.96455097198, 16.9165782928, -3.24396204948, 11.592341423, -21.4645061493, 18.5741348267, 9.30726242065, 90.8883514404]],
        "icov": [[0.00115104217548, 0.00047939500655, 0.000468136044219, -9.29770394578e-05, 0.000205881864531, -0.000345221662428, -0.000476706249174, -0.000379323872039, 1.60309700732e-05, -0.000660081859678, 0.000840517343022, -0.000401444034651, 0.000671970949043], [0.00047939500655, 0.012247457169, -0.00644895294681, 0.00589043460786, -0.0123722339049, 0.0064243208617, -0.00798833742738, 0.00610346160829, -0.00699292123318, 0.00683809118345, -0.00812421552837, 0.00515975803137, -0.00493536842987], [0.000468136044219, -0.00644895294681, 0.00815131329, -0.00476146303117, 0.00721050519496, -0.00542829651386, 0.00657889898866, -0.0047007757239, 0.00510794483125, -0.00517047615722, 0.00625938829035, -0.00582616077736, 0.00373625988141], [-9.29770394578e-05, 0.00589043460786, -0.00476146303117, 0.0090061025694, -0.00535861449316, 0.0013700069394, -0.00418599974364, 0.00476047443226, -0.00516992621124, 0.00275043910369, -0.00400286633521, 0.00274280901067, -0.00362937082537], [0.000205881864531, -0.0123722339049, 0.00721050519496, -0.00535861449316, 0.0182812418789, -0.0056329369545, 0.00725170597434, -0.00771019607782, 0.00771447550505, -0.0083282077685, 0.00877611152828, -0.00592711800709, 0.00613644579425], [-0.000345221662428, 0.0064243208617, -0.00542829651386, 0.0013700069394, -0.0056329369545, 0.0127146514133, -0.0066925836727, 0.00155185710173, -0.001314574969, 0.00346317468211, -0.00565369892865, 0.00332866515964, -0.00242507527582], [-0.000476706249174, -0.00798833742738, 0.00657889898866, -0.00418599974364, 0.00725170597434, -0.0066925836727, 0.0146682998165, -0.00715380674228, 0.00648664357141, -0.00387575663626, 0.0038473168388, -0.00220501283184, 0.00178452045657], [-0.000379323872039, 0.00610346160829, -0.0047007757239, 0.00476047443226, -0.00771019607782, 0.00155185710173, -0.00715380674228, 0.0155362756923, -0.0080273328349, 0.00178701709956, -0.00226590479724, -0.000415579008404, -0.00280866352841], [1.60309700732e-05, -0.00699292123318, 0.00510794483125, -0.00516992621124, 0.00771447550505, -0.001314574969, 0.00648664357141, -0.0080273328349, 0.015620094724, -0.00463868118823, 0.00257403962314, -7.22058575775e-06, 0.00193619076163], [-0.000660081859678, 0.00683809118345, -0.00517047615722, 0.00275043910369, -0.0083282077685, 0.00346317468211, -0.00387575663626, 0.00178701709956, -0.00463868118823, 0.0141120553017, -0.00711118569598, 0.00273502827622, -0.00131683959626], [0.000840517343022, -0.00812421552837, 0.00625938829035, -0.00400286633521, 0.00877611152828, -0.00565369892865, 0.0038473168388, -0.00226590479724, 0.00257403962314, -0.00711118569598, 0.0176593456417, -0.00672639114782, 0.00272182119079], [-0.000401444034651, 0.00515975803137, -0.00582616077736, 0.00274280901067, -0.00592711800709, 0.00332866515964, -0.00220501283184, -0.000415579008404, -7.22058575775e-06, 0.00273502827622, -0.00672639114782, 0.0176972541958, -0.00534400995821], [0.000671970949043, -0.00493536842987, 0.00373625988141, -0.00362937082537, 0.00613644579425, -0.00242507527582, 0.00178452045657, -0.00280866352841, 0.00193619076163, -0.00131683959626, 0.00272182119079, -0.00534400995821, 0.0155418710783]]
    },
    "melbands": {
        "max": [0.00478489883244, 0.00663104653358, 0.0157919470221, 0.0117584485561, 0.0107022188604, 0.00809452775866, 0.0124484691769, 0.00857419054955, 0.0204389933497, 0.0120204417035, 0.00767734553665, 0.00428755953908, 0.00418250262737, 0.00216537644155, 0.00149190076627, 0.00228040036745, 0.00115451740567, 0.00122549419757, 0.000450427934993, 0.000518533517607, 0.000307685928419, 0.000106427083665, 0.000172272266354, 0.00019687738677, 0.000169984516106, 0.000101195175375, 6.26399851171e-05, 4.83128133055e-05, 8.6462845502e-05, 0.000159566814546, 0.000127680104924, 9.69229367911e-05, 0.000107303909317, 8.55112375575e-05, 0.000165608391399, 0.000144345089211, 5.10589998157e-05, 2.65380513156e-05, 2.41105826717e-05, 9.9129129012e-06],
        "mean": [0.000294760626275, 0.000572070945054, 0.000989920925349, 0.00093146803556, 0.000928095018025, 0.000645039603114, 0.000757950241677, 0.000578708248213, 0.000619059836026, 0.000366511842003, 0.000338902667863, 0.000154626992298, 0.000151027925313, 8.61522858031e-05, 8.47113988129e-05, 6.5872372943e-05, 6.87099309289e-05, 3.91294488509e-05, 2.66465958703e-05, 1.68171336554e-05, 1.4298437236e-05, 1.05303697637e-05, 8.38919095258e-06, 7.36775973564e-06, 8.28681640996e-06, 5.18278284289e-06, 3.9107972043e-06, 3.90739796785e-06, 3.95614642912e-06, 4.10805159845e-06, 3.23814697367e-06, 2.08487790587e-06, 1.82971416507e-06, 1.72900524831e-06, 1.74565707312e-06, 1.48954279666e-06, 8.09083644526e-07, 6.18730780388e-07, 3.9619746417e-07, 1.58685992346e-07],
        "min": [2.09634606563e-07, 4.89448666485e-07, 5.06658398081e-06, 1.75510808731e-06, 6.16941690623e-07, 2.24790028369e-06, 5.05665957462e-06, 3.21055813401e-06, 1.42984094964e-06, 1.34036281452e-06, 1.02823798898e-06, 8.68119343522e-07, 1.15595037187e-06, 6.7768394274e-07, 5.98040458044e-07, 4.97610017192e-07, 1.361851929e-07, 5.47955956165e-08, 3.72286734773e-08, 4.69203946807e-08, 6.9950743864e-08, 4.80162931638e-08, 6.54550973422e-08, 1.08694706569e-07, 8.51894839116e-08, 3.3880763084e-08, 1.53922599111e-08, 1.09288249561e-08, 3.97721038325e-08, 3.36249641464e-08, 2.06219521459e-08, 1.52734251913e-08, 9.85352865968e-09, 2.2484347717e-09, 2.04671546378e-09, 2.45779441244e-09, 1.91550153517e-09, 1.60900703872e-09, 6.21836304671e-10, 3.71489838891e-10],
        "stdev": [0.000356959091732, 0.00059807067737, 0.00129564432427, 0.00123459356837, 0.00105336320121, 0.000741633295547, 0.00106771092396, 0.000904976739548, 0.00146632501855, 0.000810332538094, 0.000813484482933, 0.000342676881701, 0.000369204033632, 0.000157311165822, 0.000160590367159, 0.000144297373481, 0.000123798366985, 8.52489974932e-05, 4.18190320488e-05, 3.28175156028e-05, 2.01209386432e-05, 1.25406095322e-05, 1.36827211463e-05, 1.4216303498e-05, 1.5212789549e-05, 7.73706142354e-06, 6.67732683723e-06, 5.81791573495e-06, 6.13893871559e-06, 8.64490357344e-06, 8.16599913378e-06, 6.72051055517e-06, 6.42015447738e-06, 6.15907856627e-06, 6.91715786161e-06, 5.83801056564e-06, 2.8455078791e-06, 2.2119879759e-06, 1.45269848417e-06, 4.96074335388e-07]
    },
    "melbands128": {
        "max": [0.000806429889053, 0.00296601653099, 0.00878076907247, 0.0066289845854, 0.00903791561723, 0.0132346879691, 0.0188698098063, 0.0222827736288, 0.0238448642194, 0.0207426827401, 0.0129090575501, 0.021750593558, 0.0158298946917, 0.0141013348475, 0.0097804935649, 0.0184574443847, 0.0234805680811, 0.0216302275658, 0.0134207364172, 0.0139135718346, 0.0200465247035, 0.019803930074, 0.0385331586003, 0.0329943187535, 0.0201914794743, 0.0202486850321, 0.020341064781, 0.0144024146721, 0.00629123672843, 0.00757575547323, 0.00825403258204, 0.0063963085413, 0.00856781378388, 0.00350025761873, 0.00407947460189, 0.00498236855492, 0.00345343863592, 0.00278072734363, 0.00418084533885, 0.00472829537466, 0.00272770412266, 0.00339029240422, 0.0021660188213, 0.00233827834018, 0.00220424495637, 0.00245997752063, 0.00175727193709, 0.00108487997204, 0.00103828019928, 0.00148068089038, 0.000817520311102, 0.000517039210536, 0.000468106358312, 0.000365634798072, 0.000273256300716, 0.000173415828613, 0.000201338436455, 0.000275056110695, 0.000333191332174, 0.000539348460734, 0.000310311821522, 0.000191591316252, 0.000399982673116, 0.000384662911529, 0.000231571597396, 0.000128940868308, 0.000127251667436, 0.000104744081909, 0.000115793278383, 0.000163253280334, 0.000120587043057, 6.97028954164e-05, 6.60780569888e-05, 0.000129965061205, 0.000197920919163, 0.000183020238183, 0.000230451332754, 0.000185566474102, 0.000161615709658, 0.000156828726176, 9.72312409431e-05, 9.98131581582e-05, 0.000158722003107, 0.000121857941849, 0.000155913017807, 0.000154826499056, 0.000102356396383, 0.000114375769044, 0.000142515433254, 0.000302510656184, 0.000111282679427, 0.000176588044269, 6.63187383907e-05, 4.00916105718e-05, 4.12801928178e-05, 4.20129363192e-05, 2.54380393017e-05, 2.97956503346e-05, 2.17497126869e-05, 3.02256194118e-05, 1.80600163731e-05, 5.62052082387e-06, 7.76194974605e-06, 4.06068693337e-06, 2.25641929319e-06, 1.30743467253e-06, 3.58219426744e-06, 1.42626140587e-06, 9.85694668998e-07, 6.91860407187e-07, 4.29287013048e-07, 5.70946895095e-07, 7.49645096221e-07, 6.15079329691e-07, 2.5848939913e-06, 1.49491739876e-07, 1.0477521073e-08, 3.01796632129e-09, 2.9380704536e-09, 2.86053691845e-09, 2.78431522283e-09, 2.71685984821e-09, 2.67161048839e-09, 2.62410559948e-09, 2.59827337423e-09, 2.56593812864e-09, 2.54048582171e-09, 2.5269888404e-09],
        "mean": [3.44139552908e-05, 0.000159101429745, 0.00043001328595, 0.0005079775583, 0.000507779535837, 0.000625250278972, 0.000908416695893, 0.00112032832112, 0.00110811670311, 0.000984356622212, 0.000754528446123, 0.000778136483859, 0.00117082195356, 0.000879749539308, 0.00048148620408, 0.00062059314223, 0.000711699656677, 0.000900459475815, 0.000655671290588, 0.000575653626584, 0.000511616060976, 0.000601035251748, 0.000795755535364, 0.000417609873693, 0.00031311926432, 0.00031435751589, 0.000522706890479, 0.000404027523473, 0.000118112831842, 0.000152958687977, 0.000157683200086, 0.000168102153111, 0.000210921483813, 8.38841951918e-05, 5.34281243745e-05, 0.000100992278021, 0.000121170058264, 7.20542157069e-05, 7.71192135289e-05, 6.92264147801e-05, 5.09248238814e-05, 8.21572175482e-05, 7.37133086659e-05, 6.73538088449e-05, 3.67824432033e-05, 3.47988061549e-05, 4.08501837228e-05, 2.56600269495e-05, 2.00231006602e-05, 2.53502421401e-05, 1.46731445057e-05, 1.04518649096e-05, 1.43510842463e-05, 1.54408517119e-05, 1.63901950145e-05, 7.77892364567e-06, 7.68834615883e-06, 1.07093128463e-05, 7.31837690182e-06, 6.79603772369e-06, 6.93826541465e-06, 7.96856329544e-06, 9.35006028158e-06, 8.82782387635e-06, 5.97580356043e-06, 5.06280366608e-06, 4.74230591863e-06, 3.87441741623e-06, 3.41535042025e-06, 4.42842747361e-06, 4.19508569394e-06, 3.47459490513e-06, 3.40148949363e-06, 4.17936189478e-06, 4.36912569057e-06, 4.40039048044e-06, 3.8094192405e-06, 3.74305318473e-06, 3.32626609634e-06, 2.58480963566e-06, 2.12468921745e-06, 1.91486697076e-06, 1.80981635367e-06, 1.76276580532e-06, 1.97405029212e-06, 1.70215457729e-06, 1.67968335063e-06, 1.66387110312e-06, 1.75906563982e-06, 1.8153949668e-06, 1.71557564954e-06, 1.47789273797e-06, 9.64681589721e-07, 7.74838326834e-07, 7.17424029517e-07, 6.60538717057e-07, 6.28950544979e-07, 5.1331363693e-07, 4.32320121035e-07, 3.32703734784e-07, 2.00535723138e-07, 1.22050337836e-07, 1.11813918124e-07, 8.53975805626e-08, 5.8401642633e-08, 4.31540065904e-08, 3.75931925589e-08, 3.45819728409e-08, 2.13522604042e-08, 1.71982055264e-08, 1.21605916448e-08, 5.85968074063e-09, 5.15386622268e-09, 1.45853129574e-09, 2.95721225285e-09, 6.5113509029e-10, 8.60813711978e-11, 6.66168639349e-12, 6.44670167943e-12, 6.27503040848e-12, 6.11997041586e-12, 5.98510997707e-12, 5.87103109184e-12, 5.76668487268e-12, 5.66168899957e-12, 5.53669393319e-12, 5.45710351907e-12, 5.42332541723e-12],
        "min": [1.13956018233e-10, 1.18934933013e-08, 6.47017444066e-08, 9.83019816658e-08, 1.89432839193e-07, 2.36845920654e-07, 4.06489846227e-07, 1.5571424683e-07, 3.13737109536e-06, 1.67788505223e-06, 8.23828713692e-07, 5.56528277684e-07, 5.22874074704e-07, 6.76794343235e-07, 1.35159461934e-06, 3.43051738128e-07, 2.03669219445e-06, 2.33376135839e-06, 2.71242561212e-06, 9.65065169112e-07, 1.0359932503e-06, 5.88953753322e-07, 6.09233097748e-07, 4.73586169392e-07, 3.83809151572e-07, 1.5879528803e-07, 2.77217111488e-07, 4.75370711683e-08, 5.07021582052e-07, 1.80513325176e-07, 7.08854059894e-08, 7.22984410118e-08, 2.33901111812e-08, 7.88399248108e-08, 1.18377862179e-07, 1.80606889444e-07, 1.47199955336e-07, 3.47678678736e-07, 1.1257499466e-07, 6.63107115884e-08, 1.29046640041e-07, 1.46938361922e-07, 7.88829908061e-08, 4.03129725157e-08, 1.77170083049e-08, 6.42210054025e-08, 8.50436734368e-08, 3.14616706021e-08, 1.59895758856e-08, 3.69632147112e-08, 5.06591071314e-08, 2.82322503153e-08, 6.67335910975e-08, 4.719118607e-08, 6.47238422857e-08, 2.028564694e-08, 1.46688776681e-08, 2.46382878544e-08, 3.35580239152e-08, 1.21055103719e-08, 3.33947660636e-08, 3.61296343954e-08, 3.46316397781e-08, 8.51093702181e-08, 3.12026422478e-08, 1.07257180915e-08, 1.92377385133e-08, 1.07225508472e-08, 6.04627947709e-09, 6.06074390674e-09, 1.06161497371e-08, 8.49865422481e-09, 1.83663306785e-08, 1.55263357726e-08, 1.86153474857e-08, 1.92096489826e-08, 9.48504652598e-09, 1.92802507293e-09, 6.21483220442e-09, 4.19178824984e-09, 1.76703651711e-09, 2.03897343454e-09, 1.83914039553e-09, 9.08281116985e-10, 2.86910384339e-10, 6.35587527054e-10, 1.59835655822e-09, 3.23939097768e-10, 3.74449415919e-10, 1.07777586855e-09, 2.21512763687e-09, 6.97315760689e-10, 1.13756026821e-09, 3.13517545258e-10, 3.65285107717e-10, 4.17303192002e-10, 1.13930795353e-10, 1.05372287285e-10, 1.05204865652e-10, 5.12096476335e-11, 4.02616932849e-11, 6.17263835531e-12, 2.04476279658e-11, 4.50531591201e-11, 3.5092039951e-12, 1.58728290928e-11, 2.55703097585e-11, 2.29224061607e-12, 1.21937047048e-13, 7.42049108791e-14, 7.10048407332e-14, 6.08434879085e-14, 8.02471628101e-14, 6.39373536754e-14, 5.98239651719e-14, 8.48423572066e-14, 6.47676763567e-14, 6.21998044975e-14, 5.99898277755e-14, 6.83618065584e-14, 5.82099405027e-14, 6.8627469972e-14, 7.69903075754e-14, 7.05203649924e-14, 4.54976734185e-14, 1.95872337176e-14, 2.13367917051e-15, 8.83272060762e-17],
        "stdev": [6.48509740131e-05, 0.000255521183135, 0.000592014694121, 0.000588907219935, 0.000676981231663, 0.00091052002972, 0.00139555591159, 0.0018651150167, 0.0022673860658, 0.00178679591045, 0.00124552601483, 0.00122905441094, 0.00174416555092, 0.00125208718237, 0.000817472871859, 0.00113690970466, 0.00136906991247, 0.00171915197279, 0.0010502213845, 0.00114564888645, 0.00139852659777, 0.00160894647706, 0.0024227576796, 0.00149954366498, 0.00100630149245, 0.00100770464633, 0.00166593585163, 0.00120019703172, 0.000390062952647, 0.000473867374239, 0.000470683618914, 0.000481897848658, 0.000683533842675, 0.000239466186031, 0.000155006084242, 0.000269931741059, 0.000293386692647, 0.000220035901293, 0.00024453640799, 0.000252606783761, 0.000163982957019, 0.000214004932786, 0.0001796388824, 0.000195577435079, 0.000128554282128, 0.000128664687509, 0.000112667723442, 5.50504264538e-05, 5.43528549315e-05, 7.97721149866e-05, 3.62349055649e-05, 2.1978514269e-05, 3.34752949129e-05, 2.81644242932e-05, 2.34235230891e-05, 1.56370279001e-05, 1.69822105818e-05, 2.20908023039e-05, 1.89128895727e-05, 2.61970162683e-05, 1.8208849724e-05, 1.8638344045e-05, 2.45970550168e-05, 2.45065857598e-05, 1.39610101542e-05, 9.6462035799e-06, 9.44807652559e-06, 7.90267222328e-06, 8.1993830463e-06, 1.19446622193e-05, 7.94022162154e-06, 6.25305619906e-06, 5.85480847803e-06, 7.68111112848e-06, 9.78287062026e-06, 1.01230161818e-05, 9.84817233984e-06, 8.06157095212e-06, 9.68500262388e-06, 8.43604721013e-06, 6.87453757564e-06, 6.7396626946e-06, 7.43738519304e-06, 6.08033906246e-06, 7.99789449957e-06, 6.7859768933e-06, 6.18040257905e-06, 6.59074203213e-06, 7.04348440195e-06, 9.09419304662e-06, 7.08464358468e-06, 6.2492899815e-06, 3.47562354364e-06, 2.92587014883e-06, 2.67232530859e-06, 2.49347931458e-06, 2.39724431594e-06, 2.18296349885e-06, 1.73233127043e-06, 1.16777380299e-06, 7.01827048033e-07, 4.1345469981e-07, 3.63134688541e-07, 2.56585309444e-07, 1.71300769125e-07, 1.19332511872e-07, 1.19341564186e-07, 8.8131486109e-08, 5.98916258809e-08, 4.93996559214e-08, 3.50084796708e-08, 2.71426916498e-08, 3.23055822093e-08, 1.69404668071e-08, 6.60751524606e-08, 6.08498407217e-09, 4.72869687851e-10, 6.7097390144e-11, 6.53248705129e-11, 6.35956218242e-11, 6.19124196355e-11, 6.04257199832e-11, 5.93931154258e-11, 5.83445999847e-11, 5.77692130244e-11, 5.70495976848e-11, 5.64874293174e-11, 5.61879084926e-11]
    },
    "mfcc": {
        "mean": [-638.822509766, 148.302017212, -4.6768040657, 16.7579689026, -12.3164491653, 2.11621928215, -10.0627155304, -4.91730356216, -7.61695766449, 0.369027048349, -6.0604262352, 2.46092200279, -5.97337388992],
        "cov": [[1428.58959961, -526.16796875, 23.3410167694, -39.823890686, -120.918823242, 50.8159179688, 42.9159164429, 14.1667871475, 61.3748245239, 63.3199119568, 58.8422088623, 29.3745727539, -72.7174606323], [-526.16796875, 860.856445312, -383.275604248, 5.53814268112, 73.7302780151, -99.6974639893, 18.6226615906, 16.8062038422, -5.58546972275, -18.3480815887, 15.3381690979, 16.8870220184, -8.63061523438], [23.3410167694, -383.275604248, 587.47857666, 21.3310260773, 42.5962638855, 85.7147445679, 3.80246186256, 2.25910615921, -2.01017808914, -24.6366844177, -30.4214611053, -10.5020189285, 67.1884078979], [-39.823890686, 5.53814268112, 21.3310260773, 145.489425659, 27.1759319305, 18.7271404266, -9.50997257233, -12.9175519943, 10.7065868378, 2.70879721642, 2.02244400978, 0.217462718487, 19.0808315277], [-120.918823242, 73.7302780151, 42.5962638855, 27.1759319305, 161.202194214, 3.78454113007, -24.0487098694, -7.45512914658, 0.907088279724, -2.32791376114, 12.0890741348, -5.86743450165, 26.2340755463], [50.8159179688, -99.6974639893, 85.7147445679, 18.7271404266, 3.78454113007, 116.134399414, 38.3278999329, -5.04221057892, -8.01549625397, 0.847163915634, -8.39018440247, 0.643598794937, 14.4501743317], [42.9159164429, 18.6226615906, 3.80246186256, -9.50997257233, -24.0487098694, 38.3278999329, 170.960540771, 32.0782089233, 7.80440282822, 4.68232345581, -7.41599082947, 24.3008995056, 11.823890686], [14.1667871475, 16.8062038422, 2.25910615921, -12.9175519943, -7.45512914658, -5.04221057892, 32.0782089233, 112.281845093, 23.3112812042, -7.06477355957, -7.36099529266, -2.0462346077, 1.7185959816], [61.3748245239, -5.58546972275, -2.01017808914, 10.7065868378, 0.907088279724, -8.01549625397, 7.80440282822, 23.3112812042, 97.1834106445, 23.1959209442, 7.89321041107, -1.63441669941, -17.6272888184], [63.3199119568, -18.3480815887, -24.6366844177, 2.70879721642, -2.32791376114, 0.847163915634, 4.68232345581, -7.06477355957, 23.1959209442, 116.82661438, 18.5812530518, -7.53172111511, 3.01099944115], [58.8422088623, 15.3381690979, -30.4214611053, 2.02244400978, 12.0890741348, -8.39018440247, -7.41599082947, -7.36099529266, 7.89321041107, 18.5812530518, 101.101547241, 33.2799034119, -17.5131454468], [29.3745727539, 16.8870220184, -10.5020189285, 0.217462718487, -5.86743450165, 0.643598794937, 24.3008995056, -2.0462346077, -1.63441669941, -7.53172111511, 33.2799034119, 101.645309448, 10.4956645966], [-72.7174606323, -8.63061523438, 67.1884078979, 19.0808315277, 26.2340755463, 14.4501743317, 11.823890686, 1.7185959816, -17.6272888184, 3.01099944115, -17.5131454468, 10.4956645966, 116.101333618]],
        "icov": [[0.00112281541806, 0.00086076912703, 0.000432239379734, 0.000152604756295, 0.000233054379351, -0.00013001197658, -0.000274609570624, -0.000133814464789, -0.000468249141704, -0.000229392448091, -0.000503262097482, -0.000243512258749, 0.000366442545783], [0.00086076912703, 0.00268311239779, 0.00166564981919, -9.03420004761e-05, -0.00115327269305, 0.000987897044979, -0.000843096757308, -0.000304635555949, -0.000186541888979, 0.000347386900103, -0.000224008108489, -0.000300814048387, -2.64146055997e-05], [0.000432239379734, 0.00166564981919, 0.00315178511664, 5.11356556672e-05, -0.00111104617827, -0.000896453566384, -0.000182067480637, -0.000240069886786, -0.000511250051204, 0.000772546278313, 0.000168810933246, 1.42114049595e-05, -0.00112657214049], [0.000152604756295, -9.03420004761e-05, 5.11356556672e-05, 0.00764039251953, -0.00075628538616, -0.00152608193457, 0.000599406776018, 0.000916712626349, -0.00155857391655, 0.000142341363244, -0.000244444614509, -1.09733400677e-05, -0.00118639005814], [0.000233054379351, -0.00115327269305, -0.00111104617827, -0.00075628538616, 0.00793425366282, -0.000788352219388, 0.00121354893781, 0.000276406062767, -0.00058188784169, 8.6488762463e-05, -0.0016937921755, 0.000887875445187, -0.00142122583929], [-0.00013001197658, 0.000987897044979, -0.000896453566384, -0.00152608193457, -0.000788352219388, 0.0116202682257, -0.00308940280229, 0.000809229211882, 0.00132615503389, -0.00016718149709, 0.000416373019107, 0.000288530485705, 3.85061393899e-05], [-0.000274609570624, -0.000843096757308, -0.000182067480637, 0.000599406776018, 0.00121354893781, -0.00308940280229, 0.0076515940018, -0.00192052754574, -0.000444659119239, -0.000567630166188, 0.000882436113898, -0.00185308197979, -0.000620493083261], [-0.000133814464789, -0.000304635555949, -0.000240069886786, 0.000916712626349, 0.000276406062767, 0.000809229211882, -0.00192052754574, 0.0103723332286, -0.00274030352011, 0.00122113339603, 0.000296737824101, 0.000764022406656, -0.000711336615495], [-0.000468249141704, -0.000186541888979, -0.000511250051204, -0.00155857391655, -0.00058188784169, 0.00132615503389, -0.000444659119239, -0.00274030352011, 0.0125706242397, -0.00258779572323, 5.59281506867e-05, -0.000118616306281, 0.00229196855798], [-0.000229392448091, 0.000347386900103, 0.000772546278313, 0.000142341363244, 8.6488762463e-05, -0.00016718149709, -0.000567630166188, 0.00122113339603, -0.00258779572323, 0.0100270658731, -0.00221315165982, 0.00185615674127, -0.00170190259814], [-0.000503262097482, -0.000224008108489, 0.000168810933246, -0.000244444614509, -0.0016937921755, 0.000416373019107, 0.000882436113898, 0.000296737824101, 5.59281506867e-05, -0.00221315165982, 0.0129604768008, -0.00474852137268, 0.00229742983356], [-0.000243512258749, -0.000300814048387, 1.42114049595e-05, -1.09733400677e-05, 0.000887875445187, 0.000288530485705, -0.00185308197979, 0.000764022406656, -0.000118616306281, 0.00185615674127, -0.00474852137268, 0.0123793333769, -0.00214195833541], [0.000366442545783, -2.64146055997e-05, -0.00112657214049, -0.00118639005814, -0.00142122583929, 3.85061393899e-05, -0.000620493083261, -0.000711336615495, 0.00229196855798, -0.00170190259814, 0.00229742983356, -0.00214195833541, 0.0110100209713]]
    },
    "spectral_contrast_coeffs": {
        "max": [-0.34994289279, -0.455839335918, -0.484323263168, -0.570337355137, -0.608435928822, -0.595922231674],
        "mean": [-0.656563282013, -0.707348287106, -0.724080383778, -0.769048452377, -0.769164264202, -0.712921440601],
        "min": [-0.898927569389, -0.952187001705, -0.894303679466, -0.885782897472, -0.885093808174, -0.864956438541],
        "stdev": [0.0741287320852, 0.0685782060027, 0.0681465268135, 0.0510791689157, 0.0424404367805, 0.0392772033811]
    },
    "spectral_contrast_valleys": {
        "max": [-5.14119720459, -4.74787712097, -5.73773193359, -6.26926183701, -6.27831983566, -8.01972961426],
        "mean": [-6.65684127808, -6.26895570755, -7.21046113968, -7.64525413513, -7.91383934021, -11.0725517273],
        "min": [-9.27335357666, -7.82459306717, -8.65085697174, -9.87658500671, -9.57110881805, -13.085975647],
        "stdev": [0.535611569881, 0.441105335951, 0.473143786192, 0.44563138485, 0.518821120262, 0.883423864841]
    }
},
"rhythm": {
    "beats_count": 120,
    "beats_loudness": {
        "max": 0.0974885299802,
        "mean": 0.0359382070601,
        "min": 0.00639782473445,
        "stdev": 0.0168659519404
    },
    "bpm": 150.191711426,
    "bpm_histogram_first_peak_bpm": 152,
    "bpm_histogram_first_peak_weight": 0.490000009537,
    "bpm_histogram_second_peak_bpm": 144,
    "bpm_histogram_second_peak_spread": 0.0769230723381,
    "bpm_histogram_second_peak_weight": 0.100840337574,
    "danceability": 1.03997647762,
    "onset_rate": 2.625,
    "beats_loudness_band_ratio": {
        "max": [0.807318747044, 0.704631388187, 0.82869464159, 0.662940680981, 0.354729473591, 0.723083734512],
        "mean": [0.260422229767, 0.28204959631, 0.327187597752, 0.138742655516, 0.0426211543381, 0.0301672201604],
        "min": [0.0146128898486, 0.0314802117646, 0.0405164994299, 0.00621187593788, 0.00348224001937, 0.00220480747521],
        "stdev": [0.1890963763, 0.147280111909, 0.18256932497, 0.117823876441, 0.0434076189995, 0.0816399529576]
    },
