{
"metadata": {
    "version": {
        "essentia": "2.1-beta5",
        "essentia_git_sha": "Undefined",
        "extractor": "music 2.0"
    },
    "audio_properties": {
        "analysis": {
            "equal_loudness": 0,
            "length": 12.7477550507,
            "sample_rate": 44100,
            "start_time": 0,
            "downmix": "mix"
        },
        "bit_rate": 192000,
        "length": 203.592559814,
        "lossless": 0,
        "number_channels": 2,
        "replay_gain": -4.30194664001,
        "sample_rate": 44100,
        "codec": "mp3",
        "md5_encoded": "f12e9a1867e4956742b6c122c629f28f"
    },
    "tags": {
        "file_name": "Ireland_Rock _n_ Roll Kids_Paul Harrington _ Charlie McGettigan.mp3",
        "encoding": ["Lavf58.29.100"]
    }
},
"lowlevel": {
    "average_loudness": 0.842226624489,
    "barkbands_crest": {
        "max": 17.567363739,
        "mean": 6.36353254318,
        "min": 2.91433405876,
        "stdev": 2.56232953072
    },
    "barkbands_flatness_db": {
        "max": 0.239633783698,
        "mean": 0.154439017177,
        "min": 0.0568884350359,
        "stdev": 0.0243466068059
    },
    "barkbands_kurtosis": {
        "max": 6.77610778809,
        "mean": 0.185249254107,
        "min": -1.56227123737,
        "stdev": 1.10326981544
    },
    "barkbands_skewness": {
        "max": 2.31421327591,
        "mean": 0.480060368776,
        "min": -1.90566635132,
        "stdev": 0.57081001997
    },
    "barkbands_spread": {
        "max": 37.3922996521,
        "mean": 16.9853000641,
        "min": 6.85298967361,
        "stdev": 5.06906557083
    },
    "dissonance": {
        "max": 0.499994933605,
        "mean": 0.483321875334,
        "min": 0.378700405359,
        "stdev": 0.0174723323435
    },
    "dynamic_complexity": 2.47893762589,
    "erbbands_crest": {
        "max": 16.9300823212,
        "mean": 6.7039437294,
        "min": 2.76493000984,
        "stdev": 2.33370780945
    },
    "erbbands_flatness_db": {
        "max": 0.312130838633,
        "mean": 0.242408528924,
        "min": 0.0920309498906,
        "stdev": 0.0283878277987
    },
    "erbbands_kurtosis": {
        "max": 3.41780662537,
        "mean": -0.106459029019,
        "min": -1.5191257,
        "stdev": 0.721945405006
    },
    "erbbands_skewness": {
        "max": 1.8647608757,
        "mean": 0.338982284069,
        "min": -1.03704881668,
        "stdev": 0.423058778048
    },
    "erbbands_spread": {
        "max": 55.135093689,
        "mean": 24.0215454102,
        "min": 11.2991199493,
        "stdev": 7.27902078629
    },
    "hfc": {
        "max": 110.293754578,
        "mean": 21.2642097473,
        "min": 1.13921656536e-16,
        "stdev": 14.9331903458
    },
    "loudness_ebu128": {
        "integrated": -20.9565601349,
        "loudness_range": 5.02052879333,
        "momentary": {
            "max": -16.5379238129,
            "mean": -21.6250972748,
            "min": -26.8323192596,
            "stdev": 2.48248243332
        },
        "short_term": {
            "max": -18.3509731293,
            "mean": -21.2624282837,
            "min": -24.5304508209,
            "stdev": 1.60391151905
        }
    },
    "melbands_crest": {
        "max": 24.05119133,
        "mean": 8.49709415436,
        "min": 1.00082194805,
        "stdev": 3.89060878754
    },
    "melbands_flatness_db": {
        "max": 0.236583560705,
        "mean": 0.122161909938,
        "min": 3.02003599018e-07,
        "stdev": 0.0322825647891
    },
    "melbands_kurtosis": {
        "max": 15.0775871277,
        "mean": 1.9759594202,
        "min": -1.50956857204,
        "stdev": 2.40502429008
    },
    "melbands_skewness": {
        "max": 3.31145405769,
        "mean": 1.04581952095,
        "min": -0.102273739874,
        "stdev": 0.615073978901
    },
    "melbands_spread": {
        "max": 133.248138428,
        "mean": 30.4972877502,
        "min": 9.59185886383,
        "stdev": 15.3202419281
    },
    "pitch_salience": {
        "max": 0.996089279652,
        "mean": 0.728797376156,
        "min": 0.390410661697,
        "stdev": 0.0693676769733
    },
    "silence_rate_20dB": {
        "max": 1,
        "mean": 1,
        "min": 1,
        "stdev": 0
    },
    "silence_rate_30dB": {
        "max": 1,
        "mean": 1,
        "min": 1,
        "stdev": 0
    },
    "silence_rate_60dB": {
        "max": 1,
        "mean": 0.0236363634467,
        "min": 0,
        "stdev": 0.15191398561
    },
    "spectral_centroid": {
        "max": 11186.4716797,
        "mean": 2116.55126953,
        "min": 925.631225586,
        "stdev": 982.073120117
    },
    "spectral_complexity": {
        "max": 48,
        "mean": 27.7090911865,
        "min": 0,
        "stdev": 7.86978816986
    },
    "spectral_decrease": {
        "max": 5.45445267704e-28,
        "mean": -3.64383834217e-09,
        "min": -2.2254651455e-08,
        "stdev": 3.27241322928e-09
    },
    "spectral_energy": {
        "max": 0.0897365063429,
        "mean": 0.0156814083457,
        "min": 1.06880136195e-20,
        "stdev": 0.0134322280064
    },
    "spectral_energyband_high": {
        "max": 0.0164460930973,
        "mean": 0.000836033257656,
        "min": 7.4328818101e-21,
        "stdev": 0.00141791370697
    },
    "spectral_energyband_low": {
        "max": 0.00526295416057,
        "mean": 0.000263553141849,
        "min": 4.87880808709e-23,
        "stdev": 0.000514280982316
    },
    "spectral_energyband_middle_high": {
        "max": 0.0281493533403,
        "mean": 0.00829250179231,
        "min": 1.5127770252e-21,
        "stdev": 0.00525513943285
    },
    "spectral_energyband_middle_low": {
        "max": 0.0694441497326,
        "mean": 0.00662220967934,
        "min": 2.41761810348e-22,
        "stdev": 0.0099323829636
    },
    "spectral_entropy": {
        "max": 9.82140827179,
        "mean": 7.83734750748,
        "min": 7.26074075699,
        "stdev": 0.237546831369
    },
    "spectral_flux": {
        "max": 0.287647366524,
        "mean": 0.0775288119912,
        "min": 6.79923617408e-11,
        "stdev": 0.0330178551376
    },
    "spectral_kurtosis": {
        "max": 14.4159965515,
        "mean": 2.74974012375,
        "min": -1.20896744728,
        "stdev": 1.75444221497
    },
    "spectral_rms": {
        "max": 0.00935669895262,
        "mean": 0.00362658593804,
        "min": 3.22913766039e-12,
        "stdev": 0.00146520906128
    },
    "spectral_rolloff": {
        "max": 19143.0175781,
        "mean": 2682.88061523,
        "min": 775.1953125,
        "stdev": 1904.18041992
    },
    "spectral_skewness": {
        "max": 3.35168409348,
        "mean": 1.07629287243,
        "min": -0.0532122291625,
        "stdev": 0.315376132727
    },
    "spectral_spread": {
        "max": 41588116,
        "mean": 3384754.75,
        "min": 2071184.125,
        "stdev": 3620405
    },
    "spectral_strongpeak": {
        "max": 6.16931867599,
        "mean": 1.08699858189,
        "min": 0,
        "stdev": 0.860328197479
    },
    "zerocrossingrate": {
        "max": 0.505859375,
        "mean": 0.0889976918697,
        "min": 0.0341796875,
        "stdev": 0.0486391335726
    },
    "barkbands": {
        "max": [0.000147202925291, 0.000372205715394, 0.00169907417148, 0.00773950200528, 0.011736872606, 0.0396261960268, 0.0415437221527, 0.0316974930465, 0.0361041538417, 0.018598780036, 0.00759173557162, 0.00841992720962, 0.00621167570353, 0.00433717062697, 0.00400159414858, 0.00503601040691, 0.00216603511944, 0.00313298520632, 0.00314623373561, 0.0059805251658, 0.00421068863943, 0.00787562411278, 0.00392262591049, 0.00052700820379, 1.3916754142e-05, 5.35608648988e-07, 5.53591746666e-07],
        "mean": [1.72953532456e-05, 3.29925605911e-05, 0.00011693451961, 0.000189872487681, 0.000677262607496, 0.00130602240097, 0.00107093027327, 0.0011280218605, 0.00174891378265, 0.00175637460779, 0.00110077310819, 0.000878981023561, 0.000976368202828, 0.000925552740227, 0.000845670583658, 0.000565792492125, 0.000417914445279, 0.000429124309449, 0.000501292059198, 0.000350889313268, 0.0002628233633, 0.000201266157092, 0.000146211445099, 3.24766624544e-05, 1.66585255101e-06, 1.60229562951e-09, 1.59658108956e-09],
        "min": [1.51202152995e-24, 3.23082618291e-24, 1.32152960737e-23, 5.23822652615e-24, 3.50525262971e-23, 2.5963135263e-23, 1.20719810311e-23, 9.14760896884e-24, 3.24207096124e-23, 3.58479663022e-23, 5.34426757561e-23, 8.69495868816e-23, 3.94391388218e-23, 5.00316254247e-23, 8.15412259351e-23, 1.3838892197e-22, 9.26934724591e-23, 8.26452841036e-23, 2.0584551607e-22, 2.18986146459e-22, 4.34885663211e-22, 3.42249689246e-22, 4.89833750631e-22, 6.78802313386e-22, 1.11198741968e-21, 1.33300529317e-21, 2.26896268063e-21],
        "stdev": [1.67214493558e-05, 4.12457557104e-05, 0.000241990492214, 0.0005544302403, 0.00145333842374, 0.00411612121388, 0.00338025344536, 0.0033379488159, 0.00265184673481, 0.00238339207135, 0.00116799178068, 0.000716857670341, 0.000849894771818, 0.000743547745515, 0.000704500474967, 0.000430414191214, 0.000300574611174, 0.000439688417828, 0.000493607716635, 0.000572301796637, 0.000422907964094, 0.000613578187767, 0.000384943617973, 4.8785994295e-05, 1.92289030565e-06, 2.28214762643e-08, 2.35888553135e-08]
    },
    "erbbands": {
        "max": [0.0214414559305, 0.106614232063, 1.19546210766, 15.5189275742, 18.3069133759, 66.2505645752, 104.263923645, 477.968688965, 406.909881592, 1036.27905273, 1018.49383545, 970.449951172, 403.795379639, 541.179382324, 327.829040527, 385.458770752, 296.618469238, 254.25743103, 217.70350647, 181.090423584, 308.610748291, 134.305892944, 137.845153809, 189.314102173, 193.240447998, 260.133270264, 155.055496216, 225.913070679, 284.588989258, 209.910491943, 122.189346313, 31.0770168304, 2.92954540253, 0.344853699207, 0.0136770065874, 0.00219261879101, 0.000987636274658, 0.000346968852682, 8.04102091934e-05, 0.000104563339846],
        "mean": [0.00108916498721, 0.00857321266085, 0.0939540490508, 0.45862993598, 0.794310688972, 2.50565242767, 5.90328502655, 12.3072376251, 13.8104572296, 21.5401802063, 27.5593490601, 39.319858551, 51.2338523865, 53.4348831177, 43.2249717712, 35.7417182922, 43.4981231689, 47.6880073547, 48.5526390076, 35.7460670471, 30.9619064331, 24.2211856842, 21.8823852539, 28.9967880249, 20.0389785767, 17.0736503601, 13.8577356339, 8.30839920044, 6.95823860168, 6.4622387886, 3.75269389153, 1.20308744907, 0.328483790159, 0.0494163483381, 0.00191856757738, 0.000134179048473, 3.08407252305e-05, 1.00107899925e-05, 1.16815726869e-05, 2.06116092158e-05],
        "min": [1.51113551294e-22, 1.0033862389e-21, 1.49351498564e-20, 2.79092903562e-20, 4.36508249876e-20, 1.19350530164e-19, 1.62784982798e-19, 2.08327207955e-19, 2.00554489007e-19, 6.1090658998e-19, 2.92763077773e-19, 5.75007261588e-19, 1.37333953669e-18, 1.26051282492e-18, 2.7637655229e-18, 3.6987736778e-18, 1.92782486087e-18, 3.59948636169e-18, 3.02525116981e-18, 5.89948521595e-18, 6.49587706093e-18, 5.29430457697e-18, 5.3357359859e-18, 1.08982195485e-17, 1.04494575226e-17, 8.69887203117e-18, 1.3964416779e-17, 1.52232847553e-17, 1.17073800314e-17, 1.45293695569e-17, 1.35795230225e-17, 1.23933667037e-17, 1.05403803883e-17, 1.04776470107e-17, 8.04388064364e-18, 4.75742548193e-18, 2.64839367979e-18, 1.1158085369e-18, 2.723250475e-19, 2.995820704e-20],
        "stdev": [0.00147410400677, 0.0115640200675, 0.176868453622, 1.18585455418, 1.98995280266, 6.04127597809, 14.2944774628, 45.2069587708, 39.4187736511, 82.4646530151, 80.3876571655, 66.149848938, 56.6887512207, 68.4980926514, 37.9486160278, 29.3758239746, 36.008769989, 36.2851104736, 37.3939781189, 26.6698360443, 24.4367160797, 17.3228607178, 20.2143936157, 29.8937911987, 21.3704624176, 27.5626831055, 18.830871582, 19.3433132172, 21.1802997589, 17.5300655365, 10.2935552597, 2.45844864845, 0.347742944956, 0.0481147803366, 0.00202981429175, 0.00017287855735, 5.4098032706e-05, 1.85979824892e-05, 9.80813365459e-06, 1.65782257682e-05]
    },
    "gfcc": {
        "mean": [-55.3187026978, 90.0974502563, -221.768875122, 31.4916439056, -85.5732498169, 15.4523601532, -21.0186443329, -9.65613269806, 2.71163392067, -21.3614253998, 7.00727033615, -17.0346946716, 4.74333572388],
        "cov": [[17632.890625, 1658.74572754, -2730.94799805, 532.895141602, -1289.74682617, -38.1229362488, -303.138458252, -367.936187744, 31.2969856262, -419.160247803, 41.109588623, -342.113800049, -17.2186717987], [1658.74572754, 915.912902832, 224.042770386, 125.154502869, -118.036781311, -302.823486328, -252.489700317, -298.477722168, -143.065139771, -165.866531372, -32.0785064697, -156.480331421, -81.6742477417], [-2730.94799805, 224.042770386, 933.519958496, 37.0609436035, 170.738021851, -187.11680603, -139.975784302, -165.469696045, -121.364059448, -5.38188648224, -58.1032981873, -30.2891273499, -62.3570327759], [532.895141602, 125.154502869, 37.0609436035, 134.716445923, -7.33215761185, -17.663980484, -57.650138855, -73.9198303223, -43.1704597473, -24.8392295837, -11.647611618, -28.6919231415, -14.9813156128], [-1289.74682617, -118.036781311, 170.738021851, -7.33215761185, 163.674743652, 41.4412193298, 33.9814338684, 43.1838874817, -10.8972511292, 12.7033758163, -3.73492956161, 24.1620578766, -3.36952829361], [-38.1229362488, -302.823486328, -187.11680603, -17.663980484, 41.4412193298, 232.367156982, 100.50944519, 128.713623047, 51.8724594116, 35.1711616516, -3.72703099251, 52.5630760193, 34.5793609619], [-303.138458252, -252.489700317, -139.975784302, -57.650138855, 33.9814338684, 100.50944519, 185.225982666, 110.555046082, 81.9484558105, 23.1392402649, -1.62942302227, 31.2223186493, 6.21406173706], [-367.936187744, -298.477722168, -165.469696045, -73.9198303223, 43.1838874817, 128.713623047, 110.555046082, 189.608901978, 74.5961685181, 70.9783248901, 31.8736915588, 45.0843849182, 33.7666053772], [31.2969856262, -143.065139771, -121.364059448, -43.1704597473, -10.8972511292, 51.8724594116, 81.9484558105, 74.5961685181, 97.5648880005, 41.6186065674, 16.8813610077, 31.3037052155, 4.20925951004], [-419.160247803, -165.866531372, -5.38188648224, -24.8392295837, 12.7033758163, 35.1711616516, 23.1392402649, 70.9783248901, 41.6186065674, 101.155464172, 38.4245834351, 31.3271617889, 29.5854377747], [41.109588623, -32.0785064697, -58.1032981873, -11.647611618, -3.73492956161, -3.72703099251, -1.62942302227, 31.8736915588, 16.8813610077, 38.4245834351, 56.8235168457, 29.9027786255, 16.0731506348], [-342.113800049, -156.480331421, -30.2891273499, -28.6919231415, 24.1620578766, 52.5630760193, 31.2223186493, 45.0843849182, 31.3037052155, 31.3271617889, 29.9027786255, 81.4907531738, 33.4885864258], [-17.2186717987, -81.6742477417, -62.3570327759, -14.9813156128, -3.36952829361, 34.5793609619, 6.21406173706, 33.7666053772, 4.20925951004, 29.5854377747, 16.0731506348, 33.4885864258, 64.7738723755]],
        "icov": [[0.0011880787788, -0.00220816698857, 0.00289578875527, -0.00353795848787, 0.00500711705536, -0.00130817957688, 0.000351397669874, -0.000694709771778, -0.00041876238538, 0.000793987186626, 0.000375734758563, -0.000308358954499, 0.000519002380315], [-0.00220816698857, 0.00986348465085, -0.00649285828695, 0.00601305672899, -0.00810017436743, 0.00361910718493, 0.00278740655631, 0.00402003526688, -0.00273043406196, 0.0069469762966, -0.00838030129671, 0.00894480105489, -0.00326693803072], [0.00289578875527, -0.00649285828695, 0.0107500357553, -0.00773179205135, 0.00814147759229, -0.000927793909796, 0.001211375813, -0.000267874711426, 0.00202225404792, -0.00443430664018, 0.00808467250317, -0.00510268192738, 0.00461169797927], [-0.00353795848787, 0.00601305672899, -0.00773179205135, 0.0223087724298, -0.0167306568474, 0.000293634191621, 2.27913164963e-06, 0.00839108042419, 0.00324123562314, -0.00504159228876, -0.00250953878276, 0.00346576538868, -0.000120686934679], [0.00500711705536, -0.00810017436743, 0.00814147759229, -0.0167306568474, 0.0343486517668, -0.007403367199, -0.000880700477865, -0.00785071682185, 0.00129647459835, 0.00801701657474, -0.00279144477099, -0.00188243482262, 0.00292157777585], [-0.00130817957688, 0.00361910718493, -0.000927793909796, 0.000293634191621, -0.007403367199, 0.0137615622953, -0.000454417022411, -0.00506083155051, 0.0019991279114, -0.00220102234744, 0.00931205041707, -0.00578813068569, -0.000102325539046], [0.000351397669874, 0.00278740655631, 0.001211375813, 2.27913164963e-06, -0.000880700477865, -0.000454417022411, 0.0149454958737, -0.0017601629952, -0.00997065380216, 0.00708155240864, -0.00014814522001, 0.00439295824617, -0.000365645741113], [-0.000694709771778, 0.00402003526688, -0.000267874711426, 0.00839108042419, -0.00785071682185, -0.00506083155051, -0.0017601629952, 0.0224053896964, -0.00405454821885, -0.00338060013019, -0.00972909200937, 0.00928205624223, -0.00322776450776], [-0.00041876238538, -0.00273043406196, 0.00202225404792, 0.00324123562314, 0.00129647459835, 0.0019991279114, -0.00997065380216, -0.00405454821885, 0.0302386041731, -0.0161973014474, 0.0100416243076, -0.0146022206172, 0.0117034669966], [0.000793987186626, 0.0069469762966, -0.00443430664018, -0.00504159228876, 0.00801701657474, -0.00220102234744, 0.00708155240864, -0.00338060013019, -0.0161973014474, 0.038726914674, -0.0269035249949, 0.0180269088596, -0.0130693912506], [0.000375734758563, -0.00838030129671, 0.00808467250317, -0.00250953878276, -0.00279144477099, 0.00931205041707, -0.00014814522001, -0.00972909200937, 0.0100416243076, -0.0269035249949, 0.054188914597, -0.0297559667379, 0.01027831994], [-0.000308358954499, 0.00894480105489, -0.00510268192738, 0.00346576538868, -0.00188243482262, -0.00578813068569, 0.00439295824617, 0.00928205624223, -0.0146022206172, 0.0180269088596, -0.0297559667379, 0.041302587837, -0.0164370797575], [0.000519002380315, -0.00326693803072, 0.00461169797927, -0.000120686934679, 0.00292157777585, -0.000102325539046, -0.000365645741113, -0.00322776450776, 0.0117034669966, -0.0130693912506, 0.01027831994, -0.0164370797575, 0.0289495028555]]
    },
    "melbands": {
        "max": [0.000136720191222, 0.000511950638611, 0.00250188284554, 0.00223969295621, 0.00334664713591, 0.00930806621909, 0.00524839991704, 0.00942429900169, 0.00924675352871, 0.00538185145706, 0.00216741580516, 0.00250182440504, 0.00107749586459, 0.000772634055465, 0.00075684528565, 0.000546443625353, 0.000531574129127, 0.000386717700167, 0.0003437117266, 0.000261463283096, 0.0003742830595, 0.000143616984133, 0.000134731744765, 0.000180049581104, 0.00016651552869, 0.000157626491273, 0.000266530085355, 0.000169450984686, 0.000106482322735, 0.00011723699572, 0.000140523829032, 0.000150156483869, 0.000185933429748, 9.38819139265e-05, 9.11435636226e-05, 4.2727246182e-05, 1.14241856863e-05, 2.00471413336e-06, 9.20563934415e-07, 1.80636888558e-07],
        "mean": [1.05249782791e-05, 4.05103819503e-05, 8.63756868057e-05, 0.000105315237306, 0.000198569789063, 0.000271234108368, 0.000217551758396, 0.000233691258472, 0.000233225990087, 0.000251794903306, 0.000257619976765, 0.00022132351296, 0.000147751125041, 0.00010228924657, 9.68353488133e-05, 9.36463839025e-05, 8.76115082065e-05, 7.87150347605e-05, 6.06501016591e-05, 3.88458865928e-05, 3.55401061825e-05, 2.59070493485e-05, 1.93924806808e-05, 2.02247265406e-05, 2.43083704845e-05, 1.73942207766e-05, 1.13539299491e-05, 1.12894313133e-05, 9.26434404391e-06, 5.96579457124e-06, 4.42874625151e-06, 3.88526495954e-06, 3.93559457734e-06, 3.44770569427e-06, 2.43021781898e-06, 1.1780840623e-06, 5.49804099137e-07, 2.50766902354e-07, 1.0217118529e-07, 1.79703452119e-08],
        "min": [2.07756735139e-24, 7.08861810848e-24, 5.44633631598e-24, 5.53001868081e-24, 6.71463650825e-24, 4.60179603035e-24, 2.82376527835e-24, 6.88205961361e-24, 2.38525761709e-24, 4.23933140491e-24, 6.57522822022e-24, 4.16702480877e-24, 8.36527036558e-24, 8.94522985905e-24, 2.66417674507e-24, 5.9437490099e-24, 5.40969412137e-24, 3.59132989736e-24, 6.4407743731e-24, 8.72272532984e-24, 7.53422354573e-24, 4.6542339813e-24, 6.19276873185e-24, 3.10211622926e-24, 8.05235133259e-24, 7.60711508223e-24, 7.31239033716e-24, 4.72786270832e-24, 7.67914676035e-24, 9.51859920851e-24, 7.9853817749e-24, 6.24316511078e-24, 6.84612384393e-24, 8.07537897127e-24, 6.81799306405e-24, 6.8041943091e-24, 7.21794948731e-24, 7.18391013925e-24, 7.81130383894e-24, 8.54206434963e-24],
        "stdev": [1.15155235108e-05, 7.39073293516e-05, 0.000201575792744, 0.000213329869439, 0.000450276653282, 0.000938734505326, 0.000595327524934, 0.000832988647744, 0.000675193208735, 0.000387168605812, 0.000295625563012, 0.000302135129459, 0.00014056674263, 8.05154850241e-05, 9.35956777539e-05, 7.36606889404e-05, 7.25143690943e-05, 6.30492140772e-05, 5.44052127225e-05, 2.79442792817e-05, 3.05426074192e-05, 1.99072383111e-05, 1.6986112314e-05, 2.22698072321e-05, 2.68293661065e-05, 2.0296072762e-05, 1.7923723135e-05, 1.91030976566e-05, 1.2869285456e-05, 1.08633666969e-05, 1.17756089821e-05, 1.18979623949e-05, 1.27653220261e-05, 8.84619385033e-06, 7.00500459061e-06, 2.96120060739e-06, 9.55759105636e-07, 2.45604041993e-07, 9.96477567128e-08, 2.56459689041e-08]
    },
    "melbands128": {
        "max": [0.000122971716337, 0.000231152080232, 0.000133132125484, 0.000180776230991, 0.000503212679178, 0.00102923426311, 0.00348407984711, 0.00351957301609, 0.00258863461204, 0.00128301873337, 0.00516389217228, 0.00462369807065, 0.0049241790548, 0.00737135484815, 0.0182537939399, 0.0132712395862, 0.0117592578754, 0.00669488869607, 0.0107731726021, 0.0192935336381, 0.00875933002681, 0.010510256514, 0.0178906954825, 0.00857924111187, 0.0109163541347, 0.0024037072435, 0.00295779015869, 0.0025251347106, 0.00580071844161, 0.00527909770608, 0.00270835007541, 0.00207051006146, 0.00162296835333, 0.0016963116359, 0.000865125039127, 0.000761750619859, 0.00197064969689, 0.00081707019126, 0.00146857625805, 0.000898161262739, 0.0010429766262, 0.000597322941758, 0.000845085829496, 0.0008483020938, 0.000735400244594, 0.000693126930855, 0.000679622462485, 0.000699167372659, 0.000364481849829, 0.00024315425253, 0.000205577016459, 0.000525651266798, 0.000399745622417, 0.000391158333514, 0.000230707417359, 0.000235090934439, 0.000248234369792, 0.000166585319676, 0.000260466855252, 0.000173009757418, 0.000271689234069, 0.000371722941054, 0.000323086132994, 0.000220904577873, 0.000164317709277, 0.00031522649806, 0.000137500057463, 0.000146042439155, 0.000448961916845, 0.000428867555456, 0.000146669874084, 0.000200940514333, 0.00012748753943, 0.000129635373014, 0.00015962998441, 0.00012957045692, 0.000221918351599, 0.000195587956114, 0.000116603019706, 0.000230316349189, 0.000160030671395, 0.000194028703845, 0.000120203098049, 0.00029871170409, 0.000139581534313, 8.09748962638e-05, 9.98808100121e-05, 0.000101913377875, 0.000124489029986, 6.4977335569e-05, 6.22428342467e-05, 3.52759489033e-05, 1.97409426619e-05, 1.55986272148e-05, 5.43541864317e-06, 2.61894501818e-06, 2.58125442087e-06, 1.86535794455e-06, 1.18924629078e-06, 4.51138532753e-07, 3.69176660797e-07, 2.14035949853e-07, 1.33499096222e-08, 4.98154140161e-09, 4.66758676154e-09, 4.39900116334e-09, 4.15930401232e-09, 3.94980714802e-09, 3.74857256347e-09, 3.54104678912e-09, 3.38594530191e-09, 3.26155036312e-09, 3.12174619488e-09, 2.97100433144e-09, 2.87129942045e-09, 2.78674683329e-09, 2.68671351833e-09, 2.5907040957e-09, 2.52376675114e-09, 2.45940001697e-09, 2.38742448033e-09, 2.33733543631e-09, 2.29151386755e-09, 2.24477281208e-09, 2.21373119835e-09, 2.18215201464e-09, 2.15831863493e-09, 2.15022177841e-09],
        "mean": [1.16848050311e-05, 9.65420713328e-06, 9.70425026026e-06, 1.27180801428e-05, 2.8974345696e-05, 6.79325967212e-05, 9.65473082033e-05, 9.08866495593e-05, 7.55290457164e-05, 6.93870897521e-05, 0.000143170211231, 0.00021334439225, 0.000198458874365, 0.000198716690647, 0.000273475947324, 0.00033946862095, 0.000233670551097, 0.000174927903572, 0.000209811376408, 0.000284449983155, 0.000203143252293, 0.000203593968763, 0.000251950899838, 0.000239368353505, 0.000261013046838, 0.000241419838858, 0.000265085662249, 0.000248059048317, 0.000271214841632, 0.000248306896538, 0.000202794515644, 0.000170248109498, 0.000135833077366, 0.00014577213733, 0.000118037271022, 7.95451633167e-05, 9.16621065699e-05, 9.60570105235e-05, 0.000106370134745, 9.00343802641e-05, 9.53185881372e-05, 9.04891930986e-05, 8.86670750333e-05, 8.79604995134e-05, 7.65643562772e-05, 8.02872673376e-05, 7.58802343626e-05, 6.86864514137e-05, 5.04453673784e-05, 4.12700028392e-05, 3.6545250623e-05, 3.70939160348e-05, 3.84940321965e-05, 3.49099791492e-05, 2.85004516627e-05, 2.69593037956e-05, 2.18232235056e-05, 1.8763319531e-05, 1.91817471205e-05, 1.89717939065e-05, 1.87284440472e-05, 2.20629044634e-05, 2.53880662058e-05, 2.59785283561e-05, 2.11604874494e-05, 1.93122959899e-05, 1.32250224851e-05, 1.07730857053e-05, 1.11446561277e-05, 1.19786755022e-05, 1.1506125702e-05, 1.1258669474e-05, 8.9894328994e-06, 9.56653366302e-06, 9.30332043936e-06, 5.14895782544e-06, 5.20926323588e-06, 4.89938747705e-06, 4.14480427935e-06, 4.26033830081e-06, 3.92600122723e-06, 3.85663543057e-06, 3.47663149114e-06, 4.21902313974e-06, 4.07758852816e-06, 3.45281500813e-06, 3.45677631231e-06, 2.89372155748e-06, 2.55730424215e-06, 1.98714110411e-06, 1.38238829095e-06, 9.66361312749e-07, 7.57398424867e-07, 5.731057513e-07, 4.11509375908e-07, 3.02263629237e-07, 2.21394188316e-07, 1.62755014799e-07, 1.23172100075e-07, 5.73956313588e-08, 2.87465056203e-08, 1.39579787728e-08, 4.67255178993e-10, 1.59525604532e-11, 1.43819305423e-11, 1.35243673899e-11, 1.2780222193e-11, 1.21534639991e-11, 1.14996510578e-11, 1.0835898151e-11, 1.01194929172e-11, 9.65794978713e-12, 9.21597867465e-12, 8.73954381087e-12, 8.44778240416e-12, 8.06357237926e-12, 7.7237946941e-12, 7.42530429504e-12, 7.24892628562e-12, 7.07786954046e-12, 6.8843637388e-12, 6.75030951275e-12, 6.61292461762e-12, 6.48802322631e-12, 6.41328613479e-12, 6.34494973922e-12, 6.2758799893e-12, 6.23767660787e-12],
        "min": [1.1435766486e-24, 7.56786215245e-25, 1.91529432445e-24, 1.00288517969e-24, 1.41707354114e-24, 7.22043913232e-24, 4.9063965251e-24, 3.09692729944e-24, 2.11648974845e-24, 2.00168603205e-24, 6.09283346579e-24, 7.57652147861e-24, 3.75914743317e-24, 2.35759857603e-24, 2.67959483425e-24, 1.29891785615e-24, 8.31003728323e-25, 2.5346363181e-24, 2.78509866943e-24, 5.66935399921e-24, 2.60132306915e-24, 2.12720031018e-24, 1.92310385019e-24, 2.94488698173e-24, 1.68370428698e-24, 3.06823840047e-24, 1.02813101636e-23, 7.27252761789e-24, 3.56307881619e-24, 1.87017049459e-24, 4.97602099416e-24, 4.43035722855e-24, 5.31827579207e-24, 7.70244103402e-24, 5.74569522445e-24, 2.86556307341e-24, 5.36120796912e-24, 2.11981558603e-24, 9.29604636158e-25, 3.1007503166e-24, 6.0652840764e-24, 8.3880187475e-24, 4.34721957218e-24, 8.39001101572e-25, 2.81825330999e-24, 3.30216109963e-24, 4.23264068114e-24, 1.60056091137e-24, 3.47176501096e-24, 7.83777170003e-24, 8.20305295334e-24, 6.4754799142e-24, 7.35970779197e-24, 5.49197152492e-24, 6.09884221931e-24, 1.94783661173e-24, 6.13067749e-24, 3.69074530407e-24, 3.28533982412e-24, 4.55488207789e-24, 2.08256951839e-24, 2.00599025437e-24, 7.20108837432e-24, 7.07817516781e-24, 7.05870371409e-24, 5.43305189834e-24, 4.35209354928e-24, 5.35809906829e-24, 6.32591859189e-24, 2.57650905495e-24, 3.53474411576e-24, 6.7633597132e-24, 6.15809474519e-24, 4.50915181121e-24, 7.30546729385e-24, 8.48332734435e-24, 5.75759952994e-24, 4.69814355701e-24, 5.9298189096e-24, 6.17037257632e-24, 6.81904382678e-24, 4.98656648674e-24, 6.23862679399e-24, 4.49508878785e-24, 7.93293751306e-24, 6.42390694923e-24, 6.44424023349e-24, 5.77458370523e-24, 6.07956837524e-24, 6.02336243017e-24, 5.1252821549e-24, 7.51035182588e-24, 4.90402718137e-24, 5.8874196081e-24, 7.08251232507e-24, 4.79345491487e-24, 6.72240363272e-24, 3.22477877521e-24, 6.57819985925e-24, 8.23474070704e-24, 6.47763074346e-24, 8.39340587863e-24, 9.57545556939e-24, 8.25042562842e-24, 9.777586188e-24, 5.54226850738e-24, 7.32624825668e-24, 6.32436887464e-24, 7.02474325212e-24, 8.18863888688e-24, 5.93288521194e-24, 7.37261434524e-24, 7.40957484524e-24, 7.14027429827e-24, 7.35981113275e-24, 9.88281471073e-24, 8.42666188781e-24, 7.24215962849e-24, 7.73766367344e-24, 6.30767263358e-24, 7.357495826e-24, 8.70837121681e-24, 7.8072609268e-24, 6.63144402605e-24, 7.14698119369e-24, 1.05126136473e-23, 7.69477251716e-24, 6.60290027748e-24],
        "stdev": [1.09318416435e-05, 1.46559250425e-05, 1.26012018882e-05, 1.99672904273e-05, 5.83703658776e-05, 0.00014760994236, 0.000275025027804, 0.000268280069577, 0.000255399441812, 0.000161016025231, 0.00041735151899, 0.000588559370954, 0.000611165480223, 0.000649974273983, 0.0012703537941, 0.00147226965055, 0.000946146261413, 0.000650602683891, 0.000832658610307, 0.00146821176168, 0.000791906786617, 0.000733862048946, 0.00110698991921, 0.000665893370751, 0.000660368939862, 0.000365461106412, 0.000334059441229, 0.000322423118632, 0.000548895623069, 0.000455215835245, 0.000298492494039, 0.000248511059908, 0.00016247772146, 0.000172610511072, 0.000121218588902, 7.55034416215e-05, 0.000125918100821, 0.000110402950668, 0.000153823726578, 9.93500798359e-05, 0.000101151097624, 8.92760726856e-05, 0.000101139412436, 0.000103031241451, 7.85282609286e-05, 8.80411680555e-05, 8.23448572191e-05, 8.47704723128e-05, 5.52849378437e-05, 3.53063987859e-05, 3.26980771206e-05, 4.07920015277e-05, 3.9922833821e-05, 3.70136767742e-05, 2.93115062959e-05, 2.76571518043e-05, 2.23363476834e-05, 1.94749682123e-05, 2.46456984314e-05, 2.47420612141e-05, 2.59733078565e-05, 3.40586084349e-05, 3.64335828635e-05, 3.54440053343e-05, 2.56218481809e-05, 3.41858685715e-05, 1.78288591997e-05, 1.6051424609e-05, 2.37978747464e-05, 2.81015727523e-05, 1.95000520762e-05, 2.03928411793e-05, 1.50514733832e-05, 1.57437298185e-05, 1.70593430084e-05, 1.07402920548e-05, 1.37852694024e-05, 1.43591396409e-05, 1.04363589344e-05, 1.39481298902e-05, 1.22421024571e-05, 1.29544578158e-05, 1.00547031252e-05, 1.71609499375e-05, 1.19732267194e-05, 7.96942094894e-06, 9.74393606157e-06, 8.62298202264e-06, 8.04636874818e-06, 5.83528299103e-06, 3.74458613805e-06, 2.41575025939e-06, 1.61915909302e-06, 1.1139252365e-06, 5.41756946859e-07, 3.21792327895e-07, 2.22643379288e-07, 1.79962626135e-07, 1.3567641588e-07, 6.5731491361e-08, 4.84221907016e-08, 2.58547778742e-08, 1.26723687099e-09, 2.12327128102e-10, 1.98918728711e-10, 1.8747670083e-10, 1.77239070642e-10, 1.68299624237e-10, 1.59725149773e-10, 1.5088248706e-10, 1.44277409464e-10, 1.38975109198e-10, 1.33017694082e-10, 1.26596080841e-10, 1.22347298959e-10, 1.18741502741e-10, 1.14481583935e-10, 1.10393451325e-10, 1.07539664673e-10, 1.0479598439e-10, 1.01730311675e-10, 9.9595366676e-11, 9.76427133592e-11, 9.56516393869e-11, 9.43280037413e-11, 9.29822330242e-11, 9.19668646793e-11, 9.16217657299e-11]
    },
    "mfcc": {
        "mean": [-641.763427734, 90.9212722778, -66.1289978027, -1.15312206745, -31.3917999268, 8.92505455017, -14.6536865234, 12.0051488876, -9.49949550629, 11.4242353439, -7.75752830505, 2.21228075027, -6.89129686356],
        "cov": [[5626.27783203, 905.632385254, -328.524169922, 230.805160522, -406.352783203, 125.32636261, -266.21472168, 102.050254822, -215.889419556, 184.839828491, -237.304779053, 42.1869506836, -151.949996948], [905.632385254, 866.566894531, 240.874710083, 304.469177246, -4.48098134995, -23.9151573181, -175.311721802, -126.811378479, -266.410949707, -21.5853214264, -227.040130615, -38.5701179504, -89.3236160278], [-328.524169922, 240.874710083, 421.973602295, 150.391448975, 116.20149231, -7.22981548309, -53.4771575928, -165.832351685, -96.1710128784, -93.7686157227, -90.3675384521, -36.4399185181, 2.69950127602], [230.805160522, 304.469177246, 150.391448975, 253.096969604, 4.26588106155, 22.382610321, -88.378326416, -71.3877029419, -153.907485962, 5.79436826706, -134.974975586, -17.7086677551, -41.6888542175], [-406.352783203, -4.48098134995, 116.20149231, 4.26588106155, 176.120880127, -18.0828895569, 48.3360710144, -66.1922302246, 3.26775121689, -75.3433151245, 23.466917038, -43.5074310303, 36.4371490479], [125.32636261, -23.9151573181, -7.22981548309, 22.382610321, -18.0828895569, 108.765548706, -12.6747846603, 51.777633667, -6.44487285614, 7.31503725052, -26.0780582428, 6.36007452011, -33.3266983032], [-266.21472168, -175.311721802, -53.4771575928, -88.378326416, 48.3360710144, -12.6747846603, 121.490905762, 22.2666778564, 84.0353546143, -8.93844985962, 71.5582885742, -17.5741252899, 28.0235862732], [102.050254822, -126.811378479, -165.832351685, -71.3877029419, -66.1922302246, 51.777633667, 22.2666778564, 170.686935425, 48.6894416809, 50.2716255188, 43.5297050476, 9.19493961334, -31.1975040436], [-215.889419556, -266.410949707, -96.1710128784, -153.907485962, 3.26775121689, -6.44487285614, 84.0353546143, 48.6894416809, 162.617904663, 10.1830186844, 98.4300537109, 19.9993133545, 32.5079994202], [184.839828491, -21.5853214264, -93.7686157227, 5.79436826706, -75.3433151245, 7.31503725052, -8.93844985962, 50.2716255188, 10.1830186844, 97.7868881226, 8.2785949707, 23.4121704102, -14.7443685532], [-237.304779053, -227.040130615, -90.3675384521, -134.974975586, 23.466917038, -26.0780582428, 71.5582885742, 43.5297050476, 98.4300537109, 8.2785949707, 143.409988403, 16.0974884033, 52.4725608826], [42.1869506836, -38.5701179504, -36.4399185181, -17.7086677551, -43.5074310303, 6.36007452011, -17.5741252899, 9.19493961334, 19.9993133545, 23.4121704102, 16.0974884033, 64.8216018677, 12.3734264374], [-151.949996948, -89.3236160278, 2.69950127602, -41.6888542175, 36.4371490479, -33.3266983032, 28.0235862732, -31.1975040436, 32.5079994202, -14.7443685532, 52.4725608826, 12.3734264374, 82.0284118652]],
        "icov": [[0.000329013942974, -0.000567606650293, 0.00047396242735, -3.05285029754e-05, 0.000641584570985, -0.000689774809871, 0.000202262803214, 0.000319612707244, -0.000348389323335, 3.57007183993e-06, -0.00019213615451, 0.000436032831203, -0.000356667587766], [-0.000567606650293, 0.00410561123863, -0.00120952783618, -0.000552334357053, -0.00162856525276, 0.00312879867852, 0.000820281449705, -0.000597069272771, 0.00306752789766, -0.000192667052033, 0.00208245939575, -0.000929900736082, 0.00222351984121], [0.00047396242735, -0.00120952783618, 0.00635234033689, -0.00221738521941, -0.000606083893217, -0.00236157304607, 0.00187456607819, 0.00414150953293, -0.00186423584819, 0.00271191773936, -0.000766758515965, 0.00147581880447, -3.65120504284e-05], [-3.05285029754e-05, -0.000552334357053, -0.00221738521941, 0.0151889827102, -0.00281919515692, -0.00197673239745, -0.000651206006296, 0.00121341354679, 0.00860800221562, -0.00711003458127, 0.0069056362845, -0.00112773862202, -0.00066918815719], [0.000641584570985, -0.00162856525276, -0.000606083893217, -0.00281919515692, 0.015432080254, -0.00313280872069, -0.00371651351452, 0.00290416041389, -0.00140387751162, 0.00679290108383, -0.00561794824898, 0.00677232956514, -0.00340177933685], [-0.000689774809871, 0.00312879867852, -0.00236157304607, -0.00197673239745, -0.00313280872069, 0.0165680125356, 4.07440857089e-05, -0.00737066101283, 0.000710511230864, 0.00132881221361, 0.00464086327702, -0.00488857692108, 0.00423410767689], [0.000202262803214, 0.000820281449705, 0.00187456607819, -0.000651206006296, -0.00371651351452, 4.07440857089e-05, 0.0190004762262, 0.00042144296458, -0.00689249439165, -0.000495614367537, -0.00261823413894, 0.0068782013841, -0.000508462544531], [0.000319612707244, -0.000597069272771, 0.00414150953293, 0.00121341354679, 0.00290416041389, -0.00737066101283, 0.00042144296458, 0.0156141994521, -0.000323822110659, -0.00181625690311, -0.00516652269289, 0.00385630340315, 0.00445730192587], [-0.000348389323335, 0.00306752789766, -0.00186423584819, 0.00860800221562, -0.00140387751162, 0.000710511230864, -0.00689249439165, -0.000323822110659, 0.0218194834888, -0.00331894448027, 0.000326499517541, -0.00540602160618, 0.00163788010832], [3.57007183993e-06, -0.000192667052033, 0.00271191773936, -0.00711003458127, 0.00679290108383, 0.00132881221361, -0.000495614367537, -0.00181625690311, -0.00331894448027, 0.0204851645976, -0.00453898776323, -0.00146250473335, 0.00121666968334], [-0.00019213615451, 0.00208245939575, -0.000766758515965, 0.0069056362845, -0.00561794824898, 0.00464086327702, -0.00261823413894, -0.00516652269289, 0.000326499517541, -0.00453898776323, 0.0235511492938, -0.00443643191829, -0.006584323477], [0.000436032831203, -0.000929900736082, 0.00147581880447, -0.00112773862202, 0.00677232956514, -0.00488857692108, 0.0068782013841, 0.00385630340315, -0.00540602160618, -0.00146250473335, -0.00443643191829, 0.0258765164763, -0.00589002482593], [-0.000356667587766, 0.00222351984121, -3.65120504284e-05, -0.00066918815719, -0.00340177933685, 0.00423410767689, -0.000508462544531, 0.00445730192587, 0.00163788010832, 0.00121666968334, -0.006584323477, -0.00589002482593, 0.0233828071505]]
    },
    "spectral_contrast_coeffs": {
        "max": [-0.471995353699, -0.515385806561, -0.659213006496, -0.730308711529, -0.699325203896, -0.523917496204],
        "mean": [-0.720560789108, -0.77846288681, -0.800144612789, -0.82433617115, -0.793346881866, -0.672983109951],
        "min": [-0.973941504955, -0.998529374599, -0.99901008606, -0.986908137798, -0.989962160587, -0.961666822433],
        "stdev": [0.106981016695, 0.0791077911854, 0.044228117913, 0.0289356913418, 0.0324637368321, 0.0557141564786]
    },
    "spectral_contrast_valleys": {
        "max": [-6.61471366882, -5.25167798996, -5.45140171051, -5.71821308136, -5.93062782288, -9.43945884705],
        "mean": [-8.6563835144, -6.95227909088, -6.58846092224, -6.76744604111, -7.17183017731, -11.058218956],
        "min": [-27.3130321503, -27.5607662201, -27.4340839386, -27.3895950317, -27.3158512115, -27.3969249725],
        "stdev": [1.96746087074, 2.10611629486, 2.11185336113, 2.08030939102, 2.05394864082, 1.69260311127]
    }
},
"rhythm": {
    "beats_count": 19,
    "beats_loudness": {
        "max": 0.049917511642,
        "mean": 0.0186476036906,
        "min": 0.00326678459533,
        "stdev": 0.0132192457095
    },
    "bpm": 89.1117477417,
    "bpm_histogram_first_peak_bpm": 89,
    "bpm_histogram_first_peak_weight": 0.16666662693,
    "bpm_histogram_second_peak_bpm": 108,
    "bpm_histogram_second_peak_spread": 0.33333337307,
    "bpm_histogram_second_peak_weight": 0.222222223878,
    "danceability": 1.03557944298,
    "onset_rate": 2.42958807945,
    "beats_loudness_band_ratio": {
        "max": [0.0709500685334, 0.712000727654, 0.407613694668, 0.683705508709, 0.410524755716, 0.174357533455],
        "mean": [0.0215871818364, 0.15692961216, 0.208763316274, 0.350011914968, 0.215843081474, 0.0840218514204],
        "min": [0.00309673626907, 0.00223797140643, 0.0639597028494, 0.0745148584247, 0.0410912483931, 0.0241249725223],
        "stdev": [0.0214017685503, 0.213281050324, 0.116086930037, 0.154137015343, 0.112847834826, 0.0375155285001]
    },
    "beats_position": [0.545668900013, 1.10294783115, 1.66022670269, 2.20589566231, 2.77478456497, 3.33206343651, 3.88934230804, 4.57433080673, 5.24770975113, 5.92108821869, 6.59446716309, 7.25623559952, 7.91800451279, 8.59138298035, 9.26476192474, 9.93814086914, 10.6115188599, 11.2848978043, 11.9698867798],
