{
"metadata": {
    "version": {
        "essentia": "2.1-beta5",
        "essentia_git_sha": "Undefined",
        "extractor": "music 2.0"
    },
    "audio_properties": {
        "analysis": {
            "equal_loudness": 0,
            "length": 32.4963264465,
            "sample_rate": 44100,
            "start_time": 12.7477550507,
            "downmix": "mix"
        },
        "bit_rate": 192000,
        "length": 200.515930176,
        "lossless": 0,
        "number_channels": 2,
        "replay_gain": -1.22987747192,
        "sample_rate": 48000,
        "codec": "mp3",
        "md5_encoded": "9e0094d8628bffe290ce57ec2e1cfaec"
    },
    "tags": {
        "file_name": "BosniaHerzegovina_Ostani Kraj Mene_Alma and Dejan.mp3",
        "encoding": ["Lavf58.29.100"]
    }
},
"lowlevel": {
    "average_loudness": 0.977547645569,
    "barkbands_crest": {
        "max": 19.6041526794,
        "mean": 5.75752687454,
        "min": 2.59273695946,
        "stdev": 2.61988115311
    },
    "barkbands_flatness_db": {
        "max": 0.294088572264,
        "mean": 0.121430084109,
        "min": 0.060882974416,
        "stdev": 0.0273082666099
    },
    "barkbands_kurtosis": {
        "max": 25.2700881958,
        "mean": 0.737811505795,
        "min": -1.4510730505,
        "stdev": 2.32624053955
    },
    "barkbands_skewness": {
        "max": 4.35827445984,
        "mean": 0.0607878081501,
        "min": -2.4857609272,
        "stdev": 0.74111199379
    },
    "barkbands_spread": {
        "max": 50.9866142273,
        "mean": 16.5820121765,
        "min": 2.70109367371,
        "stdev": 7.51357936859
    },
    "dissonance": {
        "max": 0.5,
        "mean": 0.492319315672,
        "min": 0.305094897747,
        "stdev": 0.00992493331432
    },
    "dynamic_complexity": 1.35091292858,
    "erbbands_crest": {
        "max": 24.011932373,
        "mean": 6.70693922043,
        "min": 3.23337340355,
        "stdev": 2.21510887146
    },
    "erbbands_flatness_db": {
        "max": 0.315099388361,
        "mean": 0.216377690434,
        "min": 0.124200306833,
        "stdev": 0.0305677764118
    },
    "erbbands_kurtosis": {
        "max": 5.55891895294,
        "mean": 0.578955054283,
        "min": -1.48227238655,
        "stdev": 0.794933974743
    },
    "erbbands_skewness": {
        "max": 1.23551607132,
        "mean": 0.140326812863,
        "min": -1.92751336098,
        "stdev": 0.40479812026
    },
    "erbbands_spread": {
        "max": 91.5952148438,
        "mean": 18.3193626404,
        "min": 5.66954803467,
        "stdev": 7.84885406494
    },
    "hfc": {
        "max": 113.645553589,
        "mean": 35.79870224,
        "min": 0.483366549015,
        "stdev": 16.059715271
    },
    "loudness_ebu128": {
        "integrated": -21.1230506897,
        "loudness_range": 2.47617340088,
        "momentary": {
            "max": -18.7823257446,
            "mean": -21.4362983704,
            "min": -28.718328476,
            "stdev": 1.86636829376
        },
        "short_term": {
            "max": -19.9552364349,
            "mean": -21.0235481262,
            "min": -25.2202377319,
            "stdev": 0.991741776466
        }
    },
    "melbands_crest": {
        "max": 26.3174571991,
        "mean": 6.93326282501,
        "min": 2.82932448387,
        "stdev": 3.37850904465
    },
    "melbands_flatness_db": {
        "max": 0.404834955931,
        "mean": 0.110719025135,
        "min": 0.0318608917296,
        "stdev": 0.0438049510121
    },
    "melbands_kurtosis": {
        "max": 47.4129066467,
        "mean": 1.71004390717,
        "min": -1.26342284679,
        "stdev": 5.15465211868
    },
    "melbands_skewness": {
        "max": 5.93389368057,
        "mean": 0.55760216713,
        "min": -1.35592198372,
        "stdev": 0.93273293972
    },
    "melbands_spread": {
        "max": 115.827781677,
        "mean": 32.864566803,
        "min": 2.52894687653,
        "stdev": 13.4369525909
    },
    "pitch_salience": {
        "max": 0.875691175461,
        "mean": 0.744438111782,
        "min": 0.314400702715,
        "stdev": 0.0807316452265
    },
    "silence_rate_20dB": {
        "max": 1,
        "mean": 1,
        "min": 1,
        "stdev": 0
    },
    "silence_rate_30dB": {
        "max": 1,
        "mean": 1,
        "min": 1,
        "stdev": 0
    },
    "silence_rate_60dB": {
        "max": 1,
        "mean": 0.00713775865734,
        "min": 0,
        "stdev": 0.0841808989644
    },
    "spectral_centroid": {
        "max": 4042.98803711,
        "mean": 2164.59521484,
        "min": 233.391601562,
        "stdev": 478.606811523
    },
    "spectral_complexity": {
        "max": 55,
        "mean": 36.8008575439,
        "min": 1,
        "stdev": 8.05854701996
    },
    "spectral_decrease": {
        "max": -1.89294302455e-10,
        "mean": -5.01521801866e-09,
        "min": -2.89147923382e-08,
        "stdev": 2.30386776323e-09
    },
    "spectral_energy": {
        "max": 0.112164333463,
        "mean": 0.0221756324172,
        "min": 0.000851153687108,
        "stdev": 0.00932699907571
    },
    "spectral_energyband_high": {
        "max": 0.0152300037444,
        "mean": 0.0010940914508,
        "min": 7.13282952347e-06,
        "stdev": 0.00114341883454
    },
    "spectral_energyband_low": {
        "max": 0.0823983475566,
        "mean": 0.00225970335305,
        "min": 4.53693928648e-06,
        "stdev": 0.00662048719823
    },
    "spectral_energyband_middle_high": {
        "max": 0.0402511656284,
        "mean": 0.0157394558191,
        "min": 9.32531329454e-05,
        "stdev": 0.0071556433104
    },
    "spectral_energyband_middle_low": {
        "max": 0.0540421307087,
        "mean": 0.00385724357329,
        "min": 9.15861819522e-05,
        "stdev": 0.00518436916173
    },
    "spectral_entropy": {
        "max": 8.26982212067,
        "mean": 7.87431812286,
        "min": 6.26250123978,
        "stdev": 0.189357414842
    },
    "spectral_flux": {
        "max": 0.219260424376,
        "mean": 0.0915983617306,
        "min": 0.0291745383292,
        "stdev": 0.0217017903924
    },
    "spectral_kurtosis": {
        "max": 24.2235679626,
        "mean": 4.50928735733,
        "min": -0.275160551071,
        "stdev": 2.04053258896
    },
    "spectral_rms": {
        "max": 0.0104608135298,
        "mean": 0.00455054920167,
        "min": 0.000911259499844,
        "stdev": 0.000962946738582
    },
    "spectral_rolloff": {
        "max": 6395.36132812,
        "mean": 2473.56591797,
        "min": 172.265625,
        "stdev": 683.194641113
    },
    "spectral_skewness": {
        "max": 4.15952682495,
        "mean": 1.43982541561,
        "min": 0.441223949194,
        "stdev": 0.278121501207
    },
    "spectral_spread": {
        "max": 17512878,
        "mean": 3071472.75,
        "min": 1959786.75,
        "stdev": 543247.5
    },
    "spectral_strongpeak": {
        "max": 20.1075630188,
        "mean": 1.65550863743,
        "min": 0.0239323768765,
        "stdev": 2.1979534626
    },
    "zerocrossingrate": {
        "max": 0.18798828125,
        "mean": 0.0897851958871,
        "min": 0.0078125,
        "stdev": 0.0206690896302
    },
    "barkbands": {
        "max": [0.000262384244706, 0.0241470858455, 0.0523230880499, 0.0405094325542, 0.0178785696626, 0.00775857875124, 0.0077310227789, 0.00269713089801, 0.00866761710495, 0.0128740305081, 0.00649462174624, 0.00829961616546, 0.0106069343165, 0.012015491724, 0.00828233640641, 0.0162762273103, 0.0302812363952, 0.0278701465577, 0.00247577135451, 0.0145361768082, 0.00875544641167, 0.00226260838099, 0.00129643199034, 0.000590568059124, 0.000102873425931, 0.000241325076786, 8.98741404853e-07],
        "mean": [4.75339584227e-05, 0.000753810862079, 0.000918563979212, 0.000788997334894, 0.000549932126887, 0.000363241008017, 0.000290084630251, 0.000327173969708, 0.0010765013285, 0.00141419423744, 0.00116388732567, 0.00182749459054, 0.00216352124698, 0.00218194024637, 0.00206168554723, 0.00172089680564, 0.00133808422834, 0.0013244189322, 0.000468639162136, 0.000600575527642, 0.00037814193638, 0.000219623354496, 0.000113619695185, 5.95061428612e-05, 1.90802784346e-05, 4.51057849205e-06, 2.39083663978e-09],
        "min": [4.30317811606e-07, 1.55962595727e-06, 2.40496945025e-07, 1.0341435086e-07, 7.24468122826e-07, 2.94326264338e-06, 3.27013799506e-06, 4.6629525059e-06, 2.19714511331e-05, 2.11229034903e-05, 6.02034742769e-06, 1.39608055179e-05, 9.26306620386e-06, 2.37897329498e-05, 4.31424314229e-06, 1.23906454519e-06, 1.97457939066e-06, 1.32513548579e-06, 2.05755463867e-06, 1.14856914024e-06, 1.36549476792e-06, 7.58510736887e-07, 7.36644437893e-07, 4.98125132253e-07, 3.23278158021e-07, 8.75086456631e-08, 1.15122467115e-10],
        "stdev": [3.81545069104e-05, 0.00190492125694, 0.00353840459138, 0.00343675911427, 0.00145905383397, 0.000638869649265, 0.000460875453427, 0.000280827458482, 0.00108525552787, 0.00133735348936, 0.000812849903014, 0.00123860186432, 0.00143304350786, 0.00150901300367, 0.00127638084814, 0.00126570963766, 0.00156555406284, 0.00251980219036, 0.000298748142086, 0.000881028245203, 0.000502466456965, 0.000176360932528, 9.37521690503e-05, 4.4175038056e-05, 1.3347269487e-05, 1.03915745058e-05, 3.3919985043e-08]
    },
    "erbbands": {
        "max": [0.645641624928, 6.17622995377, 36.9653701782, 110.615913391, 64.305015564, 72.7156143188, 127.077354431, 59.0690917969, 73.1979751587, 114.987335205, 73.0145645142, 213.610961914, 352.387664795, 487.446868896, 287.507110596, 414.218200684, 445.558502197, 596.174560547, 477.45513916, 638.410583496, 1142.52160645, 1454.5637207, 877.760742188, 1156.19848633, 134.918548584, 613.402770996, 315.099853516, 384.130523682, 121.155822754, 37.9927635193, 34.9597434998, 13.9996156693, 15.1311597824, 1.95181405544, 0.482221096754, 0.728645682335, 0.714776873589, 0.016327759251, 0.000432423170423, 0.000124876707559],
        "mean": [0.0203837603331, 0.184948414564, 0.691978991032, 2.53657102585, 1.73830616474, 1.72719681263, 2.62091350555, 2.96408605576, 4.05373287201, 5.15568256378, 9.26121711731, 23.7736492157, 40.738319397, 44.1627883911, 56.0180130005, 77.8038864136, 97.3876266479, 108.962005615, 113.61958313, 104.128982544, 91.3634490967, 75.2002258301, 67.4870758057, 43.6549415588, 25.1520957947, 25.9787826538, 20.7585449219, 11.6932649612, 8.36162376404, 5.59973573685, 2.84045743942, 1.4723303318, 0.866235852242, 0.313436716795, 0.0920935347676, 0.0362118855119, 0.00477041862905, 0.000137397742947, 2.19341491174e-05, 3.0457842513e-05],
        "min": [0.000100820230728, 0.00019268001779, 0.000516091065947, 0.000787788943853, 0.000923558895011, 0.00348935974762, 0.00903832539916, 0.0285050142556, 0.0423297397792, 0.0679808855057, 0.191528141499, 0.479598581791, 0.603737354279, 0.575878918171, 0.416630983353, 0.545133948326, 0.44327455759, 1.21291232109, 0.485708683729, 0.169304355979, 0.0695005580783, 0.0902722999454, 0.0790596455336, 0.0757183656096, 0.108311772346, 0.0530348792672, 0.0534888319671, 0.0534783191979, 0.0356362164021, 0.0174377337098, 0.0172723680735, 0.00897712167352, 0.0070865531452, 0.0038889455609, 0.00216392870061, 0.00094910239568, 7.27918959456e-05, 3.01352861243e-06, 1.72335808202e-06, 1.61204502547e-06],
        "stdev": [0.0482260063291, 0.474074304104, 2.49826478958, 9.66740608215, 5.17929410934, 5.64033079147, 8.19843292236, 4.23631000519, 5.16279125214, 6.69059419632, 7.95273208618, 23.5675449371, 37.1226654053, 37.1040420532, 38.0096435547, 50.8569946289, 62.2112388611, 71.6858673096, 70.5847854614, 64.2172546387, 70.8129043579, 81.1217727661, 94.5667953491, 83.2026443481, 16.7221946716, 36.6179084778, 34.8134994507, 14.8484973907, 7.83437013626, 3.95730018616, 2.35600757599, 1.05807602406, 0.821486413479, 0.225580066442, 0.0650375634432, 0.0525945685804, 0.0259386952966, 0.000591362186242, 1.76403391379e-05, 1.17373874673e-05]
    },
    "gfcc": {
        "mean": [8.9200963974, 64.224571228, -199.822677612, 27.5351314545, -63.8988456726, 28.3586101532, -34.6819267273, 7.68906974792, -16.5883655548, 1.45637798309, -9.99559688568, -2.49192690849, -0.46712192893],
        "cov": [[833.213195801, -174.331512451, -41.0410652161, 8.66183376312, -26.3000583649, 46.6696014404, 1.46309566498, 52.3512992859, -36.7563781738, 38.6149940491, -32.7418289185, 23.5456047058, -38.6975212097], [-174.331512451, 1164.05102539, 877.306518555, 399.919158936, 284.082214355, 12.0065746307, 31.4715576172, -186.383972168, -29.6956787109, -142.684051514, -79.8774032593, -118.560760498, -12.0011787415], [-41.0410652161, 877.306518555, 846.17956543, 358.011413574, 245.643859863, 38.9507827759, 13.814950943, -143.002487183, -58.6031570435, -85.0267333984, -91.1100082397, -69.0339050293, -44.3390274048], [8.66183376312, 399.919158936, 358.011413574, 277.957611084, 134.866714478, 31.9917240143, 28.1543102264, -74.2348632812, -26.9734992981, -54.9990196228, -31.3641681671, -41.8341178894, -14.9701156616], [-26.3000583649, 284.082214355, 245.643859863, 134.866714478, 149.068008423, 28.0230617523, 7.81782865524, -37.0880622864, -23.4222373962, -29.6130943298, -31.8044624329, -15.5490942001, -20.0259571075], [46.6696014404, 12.0065746307, 38.9507827759, 31.9917240143, 28.0230617523, 62.9642066956, 19.2341747284, 8.71728897095, -2.34677696228, 3.40966057777, -10.548910141, -0.592639505863, -6.8144197464], [1.46309566498, 31.4715576172, 13.814950943, 28.1543102264, 7.81782865524, 19.2341747284, 58.1427345276, 22.5042629242, 12.2432041168, -7.69221544266, -3.13268756866, -12.7603721619, 3.23740577698], [52.3512992859, -186.383972168, -143.002487183, -74.2348632812, -37.0880622864, 8.71728897095, 22.5042629242, 81.4918365479, 22.7596988678, 25.8852367401, 8.43754291534, 17.3521461487, -5.05990171432], [-36.7563781738, -29.6956787109, -58.6031570435, -26.9734992981, -23.4222373962, -2.34677696228, 12.2432041168, 22.7596988678, 47.470161438, 9.53175640106, 18.3352165222, 1.87554621696, 8.48641777039], [38.6149940491, -142.684051514, -85.0267333984, -54.9990196228, -29.6130943298, 3.40966057777, -7.69221544266, 25.8852367401, 9.53175640106, 61.2092895508, 20.9597187042, 25.6155605316, 2.11880874634], [-32.7418289185, -79.8774032593, -91.1100082397, -31.3641681671, -31.8044624329, -10.548910141, -3.13268756866, 8.43754291534, 18.3352165222, 20.9597187042, 51.9699325562, 19.3311843872, 14.0286016464], [23.5456047058, -118.560760498, -69.0339050293, -41.8341178894, -15.5490942001, -0.592639505863, -12.7603721619, 17.3521461487, 1.87554621696, 25.6155605316, 19.3311843872, 54.4008026123, 5.15089559555], [-38.6975212097, -12.0011787415, -44.3390274048, -14.9701156616, -20.0259571075, -6.8144197464, 3.23740577698, -5.05990171432, 8.48641777039, 2.11880874634, 14.0286016464, 5.15089559555, 45.8342018127]],
        "icov": [[0.00162155635189, -0.000581138359848, 0.000585016503464, -0.00118098012172, 0.00160415610299, -0.00104280025698, 0.000730749452487, -0.00173465290572, 0.00186438893434, -0.00139318231959, 0.0015315534547, -0.00101559772156, 0.00106442091055], [-0.000581138359848, 0.0119725093246, -0.00997657049447, 0.00301647861488, -0.00870650354773, 0.00441747251898, -0.00369706284255, 0.00767681887373, -0.00927005149424, 0.0087322993204, -0.00548604270443, 0.00898035988212, -0.00607772031799], [0.000585016503464, -0.00997657049447, 0.0123478313908, -0.00514069199562, 0.00456757703796, -0.00318690342829, 0.00221302895807, -0.00249869725667, 0.00686017842963, -0.00831450056285, 0.00820810813457, -0.00756471697241, 0.00668939342722], [-0.00118098012172, 0.00301647861488, -0.00514069199562, 0.0127899218351, -0.00708819786087, -0.000406621111324, -0.00648831017315, 0.00740900123492, -0.00217902706936, 0.00544725637883, -0.00606854166836, 0.00427662720904, -0.00135566794779], [0.00160415610299, -0.00870650354773, 0.00456757703796, -0.00708819786087, 0.0230262707919, -0.00691904453561, 0.00471695605665, -0.00846069026738, 0.00903560779989, -0.0054476368241, 0.00653972523287, -0.00970886088908, 0.00661124009639], [-0.00104280025698, 0.00441747251898, -0.00318690342829, -0.000406621111324, -0.00691904453561, 0.0231315381825, -0.00770090706646, 0.00196133344434, -0.00356268836185, -0.000869489042088, 0.00138488074299, 0.00176404020749, -0.00168531818781], [0.000730749452487, -0.00369706284255, 0.00221302895807, -0.00648831017315, 0.00471695605665, -0.00770090706646, 0.0320205949247, -0.0182976108044, 6.71638917993e-05, 0.00108060683124, 0.000216274595005, 0.00387193495408, -0.00425880867988], [-0.00173465290572, 0.00767681887373, -0.00249869725667, 0.00740900123492, -0.00846069026738, 0.00196133344434, -0.0182976108044, 0.0382955223322, -0.0150851579383, 0.00087033159798, 0.00244057644159, -9.57029988058e-05, 0.00467987125739], [0.00186438893434, -0.00927005149424, 0.00686017842963, -0.00217902706936, 0.00903560779989, -0.00356268836185, 6.71638917993e-05, -0.0150851579383, 0.0387247875333, -0.00738695729524, -0.00527031347156, -0.00277441833168, 0.0019159038784], [-0.00139318231959, 0.0087322993204, -0.00831450056285, 0.00544725637883, -0.0054476368241, -0.000869489042088, 0.00108060683124, 0.00087033159798, -0.00738695729524, 0.0331705883145, -0.01240110863, 0.00111569953151, -0.00413903547451], [0.0015315534547, -0.00548604270443, 0.00820810813457, -0.00606854166836, 0.00653972523287, 0.00138488074299, 0.000216274595005, 0.00244057644159, -0.00527031347156, -0.01240110863, 0.0380557775497, -0.013264965266, 0.000524285598658], [-0.00101559772156, 0.00898035988212, -0.00756471697241, 0.00427662720904, -0.00970886088908, 0.00176404020749, 0.00387193495408, -9.57029988058e-05, -0.00277441833168, 0.00111569953151, -0.013264965266, 0.0353200286627, -0.00813812203705], [0.00106442091055, -0.00607772031799, 0.00668939342722, -0.00135566794779, 0.00661124009639, -0.00168531818781, -0.00425880867988, 0.00467987125739, 0.0019159038784, -0.00413903547451, 0.000524285598658, -0.00813812203705, 0.0311996433884]]
    },
    "melbands": {
        "max": [0.0064675938338, 0.0145285613835, 0.0148472627625, 0.00486710527912, 0.00437974231318, 0.00135959126055, 0.00124386115931, 0.0010083434172, 0.000650175090414, 0.0014278087765, 0.00174676137976, 0.00209769466892, 0.00083482847549, 0.000956842734013, 0.000870465999469, 0.00126174034085, 0.001182766282, 0.000899023318198, 0.000632587994915, 0.00147473742254, 0.00169729266781, 0.00189049064647, 0.000974605150986, 0.00153004936874, 0.000944810686633, 0.000105880171759, 0.000164401018992, 0.000603319203947, 0.000331583520165, 0.000264514063019, 0.000233573038713, 7.63069620007e-05, 3.9291477151e-05, 2.20848523895e-05, 1.92210809473e-05, 1.99002388399e-05, 4.20543483415e-06, 1.03921856862e-05, 6.40660437057e-06, 1.25241353999e-06],
        "mean": [0.000212351093069, 0.000353416835424, 0.000395639508497, 0.000112264388008, 9.49051463977e-05, 6.961885083e-05, 6.17791665718e-05, 5.81501844863e-05, 8.4299397713e-05, 0.000160217212397, 0.000205872041988, 0.000177400754183, 0.000171785985003, 0.000198984213057, 0.000215848500375, 0.000212702303543, 0.000200481736101, 0.000185285360203, 0.000152507942403, 0.000126503058709, 0.000102887155663, 8.21480498416e-05, 5.48441239516e-05, 7.02572215232e-05, 3.12371921609e-05, 1.6607786165e-05, 2.03343170142e-05, 1.6418784071e-05, 1.51839658429e-05, 8.34928050608e-06, 6.05181639912e-06, 4.67039944851e-06, 4.10095481129e-06, 2.78027505374e-06, 1.76910702976e-06, 1.04769264908e-06, 8.38407459014e-07, 6.6623914563e-07, 3.90106947634e-07, 2.24087358447e-07],
        "min": [9.33317210183e-07, 2.57294573203e-07, 1.23359171766e-07, 1.60433529572e-07, 2.90836851491e-07, 6.97315670095e-07, 6.78960532241e-07, 6.56750216876e-07, 1.67329710621e-06, 3.14958469971e-06, 2.3565205538e-06, 2.51056917477e-06, 1.04718662897e-06, 1.75959962689e-06, 9.78800244411e-07, 1.10326482172e-06, 2.4475777991e-06, 8.94012771369e-07, 2.91806088626e-07, 1.35139785584e-07, 8.12572977793e-08, 1.0440062681e-07, 7.64424115118e-08, 6.54216947282e-08, 5.77953542802e-08, 8.58310897911e-08, 5.74353506977e-08, 2.99039619733e-08, 3.38431114244e-08, 2.65825832457e-08, 3.48378499382e-08, 2.22354241686e-08, 8.14807776806e-09, 9.5092005381e-09, 9.06175579019e-09, 6.79648159974e-09, 3.72941588722e-09, 5.14060527479e-09, 3.31635741091e-09, 2.61601651452e-09],
        "stdev": [0.000513790524565, 0.00111255864613, 0.00141437829006, 0.000297892751405, 0.000294448662316, 0.000101883219031, 8.38668493088e-05, 6.5013904532e-05, 7.44244098314e-05, 0.000164743338246, 0.00019139975484, 0.000162185853696, 0.000118274823762, 0.000138946197694, 0.000147540340549, 0.000145070502185, 0.000140889256727, 0.00012485528714, 9.8322663689e-05, 9.0458233899e-05, 9.49681561906e-05, 0.000100711687992, 5.78425897402e-05, 0.000153837783728, 6.37938646832e-05, 1.10868595584e-05, 1.94459680642e-05, 3.20630715578e-05, 3.3308948332e-05, 1.03731026684e-05, 8.26108953333e-06, 4.5896535994e-06, 3.77418450626e-06, 2.15773070522e-06, 1.5464486296e-06, 9.76361320681e-07, 6.01208967055e-07, 6.17075045284e-07, 3.67478463659e-07, 1.68206440776e-07]
    },
    "melbands128": {
        "max": [0.000173699241714, 0.00405783765018, 0.0107303448021, 0.0103882495314, 0.014529991895, 0.0333801805973, 0.0283440034837, 0.020306006074, 0.00524400360882, 0.00850985944271, 0.00536514446139, 0.00671512354165, 0.0057039540261, 0.00334674795158, 0.0017487811856, 0.00120146689005, 0.00120685319416, 0.00137428566813, 0.00324397324584, 0.00154667394236, 0.000457276240923, 0.000795743777417, 0.000816853600554, 0.00113803008571, 0.00219821673818, 0.00262574618682, 0.00212995405309, 0.0027431009803, 0.00318907108158, 0.00374922226183, 0.00216971663758, 0.00126300496049, 0.00095703965053, 0.00141399912536, 0.00142884999514, 0.00169641687535, 0.00159459165297, 0.00150985084474, 0.0013951464789, 0.00135357060935, 0.00188733031973, 0.0018163707573, 0.0020654364489, 0.00191928783897, 0.00145963730756, 0.00117186282296, 0.00111130205914, 0.00109839532524, 0.0009918094147, 0.00115784083027, 0.00240267324261, 0.00118912081234, 0.00184282229748, 0.00286636035889, 0.00523074995726, 0.00183984590694, 0.00345347099937, 0.0018162636552, 0.00200716988184, 0.00145547743887, 0.0029820355121, 0.00511792907491, 0.00153189885896, 0.000192906576558, 0.000168853192008, 0.000148036575411, 0.000152690277901, 0.00024316564668, 0.000249486562097, 0.000315631274134, 0.000477351713926, 0.00180322641972, 0.000869578216225, 0.000568225455936, 0.000294680707157, 0.000358908990165, 0.000215408028453, 0.000398386007873, 0.000256735482253, 7.60788389016e-05, 0.000142090793815, 7.67900346546e-05, 0.000137834416819, 5.4895215726e-05, 3.24657630699e-05, 2.41166108026e-05, 2.27324599109e-05, 6.28068737569e-05, 1.87630612345e-05, 2.07239882002e-05, 2.31153589993e-05, 2.36039140873e-05, 8.03256079962e-06, 5.50138611288e-06, 8.19444994704e-06, 5.30967781742e-06, 1.18579573609e-05, 2.45031606028e-05, 4.32563820141e-06, 3.1576641959e-06, 2.15441991713e-06, 1.63192692071e-06, 1.32073648729e-06, 9.96088033389e-07, 7.5259112009e-07, 4.91134244385e-07, 3.72124617343e-07, 4.62456426931e-07, 2.20506763071e-06, 9.92580112325e-07, 5.0667006235e-07, 7.46978275856e-06, 2.35163906837e-06, 1.00861406338e-07, 2.67162416634e-08, 6.0281166725e-09, 4.33895808172e-09, 4.20554702174e-09, 4.08444078559e-09, 3.98123001233e-09, 3.87712972838e-09, 3.79588316335e-09, 3.72483710542e-09, 3.65808250358e-09, 3.60664809129e-09, 3.56155527292e-09, 3.53184415047e-09, 3.51111606456e-09],
        "mean": [3.29906761181e-05, 0.000117499104817, 0.000363379513146, 0.000258732761722, 0.000202142968192, 0.000563342939131, 0.000595868914388, 0.00030209866236, 0.000160151452292, 8.79234066815e-05, 8.68821007316e-05, 0.000122771962197, 8.61666121637e-05, 8.0833764514e-05, 5.77588143642e-05, 7.3455797974e-05, 7.61025221436e-05, 5.1744907978e-05, 5.62295099371e-05, 5.63657267776e-05, 5.90949057369e-05, 6.27734552836e-05, 7.89328842075e-05, 0.000112321504275, 0.000147528669913, 0.000179558584932, 0.000199617395992, 0.000219217734411, 0.000197129891603, 0.000194916443434, 0.000163802294992, 0.000155064466526, 0.000167486563441, 0.000187034733244, 0.000196247754502, 0.000201065820875, 0.000204617303098, 0.000221264286665, 0.000220755973714, 0.000209956546314, 0.000215771156945, 0.000208265802939, 0.000198854220798, 0.000198205845663, 0.000196023698663, 0.000188516176422, 0.000165755540365, 0.000154756984557, 0.000147285623825, 0.000137004317367, 0.000126281840494, 0.000113781279651, 0.000104528473457, 9.91224587779e-05, 9.53113121795e-05, 8.43280504341e-05, 6.90160450176e-05, 5.65099835512e-05, 4.98044137203e-05, 4.85136333737e-05, 8.56596016092e-05, 8.05235322332e-05, 3.1385494367e-05, 2.14407227759e-05, 1.8548736989e-05, 1.58349866979e-05, 1.54078861669e-05, 1.85179505934e-05, 2.47386979026e-05, 1.79761755135e-05, 1.3797018255e-05, 1.71802912519e-05, 1.86460856639e-05, 1.5816258383e-05, 9.88351985143e-06, 8.18114767753e-06, 7.82927327236e-06, 7.16295699021e-06, 5.92454989601e-06, 4.82601035401e-06, 4.49693288829e-06, 4.54745577372e-06, 5.15664669365e-06, 4.09884387409e-06, 3.27196562466e-06, 2.94425763059e-06, 2.65103130914e-06, 2.3529585178e-06, 1.70898408669e-06, 1.39768224017e-06, 1.1602817267e-06, 9.21473315429e-07, 8.94874290225e-07, 8.63627860781e-07, 7.95542518972e-07, 7.20720606751e-07, 6.67814390454e-07, 5.50635775198e-07, 4.05443103091e-07, 3.02444050249e-07, 2.49178611966e-07, 2.22041578013e-07, 1.78630500614e-07, 1.31860176111e-07, 8.70811405207e-08, 6.97348312428e-08, 5.49495062785e-08, 5.13940321412e-08, 1.15481419982e-07, 3.36996315298e-08, 1.8372938726e-08, 3.138881155e-08, 7.11788361585e-09, 1.37176370263e-09, 2.77470268983e-10, 8.80775799517e-11, 2.44345099709e-11, 9.75267002573e-12, 9.50748681172e-12, 9.26767950576e-12, 9.01952817989e-12, 8.84258118117e-12, 8.70105636847e-12, 8.52387084527e-12, 8.23402023648e-12, 7.82735334881e-12, 7.59562811953e-12, 7.52845702445e-12],
        "min": [6.80470879644e-09, 2.93281971153e-07, 4.49213189313e-07, 1.01764165095e-07, 3.62525724995e-08, 8.61324451762e-08, 5.50584573489e-08, 4.66463703219e-08, 5.51693801754e-08, 1.21740697523e-07, 1.04189041394e-07, 1.33876127961e-07, 5.15622708974e-08, 2.06268495617e-07, 2.40629447035e-07, 3.67016724567e-07, 6.69374287554e-07, 4.85519080939e-07, 5.7461892311e-07, 2.90823265914e-07, 5.11906193879e-07, 3.25999650386e-07, 7.38506628295e-07, 7.06450464349e-07, 1.05299022835e-06, 1.23511040329e-06, 1.65729943546e-06, 1.37971733238e-06, 1.56814815e-06, 8.65790866555e-07, 1.30160083245e-06, 3.15372574278e-07, 9.83605787042e-07, 1.4792346974e-06, 1.21837194911e-06, 1.37867823469e-06, 8.50987191825e-07, 6.50160984605e-07, 1.0582507457e-06, 7.82397989951e-07, 6.49104208605e-07, 9.91292381514e-07, 1.77661104317e-06, 1.52712323143e-06, 1.34838285248e-06, 5.14667306106e-07, 4.43942695938e-07, 2.99299500739e-07, 2.06629820809e-07, 2.59260815483e-07, 9.99343612307e-08, 5.89139936835e-08, 2.08797032997e-08, 1.01112973994e-07, 2.03238002427e-07, 6.45070130645e-08, 7.0324190915e-08, 8.76269155015e-08, 6.3543936335e-08, 7.33120941732e-08, 7.69192780581e-08, 5.17616456364e-08, 4.08134397389e-08, 6.21702298531e-08, 5.01213044402e-08, 8.95187710626e-08, 8.96932803585e-08, 5.37588604743e-08, 3.11821928278e-08, 2.76403184785e-08, 3.14069232843e-08, 2.59461572227e-08, 2.47036737733e-08, 3.40977095448e-08, 2.25511538332e-08, 2.33656027859e-08, 2.66402206961e-08, 2.13492796775e-08, 4.38400284963e-08, 2.63914916587e-08, 1.50266750154e-08, 1.57693111902e-08, 1.61674424959e-08, 3.38415540035e-09, 2.28223973053e-09, 8.40262082136e-09, 6.87614187811e-09, 6.82998813062e-09, 8.96004603845e-09, 4.06558342547e-09, 5.19515896968e-09, 4.64717153648e-09, 4.99691132916e-09, 2.62825428088e-09, 1.43376632789e-09, 3.64061514269e-09, 4.0581658034e-09, 2.68567301731e-09, 1.14254550265e-09, 5.65488489368e-10, 1.09497777512e-09, 1.07713754582e-10, 7.47191142292e-10, 7.04684754993e-10, 8.66951399559e-10, 4.35825292522e-10, 7.54713624929e-10, 9.99284405223e-11, 7.18076986761e-11, 4.85906537229e-10, 2.24520801256e-11, 9.87634019706e-13, 4.46352725831e-13, 3.83945289841e-13, 2.77486394322e-13, 3.74384903504e-13, 3.36002032404e-13, 3.21941122849e-13, 3.69310539181e-13, 3.00943975686e-13, 3.41009474348e-13, 3.8747070873e-13, 3.73175774136e-13, 3.31187334501e-13, 3.12167257105e-13, 9.58760184417e-14, 1.17139150891e-14, 4.60044293021e-16],
        "stdev": [2.4764907721e-05, 0.000259632826783, 0.000919616955798, 0.000689417182002, 0.000737753987778, 0.00217284215614, 0.00235453643836, 0.00142126053106, 0.000425935984822, 0.000328669324517, 0.000351363822119, 0.000470139842946, 0.00034010905074, 0.000225916388445, 0.000102021411294, 0.000101309276943, 0.00010674992518, 9.10626258701e-05, 0.000153743807459, 8.65601177793e-05, 5.87730391999e-05, 6.96985152899e-05, 9.10712624318e-05, 0.000127845531097, 0.000176774206921, 0.00025806974736, 0.000264732749201, 0.000240606997977, 0.000267248746241, 0.000264930713456, 0.000169360195287, 0.000144417514093, 0.000147432132508, 0.000181142735528, 0.000185966011486, 0.000184191929293, 0.000190906139323, 0.000199530273676, 0.000191926665138, 0.000189274025615, 0.000194030755665, 0.000190352438949, 0.000178469112143, 0.000192484309082, 0.000181995041203, 0.000162661963259, 0.000141244323459, 0.000131195178255, 0.000126564700622, 0.0001181715852, 0.000124718426378, 0.000103639285953, 0.000108656247903, 0.000123662219266, 0.000197090557776, 0.000113534937555, 0.000128608997329, 7.63147036196e-05, 7.64693249948e-05, 7.73364299675e-05, 0.000229312499869, 0.000330793991452, 7.49107784941e-05, 1.86401885003e-05, 1.62867381732e-05, 1.33463345264e-05, 1.27850098579e-05, 1.90789560293e-05, 3.17058875225e-05, 2.7349595257e-05, 2.59698845184e-05, 7.54592983867e-05, 6.42803061055e-05, 4.17119481426e-05, 1.68316728377e-05, 1.2382704881e-05, 9.03610543901e-06, 1.32624518301e-05, 9.12847099244e-06, 4.77996172776e-06, 5.93598724663e-06, 5.85495399719e-06, 8.27886924526e-06, 4.68455709779e-06, 2.84286579699e-06, 2.51807387031e-06, 2.41991801886e-06, 3.14022122438e-06, 1.51431788709e-06, 1.38688335483e-06, 1.34127344609e-06, 1.0008177469e-06, 7.38624521546e-07, 7.18909120678e-07, 6.84429551256e-07, 6.13496467849e-07, 7.3534420153e-07, 1.04602509055e-06, 3.55622489678e-07, 2.60540815589e-07, 2.1657992022e-07, 1.93298404838e-07, 1.59136675393e-07, 1.10424643651e-07, 7.85777558576e-08, 6.1495029513e-08, 5.08165207691e-08, 5.60161481644e-08, 2.3295710605e-07, 5.89825930319e-08, 2.55291183748e-08, 2.78092045392e-07, 7.7525925235e-08, 6.71081723524e-09, 1.63215096993e-09, 3.81031539654e-10, 1.77591219508e-10, 1.58552032614e-10, 1.54031509769e-10, 1.50084555894e-10, 1.46169631954e-10, 1.43122194651e-10, 1.40467415477e-10, 1.37930625255e-10, 1.35976660487e-10, 1.3431590562e-10, 1.3317202896e-10, 1.3239388752e-10]
    },
    "mfcc": {
        "mean": [-600.302124023, 83.1599502563, -64.1001205444, -2.94963932037, -8.25809574127, 11.8378000259, -3.11161112785, 5.43294334412, 1.93054294586, 3.2146384716, -0.792960882187, 1.67542052269, -0.575408995152],
        "cov": [[937.711669922, -390.225982666, -214.103256226, -147.558532715, -103.757987976, -68.7521438599, 0.879087090492, 4.04355192184, 3.31807518005, 23.6455020905, 17.0027923584, 22.4184379578, 17.6774349213], [-390.225982666, 863.598632812, 577.015380859, 384.581726074, 257.131256104, 198.667282104, 54.8212661743, 15.1602220535, 11.4580860138, -23.3923625946, -70.3617935181, -61.1498565674, -42.4525375366], [-214.103256226, 577.015380859, 554.101623535, 333.352203369, 197.414260864, 186.302947998, 56.5797767639, 14.7184095383, 1.55952954292, -9.23372745514, -63.0565643311, -42.8065109253, -27.8051929474], [-147.558532715, 384.581726074, 333.352203369, 303.903045654, 159.234191895, 137.804397583, 51.4750900269, 17.5147132874, 2.12414979935, -20.2055835724, -41.0733642578, -23.608417511, -27.2387561798], [-103.757987976, 257.131256104, 197.414260864, 159.234191895, 153.016021729, 96.796585083, 32.4410209656, 9.15418243408, -3.45288109779, -19.8481903076, -22.0296649933, -17.0186347961, -14.1368579865], [-68.7521438599, 198.667282104, 186.302947998, 137.804397583, 96.796585083, 119.087944031, 37.2584838867, 9.38296318054, 1.61718189716, -7.75971603394, -27.8554077148, -13.9023923874, -8.74031448364], [0.879087090492, 54.8212661743, 56.5797767639, 51.4750900269, 32.4410209656, 37.2584838867, 53.4577293396, 14.8807868958, 10.083489418, 5.1949262619, -9.33213233948, -5.48723125458, -4.03559827805], [4.04355192184, 15.1602220535, 14.7184095383, 17.5147132874, 9.15418243408, 9.38296318054, 14.8807868958, 52.8923225403, 17.84425354, 2.19307899475, 12.746509552, -6.55887269974, -9.39629840851], [3.31807518005, 11.4580860138, 1.55952954292, 2.12414979935, -3.45288109779, 1.61718189716, 10.083489418, 17.84425354, 43.5055847168, 15.7693653107, -1.83975636959, 0.625343561172, -4.58129405975], [23.6455020905, -23.3923625946, -9.23372745514, -20.2055835724, -19.8481903076, -7.75971603394, 5.1949262619, 2.19307899475, 15.7693653107, 44.3362426758, 4.86520242691, 2.62503957748, 5.56712913513], [17.0027923584, -70.3617935181, -63.0565643311, -41.0733642578, -22.0296649933, -27.8554077148, -9.33213233948, 12.746509552, -1.83975636959, 4.86520242691, 51.447052002, 10.7715902328, 2.84209465981], [22.4184379578, -61.1498565674, -42.8065109253, -23.608417511, -17.0186347961, -13.9023923874, -5.48723125458, -6.55887269974, 0.625343561172, 2.62503957748, 10.7715902328, 35.7518539429, 13.9153051376], [17.6774349213, -42.4525375366, -27.8051929474, -27.2387561798, -14.1368579865, -8.74031448364, -4.03559827805, -9.39629840851, -4.58129405975, 5.56712913513, 2.84209465981, 13.9153051376, 36.2136726379]],
        "icov": [[0.00136218836997, 0.0008764413069, -0.000282189284917, 1.28154488266e-05, -0.000124738711747, 9.0802750492e-05, -0.000449938612292, -0.00021545033087, -5.60484659218e-06, -0.00034119974589, 0.000394013972254, 8.50792930578e-05, 1.07702808236e-05], [0.0008764413069, 0.00543702952564, -0.00387099361978, -0.00108348764479, -0.00326274940744, 0.0014294810826, 0.000999200390652, 0.000945072330069, -0.00238085933961, 0.000372719077859, 0.00018311337044, 0.00260541867465, 0.000212613638723], [-0.000282189284917, -0.00387099361978, 0.00959491636604, -0.0044226157479, 0.00120550510474, -0.00462346151471, 0.000991959124804, -0.000878612918314, 0.00247419252992, -0.00327195925638, 0.00169552420266, 0.000879516999703, -0.00077736802632], [1.28154488266e-05, -0.00108348764479, -0.0044226157479, 0.0137286782265, -0.00392896356061, -0.00265592080541, -0.0030644882936, -0.00125422538258, 0.000399625918362, 0.00243717734702, 0.00103106128518, -0.00367807690054, 0.00382071454078], [-0.000124738711747, -0.00326274940744, 0.00120550510474, -0.00392896356061, 0.0202814023942, -0.00821177940816, -0.00201520579867, 0.000336291064741, 0.00149313244037, 0.00446327077225, -0.00267064757645, 0.000142434975714, -0.000337925419444], [9.0802750492e-05, 0.0014294810826, -0.00462346151471, -0.00265592080541, -0.00821177940816, 0.0258087012917, -0.00625999225304, -0.00103386840783, 0.000152226901264, -5.27102274646e-05, 0.00390382716432, -0.000315127166687, -0.00201662350446], [-0.000449938612292, 0.000999200390652, 0.000991959124804, -0.0030644882936, -0.00201520579867, -0.00625999225304, 0.0282003525645, -0.0056482879445, -0.00252354610711, -0.00478925881907, 0.00275489781052, 0.000990284606814, -0.000952625065111], [-0.00021545033087, 0.000945072330069, -0.000878612918314, -0.00125422538258, 0.000336291064741, -0.00103386840783, -0.0056482879445, 0.0291903857142, -0.0125311249867, 0.00407543545589, -0.0117377862334, 0.00655783014372, 0.00261087412946], [-5.60484659218e-06, -0.00238085933961, 0.00247419252992, 0.000399625918362, 0.00149313244037, 0.000152226901264, -0.00252354610711, -0.0125311249867, 0.034656599164, -0.0122421989217, 0.00693965004757, -0.00637449650094, 0.00467007793486], [-0.00034119974589, 0.000372719077859, -0.00327195925638, 0.00243717734702, 0.00446327077225, -5.27102274646e-05, -0.00478925881907, 0.00407543545589, -0.0122421989217, 0.0310603119433, -0.00494753289968, 0.00181864877231, -0.00445639807731], [0.000394013972254, 0.00018311337044, 0.00169552420266, 0.00103106128518, -0.00267064757645, 0.00390382716432, 0.00275489781052, -0.0117377862334, 0.00693965004757, -0.00494753289968, 0.0291109792888, -0.00787402316928, 0.00164023984689], [8.50792930578e-05, 0.00260541867465, 0.000879516999703, -0.00367807690054, 0.000142434975714, -0.000315127166687, 0.000990284606814, 0.00655783014372, -0.00637449650094, 0.00181864877231, -0.00787402316928, 0.03971433267, -0.0130155226216], [1.07702808236e-05, 0.000212613638723, -0.00077736802632, 0.00382071454078, -0.000337925419444, -0.00201662350446, -0.000952625065111, 0.00261087412946, 0.00467007793486, -0.00445639807731, 0.00164023984689, -0.0130155226216, 0.0362358950078]]
    },
    "spectral_contrast_coeffs": {
        "max": [-0.519015192986, -0.652537882328, -0.685670256615, -0.68672978878, -0.64793407917, -0.582682728767],
        "mean": [-0.759384453297, -0.824537277222, -0.811834871769, -0.817624330521, -0.786869943142, -0.717710912228],
        "min": [-0.897107839584, -0.933433711529, -0.905248343945, -0.885679602623, -0.875555932522, -0.899017453194],
        "stdev": [0.0550855100155, 0.0408696718514, 0.0337869673967, 0.0246211588383, 0.0324278064072, 0.0235952660441]
    },
    "spectral_contrast_valleys": {
        "max": [-5.37465858459, -5.44164514542, -5.174949646, -5.35930871964, -5.71412849426, -9.00150108337],
        "mean": [-7.79246473312, -6.57551860809, -6.17183732986, -6.05467796326, -6.62955713272, -9.9528055191],
        "min": [-10.1683521271, -8.25531101227, -8.23231220245, -9.04248523712, -10.2963161469, -12.257060051],
        "stdev": [0.92994260788, 0.376382708549, 0.416064381599, 0.423326581717, 0.441164582968, 0.494149565697]
    }
},
"rhythm": {
    "beats_count": 46,
    "beats_loudness": {
        "max": 0.0711060315371,
        "mean": 0.0219772849232,
        "min": 0.00467616552487,
        "stdev": 0.00966436415911
    },
    "bpm": 84.4945373535,
    "bpm_histogram_first_peak_bpm": 85,
    "bpm_histogram_first_peak_weight": 0.272727310658,
    "bpm_histogram_second_peak_bpm": 99,
    "bpm_histogram_second_peak_spread": 0.461538493633,
    "bpm_histogram_second_peak_weight": 0.155555561185,
    "danceability": 1.07814848423,
    "onset_rate": 0.369140595198,
    "beats_loudness_band_ratio": {
        "max": [0.843177139759, 0.161967992783, 0.331119596958, 0.462604403496, 0.606187462807, 0.361882507801],
        "mean": [0.0903984084725, 0.0365631952882, 0.116070769727, 0.340911567211, 0.358457773924, 0.0893500298262],
        "min": [0.00234736781567, 0.00257351621985, 0.012920926325, 0.0120319155976, 0.010691200383, 0.000980037380941],
        "stdev": [0.167189672589, 0.0417313724756, 0.065448589623, 0.0981406867504, 0.122403584421, 0.056145068258]
    },
    "beats_position": [0.638548731804, 1.28870749474, 1.93886613846, 2.57741498947, 3.15791368484, 3.73841261864, 4.31891155243, 4.92263031006, 5.51473903656, 6.10684776306, 6.71056699753, 7.33750534058, 7.95283412933, 8.56816291809, 9.17188167572, 9.77560043335, 10.379319191, 11.0991382599, 11.807346344, 12.5155553818, 13.2469835281, 13.9784126282, 14.7214508057, 15.545759201, 16.3468475342, 17.1595458984, 17.9722442627, 18.784942627, 19.5860309601, 20.3755092621, 21.0721092224, 21.7803173065, 22.4885253906, 23.2083435059, 23.9165534973, 24.6363716125, 25.3445796967, 26.0527877808, 26.7493877411, 27.4459857941, 28.142583847, 28.8391838074, 29.5357818604, 30.2439899445, 30.9521980286, 31.66040802],
