{
"metadata": {
    "version": {
        "essentia": "2.1-beta5",
        "essentia_git_sha": "Undefined",
        "extractor": "music 2.0"
    },
    "audio_properties": {
        "analysis": {
            "equal_loudness": 0,
            "length": 45.2556915283,
            "sample_rate": 44100,
            "start_time": 113.742950439,
            "downmix": "mix"
        },
        "bit_rate": 192000,
        "length": 227.482086182,
        "lossless": 0,
        "number_channels": 2,
        "replay_gain": -7.67428588867,
        "sample_rate": 48000,
        "codec": "mp3",
        "md5_encoded": "e5dd13e51deb8fe1f0e36a0718d19fbd"
    },
    "tags": {
        "file_name": "Malta_More Than Love_Moira Stafrace and Christopher Scicluna.mp3",
        "encoding": ["Lavf58.29.100"]
    }
},
"lowlevel": {
    "average_loudness": 0.947419285774,
    "barkbands_crest": {
        "max": 20.9549751282,
        "mean": 7.72602415085,
        "min": 2.89567303658,
        "stdev": 2.77948594093
    },
    "barkbands_flatness_db": {
        "max": 0.323621839285,
        "mean": 0.134325876832,
        "min": 0.0599367730319,
        "stdev": 0.0284527353942
    },
    "barkbands_kurtosis": {
        "max": 32.3843688965,
        "mean": 1.621057868,
        "min": -1.76858723164,
        "stdev": 3.30915141106
    },
    "barkbands_skewness": {
        "max": 4.53496360779,
        "mean": 1.03073644638,
        "min": -0.802300810814,
        "stdev": 0.765710532665
    },
    "barkbands_spread": {
        "max": 78.6415023804,
        "mean": 21.5039138794,
        "min": 1.55276978016,
        "stdev": 9.965965271
    },
    "dissonance": {
        "max": 0.498816043139,
        "mean": 0.458291083574,
        "min": 0.342468857765,
        "stdev": 0.0264060162008
    },
    "dynamic_complexity": 2.2041823864,
    "erbbands_crest": {
        "max": 24.4902877808,
        "mean": 8.48423290253,
        "min": 2.91952967644,
        "stdev": 3.09599614143
    },
    "erbbands_flatness_db": {
        "max": 0.268909782171,
        "mean": 0.172888576984,
        "min": 0.0838421136141,
        "stdev": 0.0295489113778
    },
    "erbbands_kurtosis": {
        "max": 10.3833465576,
        "mean": 0.245461121202,
        "min": -1.62830662727,
        "stdev": 1.44652807713
    },
    "erbbands_skewness": {
        "max": 2.97445631027,
        "mean": 0.31706994772,
        "min": -1.54560279846,
        "stdev": 0.658357918262
    },
    "erbbands_spread": {
        "max": 114.310173035,
        "mean": 34.316116333,
        "min": 8.91169261932,
        "stdev": 15.0466537476
    },
    "hfc": {
        "max": 201.799621582,
        "mean": 22.5249881744,
        "min": 0.832695543766,
        "stdev": 16.0216064453
    },
    "loudness_ebu128": {
        "integrated": -16.4035282135,
        "loudness_range": 3.92771816254,
        "momentary": {
            "max": -12.8795824051,
            "mean": -16.8385734558,
            "min": -24.4043197632,
            "stdev": 2.14002633095
        },
        "short_term": {
            "max": -14.1566848755,
            "mean": -16.5388717651,
            "min": -19.7997550964,
            "stdev": 1.23220539093
        }
    },
    "melbands_crest": {
        "max": 23.6627922058,
        "mean": 10.5899038315,
        "min": 3.49730968475,
        "stdev": 3.56264281273
    },
    "melbands_flatness_db": {
        "max": 0.412683695555,
        "mean": 0.170604169369,
        "min": 0.0607264749706,
        "stdev": 0.0460016876459
    },
    "melbands_kurtosis": {
        "max": 98.3694458008,
        "mean": 5.92970180511,
        "min": -1.29166948795,
        "stdev": 7.9037361145
    },
    "melbands_skewness": {
        "max": 8.87768173218,
        "mean": 1.80527997017,
        "min": -0.41437292099,
        "stdev": 1.06533241272
    },
    "melbands_spread": {
        "max": 121.814834595,
        "mean": 26.8345928192,
        "min": 1.77374494076,
        "stdev": 13.9549236298
    },
    "pitch_salience": {
        "max": 0.814401507378,
        "mean": 0.567530453205,
        "min": 0.206894010305,
        "stdev": 0.0813960433006
    },
    "silence_rate_20dB": {
        "max": 1,
        "mean": 1,
        "min": 1,
        "stdev": 0
    },
    "silence_rate_30dB": {
        "max": 1,
        "mean": 1,
        "min": 1,
        "stdev": 0
    },
    "silence_rate_60dB": {
        "max": 1,
        "mean": 0.0107692303136,
        "min": 0,
        "stdev": 0.103215023875
    },
    "spectral_centroid": {
        "max": 3448.69482422,
        "mean": 1376.20690918,
        "min": 256.16583252,
        "stdev": 526.795043945
    },
    "spectral_complexity": {
        "max": 44,
        "mean": 20.6235904694,
        "min": 5,
        "stdev": 7.11104536057
    },
    "spectral_decrease": {
        "max": -4.65592620014e-10,
        "mean": -5.98418026243e-09,
        "min": -3.41627526268e-08,
        "stdev": 3.62922025765e-09
    },
    "spectral_energy": {
        "max": 0.134008169174,
        "mean": 0.0246287845075,
        "min": 0.00191128195729,
        "stdev": 0.0146840037778
    },
    "spectral_energyband_high": {
        "max": 0.0285902153701,
        "mean": 0.000809110002592,
        "min": 4.54212568002e-06,
        "stdev": 0.00132736004889
    },
    "spectral_energyband_low": {
        "max": 0.075537212193,
        "mean": 0.0036294136662,
        "min": 1.8831644411e-05,
        "stdev": 0.00386843923479
    },
    "spectral_energyband_middle_high": {
        "max": 0.0288652926683,
        "mean": 0.00739769916981,
        "min": 4.59655420855e-05,
        "stdev": 0.00544699234888
    },
    "spectral_energyband_middle_low": {
        "max": 0.123235531151,
        "mean": 0.01370015461,
        "min": 0.000720448035281,
        "stdev": 0.0117765823379
    },
    "spectral_entropy": {
        "max": 8.4983587265,
        "mean": 7.4863448143,
        "min": 5.88228845596,
        "stdev": 0.267557233572
    },
    "spectral_flux": {
        "max": 0.291972309351,
        "mean": 0.0734791010618,
        "min": 0.0164563860744,
        "stdev": 0.0334448963404
    },
    "spectral_kurtosis": {
        "max": 23.6973171234,
        "mean": 3.93857574463,
        "min": -0.748111486435,
        "stdev": 2.18583488464
    },
    "spectral_rms": {
        "max": 0.0114341452718,
        "mean": 0.00469855265692,
        "min": 0.00136552751064,
        "stdev": 0.00139703648165
    },
    "spectral_rolloff": {
        "max": 8527.1484375,
        "mean": 1590.80688477,
        "min": 193.798828125,
        "stdev": 978.872253418
    },
    "spectral_skewness": {
        "max": 3.72786331177,
        "mean": 1.45944559574,
        "min": 0.177194550633,
        "stdev": 0.399816215038
    },
    "spectral_spread": {
        "max": 12056433,
        "mean": 4130225.5,
        "min": 2257328.5,
        "stdev": 1020428.0625
    },
    "spectral_strongpeak": {
        "max": 9.43608760834,
        "mean": 1.31143569946,
        "min": 0.0281875096262,
        "stdev": 1.2196586132
    },
    "zerocrossingrate": {
        "max": 0.19482421875,
        "mean": 0.0594483688474,
        "min": 0.01123046875,
        "stdev": 0.0226221811026
    },
    "barkbands": {
        "max": [0.000577691069338, 0.0361491702497, 0.0365439578891, 0.0569011941552, 0.0800260975957, 0.0336585193872, 0.0207944586873, 0.0317706353962, 0.0208027977496, 0.0241374373436, 0.0152749866247, 0.0177981331944, 0.00915698427707, 0.0111948177218, 0.0122278826311, 0.0113355405629, 0.00969825591892, 0.00907748378813, 0.00459521729499, 0.00537492567673, 0.0048417178914, 0.00806797668338, 0.0140897417441, 0.00283435429446, 0.00202747015283, 0.000242409994826, 6.63632499709e-06],
        "mean": [4.04423481086e-05, 0.00171687128022, 0.0012475643307, 0.00188412971329, 0.00415174569935, 0.00187852769159, 0.00183128332719, 0.00192555517424, 0.00156515219714, 0.00171314622276, 0.000872426317073, 0.000882566731889, 0.000465590157546, 0.000644305197056, 0.000441877142293, 0.000761204340961, 0.000731315871235, 0.000490025617182, 0.000397446157876, 0.00030087371124, 0.000240919733187, 0.000206594384508, 0.000133522058604, 6.60774676362e-05, 3.25806104229e-05, 7.03306704963e-06, 5.73986413954e-09],
        "min": [6.2154732916e-08, 3.18855700243e-06, 4.63481057977e-07, 1.08039353108e-06, 3.60408630513e-05, 1.38984851219e-05, 1.02030962807e-05, 5.49758760826e-06, 9.82625078905e-06, 3.1096112707e-06, 2.18301420318e-06, 9.21562332223e-07, 2.91170908895e-06, 1.9970698304e-06, 1.50466269133e-06, 2.70768327937e-06, 1.7444048126e-06, 1.41842838275e-06, 1.91750154954e-06, 9.62388298831e-07, 7.66633888816e-07, 4.05739399412e-07, 2.19103014842e-07, 2.07560759691e-07, 1.7014149023e-07, 2.92802813107e-08, 2.46358870803e-11],
        "stdev": [5.00045534864e-05, 0.00214139302261, 0.00172644539271, 0.00406623492017, 0.00668394379318, 0.00241510011256, 0.00221540778875, 0.00268016685732, 0.00260610389523, 0.00251863570884, 0.00146229448728, 0.0014517698437, 0.000765311473515, 0.000974172435235, 0.000780866248533, 0.00131106027402, 0.00114715774544, 0.000859168940224, 0.000512640515808, 0.00038675207179, 0.000352325674612, 0.000404958758736, 0.000469464604976, 0.000171426159795, 9.7261123301e-05, 1.48195276779e-05, 1.50908036289e-07]
    },
    "erbbands": {
        "max": [0.496196508408, 10.2817678452, 41.9151153564, 77.3566818237, 389.06161499, 180.638778687, 194.235534668, 256.836761475, 349.208190918, 313.129180908, 890.225646973, 616.276245117, 907.850524902, 252.505508423, 825.394836426, 411.57711792, 448.184112549, 625.604003906, 787.659912109, 420.192321777, 525.314331055, 571.459777832, 549.29284668, 250.194610596, 291.960754395, 213.243453979, 190.155822754, 199.396270752, 274.109710693, 409.692169189, 350.276519775, 75.3026809692, 58.9074440002, 32.4786376953, 9.46848583221, 1.7646241188, 0.275794863701, 0.0111658284441, 0.000987644656561, 0.000167833975866],
        "mean": [0.0402413271368, 0.426862835884, 1.43422055244, 3.70907187462, 13.2381496429, 11.4331874847, 14.1596755981, 15.6046724319, 28.3751335144, 31.5644264221, 41.803894043, 33.3342819214, 51.4587516785, 32.9238357544, 39.1313171387, 31.1746253967, 24.8160533905, 25.5441417694, 29.7249164581, 33.1030426025, 37.2906112671, 41.7145690918, 31.5771789551, 20.0056838989, 20.3801822662, 13.9031896591, 8.94563007355, 9.97745800018, 8.12752914429, 5.34472322464, 3.32598638535, 1.61395895481, 1.00935232639, 0.490588009357, 0.16589717567, 0.0566530264914, 0.00797168444842, 0.000218921471969, 2.45598894253e-05, 3.13393065881e-05],
        "min": [8.87598507688e-05, 0.000805338495411, 0.0035940289963, 0.00612693652511, 0.0261567682028, 0.122705131769, 0.229333639145, 0.227957755327, 0.333435088396, 0.291984796524, 0.558583974838, 0.346480190754, 0.148590743542, 0.0637600272894, 0.0904156267643, 0.0536262542009, 0.128538608551, 0.105121277273, 0.108716472983, 0.169388785958, 0.206943452358, 0.237088114023, 0.0792653858662, 0.126462966204, 0.0627443492413, 0.0726471245289, 0.0604406483471, 0.021464439109, 0.0159885361791, 0.0072742193006, 0.0068344916217, 0.00461850874126, 0.00324727175757, 0.00198539323173, 0.00104622356594, 0.000337387580657, 2.09570753213e-05, 1.0175862144e-06, 1.38990276355e-06, 2.39718360717e-06],
        "stdev": [0.0410341247916, 0.568180263042, 1.81990504265, 6.19264745712, 33.1803398132, 16.5653877258, 17.3745231628, 20.5892982483, 35.8336830139, 41.4551200867, 66.58177948, 54.1653900146, 74.3239593506, 37.7438735962, 71.8326950073, 43.8807449341, 36.443271637, 39.2432022095, 44.6043205261, 51.3293952942, 58.4223175049, 61.7282905579, 50.9349441528, 25.3037967682, 26.9240608215, 17.859079361, 12.6403884888, 15.2273025513, 15.1069335938, 16.0941123962, 11.8377161026, 4.33020210266, 2.62110424042, 1.54071843624, 0.451075971127, 0.120354138315, 0.0179613791406, 0.000544765440281, 3.39732177963e-05, 1.9037288439e-05]
    },
    "gfcc": {
        "mean": [8.7089805603, 109.032325745, -140.507049561, 38.6159553528, -73.3982315063, 13.3046445847, -39.8937530518, 8.99926185608, -22.6902999878, -1.98996603489, -12.0806398392, -4.65741634369, -5.11301326752],
        "cov": [[2028.05651855, -707.748046875, -292.684936523, 310.808197021, -184.748474121, -81.4128189087, -72.2769393921, 36.3753356934, 40.5010414124, -83.1489944458, -185.93107605, 37.8903770447, -83.7904586792], [-707.748046875, 670.831054688, 124.409225464, -138.396575928, 166.99822998, 30.5124530792, 166.312988281, -16.4902648926, 2.69517993927, 13.73412323, 151.721511841, -91.0702056885, 44.1256904602], [-292.684936523, 124.409225464, 607.794555664, 1.43452680111, 77.927230835, 107.824867249, -52.1546516418, 28.8617782593, -107.835220337, 81.7686691284, -41.7997627258, 12.3946723938, -13.9887828827], [310.808197021, -138.396575928, 1.43452680111, 270.936004639, 15.8625898361, -44.217716217, -76.9196014404, -19.0290927887, 80.6177520752, -31.1678466797, -54.9977836609, 25.1306648254, 49.8423233032], [-184.748474121, 166.99822998, 77.927230835, 15.8625898361, 192.586715698, 42.349609375, 1.08448445797, 10.5288915634, 1.42047929764, 38.3367919922, 1.38929486275, -11.0221853256, 22.9467697144], [-81.4128189087, 30.5124530792, 107.824867249, -44.217716217, 42.349609375, 176.733001709, 81.1348571777, -2.30682039261, -55.3426437378, 21.659362793, 18.1062030792, -19.4924983978, -30.5852050781], [-72.2769393921, 166.312988281, -52.1546516418, -76.9196014404, 1.08448445797, 81.1348571777, 219.102935791, 12.6476764679, -37.5115432739, -6.47791385651, 70.248046875, -38.4682235718, -28.0662899017], [36.3753356934, -16.4902648926, 28.8617782593, -19.0290927887, 10.5288915634, -2.30682039261, 12.6476764679, 108.230575562, 40.87550354, 19.4318408966, -7.84003973007, 16.1167068481, 2.63046121597], [40.5010414124, 2.69517993927, -107.835220337, 80.6177520752, 1.42047929764, -55.3426437378, -37.5115432739, 40.87550354, 165.774749756, 5.06928253174, 8.83864688873, 17.1914291382, 50.1724891663], [-83.1489944458, 13.73412323, 81.7686691284, -31.1678466797, 38.3367919922, 21.659362793, -6.47791385651, 19.4318408966, 5.06928253174, 103.79901886, 24.5440120697, 17.5356521606, -5.89808368683], [-185.93107605, 151.721511841, -41.7997627258, -54.9977836609, 1.38929486275, 18.1062030792, 70.248046875, -7.84003973007, 8.83864688873, 24.5440120697, 123.816375732, -5.65995883942, 7.56249237061], [37.8903770447, -91.0702056885, 12.3946723938, 25.1306648254, -11.0221853256, -19.4924983978, -38.4682235718, 16.1167068481, 17.1914291382, 17.5356521606, -5.65995883942, 91.7875137329, 21.9006824493], [-83.7904586792, 44.1256904602, -13.9887828827, 49.8423233032, 22.9467697144, -30.5852050781, -28.0662899017, 2.63046121597, 50.1724891663, -5.89808368683, 7.56249237061, 21.9006824493, 90.8266448975]],
        "icov": [[0.00110951764509, 0.000442818534793, 0.000634240976069, -0.00153826433234, 0.000537067186087, 3.66287567886e-05, -0.000264028727543, -0.000971934641711, 0.000703635741957, -0.000337906472851, 0.000690771266818, 0.000170582745341, 0.00106419133954], [0.000442818534793, 0.0183039661497, -0.0108967712149, 0.0115679493174, -0.016418190673, 0.012925949879, -0.0142160765827, 0.0117901079357, -0.013755004853, 0.0122534520924, -0.0138622419909, 0.00973053276539, -0.00554213300347], [0.000634240976069, -0.0108967712149, 0.0101691428572, -0.00932757742703, 0.0104175843298, -0.00956885050982, 0.00997652299702, -0.00996297970414, 0.0119516225532, -0.0099071143195, 0.00924935750663, -0.00531759858131, 0.00334774260409], [-0.00153826433234, 0.0115679493174, -0.00932757742703, 0.0165566727519, -0.0126598859206, 0.00894893705845, -0.00928601063788, 0.0125967068598, -0.0145273674279, 0.010828698054, -0.00788213405758, 0.00479837413877, -0.00635636085644], [0.000537067186087, -0.016418190673, 0.0104175843298, -0.0126598859206, 0.0221910700202, -0.0134159456939, 0.0130291981623, -0.012398885563, 0.0138443624601, -0.0142496367916, 0.0136839570478, -0.0067915902473, 0.00320995878428], [3.66287567886e-05, 0.012925949879, -0.00956885050982, 0.00894893705845, -0.0134159456939, 0.0183566398919, -0.0136986933649, 0.00992639362812, -0.00980101060122, 0.00846727006137, -0.00970024149865, 0.00665045483038, -0.00241215224378], [-0.000264028727543, -0.0142160765827, 0.00997652299702, -0.00928601063788, 0.0130291981623, -0.0136986933649, 0.0198299717158, -0.0126391705126, 0.0132392914966, -0.00828759465367, 0.00623761396855, -0.00526838190854, 0.00478375284001], [-0.000971934641711, 0.0117901079357, -0.00996297970414, 0.0125967068598, -0.012398885563, 0.00992639362812, -0.0126391705126, 0.0231534093618, -0.0168810728937, 0.00825892388821, -0.00641389423981, 0.00329278502613, -0.00357120088302], [0.000703635741957, -0.013755004853, 0.0119516225532, -0.0145273674279, 0.0138443624601, -0.00980101060122, 0.0132392914966, -0.0168810728937, 0.0249005164951, -0.0127715254202, 0.00864254124463, -0.00539159681648, 0.000922405859455], [-0.000337906472851, 0.0122534520924, -0.0099071143195, 0.010828698054, -0.0142496367916, 0.00846727006137, -0.00828759465367, 0.00825892388821, -0.0127715254202, 0.0234223268926, -0.0134246395901, 0.00319988164119, -0.00115958927199], [0.000690771266818, -0.0138622419909, 0.00924935750663, -0.00788213405758, 0.0136839570478, -0.00970024149865, 0.00623761396855, -0.00641389423981, 0.00864254124463, -0.0134246395901, 0.0245518554002, -0.00800280366093, 0.00275095552206], [0.000170582745341, 0.00973053276539, -0.00531759858131, 0.00479837413877, -0.0067915902473, 0.00665045483038, -0.00526838190854, 0.00329278502613, -0.00539159681648, 0.00319988164119, -0.00800280366093, 0.0191636234522, -0.0065585304983], [0.00106419133954, -0.00554213300347, 0.00334774260409, -0.00635636085644, 0.00320995878428, -0.00241215224378, 0.00478375284001, -0.00357120088302, 0.000922405859455, -0.00115958927199, 0.00275095552206, -0.0065585304983, 0.019413921982]]
    },
    "melbands": {
        "max": [0.00732506625354, 0.0186192374676, 0.0244194660336, 0.0195899419487, 0.00522743817419, 0.00529899960384, 0.00498559838161, 0.00327432155609, 0.00690938113257, 0.00386496516876, 0.00453496258706, 0.00136422750074, 0.00211245077662, 0.00245726387948, 0.00146093545482, 0.00117534585297, 0.00141561403871, 0.00126798544079, 0.000455242785392, 0.00108310580254, 0.000562082510442, 0.000621493090875, 0.000525708077475, 0.000422224111389, 0.000215966065298, 0.000220555404667, 0.000327952118823, 0.000183074691449, 0.000118322408525, 0.000127805498778, 0.000110860259156, 0.000120863835036, 0.000224425690249, 0.000291752541671, 0.000275843893178, 5.79250663577e-05, 4.98777335451e-05, 4.4335021812e-05, 3.19679165841e-05, 3.20660074067e-05],
        "mean": [0.000425125355832, 0.000682803161908, 0.000968298118096, 0.000905471097212, 0.000496553780977, 0.000380343728466, 0.000394466944272, 0.000358710647561, 0.000356168282451, 0.00019599913503, 0.000266628456302, 0.000147993574501, 0.000113371555926, 0.000100096782262, 8.70044095791e-05, 4.04611128033e-05, 5.09452547703e-05, 5.17085318279e-05, 3.61144338967e-05, 5.85185844102e-05, 3.80983656214e-05, 4.35948604718e-05, 3.80803612643e-05, 1.91472554434e-05, 1.58146067406e-05, 1.55124980665e-05, 1.36598282552e-05, 8.18775333755e-06, 5.08656330567e-06, 5.81966151003e-06, 5.80494588576e-06, 5.12703263666e-06, 3.1383044643e-06, 2.95662675853e-06, 2.07768857763e-06, 1.28151327772e-06, 8.77216848494e-07, 7.40864265936e-07, 5.67794984363e-07, 3.58543843504e-07],
        "min": [8.96777805792e-07, 1.68388623933e-06, 2.20901483772e-06, 9.30127680476e-06, 7.44255885365e-06, 6.78742208038e-06, 3.84814438803e-06, 9.68693484538e-07, 2.88978230856e-06, 1.46311595017e-06, 5.14962266607e-07, 2.52123072642e-07, 2.60804227992e-07, 1.26778346043e-07, 2.61363538812e-07, 1.69505753433e-07, 1.7110133399e-07, 1.27897308744e-07, 1.67490469494e-07, 1.53504075229e-07, 1.91922254089e-07, 1.17856814086e-07, 4.14155820749e-08, 8.59906990058e-08, 7.87959351101e-08, 5.14844487043e-08, 1.72854868197e-08, 2.9704201765e-08, 2.91482553649e-08, 2.12216626494e-08, 9.45174871703e-09, 1.0150150942e-08, 3.76991726725e-09, 3.73659680974e-09, 3.10483438959e-09, 3.56864560125e-09, 2.15878515064e-09, 2.17927431656e-09, 1.28801758148e-09, 1.51245449498e-09],
        "stdev": [0.000491794373374, 0.000810631667264, 0.00198040809482, 0.00163823610637, 0.000565472815651, 0.000463055155706, 0.000493884901516, 0.000482944451505, 0.000605678302236, 0.000342004292179, 0.000391984591261, 0.000185064098332, 0.000198590030777, 0.00019990268629, 0.000136104295962, 8.47965129651e-05, 8.69417053764e-05, 8.54641693877e-05, 6.29231872153e-05, 0.000111304696475, 6.61135636619e-05, 6.99418233125e-05, 6.08457521594e-05, 3.19492537528e-05, 2.08945475606e-05, 2.17853557842e-05, 1.98592260858e-05, 1.1501490917e-05, 7.62361514717e-06, 9.03847740119e-06, 9.20766706258e-06, 9.19775175134e-06, 8.63900731929e-06, 1.00399474832e-05, 8.60826003191e-06, 3.24944403474e-06, 2.61927402789e-06, 1.99009900825e-06, 1.47782805016e-06, 1.29802822357e-06]
    },
    "melbands128": {
        "max": [0.000539658591151, 0.00221971864812, 0.00927704386413, 0.0194140393287, 0.0239872708917, 0.0156647898257, 0.010990855284, 0.0384425744414, 0.0513348914683, 0.0223284307867, 0.0134022152051, 0.00920514762402, 0.00878960732371, 0.0138011546806, 0.0087622506544, 0.00861792545766, 0.0080974008888, 0.00898394733667, 0.00591222941875, 0.00572642683983, 0.00526234554127, 0.00762107223272, 0.011364294216, 0.0082820430398, 0.00638967938721, 0.00516710150987, 0.00726229697466, 0.00884538982064, 0.0060778381303, 0.00154809711967, 0.00172213278711, 0.00191348628141, 0.00282167107798, 0.00645687663928, 0.00553043466061, 0.00178599590436, 0.00133496883791, 0.00309276813641, 0.00209817755967, 0.00206159707159, 0.00197309651412, 0.00065320514841, 0.00240535731427, 0.00137767812703, 0.00184889673255, 0.0022619238589, 0.00176276639104, 0.00101605802774, 0.000862904009409, 0.000788960489444, 0.00243411655538, 0.000982803758234, 0.00135724432766, 0.00130966026336, 0.00152863503899, 0.00101513578556, 0.0015073386021, 0.0011286259396, 0.00112953200005, 0.0011366478866, 0.000497572880704, 0.000940645870287, 0.000479108508443, 0.000246594368946, 0.000383611710276, 0.000369206944015, 0.000422983284807, 0.00051896990044, 0.000416314782342, 0.000325753790094, 0.000185984623386, 0.000283781555481, 0.000183848722372, 0.000114672351629, 0.000191783125047, 0.000142473203596, 0.000131232853164, 0.000193180152564, 0.000123392805108, 0.000131261564093, 0.000179389389814, 0.000160048017278, 0.000177859663381, 0.000311219948344, 0.000172530533746, 0.000237503511016, 0.000400430028094, 0.000445184879936, 0.000330185168423, 0.000171792635228, 6.67745989631e-05, 5.88428520132e-05, 4.24884347012e-05, 6.06525754847e-05, 7.085033576e-05, 4.47359925602e-05, 5.53253230464e-05, 3.96747600462e-05, 3.18120328302e-05, 2.18930381379e-05, 3.16054720315e-05, 4.29796818935e-05, 2.0822213628e-05, 1.41665923366e-05, 9.0063749667e-06, 6.77667458149e-06, 4.36937716586e-06, 3.91715229853e-06, 3.32781837642e-06, 2.36519622376e-06, 2.76609739558e-06, 1.41624821026e-06, 5.94162486323e-07, 2.51496203418e-07, 1.86310145978e-07, 5.96923399598e-08, 1.13350424158e-07, 7.32563236738e-08, 5.74655416585e-08, 3.5132583065e-08, 1.36610820434e-08, 3.43130546199e-09, 2.19228479814e-09, 2.15305728801e-09, 2.1302772879e-09, 2.11124739913e-09, 2.09118944383e-09, 2.08098493992e-09],
        "mean": [3.66488930013e-05, 0.000259874184849, 0.000600834202487, 0.000720410898793, 0.000762851384934, 0.000561099033803, 0.000587039627135, 0.00112342822831, 0.00157952506561, 0.000843508634716, 0.000550339522306, 0.000540307431947, 0.000494857144076, 0.000439680006821, 0.000304126297124, 0.000314128294121, 0.000621902931016, 0.000359820696758, 0.000198952839128, 0.000364569103112, 0.000468895828817, 0.000251450750511, 0.000418140931288, 0.000379568897188, 0.000162414682563, 0.000170342609636, 0.000108190062747, 0.000285002228338, 0.000455818575574, 0.000108417945739, 9.3984992418e-05, 8.63719324116e-05, 6.96115312167e-05, 0.000191641258425, 0.000133678855491, 5.62447094126e-05, 4.74420812679e-05, 0.000158428956638, 4.45146833954e-05, 4.19890893681e-05, 4.97610926686e-05, 1.77485453605e-05, 4.98538174725e-05, 5.40769324289e-05, 8.99001170183e-05, 3.91282592318e-05, 2.85263067781e-05, 4.55777189927e-05, 3.26953049807e-05, 3.26364643115e-05, 9.03297404875e-05, 4.52696076536e-05, 3.76468742616e-05, 3.89094420825e-05, 3.06246511173e-05, 4.94511477882e-05, 4.5993267122e-05, 4.00446333515e-05, 3.77602373192e-05, 3.40363985742e-05, 1.18658945212e-05, 1.26596969494e-05, 1.81649411388e-05, 1.32454242703e-05, 1.97773806576e-05, 1.47856690091e-05, 1.27759976749e-05, 1.76616522367e-05, 1.29147465486e-05, 1.0341072084e-05, 8.41010933073e-06, 7.91127240518e-06, 4.1382463678e-06, 4.52719950772e-06, 6.05299874223e-06, 5.06657988808e-06, 6.95107200954e-06, 5.27666088601e-06, 6.09478502156e-06, 5.28682630829e-06, 6.25542406851e-06, 4.63743253931e-06, 3.32152649207e-06, 3.17495050695e-06, 2.73191517408e-06, 2.93620200864e-06, 3.21156289829e-06, 2.65041353487e-06, 2.04277216653e-06, 1.61104492236e-06, 1.52607356085e-06, 1.18242815006e-06, 9.02887222765e-07, 8.21171852294e-07, 9.45471128944e-07, 7.48780280446e-07, 7.38294147595e-07, 6.44614942757e-07, 5.91737773448e-07, 5.18689944329e-07, 4.48036274747e-07, 3.30111362246e-07, 2.54642856135e-07, 2.04945891369e-07, 1.61220540917e-07, 1.67224925463e-07, 1.4894379774e-07, 1.15710385273e-07, 9.40991000675e-08, 7.38289855917e-08, 6.13640693814e-08, 3.62562353473e-08, 1.513879333e-08, 1.86230275645e-09, 2.59358118315e-10, 1.55543355973e-10, 1.13785432465e-10, 4.47857584351e-11, 3.48445022835e-11, 2.32354326751e-11, 1.20719259242e-11, 6.71059431981e-12, 4.9915631524e-12, 4.77073415495e-12, 4.66814781275e-12, 4.54045004719e-12, 4.46105912627e-12, 4.43098249064e-12],
        "min": [2.48975400297e-08, 1.42261455949e-07, 2.15161890083e-07, 4.1359601255e-07, 1.20406639326e-06, 2.16101341266e-07, 3.26751290913e-07, 6.0654048184e-07, 5.84940664794e-07, 1.16838214126e-06, 1.89030220099e-06, 1.37587483096e-06, 2.03423678613e-06, 1.32797231345e-06, 4.55546228295e-07, 4.20787017674e-07, 1.87020464182e-06, 9.02703504835e-07, 3.59453139254e-07, 4.72785814054e-07, 1.67981198729e-07, 2.49789252393e-07, 2.64355662694e-07, 5.2518623761e-07, 5.83272424137e-07, 4.3843382258e-08, 8.08502846894e-08, 1.24040610672e-07, 2.88923729386e-07, 2.29286939657e-07, 1.05528656036e-07, 9.18123319593e-08, 1.83594153214e-07, 2.60420449649e-07, 5.2400434214e-08, 3.55419409459e-08, 4.49673578373e-08, 8.2325456674e-08, 9.63265378573e-08, 5.14521616424e-08, 8.16676291038e-08, 1.55631294518e-08, 2.72189168982e-08, 4.01558999386e-08, 1.59847004966e-07, 8.7105171076e-08, 3.98569568461e-08, 8.99654892805e-08, 5.62410100713e-08, 2.92403576907e-08, 1.13982181915e-07, 1.6641783418e-07, 5.68984681593e-08, 7.06455907107e-08, 3.64242431772e-08, 6.23507787623e-08, 5.3345896589e-08, 2.18998401635e-08, 2.64654556048e-08, 6.16329174363e-08, 3.30158052009e-08, 2.44889921674e-08, 4.32530846695e-08, 4.89850577878e-08, 6.9151745663e-08, 1.40044980057e-08, 1.28444259673e-08, 1.42144607196e-08, 1.49662700011e-08, 7.94602694754e-09, 2.28842633732e-08, 8.92122642426e-09, 5.32390620478e-09, 1.29981572172e-08, 9.43350286775e-09, 7.75883179926e-09, 4.51734205598e-09, 4.05868272324e-09, 6.24787954706e-09, 1.93000304627e-09, 1.04879624985e-08, 4.92599117052e-09, 2.57759436018e-09, 2.73704592324e-09, 3.2650209203e-09, 2.24175455976e-09, 3.26488391877e-09, 3.12748626996e-09, 1.59840318759e-09, 2.53505705317e-09, 2.10797801437e-09, 2.43111775156e-09, 3.0634426107e-09, 1.65420876996e-09, 1.02010178082e-09, 1.57356916386e-09, 1.76987224876e-09, 9.57460888351e-10, 1.11455611407e-09, 1.25368759818e-09, 1.36208733181e-09, 9.16285436414e-10, 1.21436594114e-09, 1.30045463287e-09, 9.74913927365e-10, 3.3932778809e-10, 6.91757262583e-10, 6.51722287248e-10, 6.2051747074e-10, 1.82167628204e-10, 1.2181886359e-12, 9.31312752611e-13, 1.80870848355e-13, 1.10344527027e-13, 1.01630773838e-13, 7.93079184681e-14, 8.59491582181e-14, 1.00649435346e-13, 9.81055311316e-14, 7.01058880544e-14, 8.2689877081e-14, 8.24988880921e-14, 8.41825998558e-14, 9.22335667043e-14, 6.52374137241e-14, 2.19712299705e-14, 3.35370731125e-15, 8.59257154696e-17],
        "stdev": [4.67438330816e-05, 0.000269315263722, 0.000790442223661, 0.00104952929541, 0.00100992596708, 0.000810929166619, 0.00100505840965, 0.00279130740091, 0.00441715307534, 0.00154138240032, 0.00110103050247, 0.000767006713431, 0.000715065863915, 0.000725414953195, 0.000581763742957, 0.00066437170608, 0.00088264781516, 0.000547552364878, 0.000427931023296, 0.000615408353042, 0.0007319226861, 0.000584623718169, 0.000947138527408, 0.000831916579045, 0.000430682033766, 0.000457560672658, 0.000360397767508, 0.000531860394403, 0.000772175262682, 0.000191443759832, 0.000160647934536, 0.000164008088177, 0.000185640048585, 0.000451795058325, 0.000382426136639, 0.000168100348674, 9.79395845206e-05, 0.000283661065623, 9.55441209953e-05, 0.000126621584059, 0.000125438935356, 4.55147783214e-05, 0.000123831705423, 0.000114457499876, 0.000174062428414, 0.000110657449113, 8.12485086499e-05, 0.000107441541331, 7.67528108554e-05, 8.27607655083e-05, 0.000221021924517, 9.51497349888e-05, 9.89236286841e-05, 9.77267336566e-05, 7.64795331634e-05, 0.000110957415018, 9.83659701888e-05, 0.000101547528175, 9.5602030342e-05, 8.01067290013e-05, 2.69621195912e-05, 3.27286361426e-05, 3.75794952561e-05, 2.15919826587e-05, 3.20896979247e-05, 3.06088877551e-05, 2.46216804953e-05, 3.4465410863e-05, 2.16187490878e-05, 2.3685677661e-05, 1.73054886545e-05, 1.37637025546e-05, 8.95408902579e-06, 8.65393394633e-06, 1.14032163765e-05, 9.39474193729e-06, 1.29076834128e-05, 1.08812855615e-05, 1.0981100786e-05, 1.00853494587e-05, 1.34187757794e-05, 9.9143035186e-06, 8.62498745846e-06, 1.08089752757e-05, 7.40717041481e-06, 8.98541111383e-06, 1.20890999824e-05, 1.38404566314e-05, 9.46486943576e-06, 6.12106441622e-06, 3.69723329641e-06, 3.04781679006e-06, 2.37989479501e-06, 2.8954834761e-06, 3.1390809454e-06, 2.20563538278e-06, 2.21464460992e-06, 1.6231730342e-06, 1.5593424223e-06, 1.3914976762e-06, 1.63954757681e-06, 1.418245688e-06, 9.47973148868e-07, 6.5818596795e-07, 4.12413982076e-07, 4.1197262135e-07, 3.53996995273e-07, 2.53917562532e-07, 2.10674585333e-07, 1.55747116537e-07, 1.44695448512e-07, 9.31340338184e-08, 4.03961522011e-08, 7.75993580504e-09, 4.44776038222e-09, 1.93952209848e-09, 2.58996379898e-09, 1.65944191721e-09, 1.30205357607e-09, 7.97098720362e-10, 3.13588460754e-10, 9.31050375685e-11, 5.07209794998e-11, 4.94396953932e-11, 4.89135849879e-11, 4.84627685204e-11, 4.80025012795e-11, 4.77644659935e-11]
    },
    "mfcc": {
        "mean": [-620.838134766, 124.168800354, -7.00590467453, 21.0447349548, -7.12339448929, -0.575362205505, -4.12362718582, 3.29980587959, -2.69204711914, -0.169831439853, -3.38052749634, -2.06803274155, -1.83804345131],
        "cov": [[2465.05200195, -980.394165039, -270.484649658, 202.601821899, -141.541290283, -61.0040397644, -270.199981689, 129.940841675, 20.5321273804, -15.1485929489, 12.8503046036, -128.310775757, -101.213829041], [-980.394165039, 809.621765137, 49.1623535156, -102.701660156, 25.6547832489, 28.2397041321, 245.638198853, -42.6352386475, -29.6959457397, 76.2290039062, 42.9822349548, 70.1235046387, 18.2463665009], [-270.484649658, 49.1623535156, 419.127258301, 3.28468728065, 77.5638961792, 44.0545501709, 53.0960426331, -34.8629684448, 16.0430698395, -25.5237903595, -8.69137763977, 5.02968740463, -0.849647402763], [202.601821899, -102.701660156, 3.28468728065, 214.887802124, 84.3554916382, -10.3263702393, -102.005996704, -13.6181764603, 61.4478340149, -32.7114601135, -43.7205543518, 9.30247974396, 22.494052887], [-141.541290283, 25.6547832489, 77.5638961792, 84.3554916382, 239.845581055, 16.296037674, -68.4340896606, -49.6326179504, 75.8183059692, -9.33396148682, -45.596408844, 28.9277801514, 30.3761730194], [-61.0040397644, 28.2397041321, 44.0545501709, -10.3263702393, 16.296037674, 148.437088013, 83.401008606, -2.55773711205, -17.2882633209, 14.32999897, -0.201011568308, -15.9783287048, -2.47995233536], [-270.199981689, 245.638198853, 53.0960426331, -102.005996704, -68.4340896606, 83.401008606, 266.072540283, 20.0597858429, -59.3625297546, 48.8094787598, 21.664648056, 1.47796916962, -10.0855607986], [129.940841675, -42.6352386475, -34.8629684448, -13.6181764603, -49.6326179504, -2.55773711205, 20.0597858429, 108.394378662, 10.1762294769, 10.243765831, 7.05113077164, -15.0363950729, 3.6385307312], [20.5321273804, -29.6959457397, 16.0430698395, 61.4478340149, 75.8183059692, -17.2882633209, -59.3625297546, 10.1762294769, 122.153137207, 2.98949360847, -29.7518959045, 22.9359340668, 21.5813350677], [-15.1485929489, 76.2290039062, -25.5237903595, -32.7114601135, -9.33396148682, 14.32999897, 48.8094787598, 10.243765831, 2.98949360847, 101.294525146, 33.7066574097, -3.90213871002, -11.467581749], [12.8503046036, 42.9822349548, -8.69137763977, -43.7205543518, -45.596408844, -0.201011568308, 21.664648056, 7.05113077164, -29.7518959045, 33.7066574097, 103.560180664, 9.71699619293, -14.1145477295], [-128.310775757, 70.1235046387, 5.02968740463, 9.30247974396, 28.9277801514, -15.9783287048, 1.47796916962, -15.0363950729, 22.9359340668, -3.90213871002, 9.71699619293, 86.1862716675, 35.1006660461], [-101.213829041, 18.2463665009, -0.849647402763, 22.494052887, 30.3761730194, -2.47995233536, -10.0855607986, 3.6385307312, 21.5813350677, -11.467581749, -14.1145477295, 35.1006660461, 83.6953964233]],
        "icov": [[0.00111698033288, 0.00129233393818, 0.000465388933662, -0.00102805299684, 0.000209322577575, 0.000255960039794, -0.000349637761246, -0.000565679336432, 2.00367612706e-05, -0.000497017928865, -0.000580491090659, 0.000207699893508, 0.0010058672633], [0.00129233393818, 0.00372187304311, 0.000702919205651, -0.000947275315411, -0.000646014290396, 0.00128712074365, -0.00289112166502, 0.000351548573235, -6.21923682047e-05, -0.0011467615841, -0.00120141007937, -0.000738219416235, 0.000887990114279], [0.000465388933662, 0.000702919205651, 0.00313006830402, -0.000298963277601, -0.00106325058732, -5.95414348936e-05, -0.00151998223737, 0.000553411722649, -0.000799900793936, 0.00127561064437, -0.00100421765819, 0.000545239192434, 0.000681608915329], [-0.00102805299684, -0.000947275315411, -0.000298963277601, 0.0078067178838, -0.00122909527272, -0.000975578615908, 0.00201179506257, 0.000712595472578, -0.00169431115501, 0.00129165884573, 0.00170582288411, -0.000351720547769, -0.00146022648551], [0.000209322577575, -0.000646014290396, -0.00106325058732, -0.00122909527272, 0.00786356534809, -0.00208766199648, 0.00248341658153, 0.00223976350389, -0.002769687213, -0.00125833891798, 0.00201592408121, -0.000889815157279, -0.000745525117964], [0.000255960039794, 0.00128712074365, -5.95414348936e-05, -0.000975578615908, -0.00208766199648, 0.009764989838, -0.00471476279199, 0.000587459944654, 0.000537722895388, -0.000285010028165, -0.000986311235465, 0.00232678744942, -0.000575985759497], [-0.000349637761246, -0.00289112166502, -0.00151998223737, 0.00201179506257, 0.00248341658153, -0.00471476279199, 0.0102413184941, -0.00225369632244, 0.00253534084186, -0.00246946117841, 0.00277457945049, -0.00173118337989, 0.000144246310811], [-0.000565679336432, 0.000351548573235, 0.000553411722649, 0.000712595472578, 0.00223976350389, 0.000587459944654, -0.00225369632244, 0.0126476781443, -0.00394955091178, 0.000170128856553, -0.000953811162617, 0.00267311488278, -0.00280372076668], [2.00367612706e-05, -6.21923682047e-05, -0.000799900793936, -0.00169431115501, -0.002769687213, 0.000537722895388, 0.00253534084186, -0.00394955091178, 0.0140568288043, -0.00350237661041, 0.00327603775077, -0.00364583008923, -3.96205687139e-05], [-0.000497017928865, -0.0011467615841, 0.00127561064437, 0.00129165884573, -0.00125833891798, -0.000285010028165, -0.00246946117841, 0.000170128856553, -0.00350237661041, 0.0143031161278, -0.00465788785368, 0.00229168240912, 0.000574280915316], [-0.000580491090659, -0.00120141007937, -0.00100421765819, 0.00170582288411, 0.00201592408121, -0.000986311235465, 0.00277457945049, -0.000953811162617, 0.00327603775077, -0.00465788785368, 0.0143018383533, -0.00438044639304, 0.00147224031389], [0.000207699893508, -0.000738219416235, 0.000545239192434, -0.000351720547769, -0.000889815157279, 0.00232678744942, -0.00173118337989, 0.00267311488278, -0.00364583008923, 0.00229168240912, -0.00438044639304, 0.0179292466491, -0.00642465986311], [0.0010058672633, 0.000887990114279, 0.000681608915329, -0.00146022648551, -0.000745525117964, -0.000575985759497, 0.000144246310811, -0.00280372076668, -3.96205687139e-05, 0.000574280915316, 0.00147224031389, -0.00642465986311, 0.0167946536094]]
    },
    "spectral_contrast_coeffs": {
        "max": [-0.394802212715, -0.547727644444, -0.505682587624, -0.567196786404, -0.598985850811, -0.597357213497],
        "mean": [-0.701485335827, -0.722736239433, -0.704709470272, -0.744349479675, -0.755531668663, -0.750193595886],
        "min": [-0.887192726135, -0.920801877975, -0.895943820477, -0.893630981445, -0.867285251617, -0.882679283619],
        "stdev": [0.0769124925137, 0.0606697499752, 0.0634940415621, 0.0625019222498, 0.0563958324492, 0.0450920537114]
    },
    "spectral_contrast_valleys": {
        "max": [-5.14643669128, -5.21082401276, -5.83771753311, -6.02779960632, -5.84007835388, -7.75804042816],
        "mean": [-6.59048128128, -6.47594213486, -7.37756872177, -7.68581342697, -7.57047748566, -10.1959590912],
        "min": [-9.19646930695, -7.89131689072, -9.65928268433, -9.36996841431, -9.59305477142, -12.3557415009],
        "stdev": [0.570106804371, 0.462865412235, 0.52923810482, 0.515588700771, 0.57550406456, 0.671371757984]
    }
},
"rhythm": {
    "beats_count": 72,
    "beats_loudness": {
        "max": 0.0779439881444,
        "mean": 0.0357875414193,
        "min": 0.0117843560874,
        "stdev": 0.0140836173669
    },
    "bpm": 96.4341888428,
    "bpm_histogram_first_peak_bpm": 96,
    "bpm_histogram_first_peak_weight": 0.535211205482,
    "bpm_histogram_second_peak_bpm": 0,
    "bpm_histogram_second_peak_spread": 0,
    "bpm_histogram_second_peak_weight": 0,
    "danceability": 1.06676971912,
    "onset_rate": 3.04855799675,
    "beats_loudness_band_ratio": {
        "max": [0.808592498302, 0.669698297977, 0.598809063435, 0.474417626858, 0.339832216501, 0.240199699998],
        "mean": [0.416187524796, 0.267567366362, 0.194861158729, 0.111506223679, 0.0996638163924, 0.0514354258776],
        "min": [0.0296343192458, 0.0497561432421, 0.0224746242166, 0.00678390217945, 0.00431699445471, 0.00248916703276],
        "stdev": [0.2444537431, 0.128864213824, 0.145953983068, 0.0987259298563, 0.0863432586193, 0.036204867065]
    },
    "beats_position": [0.603718817234, 1.23065757751, 1.86920630932, 2.51936507225, 3.15791368484, 3.79646253586, 4.43501138687, 5.06195020676, 5.6888885498, 6.31582736969, 6.94276618958, 7.56970500946, 8.19664382935, 8.82358264923, 9.45052146912, 10.077460289, 10.7043991089, 11.3313379288, 11.9582767487, 12.5736055374, 13.2005443573, 13.8274831772, 14.4544210434, 15.0697498322, 15.696688652, 16.3236274719, 16.9621772766, 17.600725174, 18.2276649475, 18.8313827515, 19.458322525, 20.0852603912, 20.7121982574, 21.3275279999, 21.9544658661, 22.5697956085, 23.1967334747, 23.8120632172, 24.4390010834, 25.0543308258, 25.6928787231, 26.3082084656, 26.9351463318, 27.5620861053, 28.1890239716, 28.804353714, 29.4312915802, 30.0466213226, 30.6735591888, 31.2772789001, 31.8926067352, 32.5079345703, 33.1232643127, 33.7385940552, 34.3539237976, 34.9692497253, 35.572971344, 36.1766891479, 36.7804069519, 37.3957366943, 38.0110664368, 38.638004303, 39.2649421692, 39.9034919739, 40.5188217163, 41.1225395203, 41.7378692627, 42.3531951904, 42.9569168091, 43.560634613, 44.1875724792, 44.7912902832],
