{
"metadata": {
    "version": {
        "essentia": "2.1-beta5",
        "essentia_git_sha": "Undefined",
        "extractor": "music 2.0"
    },
    "audio_properties": {
        "analysis": {
            "equal_loudness": 0,
            "length": 12.7477550507,
            "sample_rate": 44100,
            "start_time": 0,
            "downmix": "mix"
        },
        "bit_rate": 192000,
        "length": 217.838027954,
        "lossless": 0,
        "number_channels": 2,
        "replay_gain": 37.5268325806,
        "sample_rate": 48000,
        "codec": "mp3",
        "md5_encoded": "c1555d1d5517aaf5b0585c0d02ba9ffb"
    },
    "tags": {
        "file_name": "United KingdomUK_We Will Be Free (lonely Symphony)_Frances Ruffelle.mp3",
        "encoding": ["Lavf58.29.100"]
    }
},
"lowlevel": {
    "average_loudness": 0.000345322012436,
    "barkbands_crest": {
        "max": 19.777223587,
        "mean": 6.83071374893,
        "min": 3.01504254341,
        "stdev": 1.74521374702
    },
    "barkbands_flatness_db": {
        "max": 0.19768153131,
        "mean": 0.0797878056765,
        "min": 0.0457856841385,
        "stdev": 0.0178641472012
    },
    "barkbands_kurtosis": {
        "max": 14.5805931091,
        "mean": 3.08292889595,
        "min": -1.48276209831,
        "stdev": 1.37822985649
    },
    "barkbands_skewness": {
        "max": 3.60638380051,
        "mean": -1.50774908066,
        "min": -2.27880311012,
        "stdev": 0.974229991436
    },
    "barkbands_spread": {
        "max": 52.9088020325,
        "mean": 25.2899208069,
        "min": 7.1550359726,
        "stdev": 4.97872829437
    },
    "dissonance": {
        "max": 0.499999761581,
        "mean": 0.491032540798,
        "min": 0,
        "stdev": 0.0224423911422
    },
    "dynamic_complexity": 5.10953617096,
    "erbbands_crest": {
        "max": 16.3829708099,
        "mean": 3.97174143791,
        "min": 2.56984782219,
        "stdev": 1.66907155514
    },
    "erbbands_flatness_db": {
        "max": 0.246933400631,
        "mean": 0.110280588269,
        "min": 0.052651822567,
        "stdev": 0.0319390967488
    },
    "erbbands_kurtosis": {
        "max": 3.6933298111,
        "mean": 0.0827552825212,
        "min": -1.54438519478,
        "stdev": 0.437932640314
    },
    "erbbands_skewness": {
        "max": 0.950853765011,
        "mean": -0.549496114254,
        "min": -1.75985383987,
        "stdev": 0.321704536676
    },
    "erbbands_spread": {
        "max": 69.0289154053,
        "mean": 35.4851417542,
        "min": 11.8435926437,
        "stdev": 6.14779472351
    },
    "hfc": {
        "max": 361.475006104,
        "mean": 8.69422149658,
        "min": 1.0572045193e-16,
        "stdev": 35.2722244263
    },
    "loudness_ebu128": {
        "integrated": -56.6920967102,
        "loudness_range": 8.24320602417,
        "momentary": {
            "max": -53.6066894531,
            "mean": -266.430175781,
            "min": -300.691009521,
            "stdev": 83.6092529297
        },
        "short_term": {
            "max": -59.8720016479,
            "mean": -258.81338501,
            "min": -300.691009521,
            "stdev": 88.9442443848
        }
    },
    "melbands_crest": {
        "max": 21.9340076447,
        "mean": 3.40284442902,
        "min": 1.44415414333,
        "stdev": 3.32169795036
    },
    "melbands_flatness_db": {
        "max": 0.282903134823,
        "mean": 0.0242784973234,
        "min": 0.00279189785942,
        "stdev": 0.0506407767534
    },
    "melbands_kurtosis": {
        "max": 33.9306182861,
        "mean": -0.242305800319,
        "min": -1.47747349739,
        "stdev": 3.91695475578
    },
    "melbands_skewness": {
        "max": 5.13853597641,
        "mean": 0.211326614022,
        "min": -1.1234703064,
        "stdev": 0.784497201443
    },
    "melbands_spread": {
        "max": 176.076431274,
        "mean": 118.874488831,
        "min": 5.8150639534,
        "stdev": 36.5091781616
    },
    "pitch_salience": {
        "max": 0.996088624001,
        "mean": 0.778467059135,
        "min": 0.384164452553,
        "stdev": 0.045822609216
    },
    "silence_rate_20dB": {
        "max": 1,
        "mean": 0.992727279663,
        "min": 0,
        "stdev": 0.0849696099758
    },
    "silence_rate_30dB": {
        "max": 1,
        "mean": 0.98727273941,
        "min": 0,
        "stdev": 0.112095013261
    },
    "silence_rate_60dB": {
        "max": 1,
        "mean": 0.885454535484,
        "min": 0,
        "stdev": 0.318472623825
    },
    "spectral_centroid": {
        "max": 11923.2255859,
        "mean": 9757.08007812,
        "min": 460.043273926,
        "stdev": 3155.38037109
    },
    "spectral_complexity": {
        "max": 59,
        "mean": 4.16909074783,
        "min": 0,
        "stdev": 12.0625114441
    },
    "spectral_decrease": {
        "max": 9.57874567725e-20,
        "mean": -1.8037066285e-09,
        "min": -1.29113487901e-07,
        "stdev": 1.05171702458e-08
    },
    "spectral_energy": {
        "max": 0.501442611217,
        "mean": 0.00759618589655,
        "min": 1.00270082606e-20,
        "stdev": 0.0414903387427
    },
    "spectral_energyband_high": {
        "max": 0.0591553896666,
        "mean": 0.000633725780062,
        "min": 6.7492449027e-21,
        "stdev": 0.00435735052451
    },
    "spectral_energyband_low": {
        "max": 0.0842500776052,
        "mean": 0.00096486863913,
        "min": 1.25378515161e-23,
        "stdev": 0.00686500268057
    },
    "spectral_energyband_middle_high": {
        "max": 0.0927197784185,
        "mean": 0.00222608447075,
        "min": 1.06385413122e-21,
        "stdev": 0.00824692286551
    },
    "spectral_energyband_middle_low": {
        "max": 0.384169995785,
        "mean": 0.0038700401783,
        "min": 1.36127087361e-22,
        "stdev": 0.0292292460799
    },
    "spectral_entropy": {
        "max": 9.82871627808,
        "mean": 9.53441429138,
        "min": 7.17277050018,
        "stdev": 0.67328196764
    },
    "spectral_flux": {
        "max": 0.35532605648,
        "mean": 0.015828197822,
        "min": 6.32769808773e-11,
        "stdev": 0.0482735224068
    },
    "spectral_kurtosis": {
        "max": 10.3872718811,
        "mean": -0.40116417408,
        "min": -1.27040874958,
        "stdev": 2.15388226509
    },
    "spectral_rms": {
        "max": 0.0221181437373,
        "mean": 0.000787411816418,
        "min": 3.12769038099e-12,
        "stdev": 0.00260593462735
    },
    "spectral_rolloff": {
        "max": 19832.0800781,
        "mean": 16554.9335938,
        "min": 215.33203125,
        "stdev": 5571.79589844
    },
    "spectral_skewness": {
        "max": 2.78221607208,
        "mean": 0.205212980509,
        "min": -0.113313324749,
        "stdev": 0.539035260677
    },
    "spectral_spread": {
        "max": 42886972,
        "mean": 35426532,
        "min": 2569256.25,
        "stdev": 12641524
    },
    "spectral_strongpeak": {
        "max": 19.2010173798,
        "mean": 0.284949034452,
        "min": 0,
        "stdev": 1.3145288229
    },
    "zerocrossingrate": {
        "max": 0.5888671875,
        "mean": 0.445218384266,
        "min": 0.0205078125,
        "stdev": 0.139967337251
    },
    "barkbands": {
        "max": [0.00067737896461, 0.0335026867688, 0.0518627427518, 0.0578196905553, 0.325968056917, 0.0298389680684, 0.0195824690163, 0.0103367278352, 0.0164041668177, 0.0385325737298, 0.0253103654832, 0.0101353349164, 0.00634242268279, 0.00902189686894, 0.00895745866001, 0.0127635449171, 0.0112832617015, 0.0056887040846, 0.00331364269368, 0.0133171919733, 0.00598820624873, 0.0333594083786, 0.0134961279109, 0.00534996623173, 0.00192343641538, 0.000392299378291, 3.87103609683e-05],
        "mean": [1.49866109496e-05, 0.000356649688911, 0.00052259437507, 0.000473508029245, 0.00256528519094, 0.0003431205987, 0.000117090276035, 6.52431554045e-05, 0.000258691987256, 0.000297334045172, 0.000333703472279, 0.000213173610973, 0.000221537629841, 0.000254430720815, 0.000263115769485, 0.000285851798253, 0.000138388291816, 9.98416217044e-05, 6.92434623488e-05, 0.000153194530867, 8.92341922736e-05, 0.000263208843535, 0.00012012715888, 5.38914428034e-05, 1.83639731404e-05, 3.89880460716e-06, 4.70851404089e-07],
        "min": [1.12471005397e-25, 1.09979398089e-24, 5.01175511127e-25, 2.16827442397e-25, 4.93511855623e-24, 3.17660461745e-24, 5.86402672681e-24, 5.08694351491e-24, 8.12759761889e-24, 7.70903433347e-24, 1.08514830487e-23, 1.30006911976e-23, 1.53498195769e-23, 2.4498714389e-23, 2.82858131362e-23, 4.11205201107e-23, 4.05617068226e-23, 5.75096260648e-23, 1.0752550267e-22, 1.31405407744e-22, 2.10975876122e-22, 2.65763099027e-22, 3.16271325812e-22, 4.92983085313e-22, 8.11684456123e-22, 1.19867901749e-21, 1.73713724555e-21],
        "stdev": [6.08616719546e-05, 0.00290042907, 0.0038195583038, 0.00390324369073, 0.0230409074575, 0.00237471167929, 0.00114687671885, 0.000548430834897, 0.00127258291468, 0.00211519212462, 0.00155448529404, 0.000945933163166, 0.000859184248839, 0.000940655590966, 0.00105716171674, 0.00109821069054, 0.000637028831989, 0.000402393343393, 0.000276727048913, 0.00085635506548, 0.000510914076585, 0.00213366840035, 0.000896346464287, 0.000409402564401, 0.000140176445711, 2.86333142867e-05, 2.41669363277e-06]
    },
    "erbbands": {
        "max": [0.158387899399, 10.7234010696, 66.9142837524, 86.2366333008, 1277.35400391, 572.83605957, 350.86151123, 102.381469727, 220.511062622, 340.89175415, 274.208648682, 361.873931885, 524.708496094, 1657.05322266, 1233.71838379, 366.03604126, 270.576599121, 353.215911865, 463.087860107, 622.038085938, 747.896179199, 599.384521484, 212.674987793, 214.304138184, 164.976898193, 599.567749023, 398.031433105, 701.34753418, 1169.11474609, 371.214355469, 308.08782959, 201.059280396, 73.8806915283, 32.9336891174, 12.0777740479, 2.97685742378, 0.513151943684, 0.0737969577312, 0.00564613519236, 0.000575716549065],
        "mean": [0.00221058819443, 0.112588346004, 0.655185461044, 0.966404795647, 9.21299171448, 5.00658893585, 4.13644790649, 1.80395066738, 1.41162323952, 1.89553844929, 2.02389121056, 6.03488969803, 6.34009981155, 13.2779741287, 13.7004747391, 8.52669715881, 10.0361623764, 12.861995697, 13.2958469391, 16.1591739655, 12.8551492691, 7.87694501877, 5.25236749649, 4.71879386902, 4.2997841835, 6.41306447983, 5.40144252777, 5.21714401245, 9.08734607697, 4.63557577133, 2.8867623806, 1.7561892271, 0.796113729477, 0.295111954212, 0.0967207923532, 0.0289304163307, 0.00490940921009, 0.000709272397216, 8.4805120423e-05, 1.47553328134e-05],
        "min": [2.5069562539e-23, 2.25237888065e-22, 1.14874566204e-21, 3.42673260851e-21, 7.99242991261e-21, 1.4112699683e-20, 3.26845167908e-20, 3.94833339652e-20, 7.30896853875e-20, 5.61751214058e-20, 1.76603293425e-19, 1.68530889526e-19, 2.76956224954e-19, 4.41288500787e-19, 6.21477079329e-19, 7.08956340492e-19, 1.16300167238e-18, 1.51924520115e-18, 2.13516161051e-18, 2.43245569934e-18, 2.68202043284e-18, 2.96418869699e-18, 4.51783551264e-18, 5.36731443296e-18, 5.27627576193e-18, 6.62815275345e-18, 8.33171137267e-18, 7.48434920753e-18, 1.02718047696e-17, 9.5500102758e-18, 1.01117138882e-17, 1.01374127355e-17, 9.30804340302e-18, 7.81732580003e-18, 5.55069168937e-18, 3.69734968637e-18, 2.02591545342e-18, 8.48111125484e-19, 2.34723950094e-19, 2.50571845288e-20],
        "stdev": [0.0140455076471, 0.918894290924, 5.07082700729, 7.02641534805, 89.94165802, 40.001373291, 29.8959445953, 10.9664735794, 11.9547367096, 19.59948349, 14.595410347, 29.764787674, 33.1510276794, 84.0159835815, 70.3721542358, 35.2700233459, 37.5676879883, 47.3243370056, 49.7898826599, 62.8893089294, 52.8033790588, 34.7819023132, 20.2139797211, 19.1243629456, 16.8091335297, 36.4849586487, 34.0011863708, 41.2742424011, 73.6802215576, 31.7059574127, 21.2338829041, 13.7863035202, 6.18358755112, 2.24348092079, 0.764285385609, 0.222018808126, 0.0353363268077, 0.00447743944824, 0.000375789270038, 5.9903053625e-05]
    },
    "gfcc": {
        "mean": [-1089.38720703, 5.89686918259, -21.797454834, 2.55478906631, -7.46188116074, 2.69710803032, -4.18205738068, -0.00882549770176, -2.96742463112, -0.795661866665, -2.79887604713, -0.153110980988, -0.655816793442],
        "cov": [[193572.875, 6842.01318359, -24064.2773438, 2784.39599609, -8240.578125, 3027.94287109, -4533.63037109, 11.9573078156, -3245.14111328, -863.233337402, -3022.04345703, -153.428833008, -684.133544922], [6842.01318359, 626.233398438, -704.523254395, 117.916931152, -191.407089233, 9.92179775238, -217.354202271, -78.9184417725, -169.130447388, -110.375808716, -119.861564636, -23.4367332458, -37.0969314575], [-24064.2773438, -704.523254395, 3166.51220703, -304.694458008, 1062.43041992, -415.292327881, 518.513061523, -58.5221786499, 359.996795654, 59.8804206848, 347.981781006, 7.98393630981, 67.1610031128], [2784.39599609, 117.916931152, -304.694458008, 90.8787536621, -116.221229553, 50.6704330444, -69.029548645, -15.5311822891, -56.08776474, -23.6877269745, -50.2032051086, -5.72971868515, -11.2811040878], [-8240.578125, -191.407089233, 1062.43041992, -116.221229553, 392.200378418, -157.714675903, 173.424499512, -22.3801040649, 120.901481628, 14.300198555, 122.702255249, 1.48810660839, 26.1384983063], [3027.94287109, 9.92179775238, -415.292327881, 50.6704330444, -157.714675903, 93.1789169312, -43.8944473267, 25.3147144318, -32.1882553101, 10.4791193008, -40.7906188965, 0.116419911385, -6.20049715042], [-4533.63037109, -217.354202271, 518.513061523, -69.029548645, 173.424499512, -43.8944473267, 132.255142212, 21.0374927521, 91.728805542, 38.1474151611, 79.0643768311, 4.84701061249, 19.0496063232], [11.9573078156, -78.9184417725, -58.5221786499, -15.5311822891, -22.3801040649, 25.3147144318, 21.0374927521, 30.4462051392, 21.1315155029, 23.2228870392, 9.22741317749, 4.29263830185, 5.79019069672], [-3245.14111328, -169.130447388, 359.996795654, -56.08776474, 120.901481628, -32.1882553101, 91.728805542, 21.1315155029, 74.6687164307, 31.8089809418, 59.4212799072, 4.85110855103, 15.0147533417], [-863.233337402, -110.375808716, 59.8804206848, -23.6877269745, 14.300198555, 10.4791193008, 38.1474151611, 23.2228870392, 31.8089809418, 29.5620956421, 22.3158397675, 4.85018014908, 8.86758327484], [-3022.04345703, -119.861564636, 347.981781006, -50.2032051086, 122.702255249, -40.7906188965, 79.0643768311, 9.22741317749, 59.4212799072, 22.3158397675, 58.4006729126, 5.87047672272, 15.8270626068], [-153.428833008, -23.4367332458, 7.98393630981, -5.72971868515, 1.48810660839, 0.116419911385, 4.84701061249, 4.29263830185, 4.85110855103, 4.85018014908, 5.87047672272, 5.78582715988, 4.40724039078], [-684.133544922, -37.0969314575, 67.1610031128, -11.2811040878, 26.1384983063, -6.20049715042, 19.0496063232, 5.79019069672, 15.0147533417, 8.86758327484, 15.8270626068, 4.40724039078, 9.88964557648]],
        "icov": [[0.0022179945372, -0.00479517038912, 0.00692572304979, -0.00194333540276, 0.00751971080899, -0.01001244504, 0.0170229878277, -0.00700311223045, 0.0110653359443, -0.00367756956257, 0.00444387597963, -0.00268170400523, 0.0119359465316], [-0.00479517038912, 0.0228811372072, -0.0108827073127, 0.00437148334458, -0.0202720724046, 0.0242024529725, -0.0292838253081, 0.0191842447966, -0.0121060740203, 0.0362094305456, -0.0336295850575, 0.0362924821675, -0.0295063201338], [0.00692572304979, -0.0108827073127, 0.0299534834921, -0.00832013506442, 0.0109654273838, -0.0272485483438, 0.0441457107663, 0.000622048624791, 0.0246244538575, -0.00856955815107, 0.0159483570606, -0.0133589832112, 0.0446351207793], [-0.00194333540276, 0.00437148334458, -0.00832013506442, 0.0467567779124, 0.00347607489675, -0.0265611317009, -0.0148907694966, 0.0511372871697, -0.0231144595891, 0.0314447879791, 0.00713442033157, 0.0215636640787, -0.0494247339666], [0.00751971080899, -0.0202720724046, 0.0109654273838, 0.00347607489675, 0.0833281576633, -0.0131798312068, 0.0421031974256, -0.0246481914073, 0.0353172235191, 0.00713992863894, 0.00831890106201, 0.0295189525932, -0.00801449269056], [-0.01001244504, 0.0242024529725, -0.0272485483438, -0.0265611317009, -0.0131798312068, 0.141587972641, -0.113934725523, -0.0118259573355, -0.027438480407, -0.0132664544508, -0.00166387693025, 0.0235344786197, -0.051374245435], [0.0170229878277, -0.0292838253081, 0.0441457107663, -0.0148907694966, 0.0421031974256, -0.113934725523, 0.249859139323, -0.100785009563, 0.0807643309236, -0.023463761434, -0.0530321672559, 0.0323158241808, 0.114868856966], [-0.00700311223045, 0.0191842447966, 0.000622048624791, 0.0511372871697, -0.0246481914073, -0.0118259573355, -0.100785009563, 0.312662482262, -0.179804548621, -0.0151175893843, 0.0648737996817, -0.030543545261, -0.0932462140918], [0.0110653359443, -0.0121060740203, 0.0246244538575, -0.0231144595891, 0.0353172235191, -0.027438480407, 0.0807643309236, -0.179804548621, 0.287628650665, -0.0288343392313, -0.108251132071, 0.0606431700289, 0.101000398397], [-0.00367756956257, 0.0362094305456, -0.00856955815107, 0.0314447879791, 0.00713992863894, -0.0132664544508, -0.023463761434, -0.0151175893843, -0.0288343392313, 0.251431792974, -0.0784899368882, 0.0838343203068, -0.0910708904266], [0.00444387597963, -0.0336295850575, 0.0159483570606, 0.00713442033157, 0.00831890106201, -0.00166387693025, -0.0530321672559, 0.0648737996817, -0.108251132071, -0.0784899368882, 0.304857075214, -0.139531731606, -0.0687370821834], [-0.00268170400523, 0.0362924821675, -0.0133589832112, 0.0215636640787, 0.0295189525932, 0.0235344786197, 0.0323158241808, -0.030543545261, 0.0606431700289, 0.0838343203068, -0.139531731606, 0.432287216187, -0.178268477321], [0.0119359465316, -0.0295063201338, 0.0446351207793, -0.0494247339666, -0.00801449269056, -0.051374245435, 0.114868856966, -0.0932462140918, 0.101000398397, -0.0910708904266, -0.0687370821834, -0.178268477321, 0.396696805954]]
    },
    "melbands": {
        "max": [0.00483342818916, 0.0258119385689, 0.0505442768335, 0.0784940943122, 0.0117850312963, 0.00294378702529, 0.00363753316924, 0.00326876947656, 0.00201732572168, 0.00270963809453, 0.00278729130514, 0.00691778538749, 0.0041192220524, 0.00144910730887, 0.00048039079411, 0.000730166502763, 0.000750757113565, 0.000723607372493, 0.000731998996343, 0.00085184967611, 0.000832008197904, 0.000642677769065, 0.000384647253668, 0.000347938184859, 0.000192513864022, 9.09463560674e-05, 0.000177250782144, 0.000515119696502, 0.000341246428434, 9.75789225777e-05, 0.000643691106234, 0.000991692766547, 0.000258860440226, 0.00016982962552, 0.000145647791214, 0.000309425086016, 8.3526596427e-05, 5.56180311833e-05, 3.68586443074e-05, 2.42092064582e-05],
        "mean": [5.53619720449e-05, 0.000263865629677, 0.000423570279963, 0.000577981758397, 0.000135513793794, 4.58001049992e-05, 2.26914326049e-05, 1.85220906133e-05, 1.72043419298e-05, 4.09383937949e-05, 3.15183242492e-05, 5.2454553952e-05, 4.80326452816e-05, 2.66612059932e-05, 1.87905898201e-05, 2.39654418692e-05, 2.40187691816e-05, 2.110321293e-05, 2.04198968277e-05, 2.24048653763e-05, 1.31543474708e-05, 8.31022771308e-06, 5.54780444872e-06, 4.67775225843e-06, 3.76998286811e-06, 2.47986076829e-06, 4.36835580331e-06, 4.30029967902e-06, 4.25451707997e-06, 1.59063506544e-06, 3.99615419155e-06, 6.54929635857e-06, 3.10557993544e-06, 2.27388750318e-06, 1.59959643042e-06, 1.754796358e-06, 8.20897071208e-07, 5.86476119224e-07, 3.70519501303e-07, 2.04713046514e-07],
        "min": [6.25697057105e-25, 1.01826855899e-24, 6.39354063615e-25, 9.0693326678e-25, 1.19305242685e-24, 6.8588502411e-25, 1.04372904471e-24, 6.82040116057e-25, 1.61569136214e-24, 1.01854722411e-24, 1.08110182313e-24, 1.22289197806e-24, 2.26884975204e-24, 1.59392491483e-24, 1.8400851146e-24, 1.71205989222e-24, 2.40784586025e-24, 2.77078676046e-24, 2.1405259458e-24, 2.59749729098e-24, 2.75558442474e-24, 2.44039978322e-24, 3.47151730864e-24, 3.18481074302e-24, 3.66365542616e-24, 3.96896234585e-24, 3.20718342994e-24, 3.57080294774e-24, 4.70830211332e-24, 4.32537640815e-24, 3.76692994043e-24, 4.66733617208e-24, 4.70898132255e-24, 4.71745566083e-24, 4.50924608009e-24, 5.73841679931e-24, 5.64677048921e-24, 5.98745269291e-24, 5.74776204002e-24, 5.72926561837e-24],
        "stdev": [0.000423384801252, 0.00202434393577, 0.00372243789025, 0.00531929219142, 0.000955340918154, 0.000289028335828, 0.000200980110094, 0.00018567033112, 0.000110762899567, 0.000208773708437, 0.000171566571225, 0.000349658803316, 0.00024195270089, 0.000122460667626, 7.02519537299e-05, 9.25734129851e-05, 8.90941810212e-05, 7.87979297456e-05, 8.10118435766e-05, 8.59818028403e-05, 5.64697911614e-05, 3.73620896426e-05, 2.37438889599e-05, 2.1116953576e-05, 1.5491996237e-05, 9.67690994003e-06, 1.80419483513e-05, 2.84666821244e-05, 2.8892296541e-05, 7.91109141574e-06, 3.61142629117e-05, 5.78126237087e-05, 2.10948564927e-05, 1.54350600496e-05, 1.11258341349e-05, 1.63253644132e-05, 6.27784220342e-06, 4.57082660432e-06, 2.93641346616e-06, 1.53387964019e-06]
    },
    "melbands128": {
        "max": [0.000328248424921, 0.000188654332305, 0.0018170136027, 0.0232969596982, 0.0410551130772, 0.0178923793137, 0.0095482962206, 0.0446590520442, 0.177199989557, 0.11219611764, 0.0270147696137, 0.0239162817597, 0.0171242523938, 0.010154013522, 0.00324230990373, 0.00412644958124, 0.00461157783866, 0.00204509682953, 0.0047099692747, 0.00589083693922, 0.000779572932515, 0.00239339563996, 0.00265355524607, 0.0008585274918, 0.00258208555169, 0.00595891894773, 0.00227826577611, 0.00290489383042, 0.00250390125439, 0.0114961629733, 0.00655058259144, 0.00264819711447, 0.00478840665892, 0.00502492440864, 0.00204351777211, 0.00132513791323, 0.00105254829396, 0.000799670349807, 0.000773310486693, 0.000716040143743, 0.00155116664246, 0.00106865901034, 0.000973489077296, 0.000950581510551, 0.00103830336593, 0.000676389201544, 0.0011403451208, 0.000823028269224, 0.00146095058881, 0.00104275171179, 0.000941613281611, 0.00173506245483, 0.000689922482707, 0.000661366852, 0.000627363100648, 0.000572146964259, 0.000772182946093, 0.000509558129124, 0.000251525460044, 0.000129194377223, 0.000409341300838, 0.000633954477962, 0.000124942802358, 0.000242364229052, 0.000217290173168, 7.49353712308e-05, 0.000123591307783, 0.000215072679566, 0.000299165345496, 0.000292248587357, 0.000237241896684, 0.00115690915845, 0.000555823324248, 0.000465455203084, 0.000187512443517, 0.00012383471767, 7.54432549002e-05, 8.83935426828e-05, 0.000265247916104, 0.00171625486109, 0.0018814203795, 0.000310900679324, 0.000246176088694, 0.000299284700304, 0.000333238829626, 0.000197492627194, 0.000166158410138, 0.000186221921467, 0.000220598754822, 8.6670552264e-05, 0.000294619880151, 0.000567294773646, 7.95569212642e-05, 0.000117018877063, 8.32327641547e-05, 4.93043080496e-05, 8.47015107865e-05, 5.79985680815e-05, 4.66347373731e-05, 2.34281160374e-05, 4.42843738711e-05, 1.78321151907e-05, 1.18504003694e-05, 2.28294520639e-05, 1.59600822371e-05, 9.50055709836e-06, 7.48061802369e-06, 6.29192800261e-06, 5.66497692489e-06, 3.42720500157e-06, 2.25941175813e-06, 1.9320436877e-06, 1.46330739881e-06, 1.1300675169e-06, 6.98188159731e-07, 8.80700611106e-07, 7.44522992591e-07, 1.89178777532e-07, 2.06560258675e-07, 1.6449665452e-07, 1.7484843795e-07, 1.58077455126e-07, 1.54041146061e-07, 1.45465833157e-07, 1.33550770443e-07, 1.42903274991e-07, 1.4363281764e-07, 1.41518853525e-07],
        "mean": [9.67022879195e-06, 6.22493507763e-06, 2.25481981033e-05, 0.000240868219407, 0.000389991037082, 0.000196551685804, 8.33482263261e-05, 0.000329709582729, 0.0012330490863, 0.000669118948281, 0.000136029455462, 0.000140780844958, 0.000172290179762, 8.25645111036e-05, 2.90323860099e-05, 3.65361847798e-05, 2.8670003303e-05, 1.11495210149e-05, 2.72170073004e-05, 2.64773952949e-05, 8.02883823781e-06, 1.36368980748e-05, 1.82899439096e-05, 1.9811139282e-05, 3.44147447322e-05, 6.27131594229e-05, 2.98577851936e-05, 2.38613556576e-05, 2.93008670269e-05, 6.00958192081e-05, 6.04109336564e-05, 3.92080037273e-05, 5.90818926867e-05, 4.24333520641e-05, 2.98177819786e-05, 2.24159939535e-05, 2.16194657696e-05, 1.61123807629e-05, 1.89185520867e-05, 2.24269133469e-05, 2.796670924e-05, 2.0920051611e-05, 2.44402490353e-05, 2.53212838288e-05, 2.31303365581e-05, 1.79747803486e-05, 2.24870072998e-05, 1.89903239516e-05, 1.95702632482e-05, 2.49790009548e-05, 2.36218984355e-05, 1.94509284484e-05, 1.44978748722e-05, 1.0446813576e-05, 9.34201943892e-06, 7.83723044151e-06, 8.14388295112e-06, 6.27480676485e-06, 4.74311991638e-06, 3.8098735331e-06, 4.12664485339e-06, 6.53380266158e-06, 3.58407942258e-06, 3.37553478857e-06, 3.05442017634e-06, 2.12459303839e-06, 2.28313956541e-06, 3.11695316668e-06, 6.40170219413e-06, 3.89824663216e-06, 2.79144319393e-06, 5.77189894102e-06, 5.40162818652e-06, 4.21191452915e-06, 2.48467540587e-06, 1.54245333306e-06, 1.1563992075e-06, 1.38459267873e-06, 2.21806794798e-06, 8.88134945853e-06, 1.04554846985e-05, 3.27285647472e-06, 3.17367698699e-06, 3.28036776409e-06, 3.09389770337e-06, 2.2662622996e-06, 1.95398911274e-06, 2.2776393962e-06, 1.61665684573e-06, 8.21078629087e-07, 2.25642793339e-06, 2.14767828766e-06, 6.78596677517e-07, 9.44055784657e-07, 7.77379796091e-07, 5.14484838732e-07, 6.35727531062e-07, 5.10904953899e-07, 4.08694631915e-07, 2.40556317976e-07, 2.96411599265e-07, 1.72131990439e-07, 1.40327585996e-07, 1.52667823272e-07, 9.83014487588e-08, 8.13712688341e-08, 6.61961010451e-08, 6.0318726014e-08, 5.38132027827e-08, 3.53853479851e-08, 2.17875708586e-08, 1.58355639712e-08, 1.26227188701e-08, 1.1113797882e-08, 6.37965458239e-09, 5.75367220534e-09, 5.42875344678e-09, 2.46022890948e-09, 2.17569340322e-09, 2.42709496945e-09, 2.01161709512e-09, 2.07564143651e-09, 1.51407797411e-09, 9.75586278429e-10, 7.44426742472e-10, 4.48847931045e-10, 2.86494605817e-10, 2.58794402574e-10],
        "min": [4.94032770061e-27, 2.04834254469e-25, 5.32728369614e-26, 1.08654249819e-25, 2.55257935382e-25, 2.34859520791e-25, 2.92937580697e-25, 7.22919775635e-26, 4.10331546529e-25, 2.20164348678e-25, 2.04292837043e-25, 1.97527122186e-25, 1.47461041782e-25, 3.39746836528e-25, 1.27860855819e-25, 4.38160365246e-25, 5.35939477233e-25, 3.34840737995e-25, 1.7385197661e-25, 2.34552481336e-25, 1.88971802409e-25, 3.84169344386e-25, 5.49242235893e-25, 3.25630269236e-25, 3.98102328953e-25, 6.72230581397e-25, 5.97986937302e-25, 4.42102204582e-25, 9.32896651323e-25, 6.51487976933e-25, 4.07332026196e-25, 5.59300606865e-25, 4.09958242757e-25, 4.67867585037e-25, 6.98370917302e-25, 7.55150610766e-25, 4.23361433271e-25, 6.26477289844e-25, 7.37942251068e-25, 4.27727088129e-25, 6.59460353152e-25, 6.96130700243e-25, 4.66330982602e-25, 9.02156319568e-25, 1.10642149718e-24, 6.60262131655e-25, 8.99300840306e-25, 1.24213278857e-24, 1.03336439849e-24, 1.42290194134e-24, 7.9271380049e-25, 8.14564508007e-25, 1.10554793233e-24, 1.81079904793e-24, 6.36895578604e-25, 1.31593812183e-24, 1.371433106e-24, 1.3042431603e-24, 1.09755637693e-24, 1.44115568964e-24, 2.15100576571e-24, 1.33071269772e-24, 1.97150283331e-24, 1.73505262381e-24, 1.85541603465e-24, 1.50812435986e-24, 1.37611884117e-24, 1.77733694884e-24, 2.09110203515e-24, 2.08352364565e-24, 1.91500027655e-24, 1.73995578877e-24, 1.96414690259e-24, 2.65608283497e-24, 2.93198299226e-24, 1.31704016051e-24, 1.5393967783e-24, 2.00673316412e-24, 2.78924768336e-24, 2.05343392693e-24, 2.64619564681e-24, 2.58815698065e-24, 2.82583307999e-24, 2.58281974498e-24, 8.38673527081e-25, 1.71870505927e-24, 2.87470281586e-24, 2.27666913855e-24, 2.69117195968e-24, 3.04438344391e-24, 3.33757582668e-24, 2.61078742786e-24, 2.49642310699e-24, 2.75134035307e-24, 3.41059279207e-24, 2.8119741744e-24, 3.73406165638e-24, 3.22706272475e-24, 3.77148403443e-24, 2.87413503322e-24, 3.09670562953e-24, 3.45323664045e-24, 4.18645997489e-24, 4.3571671082e-24, 3.10995218185e-24, 3.88230597541e-24, 3.78096022606e-24, 3.51576057251e-24, 4.59910207036e-24, 3.72128408187e-24, 4.69469741814e-24, 4.09350691671e-24, 4.64757441754e-24, 4.27961695362e-24, 4.53071453519e-24, 4.28430633727e-24, 3.37583755274e-24, 4.38788850729e-24, 4.67920734541e-24, 4.32457295331e-24, 4.7725516786e-24, 4.1554691798e-24, 4.91255555662e-24, 4.76764101947e-24, 3.9115533879e-24, 4.98806216702e-24, 4.52848521427e-24, 5.23931160432e-24],
        "stdev": [3.73046968889e-05, 2.47669904638e-05, 0.00016233738279, 0.00200323271565, 0.00316435471177, 0.00132584804669, 0.000609928101767, 0.00289968308061, 0.0123612266034, 0.00667112879455, 0.00136164645664, 0.00124229956418, 0.00134679360781, 0.000641923281364, 0.000200792870601, 0.000284589070361, 0.000257470295765, 0.00010359625594, 0.000287441944238, 0.000308754562866, 5.21583824593e-05, 0.000122283949167, 0.000146213613334, 8.63426394062e-05, 0.000178258080268, 0.000406009261496, 0.000179884125828, 0.000143811266753, 0.000154433379066, 0.000580074382015, 0.000338250683853, 0.000186471297638, 0.00032152683707, 0.000254373910138, 0.000159317511134, 0.000111845693027, 9.52533955569e-05, 6.59757861285e-05, 7.97422471805e-05, 8.63816530909e-05, 0.00012913144019, 8.89007787919e-05, 0.000104383339931, 9.70737310126e-05, 9.27715009311e-05, 7.18005831004e-05, 9.96514281724e-05, 8.14001614344e-05, 9.70019973465e-05, 0.000106804043753, 9.26072534639e-05, 0.000100166522316, 6.26678302069e-05, 4.77211542602e-05, 4.2492763896e-05, 3.59478472092e-05, 4.19863827119e-05, 3.04737950501e-05, 1.99097248696e-05, 1.47895871123e-05, 2.22276776185e-05, 3.54467883881e-05, 1.39101684908e-05, 1.55645229825e-05, 1.52137845362e-05, 8.2344358816e-06, 1.01207233456e-05, 1.4730167095e-05, 2.75712172879e-05, 1.9660064936e-05, 1.49684929056e-05, 5.42785783182e-05, 3.98315678467e-05, 3.00932133541e-05, 1.45243038787e-05, 8.70747953741e-06, 5.10822155775e-06, 6.41799806544e-06, 1.74358410732e-05, 9.3968330475e-05, 0.000101587735116, 2.35895931837e-05, 2.12384493352e-05, 2.28229200729e-05, 2.22192957153e-05, 1.65474666574e-05, 1.36958342409e-05, 1.60950912687e-05, 1.25410078908e-05, 5.52090523342e-06, 2.04215721169e-05, 2.54908773059e-05, 5.00545274917e-06, 8.00636007625e-06, 5.98273027208e-06, 3.87137015423e-06, 5.35841172677e-06, 4.33725472249e-06, 3.39431630891e-06, 1.76612729774e-06, 2.49671620622e-06, 1.2171152548e-06, 9.96416360977e-07, 1.28924705223e-06, 8.46350076245e-07, 6.67872598115e-07, 5.41146846444e-07, 4.68699880685e-07, 4.27424964755e-07, 2.65498641738e-07, 1.57519835398e-07, 1.27879999923e-07, 9.14976538979e-08, 8.13823746171e-08, 4.06775164663e-08, 4.84189861538e-08, 4.1370650905e-08, 1.18363754353e-08, 1.10437152756e-08, 1.15496536779e-08, 1.01335251301e-08, 9.5898560204e-09, 7.57920570749e-09, 6.4414060752e-09, 5.81811310241e-09, 6.10017147906e-09, 6.1182543476e-09, 6.02883742928e-09]
    },
    "mfcc": {
        "mean": [-1176.69677734, 11.2059793472, -5.47766160965, 0.258332639933, -0.636859893799, 1.86774432659, -0.176398187876, 1.0138682127, 0.331402331591, 0.246481984854, -1.08146512508, -1.21714556217, -0.515201508999],
        "cov": [[50621.3984375, 6155.88476562, -3213.26025391, 105.074958801, -455.763946533, 1080.96459961, -87.2720794678, 599.210205078, 207.197525024, 174.968841553, -572.209289551, -634.688415527, -237.27381897], [6155.88476562, 1139.31530762, -332.388427734, 127.59577179, 50.5572242737, 115.422592163, -24.6383152008, 50.2993812561, -33.5870361328, -44.2552528381, -120.257980347, -131.381011963, -75.3819351196], [-3213.26025391, -332.388427734, 314.67755127, 45.7919616699, 61.1476211548, -46.3158035278, 2.2758834362, -40.8934211731, -31.5196762085, -32.2467689514, 16.5340251923, 19.0038471222, -2.29171061516], [105.074958801, 127.59577179, 45.7919616699, 63.6055603027, 41.2629241943, 9.9916677475, -3.19825482368, -5.28253984451, -21.9686546326, -27.6187133789, -25.1006145477, -24.1127700806, -16.8812217712], [-455.763946533, 50.5572242737, 61.1476211548, 41.2629241943, 47.8877830505, -6.71410751343, -2.68392276764, -11.7391443253, -17.8686447144, -23.2847442627, -14.5793542862, -11.2132844925, -11.0788850784], [1080.96459961, 115.422592163, -46.3158035278, 9.9916677475, -6.71410751343, 38.9206619263, 3.74326109886, 15.1630678177, 5.26331472397, 3.80746388435, -14.3326711655, -14.9679355621, -5.71242713928], [-87.2720794678, -24.6383152008, 2.2758834362, -3.19825482368, -2.68392276764, 3.74326109886, 8.94301223755, 1.32470965385, 3.60334658623, 3.38732933998, 3.11278033257, 3.9133541584, 3.17459511757], [599.210205078, 50.2993812561, -40.8934211731, -5.28253984451, -11.7391443253, 15.1630678177, 1.32470965385, 15.5538282394, 6.6338891983, 8.15923023224, -3.1185503006, -4.17555093765, -0.683861613274], [207.197525024, -33.5870361328, -31.5196762085, -21.9686546326, -17.8686447144, 5.26331472397, 3.60334658623, 6.6338891983, 16.8561782837, 14.1800813675, 7.93224096298, 8.25001907349, 6.07673025131], [174.968841553, -44.2552528381, -32.2467689514, -27.6187133789, -23.2847442627, 3.80746388435, 3.38732933998, 8.15923023224, 14.1800813675, 20.680229187, 12.4103069305, 10.4245653152, 7.95002698898], [-572.209289551, -120.257980347, 16.5340251923, -25.1006145477, -14.5793542862, -14.3326711655, 3.11278033257, -3.1185503006, 7.93224096298, 12.4103069305, 21.2850055695, 18.3387985229, 8.95083999634], [-634.688415527, -131.381011963, 19.0038471222, -24.1127700806, -11.2132844925, -14.9679355621, 3.9133541584, -4.17555093765, 8.25001907349, 10.4245653152, 18.3387985229, 21.6629314423, 12.7924642563], [-237.27381897, -75.3819351196, -2.29171061516, -16.8812217712, -11.0788850784, -5.71242713928, 3.17459511757, -0.683861613274, 6.07673025131, 7.95002698898, 8.95083999634, 12.7924642563, 14.5877370834]],
        "icov": [[0.00101603555959, -0.00372146605514, 0.00198097224347, 0.000478573900182, 0.00713363755494, -0.0113690625876, 0.00854348018765, -0.0017830299912, -0.00587363215163, -0.00137327576522, 0.00481308251619, 0.000594996789005, -0.00309644523077], [-0.00372146605514, 0.0230638775975, 0.0038897828199, -0.00797355733812, -0.0352986380458, 0.0363216474652, -0.027382876724, 0.00435775192454, 0.0336156226695, 0.000575779529754, -0.0130648752674, 0.0147566515952, 0.0243729390204], [0.00198097224347, 0.0038897828199, 0.0257538855076, -0.0129461372271, -0.00259865634143, -0.0324142426252, 0.0203143842518, 0.000587736663874, 0.0110741192475, -0.00129491102416, -0.00231022830121, 0.00824804231524, 0.0126030268148], [0.000478573900182, -0.00797355733812, -0.0129461372271, 0.0874659121037, -0.0237898565829, -0.0221763625741, -0.00736699253321, -0.01066572126, 0.0132648656145, 0.0371970757842, 0.00696136429906, 0.0233082734048, -0.0103925783187], [0.00713363755494, -0.0352986380458, -0.00259865634143, -0.0237898565829, 0.137399345636, -0.0532212480903, 0.0439419075847, 0.00573435146362, -0.0541772097349, -0.00461843749508, 0.0859300121665, -0.0486537776887, -0.00507177785039], [-0.0113690625876, 0.0363216474652, -0.0324142426252, -0.0221763625741, -0.0532212480903, 0.218984499574, -0.139717847109, -0.00701613072306, 0.0288101732731, -0.0235973540694, 0.00421998789534, 0.0174472145736, 0.0303940232843], [0.00854348018765, -0.027382876724, 0.0203143842518, -0.00736699253321, 0.0439419075847, -0.139717847109, 0.232148975134, -0.018658388406, -0.0618057288229, -0.000377379794372, 0.00523863686249, -0.0158658158034, -0.0439567156136], [-0.0017830299912, 0.00435775192454, 0.000587736663874, -0.01066572126, 0.00573435146362, -0.00701613072306, -0.018658388406, 0.16510283947, 0.00477737700567, -0.0646659731865, 0.0237008538097, -0.00736752711236, 0.0198446847498], [-0.00587363215163, 0.0336156226695, 0.0110741192475, 0.0132648656145, -0.0541772097349, 0.0288101732731, -0.0618057288229, 0.00477737700567, 0.237253427505, -0.0604013167322, 0.00510376458988, -0.0637717247009, 0.0659504085779], [-0.00137327576522, 0.000575779529754, -0.00129491102416, 0.0371970757842, -0.00461843749508, -0.0235973540694, -0.000377379794372, -0.0646659731865, -0.0604013167322, 0.272608458996, -0.155599817634, 0.0210433080792, -0.0386018157005], [0.00481308251619, -0.0130648752674, -0.00231022830121, 0.00696136429906, 0.0859300121665, 0.00421998789534, 0.00523863686249, 0.0237008538097, 0.00510376458988, -0.155599817634, 0.391490221024, -0.193469241261, 0.0974700897932], [0.000594996789005, 0.0147566515952, 0.00824804231524, 0.0233082734048, -0.0486537776887, 0.0174472145736, -0.0158658158034, -0.00736752711236, -0.0637717247009, 0.0210433080792, -0.193469241261, 0.430474460125, -0.15650036931], [-0.00309644523077, 0.0243729390204, 0.0126030268148, -0.0103925783187, -0.00507177785039, 0.0303940232843, -0.0439567156136, 0.0198446847498, 0.0659504085779, -0.0386018157005, 0.0974700897932, -0.15650036931, 0.223631367087]]
    },
    "spectral_contrast_coeffs": {
        "max": [-0.407147467136, -0.651097714901, -0.669287383556, -0.735087275505, -0.710605144501, -0.611872315407],
        "mean": [-0.927443563938, -0.940347909927, -0.938491106033, -0.941756486893, -0.93708139658, -0.929627418518],
        "min": [-0.982889711857, -0.984564363956, -0.982519984245, -0.973556101322, -0.975615680218, -0.965482711792],
        "stdev": [0.101009562612, 0.0617737360299, 0.05762122944, 0.050816912204, 0.0593909583986, 0.0778188183904]
    },
    "spectral_contrast_valleys": {
        "max": [-4.96602725983, -4.87081193924, -5.14370822906, -5.46388101578, -5.64003324509, -7.5381860733],
        "mean": [-24.5232696533, -24.4140930176, -24.3876914978, -24.3560676575, -24.4252090454, -24.8235797882],
        "min": [-28.2486228943, -28.2542076111, -27.9470863342, -27.8296279907, -27.635641098, -27.3979854584],
        "stdev": [6.72617530823, 6.97297716141, 7.14479970932, 7.14147567749, 6.99880886078, 6.03532838821]
    }
},
"rhythm": {
    "beats_count": 29,
    "beats_loudness": {
        "max": 0.27232247591,
        "mean": 0.0128860762343,
        "min": 0,
        "stdev": 0.0513508096337
    },
    "bpm": 146.061187744,
    "bpm_histogram_first_peak_bpm": 148,
    "bpm_histogram_first_peak_weight": 0.388888895512,
    "bpm_histogram_second_peak_bpm": 126,
    "bpm_histogram_second_peak_spread": 0.16666662693,
    "bpm_histogram_second_peak_weight": 0.178571432829,
    "danceability": 1.42693269253,
    "onset_rate": 0.470242828131,
    "beats_loudness_band_ratio": {
        "max": [0.449485123158, 0.729592323303, 0.140056833625, 0.28090763092, 0.0778465718031, 0.824062287807],
        "mean": [0.0223047081381, 0.0338939465582, 0.00782313011587, 0.0180660001934, 0.00739500904456, 0.0549914091825],
        "min": [0, 0, 0, 0, 0, 0],
        "stdev": [0.0873473808169, 0.139083132148, 0.0274101532996, 0.0569182895124, 0.0194115769118, 0.198779016733]
    },
    "beats_position": [0.417959183455, 0.847528338432, 1.27709746361, 1.70666658878, 2.12462592125, 2.54258489609, 2.96054410934, 3.36689329147, 3.7732424736, 4.17959165573, 4.58594083786, 4.99229001999, 5.39863920212, 5.80498838425, 6.2229475975, 6.64090681076, 7.05886602402, 7.46521520615, 7.87156438828, 8.27791404724, 8.68426322937, 9.16027164459, 9.63628101349, 10.1122903824, 10.5882987976, 11.0643081665, 11.5170974731, 11.9814968109, 12.3994560242],
    "bpm_histogram": [0, 0, 0, 0, 0, 0, 0, 0, 0, 0, 0, 0, 0, 0, 0, 0, 0, 0, 0, 0, 0, 0, 0, 0, 0, 0, 0, 0, 0, 0, 0, 0, 0, 0, 0, 0, 0, 0, 0, 0, 0, 0, 0, 0, 0, 0, 0, 0, 0, 0, 0, 0, 0, 0, 0, 0, 0, 0, 0, 0, 0, 0, 0, 0, 0, 0, 0, 0, 0, 0, 0, 0, 0, 0, 0, 0, 0, 0, 0, 0, 0, 0, 0, 0, 0, 0, 0, 0, 0, 0, 0, 0, 0, 0, 0, 0, 0, 0, 0, 0, 0, 0, 0, 0, 0, 0, 0, 0, 0, 0, 0, 0, 0, 0, 0, 0, 0, 0, 0, 0, 0, 0, 0, 0, 0, 0, 0.178571432829, 0, 0, 0.0357142873108, 0, 0, 0, 0.0357142873108, 0, 0, 0, 0, 0, 0, 0.107142858207, 0, 0, 0, 0.25, 0, 0, 0, 0.392857134342, 0, 0, 0, 0, 0, 0, 0, 0, 0, 0, 0, 0, 0, 0, 0, 0, 0, 0, 0, 0, 0, 0, 0, 0, 0, 0, 0, 0, 0, 0, 0, 0, 0, 0, 0, 0, 0, 0, 0, 0, 0, 0, 0, 0, 0, 0, 0, 0, 0, 0, 0, 0, 0, 0, 0, 0, 0, 0, 0, 0, 0, 0, 0, 0, 0, 0, 0, 0, 0, 0, 0, 0, 0, 0, 0, 0, 0, 0, 0, 0, 0, 0, 0, 0, 0, 0, 0, 0, 0, 0, 0, 0, 0, 0, 0, 0, 0, 0, 0, 0, 0]
},
"tonal": {
    "chords_changes_rate": 0.0326086953282,
