{
"metadata": {
    "version": {
        "essentia": "2.1-beta5",
        "essentia_git_sha": "Undefined",
        "extractor": "music 2.0"
    },
    "audio_properties": {
        "analysis": {
            "equal_loudness": 0,
            "length": 32.4963264465,
            "sample_rate": 44100,
            "start_time": 110.248344421,
            "downmix": "mix"
        },
        "bit_rate": 192000,
        "length": 205.635940552,
        "lossless": 0,
        "number_channels": 2,
        "replay_gain": -1.06593513489,
        "sample_rate": 48000,
        "codec": "mp3",
        "md5_encoded": "d433a87ca4236c07e4a007f9c3e974e2"
    },
    "tags": {
        "file_name": "Romania_Dincolo De Nori_Dan Bittman.mp3",
        "encoding": ["Lavf58.29.100"]
    }
},
"lowlevel": {
    "average_loudness": 0.93864274025,
    "barkbands_crest": {
        "max": 22.3743801117,
        "mean": 10.3017921448,
        "min": 3.06464481354,
        "stdev": 3.49249458313
    },
    "barkbands_flatness_db": {
        "max": 0.338809669018,
        "mean": 0.155648231506,
        "min": 0.0466958470643,
        "stdev": 0.0386841855943
    },
    "barkbands_kurtosis": {
        "max": 58.2727279663,
        "mean": 7.55441761017,
        "min": -1.81204819679,
        "stdev": 7.69345092773
    },
    "barkbands_skewness": {
        "max": 6.55568981171,
        "mean": 2.22962260246,
        "min": -1.95461213589,
        "stdev": 0.986687123775
    },
    "barkbands_spread": {
        "max": 71.361946106,
        "mean": 15.3404445648,
        "min": 1.4363578558,
        "stdev": 10.0526533127
    },
    "dissonance": {
        "max": 0.499826520681,
        "mean": 0.458195984364,
        "min": 0.232509583235,
        "stdev": 0.0252538304776
    },
    "dynamic_complexity": 2.3075428009,
    "erbbands_crest": {
        "max": 23.2909812927,
        "mean": 9.11292552948,
        "min": 2.10026311874,
        "stdev": 3.83287715912
    },
    "erbbands_flatness_db": {
        "max": 0.241252198815,
        "mean": 0.155492305756,
        "min": 0.0662910118699,
        "stdev": 0.0344116128981
    },
    "erbbands_kurtosis": {
        "max": 12.7366676331,
        "mean": 0.305526942015,
        "min": -1.73274302483,
        "stdev": 1.78236758709
    },
    "erbbands_skewness": {
        "max": 3.01299405098,
        "mean": 0.729107677937,
        "min": -3.1290345192,
        "stdev": 0.692560493946
    },
    "erbbands_spread": {
        "max": 110.357780457,
        "mean": 43.3383483887,
        "min": 8.61161327362,
        "stdev": 17.8842468262
    },
    "hfc": {
        "max": 216.718612671,
        "mean": 20.2222728729,
        "min": 0.019474228844,
        "stdev": 16.2851886749
    },
    "loudness_ebu128": {
        "integrated": -21.3268356323,
        "loudness_range": 1.21757507324,
        "momentary": {
            "max": -18.0957260132,
            "mean": -22.4233398438,
            "min": -48.7912063599,
            "stdev": 5.04047203064
        },
        "short_term": {
            "max": -19.9060306549,
            "mean": -21.4139614105,
            "min": -22.3119430542,
            "stdev": 0.421486347914
        }
    },
    "melbands_crest": {
        "max": 29.2476711273,
        "mean": 13.5136575699,
        "min": 4.9334526062,
        "stdev": 4.26070022583
    },
    "melbands_flatness_db": {
        "max": 0.45861902833,
        "mean": 0.215062275529,
        "min": 0.0576619766653,
        "stdev": 0.0500289537013
    },
    "melbands_kurtosis": {
        "max": 204.528213501,
        "mean": 19.5051994324,
        "min": -1.80808079243,
        "stdev": 19.0335178375
    },
    "melbands_skewness": {
        "max": 11.7952823639,
        "mean": 3.24157786369,
        "min": 0.0152023499832,
        "stdev": 1.48886883259
    },
    "melbands_spread": {
        "max": 202.358596802,
        "mean": 14.3433179855,
        "min": 1.13393700123,
        "stdev": 12.6829767227
    },
    "pitch_salience": {
        "max": 0.835360229015,
        "mean": 0.578566968441,
        "min": 0.224448129535,
        "stdev": 0.094602920115
    },
    "silence_rate_20dB": {
        "max": 1,
        "mean": 1,
        "min": 1,
        "stdev": 0
    },
    "silence_rate_30dB": {
        "max": 1,
        "mean": 0.990007162094,
        "min": 0,
        "stdev": 0.0994648560882
    },
    "silence_rate_60dB": {
        "max": 1,
        "mean": 0.0478229820728,
        "min": 0,
        "stdev": 0.213395610452
    },
    "spectral_centroid": {
        "max": 4482.67578125,
        "mean": 902.446105957,
        "min": 187.631622314,
        "stdev": 477.027191162
    },
    "spectral_complexity": {
        "max": 50,
        "mean": 18.8715209961,
        "min": 0,
        "stdev": 7.84944295883
    },
    "spectral_decrease": {
        "max": -7.83335375731e-12,
        "mean": -9.55216883369e-09,
        "min": -7.42473176274e-08,
        "stdev": 5.45637535154e-09
    },
    "spectral_energy": {
        "max": 0.292227953672,
        "mean": 0.0378863401711,
        "min": 3.27172019752e-05,
        "stdev": 0.0213230904192
    },
    "spectral_energyband_high": {
        "max": 0.0320823267102,
        "mean": 0.00074678810779,
        "min": 9.24152971038e-07,
        "stdev": 0.00198407587595
    },
    "spectral_energyband_low": {
        "max": 0.136636346579,
        "mean": 0.00765356048942,
        "min": 9.88665669865e-06,
        "stdev": 0.0109408488497
    },
    "spectral_energyband_middle_high": {
        "max": 0.0375789403915,
        "mean": 0.00376676674932,
        "min": 1.93889763977e-06,
        "stdev": 0.00303298700601
    },
    "spectral_energyband_middle_low": {
        "max": 0.2618227005,
        "mean": 0.0274174604565,
        "min": 1.13630658234e-05,
        "stdev": 0.01783776097
    },
    "spectral_entropy": {
        "max": 8.42186737061,
        "mean": 7.42820501328,
        "min": 6.11948490143,
        "stdev": 0.377342700958
    },
    "spectral_flux": {
        "max": 0.456171393394,
        "mean": 0.0901721864939,
        "min": 0.0026082622353,
        "stdev": 0.0383404828608
    },
    "spectral_kurtosis": {
        "max": 23.7940731049,
        "mean": 4.21566295624,
        "min": -0.649333715439,
        "stdev": 2.4943048954
    },
    "spectral_rms": {
        "max": 0.0168849173933,
        "mean": 0.00579652236775,
        "min": 0.000178659509402,
        "stdev": 0.00183375307824
    },
    "spectral_rolloff": {
        "max": 7084.42382812,
        "mean": 867.383117676,
        "min": 129.19921875,
        "stdev": 896.180480957
    },
    "spectral_skewness": {
        "max": 3.649913311,
        "mean": 1.56556975842,
        "min": -0.0663928091526,
        "stdev": 0.424890398979
    },
    "spectral_spread": {
        "max": 20048398,
        "mean": 4480502.5,
        "min": 1976914,
        "stdev": 1250902.875
    },
    "spectral_strongpeak": {
        "max": 14.3559961319,
        "mean": 1.05238628387,
        "min": 0,
        "stdev": 0.824235916138
    },
    "zerocrossingrate": {
        "max": 0.27490234375,
        "mean": 0.0445594117045,
        "min": 0.00634765625,
        "stdev": 0.0225813947618
    },
    "barkbands": {
        "max": [0.00178573431913, 0.113400191069, 0.0556934326887, 0.0978758633137, 0.15216806531, 0.0383422486484, 0.0386030636728, 0.0314806178212, 0.0114938206971, 0.0110377725214, 0.00404750788584, 0.00655775517225, 0.0074566998519, 0.00649624643847, 0.00463242921978, 0.00764405028895, 0.00852325186133, 0.00299693644047, 0.0055812895298, 0.00373965827748, 0.00726684508845, 0.00742506654933, 0.0164271593094, 0.00328696961515, 0.000818299711682, 0.000828835181892, 1.94086950955e-07],
        "mean": [0.000104145459773, 0.00343498820439, 0.00255349325016, 0.00509011093527, 0.0112911891192, 0.00438640685752, 0.00360146537423, 0.00187328597531, 0.000941210368183, 0.000702203891706, 0.000418170908233, 0.000320349965477, 0.000356799282599, 0.000322389969369, 0.000326031906297, 0.000394158239942, 0.000457457266748, 0.000201018090593, 0.000218692162889, 0.000220115151023, 0.000199028974748, 0.000199994989089, 0.000149084225995, 7.06540595274e-05, 3.81725003535e-05, 1.57474460138e-05, 2.7172510908e-09],
        "min": [1.94746291982e-07, 1.5574767076e-06, 5.98451151745e-07, 2.32204712347e-07, 1.05969343167e-06, 3.18183907666e-07, 2.25484072303e-07, 1.05631208669e-07, 2.38523199414e-07, 9.10328026293e-08, 1.58695229402e-07, 7.99679753527e-08, 6.8012852239e-08, 1.01237709771e-07, 7.91261811628e-08, 9.38663120564e-08, 7.80948212764e-08, 8.77301005175e-08, 6.68467663445e-08, 1.53805913783e-07, 1.93426487272e-07, 1.49533448734e-07, 1.17049104631e-07, 1.15533254075e-07, 1.37263597821e-07, 4.31028723824e-08, 1.1418413437e-10],
        "stdev": [0.000143348646816, 0.00697775790468, 0.00354728358798, 0.00778770912439, 0.011771434918, 0.0050272452645, 0.00475885299966, 0.00347915361635, 0.00122138718143, 0.00101633288432, 0.000476967688883, 0.000467561854748, 0.000632487644907, 0.000517904525623, 0.000418552372139, 0.000665889354423, 0.000783417955972, 0.000277681829175, 0.000373200018657, 0.000319634127663, 0.000501767732203, 0.00057732348796, 0.000722686178051, 0.000219180976273, 6.53132810839e-05, 3.7151723518e-05, 8.42536262979e-09]
    },
    "erbbands": {
        "max": [1.74148619175, 31.0835399628, 50.5829124451, 121.448158264, 860.350341797, 273.721862793, 452.200592041, 328.932983398, 446.712158203, 631.989318848, 643.896179199, 369.542724609, 263.773651123, 305.203613281, 121.456375122, 325.019470215, 323.408508301, 358.99621582, 185.410232544, 234.241775513, 485.986480713, 318.125976562, 178.924591064, 182.457809448, 324.283721924, 165.86605835, 389.979797363, 226.299804688, 308.489257812, 692.209228516, 341.557098389, 94.4038391113, 57.492729187, 12.7964582443, 5.27694272995, 4.97211742401, 1.65545451641, 0.0444851331413, 0.0013206891017, 0.000354833638994],
        "mean": [0.0644094645977, 0.89246827364, 2.78710484505, 9.73105144501, 35.0146751404, 32.7912521362, 39.4286003113, 30.8883590698, 44.4400482178, 53.6519165039, 37.8950042725, 25.044549942, 21.3990764618, 19.3290176392, 16.4854393005, 14.2860641479, 18.0367832184, 16.8604393005, 16.6369857788, 18.8532524109, 24.9432411194, 22.0748977661, 12.8253602982, 9.38456249237, 13.2051353455, 10.1213512421, 8.06886196136, 7.50414323807, 7.17573547363, 6.25821828842, 3.71224713326, 1.7552806139, 1.06067299843, 0.517381846905, 0.222724556923, 0.0992347151041, 0.0240641962737, 0.00126381625887, 4.93396655656e-05, 4.61021409137e-05],
        "min": [8.07732722024e-05, 0.000165942459716, 0.000652678718325, 0.00234871380962, 0.0020660830196, 0.00302488449961, 0.00212215795182, 0.00275202887133, 0.0038632247597, 0.00544244330376, 0.00307779642753, 0.00474532833323, 0.00509165413678, 0.00327318813652, 0.00673874095082, 0.00397832505405, 0.00538133177906, 0.00544641586021, 0.00682047521695, 0.00482335174456, 0.00608300371096, 0.00449403282255, 0.00519346771762, 0.00303013436496, 0.00354711688124, 0.00639779912308, 0.00805811118335, 0.00626860372722, 0.00474007055163, 0.00446983845904, 0.00299286749214, 0.00207027373835, 0.00232490478083, 0.00197667465545, 0.000770449172705, 0.000331174931489, 4.31807529822e-05, 2.2899821488e-06, 1.79435772907e-07, 6.7137420956e-08],
        "stdev": [0.106865204871, 1.85815989971, 3.90122842789, 12.3673086166, 57.6327056885, 38.5837097168, 52.6910018921, 37.0163612366, 58.6850738525, 73.0964813232, 70.5151367188, 33.1548728943, 26.3627662659, 28.317691803, 17.0348167419, 20.242275238, 28.5527877808, 29.0312633514, 19.8069725037, 23.0295391083, 44.8050231934, 34.7325515747, 18.353143692, 12.723110199, 21.8204097748, 14.4236917496, 20.5264472961, 18.3876190186, 20.2223014832, 29.9352149963, 16.0794200897, 5.84729623795, 3.25195741653, 0.953241109848, 0.39535343647, 0.226784139872, 0.0644321069121, 0.0030244004447, 7.23781413399e-05, 2.71290537057e-05]
    },
    "gfcc": {
        "mean": [8.3465461731, 113.087417603, -113.373596191, 40.6391906738, -69.3177871704, 8.00229644775, -46.4908027649, 4.06332731247, -25.1497173309, -0.0243943110108, -17.4098472595, -3.36739826202, -8.38224411011],
        "cov": [[4923.84863281, 81.6112823486, -352.711242676, -98.6526565552, -192.382232666, -315.656463623, -124.005744934, -183.41796875, 7.77980279922, -54.4035491943, -52.4963493347, 15.7769136429, -46.177444458], [81.6112823486, 801.615600586, -171.20765686, -121.285850525, 120.784431458, -125.795974731, 97.0420227051, -59.6450500488, 157.367431641, -96.1080932617, 144.177642822, -89.1991271973, 92.3988723755], [-352.711242676, -171.20765686, 510.106750488, 73.4293823242, 20.427652359, 143.429840088, 34.871963501, 50.0264549255, -111.997253418, 30.3212509155, -73.5672302246, 1.53889811039, -51.2314414978], [-98.6526565552, -121.285850525, 73.4293823242, 211.357589722, -30.35754776, 18.8470211029, 15.3145999908, -21.9752998352, -17.4191398621, -30.401807785, -4.97970151901, -2.42298984528, 19.2593402863], [-192.382232666, 120.784431458, 20.427652359, -30.35754776, 185.924713135, 17.5711574554, 10.6803627014, 41.2368965149, 16.313079834, 16.9993858337, -13.7795314789, 7.97535800934, 7.1424908638], [-315.656463623, -125.795974731, 143.429840088, 18.8470211029, 17.5711574554, 187.036880493, 56.4417228699, 35.8008460999, -41.1367149353, 21.3443222046, -34.0037727356, -13.0438575745, -37.0100517273], [-124.005744934, 97.0420227051, 34.871963501, 15.3145999908, 10.6803627014, 56.4417228699, 124.664833069, 20.4284667969, 2.46404600143, -8.6224193573, 24.9981479645, -25.4564208984, -2.28229594231], [-183.41796875, -59.6450500488, 50.0264549255, -21.9752998352, 41.2368965149, 35.8008460999, 20.4284667969, 96.8087387085, 3.70352077484, 36.061756134, -13.2450351715, 16.6944732666, -12.235622406], [7.77980279922, 157.367431641, -111.997253418, -17.4191398621, 16.313079834, -41.1367149353, 2.46404600143, 3.70352077484, 106.452758789, 0.679935157299, 42.9314346313, -15.6500148773, 26.5765628815], [-54.4035491943, -96.1080932617, 30.3212509155, -30.401807785, 16.9993858337, 21.3443222046, -8.6224193573, 36.061756134, 0.679935157299, 93.9166641235, 2.74909377098, 27.2498207092, -27.7479324341], [-52.4963493347, 144.177642822, -73.5672302246, -4.97970151901, -13.7795314789, -34.0037727356, 24.9981479645, -13.2450351715, 42.9314346313, 2.74909377098, 101.701637268, -2.95646238327, 21.786239624], [15.7769136429, -89.1991271973, 1.53889811039, -2.42298984528, 7.97535800934, -13.0438575745, -25.4564208984, 16.6944732666, -15.6500148773, 27.2498207092, -2.95646238327, 81.9594497681, 20.3104877472], [-46.177444458, 92.3988723755, -51.2314414978, 19.2593402863, 7.1424908638, -37.0100517273, -2.28229594231, -12.235622406, 26.5765628815, -27.7479324341, 21.786239624, 20.3104877472, 76.1825637817]],
        "icov": [[0.000277575891232, -0.000306722766254, 0.000185601151315, -0.00012009828788, 0.0004106098786, 0.000314729928505, 2.56377679761e-05, 0.000234196850215, 0.000149498315295, -0.000168865692103, 0.000675601128023, -0.000480746675748, 0.000669526285492], [-0.000306722766254, 0.012532713823, -0.00383848464116, 0.00905258301646, -0.00910549145192, 0.00578065123409, -0.00884461216629, 0.0080304807052, -0.0102065904066, 0.00890429969877, -0.0103234937415, 0.00815955549479, -0.00798873882741], [0.000185601151315, -0.00383848464116, 0.00459365732968, -0.00383945321664, 0.0025352020748, -0.00291509157978, 0.00255978154019, -0.00349545688368, 0.00591976428404, -0.00361323333345, 0.00393234053627, -0.00180331175216, 0.0026643036399], [-0.00012009828788, 0.00905258301646, -0.00383945321664, 0.0123300179839, -0.00563759962097, 0.00393192050979, -0.00699949916452, 0.00715511059389, -0.00766754383221, 0.0077142091468, -0.0071209105663, 0.00537435384467, -0.00728501565754], [0.0004106098786, -0.00910549145192, 0.0025352020748, -0.00563759962097, 0.0131046352908, -0.0041167656891, 0.00583652127534, -0.00746799167246, 0.00600479915738, -0.00693524489179, 0.00916580017656, -0.0061481082812, 0.0045666275546], [0.000314729928505, 0.00578065123409, -0.00291509157978, 0.00393192050979, -0.0041167656891, 0.012314309366, -0.00816114060581, 0.00347398896702, -0.00379980704747, 0.0026523352135, -0.00198889733292, 0.0041738380678, -0.00134525238536], [2.56377679761e-05, -0.00884461216629, 0.00255978154019, -0.00699949916452, 0.00583652127534, -0.00816114060581, 0.0185804683715, -0.00923736114055, 0.00831435807049, -0.00432172231376, 0.00197698874399, -0.00207151751965, 0.0043071443215], [0.000234196850215, 0.0080304807052, -0.00349545688368, 0.00715511059389, -0.00746799167246, 0.00347398896702, -0.00923736114055, 0.021560318768, -0.0102145401761, 0.00218863133341, -0.00325735006481, 0.000976124545559, -0.00315165845677], [0.000149498315295, -0.0102065904066, 0.00591976428404, -0.00766754383221, 0.00600479915738, -0.00379980704747, 0.00831435807049, -0.0102145401761, 0.0255877617747, -0.010531751439, 0.00399242294952, 0.000386641506338, 0.000581541156862], [-0.000168865692103, 0.00890429969877, -0.00361323333345, 0.0077142091468, -0.00693524489179, 0.0026523352135, -0.00432172231376, 0.00218863133341, -0.010531751439, 0.0246256329119, -0.0105921877548, -0.00201806914993, 0.00308925122954], [0.000675601128023, -0.0103234937415, 0.00393234053627, -0.0071209105663, 0.00916580017656, -0.00198889733292, 0.00197698874399, -0.00325735006481, 0.00399242294952, -0.0105921877548, 0.0243037976325, -0.00763953337446, 0.00492132082582], [-0.000480746675748, 0.00815955549479, -0.00180331175216, 0.00537435384467, -0.0061481082812, 0.0041738380678, -0.00207151751965, 0.000976124545559, 0.000386641506338, -0.00201806914993, -0.00763953337446, 0.0261512547731, -0.0157175660133], [0.000669526285492, -0.00798873882741, 0.0026643036399, -0.00728501565754, 0.0045666275546, -0.00134525238536, 0.0043071443215, -0.00315165845677, 0.000581541156862, 0.00308925122954, 0.00492132082582, -0.0157175660133, 0.0291012823582]]
    },
    "melbands": {
        "max": [0.0221439786255, 0.0286605302244, 0.0498727932572, 0.038056217134, 0.0127968164161, 0.00693849520758, 0.00751934247091, 0.00641056336462, 0.00536826951429, 0.00220659654588, 0.0013595954515, 0.00123474991415, 0.000518784159794, 0.000607724068686, 0.000744541990571, 0.00088172609685, 0.000645625521429, 0.000251568300882, 0.000347842957126, 0.000318952777889, 0.00070931063965, 0.000437213166151, 0.000225485593546, 0.000134199261083, 0.000145537123899, 0.000247287214734, 0.000190402453882, 0.000100928475149, 0.000253428152064, 0.000172063024365, 0.000144427234773, 0.000178911213879, 0.000174217420863, 0.000487180514028, 0.000250184675679, 9.19576923479e-05, 4.6741533879e-05, 4.43939461547e-05, 2.50150660577e-05, 8.25555980555e-06],
        "mean": [0.000787166587543, 0.00141972326674, 0.00256287097, 0.00245948391967, 0.0013908832334, 0.000726673111785, 0.000706821039785, 0.00055268581491, 0.000275670579867, 0.000141513621202, 0.000104236001789, 7.93014987721e-05, 6.26676628599e-05, 3.56586206181e-05, 3.76814859919e-05, 3.66763524653e-05, 3.01460459013e-05, 2.57893261733e-05, 2.30798541452e-05, 2.60101896856e-05, 3.15865217999e-05, 2.51318397204e-05, 1.61761890922e-05, 8.54359859659e-06, 7.20078151062e-06, 8.75874502526e-06, 1.03435222627e-05, 5.56451914235e-06, 4.71982048111e-06, 4.94994901601e-06, 4.1620724005e-06, 4.22280982093e-06, 3.63279218618e-06, 3.42435669154e-06, 2.3112161216e-06, 1.35965467507e-06, 9.79033529802e-07, 7.76504975875e-07, 5.96637221406e-07, 3.79481008395e-07],
        "min": [6.52774303944e-07, 3.62823243449e-07, 4.65687378437e-07, 2.30611775009e-07, 6.6719017866e-08, 7.08786274117e-08, 5.36396278505e-08, 4.58834321648e-08, 2.72721845107e-08, 3.00852391888e-08, 2.1595401023e-08, 1.1534948996e-08, 2.32409380629e-08, 9.84533077286e-09, 1.05141380047e-08, 1.04233617293e-08, 9.35091648557e-09, 1.08993534198e-08, 5.30229327111e-09, 3.07196867944e-09, 7.19713133535e-09, 4.38491509769e-09, 5.66355407017e-09, 3.08950443006e-09, 2.41316366889e-09, 2.14929607445e-09, 2.97564639595e-09, 4.64214311435e-09, 4.74878891765e-09, 5.16996268018e-09, 2.84831203068e-09, 2.45989961734e-09, 2.37631647693e-09, 2.37052732999e-09, 1.60502322544e-09, 1.55699686477e-09, 1.28507482433e-09, 2.01760697038e-09, 1.03326636136e-09, 1.55837298621e-09],
        "stdev": [0.00149163103197, 0.00218594563194, 0.00358878006227, 0.00282408995554, 0.00162079196889, 0.000830431119539, 0.000931734859478, 0.000751414452679, 0.000502477400005, 0.000194437176106, 0.000133908091811, 0.000122688463307, 7.12628025212e-05, 5.04620475112e-05, 5.43120549992e-05, 6.76480340189e-05, 5.293484719e-05, 3.10439463647e-05, 3.00316678477e-05, 3.560677942e-05, 6.24242020422e-05, 4.2643827328e-05, 2.54311908066e-05, 1.12792249638e-05, 1.00868119262e-05, 1.62621017807e-05, 1.58806960826e-05, 8.40366283228e-06, 1.23821791931e-05, 1.26738304971e-05, 1.03637630673e-05, 1.1200057088e-05, 1.28731207951e-05, 1.96696710191e-05, 1.09644643089e-05, 4.71064140584e-06, 3.27407474288e-06, 2.57172609963e-06, 1.38352424983e-06, 6.61727028728e-07]
    },
    "melbands128": {
        "max": [0.00121415080503, 0.00697706174105, 0.0385829955339, 0.0650775134563, 0.0293134916574, 0.0278100445867, 0.0234824605286, 0.0726429522038, 0.114371977746, 0.0268692169338, 0.021496605128, 0.0175660345703, 0.0216897409409, 0.0151343764737, 0.0106072798371, 0.00976784527302, 0.00774725992233, 0.0122633408755, 0.012718513608, 0.0112625733018, 0.00969528779387, 0.0114531256258, 0.00976400543004, 0.00294282892719, 0.00446416530758, 0.00284343119711, 0.00354372174479, 0.00235694274306, 0.00258415285498, 0.0023426709231, 0.00217651436105, 0.00101864954922, 0.000969370012172, 0.000443433847977, 0.000846690789331, 0.000858736224473, 0.00161038234364, 0.000984464306384, 0.000971293775365, 0.00102011836134, 0.00177037587855, 0.00127450679429, 0.00110576325096, 0.000827747222502, 0.000456747045973, 0.000444375182269, 0.00079814781202, 0.000527918280568, 0.000506322772708, 0.000704240810592, 0.000636427197605, 0.000571770127863, 0.00124211388174, 0.00108885078225, 0.0011975861853, 0.00086099881446, 0.000497743487358, 0.000553978607059, 0.000331218558131, 0.000235492523643, 0.000244253635174, 0.000119775460917, 0.000120897195302, 0.000219929454033, 0.000144233796163, 0.000315369397867, 0.000220401649131, 0.00034403547761, 0.000173735403223, 0.000176908331923, 0.000117128474812, 0.000138331612106, 0.000123475285363, 0.000369945919374, 0.000314649194479, 0.00025459571043, 0.000207966877497, 0.000155639558216, 0.000206933895242, 0.000120896249427, 0.000194053689484, 0.000209900783375, 0.000195062166313, 0.000238082473516, 0.00037818760029, 0.000515059102327, 0.000477521156427, 0.000502051145304, 0.000247062795097, 0.000157296060934, 0.000107924526674, 0.000124075886561, 4.94940213684e-05, 6.5604930569e-05, 5.85293855693e-05, 6.03755470365e-05, 6.22471197858e-05, 4.52308704553e-05, 2.5485183869e-05, 1.60393956321e-05, 1.30428343255e-05, 1.04930286398e-05, 1.10958071673e-05, 5.67551614949e-06, 6.30298836768e-06, 6.94958544045e-06, 1.69109152921e-05, 6.14558894085e-06, 7.25808877178e-06, 1.26724880829e-05, 4.83931898998e-06, 1.53693999891e-05, 2.20013112084e-06, 2.28583303397e-06, 9.18108867154e-07, 5.59138868539e-08, 5.38513011961e-09, 9.41724753734e-11, 9.06895461505e-11, 8.85848477905e-11, 8.6309938363e-11, 8.42937525336e-11, 8.23044757348e-11, 8.13133241295e-11, 7.98251673095e-11, 7.86776893635e-11, 7.77180889089e-11, 7.72897718049e-11],
        "mean": [8.3552171418e-05, 0.000356231554179, 0.00107097323053, 0.00162913626991, 0.00139554194175, 0.00129398214631, 0.00151229090989, 0.00310205272399, 0.00413524359465, 0.00220997747965, 0.00169329217169, 0.00150861067232, 0.0014679384185, 0.00106008024886, 0.000638556492049, 0.000604839180596, 0.000611540861428, 0.000785918498877, 0.000718523748219, 0.000679643533658, 0.00038215200766, 0.000412138819229, 0.000253662030445, 0.000140354764881, 0.000219135908992, 8.10846177046e-05, 0.000112099070975, 0.0001139658998, 9.29015368456e-05, 9.83737045317e-05, 6.05208333582e-05, 6.26318578725e-05, 9.60869947448e-05, 2.74180092674e-05, 3.35570548486e-05, 3.82185280614e-05, 4.20198775828e-05, 2.49229651672e-05, 4.95805652463e-05, 4.42614873464e-05, 2.38712054852e-05, 4.31341904914e-05, 2.99009461742e-05, 2.47886746365e-05, 2.45132323471e-05, 2.34285798797e-05, 3.39267389791e-05, 1.70248968061e-05, 1.88876347238e-05, 3.42930834449e-05, 2.41350553551e-05, 2.16123844439e-05, 2.88849296339e-05, 3.6027351598e-05, 3.92416550312e-05, 2.11369824683e-05, 1.51930244101e-05, 2.2139522116e-05, 1.50608884724e-05, 8.88915565156e-06, 8.3226705101e-06, 7.86032251199e-06, 7.10517679181e-06, 7.27554788682e-06, 6.71217412673e-06, 8.6575610112e-06, 9.63882484939e-06, 1.1149752936e-05, 1.08836393338e-05, 9.27270957618e-06, 5.26773374077e-06, 3.8632470023e-06, 3.81250629289e-06, 5.33824413651e-06, 5.17882472195e-06, 5.20450066688e-06, 4.65211223855e-06, 4.25497319156e-06, 3.76974958272e-06, 4.61330000689e-06, 4.43370299763e-06, 4.22406583311e-06, 3.34441165251e-06, 3.74484739041e-06, 3.57970475307e-06, 3.77658716388e-06, 3.31918704433e-06, 2.79460027741e-06, 2.3472605335e-06, 1.90893229046e-06, 1.61911225405e-06, 1.17198510452e-06, 9.75764919531e-07, 9.46315992678e-07, 1.04000002921e-06, 8.60983845996e-07, 7.09933431153e-07, 6.6862037329e-07, 6.33491367807e-07, 5.58535759865e-07, 4.2109886067e-07, 3.63170357787e-07, 3.02233075899e-07, 2.65683610223e-07, 2.53122522054e-07, 2.08120681577e-07, 2.2645734532e-07, 2.01026850277e-07, 1.7494070903e-07, 1.51042016228e-07, 1.04072938711e-07, 9.67769580029e-08, 7.2220949221e-08, 5.59871473627e-08, 2.43311006898e-08, 1.06142494793e-09, 6.57370685664e-11, 7.02778547162e-12, 6.83446138225e-12, 6.63991344546e-12, 6.47320174893e-12, 6.34423243107e-12, 6.24831870272e-12, 6.11587863686e-12, 5.86020164686e-12, 5.47464894599e-12, 5.25719875619e-12, 5.20404509416e-12],
        "min": [8.49443821949e-08, 5.24578979366e-07, 3.39176608577e-07, 2.11429608044e-07, 5.42224398714e-08, 3.68266341866e-07, 3.28269237571e-07, 1.24327925732e-07, 9.59101029707e-08, 2.15804107029e-07, 6.1082992886e-08, 2.65399133781e-08, 1.75843481998e-08, 1.19997860537e-08, 2.56559697931e-08, 2.84401302508e-08, 7.14385706146e-08, 2.64711346176e-08, 2.21036593473e-08, 1.58047566146e-08, 1.59708140046e-08, 1.29068897792e-08, 2.00957330776e-08, 1.38629996371e-08, 7.71135422184e-09, 8.60112159273e-09, 1.16769163228e-08, 8.50387049667e-09, 8.67645510993e-09, 7.47824113745e-09, 3.8301810612e-09, 9.4388798999e-09, 1.9299912779e-08, 1.33560185134e-08, 7.99766830539e-09, 8.41666469853e-09, 2.9666618051e-09, 4.81691264653e-09, 3.46127304596e-09, 5.94185944891e-09, 5.87549076059e-09, 3.24883853153e-09, 4.93383112143e-09, 5.95784710455e-09, 9.3740948337e-10, 5.61130475418e-09, 3.29846527869e-09, 2.69165023603e-09, 4.22289847535e-09, 2.22926832549e-09, 2.84513013149e-09, 3.60275986822e-09, 4.04540179133e-09, 5.55678036918e-09, 2.78449707736e-09, 1.50201362459e-09, 1.35338695806e-09, 3.04688363428e-09, 3.46190942579e-09, 4.54587567589e-09, 2.1213382162e-09, 1.72375724805e-09, 1.93459759323e-09, 2.80782952444e-09, 2.17824047688e-09, 1.46198331219e-09, 2.67538813326e-09, 1.65146718523e-09, 2.68835664841e-09, 2.03540384547e-09, 2.19464224571e-09, 2.93450019839e-09, 2.70532818369e-09, 3.5692442335e-09, 2.54106713449e-09, 2.10390038724e-09, 2.59819255e-09, 2.9293778514e-09, 2.16479878468e-09, 1.63709690248e-09, 2.04247307956e-09, 1.20082677135e-09, 1.67957636688e-09, 2.32050578752e-09, 1.3316944214e-09, 1.91972082675e-09, 6.96300739289e-10, 1.48848378068e-09, 1.44210343667e-09, 1.71950531591e-09, 1.74592507118e-09, 4.88005025279e-10, 7.32540972326e-10, 3.65841690275e-10, 1.51647627789e-09, 1.38661337967e-09, 8.20108536637e-10, 1.05207242918e-09, 5.70832547897e-10, 4.69400351921e-10, 5.8210869458e-10, 2.44919112768e-10, 7.76074343678e-11, 9.96487004024e-10, 3.5042754809e-10, 5.69862823596e-10, 4.62433341619e-10, 1.33417027426e-10, 3.44531125851e-10, 1.86872212149e-10, 1.60624707979e-11, 2.03373797837e-12, 5.71611930966e-13, 3.8439414954e-13, 3.36012928636e-13, 3.18795391561e-13, 3.13845059966e-13, 3.62165646865e-13, 3.55569089797e-13, 3.64525114737e-13, 3.52973509796e-13, 3.10500621525e-13, 2.99674320732e-13, 3.40503097723e-13, 2.87463602184e-13, 8.98834094177e-14, 1.20143466641e-14, 4.32793443163e-16],
        "stdev": [0.000122044548334, 0.000540786189958, 0.00219528214075, 0.00366708543152, 0.00229852017947, 0.00185207370669, 0.0022157987114, 0.00529619026929, 0.00778607046232, 0.00286410120316, 0.00285106245428, 0.00218315771781, 0.00257962429896, 0.00154659326654, 0.00112269562669, 0.00097707787063, 0.00091901642736, 0.00160062185023, 0.00129470298998, 0.00124308094382, 0.000847817631438, 0.00108298601117, 0.000668950669933, 0.000229868266615, 0.000395373790525, 0.000164621465956, 0.00023201345175, 0.000206440396141, 0.000172911139089, 0.000210206722841, 0.000139500989462, 8.53144592838e-05, 0.00013081873476, 4.09605745517e-05, 8.03626462584e-05, 6.04269007454e-05, 9.19105441426e-05, 6.38611454633e-05, 9.0451016149e-05, 8.02661306807e-05, 9.65409271885e-05, 0.00011405791156, 6.55502299196e-05, 5.44441681996e-05, 4.33875356975e-05, 3.44656982634e-05, 6.28486013738e-05, 3.50081281795e-05, 3.71844034817e-05, 5.89011615375e-05, 5.08345656272e-05, 5.36670886504e-05, 9.04057742446e-05, 9.39312812989e-05, 9.27587825572e-05, 5.27812953806e-05, 3.45490989275e-05, 4.66454584966e-05, 3.01493091683e-05, 1.89768397831e-05, 1.41458531289e-05, 1.03622296592e-05, 9.99498206511e-06, 1.5075970623e-05, 1.13840260383e-05, 2.05225333048e-05, 1.84129075933e-05, 2.18635832425e-05, 1.89996790141e-05, 1.58412694873e-05, 9.02375359146e-06, 8.91471427167e-06, 9.15458986128e-06, 1.65427954926e-05, 1.68437836692e-05, 1.52445263666e-05, 1.31974093165e-05, 1.11551189548e-05, 1.13684409371e-05, 1.06301895357e-05, 1.24156367747e-05, 1.20482400234e-05, 1.19680535136e-05, 1.42503258758e-05, 1.53255441546e-05, 2.16288772208e-05, 2.27583841479e-05, 1.7285663489e-05, 1.17776435218e-05, 7.88332090451e-06, 5.88942521063e-06, 4.48446417067e-06, 3.12870542984e-06, 3.88155513065e-06, 3.30668171955e-06, 2.90751086141e-06, 2.82424525722e-06, 2.20052402256e-06, 1.50165647028e-06, 1.15762532005e-06, 7.9838127931e-07, 6.84766519043e-07, 6.07099821082e-07, 4.66132064503e-07, 4.77397520626e-07, 4.1670782025e-07, 6.0789153622e-07, 4.32460637967e-07, 4.05007511972e-07, 4.63458292188e-07, 2.4995978265e-07, 4.48757219829e-07, 1.7518145512e-07, 1.46700656956e-07, 6.82162735188e-08, 3.64369201478e-09, 3.17619458512e-10, 1.00585876434e-11, 9.77473137154e-12, 9.49526481747e-12, 9.2850839864e-12, 9.08834899699e-12, 8.89582938562e-12, 8.74820355046e-12, 8.63176804339e-12, 8.52678431335e-12, 8.44819960516e-12, 8.40015990794e-12]
    },
    "mfcc": {
        "mean": [-630.545349121, 133.402908325, 10.825463295, 28.9319229126, 1.12746036053, 2.56432557106, -8.89437484741, -1.97010648251, -4.17797517776, -2.12872076035, -4.83503818512, -3.63408589363, -0.132441461086],
        "cov": [[5232.05615234, 24.7991371155, -351.71081543, 41.905040741, -227.351577759, -147.665466309, -306.772186279, -144.622940063, -133.321350098, -130.576766968, -66.4318161011, -55.8698387146, -50.0140457153], [24.7991371155, 778.200561523, -200.630340576, -35.0549125671, 34.1859359741, -56.9446411133, -17.8861160278, 14.0582342148, -2.10739088058, 56.2620048523, 0.83690237999, 14.372636795, 64.2699279785], [-351.71081543, -200.630340576, 448.30267334, 27.1501674652, -4.61879587173, 82.5793151855, 111.471160889, 26.9514732361, 2.93281936646, 18.9785957336, -11.2610321045, -43.161365509, -13.6761770248], [41.905040741, -35.0549125671, 27.1501674652, 166.085006714, 16.3085956573, -5.39925003052, -11.1036157608, 3.07400798798, 2.56703829765, -30.0092124939, -25.2095985413, -4.75886106491, 8.910779953], [-227.351577759, 34.1859359741, -4.61879587173, 16.3085956573, 136.016601562, 7.08942127228, 2.59596681595, 3.22126984596, 36.6696777344, -4.81157255173, 1.46290838718, 6.12208986282, -4.01409864426], [-147.665466309, -56.9446411133, 82.5793151855, -5.39925003052, 7.08942127228, 112.199645996, 58.2903175354, 16.6972961426, 13.0744533539, 8.90118026733, 16.279384613, -3.59214901924, -27.2444782257], [-306.772186279, -17.8861160278, 111.471160889, -11.1036157608, 2.59596681595, 58.2903175354, 145.493408203, 41.3779945374, 15.0908632278, 28.1117153168, 13.1981525421, 1.60141038895, -5.77724790573], [-144.622940063, 14.0582342148, 26.9514732361, 3.07400798798, 3.22126984596, 16.6972961426, 41.3779945374, 73.3880996704, 24.0955085754, 15.2802495956, -1.88946151733, -11.295290947, -0.125948786736], [-133.321350098, -2.10739088058, 2.93281936646, 2.56703829765, 36.6696777344, 13.0744533539, 15.0908632278, 24.0955085754, 83.8730392456, 9.21167182922, 0.108319573104, -4.60466337204, -16.1672115326], [-130.576766968, 56.2620048523, 18.9785957336, -30.0092124939, -4.81157255173, 8.90118026733, 28.1117153168, 15.2802495956, 9.21167182922, 95.6597747803, 26.1077251434, 2.51547598839, 17.1700534821], [-66.4318161011, 0.83690237999, -11.2610321045, -25.2095985413, 1.46290838718, 16.279384613, 13.1981525421, -1.88946151733, 0.108319573104, 26.1077251434, 63.4051780701, 25.7599449158, -2.64055562019], [-55.8698387146, 14.372636795, -43.161365509, -4.75886106491, 6.12208986282, -3.59214901924, 1.60141038895, -11.295290947, -4.60466337204, 2.51547598839, 25.7599449158, 68.5819549561, 15.7459039688], [-50.0140457153, 64.2699279785, -13.6761770248, 8.910779953, -4.01409864426, -27.2444782257, -5.77724790573, -0.125948786736, -16.1672115326, 17.1700534821, -2.64055562019, 15.7459039688, 78.3748245239]],
        "icov": [[0.000254876271356, -2.33624123211e-05, 0.000124327649246, -8.94363111001e-05, 0.000395082810428, 3.76879470423e-05, 0.000309581169859, 0.000225155425142, 0.000146784033859, 0.000123736535897, 4.84388256154e-05, 0.000215033913264, 0.000231787067605], [-2.33624123211e-05, 0.00171009695623, 0.000848044699524, 0.000227308861213, -0.000630735827144, 0.000253715377767, -0.000390539498767, -0.000335942691891, 0.000298418017337, -0.000995179871097, 0.000450115388958, 0.000321318191709, -0.0010383540066], [0.000124327649246, 0.000848044699524, 0.00375352799892, -0.000606267538387, -3.8137910451e-05, -0.00133413553704, -0.00222586700693, 0.000611839408521, 0.000642170372885, -0.000794842955656, 0.000746735837311, 0.00226994534023, -0.00064527860377], [-8.94363111001e-05, 0.000227308861213, -0.000606267538387, 0.00701510999352, -0.000960618257523, -0.000101442150481, 0.000611291325185, -0.000894857977983, -0.000253439531662, 0.00176363170613, 0.00192406738643, -0.000568601943087, -0.00144727469888], [0.000395082810428, -0.000630735827144, -3.8137910451e-05, -0.000960618257523, 0.00942161120474, -0.000433459936175, 0.000586387002841, 0.00127508305013, -0.00399607140571, 0.00122921355069, -0.00043935366557, -0.000508142751642, 0.000242725029238], [3.76879470423e-05, 0.000253715377767, -0.00133413553704, -0.000101442150481, -0.000433459936175, 0.0134471664205, -0.00372974597849, -0.000411518791225, -0.000283896923065, 0.000152266977238, -0.00285584526137, 7.6138851e-05, 0.00376797211356], [0.000309581169859, -0.000390539498767, -0.00222586700693, 0.000611291325185, 0.000586387002841, -0.00372974597849, 0.0123600596562, -0.0048248055391, 0.000117894087452, -0.00119582202751, -0.000125182326883, -0.00236053927802, 0.000453076849226], [0.000225155425142, -0.000335942691891, 0.000611839408521, -0.000894857977983, 0.00127508305013, -0.000411518791225, -0.0048248055391, 0.0189871266484, -0.00465429667383, -0.00100603862666, 0.000611260649748, 0.00344857783057, -0.00118715048302], [0.000146784033859, 0.000298418017337, 0.000642170372885, -0.000253439531662, -0.00399607140571, -0.000283896923065, 0.000117894087452, -0.00465429667383, 0.0161746107042, -0.00217471295036, 0.00121907074936, -9.34691706789e-05, 0.00356047321111], [0.000123736535897, -0.000995179871097, -0.000794842955656, 0.00176363170613, 0.00122921355069, 0.000152266977238, -0.00119582202751, -0.00100603862666, -0.00217471295036, 0.0150769501925, -0.00644341157749, 0.00229668337852, -0.00384815316647], [4.84388256154e-05, 0.000450115388958, 0.000746735837311, 0.00192406738643, -0.00043935366557, -0.00285584526137, -0.000125182326883, 0.000611260649748, 0.00121907074936, -0.00644341157749, 0.0238100364804, -0.00871845055372, 0.00276670162566], [0.000215033913264, 0.000321318191709, 0.00226994534023, -0.000568601943087, -0.000508142751642, 7.6138851e-05, -0.00236053927802, 0.00344857783057, -9.34691706789e-05, 0.00229668337852, -0.00871845055372, 0.0210550539196, -0.00487977731973], [0.000231787067605, -0.0010383540066, -0.00064527860377, -0.00144727469888, 0.000242725029238, 0.00376797211356, 0.000453076849226, -0.00118715048302, 0.00356047321111, -0.00384815316647, 0.00276670162566, -0.00487977731973, 0.0178153607994]]
    },
    "spectral_contrast_coeffs": {
        "max": [-0.405641376972, -0.532071590424, -0.566445946693, -0.659301042557, -0.677128314972, -0.582636594772],
        "mean": [-0.657862007618, -0.731748521328, -0.766742110252, -0.793388545513, -0.793189167976, -0.745214402676],
        "min": [-0.89673358202, -0.944003462791, -0.934205949306, -0.914982557297, -0.907773137093, -0.886822223663],
        "stdev": [0.0794229209423, 0.0711134821177, 0.055612269789, 0.0472184978426, 0.0427994132042, 0.0426811948419]
    },
    "spectral_contrast_valleys": {
        "max": [-4.81612539291, -5.11096382141, -5.93348693848, -5.60820245743, -5.07345867157, -7.81918764114],
        "mean": [-6.25073766708, -6.33604717255, -7.3634262085, -7.58794498444, -7.54532957077, -10.3455543518],
        "min": [-9.93745994568, -9.92492580414, -10.5644865036, -10.8208837509, -10.5623025894, -12.5869455338],
        "stdev": [0.749988257885, 0.739520072937, 0.669371068478, 0.703522443771, 0.711482942104, 0.827885746956]
    }
},
"rhythm": {
    "beats_count": 83,
    "beats_loudness": {
        "max": 0.266498476267,
        "mean": 0.0479471758008,
        "min": 6.73407339491e-05,
        "stdev": 0.0367688238621
    },
    "bpm": 154.605102539,
    "bpm_histogram_first_peak_bpm": 157,
    "bpm_histogram_first_peak_weight": 0.06521743536,
    "bpm_histogram_second_peak_bpm": 152,
    "bpm_histogram_second_peak_spread": 0.0571428537369,
    "bpm_histogram_second_peak_weight": 0.402439028025,
    "danceability": 1.32414388657,
    "onset_rate": 3.26074194908,
    "beats_loudness_band_ratio": {
        "max": [0.958117425442, 0.805521905422, 0.727782130241, 0.190936952829, 0.149824291468, 0.148202478886],
        "mean": [0.459881842136, 0.364781975746, 0.184447064996, 0.0481885261834, 0.0377834700048, 0.0264947377145],
        "min": [0.0303476247936, 0.0219091977924, 0.00701501499861, 0.00483184820041, 0.00216904701665, 0.00335862580687],
        "stdev": [0.247282803059, 0.179812818766, 0.163584113121, 0.0357380993664, 0.0319059416652, 0.0241793524474]
    },
