{
"metadata": {
    "version": {
        "essentia": "2.1-beta5",
        "essentia_git_sha": "Undefined",
        "extractor": "music 2.0"
    },
    "audio_properties": {
        "analysis": {
            "equal_loudness": 0,
            "length": 12.7477550507,
            "sample_rate": 44100,
            "start_time": 0,
            "downmix": "mix"
        },
        "bit_rate": 192000,
        "length": 211.115829468,
        "lossless": 0,
        "number_channels": 2,
        "replay_gain": 22.0854854584,
        "sample_rate": 48000,
        "codec": "mp3",
        "md5_encoded": "98af9bdb0a301218e23ab620fbb80b4a"
    },
    "tags": {
        "file_name": "Croatia_Nek_ti Bude Ljubav Sva_Tony Cetinski.mp3",
        "encoding": ["Lavf58.29.100"]
    }
},
"lowlevel": {
    "average_loudness": 0.000203473799047,
    "barkbands_crest": {
        "max": 16.1260433197,
        "mean": 6.72895956039,
        "min": 3.82527256012,
        "stdev": 1.36997807026
    },
    "barkbands_flatness_db": {
        "max": 0.182769522071,
        "mean": 0.0805147960782,
        "min": 0.0428282767534,
        "stdev": 0.0204094983637
    },
    "barkbands_kurtosis": {
        "max": 16.6081905365,
        "mean": 2.99923467636,
        "min": -1.50927364826,
        "stdev": 1.3113155365
    },
    "barkbands_skewness": {
        "max": 2.7215025425,
        "mean": -1.52795553207,
        "min": -3.59096908569,
        "stdev": 0.891890525818
    },
    "barkbands_spread": {
        "max": 51.6699447632,
        "mean": 25.4674415588,
        "min": 8.27216148376,
        "stdev": 5.1787571907
    },
    "dissonance": {
        "max": 0.5,
        "mean": 0.491477757692,
        "min": 0.403800070286,
        "stdev": 0.0104832882062
    },
    "dynamic_complexity": 13.4477510452,
    "erbbands_crest": {
        "max": 14.5348987579,
        "mean": 3.99198961258,
        "min": 2.4939968586,
        "stdev": 1.65854656696
    },
    "erbbands_flatness_db": {
        "max": 0.25450772047,
        "mean": 0.11211398989,
        "min": 0.0798091515899,
        "stdev": 0.0349493138492
    },
    "erbbands_kurtosis": {
        "max": 6.06186103821,
        "mean": 0.142983585596,
        "min": -1.66193330288,
        "stdev": 0.599351704121
    },
    "erbbands_skewness": {
        "max": 0.914047300816,
        "mean": -0.545818686485,
        "min": -2.20015311241,
        "stdev": 0.331463515759
    },
    "erbbands_spread": {
        "max": 61.0139122009,
        "mean": 35.0725631714,
        "min": 10.0990438461,
        "stdev": 6.69461011887
    },
    "hfc": {
        "max": 1336.74536133,
        "mean": 11.0358047485,
        "min": 1.04111069478e-16,
        "stdev": 82.2234573364
    },
    "loudness_ebu128": {
        "integrated": -41.1743202209,
        "loudness_range": 19.8924369812,
        "momentary": {
            "max": -37.6029205322,
            "mean": -262.945343018,
            "min": -300.691009521,
            "stdev": 89.4063644409
        },
        "short_term": {
            "max": -44.519569397,
            "mean": -254.55770874,
            "min": -300.691009521,
            "stdev": 94.9809951782
        }
    },
    "melbands_crest": {
        "max": 23.4075679779,
        "mean": 3.31259775162,
        "min": 1.51919424534,
        "stdev": 3.22082304955
    },
    "melbands_flatness_db": {
        "max": 0.250392079353,
        "mean": 0.024152778089,
        "min": 0.00273679709062,
        "stdev": 0.0496319234371
    },
    "melbands_kurtosis": {
        "max": 25.567533493,
        "mean": -0.463921159506,
        "min": -1.568359375,
        "stdev": 2.73843836784
    },
    "melbands_skewness": {
        "max": 4.61303853989,
        "mean": 0.169524908066,
        "min": -1.58922767639,
        "stdev": 0.674607634544
    },
    "melbands_spread": {
        "max": 171.794265747,
        "mean": 118.045265198,
        "min": 10.0259590149,
        "stdev": 36.1877632141
    },
    "pitch_salience": {
        "max": 0.912999987602,
        "mean": 0.780091762543,
        "min": 0.482854932547,
        "stdev": 0.0475928932428
    },
    "silence_rate_20dB": {
        "max": 1,
        "mean": 1,
        "min": 1,
        "stdev": 0
    },
    "silence_rate_30dB": {
        "max": 1,
        "mean": 0.967272698879,
        "min": 0,
        "stdev": 0.177921891212
    },
    "silence_rate_60dB": {
        "max": 1,
        "mean": 0.903636336327,
        "min": 0,
        "stdev": 0.295089274645
    },
    "spectral_centroid": {
        "max": 11936.2304688,
        "mean": 9753.37011719,
        "min": 634.043579102,
        "stdev": 3199.14404297
    },
    "spectral_complexity": {
        "max": 54,
        "mean": 3.73454546928,
        "min": 0,
        "stdev": 11.1112737656
    },
    "spectral_decrease": {
        "max": 2.52537973218e-28,
        "mean": -1.55283741421e-09,
        "min": -5.21604555104e-08,
        "stdev": 6.46908571156e-09
    },
    "spectral_energy": {
        "max": 0.218198075891,
        "mean": 0.00686174631119,
        "min": 1.0017411673e-20,
        "stdev": 0.0283624529839
    },
    "spectral_energyband_high": {
        "max": 0.197002306581,
        "mean": 0.00108580314554,
        "min": 7.00201360722e-21,
        "stdev": 0.0119965160266
    },
    "spectral_energyband_low": {
        "max": 0.049430295825,
        "mean": 0.0011233696714,
        "min": 7.72024483579e-24,
        "stdev": 0.00541363935918
    },
    "spectral_energyband_middle_high": {
        "max": 0.0535490363836,
        "mean": 0.00173105217982,
        "min": 1.12283426975e-21,
        "stdev": 0.00628110487014
    },
    "spectral_energyband_middle_low": {
        "max": 0.137752667069,
        "mean": 0.00325480825268,
        "min": 1.51516905341e-22,
        "stdev": 0.0160876922309
    },
    "spectral_entropy": {
        "max": 9.82312774658,
        "mean": 9.52824687958,
        "min": 7.33688163757,
        "stdev": 0.682385265827
    },
    "spectral_flux": {
        "max": 0.358333021402,
        "mean": 0.0153404967859,
        "min": 6.30043170413e-11,
        "stdev": 0.0505098998547
    },
    "spectral_kurtosis": {
        "max": 8.25962734222,
        "mean": -0.43646761775,
        "min": -1.26573061943,
        "stdev": 1.99702250957
    },
    "spectral_rms": {
        "max": 0.0145902764052,
        "mean": 0.00075341766933,
        "min": 3.12619331463e-12,
        "stdev": 0.0024752272293
    },
    "spectral_rolloff": {
        "max": 19638.28125,
        "mean": 16516.7851562,
        "min": 301.46484375,
        "stdev": 5618.23388672
    },
    "spectral_skewness": {
        "max": 2.09870481491,
        "mean": 0.203141465783,
        "min": -0.10715585202,
        "stdev": 0.522321105003
    },
    "spectral_spread": {
        "max": 42562828,
        "mean": 35386116,
        "min": 2571127.25,
        "stdev": 12844773
    },
    "spectral_strongpeak": {
        "max": 13.4350652695,
        "mean": 0.20378638804,
        "min": 0,
        "stdev": 0.964853644371
    },
    "zerocrossingrate": {
        "max": 0.75830078125,
        "mean": 0.445078134537,
        "min": 0.02978515625,
        "stdev": 0.142100974917
    },
    "barkbands": {
        "max": [0.00159800401889, 0.00374165270478, 0.0318463928998, 0.0206538718194, 0.0761032551527, 0.0211142897606, 0.0163835920393, 0.038902670145, 0.0125991608948, 0.010628820397, 0.0159788616002, 0.0127433482558, 0.00865603517741, 0.0141642075032, 0.0123409014195, 0.00611321534961, 0.00495603540912, 0.0027209664695, 0.0022604088299, 0.0201634895056, 0.0196083672345, 0.0720593333244, 0.071828968823, 0.0229670070112, 0.00518625974655, 0.000930520822294, 2.22233538807e-05],
        "mean": [1.92587576748e-05, 4.92603685416e-05, 0.000736190413591, 0.000368801178411, 0.00188059068751, 0.000261274137301, 0.000145491212606, 0.000399703945732, 0.000175484761712, 0.0001479985076, 0.000205386473681, 0.000243473055889, 0.000237443528022, 0.000271800148766, 0.000195294691366, 0.00015908156638, 0.000122237601317, 7.57110319682e-05, 5.51572811673e-05, 0.000116354691272, 0.000122617231682, 0.000336423021508, 0.000359788653441, 0.000134004207212, 3.53416035068e-05, 7.49212176743e-06, 9.05662176365e-08],
        "min": [1.15035518244e-25, 1.65483335836e-24, 1.01413709722e-24, 3.49309630288e-25, 4.09649591068e-24, 6.83883950234e-24, 3.77039146208e-24, 5.60443705759e-24, 1.08962982367e-23, 1.25032213113e-23, 8.14272323789e-24, 1.58586522157e-23, 1.39340209335e-23, 3.48461539734e-23, 4.48236319927e-23, 4.55053277217e-23, 4.95987711351e-23, 7.67000433578e-23, 1.19528381064e-22, 1.48055358445e-22, 2.39666822976e-22, 2.4099526474e-22, 3.70105062006e-22, 5.26896228251e-22, 7.65462003351e-22, 1.04087280814e-21, 1.84975760322e-21],
        "stdev": [0.000110691136797, 0.000312264455715, 0.00354087213054, 0.00210519204848, 0.00960072595626, 0.00153869821224, 0.00102578371298, 0.00292077637278, 0.00102397170849, 0.000730774481781, 0.00111725414172, 0.00111591327004, 0.000994429574348, 0.00114304351155, 0.00079869054025, 0.000582192558795, 0.00047032974544, 0.000289614254143, 0.000219723413466, 0.0011038610246, 0.00111754925456, 0.00406407052651, 0.00430178642273, 0.00150351168122, 0.000364758714568, 6.43837847747e-05, 1.0419080354e-06]
    },
    "erbbands": {
        "max": [0.0379992090166, 1.20684027672, 20.4514961243, 76.2008972168, 45.6591796875, 344.998748779, 578.322387695, 97.2040863037, 292.350952148, 255.335403442, 917.428466797, 331.800537109, 233.637908936, 351.791595459, 542.732116699, 528.890930176, 379.920135498, 641.619934082, 414.967224121, 570.510009766, 281.744567871, 274.112915039, 155.935592651, 87.6773300171, 162.2996521, 894.144592285, 1080.75195312, 810.01348877, 2130.10424805, 3115.58374023, 1642.46899414, 812.977966309, 268.038146973, 78.0923156738, 26.7444648743, 5.76710700989, 1.49585950375, 0.23979793489, 0.00525866635144, 0.000908548478037],
        "mean": [0.000892712094355, 0.0226388946176, 0.523021101952, 1.5615645647, 0.840801775455, 6.85176086426, 10.2687005997, 1.67768096924, 1.99922072887, 4.35431528091, 8.34301376343, 4.31485700607, 3.51974463463, 6.44785404205, 9.1803150177, 9.47151756287, 10.8735923767, 14.3828706741, 10.4736433029, 10.3585977554, 8.09670829773, 6.79945325851, 4.83213853836, 2.78144884109, 2.94460082054, 5.23849821091, 6.43224954605, 4.82350683212, 10.4244346619, 15.8184804916, 7.45100498199, 4.12308645248, 1.56802821159, 0.517875313759, 0.191934302449, 0.0433020591736, 0.013895357959, 0.00135785865132, 3.68313521903e-05, 1.21074344861e-05],
        "min": [3.08538835488e-23, 3.11063076789e-22, 1.30858246247e-21, 5.79330118779e-21, 7.30302818642e-21, 1.05699303559e-20, 3.5977849158e-20, 5.7046756514e-20, 6.38533220443e-20, 1.15447284573e-19, 2.22955082832e-19, 1.92759630053e-19, 3.69933626401e-19, 5.90131535306e-19, 4.89764024718e-19, 9.35125717937e-19, 7.53240902151e-19, 1.82294104753e-18, 2.00993866669e-18, 2.91344261398e-18, 3.07446552112e-18, 4.16328398181e-18, 4.24632422992e-18, 4.99600256857e-18, 6.03870881203e-18, 7.55392915912e-18, 6.82067076922e-18, 9.60275131166e-18, 7.73179863342e-18, 9.67526527288e-18, 1.03551812666e-17, 9.0527961455e-18, 8.95838340474e-18, 7.51899732185e-18, 5.29321393933e-18, 3.61166825057e-18, 2.04020851402e-18, 9.04456652558e-19, 2.17291092835e-19, 2.52108139406e-20],
        "stdev": [0.00376048474573, 0.114044770598, 2.3958158493, 8.46206569672, 4.15158224106, 36.1641464233, 60.4644813538, 8.58705806732, 14.5738325119, 25.0115375519, 62.9227256775, 25.1543941498, 16.5271720886, 31.8338088989, 46.5958099365, 42.7625236511, 44.8362922668, 60.7415847778, 38.7149391174, 40.9674415588, 29.2895126343, 25.983297348, 17.8838500977, 10.5319461823, 13.158285141, 48.2567710876, 64.1213150024, 44.7678565979, 120.23765564, 191.123962402, 90.0394821167, 48.2718353271, 17.0405769348, 5.40479326248, 1.9409109354, 0.397083610296, 0.116812705994, 0.0131555311382, 0.000313824508339, 6.38450292172e-05]
    },
    "gfcc": {
        "mean": [-1091.56359863, 7.97482252121, -23.609664917, 3.78297495842, -8.34531021118, 2.91493082047, -6.05991840363, -0.468601673841, -3.16222667694, -0.576677799225, -2.12307524681, -0.0296228099614, -1.1171027422],
        "cov": [[186964.171875, 9197.53710938, -25001.2265625, 4179.10791016, -8977.77734375, 3185.35351562, -6473.71630859, -557.873352051, -3369.36547852, -644.239807129, -2297.46459961, -127.88054657, -1162.84716797], [9197.53710938, 930.914367676, -1130.66027832, 260.598114014, -399.100891113, 62.9409217834, -358.373046875, -111.656341553, -194.78326416, -117.777053833, -130.853881836, -64.5189590454, -65.180480957], [-25001.2265625, -1130.66027832, 3527.18066406, -504.609619141, 1215.45666504, -447.099395752, 852.362548828, 33.3631629944, 426.311096191, 59.2976303101, 287.419616699, -4.15581655502, 142.176986694], [4179.10791016, 260.598114014, -504.609619141, 143.19581604, -188.949859619, 59.0784912109, -154.477050781, -39.2624435425, -87.0185699463, -34.156463623, -61.7618331909, -12.1902017593, -30.1245765686], [-8977.77734375, -399.100891113, 1215.45666504, -188.949859619, 454.911529541, -163.524215698, 301.667205811, 20.1147727966, 154.383331299, 22.2322177887, 105.404045105, 6.2798781395, 52.2607154846], [3185.35351562, 62.9409217834, -447.099395752, 59.0784912109, -163.524215698, 90.8813476562, -90.4670028687, 16.2052440643, -43.8727607727, 12.9990701675, -34.1881256104, 7.00218677521, -13.6780557632], [-6473.71630859, -358.373046875, 852.362548828, -154.477050781, 301.667205811, -90.4670028687, 245.080291748, 36.2401199341, 128.219146729, 35.5188217163, 81.1840209961, 5.55372428894, 42.5083084106], [-557.873352051, -111.656341553, 33.3631629944, -39.2624435425, 20.1147727966, 16.2052440643, 36.2401199341, 35.00365448, 25.332616806, 26.9484329224, 13.1833305359, 11.1280002594, 6.33454418182], [-3369.36547852, -194.78326416, 426.311096191, -87.0185699463, 154.383331299, -43.8727607727, 128.219146729, 25.332616806, 74.3721466064, 24.1119384766, 46.4488677979, 4.26497793198, 24.5041790009], [-644.239807129, -117.777053833, 59.2976303101, -34.156463623, 22.2322177887, 12.9990701675, 35.5188217163, 26.9484329224, 24.1119384766, 28.6164455414, 15.316945076, 11.4593658447, 7.4727640152], [-2297.46459961, -130.853881836, 287.419616699, -61.7618331909, 105.404045105, -34.1881256104, 81.1840209961, 13.1833305359, 46.4488677979, 15.316945076, 36.4966468811, 6.50411462784, 18.5854434967], [-127.88054657, -64.5189590454, -4.15581655502, -12.1902017593, 6.2798781395, 7.00218677521, 5.55372428894, 11.1280002594, 4.26497793198, 11.4593658447, 6.50411462784, 14.9443683624, 4.19340705872], [-1162.84716797, -65.180480957, 142.176986694, -30.1245765686, 52.2607154846, -13.6780557632, 42.5083084106, 6.33454418182, 24.5041790009, 7.4727640152, 18.5854434967, 4.19340705872, 16.0414562225]],
        "icov": [[0.00172539718915, -0.00366864656098, 0.00221285084262, -0.00339941005222, 0.0105981947854, -0.00751640554518, 0.00881215743721, -0.00466067623347, 0.00604151422158, -0.00485671497881, 0.00950196944177, -0.00772157823667, 0.00576713867486], [-0.00366864656098, 0.0159891247749, -0.00174297683407, 0.00568155245855, -0.0274763349444, 0.0193515755236, -0.0116921514273, 0.00968735013157, -0.0100254397839, 0.0199405923486, -0.0238024070859, 0.044886700809, -0.0198145024478], [0.00221285084262, -0.00174297683407, 0.0119756478816, -0.00502970255911, -0.000249816890573, -0.00566180283204, -0.00327803520486, 0.0134298410267, 0.0159046333283, -0.0176191516221, 0.0102773969993, 0.00707336515188, 0.00726662715897], [-0.00339941005222, 0.00568155245855, -0.00502970255911, 0.0654758214951, -0.0312162842602, -0.0330540649593, 0.00156171026174, 0.081766448915, -0.0458878017962, 0.016078427434, 0.0299634393305, -0.000280264823232, 0.00925020128489], [0.0105981947854, -0.0274763349444, -0.000249816890573, -0.0312162842602, 0.120161958039, -0.0118234120309, 0.0428666584194, -0.0718199238181, 0.0297440588474, -0.0111565245315, 0.0587644577026, -0.0947652161121, 0.0298806354403], [-0.00751640554518, 0.0193515755236, -0.00566180283204, -0.0330540649593, -0.0118234120309, 0.166889950633, -0.0727351605892, -0.0646321848035, 0.026454648003, -0.0418830364943, -0.0170531570911, 0.0508368238807, -0.0934740379453], [0.00881215743721, -0.0116921514273, -0.00327803520486, 0.00156171026174, 0.0428666584194, -0.0727351605892, 0.169064000249, -0.0370336920023, -0.0724895149469, 0.00977031793445, 0.0668935477734, -0.0157065652311, 0.0210049822927], [-0.00466067623347, 0.00968735013157, 0.0134298410267, 0.081766448915, -0.0718199238181, -0.0646321848035, -0.0370336920023, 0.297666013241, -0.123695999384, -0.0793499574065, 0.0623145326972, -0.0214031916112, 0.0548053719103], [0.00604151422158, -0.0100254397839, 0.0159046333283, -0.0458878017962, 0.0297440588474, 0.026454648003, -0.0724895149469, -0.123695999384, 0.329108566046, -0.0693895742297, -0.0953585505486, 0.082956366241, -0.0449431724846], [-0.00485671497881, 0.0199405923486, -0.0176191516221, 0.016078427434, -0.0111565245315, -0.0418830364943, 0.00977031793445, -0.0793499574065, -0.0693895742297, 0.265798181295, -0.102062679827, -0.0142452418804, 0.025540901348], [0.00950196944177, -0.0238024070859, 0.0102773969993, 0.0299634393305, 0.0587644577026, -0.0170531570911, 0.0668935477734, 0.0623145326972, -0.0953585505486, -0.102062679827, 0.361409932375, -0.12149002403, -0.0443484149873], [-0.00772157823667, 0.044886700809, 0.00707336515188, -0.000280264823232, -0.0947652161121, 0.0508368238807, -0.0157065652311, -0.0214031916112, 0.082956366241, -0.0142452418804, -0.12149002403, 0.301351904869, -0.096523463726], [0.00576713867486, -0.0198145024478, 0.00726662715897, 0.00925020128489, 0.0298806354403, -0.0934740379453, 0.0210049822927, 0.0548053719103, -0.0449431724846, 0.025540901348, -0.0443484149873, -0.096523463726, 0.231870785356]]
    },
    "melbands": {
        "max": [0.000583498796914, 0.0084736160934, 0.0101694185287, 0.0105885285884, 0.0193478502333, 0.00199558609165, 0.00393004529178, 0.00433735083789, 0.00607128301635, 0.00184034765698, 0.00128946627956, 0.00148851331323, 0.00228459760547, 0.00164924282581, 0.00183532375377, 0.00101521494798, 0.00129374128301, 0.00059163448168, 0.00103745004162, 0.00045593053801, 0.000279506988591, 0.000306119269226, 0.000237230458879, 0.000114576600026, 7.75521693868e-05, 9.85293736449e-05, 0.000143975150422, 0.000752058986109, 0.000789507757872, 0.000453851389466, 0.000511466758326, 0.000771646853536, 0.00223551830277, 0.00190425442997, 0.000848449300975, 0.000865783076733, 0.000385180523153, 0.000214669766137, 0.000102659891127, 5.26860203536e-05],
        "mean": [1.09023258119e-05, 0.000211054531974, 0.00022372714011, 0.0002340216015, 0.000413791654864, 3.5372479033e-05, 2.95368317893e-05, 6.15317185293e-05, 6.16318211542e-05, 2.47360294452e-05, 1.76114208443e-05, 2.57876090473e-05, 3.01947911794e-05, 2.80329531961e-05, 2.47206407948e-05, 2.4204951842e-05, 2.66630668193e-05, 1.67261296156e-05, 1.49248589878e-05, 1.25770047816e-05, 8.63647801452e-06, 7.05762658981e-06, 5.80594087296e-06, 3.31767114403e-06, 2.09571885534e-06, 2.01786110665e-06, 2.0875811515e-06, 4.00138105761e-06, 4.65386301585e-06, 2.68944040727e-06, 2.91380138151e-06, 4.60815454062e-06, 8.92685784493e-06, 9.48192791839e-06, 3.86751344195e-06, 3.69080680684e-06, 2.19819685299e-06, 1.2136439409e-06, 6.46902208246e-07, 3.74451332164e-07],
        "min": [5.80963318968e-25, 7.01045846024e-25, 1.3204826509e-24, 5.59964729139e-25, 1.47158363248e-24, 1.34769874656e-24, 8.67699368266e-25, 1.07094701391e-24, 1.77565292802e-24, 1.44172209177e-24, 1.23693320913e-24, 1.90464667438e-24, 1.11047673527e-24, 1.90130229857e-24, 1.2544157473e-24, 1.65064263341e-24, 2.54821951681e-24, 2.52779038595e-24, 3.39529993456e-24, 2.77227435491e-24, 3.15558561585e-24, 3.11323857638e-24, 2.8065976929e-24, 3.57082424698e-24, 3.54105066427e-24, 3.82008693809e-24, 3.31634008554e-24, 4.33985161133e-24, 2.88394116592e-24, 4.55245514731e-24, 4.28533225088e-24, 3.24182980646e-24, 4.3137576703e-24, 4.36913965016e-24, 4.87053017518e-24, 4.5611744269e-24, 4.81177581496e-24, 5.19822733395e-24, 5.3234156153e-24, 6.14790700103e-24],
        "stdev": [5.57950261282e-05, 0.000968630600255, 0.00114221009426, 0.00114852632396, 0.00232621049508, 0.000185412092833, 0.000209140882362, 0.000381254620152, 0.00044203424477, 0.000141347190947, 8.62886445248e-05, 0.000128599989694, 0.000164650409715, 0.000133472887683, 0.000116104427434, 0.000103622747702, 0.000113634130685, 6.27362387604e-05, 6.37466000626e-05, 4.70904851682e-05, 3.13022974296e-05, 2.7713333111e-05, 2.21974714805e-05, 1.27243683892e-05, 8.12857524579e-06, 8.2751375885e-06, 1.11611507236e-05, 4.00169410568e-05, 4.733838432e-05, 2.52935224125e-05, 2.81293632725e-05, 4.96505854244e-05, 0.000115962713608, 0.000113678288471, 4.65337725473e-05, 4.63358737761e-05, 2.53403977695e-05, 1.33128560265e-05, 6.7835644586e-06, 3.88919488614e-06]
    },
    "melbands128": {
        "max": [0.000665771891363, 0.000424617726821, 0.000618633755948, 0.00255226134323, 0.00696402974427, 0.0202181506902, 0.0194053258747, 0.00548529811203, 0.00528898090124, 0.00779744703323, 0.0234921183437, 0.0364648774266, 0.0280407685786, 0.0045611532405, 0.00224091880955, 0.00370302423835, 0.00608830433339, 0.00503194192424, 0.00486015761271, 0.00376236252487, 0.00892952550203, 0.016100956127, 0.00477112689987, 0.00514169828966, 0.00402947841212, 0.00208924268372, 0.00111543841194, 0.000525008596014, 0.00190175091848, 0.00249983859248, 0.000883569824509, 0.00421963771805, 0.00291581708007, 0.00294683733955, 0.00175875716377, 0.00300742476247, 0.000938882178161, 0.00359604903497, 0.000969946908299, 0.001178632956, 0.000995311769657, 0.00280388304964, 0.00212301849388, 0.00185791938566, 0.000857987091877, 0.000468166312203, 0.00090252130758, 0.000954954361077, 0.00138646317646, 0.00058129010722, 0.00048095654347, 0.000497826898936, 0.000372447539121, 0.000256804109085, 0.00040525876102, 0.000345682259649, 0.000386132567655, 0.000238914828515, 0.000265348644461, 0.000209563077078, 0.000164314857102, 0.000166136727785, 6.14813834545e-05, 0.000128800718812, 7.47149679228e-05, 7.82044226071e-05, 0.00016174778284, 0.000190828795894, 0.000135623064125, 0.000274048390565, 0.000723845383618, 0.000921554397792, 0.00127313437406, 0.000672442605719, 0.000490886333864, 0.000760563940275, 0.000183487703907, 0.000287965871394, 0.000539579661563, 0.00075453473255, 0.000815789739136, 0.00082761736121, 0.00193821534049, 0.0032897000201, 0.00139749923255, 0.00133932719473, 0.00330508383922, 0.000824770075269, 0.000302873959299, 0.00138505466748, 0.000680897035636, 0.00112653372344, 0.000297337683151, 0.000415450456785, 0.000468341779197, 0.000281627348159, 0.000174756045453, 0.000145176134538, 0.000126363956952, 0.000103302212665, 4.26262122346e-05, 5.6721168221e-05, 0.000107615953311, 4.71949861094e-05, 3.5437526094e-05, 2.9323673516e-05, 1.67078978848e-05, 9.75040802587e-06, 1.08079466372e-05, 1.07276719064e-05, 5.43378382645e-06, 5.38029462405e-06, 5.04067475049e-06, 4.20717879024e-06, 5.2798723118e-06, 2.5130746053e-06, 1.0161516002e-06, 8.62652971279e-09, 2.51366638615e-09, 2.3358499579e-09, 2.1016570706e-09, 2.25419927169e-09, 2.2432675717e-09, 2.58171906076e-09, 2.03520000852e-09, 2.09327621903e-09, 2.02778838165e-09, 2.01901806385e-09],
        "mean": [1.05934514067e-05, 5.94638459006e-06, 6.11244831816e-06, 2.89311537927e-05, 0.00014329260739, 0.000441959069576, 0.00038530951133, 0.000101778154203, 5.01696158608e-05, 0.000116750758025, 0.00038880034117, 0.000748125719838, 0.000398600444896, 4.29699393862e-05, 2.13622643059e-05, 3.57618446287e-05, 3.65461819456e-05, 2.5191127861e-05, 2.42685182457e-05, 3.6542674934e-05, 9.07181747607e-05, 0.000113026188046, 4.42330274382e-05, 3.23797139572e-05, 2.90068273898e-05, 2.18235873035e-05, 1.3250792108e-05, 1.33354851641e-05, 2.52889949479e-05, 2.61013101408e-05, 2.19437115447e-05, 3.33632087859e-05, 3.12167285301e-05, 2.67606956186e-05, 3.412157821e-05, 2.75377897196e-05, 1.84557138709e-05, 2.93148477795e-05, 2.30318346439e-05, 2.3763272111e-05, 2.05050182558e-05, 3.15839861287e-05, 3.06070869556e-05, 2.29682700592e-05, 1.81422710739e-05, 1.58556795213e-05, 1.45306676131e-05, 1.47805731103e-05, 1.54953013407e-05, 1.382980372e-05, 1.19081778394e-05, 1.22996179925e-05, 8.73126373335e-06, 7.40114091968e-06, 7.33246952223e-06, 6.76448144077e-06, 7.05728280082e-06, 7.04058993506e-06, 5.00448186358e-06, 4.18546005676e-06, 3.49573247149e-06, 2.49979893852e-06, 1.99409487323e-06, 2.11503538594e-06, 1.97692656911e-06, 1.74395177055e-06, 2.27949203691e-06, 2.27816076404e-06, 1.78378070359e-06, 2.18747504732e-06, 3.38439895131e-06, 5.23363132743e-06, 6.06004414294e-06, 4.36437858298e-06, 3.17751232615e-06, 3.64709012501e-06, 1.56320493261e-06, 2.15987483898e-06, 2.91426249532e-06, 3.92228639612e-06, 4.01330225941e-06, 3.60625449503e-06, 8.82687345438e-06, 1.17463196148e-05, 6.38613346382e-06, 7.9383917182e-06, 1.53078981384e-05, 3.89982369597e-06, 1.50412540734e-06, 5.19752347827e-06, 3.42904240824e-06, 4.28531120633e-06, 1.82456869879e-06, 2.11344490708e-06, 2.62237722382e-06, 1.35528205192e-06, 9.21392370401e-07, 8.40125039758e-07, 7.38202686534e-07, 5.44645729406e-07, 2.76321770798e-07, 3.65253271184e-07, 4.55226711438e-07, 2.49597945867e-07, 1.97269955038e-07, 1.81117101761e-07, 8.97833132285e-08, 6.03529670684e-08, 6.46580957664e-08, 6.64860664301e-08, 5.83650532349e-08, 5.0106056193e-08, 4.493007566e-08, 3.52566154049e-08, 2.83685750446e-08, 1.01328190283e-08, 3.8199621244e-09, 6.07550190712e-11, 3.08308968633e-11, 2.97382465875e-11, 2.79467091829e-11, 2.72537444002e-11, 2.80860681934e-11, 2.55875876043e-11, 1.88678257046e-11, 9.9664009684e-12, 5.10186684566e-12, 4.381433584e-12],
        "min": [6.22484246964e-27, 2.30539838652e-26, 9.25824722848e-26, 9.79158499315e-26, 3.40854619106e-25, 3.87086995748e-25, 2.20669737347e-25, 2.35307347266e-25, 3.84306211753e-25, 1.88601308954e-25, 1.12869417132e-25, 2.56852247923e-25, 2.59275406757e-25, 4.05669674402e-25, 2.61465358586e-25, 6.67405538322e-26, 2.368659392e-25, 4.5284570125e-25, 4.7260918142e-25, 4.97229185145e-25, 6.83841282719e-25, 6.27577602895e-25, 5.56585692756e-25, 3.38571088652e-25, 3.06303398926e-25, 4.23092234488e-25, 4.287538399e-25, 8.99277273087e-25, 8.85712020961e-25, 2.55515966854e-25, 6.67087602726e-25, 6.2021545989e-25, 6.34234652163e-25, 3.73484395988e-25, 7.7070970883e-25, 5.93031411703e-25, 7.37168674343e-25, 4.86244494255e-25, 7.2406327882e-25, 6.44659991367e-25, 1.03875902379e-24, 8.51445283744e-25, 8.75742889878e-25, 9.95773894457e-25, 7.78129635897e-25, 1.07951433917e-24, 1.54278306234e-24, 1.44302657189e-24, 8.10027473118e-25, 1.4947788055e-24, 9.62711649235e-25, 9.08296517031e-25, 9.97271152455e-25, 1.19103442205e-24, 8.61104195275e-25, 1.33649189271e-24, 1.45621356521e-24, 1.0889038547e-24, 1.11954981897e-24, 1.72642978247e-24, 1.31963442821e-24, 1.41317410308e-24, 1.20622699561e-24, 2.07604918857e-24, 1.05290980792e-24, 1.38889375328e-24, 1.93852253102e-24, 1.9654668641e-24, 1.46084930632e-24, 1.78414600174e-24, 2.3897263169e-24, 2.1197090898e-24, 2.39524084906e-24, 1.7322237686e-24, 2.29028172233e-24, 2.25251441484e-24, 1.92031167702e-24, 1.69108486961e-24, 2.32090806368e-24, 2.71108241449e-24, 2.61281933634e-24, 2.6534862993e-24, 2.32882369122e-24, 2.70896905613e-24, 2.5198733779e-24, 2.4499167984e-24, 9.83806973132e-25, 2.88217234255e-24, 3.37606987227e-24, 3.55572742141e-24, 2.78509492234e-24, 2.56978164915e-24, 2.34442203511e-24, 2.91437167255e-24, 3.56869471697e-24, 3.12611830838e-24, 2.87155959958e-24, 2.75453267594e-24, 3.02127297483e-24, 2.73180934035e-24, 3.12541898319e-24, 3.46243475861e-24, 4.39233728836e-24, 3.71183905025e-24, 4.09210866075e-24, 4.38751655937e-24, 4.13320239746e-24, 4.12429891885e-24, 4.06801882086e-24, 4.30827824246e-24, 4.12409420944e-24, 4.40615931472e-24, 4.2077355535e-24, 4.94613460434e-24, 5.18829084198e-24, 4.12752220451e-24, 4.93627029315e-24, 5.10689104619e-24, 4.04630148014e-24, 4.53797599983e-24, 4.11313140944e-24, 5.07553224748e-24, 4.71762053276e-24, 4.80284945939e-24, 4.06357713953e-24, 5.29791884198e-24, 4.21838517572e-24, 5.19530578758e-24],
        "stdev": [5.57530765946e-05, 3.02650532831e-05, 3.81246682082e-05, 0.000203405405045, 0.000699948752299, 0.00221336074173, 0.00215415097773, 0.000549915421288, 0.000391938927351, 0.000726015248802, 0.00222398946062, 0.00429088016972, 0.00254244077951, 0.000301615800709, 0.000158119830303, 0.000249702396104, 0.00029411946889, 0.000237161148107, 0.000229190249229, 0.000256692466792, 0.000671244401019, 0.00103653036058, 0.00038071788731, 0.000287497037789, 0.000224561343202, 0.000141065582284, 7.65552031226e-05, 5.44448521396e-05, 0.000138962874189, 0.000158588445629, 9.66619918472e-05, 0.000229824247072, 0.000214056650293, 0.000163193370099, 0.000167070611496, 0.00017485828721, 7.98819528427e-05, 0.000184450866072, 9.89556574496e-05, 0.000114830851089, 8.57029372128e-05, 0.00017501518596, 0.000139598894748, 0.000119025426102, 7.95596206444e-05, 5.99177656113e-05, 6.06859139225e-05, 6.39323334326e-05, 7.50846011215e-05, 5.62634413654e-05, 4.82743998873e-05, 4.91869504913e-05, 3.4146647522e-05, 2.81873344647e-05, 3.16710174957e-05, 2.83780664176e-05, 3.12400152325e-05, 2.71799308393e-05, 2.17652050196e-05, 1.64841003425e-05, 1.47882337842e-05, 1.10480086732e-05, 7.71884697315e-06, 9.39765595831e-06, 7.86935470387e-06, 7.21728292774e-06, 1.10784449134e-05, 1.19056121548e-05, 1.03578522612e-05, 1.46369266076e-05, 3.48732246493e-05, 5.57942221349e-05, 6.77702555549e-05, 4.31436601502e-05, 3.05802932417e-05, 4.00715143769e-05, 1.15752900456e-05, 1.82628828043e-05, 2.86809645331e-05, 4.23327910539e-05, 4.58273862023e-05, 4.19046118623e-05, 0.000104437967821, 0.000164821904036, 8.2396036305e-05, 8.87894348125e-05, 0.000190912687685, 4.80306698591e-05, 1.5795652871e-05, 6.72364330967e-05, 4.07917323173e-05, 5.80181840633e-05, 2.06337954296e-05, 2.51572255365e-05, 2.97925253108e-05, 1.5955987692e-05, 1.01748337329e-05, 8.58289422467e-06, 7.71957820689e-06, 6.26228575129e-06, 2.83691747427e-06, 3.71555688616e-06, 5.39085385753e-06, 2.68125245384e-06, 2.06934805647e-06, 1.82786538971e-06, 8.8662784492e-07, 5.46958403902e-07, 6.28775467248e-07, 6.42450970645e-07, 4.6930151143e-07, 4.08756847037e-07, 3.9808372776e-07, 3.13079397074e-07, 2.89163097023e-07, 1.23652867501e-07, 4.76811656824e-08, 4.21245455184e-10, 1.31135408088e-10, 1.2193739074e-10, 1.10460265934e-10, 1.14766383896e-10, 1.1381187659e-10, 1.22011525883e-10, 9.47238468219e-11, 9.04570446325e-11, 8.65171059794e-11, 8.61179044742e-11]
    },
    "mfcc": {
        "mean": [-1179.1217041, 11.9353189468, -5.86105251312, 0.562318265438, 0.0214592944831, 1.9322707653, -1.08754777908, 0.415467858315, -0.813622653484, -0.669611692429, -0.84439265728, -0.348308682442, -0.622314989567],
        "cov": [[48604.5585938, 6592.30029297, -2993.94897461, 285.551971436, -44.9965934753, 1110.31811523, -597.002258301, 189.744033813, -437.063262939, -320.891296387, -485.99810791, -198.300567627, -350.699676514], [6592.30029297, 1209.16870117, -401.771759033, 129.244918823, 32.942401886, 130.691009521, -107.236038208, 8.18397140503, -103.108688354, -94.2492523193, -94.4714431763, -65.2298202515, -88.3027954102], [-2993.94897461, -401.771759033, 311.605194092, 27.9016284943, 13.6703996658, -55.347442627, 35.5277786255, -23.9208316803, 12.0143222809, 12.6354322433, 11.8026294708, -8.90139007568, 8.09567451477], [285.551971436, 129.244918823, 27.9016284943, 72.0561828613, 28.9647140503, 14.9162940979, -13.9845905304, -6.82535600662, -26.2189559937, -26.4746570587, -23.0523948669, -25.9818592072, -21.7058124542], [-44.9965934753, 32.942401886, 13.6703996658, 28.9647140503, 27.4529705048, 1.93541908264, -2.4622335434, -3.02908873558, -11.6012544632, -11.5323905945, -9.23045444489, -10.301607132, -6.12529182434], [1110.31811523, 130.691009521, -55.347442627, 14.9162940979, 1.93541908264, 36.7324867249, -10.4950780869, 5.87857246399, -8.48563098907, -6.68936491013, -14.2638511658, -5.65316295624, -7.62658929825], [-597.002258301, -107.236038208, 35.5277786255, -13.9845905304, -2.4622335434, -10.4950780869, 15.2383289337, 1.45536005497, 12.902765274, 10.1631994247, 9.69083404541, 7.76810836792, 9.15066337585], [189.744033813, 8.18397140503, -23.9208316803, -6.82535600662, -3.02908873558, 5.87857246399, 1.45536005497, 8.54586029053, 5.52888536453, 3.21582221985, 2.19681692123, 3.72371125221, 2.6824734211], [-437.063262939, -103.108688354, 12.0143222809, -26.2189559937, -11.6012544632, -8.48563098907, 12.902765274, 5.52888536453, 22.6194400787, 17.83203125, 14.6701726913, 13.4091157913, 12.0526285172], [-320.891296387, -94.2492523193, 12.6354322433, -26.4746570587, -11.5323905945, -6.68936491013, 10.1631994247, 3.21582221985, 17.83203125, 20.4420528412, 14.690325737, 13.6379232407, 11.5750303268], [-485.99810791, -94.4714431763, 11.8026294708, -23.0523948669, -9.23045444489, -14.2638511658, 9.69083404541, 2.19681692123, 14.6701726913, 14.690325737, 17.7788677216, 13.5745248795, 10.2263040543], [-198.300567627, -65.2298202515, -8.90139007568, -25.9818592072, -10.301607132, -5.65316295624, 7.76810836792, 3.72371125221, 13.4091157913, 13.6379232407, 13.5745248795, 15.9281272888, 10.8169927597], [-350.699676514, -88.3027954102, 8.09567451477, -21.7058124542, -6.12529182434, -7.62658929825, 9.15066337585, 2.6824734211, 12.0526285172, 11.5750303268, 10.2263040543, 10.8169927597, 14.2744226456]],
        "icov": [[0.000588529452216, -0.00208518933505, 0.000227143100346, 0.0042495909147, 2.68200747087e-05, -0.0104842381552, 0.00446109240875, -0.00180834718049, 0.00324770319276, -0.00292194797657, -0.00158798694611, 0.00234619528055, -0.00122989853844], [-0.00208518933505, 0.0133749414235, 0.00568717438728, -0.0206538811326, 0.00223168451339, 0.0364848971367, -0.00965720787644, 0.0066826553084, -0.00698206527159, 0.006237286143, 0.0153539599851, -0.0101443836465, 0.0197878703475], [0.000227143100346, 0.00568717438728, 0.0220298413187, -0.0232719201595, 0.0128719415516, 0.0116583406925, -0.0323493890464, 0.0230536647141, 0.0135957607999, -0.0337693914771, 0.0213700775057, 0.0162428226322, 0.00932346098125], [0.0042495909147, -0.0206538811326, -0.0232719201595, 0.117169246078, -0.0492238253355, -0.11828096211, 0.0745945200324, -0.0222516171634, 0.00282100704499, 0.0425262972713, -0.0709800794721, 0.0545133389533, 0.0127255227417], [2.68200747087e-05, 0.00223168451339, 0.0128719415516, -0.0492238253355, 0.0857056230307, 0.024006370455, -0.0535141453147, -0.00179607840255, 0.0397552363575, -0.024538109079, 0.0316487289965, 0.00174526113551, -0.0211054161191], [-0.0104842381552, 0.0364848971367, 0.0116583406925, -0.11828096211, 0.024006370455, 0.292531579733, -0.10721219331, -0.0155145060271, -0.0278567131609, -0.038267403841, 0.165465220809, -0.0970765426755, 0.0294617004693], [0.00446109240875, -0.00965720787644, -0.0323493890464, 0.0745945200324, -0.0535141453147, -0.10721219331, 0.324751287699, -0.0592232234776, -0.0844578146935, 0.0565463230014, -0.0379071906209, -0.0275732576847, -0.0221504513174], [-0.00180834718049, 0.0066826553084, 0.0230536647141, -0.0222516171634, -0.00179607840255, -0.0155145060271, -0.0592232234776, 0.265624642372, -0.0984131619334, 0.0465020649135, -0.0463958866894, 0.0390620231628, -0.0219860542566], [0.00324770319276, -0.00698206527159, 0.0135957607999, 0.00282100704499, 0.0397552363575, -0.0278567131609, -0.0844578146935, -0.0984131619334, 0.273949503899, -0.163678973913, 0.00506372749805, 0.0110044153407, -0.00256024627015], [-0.00292194797657, 0.006237286143, -0.0337693914771, 0.0425262972713, -0.024538109079, -0.038267403841, 0.0565463230014, 0.0465020649135, -0.163678973913, 0.33006477356, -0.152342364192, -0.0251680240035, -0.0265817046165], [-0.00158798694611, 0.0153539599851, 0.0213700775057, -0.0709800794721, 0.0316487289965, 0.165465220809, -0.0379071906209, -0.0463958866894, 0.00506372749805, -0.152342364192, 0.427599161863, -0.22983764112, 0.0580100119114], [0.00234619528055, -0.0101443836465, 0.0162428226322, 0.0545133389533, 0.00174526113551, -0.0970765426755, -0.0275732576847, 0.0390620231628, 0.0110044153407, -0.0251680240035, -0.22983764112, 0.39012286067, -0.0920687019825], [-0.00122989853844, 0.0197878703475, 0.00932346098125, 0.0127255227417, -0.0211054161191, 0.0294617004693, -0.0221504513174, -0.0219860542566, -0.00256024627015, -0.0265817046165, 0.0580100119114, -0.0920687019825, 0.2532530725]]
    },
    "spectral_contrast_coeffs": {
        "max": [-0.32783678174, -0.552115619183, -0.688491761684, -0.757018327713, -0.678771734238, -0.619356751442],
        "mean": [-0.920658886433, -0.941253125668, -0.941261410713, -0.943436741829, -0.938093245029, -0.929440379143],
        "min": [-0.982001721859, -0.98429018259, -0.983649253845, -0.974880337715, -0.970313251019, -0.967259049416],
        "stdev": [0.123699121177, 0.0651507601142, 0.0513961352408, 0.0462460443377, 0.0560019537807, 0.0770287364721]
    },
    "spectral_contrast_valleys": {
        "max": [-5.63521146774, -5.19461965561, -5.05329370499, -5.15788269043, -5.50091409683, -6.93745660782],
        "mean": [-24.5369338989, -24.3946285248, -24.3733081818, -24.3384494781, -24.4238262177, -24.8404197693],
        "min": [-27.9896736145, -28.2372970581, -28.0510559082, -27.7601642609, -27.5854740143, -27.4960193634],
        "stdev": [6.61025333405, 6.96264839172, 7.07646751404, 7.14382266998, 6.97624254227, 5.9675321579]
    }
},
"rhythm": {
    "beats_count": 20,
    "beats_loudness": {
        "max": 0.0918996334076,
        "mean": 0.00488510541618,
        "min": 0,
        "stdev": 0.0199867691845
    },
    "bpm": 96.0493469238,
    "bpm_histogram_first_peak_bpm": 98,
    "bpm_histogram_first_peak_weight": 0.545454502106,
    "bpm_histogram_second_peak_bpm": 108,
    "bpm_histogram_second_peak_spread": 0.333333313465,
    "bpm_histogram_second_peak_weight": 0.210526317358,
    "danceability": 1.16662764549,
    "onset_rate": 0.470242828131,
    "beats_loudness_band_ratio": {
        "max": [0.218019753695, 0.659134030342, 0.195348978043, 0.434142261744, 0.454841822386, 0.0416371077299],
        "mean": [0.0181734673679, 0.04891076684, 0.0131636317819, 0.0386313386261, 0.0283165816218, 0.00335049023852],
        "min": [0, 0, 0, 0, 0, 0],
        "stdev": [0.0544332973659, 0.155693128705, 0.0439277477562, 0.114175654948, 0.0995500981808, 0.009735587053]
    },
    "beats_position": [0.626938760281, 1.26548755169, 1.90403628349, 2.54258489609, 3.16952371597, 3.79646253586, 4.42340135574, 5.0387301445, 5.65405893326, 6.31582736969, 6.97759628296, 7.59292507172, 8.20825386047, 8.82358264923, 9.38086128235, 9.93814086914, 10.4954195023, 11.0526981354, 11.5867567062, 12.1208162308],
    "bpm_histogram": [0, 0, 0, 0, 0, 0, 0, 0, 0, 0, 0, 0, 0, 0, 0, 0, 0, 0, 0, 0, 0, 0, 0, 0, 0, 0, 0, 0, 0, 0, 0, 0, 0, 0, 0, 0, 0, 0, 0, 0, 0, 0, 0, 0, 0, 0, 0, 0, 0, 0, 0, 0, 0, 0, 0, 0, 0, 0, 0, 0, 0, 0, 0, 0, 0, 0, 0, 0, 0, 0, 0, 0, 0, 0, 0, 0, 0, 0, 0, 0, 0, 0, 0, 0, 0, 0, 0, 0, 0, 0, 0, 0.105263158679, 0, 0, 0.157894730568, 0, 0.157894730568, 0, 0.263157904148, 0, 0, 0, 0, 0, 0, 0, 0, 0, 0.210526317358, 0, 0, 0, 0.105263158679, 0, 0, 0, 0, 0, 0, 0, 0, 0, 0, 0, 0, 0, 0, 0, 0, 0, 0, 0, 0, 0, 0, 0, 0, 0, 0, 0, 0, 0, 0, 0, 0, 0, 0, 0, 0, 0, 0, 0, 0, 0, 0, 0, 0, 0, 0, 0, 0, 0, 0, 0, 0, 0, 0, 0, 0, 0, 0, 0, 0, 0, 0, 0, 0, 0, 0, 0, 0, 0, 0, 0, 0, 0, 0, 0, 0, 0, 0, 0, 0, 0, 0, 0, 0, 0, 0, 0, 0, 0, 0, 0, 0, 0, 0, 0, 0, 0, 0, 0, 0, 0, 0, 0, 0, 0, 0, 0, 0, 0, 0, 0, 0, 0, 0, 0, 0, 0, 0, 0, 0, 0, 0, 0, 0, 0, 0, 0, 0, 0, 0, 0, 0, 0, 0, 0, 0, 0]
},
"tonal": {
    "chords_changes_rate": 0.0652173906565,
    "chords_number_rate": 0.0253623183817,
    "chords_strength": {
        "max": 0.588965058327,
        "mean": -0.692912220955,
        "min": -1,
        "stdev": 0.590126276016
    },
    "hpcp_crest": {
