{
"metadata": {
    "version": {
        "essentia": "2.1-beta5",
        "essentia_git_sha": "Undefined",
        "extractor": "music 2.0"
    },
    "audio_properties": {
        "analysis": {
            "equal_loudness": 0,
            "length": 48.7502937317,
            "sample_rate": 44100,
            "start_time": 12.7477550507,
            "downmix": "mix"
        },
        "bit_rate": 192000,
        "length": 191.657516479,
        "lossless": 0,
        "number_channels": 2,
        "replay_gain": -0.823486328125,
        "sample_rate": 48000,
        "codec": "mp3",
        "md5_encoded": "d299bb7860713e91d5d63b81dc6887d4"
    },
    "tags": {
        "file_name": "Lithuania_Lopšinė mylimai_Ovidijus Vyšniauskas.mp3",
        "encoding": ["Lavf58.29.100"]
    }
},
"lowlevel": {
    "average_loudness": 0.943407058716,
    "barkbands_crest": {
        "max": 25.5831508636,
        "mean": 10.1084012985,
        "min": 2.55921888351,
        "stdev": 4.16693973541
    },
    "barkbands_flatness_db": {
        "max": 0.309394210577,
        "mean": 0.173242285848,
        "min": 0.04688706249,
        "stdev": 0.0403926335275
    },
    "barkbands_kurtosis": {
        "max": 53.0172042847,
        "mean": 3.74221849442,
        "min": -1.86194288731,
        "stdev": 5.50916194916
    },
    "barkbands_skewness": {
        "max": 6.72505140305,
        "mean": 1.28890860081,
        "min": -2.21972346306,
        "stdev": 1.16516721249
    },
    "barkbands_spread": {
        "max": 88.9022216797,
        "mean": 14.7466573715,
        "min": 1.8759636879,
        "stdev": 10.1651945114
    },
    "dissonance": {
        "max": 0.499991774559,
        "mean": 0.447989761829,
        "min": 0.263876527548,
        "stdev": 0.0366046279669
    },
    "dynamic_complexity": 2.75722503662,
    "erbbands_crest": {
        "max": 31.6934680939,
        "mean": 10.8824319839,
        "min": 3.05593442917,
        "stdev": 4.95860433578
    },
    "erbbands_flatness_db": {
        "max": 0.341371387243,
        "mean": 0.220312386751,
        "min": 0.0921473503113,
        "stdev": 0.0377399288118
    },
    "erbbands_kurtosis": {
        "max": 22.2695083618,
        "mean": 1.04822540283,
        "min": -1.80147564411,
        "stdev": 2.28371357918
    },
    "erbbands_skewness": {
        "max": 4.30090522766,
        "mean": 0.635779619217,
        "min": -2.95193338394,
        "stdev": 0.739693343639
    },
    "erbbands_spread": {
        "max": 110.69682312,
        "mean": 27.078130722,
        "min": 4.16472578049,
        "stdev": 16.6517677307
    },
    "hfc": {
        "max": 265.332366943,
        "mean": 18.5139961243,
        "min": 1.01780581474,
        "stdev": 18.4591808319
    },
    "loudness_ebu128": {
        "integrated": -22.9645252228,
        "loudness_range": 4.00055885315,
        "momentary": {
            "max": -18.8066577911,
            "mean": -23.5894412994,
            "min": -30.9518966675,
            "stdev": 2.46352958679
        },
        "short_term": {
            "max": -20.5415763855,
            "mean": -23.1190052032,
            "min": -26.995513916,
            "stdev": 1.44384157658
        }
    },
    "melbands_crest": {
        "max": 30.3874187469,
        "mean": 12.1627483368,
        "min": 2.60942912102,
        "stdev": 5.07195997238
    },
    "melbands_flatness_db": {
        "max": 0.366006344557,
        "mean": 0.214054614305,
        "min": 0.022004775703,
        "stdev": 0.0601782873273
    },
    "melbands_kurtosis": {
        "max": 188.792678833,
        "mean": 8.20934867859,
        "min": -1.7317841053,
        "stdev": 12.5627746582
    },
    "melbands_skewness": {
        "max": 12.2354068756,
        "mean": 1.85131585598,
        "min": -0.985841095448,
        "stdev": 1.45476901531
    },
    "melbands_spread": {
        "max": 182.023208618,
        "mean": 20.1852092743,
        "min": 1.98463714123,
        "stdev": 16.1794223785
    },
    "pitch_salience": {
        "max": 0.917875289917,
        "mean": 0.574999570847,
        "min": 0.120492443442,
        "stdev": 0.132655203342
    },
    "silence_rate_20dB": {
        "max": 1,
        "mean": 1,
        "min": 1,
        "stdev": 0
    },
    "silence_rate_30dB": {
        "max": 1,
        "mean": 0.997620165348,
        "min": 0,
        "stdev": 0.0487258397043
    },
    "silence_rate_60dB": {
        "max": 1,
        "mean": 0.0237981919199,
        "min": 0,
        "stdev": 0.152417436242
    },
    "spectral_centroid": {
        "max": 4735.40136719,
        "mean": 1118.4699707,
        "min": 299.925750732,
        "stdev": 590.221252441
    },
    "spectral_complexity": {
        "max": 54,
        "mean": 16.8148498535,
        "min": 3,
        "stdev": 6.79806804657
    },
    "spectral_decrease": {
        "max": -2.45967746171e-10,
        "mean": -5.78492542758e-09,
        "min": -4.73370782572e-08,
        "stdev": 4.61666438412e-09
    },
    "spectral_energy": {
        "max": 0.188790023327,
        "mean": 0.0235129259527,
        "min": 0.00107390061021,
        "stdev": 0.0184674691409
    },
    "spectral_energyband_high": {
        "max": 0.033428311348,
        "mean": 0.000605714507401,
        "min": 1.70176099346e-06,
        "stdev": 0.00181309471373
    },
    "spectral_energyband_low": {
        "max": 0.0763350129128,
        "mean": 0.0026186699979,
        "min": 3.82899725082e-06,
        "stdev": 0.00468444405124
    },
    "spectral_energyband_middle_high": {
        "max": 0.0576980859041,
        "mean": 0.00604696758091,
        "min": 0.000163473581779,
        "stdev": 0.0070818811655
    },
    "spectral_energyband_middle_low": {
        "max": 0.138049587607,
        "mean": 0.015236931853,
        "min": 7.19384843251e-05,
        "stdev": 0.0145931262523
    },
    "spectral_entropy": {
        "max": 8.63614749908,
        "mean": 7.19449520111,
        "min": 5.94573116302,
        "stdev": 0.456689029932
    },
    "spectral_flux": {
        "max": 0.360730677843,
        "mean": 0.069946013391,
        "min": 0.0150350984186,
        "stdev": 0.0412422120571
    },
    "spectral_kurtosis": {
        "max": 30.4015350342,
        "mean": 6.16020727158,
        "min": -1.29449534416,
        "stdev": 5.11543273926
    },
    "spectral_rms": {
        "max": 0.0135714923963,
        "mean": 0.00445323670283,
        "min": 0.00102357601281,
        "stdev": 0.0017629818758
    },
    "spectral_rolloff": {
        "max": 9969.87304688,
        "mean": 1318.71386719,
        "min": 172.265625,
        "stdev": 1250.68969727
    },
    "spectral_skewness": {
        "max": 4.13539648056,
        "mean": 1.67070579529,
        "min": -0.137376353145,
        "stdev": 0.646792471409
    },
    "spectral_spread": {
        "max": 19957326,
        "mean": 3410982.5,
        "min": 1567122.375,
        "stdev": 1371321.5
    },
    "spectral_strongpeak": {
        "max": 12.5251893997,
        "mean": 1.58629751205,
        "min": 0.0439143553376,
        "stdev": 1.57685351372
    },
    "zerocrossingrate": {
        "max": 0.2939453125,
        "mean": 0.0516620613635,
        "min": 0.01123046875,
        "stdev": 0.0339396037161
    },
    "barkbands": {
        "max": [0.000812940532342, 0.0421918146312, 0.0572963915765, 0.0805303007364, 0.0940116420388, 0.0322322510183, 0.0422722585499, 0.0818186402321, 0.0676129609346, 0.0357152484357, 0.0448315925896, 0.0269997343421, 0.0407993607223, 0.0287919100374, 0.0336175486445, 0.00640528509393, 0.00301761180162, 0.00870138499886, 0.00418308004737, 0.0064890505746, 0.00680814683437, 0.00938386656344, 0.00598177639768, 0.0141003169119, 0.00475495774299, 0.000254738843068, 2.43804106503e-06],
        "mean": [6.21658327873e-05, 0.00110208219849, 0.000864050525706, 0.00155107234605, 0.00452839815989, 0.00270008598454, 0.0022277245298, 0.00157397775911, 0.00188027415425, 0.00155864283442, 0.00128717522603, 0.000610856048297, 0.000548866286408, 0.000581234169658, 0.000834640231915, 0.000273929559626, 0.000257148465607, 0.000202242736123, 0.000160630239407, 0.00017282103363, 0.000194351072423, 0.000134299145429, 8.22433503345e-05, 8.71797310538e-05, 3.33922253049e-05, 3.45364333043e-06, 4.09500300336e-09],
        "min": [5.43495595196e-08, 1.35825405323e-06, 2.63088622887e-07, 1.08157031775e-07, 2.16958505916e-06, 2.24628615797e-06, 3.58696252079e-06, 6.13402733052e-07, 6.88212458044e-06, 2.96688631352e-06, 1.96356268134e-06, 3.42643897966e-06, 1.10079440674e-06, 2.11353517443e-06, 3.67460279449e-06, 1.26312295379e-06, 2.73627983916e-06, 1.09108088964e-06, 2.30651176025e-06, 7.83819757544e-07, 2.74458756166e-07, 1.4559806516e-07, 9.62466657484e-08, 9.08283936951e-08, 7.94971128926e-08, 3.52388305203e-08, 1.22892460097e-10],
        "stdev": [8.32041696412e-05, 0.00238023651764, 0.00225463067181, 0.00485752336681, 0.00858769472688, 0.00292381481268, 0.00414467975497, 0.00437347404659, 0.0050306902267, 0.00334531092085, 0.00355650135316, 0.0017312488053, 0.00185464939568, 0.00162290630396, 0.00252921320498, 0.000521248381119, 0.00035968105658, 0.000392013811506, 0.000294049008517, 0.000393771770177, 0.000428705388913, 0.000480108981719, 0.000383192294976, 0.000604992150329, 0.000231416081078, 1.76241428562e-05, 7.61891456591e-08]
    },
    "erbbands": {
        "max": [1.06571805477, 10.4268655777, 47.5924377441, 134.915634155, 370.362548828, 495.658630371, 383.330566406, 304.422485352, 656.150024414, 1178.20043945, 1025.0847168, 1845.38256836, 1138.89892578, 1211.21801758, 1197.27819824, 1273.375, 2129.01660156, 1313.35803223, 2089.0546875, 1500.73291016, 346.966827393, 183.513290405, 515.506103516, 218.232467651, 279.946807861, 209.790054321, 266.053344727, 260.551361084, 313.118621826, 263.439941406, 190.103637695, 284.358215332, 242.198242188, 74.7953643799, 18.8750419617, 2.30636548996, 0.453381627798, 0.0286969467998, 0.000653114984743, 0.000235080180573],
        "mean": [0.0281645935029, 0.263979643583, 0.872580170631, 3.2721555233, 11.0824842453, 15.8880405426, 14.2859973907, 23.7389335632, 32.1313438416, 35.6130332947, 36.0118904114, 42.200050354, 54.2876358032, 47.668296814, 39.6401786804, 30.5450153351, 27.9579696655, 32.5063591003, 37.3312911987, 32.7458648682, 14.9198389053, 12.3618650436, 11.0680170059, 8.37983608246, 9.03394126892, 8.23431587219, 7.99743413925, 6.79546022415, 4.73214006424, 3.41478800774, 2.36418247223, 1.99275875092, 1.32576024532, 0.550004005432, 0.136222988367, 0.0297241397202, 0.00405211048201, 0.000200591312023, 2.09395402635e-05, 2.91426895274e-05],
        "min": [7.13763511158e-05, 0.000173905718839, 0.000271526369033, 0.00071089254925, 0.00234763952903, 0.00652152160183, 0.0163474939764, 0.0207796674222, 0.0673763081431, 0.134031251073, 0.0339889600873, 0.33046233654, 0.287485212088, 0.227403730154, 0.306170612574, 0.381400793791, 0.334850460291, 0.277214765549, 0.231153354049, 0.197858765721, 0.11966522783, 0.164165869355, 0.0840841084719, 0.0768980532885, 0.0571071729064, 0.0444362424314, 0.0141555992886, 0.0106254909188, 0.00664062751457, 0.00403308076784, 0.00359564181417, 0.00247979769483, 0.0013892740244, 0.000847883347888, 0.000650820904411, 0.000346628628904, 2.18994409806e-05, 1.0533525483e-06, 9.13042526918e-07, 1.42650674206e-06],
        "stdev": [0.0576466992497, 0.592507898808, 2.0185546875, 8.07322120667, 31.781129837, 34.3806419373, 23.8834495544, 26.837310791, 50.3585586548, 91.4273681641, 81.6251449585, 124.897125244, 109.827156067, 106.28351593, 95.2403869629, 82.3631668091, 86.0824508667, 86.1669845581, 126.817886353, 83.4466552734, 22.716709137, 16.7400722504, 21.8545455933, 14.343963623, 17.4013252258, 16.9151325226, 18.6838779449, 15.8638238907, 15.1533050537, 14.9773054123, 11.6712522507, 12.8720703125, 9.77486515045, 3.85671257973, 0.872274637222, 0.15847671032, 0.0222847759724, 0.0013161910465, 4.50982406619e-05, 2.38049906329e-05]
    },
    "gfcc": {
        "mean": [-36.6596946716, 128.735321045, -154.531433105, 26.5309314728, -73.3033370972, 1.86511170864, -36.4068450928, -4.79746246338, -19.6506195068, -3.89735889435, -9.22273826599, -7.22809791565, 2.35878205299],
        "cov": [[2695.11694336, -828.113586426, 57.0249557495, 625.020019531, -177.311889648, 346.282775879, 89.8732910156, -7.37806463242, -12.6847190857, -53.8291549683, -127.451843262, -67.4162063599, -11.7656440735], [-828.113586426, 1514.83044434, 208.139312744, -254.626373291, 241.066802979, -470.995239258, 185.386749268, -72.1997299194, 28.0800418854, -52.0434494019, 99.8138809204, -69.9116973877, 54.8732452393], [57.0249557495, 208.139312744, 683.156738281, 73.9824523926, -55.5568504333, 14.6436281204, -89.736328125, 19.7829799652, -95.4479446411, -51.1057434082, -55.7269363403, 0.354586660862, -26.8776283264], [625.020019531, -254.626373291, 73.9824523926, 391.60168457, 41.1303215027, 122.312683105, -8.4917640686, -27.8262996674, -11.7087173462, -40.7647018433, -62.640247345, -36.8851203918, 13.5484819412], [-177.311889648, 241.066802979, -55.5568504333, 41.1303215027, 395.155059814, 46.2187805176, 54.7148208618, 51.8981666565, -15.8752641678, 32.1932258606, 7.21117210388, 22.1211891174, 5.46315145493], [346.282775879, -470.995239258, 14.6436281204, 122.312683105, 46.2187805176, 383.592407227, 28.6050662994, 89.3948287964, -8.81074810028, 30.563867569, -26.4314231873, 37.7356262207, -20.316619873], [89.8732910156, 185.386749268, -89.736328125, -8.4917640686, 54.7148208618, 28.6050662994, 254.585739136, 46.5981864929, 25.5438747406, 25.9522762299, 39.965587616, 8.70225143433, 37.2006874084], [-7.37806463242, -72.1997299194, 19.7829799652, -27.8262996674, 51.8981666565, 89.3948287964, 46.5981864929, 135.310470581, 22.1781406403, 36.6232910156, 14.7339010239, 38.4939842224, 1.86206746101], [-12.6847190857, 28.0800418854, -95.4479446411, -11.7087173462, -15.8752641678, -8.81074810028, 25.5438747406, 22.1781406403, 135.610046387, 49.5243034363, 36.9841499329, -10.034412384, 17.7529277802], [-53.8291549683, -52.0434494019, -51.1057434082, -40.7647018433, 32.1932258606, 30.563867569, 25.9522762299, 36.6232910156, 49.5243034363, 123.46635437, 43.8644332886, 25.0256462097, -1.30571889877], [-127.451843262, 99.8138809204, -55.7269363403, -62.640247345, 7.21117210388, -26.4314231873, 39.965587616, 14.7339010239, 36.9841499329, 43.8644332886, 106.947128296, 33.2204627991, 8.57778072357], [-67.4162063599, -69.9116973877, 0.354586660862, -36.8851203918, 22.1211891174, 37.7356262207, 8.70225143433, 38.4939842224, -10.034412384, 25.0256462097, 33.2204627991, 99.6301345825, 28.3401222229], [-11.7656440735, 54.8732452393, -26.8776283264, 13.5484819412, 5.46315145493, -20.316619873, 37.2006874084, 1.86206746101, 17.7529277802, -1.30571889877, 8.57778072357, 28.3401222229, 108.677597046]],
        "icov": [[0.000748247490264, 0.0002390321024, -5.46908959222e-05, -0.00102982169483, 0.000363248371286, -4.45080331701e-05, -0.000628424284514, -1.67500516568e-07, -2.21460850298e-05, 3.36323355441e-05, 0.000163953896845, 0.00015803797578, 0.000213576626265], [0.0002390321024, 0.00606430741027, -0.00423821713775, 0.00366010074504, -0.00559779303148, 0.00516583956778, -0.0052759363316, 0.00382862705737, -0.00376634462737, 0.00429809838533, -0.00404072972015, 0.00443375948817, -0.00172346131876], [-5.46908959222e-05, -0.00423821713775, 0.00483991345391, -0.00322948023677, 0.00439956877381, -0.0033284840174, 0.00416557816789, -0.0038873583544, 0.00398775469512, -0.00296795973554, 0.00306116905995, -0.00307488138787, 0.001404090086], [-0.00102982169483, 0.00366010074504, -0.00322948023677, 0.00780789414421, -0.00495182396844, 0.00183549360372, -0.002585709095, 0.00423890957609, -0.00329016312025, 0.00364922499284, -0.00194708479103, 0.00391010940075, -0.00261176005006], [0.000363248371286, -0.00559779303148, 0.00439956877381, -0.00495182396844, 0.00859433505684, -0.00468690926209, 0.00419531296939, -0.00496200751513, 0.0047422866337, -0.00494155846536, 0.0039862440899, -0.00425660517067, 0.00187322113197], [-4.45080331701e-05, 0.00516583956778, -0.0033284840174, 0.00183549360372, -0.00468690926209, 0.00864880904555, -0.00465666409582, 0.000685866863932, -0.00269755558111, 0.0027073698584, -0.00222924514674, 0.00201472011395, -0.000106710016553], [-0.000628424284514, -0.0052759363316, 0.00416557816789, -0.002585709095, 0.00419531296939, -0.00465666409582, 0.00988293159753, -0.00508488481864, 0.00383483571932, -0.00372336548753, 0.00130889937282, -0.0020938559901, -0.000657284283079], [-1.67500516568e-07, 0.00382862705737, -0.0038873583544, 0.00423890957609, -0.00496200751513, 0.000685866863932, -0.00508488481864, 0.014762214385, -0.00551610486582, 0.00207638903521, -0.00146374932956, -0.000637428311165, -0.000349939247826], [-2.21460850298e-05, -0.00376634462737, 0.00398775469512, -0.00329016312025, 0.0047422866337, -0.00269755558111, 0.00383483571932, -0.00551610486582, 0.0140704745427, -0.00653746165335, -0.000564478163142, 0.00151881354395, -0.00139366986696], [3.36323355441e-05, 0.00429809838533, -0.00296795973554, 0.00364922499284, -0.00494155846536, 0.0027073698584, -0.00372336548753, 0.00207638903521, -0.00653746165335, 0.0150094283745, -0.00561554217711, 0.00145300687291, -4.94483501825e-05], [0.000163953896845, -0.00404072972015, 0.00306116905995, -0.00194708479103, 0.0039862440899, -0.00222924514674, 0.00130889937282, -0.00146374932956, -0.000564478163142, -0.00561554217711, 0.0175269413739, -0.00834250543267, 0.0028345643077], [0.00015803797578, 0.00443375948817, -0.00307488138787, 0.00391010940075, -0.00425660517067, 0.00201472011395, -0.0020938559901, -0.000637428311165, 0.00151881354395, 0.00145300687291, -0.00834250543267, 0.0198579709977, -0.00690182391554], [0.000213576626265, -0.00172346131876, 0.001404090086, -0.00261176005006, 0.00187322113197, -0.000106710016553, -0.000657284283079, -0.000349939247826, -0.00139366986696, -4.94483501825e-05, 0.0028345643077, -0.00690182391554, 0.0126877259463]]
    },
    "melbands": {
        "max": [0.0111321164295, 0.0178830735385, 0.0304365437478, 0.0251335520297, 0.0157432239503, 0.00779670989141, 0.00963074341416, 0.0142525872216, 0.00771394977346, 0.0108428737149, 0.00583087047562, 0.00524860573933, 0.00506776897237, 0.00222093751654, 0.00404936634004, 0.00302278879099, 0.00223975512199, 0.00324294180609, 0.00330097065307, 0.00103858229704, 0.000526367861312, 0.000169353719684, 0.000313242111588, 0.000658650009427, 0.000184808057384, 0.00021113382536, 0.000234776700381, 0.000170179147972, 0.000236646548728, 0.000219632929657, 0.000188040168723, 0.00012808763131, 0.000274249032373, 0.000128881380078, 0.000107740430394, 0.000164575845702, 0.000161790056154, 0.000176365705556, 0.000130468441057, 5.56584927836e-05],
        "mean": [0.000285713496851, 0.000437643728219, 0.000799027387984, 0.00100264931098, 0.000548393465579, 0.00053766136989, 0.000497150118463, 0.000370517605916, 0.000302112748614, 0.00026028760476, 0.000264698028332, 0.000185567201697, 0.000173272768734, 6.16602992523e-05, 7.80344635132e-05, 5.48015013919e-05, 5.86228052271e-05, 5.43756832485e-05, 5.40539913345e-05, 2.98535087495e-05, 1.63895292644e-05, 1.36804274007e-05, 1.05577764771e-05, 1.03233242044e-05, 6.08905520494e-06, 6.41860378892e-06, 6.71621364745e-06, 4.94521373184e-06, 4.67084691991e-06, 5.19760897078e-06, 3.47495074493e-06, 2.71489420811e-06, 2.45042838287e-06, 1.59902867836e-06, 1.32009768095e-06, 1.35171364946e-06, 1.1606246062e-06, 9.58851387622e-07, 7.63217883559e-07, 3.57759290637e-07],
        "min": [9.94962420009e-07, 2.0205540352e-07, 1.83072160098e-07, 3.60831762691e-07, 5.58763872505e-07, 4.5169713303e-07, 1.31480612708e-06, 1.22127107716e-06, 2.08168529525e-07, 2.06529239222e-06, 1.19745664051e-06, 7.62455840686e-07, 7.51302991375e-07, 8.02783404197e-07, 2.98541976917e-07, 2.19709420435e-07, 4.21584701371e-07, 2.16806114395e-07, 2.69678594123e-07, 1.14524937089e-07, 9.80643832804e-08, 1.18207395872e-07, 5.45894671689e-08, 3.54597453622e-08, 4.72802064166e-08, 4.7474067344e-08, 1.70351910356e-08, 1.68539902035e-08, 4.78429162953e-09, 5.71577984942e-09, 6.04670002957e-09, 3.36651329036e-09, 2.0372050713e-09, 1.9655304051e-09, 8.86229034602e-10, 1.45732070855e-09, 1.19933174503e-09, 8.52549142394e-10, 6.8686722976e-10, 3.50637546775e-10],
        "stdev": [0.000601185543928, 0.000895652279723, 0.00213264417835, 0.00203326810151, 0.000957479933277, 0.000590782728978, 0.000792726699729, 0.00100515235681, 0.000703633180819, 0.000726308615413, 0.00055405346211, 0.000437522161519, 0.000457922898931, 0.000161585121532, 0.000229294222663, 0.00015627265384, 0.000157196511282, 0.000194008927792, 0.000167588324985, 6.15056633251e-05, 2.83181252598e-05, 2.0658098947e-05, 1.74690521817e-05, 2.57190913544e-05, 1.15411203296e-05, 1.28136462081e-05, 1.59519731824e-05, 1.04387945612e-05, 1.23606550915e-05, 1.18860389193e-05, 9.07633693714e-06, 8.1058979049e-06, 1.14253416541e-05, 7.03993464413e-06, 6.25140501143e-06, 8.22380206955e-06, 7.79137099016e-06, 7.18183673598e-06, 5.64307629247e-06, 2.47827301791e-06]
    },
    "melbands128": {
        "max": [0.000678305281326, 0.00588587997481, 0.0200130399317, 0.0171793904155, 0.0189254377037, 0.0304380971938, 0.024792663753, 0.0457526817918, 0.0454009994864, 0.0447978638113, 0.0371616184711, 0.029725626111, 0.0180810634047, 0.0102588785812, 0.00596620468423, 0.0149002615362, 0.0169014725834, 0.0162943806499, 0.0161328427494, 0.0167994331568, 0.0319587886333, 0.0152274146676, 0.0139504084364, 0.0232077855617, 0.0227527339011, 0.00761052686721, 0.0132741602138, 0.0114823542535, 0.00912266504019, 0.0108360899612, 0.00762454466894, 0.0114450166002, 0.00844535138458, 0.00930806063116, 0.00549142435193, 0.00252559641376, 0.0078823203221, 0.00362213002518, 0.0110716959462, 0.00676266709343, 0.00209606369026, 0.00732047436759, 0.00265154708177, 0.0058030160144, 0.00391438417137, 0.00600390229374, 0.00606923224404, 0.00646401103586, 0.00623782910407, 0.00347856245935, 0.00146617367864, 0.000682407233398, 0.000527321419213, 0.000923183630221, 0.00055257655913, 0.000393800175516, 0.00020464467525, 0.000373311602743, 0.000433156325016, 0.000621474639047, 0.00147065136116, 0.000291336094961, 0.000271272467216, 0.000393482623622, 0.000360061851097, 0.000229796831263, 0.000311039329972, 0.000416172668338, 0.000234054212342, 0.000455065746792, 9.17728393688e-05, 0.000433005421655, 0.000552024692297, 0.000192049323232, 0.000217205262743, 0.000280317064608, 0.000209588150028, 0.000207331700949, 0.000209364225157, 0.000268654868705, 0.000154095512698, 0.000231595418882, 0.000440485222498, 0.000332154042553, 0.000331412447849, 0.000231477009947, 0.0001720336586, 9.3430870038e-05, 0.000108927328256, 0.000260372413322, 0.000118591480714, 0.000221881869948, 0.000205913500395, 0.00020382385992, 0.000177814101335, 0.000178006972419, 0.000188385354704, 0.000204059266252, 0.000150695093907, 0.000132213914185, 8.19644919829e-05, 3.75971503672e-05, 3.84821578336e-05, 3.77734104404e-05, 2.36292944464e-05, 1.30106573124e-05, 1.06454399429e-05, 8.24345352157e-06, 3.23410063174e-06, 5.0347080105e-06, 1.64523828516e-06, 2.08543519875e-06, 1.75700688487e-06, 1.50603307247e-06, 6.36068989479e-07, 1.12421730591e-07, 1.17556258061e-08, 1.13897113962e-08, 1.10589573055e-08, 1.07872466515e-08, 1.05280086871e-08, 1.02981356775e-08, 1.01068939884e-08, 9.94748994287e-09, 9.80023528996e-09, 9.67015534314e-09, 9.5956798063e-09, 9.54517531682e-09],
        "mean": [4.80208254885e-05, 0.000193190397113, 0.000399830692913, 0.000438580260379, 0.00039597338764, 0.000453387125162, 0.000572756340262, 0.000874399207532, 0.00120510917623, 0.00105272722431, 0.00090209604241, 0.000643446866889, 0.000435502326582, 0.000457575399196, 0.000453169282991, 0.000717018090654, 0.000524705508724, 0.00048308755504, 0.000397928641178, 0.000459934322862, 0.000294485478662, 0.000263621564955, 0.000315514713293, 0.000309618248139, 0.000313854485285, 0.000161508811289, 0.000334493408445, 0.000343856459949, 0.000122153680422, 0.000187848927453, 0.000154897163156, 0.000275436381344, 0.000238276450546, 5.27299816895e-05, 3.28764544975e-05, 6.4371888584e-05, 0.000116727307613, 5.72889111936e-05, 8.56691622175e-05, 5.48733623873e-05, 2.79616670014e-05, 8.74275938259e-05, 6.41737569822e-05, 4.82129180455e-05, 2.6292675102e-05, 6.57136479276e-05, 7.8887824202e-05, 3.99319906137e-05, 5.83664404985e-05, 4.43507669843e-05, 2.71553635685e-05, 1.22908850244e-05, 1.29561985887e-05, 1.85475637409e-05, 2.33492410189e-05, 1.02228887044e-05, 8.20268815005e-06, 1.43690913319e-05, 9.46779618971e-06, 6.90697333994e-06, 1.40454576467e-05, 8.93459400686e-06, 6.87755891704e-06, 5.02566263094e-06, 5.17986291015e-06, 6.77898015056e-06, 7.00894452166e-06, 6.24090671408e-06, 6.3025477175e-06, 8.55874077388e-06, 3.99282589569e-06, 3.9277747419e-06, 4.18693389292e-06, 4.78612946608e-06, 5.24715005668e-06, 5.50651338926e-06, 5.45974535271e-06, 3.81042536901e-06, 3.10652740154e-06, 3.21670495396e-06, 2.81098527921e-06, 2.46583681474e-06, 2.44863076659e-06, 2.53172584053e-06, 2.52597692452e-06, 1.69047905274e-06, 1.3079556993e-06, 1.25891972402e-06, 1.33870037189e-06, 1.35520599542e-06, 1.30002695187e-06, 1.45101773796e-06, 1.27843259179e-06, 1.12771408567e-06, 1.16185719889e-06, 9.24658536405e-07, 9.52614527705e-07, 9.24166158711e-07, 8.05437252893e-07, 7.01425904026e-07, 4.5887242095e-07, 2.81161391058e-07, 2.51950183383e-07, 2.0820020552e-07, 1.25621753e-07, 1.03342394198e-07, 8.79566357526e-08, 6.3003660955e-08, 4.4015347811e-08, 3.16948352008e-08, 2.1149737961e-08, 1.55664245938e-08, 8.89532447701e-09, 5.98967009324e-09, 3.27431637359e-09, 3.26777938042e-10, 4.38644572054e-11, 1.56064570989e-11, 1.51718655e-11, 1.482084247e-11, 1.44539050867e-11, 1.41257032113e-11, 1.38855064599e-11, 1.36376222815e-11, 1.32615732631e-11, 1.27510510831e-11, 1.24712462579e-11, 1.23790916753e-11],
        "min": [3.15475245927e-09, 2.10026996683e-07, 1.97467116436e-07, 1.32531496888e-07, 1.20761200151e-07, 9.76607879011e-08, 3.41296839679e-08, 4.79881272497e-08, 1.34107764893e-07, 8.01233426273e-08, 1.7798150509e-07, 2.55769464275e-07, 3.48902915448e-07, 3.98311129857e-07, 3.15874387979e-07, 4.14694909523e-07, 4.47905506462e-07, 2.6336167025e-07, 4.89798765102e-07, 2.6445653134e-07, 1.10047466251e-07, 1.82734197551e-07, 6.85719641069e-08, 2.20752923497e-07, 7.5939048827e-08, 2.61727848283e-07, 2.56015965761e-07, 4.88971409141e-07, 3.94861643827e-07, 6.65589752202e-08, 1.39972428315e-07, 7.2902466286e-08, 1.55170639005e-07, 1.71930238935e-07, 5.85752992777e-08, 9.22977250184e-08, 9.28137140477e-08, 1.07329150012e-07, 1.07478106415e-08, 2.71034927835e-08, 4.11087270891e-08, 7.39664187677e-08, 1.56076680469e-07, 5.1085493169e-08, 2.87279089406e-08, 4.33431708302e-08, 7.04661147211e-08, 3.5227245121e-08, 9.52085912331e-08, 8.35314253322e-08, 4.25998543108e-08, 3.22672235598e-08, 4.10851264121e-09, 3.81990048481e-08, 3.45369954857e-08, 1.90028384139e-08, 2.93150481667e-09, 1.00653130275e-08, 1.42514275936e-08, 7.34015825898e-09, 3.96686772319e-09, 2.09901731552e-08, 9.22432796813e-09, 2.64838000419e-08, 1.02139141589e-08, 8.06632893813e-09, 2.62593715661e-08, 1.95949372284e-08, 5.84770720735e-09, 1.05502158121e-08, 6.80278056109e-09, 5.82639980706e-09, 5.46829959092e-09, 2.63848209947e-09, 1.8065331453e-09, 2.46487164013e-09, 2.30604868534e-09, 1.4428592765e-09, 1.7531218699e-09, 2.39592057305e-09, 2.69441491341e-09, 8.72992733658e-10, 1.57370594334e-09, 1.49632783941e-09, 9.82829928553e-10, 8.03528743543e-10, 1.14437426202e-09, 5.03215802361e-10, 5.13260212109e-10, 1.37439712389e-10, 4.53995202543e-10, 2.99822472405e-10, 3.0844210519e-10, 4.19349971414e-10, 2.72850825267e-10, 4.28938440322e-10, 2.00204540446e-11, 2.46350384536e-10, 1.84037743378e-10, 1.70119751619e-11, 1.99907902731e-11, 6.01017152713e-11, 2.27779730841e-12, 3.71490546658e-11, 1.83760142519e-11, 2.74211958695e-10, 1.37776031903e-11, 3.14633041842e-11, 3.11963996302e-11, 3.56478908892e-11, 1.22902317663e-12, 4.83763094687e-13, 4.1064216914e-13, 3.52875904495e-13, 3.09105659905e-13, 3.08895704154e-13, 3.76238238698e-13, 3.55339482882e-13, 3.06891691964e-13, 3.56707447868e-13, 3.34181494326e-13, 3.5387158156e-13, 3.55829162793e-13, 3.32494421535e-13, 2.45462368964e-13, 1.01522495922e-13, 1.23438357043e-14, 5.12967970357e-16],
        "stdev": [7.09782034392e-05, 0.000399532058509, 0.000976089504547, 0.00102636823431, 0.000943685532548, 0.0012062061578, 0.00145981018431, 0.00312729924917, 0.00409865938127, 0.00252440641634, 0.00240151421167, 0.00167704524938, 0.000970326538663, 0.000817339867353, 0.000634487485513, 0.00100157805718, 0.000807180709671, 0.00125342817046, 0.00103348202538, 0.00147276895586, 0.00143364525866, 0.000845461792778, 0.000925437547266, 0.00126117712352, 0.00140744296368, 0.000544048612937, 0.00092999311164, 0.000939783174545, 0.00039646611549, 0.000656623626128, 0.000507320801262, 0.000936802185606, 0.000656414020341, 0.000304618180962, 0.000159560338943, 0.000186094359378, 0.000451630156022, 0.000209470279515, 0.00044212382636, 0.000251356424997, 0.000105854145659, 0.000413789181039, 0.000193880128791, 0.000168225276866, 0.000117730807688, 0.000325598492054, 0.000340882048476, 0.000233904414927, 0.000255539722275, 0.000135090362164, 7.85487500252e-05, 3.1216401112e-05, 3.33646530635e-05, 4.37850249e-05, 4.750523658e-05, 2.68712992693e-05, 1.65765632119e-05, 2.82350429188e-05, 2.00113790925e-05, 2.47175685217e-05, 5.00456008012e-05, 2.07911489269e-05, 1.79564212885e-05, 1.44814684973e-05, 1.47527280205e-05, 1.54280569404e-05, 1.58208313223e-05, 1.80048264156e-05, 1.92941497517e-05, 2.82835790131e-05, 8.48844956636e-06, 1.44419582284e-05, 1.74069573404e-05, 1.44034693221e-05, 1.48392855408e-05, 1.55328216351e-05, 1.51302474478e-05, 1.06499128378e-05, 9.75573311734e-06, 1.05646076918e-05, 8.6403097157e-06, 8.91202034836e-06, 1.20728736874e-05, 1.35993923323e-05, 1.40218426168e-05, 8.74360193848e-06, 6.60178693579e-06, 5.18708748132e-06, 6.50714309813e-06, 8.72629698279e-06, 7.53425001676e-06, 9.95413029159e-06, 8.61709850142e-06, 8.42830831971e-06, 8.16260580905e-06, 6.99285146766e-06, 7.91518868937e-06, 7.44830413169e-06, 6.18095418758e-06, 5.4790066315e-06, 3.42869657288e-06, 1.88023727787e-06, 1.81733105364e-06, 1.55814757363e-06, 8.37274853893e-07, 6.67045242153e-07, 5.97229302457e-07, 3.75330017732e-07, 2.1700921593e-07, 1.71923304038e-07, 1.08323305881e-07, 9.36576256549e-08, 6.82793128703e-08, 5.53123413738e-08, 3.09327532477e-08, 3.88802900986e-09, 5.28178445425e-10, 3.51536660892e-10, 3.41304845497e-10, 3.32911337386e-10, 3.24920867989e-10, 3.17799647709e-10, 3.11926706686e-10, 3.07019298873e-10, 3.02446845346e-10, 2.98424757128e-10, 2.96136337674e-10, 2.94578944571e-10]
    },
    "mfcc": {
        "mean": [-664.542236328, 146.737884521, -21.3522052765, 19.4420089722, -15.8335762024, 2.36341428757, -10.2502365112, -5.07699203491, -4.20128631592, -2.769490242, -7.37590360641, -2.72860503197, -3.48868870735],
        "cov": [[2990.03369141, -1384.63305664, 212.599868774, 141.135650635, -37.8260612488, 300.246459961, 54.9790649414, 99.2503662109, 123.644355774, 81.1539459229, 4.57949066162, -44.5260391235, -152.290939331], [-1384.63305664, 1792.40344238, -115.960235596, 231.096588135, -91.0265197754, -248.31072998, 20.9011993408, -71.3063049316, -64.9436035156, -28.4867973328, -9.45336818695, -4.61885309219, 65.1954040527], [212.599868774, -115.960235596, 734.101806641, 29.4548206329, 13.1939334869, -12.3657054901, -21.9371700287, 8.80201911926, -18.1991977692, -15.4152088165, -72.0309448242, -65.9707946777, -36.4164276123], [141.135650635, 231.096588135, 29.4548206329, 325.196746826, 26.8681964874, 11.0041913986, 10.5918540955, -22.3205547333, 9.94505023956, 15.9849643707, -72.7938308716, -39.711730957, -11.1417331696], [-37.8260612488, -91.0265197754, 13.1939334869, 26.8681964874, 307.901489258, 65.1588058472, 30.9423294067, 37.3493766785, 7.59111642838, 19.9803218842, -26.8954868317, -25.884355545, 22.0205364227], [300.246459961, -248.31072998, -12.3657054901, 11.0041913986, 65.1588058472, 179.276397705, 68.2222213745, 36.2675628662, 45.5977325439, 27.2341651917, 4.06877040863, -4.01113557816, -6.60286331177], [54.9790649414, 20.9011993408, -21.9371700287, 10.5918540955, 30.9423294067, 68.2222213745, 189.687332153, 78.6239471436, 38.7988319397, 14.5450401306, 10.2320556641, -8.69017314911, 13.4804449081], [99.2503662109, -71.3063049316, 8.80201911926, -22.3205547333, 37.3493766785, 36.2675628662, 78.6239471436, 132.636154175, 36.1810722351, 11.0776119232, 8.79789447784, -16.4351654053, 1.70313405991], [123.644355774, -64.9436035156, -18.1991977692, 9.94505023956, 7.59111642838, 45.5977325439, 38.7988319397, 36.1810722351, 117.597587585, 45.6220741272, -4.9196190834, -9.71577262878, -1.16246545315], [81.1539459229, -28.4867973328, -15.4152088165, 15.9849643707, 19.9803218842, 27.2341651917, 14.5450401306, 11.0776119232, 45.6220741272, 107.111595154, 25.2361984253, -0.780569493771, 3.99940419197], [4.57949066162, -9.45336818695, -72.0309448242, -72.7938308716, -26.8954868317, 4.06877040863, 10.2320556641, 8.79789447784, -4.9196190834, 25.2361984253, 137.612731934, 56.6204376221, 0.593044757843], [-44.5260391235, -4.61885309219, -65.9707946777, -39.711730957, -25.884355545, -4.01113557816, -8.69017314911, -16.4351654053, -9.71577262878, -0.780569493771, 56.6204376221, 110.574378967, 35.6607971191], [-152.290939331, 65.1954040527, -36.4164276123, -11.1417331696, 22.0205364227, -6.60286331177, 13.4804449081, 1.70313405991, -1.16246545315, 3.99940419197, 0.593044757843, 35.6607971191, 106.346298218]],
        "icov": [[0.000756959430873, 0.000622497871518, -0.000115741851914, -0.000856820086483, 0.000417604751419, -0.000354727380909, -4.76252680528e-05, -0.000289850053377, -0.000147292492329, -0.000114297268738, -0.000375803123461, 1.79513299372e-05, 0.000473912834423], [0.000622497871518, 0.00142333190888, 4.26687583968e-05, -0.00145129999146, 0.000409920554375, 0.00113641016651, -0.000719894189388, 0.000150450272486, -3.45739717886e-05, 3.97952098865e-05, -0.000723482691683, 0.000334744574502, -0.000154142398969], [-0.000115741851914, 4.26687583968e-05, 0.00153798854444, 6.57383570797e-05, -3.89124725189e-05, 0.000289240269922, 7.95932210167e-05, -0.000180607923539, 0.000397838884965, -7.38242670195e-05, 0.000650187314022, 0.00051723170327, 0.000190517428564], [-0.000856820086483, -0.00145129999146, 6.57383570797e-05, 0.00531100155786, -0.000670088687912, -0.000788104138337, -5.71261334699e-05, 0.00101007591002, 0.000254480313743, -0.00108106911648, 0.00283221318386, -5.30394245288e-05, 0.00036797602661], [0.000417604751419, 0.000409920554375, -3.89124725189e-05, -0.000670088687912, 0.0041317474097, -0.00155861838721, 0.000194269479834, -0.00112509611063, 0.000847994058859, -0.000806252413895, 0.000378815486329, 0.000860278960317, -0.00094672216801], [-0.000354727380909, 0.00113641016651, 0.000289240269922, -0.000788104138337, -0.00155861838721, 0.00995230488479, -0.00325269415043, 0.000860358239152, -0.00176175055094, -0.000312428048346, -0.000451241998235, -0.000348113797372, 0.000262752146227], [-4.76252680528e-05, -0.000719894189388, 7.95932210167e-05, -5.71261334699e-05, 0.000194269479834, -0.00325269415043, 0.00855340156704, -0.00432396214455, -0.000732940912712, 0.000430628453614, -0.000570246484131, 0.000505016534589, -0.00105313363019], [-0.000289850053377, 0.000150450272486, -0.000180607923539, 0.00101007591002, -0.00112509611063, 0.000860358239152, -0.00432396214455, 0.0115443682298, -0.00230818241835, 0.000760984490626, -0.00118462159298, 0.00185320375022, -0.000482393690618], [-0.000147292492329, -3.45739717886e-05, 0.000397838884965, 0.000254480313743, 0.000847994058859, -0.00176175055094, -0.000732940912712, -0.00230818241835, 0.0122820371762, -0.00499996403232, 0.00216971710324, -0.000119506468764, 0.000168326339917], [-0.000114297268738, 3.97952098865e-05, -7.38242670195e-05, -0.00108106911648, -0.000806252413895, -0.000312428048346, 0.000430628453614, 0.000760984490626, -0.00499996403232, 0.0128110945225, -0.0040106610395, 0.00159229233395, -0.00129385956097], [-0.000375803123461, -0.000723482691683, 0.000650187314022, 0.00283221318386, 0.000378815486329, -0.000451241998235, -0.000570246484131, -0.00118462159298, 0.00216971710324, -0.0040106610395, 0.0125449877232, -0.00600129645318, 0.00252652773634], [1.79513299372e-05, 0.000334744574502, 0.00051723170327, -5.30394245288e-05, 0.000860278960317, -0.000348113797372, 0.000505016534589, 0.00185320375022, -0.000119506468764, 0.00159229233395, -0.00600129645318, 0.0146192125976, -0.00523132970557], [0.000473912834423, -0.000154142398969, 0.000190517428564, 0.00036797602661, -0.00094672216801, 0.000262752146227, -0.00105313363019, -0.000482393690618, 0.000168326339917, -0.00129385956097, 0.00252652773634, -0.00523132970557, 0.0124243702739]]
    },
    "spectral_contrast_coeffs": {
        "max": [-0.338615804911, -0.410142123699, -0.451470196247, -0.522559046745, -0.638164758682, -0.53863966465],
        "mean": [-0.65849506855, -0.707268297672, -0.714567184448, -0.76071280241, -0.770320594311, -0.718499004841],
        "min": [-0.887985706329, -0.919673502445, -0.924682736397, -0.922577083111, -0.894038140774, -0.90510571003],
        "stdev": [0.0955383479595, 0.0849391371012, 0.0807340145111, 0.0592989102006, 0.0415734909475, 0.0536763593554]
    },
    "spectral_contrast_valleys": {
        "max": [-4.85688400269, -5.38264751434, -5.68918228149, -5.78788757324, -5.48887586594, -7.30320119858],
        "mean": [-7.21161603928, -6.69157648087, -7.43099021912, -7.81518745422, -8.00235366821, -11.2679653168],
        "min": [-10.0386142731, -9.11158275604, -9.12445163727, -9.91130828857, -9.99169063568, -12.9666604996],
        "stdev": [0.817738056183, 0.52095913887, 0.525766968727, 0.706182122231, 0.747662007809, 1.05322241783]
    }
},
"rhythm": {
    "beats_count": 109,
    "beats_loudness": {
        "max": 0.107691705227,
        "mean": 0.0310807712376,
        "min": 0.00256019923836,
        "stdev": 0.0229305140674
    },
    "bpm": 138.16645813,
    "bpm_histogram_first_peak_bpm": 140,
    "bpm_histogram_first_peak_weight": 0.519999980927,
    "bpm_histogram_second_peak_bpm": 133,
    "bpm_histogram_second_peak_spread": 0.391304314137,
    "bpm_histogram_second_peak_weight": 0.12962962687,
    "danceability": 1.02521383762,
    "onset_rate": 2.7890625,
    "beats_loudness_band_ratio": {
        "max": [0.879591107368, 0.847383081913, 0.808666169643, 0.656971395016, 0.654762506485, 0.691268026829],
        "mean": [0.197874173522, 0.296231895685, 0.302998274565, 0.158548474312, 0.0914650782943, 0.0418126136065],
        "min": [0.00160384073388, 0.0106720421463, 0.00943924393505, 0.008414670825, 0.00219702208415, 0.000976721057668],
        "stdev": [0.23020067811, 0.188900008798, 0.225322023034, 0.150216534734, 0.126320749521, 0.0898468568921]
    },
