{
"metadata": {
    "version": {
        "essentia": "2.1-beta5",
        "essentia_git_sha": "Undefined",
        "extractor": "music 2.0"
    },
    "audio_properties": {
        "analysis": {
            "equal_loudness": 0,
            "length": 21.5829486847,
            "sample_rate": 44100,
            "start_time": 158.998641968,
            "downmix": "mix"
        },
        "bit_rate": 192000,
        "length": 180.604812622,
        "lossless": 0,
        "number_channels": 2,
        "replay_gain": -0.768779754639,
        "sample_rate": 48000,
        "codec": "mp3",
        "md5_encoded": "cdd00bbcaf6935280e792baa124296eb"
    },
    "tags": {
        "file_name": "Hungary_Kinek Mondjam El Vétkeimet_Friderika Bayer.mp3",
        "encoding": ["Lavf58.29.100"]
    }
},
"lowlevel": {
    "average_loudness": 0.842790424824,
    "barkbands_crest": {
        "max": 23.318403244,
        "mean": 9.5502910614,
        "min": 3.04222035408,
        "stdev": 4.15878677368
    },
    "barkbands_flatness_db": {
        "max": 0.328923791647,
        "mean": 0.214894920588,
        "min": 0.0360260754824,
        "stdev": 0.0468619056046
    },
    "barkbands_kurtosis": {
        "max": 65.9659423828,
        "mean": 5.94993829727,
        "min": -1.69747412205,
        "stdev": 8.8457069397
    },
    "barkbands_skewness": {
        "max": 6.79463720322,
        "mean": 1.4326608181,
        "min": -2.01265478134,
        "stdev": 1.18840825558
    },
    "barkbands_spread": {
        "max": 94.9261550903,
        "mean": 9.65853786469,
        "min": 1.22685778141,
        "stdev": 7.19789981842
    },
    "dissonance": {
        "max": 0.499998420477,
        "mean": 0.436817705631,
        "min": 0.268601983786,
        "stdev": 0.0492171533406
    },
    "dynamic_complexity": 3.43051457405,
    "erbbands_crest": {
        "max": 28.1453590393,
        "mean": 10.7912712097,
        "min": 2.49613618851,
        "stdev": 4.62657308578
    },
    "erbbands_flatness_db": {
        "max": 0.351452052593,
        "mean": 0.252085119486,
        "min": 0.0721169635653,
        "stdev": 0.0313797965646
    },
    "erbbands_kurtosis": {
        "max": 31.6180419922,
        "mean": 2.39583849907,
        "min": -1.77702414989,
        "stdev": 3.79050850868
    },
    "erbbands_skewness": {
        "max": 4.65610265732,
        "mean": 0.893536925316,
        "min": -1.37405049801,
        "stdev": 0.909090816975
    },
    "erbbands_spread": {
        "max": 108.118621826,
        "mean": 19.209356308,
        "min": 4.74508047104,
        "stdev": 9.86801242828
    },
    "hfc": {
        "max": 86.5050735474,
        "mean": 14.586684227,
        "min": 1.15677238199e-16,
        "stdev": 14.568356514
    },
    "loudness_ebu128": {
        "integrated": -24.35871315,
        "loudness_range": 7.94562149048,
        "momentary": {
            "max": -18.8722076416,
            "mean": -25.5929298401,
            "min": -33.1397399902,
            "stdev": 3.41347503662
        },
        "short_term": {
            "max": -21.5767269135,
            "mean": -25.2990322113,
            "min": -30.0018482208,
            "stdev": 2.87954092026
        }
    },
    "melbands_crest": {
        "max": 34.2239227295,
        "mean": 12.2574052811,
        "min": 1.96197128296,
        "stdev": 5.16371917725
    },
    "melbands_flatness_db": {
        "max": 0.382626116276,
        "mean": 0.228933647275,
        "min": 0.00463334610686,
        "stdev": 0.0808718129992
    },
    "melbands_kurtosis": {
        "max": 88.3744735718,
        "mean": 7.92225122452,
        "min": -1.35829377174,
        "stdev": 10.6625957489
    },
    "melbands_skewness": {
        "max": 6.30472278595,
        "mean": 1.59915626049,
        "min": -0.439668744802,
        "stdev": 1.12127900124
    },
    "melbands_spread": {
        "max": 145.809753418,
        "mean": 15.4600868225,
        "min": 1.61548268795,
        "stdev": 14.2396278381
    },
    "pitch_salience": {
        "max": 0.917831122875,
        "mean": 0.616164505482,
        "min": 0.176861390471,
        "stdev": 0.131732031703
    },
    "silence_rate_20dB": {
        "max": 1,
        "mean": 1,
        "min": 1,
        "stdev": 0
    },
    "silence_rate_30dB": {
        "max": 1,
        "mean": 1,
        "min": 1,
        "stdev": 0
    },
    "silence_rate_60dB": {
        "max": 1,
        "mean": 0.0504833497107,
        "min": 0,
        "stdev": 0.218939855695
    },
    "spectral_centroid": {
        "max": 11471.7392578,
        "mean": 1030.24914551,
        "min": 262.701385498,
        "stdev": 1046.51867676
    },
    "spectral_complexity": {
        "max": 50,
        "mean": 17.1535987854,
        "min": 0,
        "stdev": 10.6412496567
    },
    "spectral_decrease": {
        "max": 1.49670961363e-28,
        "mean": -4.89384976987e-09,
        "min": -2.65901540786e-08,
        "stdev": 4.24182156067e-09
    },
    "spectral_energy": {
        "max": 0.106617711484,
        "mean": 0.0197935700417,
        "min": 1.0116608723e-20,
        "stdev": 0.0170022659004
    },
    "spectral_energyband_high": {
        "max": 0.00386200472713,
        "mean": 0.000214732295717,
        "min": 7.40666083092e-21,
        "stdev": 0.000388452695915
    },
    "spectral_energyband_low": {
        "max": 0.0161177963018,
        "mean": 0.00151358486619,
        "min": 1.21925079334e-23,
        "stdev": 0.0019158476498
    },
    "spectral_energyband_middle_high": {
        "max": 0.0608694031835,
        "mean": 0.00610824953765,
        "min": 1.324048882e-21,
        "stdev": 0.00807278417051
    },
    "spectral_energyband_middle_low": {
        "max": 0.102216638625,
        "mean": 0.0130718294531,
        "min": 2.38518721125e-22,
        "stdev": 0.0141306053847
    },
    "spectral_entropy": {
        "max": 9.81956005096,
        "mean": 7.08383655548,
        "min": 5.82237100601,
        "stdev": 0.618426322937
    },
    "spectral_flux": {
        "max": 0.213690117002,
        "mean": 0.056949287653,
        "min": 6.52976908655e-11,
        "stdev": 0.032853230834
    },
    "spectral_kurtosis": {
        "max": 28.9550743103,
        "mean": 7.67561531067,
        "min": -1.23069703579,
        "stdev": 5.72342538834
    },
    "spectral_rms": {
        "max": 0.0101988865063,
        "mean": 0.00402078125626,
        "min": 3.14163365461e-12,
        "stdev": 0.00177316495683
    },
    "spectral_rolloff": {
        "max": 19401.4160156,
        "mean": 1311.76794434,
        "min": 236.865234375,
        "stdev": 1811.91149902
    },
    "spectral_skewness": {
        "max": 4.07774353027,
        "mean": 2.01827120781,
        "min": -0.0397300980985,
        "stdev": 0.71022105217
    },
    "spectral_spread": {
        "max": 42060104,
        "mean": 3237225.5,
        "min": 1570372.625,
        "stdev": 3099073.25
    },
    "spectral_strongpeak": {
        "max": 6.73791694641,
        "mean": 1.10582840443,
        "min": 0,
        "stdev": 0.95489615202
    },
    "zerocrossingrate": {
        "max": 0.5673828125,
        "mean": 0.0492183305323,
        "min": 0.00927734375,
        "stdev": 0.0512702390552
    },
    "barkbands": {
        "max": [6.32847149973e-05, 0.00505428714678, 0.00600339565426, 0.0337215699255, 0.03628828004, 0.0530449226499, 0.0521960407495, 0.021200818941, 0.0805301368237, 0.0425355955958, 0.00559892924502, 0.00732650142163, 0.00755326915532, 0.00745921488851, 0.00391135178506, 0.00354488426819, 0.00384680414572, 0.00331437191926, 0.00173571228515, 0.00150310993195, 0.00142438896, 0.00142245180905, 0.00067667971598, 0.000987654551864, 2.68803378276e-05, 2.64514852688e-07, 2.83209203644e-07],
        "mean": [1.67021323705e-06, 0.000225446172408, 0.000524825823959, 0.00203485018574, 0.00248273415491, 0.00321653857827, 0.00167822674848, 0.000898901256733, 0.00213846797124, 0.00264655752108, 0.000545624701772, 0.000565066700801, 0.000649734109174, 0.000526330317371, 0.000509086006787, 0.000342576619005, 0.000283307395875, 0.000159241986694, 0.000110768880404, 7.5128293247e-05, 6.38398123556e-05, 5.22159789398e-05, 3.71616770281e-05, 2.42858077399e-05, 9.89129375739e-07, 1.44883971487e-09, 1.38188960275e-09],
        "min": [2.99315639445e-24, 1.13634378017e-24, 9.05744157573e-25, 3.29338245826e-24, 2.95150477531e-23, 1.80800734807e-23, 2.22997709266e-23, 2.28481318076e-23, 2.89092183551e-23, 3.89100466573e-23, 1.55174604078e-23, 3.58054214559e-23, 5.83676290507e-23, 5.92823921564e-23, 7.67029463659e-23, 6.33536086249e-23, 1.19787594446e-22, 1.66833150998e-22, 2.13608563709e-22, 2.69137303243e-22, 3.19684859477e-22, 4.16590804994e-22, 5.53644545172e-22, 6.32981737914e-22, 1.0630813757e-21, 1.48782993647e-21, 2.16444812751e-21],
        "stdev": [2.82633595816e-06, 0.000641253020149, 0.000826186384074, 0.0043791863136, 0.00397273898125, 0.00598086649552, 0.00369994179346, 0.00173503241967, 0.00566732417792, 0.00505321705714, 0.000761098053772, 0.00083570642164, 0.000936109456234, 0.000948657281697, 0.00062733120285, 0.00053742073942, 0.000486545002786, 0.000331530405674, 0.000218215252971, 0.000146210077219, 0.000119455238746, 0.000116896706459, 6.72081296216e-05, 4.73068575957e-05, 1.77548940883e-06, 1.17729754834e-08, 1.1107839093e-08]
    },
    "erbbands": {
        "max": [0.0752295255661, 1.35139465332, 5.54528665543, 44.0197906494, 140.7865448, 154.750686646, 407.313079834, 610.823669434, 646.983642578, 380.774841309, 564.760620117, 2454.41162109, 1451.64245605, 1374.18945312, 221.527923584, 315.319671631, 327.866088867, 377.102966309, 299.393890381, 158.219909668, 199.056747437, 210.951507568, 151.689605713, 93.4605255127, 76.9017333984, 63.5975418091, 50.0575752258, 60.8571205139, 48.6739845276, 29.102312088, 18.6241455078, 17.9687099457, 18.2636814117, 1.42548906803, 0.0388850197196, 0.00270406389609, 0.000494677689858, 0.000176630419446, 5.31008699909e-05, 0.000122224359075],
        "mean": [0.00339720118791, 0.0703479275107, 0.524830341339, 3.62427020073, 7.58658695221, 7.54943370819, 19.9050769806, 26.9759178162, 26.0867404938, 16.5066223145, 26.8161354065, 51.1164894104, 58.5540237427, 76.4046630859, 26.7965831757, 23.7260932922, 30.1465606689, 28.4929275513, 29.6688041687, 20.823299408, 18.2241439819, 15.9080123901, 9.84431838989, 6.11451911926, 5.09552049637, 3.6351017952, 2.71653151512, 2.45700931549, 1.89372193813, 1.46607577801, 0.967202246189, 0.601430416107, 0.337339252234, 0.0377638377249, 0.00103488261811, 8.60955624375e-05, 2.01032689802e-05, 5.47108402316e-06, 1.11634308269e-05, 2.33616246987e-05],
        "min": [1.19266087968e-22, 2.25085366542e-22, 1.55000812972e-21, 1.09688995986e-20, 1.72954434953e-20, 6.52255952935e-20, 1.02633746359e-19, 1.47439153923e-19, 2.16040188953e-19, 6.4181838117e-19, 5.91555423333e-19, 5.21525743987e-19, 1.1803147694e-18, 1.09874256009e-18, 9.2026510804e-19, 1.32537867419e-18, 2.84908361962e-18, 2.7428891386e-18, 4.4658447296e-18, 3.87022464413e-18, 4.08990851198e-18, 7.62828442438e-18, 9.50106186305e-18, 1.19811842588e-17, 1.0386907779e-17, 1.31194211776e-17, 1.02433638186e-17, 1.46284608312e-17, 1.44922837413e-17, 1.05870284118e-17, 1.7647019903e-17, 1.47517090881e-17, 1.02812098132e-17, 9.57346580925e-18, 8.11563111716e-18, 4.97596618618e-18, 2.87097226619e-18, 1.02107629763e-18, 3.13275373356e-19, 3.06610294485e-20],
        "stdev": [0.0103386659175, 0.173161000013, 0.75793504715, 6.20642328262, 17.2514057159, 14.5792446136, 33.7592468262, 60.2640724182, 51.1432418823, 31.1748104095, 50.6603012085, 154.383132935, 135.83821106, 134.760543823, 31.4969387054, 34.9017753601, 41.9971961975, 49.830581665, 38.4455528259, 29.5090808868, 28.1834812164, 26.9210586548, 19.1025161743, 11.2325935364, 9.88314247131, 7.03285932541, 5.0003156662, 4.89127969742, 4.19371366501, 3.10290074348, 1.64686274529, 1.04878151417, 0.760422110558, 0.0712828785181, 0.00191617116798, 0.000142141681863, 3.10398609145e-05, 9.78168191068e-06, 9.26850862015e-06, 1.97503813979e-05]
    },
    "gfcc": {
        "mean": [-86.6477966309, 141.696166992, -169.162002563, 21.7085762024, -88.0601272583, 4.86871671677, -35.8175849915, -21.1807613373, -0.797310292721, -28.0830116272, 4.14005327225, -23.4750061035, 5.50803613663],
        "cov": [[15663.9902344, 940.310058594, -3201.12036133, 25.2304840088, -729.891174316, 288.801727295, -96.7357711792, 68.4311065674, 49.4657020569, -363.711486816, 23.7882919312, -298.88873291, 97.5373306274], [940.310058594, 2059.203125, 1178.78479004, -29.6646289825, -33.2395133972, -434.468963623, -133.115509033, -464.943023682, -199.236572266, -302.505584717, -86.2780685425, -227.914123535, -48.0464134216], [-3201.12036133, 1178.78479004, 1974.67004395, 223.191055298, 38.9961395264, -352.105804443, -105.733985901, -326.886260986, -101.298171997, -68.6049423218, -56.5081863403, -71.9011306763, -71.3903427124], [25.2304840088, -29.6646289825, 223.191055298, 341.590881348, -45.1078491211, 60.0584449768, 19.4036273956, 32.4820976257, 92.0396652222, 62.7759971619, 26.6432628632, 24.6379585266, -32.4338150024], [-729.891174316, -33.2395133972, 38.9961395264, -45.1078491211, 241.760070801, 35.1500663757, 95.3187942505, 49.1586914062, -15.2464227676, -3.37943720818, -13.8316555023, 5.34959793091, -25.617641449], [288.801727295, -434.468963623, -352.105804443, 60.0584449768, 35.1500663757, 256.802978516, 117.379554749, 167.331253052, 79.5366744995, 66.6029434204, 32.4528198242, 45.8974075317, 3.73906612396], [-96.7357711792, -133.115509033, -105.733985901, 19.4036273956, 95.3187942505, 117.379554749, 179.131195068, 113.5806427, 39.6108779907, 28.5423736572, 2.5391292572, 15.2352313995, -7.82374286652], [68.4311065674, -464.943023682, -326.886260986, 32.4820976257, 49.1586914062, 167.331253052, 113.5806427, 232.157623291, 102.735794067, 83.5497283936, 38.0638656616, 47.2828330994, 13.1030683517], [49.4657020569, -199.236572266, -101.298171997, 92.0396652222, -15.2464227676, 79.5366744995, 39.6108779907, 102.735794067, 122.161849976, 80.553855896, 33.1090812683, 37.9116859436, -0.598558783531], [-363.711486816, -302.505584717, -68.6049423218, 62.7759971619, -3.37943720818, 66.6029434204, 28.5423736572, 83.5497283936, 80.553855896, 126.534912109, 53.8781547546, 52.8781394958, 5.35345840454], [23.7882919312, -86.2780685425, -56.5081863403, 26.6432628632, -13.8316555023, 32.4528198242, 2.5391292572, 38.0638656616, 33.1090812683, 53.8781547546, 66.3447418213, 39.1426467896, 6.52888631821], [-298.88873291, -227.914123535, -71.9011306763, 24.6379585266, 5.34959793091, 45.8974075317, 15.2352313995, 47.2828330994, 37.9116859436, 52.8781394958, 39.1426467896, 78.9291534424, 17.3886566162], [97.5373306274, -48.0464134216, -71.3903427124, -32.4338150024, -25.617641449, 3.73906612396, -7.82374286652, 13.1030683517, -0.598558783531, 5.35345840454, 6.52888631821, 17.3886566162, 49.6821327209]],
        "icov": [[0.000673473346978, -0.00199436070397, 0.00215459638275, -0.00149408413563, 0.00143931654748, -0.00063932989724, 0.000922661623918, -0.00172977359034, 0.0016023387434, -0.00107329164166, 0.00152070552576, -0.000536531675607, 0.00038444888196], [-0.00199436070397, 0.00966796372086, -0.00762535538524, 0.00458767218515, -0.00493715703487, 0.00365628115833, -0.00581490527838, 0.0107000730932, -0.0103469518945, 0.0115401018411, -0.0132769597694, 0.00966962426901, -0.00426357798278], [0.00215459638275, -0.00762535538524, 0.00830413214862, -0.00584177300334, 0.00429773563519, -0.00139049289282, 0.0035245961044, -0.00639651995152, 0.00723248720169, -0.00665689911693, 0.00792096648365, -0.00425874209031, 0.00233144382946], [-0.00149408413563, 0.00458767218515, -0.00584177300334, 0.00872233230621, -0.0017643943429, -0.000469516788144, -0.00218994682655, 0.00460923090577, -0.00743573624641, 0.00282200356014, -0.00390983885154, 0.000758976850193, 0.00208929996006], [0.00143931654748, -0.00493715703487, 0.00429773563519, -0.0017643943429, 0.0100624943152, -0.00145074573811, -0.000561149790883, -0.00674496637657, 0.00686795078218, -0.00409090798348, 0.00644319504499, -0.00507525121793, 0.00586485629901], [-0.00063932989724, 0.00365628115833, -0.00139049289282, -0.000469516788144, -0.00145074573811, 0.0114351417869, -0.0057976138778, 0.000769195787143, -0.003259945428, 0.00453684153035, -0.00566630670801, 0.00267086573876, -0.000956334173679], [0.000922661623918, -0.00581490527838, 0.0035245961044, -0.00218994682655, -0.000561149790883, -0.0057976138778, 0.015169005841, -0.0104906810448, 0.00671824300662, -0.00797786563635, 0.010861588642, -0.00664147455245, 0.00334039656445], [-0.00172977359034, 0.0107000730932, -0.00639651995152, 0.00460923090577, -0.00674496637657, 0.000769195787143, -0.0104906810448, 0.0270827729255, -0.0198247842491, 0.013562082313, -0.0184544660151, 0.014488670975, -0.00911532808095], [0.0016023387434, -0.0103469518945, 0.00723248720169, -0.00743573624641, 0.00686795078218, -0.003259945428, 0.00671824300662, -0.0198247842491, 0.0346240438521, -0.02314196527, 0.0189471933991, -0.0152224563062, 0.00820826087147], [-0.00107329164166, 0.0115401018411, -0.00665689911693, 0.00282200356014, -0.00409090798348, 0.00453684153035, -0.00797786563635, 0.013562082313, -0.02314196527, 0.0396591611207, -0.0305630583316, 0.0147066470236, -0.00742318620905], [0.00152070552576, -0.0132769597694, 0.00792096648365, -0.00390983885154, 0.00644319504499, -0.00566630670801, 0.010861588642, -0.0184544660151, 0.0189471933991, -0.0305630583316, 0.051046486944, -0.028495837003, 0.010117419064], [-0.000536531675607, 0.00966962426901, -0.00425874209031, 0.000758976850193, -0.00507525121793, 0.00267086573876, -0.00664147455245, 0.014488670975, -0.0152224563062, 0.0147066470236, -0.028495837003, 0.0407758690417, -0.0151993893087], [0.00038444888196, -0.00426357798278, 0.00233144382946, 0.00208929996006, 0.00586485629901, -0.000956334173679, 0.00334039656445, -0.00911532808095, 0.00820826087147, -0.00742318620905, 0.010117419064, -0.0151993893087, 0.0308792274445]]
    },
    "melbands": {
        "max": [0.00111368112266, 0.00198489381, 0.0124489525333, 0.00996468868107, 0.0106365866959, 0.0120089538395, 0.0108696660027, 0.00331767974421, 0.00492512667552, 0.0137411970645, 0.00732155423611, 0.00621788296849, 0.000738393457141, 0.000724439974874, 0.000665791914798, 0.000792542588897, 0.0007943486562, 0.000588892027736, 0.000319813931128, 0.000242355337832, 0.000260105036432, 0.000243539237999, 0.00032426090911, 8.01904825494e-05, 8.11357240309e-05, 8.06707321317e-05, 5.3545441915e-05, 4.54189103039e-05, 3.76503230655e-05, 2.30493824347e-05, 4.48146493e-05, 3.0449256883e-05, 2.15016025322e-05, 1.74682863872e-05, 8.89455805009e-06, 1.62344513228e-05, 8.81501000549e-06, 1.52982775035e-05, 5.4504180298e-06, 6.77201583699e-08],
        "mean": [4.85264790768e-05, 0.00023338997562, 0.000788368866779, 0.000520229456015, 0.000624554988462, 0.000585877336562, 0.000400860211812, 0.000167773498106, 0.000238808715949, 0.000322643812979, 0.000295620382531, 0.00032924846164, 8.35031678434e-05, 6.79598524584e-05, 6.04037777521e-05, 6.5785679908e-05, 5.06436408614e-05, 4.73833933938e-05, 3.38871213899e-05, 2.4467410185e-05, 2.03466788662e-05, 1.69230643223e-05, 1.31349115691e-05, 6.107025456e-06, 4.77315961689e-06, 4.06620529247e-06, 3.03557317238e-06, 2.23749907491e-06, 1.72833540546e-06, 1.52607708515e-06, 1.38218774737e-06, 1.11925601232e-06, 8.82148299297e-07, 7.90886360846e-07, 5.94277821619e-07, 4.23012522788e-07, 3.43581035622e-07, 2.7135948244e-07, 1.18476997102e-07, 2.87499646312e-09],
        "min": [1.8011518707e-24, 9.76964886679e-25, 3.69397411176e-24, 3.95161371682e-24, 4.266757732e-24, 3.41751031335e-24, 4.58281919241e-24, 6.34499206528e-24, 6.5462951688e-24, 3.94367698725e-24, 5.61645456462e-24, 4.48680890379e-24, 2.25699435592e-24, 4.05511147873e-24, 5.00410247024e-24, 5.85513705327e-24, 5.03905531923e-24, 6.33367901104e-24, 6.11757490479e-24, 4.93981503963e-24, 4.44092283709e-24, 7.21717561476e-24, 8.58324683319e-24, 8.69585199424e-24, 9.05165508377e-24, 6.57635155815e-24, 8.48443332734e-24, 8.10123309858e-24, 5.52894701327e-24, 6.12040730987e-24, 7.07098548952e-24, 8.01370424798e-24, 6.91065582142e-24, 5.69086268622e-24, 8.37229911625e-24, 1.0375141224e-23, 7.78321092439e-24, 7.19976939888e-24, 6.08408223734e-24, 8.2227373995e-24],
        "stdev": [0.000147632905282, 0.000314265751513, 0.00156311516184, 0.000981757533737, 0.000979670672677, 0.00123142497614, 0.000820001354441, 0.000294284720439, 0.000491200364195, 0.000915775541216, 0.000680760364048, 0.000591132091358, 0.000106574647361, 9.22962644836e-05, 9.33220871957e-05, 9.52729751589e-05, 9.66662555584e-05, 6.48608984193e-05, 4.48208957096e-05, 3.87633190257e-05, 3.25498840539e-05, 2.95605150313e-05, 3.06200163323e-05, 1.06071574919e-05, 9.22036451811e-06, 8.35691389511e-06, 6.03354919804e-06, 4.47429374617e-06, 3.31132059728e-06, 2.75182901532e-06, 3.02367152472e-06, 2.54088308793e-06, 1.96517430595e-06, 1.69977556652e-06, 1.04108744381e-06, 8.01710712039e-07, 5.90745344198e-07, 6.33506545e-07, 2.44818608053e-07, 5.47726708433e-09]
    },
    "melbands128": {
        "max": [3.43290885212e-05, 0.000222166243475, 0.00175592082087, 0.00249019963667, 0.00279998686165, 0.00313390488736, 0.00969054829329, 0.0232609175146, 0.0159178115427, 0.016777869314, 0.0120900357142, 0.00780455814674, 0.0166499838233, 0.0224788896739, 0.0154780875891, 0.019197139889, 0.00322205387056, 0.0187437478453, 0.0140910763294, 0.00409348029643, 0.00136466871481, 0.00662844348699, 0.00548807624727, 0.0154928844422, 0.0310321822762, 0.0118736410514, 0.00817887112498, 0.0133340377361, 0.00517842778936, 0.0135229025036, 0.00528508285061, 0.00111865147483, 0.0010199501412, 0.00117714260705, 0.00120873737615, 0.000932342256419, 0.00153162877541, 0.00107208068948, 0.000971771660261, 0.000901853782125, 0.000925433938392, 0.00081992225023, 0.00142066937406, 0.00139054481406, 0.000776089611463, 0.000679265707731, 0.000601469422691, 0.000484943971969, 0.000322929088725, 0.000308841641527, 0.000309932802338, 0.000335954478942, 0.000393718248233, 0.000269933516392, 0.00039094380918, 0.000318948965287, 0.000195745567908, 0.000724120764062, 0.000413135509007, 0.000115720460599, 0.000127566381707, 9.22530452954e-05, 0.000104977341834, 0.000152902503032, 0.000211902297451, 0.000120025521028, 0.000102555000922, 5.44712274859e-05, 0.00011583527521, 5.16284999321e-05, 5.01210452057e-05, 4.45963087259e-05, 7.28509912733e-05, 4.67309364467e-05, 2.74207886832e-05, 2.85332243948e-05, 2.65732633125e-05, 3.42186140188e-05, 6.49380599498e-05, 5.30858342245e-05, 3.59512414434e-05, 2.97170627164e-05, 4.24688732892e-05, 2.68150233751e-05, 1.62588185049e-05, 3.20277868013e-05, 2.74250305665e-05, 2.0123889044e-05, 7.91195270722e-06, 1.00198649307e-05, 1.30085654746e-05, 2.62580979324e-05, 7.91823640611e-06, 5.4645970522e-06, 9.86608120002e-06, 1.54367426148e-05, 1.77780402737e-05, 1.55921952683e-05, 5.32977264811e-06, 1.04076468688e-06, 1.71959264605e-08, 2.74231504171e-09, 2.50850096251e-09, 2.33918706627e-09, 2.21073737094e-09, 2.09883488367e-09, 1.98163552234e-09, 1.89762894287e-09, 1.81160941803e-09, 1.71557046347e-09, 1.6736138031e-09, 1.59003366029e-09, 1.56743262814e-09, 1.50353030026e-09, 1.46500256371e-09, 1.40257772063e-09, 1.36233380132e-09, 1.33594568741e-09, 1.28951516132e-09, 1.24724253148e-09, 1.2274236072e-09, 1.18189813492e-09, 1.18122578385e-09, 1.15747866847e-09, 1.13269393864e-09, 1.1219835061e-09, 1.11284137461e-09, 1.10623721294e-09],
        "mean": [1.11796646252e-06, 1.00384513644e-05, 7.23892953829e-05, 0.00011445554992, 0.000200958922505, 0.000274074729532, 0.000638041819911, 0.00116496963892, 0.000733415363356, 0.000453429471236, 0.000357984186849, 0.000487010780489, 0.000714011548553, 0.000774992571678, 0.000697420502547, 0.000460006209323, 0.000239513319684, 0.000591268995777, 0.000317322002957, 0.000136259317514, 9.34469644562e-05, 0.000196538036107, 0.000255403807387, 0.000260830594925, 0.00038889030111, 0.000308263697661, 0.000291934295092, 0.000288858514978, 0.000226141593885, 0.000578808947466, 0.000259197375271, 6.9651803642e-05, 9.1844034614e-05, 7.44685530663e-05, 7.47464946471e-05, 6.39573554508e-05, 5.9892590798e-05, 5.16658401466e-05, 7.14694251656e-05, 6.86067287461e-05, 6.67815329507e-05, 5.58849460504e-05, 5.04233976244e-05, 5.07586810272e-05, 4.0986968088e-05, 4.76144741697e-05, 5.66695525777e-05, 3.17512203765e-05, 2.49214972428e-05, 2.84973848466e-05, 2.33645241678e-05, 2.18745026359e-05, 2.29490615311e-05, 1.84675009223e-05, 1.74213473656e-05, 1.89683905774e-05, 1.29571571961e-05, 1.71735900949e-05, 1.22261726574e-05, 6.9158891165e-06, 6.02541649641e-06, 5.18375372849e-06, 5.00270516568e-06, 4.51066534879e-06, 4.74812304674e-06, 3.83353381039e-06, 4.13019461121e-06, 3.19877995025e-06, 2.83069562101e-06, 2.63227616415e-06, 2.42844839704e-06, 1.89972831777e-06, 1.79650714927e-06, 1.8343866941e-06, 1.42575822792e-06, 1.51910046498e-06, 1.60587626397e-06, 1.45588114719e-06, 1.32703632971e-06, 1.36265191486e-06, 1.14963722808e-06, 1.06999470972e-06, 9.10273456611e-07, 8.7256222514e-07, 8.35993489545e-07, 8.16742101506e-07, 7.90679678175e-07, 7.2535902973e-07, 6.02099817115e-07, 4.73310564075e-07, 4.5672678084e-07, 3.97010552433e-07, 3.92335067545e-07, 3.32267831027e-07, 3.31250419094e-07, 3.06375795844e-07, 2.66433318075e-07, 2.12119402931e-07, 1.5764075556e-07, 4.30994226974e-08, 2.33476071809e-10, 1.25257009626e-11, 1.15607913867e-11, 1.10622214514e-11, 1.092346439e-11, 1.05915666862e-11, 9.95989315328e-12, 1.13884795691e-11, 1.17357599333e-11, 9.1512439987e-12, 8.90822051541e-12, 8.80241886325e-12, 8.18384162521e-12, 7.64680246207e-12, 7.61041403508e-12, 7.24189675241e-12, 7.43625300226e-12, 6.71287071069e-12, 6.93198796975e-12, 6.66845441713e-12, 6.62105353183e-12, 6.77063353299e-12, 5.84092062911e-12, 4.62843825766e-12, 4.31226755693e-12, 3.92345964745e-12, 3.71370859412e-12, 3.66727958764e-12],
        "min": [1.13424826978e-24, 8.65529310523e-25, 5.54204614721e-25, 1.73571807729e-25, 6.41084380707e-25, 3.86787475123e-25, 1.79511195718e-24, 1.7601604887e-24, 4.95657675614e-25, 3.54103212604e-24, 1.85793506474e-24, 3.20505330828e-24, 1.92080372901e-24, 3.1810271689e-24, 2.74727555004e-24, 2.33526518424e-25, 2.07802706008e-24, 1.09652158864e-24, 5.88291679005e-24, 4.98972824125e-24, 4.56827220289e-24, 2.41538224291e-24, 2.81566347963e-24, 4.39420254997e-24, 7.86494421113e-25, 1.37630392766e-24, 4.6290858845e-24, 4.84237967378e-24, 5.46827493219e-24, 4.60231470639e-24, 2.49993610182e-24, 2.00431491102e-24, 1.89121947291e-24, 3.05007369484e-24, 1.682958419e-24, 6.79040768288e-25, 2.44080111621e-24, 3.17193712469e-24, 4.68124536756e-24, 5.02641697866e-24, 3.08069490859e-24, 4.91367100594e-24, 3.46707602174e-24, 2.38033611112e-24, 1.52676110014e-24, 5.15269349364e-24, 7.83745615567e-24, 4.54979392505e-24, 1.92884577151e-24, 3.1080048787e-24, 3.74313986768e-24, 2.40434055682e-24, 2.33609974978e-24, 2.05557686758e-24, 3.0619880583e-24, 8.34427009942e-24, 4.97115648339e-24, 3.88801220077e-24, 7.08874827053e-24, 3.99440981536e-24, 5.3043421419e-24, 7.81985430229e-24, 8.56082030652e-24, 3.22886132761e-24, 5.19991983502e-24, 5.5413337072e-24, 3.33083382696e-24, 6.60477934416e-24, 1.02700436521e-23, 9.21381254259e-24, 6.06467980894e-24, 4.75755109406e-24, 4.18135683369e-24, 3.83070540031e-24, 6.9121475574e-24, 4.2984687571e-24, 7.23063042636e-24, 6.64662565417e-24, 4.48639751283e-24, 5.31831523512e-24, 4.89833002791e-24, 7.15204094754e-24, 3.15654684286e-24, 5.6127058976e-24, 5.34116143579e-24, 3.61229663692e-24, 5.95893142688e-24, 5.78745475976e-24, 5.13776193442e-24, 6.29701038958e-24, 1.07370611409e-23, 8.14514267428e-24, 6.33089393762e-24, 7.44627817657e-24, 7.38159237121e-24, 6.10986852261e-24, 6.31904682454e-24, 6.06546196453e-24, 5.80557252817e-24, 5.33799692027e-24, 7.38843258412e-24, 6.1785400477e-24, 8.63071101614e-24, 6.09866433117e-24, 6.20344280876e-24, 7.02171718169e-24, 4.68645500498e-24, 6.28188516502e-24, 7.44386505106e-24, 8.47896099924e-24, 9.93117977283e-24, 8.19516749973e-24, 5.56318949301e-24, 7.82928434555e-24, 8.36866167861e-24, 5.96909116648e-24, 5.76343118418e-24, 6.62933540085e-24, 5.14775680209e-24, 7.24529061742e-24, 6.81216890399e-24, 7.82677892332e-24, 7.47076678565e-24, 8.45262803336e-24, 7.30158452048e-24, 7.35621313816e-24, 8.18736329879e-24, 8.9873668643e-24],
        "stdev": [1.72772365659e-06, 2.95707595797e-05, 0.00025436154101, 0.000303471228108, 0.000371871021343, 0.00044166733278, 0.00103070761543, 0.00293719838373, 0.00187661033124, 0.00131160451565, 0.000892181356903, 0.000896856421605, 0.00147337652743, 0.0016141050728, 0.00164747110102, 0.00167869008146, 0.00037492509, 0.00144992605783, 0.00086630723672, 0.00042066318565, 0.000140936943353, 0.000462501106085, 0.000559035572223, 0.000999215291813, 0.00174654158764, 0.000888394308276, 0.000822120346129, 0.00107041245792, 0.000494989624713, 0.00111579766963, 0.000536574516445, 0.000125667516841, 0.000141948912642, 0.00012965805945, 0.000116105657071, 0.00010468212713, 0.000120183671243, 0.000108335174446, 0.000112020163215, 0.000107998217572, 0.000120108539704, 0.000103658174339, 0.000115232127428, 0.000125690698042, 7.3738352512e-05, 7.45511279092e-05, 7.87041863077e-05, 5.53006284463e-05, 4.31590306107e-05, 4.78538386233e-05, 4.37262533524e-05, 4.07896295656e-05, 4.07845618611e-05, 3.4253760532e-05, 3.53443319909e-05, 4.0389244532e-05, 2.51134588325e-05, 5.10258360009e-05, 3.35860459018e-05, 1.43169454532e-05, 1.15044176709e-05, 9.45388728724e-06, 1.018443254e-05, 1.05039343907e-05, 1.21884531836e-05, 8.82552922121e-06, 9.6428912002e-06, 6.57767350276e-06, 7.23165294403e-06, 5.50404183741e-06, 5.25738641954e-06, 4.1317571231e-06, 4.08570622312e-06, 3.76074672204e-06, 2.9162622468e-06, 2.92696631732e-06, 3.1060578749e-06, 3.11415556098e-06, 3.4372844766e-06, 3.33637149197e-06, 2.94439360005e-06, 2.40385543293e-06, 2.36330379266e-06, 2.05961327993e-06, 1.85420492471e-06, 2.04575258067e-06, 1.81807013178e-06, 1.71496856183e-06, 1.08243420982e-06, 8.23609013878e-07, 8.31470288176e-07, 1.04084199393e-06, 7.02688566889e-07, 5.43641874629e-07, 6.46170633445e-07, 7.14990846973e-07, 6.95053302024e-07, 5.92210199102e-07, 2.93375052252e-07, 7.61006262451e-08, 9.16316356125e-10, 1.01800456953e-10, 9.77947098302e-11, 9.35969843296e-11, 9.45262756957e-11, 9.23030124556e-11, 8.50605350045e-11, 8.75123862265e-11, 7.67452490447e-11, 7.83626358247e-11, 7.69668564993e-11, 7.69133923217e-11, 6.98987465131e-11, 6.36205255145e-11, 6.45283895762e-11, 6.04942276827e-11, 6.49347797754e-11, 5.49330129995e-11, 5.8072047171e-11, 5.50705418767e-11, 5.60635114721e-11, 5.90385240695e-11, 4.64156699187e-11, 3.8109730649e-11, 3.72895291034e-11, 3.69460191607e-11, 3.66501932969e-11, 3.64337518488e-11]
    },
    "mfcc": {
        "mean": [-694.880432129, 146.926269531, -20.1171073914, 1.84465396404, -20.7508411407, 3.51999521255, -22.796705246, 0.566801249981, -13.9658069611, 4.0914850235, -15.9005069733, 0.724739134312, -13.8311738968],
        "cov": [[7622.44287109, -489.019134521, -2046.29833984, -578.071533203, -342.651184082, -9.3746175766, 120.448471069, 388.949035645, 199.844863892, 282.608734131, 29.5198192596, 92.9554977417, -96.1399459839], [-489.019134521, 2163.15405273, 1012.82818604, 377.968444824, 99.5233306885, -46.985584259, -53.4511756897, -225.332458496, -223.01499939, -169.676300049, -262.707336426, -283.105621338, -185.640640259], [-2046.29833984, 1012.82818604, 1513.97949219, 542.678710938, 132.079666138, 39.4217414856, -136.889862061, -205.031509399, -148.716064453, -113.742073059, -70.4437484741, -81.5249862671, -36.822101593], [-578.071533203, 377.968444824, 542.678710938, 344.134033203, 70.0798873901, 41.9629478455, -53.5099601746, -57.3485679626, -48.6426887512, -36.59815979, 6.8087143898, -6.83071708679, -7.06340408325], [-342.651184082, 99.5233306885, 132.079666138, 70.0798873901, 112.356651306, 11.2932863235, 6.43162631989, -10.443646431, -8.09440326691, -20.525894165, 11.7656002045, 8.06395530701, 8.76877880096], [-9.3746175766, -46.985584259, 39.4217414856, 41.9629478455, 11.2932863235, 112.501113892, 25.2066383362, 40.7424316406, 14.060587883, 13.9172286987, 28.3520240784, 32.1320266724, 11.1451044083], [120.448471069, -53.4511756897, -136.889862061, -53.5099601746, 6.43162631989, 25.2066383362, 136.262008667, 69.6111526489, 42.8975601196, 35.7448501587, 28.9192962646, -14.4474592209, 1.64294338226], [388.949035645, -225.332458496, -205.031509399, -57.3485679626, -10.443646431, 40.7424316406, 69.6111526489, 151.547302246, 76.4120025635, 65.9481430054, 54.0838088989, 41.4142951965, 7.82450675964], [199.844863892, -223.01499939, -148.716064453, -48.6426887512, -8.09440326691, 14.060587883, 42.8975601196, 76.4120025635, 104.831474304, 62.6367721558, 51.5672264099, 39.1784896851, 22.2708110809], [282.608734131, -169.676300049, -113.742073059, -36.59815979, -20.525894165, 13.9172286987, 35.7448501587, 65.9481430054, 62.6367721558, 106.22882843, 47.8067932129, 25.0648536682, 10.9396600723], [29.5198192596, -262.707336426, -70.4437484741, 6.8087143898, 11.7656002045, 28.3520240784, 28.9192962646, 54.0838088989, 51.5672264099, 47.8067932129, 138.88067627, 78.4306182861, 48.7629318237], [92.9554977417, -283.105621338, -81.5249862671, -6.83071708679, 8.06395530701, 32.1320266724, -14.4474592209, 41.4142951965, 39.1784896851, 25.0648536682, 78.4306182861, 141.099411011, 61.2211761475], [-96.1399459839, -185.640640259, -36.822101593, -7.06340408325, 8.76877880096, 11.1451044083, 1.64294338226, 7.82450675964, 22.2708110809, 10.9396600723, 48.7629318237, 61.2211761475, 86.3310165405]],
        "icov": [[0.000314622942824, -0.000266251270659, 0.000600206374656, -0.000272340868833, 0.000530782097485, -8.05212330306e-05, 0.000337757082889, -0.000340720172971, 8.61694934429e-05, -0.000511260703206, 2.92878994514e-05, -0.000350573245669, 0.000267116440227], [-0.000266251270659, 0.00137075432576, -0.000916869146749, -0.000312921940349, -0.000780189817306, 0.000378914352041, -0.00099858851172, 0.000475705048302, 0.000592708238401, 0.000548568845261, 0.000994136906229, 0.000939741672482, 0.000790276273619], [0.000600206374656, -0.000916869146749, 0.00315761589445, -0.00282830744982, 0.000533935730346, -0.000683676218614, 0.00126655690838, 0.000452394364402, 0.000165111196111, -0.00121753604617, 3.53273499059e-05, -0.000317061523674, 9.77137606242e-05], [-0.000272340868833, -0.000312921940349, -0.00282830744982, 0.00814664643258, -0.00190597260371, -0.00176051747985, 0.00142136216164, -0.000346638145857, 0.000142905351822, 0.00053043756634, -0.00238656322472, 0.000281832501059, -4.66517958557e-05], [0.000530782097485, -0.000780189817306, 0.000533935730346, -0.00190597260371, 0.0123260058463, 0.000253279460594, -0.0015791747719, -0.00061929912772, -0.000592671160121, 0.00177696789615, -0.000923672865611, -0.00189690478146, -0.000418652052758], [-8.05212330306e-05, 0.000378914352041, -0.000683676218614, -0.00176051747985, 0.000253279460594, 0.0120353242382, -0.00273109599948, -0.00315682520159, 0.0014827225823, 0.000307934562443, 0.000559568172321, -0.00262836576439, 0.00017442193348], [0.000337757082889, -0.00099858851172, 0.00126655690838, 0.00142136216164, -0.0015791747719, -0.00273109599948, 0.0133723476902, -0.00459741428494, -0.00168928015046, -0.00091437419178, -0.00298298918642, 0.0050774468109, -0.00180357927456], [-0.000340720172971, 0.000475705048302, 0.000452394364402, -0.000346638145857, -0.00061929912772, -0.00315682520159, -0.00459741428494, 0.0160156711936, -0.00547488452867, -0.00247551035136, -0.000392244925024, -0.00234526675195, 0.00352519424632], [8.61694934429e-05, 0.000592708238401, 0.000165111196111, 0.000142905351822, -0.000592671160121, 0.0014827225823, -0.00168928015046, -0.00547488452867, 0.020471457392, -0.00671865511686, -0.000776824890636, -0.00110492378008, -0.00135758169927], [-0.000511260703206, 0.000548568845261, -0.00121753604617, 0.00053043756634, 0.00177696789615, 0.000307934562443, -0.00091437419178, -0.00247551035136, -0.00671865511686, 0.0176448971033, -0.00312211015262, 0.00154966302216, 0.000317712372635], [2.92878994514e-05, 0.000994136906229, 3.53273499059e-05, -0.00238656322472, -0.000923672865611, 0.000559568172321, -0.00298298918642, -0.000392244925024, -0.000776824890636, -0.00312211015262, 0.0148634165525, -0.00491851801053, -0.00220739189535], [-0.000350573245669, 0.000939741672482, -0.000317061523674, 0.000281832501059, -0.00189690478146, -0.00262836576439, 0.0050774468109, -0.00234526675195, -0.00110492378008, 0.00154966302216, -0.00491851801053, 0.0166559629142, -0.00677856057882], [0.000267116440227, 0.000790276273619, 9.77137606242e-05, -4.66517958557e-05, -0.000418652052758, 0.00017442193348, -0.00180357927456, 0.00352519424632, -0.00135758169927, 0.000317712372635, -0.00220739189535, -0.00677856057882, 0.0197165869176]]
    },
    "spectral_contrast_coeffs": {
        "max": [-0.359278827906, -0.515887796879, -0.512836456299, -0.647376596928, -0.707118749619, -0.570767223835],
        "mean": [-0.640013933182, -0.741348326206, -0.727810561657, -0.791201114655, -0.811059892178, -0.725234806538],
        "min": [-0.972525596619, -0.976775228977, -0.976045250893, -0.969880104065, -0.967982947826, -0.961788833141],
        "stdev": [0.114731632173, 0.0741429403424, 0.0882982164621, 0.0502502396703, 0.0361365526915, 0.043056987226]
    },
    "spectral_contrast_valleys": {
        "max": [-5.56335544586, -5.22779846191, -5.14434480667, -5.60974931717, -6.09437799454, -9.4987745285],
        "mean": [-7.88046550751, -6.75434064865, -7.6221280098, -7.91857910156, -8.38302707672, -11.6694145203],
        "min": [-27.4295578003, -27.285905838, -27.7181816101, -27.5796871185, -27.2653827667, -27.3011035919],
        "stdev": [1.86813056469, 1.8627063036, 1.98444914818, 2.00108098984, 1.88256132603, 1.53755152225]
    }
},
"rhythm": {
    "beats_count": 38,
    "beats_loudness": {
        "max": 0.0619747750461,
        "mean": 0.0195768587291,
        "min": 0.00187063368503,
        "stdev": 0.0149968387559
    },
    "bpm": 117.815376282,
    "bpm_histogram_first_peak_bpm": 117,
    "bpm_histogram_first_peak_weight": 0.217391252518,
    "bpm_histogram_second_peak_bpm": 89,
    "bpm_histogram_second_peak_spread": 0.399999976158,
    "bpm_histogram_second_peak_weight": 0.162162154913,
    "danceability": 0.80389547348,
    "onset_rate": 1.71339464188,
    "beats_loudness_band_ratio": {
        "max": [0.608989357948, 0.885667800903, 0.426785767078, 0.536661624908, 0.484047234058, 0.281138896942],
        "mean": [0.194641843438, 0.318087399006, 0.212097644806, 0.20494376123, 0.0942688584328, 0.024605056271],
        "min": [0.000593628559727, 0.00710573466495, 0.0309125278145, 0.00246450072154, 0.00235257227905, 0.000488790450618],
        "stdev": [0.174971446395, 0.265880465508, 0.11031755805, 0.165881082416, 0.134625598788, 0.0475625358522]
    },
    "beats_position": [0.510838985443, 1.02167797089, 1.53251695633, 2.04335594177, 2.55419492722, 3.05342388153, 3.56426286697, 4.06349182129, 4.57433080673, 5.08516979218, 5.59600877762, 6.09523820877, 6.60607719421, 7.11691617966, 7.61614513397, 8.12698364258, 8.63782310486, 9.14866161346, 9.65950107574, 10.1703395844, 10.6811790466, 11.1920175552, 11.7028570175, 12.2253055573, 12.7593650818, 13.3050336838, 13.8971424103, 14.4892511368, 15.1626300812, 15.8360090256, 16.50938797, 17.1827659607, 17.8561439514, 18.5295238495, 19.1912918091, 19.853061676, 20.5148296356, 21.1765975952],
