{
"metadata": {
    "version": {
        "essentia": "2.1-beta5",
        "essentia_git_sha": "Undefined",
        "extractor": "music 2.0"
    },
    "audio_properties": {
        "analysis": {
            "equal_loudness": 0,
            "length": 12.7477550507,
            "sample_rate": 44100,
            "start_time": 0,
            "downmix": "mix"
        },
        "bit_rate": 192000,
        "length": 207.377410889,
        "lossless": 0,
        "number_channels": 2,
        "replay_gain": 5.51928138733,
        "sample_rate": 48000,
        "codec": "mp3",
        "md5_encoded": "c38b06459cb0c46a9255e8f2afa91114"
    },
    "tags": {
        "file_name": "Iceland_Nætur_Sigga.mp3",
        "encoding": ["Lavf58.29.100"]
    }
},
"lowlevel": {
    "average_loudness": 0.000510035199113,
    "barkbands_crest": {
        "max": 13.1989059448,
        "mean": 6.44742298126,
        "min": 3.15798139572,
        "stdev": 0.981064379215
    },
    "barkbands_flatness_db": {
        "max": 0.165237277746,
        "mean": 0.0834916159511,
        "min": 0.0575663298368,
        "stdev": 0.0216694958508
    },
    "barkbands_kurtosis": {
        "max": 5.35183620453,
        "mean": 2.75613117218,
        "min": -0.723756313324,
        "stdev": 1.23738181591
    },
    "barkbands_skewness": {
        "max": 0.842586994171,
        "mean": -1.56055963039,
        "min": -2.2072994709,
        "stdev": 0.649523794651
    },
    "barkbands_spread": {
        "max": 51.6287498474,
        "mean": 24.4099292755,
        "min": 7.49669218063,
        "stdev": 5.69871091843
    },
    "dissonance": {
        "max": 0.499999940395,
        "mean": 0.492679208517,
        "min": 0.449169754982,
        "stdev": 0.00568367773667
    },
    "dynamic_complexity": 6.6993227005,
    "erbbands_crest": {
        "max": 14.6448402405,
        "mean": 3.97272324562,
        "min": 2.62252926826,
        "stdev": 1.43864035606
    },
    "erbbands_flatness_db": {
        "max": 0.277215123177,
        "mean": 0.121783807874,
        "min": 0.0825925767422,
        "stdev": 0.052416048944
    },
    "erbbands_kurtosis": {
        "max": 2.003490448,
        "mean": 0.131336942315,
        "min": -0.655275583267,
        "stdev": 0.346009552479
    },
    "erbbands_skewness": {
        "max": 0.693318605423,
        "mean": -0.527971625328,
        "min": -1.11351513863,
        "stdev": 0.299977242947
    },
    "erbbands_spread": {
        "max": 43.6846389771,
        "mean": 33.0457801819,
        "min": 9.86345005035,
        "stdev": 7.71150445938
    },
    "hfc": {
        "max": 122.318748474,
        "mean": 5.43840265274,
        "min": 1.05602873169e-16,
        "stdev": 18.0783843994
    },
    "loudness_ebu128": {
        "integrated": -27.8436546326,
        "loudness_range": 16.4025936127,
        "momentary": {
            "max": -24.5176334381,
            "mean": -254.43939209,
            "min": -300.691009521,
            "stdev": 100.405357361
        },
        "short_term": {
            "max": -29.8205699921,
            "mean": -243.959838867,
            "min": -300.691009521,
            "stdev": 106.554634094
        }
    },
    "melbands_crest": {
        "max": 21.5111846924,
        "mean": 3.14337348938,
        "min": 1.52613246441,
        "stdev": 2.44600987434
    },
    "melbands_flatness_db": {
        "max": 0.150526985526,
        "mean": 0.022532755509,
        "min": 0.00255210627802,
        "stdev": 0.0368741974235
    },
    "melbands_kurtosis": {
        "max": 2.54492425919,
        "mean": -0.921786546707,
        "min": -1.42355906963,
        "stdev": 0.678554773331
    },
    "melbands_skewness": {
        "max": 1.55626904964,
        "mean": 0.0543629638851,
        "min": -0.533666908741,
        "stdev": 0.219654157758
    },
    "melbands_spread": {
        "max": 164.220596313,
        "mean": 115.719696045,
        "min": 16.3228435516,
        "stdev": 39.0775413513
    },
    "pitch_salience": {
        "max": 0.924490630627,
        "mean": 0.780524134636,
        "min": 0.524576187134,
        "stdev": 0.038866635412
    },
    "silence_rate_20dB": {
        "max": 1,
        "mean": 1,
        "min": 1,
        "stdev": 0
    },
    "silence_rate_30dB": {
        "max": 1,
        "mean": 1,
        "min": 1,
        "stdev": 0
    },
    "silence_rate_60dB": {
        "max": 1,
        "mean": 0.878181815147,
        "min": 0,
        "stdev": 0.327075600624
    },
    "spectral_centroid": {
        "max": 12051.8642578,
        "mean": 9595.62304688,
        "min": 1585.86242676,
        "stdev": 3211.07983398
    },
    "spectral_complexity": {
        "max": 49,
        "mean": 4.27090930939,
        "min": 0,
        "stdev": 11.4757184982
    },
    "spectral_decrease": {
        "max": 2.55893978368e-28,
        "mean": -5.92677629196e-10,
        "min": -1.16501892578e-08,
        "stdev": 1.84337012321e-09
    },
    "spectral_energy": {
        "max": 0.0550652220845,
        "mean": 0.00273018283769,
        "min": 9.91907976988e-21,
        "stdev": 0.0085801910609
    },
    "spectral_energyband_high": {
        "max": 0.00231935596094,
        "mean": 9.98284522211e-05,
        "min": 6.86245434383e-21,
        "stdev": 0.000319883722113
    },
    "spectral_energyband_low": {
        "max": 0.000364392908523,
        "mean": 1.26225786516e-05,
        "min": 9.98292352618e-24,
        "stdev": 4.52384047094e-05
    },
    "spectral_energyband_middle_high": {
        "max": 0.0491321347654,
        "mean": 0.00227766158059,
        "min": 1.09800400816e-21,
        "stdev": 0.00740501098335
    },
    "spectral_energyband_middle_low": {
        "max": 0.00719026662409,
        "mean": 0.00035297733848,
        "min": 1.46141708107e-22,
        "stdev": 0.00107691972516
    },
    "spectral_entropy": {
        "max": 9.83015727997,
        "mean": 9.48066616058,
        "min": 7.43859672546,
        "stdev": 0.722864091396
    },
    "spectral_flux": {
        "max": 0.171111956239,
        "mean": 0.0114601962268,
        "min": 6.21606724427e-11,
        "stdev": 0.0312578976154
    },
    "spectral_kurtosis": {
        "max": 9.66469192505,
        "mean": -0.131944105029,
        "min": -1.29295909405,
        "stdev": 2.4780600071
    },
    "spectral_rms": {
        "max": 0.00732954079285,
        "mean": 0.000567786744796,
        "min": 3.11081195525e-12,
        "stdev": 0.00153010198846
    },
    "spectral_rolloff": {
        "max": 19875.1464844,
        "mean": 16176.7675781,
        "min": 1959.52148438,
        "stdev": 5831.53955078
    },
    "spectral_skewness": {
        "max": 2.63456368446,
        "mean": 0.259074240923,
        "min": -0.106344804168,
        "stdev": 0.586101830006
    },
    "spectral_spread": {
        "max": 44056128,
        "mean": 34383164,
        "min": 2206317.25,
        "stdev": 13895767
    },
    "spectral_strongpeak": {
        "max": 17.6540470123,
        "mean": 0.44867503643,
        "min": 0,
        "stdev": 1.84339690208
    },
    "zerocrossingrate": {
        "max": 0.67822265625,
        "mean": 0.435962349176,
        "min": 0.06103515625,
        "stdev": 0.147595763206
    },
    "barkbands": {
        "max": [0.000277739425655, 0.00020647290512, 5.08432203787e-05, 4.86589378852e-05, 0.000216209155042, 0.000796933716629, 0.00206756521948, 0.0046531111002, 0.00512589421123, 0.00295689376071, 0.00410764617845, 0.00763970287517, 0.00560652138665, 0.00849651824683, 0.00811648461968, 0.00579870212823, 0.00564271397889, 0.00292773242109, 0.0229027047753, 0.000811488367617, 0.000930563954171, 0.000676201249007, 0.000446860765805, 0.000167869657162, 9.23182087718e-05, 9.53142171056e-06, 5.83169253332e-07],
        "mean": [8.92366551852e-06, 5.14218709213e-06, 1.05802632788e-06, 8.39935125896e-07, 5.50613185624e-06, 1.5943278413e-05, 3.34199976351e-05, 0.000131056309328, 0.000133145382279, 9.93190551526e-05, 0.000122692043078, 0.00025766924955, 0.00025388089125, 0.000281420099782, 0.000310924951918, 0.000227738593821, 0.000162753931363, 8.592519589e-05, 0.000474616244901, 3.55205193046e-05, 3.50349691871e-05, 2.33145619859e-05, 1.5076566342e-05, 6.31959119346e-06, 2.64504660663e-06, 2.95559772212e-07, 1.25347654478e-09],
        "min": [6.2853897782e-26, 1.46806176297e-24, 8.63900115539e-25, 9.49109308321e-26, 4.88010260784e-24, 2.66879887833e-24, 5.10753554555e-24, 4.4308021461e-24, 1.35373138284e-23, 8.51441398604e-24, 8.7774896316e-24, 2.2475093685e-23, 2.344140254e-23, 1.67305722856e-23, 3.50545868018e-23, 5.34743185447e-23, 5.93729596992e-23, 7.17582273724e-23, 1.10825945237e-22, 1.59386884654e-22, 1.80251182746e-22, 2.83745113942e-22, 3.83605110046e-22, 5.27644598503e-22, 6.59792507375e-22, 1.16314862134e-21, 1.84968227647e-21],
        "stdev": [3.36616176355e-05, 1.99885944312e-05, 4.66096025775e-06, 3.86657211493e-06, 2.13876246562e-05, 6.33736053715e-05, 0.000138102186611, 0.000534749648068, 0.000567606242839, 0.000334536714945, 0.000431566382758, 0.000897059158888, 0.000827203679364, 0.000941128353588, 0.0010367881041, 0.00073144165799, 0.000566990114748, 0.000325524044456, 0.00216459366493, 0.000113762936962, 0.000113854526717, 8.06925818324e-05, 5.19125387655e-05, 2.0813278752e-05, 9.36178639677e-06, 1.00677152659e-06, 2.48418459137e-08]
    },
    "erbbands": {
        "max": [0.0101441992447, 0.0314360186458, 0.0688118189573, 0.112441919744, 0.362492710352, 0.776506543159, 2.45759487152, 8.43812942505, 10.234046936, 78.6840438843, 130.544265747, 161.235671997, 69.0405426025, 87.5087890625, 250.00428772, 286.076385498, 239.277709961, 355.741333008, 427.22164917, 304.397705078, 371.541412354, 289.094848633, 193.388061523, 925.076049805, 530.923461914, 57.5455284119, 34.7169036865, 31.9966316223, 27.657125473, 20.1011066437, 10.9804115295, 4.15606164932, 2.17202568054, 1.67199754715, 0.365258604288, 0.0725974887609, 0.0173906460404, 0.000465098913992, 0.000112403642561, 8.11250065453e-05],
        "mean": [0.000323926738929, 0.000593276985455, 0.00122075190302, 0.00215191347525, 0.00603092648089, 0.0211548954248, 0.0604608505964, 0.158009290695, 0.340206682682, 0.999444127083, 3.44468069077, 3.30101132393, 3.26382946968, 3.63698458672, 6.63920021057, 11.0469923019, 11.6012372971, 13.211933136, 16.3401241302, 14.6567630768, 12.2183980942, 9.10727119446, 5.55842447281, 17.7867889404, 14.5134315491, 2.08724164963, 1.54943192005, 1.22904753685, 0.852629780769, 0.706438601017, 0.357802897692, 0.15283870697, 0.0958895757794, 0.0417601764202, 0.012683887966, 0.00267265550792, 0.000316537480103, 1.06997640614e-05, 2.82546648123e-06, 3.93091067963e-06],
        "min": [3.3137739999e-23, 2.982936023e-22, 1.35401640775e-21, 3.33082913481e-21, 6.28647450848e-21, 1.93328475051e-20, 2.9492371877e-20, 6.90300509622e-20, 1.15545654443e-19, 1.56902823914e-19, 9.86013442707e-20, 3.25989733907e-19, 4.62571185863e-19, 5.54018742617e-19, 7.6081880714e-19, 9.4112567251e-19, 1.50478070737e-18, 1.09585580315e-18, 1.86366438986e-18, 2.3596782811e-18, 3.43550504308e-18, 3.95088509361e-18, 4.27001881856e-18, 4.66210780559e-18, 5.62073403492e-18, 7.47066681302e-18, 8.02448987572e-18, 8.13412604847e-18, 9.65138456859e-18, 1.03073660913e-17, 1.05131231328e-17, 1.00432820633e-17, 8.4607101892e-18, 6.87039714533e-18, 5.2100425831e-18, 3.63048660951e-18, 2.12978472974e-18, 9.28782586807e-19, 2.44515623046e-19, 2.59327778254e-20],
        "stdev": [0.00119981903117, 0.00264550442807, 0.00544905243441, 0.00892648007721, 0.0258128624409, 0.0815297737718, 0.238924860954, 0.631327033043, 1.20326387882, 4.62230110168, 13.840467453, 15.0877971649, 11.0538845062, 12.2948179245, 24.1713237762, 37.7359542847, 37.2682113647, 43.5619163513, 53.1789627075, 47.9220657349, 40.2851676941, 31.2375984192, 21.0683078766, 87.4914093018, 59.527179718, 6.87542724609, 5.00041770935, 3.95783233643, 2.97289848328, 2.480291605, 1.20328557491, 0.499703913927, 0.316893458366, 0.150122404099, 0.0425482466817, 0.0089526148513, 0.00121022353414, 3.97792391595e-05, 9.70239034359e-06, 1.25304450194e-05]
    },
    "gfcc": {
        "mean": [-1070.47216797, 5.80632543564, -35.7783241272, 2.12289381027, -11.503203392, 3.57833385468, -5.90044498444, 2.44636583328, -1.75447750092, 1.53351330757, -0.437451660633, -0.148475453258, -0.384650409222],
        "cov": [[197506.546875, 6334.75097656, -35903.2539062, 2170.71191406, -11537.7216797, 3576.47412109, -5873.01611328, 2439.22607422, -1726.03466797, 1496.49133301, -386.415344238, -175.530944824, -357.622650146], [6334.75097656, 264.527313232, -1132.89746094, 71.951965332, -365.54119873, 112.972892761, -184.961990356, 71.8998947144, -47.3860816956, 45.0354690552, -10.2727766037, -8.59777545929, -8.78861999512], [-35903.2539062, -1132.89746094, 6578.07470703, -387.410919189, 2111.98168945, -654.739196777, 1080.41992188, -444.928161621, 317.785766602, -276.828186035, 74.9283294678, 29.0221538544, 66.6352767944], [2170.71191406, 71.951965332, -387.410919189, 41.6575012207, -113.95690918, 42.9028511047, -60.3180274963, 27.0982246399, -24.295337677, 11.2837839127, -1.32207226753, -2.53994727135, -3.35931777954], [-11537.7216797, -365.54119873, 2111.98168945, -113.95690918, 694.390991211, -206.750427246, 351.254608154, -142.100723267, 94.5661621094, -94.5539169312, 26.3870353699, 8.88269710541, 20.6032733917], [3576.47412109, 112.972892761, -654.739196777, 42.9028511047, -206.750427246, 71.9140090942, -106.021713257, 44.3947982788, -32.2870597839, 26.508895874, -8.50866127014, -3.92966532707, -5.71176242828], [-5873.01611328, -184.961990356, 1080.41992188, -60.3180274963, 351.254608154, -106.021713257, 183.837936401, -69.841796875, 51.4782905579, -47.7693367004, 13.5809879303, 3.31161737442, 9.91516304016], [2439.22607422, 71.8998947144, -444.928161621, 27.0982246399, -142.100723267, 44.3947982788, -69.841796875, 36.5337486267, -19.4778823853, 18.9073848724, -4.99485254288, -3.46705889702, -6.32516098022], [-1726.03466797, -47.3860816956, 317.785766602, -24.295337677, 94.5661621094, -32.2870597839, 51.4782905579, -19.4778823853, 25.9253444672, -9.04590606689, 1.86870324612, -0.308437258005, 2.32728528976], [1496.49133301, 45.0354690552, -276.828186035, 11.2837839127, -94.5539169312, 26.508895874, -47.7693367004, 18.9073848724, -9.04590606689, 18.5217609406, -2.5884552002, -0.436411052942, -2.73763084412], [-386.415344238, -10.2727766037, 74.9283294678, -1.32207226753, 26.3870353699, -8.50866127014, 13.5809879303, -4.99485254288, 1.86870324612, -2.5884552002, 6.64720821381, 2.1255812645, 1.37770175934], [-175.530944824, -8.59777545929, 29.0221538544, -2.53994727135, 8.88269710541, -3.92966532707, 3.31161737442, -3.46705889702, -0.308437258005, -0.436411052942, 2.1255812645, 4.24741458893, 1.85819005966], [-357.622650146, -8.78861999512, 66.6352767944, -3.35931777954, 20.6032733917, -5.71176242828, 9.91516304016, -6.32516098022, 2.32728528976, -2.73763084412, 1.37770175934, 1.85819005966, 5.82662343979]],
        "icov": [[0.00119387195446, -0.00207197037525, 0.00429791491479, -0.00381023087539, 0.00599191291258, 9.72899215412e-05, -0.00269547803327, -0.00232310383581, 0.00224965577945, 0.00152692839038, -0.00404934724793, 0.00391481025144, -0.000697305658832], [-0.00207197037525, 0.0305496174842, 0.00421059923247, -0.00285849510692, -0.00798834208399, 0.00748240482062, -0.00287837674841, 0.0444502010942, -0.0465547405183, 0.0261906199157, -0.0223640482873, 0.0244094394147, -0.0137564437464], [0.00429791491479, 0.00421059923247, 0.0545036233962, -0.0115727446973, -0.0294279009104, 0.0506411753595, -0.0638490021229, 0.0526704266667, -0.0470343455672, -0.00320584792644, 0.00465103285387, 0.0144820809364, -0.0287562943995], [-0.00381023087539, -0.00285849510692, -0.0115727446973, 0.126856327057, -0.051632527262, -0.0608778819442, 0.0450338684022, -0.0324025526643, 0.0184353943914, 0.0387138798833, -0.0539765581489, 0.0153836999089, -0.00291352975182], [0.00599191291258, -0.00798834208399, -0.0294279009104, -0.051632527262, 0.186802506447, -0.0470421724021, -0.0540519542992, -0.0110466489568, 0.0759661272168, 0.0548528060317, -0.0576828084886, 0.0243747513741, 0.0371222607791], [9.72899215412e-05, 0.00748240482062, 0.0506411753595, -0.0608778819442, -0.0470421724021, 0.243692621589, -0.070802256465, 0.046182282269, -0.0292434263974, -0.0602898560464, 0.103962078691, 0.0237299874425, -0.0699371919036], [-0.00269547803327, -0.00287837674841, -0.0638490021229, 0.0450338684022, -0.0540519542992, -0.070802256465, 0.346732974052, -0.151632100344, -0.0108573390171, 0.0999663695693, -0.110196240246, 0.0587432608008, 0.0120908142999], [-0.00232310383581, 0.0444502010942, 0.0526704266667, -0.0324025526643, -0.0110466489568, 0.046182282269, -0.151632100344, 0.325525343418, -0.11061552912, -0.00868186168373, -0.00103866192512, 0.0450720116496, 0.0251404438168], [0.00224965577945, -0.0465547405183, -0.0470343455672, 0.0184353943914, 0.0759661272168, -0.0292434263974, -0.0108573390171, -0.11061552912, 0.27336832881, -0.122494287789, 0.0520358458161, 0.0322951972485, 0.0281485542655], [0.00152692839038, 0.0261906199157, -0.00320584792644, 0.0387138798833, 0.0548528060317, -0.0602898560464, 0.0999663695693, -0.00868186168373, -0.122494287789, 0.346292644739, -0.169224962592, 0.0140649108216, 0.00676541449502], [-0.00404934724793, -0.0223640482873, 0.00465103285387, -0.0539765581489, -0.0576828084886, 0.103962078691, -0.110196240246, -0.00103866192512, 0.0520358458161, -0.169224962592, 0.381075322628, -0.175242587924, -0.00881835445762], [0.00391481025144, 0.0244094394147, 0.0144820809364, 0.0153836999089, 0.0243747513741, 0.0237299874425, 0.0587432608008, 0.0450720116496, 0.0322951972485, 0.0140649108216, -0.175242587924, 0.45575645566, -0.103819154203], [-0.000697305658832, -0.0137564437464, -0.0287562943995, -0.00291352975182, 0.0371222607791, -0.0699371919036, 0.0120908142999, 0.0251404438168, 0.0281485542655, 0.00676541449502, -0.00881835445762, -0.103819154203, 0.269286364317]]
    },
    "melbands": {
        "max": [8.68654096848e-05, 3.58424877049e-05, 2.40996887442e-05, 3.33347088599e-05, 8.0566489487e-05, 0.000177427456947, 0.000254766870057, 0.000899666687474, 0.00106712651905, 0.000976659939624, 0.000348300207406, 0.000357563927537, 0.000718476076145, 0.00106007652357, 0.000798945839051, 0.000548250041902, 0.000725847203285, 0.000669003056828, 0.000671787711326, 0.000366362393834, 0.000499796238728, 0.000316862540785, 0.000220027330215, 0.000157445479999, 0.000855880090967, 0.000929723901208, 7.47892263462e-05, 2.80401636701e-05, 2.00618651434e-05, 2.23167371587e-05, 1.69271988852e-05, 1.98342204385e-05, 1.21883322208e-05, 1.1382179764e-05, 8.45849626785e-06, 2.20360016101e-06, 2.88824662675e-06, 1.76018079401e-06, 1.32892546389e-06, 1.43674060382e-06],
        "mean": [2.78752622762e-06, 6.63556022573e-07, 4.63957746888e-07, 9.21880143778e-07, 1.93426399164e-06, 3.51102175955e-06, 5.63362618777e-06, 1.30481903398e-05, 2.82487708319e-05, 2.01755137823e-05, 1.58358543558e-05, 1.38750247061e-05, 1.90585487871e-05, 2.85777114186e-05, 2.87728453259e-05, 2.40941499214e-05, 2.43378526648e-05, 2.61648037849e-05, 2.34933613683e-05, 1.58286038641e-05, 1.42911139847e-05, 9.98423638521e-06, 6.05703235124e-06, 3.78970435122e-06, 1.56588830578e-05, 2.0592528017e-05, 2.06047184292e-06, 1.03102252069e-06, 9.59014414548e-07, 8.7810064997e-07, 6.31866612366e-07, 4.97557323342e-07, 4.08588192613e-07, 3.95195684177e-07, 2.33940824046e-07, 1.10079774629e-07, 8.61820836917e-08, 7.24008941688e-08, 4.78967976392e-08, 3.11099803696e-08],
        "min": [5.88520162705e-25, 7.98412235846e-25, 9.62980848019e-25, 9.18818541e-25, 9.88289576619e-25, 1.62985585273e-24, 1.79072904599e-24, 1.52573814476e-24, 5.17236078208e-25, 2.17707130774e-24, 1.7322146967e-24, 1.9128547721e-24, 2.08836468781e-24, 1.87419506572e-24, 1.95308943928e-24, 2.21709495463e-24, 1.43921410574e-24, 2.88655071779e-24, 2.50940874357e-24, 2.76220296773e-24, 2.98476666151e-24, 3.677310214e-24, 3.41180014368e-24, 2.31144962143e-24, 3.0120803787e-24, 3.72795823956e-24, 4.30210106714e-24, 3.99101692461e-24, 4.42141115146e-24, 3.87990665497e-24, 2.96451108004e-24, 4.86187084903e-24, 4.90619497114e-24, 4.85476005683e-24, 4.66905509999e-24, 4.52058398345e-24, 4.59147615199e-24, 5.44861494071e-24, 4.55803831037e-24, 6.09541461867e-24],
        "stdev": [1.00583865787e-05, 2.85261080535e-06, 1.91786830328e-06, 3.45632702192e-06, 7.61331648391e-06, 1.37028937388e-05, 2.10571961361e-05, 5.7970846683e-05, 0.000110936663987, 9.32281109272e-05, 5.35302096978e-05, 4.72031970276e-05, 6.86634957674e-05, 0.000104440718133, 9.81532139122e-05, 7.82125280239e-05, 8.13967708382e-05, 8.66434784257e-05, 8.05890740594e-05, 5.05931493535e-05, 4.96147440572e-05, 3.4337183024e-05, 2.2458305466e-05, 1.48689559865e-05, 8.0449070083e-05, 9.07916837605e-05, 7.79475885793e-06, 3.31783326146e-06, 3.10735072162e-06, 2.89453760161e-06, 2.04379557545e-06, 1.77977130988e-06, 1.44284001635e-06, 1.42496026001e-06, 8.1289431364e-07, 3.55001958496e-07, 2.91386868412e-07, 2.42551067231e-07, 1.64822921533e-07, 1.15710037107e-07]
    },
    "melbands128": {
        "max": [0.000154887646204, 0.000103413840407, 7.48365564505e-05, 5.18074157299e-05, 4.39664981968e-05, 2.10841335502e-05, 2.10616344702e-05, 2.63353813352e-05, 4.53124266642e-05, 2.91883898171e-05, 5.19053428434e-05, 8.629426884e-05, 8.32314253785e-05, 0.000111954250315, 0.000222209957428, 0.00021919835126, 0.000127556108055, 0.000262659363216, 0.00083528610412, 0.00128193350974, 0.00113604788203, 0.00151014677249, 0.0020343340002, 0.000814197061118, 0.00191624241415, 0.000914194853976, 0.000729224295355, 0.000455292465631, 0.000382881175028, 0.000522582849953, 0.000503201154061, 0.00063266151119, 0.00065940344939, 0.000895104720257, 0.00139162584674, 0.00139094691258, 0.00106426863931, 0.00146348157432, 0.000815906736534, 0.000786903721746, 0.000941264559515, 0.000994952744804, 0.000672725669574, 0.000782285933383, 0.000903173116967, 0.00095578620676, 0.000601873733103, 0.00114634400234, 0.000834505306557, 0.000553186284378, 0.000678842596244, 0.000496684748214, 0.000550383760128, 0.000662581413053, 0.000616813660599, 0.000266355491476, 0.000463197095087, 0.000328586116666, 0.000175862282049, 0.000285586866084, 0.000172619475052, 0.00017727217346, 0.000149501749547, 0.000794109364506, 0.00375730637461, 0.000884177396074, 0.000414672831539, 8.19085835246e-05, 4.64569347969e-05, 4.3684951379e-05, 2.64521167992e-05, 2.86819704343e-05, 2.96968464681e-05, 2.78514726233e-05, 2.4060065698e-05, 2.72960805887e-05, 2.6281855753e-05, 3.175954771e-05, 1.88983067346e-05, 2.08285491681e-05, 3.38066747645e-05, 1.53497858264e-05, 2.30420773732e-05, 1.64970479091e-05, 1.67250600498e-05, 1.50430696522e-05, 1.43707893585e-05, 2.0103814677e-05, 6.75014007356e-06, 5.92561173107e-06, 2.44306215791e-06, 3.33764933202e-06, 2.6045308914e-06, 4.1214234443e-06, 3.20445997204e-06, 2.12268241739e-06, 2.32410639001e-06, 1.50208700234e-06, 1.64386619872e-06, 2.09602649193e-06, 2.25247049457e-06, 1.3784198245e-06, 8.72577402333e-07, 6.09204050761e-07, 4.32977969922e-07, 3.51959897671e-07, 3.18395848353e-07, 1.56407693908e-07, 1.40727507869e-07, 6.85139411871e-08, 8.65696065944e-08, 1.24137258695e-07, 5.03022157261e-08, 3.35486749492e-09, 2.50107112798e-09, 2.5456410313e-09, 2.54209941986e-09, 2.54647813946e-09, 2.60084664916e-09, 2.52603271633e-09, 2.5096598133e-09, 2.46371301138e-09, 2.50540677094e-09, 2.50742782093e-09, 2.49473908198e-09, 2.44827602636e-09, 2.44641307212e-09, 2.44537168292e-09],
        "mean": [6.03987109571e-06, 3.66975132238e-06, 1.52256200181e-06, 8.83912207428e-07, 6.64643323489e-07, 5.03703347476e-07, 4.04889107131e-07, 4.41630533032e-07, 5.30444538072e-07, 8.57442557844e-07, 1.17073795991e-06, 1.54115070927e-06, 1.85160979527e-06, 2.73929003924e-06, 3.57871886081e-06, 3.75400168195e-06, 4.44124225396e-06, 5.30444458491e-06, 7.85247084423e-06, 1.00963397927e-05, 1.32667100843e-05, 2.79869509541e-05, 3.82281723432e-05, 1.57578469953e-05, 2.43710965151e-05, 1.75079567271e-05, 1.93170144485e-05, 1.58778184414e-05, 1.346829049e-05, 1.28739229694e-05, 1.48164681377e-05, 1.42815979416e-05, 1.89383335965e-05, 2.10976795643e-05, 2.77960243693e-05, 3.18022466672e-05, 2.87710427074e-05, 2.99797411571e-05, 2.78706429526e-05, 2.4113280233e-05, 2.28625740419e-05, 2.45512710535e-05, 2.45779247052e-05, 2.32087641052e-05, 2.68024505203e-05, 2.71258049906e-05, 2.45147530222e-05, 2.65824492089e-05, 2.1495290639e-05, 1.84124819498e-05, 1.53696437337e-05, 1.24247235362e-05, 1.49841162056e-05, 1.53991786647e-05, 1.20468157547e-05, 9.26495340536e-06, 8.85731969902e-06, 6.44408510198e-06, 5.14442945132e-06, 4.82151654069e-06, 3.55034126187e-06, 3.30959505845e-06, 3.3607293517e-06, 1.00353672678e-05, 5.44785289094e-05, 1.84088130482e-05, 6.83923553879e-06, 1.93814821614e-06, 1.35219420372e-06, 1.30525802433e-06, 1.00098566236e-06, 9.15980308491e-07, 9.34928721108e-07, 1.00379691048e-06, 9.34260469876e-07, 8.96049812127e-07, 8.30960800613e-07, 8.4562941538e-07, 5.44159888705e-07, 5.00165583617e-07, 5.5395759091e-07, 4.77957144085e-07, 4.03283507922e-07, 4.07506689726e-07, 4.15976501245e-07, 3.67062341411e-07, 4.35758067852e-07, 3.65085526255e-07, 2.00387901828e-07, 1.67367744552e-07, 1.1857298432e-07, 9.66129718449e-08, 8.55822861467e-08, 9.09510546876e-08, 8.17817706888e-08, 7.78849837957e-08, 7.34896374865e-08, 6.04417635941e-08, 4.94518772598e-08, 4.0921229072e-08, 3.5489627237e-08, 3.01331475328e-08, 2.53592897792e-08, 1.92309101976e-08, 1.25831887132e-08, 9.08567621138e-09, 7.49783435339e-09, 5.34915445272e-09, 4.02770883312e-09, 3.12632919552e-09, 2.01413841161e-09, 1.37076872075e-09, 6.16660333908e-10, 6.56134244159e-11, 6.1211005882e-12, 6.26815960247e-12, 5.83068099011e-12, 5.55572168132e-12, 5.67685959005e-12, 5.49178714657e-12, 5.41160952855e-12, 5.32701747297e-12, 5.40978243105e-12, 5.38161485861e-12, 5.21867054779e-12, 4.91514684856e-12, 4.78062077772e-12, 4.75965144034e-12],
        "min": [3.15068195169e-27, 1.01472990153e-25, 9.23687217944e-26, 2.46654223919e-25, 2.64531882791e-25, 3.61349743113e-25, 7.7839752813e-26, 6.84550259132e-26, 2.01889473688e-25, 1.76014786693e-25, 1.11554842063e-25, 1.71842969751e-25, 3.64158482366e-25, 2.04493454232e-25, 5.68549458637e-25, 4.26551537468e-25, 3.96314572927e-25, 2.25383156604e-25, 4.67339985003e-25, 4.24021808457e-25, 3.06761283377e-25, 2.07763331988e-25, 1.9496580176e-25, 2.67129453841e-25, 4.35698872702e-25, 4.55389432542e-25, 4.42147071046e-25, 6.91925233453e-25, 9.1269638873e-25, 9.15814065635e-25, 6.24597976649e-25, 6.21447118282e-25, 7.00842763645e-25, 6.40199229467e-25, 9.57615016142e-25, 5.11564217603e-25, 4.98147222023e-25, 6.28955545681e-25, 6.63667200448e-25, 6.72564663991e-25, 6.66961089158e-25, 6.75032368814e-25, 1.11609815808e-24, 6.31067277021e-25, 7.5719997279e-25, 4.24319849967e-25, 6.42661264353e-25, 1.22364987617e-24, 7.13726637164e-25, 1.11353741697e-24, 1.50083844054e-24, 1.3151852527e-24, 1.47443881592e-24, 1.05917523706e-24, 1.07997690748e-24, 1.03197482001e-24, 9.36579251243e-25, 9.46091040216e-25, 1.50863297793e-24, 1.59992479366e-24, 1.61472697968e-24, 1.22485653754e-24, 1.39283776198e-24, 8.06757792578e-25, 1.29948662487e-24, 1.60475203075e-24, 1.46694651086e-24, 1.70258902541e-24, 1.96101374429e-24, 1.699148803e-24, 1.84595364809e-24, 1.89755915358e-24, 2.34690753861e-24, 2.29911933105e-24, 2.3518992532e-24, 1.6543482089e-24, 2.52413598781e-24, 2.75450329087e-24, 1.96252520178e-24, 3.07815950965e-24, 2.3788593635e-24, 2.84557057706e-24, 2.64785679066e-24, 3.14918381239e-24, 2.76232090244e-24, 3.28767288025e-24, 3.12381680669e-24, 2.91356940101e-24, 2.45990713012e-24, 3.5760571558e-24, 2.34935774058e-24, 3.21542722361e-24, 3.69476652254e-24, 3.66067037649e-24, 3.93539434218e-24, 3.48059788652e-24, 3.91057243937e-24, 3.55791296055e-24, 2.94814044132e-24, 2.79547731793e-24, 2.735076605e-24, 4.01258911492e-24, 3.95082091161e-24, 3.11814351627e-24, 2.61783609727e-24, 3.50335770693e-24, 3.72572497433e-24, 3.34467202495e-24, 4.01786107235e-24, 3.81678200533e-24, 4.18047449277e-24, 4.24848613571e-24, 4.51831995265e-24, 4.77509023299e-24, 4.248127204e-24, 3.67703411268e-24, 4.7633697321e-24, 5.02257640935e-24, 4.71483230389e-24, 5.00160099231e-24, 5.01176309849e-24, 4.89423426209e-24, 4.499222419e-24, 4.81153205694e-24, 4.44686848173e-24, 4.83185311386e-24, 5.35537237057e-24, 4.79951770536e-24],
        "stdev": [2.12388749787e-05, 1.34939346026e-05, 6.16202805759e-06, 4.18487252318e-06, 3.17729177368e-06, 2.15998511521e-06, 1.76120386186e-06, 2.15890895561e-06, 2.73866953648e-06, 3.27056250171e-06, 4.78299898532e-06, 7.12571090844e-06, 7.72069415689e-06, 1.16416795208e-05, 1.63893946592e-05, 1.59150295076e-05, 1.63597578648e-05, 2.17760316445e-05, 4.31634107372e-05, 6.39666977804e-05, 7.77210225351e-05, 0.00013364161714, 0.000185076103662, 6.79848380969e-05, 0.000158249647939, 7.82354327384e-05, 7.75693479227e-05, 6.05067725701e-05, 4.71233106509e-05, 4.78668480355e-05, 5.91036878177e-05, 5.3165051213e-05, 7.44228891563e-05, 8.79761719261e-05, 0.000118383330118, 0.000128637184389, 0.000108859887405, 0.000117179130029, 0.000101137826277, 8.35905229906e-05, 8.50916694617e-05, 9.40416721278e-05, 9.07136054593e-05, 8.42847293825e-05, 9.91728593362e-05, 0.000101812591311, 8.35622631712e-05, 0.000104686805571, 8.41084693093e-05, 6.43439198029e-05, 5.57373896299e-05, 4.40634830738e-05, 5.30319666723e-05, 6.15430035396e-05, 4.8448178859e-05, 3.19174178003e-05, 3.66785461665e-05, 2.66225160885e-05, 2.01900948014e-05, 2.08696947084e-05, 1.57037702593e-05, 1.35817117553e-05, 1.36590824695e-05, 5.93748736719e-05, 0.000309806986479, 8.66286936798e-05, 3.7915786379e-05, 7.68132576923e-06, 4.97608016303e-06, 4.73503632747e-06, 3.34763853971e-06, 3.13862256007e-06, 3.19284959005e-06, 3.58342163054e-06, 3.16592604577e-06, 3.27760176333e-06, 2.8194369861e-06, 2.99283965433e-06, 1.84806003745e-06, 1.79848427706e-06, 2.21176492232e-06, 1.76133039531e-06, 1.61673756338e-06, 1.54617987391e-06, 1.56056739797e-06, 1.34836875532e-06, 1.72663169451e-06, 1.49342429268e-06, 6.92190894824e-07, 5.88933971812e-07, 3.94931873871e-07, 3.35664879003e-07, 2.94562937597e-07, 3.2872296174e-07, 2.90265148806e-07, 2.73665165196e-07, 2.58086544136e-07, 2.01113081744e-07, 1.7491758797e-07, 1.61070715876e-07, 1.51011832372e-07, 1.15100959874e-07, 9.08287773882e-08, 6.59215260157e-08, 4.39548593079e-08, 3.1914407117e-08, 2.90548136661e-08, 1.82386497016e-08, 1.38941587124e-08, 1.04968185255e-08, 7.66940733143e-09, 6.80955203336e-09, 2.86442958242e-09, 3.0869862222e-10, 1.06833653035e-10, 1.08910179486e-10, 1.08344874739e-10, 1.08477914151e-10, 1.10792139352e-10, 1.07604501698e-10, 1.06906573871e-10, 1.04949535173e-10, 1.0672465689e-10, 1.06811594291e-10, 1.06270450773e-10, 1.04294149705e-10, 1.04217627583e-10, 1.04173683568e-10]
    },
    "mfcc": {
        "mean": [-1168.7902832, 10.4194660187, -13.076505661, -2.38999128342, -2.45431542397, 0.0751541554928, -1.31160187721, 0.358810663223, -0.183642148972, 1.37353634834, 1.15408313274, 0.584554195404, 0.999739527702],
        "cov": [[50613.7304688, 5290.36865234, -6648.56982422, -1186.90344238, -1275.48730469, 34.5469398499, -653.141113281, 200.160964966, -97.6412734985, 703.303649902, 605.540283203, 277.684570312, 504.996459961], [5290.36865234, 582.942077637, -714.851135254, -132.770172119, -137.761901855, 3.95258378983, -76.865020752, 16.9080963135, -8.80133914948, 74.3405075073, 63.0113639832, 36.0497894287, 54.7514228821], [-6648.56982422, -714.851135254, 908.283996582, 163.131195068, 167.312057495, -5.77034235001, 85.9957046509, -27.5445098877, 14.0672855377, -93.6710205078, -79.2447891235, -38.1302909851, -68.4678497314], [-1186.90344238, -132.770172119, 163.131195068, 41.8116264343, 36.4282341003, 0.82123374939, 23.3514156342, -0.330973476171, -1.85912406445, -16.4197998047, -14.0583076477, -14.5127182007, -11.6779823303], [-1275.48730469, -137.761901855, 167.312057495, 36.4282341003, 40.969417572, 2.47798991203, 23.056552887, -1.65809392929, 0.332610875368, -17.8521556854, -15.7422246933, -12.2159414291, -13.5950403214], [34.5469398499, 3.95258378983, -5.77034235001, 0.82123374939, 2.47798991203, 6.89257907867, 2.06141614914, 0.764143168926, -0.555507540703, -0.0174190886319, -1.48694634438, -1.53406608105, 0.00687277829275], [-653.141113281, -76.865020752, 85.9957046509, 23.3514156342, 23.056552887, 2.06141614914, 22.3086605072, 3.04653406143, -2.38215374947, -9.14934635162, -8.20054149628, -12.1217336655, -7.66704177856], [200.160964966, 16.9080963135, -27.5445098877, -0.330973476171, -1.65809392929, 0.764143168926, 3.04653406143, 8.89193916321, -0.935848176479, 3.8873026371, 3.7307972908, -3.16046881676, 0.261394768953], [-97.6412734985, -8.80133914948, 14.0672855377, -1.85912406445, 0.332610875368, -0.555507540703, -2.38215374947, -0.935848176479, 7.11591768265, 0.384019702673, -0.92106616497, 3.0045375824, -1.65191400051], [703.303649902, 74.3405075073, -93.6710205078, -16.4197998047, -17.8521556854, -0.0174190886319, -9.14934635162, 3.8873026371, 0.384019702673, 14.7094364166, 10.6419744492, 3.88251852989, 7.54448795319], [605.540283203, 63.0113639832, -79.2447891235, -14.0583076477, -15.7422246933, -1.48694634438, -8.20054149628, 3.7307972908, -0.92106616497, 10.6419744492, 12.8129882812, 4.92644691467, 5.66726827621], [277.684570312, 36.0497894287, -38.1302909851, -14.5127182007, -12.2159414291, -1.53406608105, -12.1217336655, -3.16046881676, 3.0045375824, 3.88251852989, 4.92644691467, 12.1426353455, 3.62982940674], [504.996459961, 54.7514228821, -68.4678497314, -11.6779823303, -13.5950403214, 0.00687277829275, -7.66704177856, 0.261394768953, -1.65191400051, 7.54448795319, 5.66726827621, 3.62982940674, 10.4944906235]],
        "icov": [[0.000759892456699, -0.001458113431, 0.00364861171693, -0.00248802267015, 0.00573213212192, -0.00200383341871, 0.0003725507122, 0.000236036110437, -0.00111543550156, 0.000208485915209, -0.00342022627592, 0.00289184739813, 0.000291218864731], [-0.001458113431, 0.080352537334, 0.0490766577423, -0.0193993635476, 0.0186024364084, -0.0181494411081, 0.0368678420782, 0.0187225770205, 0.00149905588478, -0.00937622785568, 0.0052874982357, -0.0189328622073, 0.0107985576615], [0.00364861171693, 0.0490766577423, 0.0740144178271, -0.0633507743478, 0.0324090048671, -0.00611187377945, 0.0243198759854, 0.038102503866, -0.0309184920043, 0.0143240140751, -0.00590695720166, -0.010254567489, 0.0311542432755], [-0.00248802267015, -0.0193993635476, -0.0633507743478, 0.229386687279, -0.0930574387312, 0.00635941280052, -0.0169904083014, -0.0527780391276, 0.0669720098376, -0.0132816042751, -0.0236804839224, 0.082775875926, -0.0645280778408], [0.00573213212192, 0.0186024364084, 0.0324090048671, -0.0930574387312, 0.256591439247, -0.084015108645, -0.0387726314366, 0.0015038739657, -0.0173043385148, 0.0125603172928, -0.0128866191953, 0.0096889808774, 0.030952969566], [-0.00200383341871, -0.0181494411081, -0.00611187377945, 0.00635941280052, -0.084015108645, 0.207570999861, -0.024776076898, 0.00343961874023, -0.0030469999183, -0.013429036364, 0.0723462104797, -0.0208582822233, 0.00847582798451], [0.0003725507122, 0.0368678420782, 0.0243198759854, -0.0169904083014, -0.0387726314366, -0.024776076898, 0.201799839735, -0.0438349172473, 0.0252357814461, 0.00536093488336, -0.0124881491065, 0.081128962338, 0.00660005956888], [0.000236036110437, 0.0187225770205, 0.038102503866, -0.0527780391276, 0.0015038739657, 0.00343961874023, -0.0438349172473, 0.235828220844, -0.0555629320443, -0.00533097377047, -0.0601882599294, 0.0372167378664, 0.0595846399665], [-0.00111543550156, 0.00149905588478, -0.0309184920043, 0.0669720098376, -0.0173043385148, -0.0030469999183, 0.0252357814461, -0.0555629320443, 0.257348358631, -0.122752770782, 0.0709109827876, -0.0649127066135, 0.0289810132235], [0.000208485915209, -0.00937622785568, 0.0143240140751, -0.0132816042751, 0.0125603172928, -0.013429036364, 0.00536093488336, -0.00533097377047, -0.122752770782, 0.326461553574, -0.152776226401, 0.0726118385792, -0.0587404854596], [-0.00342022627592, 0.0052874982357, -0.00590695720166, -0.0236804839224, -0.0128866191953, 0.0723462104797, -0.0124881491065, -0.0601882599294, 0.0709109827876, -0.152776226401, 0.314819484949, -0.125287115574, 0.0420585684478], [0.00289184739813, -0.0189328622073, -0.010254567489, 0.082775875926, 0.0096889808774, -0.0208582822233, 0.081128962338, 0.0372167378664, -0.0649127066135, 0.0726118385792, -0.125287115574, 0.29265755415, -0.0402476713061], [0.000291218864731, 0.0107985576615, 0.0311542432755, -0.0645280778408, 0.030952969566, 0.00847582798451, 0.00660005956888, 0.0595846399665, 0.0289810132235, -0.0587404854596, 0.0420585684478, -0.0402476713061, 0.237816020846]]
    },
    "spectral_contrast_coeffs": {
        "max": [-0.692496836185, -0.615403532982, -0.711688756943, -0.769844353199, -0.673575460911, -0.684061288834],
        "mean": [-0.932673096657, -0.938157498837, -0.938302218914, -0.939711332321, -0.93127322197, -0.925052464008],
        "min": [-0.982897043228, -0.983189702034, -0.977916181087, -0.974636077881, -0.96951186657, -0.965492606163],
        "stdev": [0.0700758546591, 0.0652744695544, 0.0527006797493, 0.0507977567613, 0.0683055520058, 0.0799928605556]
    },
    "spectral_contrast_valleys": {
        "max": [-7.65510511398, -5.94746303558, -5.46926784515, -5.4672961235, -5.96961832047, -8.18793773651],
        "mean": [-24.2932815552, -23.9244556427, -23.9168682098, -23.8526039124, -23.9616508484, -24.4847488403],
        "min": [-28.2187690735, -28.2456665039, -27.9123058319, -27.737197876, -27.5667266846, -27.3957977295],
        "stdev": [6.65344381332, 7.37226390839, 7.54461669922, 7.63944911957, 7.40961837769, 6.24570178986]
    }
},
"rhythm": {
    "beats_count": 27,
    "beats_loudness": {
        "max": 0.0368688702583,
        "mean": 0.0026943096891,
        "min": 0,
        "stdev": 0.00798079371452
    },
    "bpm": 156.605133057,
    "bpm_histogram_first_peak_bpm": 157,
    "bpm_histogram_first_peak_weight": 0.199999988079,
    "bpm_histogram_second_peak_bpm": 108,
    "bpm_histogram_second_peak_spread": 0,
    "bpm_histogram_second_peak_weight": 0.192307695746,
    "danceability": 0.770695507526,
    "onset_rate": 0.313495218754,
    "beats_loudness_band_ratio": {
        "max": [0.009352106601, 0.0117038860917, 0.47341427207, 0.485776215792, 0.425417602062, 0.264586567879],
        "mean": [0.0008411136223, 0.00138099351898, 0.0342550128698, 0.0631306692958, 0.0680386647582, 0.027307940647],
        "min": [0, 0, 0, 0, 0, 0],
        "stdev": [0.00210035941564, 0.00315740983933, 0.0990243032575, 0.135410115123, 0.142514392734, 0.0660473629832]
    },
    "beats_position": [0.568888902664, 1.14938771725, 1.72988653183, 2.31038546562, 2.89088439941, 3.44816327095, 4.00544214249, 4.5627207756, 5.11999988556, 5.67727899551, 6.17650794983, 6.66412687302, 7.1517457962, 7.58131504059, 8.01088428497, 8.44045352936, 8.87002277374, 9.25315189362, 9.63628101349, 10.0194101334, 10.4025392532, 10.7856683731, 11.1687984467, 11.5403175354, 11.9234466553, 12.3065757751, 12.6780948639],
