{
"metadata": {
    "version": {
        "essentia": "2.1-beta5",
        "essentia_git_sha": "Undefined",
        "extractor": "music 2.0"
    },
    "audio_properties": {
        "analysis": {
            "equal_loudness": 0,
            "length": 48.7502937317,
            "sample_rate": 44100,
            "start_time": 77.7404098511,
            "downmix": "mix"
        },
        "bit_rate": 192000,
        "length": 211.115829468,
        "lossless": 0,
        "number_channels": 2,
        "replay_gain": -0.958969116211,
        "sample_rate": 48000,
        "codec": "mp3",
        "md5_encoded": "98af9bdb0a301218e23ab620fbb80b4a"
    },
    "tags": {
        "file_name": "Croatia_Nek_ti Bude Ljubav Sva_Tony Cetinski.mp3",
        "encoding": ["Lavf58.29.100"]
    }
},
"lowlevel": {
    "average_loudness": 0.982146382332,
    "barkbands_crest": {
        "max": 23.8729362488,
        "mean": 8.76332187653,
        "min": 2.67537117004,
        "stdev": 3.33506345749
    },
    "barkbands_flatness_db": {
        "max": 0.266718953848,
        "mean": 0.148863717914,
        "min": 0.0667445808649,
        "stdev": 0.0336598046124
    },
    "barkbands_kurtosis": {
        "max": 33.3335113525,
        "mean": 2.59651303291,
        "min": -1.73831522465,
        "stdev": 3.92094230652
    },
    "barkbands_skewness": {
        "max": 5.39530706406,
        "mean": 1.09458839893,
        "min": -1.55153250694,
        "stdev": 0.789280474186
    },
    "barkbands_spread": {
        "max": 64.7833099365,
        "mean": 18.3895320892,
        "min": 3.05133605003,
        "stdev": 10.42973423
    },
    "dissonance": {
        "max": 0.499484926462,
        "mean": 0.446486383677,
        "min": 0.225913450122,
        "stdev": 0.0363118238747
    },
    "dynamic_complexity": 1.2427084446,
    "erbbands_crest": {
        "max": 27.309677124,
        "mean": 10.6177835464,
        "min": 3.23211216927,
        "stdev": 4.03221797943
    },
    "erbbands_flatness_db": {
        "max": 0.310585051775,
        "mean": 0.18847694993,
        "min": 0.100455366075,
        "stdev": 0.0288153328001
    },
    "erbbands_kurtosis": {
        "max": 23.1031589508,
        "mean": 1.4206391573,
        "min": -1.73919045925,
        "stdev": 2.8354177475
    },
    "erbbands_skewness": {
        "max": 3.9207777977,
        "mean": 0.669249176979,
        "min": -2.04523658752,
        "stdev": 0.831583917141
    },
    "erbbands_spread": {
        "max": 90.973991394,
        "mean": 28.5358409882,
        "min": 4.74477624893,
        "stdev": 13.2143764496
    },
    "hfc": {
        "max": 73.4688873291,
        "mean": 26.1307544708,
        "min": 0.978804945946,
        "stdev": 12.6143569946
    },
    "loudness_ebu128": {
        "integrated": -21.7402095795,
        "loudness_range": 1.96584701538,
        "momentary": {
            "max": -19.9046077728,
            "mean": -21.9104194641,
            "min": -28.2671890259,
            "stdev": 1.30958867073
        },
        "short_term": {
            "max": -20.6416759491,
            "mean": -21.7801151276,
            "min": -24.3369464874,
            "stdev": 0.716914713383
        }
    },
    "melbands_crest": {
        "max": 28.9857254028,
        "mean": 11.0598468781,
        "min": 4.40188884735,
        "stdev": 3.83538937569
    },
    "melbands_flatness_db": {
        "max": 0.359744697809,
        "mean": 0.187268570065,
        "min": 0.0539102591574,
        "stdev": 0.0478721112013
    },
    "melbands_kurtosis": {
        "max": 117.22568512,
        "mean": 5.87325620651,
        "min": -1.57157230377,
        "stdev": 7.3500957489
    },
    "melbands_skewness": {
        "max": 8.92414951324,
        "mean": 1.61822557449,
        "min": -0.563377380371,
        "stdev": 0.958152890205
    },
    "melbands_spread": {
        "max": 196.494674683,
        "mean": 23.5944042206,
        "min": 3.25089526176,
        "stdev": 14.8149776459
    },
    "pitch_salience": {
        "max": 0.82090985775,
        "mean": 0.559093296528,
        "min": 0.209732890129,
        "stdev": 0.0899654999375
    },
    "silence_rate_20dB": {
        "max": 1,
        "mean": 1,
        "min": 1,
        "stdev": 0
    },
    "silence_rate_30dB": {
        "max": 1,
        "mean": 1,
        "min": 1,
        "stdev": 0
    },
    "silence_rate_60dB": {
        "max": 1,
        "mean": 0.00237981905229,
        "min": 0,
        "stdev": 0.0487257987261
    },
    "spectral_centroid": {
        "max": 4331.40185547,
        "mean": 1243.01281738,
        "min": 319.908172607,
        "stdev": 581.318969727
    },
    "spectral_complexity": {
        "max": 48,
        "mean": 20.039981842,
        "min": 2,
        "stdev": 7.52702999115
    },
    "spectral_decrease": {
        "max": -2.8727228929e-10,
        "mean": -7.93752175099e-09,
        "min": -2.74525717714e-08,
        "stdev": 2.94748447871e-09
    },
    "spectral_energy": {
        "max": 0.10866907984,
        "mean": 0.032328158617,
        "min": 0.001198333106,
        "stdev": 0.0117661086842
    },
    "spectral_energyband_high": {
        "max": 0.00579215632752,
        "mean": 0.000800093926955,
        "min": 9.44626754062e-06,
        "stdev": 0.000852572964504
    },
    "spectral_energyband_low": {
        "max": 0.0418694503605,
        "mean": 0.00459419889376,
        "min": 1.37926435855e-05,
        "stdev": 0.0043286299333
    },
    "spectral_energyband_middle_high": {
        "max": 0.0366126745939,
        "mean": 0.00739499507472,
        "min": 0.000230843710597,
        "stdev": 0.00549551099539
    },
    "spectral_energyband_middle_low": {
        "max": 0.0968072041869,
        "mean": 0.0202940404415,
        "min": 0.000431567605119,
        "stdev": 0.0112962862477
    },
    "spectral_entropy": {
        "max": 8.65132522583,
        "mean": 7.31914234161,
        "min": 6.30283403397,
        "stdev": 0.328748852015
    },
    "spectral_flux": {
        "max": 0.258206248283,
        "mean": 0.0846805498004,
        "min": 0.0183673407882,
        "stdev": 0.0318096727133
    },
    "spectral_kurtosis": {
        "max": 22.462053299,
        "mean": 4.58709287643,
        "min": -0.295807361603,
        "stdev": 2.61657905579
    },
    "spectral_rms": {
        "max": 0.0102965338156,
        "mean": 0.00551449414343,
        "min": 0.00108125177212,
        "stdev": 0.00106302439235
    },
    "spectral_rolloff": {
        "max": 9087.01171875,
        "mean": 1393.33959961,
        "min": 215.33203125,
        "stdev": 885.888244629
    },
    "spectral_skewness": {
        "max": 3.85811972618,
        "mean": 1.59761679173,
        "min": 0.291651904583,
        "stdev": 0.48807322979
    },
    "spectral_spread": {
        "max": 24789202,
        "mean": 3977947.75,
        "min": 2340214.75,
        "stdev": 839665.3125
    },
    "spectral_strongpeak": {
        "max": 10.2583312988,
        "mean": 1.69000661373,
        "min": 0,
        "stdev": 1.31906092167
    },
    "zerocrossingrate": {
        "max": 0.26806640625,
        "mean": 0.0534048601985,
        "min": 0.01123046875,
        "stdev": 0.0210359320045
    },
    "barkbands": {
        "max": [0.000699612079188, 0.0332204475999, 0.0256223380566, 0.0301157906651, 0.0516031682491, 0.0358739495277, 0.0316755101085, 0.02971226722, 0.0349612757564, 0.0297566372901, 0.0279761943966, 0.0140565745533, 0.0188390891999, 0.0208029169589, 0.0111705902964, 0.00750787183642, 0.00921909604222, 0.00482377456501, 0.00739863188937, 0.00652561243623, 0.00433780904859, 0.00258349487558, 0.00114702386782, 0.00120670197066, 0.000506632321049, 8.82916720002e-05, 3.56847954208e-06],
        "mean": [7.92041973909e-05, 0.00198059435934, 0.00208378606476, 0.00143510580529, 0.00401832116768, 0.00368293840438, 0.00329834315926, 0.00224423967302, 0.00502114044502, 0.00111304433085, 0.000997907365672, 0.000936291529797, 0.000971656001639, 0.000716457958333, 0.000843115558382, 0.000495960586704, 0.000710657623131, 0.00035914502223, 0.000364326726412, 0.000393513677409, 0.000228091768804, 0.000180732924491, 8.63750392455e-05, 5.71510790905e-05, 2.60056131083e-05, 4.07229254051e-06, 3.79627529412e-09],
        "min": [2.01286653123e-07, 1.84968087069e-06, 6.07552749443e-07, 4.53544089396e-07, 3.72894555767e-06, 9.14434622246e-06, 1.92726747628e-05, 6.63258163058e-07, 1.45456931477e-06, 2.72378224508e-06, 4.77247454e-07, 2.78849643109e-06, 1.86371107702e-06, 2.15021577787e-06, 4.3163704504e-06, 1.87897717296e-06, 7.3727878771e-06, 3.58728129868e-06, 5.03599903823e-06, 1.80651272785e-06, 1.96340715775e-06, 1.52589461777e-06, 1.34213564706e-06, 4.16617410792e-07, 1.97030914251e-07, 4.43235457226e-08, 1.26024052305e-10],
        "stdev": [7.53465938033e-05, 0.00241583585739, 0.00274507934228, 0.00292141526006, 0.00584433879703, 0.00374078890309, 0.00388672482222, 0.00293000531383, 0.00553729245439, 0.00251123309135, 0.00221587787382, 0.00153246615082, 0.0019518051995, 0.00147675524931, 0.00119496800471, 0.000864935398567, 0.00104850169737, 0.000469704566058, 0.000526347896084, 0.000536117819138, 0.0003376295208, 0.000226107251365, 0.000106638653961, 8.18746484583e-05, 4.9515387218e-05, 6.53910956316e-06, 8.19210370651e-08]
    },
    "erbbands": {
        "max": [0.771608412266, 8.4631023407, 27.2666854858, 39.4363098145, 273.652526855, 263.122589111, 385.610046387, 337.732727051, 542.513061523, 539.623657227, 831.829162598, 854.737976074, 970.867492676, 1156.65856934, 924.420471191, 586.477294922, 599.472412109, 806.823059082, 503.006347656, 639.913146973, 353.014129639, 643.753356934, 335.614105225, 535.755615234, 336.537963867, 241.682495117, 278.466674805, 82.8929595947, 98.2464447021, 62.5228118896, 32.2094230652, 24.3969745636, 19.4158554077, 8.67966270447, 2.21819472313, 0.619470894337, 0.133178666234, 0.00755047332495, 0.000512442027684, 0.000129557825858],
        "mean": [0.0449819341302, 0.508301913738, 2.20201253891, 3.50084137917, 11.8692569733, 12.1255540848, 20.1049785614, 30.1799793243, 43.4736709595, 47.4843521118, 72.267578125, 109.456321716, 56.4063720703, 34.2475738525, 32.9853515625, 41.0597763062, 42.3241844177, 43.1838340759, 37.5264625549, 39.3256759644, 27.9194564819, 39.504486084, 20.036485672, 24.4768352509, 15.9719295502, 15.6640644073, 13.9985179901, 7.46277999878, 7.12615919113, 3.94599103928, 2.26359176636, 1.43805229664, 0.832125842571, 0.381311029196, 0.117788635194, 0.0330760516226, 0.00498330127448, 0.000177495778189, 2.52478384937e-05, 3.9554633986e-05],
        "min": [0.000158793322043, 0.000213509832975, 0.00123690487817, 0.00210242159665, 0.00395407201722, 0.0144586469978, 0.0948510766029, 0.0851453021169, 0.209362238646, 0.0850297287107, 0.0527097582817, 0.110845021904, 0.20050239563, 0.262335419655, 0.237158223987, 0.214108705521, 0.269310802221, 0.306738913059, 0.337634444237, 0.457889020443, 0.270260244608, 0.41290807724, 0.247699916363, 0.302699655294, 0.174795091152, 0.0979943498969, 0.103627979755, 0.0777587741613, 0.0536764450371, 0.055373840034, 0.0330131873488, 0.0149125019088, 0.00544927967712, 0.00269473507069, 0.00104952359106, 0.00042251177365, 3.0830175092e-05, 1.13547514502e-06, 8.67828021001e-07, 1.50349978867e-06],
        "stdev": [0.0498110093176, 0.629767000675, 2.57846093178, 4.59659194946, 26.7949619293, 17.6557273865, 26.8586273193, 33.284614563, 58.2181663513, 53.8415298462, 73.8309936523, 127.884681702, 101.449577332, 81.612197876, 56.6655273438, 67.4169616699, 71.8465423584, 75.4260559082, 51.1892700195, 58.2737045288, 39.7770042419, 59.3759765625, 25.1448287964, 36.5767288208, 23.055065155, 21.8412590027, 22.7635250092, 8.20594406128, 8.88348674774, 5.2822933197, 2.9103140831, 1.9496358633, 1.30108141899, 0.658305704594, 0.192242905498, 0.0527517199516, 0.00876196380705, 0.000370181573089, 1.82761759788e-05, 1.42761264215e-05]
    },
    "gfcc": {
        "mean": [18.5466136932, 113.382545471, -138.639083862, 35.1837387085, -76.0815124512, 11.5005226135, -40.3656158447, 8.46088886261, -15.2474927902, 1.6149532795, -11.9714679718, -7.98699569702, -7.44898748398],
        "cov": [[1303.86877441, -396.243011475, -242.290222168, 269.358276367, -21.3660163879, 4.86188459396, -22.5498371124, 63.3961219788, -19.968957901, 43.5009841919, -103.824066162, -94.0986557007, -40.998550415], [-396.243011475, 528.048461914, 209.247924805, -182.437210083, 58.4944648743, -23.6366844177, 6.7546916008, -33.5909767151, 36.9425315857, -52.8156585693, 59.9464683533, 15.1054296494, 8.0826883316], [-242.290222168, 209.247924805, 529.633728027, -61.3550949097, -25.8999519348, 33.7857246399, -52.0508155823, 30.4681777954, -52.2979774475, -5.27896547318, -25.5235843658, -16.3244152069, -73.9270553589], [269.358276367, -182.437210083, -61.3550949097, 344.875732422, 96.2217407227, -41.8684654236, -41.2786026001, 12.2583885193, 5.6606631279, -4.17377758026, -19.2197761536, -29.490114212, 29.9991512299], [-21.3660163879, 58.4944648743, -25.8999519348, 96.2217407227, 227.368103027, 45.2222747803, 15.2186632156, 10.06387043, -21.1721611023, -17.6097793579, 0.584420800209, 28.8569355011, 25.6382808685], [4.86188459396, -23.6366844177, 33.7857246399, -41.8684654236, 45.2222747803, 173.116836548, 98.1027984619, 0.16139113903, -56.0394020081, -0.48835927248, -14.760632515, 18.978723526, -31.4156742096], [-22.5498371124, 6.7546916008, -52.0508155823, -41.2786026001, 15.2186632156, 98.1027984619, 156.97227478, 21.0094299316, -27.9400863647, -0.00323607679456, 5.08782720566, 23.7129325867, -15.537320137], [63.3961219788, -33.5909767151, 30.4681777954, 12.2583885193, 10.06387043, 0.16139113903, 21.0094299316, 118.610084534, 40.3470497131, 21.0116767883, -10.9591197968, -16.2992534637, -7.07078838348], [-19.968957901, 36.9425315857, -52.2979774475, 5.6606631279, -21.1721611023, -56.0394020081, -27.9400863647, 40.3470497131, 144.699951172, 44.2011413574, 18.8249740601, -9.53537845612, 21.074180603], [43.5009841919, -52.8156585693, -5.27896547318, -4.17377758026, -17.6097793579, -0.48835927248, -0.00323607679456, 21.0116767883, 44.2011413574, 94.033821106, 31.6954059601, 3.94197535515, -19.5922164917], [-103.824066162, 59.9464683533, -25.5235843658, -19.2197761536, 0.584420800209, -14.760632515, 5.08782720566, -10.9591197968, 18.8249740601, 31.6954059601, 114.359222412, 45.2278175354, 8.94663238525], [-94.0986557007, 15.1054296494, -16.3244152069, -29.490114212, 28.8569355011, 18.978723526, 23.7129325867, -16.2992534637, -9.53537845612, 3.94197535515, 45.2278175354, 95.2482299805, 27.6269302368], [-40.998550415, 8.0826883316, -73.9270553589, 29.9991512299, 25.6382808685, -31.4156742096, -15.537320137, -7.07078838348, 21.074180603, -19.5922164917, 8.94663238525, 27.6269302368, 92.3874664307]],
        "icov": [[0.00164269772358, -0.00156422134023, 0.00217005074956, -0.0022941690404, 0.00207697204314, -0.00174620433245, 0.00225926889107, -0.00244836206548, 0.00237185368314, -0.00226129242219, 0.00232516345568, -0.000907977111638, 0.00139538978692], [-0.00156422134023, 0.0130938785151, -0.00925129652023, 0.0097661325708, -0.0109439501539, 0.00850524939597, -0.0102789020166, 0.0105065917596, -0.0115654226393, 0.0114053478464, -0.0102694984525, 0.00814053788781, -0.00379194947891], [0.00217005074956, -0.00925129652023, 0.00999255757779, -0.00735058542341, 0.00855931639671, -0.0075924936682, 0.0102968309075, -0.00983128976077, 0.00986175891012, -0.00821473728865, 0.00814239960164, -0.00635397527367, 0.00529722357169], [-0.0022941690404, 0.0097661325708, -0.00735058542341, 0.0120829790831, -0.0107033299282, 0.00789350457489, -0.00791912525892, 0.00843100715429, -0.0086724832654, 0.00840332824737, -0.008181091398, 0.00771369133145, -0.00446403538808], [0.00207697204314, -0.0109439501539, 0.00855931639671, -0.0107033299282, 0.0157865975052, -0.0101104918867, 0.0101910522208, -0.0106658516452, 0.0104665458202, -0.00875799637288, 0.00883331429213, -0.00878931954503, 0.0028104770463], [-0.00174620433245, 0.00850524939597, -0.0075924936682, 0.00789350457489, -0.0101104918867, 0.0181119404733, -0.0142550105229, 0.00889773387462, -0.00577640393749, 0.00560146151111, -0.00478789396584, 0.00442421110347, -0.00126311869826], [0.00225926889107, -0.0102789020166, 0.0102968309075, -0.00791912525892, 0.0101910522208, -0.0142550105229, 0.0216169860214, -0.0130269536749, 0.0109056048095, -0.00811523757875, 0.00767918070778, -0.00842231698334, 0.00524199288338], [-0.00244836206548, 0.0105065917596, -0.00983128976077, 0.00843100715429, -0.0106658516452, 0.00889773387462, -0.0130269536749, 0.0209941156209, -0.0137056875974, 0.0080223204568, -0.0076175541617, 0.00823889672756, -0.00410717539489], [0.00237185368314, -0.0115654226393, 0.00986175891012, -0.0086724832654, 0.0104665458202, -0.00577640393749, 0.0109056048095, -0.0137056875974, 0.0223380010575, -0.0155483800918, 0.00915663875639, -0.00568796508014, 0.00110943475738], [-0.00226129242219, 0.0114053478464, -0.00821473728865, 0.00840332824737, -0.00875799637288, 0.00560146151111, -0.00811523757875, 0.0080223204568, -0.0155483800918, 0.0264924224466, -0.0136322975159, 0.00558373052627, 0.00109631347004], [0.00232516345568, -0.0102694984525, 0.00814239960164, -0.008181091398, 0.00883331429213, -0.00478789396584, 0.00767918070778, -0.0076175541617, 0.00915663875639, -0.0136322975159, 0.0217167921364, -0.0122292423621, 0.00430553499609], [-0.000907977111638, 0.00814053788781, -0.00635397527367, 0.00771369133145, -0.00878931954503, 0.00442421110347, -0.00842231698334, 0.00823889672756, -0.00568796508014, 0.00558373052627, -0.0122292423621, 0.0223922505975, -0.0085767256096], [0.00139538978692, -0.00379194947891, 0.00529722357169, -0.00446403538808, 0.0028104770463, -0.00126311869826, 0.00524199288338, -0.00410717539489, 0.00110943475738, 0.00109631347004, 0.00430553499609, -0.0085767256096, 0.0189482290298]]
    },
    "melbands": {
        "max": [0.00783225893974, 0.0111191589385, 0.0158117637038, 0.0129133081064, 0.0109369326383, 0.00716764619574, 0.00715362280607, 0.00476690242067, 0.00666310545057, 0.00621794955805, 0.005074610468, 0.0042834430933, 0.00244469870813, 0.00144020991866, 0.0018928310601, 0.00239448319189, 0.00182738609146, 0.0011193358805, 0.00102496042382, 0.000532522506546, 0.000337171542924, 0.000679444056004, 0.000325109402183, 0.000197756889975, 0.000564801332075, 0.000214222513023, 0.000368250272004, 0.000145069221617, 0.00024687408586, 0.000115846625704, 3.64005609299e-05, 8.47495975904e-05, 3.64336156053e-05, 3.38295249094e-05, 1.87873774848e-05, 1.8875931346e-05, 1.7237083739e-05, 1.56226342369e-05, 1.07998139356e-05, 6.09609469393e-06],
        "mean": [0.000481125112856, 0.000967050844338, 0.000886554713361, 0.000893913558684, 0.000644218467642, 0.000718755531125, 0.000665641680826, 0.000482224946609, 0.000683098274749, 0.00068824167829, 0.000263199588517, 0.00012907308701, 0.000111111963633, 9.05329798115e-05, 0.000115700728202, 9.73401402007e-05, 7.81755661592e-05, 5.51051853108e-05, 6.99110460118e-05, 4.3945008656e-05, 2.91729284072e-05, 4.73879881611e-05, 1.95015963982e-05, 1.72417494468e-05, 2.10802536458e-05, 9.81984612736e-06, 1.24356993183e-05, 1.00080433185e-05, 1.08864751382e-05, 5.56830946152e-06, 3.70353313883e-06, 4.71691191706e-06, 2.46504555435e-06, 2.01017110157e-06, 1.35415120894e-06, 9.91956653706e-07, 8.2693816239e-07, 6.01878582529e-07, 4.99924681208e-07, 2.56577607161e-07],
        "min": [2.00843328457e-06, 7.59865201871e-07, 4.15890838212e-07, 7.28245595383e-07, 1.47825051044e-06, 1.37804818223e-06, 3.93875006921e-06, 2.19795282419e-07, 1.48562918412e-07, 1.77919275757e-07, 6.9139292691e-07, 6.74858256389e-07, 1.05642079973e-07, 1.72948475097e-07, 5.18308183928e-07, 1.89011402085e-07, 4.76383291925e-07, 2.73089938219e-07, 2.69321986934e-07, 2.82350953285e-07, 2.48890074772e-07, 4.20836556714e-07, 1.56634300197e-07, 2.4408001309e-07, 1.2394563953e-07, 1.38708273312e-07, 5.18417166973e-08, 7.10817218419e-08, 6.77260842963e-08, 5.55978054706e-08, 3.22624842397e-08, 2.73776219473e-08, 2.45918592157e-08, 2.50842706606e-08, 1.64006301873e-08, 1.20130456693e-08, 5.68806335366e-09, 3.90568510866e-09, 3.09527559139e-09, 1.87270576824e-09],
        "stdev": [0.000566979055293, 0.00102497800253, 0.00151953101158, 0.00139202259015, 0.000811627774965, 0.000735718989745, 0.000807051197626, 0.000570384203456, 0.000725546444301, 0.000837850559037, 0.000509383855388, 0.000315290584695, 0.000206158321816, 0.000150767431478, 0.000210625963518, 0.000224224364501, 0.00015486664779, 9.28138179006e-05, 0.000105557148345, 7.60340844863e-05, 4.38413371739e-05, 7.46741061448e-05, 2.79117157334e-05, 2.33872160607e-05, 3.5612803913e-05, 1.59856572282e-05, 1.97117296921e-05, 1.50440218931e-05, 2.170780499e-05, 9.25934000406e-06, 3.9911760723e-06, 6.89675334797e-06, 2.92809750135e-06, 2.83127246803e-06, 1.78146206053e-06, 1.30231194362e-06, 1.17954164125e-06, 1.01044622625e-06, 8.89377417934e-07, 4.55020312984e-07]
    },
    "melbands128": {
        "max": [0.000679600285366, 0.00493039609864, 0.0123599972576, 0.0154472086579, 0.0156251806766, 0.0143038965762, 0.00858837924898, 0.0219404641539, 0.0385851152241, 0.0218604598194, 0.0202070940286, 0.0131306741387, 0.019525129348, 0.0111208949238, 0.0113435853273, 0.01111343503, 0.0132253551856, 0.00763328326866, 0.0065536107868, 0.00980411469936, 0.0086155263707, 0.00757731031626, 0.0119976755232, 0.013808015734, 0.00801793299615, 0.0138767464086, 0.00820708740503, 0.00932176783681, 0.00706615950912, 0.00403027562425, 0.00940981507301, 0.00594901526347, 0.00307091302238, 0.00692322803661, 0.00242509809323, 0.00332085974514, 0.0033764205873, 0.00416495744139, 0.0027039188426, 0.00296472106129, 0.00559718441218, 0.00296784867533, 0.00294981617481, 0.00536244409159, 0.00223455275409, 0.00143204862252, 0.00162266124971, 0.00197652657516, 0.00233755772933, 0.000826355069876, 0.00106267596129, 0.00150526140351, 0.000540095905308, 0.000569008523598, 0.00180485507008, 0.00114044977818, 0.00142468314152, 0.000807337462902, 0.000336379947839, 0.000760930415709, 0.000360680976883, 0.000346740271198, 0.000698576099239, 0.000912595889531, 0.000233212442254, 0.000233069164096, 0.00047900271602, 0.000465580698801, 0.000456281559309, 0.000379995704861, 0.00026357563911, 0.000313860131428, 0.000366384309018, 0.000563766108826, 0.00017938525707, 0.000224182018428, 0.000100344099337, 8.2438615209e-05, 3.91342946386e-05, 5.66234703001e-05, 0.000170481594978, 6.28225388937e-05, 6.63490354782e-05, 3.99182863475e-05, 5.19074164913e-05, 9.48350934777e-05, 3.1528994441e-05, 3.07836817228e-05, 1.96515175048e-05, 3.17123922287e-05, 2.51943638432e-05, 1.62139585882e-05, 2.83759363811e-05, 2.09683057619e-05, 1.82078510989e-05, 2.43699341809e-05, 2.03288400371e-05, 1.29156524054e-05, 1.40539686981e-05, 1.58995353559e-05, 8.9498125817e-06, 7.36500624043e-06, 4.88080786454e-06, 2.81013444692e-06, 5.64220908927e-06, 1.56686451191e-06, 2.88419323624e-06, 1.88748049368e-06, 1.27412863549e-06, 7.32245780455e-07, 6.83232656229e-07, 8.3154600361e-07, 2.77196392062e-07, 3.04025604692e-07, 1.82449824138e-07, 1.71907075242e-08, 1.69193672406e-08, 1.65600475555e-08, 1.6202065467e-08, 1.5798088171e-08, 1.54186619028e-08, 1.51043888508e-08, 1.48762850927e-08, 1.45979841548e-08, 1.4451128294e-08, 1.42348888232e-08, 1.41253968522e-08, 1.4051188657e-08],
        "mean": [6.23232335784e-05, 0.000296651851386, 0.000640284444671, 0.000865213572979, 0.00113866908941, 0.000962951860856, 0.000568261777516, 0.000862108310685, 0.00139841053169, 0.000920220278203, 0.000611591502093, 0.000458727678051, 0.000699802534655, 0.00082614395069, 0.000638984842226, 0.000650717003737, 0.000869393465109, 0.000497519620694, 0.000721617427189, 0.000506149488501, 0.000407125422498, 0.00027198845055, 0.000830162374768, 0.00100687029772, 0.000593879434746, 0.000797932385467, 0.000281635468127, 0.000273926358204, 0.000147832295625, 7.09037558408e-05, 0.000176149769686, 0.000139390176628, 6.91922905389e-05, 0.00014725663641, 6.02833242738e-05, 7.58002424845e-05, 0.000120427015645, 0.000173124208231, 5.73303623241e-05, 7.04342164681e-05, 0.000147121958435, 7.06327773514e-05, 6.22417137492e-05, 0.000110297260107, 4.25711441494e-05, 4.26534024882e-05, 6.18023186689e-05, 9.44386556512e-05, 6.36330223642e-05, 2.93037865049e-05, 5.40235851076e-05, 4.57957394246e-05, 1.68040205608e-05, 2.07087305171e-05, 5.55065525987e-05, 5.80022206123e-05, 3.67573993572e-05, 1.75966215465e-05, 1.45742769746e-05, 1.94938129425e-05, 1.35247910293e-05, 1.6751630028e-05, 3.18657112075e-05, 1.93509331439e-05, 8.95965877135e-06, 8.41402106744e-06, 1.10327127913e-05, 1.33103876578e-05, 1.38384421007e-05, 9.25419499254e-06, 7.7552122093e-06, 1.03958436739e-05, 1.74689794221e-05, 1.00928255051e-05, 4.37848257206e-06, 7.31974796508e-06, 4.65398579763e-06, 3.90332525058e-06, 3.20374783769e-06, 3.96983023165e-06, 5.90788022237e-06, 4.52078847957e-06, 2.89762147077e-06, 2.1074254164e-06, 2.24073619393e-06, 2.52533732237e-06, 1.69725376509e-06, 1.56257567596e-06, 1.38400071137e-06, 1.16227818125e-06, 1.06732352378e-06, 8.79523895492e-07, 9.84491862255e-07, 8.10753363112e-07, 7.99555152753e-07, 6.6430931156e-07, 5.65897835259e-07, 4.67487694777e-07, 5.89541116369e-07, 4.66084514983e-07, 2.94258086342e-07, 2.35954132677e-07, 2.00639973968e-07, 1.46114189192e-07, 1.44994814377e-07, 8.32272419871e-08, 9.16307172361e-08, 6.56458922776e-08, 5.47192016143e-08, 4.20756478547e-08, 2.9189040518e-08, 2.27949641385e-08, 1.1172224923e-08, 4.22810142453e-09, 1.56146884311e-09, 7.70136732164e-11, 2.02599343552e-11, 1.7432211924e-11, 1.70236082175e-11, 1.65806535168e-11, 1.61612147276e-11, 1.58208134093e-11, 1.55650856787e-11, 1.52551582477e-11, 1.48861444005e-11, 1.43616273388e-11, 1.40687201472e-11, 1.39652144016e-11],
        "min": [3.72600545973e-08, 6.15255999037e-07, 2.53024609265e-07, 9.20006399951e-08, 3.01347455434e-07, 3.26432029851e-07, 1.80727099064e-07, 1.56768322768e-07, 1.62738771792e-07, 2.96629735885e-07, 4.25135695536e-08, 3.30449068997e-07, 2.07960624721e-07, 4.99461407344e-07, 3.94786326297e-07, 1.28554546563e-07, 7.54332972974e-07, 6.58975181977e-07, 2.23557762524e-07, 9.17878040241e-08, 3.82034208712e-08, 9.70001750034e-08, 8.35591009718e-08, 9.24198246821e-08, 7.21799082726e-08, 5.97233622557e-08, 1.91473162658e-07, 1.12338483405e-07, 6.58308962898e-08, 2.44069553901e-07, 4.24762482965e-08, 5.58171109333e-08, 3.92116668024e-08, 4.21011634444e-08, 3.8152798254e-08, 3.25795141976e-08, 2.1459057109e-07, 1.26948393131e-07, 4.60340210395e-08, 1.11103716449e-07, 7.46676533936e-08, 6.05511374374e-08, 4.96907475167e-08, 1.05260099303e-07, 3.70815556039e-08, 1.46690162239e-08, 3.3097858676e-08, 9.54343661874e-08, 6.74148807889e-08, 5.44677689618e-08, 4.24157597934e-08, 6.62902834847e-08, 2.98389828401e-08, 4.53492248198e-08, 1.60915121228e-07, 8.35139317701e-08, 6.3309869347e-08, 2.27963070643e-08, 7.14189667406e-08, 1.03380152439e-07, 6.77813360994e-08, 5.02154051674e-08, 4.30102815585e-08, 6.93231783089e-08, 4.51192150308e-08, 2.11448725196e-08, 1.45323078016e-08, 5.40509752511e-08, 2.15252420332e-08, 1.46760896769e-08, 2.70586948403e-08, 4.70307384148e-08, 1.71665597293e-08, 1.56118371564e-08, 1.51695900286e-08, 3.91690520019e-08, 1.16062981448e-08, 1.62293769534e-08, 1.82870323329e-08, 7.79559705677e-09, 2.61516550637e-08, 1.66629838816e-08, 1.11103366507e-08, 1.05103667991e-08, 2.29705410248e-08, 1.59234989638e-08, 8.8727256653e-09, 1.05581197118e-08, 7.7697945855e-09, 1.1999294891e-09, 2.4778332719e-09, 4.86518914045e-09, 3.93491239592e-09, 1.80382120352e-09, 1.3479362071e-09, 3.02690428278e-09, 4.02608124617e-09, 2.4408475241e-09, 3.44341888336e-09, 1.93028282247e-09, 4.22867241223e-10, 1.22464949293e-09, 3.56363688558e-10, 1.35351740926e-09, 1.02221131559e-09, 7.84231846129e-10, 8.62096061205e-10, 6.14657158504e-10, 5.51996559572e-10, 2.42021763741e-10, 2.24939122884e-10, 2.70622283263e-12, 5.48616599198e-13, 5.32473154111e-13, 3.51105375242e-13, 4.41327340341e-13, 4.01942205647e-13, 3.66106748867e-13, 3.60334483605e-13, 3.69044015182e-13, 3.63003247253e-13, 3.36560396523e-13, 3.72308114243e-13, 3.58818606338e-13, 2.89928400298e-13, 9.66681501014e-14, 1.58229905009e-14, 5.76836742739e-16],
        "stdev": [6.27908448223e-05, 0.000327875692165, 0.000914759177249, 0.00118722335901, 0.0013536036713, 0.00137893774081, 0.000787879340351, 0.00210977206007, 0.00364322215319, 0.00148015713785, 0.00120857160073, 0.000934077601414, 0.00117035163566, 0.00116801867262, 0.00104177929461, 0.00102468999103, 0.00152575597167, 0.000763621123042, 0.000915692886338, 0.00081020523794, 0.000813230115455, 0.000541221757885, 0.000989550142549, 0.00155284558423, 0.00096738350112, 0.00147335894872, 0.000795926549472, 0.00081151665654, 0.000447700411314, 0.000217454056838, 0.000604488654062, 0.000455918954685, 0.000181420007721, 0.000357109791366, 0.00015716550115, 0.000227284966968, 0.00028513095458, 0.000385872612242, 0.00016541450168, 0.000221904585487, 0.000415641639847, 0.000267618073849, 0.000173184918822, 0.000329868809786, 0.000137921466376, 0.000118844167446, 0.000142299875733, 0.00017219466099, 0.000144896068377, 7.28817540221e-05, 0.00012041509035, 0.000114028094686, 4.30147410952e-05, 4.40242656623e-05, 0.000134769914439, 0.000114215989015, 9.37482836889e-05, 5.01826943946e-05, 2.68077037617e-05, 4.76469213027e-05, 2.83524132101e-05, 3.46375600202e-05, 6.2024613726e-05, 4.68650323455e-05, 1.92577572307e-05, 1.78784976015e-05, 2.82183973468e-05, 2.7047983167e-05, 3.03514661937e-05, 2.367725574e-05, 2.0161667635e-05, 2.08251167351e-05, 4.17991286668e-05, 3.08075832436e-05, 1.11402478069e-05, 1.70455696207e-05, 8.12630605651e-06, 6.76665285937e-06, 4.40024859927e-06, 6.24920267001e-06, 1.30377729874e-05, 6.70967665428e-06, 4.42755299446e-06, 3.24661868945e-06, 3.57976387022e-06, 5.69485700908e-06, 2.89352146865e-06, 2.38509096562e-06, 2.05548462873e-06, 2.32667571254e-06, 1.73553075911e-06, 1.29114596348e-06, 1.95054167307e-06, 1.25224312342e-06, 1.3232878473e-06, 1.30539672227e-06, 1.11016788651e-06, 7.45406225633e-07, 1.15351588192e-06, 1.09661300485e-06, 5.84846361562e-07, 5.46528667655e-07, 3.08532037252e-07, 2.33078054634e-07, 3.57939001105e-07, 1.2575975461e-07, 1.96608496594e-07, 1.13346317221e-07, 9.21750356042e-08, 7.0718037648e-08, 4.67161704876e-08, 5.64149615911e-08, 1.96501215299e-08, 1.50185606174e-08, 7.90757770375e-09, 5.83317505409e-10, 3.97205407454e-10, 3.80581566262e-10, 3.72063685417e-10, 3.62624402728e-10, 3.53852835921e-10, 3.46478401525e-10, 3.40986128222e-10, 3.34600264162e-10, 3.31020821864e-10, 3.26163179798e-10, 3.23636256683e-10, 3.21899923383e-10]
    },
    "mfcc": {
        "mean": [-612.82019043, 128.8412323, -3.56396389008, 19.0904464722, -7.8801074028, -0.476828485727, -11.0551452637, -0.61775636673, -1.30988061428, 3.96200323105, 2.11902308464, 1.97579646111, -3.09038639069],
        "cov": [[1644.67089844, -628.141540527, -275.814605713, 181.216033936, -15.5567426682, -31.8633155823, -28.274023056, -61.1854972839, 84.8150177002, 92.4406509399, -16.712890625, -0.958990991116, -49.1227645874], [-628.141540527, 705.856323242, 160.923217773, -167.79977417, 18.629322052, -22.9535179138, 1.29398822784, 33.6941680908, -46.2371406555, -48.2869873047, 26.3068752289, 15.0142803192, 32.3283538818], [-275.814605713, 160.923217773, 438.112854004, -41.0431213379, -1.11622345448, -32.4729423523, -2.35245132446, -17.2762641907, -33.7958602905, 17.4811058044, 47.1697502136, 7.56880235672, -18.732252121], [181.216033936, -167.79977417, -41.0431213379, 268.41583252, 115.538360596, -18.4951667786, -23.1482543945, -21.0688552856, 20.333990097, 16.8240833282, -52.6357345581, 10.1172370911, 10.7973966599], [-15.5567426682, 18.629322052, -1.11622345448, 115.538360596, 200.828491211, -1.26621425152, -9.76232147217, -6.88438129425, 15.661242485, 6.65613460541, -61.4993743896, 2.02427172661, 21.6240386963], [-31.8633155823, -22.9535179138, -32.4729423523, -18.4951667786, -1.26621425152, 160.445144653, 81.414276123, 34.3857383728, -2.55033874512, -50.0748748779, 10.5270328522, -6.95242118835, -9.98916435242], [-28.274023056, 1.29398822784, -2.35245132446, -23.1482543945, -9.76232147217, 81.414276123, 182.87802124, 66.9410018921, -8.86748504639, -26.4319152832, -12.8046236038, 7.70593452454, 7.439473629], [-61.1854972839, 33.6941680908, -17.2762641907, -21.0688552856, -6.88438129425, 34.3857383728, 66.9410018921, 100.266357422, 26.4728469849, -19.0776348114, -2.90117883682, -2.579185009, 4.90271997452], [84.8150177002, -46.2371406555, -33.7958602905, 20.333990097, 15.661242485, -2.55033874512, -8.86748504639, 26.4728469849, 107.773040771, 37.6082572937, -6.7088098526, -16.3203105927, -18.0697402954], [92.4406509399, -48.2869873047, 17.4811058044, 16.8240833282, 6.65613460541, -50.0748748779, -26.4319152832, -19.0776348114, 37.6082572937, 125.438659668, 33.325378418, 3.18378257751, -16.2103786469], [-16.712890625, 26.3068752289, 47.1697502136, -52.6357345581, -61.4993743896, 10.5270328522, -12.8046236038, -2.90117883682, -6.7088098526, 33.325378418, 146.775131226, 34.5973777771, -22.9442768097], [-0.958990991116, 15.0142803192, 7.56880235672, 10.1172370911, 2.02427172661, -6.95242118835, 7.70593452454, -2.579185009, -16.3203105927, 3.18378257751, 34.5973777771, 94.8650817871, 32.0471420288], [-49.1227645874, 32.3283538818, -18.732252121, 10.7973966599, 21.6240386963, -9.98916435242, 7.439473629, 4.90271997452, -18.0697402954, -16.2103786469, -22.9442768097, 32.0471420288, 82.7211456299]],
        "icov": [[0.00103861209936, 0.000725368619896, 0.000422852172051, -0.00015551323304, 8.78901628312e-05, 0.000363565894077, -0.000269654323347, 0.000545512069948, -0.000422551966039, -0.000153104512719, -6.77360949339e-05, -0.000243088856223, 0.000415265851188], [0.000725368619896, 0.00270701455884, -0.000316050311085, 0.0015961129684, -0.00128085946199, 0.000955843832344, 0.000115535563964, -0.000581682426855, 0.000168856582604, 0.000771481718402, -0.000502091483213, -0.000204751471756, -0.000304624612909], [0.000422852172051, -0.000316050311085, 0.00293130520731, -8.81401865627e-05, -0.000274294405244, 0.00084249820793, -0.000682088022586, 0.00072276731953, 0.000532090605702, -0.000314956909278, -0.000833463913295, 2.15235686483e-05, 0.00105686299503], [-0.00015551323304, 0.0015961129684, -8.81401865627e-05, 0.00670401146635, -0.00375341740437, 0.000689468171913, 0.000420562195359, 5.84449117014e-05, -0.000118841504445, 0.000290191470413, 0.000782990362495, -0.00122536404524, 0.000134806046844], [8.78901628312e-05, -0.00128085946199, -0.000274294405244, -0.00375341740437, 0.00846215337515, -0.00183240685146, 0.000649643945508, 0.00043618309428, -0.00080020801397, -0.00167503941339, 0.00306069548242, -0.000604370026849, -0.000957022130024], [0.000363565894077, 0.000955843832344, 0.00084249820793, 0.000689468171913, -0.00183240685146, 0.0107433116063, -0.00465986924246, 0.000585194269661, -0.00119225727394, 0.00476379692554, -0.00332642998546, 0.00132807984482, 0.00133980356622], [-0.000269654323347, 0.000115535563964, -0.000682088022586, 0.000420562195359, 0.000649643945508, -0.00465986924246, 0.0100054740906, -0.00632093427703, 0.00270693888888, -0.00194139755331, 0.0026493081823, -0.00177337939385, -3.96511168219e-05], [0.000545512069948, -0.000581682426855, 0.00072276731953, 5.84449117014e-05, 0.00043618309428, 0.000585194269661, -0.00632093427703, 0.0169528592378, -0.00637225434184, 0.00282643456012, -0.0014596428955, 0.000835108861793, -0.00133881065995], [-0.000422551966039, 0.000168856582604, 0.000532090605702, -0.000118841504445, -0.00080020801397, -0.00119225727394, 0.00270693888888, -0.00637225434184, 0.0140216788277, -0.00483988132328, 0.00148468220141, 0.000747101614252, 0.00225536269136], [-0.000153104512719, 0.000771481718402, -0.000314956909278, 0.000290191470413, -0.00167503941339, 0.00476379692554, -0.00194139755331, 0.00282643456012, -0.00483988132328, 0.013063733466, -0.00434763357043, 0.000608626345638, 0.000579695100896], [-6.77360949339e-05, -0.000502091483213, -0.000833463913295, 0.000782990362495, 0.00306069548242, -0.00332642998546, 0.0026493081823, -0.0014596428955, 0.00148468220141, -0.00434763357043, 0.012131055817, -0.00573068019003, 0.00356876896694], [-0.000243088856223, -0.000204751471756, 2.15235686483e-05, -0.00122536404524, -0.000604370026849, 0.00132807984482, -0.00177337939385, 0.000835108861793, 0.000747101614252, 0.000608626345638, -0.00573068019003, 0.0154617130756, -0.00676825735718], [0.000415265851188, -0.000304624612909, 0.00105686299503, 0.000134806046844, -0.000957022130024, 0.00133980356622, -3.96511168219e-05, -0.00133881065995, 0.00225536269136, 0.000579695100896, 0.00356876896694, -0.00676825735718, 0.0173893012106]]
    },
    "spectral_contrast_coeffs": {
        "max": [-0.423831582069, -0.394868791103, -0.49419900775, -0.534529089928, -0.567840874195, -0.558508217335],
        "mean": [-0.693498373032, -0.689798057079, -0.698835670948, -0.737829685211, -0.757203042507, -0.742434680462],
        "min": [-0.873464763165, -0.872803986073, -0.906459033489, -0.88283187151, -0.862595021725, -0.922797203064],
        "stdev": [0.0743332281709, 0.0666618645191, 0.0735185593367, 0.0572333224118, 0.0514744892716, 0.0472878366709]
    },
    "spectral_contrast_valleys": {
        "max": [-5.12934780121, -4.88918876648, -5.49983119965, -6.07906246185, -5.96049594879, -8.33622074127],
        "mean": [-6.55936479568, -6.28350639343, -7.40406084061, -7.64436864853, -7.58460044861, -10.2341461182],
        "min": [-9.46872138977, -8.99119281769, -9.22012233734, -9.34059906006, -9.19845485687, -12.1546487808],
        "stdev": [0.583196878433, 0.62110376358, 0.539098501205, 0.539961695671, 0.600227534771, 0.555654168129]
    }
},
"rhythm": {
    "beats_count": 107,
    "beats_loudness": {
        "max": 0.106240309775,
        "mean": 0.0381939932704,
        "min": 0.0111461961642,
        "stdev": 0.0157322343439
    },
    "bpm": 134.716720581,
    "bpm_histogram_first_peak_bpm": 136,
    "bpm_histogram_first_peak_weight": 0.41666662693,
    "bpm_histogram_second_peak_bpm": 129,
    "bpm_histogram_second_peak_spread": 0.380952358246,
    "bpm_histogram_second_peak_weight": 0.122641511261,
    "danceability": 1.09306716919,
    "onset_rate": 2.091796875,
    "beats_loudness_band_ratio": {
        "max": [0.803590238094, 0.672965049744, 0.723712027073, 0.663878440857, 0.363296180964, 0.232138156891],
        "mean": [0.289343327284, 0.245366841555, 0.319315701723, 0.125512421131, 0.0884528383613, 0.0403461493552],
        "min": [0.00713934237137, 0.0314386337996, 0.0107429530472, 0.00691403076053, 0.002769327024, 0.00261645624414],
        "stdev": [0.221109807491, 0.148650348186, 0.193203523755, 0.134272530675, 0.0866433307528, 0.0411626175046]
    },
