{
"metadata": {
    "version": {
        "essentia": "2.1-beta5",
        "essentia_git_sha": "Undefined",
        "extractor": "music 2.0"
    },
    "audio_properties": {
        "analysis": {
            "equal_loudness": 0,
            "length": 29.0017242432,
            "sample_rate": 44100,
            "start_time": 0,
            "downmix": "mix"
        },
        "bit_rate": 192000,
        "length": 227.482086182,
        "lossless": 0,
        "number_channels": 2,
        "replay_gain": -5.83159446716,
        "sample_rate": 48000,
        "codec": "mp3",
        "md5_encoded": "e5dd13e51deb8fe1f0e36a0718d19fbd"
    },
    "tags": {
        "file_name": "Malta_More Than Love_Moira Stafrace and Christopher Scicluna.mp3",
        "encoding": ["Lavf58.29.100"]
    }
},
"lowlevel": {
    "average_loudness": 0.463041692972,
    "barkbands_crest": {
        "max": 25.1558837891,
        "mean": 7.82666254044,
        "min": 2.45281457901,
        "stdev": 4.13201904297
    },
    "barkbands_flatness_db": {
        "max": 0.330465167761,
        "mean": 0.151328578591,
        "min": 0.0452468171716,
        "stdev": 0.0545077137649
    },
    "barkbands_kurtosis": {
        "max": 47.2007904053,
        "mean": 1.48638236523,
        "min": -1.82733654976,
        "stdev": 3.95691561699
    },
    "barkbands_skewness": {
        "max": 6.41667938232,
        "mean": 0.656410694122,
        "min": -2.59525799751,
        "stdev": 0.990341305733
    },
    "barkbands_spread": {
        "max": 51.6572189331,
        "mean": 16.412021637,
        "min": 1.27810251713,
        "stdev": 9.77680110931
    },
    "dissonance": {
        "max": 0.500000178814,
        "mean": 0.470138758421,
        "min": 0.24625454843,
        "stdev": 0.0358521863818
    },
    "dynamic_complexity": 9.41295719147,
    "erbbands_crest": {
        "max": 28.1650276184,
        "mean": 8.53751373291,
        "min": 3.1579284668,
        "stdev": 3.5012049675
    },
    "erbbands_flatness_db": {
        "max": 0.371882081032,
        "mean": 0.224134296179,
        "min": 0.136214077473,
        "stdev": 0.0409657657146
    },
    "erbbands_kurtosis": {
        "max": 22.2084445953,
        "mean": 0.735016286373,
        "min": -1.91802918911,
        "stdev": 2.08100581169
    },
    "erbbands_skewness": {
        "max": 3.96047306061,
        "mean": 0.162146389484,
        "min": -4.46009349823,
        "stdev": 0.739722490311
    },
    "erbbands_spread": {
        "max": 55.4057235718,
        "mean": 21.2280025482,
        "min": 2.98416948318,
        "stdev": 8.65062236786
    },
    "hfc": {
        "max": 175.887390137,
        "mean": 8.94911289215,
        "min": 0.00603755703196,
        "stdev": 16.4442653656
    },
    "loudness_ebu128": {
        "integrated": -20.2833271027,
        "loudness_range": 15.0504436493,
        "momentary": {
            "max": -13.944521904,
            "mean": -28.271818161,
            "min": -54.1666793823,
            "stdev": 10.0999326706
        },
        "short_term": {
            "max": -17.3842277527,
            "mean": -25.026058197,
            "min": -51.8580474854,
            "stdev": 6.79763698578
        }
    },
    "melbands_crest": {
        "max": 30.4286823273,
        "mean": 9.89769172668,
        "min": 2.84409737587,
        "stdev": 5.21261882782
    },
    "melbands_flatness_db": {
        "max": 0.386840879917,
        "mean": 0.175791054964,
        "min": 0.0504187606275,
        "stdev": 0.0776303038001
    },
    "melbands_kurtosis": {
        "max": 83.8278579712,
        "mean": 3.82951879501,
        "min": -1.66701459885,
        "stdev": 7.42946052551
    },
    "melbands_skewness": {
        "max": 7.79437685013,
        "mean": 1.2266805172,
        "min": -1.35289800167,
        "stdev": 1.18878209591
    },
    "melbands_spread": {
        "max": 95.0912399292,
        "mean": 26.7070007324,
        "min": 1.9408904314,
        "stdev": 16.7549552917
    },
    "pitch_salience": {
        "max": 0.888951361179,
        "mean": 0.675485491753,
        "min": 0.14469216764,
        "stdev": 0.127041205764
    },
    "silence_rate_20dB": {
        "max": 1,
        "mean": 1,
        "min": 1,
        "stdev": 0
    },
    "silence_rate_30dB": {
        "max": 1,
        "mean": 0.993600010872,
        "min": 0,
        "stdev": 0.0797437652946
    },
    "silence_rate_60dB": {
        "max": 1,
        "mean": 0.550400018692,
        "min": 0,
        "stdev": 0.497452586889
    },
    "spectral_centroid": {
        "max": 3074.03173828,
        "mean": 1555.19641113,
        "min": 309.526947021,
        "stdev": 685.060974121
    },
    "spectral_complexity": {
        "max": 44,
        "mean": 11.7871999741,
        "min": 0,
        "stdev": 10.8649654388
    },
    "spectral_decrease": {
        "max": -6.63949906339e-13,
        "mean": -2.17323758989e-09,
        "min": -3.43516219914e-08,
        "stdev": 4.72546535235e-09
    },
    "spectral_energy": {
        "max": 0.137088850141,
        "mean": 0.00901400484145,
        "min": 3.0535213682e-06,
        "stdev": 0.019211564213
    },
    "spectral_energyband_high": {
        "max": 0.00161851150915,
        "mean": 0.000110711756861,
        "min": 8.80952484295e-08,
        "stdev": 0.000183633062989
    },
    "spectral_energyband_low": {
        "max": 0.00105881888885,
        "mean": 0.000106011808384,
        "min": 5.23093660831e-07,
        "stdev": 0.000156100722961
    },
    "spectral_energyband_middle_high": {
        "max": 0.114686086774,
        "mean": 0.00334001611918,
        "min": 1.89403453987e-06,
        "stdev": 0.0071574812755
    },
    "spectral_energyband_middle_low": {
        "max": 0.132022559643,
        "mean": 0.00557236233726,
        "min": 3.98624734999e-07,
        "stdev": 0.0152507964522
    },
    "spectral_entropy": {
        "max": 8.3087644577,
        "mean": 7.50128269196,
        "min": 5.8871588707,
        "stdev": 0.441496431828
    },
    "spectral_flux": {
        "max": 0.361906290054,
        "mean": 0.0454739965498,
        "min": 0.00132141495124,
        "stdev": 0.052680298686
    },
    "spectral_kurtosis": {
        "max": 43.6005096436,
        "mean": 7.84870004654,
        "min": 0.905267715454,
        "stdev": 5.13807296753
    },
    "spectral_rms": {
        "max": 0.0115648275241,
        "mean": 0.0021068865899,
        "min": 5.45806287846e-05,
        "stdev": 0.00208690692671
    },
    "spectral_rolloff": {
        "max": 4220.5078125,
        "mean": 1802.32763672,
        "min": 258.3984375,
        "stdev": 872.014953613
    },
    "spectral_skewness": {
        "max": 4.82668018341,
        "mean": 1.83459627628,
        "min": 0.583777308464,
        "stdev": 0.452099889517
    },
    "spectral_spread": {
        "max": 5565582,
        "mean": 2856718.25,
        "min": 1172096.125,
        "stdev": 574823.0625
    },
    "spectral_strongpeak": {
        "max": 6.97097063065,
        "mean": 0.649008989334,
        "min": 0,
        "stdev": 0.925634920597
    },
    "zerocrossingrate": {
        "max": 0.1259765625,
        "mean": 0.0642285123467,
        "min": 0.01123046875,
        "stdev": 0.0283519420773
    },
    "barkbands": {
        "max": [6.67305575917e-05, 0.000868308357894, 0.000231703539612, 0.00210851151496, 0.0522624514997, 0.0865963250399, 0.0522283539176, 0.117096610367, 0.0544205494225, 0.0543334819376, 0.021436156705, 0.0144366687164, 0.0105639314279, 0.0405208170414, 0.0078433835879, 0.0262876451015, 0.0215378087014, 0.00945100001991, 0.00342965684831, 0.000442770571681, 0.000704084988683, 0.000356622273102, 0.00021849940822, 0.000197249901248, 0.000156313020852, 1.76893372554e-05, 3.42297639122e-08],
        "mean": [4.06237768402e-06, 6.53533425066e-05, 1.39992089316e-05, 6.84467231622e-05, 0.000784187344834, 0.0015231462894, 0.000814394501504, 0.00106638064608, 0.00111116329208, 0.000502041599248, 0.000310506206006, 0.000305213266984, 0.000367145898053, 0.000475007051136, 0.000340091792168, 0.000465126999188, 0.000382522644941, 0.0001876403403, 9.8651908047e-05, 3.61880884157e-05, 3.64610459656e-05, 2.51494475378e-05, 1.5757030269e-05, 1.03535603557e-05, 4.37932430941e-06, 6.43435100756e-07, 4.18245965639e-10],
        "min": [1.12823599352e-08, 5.01091577121e-08, 1.6320681695e-08, 1.13235132382e-09, 3.80054281379e-08, 3.11169010558e-08, 2.00062864053e-08, 2.07011954245e-08, 1.59607029815e-08, 5.23307548406e-08, 3.0529733408e-08, 5.74419303234e-08, 2.48304470318e-08, 6.48688995852e-08, 1.15847655024e-07, 2.09508215221e-07, 1.36446175247e-07, 2.61311868144e-07, 1.78968093678e-07, 6.13900263957e-09, 7.97773136441e-09, 8.88910900443e-09, 9.55396561864e-09, 1.35398217083e-08, 1.77822201408e-08, 2.60069993319e-10, 3.06259219374e-11],
        "stdev": [6.33472382106e-06, 0.000115185146569, 2.18376135308e-05, 0.000126476967125, 0.00315604149364, 0.00776320882142, 0.00403206748888, 0.0058212201111, 0.00500084087253, 0.00277109676972, 0.000959930417594, 0.000792698061559, 0.000785166688729, 0.00182147906162, 0.000554715574253, 0.00135604990646, 0.00122735148761, 0.000436299364083, 0.000237673055381, 5.73893739784e-05, 6.44251849735e-05, 4.40415351477e-05, 2.80233307421e-05, 1.9312463337e-05, 9.12163523026e-06, 1.29109298541e-06, 1.43877076919e-09]
    },
    "erbbands": {
        "max": [0.00898482277989, 0.242225334048, 0.38756531477, 2.82656478882, 63.634853363, 303.438568115, 281.908752441, 1091.55371094, 878.960998535, 1490.12414551, 2518.47827148, 1556.80212402, 1808.72827148, 1137.87060547, 525.964294434, 489.471496582, 445.606994629, 1125.99963379, 1327.4876709, 403.973480225, 1773.74841309, 1165.32373047, 492.331634521, 287.999145508, 68.9442443848, 17.3122215271, 22.6090812683, 32.4856185913, 13.8942918777, 13.1154060364, 5.86344194412, 3.54173493385, 4.55296564102, 3.0098195076, 0.38306632638, 0.141521558166, 0.0151036158204, 0.000484685093397, 8.84872642928e-05, 0.000157540023793],
        "mean": [0.00075930490857, 0.0177185870707, 0.0286184959114, 0.126254469156, 0.84874433279, 3.35274648666, 5.24093961716, 15.838057518, 13.5549659729, 14.7677221298, 27.5088787079, 24.1278514862, 17.9165802002, 12.8032531738, 12.5018424988, 12.932261467, 17.0826435089, 23.9433631897, 18.9981193542, 20.5229988098, 26.4715061188, 21.2323379517, 11.3762702942, 7.7151389122, 3.10364294052, 1.74921214581, 1.52235746384, 1.34434998035, 0.92001247406, 0.719739556313, 0.399227917194, 0.238439381123, 0.155614063144, 0.0664142146707, 0.0222276654094, 0.0057864128612, 0.000602289801463, 1.79692560778e-05, 6.12039548287e-06, 1.10849532575e-05],
        "min": [1.98224074666e-06, 1.26470285977e-05, 5.63588801015e-05, 7.80327245593e-05, 3.03124725178e-05, 0.000139099487569, 0.00016122222587, 0.000228904667892, 0.00029259789153, 0.000411405228078, 0.000546124298126, 0.000511821475811, 0.00110305228736, 0.00122519081924, 0.00227918894961, 0.00241839885712, 0.00153693044558, 0.00277143321, 0.00630000140518, 0.0101790288463, 0.0118833016604, 0.00943922437727, 0.0138851674274, 0.0202261004597, 0.00330355716869, 0.000498802750371, 0.000369551766198, 0.000314606702887, 0.000315104523906, 0.000238266846281, 0.000241363275563, 0.000300969899399, 0.000212314713281, 0.000171958905412, 0.000123840130982, 2.14113206312e-05, 1.17552883694e-06, 1.35900720011e-07, 1.6915441492e-08, 7.68771002413e-09],
        "stdev": [0.00110592530109, 0.0317935757339, 0.0458491630852, 0.215996906161, 3.9720723629, 15.2996015549, 20.4978904724, 89.6294403076, 66.8939590454, 71.9440917969, 145.400131226, 108.530273438, 82.3992767334, 57.2251319885, 33.7799987793, 27.6438274384, 34.984210968, 76.7197875977, 53.0555114746, 37.6753387451, 87.4745330811, 65.1207122803, 25.226064682, 20.1257209778, 5.34474897385, 2.60860729218, 2.56405997276, 2.50505495071, 1.61900377274, 1.30151641369, 0.710627913475, 0.434869021177, 0.306999117136, 0.147089198232, 0.0434206910431, 0.0111822830513, 0.00127087335568, 3.64169209206e-05, 1.08281310531e-05, 2.26389165618e-05]
    },
    "gfcc": {
        "mean": [-152.338012695, 105.007827759, -176.900238037, 18.5704441071, -60.2913169861, 8.94937324524, -44.4547424316, 6.95394039154, -19.3992805481, -3.36175966263, -5.82385969162, -5.07396507263, -3.56717276573],
        "cov": [[11882.8232422, -1783.06945801, -2220.38623047, -1165.1809082, -1196.28198242, -305.242645264, -179.49861145, -565.057922363, 305.827331543, -66.577835083, -134.833740234, -27.5717849731, 315.898651123], [-1783.06945801, 2692.06176758, 1173.46350098, 102.214416504, 291.473815918, -764.439758301, 143.594665527, -306.44631958, -32.4736633301, -225.575836182, 288.558532715, -296.51361084, -29.7375717163], [-2220.38623047, 1173.46350098, 877.624816895, 281.639953613, 309.872283936, -198.028381348, 62.2676315308, 0.974546909332, -60.3311080933, -54.322883606, 120.524581909, -79.0724105835, -70.0089492798], [-1165.1809082, 102.214416504, 281.639953613, 336.800506592, 189.597259521, 140.309051514, 60.5337219238, 44.3410072327, -66.2141647339, 50.1384010315, -2.84644651413, 11.2004346848, -32.8170852661], [-1196.28198242, 291.473815918, 309.872283936, 189.597259521, 276.43637085, 27.8792190552, 3.53230643272, 88.4297714233, -25.3053264618, 0.399186402559, 27.6549606323, 3.23662233353, -49.9259986877], [-305.242645264, -764.439758301, -198.028381348, 140.309051514, 27.8792190552, 489.297180176, 125.567901611, 171.113250732, -31.3795013428, 110.292297363, -98.0535125732, 62.0012779236, -40.2022743225], [-179.49861145, 143.594665527, 62.2676315308, 60.5337219238, 3.53230643272, 125.567901611, 209.411972046, 27.4645748138, -24.4173679352, 15.0335702896, 3.93473219872, -59.4925613403, -29.1078739166], [-565.057922363, -306.44631958, 0.974546909332, 44.3410072327, 88.4297714233, 171.113250732, 27.4645748138, 219.298217773, 31.2810401917, 45.5198402405, -28.0209350586, 51.651309967, -50.0506324768], [305.827331543, -32.4736633301, -60.3311080933, -66.2141647339, -25.3053264618, -31.3795013428, -24.4173679352, 31.2810401917, 90.6191864014, 20.7029018402, 12.1529312134, 2.0927696228, 11.5578842163], [-66.577835083, -225.575836182, -54.322883606, 50.1384010315, 0.399186402559, 110.292297363, 15.0335702896, 45.5198402405, 20.7029018402, 98.3501205444, -0.961262345314, 33.8031959534, -3.1001431942], [-134.833740234, 288.558532715, 120.524581909, -2.84644651413, 27.6549606323, -98.0535125732, 3.93473219872, -28.0209350586, 12.1529312134, -0.961262345314, 86.2618560791, -9.0453710556, -1.7156277895], [-27.5717849731, -296.51361084, -79.0724105835, 11.2004346848, 3.23662233353, 62.0012779236, -59.4925613403, 51.651309967, 2.0927696228, 33.8031959534, -9.0453710556, 93.9324874878, 20.1794700623], [315.898651123, -29.7375717163, -70.0089492798, -32.8170852661, -49.9259986877, -40.2022743225, -29.1078739166, -50.0506324768, 11.5578842163, -3.1001431942, -1.7156277895, 20.1794700623, 67.9711990356]],
        "icov": [[0.000298841157928, 0.000561615743209, 0.000261248700554, 0.000206041004276, -0.000205092757824, 0.000687344523612, -0.000906980480067, 0.00112962303683, -0.00102016201708, 0.000517769600265, -0.000342301238561, 0.000205957709113, 5.197939754e-05], [0.000561615743209, 0.0112366070971, -0.00765077630058, 0.00374085176736, -0.00788636691868, 0.00981744192541, -0.0121391182765, 0.0099162273109, -0.005674963817, 0.00464976392686, -0.00682088872418, 0.0078338496387, -0.00297161843628], [0.000261248700554, -0.00765077630058, 0.0109011521563, -0.00559493340552, 0.00400774832815, -0.00360287120566, 0.00653047813103, -0.0067324875854, 0.00326345697977, -0.00146825087722, 0.00186699873302, -0.00422517536208, 0.00329683627933], [0.000206041004276, 0.00374085176736, -0.00559493340552, 0.0116180237383, -0.00733959022909, 0.000660612073261, -0.00496867578477, 0.00665851682425, 0.000909055001102, -0.00383233022876, 0.00136613368522, 0.000749168975744, -0.0022167393472], [-0.000205092757824, -0.00788636691868, 0.00400774832815, -0.00733959022909, 0.0166204031557, -0.00770791852847, 0.0119661660865, -0.0113699641079, 0.0038576037623, 3.33994685207e-05, 0.00109251355752, -0.00294019677676, 0.00273432466201], [0.000687344523612, 0.00981744192541, -0.00360287120566, 0.000660612073261, -0.00770791852847, 0.0181016940624, -0.0163734760135, 0.0062762722373, -0.00316906301305, -0.000280252890661, -0.00014806658146, 0.0027166204527, 7.92210630607e-05], [-0.000906980480067, -0.0121391182765, 0.00653047813103, -0.00496867578477, 0.0119661660865, -0.0163734760135, 0.0263197999448, -0.0157478675246, 0.0107943508774, -0.00479356991127, 6.19485217612e-05, 0.00505011994392, -0.00153988960665], [0.00112962303683, 0.0099162273109, -0.0067324875854, 0.00665851682425, -0.0113699641079, 0.0062762722373, -0.0157478675246, 0.0262560360134, -0.0163755510002, 0.00556312641129, 0.000110499633593, -0.00639059441164, 0.00825770758092], [-0.00102016201708, -0.005674963817, 0.00326345697977, 0.000909055001102, 0.0038576037623, -0.00316906301305, 0.0107943508774, -0.0163755510002, 0.027418076992, -0.0114350961521, -0.0011720698094, 0.00729159638286, -0.00779594527557], [0.000517769600265, 0.00464976392686, -0.00146825087722, -0.00383233022876, 3.33994685207e-05, -0.000280252890661, -0.00479356991127, 0.00556312641129, -0.0114350961521, 0.0235971920192, -0.00935762934387, -0.00128524063621, 0.00133384251967], [-0.000342301238561, -0.00682088872418, 0.00186699873302, 0.00136613368522, 0.00109251355752, -0.00014806658146, 6.19485217612e-05, 0.000110499633593, -0.0011720698094, -0.00935762934387, 0.0294037461281, -0.0154901100323, 0.0071254549548], [0.000205957709113, 0.0078338496387, -0.00422517536208, 0.000749168975744, -0.00294019677676, 0.0027166204527, 0.00505011994392, -0.00639059441164, 0.00729159638286, -0.00128524063621, -0.0154901100323, 0.0394916422665, -0.0180297717452], [5.197939754e-05, -0.00297161843628, 0.00329683627933, -0.0022167393472, 0.00273432466201, 7.92210630607e-05, -0.00153988960665, 0.00825770758092, -0.00779594527557, 0.00133384251967, 0.0071254549548, -0.0180297717452, 0.0298912934959]]
    },
    "melbands": {
        "max": [0.00016476836754, 0.000250024022534, 0.00176512915641, 0.0102559095249, 0.00738842505962, 0.0207973718643, 0.0124164754525, 0.0141557287425, 0.0169013626873, 0.00906150788069, 0.00937816686928, 0.00516550289467, 0.00212486088276, 0.00211845082231, 0.000924340856727, 0.00125508953352, 0.00250743725337, 0.00298887398094, 0.00034763966687, 0.000812864571344, 0.00229248544201, 0.00127968250308, 0.000578266801313, 0.000510023965035, 0.00026092963526, 9.73044807324e-05, 2.16185526369e-05, 1.0487230611e-05, 1.31618771775e-05, 2.04343632504e-05, 1.69222093973e-05, 9.71867848421e-06, 7.30140163796e-06, 6.82448671796e-06, 3.83781298297e-06, 2.09709264709e-06, 3.07173604597e-06, 2.84638076664e-06, 5.11055759489e-06, 1.67260122907e-06],
        "mean": [1.32238910737e-05, 1.9511073333e-05, 3.80740420951e-05, 0.000148645383888, 0.000188146732398, 0.000337142671924, 0.000197151763132, 0.000171317107743, 0.000240557390498, 0.000141543190693, 8.7320790044e-05, 5.1855968195e-05, 4.33087552665e-05, 3.43038336723e-05, 3.4860760934e-05, 3.90215755033e-05, 4.52277745353e-05, 3.09572387778e-05, 2.61391669483e-05, 2.86716167466e-05, 3.18203383358e-05, 2.34431645367e-05, 1.37069700941e-05, 8.2220940385e-06, 6.20509308646e-06, 2.933158612e-06, 1.39198255056e-06, 1.06917786979e-06, 9.44894907207e-07, 8.92648472473e-07, 7.30330555143e-07, 5.30963006895e-07, 4.44344948392e-07, 3.8071760855e-07, 2.47052895475e-07, 1.50252503772e-07, 1.46248353872e-07, 1.19974131962e-07, 7.66513679196e-08, 4.89900990885e-08],
        "min": [4.02829449797e-08, 4.49932500146e-08, 1.79900006003e-08, 6.08697758864e-09, 6.25578788771e-09, 5.8974145567e-09, 4.32090407898e-09, 4.47674475268e-09, 3.50428708273e-09, 2.61701305071e-09, 4.95945373657e-09, 3.91854237947e-09, 5.21790655128e-09, 6.97435220687e-09, 5.83203352278e-09, 1.86686044401e-09, 5.5328754911e-09, 7.51631112905e-09, 8.2218702957e-09, 1.23974963628e-08, 1.09489377564e-08, 9.65033741807e-09, 8.68463256865e-09, 1.25496351089e-08, 1.57294177683e-08, 3.15493875469e-09, 1.9929068118e-10, 2.12649065023e-10, 1.87318688338e-10, 1.4388654157e-10, 1.70182548609e-10, 1.55745277786e-10, 1.42052550278e-10, 1.0436732728e-10, 1.26430144132e-10, 1.67546379548e-10, 1.3918939612e-10, 1.21326670932e-10, 1.50150586409e-10, 1.27016078211e-10],
        "stdev": [2.17820415855e-05, 3.24187276419e-05, 0.000120612465253, 0.000632763374597, 0.000698101008311, 0.00179913919419, 0.000945578678511, 0.000872893899214, 0.00123652850743, 0.000629700894933, 0.000425390753662, 0.000262253364781, 0.000125546837808, 0.000102353129478, 6.31414732197e-05, 9.27449436858e-05, 0.000157441900228, 0.000110845881863, 4.28431631008e-05, 6.36404947727e-05, 0.000118181924336, 7.59116228437e-05, 3.3644719224e-05, 2.09097870538e-05, 1.7265061615e-05, 6.19598722551e-06, 2.25688268074e-06, 1.63828690347e-06, 1.60311913078e-06, 1.66189511219e-06, 1.37761765018e-06, 9.6541612038e-07, 7.82544191225e-07, 7.04972023868e-07, 4.5196514975e-07, 2.6252885732e-07, 2.81670423874e-07, 2.3537043603e-07, 1.95318335727e-07, 1.06123195565e-07]
    },
    "melbands128": {
        "max": [3.16278674291e-05, 4.01415163651e-05, 0.000205227726838, 0.00051165453624, 0.000295193080092, 0.000122002908029, 0.000164552548085, 0.00161062146071, 0.00688944384456, 0.0136111266911, 0.0233927238733, 0.0141932964325, 0.011019189842, 0.0200348254293, 0.0372637882829, 0.0405851379037, 0.0240533426404, 0.0213425196707, 0.0122091434896, 0.0277265757322, 0.0201166421175, 0.0420402511954, 0.0312155969441, 0.0224867034703, 0.0182189512998, 0.0139818247408, 0.00733601022512, 0.0160987023264, 0.0146170128137, 0.00882347580045, 0.00603635841981, 0.00501468777657, 0.00322548113763, 0.00180815858766, 0.00271731545217, 0.00322688440792, 0.00109406711999, 0.00173067499418, 0.00173454370815, 0.000990634551272, 0.0019833042752, 0.00319104036316, 0.00385177321732, 0.00571056082845, 0.00715871714056, 0.00195265724324, 0.000934113748372, 0.000362256017979, 0.000506412179675, 0.00108416494913, 0.00110323308036, 0.00229786569253, 0.00254477164708, 0.00276066712104, 0.00163820933085, 0.00134357495699, 0.00115545082372, 0.00121688412037, 0.00048289244296, 0.000704210950062, 0.000525879440829, 0.000466331228381, 0.000261559529463, 0.000387750711525, 0.000212647064473, 0.000121111530461, 3.29970171151e-05, 2.35843363043e-05, 3.50477494067e-05, 2.00002759811e-05, 1.12514990178e-05, 1.72373365785e-05, 2.0140025299e-05, 1.24030657389e-05, 2.15638574446e-05, 1.95547800104e-05, 3.0498531487e-05, 2.57212686847e-05, 1.69091454154e-05, 1.45575968418e-05, 1.34028305183e-05, 7.57036696086e-06, 5.93425329498e-06, 7.64907417761e-06, 9.96287235466e-06, 1.01751857073e-05, 5.88603052165e-06, 5.69465100853e-06, 5.40369910595e-06, 3.78414870283e-06, 2.61638547272e-06, 2.04069215215e-06, 3.95668939746e-06, 3.46751471625e-06, 6.13312158748e-06, 5.7573288359e-06, 2.67728023573e-06, 3.61967681783e-06, 6.98717440173e-06, 5.11653524882e-06, 2.06011281989e-06, 1.4651869833e-06, 1.42623355259e-06, 7.25810366475e-07, 5.61473655125e-07, 3.70459758869e-07, 2.60692814891e-07, 3.31301833967e-07, 2.07773211969e-07, 2.5385102731e-07, 1.5068425796e-07, 5.39753060025e-08, 2.20815188356e-08, 6.36277919241e-09, 4.74271955042e-09, 5.23108933947e-09, 1.48594192506e-09, 6.57599877329e-11, 9.82687820006e-11, 6.20563184173e-11, 6.06413946835e-11, 5.92462537363e-11, 5.80304450326e-11, 5.69204128276e-11, 5.61443461167e-11, 5.53897275268e-11, 5.48570910919e-11, 5.45425510312e-11],
        "mean": [2.39746373154e-06, 2.16665353037e-06, 1.64591947396e-05, 3.6460449337e-05, 1.98199850274e-05, 5.74951127419e-06, 1.89162874449e-05, 3.99819364247e-05, 7.22607510397e-05, 0.000147957194713, 0.000207833509194, 0.00018684945826, 0.000132758999825, 0.000240335779381, 0.000413233530708, 0.000366398104234, 0.000241349582211, 0.000177772031748, 0.000113485810289, 0.000163900360349, 0.000198795765755, 0.000200576469069, 0.00026551852352, 0.000269524869509, 0.000147697457578, 9.79080505203e-05, 9.32802067837e-05, 9.54312345129e-05, 7.51998013584e-05, 5.2970051911e-05, 4.24276513513e-05, 4.96137363371e-05, 4.80869166495e-05, 3.46571978298e-05, 3.42960665876e-05, 3.43516403518e-05, 3.37446908816e-05, 3.2540414395e-05, 3.86097526643e-05, 3.68170876754e-05, 3.66921012755e-05, 4.47935490229e-05, 5.11084072059e-05, 4.22491466452e-05, 3.64910811186e-05, 2.7773940019e-05, 2.65450471488e-05, 2.44277362071e-05, 2.63728143182e-05, 2.95412264677e-05, 2.66931892838e-05, 3.138979082e-05, 3.18503807648e-05, 3.41266968462e-05, 2.66692186415e-05, 2.31162121054e-05, 2.03888848773e-05, 1.5734196495e-05, 1.15796938189e-05, 8.70129224495e-06, 8.38642699819e-06, 7.46548494135e-06, 6.93265292284e-06, 6.06220646659e-06, 4.66765095553e-06, 2.9833292956e-06, 1.7814631974e-06, 1.47455591559e-06, 1.31095009692e-06, 1.253559617e-06, 1.09658412839e-06, 9.60390593718e-07, 9.40172299124e-07, 9.68728841144e-07, 9.17949080304e-07, 8.766868973e-07, 9.02723229501e-07, 8.55964628954e-07, 7.05390675648e-07, 6.16889337834e-07, 5.56290331133e-07, 4.87132581384e-07, 4.72229345405e-07, 4.35781117858e-07, 4.29202657415e-07, 4.21615965251e-07, 3.64617989135e-07, 2.9665474699e-07, 2.51300406262e-07, 2.0643663845e-07, 1.59694764079e-07, 1.31329471742e-07, 1.35792149081e-07, 1.49158495333e-07, 1.53463446395e-07, 1.38922302995e-07, 1.13212912822e-07, 9.20703371321e-08, 8.14056875242e-08, 6.67934827447e-08, 5.49527747751e-08, 4.76646206948e-08, 3.95419199606e-08, 3.03362739373e-08, 2.33730688137e-08, 1.8951231695e-08, 1.51999888232e-08, 1.18089857892e-08, 9.45583344958e-09, 7.1286812009e-09, 5.08244690778e-09, 2.09337658319e-09, 7.5868550331e-10, 1.00030615735e-10, 1.3511923351e-11, 1.14695978409e-11, 5.45600630647e-12, 1.72306418265e-12, 1.60195576422e-12, 1.48352955354e-12, 1.4295419232e-12, 1.39545710057e-12, 1.37399043965e-12, 1.34315919931e-12, 1.26502822974e-12, 1.14536461912e-12, 1.07845665991e-12, 1.06440258083e-12],
        "min": [2.63878652262e-09, 1.57659467703e-08, 1.07749329459e-08, 2.00685192908e-08, 1.6919250001e-08, 5.66519409162e-09, 5.38853273113e-09, 4.12429701502e-10, 3.11939807318e-10, 2.20686779961e-09, 5.04563191228e-09, 1.91053017851e-09, 2.91305646272e-09, 3.32474225928e-09, 2.27749064052e-09, 7.65883634291e-10, 1.73512515467e-09, 3.24899263049e-09, 1.54351020853e-09, 2.09598272072e-09, 2.24060414666e-09, 1.59877533434e-09, 2.02069116995e-09, 2.10914929966e-09, 3.160346429e-09, 1.40056988229e-09, 1.37288513891e-09, 4.49446035944e-09, 2.91907653605e-09, 1.61868363158e-09, 4.78039430263e-09, 1.44208012198e-09, 1.71338132571e-09, 2.32229990793e-09, 2.79335510278e-09, 3.41238570734e-09, 2.89186607993e-09, 2.84196910449e-09, 2.50833487314e-09, 9.62824930895e-10, 1.17178100556e-09, 1.98932581519e-09, 4.13893985751e-09, 3.99923560934e-09, 2.2985660042e-09, 3.3784204323e-09, 3.90931464977e-09, 4.97132779387e-09, 2.40156694531e-09, 3.68955177521e-09, 6.88491041956e-09, 4.03386080094e-09, 8.84000783685e-09, 9.16840026122e-09, 5.98934368767e-09, 6.71902622429e-09, 5.68332803041e-09, 5.76464787017e-09, 4.91703255889e-09, 4.88328000259e-09, 5.75682301829e-09, 7.54565032679e-09, 6.70042155093e-09, 6.41273834034e-09, 5.42005373916e-09, 2.48332199249e-09, 2.87414925193e-10, 1.04763531183e-10, 9.09498587554e-11, 9.71620076062e-11, 9.6104013636e-11, 1.03847354327e-10, 9.41454761372e-11, 1.18061838084e-10, 8.58154519667e-11, 1.36967881481e-10, 9.75334257802e-11, 1.00321945196e-10, 9.03079902526e-11, 1.47681478158e-10, 8.66178448411e-11, 8.39603178648e-11, 1.21933282915e-10, 9.44353206744e-11, 6.7685093641e-11, 7.57107362914e-11, 8.14140282968e-11, 8.01723340493e-11, 7.63212548716e-11, 7.71965408264e-11, 1.0883474677e-10, 9.41491606898e-11, 9.93711987696e-11, 1.0936559991e-10, 9.27532564643e-11, 8.30586432965e-11, 7.85134457448e-11, 8.27824891969e-11, 1.08262843135e-10, 7.7754441774e-11, 9.36107164007e-11, 7.52384266001e-11, 8.588305761e-11, 7.36919414379e-11, 4.96950536277e-11, 1.07936042049e-10, 3.83019553574e-11, 6.50622090925e-12, 4.15867915191e-13, 7.18714367534e-13, 1.56776542161e-13, 1.57525644547e-13, 1.3679876188e-13, 1.40899092524e-13, 1.38699165e-13, 1.33115306972e-13, 1.32778038781e-13, 1.10760921648e-13, 8.93198140233e-14, 1.268286962e-13, 1.14302068244e-13, 1.02512860397e-13, 1.17659693295e-13, 8.04192392474e-14, 7.82063555083e-14, 3.29803696018e-14, 4.50307066958e-15, 1.15168012579e-16],
        "stdev": [3.17732519761e-06, 2.70937835012e-06, 2.81551274384e-05, 6.65252300678e-05, 3.53465620719e-05, 8.81439427758e-06, 2.8031936381e-05, 8.49830394145e-05, 0.000420842290623, 0.000777321052738, 0.00111276598182, 0.000936853408348, 0.000712344306521, 0.00129722419661, 0.00280351447873, 0.0023881662637, 0.00135247188155, 0.00131463911384, 0.000644670391921, 0.00105644180439, 0.00126508669928, 0.00163118273485, 0.00172196084168, 0.0016194912605, 0.000881858868524, 0.000639380014036, 0.000423213554313, 0.000567036273424, 0.000676198513247, 0.000356461066986, 0.000195425076527, 0.000195727232494, 0.000157017522724, 0.000102019432234, 0.000147593571455, 0.000129674808704, 6.42170998617e-05, 7.52574196667e-05, 9.48951783357e-05, 8.55784164742e-05, 0.000104592661955, 0.000162281983648, 0.000200811831746, 0.000211315855267, 0.000231757265283, 8.4112980403e-05, 4.91021492053e-05, 4.29230422014e-05, 5.05341340613e-05, 7.62039489928e-05, 6.63194514345e-05, 0.000110015331302, 0.000133825407829, 0.000153369503096, 0.000100919853139, 7.93850849732e-05, 7.66450539231e-05, 5.23334310856e-05, 2.79780106212e-05, 2.58866111835e-05, 2.2713737053e-05, 2.11414462683e-05, 2.05685319088e-05, 1.98476045625e-05, 1.3085914361e-05, 7.27741644369e-06, 2.88929277303e-06, 2.65921585196e-06, 2.60719411926e-06, 2.01677426048e-06, 1.62975618423e-06, 1.85792146112e-06, 1.81214261374e-06, 1.66151335179e-06, 1.76169737642e-06, 1.67774828697e-06, 1.94062613446e-06, 1.79090272923e-06, 1.40011616168e-06, 1.17709544156e-06, 1.13754447284e-06, 9.1326319307e-07, 8.51409936331e-07, 7.93739047822e-07, 8.54889378843e-07, 8.44244482323e-07, 7.03221473941e-07, 5.8744785747e-07, 4.97354164963e-07, 3.93620439354e-07, 2.90780434398e-07, 2.36515461438e-07, 2.73859228628e-07, 3.10250982238e-07, 3.35642198479e-07, 2.98916035035e-07, 2.37659946833e-07, 2.02564393703e-07, 2.44964923013e-07, 1.91118857629e-07, 1.22930714497e-07, 1.10250006458e-07, 8.89508129376e-08, 6.48618367904e-08, 4.9625402454e-08, 3.82147327116e-08, 3.00744495974e-08, 2.50043630246e-08, 1.88923454658e-08, 1.54838168953e-08, 1.09604769705e-08, 5.51671641702e-09, 2.43677655831e-09, 3.88379911564e-10, 1.48805343048e-10, 1.55483070863e-10, 4.6018234362e-11, 4.74878599985e-12, 4.93990395464e-12, 4.00213326021e-12, 3.88854443437e-12, 3.80037364425e-12, 3.722672344e-12, 3.65685867004e-12, 3.6032292601e-12, 3.56139011511e-12, 3.52956140877e-12, 3.51028646255e-12]
    },
    "mfcc": {
        "mean": [-773.157958984, 129.522109985, -50.1033744812, 5.36410951614, -0.452472805977, -3.87963247299, -8.14898872375, 1.51908814907, -6.53256750107, -3.40062260628, 1.2806289196, 0.485233843327, -1.27618896961],
        "cov": [[13556.0068359, -2092.91162109, -1654.60473633, -1490.04724121, -1348.56530762, -192.14125061, -824.612670898, -494.521881104, 29.8284435272, -67.9945144653, -415.610748291, -58.6827201843, -152.121002197], [-2092.91162109, 2580.17333984, 772.653747559, 794.341369629, 132.103027344, -284.755401611, 31.717004776, -145.166397095, -314.614898682, -74.0012512207, 47.3972587585, -17.363073349, -10.7740087509], [-1654.60473633, 772.653747559, 480.131164551, 375.913757324, 132.400192261, 10.6224746704, 124.839637756, 6.06942796707, -73.9836196899, -3.73642110825, 38.0936164856, 24.012348175, 34.0242500305], [-1490.04724121, 794.341369629, 375.913757324, 480.325469971, 187.832183838, 1.03562152386, 92.0782470703, -27.1225013733, -89.2216873169, -36.6789627075, 26.3618984222, 0.0849383994937, 42.0971298218], [-1348.56530762, 132.103027344, 132.400192261, 187.832183838, 337.655853271, -3.3777859211, 39.1226730347, 71.1502609253, 5.55948543549, -15.791226387, 48.9946975708, 14.6670227051, 33.9789466858], [-192.14125061, -284.755401611, 10.6224746704, 1.03562152386, -3.3777859211, 227.032974243, 147.477157593, 30.8145446777, 62.7840843201, 36.0880661011, 4.61692380905, 14.8708572388, 34.8936843872], [-824.612670898, 31.717004776, 124.839637756, 92.0782470703, 39.1226730347, 147.477157593, 233.081939697, 96.7577590942, 38.0937690735, 49.7778549194, 52.9803161621, 21.8361263275, 29.2066879272], [-494.521881104, -145.166397095, 6.06942796707, -27.1225013733, 71.1502609253, 30.8145446777, 96.7577590942, 140.157699585, 63.9556503296, 36.0666732788, 45.5575790405, 15.8729095459, 0.901055693626], [29.8284435272, -314.614898682, -73.9836196899, -89.2216873169, 5.55948543549, 62.7840843201, 38.0937690735, 63.9556503296, 115.374649048, 51.8082008362, 14.5518426895, 12.5016593933, 5.96182537079], [-67.9945144653, -74.0012512207, -3.73642110825, -36.6789627075, -15.791226387, 36.0880661011, 49.7778549194, 36.0666732788, 51.8082008362, 83.6941604614, 45.8476638794, 20.9551239014, 1.53025591373], [-415.610748291, 47.3972587585, 38.0936164856, 26.3618984222, 48.9946975708, 4.61692380905, 52.9803161621, 45.5575790405, 14.5518426895, 45.8476638794, 91.8865661621, 34.1674995422, 1.28544211388], [-58.6827201843, -17.363073349, 24.012348175, 0.0849383994937, 14.6670227051, 14.8708572388, 21.8361263275, 15.8729095459, 12.5016593933, 20.9551239014, 34.1674995422, 60.0948143005, 30.8311710358], [-152.121002197, -10.7740087509, 34.0242500305, 42.0971298218, 33.9789466858, 34.8936843872, 29.2066879272, 0.901055693626, 5.96182537079, 1.53025591373, 1.28544211388, 30.8311710358, 76.4102096558]],
        "icov": [[0.00025042888592, -3.22088271787e-05, 0.000670129025821, -3.20803228533e-05, 0.000622626161203, -0.000138972231071, 0.000419533986133, 8.71443407959e-05, 0.000191468629055, -0.000190240549273, 0.000586621055845, -0.000679590390064, 9.17127399589e-05], [-3.22088271787e-05, 0.00181322766002, -0.00131441885605, -0.00184052239638, 0.000505137431901, 0.00263136439025, -0.00124531495385, 0.00107259454671, 0.00143657356966, -0.000968557200395, -1.79281723831e-05, 0.000109363048978, 0.000691409397405], [0.000670129025821, -0.00131441885605, 0.00928720552474, -0.0037110587582, 0.00130573823117, -0.00115420634393, -0.000269794167252, -0.00118800124619, 0.00168909854256, -0.00225065927953, 0.00388505426235, -0.00542130740359, 0.00115686422214], [-3.20803228533e-05, -0.00184052239638, -0.0037110587582, 0.0103252986446, -0.00368410046212, -0.00134784390684, -0.00207189936191, 0.00377203105018, -0.00137395667844, 0.00328866485506, -0.00196585734375, 0.00354329287075, -0.00271350960247], [0.000622626161203, 0.000505137431901, 0.00130573823117, -0.00368410046212, 0.00783373881131, -0.00100827217102, 0.00446518603712, -0.00464024813846, -1.004912491e-07, 0.00195084989537, -0.00213546794839, -0.00038247910561, -0.00176493776962], [-0.000138972231071, 0.00263136439025, -0.00115420634393, -0.00134784390684, -0.00100827217102, 0.0166185479611, -0.0138903362677, 0.00975046865642, -0.00451250188053, -0.000327881105477, 0.00301859946921, -0.00103716680314, 0.000130939035444], [0.000419533986133, -0.00124531495385, -0.000269794167252, -0.00207189936191, 0.00446518603712, -0.0138903362677, 0.0221069809049, -0.0151503495872, 0.00486926082522, -0.00291727972217, -0.00378001411445, 0.0022509470582, -0.00315874116495], [8.71443407959e-05, 0.00107259454671, -0.00118800124619, 0.00377203105018, -0.00464024813846, 0.00975046865642, -0.0151503495872, 0.0243391282856, -0.00984889548272, 0.00338934012689, -0.00193200795911, -0.00090802880004, 0.00298982672393], [0.000191468629055, 0.00143657356966, 0.00168909854256, -0.00137395667844, -1.004912491e-07, -0.00451250188053, 0.00486926082522, -0.00984889548272, 0.0244562420994, -0.0136396791786, 0.00563535606489, -0.0015563579509, -0.000197580971872], [-0.000190240549273, -0.000968557200395, -0.00225065927953, 0.00328866485506, 0.00195084989537, -0.000327881105477, -0.00291727972217, 0.00338934012689, -0.0136396791786, 0.028935842216, -0.0141953658313, 0.00144078966696, -0.000825461873319], [0.000586621055845, -1.79281723831e-05, 0.00388505426235, -0.00196585734375, -0.00213546794839, 0.00301859946921, -0.00378001411445, -0.00193200795911, 0.00563535606489, -0.0141953658313, 0.0284266024828, -0.0153625831008, 0.00712234340608], [-0.000679590390064, 0.000109363048978, -0.00542130740359, 0.00354329287075, -0.00038247910561, -0.00103716680314, 0.0022509470582, -0.00090802880004, -0.0015563579509, 0.00144078966696, -0.0153625831008, 0.0338872298598, -0.0144039290026], [9.17127399589e-05, 0.000691409397405, 0.00115686422214, -0.00271350960247, -0.00176493776962, 0.000130939035444, -0.00315874116495, 0.00298982672393, -0.000197580971872, -0.000825461873319, 0.00712234340608, -0.0144039290026, 0.0219684001058]]
    },
    "spectral_contrast_coeffs": {
        "max": [-0.300871163607, -0.396030843258, -0.5486317873, -0.594965219498, -0.513941705227, -0.678050994873],
        "mean": [-0.728959619999, -0.802006959915, -0.81920838356, -0.825694262981, -0.787176609039, -0.789248287678],
        "min": [-0.937882244587, -0.950238883495, -0.936860322952, -0.911173462868, -0.873704433441, -0.902042031288],
        "stdev": [0.111864514649, 0.0880811139941, 0.0542905256152, 0.0439651831985, 0.054246943444, 0.038318939507]
    },
    "spectral_contrast_valleys": {
        "max": [-6.87543344498, -4.44583415985, -5.23277378082, -5.71659231186, -6.3497338295, -9.23080158234],
        "mean": [-8.74931526184, -7.66195058823, -7.94470691681, -7.95269632339, -8.63464736938, -11.8014230728],
        "min": [-11.4155845642, -11.0441913605, -11.0781364441, -10.7801485062, -11.5701580048, -13.665845871],
        "stdev": [0.814251899719, 1.10999906063, 1.2417589426, 1.31032168865, 1.29298174381, 1.29841864109]
    }
},
"rhythm": {
    "beats_count": 75,
    "beats_loudness": {
        "max": 0.1097407341,
        "mean": 0.0171497315168,
        "min": 5.17008447787e-06,
        "stdev": 0.0296047087759
    },
    "bpm": 172.265701294,
    "bpm_histogram_first_peak_bpm": 172,
    "bpm_histogram_first_peak_weight": 0,
    "bpm_histogram_second_peak_bpm": 167,
    "bpm_histogram_second_peak_spread": 0,
    "bpm_histogram_second_peak_weight": 0.229729726911,
    "danceability": 1.01678800583,
    "onset_rate": 2.30928301811,
    "beats_loudness_band_ratio": {
        "max": [0.802017211914, 0.874635875225, 0.936438202858, 0.752948284149, 0.57647818327, 0.125248506665],
        "mean": [0.125301584601, 0.15421974659, 0.253237873316, 0.235585689545, 0.219688594341, 0.0371450074017],
        "min": [0.000676499330439, 0.00490302033722, 0.0126749398187, 0.00490865157917, 0.0104857375845, 0.000863636319991],
        "stdev": [0.181870996952, 0.213756039739, 0.233597621322, 0.153771802783, 0.186147585511, 0.0347260385752]
    },
