{
"metadata": {
    "version": {
        "essentia": "2.1-beta5",
        "essentia_git_sha": "Undefined",
        "extractor": "music 2.0"
    },
    "audio_properties": {
        "analysis": {
            "equal_loudness": 0,
            "length": 12.7477550507,
            "sample_rate": 44100,
            "start_time": 0,
            "downmix": "mix"
        },
        "bit_rate": 192000,
        "length": 211.870483398,
        "lossless": 0,
        "number_channels": 2,
        "replay_gain": 22.7465724945,
        "sample_rate": 48000,
        "codec": "mp3",
        "md5_encoded": "eec4b298aebf112872c7797b49854081"
    },
    "tags": {
        "file_name": "Finland_Bye Bye Baby_CatCat.mp3",
        "encoding": ["Lavf58.29.100"]
    }
},
"lowlevel": {
    "average_loudness": 0.000725422112737,
    "barkbands_crest": {
        "max": 19.3871517181,
        "mean": 6.6669421196,
        "min": 3.33702254295,
        "stdev": 1.48363804817
    },
    "barkbands_flatness_db": {
        "max": 0.231322675943,
        "mean": 0.0815958678722,
        "min": 0.0502042658627,
        "stdev": 0.0221434123814
    },
    "barkbands_kurtosis": {
        "max": 17.1243286133,
        "mean": 3.08432626724,
        "min": -1.26776075363,
        "stdev": 1.59106266499
    },
    "barkbands_skewness": {
        "max": 3.83592128754,
        "mean": -1.51896381378,
        "min": -2.25744485855,
        "stdev": 0.937169611454
    },
    "barkbands_spread": {
        "max": 45.2107810974,
        "mean": 25.2364006042,
        "min": 5.60321807861,
        "stdev": 4.88325452805
    },
    "dissonance": {
        "max": 0.499977201223,
        "mean": 0.491124421358,
        "min": 0.420028150082,
        "stdev": 0.00880805309862
    },
    "dynamic_complexity": 10.5897302628,
    "erbbands_crest": {
        "max": 17.3986434937,
        "mean": 4.01435709,
        "min": 2.45824575424,
        "stdev": 1.71717977524
    },
    "erbbands_flatness_db": {
        "max": 0.250537037849,
        "mean": 0.112684927881,
        "min": 0.0825244411826,
        "stdev": 0.0340373516083
    },
    "erbbands_kurtosis": {
        "max": 3.28284406662,
        "mean": 0.117208845913,
        "min": -1.43022716045,
        "stdev": 0.435984522104
    },
    "erbbands_skewness": {
        "max": 1.11054897308,
        "mean": -0.540828585625,
        "min": -1.11197340488,
        "stdev": 0.316608399153
    },
    "erbbands_spread": {
        "max": 54.3671989441,
        "mean": 34.684463501,
        "min": 11.6637096405,
        "stdev": 5.94290828705
    },
    "hfc": {
        "max": 146.160110474,
        "mean": 5.63905906677,
        "min": 1.06405284686e-16,
        "stdev": 18.3327770233
    },
    "loudness_ebu128": {
        "integrated": -43.0979652405,
        "loudness_range": 14.7959632874,
        "momentary": {
            "max": -40.9497833252,
            "mean": -262.853302002,
            "min": -300.691009521,
            "stdev": 89.6226119995
        },
        "short_term": {
            "max": -45.9757995605,
            "mean": -254.305541992,
            "min": -300.691009521,
            "stdev": 95.5098114014
        }
    },
    "melbands_crest": {
        "max": 22.1100311279,
        "mean": 3.21673846245,
        "min": 1.53867292404,
        "stdev": 2.67533159256
    },
    "melbands_flatness_db": {
        "max": 0.307433307171,
        "mean": 0.026459209621,
        "min": 0.00263766967691,
        "stdev": 0.0557530298829
    },
    "melbands_kurtosis": {
        "max": 38.703792572,
        "mean": -0.374712795019,
        "min": -1.4479483366,
        "stdev": 3.7113673687
    },
    "melbands_skewness": {
        "max": 5.18283319473,
        "mean": 0.171757131815,
        "min": -0.635786116123,
        "stdev": 0.705749928951
    },
    "melbands_spread": {
        "max": 174.883453369,
        "mean": 118.081161499,
        "min": 4.67511034012,
        "stdev": 36.7486495972
    },
    "pitch_salience": {
        "max": 0.933571457863,
        "mean": 0.782017052174,
        "min": 0.525432527065,
        "stdev": 0.0355649031699
    },
    "silence_rate_20dB": {
        "max": 1,
        "mean": 1,
        "min": 1,
        "stdev": 0
    },
    "silence_rate_30dB": {
        "max": 1,
        "mean": 0.981818199158,
        "min": 0,
        "stdev": 0.133608564734
    },
    "silence_rate_60dB": {
        "max": 1,
        "mean": 0.8836363554,
        "min": 0,
        "stdev": 0.320660531521
    },
    "spectral_centroid": {
        "max": 11894.6582031,
        "mean": 9694.125,
        "min": 402.854553223,
        "stdev": 3249.08300781
    },
    "spectral_complexity": {
        "max": 57,
        "mean": 3.91090917587,
        "min": 0,
        "stdev": 11.2822189331
    },
    "spectral_decrease": {
        "max": 2.45398647211e-28,
        "mean": -1.53896284605e-09,
        "min": -5.35424220516e-08,
        "stdev": 5.90090154517e-09
    },
    "spectral_energy": {
        "max": 0.215338438749,
        "mean": 0.00631987629458,
        "min": 9.81813061561e-21,
        "stdev": 0.023709833622
    },
    "spectral_energyband_high": {
        "max": 0.00836768280715,
        "mean": 0.000140504882438,
        "min": 6.83435766799e-21,
        "stdev": 0.000633724208456
    },
    "spectral_energyband_low": {
        "max": 0.0500645115972,
        "mean": 0.00113851367496,
        "min": 1.10655514993e-23,
        "stdev": 0.00533015700057
    },
    "spectral_energyband_middle_high": {
        "max": 0.079201258719,
        "mean": 0.00236346549354,
        "min": 1.08852030974e-21,
        "stdev": 0.00840944983065
    },
    "spectral_energyband_middle_low": {
        "max": 0.14087843895,
        "mean": 0.00290956161916,
        "min": 1.26816648035e-22,
        "stdev": 0.0130483573303
    },
    "spectral_entropy": {
        "max": 9.82709693909,
        "mean": 9.51131439209,
        "min": 6.96410226822,
        "stdev": 0.727780818939
    },
    "spectral_flux": {
        "max": 0.297527074814,
        "mean": 0.0159652922302,
        "min": 6.18145187814e-11,
        "stdev": 0.047729793936
    },
    "spectral_kurtosis": {
        "max": 9.2283706665,
        "mean": -0.329615324736,
        "min": -1.26907992363,
        "stdev": 2.25374150276
    },
    "spectral_rms": {
        "max": 0.014494352974,
        "mean": 0.000784044736065,
        "min": 3.09494162069e-12,
        "stdev": 0.00235605821945
    },
    "spectral_rolloff": {
        "max": 19745.9472656,
        "mean": 16469.3085938,
        "min": 236.865234375,
        "stdev": 5711.75146484
    },
    "spectral_skewness": {
        "max": 2.68193387985,
        "mean": 0.224309116602,
        "min": -0.1136488989,
        "stdev": 0.558488428593
    },
    "spectral_spread": {
        "max": 43132416,
        "mean": 35354216,
        "min": 2411279.25,
        "stdev": 12915594
    },
    "spectral_strongpeak": {
        "max": 5.57734823227,
        "mean": 0.168635576963,
        "min": 0,
        "stdev": 0.581046521664
    },
    "zerocrossingrate": {
        "max": 0.73486328125,
        "mean": 0.442452937365,
        "min": 0.01953125,
        "stdev": 0.146353751421
    },
    "barkbands": {
        "max": [0.000669314700644, 0.0223531555384, 0.0275032483041, 0.0341175124049, 0.0923645347357, 0.0183426234871, 0.0205613430589, 0.0208178348839, 0.00917450804263, 0.0472673363984, 0.0308477152139, 0.01125684008, 0.01111539267, 0.00978068728, 0.00628949562088, 0.0124679896981, 0.011712346226, 0.00260393694043, 0.00247208122164, 0.00477669294924, 0.00325603433885, 0.00165388046298, 0.00159057974815, 0.00219831499271, 0.000566435861401, 0.00015805583098, 2.95294194075e-05],
        "mean": [1.61097723321e-05, 0.000502414361108, 0.000442180782557, 0.000574137957301, 0.00122043653391, 0.000359925674275, 0.000173584077857, 0.000269284006208, 0.000222663249588, 0.000413603760535, 0.000343963707564, 0.0002593662648, 0.000248910975643, 0.000226683710935, 0.000192223436898, 0.00024457287509, 0.000302497966914, 7.86346499808e-05, 6.78982833051e-05, 4.80112103105e-05, 3.96291434299e-05, 3.15791658068e-05, 2.04106527235e-05, 1.48486333273e-05, 5.21211222804e-06, 1.02660760604e-06, 6.22660110139e-08],
        "min": [1.33774342054e-25, 1.24794265053e-24, 5.4613313785e-25, 2.21677802976e-25, 3.96298751335e-24, 2.82342823753e-24, 2.74886904907e-24, 6.75384605069e-24, 1.06464178675e-23, 1.13741578298e-23, 9.93470361449e-24, 7.1334514403e-24, 2.10444076587e-23, 1.49035215197e-23, 2.20465986408e-23, 2.92735521865e-23, 4.10125629181e-23, 7.84757061465e-23, 1.0180414696e-22, 1.53795110392e-22, 2.46998357389e-22, 2.53378538173e-22, 3.37319598889e-22, 5.20271008337e-22, 8.33800127424e-22, 1.17367205106e-21, 1.84318216359e-21],
        "stdev": [6.46702101221e-05, 0.0023640608415, 0.00229422934353, 0.00330847897567, 0.00648068310693, 0.00183627067599, 0.00131603283808, 0.00178254896309, 0.00100009399466, 0.00267825135961, 0.00187920313329, 0.00103645399213, 0.00111487612594, 0.000927967892494, 0.000715381116606, 0.00107137591112, 0.00116281840019, 0.000290723022772, 0.00025987191475, 0.000252959755016, 0.000202385665034, 0.000140938078403, 0.000104038634163, 0.000109442225948, 3.74807532353e-05, 8.32905880088e-06, 1.25790108996e-06]
    },
    "erbbands": {
        "max": [0.196958020329, 6.9155049324, 34.6086120605, 66.5947189331, 388.954040527, 141.611663818, 226.383499146, 154.504776001, 236.175323486, 397.321075439, 559.721191406, 242.904922485, 755.807556152, 1536.14990234, 700.03112793, 395.602081299, 517.602661133, 432.176696777, 367.583435059, 497.314300537, 621.902160645, 635.051025391, 146.821029663, 87.7068939209, 97.8535919189, 189.238510132, 287.306884766, 55.0985946655, 54.1900978088, 63.0877456665, 51.1765022278, 65.5279693604, 15.2907829285, 8.92935180664, 1.96623003483, 0.915089130402, 0.248822838068, 0.0203334484249, 0.00427881674841, 0.000439250055933],
        "mean": [0.00444249110296, 0.147106602788, 0.585107445717, 1.09179246426, 4.13497161865, 2.81209254265, 3.93997693062, 2.54259824753, 2.43541836739, 3.46462893486, 6.94798469543, 5.39878225327, 9.68960475922, 13.898765564, 12.9515857697, 10.6680145264, 11.3173971176, 11.6867294312, 10.8890104294, 11.2501535416, 15.8149023056, 15.3542327881, 5.27282524109, 3.78157043457, 2.94640731812, 2.19152998924, 2.06851840019, 1.31068348885, 1.13583743572, 0.915045082569, 0.52022755146, 0.382881075144, 0.190718322992, 0.0822588801384, 0.0237927809358, 0.00740759074688, 0.00144387828186, 0.000120695040096, 1.46509737533e-05, 8.65909805725e-06],
        "min": [4.92142803299e-23, 4.89158990568e-22, 1.21033244943e-21, 1.56520979491e-21, 6.56897001627e-21, 7.09468045405e-21, 3.19132678048e-20, 2.87979634463e-20, 5.21547619037e-20, 7.85111951433e-20, 2.34339983193e-19, 2.51624645875e-19, 3.75901863768e-19, 5.15552672784e-19, 6.02727945071e-19, 4.89439563123e-19, 1.40066131232e-18, 1.27458885401e-18, 1.90527364262e-18, 2.45106043888e-18, 2.37727179234e-18, 3.65416010505e-18, 3.71105193322e-18, 5.20353391245e-18, 5.99109464161e-18, 7.60414894847e-18, 7.51981540348e-18, 8.79452802438e-18, 9.43721510029e-18, 1.04049742308e-17, 9.90002596174e-18, 9.70330669564e-18, 7.86766718493e-18, 7.5821277462e-18, 5.64294879745e-18, 3.62367684512e-18, 2.23985641308e-18, 8.64532831992e-19, 2.15149315434e-19, 2.51958067517e-20],
        "stdev": [0.0200378485024, 0.706729114056, 3.06619787216, 6.04501676559, 24.8687477112, 13.2453231812, 20.0374069214, 13.1785783768, 15.2939758301, 25.9746551514, 45.1072807312, 24.9978313446, 48.3495178223, 97.8939208984, 61.7750091553, 41.664150238, 49.2224769592, 46.2825775146, 42.5757064819, 44.1327171326, 63.7731399536, 59.0568008423, 18.3728275299, 13.7036924362, 11.1654157639, 10.6268749237, 14.2497501373, 5.33461856842, 4.92590379715, 4.35924434662, 2.88213467598, 3.05605864525, 1.16411149502, 0.606184124947, 0.150613218546, 0.0556075572968, 0.0128801874816, 0.00120671174955, 0.000183821714018, 3.35918666678e-05]
    },
    "gfcc": {
        "mean": [-1089.95837402, 11.2522201538, -22.9664478302, 3.87699389458, -7.81672477722, 2.85365462303, -5.10033321381, 0.218386188149, -2.8339612484, -1.16403341293, -2.08382129669, 0.100428715348, -0.241674304008],
        "cov": [[190027.890625, 12990.4746094, -24683.7871094, 4397.03515625, -8373.13964844, 3146.67553711, -5495.95849609, 230.761810303, -3019.15991211, -1326.87109375, -2201.30273438, 71.2366409302, -250.195388794], [12990.4746094, 1385.65075684, -1503.28076172, 378.438110352, -496.066040039, 164.769790649, -380.082244873, -65.4515228271, -222.525253296, -186.020507812, -159.226974487, -26.6447277069, -32.0427703857], [-24683.7871094, -1503.28076172, 3346.77026367, -520.482116699, 1119.95581055, -429.734558105, 700.809448242, -74.0550537109, 375.149719238, 130.712081909, 275.636077881, -24.8186607361, 21.9850826263], [4397.03515625, 378.438110352, -520.482116699, 144.866119385, -173.899475098, 71.7799911499, -133.046463013, -11.6499671936, -79.289680481, -44.3698959351, -52.7586174011, -5.78594398499, -4.28769016266], [-8373.13964844, -496.066040039, 1119.95581055, -173.899475098, 395.900115967, -144.29133606, 234.836044312, -28.0951404572, 124.055183411, 44.5075263977, 93.8981323242, -7.41027164459, 12.1656332016], [3146.67553711, 164.769790649, -429.734558105, 71.7799911499, -144.29133606, 75.113822937, -84.8525695801, 19.2203483582, -46.3723869324, -11.3439683914, -33.4782218933, 4.34524774551, 1.97773122787], [-5495.95849609, -380.082244873, 700.809448242, -133.046463013, 234.836044312, -84.8525695801, 174.797912598, 2.72227525711, 90.6853256226, 38.3967056274, 66.7805328369, -0.546226859093, 6.6565747261], [230.761810303, -65.4515228271, -74.0550537109, -11.6499671936, -28.0951404572, 19.2203483582, 2.72227525711, 29.9121799469, 9.23586845398, 17.4949035645, 3.59842944145, 5.40439033508, 1.21960771084], [-3019.15991211, -222.525253296, 375.149719238, -79.289680481, 124.055183411, -46.3723869324, 90.6853256226, 9.23586845398, 65.5235595703, 28.8010597229, 40.486125946, -0.381420016289, 3.0936794281], [-1326.87109375, -186.020507812, 130.712081909, -44.3698959351, 44.5075263977, -11.3439683914, 38.3967056274, 17.4949035645, 28.8010597229, 36.5195388794, 20.7278938293, 4.89856958389, 5.41103792191], [-2201.30273438, -159.226974487, 275.636077881, -52.7586174011, 93.8981323242, -33.4782218933, 66.7805328369, 3.59842944145, 40.486125946, 20.7278938293, 33.9761657715, 1.5597935915, 5.37452888489], [71.2366409302, -26.6447277069, -24.8186607361, -5.78594398499, -7.41027164459, 4.34524774551, -0.546226859093, 5.40439033508, -0.381420016289, 4.89856958389, 1.5597935915, 7.39369058609, 3.44825696945], [-250.195388794, -32.0427703857, 21.9850826263, -4.28769016266, 12.1656332016, 1.97773122787, 6.6565747261, 1.21960771084, 3.0936794281, 5.41103792191, 5.37452888489, 3.44825696945, 8.7333574295]],
        "icov": [[0.00208938797005, -0.00372230960056, 0.0055158091709, -0.00397317949682, 0.0109002990648, -0.00693703955039, 0.0107682924718, 0.000617021520156, 0.00555147929117, -0.000118753014249, 0.00124963955022, -0.00661168294027, 0.00840565375984], [-0.00372230960056, 0.0176332816482, -0.00347313378006, -0.00492484169081, -0.024738881737, 0.015389659442, -0.0185430943966, 0.0101861292496, -0.0206537134945, 0.0328014157712, -0.0147574953735, 0.0240535028279, -0.00535056367517], [0.0055158091709, -0.00347313378006, 0.0281032249331, -0.0201552957296, 0.00941280927509, -0.0116795171052, 0.0154320858419, 0.0182194299996, 0.000900664716028, 0.0145317390561, -0.00320563255809, -0.00863348785788, 0.0359187908471], [-0.00397317949682, -0.00492484169081, -0.0201552957296, 0.0651336833835, -0.0130679849535, -0.01603439264, 0.00452283443883, -0.00713790720329, 0.0207395069301, -0.0165381748229, -0.0148936528713, 0.035744048655, -0.0318409092724], [0.0109002990648, -0.024738881737, 0.00941280927509, -0.0130679849535, 0.118079647422, -0.0319040752947, 0.0497528463602, 0.0115857366472, 0.0360738746822, -0.0203423649073, 0.0074353213422, -0.0269611719996, 0.000490062055178], [-0.00693703955039, 0.015389659442, -0.0116795171052, -0.01603439264, -0.0319040752947, 0.126007288694, -0.0468951016665, -0.0631328970194, -0.0106145227328, 0.0100717917085, 0.0230189599097, 0.0379884541035, -0.0919178500772], [0.0107682924718, -0.0185430943966, 0.0154320858419, 0.00452283443883, 0.0497528463602, -0.0468951016665, 0.140864938498, -0.0418177135289, 0.0411419942975, 0.0287409313023, -0.0358118154109, -0.0266200602055, 0.0437840856612], [0.000617021520156, 0.0101861292496, 0.0182194299996, -0.00713790720329, 0.0115857366472, -0.0631328970194, -0.0418177135289, 0.184350684285, -0.064731426537, -0.0214036516845, -0.0223270989954, -0.0185989849269, 0.067242436111], [0.00555147929117, -0.0206537134945, 0.000900664716028, 0.0207395069301, 0.0360738746822, -0.0106145227328, 0.0411419942975, -0.064731426537, 0.136012122035, -0.0262486636639, -0.0448759645224, 0.0124587099999, 0.0117904199287], [-0.000118753014249, 0.0328014157712, 0.0145317390561, -0.0165381748229, -0.0203423649073, 0.0100717917085, 0.0287409313023, -0.0214036516845, -0.0262486636639, 0.177926972508, -0.065168723464, 0.0398487336934, 0.00281323748641], [0.00124963955022, -0.0147574953735, -0.00320563255809, -0.0148936528713, 0.0074353213422, 0.0230189599097, -0.0358118154109, -0.0223270989954, -0.0448759645224, -0.065168723464, 0.224683538079, -0.0576772168279, -0.0619677677751], [-0.00661168294027, 0.0240535028279, -0.00863348785788, 0.035744048655, -0.0269611719996, 0.0379884541035, -0.0266200602055, -0.0185989849269, 0.0124587099999, 0.0398487336934, -0.0576772168279, 0.288060337305, -0.117381908], [0.00840565375984, -0.00535056367517, 0.0359187908471, -0.0318409092724, 0.000490062055178, -0.0919178500772, 0.0437840856612, 0.067242436111, 0.0117904199287, 0.00281323748641, -0.0619677677751, -0.117381908, 0.285558581352]]
    },
    "melbands": {
        "max": [0.00360968057066, 0.0143890921026, 0.0208668541163, 0.0184333920479, 0.00715254014358, 0.00314227305353, 0.00352150015533, 0.00403381884098, 0.00407465081662, 0.00125595682766, 0.00384432752617, 0.00646744389087, 0.00322431209497, 0.00158882304095, 0.00113981659524, 0.00113166484516, 0.000921884726267, 0.000731540669221, 0.000450366147561, 0.000877340557054, 0.000671099231113, 0.000846360053401, 0.000204948461032, 0.00011505454313, 7.52733685658e-05, 0.000101106947113, 8.34595048218e-05, 0.000137900628033, 0.000245756091317, 4.91709033668e-05, 3.11635849357e-05, 2.97338483506e-05, 3.94006019633e-05, 3.17011581501e-05, 1.83725151146e-05, 6.8118199124e-05, 2.45587507379e-05, 8.80437255546e-06, 1.29405025291e-05, 6.56567044643e-06],
        "mean": [8.81925006979e-05, 0.000268467148999, 0.000297312217299, 0.000248962489422, 0.000136639820994, 5.977894034e-05, 3.77114774892e-05, 4.13124434999e-05, 5.55062833882e-05, 3.12689844577e-05, 4.97201144753e-05, 5.75748636038e-05, 4.72948122479e-05, 2.93311877613e-05, 2.5873139748e-05, 2.4421759008e-05, 2.15982654481e-05, 1.79519138328e-05, 1.46590227814e-05, 1.57419472089e-05, 1.98057241505e-05, 1.8670963982e-05, 6.71545330988e-06, 3.5365731037e-06, 2.99154612549e-06, 2.52575637205e-06, 1.59425212587e-06, 1.42192675412e-06, 1.4787588043e-06, 8.4511549403e-07, 7.36987260552e-07, 6.35821038486e-07, 6.08289155934e-07, 4.67396233716e-07, 2.77191332998e-07, 3.18889561868e-07, 1.95021499394e-07, 1.35287905323e-07, 1.03918289085e-07, 5.79975036885e-08],
        "min": [7.7838276164e-25, 6.14449675533e-25, 5.14593492783e-25, 4.30177733834e-25, 1.15695602537e-24, 7.00791191863e-25, 6.51085214137e-25, 8.55911912797e-25, 1.70989348296e-24, 1.6352578736e-24, 1.79926432377e-24, 1.75521610576e-24, 1.68400267362e-24, 1.42825130574e-24, 1.18676767063e-24, 2.11091546008e-24, 1.67351851497e-24, 2.34094098915e-24, 2.35093191252e-24, 2.48824360548e-24, 1.53440861358e-24, 2.93953475771e-24, 2.90338126242e-24, 3.11927237623e-24, 3.11332732323e-24, 3.23523729588e-24, 4.12683707881e-24, 3.88462838192e-24, 4.16745947113e-24, 3.63938257054e-24, 4.19529758361e-24, 4.45529943265e-24, 4.34180640865e-24, 5.43312723456e-24, 5.05630534064e-24, 4.78023676154e-24, 5.39071846672e-24, 3.82929570587e-24, 5.69634881938e-24, 5.76897648191e-24],
        "stdev": [0.000398489093641, 0.00133091211319, 0.00155469612218, 0.00131448567845, 0.000666114850901, 0.000308365211822, 0.000243185524596, 0.000288984942017, 0.000342164043104, 0.000137305265525, 0.000251820252743, 0.00041210631025, 0.000240331530222, 0.000120909680845, 0.000105689032353, 0.000111556277261, 8.82789390744e-05, 7.39158276701e-05, 5.44844806427e-05, 6.96497372701e-05, 7.97123429948e-05, 7.51237821532e-05, 2.38374486798e-05, 1.31513843371e-05, 1.11758226922e-05, 1.00936331364e-05, 6.62096999804e-06, 7.4517088251e-06, 1.17639774544e-05, 3.77337005375e-06, 3.05569483317e-06, 2.71870612778e-06, 2.96729353977e-06, 2.23643178288e-06, 1.2990092273e-06, 3.08922244585e-06, 1.25706128529e-06, 7.70170743181e-07, 8.1255313944e-07, 4.24243125963e-07]
    },
    "melbands128": {
        "max": [0.000381708785426, 0.000952937116381, 0.00397273153067, 0.014507682994, 0.0213306136429, 0.0101940911263, 0.0153359780088, 0.0259780343622, 0.0539061911404, 0.0124113624915, 0.0109194563702, 0.0103034898639, 0.0106353554875, 0.00467818556353, 0.00315144192427, 0.00562873948365, 0.00668359128758, 0.00169296585955, 0.00769869051874, 0.00697921216488, 0.00340299331583, 0.00700491666794, 0.00607435777783, 0.0030118576251, 0.00228478922509, 0.00129969546106, 0.000987454201095, 0.00521991588175, 0.00554542709142, 0.0092615634203, 0.00639827083796, 0.00728313764557, 0.00390066602267, 0.00187621102668, 0.00206137122586, 0.00141878193244, 0.00157371931709, 0.00201423838735, 0.00147432205267, 0.00170125276782, 0.00170680030715, 0.00103758624755, 0.00113791122567, 0.00105122441892, 0.00152804946993, 0.000657694239635, 0.000681678880937, 0.000508786644787, 0.00069940026151, 0.000973280461039, 0.0011099857511, 0.000928802706767, 0.000882410444319, 0.000720202981029, 0.00109029293526, 0.00109399610665, 0.00052809616318, 0.000378317781724, 0.000179160080734, 0.000198751979042, 0.000122310011648, 0.00014001080126, 0.000123417499708, 0.000106723076897, 0.000152770167915, 0.000125047314214, 0.000104190439743, 0.000104039063444, 7.72443527239e-05, 0.000105749233626, 7.02604447724e-05, 0.000156061927555, 0.000364065985195, 0.000259496242506, 0.000139625102747, 5.05612661073e-05, 4.88876939926e-05, 4.2018633394e-05, 3.40943370247e-05, 3.5170603951e-05, 2.589322321e-05, 3.19678911183e-05, 3.81762838515e-05, 3.97617477574e-05, 3.77003270842e-05, 6.11567593296e-05, 2.56169241766e-05, 2.69134616246e-05, 1.32045088321e-05, 1.30777416416e-05, 4.89739468321e-05, 0.000112580681161, 6.28100387985e-05, 1.16290202641e-05, 8.51935328683e-06, 1.07793675852e-05, 1.02144886114e-05, 1.52146340042e-05, 1.1797944353e-05, 1.79136441147e-05, 9.34838590183e-06, 6.12718895354e-06, 4.0350623749e-06, 2.36564278566e-06, 2.34225421991e-06, 2.00456656785e-06, 3.53779205398e-06, 1.12682778308e-06, 2.18905097427e-06, 1.42842839068e-06, 1.55926966272e-06, 1.08004974209e-06, 5.51212849587e-07, 4.00533224365e-07, 5.81351059736e-07, 1.62058299225e-07, 1.51937427972e-07, 1.48623215068e-07, 1.41724086689e-07, 1.3190438608e-07, 1.26680163248e-07, 1.21864545122e-07, 1.19613659422e-07, 1.1375107789e-07, 1.12687793319e-07, 1.09351979916e-07, 1.07596235921e-07, 1.06926947296e-07],
        "mean": [1.00847337308e-05, 1.34630681714e-05, 7.53525819164e-05, 0.000310907460516, 0.000355518917786, 0.00017276534345, 0.000162733791512, 0.000346747314325, 0.000521333538927, 0.000196513079572, 0.000120223587146, 0.000175024833879, 0.000161096133525, 6.45479376544e-05, 4.21961485699e-05, 7.39038077882e-05, 5.15656283824e-05, 1.92071674974e-05, 3.58765028068e-05, 3.98190677515e-05, 3.52854985977e-05, 7.06786013325e-05, 5.91138814343e-05, 4.20507676608e-05, 3.58976722055e-05, 2.31126068684e-05, 2.8122914955e-05, 5.14755956829e-05, 7.15522910468e-05, 6.01124156674e-05, 4.91286555189e-05, 5.69645926589e-05, 5.46245173609e-05, 3.44861800841e-05, 3.0796698411e-05, 2.60117049038e-05, 2.99415369227e-05, 2.60519882431e-05, 2.35396128119e-05, 2.49255972449e-05, 2.6931948014e-05, 1.9727362087e-05, 2.22104372369e-05, 2.13141756831e-05, 2.09619738598e-05, 1.77933470695e-05, 1.37705083034e-05, 1.48971348608e-05, 1.47930750245e-05, 1.51100821313e-05, 1.50127407323e-05, 1.73706976057e-05, 1.67246926139e-05, 2.00406284421e-05, 2.96834623441e-05, 1.66628651641e-05, 1.35510463224e-05, 7.37284744901e-06, 4.53582742921e-06, 4.20616288466e-06, 3.43064948538e-06, 3.12666065838e-06, 3.16411956192e-06, 2.79658456748e-06, 3.01465365737e-06, 2.68919643531e-06, 2.24897598855e-06, 1.59671367328e-06, 1.57725071404e-06, 1.3162795085e-06, 1.34992762924e-06, 1.43100191963e-06, 1.76402431862e-06, 1.54081260462e-06, 1.12642953809e-06, 8.36730748688e-07, 7.18361206964e-07, 7.46037358113e-07, 7.49650837406e-07, 7.36586969197e-07, 6.08979519257e-07, 5.82903453505e-07, 7.10262270331e-07, 5.91701962094e-07, 5.4538202221e-07, 5.64329525332e-07, 4.20090657371e-07, 3.24572084764e-07, 2.50001733093e-07, 2.45115728603e-07, 3.11966317668e-07, 3.92069608779e-07, 2.63128697497e-07, 1.72528856979e-07, 1.67037825349e-07, 1.28839815261e-07, 1.28237815034e-07, 1.48285835166e-07, 9.30456636183e-08, 1.02689561743e-07, 6.44210089717e-08, 5.29238306513e-08, 4.31637090514e-08, 3.2401004546e-08, 2.27889547233e-08, 1.90677464929e-08, 1.9548286545e-08, 1.19331646786e-08, 1.40753728672e-08, 9.88748993791e-09, 8.07952638127e-09, 5.12480990977e-09, 3.58616358831e-09, 2.78350098526e-09, 2.10397432809e-09, 5.44593647955e-10, 3.69115071841e-10, 3.11352166271e-10, 3.0235566828e-10, 2.83587181515e-10, 2.66214050804e-10, 2.52594861694e-10, 2.47010717436e-10, 2.30838417825e-10, 2.220708617e-10, 2.0564812353e-10, 1.96975769029e-10, 1.95011687354e-10],
        "min": [1.43670105991e-26, 3.17404150976e-25, 1.0615998257e-25, 3.18363399674e-26, 5.14893259927e-25, 2.58788778186e-25, 2.46420240379e-26, 6.63881548747e-26, 1.01585248758e-25, 1.12672423773e-25, 1.29970060339e-25, 1.22564529983e-25, 2.90531234461e-25, 1.85696328671e-25, 2.25936739744e-25, 2.87047846571e-25, 3.24679963017e-25, 2.46096277392e-25, 2.03656115359e-25, 4.43965740559e-25, 7.37980708037e-25, 3.06213863213e-25, 3.78812387194e-25, 3.47662242199e-25, 6.17447741404e-25, 3.22267675672e-25, 4.05846502504e-25, 9.30067007256e-25, 3.95757735735e-25, 9.56497397455e-25, 3.34488388341e-25, 1.05494674539e-24, 3.26514335792e-25, 4.06764490079e-25, 1.80162826873e-25, 5.86145050431e-25, 7.19473932593e-25, 8.13363171456e-25, 9.91822687398e-25, 5.99715676672e-25, 5.11007380412e-25, 7.09493165812e-25, 8.80744662448e-25, 1.00141099588e-24, 6.77038787222e-25, 8.97490404529e-25, 5.49905963737e-25, 1.10671958799e-24, 1.0548445879e-24, 1.20670386203e-24, 8.36818323447e-25, 1.17314216925e-24, 9.916854256e-25, 1.09387910182e-24, 4.90777584839e-25, 1.53934195247e-24, 1.60614358139e-24, 7.36665381085e-25, 1.20036102592e-24, 1.42872817216e-24, 2.20568447607e-24, 1.6054404105e-24, 1.41453676169e-24, 1.5571919026e-24, 4.84356848716e-25, 2.17663822311e-24, 1.51681090172e-24, 1.63017780659e-24, 2.07142015278e-24, 1.81638931073e-24, 2.17145126544e-24, 2.32486459555e-24, 2.37980323557e-24, 2.07428549281e-24, 1.74095705047e-24, 2.11243934213e-24, 2.13144950944e-24, 2.83632256345e-24, 2.32373179129e-24, 2.4751853937e-24, 1.6190662077e-24, 2.63552314762e-24, 3.23021185748e-24, 2.73987070994e-24, 2.28326322685e-24, 2.75007048423e-24, 3.02089195502e-24, 2.87499469439e-24, 2.75578873971e-24, 3.16852766786e-24, 2.19332736442e-24, 2.64276686289e-24, 2.74294608418e-24, 2.68460646758e-24, 3.0651496156e-24, 1.99788293363e-24, 2.72760905046e-24, 3.63625947021e-24, 3.80860703977e-24, 3.12743570609e-24, 2.63773866348e-24, 3.70131880122e-24, 3.60020852684e-24, 4.06977798068e-24, 3.52329340529e-24, 3.63916168948e-24, 4.53364042029e-24, 4.28278383572e-24, 3.95947274359e-24, 4.17523527307e-24, 2.96264384628e-24, 4.77189810734e-24, 3.88953509675e-24, 4.37381877861e-24, 4.13654756212e-24, 4.32447237355e-24, 4.96981660314e-24, 4.4228571335e-24, 4.34157448354e-24, 4.60031139413e-24, 5.03166290368e-24, 5.14555745789e-24, 4.2597518583e-24, 4.66770259797e-24, 3.70783242571e-24, 4.47059781219e-24, 4.79779838301e-24, 5.32226861154e-24],
        "stdev": [3.84555496566e-05, 7.27855149307e-05, 0.000403538666433, 0.00152216665447, 0.00193972024135, 0.000854167970829, 0.00119995430578, 0.00199448270723, 0.00337993609719, 0.00108909641858, 0.000719832722098, 0.000935276388191, 0.000885395333171, 0.000368411128875, 0.000235289073316, 0.000459311064333, 0.000378251890652, 0.00011921946134, 0.000359756755643, 0.000363736297004, 0.000227073323913, 0.000531507539563, 0.000412662979215, 0.00025540732895, 0.000192837789655, 0.000106927574961, 0.000115183989692, 0.000291131873382, 0.000398430478526, 0.000533673854079, 0.000378837692551, 0.000372260285076, 0.000281768792775, 0.000177197856829, 0.000145643483847, 0.000108859538159, 0.000140306729008, 0.000128370083985, 0.00010783077596, 0.000127827719552, 0.000135440030135, 8.60950531205e-05, 9.6583236882e-05, 9.43429840845e-05, 0.000109599495772, 7.65211007092e-05, 5.97411162744e-05, 5.82349166507e-05, 6.32770825177e-05, 6.7228647822e-05, 7.89632322267e-05, 8.01499627414e-05, 7.67168094171e-05, 8.79082435858e-05, 0.000135001115268, 7.93255603639e-05, 5.70194315515e-05, 3.0450977647e-05, 1.81699888344e-05, 1.78297559614e-05, 1.32398217829e-05, 1.3215601939e-05, 1.30224325403e-05, 1.12538100439e-05, 1.38010736919e-05, 1.12281732072e-05, 9.17800662137e-06, 7.29203657102e-06, 7.04585090716e-06, 6.15345561528e-06, 5.76791717322e-06, 8.74891611602e-06, 1.63697986864e-05, 1.31980559672e-05, 7.2443958743e-06, 3.86177362088e-06, 3.45498938259e-06, 3.35474305757e-06, 3.29902263729e-06, 3.36225866704e-06, 2.65339258476e-06, 2.68208532361e-06, 3.53487939719e-06, 2.94567689707e-06, 2.83879444396e-06, 3.34138849212e-06, 1.94894414562e-06, 1.69041572917e-06, 1.06644347397e-06, 1.13803309887e-06, 2.56273415289e-06, 4.92242406835e-06, 2.76484979622e-06, 9.08938318389e-07, 8.06724528957e-07, 7.06449782228e-07, 7.69252380906e-07, 1.09760969735e-06, 7.37500215564e-07, 9.36352989811e-07, 5.17424041391e-07, 3.96800516e-07, 2.74783786836e-07, 1.92218919892e-07, 1.42329199093e-07, 1.29615884248e-07, 1.73447915586e-07, 7.66978942579e-08, 1.17554613155e-07, 7.71847297187e-08, 7.64328405012e-08, 5.11757640709e-08, 3.16523411925e-08, 2.648642905e-08, 2.67662478848e-08, 7.3112365051e-09, 6.48774944878e-09, 6.33109875636e-09, 6.03792127407e-09, 5.61972601787e-09, 5.39644551267e-09, 5.19110132657e-09, 5.09512165792e-09, 4.84533746459e-09, 4.80012873894e-09, 4.65828753349e-09, 4.58369164846e-09, 4.55520998699e-09]
    },
    "mfcc": {
        "mean": [-1177.80517578, 15.0193042755, -5.35560941696, 1.17680585384, 0.104024238884, 1.76051914692, -0.539407968521, 1.34854698181, 0.0275860354304, -0.448415368795, -1.0999904871, -0.494142621756, -0.312186390162],
        "cov": [[49844.6601562, 8431.92578125, -2948.00854492, 713.463378906, 69.0977325439, 977.475891113, -323.274658203, 796.022460938, 14.4356145859, -236.764434814, -572.643859863, -221.931030273, -165.939239502], [8431.92578125, 1748.93786621, -412.350708008, 215.084960938, 54.444732666, 189.248886108, -66.7169036865, 145.984283447, -32.2044754028, -83.0525741577, -124.205970764, -79.7704849243, -47.8145332336], [-2948.00854492, -412.350708008, 265.692108154, 6.92806386948, 20.8079147339, -43.6607017517, 17.0422649384, -43.3237266541, -15.7413873672, 0.218997746706, 23.1268005371, -2.39582085609, 2.77385020256], [713.463378906, 215.084960938, 6.92806386948, 65.6631317139, 27.5794010162, 28.956577301, -4.25346183777, 8.71637821198, -15.6046171188, -18.8661842346, -23.504573822, -19.5433158875, -8.70985603333], [69.0977325439, 54.444732666, 20.8079147339, 27.5794010162, 30.9949798584, 13.6911506653, -1.34910321236, -4.62200784683, -6.85853147507, -8.73642158508, -13.4271745682, -7.39445495605, -4.71290159225], [977.475891113, 189.248886108, -43.6607017517, 28.956577301, 13.6911506653, 32.8505096436, -1.87050759792, 13.5359249115, -2.78968858719, -10.2206220627, -20.4421024323, -11.4820022583, -7.91173839569], [-323.274658203, -66.7169036865, 17.0422649384, -4.25346183777, -1.34910321236, -1.87050759792, 15.5784063339, -2.84727120399, 1.23751890659, 2.15125322342, 0.394924581051, -0.159979507327, -0.251929461956], [796.022460938, 145.984283447, -43.3237266541, 8.71637821198, -4.62200784683, 13.5359249115, -2.84727120399, 26.5900363922, 2.36423015594, -5.3086233139, -6.59029388428, -2.83336234093, -3.50905585289], [14.4356145859, -32.2044754028, -15.7413873672, -15.6046171188, -6.85853147507, -2.78968858719, 1.23751890659, 2.36423015594, 9.41223049164, 5.78349685669, 4.39484500885, 5.65106058121, 1.45916879177], [-236.764434814, -83.0525741577, 0.218997746706, -18.8661842346, -8.73642158508, -10.2206220627, 2.15125322342, -5.3086233139, 5.78349685669, 12.3050508499, 10.4103832245, 8.65774345398, 4.16532230377], [-572.643859863, -124.205970764, 23.1268005371, -23.504573822, -13.4271745682, -20.4421024323, 0.394924581051, -6.59029388428, 4.39484500885, 10.4103832245, 23.0578155518, 11.5749998093, 5.86037254333], [-221.931030273, -79.7704849243, -2.39582085609, -19.5433158875, -7.39445495605, -11.4820022583, -0.159979507327, -2.83336234093, 5.65106058121, 8.65774345398, 11.5749998093, 14.821849823, 5.78049993515], [-165.939239502, -47.8145332336, 2.77385020256, -8.70985603333, -4.71290159225, -7.91173839569, -0.251929461956, -3.50905585289, 1.45916879177, 4.16532230377, 5.86037254333, 5.78049993515, 7.37115192413]],
        "icov": [[0.000462381809484, -0.00131465308368, 0.00175842898898, -0.000529019453097, 0.00104468443897, -0.00432981271297, 0.00163584086113, -0.00184832548257, -0.000282778113615, -0.0041117342189, 0.00153588748071, -0.00177796382923, -0.00165621156339], [-0.00131465308368, 0.013256913051, 0.00391907198355, -0.0120735662058, -0.00355688855052, -0.00199463381432, 0.0152763677761, -0.0184876658022, 0.0162793081254, 0.0139435920864, -0.00736727565527, 0.0176186859608, 0.00890186522156], [0.00175842898898, 0.00391907198355, 0.0259988214821, -0.0201765708625, -0.00744315236807, -0.0109568778425, 0.013246351853, -0.0232431162149, 0.017257289961, -0.00777559773996, -0.00982985645533, 0.0130668031052, 0.00279720243998], [-0.000529019453097, -0.0120735662058, -0.0201765708625, 0.0841695144773, -0.0229905471206, -0.0103126559407, -0.0220261998475, 0.0170649923384, 0.0387133769691, 0.00648402702063, 0.00242255418561, 0.00537278642878, -0.019042884931], [0.00104468443897, -0.00355688855052, -0.00744315236807, -0.0229905471206, 0.088136062026, -0.0367904864252, 0.0158824510872, 0.028075736016, -0.0159085672349, 0.00604686420411, 0.0371686592698, -0.0454449802637, 0.0126715870574], [-0.00432981271297, -0.00199463381432, -0.0109568778425, -0.0103126559407, -0.0367904864252, 0.20061083138, -0.0613842830062, 0.0358208529651, -0.0502128861845, 0.0280372593552, 0.0268152747303, 0.0148603552952, 0.0494051761925], [0.00163584086113, 0.0152763677761, 0.013246351853, -0.0220261998475, 0.0158824510872, -0.0613842830062, 0.129327535629, -0.0558274872601, 0.0208240412176, -0.0313850603998, 0.0212780516595, 0.022229809314, 0.00628344947472], [-0.00184832548257, -0.0184876658022, -0.0232431162149, 0.0170649923384, 0.028075736016, 0.0358208529651, -0.0558274872601, 0.145048320293, -0.0762201473117, 0.0552403815091, -0.0066010155715, -0.0429548025131, 0.0137248449028], [-0.000282778113615, 0.0162793081254, 0.017257289961, 0.0387133769691, -0.0159085672349, -0.0502128861845, 0.0208240412176, -0.0762201473117, 0.282572239637, -0.0624066591263, -0.0040190583095, -0.000636148324702, 0.021865606308], [-0.0041117342189, 0.0139435920864, -0.00777559773996, 0.00648402702063, 0.00604686420411, 0.0280372593552, -0.0313850603998, 0.0552403815091, -0.0624066591263, 0.262969076633, -0.0618506781757, -0.026233997196, 0.00115757319145], [0.00153588748071, -0.00736727565527, -0.00982985645533, 0.00242255418561, 0.0371686592698, 0.0268152747303, 0.0212780516595, -0.0066010155715, -0.0040190583095, -0.0618506781757, 0.15659108758, -0.0630062445998, 0.00413920357823], [-0.00177796382923, 0.0176186859608, 0.0130668031052, 0.00537278642878, -0.0454449802637, 0.0148603552952, 0.022229809314, -0.0429548025131, -0.000636148324702, -0.026233997196, -0.0630062445998, 0.213794201612, -0.0597175098956], [-0.00165621156339, 0.00890186522156, 0.00279720243998, -0.019042884931, 0.0126715870574, 0.0494051761925, 0.00628344947472, 0.0137248449028, 0.021865606308, 0.00115757319145, 0.00413920357823, -0.0597175098956, 0.239005491138]]
    },
    "spectral_contrast_coeffs": {
        "max": [-0.466513574123, -0.652166485786, -0.662333965302, -0.691176474094, -0.680243909359, -0.631692588329],
        "mean": [-0.927728056908, -0.941057264805, -0.937698543072, -0.941468417645, -0.935606598854, -0.929546892643],
        "min": [-0.983538866043, -0.981492817402, -0.97614222765, -0.974577009678, -0.96983641386, -0.965969979763],
        "stdev": [0.096731454134, 0.0617087371647, 0.0610077232122, 0.0509246625006, 0.0637745782733, 0.0768976658583]
    },
    "spectral_contrast_valleys": {
        "max": [-5.07729530334, -4.52083778381, -5.074842453, -5.3747677803, -5.93119192123, -8.4074344635],
        "mean": [-24.4264030457, -24.3419094086, -24.3300857544, -24.3542118073, -24.4209156036, -24.8600540161],
        "min": [-28.3392906189, -28.2192516327, -27.8935775757, -27.7203216553, -27.5793533325, -27.4805450439],
        "stdev": [6.89324998856, 7.07193422318, 7.13571453094, 7.13162612915, 6.94873714447, 5.89171886444]
    }
},
"rhythm": {
    "beats_count": 30,
    "beats_loudness": {
        "max": 0.167070299387,
        "mean": 0.010713705793,
        "min": 0,
        "stdev": 0.0358477085829
    },
    "bpm": 146.394226074,
    "bpm_histogram_first_peak_bpm": 148,
    "bpm_histogram_first_peak_weight": 0.307692348957,
    "bpm_histogram_second_peak_bpm": 133,
    "bpm_histogram_second_peak_spread": 0.5,
    "bpm_histogram_second_peak_weight": 0.137931033969,
    "danceability": 1.12709105015,
    "onset_rate": 0.54861664772,
    "beats_loudness_band_ratio": {
        "max": [0.481460541487, 0.542584955692, 0.237128823996, 0.383877158165, 0.498454540968, 0.336959421635],
        "mean": [0.0338967591524, 0.0409194640815, 0.0224182475358, 0.0358429811895, 0.0310666840523, 0.0142641048878],
        "min": [0, 0, 0, 0, 0, 0],
        "stdev": [0.10234311223, 0.126790240407, 0.055871091783, 0.0976558998227, 0.0971688702703, 0.0607922263443]
    },
    "beats_position": [0.417959183455, 0.847528338432, 1.26548755169, 1.68344664574, 2.10140585899, 2.51936507225, 2.97215414047, 3.42494320869, 3.87773227692, 4.33052158356, 4.77170038223, 5.21287965775, 5.65405893326, 6.09523820877, 6.52480697632, 6.9543762207, 7.38394546509, 7.79029464722, 8.19664382935, 8.60299301147, 9.0093421936, 9.41569137573, 9.82204055786, 10.22838974, 10.6347389221, 11.0410881042, 11.4242172241, 11.7957363129, 12.1672563553, 12.538775444],
    "bpm_histogram": [0, 0, 0, 0, 0, 0, 0, 0, 0, 0, 0, 0, 0, 0, 0, 0, 0, 0, 0, 0, 0, 0, 0, 0, 0, 0, 0, 0, 0, 0, 0, 0, 0, 0, 0, 0, 0, 0, 0, 0, 0, 0, 0, 0, 0, 0, 0, 0, 0, 0, 0, 0, 0, 0, 0, 0, 0, 0, 0, 0, 0, 0, 0, 0, 0, 0, 0, 0, 0, 0, 0, 0, 0, 0, 0, 0, 0, 0, 0, 0, 0, 0, 0, 0, 0, 0, 0, 0, 0, 0, 0, 0, 0, 0, 0, 0, 0, 0, 0, 0, 0, 0, 0, 0, 0, 0, 0, 0, 0, 0, 0, 0, 0, 0, 0, 0, 0, 0, 0, 0, 0, 0, 0, 0, 0, 0, 0, 0, 0, 0, 0, 0, 0, 0.137931033969, 0, 0, 0.137931033969, 0, 0, 0, 0.137931033969, 0, 0, 0, 0.137931033969, 0, 0, 0, 0.310344815254, 0, 0, 0, 0, 0, 0, 0, 0, 0.0344827584922, 0, 0, 0, 0.103448279202, 0, 0, 0, 0, 0, 0, 0, 0, 0, 0, 0, 0, 0, 0, 0, 0, 0, 0, 0, 0, 0, 0, 0, 0, 0, 0, 0, 0, 0, 0, 0, 0, 0, 0, 0, 0, 0, 0, 0, 0, 0, 0, 0, 0, 0, 0, 0, 0, 0, 0, 0, 0, 0, 0, 0, 0, 0, 0, 0, 0, 0, 0, 0, 0, 0, 0, 0, 0, 0, 0, 0, 0, 0, 0, 0, 0, 0, 0, 0, 0, 0, 0, 0, 0, 0, 0, 0, 0]
},
"tonal": {
