{
"metadata": {
    "version": {
        "essentia": "2.1-beta5",
        "essentia_git_sha": "Undefined",
        "extractor": "music 2.0"
    },
    "audio_properties": {
        "analysis": {
            "equal_loudness": 0,
            "length": 12.7477550507,
            "sample_rate": 44100,
            "start_time": 0,
            "downmix": "mix"
        },
        "bit_rate": 192000,
        "length": 183.785964966,
        "lossless": 0,
        "number_channels": 2,
        "replay_gain": -10.4087600708,
        "sample_rate": 48000,
        "codec": "mp3",
        "md5_encoded": "44b822ca0dafa00d03b324cd285be709"
    },
    "tags": {
        "file_name": "Germany_Wir Geben _ne Party_MeKaDo.mp3",
        "encoding": ["Lavf58.29.100"]
    }
},
"lowlevel": {
    "average_loudness": 0.845146179199,
    "barkbands_crest": {
        "max": 18.3609962463,
        "mean": 8.39432048798,
        "min": 2.82888627052,
        "stdev": 3.10787820816
    },
    "barkbands_flatness_db": {
        "max": 0.188987955451,
        "mean": 0.101617991924,
        "min": 0.0333742536604,
        "stdev": 0.0320263728499
    },
    "barkbands_kurtosis": {
        "max": 15.8424224854,
        "mean": 1.91265916824,
        "min": -1.78678441048,
        "stdev": 3.18932509422
    },
    "barkbands_skewness": {
        "max": 4.05894804001,
        "mean": 1.37309551239,
        "min": -1.90177774429,
        "stdev": 0.8690995574
    },
    "barkbands_spread": {
        "max": 101.564437866,
        "mean": 35.5917701721,
        "min": 6.42106580734,
        "stdev": 18.167766571
    },
    "dissonance": {
        "max": 0.499967128038,
        "mean": 0.470981329679,
        "min": 0.395141065121,
        "stdev": 0.0223433114588
    },
    "dynamic_complexity": 12.3147802353,
    "erbbands_crest": {
        "max": 19.7115497589,
        "mean": 6.71792221069,
        "min": 2.05669283867,
        "stdev": 3.51192331314
    },
    "erbbands_flatness_db": {
        "max": 0.225298121572,
        "mean": 0.123070389032,
        "min": 0.059629432857,
        "stdev": 0.0394027940929
    },
    "erbbands_kurtosis": {
        "max": 4.68506240845,
        "mean": -0.321294218302,
        "min": -1.66565537453,
        "stdev": 1.00621926785
    },
    "erbbands_skewness": {
        "max": 1.93359351158,
        "mean": 0.0988355800509,
        "min": -1.46793282032,
        "stdev": 0.70695745945
    },
    "erbbands_spread": {
        "max": 100.03793335,
        "mean": 52.5648460388,
        "min": 9.85024833679,
        "stdev": 18.6464042664
    },
    "hfc": {
        "max": 98.3486557007,
        "mean": 19.8985652924,
        "min": 1.17773935911e-16,
        "stdev": 21.5653533936
    },
    "loudness_ebu128": {
        "integrated": -12.8987321854,
        "loudness_range": 8.51629543304,
        "momentary": {
            "max": -10.276632309,
            "mean": -22.4207439423,
            "min": -52.189956665,
            "stdev": 15.8020277023
        },
        "short_term": {
            "max": -11.9002685547,
            "mean": -16.6490249634,
            "min": -49.6309280396,
            "stdev": 8.67088127136
        }
    },
    "melbands_crest": {
        "max": 34.935256958,
        "mean": 13.7502117157,
        "min": 1.00163841248,
        "stdev": 6.29439687729
    },
    "melbands_flatness_db": {
        "max": 0.263758838177,
        "mean": 0.146624743938,
        "min": -1.38058368293e-07,
        "stdev": 0.0426202714443
    },
    "melbands_kurtosis": {
        "max": 99.2187042236,
        "mean": 12.7987327576,
        "min": -1.27854084969,
        "stdev": 11.7431058884
    },
    "melbands_skewness": {
        "max": 9.18549442291,
        "mean": 2.90362453461,
        "min": -0.244546249509,
        "stdev": 1.39413404465
    },
    "melbands_spread": {
        "max": 160.181716919,
        "mean": 30.8602371216,
        "min": 6.48903131485,
        "stdev": 19.6049556732
    },
    "pitch_salience": {
        "max": 0.997669935226,
        "mean": 0.596209943295,
        "min": 0.243143305182,
        "stdev": 0.106876753271
    },
    "silence_rate_20dB": {
        "max": 1,
        "mean": 1,
        "min": 1,
        "stdev": 0
    },
    "silence_rate_30dB": {
        "max": 1,
        "mean": 1,
        "min": 1,
        "stdev": 0
    },
    "silence_rate_60dB": {
        "max": 1,
        "mean": 0.272727280855,
        "min": 0,
        "stdev": 0.445360779762
    },
    "spectral_centroid": {
        "max": 10871.5683594,
        "mean": 1796.17858887,
        "min": 506.350128174,
        "stdev": 755.473083496
    },
    "spectral_complexity": {
        "max": 45,
        "mean": 16.0345458984,
        "min": 0,
        "stdev": 12.0077438354
    },
    "spectral_decrease": {
        "max": 5.16662485426e-29,
        "mean": -4.37201919112e-09,
        "min": -2.06916066503e-08,
        "stdev": 4.31588675909e-09
    },
    "spectral_energy": {
        "max": 0.084596209228,
        "mean": 0.0183058660477,
        "min": 1.04874360534e-20,
        "stdev": 0.0177879929543
    },
    "spectral_energyband_high": {
        "max": 0.00955740083009,
        "mean": 0.00114131520968,
        "min": 7.8041526192e-21,
        "stdev": 0.00175111670978
    },
    "spectral_energyband_low": {
        "max": 0.0296539533883,
        "mean": 0.00321299373172,
        "min": 9.19615673112e-23,
        "stdev": 0.00515640806407
    },
    "spectral_energyband_middle_high": {
        "max": 0.049890011549,
        "mean": 0.0045017930679,
        "min": 1.38662905353e-21,
        "stdev": 0.00740501657128
    },
    "spectral_energyband_middle_low": {
        "max": 0.060491297394,
        "mean": 0.0105009013787,
        "min": 3.18313604654e-22,
        "stdev": 0.011543629691
    },
    "spectral_entropy": {
        "max": 9.80043125153,
        "mean": 7.97025299072,
        "min": 6.91698551178,
        "stdev": 0.406435072422
    },
    "spectral_flux": {
        "max": 0.20594842732,
        "mean": 0.060182698071,
        "min": 1.02408186098e-10,
        "stdev": 0.0488547831774
    },
    "spectral_kurtosis": {
        "max": 10.5698423386,
        "mean": 2.35670995712,
        "min": -1.16658806801,
        "stdev": 1.71925246716
    },
    "spectral_rms": {
        "max": 0.00908476114273,
        "mean": 0.00343214091845,
        "min": 3.19869434759e-12,
        "stdev": 0.0024657221511
    },
    "spectral_rolloff": {
        "max": 18669.2871094,
        "mean": 2325.66259766,
        "min": 64.599609375,
        "stdev": 2117.97875977
    },
    "spectral_skewness": {
        "max": 2.43855834007,
        "mean": 1.23105120659,
        "min": -0.00171779526863,
        "stdev": 0.323323488235
    },
    "spectral_spread": {
        "max": 39960016,
        "mean": 6086401.5,
        "min": 2836318.5,
        "stdev": 2197920
    },
    "spectral_strongpeak": {
        "max": 11.6524820328,
        "mean": 0.784297764301,
        "min": 0,
        "stdev": 1.17110061646
    },
    "zerocrossingrate": {
        "max": 0.5224609375,
        "mean": 0.0943545773625,
        "min": 0.0224609375,
        "stdev": 0.0457980781794
    },
    "barkbands": {
        "max": [0.000296309095575, 0.0174301806837, 0.0174440164119, 0.0243985019624, 0.0325203575194, 0.0188046712428, 0.0224481411278, 0.00982965994626, 0.0111385798082, 0.0309211928397, 0.0263509079814, 0.0307766981423, 0.00429145246744, 0.0102044297382, 0.0140046942979, 0.0045345784165, 0.0159893333912, 0.00619099568576, 0.00415006978437, 0.00181066570804, 0.00191076553892, 0.00125831621699, 0.00300345011055, 0.00279313139617, 0.00355481822044, 0.000660115852952, 4.46648891739e-06],
        "mean": [3.96603463741e-05, 0.0013721100986, 0.00116049102508, 0.00119112047832, 0.00214245147072, 0.00273932213895, 0.00254907063209, 0.00067471357761, 0.000562394270673, 0.00126910640392, 0.000574136094656, 0.000426545215305, 0.000156622540089, 0.000320184451994, 0.000445749814389, 0.000256308674579, 0.000488892197609, 0.00032742851181, 0.000365533545846, 0.000203341624001, 0.000216186657781, 0.000183355950867, 0.000239442917518, 0.000211956546991, 0.000149043626152, 4.06443541578e-05, 5.80006478401e-08],
        "min": [1.27651996513e-23, 8.2694095661e-24, 4.39227938597e-23, 4.23701483598e-23, 1.67176002569e-23, 8.19158149582e-23, 2.87628657245e-23, 5.01733584858e-23, 8.85293723521e-23, 2.07761539302e-23, 8.13860475287e-23, 1.58985575334e-22, 8.07972165055e-23, 9.29312603795e-23, 1.50406555218e-22, 6.87238076362e-23, 1.32354855486e-22, 1.80535059076e-22, 2.4686613168e-22, 2.91249995806e-22, 6.18865595819e-22, 4.71873470412e-22, 5.33468689147e-22, 8.8314788302e-22, 1.25674513759e-21, 1.39341724579e-21, 2.6891090395e-21],
        "stdev": [4.62208627141e-05, 0.00276416842826, 0.00232449686155, 0.00223109056242, 0.00355130108073, 0.00374190765433, 0.00436163600534, 0.00121367163956, 0.0013931680005, 0.00369149586186, 0.0017653175164, 0.00214312458411, 0.000390520726796, 0.000688429223374, 0.00100589555223, 0.000488393183332, 0.00116768025327, 0.000606421614066, 0.000558083353098, 0.000284918845864, 0.000319799844874, 0.000275177881122, 0.000453404878499, 0.00039937812835, 0.00034389537177, 8.51318327477e-05, 2.7803548619e-07]
    },
    "erbbands": {
        "max": [0.171432584524, 4.9675860405, 22.6482219696, 40.8467407227, 84.9228820801, 101.349662781, 150.930892944, 121.989303589, 289.18536377, 349.260498047, 278.064727783, 270.072753906, 906.439575195, 958.024414062, 438.25302124, 1398.58642578, 336.634063721, 592.890136719, 487.775390625, 348.562316895, 507.992889404, 433.003509521, 294.319671631, 200.525115967, 153.882019043, 117.466766357, 74.6798400879, 105.038848877, 45.4611434937, 98.6371154785, 75.9541625977, 67.936958313, 36.6813545227, 44.4588699341, 21.629983902, 5.53161096573, 0.945710122585, 0.0766539648175, 0.00149325688835, 0.000148391351104],
        "mean": [0.0137968352064, 0.396692633629, 1.48181581497, 2.78486442566, 4.52598953247, 6.93837881088, 18.0843410492, 18.9406719208, 32.0113716125, 34.5271873474, 17.4525318146, 12.7683849335, 36.9792404175, 31.8652515411, 15.3542366028, 19.543806076, 9.478266716, 17.2609195709, 13.9264354706, 24.771188736, 21.7399711609, 21.5330867767, 17.6419143677, 19.2165050507, 16.0287818909, 10.1649847031, 8.39604854584, 8.45567798615, 6.20120429993, 7.10335111618, 6.92144060135, 5.31093549728, 2.96113562584, 2.1141872406, 0.758110761642, 0.276505827904, 0.0559926480055, 0.00347555847839, 9.37253134907e-05, 2.97268979921e-05],
        "min": [5.36596011454e-22, 1.65844532841e-21, 3.34333737391e-20, 1.25228837488e-19, 5.24015848437e-20, 7.4706784711e-20, 1.94872688777e-19, 9.32243717286e-19, 5.0457748532e-19, 3.61647706506e-19, 2.23497170477e-18, 1.57199905831e-18, 7.05053598964e-19, 2.19307417956e-18, 3.5888368249e-18, 5.73960361126e-18, 4.55850012514e-18, 4.98193801661e-18, 4.65549366941e-18, 7.88383277564e-18, 5.33752517756e-18, 7.41727313166e-18, 8.6432342088e-18, 1.38973076159e-17, 1.12866503293e-17, 1.41537733105e-17, 2.46188670282e-17, 2.11997225836e-17, 1.81251170622e-17, 1.23122591631e-17, 1.76215228878e-17, 1.4266976286e-17, 1.80247006445e-17, 1.18999741478e-17, 9.58976871194e-18, 5.82944990144e-18, 2.67440065184e-18, 1.46077862789e-18, 3.75035909064e-19, 3.66720120194e-20],
        "stdev": [0.0258391164243, 0.791253387928, 2.83489274979, 4.60708045959, 8.66695690155, 12.8258419037, 28.5463008881, 25.2204990387, 52.1808319092, 60.902671814, 31.2280311584, 28.9319000244, 106.204933167, 90.7442703247, 40.1371612549, 96.3659133911, 30.9131145477, 38.3440322876, 33.5560684204, 39.146812439, 46.2688369751, 38.1381378174, 30.2671337128, 30.2537670135, 24.0892410278, 14.5895881653, 11.2763795853, 14.2230119705, 9.23510932922, 12.3037099838, 12.834025383, 10.0748920441, 5.86163377762, 4.87849235535, 1.72181761265, 0.58282738924, 0.119551874697, 0.00805098935962, 0.000184314223588, 3.00232841255e-05]
    },
    "gfcc": {
        "mean": [-90.0463256836, 63.9972000122, -112.258430481, 43.2686843872, -70.7473602295, 17.0705986023, -51.5385551453, 17.0196819305, -26.7487239838, 6.09362077713, -18.327337265, 2.95457530022, -9.90234184265],
        "cov": [[43828.6953125, 2729.49804688, -2973.64306641, -969.926208496, -1378.79919434, -1889.60888672, -1299.01269531, -1147.92260742, -37.1840438843, -1255.88342285, -309.611328125, -716.842834473, -115.616668701], [2729.49804688, 866.707885742, -404.691467285, -131.100372314, 46.4091796875, -280.87121582, -48.9803237915, -96.1605377197, 64.4167861938, -111.084861755, 68.7456207275, -91.3284835815, 47.6019515991], [-2973.64306641, -404.691467285, 615.680419922, 186.205551147, 35.9300460815, 182.840682983, 31.2884788513, 56.7191734314, 8.86498165131, 143.881881714, -3.89842939377, 73.4971084595, -23.6678600311], [-969.926208496, -131.100372314, 186.205551147, 283.020324707, 71.788192749, 111.142608643, 59.4675445557, 23.6961421967, 4.29938411713, 47.5952301025, -21.0731887817, 14.7352371216, 4.04232406616], [-1378.79919434, 46.4091796875, 35.9300460815, 71.788192749, 208.939529419, 84.7188873291, 101.922164917, 42.1218490601, 3.34110665321, 13.7528171539, -7.96517562866, 4.36651611328, 20.0291652679], [-1889.60888672, -280.87121582, 182.840682983, 111.142608643, 84.7188873291, 260.94631958, 116.97328949, 79.8273773193, -27.1057357788, 56.6357116699, -36.1655731201, 38.1626281738, 6.00888776779], [-1299.01269531, -48.9803237915, 31.2884788513, 59.4675445557, 101.922164917, 116.97328949, 162.618255615, 67.1186065674, -10.506398201, 7.70755958557, -8.89103031158, 15.060049057, 26.423538208], [-1147.92260742, -96.1605377197, 56.7191734314, 23.6961421967, 42.1218490601, 79.8273773193, 67.1186065674, 128.026000977, 16.3116950989, 21.7014255524, 3.61156105995, 29.7737579346, 6.23345756531], [-37.1840438843, 64.4167861938, 8.86498165131, 4.29938411713, 3.34110665321, -27.1057357788, -10.506398201, 16.3116950989, 71.3629837036, 25.0100345612, 29.1552047729, -1.3864030838, 0.286964833736], [-1255.88342285, -111.084861755, 143.881881714, 47.5952301025, 13.7528171539, 56.6357116699, 7.70755958557, 21.7014255524, 25.0100345612, 126.535263062, 46.2813034058, 33.4395637512, -19.3568248749], [-309.611328125, 68.7456207275, -3.89842939377, -21.0731887817, -7.96517562866, -36.1655731201, -8.89103031158, 3.61156105995, 29.1552047729, 46.2813034058, 90.9264678955, 17.695268631, -0.934487164021], [-716.842834473, -91.3284835815, 73.4971084595, 14.7352371216, 4.36651611328, 38.1626281738, 15.060049057, 29.7737579346, -1.3864030838, 33.4395637512, 17.695268631, 62.1291618347, 8.47995090485], [-115.616668701, 47.6019515991, -23.6678600311, 4.04232406616, 20.0291652679, 6.00888776779, 26.423538208, 6.23345756531, 0.286964833736, -19.3568248749, -0.934487164021, 8.47995090485, 54.7624053955]],
        "icov": [[7.9714191088e-05, -0.000134681424242, 0.000213800492929, -0.000127553357743, 0.000376273615984, -3.54631883965e-05, 0.000233093000134, 0.00025185913546, -0.000138515490107, 0.000368446693756, 0.000241251473199, 1.36419685077e-05, 0.000245281815296], [-0.000134681424242, 0.00364166079089, 0.000558022933546, 0.000303990556858, -0.00260263262317, 0.00238602771424, -0.00067796750227, 0.000715510686859, -0.00171158846933, 0.000566773524042, -0.00271942513064, 0.00237835082226, -0.0025007170625], [0.000213800492929, 0.000558022933546, 0.00394516298547, -0.00154306984041, 0.000610786490142, -0.000596813566517, 0.00141753838398, 0.000882672611624, -0.00119344494306, -0.00108695111703, 0.00124256452546, -0.00134723260999, 0.000694809074048], [-0.000127553357743, 0.000303990556858, -0.00154306984041, 0.00538238324225, -0.00151723565068, -0.000756987952627, -0.00119699607603, 0.000547291303519, -0.000830660748761, -0.0011980466079, 0.000676752009895, 0.000687877880409, -0.000958579592407], [0.000376273615984, -0.00260263262317, 0.000610786490142, -0.00151723565068, 0.0101849790663, -0.0019104037201, -0.00270286668092, 0.000575325568207, -0.000480495829834, 0.000533340149559, 0.00272032129578, -0.000278608989902, 0.00143648230005], [-3.54631883965e-05, 0.00238602771424, -0.000596813566517, -0.000756987952627, -0.0019104037201, 0.0116942292079, -0.00483566801995, -0.00204257713631, 0.00230113207363, -0.00358376093209, 0.00294718123041, 0.000454484921647, -0.00166853971314], [0.000233093000134, -0.00067796750227, 0.00141753838398, -0.00119699607603, -0.00270286668092, -0.00483566801995, 0.0148472627625, -0.00337295280769, 0.00174009636976, 0.00207483861595, -0.00136108114384, 0.00119151000399, -0.00296190567315], [0.00025185913546, 0.000715510686859, 0.000882672611624, 0.000547291303519, 0.000575325568207, -0.00204257713631, -0.00337295280769, 0.0140948407352, -0.00642310408875, 0.0032068407163, 7.95939195086e-05, -0.00411679968238, 0.00209370325319], [-0.000138515490107, -0.00171158846933, -0.00119344494306, -0.000830660748761, -0.000480495829834, 0.00230113207363, 0.00174009636976, -0.00642310408875, 0.0215066932142, -0.00561713147908, -0.00283751729876, 0.00337102543563, -0.00211298512295], [0.000368446693756, 0.000566773524042, -0.00108695111703, -0.0011980466079, 0.000533340149559, -0.00358376093209, 0.00207483861595, 0.0032068407163, -0.00561713147908, 0.0207084864378, -0.00892660487443, -0.00281980447471, 0.00636944966391], [0.000241251473199, -0.00271942513064, 0.00124256452546, 0.000676752009895, 0.00272032129578, 0.00294718123041, -0.00136108114384, 7.95939195086e-05, -0.00283751729876, -0.00892660487443, 0.0220306180418, -0.00620849290863, 0.000886517053004], [1.36419685077e-05, 0.00237835082226, -0.00134723260999, 0.000687877880409, -0.000278608989902, 0.000454484921647, 0.00119151000399, -0.00411679968238, 0.00337102543563, -0.00281980447471, -0.00620849290863, 0.0270622000098, -0.00803679134697], [0.000245281815296, -0.0025007170625, 0.000694809074048, -0.000958579592407, 0.00143648230005, -0.00166853971314, -0.00296190567315, 0.00209370325319, -0.00211298512295, 0.00636944966391, 0.000886517053004, -0.00803679134697, 0.0256939679384]]
    },
    "melbands": {
        "max": [0.00302321650088, 0.00892388727516, 0.00786708202213, 0.00708165345713, 0.00498456414789, 0.00342534203082, 0.00411761365831, 0.0030530479271, 0.0022438543383, 0.00145081046503, 0.00464340439066, 0.00371980643831, 0.00267564435489, 0.00189542537555, 0.00318112620153, 0.000288136827294, 0.00127602054272, 0.000526912859641, 0.00123313884251, 0.000261544773821, 0.000925977481529, 0.000716774142347, 0.000508803001139, 0.000203989431611, 0.000178802729351, 0.000189488055184, 5.87265567447e-05, 8.71240990818e-05, 5.24688548467e-05, 5.06973519805e-05, 5.89235460211e-05, 3.07830523525e-05, 3.09744609694e-05, 7.4603529356e-05, 4.91341852467e-05, 4.56032175862e-05, 3.90401764889e-05, 2.70652872132e-05, 3.76982643502e-05, 3.60308586096e-05],
        "mean": [0.000254073907854, 0.000704957055859, 0.000526903837454, 0.000386426050682, 0.000557283696253, 0.000492352701258, 0.000500839203596, 0.000314678938594, 0.000133791138069, 7.65850927564e-05, 0.000185886048712, 0.000128366707941, 6.74387920299e-05, 3.18697857438e-05, 4.87157376483e-05, 1.5072874703e-05, 3.51703165506e-05, 1.86553861568e-05, 3.63788349205e-05, 2.43410158873e-05, 2.89225754386e-05, 2.66069455392e-05, 1.47587907122e-05, 1.5876847101e-05, 1.54855042638e-05, 1.28377878355e-05, 8.41665223561e-06, 6.30131125945e-06, 4.9428786042e-06, 5.48431353309e-06, 4.51929554401e-06, 3.38713130077e-06, 3.62765558748e-06, 4.13068119087e-06, 3.9537289922e-06, 3.95889173888e-06, 2.93183120448e-06, 2.02712021746e-06, 2.09477548196e-06, 1.62131709658e-06],
        "min": [4.65501850347e-24, 1.34285961738e-23, 1.86099150632e-23, 3.68398516055e-24, 6.28773180762e-24, 1.89883900151e-23, 7.54953375818e-24, 3.66042385746e-24, 2.25335356563e-23, 8.55666932043e-24, 2.99503960264e-24, 7.8421128016e-24, 1.03578462375e-23, 1.5879050581e-23, 1.43820213525e-23, 7.43368558994e-24, 9.73284120859e-24, 6.62008442901e-24, 1.13687659655e-23, 6.85178865409e-24, 6.66161243365e-24, 7.45773401464e-24, 8.47953450112e-24, 7.47589595926e-24, 1.23929046357e-23, 7.37830361009e-24, 1.09579658602e-23, 8.20017282217e-24, 1.41047730319e-23, 1.47908106513e-23, 1.14705329666e-23, 1.0184168254e-23, 8.05336896315e-24, 6.24509545341e-24, 1.01373485704e-23, 9.26565569242e-24, 8.59573055701e-24, 1.28380201903e-23, 1.16004978007e-23, 9.31220164127e-24],
        "stdev": [0.000498164852615, 0.00127752276603, 0.000863386900164, 0.00071245781146, 0.000853693694808, 0.000676359282807, 0.000810892670415, 0.00053586368449, 0.000274082791293, 0.00017038542137, 0.000544125097804, 0.000372766313376, 0.000199464790057, 0.000134085261379, 0.000244776631007, 3.03640154016e-05, 8.00270136097e-05, 4.00653661927e-05, 9.06652130652e-05, 3.52138122253e-05, 7.49697719584e-05, 5.38327731192e-05, 3.52687020495e-05, 2.58828167716e-05, 2.55052000284e-05, 2.23418646783e-05, 1.12056131911e-05, 9.99118856271e-06, 6.96411825629e-06, 8.16378997115e-06, 7.83765517554e-06, 5.25803852724e-06, 5.60374974157e-06, 7.90867852629e-06, 7.42313977753e-06, 7.41776875657e-06, 5.80830601393e-06, 3.99767077397e-06, 4.70454915558e-06, 3.81422910323e-06]
    },
    "melbands128": {
        "max": [0.000194818974705, 0.000601358595304, 0.00346413464285, 0.0107629187405, 0.0141855785623, 0.00820675864816, 0.00940025504678, 0.0135342907161, 0.00956746656448, 0.00768972560763, 0.00632743351161, 0.00737422611564, 0.00717503204942, 0.00545741990209, 0.00332191609778, 0.0064877984114, 0.00898417271674, 0.00225362018682, 0.00698184408247, 0.00503932312131, 0.00319967721589, 0.0023369200062, 0.00420929212123, 0.00426581222564, 0.00255829771049, 0.00200707954355, 0.00416057743132, 0.00928944628686, 0.00538483960554, 0.00353012559935, 0.00795317906886, 0.00835138652474, 0.0033708543051, 0.000704250647686, 0.00110795896035, 0.00127381831408, 0.00839128624648, 0.00411790516227, 0.000481708993902, 0.000436916248873, 0.000517470121849, 0.000750083825551, 0.00204163254239, 0.00145709747449, 0.000914741540328, 0.000295551901218, 0.00151208962779, 0.0026691025123, 0.000728825572878, 0.000534000922926, 0.000393247784814, 0.000738258066121, 0.000491356186103, 0.00170710252132, 0.00239890394732, 0.000205579970498, 0.000312021002173, 0.000856198312249, 0.000687775202096, 0.000302897795336, 0.00045003221021, 0.000383829785278, 0.000479363225168, 0.000238600419834, 0.000198020599782, 0.000377092073904, 0.000214804516872, 0.000146491162013, 8.04505179985e-05, 7.06241335138e-05, 0.000173558015376, 9.67011583271e-05, 0.000112709152745, 7.77310342528e-05, 6.62119564367e-05, 8.39364365675e-05, 3.53514333256e-05, 0.000166092562722, 3.75548152078e-05, 4.36844493379e-05, 5.61351844226e-05, 3.00174851873e-05, 3.2981242839e-05, 3.3376923966e-05, 4.38369679614e-05, 4.90254824399e-05, 0.000137949420605, 8.00670532044e-05, 4.69024671474e-05, 5.77915161557e-05, 4.64291333628e-05, 6.22465013294e-05, 4.53852844657e-05, 4.99396228406e-05, 5.6354503613e-05, 3.05621178995e-05, 3.19850041706e-05, 2.78934912785e-05, 4.91922655783e-05, 5.14515595569e-05, 5.47887939319e-05, 3.2196410757e-05, 2.80996500805e-05, 3.77137002943e-05, 2.74670383078e-05, 2.00898375624e-05, 8.3942004494e-06, 7.40851237424e-06, 1.34423289637e-05, 8.12689813756e-06, 3.60548051503e-06, 3.48832395503e-06, 3.65553546544e-06, 2.94098344966e-06, 2.33932837546e-06, 3.71094586171e-07, 1.85903815009e-07, 2.20593765476e-09, 2.17394480195e-09, 2.1334363165e-09, 2.09936557027e-09, 2.06263517377e-09, 2.04310923735e-09, 2.01422967194e-09, 1.99572203208e-09, 1.97641303323e-09, 1.96552285558e-09, 1.95826910243e-09],
        "mean": [2.75757065538e-05, 4.1249597416e-05, 0.000260519969743, 0.000814814178739, 0.000874474819284, 0.000482193456264, 0.000570986943785, 0.000562460627407, 0.000456501787994, 0.000331775052473, 0.000356550561264, 0.000495160056744, 0.000789304671343, 0.000412889756262, 0.000224895280553, 0.000700486707501, 0.000804832845461, 0.000189927450265, 0.000512799539138, 0.000513086502906, 9.54319548327e-05, 0.000110676744953, 0.000177219233592, 0.000113757479994, 5.55630394956e-05, 5.91599127802e-05, 0.000117302006402, 0.000291696225759, 0.000131659864564, 0.000129712949274, 0.000130397733301, 0.000115706636279, 7.75388471084e-05, 2.24390914809e-05, 9.13228086574e-06, 2.48700853263e-05, 8.60237996676e-05, 6.73092872603e-05, 1.29381096485e-05, 1.08874783109e-05, 1.60435647558e-05, 2.00818012672e-05, 3.50959635398e-05, 5.47647832718e-05, 1.0593233128e-05, 1.06459074232e-05, 2.43839313043e-05, 3.8569123717e-05, 3.98672673327e-05, 3.93420668843e-05, 1.77592937689e-05, 1.62870674103e-05, 1.56797668751e-05, 3.96187751903e-05, 5.0870978157e-05, 2.00774738914e-05, 1.29524223667e-05, 1.18172165458e-05, 1.86877205124e-05, 1.45159119711e-05, 1.66141944646e-05, 1.3442358977e-05, 2.06335353141e-05, 1.51805515998e-05, 9.12809446163e-06, 1.3806289644e-05, 1.53288947331e-05, 8.59397459863e-06, 6.83219468556e-06, 7.73037663748e-06, 6.85001759848e-06, 5.29011686012e-06, 4.73433146908e-06, 5.02193279317e-06, 4.60389264845e-06, 6.43100065645e-06, 4.26283486377e-06, 6.92167759553e-06, 3.725969691e-06, 3.50432446794e-06, 3.92230276702e-06, 2.89791455543e-06, 3.19487367051e-06, 3.92621177525e-06, 3.83968790629e-06, 3.72400518245e-06, 4.4662383516e-06, 4.33490231444e-06, 3.71469741367e-06, 3.97526764573e-06, 3.80582082471e-06, 4.42619375463e-06, 3.37997607858e-06, 2.99845191876e-06, 2.73392993222e-06, 1.8622705511e-06, 2.12750433093e-06, 1.67290124864e-06, 1.93837240658e-06, 2.50329594564e-06, 2.1920875497e-06, 1.33252819978e-06, 1.16265994166e-06, 8.60750162701e-07, 8.80302877704e-07, 7.31980321689e-07, 5.624295909e-07, 5.69763756175e-07, 5.09561516537e-07, 3.82359019113e-07, 2.63253554067e-07, 2.2741883754e-07, 1.40826983852e-07, 1.16870374711e-07, 7.82538762678e-08, 1.13511671174e-08, 2.36606600978e-09, 9.0408956363e-12, 6.9490407352e-12, 6.77288780615e-12, 6.62178428409e-12, 6.48253152546e-12, 6.38708226933e-12, 6.2810893639e-12, 6.18220145215e-12, 6.07506189451e-12, 6.01104149095e-12, 5.98009012101e-12],
        "min": [1.04608533279e-23, 5.92554367792e-24, 2.66227499864e-24, 1.3520707123e-24, 9.89513987351e-24, 2.53789490528e-23, 2.95597477674e-23, 1.64890640972e-23, 2.22621122847e-24, 2.67102741038e-24, 4.59271703019e-24, 4.34980190835e-24, 5.71677242822e-24, 7.6172614112e-24, 2.77414612462e-23, 2.08064367226e-23, 9.15048200025e-24, 4.72712748996e-24, 6.63180926865e-24, 2.60121045926e-24, 2.16053500823e-24, 6.18470341795e-24, 3.18537489689e-23, 3.37750165482e-23, 5.4062116949e-24, 1.72412118103e-24, 3.40856384182e-24, 4.04672036528e-24, 1.80912587395e-24, 1.7316007657e-24, 1.46762428043e-23, 1.20038502701e-23, 4.49832075098e-24, 1.39371369341e-23, 1.7652681264e-23, 1.39675632992e-23, 1.58265771313e-23, 1.73211356474e-23, 1.17707876266e-23, 9.23214724775e-24, 4.85092855941e-24, 7.63801081959e-24, 1.01860299657e-23, 1.25856044222e-23, 4.75819046582e-24, 5.61144529788e-24, 8.54529236846e-24, 6.10500401184e-24, 2.00677741922e-23, 9.97262336934e-24, 3.30976808534e-24, 4.77274652725e-24, 4.33358174485e-24, 9.82164564728e-24, 8.0716413483e-24, 5.47677333072e-24, 9.42658726139e-24, 5.59009674963e-24, 1.28808758479e-23, 5.41242121351e-24, 4.03823616624e-24, 1.32068237076e-23, 8.22001582938e-24, 1.55252653976e-23, 1.22828490731e-23, 5.11798164165e-24, 6.61790480633e-24, 5.40674062614e-24, 1.76518072062e-23, 1.00784845585e-23, 8.39083655866e-24, 4.5111890445e-24, 1.16504366403e-23, 1.09594465521e-23, 2.57165263e-23, 1.33620210466e-23, 1.11156126124e-23, 1.49358537728e-23, 1.08081595966e-23, 9.45262834873e-24, 7.40526608697e-24, 1.38305555149e-23, 1.04906359825e-23, 5.57779880255e-24, 8.45196065704e-24, 5.39441782994e-24, 5.27762342304e-24, 7.13361552337e-24, 1.1410419399e-23, 1.06597622386e-23, 1.34978613168e-23, 6.56105475634e-24, 6.68371631621e-24, 8.69819806658e-24, 1.04731390476e-23, 8.81888510761e-24, 1.5863907607e-23, 1.43672097002e-23, 9.60334338011e-24, 1.35246636549e-23, 8.87275878541e-24, 9.67691885902e-24, 6.49816360953e-24, 1.03255368614e-23, 1.20890472479e-23, 9.97860924589e-24, 1.50470689609e-23, 9.31873972045e-24, 8.48199732487e-24, 9.60987988158e-24, 1.21508213677e-23, 1.18367884631e-23, 5.95346225422e-24, 7.55653963188e-24, 5.50752865083e-24, 7.59089689088e-24, 1.8049735468e-23, 1.3115818347e-23, 9.28746611872e-24, 1.29275543253e-23, 1.16113817146e-23, 1.09148412011e-23, 1.15054589943e-23, 1.19067659474e-23, 1.00906906033e-23, 8.04751798182e-24, 8.22591729781e-24, 1.19386509163e-23],
        "stdev": [3.02567823383e-05, 6.98947260389e-05, 0.000585288915318, 0.00168059184216, 0.00173695583362, 0.000967395142652, 0.000976495270152, 0.00119242130313, 0.00094434642233, 0.000694765301887, 0.000789793790318, 0.000902509666048, 0.00134939572308, 0.000679200806189, 0.000396418268792, 0.00116232642904, 0.00149957009126, 0.00030270498246, 0.000980579527095, 0.00100893201306, 0.000257748994045, 0.000264985079411, 0.000395578797907, 0.000447957689175, 0.000223274342716, 0.00014319406182, 0.000339056889061, 0.000967058935203, 0.000497174507473, 0.00044206075836, 0.00050735892728, 0.000458061665995, 0.000287297414616, 5.8220954088e-05, 5.13486265845e-05, 9.17299839784e-05, 0.000527366122697, 0.000376295414753, 4.33578570664e-05, 3.03252509184e-05, 3.82542639272e-05, 4.75074084534e-05, 0.000116781469842, 0.000110819666588, 4.26126171078e-05, 2.24237173825e-05, 9.04092012206e-05, 0.000166565587278, 7.63779098634e-05, 6.39699574094e-05, 3.69696099369e-05, 5.14423772984e-05, 4.80829658045e-05, 0.000141840835568, 0.000159371251357, 3.49158326571e-05, 2.93362008961e-05, 4.56253401353e-05, 5.09510173288e-05, 2.57487790805e-05, 3.94985654566e-05, 3.07681184495e-05, 4.0016566345e-05, 3.06820656988e-05, 2.19054636545e-05, 3.21907245961e-05, 2.69639094768e-05, 1.58667407959e-05, 1.03940346889e-05, 1.18371835924e-05, 1.42660965139e-05, 1.00628249129e-05, 8.8048982434e-06, 8.11787685961e-06, 7.31016280042e-06, 1.05878452814e-05, 6.6817365223e-06, 1.79139860847e-05, 6.0434858824e-06, 6.16344095761e-06, 6.7970836426e-06, 4.915660611e-06, 5.3366325119e-06, 6.33737954558e-06, 6.69024484523e-06, 6.67022231937e-06, 1.03666825453e-05, 9.30976875679e-06, 6.90134947945e-06, 7.71910254116e-06, 8.03114562586e-06, 8.34922320792e-06, 6.63604077999e-06, 6.3547922764e-06, 5.94254879616e-06, 4.03415924666e-06, 4.28431167165e-06, 3.33567027155e-06, 4.44669694843e-06, 6.31419925412e-06, 5.54113739781e-06, 3.21399443237e-06, 2.87938064503e-06, 2.45513251684e-06, 2.05423498301e-06, 1.60152421813e-06, 1.24403675272e-06, 1.21899211081e-06, 1.17942613542e-06, 8.45175691211e-07, 5.46274065982e-07, 4.85243901949e-07, 3.38999711857e-07, 3.07368225094e-07, 2.02376398306e-07, 3.3625489948e-08, 1.12192930501e-08, 9.51907719315e-11, 9.26940676993e-11, 9.09646732938e-11, 8.95098231646e-11, 8.79425768319e-11, 8.71075989117e-11, 8.58756885047e-11, 8.50861603396e-11, 8.42641303955e-11, 8.37999530878e-11, 8.34904229086e-11]
    },
    "mfcc": {
        "mean": [-726.782592773, 88.5788192749, 12.2282752991, 22.7296466827, 7.02142381668, -1.72742640972, -6.3491268158, 1.36246263981, -0.999221324921, 1.54814255238, -4.33765363693, -1.71702611446, 0.531678557396],
        "cov": [[41132.0390625, 2344.52636719, -1658.86987305, -264.998779297, -673.432067871, -1313.04077148, -1618.6484375, -703.818359375, -806.965454102, -418.097686768, -847.808898926, -803.210876465, -690.706420898], [2344.52636719, 791.481445312, -349.234588623, 11.9736118317, -19.9383506775, -171.483520508, -109.318634033, -76.3654174805, -65.5386886597, -26.7618370056, -46.6172294617, -21.5636043549, -22.897026062], [-1658.86987305, -349.234588623, 492.165527344, 54.2168235779, 58.686504364, 107.083076477, 17.5270900726, -6.996134758, 21.2712593079, 13.9088335037, 46.8162612915, 51.6708450317, 32.1822929382], [-264.998779297, 11.9736118317, 54.2168235779, 199.989639282, 53.9092407227, 50.0103034973, 14.6642065048, 1.79110765457, 27.2956123352, -5.10785579681, 20.2233848572, 21.2310523987, 2.38950157166], [-673.432067871, -19.9383506775, 58.686504364, 53.9092407227, 105.567726135, 52.0318603516, 21.435213089, 12.9533929825, 27.671081543, 16.3887214661, 18.5649852753, 17.3526344299, 8.82338905334], [-1313.04077148, -171.483520508, 107.083076477, 50.0103034973, 52.0318603516, 196.608291626, 106.330505371, 31.6966972351, 62.2855911255, 13.0812988281, 33.2845878601, 11.2161865234, 6.69852828979], [-1618.6484375, -109.318634033, 17.5270900726, 14.6642065048, 21.435213089, 106.330505371, 179.52041626, 88.0348510742, 68.0674819946, 30.4735946655, 23.4692497253, 12.9653215408, 21.4039916992], [-703.818359375, -76.3654174805, -6.996134758, 1.79110765457, 12.9533929825, 31.6966972351, 88.0348510742, 127.929077148, 72.0992431641, 19.8302097321, -0.746542811394, -11.8610439301, 4.59249305725], [-806.965454102, -65.5386886597, 21.2712593079, 27.2956123352, 27.671081543, 62.2855911255, 68.0674819946, 72.0992431641, 103.448425293, 30.0171871185, 7.93024492264, -10.9894351959, -1.83477568626], [-418.097686768, -26.7618370056, 13.9088335037, -5.10785579681, 16.3887214661, 13.0812988281, 30.4735946655, 19.8302097321, 30.0171871185, 59.5675315857, 21.066318512, 3.60247373581, 6.23887729645], [-847.808898926, -46.6172294617, 46.8162612915, 20.2233848572, 18.5649852753, 33.2845878601, 23.4692497253, -0.746542811394, 7.93024492264, 21.066318512, 70.8288116455, 47.5907897949, 25.9743480682], [-803.210876465, -21.5636043549, 51.6708450317, 21.2310523987, 17.3526344299, 11.2161865234, 12.9653215408, -11.8610439301, -10.9894351959, 3.60247373581, 47.5907897949, 80.0827865601, 43.1912994385], [-690.706420898, -22.897026062, 32.1822929382, 2.38950157166, 8.82338905334, 6.69852828979, 21.4039916992, 4.59249305725, -1.83477568626, 6.23887729645, 25.9743480682, 43.1912994385, 60.2683486938]],
        "icov": [[6.90411179676e-05, -6.82842583046e-05, 8.7827873358e-05, -0.00010635623039, 0.000214285595575, -8.53878736962e-05, 0.00048292792053, -0.000130019121571, 0.000314820732456, -0.000138155795867, 0.000337474542903, 0.000223870796617, 0.000257144274656], [-6.82842583046e-05, 0.00246680690907, 0.00150389480405, -0.000556423445232, -0.0011584693566, 0.0015438622795, -0.000499105197378, 0.00156266638078, -0.000674250128213, 0.000274399964837, 0.000216874686885, -0.00056374759879, -0.00030858561513], [8.7827873358e-05, 0.00150389480405, 0.0037836888805, -0.000708587642293, -0.000757784291636, -0.000960459990893, 0.00182536209468, 0.000525400217157, 0.000262393412413, -0.000670685316436, 0.000859146472067, -0.00113401864655, -0.000365198910004], [-0.00010635623039, -0.000556423445232, -0.000708587642293, 0.006756240502, -0.00276696868241, -0.000550831726287, -0.000721626507584, 0.000710727588739, -0.00256933527999, 0.00262070540339, -0.00156297418289, -0.00165752996691, 0.000860613072291], [0.000214285595575, -0.0011584693566, -0.000757784291636, -0.00276696868241, 0.014357207343, -0.00399057334289, 0.00358333997428, -0.0022141917143, 0.0004488460836, -0.00418098084629, 0.0021427643951, -0.00169775157701, 0.000507460732479], [-8.53878736962e-05, 0.0015438622795, -0.000960459990893, -0.000550831726287, -0.00399057334289, 0.0131728164852, -0.00833718758076, 0.00583528866991, -0.00556705612689, 0.00495307520032, -0.00461690314114, 0.00269122491591, 0.00115795456804], [0.00048292792053, -0.000499105197378, 0.00182536209468, -0.000721626507584, 0.00358333997428, -0.00833718758076, 0.017957765609, -0.00906899571419, 0.00292706978507, -0.00529178325087, 0.00382359628566, -0.00121620937716, -0.00102501502261], [-0.000130019121571, 0.00156266638078, 0.000525400217157, 0.000710727588739, -0.0022141917143, 0.00583528866991, -0.00906899571419, 0.01925008744, -0.0114086838439, 0.00326615571976, -0.000491701823194, 0.00209499057382, -0.00175048958044], [0.000314820732456, -0.000674250128213, 0.000262393412413, -0.00256933527999, 0.0004488460836, -0.00556705612689, 0.00292706978507, -0.0114086838439, 0.0242365971208, -0.00831374898553, 0.00201335782185, 0.00345951365307, 0.00194795592688], [-0.000138155795867, 0.000274399964837, -0.000670685316436, 0.00262070540339, -0.00418098084629, 0.00495307520032, -0.00529178325087, 0.00326615571976, -0.00831374898553, 0.0258071869612, -0.0106555409729, 0.00465854536742, -0.00120365305338], [0.000337474542903, 0.000216874686885, 0.000859146472067, -0.00156297418289, 0.0021427643951, -0.00461690314114, 0.00382359628566, -0.000491701823194, 0.00201335782185, -0.0106555409729, 0.0317423865199, -0.0160977374762, 0.00145270337816], [0.000223870796617, -0.00056374759879, -0.00113401864655, -0.00165752996691, -0.00169775157701, 0.00269122491591, -0.00121620937716, 0.00209499057382, 0.00345951365307, 0.00465854536742, -0.0160977374762, 0.0338933691382, -0.014484337531], [0.000257144274656, -0.00030858561513, -0.000365198910004, 0.000860613072291, 0.000507460732479, 0.00115795456804, -0.00102501502261, -0.00175048958044, 0.00194795592688, -0.00120365305338, 0.00145270337816, -0.014484337531, 0.0298155546188]]
    },
    "spectral_contrast_coeffs": {
        "max": [-0.502097308636, -0.452675640583, -0.494189918041, -0.633879899979, -0.620676994324, -0.692595243454],
        "mean": [-0.747339785099, -0.745999872684, -0.7771037817, -0.806760489941, -0.80832028389, -0.803018689156],
        "min": [-0.976264417171, -0.989464700222, -0.996181190014, -0.983558535576, -0.989708304405, -0.962001562119],
        "stdev": [0.10117714107, 0.113535687327, 0.0929551422596, 0.0677866712213, 0.0623184330761, 0.0479415990412]
    },
    "spectral_contrast_valleys": {
        "max": [-5.22343492508, -5.12682723999, -6.20090866089, -6.24712991714, -6.01719808578, -7.81177616119],
        "mean": [-7.67605829239, -7.85779762268, -8.51776885986, -8.62444877625, -8.24643135071, -10.3478450775],
        "min": [-27.4605045319, -26.8183879852, -27.1226978302, -27.4037036896, -27.2789802551, -27.1658325195],
        "stdev": [2.06310081482, 2.08273172379, 1.98690247536, 2.0063097477, 1.99843668938, 1.87495946884]
    }
},
"rhythm": {
    "beats_count": 26,
    "beats_loudness": {
        "max": 0.047081053257,
        "mean": 0.0182496774942,
        "min": 2.94167784887e-06,
        "stdev": 0.0144189633429
    },
    "bpm": 123.761436462,
    "bpm_histogram_first_peak_bpm": 123,
    "bpm_histogram_first_peak_weight": 0.238095223904,
    "bpm_histogram_second_peak_bpm": 129,
    "bpm_histogram_second_peak_spread": 0,
    "bpm_histogram_second_peak_weight": 0.159999996424,
    "danceability": 0.810420870781,
    "onset_rate": 3.4484474659,
    "beats_loudness_band_ratio": {
        "max": [0.778540611267, 0.69375628233, 0.757202029228, 0.459160804749, 0.234297037125, 0.587364554405],
        "mean": [0.26647824049, 0.2079885602, 0.211497142911, 0.100360646844, 0.0943825915456, 0.210087954998],
        "min": [0.0248889066279, 0.00889585632831, 0.0194494798779, 0.019622463733, 0.0177519544959, 0.035774640739],
        "stdev": [0.232707485557, 0.161833107471, 0.183080092072, 0.10697542876, 0.0549607686698, 0.132614433765]
    },
    "beats_position": [0.46439909935, 0.9287981987, 1.40480720997, 1.88081634045, 2.34521532059, 2.80961441994, 3.28562355042, 3.75002264977, 4.22603178024, 4.71365070343, 5.20126962662, 5.6888885498, 6.17650794983, 6.66412687302, 7.1517457962, 7.63936471939, 8.12698364258, 8.6146030426, 9.10222244263, 9.58984088898, 10.0658502579, 10.5534696579, 11.0410881042, 11.5287075043, 12.0163259506, 12.5039453506],
