{
"metadata": {
    "version": {
        "essentia": "2.1-beta5",
        "essentia_git_sha": "Undefined",
        "extractor": "music 2.0"
    },
    "audio_properties": {
        "analysis": {
            "equal_loudness": 0,
            "length": 23.9629936218,
            "sample_rate": 44100,
            "start_time": 191.4949646,
            "downmix": "mix"
        },
        "bit_rate": 192000,
        "length": 215.481185913,
        "lossless": 0,
        "number_channels": 2,
        "replay_gain": -0.995523452759,
        "sample_rate": 48000,
        "codec": "mp3",
        "md5_encoded": "24fb3c79d8c7219b2ea8d33e723cac9c"
    },
    "tags": {
        "file_name": "France_Je Suis Un Vrai Garçon_Nina Morato.mp3",
        "encoding": ["Lavf58.29.100"]
    }
},
"lowlevel": {
    "average_loudness": 0.700918793678,
    "barkbands_crest": {
        "max": 25.6090927124,
        "mean": 7.42827415466,
        "min": 2.23748326302,
        "stdev": 3.13677334785
    },
    "barkbands_flatness_db": {
        "max": 0.337102115154,
        "mean": 0.0996602103114,
        "min": 0.030148845166,
        "stdev": 0.0342780426145
    },
    "barkbands_kurtosis": {
        "max": 290.473419189,
        "mean": 1.3800381422,
        "min": -1.84832251072,
        "stdev": 9.3534040451
    },
    "barkbands_skewness": {
        "max": 5.08236026764,
        "mean": -0.228775829077,
        "min": -14.8369998932,
        "stdev": 1.32184970379
    },
    "barkbands_spread": {
        "max": 81.2992019653,
        "mean": 28.7179965973,
        "min": 0.751736760139,
        "stdev": 11.6766710281
    },
    "dissonance": {
        "max": 0.499999940395,
        "mean": 0.481886208057,
        "min": 0.387503087521,
        "stdev": 0.0170487891883
    },
    "dynamic_complexity": 5.12699079514,
    "erbbands_crest": {
        "max": 25.648973465,
        "mean": 7.74182462692,
        "min": 2.59881210327,
        "stdev": 4.81467294693
    },
    "erbbands_flatness_db": {
        "max": 0.305124789476,
        "mean": 0.151287689805,
        "min": 0.0760784596205,
        "stdev": 0.0517935082316
    },
    "erbbands_kurtosis": {
        "max": 14.2603206635,
        "mean": 0.39215606451,
        "min": -1.63135397434,
        "stdev": 1.57132422924
    },
    "erbbands_skewness": {
        "max": 2.03196549416,
        "mean": -0.0856621786952,
        "min": -3.39198660851,
        "stdev": 0.695085823536
    },
    "erbbands_spread": {
        "max": 90.6647796631,
        "mean": 33.6826782227,
        "min": 7.56604003906,
        "stdev": 12.768576622
    },
    "hfc": {
        "max": 210.504577637,
        "mean": 27.5822315216,
        "min": 1.0348003655e-16,
        "stdev": 32.8001327515
    },
    "loudness_ebu128": {
        "integrated": -21.4135608673,
        "loudness_range": 7.69667625427,
        "momentary": {
            "max": -17.9286556244,
            "mean": -102.035072327,
            "min": -300.691009521,
            "stdev": 124.076469421
        },
        "short_term": {
            "max": -20.0421161652,
            "mean": -78.4717712402,
            "min": -300.691009521,
            "stdev": 108.499404907
        }
    },
    "melbands_crest": {
        "max": 23.6017246246,
        "mean": 7.89059638977,
        "min": 1.58644783497,
        "stdev": 4.88785934448
    },
    "melbands_flatness_db": {
        "max": 0.262942105532,
        "mean": 0.0855779349804,
        "min": 0.00284848106094,
        "stdev": 0.0602392815053
    },
    "melbands_kurtosis": {
        "max": 85.6915130615,
        "mean": 1.7433142662,
        "min": -1.70860755444,
        "stdev": 5.76503276825
    },
    "melbands_skewness": {
        "max": 7.5831580162,
        "mean": 0.927981138229,
        "min": -1.09763050079,
        "stdev": 0.989670932293
    },
    "melbands_spread": {
        "max": 215.689178467,
        "mean": 70.3334655762,
        "min": 4.26737785339,
        "stdev": 45.81615448
    },
    "pitch_salience": {
        "max": 0.986542522907,
        "mean": 0.667690813541,
        "min": 0.265203773975,
        "stdev": 0.108764350414
    },
    "silence_rate_20dB": {
        "max": 1,
        "mean": 1,
        "min": 1,
        "stdev": 0
    },
    "silence_rate_30dB": {
        "max": 1,
        "mean": 1,
        "min": 1,
        "stdev": 0
    },
    "silence_rate_60dB": {
        "max": 1,
        "mean": 0.382381409407,
        "min": 0,
        "stdev": 0.485970407724
    },
    "spectral_centroid": {
        "max": 11795.5791016,
        "mean": 4676.25976562,
        "min": 427.693634033,
        "stdev": 4104.73046875
    },
    "spectral_complexity": {
        "max": 57,
        "mean": 17.967086792,
        "min": 0,
        "stdev": 15.7703666687
    },
    "spectral_decrease": {
        "max": 4.20946631433e-24,
        "mean": -3.8318357376e-09,
        "min": -1.36883606672e-08,
        "stdev": 3.72679886951e-09
    },
    "spectral_energy": {
        "max": 0.0595512352884,
        "mean": 0.0169640369713,
        "min": 1.00039247516e-20,
        "stdev": 0.0165206119418
    },
    "spectral_energyband_high": {
        "max": 0.0279414653778,
        "mean": 0.00194486416876,
        "min": 6.83528905397e-21,
        "stdev": 0.00337254954502
    },
    "spectral_energyband_low": {
        "max": 0.0216640010476,
        "mean": 0.00215533887967,
        "min": 9.52468842584e-24,
        "stdev": 0.00292674591765
    },
    "spectral_energyband_middle_high": {
        "max": 0.0381345823407,
        "mean": 0.00809908844531,
        "min": 1.20373853152e-21,
        "stdev": 0.0091505330056
    },
    "spectral_energyband_middle_low": {
        "max": 0.0420501455665,
        "mean": 0.00525861047208,
        "min": 1.64025601347e-22,
        "stdev": 0.00588858826086
    },
    "spectral_entropy": {
        "max": 9.82793998718,
        "mean": 8.45183181763,
        "min": 6.91270446777,
        "stdev": 0.890422999859
    },
    "spectral_flux": {
        "max": 0.178820848465,
        "mean": 0.0562901236117,
        "min": 6.31029048459e-11,
        "stdev": 0.0476739034057
    },
    "spectral_kurtosis": {
        "max": 11.3814516068,
        "mean": 1.48247313499,
        "min": -1.27392816544,
        "stdev": 2.23790955544
    },
    "spectral_rms": {
        "max": 0.00762225454673,
        "mean": 0.00315719097853,
        "min": 3.1240882277e-12,
        "stdev": 0.00256562652066
    },
    "spectral_rolloff": {
        "max": 21576.2695312,
        "mean": 7529.92822266,
        "min": 279.931640625,
        "stdev": 7365.421875
    },
    "spectral_skewness": {
        "max": 2.0869178772,
        "mean": 0.77426224947,
        "min": -0.136797457933,
        "stdev": 0.574465811253
    },
    "spectral_spread": {
        "max": 42816336,
        "mean": 14976022,
        "min": 2151146.25,
        "stdev": 16452114
    },
    "spectral_strongpeak": {
        "max": 10.3695259094,
        "mean": 1.53063011169,
        "min": 0,
        "stdev": 2.12529373169
    },
    "zerocrossingrate": {
        "max": 0.673828125,
        "mean": 0.21639226377,
        "min": 0.0263671875,
        "stdev": 0.187898904085
    },
    "barkbands": {
        "max": [0.000538777676411, 0.0106835076585, 0.0129175558686, 0.0123337283731, 0.0140082798898, 0.0133646912873, 0.0123742204159, 0.00735954893753, 0.0278628729284, 0.0127601856366, 0.0306431706995, 0.0135004809126, 0.0140920234844, 0.0149988215417, 0.0274692066014, 0.00394205842167, 0.00905881635845, 0.00482655875385, 0.00935941375792, 0.00445584254339, 0.00541820330545, 0.00960949994624, 0.00809801463038, 0.00692025991157, 0.00268894690089, 0.0010623059934, 5.61038348224e-07],
        "mean": [3.76077077817e-05, 0.000964004371781, 0.000759661779739, 0.000869699812029, 0.00109031028114, 0.000923164421692, 0.000800701207481, 0.000307232345222, 0.00111161521636, 0.00088479364058, 0.00192032009363, 0.000559815904126, 0.00106439820956, 0.000969318673015, 0.00104815186933, 0.000278542138403, 0.000337321165716, 0.000439805735368, 0.00046830921201, 0.000376907992177, 0.00045582652092, 0.000574818754103, 0.000386752741178, 0.000207112083444, 9.55131326918e-05, 3.23271196976e-05, 2.85078094464e-09],
        "min": [1.435519525e-25, 1.78590673928e-24, 5.36669222874e-25, 1.048462999e-24, 5.42167849624e-24, 7.67579173492e-24, 6.25033546197e-24, 6.02193538079e-24, 1.0892797272e-23, 1.12167966453e-23, 1.19814892189e-23, 1.60849969198e-23, 2.32400663043e-23, 2.0548987233e-23, 3.00491223632e-23, 4.81508579643e-23, 5.34323890099e-23, 9.95630373048e-23, 8.05856818761e-23, 1.54947528889e-22, 1.96171834696e-22, 2.45826450872e-22, 3.46481543038e-22, 5.70873418803e-22, 8.29420826063e-22, 1.24712017627e-21, 1.88681069024e-21],
        "stdev": [6.2583530962e-05, 0.00149207038339, 0.00131896615494, 0.00159747397993, 0.00180383597035, 0.00156940508168, 0.00135776214302, 0.000579996150918, 0.00230816146359, 0.00171158043668, 0.00431254506111, 0.00156767701264, 0.00178997556213, 0.00203154305927, 0.00314159900881, 0.000424171768827, 0.000632806972135, 0.000613105250522, 0.000903321837541, 0.000550724507775, 0.000748738471884, 0.00120925286319, 0.000836985185742, 0.00051076291129, 0.000217731649172, 8.54818936205e-05, 2.33986678921e-08]
    },
    "erbbands": {
        "max": [0.140743359923, 2.95124816895, 12.531744957, 28.7621421814, 46.7991371155, 75.9101028442, 119.518325806, 141.533172607, 96.9420166016, 378.82434082, 167.410263062, 583.12902832, 595.311279297, 528.093017578, 1229.41455078, 688.657958984, 786.084350586, 770.031677246, 1683.7019043, 283.687347412, 311.512237549, 327.327941895, 227.753112793, 244.549667358, 533.86505127, 223.296157837, 206.663101196, 341.535675049, 368.650268555, 335.88684082, 170.345626831, 154.774597168, 108.956817627, 31.1132926941, 22.1396694183, 7.53855895996, 1.61430847645, 0.0909925922751, 0.0021238818299, 0.00025246682344],
        "mean": [0.0140183037147, 0.265129059553, 0.937574148178, 1.88358831406, 2.92091035843, 4.22756004333, 5.48720264435, 7.59392786026, 9.72153568268, 13.0284051895, 8.35499572754, 25.9204616547, 22.3632793427, 41.2555961609, 76.9981994629, 28.4489917755, 54.3452835083, 43.9566650391, 75.021987915, 23.1586608887, 17.5193939209, 17.7708530426, 20.570192337, 23.470281601, 24.7698669434, 18.5912399292, 18.2501163483, 19.4327793121, 20.3227577209, 16.2273082733, 9.62116146088, 5.48976612091, 2.83044528961, 1.27090299129, 0.589058101177, 0.220906674862, 0.0452809669077, 0.00199795793742, 6.71929883538e-05, 2.85693367914e-05],
        "min": [7.08532082767e-23, 2.01235968298e-22, 1.04153873296e-21, 3.7022075824e-21, 9.68347385138e-21, 1.61943384686e-20, 2.94496169791e-20, 6.05205984316e-20, 4.68239673655e-20, 9.09642247818e-20, 2.28285512248e-19, 2.91903275225e-19, 4.40739718149e-19, 5.42423686682e-19, 6.43017224372e-19, 9.31754233158e-19, 1.09422956606e-18, 1.49225140263e-18, 2.36546399589e-18, 2.67115169319e-18, 3.21779544856e-18, 3.93830036777e-18, 5.08682493187e-18, 5.88129385992e-18, 6.12037800827e-18, 6.43192565982e-18, 7.09135073543e-18, 9.28451342331e-18, 9.07671738163e-18, 1.0300687435e-17, 9.47412555359e-18, 1.09626883511e-17, 8.75293738318e-18, 8.25083130674e-18, 5.76252768116e-18, 4.04718380617e-18, 2.24943599175e-18, 8.44079292082e-19, 2.45483501911e-19, 2.73535768498e-20],
        "stdev": [0.0213216654956, 0.412134766579, 1.4648373127, 3.21979665756, 4.56651973724, 8.64017105103, 9.99348640442, 12.8758144379, 15.4853715897, 29.2792301178, 14.6479673386, 47.5030517578, 43.6617431641, 74.4717102051, 173.307769775, 64.1949462891, 91.4373168945, 89.2851791382, 191.904174805, 38.0082550049, 26.7650356293, 29.7481918335, 29.6485366821, 34.8412284851, 48.8556632996, 26.3491458893, 29.0556526184, 34.6692619324, 43.1900482178, 35.2767524719, 20.2624893188, 12.3670053482, 7.34385633469, 2.98824095726, 1.38447356224, 0.563297986984, 0.128825753927, 0.00614812038839, 0.000152400767547, 3.165104863e-05]
    },
    "gfcc": {
        "mean": [-363.536804199, 48.5449180603, -109.477363586, 27.7040462494, -53.237323761, 16.1114444733, -26.3356533051, 3.59793496132, -18.191444397, 0.734713256359, -10.7597427368, -1.74468672276, -6.1187620163],
        "cov": [[344551.8125, 18110.7421875, -39479.171875, 11001.4853516, -19772.7265625, 6721.73876953, -9848.85058594, 1403.81030273, -7214.72509766, 563.307312012, -4084.50048828, -401.88104248, -2627.54614258], [18110.7421875, 1499.73706055, -2291.89648438, 596.715270996, -1017.88226318, 238.458770752, -513.351745605, 36.9107284546, -344.479980469, -31.9085922241, -191.081771851, -73.4488983154, -95.6543579102], [-39479.171875, -2291.89648438, 5793.47167969, -948.146972656, 2397.53857422, -595.675476074, 1071.45983887, -156.996948242, 674.661376953, 71.7560424805, 406.937255859, 176.126159668, 129.572937012], [11001.4853516, 596.715270996, -948.146972656, 705.041809082, -599.425354004, 217.519180298, -334.123535156, 48.0114059448, -208.946548462, 6.09757947922, -152.445724487, -2.42298412323, -80.8318023682], [-19772.7265625, -1017.88226318, 2397.53857422, -599.425354004, 1310.08410645, -323.80581665, 560.019714355, -97.9616012573, 384.184814453, 28.4849529266, 234.665313721, 33.8818588257, 109.192901611], [6721.73876953, 238.458770752, -595.675476074, 217.519180298, -323.80581665, 258.335968018, -158.222259521, 26.7665786743, -171.022491455, 45.6496772766, -78.3332443237, 15.0260982513, -75.4338302612], [-9848.85058594, -513.351745605, 1071.45983887, -334.123535156, 560.019714355, -158.222259521, 391.762817383, -2.40891671181, 220.896987915, -30.9029541016, 129.655715942, 13.3087320328, 81.2957229614], [1403.81030273, 36.9107284546, -156.996948242, 48.0114059448, -97.9616012573, 26.7665786743, -2.40891671181, 71.4336929321, -0.394137024879, -2.22667646408, -19.463312149, 1.42165589333, -11.5362977982], [-7214.72509766, -344.479980469, 674.661376953, -208.946548462, 384.184814453, -171.022491455, 220.896987915, -0.394137024879, 230.101455688, -29.4351863861, 91.4544525146, -18.9472961426, 85.0629348755], [563.307312012, -31.9085922241, 71.7560424805, 6.09757947922, 28.4849529266, 45.6496772766, -30.9029541016, -2.22667646408, -29.4351863861, 82.9943847656, -2.34959793091, 16.9064826965, -54.8276023865], [-4084.50048828, -191.081771851, 406.937255859, -152.445724487, 234.665313721, -78.3332443237, 129.655715942, -19.463312149, 91.4544525146, -2.34959793091, 88.6249923706, 8.36353683472, 39.2514419556], [-401.88104248, -73.4488983154, 176.126159668, -2.42298412323, 33.8818588257, 15.0260982513, 13.3087320328, 1.42165589333, -18.9472961426, 16.9064826965, 8.36353683472, 50.6088256836, -6.84257364273], [-2627.54614258, -95.6543579102, 129.572937012, -80.8318023682, 109.192901611, -75.4338302612, 81.2957229614, -11.5362977982, 85.0629348755, -54.8276023865, 39.2514419556, -6.84257364273, 104.448425293]],
        "icov": [[0.000528778939042, -0.000895486213267, 0.00132221914828, -0.00135418574791, 0.00180017238017, -0.0025981713552, 0.00160136132035, -0.00212958222255, 0.00245078071021, -0.00176884897519, 0.00120431394316, -0.00110328232404, 0.0011045524152], [-0.000895486213267, 0.00385506777093, -0.00144539272878, 0.00115053018089, -0.00334768788889, 0.00554270436987, -0.00275093666278, 0.00396818108857, -0.00239610834979, 0.00366475479677, -0.00292753777467, 0.00299588637426, -0.00105952832382], [0.00132221914828, -0.00144539272878, 0.00465002795681, -0.00416585477069, 0.00276990211569, -0.00558822322637, 0.00322768418118, -0.00451013818383, 0.00601535011083, -0.00378592289053, 0.00355492345989, -0.00536930607632, 0.00443020882085], [-0.00135418574791, 0.00115053018089, -0.00416585477069, 0.00716010434553, -0.00366481160745, 0.00450948718935, -0.00192205922212, 0.00452453875914, -0.00820080284029, 0.00549782020971, -0.00123163836543, 0.00213379017077, -0.00305255176499], [0.00180017238017, -0.00334768788889, 0.00276990211569, -0.00366481160745, 0.0127551909536, -0.00878608133644, 0.00266563380137, -0.00325787439942, 0.00607997924089, -0.0102844648063, 0.00318919750862, -0.00143783155363, 0.00219029095024], [-0.0025981713552, 0.00554270436987, -0.00558822322637, 0.00450948718935, -0.00878608133644, 0.0236209146678, -0.0113172400743, 0.00928117334843, -0.00451728934422, 0.00328069622628, -0.00467115035281, 0.0058004069142, -0.00624773465097], [0.00160136132035, -0.00275093666278, 0.00322768418118, -0.00192205922212, 0.00266563380137, -0.0113172400743, 0.0184252541512, -0.0128932902589, 0.00354468380101, 0.00213445583358, -0.00227379496209, -0.00392667390406, 0.00437927525491], [-0.00212958222255, 0.00396818108857, -0.00451013818383, 0.00452453875914, -0.00325787439942, 0.00928117334843, -0.0128932902589, 0.0332299135625, -0.0192193947732, 0.00611142767593, 0.00169323815499, -0.00273606786504, 0.00101712252945], [0.00245078071021, -0.00239610834979, 0.00601535011083, -0.00820080284029, 0.00607997924089, -0.00451728934422, 0.00354468380101, -0.0192193947732, 0.0364429168403, -0.0129314912483, -0.000158678987646, 0.0088932774961, -0.00467569706962], [-0.00176884897519, 0.00366475479677, -0.00378592289053, 0.00549782020971, -0.0102844648063, 0.00328069622628, 0.00213445583358, 0.00611142767593, -0.0129314912483, 0.0347441807389, -0.00911500863731, -0.0034415347036, 0.0119137810543], [0.00120431394316, -0.00292753777467, 0.00355492345989, -0.00123163836543, 0.00318919750862, -0.00467115035281, -0.00227379496209, 0.00169323815499, -0.000158678987646, -0.00911500863731, 0.0343566201627, -0.010104354471, -0.000727428181563], [-0.00110328232404, 0.00299588637426, -0.00536930607632, 0.00213379017077, -0.00143783155363, 0.0058004069142, -0.00392667390406, -0.00273606786504, 0.0088932774961, -0.0034415347036, -0.010104354471, 0.0391542650759, -0.0109394472092], [0.0011045524152, -0.00105952832382, 0.00443020882085, -0.00305255176499, 0.00219029095024, -0.00624773465097, 0.00437927525491, 0.00101712252945, -0.00467569706962, 0.0119137810543, -0.000727428181563, -0.0109394472092, 0.0280524026603]]
    },
    "melbands": {
        "max": [0.00206429860555, 0.00454487511888, 0.0047316532582, 0.0035331917461, 0.00317039364018, 0.00294194673188, 0.00130938738585, 0.00368973170407, 0.00244359136559, 0.0033346763812, 0.0030243487563, 0.0022180757951, 0.00507107330486, 0.00160278915428, 0.00102076656185, 0.00140866858419, 0.00168910692446, 0.00248163496144, 0.00138619588688, 0.000361788581358, 0.000537911895663, 0.000496848660987, 0.000319673621561, 0.000240597684751, 0.000227466967772, 0.00044702886953, 0.000280171632767, 0.00014729036775, 0.000133518129587, 0.000144730976899, 0.000234274295508, 0.00024599218159, 0.000222347924137, 0.000215271051275, 0.000130369546241, 7.7278840763e-05, 9.78706739261e-05, 0.000101144294604, 3.6301316868e-05, 2.68183284788e-05],
        "mean": [0.000199991685804, 0.000450263381936, 0.000364111299859, 0.000247318064794, 0.000195382614038, 0.000175296052475, 0.000152239619638, 0.000124838770716, 8.32027944853e-05, 0.00016180514649, 0.00011046614236, 0.000150913212565, 0.000294652156299, 8.03062357591e-05, 9.05947817955e-05, 0.000100004552223, 8.00522029749e-05, 0.000126101978822, 5.32213707629e-05, 1.93461764866e-05, 2.13503626583e-05, 1.9350050934e-05, 1.59161936608e-05, 2.19350495172e-05, 1.83315260074e-05, 1.87168643606e-05, 1.52070770127e-05, 1.1457202163e-05, 1.09335369416e-05, 1.15658349387e-05, 1.12994948722e-05, 1.22070141515e-05, 9.92054265225e-06, 8.80443985807e-06, 5.72518410991e-06, 4.25997086495e-06, 2.91690298582e-06, 2.13664179682e-06, 1.41796795106e-06, 9.33098704081e-07],
        "min": [1.01658010083e-24, 9.3240223275e-25, 1.1694696273e-24, 9.60269631696e-25, 1.36736465449e-24, 9.25628086942e-25, 7.87847317565e-25, 1.0174513977e-24, 1.56295463012e-24, 1.6553157468e-24, 2.00590900169e-24, 1.68354927581e-24, 1.81515592671e-24, 2.42320833473e-24, 1.63884028819e-24, 2.15895413098e-24, 2.4707815777e-24, 2.54039796094e-24, 2.74430923582e-24, 2.74342295059e-24, 3.58045466092e-24, 2.34404831226e-24, 3.09438756176e-24, 4.36718761385e-24, 3.91071640648e-24, 3.33531140145e-24, 4.36025510421e-24, 3.70870490587e-24, 4.3293120352e-24, 3.48662478384e-24, 4.15423421805e-24, 4.90319887742e-24, 4.08413406586e-24, 4.13326945063e-24, 4.32239254177e-24, 5.17852908271e-24, 5.82789926394e-24, 4.51204495858e-24, 6.36818378704e-24, 6.11457447234e-24],
        "stdev": [0.000299374572933, 0.000647391367238, 0.000578996958211, 0.00039374359767, 0.000329792237608, 0.00029542556149, 0.000239314016653, 0.00028087728424, 0.000166318379343, 0.000314431119477, 0.000228624674492, 0.000301231222693, 0.000679473567288, 0.000202197654289, 0.000153621615027, 0.000169717095559, 0.000187337733223, 0.000305403489619, 0.000144775898661, 3.12970696541e-05, 3.75258605345e-05, 3.81587415177e-05, 2.54777551163e-05, 3.11017938657e-05, 2.896406113e-05, 4.05592509196e-05, 2.57557148871e-05, 1.69592385646e-05, 1.77589736268e-05, 2.0590981876e-05, 2.12723443838e-05, 2.70530508715e-05, 2.17268952838e-05, 2.03120507649e-05, 1.24566067825e-05, 9.15204327612e-06, 6.97917357684e-06, 6.071664302e-06, 3.40987321579e-06, 2.2518509013e-06]
    },
    "melbands128": {
        "max": [0.000345717242453, 0.00129698589444, 0.00251218304038, 0.0061483355239, 0.00610013492405, 0.0058524645865, 0.00641964236274, 0.00580645538867, 0.00567320035771, 0.00470091030002, 0.00589216826484, 0.0048321634531, 0.0052252416499, 0.00471373880282, 0.00264362525195, 0.006033715792, 0.00302828475833, 0.00224074162543, 0.0028062723577, 0.00690294709057, 0.00211809505709, 0.000755527289584, 0.00209940224886, 0.0073568993248, 0.00590387824923, 0.0060949511826, 0.0100208511576, 0.00256040995009, 0.0027360576205, 0.00434067193419, 0.00399192236364, 0.0056325700134, 0.0105450684205, 0.00649493560195, 0.00392156420276, 0.00268533732742, 0.00356685766019, 0.00122332281899, 0.00286273611709, 0.00421632546932, 0.00215242942795, 0.00340758636594, 0.00334923481569, 0.00408178893849, 0.00356706976891, 0.00482485257089, 0.00587849225849, 0.00190139934421, 0.000786523334682, 0.00105276878458, 0.000555702310521, 0.000261911627604, 0.000455680070445, 0.000872865726706, 0.00168206926901, 0.000964785867836, 0.000589749251958, 0.000302411295706, 0.000483387120767, 0.000312548130751, 0.000357583223376, 0.000632272742223, 0.00060446059797, 0.000259015272604, 0.000711856526323, 0.000609864480793, 0.000918145757169, 0.000843357935082, 0.000282309192698, 0.000312101008603, 0.000156767637236, 0.000152554435772, 0.000153920729645, 0.00024786737049, 0.000201979040867, 0.000245734932832, 0.00023808865808, 0.000221477079322, 0.000248327996815, 0.000358077464625, 0.000318768899888, 0.000361575948773, 0.000207850709558, 0.000403582846047, 0.000289588206215, 0.000319378828863, 0.000260714499746, 0.000170485989656, 0.000210530910408, 0.000129887484945, 0.000109682834591, 9.49626555666e-05, 0.000131483873702, 0.000103850848973, 7.45468933019e-05, 0.000126562183141, 0.00013526037219, 5.45924776816e-05, 3.50417831214e-05, 7.67799501773e-05, 4.17097216996e-05, 3.99728487537e-05, 2.86981139652e-05, 2.68990261247e-05, 3.22991691064e-05, 1.67497582879e-05, 2.6165816962e-05, 2.53862217505e-05, 1.3768604731e-05, 7.0435012276e-06, 7.12844257578e-06, 7.55542805564e-06, 6.42091436021e-06, 5.93987124375e-06, 1.11371377898e-06, 1.32084551296e-07, 2.22850751186e-08, 1.70681413447e-09, 1.47139911366e-09, 1.28574251246e-09, 1.17215559481e-09, 1.0838846487e-09, 1.03671848883e-09, 1.00439190298e-09, 9.50371559227e-10, 9.15611253482e-10, 8.97617313811e-10, 8.85586548538e-10],
        "mean": [2.60634787992e-05, 6.80480516166e-05, 0.000236260515521, 0.000515978957992, 0.00053835316794, 0.000326544279233, 0.000364735169569, 0.00045175361447, 0.000259974622168, 0.000224372633966, 0.000253136851825, 0.000192653969862, 0.00017846992705, 0.000203064555535, 0.000164734563441, 0.000173468302819, 0.000164782963111, 0.000139414842124, 0.000132534129079, 0.000206169337616, 6.69107757858e-05, 4.0838815039e-05, 5.32808226126e-05, 0.000152906854055, 0.000232443970162, 0.00011610234651, 0.000137996539706, 8.11332574813e-05, 0.000110971843242, 0.000180395174539, 0.000122467565234, 0.000174564207555, 0.000500347407069, 0.000192111299839, 6.67841595714e-05, 6.94943009876e-05, 6.65599072818e-05, 4.09359527112e-05, 0.000142878765473, 0.000177164620254, 5.27459305886e-05, 6.12627554801e-05, 6.94234840921e-05, 0.000101595316664, 9.47878579609e-05, 0.000143370096339, 0.00016131225857, 3.29169342876e-05, 2.00477497856e-05, 2.95344070764e-05, 1.49918478201e-05, 1.44046580317e-05, 2.23023635044e-05, 2.12818067666e-05, 2.74366630038e-05, 1.82801595656e-05, 1.35990303534e-05, 1.63287204487e-05, 1.63518725458e-05, 1.60873332788e-05, 2.06552485906e-05, 2.93249067909e-05, 2.19266567001e-05, 1.1564155102e-05, 1.75513559952e-05, 1.87430268852e-05, 2.06211607292e-05, 1.86898214452e-05, 1.18737480079e-05, 1.35347836476e-05, 1.28169876916e-05, 8.92552907317e-06, 1.08805807031e-05, 1.12651241579e-05, 1.09415595944e-05, 1.21450602819e-05, 1.17670424515e-05, 1.05775698103e-05, 9.30900205276e-06, 1.50062578541e-05, 1.2609206351e-05, 1.12409088615e-05, 1.03855381894e-05, 1.0533844943e-05, 8.47405135573e-06, 9.35681509873e-06, 9.41374582908e-06, 6.8847921284e-06, 5.22262507729e-06, 5.09891515321e-06, 4.73170666737e-06, 3.77339165425e-06, 4.04655111197e-06, 2.80289759758e-06, 2.32029969993e-06, 2.43054751081e-06, 2.20372521653e-06, 1.56395662998e-06, 1.46379034049e-06, 1.37669780997e-06, 1.01959858512e-06, 8.76889373558e-07, 7.7504427054e-07, 7.2824371955e-07, 6.75651108395e-07, 6.20903847448e-07, 4.97227404139e-07, 4.68034812684e-07, 3.86645496064e-07, 2.94911444598e-07, 2.2019749224e-07, 1.8779907407e-07, 1.27967894059e-07, 9.13381370538e-08, 2.54288305968e-08, 1.38204747646e-09, 8.51731601914e-11, 4.85868290045e-12, 4.51332938037e-12, 4.23095239399e-12, 4.0220595951e-12, 3.8741987049e-12, 3.77737381305e-12, 3.67021127032e-12, 3.45684353538e-12, 3.15826162965e-12, 2.99534941121e-12, 2.95307051382e-12],
        "min": [1.07989049023e-27, 3.86384169985e-25, 2.28952185206e-25, 5.93493030918e-26, 1.11077149807e-25, 2.42494782233e-25, 3.44296074109e-25, 3.2694808603e-25, 5.76111183451e-25, 8.33067314495e-26, 3.16514013889e-26, 1.63369432664e-25, 1.62700195119e-25, 2.11719469428e-25, 4.9470187202e-25, 7.02126018471e-26, 1.11285766539e-25, 2.32998795131e-25, 7.25854683329e-25, 5.19474668242e-25, 3.62114691672e-25, 4.33599960353e-25, 2.21396968494e-25, 4.09387304677e-25, 4.70159225967e-25, 2.50898492805e-25, 3.12488364245e-25, 8.15852964385e-25, 7.09712863575e-25, 8.15169564322e-25, 7.19768128407e-25, 4.36157940445e-25, 4.63776848206e-25, 5.9177460837e-25, 1.10762017132e-24, 7.09771288585e-25, 3.42521654762e-25, 5.27121096996e-25, 6.34189736395e-25, 8.65329630107e-25, 1.47119945722e-24, 5.90427233944e-25, 4.5572810039e-25, 5.68383403416e-25, 1.1361045581e-24, 1.31680675629e-24, 9.02751515121e-25, 1.28472506518e-24, 7.87750484889e-25, 1.44784473708e-24, 1.2339031944e-24, 8.31202028233e-25, 1.46451445269e-24, 1.52767972867e-24, 9.21039480271e-25, 1.76440850468e-24, 1.45088017524e-24, 1.49017235085e-24, 1.35299427121e-24, 1.67089397474e-24, 1.2648746624e-24, 1.18660861655e-24, 2.32776326495e-24, 1.97367594789e-24, 1.03222617081e-24, 1.57260022962e-24, 1.66315741863e-24, 1.69871631001e-24, 2.49040804259e-24, 2.46523391338e-24, 1.49672285459e-24, 3.21663832232e-24, 1.6236111312e-24, 1.98179135445e-24, 2.1449607246e-24, 2.07503786889e-24, 2.37634427772e-24, 2.38570509844e-24, 3.13227635382e-24, 2.82671009611e-24, 2.58399199228e-24, 2.98257776971e-24, 2.9727235165e-24, 2.7820428195e-24, 2.70687896916e-24, 1.63568366128e-24, 3.37674513721e-24, 2.89601665423e-24, 2.46961879672e-24, 3.57067396898e-24, 3.22364853475e-24, 3.69512584868e-24, 3.38034037078e-24, 3.27740940544e-24, 4.45505370248e-24, 3.81486901764e-24, 2.96284914733e-24, 3.89178256147e-24, 5.03648718255e-24, 3.0276242912e-24, 3.62669295401e-24, 3.19993596758e-24, 4.46317423664e-24, 3.61276285372e-24, 4.34387874625e-24, 4.48041400286e-24, 4.92720509806e-24, 4.01552564964e-24, 4.23428663942e-24, 5.02558315269e-24, 4.65962663445e-24, 4.10021183997e-24, 5.55226771378e-24, 4.34617985351e-24, 4.71886259425e-24, 4.64856404355e-24, 4.43788651146e-24, 5.04697587714e-24, 4.57221453526e-24, 4.41536058831e-24, 4.57243738847e-24, 4.18840570031e-24, 5.45197864361e-24, 5.93449093831e-24, 4.90166572625e-24, 5.83424328334e-24, 5.2384513515e-24, 4.47677183206e-24],
        "stdev": [4.26985243394e-05, 0.000136117669172, 0.000390208995668, 0.000847221876029, 0.000838229316287, 0.000586353591643, 0.000679054122884, 0.00082065834431, 0.000475797831314, 0.000403579993872, 0.000633704010397, 0.00043499856838, 0.000418293755502, 0.000389897089917, 0.000295401812764, 0.000422332814196, 0.000338450598065, 0.000290704454528, 0.000272701290669, 0.000534394464921, 0.000153128668899, 8.29542914289e-05, 0.000145855126902, 0.000415073358454, 0.0004485748359, 0.000390500732465, 0.000553797639441, 0.000173963868292, 0.000292855256703, 0.000443985132733, 0.000353689742042, 0.000475042936159, 0.00131409347523, 0.000582451175433, 0.000296800397336, 0.000252010999247, 0.000275125494227, 0.000126314087538, 0.000293122953735, 0.000382305355743, 0.000155851666932, 0.000220209403778, 0.000234775594436, 0.000351110065822, 0.00027897284599, 0.000486689299578, 0.000639587407932, 0.000124200683786, 4.45606056019e-05, 6.12587609794e-05, 3.9525610191e-05, 3.05614230456e-05, 4.55613844679e-05, 4.87168690597e-05, 9.11994939088e-05, 4.50711631856e-05, 3.01518412016e-05, 2.84013221972e-05, 3.22765044984e-05, 3.50564550899e-05, 3.90071727452e-05, 5.63066314498e-05, 5.28268392372e-05, 2.26635966101e-05, 4.99252455484e-05, 4.35893052781e-05, 5.80944142712e-05, 4.3348831241e-05, 2.27149685088e-05, 2.21360696742e-05, 2.14953470277e-05, 1.68760561792e-05, 2.04906409635e-05, 2.15924210352e-05, 2.14276824408e-05, 2.59585631284e-05, 2.52594654739e-05, 1.9082270228e-05, 1.99991427507e-05, 3.50563568645e-05, 2.94135970762e-05, 3.08637245325e-05, 2.38645861828e-05, 2.86354097625e-05, 2.18634468183e-05, 2.46884283115e-05, 2.40927820414e-05, 1.63205841091e-05, 1.30719381559e-05, 1.15994525913e-05, 1.13296719064e-05, 8.82948461367e-06, 9.69684879237e-06, 7.04599870005e-06, 5.94202901993e-06, 8.25368351798e-06, 6.82010431774e-06, 3.70672614736e-06, 3.65051869267e-06, 4.03512376579e-06, 2.69298607236e-06, 2.38430766331e-06, 1.93148821381e-06, 1.67479129232e-06, 1.82989219866e-06, 1.52123141106e-06, 1.54485735493e-06, 1.39909161589e-06, 1.11876579467e-06, 7.51063055304e-07, 6.32151682112e-07, 5.43143755749e-07, 4.53169946013e-07, 3.55895821258e-07, 9.34217538884e-08, 7.09380643116e-09, 8.28457746849e-10, 5.32470213754e-11, 4.59496884986e-11, 4.01996110011e-11, 3.66797980877e-11, 3.39456934784e-11, 3.24825374931e-11, 3.14755686792e-11, 2.98036352542e-11, 2.87254994097e-11, 2.81667172225e-11, 2.77933561582e-11]
    },
    "mfcc": {
        "mean": [-804.720825195, 60.4969749451, -13.2016429901, 10.0239267349, -8.02085208893, 6.99324083328, -2.01111888885, 2.52049469948, -3.27651906013, 1.50503790379, -1.02955925465, -2.58223676682, -4.00902557373],
        "cov": [[94784.8984375, 11372.5576172, -1542.79052734, 2143.07104492, -1329.58972168, 1796.09423828, -50.8841896057, 582.325866699, -736.027832031, 225.547317505, -50.4210090637, -413.574035645, -652.372924805], [11372.5576172, 1977.48937988, -483.227233887, 248.959655762, -205.183303833, 153.705627441, -47.8032188416, 32.4752960205, -112.826080322, 29.1359558105, -22.7503967285, -61.0021591187, -110.331459045], [-1542.79052734, -483.227233887, 831.268005371, 180.610794067, 182.68862915, 79.9657516479, 49.7016143799, -2.64886260033, -19.6933860779, -65.2575912476, 6.40109825134, 47.6415290833, 80.8529510498], [2143.07104492, 248.959655762, 180.610794067, 333.995513916, 55.147277832, 67.0224685669, -33.2496337891, 26.7043952942, -8.52148914337, 5.62401294708, -17.1031665802, -6.89028978348, -4.51074886322], [-1329.58972168, -205.183303833, 182.68862915, 55.147277832, 179.410797119, 47.3340148926, 12.5569543839, -43.5186309814, -6.41944122314, -10.5609893799, -2.36067414284, 18.7005233765, 27.1755504608], [1796.09423828, 153.705627441, 79.9657516479, 67.0224685669, 47.3340148926, 145.068206787, 47.9274520874, -1.56581413746, -27.3929252625, -4.50395298004, 4.31106567383, 4.66233825684, 7.29449415207], [-50.8841896057, -47.8032188416, 49.7016143799, -33.2496337891, 12.5569543839, 47.9274520874, 88.8353347778, 12.4845104218, -11.3301362991, -9.91673755646, 15.2788248062, 15.7082633972, 17.1050872803], [582.325866699, 32.4752960205, -2.64886260033, 26.7043952942, -43.5186309814, -1.56581413746, 12.4845104218, 73.0445175171, 24.4737033844, 8.89413070679, 3.80065608025, -9.84064769745, -4.22388792038], [-736.027832031, -112.826080322, -19.6933860779, -8.52148914337, -6.41944122314, -27.3929252625, -11.3301362991, 24.4737033844, 63.6214485168, 20.9410858154, -1.97753739357, -6.0748667717, -1.29663419724], [225.547317505, 29.1359558105, -65.2575912476, 5.62401294708, -10.5609893799, -4.50395298004, -9.91673755646, 8.89413070679, 20.9410858154, 56.1042709351, 18.3826408386, -6.04759502411, -12.6193637848], [-50.4210090637, -22.7503967285, 6.40109825134, -17.1031665802, -2.36067414284, 4.31106567383, 15.2788248062, 3.80065608025, -1.97753739357, 18.3826408386, 53.7253608704, 19.5378170013, 9.8263463974], [-413.574035645, -61.0021591187, 47.6415290833, -6.89028978348, 18.7005233765, 4.66233825684, 15.7082633972, -9.84064769745, -6.0748667717, -6.04759502411, 19.5378170013, 41.3129577637, 24.9767780304], [-652.372924805, -110.331459045, 80.8529510498, -4.51074886322, 27.1755504608, 7.29449415207, 17.1050872803, -4.22388792038, -1.29663419724, -12.6193637848, 9.8263463974, 24.9767780304, 46.8804664612]],
        "icov": [[5.92484284425e-05, -0.000250794546446, -6.69707951602e-05, -4.57257447124e-05, 0.00027553003747, -0.000540871056728, 0.000191369879758, -0.000261581852101, 0.000190346792806, -0.000126887316583, -2.37321637542e-05, 3.261098027e-05, 0.000135103939101], [-0.000250794546446, 0.00232976977713, 0.00106833828613, -0.00095993449213, 0.000128072439111, 0.000759964808822, -0.000248298689257, 0.00101089000236, 0.00112272484694, 0.00060410273727, 0.000141399141285, -0.000313192635076, 0.000378245254979], [-6.69707951602e-05, 0.00106833828613, 0.00275398185477, -0.00174175621942, -0.00116227276158, -0.000145435813465, -0.000516219937708, -0.00042305214447, 0.000747974438127, 0.00247384142131, -0.000852343218867, -9.55566501943e-05, -0.00157215120271], [-4.57257447124e-05, -0.00095993449213, -0.00174175621942, 0.00638658646494, -0.00260379188694, -0.000928401132114, 0.00386172160506, -0.00394745590165, 0.000256455503404, -0.00209560850635, 0.00210570194758, -0.00141320796683, 0.000366666849004], [0.00027553003747, 0.000128072439111, -0.00116227276158, -0.00260379188694, 0.0129101304337, -0.00604789424688, 0.000203908013646, 0.00644616130739, -0.000527202326339, -0.00155785412062, 0.000852604571264, -0.000147030485095, -0.000680987897795], [-0.000540871056728, 0.000759964808822, -0.000145435813465, -0.000928401132114, -0.00604789424688, 0.0184842906892, -0.0097386604175, 0.00306875514798, -0.00037031431566, -0.000372556096409, 0.000136477363412, 0.00205318629742, -0.00235004257411], [0.000191369879758, -0.000248298689257, -0.000516219937708, 0.00386172160506, 0.000203908013646, -0.0097386604175, 0.021284500137, -0.00864186696708, 0.00420692330226, 0.00117883947678, -0.00185655150563, -0.00425263401121, -0.000718432071153], [-0.000261581852101, 0.00101089000236, -0.00042305214447, -0.00394745590165, 0.00644616130739, 0.00306875514798, -0.00864186696708, 0.0268608536571, -0.01196332369, 0.00197148346342, -0.00356461084448, 0.00663125701249, -0.00213812524453], [0.000190346792806, 0.00112272484694, 0.000747974438127, 0.000256455503404, -0.000527202326339, -0.00037031431566, 0.00420692330226, -0.01196332369, 0.0290207732469, -0.0110054221004, 0.0056103351526, -0.000707003404386, -0.00118292227853], [-0.000126887316583, 0.00060410273727, 0.00247384142131, -0.00209560850635, -0.00155785412062, -0.000372556096409, 0.00117883947678, 0.00197148346342, -0.0110054221004, 0.0311970636249, -0.0148405740038, 0.00422234041616, 0.00485074333847], [-2.37321637542e-05, 0.000141399141285, -0.000852343218867, 0.00210570194758, 0.000852604571264, 0.000136477363412, -0.00185655150563, -0.00356461084448, 0.0056103351526, -0.0148405740038, 0.0310247726738, -0.0146372942254, -0.00102827523369], [3.261098027e-05, -0.000313192635076, -9.55566501943e-05, -0.00141320796683, -0.000147030485095, 0.00205318629742, -0.00425263401121, 0.00663125701249, -0.000707003404386, 0.00422234041616, -0.0146372942254, 0.0455492958426, -0.0184220876545], [0.000135103939101, 0.000378245254979, -0.00157215120271, 0.000366666849004, -0.000680987897795, -0.00235004257411, -0.000718432071153, -0.00213812524453, -0.00118292227853, 0.00485074333847, -0.00102827523369, -0.0184220876545, 0.0389810912311]]
    },
    "spectral_contrast_coeffs": {
        "max": [-0.456334531307, -0.602022469044, -0.537606596947, -0.557076692581, -0.657582938671, -0.591440320015],
        "mean": [-0.796529352665, -0.825694322586, -0.801224768162, -0.824166357517, -0.837965548038, -0.787530422211],
        "min": [-0.985333859921, -0.991056680679, -0.994669139385, -0.973930478096, -0.986900091171, -0.964689671993],
        "stdev": [0.12024179101, 0.101179227233, 0.119090147316, 0.10328233242, 0.0841307714581, 0.116201333702]
    },
    "spectral_contrast_valleys": {
        "max": [-5.56503725052, -5.11186265945, -5.9837846756, -5.92327594757, -5.6328086853, -7.71466255188],
        "mean": [-13.0429334641, -12.713511467, -13.0511445999, -13.0924539566, -12.938123703, -14.9487390518],
        "min": [-28.0636787415, -28.2697296143, -27.9564590454, -27.6140003204, -27.5801944733, -27.4116535187],
        "stdev": [9.17500209808, 9.32532310486, 9.12593078613, 9.07872676849, 9.20589256287, 7.96147537231]
    }
},
"rhythm": {
    "beats_count": 48,
    "beats_loudness": {
        "max": 0.0486512482166,
        "mean": 0.0164099540561,
        "min": 0,
        "stdev": 0.0168709643185
    },
    "bpm": 114.850852966,
    "bpm_histogram_first_peak_bpm": 115,
    "bpm_histogram_first_peak_weight": 0.125,
    "bpm_histogram_second_peak_bpm": 123,
    "bpm_histogram_second_peak_spread": 0.466666698456,
    "bpm_histogram_second_peak_weight": 0.170212760568,
    "danceability": 0.739262998104,
    "onset_rate": 2.00211858749,
    "beats_loudness_band_ratio": {
        "max": [0.455104142427, 0.648770809174, 0.397514760494, 0.552606225014, 0.503733873367, 0.916046261787],
        "mean": [0.0969692841172, 0.0979248061776, 0.10618109256, 0.169685676694, 0.122818171978, 0.138835206628],
        "min": [0, 0, 0, 0, 0, 0],
        "stdev": [0.115904763341, 0.134428560734, 0.105221971869, 0.171704813838, 0.132960751653, 0.183203816414]
    },
    "beats_position": [0.487619042397, 1.01006805897, 1.53251695633, 2.04335594177, 2.56580495834, 3.08825397491, 3.61070299149, 4.13315200806, 4.65560102463, 5.17804956436, 5.70049858093, 6.2229475975, 6.74539661407, 7.26784563065, 7.79029464722, 8.31274318695, 8.84680271149, 9.34603118896, 9.82204055786, 10.2980499268, 10.7972784042, 11.2965078354, 11.7957363129, 12.2601356506, 12.7129249573, 13.1657142639, 13.6533327103, 14.1409521103, 14.6285715103, 15.0697498322, 15.5109291077, 15.9637184143, 16.4513378143, 16.9389572144, 17.4381847382, 17.9258041382, 18.4134235382, 18.9010429382, 19.365442276, 19.8298416138, 20.2942390442, 20.758638382, 21.1882076263, 21.6177768707, 22.0473461151, 22.4769153595, 22.9064846039, 23.3360538483],
