{
"metadata": {
    "version": {
        "essentia": "2.1-beta5",
        "essentia_git_sha": "Undefined",
        "extractor": "music 2.0"
    },
    "audio_properties": {
        "analysis": {
            "equal_loudness": 0,
            "length": 30.3717002869,
            "sample_rate": 44100,
            "start_time": 175.240997314,
            "downmix": "mix"
        },
        "bit_rate": 192000,
        "length": 205.635940552,
        "lossless": 0,
        "number_channels": 2,
        "replay_gain": -0.517705917358,
        "sample_rate": 48000,
        "codec": "mp3",
        "md5_encoded": "d433a87ca4236c07e4a007f9c3e974e2"
    },
    "tags": {
        "file_name": "Romania_Dincolo De Nori_Dan Bittman.mp3",
        "encoding": ["Lavf58.29.100"]
    }
},
"lowlevel": {
    "average_loudness": 0.683034479618,
    "barkbands_crest": {
        "max": 26.5474586487,
        "mean": 10.4562673569,
        "min": 3.04880046844,
        "stdev": 6.45854997635
    },
    "barkbands_flatness_db": {
        "max": 0.431153863668,
        "mean": 0.148515805602,
        "min": 0.0543603673577,
        "stdev": 0.096284545958
    },
    "barkbands_kurtosis": {
        "max": 478.897460938,
        "mean": 18.5250110626,
        "min": -1.76865231991,
        "stdev": 44.8884086609
    },
    "barkbands_skewness": {
        "max": 17.2120742798,
        "mean": 1.11501157284,
        "min": -2.22792434692,
        "stdev": 3.36877965927
    },
    "barkbands_spread": {
        "max": 126.247329712,
        "mean": 17.9955825806,
        "min": 0.241618797183,
        "stdev": 10.8360719681
    },
    "dissonance": {
        "max": 0.499897956848,
        "mean": 0.457803457975,
        "min": 0.246650800109,
        "stdev": 0.0499363467097
    },
    "dynamic_complexity": 4.5406332016,
    "erbbands_crest": {
        "max": 32.820224762,
        "mean": 10.2312173843,
        "min": 2.66395759583,
        "stdev": 7.39247179031
    },
    "erbbands_flatness_db": {
        "max": 0.415966928005,
        "mean": 0.180265337229,
        "min": 0.0450435914099,
        "stdev": 0.0740031674504
    },
    "erbbands_kurtosis": {
        "max": 84.2283248901,
        "mean": 3.6645989418,
        "min": -1.50598430634,
        "stdev": 8.88825511932
    },
    "erbbands_skewness": {
        "max": 8.17495536804,
        "mean": 0.675450444221,
        "min": -3.65877819061,
        "stdev": 1.61448454857
    },
    "erbbands_spread": {
        "max": 72.805480957,
        "mean": 25.9722290039,
        "min": 2.0720307827,
        "stdev": 11.8725366592
    },
    "hfc": {
        "max": 83.0901184082,
        "mean": 15.9628515244,
        "min": 1.03102359117e-16,
        "stdev": 18.5273342133
    },
    "loudness_ebu128": {
        "integrated": -22.3605709076,
        "loudness_range": 5.27063941956,
        "momentary": {
            "max": -20.0777645111,
            "mean": -108.111030579,
            "min": -300.691009521,
            "stdev": 126.456108093
        },
        "short_term": {
            "max": -20.7825698853,
            "mean": -90.7107849121,
            "min": -300.691009521,
            "stdev": 116.610610962
        }
    },
    "melbands_crest": {
        "max": 33.4065322876,
        "mean": 11.0874538422,
        "min": 1.57442343235,
        "stdev": 8.97835636139
    },
    "melbands_flatness_db": {
        "max": 0.501143217087,
        "mean": 0.15425761044,
        "min": 0.00211694533937,
        "stdev": 0.141793638468
    },
    "melbands_kurtosis": {
        "max": 347.816802979,
        "mean": 21.3984012604,
        "min": -1.85210609436,
        "stdev": 50.7513427734
    },
    "melbands_skewness": {
        "max": 13.3929328918,
        "mean": 1.86072516441,
        "min": -0.539713859558,
        "stdev": 2.80410718918
    },
    "melbands_spread": {
        "max": 162.909973145,
        "mean": 55.2859153748,
        "min": 0.388287186623,
        "stdev": 53.2371826172
    },
    "pitch_salience": {
        "max": 0.882670462132,
        "mean": 0.58398771286,
        "min": 0.0851060599089,
        "stdev": 0.208320647478
    },
    "silence_rate_20dB": {
        "max": 1,
        "mean": 1,
        "min": 1,
        "stdev": 0
    },
    "silence_rate_30dB": {
        "max": 1,
        "mean": 1,
        "min": 1,
        "stdev": 0
    },
    "silence_rate_60dB": {
        "max": 1,
        "mean": 0.407945007086,
        "min": 0,
        "stdev": 0.491451174021
    },
    "spectral_centroid": {
        "max": 11907.3496094,
        "mean": 4263.46923828,
        "min": 181.660995483,
        "stdev": 4562.21777344
    },
    "spectral_complexity": {
        "max": 45,
        "mean": 12.0687551498,
        "min": 0,
        "stdev": 12.7552709579
    },
    "spectral_decrease": {
        "max": 1.9824177104e-28,
        "mean": -4.78437423013e-09,
        "min": -2.38280151166e-08,
        "stdev": 4.9054178497e-09
    },
    "spectral_energy": {
        "max": 0.092385135591,
        "mean": 0.0195052083582,
        "min": 9.87921596514e-21,
        "stdev": 0.0198990181088
    },
    "spectral_energyband_high": {
        "max": 0.00329614360817,
        "mean": 0.000357849494321,
        "min": 6.82891152376e-21,
        "stdev": 0.000532689969987
    },
    "spectral_energyband_low": {
        "max": 0.0208830852062,
        "mean": 0.00204932247289,
        "min": 9.86334404587e-24,
        "stdev": 0.00365976709872
    },
    "spectral_energyband_middle_high": {
        "max": 0.0500556118786,
        "mean": 0.00742500973865,
        "min": 1.04853563889e-21,
        "stdev": 0.0104256551713
    },
    "spectral_energyband_middle_low": {
        "max": 0.0911804661155,
        "mean": 0.0107822678983,
        "min": 1.47503938362e-22,
        "stdev": 0.0148153994232
    },
    "spectral_entropy": {
        "max": 9.82768535614,
        "mean": 7.9619269371,
        "min": 4.8254942894,
        "stdev": 1.43534255028
    },
    "spectral_flux": {
        "max": 0.232929870486,
        "mean": 0.0529420115054,
        "min": 6.13099779279e-11,
        "stdev": 0.0511021614075
    },
    "spectral_kurtosis": {
        "max": 28.0596942902,
        "mean": 3.872579813,
        "min": -1.27378189564,
        "stdev": 5.29567718506
    },
    "spectral_rms": {
        "max": 0.00949377939105,
        "mean": 0.00331959314644,
        "min": 3.10455459084e-12,
        "stdev": 0.00283015239984
    },
    "spectral_rolloff": {
        "max": 20025.8789062,
        "mean": 6692.54638672,
        "min": 107.666015625,
        "stdev": 8091.28417969
    },
    "spectral_skewness": {
        "max": 4.29111051559,
        "mean": 1.22185385227,
        "min": -0.126241475344,
        "stdev": 0.994135379791
    },
    "spectral_spread": {
        "max": 43479452,
        "mean": 15063322,
        "min": 1773801.75,
        "stdev": 17076664
    },
    "spectral_strongpeak": {
        "max": 7.85942411423,
        "mean": 1.15006542206,
        "min": 0,
        "stdev": 1.44071602821
    },
    "zerocrossingrate": {
        "max": 0.5888671875,
        "mean": 0.190841495991,
        "min": 0.00634765625,
        "stdev": 0.208779379725
    },
    "barkbands": {
        "max": [0.000841577653773, 0.0137528516352, 0.00974267814308, 0.0239598676562, 0.0733726173639, 0.0333491414785, 0.0632518678904, 0.0101969549432, 0.0237572714686, 0.0410933382809, 0.0254513304681, 0.0245712678879, 0.0123824337497, 0.012670381926, 0.00739469332621, 0.0137473437935, 0.0107738832012, 0.00495802471414, 0.00328479520977, 0.00254954933189, 0.00159878912382, 0.000727793376427, 0.000549686257727, 0.000824180140626, 0.000660538964439, 0.000486909935717, 4.36309449015e-07],
        "mean": [5.68883187952e-05, 0.000810168799944, 0.000809015822597, 0.00101821357384, 0.00452997628599, 0.00138894247357, 0.00124660716392, 0.000510114943609, 0.000804020208307, 0.00317569938488, 0.00087549269665, 0.00100367947016, 0.000621136161499, 0.000767092918977, 0.000363489089068, 0.000240505149122, 0.000358621851774, 0.000212652113987, 0.000273616285995, 0.000156166250235, 0.000105071696453, 7.48170423321e-05, 5.57239109185e-05, 2.44314669544e-05, 1.68849073816e-05, 6.19193906459e-06, 1.7825151355e-09],
        "min": [2.44217851665e-25, 1.35001750458e-24, 1.03919763045e-24, 8.77931091422e-25, 4.22416082084e-24, 5.14481198433e-24, 4.08329314014e-24, 7.11329683304e-24, 8.92823779515e-24, 4.00947548093e-24, 9.74973072057e-24, 1.82443584974e-23, 1.72001196513e-23, 2.78495351903e-23, 3.15521832221e-23, 3.3950121581e-23, 4.05098471067e-23, 7.72569097371e-23, 1.01336150495e-22, 1.44861468899e-22, 2.45012043495e-22, 2.8695018638e-22, 3.60078803984e-22, 5.34390684529e-22, 8.06244774243e-22, 1.21886618262e-21, 1.85887032245e-21],
        "stdev": [0.000113829191832, 0.00183780526277, 0.0016501218779, 0.00241893366911, 0.010345634073, 0.0035372490529, 0.00501006515697, 0.00100730464328, 0.00185079826042, 0.00634441804141, 0.00234764860943, 0.00209629256278, 0.00125767965801, 0.00147845433094, 0.000691353401635, 0.000766370270867, 0.000822514935862, 0.000418315030402, 0.000460292561911, 0.000277308659861, 0.000164536715602, 0.000114762442536, 8.55132238939e-05, 5.65927330172e-05, 5.36679144716e-05, 2.91784672299e-05, 1.37621949392e-08]
    },
    "erbbands": {
        "max": [0.37847045064, 3.41602516174, 10.0175485611, 36.8397865295, 243.297653198, 361.302307129, 417.160919189, 389.442230225, 524.102050781, 976.032897949, 212.409637451, 466.883270264, 1221.9161377, 1233.12915039, 535.68157959, 1257.26550293, 601.777038574, 746.663879395, 293.380645752, 408.858428955, 840.182678223, 659.422302246, 271.672210693, 147.443267822, 137.862701416, 143.758682251, 80.4138641357, 36.4451751709, 29.8513851166, 18.4321670532, 14.601064682, 12.4268703461, 15.7137336731, 9.0045633316, 4.62234258652, 2.60193800926, 0.962657928467, 0.0579744726419, 0.00118098210078, 0.000145512778545],
        "mean": [0.0242221131921, 0.182494223118, 0.768013596535, 2.42252159119, 12.0869369507, 13.454916954, 12.9052991867, 9.44725322723, 15.3446912766, 15.2998752594, 12.7778081894, 18.3972034454, 87.1935882568, 69.9856796265, 29.5603027344, 48.4605445862, 30.7435359955, 40.9024047852, 24.7356357574, 16.6860160828, 16.6205425262, 16.617313385, 11.5605258942, 14.1478977203, 11.8940601349, 7.90475177765, 5.50036144257, 3.27520370483, 2.72393202782, 2.14491963387, 1.51472091675, 0.636630177498, 0.371952921152, 0.222738966346, 0.102500863373, 0.0398126170039, 0.00868731644005, 0.000473159248941, 2.20429265028e-05, 2.4152594051e-05],
        "min": [5.72087986918e-23, 2.60472934688e-22, 1.60042777689e-21, 4.26355100611e-21, 4.90563258904e-21, 1.04016491844e-20, 2.72771595783e-20, 4.68998773426e-20, 6.74611995329e-20, 1.35736318939e-19, 2.01294376215e-19, 3.42374734276e-19, 2.92237352795e-19, 3.45579748957e-19, 7.47222697905e-19, 8.06692175961e-19, 1.30553109578e-18, 1.28274454465e-18, 2.01438931197e-18, 2.56032520754e-18, 3.20306150069e-18, 3.44434119318e-18, 4.43419018192e-18, 6.31725030278e-18, 6.76661906568e-18, 6.80452999393e-18, 7.46182921536e-18, 8.53418616147e-18, 9.42426393344e-18, 1.01288439715e-17, 1.07630036425e-17, 9.39209322506e-18, 7.4822001923e-18, 6.66225286062e-18, 5.88101592724e-18, 4.17945329484e-18, 2.13003309072e-18, 9.4071270259e-19, 2.31308986633e-19, 2.5253179482e-20],
        "stdev": [0.0577882900834, 0.407548666, 1.56757938862, 4.50167751312, 30.6009559631, 38.593952179, 36.3755226135, 27.3895931244, 47.1420974731, 74.6369018555, 24.3318462372, 35.7487487793, 174.45854187, 166.339202881, 57.284702301, 103.157730103, 59.5279922485, 78.1014938354, 40.653553009, 36.4998474121, 44.156288147, 42.8572692871, 23.040304184, 25.0583438873, 19.7072620392, 14.0615606308, 8.80227470398, 4.95058393478, 4.18072414398, 3.26532530785, 2.38829565048, 1.19013607502, 1.00860071182, 0.656743645668, 0.362094640732, 0.168361932039, 0.0464163050056, 0.0028884478379, 6.28076886642e-05, 2.50504872383e-05]
    },
    "gfcc": {
        "mean": [-424.016937256, 72.2476119995, -98.8922805786, 19.5603237152, -47.4007606506, 8.69719982147, -24.6841106415, 0.104285538197, -18.2437801361, -5.07152462006, -9.82621479034, -4.61186504364, -3.08605980873],
        "cov": [[328701.125, 27423.6171875, -38700.0429688, 7706.43066406, -17954.2636719, 4141.25634766, -8918.43652344, 461.175445557, -7087.1171875, -1903.98718262, -3762.04931641, -1587.28833008, -1276.12695312], [27423.6171875, 3123.67700195, -2773.59204102, 652.889831543, -1547.5546875, 40.3074226379, -869.35333252, -174.497406006, -608.738464355, -270.804595947, -281.110137939, -262.379241943, -74.297492981], [-38700.0429688, -2773.59204102, 5313.44970703, -858.636474609, 2076.6550293, -739.322692871, 836.694946289, -200.372848511, 705.910827637, 165.229660034, 381.425384521, 84.807220459, 114.680450439], [7706.43066406, 652.889831543, -858.636474609, 301.392272949, -390.721435547, 100.562652588, -221.258621216, 28.0362911224, -144.437225342, -33.7151069641, -82.4672393799, -26.9493713379, -15.5182714462], [-17954.2636719, -1547.5546875, 2076.6550293, -390.721435547, 1209.28771973, -11.1310796738, 591.697509766, 86.8142089844, 391.425415039, 155.315765381, 216.021743774, 108.973464966, 45.0722923279], [4141.25634766, 40.3074226379, -739.322692871, 100.562652588, -11.1310796738, 507.40234375, 137.644500732, 194.750640869, -136.422073364, 19.7286014557, -55.9327507019, 5.33520317078, -83.2055206299], [-8918.43652344, -869.35333252, 836.694946289, -221.258621216, 591.697509766, 137.644500732, 506.976867676, 103.674751282, 192.478408813, 49.0945129395, 136.180969238, 66.3416595459, 12.8010978699], [461.175445557, -174.497406006, -200.372848511, 28.0362911224, 86.8142089844, 194.750640869, 103.674751282, 172.801971436, 23.4974155426, 54.8292579651, 1.06758189201, 57.6019134521, -11.2764520645], [-7087.1171875, -608.738464355, 705.910827637, -144.437225342, 391.425415039, -136.422073364, 192.478408813, 23.4974155426, 296.048461914, 94.1812057495, 125.4140625, 86.3981170654, 84.1316299438], [-1903.98718262, -270.804595947, 165.229660034, -33.7151069641, 155.315765381, 19.7286014557, 49.0945129395, 54.8292579651, 94.1812057495, 120.341659546, 45.1287879944, 55.7422637939, 8.92104148865], [-3762.04931641, -281.110137939, 381.425384521, -82.4672393799, 216.021743774, -55.9327507019, 136.180969238, 1.06758189201, 125.4140625, 45.1287879944, 106.509140015, 53.386932373, 41.4696922302], [-1587.28833008, -262.379241943, 84.807220459, -26.9493713379, 108.973464966, 5.33520317078, 66.3416595459, 57.6019134521, 86.3981170654, 55.7422637939, 53.386932373, 119.740493774, 47.205947876], [-1276.12695312, -74.297492981, 114.680450439, -15.5182714462, 45.0722923279, -83.2055206299, 12.8010978699, -11.2764520645, 84.1316299438, 8.92104148865, 41.4696922302, 47.205947876, 87.8438491821]],
        "icov": [[0.000279672676697, -0.000906408997253, 0.000800151377916, -0.000625247543212, 0.000857392733451, -0.000343863939634, 0.000544949492905, -0.000720687152352, 0.000982906902209, -0.000671824614983, 0.000850726966746, -0.000576232676394, 0.000238522072323], [-0.000906408997253, 0.00447585433722, -0.00222592591308, 0.000901243183762, -0.0025647431612, 0.00135972059797, -0.000651618291158, 0.00224230694585, -0.00209062173963, 0.00320165441372, -0.00517235463485, 0.00398486759514, -0.00135261146352], [0.000800151377916, -0.00222592591308, 0.00446789572015, -0.00202753487974, -0.00135039794259, 0.0029844508972, 0.000484139454784, -0.00145097065251, 0.00512379221618, -0.00230902153999, 0.00356755009852, -0.000962100981269, 0.000973277550656], [-0.000625247543212, 0.000901243183762, -0.00202753487974, 0.0101956911385, -0.000872619450092, -0.00164537515957, 0.00156885164324, -0.000676545256283, -0.00325599242933, 0.00200528395362, -0.00245484756306, 0.000931726943236, -0.00172602792736], [0.000857392733451, -0.0025647431612, -0.00135039794259, -0.000872619450092, 0.0128553342074, -0.00808359496295, 0.00180941913277, -0.00311871641316, -0.00219928543083, -0.00257338583469, -0.000710143416654, -0.00140651187394, 0.0004370577808], [-0.000343863939634, 0.00135972059797, 0.0029844508972, -0.00164537515957, -0.00808359496295, 0.0154263861477, -0.00756107643247, -0.00341170653701, 0.00798868667334, -0.00318185589276, 0.00429622642696, 0.00182218907867, 0.00105580396485], [0.000544949492905, -0.000651618291158, 0.000484139454784, 0.00156885164324, 0.00180941913277, -0.00756107643247, 0.0137667832896, -0.00458991713822, -0.00181241170503, 0.00691789994016, -0.0101266279817, 0.00106082484126, 0.00156877213158], [-0.000720687152352, 0.00224230694585, -0.00145097065251, -0.000676545256283, -0.00311871641316, -0.00341170653701, -0.00458991713822, 0.0198766514659, -0.00590440537781, -0.00220475974493, 0.00554234348238, -0.00534167420119, 0.000923606392462], [0.000982906902209, -0.00209062173963, 0.00512379221618, -0.00325599242933, -0.00219928543083, 0.00798868667334, -0.00181241170503, -0.00590440537781, 0.0215513296425, -0.00887328851968, -5.75824560656e-05, 0.000828003103379, -0.00670938985422], [-0.000671824614983, 0.00320165441372, -0.00230902153999, 0.00200528395362, -0.00257338583469, -0.00318185589276, 0.00691789994016, -0.00220475974493, -0.00887328851968, 0.0218356512487, -0.0111313350499, -0.00102859851904, 0.00542073184624], [0.000850726966746, -0.00517235463485, 0.00356755009852, -0.00245484756306, -0.000710143416654, 0.00429622642696, -0.0101266279817, 0.00554234348238, -5.75824560656e-05, -0.0111313350499, 0.0386780835688, -0.0111368652433, -0.00157515320461], [-0.000576232676394, 0.00398486759514, -0.000962100981269, 0.000931726943236, -0.00140651187394, 0.00182218907867, 0.00106082484126, -0.00534167420119, 0.000828003103379, -0.00102859851904, -0.0111368652433, 0.0220007244498, -0.00922658946365], [0.000238522072323, -0.00135261146352, 0.000973277550656, -0.00172602792736, 0.0004370577808, 0.00105580396485, 0.00156877213158, 0.000923606392462, -0.00670938985422, 0.00542073184624, -0.00157515320461, -0.00922658946365, 0.024372279644]]
    },
    "melbands": {
        "max": [0.00346277374774, 0.00456114672124, 0.0115084387362, 0.0200363714248, 0.0140681760386, 0.00746087823063, 0.00954691786319, 0.00852409098297, 0.00164773943834, 0.00366353080608, 0.00632402393967, 0.00566961988807, 0.00209784181789, 0.00239260913804, 0.00169994693715, 0.00126736285165, 0.00157073745504, 0.000604938948527, 0.000650925911032, 0.000714566383976, 0.00134201976471, 0.000855283229612, 0.000212530954741, 0.000353206618456, 0.000138576840982, 0.000113250083814, 9.45759529714e-05, 8.88874710654e-05, 5.32467383891e-05, 3.23374260915e-05, 2.05375690712e-05, 1.92021088878e-05, 1.45654094013e-05, 1.17043782666e-05, 1.0114565157e-05, 1.07035830297e-05, 9.65296385402e-06, 1.01091800389e-05, 1.18072430269e-05, 7.06932951289e-06],
        "mean": [0.000218362431042, 0.000355770083843, 0.000687540217768, 0.00102957244962, 0.000444487901405, 0.000225978787057, 0.000248061813181, 0.000147523896885, 9.79431497399e-05, 0.00012507395877, 0.00044850751874, 0.000298357452266, 0.000105531231384, 0.000109052321932, 9.17149227462e-05, 6.3712031988e-05, 7.882292266e-05, 4.22532830271e-05, 2.49106142292e-05, 1.80699917109e-05, 2.19565990847e-05, 2.02082574106e-05, 1.03675356513e-05, 1.09594102469e-05, 1.15435386761e-05, 9.50086086959e-06, 6.22610787104e-06, 4.89545209348e-06, 3.64079141946e-06, 2.62121557171e-06, 1.67163886999e-06, 1.56363319093e-06, 1.34642391458e-06, 1.14063016099e-06, 9.57645397648e-07, 5.43859016489e-07, 3.40578424129e-07, 2.58897870253e-07, 2.37782899148e-07, 1.70766824681e-07],
        "min": [7.34107746119e-25, 8.20693414899e-25, 1.22035687493e-24, 6.90332868412e-25, 7.44357514468e-25, 9.70524330426e-25, 9.3560066929e-25, 1.12975679161e-24, 1.8087949468e-24, 1.73285998492e-24, 1.29783494735e-24, 9.78787747015e-25, 1.72536758126e-24, 2.16832382638e-24, 2.80579088541e-24, 2.327085239e-24, 2.01194891521e-24, 1.94674423659e-24, 2.55911289705e-24, 2.40501582175e-24, 2.35025861974e-24, 2.81416602442e-24, 3.93554028145e-24, 3.65725815865e-24, 4.3372633587e-24, 3.57712330131e-24, 4.47460759217e-24, 3.37646233057e-24, 3.75525558789e-24, 3.61744671534e-24, 4.14384373664e-24, 4.55324440265e-24, 5.17254202287e-24, 4.89418180284e-24, 5.24850262273e-24, 4.52482923841e-24, 4.94794306796e-24, 4.48876133453e-24, 4.28611243431e-24, 6.09324170131e-24],
        "stdev": [0.000483072595671, 0.000702544813976, 0.00141564523801, 0.00266012968495, 0.00111703795847, 0.000612636387814, 0.000810617464595, 0.000657591852359, 0.000188572172192, 0.000266297254711, 0.000902490050066, 0.000730459985789, 0.000240515786572, 0.000219301466132, 0.000185763768968, 0.00012440723367, 0.000157324539032, 7.67143428675e-05, 5.29597273271e-05, 4.84426527692e-05, 6.18025878794e-05, 5.42105190107e-05, 2.21163354581e-05, 2.276162013e-05, 2.16874341277e-05, 1.63808163052e-05, 1.13821752166e-05, 8.78044011188e-06, 6.20581249677e-06, 4.19847265221e-06, 2.65739095084e-06, 2.47176103585e-06, 2.13662792703e-06, 1.78768323167e-06, 1.5497014374e-06, 9.4374325954e-07, 7.29851308279e-07, 6.82552524722e-07, 7.16119359367e-07, 5.30242971308e-07]
    },
    "melbands128": {
        "max": [0.000698219810147, 0.00344036077149, 0.00476208049804, 0.00613565882668, 0.00656344089657, 0.00615873932838, 0.00845767557621, 0.0173645187169, 0.0306619033217, 0.0342180095613, 0.0230636335909, 0.0207274425775, 0.0192377492785, 0.015957871452, 0.0141997905448, 0.010266601108, 0.0160892270505, 0.0127200214192, 0.0275924652815, 0.015543019399, 0.00267046387307, 0.00356876640581, 0.00292646326125, 0.00173718016595, 0.00243093259633, 0.00796309206635, 0.00801142957062, 0.0115248020738, 0.0102620981634, 0.0126386024058, 0.00752633297816, 0.00632646121085, 0.00397687545046, 0.00248432136141, 0.000852797122207, 0.00332731101662, 0.00695148902014, 0.00248516676947, 0.00160958175547, 0.00196217838675, 0.00157765031327, 0.00194022245705, 0.00327021838166, 0.00230033975095, 0.00181888381485, 0.000768890487961, 0.000819349079393, 0.000798707420472, 0.00148162187543, 0.000957018462941, 0.00128233712167, 0.00105155119672, 0.000946985383052, 0.00284759793431, 0.00082018080866, 0.00142622750718, 0.000778143818025, 0.000398963456973, 0.0003920038871, 0.000587860064115, 0.000679403252434, 0.000175798631972, 0.000340207072441, 0.000207486285944, 0.000247308897087, 0.000202809242182, 0.000258860294707, 0.000173808424734, 0.000134190078825, 0.000276270584436, 0.000126858998556, 6.96896313457e-05, 6.37949269731e-05, 8.99136939552e-05, 5.84001209063e-05, 5.77752434765e-05, 2.7376194339e-05, 3.67719439964e-05, 2.86365902866e-05, 2.83548197331e-05, 2.53238467849e-05, 2.25833027798e-05, 3.51610869984e-05, 1.93599626073e-05, 1.5708797946e-05, 1.38005698318e-05, 1.82882213267e-05, 1.50408886839e-05, 1.77708334377e-05, 1.38643536047e-05, 1.58868297149e-05, 1.4355166968e-05, 9.25595759327e-06, 1.50022542584e-05, 1.06102625068e-05, 9.81729499472e-06, 1.22495512187e-05, 1.49746056195e-05, 1.47930622916e-05, 9.80057120614e-06, 6.59385841573e-06, 8.14011127659e-06, 7.39058441468e-06, 5.3899248087e-06, 5.7791121435e-06, 7.45725446905e-06, 6.85292798153e-06, 7.19614718037e-06, 6.77943262417e-06, 4.89337435283e-06, 2.12821578316e-06, 2.32301681535e-06, 4.23972642238e-06, 4.60755654785e-06, 1.75198772467e-06, 1.46120612499e-07, 1.17522409582e-08, 6.73898298276e-11, 5.52200160597e-11, 5.3915358289e-11, 5.26076127105e-11, 5.15407924673e-11, 5.01575170286e-11, 4.92178103828e-11, 4.82439747873e-11, 4.75041568582e-11, 4.69812695691e-11, 4.67145488958e-11],
        "mean": [4.72363608424e-05, 0.000194067732082, 0.000271874072496, 0.000300468906062, 0.000336398748914, 0.000427054445026, 0.000403013604227, 0.000582064094488, 0.00138319272082, 0.00133233948145, 0.000622902531177, 0.000412873487221, 0.000507037504576, 0.000324038235703, 0.000181494455319, 0.000196226596017, 0.000215529842535, 0.000261309120106, 0.000296468642773, 0.000166997604538, 6.39904683339e-05, 9.8897551652e-05, 0.000129830965307, 5.21939509781e-05, 8.70561270858e-05, 0.000117344832688, 0.000294279248919, 0.000604849075899, 0.000451265164884, 0.000359878642485, 0.000255829829257, 0.000142770455568, 0.000107503328763, 6.86078928993e-05, 4.73082509416e-05, 0.000140665564686, 0.000193693791516, 5.38664680789e-05, 6.49873254588e-05, 6.8238019594e-05, 5.23100206919e-05, 7.81708222348e-05, 8.09561388451e-05, 8.99559890968e-05, 4.70519516966e-05, 3.3905456803e-05, 3.50521077053e-05, 2.14702995436e-05, 2.23488423217e-05, 2.52296376857e-05, 1.67033631442e-05, 1.24318285089e-05, 1.37173710755e-05, 2.76127593679e-05, 3.83016595151e-05, 1.54332610691e-05, 9.94276888377e-06, 1.2621575479e-05, 9.42620226851e-06, 8.201323908e-06, 1.23182544485e-05, 1.02780877569e-05, 1.5304369299e-05, 1.07705773189e-05, 7.43021018934e-06, 9.36301421461e-06, 1.26844570332e-05, 5.47742092749e-06, 4.43130738859e-06, 7.11142820364e-06, 5.21525362274e-06, 3.4451763895e-06, 4.32554952567e-06, 3.63977574125e-06, 2.77059734799e-06, 3.5715067952e-06, 1.87588682365e-06, 1.71251190295e-06, 1.62400351655e-06, 1.7027417698e-06, 1.57813110491e-06, 1.33208368425e-06, 1.83663428288e-06, 1.18167508845e-06, 1.19157493828e-06, 1.19602452742e-06, 1.15956333957e-06, 1.00499585187e-06, 1.00091574495e-06, 8.79754963989e-07, 6.79469053466e-07, 4.29539682045e-07, 3.38030901048e-07, 3.38259724231e-07, 3.52454037511e-07, 2.8534330454e-07, 2.29883440284e-07, 2.28678999292e-07, 2.67168360324e-07, 2.2911972053e-07, 1.82511399771e-07, 1.65082198578e-07, 1.51206521082e-07, 1.29741266619e-07, 1.12115500883e-07, 9.86988126783e-08, 9.84644970004e-08, 8.55385238197e-08, 6.77205989064e-08, 5.59204380579e-08, 3.60940077826e-08, 2.97989899423e-08, 2.82389951423e-08, 2.14407247512e-08, 8.62524274226e-09, 5.80397618855e-10, 4.08846498323e-11, 3.67306098731e-12, 3.55897407898e-12, 3.48626618026e-12, 3.36047249055e-12, 3.27888952968e-12, 3.22645360949e-12, 3.14918100278e-12, 2.95599612496e-12, 2.67425014425e-12, 2.51808686749e-12, 2.48447768435e-12],
        "min": [1.18314598864e-26, 2.5667655689e-26, 2.3176585484e-25, 1.8274999482e-25, 1.86835456144e-25, 3.45519868544e-25, 2.23993923246e-25, 2.06713000671e-25, 2.11739511425e-25, 2.55286876716e-25, 2.22773111691e-25, 1.01894519211e-25, 1.72646966925e-25, 5.55265287512e-25, 2.62601909935e-25, 2.23858781512e-25, 3.89686563601e-25, 3.41678880144e-25, 7.61305303548e-25, 5.43873051356e-25, 4.58319409856e-25, 3.50771438849e-25, 9.1892967178e-25, 3.37916087582e-25, 3.81417871504e-25, 3.69421934889e-25, 5.59919468245e-25, 5.00718859271e-25, 3.1789457594e-25, 2.03411667086e-25, 3.35542059991e-25, 3.76477383566e-25, 7.66731187462e-25, 6.68111889307e-25, 9.02668487511e-25, 3.87765810557e-25, 3.95191210346e-25, 6.98281874627e-25, 8.57865822652e-25, 1.03192236075e-24, 6.91899003828e-25, 7.99878531054e-25, 8.19782822895e-25, 1.11764511431e-24, 9.40682116811e-25, 7.13604906066e-25, 1.19345622503e-24, 8.77060188983e-25, 8.36162681427e-25, 1.53710089724e-24, 1.45785587501e-24, 8.36000373296e-25, 1.62001925028e-24, 1.26465151337e-24, 1.14538570387e-24, 1.38514133917e-24, 1.69102747998e-24, 1.52408656585e-24, 1.32657758747e-24, 8.29473831205e-25, 1.44351803223e-24, 2.25975083314e-24, 1.3502288207e-24, 1.53007618949e-24, 1.49873632345e-24, 1.4172011394e-24, 2.05491442163e-24, 1.3935878701e-24, 1.88673420702e-24, 1.16008060481e-24, 1.78596886208e-24, 2.52404033842e-24, 1.95536865565e-24, 1.43095769029e-24, 2.44714276903e-24, 2.26378013743e-24, 1.92183516464e-24, 2.61130097631e-24, 2.25075308566e-24, 2.44428610647e-24, 2.68650032539e-24, 3.11802380663e-24, 3.02968696525e-24, 3.10696062408e-24, 1.93003971249e-24, 2.47001973528e-24, 2.03280777805e-24, 3.26502271151e-24, 2.95157593057e-24, 3.64714969501e-24, 3.17394378962e-24, 3.18134803807e-24, 3.84314494792e-24, 2.98209814228e-24, 2.61928129045e-24, 2.51522166236e-24, 1.8043238804e-24, 2.59454123195e-24, 3.02858196833e-24, 3.28733820601e-24, 3.51948241826e-24, 3.48736276321e-24, 3.41390403572e-24, 3.71958605877e-24, 3.56148334501e-24, 4.04797149867e-24, 3.93510561909e-24, 4.6510296283e-24, 4.98207984035e-24, 5.04437145287e-24, 3.41176030621e-24, 5.17276763709e-24, 4.65553520737e-24, 4.03353731626e-24, 4.55702738512e-24, 4.55180946466e-24, 4.25247501088e-24, 4.51085653963e-24, 4.30954436421e-24, 3.62570608902e-24, 4.98460656183e-24, 5.21982634553e-24, 4.90916661017e-24, 4.65501929233e-24, 4.66587165181e-24, 5.23540161524e-24, 5.37237942283e-24, 5.49242511994e-24],
        "stdev": [0.00010296281107, 0.000524982868228, 0.000566289643757, 0.000733277178369, 0.00083826482296, 0.000904226850253, 0.00086230126908, 0.00163453631103, 0.00387394637801, 0.0042727231048, 0.00229998538271, 0.00127118965611, 0.00171296240296, 0.00103135698009, 0.000805051298812, 0.000707413943019, 0.000877448823303, 0.000978665426373, 0.00181097781751, 0.000997751601972, 0.000203953532036, 0.000231369034736, 0.000294027238851, 0.00013282096188, 0.000242343798163, 0.000421287870267, 0.000750812643673, 0.00149960746057, 0.00128828757443, 0.00116459315177, 0.000908144051209, 0.000495634798426, 0.000331489398377, 0.000208694880712, 0.000108835214633, 0.000334761833074, 0.000497408094816, 0.000160819341545, 0.000175472610863, 0.000181707626325, 0.000144544595969, 0.000198277790332, 0.000205566626391, 0.000237141532125, 0.000142065648106, 8.04701994639e-05, 7.80041009421e-05, 6.60064615658e-05, 7.76166052674e-05, 7.23664270481e-05, 7.12349356036e-05, 4.59562943433e-05, 6.32322189631e-05, 0.000105789149529, 8.73692479217e-05, 7.20369498595e-05, 4.02245423174e-05, 3.2537340303e-05, 2.54772767221e-05, 2.79727955785e-05, 3.35840486514e-05, 2.23523784371e-05, 3.73327384295e-05, 2.39571891143e-05, 1.86766628758e-05, 1.94971325982e-05, 2.70050823019e-05, 1.35218333526e-05, 1.19006981549e-05, 1.86890720215e-05, 1.14512286018e-05, 6.94467689755e-06, 9.09741083888e-06, 8.3342401922e-06, 5.53443487661e-06, 6.71551561027e-06, 3.58414695256e-06, 3.24103143612e-06, 2.86846466224e-06, 3.21874517795e-06, 2.88271985482e-06, 2.29938132179e-06, 3.44428963217e-06, 2.06096842703e-06, 2.09556424124e-06, 2.07635730476e-06, 2.11907513403e-06, 1.80836252639e-06, 1.87314890354e-06, 1.57619490437e-06, 1.30064370296e-06, 9.13423491511e-07, 6.69808230214e-07, 8.26648431485e-07, 8.96474944057e-07, 7.30699639462e-07, 6.80078414916e-07, 8.03136344985e-07, 8.88473664418e-07, 6.88075203925e-07, 5.34814716957e-07, 5.65647837902e-07, 5.53331688025e-07, 4.12545574591e-07, 3.7752400317e-07, 4.66396187448e-07, 4.40829893478e-07, 3.96805972969e-07, 3.44511732919e-07, 2.51700697618e-07, 1.43445419098e-07, 1.47286087326e-07, 1.87485042602e-07, 1.69817795381e-07, 6.34386978504e-08, 4.87033746666e-09, 3.94122484648e-10, 6.39036870295e-12, 6.11140391765e-12, 5.98707498509e-12, 5.76935201002e-12, 5.60902756533e-12, 5.48288801513e-12, 5.37043586685e-12, 5.24054888026e-12, 5.11624857064e-12, 5.03871727328e-12, 5.00521412511e-12]
    },
    "mfcc": {
        "mean": [-859.163513184, 87.0749282837, -10.6051692963, 10.114988327, -6.83934307098, 3.98125290871, -1.45703089237, 2.14610028267, -4.3060131073, -0.39895015955, -4.41640615463, -4.08083438873, -5.22958230972],
        "cov": [[84683.65625, 15255.9980469, -3027.34667969, 1486.79418945, -1521.16918945, 1143.88061523, 329.212188721, 1012.85461426, -623.658691406, 127.957183838, -588.791442871, -793.166259766, -784.614074707], [15255.9980469, 4172.21435547, -3.48319268227, 587.436340332, -205.466384888, 79.6705169678, -140.475006104, -45.6360244751, -273.309570312, -88.860496521, -255.759170532, -175.350494385, -245.31149292], [-3027.34667969, -3.48319268227, 675.997009277, 182.193145752, 99.2911148071, -153.890487671, -135.518737793, -201.92086792, -101.960487366, -97.1174545288, -77.5311355591, -45.1676635742, -82.9789581299], [1486.79418945, 587.436340332, 182.193145752, 265.442840576, 19.7829704285, -68.5142059326, -152.415710449, -98.390007019, -54.9161453247, -65.5728225708, -75.9802093506, -11.6065006256, -23.0621395111], [-1521.16918945, -205.466384888, 99.2911148071, 19.7829704285, 203.067855835, -2.94675683975, -4.87491703033, -39.926738739, 44.8977470398, 9.35469532013, 15.0506944656, 29.762008667, 35.6551856995], [1143.88061523, 79.6705169678, -153.890487671, -68.5142059326, -2.94675683975, 145.332366943, 139.331573486, 86.4398880005, 29.3532943726, 48.2369003296, 41.10597229, 6.79978227615, 9.33651351929], [329.212188721, -140.475006104, -135.518737793, -152.415710449, -4.87491703033, 139.331573486, 293.08807373, 159.882232666, 41.680809021, 81.7002639771, 80.2732315063, -14.935552597, -1.18838846684], [1012.85461426, -45.6360244751, -201.92086792, -98.390007019, -39.926738739, 86.4398880005, 159.882232666, 183.735336304, 62.161529541, 40.4435119629, 47.9474143982, 4.71451759338, 22.9491825104], [-623.658691406, -273.309570312, -101.960487366, -54.9161453247, 44.8977470398, 29.3532943726, 41.680809021, 62.161529541, 103.471160889, 33.5720367432, 38.2037811279, 38.2316627502, 53.1328201294], [127.957183838, -88.860496521, -97.1174545288, -65.5728225708, 9.35469532013, 48.2369003296, 81.7002639771, 40.4435119629, 33.5720367432, 107.360855103, 44.0106201172, -5.99253177643, -5.36189937592], [-588.791442871, -255.759170532, -77.5311355591, -75.9802093506, 15.0506944656, 41.10597229, 80.2732315063, 47.9474143982, 38.2037811279, 44.0106201172, 87.4429931641, 28.2340679169, 26.5430698395], [-793.166259766, -175.350494385, -45.1676635742, -11.6065006256, 29.762008667, 6.79978227615, -14.935552597, 4.71451759338, 38.2316627502, -5.99253177643, 28.2340679169, 85.0922470093, 69.3414230347], [-784.614074707, -245.31149292, -82.9789581299, -23.0621395111, 35.6551856995, 9.33651351929, -1.18838846684, 22.9491825104, 53.1328201294, -5.36189937592, 26.5430698395, 69.3414230347, 116.245307922]],
        "icov": [[8.71856827871e-05, -0.000245568255195, 0.000380284938728, -0.000306440080749, 0.000123421879834, -0.000247488525929, 8.43628658913e-05, -0.000229655488511, 5.29797143827e-05, 2.98926661344e-05, -0.00011383308447, 0.000452265143394, 4.25108046329e-05], [-0.000245568255195, 0.0013515073806, -0.000607384485193, -0.000812006066553, -0.000293914286885, -9.71137560555e-05, -0.000321701430948, 0.000188755395357, 0.000980366836302, -0.000255609716987, 0.00126376550179, -0.0013562614331, 0.00071787921479], [0.000380284938728, -0.000607384485193, 0.00590293854475, -0.00390138430521, -0.0010535226902, 0.00186021858826, -0.00292625417933, 0.00215532607399, 0.00125699769706, 0.00240508280694, 0.000268536969088, 0.00156397349201, 0.00298516219482], [-0.000306440080749, -0.000812006066553, -0.00390138430521, 0.0122844893485, -0.00138958974276, 0.000901337887626, 0.00375593989156, 0.000307302630972, -0.00114744715393, 0.000339439953677, 0.00054027949227, -0.00146549986675, -0.00250719464384], [0.000123421879834, -0.000293914286885, -0.0010535226902, -0.00138958974276, 0.00825779791921, -0.00162717152853, -0.00129964225926, 0.00329086789861, -0.00534285837784, -0.00063890387537, -0.000433444743976, 0.000470605853479, -0.00164918182418], [-0.000247488525929, -9.71137560555e-05, 0.00186021858826, 0.000901337887626, -0.00162717152853, 0.0183419659734, -0.00898173544556, 0.00295242993161, -0.00115664058831, 9.39510136959e-05, 0.000346767483279, -0.00456869555637, 0.00116161280312], [8.43628658913e-05, -0.000321701430948, -0.00292625417933, 0.00375593989156, -0.00129964225926, -0.00898173544556, 0.0159813500941, -0.010971066542, 0.00425713509321, -0.00380716589279, -0.00478107808158, 0.00444773072377, -0.00168669922277], [-0.000229655488511, 0.000188755395357, 0.00215532607399, 0.000307302630972, 0.00329086789861, 0.00295242993161, -0.010971066542, 0.0205862186849, -0.0103778941557, 0.0047006085515, 0.000212562372326, -8.572023944e-05, -1.21904849948e-05], [5.29797143827e-05, 0.000980366836302, 0.00125699769706, -0.00114744715393, -0.00534285837784, -0.00115664058831, 0.00425713509321, -0.0103778941557, 0.0244861524552, -0.0052496008575, 0.000318821286783, -0.00278465962037, -0.00292577664368], [2.98926661344e-05, -0.000255609716987, 0.00240508280694, 0.000339439953677, -0.00063890387537, 9.39510136959e-05, -0.00380716589279, 0.0047006085515, -0.0052496008575, 0.016684807837, -0.00518439197913, 0.00296645564958, 0.00325133977458], [-0.00011383308447, 0.00126376550179, 0.000268536969088, 0.00054027949227, -0.000433444743976, 0.000346767483279, -0.00478107808158, 0.000212562372326, 0.000318821286783, -0.00518439197913, 0.0240762755275, -0.00870477408171, 0.00152183522005], [0.000452265143394, -0.0013562614331, 0.00156397349201, -0.00146549986675, 0.000470605853479, -0.00456869555637, 0.00444773072377, -8.572023944e-05, -0.00278465962037, 0.00296645564958, -0.00870477408171, 0.0297886338085, -0.0130707798526], [4.25108046329e-05, 0.00071787921479, 0.00298516219482, -0.00250719464384, -0.00164918182418, 0.00116161280312, -0.00168669922277, -1.21904849948e-05, -0.00292577664368, 0.00325133977458, 0.00152183522005, -0.0130707798526, 0.0213721767068]]
    },
    "spectral_contrast_coeffs": {
        "max": [-0.284485220909, -0.357233762741, -0.504737615585, -0.588850557804, -0.638074398041, -0.583910286427],
        "mean": [-0.74592936039, -0.805588126183, -0.795624554157, -0.828835427761, -0.836272001266, -0.80949395895],
        "min": [-0.982408583164, -0.982709944248, -0.979007840157, -0.974097132683, -0.968666553497, -0.964639306068],
        "stdev": [0.187558963895, 0.132811665535, 0.13587154448, 0.103031843901, 0.093225710094, 0.110357195139]
    },
    "spectral_contrast_valleys": {
        "max": [-5.1393404007, -5.17770767212, -5.7733464241, -5.63381004333, -6.08737325668, -8.46913528442],
        "mean": [-13.6429424286, -13.4376211166, -13.6602993011, -13.9253101349, -13.9368400574, -16.0134067535],
        "min": [-28.2486934662, -28.0048389435, -27.9143714905, -27.8102989197, -27.5428962708, -27.4538574219],
        "stdev": [9.1683473587, 9.25878715515, 9.17320346832, 8.97944259644, 8.97930812836, 7.5888967514]
    }
},
"rhythm": {
    "beats_count": 66,
    "beats_loudness": {
        "max": 0.0916677340865,
        "mean": 0.0233764294535,
        "min": 0,
        "stdev": 0.0224466361105
    },
    "bpm": 139.300476074,
    "bpm_histogram_first_peak_bpm": 140,
    "bpm_histogram_first_peak_weight": 0.444444477558,
    "bpm_histogram_second_peak_bpm": 117,
    "bpm_histogram_second_peak_spread": 0.47058826685,
    "bpm_histogram_second_peak_weight": 0.13846154511,
    "danceability": 0.879095256329,
    "onset_rate": 1.57981467247,
    "beats_loudness_band_ratio": {
        "max": [0.936219930649, 0.976616442204, 0.910065293312, 0.755342364311, 0.452101767063, 0.128934666514],
        "mean": [0.206380903721, 0.191494375467, 0.127031460404, 0.176888585091, 0.0703869313002, 0.0274562370032],
        "min": [0, 0, 0, 0, 0, 0],
        "stdev": [0.277413755655, 0.28333440423, 0.165364176035, 0.219677597284, 0.100230492651, 0.0343886613846]
    },
    "beats_position": [0.348299324512, 0.696598649025, 1.06811785698, 1.43963718414, 1.84598636627, 2.2523355484, 2.63546490669, 3.01859402657, 3.40172338486, 3.78485250473, 4.17959165573, 4.58594083786, 4.99229001999, 5.41024923325, 5.81659841537, 6.23455762863, 6.65251684189, 7.08208608627, 7.52326536179, 7.95283412933, 8.38240337372, 8.91646194458, 9.43891143799, 9.96135997772, 10.47219944, 10.9946479797, 11.5170974731, 12.0395460129, 12.5503854752, 13.0612239838, 13.572063446, 14.0829019547, 14.6053514481, 15.1161899567, 15.6154193878, 16.114648819, 16.6254863739, 17.1363258362, 17.6471652985, 18.1115646362, 18.5643539429, 19.0171432495, 19.4699325562, 19.9227199554, 20.3755092621, 20.8166885376, 21.2810878754, 21.7454872131, 22.2098865509, 22.6510658264, 23.0922451019, 23.5334243774, 23.9629936218, 24.3925609589, 24.8221302032, 25.2516994476, 25.681268692, 26.1108379364, 26.5404071808, 27.0048065186, 27.4692058563, 27.9336051941, 28.3863945007, 28.8391838074, 29.291973114, 29.7447605133],
