{
"metadata": {
    "version": {
        "essentia": "2.1-beta5",
        "essentia_git_sha": "Undefined",
        "extractor": "music 2.0"
    },
    "audio_properties": {
        "analysis": {
            "equal_loudness": 0,
            "length": 12.7477550507,
            "sample_rate": 44100,
            "start_time": 0,
            "downmix": "mix"
        },
        "bit_rate": 192000,
        "length": 204.347229004,
        "lossless": 0,
        "number_channels": 2,
        "replay_gain": 16.5050983429,
        "sample_rate": 48000,
        "codec": "mp3",
        "md5_encoded": "851cb9e0263b176bf02068c1d1888b92"
    },
    "tags": {
        "file_name": "Slovakia_Nekovecná Piesen_Martin Durinda and Tublatanka.mp3",
        "encoding": ["Lavf58.29.100"]
    }
},
"lowlevel": {
    "average_loudness": 0.000286639755359,
    "barkbands_crest": {
        "max": 19.521068573,
        "mean": 6.79474544525,
        "min": 3.32614183426,
        "stdev": 1.88623762131
    },
    "barkbands_flatness_db": {
        "max": 0.210481390357,
        "mean": 0.0827097445726,
        "min": 0.0537100769579,
        "stdev": 0.0231710858643
    },
    "barkbands_kurtosis": {
        "max": 13.1770324707,
        "mean": 3.1738781929,
        "min": -1.62017655373,
        "stdev": 1.44690525532
    },
    "barkbands_skewness": {
        "max": 3.56557559967,
        "mean": -1.52267742157,
        "min": -3.1939907074,
        "stdev": 0.9661039114
    },
    "barkbands_spread": {
        "max": 56.1863327026,
        "mean": 24.8513507843,
        "min": 8.65308666229,
        "stdev": 5.50958061218
    },
    "dissonance": {
        "max": 0.499966740608,
        "mean": 0.491912901402,
        "min": 0.447185814381,
        "stdev": 0.00726772891358
    },
    "dynamic_complexity": 12.0359582901,
    "erbbands_crest": {
        "max": 16.329706192,
        "mean": 4.06060791016,
        "min": 2.57955932617,
        "stdev": 1.66498184204
    },
    "erbbands_flatness_db": {
        "max": 0.253059774637,
        "mean": 0.113417841494,
        "min": 0.0821923315525,
        "stdev": 0.0363311469555
    },
    "erbbands_kurtosis": {
        "max": 6.69154262543,
        "mean": 0.19027723372,
        "min": -1.48837423325,
        "stdev": 0.689214408398
    },
    "erbbands_skewness": {
        "max": 1.06259012222,
        "mean": -0.56602871418,
        "min": -1.94238138199,
        "stdev": 0.333773463964
    },
    "erbbands_spread": {
        "max": 62.2151145935,
        "mean": 34.874961853,
        "min": 7.51647615433,
        "stdev": 7.10912179947
    },
    "hfc": {
        "max": 265.936035156,
        "mean": 9.94234275818,
        "min": 1.05404468936e-16,
        "stdev": 35.9723472595
    },
    "loudness_ebu128": {
        "integrated": -34.850440979,
        "loudness_range": 12.3033981323,
        "momentary": {
            "max": -30.9562473297,
            "mean": -261.629577637,
            "min": -300.691009521,
            "stdev": 92.5417022705
        },
        "short_term": {
            "max": -37.0700683594,
            "mean": -252.779815674,
            "min": -300.691009521,
            "stdev": 98.66796875
        }
    },
    "melbands_crest": {
        "max": 22.5630245209,
        "mean": 3.30838131905,
        "min": 1.51998960972,
        "stdev": 3.27199029922
    },
    "melbands_flatness_db": {
        "max": 0.275958925486,
        "mean": 0.0253144726157,
        "min": 0.00254708761349,
        "stdev": 0.0534209534526
    },
    "melbands_kurtosis": {
        "max": 40.3865432739,
        "mean": -0.164185076952,
        "min": -1.52029418945,
        "stdev": 4.26894187927
    },
    "melbands_skewness": {
        "max": 5.55910539627,
        "mean": 0.187498167157,
        "min": -1.36046624184,
        "stdev": 0.835698843002
    },
    "melbands_spread": {
        "max": 168.341827393,
        "mean": 117.834159851,
        "min": 6.4986114502,
        "stdev": 36.9150085449
    },
    "pitch_salience": {
        "max": 0.878851532936,
        "mean": 0.781404078007,
        "min": 0.511347532272,
        "stdev": 0.0453407019377
    },
    "silence_rate_20dB": {
        "max": 1,
        "mean": 0.98727273941,
        "min": 0,
        "stdev": 0.11209500581
    },
    "silence_rate_30dB": {
        "max": 1,
        "mean": 0.969090938568,
        "min": 0,
        "stdev": 0.173071458936
    },
    "silence_rate_60dB": {
        "max": 1,
        "mean": 0.878181815147,
        "min": 0,
        "stdev": 0.327075600624
    },
    "spectral_centroid": {
        "max": 11993.2353516,
        "mean": 9732.16210938,
        "min": 510.116577148,
        "stdev": 3211.79492188
    },
    "spectral_complexity": {
        "max": 58,
        "mean": 4.66909074783,
        "min": 0,
        "stdev": 12.94490242
    },
    "spectral_decrease": {
        "max": 2.13532836278e-28,
        "mean": -2.94037683091e-09,
        "min": -1.30191097014e-07,
        "stdev": 1.37214133389e-08
    },
    "spectral_energy": {
        "max": 0.507014155388,
        "mean": 0.0119994487613,
        "min": 1.00314155823e-20,
        "stdev": 0.0545317791402
    },
    "spectral_energyband_high": {
        "max": 0.0267757363617,
        "mean": 0.000335123477271,
        "min": 6.97417623311e-21,
        "stdev": 0.00199152389541
    },
    "spectral_energyband_low": {
        "max": 0.10769970715,
        "mean": 0.00197108066641,
        "min": 1.2560430293e-23,
        "stdev": 0.0102545591071
    },
    "spectral_energyband_middle_high": {
        "max": 0.10630017519,
        "mean": 0.00354881049134,
        "min": 1.10715964142e-21,
        "stdev": 0.0132149793208
    },
    "spectral_energyband_middle_low": {
        "max": 0.392554044724,
        "mean": 0.00636006426066,
        "min": 1.54680856038e-22,
        "stdev": 0.0352144129574
    },
    "spectral_entropy": {
        "max": 9.82895469666,
        "mean": 9.5224609375,
        "min": 7.25541257858,
        "stdev": 0.692386567593
    },
    "spectral_flux": {
        "max": 0.461943596601,
        "mean": 0.0202579572797,
        "min": 6.15622552935e-11,
        "stdev": 0.0643095374107
    },
    "spectral_kurtosis": {
        "max": 15.4273033142,
        "mean": -0.402656972408,
        "min": -1.26690351963,
        "stdev": 2.12090992928
    },
    "spectral_rms": {
        "max": 0.0222406815737,
        "mean": 0.00102672597859,
        "min": 3.12837776517e-12,
        "stdev": 0.00326383439824
    },
    "spectral_rolloff": {
        "max": 19573.6816406,
        "mean": 16473.7753906,
        "min": 215.33203125,
        "stdev": 5735.140625
    },
    "spectral_skewness": {
        "max": 2.77608323097,
        "mean": 0.203145816922,
        "min": -0.102621406317,
        "stdev": 0.517081916332
    },
    "spectral_spread": {
        "max": 42939784,
        "mean": 35301832,
        "min": 2444621.25,
        "stdev": 12929745
    },
    "spectral_strongpeak": {
        "max": 6.56451320648,
        "mean": 0.220854982734,
        "min": 0,
        "stdev": 0.719476640224
    },
    "zerocrossingrate": {
        "max": 0.66455078125,
        "mean": 0.4434889853,
        "min": 0.0224609375,
        "stdev": 0.144754990935
    },
    "barkbands": {
        "max": [0.00295128626749, 0.0442944578826, 0.0659265518188, 0.0895578861237, 0.366573005915, 0.0273237302899, 0.0508693270385, 0.0437760464847, 0.0425922125578, 0.0177783444524, 0.0237471815199, 0.0182136464864, 0.0393137633801, 0.0426251627505, 0.0231467802078, 0.0448687002063, 0.0187675505877, 0.00514439912513, 0.00265823793598, 0.00615574978292, 0.00749144330621, 0.00916827842593, 0.0066252485849, 0.00278943544254, 0.000940467347391, 7.37608788768e-05, 5.01383829032e-06],
        "mean": [3.79323100788e-05, 0.000799966335762, 0.000956529169343, 0.00106049608439, 0.00397817278281, 0.000357767246896, 0.000264905305812, 0.000359250960173, 0.000277204875601, 0.000262225832557, 0.000289369636448, 0.000399929587729, 0.000499700428918, 0.000592202937696, 0.000485842378112, 0.000460236449726, 0.000299167266348, 0.0001322003518, 9.5544528449e-05, 9.93516950984e-05, 9.61133046076e-05, 0.00010363329784, 5.77417486056e-05, 2.43133999902e-05, 8.76626381796e-06, 8.82467816155e-07, 2.21391136535e-08],
        "min": [2.01127631269e-25, 1.08960248964e-24, 1.13669864432e-25, 2.39292598604e-25, 6.76132524093e-24, 4.44369686646e-24, 3.59480482964e-24, 4.79585620746e-24, 1.46762775142e-23, 6.59128548395e-24, 9.43733706894e-24, 2.09226927319e-23, 1.91659657603e-23, 2.95715333494e-23, 3.76081516401e-23, 4.22544035323e-23, 4.77373276115e-23, 8.67285732995e-23, 1.02703195957e-22, 1.28330655127e-22, 2.26551915763e-22, 3.33173472189e-22, 3.29553067639e-22, 5.29186121065e-22, 8.3412430508e-22, 1.22229667995e-21, 1.76582502434e-21],
        "stdev": [0.000230215591728, 0.00465597165748, 0.00551667250693, 0.00756550393999, 0.0259526316077, 0.00210934248753, 0.00248331506737, 0.00313842762262, 0.00219351402484, 0.00137406983413, 0.00155775912572, 0.00164222251624, 0.00247153849341, 0.00291894096881, 0.00198359810747, 0.00237906095572, 0.00140578439459, 0.000490688253194, 0.000350646732841, 0.000441266340204, 0.000533411453944, 0.00068592216121, 0.000432191474829, 0.000180223491043, 6.16655670456e-05, 5.16563477504e-06, 2.45103052521e-07]
    },
    "erbbands": {
        "max": [0.312975674868, 13.4236803055, 83.7612838745, 113.747329712, 1184.74743652, 1519.91833496, 604.048583984, 232.505645752, 858.64654541, 417.988433838, 1353.3605957, 1007.74517822, 413.208740234, 1104.3848877, 618.186950684, 822.514282227, 1670.75244141, 1877.56152344, 1326.35668945, 1341.03271484, 2575.82958984, 732.962402344, 315.076843262, 181.718948364, 256.089080811, 219.621292114, 120.354072571, 402.327545166, 331.320983887, 397.984649658, 139.919998169, 66.9331893921, 42.2109680176, 15.9137830734, 3.74913644791, 0.580458760262, 0.100298732519, 0.0040565431118, 0.00100717006717, 0.000570688804146],
        "mean": [0.00578209711239, 0.244509115815, 1.20994102955, 1.94707787037, 13.2283163071, 10.1204280853, 4.95406627655, 2.6076002121, 3.86977529526, 4.15047454834, 9.15638446808, 6.802257061, 6.5976896286, 11.3218545914, 12.3064832687, 17.2466259003, 22.7157669067, 28.569393158, 28.6821613312, 24.4914188385, 25.2710647583, 15.719168663, 8.35457515717, 5.53401565552, 4.93929433823, 4.51713228226, 3.15207242966, 4.28617334366, 3.53294420242, 3.29143095016, 1.43329691887, 0.641487598419, 0.33599665761, 0.142825528979, 0.0403173305094, 0.00788387935609, 0.000991900451481, 4.968257781e-05, 1.21440043586e-05, 1.50376963575e-05],
        "min": [6.90545486148e-23, 3.5226991406e-22, 9.81853592603e-22, 2.77231743145e-21, 7.1944631544e-21, 1.59011304064e-20, 1.33952174368e-20, 4.2232226393e-20, 6.0043942066e-20, 1.35646285499e-19, 1.82320662421e-19, 2.66543210114e-19, 4.11950549959e-19, 4.99849010746e-19, 7.62920156089e-19, 8.49404422372e-19, 1.09431166374e-18, 1.47667166259e-18, 1.73860667536e-18, 2.76681058153e-18, 2.90255526275e-18, 3.30086712953e-18, 4.84615425111e-18, 5.13771928701e-18, 6.72077423459e-18, 7.0974404391e-18, 8.16203594952e-18, 9.60877484088e-18, 9.76619558325e-18, 1.11759520566e-17, 8.81287737191e-18, 8.45919065841e-18, 8.65799772838e-18, 7.76554098497e-18, 5.80675041107e-18, 4.05704379907e-18, 2.25492826422e-18, 9.07551962411e-19, 2.34266881106e-19, 2.69693223747e-20],
        "stdev": [0.031605925411, 1.40853345394, 6.95022344589, 10.8668661118, 83.7266998291, 79.3862762451, 33.3693313599, 15.8143081665, 40.5696525574, 30.6250038147, 84.5053787231, 53.2909469604, 34.1045722961, 65.8103561401, 54.1417617798, 71.041267395, 108.476081848, 134.704284668, 122.933853149, 105.137718201, 134.904281616, 67.1176452637, 30.7897167206, 20.1129379272, 19.9275779724, 18.755361557, 12.7053136826, 27.9915332794, 22.5362949371, 25.6383914948, 10.1109313965, 4.57686853409, 2.54823946953, 1.04922401905, 0.261276811361, 0.0448021069169, 0.00644082995132, 0.00030398866511, 6.22386505711e-05, 6.4868843765e-05]
    },
    "gfcc": {
        "mean": [-1087.22766113, 9.83135414124, -24.2206172943, 5.24881124496, -8.01509284973, 3.52376556396, -5.9154291153, -0.670725941658, -3.16840314865, -0.640362083912, -1.91857242584, -0.633497476578, -0.412918865681],
        "cov": [[196628.75, 11674.5224609, -26301.9609375, 5979.01318359, -8679.95410156, 3884.80151367, -6501.67480469, -813.007995605, -3472.66235352, -805.447631836, -2093.34814453, -771.322692871, -429.292999268], [11674.5224609, 1085.96496582, -1365.46228027, 417.123352051, -408.746307373, 192.464248657, -406.249847412, -108.138008118, -230.083480835, -122.245933533, -134.263137817, -94.0740127563, -29.854970932], [-26301.9609375, -1365.46228027, 3731.17089844, -716.545593262, 1224.2734375, -534.649047852, 862.725830078, 63.5153121948, 442.139892578, 58.4256401062, 264.967834473, 69.3344421387, 49.0343742371], [5979.01318359, 417.123352051, -716.545593262, 244.56552124, -234.733398438, 118.681564331, -202.891418457, -46.1305007935, -122.804176331, -45.2471694946, -68.7649993896, -34.1356697083, -14.1105279922], [-8679.95410156, -408.746307373, 1224.2734375, -234.733398438, 427.423492432, -179.613571167, 280.063140869, 17.7882957458, 141.71963501, 11.5378170013, 87.5691070557, 20.4722290039, 18.0437221527], [3884.80151367, 192.464248657, -534.649047852, 118.681564331, -179.613571167, 92.0072555542, -121.782798767, -11.143696785, -68.5790939331, -9.34149074554, -40.3326568604, -10.9082918167, -5.79414272308], [-6501.67480469, -406.249847412, 862.725830078, -202.891418457, 280.063140869, -121.782798767, 224.860321045, 34.7294921875, 118.835212708, 33.1166191101, 71.2379608154, 28.6641578674, 13.8976650238], [-813.007995605, -108.138008118, 63.5153121948, -46.1305007935, 17.7882957458, -11.143696785, 34.7294921875, 25.1244773865, 25.19090271, 20.1284732819, 12.660033226, 13.9196090698, 2.61281037331], [-3472.66235352, -230.083480835, 442.139892578, -122.804176331, 141.71963501, -68.5790939331, 118.835212708, 25.19090271, 75.4858856201, 25.6138858795, 39.5966415405, 18.5736789703, 7.76946258545], [-805.447631836, -122.245933533, 58.4256401062, -45.2471694946, 11.5378170013, -9.34149074554, 33.1166191101, 20.1284732819, 25.6138858795, 26.0266723633, 13.5452451706, 14.6788167953, 2.24234080315], [-2093.34814453, -134.263137817, 264.967834473, -68.7649993896, 87.5691070557, -40.3326568604, 71.2379608154, 12.660033226, 39.5966415405, 13.5452451706, 29.5365200043, 12.8653364182, 6.08827114105], [-771.322692871, -94.0740127563, 69.3344421387, -34.1356697083, 20.4722290039, -10.9082918167, 28.6641578674, 13.9196090698, 18.5736789703, 14.6788167953, 12.8653364182, 14.7611055374, 4.01713991165], [-429.292999268, -29.854970932, 49.0343742371, -14.1105279922, 18.0437221527, -5.79414272308, 13.8976650238, 2.61281037331, 7.76946258545, 2.24234080315, 6.08827114105, 4.01713991165, 6.34572696686]],
        "icov": [[0.00155071506742, -0.00380849745125, 0.00281944754533, -0.00431924453005, 0.00766412029043, -0.00706306006759, 0.00842765625566, -0.0049492334947, 0.00102023780346, 0.00013371303794, 0.00440063187853, -0.000902580912225, 0.00599016295746], [-0.00380849745125, 0.0187387801707, -0.00212539848872, 0.00484934262931, -0.0244270134717, 0.0195311270654, -0.0152876209468, 0.0144478483126, -0.0163695812225, 0.0240315254778, -0.0225160550326, 0.0250826720148, -0.0101830437779], [0.00281944754533, -0.00212539848872, 0.0260472428054, -0.0245770923793, -0.000261209352175, 0.0175603013486, -0.0376373007894, 0.0206428226084, -0.0184490866959, 0.0170963276178, 0.0159745886922, 0.0112266726792, 0.00963661633432], [-0.00431924453005, 0.00484934262931, -0.0245770923793, 0.0561103820801, -0.0174885261804, -0.0262557826936, 0.0283699519932, 0.00284031243064, 0.0303438417614, -0.010614794679, -0.0148974023759, -0.0169851742685, -0.000609245907981], [0.00766412029043, -0.0244270134717, -0.000261209352175, -0.0174885261804, 0.0928050652146, -0.0181712172925, 0.0259906612337, -0.0316757261753, 0.0178666878492, 0.0164326988161, 0.0176391135901, -0.0129651939496, 0.00593597302213], [-0.00706306006759, 0.0195311270654, 0.0175603013486, -0.0262557826936, -0.0181712172925, 0.188702628016, -0.156673431396, 0.0516845323145, 0.0178035888821, -0.0160146635026, 0.0278541482985, 0.0272688437253, -0.0943159759045], [0.00842765625566, -0.0152876209468, -0.0376373007894, 0.0283699519932, 0.0259906612337, -0.156673431396, 0.307095319033, -0.126514017582, 0.00564017053694, -0.0189203508198, -0.0600169971585, 0.00107858737465, 0.0713745579123], [-0.0049492334947, 0.0144478483126, 0.0206428226084, 0.00284031243064, -0.0316757261753, 0.0516845323145, -0.126514017582, 0.20241060853, -0.0568678043783, -0.0173293109983, 0.028231639415, -0.0541625954211, -0.00609368272126], [0.00102023780346, -0.0163695812225, -0.0184490866959, 0.0303438417614, 0.0178666878492, 0.0178035888821, 0.00564017053694, -0.0568678043783, 0.195222109556, -0.112133190036, 0.0122421635315, 0.00112136383541, -0.0333010219038], [0.00013371303794, 0.0240315254778, 0.0170963276178, -0.010614794679, 0.0164326988161, -0.0160146635026, -0.0189203508198, -0.0173293109983, -0.112133190036, 0.268286406994, -0.0520463436842, -0.0230942070484, 0.0606665052474], [0.00440063187853, -0.0225160550326, 0.0159745886922, -0.0148974023759, 0.0176391135901, 0.0278541482985, -0.0600169971585, 0.028231639415, 0.0122421635315, -0.0520463436842, 0.243369415402, -0.103409662843, -0.0343253649771], [-0.000902580912225, 0.0250826720148, 0.0112266726792, -0.0169851742685, -0.0129651939496, 0.0272688437253, 0.00107858737465, -0.0541625954211, 0.00112136383541, -0.0230942070484, -0.103409662843, 0.30750477314, -0.0745314359665], [0.00599016295746, -0.0101830437779, 0.00963661633432, -0.000609245907981, 0.00593597302213, -0.0943159759045, 0.0713745579123, -0.00609368272126, -0.0333010219038, 0.0606665052474, -0.0343253649771, -0.0745314359665, 0.281744629145]]
    },
    "melbands": {
        "max": [0.00716948043555, 0.0327586941421, 0.0442285649478, 0.0930868312716, 0.0203060619533, 0.0068490402773, 0.0114065324888, 0.00483701005578, 0.0118380030617, 0.00685677211732, 0.00183492794167, 0.00416367175058, 0.00244683329947, 0.00180259766057, 0.00247389590368, 0.00435377843678, 0.0040532797575, 0.00258475728333, 0.00206942879595, 0.00239978916943, 0.00334210926667, 0.000961575307883, 0.00028886666405, 0.000223698007176, 0.000144847013871, 0.000113682544907, 0.000301422434859, 0.00010420667968, 8.50573633215e-05, 0.00012806468294, 0.000284228473902, 0.000186285600648, 0.000188689475181, 0.000234440434724, 9.15373602766e-05, 4.14513451688e-05, 3.84528430004e-05, 3.03623546642e-05, 2.35946336034e-05, 1.06208262878e-05],
        "mean": [0.000131597276777, 0.00051227863878, 0.000701839919202, 0.000940248544794, 0.000198521433049, 6.25381580903e-05, 5.59173495276e-05, 4.63821015728e-05, 7.41643307265e-05, 4.10145148635e-05, 3.2361203921e-05, 4.45855075668e-05, 4.00810640713e-05, 4.34814355685e-05, 4.84502670588e-05, 4.98188019264e-05, 5.38009335287e-05, 4.78161637147e-05, 3.57639801223e-05, 3.12431766361e-05, 2.93591783702e-05, 1.77069559868e-05, 9.46827276493e-06, 5.8006044128e-06, 4.34658750237e-06, 3.447516292e-06, 3.82168536817e-06, 2.75785737358e-06, 1.93209189092e-06, 1.94939070752e-06, 2.65743892669e-06, 1.92829543266e-06, 2.06049458029e-06, 1.69310408182e-06, 9.29532745886e-07, 4.55332241245e-07, 3.57700059794e-07, 2.4318518399e-07, 1.80261551463e-07, 1.02398310275e-07],
        "min": [5.59044769412e-25, 9.20041472619e-25, 5.18912851366e-25, 1.47456523088e-24, 4.85160796586e-25, 9.29706497822e-25, 8.40698039987e-25, 1.21494026013e-24, 1.13206253343e-24, 1.91311706835e-24, 1.58402500629e-24, 1.66438705557e-24, 2.19506877487e-24, 1.99764509207e-24, 2.30878169385e-24, 1.64589063392e-24, 2.67151768744e-24, 1.83918029115e-24, 2.46984441094e-24, 2.58658478086e-24, 2.3236296338e-24, 2.32824466731e-24, 2.85899304536e-24, 3.29458606279e-24, 3.5454923456e-24, 3.61829947398e-24, 4.29261895906e-24, 3.94576510207e-24, 3.90859870938e-24, 4.09301742851e-24, 4.37068739525e-24, 4.67945662546e-24, 5.32597980767e-24, 5.21257079736e-24, 3.40520408323e-24, 4.31009380583e-24, 4.46109243271e-24, 4.44536254626e-24, 6.03334704265e-24, 5.52990784585e-24],
        "stdev": [0.000744533899706, 0.00283877970651, 0.0040875566192, 0.00641963630915, 0.00130900950171, 0.000413283763919, 0.000546667375602, 0.000335247808835, 0.000685598293785, 0.000342746789102, 0.000162694632309, 0.000256005412666, 0.000197661938728, 0.000178283065907, 0.000205397082027, 0.000254554994171, 0.000269433221547, 0.000215516323806, 0.000153133747517, 0.00014545142767, 0.000170433835592, 8.08037439128e-05, 3.49976871803e-05, 2.16415846808e-05, 1.65236069734e-05, 1.25185670186e-05, 1.93586056412e-05, 1.10944511107e-05, 7.77740206104e-06, 9.48164870351e-06, 1.94066633412e-05, 1.22087576528e-05, 1.3918548575e-05, 1.41852824527e-05, 6.70233248456e-06, 2.95091740554e-06, 2.63861693384e-06, 1.8012409555e-06, 1.47501691572e-06, 7.18732451332e-07]
    },
    "melbands128": {
        "max": [0.00116514170077, 0.00193201715592, 0.00668529281393, 0.0288507975638, 0.0516560077667, 0.0250798389316, 0.0129847032949, 0.0663176774979, 0.143573403358, 0.15414121747, 0.0891608148813, 0.0300110913813, 0.0276226419955, 0.00499993469566, 0.00298573751934, 0.00760881323367, 0.0232987571508, 0.00883975531906, 0.00321299396455, 0.00629619276151, 0.00464751059189, 0.0136470478028, 0.021891200915, 0.00647442322224, 0.00454063154757, 0.0126169193536, 0.00239187921397, 0.00249307556078, 0.00210714060813, 0.00276830885559, 0.00814475864172, 0.00412310427055, 0.00300712534226, 0.00189760921057, 0.00193282857072, 0.00198640860617, 0.00251796515658, 0.00294699077494, 0.00245704338886, 0.00605776999146, 0.00499177956954, 0.00240794499405, 0.00362910982221, 0.00547816976905, 0.00413042586297, 0.00209912285209, 0.00223402841948, 0.00368261220865, 0.00214716070332, 0.00297369202599, 0.0021818971727, 0.00242675142363, 0.00405562575907, 0.00322696613148, 0.00271176616661, 0.000822768022772, 0.000567605835386, 0.0003832904913, 0.000449518527603, 0.000492616731208, 0.000193004583707, 0.000162284093676, 0.000172074884176, 0.000198792302399, 0.000176766203367, 0.000120390555821, 0.000143738827319, 0.000234389503021, 0.000475556502352, 0.000184537188034, 0.000155263522174, 0.000107919571747, 0.000132944551297, 8.11593199614e-05, 8.68469360285e-05, 8.21731009637e-05, 0.000174103755853, 0.000318119797157, 0.000513296574354, 0.000207104822039, 0.000215568914427, 0.000194621563423, 0.000204000418307, 0.00016593025066, 0.000358529301593, 0.00019891471311, 0.000316234683851, 0.000181478972081, 7.14715642971e-05, 5.694311767e-05, 4.47322345281e-05, 3.00264473481e-05, 4.70991071779e-05, 5.16021791555e-05, 3.06825168082e-05, 2.98226532323e-05, 3.79732591682e-05, 2.96947528113e-05, 3.23241438309e-05, 2.21331356443e-05, 1.05200479084e-05, 9.0859912234e-06, 1.4243507394e-05, 6.22637799097e-06, 3.53874315806e-06, 3.10629479827e-06, 1.14763008696e-06, 1.49428024088e-06, 9.80502818493e-07, 8.07984633866e-07, 4.63610263068e-07, 5.05604759837e-07, 4.48972770073e-07, 1.07823645124e-07, 2.45829827605e-08, 2.22671499017e-08, 2.46721043595e-08, 2.56249848007e-08, 2.67698698764e-08, 2.65752806428e-08, 2.65556590051e-08, 2.44482816214e-08, 2.12031832092e-08, 1.72504890372e-08, 1.38862148447e-08, 1.05503330516e-08, 7.4838650832e-09, 5.48666934108e-09],
        "mean": [1.76468165591e-05, 1.42409653563e-05, 8.63816894707e-05, 0.000519278517459, 0.000722459692042, 0.000369988905732, 0.000201764763915, 0.000722928496543, 0.00161471788306, 0.00112880859524, 0.000422549434006, 0.000243940405198, 0.000180399874807, 7.11060347385e-05, 4.34367975686e-05, 6.26565670245e-05, 8.49453499541e-05, 4.37281269114e-05, 3.6517103581e-05, 5.05002208229e-05, 3.97726107622e-05, 6.41936785541e-05, 0.000110601111373, 4.06147482863e-05, 3.36005032295e-05, 5.32375706825e-05, 2.44118073169e-05, 3.20506151184e-05, 3.41250997735e-05, 3.80866331398e-05, 5.5369513575e-05, 4.33470704593e-05, 3.83680271625e-05, 3.61791280739e-05, 4.24595564255e-05, 4.6236669732e-05, 4.49526996817e-05, 4.7414097935e-05, 5.04510353494e-05, 5.30130018888e-05, 4.44995421276e-05, 5.49848591618e-05, 5.0768325309e-05, 5.63184148632e-05, 5.54964426556e-05, 4.64223849121e-05, 3.9343663957e-05, 3.81310383091e-05, 3.17497360811e-05, 3.21639054164e-05, 3.09259376081e-05, 3.04030090774e-05, 3.30546426994e-05, 2.69115935225e-05, 2.55070535786e-05, 1.58167094924e-05, 1.31059032356e-05, 1.02144358607e-05, 8.2416117948e-06, 7.90441390564e-06, 5.42105499335e-06, 4.60646560896e-06, 4.43695489594e-06, 4.57359055872e-06, 3.63475646736e-06, 3.30270904669e-06, 3.44074214809e-06, 3.4665183648e-06, 4.43429553343e-06, 3.38743643624e-06, 2.90068146569e-06, 2.29487682191e-06, 2.14463102566e-06, 1.85281965059e-06, 1.72830630163e-06, 1.66781262578e-06, 2.01494844987e-06, 2.87944931188e-06, 3.21622815136e-06, 1.78408299689e-06, 2.09070140045e-06, 1.87103887583e-06, 1.79807375389e-06, 1.97450617634e-06, 2.55768054558e-06, 1.68579265392e-06, 1.49684774442e-06, 1.48588753746e-06, 8.35326545712e-07, 6.044069778e-07, 5.23805283592e-07, 3.61288329032e-07, 4.21618068458e-07, 3.90780996895e-07, 3.07249990783e-07, 2.59727073626e-07, 2.32842737091e-07, 2.04836524631e-07, 2.18925876538e-07, 1.43768801308e-07, 1.05216749091e-07, 9.90175834659e-08, 9.66102149391e-08, 5.5385733333e-08, 3.99099491233e-08, 2.97076390154e-08, 1.7925543716e-08, 1.63476840953e-08, 1.21564900368e-08, 9.05820396468e-09, 5.63613067328e-09, 4.02029254332e-09, 2.1876520595e-09, 6.48625542166e-10, 2.62520200023e-10, 1.58642154968e-10, 1.26979204929e-10, 1.15282047797e-10, 1.14421229436e-10, 1.12594503165e-10, 1.0826180924e-10, 1.00501100497e-10, 9.0379509432e-11, 7.69600841388e-11, 6.42621095226e-11, 5.05607361534e-11, 3.99483814084e-11, 3.31606062054e-11],
        "min": [1.31617235805e-26, 3.39686587276e-26, 1.32821311799e-25, 1.14091794083e-25, 1.39187752105e-25, 7.79933649854e-26, 2.98076935539e-25, 1.3964821268e-25, 3.19571743529e-25, 9.97204863487e-26, 1.52640603878e-25, 1.26072150695e-25, 1.2536223751e-25, 4.09742267433e-25, 3.10344684039e-25, 2.36497171378e-25, 3.54106520889e-25, 3.25026716688e-25, 6.44859770392e-25, 4.65880543025e-25, 3.69503335474e-25, 5.45431051644e-25, 7.29927079144e-25, 6.61403761296e-25, 6.52435941222e-25, 6.24593292787e-25, 4.2703791952e-25, 7.52616197893e-25, 7.63675189619e-25, 6.37943037975e-25, 1.10148510145e-24, 5.49216450002e-25, 3.69025285765e-25, 6.18686844671e-25, 5.11743683459e-25, 5.67083015518e-25, 6.89239260679e-25, 1.02495652175e-24, 1.04372657952e-24, 3.66838415425e-25, 6.65820593504e-25, 8.1163305158e-25, 8.06414046438e-25, 1.30103387692e-24, 7.57285662806e-25, 8.02942811936e-25, 7.01377512731e-25, 1.31941630817e-24, 9.46760191479e-25, 1.26289925608e-24, 1.30079495068e-24, 1.16970993406e-24, 1.86267158283e-24, 1.02520747812e-24, 1.24055989854e-24, 1.09827424035e-24, 1.06105854386e-24, 1.72199520089e-24, 1.62475300736e-24, 1.60992400006e-24, 9.11799946919e-25, 1.61429685327e-24, 1.23278715343e-24, 1.72094857969e-24, 1.6633577893e-24, 1.66647891747e-24, 1.82394383719e-24, 2.35303363519e-24, 1.89418697042e-24, 2.28794925785e-24, 1.83889038476e-24, 1.62744696735e-24, 2.19384801261e-24, 2.61533738035e-24, 2.68703635638e-24, 1.88445242685e-24, 2.69546178528e-24, 2.10613437135e-24, 2.71910394661e-24, 1.79657785796e-24, 2.02159806459e-24, 3.34667454836e-24, 2.98577640347e-24, 2.15205751451e-24, 3.23895776112e-24, 3.36389695965e-24, 2.97734545254e-24, 2.35677756904e-24, 2.85682328344e-24, 2.6975680439e-24, 3.52397064238e-24, 2.18455838659e-24, 2.92800595001e-24, 2.93370704777e-24, 2.24238208816e-24, 3.28992113383e-24, 3.57636481155e-24, 2.90765097207e-24, 4.0692084231e-24, 2.96469685679e-24, 3.76369916059e-24, 2.46023411296e-24, 2.99376046469e-24, 4.01957368938e-24, 3.89768876306e-24, 4.11587901198e-24, 4.07374397888e-24, 4.74262387358e-24, 3.96412781179e-24, 4.66800157625e-24, 3.64949221747e-24, 3.78119057344e-24, 4.19088903444e-24, 4.38272028507e-24, 5.28283187717e-24, 5.26153144944e-24, 5.18003225717e-24, 4.22628285668e-24, 4.35446210415e-24, 4.66611856527e-24, 4.71761619402e-24, 4.63692361203e-24, 4.83289677684e-24, 4.32617000222e-24, 5.13128223095e-24, 4.89655311872e-24, 4.53014852749e-24, 4.83592442499e-24],
        "stdev": [9.29292073124e-05, 9.54249917413e-05, 0.000574702164158, 0.0030704648234, 0.00426397519186, 0.00207342021167, 0.00121323112398, 0.00537619320676, 0.0104931090027, 0.00967560429126, 0.00424100784585, 0.00180432398338, 0.00141896225978, 0.000406554638175, 0.000255071994616, 0.000469999678899, 0.00109000282828, 0.000419952557422, 0.000240583482082, 0.000437167094788, 0.000310002651531, 0.000677439616993, 0.0011429132428, 0.0003489171213, 0.00025533043663, 0.000598169281147, 0.000147293583723, 0.000168314523762, 0.000182425908861, 0.000201319882763, 0.000433310022345, 0.00025779378484, 0.000223573500989, 0.0001625464065, 0.000184060801985, 0.000204439056688, 0.000202576629817, 0.000216048254515, 0.000232152247918, 0.000325535744196, 0.000266917108092, 0.000249629170867, 0.000241895759245, 0.000353475799784, 0.000304829154629, 0.000204905489227, 0.000184506177902, 0.000202666094992, 0.00014609855134, 0.000176344488864, 0.000146630889503, 0.000145403901115, 0.000200567461434, 0.000170062252437, 0.000163170538144, 7.17670773156e-05, 5.59764885111e-05, 4.00889730372e-05, 3.43167739629e-05, 3.46436281689e-05, 2.07515768125e-05, 1.77117944986e-05, 1.72749605554e-05, 1.96702258108e-05, 1.48739545693e-05, 1.27893381432e-05, 1.34809388328e-05, 1.66811551026e-05, 2.78671195701e-05, 1.50761907207e-05, 1.26200602608e-05, 9.33264163905e-06, 9.57614884101e-06, 7.87215230957e-06, 7.52681216909e-06, 7.40969426261e-06, 1.08621316031e-05, 2.05488959182e-05, 2.84920370177e-05, 1.19123342301e-05, 1.4020861272e-05, 1.23538920889e-05, 1.15473703772e-05, 1.22304800243e-05, 2.21486079681e-05, 1.30839171106e-05, 1.53141845658e-05, 1.24995185615e-05, 5.23189919477e-06, 3.96062614527e-06, 3.29929753207e-06, 2.17946444536e-06, 3.26533950101e-06, 3.09618189931e-06, 2.12910276787e-06, 1.82531630344e-06, 1.89642969417e-06, 1.69140719208e-06, 1.92755692296e-06, 1.1862489373e-06, 7.15468502221e-07, 6.61419335302e-07, 7.71466773131e-07, 3.69148665413e-07, 2.4448786462e-07, 1.91031844565e-07, 9.36670403462e-08, 1.02671620539e-07, 6.89707917445e-08, 4.89393805481e-08, 3.13116359507e-08, 2.88430950235e-08, 2.19362341625e-08, 6.57865095732e-09, 2.00987981813e-09, 1.30422128652e-09, 1.23147680942e-09, 1.2520364745e-09, 1.29877242294e-09, 1.29904731416e-09, 1.28921595621e-09, 1.19363552376e-09, 1.04294539671e-09, 8.56407056382e-10, 6.96819102419e-10, 5.3664833688e-10, 4.00501659614e-10, 3.1799135547e-10]
    },
    "mfcc": {
        "mean": [-1173.84790039, 12.6726894379, -5.9451341629, 1.4171179533, 0.534343659878, 2.71281814575, -0.541721403599, 0.307845413685, -0.48268699646, -0.381915807724, -0.762808978558, -0.509357511997, -0.322059959173],
        "cov": [[54180.140625, 7531.69726562, -3310.17333984, 902.740600586, 365.280212402, 1612.18908691, -314.84564209, 186.865234375, -287.896728516, -228.011322021, -461.780761719, -317.551208496, -196.479721069], [7531.69726562, 1299.10107422, -401.502288818, 194.051193237, 122.355735779, 234.329864502, -38.6248435974, 23.7265224457, -59.2099647522, -49.5434494019, -90.4134902954, -66.3727645874, -59.0108070374], [-3310.17333984, -401.502288818, 325.871459961, 12.7917633057, 18.699016571, -74.8606185913, 30.5811061859, -10.0467205048, 7.19305276871, 4.9014749527, 13.4584207535, 1.73581779003, -4.1098151207], [902.740600586, 194.051193237, 12.7917633057, 81.0621948242, 50.5316085815, 44.7798652649, 5.34933900833, 4.01300811768, -16.9065856934, -14.629858017, -23.8677330017, -20.6084289551, -17.5703086853], [365.280212402, 122.355735779, 18.699016571, 50.5316085815, 44.915309906, 24.6020088196, 5.9616394043, 2.04247784615, -9.94073963165, -12.5312814713, -17.9350318909, -14.0525712967, -14.2742109299], [1612.18908691, 234.329864502, -74.8606185913, 44.7798652649, 24.6020088196, 65.0958862305, -1.68300187588, 5.95171928406, -10.9767465591, -11.7723302841, -18.6396102905, -14.533367157, -11.63377285], [-314.84564209, -38.6248435974, 30.5811061859, 5.34933900833, 5.9616394043, -1.68300187588, 14.4432115555, 2.26938676834, -0.0474978014827, -2.07179689407, 0.746530950069, -1.75898015499, -2.81222438812], [186.865234375, 23.7265224457, -10.0467205048, 4.01300811768, 2.04247784615, 5.95171928406, 2.26938676834, 6.16255903244, 0.251924932003, -0.814274907112, -1.06638002396, -1.69592237473, -0.994099736214], [-287.896728516, -59.2099647522, 7.19305276871, -16.9065856934, -9.94073963165, -10.9767465591, -0.0474978014827, 0.251924932003, 10.7000494003, 4.66249847412, 6.06732177734, 5.12892913818, 5.04789447784], [-228.011322021, -49.5434494019, 4.9014749527, -14.629858017, -12.5312814713, -11.7723302841, -2.07179689407, -0.814274907112, 4.66249847412, 10.0687589645, 7.44111251831, 4.49676990509, 4.77739906311], [-461.780761719, -90.4134902954, 13.4584207535, -23.8677330017, -17.9350318909, -18.6396102905, 0.746530950069, -1.06638002396, 6.06732177734, 7.44111251831, 13.8963508606, 8.65392398834, 6.81189823151], [-317.551208496, -66.3727645874, 1.73581779003, -20.6084289551, -14.0525712967, -14.533367157, -1.75898015499, -1.69592237473, 5.12892913818, 4.49676990509, 8.65392398834, 9.71875190735, 8.14649677277], [-196.479721069, -59.0108070374, -4.1098151207, -17.5703086853, -14.2742109299, -11.63377285, -2.81222438812, -0.994099736214, 5.04789447784, 4.77739906311, 6.81189823151, 8.14649677277, 10.7430839539]],
        "icov": [[0.000616214296315, -0.00174820551183, 0.00209662457928, -0.00257573346607, 0.00454310886562, -0.00622893357649, 0.00272385682911, -0.00310612656176, -0.00013424064673, 5.30733668711e-05, -0.000232984501054, 0.00373188313097, -0.00466943532228], [-0.00174820551183, 0.011321474798, -0.000248813303187, 0.00178925320506, -0.0188165195286, 0.0115500465035, 0.0041829328984, 0.00246425508521, 0.00492208171636, -0.00245931372046, 0.00338857830502, -0.0129073644057, 0.0282954555005], [0.00209662457928, -0.000248813303187, 0.0216018091887, -0.0254693515599, 0.00969588756561, -0.0116236489266, 0.0059753311798, -0.00177708023693, -0.00605192501098, -0.00127529504243, -0.00689145224169, 0.0146011300385, 0.00199068523943], [-0.00257573346607, 0.00178925320506, -0.0254693515599, 0.099950492382, -0.0746860802174, -0.0049015362747, -0.00797171797603, -0.00137318123598, 0.0448948331177, -0.0143779413775, 0.000366015767213, 0.0400091893971, -0.0355821698904], [0.00454310886562, -0.0188165195286, 0.00969588756561, -0.0746860802174, 0.156967222691, -0.0238671787083, -0.00723405880854, -0.0136622600257, -0.0324563868344, 0.0317695625126, 0.0617192275822, -0.0205612070858, 0.0184277761728], [-0.00622893357649, 0.0115500465035, -0.0116236489266, -0.0049015362747, -0.0238671787083, 0.127568379045, -0.0511196292937, 0.0374827794731, -0.0189422313124, 0.0174394212663, 0.00765727460384, -0.0256528146565, 0.0493217147887], [0.00272385682911, 0.0041829328984, 0.0059753311798, -0.00797171797603, -0.00723405880854, -0.0511196292937, 0.152318105102, -0.0811096504331, 0.0129720391706, 0.0275300443172, -0.0407112799585, 0.0324658378959, 0.0122957779095], [-0.00310612656176, 0.00246425508521, -0.00177708023693, -0.00137318123598, -0.0136622600257, 0.0374827794731, -0.0811096504331, 0.249151676893, -0.0490889362991, 0.00468566408381, -0.0315630510449, 0.0376180149615, -0.00946775544435], [-0.00013424064673, 0.00492208171636, -0.00605192501098, 0.0448948331177, -0.0324563868344, -0.0189422313124, 0.0129720391706, -0.0490889362991, 0.178163304925, -0.0412245579064, 0.00305176223628, -0.00854382012039, -0.0299302451313], [5.30733668711e-05, -0.00245931372046, -0.00127529504243, -0.0143779413775, 0.0317695625126, 0.0174394212663, 0.0275300443172, 0.00468566408381, -0.0412245579064, 0.208594709635, -0.0963969156146, 0.0737312287092, -0.0359824150801], [-0.000232984501054, 0.00338857830502, -0.00689145224169, 0.000366015767213, 0.0617192275822, 0.00765727460384, -0.0407112799585, -0.0315630510449, 0.00305176223628, -0.0963969156146, 0.32301184535, -0.211211442947, 0.0858166664839], [0.00373188313097, -0.0129073644057, 0.0146011300385, 0.0400091893971, -0.0205612070858, -0.0256528146565, 0.0324658378959, 0.0376180149615, -0.00854382012039, 0.0737312287092, -0.211211442947, 0.582966029644, -0.311659574509], [-0.00466943532228, 0.0282954555005, 0.00199068523943, -0.0355821698904, 0.0184277761728, 0.0493217147887, 0.0122957779095, -0.00946775544435, -0.0299302451313, -0.0359824150801, 0.0858166664839, -0.311659574509, 0.397896230221]]
    },
    "spectral_contrast_coeffs": {
        "max": [-0.434958487749, -0.603056907654, -0.713264942169, -0.663063764572, -0.685894370079, -0.642013967037],
        "mean": [-0.923484563828, -0.943424761295, -0.939952254295, -0.941419661045, -0.936617791653, -0.926635742188],
        "min": [-0.982690691948, -0.983150482178, -0.979563891888, -0.974598646164, -0.970634639263, -0.965828478336],
        "stdev": [0.110255032778, 0.0567573867738, 0.0529751852155, 0.0520523302257, 0.0593891330063, 0.0835073664784]
    },
    "spectral_contrast_valleys": {
        "max": [-4.84280824661, -4.41251754761, -4.83705711365, -5.00893640518, -5.39904499054, -7.79215240479],
        "mean": [-24.4237384796, -24.3310871124, -24.3562374115, -24.2800312042, -24.3807983398, -24.8178977966],
        "min": [-27.9504127502, -27.9252510071, -28.026140213, -27.8105888367, -27.5972328186, -27.4781913757],
        "stdev": [6.88298368454, 7.08525419235, 7.20122098923, 7.28066444397, 7.0926361084, 6.01396989822]
    }
},
"rhythm": {
    "beats_count": 31,
    "beats_loudness": {
        "max": 0.430331081152,
        "mean": 0.0252975188196,
        "min": 0,
        "stdev": 0.0847223103046
    },
    "bpm": 139.149749756,
    "bpm_histogram_first_peak_bpm": 140,
    "bpm_histogram_first_peak_weight": 0.142857134342,
    "bpm_histogram_second_peak_bpm": 157,
    "bpm_histogram_second_peak_spread": 0,
    "bpm_histogram_second_peak_weight": 0.133333340287,
    "danceability": 1.2987306118,
    "onset_rate": 0.626990437508,
    "beats_loudness_band_ratio": {
        "max": [0.648167133331, 0.608326256275, 0.350648671389, 0.429732084274, 0.449511677027, 0.904224932194],
        "mean": [0.038779143244, 0.0374269373715, 0.0187540315092, 0.0354374200106, 0.0391236655414, 0.0403023846447],
        "min": [0, 0, 0, 0, 0, 0],
        "stdev": [0.134326323867, 0.123225316405, 0.0643148422241, 0.0940639302135, 0.108366273344, 0.163341909647]
    },
    "beats_position": [0.487619042397, 0.986848056316, 1.48607707024, 1.98530614376, 2.47292518616, 2.96054410934, 3.42494320869, 3.88934230804, 4.35374164581, 4.78331041336, 5.21287965775, 5.64244890213, 6.08362817764, 6.51319694519, 6.94276618958, 7.37233543396, 7.75546455383, 8.13859367371, 8.52172279358, 8.90485286713, 9.26476192474, 9.62467098236, 9.98458003998, 10.3328800201, 10.6811790466, 11.0294780731, 11.354557991, 11.6796369553, 11.9931058884, 12.3065757751, 12.6316547394],
