{
"metadata": {
    "version": {
        "essentia": "2.1-beta5",
        "essentia_git_sha": "Undefined",
        "extractor": "music 2.0"
    },
    "audio_properties": {
        "analysis": {
            "equal_loudness": 0,
            "length": 12.7477550507,
            "sample_rate": 44100,
            "start_time": 0,
            "downmix": "mix"
        },
        "bit_rate": 192000,
        "length": 191.111846924,
        "lossless": 0,
        "number_channels": 2,
        "replay_gain": 11.4943180084,
        "sample_rate": 48000,
        "codec": "mp3",
        "md5_encoded": "262cae0bc9a82422dd80218860109554"
    },
    "tags": {
        "file_name": "Portugal_Chamar A Música_Sara Tavares.mp3",
        "encoding": ["Lavf58.29.100"]
    }
},
"lowlevel": {
    "average_loudness": 0.000328473688569,
    "barkbands_crest": {
        "max": 10.3759393692,
        "mean": 6.36931991577,
        "min": 3.29310488701,
        "stdev": 0.803001999855
    },
    "barkbands_flatness_db": {
        "max": 0.139623209834,
        "mean": 0.0804717540741,
        "min": 0.0573816411197,
        "stdev": 0.0168387331069
    },
    "barkbands_kurtosis": {
        "max": 5.86738204956,
        "mean": 2.95016956329,
        "min": 0.123141288757,
        "stdev": 0.990038096905
    },
    "barkbands_skewness": {
        "max": 0.615648567677,
        "mean": -1.5902711153,
        "min": -2.29992341995,
        "stdev": 0.64170563221
    },
    "barkbands_spread": {
        "max": 44.6800041199,
        "mean": 24.4845619202,
        "min": 8.23952102661,
        "stdev": 5.96440172195
    },
    "dissonance": {
        "max": 0.499997973442,
        "mean": 0.492998600006,
        "min": 0.46073102951,
        "stdev": 0.00502460356802
    },
    "dynamic_complexity": 12.417927742,
    "erbbands_crest": {
        "max": 13.5919303894,
        "mean": 3.95450639725,
        "min": 2.71537017822,
        "stdev": 1.25370979309
    },
    "erbbands_flatness_db": {
        "max": 0.259392470121,
        "mean": 0.117383629084,
        "min": 0.0838370472193,
        "stdev": 0.0466728955507
    },
    "erbbands_kurtosis": {
        "max": 3.33282518387,
        "mean": 0.25162178278,
        "min": -0.590779542923,
        "stdev": 0.435987144709
    },
    "erbbands_skewness": {
        "max": 0.801360964775,
        "mean": -0.506879329681,
        "min": -0.980570971966,
        "stdev": 0.382178068161
    },
    "erbbands_spread": {
        "max": 44.807926178,
        "mean": 33.15599823,
        "min": 9.06079864502,
        "stdev": 8.05598163605
    },
    "hfc": {
        "max": 148.264648438,
        "mean": 6.68629074097,
        "min": 1.04754199096e-16,
        "stdev": 23.023481369
    },
    "loudness_ebu128": {
        "integrated": -32.3993606567,
        "loudness_range": 15.4973716736,
        "momentary": {
            "max": -29.3768196106,
            "mean": -261.406311035,
            "min": -300.691009521,
            "stdev": 93.0889663696
        },
        "short_term": {
            "max": -34.938079834,
            "mean": -252.560897827,
            "min": -300.691009521,
            "stdev": 99.1397094727
        }
    },
    "melbands_crest": {
        "max": 10.698179245,
        "mean": 2.80967783928,
        "min": 1.44883835316,
        "stdev": 1.36231434345
    },
    "melbands_flatness_db": {
        "max": 0.118326969445,
        "mean": 0.0188835263252,
        "min": 0.00266732787713,
        "stdev": 0.0310201216489
    },
    "melbands_kurtosis": {
        "max": 2.45713329315,
        "mean": -0.857537508011,
        "min": -1.45935106277,
        "stdev": 0.865038275719
    },
    "melbands_skewness": {
        "max": 1.09287071228,
        "mean": 0.0339952968061,
        "min": -0.379262238741,
        "stdev": 0.166356101632
    },
    "melbands_spread": {
        "max": 177.821777344,
        "mean": 118.003074646,
        "min": 17.8852291107,
        "stdev": 38.2936706543
    },
    "pitch_salience": {
        "max": 0.900403499603,
        "mean": 0.792424201965,
        "min": 0.723523378372,
        "stdev": 0.0159970968962
    },
    "silence_rate_20dB": {
        "max": 1,
        "mean": 1,
        "min": 1,
        "stdev": 0
    },
    "silence_rate_30dB": {
        "max": 1,
        "mean": 1,
        "min": 1,
        "stdev": 0
    },
    "silence_rate_60dB": {
        "max": 1,
        "mean": 0.889090895653,
        "min": 0,
        "stdev": 0.314019501209
    },
    "spectral_centroid": {
        "max": 11976.3945312,
        "mean": 9767.7421875,
        "min": 1953.34924316,
        "stdev": 3047.1796875
    },
    "spectral_complexity": {
        "max": 57,
        "mean": 4.69272708893,
        "min": 0,
        "stdev": 13.3707294464
    },
    "spectral_decrease": {
        "max": 2.4015094552e-28,
        "mean": -8.05511823909e-10,
        "min": -1.95501073108e-08,
        "stdev": 2.8017028697e-09
    },
    "spectral_energy": {
        "max": 0.0872346460819,
        "mean": 0.0036466550082,
        "min": 9.7898788434e-21,
        "stdev": 0.0126580744982
    },
    "spectral_energyband_high": {
        "max": 0.00606632372364,
        "mean": 0.000175935143488,
        "min": 7.03298602816e-21,
        "stdev": 0.000611305353232
    },
    "spectral_energyband_low": {
        "max": 0.00041341027827,
        "mean": 1.3779163055e-05,
        "min": 7.67441675036e-24,
        "stdev": 5.11965045007e-05
    },
    "spectral_energyband_middle_high": {
        "max": 0.0736375078559,
        "mean": 0.00316732632928,
        "min": 1.0340348356e-21,
        "stdev": 0.0110197542235
    },
    "spectral_energyband_middle_low": {
        "max": 0.011877479963,
        "mean": 0.000311940064421,
        "min": 1.3699258768e-22,
        "stdev": 0.00117221486289
    },
    "spectral_entropy": {
        "max": 9.8294095993,
        "mean": 9.54398727417,
        "min": 7.81247234344,
        "stdev": 0.63412463665
    },
    "spectral_flux": {
        "max": 0.202167779207,
        "mean": 0.0130722960457,
        "min": 6.33005592388e-11,
        "stdev": 0.0387253649533
    },
    "spectral_kurtosis": {
        "max": 8.14510059357,
        "mean": -0.377560436726,
        "min": -1.27968895435,
        "stdev": 2.08624982834
    },
    "spectral_rms": {
        "max": 0.00922534428537,
        "mean": 0.000607334193774,
        "min": 3.09048554976e-12,
        "stdev": 0.00178573734593
    },
    "spectral_rolloff": {
        "max": 19832.0800781,
        "mean": 16497.9980469,
        "min": 2131.78710938,
        "stdev": 5565.80322266
    },
    "spectral_skewness": {
        "max": 2.70073986053,
        "mean": 0.223058193922,
        "min": -0.118217267096,
        "stdev": 0.548584163189
    },
    "spectral_spread": {
        "max": 43028460,
        "mean": 35295984,
        "min": 2670597,
        "stdev": 12973367
    },
    "spectral_strongpeak": {
        "max": 4.67295122147,
        "mean": 0.178863495588,
        "min": 0,
        "stdev": 0.579921364784
    },
    "zerocrossingrate": {
        "max": 0.67333984375,
        "mean": 0.444863289595,
        "min": 0.04345703125,
        "stdev": 0.139441519976
    },
    "barkbands": {
        "max": [0.000575963233132, 0.000218512810534, 7.44080316508e-05, 6.49551075185e-05, 0.000494059699122, 0.000975038099568, 0.00177817931399, 0.00171341793612, 0.00747225712985, 0.00516274804249, 0.0106551814824, 0.0163272805512, 0.0175948850811, 0.0217186510563, 0.0255413260311, 0.0132121872157, 0.00991649087518, 0.00635933456942, 0.00269296066836, 0.0016098539345, 0.00223400676623, 0.00214501516894, 0.00059921189677, 0.000381609337637, 0.000137808339787, 1.74608776433e-05, 4.69810902359e-06],
        "mean": [1.01014957181e-05, 5.04828858539e-06, 1.45350679759e-06, 1.49628999679e-06, 9.88058400253e-06, 2.84406305582e-05, 4.15744325437e-05, 5.74628065806e-05, 0.000127668172354, 0.000167322854395, 0.000232892285567, 0.000391713430872, 0.000470537663205, 0.000497055065352, 0.000465048011392, 0.000413791567553, 0.000274852878647, 0.000159306626301, 8.6196254415e-05, 6.06324720138e-05, 6.26367691439e-05, 4.10903630836e-05, 2.26650226978e-05, 1.27184866869e-05, 4.45382056569e-06, 6.04667889093e-07, 9.16752185276e-09],
        "min": [1.84361569856e-26, 8.86250615744e-25, 7.99252175495e-25, 4.61967398504e-25, 4.52148328488e-24, 3.9366107657e-24, 2.38281786752e-24, 5.50291223681e-24, 1.12845022102e-23, 1.09469036638e-23, 1.26362461368e-23, 1.60501986875e-23, 2.04471673782e-23, 1.69607871413e-23, 4.45611401042e-23, 3.56593559707e-23, 4.76168717067e-23, 7.33899766886e-23, 9.31754475395e-23, 1.42208182576e-22, 2.11216447144e-22, 2.4442646889e-22, 3.98916988568e-22, 4.54442143518e-22, 8.31735861451e-22, 1.23017892763e-21, 1.93667134426e-21],
        "stdev": [4.30957916251e-05, 1.92804891412e-05, 6.69232986183e-06, 6.27601139058e-06, 4.33419554611e-05, 0.000113022346341, 0.000172085303348, 0.000212061000639, 0.000560801301617, 0.000625275773928, 0.000923406274524, 0.00150817108806, 0.00178053835407, 0.00189385318663, 0.00185804138891, 0.00159046426415, 0.00103836657945, 0.000599675870035, 0.000311628362397, 0.0002111557842, 0.000218247514567, 0.000158295515575, 8.04386436357e-05, 4.41326774308e-05, 1.62476808327e-05, 2.1902460503e-06, 2.00129363748e-07]
    },
    "erbbands": {
        "max": [0.0121415210888, 0.0277864579111, 0.0698987096548, 0.192058056593, 0.399490654469, 2.30799007416, 4.56582641602, 10.4577589035, 23.620098114, 30.5291099548, 44.29504776, 125.303268433, 226.782714844, 269.423797607, 320.61706543, 725.625793457, 841.201599121, 944.044677734, 1370.57312012, 745.544250488, 643.183044434, 607.470825195, 439.6590271, 140.399856567, 85.3326263428, 73.8232955933, 79.5167541504, 91.7287826538, 97.5887145996, 33.3838806152, 14.7955293655, 10.0631933212, 6.19151258469, 2.20892333984, 0.614882409573, 0.152847364545, 0.0189180262387, 0.00303350575268, 0.000696214963682, 0.000121278215374],
        "mean": [0.000334143667715, 0.000546999275684, 0.00146675191354, 0.00383174978197, 0.00992542412132, 0.0376569405198, 0.101789325476, 0.291009187698, 0.482558101416, 0.863397717476, 1.47990000248, 2.56528902054, 4.79443311691, 7.11094093323, 10.5182685852, 17.2030029297, 22.057056427, 24.601518631, 26.3091697693, 23.7773780823, 20.506067276, 15.3173894882, 9.90438556671, 5.56530666351, 3.69639396667, 2.80866146088, 2.72160673141, 2.24532222748, 1.58517897129, 1.04052376747, 0.565806686878, 0.309482544661, 0.183944940567, 0.0677635222673, 0.0226758401841, 0.0055587971583, 0.000581738713663, 2.52617937804e-05, 4.96614211443e-06, 5.26508483745e-06],
        "min": [3.64593619028e-23, 3.67769857022e-22, 1.45558200948e-21, 3.62028115884e-21, 7.67957954207e-21, 1.80940993014e-20, 2.60864072372e-20, 5.3011585309e-20, 6.04306102283e-20, 1.26156455922e-19, 1.95216860535e-19, 3.41352494135e-19, 4.24731395152e-19, 5.94185133898e-19, 8.52206600094e-19, 8.87172817057e-19, 9.31516005142e-19, 1.69064529588e-18, 2.14148788784e-18, 2.48232476411e-18, 2.85816937147e-18, 3.25354164514e-18, 4.57269619881e-18, 4.7413033182e-18, 6.78918992947e-18, 7.07202117887e-18, 8.12141641836e-18, 7.45177566219e-18, 8.88463942595e-18, 7.85562178085e-18, 1.09434084254e-17, 9.26363207593e-18, 9.19757095067e-18, 8.4134707316e-18, 5.49715573295e-18, 3.47969199743e-18, 2.25296184911e-18, 8.32144316614e-19, 2.21623399594e-19, 2.47062434604e-20],
        "stdev": [0.00129685422871, 0.00222598132677, 0.00630864314735, 0.0165703874081, 0.0413272418082, 0.177385389805, 0.433318376541, 1.16962242126, 1.97315752506, 3.50243234634, 5.51422929764, 10.2255020142, 20.318359375, 28.0820732117, 39.6587524414, 66.0287246704, 83.3486480713, 90.6222763062, 103.326751709, 86.536895752, 75.7802429199, 57.0765838623, 38.6292533875, 19.76603508, 13.0286054611, 9.72707271576, 9.34660148621, 8.04450511932, 6.48186731339, 3.76797175407, 1.97927677631, 1.09623968601, 0.646311640739, 0.244714975357, 0.0818478092551, 0.0202296469361, 0.00211757747456, 0.000146176491398, 3.21283296216e-05, 1.82401327038e-05]
    },
    "gfcc": {
        "mean": [-1093.76074219, 4.22879123688, -30.1130466461, 1.64048099518, -9.80664348602, 3.83296513557, -5.55176401138, 1.2989654541, -1.83242285252, 1.11547112465, -1.01723492146, 0.391188085079, 0.0712411254644],
        "cov": [[183033, 5002.96240234, -31895.0273438, 1779.15551758, -10344.0087891, 4071.75634766, -5876.87939453, 1329.66943359, -1913.7244873, 1152.67858887, -1033.8795166, 418.825378418, 145.486343384], [5002.96240234, 203.691223145, -855.563903809, 53.1041488647, -271.814910889, 110.246192932, -156.368225098, 31.8882980347, -47.7265777588, 27.7293167114, -24.9719562531, 9.64484500885, 11.5972013474], [-31895.0273438, -855.563903809, 5592.40869141, -305.498931885, 1815.31506348, -711.986450195, 1028.31066895, -235.782943726, 334.210113525, -204.291473389, 181.959594727, -72.6176605225, -23.3122825623], [1779.15551758, 53.1041488647, -305.498931885, 23.3696155548, -97.5517349243, 40.5784492493, -57.0022926331, 12.4768447876, -18.9303264618, 10.4587440491, -9.98925495148, 3.95000052452, 1.97815406322], [-10344.0087891, -271.814910889, 1815.31506348, -97.5517349243, 594.97253418, -229.98739624, 334.748474121, -76.6980438232, 109.142173767, -67.3808288574, 59.0464096069, -23.3067913055, -6.84384822845], [4071.75634766, 110.246192932, -711.986450195, 40.5784492493, -229.98739624, 94.1610031128, -130.194763184, 30.787361145, -42.9186706543, 25.8879623413, -23.3096027374, 8.8223991394, 3.3718996048], [-5876.87939453, -156.368225098, 1028.31066895, -57.0022926331, 334.748474121, -130.194763184, 192.398803711, -42.4063873291, 63.0778388977, -37.255115509, 34.2292861938, -13.511015892, -4.43850517273], [1329.66943359, 31.8882980347, -235.782943726, 12.4768447876, -76.6980438232, 30.787361145, -42.4063873291, 14.5021400452, -12.6348161697, 9.86451053619, -7.40475559235, 2.68084645271, -0.58818167448], [-1913.7244873, -47.7265777588, 334.210113525, -18.9303264618, 109.142173767, -42.9186706543, 63.0778388977, -12.6348161697, 24.0225963593, -10.5299987793, 12.395031929, -4.34404754639, -1.22513866425], [1152.67858887, 27.7293167114, -204.291473389, 10.4587440491, -67.3808288574, 25.8879623413, -37.255115509, 9.86451053619, -10.5299987793, 10.7720708847, -4.6902256012, 3.17910599709, 0.47896245122], [-1033.8795166, -24.9719562531, 181.959594727, -9.98925495148, 59.0464096069, -23.3096027374, 34.2292861938, -7.40475559235, 12.395031929, -4.6902256012, 10.8128442764, -0.17866627872, 0.646662712097], [418.825378418, 9.64484500885, -72.6176605225, 3.95000052452, -23.3067913055, 8.8223991394, -13.511015892, 2.68084645271, -4.34404754639, 3.17910599709, -0.17866627872, 4.28382253647, 1.38892996311], [145.486343384, 11.5972013474, -23.3122825623, 1.97815406322, -6.84384822845, 3.3718996048, -4.43850517273, -0.58818167448, -1.22513866425, 0.47896245122, 0.646662712097, 1.38892996311, 4.42528152466]],
        "icov": [[0.00139440933708, -0.00224849721417, 0.0055875973776, -0.00426409719512, 0.00182226707693, -0.00451046554372, 0.00472249276936, 0.00234817923047, -0.000676371506415, 0.00306677841581, -0.00102975731716, -0.00417213700712, 0.00363564980216], [-0.00224849721417, 0.0295237470418, 0.00135978520848, -0.0101629914716, -0.012025761418, 0.00920992530882, -0.000337985693477, 0.00949139520526, -0.0337993204594, 0.036089591682, -0.0284705646336, 0.0449974089861, -0.0396630764008], [0.0055875973776, 0.00135978520848, 0.0701750293374, -0.0252461656928, -0.0680916532874, 0.064306654036, -0.0485766902566, 0.0158591363579, 0.0297490302473, 0.00175910466351, -0.0243992507458, 0.0265932288021, -0.00395143404603], [-0.00426409719512, -0.0101629914716, -0.0252461656928, 0.225292041898, -0.0438644587994, -0.0924980118871, 0.0748508498073, -0.00261102453806, 0.0109369885176, -0.000291266973363, -0.0103932376951, -0.000417569623096, 0.0151954656467], [0.00182226707693, -0.012025761418, -0.0680916532874, -0.0438644587994, 0.247028633952, -0.0697735920548, -0.0386998914182, 0.0164983682334, -0.0812984704971, 0.101326048374, 0.0211589708924, -0.0718860253692, 0.0170854814351], [-0.00451046554372, 0.00920992530882, 0.064306654036, -0.0924980118871, -0.0697735920548, 0.462559252977, -0.168756917119, -0.120947800577, 0.169940039515, -0.0980345606804, 0.0230196118355, 0.0903223752975, -0.115486741066], [0.00472249276936, -0.000337985693477, -0.0485766902566, 0.0748508498073, -0.0386998914182, -0.168756917119, 0.504317998886, 0.00403072591871, -0.211203694344, 0.140593871474, -0.109151102602, 0.0275168120861, 0.0649896338582], [0.00234817923047, 0.00949139520526, 0.0158591363579, -0.00261102453806, 0.0164983682334, -0.120947800577, 0.00403072591871, 0.345986664295, -0.134713381529, -0.0226215217263, -0.0120140779763, -0.0033373744227, 0.118298083544], [-0.000676371506415, -0.0337993204594, 0.0297490302473, 0.0109369885176, -0.0812984704971, 0.169940039515, -0.211203694344, -0.134713381529, 0.557880461216, -0.280882418156, -0.00385755533352, 0.0537542402744, -0.0537751019001], [0.00306677841581, 0.036089591682, 0.00175910466351, -0.000291266973363, 0.101326048374, -0.0980345606804, 0.140593871474, -0.0226215217263, -0.280882418156, 0.675982177258, -0.266036301851, 0.0434634201229, 0.0577125549316], [-0.00102975731716, -0.0284705646336, -0.0243992507458, -0.0103932376951, 0.0211589708924, 0.0230196118355, -0.109151102602, -0.0120140779763, -0.00385755533352, -0.266036301851, 0.489354431629, -0.271708935499, -0.0698172003031], [-0.00417213700712, 0.0449974089861, 0.0265932288021, -0.000417569623096, -0.0718860253692, 0.0903223752975, 0.0275168120861, -0.0033373744227, 0.0537542402744, 0.0434634201229, -0.271708935499, 0.551693975925, -0.116595029831], [0.00363564980216, -0.0396630764008, -0.00395143404603, 0.0151954656467, 0.0170854814351, -0.115486741066, 0.0649896338582, 0.118298083544, -0.0537751019001, 0.0577125549316, -0.0698172003031, -0.116595029831, 0.403773516417]]
    },
    "melbands": {
        "max": [9.35042044148e-05, 3.47739842255e-05, 3.75237432308e-05, 9.52038390096e-05, 0.000146970618516, 0.000212042708881, 0.000360253499821, 0.000323807325913, 0.000406275561545, 0.00101849227212, 0.00112097046804, 0.00105124549009, 0.0013978490606, 0.00201131077483, 0.00198122509755, 0.00183984485921, 0.00187164184172, 0.00213653082028, 0.00145362992771, 0.001303848112, 0.000799408182502, 0.000629624235444, 0.000602733809501, 0.000228715856792, 0.000121946861327, 0.000100848985312, 5.51494158572e-05, 4.76237946714e-05, 5.77054379391e-05, 6.05816421739e-05, 5.09651872562e-05, 6.07844813203e-05, 2.80387175735e-05, 1.89481197594e-05, 8.35219088913e-06, 7.56412828196e-06, 6.36155846223e-06, 5.77367427468e-06, 2.06921026802e-06, 1.91710000763e-06],
        "mean": [2.87872057925e-06, 7.39174879527e-07, 7.93557205725e-07, 1.57510510235e-06, 3.33157822752e-06, 6.43280918666e-06, 7.662139069e-06, 9.85626866168e-06, 1.2466215594e-05, 1.78362861334e-05, 2.43005288212e-05, 2.77638955595e-05, 3.31476330757e-05, 4.14091373386e-05, 4.87601137138e-05, 4.7120382078e-05, 4.50944316981e-05, 4.27866289101e-05, 3.37657656928e-05, 3.04960158246e-05, 2.25136554945e-05, 1.64804514498e-05, 1.20360218716e-05, 6.57605141896e-06, 4.28857947554e-06, 3.10947984872e-06, 2.13281805372e-06, 1.79470009698e-06, 1.72973307144e-06, 1.55813415859e-06, 1.1929739685e-06, 9.456373391e-07, 6.66747268951e-07, 5.45531463558e-07, 3.51427075884e-07, 2.05354453442e-07, 1.86460411555e-07, 1.46204399698e-07, 8.04575250868e-08, 4.93890510711e-08],
        "min": [6.2474085908e-25, 7.69474007526e-25, 1.15757932409e-24, 1.14407294071e-24, 7.83826592139e-25, 8.48824391994e-25, 6.96176207656e-25, 1.35801714581e-24, 1.43612344732e-24, 1.86708604845e-24, 1.63131061085e-24, 2.03658385799e-24, 2.40052187839e-24, 1.91143955563e-24, 1.76338890196e-24, 2.22869259044e-24, 2.36766759662e-24, 2.43359033589e-24, 3.78273240208e-24, 3.14375112455e-24, 2.13356996755e-24, 2.82847655289e-24, 3.05021509815e-24, 3.29977262603e-24, 2.5413585963e-24, 3.27035974996e-24, 3.30942571971e-24, 4.29007646036e-24, 4.32314353735e-24, 4.45918141717e-24, 3.92130804743e-24, 4.33557006876e-24, 3.87803389918e-24, 4.70886259899e-24, 5.29285593269e-24, 4.64683486044e-24, 4.60880703164e-24, 5.36231789641e-24, 4.53218260534e-24, 6.12106245885e-24],
        "stdev": [1.08986705527e-05, 2.96985695059e-06, 3.29655108544e-06, 7.12582686901e-06, 1.41633208841e-05, 2.51733017649e-05, 3.10930590786e-05, 3.89898268622e-05, 4.70865197713e-05, 7.63318530517e-05, 0.000102975835034, 0.000109221233288, 0.000127960694954, 0.000162670825375, 0.000194820764591, 0.000175016830326, 0.00017111634952, 0.000168537997524, 0.000129251915496, 0.000121057768411, 8.49912394187e-05, 6.22813531663e-05, 5.03566116095e-05, 2.39742457779e-05, 1.55468733283e-05, 1.14383274195e-05, 7.38670723877e-06, 6.33199260847e-06, 6.01377723797e-06, 5.5619111663e-06, 4.33566492575e-06, 3.94002790927e-06, 2.52076461038e-06, 2.00014005713e-06, 1.21926439078e-06, 7.58920407407e-07, 6.68811367177e-07, 5.31619491539e-07, 2.83306775373e-07, 1.83638022122e-07]
    },
    "melbands128": {
        "max": [0.00028634199407, 0.000127063321997, 8.13766237115e-05, 3.58104298357e-05, 3.06383990392e-05, 4.0637627535e-05, 4.13808811572e-05, 2.92450240522e-05, 4.5717402827e-05, 0.000102919206256, 0.000154715467943, 0.000175046880031, 0.000184697360964, 0.000236945284996, 0.000390455359593, 0.000337007106282, 0.000379024771973, 0.000429098785389, 0.000412128749304, 0.000449723709607, 0.000405812432291, 0.000418890005676, 0.00063361012144, 0.0008364940295, 0.000552439305466, 0.00190902990289, 0.00223942147568, 0.00112567190081, 0.000820133427624, 0.000825813098345, 0.00139424204826, 0.00271915947087, 0.00152617914136, 0.00132410170045, 0.00220094202086, 0.00308986147866, 0.00197300850414, 0.00326335337013, 0.00199900916778, 0.0030885390006, 0.0019799543079, 0.00180937710684, 0.00218463875353, 0.00172427727375, 0.00197365623899, 0.00294749555178, 0.0032394847367, 0.0018356393557, 0.00147123052739, 0.00120017980225, 0.00222391798161, 0.00145881692879, 0.0012615735177, 0.000856595870573, 0.00110225623939, 0.00107470282819, 0.000484098156448, 0.000807704520412, 0.000613442563917, 0.000373794639017, 0.000186635326827, 0.000171199688339, 0.000140030912007, 0.000183918586117, 0.000176233341335, 9.22353356145e-05, 9.34987619985e-05, 6.2477796746e-05, 6.24606836936e-05, 7.62890776969e-05, 5.40966357221e-05, 6.38708006591e-05, 6.70498266118e-05, 6.08372865827e-05, 5.17771259183e-05, 6.78367141518e-05, 7.35134672141e-05, 4.23723613494e-05, 5.54163125344e-05, 5.21694928466e-05, 4.95493841299e-05, 8.06932512205e-05, 5.52357414563e-05, 2.20278652705e-05, 2.025469621e-05, 2.12608410948e-05, 3.11243456963e-05, 1.01186751635e-05, 1.22765568449e-05, 1.40408783409e-05, 8.01640180725e-06, 9.95895879896e-06, 5.75645026402e-06, 5.98634187554e-06, 1.29103418658e-05, 7.60515058573e-06, 5.48380103282e-06, 3.31089427164e-06, 2.2127471766e-06, 3.09675169774e-06, 1.95751727006e-06, 2.32989373217e-06, 1.42835369843e-06, 1.05379342585e-06, 6.64346828216e-07, 8.27900009881e-07, 8.37955269617e-07, 4.74162789033e-07, 2.82094703152e-07, 1.98056099521e-07, 1.98494419124e-07, 8.48649222007e-08, 3.31437775003e-08, 2.58031267464e-08, 2.35165735774e-08, 2.31189183353e-08, 2.22273115469e-08, 2.1576285647e-08, 2.12604476246e-08, 2.0813532231e-08, 2.04638173074e-08, 1.99343457297e-08, 1.95969107608e-08, 1.92997031689e-08, 1.89601099265e-08, 1.88208364449e-08, 1.87381008487e-08, 1.86445827666e-08],
        "mean": [6.51801292406e-06, 3.82490179618e-06, 1.49395407334e-06, 7.70472013301e-07, 6.86288956331e-07, 7.46895182147e-07, 7.63651883062e-07, 7.41665871828e-07, 9.04032503968e-07, 1.30083844851e-06, 2.12640611608e-06, 2.94529263556e-06, 3.03892807096e-06, 4.42647206e-06, 6.82201425661e-06, 7.07478830009e-06, 7.75280841481e-06, 6.88868522047e-06, 8.55218149809e-06, 1.01111863842e-05, 9.83316203929e-06, 1.14126360131e-05, 1.37623046612e-05, 1.21911225506e-05, 1.24289135783e-05, 2.20404654101e-05, 2.6657109629e-05, 2.29210145335e-05, 2.39716118813e-05, 2.48761571129e-05, 2.7527261409e-05, 3.68272631022e-05, 3.24383872794e-05, 3.15317156492e-05, 3.67179964087e-05, 4.5390737796e-05, 4.70177037641e-05, 4.93650477438e-05, 4.96515604027e-05, 4.92872277391e-05, 4.80574453832e-05, 3.96849500248e-05, 5.03674855281e-05, 4.43449935119e-05, 3.95290662709e-05, 4.85575437779e-05, 3.74158043996e-05, 3.45602347807e-05, 3.0941060686e-05, 3.20891995216e-05, 3.18490965583e-05, 2.80074073089e-05, 2.25850144489e-05, 2.08319161175e-05, 1.99154383154e-05, 1.62185770023e-05, 1.31568676807e-05, 1.43234528878e-05, 1.11908675535e-05, 8.53903293319e-06, 6.22839525022e-06, 5.44115118828e-06, 4.28180146628e-06, 3.97113899453e-06, 4.3279487727e-06, 2.98831969303e-06, 2.57352144217e-06, 2.26167890105e-06, 2.05242804441e-06, 1.91426192941e-06, 1.63818810961e-06, 1.8902667307e-06, 1.81230484486e-06, 1.69493841895e-06, 1.62996354902e-06, 1.58553450547e-06, 1.55265070134e-06, 1.38984398745e-06, 1.12334862479e-06, 1.03504203253e-06, 9.51229480961e-07, 9.9384180885e-07, 7.41746816857e-07, 6.3150804408e-07, 5.80819630613e-07, 6.06260869063e-07, 5.43354303773e-07, 4.08944913488e-07, 3.61769366464e-07, 2.92729936291e-07, 2.28955386206e-07, 1.69146957774e-07, 1.81817981115e-07, 1.75431139837e-07, 2.13157633766e-07, 1.70565868984e-07, 1.32916241569e-07, 1.05160175679e-07, 8.66234088903e-08, 6.35061212506e-08, 5.28593275817e-08, 5.00101400291e-08, 4.16921679403e-08, 3.33199672298e-08, 2.13297450813e-08, 1.91769480296e-08, 1.669808114e-08, 1.24534045298e-08, 8.38746316845e-09, 5.92539084465e-09, 3.78672515566e-09, 2.17856799267e-09, 1.01722230639e-09, 2.74304412518e-10, 1.11639773814e-10, 7.84223588846e-11, 4.8321627949e-11, 4.1802589168e-11, 4.11441401782e-11, 4.02512953523e-11, 3.96710511663e-11, 3.86574591782e-11, 3.80302941916e-11, 3.73439473789e-11, 3.62805827048e-11, 3.52746373777e-11, 3.47085693519e-11, 3.44773584682e-11],
        "min": [2.5550245607e-27, 1.77363036261e-25, 8.16155430912e-26, 1.27988491049e-25, 2.90530396297e-25, 3.43968869396e-25, 1.53970512431e-25, 1.07298888176e-25, 1.47850578832e-25, 3.77571558294e-25, 2.7682810424e-25, 2.73880081733e-25, 2.2394747906e-25, 3.74510556114e-25, 3.81861457852e-25, 8.31192290731e-26, 2.41162420816e-25, 2.56083675535e-25, 3.21127747012e-25, 5.09953511546e-25, 5.01311540329e-25, 2.18233167878e-25, 2.70816096674e-25, 7.29227951167e-25, 3.01544003869e-25, 2.49524962709e-25, 9.03493340195e-25, 5.80958191372e-25, 7.68365017004e-25, 6.98702386794e-25, 9.36701130253e-25, 7.76339759807e-25, 8.1574903196e-25, 9.19561647973e-25, 5.33167814442e-25, 7.05491668871e-25, 7.24672476655e-25, 6.47019375727e-25, 1.04061600236e-24, 5.31625542069e-25, 8.36565099097e-25, 2.73236888925e-25, 1.30104472376e-24, 5.71801833541e-25, 4.13266824002e-25, 9.35839989968e-25, 1.21801238032e-24, 8.29069342775e-25, 1.35689982294e-24, 1.18390390832e-24, 1.60474926974e-24, 1.50327464023e-24, 1.30167245983e-24, 6.55308923335e-25, 9.83348250516e-25, 1.23539877606e-24, 1.14117525739e-24, 1.25864157656e-24, 8.36305465251e-25, 1.28392575186e-24, 1.79612347408e-24, 1.3693011108e-24, 1.14473302008e-24, 1.07750264525e-24, 1.82599112846e-24, 1.15986573882e-24, 9.37674979041e-25, 1.30806193734e-24, 1.54424521603e-24, 1.53950366895e-24, 2.51841733789e-24, 1.49079229692e-24, 1.67676546646e-24, 2.57582156267e-24, 2.04677830747e-24, 1.22796780495e-24, 2.41451765135e-24, 2.30395682333e-24, 2.94844099733e-24, 2.35840558073e-24, 1.46805219803e-24, 2.89787028014e-24, 2.69914379355e-24, 1.71576734126e-24, 2.32444728813e-24, 1.55548983659e-24, 2.9772180515e-24, 2.12853269624e-24, 2.78270132114e-24, 3.64695050763e-24, 2.59134062604e-24, 2.74841367911e-24, 3.21970344136e-24, 3.06021174076e-24, 3.59032370527e-24, 2.4046616232e-24, 2.71909625521e-24, 2.70731225101e-24, 3.21025545152e-24, 2.3085959171e-24, 3.9190747822e-24, 2.78167580196e-24, 3.55386176537e-24, 3.10060398291e-24, 3.68629415642e-24, 3.6572471146e-24, 4.0585331629e-24, 3.78340569486e-24, 3.74863231173e-24, 2.73183813377e-24, 3.30586223779e-24, 4.44489909048e-24, 4.29394424538e-24, 3.96227280537e-24, 3.7340955774e-24, 5.35240862015e-24, 4.89973341146e-24, 3.81247995239e-24, 4.21844039599e-24, 4.96065003943e-24, 5.17577280271e-24, 4.8720664818e-24, 4.91085003934e-24, 4.66074918352e-24, 4.5603299513e-24, 4.46534202641e-24, 4.52802530837e-24, 4.55764033004e-24],
        "stdev": [2.57665124082e-05, 1.49797015183e-05, 5.9666767811e-06, 3.24338543578e-06, 2.84219504465e-06, 3.49498600372e-06, 3.47708214576e-06, 3.04700506604e-06, 4.08436289945e-06, 6.43998191663e-06, 1.10367027446e-05, 1.36257103804e-05, 1.42520693771e-05, 2.14019855775e-05, 3.2051877497e-05, 2.96340258501e-05, 3.50771879312e-05, 3.1974283047e-05, 4.00321441703e-05, 4.50501065643e-05, 4.03645317419e-05, 4.48279133707e-05, 5.81796048209e-05, 5.51192679268e-05, 4.92086146551e-05, 0.000116140436148, 0.00015109567903, 0.000105728679046, 9.52830960159e-05, 9.88983883872e-05, 0.000124787809909, 0.000181930779945, 0.000133187466417, 0.000129232110339, 0.000168525075424, 0.000201052142074, 0.000190778722754, 0.000241187721258, 0.000205539152375, 0.000214813408093, 0.00019347917987, 0.000163087039255, 0.000202230847208, 0.000179005859536, 0.000166189594893, 0.000212006358197, 0.000183666095836, 0.000152749213157, 0.00012386526214, 0.000128102416056, 0.000148594146594, 0.000120927303215, 9.76791488938e-05, 8.42460940476e-05, 8.44918686198e-05, 7.0471323852e-05, 5.04952404299e-05, 6.79356016917e-05, 4.8527475883e-05, 3.63222243323e-05, 2.30973746511e-05, 2.02820083359e-05, 1.63105160027e-05, 1.64133161888e-05, 1.69378217834e-05, 1.17674198918e-05, 1.01771047412e-05, 8.23954997031e-06, 7.38009657653e-06, 7.26652342564e-06, 6.05535387876e-06, 7.11194707037e-06, 6.76936497257e-06, 6.12090889263e-06, 5.79616062168e-06, 6.01180272497e-06, 5.87320846535e-06, 5.10168001711e-06, 4.29004830949e-06, 4.04055526815e-06, 3.751762506e-06, 4.96519487569e-06, 3.33374646289e-06, 2.38044890466e-06, 2.12019267565e-06, 2.30728232964e-06, 2.26379688684e-06, 1.42530677749e-06, 1.29236889279e-06, 1.17016463719e-06, 8.81568439581e-07, 6.90643560119e-07, 6.6588700065e-07, 6.24394033366e-07, 9.09106290692e-07, 6.43263831535e-07, 5.10086351824e-07, 3.66380220385e-07, 3.13413096364e-07, 2.53312236964e-07, 2.00320414478e-07, 1.96787226514e-07, 1.53808841219e-07, 1.26293599578e-07, 8.0295421867e-08, 7.37069782986e-08, 6.95357087466e-08, 4.84978350812e-08, 3.14794874612e-08, 2.19176925498e-08, 1.61657727205e-08, 8.94613272351e-09, 3.92679799788e-09, 1.71997194265e-09, 1.10923958907e-09, 1.00568597894e-09, 9.47459333211e-10, 9.1910556943e-10, 9.05649943928e-10, 8.86612616657e-10, 8.71713867756e-10, 8.49157744121e-10, 8.34783020487e-10, 8.22125978406e-10, 8.07669930936e-10, 8.01760324798e-10, 7.98250410217e-10, 7.9426865085e-10]
    },
    "mfcc": {
        "mean": [-1178.36010742, 8.39244937897, -10.7523565292, -2.57536053658, -1.77725458145, 0.918762564659, -1.27611422539, 0.175881683826, 0.145606026053, 0.328468173742, 0.185884073377, 0.801196634769, 0.226963251829],
        "cov": [[49130.3125, 4624.77148438, -5937.77832031, -1409.71789551, -986.589599609, 518.718139648, -709.632446289, 99.2011566162, 68.2807235718, 148.840698242, 95.5930633545, 451.383148193, 135.069580078], [4624.77148438, 454.263519287, -572.633483887, -135.838562012, -94.753036499, 49.1735954285, -68.0189819336, 9.41761684418, 8.44836330414, 16.5445671082, 9.97319126129, 42.7227020264, 12.2760286331], [-5937.77832031, -572.633483887, 737.698669434, 176.748901367, 121.627250671, -62.9764900208, 87.2740020752, -12.6812438965, -9.97413444519, -22.0261230469, -13.0246171951, -55.3548355103, -16.609085083], [-1409.71789551, -135.838562012, 176.748901367, 46.651260376, 31.0227718353, -14.1256694794, 20.6419582367, -2.54069399834, -2.49616599083, -5.94872522354, -3.38745880127, -13.4177904129, -4.69534826279], [-986.589599609, -94.753036499, 121.627250671, 31.0227718353, 24.6918411255, -9.50500679016, 15.320643425, -1.31738400459, -1.27469086647, -3.76191496849, -2.53706407547, -9.90612888336, -3.71206378937], [518.718139648, 49.1735954285, -62.9764900208, -14.1256694794, -9.50500679016, 8.86185264587, -6.72924613953, 1.07946097851, 1.0855858326, 1.1381111145, 0.0366834774613, 4.42459201813, 0.768851399422], [-709.632446289, -68.0189819336, 87.2740020752, 20.6419582367, 15.320643425, -6.72924613953, 12.8861818314, -0.702326953411, -1.21365523338, -2.20039629936, -2.07754707336, -6.53217411041, -2.20603609085], [99.2011566162, 9.41761684418, -12.6812438965, -2.54069399834, -1.31738400459, 1.07946097851, -0.702326953411, 3.32994198799, 0.808471560478, 0.360146671534, 0.59334731102, 1.47745251656, -0.492184102535], [68.2807235718, 8.44836330414, -9.97413444519, -2.49616599083, -1.27469086647, 1.0855858326, -1.21365523338, 0.808471560478, 2.82740926743, 1.62131726742, 0.395332664251, 0.332728177309, -0.839240431786], [148.840698242, 16.5445671082, -22.0261230469, -5.94872522354, -3.76191496849, 1.1381111145, -2.20039629936, 0.360146671534, 1.62131726742, 5.17704057693, 1.93350660801, 1.42011725903, -0.175333678722], [95.5930633545, 9.97319126129, -13.0246171951, -3.38745880127, -2.53706407547, 0.0366834774613, -2.07754707336, 0.59334731102, 0.395332664251, 1.93350660801, 3.98862814903, 1.74931168556, 0.516784727573], [451.383148193, 42.7227020264, -55.3548355103, -13.4177904129, -9.90612888336, 4.42459201813, -6.53217411041, 1.47745251656, 0.332728177309, 1.42011725903, 1.74931168556, 7.75430393219, 2.91792488098], [135.069580078, 12.2760286331, -16.609085083, -4.69534826279, -3.71206378937, 0.768851399422, -2.20603609085, -0.492184102535, -0.839240431786, -0.175333678722, 0.516784727573, 2.91792488098, 4.33638286591]],
        "icov": [[0.000945843639784, -0.000874286924955, 0.00670060049742, -0.00202821497805, 0.00243238103576, -0.00253161555156, 0.00160519988276, 0.000238589535002, 0.00237868190743, 0.00445840042084, 0.000148190621985, -0.00159602600615, 0.00155391707085], [-0.000874286924955, 0.120732739568, 0.10095512867, -0.0563473664224, 0.0349261388183, 0.0171358585358, -0.0341007523239, 0.0436489768326, -0.063919454813, 0.0336840413511, -0.0135081121698, 0.000292100885417, 0.0159792900085], [0.00670060049742, 0.10095512867, 0.183894708753, -0.146437734365, 0.0500180125237, 0.0670080929995, -0.1149263978, 0.0871220678091, -0.0663197115064, 0.0937305986881, -0.0237837340683, 0.00812849402428, 0.021958200261], [-0.00202821497805, -0.0563473664224, -0.146437734365, 0.365272462368, -0.160994470119, -0.0814692303538, 0.141364529729, -0.0727306753397, 0.0860344916582, -0.023551736027, 0.0141775161028, -0.024080036208, 0.027820924297], [0.00243238103576, 0.0349261388183, 0.0500180125237, -0.160994470119, 0.334213554859, -0.0079535190016, -0.13296867907, -0.00869392231107, -0.0539962202311, 0.0429533757269, -0.0172887202352, 0.0580034293234, 0.0158099532127], [-0.00253161555156, 0.0171358585358, 0.0670080929995, -0.0814692303538, -0.0079535190016, 0.39224794507, -0.143618911505, 0.0815820470452, -0.093990303576, 0.0684481337667, 0.049692325294, -0.0186361763626, 0.0498205013573], [0.00160519988276, -0.0341007523239, -0.1149263978, 0.141364529729, -0.13296867907, -0.143618911505, 0.60508275032, -0.196294873953, 0.158280923963, -0.146887421608, 0.120368465781, -0.0224541649222, -0.0179429352283], [0.000238589535002, 0.0436489768326, 0.0871220678091, -0.0727306753397, -0.00869392231107, 0.0815820470452, -0.196294873953, 0.481787413359, -0.155832067132, 0.112045675516, -0.0764940828085, -0.113640762866, 0.11681356281], [0.00237868190743, -0.063919454813, -0.0663197115064, 0.0860344916582, -0.0539962202311, -0.093990303576, 0.158280923963, -0.155832067132, 0.573485195637, -0.186827346683, 0.0525520853698, 0.00777311110869, 0.0712205320597], [0.00445840042084, 0.0336840413511, 0.0937305986881, -0.023551736027, 0.0429533757269, 0.0684481337667, -0.146887421608, 0.112045675516, -0.186827346683, 0.391215443611, -0.151303052902, 0.00274603627622, 0.057744294405], [0.000148190621985, -0.0135081121698, -0.0237837340683, 0.0141775161028, -0.0172887202352, 0.049692325294, 0.120368465781, -0.0764940828085, 0.0525520853698, -0.151303052902, 0.378217190504, -0.0714991390705, -0.00608688080683], [-0.00159602600615, 0.000292100885417, 0.00812849402428, -0.024080036208, 0.0580034293234, -0.0186361763626, -0.0224541649222, -0.113640762866, 0.00777311110869, 0.00274603627622, -0.0714991390705, 0.407730489969, -0.181641444564], [0.00155391707085, 0.0159792900085, 0.021958200261, 0.027820924297, 0.0158099532127, 0.0498205013573, -0.0179429352283, 0.11681356281, 0.0712205320597, 0.057744294405, -0.00608688080683, -0.181641444564, 0.399096846581]]
    },
    "spectral_contrast_coeffs": {
        "max": [-0.632473230362, -0.771760702133, -0.737498879433, -0.736424982548, -0.706102371216, -0.658600211143],
        "mean": [-0.935902893543, -0.947289347649, -0.941463410854, -0.941899776459, -0.938240289688, -0.928832888603],
        "min": [-0.984516739845, -0.984265744686, -0.976883113384, -0.974251270294, -0.970634520054, -0.965805351734],
        "stdev": [0.0709748268127, 0.0431572943926, 0.048880841583, 0.0511421449482, 0.0559691488743, 0.0781984478235]
    },
    "spectral_contrast_valleys": {
        "max": [-7.3813958168, -5.59183073044, -5.01967430115, -4.94475650787, -5.66932535172, -8.52548217773],
        "mean": [-24.6514835358, -24.3520450592, -24.3449459076, -24.2780971527, -24.3826942444, -24.8230113983],
        "min": [-28.0296669006, -28.0832118988, -27.888376236, -27.7098236084, -27.5487174988, -27.4669494629],
        "stdev": [6.3287320137, 7.02873754501, 7.21049118042, 7.27152013779, 7.07074785233, 5.99905824661]
    }
},
"rhythm": {
    "beats_count": 33,
    "beats_loudness": {
        "max": 0.0514579117298,
        "mean": 0.00343386852182,
        "min": 0,
        "stdev": 0.0108975609764
    },
    "bpm": 165.220199585,
    "bpm_histogram_first_peak_bpm": 167,
    "bpm_histogram_first_peak_weight": 0,
    "bpm_histogram_second_peak_bpm": 136,
    "bpm_histogram_second_peak_spread": 0.444444417953,
    "bpm_histogram_second_peak_weight": 0.15625,
    "danceability": 0.834067761898,
    "onset_rate": 0.391869038343,
    "beats_loudness_band_ratio": {
        "max": [0.00681540556252, 0.0189763363451, 0.144519180059, 0.479032516479, 0.512004435062, 0.106232196093],
        "mean": [0.000840957160108, 0.00186182791367, 0.0128194950521, 0.0617795176804, 0.0688236802816, 0.0136061264202],
        "min": [0, 0, 0, 0, 0, 0],
        "stdev": [0.00200143293478, 0.00468065915629, 0.0330113582313, 0.145493790507, 0.161911517382, 0.0321186408401]
    },
    "beats_position": [0.429569154978, 0.870748281479, 1.31192743778, 1.75310659409, 2.19428563118, 2.63546490669, 3.06503391266, 3.49460315704, 3.92417216301, 4.35374164581, 4.74848079681, 5.14321994781, 5.53795909882, 5.93269824982, 6.30421733856, 6.67573690414, 7.04725599289, 7.41877555847, 7.77868461609, 8.13859367371, 8.498503685, 8.85841274261, 9.21832180023, 9.57823085785, 9.93814086914, 10.2980499268, 10.6579589844, 11.017868042, 11.3661680222, 11.7028570175, 12.0395460129, 12.3762359619, 12.7013149261],
    "bpm_histogram": [0, 0, 0, 0, 0, 0, 0, 0, 0, 0, 0, 0, 0, 0, 0, 0, 0, 0, 0, 0, 0, 0, 0, 0, 0, 0, 0, 0, 0, 0, 0, 0, 0, 0, 0, 0, 0, 0, 0, 0, 0, 0, 0, 0, 0, 0, 0, 0, 0, 0, 0, 0, 0, 0, 0, 0, 0, 0, 0, 0, 0, 0, 0, 0, 0, 0, 0, 0, 0, 0, 0, 0, 0, 0, 0, 0, 0, 0, 0, 0, 0, 0, 0, 0, 0, 0, 0, 0, 0, 0, 0, 0, 0, 0, 0, 0, 0, 0, 0, 0, 0, 0, 0, 0, 0, 0, 0, 0, 0, 0, 0, 0, 0, 0, 0, 0, 0, 0, 0, 0, 0, 0, 0, 0, 0, 0, 0, 0, 0, 0, 0, 0, 0, 0, 0, 0, 0.15625, 0, 0, 0, 0.125, 0, 0, 0, 0, 0, 0, 0, 0, 0, 0, 0, 0.125, 0, 0, 0, 0, 0, 0, 0, 0, 0.125, 0, 0, 0, 0, 0, 0.3125, 0, 0, 0, 0, 0.03125, 0, 0, 0, 0, 0, 0.09375, 0, 0, 0, 0, 0, 0, 0.03125, 0, 0, 0, 0, 0, 0, 0, 0, 0, 0, 0, 0, 0, 0, 0, 0, 0, 0, 0, 0, 0, 0, 0, 0, 0, 0, 0, 0, 0, 0, 0, 0, 0, 0, 0, 0, 0, 0, 0, 0, 0, 0, 0, 0, 0, 0, 0, 0, 0, 0, 0, 0, 0, 0, 0, 0, 0, 0, 0, 0, 0, 0, 0, 0]
},
