{
"metadata": {
    "version": {
        "essentia": "2.1-beta5",
        "essentia_git_sha": "Undefined",
        "extractor": "music 2.0"
    },
    "audio_properties": {
        "analysis": {
            "equal_loudness": 0,
            "length": 32.1131973267,
            "sample_rate": 44100,
            "start_time": 175.240997314,
            "downmix": "mix"
        },
        "bit_rate": 192000,
        "length": 207.377410889,
        "lossless": 0,
        "number_channels": 2,
        "replay_gain": -0.553806304932,
        "sample_rate": 48000,
        "codec": "mp3",
        "md5_encoded": "c38b06459cb0c46a9255e8f2afa91114"
    },
    "tags": {
        "file_name": "Iceland_Nætur_Sigga.mp3",
        "encoding": ["Lavf58.29.100"]
    }
},
"lowlevel": {
    "average_loudness": 0.685445845127,
    "barkbands_crest": {
        "max": 25.2595329285,
        "mean": 9.88783073425,
        "min": 3.04748749733,
        "stdev": 4.82076072693
    },
    "barkbands_flatness_db": {
        "max": 0.325923413038,
        "mean": 0.129992097616,
        "min": 0.052936013788,
        "stdev": 0.0519538000226
    },
    "barkbands_kurtosis": {
        "max": 30.1734886169,
        "mean": 3.74944925308,
        "min": -1.53412032127,
        "stdev": 4.13349914551
    },
    "barkbands_skewness": {
        "max": 4.46870851517,
        "mean": 0.151674136519,
        "min": -2.32281184196,
        "stdev": 1.70910048485
    },
    "barkbands_spread": {
        "max": 78.0270767212,
        "mean": 18.7464847565,
        "min": 1.72714698315,
        "stdev": 8.31755161285
    },
    "dissonance": {
        "max": 0.499975204468,
        "mean": 0.468266129494,
        "min": 0.273016244173,
        "stdev": 0.0314505696297
    },
    "dynamic_complexity": 3.44518065453,
    "erbbands_crest": {
        "max": 33.9895515442,
        "mean": 9.69176864624,
        "min": 2.55162072182,
        "stdev": 6.7352848053
    },
    "erbbands_flatness_db": {
        "max": 0.3937112391,
        "mean": 0.16826608777,
        "min": 0.0831394344568,
        "stdev": 0.0599904581904
    },
    "erbbands_kurtosis": {
        "max": 65.2965545654,
        "mean": 1.10020935535,
        "min": -1.69263780117,
        "stdev": 4.8809967041
    },
    "erbbands_skewness": {
        "max": 5.43987894058,
        "mean": 0.232450827956,
        "min": -2.18279600143,
        "stdev": 0.996895432472
    },
    "erbbands_spread": {
        "max": 66.486946106,
        "mean": 30.9437885284,
        "min": 1.31585419178,
        "stdev": 11.4056015015
    },
    "hfc": {
        "max": 90.2929534912,
        "mean": 14.7567176819,
        "min": 1.033842358e-16,
        "stdev": 16.6614551544
    },
    "loudness_ebu128": {
        "integrated": -22.421081543,
        "loudness_range": 3.26633262634,
        "momentary": {
            "max": -19.7275085449,
            "mean": -113.859359741,
            "min": -300.691009521,
            "stdev": 129.462005615
        },
        "short_term": {
            "max": -20.9132976532,
            "mean": -97.8871154785,
            "min": -300.691009521,
            "stdev": 121.714454651
        }
    },
    "melbands_crest": {
        "max": 33.1817932129,
        "mean": 10.3745355606,
        "min": 1.4895118475,
        "stdev": 7.70003890991
    },
    "melbands_flatness_db": {
        "max": 0.357348382473,
        "mean": 0.132546916604,
        "min": 0.00274333939888,
        "stdev": 0.101308777928
    },
    "melbands_kurtosis": {
        "max": 46.280921936,
        "mean": 4.73171043396,
        "min": -1.44656908512,
        "stdev": 7.64183044434
    },
    "melbands_skewness": {
        "max": 5.66171216965,
        "mean": 1.10345292091,
        "min": -2.84498524666,
        "stdev": 1.37159383297
    },
    "melbands_spread": {
        "max": 188.643875122,
        "mean": 57.8551521301,
        "min": 3.30381059647,
        "stdev": 53.7684669495
    },
    "pitch_salience": {
        "max": 0.860801100731,
        "mean": 0.617521464825,
        "min": 0.12730230391,
        "stdev": 0.157468661666
    },
    "silence_rate_20dB": {
        "max": 1,
        "mean": 1,
        "min": 1,
        "stdev": 0
    },
    "silence_rate_30dB": {
        "max": 1,
        "mean": 0.999277472496,
        "min": 0,
        "stdev": 0.0268706139177
    },
    "silence_rate_60dB": {
        "max": 1,
        "mean": 0.365606933832,
        "min": 0,
        "stdev": 0.481599807739
    },
    "spectral_centroid": {
        "max": 11908.6894531,
        "mean": 4521.26611328,
        "min": 357.820007324,
        "stdev": 4630.90771484
    },
    "spectral_complexity": {
        "max": 49,
        "mean": 13.0700864792,
        "min": 0,
        "stdev": 11.8467617035
    },
    "spectral_decrease": {
        "max": 4.18179349219e-20,
        "mean": -4.70081795712e-09,
        "min": -2.79094027889e-08,
        "stdev": 4.79616568683e-09
    },
    "spectral_energy": {
        "max": 0.111957602203,
        "mean": 0.0190804749727,
        "min": 9.9460495737e-21,
        "stdev": 0.0193341802806
    },
    "spectral_energyband_high": {
        "max": 0.00719092367217,
        "mean": 0.000283913279418,
        "min": 6.9528553297e-21,
        "stdev": 0.000478469853988
    },
    "spectral_energyband_low": {
        "max": 0.0425405018032,
        "mean": 0.0021289573051,
        "min": 1.45988839485e-23,
        "stdev": 0.00343991443515
    },
    "spectral_energyband_middle_high": {
        "max": 0.0963078737259,
        "mean": 0.0061961254105,
        "min": 9.82981171449e-22,
        "stdev": 0.0107889538631
    },
    "spectral_energyband_middle_low": {
        "max": 0.0705408006907,
        "mean": 0.0111425723881,
        "min": 1.54154982426e-22,
        "stdev": 0.0134824905545
    },
    "spectral_entropy": {
        "max": 9.82994270325,
        "mean": 8.12638092041,
        "min": 5.84445953369,
        "stdev": 1.22147631645
    },
    "spectral_flux": {
        "max": 0.245183065534,
        "mean": 0.0506676398218,
        "min": 6.26877161292e-11,
        "stdev": 0.046744197607
    },
    "spectral_kurtosis": {
        "max": 28.2762031555,
        "mean": 3.36615967751,
        "min": -1.27698361874,
        "stdev": 4.01130199432
    },
    "spectral_rms": {
        "max": 0.0104511687532,
        "mean": 0.00332905142568,
        "min": 3.11503817532e-12,
        "stdev": 0.00274455314502
    },
    "spectral_rolloff": {
        "max": 19681.3476562,
        "mean": 7136.22314453,
        "min": 193.798828125,
        "stdev": 8213.02636719
    },
    "spectral_skewness": {
        "max": 3.95679092407,
        "mean": 1.11712396145,
        "min": -0.100191995502,
        "stdev": 0.857301473618
    },
    "spectral_spread": {
        "max": 42899448,
        "mean": 15733152,
        "min": 1891798.625,
        "stdev": 17442100
    },
    "spectral_strongpeak": {
        "max": 10.7212762833,
        "mean": 1.36331868172,
        "min": 0,
        "stdev": 1.85229551792
    },
    "zerocrossingrate": {
        "max": 0.61572265625,
        "mean": 0.203040674329,
        "min": 0.017578125,
        "stdev": 0.211314663291
    },
    "barkbands": {
        "max": [0.000606210320257, 0.0222662910819, 0.0188624188304, 0.018262963742, 0.0470694191754, 0.0542426332831, 0.0409865863621, 0.0184780061245, 0.0326923877001, 0.0971977263689, 0.0187545195222, 0.00780162774026, 0.018835734576, 0.0150937195867, 0.0113751878962, 0.0126424692571, 0.00976833794266, 0.0103606274351, 0.0094141503796, 0.00472215889022, 0.00119382946286, 0.00173004867975, 0.00219499599189, 0.0012948315125, 0.000688481784891, 8.62073429744e-05, 7.46043633626e-06],
        "mean": [3.97464318667e-05, 0.000832831137814, 0.000988675630651, 0.00104880041908, 0.00149425072595, 0.00523345405236, 0.00123898289166, 0.000572878576349, 0.00096267281333, 0.00285531161353, 0.000626728869975, 0.000344927364495, 0.000465155259008, 0.000349240493961, 0.000339164223988, 0.000381856632885, 0.000270130782155, 0.000406760402257, 0.000276080303593, 0.00017658105935, 6.52067974443e-05, 3.90904497181e-05, 3.4172218875e-05, 2.68812891591e-05, 8.62900378706e-06, 2.23106803787e-06, 3.53700961853e-08],
        "min": [8.41245645041e-26, 1.69010904867e-24, 8.10008786976e-25, 9.32772492012e-26, 4.62354295335e-24, 3.60038089295e-24, 5.71369429297e-24, 2.21261205532e-24, 9.15975348247e-24, 8.96012276408e-24, 7.30454274887e-24, 1.64628171171e-23, 1.78228764266e-23, 2.40706895059e-23, 2.66900737426e-23, 4.69179914318e-23, 5.08668397967e-23, 8.01835900063e-23, 1.09164553683e-22, 1.19780955393e-22, 2.33842378923e-22, 2.99532757632e-22, 3.10438980528e-22, 5.57236096345e-22, 8.17254344228e-22, 1.19745995602e-21, 1.8609479675e-21],
        "stdev": [5.83633191127e-05, 0.00155907159206, 0.00184907740913, 0.00180205167271, 0.00404316559434, 0.00898672454059, 0.0031555632595, 0.00144266255666, 0.00278222910129, 0.00916076172143, 0.00154808745719, 0.000765413104091, 0.00103704805952, 0.000993890920654, 0.000921325176023, 0.000881504209246, 0.000683751131874, 0.00106200459413, 0.000734385335818, 0.000345928914612, 0.000126936574816, 9.39614910749e-05, 9.15517448448e-05, 6.83949547238e-05, 2.8154496249e-05, 4.97854171044e-06, 3.69957689372e-07]
    },
    "erbbands": {
        "max": [0.443716347218, 6.48859024048, 23.0208969116, 24.5082912445, 155.408615112, 180.574111938, 280.256469727, 642.995056152, 667.333740234, 526.048828125, 448.706573486, 1021.78930664, 3230.51513672, 2652.71655273, 999.938781738, 304.622619629, 493.730529785, 671.913513184, 633.865234375, 309.417144775, 648.075317383, 652.953308105, 679.332885742, 562.497131348, 277.758911133, 201.50617981, 85.4248504639, 41.109703064, 62.5314445496, 46.2696533203, 73.9686126709, 41.0992965698, 17.5462322235, 10.8657627106, 2.98519206047, 0.761050343513, 0.120623745024, 0.0126402061433, 0.000413306494011, 0.000133450957946],
        "mean": [0.0201552137733, 0.211777150631, 0.975609064102, 2.1221909523, 4.87819385529, 4.80629253387, 13.1444635391, 60.0335769653, 24.8612232208, 14.6862297058, 9.55818271637, 25.2938766479, 50.8914756775, 87.0269012451, 29.3692760468, 13.2993078232, 20.7444629669, 20.0907249451, 19.8522434235, 15.8350133896, 19.6551856995, 15.1343736649, 23.6355228424, 20.6301364899, 8.31995391846, 8.41718769073, 4.50039386749, 2.06188178062, 1.49719274044, 0.986194431782, 0.964071571827, 0.754475951195, 0.32740226388, 0.111690685153, 0.0590666681528, 0.0178247913718, 0.0027721892111, 0.000194654217921, 1.60420240718e-05, 2.30459190789e-05],
        "min": [4.43408144089e-23, 3.88208447905e-22, 1.52216732249e-21, 2.90135599142e-21, 7.64205349191e-21, 1.04500077463e-20, 9.52566249235e-21, 5.06534517101e-20, 6.9437088447e-20, 9.03929014725e-20, 1.96614291707e-19, 2.95517640912e-19, 2.03744187922e-19, 3.99874669443e-19, 4.72166532668e-19, 9.51663539924e-19, 1.17229256502e-18, 1.81857105236e-18, 1.5457600621e-18, 2.68233352071e-18, 2.80901809268e-18, 3.60391384592e-18, 4.13381029582e-18, 5.8377754743e-18, 6.87779834386e-18, 6.62446518228e-18, 8.61234480319e-18, 8.73436138817e-18, 9.06493336663e-18, 9.92410188065e-18, 9.09518501599e-18, 1.03203470367e-17, 8.64297612845e-18, 7.54711815396e-18, 5.01362234279e-18, 4.01950841082e-18, 2.00286689284e-18, 9.37925517516e-19, 2.11444476867e-19, 2.64389348121e-20],
        "stdev": [0.0331197455525, 0.41592592001, 1.89211845398, 3.11065626144, 9.81872844696, 14.5132837296, 31.5308513641, 105.537689209, 47.8487167358, 37.2550849915, 22.8914070129, 73.7847213745, 192.672088623, 305.442779541, 60.9878807068, 26.1346092224, 41.3011856079, 48.1911315918, 48.0556488037, 29.8472557068, 45.5543136597, 37.4030647278, 63.7725944519, 49.820350647, 19.6685352325, 15.7756299973, 8.15566539764, 4.00952911377, 3.55111932755, 2.47143602371, 2.85400724411, 1.8632516861, 0.922009646893, 0.440287828445, 0.146861150861, 0.0401550084352, 0.00696688191965, 0.000718786322977, 2.46211475314e-05, 2.30056066357e-05]
    },
    "gfcc": {
        "mean": [-427.927978516, 72.6100616455, -98.1767425537, 21.2741127014, -43.6074371338, 6.23261594772, -26.4302825928, 6.40330696106, -15.7197799683, -4.21405220032, -3.90483093262, -1.17296123505, -0.692992210388],
        "cov": [[351259.625, 30948.6914062, -40417.4882812, 8987.68261719, -18362.1445312, 2612.48657227, -11130.6044922, 2579.89453125, -6718.19873047, -1777.04125977, -1720.12866211, -632.661315918, -332.438934326], [30948.6914062, 3405.52758789, -3056.69995117, 851.338684082, -1625.77941895, 156.624679565, -1010.61053467, 143.015777588, -598.016601562, -188.003540039, -72.8447647095, -76.7831726074, 85.0745773315], [-40417.4882812, -3056.69995117, 5407.61328125, -967.269714355, 2097.1184082, -375.797576904, 1199.41845703, -354.464202881, 718.727600098, 250.025741577, 194.171340942, 95.245765686, 27.7057323456], [8987.68261719, 851.338684082, -967.269714355, 377.764556885, -459.055084229, 8.88384437561, -324.690368652, 65.4122238159, -142.585403442, -67.3992843628, -25.5778560638, -6.29061079025, 19.6738910675], [-18362.1445312, -1625.77941895, 2097.1184082, -459.055084229, 1061.51757812, -102.322860718, 599.34185791, -129.971588135, 335.843963623, 86.4899978638, 73.370765686, 26.6937732697, 7.82330846786], [2612.48657227, 156.624679565, -375.797576904, 8.88384437561, -102.322860718, 154.083221436, -40.7023048401, 25.2965068817, -79.811050415, -10.2150611877, -45.5633544922, -48.5025405884, -35.5080833435], [-11130.6044922, -1010.61053467, 1199.41845703, -324.690368652, 599.34185791, -40.7023048401, 441.601593018, -57.6566352844, 205.844741821, 46.1158447266, 54.675868988, 0.849489271641, 27.9503936768], [2579.89453125, 143.015777588, -354.464202881, 65.4122238159, -129.971588135, 25.2965068817, -57.6566352844, 121.959465027, -28.9308052063, -8.0977306366, -19.9642486572, -5.98973941803, 4.20296287537], [-6718.19873047, -598.016601562, 718.727600098, -142.585403442, 335.843963623, -79.811050415, 205.844741821, -28.9308052063, 193.410446167, 36.2111587524, 59.957649231, 23.3066101074, 28.4961071014], [-1777.04125977, -188.003540039, 250.025741577, -67.3992843628, 86.4899978638, -10.2150611877, 46.1158447266, -8.0977306366, 36.2111587524, 90.871711731, 7.25745248795, 18.2499217987, -38.3588027954], [-1720.12866211, -72.8447647095, 194.171340942, -25.5778560638, 73.370765686, -45.5633544922, 54.675868988, -19.9642486572, 59.957649231, 7.25745248795, 95.4259567261, 18.1163711548, 43.9215545654], [-632.661315918, -76.7831726074, 95.245765686, -6.29061079025, 26.6937732697, -48.5025405884, 0.849489271641, -5.98973941803, 23.3066101074, 18.2499217987, 18.1163711548, 75.5157470703, 6.92648172379], [-332.438934326, 85.0745773315, 27.7057323456, 19.6738910675, 7.82330846786, -35.5080833435, 27.9503936768, 4.20296287537, 28.4961071014, -38.3588027954, 43.9215545654, 6.92648172379, 128.704971313]],
        "icov": [[0.000493776751682, -0.00168819760438, 0.00157161569223, -0.00104788166936, 0.00125839107204, -0.00051372370217, 0.000655389332678, -0.00111349474173, 0.00191981648095, -0.000813858292531, 0.000959872209933, -0.00123390811495, 0.000960208126344], [-0.00168819760438, 0.00789301190525, -0.00587722240016, 0.00234000105411, -0.00231552682817, 0.00102584518027, -0.000589148781728, 0.00408583553508, -0.00394610268995, 0.00286859297194, -0.00473428703845, 0.00543516408652, -0.00520035205409], [0.00157161569223, -0.00587722240016, 0.00627145078033, -0.00269442424178, 0.00190896750428, 0.000126756669488, 0.0013775107218, -0.002668205183, 0.00555214378983, -0.00375345326029, 0.00357019132935, -0.00373405148275, 0.00334769510664], [-0.00104788166936, 0.00234000105411, -0.00269442424178, 0.0119314519688, -0.00427526468411, 0.00343010225333, 0.00386191345751, 0.000575716316234, -0.00577934412286, 0.00404542498291, -0.00185287394561, 0.0031615619082, -0.00220106448978], [0.00125839107204, -0.00231552682817, 0.00190896750428, -0.00427526468411, 0.0130472416058, -0.00376659841277, -0.00227997335605, -0.00144394556992, 0.00376188172959, -0.000519053428434, 0.00243289349601, -0.003508024849, 0.00210452405736], [-0.00051372370217, 0.00102584518027, 0.000126756669488, 0.00343010225333, -0.00376659841277, 0.0145441843197, -0.00294733908959, 0.000656725140288, 0.00208468036726, -0.000850862357765, 0.000874482211657, 0.00689133023843, 0.000919058453292], [0.000655389332678, -0.000589148781728, 0.0013775107218, 0.00386191345751, -0.00227997335605, -0.00294733908959, 0.0181969963014, -0.00398285593837, 0.00208896840923, 0.000516428262927, -0.00154035608284, 0.00175986695103, -0.00317850103602], [-0.00111349474173, 0.00408583553508, -0.002668205183, 0.000575716316234, -0.00144394556992, 0.000656725140288, -0.00398285593837, 0.014097398147, -0.00649519590661, -0.000193893385585, 0.000417590257712, 0.00258986698464, -0.00331855332479], [0.00191981648095, -0.00394610268995, 0.00555214378983, -0.00577934412286, 0.00376188172959, 0.00208468036726, 0.00208896840923, -0.00649519590661, 0.0279304385185, -0.00526666641235, -0.00263914233074, -0.00271628983319, 0.000653531344142], [-0.000813858292531, 0.00286859297194, -0.00375345326029, 0.00404542498291, -0.000519053428434, -0.000850862357765, 0.000516428262927, -0.000193893385585, -0.00526666641235, 0.0189163051546, -0.00379674648866, -0.00162318884395, 0.00406913179904], [0.000959872209933, -0.00473428703845, 0.00357019132935, -0.00185287394561, 0.00243289349601, 0.000874482211657, -0.00154035608284, 0.000417590257712, -0.00263914233074, -0.00379674648866, 0.0193491335958, -0.00446117296815, -0.00137256516609], [-0.00123390811495, 0.00543516408652, -0.00373405148275, 0.0031615619082, -0.003508024849, 0.00689133023843, 0.00175986695103, 0.00258986698464, -0.00271628983319, -0.00162318884395, -0.00446117296815, 0.0219561327249, -0.00435311673209], [0.000960208126344, -0.00520035205409, 0.00334769510664, -0.00220106448978, 0.00210452405736, 0.000919058453292, -0.00317850103602, -0.00331855332479, 0.000653531344142, 0.00406913179904, -0.00137256516609, -0.00435311673209, 0.0159981399775]]
    },
    "melbands": {
        "max": [0.00407824665308, 0.0107716079801, 0.00937493517995, 0.00670535769314, 0.0109634175897, 0.0125828422606, 0.0097112795338, 0.00562670268118, 0.00491240527481, 0.00616360269487, 0.0168261285871, 0.0113868415356, 0.00273304944858, 0.00164954294451, 0.000541758723557, 0.00209350557998, 0.00152404326946, 0.000970694003627, 0.000690705724992, 0.00081755197607, 0.000688297790475, 0.000839231768623, 0.000615613535047, 0.000688100350089, 0.000495441490784, 0.00040666203131, 0.000186489414773, 0.000113376932859, 8.26424875413e-05, 3.73209768441e-05, 3.0873427022e-05, 3.45815133187e-05, 4.15788636019e-05, 2.07338871405e-05, 4.37897651864e-05, 3.96953801101e-05, 1.85356639122e-05, 1.29475029098e-05, 9.81171342573e-06, 9.10594189918e-06],
        "mean": [0.000209595818887, 0.000427570514148, 0.000496836262755, 0.000324362015817, 0.000439160823589, 0.00120469706599, 0.000349837500835, 0.000155217057909, 7.08728766767e-05, 0.000166730766068, 0.000256342347711, 0.000372562761186, 8.60360232764e-05, 5.16145701113e-05, 2.9958988307e-05, 5.14957573614e-05, 3.58832076017e-05, 3.12377014779e-05, 2.33260616369e-05, 2.78763181996e-05, 2.0379327907e-05, 1.56318274094e-05, 1.7913253032e-05, 2.01729199034e-05, 1.72841337189e-05, 6.85345321472e-06, 4.7620769692e-06, 5.97980078965e-06, 3.39907410307e-06, 1.59656883625e-06, 1.04173648197e-06, 9.54203073888e-07, 5.58903991532e-07, 5.3330325045e-07, 5.324395147e-07, 5.90885974816e-07, 4.2443761572e-07, 2.58619451188e-07, 1.39752415862e-07, 7.51981872327e-08],
        "min": [7.10584900001e-25, 7.33361237184e-25, 9.71100691924e-25, 1.00776921477e-24, 3.31565979162e-25, 9.81459323078e-25, 9.88801448739e-25, 8.06052600232e-25, 1.42517228302e-24, 1.29205407602e-24, 8.87009894365e-25, 1.49078105565e-24, 1.30071734649e-24, 2.12745077351e-24, 1.97727256197e-24, 1.87899134002e-24, 2.76276246733e-24, 2.55556657285e-24, 2.16815146027e-24, 2.91222025165e-24, 2.7104168131e-24, 2.95059991241e-24, 2.66350483279e-24, 3.96694483408e-24, 3.87016540608e-24, 4.13882539799e-24, 4.12515838281e-24, 3.36332030232e-24, 4.3987452055e-24, 4.62788878808e-24, 4.79151589476e-24, 3.81050780012e-24, 4.02458966144e-24, 4.90529764186e-24, 4.44796342067e-24, 5.86543563239e-24, 4.68471911655e-24, 5.26752639789e-24, 5.65457824002e-24, 5.17166559841e-24],
        "stdev": [0.000360309670214, 0.000791838974692, 0.000792374601588, 0.000628390989732, 0.00107013341039, 0.00206357147545, 0.000715318776201, 0.000404859718401, 0.000196788430912, 0.000493408297189, 0.000998835079372, 0.00131506461184, 0.000185097727808, 0.00011352749425, 5.87284375797e-05, 0.00012019686983, 9.85059814411e-05, 7.61303963372e-05, 6.42031300231e-05, 5.78148901695e-05, 4.83131479996e-05, 4.56023371953e-05, 4.57209243905e-05, 5.67225943087e-05, 4.43213175458e-05, 2.31295980484e-05, 1.14917420433e-05, 1.16451683425e-05, 6.95771132087e-06, 3.1952952213e-06, 2.20143147089e-06, 2.16724674829e-06, 1.69154156993e-06, 1.30016883304e-06, 1.66761947185e-06, 1.56679800511e-06, 1.01756995718e-06, 6.89449393576e-07, 5.00965484207e-07, 3.37673753847e-07]
    },
    "melbands128": {
        "max": [0.000578520353884, 0.0033307604026, 0.00571702094749, 0.0134539976716, 0.0145222991705, 0.0080002695322, 0.00451259734109, 0.0132881915197, 0.0208096411079, 0.00429391488433, 0.0122617762536, 0.0222139582038, 0.0112874377519, 0.018076242879, 0.0249812453985, 0.0144269615412, 0.00807174947113, 0.0172428693622, 0.010218587704, 0.00557487877086, 0.00740356743336, 0.00320165418088, 0.00575056718662, 0.00963216740638, 0.0119001576677, 0.00995214749128, 0.00479821674526, 0.0306039340794, 0.021105363965, 0.0207631289959, 0.0156773310155, 0.00300678331405, 0.0020217387937, 0.00664786621928, 0.00244238739833, 0.00131609011441, 0.000928968656808, 0.000674048671499, 0.00137339835055, 0.00191588397138, 0.00428175972775, 0.00263993861154, 0.00154532911256, 0.00427693035454, 0.00198670686223, 0.00105204083957, 0.00273987418041, 0.000979423872195, 0.00111587485299, 0.000345568900229, 0.00097053591162, 0.002594019752, 0.00146779324859, 0.000615931407083, 0.00137321022339, 0.001644696109, 0.000866025569849, 0.000811228761449, 0.00125402968843, 0.00161008350551, 0.00124667130876, 0.000755519082304, 0.0012622467475, 0.000630714872386, 0.000909213849809, 0.000572241900954, 0.000134325877298, 0.000213684892515, 0.000294682045933, 0.00034139919444, 0.000232240083278, 0.000265404232778, 0.000215628751903, 0.000113037000119, 6.37239572825e-05, 4.23106830567e-05, 6.46223925287e-05, 1.88047561096e-05, 4.50093430118e-05, 4.20468313678e-05, 3.74817282136e-05, 3.74525188818e-05, 4.49210419902e-05, 5.53575264348e-05, 2.45712853939e-05, 2.10071539186e-05, 2.30814894167e-05, 3.07772024826e-05, 5.09860619786e-05, 5.0425005611e-05, 3.97111180064e-05, 4.10376851505e-05, 3.10216128128e-05, 1.73679709405e-05, 2.64927602984e-05, 1.69687937159e-05, 1.48364688357e-05, 1.27028406496e-05, 1.42935259646e-05, 8.74112993188e-06, 1.34872552735e-05, 8.54629615787e-06, 6.12895019003e-06, 3.19460218634e-06, 2.77971594187e-06, 4.38322831542e-06, 2.67081713901e-06, 1.71249087089e-06, 1.01327634638e-06, 6.1962049358e-07, 6.24582412456e-07, 7.252128853e-07, 3.38573357794e-07, 1.48113372234e-07, 1.43070764125e-07, 1.37680842727e-07, 2.68981295903e-07, 1.31310677887e-08, 1.27508688053e-08, 1.24186430028e-08, 1.21039915868e-08, 1.18283773887e-08, 1.16500684655e-08, 1.14170379817e-08, 1.12312870115e-08, 1.11104236922e-08, 1.09949471749e-08, 1.0936171968e-08],
        "mean": [3.08760900225e-05, 0.000134099318529, 0.000289362913463, 0.000346363056451, 0.000464248645585, 0.000486996432301, 0.00032922468381, 0.00066766445525, 0.000520156463608, 0.000225239564315, 0.000258957064943, 0.000277234823443, 0.000250234996201, 0.000819004431833, 0.0019500333583, 0.000980560667813, 0.000353178096702, 0.000330886454321, 0.000206415992579, 0.000125733437017, 0.000182224772288, 7.83953582868e-05, 4.99009911437e-05, 5.35532890353e-05, 0.000157787610078, 0.000246417766903, 0.000116866736789, 0.000300363142742, 0.000258398649748, 0.000544246518984, 0.00039868534077, 5.47629533685e-05, 4.45396181021e-05, 0.000146501508425, 5.52845958737e-05, 2.61733584921e-05, 3.10567156703e-05, 2.28254375543e-05, 3.41768427461e-05, 5.09282835992e-05, 6.90910455887e-05, 2.86274917016e-05, 3.00462888845e-05, 4.92823492095e-05, 2.51047204074e-05, 2.35309380514e-05, 4.54043292848e-05, 2.39133460127e-05, 1.47565360749e-05, 1.35770114866e-05, 3.28698115482e-05, 4.16277507611e-05, 1.83993815881e-05, 1.20700469779e-05, 2.01609855139e-05, 1.62118194567e-05, 1.0847896192e-05, 1.57039357873e-05, 1.62700525834e-05, 3.19566279359e-05, 1.87664627447e-05, 1.20986396723e-05, 2.34640501731e-05, 1.74831311597e-05, 1.07513624243e-05, 5.9135477386e-06, 5.08835319124e-06, 4.63548394691e-06, 4.26884753324e-06, 5.48264233657e-06, 5.80537971473e-06, 7.06338369127e-06, 4.986771728e-06, 2.42094074565e-06, 1.79643495812e-06, 1.85982037237e-06, 1.46423008118e-06, 8.9874833975e-07, 1.06203606265e-06, 1.09289351258e-06, 1.02706428606e-06, 9.26281529701e-07, 5.94186928993e-07, 5.18328477028e-07, 5.31159457751e-07, 5.58792009997e-07, 5.11275288773e-07, 5.30655654529e-07, 5.30736599558e-07, 4.77022922496e-07, 7.22719960322e-07, 5.87666761476e-07, 4.8111292017e-07, 3.42324966596e-07, 5.23548408182e-07, 2.97652775316e-07, 1.98554559461e-07, 1.75669484292e-07, 1.53504160494e-07, 1.15622199814e-07, 8.62359144094e-08, 6.69710757961e-08, 6.44093631763e-08, 5.31073567345e-08, 1.15955515412e-07, 4.74455568167e-08, 2.64963269103e-08, 2.08422381576e-08, 5.3094929342e-08, 1.97045544326e-08, 8.89536710957e-09, 8.10471156854e-09, 1.012975126e-08, 4.45125447612e-09, 2.38788966378e-09, 7.94873555865e-10, 1.14071274648e-09, 4.25908197599e-11, 1.26960013683e-11, 1.2367202748e-11, 1.20498021283e-11, 1.17833676844e-11, 1.16104851428e-11, 1.13682284072e-11, 1.10617782295e-11, 1.07056178159e-11, 1.04702947701e-11, 1.03959523282e-11],
        "min": [1.1819045342e-26, 1.31810842609e-25, 1.06067291414e-25, 4.7569338104e-25, 2.36759936015e-25, 3.56672414243e-25, 6.14944377603e-26, 3.72700631864e-26, 4.50060430609e-25, 3.10927233166e-25, 1.48191144876e-25, 1.08618701774e-25, 2.0180912389e-26, 3.70789425269e-25, 4.31098383815e-25, 2.07469382693e-25, 2.7526048971e-25, 2.51473621708e-25, 2.84991729925e-25, 1.79633932614e-25, 3.93345571651e-25, 2.99998526748e-25, 3.89003730532e-25, 7.18537012357e-25, 8.05840938991e-25, 4.9119296941e-25, 1.50497342754e-25, 2.84400601936e-25, 6.43231462876e-25, 7.74942292713e-25, 6.98532683092e-25, 5.98575378234e-25, 4.47556142361e-25, 7.22433048456e-25, 6.2814794933e-25, 4.63386707184e-25, 4.53264635694e-25, 9.23423615142e-25, 5.37482735682e-25, 7.61743811604e-25, 1.04873574766e-24, 5.67987740368e-25, 1.20446103187e-24, 5.96728408336e-25, 8.75189503953e-25, 2.78732784244e-25, 8.70702167302e-25, 7.83713439903e-25, 8.90296781934e-25, 1.18142372964e-24, 1.01014181255e-24, 8.9162847775e-25, 1.01897340621e-24, 7.48932809111e-25, 1.51062248514e-24, 1.18383547464e-24, 1.58760347657e-24, 8.95146501564e-25, 5.8724506766e-25, 1.30123740304e-24, 1.22225753668e-24, 1.01258215376e-24, 2.03514162304e-24, 1.80915565345e-24, 1.21234333003e-24, 2.20262330132e-24, 2.05184180841e-24, 1.79535512356e-24, 2.0838817885e-24, 1.74461480127e-24, 1.92444826639e-24, 1.91726746279e-24, 2.10878139411e-24, 2.45042127495e-24, 2.59711903217e-24, 2.64015987481e-24, 2.48208674333e-24, 2.32081478088e-24, 1.90128474642e-24, 2.18074818842e-24, 2.79883116007e-24, 2.41986928373e-24, 2.64267732717e-24, 1.45567763283e-24, 3.0324180017e-24, 1.84008472017e-24, 2.50800042964e-24, 1.99327736645e-24, 2.83703135497e-24, 2.82311407367e-24, 2.4954180982e-24, 3.46513424063e-24, 3.09260434168e-24, 2.39108394652e-24, 2.59359381e-24, 2.82155528452e-24, 2.91132055579e-24, 4.15695381602e-24, 2.54675164388e-24, 4.08496158095e-24, 3.74691298939e-24, 2.87100877745e-24, 4.25340547232e-24, 3.55743767185e-24, 3.41827511399e-24, 3.29304383972e-24, 3.73211119779e-24, 4.47652807404e-24, 4.14887114719e-24, 4.29522180561e-24, 3.40908527888e-24, 4.81289363086e-24, 3.32389697858e-24, 4.83361740128e-24, 4.88431788608e-24, 4.49070784882e-24, 4.97211849927e-24, 5.32186550362e-24, 3.64047829833e-24, 4.83525428765e-24, 4.31226396218e-24, 3.88973862286e-24, 4.80729942376e-24, 4.72808595596e-24, 4.90757784431e-24, 5.28344916083e-24, 4.91760781628e-24, 4.58488285254e-24],
        "stdev": [4.87242396048e-05, 0.000226727963309, 0.000516511616297, 0.000770458078478, 0.000997154740617, 0.000867002061568, 0.00050455215387, 0.00122428673785, 0.00121865025721, 0.000435111986008, 0.000864178175107, 0.00164956611115, 0.00105044734664, 0.00189974135719, 0.00372447562404, 0.0018239604542, 0.000853689969517, 0.00106850429438, 0.000682150188368, 0.000369396206224, 0.000539666390978, 0.000215699983528, 0.000214252737351, 0.000311206735205, 0.000597654492594, 0.000845148984808, 0.000359987549018, 0.00174933602102, 0.00124813453294, 0.00213741045445, 0.00167644815519, 0.000199210699066, 0.000117810348456, 0.000375318428269, 0.000149467072333, 7.17787479516e-05, 8.09177217889e-05, 6.02388427069e-05, 8.98451035027e-05, 0.000123466714285, 0.000216352535062, 0.00011090215412, 9.16533026611e-05, 0.000193395622773, 0.000101304671261, 6.82325116941e-05, 0.000164869386936, 8.26056639198e-05, 5.4860021919e-05, 3.52106981154e-05, 6.81232195348e-05, 0.000130300031742, 7.30260362616e-05, 3.49350302713e-05, 7.76616579969e-05, 6.87752180966e-05, 4.43885328423e-05, 5.41946283192e-05, 6.08854279562e-05, 0.000113923990284, 8.00827183411e-05, 4.55512927147e-05, 7.10616368451e-05, 5.22926020494e-05, 5.68987779843e-05, 2.59370171989e-05, 1.11970830403e-05, 1.54856061272e-05, 1.43922070492e-05, 1.50207715706e-05, 1.56561927724e-05, 1.86051365745e-05, 1.40601823659e-05, 6.50573656458e-06, 4.0642703425e-06, 4.16306875195e-06, 3.7398058339e-06, 2.1032501536e-06, 2.50637731369e-06, 2.64388540927e-06, 2.47566345024e-06, 2.26115002988e-06, 2.11074006984e-06, 1.90364630726e-06, 1.4072184058e-06, 1.37848223858e-06, 1.3977147546e-06, 1.47346008816e-06, 1.84271641501e-06, 1.98723137146e-06, 1.85776889339e-06, 1.55825739512e-06, 1.47613923218e-06, 9.13114604373e-07, 1.21703772038e-06, 8.17151487809e-07, 6.40254427253e-07, 6.35095489088e-07, 5.74382795548e-07, 4.06713411394e-07, 4.97429311963e-07, 3.05381263388e-07, 2.53040099096e-07, 1.75786809109e-07, 2.42923562155e-07, 1.60681310035e-07, 1.04329252792e-07, 7.8129097858e-08, 1.08699289569e-07, 4.35646789754e-08, 2.87849868386e-08, 2.97116731218e-08, 2.94113586818e-08, 1.55324837436e-08, 1.03345350055e-08, 6.09340622404e-09, 1.26331451966e-08, 5.12174469502e-10, 3.42582878732e-10, 3.33660460372e-10, 3.2520422466e-10, 3.17795290083e-10, 3.13006703889e-10, 3.06749181611e-10, 3.01757230314e-10, 2.98519181596e-10, 2.95414914753e-10, 2.93837260079e-10]
    },
    "mfcc": {
        "mean": [-849.617675781, 86.8775177002, -13.3797063828, 13.2186174393, -1.42113900185, -2.1087243557, -1.86403763294, 4.22087860107, -5.51186990738, 1.40408504009, -8.51636695862, 1.30448806286, -3.8865673542],
        "cov": [[88755.2421875, 18235.0683594, -2468.6875, 2784.04711914, -352.458007812, -416.147491455, -365.464691162, 785.221252441, -1180.78198242, 251.11076355, -1817.05175781, 192.51751709, -859.419311523], [18235.0683594, 4425.82324219, -137.222518921, 700.89050293, -14.813536644, -76.8774642944, -82.550819397, 117.170722961, -298.298492432, 52.5238342285, -493.477172852, 74.3032150269, -167.981872559], [-2468.6875, -137.222518921, 594.048400879, 67.6563186646, 46.2113342285, 2.48328733444, -35.1916503906, -94.2793884277, -23.304857254, -37.9504127502, -35.1320724487, 47.4473228455, 38.5482177734], [2784.04711914, 700.89050293, 67.6563186646, 292.289550781, 42.8932380676, -62.3092308044, -67.6982269287, 23.8344554901, -59.2511863708, -10.2726211548, -140.46081543, 61.5427780151, -10.2863035202], [-352.458007812, -14.813536644, 46.2113342285, 42.8932380676, 91.4706268311, 10.2180233002, 0.90457034111, 3.94686174393, -0.853529453278, -0.769596397877, -10.3804740906, 2.27137446404, -4.79056167603], [-416.147491455, -76.8774642944, 2.48328733444, -62.3092308044, 10.2180233002, 107.276473999, 26.1110610962, -22.3653106689, 1.74465310574, -21.1147041321, 47.5421867371, -28.1176338196, -6.51063537598], [-365.464691162, -82.550819397, -35.1916503906, -67.6982269287, 0.90457034111, 26.1110610962, 107.464759827, 7.24265146255, 30.836359024, 27.3687019348, 18.3383083344, -41.1073379517, -3.1818959713], [785.221252441, 117.170722961, -94.2793884277, 23.8344554901, 3.94686174393, -22.3653106689, 7.24265146255, 80.6613693237, 7.33197832108, 17.3240470886, -21.6496105194, -1.5239918232, -19.0019073486], [-1180.78198242, -298.298492432, -23.304857254, -59.2511863708, -0.853529453278, 1.74465310574, 30.836359024, 7.33197832108, 96.2761459351, 8.52110385895, 25.4298286438, -16.3862667084, 14.1607532501], [251.11076355, 52.5238342285, -37.9504127502, -10.2726211548, -0.769596397877, -21.1147041321, 27.3687019348, 17.3240470886, 8.52110385895, 92.5844650269, -14.8343811035, -1.45417737961, -8.61261177063], [-1817.05175781, -493.477172852, -35.1320724487, -140.46081543, -10.3804740906, 47.5421867371, 18.3383083344, -21.6496105194, 25.4298286438, -14.8343811035, 177.534072876, -4.68447971344, 10.2085428238], [192.51751709, 74.3032150269, 47.4473228455, 61.5427780151, 2.27137446404, -28.1176338196, -41.1073379517, -1.5239918232, -16.3862667084, -1.45417737961, -4.68447971344, 84.2834701538, 18.9969730377], [-859.419311523, -167.981872559, 38.5482177734, -10.2863035202, -4.79056167603, -6.51063537598, -3.1818959713, -19.0019073486, 14.1607532501, -8.61261177063, 10.2085428238, 18.9969730377, 58.1702690125]],
        "icov": [[0.000155541914864, -0.000584313296713, 0.000486569741042, -0.000319099402986, 0.000388903456042, 7.86224627518e-05, 7.6180898759e-05, -1.01636551335e-05, 2.18161021621e-05, 6.68011271046e-05, -0.000206807002542, 0.000102223631984, 0.00028094794834], [-0.000584313296713, 0.00280755618587, -0.0016190551687, -5.2257146308e-06, -0.000658525619656, -0.000969440618064, -0.000777982117143, -9.05029901332e-06, 0.000912897230592, -0.000505946401972, 0.00161105301231, -0.000645249208901, -3.06169531541e-05], [0.000486569741042, -0.0016190551687, 0.00403705984354, -0.00139013957232, 0.000206607524888, 0.000175911365659, -9.98827017611e-05, 0.00288631324656, 0.000426141137723, 0.000720723590348, 0.000434053392382, -0.000946454878431, 0.000802109367214], [-0.000319099402986, -5.2257146308e-06, -0.00139013957232, 0.0122581385076, -0.00594993121922, 0.00279109133407, 0.00229624495842, -0.000858462415636, 0.0004122571263, 0.00228334101848, 0.00477694580331, -0.00461320299655, -0.00106718658935], [0.000388903456042, -0.000658525619656, 0.000206607524888, -0.00594993121922, 0.0154423564672, -0.00330755207688, -0.00106376991607, -0.00182739261072, 6.81771871314e-06, -0.00114168913569, -0.00105054012965, 0.00120382918976, 0.00252197682858], [7.86224627518e-05, -0.000969440618064, 0.000175911365659, 0.00279109133407, -0.00330755207688, 0.0147461518645, -0.00210169772618, 0.00315466616303, 0.000523436290678, 0.00371216540225, -0.00296168611385, 0.00230432185344, 0.00122206378728], [7.6180898759e-05, -0.000777982117143, -9.98827017611e-05, 0.00229624495842, -0.00106376991607, -0.00210169772618, 0.0149565981701, -0.00168502447195, -0.00300475396216, -0.00406904192641, -0.000477446388686, 0.00530335027725, -0.00222316733561], [-1.01636551335e-05, -9.05029901332e-06, 0.00288631324656, -0.000858462415636, -0.00182739261072, 0.00315466616303, -0.00168502447195, 0.0190219227225, -0.00231117801741, -0.000387086824048, 0.00126902095508, -0.00184864038602, 0.00496965274215], [2.18161021621e-05, 0.000912897230592, 0.000426141137723, 0.0004122571263, 6.81771871314e-06, 0.000523436290678, -0.00300475396216, -0.00231117801741, 0.0152092976496, -0.000357020355295, 0.00100513920188, 0.000797422137111, -0.00230330135673], [6.68011271046e-05, -0.000505946401972, 0.000720723590348, 0.00228334101848, -0.00114168913569, 0.00371216540225, -0.00406904192641, -0.000387086824048, -0.000357020355295, 0.0140132764354, 0.00156162807252, -0.00274023972452, 0.00220700982027], [-0.000206807002542, 0.00161105301231, 0.000434053392382, 0.00477694580331, -0.00105054012965, -0.00296168611385, -0.000477446388686, 0.00126902095508, 0.00100513920188, 0.00156162807252, 0.0125476233661, -0.00529978703707, 0.00163969537243], [0.000102223631984, -0.000645249208901, -0.000946454878431, -0.00461320299655, 0.00120382918976, 0.00230432185344, 0.00530335027725, -0.00184864038602, 0.000797422137111, -0.00274023972452, -0.00529978703707, 0.020770823583, -0.00695134559646], [0.00028094794834, -3.06169531541e-05, 0.000802109367214, -0.00106718658935, 0.00252197682858, 0.00122206378728, -0.00222316733561, 0.00496965274215, -0.00230330135673, 0.00220700982027, 0.00163969537243, -0.00695134559646, 0.0252491347492]]
    },
    "spectral_contrast_coeffs": {
        "max": [-0.41588434577, -0.466254085302, -0.419011175632, -0.601886212826, -0.624900877476, -0.628069162369],
        "mean": [-0.797997951508, -0.782581984997, -0.800802409649, -0.834247112274, -0.826280474663, -0.823294222355],
        "min": [-0.984717130661, -0.98332631588, -0.978158950806, -0.977087974548, -0.968514323235, -0.965370297432],
        "stdev": [0.131492719054, 0.150437474251, 0.135980919003, 0.100041665137, 0.100845046341, 0.0993504375219]
    },
    "spectral_contrast_valleys": {
        "max": [-5.24993276596, -5.11815452576, -5.58455371857, -5.67162799835, -6.03404283524, -8.04740810394],
        "mean": [-13.6777791977, -13.5586557388, -13.8779878616, -14.0617227554, -14.1360092163, -16.1930351257],
        "min": [-28.1902217865, -28.007730484, -28.1300888062, -27.6602420807, -27.6284809113, -27.4332904816],
        "stdev": [9.57762336731, 9.6323184967, 9.43005847931, 9.281665802, 9.24912834167, 7.80716943741]
    }
},
"rhythm": {
    "beats_count": 64,
    "beats_loudness": {
        "max": 0.0940015241504,
        "mean": 0.0183622948825,
        "min": 0,
        "stdev": 0.020278794691
    },
    "bpm": 101.291526794,
    "bpm_histogram_first_peak_bpm": 101,
    "bpm_histogram_first_peak_weight": 0.526315808296,
    "bpm_histogram_second_peak_bpm": 133,
    "bpm_histogram_second_peak_spread": 0.400000035763,
    "bpm_histogram_second_peak_weight": 0.142857149243,
    "danceability": 0.793351888657,
    "onset_rate": 0.996114969254,
    "beats_loudness_band_ratio": {
        "max": [0.747433125973, 0.779052197933, 0.561748087406, 0.944891393185, 0.692465782166, 0.239881679416],
        "mean": [0.126754149795, 0.179912671447, 0.102165170014, 0.120537593961, 0.0861826762557, 0.030066408217],
        "min": [0, 0, 0, 0, 0, 0],
        "stdev": [0.17226497829, 0.232172518969, 0.134626343846, 0.178586214781, 0.156036615372, 0.0533655248582]
    },
    "beats_position": [0.603718817234, 1.21904754639, 1.83437633514, 2.42648530006, 3.01859402657, 3.61070299149, 4.19120168686, 4.78331041336, 5.3754196167, 5.94430828094, 6.51319694519, 7.07047605515, 7.6277551651, 8.18503379822, 8.75392246246, 9.31120204926, 9.86848068237, 10.4489793777, 11.0410881042, 11.6331968307, 12.2485256195, 12.8638544083, 13.4559631348, 14.0480718613, 14.6517915726, 15.1974601746, 15.7431287766, 16.2887973785, 16.7764167786, 17.2524261475, 17.7284355164, 18.1580047607, 18.5875740051, 19.0287532806, 19.5047607422, 19.96916008, 20.4335594177, 20.8979587555, 21.3507480621, 21.8151473999, 22.2795467377, 22.6394557953, 22.9993648529, 23.3592739105, 23.7191829681, 24.0907020569, 24.4622211456, 24.8337402344, 25.2052612305, 25.5767803192, 25.948299408, 26.3198184967, 26.6913375854, 27.0628566742, 27.4227657318, 27.7826747894, 28.2354640961, 28.6882534027, 29.1410427094, 29.593832016, 30.0466213226, 30.4994106293, 30.9521980286, 31.4049873352],
