{
"metadata": {
    "version": {
        "essentia": "2.1-beta5",
        "essentia_git_sha": "Undefined",
        "extractor": "music 2.0"
    },
    "audio_properties": {
        "analysis": {
            "equal_loudness": 0,
            "length": 12.7477550507,
            "sample_rate": 44100,
            "start_time": 0,
            "downmix": "mix"
        },
        "bit_rate": 192000,
        "length": 205.635940552,
        "lossless": 0,
        "number_channels": 2,
        "replay_gain": 20.5546665192,
        "sample_rate": 48000,
        "codec": "mp3",
        "md5_encoded": "d433a87ca4236c07e4a007f9c3e974e2"
    },
    "tags": {
        "file_name": "Romania_Dincolo De Nori_Dan Bittman.mp3",
        "encoding": ["Lavf58.29.100"]
    }
},
"lowlevel": {
    "average_loudness": 0.000442491233116,
    "barkbands_crest": {
        "max": 20.4105758667,
        "mean": 6.60548734665,
        "min": 3.03788924217,
        "stdev": 1.48354232311
    },
    "barkbands_flatness_db": {
        "max": 0.230298370123,
        "mean": 0.0799385905266,
        "min": 0.0537903979421,
        "stdev": 0.0179630257189
    },
    "barkbands_kurtosis": {
        "max": 14.4617977142,
        "mean": 2.98508453369,
        "min": -1.1509732008,
        "stdev": 1.28315412998
    },
    "barkbands_skewness": {
        "max": 3.64864969254,
        "mean": -1.52592515945,
        "min": -2.2032520771,
        "stdev": 0.84263586998
    },
    "barkbands_spread": {
        "max": 45.6930656433,
        "mean": 24.915719986,
        "min": 5.99157094955,
        "stdev": 5.37349176407
    },
    "dissonance": {
        "max": 0.500000059605,
        "mean": 0.492122024298,
        "min": 0.39080530405,
        "stdev": 0.0100457686931
    },
    "dynamic_complexity": 11.1837892532,
    "erbbands_crest": {
        "max": 16.771648407,
        "mean": 3.94745922089,
        "min": 2.60955715179,
        "stdev": 1.56451678276
    },
    "erbbands_flatness_db": {
        "max": 0.252315223217,
        "mean": 0.113219290972,
        "min": 0.078680947423,
        "stdev": 0.0374954082072
    },
    "erbbands_kurtosis": {
        "max": 3.27844905853,
        "mean": 0.185509830713,
        "min": -1.42663526535,
        "stdev": 0.516493856907
    },
    "erbbands_skewness": {
        "max": 1.37774991989,
        "mean": -0.513043999672,
        "min": -0.969790279865,
        "stdev": 0.346747249365
    },
    "erbbands_spread": {
        "max": 66.6138763428,
        "mean": 34.2952575684,
        "min": 8.45667648315,
        "stdev": 7.33592748642
    },
    "hfc": {
        "max": 303.961700439,
        "mean": 9.50325202942,
        "min": 1.03353213219e-16,
        "stdev": 35.9480667114
    },
    "loudness_ebu128": {
        "integrated": -39.9497146606,
        "loudness_range": 13.3939819336,
        "momentary": {
            "max": -36.3526000977,
            "mean": -262.41003418,
            "min": -300.691009521,
            "stdev": 90.6722946167
        },
        "short_term": {
            "max": -42.3898010254,
            "mean": -253.798568726,
            "min": -300.691009521,
            "stdev": 96.545501709
        }
    },
    "melbands_crest": {
        "max": 25.4431266785,
        "mean": 3.1193292141,
        "min": 1.54574871063,
        "stdev": 2.86139464378
    },
    "melbands_flatness_db": {
        "max": 0.294408172369,
        "mean": 0.0231244601309,
        "min": 0.00254660495557,
        "stdev": 0.046039685607
    },
    "melbands_kurtosis": {
        "max": 44.6973381042,
        "mean": -0.467456042767,
        "min": -1.43343901634,
        "stdev": 3.39724707603
    },
    "melbands_skewness": {
        "max": 5.74547147751,
        "mean": 0.127494245768,
        "min": -0.853208124638,
        "stdev": 0.620524406433
    },
    "melbands_spread": {
        "max": 168.211853027,
        "mean": 116.83921051,
        "min": 5.06889152527,
        "stdev": 37.416229248
    },
    "pitch_salience": {
        "max": 0.938145756721,
        "mean": 0.786368608475,
        "min": 0.433480829,
        "stdev": 0.0374639704823
    },
    "silence_rate_20dB": {
        "max": 1,
        "mean": 1,
        "min": 1,
        "stdev": 0
    },
    "silence_rate_30dB": {
        "max": 1,
        "mean": 0.983636379242,
        "min": 0,
        "stdev": 0.126869499683
    },
    "silence_rate_60dB": {
        "max": 1,
        "mean": 0.876363635063,
        "min": 0,
        "stdev": 0.32916623354
    },
    "spectral_centroid": {
        "max": 12042.3515625,
        "mean": 9753.88671875,
        "min": 417.566253662,
        "stdev": 3221.75830078
    },
    "spectral_complexity": {
        "max": 61,
        "mean": 4.89090919495,
        "min": 0,
        "stdev": 13.9033956528
    },
    "spectral_decrease": {
        "max": 2.30234500756e-28,
        "mean": -1.30455346525e-09,
        "min": -3.62224241712e-08,
        "stdev": 4.43632419689e-09
    },
    "spectral_energy": {
        "max": 0.164282083511,
        "mean": 0.00578565755859,
        "min": 9.78402637901e-21,
        "stdev": 0.0199032668024
    },
    "spectral_energyband_high": {
        "max": 0.00718300230801,
        "mean": 0.000236322332057,
        "min": 6.91399399679e-21,
        "stdev": 0.000893666234333
    },
    "spectral_energyband_low": {
        "max": 0.011531976983,
        "mean": 0.000227365337196,
        "min": 1.2527513494e-23,
        "stdev": 0.00111368868966
    },
    "spectral_energyband_middle_high": {
        "max": 0.151614457369,
        "mean": 0.00436113541946,
        "min": 1.10948709664e-21,
        "stdev": 0.0168505683541
    },
    "spectral_energyband_middle_low": {
        "max": 0.0528029128909,
        "mean": 0.00102618033998,
        "min": 1.45320396619e-22,
        "stdev": 0.00427194498479
    },
    "spectral_entropy": {
        "max": 9.82735538483,
        "mean": 9.52938270569,
        "min": 7.11472129822,
        "stdev": 0.677259325981
    },
    "spectral_flux": {
        "max": 0.271277606487,
        "mean": 0.016302075237,
        "min": 6.20648601957e-11,
        "stdev": 0.0471710637212
    },
    "spectral_kurtosis": {
        "max": 10.2704706192,
        "mean": -0.349271327257,
        "min": -1.28933298588,
        "stdev": 2.20272135735
    },
    "spectral_rms": {
        "max": 0.0126599846408,
        "mean": 0.000785207317676,
        "min": 3.08956159267e-12,
        "stdev": 0.00224231928587
    },
    "spectral_rolloff": {
        "max": 19875.1464844,
        "mean": 16445.1796875,
        "min": 236.865234375,
        "stdev": 5741.44775391
    },
    "spectral_skewness": {
        "max": 2.45134520531,
        "mean": 0.221331849694,
        "min": -0.093465782702,
        "stdev": 0.561235666275
    },
    "spectral_spread": {
        "max": 43678520,
        "mean": 35276388,
        "min": 2560438.5,
        "stdev": 12878881
    },
    "spectral_strongpeak": {
        "max": 5.74877595901,
        "mean": 0.211670845747,
        "min": 0,
        "stdev": 0.716290652752
    },
    "zerocrossingrate": {
        "max": 0.68896484375,
        "mean": 0.442808061838,
        "min": 0.0205078125,
        "stdev": 0.144568815827
    },
    "barkbands": {
        "max": [0.000753678730689, 0.0046299523674, 0.00997584313154, 0.0123531464487, 0.0516332611442, 0.00635716179386, 0.00228279922158, 0.00725589878857, 0.00543168140575, 0.0102647887543, 0.0118025541306, 0.0128478519619, 0.025086004287, 0.0237870104611, 0.0472130998969, 0.0285326447338, 0.0140927638859, 0.0118868118152, 0.00352249969728, 0.00288142403588, 0.00295568909496, 0.00242697051726, 0.00105286645703, 0.000825448776595, 0.000252821162576, 3.72356553271e-05, 0.000133699388243],
        "mean": [2.30371751968e-05, 5.92777541897e-05, 0.000108561427623, 9.44585408433e-05, 0.000413706671679, 0.000110800909169, 8.07111500762e-05, 0.000112117173558, 0.000163118034834, 0.00021481695876, 0.00032503384864, 0.000465846387669, 0.000637832214125, 0.000619120139163, 0.00066306773806, 0.000666232313961, 0.000413742789533, 0.000216268614167, 0.000118033414765, 8.32966252347e-05, 8.04476730991e-05, 5.72178250877e-05, 3.1563333323e-05, 1.89492657228e-05, 6.6590773713e-06, 1.02440560568e-06, 7.11465986569e-07],
        "min": [1.1678208094e-25, 1.44615618031e-24, 3.09884038574e-25, 4.04987778105e-25, 4.43792279906e-24, 2.73363298954e-24, 4.07559149112e-24, 5.88800099858e-24, 6.70253695969e-24, 1.00880968287e-23, 4.69041390343e-24, 1.53209583118e-23, 2.40680389332e-23, 2.20736297486e-23, 2.80499658136e-23, 3.15878081806e-23, 5.94426886923e-23, 7.2609193719e-23, 9.12549561994e-23, 1.26023445239e-22, 2.13722008218e-22, 2.58854141623e-22, 3.25777894891e-22, 5.39236133266e-22, 7.36479682834e-22, 1.1190254221e-21, 1.66517869168e-21],
        "stdev": [8.82385356817e-05, 0.000329636066454, 0.000711458269507, 0.000821447349153, 0.00324803474359, 0.00048679363681, 0.000282178953057, 0.000546649098396, 0.000618165417109, 0.000823448237497, 0.0012937146239, 0.00178877718281, 0.00260301213712, 0.00243168952875, 0.00316422781907, 0.00279578589834, 0.00177511596121, 0.000981371966191, 0.000448001432233, 0.000329001137288, 0.000325368571794, 0.000227020849707, 0.000120286480524, 7.71536724642e-05, 2.61443929048e-05, 4.13817087974e-06, 6.87874671712e-06]
    },
    "erbbands": {
        "max": [0.0453468114138, 1.28235065937, 9.94259357452, 19.3012619019, 111.192893982, 256.307830811, 39.5417251587, 76.6302642822, 27.6305274963, 66.5622940063, 165.986526489, 104.287391663, 190.530426025, 437.037384033, 568.677062988, 641.660583496, 1147.0625, 1256.46203613, 1532.38574219, 2125.19213867, 1331.06762695, 921.185302734, 690.774719238, 367.12210083, 151.031036377, 146.18901062, 111.870697021, 102.760749817, 73.8859329224, 60.750087738, 29.9775180817, 24.4625377655, 8.71660327911, 3.86909246445, 1.26528608799, 0.323881596327, 0.051358550787, 0.225914984941, 0.00767518812791, 0.000338581885444],
        "mean": [0.00127274252009, 0.0165176596493, 0.108592532575, 0.241990715265, 0.855822145939, 1.5882383585, 0.845927596092, 1.07118785381, 1.01756286621, 1.69494569302, 2.74745106697, 3.53262376785, 5.4860200882, 9.63730716705, 15.0863618851, 20.5004711151, 28.0277080536, 31.4971981049, 34.1918106079, 36.5680236816, 32.9156799316, 23.3929615021, 13.8963575363, 7.51748561859, 5.20058345795, 3.97386050224, 3.30723500252, 2.97524666786, 2.12740302086, 1.5234721899, 0.792218506336, 0.462085932493, 0.2615904212, 0.10020724684, 0.0359140001237, 0.00840377621353, 0.00107755034696, 0.00107585033402, 7.06204009475e-05, 9.45763440541e-06],
        "min": [6.21355505893e-23, 2.03566553712e-22, 1.40725919246e-21, 3.23155595025e-21, 9.38760814838e-21, 1.76822602916e-20, 3.72609807714e-20, 3.35731575691e-20, 3.50786068969e-20, 9.84725044279e-20, 1.29984505625e-19, 2.18000943047e-19, 2.6103439403e-19, 4.38313959304e-19, 6.86155727292e-19, 9.13221044739e-19, 1.26422304016e-18, 1.67306398555e-18, 1.93340833e-18, 2.58999721008e-18, 3.20118731622e-18, 3.32604795494e-18, 4.10596119254e-18, 5.25829244182e-18, 6.49903813164e-18, 6.21933362495e-18, 8.04917790829e-18, 8.36773922425e-18, 9.24223456784e-18, 9.98105161146e-18, 9.70207833243e-18, 9.44648035033e-18, 9.30888960878e-18, 5.80599684953e-18, 6.0450632135e-18, 3.95789338135e-18, 2.25666327556e-18, 9.53127236018e-19, 1.98944304396e-19, 2.49583332145e-20],
        "stdev": [0.0047143381089, 0.0991810038686, 0.731144011021, 1.45784497261, 7.5858836174, 13.4795923233, 3.85355901718, 5.24992752075, 3.49065756798, 6.52204799652, 13.341758728, 13.1133909225, 20.8922290802, 36.4961051941, 60.0908622742, 78.6114349365, 113.290908813, 122.494468689, 149.538101196, 161.723342896, 137.216674805, 99.5338439941, 62.3973197937, 31.1458721161, 19.9763088226, 15.4448375702, 13.1917085648, 12.1374177933, 8.25308036804, 5.85046958923, 3.05055069923, 1.92448318005, 1.02528679371, 0.391552776098, 0.142589390278, 0.0334295071661, 0.00478942552581, 0.0110641727224, 0.000547520641703, 3.55169468094e-05]
    },
    "gfcc": {
        "mean": [-1087.72290039, 8.7041683197, -25.1936035156, 3.16273093224, -8.23730564117, 3.15092635155, -5.76604938507, -0.163725778461, -2.62264728546, -0.241665542126, -1.84757900238, 0.0290128067136, -0.428582936525],
        "cov": [[194921.234375, 9840.22363281, -27707.1484375, 3484.71655273, -8965.28613281, 3500.92895508, -6236.62353516, -92.2454528809, -2745.51098633, -200.494140625, -1912.81787109, 35.8713989258, -419.034667969], [9840.22363281, 806.893859863, -1270.16113281, 249.047210693, -445.999481201, 145.469940186, -339.847106934, -53.5067443848, -170.96257019, -71.4619140625, -124.018455505, -31.0656776428, -26.3351325989], [-27707.1484375, -1270.16113281, 4027.30371094, -459.762451172, 1285.97717285, -520.694458008, 873.427185059, -18.6202335358, 369.807006836, -5.2130522728, 251.409317017, -21.2871685028, 53.2630462646], [3484.71655273, 249.047210693, -459.762451172, 98.0291671753, -155.028579712, 61.9485206604, -123.412750244, -15.9730863571, -59.5511245728, -20.021697998, -42.0111198425, -9.00362205505, -7.63675355911], [-8965.28613281, -445.999481201, 1285.97717285, -155.028579712, 435.639923096, -159.131759644, 288.086029053, -2.03763771057, 124.3383255, 5.62973022461, 86.1026306152, -3.0502383709, 19.4718589783], [3500.92895508, 145.469940186, -520.694458008, 61.9485206604, -159.131759644, 81.8534088135, -107.609779358, 8.89702415466, -45.5759468079, 6.04772377014, -28.9207057953, 3.71022486687, -4.10552549362], [-6236.62353516, -339.847106934, 873.427185059, -123.412750244, 288.086029053, -107.609779358, 212.873062134, 12.2816028595, 96.167350769, 14.5818567276, 66.7049179077, 2.92962908745, 15.1317644119], [-92.2454528809, -53.5067443848, -18.6202335358, -15.9730863571, -2.03763771057, 8.89702415466, 12.2816028595, 20.8847618103, 14.3903388977, 16.6994800568, 12.0185317993, 5.89668560028, 3.04755091667], [-2745.51098633, -170.96257019, 369.807006836, -59.5511245728, 124.3383255, -45.5759468079, 96.167350769, 14.3903388977, 54.4925460815, 16.0705890656, 37.6024856567, 4.52884912491, 8.1856880188], [-200.494140625, -71.4619140625, -5.2130522728, -20.021697998, 5.62973022461, 6.04772377014, 14.5818567276, 16.6994800568, 16.0705890656, 20.3207321167, 14.2812604904, 8.00204277039, 3.25504684448], [-1912.81787109, -124.018455505, 251.409317017, -42.0111198425, 86.1026306152, -28.9207057953, 66.7049179077, 12.0185317993, 37.6024856567, 14.2812604904, 30.4613037109, 4.9043006897, 7.41847515106], [35.8713989258, -31.0656776428, -21.2871685028, -9.00362205505, -3.0502383709, 3.71022486687, 2.92962908745, 5.89668560028, 4.52884912491, 8.00204277039, 4.9043006897, 7.00339365005, 1.89980256557], [-419.034667969, -26.3351325989, 53.2630462646, -7.63675355911, 19.4718589783, -4.10552549362, 15.1317644119, 3.04755091667, 8.1856880188, 3.25504684448, 7.41847515106, 1.89980256557, 6.18431091309]],
        "icov": [[0.00138764712028, -0.00240298430435, 0.00859946291894, -0.00468392111361, -0.00090121262474, 0.00501988315955, -0.000692830944899, 0.000713044020813, 0.0010052366415, -0.00520962011069, 0.00960564333946, -0.00305631780066, 0.0022848576773], [-0.00240298430435, 0.0176054276526, -0.0105062425137, -0.00749913277104, 0.00921581313014, -0.000874162069522, -0.00698560988531, 0.00538879167289, -0.000893056567293, 0.0430312305689, -0.0393830500543, 0.032286092639, -0.00592730427161], [0.00859946291894, -0.0105062425137, 0.0691410154104, -0.0466195605695, -0.0213960520923, 0.065078638494, -0.0362592898309, 0.00273212557659, 0.0206792447716, -0.0207283403724, 0.0430131629109, 0.0052667981945, 0.0131542636082], [-0.00468392111361, -0.00749913277104, -0.0466195605695, 0.138032838702, 0.0104526234791, -0.110562928021, 0.0865822061896, 0.0323690697551, -0.055232167244, 0.0594061203301, -0.0450982190669, 0.03246755898, -0.0254855379462], [-0.00090121262474, 0.00921581313014, -0.0213960520923, 0.0104526234791, 0.0681893602014, -0.0445790700614, -0.0164668802172, 0.0545949079096, -0.0226117130369, 0.0246340986341, -0.0346915461123, 0.0197254195809, -0.00302496179938], [0.00501988315955, -0.000874162069522, 0.065078638494, -0.110562928021, -0.0445790700614, 0.210960447788, -0.0718364194036, -0.0848873853683, 0.107551239431, -0.0991437956691, 0.057694312185, 0.00623900303617, -0.0239012911916], [-0.000692830944899, -0.00698560988531, -0.0362592898309, 0.0865822061896, -0.0164668802172, -0.0718364194036, 0.194590717554, -0.0389027893543, -0.0873492732644, 0.0398515872657, 0.0148205058649, -0.0375930964947, -0.0218713153154], [0.000713044020813, 0.00538879167289, 0.00273212557659, 0.0323690697551, 0.0545949079096, -0.0848873853683, -0.0389027893543, 0.253831624985, -0.0817603841424, -0.0401928424835, -0.0537070557475, 0.0780468732119, -0.000621776795015], [0.0010052366415, -0.000893056567293, 0.0206792447716, -0.055232167244, -0.0226117130369, 0.107551239431, -0.0873492732644, -0.0817603841424, 0.278805762529, -0.0955630466342, -0.103736639023, 0.018895033747, 0.0145135531202], [-0.00520962011069, 0.0430312305689, -0.0207283403724, 0.0594061203301, 0.0246340986341, -0.0991437956691, 0.0398515872657, -0.0401928424835, -0.0955630466342, 0.475323349237, -0.246413722634, -0.00690728053451, 0.0350707061589], [0.00960564333946, -0.0393830500543, 0.0430131629109, -0.0450982190669, -0.0346915461123, 0.057694312185, 0.0148205058649, -0.0537070557475, -0.103736639023, -0.246413722634, 0.483199268579, -0.126051425934, -0.0791635736823], [-0.00305631780066, 0.032286092639, 0.0052667981945, 0.03246755898, 0.0197254195809, 0.00623900303617, -0.0375930964947, 0.0780468732119, 0.018895033747, -0.00690728053451, -0.126051425934, 0.419939339161, -0.0784856155515], [0.0022848576773, -0.00592730427161, 0.0131542636082, -0.0254855379462, -0.00302496179938, -0.0239012911916, -0.0218713153154, -0.000621776795015, 0.0145135531202, 0.0350707061589, -0.0791635736823, -0.0784856155515, 0.275393009186]]
    },
    "melbands": {
        "max": [0.000869531766511, 0.00343084475026, 0.00475904392079, 0.0140332086012, 0.0022121979855, 0.00148729910143, 0.000405900122132, 0.00087833381258, 0.00137631362304, 0.000711576780304, 0.000947811000515, 0.00177253573202, 0.00179686397314, 0.00158390426077, 0.00215497566387, 0.00235657743178, 0.00244990247302, 0.00246860529296, 0.00394735299051, 0.00202271644957, 0.00138135347515, 0.00095289706951, 0.000831010518596, 0.000553142221179, 0.00027219648473, 0.000105036757304, 0.000124028272694, 9.22296967474e-05, 6.95994240232e-05, 7.49992104829e-05, 6.01026549703e-05, 4.41236188635e-05, 5.10050704179e-05, 2.66199986072e-05, 1.95802676899e-05, 1.6701162167e-05, 1.43199031299e-05, 7.87366843724e-06, 3.55272413799e-06, 2.9800592074e-06],
        "mean": [1.56171645358e-05, 4.4941491069e-05, 5.64331348869e-05, 9.86324012047e-05, 3.60380036e-05, 2.26642496273e-05, 1.59092560352e-05, 1.97172885237e-05, 2.27541786444e-05, 2.299251355e-05, 2.74359572359e-05, 3.71406531485e-05, 4.70074082841e-05, 5.13223531016e-05, 6.14944146946e-05, 6.12465519225e-05, 5.75710437261e-05, 5.41751251149e-05, 5.14655584993e-05, 4.71234561701e-05, 3.65205087292e-05, 2.44344919338e-05, 1.7910850147e-05, 9.05513206817e-06, 5.79022434977e-06, 3.94572316509e-06, 3.33039838551e-06, 2.44338320954e-06, 2.00319595933e-06, 2.07518132811e-06, 1.54978579303e-06, 1.21483662952e-06, 1.04578907667e-06, 7.69307746395e-07, 4.90708828238e-07, 2.98809453625e-07, 2.83446667027e-07, 2.09802735185e-07, 1.10963306099e-07, 7.58008482649e-08],
        "min": [6.83565033491e-25, 1.21775136597e-24, 7.9983366459e-25, 1.16454013411e-24, 1.45347848584e-24, 6.42638831121e-25, 5.43627222577e-25, 9.29506718798e-25, 8.94602483362e-25, 9.031890371e-25, 1.06534955275e-24, 1.58214879923e-24, 1.11993419144e-24, 1.62726040175e-24, 2.0684788849e-24, 2.43532661874e-24, 1.81681647891e-24, 2.38988408908e-24, 2.36297584639e-24, 2.86038932916e-24, 3.38155955531e-24, 3.38668478461e-24, 3.08999755082e-24, 2.83301684183e-24, 2.60388647267e-24, 3.72085494154e-24, 3.09201151271e-24, 3.50686971568e-24, 4.18925490908e-24, 4.03501919147e-24, 4.43895896786e-24, 4.15449690873e-24, 4.30126487458e-24, 4.94832684879e-24, 4.57455626886e-24, 5.01305919696e-24, 5.34717018931e-24, 5.4581321531e-24, 5.13823288438e-24, 4.025366295e-24],
        "stdev": [6.60608347971e-05, 0.000271810102277, 0.000386076397263, 0.000855984049849, 0.000174623506609, 0.00010494577873, 5.46923474758e-05, 8.02748036222e-05, 0.000107818603283, 8.65746696945e-05, 0.000105687235191, 0.000142228964251, 0.000186758261407, 0.000201570044737, 0.000247046031291, 0.000243943330133, 0.000225545823923, 0.000236663545365, 0.000251585239312, 0.000199758200324, 0.000153664077516, 0.000103728307295, 8.45831673359e-05, 4.05030150432e-05, 2.42252936005e-05, 1.4687069779e-05, 1.36513053803e-05, 9.53816925175e-06, 7.89515706856e-06, 8.70633266459e-06, 6.384642802e-06, 4.74025364383e-06, 4.26104907092e-06, 2.93050402433e-06, 1.92124889509e-06, 1.23197139601e-06, 1.20785387026e-06, 8.50756919135e-07, 4.23904197078e-07, 3.00511658224e-07]
    },
    "melbands128": {
        "max": [0.000540430773981, 0.000422150769737, 0.00105181836989, 0.00268703722395, 0.00526923406869, 0.00436971802264, 0.00348177761771, 0.00862939748913, 0.0156113067642, 0.0228240024298, 0.0165215004236, 0.00261802552268, 0.00194516067859, 0.00119931902736, 0.00286059896462, 0.000738204806112, 0.000491445534863, 0.000577645841986, 0.000826898787636, 0.000780749775004, 0.00128872366622, 0.00282447622158, 0.00231790775433, 0.00103008397855, 0.000757304776926, 0.00102675158996, 0.00174835673533, 0.00113331479952, 0.00153974606656, 0.00216787052341, 0.00205684732646, 0.00248894188553, 0.00221984134987, 0.002267296426, 0.0023738113232, 0.00226851878688, 0.00178641139064, 0.00254285056144, 0.00406100414693, 0.00232761655934, 0.00222222250886, 0.0026338044554, 0.00234708562493, 0.00379387498833, 0.0048706443049, 0.00322799780406, 0.00452308217064, 0.00438280310482, 0.0037490024697, 0.00244079134427, 0.00193952780683, 0.003219245933, 0.00171397766098, 0.00173793302383, 0.00158189854119, 0.00133047881536, 0.00111066678073, 0.00128218322061, 0.000974929833319, 0.000560451007914, 0.000532621052116, 0.000665732484777, 0.000392252724851, 0.00020109138859, 0.000219492867473, 0.00010697243124, 0.000212086277315, 0.000154405570356, 0.000148010483827, 0.000220616770093, 0.000103836558992, 0.000112581044959, 0.00012103751942, 9.11537572392e-05, 0.000104796883534, 9.94281945168e-05, 0.000108546417323, 0.000101344761788, 5.97580619797e-05, 6.3808147388e-05, 5.87432696193e-05, 5.04670970258e-05, 4.55163062725e-05, 6.75588671584e-05, 3.89861597796e-05, 3.4578893974e-05, 2.34918152273e-05, 3.97004077968e-05, 1.88151425391e-05, 2.12020477193e-05, 1.77512592927e-05, 1.34407009682e-05, 1.88905378309e-05, 1.69900376932e-05, 1.63368531503e-05, 1.62954784173e-05, 7.05342199581e-06, 4.85382906845e-06, 4.05020546168e-06, 6.66850246489e-06, 3.17447188536e-06, 3.23016365655e-06, 2.8787935662e-06, 1.74686226728e-06, 2.02953629014e-06, 1.23152801734e-06, 8.27468909392e-07, 7.05997024397e-07, 6.75190563015e-07, 3.61562001672e-07, 2.20270919726e-07, 2.00680787543e-07, 1.37266496836e-07, 1.00915919177e-07, 2.12114485976e-07, 2.0871354991e-06, 4.80567314298e-06, 2.39138046254e-07, 2.0716869642e-07, 3.03828898041e-07, 3.22568837419e-07, 8.00061314976e-08, 7.89106024968e-08, 7.75348496518e-08, 7.58681224511e-08, 7.46698773924e-08, 7.43738297615e-08, 7.40600540894e-08],
        "mean": [1.54870740516e-05, 9.79040669336e-06, 1.40043530337e-05, 2.94709570881e-05, 5.19588793395e-05, 5.22159134562e-05, 4.54154178442e-05, 4.90734564664e-05, 7.85047886893e-05, 0.000136041795486, 8.97210629773e-05, 4.01602919737e-05, 2.69309912255e-05, 1.85513417819e-05, 2.85797668766e-05, 2.15240088437e-05, 1.49450606841e-05, 1.48042681758e-05, 1.6491225324e-05, 1.95622615138e-05, 1.99047481146e-05, 2.43125614361e-05, 2.33940372709e-05, 2.12466111407e-05, 2.04340085475e-05, 2.47438638326e-05, 2.70953169093e-05, 2.63687670667e-05, 2.80768654193e-05, 3.45272856066e-05, 4.14025380451e-05, 4.08452360716e-05, 4.74698426842e-05, 5.1502687711e-05, 4.94476007589e-05, 5.35408253199e-05, 4.95181520819e-05, 6.30872164038e-05, 6.96803181199e-05, 5.7847948483e-05, 5.90386043768e-05, 6.66855776217e-05, 5.53909267182e-05, 5.5778233218e-05, 5.50075819774e-05, 5.36544030183e-05, 5.26500880369e-05, 5.51977791474e-05, 4.69098849862e-05, 5.05277675984e-05, 5.02477851114e-05, 3.93524715037e-05, 4.28092607763e-05, 3.18255442835e-05, 2.82722521661e-05, 2.21982136281e-05, 2.38569427893e-05, 2.17209017137e-05, 1.55435500346e-05, 1.09396187327e-05, 9.03018735698e-06, 7.46289197195e-06, 5.90013451074e-06, 5.7302058849e-06, 4.78777155877e-06, 3.42455450664e-06, 3.95436518374e-06, 3.5791447317e-06, 3.17038484354e-06, 3.0077305837e-06, 2.54663746091e-06, 2.06692197935e-06, 2.02123578674e-06, 2.0139254957e-06, 1.93781897906e-06, 2.03368654184e-06, 2.2787078251e-06, 1.92444235836e-06, 1.33511616696e-06, 1.3073761238e-06, 1.23500376503e-06, 1.17238914754e-06, 1.17108425002e-06, 1.06045183657e-06, 9.09055074771e-07, 8.76463502664e-07, 6.73694501074e-07, 6.5198929633e-07, 4.80348489873e-07, 3.87775287436e-07, 3.35320635259e-07, 2.58639062167e-07, 2.68300681228e-07, 2.6900218586e-07, 3.16589364502e-07, 2.70034718142e-07, 1.7756252646e-07, 1.38946234074e-07, 1.19446625035e-07, 9.17287366065e-08, 7.62074066074e-08, 7.77397275442e-08, 7.00452105207e-08, 5.2424368846e-08, 3.91601631122e-08, 2.69949360643e-08, 2.12850270742e-08, 1.71082170652e-08, 1.47932839312e-08, 9.32841803802e-09, 5.971867445e-09, 2.82174394961e-09, 1.56338786361e-09, 4.33338420702e-10, 1.44793133039e-09, 1.12191891333e-08, 1.9496967596e-08, 1.19867427095e-09, 1.5726454583e-09, 2.23599894156e-09, 1.64281777071e-09, 2.25180790681e-10, 1.59846164083e-10, 1.56059498657e-10, 1.4902257206e-10, 1.40549447081e-10, 1.36608141466e-10, 1.3555463696e-10],
        "min": [2.58308358813e-26, 1.25892068541e-25, 2.42828445744e-25, 1.50371038728e-25, 4.62616532422e-25, 9.16612614738e-26, 5.28707397669e-26, 2.16287935493e-25, 4.56570554533e-25, 1.85368224164e-25, 5.97584568937e-26, 4.02231670666e-26, 1.87459654661e-25, 2.55335293055e-25, 3.72218668666e-25, 1.17753698731e-25, 2.75267367591e-25, 1.89693634789e-25, 3.02084373589e-25, 2.57313854812e-25, 5.95170506656e-25, 3.59952473235e-25, 2.65339873574e-25, 3.49036339288e-25, 4.40209332839e-25, 2.51821632627e-25, 2.28259516027e-25, 2.3529418315e-25, 3.57721278772e-25, 5.00735178831e-25, 7.3445267555e-25, 6.48273960389e-25, 4.17135200666e-25, 5.29628639295e-25, 6.16817983882e-25, 6.21667309082e-25, 8.18669937373e-25, 6.76402718814e-25, 4.58012049926e-25, 6.52286304169e-25, 5.23211206527e-25, 1.13976990169e-24, 6.3041912918e-25, 7.86273737275e-25, 1.11009532102e-24, 6.13360554446e-25, 9.25625030106e-25, 1.19993375913e-24, 1.09212822504e-24, 8.53199414575e-25, 9.75029810878e-25, 1.41618893225e-24, 1.34032979963e-24, 8.81807455303e-25, 2.05953379388e-24, 1.68155030228e-24, 1.35100279185e-24, 1.46139647997e-24, 1.31124439944e-24, 1.38072854987e-24, 2.01279615183e-24, 1.48138207378e-24, 1.46525834853e-24, 1.67220052562e-24, 1.02681211981e-24, 1.9416878354e-24, 1.63456890221e-24, 1.96619103841e-24, 2.36581357628e-24, 1.72359008043e-24, 8.75674061764e-25, 2.6698437246e-24, 2.17660864082e-24, 2.30387793724e-24, 1.9430543397e-24, 2.11270735763e-24, 2.40245596811e-24, 1.85025787041e-24, 1.61734422295e-24, 2.69034838889e-24, 2.56449726716e-24, 3.10939011845e-24, 2.75645631325e-24, 2.27049748525e-24, 2.1447846114e-24, 3.17139557168e-24, 2.80345408219e-24, 2.61459940097e-24, 2.68638672942e-24, 2.75693337689e-24, 3.43633568999e-24, 3.51309185607e-24, 3.72850649789e-24, 3.60418793568e-24, 3.03100278524e-24, 3.16113998548e-24, 3.11211385794e-24, 4.00938397306e-24, 3.1846693397e-24, 3.81303491603e-24, 3.26732894636e-24, 3.43319168485e-24, 3.27917487615e-24, 3.86664116999e-24, 3.91489539713e-24, 4.05759047412e-24, 4.07167795217e-24, 4.02836672746e-24, 3.87414915365e-24, 4.3786122919e-24, 4.61234310065e-24, 3.82642898534e-24, 4.14240248776e-24, 4.71684113818e-24, 3.94137351341e-24, 3.5528441348e-24, 4.90195247719e-24, 4.85006672887e-24, 5.3617349282e-24, 4.81796482319e-24, 3.99131550846e-24, 5.01751428892e-24, 4.22034233963e-24, 4.33787117602e-24, 4.80446544095e-24, 5.49538177061e-24, 5.06661772482e-24, 5.38386997077e-24],
        "stdev": [5.96905301791e-05, 3.91205576307e-05, 7.69766411395e-05, 0.000197026878595, 0.000381277670385, 0.000314692326356, 0.00027097700513, 0.000503292714711, 0.000832384452224, 0.00141279119998, 0.000812723883428, 0.000205854317755, 0.000149485320435, 9.65270301094e-05, 0.000182280564331, 8.20843197289e-05, 5.47123418073e-05, 6.06340217928e-05, 6.78497672197e-05, 8.29313430586e-05, 9.95927257463e-05, 0.000151242726133, 0.000137838840601, 9.20150487218e-05, 8.01463174867e-05, 0.000102236394014, 0.000132525936351, 0.000108409622044, 0.000123498728499, 0.000148637947859, 0.000169530481799, 0.000185554672498, 0.000203710456844, 0.000228108037845, 0.000221766313189, 0.00022882092162, 0.000197760295123, 0.000262033834588, 0.000338831479894, 0.000249525386607, 0.000245176051976, 0.000283208559267, 0.000228772361879, 0.000258627929725, 0.000287973118247, 0.000254158134339, 0.00027475238312, 0.000289173272904, 0.000243868911639, 0.000231985264691, 0.000220198242459, 0.000197604415007, 0.000188769699889, 0.000142571909237, 0.000139671901707, 9.98773321044e-05, 0.000111483030196, 0.00011305706721, 8.07859978522e-05, 4.91725040774e-05, 4.04940401495e-05, 3.91790053982e-05, 2.89016825263e-05, 2.28527023864e-05, 1.94867607206e-05, 1.29691425172e-05, 1.76257890416e-05, 1.52685588546e-05, 1.45358326336e-05, 1.40517140608e-05, 1.04896789708e-05, 8.8784199761e-06, 8.90117553354e-06, 8.04008868727e-06, 8.72616783454e-06, 9.04874286789e-06, 9.93795492832e-06, 8.75023943081e-06, 5.40266955795e-06, 5.99253644396e-06, 5.22101345268e-06, 4.677353445e-06, 4.86594581162e-06, 4.8557435548e-06, 3.53184236701e-06, 3.49367087438e-06, 2.66266715698e-06, 2.89768331641e-06, 1.90460229987e-06, 1.61900049989e-06, 1.42596218211e-06, 1.10047392354e-06, 1.25515737182e-06, 1.17659681109e-06, 1.37772940434e-06, 1.29503246171e-06, 7.19779507108e-07, 5.20793548731e-07, 4.78141203075e-07, 4.25682344485e-07, 3.14693579639e-07, 3.14126708645e-07, 2.9266092838e-07, 2.13221184708e-07, 1.74059323399e-07, 1.10021304067e-07, 8.5331414823e-08, 6.98932751675e-08, 6.31296117604e-08, 3.74088280353e-08, 2.47270417475e-08, 1.56627883996e-08, 9.40608568811e-09, 4.49499459876e-09, 1.25954837671e-08, 1.07492176937e-07, 2.27181160994e-07, 1.19956542477e-08, 1.37795277411e-08, 2.16230198191e-08, 1.67114375671e-08, 3.59716700871e-09, 3.36129213352e-09, 3.30268634663e-09, 3.23174398353e-09, 3.18086312845e-09, 3.16837422965e-09, 3.15502646231e-09]
    },
    "mfcc": {
        "mean": [-1174.61340332, 12.60795784, -7.21422386169, -0.102184988558, -0.162381336093, 1.90058195591, -1.06477546692, 0.348091900349, -0.272095769644, -0.32548853755, -0.680210351944, -0.12861096859, -0.212229371071],
        "cov": [[53187.3632812, 6999.80615234, -4358.17285156, -165.833572388, -148.857391357, 1050.55944824, -626.362487793, 205.749389648, -116.946800232, -124.374206543, -307.207061768, 17.2488441467, -52.9637260437], [6999.80615234, 1164.28869629, -468.754364014, 63.3030090332, 10.4676389694, 158.02116394, -92.3725814819, 24.2502555847, -38.6578063965, -47.8498687744, -88.4975738525, -47.0952148438, -44.5188827515], [-4358.17285156, -468.754364014, 426.4921875, 61.6465301514, 27.0350093842, -78.2748947144, 45.0195083618, -17.6510868073, -1.17580544949, -2.05703949928, 5.0420088768, -24.6534061432, -12.2476625443], [-165.833572388, 63.3030090332, 61.6465301514, 44.2582702637, 19.6706962585, 7.58030557632, -2.32242178917, -1.66612505913, -9.37144374847, -10.864657402, -16.9173278809, -18.9769268036, -14.2157964706], [-148.857391357, 10.4676389694, 27.0350093842, 19.6706962585, 22.1265640259, 8.96892356873, 3.57269763947, -0.961923539639, -3.92362093925, -4.83566427231, -7.11718511581, -8.41323566437, -6.87195205688], [1050.55944824, 158.02116394, -78.2748947144, 7.58030557632, 8.96892356873, 34.981880188, -8.15536594391, 4.90950679779, -3.9600148201, -6.69846868515, -12.1133079529, -5.79674911499, -6.83461809158], [-626.362487793, -92.3725814819, 45.0195083618, -2.32242178917, 3.57269763947, -8.15536594391, 15.5741634369, -0.52452236414, 4.20642280579, 2.54401230812, 4.65051937103, 0.796979904175, -0.125591889024], [205.749389648, 24.2502555847, -17.6510868073, -1.66612505913, -0.961923539639, 4.90950679779, -0.52452236414, 4.59459733963, 1.58576977253, 0.136130154133, -0.0538815185428, 0.477024108171, -0.464603364468], [-116.946800232, -38.6578063965, -1.17580544949, -9.37144374847, -3.92362093925, -3.9600148201, 4.20642280579, 1.58576977253, 6.81017971039, 4.16888189316, 6.36868619919, 4.80571365356, 2.99642825127], [-124.374206543, -47.8498687744, -2.05703949928, -10.864657402, -4.83566427231, -6.69846868515, 2.54401230812, 0.136130154133, 4.16888189316, 7.73707151413, 9.09834766388, 7.10892009735, 5.7145242691], [-307.207061768, -88.4975738525, 5.0420088768, -16.9173278809, -7.11718511581, -12.1133079529, 4.65051937103, -0.0538815185428, 6.36868619919, 9.09834766388, 16.1589775085, 11.2056627274, 8.37868404388], [17.2488441467, -47.0952148438, -24.6534061432, -18.9769268036, -8.41323566437, -5.79674911499, 0.796979904175, 0.477024108171, 4.80571365356, 7.10892009735, 11.2056627274, 14.5597248077, 9.44328022003], [-52.9637260437, -44.5188827515, -12.2476625443, -14.2157964706, -6.87195205688, -6.83461809158, -0.125591889024, -0.464603364468, 2.99642825127, 5.7145242691, 8.37868404388, 9.44328022003, 10.1388149261]],
        "icov": [[0.00131411617622, -0.00439967960119, 0.00761422840878, -0.00345653435215, 0.00218979408965, -0.00399141339585, 0.00341183226556, -0.00231691799127, -0.000721668940969, -0.0058501441963, -0.00225181598216, -0.00104120105971, -0.00303151505068], [-0.00439967960119, 0.0293002873659, -0.0095618981868, -0.015765612945, 0.0093441195786, 0.00420360406861, 0.00791289377958, -0.00450607622042, 0.00976190716028, 0.0179407037795, 0.0260178484023, 0.0197532419115, 0.0281787831336], [0.00761422840878, -0.0095618981868, 0.0850062444806, -0.0886741280556, 0.0282942093909, 0.0131628541276, -0.00421642046422, -0.0086536500603, 0.000664935214445, -0.0198958683759, -0.0127865271643, 0.0339019857347, -0.00624450109899], [-0.00345653435215, -0.015765612945, -0.0886741280556, 0.210311725736, -0.0852097049356, -0.0214988961816, 0.0524702742696, -0.0168186668307, 0.021681195125, -0.0141149023548, 0.0276556853205, -0.0227705128491, 0.0280156470835], [0.00218979408965, 0.0093441195786, 0.0282942093909, -0.0852097049356, 0.134578496218, -0.0657215937972, -0.0197884906083, 0.0165723171085, 0.0250260271132, -0.00584409432486, -0.00856380909681, 0.016173414886, 0.00251150759868], [-0.00399141339585, 0.00420360406861, 0.0131628541276, -0.0214988961816, -0.0657215937972, 0.180790141225, -0.0762080922723, -0.0157212167978, -0.00636360002682, 0.0452508814633, 0.00721940258518, 0.0167709849775, 0.0138151431456], [0.00341183226556, 0.00791289377958, -0.00421642046422, 0.0524702742696, -0.0197884906083, -0.0762080922723, 0.239891722798, -0.0574101209641, -0.0545732043684, -0.0535853356123, 0.0533404536545, -0.0133101707324, 0.0712476819754], [-0.00231691799127, -0.00450607622042, -0.0086536500603, -0.0168186668307, 0.0165723171085, -0.0157212167978, -0.0574101209641, 0.358668982983, -0.117662720382, 0.0276050083339, -0.0430006161332, 0.00351997488178, 0.00190705270506], [-0.000721668940969, 0.00976190716028, 0.000664935214445, 0.021681195125, 0.0250260271132, -0.00636360002682, -0.0545732043684, -0.117662720382, 0.349293172359, -0.0614157058299, -0.040726531297, -0.00145935814362, 0.043302513659], [-0.0058501441963, 0.0179407037795, -0.0198958683759, -0.0141149023548, -0.00584409432486, 0.0452508814633, -0.0535853356123, 0.0276050083339, -0.0614157058299, 0.463740259409, -0.180898755789, 0.00746627477929, -0.0691510662436], [-0.00225181598216, 0.0260178484023, -0.0127865271643, 0.0276556853205, -0.00856380909681, 0.00721940258518, 0.0533404536545, -0.0430006161332, -0.040726531297, -0.180898755789, 0.338239878416, -0.085124835372, 0.037323217839], [-0.00104120105971, 0.0197532419115, 0.0339019857347, -0.0227705128491, 0.016173414886, 0.0167709849775, -0.0133101707324, 0.00351997488178, -0.00145935814362, 0.00746627477929, -0.085124835372, 0.314026921988, -0.113327644765], [-0.00303151505068, 0.0281787831336, -0.00624450109899, 0.0280156470835, 0.00251150759868, 0.0138151431456, 0.0712476819754, 0.00190705270506, 0.043302513659, -0.0691510662436, 0.037323217839, -0.113327644765, 0.351136088371]]
    },
    "spectral_contrast_coeffs": {
        "max": [-0.384979903698, -0.655137240887, -0.675217032433, -0.739489376545, -0.691388726234, -0.647336900234],
        "mean": [-0.927864134312, -0.942510128021, -0.938518285751, -0.94178968668, -0.936886787415, -0.928452730179],
        "min": [-0.980880558491, -0.982534825802, -0.979407787323, -0.976392447948, -0.969899117947, -0.966725766659],
        "stdev": [0.0939616784453, 0.0552852377295, 0.0573223270476, 0.0509286448359, 0.0597889721394, 0.0793283432722]
    },
    "spectral_contrast_valleys": {
        "max": [-5.71376132965, -5.14177465439, -4.91675567627, -4.52153491974, -5.41853427887, -8.09100723267],
        "mean": [-24.5064048767, -24.3416347504, -24.3337440491, -24.2785758972, -24.3865509033, -24.8132286072],
        "min": [-28.2231292725, -28.1178646088, -28.0015869141, -27.8662548065, -27.7751598358, -27.4925613403],
        "stdev": [6.76584005356, 7.13568687439, 7.22275018692, 7.30618619919, 7.07650279999, 6.01933431625]
    }
},
"rhythm": {
    "beats_count": 27,
    "beats_loudness": {
        "max": 0.0694609284401,
        "mean": 0.00522383674979,
        "min": 0,
        "stdev": 0.0155706787482
    },
    "bpm": 124.647468567,
    "bpm_histogram_first_peak_bpm": 126,
    "bpm_histogram_first_peak_weight": 0.466666698456,
    "bpm_histogram_second_peak_bpm": 133,
    "bpm_histogram_second_peak_spread": 0.125,
    "bpm_histogram_second_peak_weight": 0.269230782986,
    "danceability": 0.916899383068,
    "onset_rate": 0.391869038343,
    "beats_loudness_band_ratio": {
        "max": [0.372594535351, 0.149469614029, 0.156114667654, 0.735913336277, 0.446299135685, 0.0802658423781],
        "mean": [0.0157525874674, 0.00735297705978, 0.010877372697, 0.0689488723874, 0.0410390608013, 0.0072303712368],
        "min": [0, 0, 0, 0, 0, 0],
        "stdev": [0.0702315047383, 0.0283821690828, 0.0321957170963, 0.178368031979, 0.116718038917, 0.0192599073052]
    },
    "beats_position": [0.441179126501, 0.893968224525, 1.34675729275, 1.79954648018, 2.2523355484, 2.70512461662, 3.14630389214, 3.59909296036, 4.05188179016, 4.52789115906, 5.00390005112, 5.47990942001, 5.95591831207, 6.43192720413, 6.90793657303, 7.38394546509, 7.81351470947, 8.24308395386, 8.67265319824, 9.16027164459, 9.64789104462, 10.1355104446, 10.623128891, 11.110748291, 11.5867567062, 12.0743761063, 12.5619955063],
    "bpm_histogram": [0, 0, 0, 0, 0, 0, 0, 0, 0, 0, 0, 0, 0, 0, 0, 0, 0, 0, 0, 0, 0, 0, 0, 0, 0, 0, 0, 0, 0, 0, 0, 0, 0, 0, 0, 0, 0, 0, 0, 0, 0, 0, 0, 0, 0, 0, 0, 0, 0, 0, 0, 0, 0, 0, 0, 0, 0, 0, 0, 0, 0, 0, 0, 0, 0, 0, 0, 0, 0, 0, 0, 0, 0, 0, 0, 0, 0, 0, 0, 0, 0, 0, 0, 0, 0, 0, 0, 0, 0, 0, 0, 0, 0, 0, 0, 0, 0, 0, 0, 0, 0, 0, 0, 0, 0, 0, 0, 0, 0, 0, 0, 0, 0, 0, 0, 0, 0, 0, 0, 0, 0, 0, 0, 0.269230782986, 0, 0, 0.307692319155, 0, 0, 0, 0, 0, 0, 0.269230782986, 0, 0, 0.0384615398943, 0, 0, 0, 0.115384615958, 0, 0, 0, 0, 0, 0, 0, 0, 0, 0, 0, 0, 0, 0, 0, 0, 0, 0, 0, 0, 0, 0, 0, 0, 0, 0, 0, 0, 0, 0, 0, 0, 0, 0, 0, 0, 0, 0, 0, 0, 0, 0, 0, 0, 0, 0, 0, 0, 0, 0, 0, 0, 0, 0, 0, 0, 0, 0, 0, 0, 0, 0, 0, 0, 0, 0, 0, 0, 0, 0, 0, 0, 0, 0, 0, 0, 0, 0, 0, 0, 0, 0, 0, 0, 0, 0, 0, 0, 0, 0, 0, 0, 0, 0, 0, 0, 0, 0, 0, 0, 0, 0, 0, 0, 0, 0, 0, 0, 0]
},
"tonal": {
    "chords_changes_rate": 0.0362318828702,
