{
"metadata": {
    "version": {
        "essentia": "2.1-beta5",
        "essentia_git_sha": "Undefined",
        "extractor": "music 2.0"
    },
    "audio_properties": {
        "analysis": {
            "equal_loudness": 0,
            "length": 32.4963264465,
            "sample_rate": 44100,
            "start_time": 158.998641968,
            "downmix": "mix"
        },
        "bit_rate": 192000,
        "length": 212.439376831,
        "lossless": 0,
        "number_channels": 2,
        "replay_gain": -1.30438232422,
        "sample_rate": 48000,
        "codec": "mp3",
        "md5_encoded": "88b792070f6d5263096ce701387fbdee"
    },
    "tags": {
        "file_name": "Spain_Ella No Es Ella_Alejandro Abad.mp3",
        "encoding": ["Lavf58.29.100"]
    }
},
"lowlevel": {
    "average_loudness": 0.984113335609,
    "barkbands_crest": {
        "max": 22.0358505249,
        "mean": 7.09253358841,
        "min": 2.29014492035,
        "stdev": 2.86437320709
    },
    "barkbands_flatness_db": {
        "max": 0.208772271872,
        "mean": 0.10869936645,
        "min": 0.0486500412226,
        "stdev": 0.0222801100463
    },
    "barkbands_kurtosis": {
        "max": 11.8631677628,
        "mean": -0.219131007791,
        "min": -1.60272812843,
        "stdev": 1.10016429424
    },
    "barkbands_skewness": {
        "max": 3.44601559639,
        "mean": 0.455133020878,
        "min": -1.08441925049,
        "stdev": 0.566671788692
    },
    "barkbands_spread": {
        "max": 56.8838005066,
        "mean": 25.4790554047,
        "min": 7.93804979324,
        "stdev": 7.94841146469
    },
    "dissonance": {
        "max": 0.499999701977,
        "mean": 0.472777158022,
        "min": 0.36362400651,
        "stdev": 0.0166916586459
    },
    "dynamic_complexity": 1.05705022812,
    "erbbands_crest": {
        "max": 26.9544944763,
        "mean": 8.43846988678,
        "min": 2.59118413925,
        "stdev": 3.79324388504
    },
    "erbbands_flatness_db": {
        "max": 0.272621780634,
        "mean": 0.176948323846,
        "min": 0.103109076619,
        "stdev": 0.0290616452694
    },
    "erbbands_kurtosis": {
        "max": 5.35737133026,
        "mean": 0.0428694784641,
        "min": -1.47132837772,
        "stdev": 0.937643766403
    },
    "erbbands_skewness": {
        "max": 1.44010102749,
        "mean": -0.00418195175007,
        "min": -1.91207706928,
        "stdev": 0.449119120836
    },
    "erbbands_spread": {
        "max": 85.8322219849,
        "mean": 31.274433136,
        "min": 8.89344596863,
        "stdev": 11.9228162766
    },
    "hfc": {
        "max": 151.508026123,
        "mean": 36.9396362305,
        "min": 0.439711034298,
        "stdev": 16.8780460358
    },
    "loudness_ebu128": {
        "integrated": -20.9601631165,
        "loudness_range": 0.771421432495,
        "momentary": {
            "max": -19.4572029114,
            "mean": -21.0142040253,
            "min": -23.6168003082,
            "stdev": 0.697103857994
        },
        "short_term": {
            "max": -20.4873752594,
            "mean": -20.9814929962,
            "min": -21.4439163208,
            "stdev": 0.269060820341
        }
    },
    "melbands_crest": {
        "max": 26.4515266418,
        "mean": 9.72946548462,
        "min": 3.67669939995,
        "stdev": 3.91145086288
    },
    "melbands_flatness_db": {
        "max": 0.261085242033,
        "mean": 0.121695138514,
        "min": 0.0373638048768,
        "stdev": 0.0295777060091
    },
    "melbands_kurtosis": {
        "max": 35.0921401978,
        "mean": 2.02618098259,
        "min": -1.59756147861,
        "stdev": 3.30462408066
    },
    "melbands_skewness": {
        "max": 5.39223527908,
        "mean": 1.20292830467,
        "min": -0.539402246475,
        "stdev": 0.779120385647
    },
    "melbands_spread": {
        "max": 114.692245483,
        "mean": 38.5425033569,
        "min": 6.67177581787,
        "stdev": 12.3858690262
    },
    "pitch_salience": {
        "max": 0.897846758366,
        "mean": 0.598052501678,
        "min": 0.241989597678,
        "stdev": 0.0789859369397
    },
    "silence_rate_20dB": {
        "max": 1,
        "mean": 1,
        "min": 1,
        "stdev": 0
    },
    "silence_rate_30dB": {
        "max": 1,
        "mean": 1,
        "min": 1,
        "stdev": 0
    },
    "silence_rate_60dB": {
        "max": 0,
        "mean": 0,
        "min": 0,
        "stdev": 0
    },
    "spectral_centroid": {
        "max": 3347.77758789,
        "mean": 1869.26538086,
        "min": 695.692382812,
        "stdev": 403.642486572
    },
    "spectral_complexity": {
        "max": 51,
        "mean": 29.1955738068,
        "min": 0,
        "stdev": 6.68354940414
    },
    "spectral_decrease": {
        "max": -1.28075550165e-10,
        "mean": -6.3419420826e-09,
        "min": -1.78365038295e-08,
        "stdev": 2.20765805636e-09
    },
    "spectral_energy": {
        "max": 0.0752363950014,
        "mean": 0.0272864997387,
        "min": 0.000523273018189,
        "stdev": 0.0094635868445
    },
    "spectral_energyband_high": {
        "max": 0.0118737444282,
        "mean": 0.00141845282633,
        "min": 1.00618817669e-05,
        "stdev": 0.00134140893351
    },
    "spectral_energyband_low": {
        "max": 0.0133811421692,
        "mean": 0.00137907708995,
        "min": 3.66263375327e-05,
        "stdev": 0.00172842154279
    },
    "spectral_energyband_middle_high": {
        "max": 0.0474083572626,
        "mean": 0.0128572639078,
        "min": 0.000186445759027,
        "stdev": 0.00662465300411
    },
    "spectral_energyband_middle_low": {
        "max": 0.0589521601796,
        "mean": 0.012069764547,
        "min": 0.000273283978458,
        "stdev": 0.00654405588284
    },
    "spectral_entropy": {
        "max": 8.48673534393,
        "mean": 7.73863554001,
        "min": 6.94422483444,
        "stdev": 0.233126714826
    },
    "spectral_flux": {
        "max": 0.218147039413,
        "mean": 0.0969790890813,
        "min": 0.0418664775789,
        "stdev": 0.0284138396382
    },
    "spectral_kurtosis": {
        "max": 18.987865448,
        "mean": 3.49968624115,
        "min": -0.234629154205,
        "stdev": 1.73138141632
    },
    "spectral_rms": {
        "max": 0.00856745894998,
        "mean": 0.00507786870003,
        "min": 0.000714500027243,
        "stdev": 0.000914426869713
    },
    "spectral_rolloff": {
        "max": 7515.08789062,
        "mean": 2384.35766602,
        "min": 344.53125,
        "stdev": 871.519958496
    },
    "spectral_skewness": {
        "max": 3.0600669384,
        "mean": 1.28345274925,
        "min": 0.526449680328,
        "stdev": 0.259871095419
    },
    "spectral_spread": {
        "max": 13036898,
        "mean": 3975550.75,
        "min": 1889104.125,
        "stdev": 915083.25
    },
    "spectral_strongpeak": {
        "max": 10.7117729187,
        "mean": 2.11082339287,
        "min": 0.00588839082047,
        "stdev": 1.85680246353
    },
    "zerocrossingrate": {
        "max": 0.20947265625,
        "mean": 0.0828467980027,
        "min": 0.0185546875,
        "stdev": 0.0201669428498
    },
    "barkbands": {
        "max": [0.000541648827493, 0.00817268621176, 0.0100024910644, 0.0110814329237, 0.0410702340305, 0.0251716189086, 0.0304762329906, 0.0176810547709, 0.0518580749631, 0.0210882499814, 0.0200974456966, 0.0250176042318, 0.0238095745444, 0.0354666896164, 0.022969968617, 0.00801990460604, 0.00987182557583, 0.0108496109024, 0.0184136349708, 0.007238750346, 0.00268786726519, 0.00322525179945, 0.00214830436744, 0.00189775892068, 0.00184847146738, 0.00062079919735, 3.25683708979e-06],
        "mean": [4.78450056107e-05, 0.00049990991829, 0.000511369202286, 0.000790798920207, 0.00338778272271, 0.00269140349701, 0.00113767036237, 0.00114732480142, 0.00256957113743, 0.00133167614695, 0.0013318679994, 0.00139811355621, 0.001182816457, 0.00185190315824, 0.00210827216506, 0.000832341203932, 0.000897363817785, 0.00107619562186, 0.000747270940337, 0.000588852271903, 0.000343028659699, 0.000319059210597, 0.000268299510935, 0.000129314736114, 7.58035821491e-05, 2.06329823413e-05, 6.03151173451e-09],
        "min": [5.67971198961e-07, 2.73377918347e-06, 2.2556193926e-06, 4.71426460535e-07, 9.38129014685e-05, 4.70765553473e-05, 1.12798916234e-05, 6.59784973323e-06, 2.47898587986e-05, 1.78168411367e-05, 5.46691671843e-06, 7.67647452449e-06, 5.15236979481e-06, 1.93887826754e-05, 3.2074705814e-05, 2.09908521356e-05, 1.94170047507e-06, 4.9684977057e-06, 6.26449991614e-06, 9.55052928475e-06, 3.86078409065e-06, 7.56814415581e-07, 6.56077361327e-07, 4.26852807323e-07, 1.14572976884e-07, 7.88285603459e-10, 1.1652094567e-10],
        "stdev": [5.20322755619e-05, 0.000937312259339, 0.000899871694855, 0.00110302539542, 0.00375840626657, 0.00274502974935, 0.00169458426535, 0.00163034664001, 0.00348595087416, 0.00179502402898, 0.00206042546779, 0.00216153170913, 0.00175106688403, 0.00285860779695, 0.002841261914, 0.000978393480182, 0.00108844903298, 0.0010052670259, 0.000916940567549, 0.000594437646214, 0.000356303789886, 0.000333451491315, 0.000323251442751, 0.000173918524524, 0.000141444383189, 4.89082485728e-05, 8.77221637552e-08]
    },
    "erbbands": {
        "max": [0.128006607294, 2.25803256035, 8.49376296997, 18.2002696991, 71.6328277588, 185.649917603, 213.032012939, 263.451965332, 490.893432617, 169.990341187, 476.362518311, 839.370666504, 865.689819336, 739.232299805, 828.685424805, 1232.83740234, 1210.41687012, 2060.66699219, 1392.90930176, 980.387573242, 499.491241455, 454.933563232, 654.35345459, 1318.84631348, 357.27633667, 462.077667236, 169.277648926, 100.878684998, 98.1078948975, 103.297164917, 64.4629974365, 45.9156227112, 32.5426712036, 28.5226039886, 9.66762065887, 5.05116462708, 0.593512535095, 0.0232008974999, 0.000646890839562, 0.000126918588649],
        "mean": [0.00922084134072, 0.134181529284, 0.566003203392, 1.69261419773, 5.69847726822, 11.6460914612, 23.1492919922, 19.0917854309, 18.8329257965, 13.0023298264, 33.8425521851, 51.7197608948, 50.3155899048, 55.5428276062, 57.0320739746, 56.5449638367, 54.4824333191, 95.7204666138, 113.535835266, 71.7317352295, 52.391872406, 45.2155075073, 53.7132453918, 51.8689002991, 34.7502670288, 27.0108013153, 16.5550003052, 12.0622396469, 10.7789669037, 10.5493659973, 7.47972583771, 3.36209797859, 1.84996902943, 0.874117553234, 0.553194761276, 0.167729601264, 0.0223509948701, 0.000829428958241, 4.73115069326e-05, 3.87511026929e-05],
        "min": [0.000157907343237, 0.00104301015381, 0.0043894322589, 0.0302949827164, 0.0903590843081, 0.309391856194, 0.453365176916, 0.352505683899, 0.226326972246, 0.103902406991, 0.330055385828, 0.646702349186, 0.969326019287, 1.43174540997, 1.15865325928, 0.266688168049, 0.228813409805, 0.560364365578, 2.21838641167, 0.937103688717, 1.04235255718, 0.183306455612, 0.333362728357, 0.20083746314, 0.358840376139, 0.570235133171, 0.136724233627, 0.169593527913, 0.0355252400041, 0.0277338847518, 0.0164764914662, 0.0128145068884, 0.00424703210592, 0.00139562599361, 0.000904326851014, 0.000390087632695, 0.000119185431686, 7.55401242714e-06, 6.08067466601e-06, 1.58971329256e-06],
        "stdev": [0.0144705362618, 0.260129243135, 0.983903110027, 1.90849280357, 7.26230096817, 15.8968429565, 27.5655708313, 22.5530452728, 25.7613315582, 14.1343755722, 47.249294281, 72.6576080322, 76.0506973267, 74.1720123291, 69.5295181274, 91.6016464233, 81.8045730591, 151.029281616, 140.653533936, 91.0786895752, 59.6161689758, 46.7024726868, 49.3487434387, 70.0976791382, 29.8239078522, 28.4859199524, 17.0079021454, 13.0357294083, 11.5447454453, 11.7621736526, 9.51017951965, 4.43473148346, 2.55606126785, 1.52825093269, 1.17125570774, 0.387107491493, 0.0503770112991, 0.00183616136201, 6.14720702288e-05, 1.56609748956e-05]
    },
    "gfcc": {
        "mean": [40.2221031189, 80.9408187866, -163.39491272, 33.0426940918, -74.2971725464, 12.157907486, -49.6794815063, 0.825704574585, -29.1713237762, -3.85706281662, -15.3358049393, -3.01306819916, -7.55268144608],
        "cov": [[675.783325195, -370.089752197, 129.667922974, 4.85809993744, -60.3720855713, 79.6039581299, -42.8154449463, 88.8277893066, -73.2169494629, 56.6011123657, -74.8205337524, 19.0038986206, -53.8232078552], [-370.089752197, 553.620361328, -128.340759277, 5.29570579529, 109.918739319, -51.4041252136, 127.142730713, -66.1469726562, 91.4477539062, -60.6848983765, 93.1748275757, -53.0865783691, 26.9726810455], [129.667922974, -128.340759277, 350.918365479, 46.3778114319, -38.9964523315, 35.0558509827, -59.5179862976, 52.1720199585, -70.6009140015, 66.9825820923, -71.9317169189, 53.6584472656, -19.6605529785], [4.85809993744, 5.29570579529, 46.3778114319, 160.278396606, 5.02958202362, -1.66517722607, -10.8556470871, -28.7870025635, 39.7710227966, -16.5120201111, 3.11454319954, 12.8188562393, 19.3113918304], [-60.3720855713, 109.918739319, -38.9964523315, 5.02958202362, 162.242141724, 16.1561336517, 52.8884773254, 27.7757053375, 14.4509601593, 20.5663986206, 9.71525764465, 4.41286706924, -5.20007276535], [79.6039581299, -51.4041252136, 35.0558509827, -1.66517722607, 16.1561336517, 101.671325684, 43.9885139465, 26.7662410736, -19.6601257324, 11.9684247971, -6.72943353653, -7.15988540649, -15.609375], [-42.8154449463, 127.142730713, -59.5179862976, -10.8556470871, 52.8884773254, 43.9885139465, 145.768432617, 32.3254928589, 13.9449396133, 2.78272390366, 27.3304443359, -23.9880962372, -5.92903900146], [88.8277893066, -66.1469726562, 52.1720199585, -28.7870025635, 27.7757053375, 26.7662410736, 32.3254928589, 110.0809021, -7.22466468811, 36.3914718628, -15.3356533051, 6.64675140381, -14.4862718582], [-73.2169494629, 91.4477539062, -70.6009140015, 39.7710227966, 14.4509601593, -19.6601257324, 13.9449396133, -7.22466468811, 102.227737427, -1.17748093605, 31.4914836884, -1.28433346748, 14.7611589432], [56.6011123657, -60.6848983765, 66.9825820923, -16.5120201111, 20.5663986206, 11.9684247971, 2.78272390366, 36.3914718628, -1.17748093605, 96.9801025391, 0.460155785084, 28.1630134583, -10.8311100006], [-74.8205337524, 93.1748275757, -71.9317169189, 3.11454319954, 9.71525764465, -6.72943353653, 27.3304443359, -15.3356533051, 31.4914836884, 0.460155785084, 83.1970825195, 7.12602519989, 7.50833797455], [19.0038986206, -53.0865783691, 53.6584472656, 12.8188562393, 4.41286706924, -7.15988540649, -23.9880962372, 6.64675140381, -1.28433346748, 28.1630134583, 7.12602519989, 76.2805938721, 13.0723104477], [-53.8232078552, 26.9726810455, -19.6605529785, 19.3113918304, -5.20007276535, -15.609375, -5.92903900146, -14.4862718582, 14.7611589432, -10.8311100006, 7.50833797455, 13.0723104477, 67.1086578369]],
        "icov": [[0.00271992501803, 0.000875015859492, 0.000710963679012, -0.00114530895371, 0.000918222242035, -0.00126936798915, 0.000401850265916, -0.00163707474712, 0.00103914376814, -0.000925964617636, 0.000988158979453, -0.00024998866138, 0.00138577609323], [0.000875015859492, 0.0124198226258, -0.0102556683123, 0.00774096744135, -0.00974987260997, 0.00903938431293, -0.0115015543997, 0.0107921436429, -0.0110327946022, 0.00982781406492, -0.010985522531, 0.00898345094174, -0.00336954067461], [0.000710963679012, -0.0102556683123, 0.0165254604071, -0.0113192675635, 0.0109273400158, -0.00979949533939, 0.0116128511727, -0.0128683494404, 0.0143526578322, -0.0129519393668, 0.0137084238231, -0.0109214195982, 0.0049527483061], [-0.00114530895371, 0.00774096744135, -0.0113192675635, 0.0159917213023, -0.00870211608708, 0.00602225121111, -0.00826032832265, 0.0116616208106, -0.013906381093, 0.0106429941952, -0.00857912097126, 0.00586992083117, -0.00484085828066], [0.000918222242035, -0.00974987260997, 0.0109273400158, -0.00870211608708, 0.0165588669479, -0.00840015616268, 0.00750480918214, -0.0114925252274, 0.010284870863, -0.0107877999544, 0.0108783766627, -0.00924657844007, 0.00445282552391], [-0.00126936798915, 0.00903938431293, -0.00979949533939, 0.00602225121111, -0.00840015616268, 0.0211826879531, -0.013551780954, 0.00850692950189, -0.00709561863914, 0.00792361609638, -0.00911630503833, 0.00811979547143, -0.00206207018346], [0.000401850265916, -0.0115015543997, 0.0116128511727, -0.00826032832265, 0.00750480918214, -0.013551780954, 0.0225710347295, -0.0142702562734, 0.0110433995724, -0.0099626686424, 0.00763838784769, -0.00566121982411, 0.00327850528993], [-0.00163707474712, 0.0107921436429, -0.0128683494404, 0.0116616208106, -0.0114925252274, 0.00850692950189, -0.0142702562734, 0.0252873301506, -0.0137723414227, 0.00800293218344, -0.0089268097654, 0.008071933873, -0.00374299706891], [0.00103914376814, -0.0110327946022, 0.0143526578322, -0.013906381093, 0.010284870863, -0.00709561863914, 0.0110433995724, -0.0137723414227, 0.0270746853203, -0.0131874503568, 0.00852586049587, -0.00830514915287, 0.00320378364995], [-0.000925964617636, 0.00982781406492, -0.0129519393668, 0.0106429941952, -0.0107877999544, 0.00792361609638, -0.0099626686424, 0.00800293218344, -0.0131874503568, 0.0248235668987, -0.0120790721849, 0.00405300362036, -0.00222631171346], [0.000988158979453, -0.010985522531, 0.0137084238231, -0.00857912097126, 0.0108783766627, -0.00911630503833, 0.00763838784769, -0.0089268097654, 0.00852586049587, -0.0120790721849, 0.0287753921002, -0.0132895084098, 0.00470749009401], [-0.00024998866138, 0.00898345094174, -0.0109214195982, 0.00586992083117, -0.00924657844007, 0.00811979547143, -0.00566121982411, 0.008071933873, -0.00830514915287, 0.00405300362036, -0.0132895084098, 0.0257968027145, -0.0073427380994], [0.00138577609323, -0.00336954067461, 0.0049527483061, -0.00484085828066, 0.00445282552391, -0.00206207018346, 0.00327850528993, -0.00374299706891, 0.00320378364995, -0.00222631171346, 0.00470749009401, -0.0073427380994, 0.0193976424634]]
    },
    "melbands": {
        "max": [0.00157140148804, 0.00336291757412, 0.00440753391013, 0.006995937787, 0.00844520051032, 0.00538400001824, 0.0071362038143, 0.00254742312245, 0.00358629133552, 0.00715936906636, 0.0044740056619, 0.00273633841425, 0.00269448733889, 0.00190363649745, 0.00315140071325, 0.00239034253173, 0.00409163627774, 0.00224520382471, 0.0025525148958, 0.000616150384303, 0.00068379327422, 0.000524070404936, 0.000701916345861, 0.000649064430036, 0.00125366519205, 0.000323580927216, 0.000302576634567, 0.000331612041919, 0.000126333980006, 7.16055219527e-05, 7.55246728659e-05, 6.08019981883e-05, 6.06931644143e-05, 6.51834634482e-05, 4.74476073578e-05, 2.53930265899e-05, 3.08995950036e-05, 2.38575703406e-05, 2.04648586077e-05, 2.60504239122e-05],
        "mean": [0.000114318623673, 0.00026206363691, 0.000398146774387, 0.000644685933366, 0.000747902260628, 0.000437746522948, 0.00028202633257, 0.000148215985973, 0.000293060089462, 0.000347896449966, 0.00024269692949, 0.000216638611164, 0.000197405664949, 0.00017168422346, 0.000106922445411, 0.000141791329952, 0.000172989894054, 0.00017478755035, 0.000142754535773, 6.04237502557e-05, 6.30414433545e-05, 4.48907485406e-05, 4.84862030135e-05, 5.48826938029e-05, 4.06979379477e-05, 2.61612040049e-05, 2.32680813497e-05, 1.65525489138e-05, 1.14785498226e-05, 7.13859344614e-06, 6.91585637469e-06, 6.16194438408e-06, 6.10222969044e-06, 5.59389718546e-06, 4.82990117234e-06, 2.70755936072e-06, 1.77158437964e-06, 1.41789178087e-06, 9.0178946266e-07, 6.55229882796e-07],
        "min": [2.25710914492e-06, 2.48537617153e-06, 7.35209914637e-06, 8.7392372734e-06, 1.67577563843e-05, 8.04149840405e-06, 3.14016301672e-06, 1.06579784642e-06, 1.9063165837e-06, 3.77139235752e-06, 4.10204211221e-06, 3.18158367918e-06, 2.78881134363e-06, 1.23816141695e-06, 4.5715358965e-07, 5.00548139826e-07, 1.01851537693e-06, 3.22767323269e-06, 1.78130358108e-06, 1.32348975512e-06, 7.31569741674e-07, 9.7327543358e-08, 3.29731676629e-07, 1.85433748356e-07, 1.44500404531e-07, 2.92692362791e-07, 2.933495864e-07, 3.7136192077e-07, 6.74158115999e-08, 8.51912247413e-08, 9.16537885587e-08, 1.75206587016e-08, 1.03538857488e-08, 1.71867977627e-08, 9.95221149935e-09, 8.89365736612e-09, 6.51570575272e-09, 3.42849793e-09, 1.23106758121e-09, 5.85233028705e-10],
        "stdev": [0.000189913160284, 0.000427631632192, 0.000444521545433, 0.000795660191216, 0.00084841781063, 0.000480376824271, 0.000389260909287, 0.000158486858709, 0.000422231620178, 0.000487709738081, 0.000380683748517, 0.000307131151203, 0.000275704427622, 0.000223484123126, 0.000216958083911, 0.000190660532098, 0.000297325343126, 0.00023889640579, 0.000233897066209, 6.7846805905e-05, 7.93953804532e-05, 5.57788880542e-05, 5.39479660802e-05, 5.42640591448e-05, 6.42751765554e-05, 2.41491761699e-05, 2.58284308075e-05, 2.07229513762e-05, 1.32322320496e-05, 8.48792842589e-06, 7.94503739598e-06, 7.01796079738e-06, 6.98283520251e-06, 6.54188033877e-06, 6.47410070087e-06, 3.52854203811e-06, 2.55380268754e-06, 1.99875375984e-06, 1.41313353197e-06, 1.25805252083e-06]
    },
    "melbands128": {
        "max": [0.000280007865513, 0.000970338762272, 0.00219168583862, 0.00483102863654, 0.00484495051205, 0.0054575689137, 0.00341433472931, 0.0062575545162, 0.00912835635245, 0.011106800288, 0.0124147869647, 0.0164537839592, 0.0107193579897, 0.011127397418, 0.00929816998541, 0.00507618160918, 0.00597719894722, 0.0122708128765, 0.00541297951713, 0.00170268141665, 0.00481804925948, 0.00528772361577, 0.00621174089611, 0.00974800530821, 0.00629819044843, 0.0146836899221, 0.0125935552642, 0.0073265787214, 0.00173864339013, 0.00435417098925, 0.00576723134145, 0.00603462196887, 0.00398965273052, 0.00389725435525, 0.00347204413265, 0.00346409133635, 0.00790414400399, 0.00704413373023, 0.00656389584765, 0.00655540684238, 0.00507193012163, 0.00512840878218, 0.00951953511685, 0.00320518016815, 0.00332177220844, 0.00420282687992, 0.0044389590621, 0.00431311130524, 0.00363530637696, 0.00126846891362, 0.00125645461958, 0.0010625423165, 0.00142369035166, 0.00127390294801, 0.00191361783072, 0.000794902152847, 0.000799998582806, 0.00149400811642, 0.000890868308488, 0.000890780123882, 0.000966730411164, 0.00075419381028, 0.00325201521628, 0.00111311592627, 0.000407941028243, 0.000728841929231, 0.000464676239062, 0.000435256806668, 0.000642809143756, 0.000436443922808, 0.000734053028282, 0.000343296153005, 0.000309628405375, 0.000237654763623, 0.000107164945803, 0.000183338474017, 8.80392690306e-05, 7.74270811235e-05, 0.000139546435094, 0.000111564142571, 8.46219845698e-05, 6.4656327595e-05, 8.01981659606e-05, 8.5654311988e-05, 0.000108626416477, 7.97484972281e-05, 9.33699921006e-05, 5.99829581915e-05, 7.33001361368e-05, 7.47368467273e-05, 3.5890705476e-05, 3.90205132135e-05, 3.46747656295e-05, 4.42285236204e-05, 3.74599258066e-05, 2.29165307246e-05, 3.23853601003e-05, 1.58688289957e-05, 1.7851978555e-05, 2.13602252188e-05, 2.88109749818e-05, 2.52542577073e-05, 2.94682777167e-05, 1.18926873256e-05, 2.63020065177e-05, 1.77904239536e-05, 1.0298404959e-05, 1.4654122424e-05, 1.28051160573e-05, 5.08633911522e-06, 3.79961784347e-06, 4.07669631386e-06, 1.48784340581e-06, 1.01756199911e-06, 4.62291637859e-07, 2.67603255111e-08, 1.54559707255e-08, 1.50536152432e-08, 1.4732371767e-08, 1.4421782879e-08, 1.41153213562e-08, 1.38077593803e-08, 1.35430733295e-08, 1.33401973912e-08, 1.31884334564e-08, 1.30258355213e-08, 1.29038282282e-08, 1.2843533348e-08],
        "mean": [3.07556474581e-05, 5.53073514311e-05, 0.000138141200296, 0.000246551644523, 0.000288186362013, 0.000240787485382, 0.000306088128127, 0.000429134495789, 0.000538974592928, 0.000757133588195, 0.000594905635808, 0.000694167916663, 0.000937174190767, 0.000623889034614, 0.000414682232076, 0.000380198209314, 0.000245576666202, 0.000359547004336, 0.000185126278666, 0.000106463179691, 0.000118074080092, 0.000277054758044, 0.000329269620124, 0.000281379441731, 0.000341853068676, 0.000313108408591, 0.000513221195433, 0.000163779070135, 8.68601127877e-05, 0.00026814523153, 0.000218715460505, 0.000206293116207, 0.000251293444308, 0.000120018026792, 0.000186626057257, 0.00019428646192, 0.000148521517986, 6.9668298238e-05, 0.000114159935038, 0.000114442671475, 9.77435847744e-05, 0.000268947856966, 0.000198646710487, 0.000103892525658, 0.000137553608511, 0.0001992747857, 0.000213646591874, 0.000162274533068, 0.000100183242466, 8.26156901894e-05, 5.02860057168e-05, 3.84294689866e-05, 7.7801028965e-05, 6.15058161202e-05, 6.36812837911e-05, 3.02744338114e-05, 3.98819647671e-05, 6.32972369203e-05, 4.70891172881e-05, 3.15494871757e-05, 6.41919541522e-05, 6.09536800766e-05, 5.13728446094e-05, 2.91749202006e-05, 3.50176414941e-05, 2.35858387896e-05, 2.34294639085e-05, 2.58821655734e-05, 2.35086499742e-05, 1.86899596883e-05, 1.79448979907e-05, 1.53585860971e-05, 1.1321506463e-05, 1.35575774038e-05, 7.01888757249e-06, 7.54428674554e-06, 6.49267303743e-06, 6.89769785822e-06, 7.14137831892e-06, 6.91947070663e-06, 6.64809158479e-06, 5.6738672356e-06, 5.1066672313e-06, 6.22640254733e-06, 7.10208269084e-06, 5.75457488594e-06, 5.15028341397e-06, 4.91678383696e-06, 5.76020374865e-06, 3.90022978536e-06, 2.94527603728e-06, 2.45567935053e-06, 2.1434127575e-06, 1.67214898283e-06, 1.58697196184e-06, 1.6254671209e-06, 1.44019645631e-06, 1.07808716621e-06, 8.43475220336e-07, 8.81292180566e-07, 7.3229108466e-07, 6.00136502271e-07, 5.77383502787e-07, 5.94708069457e-07, 9.0050241397e-07, 5.59839634207e-07, 3.3377190789e-07, 3.4124465742e-07, 3.22967338207e-07, 2.06322638974e-07, 1.28817958966e-07, 8.95149554481e-08, 4.71137582281e-08, 2.5101581258e-08, 8.08796851715e-09, 8.14288969586e-10, 1.26731666827e-10, 1.6101314726e-11, 1.56832394294e-11, 1.53187185159e-11, 1.49685507045e-11, 1.46517607075e-11, 1.43908105918e-11, 1.41350559729e-11, 1.38039666503e-11, 1.33324800852e-11, 1.30466739842e-11, 1.29582646696e-11],
        "min": [2.13990389852e-08, 3.95920892515e-07, 3.08692989393e-07, 7.92262312643e-07, 2.68139331183e-07, 9.23232335026e-07, 1.06999550553e-06, 1.64745685538e-07, 2.33786522585e-06, 2.0092863906e-06, 2.40273902818e-06, 1.43397323882e-06, 3.31876935888e-06, 8.0549316408e-06, 2.92737945529e-06, 3.02381863548e-07, 2.27618147619e-06, 1.0490097111e-06, 4.06644289797e-07, 3.59742699629e-07, 9.39453343562e-07, 6.62839397592e-07, 6.64784749915e-07, 2.35053505548e-07, 5.4291149354e-07, 4.58732245079e-07, 6.34908587926e-07, 4.83794792672e-07, 4.24038148594e-07, 1.24432358461e-06, 1.31948547732e-06, 4.8973072353e-07, 4.48580721013e-07, 7.41690655559e-07, 3.31029184508e-07, 7.68266204432e-07, 1.37775515441e-07, 4.46927288067e-07, 4.20517721977e-07, 3.69417449519e-07, 3.48119868931e-07, 4.40767735199e-07, 6.24341794264e-07, 3.82742655347e-07, 4.64505802711e-07, 1.77239564891e-06, 1.64818629855e-06, 4.93548270697e-07, 5.92486571804e-07, 1.07684911654e-06, 2.12966682511e-07, 5.45821308151e-07, 2.13589189002e-07, 2.80599266489e-07, 4.89658695813e-08, 7.54444045015e-08, 1.324347636e-07, 2.29370087368e-07, 2.19534996404e-07, 4.8533354402e-07, 9.07323922661e-08, 6.57453398389e-08, 2.56250078934e-08, 2.32700543279e-07, 2.34943001942e-07, 3.37222701319e-07, 3.32698732564e-07, 7.20348367622e-08, 2.19554735281e-07, 4.50818617992e-07, 4.1028903297e-07, 7.43394394931e-08, 6.81811727077e-08, 7.85950220461e-08, 1.08881579308e-08, 2.41945663504e-08, 7.97504924321e-08, 1.27792972648e-07, 7.96465471353e-08, 1.6151558313e-08, 1.76107306515e-08, 1.39664813048e-08, 5.76169822963e-09, 4.08708489275e-09, 2.11240536174e-08, 1.19827960887e-08, 2.39135964364e-08, 1.0060198008e-08, 1.2225486401e-08, 5.31999866382e-09, 5.44822098547e-09, 9.98736204849e-09, 1.49931960181e-08, 3.69181907267e-09, 1.84408904813e-10, 1.48610401762e-09, 3.15506665238e-09, 1.31141075776e-09, 1.27037436126e-09, 2.15250300223e-11, 4.89721848143e-12, 3.33168735656e-11, 1.49566539709e-11, 4.33334146344e-10, 6.24332660223e-12, 4.05812848603e-11, 4.12367189007e-12, 1.01392921836e-11, 1.5581268914e-12, 8.6072506544e-13, 9.28606583989e-13, 8.69867112369e-13, 5.89973220017e-13, 3.90226886178e-13, 3.66042916464e-13, 4.83111760232e-13, 3.91090019527e-13, 4.3429000088e-13, 3.50571324357e-13, 3.38109504587e-13, 3.39747191968e-13, 4.1792865826e-13, 3.01490738841e-13, 3.56168518073e-13, 2.21979105561e-13, 7.0744225636e-14, 1.27558503175e-14, 5.88974089599e-16],
        "stdev": [3.01797408611e-05, 9.38745070016e-05, 0.000250922137639, 0.000529569922946, 0.000574459612835, 0.000414378620917, 0.000377161981305, 0.000678020587657, 0.000829118886031, 0.00114089087583, 0.00104420818388, 0.001051152125, 0.00132443557959, 0.000810144061688, 0.000676126044709, 0.000589636038058, 0.000351657246938, 0.000677710049786, 0.000315991550451, 0.000184642514796, 0.000206506330869, 0.000415951013565, 0.000677819654811, 0.000647488341201, 0.000720533076674, 0.000704384408891, 0.00105130171869, 0.000404307094868, 0.000159101939062, 0.000449600222055, 0.000470873725135, 0.000416035531089, 0.000471524603199, 0.00028379165451, 0.000326792971464, 0.00033233614522, 0.000455545872683, 0.000316202582326, 0.000279664382106, 0.000322732201312, 0.000217554508708, 0.0004710808862, 0.00057606108021, 0.000230320598348, 0.000311638548737, 0.000383270351449, 0.00043999881018, 0.000403788813855, 0.000261555018369, 0.000117283845611, 9.3649388873e-05, 7.56918670959e-05, 0.000141671218444, 0.000107907864731, 0.000143487792229, 5.3353880503e-05, 6.80554221617e-05, 8.92049283721e-05, 7.87430180935e-05, 5.52237252123e-05, 8.86870620889e-05, 7.80380651122e-05, 0.000155320594786, 4.96000284329e-05, 4.22321136284e-05, 3.4600172512e-05, 3.14657045237e-05, 3.80908059014e-05, 4.12818990299e-05, 2.92706499749e-05, 3.50363116013e-05, 2.5048482712e-05, 1.89435959328e-05, 1.910818537e-05, 1.04970631583e-05, 1.20354861792e-05, 9.17463785299e-06, 9.35837124416e-06, 1.00470906546e-05, 8.96369601833e-06, 9.01684052224e-06, 7.72291150497e-06, 6.82793279339e-06, 8.58192015585e-06, 8.98567850527e-06, 7.49089440433e-06, 6.98866870152e-06, 6.85671648171e-06, 9.09513346414e-06, 5.88610646446e-06, 4.46211561211e-06, 3.75896865989e-06, 2.94081746688e-06, 2.81577922578e-06, 2.7243374916e-06, 2.55291661233e-06, 2.13952284867e-06, 1.6427279661e-06, 1.37373876896e-06, 1.64268942626e-06, 1.45026592691e-06, 1.21193443192e-06, 1.34989090839e-06, 1.22752385323e-06, 2.49036702371e-06, 1.28200599647e-06, 8.15195221548e-07, 9.50309072323e-07, 8.12405062334e-07, 4.61529339191e-07, 3.18707520819e-07, 2.35722623643e-07, 1.12636094229e-07, 6.85949288481e-08, 3.01637896882e-08, 2.54829113366e-09, 5.70199054639e-10, 4.02118449649e-10, 3.9353503789e-10, 3.8523581547e-10, 3.77051001532e-10, 3.68833380504e-10, 3.6176137086e-10, 3.5634109552e-10, 3.52292056638e-10, 3.47957884728e-10, 3.44702932864e-10, 3.43092304567e-10]
    },
    "mfcc": {
        "mean": [-583.082336426, 100.542907715, -29.117307663, 13.7646131516, -6.80449295044, 2.2990796566, -10.4384069443, -0.115206189454, -12.7363519669, -0.478390067816, -6.29438495636, -9.20544242859, -7.28852844238],
        "cov": [[643.347351074, -327.8722229, 58.8410491943, -52.0553970337, -8.25332641602, -12.8503923416, 6.64229440689, 7.11409473419, 10.4715681076, 8.19553184509, 23.139005661, -13.216509819, -23.3235454559], [-327.8722229, 480.613616943, -147.717849731, 34.7895126343, -16.2615661621, 21.8422622681, 46.784450531, 29.4108848572, -16.5736904144, 36.4536705017, 32.3090553284, 24.3451919556, -3.20009899139], [58.8410491943, -147.717849731, 337.953582764, 18.399394989, 5.81604003906, -3.80670452118, -14.2538576126, -33.3206100464, 25.3961391449, -46.8276100159, -28.1388835907, -2.60879778862, 9.45653629303], [-52.0553970337, 34.7895126343, 18.399394989, 137.494308472, 29.3715400696, 21.925409317, -34.2764968872, 8.20152187347, 7.56881141663, -4.04775524139, -4.16810560226, -3.64628696442, 14.757390976], [-8.25332641602, -16.2615661621, 5.81604003906, 29.3715400696, 103.478485107, 1.72481179237, -12.7634820938, -1.88527452946, 13.4094047546, -13.3238382339, -1.68964481354, -6.98879814148, 7.83654022217], [-12.8503923416, 21.8422622681, -3.80670452118, 21.925409317, 1.72481179237, 95.6201477051, 13.8183784485, 12.3146982193, -5.12404251099, 2.87593221664, 9.97584915161, -5.91398715973, 2.7517182827], [6.64229440689, 46.784450531, -14.2538576126, -34.2764968872, -12.7634820938, 13.8183784485, 145.191390991, 22.0423946381, 20.7808456421, 26.3928489685, 19.9152259827, 13.452914238, -7.1842083931], [7.11409473419, 29.4108848572, -33.3206100464, 8.20152187347, -1.88527452946, 12.3146982193, 22.0423946381, 77.1777038574, 6.48501253128, 17.2342224121, 12.0061340332, 1.16121518612, -3.67184686661], [10.4715681076, -16.5736904144, 25.3961391449, 7.56881141663, 13.4094047546, -5.12404251099, 20.7808456421, 6.48501253128, 83.4753112793, 11.1711912155, -1.30481672287, 6.45722293854, 3.51125454903], [8.19553184509, 36.4536705017, -46.8276100159, -4.04775524139, -13.3238382339, 2.87593221664, 26.3928489685, 17.2342224121, 11.1711912155, 101.579185486, 9.3679599762, -1.99971926212, -4.96774339676], [23.139005661, 32.3090553284, -28.1388835907, -4.16810560226, -1.68964481354, 9.97584915161, 19.9152259827, 12.0061340332, -1.30481672287, 9.3679599762, 83.0326385498, 27.0325984955, 4.5897026062], [-13.216509819, 24.3451919556, -2.60879778862, -3.64628696442, -6.98879814148, -5.91398715973, 13.452914238, 1.16121518612, 6.45722293854, -1.99971926212, 27.0325984955, 72.3328933716, 21.8484268188], [-23.3235454559, -3.20009899139, 9.45653629303, 14.757390976, 7.83654022217, 2.7517182827, -7.1842083931, -3.67184686661, 3.51125454903, -4.96774339676, 4.5897026062, 21.8484268188, 68.791885376]],
        "icov": [[0.00273381895386, 0.00209909840487, 0.000136607588502, 0.000206469761906, 0.000268838688498, 0.000115982271382, -0.000340212398442, -0.000564451853279, 0.0001056952824, -0.000523332855664, -0.0014053392224, 0.00015734504268, 0.000861143344082], [0.00209909840487, 0.00432464526966, 0.00119324109983, -0.00105714867823, 0.000618826190475, -7.74756481405e-05, -0.0011651320383, -0.000502453476656, 0.000633452145848, -0.000658555072732, -0.00128604203928, -0.000696227187291, 0.0009867597837], [0.000136607588502, 0.00119324109983, 0.00392396328971, -0.000937515636906, 0.000526024901774, -0.000155785834068, -0.000514215731528, 0.00118815083988, -0.00109880417585, 0.00138688483275, 0.000676274765283, -0.000257611915004, -8.75078840181e-05], [0.000206469761906, -0.00105714867823, -0.000937515636906, 0.00957681797445, -0.00222328887321, -0.00214574346319, 0.00281612132676, -0.00149586005136, -0.00109447119758, -0.000362986553228, 0.000248173775617, 0.000388957589166, -0.00146182335448], [0.000268838688498, 0.000618826190475, 0.000526024901774, -0.00222328887321, 0.011026583612, 0.000229438141105, 0.000137871509651, 0.000272930279607, -0.00198568101041, 0.00154505576938, -0.000801716465503, 0.0016104739625, -0.000956825446337], [0.000115982271382, -7.74756481405e-05, -0.000155785834068, -0.00214574346319, 0.000229438141105, 0.0117324572057, -0.00163024279755, -0.00118490995374, 0.00122203689534, 0.000198138572159, -0.00160637439694, 0.00196875492111, -0.00077766837785], [-0.000340212398442, -0.0011651320383, -0.000514215731528, 0.00281612132676, 0.000137871509651, -0.00163024279755, 0.00914017017931, -0.00172394164838, -0.00232643913478, -0.00135800172575, -0.000802951632068, -0.00105543620884, 0.000618509191554], [-0.000564451853279, -0.000502453476656, 0.00118815083988, -0.00149586005136, 0.000272930279607, -0.00118490995374, -0.00172394164838, 0.0150597160682, -0.00102651875932, -0.0010911563877, -0.000956199655775, 0.000302232976537, 0.000524319766555], [0.0001056952824, 0.000633452145848, -0.00109880417585, -0.00109447119758, -0.00198568101041, 0.00122203689534, -0.00232643913478, -0.00102651875932, 0.0139685487375, -0.0019411125686, 0.000741383701097, -0.00147825700697, -0.00010241290147], [-0.000523332855664, -0.000658555072732, 0.00138688483275, -0.000362986553228, 0.00154505576938, 0.000198138572159, -0.00135800172575, -0.0010911563877, -0.0019411125686, 0.0117542827502, -0.000424693338573, 0.00129228050355, -0.000139038616908], [-0.0014053392224, -0.00128604203928, 0.000676274765283, 0.000248173775617, -0.000801716465503, -0.00160637439694, -0.000802951632068, -0.000956199655775, 0.000741383701097, -0.000424693338573, 0.0156173314899, -0.00576320989057, 5.81176718697e-05], [0.00015734504268, -0.000696227187291, -0.000257611915004, 0.000388957589166, 0.0016104739625, 0.00196875492111, -0.00105543620884, 0.000302232976537, -0.00147825700697, 0.00129228050355, -0.00576320989057, 0.0186674203724, -0.00575888948515], [0.000861143344082, 0.0009867597837, -8.75078840181e-05, -0.00146182335448, -0.000956825446337, -0.00077766837785, 0.000618509191554, 0.000524319766555, -0.00010241290147, -0.000139038616908, 5.81176718697e-05, -0.00575888948515, 0.0172531176358]]
    },
    "spectral_contrast_coeffs": {
        "max": [-0.426203489304, -0.509313821793, -0.515437304974, -0.580977976322, -0.606130957603, -0.556518316269],
        "mean": [-0.651526749134, -0.741966605186, -0.715651392937, -0.74296349287, -0.754295647144, -0.718701481819],
        "min": [-0.86336016655, -0.897946000099, -0.875804543495, -0.875821471214, -0.852629899979, -0.853511869907],
        "stdev": [0.0753311812878, 0.0602353550494, 0.06332051754, 0.0465755276382, 0.0397307015955, 0.0422914251685]
    },
    "spectral_contrast_valleys": {
        "max": [-5.34021425247, -5.20112228394, -5.86288022995, -5.64148426056, -5.52150344849, -7.7426905632],
        "mean": [-6.96571445465, -6.42286348343, -6.93212366104, -6.91527318954, -6.88394880295, -9.91952705383],
        "min": [-8.86264038086, -7.82690095901, -8.16975212097, -8.14799499512, -8.75074481964, -12.1145124435],
        "stdev": [0.499531745911, 0.410471081734, 0.365093737841, 0.325762987137, 0.371966212988, 0.779988646507]
    }
},
"rhythm": {
    "beats_count": 54,
    "beats_loudness": {
        "max": 0.0548748448491,
        "mean": 0.0347237884998,
        "min": 0.021569095552,
        "stdev": 0.00791113078594
    },
    "bpm": 99.9204864502,
    "bpm_histogram_first_peak_bpm": 99,
    "bpm_histogram_first_peak_weight": 0.254901945591,
    "bpm_histogram_second_peak_bpm": 105,
    "bpm_histogram_second_peak_spread": 0,
    "bpm_histogram_second_peak_weight": 0.0377358496189,
    "danceability": 1.48675978184,
    "onset_rate": 3.69140601158,
    "beats_loudness_band_ratio": {
        "max": [0.428508102894, 0.705411374569, 0.396339833736, 0.61764383316, 0.625895678997, 0.283492356539],
        "mean": [0.168797671795, 0.230429053307, 0.156283482909, 0.177034750581, 0.197706252337, 0.127782568336],
        "min": [0.0241700317711, 0.0165288187563, 0.0210690964013, 0.023318476975, 0.0433517172933, 0.0263731665909],
        "stdev": [0.0917937234044, 0.161972850561, 0.0872699767351, 0.122072711587, 0.130209892988, 0.0643055066466]
    },
    "beats_position": [0.557278871536, 1.1261677742, 1.69505667686, 2.27555561066, 2.86766433716, 3.45977306366, 4.06349182129, 4.66721057892, 5.27092981339, 5.87464857101, 6.47836732864, 7.08208608627, 7.67419481277, 8.26630401611, 8.87002277374, 9.47374153137, 10.077460289, 10.6811790466, 11.2848978043, 11.8770065308, 12.4807252884, 13.0728340149, 13.6765527725, 14.2802715302, 14.8839902878, 15.4877090454, 16.0914287567, 16.6951465607, 17.298866272, 17.8909740448, 18.483083725, 19.0868015289, 19.6905212402, 20.2942390442, 20.8979587555, 21.5016784668, 22.0937862396, 22.6858959198, 23.2896137238, 23.8933334351, 24.497051239, 25.1007709503, 25.7044887543, 26.3082084656, 26.9119262695, 27.5040359497, 28.0961437225, 28.6998634338, 29.3035831451, 29.9073009491, 30.5110206604, 31.1147384644, 31.7184581757, 32.322177887],
