{
"metadata": {
    "version": {
        "essentia": "2.1-beta5",
        "essentia_git_sha": "Undefined",
        "extractor": "music 2.0"
    },
    "audio_properties": {
        "analysis": {
            "equal_loudness": 0,
            "length": 32.4963264465,
            "sample_rate": 44100,
            "start_time": 12.7477550507,
            "downmix": "mix"
        },
        "bit_rate": 192000,
        "length": 203.778335571,
        "lossless": 0,
        "number_channels": 2,
        "replay_gain": -1.15465354919,
        "sample_rate": 48000,
        "codec": "mp3",
        "md5_encoded": "375d8239ebf66aa63db31c1b39d7c008"
    },
    "tags": {
        "file_name": "Estonia_Nagu Merelaine_Silvi Vrait.mp3",
        "encoding": ["Lavf58.29.100"]
    }
},
"lowlevel": {
    "average_loudness": 0.888336420059,
    "barkbands_crest": {
        "max": 25.9157600403,
        "mean": 10.2113790512,
        "min": 2.71905064583,
        "stdev": 5.40379619598
    },
    "barkbands_flatness_db": {
        "max": 0.351349204779,
        "mean": 0.145248919725,
        "min": 0.0368258133531,
        "stdev": 0.055499561131
    },
    "barkbands_kurtosis": {
        "max": 87.5412521362,
        "mean": 3.96862006187,
        "min": -1.63572001457,
        "stdev": 9.31164932251
    },
    "barkbands_skewness": {
        "max": 8.99892234802,
        "mean": 1.2185754776,
        "min": -4.16590642929,
        "stdev": 1.5332775116
    },
    "barkbands_spread": {
        "max": 77.4022979736,
        "mean": 21.0167312622,
        "min": 1.45833599567,
        "stdev": 13.9981174469
    },
    "dissonance": {
        "max": 0.499999076128,
        "mean": 0.466736197472,
        "min": 0.337320417166,
        "stdev": 0.0298632457852
    },
    "dynamic_complexity": 5.71217298508,
    "erbbands_crest": {
        "max": 29.1543331146,
        "mean": 8.99195575714,
        "min": 2.38830924034,
        "stdev": 4.66859149933
    },
    "erbbands_flatness_db": {
        "max": 0.331860393286,
        "mean": 0.189874321222,
        "min": 0.0681967660785,
        "stdev": 0.0527310669422
    },
    "erbbands_kurtosis": {
        "max": 12.7246398926,
        "mean": 0.299340248108,
        "min": -1.74290513992,
        "stdev": 1.68197250366
    },
    "erbbands_skewness": {
        "max": 3.60199809074,
        "mean": 0.231151551008,
        "min": -3.21546173096,
        "stdev": 0.728669404984
    },
    "erbbands_spread": {
        "max": 116.116592407,
        "mean": 34.5575218201,
        "min": 7.43028497696,
        "stdev": 19.8636283875
    },
    "hfc": {
        "max": 381.89666748,
        "mean": 19.2625350952,
        "min": 0.0528898350894,
        "stdev": 24.9724559784
    },
    "loudness_ebu128": {
        "integrated": -22.2401256561,
        "loudness_range": 4.04786491394,
        "momentary": {
            "max": -18.9109249115,
            "mean": -25.98346138,
            "min": -49.0763168335,
            "stdev": 8.28990459442
        },
        "short_term": {
            "max": -20.6354942322,
            "mean": -24.6623191833,
            "min": -47.1291732788,
            "stdev": 6.16538095474
        }
    },
    "melbands_crest": {
        "max": 32.8555603027,
        "mean": 14.1043672562,
        "min": 2.93497276306,
        "stdev": 7.50765419006
    },
    "melbands_flatness_db": {
        "max": 0.411497890949,
        "mean": 0.172242864966,
        "min": 0.0265843681991,
        "stdev": 0.0711367279291
    },
    "melbands_kurtosis": {
        "max": 263.539245605,
        "mean": 12.6492767334,
        "min": -1.79952776432,
        "stdev": 25.1135826111
    },
    "melbands_skewness": {
        "max": 13.3447809219,
        "mean": 2.25318288803,
        "min": -1.83160340786,
        "stdev": 2.24184727669
    },
    "melbands_spread": {
        "max": 214.084854126,
        "mean": 26.390625,
        "min": 1.22841417789,
        "stdev": 18.5370998383
    },
    "pitch_salience": {
        "max": 0.877987325191,
        "mean": 0.547374367714,
        "min": 0.0750138685107,
        "stdev": 0.182376474142
    },
    "silence_rate_20dB": {
        "max": 1,
        "mean": 1,
        "min": 1,
        "stdev": 0
    },
    "silence_rate_30dB": {
        "max": 1,
        "mean": 0.9935759902,
        "min": 0,
        "stdev": 0.0798926129937
    },
    "silence_rate_60dB": {
        "max": 1,
        "mean": 0.172733768821,
        "min": 0,
        "stdev": 0.378012269735
    },
    "spectral_centroid": {
        "max": 5555.16894531,
        "mean": 1609.66345215,
        "min": 297.064117432,
        "stdev": 768.847290039
    },
    "spectral_complexity": {
        "max": 52,
        "mean": 17.631690979,
        "min": 0,
        "stdev": 11.8425979614
    },
    "spectral_decrease": {
        "max": -7.06141135148e-12,
        "mean": -5.28579713333e-09,
        "min": -4.77986752401e-08,
        "stdev": 5.14134956831e-09
    },
    "spectral_energy": {
        "max": 0.188808947802,
        "mean": 0.0216970127076,
        "min": 3.21273619193e-05,
        "stdev": 0.0203655194491
    },
    "spectral_energyband_high": {
        "max": 0.0534121692181,
        "mean": 0.000797710556071,
        "min": 2.43692397817e-06,
        "stdev": 0.00335963210091
    },
    "spectral_energyband_low": {
        "max": 0.0430107787251,
        "mean": 0.00181586993858,
        "min": 9.68670428847e-06,
        "stdev": 0.00404411833733
    },
    "spectral_energyband_middle_high": {
        "max": 0.0470006391406,
        "mean": 0.00561959482729,
        "min": 4.98830286233e-06,
        "stdev": 0.00522929476574
    },
    "spectral_energyband_middle_low": {
        "max": 0.169296115637,
        "mean": 0.0139672728255,
        "min": 4.62706475446e-06,
        "stdev": 0.0185142681003
    },
    "spectral_entropy": {
        "max": 8.66769313812,
        "mean": 7.54820346832,
        "min": 5.55167388916,
        "stdev": 0.557982742786
    },
    "spectral_flux": {
        "max": 0.338870048523,
        "mean": 0.0658493116498,
        "min": 0.00343697029166,
        "stdev": 0.0398435033858
    },
    "spectral_kurtosis": {
        "max": 21.0150203705,
        "mean": 4.04509592056,
        "min": -0.784586668015,
        "stdev": 2.55018615723
    },
    "spectral_rms": {
        "max": 0.0135721722618,
        "mean": 0.0040117111057,
        "min": 0.000177041714778,
        "stdev": 0.00225255289115
    },
    "spectral_rolloff": {
        "max": 8204.15039062,
        "mean": 1763.72607422,
        "min": 86.1328125,
        "stdev": 1212.04150391
    },
    "spectral_skewness": {
        "max": 3.75365495682,
        "mean": 1.40076720715,
        "min": -0.233231604099,
        "stdev": 0.406141221523
    },
    "spectral_spread": {
        "max": 18030018,
        "mean": 4062821.25,
        "min": 2229651,
        "stdev": 1423662.875
    },
    "spectral_strongpeak": {
        "max": 11.9413661957,
        "mean": 1.21499061584,
        "min": 0,
        "stdev": 1.12649381161
    },
    "zerocrossingrate": {
        "max": 0.322265625,
        "mean": 0.0690491050482,
        "min": 0.00830078125,
        "stdev": 0.0362081564963
    },
    "barkbands": {
        "max": [0.00126316538081, 0.0227957516909, 0.0167907439172, 0.0534671619534, 0.108563296497, 0.137710273266, 0.0295567046851, 0.0434891805053, 0.028175227344, 0.0221583936363, 0.0122840227559, 0.00981741305441, 0.00818401295692, 0.0112412795424, 0.0125331357121, 0.00613958388567, 0.00592380110174, 0.0045668752864, 0.0131250377744, 0.00769407954067, 0.0416551046073, 0.0167187936604, 0.0263503491879, 0.0104371448979, 0.00138774199877, 0.000327698478941, 7.13666031515e-06],
        "mean": [5.61035994906e-05, 0.000646896893159, 0.0006876377156, 0.00155304023065, 0.00638697948307, 0.00184217118658, 0.00209379335865, 0.000928004155867, 0.000926232722122, 0.000461586198071, 0.000668168882839, 0.000773695239332, 0.000850773823913, 0.000606664922088, 0.000733822293114, 0.000423519086326, 0.000624457956292, 0.000282321794657, 0.000193829851924, 0.000271374563454, 0.000233724014834, 0.000182391217095, 0.000172516607563, 7.04666308593e-05, 2.26273150474e-05, 4.16734337705e-06, 5.35340340946e-08],
        "min": [9.55186649776e-08, 1.91557001017e-06, 1.79608093731e-07, 8.9822925986e-08, 5.19755928963e-07, 1.47178639054e-07, 2.38269592501e-07, 1.93348967059e-07, 2.14706986412e-07, 1.07237170255e-07, 2.50321448902e-07, 1.1010648393e-07, 1.26434940739e-07, 1.32044974066e-07, 1.54331900148e-07, 2.53424843777e-07, 1.90918925114e-07, 3.21570041706e-07, 2.21130207478e-07, 4.94114487992e-07, 4.69450867513e-07, 4.87735178467e-07, 1.29255369075e-07, 8.60961861804e-08, 4.99592118786e-08, 4.33103259923e-08, 1.07710521058e-10],
        "stdev": [8.53343226481e-05, 0.00185177428648, 0.00179201376159, 0.00463843718171, 0.0126222949475, 0.00728018488735, 0.00435795588419, 0.00274142762646, 0.0023837601766, 0.00130811973941, 0.00123393535614, 0.00101488991641, 0.00108895008452, 0.00103871081956, 0.00120661524124, 0.000769219710492, 0.000734642730094, 0.000391375651816, 0.000443673343398, 0.000428973900853, 0.00130667164922, 0.000825453258585, 0.00124691380188, 0.000479422684293, 8.83604297996e-05, 1.56333662744e-05, 4.25341795562e-07]
    },
    "erbbands": {
        "max": [0.463346362114, 6.44638299942, 19.7691955566, 85.5124130249, 573.612792969, 606.043762207, 986.331848145, 633.549987793, 324.559326172, 603.216186523, 578.608459473, 761.942687988, 990.599182129, 357.916656494, 570.515808105, 367.547821045, 321.196777344, 495.632385254, 686.684509277, 885.858581543, 391.130950928, 290.130523682, 283.09942627, 449.649078369, 629.272705078, 372.543365479, 2409.55053711, 624.783752441, 384.196563721, 1163.97766113, 603.245727539, 455.213043213, 84.2543945312, 25.6933250427, 8.93572425842, 2.02181649208, 0.506452858448, 0.0460227392614, 0.00144074321724, 0.00028066127561],
        "mean": [0.0124443769455, 0.171158000827, 0.70659840107, 2.90495252609, 13.5738115311, 25.0268001556, 22.1534423828, 10.1884040833, 18.9034500122, 34.0208892822, 20.5863685608, 19.6638011932, 19.2765884399, 20.6626911163, 20.2486610413, 33.218334198, 39.517578125, 33.367023468, 36.9363632202, 31.1865825653, 25.5808315277, 36.4204597473, 18.0851783752, 11.8819189072, 11.8666801453, 10.5099992752, 10.5464048386, 7.91551780701, 5.75271224976, 7.29661798477, 4.20500278473, 2.18524670601, 0.841518580914, 0.353514254093, 0.111920624971, 0.0315054580569, 0.00533492071554, 0.00036669956171, 2.79518626485e-05, 2.75856655207e-05],
        "min": [7.34589339118e-05, 0.000126806044136, 0.000535035331268, 0.000835835235193, 0.00140191754326, 0.00158229784574, 0.00206620898098, 0.00221590744331, 0.00356106646359, 0.00375615153462, 0.00390420132317, 0.00560145406052, 0.00540371937677, 0.00691501656547, 0.00757363718003, 0.00694888224825, 0.00724572362378, 0.00861714035273, 0.0101556433365, 0.0128098530695, 0.0141563126817, 0.0140565820038, 0.0218283236027, 0.0186782348901, 0.0139524796978, 0.0250191055238, 0.0209173057228, 0.0167987644672, 0.0160515531898, 0.00939373206347, 0.00423359870911, 0.00179584510624, 0.00156051840167, 0.000512850529049, 0.000396819843445, 0.000205767340958, 3.91784160456e-05, 1.74866875113e-06, 2.10510705756e-07, 1.09032008311e-07],
        "stdev": [0.0329057648778, 0.495870918036, 1.7828785181, 7.08961439133, 41.0792808533, 58.847530365, 71.8057174683, 31.9989337921, 37.2866401672, 67.3826675415, 54.3321495056, 48.6814002991, 63.9937973022, 34.8891105652, 39.487071991, 41.0963745117, 46.0134468079, 51.2817344666, 62.0416908264, 49.6532516479, 40.6364593506, 43.4017562866, 23.9130535126, 17.8629608154, 23.4813251495, 21.0484104156, 71.6784667969, 24.5061168671, 19.2630691528, 50.2812728882, 29.8638458252, 18.1124305725, 4.24736690521, 1.46893799305, 0.464170485735, 0.112673938274, 0.022644225508, 0.00204381882213, 8.75801488291e-05, 2.69541087619e-05]
    },
    "gfcc": {
        "mean": [-47.9939994812, 88.021774292, -156.220611572, 36.416267395, -71.1030426025, 12.2576761246, -44.0755386353, 0.310650855303, -22.2747821808, -0.509602665901, -8.94314289093, -2.20980978012, -6.12941455841],
        "cov": [[7948.62451172, 840.967224121, -1445.32165527, -331.331665039, -219.645584106, -535.616271973, -47.1807403564, -587.659179688, 231.092193604, -379.686065674, 24.737449646, -383.71661377, -36.0258979797], [840.967224121, 1550.10119629, 50.960559845, -94.9540176392, -35.7492828369, -516.070739746, -14.312994957, -347.887176514, 28.0924949646, -334.675018311, 94.1681365967, -202.998886108, 30.5656967163], [-1445.32165527, 50.960559845, 1285.38244629, 468.349243164, 20.6672306061, 60.9797439575, -60.0500488281, 80.5282821655, -162.496322632, 14.3713388443, -163.707260132, -20.9009628296, -124.525756836], [-331.331665039, -94.9540176392, 468.349243164, 355.497650146, 30.9029579163, 45.3289413452, -16.1821670532, 38.067237854, -55.8704147339, 24.3690814972, -61.5654029846, -16.9584503174, -78.2102508545], [-219.645584106, -35.7492828369, 20.6672306061, 30.9029579163, 185.097427368, 110.03944397, 38.0324440002, 95.5713729858, 24.7969093323, 85.9434051514, -27.4805049896, 1.14489448071, -28.8227672577], [-535.616271973, -516.070739746, 60.9797439575, 45.3289413452, 110.03944397, 354.451141357, 53.7919197083, 202.612503052, 16.2723789215, 178.27142334, -51.7584877014, 56.4411277771, -28.8867683411], [-47.1807403564, -14.312994957, -60.0500488281, -16.1821670532, 38.0324440002, 53.7919197083, 86.7896575928, 65.1376113892, 38.0713577271, 49.0968360901, 10.9932365417, -1.82375335693, -8.60624694824], [-587.659179688, -347.887176514, 80.5282821655, 38.067237854, 95.5713729858, 202.612503052, 65.1376113892, 270.517486572, 60.4245185852, 184.784255981, -46.9182128906, 39.4498176575, -35.4356040955], [231.092193604, 28.0924949646, -162.496322632, -55.8704147339, 24.7969093323, 16.2723789215, 38.0713577271, 60.4245185852, 129.252883911, 66.2733764648, 42.5839881897, -0.349109172821, 8.90159416199], [-379.686065674, -334.675018311, 14.3713388443, 24.3690814972, 85.9434051514, 178.27142334, 49.0968360901, 184.784255981, 66.2733764648, 248.132629395, 12.7369394302, 52.8757095337, -40.9385719299], [24.737449646, 94.1681365967, -163.707260132, -61.5654029846, -27.4805049896, -51.7584877014, 10.9932365417, -46.9182128906, 42.5839881897, 12.7369394302, 135.898040771, 51.5603179932, 35.3910942078], [-383.71661377, -202.998886108, -20.9009628296, -16.9584503174, 1.14489448071, 56.4411277771, -1.82375335693, 39.4498176575, -0.349109172821, 52.8757095337, 51.5603179932, 120.610771179, 41.0051879883], [-36.0258979797, 30.5656967163, -124.525756836, -78.2102508545, -28.8227672577, -28.8867683411, -8.60624694824, -35.4356040955, 8.90159416199, -40.9385719299, 35.3910942078, 41.0051879883, 94.2440414429]],
        "icov": [[0.000285185000394, -3.17359590554e-05, 0.000415963062551, -0.00026066263672, 0.000231673620874, 1.4758306861e-05, 3.34626602125e-05, 0.000757738773245, -0.000738123024348, -5.83045293752e-05, 0.000696950010024, 0.000181721159606, 0.000519551686011], [-3.17359590554e-05, 0.00372605258599, -0.0020962273702, 0.00208673626184, -0.00345573108643, 0.00338272796944, -0.00204664934427, 0.00131717242766, -0.00206264690496, 0.00249818037264, -0.00415588961914, 0.00524372560903, -0.00141118024476], [0.000415963062551, -0.0020962273702, 0.00360100762919, -0.00348974298686, 0.00244309310801, -0.00141675758641, 0.00171629665419, -0.000473157531815, 0.00142110092565, -0.00149113370571, 0.00411179335788, -0.00302493921481, 0.00198272941634], [-0.00026066263672, 0.00208673626184, -0.00348974298686, 0.00729328487068, -0.00259554176591, 0.00142435356975, -0.000997105264105, 0.000494364998303, -0.000690345710609, 0.00163897767197, -0.00326153030619, 0.00251289713196, 0.00131121871527], [0.000231673620874, -0.00345573108643, 0.00244309310801, -0.00259554176591, 0.010782471858, -0.00425159791484, 0.000432866363553, -0.00105880841147, 0.000929488742258, -0.00340288435109, 0.00537547748536, -0.004339995794, 0.00222305674106], [1.4758306861e-05, 0.00338272796944, -0.00141675758641, 0.00142435356975, -0.00425159791484, 0.00955281034112, -0.00330195599236, -0.00067126454087, -0.00040983769577, -0.000346008921042, -0.000991900335066, 0.00253638415597, -0.00155025196727], [3.34626602125e-05, -0.00204664934427, 0.00171629665419, -0.000997105264105, 0.000432866363553, -0.00330195599236, 0.0185347497463, -0.00551337841898, 0.000249985372648, -3.60313720194e-06, -0.0023380825296, 0.00101431075018, 0.00126822758466], [0.000757738773245, 0.00131717242766, -0.000473157531815, 0.000494364998303, -0.00105880841147, -0.00067126454087, -0.00551337841898, 0.0159994829446, -0.00766134494916, -0.00475678732619, 0.00731686316431, -0.00190769473556, 0.00136996619403], [-0.000738123024348, -0.00206264690496, 0.00142110092565, -0.000690345710609, 0.000929488742258, -0.00040983769577, 0.000249985372648, -0.00766134494916, 0.0182652194053, -0.00395354395732, -0.00490350509062, 0.00210210750811, -0.00352334277704], [-5.83045293752e-05, 0.00249818037264, -0.00149113370571, 0.00163897767197, -0.00340288435109, -0.000346008921042, -3.60313720194e-06, -0.00475678732619, -0.00395354395732, 0.0140898860991, -0.00680766114965, 0.00102645484731, 0.004225499928], [0.000696950010024, -0.00415588961914, 0.00411179335788, -0.00326153030619, 0.00537547748536, -0.000991900335066, -0.0023380825296, 0.00731686316431, -0.00490350509062, -0.00680766114965, 0.0240145605057, -0.0149221634492, 0.00319862505421], [0.000181721159606, 0.00524372560903, -0.00302493921481, 0.00251289713196, -0.004339995794, 0.00253638415597, 0.00101431075018, -0.00190769473556, 0.00210210750811, 0.00102645484731, -0.0149221634492, 0.0264851991087, -0.0103898672387], [0.000519551686011, -0.00141118024476, 0.00198272941634, 0.00131121871527, 0.00222305674106, -0.00155025196727, 0.00126822758466, 0.00136996619403, -0.00352334277704, 0.004225499928, 0.00319862505421, -0.0103898672387, 0.0212983302772]]
    },
    "melbands": {
        "max": [0.00472345668823, 0.00983200781047, 0.0306377187371, 0.0276158228517, 0.0261844303459, 0.0176360253245, 0.00514209410176, 0.00792212691158, 0.00558968028054, 0.00477457558736, 0.00481053022668, 0.00123979605269, 0.00186672562268, 0.000515895604622, 0.00160257972311, 0.000930054404307, 0.00114940595813, 0.00105492118746, 0.000988797517493, 0.000931559072342, 0.0005678931484, 0.000385447317967, 0.000275648199022, 0.000183556912816, 0.00037785465247, 0.000507043907419, 0.000294338387903, 0.000239964036155, 0.00162604730576, 0.000778897898272, 0.000304258457618, 0.000222294111154, 0.000522773887496, 0.000648948072921, 0.000309684255626, 0.000491098617204, 0.000187918776646, 7.13148110663e-05, 3.92365873267e-05, 1.9140969016e-05],
        "mean": [0.0001511110313, 0.000333065341692, 0.000827518873848, 0.00140967173502, 0.00083942495985, 0.0002536312968, 0.00034695211798, 0.000341113714967, 0.000163109274581, 0.000126865401398, 9.23016777961e-05, 7.69062826294e-05, 7.60943585192e-05, 5.35762010259e-05, 0.000127736115246, 7.55191722419e-05, 5.95843630435e-05, 5.65597292734e-05, 5.56008235435e-05, 3.25082037307e-05, 2.83386107185e-05, 4.23531346314e-05, 1.88562044059e-05, 1.33194816954e-05, 9.23128209251e-06, 6.93253514328e-06, 1.10664304884e-05, 6.00898283665e-06, 6.78838705426e-06, 5.48913794773e-06, 4.23530718763e-06, 3.06390302285e-06, 3.77023116016e-06, 4.09173890148e-06, 2.4041441975e-06, 2.07214247894e-06, 1.04671721601e-06, 6.32348815088e-07, 4.09671457646e-07, 2.5413467597e-07],
        "min": [8.76425019669e-07, 2.73838907106e-07, 1.87390611472e-07, 1.1992887039e-07, 8.72593659551e-08, 3.8336811059e-08, 5.74363170358e-08, 3.4978015151e-08, 2.78442051638e-08, 3.12912042943e-08, 2.11630073466e-08, 1.82980208763e-08, 2.84135168727e-08, 1.34801050322e-08, 1.58814472684e-08, 9.75479075294e-09, 1.49735530641e-08, 1.53565622441e-08, 1.43249110351e-08, 1.92446307778e-08, 1.62074709209e-08, 1.15976170889e-08, 1.21829959454e-08, 1.07146540529e-08, 1.43348533044e-08, 8.07423372606e-09, 1.06999635818e-08, 1.28381314468e-08, 1.02055244255e-08, 1.07299378271e-08, 6.97990953924e-09, 8.73315464389e-09, 8.45403302918e-09, 3.22331206171e-09, 2.09095252224e-09, 2.13480766398e-09, 7.7156764311e-10, 1.23912768935e-09, 6.55906218228e-10, 3.94066723697e-10],
        "stdev": [0.000410339125665, 0.000824639981147, 0.00232598907314, 0.00302158505656, 0.00214263633825, 0.000875744328368, 0.000702844175976, 0.000692513422109, 0.000459540664451, 0.00032142267446, 0.000310723145958, 0.000132185246912, 0.000146975420648, 7.15678179404e-05, 0.000186092176591, 0.000118765761727, 0.00010341523739, 9.94246220216e-05, 8.40743814479e-05, 5.99881241214e-05, 4.90231941512e-05, 5.17957414559e-05, 2.49407185038e-05, 1.8607108359e-05, 1.46910879266e-05, 1.76729681698e-05, 1.75529785338e-05, 1.40177880894e-05, 4.72798019473e-05, 2.76815026155e-05, 1.1965489648e-05, 1.00036731965e-05, 2.18808199861e-05, 3.00790434267e-05, 1.58242528414e-05, 1.92551560758e-05, 7.77053810452e-06, 3.23246990774e-06, 1.81186794634e-06, 1.05313165477e-06]
    },
    "melbands128": {
        "max": [0.00083667144645, 0.00311711267568, 0.00695083476603, 0.0123657183722, 0.0114530529827, 0.0109416469932, 0.0215109437704, 0.0407931916416, 0.0784627199173, 0.0360902734101, 0.0442752875388, 0.0204883441329, 0.0354343615472, 0.0622371137142, 0.0102580832317, 0.0045622177422, 0.00609339261428, 0.00849380157888, 0.0113543495536, 0.0106019172817, 0.0173509437591, 0.0073522515595, 0.00743060046807, 0.0112613253295, 0.00800484418869, 0.00849461555481, 0.0104102082551, 0.00832331925631, 0.00251598027535, 0.00215379009023, 0.0026653544046, 0.00282530859113, 0.00290435831994, 0.0027068532072, 0.00102263700683, 0.000862589280587, 0.00104850973003, 0.00351779535413, 0.00119449244812, 0.000886572001036, 0.00193059304729, 0.000935471907724, 0.00177117239218, 0.00315366871655, 0.00131364888512, 0.00191056379117, 0.00169692910276, 0.00117238634266, 0.00184500811156, 0.00148460711353, 0.000828025164083, 0.000565106398426, 0.000575970218051, 0.000987532315776, 0.000627667410299, 0.000615353521425, 0.000451702711871, 0.00033926681499, 0.000453599903267, 0.000367547385395, 0.000299239967717, 0.000132020722958, 0.000235947329202, 0.000638190249447, 0.000282589404378, 0.000515354913659, 0.0005922819837, 0.000541760935448, 0.000355460302671, 0.000293962861178, 0.000255718972767, 0.000295251462376, 0.000437698123278, 0.00261714542285, 0.00207172520459, 0.000912040122785, 0.000556183978915, 0.000293329561828, 0.0002465719881, 0.000362266990123, 0.000321579864249, 0.000185181052075, 0.000148167193402, 0.000595369550865, 0.000826990231872, 0.000922369246837, 0.000778083805926, 0.000625284446869, 0.000329505943228, 0.000337388366461, 0.000449348852271, 0.00070061115548, 0.000324870197801, 0.000142695615068, 0.000118707976071, 0.000105841878394, 7.65021468396e-05, 4.20502401539e-05, 6.09082017036e-05, 6.08530826867e-05, 1.93302730622e-05, 2.7308564313e-05, 1.56901096489e-05, 8.76513240655e-06, 1.43130919241e-05, 8.36059825815e-06, 7.30596275389e-06, 3.46852402799e-06, 3.44191244039e-06, 2.93847097055e-06, 4.05249511459e-06, 1.27534508465e-06, 1.15450495741e-06, 1.4036866105e-06, 1.09884854282e-06, 3.33385031581e-07, 2.26163265893e-07, 4.07663947044e-08, 1.05669563766e-07, 5.5126029963e-08, 3.59005127848e-08, 6.50121023682e-09, 1.02827535375e-09, 1.00027230943e-09, 9.73314984165e-10, 9.54979317846e-10, 9.41134614685e-10, 9.34095800709e-10],
        "mean": [4.05459832109e-05, 7.47908343328e-05, 0.000189305501408, 0.000310891540721, 0.000326659326674, 0.000354244024493, 0.000421920733061, 0.000970602617599, 0.00145724893082, 0.00141108967364, 0.00158783409279, 0.000865197565872, 0.000827128184028, 0.000551113102119, 0.000181106035598, 0.000118044787087, 0.000164624216268, 0.000337298057275, 0.000704742618836, 0.000343806197634, 0.000217501365114, 0.000138373070513, 0.00018185506633, 0.000158423295943, 9.4228060334e-05, 0.000142649150803, 0.000123346922919, 0.000101183213701, 4.87691067974e-05, 4.15351205447e-05, 0.000104099424789, 0.000119170465041, 6.20300488663e-05, 6.44102401566e-05, 3.75815834559e-05, 4.3256481149e-05, 7.26659418433e-05, 0.000224297036766, 7.32997068553e-05, 6.05249442742e-05, 0.000103168364149, 4.94648738822e-05, 5.87379327044e-05, 6.60700388835e-05, 5.12127844559e-05, 5.77462451474e-05, 5.86365858908e-05, 6.60356090521e-05, 5.07838376507e-05, 2.84521847789e-05, 3.53304931195e-05, 3.06858382828e-05, 2.33835071413e-05, 3.08426060656e-05, 3.2067502616e-05, 5.74233527004e-05, 3.79469674954e-05, 1.4471463146e-05, 1.45284875543e-05, 1.98994075618e-05, 1.31639226311e-05, 8.4930770754e-06, 1.06977449832e-05, 8.69607265486e-06, 8.86728685145e-06, 6.01456076765e-06, 5.4208308029e-06, 1.18296511573e-05, 1.56463411258e-05, 4.27214445153e-06, 4.60316005046e-06, 8.71684460435e-06, 5.45265265828e-06, 6.84946144247e-06, 7.41033636587e-06, 5.50393087906e-06, 4.34633466284e-06, 5.59656245969e-06, 3.89714523408e-06, 3.52321194441e-06, 3.12672818836e-06, 2.9740735954e-06, 2.57574515672e-06, 3.80192409466e-06, 4.91617493026e-06, 4.38612278231e-06, 4.10079428548e-06, 2.88184173769e-06, 2.17932119995e-06, 2.00943304662e-06, 2.47678690357e-06, 2.15670252146e-06, 1.39532266985e-06, 8.87578266884e-07, 9.72470957095e-07, 7.50333640553e-07, 5.5985316294e-07, 4.29145643466e-07, 4.49695022553e-07, 3.85882344744e-07, 2.99364643297e-07, 2.39003924207e-07, 1.84098951195e-07, 1.47777214465e-07, 1.25551849806e-07, 8.90700846412e-08, 8.13018985468e-08, 6.20571753984e-08, 5.24032266469e-08, 4.02381559184e-08, 3.18394697274e-08, 1.86009483372e-08, 1.30656010455e-08, 9.01702090772e-09, 4.92241225558e-09, 2.14643369745e-09, 1.21533072495e-09, 1.83453710556e-10, 4.3137143857e-10, 2.41891645603e-10, 9.63230120665e-11, 1.54340845659e-11, 4.5170759494e-12, 4.40802169072e-12, 4.17395588578e-12, 3.80490994614e-12, 3.60164502389e-12, 3.55737488078e-12],
        "min": [9.24526588619e-08, 6.05956415711e-07, 3.40143571975e-07, 4.01195379141e-08, 6.01820318025e-08, 9.33915416113e-08, 1.32092623062e-07, 2.7401988234e-08, 5.46952136915e-08, 3.39466836863e-08, 1.91886968537e-08, 4.17101482242e-08, 1.12654827689e-08, 2.40821833586e-08, 1.35757556308e-08, 2.03220373862e-08, 2.95843598508e-08, 2.05460004565e-08, 1.79860109029e-08, 1.25434791443e-08, 2.31674288642e-08, 1.46614240748e-08, 2.14535091914e-08, 1.41499683082e-08, 1.73544609794e-08, 7.34411376158e-09, 6.69684663279e-09, 5.60087531909e-09, 7.00327706937e-09, 5.15060438744e-09, 7.48845607745e-09, 1.23892878179e-08, 8.02861244154e-09, 9.55498613564e-09, 6.6957146494e-09, 3.27527871491e-09, 3.75688458121e-09, 8.9224432287e-09, 2.89853874236e-09, 5.16591747157e-09, 3.70402863936e-09, 1.82976089835e-09, 8.23178236686e-09, 7.16643722143e-09, 1.7470964675e-09, 6.49333431468e-09, 6.56112675301e-09, 4.59834437194e-09, 5.85898707328e-09, 1.11538618341e-08, 6.6225784856e-09, 5.61453861181e-09, 7.17070491874e-09, 8.57084980765e-09, 9.74270530918e-09, 4.28845314815e-09, 8.1469977431e-09, 4.35841274182e-09, 5.96318905366e-09, 1.08329114568e-08, 6.51704690213e-09, 8.29858493034e-09, 5.6063074183e-09, 8.98724383802e-09, 6.15800832549e-09, 4.21766443992e-09, 6.90076440435e-09, 5.03042807409e-09, 9.50112255538e-09, 8.65459348631e-09, 4.07166478311e-09, 6.76428690838e-09, 1.02020747406e-08, 6.01121596944e-09, 5.97268012825e-09, 4.59396032326e-09, 6.18368689587e-09, 4.77816453071e-09, 5.39323519178e-09, 7.05429448189e-09, 4.32894031732e-09, 5.68395908118e-09, 2.32849828308e-09, 3.38001515665e-09, 4.20657597644e-09, 3.86175003086e-09, 7.67650498723e-10, 8.39361913307e-10, 3.58161889036e-10, 6.25676954691e-10, 2.56060661563e-09, 1.84707249495e-09, 7.57600648882e-10, 2.98726599013e-10, 1.18263010496e-09, 1.11229070399e-09, 1.34506306093e-09, 9.51044243358e-10, 7.41718853003e-10, 3.05199476802e-10, 1.31060384767e-10, 4.42318959237e-10, 2.07122010515e-11, 1.06258807309e-10, 3.56891655118e-10, 4.13985068448e-10, 4.39368735838e-10, 2.97395524873e-10, 7.77341177538e-11, 2.42543263251e-10, 4.04731413314e-12, 9.19705717833e-13, 2.47453343623e-13, 3.75610241694e-13, 2.81998518504e-13, 2.89527950226e-13, 2.60705546777e-13, 3.42341796187e-13, 3.07493424169e-13, 3.28236569869e-13, 2.90639853764e-13, 2.92187335525e-13, 3.71078249508e-13, 2.94990838397e-13, 2.428578714e-13, 9.85493221859e-14, 1.56962862304e-14, 4.48153115112e-16],
        "stdev": [6.09917078691e-05, 0.000198782305233, 0.000579437764827, 0.000941516133025, 0.000946181768086, 0.000936786469538, 0.00120793445967, 0.00327674509026, 0.0054771755822, 0.00357854715548, 0.00443116761744, 0.00222074752674, 0.00317704491317, 0.00297595281154, 0.000614018412307, 0.00030738231726, 0.000396347197238, 0.000796610664111, 0.00163590174634, 0.000782346120104, 0.000886663270649, 0.000515628955327, 0.000635614385828, 0.000684996426571, 0.000339456833899, 0.00049252359895, 0.0005648828228, 0.000459370057797, 0.000129179228679, 0.000110443361336, 0.000218078275793, 0.000261532404693, 0.000210062338738, 0.000167903359397, 8.12542130006e-05, 8.67109483806e-05, 0.000105338156573, 0.000397039984819, 0.000122094425024, 0.000106907376903, 0.000207721357583, 0.000105993109173, 0.000144297198858, 0.000162692173035, 0.000107410072815, 0.00014321441995, 0.000150355888763, 0.00010475525778, 0.000104513412225, 7.09487285349e-05, 7.17721995898e-05, 6.05698915024e-05, 5.37679734407e-05, 6.02608852205e-05, 5.87045105931e-05, 8.62196102389e-05, 5.22217378602e-05, 2.96477519441e-05, 2.83141289401e-05, 3.44645450241e-05, 2.52679819823e-05, 1.41755735967e-05, 1.69514169102e-05, 2.11376172956e-05, 1.65628207469e-05, 1.95300763153e-05, 2.02625833481e-05, 2.45924911724e-05, 2.44747352554e-05, 1.28343353936e-05, 1.34962956508e-05, 2.18880923057e-05, 1.78466834768e-05, 7.30327228666e-05, 6.31698931102e-05, 3.08357884933e-05, 1.76783414645e-05, 1.25669666886e-05, 1.20829217849e-05, 1.47312539411e-05, 1.17049603432e-05, 9.07616231416e-06, 7.69453981775e-06, 2.33972968999e-05, 3.77899013984e-05, 3.4093776776e-05, 3.29216345563e-05, 2.20929450734e-05, 1.39885505632e-05, 1.55843572429e-05, 1.9564793547e-05, 2.53676917055e-05, 1.2641493413e-05, 6.32703495285e-06, 5.47469335288e-06, 4.54634482594e-06, 3.13671648655e-06, 1.91487606571e-06, 2.29117426898e-06, 1.9984940991e-06, 1.16185685783e-06, 1.1727229321e-06, 7.79629033332e-07, 5.32320200364e-07, 6.13457757481e-07, 3.92666862581e-07, 3.73032179368e-07, 2.20021021846e-07, 1.64220210763e-07, 1.44418223158e-07, 1.4560272632e-07, 7.50241824221e-08, 5.86290269666e-08, 5.64158888494e-08, 4.27631476896e-08, 1.85443091993e-08, 1.08451096992e-08, 1.81527104459e-09, 4.56526771941e-09, 2.99683478033e-09, 1.41214295812e-09, 2.30025123948e-10, 2.87515549563e-11, 2.79855947444e-11, 2.72734595325e-11, 2.6767995806e-11, 2.6408515999e-11, 2.62208258578e-11]
    },
    "mfcc": {
        "mean": [-673.607849121, 106.182350159, -22.1176929474, 16.9613418579, -6.05741214752, 5.36167192459, -8.73035049438, -0.773237526417, -8.41398239136, -4.34895515442, -2.55548739433, 2.74031829834, -0.347984284163],
        "cov": [[9056.69433594, 508.078674316, -1405.93688965, -278.090057373, -477.747467041, -123.792633057, -496.224243164, -247.026184082, -185.251419067, -108.303947449, -104.435379028, -94.8577575684, -191.161987305], [508.078674316, 1327.39782715, 6.50280284882, 188.66255188, -106.010681152, -164.351791382, -150.867416382, -79.2336502075, -179.354492188, -131.622772217, -88.2271957397, -93.4211807251, -102.206771851], [-1405.93688965, 6.50280284882, 1069.85839844, 416.239807129, 151.963668823, 36.8179664612, 66.019203186, 21.7500705719, -29.6259326935, -46.8080329895, -15.1603364944, -80.6642990112, -51.2497749329], [-278.090057373, 188.66255188, 416.239807129, 384.058349609, 62.2138519287, -16.1809902191, 0.404625117779, -16.548374176, -39.9116668701, -51.9761657715, -1.76658046246, -20.5333919525, -34.3328590393], [-477.747467041, -106.010681152, 151.963668823, 62.2138519287, 177.177993774, 69.7674636841, 66.253364563, 26.1136665344, 77.0827102661, 53.7565727234, 25.8333702087, 5.59048986435, 13.4037752151], [-123.792633057, -164.351791382, 36.8179664612, -16.1809902191, 69.7674636841, 121.325996399, 60.4810447693, 9.92528629303, 36.5982131958, 33.3834991455, 17.7398204803, 17.5299053192, 14.751625061], [-496.224243164, -150.867416382, 66.019203186, 0.404625117779, 66.253364563, 60.4810447693, 124.063056946, 34.5522499084, 63.6590461731, 49.342300415, 30.2481060028, 22.1898403168, 21.6470737457], [-247.026184082, -79.2336502075, 21.7500705719, -16.548374176, 26.1136665344, 9.92528629303, 34.5522499084, 81.6623306274, 34.6787605286, 8.21117019653, 7.00645780563, -4.99952793121, 6.98378705978], [-185.251419067, -179.354492188, -29.6259326935, -39.9116668701, 77.0827102661, 36.5982131958, 63.6590461731, 34.6787605286, 168.749923706, 122.679351807, 52.2872543335, 21.9150390625, 21.3349761963], [-108.303947449, -131.622772217, -46.8080329895, -51.9761657715, 53.7565727234, 33.3834991455, 49.342300415, 8.21117019653, 122.679351807, 166.788833618, 68.716003418, 44.3809738159, 31.0035877228], [-104.435379028, -88.2271957397, -15.1603364944, -1.76658046246, 25.8333702087, 17.7398204803, 30.2481060028, 7.00645780563, 52.2872543335, 68.716003418, 91.7898101807, 64.8360671997, 39.5441894531], [-94.8577575684, -93.4211807251, -80.6642990112, -20.5333919525, 5.59048986435, 17.5299053192, 22.1898403168, -4.99952793121, 21.9150390625, 44.3809738159, 64.8360671997, 149.431762695, 88.0758514404], [-191.161987305, -102.206771851, -51.2497749329, -34.3328590393, 13.4037752151, 14.751625061, 21.6470737457, 6.98378705978, 21.3349761963, 31.0035877228, 39.5441894531, 88.0758514404, 101.361923218]],
        "icov": [[0.000208141951589, 2.6066774808e-05, 0.00030316846096, -0.000234138133237, 0.000311952753691, -0.000417906616349, 0.000694265007041, 0.000211487524211, -0.000104004378954, -5.33323072887e-05, -4.12402478105e-05, 6.60159566905e-05, 0.00034646349377], [2.6066774808e-05, 0.00118267850485, 0.00032768456731, -0.000714417779818, -0.000234556995565, 0.00104977469891, 0.000346382526914, 0.000359806494089, 0.000970697612502, -0.000439961993834, 0.000322217936628, 0.00017970551562, 0.00059326615883], [0.00030316846096, 0.00032768456731, 0.00246237660758, -0.00245973118581, -0.000406560284318, -0.000581607164349, 0.000300182116916, -0.000136646136525, 0.000961739919148, -0.000552818761207, -1.39114411013e-06, 0.00131608906668, 0.000221363836317], [-0.000234138133237, -0.000714417779818, -0.00245973118581, 0.00613549351692, -0.00188508117571, 0.00159129616804, -0.000765659613535, 0.00111968070269, -0.000443150231149, 0.00214780983515, -0.00156169524416, -0.00171259103809, 0.00131033489015], [0.000311952753691, -0.000234556995565, -0.000406560284318, -0.00188508117571, 0.0115048317239, -0.00542797008529, 0.00013927470718, -0.000664986495394, -0.00420095631853, -0.000410191190895, 0.000325015716953, 0.00107529107481, -0.0012590396218], [-0.000417906616349, 0.00104977469891, -0.000581607164349, 0.00159129616804, -0.00542797008529, 0.0150464186445, -0.00601686909795, 0.00159666582476, 0.00226368242875, -0.000331080431351, 0.000415702728787, -0.00111789721996, 0.000652275746688], [0.000694265007041, 0.000346382526914, 0.000300182116916, -0.000765659613535, 0.00013927470718, -0.00601686909795, 0.0166187752038, -0.00297696865164, -0.0026409982238, -0.00074626726564, -0.000765048782341, -0.000611543946434, 0.000678254931699], [0.000211487524211, 0.000359806494089, -0.000136646136525, 0.00111968070269, -0.000664986495394, 0.00159666582476, -0.00297696865164, 0.0163658391684, -0.00389532232657, 0.00379969947971, -0.0013204428833, 0.00189314794261, -0.00103661860339], [-0.000104004378954, 0.000970697612502, 0.000961739919148, -0.000443150231149, -0.00420095631853, 0.00226368242875, -0.0026409982238, -0.00389532232657, 0.0178167875856, -0.010648987256, -0.000733151915483, 0.00176098465454, 0.000440223957412], [-5.33323072887e-05, -0.000439961993834, -0.000552818761207, 0.00214780983515, -0.000410191190895, -0.000331080431351, -0.00074626726564, 0.00379969947971, -0.010648987256, 0.0171180199832, -0.00670077139512, -0.00072589883348, 0.00015423251898], [-4.12402478105e-05, 0.000322217936628, -1.39114411013e-06, -0.00156169524416, 0.000325015716953, 0.000415702728787, -0.000765048782341, -0.0013204428833, -0.000733151915483, -0.00670077139512, 0.0220367517322, -0.00748075544834, -2.47361786023e-05], [6.60159566905e-05, 0.00017970551562, 0.00131608906668, -0.00171259103809, 0.00107529107481, -0.00111789721996, -0.000611543946434, 0.00189314794261, 0.00176098465454, -0.00072589883348, -0.00748075544834, 0.0182316415012, -0.012660369277], [0.00034646349377, 0.00059326615883, 0.000221363836317, 0.00131033489015, -0.0012590396218, 0.000652275746688, 0.000678254931699, -0.00103661860339, 0.000440223957412, 0.00015423251898, -2.47361786023e-05, -0.012660369277, 0.0225418675691]]
    },
    "spectral_contrast_coeffs": {
        "max": [-0.313152700663, -0.51678276062, -0.496731430292, -0.633056819439, -0.634017586708, -0.613995850086],
        "mean": [-0.667509555817, -0.765671014786, -0.762219429016, -0.784862697124, -0.774931013584, -0.741501867771],
        "min": [-0.919361829758, -0.94733440876, -0.93252158165, -0.924921870232, -0.896182060242, -0.899406969547],
        "stdev": [0.142057836056, 0.0892438516021, 0.0851045101881, 0.0635138750076, 0.0577793382108, 0.0497695021331]
    },
    "spectral_contrast_valleys": {
        "max": [-5.38611078262, -5.03738260269, -5.56180047989, -5.36725759506, -5.41441440582, -7.53688335419],
        "mean": [-7.76591825485, -7.07180118561, -7.67690134048, -7.75826263428, -7.79760980606, -10.6497240067],
        "min": [-9.76943397522, -9.87018680573, -10.4728355408, -10.6149463654, -10.0205850601, -12.3402633667],
        "stdev": [0.923293948174, 0.951757013798, 1.04153358936, 1.1506806612, 0.941875517368, 0.864954948425]
    }
},
"rhythm": {
    "beats_count": 50,
    "beats_loudness": {
        "max": 0.099727652967,
        "mean": 0.0242984946817,
        "min": 7.62897034292e-05,
        "stdev": 0.0202615708113
    },
    "bpm": 88.809967041,
    "bpm_histogram_first_peak_bpm": 89,
    "bpm_histogram_first_peak_weight": 0.485714316368,
    "bpm_histogram_second_peak_bpm": 110,
    "bpm_histogram_second_peak_spread": 0.5,
    "bpm_histogram_second_peak_weight": 0.102040819824,
    "danceability": 0.856165707111,
    "onset_rate": 2.30712866783,
    "beats_loudness_band_ratio": {
        "max": [0.933026373386, 0.859267771244, 0.709341943264, 0.558327078819, 0.565282523632, 0.482870161533],
        "mean": [0.214331448078, 0.224832713604, 0.184185832739, 0.187244936824, 0.167677402496, 0.0696236565709],
        "min": [0.00444824201986, 0.00691445311531, 0.00543464580551, 0.00410568946972, 0.00811805482954, 0.0133428536355],
        "stdev": [0.264804273844, 0.242809221148, 0.170561224222, 0.159866303205, 0.158265054226, 0.0692049860954]
    },
    "beats_position": [0.522448956966, 1.04489791393, 1.5673469305, 2.10140585899, 2.63546490669, 3.1811337471, 3.72680258751, 4.28408145905, 4.82975053787, 5.3754196167, 5.92108821869, 6.47836732864, 7.03564596176, 7.66258478165, 8.3011341095, 8.99773216248, 9.69433116913, 10.3909292221, 11.0875282288, 11.7725172043, 12.445895195, 13.1192741394, 13.7810430527, 14.4428119659, 15.0929698944, 15.7431287766, 16.4048976898, 17.0666656494, 17.7168254852, 18.390203476, 19.0635814667, 19.7485713959, 20.4335594177, 21.1069393158, 21.7803173065, 22.4653053284, 23.1502952576, 23.8236732483, 24.497051239, 25.158821106, 25.8321990967, 26.4939670563, 27.1673469543, 27.8407249451, 28.537322998, 29.2223129272, 29.9189109802, 30.6038990021, 31.3004989624, 31.9970970154],
