{
"metadata": {
    "version": {
        "essentia": "2.1-beta5",
        "essentia_git_sha": "Undefined",
        "extractor": "music 2.0"
    },
    "audio_properties": {
        "analysis": {
            "equal_loudness": 0,
            "length": 12.7477550507,
            "sample_rate": 44100,
            "start_time": 0,
            "downmix": "mix"
        },
        "bit_rate": 192000,
        "length": 210.593399048,
        "lossless": 0,
        "number_channels": 2,
        "replay_gain": 14.9470500946,
        "sample_rate": 48000,
        "codec": "mp3",
        "md5_encoded": "a6886a828fccb4ed1a42ae6f06b54b60"
    },
    "tags": {
        "file_name": "Norway_Duett_Elisabeth Andreasson _ Jan Werner Danielsen.mp3",
        "encoding": ["Lavf58.29.100"]
    }
},
"lowlevel": {
    "average_loudness": 0.000257598381722,
    "barkbands_crest": {
        "max": 25.3809757233,
        "mean": 6.4463353157,
        "min": 3.27845525742,
        "stdev": 1.1350376606
    },
    "barkbands_flatness_db": {
        "max": 0.284293532372,
        "mean": 0.0800749436021,
        "min": 0.0531313233078,
        "stdev": 0.0185669939965
    },
    "barkbands_kurtosis": {
        "max": 146.983963013,
        "mean": 3.26659083366,
        "min": -0.651578187943,
        "stdev": 6.21729564667
    },
    "barkbands_skewness": {
        "max": 0.727673709393,
        "mean": -1.64109456539,
        "min": -10.9187870026,
        "stdev": 0.714131116867
    },
    "barkbands_spread": {
        "max": 48.1171226501,
        "mean": 24.6485862732,
        "min": 1.61327469349,
        "stdev": 5.89174604416
    },
    "dissonance": {
        "max": 0.499999433756,
        "mean": 0.492975175381,
        "min": 0.468789666891,
        "stdev": 0.00548348482698
    },
    "dynamic_complexity": 5.4675951004,
    "erbbands_crest": {
        "max": 11.7112121582,
        "mean": 3.91811656952,
        "min": 2.577937603,
        "stdev": 1.28557276726
    },
    "erbbands_flatness_db": {
        "max": 0.260557979345,
        "mean": 0.116389974952,
        "min": 0.0795435085893,
        "stdev": 0.0456880033016
    },
    "erbbands_kurtosis": {
        "max": 3.82437181473,
        "mean": 0.23617734015,
        "min": -0.589765548706,
        "stdev": 0.494958400726
    },
    "erbbands_skewness": {
        "max": 0.973554491997,
        "mean": -0.521809458733,
        "min": -1.00826752186,
        "stdev": 0.358313977718
    },
    "erbbands_spread": {
        "max": 44.4805259705,
        "mean": 33.4068527222,
        "min": 8.82079029083,
        "stdev": 8.03510189056
    },
    "hfc": {
        "max": 194.753005981,
        "mean": 8.11259841919,
        "min": 1.02239080343e-16,
        "stdev": 28.9973983765
    },
    "loudness_ebu128": {
        "integrated": -35.131313324,
        "loudness_range": 16.7099189758,
        "momentary": {
            "max": -31.6631793976,
            "mean": -263.44732666,
            "min": -300.691009521,
            "stdev": 90.9111709595
        },
        "short_term": {
            "max": -37.5523147583,
            "mean": -255.074813843,
            "min": -300.691009521,
            "stdev": 96.9083938599
        }
    },
    "melbands_crest": {
        "max": 12.1026878357,
        "mean": 2.84423923492,
        "min": 1.50091350079,
        "stdev": 1.45382249355
    },
    "melbands_flatness_db": {
        "max": 0.13024392724,
        "mean": 0.0191053971648,
        "min": 0.00134040147532,
        "stdev": 0.0322478823364
    },
    "melbands_kurtosis": {
        "max": 3.39426660538,
        "mean": -0.88230919838,
        "min": -1.45066976547,
        "stdev": 0.825619220734
    },
    "melbands_skewness": {
        "max": 1.42349278927,
        "mean": 0.0182834174484,
        "min": -0.665295362473,
        "stdev": 0.180520147085
    },
    "melbands_spread": {
        "max": 168.779373169,
        "mean": 118.807823181,
        "min": 18.8105354309,
        "stdev": 37.5176849365
    },
    "pitch_salience": {
        "max": 0.987099051476,
        "mean": 0.789407134056,
        "min": 0.678698539734,
        "stdev": 0.019460529089
    },
    "silence_rate_20dB": {
        "max": 1,
        "mean": 1,
        "min": 1,
        "stdev": 0
    },
    "silence_rate_30dB": {
        "max": 1,
        "mean": 0.994545459747,
        "min": 0,
        "stdev": 0.0736531987786
    },
    "silence_rate_60dB": {
        "max": 1,
        "mean": 0.890909075737,
        "min": 0,
        "stdev": 0.311753362417
    },
    "spectral_centroid": {
        "max": 11929.8232422,
        "mean": 9811.63964844,
        "min": 1803.62719727,
        "stdev": 3028.07910156
    },
    "spectral_complexity": {
        "max": 61,
        "mean": 4.72909069061,
        "min": 0,
        "stdev": 13.6482191086
    },
    "spectral_decrease": {
        "max": 1.07472571681e-23,
        "mean": -1.05751385426e-09,
        "min": -2.41824942293e-08,
        "stdev": 3.82761955464e-09
    },
    "spectral_energy": {
        "max": 0.108934976161,
        "mean": 0.00472713820636,
        "min": 9.87185696575e-21,
        "stdev": 0.0170677788556
    },
    "spectral_energyband_high": {
        "max": 0.0070588523522,
        "mean": 0.000201802307856,
        "min": 6.95909311163e-21,
        "stdev": 0.000767219869886
    },
    "spectral_energyband_low": {
        "max": 0.00145241653081,
        "mean": 3.49595648004e-05,
        "min": 7.75808728228e-24,
        "stdev": 0.000140756586916
    },
    "spectral_energyband_middle_high": {
        "max": 0.0940684303641,
        "mean": 0.00377414189279,
        "min": 1.01121850435e-21,
        "stdev": 0.0135707734153
    },
    "spectral_energyband_middle_low": {
        "max": 0.0225070677698,
        "mean": 0.0007439883193,
        "min": 1.29352917886e-22,
        "stdev": 0.00308515317738
    },
    "spectral_entropy": {
        "max": 9.829164505,
        "mean": 9.54685783386,
        "min": 7.74139022827,
        "stdev": 0.640848815441
    },
    "spectral_flux": {
        "max": 0.208202794194,
        "mean": 0.0139101352543,
        "min": 6.17199694131e-11,
        "stdev": 0.0418739430606
    },
    "spectral_kurtosis": {
        "max": 8.92996025085,
        "mean": -0.393395870924,
        "min": -1.27255678177,
        "stdev": 2.10651111603
    },
    "spectral_rms": {
        "max": 0.0103091234341,
        "mean": 0.000673689646646,
        "min": 3.1033981808e-12,
        "stdev": 0.00203911424614
    },
    "spectral_rolloff": {
        "max": 21554.7363281,
        "mean": 16570.9726562,
        "min": 1830.32226562,
        "stdev": 5537.74609375
    },
    "spectral_skewness": {
        "max": 1.88118577003,
        "mean": 0.209589734674,
        "min": -0.0955374985933,
        "stdev": 0.529798448086
    },
    "spectral_spread": {
        "max": 42885752,
        "mean": 35506420,
        "min": 2430440.75,
        "stdev": 12879410
    },
    "spectral_strongpeak": {
        "max": 5.37749242783,
        "mean": 0.212408676744,
        "min": 0,
        "stdev": 0.717702031136
    },
    "zerocrossingrate": {
        "max": 0.65576171875,
        "mean": 0.446362733841,
        "min": 0.04931640625,
        "stdev": 0.138918250799
    },
    "barkbands": {
        "max": [0.000836168881506, 0.000756103952881, 0.000399053038564, 0.000194679625565, 0.000585798756219, 0.00206099776551, 0.00143836403731, 0.00276762107387, 0.0193552225828, 0.00782867986709, 0.0197233166546, 0.0181490890682, 0.0265367943794, 0.0165592357516, 0.0167029835284, 0.0173640735447, 0.0176114030182, 0.00878733769059, 0.00416231388226, 0.00326384603977, 0.00317117711529, 0.00148819875903, 0.000869987008628, 0.000430052954471, 0.000201221191674, 3.6708504922e-05, 4.31629246123e-07],
        "mean": [2.06943368539e-05, 1.52146531036e-05, 3.70881434719e-06, 3.66789913642e-06, 1.72614982148e-05, 4.35513211414e-05, 4.63934375148e-05, 5.44395079487e-05, 0.000522366201039, 0.000214924279135, 0.000254836777458, 0.000431199267041, 0.000690652581397, 0.000540498003829, 0.000587516173255, 0.000474863598356, 0.00028066962841, 0.000175664405106, 0.000108550542791, 7.93473009253e-05, 7.90546837379e-05, 4.28300918429e-05, 2.30465557252e-05, 1.14976564873e-05, 4.22608263762e-06, 4.63998134137e-07, 1.82973713958e-09],
        "min": [4.96384006967e-26, 2.30851841152e-24, 3.84244680602e-25, 7.42980902885e-25, 5.73020357399e-24, 4.02351562732e-24, 5.8367723714e-24, 4.29314079055e-24, 8.20936305172e-24, 1.0516160366e-23, 9.75736926072e-24, 1.74827432701e-23, 2.43250624379e-23, 2.54090330523e-23, 3.2205505202e-23, 4.47502742394e-23, 5.58585717447e-23, 7.84279579737e-23, 1.05978477016e-22, 1.34200764761e-22, 1.75257074749e-22, 2.82868380243e-22, 2.9442331186e-22, 5.1948547958e-22, 8.03489642822e-22, 1.14813012335e-21, 1.86729439766e-21],
        "stdev": [8.6469874077e-05, 6.62075544824e-05, 2.06530912692e-05, 1.52866959979e-05, 6.78904689266e-05, 0.000189228361705, 0.000173890293809, 0.000236018837313, 0.00240227673203, 0.00085725961253, 0.00122737977654, 0.00170651182998, 0.00271631870419, 0.0020115962252, 0.00220856745727, 0.00183283875231, 0.00119038356934, 0.000700760981999, 0.000432824599557, 0.000313123891829, 0.00031216192292, 0.000166205340065, 9.02891115402e-05, 4.36764166807e-05, 1.65432720678e-05, 2.16762487071e-06, 1.85992110602e-08]
    },
    "erbbands": {
        "max": [0.0542481914163, 0.0891305953264, 0.401240110397, 0.618939876556, 1.33625078201, 1.98555314541, 5.8139538765, 22.4578952789, 21.5599784851, 26.2214641571, 76.4998626709, 330.665405273, 446.639221191, 246.240936279, 909.513305664, 844.952148438, 923.582702637, 928.856079102, 1208.88916016, 832.74432373, 900.730651855, 758.261535645, 526.716796875, 194.063537598, 180.846618652, 141.11555481, 172.106201172, 90.4520874023, 52.249168396, 38.5223884583, 24.0997753143, 14.0124416351, 5.70529556274, 3.16986060143, 1.10259830952, 0.315497100353, 0.0227602906525, 0.00137262325734, 0.000154591311002, 0.000148571256432],
        "mean": [0.000914639909752, 0.00186142057646, 0.00385633460246, 0.00929071102291, 0.0256874412298, 0.063709422946, 0.148688539863, 0.419679522514, 0.646210432053, 0.848428845406, 1.62286818027, 9.25670719147, 11.8260593414, 7.58077335358, 12.2597026825, 19.2579097748, 28.0892391205, 31.6529903412, 30.1198196411, 29.4509315491, 24.5237579346, 14.9527873993, 10.5274658203, 6.45892715454, 5.05520009995, 3.71585226059, 3.65219902992, 2.53750491142, 1.60165441036, 1.09930253029, 0.586989700794, 0.314312458038, 0.157474443316, 0.0646949410439, 0.0206672362983, 0.00438025454059, 0.000393614638597, 2.27076288866e-05, 4.54381779491e-06, 6.50511037747e-06],
        "min": [7.20154338929e-23, 3.96754272754e-22, 8.69089952548e-22, 2.92089510417e-21, 8.4937409457e-21, 1.98316374145e-20, 1.43983274103e-20, 5.3574484947e-20, 1.00401954905e-19, 1.59007507434e-19, 1.56282684024e-19, 1.85759898462e-19, 3.56902223031e-19, 5.33299160742e-19, 4.46030261949e-19, 8.32101199824e-19, 1.3042673706e-18, 1.57099124213e-18, 1.96035394525e-18, 2.01969546881e-18, 3.3921386519e-18, 3.98424901003e-18, 4.93242091719e-18, 4.80086859411e-18, 6.09284571517e-18, 6.56481222523e-18, 7.70629830949e-18, 8.70839453438e-18, 1.00009254529e-17, 1.02827400973e-17, 9.67738781833e-18, 9.56499051669e-18, 8.47637699e-18, 7.3230142465e-18, 5.58346044934e-18, 3.94934488331e-18, 2.08937881797e-18, 8.53358190603e-19, 2.22602548795e-19, 2.61750900461e-20],
        "stdev": [0.00413983827457, 0.00816176179796, 0.0206767842174, 0.0390417277813, 0.113567009568, 0.251281410456, 0.602863311768, 1.88137841225, 2.52661752701, 3.26512765884, 6.79053783417, 40.929359436, 50.2446365356, 28.8151473999, 57.5045928955, 76.5232620239, 107.030761719, 119.684463501, 116.727302551, 110.309036255, 93.5688705444, 59.394367218, 42.4559326172, 24.0803165436, 20.4736309052, 14.19789505, 15.297244072, 9.70599365234, 6.16508626938, 4.26505184174, 2.27294540405, 1.26637101173, 0.587382853031, 0.255515724421, 0.0825587809086, 0.0194985363632, 0.00170973152854, 0.000117210744065, 1.60954714374e-05, 2.3340971893e-05]
    },
    "gfcc": {
        "mean": [-1096.69946289, 6.30816507339, -28.4578475952, 2.29077196121, -8.88837814331, 3.81668639183, -4.88480520248, 1.07008254528, -1.74162125587, 0.675342082977, -1.09759366512, -0.0666348263621, 0.310385525227],
        "cov": [[183102.515625, 7227.78662109, -30791.4101562, 2545.45458984, -9594.56640625, 4142.13916016, -5282.28955078, 1116.77905273, -1869.80456543, 696.109313965, -1165.45153809, -113.549171448, 385.245910645], [7227.78662109, 349.191253662, -1209.11804199, 105.100883484, -371.443664551, 161.732513428, -208.437850952, 36.5107879639, -69.6578292847, 22.1742897034, -42.2803001404, -8.12950706482, 20.3667430878], [-30791.4101562, -1209.11804199, 5203.73486328, -422.70135498, 1617.4309082, -696.688598633, 892.604980469, -188.573410034, 314.245056152, -117.520072937, 196.60357666, 16.1800479889, -64.296081543], [2545.45458984, 105.100883484, -422.70135498, 44.0047531128, -130.308532715, 58.4641075134, -74.2651748657, 13.9594860077, -26.6733131409, 9.24495029449, -14.9904298782, -1.88754117489, 6.72087574005], [-9594.56640625, -371.443664551, 1617.4309082, -130.308532715, 510.07144165, -215.637329102, 277.706268311, -58.9649276733, 99.3815155029, -36.8981552124, 62.193397522, 6.38247251511, -18.9309558868], [4142.13916016, 161.732513428, -696.688598633, 58.4641075134, -215.637329102, 98.6420898438, -118.363998413, 26.3694915771, -41.7998695374, 16.5463581085, -25.5626106262, -2.11921477318, 9.04463481903], [-5282.28955078, -208.437850952, 892.604980469, -74.2651748657, 277.706268311, -118.363998413, 159.82598877, -29.2639408112, 55.0540161133, -20.3675670624, 33.3958320618, 1.90351045132, -11.1466960907], [1116.77905273, 36.5107879639, -188.573410034, 13.9594860077, -58.9649276733, 26.3694915771, -29.2639408112, 12.1471471786, -10.76973629, 4.97351026535, -8.15997219086, -1.15216636658, 1.45951271057], [-1869.80456543, -69.6578292847, 314.245056152, -26.6733131409, 99.3815155029, -41.7998695374, 55.0540161133, -10.76973629, 24.3774147034, -6.07759046555, 13.2020626068, 1.34467411041, -2.94412517548], [696.109313965, 22.1742897034, -117.520072937, 9.24495029449, -36.8981552124, 16.5463581085, -20.3675670624, 4.97351026535, -6.07759046555, 8.05253219604, -2.46330761909, 1.26649546623, 0.412929058075], [-1165.45153809, -42.2803001404, 196.60357666, -14.9904298782, 62.193397522, -25.5626106262, 33.3958320618, -8.15997219086, 13.2020626068, -2.46330761909, 12.0084209442, 1.83007466793, -1.60027825832], [-113.549171448, -8.12950706482, 16.1800479889, -1.88754117489, 6.38247251511, -2.11921477318, 1.90351045132, -1.15216636658, 1.34467411041, 1.26649546623, 1.83007466793, 4.45254230499, -0.473683834076], [385.245910645, 20.3667430878, -64.296081543, 6.72087574005, -18.9309558868, 9.04463481903, -11.1466960907, 1.45951271057, -2.94412517548, 0.412929058075, -1.60027825832, -0.473683834076, 4.4433298111]],
        "icov": [[0.00221573724411, -0.00290585705079, 0.00761830015108, -0.0086311455816, 0.0093484390527, -0.00607943627983, -0.000337818695698, -0.00326210283674, 0.00170606968459, -0.00383235188201, 0.00371695752256, 0.00190667225979, -3.86647916457e-05], [-0.00290585705079, 0.0289505496621, 0.00229877885431, 0.000238028762396, -0.0207151025534, 0.00956573151052, -0.00796568300575, 0.0384080968797, -0.0195774827152, 0.021671300754, -0.0204764585942, 0.0254224985838, -0.00783029478043], [0.00761830015108, 0.00229877885431, 0.0607227832079, -0.0318116508424, -0.0239007286727, 0.0168390180916, -0.0444517470896, 0.0279030483216, 0.00727981887758, -0.016626175493, 9.33196788537e-05, 0.0363062620163, 0.00921950768679], [-0.0086311455816, 0.000238028762396, -0.0318116508424, 0.178628697991, -0.054721660912, -0.0269495993853, 0.0409302003682, 0.0096180876717, 0.0433609783649, 0.00154699140694, -0.0297900773585, 0.0164480432868, -0.0424198284745], [0.0093484390527, -0.0207151025534, -0.0239007286727, -0.054721660912, 0.216712415218, -0.0471443496644, -0.00798647664487, -0.021921640262, -0.0422663278878, 0.0263018384576, 0.00296905008145, -0.0679824948311, -0.00884355511516], [-0.00607943627983, 0.00956573151052, 0.0168390180916, -0.0269495993853, -0.0471443496644, 0.250703155994, -0.0338387489319, -0.037483420223, 0.00670934980735, -0.0212449654937, -0.0333904214203, -0.0031204232946, -0.0220132656395], [-0.000337818695698, -0.00796568300575, -0.0444517470896, 0.0409302003682, -0.00798647664487, -0.0338387489319, 0.230961471796, -0.131727308035, -0.0183080751449, 0.0295476689935, -0.0222563315183, 0.0242892708629, -0.00211829668842], [-0.00326210283674, 0.0384080968797, 0.0279030483216, 0.0096180876717, -0.021921640262, -0.037483420223, -0.131727308035, 0.359927266836, -0.0494573004544, -0.0354233644903, 0.0609023794532, 0.0556746162474, 0.0286078248173], [0.00170606968459, -0.0195774827152, 0.00727981887758, 0.0433609783649, -0.0422663278878, 0.00670934980735, -0.0183080751449, -0.0494573004544, 0.265532404184, -0.0671398043633, -0.0336869396269, 0.00365543086082, -0.0714094266295], [-0.00383235188201, 0.021671300754, -0.016626175493, 0.00154699140694, 0.0263018384576, -0.0212449654937, 0.0295476689935, -0.0354233644903, -0.0671398043633, 0.322554498911, -0.145964771509, -0.0678827911615, 0.0968105643988], [0.00371695752256, -0.0204764585942, 9.33196788537e-05, -0.0297900773585, 0.00296905008145, -0.0333904214203, -0.0222563315183, 0.0609023794532, -0.0336869396269, -0.145964771509, 0.356648504734, -0.0520450361073, -0.0630768164992], [0.00190667225979, 0.0254224985838, 0.0363062620163, 0.0164480432868, -0.0679824948311, -0.0031204232946, 0.0242892708629, 0.0556746162474, 0.00365543086082, -0.0678827911615, -0.0520450361073, 0.334643542767, 0.00365769094788], [-3.86647916457e-05, -0.00783029478043, 0.00921950768679, -0.0424198284745, -0.00884355511516, -0.0220132656395, -0.00211829668842, 0.0286078248173, -0.0714094266295, 0.0968105643988, -0.0630768164992, 0.00365769094788, 0.375652313232]]
    },
    "melbands": {
        "max": [0.000379830540624, 0.000176440342329, 0.000121072560432, 0.000124776168377, 0.000180365444976, 0.000480759103084, 0.000315482990118, 0.000305543653667, 0.00058611080749, 0.00253778765909, 0.00230540335178, 0.00106291740667, 0.0031837222632, 0.00214351085015, 0.0022034784779, 0.00282637192868, 0.00154253374785, 0.00220800074749, 0.00132799916901, 0.00131918035913, 0.00122413458303, 0.00103323010262, 0.000463208649307, 0.000374223163817, 0.00016160128871, 0.000161746429512, 0.000114344737085, 0.000100615703559, 0.000108008076495, 9.5695242635e-05, 3.54464937118e-05, 3.79577759304e-05, 2.57891115325e-05, 1.97145836864e-05, 1.08795529741e-05, 1.79377475433e-05, 9.32297461986e-06, 4.27768372901e-06, 3.06134870698e-06, 2.50997777584e-06],
        "mean": [7.61011961004e-06, 2.10816915569e-06, 2.00320891963e-06, 3.19979403685e-06, 4.70425129606e-06, 9.43879604165e-06, 9.91235719994e-06, 9.58081363933e-06, 1.34805304697e-05, 7.30403626221e-05, 6.10699571553e-05, 2.93320445053e-05, 3.83852675441e-05, 4.47092679678e-05, 5.73984798393e-05, 6.94154587109e-05, 5.5669050198e-05, 4.72169522254e-05, 4.28398889198e-05, 3.64544648619e-05, 2.70880318567e-05, 1.64900047821e-05, 1.0744469364e-05, 8.12794951344e-06, 4.87322131448e-06, 3.95612687498e-06, 3.01662066704e-06, 2.31137732953e-06, 2.32680531553e-06, 2.04234015655e-06, 1.24623682041e-06, 9.28076303808e-07, 7.46150021769e-07, 5.48240336684e-07, 3.45685890579e-07, 2.50023276749e-07, 1.73164309558e-07, 1.22376988543e-07, 7.24875590663e-08, 4.77300794444e-08],
        "min": [9.01648588968e-25, 6.49446996555e-25, 7.19477728986e-25, 1.04988610407e-24, 7.32751644919e-25, 9.69461438963e-25, 1.98357398288e-24, 1.85025313724e-24, 9.10061396092e-25, 1.10382239771e-24, 1.52802120683e-24, 1.87858211843e-24, 1.35284754308e-24, 1.97828329001e-24, 1.80767062279e-24, 2.06084961387e-24, 2.22810429742e-24, 2.49996962841e-24, 2.54075334277e-24, 2.72635219782e-24, 3.78925470404e-24, 3.42409611861e-24, 3.45925012713e-24, 3.29176568784e-24, 2.97419967247e-24, 3.63598928535e-24, 3.70362030291e-24, 3.71814086559e-24, 4.12453715484e-24, 3.62708738447e-24, 4.20489920412e-24, 4.46259324058e-24, 4.78282935291e-24, 4.35475634927e-24, 4.92583839654e-24, 4.57477793878e-24, 5.24899921067e-24, 4.80058108986e-24, 4.59937264965e-24, 5.37908355723e-24],
        "stdev": [3.218868369e-05, 9.96571725409e-06, 8.28682823339e-06, 1.30598900796e-05, 1.86954002857e-05, 4.16457478423e-05, 3.82498656109e-05, 3.71686401195e-05, 5.68581235711e-05, 0.00033137522405, 0.000260657863691, 0.00011345880921, 0.000191781262401, 0.000178355432581, 0.000230202247621, 0.000278725201497, 0.000210081954719, 0.00018905143952, 0.0001603175333, 0.000142493227031, 0.00010642207053, 6.9215624535e-05, 4.3009113142e-05, 3.24694956362e-05, 1.81944760698e-05, 1.64991088241e-05, 1.1781725334e-05, 9.1042729764e-06, 9.89468753687e-06, 8.59018746269e-06, 4.76621289636e-06, 3.684901003e-06, 2.89227523353e-06, 2.15741783904e-06, 1.29700697471e-06, 1.14090880743e-06, 7.05665570422e-07, 4.58443366824e-07, 2.76578674629e-07, 1.98058032197e-07]
    },
    "melbands128": {
        "max": [0.000583002867643, 0.000612188712694, 0.000236236315686, 0.00014823381207, 0.000198223409825, 0.00019306037575, 0.00012551691907, 9.30998648982e-05, 0.000160443494678, 0.000200389302336, 0.000129113046569, 0.000215623265831, 0.000256303261267, 0.000385642808396, 0.000480239395984, 0.000779881025665, 0.000418205396272, 0.000474857748486, 0.000321544124745, 0.000308463088004, 0.000471183797345, 0.000735077541322, 0.000813880120404, 0.000815428153146, 0.00200352142565, 0.00541998166591, 0.00543206743896, 0.00122119358275, 0.00155241240282, 0.00132155918982, 0.00092020991724, 0.00180383189581, 0.00527941482142, 0.00209528789856, 0.0021709469147, 0.00183380173985, 0.00275360466912, 0.00339272292331, 0.00242634583265, 0.00242939544842, 0.00366714643314, 0.00472091557458, 0.00226335111074, 0.00142085622065, 0.00164168421179, 0.00355875724927, 0.00175882398617, 0.00207988498732, 0.00129357574042, 0.00202834582888, 0.00211451924406, 0.00125097844284, 0.000935858406592, 0.00136358756572, 0.00248596165329, 0.000676939205732, 0.000871794647537, 0.000545113987755, 0.000647551612929, 0.000614055956248, 0.000446773978183, 0.000238945955061, 0.000164563782164, 0.000183594238479, 0.000257270468865, 0.000224176779739, 0.000172344516614, 0.000178123635123, 0.000103356949694, 8.27062758617e-05, 0.000100824094261, 0.000109109008918, 0.000131624998176, 0.000125440739794, 0.000125585196656, 0.000114106434921, 0.00010604862473, 5.47415111214e-05, 4.06293038395e-05, 4.64598742838e-05, 4.56245834357e-05, 3.76487550966e-05, 4.25263424404e-05, 2.79682644759e-05, 4.38088354713e-05, 2.34058206843e-05, 2.4634275178e-05, 1.0455129086e-05, 9.73342230282e-06, 1.00486313386e-05, 3.28067035298e-05, 1.43000543176e-05, 1.24603402583e-05, 1.26636905406e-05, 6.8273634497e-06, 4.60817182102e-06, 4.05581931773e-06, 5.48451134819e-06, 2.55786289927e-06, 2.61333252638e-06, 4.38947881776e-06, 1.94520293917e-06, 1.63477068327e-06, 2.17619822251e-06, 1.00707347883e-06, 8.08357526694e-07, 4.94776372761e-07, 1.03295587905e-06, 5.59625448204e-07, 2.97030709362e-07, 1.18216796352e-07, 1.22370991562e-07, 4.30274269547e-08, 5.27931298677e-09, 1.92861975279e-08, 3.54342333253e-08, 2.81362466659e-09, 2.62096122583e-09, 2.26159402317e-09, 2.03764316531e-09, 1.85180393242e-09, 1.69676506179e-09, 1.5241997664e-09, 1.38166378338e-09, 1.29725552522e-09, 1.29494426293e-09, 1.25558741182e-09, 1.23083032655e-09],
        "mean": [1.42941926242e-05, 1.00253109849e-05, 5.01612839798e-06, 2.56363000517e-06, 1.85974727174e-06, 1.89543993656e-06, 1.79777896392e-06, 1.88715887361e-06, 2.40444933297e-06, 3.43343299392e-06, 3.4272125049e-06, 3.98314114136e-06, 4.99019051858e-06, 5.59749878448e-06, 8.24629023555e-06, 1.30858852572e-05, 1.12368479677e-05, 9.06240984477e-06, 8.33371359477e-06, 9.65724120761e-06, 9.65923118201e-06, 1.0949096577e-05, 1.30953230837e-05, 1.65088495123e-05, 2.68196290563e-05, 0.000129611915327, 0.000115678594739, 3.24977154378e-05, 3.82925281883e-05, 2.83119061351e-05, 2.47958287218e-05, 3.2776973967e-05, 4.42869059043e-05, 3.63805156667e-05, 4.07278130297e-05, 4.71290986752e-05, 5.03863157064e-05, 6.43017483526e-05, 5.5749558669e-05, 5.52354140382e-05, 7.65653603594e-05, 8.54936006363e-05, 5.38008316653e-05, 4.19557509304e-05, 4.42792588728e-05, 5.11077632837e-05, 4.77150497318e-05, 4.34639950981e-05, 4.0097758756e-05, 3.98213414883e-05, 3.6006927985e-05, 3.41878803738e-05, 2.69580850727e-05, 2.55431841651e-05, 2.37047734117e-05, 1.413836344e-05, 1.24633706946e-05, 1.12059196908e-05, 1.00188326542e-05, 9.71173085418e-06, 9.16820317798e-06, 5.99657869316e-06, 5.19677951161e-06, 4.62609023089e-06, 4.08500955018e-06, 3.98565998694e-06, 3.93651589548e-06, 3.39490247825e-06, 2.74805961453e-06, 2.58870272773e-06, 2.2948484002e-06, 2.06993559004e-06, 2.4551907245e-06, 2.38113648265e-06, 2.17214028453e-06, 2.23934080168e-06, 1.97314307115e-06, 1.49338814026e-06, 1.1073504993e-06, 1.03928800854e-06, 9.84379084912e-07, 8.48442994084e-07, 8.57638156049e-07, 7.12666633262e-07, 6.94879247476e-07, 6.30462125173e-07, 4.98106771829e-07, 3.86042330547e-07, 3.33234112304e-07, 3.07835733793e-07, 3.20364705431e-07, 2.06734000585e-07, 1.8173111016e-07, 1.80794231142e-07, 1.63439395351e-07, 1.52786128638e-07, 1.09924265246e-07, 8.59170157241e-08, 7.25722131278e-08, 6.77552804973e-08, 5.4663715332e-08, 4.4185735959e-08, 3.95142478737e-08, 3.38854455606e-08, 2.00523402327e-08, 1.53008556936e-08, 1.15933733724e-08, 9.34587518486e-09, 6.74230848929e-09, 5.04884090091e-09, 2.9349895847e-09, 1.34523703288e-09, 3.2692487606e-10, 3.77939311791e-11, 1.44208298081e-10, 2.61375643351e-10, 2.06147737769e-11, 9.49916013904e-12, 9.89073753455e-12, 8.18293002802e-12, 7.59684329332e-12, 7.29008086536e-12, 6.78596328435e-12, 6.28854216964e-12, 5.21890083233e-12, 3.55233746065e-12, 2.62080331395e-12, 2.45628842786e-12],
        "min": [1.33387704684e-26, 1.20523266109e-25, 1.73536000839e-25, 4.60574861791e-25, 7.38041869409e-26, 1.7634374169e-25, 2.16206313041e-25, 1.77934455054e-25, 3.36693649002e-25, 2.54830348119e-25, 6.01743985971e-25, 1.08119377473e-25, 1.62899616691e-25, 2.85816681217e-25, 1.68674189451e-25, 3.48095819874e-25, 2.18580439239e-25, 1.87362439881e-25, 2.32228151982e-25, 3.48394724201e-25, 1.70244441734e-25, 2.59864242119e-25, 2.40590324096e-25, 5.74747489465e-25, 4.80275775431e-25, 6.19600789333e-25, 4.87876647468e-25, 4.90662115324e-25, 5.30400046652e-25, 7.72504170174e-25, 7.14356937027e-25, 8.32189879301e-25, 8.94108163398e-25, 6.99627326205e-25, 6.75976339494e-25, 7.06720171819e-25, 5.41627016448e-25, 6.97003722746e-25, 9.85416347987e-25, 6.59746709661e-25, 7.74161073898e-25, 7.77942922381e-25, 6.52786491286e-25, 7.41187329009e-25, 1.39351450603e-24, 8.44339914963e-25, 1.35210157648e-24, 9.21978619179e-25, 7.48752998128e-25, 1.2003685201e-24, 7.39755004124e-25, 1.36317422537e-24, 1.77206144153e-24, 1.1981510321e-24, 1.34083131795e-24, 1.05233975731e-24, 1.31233499964e-24, 1.58233368851e-24, 1.46122381804e-24, 1.54461065584e-24, 1.30434147209e-24, 1.09789844674e-24, 1.21651275574e-24, 2.11549479763e-24, 1.80348039088e-24, 1.34641556569e-24, 1.88583056685e-24, 1.38650735044e-24, 1.99030710793e-24, 1.26696474936e-24, 1.83333759285e-24, 1.77897422964e-24, 1.49121591522e-24, 2.10768034151e-24, 1.97538935378e-24, 2.36929343895e-24, 1.21613834263e-24, 2.17006188417e-24, 2.715725847e-24, 1.68928350573e-24, 2.71882528149e-24, 2.65780886263e-24, 1.65386739818e-24, 3.07747753939e-24, 2.83949240378e-24, 3.42739789593e-24, 2.32977012709e-24, 3.43943749107e-24, 2.69937256322e-24, 2.8571660435e-24, 2.67296623327e-24, 2.84007182212e-24, 3.5959660329e-24, 2.52342344919e-24, 2.50838381604e-24, 3.12983522375e-24, 2.90227291285e-24, 2.93306254841e-24, 2.51339406886e-24, 2.95127123304e-24, 4.35447551479e-24, 3.36259218371e-24, 3.71813139926e-24, 3.68714454847e-24, 3.54633366575e-24, 3.1483965292e-24, 3.05661236566e-24, 3.16458730764e-24, 3.54411696661e-24, 4.25273375726e-24, 4.41712803117e-24, 4.34534523867e-24, 3.441340618e-24, 4.36839181002e-24, 4.11604388391e-24, 4.49929341648e-24, 5.23283111198e-24, 5.23198624195e-24, 4.6804584788e-24, 4.56568276697e-24, 4.83048838449e-24, 5.26349176879e-24, 5.52008928859e-24, 5.32518266373e-24, 4.27585053723e-24, 4.92231258272e-24, 5.4528282468e-24, 5.83855243603e-24],
        "stdev": [5.70675911149e-05, 4.57717142126e-05, 2.25156254601e-05, 1.15844986794e-05, 1.01838968476e-05, 1.02350450106e-05, 7.84258372732e-06, 8.40918437461e-06, 1.15291031761e-05, 1.65305154951e-05, 1.4063951312e-05, 1.84495420399e-05, 2.24064751819e-05, 2.6946190701e-05, 3.87539148505e-05, 6.68013672112e-05, 4.71933635708e-05, 3.90293353121e-05, 3.35623008141e-05, 4.02791156375e-05, 4.21876065957e-05, 5.08286393597e-05, 6.4965999627e-05, 7.46877558413e-05, 0.000133654102683, 0.000632374780253, 0.000605126202572, 0.000131327557028, 0.00017064466374, 0.000123019679449, 0.000101251454907, 0.000150679770741, 0.000281163462205, 0.000173903419636, 0.000169142440427, 0.000197085435502, 0.000228699151194, 0.000295908073895, 0.000235626372159, 0.000242997411988, 0.000327681715135, 0.000397114403313, 0.000218382279854, 0.000169790844666, 0.000170303304913, 0.000251288729487, 0.00019734154921, 0.000176572677447, 0.000163060438354, 0.000172844942426, 0.000168326267158, 0.000139372437843, 0.000109021202661, 0.000107116742583, 0.000129239691887, 5.69025178265e-05, 5.61401357118e-05, 4.80085764138e-05, 4.4502907258e-05, 4.41665833932e-05, 3.85608691431e-05, 2.37994299823e-05, 1.94616568479e-05, 1.90334503714e-05, 1.74403467099e-05, 1.83385163837e-05, 1.72813379322e-05, 1.53407036123e-05, 1.08456160888e-05, 1.00853949334e-05, 9.57384327194e-06, 8.86587258719e-06, 1.12275411084e-05, 1.01505074781e-05, 1.01421019281e-05, 9.82820711215e-06, 8.51699587656e-06, 5.70039037484e-06, 4.54655400972e-06, 4.63612241219e-06, 4.30507225246e-06, 3.46006413565e-06, 3.62473929272e-06, 2.86423983198e-06, 3.07582831738e-06, 2.5926442504e-06, 2.12961094803e-06, 1.42609019349e-06, 1.28242095343e-06, 1.20887727917e-06, 1.81245786735e-06, 9.36098842885e-07, 7.95985670266e-07, 8.2756730535e-07, 6.48256161639e-07, 5.80751020607e-07, 4.28065135338e-07, 3.71259432086e-07, 2.84400698547e-07, 2.64720711129e-07, 2.7444102102e-07, 1.85887159887e-07, 1.58017570584e-07, 1.46599745676e-07, 8.57887982875e-08, 6.4962868862e-08, 4.80433079986e-08, 5.39927320631e-08, 3.62334482418e-08, 2.1259140226e-08, 1.19806067289e-08, 8.55347082052e-09, 2.75166178731e-09, 2.91316026857e-10, 1.3623401296e-09, 2.59762744648e-09, 1.5678712495e-10, 1.12402691321e-10, 1.00891399402e-10, 8.74599975775e-11, 7.95383967023e-11, 7.30056223808e-11, 6.56492915585e-11, 5.95483107269e-11, 5.56728066425e-11, 5.52175700996e-11, 5.3494920299e-11, 5.24415823266e-11]
    },
    "mfcc": {
        "mean": [-1178.87927246, 9.78105449677, -10.0068206787, -1.73692452908, -1.41456866264, 1.34736585617, -0.875137388706, 0.37361446023, 0.352515041828, 0.561991214752, -0.00839391164482, 0.499891400337, 0.011224495247],
        "cov": [[49922.9179688, 5528.27099609, -5667.6640625, -966.572509766, -812.68359375, 775.897644043, -487.956695557, 207.287994385, 194.743377686, 321.199859619, -5.09207487106, 266.822021484, -20.5841426849], [5528.27099609, 636.161560059, -643.133178711, -112.312339783, -91.7947769165, 86.5253143311, -57.8738059998, 24.0665779114, 21.8699188232, 36.2542228699, -0.96882802248, 31.8550777435, -0.36655792594], [-5667.6640625, -643.133178711, 664.916503906, 114.464691162, 92.4049606323, -88.5495681763, 57.9994888306, -25.5279750824, -23.1683673859, -36.4872779846, 1.04875338078, -32.1682319641, 0.41417735815], [-966.572509766, -112.312339783, 114.464691162, 25.4903106689, 17.6308784485, -14.9013795853, 10.1684551239, -5.04802036285, -4.22426939011, -7.95426893234, -0.266496837139, -5.3045797348, -0.364327132702], [-812.68359375, -91.7947769165, 92.4049606323, 17.6308784485, 19.9868545532, -10.6559019089, 7.07544279099, -3.99652862549, -4.29517459869, -6.56517314911, -0.52139544487, -4.20390701294, 0.813006818295], [775.897644043, 86.5253143311, -88.5495681763, -14.9013795853, -10.6559019089, 16.2675037384, -7.71453857422, 2.82345032692, 2.41117405891, 4.19690847397, -0.263455480337, 4.75846147537, 0.906256616116], [-487.956695557, -57.8738059998, 57.9994888306, 10.1684551239, 7.07544279099, -7.71453857422, 10.2082996368, -1.28319859505, -1.33019387722, -2.65284872055, 1.03416001797, -2.76784038544, -0.60674649477], [207.287994385, 24.0665779114, -25.5279750824, -5.04802036285, -3.99652862549, 2.82345032692, -1.28319859505, 5.76793766022, 2.77891755104, 1.97998583317, 0.0242333374918, 0.303229868412, -0.0796736478806], [194.743377686, 21.8699188232, -23.1683673859, -4.22426939011, -4.29517459869, 2.41117405891, -1.33019387722, 2.77891755104, 5.00564098358, 2.7121193409, 0.61555570364, 0.513468146324, -0.657547295094], [321.199859619, 36.2542228699, -36.4872779846, -7.95426893234, -6.56517314911, 4.19690847397, -2.65284872055, 1.97998583317, 2.7121193409, 6.70751476288, 1.19204711914, 1.73274922371, -1.08996462822], [-5.09207487106, -0.96882802248, 1.04875338078, -0.266496837139, -0.52139544487, -0.263455480337, 1.03416001797, 0.0242333374918, 0.61555570364, 1.19204711914, 3.38674926758, 0.737035691738, 0.601684689522], [266.822021484, 31.8550777435, -32.1682319641, -5.3045797348, -4.20390701294, 4.75846147537, -2.76784038544, 0.303229868412, 0.513468146324, 1.73274922371, 0.737035691738, 6.04434680939, 1.76139390469], [-20.5841426849, -0.36655792594, 0.41417735815, -0.364327132702, 0.813006818295, 0.906256616116, -0.60674649477, -0.0796736478806, -0.657547295094, -1.08996462822, 0.601684689522, 1.76139390469, 4.10087776184]],
        "icov": [[0.000904459855519, -0.00227610301226, 0.00487010274082, -0.00299952016212, 0.00377781037241, -0.00580425886437, -0.000637156248558, 0.00110751274042, 0.0012568392558, -0.00149751361459, -0.00138384057209, 0.00173456943594, 0.00330058461986], [-0.00227610301226, 0.0939180776477, 0.0564787089825, 0.0199908558279, 0.0292670316994, -0.019085848704, 0.0409676991403, -0.00578589551151, 0.0118598118424, -0.00727709755301, 0.00228755525313, -0.023173680529, 0.00699177198112], [0.00487010274082, 0.0564787089825, 0.0993580594659, -0.0327952429652, 0.0256698857993, -0.011742958799, 0.000368961453205, 0.0183327291161, 0.0255925599486, -0.0216581653804, -0.00899187382311, 0.0168325603008, 0.00689842319116], [-0.00299952016212, 0.0199908558279, -0.0327952429652, 0.23106764257, -0.0535972937942, 0.0163512770087, -0.00976954121143, 0.0224686097354, -0.0345447398722, 0.090493708849, -0.00101602403447, -0.0384057611227, 0.051732994616], [0.00377781037241, 0.0292670316994, 0.0256698857993, -0.0535972937942, 0.20937640965, -0.0929539650679, 0.0440001524985, -0.0111682191491, 0.0384493283927, 0.00537437805906, 0.00332083250396, 0.00105881155469, 0.00620162254199], [-0.00580425886437, -0.019085848704, -0.011742958799, 0.0163512770087, -0.0929539650679, 0.310609608889, -0.0376869216561, 0.0215923823416, -0.00415425701067, 0.0144330533221, 0.0226536728442, -0.00114979944192, -0.0832314416766], [-0.000637156248558, 0.0409676991403, 0.000368961453205, -0.00976954121143, 0.0440001524985, -0.0376869216561, 0.246683627367, -0.0539121031761, 0.00643824459985, 0.00695226248354, -0.06902384758, -0.0302401501685, 0.060610640794], [0.00110751274042, -0.00578589551151, 0.0183327291161, 0.0224686097354, -0.0111682191491, 0.0215923823416, -0.0539121031761, 0.28343296051, -0.119089111686, -0.00487110996619, 0.030118893832, 0.0574275888503, -0.0493159629405], [0.0012568392558, 0.0118598118424, 0.0255925599486, -0.0345447398722, 0.0384493283927, -0.00415425701067, 0.00643824459985, -0.119089111686, 0.340666741133, -0.0785446166992, -0.0437246970832, 0.018166044727, 0.0260092522949], [-0.00149751361459, -0.00727709755301, -0.0216581653804, 0.090493708849, 0.00537437805906, 0.0144330533221, 0.00695226248354, -0.00487110996619, -0.0785446166992, 0.327744275331, -0.10154286027, -0.041351556778, 0.105914853513], [-0.00138384057209, 0.00228755525313, -0.00899187382311, -0.00101602403447, 0.00332083250396, 0.0226536728442, -0.06902384758, 0.030118893832, -0.0437246970832, -0.10154286027, 0.388171613216, -0.0344970598817, -0.0973513424397], [0.00173456943594, -0.023173680529, 0.0168325603008, -0.0384057611227, 0.00105881155469, -0.00114979944192, -0.0302401501685, 0.0574275888503, 0.018166044727, -0.041351556778, -0.0344970598817, 0.306016147137, -0.136246576905], [0.00330058461986, 0.00699177198112, 0.00689842319116, 0.051732994616, 0.00620162254199, -0.0832314416766, 0.060610640794, -0.0493159629405, 0.0260092522949, 0.105914853513, -0.0973513424397, -0.136246576905, 0.395239979029]]
    },
    "spectral_contrast_coeffs": {
        "max": [-0.640862822533, -0.728109896183, -0.683654844761, -0.735415697098, -0.732349216938, -0.662101268768],
        "mean": [-0.937636256218, -0.94737803936, -0.939062595367, -0.941957235336, -0.938518941402, -0.928586184978],
        "min": [-0.982297241688, -0.984107732773, -0.97681671381, -0.974864721298, -0.968855082989, -0.965210199356],
        "stdev": [0.066407777369, 0.0428426526487, 0.0572469979525, 0.0506769455969, 0.0551998205483, 0.0805733650923]
    },
    "spectral_contrast_valleys": {
        "max": [-6.19162225723, -5.27714347839, -5.02420139313, -4.8570728302, -5.20263528824, -8.69955158234],
        "mean": [-24.6676712036, -24.4312705994, -24.4308414459, -24.3649902344, -24.4721317291, -24.9119720459],
        "min": [-28.4168701172, -28.2278137207, -27.8910121918, -27.6755752563, -27.5924358368, -27.4215564728],
        "stdev": [6.43656826019, 6.98443555832, 7.14764547348, 7.23254776001, 7.01303434372, 5.90283966064]
    }
},
"rhythm": {
    "beats_count": 31,
    "beats_loudness": {
        "max": 0.0885998606682,
        "mean": 0.00492055853829,
        "min": 0,
        "stdev": 0.0170767940581
    },
    "bpm": 128.805328369,
    "bpm_histogram_first_peak_bpm": 129,
    "bpm_histogram_first_peak_weight": 0.125000059605,
    "bpm_histogram_second_peak_bpm": 161,
    "bpm_histogram_second_peak_spread": 0.33333337307,
    "bpm_histogram_second_peak_weight": 0.20000000298,
    "danceability": 0.883437633514,
    "onset_rate": 0.626990437508,
    "beats_loudness_band_ratio": {
        "max": [0.0214414577931, 0.0239693205804, 0.217280805111, 0.47812384367, 0.413380950689, 0.092574454844],
        "mean": [0.00196181773208, 0.00213793595321, 0.0159192271531, 0.0685890540481, 0.0647836402059, 0.0105787878856],
        "min": [0, 0, 0, 0, 0, 0],
        "stdev": [0.00493928929791, 0.00549158360809, 0.0437479652464, 0.157735735178, 0.147772222757, 0.0252227522433]
    },
    "beats_position": [0.46439909935, 0.940408170223, 1.40480720997, 1.86920630932, 2.33360528946, 2.79800438881, 3.26240348816, 3.72680258751, 4.19120168686, 4.60916090012, 5.02712011337, 5.44507932663, 5.86303853989, 6.25777769089, 6.64090681076, 7.02403593063, 7.40716552734, 7.76707458496, 8.12698364258, 8.48689365387, 8.84680271149, 9.21832180023, 9.58984088898, 9.96135997772, 10.3328800201, 10.7043991089, 11.0759181976, 11.4358272552, 11.7841272354, 12.1324262619, 12.4691152573],
