{
"metadata": {
    "version": {
        "essentia": "2.1-beta5",
        "essentia_git_sha": "Undefined",
        "extractor": "music 2.0"
    },
    "audio_properties": {
        "analysis": {
            "equal_loudness": 0,
            "length": 32.4963264465,
            "sample_rate": 44100,
            "start_time": 142.744674683,
            "downmix": "mix"
        },
        "bit_rate": 192000,
        "length": 207.667663574,
        "lossless": 0,
        "number_channels": 2,
        "replay_gain": -1.53090858459,
        "sample_rate": 48000,
        "codec": "mp3",
        "md5_encoded": "9cd7502c44b28a36f52034d052045880"
    },
    "tags": {
        "file_name": "Cyprus_Ime Anthropos Ke Ego_Evridiki.mp3",
        "encoding": ["Lavf58.29.100"]
    }
},
"lowlevel": {
    "average_loudness": 0.982432425022,
    "barkbands_crest": {
        "max": 22.9754276276,
        "mean": 9.01310253143,
        "min": 2.80214309692,
        "stdev": 4.26579141617
    },
    "barkbands_flatness_db": {
        "max": 0.25684133172,
        "mean": 0.132396504283,
        "min": 0.0610594637692,
        "stdev": 0.0310819093138
    },
    "barkbands_kurtosis": {
        "max": 14.8888721466,
        "mean": 0.556778728962,
        "min": -1.7826679945,
        "stdev": 1.81821322441
    },
    "barkbands_skewness": {
        "max": 2.35221672058,
        "mean": 0.202275589108,
        "min": -1.53098273277,
        "stdev": 0.590475022793
    },
    "barkbands_spread": {
        "max": 83.8394699097,
        "mean": 20.4478759766,
        "min": 2.85153675079,
        "stdev": 10.3569564819
    },
    "dissonance": {
        "max": 0.499770104885,
        "mean": 0.463912069798,
        "min": 0.356785565615,
        "stdev": 0.0263853240758
    },
    "dynamic_complexity": 1.51704537868,
    "erbbands_crest": {
        "max": 28.992389679,
        "mean": 11.7343568802,
        "min": 2.98812246323,
        "stdev": 5.72423934937
    },
    "erbbands_flatness_db": {
        "max": 0.330871731043,
        "mean": 0.210419788957,
        "min": 0.121106676757,
        "stdev": 0.040572963655
    },
    "erbbands_kurtosis": {
        "max": 13.9341316223,
        "mean": 1.39499473572,
        "min": -1.57590520382,
        "stdev": 2.24581742287
    },
    "erbbands_skewness": {
        "max": 2.79935121536,
        "mean": 0.202893733978,
        "min": -3.11637091637,
        "stdev": 0.882670879364
    },
    "erbbands_spread": {
        "max": 79.437713623,
        "mean": 22.0006561279,
        "min": 4.1490445137,
        "stdev": 11.6174945831
    },
    "hfc": {
        "max": 79.0197677612,
        "mean": 29.5142650604,
        "min": 1.08884394169,
        "stdev": 15.0870084763
    },
    "loudness_ebu128": {
        "integrated": -21.4647731781,
        "loudness_range": 1.41975784302,
        "momentary": {
            "max": -18.8246383667,
            "mean": -21.5706882477,
            "min": -25.9132022858,
            "stdev": 0.97382324934
        },
        "short_term": {
            "max": -20.1705131531,
            "mean": -21.4149036407,
            "min": -22.3449459076,
            "stdev": 0.426996231079
        }
    },
    "melbands_crest": {
        "max": 28.3835315704,
        "mean": 10.6964197159,
        "min": 3.62743496895,
        "stdev": 4.54957294464
    },
    "melbands_flatness_db": {
        "max": 0.264540702105,
        "mean": 0.150545552373,
        "min": 0.0338151603937,
        "stdev": 0.0323803722858
    },
    "melbands_kurtosis": {
        "max": 19.0409221649,
        "mean": 1.36592841148,
        "min": -1.73423588276,
        "stdev": 2.31717729568
    },
    "melbands_skewness": {
        "max": 3.87390899658,
        "mean": 0.677760362625,
        "min": -1.1405441761,
        "stdev": 0.739488005638
    },
    "melbands_spread": {
        "max": 150.596221924,
        "mean": 34.3427658081,
        "min": 4.64281654358,
        "stdev": 17.2452068329
    },
    "pitch_salience": {
        "max": 0.858954906464,
        "mean": 0.570146620274,
        "min": 0.28512224555,
        "stdev": 0.0928687080741
    },
    "silence_rate_20dB": {
        "max": 1,
        "mean": 1,
        "min": 1,
        "stdev": 0
    },
    "silence_rate_30dB": {
        "max": 1,
        "mean": 1,
        "min": 1,
        "stdev": 0
    },
    "silence_rate_60dB": {
        "max": 1,
        "mean": 0.000713775865734,
        "min": 0,
        "stdev": 0.0267070475966
    },
    "spectral_centroid": {
        "max": 3910.47460938,
        "mean": 1675.89306641,
        "min": 791.249755859,
        "stdev": 428.917480469
    },
    "spectral_complexity": {
        "max": 46,
        "mean": 23.0306930542,
        "min": 0,
        "stdev": 4.76467132568
    },
    "spectral_decrease": {
        "max": -4.22409295042e-11,
        "mean": -5.72798741771e-09,
        "min": -1.40961091688e-08,
        "stdev": 2.48139930825e-09
    },
    "spectral_energy": {
        "max": 0.0584009476006,
        "mean": 0.0242958348244,
        "min": 0.000258188170847,
        "stdev": 0.0104132415727
    },
    "spectral_energyband_high": {
        "max": 0.0110736116767,
        "mean": 0.000651883368846,
        "min": 3.48849753209e-05,
        "stdev": 0.00101592158899
    },
    "spectral_energyband_low": {
        "max": 0.0187336504459,
        "mean": 0.00204312498681,
        "min": 2.31182530115e-05,
        "stdev": 0.00226160138845
    },
    "spectral_energyband_middle_high": {
        "max": 0.0492749251425,
        "mean": 0.0152156921104,
        "min": 4.20980868512e-05,
        "stdev": 0.00994729623199
    },
    "spectral_energyband_middle_low": {
        "max": 0.0420302152634,
        "mean": 0.00716651463881,
        "min": 4.15768008679e-05,
        "stdev": 0.00498226610944
    },
    "spectral_entropy": {
        "max": 8.57903289795,
        "mean": 7.53712558746,
        "min": 6.66875648499,
        "stdev": 0.296875178814
    },
    "spectral_flux": {
        "max": 0.220784574747,
        "mean": 0.0967858582735,
        "min": 0.0337355807424,
        "stdev": 0.0365401357412
    },
    "spectral_kurtosis": {
        "max": 15.480676651,
        "mean": 4.62054920197,
        "min": -0.74423789978,
        "stdev": 2.37395262718
    },
    "spectral_rms": {
        "max": 0.00754828006029,
        "mean": 0.00474185217172,
        "min": 0.000501887348946,
        "stdev": 0.00110366509762
    },
    "spectral_rolloff": {
        "max": 8074.95117188,
        "mean": 1968.23608398,
        "min": 473.73046875,
        "stdev": 1023.18835449
    },
    "spectral_skewness": {
        "max": 2.53867483139,
        "mean": 1.44353711605,
        "min": 0.000862708489876,
        "stdev": 0.340677142143
    },
    "spectral_spread": {
        "max": 8139521,
        "mean": 3411590.75,
        "min": 2086198.625,
        "stdev": 804253.375
    },
    "spectral_strongpeak": {
        "max": 15.4623203278,
        "mean": 2.74712753296,
        "min": 0.00469679990783,
        "stdev": 2.47616362572
    },
    "zerocrossingrate": {
        "max": 0.2353515625,
        "mean": 0.0709377527237,
        "min": 0.0283203125,
        "stdev": 0.0239582657814
    },
    "barkbands": {
        "max": [0.00058961706236, 0.0130360834301, 0.00866165291518, 0.00751188164577, 0.0107598733157, 0.0129384929314, 0.0258869454265, 0.013277634047, 0.0145933134481, 0.0437231734395, 0.0347330011427, 0.0261361151934, 0.0332539826632, 0.0161584317684, 0.0207910388708, 0.0102653745562, 0.0244642719626, 0.011281311512, 0.00261549744755, 0.00432204501703, 0.00257049291395, 0.00404624827206, 0.00383345875889, 0.00275392248295, 0.000379697827157, 5.85555862926e-05, 5.59743239137e-06],
        "mean": [5.7347202528e-05, 0.000844675407279, 0.000835713522974, 0.000541601155419, 0.00109780521598, 0.000983519246802, 0.00205915025435, 0.000719236617442, 0.000987105537206, 0.00352777168155, 0.00283189187758, 0.00137163687032, 0.00243921717629, 0.00117352267262, 0.000905690598302, 0.00055542436894, 0.00164756923914, 0.000577351835091, 0.000277627230389, 0.000398178468458, 0.000135146998218, 0.000130029482534, 0.000119669239211, 6.28337802482e-05, 1.38564791996e-05, 2.21372351916e-06, 5.86814552506e-09],
        "min": [8.48341201731e-08, 7.00095870343e-06, 1.09157917905e-06, 1.94662447939e-06, 1.60847503139e-05, 7.73916440266e-07, 9.59863768912e-07, 2.23998222282e-06, 5.68797213418e-06, 3.19979426422e-06, 6.57783357383e-06, 3.74346058152e-07, 1.02510250599e-06, 1.28674014377e-06, 1.85998760571e-05, 2.40680515162e-06, 3.01711224893e-06, 2.92199956675e-06, 1.96691280507e-06, 2.6893951599e-06, 9.04079024622e-06, 6.48592776997e-06, 1.70248176801e-06, 1.25187420963e-06, 3.11433126399e-07, 5.70416460732e-08, 1.03026566445e-10],
        "stdev": [6.06268913543e-05, 0.00129622430541, 0.00104448955972, 0.000745528552216, 0.0010465394007, 0.00136146671139, 0.00286315241829, 0.00118075637147, 0.00137123488821, 0.00631958805025, 0.00511211203411, 0.00259248539805, 0.00366307608783, 0.00197310955264, 0.0016788423527, 0.00103390705772, 0.00399309350178, 0.000948735279962, 0.000296378537314, 0.000446076708613, 0.000210641912417, 0.000286359048914, 0.000338333658874, 0.000180069488124, 3.0855408113e-05, 4.48674973086e-06, 1.50240197172e-07]
    },
    "erbbands": {
        "max": [0.185966998339, 3.49284076691, 9.65877628326, 21.7936096191, 32.4489173889, 34.7674865723, 66.699798584, 150.532440186, 376.103485107, 733.084350586, 254.128646851, 268.198486328, 1068.49890137, 1595.94445801, 1465.46447754, 1185.26037598, 1662.15966797, 955.543945312, 1013.11053467, 1188.0222168, 720.710388184, 1571.28356934, 778.786010742, 277.574707031, 126.085571289, 279.082580566, 106.939865112, 110.030517578, 122.964515686, 123.008285522, 138.202285767, 84.1709442139, 31.5372943878, 6.6341676712, 1.55559456348, 0.379109382629, 0.093845449388, 0.00476404372603, 0.000802715134341, 0.00010193324124],
        "mean": [0.0151928523555, 0.22659316659, 0.896416842937, 1.56462812424, 2.0281393528, 4.38386869431, 6.46573829651, 8.54154968262, 20.8198547363, 31.4356327057, 17.626619339, 19.5931797028, 77.6389694214, 136.136825562, 71.3068313599, 63.7189712524, 106.075973511, 74.2307357788, 47.4589424133, 47.0586357117, 45.832069397, 92.8612289429, 38.5031661987, 18.2837810516, 15.0385313034, 18.6608200073, 8.06509113312, 4.79114723206, 4.38397741318, 4.53481149673, 3.23975157738, 1.79264080524, 0.758819460869, 0.228515684605, 0.0659292116761, 0.0175847504288, 0.0027294671163, 0.000123599063954, 2.02839764825e-05, 3.12548690999e-05],
        "min": [0.000181956027518, 0.000952631584369, 0.00188101048116, 0.011586194858, 0.0100973406807, 0.0247619263828, 0.0175776146352, 0.00529984757304, 0.00913839787245, 0.0200242735445, 0.0863366797566, 0.13506616652, 0.069629535079, 0.206078663468, 0.181582808495, 0.0177827868611, 0.0339004993439, 0.0934117212892, 0.407702088356, 0.766476392746, 0.169470846653, 0.193381771445, 0.092305496335, 0.175185889006, 0.104607202113, 0.120109058917, 0.233485370874, 0.176362708211, 0.14948913455, 0.0890257358551, 0.0639139264822, 0.0421848744154, 0.0118866181001, 0.00392564851791, 0.00222437642515, 0.000589627248701, 3.44228938047e-05, 1.93456867237e-06, 1.91427102436e-06, 3.77142418984e-06],
        "stdev": [0.0207707639784, 0.350021749735, 1.10949921608, 1.94391655922, 2.45158076286, 4.44899988174, 8.07177734375, 12.7341566086, 34.6374320984, 49.0545730591, 19.9026660919, 22.9312705994, 156.407714844, 197.990905762, 140.528564453, 117.475639343, 145.707992554, 108.341743469, 78.6108016968, 82.8143310547, 80.8908462524, 235.579803467, 63.6992835999, 18.9664649963, 13.6120214462, 23.2563095093, 10.7375955582, 8.43667888641, 9.91128826141, 10.3041353226, 10.1459856033, 5.50906896591, 2.00694322586, 0.546261847019, 0.138424873352, 0.0334146618843, 0.00603969115764, 0.000329759874148, 2.41629822995e-05, 1.31088836497e-05]
    },
    "gfcc": {
        "mean": [7.33155918121, 105.165283203, -169.179275513, 30.9622917175, -66.3608627319, 18.9134082794, -35.1440658569, 4.07396602631, -20.5548439026, -5.62237644196, -5.21148872375, -5.90571403503, -5.95695447922],
        "cov": [[648.067932129, -194.726287842, 100.377914429, 72.5621337891, -16.6584281921, 67.8303222656, -17.8309440613, 40.0234222412, -29.7944984436, 45.4202651978, -42.336769104, 16.5550270081, -63.287147522], [-194.726287842, 376.921844482, -41.4916610718, -65.8734817505, 108.484519958, -65.8151092529, 63.231803894, -0.716909945011, 10.5418920517, -32.6922225952, 37.03956604, -32.0909118652, 18.5785045624], [100.377914429, -41.4916610718, 311.881103516, 115.527206421, -31.1603851318, 60.9775848389, -40.9347496033, 42.7175865173, -9.63379573822, 51.520904541, -63.9435195923, 34.9260559082, -35.2083969116], [72.5621337891, -65.8734817505, 115.527206421, 236.070495605, 23.7835025787, -27.6530838013, -80.7406234741, 20.7655715942, 69.2465515137, 17.7398204803, -36.0135002136, 9.29744052887, -7.25656270981], [-16.6584281921, 108.484519958, -31.1603851318, 23.7835025787, 207.188064575, -21.4029254913, 18.7455196381, 50.3942985535, 11.8089637756, 2.21440339088, -17.8389987946, -5.80587100983, -4.69278860092], [67.8303222656, -65.8151092529, 60.9775848389, -27.6530838013, -21.4029254913, 196.115737915, 84.5082168579, -24.7313537598, -61.0528678894, 7.36792755127, -2.29129052162, -11.811170578, -28.8558139801], [-17.8309440613, 63.231803894, -40.9347496033, -80.7406234741, 18.7455196381, 84.5082168579, 160.042480469, -4.7945432663, -65.6786804199, -13.9468832016, 13.796869278, -21.2576656342, -18.0554485321], [40.0234222412, -0.716909945011, 42.7175865173, 20.7655715942, 50.3942985535, -24.7313537598, -4.7945432663, 94.4511947632, 33.6915245056, 6.10332918167, -16.1699562073, 14.290060997, 3.23632144928], [-29.7944984436, 10.5418920517, -9.63379573822, 69.2465515137, 11.8089637756, -61.0528678894, -65.6786804199, 33.6915245056, 126.011024475, 12.5604114532, 12.1072654724, 7.06748723984, 19.2667503357], [45.4202651978, -32.6922225952, 51.520904541, 17.7398204803, 2.21440339088, 7.36792755127, -13.9468832016, 6.10332918167, 12.5604114532, 95.0986862183, 4.34722900391, 7.99841356277, -28.5945682526], [-42.336769104, 37.03956604, -63.9435195923, -36.0135002136, -17.8389987946, -2.29129052162, 13.796869278, -16.1699562073, 12.1072654724, 4.34722900391, 95.1999664307, 4.79465389252, 9.58893203735], [16.5550270081, -32.0909118652, 34.9260559082, 9.29744052887, -5.80587100983, -11.811170578, -21.2576656342, 14.290060997, 7.06748723984, 7.99841356277, 4.79465389252, 63.9007606506, 19.3325519562], [-63.287147522, 18.5785045624, -35.2083969116, -7.25656270981, -4.69278860092, -28.8558139801, -18.0554485321, 3.23632144928, 19.2667503357, -28.5945682526, 9.58893203735, 19.3325519562, 75.6160049438]],
        "icov": [[0.00214554741979, 0.00056661455892, 0.000416091410443, -0.000669315690175, 0.000250727665843, -0.000640048587229, 0.000502893642988, -0.00148858188186, 0.00101060105953, -0.000385895371437, 0.000235840459936, -0.000513198843691, 0.00143899663817], [0.00056661455892, 0.00828501489013, -0.00665206089616, 0.00424989778548, -0.0062392288819, 0.0063450448215, -0.00583902886137, 0.00641422253102, -0.00435960665345, 0.00342765892856, -0.00455532595515, 0.00534103438258, -0.00226635183208], [0.000416091410443, -0.00665206089616, 0.0135564859957, -0.00718146841973, 0.00757027929649, -0.00853677839041, 0.00703859096393, -0.0106046730652, 0.00699462462217, -0.00561581552029, 0.00689493166283, -0.007841902785, 0.00417697895318], [-0.000669315690175, 0.00424989778548, -0.00718146841973, 0.0103722838685, -0.00525135127828, 0.00409205723554, -0.00188481330406, 0.00662592193112, -0.00724025955424, 0.0032099604141, -0.00163778825663, 0.00376291829161, -0.00114650011528], [0.000250727665843, -0.0062392288819, 0.00757027929649, -0.00525135127828, 0.0115044973791, -0.00502691464499, 0.00375036895275, -0.00975777860731, 0.00482695596293, -0.00379249104299, 0.0049765096046, -0.00426578335464, 0.00266802031547], [-0.000640048587229, 0.0063450448215, -0.00853677839041, 0.00409205723554, -0.00502691464499, 0.0141567075625, -0.00961413513869, 0.00871646404266, -0.00345372618176, 0.00298208440654, -0.00442743999884, 0.00540149630979, -0.00206703366712], [0.000502893642988, -0.00583902886137, 0.00703859096393, -0.00188481330406, 0.00375036895275, -0.00961413513869, 0.0168407782912, -0.00883290171623, 0.00790627673268, -0.00187958974857, 0.00188138778321, -0.0023490076419, 0.00355182448402], [-0.00148858188186, 0.00641422253102, -0.0106046730652, 0.00662592193112, -0.00975777860731, 0.00871646404266, -0.00883290171623, 0.0246625114232, -0.0112381558865, 0.00446720933542, -0.00249034538865, 0.00259805540554, -0.00336333340965], [0.00101060105953, -0.00435960665345, 0.00699462462217, -0.00724025955424, 0.00482695596293, -0.00345372618176, 0.00790627673268, -0.0112381558865, 0.0186863746494, -0.00479861348867, -0.000172532629222, -0.00163790024817, -0.000305810710415], [-0.000385895371437, 0.00342765892856, -0.00561581552029, 0.0032099604141, -0.00379249104299, 0.00298208440654, -0.00187958974857, 0.00446720933542, -0.00479861348867, 0.0157013833523, -0.00424369145185, 0.000576336286031, 0.00434172293171], [0.000235840459936, -0.00455532595515, 0.00689493166283, -0.00163778825663, 0.0049765096046, -0.00442743999884, 0.00188138778321, -0.00249034538865, -0.000172532629222, -0.00424369145185, 0.0169080924243, -0.00621301541105, 0.00142849772237], [-0.000513198843691, 0.00534103438258, -0.007841902785, 0.00376291829161, -0.00426578335464, 0.00540149630979, -0.0023490076419, 0.00259805540554, -0.00163790024817, 0.000576336286031, -0.00621301541105, 0.0246879309416, -0.0087963398546], [0.00143899663817, -0.00226635183208, 0.00417697895318, -0.00114650011528, 0.00266802031547, -0.00206703366712, 0.00355182448402, -0.00336333340965, -0.000305810710415, 0.00434172293171, 0.00142849772237, -0.0087963398546, 0.0209771618247]]
    },
    "melbands": {
        "max": [0.00278748990968, 0.00452718464658, 0.00326506840065, 0.00269050593488, 0.00203223107383, 0.00294919055887, 0.00517882592976, 0.00703637674451, 0.00214713998139, 0.00194089917932, 0.00539542827755, 0.00638293614611, 0.00567066390067, 0.00297427084297, 0.0026431819424, 0.00381599622779, 0.00191446626559, 0.00179842987563, 0.00170299329329, 0.000769031525124, 0.00115545268636, 0.00209194608033, 0.00111833470874, 0.000408869207604, 0.000238283406361, 0.000132490007672, 0.000133888082928, 0.000195646876819, 9.05382767087e-05, 7.18736700946e-05, 6.26106630079e-05, 6.88275977154e-05, 9.79615724646e-05, 7.26483776816e-05, 8.25607858133e-05, 7.06598293618e-05, 4.60073242721e-05, 2.41286470555e-05, 1.00558927443e-05, 4.93577590532e-06],
        "mean": [0.000191299404833, 0.000417624250986, 0.000275858328678, 0.000223944356549, 0.000224603427341, 0.000197301545995, 0.000350249261828, 0.000304638320813, 0.000142578006489, 0.000124866841361, 0.000403857935453, 0.000562427740078, 0.000319797778502, 0.000116935196274, 0.000215751409996, 0.000249943346716, 0.000121639648569, 7.76610104367e-05, 7.44647695683e-05, 4.13840571127e-05, 5.83730907238e-05, 0.000114052410936, 4.19727766712e-05, 2.63946967607e-05, 1.34392548716e-05, 9.76537285169e-06, 1.33881549118e-05, 1.21150042105e-05, 5.87144359088e-06, 2.87824741463e-06, 2.66280835604e-06, 2.44670241045e-06, 2.55885061051e-06, 2.48297192229e-06, 1.98806151275e-06, 1.40273368743e-06, 9.7144186384e-07, 6.12078963513e-07, 2.83152218117e-07, 1.55765718546e-07],
        "min": [2.44599141297e-06, 1.1019798194e-06, 2.00745830625e-06, 4.09231279264e-06, 8.65385004545e-07, 1.16652351778e-07, 1.58999483801e-07, 2.28030742733e-07, 8.54051734223e-07, 7.91328659488e-07, 3.19463623555e-07, 7.95036385171e-07, 8.07423134574e-07, 8.90072797688e-08, 9.30799259891e-09, 1.4708878382e-07, 1.5043468693e-07, 3.37357704439e-07, 1.77267111212e-06, 3.10725482677e-07, 1.68120820376e-07, 2.33897623048e-07, 3.79250550964e-08, 1.65494725479e-07, 1.39937426979e-07, 7.26312308075e-08, 6.79825831185e-08, 8.62773461563e-08, 9.09664095161e-08, 1.66808518998e-07, 5.91405218131e-08, 6.26372411716e-08, 5.01121526497e-08, 3.10495273936e-08, 3.99402821927e-08, 3.44631700955e-08, 2.14940225618e-08, 6.77138345395e-09, 5.19718978964e-09, 2.33889330126e-09],
        "stdev": [0.000275077560218, 0.000508726632688, 0.0003119003959, 0.000230515084695, 0.000238440479734, 0.000282248860458, 0.000529464392457, 0.000476375338621, 0.000178041125764, 0.000168936356204, 0.000834427948575, 0.000837426632643, 0.000636393786408, 0.000226483170991, 0.000340319849784, 0.000399286596803, 0.000197580215172, 0.000153109751409, 0.000140210846439, 7.1656453656e-05, 0.000127715116832, 0.000307236856315, 9.5902083558e-05, 4.2011593905e-05, 1.65687979461e-05, 1.04281698441e-05, 1.4441006897e-05, 1.77027905011e-05, 9.07223875402e-06, 4.87764191348e-06, 5.09107212565e-06, 5.64248421142e-06, 6.18249896434e-06, 5.72154158363e-06, 6.30828481007e-06, 4.74678699902e-06, 2.946247605e-06, 1.61462594406e-06, 7.18293165392e-07, 3.78145955438e-07]
    },
    "melbands128": {
        "max": [0.000417722912971, 0.00123746437021, 0.004030469805, 0.00667673069984, 0.00595896225423, 0.00489354133606, 0.00521455239505, 0.00473015615717, 0.00380454631522, 0.00425261398777, 0.00262342765927, 0.00241836067289, 0.00338626513258, 0.00288540381007, 0.00453784735873, 0.00519300345331, 0.00964844040573, 0.00849610753357, 0.00957421865314, 0.012983280234, 0.00499436678365, 0.00209531770088, 0.00267438055016, 0.00326497992501, 0.00265960232355, 0.00431424472481, 0.00685004796833, 0.00920374225825, 0.015225189738, 0.0107882246375, 0.0123512027785, 0.00946536101401, 0.0114598795772, 0.00661433348432, 0.00181671942119, 0.00637318054214, 0.00718186143786, 0.00564904976636, 0.00483949109912, 0.00685101607814, 0.00850788410753, 0.00537337269634, 0.00447853701189, 0.0035308690276, 0.00357702700421, 0.0036681627389, 0.00307883461937, 0.00342999724671, 0.00386495678686, 0.00217933394015, 0.00102444016375, 0.00132307317108, 0.00228584883735, 0.00285389646888, 0.00404184637591, 0.00484575936571, 0.00427849823609, 0.00288196257316, 0.00185798399616, 0.0015806327574, 0.000739142124075, 0.00059003737988, 0.000524339440744, 0.000265104230493, 0.000326043023961, 0.000273131299764, 0.00020336957823, 0.000313357828418, 0.000268564821454, 0.000449763145298, 0.000367927510524, 0.000445927755209, 0.000172596410266, 0.00019599503139, 0.000106067083834, 8.85736517375e-05, 7.2432536399e-05, 9.64133578236e-05, 5.89459996263e-05, 5.64447545912e-05, 0.000107980085886, 9.45818319451e-05, 7.76758097345e-05, 0.000102381949546, 0.000132286688313, 0.000116841598356, 8.38561099954e-05, 0.000100810641015, 0.000129016174469, 0.000156633046572, 8.4438099293e-05, 7.02167017153e-05, 5.31846053491e-05, 7.1722031862e-05, 4.06354884035e-05, 2.49559179792e-05, 2.13965104194e-05, 2.25140320254e-05, 1.12263014671e-05, 8.50038395583e-06, 6.11420318819e-06, 5.54627740712e-06, 3.85327075492e-06, 4.20018386649e-06, 2.06979188988e-06, 1.57014915203e-06, 1.34790627726e-06, 9.98847440314e-07, 8.58658097513e-07, 5.41018209788e-07, 3.5631899209e-07, 4.1379453819e-07, 3.55846651701e-07, 2.17847741624e-07, 1.25420939412e-07, 2.76394853671e-08, 2.67815689625e-08, 2.60604320346e-08, 2.53567336017e-08, 2.47455602675e-08, 2.4209727556e-08, 2.36781350083e-08, 2.32345520601e-08, 2.28927188317e-08, 2.25573124624e-08, 2.23059632987e-08, 2.21150138202e-08, 2.19951505898e-08],
        "mean": [4.1169270844e-05, 8.69437935762e-05, 0.000239141940256, 0.000416775321355, 0.000466880796012, 0.000398082454922, 0.000334274838679, 0.000241454268689, 0.000178083879291, 0.000219821566134, 0.000264620699454, 0.000221256545046, 0.000226343196118, 0.000213948893361, 0.000177578025614, 0.000175940513145, 0.000276244332781, 0.000351957394741, 0.000484492979012, 0.000417223374825, 0.0001585597347, 0.000136396949529, 0.000132924222271, 0.000180093033123, 8.41067740112e-05, 9.97424358502e-05, 0.000213800987694, 0.000421124801505, 0.00059965159744, 0.000519066117704, 0.000588337308727, 0.000578876526561, 0.000341509759892, 9.59899916779e-05, 9.15358468774e-05, 0.00010827909864, 0.000176640387508, 0.000271711120149, 0.000184018514119, 0.000233161335927, 0.00031787971966, 0.000193466359633, 9.56944786594e-05, 9.0807909146e-05, 0.000124383921502, 5.95106648689e-05, 4.79900299979e-05, 8.1675578258e-05, 8.65412512212e-05, 6.07478432357e-05, 3.12388256134e-05, 2.29753113672e-05, 4.46683043265e-05, 6.17917030468e-05, 0.000119083539175, 0.000154279492563, 7.90897393017e-05, 3.46102860931e-05, 3.47709465132e-05, 3.92145520891e-05, 2.68758612947e-05, 1.68304140971e-05, 1.52053471538e-05, 1.18794041555e-05, 1.16617484309e-05, 9.31236991164e-06, 8.48046238389e-06, 1.14992863018e-05, 1.52662123583e-05, 1.49233865159e-05, 1.32369550556e-05, 1.04683231257e-05, 7.73143983679e-06, 5.32903732164e-06, 3.02141756947e-06, 2.94460369332e-06, 2.69855240731e-06, 2.87508078145e-06, 2.58453655988e-06, 2.57064402831e-06, 2.56856674241e-06, 2.28672456615e-06, 2.32706975112e-06, 2.59462103713e-06, 2.82113137473e-06, 2.53309622167e-06, 2.43710269388e-06, 2.21009304369e-06, 2.05818241739e-06, 1.78072036761e-06, 1.45258650264e-06, 1.35130119361e-06, 1.22227595512e-06, 9.06439538539e-07, 8.91696970484e-07, 7.70943074713e-07, 5.62210743738e-07, 3.62951908528e-07, 2.97192826793e-07, 2.30410918789e-07, 1.91008112438e-07, 1.47902397885e-07, 1.09141630844e-07, 8.61516156192e-08, 7.30668929805e-08, 5.09674649152e-08, 4.58686137961e-08, 3.67092845011e-08, 2.88824697492e-08, 2.11487858337e-08, 1.44878731234e-08, 1.07912585534e-08, 7.18885884154e-09, 3.27182303472e-09, 1.56466972712e-09, 1.4628784295e-10, 4.31611031637e-11, 2.57450276375e-11, 2.50088734444e-11, 2.43506950715e-11, 2.37591109981e-11, 2.32037167258e-11, 2.2756289908e-11, 2.23744356376e-11, 2.18698063131e-11, 2.13190003845e-11, 2.09726767203e-11, 2.08300061227e-11],
        "min": [4.31761204567e-09, 4.26070670301e-07, 1.39842018143e-06, 7.37144944196e-07, 6.00617909186e-07, 4.69763534738e-07, 4.49078640941e-07, 5.73449881358e-07, 2.72728357231e-07, 3.77536707674e-07, 3.28162911956e-07, 4.74893397495e-07, 3.00347693383e-07, 1.99228111342e-07, 1.01891409088e-07, 7.34644274303e-08, 8.64230642605e-08, 1.69773613834e-07, 2.587493384e-07, 2.05975197787e-07, 1.58174302101e-07, 2.8471265523e-07, 6.42544023322e-07, 6.74656803312e-07, 4.14282226302e-07, 3.09600181936e-07, 1.98973168608e-07, 1.5941795084e-07, 3.72426256945e-07, 6.03828766543e-07, 8.61021248966e-07, 1.21194318581e-06, 5.9077797232e-07, 3.68122812233e-07, 8.89309603735e-08, 3.49703803693e-08, 1.39962388346e-08, 2.09443640209e-09, 5.69227776026e-09, 3.92878014566e-08, 1.82532687631e-07, 3.07390905618e-07, 1.83101050766e-07, 4.81809436792e-08, 5.36712043697e-08, 1.32816737164e-07, 2.59083947185e-07, 4.46103342711e-07, 7.44762644445e-07, 2.01365480734e-07, 1.09609658239e-07, 1.67540633811e-07, 7.18892252394e-08, 1.38321865961e-07, 1.3374193486e-07, 3.64294237443e-07, 1.22444816952e-07, 9.3518126576e-09, 9.05248320748e-09, 6.34781738285e-09, 1.42204982012e-07, 3.30459499764e-07, 1.94350988636e-07, 6.145091902e-08, 3.39260211035e-08, 9.08528505761e-08, 9.10146837896e-08, 5.00048074059e-08, 8.84640201093e-08, 4.68171776902e-08, 4.49358594778e-08, 5.42105098589e-08, 8.76815136053e-08, 6.904894434e-08, 7.47557677983e-08, 4.71734367125e-08, 4.33220961327e-08, 3.56259839407e-08, 1.83895068062e-08, 3.68566333009e-08, 6.19706526095e-08, 4.66996645798e-08, 2.09992165878e-08, 3.10563947892e-08, 3.97911925631e-08, 9.57380397182e-09, 1.9218068914e-08, 2.46661802095e-08, 1.47179992638e-08, 2.94472202178e-09, 2.26096164013e-09, 1.98138536689e-08, 1.5116167873e-08, 8.65280735951e-09, 9.37239885701e-09, 4.64982274906e-09, 6.50959997017e-09, 3.29783156339e-09, 2.79992296015e-09, 2.12908135566e-09, 1.97783878164e-09, 1.28462873672e-09, 6.75395517291e-10, 7.05607461349e-10, 3.39045541642e-10, 1.25614219026e-09, 4.6839637724e-10, 4.28432150867e-10, 1.69538438843e-10, 2.06818785188e-12, 1.80307314218e-11, 3.27360816406e-12, 5.73432740094e-13, 4.56279003296e-13, 2.53517584529e-13, 3.76953839237e-13, 3.43819834799e-13, 3.52291573734e-13, 3.374397658e-13, 3.54692864706e-13, 3.57172082709e-13, 3.44666217225e-13, 3.81527790047e-13, 3.29092683009e-13, 2.55526123264e-13, 9.72573191145e-14, 1.40036687622e-14, 4.46417756362e-16],
        "stdev": [4.59148941445e-05, 0.000128498315462, 0.000390401459299, 0.000689487962518, 0.000630793278106, 0.00050496624317, 0.000451836385764, 0.000347450841218, 0.000262514135102, 0.000313452561386, 0.000315074576065, 0.000260698841885, 0.000367773987819, 0.000287223665509, 0.000345088017639, 0.000406047649449, 0.000637308927253, 0.000755643588491, 0.000811050762422, 0.000807668431662, 0.000379548000637, 0.000250939134276, 0.00021311652381, 0.000345806329278, 0.000137003924465, 0.000215558276977, 0.000569746480323, 0.00122957688291, 0.00155275827274, 0.00123583595268, 0.00129732058849, 0.00120127166156, 0.00107112631667, 0.0003601348144, 0.000158490423928, 0.000335276388796, 0.000587869610172, 0.00052779330872, 0.000430558429798, 0.000524080474861, 0.000709321058821, 0.000509576930199, 0.000238471577177, 0.000259294698481, 0.000307884707581, 0.000203576739295, 0.000172826767084, 0.000210772865103, 0.000244457245572, 0.00016560019867, 8.03000802989e-05, 6.05485438427e-05, 0.000143331155414, 0.000197841145564, 0.000429043924669, 0.000541331479326, 0.000350414862623, 0.000145945421536, 0.000105391358375, 0.000110682485683, 6.10235802014e-05, 3.81465142709e-05, 2.78385941783e-05, 2.18809236685e-05, 1.79140479304e-05, 1.62234155141e-05, 1.39790090543e-05, 1.8209371774e-05, 2.44146212935e-05, 2.91847118206e-05, 2.90381394734e-05, 2.57592218986e-05, 1.57511385623e-05, 1.17171521197e-05, 5.77389846512e-06, 5.99997201789e-06, 5.478921139e-06, 5.64026504435e-06, 5.36767720405e-06, 5.57467683393e-06, 6.89764146955e-06, 5.88942702962e-06, 6.08420941717e-06, 7.28372106096e-06, 6.77653724779e-06, 6.04653132541e-06, 6.01980264037e-06, 6.72649912303e-06, 7.04707372279e-06, 7.40291943657e-06, 5.11408507009e-06, 4.76874174637e-06, 4.0142481339e-06, 3.2180701055e-06, 2.46831405093e-06, 2.10005941881e-06, 1.51264930537e-06, 1.09597669962e-06, 8.04284411515e-07, 5.89324372413e-07, 4.64240144993e-07, 4.12875294842e-07, 2.57891173305e-07, 2.26323564334e-07, 1.57565509085e-07, 1.10598854519e-07, 9.90842252691e-08, 7.22845001633e-08, 6.34759445006e-08, 4.47127632697e-08, 2.91918578199e-08, 2.53382950177e-08, 1.90606819217e-08, 1.27497621349e-08, 7.36603800178e-09, 9.15613251884e-10, 7.28428872776e-10, 6.9981836992e-10, 6.80738854175e-10, 6.64201860179e-10, 6.49724940516e-10, 6.3535010586e-10, 6.23334994732e-10, 6.14096440366e-10, 6.05066385884e-10, 5.98289362497e-10, 5.93143367755e-10, 5.89913451421e-10]
    },
    "mfcc": {
        "mean": [-614.309204102, 120.676338196, -34.1310119629, 10.0245761871, -7.35443019867, 5.95313739777, -1.20068180561, 6.09264469147, -8.73661231995, 2.69182109833, -4.3086309433, 1.9605755806, 0.06864400208],
        "cov": [[632.640197754, -229.643478394, 68.4070892334, -2.18534493446, 0.627813518047, 34.5769119263, -1.75935828686, 0.957481503487, -6.28132677078, 2.97938275337, 18.7963829041, 33.7215538025, 8.21620178223], [-229.643478394, 445.274291992, -160.289871216, -1.8406727314, -0.953221976757, -41.8120231628, 77.3165206909, 15.2428236008, -6.71964073181, 19.5077896118, 13.5370149612, -37.2194671631, 1.43235492706], [68.4070892334, -160.289871216, 347.814422607, 14.4628362656, -0.0736670121551, 47.8953666687, -34.9328193665, -2.25566482544, 17.3646812439, -12.9053096771, 10.691072464, 12.5632886887, -14.8523254395], [-2.18534493446, -1.8406727314, 14.4628362656, 224.396408081, 108.065078735, -42.5395355225, -87.2710571289, -11.2906017303, 50.3191299438, 2.41063404083, -41.030670166, 75.5744247437, 37.3535308838], [0.627813518047, -0.953221976757, -0.0736670121551, 108.065078735, 177.361846924, -28.6659450531, -64.4163742065, 4.56917667389, 50.5229873657, 9.22632026672, -33.2862510681, 60.4093017578, 23.6453094482], [34.5769119263, -41.8120231628, 47.8953666687, -42.5395355225, -28.6659450531, 141.147964478, 72.9107131958, 3.89539909363, -11.0690402985, 7.17888879776, 39.9402236938, -39.1459388733, -15.0866937637], [-1.75935828686, 77.3165206909, -34.9328193665, -87.2710571289, -64.4163742065, 72.9107131958, 193.882965088, 38.1528129578, -26.4982395172, 11.5246152878, 40.5361366272, -67.7365188599, -23.8925609589], [0.957481503487, 15.2428236008, -2.25566482544, -11.2906017303, 4.56917667389, 3.89539909363, 38.1528129578, 83.8892364502, 14.9088039398, 2.16105651855, -6.34100008011, -18.01704216, -2.10317826271], [-6.28132677078, -6.71964073181, 17.3646812439, 50.3191299438, 50.5229873657, -11.0690402985, -26.4982395172, 14.9088039398, 90.1613006592, 8.95513629913, -19.6669483185, 17.681646347, 6.1960310936], [2.97938275337, 19.5077896118, -12.9053096771, 2.41063404083, 9.22632026672, 7.17888879776, 11.5246152878, 2.16105651855, 8.95513629913, 67.9739608765, 17.8242321014, -1.51526749134, 0.37715998292], [18.7963829041, 13.5370149612, 10.691072464, -41.030670166, -33.2862510681, 39.9402236938, 40.5361366272, -6.34100008011, -19.6669483185, 17.8242321014, 86.4945678711, -7.17985630035, -8.33272457123], [33.7215538025, -37.2194671631, 12.5632886887, 75.5744247437, 60.4093017578, -39.1459388733, -67.7365188599, -18.01704216, 17.681646347, -1.51526749134, -7.17985630035, 134.858001709, 46.7687568665], [8.21620178223, 1.43235492706, -14.8523254395, 37.3535308838, 23.6453094482, -15.0866937637, -23.8925609589, -2.10317826271, 6.1960310936, 0.37715998292, -8.33272457123, 46.7687568665, 67.9985122681]],
        "icov": [[0.00203198450617, 0.00118425244, 8.45035538077e-05, -0.000111999637738, -0.000109676439024, 0.000101711309981, -0.000523180584423, -0.000156424954184, 0.000211143968045, -0.000214840678382, -0.000497455243021, -0.000328495108988, -0.000171521052835], [0.00118425244, 0.00388774857856, 0.00111887394451, -0.000678375829011, -0.000468401354738, 0.00176603358705, -0.00193263764959, 0.000132968300022, 3.32778872689e-05, -0.00037170748692, -0.00129568960983, 0.000927010783926, -0.000525537237991], [8.45035538077e-05, 0.00111887394451, 0.00377998175099, -0.00041772343684, 0.000341309729265, -0.00126603641547, 0.00076554302359, -0.000465866236482, -0.000685374019668, 0.000653540308122, -0.000750911422074, -0.000346251152223, 0.00108127447311], [-0.000111999637738, -0.000678375829011, -0.00041772343684, 0.00786099769175, -0.00271507329307, -0.000209325284231, 0.00138931372203, 0.000726493191905, -0.00172616448253, -0.000290685828077, 0.00175223709084, -0.00178250821773, -0.0013737619156], [-0.000109676439024, -0.000468401354738, 0.000341309729265, -0.00271507329307, 0.00951894838363, -0.00104164588265, 0.00144014076795, -0.00130272551905, -0.00248547596857, -0.00125919852871, 0.00169342302252, -0.00244887778535, 0.00063899916131], [0.000101711309981, 0.00176603358705, -0.00126603641547, -0.000209325284231, -0.00104164588265, 0.0117070116103, -0.00451178941876, 0.00151234923396, -0.000335032003932, -2.1978341465e-05, -0.00377385038882, 0.00271947262809, -0.00109216792043], [-0.000523180584423, -0.00193263764959, 0.00076554302359, 0.00138931372203, 0.00144014076795, -0.00451178941876, 0.0105211893097, -0.00404687877744, 0.000821348221507, -0.000478106725495, -0.00117326085456, 0.00116733054165, 0.000558946863748], [-0.000156424954184, 0.000132968300022, -0.000465866236482, 0.000726493191905, -0.00130272551905, 0.00151234923396, -0.00404687877744, 0.0147674698383, -0.00293858256191, 0.000122734025354, 0.00150798424147, 0.00159495079424, -0.00130650633946], [0.000211143968045, 3.32778872689e-05, -0.000685374019668, -0.00172616448253, -0.00248547596857, -0.000335032003932, 0.000821348221507, -0.00293858256191, 0.0148380333558, -0.00216515082866, 0.00169144792017, -9.66682637227e-05, 0.000693701382261], [-0.000214840678382, -0.00037170748692, 0.000653540308122, -0.000290685828077, -0.00125919852871, -2.1978341465e-05, -0.000478106725495, 0.000122734025354, -0.00216515082866, 0.0166287142783, -0.00424346746877, 0.00074324774323, -0.00032113850466], [-0.000497455243021, -0.00129568960983, -0.000750911422074, 0.00175223709084, 0.00169342302252, -0.00377385038882, -0.00117326085456, 0.00150798424147, 0.00169144792017, -0.00424346746877, 0.0169713553041, -0.00321370153688, 0.00132855307311], [-0.000328495108988, 0.000927010783926, -0.000346251152223, -0.00178250821773, -0.00244887778535, 0.00271947262809, 0.00116733054165, 0.00159495079424, -9.66682637227e-05, 0.00074324774323, -0.00321370153688, 0.0137506425381, -0.00700856326148], [-0.000171521052835, -0.000525537237991, 0.00108127447311, -0.0013737619156, 0.00063899916131, -0.00109216792043, 0.000558946863748, -0.00130650633946, 0.000693701382261, -0.00032113850466, 0.00132855307311, -0.00700856326148, 0.0203420892358]]
    },
    "spectral_contrast_coeffs": {
        "max": [-0.518264472485, -0.483950644732, -0.495727658272, -0.574910342693, -0.60277146101, -0.595621645451],
        "mean": [-0.73096382618, -0.737061083317, -0.696130633354, -0.738378465176, -0.753641009331, -0.743004322052],
        "min": [-0.9216350317, -0.918123602867, -0.87802708149, -0.867485523224, -0.873062670231, -0.82352656126],
        "stdev": [0.0551358163357, 0.0592984221876, 0.0732920840383, 0.0509662032127, 0.0481136031449, 0.0274230819196]
    },
    "spectral_contrast_valleys": {
        "max": [-5.54110622406, -5.2732963562, -5.69677448273, -6.06567335129, -5.95299005508, -8.17991065979],
        "mean": [-6.91299390793, -6.62945747375, -7.00450277328, -7.17855072021, -7.28947639465, -10.3598680496],
        "min": [-9.11891937256, -8.69591712952, -9.19610023499, -9.14791679382, -9.09247303009, -11.8811903],
        "stdev": [0.518273115158, 0.40748539567, 0.446658045053, 0.323421210051, 0.348958104849, 0.543891012669]
    }
},
"rhythm": {
    "beats_count": 57,
    "beats_loudness": {
        "max": 0.0472167991102,
        "mean": 0.0275663752109,
        "min": 0.0126041239128,
        "stdev": 0.00853112246841
    },
    "bpm": 106.62625885,
    "bpm_histogram_first_peak_bpm": 108,
    "bpm_histogram_first_peak_weight": 0.347826063633,
    "bpm_histogram_second_peak_bpm": 103,
    "bpm_histogram_second_peak_spread": 0.199999988079,
    "bpm_histogram_second_peak_weight": 0.142857149243,
    "danceability": 1.6516122818,
    "onset_rate": 3.10693335533,
    "beats_loudness_band_ratio": {
        "max": [0.460728138685, 0.429206043482, 0.523617148399, 0.900491058826, 0.640515744686, 0.360556364059],
        "mean": [0.141338989139, 0.09585981071, 0.178279623389, 0.408914625645, 0.154947549105, 0.0565860494971],
        "min": [0.00415391521528, 0.0152166802436, 0.0194237101823, 0.0256302859634, 0.0178756415844, 0.00862365309149],
        "stdev": [0.118658475578, 0.0866562873125, 0.118106685579, 0.251100063324, 0.135541751981, 0.0579745061696]
    },
    "beats_position": [0.580498874187, 1.17260766029, 1.75310659409, 2.34521532059, 2.92571425438, 3.50621318817, 4.07510185242, 4.62077093124, 5.18965959549, 5.75854873657, 6.31582736969, 6.87310647964, 7.44199514389, 8.01088428497, 8.56816291809, 9.12544155121, 9.682721138, 10.2399997711, 10.8088884354, 11.3661680222, 11.9350566864, 12.4923353195, 13.0496139526, 13.6068935394, 14.1641721725, 14.7214508057, 15.2671203613, 15.8243989944, 16.3816776276, 16.9389572144, 17.5078449249, 18.0651245117, 18.6224040985, 19.179681778, 19.7369613647, 20.2942390442, 20.8747386932, 21.4436283112, 22.0241260529, 22.5814056396, 23.1270751953, 23.6843528748, 24.2416324615, 24.7989120483, 25.3561897278, 25.9134693146, 26.470746994, 27.0280265808, 27.5853061676, 28.1541938782, 28.711473465, 29.2803630829, 29.8608608246, 30.4297504425, 30.9986381531, 31.5791378021, 32.1596374512],
