{
"metadata": {
    "version": {
        "essentia": "2.1-beta5",
        "essentia_git_sha": "Undefined",
        "extractor": "music 2.0"
    },
    "audio_properties": {
        "analysis": {
            "equal_loudness": 0,
            "length": 48.7502937317,
            "sample_rate": 44100,
            "start_time": 12.7477550507,
            "downmix": "mix"
        },
        "bit_rate": 192000,
        "length": 202.060043335,
        "lossless": 0,
        "number_channels": 2,
        "replay_gain": -3.27732849121,
        "sample_rate": 44100,
        "codec": "mp3",
        "md5_encoded": "8463b33ea5fc23485df2e782d40705a2"
    },
    "tags": {
        "file_name": "Russia_Vechni Stranik_Youddiph.mp3",
        "encoding": ["Lavf58.29.100"]
    }
},
"lowlevel": {
    "average_loudness": 0.96137881279,
    "barkbands_crest": {
        "max": 25.860578537,
        "mean": 12.1261901855,
        "min": 3.74413776398,
        "stdev": 4.35182714462
    },
    "barkbands_flatness_db": {
        "max": 0.438172310591,
        "mean": 0.289996266365,
        "min": 0.085904404521,
        "stdev": 0.0517860651016
    },
    "barkbands_kurtosis": {
        "max": 219.507629395,
        "mean": 7.52539205551,
        "min": -1.66619241238,
        "stdev": 14.1743249893
    },
    "barkbands_skewness": {
        "max": 13.0426616669,
        "mean": 1.0040602684,
        "min": -2.4074447155,
        "stdev": 1.32109475136
    },
    "barkbands_spread": {
        "max": 34.9540481567,
        "mean": 4.7951836586,
        "min": 0.241140842438,
        "stdev": 4.33757829666
    },
    "dissonance": {
        "max": 0.49915984273,
        "mean": 0.394017070532,
        "min": 0.182928934693,
        "stdev": 0.0612627156079
    },
    "dynamic_complexity": 2.32489848137,
    "erbbands_crest": {
        "max": 32.7670555115,
        "mean": 14.41776371,
        "min": 4.37532091141,
        "stdev": 5.18617486954
    },
    "erbbands_flatness_db": {
        "max": 0.436665683985,
        "mean": 0.304292082787,
        "min": 0.162780180573,
        "stdev": 0.0409452132881
    },
    "erbbands_kurtosis": {
        "max": 69.4250488281,
        "mean": 5.28638935089,
        "min": -1.66570222378,
        "stdev": 7.46695661545
    },
    "erbbands_skewness": {
        "max": 6.86801719666,
        "mean": 1.04479396343,
        "min": -2.70366120338,
        "stdev": 1.16900169849
    },
    "erbbands_spread": {
        "max": 41.2441825867,
        "mean": 8.71867370605,
        "min": 1.0997531414,
        "stdev": 4.89771699905
    },
    "hfc": {
        "max": 66.6844329834,
        "mean": 10.886759758,
        "min": 0.204933330417,
        "stdev": 8.66181278229
    },
    "loudness_ebu128": {
        "integrated": -21.6279850006,
        "loudness_range": 2.11038589478,
        "momentary": {
            "max": -17.8063659668,
            "mean": -22.1329269409,
            "min": -33.2866897583,
            "stdev": 2.29587626457
        },
        "short_term": {
            "max": -20.3720684052,
            "mean": -21.7309799194,
            "min": -26.2005195618,
            "stdev": 1.02687823772
        }
    },
    "melbands_crest": {
        "max": 31.2164287567,
        "mean": 14.3214044571,
        "min": 5.0810084343,
        "stdev": 4.96597766876
    },
    "melbands_flatness_db": {
        "max": 0.533616781235,
        "mean": 0.380678623915,
        "min": 0.147862747312,
        "stdev": 0.0653023123741
    },
    "melbands_kurtosis": {
        "max": 183.922668457,
        "mean": 5.80431699753,
        "min": -1.46341383457,
        "stdev": 10.9688224792
    },
    "melbands_skewness": {
        "max": 8.42632961273,
        "mean": 1.00787293911,
        "min": -2.23870253563,
        "stdev": 1.02910661697
    },
    "melbands_spread": {
        "max": 51.0524520874,
        "mean": 7.76382446289,
        "min": 0.498877078295,
        "stdev": 7.34450387955
    },
    "pitch_salience": {
        "max": 0.87297385931,
        "mean": 0.575384557247,
        "min": 0.18762858212,
        "stdev": 0.10732896626
    },
    "silence_rate_20dB": {
        "max": 1,
        "mean": 1,
        "min": 1,
        "stdev": 0
    },
    "silence_rate_30dB": {
        "max": 1,
        "mean": 0.998096168041,
        "min": 0,
        "stdev": 0.04359132424
    },
    "silence_rate_60dB": {
        "max": 1,
        "mean": 0.0204664450139,
        "min": 0,
        "stdev": 0.141591891646
    },
    "spectral_centroid": {
        "max": 1807.62658691,
        "mean": 496.104614258,
        "min": 224.378387451,
        "stdev": 238.323547363
    },
    "spectral_complexity": {
        "max": 36,
        "mean": 10.3465013504,
        "min": 1,
        "stdev": 3.50180149078
    },
    "spectral_decrease": {
        "max": -2.14270823307e-10,
        "mean": -6.15505202362e-09,
        "min": -3.69234918196e-08,
        "stdev": 4.28750501769e-09
    },
    "spectral_energy": {
        "max": 0.143255785108,
        "mean": 0.0242179892957,
        "min": 0.000827603042126,
        "stdev": 0.0168243162334
    },
    "spectral_energyband_high": {
        "max": 0.000275561178569,
        "mean": 1.27021430671e-05,
        "min": 7.09600726623e-07,
        "stdev": 2.91214400931e-05
    },
    "spectral_energyband_low": {
        "max": 0.0373774655163,
        "mean": 0.00226336973719,
        "min": 1.42998851516e-05,
        "stdev": 0.00286525324918
    },
    "spectral_energyband_middle_high": {
        "max": 0.0557698458433,
        "mean": 0.00311082717963,
        "min": 2.85093051389e-06,
        "stdev": 0.00610742671415
    },
    "spectral_energyband_middle_low": {
        "max": 0.137362629175,
        "mean": 0.0194015651941,
        "min": 0.000269311101874,
        "stdev": 0.0160721726716
    },
    "spectral_entropy": {
        "max": 8.12949085236,
        "mean": 5.96833992004,
        "min": 4.67807865143,
        "stdev": 0.520755827427
    },
    "spectral_flux": {
        "max": 0.276025831699,
        "mean": 0.0682544708252,
        "min": 0.0111671118066,
        "stdev": 0.0341744609177
    },
    "spectral_kurtosis": {
        "max": 138.983352661,
        "mean": 40.4344100952,
        "min": 1.02727890015,
        "stdev": 23.1985187531
    },
    "spectral_rms": {
        "max": 0.0118220867589,
        "mean": 0.00459500635043,
        "min": 0.000898564176168,
        "stdev": 0.00158533093054
    },
    "spectral_rolloff": {
        "max": 2347.11914062,
        "mean": 622.914978027,
        "min": 215.33203125,
        "stdev": 299.141296387
    },
    "spectral_skewness": {
        "max": 9.94586753845,
        "mean": 4.81023454666,
        "min": 1.02088344097,
        "stdev": 1.6983795166
    },
    "spectral_spread": {
        "max": 14780004,
        "mean": 1751627.375,
        "min": 620834.375,
        "stdev": 697900.5625
    },
    "spectral_strongpeak": {
        "max": 9.25447750092,
        "mean": 1.38232302666,
        "min": 0.0288636926562,
        "stdev": 1.21975636482
    },
    "zerocrossingrate": {
        "max": 0.07080078125,
        "mean": 0.0229643248022,
        "min": 0.0087890625,
        "stdev": 0.00962007325143
    },
    "barkbands": {
        "max": [8.22050642455e-05, 0.0195298679173, 0.0314713567495, 0.0115004824474, 0.0782646015286, 0.129823997617, 0.0638957768679, 0.0513122677803, 0.0736692622304, 0.057449311018, 0.0550373829901, 0.025513663888, 0.010501684621, 0.00722632557154, 0.0127671901137, 0.00569745479152, 0.00709261465818, 0.000628994312137, 0.000561204738915, 0.000228288510698, 0.000145765035995, 5.26618750882e-05, 3.90294153476e-05, 9.41520629567e-05, 7.47970898374e-06, 3.70580437448e-06, 4.16383045376e-06],
        "mean": [2.75268075711e-06, 0.000909933063667, 0.000976461160462, 0.000738745904528, 0.0047763325274, 0.00765737006441, 0.0026256875135, 0.00229853973724, 0.000897275225725, 0.00136045482941, 0.000957761949394, 0.000470523693366, 0.000135782625875, 0.000120260883705, 0.000142465054523, 5.58584433747e-05, 3.8970298192e-05, 1.893600529e-05, 1.69156646734e-05, 1.00322367871e-05, 3.7339834762e-06, 1.20942581816e-06, 9.33341709697e-07, 6.94471452789e-07, 2.37937399561e-07, 1.3962419132e-07, 2.59492942689e-08],
        "min": [6.64866917077e-09, 7.13342444669e-07, 2.41111229116e-06, 1.80533572802e-06, 6.56203410472e-05, 2.28537755902e-05, 3.55949532604e-06, 5.65849859413e-06, 1.88792216704e-06, 5.04369836563e-07, 8.52577457522e-08, 1.50425336187e-07, 1.1089606744e-07, 7.04570410903e-08, 5.80059982269e-08, 6.29591312418e-08, 5.08789632647e-08, 4.1973624576e-08, 3.88482241931e-08, 3.53344304926e-08, 3.98200370455e-08, 5.38502291647e-08, 6.27060927627e-08, 9.01380730056e-08, 1.0946610729e-07, 8.27222450539e-08, 8.01532451522e-10],
        "stdev": [5.89314004174e-06, 0.00181076559238, 0.00150732183829, 0.000950522662606, 0.00628701178357, 0.0111058745533, 0.0043202326633, 0.00426074210554, 0.00266311899759, 0.00333393085748, 0.00404212158173, 0.00156810635235, 0.000600452942308, 0.000528831384145, 0.000746169884223, 0.000238791501033, 0.000260063708993, 5.02876500832e-05, 4.31768421549e-05, 2.38579759753e-05, 1.17415911518e-05, 3.55978340849e-06, 2.50666244028e-06, 3.69400845557e-06, 2.35003184912e-07, 8.47924965797e-08, 9.63414166222e-08]
    },
    "erbbands": {
        "max": [0.238493427634, 5.37663459778, 29.4681682587, 23.7660694122, 85.6725158691, 330.839691162, 1058.79345703, 1644.3984375, 548.736572266, 1127.22680664, 1016.355896, 2169.07617188, 2207.16015625, 2018.85461426, 1806.76867676, 709.751159668, 416.234130859, 414.686706543, 442.445251465, 546.684448242, 541.281005859, 192.626998901, 31.2032108307, 36.675907135, 18.0026416779, 10.2803153992, 8.24554157257, 4.6037774086, 1.98123645782, 1.44438004494, 0.841475784779, 2.79462146759, 0.716137349606, 0.130013033748, 0.0315045118332, 0.0144582176581, 0.00706605892628, 0.00256053963676, 0.000589633011259, 0.000158130627824],
        "mean": [0.0121872145683, 0.257441937923, 1.02548468113, 2.02496314049, 5.22404909134, 17.1734752655, 50.4411315918, 61.3031349182, 47.8025131226, 35.0213432312, 52.7415008545, 26.0915679932, 32.2664527893, 43.5511054993, 36.255821228, 20.0859947205, 7.52010345459, 6.54381752014, 7.65123701096, 4.55816888809, 3.03032684326, 1.9238910675, 1.01433825493, 1.08864712715, 0.657959699631, 0.495281726122, 0.271699607372, 0.0852486640215, 0.0447257421911, 0.0355236418545, 0.0249385200441, 0.0193751845509, 0.00787527579814, 0.00311186769977, 0.00153850275092, 0.000790200720076, 0.000245723495027, 5.32695412403e-05, 1.32402483359e-05, 2.72762681561e-05],
        "min": [4.66108504042e-05, 0.000324567314237, 0.00814660824835, 0.0259972475469, 0.126263827085, 0.215042337775, 0.131027534604, 0.295768946409, 0.27367118001, 0.113737478852, 0.127046123147, 0.074438072741, 0.0262605454773, 0.0105163613334, 0.0149563606828, 0.00648125307634, 0.00538228079677, 0.00441972352564, 0.00381401414052, 0.00240931706503, 0.00378463743255, 0.00240646395832, 0.00236252532341, 0.00208253203891, 0.00192410219461, 0.00179002736695, 0.00113640190102, 0.00228662742302, 0.00237592612393, 0.00161932071205, 0.00188749749213, 0.00182429724373, 0.00152441253886, 0.00099272665102, 0.000700538977981, 0.000394391565351, 0.000129447653308, 1.29379204736e-05, 9.74847012003e-07, 9.35689399739e-07],
        "stdev": [0.0207631979138, 0.5028398633, 1.55391597748, 2.25972676277, 6.91475963593, 26.9850311279, 80.3253250122, 108.65587616, 61.7553901672, 71.8570022583, 96.1568450928, 76.7833099365, 77.3922653198, 121.426010132, 142.081176758, 57.9345703125, 27.669260025, 28.3922634125, 33.0809860229, 20.7116680145, 16.6728477478, 8.86137104034, 2.64129567146, 2.81770658493, 1.62319397926, 1.14648365974, 0.779475390911, 0.264566838741, 0.135958015919, 0.0978544354439, 0.06620375067, 0.111649505794, 0.0287309084088, 0.00438966276124, 0.00109047722071, 0.000341861828929, 0.000162622774951, 6.29440401099e-05, 1.55010638991e-05, 1.88589729078e-05]
    },
    "gfcc": {
        "mean": [-115.870422363, 181.846618652, -87.7964248657, -17.2689533234, -68.095451355, -13.0361480713, -34.5370025635, -2.65491390228, -23.8009643555, -7.91794347763, -6.79214191437, -4.11455583572, -4.31939983368],
        "cov": [[2088.48632812, -58.0783576965, -1501.25366211, 178.503097534, 485.887695312, -15.3093700409, 266.658996582, -10.2000923157, 53.684223175, -52.9425621033, 127.740936279, -64.2680664062, 109.108322144], [-58.0783576965, 366.318969727, 271.141723633, -287.460418701, -15.7306118011, -17.1804122925, 35.3607597351, 38.3685798645, 0.654591917992, 42.278263092, 53.6917800903, -8.81423091888, 13.3153734207], [-1501.25366211, 271.141723633, 1389.07556152, -213.080001831, -404.103942871, -23.8182430267, -184.266067505, 15.5895347595, -2.35994291306, 57.7871360779, -48.7278213501, 46.9693756104, -82.1488037109], [178.503097534, -287.460418701, -213.080001831, 441.226104736, 102.445922852, -6.42733097076, -15.9163017273, -4.24554538727, 38.8310012817, -30.087436676, -43.9857788086, 14.6966571808, -20.5477981567], [485.887695312, -15.7306118011, -404.103942871, 102.445922852, 281.828125, 71.8144760132, 79.7750854492, 19.1130123138, 13.3559455872, 5.03902244568, 22.5075817108, 5.00945615768, 31.8342895508], [-15.3093700409, -17.1804122925, -23.8182430267, -6.42733097076, 71.8144760132, 269.64855957, 120.923873901, -0.291792273521, -13.2471122742, 26.7176551819, -14.4810390472, -1.62860262394, -5.35336399078], [266.658996582, 35.3607597351, -184.266067505, -15.9163017273, 79.7750854492, 120.923873901, 189.90057373, 43.2380409241, -28.6920413971, 18.6665496826, 34.1782722473, -10.2022714615, 7.29269361496], [-10.2000923157, 38.3685798645, 15.5895347595, -4.24554538727, 19.1130123138, -0.291792273521, 43.2380409241, 101.113113403, 30.7753677368, 3.26347565651, 6.49024772644, 6.38477516174, -3.66973590851], [53.684223175, 0.654591917992, -2.35994291306, 38.8310012817, 13.3559455872, -13.2471122742, -28.6920413971, 30.7753677368, 91.1109008789, 24.1610927582, -3.86964130402, 7.38842105865, 6.92936229706], [-52.9425621033, 42.278263092, 57.7871360779, -30.087436676, 5.03902244568, 26.7176551819, 18.6665496826, 3.26347565651, 24.1610927582, 88.4599533081, 40.5926475525, -5.75966501236, 0.192790642381], [127.740936279, 53.6917800903, -48.7278213501, -43.9857788086, 22.5075817108, -14.4810390472, 34.1782722473, 6.49024772644, -3.86964130402, 40.5926475525, 103.884658813, 27.1681518555, 9.88357257843], [-64.2680664062, -8.81423091888, 46.9693756104, 14.6966571808, 5.00945615768, -1.62860262394, -10.2022714615, 6.38477516174, 7.38842105865, -5.75966501236, 27.1681518555, 80.3090591431, 26.2761039734], [109.108322144, 13.3153734207, -82.1488037109, -20.5477981567, 31.8342895508, -5.35336399078, 7.29269361496, -3.66973590851, 6.92936229706, 0.192790642381, 9.88357257843, 26.2761039734, 66.0187835693]],
        "icov": [[0.0122517803684, -0.0116072343662, 0.0118502760306, -0.00636124191806, 0.000467312464025, 0.00224725180306, -0.00948065239936, 0.0118513545021, -0.0153635470197, 0.0137489782646, -0.0113172437996, 0.00796903017908, -0.00338368443772], [-0.0116072343662, 0.0277536269277, -0.0183870438486, 0.0160396303982, -0.0115539850667, 0.00467106560245, -0.00112027220894, -0.00740960845724, 0.00586645305157, -0.00684667052701, 0.0049397633411, 0.000147167345858, -3.36511911883e-05], [0.0118502760306, -0.0183870438486, 0.0166917722672, -0.0098523106426, 0.00750304665416, -0.00165380828548, -0.00264242920093, 0.0078758019954, -0.0095498310402, 0.00778098357841, -0.00674730585888, 0.00172658730298, 0.000107408690383], [-0.00636124191806, 0.0160396303982, -0.0098523106426, 0.0126848267391, -0.00789461750537, 0.00358992279507, -0.0014313935535, -0.00290701375343, 0.00134877907112, -0.00376973534003, 0.00499371066689, -0.00238322210498, 0.00313146668486], [0.000467312464025, -0.0115539850667, 0.00750304665416, -0.00789461750537, 0.0151847600937, -0.0067974794656, 0.00777784176171, -0.00478310277686, 0.00619318382815, -0.00543670263141, 0.00285839987919, -0.00569092528895, 0.000641713326331], [0.00224725180306, 0.00467106560245, -0.00165380828548, 0.00358992279507, -0.0067974794656, 0.0109169511124, -0.0126785645261, 0.00781394075602, -0.00795949622989, 0.00306300399825, 0.000248666736297, 0.00173971743789, 0.000498041626997], [-0.00948065239936, -0.00112027220894, -0.00264242920093, -0.0014313935535, 0.00777784176171, -0.0126785645261, 0.0290714669973, -0.0210019610822, 0.0247188806534, -0.0169214084744, 0.00816419348121, -0.00837189052254, 0.00256836065091], [0.0118513545021, -0.00740960845724, 0.0078758019954, -0.00290701375343, -0.00478310277686, 0.00781394075602, -0.0210019610822, 0.0301083531231, -0.026449220255, 0.0187130551785, -0.0114080235362, 0.00795345567167, -0.000999440788291], [-0.0153635470197, 0.00586645305157, -0.0095498310402, 0.00134877907112, 0.00619318382815, -0.00795949622989, 0.0247188806534, -0.026449220255, 0.0434908717871, -0.029548054561, 0.0199377797544, -0.0156909357756, 0.00369383022189], [0.0137489782646, -0.00684667052701, 0.00778098357841, -0.00376973534003, -0.00543670263141, 0.00306300399825, -0.0169214084744, 0.0187130551785, -0.029548054561, 0.0404253788292, -0.0267936531454, 0.0205287635326, -0.00822979491204], [-0.0113172437996, 0.0049397633411, -0.00674730585888, 0.00499371066689, 0.00285839987919, 0.000248666736297, 0.00816419348121, -0.0114080235362, 0.0199377797544, -0.0267936531454, 0.0334087647498, -0.0219389367849, 0.00968771800399], [0.00796903017908, 0.000147167345858, 0.00172658730298, -0.00238322210498, -0.00569092528895, 0.00173971743789, -0.00837189052254, 0.00795345567167, -0.0156909357756, 0.0205287635326, -0.0219389367849, 0.0323959887028, -0.0155636640266], [-0.00338368443772, -3.36511911883e-05, 0.000107408690383, 0.00313146668486, 0.000641713326331, 0.000498041626997, 0.00256836065091, -0.000999440788291, 0.00369383022189, -0.00822979491204, 0.00968771800399, -0.0155636640266, 0.0256266184151]]
    },
    "melbands": {
        "max": [0.00370089057833, 0.0103259431198, 0.00448831217363, 0.0151269901544, 0.0301000885665, 0.0315619111061, 0.00908158160746, 0.0105609698221, 0.00722915120423, 0.0143507122993, 0.0110919605941, 0.00856624357402, 0.00708975689486, 0.0030513072852, 0.00126974075101, 0.000632015697192, 0.000915793702006, 0.000576017191634, 0.00131483084988, 0.00039764016401, 0.000909469847102, 0.000307313166559, 3.47475142917e-05, 2.93031353067e-05, 3.42019957316e-05, 1.9000719476e-05, 9.13282656256e-06, 8.04906903795e-06, 7.01932867742e-06, 4.4618341235e-06, 1.89113677607e-06, 1.05202070699e-06, 1.14683541597e-06, 1.02275612335e-06, 5.28032046532e-07, 1.12220004667e-06, 1.96206178771e-06, 6.30587351225e-07, 8.6572875091e-08, 1.15731509709e-07],
        "mean": [0.000184452757821, 0.000482730101794, 0.000421747681685, 0.000753895554226, 0.00153882568702, 0.00135258224327, 0.000716214999557, 0.000382002443075, 0.00038734744885, 0.000147622777149, 0.000159611241543, 0.000177665016963, 0.000135320282425, 6.26208420726e-05, 3.05178109556e-05, 1.09531356429e-05, 1.21611310533e-05, 1.14741751531e-05, 9.4136212283e-06, 4.21311870014e-06, 3.55649808625e-06, 2.29173087973e-06, 1.03166235021e-06, 8.70382109497e-07, 9.00287489003e-07, 5.56505824534e-07, 3.4714071262e-07, 3.29610202243e-07, 2.06769314559e-07, 7.98689470116e-08, 3.80685882817e-08, 2.5397937975e-08, 2.09835562259e-08, 1.94129281539e-08, 1.50696539691e-08, 1.24064705176e-08, 1.13277085489e-08, 6.07543526598e-09, 3.25740145968e-09, 2.35479835631e-09],
        "min": [2.55474674304e-07, 2.80604876934e-06, 7.64755441196e-06, 1.32663626573e-05, 3.69841382053e-06, 6.30005251878e-06, 3.74631099476e-06, 1.21351990856e-06, 8.45393458349e-07, 3.07427256985e-07, 8.28237958217e-08, 3.99287465314e-08, 4.20044976579e-08, 1.60318922582e-08, 1.86638136057e-08, 8.44134007139e-09, 6.68145405669e-09, 4.99259567022e-09, 4.25730117826e-09, 3.19471293864e-09, 4.46945236376e-09, 2.76876610528e-09, 2.051017578e-09, 2.01810168576e-09, 1.68177283211e-09, 1.19326548642e-09, 1.33356881094e-09, 1.11199349728e-09, 5.79823855595e-10, 9.55003187642e-10, 1.05918496196e-09, 1.20110610347e-09, 7.81695708163e-10, 6.23740059602e-10, 8.54030068886e-10, 8.32970192821e-10, 9.08532304944e-10, 8.11399336609e-10, 7.62688801004e-10, 6.88676282667e-10],
        "stdev": [0.000347934459569, 0.000700751377735, 0.000415404763771, 0.00114674982615, 0.00227110553533, 0.0022129425779, 0.000936480355449, 0.000772773637436, 0.000702638470102, 0.000490555830766, 0.000393782771425, 0.00050874700537, 0.000564946734812, 0.000210275509744, 9.83409699984e-05, 4.34806934209e-05, 5.83720429859e-05, 4.71173625556e-05, 5.76538550376e-05, 1.75912064151e-05, 2.65661110461e-05, 1.30767748487e-05, 2.9592285955e-06, 2.31868511946e-06, 2.44068155553e-06, 1.42556507399e-06, 8.37360630612e-07, 8.24301594093e-07, 6.26927658232e-07, 2.92501084687e-07, 1.19444052871e-07, 7.92435415065e-08, 6.64738664113e-08, 5.57145263258e-08, 3.91091319329e-08, 5.5296332846e-08, 7.23761530708e-08, 2.47789628816e-08, 4.67580463237e-09, 3.448111352e-09]
    },
    "melbands128": {
        "max": [7.3212038842e-05, 0.00111176946666, 0.00475053722039, 0.0112374341115, 0.0139323296025, 0.0146530689672, 0.00522108562291, 0.00784046761692, 0.00905750785023, 0.0190027207136, 0.0201335586607, 0.0236479565501, 0.0517376884818, 0.030936293304, 0.0527326837182, 0.0341548472643, 0.0120510458946, 0.0122116114944, 0.0208983793855, 0.0150290457532, 0.0187303368002, 0.0186862181872, 0.0106989583001, 0.00572155462578, 0.0179125573486, 0.021854236722, 0.00584069732577, 0.021573446691, 0.00729265576228, 0.0125230755657, 0.0115587580949, 0.016304679215, 0.012224573642, 0.0110325971618, 0.00726588675752, 0.00314582022838, 0.0032852482982, 0.00194843823556, 0.00292969495058, 0.00167957087979, 0.000571644632146, 0.00110877270345, 0.0016583497636, 0.00113988667727, 0.000677333329804, 0.00085859169485, 0.00204076408409, 0.00192183756735, 0.00172906066291, 0.000582590582781, 0.000744212651625, 0.000752194493543, 0.000264530535787, 0.00253382069059, 0.0010278247064, 0.000238381166128, 0.000127399078337, 5.2897943533e-05, 3.83134465665e-05, 6.01631581958e-05, 4.24090067099e-05, 4.8379501095e-05, 4.29010469816e-05, 8.07789256214e-05, 4.56027628388e-05, 2.00363883778e-05, 2.42147398239e-05, 1.63289550983e-05, 1.9853190679e-05, 1.3146940546e-05, 1.69993963937e-05, 2.32330839935e-05, 1.63156346389e-05, 1.04114960777e-05, 1.18438911159e-05, 7.15062515155e-06, 5.89531555306e-06, 3.17181252285e-06, 2.07108678296e-06, 1.38859923027e-06, 2.10342045648e-06, 1.54203985403e-06, 1.21922766994e-06, 1.4000520423e-06, 1.02277385849e-06, 9.43391512465e-07, 1.58829482189e-06, 8.15429473278e-07, 9.42188762565e-07, 3.3746280792e-07, 5.97135453972e-07, 1.3723979464e-06, 3.23295103044e-06, 2.40733493229e-06, 1.56899398007e-06, 9.11993424779e-07, 5.29520832515e-07, 1.90317734905e-07, 8.93846774375e-08, 8.16706489104e-08, 5.63584237057e-08, 1.45381960692e-07, 1.59273682243e-07, 5.34692432552e-08, 3.49581981141e-08, 2.96541564637e-08, 2.4391574982e-08, 2.4073299798e-08, 2.40339108615e-08, 2.57096335332e-08, 2.43666189448e-08, 2.57335166509e-08, 2.11964845676e-08, 2.14391953079e-08, 1.9756626557e-08, 1.9010375496e-08, 2.16749906912e-08, 1.9734912371e-08, 1.88725515216e-08, 1.83283876964e-08, 1.78053571886e-08, 1.73631349298e-08, 1.69556138019e-08, 1.66776725763e-08, 1.64335407504e-08, 1.61977862234e-08, 1.61028186341e-08, 1.6011322046e-08],
        "mean": [2.35149150285e-06, 4.44232209702e-05, 0.000238875014475, 0.000489490688778, 0.000523042690475, 0.000481379596749, 0.000400158838602, 0.000366337451851, 0.000487468903884, 0.000694710412063, 0.0009296972421, 0.00130677188281, 0.00217709923163, 0.00119959772564, 0.00131254072767, 0.00166239205282, 0.00071051728446, 0.000717797491234, 0.000416433555074, 0.000378976925276, 0.000301706400933, 0.000524467497598, 0.000500603287946, 0.000109865781269, 0.000161927295267, 0.000149115730892, 0.000119773918414, 0.000186105025932, 0.000143839482917, 0.000231847574469, 0.000151035681483, 0.000146586695337, 0.000175686669536, 9.80222757789e-05, 5.08586635988e-05, 6.70362715027e-05, 5.77406281081e-05, 2.19750181714e-05, 2.23211263801e-05, 1.3655316252e-05, 6.02153659202e-06, 9.81297125691e-06, 1.57288450282e-05, 1.21120447147e-05, 5.73658462599e-06, 1.19407959573e-05, 1.75829936779e-05, 1.10763385237e-05, 4.83534040541e-06, 5.39711254532e-06, 4.0683212319e-06, 3.33983325618e-06, 2.43987165049e-06, 5.11095549882e-06, 3.22028881783e-06, 1.91164167518e-06, 1.41905206874e-06, 1.12473981062e-06, 9.03348848169e-07, 7.7407196386e-07, 8.36075059851e-07, 9.1959719839e-07, 1.09838470053e-06, 8.79256901953e-07, 6.4008395384e-07, 5.76554555209e-07, 5.03129001572e-07, 3.49080551132e-07, 3.12713268613e-07, 3.2375697856e-07, 3.64683558018e-07, 3.13380013495e-07, 2.74821985613e-07, 1.95392402702e-07, 1.15760933284e-07, 9.09254538328e-08, 5.95896096911e-08, 4.00584063698e-08, 3.84646341445e-08, 3.18940038824e-08, 2.72774247634e-08, 2.19298392778e-08, 2.23877485439e-08, 2.12233093322e-08, 1.9696019038e-08, 1.8908281163e-08, 2.11475850165e-08, 1.67599303325e-08, 1.64667390834e-08, 1.18720633324e-08, 1.06853326187e-08, 1.29568453744e-08, 1.4554422556e-08, 1.18295560014e-08, 9.37654487387e-09, 7.50504902669e-09, 5.39388222975e-09, 3.86396514784e-09, 3.4892313483e-09, 2.75589506771e-09, 2.45686870848e-09, 2.36614128291e-09, 2.14083839545e-09, 1.87350468472e-09, 1.6374748224e-09, 1.54087753668e-09, 1.45920142636e-09, 1.45239442695e-09, 1.40079636779e-09, 1.26329546823e-09, 1.12909348537e-09, 9.83100156837e-10, 7.25324467155e-10, 4.85647522197e-10, 2.43648601295e-10, 4.70095740113e-10, 7.79175668431e-10, 1.78743027324e-11, 1.69892329371e-11, 1.65368847088e-11, 1.61086612799e-11, 1.57463850986e-11, 1.53893373739e-11, 1.51253835845e-11, 1.49279009293e-11, 1.47342433393e-11, 1.46413384888e-11, 1.45463042653e-11],
        "min": [3.92486709799e-10, 3.09044985158e-08, 7.61840084351e-08, 1.52553568e-07, 3.49224222873e-07, 1.17499428143e-06, 1.59983494541e-06, 1.00061834019e-06, 1.93535515791e-06, 2.17416391024e-06, 2.38656411966e-06, 1.22196854591e-06, 1.76195476342e-06, 1.92247034647e-06, 3.15312809107e-06, 8.36725575937e-07, 2.06509230338e-06, 1.02389719814e-06, 1.11618561505e-07, 1.47715525145e-07, 3.55589122591e-07, 9.48233662257e-07, 1.51722105102e-07, 5.86630406474e-08, 1.45027584608e-07, 5.83856092362e-08, 2.93245321359e-08, 2.71499978055e-08, 5.08510922259e-08, 2.61137600432e-08, 7.55364126803e-09, 1.0620977875e-08, 4.21369961146e-09, 6.39826147619e-09, 4.32958557894e-09, 4.97598406923e-09, 6.67760602369e-09, 5.2608610801e-09, 7.27342452933e-09, 2.97447311226e-09, 3.84244636109e-09, 1.76095971138e-09, 2.5989785879e-09, 2.91354806947e-09, 1.70625757967e-09, 2.66582067532e-09, 2.28588703521e-09, 2.51291498721e-09, 1.05280528739e-09, 1.36561595365e-09, 1.80223591606e-09, 1.66909963628e-09, 1.30896160577e-09, 1.51872603382e-09, 2.32170882519e-09, 1.06964226365e-09, 7.93052012948e-10, 1.26073107509e-09, 1.24192245377e-09, 1.69246450188e-09, 1.38597089361e-09, 1.14623965874e-09, 7.86485099269e-10, 1.00278696458e-09, 1.16030118846e-09, 7.09850012104e-10, 8.38895564126e-10, 7.46177231115e-10, 7.44469041969e-10, 8.93246199229e-10, 6.90377699453e-10, 6.9110905887e-10, 5.07625108614e-10, 6.26048546337e-10, 4.33345692663e-10, 4.88367402074e-10, 5.51038048524e-10, 3.22336934921e-10, 6.25329288351e-10, 5.47148826247e-10, 5.1395265821e-10, 7.3067074613e-10, 5.58368351555e-10, 5.30990418302e-10, 5.34000288432e-10, 5.19873255556e-10, 4.34896063606e-10, 5.40461564391e-10, 6.24853169207e-10, 5.46382272759e-10, 5.39717437409e-10, 5.6472143628e-10, 7.38273997491e-10, 5.16064302403e-10, 6.01451055626e-10, 5.96286242605e-10, 4.72986594335e-10, 5.78520398253e-10, 5.51912293645e-10, 4.74276340423e-10, 4.89234819323e-10, 5.02402897062e-10, 4.80399664493e-10, 3.92849253128e-10, 3.09296477319e-10, 2.07303396671e-10, 2.86279278061e-10, 2.78478962112e-10, 2.89252483077e-10, 3.04372471671e-10, 1.87881321612e-10, 2.12328113425e-10, 7.50077847056e-11, 1.11365389133e-10, 3.54109948829e-12, 5.86342918663e-11, 5.83981821234e-12, 1.94296117281e-13, 1.42507492894e-13, 1.2884380791e-13, 1.43899310328e-13, 1.3974720903e-13, 1.57617896599e-13, 1.56207661281e-13, 1.72805332869e-13, 1.39601668441e-13, 1.85811720285e-13, 1.58480582715e-13],
        "stdev": [5.5865439208e-06, 8.47949413583e-05, 0.000471448962344, 0.00105310673825, 0.000898996077012, 0.000729279592633, 0.000511612684932, 0.00049102777848, 0.00070376455551, 0.00141398154665, 0.00182150723413, 0.00203267624602, 0.00384913664311, 0.00252647465095, 0.00296352151781, 0.00329559575766, 0.00104797026142, 0.00136142666452, 0.000922053470276, 0.001107577933, 0.000994954491034, 0.00117018213496, 0.00100114441011, 0.000329229107592, 0.000727888895199, 0.00065262982389, 0.00036242956412, 0.000670721230563, 0.00046139062033, 0.000790214340668, 0.000613093317952, 0.000892444048077, 0.000881568354089, 0.000607843743637, 0.000312826043228, 0.00025462397025, 0.000230337536777, 0.000110424880404, 0.000130055297632, 8.88428403414e-05, 2.84226534859e-05, 5.92905053054e-05, 9.65558647295e-05, 6.92964167683e-05, 2.86387385131e-05, 6.28579655313e-05, 0.000119728108984, 0.000100500466942, 4.37409908045e-05, 2.9916243875e-05, 2.23533243116e-05, 2.02591290872e-05, 1.11871395347e-05, 6.62452948745e-05, 3.24657085002e-05, 1.04171740531e-05, 6.26509427093e-06, 3.727192734e-06, 2.74595254268e-06, 2.8292126899e-06, 2.60091906057e-06, 3.10363157041e-06, 3.50991263076e-06, 3.3061405702e-06, 2.35795710068e-06, 1.63336585501e-06, 1.70812859324e-06, 1.21608775316e-06, 9.27317103105e-07, 8.7052615072e-07, 1.16788407922e-06, 1.14152680908e-06, 1.04060723061e-06, 7.47724982375e-07, 5.27439567577e-07, 4.07831322491e-07, 2.51844710419e-07, 1.47718054677e-07, 1.29446263486e-07, 1.00063893171e-07, 9.95139259885e-08, 8.01209409929e-08, 8.03670090477e-08, 7.56242357625e-08, 5.77253551626e-08, 5.40048255004e-08, 7.56391145273e-08, 4.9854381956e-08, 4.77166963719e-08, 2.84052621424e-08, 3.26635039016e-08, 6.87418690859e-08, 1.07304252595e-07, 7.93060692672e-08, 5.84602908305e-08, 3.75067550351e-08, 1.93680982363e-08, 7.45548867087e-09, 5.54285728427e-09, 3.23180393558e-09, 2.43910380782e-09, 4.52614212776e-09, 4.10948475249e-09, 1.9117980532e-09, 1.01219332915e-09, 8.42697522874e-10, 7.38988592541e-10, 7.22104265272e-10, 7.08430036855e-10, 7.05233482723e-10, 6.61282029135e-10, 6.58308019208e-10, 5.38935784888e-10, 5.09538078397e-10, 4.66342131578e-10, 4.924768926e-10, 7.34442340278e-10, 4.5237658064e-10, 4.33260122223e-10, 4.20794787903e-10, 4.08899636373e-10, 3.98770960697e-10, 3.8946942893e-10, 3.82999604254e-10, 3.77442854749e-10, 3.71979308467e-10, 3.69773517361e-10, 3.67618241404e-10]
    },
    "mfcc": {
        "mean": [-777.045349121, 227.539398193, 21.6499423981, 5.88761425018, -12.8704500198, -14.9717407227, -7.2159204483, -4.54524421692, -11.6912899017, -2.92335438728, -9.25843811035, -5.15562391281, 0.217413008213],
        "cov": [[3120.76123047, -466.06817627, -1877.78051758, 232.832458496, 55.7741241455, 160.879898071, 196.0859375, 154.906814575, -1.68523144722, 226.431472778, -143.23197937, -10.1853256226, 94.8698120117], [-466.06817627, 731.199951172, 335.537658691, -273.319519043, -64.0374603271, -134.309738159, 42.0401420593, -68.3656845093, -11.5189838409, 10.617515564, 63.6742630005, -15.5774202347, 34.650718689], [-1877.78051758, 335.537658691, 1355.30029297, -132.111053467, -81.9239578247, -101.789253235, -152.973739624, -89.5900421143, -8.4030008316, -133.81628418, 108.461601257, 26.3892002106, -60.0544319153], [232.832458496, -273.319519043, -132.111053467, 302.634857178, 76.0339584351, -21.8059577942, -58.8422050476, 28.1134185791, -9.38726234436, -13.9154596329, -14.8107042313, 9.48854255676, 3.28228497505], [55.7741241455, -64.0374603271, -81.9239578247, 76.0339584351, 147.192520142, 35.8276443481, -40.0648002625, 14.2860717773, 21.4363384247, -7.70801305771, -0.0836038812995, 10.9704627991, -8.76361942291], [160.879898071, -134.309738159, -101.789253235, -21.8059577942, 35.8276443481, 213.633758545, 86.2131195068, 22.0592460632, 47.5147666931, 10.2641382217, 4.81166934967, 19.3062667847, -9.99772071838], [196.0859375, 42.0401420593, -152.973739624, -58.8422050476, -40.0648002625, 86.2131195068, 202.672393799, 50.9496612549, 14.2796010971, 45.6539039612, 9.16086101532, 6.81804037094, 30.076292038], [154.906814575, -68.3656845093, -89.5900421143, 28.1134185791, 14.2860717773, 22.0592460632, 50.9496612549, 117.539833069, 46.9539260864, -6.86222076416, -5.5992937088, 15.6827230453, 10.270152092], [-1.68523144722, -11.5189838409, -8.4030008316, -9.38726234436, 21.4363384247, 47.5147666931, 14.2796010971, 46.9539260864, 107.550003052, 20.2794094086, -3.05536842346, 11.0596036911, -1.93376398087], [226.431472778, 10.617515564, -133.81628418, -13.9154596329, -7.70801305771, 10.2641382217, 45.6539039612, -6.86222076416, 20.2794094086, 123.196640015, 15.7427845001, -16.5597133636, 17.6259937286], [-143.23197937, 63.6742630005, 108.461601257, -14.8107042313, -0.0836038812995, 4.81166934967, 9.16086101532, -5.5992937088, -3.05536842346, 15.7427845001, 88.462600708, 26.4250202179, -12.5866365433], [-10.1853256226, -15.5774202347, 26.3892002106, 9.48854255676, 10.9704627991, 19.3062667847, 6.81804037094, 15.6827230453, 11.0596036911, -16.5597133636, 26.4250202179, 89.5660171509, 30.9678115845], [94.8698120117, 34.650718689, -60.0544319153, 3.28228497505, -8.76361942291, -9.99772071838, 30.076292038, 10.270152092, -1.93376398087, 17.6259937286, -12.5866365433, 30.9678115845, 87.9695968628]],
        "icov": [[0.00363955646753, -0.00227978639305, 0.00498360348865, -0.00266080838628, 0.00389868719503, -0.00421100016683, 0.00400200439617, -0.00445266859606, 0.00361739331856, -0.00405055470765, 0.00244335830212, -0.00278819329105, 0.00175801292062], [-0.00227978639305, 0.00575094297528, -0.00354323512875, 0.00523750623688, -0.00466938782483, 0.00696029281244, -0.00545112462714, 0.00570024596527, -0.0045545194298, 0.00431339908391, -0.00467576505616, 0.00379463215359, -0.00386604852974], [0.00498360348865, -0.00354323512875, 0.00815797317773, -0.00359853752889, 0.00629890616983, -0.00584706803784, 0.00642108172178, -0.00553527288139, 0.00413738144562, -0.00396618479863, 0.00164977856912, -0.00372236804105, 0.00257058208808], [-0.00266080838628, 0.00523750623688, -0.00359853752889, 0.00933149643242, -0.00640217121691, 0.00688129104674, -0.00381298107095, 0.00395684409887, -0.00327151082456, 0.00430097151548, -0.00423572631553, 0.00331276911311, -0.00371825881302], [0.00389868719503, -0.00466938782483, 0.00629890616983, -0.00640217121691, 0.0151766287163, -0.00916568655521, 0.00906689930707, -0.00696588633582, 0.00379074946977, -0.00465535931289, 0.0026580048725, -0.00412102555856, 0.00320439529605], [-0.00421100016683, 0.00696029281244, -0.00584706803784, 0.00688129104674, -0.00916568655521, 0.0169892143458, -0.0120363347232, 0.0105119384825, -0.00984627660364, 0.0077292593196, -0.00556428870186, 0.00333601003513, -0.00227867299691], [0.00400200439617, -0.00545112462714, 0.00642108172178, -0.00381298107095, 0.00906689930707, -0.0120363347232, 0.0169545002282, -0.0120321540162, 0.0080988612026, -0.0079827979207, 0.0028395075351, -0.00328519730829, 0.000840670370962], [-0.00445266859606, 0.00570024596527, -0.00553527288139, 0.00395684409887, -0.00696588633582, 0.0105119384825, -0.0120321540162, 0.0221749786288, -0.0135609023273, 0.0106447394937, -0.0059706713073, 0.0041336058639, -0.00408453401178], [0.00361739331856, -0.0045545194298, 0.00413738144562, -0.00327151082456, 0.00379074946977, -0.00984627660364, 0.0080988612026, -0.0135609023273, 0.020272353664, -0.0106166414917, 0.00744684645906, -0.0061280913651, 0.00470783561468], [-0.00405055470765, 0.00431339908391, -0.00396618479863, 0.00430097151548, -0.00465535931289, 0.0077292593196, -0.0079827979207, 0.0106447394937, -0.0106166414917, 0.0193200372159, -0.0105410739779, 0.00910344626755, -0.00711495103315], [0.00244335830212, -0.00467576505616, 0.00164977856912, -0.00423572631553, 0.0026580048725, -0.00556428870186, 0.0028395075351, -0.0059706713073, 0.00744684645906, -0.0105410739779, 0.0224776621908, -0.0116324173287, 0.00943649280816], [-0.00278819329105, 0.00379463215359, -0.00372236804105, 0.00331276911311, -0.00412102555856, 0.00333601003513, -0.00328519730829, 0.0041336058639, -0.0061280913651, 0.00910344626755, -0.0116324173287, 0.0214940980077, -0.0117329638451], [0.00175801292062, -0.00386604852974, 0.00257058208808, -0.00371825881302, 0.00320439529605, -0.00227867299691, 0.000840670370962, -0.00408453401178, 0.00470783561468, -0.00711495103315, 0.00943649280816, -0.0117329638451, 0.0201473385096]]
    },
    "spectral_contrast_coeffs": {
        "max": [-0.255779057741, -0.419840812683, -0.483358383179, -0.572171807289, -0.629500210285, -0.641253173351],
        "mean": [-0.647745668888, -0.70401352644, -0.711704134941, -0.804149925709, -0.817382335663, -0.832951247692],
        "min": [-0.858415663242, -0.923738777637, -0.923692047596, -0.926097393036, -0.94192135334, -0.924137473106],
        "stdev": [0.0802575573325, 0.0723213627934, 0.070928633213, 0.0517616458237, 0.0515737943351, 0.0400156341493]
    },
    "spectral_contrast_valleys": {
        "max": [-5.36905956268, -4.95394611359, -6.05074834824, -6.44750070572, -6.79317378998, -10.3245630264],
        "mean": [-6.76891422272, -6.39974069595, -7.91300106049, -9.114112854, -9.68104362488, -12.2902412415],
        "min": [-8.63562202454, -8.73499774933, -10.2604026794, -10.8395929337, -11.1518678665, -12.7563486099],
        "stdev": [0.448538780212, 0.570697367191, 0.718966305256, 0.8429723382, 0.791851580143, 0.262580066919]
    }
},
"rhythm": {
    "beats_count": 113,
    "beats_loudness": {
        "max": 0.0816079154611,
        "mean": 0.027663750574,
        "min": 0.0019485685043,
        "stdev": 0.017809400335
    },
    "bpm": 140.836486816,
    "bpm_histogram_first_peak_bpm": 140,
    "bpm_histogram_first_peak_weight": 0.55660378933,
    "bpm_histogram_second_peak_bpm": 133,
    "bpm_histogram_second_peak_spread": 0.199999988079,
    "bpm_histogram_second_peak_weight": 0.0357142873108,
    "danceability": 1.18416368961,
    "onset_rate": 2.7275390625,
    "beats_loudness_band_ratio": {
        "max": [0.533115684986, 0.948114156723, 0.796242237091, 0.795630335808, 0.378159850836, 0.0229903012514],
        "mean": [0.149311602116, 0.485186845064, 0.295079499483, 0.114342994988, 0.0155187454075, 0.001493460848],
        "min": [0.00339440885, 0.0301434453577, 0.023355204612, 0.00174364086706, 0.000121332450362, 5.29542267032e-05],
        "stdev": [0.123417459428, 0.249112933874, 0.184425070882, 0.161003679037, 0.0484181158245, 0.0031190731097]
    },
