{
"metadata": {
    "version": {
        "essentia": "2.1-beta5",
        "essentia_git_sha": "Undefined",
        "extractor": "music 2.0"
    },
    "audio_properties": {
        "analysis": {
            "equal_loudness": 0,
            "length": 48.7502937317,
            "sample_rate": 44100,
            "start_time": 126.490699768,
            "downmix": "mix"
        },
        "bit_rate": 192000,
        "length": 210.593399048,
        "lossless": 0,
        "number_channels": 2,
        "replay_gain": -1.31530380249,
        "sample_rate": 48000,
        "codec": "mp3",
        "md5_encoded": "a6886a828fccb4ed1a42ae6f06b54b60"
    },
    "tags": {
        "file_name": "Norway_Duett_Elisabeth Andreasson _ Jan Werner Danielsen.mp3",
        "encoding": ["Lavf58.29.100"]
    }
},
"lowlevel": {
    "average_loudness": 0.985239684582,
    "barkbands_crest": {
        "max": 21.3855438232,
        "mean": 8.22461223602,
        "min": 2.55878782272,
        "stdev": 3.18812608719
    },
    "barkbands_flatness_db": {
        "max": 0.213341772556,
        "mean": 0.13412079215,
        "min": 0.063168220222,
        "stdev": 0.0218127984554
    },
    "barkbands_kurtosis": {
        "max": 23.3969650269,
        "mean": 0.993159532547,
        "min": -1.68757259846,
        "stdev": 2.37255454063
    },
    "barkbands_skewness": {
        "max": 4.6961517334,
        "mean": 0.693500995636,
        "min": -1.01190125942,
        "stdev": 0.718743503094
    },
    "barkbands_spread": {
        "max": 54.1268386841,
        "mean": 20.0023326874,
        "min": 3.97820997238,
        "stdev": 7.46125411987
    },
    "dissonance": {
        "max": 0.499638170004,
        "mean": 0.453535437584,
        "min": 0.32472807169,
        "stdev": 0.0288087632507
    },
    "dynamic_complexity": 1.11878764629,
    "erbbands_crest": {
        "max": 27.6027164459,
        "mean": 9.89754199982,
        "min": 3.08077430725,
        "stdev": 3.7990899086
    },
    "erbbands_flatness_db": {
        "max": 0.277687698603,
        "mean": 0.187414139509,
        "min": 0.105328321457,
        "stdev": 0.0282173380256
    },
    "erbbands_kurtosis": {
        "max": 9.73465442657,
        "mean": 0.668993711472,
        "min": -1.69596731663,
        "stdev": 1.59541583061
    },
    "erbbands_skewness": {
        "max": 2.71141123772,
        "mean": 0.34113869071,
        "min": -2.20359754562,
        "stdev": 0.719501793385
    },
    "erbbands_spread": {
        "max": 91.9113311768,
        "mean": 27.2425422668,
        "min": 8.16332244873,
        "stdev": 12.2432365417
    },
    "hfc": {
        "max": 83.8556976318,
        "mean": 28.1777648926,
        "min": 1.09784007072,
        "stdev": 12.0121173859
    },
    "loudness_ebu128": {
        "integrated": -21.2145767212,
        "loudness_range": 0.985315322876,
        "momentary": {
            "max": -19.5252609253,
            "mean": -21.2820053101,
            "min": -24.3216285706,
            "stdev": 0.785028755665
        },
        "short_term": {
            "max": -20.6706695557,
            "mean": -21.2259292603,
            "min": -22.2144947052,
            "stdev": 0.332401305437
        }
    },
    "melbands_crest": {
        "max": 26.1717643738,
        "mean": 10.0340890884,
        "min": 3.82053136826,
        "stdev": 3.76776242256
    },
    "melbands_flatness_db": {
        "max": 0.276831954718,
        "mean": 0.169880703092,
        "min": 0.0787111520767,
        "stdev": 0.0309309568256
    },
    "melbands_kurtosis": {
        "max": 86.8499526978,
        "mean": 3.44595813751,
        "min": -1.50620079041,
        "stdev": 6.49807786942
    },
    "melbands_skewness": {
        "max": 8.3462266922,
        "mean": 1.2609320879,
        "min": -0.702552855015,
        "stdev": 1.00253725052
    },
    "melbands_spread": {
        "max": 77.0494537354,
        "mean": 28.5499801636,
        "min": 4.2831530571,
        "stdev": 12.250954628
    },
    "pitch_salience": {
        "max": 0.854658901691,
        "mean": 0.544522404671,
        "min": 0.155398860574,
        "stdev": 0.086485542357
    },
    "silence_rate_20dB": {
        "max": 1,
        "mean": 1,
        "min": 1,
        "stdev": 0
    },
    "silence_rate_30dB": {
        "max": 1,
        "mean": 1,
        "min": 1,
        "stdev": 0
    },
    "silence_rate_60dB": {
        "max": 0,
        "mean": 0,
        "min": 0,
        "stdev": 0
    },
    "spectral_centroid": {
        "max": 2968.30322266,
        "mean": 1409.0369873,
        "min": 432.840881348,
        "stdev": 436.784118652
    },
    "spectral_complexity": {
        "max": 46,
        "mean": 22.0766296387,
        "min": 2,
        "stdev": 5.63015317917
    },
    "spectral_decrease": {
        "max": -1.82134723969e-10,
        "mean": -7.47612549645e-09,
        "min": -2.71226667792e-08,
        "stdev": 2.7694770921e-09
    },
    "spectral_energy": {
        "max": 0.106400452554,
        "mean": 0.030772369355,
        "min": 0.000786995573435,
        "stdev": 0.0111075863242
    },
    "spectral_energyband_high": {
        "max": 0.00493672676384,
        "mean": 0.000523521564901,
        "min": 1.54688332259e-05,
        "stdev": 0.000461678369902
    },
    "spectral_energyband_low": {
        "max": 0.030768301338,
        "mean": 0.00376289268024,
        "min": 2.75417369267e-05,
        "stdev": 0.00305440300144
    },
    "spectral_energyband_middle_high": {
        "max": 0.0498580224812,
        "mean": 0.0125837381929,
        "min": 0.000470126833534,
        "stdev": 0.00783716142178
    },
    "spectral_energyband_middle_low": {
        "max": 0.093982771039,
        "mean": 0.0145693654194,
        "min": 0.00027286799741,
        "stdev": 0.0100075555965
    },
    "spectral_entropy": {
        "max": 8.37334251404,
        "mean": 7.43169641495,
        "min": 6.77800035477,
        "stdev": 0.219109982252
    },
    "spectral_flux": {
        "max": 0.258968293667,
        "mean": 0.0892940685153,
        "min": 0.0280567836016,
        "stdev": 0.0295582097024
    },
    "spectral_kurtosis": {
        "max": 22.0897541046,
        "mean": 4.6486492157,
        "min": -0.260746240616,
        "stdev": 2.17053937912
    },
    "spectral_rms": {
        "max": 0.010188489221,
        "mean": 0.00538963219151,
        "min": 0.000876242294908,
        "stdev": 0.000986781553365
    },
    "spectral_rolloff": {
        "max": 6546.09375,
        "mean": 1537.49450684,
        "min": 215.33203125,
        "stdev": 684.883056641
    },
    "spectral_skewness": {
        "max": 3.62077736855,
        "mean": 1.50737929344,
        "min": 0.305693805218,
        "stdev": 0.313757956028
    },
    "spectral_spread": {
        "max": 13958579,
        "mean": 3616871.5,
        "min": 2134411.5,
        "stdev": 846131.25
    },
    "spectral_strongpeak": {
        "max": 10.6365566254,
        "mean": 2.13941335678,
        "min": 0.035878572613,
        "stdev": 1.67227351665
    },
    "zerocrossingrate": {
        "max": 0.14404296875,
        "mean": 0.0575711727142,
        "min": 0.0185546875,
        "stdev": 0.0152283878997
    },
    "barkbands": {
        "max": [0.000974633265287, 0.0179799515754, 0.0169182885438, 0.0332662090659, 0.0559366568923, 0.0177812688053, 0.0220370069146, 0.0259178709239, 0.0338631980121, 0.0452769435942, 0.0330535806715, 0.0213796794415, 0.0211623068899, 0.0206165276468, 0.015265612863, 0.0148319089785, 0.0100198397413, 0.00687595643103, 0.00953231099993, 0.002871790668, 0.00213816994801, 0.00150851230137, 0.000808452314232, 0.000843179121148, 0.000799443339929, 4.29489118687e-05, 6.55644225844e-06],
        "mean": [8.05411473266e-05, 0.00168371270411, 0.00151367415674, 0.0020914466586, 0.00408905232325, 0.00179271097295, 0.00218449509703, 0.00134108867496, 0.00273942505009, 0.00318670715205, 0.00217768154107, 0.00147137721069, 0.000856599945109, 0.00135152367875, 0.000662436475977, 0.000784920644946, 0.000787833647337, 0.000778636371251, 0.000524734845385, 0.000233116923482, 0.000147243670654, 0.000163638804224, 6.05240056757e-05, 4.63438045699e-05, 1.90080190805e-05, 3.94103744839e-06, 4.54509407888e-09],
        "min": [1.31372148715e-08, 5.86639771427e-06, 7.09312280378e-06, 3.63672234016e-06, 3.67950487998e-05, 2.80483072856e-05, 1.83031315828e-05, 1.87182286027e-05, 9.42356564337e-06, 1.00389370346e-05, 6.20442369836e-06, 9.3608541647e-06, 1.36465550895e-05, 1.75455497811e-05, 1.13394926302e-05, 6.44195006316e-06, 6.88655336489e-06, 1.86512788787e-05, 1.20438371596e-05, 7.11906204742e-06, 2.3937120659e-06, 2.40157555709e-06, 1.09263953618e-06, 3.92436191987e-07, 5.48359544439e-08, 4.94167693432e-08, 1.09612194321e-10],
        "stdev": [8.52452940308e-05, 0.00153429678176, 0.00169951550197, 0.00359982205555, 0.00592689355835, 0.00204622326419, 0.0027820088435, 0.00202932953835, 0.00345360534266, 0.00538363307714, 0.00379328452982, 0.00232066144235, 0.00155724456999, 0.00199688971043, 0.00108936848119, 0.00140586530324, 0.00133185100276, 0.000774693384301, 0.00070697593037, 0.000267950963462, 0.000171423496795, 0.00018541769532, 6.79790318827e-05, 6.81898527546e-05, 4.41647935077e-05, 4.54861265098e-06, 1.43000789876e-07]
    },
    "erbbands": {
        "max": [0.300794363022, 4.95762348175, 18.4383926392, 46.9524154663, 304.189453125, 76.6566772461, 104.048881531, 192.039840698, 287.309448242, 324.863372803, 544.414123535, 807.648376465, 1867.53796387, 958.485717773, 1005.80023193, 587.764526367, 1187.35375977, 1240.48083496, 695.427307129, 626.883544922, 860.005493164, 667.827453613, 433.629699707, 410.710845947, 340.258728027, 101.062919617, 84.052947998, 71.4500579834, 58.4327011108, 23.9545631409, 25.7472667694, 16.1560020447, 16.4343338013, 14.2527637482, 3.37132024765, 0.283393204212, 0.0625216364861, 0.00408788956702, 0.000936134834774, 0.000126331127831],
        "mean": [0.0364760272205, 0.426501333714, 1.66381335258, 3.93012857437, 15.3980798721, 9.15009403229, 11.6367492676, 17.0862236023, 27.6536941528, 30.331829071, 37.2218589783, 57.8071022034, 81.3967971802, 98.0325469971, 88.275604248, 45.6195983887, 39.5454483032, 58.4893455505, 50.5790481567, 33.8072090149, 47.2488517761, 47.6434364319, 45.1131515503, 33.9171829224, 21.1318454742, 9.88778305054, 6.61993789673, 5.91634273529, 6.84329128265, 2.58115625381, 1.66209053993, 1.18635940552, 0.623145103455, 0.270546138287, 0.105893626809, 0.0310488175601, 0.00501241907477, 0.000203197952942, 2.46345862251e-05, 3.79851517209e-05],
        "min": [0.000343759194948, 0.00235767732374, 0.0080834608525, 0.0150164598599, 0.0527428649366, 0.143004640937, 0.109523683786, 0.342677086592, 0.31085985899, 0.503947734833, 0.667780399323, 0.231831848621, 0.468683868647, 0.784263849258, 0.944261133671, 0.896957099438, 0.895503759384, 1.34808135033, 1.10679447651, 0.751064062119, 0.700919926167, 0.614049375057, 1.15158700943, 1.03257834911, 0.533651053905, 0.32078102231, 0.136470556259, 0.142870798707, 0.099080324173, 0.0733970850706, 0.0291330963373, 0.0133713986725, 0.0035918042995, 0.000783222028986, 0.000401045166655, 0.000273682322586, 7.3756214988e-05, 9.181760106e-06, 1.78603806944e-06, 1.11193412522e-06],
        "stdev": [0.0308794472367, 0.413017094135, 1.74015629292, 4.89102363586, 32.0118789673, 9.10372638702, 12.7113447189, 22.1237812042, 34.0095176697, 37.7225151062, 48.4656677246, 82.8463363647, 111.365455627, 120.616088867, 139.031311035, 63.5850944519, 71.4036102295, 95.7166061401, 66.4752578735, 46.7865371704, 88.4010009766, 74.6672897339, 47.2936439514, 35.7464752197, 30.382976532, 10.5808563232, 7.63325166702, 6.26028633118, 8.15802764893, 2.76697802544, 1.89609229565, 1.48107624054, 1.24829816818, 0.746137022972, 0.166463345289, 0.0350688509643, 0.00613031210378, 0.000322675274219, 2.3122105631e-05, 1.34854908538e-05]
    },
    "gfcc": {
        "mean": [25.0497741699, 112.869361877, -148.846038818, 32.8856887817, -66.3768692017, 14.2664747238, -35.5641937256, 11.2710952759, -23.1349582672, -6.0575709343, -14.2259435654, -3.10053563118, -7.48455190659],
        "cov": [[546.862060547, -193.205337524, -56.4513473511, 108.596305847, 16.3711166382, 14.6923475266, -35.9416770935, -8.36413097382, -9.64057350159, -22.2462043762, -41.1749305725, 15.0235357285, -11.3766813278], [-193.205337524, 284.527374268, 13.6472568512, -88.9387741089, 72.2634124756, -40.0825767517, 43.2955245972, 20.5896244049, 20.5879611969, -1.59983336926, 44.9790840149, -4.26150941849, 7.04860973358], [-56.4513473511, 13.6472568512, 341.834747314, 2.99078130722, -50.4533729553, 9.12038993835, -54.8220977783, 34.5796203613, -54.6001930237, 34.3466377258, -83.5112838745, -22.5054931641, -9.6265039444], [108.596305847, -88.9387741089, 2.99078130722, 182.201965332, 13.8599081039, -15.4650239944, -58.9630889893, -20.3514595032, 33.4584579468, -31.7547245026, -14.8679771423, -10.748670578, -1.08443820477], [16.3711166382, 72.2634124756, -50.4533729553, 13.8599081039, 142.397918701, -14.5713844299, -19.4714126587, 30.1192398071, 17.9486217499, -13.3991861343, 7.76020145416, 9.7358455658, -3.20115160942], [14.6923475266, -40.0825767517, 9.12038993835, -15.4650239944, -14.5713844299, 147.610351562, 79.1991195679, -49.435836792, -51.2122917175, 2.0628786087, 22.9527492523, 2.33338165283, -0.735250711441], [-35.9416770935, 43.2955245972, -54.8220977783, -58.9630889893, -19.4714126587, 79.1991195679, 168.359451294, -6.03035831451, -28.8957710266, -3.14073300362, 25.4362926483, 12.3645896912, 6.73646354675], [-8.36413097382, 20.5896244049, 34.5796203613, -20.3514595032, 30.1192398071, -49.435836792, -6.03035831451, 138.885131836, 56.3422279358, 5.47996807098, -25.3813533783, 3.94284701347, 7.40767240524], [-9.64057350159, 20.5879611969, -54.6001930237, 33.4584579468, 17.9486217499, -51.2122917175, -28.8957710266, 56.3422279358, 122.308273315, 21.3954792023, 6.29151725769, 2.76440477371, 13.9974718094], [-22.2462043762, -1.59983336926, 34.3466377258, -31.7547245026, -13.3991861343, 2.0628786087, -3.14073300362, 5.47996807098, 21.3954792023, 100.157318115, 19.4457778931, -0.393977195024, -0.640496432781], [-41.1749305725, 44.9790840149, -83.5112838745, -14.8679771423, 7.76020145416, 22.9527492523, 25.4362926483, -25.3813533783, 6.29151725769, 19.4457778931, 134.282852173, 34.905708313, -6.77261161804], [15.0235357285, -4.26150941849, -22.5054931641, -10.748670578, 9.7358455658, 2.33338165283, 12.3645896912, 3.94284701347, 2.76440477371, -0.393977195024, 34.905708313, 75.1786422729, 20.474489212], [-11.3766813278, 7.04860973358, -9.6265039444, -1.08443820477, -3.20115160942, -0.735250711441, 6.73646354675, 7.40767240524, 13.9974718094, -0.640496432781, -6.77261161804, 20.474489212, 59.63306427]],
        "icov": [[0.00277321296744, 0.00131463189609, 0.000828060961794, -0.00124322017655, -0.000594789162278, -0.000229551384109, 0.000147928032675, -0.000543736270629, 0.000951842579525, -0.000492286751978, 0.00107137591112, -0.00106284755748, 0.000758704380132], [0.00131463189609, 0.0203433129936, -0.013612460345, 0.0131272627041, -0.017083927989, 0.0146700292826, -0.0139231048524, 0.0137400273234, -0.0147366039455, 0.0115081686527, -0.0138514256105, 0.0108791394159, -0.00670837331563], [0.000828060961794, -0.013612460345, 0.0161654371768, -0.0113162267953, 0.0140040172264, -0.0124440593645, 0.0128406016156, -0.014081729576, 0.0158410612494, -0.0118541764095, 0.0134441293776, -0.00899275857955, 0.005836579483], [-0.00124322017655, 0.0131272627041, -0.0113162267953, 0.0181736424565, -0.0121969496831, 0.00945654790848, -0.00770012801513, 0.0131367705762, -0.0156734343618, 0.0121517209336, -0.0103590749204, 0.00887845270336, -0.00500059779733], [-0.000594789162278, -0.017083927989, 0.0140040172264, -0.0121969496831, 0.0231633167714, -0.0137420827523, 0.0140517186373, -0.0152682559565, 0.0141502572224, -0.00981136318296, 0.0122310025617, -0.0106248753145, 0.00693819159642], [-0.000229551384109, 0.0146700292826, -0.0124440593645, 0.00945654790848, -0.0137420827523, 0.0231099277735, -0.0165698770434, 0.0141501277685, -0.00967943575233, 0.0083435093984, -0.0125566301867, 0.00948856584728, -0.00627557421103], [0.000147928032675, -0.0139231048524, 0.0128406016156, -0.00770012801513, 0.0140517186373, -0.0165698770434, 0.0209017861634, -0.0132368002087, 0.0128042409196, -0.00821128021926, 0.0104930726811, -0.00874727871269, 0.00454118801281], [-0.000543736270629, 0.0137400273234, -0.014081729576, 0.0131367705762, -0.0152682559565, 0.0141501277685, -0.0132368002087, 0.0240690540522, -0.0193316880614, 0.0109847234562, -0.00942696351558, 0.00747871538624, -0.00488457176834], [0.000951842579525, -0.0147366039455, 0.0158410612494, -0.0156734343618, 0.0141502572224, -0.00967943575233, 0.0128042409196, -0.0193316880614, 0.0298927109689, -0.0154551723972, 0.0112307192758, -0.00828618183732, 0.00272871530615], [-0.000492286751978, 0.0115081686527, -0.0118541764095, 0.0121517209336, -0.00981136318296, 0.0083435093984, -0.00821128021926, 0.0109847234562, -0.0154551723972, 0.0212580878288, -0.0119414385408, 0.00811947695911, -0.00429544923827], [0.00107137591112, -0.0138514256105, 0.0134441293776, -0.0103590749204, 0.0122310025617, -0.0125566301867, 0.0104930726811, -0.00942696351558, 0.0112307192758, -0.0119414385408, 0.022691057995, -0.0143580203876, 0.00905329268426], [-0.00106284755748, 0.0108791394159, -0.00899275857955, 0.00887845270336, -0.0106248753145, 0.00948856584728, -0.00874727871269, 0.00747871538624, -0.00828618183732, 0.00811947695911, -0.0143580203876, 0.0249361991882, -0.0113332401961], [0.000758704380132, -0.00670837331563, 0.005836579483, -0.00500059779733, 0.00693819159642, -0.00627557421103, 0.00454118801281, -0.00488457176834, 0.00272871530615, -0.00429544923827, 0.00905329268426, -0.0113332401961, 0.0231797154993]]
    },
    "melbands": {
        "max": [0.0034882533364, 0.00808214582503, 0.0174305588007, 0.0139245456085, 0.00348676787689, 0.00387468212284, 0.00370312714949, 0.00350480992347, 0.00369304930791, 0.0058965831995, 0.00919348374009, 0.00499167991802, 0.00421949382871, 0.0029704333283, 0.00238347100094, 0.00203980249353, 0.00249854219146, 0.00134626659565, 0.00154518347699, 0.000754870998207, 0.00139227241743, 0.000815129897092, 0.000524212606251, 0.000333022180712, 0.000397460942622, 0.000251813064096, 0.00020591118664, 7.21511751181e-05, 5.57926432521e-05, 5.69164985791e-05, 4.01270663133e-05, 4.49999824923e-05, 2.22304315685e-05, 1.3718392438e-05, 1.60443069035e-05, 1.34202737172e-05, 8.78492846823e-06, 1.31965471155e-05, 1.34895963129e-05, 1.29314212245e-05],
        "mean": [0.000397165014874, 0.000763014599215, 0.00111249240581, 0.000895404780749, 0.000397887866711, 0.000379931501811, 0.00043763499707, 0.00033089731005, 0.000312774587655, 0.000380935816793, 0.00043696060311, 0.000429175037425, 0.00030468578916, 0.000196995722945, 7.6407333836e-05, 9.8223114037e-05, 0.000108751817606, 8.96109777386e-05, 5.55460428586e-05, 4.06087638112e-05, 5.73335128138e-05, 4.89755948365e-05, 3.93868613173e-05, 4.03955345973e-05, 2.63588972302e-05, 1.90059745364e-05, 1.15047432701e-05, 5.23371772942e-06, 4.23780829806e-06, 3.38675818057e-06, 3.44857676282e-06, 4.56784573544e-06, 2.07269476959e-06, 1.18661307624e-06, 9.87308226286e-07, 8.03225645996e-07, 7.07705055447e-07, 4.80698247429e-07, 2.96334604855e-07, 2.00106640591e-07],
        "min": [3.82294319934e-06, 3.82434973289e-06, 3.51853896063e-06, 7.08949210093e-06, 2.56047201219e-06, 7.85603697295e-06, 4.41406882601e-06, 4.35137690147e-06, 4.08225423598e-06, 1.24622272324e-06, 2.40321696765e-06, 3.1571441923e-06, 2.68322582997e-06, 1.21459936508e-06, 6.67932113174e-07, 1.02144429093e-06, 1.88312719729e-06, 1.07702771857e-06, 7.35500407245e-07, 3.81597885735e-07, 7.62320723879e-07, 3.76330945073e-07, 5.81441213399e-07, 9.60391844274e-07, 7.18778551345e-07, 4.61423212528e-07, 1.28512979813e-07, 1.56923036343e-07, 7.76036799266e-08, 5.73987648522e-08, 8.81918467144e-08, 5.25130303686e-08, 3.28944338435e-08, 3.47211930318e-08, 1.83909367735e-08, 8.79038886126e-09, 7.40740846439e-09, 2.92324364715e-09, 5.74061520542e-10, 6.22900508951e-10],
        "stdev": [0.000336324417731, 0.000732483807951, 0.00181616819464, 0.00143985904288, 0.000426832062658, 0.000455241010059, 0.000516165979207, 0.000389131746488, 0.000418674928369, 0.000562775472645, 0.000627451110631, 0.000573852506932, 0.000539527274668, 0.000318275531754, 0.000150053281686, 0.000169930644915, 0.000186760516954, 0.000138550050906, 9.90242770058e-05, 6.61555750412e-05, 0.000127691731905, 8.490862092e-05, 5.51068478671e-05, 4.0420138248e-05, 3.10653194902e-05, 2.69357806246e-05, 1.83866322914e-05, 5.8075988818e-06, 4.94113373861e-06, 4.22441553383e-06, 3.98098563892e-06, 5.7466936596e-06, 2.63175138571e-06, 1.30863531922e-06, 1.16287776564e-06, 1.02868034446e-06, 9.15771806831e-07, 9.34824129217e-07, 7.88687259501e-07, 6.01079420903e-07]
    },
    "melbands128": {
        "max": [0.000630485184956, 0.00232777651399, 0.00420994637534, 0.0103130992502, 0.0107396226376, 0.0081483758986, 0.00623359624296, 0.024394614622, 0.0410805717111, 0.012395337224, 0.00526121817529, 0.00575403030962, 0.00482615968212, 0.00389767671004, 0.00438847858459, 0.00776752037928, 0.00729323783889, 0.0046673300676, 0.0095051471144, 0.00604548305273, 0.00690966751426, 0.00876563601196, 0.00584440305829, 0.00735793123022, 0.00587967131287, 0.0133954342455, 0.00830854289234, 0.0172487944365, 0.0136633859947, 0.0096007026732, 0.00577584700659, 0.00820980314165, 0.00849154032767, 0.00513241719455, 0.00673177605495, 0.00403877859935, 0.00249021337368, 0.00533639686182, 0.00313204689883, 0.00623440695927, 0.00385406962596, 0.00361264497042, 0.00593278417364, 0.00180885428563, 0.00289446953684, 0.00281759374775, 0.00202365894802, 0.00364851718768, 0.00140075827949, 0.0023403801024, 0.000984202953987, 0.00227965926751, 0.00189129426144, 0.00342065980658, 0.00143615505658, 0.0018711675657, 0.00164087594021, 0.00126472499687, 0.00081739120651, 0.00103656994179, 0.000723941018805, 0.000625942426268, 0.000785183568951, 0.00101051025558, 0.000638759927824, 0.000381271878723, 0.000651379232295, 0.000606330868322, 0.000422131357482, 0.000188691876247, 0.000110326574941, 8.09857301647e-05, 5.83369219385e-05, 8.76365375007e-05, 8.19627966848e-05, 6.54803152429e-05, 5.25788746017e-05, 5.91128336964e-05, 5.40610562894e-05, 9.97230526991e-05, 8.47317205626e-05, 8.34324673633e-05, 8.36710241856e-05, 4.23207820859e-05, 1.61836687766e-05, 1.39673729791e-05, 1.86093911907e-05, 1.73088192241e-05, 1.74069919012e-05, 1.54322897288e-05, 1.68764963746e-05, 1.80786737474e-05, 1.45205494846e-05, 1.2155519471e-05, 1.43506395034e-05, 1.83730935532e-05, 2.58056552411e-05, 1.83802821994e-05, 1.26045852085e-05, 1.96878263523e-05, 1.56002315634e-05, 1.66856316355e-05, 1.14077220132e-05, 8.25980532682e-06, 1.86521799606e-06, 1.73399348569e-06, 1.26946838463e-06, 1.05794197225e-06, 6.06102162237e-07, 5.25826408193e-07, 4.53147805501e-07, 2.9255534173e-07, 1.99940771495e-07, 1.44964232618e-07, 8.34433961927e-08, 3.23924282952e-08, 3.13540873265e-08, 3.06145473417e-08, 2.98378957098e-08, 2.90754051946e-08, 2.83581087501e-08, 2.77758562817e-08, 2.71801035012e-08, 2.67259885334e-08, 2.6330502223e-08, 2.59608938791e-08, 2.57582399854e-08, 2.56220982209e-08],
        "mean": [6.44459578325e-05, 0.000249596429057, 0.000485684344312, 0.000771797262132, 0.000872777309269, 0.000706703052856, 0.000536345003638, 0.00136058509815, 0.00190969987307, 0.000751055078581, 0.000379578996217, 0.000446728692623, 0.000430321175372, 0.000287831469905, 0.00036469992483, 0.000429861509474, 0.000443280732725, 0.000408182066167, 0.00050394248683, 0.0002823054092, 0.000284440058749, 0.000362245249562, 0.000257494248217, 0.00038127481821, 0.00030268530827, 0.000488606397994, 0.000309316063067, 0.000239222295932, 0.000812241982203, 0.000501849339344, 0.000264406990027, 0.000342465820722, 0.000319372600643, 0.000246435723966, 0.000321781495586, 0.000152118125698, 4.12428198615e-05, 0.000100378405477, 6.85755294398e-05, 7.7861797763e-05, 0.000103391168523, 0.000127585168229, 0.00011520942644, 7.32255502953e-05, 0.00015341649123, 8.14635641291e-05, 3.43051651726e-05, 7.67700330471e-05, 5.39016618859e-05, 2.3104948923e-05, 4.42893760919e-05, 5.03575611219e-05, 6.34490570519e-05, 6.62257662043e-05, 2.81233933492e-05, 5.73975848965e-05, 5.42584530194e-05, 3.8691516238e-05, 2.93869252346e-05, 4.9456510169e-05, 4.24789577664e-05, 3.67772299796e-05, 2.28450990107e-05, 2.35075549426e-05, 3.15495854011e-05, 1.86320175999e-05, 1.18695106721e-05, 1.35382169901e-05, 1.28062038129e-05, 6.67273207e-06, 4.21676259066e-06, 5.68563564229e-06, 3.9245892367e-06, 4.13356565332e-06, 4.32488286606e-06, 3.19281639349e-06, 3.0587098081e-06, 3.23830408888e-06, 3.15751140079e-06, 3.99447435484e-06, 5.24111374034e-06, 5.02551574755e-06, 2.60274509856e-06, 1.90557909718e-06, 1.39749442951e-06, 1.17114689147e-06, 1.14146621399e-06, 1.16210435408e-06, 9.67348796621e-07, 8.65070603595e-07, 8.75443163295e-07, 7.61743422117e-07, 7.3083577945e-07, 6.95269818607e-07, 7.60485761475e-07, 5.41011672794e-07, 4.42291195668e-07, 3.39065081789e-07, 2.98006114008e-07, 2.76483632433e-07, 2.38445636569e-07, 1.89429712805e-07, 1.5180587809e-07, 1.36580595722e-07, 1.23355064829e-07, 9.64459800912e-08, 8.6750645778e-08, 6.87847290237e-08, 4.89780482837e-08, 3.4008827754e-08, 2.96263387156e-08, 1.91781079906e-08, 1.45622784942e-08, 5.56014656539e-09, 2.38654029872e-09, 2.00058442035e-10, 3.5331747944e-11, 1.9684929034e-11, 1.91915303094e-11, 1.86937531427e-11, 1.82140569988e-11, 1.78519109217e-11, 1.75065968666e-11, 1.71868456966e-11, 1.6764718086e-11, 1.62414977301e-11, 1.59512680842e-11, 1.58427333752e-11],
        "min": [1.25252306304e-08, 9.36378569349e-07, 2.02482874556e-06, 1.38743973821e-06, 1.56410169438e-06, 3.60972580893e-06, 2.75513230008e-06, 2.0082404717e-06, 1.15850343718e-06, 8.98298139873e-07, 4.40007795532e-07, 8.2986440475e-07, 8.80099435108e-07, 2.55729560195e-06, 2.33679429584e-06, 1.09489951683e-06, 2.32711499848e-06, 8.69605116804e-07, 1.16069463729e-06, 6.52187850392e-07, 1.05135791273e-06, 1.02388094092e-06, 2.46033096118e-07, 9.5463803973e-07, 1.14576425858e-06, 6.01116084908e-07, 4.9336875918e-07, 9.71639792624e-07, 7.03011892256e-07, 7.10366350631e-07, 3.08447113184e-07, 2.51173361221e-07, 4.84960708036e-07, 4.94301104936e-07, 4.01848268439e-07, 2.41711035187e-07, 1.60404951544e-07, 4.9173121397e-07, 1.99409413426e-07, 1.17095183327e-07, 1.34907395477e-07, 2.8120931006e-07, 8.35170652635e-08, 3.03370256916e-07, 3.28117607751e-07, 3.10134026904e-07, 2.26678835702e-07, 1.76410239305e-07, 5.49800454053e-08, 1.52568446765e-07, 1.6345667575e-07, 1.48960182855e-07, 1.14872015899e-07, 1.35513019472e-07, 9.518019084e-08, 1.89006300388e-07, 6.85228940256e-08, 2.47633806794e-07, 1.72112336827e-07, 2.06277945836e-07, 1.31416626914e-07, 2.2743979855e-07, 1.08056738668e-07, 1.97592171958e-07, 3.48705725628e-07, 1.31377888124e-07, 9.99844971261e-08, 4.30889173231e-08, 4.70938559261e-08, 2.14951789701e-08, 5.49982068776e-08, 4.30007389696e-08, 1.90443998349e-08, 4.07754932041e-08, 7.76218413989e-08, 3.42195924929e-08, 1.7694244292e-08, 2.43089086638e-08, 2.43514541864e-08, 3.39093908508e-08, 3.36965726433e-08, 2.86702910302e-08, 1.62198290354e-08, 1.23204300095e-08, 7.7073840643e-09, 1.56077089031e-08, 1.00517709711e-08, 7.35584704259e-09, 1.15837295311e-08, 1.58668491679e-08, 8.96361118663e-09, 4.44813208489e-09, 7.73225217188e-09, 8.66655192056e-09, 3.3061116067e-09, 1.80838433117e-09, 1.70164782265e-09, 9.03381147666e-10, 3.48405748696e-10, 1.4189099895e-10, 1.39056363646e-10, 5.1488280306e-10, 2.60922169287e-11, 4.82324791218e-10, 4.05025291084e-10, 2.92365243126e-10, 2.86529550086e-10, 2.98602836901e-10, 1.7527176932e-10, 1.19701540346e-10, 9.28999238647e-11, 1.59980026188e-12, 7.51986526434e-13, 4.51453869947e-13, 3.25601199648e-13, 3.46096876202e-13, 2.83289179875e-13, 3.06616250402e-13, 3.31991161992e-13, 2.83485501783e-13, 3.50368063555e-13, 2.66913037896e-13, 3.20298881818e-13, 3.57071522957e-13, 2.7167390516e-13, 8.96580579961e-14, 1.16259701993e-14, 3.78066962079e-16],
        "stdev": [7.21057294868e-05, 0.000245071249083, 0.00046407818445, 0.00082595681306, 0.000973680813331, 0.00082264962839, 0.000671915826388, 0.00264400825836, 0.00434051221237, 0.00119053153321, 0.00047345913481, 0.000630191876553, 0.000572697957978, 0.000355595897418, 0.000578123843297, 0.000792834558524, 0.000771964725573, 0.000569590367377, 0.000998936593533, 0.000503537303302, 0.000457483984064, 0.000735204608645, 0.000461913732579, 0.000755361514166, 0.000570043455809, 0.00108499918133, 0.000531225698069, 0.000647245906293, 0.0016377242282, 0.000987719511613, 0.000545536808204, 0.000772301398683, 0.000970501045231, 0.000523794034962, 0.000646327680442, 0.000351539958501, 0.000136285932967, 0.000245178729529, 0.000208494762774, 0.000292598793749, 0.000233747516177, 0.000339203717886, 0.000346284185071, 0.000179386872333, 0.000299664156046, 0.000170071725734, 0.000109537388198, 0.000173169304617, 0.000120253847854, 8.22208967293e-05, 8.81723317434e-05, 0.000131786757265, 0.000162312906468, 0.000230515390285, 8.70028598001e-05, 0.000139829833643, 0.000115431736049, 0.000102400052128, 5.75722988287e-05, 8.05169838713e-05, 6.07196489e-05, 6.30669092061e-05, 4.1393974243e-05, 5.39197135367e-05, 5.52997553314e-05, 3.66042586393e-05, 3.730966273e-05, 3.52280549123e-05, 2.36932173721e-05, 1.36529579322e-05, 7.34092236598e-06, 7.5377029134e-06, 4.96207348988e-06, 7.13086092219e-06, 6.75936644257e-06, 5.13581653649e-06, 4.2041983761e-06, 4.75417891721e-06, 5.11863618158e-06, 7.00640703144e-06, 8.3327295215e-06, 8.73133649293e-06, 4.70395843877e-06, 3.16296791425e-06, 1.90205969375e-06, 1.55037753302e-06, 1.51884773913e-06, 1.58276282036e-06, 1.30115699903e-06, 1.15913110221e-06, 1.21597713587e-06, 1.17847605452e-06, 1.0675358908e-06, 1.0068647498e-06, 1.13726468953e-06, 9.44597900343e-07, 1.21833477351e-06, 9.19326282656e-07, 7.76561080329e-07, 8.72968257681e-07, 7.36061508633e-07, 6.44987892429e-07, 4.45550995209e-07, 2.95974444953e-07, 1.56294163389e-07, 1.19076169369e-07, 1.11442091111e-07, 8.7301145868e-08, 6.25382341468e-08, 4.91930087776e-08, 3.97093238291e-08, 2.43316566895e-08, 2.16926672181e-08, 1.45058249856e-08, 7.38499217334e-09, 9.39147981605e-10, 6.89089729722e-10, 6.67660038367e-10, 6.50726694751e-10, 6.34099106556e-10, 6.1845756294e-10, 6.05756889094e-10, 5.92761562057e-10, 5.82860315568e-10, 5.74240432982e-10, 5.66187208229e-10, 5.61770796548e-10, 5.58801893646e-10]
    },
    "mfcc": {
        "mean": [-604.916259766, 131.388717651, -19.0036697388, 18.9255466461, -7.0698261261, -0.501787006855, -2.4656484127, 10.8116407394, -2.32416796684, -0.0463133305311, 0.0128163760528, -4.2260761261, -8.56434249878],
        "cov": [[659.228820801, -288.704742432, -110.972167969, 65.8450317383, 36.7924423218, 34.7940673828, -46.7207756042, 34.4467048645, -17.429397583, -2.07922196388, -38.5396194458, -20.1243724823, 14.4888238907], [-288.704742432, 398.062835693, -47.042552948, -45.8126869202, 2.03917860985, -61.9029541016, 49.9269332886, 1.73145925999, 13.3851833344, 4.88516187668, 41.4204559326, 9.5617017746, 9.23460102081], [-110.972167969, -47.042552948, 331.076416016, -8.29557800293, -22.0601463318, 18.3189964294, 17.3613758087, -56.9652175903, 26.9251804352, -7.57637691498, -13.1009626389, -15.7729406357, -30.7453765869], [65.8450317383, -45.8126869202, -8.29557800293, 146.707595825, 75.062828064, -44.481552124, -75.4897689819, 4.14711666107, 19.0742092133, 4.67742681503, -9.26058959961, -4.45658540726, 12.6618881226], [36.7924423218, 2.03917860985, -22.0601463318, 75.062828064, 189.847763062, -58.7949752808, -69.7892990112, 0.967483520508, 2.47095870972, 1.01492440701, -3.95326495171, 2.39308214188, 21.0931682587], [34.7940673828, -61.9029541016, 18.3189964294, -44.481552124, -58.7949752808, 169.51071167, 71.6346740723, -9.0267162323, -37.110748291, -22.5730628967, -11.6707906723, -12.7161827087, -21.6852054596], [-46.7207756042, 49.9269332886, 17.3613758087, -75.4897689819, -69.7892990112, 71.6346740723, 157.850250244, 21.8080482483, -26.8323631287, -12.383477211, -2.49727582932, -7.50887584686, -16.6110610962], [34.4467048645, 1.73145925999, -56.9652175903, 4.14711666107, 0.967483520508, -9.0267162323, 21.8080482483, 117.588218689, 6.03293943405, -13.4439029694, 6.15528106689, -5.48175573349, -12.425538063], [-17.429397583, 13.3851833344, 26.9251804352, 19.0742092133, 2.47095870972, -37.110748291, -26.8323631287, 6.03293943405, 125.577529907, 34.4880180359, -17.0677146912, -14.0698213577, -13.4069156647], [-2.07922196388, 4.88516187668, -7.57637691498, 4.67742681503, 1.01492440701, -22.5730628967, -12.383477211, -13.4439029694, 34.4880180359, 92.4497299194, 11.4088153839, -6.34610462189, 7.6791844368], [-38.5396194458, 41.4204559326, -13.1009626389, -9.26058959961, -3.95326495171, -11.6707906723, -2.49727582932, 6.15528106689, -17.0677146912, 11.4088153839, 83.3388442993, 21.2929210663, -9.49926376343], [-20.1243724823, 9.5617017746, -15.7729406357, -4.45658540726, 2.39308214188, -12.7161827087, -7.50887584686, -5.48175573349, -14.0698213577, -6.34610462189, 21.2929210663, 82.2985458374, 32.2746086121], [14.4888238907, 9.23460102081, -30.7453765869, 12.6618881226, 21.0931682587, -21.6852054596, -16.6110610962, -12.425538063, -13.4069156647, 7.6791844368, -9.49926376343, 32.2746086121, 97.4524765015]],
        "icov": [[0.00270446296781, 0.00207144487649, 0.00115780031774, -0.000424789090175, -0.00032045005355, -2.68705025519e-05, -0.000302497093799, -0.000191941711819, -6.82608224452e-05, 9.9607554148e-05, 7.62046329328e-05, 0.000734615372494, -0.000443668395746], [0.00207144487649, 0.00508812628686, 0.00156801007688, 0.000544065085705, -0.000729777966626, 0.00194681854919, -0.00242367805913, 0.000895267759915, -0.00114122615196, 0.000979073229246, -0.00191805500071, 0.00112244696356, -0.000866782385856], [0.00115780031774, 0.00156801007688, 0.00428875535727, -0.000300719053484, -8.58331477502e-05, 0.00044225261081, -0.00136579375248, 0.00232864520513, -0.00133352552075, 0.0010853682179, -0.000257462845184, 0.000637155433651, 0.000747413781937], [-0.000424789090175, 0.000544065085705, -0.000300719053484, 0.0106599405408, -0.00265721441247, 0.000591026095208, 0.0034041183535, -0.000961212615948, -0.000654315459542, 0.000199828195036, 0.000350687332684, 0.00083640642697, -0.000652548740618], [-0.00032045005355, -0.000729777966626, -8.58331477502e-05, -0.00265721441247, 0.00746722798795, 0.00114583061077, 0.00184961350169, -0.000272322708042, 0.00105819967575, 0.000156090114615, 0.00057916570222, 0.000205208416446, -0.000523987982888], [-2.68705025519e-05, 0.00194681854919, 0.00044225261081, 0.000591026095208, 0.00114583061077, 0.00963153876364, -0.0040059639141, 0.00188512506429, 0.00135649298318, 0.00140875694342, 0.000276889331872, 0.00092409393983, 0.00113154423889], [-0.000302497093799, -0.00242367805913, -0.00136579375248, 0.0034041183535, 0.00184961350169, -0.0040059639141, 0.0122688580304, -0.00356940366328, 0.00218680361286, -0.00113593856804, 0.00203914917074, -3.86069987144e-05, 0.00034776510438], [-0.000191941711819, 0.000895267759915, 0.00232864520513, -0.000961212615948, -0.000272322708042, 0.00188512506429, -0.00356940366328, 0.0111897708848, -0.0019933313597, 0.00273225270212, -0.00182612345088, 0.00085362768732, 0.00114976044279], [-6.82608224452e-05, -0.00114122615196, -0.00133352552075, -0.000654315459542, 0.00105819967575, 0.00135649298318, 0.00218680361286, -0.0019933313597, 0.0114677622914, -0.00469844788313, 0.00406013475731, -0.000334054930136, 0.00242828344926], [9.9607554148e-05, 0.000979073229246, 0.0010853682179, 0.000199828195036, 0.000156090114615, 0.00140875694342, -0.00113593856804, 0.00273225270212, -0.00469844788313, 0.0140850571916, -0.00414087902755, 0.0027236409951, -0.00241862051189], [7.62046329328e-05, -0.00191805500071, -0.000257462845184, 0.000350687332684, 0.00057916570222, 0.000276889331872, 0.00203914917074, -0.00182612345088, 0.00406013475731, -0.00414087902755, 0.0164939947426, -0.0052932696417, 0.00434030545875], [0.000734615372494, 0.00112244696356, 0.000637155433651, 0.00083640642697, 0.000205208416446, 0.00092409393983, -3.86069987144e-05, 0.00085362768732, -0.000334054930136, 0.0027236409951, -0.0052932696417, 0.0164685416967, -0.00609041191638], [-0.000443668395746, -0.000866782385856, 0.000747413781937, -0.000652548740618, -0.000523987982888, 0.00113154423889, 0.00034776510438, 0.00114976044279, 0.00242828344926, -0.00241862051189, 0.00434030545875, -0.00609041191638, 0.0142659517005]]
    },
    "spectral_contrast_coeffs": {
        "max": [-0.429363936186, -0.524518370628, -0.465033262968, -0.606146454811, -0.580430150032, -0.569717526436],
        "mean": [-0.704622387886, -0.724548757076, -0.677868783474, -0.738687455654, -0.74112123251, -0.727492690086],
        "min": [-0.860175609589, -0.896604776382, -0.946466267109, -0.895359277725, -0.869143903255, -0.868695557117],
        "stdev": [0.0689443051815, 0.059836704284, 0.0687044933438, 0.0502353012562, 0.0524557642639, 0.040632776916]
    },
    "spectral_contrast_valleys": {
        "max": [-5.37173986435, -4.89863538742, -5.69855928421, -6.20630025864, -5.8897485733, -8.38671016693],
        "mean": [-6.51444768906, -6.36420106888, -7.04857730865, -7.36760187149, -7.40840768814, -10.4362945557],
        "min": [-8.51059436798, -7.64916801453, -8.19730091095, -8.53416538239, -8.52395915985, -11.7692699432],
        "stdev": [0.410796225071, 0.395123511553, 0.372926533222, 0.367040038109, 0.386896878481, 0.530545175076]
    }
},
"rhythm": {
    "beats_count": 121,
    "beats_loudness": {
        "max": 0.0745929852128,
        "mean": 0.0368958935142,
        "min": 0.015482542105,
        "stdev": 0.010859743692
    },
    "bpm": 150.493927002,
    "bpm_histogram_first_peak_bpm": 152,
    "bpm_histogram_first_peak_weight": 0.41836732626,
    "bpm_histogram_second_peak_bpm": 144,
    "bpm_histogram_second_peak_spread": 0.3125,
    "bpm_histogram_second_peak_weight": 0.0916666686535,
    "danceability": 1.46597921848,
    "onset_rate": 2.3994140625,
    "beats_loudness_band_ratio": {
        "max": [0.886110842228, 0.672242939472, 0.682197451591, 0.709449291229, 0.539707481861, 0.142642721534],
        "mean": [0.317784070969, 0.182139486074, 0.19331894815, 0.252048134804, 0.111951321363, 0.0353631414473],
        "min": [0.0392255671322, 0.0258295778185, 0.0171742644161, 0.0106465965509, 0.0124803455546, 0.00349679985084],
        "stdev": [0.237274184823, 0.116413295269, 0.136790245771, 0.199896261096, 0.101616837084, 0.0236365739256]
    },
