{
"metadata": {
    "version": {
        "essentia": "2.1-beta5",
        "essentia_git_sha": "Undefined",
        "extractor": "music 2.0"
    },
    "audio_properties": {
        "analysis": {
            "equal_loudness": 0,
            "length": 26.7958278656,
            "sample_rate": 44100,
            "start_time": 175.240997314,
            "downmix": "mix"
        },
        "bit_rate": 192000,
        "length": 202.060043335,
        "lossless": 0,
        "number_channels": 2,
        "replay_gain": -2.45011329651,
        "sample_rate": 44100,
        "codec": "mp3",
        "md5_encoded": "8463b33ea5fc23485df2e782d40705a2"
    },
    "tags": {
        "file_name": "Russia_Vechni Stranik_Youddiph.mp3",
        "encoding": ["Lavf58.29.100"]
    }
},
"lowlevel": {
    "average_loudness": 0.873371243477,
    "barkbands_crest": {
        "max": 24.5976390839,
        "mean": 11.1389741898,
        "min": 3.60139107704,
        "stdev": 4.40998125076
    },
    "barkbands_flatness_db": {
        "max": 0.322325050831,
        "mean": 0.200679242611,
        "min": 0.0626451075077,
        "stdev": 0.0390767976642
    },
    "barkbands_kurtosis": {
        "max": 31.1379699707,
        "mean": 2.2654337883,
        "min": -1.75218331814,
        "stdev": 4.03021621704
    },
    "barkbands_skewness": {
        "max": 4.4119720459,
        "mean": 0.832920014858,
        "min": -2.4036962986,
        "stdev": 1.0526676178
    },
    "barkbands_spread": {
        "max": 42.2338905334,
        "mean": 12.5149307251,
        "min": 0.925031304359,
        "stdev": 6.72350740433
    },
    "dissonance": {
        "max": 0.500000059605,
        "mean": 0.452831834555,
        "min": 0.292741954327,
        "stdev": 0.0337891317904
    },
    "dynamic_complexity": 4.00393486023,
    "erbbands_crest": {
        "max": 31.1904640198,
        "mean": 14.0301113129,
        "min": 2.614798069,
        "stdev": 6.13449048996
    },
    "erbbands_flatness_db": {
        "max": 0.401107639074,
        "mean": 0.25332275033,
        "min": 0.0906910896301,
        "stdev": 0.0591899417341
    },
    "erbbands_kurtosis": {
        "max": 35.9136123657,
        "mean": 1.98691678047,
        "min": -1.47636520863,
        "stdev": 3.54874324799
    },
    "erbbands_skewness": {
        "max": 3.87074780464,
        "mean": 0.306895047426,
        "min": -2.11823701859,
        "stdev": 0.991318702698
    },
    "erbbands_spread": {
        "max": 66.4487457275,
        "mean": 17.4699459076,
        "min": 2.21632266045,
        "stdev": 9.87190723419
    },
    "hfc": {
        "max": 112.345977783,
        "mean": 19.1784362793,
        "min": 3.92012225348e-07,
        "stdev": 17.4589996338
    },
    "loudness_ebu128": {
        "integrated": -21.5974216461,
        "loudness_range": 8.15829658508,
        "momentary": {
            "max": -16.8064918518,
            "mean": -23.3503417969,
            "min": -38.811668396,
            "stdev": 4.48501491547
        },
        "short_term": {
            "max": -18.9708538055,
            "mean": -22.7860813141,
            "min": -31.7658481598,
            "stdev": 3.32423830032
        }
    },
    "melbands_crest": {
        "max": 30.6472854614,
        "mean": 13.8066635132,
        "min": 2.63183689117,
        "stdev": 4.84030342102
    },
    "melbands_flatness_db": {
        "max": 0.400046080351,
        "mean": 0.264254063368,
        "min": 0.00917686801404,
        "stdev": 0.0417798124254
    },
    "melbands_kurtosis": {
        "max": 53.0012969971,
        "mean": 4.56075763702,
        "min": -1.68424212933,
        "stdev": 6.61818265915
    },
    "melbands_skewness": {
        "max": 6.00871801376,
        "mean": 1.32887017727,
        "min": -1.88030385971,
        "stdev": 1.21193742752
    },
    "melbands_spread": {
        "max": 135.726669312,
        "mean": 18.0108127594,
        "min": 1.80381667614,
        "stdev": 10.4387388229
    },
    "pitch_salience": {
        "max": 0.909909188747,
        "mean": 0.53047066927,
        "min": 0.202072933316,
        "stdev": 0.123111963272
    },
    "silence_rate_20dB": {
        "max": 1,
        "mean": 1,
        "min": 1,
        "stdev": 0
    },
    "silence_rate_30dB": {
        "max": 1,
        "mean": 0.998268425465,
        "min": 0,
        "stdev": 0.0415764451027
    },
    "silence_rate_60dB": {
        "max": 1,
        "mean": 0.0796536803246,
        "min": 0,
        "stdev": 0.270757347345
    },
    "spectral_centroid": {
        "max": 3777.73364258,
        "mean": 969.406066895,
        "min": 262.698577881,
        "stdev": 325.032531738
    },
    "spectral_complexity": {
        "max": 40,
        "mean": 15.8233766556,
        "min": 0,
        "stdev": 7.19125986099
    },
    "spectral_decrease": {
        "max": -6.00921692806e-19,
        "mean": -6.22524964911e-09,
        "min": -3.27232676511e-08,
        "stdev": 4.72147743125e-09
    },
    "spectral_energy": {
        "max": 0.133694767952,
        "mean": 0.0252350345254,
        "min": 3.78246739485e-11,
        "stdev": 0.0192450620234
    },
    "spectral_energyband_high": {
        "max": 0.000289484014502,
        "mean": 3.28681890096e-05,
        "min": 2.65210700623e-11,
        "stdev": 3.64762236131e-05
    },
    "spectral_energyband_low": {
        "max": 0.0435065291822,
        "mean": 0.00423410721123,
        "min": 5.93618849822e-13,
        "stdev": 0.00615967949852
    },
    "spectral_energyband_middle_high": {
        "max": 0.114839732647,
        "mean": 0.0122767845169,
        "min": 6.19782220337e-12,
        "stdev": 0.0149916280061
    },
    "spectral_energyband_middle_low": {
        "max": 0.0922783613205,
        "mean": 0.00987126864493,
        "min": 1.07334258669e-12,
        "stdev": 0.0101968869567
    },
    "spectral_entropy": {
        "max": 8.75227832794,
        "mean": 7.01481294632,
        "min": 6.05000972748,
        "stdev": 0.305983781815
    },
    "spectral_flux": {
        "max": 0.266936808825,
        "mean": 0.0738029628992,
        "min": 5.00376117998e-05,
        "stdev": 0.0416681095958
    },
    "spectral_kurtosis": {
        "max": 37.1184768677,
        "mean": 12.4539070129,
        "min": 1.81744813919,
        "stdev": 6.77514362335
    },
    "spectral_rms": {
        "max": 0.011420766823,
        "mean": 0.00454668514431,
        "min": 1.92099250285e-07,
        "stdev": 0.0019867643714
    },
    "spectral_rolloff": {
        "max": 18453.9550781,
        "mean": 1116.34985352,
        "min": 129.19921875,
        "stdev": 728.305786133
    },
    "spectral_skewness": {
        "max": 4.35340595245,
        "mean": 2.27268528938,
        "min": 1.14030647278,
        "stdev": 0.577023267746
    },
    "spectral_spread": {
        "max": 10022100,
        "mean": 2305026.25,
        "min": 1182275.75,
        "stdev": 750957.9375
    },
    "spectral_strongpeak": {
        "max": 11.4517879486,
        "mean": 1.87833809853,
        "min": 0,
        "stdev": 2.01323485374
    },
    "zerocrossingrate": {
        "max": 0.51513671875,
        "mean": 0.0400272235274,
        "min": 0.00927734375,
        "stdev": 0.0189259648323
    },
    "barkbands": {
        "max": [0.00041132728802, 0.0323242172599, 0.027129214257, 0.0455100573599, 0.0361337214708, 0.0181569121778, 0.0293292626739, 0.0121333450079, 0.0482831262052, 0.110959134996, 0.0604842118919, 0.0360282920301, 0.0202538017184, 0.0134498625994, 0.0133126489818, 0.0116720749065, 0.00522640906274, 0.0036432496272, 0.000607434660196, 0.000243401460466, 0.000158373382874, 9.54455390456e-05, 3.35837139573e-05, 1.12103189167e-05, 1.24244832023e-06, 7.48815580209e-07, 2.29552782116e-07],
        "mean": [5.09968322149e-06, 0.00203380873427, 0.00162146764342, 0.00153513613623, 0.00157140800729, 0.00118567585014, 0.00158404861577, 0.000717090500984, 0.00236289971508, 0.00556607684121, 0.00219978764653, 0.00104641611688, 0.00123657111544, 0.00059582880931, 0.000735162524506, 0.000754914712161, 0.000254834623775, 0.00012609543046, 6.0265429056e-05, 2.02955361601e-05, 1.51734802785e-05, 3.51234552909e-06, 2.02794876714e-06, 9.16735302781e-07, 3.63696898376e-07, 1.69784399873e-07, 3.34980292394e-08],
        "min": [7.16605485888e-13, 1.92786447071e-13, 9.27752815435e-14, 5.82197796375e-14, 4.46204556051e-14, 1.43234518213e-13, 1.54874309449e-13, 1.56821794049e-13, 1.84120080293e-13, 5.68058404135e-13, 1.48033657815e-13, 4.62785517373e-13, 5.29621160296e-13, 4.08908882232e-13, 3.06812192839e-13, 1.1447563817e-12, 3.33031833447e-13, 9.71856926532e-13, 1.17308268134e-12, 9.00269171277e-13, 1.59419157562e-12, 1.82058730071e-12, 2.12943681785e-12, 3.5568032894e-12, 4.65955399265e-12, 5.60218538226e-12, 7.09279813702e-12],
        "stdev": [1.38598188641e-05, 0.00398512370884, 0.00296068866737, 0.00296195666306, 0.00270805647597, 0.00177793763578, 0.00288698240183, 0.00125748512801, 0.00547342933714, 0.0112396944314, 0.00663528358564, 0.00302898744121, 0.00230668764561, 0.00125420314725, 0.00133073783945, 0.00148658594117, 0.000489694182761, 0.000283425964881, 6.80636585457e-05, 2.58134441538e-05, 1.82611802302e-05, 5.61702654522e-06, 2.85580972559e-06, 8.64520984578e-07, 1.27292693719e-07, 3.25989795158e-08, 2.00416465646e-08]
    },
    "erbbands": {
        "max": [0.395650178194, 9.13097953796, 25.3773212433, 63.7936096191, 212.749404907, 70.7108612061, 106.565917969, 213.773269653, 507.911315918, 594.088012695, 331.54019165, 1269.57702637, 2245.12548828, 1972.79748535, 2591.10375977, 815.234008789, 1124.25109863, 607.399169922, 700.333557129, 326.006835938, 651.733276367, 275.571472168, 248.055526733, 35.5882530212, 27.4222869873, 11.8568239212, 10.9863920212, 4.91722154617, 3.54801630974, 1.51571559906, 0.888420045376, 0.440784782171, 0.141550794244, 0.0365955419838, 0.00606761081144, 0.0032081999816, 0.00133506394923, 0.000274951191386, 7.02394463588e-05, 0.000156412061187],
        "mean": [0.0236114263535, 0.573948681355, 1.86322271824, 3.41500473022, 5.68031167984, 4.87035083771, 6.24885511398, 12.7129364014, 23.9978847504, 15.4983615875, 21.8554382324, 58.4468955994, 106.916389465, 168.711425781, 84.9083023071, 41.437171936, 57.1090354919, 31.3237819672, 46.7911376953, 27.940694809, 39.5172729492, 15.1022453308, 9.19546318054, 3.66213560104, 2.71513319016, 1.07097613811, 0.904811918736, 0.32643738389, 0.13589809835, 0.0812570154667, 0.0554359667003, 0.0276130251586, 0.01142552495, 0.00504446960986, 0.00212765811011, 0.000992691493593, 0.00029911918682, 7.15763817425e-05, 1.4875726265e-05, 2.95049449051e-05],
        "min": [9.63247710761e-12, 3.50545044381e-11, 1.0279755519e-10, 1.64781285839e-10, 1.75565825766e-10, 1.2755790868e-10, 5.32093813455e-10, 1.33329935981e-09, 9.42742439669e-10, 4.84533213552e-09, 2.92243718114e-09, 3.78286779679e-09, 1.91085547385e-08, 8.0192714691e-09, 1.05827124841e-08, 2.09922070837e-08, 2.40870630108e-08, 2.34950245925e-08, 1.02415667058e-08, 3.25854472294e-08, 5.68520057698e-08, 1.96636609218e-08, 5.26365866449e-08, 6.97223683233e-08, 4.15738519166e-08, 3.97582589073e-08, 5.83211345884e-08, 7.38898577879e-08, 5.72468401572e-08, 7.23119342183e-08, 5.6829506434e-08, 7.52016475758e-08, 5.32997042058e-08, 5.02196968455e-08, 3.63773473566e-08, 2.0195191297e-08, 1.1346968698e-08, 3.92033916441e-09, 9.12578401735e-10, 1.09222159095e-10],
        "stdev": [0.0428664386272, 1.10842645168, 3.0684337616, 5.14952278137, 12.6879358292, 7.94278335571, 9.04598140717, 20.3054580688, 46.0517616272, 31.8081283569, 38.2901039124, 139.655105591, 269.157501221, 302.218658447, 236.827972412, 76.950012207, 103.967643738, 57.8092346191, 79.1783828735, 41.6163215637, 82.0193252563, 26.5486621857, 18.9942646027, 3.90871596336, 3.19966220856, 1.33760821819, 1.1047706604, 0.416173636913, 0.209369271994, 0.128051295877, 0.0722924843431, 0.0313473120332, 0.00911031011492, 0.00253538647667, 0.000521733192727, 0.000188885373063, 6.17544355919e-05, 3.03777378576e-05, 1.02513595266e-05, 2.25935400522e-05]
    },
    "gfcc": {
        "mean": [-66.4548721313, 149.627716064, -153.021224976, 3.44672083855, -39.3442687988, 1.34337699413, -28.3979606628, -0.11563899368, -19.2547092438, -7.13677453995, -11.5009689331, -4.36715698242, -5.18063640594],
        "cov": [[3177.66455078, 768.661804199, -835.380371094, -230.977096558, 216.774795532, -193.722320557, 179.441802979, -220.772720337, 51.507484436, -168.792221069, 27.8637065887, -151.03062439, 116.037406921], [768.661804199, 610.802429199, 366.579315186, 179.995147705, 210.488388062, -11.1599464417, -7.270383358, -119.616264343, -72.2113418579, 1.72427868843, 78.5250244141, -55.4913597107, 2.44735431671], [-835.380371094, 366.579315186, 1357.65661621, 739.955810547, 134.454467773, 185.12878418, -161.445648193, -27.2368869781, -135.96572876, 121.21635437, 101.663154602, 38.6704521179, -103.544219971], [-230.977096558, 179.995147705, 739.955810547, 671.644958496, 156.642944336, 149.093826294, -101.155426025, -38.5925827026, -62.8569908142, 64.9784927368, 59.1947631836, 33.0578575134, -59.1517677307], [216.774795532, 210.488388062, 134.454467773, 156.642944336, 245.376022339, 92.4367218018, 16.8753471375, -40.5077285767, -42.5017814636, 8.63943004608, 49.6713218689, 15.6725263596, 30.5679931641], [-193.722320557, -11.1599464417, 185.12878418, 149.093826294, 92.4367218018, 170.701690674, 28.6572113037, 7.16853904724, -41.7681388855, 18.6366519928, 22.6445884705, 30.309463501, 10.8124704361], [179.441802979, -7.270383358, -161.445648193, -101.155426025, 16.8753471375, 28.6572113037, 140.167984009, 53.6189079285, 17.5714015961, -36.1470756531, -8.66733455658, -5.14710187912, 38.7066040039], [-220.772720337, -119.616264343, -27.2368869781, -38.5925827026, -40.5077285767, 7.16853904724, 53.6189079285, 145.599884033, 64.9743652344, 6.27466726303, -22.3404216766, 21.5627250671, -7.59218263626], [51.507484436, -72.2113418579, -135.96572876, -62.8569908142, -42.5017814636, -41.7681388855, 17.5714015961, 64.9743652344, 119.150886536, 30.0035133362, -7.44099903107, -6.90404987335, -17.3966293335], [-168.792221069, 1.72427868843, 121.21635437, 64.9784927368, 8.63943004608, 18.6366519928, -36.1470756531, 6.27466726303, 30.0035133362, 105.391014099, 54.9579582214, -0.66053134203, -44.7220802307], [27.8637065887, 78.5250244141, 101.663154602, 59.1947631836, 49.6713218689, 22.6445884705, -8.66733455658, -22.3404216766, -7.44099903107, 54.9579582214, 88.1827850342, 26.2838306427, -3.6763613224], [-151.03062439, -55.4913597107, 38.6704521179, 33.0578575134, 15.6725263596, 30.309463501, -5.14710187912, 21.5627250671, -6.90404987335, -0.66053134203, 26.2838306427, 89.7624359131, 44.1539649963], [116.037406921, 2.44735431671, -103.544219971, -59.1517677307, 30.5679931641, 10.8124704361, 38.7066040039, -7.59218263626, -17.3966293335, -44.7220802307, -3.6763613224, 44.1539649963, 101.75907135]],
        "icov": [[0.00348953530192, -0.00884044915438, 0.00663123466074, -0.00434573972598, 0.00461664842442, -0.00295481272042, 0.000242288922891, 1.24373618746e-05, -0.00161891162861, 0.00204872153699, -0.00103298574686, -0.000501056318171, 9.44956191233e-05], [-0.00884044915438, 0.0296362228692, -0.0205234773457, 0.0125213675201, -0.0177593715489, 0.0131028247997, -0.00371202407405, 0.00391534855589, 0.00193615595344, -0.00125246180687, -0.0022811582312, 0.00694489944726, -0.00190543092322], [0.00663123466074, -0.0205234773457, 0.017171645537, -0.0114519391209, 0.0124492514879, -0.00887530762702, 0.00354126561433, -0.00422371318564, 0.00105427904055, 0.000934495881665, -0.000994260073639, -0.00281437416561, 0.00106527027674], [-0.00434573972598, 0.0125213675201, -0.0114519391209, 0.0106902355328, -0.00880023743957, 0.00316397566348, -4.69027945655e-05, 0.00245195045136, -0.000961532641668, -0.00031027678051, 0.00111143046524, 0.000229324825341, 0.00136372551788], [0.00461664842442, -0.0177593715489, 0.0124492514879, -0.00880023743957, 0.0182449687272, -0.0112678147852, 0.0027458332479, -0.00288147781976, -9.48420492932e-05, 0.000617671757936, -0.00158807111438, -0.00268071843311, -0.00146699533798], [-0.00295481272042, 0.0131028247997, -0.00887530762702, 0.00316397566348, -0.0112678147852, 0.0189582090825, -0.00875245407224, 0.00328169646673, 0.00417412118986, -0.00487764272839, 0.0022055557929, -3.91440953535e-05, -0.000526478921529], [0.000242288922891, -0.00371202407405, 0.00354126561433, -4.69027945655e-05, 0.0027458332479, -0.00875245407224, 0.0193155035377, -0.0109286941588, 0.000165584177012, 0.00679442519322, -0.00774215487763, 0.00774795236066, -0.00529545173049], [1.24373618746e-05, 0.00391534855589, -0.00422371318564, 0.00245195045136, -0.00288147781976, 0.00328169646673, -0.0109286941588, 0.019535632804, -0.00921962410212, -0.000772657513153, 0.00653170701116, -0.00752309849486, 0.00473512057215], [-0.00161891162861, 0.00193615595344, 0.00105427904055, -0.000961532641668, -9.48420492932e-05, 0.00417412118986, 0.000165584177012, -0.00921962410212, 0.0203774664551, -0.010992012918, 0.00357589218765, -0.000408944382798, 0.000106925217551], [0.00204872153699, -0.00125246180687, 0.000934495881665, -0.00031027678051, 0.000617671757936, -0.00487764272839, 0.00679442519322, -0.000772657513153, -0.010992012918, 0.0310553181916, -0.0217129606754, 0.00855328701437, 0.00342865241691], [-0.00103298574686, -0.0022811582312, -0.000994260073639, 0.00111143046524, -0.00158807111438, 0.0022055557929, -0.00774215487763, 0.00653170701116, 0.00357589218765, -0.0217129606754, 0.0346949137747, -0.0179403480142, 0.00464870920405], [-0.000501056318171, 0.00694489944726, -0.00281437416561, 0.000229324825341, -0.00268071843311, -3.91440953535e-05, 0.00774795236066, -0.00752309849486, -0.000408944382798, 0.00855328701437, -0.0179403480142, 0.0314180217683, -0.0156165705994], [9.44956191233e-05, -0.00190543092322, 0.00106527027674, 0.00136372551788, -0.00146699533798, -0.000526478921529, -0.00529545173049, 0.00473512057215, 0.000106925217551, 0.00342865241691, 0.00464870920405, -0.0156165705994, 0.0229752734303]]
    },
    "melbands": {
        "max": [0.00562162091956, 0.0111153246835, 0.0176561996341, 0.00923599395901, 0.00374099682085, 0.00451043481007, 0.00665559340268, 0.00549043342471, 0.00343729672022, 0.00898763444275, 0.0124658942223, 0.0107229463756, 0.0100886709988, 0.00427838414907, 0.00160709756892, 0.00229391781613, 0.00124909286387, 0.00113364937715, 0.00119221815839, 0.00090310536325, 0.000721582793631, 0.000383594800951, 0.00030925378087, 0.000173569074832, 3.14552708005e-05, 2.63803540292e-05, 1.30314256239e-05, 8.20301283966e-06, 9.38661651162e-06, 3.3303415421e-06, 2.73237287729e-06, 2.16648686546e-06, 1.23575136968e-06, 8.33435649383e-07, 5.87072918279e-07, 3.54050030182e-07, 2.33787176285e-07, 9.48057845562e-08, 8.17597012315e-08, 1.57538817547e-08],
        "mean": [0.000396743416786, 0.000929609115701, 0.000703773170244, 0.000354916322976, 0.000230905265198, 0.000278930732748, 0.000347357068677, 0.000155815287144, 0.000204052805202, 0.00036490597995, 0.000562214059755, 0.000732127693482, 0.000322462059557, 0.000126795173855, 0.000128263855004, 9.68075837591e-05, 5.34599748789e-05, 7.68583486206e-05, 4.20031465183e-05, 4.67987738375e-05, 4.11089640693e-05, 1.3277144717e-05, 1.40844085763e-05, 4.95096674058e-06, 2.61239233623e-06, 2.51818369179e-06, 9.8417388017e-07, 6.28877501185e-07, 6.82149106979e-07, 2.863345685e-07, 1.53799803115e-07, 7.98165871174e-08, 5.36788355987e-08, 4.11923792853e-08, 3.41468329168e-08, 2.32069936601e-08, 1.40301743556e-08, 8.24580936865e-09, 5.70796210297e-09, 3.69025143776e-09],
        "min": [1.05691876692e-13, 5.10726274369e-14, 2.9129408846e-14, 9.77967808461e-15, 1.57428001977e-14, 2.83453121408e-14, 1.95441671744e-14, 4.97692368546e-14, 2.43021189517e-14, 2.59635215617e-14, 9.71167861841e-14, 3.31300166066e-14, 2.59965948101e-14, 4.22313246385e-14, 8.32945840665e-14, 3.45117272434e-14, 4.55573723006e-14, 1.00018133221e-14, 3.50110633302e-14, 6.75252022808e-14, 6.0602944104e-14, 1.53620554997e-14, 3.23752018304e-14, 5.48466064503e-14, 5.64551558984e-14, 4.31486342153e-14, 1.89380829134e-14, 2.83284866783e-14, 3.2865508546e-14, 4.31382597558e-14, 4.23917492906e-14, 3.15082534445e-14, 3.61733924336e-14, 4.25865668684e-14, 3.35344850033e-14, 2.98796903019e-14, 5.42190939498e-14, 3.65928092677e-14, 3.29547112797e-14, 4.67398574e-14],
        "stdev": [0.000752145366278, 0.00149401428644, 0.00116668595001, 0.000633960065898, 0.000344467058312, 0.000444401201094, 0.0006332420744, 0.000308580114506, 0.000390817498555, 0.000907971931156, 0.00143657822628, 0.00136029126588, 0.000979309203103, 0.000388605869375, 0.000221087713726, 0.000198344729142, 0.000113898946438, 0.000135633948958, 7.87053068052e-05, 9.11166644073e-05, 8.95105040399e-05, 2.86070389848e-05, 2.84203379124e-05, 1.05503777377e-05, 2.9936845749e-06, 3.0077098927e-06, 1.32833486077e-06, 8.70639098594e-07, 9.04946318769e-07, 3.45910109445e-07, 2.28530311119e-07, 1.28105384078e-07, 8.38930276359e-08, 7.1458877926e-08, 4.83541562346e-08, 2.65446544745e-08, 1.70236500452e-08, 6.6667977805e-09, 4.275922727e-09, 1.62760127598e-09]
    },
    "melbands128": {
        "max": [0.000230569698033, 0.00169273687061, 0.00813526567072, 0.0199070777744, 0.0142723936588, 0.0133961495012, 0.00810128543526, 0.0295736510307, 0.0247214119881, 0.00679490203038, 0.00362218543887, 0.00542569812387, 0.00412775902078, 0.0030269054696, 0.00504756625742, 0.00620278716087, 0.0121210031211, 0.00750770466402, 0.00489624775946, 0.0114461192861, 0.00288771768101, 0.00331948976964, 0.00376183493063, 0.00997459702194, 0.00954963080585, 0.0174338370562, 0.00762743409723, 0.0208633579314, 0.0369693264365, 0.0207142252475, 0.0124521488324, 0.0105322701856, 0.0208014883101, 0.00817653443664, 0.0121488515288, 0.00590402958915, 0.00286649144255, 0.00282086594962, 0.00459872419015, 0.00583615805954, 0.00439716922119, 0.00421173218638, 0.00177460396662, 0.00239341100678, 0.00369856646284, 0.00203785835765, 0.00193617353216, 0.00283065601252, 0.00105251756031, 0.000888799258973, 0.00163557485212, 0.00215061684139, 0.0017288448289, 0.000498075271025, 0.000625727523584, 0.000680545752402, 0.000732074666303, 0.000559958047234, 0.000657444237731, 0.000627609028015, 0.000109407170385, 5.53815989406e-05, 4.52288477391e-05, 4.2736352043e-05, 3.37571837008e-05, 5.36851584911e-05, 5.07022778038e-05, 4.04089332733e-05, 1.44852774611e-05, 1.04928412838e-05, 1.64423363458e-05, 1.60447216331e-05, 8.19690922071e-06, 1.59991377586e-05, 9.94607944449e-06, 6.02604359301e-06, 3.44886757375e-06, 5.90710851611e-06, 2.8655490496e-06, 4.20287642555e-06, 1.37014308166e-06, 2.01318471227e-06, 2.83520921585e-06, 9.32176646984e-07, 1.07298012608e-06, 9.80258278105e-07, 1.29903912693e-06, 1.08252061182e-06, 7.18677256373e-07, 4.82582379391e-07, 4.39277158648e-07, 4.05352096777e-07, 3.69371434772e-07, 4.58196382169e-07, 1.40416744898e-07, 1.16128795469e-07, 9.40680209283e-08, 1.46176645899e-07, 1.0991095678e-07, 3.87506950972e-08, 2.7258804991e-08, 1.19521699204e-08, 1.35534943269e-08, 7.54374518408e-09, 7.55557305609e-09, 7.30672855553e-09, 6.36402219811e-09, 6.01968430658e-09, 5.39163425017e-09, 5.58262103212e-09, 4.97545116218e-09, 4.36914682211e-09, 4.15261824926e-09, 3.84465037584e-09, 3.97173893774e-09, 3.58335672246e-09, 3.75861652913e-09, 9.25256316009e-10, 9.31654642322e-10, 9.15045372807e-10, 8.94525065132e-10, 8.71401173441e-10, 8.555404718e-10, 8.42692304825e-10, 8.27512114387e-10, 8.15844558577e-10, 8.00266852785e-10, 8.01556709895e-10],
        "mean": [4.39477753389e-06, 6.68857974233e-05, 0.000496678170748, 0.00113741087262, 0.00103600276634, 0.000771438353695, 0.000611530500464, 0.000879213795997, 0.000577072496526, 0.000249872915447, 0.000262996007223, 0.000281735789031, 0.000184968826943, 0.000212482671486, 0.000302567117615, 0.000260547472863, 0.000394275790313, 0.000434611021774, 0.000186987177585, 0.00016985918046, 0.000120133365272, 0.000160161755048, 0.000159736329806, 0.000307047273964, 0.000435038295109, 0.000376517651603, 0.000265777256573, 0.000518527522217, 0.000798623892479, 0.00111228693277, 0.000523040769622, 0.000364469859051, 0.000433659239206, 0.000153342305566, 0.000196659646463, 9.12218383746e-05, 7.47661106288e-05, 0.000100359917269, 0.000210694124689, 0.000126030077809, 6.16424076725e-05, 6.54982577544e-05, 4.53820539406e-05, 5.02987641084e-05, 6.50009824312e-05, 9.00008526514e-05, 8.83649772732e-05, 3.55222036887e-05, 2.3744034479e-05, 3.41278464475e-05, 3.81191384804e-05, 7.45634679333e-05, 6.78631768096e-05, 1.39939338624e-05, 1.10611226773e-05, 1.16644641821e-05, 1.56010282808e-05, 2.19157755055e-05, 1.01401938082e-05, 6.90659226166e-06, 4.36931395598e-06, 3.94934613723e-06, 3.02163243759e-06, 2.03973763746e-06, 2.3106235858e-06, 2.80481685877e-06, 2.76810237665e-06, 1.05363540115e-06, 5.92022274759e-07, 7.37399602713e-07, 6.7978868401e-07, 4.85589566779e-07, 7.21247204183e-07, 8.68545384947e-07, 4.26591952873e-07, 2.96518521736e-07, 2.27167845424e-07, 1.68890650798e-07, 1.57316478067e-07, 1.27747000533e-07, 7.77058986046e-08, 6.78545717392e-08, 5.5482690442e-08, 5.65678632825e-08, 4.88547833299e-08, 3.7640987216e-08, 4.56705606666e-08, 3.32157306104e-08, 3.69440620318e-08, 3.05272820356e-08, 2.57009151738e-08, 2.10379109689e-08, 1.90455597959e-08, 1.51258419123e-08, 1.00296047023e-08, 8.83166695331e-09, 8.26769941398e-09, 6.72987265915e-09, 5.95121596447e-09, 5.21879028881e-09, 4.07109590483e-09, 3.52425066907e-09, 3.08201086874e-09, 2.54410914557e-09, 2.28344299025e-09, 2.0536494727e-09, 1.96516736217e-09, 1.80032133645e-09, 1.7189213386e-09, 1.56366175563e-09, 1.38921463222e-09, 1.17729115345e-09, 8.68300487067e-10, 5.9951088538e-10, 2.64767791025e-10, 5.98407490227e-10, 1.12209685987e-09, 5.5201385997e-12, 4.88740038024e-12, 4.80001238409e-12, 4.71174054634e-12, 4.62971154469e-12, 4.52821417515e-12, 4.44370495262e-12, 4.40410555247e-12, 4.37581307994e-12, 4.33521231066e-12, 4.30019518258e-12],
        "min": [2.75719280306e-13, 1.05116504151e-13, 5.89155325003e-14, 5.88610310124e-14, 5.50428978655e-14, 4.38876162517e-14, 3.44385571492e-14, 2.72439067291e-14, 1.8118348144e-14, 6.96697092853e-15, 5.97063275421e-15, 6.94781485491e-15, 1.59608739121e-14, 2.93897833858e-14, 3.57112681982e-14, 2.7378513817e-14, 7.61429849429e-15, 6.90569825919e-15, 4.51821570338e-14, 7.36793845336e-14, 4.32660295937e-14, 8.66171826104e-15, 3.08139778071e-14, 2.77183468235e-14, 1.2738561528e-14, 1.69727428591e-14, 7.02634429589e-14, 1.49343604432e-13, 7.29964184801e-14, 4.31959494757e-14, 1.72703817664e-14, 1.56018454449e-14, 8.1332891336e-15, 5.17662356123e-14, 5.13195036597e-14, 2.60217144192e-14, 5.05912416723e-14, 1.07545767539e-13, 9.76382399953e-14, 2.84235661266e-14, 2.48635188366e-14, 2.19867510022e-14, 7.51791546225e-14, 3.82434189839e-14, 1.13060755013e-14, 2.16420581441e-15, 6.10838741649e-15, 5.83882849839e-14, 2.55887416697e-14, 3.19658680764e-14, 7.80462256237e-14, 9.71982978587e-14, 8.94501419007e-14, 3.20495244384e-14, 2.27608154492e-14, 1.04764694099e-14, 7.17456049269e-15, 3.76144224817e-14, 2.23652222637e-14, 6.18508946859e-14, 6.56756888998e-14, 3.28713496852e-14, 7.13134859867e-14, 6.1477556444e-14, 3.8864185714e-14, 7.24185387222e-14, 1.78476262496e-14, 8.13448260302e-15, 2.63444170314e-14, 2.07357595721e-14, 2.1167614238e-14, 4.03573591104e-14, 3.4480583536e-14, 2.44042321616e-14, 4.05579263479e-14, 4.48696696389e-14, 3.62779976144e-14, 5.66010251364e-14, 3.37532465085e-14, 4.92627145402e-14, 2.51990895733e-14, 3.89789281852e-14, 1.15298734644e-14, 5.04638546933e-14, 3.32836446663e-14, 4.28286726017e-14, 4.56725620052e-14, 4.47760894389e-14, 3.05819416015e-14, 2.81157492714e-14, 2.61144103168e-14, 2.42448967939e-14, 4.58300220419e-14, 6.07558098341e-14, 5.96144837596e-14, 3.98554717603e-14, 1.8679109366e-14, 5.38850580367e-14, 2.63992556385e-14, 1.94995370084e-14, 5.84916094509e-14, 4.99203949662e-14, 4.07077698644e-14, 1.95192389948e-14, 4.93324490687e-14, 5.28734804691e-14, 2.72512403404e-14, 4.88051507303e-14, 2.59877822793e-14, 2.8253666564e-14, 4.101965756e-14, 5.19143308528e-14, 2.91835613564e-14, 3.5438750594e-14, 2.91585976013e-14, 2.75784898255e-14, 3.43861258098e-14, 2.80192078442e-14, 3.29165778564e-14, 3.0745178403e-14, 2.4367531918e-14, 2.66632402328e-14, 2.35447258071e-14, 4.22309383915e-14, 3.29769950225e-14, 3.01849033778e-14, 2.9021459579e-14, 4.54701245189e-14],
        "stdev": [9.40799054661e-06, 0.000147483922774, 0.000971510715317, 0.00233773491345, 0.00180740689393, 0.00149109924678, 0.000940116413403, 0.00187885574996, 0.00147659156937, 0.000536543433554, 0.0004781903408, 0.000572259770706, 0.000333722768119, 0.000357545359293, 0.000523457245436, 0.000545480288565, 0.00100306875538, 0.000833753030747, 0.000373347604182, 0.00055881816661, 0.000241107016336, 0.000348525732988, 0.000380083336495, 0.0008825744153, 0.00117844541091, 0.00135937461164, 0.000795310363173, 0.00201195385307, 0.00250951130874, 0.0025535589084, 0.00126677553635, 0.00118621857837, 0.00177812157199, 0.000629657239188, 0.000885026704054, 0.000320247752825, 0.000214893705561, 0.000231634825468, 0.000484800781123, 0.000356490520062, 0.000257505278569, 0.000248994067078, 0.000123472505948, 0.000161912510521, 0.000226256423048, 0.000215033913264, 0.00019781946321, 0.000138259696541, 6.67089698254e-05, 8.83326210896e-05, 0.000114961963845, 0.000207011311431, 0.000195214015548, 3.43542415067e-05, 3.74754527002e-05, 3.57777316822e-05, 4.63324759039e-05, 4.77289977425e-05, 3.55100528395e-05, 3.28761561832e-05, 7.22530649e-06, 5.23322341905e-06, 4.52368749393e-06, 3.56359487341e-06, 3.72372619495e-06, 4.17288492827e-06, 4.4164225983e-06, 2.4609976208e-06, 1.08291555989e-06, 1.03011041119e-06, 1.33011815251e-06, 8.84825510639e-07, 1.12449106382e-06, 1.47494608882e-06, 7.31862769499e-07, 4.64274251044e-07, 3.06373692638e-07, 3.34589060458e-07, 2.44966855689e-07, 2.30664340961e-07, 1.29983817487e-07, 1.29515029812e-07, 1.10861741121e-07, 9.28886336737e-08, 8.43629663905e-08, 6.81696548099e-08, 9.6339036304e-08, 6.79896317024e-08, 5.83187329539e-08, 4.41520882077e-08, 3.64034455913e-08, 2.72329927498e-08, 2.2859467208e-08, 2.64788582172e-08, 1.07377822189e-08, 8.13054334969e-09, 7.27195414996e-09, 6.7706364959e-09, 5.52409185062e-09, 3.65085273124e-09, 2.47883291671e-09, 1.78057135702e-09, 1.46833023518e-09, 1.0642507986e-09, 9.65748481185e-10, 8.16322787145e-10, 7.83555054173e-10, 6.76680600442e-10, 6.54013398993e-10, 5.64359503574e-10, 5.22047960416e-10, 4.18022449988e-10, 3.51700918388e-10, 2.42676351236e-10, 1.85262180596e-10, 2.85560020075e-10, 6.53376464044e-10, 2.78689397948e-11, 2.79511171153e-11, 2.74416097484e-11, 2.68239007395e-11, 2.61334304891e-11, 2.56586314695e-11, 2.52708062809e-11, 2.48188171403e-11, 2.44690361723e-11, 2.40138742225e-11, 2.4043694119e-11]
    },
    "mfcc": {
        "mean": [-704.160400391, 184.83821106, -44.6367378235, 12.49588871, 0.231434136629, 2.17738342285, -1.24401128292, 3.74091720581, -1.62533938885, 0.119941152632, -7.5859951973, -0.553081691265, -2.49469327927],
        "cov": [[2781.25097656, 563.421386719, -1067.33215332, -151.174438477, -290.107788086, -45.0473861694, -82.7432785034, -8.74875068665, 9.43288707733, 112.710220337, -194.754333496, -34.4698905945, -51.8316192627], [563.421386719, 597.52532959, 39.4262809753, 81.3133926392, 86.3400497437, 32.1528511047, 91.293296814, -57.2786026001, -64.1205215454, 32.7504959106, -77.907119751, 2.40136504173, 24.3789043427], [-1067.33215332, 39.4262809753, 1202.77233887, 541.479553223, 410.180419922, 210.804656982, 144.482009888, -44.3061447144, -122.223045349, -35.6804084778, 47.218547821, 45.7488632202, 113.156394958], [-151.174438477, 81.3133926392, 541.479553223, 449.620544434, 292.323394775, 152.75112915, 82.4275436401, -20.7193851471, -70.9756698608, -3.6430118084, -18.9667758942, 33.5235137939, 93.4649810791], [-290.107788086, 86.3400497437, 410.180419922, 292.323394775, 324.484008789, 168.529220581, 100.554710388, -14.0550832748, -63.612991333, -8.18787670135, -23.7710895538, 20.0759086609, 83.6651229858], [-45.0473861694, 32.1528511047, 210.804656982, 152.75112915, 168.529220581, 185.672286987, 104.319290161, -6.95975780487, -45.4273605347, -1.16884064674, -38.436290741, -7.55394124985, 44.1227073669], [-82.7432785034, 91.293296814, 144.482009888, 82.4275436401, 100.554710388, 104.319290161, 171.450408936, 32.8859634399, -14.6472425461, 0.757898271084, -36.2062187195, -11.6883077621, 21.9938583374], [-8.74875068665, -57.2786026001, -44.3061447144, -20.7193851471, -14.0550832748, -6.95975780487, 32.8859634399, 111.368644714, 72.2305908203, -6.8496594429, -6.93915462494, -17.1839580536, -4.08330059052], [9.43288707733, -64.1205215454, -122.223045349, -70.9756698608, -63.612991333, -45.4273605347, -14.6472425461, 72.2305908203, 106.435882568, 16.7198734283, 8.26202297211, -14.7021350861, -23.8234920502], [112.710220337, 32.7504959106, -35.6804084778, -3.6430118084, -8.18787670135, -1.16884064674, 0.757898271084, -6.8496594429, 16.7198734283, 83.3554840088, 23.2512989044, 9.56914234161, -11.9266223907], [-194.754333496, -77.907119751, 47.218547821, -18.9667758942, -23.7710895538, -38.436290741, -36.2062187195, -6.93915462494, 8.26202297211, 23.2512989044, 158.516403198, 70.2911682129, -9.483335495], [-34.4698905945, 2.40136504173, 45.7488632202, 33.5235137939, 20.0759086609, -7.55394124985, -11.6883077621, -17.1839580536, -14.7021350861, 9.56914234161, 70.2911682129, 97.3459472656, 39.7494125366], [-51.8316192627, 24.3789043427, 113.156394958, 93.4649810791, 83.6651229858, 44.1227073669, 21.9938583374, -4.08330059052, -23.8234920502, -11.9266223907, -9.483335495, 39.7494125366, 90.2240524292]],
        "icov": [[0.00214072363451, -0.00224083196372, 0.00264028669335, -0.00346895749681, 0.0035189257469, -0.00335123366676, 0.00238414830528, -0.00254250178114, 0.00207493384369, -0.00146834191401, 0.00105006585363, -0.000961305689998, 0.000684650323819], [-0.00224083196372, 0.00483064865693, -0.0024948855862, 0.00340192508884, -0.00450243940577, 0.00528883794323, -0.00448583625257, 0.00403222069144, -0.00143321650103, 0.000279955129372, 0.000402220670367, 0.000290713855065, -0.00055021001026], [0.00264028669335, -0.0024948855862, 0.0056134397164, -0.00652518915012, 0.0034240973182, -0.00361280934885, 0.00172750151251, -0.00234970427118, 0.00300144753419, -0.000774172658566, -0.00057583040325, 0.000134289992275, 0.000544936512597], [-0.00346895749681, 0.00340192508884, -0.00652518915012, 0.0133755803108, -0.00942464638501, 0.00480068055913, -0.00227352860384, 0.00282632606104, -0.00264083873481, 0.000719774456229, 0.000301061285427, -0.000179278635187, -0.00200198241509], [0.0035189257469, -0.00450243940577, 0.0034240973182, -0.00942464638501, 0.0170873384923, -0.0109904920682, 0.00401302287355, -0.00480965757743, 0.0036699983757, -0.00198563584127, 0.00104066682979, -0.00106960930862, -0.00167225359473], [-0.00335123366676, 0.00528883794323, -0.00361280934885, 0.00480068055913, -0.0109904920682, 0.0202073641121, -0.0102845290676, 0.00586911011487, -0.000914825825021, 0.000440894131316, -0.000429123057984, 0.00350762251765, -0.00248793256469], [0.00238414830528, -0.00448583625257, 0.00172750151251, -0.00227352860384, 0.00401302287355, -0.0102845290676, 0.0153057295829, -0.0098476652056, 0.00473342463374, -0.00258548860438, 0.00228621507995, -0.0020862207748, 0.00196928926744], [-0.00254250178114, 0.00403222069144, -0.00234970427118, 0.00282632606104, -0.00480965757743, 0.00586911011487, -0.0098476652056, 0.0256621669978, -0.0183388981968, 0.00622935965657, -0.00217495951802, 0.00338837597519, -0.00311957485974], [0.00207493384369, -0.00143321650103, 0.00300144753419, -0.00264083873481, 0.0036699983757, -0.000914825825021, 0.00473342463374, -0.0183388981968, 0.0264345873147, -0.00764301372692, 0.00104580796324, 8.58634157339e-05, 0.00165275402833], [-0.00146834191401, 0.000279955129372, -0.000774172658566, 0.000719774456229, -0.00198563584127, 0.000440894131316, -0.00258548860438, 0.00622935965657, -0.00764301372692, 0.0167382434011, -0.00393084902316, 0.000240252556978, 0.00151947897393], [0.00105006585363, 0.000402220670367, -0.00057583040325, 0.000301061285427, 0.00104066682979, -0.000429123057984, 0.00228621507995, -0.00217495951802, 0.00104580796324, -0.00393084902316, 0.015076149255, -0.0128170177341, 0.00648184260353], [-0.000961305689998, 0.000290713855065, 0.000134289992275, -0.000179278635187, -0.00106960930862, 0.00350762251765, -0.0020862207748, 0.00338837597519, 8.58634157339e-05, 0.000240252556978, -0.0128170177341, 0.0253770984709, -0.0131480647251], [0.000684650323819, -0.00055021001026, 0.000544936512597, -0.00200198241509, -0.00167225359473, -0.00248793256469, 0.00196928926744, -0.00311957485974, 0.00165275402833, 0.00151947897393, 0.00648184260353, -0.0131480647251, 0.0222732108086]]
    },
    "spectral_contrast_coeffs": {
        "max": [-0.480221658945, -0.539606690407, -0.467876136303, -0.572036027908, -0.647558689117, -0.653753936291],
        "mean": [-0.719336569309, -0.751355350018, -0.717343628407, -0.771779239178, -0.780919253826, -0.772233724594],
        "min": [-0.961661875248, -0.942674219608, -0.935254216194, -0.927403271198, -0.92752045393, -0.91618335247],
        "stdev": [0.0637379437685, 0.0698187574744, 0.0885719433427, 0.0697573274374, 0.0388103201985, 0.0351199731231]
    },
    "spectral_contrast_valleys": {
        "max": [-5.43886470795, -4.87263536453, -5.31332492828, -5.51047277451, -6.54719495773, -10.9956207275],
        "mean": [-7.07747459412, -6.67737674713, -7.26337862015, -7.55228948593, -8.32429885864, -11.9595565796],
        "min": [-17.513551712, -17.1758060455, -17.0768508911, -17.1853523254, -16.6258640289, -17.8406715393],
        "stdev": [0.982500195503, 0.748535811901, 0.907312870026, 0.850267291069, 0.634470641613, 0.323736011982]
    }
},
"rhythm": {
    "beats_count": 60,
    "beats_loudness": {
        "max": 0.106764815748,
        "mean": 0.0295207872987,
        "min": 0.000638773432001,
        "stdev": 0.0197318308055
    },
    "bpm": 140.667984009,
    "bpm_histogram_first_peak_bpm": 140,
    "bpm_histogram_first_peak_weight": 0.477272748947,
    "bpm_histogram_second_peak_bpm": 123,
    "bpm_histogram_second_peak_spread": 0.333333313465,
    "bpm_histogram_second_peak_weight": 0.101694911718,
    "danceability": 0.850965440273,
    "onset_rate": 2.23818469048,
    "beats_loudness_band_ratio": {
        "max": [0.737540841103, 0.443793267012, 0.797374725342, 0.873672544956, 0.312651783228, 0.0129935983568],
        "mean": [0.338893085718, 0.102939262986, 0.209759816527, 0.30296048522, 0.0820880755782, 0.00485288910568],
        "min": [0.000418531708419, 0.00223281909712, 0.0193549878895, 0.0107395453379, 0.0057738237083, 0.000486717151944],
        "stdev": [0.241881877184, 0.0961180478334, 0.215748861432, 0.251953125, 0.0658994019032, 0.00318047567271]
    },
    "beats_position": [0.394739210606, 0.801088392735, 1.19582760334, 1.60217678547, 2.02013611794, 2.43809509277, 2.85605430603, 3.27401351929, 3.69197273254, 4.12154197693, 4.55111122131, 4.98067998886, 5.41024923325, 5.83981847763, 6.26938772202, 6.6989569664, 7.12852573395, 7.5464849472, 7.96444416046, 8.38240337372, 8.8119726181, 9.24154186249, 9.65950107574, 10.077460289, 10.5070295334, 10.9365987778, 11.3661680222, 11.7957363129, 12.2136955261, 12.6316547394, 13.0496139526, 13.479183197, 13.9087524414, 14.3383216858, 14.756280899, 15.1742401123, 15.6038093567, 16.0449886322, 16.4745578766, 16.904127121, 17.3220863342, 17.7516555786, 18.181224823, 18.6224040985, 19.0519733429, 19.4931507111, 19.9343299866, 20.3755092621, 20.8747386932, 21.3855781555, 21.8964176178, 22.3840351105, 22.8716545105, 23.3476638794, 23.8236732483, 24.3112926483, 24.7989120483, 25.286529541, 25.774148941, 26.2385482788],
