{
"metadata": {
    "version": {
        "essentia": "2.1-beta5",
        "essentia_git_sha": "Undefined",
        "extractor": "music 2.0"
    },
    "audio_properties": {
        "analysis": {
            "equal_loudness": 0,
            "length": 32.4034461975,
            "sample_rate": 44100,
            "start_time": 175.240997314,
            "downmix": "mix"
        },
        "bit_rate": 192000,
        "length": 207.667663574,
        "lossless": 0,
        "number_channels": 2,
        "replay_gain": -0.606590270996,
        "sample_rate": 48000,
        "codec": "mp3",
        "md5_encoded": "9cd7502c44b28a36f52034d052045880"
    },
    "tags": {
        "file_name": "Cyprus_Ime Anthropos Ke Ego_Evridiki.mp3",
        "encoding": ["Lavf58.29.100"]
    }
},
"lowlevel": {
    "average_loudness": 0.696105241776,
    "barkbands_crest": {
        "max": 24.2733478546,
        "mean": 9.71227073669,
        "min": 3.01956224442,
        "stdev": 4.44004821777
    },
    "barkbands_flatness_db": {
        "max": 0.303181320429,
        "mean": 0.144447743893,
        "min": 0.0546360090375,
        "stdev": 0.0671779513359
    },
    "barkbands_kurtosis": {
        "max": 33.7784461975,
        "mean": 2.82140851021,
        "min": -1.84981048107,
        "stdev": 3.14083623886
    },
    "barkbands_skewness": {
        "max": 5.18673753738,
        "mean": -0.339965462685,
        "min": -2.22403454781,
        "stdev": 1.30668222904
    },
    "barkbands_spread": {
        "max": 89.7341690063,
        "mean": 18.929901123,
        "min": 1.8900103569,
        "stdev": 12.3721246719
    },
    "dissonance": {
        "max": 0.500000178814,
        "mean": 0.449112147093,
        "min": 0.185826346278,
        "stdev": 0.0602649487555
    },
    "dynamic_complexity": 5.132376194,
    "erbbands_crest": {
        "max": 29.7010669708,
        "mean": 10.099937439,
        "min": 2.67778873444,
        "stdev": 6.42864370346
    },
    "erbbands_flatness_db": {
        "max": 0.380762308836,
        "mean": 0.200415864587,
        "min": 0.0798377469182,
        "stdev": 0.0852386057377
    },
    "erbbands_kurtosis": {
        "max": 22.9633960724,
        "mean": 1.97054600716,
        "min": -1.76567256451,
        "stdev": 3.27854681015
    },
    "erbbands_skewness": {
        "max": 3.62956976891,
        "mean": 0.135120138526,
        "min": -3.09788179398,
        "stdev": 0.893588662148
    },
    "erbbands_spread": {
        "max": 82.404296875,
        "mean": 25.0489559174,
        "min": 2.6699848175,
        "stdev": 14.6579265594
    },
    "hfc": {
        "max": 125.052879333,
        "mean": 17.7108898163,
        "min": 1.04438242572e-16,
        "stdev": 21.6021976471
    },
    "loudness_ebu128": {
        "integrated": -22.6588287354,
        "loudness_range": 4.04812240601,
        "momentary": {
            "max": -19.0850391388,
            "mean": -108.513710022,
            "min": -300.691009521,
            "stdev": 126.755348206
        },
        "short_term": {
            "max": -21.3736515045,
            "mean": -92.0499572754,
            "min": -300.691009521,
            "stdev": 118.002250671
        }
    },
    "melbands_crest": {
        "max": 30.6693840027,
        "mean": 10.2991838455,
        "min": 1.50595057011,
        "stdev": 7.12114238739
    },
    "melbands_flatness_db": {
        "max": 0.327913939953,
        "mean": 0.140111863613,
        "min": 0.00291629647836,
        "stdev": 0.104004658759
    },
    "melbands_kurtosis": {
        "max": 89.7991256714,
        "mean": 2.19427418709,
        "min": -1.66416323185,
        "stdev": 5.36882209778
    },
    "melbands_skewness": {
        "max": 7.65240526199,
        "mean": 0.520332634449,
        "min": -1.97722268105,
        "stdev": 1.10996544361
    },
    "melbands_spread": {
        "max": 179.438323975,
        "mean": 58.0055122375,
        "min": 3.14663028717,
        "stdev": 53.3633880615
    },
    "pitch_salience": {
        "max": 0.842183709145,
        "mean": 0.646952867508,
        "min": 0.178637385368,
        "stdev": 0.133833020926
    },
    "silence_rate_20dB": {
        "max": 1,
        "mean": 1,
        "min": 1,
        "stdev": 0
    },
    "silence_rate_30dB": {
        "max": 1,
        "mean": 1,
        "min": 1,
        "stdev": 0
    },
    "silence_rate_60dB": {
        "max": 1,
        "mean": 0.387258410454,
        "min": 0,
        "stdev": 0.487125307322
    },
    "spectral_centroid": {
        "max": 11832.9804688,
        "mean": 4398.56640625,
        "min": 468.828643799,
        "stdev": 4460.63574219
    },
    "spectral_complexity": {
        "max": 51,
        "mean": 9.38582706451,
        "min": 0,
        "stdev": 8.21555900574
    },
    "spectral_decrease": {
        "max": 1.97585101151e-28,
        "mean": -3.91987198256e-09,
        "min": -2.72287898895e-08,
        "stdev": 4.54682735906e-09
    },
    "spectral_energy": {
        "max": 0.110824361444,
        "mean": 0.0164009183645,
        "min": 9.94238703767e-21,
        "stdev": 0.0188884567469
    },
    "spectral_energyband_high": {
        "max": 0.0184760056436,
        "mean": 0.00040445412742,
        "min": 6.8383368591e-21,
        "stdev": 0.00142685102765
    },
    "spectral_energyband_low": {
        "max": 0.0392614491284,
        "mean": 0.00103118130937,
        "min": 1.46357616181e-23,
        "stdev": 0.00311597529799
    },
    "spectral_energyband_middle_high": {
        "max": 0.0833367928863,
        "mean": 0.01037336234,
        "min": 1.05581840277e-21,
        "stdev": 0.0145180299878
    },
    "spectral_energyband_middle_low": {
        "max": 0.0684750974178,
        "mean": 0.00581064401194,
        "min": 1.43029796986e-22,
        "stdev": 0.00906479731202
    },
    "spectral_entropy": {
        "max": 9.8286447525,
        "mean": 7.99419021606,
        "min": 5.79657506943,
        "stdev": 1.31110239029
    },
    "spectral_flux": {
        "max": 0.275962859392,
        "mean": 0.0591931827366,
        "min": 6.16829851086e-11,
        "stdev": 0.0596953779459
    },
    "spectral_kurtosis": {
        "max": 25.6211643219,
        "mean": 4.05786895752,
        "min": -1.28549194336,
        "stdev": 5.33407402039
    },
    "spectral_rms": {
        "max": 0.0103981401771,
        "mean": 0.00300118513405,
        "min": 3.11446463237e-12,
        "stdev": 0.00264457077719
    },
    "spectral_rolloff": {
        "max": 19810.546875,
        "mean": 7059.19091797,
        "min": 150.732421875,
        "stdev": 7943.17431641
    },
    "spectral_skewness": {
        "max": 3.88513469696,
        "mean": 1.20105862617,
        "min": -0.259180694818,
        "stdev": 0.996948838234
    },
    "spectral_spread": {
        "max": 49802664,
        "mean": 14940889,
        "min": 2015192.25,
        "stdev": 17189384
    },
    "spectral_strongpeak": {
        "max": 16.0588703156,
        "mean": 1.77891552448,
        "min": 0,
        "stdev": 2.36688065529
    },
    "zerocrossingrate": {
        "max": 0.84619140625,
        "mean": 0.200911477208,
        "min": 0.015625,
        "stdev": 0.205197975039
    },
    "barkbands": {
        "max": [0.000440637173597, 0.0263493657112, 0.0261979661882, 0.0100821806118, 0.0136441020295, 0.0437157079577, 0.0470525883138, 0.0509672090411, 0.0179364923388, 0.0680568516254, 0.0233249571174, 0.0519490428269, 0.0614494457841, 0.0360402911901, 0.0438152290881, 0.0157844144851, 0.0211124550551, 0.00453606108204, 0.00398428877816, 0.00385565077886, 0.00525308772922, 0.00698861898854, 0.00574750406668, 0.00304732075892, 0.000263938622084, 2.1948479116e-05, 3.23362382915e-06],
        "mean": [3.16057994496e-05, 0.000361922953743, 0.000515764520969, 0.000194201536942, 0.00041673152009, 0.000727030390408, 0.00218892353587, 0.000249779899605, 0.000418547657318, 0.00449675275013, 0.000401298864745, 0.00289507885464, 0.000963891681749, 0.000563805224374, 0.000585811620113, 0.000283047702396, 0.000373737857444, 0.000170600382262, 7.16853974154e-05, 0.000165549892699, 7.86464879639e-05, 0.000110141394543, 8.41156288516e-05, 4.67778954771e-05, 4.93815559821e-06, 5.2204285339e-07, 2.00082901358e-08],
        "min": [1.56219505568e-25, 4.24183130512e-25, 2.42438452634e-25, 4.08714973319e-25, 5.01083894794e-24, 5.66070335052e-24, 6.59169095845e-24, 3.68502921796e-24, 7.97045968201e-24, 1.55066309253e-23, 8.00255922111e-24, 1.74095685325e-23, 2.03105035373e-23, 1.63535914362e-23, 2.68563719324e-23, 4.70979526924e-23, 3.13041464208e-23, 6.22312425725e-23, 1.024360561e-22, 1.40735738987e-22, 2.38320458292e-22, 2.78550294487e-22, 3.77100175643e-22, 5.01210765715e-22, 7.52725118284e-22, 1.17380735648e-21, 1.76267281189e-21],
        "stdev": [4.21213117079e-05, 0.00133437407203, 0.00178415363189, 0.000611329160165, 0.000847719085868, 0.00259708613157, 0.00549007998779, 0.00168597372249, 0.0014132920187, 0.00818304065615, 0.00167696946301, 0.00627255067229, 0.00350086623803, 0.00216132774949, 0.0031311979983, 0.00126391404774, 0.00155551731586, 0.000395208888222, 0.000188960577361, 0.000366520980606, 0.000314257282298, 0.000497210538015, 0.00040062435437, 0.00019940904167, 1.70094972418e-05, 1.53086750743e-06, 1.58464189326e-07]
    },
    "erbbands": {
        "max": [0.338582843542, 7.07706069946, 30.9265441895, 34.6032485962, 31.8327865601, 60.2115478516, 75.318069458, 510.783172607, 708.228210449, 816.822814941, 482.575164795, 435.012817383, 1788.31274414, 2754.40283203, 891.483276367, 2687.26708984, 2464.20019531, 1238.38500977, 1421.41821289, 1318.24731445, 1057.29772949, 1293.61242676, 332.358886719, 81.7992706299, 264.461090088, 264.992950439, 148.025283813, 237.714828491, 275.471374512, 182.271911621, 193.220062256, 109.610855103, 26.6358108521, 5.19538068771, 1.06245815754, 0.220523789525, 0.0319291576743, 0.00414286926389, 0.000479002483189, 0.000130141866975],
        "mean": [0.00590413762257, 0.103158533573, 0.560909032822, 0.675168693066, 0.940626263618, 1.61258363724, 1.58865952492, 7.94393062592, 30.3227806091, 20.1210136414, 5.40536260605, 10.6241922379, 126.70010376, 61.3401298523, 17.741437912, 129.922363281, 61.5096359253, 26.1696662903, 29.3101196289, 24.9576969147, 16.1482372284, 22.2661170959, 10.8403902054, 4.59893465042, 5.19272899628, 7.96444940567, 3.29556298256, 3.62516975403, 3.88238573074, 3.38493132591, 2.25560474396, 1.37636780739, 0.518586456776, 0.0945690795779, 0.0211548916996, 0.00495588593185, 0.000537806074135, 5.01236027048e-05, 1.41645405165e-05, 2.06005734071e-05],
        "min": [5.854139302e-23, 3.78887368423e-22, 6.4785846814e-22, 8.27931103264e-22, 9.33531159285e-21, 1.36396945443e-20, 3.27847348919e-20, 5.69847761292e-20, 8.07087103004e-20, 1.4138353268e-19, 1.940599709e-19, 2.53604890412e-19, 3.97079290111e-19, 3.87639194768e-19, 6.50227240784e-19, 1.13324757216e-18, 1.52667348985e-18, 1.76203139633e-18, 2.09297229735e-18, 2.91237513739e-18, 2.24074894096e-18, 2.64084193439e-18, 4.17059956715e-18, 5.19700993896e-18, 5.69743766594e-18, 6.25376088204e-18, 6.67696840371e-18, 8.24658704301e-18, 8.90539835061e-18, 9.62865860844e-18, 1.02660467653e-17, 8.2247685e-18, 8.83252456582e-18, 7.9018438063e-18, 5.15484068492e-18, 3.90154377007e-18, 2.20411910869e-18, 9.1825257761e-19, 2.31913112824e-19, 2.4193174992e-20],
        "stdev": [0.0158537961543, 0.39115896821, 2.04675292969, 1.98615276814, 2.261521101, 3.45826053619, 3.97783541679, 27.4491825104, 74.4589996338, 78.5123596191, 17.5892658234, 25.7177295685, 247.529602051, 132.344329834, 51.0147743225, 278.727020264, 158.924346924, 96.9476318359, 113.047355652, 98.8647842407, 71.5676345825, 90.219329834, 26.3187351227, 8.50665092468, 12.3823471069, 19.7932739258, 10.3758678436, 15.1516027451, 18.2154579163, 14.1111221313, 11.4221591949, 6.30918884277, 2.20934295654, 0.356561928988, 0.0660128667951, 0.0139398109168, 0.00181568879634, 0.000211984966882, 2.77904455288e-05, 2.32234615396e-05]
    },
    "gfcc": {
        "mean": [-427.913391113, 72.5478286743, -114.069145203, 13.2505912781, -50.7587966919, 14.6345968246, -18.4118022919, 1.34599757195, -13.0185651779, -4.83544063568, 0.661267101765, -3.33741950989, -1.660826087],
        "cov": [[319992.375, 27973.9140625, -42930.2226562, 5474.87158203, -19299.8144531, 5505.80712891, -7141.69677734, 411.621551514, -4864.35742188, -1887.1809082, 328.679229736, -1359.77636719, -604.87701416], [27973.9140625, 3301.27246094, -3504.1171875, 342.248260498, -1601.9074707, 454.687194824, -518.477600098, -10.7858419418, -576.206726074, -289.351196289, 159.437606812, -169.877319336, -60.6209106445], [-42930.2226562, -3504.1171875, 6304.93896484, -467.629882812, 2514.40356445, -718.827026367, 907.022399902, -131.326507568, 623.184631348, 221.905044556, -55.3378753662, 158.25881958, 48.1148300171], [5474.87158203, 342.248260498, -467.629882812, 551.174804688, -348.189849854, 70.1741943359, -289.708374023, -2.9856865406, 47.1338996887, 44.2897224426, -105.562545776, -24.8600921631, -52.2887382507], [-19299.8144531, -1601.9074707, 2514.40356445, -348.189849854, 1339.77380371, -333.078216553, 449.011047363, -3.12796211243, 294.186828613, 121.187004089, -17.1318340302, 66.3569869995, 14.9272813797], [5505.80712891, 454.687194824, -718.827026367, 70.1741943359, -333.078216553, 250.774795532, -44.2724990845, -22.1107177734, -154.16796875, -61.8391723633, 6.62218141556, -42.488319397, -26.782125473], [-7141.69677734, -518.477600098, 907.022399902, -289.708374023, 449.011047363, -44.2724990845, 324.337280273, -10.2930822372, 5.19177436829, -16.5934906006, 58.1266517639, 9.33285522461, 14.3819999695], [411.621551514, -10.7858419418, -131.326507568, -2.9856865406, -3.12796211243, -22.1107177734, -10.2930822372, 77.881477356, 39.1007766724, 9.31151199341, -5.22712612152, -1.69692087173, 0.0203564465046], [-4864.35742188, -576.206726074, 623.184631348, 47.1338996887, 294.186828613, -154.16796875, 5.19177436829, 39.1007766724, 251.363342285, 94.3008575439, -46.3101005554, 41.1221084595, 10.3667001724], [-1887.1809082, -289.351196289, 221.905044556, 44.2897224426, 121.187004089, -61.8391723633, -16.5934906006, 9.31151199341, 94.3008575439, 96.4462661743, -36.7842826843, 14.7735834122, -9.82272148132], [328.679229736, 159.437606812, -55.3378753662, -105.562545776, -17.1318340302, 6.62218141556, 58.1266517639, -5.22712612152, -46.3101005554, -36.7842826843, 119.518096924, -1.12659645081, 8.32844352722], [-1359.77636719, -169.877319336, 158.25881958, -24.8600921631, 66.3569869995, -42.488319397, 9.33285522461, -1.69692087173, 41.1221084595, 14.7735834122, -1.12659645081, 59.5574073792, 19.5871334076], [-604.87701416, -60.6209106445, 48.1148300171, -52.2887382507, 14.9272813797, -26.782125473, 14.3819999695, 0.0203564465046, 10.3667001724, -9.82272148132, 8.32844352722, 19.5871334076, 60.6028785706]],
        "icov": [[0.000351667113137, -0.000716313021258, 0.00127963675186, -0.000924866297282, 0.00112450204324, -0.000603379390668, 0.00056412309641, -0.000111468150862, 0.000407708983403, 8.37410480017e-05, -0.000154272012878, 3.53149880539e-05, 0.000255678023677], [-0.000716313021258, 0.00302785099484, -0.00213766982779, 0.00127464754041, -0.00220798351802, 0.00201058899984, -0.000173514388734, 0.000488738005515, 0.000627007626463, 0.00203924276866, -0.00137820350938, 0.00143244548235, 9.9292556115e-05], [0.00127963675186, -0.00213766982779, 0.00599030125886, -0.00463299266994, 0.00295366067439, -0.000470693892566, -0.000102837875602, 0.00209848256782, 0.00102530571166, 0.00157901272178, -0.000581649655942, 0.000262053654296, 0.00104437617119], [-0.000924866297282, 0.00127464754041, -0.00463299266994, 0.00829121191055, -0.00178258528467, -0.00132096256129, 0.00378010515124, -0.00054942414863, -0.00294636655599, -0.00152344745584, 0.00226297974586, 0.000667846528813, 0.00156462343875], [0.00112450204324, -0.00220798351802, 0.00295366067439, -0.00178258528467, 0.00843077711761, -0.000739054114092, -0.000730226165615, -0.00109484419227, -1.59783267009e-05, -0.00124392576981, 0.000646550266538, 0.000467640114948, 0.00246351724491], [-0.000603379390668, 0.00201058899984, -0.000470693892566, -0.00132096256129, -0.000739054114092, 0.0127018103376, -0.0074027152732, 0.00428984966129, 0.00157376902644, 0.00244705448858, 0.00179487012792, 0.00144658831414, 0.00218670000322], [0.00056412309641, -0.000173514388734, -0.000102837875602, 0.00378010515124, -0.000730226165615, -0.0074027152732, 0.0195643994957, -0.00544104166329, 0.0045784432441, 0.00236998987384, -0.00498637091368, 0.00252761156298, 0.000536662584636], [-0.000111468150862, 0.000488738005515, 0.00209848256782, -0.00054942414863, -0.00109484419227, 0.00428984966129, -0.00544104166329, 0.0205160938203, -0.00637729652226, 0.00254146615043, 0.00153140933253, 0.00213953526691, 0.00128690560814], [0.000407708983403, 0.000627007626463, 0.00102530571166, -0.00294636655599, -1.59783267009e-05, 0.00157376902644, 0.0045784432441, -0.00637729652226, 0.0144055662677, -0.00355044426396, -0.00210667052306, -0.0012659272179, -0.00138562126085], [8.37410480017e-05, 0.00203924276866, 0.00157901272178, -0.00152344745584, -0.00124392576981, 0.00244705448858, 0.00236998987384, 0.00254146615043, -0.00355044426396, 0.0224205516279, 0.000263375317445, 0.000972400652245, 0.00502297421917], [-0.000154272012878, -0.00137820350938, -0.000581649655942, 0.00226297974586, 0.000646550266538, 0.00179487012792, -0.00498637091368, 0.00153140933253, -0.00210667052306, 0.000263375317445, 0.0140580851585, -0.00207199924625, 0.000453470798675], [3.53149880539e-05, 0.00143244548235, 0.000262053654296, 0.000667846528813, 0.000467640114948, 0.00144658831414, 0.00252761156298, 0.00213953526691, -0.0012659272179, 0.000972400652245, -0.00207199924625, 0.0236484687775, -0.00490732584149], [0.000255678023677, 9.9292556115e-05, 0.00104437617119, 0.00156462343875, 0.00246351724491, 0.00218670000322, 0.000536662584636, 0.00128690560814, -0.00138562126085, 0.00502297421917, 0.000453470798675, -0.00490732584149, 0.0224796067923]]
    },
    "melbands": {
        "max": [0.00535224750638, 0.0114499460906, 0.00499065592885, 0.00368368299678, 0.00226030847989, 0.0103585990146, 0.00982967484742, 0.010861617513, 0.00290227076039, 0.0027100762818, 0.0095229819417, 0.0119290500879, 0.00368908233941, 0.00487514631823, 0.00484474608675, 0.00847203005105, 0.0029725600034, 0.00211909483187, 0.00454079778865, 0.00117001007311, 0.00155785377137, 0.0015723289689, 0.000890121329576, 0.000301544001559, 4.90642232762e-05, 0.000134663234348, 0.000146257356391, 0.000212632032344, 8.20496570668e-05, 0.000159603703651, 0.000127783670905, 0.000142033561133, 0.000175709152245, 0.000113829686597, 0.00010550400475, 0.000114041547931, 5.19614659424e-05, 2.4938455681e-05, 1.01617442851e-05, 2.20260380956e-06],
        "mean": [7.79731126386e-05, 0.00023522702395, 0.000119700336654, 9.6499461506e-05, 5.69272342545e-05, 0.000201745977392, 0.000451274245279, 0.000175341585418, 4.07161678595e-05, 6.2964281824e-05, 0.00067111448152, 0.000296549405903, 4.80183480249e-05, 0.000177155350684, 0.000394818314817, 5.2279454394e-05, 4.90945312777e-05, 4.58655486e-05, 5.16458894708e-05, 2.09780264413e-05, 1.79230974027e-05, 2.6209929274e-05, 1.10901219159e-05, 8.34236652736e-06, 3.11126746055e-06, 2.62303137788e-06, 5.57215753361e-06, 5.24751385456e-06, 2.02163755603e-06, 1.88203114249e-06, 2.11564429264e-06, 2.20226638703e-06, 2.13707858165e-06, 1.78014465746e-06, 1.34001095375e-06, 1.07573532659e-06, 7.42713609725e-07, 4.26955608646e-07, 1.56229276627e-07, 4.95949628032e-08],
        "min": [8.65761728668e-25, 8.75112491408e-25, 3.57309123601e-25, 9.35720970579e-25, 8.8240245364e-25, 1.08384715769e-24, 1.3618755631e-24, 1.62056839608e-24, 1.54228095238e-24, 1.26099356535e-24, 1.91029965163e-24, 1.31031847396e-24, 1.35634180246e-24, 1.99036646971e-24, 2.40713667429e-24, 2.69465497779e-24, 2.45730467799e-24, 2.78855269691e-24, 2.22733062209e-24, 2.5274710945e-24, 1.81406789031e-24, 2.18402551105e-24, 3.69299710753e-24, 2.8034943141e-24, 3.36363979099e-24, 3.91082881916e-24, 3.41578073581e-24, 4.42037024949e-24, 2.9937399543e-24, 4.31437219295e-24, 3.99992316423e-24, 4.49699704238e-24, 4.367819097e-24, 4.64028652607e-24, 4.97968485864e-24, 4.40653362921e-24, 3.85243851825e-24, 5.51936511428e-24, 5.67071162882e-24, 5.96396396502e-24],
        "stdev": [0.000251848425251, 0.000821754161734, 0.000325435190462, 0.000210196420085, 0.000125845646835, 0.000635715899989, 0.00109833001625, 0.000754528620746, 0.000117170064186, 0.000203289513593, 0.00128882797435, 0.000634500931483, 0.000198070440092, 0.00045542375301, 0.000830207543913, 0.000319859042065, 0.000207905774005, 0.000165659090271, 0.000290941912681, 8.71527299751e-05, 9.46876753005e-05, 0.000114653477794, 4.17987066612e-05, 1.92415209312e-05, 6.17316436546e-06, 6.93464471624e-06, 1.22356132124e-05, 1.45247950059e-05, 6.73256499795e-06, 7.81170001574e-06, 9.33851970331e-06, 1.05227654785e-05, 9.8927421277e-06, 7.39669758332e-06, 6.86223938828e-06, 5.64309129913e-06, 3.2948930766e-06, 1.84592920505e-06, 6.70676854497e-07, 1.72254587483e-07]
    },
    "melbands128": {
        "max": [0.000291329663014, 0.001118924818, 0.00712851108983, 0.0141686284915, 0.0181591063738, 0.00966441538185, 0.0084719369188, 0.00333592877723, 0.00274482253008, 0.00520226778463, 0.00467671174556, 0.0013703815639, 0.00197424995713, 0.00717319920659, 0.0136341881007, 0.0169063098729, 0.0143927084282, 0.0166556276381, 0.0152696752921, 0.0156560763717, 0.0203485488892, 0.00543848332018, 0.001063055126, 0.0025006304495, 0.00483346683905, 0.00538198696449, 0.0103214234114, 0.0161656606942, 0.0179489478469, 0.0206233710051, 0.013045636937, 0.00650226417929, 0.00724073080346, 0.00549702066928, 0.00609130226076, 0.00948702730238, 0.0155482087284, 0.0109626464546, 0.0101222936064, 0.00715670222417, 0.0163797400892, 0.00307179638185, 0.00532359955832, 0.00800065975636, 0.00390955386683, 0.00293197389692, 0.00548021961004, 0.0114782284945, 0.00281027308665, 0.00286805653013, 0.00236933631822, 0.00300860637799, 0.00295056635514, 0.00181181658991, 0.00406177295372, 0.00293065304868, 0.00216730264947, 0.00210828892887, 0.000603501452133, 0.000556729559321, 0.000515507708769, 0.000355165422661, 9.5874282124e-05, 7.38770904718e-05, 9.57279044087e-05, 0.000110159497126, 0.000322745647281, 0.00041374671855, 0.000215878564632, 0.000313371157972, 0.000553154270165, 0.000235405110288, 0.000250965793384, 9.74736831267e-05, 8.65310794325e-05, 0.000128804225824, 0.000243164744461, 0.00014844769612, 0.000129214269691, 0.000172088839463, 0.000139532290632, 0.000188008998521, 0.000186621764442, 0.00027987442445, 0.00018546883075, 0.000111105087854, 0.00020230805967, 9.38618468354e-05, 0.000130264597828, 0.00012833486835, 0.000177337657078, 9.41655598581e-05, 7.92559803813e-05, 4.75650158478e-05, 5.30967590748e-05, 2.95951067528e-05, 3.15525467158e-05, 1.81128398253e-05, 1.02858384707e-05, 8.76142894413e-06, 3.43191254615e-06, 1.85120165952e-06, 1.70524538134e-06, 2.21592017624e-06, 1.18081834444e-06, 7.7406912169e-07, 6.08783125244e-07, 5.59692239221e-07, 4.65897642243e-07, 2.10237587339e-07, 1.18434208218e-07, 1.09654820335e-07, 1.23973663335e-07, 1.11059634378e-07, 8.30027815368e-08, 4.26561399536e-08, 8.24476060757e-08, 1.60471813615e-08, 1.7667995067e-08, 1.78202821388e-08, 1.39392390963e-08, 1.33697986016e-08, 1.29576154251e-08, 1.25998234068e-08, 1.23375887284e-08, 1.20937349024e-08, 1.19105454388e-08, 1.18135421445e-08],
        "mean": [2.24326959142e-05, 3.49000438291e-05, 8.34777092678e-05, 0.000191462837392, 0.000300470856018, 0.000227530341363, 0.000145044105011, 7.74688232923e-05, 8.98039652384e-05, 0.00011660875316, 9.23612242332e-05, 5.36374354851e-05, 3.54836629413e-05, 7.64139113016e-05, 9.79181786533e-05, 0.000267669267487, 0.000588315480854, 0.000462692376459, 0.000333966017934, 0.000250972167123, 6.84395999997e-05, 2.13421953958e-05, 4.10721622757e-05, 5.78609578952e-05, 3.21255429299e-05, 3.13784112222e-05, 0.000202353505301, 0.000892682059202, 0.00101564195938, 0.000309248047415, 0.000104651866423, 7.19824020052e-05, 4.85790696985e-05, 2.50421217061e-05, 3.11127805617e-05, 0.00014850361913, 0.000521937326994, 0.000629924063105, 0.000136286282213, 4.69391525257e-05, 5.07064105477e-05, 2.86446847895e-05, 3.81337085855e-05, 6.98845396983e-05, 6.13946031081e-05, 2.37775020651e-05, 4.41300253442e-05, 8.71704760357e-05, 2.90565385512e-05, 2.58086838585e-05, 2.00587073778e-05, 1.84556211025e-05, 1.66215686477e-05, 1.55000816449e-05, 2.36987707467e-05, 3.6229233956e-05, 2.05929227377e-05, 9.02387728274e-06, 9.55572977546e-06, 1.00079550975e-05, 9.94054425973e-06, 6.09248309047e-06, 2.57781380242e-06, 2.76224318441e-06, 2.82604037238e-06, 1.89995535038e-06, 2.62352887148e-06, 5.27816109752e-06, 6.20774744675e-06, 5.92959167989e-06, 6.4091573222e-06, 4.54840892417e-06, 2.32831166613e-06, 1.60669424076e-06, 1.398558652e-06, 1.8264369146e-06, 2.00456202037e-06, 2.37478116105e-06, 1.97946974367e-06, 2.08728965845e-06, 2.27428745347e-06, 2.14361784856e-06, 2.21968593905e-06, 2.19183993977e-06, 2.08155529435e-06, 1.78404104645e-06, 1.81859104487e-06, 1.49725701704e-06, 1.29197303522e-06, 1.26949066726e-06, 1.04247124e-06, 1.11582164664e-06, 9.78029788712e-07, 6.57715133912e-07, 7.0516841788e-07, 5.19601144333e-07, 3.82103792163e-07, 2.569683204e-07, 1.6348693066e-07, 1.04307375182e-07, 5.81662078503e-08, 4.42356089536e-08, 3.13159205234e-08, 2.74145843804e-08, 2.32313439597e-08, 1.53565675731e-08, 1.55687480685e-08, 1.00717088003e-08, 7.60177254477e-09, 5.26806198664e-09, 3.42361938799e-09, 1.50125689657e-09, 1.02165398363e-09, 3.76808279023e-10, 4.02700872648e-10, 2.69233524364e-10, 3.28627847157e-10, 8.49827708205e-11, 1.37235237063e-10, 1.07745957989e-10, 7.42185618519e-11, 4.02679868616e-11, 1.64584942897e-11, 1.16601363981e-11, 1.12945972019e-11, 1.08526885395e-11, 1.05715262932e-11, 1.04724276126e-11],
        "min": [5.51972508138e-26, 9.07566044159e-26, 3.97754669324e-26, 7.35011903976e-26, 1.25114831008e-25, 7.37353588269e-26, 8.98000551015e-26, 1.54078302878e-25, 2.92782298358e-25, 2.73053404809e-25, 3.81670233038e-25, 3.51486516608e-25, 1.79932393208e-25, 3.08968836665e-25, 3.91446167154e-25, 8.14313502328e-26, 5.05835361798e-25, 1.87636186941e-25, 6.72902000635e-25, 5.73458638657e-25, 4.66066714198e-25, 2.66304650461e-25, 7.2005778827e-25, 5.88903302586e-25, 6.53644969166e-25, 7.90163314576e-25, 5.06799349824e-25, 5.13349952174e-25, 6.9743133466e-25, 4.26862595184e-25, 4.7809925889e-25, 5.33456537533e-25, 7.67008915805e-25, 3.6171313682e-25, 6.36286183555e-25, 4.28008514256e-25, 7.49031959066e-25, 6.67470594695e-25, 1.29263487487e-24, 5.5623888978e-25, 6.82859742538e-25, 8.43669481802e-25, 4.59411390564e-25, 1.05869984975e-24, 9.0401655219e-25, 6.66331282333e-25, 7.49358892607e-25, 7.82638764831e-25, 2.79725812212e-25, 1.07392525965e-24, 1.14406169945e-24, 1.27448081885e-24, 1.0722096844e-24, 6.66998658659e-25, 7.61337844061e-25, 1.43272542897e-24, 9.82394714897e-25, 1.69960910334e-24, 1.91721303138e-24, 1.23057883593e-24, 1.32716706378e-24, 1.60562973712e-24, 1.26109148271e-24, 1.76543224892e-24, 1.64662930355e-24, 1.5988813279e-24, 1.94417570548e-24, 1.52833892056e-24, 1.48529847236e-24, 1.5099730554e-24, 1.35134427002e-24, 2.08526190066e-24, 2.53879578444e-24, 2.21639819324e-24, 2.62056496435e-24, 1.58615926947e-24, 2.55724448e-24, 1.91770054742e-24, 2.01307402808e-24, 3.35149646065e-24, 2.691704638e-24, 2.43605217356e-24, 2.10707567962e-24, 1.93890986172e-24, 2.50086597161e-24, 2.08163807087e-24, 2.85255909582e-24, 2.74015568594e-24, 2.85260327203e-24, 3.31839072947e-24, 2.55651044493e-24, 3.41253536205e-24, 3.01999403409e-24, 2.71080828533e-24, 3.41017824566e-24, 2.10047429435e-24, 3.6701722061e-24, 3.44471378723e-24, 2.91510807421e-24, 3.39335381471e-24, 2.67974984541e-24, 4.16534847934e-24, 4.13482350662e-24, 3.81914030501e-24, 4.02943366183e-24, 4.22919533114e-24, 3.8268001444e-24, 4.07449221345e-24, 4.20636569654e-24, 4.36274553809e-24, 4.10601391193e-24, 5.07732532832e-24, 4.85264275416e-24, 5.0385938356e-24, 4.0382511546e-24, 4.36573887079e-24, 4.40138867839e-24, 4.41742464287e-24, 4.8389670615e-24, 4.17700034934e-24, 4.69915093238e-24, 5.43660098355e-24, 4.96770206149e-24, 4.7203215925e-24, 4.90752262404e-24, 5.2597655843e-24, 3.81420676891e-24, 4.91522585078e-24],
        "stdev": [2.99573657685e-05, 7.4256429798e-05, 0.000307237525703, 0.000788191740867, 0.00118822127115, 0.000739230134059, 0.000445469893748, 0.000262886635028, 0.000233176338952, 0.000284662877675, 0.000225290001254, 9.66285297181e-05, 9.14002666832e-05, 0.00031089867116, 0.000576211954467, 0.00107310409658, 0.001553860493, 0.00152211484965, 0.00135351391509, 0.00126647495199, 0.000644807762001, 0.000176758258021, 9.80504482868e-05, 0.000133438967168, 0.00016406326904, 0.000221254857024, 0.000842936628032, 0.00211945129558, 0.0020706099458, 0.000989258289337, 0.00056159257656, 0.000375278730644, 0.00027972063981, 0.000192834952031, 0.000250726705417, 0.000667319283821, 0.00139341712929, 0.00156719377264, 0.00059540127404, 0.000368875626009, 0.000544210080989, 0.000158691414981, 0.000247855845373, 0.000401326164138, 0.000263791211182, 0.000144389137859, 0.000347594206687, 0.000639191654045, 0.000155182075105, 0.0001462456421, 0.000120163400425, 0.000149574814714, 0.000146777107147, 0.000106154438981, 0.000173828433617, 0.000193378262338, 0.000116758514196, 7.15744827176e-05, 4.34634275734e-05, 3.62198370567e-05, 2.8513102734e-05, 2.04006664717e-05, 7.29600333216e-06, 7.04200010659e-06, 7.22925051377e-06, 6.59369379719e-06, 1.19508158605e-05, 1.86555644177e-05, 1.69604918483e-05, 2.18580480578e-05, 2.68918338406e-05, 1.63198510563e-05, 1.05871986307e-05, 6.70253530188e-06, 5.57873909202e-06, 8.00871566753e-06, 9.92536934064e-06, 9.04129774426e-06, 9.88043029793e-06, 1.0852865671e-05, 1.10344581117e-05, 1.0834684872e-05, 1.20831728054e-05, 1.1601568076e-05, 9.11582174012e-06, 7.28609666112e-06, 8.91623039934e-06, 7.26222970115e-06, 6.93084621162e-06, 7.4683262028e-06, 6.57820874039e-06, 5.83898599871e-06, 4.68602092951e-06, 3.02032890431e-06, 3.30722514263e-06, 2.26438851314e-06, 1.83099757578e-06, 1.22638448374e-06, 7.02056240698e-07, 4.63228104763e-07, 2.16042437273e-07, 1.55881892283e-07, 1.16190257415e-07, 1.05090414593e-07, 7.38179792847e-08, 4.83889053271e-08, 4.54304966979e-08, 3.20023758604e-08, 2.41878108653e-08, 1.49025733975e-08, 9.63283852684e-09, 5.95461546737e-09, 6.60648957762e-09, 4.06162392608e-09, 4.21420498498e-09, 1.78969605802e-09, 2.88199220044e-09, 7.55840778854e-10, 1.14348019942e-09, 1.03234987225e-09, 7.79942888052e-10, 4.94856211564e-10, 3.53688189847e-10, 3.36944860901e-10, 3.29939298105e-10, 3.23421567305e-10, 3.18521181653e-10, 3.15928949668e-10]
    },
    "mfcc": {
        "mean": [-860.188964844, 85.157371521, -18.3365058899, 1.11291193962, -10.9776086807, 4.2302441597, 0.355040282011, 5.91873121262, -6.39355659485, 1.91070115566, -4.22189378738, 1.7036677599, 0.260868728161],
        "cov": [[77525.203125, 15491.5458984, -3101.77929688, 537.177429199, -1888.13574219, 820.469116211, -147.83442688, 1011.06573486, -1220.48449707, 369.492736816, -809.466796875, 314.298248291, 77.0802383423], [15491.5458984, 4204.14990234, -658.620117188, -21.7175750732, -438.825561523, 79.8960189819, 246.802581787, 276.618011475, -391.37512207, 7.06535196304, -185.200332642, 24.219959259, -35.214630127], [-3101.77929688, -658.620117188, 745.38848877, 146.774124146, 90.4579620361, 47.8007583618, -32.0854721069, -59.785900116, 8.90169143677, -61.0757637024, -7.66045284271, -1.33840203285, -35.3715667725], [537.177429199, -21.7175750732, 146.774124146, 287.020385742, 100.759880066, 24.2051544189, -148.248214722, -33.0127410889, 27.2299365997, 30.9223976135, -13.6891088486, 33.6677207947, 61.2336425781], [-1888.13574219, -438.825561523, 90.4579620361, 100.759880066, 176.874450684, -5.77550697327, -70.5266036987, -36.3246917725, 51.6107444763, 15.2685575485, 22.7078609467, 7.26988506317, 30.5649147034], [820.469116211, 79.8960189819, 47.8007583618, 24.2051544189, -5.77550697327, 145.765136719, 17.2345943451, 8.51230430603, -9.98310089111, 2.29330301285, 17.1933803558, -31.4949073792, -27.6848106384], [-147.83442688, 246.802581787, -32.0854721069, -148.248214722, -70.5266036987, 17.2345943451, 269.354888916, 55.7218894958, -76.2599639893, -27.920173645, 5.91954469681, -45.2823143005, -63.6300964355], [1011.06573486, 276.618011475, -59.785900116, -33.0127410889, -36.3246917725, 8.51230430603, 55.7218894958, 89.352180481, -28.5111484528, 8.98288822174, -9.73537063599, -7.38946247101, -5.94067955017], [-1220.48449707, -391.37512207, 8.90169143677, 27.2299365997, 51.6107444763, -9.98310089111, -76.2599639893, -28.5111484528, 117.63420105, 16.1156845093, 15.3859481812, 3.64529085159, 9.43375873566], [369.492736816, 7.06535196304, -61.0757637024, 30.9223976135, 15.2685575485, 2.29330301285, -27.920173645, 8.98288822174, 16.1156845093, 86.7006607056, 12.5351419449, 2.47321677208, 18.8115749359], [-809.466796875, -185.200332642, -7.66045284271, -13.6891088486, 22.7078609467, 17.1933803558, 5.91954469681, -9.73537063599, 15.3859481812, 12.5351419449, 75.3598022461, -14.0812158585, -4.70235538483], [314.298248291, 24.219959259, -1.33840203285, 33.6677207947, 7.26988506317, -31.4949073792, -45.2823143005, -7.38946247101, 3.64529085159, 2.47321677208, -14.0812158585, 101.218338013, 44.6548919678], [77.0802383423, -35.214630127, -35.3715667725, 61.2336425781, 30.5649147034, -27.6848106384, -63.6300964355, -5.94067955017, 9.43375873566, 18.8115749359, -4.70235538483, 44.6548919678, 85.3047409058]],
        "icov": [[0.000117014802527, -0.000301269785268, 0.000239690489252, -0.000281771208392, 0.00055465567857, -0.000588631781284, 0.000470909959404, -0.000232138947467, 0.000192296371097, -0.000235161234741, 0.000352757808287, -0.000266898365226, 0.000206624841667], [-0.000301269785268, 0.00151320744772, 7.6796997746e-05, -0.000349621026544, -0.000326751498505, 0.00125120091252, -0.00128947244957, -0.000460273295175, 0.00115706492215, 0.000716424838174, 2.48066703534e-06, 0.000321839412209, 0.000254665792454], [0.000239690489252, 7.6796997746e-05, 0.00305785634555, -0.00280859670602, 0.00150384602603, -0.00173619983252, 0.000602517393418, -0.000732740503736, 0.00202733371407, 0.00100213242695, 0.00171524193138, -0.00127571600024, 0.002712396672], [-0.000281771208392, -0.000349621026544, -0.00280859670602, 0.00972066260874, -0.00547655299306, -0.000181107971002, 0.00182474602479, 0.0020983570721, -0.00147097022273, -0.00159880868159, -9.87509774859e-05, 0.00115315546282, -0.00471513625234], [0.00055465567857, -0.000326751498505, 0.00150384602603, -0.00547655299306, 0.0132614830509, -0.00224717333913, 0.00163213897031, -0.00138437445275, 0.000643464620225, -0.00113454170059, 0.000433532317402, -0.000851967837662, 0.000207714299904], [-0.000588631781284, 0.00125120091252, -0.00173619983252, -0.000181107971002, -0.00224717333913, 0.0116086909547, -0.0024969750084, 0.000523248279933, -0.0010359614389, 0.000958515447564, -0.0044546816498, 0.00310974777676, 0.00123479531612], [0.000470909959404, -0.00128947244957, 0.000602517393418, 0.00182474602479, 0.00163213897031, -0.0024969750084, 0.00937641877681, -0.00357466214336, 0.00416153436527, -0.000477830006275, 0.000558915315196, -0.000130801126943, 0.00307651120238], [-0.000232138947467, -0.000460273295175, -0.000732740503736, 0.0020983570721, -0.00138437445275, 0.000523248279933, -0.00357466214336, 0.0168221909553, -0.00152008747682, -0.00210285698995, 0.000174494824023, 0.00132300110999, -0.0026704792399], [0.000192296371097, 0.00115706492215, 0.00202733371407, -0.00147097022273, 0.000643464620225, -0.0010359614389, 0.00416153436527, -0.00152008747682, 0.0162561647594, -0.0015577909071, 0.00135600927752, -0.00100034032948, 0.00377612235025], [-0.000235161234741, 0.000716424838174, 0.00100213242695, -0.00159880868159, -0.00113454170059, 0.000958515447564, -0.000477830006275, -0.00210285698995, -0.0015577909071, 0.0150528764352, -0.00315020349808, 0.00106991128996, -0.00159478979185], [0.000352757808287, 2.48066703534e-06, 0.00171524193138, -9.87509774859e-05, 0.000433532317402, -0.0044546816498, 0.000558915315196, 0.000174494824023, 0.00135600927752, -0.00315020349808, 0.0183890983462, 2.09748941415e-05, 0.000839817395899], [-0.000266898365226, 0.000321839412209, -0.00127571600024, 0.00115315546282, -0.000851967837662, 0.00310974777676, -0.000130801126943, 0.00132300110999, -0.00100034032948, 0.00106991128996, 2.09748941415e-05, 0.0145911574364, -0.00743590388447], [0.000206624841667, 0.000254665792454, 0.002712396672, -0.00471513625234, 0.000207714299904, 0.00123479531612, 0.00307651120238, -0.0026704792399, 0.00377612235025, -0.00159478979185, 0.000839817395899, -0.00743590388447, 0.0224584769458]]
    },
    "spectral_contrast_coeffs": {
        "max": [-0.4391502738, -0.332234621048, -0.401988506317, -0.50443559885, -0.594627261162, -0.598285615444],
        "mean": [-0.815468668938, -0.788372039795, -0.746844887733, -0.815674543381, -0.821893751621, -0.812170505524],
        "min": [-0.985721349716, -0.984232723713, -0.976326167583, -0.973346948624, -0.969928622246, -0.965975403786],
        "stdev": [0.111127249897, 0.144119754434, 0.175572291017, 0.114968717098, 0.103363655508, 0.103593848646]
    },
    "spectral_contrast_valleys": {
        "max": [-5.55102348328, -5.45730924606, -5.93978738785, -6.07844352722, -6.2692937851, -8.25790309906],
        "mean": [-13.7062082291, -13.467382431, -13.7169322968, -13.9486551285, -14.0846652985, -16.0138816833],
        "min": [-28.0511398315, -28.0646114349, -28.266084671, -27.7995929718, -27.6094589233, -27.4350643158],
        "stdev": [9.09016990662, 9.24059104919, 9.10274600983, 8.9283618927, 8.84886932373, 7.5697388649]
    }
},
"rhythm": {
    "beats_count": 62,
    "beats_loudness": {
        "max": 0.0800785794854,
        "mean": 0.0175494495779,
        "min": 0,
        "stdev": 0.0194051582366
    },
    "bpm": 140.105926514,
    "bpm_histogram_first_peak_bpm": 140,
    "bpm_histogram_first_peak_weight": 0.111111104488,
    "bpm_histogram_second_peak_bpm": 115,
    "bpm_histogram_second_peak_spread": 0.437499940395,
    "bpm_histogram_second_peak_weight": 0.147540986538,
    "danceability": 0.867212951183,
    "onset_rate": 1.88184142113,
    "beats_loudness_band_ratio": {
        "max": [0.379037410021, 0.523249447346, 0.698831140995, 0.920132398605, 0.579639911652, 0.758666396141],
        "mean": [0.0414560325444, 0.0578396990895, 0.158243298531, 0.317743360996, 0.0791408345103, 0.059183459729],
        "min": [0, 0, 0, 0, 0, 0],
        "stdev": [0.0721345692873, 0.103810794652, 0.206272080541, 0.345965951681, 0.13147649169, 0.150241494179]
    },
    "beats_position": [0.66176867485, 1.3235373497, 1.99691605568, 2.67029476166, 3.35528349876, 4.02866220474, 4.67882061005, 5.31736946106, 5.95591831207, 6.59446716309, 7.22140598297, 7.8251247406, 8.42884349823, 8.96290206909, 9.4853515625, 10.0078001022, 10.5186395645, 11.0294780731, 11.5287075043, 12.051156044, 12.5736055374, 13.0960540771, 13.6185035706, 14.1525621414, 14.6866207123, 15.2206802368, 15.7431287766, 16.2771873474, 16.7996368408, 17.3220863342, 17.8213157654, 18.2508831024, 18.6804523468, 19.1100215912, 19.5395908356, 19.96916008, 20.3987293243, 20.851518631, 21.3159179688, 21.7803173065, 22.2447166443, 22.7323360443, 23.2083435059, 23.6843528748, 24.1719722748, 24.6595916748, 25.1472110748, 25.6000003815, 26.0527877808, 26.5055770874, 26.9351463318, 27.3647155762, 27.7942848206, 28.2238540649, 28.6534233093, 29.0829925537, 29.5125617981, 29.9421310425, 30.3717002869, 30.8012695312, 31.2192287445, 31.6371879578],
