{
"metadata": {
    "version": {
        "essentia": "2.1-beta5",
        "essentia_git_sha": "Undefined",
        "extractor": "music 2.0"
    },
    "audio_properties": {
        "analysis": {
            "equal_loudness": 0,
            "length": 28.316734314,
            "sample_rate": 44100,
            "start_time": 175.252609253,
            "downmix": "mix"
        },
        "bit_rate": 192000,
        "length": 203.592559814,
        "lossless": 0,
        "number_channels": 2,
        "replay_gain": -5.37546539307,
        "sample_rate": 44100,
        "codec": "mp3",
        "md5_encoded": "f12e9a1867e4956742b6c122c629f28f"
    },
    "tags": {
        "file_name": "Ireland_Rock _n_ Roll Kids_Paul Harrington _ Charlie McGettigan.mp3",
        "encoding": ["Lavf58.29.100"]
    }
},
"lowlevel": {
    "average_loudness": 0.508492708206,
    "barkbands_crest": {
        "max": 23.985452652,
        "mean": 9.62330055237,
        "min": 2.61696267128,
        "stdev": 4.44987869263
    },
    "barkbands_flatness_db": {
        "max": 0.482332915068,
        "mean": 0.216676726937,
        "min": 0.0334985889494,
        "stdev": 0.070690177381
    },
    "barkbands_kurtosis": {
        "max": 177.794296265,
        "mean": 6.31271123886,
        "min": -1.75213432312,
        "stdev": 15.0330677032
    },
    "barkbands_skewness": {
        "max": 8.84827232361,
        "mean": 1.39663779736,
        "min": -1.74331986904,
        "stdev": 1.19085586071
    },
    "barkbands_spread": {
        "max": 68.51587677,
        "mean": 11.4408836365,
        "min": 0.245650932193,
        "stdev": 8.155128479
    },
    "dissonance": {
        "max": 0.49998947978,
        "mean": 0.448276042938,
        "min": 0.16248446703,
        "stdev": 0.05043983832
    },
    "dynamic_complexity": 5.14540910721,
    "erbbands_crest": {
        "max": 23.1061897278,
        "mean": 9.00598049164,
        "min": 3.19371914864,
        "stdev": 3.73725986481
    },
    "erbbands_flatness_db": {
        "max": 0.370966255665,
        "mean": 0.257281690836,
        "min": 0.126804575324,
        "stdev": 0.0341162979603
    },
    "erbbands_kurtosis": {
        "max": 61.1060791016,
        "mean": 1.98640072346,
        "min": -1.67903149128,
        "stdev": 4.94759321213
    },
    "erbbands_skewness": {
        "max": 6.38576078415,
        "mean": 0.9285171628,
        "min": -2.16253232956,
        "stdev": 0.877956628799
    },
    "erbbands_spread": {
        "max": 78.2661132812,
        "mean": 21.5025138855,
        "min": 3.07300591469,
        "stdev": 9.83723545074
    },
    "hfc": {
        "max": 250.067672729,
        "mean": 17.4946708679,
        "min": 9.65573781286e-05,
        "stdev": 24.1382541656
    },
    "loudness_ebu128": {
        "integrated": -20.238117218,
        "loudness_range": 11.0949707031,
        "momentary": {
            "max": -14.409488678,
            "mean": -23.1478939056,
            "min": -41.8381576538,
            "stdev": 5.55567073822
        },
        "short_term": {
            "max": -16.026473999,
            "mean": -22.4030075073,
            "min": -30.9268131256,
            "stdev": 4.47391462326
        }
    },
    "melbands_crest": {
        "max": 30.5749225616,
        "mean": 12.3378105164,
        "min": 2.99120116234,
        "stdev": 5.5829834938
    },
    "melbands_flatness_db": {
        "max": 0.573211371899,
        "mean": 0.233507409692,
        "min": 0.0328098349273,
        "stdev": 0.11987760663
    },
    "melbands_kurtosis": {
        "max": 127.466156006,
        "mean": 8.2118024826,
        "min": -1.41839122772,
        "stdev": 12.5854234695
    },
    "melbands_skewness": {
        "max": 6.46465110779,
        "mean": 1.76549959183,
        "min": -0.37248134613,
        "stdev": 0.986981272697
    },
    "melbands_spread": {
        "max": 133.866104126,
        "mean": 17.6305007935,
        "min": 0.366828233004,
        "stdev": 15.2880468369
    },
    "pitch_salience": {
        "max": 0.959947645664,
        "mean": 0.655474126339,
        "min": 0.118256576359,
        "stdev": 0.125328227878
    },
    "silence_rate_20dB": {
        "max": 1,
        "mean": 1,
        "min": 1,
        "stdev": 0
    },
    "silence_rate_30dB": {
        "max": 1,
        "mean": 0.998362004757,
        "min": 0,
        "stdev": 0.0404392853379
    },
    "silence_rate_60dB": {
        "max": 1,
        "mean": 0.157248154283,
        "min": 0,
        "stdev": 0.364040493965
    },
    "spectral_centroid": {
        "max": 4075.93432617,
        "mean": 1226.8137207,
        "min": 167.775634766,
        "stdev": 827.303894043
    },
    "spectral_complexity": {
        "max": 57,
        "mean": 19.5888614655,
        "min": 0,
        "stdev": 13.8982381821
    },
    "spectral_decrease": {
        "max": -1.38802628381e-14,
        "mean": -3.36354166741e-09,
        "min": -3.51822606603e-08,
        "stdev": 3.56510510002e-09
    },
    "spectral_energy": {
        "max": 0.144956842065,
        "mean": 0.0142816239968,
        "min": 6.11453359056e-08,
        "stdev": 0.015258628875
    },
    "spectral_energyband_high": {
        "max": 0.0344795361161,
        "mean": 0.000745566387195,
        "min": 5.74155478716e-09,
        "stdev": 0.00224689976312
    },
    "spectral_energyband_low": {
        "max": 0.0123545695096,
        "mean": 0.000841582310386,
        "min": 3.72912944968e-09,
        "stdev": 0.00118735781871
    },
    "spectral_energyband_middle_high": {
        "max": 0.088719882071,
        "mean": 0.00695801340044,
        "min": 3.26409086426e-08,
        "stdev": 0.00907826144248
    },
    "spectral_energyband_middle_low": {
        "max": 0.0815817862749,
        "mean": 0.00632875552401,
        "min": 1.97164329307e-08,
        "stdev": 0.00904740113765
    },
    "spectral_entropy": {
        "max": 8.47439956665,
        "mean": 7.09098339081,
        "min": 4.43639755249,
        "stdev": 0.87557131052
    },
    "spectral_flux": {
        "max": 0.358367115259,
        "mean": 0.0603195875883,
        "min": 0.00172285130247,
        "stdev": 0.0460324846208
    },
    "spectral_kurtosis": {
        "max": 76.7689743042,
        "mean": 11.2135715485,
        "min": -1.05045092106,
        "stdev": 13.7930135727
    },
    "spectral_rms": {
        "max": 0.0118920691311,
        "mean": 0.00330080697313,
        "min": 7.72359908296e-06,
        "stdev": 0.00174297660124
    },
    "spectral_rolloff": {
        "max": 6890.625,
        "mean": 1479.10803223,
        "min": 150.732421875,
        "stdev": 1194.89904785
    },
    "spectral_skewness": {
        "max": 7.240670681,
        "mean": 2.08658003807,
        "min": -0.348422855139,
        "stdev": 1.3802062273
    },
    "spectral_spread": {
        "max": 11333084,
        "mean": 2683941,
        "min": 1001441.75,
        "stdev": 725637.3125
    },
    "spectral_strongpeak": {
        "max": 7.71265411377,
        "mean": 0.913986206055,
        "min": 8.21333524073e-05,
        "stdev": 0.978809535503
    },
    "zerocrossingrate": {
        "max": 0.2353515625,
        "mean": 0.0533890165389,
        "min": 0.00537109375,
        "stdev": 0.0359187200665
    },
    "barkbands": {
        "max": [0.000623946543783, 0.00177142571192, 0.0063851904124, 0.0150631815195, 0.0134186148643, 0.0307846385986, 0.0288828797638, 0.0461620055139, 0.0383968912065, 0.0588512085378, 0.0774946883321, 0.013315230608, 0.0125038130209, 0.0119671327993, 0.00880431570113, 0.00713503034785, 0.00345398229547, 0.0023659102153, 0.0121042691171, 0.031692057848, 0.00905798189342, 0.0114139858633, 0.0120877837762, 0.00206563482061, 5.98373226239e-05, 1.46195148432e-07, 1.59593923854e-07],
        "mean": [1.47914788613e-05, 9.73716159933e-05, 0.000402882695198, 0.000733043649234, 0.000881040934473, 0.000891809875611, 0.000887535337824, 0.00105455715675, 0.0013586912537, 0.00185614661314, 0.00105088180862, 0.000779313384555, 0.000654214527458, 0.000708612031303, 0.000710940163117, 0.000471544219181, 0.000317641039146, 0.000239490051172, 0.000253316393355, 0.000380345154554, 0.000192991268705, 0.000167945428984, 0.000145971032907, 2.96543075819e-05, 8.91423781013e-07, 7.62203633542e-10, 6.2282379254e-10],
        "min": [1.09637388057e-09, 1.57511381715e-09, 1.07286468598e-09, 9.62508628355e-10, 2.99555180661e-09, 2.97320457143e-09, 3.38468586492e-09, 3.36784400368e-09, 4.76068251487e-09, 4.74058392541e-09, 6.21862650263e-09, 5.28626475926e-09, 2.99672353599e-09, 2.51274245855e-09, 2.01315430992e-09, 1.82791870529e-09, 1.73767966682e-09, 2.66254085446e-09, 9.9235830664e-10, 2.31378116666e-09, 2.68199484843e-09, 4.25322305153e-10, 7.3042677462e-10, 3.46067924317e-10, 3.85899437405e-11, 2.33609381839e-11, 2.95087322633e-11],
        "stdev": [2.99949733744e-05, 0.000192641338799, 0.000719747738913, 0.00172454200219, 0.00147725339048, 0.00217695115134, 0.00237513775937, 0.00410230085254, 0.00311267655343, 0.00375759787858, 0.0027392541524, 0.00129884539638, 0.000992876244709, 0.00106391566806, 0.00107042538002, 0.000720683077816, 0.000455385510577, 0.000347021181369, 0.000564151152503, 0.00154923833907, 0.000536895822734, 0.000587685091887, 0.00066612334922, 9.55540235736e-05, 2.7314192721e-06, 5.64838487094e-09, 4.63411353735e-09]
    },
    "erbbands": {
        "max": [0.0424585156143, 0.575952172279, 4.71699714661, 30.4450912476, 29.470287323, 62.7035369873, 238.194091797, 208.0496521, 421.447143555, 807.938842773, 1078.05822754, 1010.04675293, 2342.10180664, 2085.49804688, 1265.18713379, 601.782714844, 591.947875977, 605.266296387, 376.391815186, 467.240356445, 244.671646118, 209.862304688, 130.490570068, 325.138366699, 568.48034668, 1704.02355957, 753.752319336, 312.774902344, 367.119903564, 458.200653076, 334.135803223, 86.8643188477, 9.14813995361, 1.58942747116, 0.0785368680954, 0.00495400233194, 0.000967052474152, 0.000299337843899, 0.000151216270751, 0.000172829662915],
        "mean": [0.00144184869714, 0.0334003455937, 0.38499262929, 1.51779532433, 2.17701387405, 3.31509661674, 6.03245258331, 7.54991340637, 10.5374755859, 18.6545543671, 22.8502578735, 30.6169223785, 48.9703102112, 56.4733886719, 40.5098648071, 30.8595676422, 30.1008815765, 35.979183197, 39.234954834, 31.9288101196, 23.5802345276, 17.9873790741, 13.4503564835, 12.7289533615, 14.3792438507, 17.77227211, 10.8351640701, 6.68446969986, 5.84081125259, 5.87570714951, 3.75183272362, 1.20726180077, 0.267605245113, 0.0298642218113, 0.00119397218805, 0.000101121324406, 2.50270550168e-05, 8.0869467638e-06, 1.0193264643e-05, 1.84536147572e-05],
        "min": [6.3953976337e-08, 2.97981728181e-07, 1.05225512925e-06, 2.56744101534e-06, 5.46979890714e-06, 1.05905992314e-05, 1.74270298885e-05, 2.45312967309e-05, 4.16213806602e-05, 6.73056347296e-05, 8.08658296592e-05, 0.000112681758765, 0.000134245899972, 0.000178523972863, 0.00025977374753, 0.000215598483919, 0.000152320673806, 0.000125286678667, 0.000111942812509, 0.000121337987366, 9.0304245532e-05, 0.000105979546788, 0.000198812573217, 0.000118550422485, 4.57912974525e-05, 0.000118340722111, 0.000113904352474, 7.73319043219e-05, 1.69449012901e-05, 2.28782282647e-05, 1.95624379558e-05, 1.19881951832e-05, 3.76737830265e-06, 2.70208556685e-06, 1.04042953808e-06, 3.93823910372e-07, 1.65598592616e-07, 4.07835081262e-08, 5.9091154192e-09, 6.20892837144e-10],
        "stdev": [0.00292280665599, 0.0626809969544, 0.641829311848, 2.97623944283, 3.95064139366, 5.88084125519, 15.3562335968, 16.7412223816, 29.4100475311, 60.1506385803, 86.1007461548, 73.9718780518, 114.540519714, 116.623497009, 70.5439834595, 49.3310508728, 45.0384712219, 52.8324279785, 56.0148048401, 50.7616157532, 32.039264679, 24.6601085663, 18.9417724609, 21.3136672974, 33.8457717896, 75.8645172119, 38.9198417664, 18.090139389, 18.6889972687, 25.6756896973, 17.581703186, 4.42055034637, 0.635478794575, 0.0767958238721, 0.00345120020211, 0.000260360742686, 5.88524708292e-05, 1.91611161426e-05, 1.32452814796e-05, 2.0476658392e-05]
    },
    "gfcc": {
        "mean": [-110.104232788, 139.025344849, -176.522796631, 28.4191741943, -76.8788070679, 3.63676142693, -26.6747226715, -17.6220970154, 1.12052547932, -27.4084568024, 3.31233811378, -17.6836185455, 1.1811811924],
        "cov": [[11364.6474609, -4466.39794922, -5366.24414062, 418.511230469, -1162.2734375, 1211.55126953, 1100.06335449, 371.450775146, 595.601013184, 309.47857666, 115.171043396, 68.4345321655, 239.5287323], [-4466.39794922, 3216.55004883, 2836.42919922, -220.3359375, 728.065979004, -962.690063477, -592.670837402, -370.651977539, -347.231079102, -237.748336792, -82.2212982178, -158.461837769, -265.098266602], [-5366.24414062, 2836.42919922, 3381.54394531, 16.9921474457, 598.291137695, -899.391723633, -739.432861328, -336.83001709, -413.889190674, -265.618041992, -119.91255188, -157.232681274, -224.609191895], [418.511230469, -220.3359375, 16.9921474457, 301.277160645, -46.7755737305, 13.9432725906, -50.8001785278, -33.4199333191, -8.08407688141, -24.6178607941, -20.6556377411, -17.0865249634, 3.08566617966], [-1162.2734375, 728.065979004, 598.291137695, -46.7755737305, 350.965515137, -159.079620361, -96.9572525024, -27.4578132629, -60.5265884399, -26.9460868835, -23.4777889252, -32.6632041931, -41.490940094], [1211.55126953, -962.690063477, -899.391723633, 13.9432725906, -159.079620361, 452.117980957, 221.114471436, 153.507263184, 110.947631836, 97.827796936, 31.3136005402, 62.0234642029, 111.430900574], [1100.06335449, -592.670837402, -739.432861328, -50.8001785278, -96.9572525024, 221.114471436, 287.618499756, 116.303985596, 119.161651611, 58.0268440247, 23.3715934753, 48.7362976074, 31.9374446869], [371.450775146, -370.651977539, -336.83001709, -33.4199333191, -27.4578132629, 153.507263184, 116.303985596, 167.503295898, 77.8602523804, 47.7513961792, 21.3899478912, 16.7696552277, 42.0878791809], [595.601013184, -347.231079102, -413.889190674, -8.08407688141, -60.5265884399, 110.947631836, 119.161651611, 77.8602523804, 157.995880127, 62.6440505981, 23.7042255402, 37.4425125122, 12.6421298981], [309.47857666, -237.748336792, -265.618041992, -24.6178607941, -26.9460868835, 97.827796936, 58.0268440247, 47.7513961792, 62.6440505981, 131.528701782, 36.0050125122, 1.99456727505, 30.2327251434], [115.171043396, -82.2212982178, -119.91255188, -20.6556377411, -23.4777889252, 31.3136005402, 23.3715934753, 21.3899478912, 23.7042255402, 36.0050125122, 55.1088256836, 28.0299530029, 10.3111629486], [68.4345321655, -158.461837769, -157.232681274, -17.0865249634, -32.6632041931, 62.0234642029, 48.7362976074, 16.7696552277, 37.4425125122, 1.99456727505, 28.0299530029, 88.8191375732, 26.0498600006], [239.5287323, -265.098266602, -224.609191895, 3.08566617966, -41.490940094, 111.430900574, 31.9374446869, 42.0878791809, 12.6421298981, 30.2327251434, 10.3111629486, 26.0498600006, 80.0248794556]],
        "icov": [[0.000741701573133, -0.000569161318708, 0.00157025305089, -0.0013734435197, 0.000957961892709, 0.00019014038844, -0.000317187863402, -0.000154278881382, 0.000152496635565, 0.000181391980732, 0.000177274749149, 0.00113637081813, 0.00030902060098], [-0.000569161318708, 0.00458416435868, -0.0031519040931, 0.0038575718645, -0.00445043016225, 0.00207708589733, -0.000239614324528, 0.00359556195326, -0.00114219717216, 0.00161502882838, -0.00313623342663, 0.00146356772166, 0.000397116906242], [0.00157025305089, -0.0031519040931, 0.00559527706355, -0.00418503303081, 0.00280647072941, 0.000322695384966, 0.00170442950912, -0.00274192378856, 0.00204380205832, -0.000500331807416, 0.00289943208918, 0.000341122504324, 0.00187362323049], [-0.0013734435197, 0.0038575718645, -0.00418503303081, 0.00836300756782, -0.00379886897281, 0.000183407770237, 0.00159343867563, 0.00356408022344, -0.00200393400155, 0.00187006243505, -0.00168303481769, 0.000473074469483, -0.000241311689024], [0.000957961892709, -0.00445043016225, 0.00280647072941, -0.00379886897281, 0.00904973968863, -0.00130085647106, -0.000816375948489, -0.00418874435127, 0.00131016655359, -0.00227353954688, 0.00388989248313, -0.000636679120362, -0.000196506138309], [0.00019014038844, 0.00207708589733, 0.000322695384966, 0.000183407770237, -0.00130085647106, 0.00853056740016, -0.00184168014675, -0.00110568257514, 0.000944059574977, -0.00117556971963, 0.000600644270889, -0.000546642637346, -0.00363054173067], [-0.000317187863402, -0.000239614324528, 0.00170442950912, 0.00159343867563, -0.000816375948489, -0.00184168014675, 0.0115579059348, -0.003517200239, -0.000673342728987, -0.000282813445665, 0.00320221786387, -0.00382697838359, 0.00530277239159], [-0.000154278881382, 0.00359556195326, -0.00274192378856, 0.00356408022344, -0.00418874435127, -0.00110568257514, -0.003517200239, 0.0152067737654, -0.00570434005931, 0.00343837914988, -0.00673979939893, 0.0063683851622, -0.00428919773549], [0.000152496635565, -0.00114219717216, 0.00204380205832, -0.00200393400155, 0.00131016655359, 0.000944059574977, -0.000673342728987, -0.00570434005931, 0.0145394159481, -0.00605070637539, 0.00420226249844, -0.00668311445042, 0.00583010632545], [0.000181391980732, 0.00161502882838, -0.000500331807416, 0.00187006243505, -0.00227353954688, -0.00117556971963, -0.000282813445665, 0.00343837914988, -0.00605070637539, 0.0154204033315, -0.0109305949882, 0.0085808923468, -0.00416127964854], [0.000177274749149, -0.00313623342663, 0.00289943208918, -0.00168303481769, 0.00388989248313, 0.000600644270889, 0.00320221786387, -0.00673979939893, 0.00420226249844, -0.0109305949882, 0.0327505916357, -0.0135440658778, 0.00438461871818], [0.00113637081813, 0.00146356772166, 0.000341122504324, 0.000473074469483, -0.000636679120362, -0.000546642637346, -0.00382697838359, 0.0063683851622, -0.00668311445042, 0.0085808923468, -0.0135440658778, 0.0237369742244, -0.00717253051698], [0.00030902060098, 0.000397116906242, 0.00187362323049, -0.000241311689024, -0.000196506138309, -0.00363054173067, 0.00530277239159, -0.00428919773549, 0.00583010632545, -0.00416127964854, 0.00438461871818, -0.00717253051698, 0.0256687123328]]
    },
    "melbands": {
        "max": [0.000393040594645, 0.00171524391044, 0.00525905797258, 0.00265128561296, 0.00624201307073, 0.00502106221393, 0.00577322440222, 0.00837947707623, 0.00894161872566, 0.00655737426132, 0.0115133970976, 0.00758691551164, 0.00764217972755, 0.0014488537563, 0.000790298508946, 0.00156016135588, 0.00118797679897, 0.000711877539288, 0.000686070416123, 0.000602025538683, 0.000227603013627, 0.000230591656873, 0.000228661680012, 0.000153535380377, 0.000266756978817, 0.000595547433477, 0.000649756577332, 0.00121058523655, 0.000732496147975, 0.000231334328419, 0.000165223391377, 0.000180226139491, 0.000261438137386, 0.000258425920038, 0.000233965518419, 8.12874786789e-05, 4.3494575948e-05, 7.66706216382e-06, 1.8168149154e-06, 8.90673220511e-07],
        "mean": [1.96035598492e-05, 0.0001544845436, 0.000289819930913, 0.000183905780432, 0.000209547448321, 0.000171804596903, 0.000161808799021, 0.00021732794994, 0.000182939242222, 0.000198559369892, 0.000247365736868, 0.000234892751905, 0.000142457574839, 9.47952066781e-05, 6.72928290442e-05, 6.61191224935e-05, 6.66530104354e-05, 6.27833214821e-05, 5.13815721206e-05, 3.58832039637e-05, 2.56107723544e-05, 1.90730461327e-05, 1.41001137308e-05, 1.10654909804e-05, 1.01280556919e-05, 9.4499282568e-06, 1.17883500934e-05, 1.19680917123e-05, 7.78315734351e-06, 4.37948710896e-06, 3.64128709407e-06, 3.22948449138e-06, 3.30082912114e-06, 3.26768667946e-06, 2.41978000304e-06, 1.25690212371e-06, 5.26283827185e-07, 2.08556471648e-07, 6.09638846072e-08, 9.17635123443e-09],
        "min": [5.54064183422e-10, 5.03320607415e-10, 5.1306736637e-10, 5.81552694889e-10, 5.8283244897e-10, 5.95958393745e-10, 6.42385145078e-10, 7.17623294122e-10, 6.76307732039e-10, 7.06107172732e-10, 6.70896505017e-10, 6.98201385596e-10, 8.54075310475e-10, 6.78674949572e-10, 4.13039991098e-10, 2.88877283205e-10, 2.26755433874e-10, 1.83616843952e-10, 1.62122634761e-10, 1.46202411289e-10, 9.78623015957e-11, 9.2545755781e-11, 1.69939173844e-10, 1.04100922327e-10, 9.09515379677e-11, 1.75485962567e-11, 5.93030832774e-11, 8.16909040413e-11, 6.19092832554e-11, 7.93934223919e-11, 3.03286770698e-11, 6.78918206376e-12, 1.00956925111e-11, 1.37076973036e-11, 1.12479687023e-11, 8.81015572995e-12, 7.52730083126e-12, 2.68853364051e-12, 1.82384055775e-12, 3.11564874378e-13],
        "stdev": [3.47813438566e-05, 0.000238394233747, 0.000556719838642, 0.000278674415313, 0.000459116767161, 0.000382384721888, 0.000436824891949, 0.000721582269762, 0.000661853700876, 0.000470208527986, 0.000570046831854, 0.000478301284602, 0.000304907880491, 0.000162896991242, 9.3370617833e-05, 0.000105857398012, 0.000102472091385, 9.20534512261e-05, 8.21125504444e-05, 5.95104211243e-05, 3.54734911525e-05, 2.72098459391e-05, 2.19154226215e-05, 1.62459036801e-05, 1.7840298824e-05, 2.5215846108e-05, 3.57065327989e-05, 5.4975902458e-05, 3.33257885359e-05, 1.25775150082e-05, 9.91360866465e-06, 9.90492117126e-06, 1.27527855511e-05, 1.51212898345e-05, 1.22475485114e-05, 4.87234456159e-06, 1.87469004231e-06, 4.81820904952e-07, 1.39405585742e-07, 3.66731391921e-08]
    },
    "melbands128": {
        "max": [0.000529165146872, 0.00047398157767, 0.000604026135989, 0.00120972131845, 0.00247482443228, 0.00360649568029, 0.00653923349455, 0.00813988596201, 0.00350675941445, 0.00456487527117, 0.00465868506581, 0.00594618963078, 0.0101381270215, 0.0143324555829, 0.00547750806436, 0.00593204051256, 0.00773339811713, 0.00975457858294, 0.00896152574569, 0.0159909743816, 0.0132467467338, 0.019404347986, 0.0157904904336, 0.015033734031, 0.0100608142093, 0.0117539437488, 0.0124436197802, 0.0219658017159, 0.00690640043467, 0.00833881273866, 0.010138226673, 0.0227214284241, 0.0053130434826, 0.00250997743569, 0.00262492056936, 0.00188388698734, 0.00260011013597, 0.00127884163521, 0.00110628723633, 0.00226979190484, 0.00207452522591, 0.00115526095033, 0.00173781078774, 0.00163644261193, 0.000929590780288, 0.00147299910896, 0.00118832325097, 0.00132737855893, 0.000909529044293, 0.00109748868272, 0.000793370301835, 0.000887685222551, 0.000403974787332, 0.000360855192412, 0.000465755729238, 0.000387432868592, 0.000412627094192, 0.000337980425684, 0.000267303490546, 0.000245027098572, 0.000246339128353, 0.000230954712606, 0.0002180331212, 0.000241342830122, 0.000699810450897, 0.000922795676161, 0.000509945559315, 0.000420489581302, 0.00065993622411, 0.00179330469109, 0.00143900990952, 0.000856285914779, 0.00128288613632, 0.000785128388088, 0.000361316633644, 0.000183221971383, 0.000234391409322, 0.000204674288398, 0.000127017512568, 0.000197891669814, 0.00026402369258, 0.000337115052389, 0.000190232458408, 0.000233852930251, 0.000417284638388, 0.000332373892888, 0.000342360261129, 0.000404212070862, 0.000261300709099, 0.00018279577489, 0.000136160640977, 7.56165754865e-05, 9.14227348403e-05, 4.79780755995e-05, 1.72223499249e-05, 1.09652373794e-05, 7.00014697941e-06, 4.09259973821e-06, 2.62305115939e-06, 1.7913235979e-06, 1.64637231137e-06, 7.05075876795e-07, 6.70692941185e-08, 1.66034264115e-09, 1.34264988016e-09, 1.21815124654e-09, 1.08412601119e-09, 1.04260156064e-09, 1.05774067283e-09, 9.59401336154e-10, 9.20734100074e-10, 8.92167728583e-10, 8.67610594479e-10, 8.3029977338e-10, 8.1327561352e-10, 7.84385667529e-10, 7.70174202191e-10, 7.50010387129e-10, 7.38195005123e-10, 7.02354729931e-10, 6.82629008875e-10, 6.71803335184e-10, 6.62028654119e-10, 6.53857468169e-10, 6.35288932571e-10, 6.25918927799e-10, 6.20272389007e-10, 6.25508367325e-10],
        "mean": [1.01301957329e-05, 9.38801986194e-06, 1.3391900211e-05, 5.70623051317e-05, 0.000161405667313, 0.00020237370336, 0.000297623948427, 0.000386942847399, 0.000181220428203, 0.000152210050146, 0.000188350226381, 0.000206593162147, 0.000182871081051, 0.000264653208433, 0.000190457765711, 9.54978531809e-05, 0.000152016611537, 0.000181922252523, 0.000152947206516, 0.000222580783884, 0.000244210619712, 0.000228963428526, 0.000149203173351, 0.000171929481439, 0.000195847431314, 0.000201835326152, 0.000225397088798, 0.000257270701695, 0.000253595237155, 0.000284045090666, 0.000210346159292, 0.000172839136212, 0.000144599151099, 0.000117533571029, 0.000106828818389, 8.85956324055e-05, 7.52949417802e-05, 6.47703345749e-05, 6.24659223831e-05, 6.71446614433e-05, 6.74657712807e-05, 6.39273566776e-05, 6.93125039106e-05, 6.78391515976e-05, 5.88074799452e-05, 6.36828262941e-05, 6.62210877636e-05, 5.29246099177e-05, 4.4630618504e-05, 4.1164279537e-05, 3.48856083292e-05, 3.12528864015e-05, 2.71487042482e-05, 2.34290546359e-05, 2.07379343919e-05, 1.90342816495e-05, 1.74435626832e-05, 1.58636994456e-05, 1.25238821056e-05, 1.11005529106e-05, 1.11421804831e-05, 1.0840336472e-05, 1.08736976472e-05, 1.01044697658e-05, 8.55860889715e-06, 9.0322619144e-06, 1.01175819509e-05, 1.10436230898e-05, 1.23296822494e-05, 1.25170563479e-05, 1.23454883578e-05, 1.17405988931e-05, 1.03096854218e-05, 6.92626645105e-06, 5.05759817315e-06, 4.38889492216e-06, 4.19246680394e-06, 3.75222043658e-06, 3.70495217794e-06, 3.35230697601e-06, 3.09704341817e-06, 3.37184337695e-06, 3.09548977384e-06, 3.25429459735e-06, 3.49836795976e-06, 3.37493383995e-06, 3.18998786497e-06, 3.07997947857e-06, 2.42977353082e-06, 1.97250983547e-06, 1.54874419422e-06, 1.04332241335e-06, 7.59387205562e-07, 5.51322898446e-07, 3.61717553687e-07, 2.66140489202e-07, 1.88082367458e-07, 1.01982571721e-07, 7.11012688726e-08, 3.12555634707e-08, 1.47171004272e-08, 6.74557698588e-09, 3.05463043748e-10, 9.21217442607e-12, 7.25020260842e-12, 6.4928904267e-12, 6.07230151578e-12, 5.83189659759e-12, 5.64207578227e-12, 5.11892828473e-12, 4.92141570552e-12, 4.61870385687e-12, 4.32038693016e-12, 4.06870674305e-12, 3.95777768197e-12, 3.73758662908e-12, 3.24500712759e-12, 2.85686556876e-12, 2.79171174025e-12, 2.7196333293e-12, 2.65962143801e-12, 2.60804745855e-12, 2.55800545676e-12, 2.51175057316e-12, 2.48040433679e-12, 2.46175497522e-12, 2.44494398685e-12, 2.43229568431e-12],
        "min": [5.73971592477e-10, 6.05556438327e-10, 5.41415690058e-10, 4.65100902236e-10, 4.8572190714e-10, 5.49812417816e-10, 5.23441623379e-10, 4.6626752459e-10, 5.38252997728e-10, 6.19184981066e-10, 5.7469984327e-10, 6.13015138651e-10, 6.77898182033e-10, 4.35623453976e-10, 3.57555290931e-10, 8.43080716351e-10, 9.11523523328e-10, 3.7740119363e-10, 5.85344328563e-10, 9.52784739994e-10, 5.9724414303e-10, 5.8844418227e-10, 7.50858875076e-10, 6.55866472243e-10, 7.91473275807e-10, 6.85326795313e-10, 5.97002725033e-10, 6.52633169729e-10, 7.73121566766e-10, 6.61943944102e-10, 6.89244827878e-10, 5.23026288946e-10, 5.0451237632e-10, 8.98273344596e-10, 5.96976190703e-10, 7.43906158895e-10, 5.22187681984e-10, 4.05065647691e-10, 3.23791299328e-10, 3.66790431361e-10, 2.59150950699e-10, 2.23656218545e-10, 2.24679594374e-10, 2.38680575304e-10, 2.01957672807e-10, 1.7648590922e-10, 1.51486864719e-10, 1.51307841256e-10, 1.67767244541e-10, 1.88507029431e-10, 1.45685033481e-10, 1.10766749939e-10, 7.79282610663e-11, 1.26300844783e-10, 7.0502610694e-11, 8.06222380523e-11, 1.07344494404e-10, 1.47006323781e-10, 6.12163583713e-11, 8.02860555815e-11, 5.06487872476e-11, 6.57618612343e-11, 1.21111828899e-10, 6.48330208963e-11, 2.86744534367e-11, 6.80105667963e-12, 1.13862192244e-11, 4.15043902025e-11, 6.6312955127e-11, 9.33689237037e-11, 7.15791662054e-11, 4.46304972146e-11, 1.49766241075e-11, 5.38131934846e-11, 8.04725314163e-11, 7.91314305748e-11, 7.8930369185e-11, 5.35901704957e-11, 2.55787387798e-11, 3.14125309965e-12, 4.93772123883e-12, 9.23580656398e-12, 8.70554323074e-12, 9.57619920861e-12, 1.066087843e-11, 1.60350205336e-11, 1.44299268715e-11, 1.08741965085e-11, 9.36950517172e-12, 1.35803946213e-11, 1.15649052834e-11, 2.82085834725e-12, 4.5966373069e-12, 6.05804859402e-12, 7.64307540868e-12, 3.05326619023e-12, 1.15618842625e-12, 7.95211281806e-13, 6.00172147223e-13, 2.73002405187e-13, 2.57468173301e-13, 1.97815830556e-13, 9.74861806406e-14, 9.06228827331e-14, 1.18048312011e-13, 1.01182185189e-13, 6.00705195222e-14, 1.23755091461e-13, 1.33224689418e-13, 1.00894722535e-13, 1.08715743656e-13, 1.06397102771e-13, 1.15891359551e-13, 1.0952999304e-13, 1.15942208633e-13, 1.06700564183e-13, 7.72476294085e-14, 1.0390866905e-13, 8.69931432662e-14, 8.70483833669e-14, 1.07921748523e-13, 1.02323348633e-13, 1.07517042958e-13, 1.00643844929e-13, 1.03334102885e-13, 9.86978511072e-14, 1.16252805451e-13, 1.05838189775e-13],
        "stdev": [2.33638947975e-05, 2.61629502347e-05, 3.27397792717e-05, 0.000125777165522, 0.000312840915285, 0.000376276060706, 0.000596779223997, 0.000952014932409, 0.000366891559679, 0.000345065142028, 0.000377302872948, 0.000514078827109, 0.000615378550719, 0.000835339887999, 0.000482620234834, 0.00037123306538, 0.00054542766884, 0.000636686454527, 0.000565284863114, 0.000922411738429, 0.00109672360122, 0.0012380288681, 0.000809784396552, 0.000720755080692, 0.000621236220468, 0.000630300608464, 0.000659843324684, 0.000899906735867, 0.000530725927092, 0.000651360140182, 0.000547189847566, 0.000719973875675, 0.000288092182018, 0.00022716957028, 0.000221422873437, 0.000190344289877, 0.000155331537826, 0.000105079896457, 9.89651452983e-05, 0.00014643954637, 0.000137154740514, 0.000103733647848, 0.000133830442792, 0.000123981546494, 0.000103813275928, 0.000120246550068, 0.000121281504107, 0.000104546314105, 8.88025824679e-05, 9.22666440601e-05, 6.87486535753e-05, 6.13763477304e-05, 4.34260291513e-05, 3.82526050089e-05, 3.93901100324e-05, 3.17721605825e-05, 2.98424802168e-05, 2.95114969049e-05, 2.34837079915e-05, 1.96052787942e-05, 1.85676981346e-05, 1.9278992113e-05, 2.13847742998e-05, 2.07484863495e-05, 2.60173183051e-05, 3.26645822497e-05, 2.62870617007e-05, 2.64916889137e-05, 4.08533269365e-05, 6.88334766892e-05, 6.10483475612e-05, 5.24298702658e-05, 5.4221614846e-05, 3.36434786732e-05, 1.79424569069e-05, 1.17396584756e-05, 1.41488872032e-05, 1.08365329652e-05, 9.73733040155e-06, 1.00852521427e-05, 1.00885890788e-05, 1.3301515537e-05, 1.01869245555e-05, 1.2327177501e-05, 1.72488598764e-05, 1.52045859068e-05, 1.5663821614e-05, 1.84271193575e-05, 1.24277457871e-05, 9.37352979236e-06, 6.40640564598e-06, 3.94627340938e-06, 3.63890535482e-06, 2.04778075386e-06, 9.51881418132e-07, 6.81442372752e-07, 4.20340910523e-07, 2.54806451494e-07, 1.7659237983e-07, 9.06728701011e-08, 6.73844482435e-08, 3.12080103981e-08, 2.33878028055e-09, 6.12537312539e-11, 5.20944329341e-11, 4.78083059252e-11, 4.35670631516e-11, 4.23507791336e-11, 4.17386819551e-11, 3.45070985674e-11, 3.75618737503e-11, 3.543685137e-11, 3.25250069932e-11, 3.0060315348e-11, 3.01314008466e-11, 2.86190186133e-11, 2.36175835833e-11, 2.17640974687e-11, 2.14113431846e-11, 2.038493159e-11, 1.98144573665e-11, 1.94960072392e-11, 1.92092574486e-11, 1.89688143665e-11, 1.84374321366e-11, 1.8166855173e-11, 1.80024519597e-11, 1.81470047322e-11]
    },
    "mfcc": {
        "mean": [-723.162902832, 146.0209198, -32.8589782715, 11.8563394547, -20.0448436737, 7.4471487999, -18.8660697937, 10.0809593201, -12.0620393753, 4.25134897232, -10.6143684387, -0.769036948681, -7.51029253006],
        "cov": [[16011.1503906, -6254.00830078, -4966.8125, -1258.01037598, -2507.91259766, 1138.51184082, -213.754562378, 1008.46514893, 207.120162964, 1401.71838379, -275.422241211, 697.203491211, -201.459625244], [-6254.00830078, 3850.3684082, 2129.06176758, 794.012939453, 1119.85717773, -575.097717285, 30.7586956024, -539.782104492, -218.874923706, -645.977844238, 88.5913085938, -280.548858643, 58.7046356201], [-4966.8125, 2129.06176758, 2118.55688477, 647.075195312, 894.721923828, -426.79107666, 6.59212064743, -432.545288086, -153.153808594, -545.210327148, 18.9006175995, -277.980163574, 50.4504051208], [-1258.01037598, 794.012939453, 647.075195312, 491.962097168, 298.244506836, -118.007568359, -70.7627334595, -143.359085083, -125.189704895, -140.962097168, -62.9626617432, -59.6462669373, -7.42172050476], [-2507.91259766, 1119.85717773, 894.721923828, 298.244506836, 619.399780273, -205.531524658, 70.8753814697, -229.654891968, -6.69489526749, -277.993804932, 45.1417350769, -132.058502197, 49.0332527161], [1138.51184082, -575.097717285, -426.79107666, -118.007568359, -205.531524658, 221.828918457, -14.0046043396, 103.428588867, 22.0365982056, 124.281135559, -23.2167224884, 72.0623092651, -31.5414447784], [-213.754562378, 30.7586956024, 6.59212064743, -70.7627334595, 70.8753814697, -14.0046043396, 156.136993408, -19.4849662781, 69.6759414673, -33.0903167725, 28.1602592468, -9.86989021301, 17.2352771759], [1008.46514893, -539.782104492, -432.545288086, -143.359085083, -229.654891968, 103.428588867, -19.4849662781, 248.127685547, 33.2458839417, 123.334915161, 1.61916434765, 41.4786262512, -23.0304908752], [207.120162964, -218.874923706, -153.153808594, -125.189704895, -6.69489526749, 22.0365982056, 69.6759414673, 33.2458839417, 144.304992676, 40.825340271, 43.3195648193, 25.4548225403, 24.7641887665], [1401.71838379, -645.977844238, -545.210327148, -140.962097168, -277.993804932, 124.281135559, -33.0903167725, 123.334915161, 40.825340271, 265.759796143, -23.6470584869, 99.3265380859, -7.49581575394], [-275.422241211, 88.5913085938, 18.9006175995, -62.9626617432, 45.1417350769, -23.2167224884, 28.1602592468, 1.61916434765, 43.3195648193, -23.6470584869, 125.163459778, 4.25028753281, 28.8387451172], [697.203491211, -280.548858643, -277.980163574, -59.6462669373, -132.058502197, 72.0623092651, -9.86989021301, 41.4786262512, 25.4548225403, 99.3265380859, 4.25028753281, 137.809844971, 0.814789891243], [-201.459625244, 58.7046356201, 50.4504051208, -7.42172050476, 49.0332527161, -31.5414447784, 17.2352771759, -23.0304908752, 24.7641887665, -7.49581575394, 28.8387451172, 0.814789891243, 68.7050704956]],
        "icov": [[0.000395367707824, 0.000289657502435, 0.000671136891469, -0.00048659692402, 0.000505808682647, 3.01735108224e-05, 4.28974635724e-05, 0.000314703473123, -1.92935044652e-06, 0.000118428222777, 0.000134292640723, 2.03154104383e-05, 7.10382009856e-05], [0.000289657502435, 0.001062073512, 0.000323175743688, -0.000693799229339, -0.000288953306153, 0.00081034633331, -0.000104230937723, 0.00047504180111, 0.00076477334369, 0.000348977802787, -0.000519520894159, -0.000181756578968, 0.000375869392883], [0.000671136891469, 0.000323175743688, 0.00335734081455, -0.00177251489367, -0.000207962206332, 0.000898019992746, 0.000563661218621, 0.00126058328897, 0.00015297497157, 0.00164215941913, 0.000190929276869, 0.00104242539965, -9.1621055617e-05], [-0.00048659692402, -0.000693799229339, -0.00177251489367, 0.00623591151088, -0.00278413598426, -0.000211126854992, 0.0016532370355, -0.000789078359958, 0.00231517083012, -0.00120157189667, 0.00236070994288, -0.00166552967858, 0.000415268965298], [0.000505808682647, -0.000288953306153, -0.000207962206332, -0.00278413598426, 0.00788054615259, -0.000433253211668, -0.00157575809862, 0.00176985911094, -0.0033454769291, 0.00195290194824, -0.000822940201033, 0.00160561816301, -0.00150720064994], [3.01735108224e-05, 0.00081034633331, 0.000898019992746, -0.000211126854992, -0.000433253211668, 0.00890909042209, -4.47649035777e-05, -0.000472363259178, 0.000517313659657, -0.00021301342349, 0.000303631881252, -0.0016848485684, 0.00264880433679], [4.28974635724e-05, -0.000104230937723, 0.000563661218621, 0.0016532370355, -0.00157575809862, -4.47649035777e-05, 0.0098975142464, 0.000623082916718, -0.0038772765547, 0.00152411917225, 0.000865918758791, 4.89383783133e-05, 9.31827526074e-06], [0.000314703473123, 0.00047504180111, 0.00126058328897, -0.000789078359958, 0.00176985911094, -0.000472363259178, 0.000623082916718, 0.00749197648838, -0.00103313010186, -0.00020719213353, -0.00121388398111, 0.00167921092361, 0.00122048903722], [-1.92935044652e-06, 0.00076477334369, 0.00015297497157, 0.00231517083012, -0.0033454769291, 0.000517313659657, -0.0038772765547, -0.00103313010186, 0.0138903670013, -0.00211811857298, -0.00199025962502, -0.00153371295892, -0.00165410048794], [0.000118428222777, 0.000348977802787, 0.00164215941913, -0.00120157189667, 0.00195290194824, -0.00021301342349, 0.00152411917225, -0.00020719213353, -0.00211811857298, 0.0102705834433, 0.00124274310656, -0.0019807361532, -0.00184404244646], [0.000134292640723, -0.000519520894159, 0.000190929276869, 0.00236070994288, -0.000822940201033, 0.000303631881252, 0.000865918758791, -0.00121388398111, -0.00199025962502, 0.00124274310656, 0.0116499084979, -0.00172002334148, -0.00296158809215], [2.03154104383e-05, -0.000181756578968, 0.00104242539965, -0.00166552967858, 0.00160561816301, -0.0016848485684, 4.89383783133e-05, 0.00167921092361, -0.00153371295892, -0.0019807361532, -0.00172002334148, 0.0118540860713, -0.00118116743397], [7.10382009856e-05, 0.000375869392883, -9.1621055617e-05, 0.000415268965298, -0.00150720064994, 0.00264880433679, 9.31827526074e-06, 0.00122048903722, -0.00165410048794, -0.00184404244646, -0.00296158809215, -0.00118116743397, 0.0189048498869]]
    },
    "spectral_contrast_coeffs": {
        "max": [-0.423482775688, -0.512314736843, -0.520459473133, -0.678916037083, -0.616400182247, -0.486447870731],
        "mean": [-0.687395453453, -0.761044085026, -0.780071794987, -0.808849871159, -0.791682362556, -0.69056391716],
        "min": [-0.925503611565, -0.972560763359, -0.97690564394, -0.959964156151, -0.929675579071, -0.867266774178],
        "stdev": [0.100374482572, 0.0701124221087, 0.0473735779524, 0.0377690382302, 0.0407494083047, 0.0842382833362]
    },
    "spectral_contrast_valleys": {
        "max": [-6.01866912842, -5.05201673508, -5.09815645218, -5.45666646957, -5.50833034515, -8.90870857239],
        "mean": [-8.00425243378, -7.07262325287, -7.46846628189, -7.92598581314, -8.45563983917, -12.2709760666],
        "min": [-12.084394455, -11.4675292969, -11.5606355667, -12.3775606155, -12.2924509048, -15.510181427],
        "stdev": [0.720205247402, 0.856248259544, 1.60074841976, 1.74986875057, 1.84927940369, 1.4897749424]
    }
},
"rhythm": {
    "beats_count": 57,
    "beats_loudness": {
        "max": 0.114161014557,
        "mean": 0.0187981296331,
        "min": 0.000145935991895,
        "stdev": 0.0192467719316
    },
    "bpm": 129.215377808,
    "bpm_histogram_first_peak_bpm": 129,
    "bpm_histogram_first_peak_weight": 0.200000047684,
    "bpm_histogram_second_peak_bpm": 105,
    "bpm_histogram_second_peak_spread": 0.538461565971,
    "bpm_histogram_second_peak_weight": 0.107142858207,
    "danceability": 0.84413343668,
    "onset_rate": 2.57692432404,
    "beats_loudness_band_ratio": {
        "max": [0.903337001801, 0.796894609928, 0.707783162594, 0.762723982334, 0.374797910452, 0.74725240469],
        "mean": [0.169753864408, 0.215924277902, 0.222965732217, 0.252362072468, 0.112117104232, 0.070942401886],
        "min": [0.00150891428348, 0.00268150423653, 0.0073572085239, 0.000132787463372, 0.000166698911926, 8.97121572052e-05],
        "stdev": [0.237629070878, 0.252689629793, 0.190464094281, 0.235333859921, 0.109298296273, 0.131692245603]
    },
    "beats_position": [0.476009070873, 0.952018141747, 1.43963718414, 1.92725622654, 2.41487526894, 2.97215414047, 3.50621318817, 4.05188179016, 4.62077093124, 5.18965959549, 5.75854873657, 6.31582736969, 6.87310647964, 7.41877555847, 7.98766422272, 8.54494285583, 9.11383247375, 9.682721138, 10.2632198334, 10.866938591, 11.4706573486, 12.0975961685, 12.7245349884, 13.3514738083, 13.9087524414, 14.4660310745, 14.9768705368, 15.4760990143, 15.9869384766, 16.4048976898, 16.8344669342, 17.2640361786, 17.693605423, 18.0651245117, 18.4482536316, 18.8313827515, 19.2145118713, 19.5860309601, 19.96916008, 20.3406791687, 20.7121982574, 21.0837192535, 21.4668483734, 21.8615875244, 22.2447166443, 22.6394557953, 23.0341949463, 23.4289340973, 23.8933334351, 24.3577327728, 24.8221302032, 25.286529541, 25.7509288788, 26.2153282166, 26.6797275543, 27.1441268921, 27.5969161987],
