{
"metadata": {
    "version": {
        "essentia": "2.1-beta5",
        "essentia_git_sha": "Undefined",
        "extractor": "music 2.0"
    },
    "audio_properties": {
        "analysis": {
            "equal_loudness": 0,
            "length": 48.7502937317,
            "sample_rate": 44100,
            "start_time": 12.7477550507,
            "downmix": "mix"
        },
        "bit_rate": 192000,
        "length": 207.667663574,
        "lossless": 0,
        "number_channels": 2,
        "replay_gain": 0.171854019165,
        "sample_rate": 48000,
        "codec": "mp3",
        "md5_encoded": "9cd7502c44b28a36f52034d052045880"
    },
    "tags": {
        "file_name": "Cyprus_Ime Anthropos Ke Ego_Evridiki.mp3",
        "encoding": ["Lavf58.29.100"]
    }
},
"lowlevel": {
    "average_loudness": 0.957026124001,
    "barkbands_crest": {
        "max": 25.2596702576,
        "mean": 8.92208576202,
        "min": 2.61492347717,
        "stdev": 4.1255273819
    },
    "barkbands_flatness_db": {
        "max": 0.304015517235,
        "mean": 0.155293434858,
        "min": 0.0636539235711,
        "stdev": 0.0388093814254
    },
    "barkbands_kurtosis": {
        "max": 60.9562759399,
        "mean": 2.38235545158,
        "min": -1.86470556259,
        "stdev": 4.35950469971
    },
    "barkbands_skewness": {
        "max": 7.14302682877,
        "mean": 0.959522902966,
        "min": -2.30033016205,
        "stdev": 1.0471020937
    },
    "barkbands_spread": {
        "max": 79.5935897827,
        "mean": 16.9323673248,
        "min": 1.65925276279,
        "stdev": 9.95045566559
    },
    "dissonance": {
        "max": 0.500000059605,
        "mean": 0.453967183828,
        "min": 0.258317470551,
        "stdev": 0.03715236485
    },
    "dynamic_complexity": 2.31068181992,
    "erbbands_crest": {
        "max": 27.671787262,
        "mean": 9.46924686432,
        "min": 2.68775582314,
        "stdev": 4.29057025909
    },
    "erbbands_flatness_db": {
        "max": 0.322056561708,
        "mean": 0.205483227968,
        "min": 0.0984538942575,
        "stdev": 0.0341902449727
    },
    "erbbands_kurtosis": {
        "max": 19.7224159241,
        "mean": 0.63368499279,
        "min": -1.73033714294,
        "stdev": 2.06923174858
    },
    "erbbands_skewness": {
        "max": 3.37944531441,
        "mean": 0.307976216078,
        "min": -4.14706611633,
        "stdev": 0.713717281818
    },
    "erbbands_spread": {
        "max": 99.0609436035,
        "mean": 28.6142158508,
        "min": 6.05891752243,
        "stdev": 14.9203701019
    },
    "hfc": {
        "max": 161.549072266,
        "mean": 23.1953525543,
        "min": 0.456245392561,
        "stdev": 18.5068340302
    },
    "loudness_ebu128": {
        "integrated": -22.9148349762,
        "loudness_range": 2.44219970703,
        "momentary": {
            "max": -19.990896225,
            "mean": -23.2865753174,
            "min": -32.9054107666,
            "stdev": 1.94476342201
        },
        "short_term": {
            "max": -20.9901714325,
            "mean": -22.9213809967,
            "min": -25.5201854706,
            "stdev": 0.932918310165
        }
    },
    "melbands_crest": {
        "max": 30.8115463257,
        "mean": 11.7359313965,
        "min": 2.60797286034,
        "stdev": 5.41992425919
    },
    "melbands_flatness_db": {
        "max": 0.380946934223,
        "mean": 0.190252438188,
        "min": 0.0321774296463,
        "stdev": 0.0670876428485
    },
    "melbands_kurtosis": {
        "max": 94.8668518066,
        "mean": 6.45304441452,
        "min": -1.80735397339,
        "stdev": 9.35258674622
    },
    "melbands_skewness": {
        "max": 7.9354057312,
        "mean": 1.67031002045,
        "min": -1.19690692425,
        "stdev": 1.35033321381
    },
    "melbands_spread": {
        "max": 227.333145142,
        "mean": 24.5954189301,
        "min": 1.54633009434,
        "stdev": 24.0542411804
    },
    "pitch_salience": {
        "max": 0.876437485218,
        "mean": 0.586671113968,
        "min": 0.152117714286,
        "stdev": 0.131468906999
    },
    "silence_rate_20dB": {
        "max": 1,
        "mean": 1,
        "min": 1,
        "stdev": 0
    },
    "silence_rate_30dB": {
        "max": 1,
        "mean": 0.999048054218,
        "min": 0,
        "stdev": 0.0308388005942
    },
    "silence_rate_60dB": {
        "max": 1,
        "mean": 0.0252260826528,
        "min": 0,
        "stdev": 0.156812891364
    },
    "spectral_centroid": {
        "max": 5090.05175781,
        "mean": 1340.52307129,
        "min": 308.378387451,
        "stdev": 729.581237793
    },
    "spectral_complexity": {
        "max": 63,
        "mean": 19.7720127106,
        "min": 0,
        "stdev": 9.47781085968
    },
    "spectral_decrease": {
        "max": -1.28966948232e-10,
        "mean": -6.10291683856e-09,
        "min": -3.14254116063e-08,
        "stdev": 3.85535159353e-09
    },
    "spectral_energy": {
        "max": 0.126231208444,
        "mean": 0.0251377075911,
        "min": 0.000528137898073,
        "stdev": 0.0155430128798
    },
    "spectral_energyband_high": {
        "max": 0.0238298755139,
        "mean": 0.000675824820064,
        "min": 2.80698145616e-06,
        "stdev": 0.00168703799136
    },
    "spectral_energyband_low": {
        "max": 0.0365664325655,
        "mean": 0.00371743785217,
        "min": 6.70652752888e-06,
        "stdev": 0.00486361095682
    },
    "spectral_energyband_middle_high": {
        "max": 0.0724421441555,
        "mean": 0.0086814397946,
        "min": 0.000184716453077,
        "stdev": 0.00890717748553
    },
    "spectral_energyband_middle_low": {
        "max": 0.115519471467,
        "mean": 0.0127585912123,
        "min": 5.637252616e-05,
        "stdev": 0.0121252220124
    },
    "spectral_entropy": {
        "max": 8.49001407623,
        "mean": 7.32373857498,
        "min": 6.09629869461,
        "stdev": 0.451460063457
    },
    "spectral_flux": {
        "max": 0.299733608961,
        "mean": 0.0783766210079,
        "min": 0.0167137552053,
        "stdev": 0.0391168221831
    },
    "spectral_kurtosis": {
        "max": 36.4941291809,
        "mean": 5.67051696777,
        "min": -0.949338912964,
        "stdev": 4.16041612625
    },
    "spectral_rms": {
        "max": 0.0110974051058,
        "mean": 0.00471416767687,
        "min": 0.000717813672964,
        "stdev": 0.00151696766261
    },
    "spectral_rolloff": {
        "max": 8161.08398438,
        "mean": 1601.86889648,
        "min": 172.265625,
        "stdev": 1184.35510254
    },
    "spectral_skewness": {
        "max": 4.7287569046,
        "mean": 1.67747950554,
        "min": -0.483377993107,
        "stdev": 0.588482141495
    },
    "spectral_spread": {
        "max": 10719619,
        "mean": 3496446,
        "min": 1764175.625,
        "stdev": 897160.9375
    },
    "spectral_strongpeak": {
        "max": 11.0252666473,
        "mean": 1.4339877367,
        "min": 0,
        "stdev": 1.50650322437
    },
    "zerocrossingrate": {
        "max": 0.27734375,
        "mean": 0.0600676573813,
        "min": 0.01025390625,
        "stdev": 0.0365731045604
    },
    "barkbands": {
        "max": [0.00110600411426, 0.0214076656848, 0.0218085497618, 0.0114174587652, 0.0499450042844, 0.059009231627, 0.0340839847922, 0.0667584687471, 0.0800897851586, 0.0588825754821, 0.0338133461773, 0.0209194105119, 0.0279685296118, 0.0324133895338, 0.00954379979521, 0.0068254750222, 0.0124592874199, 0.00707890745252, 0.00382881006226, 0.00261372467503, 0.00474596442655, 0.00953595712781, 0.0138780046254, 0.00449823820964, 0.000271728204098, 0.000164892247994, 1.13912767574e-06],
        "mean": [0.000102605648863, 0.00122266716789, 0.00192415597849, 0.000674536102451, 0.00400826334953, 0.00281147938222, 0.00177276402246, 0.00152384862304, 0.00156065111514, 0.0016008738894, 0.000759697926696, 0.00116516498383, 0.00126063404605, 0.00116612087004, 0.000727712817024, 0.000741589465179, 0.00074521912029, 0.000319339858834, 0.000244751572609, 0.00023444807448, 0.000143023164128, 0.000170134051587, 0.000169697246747, 7.23963748896e-05, 1.36443504744e-05, 2.2809310849e-06, 3.74459707686e-09],
        "min": [2.12333176819e-07, 1.62726678354e-06, 1.09890599731e-07, 1.31381469259e-07, 2.83385088551e-06, 2.48229571298e-06, 4.79074560644e-06, 2.12470195038e-06, 2.56521980191e-06, 2.15795171243e-06, 2.78664674624e-06, 3.36921902999e-06, 1.16588398669e-06, 2.18189143197e-06, 2.71392491413e-06, 5.93752076838e-07, 1.33164326144e-06, 5.91476748468e-07, 1.4192415847e-06, 2.98203758575e-07, 2.74969636394e-07, 3.23099499155e-07, 2.93916230021e-07, 3.36832982839e-07, 2.22613508072e-07, 1.52755124105e-08, 1.60483723533e-10],
        "stdev": [0.000102366509964, 0.00182268314529, 0.00279467762448, 0.00119051174261, 0.00547085003927, 0.00549733778462, 0.0028622332029, 0.00467770872638, 0.00491468282416, 0.00405448069796, 0.00190592452418, 0.00208914955147, 0.0029334903229, 0.00189258914907, 0.00122065260075, 0.00102251814678, 0.00123276060913, 0.000459581322502, 0.000354876072379, 0.000304277258692, 0.000249070260907, 0.000578497827519, 0.000735166773666, 0.000253677542787, 3.07752161461e-05, 7.17687680662e-06, 4.02916420228e-08]
    },
    "erbbands": {
        "max": [0.320139884949, 5.78403329849, 26.8875408173, 36.8750114441, 71.5070343018, 259.0027771, 468.79095459, 707.600158691, 397.763885498, 583.043762207, 2292.56640625, 1672.70568848, 1416.76550293, 2365.53588867, 492.487823486, 1016.84686279, 1083.17358398, 962.705810547, 1255.53601074, 518.410644531, 416.363983154, 850.110351562, 466.541381836, 143.244506836, 121.209342957, 136.915023804, 85.5196914673, 335.934448242, 360.427490234, 374.364746094, 417.459228516, 171.07333374, 44.8336677551, 5.79046773911, 1.75559055805, 1.26778745651, 0.228974625468, 0.0186469946057, 0.000395059440052, 0.000145420141052],
        "mean": [0.0241794306785, 0.338191717863, 2.01353764534, 2.55582785606, 4.2835893631, 15.865064621, 28.397769928, 17.8193473816, 21.6962451935, 27.4242172241, 43.5171661377, 34.0513839722, 43.241268158, 41.4614105225, 25.7588119507, 52.0457763672, 58.9044036865, 55.1760139465, 48.2573051453, 45.7698135376, 37.7131156921, 42.2735595703, 20.7250499725, 13.6141757965, 12.1290130615, 9.9009180069, 6.98000192642, 5.14099407196, 5.30345439911, 6.80854225159, 4.56003570557, 2.28149795532, 0.766274213791, 0.208088502288, 0.0715481713414, 0.0207449588925, 0.00242567388341, 0.000108904241642, 1.94129024749e-05, 3.13285381708e-05],
        "min": [0.000123570935102, 0.000169081307831, 0.000195320157218, 0.000889694783837, 0.00371339567937, 0.00773863308132, 0.0203112307936, 0.0185459759086, 0.0501561574638, 0.098661929369, 0.0579358674586, 0.0605233982205, 0.0598219372332, 0.0641503334045, 0.137851446867, 0.124630458653, 0.0637641474605, 0.18966896832, 0.210930392146, 0.158303871751, 0.0371667817235, 0.103949673474, 0.0465944446623, 0.0648308992386, 0.0384839698672, 0.0146639049053, 0.012307414785, 0.0126965614036, 0.0133989425376, 0.00851641688496, 0.00865111872554, 0.00726354541257, 0.0056320624426, 0.002788919257, 0.00146333139855, 0.00014898016525, 2.23083316087e-05, 2.03862123271e-06, 8.80262803094e-07, 7.50458866605e-07],
        "stdev": [0.0309918113053, 0.5159984231, 2.94130182266, 4.10401630402, 6.63295555115, 24.5082454681, 49.7543029785, 39.8997802734, 36.462852478, 50.1545257568, 135.56817627, 101.138496399, 99.5843429565, 112.24961853, 40.0455970764, 99.3026504517, 120.319419861, 81.7733383179, 76.0413894653, 63.6766777039, 51.2396965027, 70.9122314453, 29.0319328308, 17.6271324158, 15.1834011078, 12.9175615311, 10.0855445862, 11.9348506927, 20.2461833954, 22.6568336487, 21.1560401917, 8.78585624695, 2.36263608932, 0.475982367992, 0.169801056385, 0.0590864568949, 0.00857426878065, 0.000621688435785, 2.01835555345e-05, 1.91113340406e-05]
    },
    "gfcc": {
        "mean": [-14.2918348312, 112.904800415, -154.143737793, 32.4747962952, -68.650177002, 14.341375351, -42.2291870117, 0.547117888927, -15.8532037735, -4.81259632111, -6.79494380951, -5.94833135605, -2.81656002998],
        "cov": [[1959.26074219, -558.785949707, -464.883605957, 155.973251343, -110.979171753, 72.9876556396, -19.3954620361, 0.094306871295, 58.8639373779, 36.2884788513, 27.5304374695, 1.4756064415, -15.8494138718], [-558.785949707, 1919.88806152, 941.785766602, -65.9885940552, 291.056945801, -307.629425049, 126.51599884, -86.7997894287, -39.3085708618, -179.884307861, -6.2008895874, -209.240768433, -17.0854911804], [-464.883605957, 941.785766602, 1171.75061035, 283.466308594, 10.528834343, -130.744796753, -55.1300811768, -81.3289718628, -22.7168712616, -157.080093384, -48.1885185242, -76.4848480225, -71.4142608643], [155.973251343, -65.9885940552, 283.466308594, 423.543670654, -25.4057636261, -53.9239730835, -100.490234375, -15.6152420044, 77.3315200806, -79.3246078491, -7.33186531067, 41.0884246826, -4.70525836945], [-110.979171753, 291.056945801, 10.528834343, -25.4057636261, 248.016387939, -16.9046669006, 41.5111427307, 26.8952560425, -16.7373218536, 47.9576911926, -30.4295158386, -18.3959312439, 22.9350509644], [72.9876556396, -307.629425049, -130.744796753, -53.9239730835, -16.9046669006, 199.963806152, 67.637802124, 10.7922935486, -40.8069610596, 73.8920822144, -4.3164191246, 5.88729095459, -16.1287555695], [-19.3954620361, 126.51599884, -55.1300811768, -100.490234375, 41.5111427307, 67.637802124, 207.709152222, 26.3281574249, -70.3165740967, 59.8086967468, 9.11005496979, -49.737663269, -7.26444864273], [0.094306871295, -86.7997894287, -81.3289718628, -15.6152420044, 26.8952560425, 10.7922935486, 26.3281574249, 91.3734283447, 14.5297746658, 17.146314621, 0.755389630795, 9.39663124084, 13.111989975], [58.8639373779, -39.3085708618, -22.7168712616, 77.3315200806, -16.7373218536, -40.8069610596, -70.3165740967, 14.5297746658, 122.38053894, -32.9745368958, 8.39338588715, 37.6054649353, 17.7540893555], [36.2884788513, -179.884307861, -157.080093384, -79.3246078491, 47.9576911926, 73.8920822144, 59.8086967468, 17.146314621, -32.9745368958, 188.702407837, -17.6625900269, -0.542895615101, 1.99582123756], [27.5304374695, -6.2008895874, -48.1885185242, -7.33186531067, -30.4295158386, -4.3164191246, 9.11005496979, 0.755389630795, 8.39338588715, -17.6625900269, 82.4128265381, 11.076420784, -0.620779633522], [1.4756064415, -209.240768433, -76.4848480225, 41.0884246826, -18.3959312439, 5.88729095459, -49.737663269, 9.39663124084, 37.6054649353, -0.542895615101, 11.076420784, 105.585044861, 23.9798240662], [-15.8494138718, -17.0854911804, -71.4142608643, -4.70525836945, 22.9350509644, -16.1287555695, -7.26444864273, 13.111989975, 17.7540893555, 1.99582123756, -0.620779633522, 23.9798240662, 72.9956436157]],
        "icov": [[0.000714479363523, -0.000436714472016, 0.000809767690953, -0.000918658217415, 0.000695532362442, -0.000533184211235, 0.000355692201992, -0.000151832849951, 0.000166435784195, -0.00028809896321, 0.000205200485652, 0.000225863128435, 0.000407194311265], [-0.000436714472016, 0.00787702947855, -0.00627629086375, 0.00579626299441, -0.00858177710325, 0.00790065806359, -0.00690883863717, 0.00627254555002, -0.0054406109266, 0.00424436572939, -0.00381183391437, 0.00591530604288, -0.00215845671482], [0.000809767690953, -0.00627629086375, 0.00675310241058, -0.00594255514443, 0.0067568058148, -0.00574811315164, 0.00534179247916, -0.00418004766107, 0.00491671822965, -0.00262430636212, 0.00377330207266, -0.0036866790615, 0.00293904938735], [-0.000918658217415, 0.00579626299441, -0.00594255514443, 0.00837337132543, -0.00648526148871, 0.00561794918031, -0.00445139082149, 0.0044004409574, -0.00563181657344, 0.00352526735514, -0.00268169026822, 0.0026974780485, -0.00170688866638], [0.000695532362442, -0.00858177710325, 0.0067568058148, -0.00648526148871, 0.0144316768274, -0.00760382646695, 0.00675838254392, -0.00798716954887, 0.00620196107775, -0.00593723263592, 0.00563186220825, -0.00578389875591, 0.000829391763546], [-0.000533184211235, 0.00790065806359, -0.00574811315164, 0.00561794918031, -0.00760382646695, 0.0151678295806, -0.0088042197749, 0.00612698309124, -0.00399016030133, 0.00249180570245, -0.0028168654535, 0.00424416689202, -0.000280076317722], [0.000355692201992, -0.00690883863717, 0.00534179247916, -0.00445139082149, 0.00675838254392, -0.0088042197749, 0.0142864929512, -0.0079256715253, 0.00769127951935, -0.00472678942606, 0.00111519289203, -0.0021314243786, 0.00114414142445], [-0.000151832849951, 0.00627254555002, -0.00418004766107, 0.0044004409574, -0.00798716954887, 0.00612698309124, -0.0079256715253, 0.0182608384639, -0.00700840633363, 0.00343507435173, -0.00254012341611, 0.00389537774026, -0.00226680398919], [0.000166435784195, -0.0054406109266, 0.00491671822965, -0.00563181657344, 0.00620196107775, -0.00399016030133, 0.00769127951935, -0.00700840633363, 0.016537906602, -0.00226940843277, 0.0017938798992, -0.00564198289067, 0.00031230240711], [-0.00028809896321, 0.00424436572939, -0.00262430636212, 0.00352526735514, -0.00593723263592, 0.00249180570245, -0.00472678942606, 0.00343507435173, -0.00226940843277, 0.0100027956069, -0.000337923731422, 0.00247193221003, -0.000617177109234], [0.000205200485652, -0.00381183391437, 0.00377330207266, -0.00268169026822, 0.00563186220825, -0.0028168654535, 0.00111519289203, -0.00254012341611, 0.0017938798992, -0.000337923731422, 0.0159682035446, -0.00468142004684, 0.0020930103492], [0.000225863128435, 0.00591530604288, -0.0036866790615, 0.0026974780485, -0.00578389875591, 0.00424416689202, -0.0021314243786, 0.00389537774026, -0.00564198289067, 0.00247193221003, -0.00468142004684, 0.0185180902481, -0.00497465301305], [0.000407194311265, -0.00215845671482, 0.00293904938735, -0.00170688866638, 0.000829391763546, -0.000280076317722, 0.00114414142445, -0.00226680398919, 0.00031230240711, -0.000617177109234, 0.0020930103492, -0.00497465301305, 0.0178395081311]]
    },
    "melbands": {
        "max": [0.00449427915737, 0.0106190396473, 0.00515041593462, 0.00866822618991, 0.0140055073425, 0.013898331672, 0.00510527286679, 0.00755427824333, 0.0215355809778, 0.00898408424109, 0.00790397264063, 0.0101319253445, 0.00304846465588, 0.00269055785611, 0.00321098789573, 0.00385154923424, 0.00223902636208, 0.00294053740799, 0.000864849716891, 0.000649596331641, 0.000527006806806, 0.00115129945334, 0.000492456252687, 0.000369994610082, 0.000133427718538, 0.000162660697242, 0.000128178173327, 9.20987586142e-05, 5.16115069331e-05, 0.000118132891657, 0.000216595202801, 0.000255308899796, 0.000268806354143, 0.000241693196585, 0.00028953506262, 0.000122883444419, 9.63916318142e-05, 4.02342702728e-05, 1.07162804852e-05, 3.84563372791e-06],
        "mean": [0.000278556195553, 0.000828398682643, 0.000453497836133, 0.000698294839822, 0.000975929317065, 0.000448364240583, 0.00032573696808, 0.000291850272333, 0.000379753502784, 0.000190965278307, 0.000222510338062, 0.000180295319296, 9.38057128224e-05, 0.000105633742351, 0.000133560504764, 0.000140136558912, 9.89727122942e-05, 8.56039987411e-05, 5.73217439523e-05, 6.09311828157e-05, 4.03972589993e-05, 4.78298097732e-05, 2.55086433754e-05, 1.40153215398e-05, 1.06674187919e-05, 9.37786626309e-06, 9.02023475646e-06, 5.98647011429e-06, 4.29637384514e-06, 3.89686192648e-06, 2.66376264335e-06, 2.63217066276e-06, 3.88453872802e-06, 3.73243847207e-06, 2.8621373076e-06, 1.78775235327e-06, 1.24944062918e-06, 6.05048569469e-07, 2.59486739651e-07, 1.38894279189e-07],
        "min": [1.20879201404e-06, 1.24881694319e-07, 2.17875424369e-07, 6.80611549342e-07, 5.92618391693e-07, 3.8169307004e-07, 1.07435289465e-06, 9.92124000732e-07, 3.97279734443e-07, 3.51775184981e-07, 3.00786808793e-07, 2.14628258277e-07, 3.9224636339e-07, 4.43130232952e-07, 1.14619929548e-07, 1.71401211446e-07, 1.98478190327e-07, 2.53248003901e-07, 1.99235614673e-07, 6.16932354092e-08, 3.50952475969e-08, 7.29863600668e-08, 4.21534700479e-08, 1.929537774e-08, 3.84099045903e-08, 2.38461037583e-08, 9.42073707932e-09, 7.49247863752e-09, 4.58637616774e-09, 6.43273612155e-09, 6.84736090051e-09, 3.60349150519e-09, 6.25338225646e-09, 3.82885367856e-09, 3.05973735237e-09, 3.5629803552e-09, 3.83989595676e-09, 3.49128770338e-09, 1.77577275107e-09, 2.05892813909e-09],
        "stdev": [0.000384621758712, 0.00116472656373, 0.000626318214927, 0.0010132676689, 0.00151402608026, 0.000904267712031, 0.000535064784344, 0.000565069261938, 0.00121862371452, 0.000562724017072, 0.000531642814167, 0.000490616948809, 0.00018681740039, 0.000219883484533, 0.000208088225918, 0.000382360827643, 0.000153725777636, 0.000151767642819, 9.84351645457e-05, 8.41662258608e-05, 6.41771839582e-05, 8.44039313961e-05, 4.37012568e-05, 2.07724860957e-05, 1.5158881979e-05, 1.41951131809e-05, 1.31788219733e-05, 8.50048581924e-06, 6.14742248217e-06, 7.2652783274e-06, 7.39736015021e-06, 1.05783719846e-05, 1.46573083839e-05, 1.32029153974e-05, 1.43309625855e-05, 7.56380768507e-06, 4.6076347644e-06, 1.92931315723e-06, 6.44807755634e-07, 3.19056312037e-07]
    },
    "melbands128": {
        "max": [0.000593439035583, 0.0019115624018, 0.00590977165848, 0.0110964113846, 0.0168910175562, 0.0116340490058, 0.00903704576194, 0.00439168186858, 0.0087939184159, 0.0148166399449, 0.0194374658167, 0.019419549033, 0.0228134263307, 0.0223724450916, 0.02081823349, 0.0234824307263, 0.0115972580388, 0.00808694586158, 0.0131726674736, 0.00778840249404, 0.0167266912758, 0.0241433270276, 0.0396841913462, 0.032556630671, 0.0170884728432, 0.00759930349886, 0.0079080183059, 0.0122708911076, 0.0212547592819, 0.0165234263986, 0.0125292511657, 0.0101595427841, 0.00238392595202, 0.00171927374322, 0.00133092876058, 0.00621612137184, 0.00630126241595, 0.00561699457467, 0.00291475281119, 0.00348262023181, 0.00786316301674, 0.00362563901581, 0.00165955757257, 0.00628442922607, 0.00910326372832, 0.00171202467754, 0.00106677354779, 0.00129553861916, 0.00115660694428, 0.00112622044981, 0.00136004132219, 0.000680300639942, 0.00130249303766, 0.00121886993293, 0.00148193724453, 0.00263701123185, 0.00139791879337, 0.00130153063219, 0.000556575658266, 0.000425217644079, 0.000476779066958, 0.000364633800928, 0.00026070108288, 0.000201245027711, 0.000648327521048, 0.000100579723949, 0.000173085922142, 0.000143428478623, 0.000198525027372, 0.000194131571334, 0.000228132907068, 0.000128747793497, 0.000113434376544, 4.87299803353e-05, 0.000130215834361, 0.000174962828169, 0.000223459370318, 0.000193740677787, 0.000188171688933, 0.000266249960987, 0.000360334321158, 0.000199246860575, 0.000371626665583, 0.000474529049825, 0.000130052430904, 0.000277472718153, 0.00034514447907, 0.000361360755051, 0.00038416357711, 0.000247628748184, 0.000151939573698, 0.000137978742714, 0.000144219011418, 0.000148439808981, 7.0135029091e-05, 5.23155140399e-05, 4.26027654612e-05, 2.42621808866e-05, 1.1820945474e-05, 6.69916425977e-06, 5.96373865847e-06, 3.93173104385e-06, 3.11966527988e-06, 3.33561206389e-06, 3.3211920254e-06, 1.83707481938e-06, 3.64128095498e-06, 1.19271930998e-06, 5.21408810528e-06, 1.97040435523e-06, 4.26929773312e-07, 7.08484208189e-07, 8.29561770388e-07, 6.16719887603e-07, 6.82742211211e-07, 2.41362680953e-08, 3.86508993699e-08, 9.45029166033e-10, 4.90026186295e-10, 4.8516402007e-10, 4.67080374378e-10, 4.59915827644e-10, 4.31233965204e-10, 4.36581076846e-10, 4.28430790844e-10, 4.26950474974e-10, 4.23216656165e-10, 4.20881274277e-10],
        "mean": [7.43382261135e-05, 0.000163972596056, 0.000305827590637, 0.00060155603569, 0.00103932118509, 0.00087053590687, 0.000560390006285, 0.000245346484007, 0.000374426570488, 0.000676633848343, 0.000937959935982, 0.00103136361577, 0.00105300254654, 0.000872778939083, 0.000337081524776, 0.000239506160142, 0.000438375078375, 0.000261080916971, 0.000295944453683, 0.000350682705175, 0.000226710253628, 0.00032398418989, 0.000434280955233, 0.000419581658207, 0.000210159894777, 9.64506398304e-05, 0.000126176062622, 0.000227767042816, 0.000349606503733, 0.000170844505192, 0.000140727192047, 0.000142480203067, 0.000100370176369, 4.62421376142e-05, 6.26711553195e-05, 0.000131866705487, 0.000163933975273, 0.000164124241564, 8.08065306046e-05, 0.000124219775898, 0.000195559012354, 8.53181845741e-05, 8.35068276501e-05, 9.91500055534e-05, 0.000146562364534, 6.71025482006e-05, 4.353748227e-05, 5.94585508225e-05, 5.93920558458e-05, 6.30881477264e-05, 7.59631657274e-05, 4.04446436733e-05, 3.59157529601e-05, 4.23000201408e-05, 4.44783727289e-05, 5.71524797124e-05, 4.24202626164e-05, 2.75364873232e-05, 2.10930666071e-05, 1.69322283909e-05, 1.44485420606e-05, 1.14326521725e-05, 8.33711237647e-06, 8.92070511327e-06, 1.78465561476e-05, 7.00845521351e-06, 6.93016090736e-06, 9.24636424315e-06, 1.03997181213e-05, 6.49463299851e-06, 5.99572604187e-06, 5.90034414927e-06, 5.26248595634e-06, 2.81986899608e-06, 4.85402006234e-06, 4.69499946121e-06, 2.90313414553e-06, 3.10725681629e-06, 2.45771570917e-06, 2.5224185265e-06, 2.48849005402e-06, 2.27790815188e-06, 3.82171583624e-06, 3.83403221349e-06, 4.4733442337e-06, 3.68030623576e-06, 3.73291823053e-06, 3.2850689422e-06, 2.92180675387e-06, 2.51554934039e-06, 1.90744208339e-06, 1.63475601767e-06, 1.49006200445e-06, 1.27199143662e-06, 1.14672855034e-06, 7.33110141482e-07, 5.31957368821e-07, 3.30851378294e-07, 2.75111659676e-07, 2.03182139558e-07, 1.66426957549e-07, 1.33965571081e-07, 1.02583847195e-07, 8.85408013573e-08, 8.86034641212e-08, 5.65018680732e-08, 6.30275920344e-08, 3.55430849197e-08, 3.7745625292e-08, 2.682095257e-08, 1.55708868022e-08, 7.79258080286e-09, 4.75350514506e-09, 1.77010961444e-09, 1.64098690192e-09, 1.37344358109e-10, 1.01513020212e-10, 6.78331175952e-12, 4.92531189444e-12, 4.80475772016e-12, 4.6689921894e-12, 4.59582719103e-12, 4.53800755654e-12, 4.439522968e-12, 4.13618098105e-12, 3.67637387547e-12, 3.41649538521e-12, 3.36555154405e-12],
        "min": [1.98238048199e-09, 7.27911469767e-07, 4.90553816235e-07, 1.06121973431e-07, 5.44476890241e-08, 3.5920127317e-08, 9.70955795765e-08, 3.67645398569e-08, 1.8056425688e-07, 1.37672458322e-07, 1.03736532253e-07, 1.80140219186e-07, 4.96939151162e-07, 3.6368001588e-07, 3.90116667859e-07, 1.34706354515e-07, 1.03072409274e-07, 3.93206931903e-07, 1.80979910169e-07, 1.70754418605e-07, 3.5559907019e-07, 1.36284469932e-07, 1.18661077408e-07, 1.05318598287e-07, 1.39132964705e-07, 8.21431598297e-08, 1.17587802606e-07, 9.56103889393e-08, 1.46991069983e-07, 1.61907706797e-07, 7.3254597055e-08, 1.55732948315e-07, 1.35048352945e-07, 1.33064347096e-07, 5.14560341003e-08, 5.70826017565e-08, 1.85033627531e-07, 7.42266337284e-08, 7.84125653297e-09, 2.61858446038e-08, 8.03016746431e-08, 7.10409153726e-08, 2.46199931553e-08, 7.13253740514e-08, 5.03405601648e-08, 3.57731551048e-08, 1.60893360857e-08, 3.65433123761e-08, 6.72842190852e-08, 3.96296435667e-08, 4.47022330263e-08, 2.03747063665e-08, 1.32309851963e-08, 1.62942228599e-08, 9.13109676759e-09, 4.90575366996e-08, 2.51360283698e-08, 1.20842331697e-08, 2.15703330753e-08, 1.2071575739e-08, 6.03399241683e-09, 8.78558026329e-09, 2.52381671118e-09, 1.39400153643e-08, 1.58707109676e-08, 1.74830034894e-08, 3.14099324328e-09, 8.35710434188e-09, 8.95100793485e-09, 6.0064184737e-09, 7.18175030556e-09, 4.8373114403e-09, 1.64122415658e-09, 1.42085343491e-09, 3.80310938297e-09, 4.23378399006e-09, 3.38223693497e-09, 3.21541349102e-09, 1.4515939839e-10, 1.95179594709e-10, 8.12749312296e-10, 8.79316286451e-10, 2.48532816549e-09, 4.24853974224e-09, 3.42166539546e-09, 3.823559247e-09, 2.79406586756e-09, 2.60029731081e-09, 1.10087128302e-09, 9.13295203353e-11, 6.46500020185e-10, 3.73168856926e-10, 2.44688158624e-09, 2.89497537054e-09, 2.25414908961e-09, 1.98858374212e-09, 1.76189465795e-10, 4.81312878442e-10, 8.04824151768e-10, 2.35650344724e-12, 8.7631369175e-12, 2.96995900095e-10, 2.95467747491e-11, 1.01473295044e-10, 6.90259294167e-10, 7.55900564364e-10, 3.43766987099e-10, 1.86591353479e-10, 2.33878832967e-10, 2.7300845612e-11, 2.3112785557e-12, 1.34964435461e-12, 5.2038570935e-13, 4.69707660353e-13, 3.5550330583e-13, 4.20095463407e-13, 4.59417605955e-13, 4.82110933207e-13, 4.77660283289e-13, 3.66810694232e-13, 5.38019173484e-13, 4.46377743796e-13, 5.56165194194e-13, 5.4180504484e-13, 3.55165766588e-13, 1.25020572237e-13, 1.66911501439e-14, 6.06055938348e-16],
        "stdev": [7.16037757229e-05, 0.000202338371309, 0.000510093930643, 0.000977326184511, 0.00161914015189, 0.0012873992091, 0.00100178748835, 0.00042668893002, 0.000716052250937, 0.00123737938702, 0.00174089986831, 0.00190618738998, 0.00223192758858, 0.00200085691176, 0.00114246993326, 0.000896698911674, 0.00091777468333, 0.000536033185199, 0.000793806219008, 0.000759125221521, 0.000774057814851, 0.00125367683358, 0.00187229097355, 0.00181074289139, 0.000848072872031, 0.000413921748986, 0.000436080619693, 0.000719053379726, 0.001043318538, 0.000758008216508, 0.000618367921561, 0.000483407697175, 0.000207151533687, 0.000125316975755, 0.000143021854456, 0.000387050997233, 0.000444766221335, 0.000315009558108, 0.000191084240214, 0.000336855882779, 0.000705300131813, 0.000223876282689, 0.000161792646395, 0.000245826493483, 0.000377004675101, 0.000129211024614, 0.000105858365714, 0.000129147345433, 0.000116143892228, 0.000108817512228, 0.000129281863337, 7.37868613214e-05, 7.95795640443e-05, 9.55763462116e-05, 0.000109025553684, 0.00014137449034, 0.000102345446066, 7.47532831156e-05, 4.45479017799e-05, 3.29998001689e-05, 2.77355811704e-05, 2.43087724812e-05, 1.81982904905e-05, 1.4993066543e-05, 4.48992250313e-05, 1.12881689347e-05, 1.30180014821e-05, 1.51308486238e-05, 1.92130846699e-05, 1.34708616315e-05, 1.28850124383e-05, 1.01355408333e-05, 1.03188940557e-05, 4.55378085462e-06, 9.92065361061e-06, 1.17186646094e-05, 7.1421454777e-06, 7.3234014053e-06, 7.75074840931e-06, 9.07196408662e-06, 1.09289667307e-05, 1.02025160231e-05, 1.80513616215e-05, 1.98025827558e-05, 1.1594107491e-05, 1.2516006791e-05, 1.59989704116e-05, 1.65477104019e-05, 1.70968251041e-05, 1.2714019249e-05, 7.90490230429e-06, 7.58092346587e-06, 6.55433132124e-06, 5.20467119713e-06, 3.94844028051e-06, 2.53837606579e-06, 1.82270400728e-06, 1.0411627045e-06, 6.92868923124e-07, 4.87281397454e-07, 4.48036331591e-07, 3.21708910178e-07, 2.49444553901e-07, 2.25493593575e-07, 2.58526654306e-07, 1.38530637628e-07, 2.10479257134e-07, 8.37870501869e-08, 1.74450150325e-07, 8.65757385782e-08, 3.93122689957e-08, 2.954606515e-08, 2.46732945186e-08, 1.90047888537e-08, 2.30326087092e-08, 9.8149122163e-10, 1.39763312035e-09, 3.92818694239e-11, 1.21930477867e-11, 1.20213396529e-11, 1.16086749588e-11, 1.14039402921e-11, 1.08173522223e-11, 1.08746726901e-11, 1.06793402246e-11, 1.06298997382e-11, 1.05426899849e-11, 1.04852706378e-11]
    },
    "mfcc": {
        "mean": [-640.788818359, 129.49307251, -20.5795230865, 14.028963089, -3.44450592995, 5.51434659958, -10.4143276215, 2.93527507782, -8.83182239532, 4.32731342316, -6.34575939178, -0.31080198288, -1.73547589779],
        "cov": [[2503.41381836, -1117.5078125, -592.089660645, -147.930603027, -104.530929565, 38.0051841736, -87.2846450806, -6.36583423615, -10.4909276962, 64.8913192749, 7.50758123398, 62.0828399658, 36.0468521118], [-1117.5078125, 2041.14953613, 498.909088135, 295.432617188, 102.158813477, -83.3878326416, 165.738952637, -41.8342170715, -17.0763912201, 51.5385093689, -37.7339515686, -157.221847534, -53.2123641968], [-592.089660645, 498.909088135, 1066.34985352, 361.572967529, 119.617637634, -9.34992980957, -87.2880096436, 83.2093200684, -127.377662659, -6.1232085228, -87.3676605225, -37.5070533752, -65.4903564453], [-147.930603027, 295.432617188, 361.572967529, 411.818267822, 135.713516235, -27.793510437, -76.3201217651, 31.0536155701, -15.7747211456, -2.97349095345, -80.1082839966, 11.0568361282, 4.09037923813], [-104.530929565, 102.158813477, 119.617637634, 135.713516235, 213.299331665, -22.2142181396, -94.9352874756, 30.9249153137, -5.14917230606, -22.2876472473, -50.3465270996, 25.7224063873, -4.40478610992], [38.0051841736, -83.3878326416, -9.34992980957, -27.793510437, -22.2142181396, 148.233734131, 58.8100662231, -36.5840606689, 39.3547096252, -0.558923959732, 33.999206543, -3.77934956551, 7.81320476532], [-87.2846450806, 165.738952637, -87.2880096436, -76.3201217651, -94.9352874756, 58.8100662231, 270.559783936, -41.0270385742, 34.7947463989, 47.1864967346, 63.5402679443, -63.6049423218, 9.18646240234], [-6.36583423615, -41.8342170715, 83.2093200684, 31.0536155701, 30.9249153137, -36.5840606689, -41.0270385742, 135.460037231, -37.9645996094, -14.466178894, -22.1025257111, 0.388338059187, 1.89486539364], [-10.4909276962, -17.0763912201, -127.377662659, -15.7747211456, -5.14917230606, 39.3547096252, 34.7947463989, -37.9645996094, 143.650268555, 4.96564722061, 9.66653823853, 12.8932094574, 14.0984230042], [64.8913192749, 51.5385093689, -6.1232085228, -2.97349095345, -22.2876472473, -0.558923959732, 47.1864967346, -14.466178894, 4.96564722061, 86.2570343018, 20.5512886047, -31.645565033, -12.5999488831], [7.50758123398, -37.7339515686, -87.3676605225, -80.1082839966, -50.3465270996, 33.999206543, 63.5402679443, -22.1025257111, 9.66653823853, 20.5512886047, 99.2524032593, -11.4884939194, 8.35970783234], [62.0828399658, -157.221847534, -37.5070533752, 11.0568361282, 25.7224063873, -3.77934956551, -63.6049423218, 0.388338059187, 12.8932094574, -31.645565033, -11.4884939194, 108.286468506, 24.6062393188], [36.0468521118, -53.2123641968, -65.4903564453, 4.09037923813, -4.40478610992, 7.81320476532, 9.18646240234, 1.89486539364, 14.0984230042, -12.5999488831, 8.35970783234, 24.6062393188, 85.3801345825]],
        "icov": [[0.00064788304735, 0.000293814809993, 0.000390605273424, -0.000289700721623, 0.000220888716285, -0.000289643532597, 0.000219465757255, -2.20151432586e-05, 0.000424845609814, -0.000812446232885, 0.000369686225895, 3.74534902221e-05, 8.13103440578e-07], [0.000293814809993, 0.000927247107029, -0.000126284503494, -0.000462487601908, -0.000312059710268, 0.000685248640366, -0.000611829338595, 0.000544176145922, -2.52283261943e-05, -0.000139146839501, 9.14425763767e-05, 0.000872498203535, 7.73155261413e-05], [0.000390605273424, -0.000126284503494, 0.00206915359013, -0.0014980211854, 0.000360167003237, -0.00123807531781, 0.000461474031908, -0.000756371708121, 0.00158630253281, -0.000438724178821, 0.000531674770173, 9.48576271185e-05, 0.00110821786802], [-0.000289700721623, -0.000462487601908, -0.0014980211854, 0.00493643479422, -0.00178293208592, 0.000231066296692, 0.000220064495807, 0.000146291931742, -0.000881625514012, -0.00080394349061, 0.00175270857289, -0.000529440701939, -0.00168361666147], [0.000220888716285, -0.000312059710268, 0.000360167003237, -0.00178293208592, 0.00717768957838, -0.000711160537321, 0.0019609790761, -0.00102921924554, -0.00024476760882, 0.000151807951625, 0.00100118177943, -0.000783788214903, 0.000511841091793], [-0.000289643532597, 0.000685248640366, -0.00123807531781, 0.000231066296692, -0.000711160537321, 0.00975467637181, -0.00216422765516, 0.00214697839692, -0.00254375510849, 0.00209408649243, -0.00253669242375, 0.000669011438731, -0.000370866880985], [0.000219465757255, -0.000611829338595, 0.000461474031908, 0.000220064495807, 0.0019609790761, -0.00216422765516, 0.00682831462473, -7.30993051548e-05, -0.000537635642104, -0.00200575916097, -0.00148866313975, 0.00219907867722, -0.00125962786842], [-2.20151432586e-05, 0.000544176145922, -0.000756371708121, 0.000146291931742, -0.00102921924554, 0.00214697839692, -7.30993051548e-05, 0.00930618401617, 0.00119145959616, 0.00112032447942, 0.000413813453633, 0.00125283165835, -0.00111995823681], [0.000424845609814, -2.52283261943e-05, 0.00158630253281, -0.000881625514012, -0.00024476760882, -0.00254375510849, -0.000537635642104, 0.00119145959616, 0.0095253996551, -0.00113499700092, 0.00117116176989, -0.00129523978103, -0.000166299345437], [-0.000812446232885, -0.000139146839501, -0.000438724178821, -0.00080394349061, 0.000151807951625, 0.00209408649243, -0.00200575916097, 0.00112032447942, -0.00113499700092, 0.0157591477036, -0.00309629249386, 0.00302699650638, 0.00190928939264], [0.000369686225895, 9.14425763767e-05, 0.000531674770173, 0.00175270857289, 0.00100118177943, -0.00253669242375, -0.00148866313975, 0.000413813453633, 0.00117116176989, -0.00309629249386, 0.0149765396491, -0.00042857718654, -0.0013336497359], [3.74534902221e-05, 0.000872498203535, 9.48576271185e-05, -0.000529440701939, -0.000783788214903, 0.000669011438731, 0.00219907867722, 0.00125283165835, -0.00129523978103, 0.00302699650638, -0.00042857718654, 0.0137380193919, -0.0029966821894], [8.13103440578e-07, 7.73155261413e-05, 0.00110821786802, -0.00168361666147, 0.000511841091793, -0.000370866880985, -0.00125962786842, -0.00111995823681, -0.000166299345437, 0.00190928939264, -0.0013336497359, -0.0029966821894, 0.0142150446773]]
    },
    "spectral_contrast_coeffs": {
        "max": [-0.35981887579, -0.427573740482, -0.457230746746, -0.552645385265, -0.600645363331, -0.566563785076],
        "mean": [-0.678798675537, -0.724822700024, -0.728011131287, -0.751821279526, -0.756732463837, -0.743007004261],
        "min": [-0.914434850216, -0.91753757, -0.915421545506, -0.908424675465, -0.866554319859, -0.869404196739],
        "stdev": [0.0853422954679, 0.0876210480928, 0.0830911323428, 0.0612498559058, 0.049276266247, 0.040950383991]
    },
    "spectral_contrast_valleys": {
        "max": [-5.08837032318, -5.35145568848, -5.28826236725, -5.21741485596, -5.84223175049, -8.08591079712],
        "mean": [-7.01275873184, -6.74948692322, -7.36319208145, -7.52176856995, -7.77625751495, -10.6658258438],
        "min": [-9.96523189545, -8.6390504837, -9.14622306824, -9.57712554932, -9.85989379883, -12.1104869843],
        "stdev": [0.937602162361, 0.467970341444, 0.683195054531, 0.889874577522, 0.793809592724, 0.789559781551]
    }
},
"rhythm": {
    "beats_count": 77,
    "beats_loudness": {
        "max": 0.092257797718,
        "mean": 0.029611909762,
        "min": 0.00197457382455,
        "stdev": 0.0157091896981
    },
    "bpm": 107.46269989,
    "bpm_histogram_first_peak_bpm": 108,
    "bpm_histogram_first_peak_weight": 0.421052634716,
    "bpm_histogram_second_peak_bpm": 80,
    "bpm_histogram_second_peak_spread": 0.235294103622,
    "bpm_histogram_second_peak_weight": 0.171052634716,
    "danceability": 1.14123475552,
    "onset_rate": 2.21484375,
    "beats_loudness_band_ratio": {
        "max": [0.60411709547, 0.751977562904, 0.696889400482, 0.718068182468, 0.491079628468, 0.779802203178],
        "mean": [0.177475690842, 0.20859849453, 0.184314638376, 0.235849604011, 0.155832901597, 0.0804482549429],
        "min": [0.00452354969457, 0.00539647135884, 0.0219662599266, 0.0115616302937, 0.00516942283139, 0.000389312830521],
        "stdev": [0.174407824874, 0.190289750695, 0.147657766938, 0.189931929111, 0.136894196272, 0.152389839292]
    },
