{
"metadata": {
    "version": {
        "essentia": "2.1-beta5",
        "essentia_git_sha": "Undefined",
        "extractor": "music 2.0"
    },
    "audio_properties": {
        "analysis": {
            "equal_loudness": 0,
            "length": 12.7477550507,
            "sample_rate": 44100,
            "start_time": 0,
            "downmix": "mix"
        },
        "bit_rate": 192000,
        "length": 200.515930176,
        "lossless": 0,
        "number_channels": 2,
        "replay_gain": 16.2175426483,
        "sample_rate": 48000,
        "codec": "mp3",
        "md5_encoded": "9e0094d8628bffe290ce57ec2e1cfaec"
    },
    "tags": {
        "file_name": "BosniaHerzegovina_Ostani Kraj Mene_Alma and Dejan.mp3",
        "encoding": ["Lavf58.29.100"]
    }
},
"lowlevel": {
    "average_loudness": 0.00019716816314,
    "barkbands_crest": {
        "max": 16.1116333008,
        "mean": 6.40162467957,
        "min": 3.10078001022,
        "stdev": 1.06850028038
    },
    "barkbands_flatness_db": {
        "max": 0.25442391634,
        "mean": 0.0801091194153,
        "min": 0.0536075867712,
        "stdev": 0.0196334980428
    },
    "barkbands_kurtosis": {
        "max": 24.0029392242,
        "mean": 3.06007361412,
        "min": -0.941465616226,
        "stdev": 1.78221189976
    },
    "barkbands_skewness": {
        "max": 4.03530073166,
        "mean": -1.57371890545,
        "min": -2.26368355751,
        "stdev": 0.760998010635
    },
    "barkbands_spread": {
        "max": 45.9932746887,
        "mean": 24.724822998,
        "min": 3.55487990379,
        "stdev": 5.67268323898
    },
    "dissonance": {
        "max": 0.499999940395,
        "mean": 0.492718607187,
        "min": 0.394744694233,
        "stdev": 0.00815464463085
    },
    "dynamic_complexity": 12.0172595978,
    "erbbands_crest": {
        "max": 17.8526859283,
        "mean": 3.93284368515,
        "min": 2.63701868057,
        "stdev": 1.52436006069
    },
    "erbbands_flatness_db": {
        "max": 0.253462344408,
        "mean": 0.115810744464,
        "min": 0.0810437202454,
        "stdev": 0.0429512262344
    },
    "erbbands_kurtosis": {
        "max": 2.56067848206,
        "mean": 0.195863053203,
        "min": -0.740226507187,
        "stdev": 0.403893113136
    },
    "erbbands_skewness": {
        "max": 1.62088537216,
        "mean": -0.512208819389,
        "min": -1.00080549717,
        "stdev": 0.363229006529
    },
    "erbbands_spread": {
        "max": 46.7249832153,
        "mean": 33.5508079529,
        "min": 8.77825737,
        "stdev": 7.5096244812
    },
    "hfc": {
        "max": 456.129943848,
        "mean": 9.23207759857,
        "min": 1.03903089803e-16,
        "stdev": 40.9964752197
    },
    "loudness_ebu128": {
        "integrated": -36.0337982178,
        "loudness_range": 16.295589447,
        "momentary": {
            "max": -31.1145648956,
            "mean": -261.972290039,
            "min": -300.691009521,
            "stdev": 91.7344818115
        },
        "short_term": {
            "max": -37.9576873779,
            "mean": -253.289520264,
            "min": -300.691009521,
            "stdev": 97.6187973022
        }
    },
    "melbands_crest": {
        "max": 19.6457176208,
        "mean": 2.90196967125,
        "min": 1.5039087534,
        "stdev": 1.85357451439
    },
    "melbands_flatness_db": {
        "max": 0.336699694395,
        "mean": 0.0206645112485,
        "min": 0.00249864370562,
        "stdev": 0.040782596916
    },
    "melbands_kurtosis": {
        "max": 42.2958946228,
        "mean": -0.596326470375,
        "min": -1.43654537201,
        "stdev": 3.47366452217
    },
    "melbands_skewness": {
        "max": 4.84563541412,
        "mean": 0.06526440382,
        "min": -0.470223277807,
        "stdev": 0.47503271699
    },
    "melbands_spread": {
        "max": 167.952316284,
        "mean": 117.831260681,
        "min": 3.22036385536,
        "stdev": 37.2541885376
    },
    "pitch_salience": {
        "max": 0.923124432564,
        "mean": 0.787772655487,
        "min": 0.535770237446,
        "stdev": 0.0264057014138
    },
    "silence_rate_20dB": {
        "max": 1,
        "mean": 0.994545459747,
        "min": 0,
        "stdev": 0.0736531987786
    },
    "silence_rate_30dB": {
        "max": 1,
        "mean": 0.98727273941,
        "min": 0,
        "stdev": 0.11209500581
    },
    "silence_rate_60dB": {
        "max": 1,
        "mean": 0.881818175316,
        "min": 0,
        "stdev": 0.322823345661
    },
    "spectral_centroid": {
        "max": 12049.1523438,
        "mean": 9765.81640625,
        "min": 328.717193604,
        "stdev": 3083.97338867
    },
    "spectral_complexity": {
        "max": 58,
        "mean": 4.53636360168,
        "min": 0,
        "stdev": 13.2642192841
    },
    "spectral_decrease": {
        "max": 2.3530337985e-28,
        "mean": -1.52728374392e-09,
        "min": -1.19210127991e-07,
        "stdev": 9.35077704156e-09
    },
    "spectral_energy": {
        "max": 0.491298913956,
        "mean": 0.00660169590265,
        "min": 9.68007869502e-21,
        "stdev": 0.0388053990901
    },
    "spectral_energyband_high": {
        "max": 0.00926206819713,
        "mean": 0.000200997776119,
        "min": 6.96840616366e-21,
        "stdev": 0.000796480802819
    },
    "spectral_energyband_low": {
        "max": 0.0573278255761,
        "mean": 0.000482969451696,
        "min": 9.69999540708e-24,
        "stdev": 0.00435912748799
    },
    "spectral_energyband_middle_high": {
        "max": 0.254850178957,
        "mean": 0.00435308925807,
        "min": 1.10135887582e-21,
        "stdev": 0.0205648299307
    },
    "spectral_energyband_middle_low": {
        "max": 0.229829326272,
        "mean": 0.00162231677677,
        "min": 1.43056075521e-22,
        "stdev": 0.0152871953323
    },
    "spectral_entropy": {
        "max": 9.83187007904,
        "mean": 9.52927780151,
        "min": 6.75792121887,
        "stdev": 0.676490783691
    },
    "spectral_flux": {
        "max": 0.468417108059,
        "mean": 0.0154526764527,
        "min": 6.33583185916e-11,
        "stdev": 0.0516136996448
    },
    "spectral_kurtosis": {
        "max": 16.3787059784,
        "mean": -0.353284090757,
        "min": -1.26345062256,
        "stdev": 2.20784640312
    },
    "spectral_rms": {
        "max": 0.0218932870775,
        "mean": 0.000724697078113,
        "min": 3.07310578894e-12,
        "stdev": 0.00243217800744
    },
    "spectral_rolloff": {
        "max": 19767.4804688,
        "mean": 16501.0917969,
        "min": 258.3984375,
        "stdev": 5544.85107422
    },
    "spectral_skewness": {
        "max": 3.25940680504,
        "mean": 0.219061553478,
        "min": -0.0899862274528,
        "stdev": 0.546091556549
    },
    "spectral_spread": {
        "max": 43280512,
        "mean": 35287752,
        "min": 2503811.75,
        "stdev": 13026983
    },
    "spectral_strongpeak": {
        "max": 9.96817398071,
        "mean": 0.219626501203,
        "min": 0,
        "stdev": 0.854469895363
    },
    "zerocrossingrate": {
        "max": 0.7041015625,
        "mean": 0.444471776485,
        "min": 0.0205078125,
        "stdev": 0.140474259853
    },
    "barkbands": {
        "max": [0.00260767061263, 0.0358125753701, 0.0221017394215, 0.0192515868694, 0.0399991571903, 0.00718953320757, 0.00638734549284, 0.0349329076707, 0.138208225369, 0.0635647922754, 0.066296055913, 0.108942307532, 0.022073270753, 0.0171171166003, 0.0251605305821, 0.0137179801241, 0.0113085908815, 0.012988303788, 0.0047266818583, 0.00524568837136, 0.00384412938729, 0.00159447069746, 0.00211405800655, 0.000534791324753, 0.000356362666935, 9.64367136476e-05, 8.27247458801e-06],
        "mean": [2.51881992881e-05, 0.000212145911064, 0.000216228159843, 0.000134113288368, 0.000304161338136, 7.65756121837e-05, 7.55990477046e-05, 0.000179777474841, 0.000780658621807, 0.000414427544456, 0.000512979459018, 0.00084061868256, 0.000463791278889, 0.00047067127889, 0.000509394973051, 0.000396860559704, 0.000311826763209, 0.000308980699629, 0.000111234199721, 9.04877451831e-05, 7.07570288796e-05, 4.65783741674e-05, 2.79408686765e-05, 1.48690578499e-05, 5.01753174831e-06, 7.7812580912e-07, 3.49985782577e-08],
        "min": [2.57703570589e-26, 1.27263774396e-24, 3.09011237938e-25, 4.85031719221e-25, 5.40582870293e-24, 4.58051926844e-24, 3.86454989973e-24, 6.3293718305e-24, 1.18742885439e-23, 3.61754374524e-24, 3.65710630292e-24, 1.69380048383e-23, 2.30046102568e-23, 2.3526569541e-23, 3.86722050943e-23, 4.41822249679e-23, 5.42191231461e-23, 7.76178609329e-23, 1.08551501475e-22, 1.50556312572e-22, 2.12783629773e-22, 2.57394837301e-22, 3.40623827987e-22, 4.65732320794e-22, 7.34163738677e-22, 1.23545381962e-21, 1.79373994663e-21],
        "stdev": [0.000163653166965, 0.0023569802288, 0.00190607481636, 0.00123932177667, 0.00275104865432, 0.000464164535515, 0.000424989324529, 0.0017832525773, 0.00881627388299, 0.00335173751228, 0.00388998747803, 0.00687225162983, 0.0020614922978, 0.0019036574522, 0.00206446507946, 0.00154616206419, 0.00123653071932, 0.00121813057922, 0.000464631826617, 0.000376091193175, 0.000299955601804, 0.000181233961484, 0.000130712927785, 6.00842868153e-05, 2.26153952099e-05, 4.81598544866e-06, 4.39880096792e-07]
    },
    "erbbands": {
        "max": [0.214573800564, 10.4722118378, 33.0979309082, 27.339515686, 197.008911133, 53.6920547485, 65.383934021, 58.7221412659, 58.2645378113, 250.69644165, 1343.98657227, 4047.16381836, 2524.05004883, 1943.63085938, 2929.45556641, 3819.3894043, 1011.64233398, 792.777832031, 1123.31408691, 988.02734375, 646.602783203, 635.610351562, 833.044372559, 262.563140869, 256.917480469, 208.311950684, 169.444259644, 127.93547821, 77.0701141357, 87.5556869507, 38.7470169067, 20.3699989319, 7.52522516251, 2.50896883011, 3.34057283401, 0.826554954052, 0.132263541222, 0.00642105657607, 0.00161052995827, 0.000690041051712],
        "mean": [0.00183581875172, 0.0622696056962, 0.269886612892, 0.305462956429, 1.10535013676, 0.660799324512, 0.784203588963, 0.615344822407, 0.929380118847, 1.72345602512, 6.83317708969, 19.2656993866, 12.4756212234, 16.3583488464, 24.3534603119, 33.2534599304, 21.1183662415, 23.5390720367, 27.6284179688, 24.4808864594, 20.6429214478, 18.1320724487, 17.8146266937, 9.06991100311, 5.63663625717, 4.00011062622, 3.05594372749, 2.49255943298, 1.77231109142, 1.32899808884, 0.652514636517, 0.392902195454, 0.200461253524, 0.0742982029915, 0.0280898604542, 0.00648380303755, 0.000913119758479, 5.79124971409e-05, 1.08995982373e-05, 9.07468802325e-06],
        "min": [5.16516491123e-23, 2.24360498034e-22, 1.72728781859e-21, 4.64614061867e-21, 1.04115858531e-20, 1.36906533937e-20, 1.66710433018e-20, 5.8228681287e-20, 5.77845240722e-20, 1.50571053593e-19, 1.58733051492e-19, 2.8464476535e-19, 4.10984842443e-19, 4.02771430099e-19, 5.57540929364e-19, 8.09266568822e-19, 1.34388890835e-18, 1.58314293892e-18, 1.84158176943e-18, 2.37056004885e-18, 3.76620957724e-18, 3.83107749446e-18, 4.66263802836e-18, 5.02062814899e-18, 6.09968153575e-18, 6.14151247292e-18, 8.15825573412e-18, 9.07992270651e-18, 1.01591402886e-17, 9.74281366888e-18, 9.15438136934e-18, 9.6190649677e-18, 7.77278377841e-18, 6.13134807755e-18, 5.3567914548e-18, 4.0730038354e-18, 2.03806652983e-18, 8.95203500034e-19, 2.3421851689e-19, 2.54855897691e-20],
        "stdev": [0.0145017262548, 0.697719395161, 2.60677742958, 2.44449400902, 12.4302616119, 4.87653160095, 5.63646125793, 3.66824030876, 4.83012962341, 13.0250988007, 71.9718322754, 227.944702148, 122.753112793, 127.636413574, 178.989318848, 261.399627686, 95.758430481, 95.2812042236, 111.99181366, 95.9616317749, 79.1065368652, 71.8747940063, 73.5866470337, 33.6850318909, 23.1835441589, 15.995675087, 12.4964523315, 11.0674705505, 7.26044750214, 5.77258729935, 2.85431838036, 1.67148160934, 0.814898490906, 0.292103976011, 0.165566891432, 0.0401327423751, 0.00656372262165, 0.000464475917397, 8.95986813703e-05, 5.16016334586e-05]
    },
    "gfcc": {
        "mean": [-1091.90661621, 6.57907962799, -28.0205802917, 3.01093626022, -8.86866188049, 3.34059286118, -5.36320400238, 0.928811490536, -2.34050297737, 0.0928944572806, -1.12928283215, 0.232895150781, -0.202605262399],
        "cov": [[186694.75, 7653.10546875, -29893.5683594, 3357.76147461, -9423.67578125, 3628.2956543, -5696.67626953, 1009.84844971, -2461.68457031, 42.2162361145, -1169.8626709, 187.587799072, -198.916763306], [7653.10546875, 542.018127441, -1092.7701416, 185.635147095, -352.895355225, 129.559356689, -234.58543396, -0.74003058672, -108.999580383, -49.2420043945, -59.5961456299, -18.0537719727, -13.3569793701], [-29893.5683594, -1092.7701416, 4930.88964844, -505.502166748, 1535.91369629, -589.543395996, 915.308898926, -187.139892578, 379.014892578, -45.8657226562, 167.858932495, -49.8140144348, 22.2227096558], [3357.76147461, 185.635147095, -505.502166748, 85.8092269897, -162.409912109, 63.009185791, -106.56061554, 6.64425468445, -48.6751174927, -10.013250351, -23.1498336792, -4.42143058777, -4.53803396225], [-9423.67578125, -352.895355225, 1535.91369629, -162.409912109, 490.804656982, -181.932952881, 290.906829834, -54.8562011719, 122.183799744, -10.6768169403, 55.5997772217, -13.8581027985, 8.12393283844], [3628.2956543, 129.559356689, -589.543395996, 63.009185791, -181.932952881, 78.9065551758, -105.531196594, 27.6245193481, -45.0768356323, 6.05812454224, -20.8968753815, 5.09678173065, -4.21635532379], [-5696.67626953, -234.58543396, 915.308898926, -106.56061554, 290.906829834, -105.531196594, 188.026153564, -22.9497642517, 80.849647522, -1.05144846439, 38.1296920776, -6.49443340302, 5.14216089249], [1009.84844971, -0.74003058672, -187.139892578, 6.64425468445, -54.8562011719, 27.6245193481, -22.9497642517, 23.1516170502, -5.4167175293, 12.8571033478, -1.6692943573, 5.62394714355, 0.236596673727], [-2461.68457031, -108.999580383, 379.014892578, -48.6751174927, 122.183799744, -45.0768356323, 80.849647522, -5.4167175293, 42.6972808838, 5.6047205925, 21.695936203, -0.868314564228, 4.84833860397], [42.2162361145, -49.2420043945, -45.8657226562, -10.013250351, -10.6768169403, 6.05812454224, -1.05144846439, 12.8571033478, 5.6047205925, 18.1735954285, 7.14315128326, 7.179063797, 2.66010832787], [-1169.8626709, -59.5961456299, 167.858932495, -23.1498336792, 55.5997772217, -20.8968753815, 38.1296920776, -1.6692943573, 21.695936203, 7.14315128326, 16.6668777466, 1.67769289017, 4.44191598892], [187.587799072, -18.0537719727, -49.8140144348, -4.42143058777, -13.8581027985, 5.09678173065, -6.49443340302, 5.62394714355, -0.868314564228, 7.179063797, 1.67769289017, 7.00067615509, 2.205691576], [-198.916763306, -13.3569793701, 22.2227096558, -4.53803396225, 8.12393283844, -4.21635532379, 5.14216089249, 0.236596673727, 4.84833860397, 2.66010832787, 4.44191598892, 2.205691576, 5.12039613724]],
        "icov": [[0.00185445661191, -0.00523329898715, 0.00432674819604, 0.000207316668821, 0.00909751374274, -0.0110276080668, 0.00306381331757, -0.00797677505761, 0.00875284895301, 0.00359844486229, 0.0030249489937, -0.000648007437121, 0.00107074377593], [-0.00523329898715, 0.0312175899744, -0.00941522978246, -0.0147654088214, -0.0271755922586, 0.0288136042655, 0.00232935603708, 0.0265338122845, -0.0445033982396, 0.0360972210765, -0.0164889059961, 0.0112652471289, 0.00202189246193], [0.00432674819604, -0.00941522978246, 0.026405537501, -0.0106719685718, -0.00662124156952, 0.00714569725096, -0.0158595200628, -0.0117037398741, 0.0202744044363, 0.00868034362793, 0.0230631753802, 0.00310823624022, 0.00726968422532], [0.000207316668821, -0.0147654088214, -0.0106719685718, 0.113274537027, 0.0120767373592, -0.0815362930298, 0.0458569563925, 0.028420927003, 0.0244822092354, -0.00667158327997, -0.0466889217496, 0.0867246389389, -0.0339922718704], [0.00909751374274, -0.0271755922586, -0.00662124156952, 0.0120767373592, 0.146694138646, -0.0872444584966, -0.0129964025691, -0.00711921835318, 0.032872248441, 0.00154973811004, 0.0155233927071, -0.00277526513673, -0.0134350294247], [-0.0110276080668, 0.0288136042655, 0.00714569725096, -0.0815362930298, -0.0872444584966, 0.341871380806, -0.0737159177661, -0.1032262519, 0.0132765164599, -0.0187748745084, 0.0020039670635, -0.0339677929878, 0.0522951520979], [0.00306381331757, 0.00232935603708, -0.0158595200628, 0.0458569563925, -0.0129964025691, -0.0737159177661, 0.215197846293, -0.100875988603, -0.054692517966, 0.127357661724, -0.103325486183, 0.020416457206, 0.0495013855398], [-0.00797677505761, 0.0265338122845, -0.0117037398741, 0.028420927003, -0.00711921835318, -0.1032262519, -0.100875988603, 0.345430165529, -0.135784834623, -0.14695969224, 0.101978696883, 0.0321349464357, -0.0504354126751], [0.00875284895301, -0.0445033982396, 0.0202744044363, 0.0244822092354, 0.032872248441, 0.0132765164599, -0.054692517966, -0.135784834623, 0.334553718567, -0.0425805933774, -0.106403186917, 0.0493162088096, -0.0459742173553], [0.00359844486229, 0.0360972210765, 0.00868034362793, -0.00667158327997, 0.00154973811004, -0.0187748745084, 0.127357661724, -0.14695969224, -0.0425805933774, 0.375748157501, -0.16749176383, -0.0653226673603, 0.0698910206556], [0.0030249489937, -0.0164889059961, 0.0230631753802, -0.0466889217496, 0.0155233927071, 0.0020039670635, -0.103325486183, 0.101978696883, -0.106403186917, -0.16749176383, 0.352380096912, -0.0336260907352, -0.094339042902], [-0.000648007437121, 0.0112652471289, 0.00310823624022, 0.0867246389389, -0.00277526513673, -0.0339677929878, 0.020416457206, 0.0321349464357, 0.0493162088096, -0.0653226673603, -0.0336260907352, 0.402139574289, -0.134789124131], [0.00107074377593, 0.00202189246193, 0.00726968422532, -0.0339922718704, -0.0134350294247, 0.0522951520979, 0.0495013855398, -0.0504354126751, -0.0459742173553, 0.0698910206556, -0.094339042902, -0.134789124131, 0.344610899687]]
    },
    "melbands": {
        "max": [0.00581238791347, 0.0156945940107, 0.0114054549485, 0.00900090206414, 0.00213415920734, 0.00124726025388, 0.00106157467235, 0.00427230866626, 0.0149332592264, 0.0219206754118, 0.0129856625572, 0.00763144949451, 0.00812781229615, 0.0163220558316, 0.00317048444413, 0.00207258248702, 0.00149838603102, 0.00191656802781, 0.00183996476699, 0.001250171219, 0.000713905494194, 0.000705998565536, 0.000587629852816, 0.000741361873224, 0.000220488698687, 0.000224457529839, 0.000228267963394, 0.000105942461232, 0.000107452600787, 0.000103581201984, 7.42319825804e-05, 4.50239131169e-05, 2.69544598268e-05, 6.16321631242e-05, 2.50470711762e-05, 2.39889377553e-05, 8.56222868606e-06, 6.57540567772e-06, 3.98822157877e-06, 1.85505723493e-06],
        "mean": [3.74978735636e-05, 0.000120579723443, 8.22322908789e-05, 6.37081975583e-05, 2.75182192127e-05, 1.3714106899e-05, 1.5117336261e-05, 2.37456497416e-05, 7.4392381066e-05, 0.000112745496153, 6.17765108473e-05, 6.63939063088e-05, 6.85247359797e-05, 0.000111490298877, 5.38227614015e-05, 4.66301680717e-05, 4.25759280915e-05, 4.50046500191e-05, 3.6393856135e-05, 3.00713763863e-05, 2.23348124564e-05, 1.89642687474e-05, 1.47489372466e-05, 1.68744190887e-05, 6.19236425337e-06, 4.07680818171e-06, 3.98080146624e-06, 2.26052657126e-06, 1.90507489606e-06, 1.74611750481e-06, 1.30091132178e-06, 9.77378817879e-07, 8.94905213045e-07, 6.93193840107e-07, 3.86657291074e-07, 2.82703041421e-07, 2.20897220515e-07, 1.5460692282e-07, 9.06509285414e-08, 5.32843600354e-08],
        "min": [6.25320277415e-25, 9.86875247623e-25, 1.03779523298e-24, 7.42303468582e-25, 5.24435715867e-25, 1.30395917038e-24, 8.90404560055e-25, 1.39941883409e-24, 1.18199851342e-24, 1.54803677736e-24, 1.24878811221e-24, 1.4586341849e-24, 8.26777356719e-25, 2.13771898149e-24, 2.64176185409e-24, 2.51116770617e-24, 2.67612995993e-24, 1.28875289035e-24, 2.90947600178e-24, 2.91908590532e-24, 3.52167347942e-24, 3.07750692446e-24, 2.98905037344e-24, 3.84790414577e-24, 3.34432689831e-24, 3.89395311225e-24, 3.45898980303e-24, 3.57121078883e-24, 4.39242721851e-24, 3.24141289347e-24, 4.50586226123e-24, 4.49321760978e-24, 4.72171353756e-24, 3.39605369116e-24, 4.79281080994e-24, 5.73233665388e-24, 4.7977502625e-24, 4.08144405017e-24, 4.25966587246e-24, 5.48047861039e-24],
        "stdev": [0.000378569267923, 0.00118858646601, 0.000764243653975, 0.000594345736317, 0.000188784324564, 8.00661873654e-05, 8.16885440145e-05, 0.000210692043765, 0.000819674809463, 0.00129560718779, 0.000616936420556, 0.000526700052433, 0.000478168891277, 0.00101258407813, 0.000266533665126, 0.000207242861507, 0.00017310315161, 0.000186558478163, 0.000146562815644, 0.00012198065815, 8.67624767125e-05, 7.53643471398e-05, 6.18540288997e-05, 6.69695073157e-05, 2.34390226979e-05, 1.77468355105e-05, 1.69398172147e-05, 8.9403383754e-06, 7.88073430158e-06, 7.44755607229e-06, 5.92490096096e-06, 4.14472560806e-06, 3.34649166689e-06, 3.44608952219e-06, 1.7202729623e-06, 1.41288217037e-06, 9.15887028441e-07, 6.50831168514e-07, 3.70559831708e-07, 2.13516472058e-07]
    },
    "melbands128": {
        "max": [0.0012512850808, 0.000453930755612, 0.00401648832485, 0.0235041510314, 0.0224367119372, 0.00940580293536, 0.00576620083302, 0.0147591689602, 0.0267292931676, 0.00631301337853, 0.00404110597447, 0.00334128085524, 0.00302005931735, 0.00155657855794, 0.00112579739653, 0.00195207865909, 0.000744555552956, 0.000876862439327, 0.00217545684427, 0.00114554958418, 0.00475355843082, 0.0148955304176, 0.00335321156308, 0.0289418809116, 0.0495750904083, 0.00579163152725, 0.0226552188396, 0.00667763035744, 0.016017537564, 0.00925678107888, 0.00729325553402, 0.0127574596554, 0.00519657693803, 0.00932672247291, 0.0177646055818, 0.0281004942954, 0.00461764307693, 0.00338859064505, 0.00231681577861, 0.0031678895466, 0.00254311575554, 0.00280096800998, 0.0017315360019, 0.00197819061577, 0.00174112059176, 0.00272966665216, 0.00198986078613, 0.00265482836403, 0.00171081384178, 0.00120353279635, 0.00183707312681, 0.00147192168515, 0.0013559483923, 0.000997905619442, 0.000783478899393, 0.000912557705306, 0.000894760596566, 0.000685137638357, 0.000547445612028, 0.00121891894378, 0.00107186741661, 0.00066640303703, 0.000211707607377, 0.000329004891682, 0.000223424605792, 0.000286143011181, 0.00026954463101, 0.000138289629831, 0.000354139978299, 0.00023111095652, 9.34582785703e-05, 7.95561354607e-05, 0.000124765181681, 0.000111729736091, 8.39365820866e-05, 0.000116934024845, 0.000106596547994, 0.000110348380986, 8.34172024042e-05, 4.46214835392e-05, 4.376819561e-05, 6.96335264365e-05, 5.0888149417e-05, 2.23853785428e-05, 2.77497183561e-05, 8.14328741399e-05, 6.27938570688e-05, 4.86688768433e-05, 2.03740582947e-05, 1.59339087986e-05, 1.68497554114e-05, 4.28056700912e-05, 8.66412574396e-06, 1.26047034428e-05, 8.04872888693e-06, 1.11032823042e-05, 5.44205749975e-06, 6.54872974337e-06, 6.35729702481e-06, 2.83611643681e-06, 1.92779816643e-06, 2.58600721281e-06, 2.35088691625e-06, 2.6071109005e-06, 5.49309470443e-06, 5.96195059188e-06, 9.3906407983e-07, 6.3445440901e-07, 1.73084629296e-06, 1.46067759488e-06, 7.37841389764e-07, 3.7074590864e-07, 3.89294399383e-07, 1.79795989652e-07, 7.36363006126e-08, 3.92527290671e-08, 4.63993075073e-08, 3.58303609005e-08, 6.53216929436e-08, 5.75807490577e-08, 2.39945627811e-08, 3.42311494705e-08, 1.66020832637e-08, 2.44475906186e-08, 3.4368291324e-08, 2.31822632202e-08, 3.35973524557e-08, 1.73698655459e-08],
        "mean": [1.50244450197e-05, 8.36124854686e-06, 2.26832908083e-05, 0.000135654059704, 0.000162619020557, 8.83362372406e-05, 4.49703074992e-05, 8.29456475913e-05, 0.000143876997754, 4.9239697546e-05, 2.87441034743e-05, 3.38766767527e-05, 3.17156918754e-05, 1.27228468045e-05, 1.24179341583e-05, 1.5781581169e-05, 1.21660987134e-05, 1.49982943185e-05, 1.94591957552e-05, 1.27247549244e-05, 2.40817171289e-05, 5.93293880229e-05, 3.20752515108e-05, 0.000144707941217, 0.000197964414838, 4.22500925197e-05, 7.50438557588e-05, 3.9195692807e-05, 8.67995404406e-05, 7.05192724126e-05, 5.48920979782e-05, 7.23053017282e-05, 5.53488462174e-05, 8.22732254164e-05, 9.82119599939e-05, 0.000158425275004, 5.83426299272e-05, 5.53905920242e-05, 4.13102134189e-05, 4.14906862716e-05, 5.06916185259e-05, 5.14091625519e-05, 4.00431235903e-05, 3.78777403967e-05, 4.5936263632e-05, 4.90244165121e-05, 4.09087951994e-05, 3.66145432054e-05, 3.72090289602e-05, 2.79992800643e-05, 3.18840502587e-05, 2.76282098639e-05, 2.39484434132e-05, 2.06946424441e-05, 1.68695078173e-05, 1.96773198695e-05, 2.03617491934e-05, 1.49363195305e-05, 1.05440776679e-05, 1.76576286322e-05, 2.11614005821e-05, 1.48353501572e-05, 5.30765328222e-06, 5.22965774508e-06, 3.88705348087e-06, 4.26297037848e-06, 4.00532735512e-06, 3.61264642379e-06, 4.88088380735e-06, 3.09580150315e-06, 1.98087968784e-06, 2.00634440262e-06, 1.8334685592e-06, 2.02703563446e-06, 1.78896948455e-06, 1.77144227109e-06, 1.69713712239e-06, 1.64799382674e-06, 1.24851476357e-06, 9.69506345427e-07, 9.15147950309e-07, 1.02213527953e-06, 1.03819843389e-06, 9.2511152161e-07, 6.95273797646e-07, 8.00511713805e-07, 6.81137521497e-07, 5.13803342983e-07, 3.61188028819e-07, 3.03841346749e-07, 2.84690059971e-07, 2.96852476822e-07, 2.46262288783e-07, 2.26412026905e-07, 1.93491459299e-07, 1.90659037003e-07, 1.43111975603e-07, 1.09518225599e-07, 1.0664369654e-07, 6.95952451224e-08, 5.36586703959e-08, 5.51198446885e-08, 4.62110776311e-08, 3.9852167788e-08, 3.234462298e-08, 2.59776999911e-08, 1.39946099154e-08, 1.16918998927e-08, 1.0327264377e-08, 9.12756004112e-09, 5.98398219864e-09, 3.34838556881e-09, 1.89216242674e-09, 8.80349404486e-10, 4.08427069942e-10, 2.28623578402e-10, 2.45390679998e-10, 1.78235204373e-10, 2.60485910619e-10, 2.19451970485e-10, 9.9065089465e-11, 1.19615858885e-10, 9.21460477366e-11, 9.62027194018e-11, 1.17020157453e-10, 9.60444085374e-11, 9.97272472936e-11, 7.95843876911e-11],
        "min": [4.45460431677e-27, 5.55006849283e-26, 2.00974530623e-25, 2.65747862573e-25, 6.56362533355e-26, 1.24516948398e-25, 1.05900632221e-25, 1.3249272658e-25, 4.06316121262e-25, 1.30548418642e-25, 1.93059827531e-25, 1.33303589309e-25, 2.27156836393e-25, 3.62257795971e-25, 1.20783479275e-25, 1.34674999341e-25, 1.34952160689e-25, 2.01199109462e-25, 7.70752110104e-25, 5.35813999045e-25, 3.05455176237e-25, 6.26988521014e-25, 3.66701375494e-25, 5.0582865648e-25, 5.12945562352e-25, 5.419074565e-25, 5.33205926285e-25, 7.27291001822e-25, 2.82873761654e-25, 3.97793958295e-25, 4.85875701782e-25, 3.93018613457e-25, 4.93963547516e-25, 4.97951880342e-25, 5.79579410421e-25, 2.19976649086e-25, 1.11689007582e-24, 1.02416056109e-24, 5.20450193359e-25, 8.80088034352e-25, 5.97275286158e-25, 8.38360152087e-25, 1.10164819845e-24, 7.46104841373e-25, 6.15256088594e-25, 8.59370476221e-25, 9.53509488168e-25, 1.65216069761e-24, 1.34570322429e-24, 5.0718022173e-25, 6.43668689032e-25, 1.34230451569e-24, 1.23752741861e-24, 1.47180638708e-24, 9.7615798058e-25, 1.39031153354e-24, 1.19942030929e-24, 1.31637761596e-24, 1.37932930784e-24, 1.91166694479e-24, 1.58770928254e-24, 8.23940021258e-25, 1.8867093579e-24, 1.57048085619e-24, 1.59087695351e-24, 2.37155983633e-24, 2.14351592585e-24, 1.66105313217e-24, 1.11060423491e-24, 2.2140572485e-24, 1.55789162222e-24, 2.07230604358e-24, 2.72086488136e-24, 2.54400660515e-24, 2.5129852417e-24, 2.11653274137e-24, 2.23312243886e-24, 2.47338876299e-24, 2.63772584449e-24, 2.6026008266e-24, 2.46368675993e-24, 2.4700278211e-24, 2.61113393502e-24, 3.02094086439e-24, 2.79984681849e-24, 2.60111895139e-24, 3.03084540749e-24, 2.42459041904e-24, 2.65229551376e-24, 2.97899397462e-24, 2.95923951704e-24, 3.73768016135e-24, 3.13364976066e-24, 2.80674067394e-24, 3.76556560549e-24, 3.66234473377e-24, 3.68205521234e-24, 1.78990192533e-24, 3.60473264413e-24, 3.36452213191e-24, 2.93136452531e-24, 3.30907388775e-24, 3.5635647545e-24, 3.51529711673e-24, 3.50658888119e-24, 4.36442265637e-24, 3.99062131086e-24, 3.47424755623e-24, 4.37239961785e-24, 4.23022361133e-24, 3.79115980313e-24, 3.59500717246e-24, 3.87530601817e-24, 4.91548735817e-24, 4.44088654948e-24, 5.09333604925e-24, 3.87876201779e-24, 5.23451414673e-24, 3.83290829439e-24, 4.54867453142e-24, 5.16054384293e-24, 4.97660790668e-24, 4.9570891213e-24, 4.82052231025e-24, 3.91158533677e-24, 4.78098815155e-24, 5.01940282192e-24, 4.90976259458e-24],
        "stdev": [7.96493332018e-05, 3.69225381291e-05, 0.000233005615883, 0.0015592960408, 0.00170549645554, 0.000728486396838, 0.000408082618378, 0.000882927328348, 0.00170788448304, 0.000436910311691, 0.000258377491264, 0.000258701911662, 0.000254636222962, 8.80130028236e-05, 8.14358354546e-05, 0.000106131621578, 6.11293144175e-05, 7.7845674241e-05, 0.000135707276058, 7.1319482231e-05, 0.000228334756684, 0.000710561056621, 0.000256002997048, 0.00170946284197, 0.00260424311273, 0.000347065593814, 0.00104031118099, 0.000317276077112, 0.000809600402135, 0.000578572391532, 0.00041182350833, 0.000670830369927, 0.000328295456711, 0.000585688103456, 0.00088152079843, 0.00170433335006, 0.000336824246915, 0.000282470544335, 0.000190031423699, 0.000229749057326, 0.000229186349316, 0.000242988826358, 0.000180685907253, 0.000159659684869, 0.000192016246729, 0.000239477929426, 0.000173317850567, 0.0001746409107, 0.000159789502504, 0.000117792107631, 0.000150596140884, 0.000119352938782, 0.000106881780084, 8.71857264428e-05, 6.91115492373e-05, 8.62666784087e-05, 9.08500805963e-05, 6.59194556647e-05, 4.38728384324e-05, 9.27850924199e-05, 8.78576029208e-05, 6.2750899815e-05, 2.17342258111e-05, 2.40216395468e-05, 1.7575594029e-05, 2.07093144127e-05, 1.87031109817e-05, 1.44338646351e-05, 2.45889132202e-05, 1.38183777381e-05, 8.02656268206e-06, 8.53896017361e-06, 8.02760951046e-06, 8.86241014086e-06, 7.57064117352e-06, 7.85234260547e-06, 7.6637179518e-06, 8.44367968966e-06, 6.09415974395e-06, 4.0552235987e-06, 3.94766811951e-06, 5.07096183355e-06, 4.27089526056e-06, 3.39413168149e-06, 2.85936926048e-06, 4.41195561507e-06, 3.52932511305e-06, 2.74824856206e-06, 1.62385401836e-06, 1.26887778151e-06, 1.36687197028e-06, 2.0786899313e-06, 1.02423848602e-06, 9.91988827082e-07, 8.28688882848e-07, 8.96301799003e-07, 6.07490164839e-07, 4.86182386794e-07, 4.9750508424e-07, 2.80370755945e-07, 2.15932402625e-07, 2.42037316411e-07, 2.07707373079e-07, 1.82402672522e-07, 2.49758585369e-07, 2.60246167727e-07, 6.40320436673e-08, 5.48598748651e-08, 7.97033408162e-08, 6.72809861157e-08, 3.86140044384e-08, 2.34217214512e-08, 1.86809501201e-08, 9.25427379173e-09, 4.08709999178e-09, 2.47218978622e-09, 2.97929658721e-09, 2.18858398071e-09, 3.59571883379e-09, 3.01069902342e-09, 1.19448639868e-09, 1.60917290604e-09, 1.05875785916e-09, 1.21885568305e-09, 1.62724400621e-09, 1.2215022327e-09, 1.51935442005e-09, 1.0191150146e-09]
    },
    "mfcc": {
        "mean": [-1177.47631836, 10.3107213974, -9.26232910156, -0.738385260105, -0.912169754505, 1.10185861588, -0.837511122227, 0.742070734501, -0.218228876591, -0.0810384303331, -0.0447695851326, 0.238465517759, -0.0161492433399],
        "cov": [[50352.3320312, 5738.87207031, -5159.44824219, -407.267181396, -528.800109863, 622.230773926, -440.999084473, 451.930114746, -99.9227142334, -11.6842842102, -1.38981759548, 151.563446045, -8.32493782043], [5738.87207031, 796.888549805, -524.254699707, -5.21419143677, -38.5231704712, 84.992767334, -55.6682052612, 55.1119995117, -21.3065490723, -23.9435024261, -19.091588974, -4.11361980438, -21.8647518158], [-5159.44824219, -524.254699707, 621.6328125, 78.6489181519, 72.9539337158, -55.0309562683, 49.9610748291, -41.2139320374, 6.30193948746, -10.7223997116, -11.7056694031, -30.4174251556, -15.7522058487], [-407.267181396, -5.21419143677, 78.6489181519, 29.7340393066, 16.3392601013, 2.0711145401, 2.93091511726, -4.42838430405, -5.20038938522, -8.28736400604, -8.25290203094, -10.8936281204, -8.97130393982], [-528.800109863, -38.5231704712, 72.9539337158, 16.3392601013, 17.5347042084, -1.77164745331, 4.95364427567, -5.57527589798, -1.38776493073, -5.06217432022, -5.77614545822, -7.15914678574, -5.04613256454], [622.230773926, 84.992767334, -55.0309562683, 2.0711145401, -1.77164745331, 13.827173233, -4.36149168015, 6.26524400711, -3.66150569916, -3.49970412254, -2.54891777039, -1.27067649364, -3.79906773567], [-440.999084473, -55.6682052612, 49.9610748291, 2.93091511726, 4.95364427567, -4.36149168015, 11.2256965637, -0.185990512371, 3.21349692345, 2.10991549492, 0.927273333073, -0.564299464226, 0.157090187073], [451.930114746, 55.1119995117, -41.2139320374, -4.42838430405, -5.57527589798, 6.26524400711, -0.185990512371, 11.237496376, 2.84252762794, 1.49411821365, 1.04690361023, 1.83950066566, -0.767691075802], [-99.9227142334, -21.3065490723, 6.30193948746, -5.20038938522, -1.38776493073, -3.66150569916, 3.21349692345, 2.84252762794, 7.13283634186, 3.82671928406, 2.58515810966, 1.8757879734, 2.39756393433], [-11.6842842102, -23.9435024261, -10.7223997116, -8.28736400604, -5.06217432022, -3.49970412254, 2.10991549492, 1.49411821365, 3.82671928406, 9.01846885681, 5.71879339218, 5.29282903671, 4.30986595154], [-1.38981759548, -19.091588974, -11.7056694031, -8.25290203094, -5.77614545822, -2.54891777039, 0.927273333073, 1.04690361023, 2.58515810966, 5.71879339218, 7.81653785706, 4.88019275665, 4.27118825912], [151.563446045, -4.11361980438, -30.4174251556, -10.8936281204, -7.15914678574, -1.27067649364, -0.564299464226, 1.83950066566, 1.8757879734, 5.29282903671, 4.88019275665, 7.22886753082, 4.47388076782], [-8.32493782043, -21.8647518158, -15.7522058487, -8.97130393982, -5.04613256454, -3.79906773567, 0.157090187073, -0.767691075802, 2.39756393433, 4.30986595154, 4.27118825912, 4.47388076782, 7.42964982986]],
        "icov": [[0.000560466491152, -0.00210715690628, 0.00264484807849, -0.00134348252323, 0.00127602810971, -0.00203122897074, -0.000784756091889, -0.000546831288375, -0.000831731304061, -0.00177952542435, 0.000519960769452, -0.00191218708642, 0.00035347402445], [-0.00210715690628, 0.0211922433227, 6.62045713398e-05, -0.0118722394109, -0.00397267658263, -0.000624227162916, 0.021295754239, -0.0314722470939, 0.00658255210146, 0.0184726975858, 0.00270938500762, 0.0189833305776, 0.0132619664073], [0.00264484807849, 6.62045713398e-05, 0.0361609198153, -0.0427340716124, -0.0130967451259, 0.0386885553598, -0.0245625283569, -0.0169771909714, -0.00705865677446, 0.0141846910119, -0.0146053340286, 0.00785230565816, 0.0355950519443], [-0.00134348252323, -0.0118722394109, -0.0427340716124, 0.175946176052, -0.0368108414114, -0.0556526593864, 0.0194049980491, 0.0123502574861, 0.066865362227, -0.0463176034391, 0.0182457789779, 0.0733724534512, -0.0165670104325], [0.00127602810971, -0.00397267658263, -0.0130967451259, -0.0368108414114, 0.215388461947, -0.0955270528793, -0.0190196037292, 0.0738662406802, -0.0620606169105, -0.00728772906587, 0.0726026669145, 0.00901528354734, 8.7094886112e-05], [-0.00203122897074, -0.000624227162916, 0.0386885553598, -0.0556526593864, -0.0955270528793, 0.387144446373, -0.0838524922729, -0.0857808217406, 0.101094134152, 0.0638013258576, -0.0751156955957, 0.0309513229877, 0.0916147828102], [-0.000784756091889, 0.021295754239, -0.0245625283569, 0.0194049980491, -0.0190196037292, -0.0838524922729, 0.248686596751, -0.112156234682, -0.0039785807021, -0.0387679189444, 0.0265367254615, -0.000776274304371, -0.0305106975138], [-0.000546831288375, -0.0314722470939, -0.0169771909714, 0.0123502574861, 0.0738662406802, -0.0857808217406, -0.112156234682, 0.35198751092, -0.181598499417, -0.0209587737918, -0.0077007105574, -0.0566138029099, 0.0400113910437], [-0.000831731304061, 0.00658255210146, -0.00705865677446, 0.066865362227, -0.0620606169105, 0.101094134152, -0.0039785807021, -0.181598499417, 0.348676204681, -0.0673913434148, -0.0068638776429, 0.0868619084358, -0.046708278358], [-0.00177952542435, 0.0184726975858, 0.0141846910119, -0.0463176034391, -0.00728772906587, 0.0638013258576, -0.0387679189444, -0.0209587737918, -0.0673913434148, 0.321050971746, -0.116607286036, -0.107176996768, 0.0199263039976], [0.000519960769452, 0.00270938500762, -0.0146053340286, 0.0182457789779, 0.0726026669145, -0.0751156955957, 0.0265367254615, -0.0077007105574, -0.0068638776429, -0.116607286036, 0.32925388217, -0.0756740942597, -0.0646903440356], [-0.00191218708642, 0.0189833305776, 0.00785230565816, 0.0733724534512, 0.00901528354734, 0.0309513229877, -0.000776274304371, -0.0566138029099, 0.0868619084358, -0.107176996768, -0.0756740942597, 0.497606694698, -0.0469107031822], [0.00035347402445, 0.0132619664073, 0.0355950519443, -0.0165670104325, 8.7094886112e-05, 0.0916147828102, -0.0305106975138, 0.0400113910437, -0.046708278358, 0.0199263039976, -0.0646903440356, -0.0469107031822, 0.350119948387]]
    },
    "spectral_contrast_coeffs": {
        "max": [-0.414712756872, -0.553125143051, -0.605329096317, -0.749785900116, -0.70853972435, -0.668002843857],
        "mean": [-0.932479560375, -0.945904672146, -0.94025093317, -0.942275524139, -0.935643732548, -0.927606403828],
        "min": [-0.98301678896, -0.984605789185, -0.976761639118, -0.974804997444, -0.970762550831, -0.965139865875],
        "stdev": [0.0828287899494, 0.0505594909191, 0.0548206977546, 0.0498291067779, 0.0620111785829, 0.0810405388474]
    },
    "spectral_contrast_valleys": {
        "max": [-5.2177863121, -4.62264585495, -4.23101472855, -4.9351568222, -5.29423427582, -8.63832378387],
        "mean": [-24.5864372253, -24.3485584259, -24.3371944427, -24.2940883636, -24.3874893188, -24.8454208374],
        "min": [-28.1790237427, -28.2747573853, -28.1361026764, -27.7460250854, -27.5449924469, -27.4116153717],
        "stdev": [6.53370475769, 7.04758501053, 7.18724536896, 7.2481970787, 7.06090593338, 5.95199680328]
    }
},
"rhythm": {
    "beats_count": 33,
    "beats_loudness": {
        "max": 0.0441936515272,
        "mean": 0.00241270288825,
        "min": 0,
        "stdev": 0.00862732622772
    },
    "bpm": 161.498977661,
    "bpm_histogram_first_peak_bpm": 161,
    "bpm_histogram_first_peak_weight": 0.25,
    "bpm_histogram_second_peak_bpm": 152,
    "bpm_histogram_second_peak_spread": 0.45454543829,
    "bpm_histogram_second_peak_weight": 0.1875,
    "danceability": 1.10389864445,
    "onset_rate": 0.391869038343,
    "beats_loudness_band_ratio": {
        "max": [0.322119534016, 0.17311514914, 0.119635686278, 0.36880287528, 0.506135046482, 0.811580717564],
        "mean": [0.0128606092185, 0.00774942710996, 0.0101108755916, 0.0379323735833, 0.0541865751147, 0.0351912751794],
        "min": [0, 0, 0, 0, 0, 0],
        "stdev": [0.0565300993621, 0.0306187234819, 0.0273827183992, 0.0988790839911, 0.142524495721, 0.142069846392]
    },
    "beats_position": [0.383129239082, 0.777868449688, 1.17260766029, 1.5673469305, 1.97369611263, 2.36843538284, 2.76317453384, 3.1811337471, 3.59909296036, 4.01705217361, 4.43501138687, 4.80653047562, 5.17804956436, 5.54956912994, 5.94430828094, 6.32743740082, 6.71056699753, 7.0936961174, 7.50004529953, 7.90639448166, 8.31274318695, 8.71909236908, 9.0906124115, 9.46213150024, 9.83365058899, 10.2051696777, 10.5766887665, 10.9482088089, 11.2965078354, 11.6448068619, 11.9814968109, 12.3181858063, 12.6548748016],
    "bpm_histogram": [0, 0, 0, 0, 0, 0, 0, 0, 0, 0, 0, 0, 0, 0, 0, 0, 0, 0, 0, 0, 0, 0, 0, 0, 0, 0, 0, 0, 0, 0, 0, 0, 0, 0, 0, 0, 0, 0, 0, 0, 0, 0, 0, 0, 0, 0, 0, 0, 0, 0, 0, 0, 0, 0, 0, 0, 0, 0, 0, 0, 0, 0, 0, 0, 0, 0, 0, 0, 0, 0, 0, 0, 0, 0, 0, 0, 0, 0, 0, 0, 0, 0, 0, 0, 0, 0, 0, 0, 0, 0, 0, 0, 0, 0, 0, 0, 0, 0, 0, 0, 0, 0, 0, 0, 0, 0, 0, 0, 0, 0, 0, 0, 0, 0, 0, 0, 0, 0, 0, 0, 0, 0, 0, 0, 0, 0, 0, 0, 0, 0, 0, 0, 0, 0, 0, 0, 0, 0, 0, 0, 0, 0, 0, 0, 0.125, 0, 0, 0, 0.15625, 0, 0, 0, 0.1875, 0, 0, 0, 0, 0.09375, 0, 0, 0, 0.28125, 0, 0, 0, 0, 0, 0, 0, 0, 0, 0, 0.0625, 0, 0, 0, 0, 0, 0.09375, 0, 0, 0, 0, 0, 0, 0, 0, 0, 0, 0, 0, 0, 0, 0, 0, 0, 0, 0, 0, 0, 0, 0, 0, 0, 0, 0, 0, 0, 0, 0, 0, 0, 0, 0, 0, 0, 0, 0, 0, 0, 0, 0, 0, 0, 0, 0, 0, 0, 0, 0, 0, 0, 0, 0, 0, 0, 0, 0, 0, 0, 0, 0, 0, 0, 0, 0, 0, 0, 0, 0]
},
"tonal": {
