{
"metadata": {
    "version": {
        "essentia": "2.1-beta5",
        "essentia_git_sha": "Undefined",
        "extractor": "music 2.0"
    },
    "audio_properties": {
        "analysis": {
            "equal_loudness": 0,
            "length": 32.6356468201,
            "sample_rate": 44100,
            "start_time": 158.998641968,
            "downmix": "mix"
        },
        "bit_rate": 192000,
        "length": 191.657516479,
        "lossless": 0,
        "number_channels": 2,
        "replay_gain": -0.679050445557,
        "sample_rate": 48000,
        "codec": "mp3",
        "md5_encoded": "d299bb7860713e91d5d63b81dc6887d4"
    },
    "tags": {
        "file_name": "Lithuania_Lopšinė mylimai_Ovidijus Vyšniauskas.mp3",
        "encoding": ["Lavf58.29.100"]
    }
},
"lowlevel": {
    "average_loudness": 0.68240904808,
    "barkbands_crest": {
        "max": 23.6259937286,
        "mean": 7.92292737961,
        "min": 2.7565972805,
        "stdev": 3.35312843323
    },
    "barkbands_flatness_db": {
        "max": 0.303807318211,
        "mean": 0.116562671959,
        "min": 0.041783221066,
        "stdev": 0.0423947423697
    },
    "barkbands_kurtosis": {
        "max": 41.8955497742,
        "mean": 2.87198519707,
        "min": -1.79010725021,
        "stdev": 4.58188915253
    },
    "barkbands_skewness": {
        "max": 5.40015983582,
        "mean": 0.171999484301,
        "min": -2.34862351418,
        "stdev": 1.61510491371
    },
    "barkbands_spread": {
        "max": 92.8461837769,
        "mean": 21.4277687073,
        "min": 2.32160377502,
        "stdev": 10.6156406403
    },
    "dissonance": {
        "max": 0.499998301268,
        "mean": 0.47417524457,
        "min": 0.338744491339,
        "stdev": 0.0246283877641
    },
    "dynamic_complexity": 3.55214571953,
    "erbbands_crest": {
        "max": 27.6094589233,
        "mean": 7.12662887573,
        "min": 2.6145825386,
        "stdev": 4.0305185318
    },
    "erbbands_flatness_db": {
        "max": 0.270500570536,
        "mean": 0.161565348506,
        "min": 0.0830931961536,
        "stdev": 0.0503882579505
    },
    "erbbands_kurtosis": {
        "max": 8.66651248932,
        "mean": 0.316649407148,
        "min": -1.71624803543,
        "stdev": 1.06402003765
    },
    "erbbands_skewness": {
        "max": 2.61136603355,
        "mean": 0.0542139038444,
        "min": -1.33667314053,
        "stdev": 0.723290085793
    },
    "erbbands_spread": {
        "max": 109.757209778,
        "mean": 32.3757247925,
        "min": 9.28885173798,
        "stdev": 12.8255109787
    },
    "hfc": {
        "max": 147.102828979,
        "mean": 17.0774707794,
        "min": 1.06882250262e-16,
        "stdev": 18.7027683258
    },
    "loudness_ebu128": {
        "integrated": -21.9380397797,
        "loudness_range": 6.03589439392,
        "momentary": {
            "max": -19.1115455627,
            "mean": -106.747924805,
            "min": -300.691009521,
            "stdev": 126.754196167
        },
        "short_term": {
            "max": -20.5946826935,
            "mean": -90.6730651855,
            "min": -300.691009521,
            "stdev": 117.601150513
        }
    },
    "melbands_crest": {
        "max": 28.6960659027,
        "mean": 8.31598472595,
        "min": 1.47141993046,
        "stdev": 5.71936702728
    },
    "melbands_flatness_db": {
        "max": 0.394219458103,
        "mean": 0.114354796708,
        "min": 0.00290127331391,
        "stdev": 0.0866829529405
    },
    "melbands_kurtosis": {
        "max": 73.5391311646,
        "mean": 4.4382724762,
        "min": -1.4318908453,
        "stdev": 9.17059421539
    },
    "melbands_skewness": {
        "max": 6.75738668442,
        "mean": 1.20453357697,
        "min": -0.46498632431,
        "stdev": 1.33476960659
    },
    "melbands_spread": {
        "max": 167.427963257,
        "mean": 58.1767539978,
        "min": 2.62174701691,
        "stdev": 50.8010101318
    },
    "pitch_salience": {
        "max": 0.861926913261,
        "mean": 0.667853951454,
        "min": 0.19226333499,
        "stdev": 0.124441280961
    },
    "silence_rate_20dB": {
        "max": 1,
        "mean": 1,
        "min": 1,
        "stdev": 0
    },
    "silence_rate_30dB": {
        "max": 1,
        "mean": 0.999289274216,
        "min": 0,
        "stdev": 0.0266496185213
    },
    "silence_rate_60dB": {
        "max": 1,
        "mean": 0.356076747179,
        "min": 0,
        "stdev": 0.478840440512
    },
    "spectral_centroid": {
        "max": 12001.4609375,
        "mean": 4374.82324219,
        "min": 221.29737854,
        "stdev": 4455.74609375
    },
    "spectral_complexity": {
        "max": 51,
        "mean": 16.4861412048,
        "min": 0,
        "stdev": 13.8206863403
    },
    "spectral_decrease": {
        "max": 2.67893051553e-28,
        "mean": -4.73707073567e-09,
        "min": -3.58396157196e-08,
        "stdev": 4.82836082227e-09
    },
    "spectral_energy": {
        "max": 0.139703974128,
        "mean": 0.0194277819246,
        "min": 9.90950499273e-21,
        "stdev": 0.0194232966751
    },
    "spectral_energyband_high": {
        "max": 0.0163073018193,
        "mean": 0.000763357733376,
        "min": 6.75086977946e-21,
        "stdev": 0.00166003580671
    },
    "spectral_energyband_low": {
        "max": 0.0481860116124,
        "mean": 0.00223187473603,
        "min": 1.2120574074e-23,
        "stdev": 0.0042322780937
    },
    "spectral_energyband_middle_high": {
        "max": 0.0426131486893,
        "mean": 0.00480889854953,
        "min": 1.17885132049e-21,
        "stdev": 0.00531865796074
    },
    "spectral_energyband_middle_low": {
        "max": 0.126289054751,
        "mean": 0.0122746732086,
        "min": 9.63171965351e-23,
        "stdev": 0.0149528020993
    },
    "spectral_entropy": {
        "max": 9.82874393463,
        "mean": 8.27526569366,
        "min": 6.2807507515,
        "stdev": 1.05467939377
    },
    "spectral_flux": {
        "max": 0.3009121418,
        "mean": 0.0549755133688,
        "min": 6.25328816506e-11,
        "stdev": 0.0463557578623
    },
    "spectral_kurtosis": {
        "max": 18.2504711151,
        "mean": 2.16662287712,
        "min": -1.28088021278,
        "stdev": 2.89033389091
    },
    "spectral_rms": {
        "max": 0.0116746118292,
        "mean": 0.00340197654441,
        "min": 3.1093101184e-12,
        "stdev": 0.00271670846269
    },
    "spectral_rolloff": {
        "max": 19832.0800781,
        "mean": 7008.39306641,
        "min": 193.798828125,
        "stdev": 7906.54052734
    },
    "spectral_skewness": {
        "max": 3.23684430122,
        "mean": 0.93616104126,
        "min": -0.108278855681,
        "stdev": 0.693620204926
    },
    "spectral_spread": {
        "max": 42754656,
        "mean": 15033978,
        "min": 2210847,
        "stdev": 16999140
    },
    "spectral_strongpeak": {
        "max": 8.20730686188,
        "mean": 0.876772582531,
        "min": 0,
        "stdev": 1.12402808666
    },
    "zerocrossingrate": {
        "max": 0.8046875,
        "mean": 0.199546694756,
        "min": 0.01171875,
        "stdev": 0.203710854053
    },
    "barkbands": {
        "max": [0.000765359844081, 0.0267070364207, 0.0396599732339, 0.0541583113372, 0.122246265411, 0.0259504709393, 0.0269212760031, 0.0327356643975, 0.0469360873103, 0.00974432844669, 0.00963935442269, 0.0107300048694, 0.026128616184, 0.0127510987222, 0.00812625326216, 0.00300565431826, 0.00395213952288, 0.00221852120012, 0.00390412984416, 0.00400479417294, 0.00894696824253, 0.00413765432313, 0.00267534516752, 0.0108451079577, 0.00327502563596, 0.000285338202957, 1.25174565824e-07],
        "mean": [4.61728268419e-05, 0.000850308104418, 0.000833598198369, 0.00144084298518, 0.00452269380912, 0.00201395247132, 0.00109629449435, 0.00124722416513, 0.00163834576961, 0.000643278588541, 0.00041794378194, 0.000665930623654, 0.000687401450705, 0.000709878688212, 0.000724504585378, 0.000304319342831, 0.000317562604323, 0.000186797711649, 0.000191143670236, 0.000223224822548, 0.000288289273158, 0.000184804521268, 8.07246979093e-05, 7.09890082362e-05, 3.82475918741e-05, 3.3125693335e-06, 1.02988118034e-09],
        "min": [2.40951252613e-25, 1.06856702056e-24, 8.6142624774e-25, 7.07466335628e-25, 6.73029618608e-24, 4.87618196914e-24, 4.69747736397e-24, 2.64659993802e-24, 1.16746239045e-23, 7.64224148062e-24, 8.52500207711e-24, 1.75867987567e-23, 2.29622326489e-23, 2.37704301127e-23, 2.76264106164e-23, 4.98079959798e-23, 5.57055705944e-23, 8.74969364429e-23, 1.27612539268e-22, 1.41940361143e-22, 2.01024717658e-22, 2.80619407221e-22, 3.42061473344e-22, 5.29483641533e-22, 8.29145772353e-22, 1.22624275153e-21, 1.75547557316e-21],
        "stdev": [7.7995864558e-05, 0.0015475761611, 0.00215126154944, 0.00389918289147, 0.00847923755646, 0.0030277625192, 0.00245096883737, 0.0029458804056, 0.00453180680051, 0.00103892304469, 0.000777991255745, 0.00111353269313, 0.00168027589098, 0.0011736205779, 0.00110404391307, 0.000404776161304, 0.00043662628741, 0.000264957459876, 0.000316278805258, 0.000398166070227, 0.000720370968338, 0.000453245913377, 0.000197410336114, 0.000437415699707, 0.000204232157557, 1.51750391524e-05, 4.13932976784e-09]
    },
    "erbbands": {
        "max": [0.412427037954, 7.32135820389, 34.8706130981, 106.578567505, 227.18119812, 595.029968262, 306.203674316, 243.796432495, 354.96005249, 854.71472168, 901.437072754, 1442.6315918, 352.4581604, 338.387298584, 319.708129883, 547.775146484, 1084.01831055, 641.946899414, 527.304016113, 385.206817627, 199.098754883, 148.27041626, 143.517669678, 155.242263794, 155.462387085, 265.071594238, 417.309387207, 179.73059082, 207.824279785, 110.894668579, 64.4133987427, 251.298614502, 127.973205566, 72.0764846802, 7.17568635941, 2.84598660469, 0.263284415007, 0.011756320484, 0.000423114543082, 0.000155801928486],
        "mean": [0.0185451060534, 0.215701043606, 0.849204480648, 3.04645657539, 13.3717279434, 13.0751113892, 12.8854551315, 15.8360843658, 15.238278389, 19.4322662354, 37.0648422241, 39.7600708008, 22.961763382, 17.5151557922, 17.995885849, 33.5809364319, 33.3242378235, 41.1664962769, 35.1063423157, 28.5772418976, 19.1875038147, 14.7940969467, 11.6546897888, 9.64530658722, 10.877828598, 9.81991100311, 12.5437698364, 9.09112739563, 7.3069190979, 3.81710314751, 2.21409702301, 1.48596489429, 1.18489170074, 0.655944347382, 0.131487518549, 0.0298920050263, 0.00338772917166, 0.000139553420013, 1.78771861101e-05, 2.46434501605e-05],
        "min": [6.34140101267e-23, 7.28707093133e-22, 1.68415396452e-21, 4.52086031827e-21, 1.15316756442e-20, 2.20582702986e-20, 2.36840695588e-20, 3.85296205683e-20, 6.27030821661e-20, 1.28110088508e-19, 1.30175157832e-19, 3.18707701084e-19, 3.75363782779e-19, 5.99515589162e-19, 6.89272854033e-19, 9.43419030759e-19, 1.50748682875e-18, 1.49670401247e-18, 1.49984212892e-18, 2.39443165415e-18, 3.55560484379e-18, 3.86076087074e-18, 4.34073655708e-18, 5.54510449792e-18, 6.95403709938e-18, 7.13664135551e-18, 6.34728564441e-18, 8.86557953028e-18, 1.00069953042e-17, 9.8096655788e-18, 1.05965070744e-17, 1.03194330021e-17, 9.77008167777e-18, 6.70889798895e-18, 6.14071755235e-18, 3.85230667129e-18, 2.0716500627e-18, 8.02226951617e-19, 2.30251746413e-19, 2.48895463611e-20],
        "stdev": [0.0307683348656, 0.415325313807, 1.9181624651, 7.55388450623, 27.8900814056, 30.5947418213, 24.5568675995, 25.3549842834, 24.3783798218, 55.751625061, 87.3151321411, 116.662879944, 34.4849815369, 31.8063201904, 27.5839233398, 56.6758575439, 76.6723861694, 63.8154067993, 60.1554679871, 38.3567352295, 24.26836586, 19.3039989471, 16.3556957245, 14.2887010574, 18.5285968781, 17.373664856, 31.9711894989, 19.7625484467, 18.3147602081, 8.94544029236, 5.63338565826, 8.65014839172, 7.03941822052, 3.87805104256, 0.569895446301, 0.14354878664, 0.0138834258541, 0.000585146830417, 3.18135498674e-05, 2.46509280259e-05]
    },
    "gfcc": {
        "mean": [-390.817382812, 73.2561035156, -109.799110413, 24.9693412781, -49.6932067871, 9.76236248016, -27.7179222107, -2.99944472313, -13.3101224899, -0.0701899826527, -8.83383560181, -5.5621843338, -2.09425163269],
        "cov": [[344491.4375, 29210.7597656, -41944.875, 10186.3203125, -19475.1328125, 3772.23657227, -10816.0566406, -1238.96118164, -5315.34570312, -45.628074646, -3561.03295898, -2303.12280273, -885.409851074], [29210.7597656, 3362.11083984, -3165.74902344, 916.44708252, -1584.80725098, 129.085617065, -842.916992188, -237.638641357, -385.436431885, -101.992988586, -283.188598633, -271.294799805, -66.0612792969], [-41944.875, -3165.74902344, 6017.62792969, -1004.58642578, 2387.29077148, -552.979125977, 1301.78942871, 86.2047805786, 589.262695312, -38.3408546448, 379.273590088, 203.765853882, 89.8641738892], [10186.3203125, 916.44708252, -1004.58642578, 464.903045654, -562.692993164, 89.8794708252, -326.040252686, -73.9833145142, -179.413391113, -18.9052009583, -128.401092529, -96.4541702271, -20.6448802948], [-19475.1328125, -1584.80725098, 2387.29077148, -562.692993164, 1213.09020996, -203.158554077, 610.895507812, 67.646484375, 278.890228271, 4.08426904678, 195.051025391, 141.111236572, 41.6103973389], [3772.23657227, 129.085617065, -552.979125977, 89.8794708252, -203.158554077, 150.459609985, -109.583511353, 34.3310279846, -67.3726806641, 22.4442214966, -40.831401825, -10.1058969498, -13.7095890045], [-10816.0566406, -842.916992188, 1301.78942871, -326.040252686, 610.895507812, -109.583511353, 419.383056641, 46.7367630005, 195.820541382, -4.57391881943, 112.873825073, 66.9894866943, 19.5934581757], [-1238.96118164, -237.638641357, 86.2047805786, -73.9833145142, 67.646484375, 34.3310279846, 46.7367630005, 84.1536331177, 31.0083122253, 28.0488414764, 19.0338344574, 31.3287200928, -1.28196370602], [-5315.34570312, -385.436431885, 589.262695312, -179.413391113, 278.890228271, -67.3726806641, 195.820541382, 31.0083122253, 154.677505493, 6.9614610672, 74.7698516846, 30.6470546722, 19.9638671875], [-45.628074646, -101.992988586, -38.3408546448, -18.9052009583, 4.08426904678, 22.4442214966, -4.57391881943, 28.0488414764, 6.9614610672, 60.4298324585, 12.8689479828, 21.6006813049, -1.79702031612], [-3561.03295898, -283.188598633, 379.273590088, -128.401092529, 195.051025391, -40.831401825, 112.873825073, 19.0338344574, 74.7698516846, 12.8689479828, 80.6268234253, 42.070098877, 21.8834438324], [-2303.12280273, -271.294799805, 203.765853882, -96.4541702271, 141.111236572, -10.1058969498, 66.9894866943, 31.3287200928, 30.6470546722, 21.6006813049, 42.070098877, 69.1130599976, 17.7182388306], [-885.409851074, -66.0612792969, 89.8641738892, -20.6448802948, 41.6103973389, -13.7095890045, 19.5934581757, -1.28196370602, 19.9638671875, -1.79702031612, 21.8834438324, 17.7182388306, 43.3955688477]],
        "icov": [[0.000655576470308, -0.00200698594563, 0.00128263107035, -0.00205644383095, 0.00259313755669, -0.00186927767936, 0.00199125055224, -0.00172302068677, 0.00187664967962, -0.00136526860297, 0.00173723115586, -0.00121124251746, 0.00135786191095], [-0.00200698594563, 0.00746108777821, -0.00351348659024, 0.00519320461899, -0.00737301679328, 0.00707094790414, -0.00604792637751, 0.0060592754744, -0.00596539210528, 0.00521379848942, -0.00602271966636, 0.00482189282775, -0.00360269565135], [0.00128263107035, -0.00351348659024, 0.00376686011441, -0.00507559301332, 0.00345585960895, -0.00156003748998, 0.0025939445477, -0.00404917215928, 0.00428134668618, -0.00255079311319, 0.00281561794691, -0.000595274090301, 0.00225671287626], [-0.00205644383095, 0.00519320461899, -0.00507559301332, 0.014906309545, -0.00614317599684, 0.00339192268439, -0.0045132022351, 0.00764311570674, -0.00388231431134, 0.00267983856611, -0.00157755566761, 0.00511418282986, -0.00662034889683], [0.00259313755669, -0.00737301679328, 0.00345585960895, -0.00614317599684, 0.0173970852047, -0.00786944013089, 0.00524784438312, -0.00479574827477, 0.00795643776655, -0.00495326612145, 0.00637303525582, -0.00833631586283, 0.00625124247745], [-0.00186927767936, 0.00707094790414, -0.00156003748998, 0.00339192268439, -0.00786944013089, 0.0219581015408, -0.0084947841242, -0.00324899167754, -0.00013249721087, 0.0021252813749, -0.00497970310971, 0.00740582961589, -0.00467237504199], [0.00199125055224, -0.00604792637751, 0.0025939445477, -0.0045132022351, 0.00524784438312, -0.0084947841242, 0.0213550813496, -0.00459061935544, -0.00375288096257, -0.000541117216926, 0.00599917722866, -0.00561597943306, 0.00738103827462], [-0.00172302068677, 0.0060592754744, -0.00404917215928, 0.00764311570674, -0.00479574827477, -0.00324899167754, -0.00459061935544, 0.0281671080738, -0.0107865454629, -2.19532284973e-05, -0.00166918430477, -0.00425102049485, 0.00010568984726], [0.00187664967962, -0.00596539210528, 0.00428134668618, -0.00388231431134, 0.00795643776655, -0.00013249721087, -0.00375288096257, -0.0107865454629, 0.0293827466667, -0.00747850257903, -0.00454934779555, 0.00586268259212, -0.00172605738044], [-0.00136526860297, 0.00521379848942, -0.00255079311319, 0.00267983856611, -0.00495326612145, 0.0021252813749, -0.000541117216926, -2.19532284973e-05, -0.00747850257903, 0.0270036887378, -0.00800623185933, -0.00367637281306, 0.00239989720285], [0.00173723115586, -0.00602271966636, 0.00281561794691, -0.00157755566761, 0.00637303525582, -0.00497970310971, 0.00599917722866, -0.00166918430477, -0.00454934779555, -0.00800623185933, 0.0400166586041, -0.0140071231872, -0.00344557804056], [-0.00121124251746, 0.00482189282775, -0.000595274090301, 0.00511418282986, -0.00833631586283, 0.00740582961589, -0.00561597943306, -0.00425102049485, 0.00586268259212, -0.00367637281306, -0.0140071231872, 0.0375752225518, -0.012091698125], [0.00135786191095, -0.00360269565135, 0.00225671287626, -0.00662034889683, 0.00625124247745, -0.00467237504199, 0.00738103827462, 0.00010568984726, -0.00172605738044, 0.00239989720285, -0.00344557804056, -0.012091698125, 0.0342097207904]]
    },
    "melbands": {
        "max": [0.00534607470036, 0.0128170633689, 0.0174103286117, 0.0320761986077, 0.0111853592098, 0.00502416538075, 0.00461845798418, 0.00846949778497, 0.00752970809117, 0.0081692636013, 0.00174597185105, 0.00147937692236, 0.00142787373625, 0.00119760411326, 0.00311650638469, 0.00133004179224, 0.0014155927347, 0.000956229341682, 0.000667406478897, 0.000335112825269, 0.00025136268232, 0.00020250446687, 0.000169802311575, 0.000122639132314, 0.000146106191096, 0.000172045227373, 0.000143616882269, 0.000243584916461, 0.000214213549043, 0.000310069211992, 0.000121323450003, 0.000163547854754, 7.37337977625e-05, 6.85398263158e-05, 3.95485949412e-05, 9.9467135442e-05, 0.000173282867763, 8.04934679763e-05, 0.000117707095342, 4.98094123031e-05],
        "mean": [0.000204186202609, 0.00040483623161, 0.000841734523419, 0.00101131072734, 0.000460852053948, 0.000368273496861, 0.000235482715652, 0.0002006522991, 0.000333625881467, 0.000226866381126, 0.000106856808998, 6.80045268382e-05, 6.29861679045e-05, 7.2383947554e-05, 8.48713243613e-05, 6.32355950074e-05, 7.81155904406e-05, 5.26558178535e-05, 4.30992695328e-05, 2.83837707684e-05, 2.23533497774e-05, 1.58794955496e-05, 1.28712936203e-05, 9.55192263064e-06, 7.42801557863e-06, 7.48167485654e-06, 8.54690824781e-06, 5.85192083236e-06, 7.11438633516e-06, 7.82267034083e-06, 4.6050504352e-06, 4.50885181635e-06, 2.88945147986e-06, 1.78930645234e-06, 1.33735102281e-06, 9.52250672981e-07, 8.90093929229e-07, 7.75847695422e-07, 8.99914255115e-07, 4.24858882297e-07],
        "min": [9.27108778861e-25, 1.05536533471e-24, 8.37525340034e-25, 1.30562544182e-24, 7.61574453028e-25, 7.85381239768e-25, 9.61325620625e-25, 1.01502062143e-24, 8.82242709307e-25, 1.62212896016e-24, 1.69582888188e-24, 1.75480096771e-24, 1.54000213044e-24, 1.82128774252e-24, 2.00747331287e-24, 2.40350456147e-24, 1.93123010359e-24, 1.76713539961e-24, 2.55831516146e-24, 2.73468473835e-24, 3.06121418576e-24, 3.14974548135e-24, 2.85891258155e-24, 3.98041384518e-24, 3.55576370901e-24, 3.24710984972e-24, 3.91411876357e-24, 3.68396070586e-24, 3.07137668637e-24, 4.43765498079e-24, 4.49620542046e-24, 4.53043251742e-24, 4.14634245355e-24, 4.55315013377e-24, 4.98150318302e-24, 4.62631698273e-24, 4.81242149761e-24, 5.95338179041e-24, 5.40401945044e-24, 5.01322840762e-24],
        "stdev": [0.000349324953277, 0.000823357899208, 0.00178497773595, 0.00202377326787, 0.000892500742339, 0.000568734481931, 0.000390789908124, 0.000540983630344, 0.000806396652479, 0.000661204161588, 0.000167680889717, 0.000134729969432, 0.000114153088361, 0.000124077589135, 0.000190847335034, 0.000113241359941, 0.000129266962176, 9.35932257562e-05, 6.27026092843e-05, 3.69368426618e-05, 3.01628078887e-05, 2.14551364479e-05, 2.02554128919e-05, 1.46963848238e-05, 1.19505511975e-05, 1.35781056088e-05, 1.65693709278e-05, 1.19864362205e-05, 1.68192418641e-05, 2.19825724344e-05, 1.00383904282e-05, 1.17029621833e-05, 7.42076554161e-06, 4.2777296585e-06, 3.3496389733e-06, 3.68813130081e-06, 6.06166986472e-06, 4.63903415948e-06, 5.7074180404e-06, 2.49988875112e-06]
    },
    "melbands128": {
        "max": [0.000746916863136, 0.00375053216703, 0.0070022107102, 0.0145796015859, 0.0154427504167, 0.019857680425, 0.0255337767303, 0.0294529572129, 0.0298090334982, 0.0483051650226, 0.0391009151936, 0.0247218459845, 0.0140865407884, 0.00972522888333, 0.00550722237676, 0.00878590531647, 0.00970364362001, 0.00533674005419, 0.011093811132, 0.0166274122894, 0.00750817917287, 0.00843619462103, 0.0144646987319, 0.0140390302986, 0.0181360840797, 0.00549223273993, 0.00501915114, 0.00290893530473, 0.00100942095742, 0.00295268325135, 0.00155665620696, 0.00167396129109, 0.002609297866, 0.000648532761261, 0.00141174241435, 0.00220665475354, 0.00273807928897, 0.0025231433101, 0.00788561906666, 0.00289257499389, 0.000956109317485, 0.00202084006742, 0.00201704981737, 0.00179127638694, 0.0028795900289, 0.00205344101414, 0.00186382920947, 0.00149016093928, 0.000735736801289, 0.000950936984736, 0.000386661908124, 0.000303450215142, 0.000602714833803, 0.000320927909343, 0.000664030376356, 0.000219689158257, 0.00028628623113, 0.000472295825602, 0.000171083098394, 0.000282924534986, 0.000234338120208, 0.000123617413919, 0.000125095190015, 0.000243628208409, 0.000607929483522, 0.000160385097843, 0.000139921481605, 0.000252226658631, 0.000318846141454, 9.83799109235e-05, 0.000491611543112, 0.000183352269232, 0.000266936171101, 0.00028117452166, 0.000477077672258, 0.000521726789884, 0.000125391961774, 0.00014094884682, 0.000142209421028, 0.000190192527953, 0.000214545550989, 0.000252121593803, 0.000234009858104, 8.69330688147e-05, 0.000100327997643, 8.43207963044e-05, 4.79577065562e-05, 8.79689032445e-05, 3.18445636367e-05, 5.14294151799e-05, 5.65801965422e-05, 0.000118835763715, 0.000179312293767, 0.000232628008234, 0.000113553986012, 0.000104311446194, 8.32681907923e-05, 0.000102829872048, 0.000163346747286, 0.000124744881759, 0.000116078772407, 2.36861342273e-05, 1.61765401572e-05, 1.87690002349e-05, 9.17939451028e-06, 9.51796573645e-06, 1.52819120558e-05, 8.46779039421e-06, 3.4901354411e-06, 2.08317032957e-06, 1.24659800349e-06, 1.20848540064e-06, 7.92486616774e-07, 5.65804327834e-07, 2.01267837951e-07, 2.04738945797e-08, 4.31529478817e-09, 2.83274903534e-10, 2.86095785951e-10, 2.83973428106e-10, 2.8054239487e-10, 2.81529605184e-10, 2.79544137838e-10, 2.80332701497e-10, 2.79212070131e-10, 2.68717548213e-10, 2.69722438828e-10, 2.69360200811e-10],
        "mean": [3.55347110599e-05, 0.000121705917991, 0.000263537920546, 0.000382606056519, 0.000394978385884, 0.000429186533438, 0.000495172047522, 0.000840656459332, 0.0016075624153, 0.00109109771438, 0.000639326870441, 0.000484427757328, 0.000443569093477, 0.00039676274173, 0.000310187402647, 0.000435190624557, 0.000307895999867, 0.000148053324665, 0.000191976097994, 0.000278527470073, 0.000117216019135, 0.00022308206826, 0.00041709622019, 0.000363969797036, 0.000319914193824, 0.000115445996926, 0.000140437157825, 0.000133635650855, 3.99760101573e-05, 8.94240365596e-05, 5.57813655178e-05, 6.66053820169e-05, 9.32880138862e-05, 3.15289253194e-05, 3.40881233569e-05, 0.000103924088762, 0.000113408757898, 4.72971223644e-05, 0.000117245086585, 6.34080715827e-05, 3.25072142005e-05, 9.12679606699e-05, 8.48558411235e-05, 8.23674781714e-05, 2.30017885769e-05, 6.04365050094e-05, 7.43167474866e-05, 2.41192774411e-05, 4.02417135774e-05, 5.29765784449e-05, 1.56406003953e-05, 1.82381118066e-05, 2.54194528679e-05, 2.10761518247e-05, 2.51107794611e-05, 1.11759718493e-05, 1.0995869161e-05, 1.99578353204e-05, 9.88200554275e-06, 7.89547357272e-06, 1.21348512039e-05, 7.43765258449e-06, 7.9833662312e-06, 6.48802279102e-06, 8.53890560393e-06, 6.96922052157e-06, 7.19913350622e-06, 8.79854815139e-06, 9.87211751635e-06, 6.81128631186e-06, 4.9887808018e-06, 6.34623938822e-06, 5.21374704476e-06, 6.6437382884e-06, 9.74425529421e-06, 1.04445553006e-05, 5.36452898814e-06, 4.41691099695e-06, 4.85824375573e-06, 4.04147886002e-06, 5.50250251763e-06, 3.99143482355e-06, 3.90375635106e-06, 2.50230118581e-06, 2.58812747234e-06, 1.8783446194e-06, 1.47243918036e-06, 1.62168714724e-06, 1.27987345877e-06, 1.28631165808e-06, 9.43278280374e-07, 8.6620792672e-07, 9.04338548935e-07, 9.44138605519e-07, 8.62897422849e-07, 7.3867596484e-07, 7.10242773039e-07, 8.68095810347e-07, 9.92440391201e-07, 9.36228900628e-07, 6.05705679391e-07, 2.95561932262e-07, 2.5378719215e-07, 1.76469114876e-07, 1.20786538105e-07, 9.22571885553e-08, 8.57436930346e-08, 6.77477345334e-08, 4.71192258544e-08, 3.01805052061e-08, 1.86806445868e-08, 1.26543628909e-08, 6.82310563604e-09, 3.35239369598e-09, 1.5072142423e-09, 1.35787645017e-10, 1.42740307421e-11, 3.82457086834e-12, 3.74021430147e-12, 3.64735845693e-12, 3.55141306987e-12, 3.49054682727e-12, 3.43959084305e-12, 3.37284171946e-12, 3.19522750272e-12, 2.90842068311e-12, 2.75803099976e-12, 2.72523323352e-12],
        "min": [1.66797396912e-26, 1.17873198832e-25, 5.35126568396e-26, 2.55897085279e-25, 3.49037300712e-25, 4.56140329517e-25, 7.6101331408e-26, 2.44793276392e-25, 3.76226698362e-25, 4.03691235904e-25, 2.37927154332e-25, 1.98292120048e-25, 8.71600581265e-26, 3.83829394639e-25, 1.65775606336e-25, 2.25523179414e-25, 2.35485950305e-25, 1.52924162395e-25, 3.14333879681e-25, 4.61346269149e-25, 1.77292223669e-25, 3.81877062507e-25, 2.8200707469e-25, 6.37308744503e-25, 4.55167121679e-25, 1.50617656368e-25, 5.47166940066e-25, 4.26098829916e-25, 7.00961142084e-25, 6.35833229484e-25, 3.97537479893e-25, 2.66280023209e-25, 4.57312971252e-25, 2.35502688948e-25, 6.7843462729e-25, 7.48133693014e-25, 6.08965268001e-25, 6.76020811528e-25, 2.95658559174e-25, 4.53270552151e-25, 5.21074231638e-25, 5.82991874785e-25, 7.86066217553e-25, 1.06509179245e-24, 8.28849053368e-25, 5.95634356868e-25, 1.26927157587e-24, 1.14939469499e-24, 1.19700747961e-24, 1.19276823971e-24, 1.13175379299e-24, 1.37929469657e-24, 7.74546185931e-25, 1.44215488059e-24, 1.72457339554e-24, 1.25125241507e-24, 1.3291943377e-24, 1.59943007926e-24, 1.67436831538e-24, 1.44732783597e-24, 1.65952076986e-24, 1.20624602688e-24, 1.05273576549e-24, 1.14474998059e-24, 1.92851721094e-24, 1.64114159266e-24, 1.66628288554e-24, 1.49995757873e-24, 1.9713795738e-24, 1.79682615193e-24, 1.60438442157e-24, 1.68810415868e-24, 2.12161971092e-24, 1.60730517907e-24, 1.89848724843e-24, 1.99402520659e-24, 2.15255173587e-24, 2.14153785713e-24, 2.03710805606e-24, 1.96402877067e-24, 2.49506666066e-24, 2.80782713262e-24, 3.08242034461e-24, 2.32987031243e-24, 2.09023902132e-24, 2.3118921724e-24, 3.55615577288e-24, 3.00560264738e-24, 2.16839166842e-24, 2.47976512569e-24, 2.28487486968e-24, 3.23171522915e-24, 3.51630685869e-24, 3.11638553974e-24, 2.93325897478e-24, 3.5197044826e-24, 3.04575132872e-24, 3.45272979732e-24, 3.100729609e-24, 3.17264354963e-24, 3.27662724985e-24, 3.85065529817e-24, 3.68841343124e-24, 3.88318989406e-24, 4.59349800249e-24, 4.32511608405e-24, 3.22245814364e-24, 4.13793201301e-24, 4.59815740942e-24, 5.09775406475e-24, 4.17125980854e-24, 4.57829310297e-24, 3.16345253122e-24, 4.73335751896e-24, 4.6140430959e-24, 4.57302863972e-24, 4.5758791886e-24, 4.86017558694e-24, 4.47217119526e-24, 4.44081594643e-24, 5.14779979501e-24, 5.06899850704e-24, 4.40673754976e-24, 5.30420211909e-24, 4.71312008129e-24, 5.21180126354e-24, 5.5978780736e-24, 5.21818867029e-24],
        "stdev": [6.39195059193e-05, 0.000220770220039, 0.000505994132254, 0.000791813712567, 0.000930021342356, 0.00119166146033, 0.00157792214304, 0.00235855556093, 0.00356222386472, 0.00280645606108, 0.00189436448272, 0.00130153342616, 0.0010221072007, 0.000866005779244, 0.00063102535205, 0.000763961928897, 0.000549998192582, 0.000415451999288, 0.000678121577948, 0.000995869515464, 0.000337726029102, 0.000596806872636, 0.00128799129743, 0.00128419569228, 0.00128497241531, 0.000415689195506, 0.00032327399822, 0.000247284799116, 7.38897870178e-05, 0.000238700886257, 0.000132194603793, 0.000139709125506, 0.000200085647521, 6.26581022516e-05, 7.74483778514e-05, 0.000218437533476, 0.000224474802963, 0.000146852966282, 0.000431751628639, 0.000159941293532, 6.77837379044e-05, 0.000195243294002, 0.000161606105394, 0.000164926765137, 9.39205783652e-05, 0.000131307519041, 0.000162898242706, 7.02481702319e-05, 6.69959845254e-05, 8.73911121744e-05, 2.8312253562e-05, 2.90308762487e-05, 4.94850755786e-05, 3.33980497089e-05, 4.21912736783e-05, 2.02947940124e-05, 2.30357272812e-05, 4.39004361397e-05, 1.57164395205e-05, 1.91470044228e-05, 2.21617920033e-05, 1.20453632917e-05, 1.32591912916e-05, 1.3927829059e-05, 2.71647841146e-05, 1.38890682138e-05, 1.2386572962e-05, 2.14280989894e-05, 2.47181760642e-05, 1.16284700198e-05, 1.86968609341e-05, 1.44581181303e-05, 1.42531389429e-05, 1.68518181454e-05, 3.36144148605e-05, 3.37291348842e-05, 1.37392798933e-05, 1.01678106148e-05, 1.1921452824e-05, 1.10944729386e-05, 1.68584738276e-05, 1.19602755149e-05, 1.37213974085e-05, 6.46353146294e-06, 8.17292493593e-06, 4.75093429486e-06, 3.44459249391e-06, 5.00598207509e-06, 3.0546425478e-06, 3.92590709453e-06, 2.99740463561e-06, 4.07898551202e-06, 5.49238984604e-06, 7.69351572671e-06, 5.76322827328e-06, 4.96516258863e-06, 4.1569323912e-06, 5.47612853552e-06, 7.20082607586e-06, 6.01640340392e-06, 4.66941810373e-06, 1.62439209817e-06, 1.14697206754e-06, 7.77848754296e-07, 5.15687759162e-07, 4.42245635668e-07, 6.00026112352e-07, 4.02343317774e-07, 2.02517085768e-07, 1.20799015235e-07, 8.54679527151e-08, 5.41397504605e-08, 3.35237011484e-08, 2.34190213888e-08, 1.00419441651e-08, 8.21862244926e-10, 1.23294138787e-10, 9.97839397915e-12, 9.92243266718e-12, 9.75649248891e-12, 9.58784180521e-12, 9.52594166742e-12, 9.40706106761e-12, 9.36367216403e-12, 9.27807570356e-12, 8.98482677147e-12, 8.96186510418e-12, 8.93421100989e-12]
    },
    "mfcc": {
        "mean": [-821.122436523, 83.1673583984, -16.6683197021, 11.4936857224, -6.2810959816, 7.78165054321, -6.74416160583, -3.33922362328, -2.45220732689, -0.15663009882, -2.44266843796, -0.834209263325, -2.57154607773],
        "cov": [[91782.46875, 16651.9609375, -2709.00097656, 2628.71240234, -1256.19384766, 1624.87084961, -1293.05114746, -718.24029541, -485.430389404, -31.6442451477, -456.400634766, -258.527801514, -608.774658203], [16651.9609375, 3892.91577148, -358.052825928, 648.074523926, -229.864685059, 298.733551025, -297.437774658, -134.720184326, -119.150749207, -20.2417907715, -124.78477478, -35.0238113403, -102.313308716], [-2709.00097656, -358.052825928, 750.376403809, 164.551269531, 91.110244751, -51.9384040833, 39.5444526672, -28.4895572662, 6.15888357162, -2.87112784386, -37.6604690552, -36.3201751709, -7.58860588074], [2628.71240234, 648.074523926, 164.551269531, 296.809326172, -1.73918139935, 65.0788040161, -50.8857421875, -50.3694496155, -28.473859787, -18.0035438538, -52.0017547607, -32.4310340881, -35.8094482422], [-1256.19384766, -229.864685059, 91.110244751, -1.73918139935, 121.821159363, -14.8036308289, 38.7286453247, -2.97848200798, 2.31807231903, -10.9164199829, -12.8778352737, -8.84085941315, 5.04304218292], [1624.87084961, 298.733551025, -51.9384040833, 65.0788040161, -14.8036308289, 84.311668396, -8.01571178436, -10.5528612137, -4.66609430313, -1.10560202599, -9.3021030426, -10.1974515915, -19.4114818573], [-1293.05114746, -297.437774658, 39.5444526672, -50.8857421875, 38.7286453247, -8.01571178436, 78.0695495605, 23.091501236, 13.2805166245, -3.14505815506, 10.2151193619, -0.240634679794, 2.24691271782], [-718.24029541, -134.720184326, -28.4895572662, -50.3694496155, -2.97848200798, -10.5528612137, 23.091501236, 63.845905304, 17.8318099976, 6.18300151825, 14.5070552826, 7.93177032471, 7.45979642868], [-485.430389404, -119.150749207, 6.15888357162, -28.473859787, 2.31807231903, -4.66609430313, 13.2805166245, 17.8318099976, 41.985042572, 12.9310970306, 12.8302879333, 2.95756077766, 2.47088265419], [-31.6442451477, -20.2417907715, -2.87112784386, -18.0035438538, -10.9164199829, -1.10560202599, -3.14505815506, 6.18300151825, 12.9310970306, 44.2715301514, 15.9424800873, 3.01596331596, 0.742517232895], [-456.400634766, -124.78477478, -37.6604690552, -52.0017547607, -12.8778352737, -9.3021030426, 10.2151193619, 14.5070552826, 12.8302879333, 15.9424800873, 53.6564941406, 16.1644802094, 4.57128858566], [-258.527801514, -35.0238113403, -36.3201751709, -32.4310340881, -8.84085941315, -10.1974515915, -0.240634679794, 7.93177032471, 2.95756077766, 3.01596331596, 16.1644802094, 44.2979431152, 20.9865455627], [-608.774658203, -102.313308716, -7.58860588074, -35.8094482422, 5.04304218292, -19.4114818573, 2.24691271782, 7.45979642868, 2.47088265419, 0.742517232895, 4.57128858566, 20.9865455627, 40.5250587463]],
        "icov": [[6.55958065181e-05, -0.000225052397582, 0.000120779266581, -3.76475982193e-05, 0.000139305848279, -0.00026345718652, -2.12272479985e-05, 0.000247286836384, -5.34697865078e-05, -6.2438652094e-05, -1.62500509759e-05, 0.000140871401527, 0.000151963729877], [-0.000225052397582, 0.0015561132459, 5.50200020371e-05, -0.00126819405705, 5.2089941164e-05, -0.000187337107491, 0.00135616981424, -0.000965465791523, 0.000821311376058, -0.000128019746626, 0.000664305174723, -0.00104141049087, -0.000139433206641], [0.000120779266581, 5.50200020371e-05, 0.00278481701389, -0.00308491196483, -9.56083458732e-05, 0.00168549106456, -0.00133677246049, 0.00110161083285, -0.000656720832922, -0.00128579686861, 0.000632418610621, 0.000839719024953, -3.20766116602e-06], [-3.76475982193e-05, -0.00126819405705, -0.00308491196483, 0.0104588847607, -0.00122240057681, -0.00372622394934, 0.00253592990339, 0.00106786494143, 0.000493184139486, 0.0021997296717, 0.00181429146323, 0.000695757975336, 0.00229158299044], [0.000139305848279, 5.2089941164e-05, -9.56083458732e-05, -0.00122240057681, 0.0120698772371, 6.52389862807e-05, -0.00518422760069, 0.00247686123475, -0.000254817103269, 0.0008907331503, 0.00274474546313, 0.00156104483176, -0.00163193535991], [-0.00026345718652, -0.000187337107491, 0.00168549106456, -0.00372622394934, 6.52389862807e-05, 0.0216599274427, -0.00609641475603, 0.000495264306664, -0.00213413895108, -0.00112982222345, 0.000102675701783, 0.00058656843612, 0.00304162153043], [-2.12272479985e-05, 0.00135616981424, -0.00133677246049, 0.00253592990339, -0.00518422760069, -0.00609641475603, 0.024052252993, -0.0059761768207, -0.000612344127148, 0.00345736462623, -0.00175467680674, -0.00051641050959, 0.00302637158893], [0.000247286836384, -0.000965465791523, 0.00110161083285, 0.00106786494143, 0.00247686123475, 0.000495264306664, -0.0059761768207, 0.0222433619201, -0.0065207160078, -0.000469148595585, -0.000804568990134, 0.000198763009394, -0.00101300154347], [-5.34697865078e-05, 0.000821311376058, -0.000656720832922, 0.000493184139486, -0.000254817103269, -0.00213413895108, -0.000612344127148, -0.0065207160078, 0.0316452011466, -0.00707979500294, -0.00254609948024, -9.08947113203e-05, 0.000361412385246], [-6.2438652094e-05, -0.000128019746626, -0.00128579686861, 0.0021997296717, 0.0008907331503, -0.00112982222345, 0.00345736462623, -0.000469148595585, -0.00707979500294, 0.0283892415464, -0.007267201785, 0.00146528857294, -0.000343113410054], [-1.62500509759e-05, 0.000664305174723, 0.000632418610621, 0.00181429146323, 0.00274474546313, 0.000102675701783, -0.00175467680674, -0.000804568990134, -0.00254609948024, -0.007267201785, 0.0285640191287, -0.0090871071443, 0.00487989652902], [0.000140871401527, -0.00104141049087, 0.000839719024953, 0.000695757975336, 0.00156104483176, 0.00058656843612, -0.00051641050959, 0.000198763009394, -9.08947113203e-05, 0.00146528857294, -0.0090871071443, 0.0354676693678, -0.0170260164887], [0.000151963729877, -0.000139433206641, -3.20766116602e-06, 0.00229158299044, -0.00163193535991, 0.00304162153043, 0.00302637158893, -0.00101300154347, 0.000361412385246, -0.000343113410054, 0.00487989652902, -0.0170260164887, 0.0385608933866]]
    },
    "spectral_contrast_coeffs": {
        "max": [-0.397359937429, -0.519577264786, -0.599688887596, -0.58774125576, -0.679296135902, -0.544790804386],
        "mean": [-0.768044531345, -0.804359555244, -0.818600475788, -0.829192221165, -0.84182626009, -0.78551864624],
        "min": [-0.982313454151, -0.985216677189, -0.985489666462, -0.981591999531, -0.969386518002, -0.966203153133],
        "stdev": [0.147928312421, 0.126153945923, 0.106250546873, 0.0968866199255, 0.0836587920785, 0.122402608395]
    },
    "spectral_contrast_valleys": {
        "max": [-5.10669517517, -4.97392082214, -5.1939239502, -5.73946332932, -6.05494165421, -7.81357574463],
        "mean": [-13.200261116, -12.9142446518, -13.2773551941, -13.332947731, -13.4427280426, -15.6790561676],
        "min": [-28.5420818329, -28.4250869751, -27.9855957031, -27.721529007, -27.5867061615, -27.4433364868],
        "stdev": [9.39017963409, 9.54083251953, 9.32778263092, 9.26397800446, 9.21732521057, 7.74492835999]
    }
},
"rhythm": {
    "beats_count": 68,
    "beats_loudness": {
        "max": 0.0764069631696,
        "mean": 0.0232360735536,
        "min": 0,
        "stdev": 0.0208468791097
    },
    "bpm": 125.297737122,
    "bpm_histogram_first_peak_bpm": 126,
    "bpm_histogram_first_peak_weight": 0.25,
    "bpm_histogram_second_peak_bpm": 144,
    "bpm_histogram_second_peak_spread": 0.521739125252,
    "bpm_histogram_second_peak_weight": 0.164179101586,
    "danceability": 0.83082473278,
    "onset_rate": 1.25584828854,
    "beats_loudness_band_ratio": {
        "max": [0.819959759712, 0.758944928646, 0.597701907158, 0.497727096081, 0.503740549088, 0.305438905954],
        "mean": [0.200645968318, 0.195361658931, 0.148429498076, 0.128982275724, 0.0960904657841, 0.0438702963293],
        "min": [0, 0, 0, 0, 0, 0],
        "stdev": [0.234801337123, 0.186468198895, 0.160329297185, 0.138476774096, 0.131559550762, 0.0658558234572]
    },
    "beats_position": [0.417959183455, 0.859138309956, 1.30031740665, 1.74149656296, 2.17106580734, 2.58902478218, 3.00698399544, 3.41333317757, 3.8196823597, 4.22603178024, 4.6439909935, 5.07355976105, 5.50312900543, 5.92108821869, 6.33904743195, 6.7570066452, 7.18657588959, 7.60453510284, 8.0224943161, 8.42884349823, 8.84680271149, 9.26476192474, 9.69433116913, 10.1239004135, 10.5418596268, 10.9714279175, 11.4009971619, 11.8421764374, 12.3530158997, 12.8754644394, 13.3746938705, 13.8507022858, 14.3383216858, 14.8259410858, 15.3251695633, 15.8127889633, 16.3120174408, 16.7880268097, 17.2640361786, 17.7400455475, 18.2276649475, 18.7036724091, 19.179681778, 19.6556911469, 20.1317005157, 20.6077098846, 21.0837192535, 21.5597267151, 22.035736084, 22.5349655151, 23.0574150085, 23.5798625946, 24.1255321503, 24.6712017059, 25.2168693542, 25.7277088165, 26.2269382477, 26.7493877411, 27.2602272034, 27.7710647583, 28.3051242828, 28.8391838074, 29.3732414246, 29.9073009491, 30.4413604736, 30.9754180908, 31.4978675842, 32.0203170776],
