{
"metadata": {
    "version": {
        "essentia": "2.1-beta5",
        "essentia_git_sha": "Undefined",
        "extractor": "music 2.0"
    },
    "audio_properties": {
        "analysis": {
            "equal_loudness": 0,
            "length": 12.7477550507,
            "sample_rate": 44100,
            "start_time": 0,
            "downmix": "mix"
        },
        "bit_rate": 192000,
        "length": 184.563812256,
        "lossless": 0,
        "number_channels": 2,
        "replay_gain": -0.421197891235,
        "sample_rate": 48000,
        "codec": "mp3",
        "md5_encoded": "a941b08283f369f77cc7578173d39b5e"
    },
    "tags": {
        "file_name": "Switzerland_Sto Pregando_Duilio.mp3",
        "encoding": ["Lavf58.29.100"]
    }
},
"lowlevel": {
    "average_loudness": 0.767765581608,
    "barkbands_crest": {
        "max": 25.7613182068,
        "mean": 9.14548587799,
        "min": 2.71859264374,
        "stdev": 4.40153503418
    },
    "barkbands_flatness_db": {
        "max": 0.356972277164,
        "mean": 0.216129615903,
        "min": 0.0325588807464,
        "stdev": 0.0654214248061
    },
    "barkbands_kurtosis": {
        "max": 50.8741760254,
        "mean": 3.77114963531,
        "min": -1.7700316906,
        "stdev": 6.19466400146
    },
    "barkbands_skewness": {
        "max": 4.76327037811,
        "mean": 1.09241509438,
        "min": -2.3226172924,
        "stdev": 0.89628469944
    },
    "barkbands_spread": {
        "max": 128.744689941,
        "mean": 11.6654119492,
        "min": 1.30162537098,
        "stdev": 10.4562835693
    },
    "dissonance": {
        "max": 0.500000059605,
        "mean": 0.437428712845,
        "min": 0.258437037468,
        "stdev": 0.0456792451441
    },
    "dynamic_complexity": 6.34851264954,
    "erbbands_crest": {
        "max": 32.6501846313,
        "mean": 11.8155612946,
        "min": 3.34018778801,
        "stdev": 6.43899774551
    },
    "erbbands_flatness_db": {
        "max": 0.422138959169,
        "mean": 0.252802371979,
        "min": 0.0708293616772,
        "stdev": 0.0509710013866
    },
    "erbbands_kurtosis": {
        "max": 47.1753158569,
        "mean": 2.28863763809,
        "min": -1.19495356083,
        "stdev": 5.30968904495
    },
    "erbbands_skewness": {
        "max": 6.05784130096,
        "mean": 0.764064252377,
        "min": -2.96426057816,
        "stdev": 1.06537997723
    },
    "erbbands_spread": {
        "max": 62.8419532776,
        "mean": 19.7365512848,
        "min": 1.98973333836,
        "stdev": 9.94090557098
    },
    "hfc": {
        "max": 95.7426452637,
        "mean": 10.4124565125,
        "min": 1.19765019202e-16,
        "stdev": 9.98606967926
    },
    "loudness_ebu128": {
        "integrated": -23.6848716736,
        "loudness_range": 10.058013916,
        "momentary": {
            "max": -18.9757881165,
            "mean": -28.3383750916,
            "min": -52.6949386597,
            "stdev": 8.66801738739
        },
        "short_term": {
            "max": -21.4760093689,
            "mean": -26.0927906036,
            "min": -37.4738464355,
            "stdev": 4.09811306
        }
    },
    "melbands_crest": {
        "max": 33.1867294312,
        "mean": 11.5299348831,
        "min": 2.24570727348,
        "stdev": 5.45220708847
    },
    "melbands_flatness_db": {
        "max": 0.410215735435,
        "mean": 0.259671062231,
        "min": 0.00723263341933,
        "stdev": 0.0870296284556
    },
    "melbands_kurtosis": {
        "max": 69.8480148315,
        "mean": 6.13711738586,
        "min": -1.46278893948,
        "stdev": 8.19168663025
    },
    "melbands_skewness": {
        "max": 4.45537853241,
        "mean": 1.42306280136,
        "min": -1.8746086359,
        "stdev": 0.948734879494
    },
    "melbands_spread": {
        "max": 152.027618408,
        "mean": 16.2580318451,
        "min": 1.8713657856,
        "stdev": 15.2834348679
    },
    "pitch_salience": {
        "max": 0.894124567509,
        "mean": 0.595940709114,
        "min": 0.13658696413,
        "stdev": 0.140850812197
    },
    "silence_rate_20dB": {
        "max": 1,
        "mean": 1,
        "min": 1,
        "stdev": 0
    },
    "silence_rate_30dB": {
        "max": 1,
        "mean": 0.989090919495,
        "min": 0,
        "stdev": 0.103875331581
    },
    "silence_rate_60dB": {
        "max": 1,
        "mean": 0.245454549789,
        "min": 0,
        "stdev": 0.430357575417
    },
    "spectral_centroid": {
        "max": 10765.1220703,
        "mean": 894.405151367,
        "min": 252.154571533,
        "stdev": 718.664611816
    },
    "spectral_complexity": {
        "max": 27,
        "mean": 11.5581817627,
        "min": 0,
        "stdev": 6.73547697067
    },
    "spectral_decrease": {
        "max": -2.45553871146e-29,
        "mean": -6.00804872519e-09,
        "min": -3.18465289695e-08,
        "stdev": 5.64970425998e-09
    },
    "spectral_energy": {
        "max": 0.124813020229,
        "mean": 0.0236202254891,
        "min": 1.0955718831e-20,
        "stdev": 0.0221287980676
    },
    "spectral_energyband_high": {
        "max": 0.000269784970442,
        "mean": 2.578180829e-05,
        "min": 7.5851468585e-21,
        "stdev": 3.69629960915e-05
    },
    "spectral_energyband_low": {
        "max": 0.0254963375628,
        "mean": 0.00504344701767,
        "min": 1.63837461176e-22,
        "stdev": 0.00640541594476
    },
    "spectral_energyband_middle_high": {
        "max": 0.0806928947568,
        "mean": 0.00357506610453,
        "min": 1.5743457382e-21,
        "stdev": 0.00594944972545
    },
    "spectral_energyband_middle_low": {
        "max": 0.107741072774,
        "mean": 0.0157175567001,
        "min": 3.19621599143e-22,
        "stdev": 0.0166803412139
    },
    "spectral_entropy": {
        "max": 9.80905151367,
        "mean": 6.92489862442,
        "min": 5.58899068832,
        "stdev": 0.645155966282
    },
    "spectral_flux": {
        "max": 0.230822712183,
        "mean": 0.0432099699974,
        "min": 1.04669571621e-10,
        "stdev": 0.0276371054351
    },
    "spectral_kurtosis": {
        "max": 38.1898155212,
        "mean": 11.3146009445,
        "min": -1.20931041241,
        "stdev": 8.05356884003
    },
    "spectral_rms": {
        "max": 0.011034890078,
        "mean": 0.00409487541765,
        "min": 3.26932816756e-12,
        "stdev": 0.00250521465205
    },
    "spectral_rolloff": {
        "max": 19186.0839844,
        "mean": 1076.27087402,
        "min": 172.265625,
        "stdev": 1443.03393555
    },
    "spectral_skewness": {
        "max": 4.40592288971,
        "mean": 2.26901292801,
        "min": 0.0150814671069,
        "stdev": 0.806520998478
    },
    "spectral_spread": {
        "max": 41237612,
        "mean": 2727452.75,
        "min": 1495823.5,
        "stdev": 2254071.75
    },
    "spectral_strongpeak": {
        "max": 7.81316137314,
        "mean": 1.00201308727,
        "min": 0,
        "stdev": 1.17593896389
    },
    "zerocrossingrate": {
        "max": 0.6416015625,
        "mean": 0.0455761700869,
        "min": 0.0107421875,
        "stdev": 0.0580147393048
    },
    "barkbands": {
        "max": [0.00107012013905, 0.00969492457807, 0.0219411663711, 0.0232397206128, 0.0435953736305, 0.0534074306488, 0.0404977053404, 0.0229836553335, 0.0136937117204, 0.0117701506242, 0.0578037723899, 0.0209627784789, 0.00197264994495, 0.00127254333347, 0.00112102052663, 0.00128327787388, 0.00170508620795, 0.000856383820064, 0.000511461752467, 0.000405119644711, 9.23864790821e-05, 9.92007626337e-05, 3.54953226633e-05, 4.82901414216e-05, 3.25062978845e-06, 2.97930455417e-06, 3.17500143865e-06],
        "mean": [1.77889251063e-05, 0.00140653771814, 0.0030864647124, 0.00185090932064, 0.00476053962484, 0.00325390836224, 0.00283180293627, 0.00170194753446, 0.000947283522692, 0.000946865533479, 0.00162200606428, 0.000373532995582, 0.000196522974875, 0.000127715000417, 0.000126958533656, 0.000109827931738, 0.000116120696475, 7.33372071409e-05, 3.28528039972e-05, 1.8839027689e-05, 8.04993487691e-06, 5.28980763193e-06, 2.71213889391e-06, 2.29817874242e-06, 9.7204491567e-08, 6.14928286069e-09, 6.56616672146e-09],
        "min": [7.63920405059e-23, 3.91856999011e-23, 6.31135929613e-23, 4.26633711137e-23, 5.35685653348e-23, 2.48668300195e-23, 9.54185135701e-23, 1.45249803035e-23, 6.81554112659e-23, 1.39002617889e-22, 5.02008455552e-23, 1.52829809701e-22, 1.12498115785e-22, 1.10912694693e-22, 1.16613167677e-22, 1.27938597568e-22, 1.26392303976e-22, 2.30693220945e-22, 2.38366906422e-22, 5.77328497196e-22, 5.12255070824e-22, 3.98779739393e-22, 7.53043287976e-22, 1.00252432316e-21, 9.25687100048e-22, 1.28585579631e-21, 2.4985644715e-21],
        "stdev": [5.31730693183e-05, 0.00142092385795, 0.00520671717823, 0.00261331116781, 0.00577983586118, 0.00559993227944, 0.00617767451331, 0.00289331516251, 0.00170462857932, 0.00173458200879, 0.00462049338967, 0.00114991201553, 0.00026782770874, 0.000164190190844, 0.000144633668242, 0.000154018969624, 0.000187721452676, 0.000111317393021, 4.92265389767e-05, 3.9024718717e-05, 1.27471730593e-05, 9.5724935818e-06, 4.42717191618e-06, 4.24941163146e-06, 2.0813519086e-07, 1.26895827179e-07, 1.35230536102e-07]
    },
    "erbbands": {
        "max": [0.212791889906, 2.59890890121, 22.9207210541, 32.0434951782, 85.48487854, 170.756469727, 68.7215881348, 500.093109131, 1015.51495361, 391.168792725, 416.989685059, 387.695343018, 412.670196533, 1126.90649414, 3412.7956543, 542.619689941, 88.5199508667, 64.0112304688, 60.0245361328, 66.4482116699, 85.0769500732, 89.0627822876, 61.6957855225, 25.5080528259, 14.3615856171, 12.9868526459, 5.41864824295, 3.91604948044, 4.09096193314, 1.92366826534, 0.951582610607, 0.96958386898, 0.65607047081, 0.0906053259969, 0.02194968611, 0.0119231818244, 0.00552799087018, 0.00196447572671, 0.000466191821033, 0.00013972754823],
        "mean": [0.01496659033, 0.44789019227, 3.25969433784, 4.31227970123, 11.0080537796, 18.0129127502, 10.524020195, 35.6042785645, 54.0697631836, 35.5421142578, 20.0342769623, 26.8512420654, 24.6670513153, 51.3680267334, 54.5884819031, 13.6586933136, 10.0833597183, 7.12088108063, 6.63683891296, 6.47803878784, 5.56280374527, 5.34423208237, 5.78953838348, 2.14609360695, 1.24283564091, 0.815819203854, 0.445702284575, 0.27188873291, 0.190895602107, 0.111744441092, 0.0740854069591, 0.0523756034672, 0.0323492921889, 0.00429522851482, 0.000167495891219, 4.3204818212e-05, 1.96254313778e-05, 5.7233305597e-06, 1.22710862343e-05, 2.6645784601e-05],
        "min": [1.0529613379e-21, 1.01746228414e-20, 5.88208068963e-20, 1.39555553999e-19, 9.31563697274e-20, 1.56458369431e-19, 3.51212150995e-19, 2.03676578831e-19, 7.77581001868e-19, 1.48589896572e-18, 2.07244079566e-19, 1.08707517755e-18, 3.15232348269e-18, 4.19849251099e-18, 2.85782836626e-18, 7.07161999628e-18, 5.44741736271e-18, 6.56188359227e-18, 4.44186310928e-18, 7.27398807877e-18, 8.55570857383e-18, 6.62832232548e-18, 1.21353376377e-17, 1.32372017707e-17, 1.32908667673e-17, 2.20469540542e-17, 2.36876419838e-17, 2.07696862724e-17, 1.38669145187e-17, 2.05976872989e-17, 2.13472618264e-17, 1.89538842071e-17, 1.57640888223e-17, 1.04362176697e-17, 7.54948554487e-18, 5.03881660989e-18, 2.54052188329e-18, 1.24523469561e-18, 3.66080980999e-19, 3.31999407853e-20],
        "stdev": [0.0219202674925, 0.460415273905, 5.27369403839, 5.20945167542, 14.0910797119, 23.3907470703, 12.5571117401, 57.1469345093, 122.132217407, 49.2247848511, 40.8389053345, 47.0525856018, 42.5587615967, 118.548149109, 202.230010986, 31.9943447113, 12.9469509125, 8.39005565643, 8.07536697388, 8.40929794312, 7.52520418167, 8.03068637848, 8.74350643158, 2.88272166252, 1.82835519314, 1.47965562344, 0.677519977093, 0.45047673583, 0.347136437893, 0.182335808873, 0.117553777993, 0.0966511517763, 0.057420630008, 0.00742577947676, 0.000948817003518, 0.000507401942741, 0.000235239873291, 8.36197868921e-05, 2.20672081923e-05, 2.48759079113e-05]
    },
    "gfcc": {
        "mean": [-124.677360535, 170.77154541, -153.570632935, 26.9667491913, -62.7722358704, 3.73574566841, -26.152557373, -12.1517076492, -1.19827222824, -28.9653129578, 7.56030368805, -18.3818073273, 2.2919023037],
        "cov": [[15926.4208984, 5205.82617188, -417.525268555, -573.65032959, 413.988433838, -1684.25219727, -104.752197266, -803.523132324, -7.77924776077, -661.964416504, 306.749786377, -142.162338257, 163.347793579], [5205.82617188, 2741.06225586, 661.434875488, -291.125762939, 406.440124512, -754.600402832, 61.8315315247, -314.031158447, -22.0735549927, -273.787231445, 150.938873291, -42.652633667, 27.1369934082], [-417.525268555, 661.434875488, 876.345214844, 30.8678340912, 207.654632568, -107.333427429, 80.2486572266, -18.0747928619, -38.0253067017, -6.3761548996, 23.0709857941, -12.5754346848, -68.2616882324], [-573.65032959, -291.125762939, 30.8678340912, 249.113983154, -58.9045448303, 132.805709839, -56.3240852356, 30.767375946, 12.0733938217, 59.8377380371, -11.9762010574, -23.3439044952, -42.8387260437], [413.988433838, 406.440124512, 207.654632568, -58.9045448303, 230.791473389, -98.5673904419, 41.3134422302, -83.361114502, -44.246307373, -58.1234741211, 25.3328094482, 33.034954071, 19.809595108], [-1684.25219727, -754.600402832, -107.333427429, 132.805709839, -98.5673904419, 430.185058594, 27.1548099518, 113.481071472, -20.4285831451, 61.5102615356, -28.546043396, 9.21537399292, 9.48619747162], [-104.752197266, 61.8315315247, 80.2486572266, -56.3240852356, 41.3134422302, 27.1548099518, 137.840866089, 46.1003723145, -39.8473358154, -63.5816879272, -10.2907238007, 7.8758058548, 23.2375202179], [-803.523132324, -314.031158447, -18.0747928619, 30.767375946, -83.361114502, 113.481071472, 46.1003723145, 133.80708313, 26.7184524536, 25.8668060303, -24.6623859406, -11.9533452988, -8.49924659729], [-7.77924776077, -22.0735549927, -38.0253067017, 12.0733938217, -44.246307373, -20.4285831451, -39.8473358154, 26.7184524536, 86.9149398804, 66.7535171509, 11.1998529434, -26.9222049713, -28.9656124115], [-661.964416504, -273.787231445, -6.3761548996, 59.8377380371, -58.1234741211, 61.5102615356, -63.5816879272, 25.8668060303, 66.7535171509, 139.484588623, 26.4553012848, -7.17466068268, -45.0813751221], [306.749786377, 150.938873291, 23.0709857941, -11.9762010574, 25.3328094482, -28.546043396, -10.2907238007, -24.6623859406, 11.1998529434, 26.4553012848, 80.061958313, 30.1227836609, -9.35983562469], [-142.162338257, -42.652633667, -12.5754346848, -23.3439044952, 33.034954071, 9.21537399292, 7.8758058548, -11.9533452988, -26.9222049713, -7.17466068268, 30.1227836609, 76.6938934326, 27.2163181305], [163.347793579, 27.1369934082, -68.2616882324, -42.8387260437, 19.809595108, 9.48619747162, 23.2375202179, -8.49924659729, -28.9656124115, -45.0813751221, -9.35983562469, 27.2163181305, 68.6361160278]],
        "icov": [[0.000619591621216, -0.00142638385296, 0.00142332841642, -0.000665577303153, 0.000494886713568, 0.000435145921074, -0.00026706061908, 0.000589600065723, 0.000648253713734, 0.000100627286884, -0.000382660480682, 0.000590489071328, 0.000103322672658], [-0.00142638385296, 0.00633257674053, -0.00547571806237, 0.00196296954527, -0.00102336215787, 0.000934676383622, 0.000614050368313, 0.00239495676942, -0.00669460417703, 0.00699114706367, -0.00605819979683, 0.00309213344008, -0.00336050358601], [0.00142332841642, -0.00547571806237, 0.00696609960869, -0.00250490545295, -0.00116486172192, 0.00045354757458, -0.00166048004758, -0.00260495231487, 0.00725542427972, -0.0064015481621, 0.00401180516928, -0.00102843192872, 0.0044675199315], [-0.000665577303153, 0.00196296954527, -0.00250490545295, 0.00757367210463, -0.000232747537666, -0.00244866451249, 0.00420545879751, -0.00108193280175, -1.48917733895e-05, 0.00131114164833, -0.00043949089013, 0.00102778256405, 0.00227895611897], [0.000494886713568, -0.00102336215787, -0.00116486172192, -0.000232747537666, 0.0103819184005, 0.000140290430863, -0.00356415216811, 0.00763749424368, -0.00230615888722, 0.0022072957363, -0.000566918053664, -0.0027053328231, -0.00146831688471], [0.000435145921074, 0.000934676383622, 0.00045354757458, -0.00244866451249, 0.000140290430863, 0.00669255806133, -0.00160140113439, -0.000783394556493, 0.00223536766134, 0.000116506373161, -0.0042627970688, 0.00373919378035, -0.00404683407396], [-0.00026706061908, 0.000614050368313, -0.00166048004758, 0.00420545879751, -0.00356415216811, -0.00160140113439, 0.0184438899159, -0.0111192082986, 0.00506104808301, 0.00592328142375, -0.00329093798064, 0.00276389485225, -0.000523478956893], [0.000589600065723, 0.00239495676942, -0.00260495231487, -0.00108193280175, 0.00763749424368, -0.000783394556493, -0.0111192082986, 0.0267026405782, -0.0174432583153, 0.00958209484816, -0.00338390632533, 0.000755101966206, -0.00246958085336], [0.000648253713734, -0.00669460417703, 0.00725542427972, -1.48917733895e-05, -0.00230615888722, 0.00223536766134, 0.00506104808301, -0.0174432583153, 0.0417919568717, -0.0255686808378, 0.00645108893514, 0.00416879635304, 0.0048634535633], [0.000100627286884, 0.00699114706367, -0.0064015481621, 0.00131114164833, 0.0022072957363, 0.000116506373161, 0.00592328142375, 0.00958209484816, -0.0255686808378, 0.0384076498449, -0.0199389029294, 0.00604262482375, -0.000702649005689], [-0.000382660480682, -0.00605819979683, 0.00401180516928, -0.00043949089013, -0.000566918053664, -0.0042627970688, -0.00329093798064, -0.00338390632533, 0.00645108893514, -0.0199389029294, 0.0361809954047, -0.0208011623472, 0.0112780267373], [0.000590489071328, 0.00309213344008, -0.00102843192872, 0.00102778256405, -0.0027053328231, 0.00373919378035, 0.00276389485225, 0.000755101966206, 0.00416879635304, 0.00604262482375, -0.0208011623472, 0.0314130708575, -0.0131521038711], [0.000103322672658, -0.00336050358601, 0.0044675199315, 0.00227895611897, -0.00146831688471, -0.00404683407396, -0.000523478956893, -0.00246958085336, 0.0048634535633, -0.000702649005689, 0.0112780267373, -0.0131521038711, 0.0307165384293]]
    },
    "melbands": {
        "max": [0.00246567488648, 0.00775228207931, 0.00847822707146, 0.0117150628939, 0.00321550737135, 0.0134574882686, 0.0132924504578, 0.00508094253018, 0.00322347972542, 0.00251691439189, 0.00203928537667, 0.00416432972997, 0.00860804785043, 0.00537532335147, 0.000204675408895, 0.000250444543781, 0.000118827934784, 0.000103745027445, 9.40824320423e-05, 9.20579986996e-05, 0.000114565940748, 0.000113093854452, 0.000134535308462, 4.5331162255e-05, 2.20341225941e-05, 2.28614935622e-05, 2.42211735895e-05, 5.11142798132e-06, 3.64391507901e-06, 3.14027738568e-06, 3.09638335239e-06, 2.9072034522e-06, 1.0835771036e-06, 1.08882716177e-06, 6.10610641161e-07, 6.18114825102e-07, 5.82596555887e-07, 5.08747234562e-07, 3.07850513082e-07, 3.0027290876e-08],
        "mean": [0.000249815639108, 0.00127995479852, 0.000992289511487, 0.0011268495582, 0.000474531319924, 0.000794902618509, 0.000759106012993, 0.000404073041864, 0.000136643226142, 0.000172704021679, 0.000115685528726, 0.000195190208615, 0.000178063928615, 7.80025075073e-05, 2.30027508223e-05, 1.73548323801e-05, 1.34769989018e-05, 1.03681459223e-05, 8.99537826626e-06, 9.32043712965e-06, 5.92474316363e-06, 5.16015506946e-06, 7.17582770449e-06, 3.25948985846e-06, 1.62535968684e-06, 8.85073916379e-07, 8.68252186592e-07, 4.49983161843e-07, 2.81060266616e-07, 2.23532126142e-07, 1.42411593629e-07, 1.1546358536e-07, 7.95100376649e-08, 5.66907694122e-08, 4.43522374383e-08, 3.49020652379e-08, 3.03336591401e-08, 2.4552459621e-08, 1.41148852606e-08, 3.08049974418e-10],
        "min": [1.39954242887e-23, 2.62544789503e-23, 2.14649951612e-23, 8.02150844891e-24, 1.22109846335e-23, 4.37721758582e-24, 1.47485797716e-23, 1.3829709856e-23, 9.82648629501e-25, 9.02316931648e-24, 1.72115108028e-23, 1.82697045983e-23, 7.79488133262e-24, 1.60648998993e-23, 1.34047836186e-23, 1.31364249715e-23, 1.18253744346e-23, 6.8011816493e-24, 8.47473901568e-24, 9.08513039628e-24, 1.09915626573e-23, 7.3494628554e-24, 7.77667363406e-24, 1.16050313843e-23, 1.07680404975e-23, 8.38794696116e-24, 1.15345506067e-23, 1.67718044674e-23, 1.76455610055e-23, 1.35963001137e-23, 1.06197236033e-23, 6.51835608212e-24, 1.09030784962e-23, 1.15112310895e-23, 1.39505317923e-23, 8.13655907877e-24, 1.31500422885e-23, 1.03510438899e-23, 1.12346722334e-23, 7.85891948318e-24],
        "stdev": [0.000281012966298, 0.00182338885497, 0.00119104015175, 0.0014714973513, 0.000582287029829, 0.0014181942679, 0.00168348662555, 0.000596735160798, 0.000297707360005, 0.000315115408739, 0.000210209182114, 0.000453330547316, 0.000551728066057, 0.000308695220156, 2.87336079055e-05, 2.55718096014e-05, 1.68079805007e-05, 1.31356009661e-05, 1.03749453046e-05, 1.25770366139e-05, 8.95049106475e-06, 8.1496364146e-06, 1.33119865495e-05, 5.30905344931e-06, 2.46412855631e-06, 1.52827328748e-06, 2.20130823436e-06, 7.85933309544e-07, 4.33242263398e-07, 3.8010742287e-07, 2.71478683089e-07, 2.25483475447e-07, 1.39035165603e-07, 9.79203633733e-08, 7.0474627023e-08, 6.20363778125e-08, 5.95743294696e-08, 4.51528201495e-08, 2.49925395934e-08, 1.33199484775e-09]
    },
    "melbands128": {
        "max": [0.000579380604904, 0.00120919279289, 0.00425307499245, 0.00469139032066, 0.0120549658313, 0.00901923794299, 0.00456250272691, 0.0155407721177, 0.00908226612955, 0.0214120149612, 0.00930157024413, 0.00634505506605, 0.00262662046589, 0.00298258918338, 0.00919601880014, 0.0272529292852, 0.0340128131211, 0.0158775560558, 0.00659266486764, 0.00453118234873, 0.00956983864307, 0.00366539461538, 0.00558104133233, 0.00122094212566, 0.00336768501438, 0.00464583933353, 0.00164144928567, 0.003866863437, 0.000698900374118, 0.00341447093524, 0.00808869861066, 0.00762703455985, 0.00302445841953, 0.0261129960418, 0.00602738233283, 0.000224244737183, 0.000484215823235, 0.000258633255726, 0.000383182545193, 0.000296951155178, 0.000508410448674, 0.0001405395451, 0.000121891709568, 0.000214461688302, 0.000154435940203, 8.73279350344e-05, 0.000147096172441, 8.70693256729e-05, 0.000131762688397, 0.000223944385652, 9.56901567406e-05, 0.000145545360283, 0.000125312799355, 0.000156504582264, 0.000191499493667, 9.97215902316e-05, 7.21915421309e-05, 0.000321976287523, 7.48586317059e-05, 0.000157263566507, 2.62450848822e-05, 1.93158084585e-05, 5.11127764184e-05, 1.92004990822e-05, 5.58651881875e-05, 3.03215711028e-05, 1.60549443535e-05, 1.15722987175e-05, 6.16138058831e-05, 9.6189442047e-06, 8.69495761435e-06, 3.90072909795e-06, 6.56171096125e-06, 6.59958504912e-06, 5.36813286089e-06, 4.42575583293e-06, 3.62803257303e-06, 2.55912232205e-06, 1.7684589011e-06, 8.13966926216e-06, 3.74386559088e-06, 2.92003801405e-06, 3.85291968996e-06, 1.46524257616e-06, 1.06067398065e-06, 1.15716761684e-06, 1.30340663418e-06, 9.30547912503e-07, 8.43063276079e-07, 5.40737346455e-07, 8.07755952792e-07, 8.33713329484e-07, 8.06483512861e-07, 6.23411381184e-07, 6.92160881499e-07, 6.16922875452e-07, 5.62210345834e-07, 4.574384036e-07, 5.4573615671e-07, 7.57475859814e-08, 3.2066047595e-08, 2.94510353882e-08, 2.75693778917e-08, 2.59724703966e-08, 2.46317242159e-08, 2.34427570689e-08, 2.23302105695e-08, 2.13364561574e-08, 2.0500015907e-08, 1.96576657174e-08, 1.88972091308e-08, 1.81441475178e-08, 1.74831669142e-08, 1.69037424058e-08, 1.62967896955e-08, 1.57440052106e-08, 1.5269854714e-08, 1.47557477348e-08, 1.43727278967e-08, 1.40253701986e-08, 1.37151818791e-08, 1.3442519986e-08, 1.32047963675e-08, 1.29616060107e-08, 1.27805490635e-08, 1.26303740799e-08, 1.25199646206e-08, 1.24488739317e-08],
        "mean": [1.58373914019e-05, 6.35004980722e-05, 0.000207652439713, 0.000853478151839, 0.00170667271595, 0.00136651622597, 0.000687184219714, 0.00115139666013, 0.000946496729739, 0.00141463067848, 0.000979594304226, 0.000697045063134, 0.000233112979913, 0.000264473317657, 0.000803789123893, 0.00106229633093, 0.00115314114373, 0.000701648998074, 0.000325597298797, 0.000311750423862, 0.000615701719653, 0.000152413093019, 8.5502229922e-05, 5.46668707102e-05, 0.000177909663762, 0.000266004732111, 6.90296292305e-05, 0.000156571069965, 4.65042248834e-05, 0.000165935140103, 0.000281196262222, 0.000213061837712, 5.71059899812e-05, 0.000335430406267, 7.64808137319e-05, 1.36027310873e-05, 2.71474473266e-05, 1.60482195497e-05, 3.22096493619e-05, 2.13607727346e-05, 1.64596549439e-05, 5.67000006413e-06, 1.13582100312e-05, 2.24833529501e-05, 7.37398204365e-06, 8.20983495942e-06, 1.34025622174e-05, 8.12628150015e-06, 7.08878951627e-06, 9.41283815337e-06, 9.28095414565e-06, 1.18252046377e-05, 2.98563577417e-06, 4.92191702506e-06, 8.08546337794e-06, 2.93794482786e-06, 3.78555319003e-06, 1.14506519822e-05, 4.27836903327e-06, 7.92398714111e-06, 2.57960095951e-06, 8.05996194231e-07, 2.34064941651e-06, 1.47287562413e-06, 1.22517212731e-06, 7.14063617124e-07, 1.00343095255e-06, 6.04347007993e-07, 1.24027314996e-06, 5.30783211161e-07, 4.87423562845e-07, 3.01179909457e-07, 3.68122556438e-07, 2.37319667917e-07, 2.49490199167e-07, 2.85057041083e-07, 1.78425182185e-07, 1.2026687557e-07, 1.26542900603e-07, 1.95118190049e-07, 1.05393844763e-07, 8.70589502711e-08, 1.17810522227e-07, 6.94390109857e-08, 6.371061545e-08, 5.42705436146e-08, 5.91608184664e-08, 5.11950339899e-08, 4.3177202258e-08, 3.99187207734e-08, 3.58399638856e-08, 3.09932595144e-08, 3.77310556132e-08, 2.96377269393e-08, 2.68139963566e-08, 2.81480119213e-08, 2.09954205133e-08, 2.41662139189e-08, 2.13659170356e-08, 4.06100486572e-09, 8.23807272399e-11, 6.03729774507e-11, 5.65547123021e-11, 5.32068000769e-11, 5.04508657073e-11, 4.80659644031e-11, 4.58725245289e-11, 4.39421936338e-11, 4.23232837665e-11, 4.05155006766e-11, 3.89932044986e-11, 3.7475918202e-11, 3.60809646049e-11, 3.48793945115e-11, 3.36641582666e-11, 3.25829745129e-11, 3.16467269057e-11, 3.05530704903e-11, 2.98045164937e-11, 2.90796692282e-11, 2.84180335514e-11, 2.78744388682e-11, 2.7415703388e-11, 2.68997272374e-11, 2.6308826645e-11, 2.56325637799e-11, 2.52187021266e-11, 2.50489819859e-11],
        "min": [2.97710772931e-23, 1.00982668234e-23, 8.21257608218e-24, 1.93983626053e-23, 2.60528508361e-23, 3.33881938701e-23, 3.28831745849e-23, 1.5299162085e-23, 8.11408364272e-24, 6.43915681382e-24, 7.00425416783e-24, 1.67993546456e-23, 1.4410330415e-23, 5.29795473515e-24, 4.94582260985e-24, 2.61599390984e-24, 4.61289964202e-24, 1.69100649628e-23, 2.8903740505e-23, 1.97273460017e-23, 3.95604948169e-24, 8.68749342131e-25, 5.72603907867e-25, 1.08150197283e-24, 2.38646339098e-24, 1.42381772996e-23, 2.14091296096e-23, 1.00417465173e-23, 1.79860475717e-23, 3.56085911937e-23, 1.00146160131e-23, 3.98790841821e-24, 9.86291332781e-24, 7.19610198454e-24, 9.52785885782e-24, 1.93758185383e-23, 2.85041098813e-23, 9.12220606997e-24, 6.15257390214e-24, 1.56208074973e-23, 1.02660102063e-23, 1.85498638156e-23, 1.06046713484e-23, 1.14056034032e-23, 6.6801206882e-24, 7.01649097819e-24, 5.83828737877e-24, 3.70540194526e-24, 1.5451603144e-23, 8.79329761528e-24, 7.84529822193e-24, 9.91076168602e-24, 3.46865571571e-24, 2.163498522e-23, 8.14347028916e-24, 6.71136983524e-24, 3.99524955779e-24, 3.38099315318e-24, 1.03157131765e-23, 1.39263121848e-23, 1.18411240426e-23, 1.04285841837e-23, 8.39535909823e-24, 1.42623890185e-23, 8.92971217618e-24, 7.8545121173e-24, 6.35902392864e-24, 1.26470803525e-23, 1.42105766343e-23, 8.6369367064e-24, 8.61502057273e-24, 2.54581853976e-23, 3.17486158984e-23, 1.27463805855e-23, 7.3531776014e-24, 1.0045043167e-23, 2.05575148194e-23, 1.3970837072e-23, 7.84537474144e-24, 9.38622677089e-24, 5.87618701767e-24, 4.73102012409e-24, 8.47614161037e-24, 1.47994691886e-23, 5.8309296731e-24, 1.68958859769e-23, 7.31793366274e-24, 1.59646782768e-23, 1.60146100166e-23, 1.21578232971e-23, 8.12210320269e-24, 4.28074463028e-24, 1.21744848282e-23, 1.43014802318e-23, 1.48203913575e-23, 9.53068061327e-24, 8.33946435879e-24, 1.12834435588e-23, 1.61180565026e-23, 6.25392241251e-24, 1.0227565859e-23, 7.02297699255e-24, 6.68851416824e-24, 1.14546823844e-23, 7.43231139425e-24, 8.79536995288e-24, 7.5210519352e-24, 8.02869102745e-24, 1.01243489316e-23, 8.26397115902e-24, 7.62451262064e-24, 1.15480961373e-23, 6.85942877196e-24, 7.91434800583e-24, 5.41907919955e-24, 4.53752634911e-24, 1.05851612405e-23, 1.73802023965e-23, 1.19898093349e-23, 1.19834100952e-23, 1.15834520943e-23, 8.9271349676e-24, 1.08336776692e-23, 9.10463892647e-24, 7.97329642583e-24, 9.80987110941e-24, 1.29805050359e-23, 1.41884317309e-23],
        "stdev": [3.63355393347e-05, 0.000135681970278, 0.000375450210413, 0.000837445550133, 0.00273796753027, 0.00226692226715, 0.000903027306776, 0.00173613044899, 0.00133568665478, 0.00248118350282, 0.00134204060305, 0.00118113681674, 0.000392461312003, 0.000437087583123, 0.00134024699219, 0.00259342952631, 0.00354228005745, 0.00196209829301, 0.000878183403984, 0.000506421492901, 0.0010787572246, 0.00033968835487, 0.000472518062452, 0.000136196991662, 0.000354922929546, 0.000573743076529, 0.000127408944536, 0.000401422235882, 8.16794490675e-05, 0.00042421463877, 0.000783676339779, 0.000765713164583, 0.000178674366907, 0.00154997350182, 0.000331876566634, 2.4747732823e-05, 5.3720035794e-05, 2.52302870649e-05, 4.90322745463e-05, 3.59222685802e-05, 3.77081814804e-05, 1.32255845529e-05, 1.5912219169e-05, 3.1049035897e-05, 1.59273313329e-05, 1.33688217829e-05, 2.09435038414e-05, 1.16999635793e-05, 1.13480136861e-05, 2.22112685151e-05, 1.34649635584e-05, 1.94587646547e-05, 8.18961143523e-06, 9.83095014817e-06, 1.67627513292e-05, 6.76548097545e-06, 7.50571007302e-06, 2.92344921036e-05, 8.79643721419e-06, 1.75580698851e-05, 3.86924330087e-06, 1.63303570844e-06, 4.30061209045e-06, 2.51533742812e-06, 3.40158226209e-06, 1.56838859766e-06, 2.13373709812e-06, 1.07640221358e-06, 5.36825018571e-06, 1.21041887269e-06, 1.2287765685e-06, 4.50575129207e-07, 7.0547167752e-07, 5.04448280481e-07, 5.68213351926e-07, 5.61884178296e-07, 3.66033191312e-07, 2.39678712433e-07, 2.37927977764e-07, 5.78301296628e-07, 2.47365875339e-07, 1.86414894188e-07, 3.29384050701e-07, 1.39899469787e-07, 1.30407570964e-07, 1.02309321903e-07, 1.21438574752e-07, 9.58276658025e-08, 7.84874387705e-08, 7.28846174525e-08, 7.04215423752e-08, 6.46680220484e-08, 7.64606440384e-08, 5.99880820573e-08, 6.23751716944e-08, 5.59129986755e-08, 4.27009148041e-08, 4.29138786728e-08, 4.33660005683e-08, 6.94198876161e-09, 1.36537703366e-09, 1.2544050243e-09, 1.17425980051e-09, 1.10624709393e-09, 1.04914121835e-09, 9.98497173832e-10, 9.51107193004e-10, 9.08775499298e-10, 8.73144834213e-10, 8.37270253129e-10, 8.04878608207e-10, 7.72802433158e-10, 7.44650952011e-10, 7.19972081953e-10, 6.94119040023e-10, 6.70571986827e-10, 6.50374865074e-10, 6.28479435161e-10, 6.12163930658e-10, 5.97369431699e-10, 5.84158610373e-10, 5.72544234245e-10, 5.62417612482e-10, 5.52060230863e-10, 5.44357781074e-10, 5.37977107307e-10, 5.33282418225e-10, 5.3025550617e-10]
    },
    "mfcc": {
        "mean": [-745.032897949, 179.062072754, -20.0364322662, 16.8832149506, -5.80141687393, 4.80999565125, -10.439160347, 11.0911092758, -9.49308586121, 2.59683012962, -11.8137073517, 6.83604288101, -7.99971055984],
        "cov": [[10884.7988281, 4312.65820312, -837.83795166, 826.140930176, -111.275161743, -354.417755127, -472.046051025, -215.867355347, -444.14151001, -389.424194336, -364.845336914, -16.4358539581, -57.7283668518], [4312.65820312, 3060.66015625, 200.838912964, 552.200866699, 117.406234741, -207.688064575, -32.0016021729, -37.5971298218, -187.959274292, -215.401672363, -167.792800903, -40.2501182556, 15.0935811996], [-837.83795166, 200.838912964, 508.161956787, 125.156921387, 90.4453582764, 34.4663925171, 107.625816345, 30.8774147034, 21.3580131531, 39.0354499817, 53.2846717834, 25.0157833099, 15.7811508179], [826.140930176, 552.200866699, 125.156921387, 280.879150391, 60.0205612183, -40.4713096619, -38.9824523926, -32.9000015259, -59.7249183655, -32.398109436, -2.3545331955, 4.85315847397, -13.3003110886], [-111.275161743, 117.406234741, 90.4453582764, 60.0205612183, 131.869735718, 56.4354438782, 16.0474681854, -20.2952785492, -20.1848335266, -20.432800293, 8.8565568924, 13.4358110428, 16.9977722168], [-354.417755127, -207.688064575, 34.4663925171, -40.4713096619, 56.4354438782, 126.513717651, 54.0943183899, 7.8889913559, 6.2633638382, -3.50077557564, -8.54437732697, 7.17383813858, 15.517950058], [-472.046051025, -32.0016021729, 107.625816345, -38.9824523926, 16.0474681854, 54.0943183899, 157.776779175, 88.500793457, 38.1991271973, -15.5637331009, -36.124168396, -29.9966278076, 11.6648311615], [-215.867355347, -37.5971298218, 30.8774147034, -32.9000015259, -20.2952785492, 7.8889913559, 88.500793457, 115.248649597, 44.0612945557, -15.7382221222, -33.2063980103, -30.250164032, -8.47149372101], [-444.14151001, -187.959274292, 21.3580131531, -59.7249183655, -20.1848335266, 6.2633638382, 38.1991271973, 44.0612945557, 87.6531524658, 40.6369895935, -9.78176212311, -30.0889644623, -23.9303703308], [-389.424194336, -215.401672363, 39.0354499817, -32.398109436, -20.432800293, -3.50077557564, -15.5637331009, -15.7382221222, 40.6369895935, 109.047683716, 55.2743110657, 9.49680805206, -19.3894920349], [-364.845336914, -167.792800903, 53.2846717834, -2.3545331955, 8.8565568924, -8.54437732697, -36.124168396, -33.2063980103, -9.78176212311, 55.2743110657, 111.105171204, 61.0403060913, 6.98358821869], [-16.4358539581, -40.2501182556, 25.0157833099, 4.85315847397, 13.4358110428, 7.17383813858, -29.9966278076, -30.250164032, -30.0889644623, 9.49680805206, 61.0403060913, 100.706375122, 33.5400085449], [-57.7283668518, 15.0935811996, 15.7811508179, -13.3003110886, 16.9977722168, 15.517950058, 11.6648311615, -8.47149372101, -23.9303703308, -19.3894920349, 6.98358821869, 33.5400085449, 76.1758346558]],
        "icov": [[0.000860912550706, -0.00123489683028, 0.00170554965734, -0.00119078916032, 0.00170608365443, -0.00174344680272, 0.00131307600532, -0.000544714741409, 0.000898941070773, -0.00064898841083, 0.00109071633779, -0.00111152441241, 0.000555298058316], [-0.00123489683028, 0.0025474652648, -0.00264067109674, 0.000836970400997, -0.00312213599682, 0.00410870974883, -0.00231243623421, 0.000947203370742, -0.000351588620106, 0.00105027796235, 1.9712131234e-06, 0.00121519132517, -0.000806630239822], [0.00170554965734, -0.00264067109674, 0.00746932532638, -0.00459343567491, 0.00212465110235, -0.00340783991851, -0.00128810189199, -0.000489592726808, -5.27675547346e-05, -0.00267115072347, -0.000283644447336, -0.00268858298659, 0.000342553743394], [-0.00119078916032, 0.000836970400997, -0.00459343567491, 0.00978222023696, -0.00458883633837, 0.00353311095387, 0.00104469957296, -0.000210090875044, 0.00256886938587, 0.000911934883334, -0.000693899753969, 0.00185501947999, 0.00199817819521], [0.00170608365443, -0.00312213599682, 0.00212465110235, -0.00458883633837, 0.0179873295128, -0.0117497164756, 0.00287524983287, 0.00197472958826, -0.000809628574643, 0.00297229550779, -0.00236129527912, -0.000386340630939, -0.000281813699985], [-0.00174344680272, 0.00410870974883, -0.00340783991851, 0.00353311095387, -0.0117497164756, 0.0209163334221, -0.00879209395498, 0.00346204801463, 0.00129738333635, -0.000624740787316, 0.0041573564522, -0.0014726575464, -0.000204393465538], [0.00131307600532, -0.00231243623421, -0.00128810189199, 0.00104469957296, 0.00287524983287, -0.00879209395498, 0.0214980263263, -0.0123662939295, 0.00131243455689, -0.000314976321533, 0.00336052430794, 0.00164778379258, -0.00231671286747], [-0.000544714741409, 0.000947203370742, -0.000489592726808, -0.000210090875044, 0.00197472958826, 0.00346204801463, -0.0123662939295, 0.0213662385941, -0.00843113008887, 0.00600261799991, -0.00141271075699, -0.000134543632157, 0.0016561774537], [0.000898941070773, -0.000351588620106, -5.27675547346e-05, 0.00256886938587, -0.000809628574643, 0.00129738333635, 0.00131243455689, -0.00843113008887, 0.0282939113677, -0.0117460591719, 0.00817839056253, 0.000776723201852, 0.00479501159862], [-0.00064898841083, 0.00105027796235, -0.00267115072347, 0.000911934883334, 0.00297229550779, -0.000624740787316, -0.000314976321533, 0.00600261799991, -0.0117460591719, 0.0217712130398, -0.0115438960493, 0.00315441098064, 0.00171349581797], [0.00109071633779, 1.9712131234e-06, -0.000283644447336, -0.000693899753969, -0.00236129527912, 0.0041573564522, 0.00336052430794, -0.00141271075699, 0.00817839056253, -0.0115438960493, 0.0273491535336, -0.0130456900224, 0.00263964314945], [-0.00111152441241, 0.00121519132517, -0.00268858298659, 0.00185501947999, -0.000386340630939, -0.0014726575464, 0.00164778379258, -0.000134543632157, 0.000776723201852, 0.00315441098064, -0.0130456900224, 0.0217283125967, -0.00740734301507], [0.000555298058316, -0.000806630239822, 0.000342553743394, 0.00199817819521, -0.000281813699985, -0.000204393465538, -0.00231671286747, 0.0016561774537, 0.00479501159862, 0.00171349581797, 0.00263964314945, -0.00740734301507, 0.0195914711803]]
    },
    "spectral_contrast_coeffs": {
        "max": [-0.504068315029, -0.420665383339, -0.501941084862, -0.678381562233, -0.678807735443, -0.58342063427],
        "mean": [-0.707235574722, -0.716731905937, -0.733252882957, -0.79604691267, -0.790245831013, -0.751521885395],
        "min": [-0.964468538761, -0.974808990955, -0.965947151184, -0.958906054497, -0.961065590382, -0.958919167519],
        "stdev": [0.0957470685244, 0.108800694346, 0.089962773025, 0.0511354096234, 0.0530271790922, 0.0436653122306]
    },
    "spectral_contrast_valleys": {
        "max": [-5.17961740494, -5.35536146164, -6.11481666565, -5.77200889587, -6.95407390594, -8.51046848297],
        "mean": [-7.35254764557, -7.2068605423, -7.8952999115, -8.39259719849, -8.92824363708, -12.4440774918],
        "min": [-27.0085792542, -26.7628860474, -27.1421661377, -27.1457977295, -27.1648807526, -27.2982769012],
        "stdev": [1.79692733288, 1.60933756828, 1.48327672482, 1.37504017353, 1.17428529263, 0.849409282207]
    }
},
"rhythm": {
    "beats_count": 19,
    "beats_loudness": {
        "max": 0.0799614787102,
        "mean": 0.028935495764,
        "min": 2.80222229776e-05,
        "stdev": 0.0232117585838
    },
    "bpm": 91.384803772,
    "bpm_histogram_first_peak_bpm": 91,
    "bpm_histogram_first_peak_weight": 0.428571462631,
    "bpm_histogram_second_peak_bpm": 98,
    "bpm_histogram_second_peak_spread": 0.272727251053,
    "bpm_histogram_second_peak_weight": 0.444444447756,
    "danceability": 0.799256980419,
    "onset_rate": 2.35121417046,
    "beats_loudness_band_ratio": {
        "max": [0.761961817741, 0.623516798019, 0.899836599827, 0.944834947586, 0.349388152361, 0.0847341120243],
        "mean": [0.239004313946, 0.298821866512, 0.237836077809, 0.226975038648, 0.0550816319883, 0.0121846832335],
        "min": [0.00497113354504, 0.00188671110664, 0.0031936170999, 0.0182009544224, 0.00288223684765, 0.000325394939864],
        "stdev": [0.196112945676, 0.200426340103, 0.20537905395, 0.249246761203, 0.0953043028712, 0.0227875486016]
    },
    "beats_position": [0.650158703327, 1.31192743778, 1.98530614376, 2.6470746994, 3.30884337425, 3.97061228752, 4.58594083786, 5.20126962662, 5.81659841537, 6.420317173, 7.03564596176, 7.66258478165, 8.28952407837, 8.893242836, 9.49696159363, 10.1006803513, 10.7392292023, 11.3661680222, 12.0047159195],
