{
"metadata": {
    "version": {
        "essentia": "2.1-beta5",
        "essentia_git_sha": "Undefined",
        "extractor": "music 2.0"
    },
    "audio_properties": {
        "analysis": {
            "equal_loudness": 0,
            "length": 32.4963264465,
            "sample_rate": 44100,
            "start_time": 45.2440834045,
            "downmix": "mix"
        },
        "bit_rate": 192000,
        "length": 211.115829468,
        "lossless": 0,
        "number_channels": 2,
        "replay_gain": -0.426361083984,
        "sample_rate": 48000,
        "codec": "mp3",
        "md5_encoded": "98af9bdb0a301218e23ab620fbb80b4a"
    },
    "tags": {
        "file_name": "Croatia_Nek_ti Bude Ljubav Sva_Tony Cetinski.mp3",
        "encoding": ["Lavf58.29.100"]
    }
},
"lowlevel": {
    "average_loudness": 0.97476965189,
    "barkbands_crest": {
        "max": 23.9867229462,
        "mean": 10.0343255997,
        "min": 3.93949437141,
        "stdev": 3.35466051102
    },
    "barkbands_flatness_db": {
        "max": 0.344057142735,
        "mean": 0.207216575742,
        "min": 0.0762550011277,
        "stdev": 0.0437396280468
    },
    "barkbands_kurtosis": {
        "max": 59.2719650269,
        "mean": 7.58052682877,
        "min": -1.77292370796,
        "stdev": 6.70495176315
    },
    "barkbands_skewness": {
        "max": 5.673807621,
        "mean": 1.60604202747,
        "min": -0.804418385029,
        "stdev": 0.899559378624
    },
    "barkbands_spread": {
        "max": 82.7389144897,
        "mean": 8.83952140808,
        "min": 1.15965807438,
        "stdev": 8.3758687973
    },
    "dissonance": {
        "max": 0.498065978289,
        "mean": 0.409592330456,
        "min": 0.23190112412,
        "stdev": 0.046925816685
    },
    "dynamic_complexity": 1.38202750683,
    "erbbands_crest": {
        "max": 25.083480835,
        "mean": 11.4481983185,
        "min": 4.10694217682,
        "stdev": 3.76316356659
    },
    "erbbands_flatness_db": {
        "max": 0.313539981842,
        "mean": 0.210286006331,
        "min": 0.0960663557053,
        "stdev": 0.0324952378869
    },
    "erbbands_kurtosis": {
        "max": 34.8992347717,
        "mean": 4.36017751694,
        "min": -1.80918371677,
        "stdev": 4.23782253265
    },
    "erbbands_skewness": {
        "max": 4.61096906662,
        "mean": 1.45250082016,
        "min": -1.63867521286,
        "stdev": 0.783234059811
    },
    "erbbands_spread": {
        "max": 115.505905151,
        "mean": 21.2940540314,
        "min": 4.7801117897,
        "stdev": 14.9273958206
    },
    "hfc": {
        "max": 150.656173706,
        "mean": 18.9673309326,
        "min": 0.533836603165,
        "stdev": 11.778512001
    },
    "loudness_ebu128": {
        "integrated": -21.9038925171,
        "loudness_range": 1.22740364075,
        "momentary": {
            "max": -19.4577960968,
            "mean": -22.0522422791,
            "min": -26.3419513702,
            "stdev": 1.18790268898
        },
        "short_term": {
            "max": -20.9766941071,
            "mean": -21.9460525513,
            "min": -23.2657604218,
            "stdev": 0.454405993223
        }
    },
    "melbands_crest": {
        "max": 26.9087314606,
        "mean": 12.7137517929,
        "min": 4.39622068405,
        "stdev": 4.10147714615
    },
    "melbands_flatness_db": {
        "max": 0.428351700306,
        "mean": 0.274351418018,
        "min": 0.0899568274617,
        "stdev": 0.0598056577146
    },
    "melbands_kurtosis": {
        "max": 88.910118103,
        "mean": 9.97125434875,
        "min": -0.896941423416,
        "stdev": 9.6952829361
    },
    "melbands_skewness": {
        "max": 7.49603462219,
        "mean": 1.79262149334,
        "min": -0.463113367558,
        "stdev": 1.12555587292
    },
    "melbands_spread": {
        "max": 76.5148544312,
        "mean": 10.3405036926,
        "min": 1.14433634281,
        "stdev": 7.71072864532
    },
    "pitch_salience": {
        "max": 0.846147835255,
        "mean": 0.560822963715,
        "min": 0.214170962572,
        "stdev": 0.0821174457669
    },
    "silence_rate_20dB": {
        "max": 1,
        "mean": 1,
        "min": 1,
        "stdev": 0
    },
    "silence_rate_30dB": {
        "max": 1,
        "mean": 0.998572468758,
        "min": 0,
        "stdev": 0.037755895406
    },
    "silence_rate_60dB": {
        "max": 0,
        "mean": 0,
        "min": 0,
        "stdev": 0
    },
    "spectral_centroid": {
        "max": 3596.92504883,
        "mean": 648.460327148,
        "min": 206.763809204,
        "stdev": 394.040405273
    },
    "spectral_complexity": {
        "max": 39,
        "mean": 13.6074228287,
        "min": 2,
        "stdev": 4.78669261932
    },
    "spectral_decrease": {
        "max": -1.51985674046e-10,
        "mean": -1.06252873167e-08,
        "min": -2.81101950605e-08,
        "stdev": 4.34141655958e-09
    },
    "spectral_energy": {
        "max": 0.110819369555,
        "mean": 0.0418227538466,
        "min": 0.000622050254606,
        "stdev": 0.0167339630425
    },
    "spectral_energyband_high": {
        "max": 0.021132171154,
        "mean": 0.000347301334841,
        "min": 2.59581292994e-06,
        "stdev": 0.00130091642495
    },
    "spectral_energyband_low": {
        "max": 0.0691870376468,
        "mean": 0.00883858837187,
        "min": 2.83434601442e-05,
        "stdev": 0.0091028381139
    },
    "spectral_energyband_middle_high": {
        "max": 0.0335304997861,
        "mean": 0.00318937934935,
        "min": 8.08318509371e-05,
        "stdev": 0.00456809159368
    },
    "spectral_energyband_middle_low": {
        "max": 0.0925677493215,
        "mean": 0.032400149852,
        "min": 0.000453662330983,
        "stdev": 0.0160716231912
    },
    "spectral_entropy": {
        "max": 8.55393695831,
        "mean": 6.7930521965,
        "min": 5.58602285385,
        "stdev": 0.466129541397
    },
    "spectral_flux": {
        "max": 0.2383133322,
        "mean": 0.0853554680943,
        "min": 0.0240139234811,
        "stdev": 0.0328319557011
    },
    "spectral_kurtosis": {
        "max": 34.7539863586,
        "mean": 8.5665140152,
        "min": -0.60408616066,
        "stdev": 4.81354427338
    },
    "spectral_rms": {
        "max": 0.0103979064152,
        "mean": 0.00625707162544,
        "min": 0.000779023917858,
        "stdev": 0.00128517497797
    },
    "spectral_rolloff": {
        "max": 8720.94726562,
        "mean": 705.229553223,
        "min": 129.19921875,
        "stdev": 703.788146973
    },
    "spectral_skewness": {
        "max": 4.72943019867,
        "mean": 2.30977320671,
        "min": 0.210427239537,
        "stdev": 0.701646327972
    },
    "spectral_spread": {
        "max": 22464736,
        "mean": 3658866.75,
        "min": 1771154.625,
        "stdev": 1124874.75
    },
    "spectral_strongpeak": {
        "max": 7.19237756729,
        "mean": 1.48418104649,
        "min": 0.0116604017094,
        "stdev": 1.07451760769
    },
    "zerocrossingrate": {
        "max": 0.17626953125,
        "mean": 0.0312496516854,
        "min": 0.00634765625,
        "stdev": 0.0200761146843
    },
    "barkbands": {
        "max": [0.00131999782752, 0.0243226792663, 0.0387837775052, 0.0764043703675, 0.0585534498096, 0.046483989805, 0.0385581292212, 0.0406744591892, 0.0534465387464, 0.0287905819714, 0.0153120979667, 0.024065002799, 0.00929580722004, 0.00299356388859, 0.00350515730679, 0.00127054250333, 0.00144782743882, 0.00122702785302, 0.00607546139508, 0.00524816289544, 0.00699866190553, 0.00331068527885, 0.00337033858523, 0.00768267316744, 0.00168220640626, 7.2645569162e-05, 6.05629202255e-06],
        "mean": [0.000102323530882, 0.00345405633561, 0.0024948050268, 0.006218877621, 0.00654376950115, 0.00736730312929, 0.00417826650664, 0.00388295273297, 0.00384567980655, 0.000700598000549, 0.0005947194295, 0.000931266811676, 0.000340830243658, 0.000209202902624, 0.000136828239192, 6.23654996161e-05, 0.000136153917992, 6.43065286567e-05, 0.000133344045025, 0.00013601667888, 8.36072213133e-05, 6.14044329268e-05, 5.30410325155e-05, 7.15975402272e-05, 1.69146733242e-05, 2.4964374461e-06, 9.20401532767e-09],
        "min": [7.13995973456e-09, 1.46567003867e-06, 2.07015841625e-06, 6.9155885285e-07, 1.70059283846e-05, 2.54876395047e-05, 1.51820995598e-05, 1.63119966601e-05, 6.86872863298e-06, 2.77411550087e-06, 1.7681358031e-06, 4.27552095061e-06, 1.98611041924e-06, 7.6849994457e-07, 5.78506956117e-07, 7.84231588113e-07, 5.77849050387e-07, 1.09885331767e-06, 1.6963259668e-06, 8.21559240194e-07, 6.2664281586e-07, 3.05647745336e-07, 3.06160359287e-07, 3.03693980186e-07, 2.78437937595e-07, 1.1828992541e-07, 1.38417111106e-10],
        "stdev": [0.000121321296319, 0.00302080041729, 0.00328653980978, 0.00963485334069, 0.00812323298305, 0.00722244381905, 0.00427338387817, 0.00481095723808, 0.00559770129621, 0.00204076408409, 0.00134070543572, 0.00231774547137, 0.000673322938383, 0.000387642183341, 0.000271362019703, 0.000106111532659, 0.000183778975043, 9.28179433686e-05, 0.000381384830689, 0.000361578189768, 0.000345387554262, 0.000212787315832, 0.000208561497857, 0.000390001165215, 8.20652712719e-05, 4.70393206342e-06, 1.66395608403e-07]
    },
    "erbbands": {
        "max": [0.57032418251, 6.27494192123, 26.9919281006, 124.922065735, 211.434829712, 221.823699951, 412.580780029, 514.863891602, 625.076599121, 685.533874512, 785.012268066, 972.724487305, 1140.43505859, 546.429199219, 590.500793457, 1090.17272949, 367.56048584, 223.552841187, 210.382843018, 103.362045288, 84.4592819214, 99.0255889893, 50.3155174255, 436.015197754, 217.1118927, 227.952377319, 423.644744873, 146.191955566, 145.886383057, 113.00756073, 96.1918792725, 76.7286529541, 179.758880615, 33.2801818848, 3.94320559502, 0.395340055227, 0.131665021181, 0.00812399853021, 0.000874257239047, 0.000146879290696],
        "mean": [0.0798895433545, 0.846339464188, 2.59762263298, 12.7632246017, 26.8625621796, 16.7736339569, 38.6619911194, 58.358997345, 61.0661506653, 70.431022644, 96.0838165283, 77.4428329468, 35.2605438232, 21.8612556458, 22.2891693115, 39.8385009766, 19.6531181335, 12.2531967163, 7.5046620369, 5.81249666214, 4.58385562897, 7.18850708008, 3.66998076439, 6.90048456192, 6.60780382156, 5.86154747009, 4.27367687225, 2.7284116745, 2.23160505295, 2.00399470329, 1.40451538563, 1.37187802792, 1.18488943577, 0.297470510006, 0.0696082189679, 0.0188354328275, 0.00346598471515, 0.000174723696546, 2.69492447842e-05, 4.81422976009e-05],
        "min": [1.61305561051e-05, 0.000593576172832, 0.00641452521086, 0.0205618795007, 0.0422656312585, 0.0748070478439, 0.232329770923, 0.131659731269, 0.182929798961, 0.90542691946, 1.31025624275, 0.612216889858, 0.179794058204, 0.198671638966, 0.108472637832, 0.273656338453, 0.259573608637, 0.184289842844, 0.130049988627, 0.0641444027424, 0.044977106154, 0.0350959710777, 0.0723180323839, 0.0455279834569, 0.0726186558604, 0.0389793142676, 0.0307521149516, 0.0188579726964, 0.0104921273887, 0.00867294427007, 0.00660391571, 0.00626431405544, 0.00562203815207, 0.00275633763522, 0.00216415012255, 0.00115335721057, 8.89946168172e-05, 2.44380839831e-06, 2.84553129859e-06, 6.59157376504e-06],
        "stdev": [0.0716228410602, 0.772796273232, 2.62409234047, 19.1252365112, 34.7982254028, 22.2758407593, 50.7856521606, 61.639755249, 64.6782989502, 75.8739929199, 111.498458862, 108.088439941, 97.9315414429, 45.4793052673, 48.4472732544, 100.390228271, 38.2661972046, 20.2509994507, 13.8135471344, 9.44233989716, 5.99872112274, 10.3342142105, 4.71452188492, 24.0981998444, 15.8312063217, 15.7469730377, 19.0383453369, 9.89762020111, 7.90471982956, 7.62059116364, 5.54060459137, 5.82390403748, 7.74857378006, 1.66463196278, 0.212478965521, 0.0341866314411, 0.00757014518604, 0.000486663659103, 2.94072287943e-05, 1.90671435121e-05]
    },
    "gfcc": {
        "mean": [-12.7111968994, 141.552734375, -104.95728302, 25.9510593414, -76.901008606, 6.20235347748, -39.9678649902, 6.81093645096, -16.4406414032, 0.290252238512, -3.7388548851, -8.4482421875, -10.8357028961],
        "cov": [[1090.23681641, -543.524353027, -423.140411377, 42.1180725098, -201.120864868, 122.281677246, 104.968193054, 25.4860687256, -102.993156433, 56.087890625, -19.1139850616, 7.29559850693, -29.9266376495], [-543.524353027, 667.272827148, 266.955474854, -89.5512237549, 231.145431519, -88.3684005737, -75.3420944214, -77.5794830322, 57.8935890198, -127.942375183, 2.64476728439, -32.3343963623, 13.3840322495], [-423.140411377, 266.955474854, 695.599304199, 169.437255859, 106.602142334, -68.1357345581, -153.243728638, -91.6648406982, -3.41940188408, -19.3025588989, -49.3982048035, 0.248459517956, -21.6308612823], [42.1180725098, -89.5512237549, 169.437255859, 273.684387207, 34.7915039062, 4.3213133812, -40.8885955811, -37.8251686096, 1.03334021568, 6.62597942352, -4.16995763779, -8.43351650238, 5.51665067673], [-201.120864868, 231.145431519, 106.602142334, 34.7915039062, 261.682830811, -2.65787887573, -52.8072776794, -22.4115772247, 4.90782976151, -36.7922973633, -37.1272964478, -4.16390275955, -7.69335985184], [122.281677246, -88.3684005737, -68.1357345581, 4.3213133812, -2.65787887573, 132.850860596, 58.7493247986, 14.1192941666, -17.2646923065, 13.0437402725, 3.32225799561, -2.05565953255, 3.52314424515], [104.968193054, -75.3420944214, -153.243728638, -40.8885955811, -52.8072776794, 58.7493247986, 159.837158203, 72.4175338745, -29.6096534729, 6.83482646942, 28.6258621216, -1.89981865883, -7.70575475693], [25.4860687256, -77.5794830322, -91.6648406982, -37.8251686096, -22.4115772247, 14.1192941666, 72.4175338745, 118.398826599, 21.4510383606, 22.7393035889, 13.7562713623, 9.00874328613, -2.87234187126], [-102.993156433, 57.8935890198, -3.41940188408, 1.03334021568, 4.90782976151, -17.2646923065, -29.6096534729, 21.4510383606, 106.778594971, 14.2617044449, 12.5863351822, 4.59409618378, 17.7576141357], [56.087890625, -127.942375183, -19.3025588989, 6.62597942352, -36.7922973633, 13.0437402725, 6.83482646942, 22.7393035889, 14.2617044449, 97.2998199463, 25.3031635284, 23.4237327576, -4.28168821335], [-19.1139850616, 2.64476728439, -49.3982048035, -4.16995763779, -37.1272964478, 3.32225799561, 28.6258621216, 13.7562713623, 12.5863351822, 25.3031635284, 128.790161133, 35.1174736023, 15.1211681366], [7.29559850693, -32.3343963623, 0.248459517956, -8.43351650238, -4.16390275955, -2.05565953255, -1.89981865883, 9.00874328613, 4.59409618378, 23.4237327576, 35.1174736023, 88.469581604, 14.8379268646], [-29.9266376495, 13.3840322495, -21.6308612823, 5.51665067673, -7.69335985184, 3.52314424515, -7.70575475693, -2.87234187126, 17.7576141357, -4.28168821335, 15.1211681366, 14.8379268646, 72.4330444336]],
        "icov": [[0.00223060161807, 0.00013248178584, 0.00162411446217, -0.00135680404492, 0.00139052397572, -0.00128256203607, 0.000992682995275, -6.97302311892e-05, 0.00190911092795, -0.000356580741936, 0.0010976648191, -0.000856380967889, 0.00125555589329], [0.00013248178584, 0.0124341631308, -0.00564225204289, 0.00864761229604, -0.00975487567484, 0.0053150029853, -0.00790766160935, 0.00896148942411, -0.00992800947279, 0.0104541294277, -0.00628442969173, 0.00469529116526, -0.00296488776803], [0.00162411446217, -0.00564225204289, 0.00605458719656, -0.0061305933632, 0.00519711058587, -0.00293652806431, 0.00587114784867, -0.00392987439409, 0.00638829916716, -0.00493952538818, 0.00403389241546, -0.00324267218821, 0.00311620626599], [-0.00135680404492, 0.00864761229604, -0.0061305933632, 0.0115030519664, -0.00803647004068, 0.00389356724918, -0.00624712882563, 0.0071306489408, -0.00831217691302, 0.00672490196303, -0.00550536019728, 0.00468952069059, -0.0036661720369], [0.00139052397572, -0.00975487567484, 0.00519711058587, -0.00803647004068, 0.013287381269, -0.00603157421574, 0.00847474392503, -0.007799717132, 0.0088901463896, -0.0065965638496, 0.00637769978493, -0.00490707810968, 0.00394242163748], [-0.00128256203607, 0.0053150029853, -0.00293652806431, 0.00389356724918, -0.00603157421574, 0.0129169272259, -0.00847733207047, 0.00561567302793, -0.00500428397208, 0.00272288336419, -0.00250335363671, 0.00277479179204, -0.00329158129171], [0.000992682995275, -0.00790766160935, 0.00587114784867, -0.00624712882563, 0.00847474392503, -0.00847733207047, 0.0203830320388, -0.0139195825905, 0.0120479026809, -0.00475605716929, 0.00190723210108, -0.00229906616732, 0.00386735168286], [-6.97302311892e-05, 0.00896148942411, -0.00392987439409, 0.0071306489408, -0.007799717132, 0.00561567302793, -0.0139195825905, 0.0213636867702, -0.0120933325961, 0.00485904887319, -0.00321904872544, 0.00215762131847, -0.00165455753449], [0.00190911092795, -0.00992800947279, 0.00638829916716, -0.00831217691302, 0.0088901463896, -0.00500428397208, 0.0120479026809, -0.0120933325961, 0.0222171600908, -0.00992225669324, 0.0045468499884, -0.00327678816393, 0.000842668698169], [-0.000356580741936, 0.0104541294277, -0.00493952538818, 0.00672490196303, -0.0065965638496, 0.00272288336419, -0.00475605716929, 0.00485904887319, -0.00992225669324, 0.0221285149455, -0.00704247504473, 0.00115281308535, -0.000238036605879], [0.0010976648191, -0.00628442969173, 0.00403389241546, -0.00550536019728, 0.00637769978493, -0.00250335363671, 0.00190723210108, -0.00321904872544, 0.0045468499884, -0.00704247504473, 0.0137960584834, -0.00632797507569, 0.000998312840238], [-0.000856380967889, 0.00469529116526, -0.00324267218821, 0.00468952069059, -0.00490707810968, 0.00277479179204, -0.00229906616732, 0.00215762131847, -0.00327678816393, 0.00115281308535, -0.00632797507569, 0.0162415504456, -0.00449670339003], [0.00125555589329, -0.00296488776803, 0.00311620626599, -0.0036661720369, 0.00394242163748, -0.00329158129171, 0.00386735168286, -0.00165455753449, 0.000842668698169, -0.000238036605879, 0.000998312840238, -0.00449670339003, 0.0174990110099]]
    },
    "melbands": {
        "max": [0.00551441172138, 0.0111891552806, 0.0246574934572, 0.0141843240708, 0.0117513090372, 0.0100493310019, 0.00820385850966, 0.00642931694165, 0.00800809171051, 0.0079282624647, 0.00569242192432, 0.00207505025901, 0.00226442725398, 0.00169259740505, 0.0031434816774, 0.0004232385254, 0.000383998412872, 0.000342753774021, 0.000250672048423, 8.56180631672e-05, 0.000112559937406, 0.000106572835648, 3.55831361958e-05, 5.41813715245e-05, 0.000437897251686, 0.000101197067124, 0.000256974803051, 0.000164855460753, 0.000305317837046, 0.000158041133545, 7.7237651567e-05, 9.90373373497e-05, 4.91927748953e-05, 6.64117542328e-05, 6.63133541821e-05, 3.7774691009e-05, 5.00380410813e-05, 0.000155927060405, 6.67316271574e-05, 1.54454501171e-05],
        "mean": [0.000855456339195, 0.00138731300831, 0.00268084392883, 0.00159755116329, 0.00114388263319, 0.00136467802804, 0.000916743185371, 0.00076413305942, 0.000843930989504, 0.000467162608402, 0.000164357858011, 8.21338471724e-05, 7.3605311627e-05, 8.41470464366e-05, 9.43264385569e-05, 2.86979266093e-05, 2.2320968128e-05, 1.17954805319e-05, 1.16036680993e-05, 5.07667573402e-06, 5.62557715966e-06, 8.79525487107e-06, 3.2171874409e-06, 3.29724662151e-06, 6.10039023741e-06, 3.60669332622e-06, 5.72737326365e-06, 3.4577990391e-06, 2.86345266431e-06, 2.00032741304e-06, 1.43084730553e-06, 1.25981580368e-06, 1.16300373065e-06, 1.10251221486e-06, 8.55507266806e-07, 6.92749551945e-07, 8.98605776456e-07, 1.00693443983e-06, 4.50027158649e-07, 1.74296189925e-07],
        "min": [2.52020697644e-07, 2.88703995466e-06, 3.83968836104e-06, 4.12202507505e-06, 2.52180598181e-06, 3.61147726835e-06, 2.7280282211e-06, 1.27116454678e-05, 4.32698561781e-06, 1.46058164319e-06, 4.02007088951e-07, 3.89920927546e-07, 2.03129985721e-07, 5.16144780249e-07, 4.11719298654e-07, 1.24936860857e-07, 1.67353348957e-07, 1.59528937616e-07, 4.39319904899e-08, 6.23382945264e-08, 4.93801444179e-08, 3.15398871464e-08, 5.23463050683e-08, 5.80522403482e-08, 2.70033631011e-08, 4.14152019346e-08, 3.15410133567e-08, 2.27585505996e-08, 1.97227478793e-08, 1.52534926912e-08, 6.9377708023e-09, 5.41435651868e-09, 6.41600639284e-09, 4.09980716043e-09, 3.58273921641e-09, 3.611783983e-09, 3.61420116057e-09, 3.36879568685e-09, 3.17970960673e-09, 1.96253924223e-09],
        "stdev": [0.00074349087663, 0.00129102671053, 0.00334188900888, 0.00204472290352, 0.00138913758565, 0.00132443220355, 0.000921592989471, 0.000889066257514, 0.0010451200651, 0.000744774122722, 0.000490267411806, 0.000175305744051, 0.000170074199559, 0.000191248211195, 0.00025706703309, 5.21898182342e-05, 4.07121879107e-05, 2.43991762545e-05, 2.25420299103e-05, 8.47773753776e-06, 8.75113073562e-06, 1.27394796436e-05, 4.05580522056e-06, 5.10790687258e-06, 2.39156379394e-05, 7.79798301664e-06, 1.63569420693e-05, 1.03198990473e-05, 1.3501414287e-05, 7.72973999119e-06, 5.41187318959e-06, 4.75864953842e-06, 3.84614349969e-06, 4.48225682703e-06, 3.60910121344e-06, 2.54537508226e-06, 4.00571889259e-06, 6.75538012729e-06, 3.02412695419e-06, 8.28308770906e-07]
    },
    "melbands128": {
        "max": [0.00130647490732, 0.0056472402066, 0.00912659056485, 0.0114791225642, 0.00953314173967, 0.024963779375, 0.0312921702862, 0.045016400516, 0.0275019388646, 0.021570160985, 0.0165533516556, 0.0143300890923, 0.018947603181, 0.0166420210153, 0.0180171132088, 0.0168922692537, 0.0207593366504, 0.0109136886895, 0.0139741636813, 0.0101288696751, 0.0136011568829, 0.00889559835196, 0.0131889488548, 0.0126790050417, 0.00754209468141, 0.0183246023953, 0.0171033125371, 0.00991948042065, 0.00279324455187, 0.0016045186203, 0.00448143621907, 0.00337465573102, 0.00410458538681, 0.00344675779343, 0.00265088467859, 0.00295982440002, 0.00692781154066, 0.0062059010379, 0.00150632683653, 0.000907684327103, 0.000779033754952, 0.00109182449523, 0.000628933834378, 0.00066028139554, 0.000571005570237, 0.00070945819607, 0.000552684592549, 0.000587558082771, 0.000423354038503, 0.000145400394103, 0.000161892108736, 0.000104129831016, 0.000127708990476, 0.000197773479158, 0.000272188655799, 0.000206918441108, 0.000205635282327, 6.52820453979e-05, 7.14731068001e-05, 0.000122955665574, 6.62212842144e-05, 0.000107336098154, 0.000794062390924, 0.000459134957055, 0.000123116769828, 7.14837369742e-05, 0.000199821864953, 0.000383767153835, 0.000452501175459, 0.000381157529773, 0.000173695938429, 0.000225265059271, 0.000327685818775, 0.000346396962414, 0.000373507762561, 0.000222024944378, 0.000107994565042, 8.38175401441e-05, 0.000116009672638, 7.50496110413e-05, 0.00012164007785, 0.000137123381137, 4.82144678244e-05, 5.9919886553e-05, 5.76188467676e-05, 8.82491076482e-05, 7.51531260903e-05, 6.2097897171e-05, 0.000117750976642, 3.49548499798e-05, 2.75024522125e-05, 5.34104947292e-05, 5.44224931218e-05, 5.17448243045e-05, 7.06990249455e-05, 0.000141830721986, 0.000227908036322, 0.000105057661131, 7.74717118475e-05, 7.01253520674e-05, 1.93285086425e-05, 1.08328149508e-05, 1.16509299914e-05, 5.02244711242e-06, 2.88850378638e-06, 3.31953924615e-06, 1.54978317823e-06, 6.92129674462e-07, 8.93633284704e-07, 4.83873520807e-07, 5.32190142621e-07, 6.25926418252e-07, 3.78153401925e-07, 3.66172287158e-07, 2.21342759232e-07, 3.03996827711e-08, 3.33696412724e-08, 2.84420487162e-08, 2.76159894952e-08, 2.68651199065e-08, 2.61638053445e-08, 2.55726053666e-08, 2.50970160209e-08, 2.45759625983e-08, 2.41991813255e-08, 2.3894250134e-08, 2.36850166146e-08, 2.35611068433e-08],
        "mean": [8.68649876793e-05, 0.000509644683916, 0.00121306371875, 0.00145712972153, 0.00114983925596, 0.00134592747781, 0.00245626084507, 0.00328666693531, 0.00290543120354, 0.00162695546169, 0.000653237570077, 0.000576259335503, 0.00138944305945, 0.00173376663588, 0.00132669706363, 0.00117692921776, 0.00117668753956, 0.000716457027011, 0.000890390772838, 0.000726574682631, 0.000829827331472, 0.000459301663795, 0.00109187420458, 0.000959467666689, 0.000314222910674, 0.000485344702611, 0.000203419564059, 0.000161676027346, 7.56397421355e-05, 5.84973968216e-05, 0.000105619954411, 8.73155222507e-05, 6.12629301031e-05, 7.98114779172e-05, 5.03507253597e-05, 8.07669348433e-05, 0.000144369085319, 0.000131103690364, 3.29410468112e-05, 2.90191928798e-05, 3.65135820175e-05, 1.2788346794e-05, 2.1462334189e-05, 3.22116538882e-05, 1.12447678475e-05, 9.06584318727e-06, 8.28922202345e-06, 1.74504129973e-05, 9.5816603789e-06, 3.85207295039e-06, 6.17959904048e-06, 4.56615543953e-06, 2.62828234554e-06, 6.57661848891e-06, 1.13276173579e-05, 9.75049442786e-06, 7.0630017035e-06, 1.90098842268e-06, 2.58188629232e-06, 3.8600278458e-06, 2.16529838326e-06, 2.77812091554e-06, 9.51529273152e-06, 5.91286743656e-06, 2.68309304374e-06, 2.76934338217e-06, 4.28117027695e-06, 6.91230661687e-06, 6.22572724751e-06, 4.10821712649e-06, 3.15510760629e-06, 3.33435150424e-06, 3.21156244354e-06, 2.74557623925e-06, 2.51648953054e-06, 2.18638683691e-06, 1.65584697243e-06, 1.57017416313e-06, 1.44477417052e-06, 1.2517682535e-06, 1.25939345708e-06, 1.27095745484e-06, 1.21959760691e-06, 1.14903855319e-06, 1.10863072678e-06, 1.16456510568e-06, 1.07390235371e-06, 1.02818410141e-06, 9.82621259027e-07, 5.6786393543e-07, 6.21282481461e-07, 7.53092479044e-07, 7.85078498211e-07, 7.9225327454e-07, 1.03842694443e-06, 1.20521337976e-06, 1.0832721955e-06, 6.11299242337e-07, 4.59400865793e-07, 3.78254611633e-07, 2.07628303883e-07, 1.41656414598e-07, 1.24079974739e-07, 9.21362470763e-08, 6.88176413632e-08, 5.5400573018e-08, 4.71031675886e-08, 3.58941747436e-08, 3.21364623801e-08, 2.33287824614e-08, 1.85944344366e-08, 1.28688046885e-08, 9.42482270005e-09, 6.2342055962e-09, 2.7465487662e-09, 1.86990381512e-10, 1.20263979331e-10, 3.18892759421e-11, 3.03551662972e-11, 2.95616656154e-11, 2.88021793915e-11, 2.81963081356e-11, 2.77119958925e-11, 2.71476122832e-11, 2.65391875143e-11, 2.58566900529e-11, 2.54339362071e-11, 2.5271746501e-11],
        "min": [4.72397276852e-09, 3.4572057217e-08, 2.18498385607e-07, 9.08691788482e-07, 1.33059950258e-06, 1.06648587916e-06, 1.18927323456e-06, 2.80611402559e-07, 1.1621430076e-06, 8.07356968835e-07, 5.75745218612e-07, 1.90665048194e-07, 1.24748225971e-07, 1.21414052501e-06, 8.18880380393e-07, 2.18771120331e-07, 2.33935406868e-06, 1.24562689052e-06, 3.09063557324e-06, 8.1275611592e-06, 5.65676884889e-07, 4.8971344313e-07, 6.65028437652e-07, 7.42526822251e-07, 2.37108537249e-07, 1.64973798178e-07, 7.25152560221e-08, 4.02425754942e-08, 2.49931275675e-07, 1.35269857537e-07, 1.39043663694e-07, 1.0211981305e-07, 3.22979474277e-08, 7.34211846876e-09, 3.76815840752e-08, 6.03844938496e-08, 3.25836310822e-07, 3.83560418982e-08, 4.27655173496e-08, 7.55821574216e-08, 4.49834942629e-08, 5.67942350926e-08, 3.64114072227e-08, 3.56936382673e-08, 3.55906379923e-08, 2.84156378427e-08, 2.4567652801e-08, 2.82005689911e-08, 1.92300024793e-08, 1.73877641174e-08, 1.12821822995e-08, 4.29331699081e-08, 1.88859612393e-08, 8.04842237301e-09, 2.10905888309e-08, 1.09957163374e-08, 2.22476543854e-08, 7.88316789624e-09, 3.45158923665e-08, 4.49453061435e-08, 1.28506236763e-08, 1.09798579118e-08, 1.31572326367e-08, 1.7023783272e-08, 2.00917789073e-08, 2.82714758271e-08, 2.11194262079e-08, 1.97695673165e-08, 2.81717564832e-08, 1.07698605589e-08, 6.6069061333e-09, 1.38374423031e-08, 1.31308990348e-08, 5.62415225502e-09, 1.48368153319e-08, 8.41754044245e-09, 1.03629087533e-08, 3.40306471891e-09, 2.08850825523e-09, 2.47913289897e-09, 3.67374730637e-09, 4.95734209238e-09, 3.45749651132e-09, 3.26016857954e-09, 3.71595954007e-09, 3.93342292071e-09, 4.30995106271e-09, 3.69587493942e-09, 2.82406475982e-09, 2.05373429374e-09, 2.68559263716e-09, 4.44743708528e-09, 3.1558378133e-09, 2.42348519031e-09, 2.84298806719e-09, 2.67066102566e-09, 1.80770676206e-10, 4.44425785062e-09, 2.37327890673e-09, 1.95951788129e-09, 2.07519335049e-09, 1.43086419449e-11, 1.21857235413e-09, 1.67877445278e-09, 2.38950148557e-09, 1.90913285181e-09, 1.64889457643e-09, 1.00075037146e-09, 1.03225084036e-09, 3.1114935628e-10, 4.74000561024e-10, 1.21289055188e-11, 6.48731773596e-13, 5.29055152552e-13, 4.37413478918e-13, 3.65157285919e-13, 4.53397736022e-13, 4.92974964236e-13, 3.14590421855e-13, 4.09423796949e-13, 3.893271339e-13, 3.99376386996e-13, 4.45506289195e-13, 4.28028137022e-13, 3.30341250231e-13, 1.23559758887e-13, 1.39673810237e-14, 6.7547822931e-16],
        "stdev": [0.000112031499157, 0.000539896660484, 0.00124961906113, 0.00142103480175, 0.00107933487743, 0.00201123557054, 0.00442547723651, 0.00520780589432, 0.00431689340621, 0.00304245413281, 0.00128818245139, 0.00105577649083, 0.00228332076222, 0.00228252867237, 0.00204669195227, 0.00167356361635, 0.00180517497938, 0.00100423383992, 0.00136865407694, 0.00102397007868, 0.00153307896107, 0.000828472024295, 0.00153591413982, 0.00167962990236, 0.000581974047236, 0.0014479230158, 0.00097374006873, 0.000648201035801, 0.000212832659599, 0.000142640681588, 0.000308170187054, 0.000235444895225, 0.000237394240685, 0.000231085869018, 0.000189942948055, 0.000242835187237, 0.000478360510897, 0.0004475696187, 0.000103182486782, 8.03732473287e-05, 7.16217546142e-05, 5.09998280904e-05, 5.18045526405e-05, 6.88421423547e-05, 3.24491302308e-05, 3.64204897778e-05, 2.56921593973e-05, 4.01255892939e-05, 2.52037407336e-05, 1.07966370706e-05, 1.33280809678e-05, 7.62425543144e-06, 7.58388068789e-06, 1.29788195409e-05, 2.41002035182e-05, 1.91470608115e-05, 1.63063905347e-05, 3.93443588109e-06, 4.68973985335e-06, 7.78763660492e-06, 4.74450280308e-06, 6.71286443321e-06, 4.27931372542e-05, 2.58499112533e-05, 8.21760750114e-06, 6.09217750025e-06, 1.19428386824e-05, 2.29772576859e-05, 2.2249909307e-05, 1.45983713082e-05, 1.09124612209e-05, 1.20140957733e-05, 1.4055187421e-05, 1.50444102474e-05, 1.4371985344e-05, 8.76510512171e-06, 6.25312895863e-06, 5.91702109887e-06, 6.27414738119e-06, 4.93702737003e-06, 5.16460113431e-06, 5.67132292417e-06, 3.77465539714e-06, 3.97120038542e-06, 4.02689965995e-06, 5.04448689753e-06, 4.70491477245e-06, 4.13705311075e-06, 5.19597006132e-06, 2.04845855478e-06, 2.12313420889e-06, 3.07078721562e-06, 3.30654938807e-06, 3.36955599778e-06, 5.16706040798e-06, 7.80440768722e-06, 8.4926650743e-06, 4.17687533627e-06, 3.15431839226e-06, 2.73087243841e-06, 1.00852719243e-06, 6.19769878085e-07, 5.43349472082e-07, 3.08074419308e-07, 1.66355590636e-07, 1.4492253797e-07, 1.07856727993e-07, 6.71719888601e-08, 6.14193993442e-08, 3.90668404293e-08, 3.44719772727e-08, 2.957220957e-08, 2.40429880449e-08, 2.26981349272e-08, 1.15167537729e-08, 1.15321874272e-09, 1.32164656996e-09, 7.67195862394e-10, 7.44844796952e-10, 7.24644122485e-10, 7.05810798696e-10, 6.89933721265e-10, 6.77113365377e-10, 6.63086807684e-10, 6.5292254936e-10, 6.44767017555e-10, 6.39124919655e-10, 6.35782759772e-10]
    },
    "mfcc": {
        "mean": [-656.698181152, 163.258026123, 23.673456192, 19.1652297974, -6.93163919449, -4.69284677505, -8.30685710907, -0.929125666618, -9.93403816223, 3.75676369667, 2.11915707588, 5.98489522934, 1.93870568275],
        "cov": [[1533.82092285, -772.886779785, -377.187469482, -185.392593384, -336.114074707, 23.5605125427, 144.421661377, 7.3458480835, -4.09419584274, 51.0927772522, -14.0550489426, 36.7987518311, -7.79005002975], [-772.886779785, 831.475097656, 66.8848571777, 26.5254020691, 224.643341064, -19.2578353882, -72.1643295288, 44.7121925354, -29.6740341187, -37.9106674194, -7.79149436951, -100.537055969, -20.6708602905], [-377.187469482, 66.8848571777, 521.361572266, 177.443374634, 121.376228333, 44.9560699463, -67.9275512695, -62.0800743103, -24.2654972076, -66.9871292114, -14.8699359894, 16.3682918549, -3.75758695602], [-185.392593384, 26.5254020691, 177.443374634, 237.467254639, 135.621307373, 32.9935493469, -43.9853134155, -30.7203731537, 0.70924115181, -33.8701782227, -14.5459527969, -3.45610141754, -9.55713558197], [-336.114074707, 224.643341064, 121.376228333, 135.621307373, 286.700469971, 60.1920127869, -73.979385376, -26.0405387878, 8.1974067688, -35.4699707031, -31.6747093201, -8.64977931976, -14.2574634552], [23.5605125427, -19.2578353882, 44.9560699463, 32.9935493469, 60.1920127869, 119.862167358, 20.0820522308, -15.5872278214, 5.69260311127, -19.1317558289, -17.9325332642, -5.82386255264, -4.06144571304], [144.421661377, -72.1643295288, -67.9275512695, -43.9853134155, -73.979385376, 20.0820522308, 167.547805786, 44.5083503723, -11.0765419006, 28.4638080597, -1.28390908241, -5.25026798248, 0.122139774263], [7.3458480835, 44.7121925354, -62.0800743103, -30.7203731537, -26.0405387878, -15.5872278214, 44.5083503723, 102.568000793, 13.3332195282, 10.1820220947, 12.8366374969, -18.8777084351, 7.05963850021], [-4.09419584274, -29.6740341187, -24.2654972076, 0.70924115181, 8.1974067688, 5.69260311127, -11.0765419006, 13.3332195282, 93.7741622925, 31.3147296906, -9.50822257996, -6.79948091507, -17.2972679138], [51.0927772522, -37.9106674194, -66.9871292114, -33.8701782227, -35.4699707031, -19.1317558289, 28.4638080597, 10.1820220947, 31.3147296906, 93.5193405151, 22.6081161499, -8.29130744934, -11.0725498199], [-14.0550489426, -7.79149436951, -14.8699359894, -14.5459527969, -31.6747093201, -17.9325332642, -1.28390908241, 12.8366374969, -9.50822257996, 22.6081161499, 81.4492111206, 24.2092380524, 1.34249806404], [36.7987518311, -100.537055969, 16.3682918549, -3.45610141754, -8.64977931976, -5.82386255264, -5.25026798248, -18.8777084351, -6.79948091507, -8.29130744934, 24.2092380524, 109.964248657, 42.7578430176], [-7.79005002975, -20.6708602905, -3.75758695602, -9.55713558197, -14.2574634552, -4.06144571304, 0.122139774263, 7.05963850021, -17.2972679138, -11.0725498199, 1.34249806404, 42.7578430176, 86.6856689453]],
        "icov": [[0.00194186775479, 0.00162606174126, 0.00105253339279, 0.000335992168402, 0.000725956342649, -0.00093460601056, 0.000186635108548, -0.000473588559544, 0.00122211826965, 2.81477787212e-05, 0.000978688825853, 0.000127158215037, 0.000928418070544], [0.00162606174126, 0.00366172729991, 0.000579819956329, 0.00149242428597, -0.00197378685698, 0.000559055595659, 0.000263149122475, -0.00124459632207, 0.00167390168644, 0.000712013395969, -0.000211428530747, 0.00257536093704, 0.000169445644133], [0.00105253339279, 0.000579819956329, 0.00346156442538, -0.00172571104486, 0.000704821140971, -0.00110293272883, 0.000453794316854, 0.000631981063634, 0.000940619385801, 0.000958918419201, 0.000492200430017, -0.000543898437172, 0.000775611260906], [0.000335992168402, 0.00149242428597, -0.00172571104486, 0.00781102711335, -0.00390707887709, 0.000895437551662, -0.000413672998548, 0.000373805989511, -0.000290860160021, 0.00129908218514, -0.00108434946742, 0.0019777296111, -0.000308905611746], [0.000725956342649, -0.00197378685698, 0.000704821140971, -0.00390707887709, 0.00928737968206, -0.00467987265438, 0.00280398968607, -0.000649572291877, 0.00047720017028, -0.00139184412546, 0.00352607062086, -0.00344345346093, 0.00211289711297], [-0.00093460601056, 0.000559055595659, -0.00110293272883, 0.000895437551662, -0.00467987265438, 0.0127307111397, -0.00424961885437, 0.002910268493, -0.00292678712867, 0.00353319966234, -0.0018172415439, 0.00280053797178, -0.00178996881004], [0.000186635108548, 0.000263149122475, 0.000453794316854, -0.000413672998548, 0.00280398968607, -0.00424961885437, 0.010134216398, -0.00533697661012, 0.00418005604297, -0.00430345814675, 0.00343889486976, -0.00190351752099, 0.0019060758641], [-0.000473588559544, -0.00124459632207, 0.000631981063634, 0.000373805989511, -0.000649572291877, 0.002910268493, -0.00533697661012, 0.0153651479632, -0.00527913868427, 0.00345787149854, -0.00482625886798, 0.00396839808673, -0.0039794226177], [0.00122211826965, 0.00167390168644, 0.000940619385801, -0.000290860160021, 0.00047720017028, -0.00292678712867, 0.00418005604297, -0.00527913868427, 0.0163862332702, -0.007013481576, 0.0053757512942, -0.00220863916911, 0.00426311092451], [2.81477787212e-05, 0.000712013395969, 0.000958918419201, 0.00129908218514, -0.00139184412546, 0.00353319966234, -0.00430345814675, 0.00345787149854, -0.007013481576, 0.0174274630845, -0.00663303490728, 0.00368430837989, -0.000869808078278], [0.000978688825853, -0.000211428530747, 0.000492200430017, -0.00108434946742, 0.00352607062086, -0.0018172415439, 0.00343889486976, -0.00482625886798, 0.0053757512942, -0.00663303490728, 0.0185920000076, -0.0070126648061, 0.00421882374212], [0.000127158215037, 0.00257536093704, -0.000543898437172, 0.0019777296111, -0.00344345346093, 0.00280053797178, -0.00190351752099, 0.00396839808673, -0.00220863916911, 0.00368430837989, -0.0070126648061, 0.0168559141457, -0.00811134371907], [0.000928418070544, 0.000169445644133, 0.000775611260906, -0.000308905611746, 0.00211289711297, -0.00178996881004, 0.0019060758641, -0.0039794226177, 0.00426311092451, -0.000869808078278, 0.00421882374212, -0.00811134371907, 0.0169195365161]]
    },
    "spectral_contrast_coeffs": {
        "max": [-0.4152546525, -0.494191706181, -0.520615518093, -0.612449944019, -0.612376213074, -0.653837263584],
        "mean": [-0.662838757038, -0.671147823334, -0.724671602249, -0.771331965923, -0.786434292793, -0.789332926273],
        "min": [-0.876200914383, -0.878832876682, -0.905769705772, -0.900378704071, -0.878913879395, -0.892841875553],
        "stdev": [0.0796917378902, 0.0613028593361, 0.0630147904158, 0.0428050756454, 0.0366227328777, 0.0324178151786]
    },
    "spectral_contrast_valleys": {
        "max": [-5.02860498428, -4.6351313591, -5.63595533371, -6.83756351471, -6.34942054749, -7.68375921249],
        "mean": [-6.30136537552, -6.15182638168, -7.60411977768, -8.30238056183, -8.1846113205, -10.57791996],
        "min": [-8.52186107635, -7.62534093857, -9.19297599792, -9.72621631622, -9.75207901001, -12.2366962433],
        "stdev": [0.535558104515, 0.48436626792, 0.601202428341, 0.471658378839, 0.564009666443, 0.583933830261]
    }
},
"rhythm": {
    "beats_count": 72,
    "beats_loudness": {
        "max": 0.104042075574,
        "mean": 0.0454396903515,
        "min": 0.0188528113067,
        "stdev": 0.0159131027758
    },
    "bpm": 135.81060791,
    "bpm_histogram_first_peak_bpm": 136,
    "bpm_histogram_first_peak_weight": 0.338461518288,
    "bpm_histogram_second_peak_bpm": 129,
    "bpm_histogram_second_peak_spread": 0.333333313465,
    "bpm_histogram_second_peak_weight": 0.0563380271196,
    "danceability": 1.08513438702,
    "onset_rate": 2.49169898033,
    "beats_loudness_band_ratio": {
        "max": [0.884062588215, 0.704004645348, 0.767166614532, 0.418313711882, 0.131868943572, 0.246533617377],
        "mean": [0.343840897083, 0.292655020952, 0.351154744625, 0.0634480044246, 0.0167650412768, 0.0140607636422],
        "min": [0.0131913702935, 0.0303685273975, 0.0268607381731, 0.00102901167702, 0.000810700061265, 0.000391244975617],
        "stdev": [0.223391279578, 0.161922067404, 0.2101354599, 0.0868772193789, 0.021523822099, 0.0323964692652]
    },
    "beats_position": [0.441179126501, 0.905578196049, 1.369977355, 1.83437633514, 2.29877543449, 2.77478456497, 3.25079369545, 3.70358276367, 4.15637159348, 4.59755086899, 5.0387301445, 5.47990942001, 5.92108821869, 6.3622674942, 6.80344676971, 7.24462556839, 7.6858048439, 8.12698364258, 8.56816291809, 8.99773216248, 9.42730140686, 9.86848068237, 10.3096599579, 10.7508392334, 11.1920175552, 11.6331968307, 12.0627660751, 12.4923353195, 12.933514595, 13.3746938705, 13.8158731461, 14.2570514679, 14.6982307434, 15.1394100189, 15.5805892944, 16.0217685699, 16.4629478455, 16.9157371521, 17.3569164276, 17.7980957031, 18.2276649475, 18.6688423157, 19.1100215912, 19.5628108978, 20.0156002045, 20.45677948, 20.8979587555, 21.3275279999, 21.7570972443, 22.1982765198, 22.6510658264, 23.1038551331, 23.5450344086, 23.9978218079, 24.4506111145, 24.9034004211, 25.3445796967, 25.7857589722, 26.2269382477, 26.6681175232, 27.1209068298, 27.5736961365, 28.0264854431, 28.4676647186, 28.9088420868, 29.3500213623, 29.7912006378, 30.2207698822, 30.6619491577, 31.1031284332, 31.5443077087, 31.9738769531],
