{
"metadata": {
    "version": {
        "essentia": "2.1-beta5",
        "essentia_git_sha": "Undefined",
        "extractor": "music 2.0"
    },
    "audio_properties": {
        "analysis": {
            "equal_loudness": 0,
            "length": 32.1015892029,
            "sample_rate": 44100,
            "start_time": 158.987030029,
            "downmix": "mix"
        },
        "bit_rate": 192000,
        "length": 191.111846924,
        "lossless": 0,
        "number_channels": 2,
        "replay_gain": -1.75535011292,
        "sample_rate": 48000,
        "codec": "mp3",
        "md5_encoded": "262cae0bc9a82422dd80218860109554"
    },
    "tags": {
        "file_name": "Portugal_Chamar A Música_Sara Tavares.mp3",
        "encoding": ["Lavf58.29.100"]
    }
},
"lowlevel": {
    "average_loudness": 0.641183674335,
    "barkbands_crest": {
        "max": 25.5895614624,
        "mean": 9.47220611572,
        "min": 2.94027543068,
        "stdev": 5.20223093033
    },
    "barkbands_flatness_db": {
        "max": 0.377748042345,
        "mean": 0.132872447371,
        "min": 0.0244060121477,
        "stdev": 0.0610426366329
    },
    "barkbands_kurtosis": {
        "max": 34.2579307556,
        "mean": 2.11624717712,
        "min": -1.80194103718,
        "stdev": 3.29444909096
    },
    "barkbands_skewness": {
        "max": 4.80577087402,
        "mean": -0.364997565746,
        "min": -2.32860565186,
        "stdev": 1.30839812756
    },
    "barkbands_spread": {
        "max": 61.9460945129,
        "mean": 21.4881286621,
        "min": 1.26069736481,
        "stdev": 8.69652366638
    },
    "dissonance": {
        "max": 0.499999940395,
        "mean": 0.470545113087,
        "min": 0.304946541786,
        "stdev": 0.032666221261
    },
    "dynamic_complexity": 5.79977464676,
    "erbbands_crest": {
        "max": 31.0668106079,
        "mean": 9.62594032288,
        "min": 2.45914578438,
        "stdev": 6.83925580978
    },
    "erbbands_flatness_db": {
        "max": 0.432704716921,
        "mean": 0.185183465481,
        "min": 0.0821117907763,
        "stdev": 0.0780725628138
    },
    "erbbands_kurtosis": {
        "max": 23.6107463837,
        "mean": 1.22108471394,
        "min": -1.82211995125,
        "stdev": 2.72143554688
    },
    "erbbands_skewness": {
        "max": 4.52440309525,
        "mean": 0.053423281759,
        "min": -2.2918202877,
        "stdev": 0.937609493732
    },
    "erbbands_spread": {
        "max": 85.5084228516,
        "mean": 27.1487388611,
        "min": 2.58936834335,
        "stdev": 12.5619573593
    },
    "hfc": {
        "max": 100.024589539,
        "mean": 15.3946752548,
        "min": 1.04713925326e-16,
        "stdev": 18.8289928436
    },
    "loudness_ebu128": {
        "integrated": -21.8511657715,
        "loudness_range": 7.63155937195,
        "momentary": {
            "max": -19.0000724792,
            "mean": -113.85710907,
            "min": -300.691009521,
            "stdev": 128.340881348
        },
        "short_term": {
            "max": -20.584482193,
            "mean": -98.2803115845,
            "min": -300.691009521,
            "stdev": 120.326560974
        }
    },
    "melbands_crest": {
        "max": 31.8417339325,
        "mean": 8.89406871796,
        "min": 1.53323292732,
        "stdev": 6.58765506744
    },
    "melbands_flatness_db": {
        "max": 0.361509799957,
        "mean": 0.125359117985,
        "min": 0.00227877520956,
        "stdev": 0.0971388965845
    },
    "melbands_kurtosis": {
        "max": 68.83618927,
        "mean": 1.61420917511,
        "min": -1.67082083225,
        "stdev": 5.66661262512
    },
    "melbands_skewness": {
        "max": 7.44689130783,
        "mean": 0.606110036373,
        "min": -1.13518118858,
        "stdev": 1.01981401443
    },
    "melbands_spread": {
        "max": 159.607131958,
        "mean": 65.6113586426,
        "min": 2.12213373184,
        "stdev": 50.2805137634
    },
    "pitch_salience": {
        "max": 0.89256477356,
        "mean": 0.619573533535,
        "min": 0.191001027822,
        "stdev": 0.172627687454
    },
    "silence_rate_20dB": {
        "max": 1,
        "mean": 1,
        "min": 1,
        "stdev": 0
    },
    "silence_rate_30dB": {
        "max": 1,
        "mean": 1,
        "min": 1,
        "stdev": 0
    },
    "silence_rate_60dB": {
        "max": 1,
        "mean": 0.403179198503,
        "min": 0,
        "stdev": 0.490537911654
    },
    "spectral_centroid": {
        "max": 11789.8779297,
        "mean": 4715.19873047,
        "min": 544.704162598,
        "stdev": 4426.33789062
    },
    "spectral_complexity": {
        "max": 47,
        "mean": 11.0404624939,
        "min": 0,
        "stdev": 9.75506210327
    },
    "spectral_decrease": {
        "max": 1.98888883501e-28,
        "mean": -3.3844558267e-09,
        "min": -2.09725872224e-08,
        "stdev": 3.57460927525e-09
    },
    "spectral_energy": {
        "max": 0.0882278680801,
        "mean": 0.0141700813547,
        "min": 9.91403267567e-21,
        "stdev": 0.0149871027097
    },
    "spectral_energyband_high": {
        "max": 0.00983450841159,
        "mean": 0.000402681325795,
        "min": 7.04067703072e-21,
        "stdev": 0.000895629404113
    },
    "spectral_energyband_low": {
        "max": 0.0387561954558,
        "mean": 0.00141102611087,
        "min": 1.38794996009e-23,
        "stdev": 0.00242787902243
    },
    "spectral_energyband_middle_high": {
        "max": 0.0860852524638,
        "mean": 0.00851877592504,
        "min": 1.15219574837e-21,
        "stdev": 0.0111393844709
    },
    "spectral_energyband_middle_low": {
        "max": 0.0630393698812,
        "mean": 0.00426392816007,
        "min": 1.37838688333e-22,
        "stdev": 0.00679629668593
    },
    "spectral_entropy": {
        "max": 9.82680702209,
        "mean": 8.12905693054,
        "min": 5.94983148575,
        "stdev": 1.23861682415
    },
    "spectral_flux": {
        "max": 0.222928836942,
        "mean": 0.0457186028361,
        "min": 6.18967863075e-11,
        "stdev": 0.0476276315749
    },
    "spectral_kurtosis": {
        "max": 20.6386566162,
        "mean": 2.95745158195,
        "min": -1.29038798809,
        "stdev": 3.77995967865
    },
    "spectral_rms": {
        "max": 0.00927771348506,
        "mean": 0.00280997459777,
        "min": 3.11002027083e-12,
        "stdev": 0.00243483763188
    },
    "spectral_rolloff": {
        "max": 19767.4804688,
        "mean": 7593.50292969,
        "min": 215.33203125,
        "stdev": 8082.99755859
    },
    "spectral_skewness": {
        "max": 2.7824242115,
        "mean": 0.947377800941,
        "min": -0.102960124612,
        "stdev": 0.732289910316
    },
    "spectral_spread": {
        "max": 43162044,
        "mean": 15519125,
        "min": 1946315.25,
        "stdev": 17462734
    },
    "spectral_strongpeak": {
        "max": 13.0863704681,
        "mean": 1.73086774349,
        "min": 0,
        "stdev": 2.46880865097
    },
    "zerocrossingrate": {
        "max": 0.8740234375,
        "mean": 0.218338623643,
        "min": 0.0244140625,
        "stdev": 0.217785492539
    },
    "barkbands": {
        "max": [0.000456656998722, 0.0189582407475, 0.0265693813562, 0.0194971766323, 0.045150373131, 0.00690767774358, 0.0210926048458, 0.0150096248835, 0.0457107238472, 0.0626027286053, 0.0457863733172, 0.0202766451985, 0.0253775771707, 0.0369707457721, 0.0208158046007, 0.0170247741044, 0.0186659023166, 0.0105823138729, 0.0103626223281, 0.00765736307949, 0.00428979238495, 0.00501221558079, 0.00165447755717, 0.000437096809037, 0.000123805541079, 3.92261499655e-05, 2.60903243543e-06],
        "mean": [2.56727162196e-05, 0.000621732498985, 0.000597786798608, 0.000658139004372, 0.00129036884755, 0.000386342377169, 0.000823566748295, 0.00025628428557, 0.000525803421624, 0.00329892733134, 0.00103727180976, 0.00048377373605, 0.000593125121668, 0.0013650796609, 0.000450462219305, 0.000345763924997, 0.000344337138813, 0.000201690316317, 0.000354999880074, 0.00028912932612, 0.000149840969243, 3.38901772921e-05, 1.83335287147e-05, 1.30162843561e-05, 4.02110481446e-06, 7.1804407753e-07, 2.5241304602e-09],
        "min": [2.10153580531e-25, 1.3534902675e-24, 4.15349219576e-25, 5.71520506021e-25, 7.04978800814e-24, 8.52141197113e-24, 2.81312965841e-24, 7.76517993067e-24, 9.61085491365e-24, 4.90511580942e-24, 7.56862813639e-24, 1.08067688348e-23, 1.31594289444e-23, 2.35417961342e-23, 3.51461514647e-23, 3.8802688999e-23, 3.84315614975e-23, 8.02006357128e-23, 1.10057885016e-22, 1.43656808877e-22, 2.34985356333e-22, 2.58574165421e-22, 3.74073448878e-22, 4.87277841299e-22, 7.94034469608e-22, 1.19479928596e-21, 1.81964043372e-21],
        "stdev": [4.17304108851e-05, 0.00113101734314, 0.00138371484354, 0.00175666098949, 0.00335137196817, 0.000679300224874, 0.00179453624878, 0.000662042177282, 0.0028846883215, 0.00719859777018, 0.00440327916294, 0.00129386410117, 0.00193593674339, 0.00404437351972, 0.00148429383989, 0.00108302093577, 0.00157588394359, 0.000805850489996, 0.000848612049595, 0.00081343203783, 0.000371138274204, 0.000189927231986, 6.46478074486e-05, 3.14248427458e-05, 1.23746613099e-05, 2.83721556116e-06, 7.01247699908e-08]
    },
    "erbbands": {
        "max": [0.235984757543, 5.51485443115, 27.4353103638, 26.5065574646, 213.423873901, 95.2247085571, 43.1451759338, 86.5486450195, 324.340240479, 281.888214111, 312.254241943, 1260.79858398, 772.011535645, 2958.96533203, 1476.66357422, 388.218231201, 1089.18859863, 2084.59643555, 1569.61218262, 1210.20166016, 1085.41906738, 894.531799316, 709.661437988, 623.191589355, 315.085296631, 305.805603027, 233.281036377, 164.337646484, 199.865646362, 119.299171448, 30.4680461884, 13.0151052475, 5.46122407913, 1.790350914, 0.760301172733, 0.313414543867, 0.0369693823159, 0.00238678487949, 0.000405365804909, 0.000108038002509],
        "mean": [0.0131637901068, 0.162646844983, 0.645482718945, 1.31345593929, 4.60021305084, 3.48425006866, 2.75258827209, 3.74925589561, 11.2542524338, 8.80470943451, 5.96797084808, 13.1613416672, 68.4387893677, 79.679397583, 32.4585113525, 18.9826889038, 26.220451355, 62.2276573181, 44.2798156738, 24.1863365173, 17.4711933136, 18.0621204376, 12.4157648087, 15.9257068634, 15.1740217209, 11.9687299728, 10.9762392044, 3.20330572128, 1.36659049988, 0.734484612942, 0.497785538435, 0.355977684259, 0.169449582696, 0.062292534858, 0.0202262420207, 0.00567783182487, 0.000859427906107, 3.54435214831e-05, 9.98270297714e-06, 1.76716803253e-05],
        "min": [4.60167557129e-23, 3.1504042512e-22, 1.37901549819e-21, 3.24812823917e-21, 1.21367954208e-20, 1.2713307996e-20, 3.31703044549e-20, 7.34717975941e-20, 6.81366183524e-20, 1.62239974172e-19, 1.80458614239e-19, 2.20477935391e-19, 2.57278166868e-19, 5.27750743386e-19, 5.83621727283e-19, 7.68468004758e-19, 7.41993520567e-19, 1.45072290338e-18, 1.74416636305e-18, 2.98107600278e-18, 3.42079074076e-18, 3.67306118205e-18, 4.22060139441e-18, 4.61478976583e-18, 5.52241121141e-18, 7.67747271951e-18, 7.73302534227e-18, 9.17751182081e-18, 8.53214302536e-18, 9.31594959531e-18, 1.08666634353e-17, 8.47322874059e-18, 9.30531536136e-18, 7.98070307e-18, 5.91718729465e-18, 3.53532072081e-18, 2.07928845527e-18, 8.77598098069e-19, 2.40627021137e-19, 2.56291750756e-20],
        "stdev": [0.0216277427971, 0.309744685888, 1.45133018494, 2.60275244713, 15.4404363632, 7.78200483322, 4.62881851196, 6.42841053009, 24.6339359283, 20.4441146851, 17.0863265991, 68.2034988403, 140.156524658, 210.417022705, 108.943016052, 39.2124824524, 69.3226318359, 217.517593384, 130.425628662, 69.3584289551, 59.7029876709, 74.1207046509, 51.2819099426, 44.7359619141, 32.0786857605, 28.9572582245, 26.2473125458, 9.33888149261, 7.36581850052, 4.07289648056, 1.49028372765, 0.900885641575, 0.385307133198, 0.176259815693, 0.0692997053266, 0.022062599659, 0.00328487530351, 0.000142480814247, 1.55189645739e-05, 1.88339836313e-05]
    },
    "gfcc": {
        "mean": [-458.030426025, 73.310256958, -112.004470825, 21.8356895447, -39.7443580627, 10.4059534073, -16.9954071045, 1.83803105354, -15.946395874, -1.52795231342, -1.97105836868, -10.9822807312, 1.88112783432],
        "cov": [[335884.5, 33139.9882812, -44894.7578125, 9578.4140625, -15820.6445312, 3974.70605469, -6832.53710938, 450.59866333, -6576.47802734, -860.634216309, -763.412963867, -4854.07714844, 930.531982422], [33139.9882812, 4164.36035156, -4108.35449219, 961.994873047, -1394.52600098, 314.942687988, -592.618164062, -72.5920181274, -654.603515625, -159.089019775, -82.4141387939, -607.56628418, 115.498641968], [-44894.7578125, -4108.35449219, 6568.92138672, -1148.7512207, 2147.45654297, -540.013122559, 830.876647949, -148.560455322, 835.960144043, 141.096206665, 36.3167800903, 655.438049316, -203.259262085], [9578.4140625, 961.994873047, -1148.7512207, 453.187957764, -423.97958374, 69.5401535034, -243.737960815, -11.4691524506, -182.824630737, 14.6145915985, -1.4438021183, -123.940505981, 2.74294281006], [-15820.6445312, -1394.52600098, 2147.45654297, -423.97958374, 908.664428711, -221.077590942, 344.335113525, -47.6235427856, 286.203155518, 26.5730743408, 13.246386528, 192.364837646, -17.5690727234], [3974.70605469, 314.942687988, -540.013122559, 69.5401535034, -221.077590942, 214.673110962, -57.0283622742, -17.017999649, -92.8123779297, 14.4848947525, -13.8206529617, -48.1166267395, 4.36226177216], [-6832.53710938, -592.618164062, 830.876647949, -243.737960815, 344.335113525, -57.0283622742, 273.053466797, -11.3379545212, 127.456130981, -8.48355579376, 49.4527397156, 32.9322280884, 19.1279850006], [450.59866333, -72.5920181274, -148.560455322, -11.4691524506, -47.6235427856, -17.017999649, -11.3379545212, 134.212310791, 37.5471000671, -38.7821960449, -14.8503026962, 26.5109138489, 25.9588890076], [-6576.47802734, -654.603515625, 835.960144043, -182.824630737, 286.203155518, -92.8123779297, 127.456130981, 37.5471000671, 196.078704834, 19.3568210602, 41.2143363953, 123.123725891, -9.83930110931], [-860.634216309, -159.089019775, 141.096206665, 14.6145915985, 26.5730743408, 14.4848947525, -8.48355579376, -38.7821960449, 19.3568210602, 137.581420898, 76.1048812866, 42.4273872375, -36.7011947632], [-763.412963867, -82.4141387939, 36.3167800903, -1.4438021183, 13.246386528, -13.8206529617, 49.4527397156, -14.8503026962, 41.2143363953, 76.1048812866, 193.946243286, -1.64243757725, 14.0120325089], [-4854.07714844, -607.56628418, 655.438049316, -123.940505981, 192.364837646, -48.1166267395, 32.9322280884, 26.5109138489, 123.123725891, 42.4273872375, -1.64243757725, 175.967208862, -27.6946201324], [930.531982422, 115.498641968, -203.259262085, 2.74294281006, -17.5690727234, 4.36226177216, 19.1279850006, 25.9588890076, -9.83930110931, -36.7011947632, 14.0120325089, -27.6946201324, 75.7911529541]],
        "icov": [[0.00040417042328, -0.00101074832492, 0.00117732782383, -0.00107826164458, 0.00113568641245, -0.000497310713399, 0.000809410586953, -0.000946004933212, 0.00198380928487, -0.000503833114635, 0.000309086404741, -0.000120124415844, 9.86186641967e-05], [-0.00101074832492, 0.00364773510955, -0.00270793540403, 0.00192029215395, -0.0025670316536, 0.00125220650807, -0.0013730826322, 0.0033474501688, -0.00524037098512, 0.00186562584713, -0.000575914164074, 0.00213268073276, -0.000839240732603], [0.00117732782383, -0.00270793540403, 0.0047858254984, -0.00307620293461, 0.00157486624084, -0.00118009373546, 0.00172560894862, -0.00138550961856, 0.00437434064224, -0.000893102493137, 0.00105498358607, -0.00146731850691, 0.00249424716458], [-0.00107826164458, 0.00192029215395, -0.00307620293461, 0.00948000978678, -0.00282336259261, 0.00231042387895, 0.00122032349464, 0.00214772042818, -0.00416173133999, -0.000346809392795, -0.00153228349518, 0.00115078582894, -0.000116336617793], [0.00113568641245, -0.0025670316536, 0.00157486624084, -0.00282336259261, 0.0105222025886, 0.000996820279397, -0.00027494499227, -0.00108048261609, 0.00507101044059, -0.00309060281143, 0.00284256483428, 0.000158262104378, -0.00419059349224], [-0.000497310713399, 0.00125220650807, -0.00118009373546, 0.00231042387895, 0.000996820279397, 0.00838760193437, -0.00332066253759, 0.00259105861187, -0.000386150146369, -0.00166303094011, 0.00117798522115, -0.00140247016679, -0.000937676930334], [0.000809410586953, -0.0013730826322, 0.00172560894862, 0.00122032349464, -0.00027494499227, -0.00332066253759, 0.0156069435179, -0.00197343062609, 0.000882291642483, 0.000257073843386, -0.00206762785092, 0.00761836022139, -0.00299197831191], [-0.000946004933212, 0.0033474501688, -0.00138550961856, 0.00214772042818, -0.00108048261609, 0.00259105861187, -0.00197343062609, 0.0162975285202, -0.0114904548973, 0.00437855254859, 0.000900813436601, -0.00151773937978, -0.00285608740523], [0.00198380928487, -0.00524037098512, 0.00437434064224, -0.00416173133999, 0.00507101044059, -0.000386150146369, 0.000882291642483, -0.0114904548973, 0.0316997207701, -0.00178194674663, -0.00294041633606, -0.00826737657189, 0.00119699619245], [-0.000503833114635, 0.00186562584713, -0.000893102493137, -0.000346809392795, -0.00309060281143, -0.00166303094011, 0.000257073843386, 0.00437855254859, -0.00178194674663, 0.0164082795382, -0.00721822213382, -0.00392980780452, 0.00638767424971], [0.000309086404741, -0.000575914164074, 0.00105498358607, -0.00153228349518, 0.00284256483428, 0.00117798522115, -0.00206762785092, 0.000900813436601, -0.00294041633606, -0.00721822213382, 0.010182631202, 0.00223093503155, -0.00417245039716], [-0.000120124415844, 0.00213268073276, -0.00146731850691, 0.00115078582894, 0.000158262104378, -0.00140247016679, 0.00761836022139, -0.00151773937978, -0.00826737657189, -0.00392980780452, 0.00223093503155, 0.0205489937216, -0.00291733932681], [9.86186641967e-05, -0.000839240732603, 0.00249424716458, -0.000116336617793, -0.00419059349224, -0.000937676930334, -0.00299197831191, -0.00285608740523, 0.00119699619245, 0.00638767424971, -0.00417245039716, -0.00291733932681, 0.0237254742533]]
    },
    "melbands": {
        "max": [0.00335978204384, 0.0105123696849, 0.0103400321677, 0.0107873594388, 0.00128932518419, 0.00171767896973, 0.00492611899972, 0.00349990860559, 0.00471096904948, 0.00683344900608, 0.00400242535397, 0.0123220244423, 0.00518543832004, 0.00265171588399, 0.00160100089852, 0.002791747218, 0.00406697485596, 0.00307054561563, 0.00192201428581, 0.000846297363751, 0.00115149107296, 0.00135710951872, 0.00101055507548, 0.000592402531765, 0.000609160342719, 0.000442656251835, 0.000319453974953, 0.000271133205388, 0.000234889055719, 0.000144584555528, 0.000112742549391, 0.000123482153867, 8.0281533883e-05, 6.07247166045e-05, 1.8090931917e-05, 9.89903674053e-06, 7.85643260315e-06, 4.77169623991e-06, 1.94328208636e-06, 1.37627489494e-06],
        "mean": [0.000149559491547, 0.000290795142064, 0.000349741749233, 0.000301560125081, 0.000105144499685, 8.91489107744e-05, 0.000169499064214, 8.71339361765e-05, 5.21492693224e-05, 7.73733700044e-05, 0.000381499325158, 0.00037588304258, 0.000124390615383, 5.37274936505e-05, 5.53452664462e-05, 7.05113707227e-05, 0.000118871641462, 8.08360782685e-05, 3.26611771015e-05, 2.88779065158e-05, 1.87912301044e-05, 2.12414543057e-05, 1.09744769361e-05, 1.03463880805e-05, 1.32881359605e-05, 1.39122948895e-05, 8.19781780592e-06, 8.31391662359e-06, 8.67789640324e-06, 3.51549465449e-06, 1.23510358208e-06, 8.15259795672e-07, 5.1810337709e-07, 3.533593258e-07, 2.78498731632e-07, 2.75253171367e-07, 1.92454606918e-07, 1.32962540533e-07, 7.3889360408e-08, 4.43335821387e-08],
        "min": [3.61710079984e-25, 1.16224523913e-24, 6.78850209076e-25, 1.13072817521e-24, 1.04366958432e-24, 1.50975897827e-24, 9.92843966447e-25, 2.1716528194e-24, 1.53786106333e-24, 1.22569391339e-24, 9.29105188597e-25, 1.88079585934e-24, 2.02576029194e-24, 1.12608069979e-24, 2.10624047314e-24, 1.47718365744e-24, 2.10232496204e-24, 2.41373865121e-24, 3.04779723948e-24, 2.53297122994e-24, 2.74268812666e-24, 2.70298179907e-24, 2.66663306071e-24, 2.8105974149e-24, 3.38347727617e-24, 4.3983839072e-24, 3.78912572529e-24, 3.69968822573e-24, 3.92505671445e-24, 3.56514957606e-24, 4.36973287356e-24, 3.65592616701e-24, 4.54567567669e-24, 4.42504306706e-24, 5.29026570791e-24, 3.9729496433e-24, 5.20447826776e-24, 5.44593320806e-24, 6.19382146672e-24, 5.80586125126e-24],
        "stdev": [0.000252616184298, 0.000590893672779, 0.000897293211892, 0.000815658771899, 0.000175789129571, 0.000146659018355, 0.000368146313122, 0.000200960799702, 0.000215447813389, 0.000433062697994, 0.000797988031991, 0.000926860317122, 0.000495646847412, 0.000174641128979, 0.00013478238543, 0.000236984356889, 0.000423406512709, 0.000266312912572, 0.000112145215098, 8.35083774291e-05, 8.09581397334e-05, 0.00010022893548, 5.3024625231e-05, 4.03768572141e-05, 3.87478467019e-05, 3.45193802787e-05, 2.00214999495e-05, 2.33478604059e-05, 2.34791241382e-05, 9.36742344493e-06, 4.91983519169e-06, 4.68582857138e-06, 2.94934238809e-06, 1.98688780984e-06, 8.94558866094e-07, 7.03679745584e-07, 5.08028222157e-07, 3.14339132501e-07, 1.86616844644e-07, 1.37390713917e-07]
    },
    "melbands128": {
        "max": [0.000397978437832, 0.00132972130086, 0.00424724863842, 0.0114985471591, 0.014336287044, 0.0118012716994, 0.0044385548681, 0.0141193624586, 0.0292870141566, 0.0108185112476, 0.00470707053319, 0.00232757022604, 0.00164735119324, 0.00210145954043, 0.00247312290594, 0.00220477185212, 0.00463594635949, 0.00943704787642, 0.00636272039264, 0.00376980099827, 0.00524536659941, 0.00296897231601, 0.00159963732585, 0.015633624047, 0.0148652018979, 0.0128666004166, 0.00761968595907, 0.00709576578811, 0.0106623414904, 0.0146533623338, 0.0203661937267, 0.0151720512658, 0.00763071794063, 0.0100238267332, 0.00692683970556, 0.00249497545883, 0.00213220342994, 0.00336431292817, 0.00167538889218, 0.00599568802863, 0.00582403549924, 0.00806531868875, 0.00990471523255, 0.00287755904719, 0.0054249484092, 0.00707086268812, 0.00335503416136, 0.00267333467491, 0.00504394900054, 0.00278955651447, 0.00140682433266, 0.00223306729458, 0.00244157738052, 0.00190119200852, 0.00376453716308, 0.00229836930521, 0.00151883263607, 0.00157586019486, 0.00126398855355, 0.00170171470381, 0.000844353751745, 0.000828620686661, 0.00118157791439, 0.00142739864532, 0.00179066963028, 0.000646737462375, 0.00034308314207, 0.000467856589239, 0.000414930167608, 0.000243729009526, 0.000339622230968, 0.000787066470366, 0.000570504867937, 0.000484647374833, 0.000300531770336, 0.000239754619543, 0.000133236913825, 0.000174991684617, 0.000121172110084, 0.000106978324766, 0.000159527975484, 9.81550329016e-05, 0.000129931475385, 5.61381420994e-05, 8.59560313984e-05, 7.29659368517e-05, 5.87889371673e-05, 2.23981896852e-05, 1.96309047169e-05, 1.2123669876e-05, 1.07313626359e-05, 1.15678840302e-05, 1.08620179162e-05, 6.70822100801e-06, 9.70581550064e-06, 8.08144068287e-06, 4.635125606e-06, 2.72673833024e-06, 2.34818253375e-06, 2.71377439276e-06, 2.00151043828e-06, 1.63558274835e-06, 2.15389673031e-06, 1.74358149252e-06, 9.37971947224e-07, 8.2076991248e-07, 9.22001902381e-07, 6.80327161717e-07, 7.03257057921e-07, 3.64098610817e-07, 2.4292830858e-07, 1.55360226017e-07, 1.24312663274e-07, 8.33327504779e-08, 4.17387155949e-08, 1.44817891012e-08, 1.32584982993e-08, 1.25881189916e-08, 1.19881704563e-08, 1.15690665936e-08, 1.11950830828e-08, 1.0862820865e-08, 1.06093187568e-08, 1.03998551992e-08, 1.02689838855e-08, 1.01038812872e-08, 1.00193169317e-08, 9.95194948672e-09],
        "mean": [1.84347118193e-05, 7.81070339144e-05, 0.000209868172533, 0.000276711332845, 0.000335069955327, 0.000275809434243, 0.000191441271454, 0.000419249001425, 0.00053937145276, 0.000291320844553, 0.000166853904375, 0.000126539103803, 8.91599338502e-05, 7.53088024794e-05, 7.28135491954e-05, 7.89550540503e-05, 0.000190273567569, 0.000191509272554, 0.000149831976159, 8.4003630036e-05, 7.22771583241e-05, 4.34480643889e-05, 3.5115488572e-05, 8.12693033367e-05, 7.53225176595e-05, 9.00648010429e-05, 5.59250220249e-05, 0.000275230850093, 0.00090133206686, 0.000435248890426, 0.000192489693291, 0.000218644519919, 9.93618450593e-05, 9.10156668397e-05, 6.74153052387e-05, 3.45898442902e-05, 3.66016029147e-05, 8.11375648482e-05, 4.40432086179e-05, 3.91138819396e-05, 7.26819271222e-05, 0.000110482636956, 0.000165083823958, 7.93111903477e-05, 0.000107491920062, 9.67072628555e-05, 2.64575337496e-05, 3.39244033967e-05, 3.09423630824e-05, 3.54729309038e-05, 2.81553911918e-05, 2.60464385065e-05, 1.47628970808e-05, 1.381770835e-05, 3.0520324799e-05, 2.16536955122e-05, 1.59333540068e-05, 1.12369225462e-05, 6.96071083439e-06, 1.44025707414e-05, 1.07214136733e-05, 7.94159586803e-06, 8.35289665702e-06, 1.29548207042e-05, 2.55204104178e-05, 1.23288145915e-05, 9.35987191042e-06, 9.72707675828e-06, 8.26424002298e-06, 5.38168069397e-06, 5.44448130313e-06, 1.22500005091e-05, 1.2325206626e-05, 7.50368280933e-06, 5.29065118826e-06, 4.10643451687e-06, 2.33906894209e-06, 1.7038836404e-06, 1.02154217529e-06, 9.20692684758e-07, 9.36562514653e-07, 7.54241057166e-07, 5.75834064875e-07, 5.05693378727e-07, 4.62486326569e-07, 3.83819184435e-07, 3.14486982234e-07, 2.87621645612e-07, 2.64402700623e-07, 2.80485494386e-07, 2.92558752335e-07, 2.66977735919e-07, 2.66752493872e-07, 1.67755942471e-07, 1.749337315e-07, 1.60446475661e-07, 1.24727435491e-07, 9.33213470944e-08, 7.26983486743e-08, 6.78302498613e-08, 5.07070225808e-08, 4.1740637613e-08, 3.33746825731e-08, 2.97571691732e-08, 2.17185363027e-08, 1.59750346285e-08, 1.3008206956e-08, 1.10551061638e-08, 1.01439194822e-08, 7.33873983805e-09, 5.44014788773e-09, 3.21947690729e-09, 2.16337880943e-09, 7.63652807656e-10, 3.02008806852e-10, 4.44752221163e-11, 1.65707812055e-11, 1.16211033852e-11, 1.11318289656e-11, 1.07669324845e-11, 1.04243098528e-11, 1.01460168392e-11, 9.92659079935e-12, 9.72199924731e-12, 9.49874814221e-12, 9.17216302909e-12, 8.99921543535e-12, 8.92722788054e-12],
        "min": [4.83651576252e-26, 8.44053250306e-26, 2.47825978186e-25, 6.45982541327e-26, 2.8038919493e-25, 2.30060879905e-25, 3.41287309312e-25, 2.66331471731e-25, 3.24103995948e-25, 1.72028931384e-25, 2.81407811573e-25, 9.37996846616e-26, 3.71236536839e-25, 4.28724849262e-25, 4.35557025651e-25, 1.95691985201e-25, 2.41947731847e-25, 6.1044861e-26, 7.15404692221e-25, 3.28635212988e-25, 6.15966556447e-25, 1.15107107371e-25, 8.27556208952e-25, 2.54367089553e-25, 3.05801831301e-25, 2.10984349672e-25, 4.30942485178e-25, 6.61140133842e-25, 3.40857478727e-25, 5.00866179045e-25, 5.67598043081e-25, 2.11123213843e-25, 2.7073962647e-25, 4.12174473515e-25, 6.81952651105e-25, 7.68632342244e-25, 3.88552896525e-25, 5.00247958614e-25, 6.97936550766e-25, 6.5659437218e-25, 9.75917279396e-25, 7.02639739483e-25, 1.08331033784e-24, 7.56907404002e-25, 8.03795570575e-25, 9.84534894533e-25, 1.16785394156e-24, 1.59915910554e-24, 1.47393591709e-24, 1.26731332728e-24, 1.10135148814e-24, 9.84186612443e-25, 1.19577034849e-24, 9.51439517153e-25, 1.15539733483e-24, 1.60074096887e-24, 1.13363414157e-24, 2.05273499617e-24, 1.15388508848e-24, 1.37331079217e-24, 1.30293424284e-24, 1.74871490583e-24, 1.55866865021e-24, 1.53157956116e-24, 1.6406123656e-24, 1.60868509401e-24, 1.88343913502e-24, 2.06055576318e-24, 1.94072108636e-24, 1.74175084176e-24, 2.38578832326e-24, 1.72949371823e-24, 2.42933995333e-24, 1.60006274571e-24, 1.65580346006e-24, 2.03883901411e-24, 1.85573986205e-24, 1.73463137209e-24, 2.22063240414e-24, 1.95114923588e-24, 1.72223323967e-24, 3.09505592416e-24, 2.36894614294e-24, 2.72760195071e-24, 2.8515032055e-24, 2.94335619715e-24, 2.77344305234e-24, 1.75797849944e-24, 2.99374922342e-24, 1.90109601145e-24, 3.1590445737e-24, 2.91536662337e-24, 2.71177187892e-24, 2.76117567362e-24, 2.88475093164e-24, 3.52494685775e-24, 3.20343772114e-24, 3.70545124907e-24, 3.60052091576e-24, 3.60213729176e-24, 3.81482563029e-24, 3.4562926876e-24, 3.23464288919e-24, 3.70585277927e-24, 3.90913079606e-24, 4.49129910006e-24, 3.6505106369e-24, 3.38908686607e-24, 4.71085960037e-24, 3.74823748685e-24, 3.5043197228e-24, 5.01709816479e-24, 4.33408582697e-24, 4.20156705565e-24, 4.43564377991e-24, 4.77743827748e-24, 3.83232256517e-24, 4.72790885668e-24, 4.14291879723e-24, 4.17808818853e-24, 4.27553538729e-24, 5.14240398642e-24, 4.24974121341e-24, 4.31740615199e-24, 5.28062346107e-24, 4.68417204152e-24, 4.80512690082e-24, 4.99624857107e-24],
        "stdev": [3.15117467835e-05, 0.000141834956594, 0.000383060949389, 0.000587867980357, 0.00079056690447, 0.000628784357104, 0.000350081449142, 0.00126977718901, 0.00204726681113, 0.000867317954544, 0.0004045687092, 0.000252703001024, 0.000166855679709, 0.000171421139385, 0.000178813730599, 0.000168536382262, 0.000414360285504, 0.000572203018237, 0.00046990221017, 0.000251301040407, 0.000202285969863, 0.000163124524988, 0.00010683950677, 0.000647292472422, 0.000617447600234, 0.000673086673487, 0.000348077213857, 0.000694021582603, 0.00218120822683, 0.00123397947755, 0.00121089757886, 0.00127594603691, 0.000528866716195, 0.000469218706712, 0.00033978393185, 0.000149207175127, 0.000140672636917, 0.000225739466259, 0.00015719619114, 0.000252163619734, 0.00033168119262, 0.000577433034778, 0.000895415781997, 0.000286141381366, 0.000365812622476, 0.000460853450932, 0.000167422142113, 0.000163553035236, 0.000178703281563, 0.000174041168066, 9.26608627196e-05, 0.000124383455841, 9.657877672e-05, 0.000102221805719, 0.000226089759963, 0.000134814632474, 0.000100617522548, 8.56097394717e-05, 5.4714277212e-05, 9.36859214562e-05, 4.88834739372e-05, 4.67415629828e-05, 4.63713295176e-05, 5.59527798032e-05, 0.000104644372186, 4.48697792308e-05, 3.2440340874e-05, 3.3686254028e-05, 2.6271560273e-05, 1.8612248823e-05, 1.90677164937e-05, 5.24083625351e-05, 5.1316437748e-05, 2.90306252282e-05, 1.64182074514e-05, 1.49760981003e-05, 8.17930504127e-06, 7.92492210167e-06, 4.80087055621e-06, 4.81491588289e-06, 5.99963050263e-06, 4.17297860622e-06, 3.9999222281e-06, 2.64374170911e-06, 2.91554601972e-06, 2.38158531829e-06, 1.8415021259e-06, 1.15845409709e-06, 9.0273567821e-07, 8.25633435397e-07, 8.27720555208e-07, 8.06602258763e-07, 7.67950950831e-07, 4.647280889e-07, 5.29124690729e-07, 4.56190889508e-07, 2.91464573365e-07, 2.09891084069e-07, 1.95473020881e-07, 2.12625465679e-07, 1.68208217133e-07, 1.38081958312e-07, 1.22168202665e-07, 1.13134795754e-07, 7.88770364579e-08, 6.44803961336e-08, 5.54800507757e-08, 4.58559057392e-08, 4.43080097057e-08, 2.95557711638e-08, 2.10299671011e-08, 1.25036727638e-08, 8.96731044975e-09, 4.81268536134e-09, 2.23524576626e-09, 4.49036446915e-10, 3.62825242073e-10, 3.38208266948e-10, 3.22087551075e-10, 3.10831915762e-10, 3.00780317319e-10, 2.9185695527e-10, 2.8504024141e-10, 2.79415407478e-10, 2.75903883074e-10, 2.71471761737e-10, 2.69199884606e-10, 2.67391192521e-10]
    },
    "mfcc": {
        "mean": [-872.896057129, 83.8670883179, -23.6375846863, 12.9073619843, -4.83714294434, 3.86573648453, 7.97606992722, -2.1518573761, -2.85616087914, 7.49704790115, -7.04943370819, -0.279444843531, -3.0383310318],
        "cov": [[85618.3671875, 18031.0058594, -4800.32666016, 3092.37670898, -957.024475098, 821.910949707, 1693.85668945, -550.510253906, -622.652709961, 1519.61621094, -1576.48425293, -116.721244812, -735.392333984], [18031.0058594, 4452.25390625, -970.913024902, 655.586242676, -211.369979858, 222.062515259, 387.204406738, -139.388671875, -116.665809631, 358.647155762, -331.163696289, -107.390029907, -232.000839233], [-4800.32666016, -970.913024902, 672.985717773, -159.473297119, 57.7797966003, 43.3470954895, -137.729019165, -5.80043935776, -21.9824371338, -128.072311401, 152.152679443, 4.26686382294, 18.9009189606], [3092.37670898, 655.586242676, -159.473297119, 302.038513184, 13.2565107346, -14.4005613327, 59.2368812561, -59.2423858643, -35.1613807678, 30.3935432434, -62.1057319641, 38.9962882996, -25.0432872772], [-957.024475098, -211.369979858, 57.7797966003, 13.2565107346, 107.759399414, -30.6595172882, -37.3783149719, 5.12184286118, 16.6464977264, -42.4388198853, 8.8485622406, 15.8815879822, 13.1724939346], [821.910949707, 222.062515259, 43.3470954895, -14.4005613327, -30.6595172882, 178.821533203, 40.8452949524, -45.4647750854, -32.364906311, 10.585729599, 11.3984088898, -29.6353492737, 0.619958460331], [1693.85668945, 387.204406738, -137.729019165, 59.2368812561, -37.3783149719, 40.8452949524, 178.945053101, -50.8280448914, -39.7874145508, 99.1699752808, -77.8272781372, 10.6223163605, -6.80523395538], [-550.510253906, -139.388671875, -5.80043935776, -59.2423858643, 5.12184286118, -45.4647750854, -50.8280448914, 112.446098328, 62.9862556458, -20.6357536316, 6.18645000458, -45.4263839722, -22.3836479187], [-622.652709961, -116.665809631, -21.9824371338, -35.1613807678, 16.6464977264, -32.364906311, -39.7874145508, 62.9862556458, 102.731445312, -20.9092063904, 1.42587280273, -56.4737510681, -27.46459198], [1519.61621094, 358.647155762, -128.072311401, 30.3935432434, -42.4388198853, 10.585729599, 99.1699752808, -20.6357536316, -20.9092063904, 112.276412964, -53.3454055786, -3.89416575432, -14.6400165558], [-1576.48425293, -331.163696289, 152.152679443, -62.1057319641, 8.8485622406, 11.3984088898, -77.8272781372, 6.18645000458, 1.42587280273, -53.3454055786, 111.736412048, 26.954164505, 21.2510719299], [-116.721244812, -107.390029907, 4.26686382294, 38.9962882996, 15.8815879822, -29.6353492737, 10.6223163605, -45.4263839722, -56.4737510681, -3.89416575432, 26.954164505, 137.754745483, 68.5600967407], [-735.392333984, -232.000839233, 18.9009189606, -25.0432872772, 13.1724939346, 0.619958460331, -6.80523395538, -22.3836479187, -27.46459198, -14.6400165558, 21.2510719299, 68.5600967407, 91.0280609131]],
        "icov": [[0.00011951218039, -0.000368608161807, 0.000204409545404, -0.000296759855701, 0.000232137637795, -0.000283276283881, 0.000182621835847, -0.000328669237206, 0.00021608901443, -3.16904770443e-05, 0.00036047436879, -0.000306286558043, 9.76337469183e-06], [-0.000368608161807, 0.00191594520584, 3.28624810209e-05, -0.000244045178988, -0.000293262070045, -0.000301725231111, -4.26780570706e-05, 0.000824113376439, -4.7819732572e-05, -0.00105333549436, -0.000704801816028, 0.000893576769158, 0.00138289912138], [0.000204409545404, 3.28624810209e-05, 0.00380087946542, -0.000326253677486, -0.000590938376263, -0.00158763956279, 0.000737495312933, 2.41464003921e-05, 0.00276182731614, 0.000788630277384, -0.00179432192817, 0.000265470443992, 0.00219263229519], [-0.000296759855701, -0.000244045178988, -0.000326253677486, 0.00797151587903, -0.00245552952401, 0.0024335316848, -0.000955772877205, 0.00366765353829, -0.000824883172754, 0.00291850743815, 0.000539823493455, -0.00193727947772, 0.00196416326798], [0.000232137637795, -0.000293262070045, -0.000590938376263, -0.00245552952401, 0.0134833864868, 0.000105008177343, 0.00105207203887, 9.35541465878e-05, -0.00253072846681, 0.00305232522078, 0.00365635729395, -0.00219492823817, -0.00074820505688], [-0.000283276283881, -0.000301725231111, -0.00158763956279, 0.0024335316848, 0.000105008177343, 0.0114490361884, -0.00465728808194, 0.00420325296, 0.000992601853795, 0.00356598291546, -0.00512703415006, 0.00686493748799, -0.00456669693813], [0.000182621835847, -4.26780570706e-05, 0.000737495312933, -0.000955772877205, 0.00105207203887, -0.00465728808194, 0.0165410526097, 0.00204036012292, 0.000448659120593, -0.0104560162872, 0.00830472353846, -0.004218257498, 0.0022603305988], [-0.000328669237206, 0.000824113376439, 2.41464003921e-05, 0.00366765353829, 9.35541465878e-05, 0.00420325296, 0.00204036012292, 0.0182409081608, -0.00686093932018, 0.000665439700242, -0.000709236308467, 0.00288713374175, 0.00107298663352], [0.00021608901443, -4.7819732572e-05, 0.00276182731614, -0.000824883172754, -0.00253072846681, 0.000992601853795, 0.000448659120593, -0.00686093932018, 0.0207613464445, 0.00116444192827, -0.00212592142634, 0.00678021088243, 0.00137027737219], [-3.16904770443e-05, -0.00105333549436, 0.000788630277384, 0.00291850743815, 0.00305232522078, 0.00356598291546, -0.0104560162872, 0.000665439700242, 0.00116444192827, 0.0231881197542, -0.000111780951556, 0.000860776810441, 7.29585663066e-05], [0.00036047436879, -0.000704801816028, -0.00179432192817, 0.000539823493455, 0.00365635729395, -0.00512703415006, 0.00830472353846, -0.000709236308467, -0.00212592142634, -0.000111780951556, 0.0224603079259, -0.00937793403864, 0.00274955504574], [-0.000306286558043, 0.000893576769158, 0.000265470443992, -0.00193727947772, -0.00219492823817, 0.00686493748799, -0.004218257498, 0.00288713374175, 0.00678021088243, 0.000860776810441, -0.00937793403864, 0.0220197532326, -0.0123308831826], [9.76337469183e-06, 0.00138289912138, 0.00219263229519, 0.00196416326798, -0.00074820505688, -0.00456669693813, 0.0022603305988, 0.00107298663352, 0.00137027737219, 7.29585663066e-05, 0.00274955504574, -0.0123308831826, 0.0243169423193]]
    },
    "spectral_contrast_coeffs": {
        "max": [-0.433784455061, -0.412757307291, -0.375275373459, -0.525268733501, -0.544152855873, -0.566607058048],
        "mean": [-0.818217694759, -0.820333242416, -0.781963348389, -0.810562670231, -0.824371516705, -0.819061219692],
        "min": [-0.983334243298, -0.984602928162, -0.976982712746, -0.973876297474, -0.967676222324, -0.966094911098],
        "stdev": [0.119178771973, 0.122263081372, 0.153872847557, 0.124984189868, 0.110897257924, 0.105665542185]
    },
    "spectral_contrast_valleys": {
        "max": [-5.44882822037, -5.48759412766, -5.94824981689, -6.46122789383, -5.78196048737, -9.03002166748],
        "mean": [-13.9557905197, -13.8752565384, -14.1073923111, -14.2564334869, -14.2929325104, -16.4951477051],
        "min": [-28.332654953, -28.1926460266, -28.0406074524, -27.7208385468, -27.576133728, -27.4683113098],
        "stdev": [9.38635349274, 9.39796829224, 9.25107860565, 9.11922740936, 9.09294319153, 7.5492773056]
    }
},
"rhythm": {
    "beats_count": 74,
    "beats_loudness": {
        "max": 0.082148887217,
        "mean": 0.0179492700845,
        "min": 0,
        "stdev": 0.0187103804201
    },
    "bpm": 133.06149292,
    "bpm_histogram_first_peak_bpm": 133,
    "bpm_histogram_first_peak_weight": 0.393939375877,
    "bpm_histogram_second_peak_bpm": 144,
    "bpm_histogram_second_peak_spread": 0.571428596973,
    "bpm_histogram_second_peak_weight": 0.164383560419,
    "danceability": 0.841293156147,
    "onset_rate": 1.86839067936,
    "beats_loudness_band_ratio": {
        "max": [0.778103768826, 0.515897274017, 0.689981102943, 0.931964337826, 0.606235265732, 0.854045808315],
        "mean": [0.135342642665, 0.0740301311016, 0.100026994944, 0.287005603313, 0.0968793854117, 0.0608068555593],
        "min": [0, 0, 0, 0, 0, 0],
        "stdev": [0.189078137279, 0.107965193689, 0.132208481431, 0.303391247988, 0.136127397418, 0.14140625298]
    },
