{
"metadata": {
    "version": {
        "essentia": "2.1-beta5",
        "essentia_git_sha": "Undefined",
        "extractor": "music 2.0"
    },
    "audio_properties": {
        "analysis": {
            "equal_loudness": 0,
            "length": 12.7477550507,
            "sample_rate": 44100,
            "start_time": 0,
            "downmix": "mix"
        },
        "bit_rate": 192000,
        "length": 203.778335571,
        "lossless": 0,
        "number_channels": 2,
        "replay_gain": 1.72213172913,
        "sample_rate": 48000,
        "codec": "mp3",
        "md5_encoded": "375d8239ebf66aa63db31c1b39d7c008"
    },
    "tags": {
        "file_name": "Estonia_Nagu Merelaine_Silvi Vrait.mp3",
        "encoding": ["Lavf58.29.100"]
    }
},
"lowlevel": {
    "average_loudness": 0.00127254903782,
    "barkbands_crest": {
        "max": 15.7967557907,
        "mean": 6.49425888062,
        "min": 3.07894134521,
        "stdev": 1.07486212254
    },
    "barkbands_flatness_db": {
        "max": 0.158786684275,
        "mean": 0.078884460032,
        "min": 0.046005088836,
        "stdev": 0.0156362336129
    },
    "barkbands_kurtosis": {
        "max": 8.87768745422,
        "mean": 2.8937227726,
        "min": -1.29866421223,
        "stdev": 1.25126087666
    },
    "barkbands_skewness": {
        "max": 1.96896493435,
        "mean": -1.54212462902,
        "min": -2.57631111145,
        "stdev": 0.831737875938
    },
    "barkbands_spread": {
        "max": 44.8310203552,
        "mean": 25.8054466248,
        "min": 10.3336257935,
        "stdev": 4.25240039825
    },
    "dissonance": {
        "max": 0.499960631132,
        "mean": 0.491291344166,
        "min": 0.268295317888,
        "stdev": 0.0122975921258
    },
    "dynamic_complexity": 0.99672794342,
    "erbbands_crest": {
        "max": 11.6976423264,
        "mean": 3.8614013195,
        "min": 2.66387939453,
        "stdev": 1.23612570763
    },
    "erbbands_flatness_db": {
        "max": 0.244597136974,
        "mean": 0.109480582178,
        "min": 0.0796631276608,
        "stdev": 0.0285372659564
    },
    "erbbands_kurtosis": {
        "max": 3.41481542587,
        "mean": 0.15775296092,
        "min": -1.11623609066,
        "stdev": 0.455470561981
    },
    "erbbands_skewness": {
        "max": 1.26191318035,
        "mean": -0.573634505272,
        "min": -1.66654682159,
        "stdev": 0.293935149908
    },
    "erbbands_spread": {
        "max": 47.6596488953,
        "mean": 35.0337524414,
        "min": 12.0388317108,
        "stdev": 5.5118060112
    },
    "hfc": {
        "max": 534.449645996,
        "mean": 10.1222581863,
        "min": 1.02773002267e-16,
        "stdev": 44.0637207031
    },
    "loudness_ebu128": {
        "integrated": -22.184633255,
        "loudness_range": 8.39107894897,
        "momentary": {
            "max": -20.6033630371,
            "mean": -259.275939941,
            "min": -300.691009521,
            "stdev": 98.2785186768
        },
        "short_term": {
            "max": -24.1441936493,
            "mean": -249.466522217,
            "min": -300.691009521,
            "stdev": 105.689399719
        }
    },
    "melbands_crest": {
        "max": 19.4236469269,
        "mean": 3.21552205086,
        "min": 1.09235084057,
        "stdev": 2.56514835358
    },
    "melbands_flatness_db": {
        "max": 0.22392526269,
        "mean": 0.0230934228748,
        "min": 4.50253864983e-05,
        "stdev": 0.0451743938029
    },
    "melbands_kurtosis": {
        "max": 12.5997085571,
        "mean": -0.679256618023,
        "min": -1.47114539146,
        "stdev": 1.72029292583
    },
    "melbands_skewness": {
        "max": 3.35089445114,
        "mean": 0.16235075891,
        "min": -1.0630286932,
        "stdev": 0.566534042358
    },
    "melbands_spread": {
        "max": 165.690109253,
        "mean": 119.282157898,
        "min": 13.0666761398,
        "stdev": 35.0427474976
    },
    "pitch_salience": {
        "max": 0.994558215141,
        "mean": 0.786880671978,
        "min": 0.59981906414,
        "stdev": 0.023236002773
    },
    "silence_rate_20dB": {
        "max": 1,
        "mean": 1,
        "min": 1,
        "stdev": 0
    },
    "silence_rate_30dB": {
        "max": 1,
        "mean": 0.996363639832,
        "min": 0,
        "stdev": 0.0601925291121
    },
    "silence_rate_60dB": {
        "max": 1,
        "mean": 0.861818194389,
        "min": 0,
        "stdev": 0.345090538263
    },
    "spectral_centroid": {
        "max": 11787.3681641,
        "mean": 9739.875,
        "min": 758.944458008,
        "stdev": 3172.60864258
    },
    "spectral_complexity": {
        "max": 56,
        "mean": 5.53636360168,
        "min": 0,
        "stdev": 14.146812439
    },
    "spectral_decrease": {
        "max": 2.14702862793e-28,
        "mean": -1.49076873068e-09,
        "min": -3.11949897025e-08,
        "stdev": 4.38118652468e-09
    },
    "spectral_energy": {
        "max": 0.12627646327,
        "mean": 0.00654462585226,
        "min": 9.75187861843e-21,
        "stdev": 0.0189308021218
    },
    "spectral_energyband_high": {
        "max": 0.0808826759458,
        "mean": 0.000887338537723,
        "min": 6.90254917753e-21,
        "stdev": 0.00640992354602
    },
    "spectral_energyband_low": {
        "max": 0.0209725722671,
        "mean": 0.00091692188289,
        "min": 1.31998880425e-23,
        "stdev": 0.00322768162005
    },
    "spectral_energyband_middle_high": {
        "max": 0.0490824505687,
        "mean": 0.00224452605471,
        "min": 1.02976413198e-21,
        "stdev": 0.00606288155541
    },
    "spectral_energyband_middle_low": {
        "max": 0.0795282199979,
        "mean": 0.00268114497885,
        "min": 1.42702148342e-22,
        "stdev": 0.00967487785965
    },
    "spectral_entropy": {
        "max": 9.82683467865,
        "mean": 9.53762245178,
        "min": 7.47075605392,
        "stdev": 0.658263206482
    },
    "spectral_flux": {
        "max": 0.266680449247,
        "mean": 0.0201598443091,
        "min": 6.27691371102e-11,
        "stdev": 0.0531458966434
    },
    "spectral_kurtosis": {
        "max": 19.2925186157,
        "mean": -0.468746215105,
        "min": -1.27945291996,
        "stdev": 2.06413817406
    },
    "spectral_rms": {
        "max": 0.0110993934795,
        "mean": 0.00089984346414,
        "min": 3.08448167181e-12,
        "stdev": 0.0023612040095
    },
    "spectral_rolloff": {
        "max": 19789.0136719,
        "mean": 16489.5136719,
        "min": 818.26171875,
        "stdev": 5612.74023438
    },
    "spectral_skewness": {
        "max": 3.57227253914,
        "mean": 0.197052299976,
        "min": -0.119826979935,
        "stdev": 0.51647400856
    },
    "spectral_spread": {
        "max": 43180628,
        "mean": 35391428,
        "min": 2836509.25,
        "stdev": 12778425
    },
    "spectral_strongpeak": {
        "max": 13.0814123154,
        "mean": 0.197328016162,
        "min": 0,
        "stdev": 0.873703956604
    },
    "zerocrossingrate": {
        "max": 0.54541015625,
        "mean": 0.444660872221,
        "min": 0.02734375,
        "stdev": 0.140622586012
    },
    "barkbands": {
        "max": [0.000569203635678, 0.0120440199971, 0.015350131318, 0.0326005332172, 0.044101767242, 0.0218670573086, 0.0193379670382, 0.00930204614997, 0.008620002307, 0.0147826224566, 0.00632278854027, 0.0194569248706, 0.00558156520128, 0.00490738870576, 0.0120242564008, 0.0065082735382, 0.00427669892088, 0.00302481837571, 0.00848121289164, 0.016938013956, 0.0224576070905, 0.0257988180965, 0.0224134605378, 0.00943429674953, 0.00117562396917, 0.000286500435323, 4.53446955362e-05],
        "mean": [1.25527612909e-05, 0.000389715569327, 0.000365838059224, 0.000608024420217, 0.0010369719239, 0.000320108316373, 0.000313410477247, 0.000148512961459, 0.000189510683413, 0.000205404634471, 0.00021716140327, 0.000320725986967, 0.000292105076369, 0.000250326818787, 0.00027202203637, 0.000247016752837, 0.000190606122487, 0.000108595202619, 0.000103951409983, 0.00020805656095, 0.00021595673752, 0.000234908511629, 0.000190576756722, 8.18940243335e-05, 1.64644061442e-05, 3.48141111317e-06, 7.28565566988e-07],
        "min": [1.66847902499e-26, 1.55037476387e-24, 2.75108609334e-25, 4.99595718557e-25, 4.52012644412e-24, 5.81678263606e-24, 3.98785635339e-24, 7.13955643485e-24, 1.45017846374e-23, 9.12626475932e-24, 1.23773703867e-23, 1.82456790505e-23, 2.00014246792e-23, 2.2964580299e-23, 3.78103745554e-23, 4.38466687824e-23, 6.01805765613e-23, 7.62636833703e-23, 8.5312599529e-23, 1.35702036483e-22, 2.26361857083e-22, 2.55526688459e-22, 3.76312526428e-22, 5.58508371212e-22, 8.38564897779e-22, 1.20434215526e-21, 1.81699995849e-21],
        "stdev": [4.87708566652e-05, 0.00143866369035, 0.00158798217308, 0.00286270002834, 0.00450355932117, 0.00155289308168, 0.00172453932464, 0.000802126713097, 0.000754983280785, 0.00100404990371, 0.000756044872105, 0.00128889572807, 0.00084136670921, 0.000737561669666, 0.000886522466317, 0.00074857607251, 0.000576350372285, 0.000339845224516, 0.000506928889081, 0.00142181839328, 0.00160796684213, 0.00185567652807, 0.00154052872676, 0.000651037727948, 9.82944329735e-05, 2.14464980672e-05, 3.60693252333e-06]
    },
    "erbbands": {
        "max": [0.0979430153966, 3.44014215469, 14.5297346115, 46.888710022, 143.134002686, 223.905319214, 235.833755493, 141.004333496, 260.442749023, 263.67868042, 224.15032959, 191.20262146, 488.516693115, 277.686737061, 322.264434814, 897.019958496, 272.748687744, 245.28704834, 216.517547607, 804.725341797, 270.726837158, 223.262802124, 190.190155029, 265.99130249, 674.626647949, 671.698608398, 813.178894043, 1102.38879395, 800.95324707, 840.451049805, 634.444274902, 327.339080811, 108.470237732, 20.0931358337, 6.36862134933, 1.9009346962, 0.402614504099, 0.0690690502524, 0.0114569002762, 0.000431270571426],
        "mean": [0.00321129523218, 0.115867830813, 0.483991086483, 1.01542985439, 3.65575957298, 2.82550692558, 2.63277649879, 2.8423333168, 4.56316280365, 3.59180355072, 3.41159749031, 4.12142705917, 6.17660522461, 6.92618274689, 10.3666591644, 13.4706296921, 13.4494695663, 13.1659545898, 12.5327339172, 15.7106533051, 12.8964967728, 10.5227508545, 6.68519067764, 4.87916088104, 5.7182970047, 8.85022068024, 8.56538200378, 10.376739502, 7.80005836487, 7.2943944931, 5.32195949554, 2.44917416573, 1.00056135654, 0.284979313612, 0.0875356942415, 0.0250573568046, 0.00429382128641, 0.00111071160063, 0.000131030450575, 1.21691891763e-05],
        "min": [6.02764704929e-23, 3.68985384392e-22, 1.85028367878e-21, 2.86930940698e-21, 9.10126148477e-21, 1.12320997453e-20, 3.02870436452e-20, 4.34166973313e-20, 9.00779783037e-20, 9.02295656133e-20, 2.26077793042e-19, 3.61036290787e-19, 3.280145428e-19, 4.56075801802e-19, 6.14734885253e-19, 9.24075101941e-19, 1.17071988788e-18, 1.39730058089e-18, 1.73620123414e-18, 2.40209506893e-18, 2.68123109575e-18, 3.79680533373e-18, 4.80897785925e-18, 4.8291354236e-18, 6.28684479782e-18, 6.09408648609e-18, 7.92024774775e-18, 7.77656482099e-18, 9.30217207503e-18, 1.06930605586e-17, 9.52184394876e-18, 9.94293099293e-18, 9.04902089318e-18, 7.31989991149e-18, 5.70947562539e-18, 3.99212294228e-18, 2.18332564925e-18, 8.5223922203e-19, 2.26845364952e-19, 2.56942266916e-20],
        "stdev": [0.0113074174151, 0.422250449657, 1.90375494957, 4.27169418335, 15.5694999695, 14.1447200775, 13.5118741989, 13.2487220764, 23.8983745575, 18.8244762421, 17.7424240112, 16.6654624939, 30.6570186615, 26.4643936157, 34.7304153442, 54.389705658, 38.2892570496, 38.6359291077, 34.4646263123, 54.3829193115, 38.108745575, 31.3215827942, 20.6820964813, 18.4459781647, 33.3958206177, 57.9212608337, 60.5521430969, 77.9622039795, 60.3537483215, 56.2390480042, 43.6204147339, 20.6182060242, 7.60625600815, 1.81487739086, 0.526495277882, 0.148373752832, 0.0283558480442, 0.00570537149906, 0.000743130163755, 3.98917509301e-05]
    },
    "gfcc": {
        "mean": [-1082.328125, 10.0298595428, -21.855638504, 4.76951646805, -7.89165496826, 3.20634531975, -5.29974222183, -0.367638975382, -2.88884878159, -0.439659953117, -2.07438158989, -0.343439817429, -1.02434372902],
        "cov": [[208582.25, 11496.5351562, -24854.6738281, 5427.6875, -8986.78417969, 3657.57983398, -6037.30078125, -436.16809082, -3314.75561523, -511.932769775, -2368.8425293, -381.520446777, -1180.89953613], [11496.5351562, 1097.24975586, -1275.91833496, 333.960388184, -439.381195068, 140.378326416, -365.539733887, -57.6366653442, -218.414367676, -101.926963806, -145.399612427, -53.2899513245, -72.0481033325], [-24854.6738281, -1275.91833496, 3033.47338867, -627.256896973, 1091.41699219, -452.756103516, 714.462036133, 31.6823730469, 384.259094238, 41.0168304443, 276.74307251, 41.465587616, 134.295578003], [5427.6875, 333.960388184, -627.256896973, 184.902740479, -231.617172241, 98.757850647, -160.456542969, -21.7764930725, -92.4891891479, -18.310005188, -62.207244873, -15.8932275772, -28.9788360596], [-8986.78417969, -439.381195068, 1091.41699219, -231.617172241, 423.685455322, -166.338058472, 253.638885498, 10.1325073242, 131.942840576, 7.25381708145, 98.5522079468, 14.9081163406, 47.768245697], [3657.57983398, 140.378326416, -452.756103516, 98.757850647, -166.338058472, 82.4822998047, -99.5921707153, -2.05254530907, -55.4523086548, 0.452856838703, -40.8013191223, -4.59651851654, -18.02602005], [-6037.30078125, -365.539733887, 714.462036133, -160.456542969, 253.638885498, -99.5921707153, 187.720046997, 16.4611492157, 99.5204315186, 18.5731678009, 68.1531600952, 12.1347846985, 32.5942611694], [-436.16809082, -57.6366653442, 31.6823730469, -21.7764930725, 10.1325073242, -2.05254530907, 16.4611492157, 13.0900125504, 11.4602394104, 7.43016004562, 6.20444154739, 1.93123018742, 3.35638022423], [-3314.75561523, -218.414367676, 384.259094238, -92.4891891479, 131.942840576, -55.4523086548, 99.5204315186, 11.4602394104, 63.6646385193, 17.5026111603, 39.9930534363, 9.31313323975, 18.2766265869], [-511.932769775, -101.926963806, 41.0168304443, -18.310005188, 7.25381708145, 0.452856838703, 18.5731678009, 7.43016004562, 17.5026111603, 19.8205909729, 10.9464111328, 5.90794897079, 4.07689523697], [-2368.8425293, -145.399612427, 276.74307251, -62.207244873, 98.5522079468, -40.8013191223, 68.1531600952, 6.20444154739, 39.9930534363, 10.9464111328, 32.048538208, 6.17799854279, 13.9626874924], [-381.520446777, -53.2899513245, 41.465587616, -15.8932275772, 14.9081163406, -4.59651851654, 12.1347846985, 1.93123018742, 9.31313323975, 5.90794897079, 6.17799854279, 7.86503791809, 2.677932024], [-1180.89953613, -72.0481033325, 134.295578003, -28.9788360596, 47.768245697, -18.02602005, 32.5942611694, 3.35638022423, 18.2766265869, 4.07689523697, 13.9626874924, 2.677932024, 11.9567632675]],
        "icov": [[0.00117401161697, -0.000576418009587, 0.00511313974857, -0.0014308183454, 0.0038746073842, -0.00124037731439, 0.00372899952345, 0.0048322621733, 0.00454301945865, 0.00145609898027, 0.00534664560109, -0.00601829076186, 0.0103719430044], [-0.000576418009587, 0.011919606477, -0.000101291705505, -0.00327142165042, 0.000985953491181, 0.0175953339785, 0.010113931261, 0.00213596224785, -0.00454082014039, 0.0330045521259, -0.00767583679408, 0.0250953808427, 0.00155159225687], [0.00511313974857, -0.000101291705505, 0.039409302175, -0.0110778687522, 0.00250958977267, 0.0177170243114, -0.00741425342858, 0.0391294360161, 0.00672397064045, 0.0153440060094, 0.0141612542793, -0.0170933436602, 0.0325927250087], [-0.0014308183454, -0.00327142165042, -0.0110778687522, 0.0464629195631, 0.00503953220323, -0.0396236851811, 0.00691493367776, 0.0336255393922, 0.00070264848182, -0.00337873818353, -0.021935351193, 0.032716691494, -0.0137863829732], [0.0038746073842, 0.000985953491181, 0.00250958977267, 0.00503953220323, 0.0552899390459, -0.00492154387757, 0.0176458302885, 0.0176880806684, 0.0320820361376, 0.0326489321887, -0.00189857033547, -0.0216796491295, 0.0381657704711], [-0.00124037731439, 0.0175953339785, 0.0177170243114, -0.0396236851811, -0.00492154387757, 0.167318955064, -0.0404379926622, -0.0276137962937, 0.0391798391938, -0.0265916716307, 0.0514786019921, 0.00658704852685, -0.0340211614966], [0.00372899952345, 0.010113931261, -0.00741425342858, 0.00691493367776, 0.0176458302885, -0.0404379926622, 0.132132411003, -0.0113891595975, -0.0276924036443, 0.0508022122085, 0.00277792825364, 0.0167491044849, 0.0588237345219], [0.0048322621733, 0.00213596224785, 0.0391294360161, 0.0336255393922, 0.0176880806684, -0.0276137962937, -0.0113891595975, 0.202398121357, -0.0172475539148, 0.0218585636467, -0.0105967726558, 0.0351124927402, 0.017485531047], [0.00454301945865, -0.00454082014039, 0.00672397064045, 0.00070264848182, 0.0320820361376, 0.0391798391938, -0.0276924036443, -0.0172475539148, 0.217866137624, -0.0988709926605, 0.0266067162156, -0.0537371076643, 0.0403908081353], [0.00145609898027, 0.0330045521259, 0.0153440060094, -0.00337873818353, 0.0326489321887, -0.0265916716307, 0.0508022122085, 0.0218585636467, -0.0988709926605, 0.29857096076, -0.130545064807, 0.026079390198, 0.0429409295321], [0.00534664560109, -0.00767583679408, 0.0141612542793, -0.021935351193, -0.00189857033547, 0.0514786019921, 0.00277792825364, -0.0105967726558, 0.0266067162156, -0.130545064807, 0.320296376944, -0.0626386925578, -0.00597847858444], [-0.00601829076186, 0.0250953808427, -0.0170933436602, 0.032716691494, -0.0216796491295, 0.00658704852685, 0.0167491044849, 0.0351124927402, -0.0537371076643, 0.026079390198, -0.0626386925578, 0.281364440918, -0.0474851727486], [0.0103719430044, 0.00155159225687, 0.0325927250087, -0.0137863829732, 0.0381657704711, -0.0340211614966, 0.0588237345219, 0.017485531047, 0.0403908081353, 0.0429409295321, -0.00597847858444, -0.0474851727486, 0.290080398321]]
    },
    "melbands": {
        "max": [0.00209015188739, 0.00509003875777, 0.011191339232, 0.0118827773258, 0.00709815230221, 0.00336122815497, 0.00395281752571, 0.00237433775328, 0.00159662892111, 0.00130971649196, 0.00247316947207, 0.00114881491754, 0.000876651261933, 0.00232748640701, 0.000966699095443, 0.000566692498978, 0.000487391516799, 0.000314739911119, 0.00107416335959, 0.000733700988349, 0.000332508294377, 0.000275773025351, 0.000258223328274, 0.000119344091217, 0.000227297612582, 0.00039820332313, 0.000496126536746, 0.000542540918104, 0.000559373467695, 0.000668970926199, 0.000713060377166, 0.000477659807075, 0.000360419100616, 0.000492042745464, 0.000446655467385, 0.000241102126893, 0.00017869612202, 7.92974969954e-05, 4.26199112553e-05, 1.28430892801e-05],
        "mean": [6.75668634358e-05, 0.000217813925701, 0.000278287770925, 0.000240328721702, 9.74380527623e-05, 6.21858416707e-05, 7.08214283804e-05, 3.79860357498e-05, 2.71780554613e-05, 2.68829371635e-05, 3.12875599775e-05, 2.740452328e-05, 3.1687777664e-05, 3.82504731533e-05, 3.11462208629e-05, 2.80326403299e-05, 2.40795325226e-05, 1.96923247131e-05, 2.11279548239e-05, 1.92059032997e-05, 1.43554079841e-05, 1.14466593004e-05, 8.07692231319e-06, 4.52805898021e-06, 3.75970557798e-06, 4.22123730459e-06, 4.23900428359e-06, 6.56456768411e-06, 6.20336595603e-06, 4.84740212414e-06, 6.42691611574e-06, 4.23887331635e-06, 4.23893243351e-06, 4.03509420721e-06, 3.62807372767e-06, 1.71037083874e-06, 1.39055725867e-06, 6.94078551078e-07, 4.34522945625e-07, 1.82764452461e-07],
        "min": [6.86290745134e-25, 9.14718633661e-25, 9.21542576314e-25, 9.04727710296e-25, 7.05044828472e-25, 1.21113795057e-24, 1.10447853277e-24, 4.00620816697e-25, 1.55568369916e-24, 1.97670911807e-24, 1.40905506587e-24, 1.33366481245e-24, 2.15813351842e-24, 1.73409297452e-24, 2.16155855526e-24, 1.85465715046e-24, 2.15774815987e-24, 1.54079779527e-24, 2.86098196092e-24, 2.60246790354e-24, 2.37998822346e-24, 3.40067128846e-24, 3.421811183e-24, 3.22486732485e-24, 3.05932072237e-24, 3.86716063489e-24, 3.51017583173e-24, 3.44358926601e-24, 4.2997873381e-24, 4.09620166556e-24, 4.53980694599e-24, 4.42787783873e-24, 4.4884371127e-24, 5.40977182416e-24, 4.67861964403e-24, 4.93046940448e-24, 5.78876426886e-24, 5.38461781091e-24, 5.29757568749e-24, 5.17581185132e-24],
        "stdev": [0.000245078612352, 0.000795906875283, 0.00114192499314, 0.00106305244844, 0.000455351168057, 0.00028994132299, 0.000376153271645, 0.000192488965695, 0.000133607361931, 0.000109096094093, 0.00015595946752, 0.000108371277747, 0.000106336832687, 0.00016199980746, 9.47738953982e-05, 8.28067059047e-05, 7.21917385818e-05, 5.46273586224e-05, 7.33700871933e-05, 6.20758728473e-05, 4.30735053669e-05, 3.45853732142e-05, 2.62187259068e-05, 1.42854787555e-05, 1.49098705151e-05, 2.23417264351e-05, 2.60723936663e-05, 4.57629903394e-05, 4.45511759608e-05, 3.92267174902e-05, 4.84546580992e-05, 3.39937287208e-05, 3.10868672386e-05, 3.19036334986e-05, 3.01530271827e-05, 1.42803182825e-05, 1.18132520583e-05, 5.281511676e-06, 3.0907456221e-06, 1.10518192287e-06]
    },
    "melbands128": {
        "max": [0.00026049168082, 0.00038698251592, 0.00197065505199, 0.00744478357956, 0.00793425831944, 0.00701573304832, 0.00787495821714, 0.0204754788429, 0.0179099868983, 0.0187697317451, 0.0147835295647, 0.00779012590647, 0.0111663239077, 0.00306747644208, 0.00320731289685, 0.00528539856896, 0.00296158576384, 0.00721054058522, 0.00599988596514, 0.00414146715775, 0.00244942912832, 0.00384872686118, 0.00144894362893, 0.00171516416594, 0.00144151563291, 0.00167019409128, 0.00185287045315, 0.00350769632496, 0.00207991036586, 0.00171711354051, 0.000955486553721, 0.0014809119748, 0.00135241961107, 0.00149410380982, 0.00179954827763, 0.00403210893273, 0.0031050206162, 0.000934347626753, 0.000848477589898, 0.000683342572302, 0.00081086193677, 0.000679948250763, 0.000690359214786, 0.000848357391078, 0.000460718641989, 0.000560462882277, 0.000335797405569, 0.000583041924983, 0.00224756542593, 0.000880646868609, 0.000597906648181, 0.000890478258952, 0.000459031289211, 0.000462493568193, 0.00045041568228, 0.000320534716593, 0.000249826029176, 0.000406286912039, 0.000269789859885, 0.000144113379065, 9.97356983135e-05, 0.000130162923597, 0.000234874372836, 0.000252930127317, 0.000288701296085, 0.00034882966429, 0.000538156484254, 0.000846552720759, 0.000355352298357, 0.000458875088952, 0.000355304509867, 0.000834157632198, 0.00110987585504, 0.00061947456561, 0.000298817962175, 0.000788939418271, 0.000890481227543, 0.000963165541179, 0.000830287637655, 0.000971804489382, 0.000622752762865, 0.000587058311794, 0.000689853448421, 0.000282209715806, 0.000606235058513, 0.000553473946638, 0.000411509652622, 0.000822395202704, 0.00050503766397, 0.00034031906398, 0.000234468403505, 0.000228796285228, 0.00019215993234, 0.000254498241702, 0.000126094615553, 6.56059783068e-05, 7.77205132181e-05, 0.000115612936497, 3.73789371224e-05, 2.3162454454e-05, 1.84170366992e-05, 1.39338444569e-05, 1.14612539619e-05, 9.86458417174e-06, 7.69370035414e-06, 6.62699449094e-06, 3.35293793796e-06, 3.74780165657e-06, 5.03980982103e-06, 2.8627005122e-06, 1.67877749391e-06, 1.60202068855e-06, 1.51284496042e-06, 5.87598776747e-07, 5.69270127926e-07, 1.05348976831e-06, 9.95412051452e-07, 2.44921409376e-07, 4.63923640837e-07, 5.9054735857e-07, 3.1046897675e-07, 2.37867524788e-07, 7.06940355144e-08, 1.92658089482e-09, 1.87744175761e-09, 1.85457071922e-09, 1.82769011037e-09, 1.80904136116e-09],
        "mean": [7.72696239437e-06, 7.52526420911e-06, 5.7595079852e-05, 0.000243642309215, 0.000292164506391, 0.00014110338816, 0.000134603862534, 0.000390938977944, 0.000408155901823, 0.000233753322391, 0.000131605716888, 0.000121041033708, 9.47172156884e-05, 5.6580403907e-05, 6.14835007582e-05, 6.92201283528e-05, 5.77008395339e-05, 8.95077755558e-05, 6.35319083813e-05, 3.00235969917e-05, 3.31991977873e-05, 3.3746167901e-05, 2.34461131186e-05, 2.50141420111e-05, 2.40897079493e-05, 2.87120183202e-05, 3.14765165967e-05, 3.147973257e-05, 3.09888237098e-05, 2.94293058687e-05, 2.3738715754e-05, 2.882139961e-05, 3.20460931107e-05, 3.39223115589e-05, 3.59602527169e-05, 4.4830780098e-05, 3.31546907546e-05, 2.82837845589e-05, 3.21679435729e-05, 2.98828217637e-05, 2.72030465567e-05, 2.54055212281e-05, 2.33040464082e-05, 2.49422973866e-05, 2.08190431294e-05, 1.93113555724e-05, 1.7592592485e-05, 1.8772927433e-05, 2.54236347246e-05, 2.14929277718e-05, 1.87182467926e-05, 1.66408099176e-05, 1.36590642796e-05, 1.44382156577e-05, 1.32519708131e-05, 1.15985685625e-05, 9.20206457522e-06, 9.39241999731e-06, 7.75098396844e-06, 5.36955349162e-06, 4.33970899394e-06, 3.83861151931e-06, 3.74986461793e-06, 3.53575023837e-06, 4.07436345995e-06, 4.79645814266e-06, 3.61739694199e-06, 4.05791934099e-06, 4.20228798248e-06, 5.09174333274e-06, 4.35347192251e-06, 9.06708464754e-06, 9.92994773696e-06, 4.82154337078e-06, 2.93912171401e-06, 4.21936192652e-06, 5.98877022639e-06, 6.47266278975e-06, 6.78939386489e-06, 6.51424079479e-06, 3.03961905956e-06, 4.00291582991e-06, 5.16783984494e-06, 3.20162916978e-06, 5.06647620568e-06, 3.56615782948e-06, 3.31789124175e-06, 5.54758798899e-06, 3.72614636035e-06, 2.46205263466e-06, 1.93133178072e-06, 1.33256230583e-06, 1.5136138245e-06, 1.82897042578e-06, 1.03064223822e-06, 5.93917718561e-07, 5.94389575781e-07, 8.75287355484e-07, 4.28579767231e-07, 2.49984196898e-07, 2.00539858497e-07, 1.86325721074e-07, 1.32593100943e-07, 1.37180535376e-07, 8.78670078919e-08, 7.09192846671e-08, 5.55552048809e-08, 5.03939716623e-08, 4.27158006744e-08, 3.53830209576e-08, 2.23957901113e-08, 1.40813094518e-08, 1.05508668469e-08, 6.13868333943e-09, 5.78798609041e-09, 1.17673302213e-08, 1.20576553186e-08, 2.90662893754e-09, 5.827723637e-09, 5.68758240505e-09, 2.73504241477e-09, 9.25117649153e-10, 2.44942871541e-10, 4.70342558304e-12, 3.97097675922e-12, 3.84221560817e-12, 3.74513614565e-12, 3.70260853227e-12],
        "min": [2.34313875564e-27, 2.03678869066e-25, 5.44800714803e-26, 2.59100131725e-25, 1.69543637428e-25, 1.91242772718e-25, 1.88230679915e-25, 1.32146774095e-25, 4.17543584095e-25, 1.92112639777e-25, 1.74250610212e-25, 1.11571703965e-25, 2.65600542799e-25, 4.26853178157e-25, 2.0212147275e-25, 4.36265915782e-25, 6.61561927907e-25, 2.65228348363e-25, 3.57658391767e-25, 1.89057270558e-25, 3.10872481289e-25, 4.07941815676e-25, 6.69945004836e-25, 3.88585239822e-25, 3.52252747066e-25, 3.37443091514e-25, 6.17196489205e-25, 4.22873029763e-25, 3.12232921224e-25, 9.99306006834e-26, 2.50616401075e-25, 9.24812503374e-25, 6.89267068025e-25, 8.05114348793e-25, 5.22344938645e-25, 8.32777346482e-26, 9.90565834761e-25, 1.03010019067e-24, 1.04569192786e-24, 8.36706305199e-25, 6.29697814489e-25, 3.88611962485e-25, 8.8619085953e-25, 8.26430110009e-25, 6.39432801794e-25, 5.26363544008e-25, 1.10019777906e-24, 9.05798194545e-25, 1.17188423193e-24, 4.10288923388e-25, 9.63357134671e-25, 7.65953025483e-25, 8.11157269846e-25, 1.04912810735e-24, 1.01627086736e-24, 1.59758996259e-24, 1.24261931854e-24, 1.97463007516e-24, 1.6714840427e-24, 1.25269238204e-24, 1.33499207092e-24, 1.58221368304e-24, 1.56102645685e-24, 1.26116425513e-24, 1.84184703544e-24, 2.52974833872e-24, 1.81694821869e-24, 1.29722338293e-24, 1.80096333295e-24, 1.96740470091e-24, 2.19190840086e-24, 1.49378622127e-24, 2.19343563558e-24, 1.73358356759e-24, 2.70077338297e-24, 1.74467495192e-24, 2.35736231219e-24, 1.9632805361e-24, 2.60294871426e-24, 3.11227892709e-24, 1.67043268833e-24, 2.79336001526e-24, 2.28736116204e-24, 2.81913229825e-24, 2.22483880771e-24, 2.49064627858e-24, 2.54304458927e-24, 2.9231875876e-24, 2.89291919188e-24, 2.48807715583e-24, 3.02326800406e-24, 3.14306166012e-24, 3.08788281195e-24, 4.17257128979e-24, 2.44461683641e-24, 2.86370629205e-24, 3.11285479555e-24, 2.81941254109e-24, 3.75145170061e-24, 4.1178570807e-24, 4.06787445931e-24, 3.59371265172e-24, 4.06028956171e-24, 3.27336669052e-24, 4.11496787763e-24, 3.6303595795e-24, 3.03261778073e-24, 4.35018608362e-24, 3.65497835063e-24, 3.44719672693e-24, 4.74071916892e-24, 4.35456583936e-24, 4.32993405203e-24, 4.27222927124e-24, 4.74036733696e-24, 4.81518093306e-24, 4.04334206845e-24, 3.28063683262e-24, 4.18414387927e-24, 4.28063103431e-24, 5.63428913197e-24, 5.23915935417e-24, 4.22174375103e-24, 3.8456949408e-24, 4.3481161126e-24, 4.2885149102e-24, 4.61500984494e-24, 5.17006342191e-24],
        "stdev": [2.69175034191e-05, 2.8616608688e-05, 0.00023037691426, 0.000906700326595, 0.00112595327664, 0.000633642426692, 0.00064391392516, 0.00186678359751, 0.0018722290406, 0.00144079409074, 0.000818425149191, 0.000605779525358, 0.000588699593209, 0.000261177687207, 0.000294701691018, 0.000426912505645, 0.000294501689496, 0.00058549613459, 0.000419807241997, 0.000216378160985, 0.000202772178454, 0.000247331307037, 0.000108521868242, 0.000110920089355, 0.000111431414552, 0.000127788371174, 0.000154555047629, 0.000198507725145, 0.000153964705532, 0.000139881056384, 9.37094519031e-05, 0.000111588968139, 0.000118692158139, 0.000133828769322, 0.000146110527567, 0.00025507499231, 0.000161928372108, 9.2331902124e-05, 0.000104785867734, 9.42689875956e-05, 9.19328449527e-05, 8.33966114442e-05, 7.68380923546e-05, 8.45597169246e-05, 6.30379436188e-05, 6.11743307672e-05, 5.24435781699e-05, 6.49517314741e-05, 0.000119542804896, 7.87951430539e-05, 5.9881251218e-05, 6.13928714301e-05, 4.37046510342e-05, 4.71468374599e-05, 4.58354261355e-05, 3.76165007765e-05, 3.0169279853e-05, 3.55354677595e-05, 2.68861695076e-05, 1.76863795787e-05, 1.38268205774e-05, 1.39034955282e-05, 1.49449651872e-05, 1.59387673193e-05, 1.88327067008e-05, 2.46285380854e-05, 2.53383695963e-05, 3.71332025679e-05, 2.31744088524e-05, 3.18909151247e-05, 2.76988303085e-05, 6.87158462824e-05, 8.10842539067e-05, 3.49040674337e-05, 1.97426797968e-05, 3.91676330764e-05, 5.25910982105e-05, 5.4381780501e-05, 5.2490075177e-05, 5.76670827286e-05, 2.91958112939e-05, 3.6263038055e-05, 4.2857711378e-05, 2.14423052967e-05, 4.05122191296e-05, 3.11930925818e-05, 2.54251226579e-05, 4.76280038129e-05, 3.31210685545e-05, 2.0806248358e-05, 1.57008707902e-05, 1.16465298561e-05, 1.33013154482e-05, 1.62593732966e-05, 8.16930787551e-06, 4.38082952314e-06, 4.63072046841e-06, 7.66593984736e-06, 2.85696046376e-06, 1.71200554178e-06, 1.23119491491e-06, 1.16784690363e-06, 7.96968151917e-07, 8.57042721236e-07, 5.65806828945e-07, 4.45522260861e-07, 3.18017129075e-07, 3.01262645053e-07, 2.92385522016e-07, 2.20431886078e-07, 1.41207351589e-07, 1.0586424537e-07, 8.64591029881e-08, 4.73617767227e-08, 4.15555803102e-08, 6.80012846033e-08, 6.88346304401e-08, 1.81752533024e-08, 3.39441861286e-08, 3.8125996582e-08, 1.99285210556e-08, 1.08550262112e-08, 3.3188005677e-09, 8.30434471188e-11, 7.99873500767e-11, 7.90130877393e-11, 7.78684269842e-11, 7.70741248601e-11]
    },
    "mfcc": {
        "mean": [-1168.5949707, 13.2176322937, -4.49427604675, 1.46914553642, 0.233182430267, 2.45657372475, -0.520385146141, 0.532256543636, -0.241984859109, -0.176196038723, -0.67367708683, -0.0164291858673, -0.181564301252],
        "cov": [[58388.9960938, 7919.58837891, -2664.3125, 903.284362793, 133.706604004, 1498.33874512, -304.968688965, 331.304626465, -157.569763184, -113.326049805, -422.139953613, -0.110677972436, -101.268180847], [7919.58837891, 1472.05957031, -321.065368652, 203.764480591, 79.1440505981, 181.566864014, -40.5239372253, 53.1854362488, -42.8827323914, -53.3345947266, -73.4078292847, -42.044883728, -34.105846405], [-2664.3125, -321.065368652, 171.105255127, -12.9719543457, -2.46305966377, -61.4103622437, 11.5470676422, -15.6890687943, 0.252546727657, -0.473107665777, 13.2796802521, -7.23446941376, 3.04394650459], [903.284362793, 203.764480591, -12.9719543457, 58.2890167236, 23.6417369843, 29.6864833832, -1.9947861433, 5.29815864563, -12.9619474411, -10.0906152725, -14.535323143, -13.3101835251, -6.79048681259], [133.706604004, 79.1440505981, -2.46305966377, 23.6417369843, 30.9701404572, 6.24480056763, 3.18317174911, 0.862016737461, -7.75651836395, -9.81590843201, -7.81074714661, -9.00225162506, -6.25580978394], [1498.33874512, 181.566864014, -61.4103622437, 29.6864833832, 6.24480056763, 52.6092414856, -4.85474634171, 8.0095539093, -4.49807214737, -2.30531978607, -12.5013618469, -0.310773074627, -2.85305643082], [-304.968688965, -40.5239372253, 11.5470676422, -1.9947861433, 3.18317174911, -4.85474634171, 12.0801887512, 1.13378441334, 0.813214659691, 0.0108367977664, -0.0703761726618, -2.13576173782, -2.19057393074], [331.304626465, 53.1854362488, -15.6890687943, 5.29815864563, 0.862016737461, 8.0095539093, 1.13378441334, 9.28021240234, 0.667350590229, -2.04038047791, -2.64149165154, -1.83615291119, -2.55469870567], [-157.569763184, -42.8827323914, 0.252546727657, -12.9619474411, -7.75651836395, -4.49807214737, 0.813214659691, 0.667350590229, 7.78533411026, 4.02605295181, 3.2861571312, 2.81472873688, 0.761380255222], [-113.326049805, -53.3345947266, -0.473107665777, -10.0906152725, -9.81590843201, -2.30531978607, 0.0108367977664, -2.04038047791, 4.02605295181, 9.17595481873, 5.16227769852, 3.8565454483, 2.48714780807], [-422.139953613, -73.4078292847, 13.2796802521, -14.535323143, -7.81074714661, -12.5013618469, -0.0703761726618, -2.64149165154, 3.2861571312, 5.16227769852, 11.3122434616, 3.26193165779, 2.86418890953], [-0.110677972436, -42.044883728, -7.23446941376, -13.3101835251, -9.00225162506, -0.310773074627, -2.13576173782, -1.83615291119, 2.81472873688, 3.8565454483, 3.26193165779, 9.2608499527, 4.1168346405], [-101.268180847, -34.105846405, 3.04394650459, -6.79048681259, -6.25580978394, -2.85305643082, -2.19057393074, -2.55469870567, 0.761380255222, 2.48714780807, 2.86418890953, 4.1168346405, 8.32598018646]],
        "icov": [[0.000657912052702, -0.00199582497589, 0.00311350915581, 0.000315847079037, 0.00280415732414, -0.00705502880737, 0.0027251613792, -0.00225041317753, 0.00340752745979, -0.00433667376637, 0.00412950757891, -0.0043463059701, 0.000374122551875], [-0.00199582497589, 0.0118296900764, 0.000271761848126, -0.0150623535737, -0.00339475204237, 0.0226812008768, 0.0016602454707, 0.00248863105662, -0.010776729323, 0.031265925616, -0.012797514908, 0.024358978495, 0.00222476269118], [0.00311350915581, 0.000271761848126, 0.0452546142042, -0.0320194773376, 0.0297108404338, -0.0156686343253, 0.0178930554539, -7.73058127379e-06, 0.0105255767703, 0.0201462209225, 0.0121358418837, 0.0053644371219, 0.00417504645884], [0.000315847079037, -0.0150623535737, -0.0320194773376, 0.10632417351, -0.0288800373673, -0.0420838817954, -0.00313394190744, -0.00820618961006, 0.061448212713, -0.0625082328916, 0.0240647029132, 0.0305712148547, -0.00924053508788], [0.00280415732414, -0.00339475204237, 0.0297108404338, -0.0288800373673, 0.0930290073156, -0.0224137958139, -0.00422652624547, 0.019433747977, 0.0283449068666, 0.0507426038384, 0.013193837367, 0.0139707028866, 0.0236567668617], [-0.00705502880737, 0.0226812008768, -0.0156686343253, -0.0420838817954, -0.0224137958139, 0.138501778245, -0.0285801161081, 0.0135186556727, -0.0435339286923, 0.0351448394358, -0.0184660833329, 0.0150343049318, -0.00184551230632], [0.0027251613792, 0.0016602454707, 0.0178930554539, -0.00313394190744, -0.00422652624547, -0.0285801161081, 0.14024528861, -0.0531785041094, 0.0166130177677, -0.0238197352737, 0.0370650775731, 0.0149622680619, 0.0239091515541], [-0.00225041317753, 0.00248863105662, -7.73058127379e-06, -0.00820618961006, 0.019433747977, 0.0135186556727, -0.0531785041094, 0.19577601552, -0.0693261921406, 0.0733478963375, -0.0339843705297, 0.039945397526, 0.0178149975836], [0.00340752745979, -0.010776729323, 0.0105255767703, 0.061448212713, 0.0283449068666, -0.0435339286923, 0.0166130177677, -0.0693261921406, 0.281785100698, -0.0975552201271, 0.036838285625, -0.00605122325942, 0.0267400871962], [-0.00433667376637, 0.031265925616, 0.0201462209225, -0.0625082328916, 0.0507426038384, 0.0351448394358, -0.0238197352737, 0.0733478963375, -0.0975552201271, 0.329241394997, -0.111515127122, 0.0574256815016, 0.00392753724009], [0.00412950757891, -0.012797514908, 0.0121358418837, 0.0240647029132, 0.013193837367, -0.0184660833329, 0.0370650775731, -0.0339843705297, 0.036838285625, -0.111515127122, 0.209582746029, -0.0344507284462, -0.00921630300581], [-0.0043463059701, 0.024358978495, 0.0053644371219, 0.0305712148547, 0.0139707028866, 0.0150343049318, 0.0149622680619, 0.039945397526, -0.00605122325942, 0.0574256815016, -0.0344507284462, 0.306401729584, -0.0545195937157], [0.000374122551875, 0.00222476269118, 0.00417504645884, -0.00924053508788, 0.0236567668617, -0.00184551230632, 0.0239091515541, 0.0178149975836, 0.0267400871962, 0.00392753724009, -0.00921630300581, -0.0545195937157, 0.180115610361]]
    },
    "spectral_contrast_coeffs": {
        "max": [-0.437243878841, -0.657173991203, -0.705819547176, -0.740957975388, -0.665427625179, -0.610566556454],
        "mean": [-0.927783191204, -0.9405143857, -0.938271164894, -0.941583693027, -0.935939729214, -0.926983714104],
        "min": [-0.983741760254, -0.986854255199, -0.989424645901, -0.982963740826, -0.986050963402, -0.965404748917],
        "stdev": [0.0970677807927, 0.0632554367185, 0.0570593997836, 0.0504018738866, 0.0617186315358, 0.0832354947925]
    },
    "spectral_contrast_valleys": {
        "max": [-5.31210041046, -5.11689662933, -4.9126868248, -5.44884109497, -5.69579696655, -7.51480150223],
        "mean": [-24.3506507874, -24.2882423401, -24.3380718231, -24.2938289642, -24.3655052185, -24.7786178589],
        "min": [-28.3245697021, -28.0869598389, -28.1469535828, -27.7870159149, -27.5496501923, -27.4341125488],
        "stdev": [7.07763242722, 7.22760677338, 7.28087282181, 7.31931447983, 7.15700721741, 6.14942312241]
    }
},
"rhythm": {
    "beats_count": 21,
    "beats_loudness": {
        "max": 0.0472337789834,
        "mean": 0.0063991015777,
        "min": 0,
        "stdev": 0.0156988408417
    },
    "bpm": 103.599510193,
    "bpm_histogram_first_peak_bpm": 103,
    "bpm_histogram_first_peak_weight": 0.631578922272,
    "bpm_histogram_second_peak_bpm": 108,
    "bpm_histogram_second_peak_spread": 0,
    "bpm_histogram_second_peak_weight": 0.0500000007451,
    "danceability": 0.961726248264,
    "onset_rate": 0.470242828131,
    "beats_loudness_band_ratio": {
        "max": [0.298882037401, 0.138896286488, 0.231168225408, 0.287998735905, 0.200216472149, 0.728510737419],
        "mean": [0.0159771237522, 0.00744971493259, 0.0139670623466, 0.0262553542852, 0.0195150822401, 0.063908316195],
        "min": [0, 0, 0, 0, 0, 0],
        "stdev": [0.063503883779, 0.029511814937, 0.0494350343943, 0.0705203786492, 0.050835262984, 0.194370254874]
    },
    "beats_position": [0.580498874187, 1.17260766029, 1.764716506, 2.35682535172, 2.94893407822, 3.51782298088, 4.08671188354, 4.65560102463, 5.22448968887, 5.79337835312, 6.37387752533, 6.9543762207, 7.5464849472, 8.12698364258, 8.71909236908, 9.29959201813, 9.8800907135, 10.4605894089, 11.0294780731, 11.6099767685, 12.1672563553],
    "bpm_histogram": [0, 0, 0, 0, 0, 0, 0, 0, 0, 0, 0, 0, 0, 0, 0, 0, 0, 0, 0, 0, 0, 0, 0, 0, 0, 0, 0, 0, 0, 0, 0, 0, 0, 0, 0, 0, 0, 0, 0, 0, 0, 0, 0, 0, 0, 0, 0, 0, 0, 0, 0, 0, 0, 0, 0, 0, 0, 0, 0, 0, 0, 0, 0, 0, 0, 0, 0, 0, 0, 0, 0, 0, 0, 0, 0, 0, 0, 0, 0, 0, 0, 0, 0, 0, 0, 0, 0, 0, 0, 0, 0, 0, 0, 0, 0, 0, 0, 0, 0, 0, 0, 0.300000011921, 0, 0.34999999404, 0, 0.300000011921, 0, 0, 0.0500000007451, 0, 0, 0, 0, 0, 0, 0, 0, 0, 0, 0, 0, 0, 0, 0, 0, 0, 0, 0, 0, 0, 0, 0, 0, 0, 0, 0, 0, 0, 0, 0, 0, 0, 0, 0, 0, 0, 0, 0, 0, 0, 0, 0, 0, 0, 0, 0, 0, 0, 0, 0, 0, 0, 0, 0, 0, 0, 0, 0, 0, 0, 0, 0, 0, 0, 0, 0, 0, 0, 0, 0, 0, 0, 0, 0, 0, 0, 0, 0, 0, 0, 0, 0, 0, 0, 0, 0, 0, 0, 0, 0, 0, 0, 0, 0, 0, 0, 0, 0, 0, 0, 0, 0, 0, 0, 0, 0, 0, 0, 0, 0, 0, 0, 0, 0, 0, 0, 0, 0, 0, 0, 0, 0, 0, 0, 0, 0, 0, 0, 0, 0, 0, 0, 0, 0, 0, 0, 0, 0, 0, 0]
},
"tonal": {
    "chords_changes_rate": 0.0615942031145,
    "chords_number_rate": 0.0217391308397,
    "chords_strength": {
        "max": 0.646957278252,
        "mean": -0.710990250111,
        "min": -1,
        "stdev": 0.55560028553
    },
