{
"metadata": {
    "version": {
        "essentia": "2.1-beta5",
        "essentia_git_sha": "Undefined",
        "extractor": "music 2.0"
    },
    "audio_properties": {
        "analysis": {
            "equal_loudness": 0,
            "length": 52.2448997498,
            "sample_rate": 44100,
            "start_time": 110.248344421,
            "downmix": "mix"
        },
        "bit_rate": 192000,
        "length": 205.322463989,
        "lossless": 0,
        "number_channels": 2,
        "replay_gain": -7.65138626099,
        "sample_rate": 48000,
        "codec": "mp3",
        "md5_encoded": "e92605b28552f0c2c86707af32490ab4"
    },
    "tags": {
        "file_name": "Norway_Lenge Leve Livet_Dollie de Luxe.mp3",
        "encoding": ["Lavf58.29.100"]
    }
},
"lowlevel": {
    "average_loudness": 0.931295216084,
    "barkbands_crest": {
        "max": 24.9551696777,
        "mean": 8.61021327972,
        "min": 2.02088999748,
        "stdev": 4.28052330017
    },
    "barkbands_flatness_db": {
        "max": 0.258617520332,
        "mean": 0.113539561629,
        "min": 0.0305411051959,
        "stdev": 0.0396689735353
    },
    "barkbands_kurtosis": {
        "max": 45.0462188721,
        "mean": 0.937230467796,
        "min": -1.83005571365,
        "stdev": 3.77696537971
    },
    "barkbands_skewness": {
        "max": 6.06507635117,
        "mean": 0.839361071587,
        "min": -3.55677819252,
        "stdev": 0.899477422237
    },
    "barkbands_spread": {
        "max": 81.9077682495,
        "mean": 27.5926265717,
        "min": 3.14916062355,
        "stdev": 13.238199234
    },
    "dissonance": {
        "max": 0.49999499321,
        "mean": 0.470349162817,
        "min": 0.308532088995,
        "stdev": 0.021783631295
    },
    "dynamic_complexity": 2.40091538429,
    "erbbands_crest": {
        "max": 27.0179290771,
        "mean": 8.86259365082,
        "min": 2.11562085152,
        "stdev": 4.22023534775
    },
    "erbbands_flatness_db": {
        "max": 0.299856871367,
        "mean": 0.168289482594,
        "min": 0.0638817697763,
        "stdev": 0.042614299804
    },
    "erbbands_kurtosis": {
        "max": 12.258272171,
        "mean": -0.115931630135,
        "min": -1.77057385445,
        "stdev": 1.4799246788
    },
    "erbbands_skewness": {
        "max": 3.07010006905,
        "mean": 0.136290833354,
        "min": -2.9939930439,
        "stdev": 0.756135821342
    },
    "erbbands_spread": {
        "max": 125.6485672,
        "mean": 37.6373138428,
        "min": 6.64090585709,
        "stdev": 14.6702384949
    },
    "hfc": {
        "max": 142.647262573,
        "mean": 22.2125759125,
        "min": 0.969799041748,
        "stdev": 16.829875946
    },
    "loudness_ebu128": {
        "integrated": -17.4148273468,
        "loudness_range": 3.25240135193,
        "momentary": {
            "max": -13.4341821671,
            "mean": -17.8952941895,
            "min": -25.2740421295,
            "stdev": 2.12169337273
        },
        "short_term": {
            "max": -14.5641841888,
            "mean": -17.6136894226,
            "min": -20.3067359924,
            "stdev": 1.21266710758
        }
    },
    "melbands_crest": {
        "max": 30.7795391083,
        "mean": 11.8565168381,
        "min": 3.05741596222,
        "stdev": 5.2526102066
    },
    "melbands_flatness_db": {
        "max": 0.312346041203,
        "mean": 0.136871919036,
        "min": 0.0161243788898,
        "stdev": 0.047153942287
    },
    "melbands_kurtosis": {
        "max": 93.6478805542,
        "mean": 5.24795198441,
        "min": -1.66520130634,
        "stdev": 8.07381725311
    },
    "melbands_skewness": {
        "max": 7.86941337585,
        "mean": 1.75564718246,
        "min": -1.84227716923,
        "stdev": 1.04029035568
    },
    "melbands_spread": {
        "max": 164.526428223,
        "mean": 36.0564804077,
        "min": 2.58085131645,
        "stdev": 20.5753040314
    },
    "pitch_salience": {
        "max": 0.830055236816,
        "mean": 0.580444931984,
        "min": 0.184606745839,
        "stdev": 0.104394517839
    },
    "silence_rate_20dB": {
        "max": 1,
        "mean": 1,
        "min": 1,
        "stdev": 0
    },
    "silence_rate_30dB": {
        "max": 1,
        "mean": 1,
        "min": 1,
        "stdev": 0
    },
    "silence_rate_60dB": {
        "max": 1,
        "mean": 0.0484229214489,
        "min": 0,
        "stdev": 0.214656755328
    },
    "spectral_centroid": {
        "max": 4541.82373047,
        "mean": 1873.59643555,
        "min": 369.386932373,
        "stdev": 677.570800781
    },
    "spectral_complexity": {
        "max": 53,
        "mean": 22.1323852539,
        "min": 2,
        "stdev": 9.64723587036
    },
    "spectral_decrease": {
        "max": -1.96192270763e-10,
        "mean": -3.82977694002e-09,
        "min": -1.67085083547e-08,
        "stdev": 2.52621301655e-09
    },
    "spectral_energy": {
        "max": 0.0657701194286,
        "mean": 0.0164692029357,
        "min": 0.000865882786456,
        "stdev": 0.0105342194438
    },
    "spectral_energyband_high": {
        "max": 0.0245664380491,
        "mean": 0.00128781760577,
        "min": 8.45969952934e-06,
        "stdev": 0.00181379308924
    },
    "spectral_energyband_low": {
        "max": 0.0132849160582,
        "mean": 0.00120391580276,
        "min": 9.01172097656e-06,
        "stdev": 0.00172913621645
    },
    "spectral_energyband_middle_high": {
        "max": 0.0383094288409,
        "mean": 0.00565692316741,
        "min": 5.5800901464e-05,
        "stdev": 0.00509185064584
    },
    "spectral_energyband_middle_low": {
        "max": 0.0626519545913,
        "mean": 0.00886617880315,
        "min": 0.000261885870714,
        "stdev": 0.00801953673363
    },
    "spectral_entropy": {
        "max": 8.76249694824,
        "mean": 7.71305179596,
        "min": 6.44608783722,
        "stdev": 0.328139603138
    },
    "spectral_flux": {
        "max": 0.216707840562,
        "mean": 0.07306034863,
        "min": 0.0151064852253,
        "stdev": 0.0286108888686
    },
    "spectral_kurtosis": {
        "max": 14.2184085846,
        "mean": 3.75054526329,
        "min": -0.874993085861,
        "stdev": 1.71057534218
    },
    "spectral_rms": {
        "max": 0.00801036693156,
        "mean": 0.00379668851383,
        "min": 0.00091911025811,
        "stdev": 0.00128555938136
    },
    "spectral_rolloff": {
        "max": 11089.5996094,
        "mean": 2588.08520508,
        "min": 258.3984375,
        "stdev": 1587.45458984
    },
    "spectral_skewness": {
        "max": 2.56574702263,
        "mean": 1.33216011524,
        "min": -0.182927265763,
        "stdev": 0.341995835304
    },
    "spectral_spread": {
        "max": 17321298,
        "mean": 4469809.5,
        "min": 2390274,
        "stdev": 1516121.625
    },
    "spectral_strongpeak": {
        "max": 14.1162509918,
        "mean": 1.32535505295,
        "min": 0.0242960397154,
        "stdev": 1.39305973053
    },
    "zerocrossingrate": {
        "max": 0.35400390625,
        "mean": 0.0888643711805,
        "min": 0.01318359375,
        "stdev": 0.0387489050627
    },
    "barkbands": {
        "max": [0.000170755272848, 0.00638902094215, 0.00874099973589, 0.0125110670924, 0.0165009964257, 0.0600957274437, 0.0436184518039, 0.0496850498021, 0.0448986031115, 0.0426844768226, 0.0154606495053, 0.0200747381896, 0.00855522137135, 0.00665320036933, 0.0141283478588, 0.00802058633417, 0.0220609232783, 0.00745640089735, 0.00615833839402, 0.00621765619144, 0.010912896134, 0.00655780639499, 0.00459612486884, 0.00259915087372, 0.00237297778949, 0.000762753887102, 6.21142726231e-06],
        "mean": [1.47029841173e-05, 0.000452063977718, 0.000442646676674, 0.000625483517069, 0.00114575400949, 0.00198615901172, 0.0018054213142, 0.00168537988793, 0.00119671213906, 0.00108018226456, 0.000660427496769, 0.000491839542519, 0.000308312068228, 0.000335391174303, 0.000469276332296, 0.000500737631228, 0.0008235295536, 0.000479683629237, 0.000499874295201, 0.000525541428942, 0.000410217791796, 0.000168189930264, 0.000122565223137, 9.88817482721e-05, 8.46643888508e-05, 5.55213518965e-05, 5.05944868223e-08],
        "min": [1.50495633733e-08, 1.64507150657e-06, 6.22572429165e-07, 1.21789332752e-06, 7.23576704331e-06, 9.25102995097e-06, 4.7930452638e-06, 3.13204213853e-06, 1.28021702039e-06, 2.68441931439e-06, 2.36305595536e-06, 2.23406573241e-06, 9.84936491477e-07, 8.19040735678e-07, 2.30636692322e-06, 3.23097242472e-06, 2.15441514229e-06, 2.58521117757e-06, 2.98231930174e-06, 2.21747563955e-06, 2.18327340917e-06, 8.97412348877e-07, 6.22647235105e-07, 3.76095272259e-07, 1.72448494595e-07, 2.08288142289e-08, 2.789312184e-11],
        "stdev": [2.09108893614e-05, 0.000710529508069, 0.000906887231395, 0.00103656528518, 0.00144112179987, 0.0045636720024, 0.0037476986181, 0.00437955325469, 0.00280373101123, 0.00217897584662, 0.00138420902658, 0.00120951549616, 0.000592758064158, 0.000541381421499, 0.000773334468249, 0.000759415037464, 0.00161439960357, 0.000688432890456, 0.000574695935939, 0.000703422818333, 0.000786684453487, 0.000434119487181, 0.000273217709037, 0.000183607902727, 0.000153718807269, 0.000107834384835, 2.1206467693e-07]
    },
    "erbbands": {
        "max": [0.0927808955312, 1.79452812672, 8.82266235352, 27.2909469604, 27.441614151, 57.5694541931, 472.093963623, 769.242431641, 513.57635498, 1076.66418457, 1021.61199951, 1170.5760498, 1637.7286377, 1170.49401855, 990.576843262, 457.805633545, 377.67288208, 302.898895264, 706.414489746, 296.113189697, 433.546813965, 1112.78320312, 334.774658203, 426.594512939, 177.363967896, 294.586242676, 455.490264893, 463.425506592, 233.317626953, 243.760437012, 110.436012268, 60.9934387207, 55.7335319519, 28.2482261658, 20.1341781616, 5.31322002411, 0.755922079086, 0.0338678434491, 0.000894938246347, 9.79230026132e-05],
        "mean": [0.0101380739361, 0.113791294396, 0.460011035204, 1.3914577961, 2.19257688522, 4.26964235306, 10.2604913712, 17.7900505066, 23.3353023529, 33.2172737122, 33.460018158, 27.4058227539, 34.6424179077, 32.3386802673, 24.5456867218, 18.8012123108, 14.3334121704, 16.7780818939, 23.3076381683, 23.8887290955, 33.9367980957, 40.6643180847, 27.2414665222, 29.9535999298, 20.8694095612, 23.5517902374, 24.9384746552, 10.1910362244, 6.28689861298, 4.5563120842, 3.4345061779, 2.31240749359, 1.52448987961, 0.821058511734, 0.67762285471, 0.405931383371, 0.0573731400073, 0.00185814988799, 7.2324910434e-05, 2.70661221293e-05],
        "min": [3.61156635336e-05, 0.000422811455792, 0.00128391780891, 0.00740566616878, 0.0228893030435, 0.0283393282443, 0.0732620060444, 0.126906201243, 0.156576067209, 0.167897328734, 0.162808135152, 0.105539761484, 0.21770042181, 0.105883419514, 0.140709295869, 0.0771725550294, 0.0614420808852, 0.0399038977921, 0.123221538961, 0.131377503276, 0.166235357523, 0.166257113218, 0.167338177562, 0.161840677261, 0.147011965513, 0.135973379016, 0.143756479025, 0.0423535257578, 0.0309541374445, 0.0191583130509, 0.0182377137244, 0.0124112926424, 0.00520380912349, 0.00226073130034, 0.000990459695458, 0.000223171140533, 1.17731242426e-05, 7.40864891213e-07, 7.80655341259e-07, 1.15098259812e-06],
        "stdev": [0.0126947360113, 0.197777464986, 0.899141907692, 2.32282423973, 2.77131962776, 5.3729224205, 27.8950309753, 46.8280067444, 42.1627502441, 75.8601837158, 79.1618423462, 60.9364395142, 77.0433425903, 68.6377868652, 53.972454071, 36.7058258057, 25.5691661835, 24.357339859, 37.8299598694, 28.4647846222, 50.0625190735, 73.4605865479, 35.015838623, 38.6853141785, 22.6574306488, 30.8013744354, 43.2889785767, 21.8318367004, 15.2814464569, 12.9767370224, 7.39955854416, 4.19553947449, 3.01798558235, 1.56219732761, 1.25957512856, 0.775117397308, 0.112189345062, 0.00367488851771, 0.000116707902635, 1.78723475983e-05]
    },
    "gfcc": {
        "mean": [1.99154496193, 73.5300827026, -145.241729736, 33.6857070923, -74.7445449829, 5.19378948212, -47.1269836426, 16.0149154663, -27.8039798737, 4.41503810883, -16.3921489716, -1.46726322174, -6.91453790665],
        "cov": [[2039.19494629, -724.177001953, 175.060348511, 63.1957855225, 8.79625415802, 154.708602905, 74.7817001343, 163.75970459, -134.37411499, 69.9563903809, -203.370162964, 66.1158294678, -114.565132141], [-724.177001953, 890.269287109, -238.327056885, -58.5928535461, 37.6362228394, -111.358795166, 85.6075439453, -92.7460861206, 105.944252014, -111.435081482, 177.153625488, -86.8132629395, 105.105392456], [175.060348511, -238.327056885, 783.061828613, 0.0290253404528, 61.1064949036, 138.580551147, -126.921913147, 10.7651176453, -131.205673218, 103.087623596, -126.30745697, 126.939552307, -116.426513672], [63.1957855225, -58.5928535461, 0.0290253404528, 267.135437012, 40.2203102112, -39.0871353149, 3.77291798592, -19.2215251923, 31.0045375824, 3.60728931427, -23.2414779663, -17.6407184601, 6.84865474701], [8.79625415802, 37.6362228394, 61.1064949036, 40.2203102112, 146.993545532, 45.333984375, -4.57039117813, 42.7150878906, -3.07343459129, 6.11752843857, -34.8137550354, 7.42532634735, -16.4125709534], [154.708602905, -111.358795166, 138.580551147, -39.0871353149, 45.333984375, 225.370666504, 50.8253669739, 14.8320207596, -59.2556304932, -0.954962015152, -44.0753898621, 19.2670116425, -38.045173645], [74.7817001343, 85.6075439453, -126.921913147, 3.77291798592, -4.57039117813, 50.8253669739, 157.65625, 19.1071720123, 4.17069959641, -22.5989265442, 26.5131759644, -23.9162197113, 11.8124866486], [163.75970459, -92.7460861206, 10.7651176453, -19.2215251923, 42.7150878906, 14.8320207596, 19.1071720123, 142.696121216, 43.2070426941, 3.850025177, -17.6179866791, 11.8169727325, -20.355298996], [-134.37411499, 105.944252014, -131.205673218, 31.0045375824, -3.07343459129, -59.2556304932, 4.17069959641, 43.2070426941, 143.64012146, 3.7554526329, 55.9030647278, -32.8841972351, 21.0776767731], [69.9563903809, -111.435081482, 103.087623596, 3.60728931427, 6.11752843857, -0.954962015152, -22.5989265442, 3.850025177, 3.7554526329, 100.535606384, -6.80332994461, 26.0340995789, -28.1016521454], [-203.370162964, 177.153625488, -126.30745697, -23.2414779663, -34.8137550354, -44.0753898621, 26.5131759644, -17.6179866791, 55.9030647278, -6.80332994461, 148.297302246, -0.159077867866, 36.3071136475], [66.1158294678, -86.8132629395, 126.939552307, -17.6407184601, 7.42532634735, 19.2670116425, -23.9162197113, 11.8169727325, -32.8841972351, 26.0340995789, -0.159077867866, 102.461288452, 3.10910367966], [-114.565132141, 105.105392456, -116.426513672, 6.84865474701, -16.4125709534, -38.045173645, 11.8124866486, -20.355298996, 21.0776767731, -28.1016521454, 36.3071136475, 3.10910367966, 102.93850708]],
        "icov": [[0.000837905448861, 0.000380424200557, 0.000139645155286, -0.000278635940049, 0.000304973655147, -7.44965436752e-05, -0.000533953134436, -0.000861183332745, 0.000679724791553, -0.000272579665761, 0.000481078663142, -0.000192325212993, 0.000255201390246], [0.000380424200557, 0.00547294691205, -0.00257057510316, 0.00357583584264, -0.00616997433826, 0.0041688689962, -0.00540716852993, 0.00619505671784, -0.00468022236601, 0.00582779897377, -0.00358238513581, 0.00295643787831, -0.00218400219455], [0.000139645155286, -0.00257057510316, 0.00439049815759, -0.00243098777719, 0.00323285814375, -0.00357627286576, 0.00460619665682, -0.0036868781317, 0.00389725086279, -0.00454444251955, 0.00264139357023, -0.00386862130836, 0.00299028865993], [-0.000278635940049, 0.00357583584264, -0.00243098777719, 0.00751026207581, -0.00640732981265, 0.00444027967751, -0.00496206711978, 0.00705448258668, -0.00593852205202, 0.00448941159993, -0.00110382726416, 0.00218001194298, -0.00186148274224], [0.000304973655147, -0.00616997433826, 0.00323285814375, -0.00640732981265, 0.0165894795209, -0.00711274379864, 0.00728000933304, -0.0112529965118, 0.00681226374581, -0.00746777001768, 0.00514624919742, -0.00338547141291, 0.00253125093877], [-7.44965436752e-05, 0.0041688689962, -0.00357627286576, 0.00444027967751, -0.00711274379864, 0.0107631990686, -0.007982224226, 0.00611433340237, -0.00348631222732, 0.00593435531482, -0.0019792872481, 0.00209125713445, -0.000742006697692], [-0.000533953134436, -0.00540716852993, 0.00460619665682, -0.00496206711978, 0.00728000933304, -0.007982224226, 0.0156385134906, -0.00885132979602, 0.00704997265711, -0.00620352197438, 0.00100642547477, -0.0013638214441, 0.00168147007935], [-0.000861183332745, 0.00619505671784, -0.0036868781317, 0.00705448258668, -0.0112529965118, 0.00611433340237, -0.00885132979602, 0.0206474941224, -0.0133404675871, 0.00913682207465, -0.00183642131742, 0.000214289524592, -0.000491869926918], [0.000679724791553, -0.00468022236601, 0.00389725086279, -0.00593852205202, 0.00681226374581, -0.00348631222732, 0.00704997265711, -0.0133404675871, 0.0193649455905, -0.0087961954996, -0.00124780985061, 0.00151758885477, 0.000716703420039], [-0.000272579665761, 0.00582779897377, -0.00454444251955, 0.00448941159993, -0.00746777001768, 0.00593435531482, -0.00620352197438, 0.00913682207465, -0.0087961954996, 0.0199158173054, -0.00419731903821, 0.000534170132596, 0.000531106605195], [0.000481078663142, -0.00358238513581, 0.00264139357023, -0.00110382726416, 0.00514624919742, -0.0019792872481, 0.00100642547477, -0.00183642131742, -0.00124780985061, -0.00419731903821, 0.0139525420964, -0.00571174174547, 0.00122552376706], [-0.000192325212993, 0.00295643787831, -0.00386862130836, 0.00218001194298, -0.00338547141291, 0.00209125713445, -0.0013638214441, 0.000214289524592, 0.00151758885477, 0.000534170132596, -0.00571174174547, 0.0175906550139, -0.00600292393938], [0.000255201390246, -0.00218400219455, 0.00299028865993, -0.00186148274224, 0.00253125093877, -0.000742006697692, 0.00168147007935, -0.000491869926918, 0.000716703420039, 0.000531106605195, 0.00122552376706, -0.00600292393938, 0.0153209157288]]
    },
    "melbands": {
        "max": [0.00120371417142, 0.00366015802138, 0.00401615584269, 0.00193887529895, 0.0124625572935, 0.0147605156526, 0.00779847800732, 0.0101462444291, 0.00730986520648, 0.00637389533222, 0.00817648041993, 0.00507727172226, 0.00255734543316, 0.00276797520928, 0.000987136154436, 0.000826003262773, 0.000689706066623, 0.000925196625758, 0.000868357950822, 0.000813503924292, 0.000686927174684, 0.00166675704531, 0.000518864660989, 0.000569169584196, 0.000409564556321, 0.000197429777472, 0.00014491287584, 0.000276516919257, 0.000306253088638, 0.000371303671272, 0.00021600346372, 0.000136209622724, 0.000191470753634, 0.000104178609035, 8.08680197224e-05, 6.52804374113e-05, 4.05329592468e-05, 4.34417306678e-05, 3.48099929397e-05, 2.18449513341e-05],
        "mean": [0.000108242951683, 0.000218046436203, 0.000267442810582, 0.000210166093893, 0.000330807961291, 0.000400464894483, 0.000366024847608, 0.000369642715668, 0.000258452550042, 0.000171959080035, 0.000171857944224, 0.000130621614517, 8.35668324726e-05, 6.12504736637e-05, 3.50496520696e-05, 3.13423333864e-05, 3.14449316647e-05, 3.53700124833e-05, 3.53612413164e-05, 3.52551760443e-05, 4.23120836786e-05, 4.82407122036e-05, 2.66352690232e-05, 2.36043670157e-05, 2.51324036071e-05, 1.50522328113e-05, 1.36983098855e-05, 1.66600184457e-05, 1.80053011718e-05, 1.0270943676e-05, 4.35162064605e-06, 3.62608057003e-06, 2.92541540148e-06, 2.34775052377e-06, 1.99926830646e-06, 1.6928520381e-06, 1.29879742872e-06, 1.10278119791e-06, 8.57190912029e-07, 6.38723520296e-07],
        "min": [4.35882185457e-07, 1.05450010324e-06, 2.67965151579e-06, 1.74424997113e-06, 2.53461053035e-06, 2.10606390283e-06, 2.56530734077e-06, 1.42734370456e-06, 1.19953631383e-06, 3.05567766645e-07, 9.85776182461e-07, 2.77573036556e-07, 4.64176395099e-07, 1.73948350835e-07, 1.81304855573e-07, 7.13774213068e-08, 6.99147548744e-08, 1.6685743276e-07, 1.49526485416e-07, 1.68956404423e-07, 2.02281427164e-07, 1.3219516859e-07, 1.42242370771e-07, 1.4024752204e-07, 9.59803116984e-08, 1.09156182759e-07, 5.64773117162e-08, 1.00128730196e-07, 8.92594869129e-08, 4.33237161701e-08, 1.80036376918e-08, 1.342247824e-08, 8.77691164192e-09, 9.25982490685e-09, 1.03982733535e-08, 9.40508559921e-09, 3.67520835987e-09, 3.59445873066e-09, 2.50331555485e-09, 1.61829549761e-09],
        "stdev": [0.000149497645907, 0.000381423364161, 0.000399900454795, 0.000216123517021, 0.000770903308876, 0.000953764771111, 0.000665702333208, 0.00088181940373, 0.000610519608017, 0.000404060876463, 0.000386450323276, 0.000287818489596, 0.000171517283889, 0.00016203323321, 6.16354736849e-05, 6.02033251198e-05, 5.23734197486e-05, 5.66979069845e-05, 5.56280610908e-05, 5.1970462664e-05, 7.37354785088e-05, 0.000104063306935, 4.06972176279e-05, 4.00634598918e-05, 3.49523652403e-05, 1.80132192327e-05, 1.53370019689e-05, 2.56325001828e-05, 3.20515428029e-05, 2.02470600925e-05, 1.07672894956e-05, 8.59537249198e-06, 9.13354688237e-06, 6.46865828458e-06, 4.67599011245e-06, 3.0478008739e-06, 2.53150778917e-06, 2.25498956752e-06, 1.68583574123e-06, 1.26489828745e-06]
    },
    "melbands128": {
        "max": [0.000162966447533, 0.000776344735641, 0.00182772579137, 0.00379346008413, 0.00501991203055, 0.00407636072487, 0.00689764134586, 0.00558747397736, 0.00300611020066, 0.00169640453532, 0.00416855979711, 0.00754260877147, 0.0232694596052, 0.0198553912342, 0.0263215824962, 0.0152800893411, 0.012537417002, 0.0143890576437, 0.018763564527, 0.0190920084715, 0.0211356263608, 0.0129542946815, 0.0113835064694, 0.0126151181757, 0.0127532063052, 0.00765949720517, 0.0166583769023, 0.0163403507322, 0.00468321656808, 0.00879904162139, 0.00796631816775, 0.00484626926482, 0.00241818861105, 0.00676061352715, 0.00634455122054, 0.00255890307017, 0.00186845322605, 0.00121728354134, 0.00216638715938, 0.0017377740005, 0.00126964633819, 0.000473058869829, 0.000902064377442, 0.00182337244041, 0.00102528452408, 0.00143207062501, 0.00341514404863, 0.00103172753006, 0.000779844820499, 0.000600340950768, 0.0017143181758, 0.00143621687312, 0.00103772967122, 0.00125372433104, 0.00388849759474, 0.00252519734204, 0.000735202571377, 0.00103713874705, 0.000573261175305, 0.000664393708576, 0.00109519518446, 0.000678027281538, 0.000942860555369, 0.000654502597172, 0.000655421870761, 0.000261434790445, 0.000295891717542, 0.000217315173359, 0.000228981472901, 0.000175345980097, 0.00028363239835, 0.000720131618436, 0.000690610613674, 0.000698629010003, 0.000442094285972, 0.000321105850162, 0.000649289169814, 0.000229187076911, 0.000209983700188, 0.000164749028045, 0.000155395711772, 0.000135419046273, 0.000235541228903, 0.000283359258901, 0.000178425660124, 0.000144256526255, 0.000101055964478, 0.000101355966763, 0.000129541411297, 8.11871868791e-05, 9.93514186121e-05, 7.28531595087e-05, 3.79602315661e-05, 6.10148163105e-05, 3.98625124944e-05, 4.33356581198e-05, 4.99776288052e-05, 5.78501822019e-05, 4.60326955363e-05, 3.18692545989e-05, 1.5717037968e-05, 2.31498379435e-05, 3.3428255847e-05, 3.1102244975e-05, 3.21549850923e-05, 1.62742326211e-05, 1.66270583577e-05, 1.70257044374e-05, 1.1698205526e-05, 1.1556341633e-05, 7.28245049686e-06, 5.66814696867e-06, 2.28235558097e-06, 3.40885605965e-07, 3.58400512823e-07, 4.37246512774e-07, 1.04843778104e-07, 2.92811304092e-08, 2.83588033057e-08, 2.7546674275e-08, 2.67981814517e-08, 2.61397286039e-08, 2.55654928338e-08, 2.50675640245e-08, 2.46924773961e-08, 2.43796343113e-08, 2.4138213206e-08, 2.399223753e-08],
        "mean": [1.29434138216e-05, 6.84051701683e-05, 0.000139344803756, 0.000200765789486, 0.000220703062951, 0.000221015245188, 0.00027632995625, 0.000322268344462, 0.000203857998713, 0.000153541710461, 0.000247980933636, 0.00029088743031, 0.00037527733366, 0.000345707056113, 0.000407317827921, 0.000424950412707, 0.000399647949962, 0.000301339605357, 0.000418612355134, 0.000346689339494, 0.000405224942369, 0.000279402127489, 0.000282313849311, 0.000166482001077, 0.000149134531966, 0.00019500363851, 0.000167115766089, 0.00020067927835, 0.000135168549605, 0.000130614542286, 0.000138331539347, 0.000112277914013, 5.81026724831e-05, 9.19345984585e-05, 6.81175370119e-05, 5.03053379362e-05, 5.26588119101e-05, 3.20022845699e-05, 2.72355518973e-05, 2.8617634598e-05, 4.03074263886e-05, 2.24108862312e-05, 2.41231573455e-05, 4.72175779578e-05, 2.60881206486e-05, 2.87621205644e-05, 5.27687661815e-05, 3.56485106749e-05, 2.91562901111e-05, 2.57533902186e-05, 3.75110321329e-05, 4.65396406071e-05, 2.64910304395e-05, 3.72379145119e-05, 8.39799977257e-05, 4.11643522966e-05, 3.12739466608e-05, 3.18618112942e-05, 2.14632746065e-05, 2.34329272644e-05, 2.37019230553e-05, 2.24015948334e-05, 3.0507962947e-05, 2.56896237261e-05, 1.67242542375e-05, 1.33545117933e-05, 1.58057700901e-05, 1.44098676174e-05, 1.38218319989e-05, 1.11239914986e-05, 1.35374029924e-05, 2.27510172408e-05, 2.06690674531e-05, 1.84232831089e-05, 1.25718261188e-05, 1.27625762616e-05, 7.93628714746e-06, 4.96494067193e-06, 3.73297712031e-06, 4.01317674914e-06, 3.47224477082e-06, 3.68342307411e-06, 3.37891083291e-06, 2.80859239865e-06, 2.56073508353e-06, 2.66087658929e-06, 2.19131129597e-06, 1.88823082681e-06, 2.04733487408e-06, 2.07778498407e-06, 1.74916920059e-06, 1.63947697729e-06, 1.47399077832e-06, 1.27821044771e-06, 1.24241751109e-06, 1.08430788259e-06, 1.11145720894e-06, 1.06258210053e-06, 8.95816242519e-07, 8.29049724871e-07, 4.24467941684e-07, 6.97029065577e-07, 7.1351337283e-07, 8.18379419343e-07, 7.20089417428e-07, 7.66154698795e-07, 8.45058536925e-07, 8.97647453257e-07, 7.11343716375e-07, 6.88780517066e-07, 4.48470700576e-07, 2.77585655795e-07, 7.03439155814e-08, 1.84423782912e-08, 1.05809858653e-08, 9.99829374848e-09, 2.16107687301e-09, 2.06928658236e-11, 1.85777417755e-11, 1.80500666497e-11, 1.7554704218e-11, 1.71331681481e-11, 1.67569742804e-11, 1.64382413931e-11, 1.61538907251e-11, 1.58834959074e-11, 1.56921489691e-11, 1.55944597513e-11],
        "min": [6.10592110206e-09, 3.34059180318e-08, 1.98296973508e-07, 6.40759537873e-07, 8.76494112845e-08, 2.67883365268e-07, 3.5533437881e-07, 6.02048089604e-07, 4.18343404363e-07, 5.1157019243e-07, 4.67703358709e-07, 3.0577385246e-07, 1.92050151782e-07, 5.35685444447e-07, 3.00445776702e-07, 5.27251472704e-07, 7.3926787536e-07, 2.74830767921e-07, 3.13609433533e-07, 2.22425143193e-07, 4.25739017373e-07, 1.43615096704e-07, 1.02281731529e-07, 5.64641027267e-08, 7.28083193735e-08, 1.51183030539e-07, 2.60676870312e-07, 2.44159792828e-07, 1.16180721932e-07, 3.61619818534e-08, 6.31932479678e-08, 1.21166010558e-07, 2.76319667591e-07, 5.16252427474e-08, 9.2139327279e-09, 3.38525758536e-08, 6.90657486757e-08, 5.35453672512e-08, 4.96078556012e-08, 3.56033282856e-08, 1.984778919e-08, 4.09058351636e-08, 5.75793741575e-08, 4.72430912168e-08, 1.79087553676e-08, 1.53217261101e-08, 4.99512644581e-08, 2.29024301746e-08, 2.09015560415e-08, 5.84957184913e-08, 1.00575313411e-07, 5.8393602842e-08, 7.31952667365e-08, 6.32774046494e-08, 7.5515906417e-08, 6.00479310719e-08, 2.38589290547e-08, 1.08121923859e-07, 7.29964781954e-08, 4.18937737834e-08, 3.10326200292e-08, 7.04619509406e-08, 4.14964489437e-08, 2.91161779131e-08, 3.7556016963e-08, 7.33030560696e-08, 4.88228621975e-08, 4.92268696917e-08, 1.29763462198e-08, 2.22997158517e-08, 3.54332101438e-08, 3.55950859898e-08, 8.02154715984e-08, 4.03952711281e-08, 3.05355492003e-08, 2.42163498143e-08, 1.49809036287e-08, 3.52619777821e-09, 1.0706679987e-08, 9.34521438012e-09, 4.6366919193e-09, 5.2661253136e-09, 7.35464666946e-09, 3.81141207484e-09, 8.69610250476e-09, 8.1039885913e-09, 6.71647182315e-09, 3.60255958398e-09, 8.1326998469e-09, 6.82763845461e-09, 7.18272197275e-09, 7.18040427117e-09, 5.38014299778e-09, 2.39024511295e-09, 3.33646643647e-09, 1.62652735725e-09, 2.45186271286e-09, 3.08426484352e-09, 1.69681479978e-09, 1.78345760382e-09, 1.28626020945e-09, 1.25481591784e-09, 3.59835022889e-10, 1.05818576124e-09, 8.59084026139e-10, 6.32956631552e-10, 5.27415777718e-10, 4.41258057871e-10, 4.74857764221e-10, 7.41019745565e-11, 6.83955659036e-13, 2.76351044912e-13, 1.77115808998e-13, 9.06518512599e-14, 1.01838181713e-13, 8.64941324401e-14, 1.1116579662e-13, 8.68663322696e-14, 9.52428172679e-14, 8.72067717518e-14, 8.92000977747e-14, 7.68310857101e-14, 9.64516755852e-14, 7.83655163873e-14, 4.54314388301e-14, 2.13091720782e-14, 3.93199428027e-15, 1.07957234334e-16],
        "stdev": [1.94795393327e-05, 9.51199108385e-05, 0.000208939018194, 0.000393688445911, 0.000464682467282, 0.000449088489404, 0.00051615445409, 0.000516726984642, 0.000295842764899, 0.000191979110241, 0.000362370628864, 0.000567216367926, 0.00130223936867, 0.00106893188786, 0.00152400590014, 0.00109514081851, 0.000925996107981, 0.000781257578637, 0.00131188088562, 0.000939016463235, 0.00150388327893, 0.000905452878214, 0.000891334027983, 0.000573815661483, 0.000525283336174, 0.000581953325309, 0.000702223333064, 0.00057451846078, 0.000307477108436, 0.000429570616689, 0.000383173988666, 0.000323672778904, 0.000156592665007, 0.000301416555885, 0.000299922015984, 0.00015935038391, 0.000119804935821, 7.23754710634e-05, 8.43464804348e-05, 8.0047044321e-05, 0.000100408775324, 4.17340124841e-05, 4.65945522592e-05, 0.000116451315989, 5.64220281376e-05, 6.11700161244e-05, 0.000152714928845, 7.41051117075e-05, 5.69271142012e-05, 5.19214954693e-05, 7.60492257541e-05, 9.94508372969e-05, 6.31619113847e-05, 9.98148461804e-05, 0.000257597013842, 0.000122219324112, 6.77333082422e-05, 7.64498108765e-05, 4.06546059821e-05, 4.33612949564e-05, 6.1804370489e-05, 5.57764760742e-05, 6.0638623836e-05, 4.36160153185e-05, 2.92739914585e-05, 2.22216058319e-05, 2.52113168244e-05, 2.25908352149e-05, 1.9863487978e-05, 1.63024178619e-05, 2.48314590863e-05, 5.26702206116e-05, 4.56814086647e-05, 4.8219691962e-05, 3.04005716316e-05, 2.68960229732e-05, 2.26281608775e-05, 1.40771335282e-05, 1.06649449663e-05, 9.37521508604e-06, 9.62106605584e-06, 8.9245622803e-06, 1.04243108581e-05, 1.06173774839e-05, 9.10987546376e-06, 7.7031818364e-06, 6.02476484346e-06, 5.2012787819e-06, 5.49209835299e-06, 4.40818666902e-06, 3.72622389477e-06, 3.12436191052e-06, 2.59834769167e-06, 3.15164515996e-06, 2.52579206972e-06, 2.36274195231e-06, 2.41872407969e-06, 2.44206535172e-06, 1.84991415608e-06, 1.64998687069e-06, 8.67792721237e-07, 1.43611157455e-06, 1.62440449003e-06, 1.76373009708e-06, 1.51561141593e-06, 1.50117841713e-06, 1.68041219695e-06, 1.87963257758e-06, 1.44275088587e-06, 1.40636154811e-06, 9.17576301163e-07, 5.94102971263e-07, 1.67733389844e-07, 4.19471497537e-08, 2.62243453619e-08, 2.62585313493e-08, 6.55135545813e-09, 6.38016584009e-10, 6.17816131587e-10, 6.00290983588e-10, 5.84001680348e-10, 5.69768454639e-10, 5.57206614182e-10, 5.46497458398e-10, 5.3835436109e-10, 5.31605981458e-10, 5.26378607368e-10, 5.23228183003e-10]
    },
    "mfcc": {
        "mean": [-629.181030273, 98.2648468018, -17.4294605255, 21.0625171661, -6.76378488541, -10.0588932037, -7.22241830826, -2.07197928429, -3.43783664703, 2.73751091957, -8.28353691101, -0.0456751435995, -1.25647091866],
        "cov": [[2012.00134277, -607.326049805, -96.5841217041, 6.85792541504, -100.732788086, 21.0729503632, 121.786003113, 86.8130340576, 146.22819519, 12.4479036331, 14.2170829773, 38.537147522, -50.8260154724], [-607.326049805, 727.950805664, -82.6671295166, -47.9005508423, -9.78434562683, -38.8279342651, 6.72495031357, 10.2437038422, -81.4195175171, 30.0194587708, -27.7590770721, -19.4606742859, 22.0526103973], [-96.5841217041, -82.6671295166, 507.327331543, -15.7102966309, 100.151878357, 101.715316772, 9.36673736572, -15.8310832977, -31.1764411926, -60.1085548401, 32.8185272217, -29.3721179962, -15.5083818436], [6.85792541504, -47.9005508423, -15.7102966309, 273.861450195, 37.0156822205, -18.7514133453, -50.3169021606, -37.5222587585, 29.1132850647, -20.6106529236, -15.1084632874, 40.7498779297, 23.754989624], [-100.732788086, -9.78434562683, 100.151878357, 37.0156822205, 194.047393799, 11.2892856598, -25.5156059265, 10.837389946, 21.2901973724, 0.0758468285203, 3.11215496063, -7.54576396942, 16.3276901245], [21.0729503632, -38.8279342651, 101.715316772, -18.7514133453, 11.2892856598, 177.750259399, 62.0343551636, -0.442879855633, 3.66411590576, -23.4696922302, 30.3898200989, -32.2656707764, -36.4198188782], [121.786003113, 6.72495031357, 9.36673736572, -50.3169021606, -25.5156059265, 62.0343551636, 139.052581787, 48.7456893921, 4.43792200089, 0.472365111113, 9.63698959351, -22.0968379974, -16.9908065796], [86.8130340576, 10.2437038422, -15.8310832977, -37.5222587585, 10.837389946, -0.442879855633, 48.7456893921, 126.785072327, 29.189573288, 21.8486995697, 8.90424633026, -16.607421875, 14.435713768], [146.22819519, -81.4195175171, -31.1764411926, 29.1132850647, 21.2901973724, 3.66411590576, 4.43792200089, 29.189573288, 114.051269531, 27.1613464355, 0.212970137596, -3.81433296204, -14.0721130371], [12.4479036331, 30.0194587708, -60.1085548401, -20.6106529236, 0.0758468285203, -23.4696922302, 0.472365111113, 21.8486995697, 27.1613464355, 98.6121673584, 17.731754303, 9.8285484314, 10.7099628448], [14.2170829773, -27.7590770721, 32.8185272217, -15.1084632874, 3.11215496063, 30.3898200989, 9.63698959351, 8.90424633026, 0.212970137596, 17.731754303, 80.1130752563, 22.1214389801, 4.22015237808], [38.537147522, -19.4606742859, -29.3721179962, 40.7498779297, -7.54576396942, -32.2656707764, -22.0968379974, -16.607421875, -3.81433296204, 9.8285484314, 22.1214389801, 98.6131362915, 41.236618042], [-50.8260154724, 22.0526103973, -15.5083818436, 23.754989624, 16.3276901245, -36.4198188782, -16.9908065796, 14.435713768, -14.0721130371, 10.7099628448, 4.22015237808, 41.236618042, 92.1193161011]],
        "icov": [[0.000825303024612, 0.000654968258459, 0.00010545252735, -7.62111721997e-06, 0.00032391390414, 0.000151928776177, -0.000665784988087, -0.00040631389129, -0.00045666960068, -1.84072832781e-05, 0.000224738789257, -0.000547441188246, 0.000428946164902], [0.000654968258459, 0.0021741669625, 0.000362413062248, 4.6315301006e-05, 3.24494103552e-05, 0.000194668202312, -0.000654034491163, -0.000512762693688, 0.00115723290946, -0.000817688996904, 0.000730253465008, -1.1055169125e-05, 0.00016423589841], [0.00010545252735, 0.000362413062248, 0.00285482453182, 0.000263474648818, -0.00144616002217, -0.00105265399907, 6.198752817e-05, 0.000149438317749, 0.000811130099464, 0.00129625643604, -0.00100272172131, 0.000474989705253, 1.87748628377e-05], [-7.62111721997e-06, 4.6315301006e-05, 0.000263474648818, 0.00475806742907, -0.000774711952545, -0.000343931053067, 0.000926742155571, 0.00114069937263, -0.00177618628368, 0.00139224145096, 0.000937574834097, -0.00167648983188, -0.000930069305468], [0.00032391390414, 3.24494103552e-05, -0.00144616002217, -0.000774711952545, 0.00679526431486, -0.000370372377802, 0.00129173311871, -0.000991243869066, -0.00167607620824, -0.000475374545204, 0.000189104452147, 0.000818508153316, -0.00140583852772], [0.000151928776177, 0.000194668202312, -0.00105265399907, -0.000343931053067, -0.000370372377802, 0.00928759295493, -0.0041455803439, 0.00159540062305, -0.000845698232297, 0.00161914352793, -0.00381753104739, 0.00216853898019, 0.00155832676683], [-0.000665784988087, -0.000654034491163, 6.198752817e-05, 0.000926742155571, 0.00129173311871, -0.0041455803439, 0.0116713233292, -0.00406468566507, 0.000708483275957, 1.06793577288e-05, 0.00054351973813, 0.000133042412926, 0.000504949595779], [-0.00040631389129, -0.000512762693688, 0.000149438317749, 0.00114069937263, -0.000991243869066, 0.00159540062305, -0.00406468566507, 0.0120242200792, -0.00316819804721, -0.000391751033021, -0.00194734625984, 0.00321055063978, -0.00398436142132], [-0.00045666960068, 0.00115723290946, 0.000811130099464, -0.00177618628368, -0.00167607620824, -0.000845698232297, 0.000708483275957, -0.00316819804721, 0.0132781807333, -0.00386696914211, 0.00113902590238, -5.2074323321e-05, 0.00310454680584], [-1.84072832781e-05, -0.000817688996904, 0.00129625643604, 0.00139224145096, -0.000475374545204, 0.00161914352793, 1.06793577288e-05, -0.000391751033021, -0.00386696914211, 0.0138768730685, -0.00409035244957, -4.12087792938e-05, -0.00116568268277], [0.000224738789257, 0.000730253465008, -0.00100272172131, 0.000937574834097, 0.000189104452147, -0.00381753104739, 0.00054351973813, -0.00194734625984, 0.00113902590238, -0.00409035244957, 0.0173551272601, -0.00588406529278, 0.000889654445928], [-0.000547441188246, -1.1055169125e-05, 0.000474989705253, -0.00167648983188, 0.000818508153316, 0.00216853898019, 0.000133042412926, 0.00321055063978, -5.2074323321e-05, -4.12087792938e-05, -0.00588406529278, 0.0166744887829, -0.00675125652924], [0.000428946164902, 0.00016423589841, 1.87748628377e-05, -0.000930069305468, -0.00140583852772, 0.00155832676683, 0.000504949595779, -0.00398436142132, 0.00310454680584, -0.00116568268277, 0.000889654445928, -0.00675125652924, 0.0164697915316]]
    },
    "spectral_contrast_coeffs": {
        "max": [-0.383208364248, -0.436461269855, -0.507581353188, -0.626706123352, -0.625435173512, -0.548715472221],
        "mean": [-0.709297180176, -0.72993016243, -0.747924089432, -0.774513602257, -0.772270441055, -0.766122639179],
        "min": [-0.895205914974, -0.90643119812, -0.906927347183, -0.942446887493, -0.896456301212, -0.878592848778],
        "stdev": [0.0683288350701, 0.0797880589962, 0.0615096986294, 0.0469386577606, 0.0403871871531, 0.0413838252425]
    },
    "spectral_contrast_valleys": {
        "max": [-5.74471855164, -5.48583602905, -5.36156845093, -6.12158870697, -5.72293519974, -7.79741239548],
        "mean": [-7.24223279953, -6.66921663284, -7.36283159256, -7.52782726288, -7.16772031784, -9.97131252289],
        "min": [-9.31049060822, -8.34356021881, -9.7033290863, -9.57608890533, -8.96602249146, -12.2298641205],
        "stdev": [0.589836239815, 0.479764729738, 0.598604261875, 0.544462680817, 0.58679074049, 0.746959447861]
    }
},
"rhythm": {
    "beats_count": 123,
    "beats_loudness": {
        "max": 0.0548048764467,
        "mean": 0.0212679095566,
        "min": 0.00593738863245,
        "stdev": 0.00990332104266
    },
    "bpm": 142.466491699,
    "bpm_histogram_first_peak_bpm": 144,
    "bpm_histogram_first_peak_weight": 0.383333325386,
    "bpm_histogram_second_peak_bpm": 136,
    "bpm_histogram_second_peak_spread": 0,
    "bpm_histogram_second_peak_weight": 0.0163934417069,
    "danceability": 1.13965404034,
    "onset_rate": 4.19086551666,
    "beats_loudness_band_ratio": {
        "max": [0.622683823109, 0.87940877676, 0.914671957493, 0.628254115582, 0.466531425714, 0.48352470994],
        "mean": [0.198780193925, 0.172860980034, 0.25539329648, 0.145989388227, 0.134017109871, 0.145838275552],
        "min": [0.00667113112286, 0.0157655198127, 0.0320583768189, 0.0102309463546, 0.0123964594677, 0.00503475032747],
        "stdev": [0.146408051252, 0.151089563966, 0.16869418323, 0.126159384847, 0.0884907394648, 0.0863300189376]
    },
