{
"metadata": {
    "version": {
        "essentia": "2.1-beta5",
        "essentia_git_sha": "Undefined",
        "extractor": "music 2.0"
    },
    "audio_properties": {
        "analysis": {
            "equal_loudness": 0,
            "length": 43.4909744263,
            "sample_rate": 44100,
            "start_time": 126.502311707,
            "downmix": "mix"
        },
        "bit_rate": 192000,
        "length": 170.01651001,
        "lossless": 0,
        "number_channels": 2,
        "replay_gain": -8.23640632629,
        "sample_rate": 44100,
        "codec": "mp3",
        "md5_encoded": "0a85b360378d3ab2279a1def7da6524e"
    },
    "tags": {
        "file_name": "Germany_Aufrecht Geh_n_Mary Roos.mp3",
        "encoding": ["Lavf58.29.100"]
    }
},
"lowlevel": {
    "average_loudness": 0.954243302345,
    "barkbands_crest": {
        "max": 21.7701282501,
        "mean": 7.37206029892,
        "min": 2.52765893936,
        "stdev": 3.09315180779
    },
    "barkbands_flatness_db": {
        "max": 0.252565264702,
        "mean": 0.159278839827,
        "min": 0.058395601809,
        "stdev": 0.0267865601927
    },
    "barkbands_kurtosis": {
        "max": 8.60057258606,
        "mean": -0.375057935715,
        "min": -1.79050266743,
        "stdev": 1.10786020756
    },
    "barkbands_skewness": {
        "max": 2.78887176514,
        "mean": 0.211516171694,
        "min": -2.2945151329,
        "stdev": 0.612694501877
    },
    "barkbands_spread": {
        "max": 50.976852417,
        "mean": 21.7217769623,
        "min": 4.25128412247,
        "stdev": 6.78695583344
    },
    "dissonance": {
        "max": 0.499999970198,
        "mean": 0.476498097181,
        "min": 0.38893827796,
        "stdev": 0.0154615733773
    },
    "dynamic_complexity": 2.98755669594,
    "erbbands_crest": {
        "max": 30.5559082031,
        "mean": 9.46542739868,
        "min": 2.66774702072,
        "stdev": 4.54598617554
    },
    "erbbands_flatness_db": {
        "max": 0.335005819798,
        "mean": 0.237575352192,
        "min": 0.0925129652023,
        "stdev": 0.0362881273031
    },
    "erbbands_kurtosis": {
        "max": 16.600315094,
        "mean": 0.102111645043,
        "min": -1.68215084076,
        "stdev": 1.41873717308
    },
    "erbbands_skewness": {
        "max": 2.24828267097,
        "mean": -0.270739555359,
        "min": -2.58404397964,
        "stdev": 0.592128157616
    },
    "erbbands_spread": {
        "max": 69.4961013794,
        "mean": 25.4148845673,
        "min": 4.307741642,
        "stdev": 9.24411010742
    },
    "hfc": {
        "max": 89.2387084961,
        "mean": 20.5339603424,
        "min": 1.06671478024e-16,
        "stdev": 16.8737297058
    },
    "loudness_ebu128": {
        "integrated": -17.0624141693,
        "loudness_range": 4.82975101471,
        "momentary": {
            "max": -12.9616241455,
            "mean": -17.8188972473,
            "min": -29.2891349792,
            "stdev": 2.66393494606
        },
        "short_term": {
            "max": -14.8667182922,
            "mean": -17.3135585785,
            "min": -21.1080608368,
            "stdev": 1.67867827415
        }
    },
    "melbands_crest": {
        "max": 28.1359272003,
        "mean": 9.43626213074,
        "min": 1.80718278885,
        "stdev": 3.84747219086
    },
    "melbands_flatness_db": {
        "max": 0.256409823895,
        "mean": 0.145798429847,
        "min": 0.00287317996845,
        "stdev": 0.0327230393887
    },
    "melbands_kurtosis": {
        "max": 33.4040527344,
        "mean": 1.00118112564,
        "min": -1.67885994911,
        "stdev": 2.54595351219
    },
    "melbands_skewness": {
        "max": 5.34631252289,
        "mean": 0.908212661743,
        "min": -1.33677423,
        "stdev": 0.724477350712
    },
    "melbands_spread": {
        "max": 146.465164185,
        "mean": 37.759727478,
        "min": 6.24325609207,
        "stdev": 14.7190856934
    },
    "pitch_salience": {
        "max": 0.85703587532,
        "mean": 0.606467008591,
        "min": 0.278483688831,
        "stdev": 0.0812901332974
    },
    "silence_rate_20dB": {
        "max": 1,
        "mean": 1,
        "min": 1,
        "stdev": 0
    },
    "silence_rate_30dB": {
        "max": 1,
        "mean": 1,
        "min": 1,
        "stdev": 0
    },
    "silence_rate_60dB": {
        "max": 1,
        "mean": 0.0389541089535,
        "min": 0,
        "stdev": 0.193486705422
    },
    "spectral_centroid": {
        "max": 11329.2910156,
        "mean": 1987.13842773,
        "min": 784.622314453,
        "stdev": 847.758789062
    },
    "spectral_complexity": {
        "max": 49,
        "mean": 23.0683021545,
        "min": 0,
        "stdev": 7.7968378067
    },
    "spectral_decrease": {
        "max": 1.90559176306e-28,
        "mean": -3.43554584781e-09,
        "min": -1.15465068617e-08,
        "stdev": 2.33345165412e-09
    },
    "spectral_energy": {
        "max": 0.0478682294488,
        "mean": 0.0148290330544,
        "min": 1.03675764518e-20,
        "stdev": 0.0102120004594
    },
    "spectral_energyband_high": {
        "max": 0.00414512958378,
        "mean": 0.000354472693289,
        "min": 7.18209745048e-21,
        "stdev": 0.000413911679061
    },
    "spectral_energyband_low": {
        "max": 0.0131805716082,
        "mean": 0.000724292302039,
        "min": 1.62086918874e-23,
        "stdev": 0.00120635179337
    },
    "spectral_energyband_middle_high": {
        "max": 0.0407821238041,
        "mean": 0.00907372497022,
        "min": 1.22975887498e-21,
        "stdev": 0.00861897319555
    },
    "spectral_energyband_middle_low": {
        "max": 0.0315261483192,
        "mean": 0.00520707992837,
        "min": 2.04184238112e-22,
        "stdev": 0.00418362347409
    },
    "spectral_entropy": {
        "max": 9.81455516815,
        "mean": 7.52280712128,
        "min": 6.74948310852,
        "stdev": 0.302561730146
    },
    "spectral_flux": {
        "max": 0.187464743853,
        "mean": 0.0683015957475,
        "min": 6.56281001765e-11,
        "stdev": 0.0308142825961
    },
    "spectral_kurtosis": {
        "max": 30.6612434387,
        "mean": 4.16768360138,
        "min": -1.24485468864,
        "stdev": 3.10744404793
    },
    "spectral_rms": {
        "max": 0.00683379173279,
        "mean": 0.00357056595385,
        "min": 3.18036309094e-12,
        "stdev": 0.0013108846033
    },
    "spectral_rolloff": {
        "max": 19444.4824219,
        "mean": 2453.80419922,
        "min": 279.931640625,
        "stdev": 1591.39794922
    },
    "spectral_skewness": {
        "max": 3.66422486305,
        "mean": 1.03824770451,
        "min": -0.122602336109,
        "stdev": 0.335263073444
    },
    "spectral_spread": {
        "max": 42056248,
        "mean": 2904246,
        "min": 1643706.5,
        "stdev": 3180556.75
    },
    "spectral_strongpeak": {
        "max": 15.537229538,
        "mean": 1.74170017242,
        "min": 0,
        "stdev": 1.95449674129
    },
    "zerocrossingrate": {
        "max": 0.54296875,
        "mean": 0.0794877037406,
        "min": 0.0322265625,
        "stdev": 0.0410058349371
    },
    "barkbands": {
        "max": [0.000292951765005, 0.00297562661581, 0.00803472660482, 0.00864567793906, 0.00674370862544, 0.013524632901, 0.0113853495568, 0.00977537594736, 0.0290919467807, 0.0360153354704, 0.0305623207241, 0.0171658154577, 0.0209460370243, 0.0199831668288, 0.0237663500011, 0.0318522043526, 0.00968143343925, 0.0122321834788, 0.00632775435224, 0.00554302288219, 0.0018107596552, 0.00106738612521, 0.000486983801238, 7.1765811299e-05, 2.1524980184e-05, 8.68273787091e-07, 9.35187074447e-07],
        "mean": [8.07929427538e-06, 0.000139606287121, 0.000328412541421, 0.000522384420037, 0.000644199026283, 0.000948252796661, 0.00103439809754, 0.000573992030695, 0.00107123388443, 0.00145310198423, 0.000876671343576, 0.000705892103724, 0.000788813631516, 0.000789068173617, 0.000972656300291, 0.00151656125672, 0.000668940891046, 0.000776089902502, 0.00041526221321, 0.000388498156099, 0.000100897908851, 5.85452980886e-05, 3.64973711839e-05, 1.01674004327e-05, 8.20163961635e-07, 9.13135789204e-10, 9.78409686603e-10],
        "min": [5.29294704613e-25, 4.05943404206e-24, 1.91209095753e-24, 2.08350057147e-24, 1.13369669824e-23, 8.42162343321e-24, 1.77582687185e-23, 1.4190818824e-23, 3.4557629675e-23, 4.60023732009e-23, 2.55870726477e-23, 2.86308766733e-23, 7.0922476575e-23, 6.35850793472e-23, 5.09927577744e-23, 8.31622025667e-23, 9.67954923683e-23, 7.10160670328e-23, 1.44707281302e-22, 2.21370450146e-22, 2.70725501126e-22, 3.89166516319e-22, 4.35217918802e-22, 6.67469474513e-22, 8.81913574449e-22, 1.35855378421e-21, 2.17681443728e-21],
        "stdev": [1.56192745635e-05, 0.000265237875283, 0.000687889521942, 0.000861597131006, 0.000690300250426, 0.00162507500499, 0.00140074722003, 0.000870139803737, 0.00187777820975, 0.00350130116567, 0.0019458741881, 0.0014698660234, 0.00161470926832, 0.00163667928427, 0.00193916412536, 0.00296304770745, 0.000962621823419, 0.00118656584527, 0.000556505576242, 0.000592397467699, 0.000118745723739, 7.16116846888e-05, 4.77856447105e-05, 1.02381054603e-05, 1.29258955894e-06, 2.0053819938e-08, 2.15987245866e-08]
    },
    "erbbands": {
        "max": [0.0389143526554, 0.838597595692, 6.90682554245, 18.1454143524, 23.2580795288, 30.6322460175, 82.6538696289, 142.088973999, 188.574234009, 240.695831299, 215.252166748, 428.227508545, 1279.58337402, 732.867736816, 777.360961914, 801.855407715, 1072.9777832, 646.293395996, 1732.14538574, 1901.09277344, 2112.92211914, 538.018981934, 770.172424316, 448.492492676, 274.178192139, 276.177490234, 105.946273804, 62.4695777893, 34.8875656128, 31.2675628662, 10.1153697968, 2.56063914299, 0.778007924557, 0.248308494687, 0.0108600817621, 0.00349253392778, 0.00162431434728, 0.000583106360864, 0.00014536845265, 5.99031809543e-05],
        "mean": [0.00211729970761, 0.0421194508672, 0.318915754557, 1.14770567417, 1.77563667297, 2.50609254837, 3.75207591057, 9.16667461395, 13.3177728653, 15.3217639923, 14.4941778183, 24.1408805847, 38.9984207153, 40.2715148926, 34.949962616, 29.6221942902, 38.2369651794, 32.2328910828, 47.9187965393, 69.5672225952, 78.1515426636, 42.4360275269, 40.6404342651, 31.076166153, 21.6927528381, 18.463394165, 6.21216058731, 3.21633434296, 2.13447117805, 1.69007110596, 0.883655190468, 0.337517440319, 0.114178940654, 0.0204753559083, 0.00128864252474, 7.07742437953e-05, 1.73486296262e-05, 6.25824804956e-06, 1.00409288279e-05, 1.91405433725e-05],
        "min": [1.72579718702e-22, 6.75441387276e-22, 3.22087348617e-21, 8.85007888292e-21, 3.07578289672e-20, 2.43633512471e-20, 7.73197901049e-20, 7.83518013166e-20, 1.74120976105e-19, 3.98706328527e-19, 4.91507824847e-19, 8.75531387308e-19, 1.23438384373e-18, 1.68360371412e-18, 1.40357360846e-18, 1.92623047024e-18, 3.39982171223e-18, 2.43536654791e-18, 3.84594689315e-18, 2.94114489269e-18, 4.63622284268e-18, 5.81234794227e-18, 4.51033918834e-18, 7.7863776646e-18, 6.8375373955e-18, 1.03793035076e-17, 9.51926149089e-18, 1.27217466535e-17, 1.18678414897e-17, 1.42688390968e-17, 1.32672755762e-17, 1.20074712315e-17, 1.22216911578e-17, 8.45794823313e-18, 7.80253167478e-18, 4.29994786749e-18, 2.39402633565e-18, 9.34729601821e-19, 2.94730578559e-19, 3.12436134002e-20],
        "stdev": [0.00339138554409, 0.0792260169983, 0.598892688751, 1.95343971252, 2.25093817711, 3.00940227509, 6.11988449097, 15.8294286728, 19.527179718, 22.8013858795, 20.798532486, 40.2249717712, 111.925643921, 67.561340332, 64.0302047729, 59.6111946106, 72.9919586182, 58.9198188782, 102.301856995, 143.565734863, 170.815444946, 56.0016784668, 60.1177101135, 43.4499092102, 28.092672348, 27.4731197357, 7.98108673096, 3.96474766731, 2.45019459724, 2.36363005638, 1.10726010799, 0.354741364717, 0.122365936637, 0.0241081602871, 0.00138982525095, 9.5822259027e-05, 3.87384898204e-05, 1.4048576304e-05, 7.64125343267e-06, 1.33538133014e-05]
    },
    "gfcc": {
        "mean": [-55.0864067078, 127.700393677, -202.764190674, 44.0871047974, -69.8088760376, -3.59327602386, -29.309709549, -13.9766168594, -3.6240067482, -25.9860801697, 2.17798924446, -21.0197582245, 0.546560049057],
        "cov": [[12901.2470703, 1042.53283691, -2076.26123047, 422.603546143, -704.991455078, -55.3071403503, -279.259887695, -96.3311691284, 20.8566818237, -320.391479492, 65.3164138794, -180.174057007, 34.2662773132], [1042.53283691, 518.783203125, -97.3260345459, 20.0816707611, 38.2360420227, -44.60338974, 16.1579723358, -56.8437919617, -8.49830722809, -27.4376316071, -2.76855564117, -34.7229766846, -5.53374004364], [-2076.26123047, -97.3260345459, 593.173522949, 95.6351242065, 83.8037567139, 98.3621673584, 3.27790236473, 9.58580493927, -8.68400764465, 50.3636779785, -41.654964447, 14.6218318939, -4.15343999863], [422.603546143, 20.0816707611, 95.6351242065, 230.566772461, -32.7074279785, 50.0040245056, -46.4150428772, -10.0700788498, 11.2932062149, -8.03905487061, -35.1110115051, -10.518450737, -3.67133808136], [-704.991455078, 38.2360420227, 83.8037567139, -32.7074279785, 182.927658081, -11.0620517731, 51.9705619812, 22.6132965088, 8.6965045929, 18.7334079742, 5.36726236343, 10.2797317505, -2.2307343483], [-55.3071403503, -44.60338974, 98.3621673584, 50.0040245056, -11.0620517731, 188.46333313, 48.9691467285, 3.4823474884, -43.2339553833, 11.243013382, -10.1744537354, -30.6319046021, -8.07925128937], [-279.259887695, 16.1579723358, 3.27790236473, -46.4150428772, 51.9705619812, 48.9691467285, 136.833496094, 9.34866046906, -19.750585556, 10.7095727921, 6.1650595665, -9.21293354034, -16.0788440704], [-96.3311691284, -56.8437919617, 9.58580493927, -10.0700788498, 22.6132965088, 3.4823474884, 9.34866046906, 94.2799606323, 35.7609825134, 8.05899906158, 13.0196828842, 4.53169822693, 9.22685909271], [20.8566818237, -8.49830722809, -8.68400764465, 11.2932062149, 8.6965045929, -43.2339553833, -19.750585556, 35.7609825134, 86.6930084229, 13.8965702057, -0.673974692822, 24.405878067, 7.08660793304], [-320.391479492, -27.4376316071, 50.3636779785, -8.03905487061, 18.7334079742, 11.243013382, 10.7095727921, 8.05899906158, 13.8965702057, 63.2295150757, 21.2100219727, 1.55156493187, 0.854167759418], [65.3164138794, -2.76855564117, -41.654964447, -35.1110115051, 5.36726236343, -10.1744537354, 6.1650595665, 13.0196828842, -0.673974692822, 21.2100219727, 67.7444763184, 19.6168212891, -1.88934659958], [-180.174057007, -34.7229766846, 14.6218318939, -10.518450737, 10.2797317505, -30.6319046021, -9.21293354034, 4.53169822693, 24.405878067, 1.55156493187, 19.6168212891, 63.3450012207, 22.258190155], [34.2662773132, -5.53374004364, -4.15343999863, -3.67133808136, -2.2307343483, -8.07925128937, -16.0788440704, 9.22685909271, 7.08660793304, 0.854167759418, -1.88934659958, 22.258190155, 51.9168128967]],
        "icov": [[0.000934237439651, -0.0014196181437, 0.00316930306144, -0.00226576323621, 0.00158786098473, -0.00146688136738, 0.00100654002745, -0.000584273482673, -0.000606836285442, 0.00154839339666, -0.00126924342476, 0.000853299337905, -0.000773753679823], [-0.0014196181437, 0.00485653430223, -0.00470456387848, 0.00273465923965, -0.00344833079726, 0.00301533378661, -0.00241087446921, 0.00343510042876, -0.000594848301262, -0.000409520725952, -0.000112036992505, 0.00205725920387, -0.000562585773878], [0.00316930306144, -0.00470456387848, 0.0136191686615, -0.00844541471452, 0.00399751029909, -0.00622831145301, 0.00446744728833, -0.00291023729369, -0.000229762445088, 0.00201602745801, -0.000933971779887, -0.000260752975009, -0.000921610801015], [-0.00226576323621, 0.00273465923965, -0.00844541471452, 0.0117690507323, -0.00311101600528, 0.00114435260184, 6.96956121828e-05, 0.00165785802528, -0.000330335373292, -0.00320081808604, 0.00512341130525, -0.00256134849042, 0.00309722684324], [0.00158786098473, -0.00344833079726, 0.00399751029909, -0.00311101600528, 0.0105090755969, -0.000953411567025, -0.00113880506251, -0.00318275624886, -0.00054219039157, 0.00126176339108, -0.00151333783288, 1.26017130242e-05, -0.000806854688562], [-0.00146688136738, 0.00301533378661, -0.00622831145301, 0.00114435260184, -0.000953411567025, 0.0115623222664, -0.00564808864146, -0.000166832352988, 0.00443490734324, -0.00317636621185, 0.00101231632289, 0.00230951211415, -0.00059542391682], [0.00100654002745, -0.00241087446921, 0.00446744728833, 6.96956121828e-05, -0.00113880506251, -0.00564808864146, 0.0127465119585, -0.00271213590167, 0.00179197092075, -0.000821686000563, 0.00139738898724, -0.00241426564753, 0.00379762914963], [-0.000584273482673, 0.00343510042876, -0.00291023729369, 0.00165785802528, -0.00318275624886, -0.000166832352988, -0.00271213590167, 0.0184908732772, -0.0107494648546, 0.00490790279582, -0.00755580561236, 0.00840746611357, -0.00614569708705], [-0.000606836285442, -0.000594848301262, -0.000229762445088, -0.000330335373292, -0.00054219039157, 0.00443490734324, 0.00179197092075, -0.0107494648546, 0.0238624066114, -0.0113385589793, 0.0106707783416, -0.0132739190012, 0.00643623480573], [0.00154839339666, -0.000409520725952, 0.00201602745801, -0.00320081808604, 0.00126176339108, -0.00317636621185, -0.000821686000563, 0.00490790279582, -0.0113385589793, 0.0289431493729, -0.0163269266486, 0.0123239038512, -0.00750376144424], [-0.00126924342476, -0.000112036992505, -0.000933971779887, 0.00512341130525, -0.00151333783288, 0.00101231632289, 0.00139738898724, -0.00755580561236, 0.0106707783416, -0.0163269266486, 0.0303759071976, -0.0179704353213, 0.0106034399942], [0.000853299337905, 0.00205725920387, -0.000260752975009, -0.00256134849042, 1.26017130242e-05, 0.00230951211415, -0.00241426564753, 0.00840746611357, -0.0132739190012, 0.0123239038512, -0.0179704353213, 0.0353602766991, -0.0166326723993], [-0.000773753679823, -0.000562585773878, -0.000921610801015, 0.00309722684324, -0.000806854688562, -0.00059542391682, 0.00379762914963, -0.00614569708705, 0.00643623480573, -0.00750376144424, 0.0106034399942, -0.0166326723993, 0.0287603400648]]
    },
    "melbands": {
        "max": [0.000573420024011, 0.00275627034716, 0.00309256697074, 0.00157438102178, 0.00232402514666, 0.00299742631614, 0.00259235478006, 0.00221973890439, 0.00203188927844, 0.00340682221577, 0.00655085593462, 0.00332990800962, 0.00381869217381, 0.00211973465048, 0.0020854845643, 0.00199612788856, 0.0013981788652, 0.00332340039313, 0.00185139710084, 0.00235267705284, 0.00312051782385, 0.000730518659111, 0.000792444334365, 0.000864446687046, 0.000425825011916, 0.000151223692228, 0.000318587641232, 0.000233680169913, 0.000119402902783, 5.69641451875e-05, 3.26405424858e-05, 1.86766628758e-05, 2.42695386987e-05, 1.50268560901e-05, 7.59808926887e-06, 2.90947809845e-06, 1.2198127024e-06, 7.54530617542e-07, 6.33875231415e-07, 8.81309887291e-08],
        "mean": [2.82658384094e-05, 0.000135467067594, 0.000219090346945, 0.000147914412082, 0.0001308984356, 0.000202040348086, 0.000206829499803, 0.000161324700457, 0.000124556434457, 0.000149332539877, 0.000200020891498, 0.000168922153534, 0.000130200671265, 7.85050433478e-05, 9.29049128899e-05, 6.79817676428e-05, 5.81732747378e-05, 8.01526402938e-05, 7.21560136299e-05, 9.41337857512e-05, 8.95339471754e-05, 3.91200192098e-05, 3.49696601916e-05, 4.32846536569e-05, 2.27234504564e-05, 1.5143253222e-05, 1.65536730492e-05, 1.09039719973e-05, 4.25267944593e-06, 2.17636466004e-06, 1.69902466496e-06, 1.24170446725e-06, 1.02040428374e-06, 9.04265903046e-07, 5.50429319901e-07, 3.12344553777e-07, 1.61248493669e-07, 8.61759943405e-08, 4.13375929043e-08, 8.77679084965e-09],
        "min": [2.86749104946e-24, 1.78280809364e-24, 2.60236771821e-24, 2.17164414193e-24, 2.68330701645e-24, 1.6224908501e-24, 2.94646194253e-24, 4.81374836166e-24, 3.60051223829e-24, 4.49783599595e-24, 6.12301843947e-24, 6.23638287914e-24, 4.46382149701e-24, 3.75664792739e-24, 5.12474099632e-24, 7.23044504404e-24, 4.3015086326e-24, 6.03527580756e-24, 3.15014346168e-24, 5.83594406745e-24, 5.04585766681e-24, 5.8374563138e-24, 3.54276564788e-24, 4.13995031364e-24, 6.45624630204e-24, 5.21968553386e-24, 4.86078655971e-24, 7.01736582494e-24, 4.76624552453e-24, 6.06085265026e-24, 6.66391275205e-24, 6.80849596762e-24, 6.66669664218e-24, 7.82562481982e-24, 7.70202530432e-24, 6.57766343383e-24, 7.65818435952e-24, 8.1592569736e-24, 6.31191157765e-24, 7.46529445755e-24],
        "stdev": [5.0617614761e-05, 0.000243379676249, 0.000331874442054, 0.000159605508088, 0.000183662530617, 0.000339581834851, 0.00028865627246, 0.000222910006414, 0.00018220320635, 0.000260710687144, 0.00057594710961, 0.000296499725664, 0.000271508295555, 0.000152537992108, 0.000187148194527, 0.000139864379889, 0.00011868240108, 0.000193891246454, 0.00013995138579, 0.000190095350263, 0.00021491140069, 5.72600365558e-05, 6.08613554505e-05, 7.67860619817e-05, 3.56824057235e-05, 1.80926981557e-05, 2.73520327028e-05, 1.83209813258e-05, 6.79070171827e-06, 2.74705234915e-06, 2.19491130338e-06, 1.44550153891e-06, 1.42639464684e-06, 1.30584692215e-06, 7.44112298889e-07, 3.64606506764e-07, 1.72498999973e-07, 9.79887175845e-08, 5.40349240907e-08, 1.07387654324e-08]
    },
    "melbands128": {
        "max": [0.000130117521621, 0.00019289040938, 0.000764655647799, 0.00178647157736, 0.00295870681293, 0.00427976297215, 0.00438690418378, 0.00448258314282, 0.00245801638812, 0.00191730831284, 0.00231139059179, 0.00202548899688, 0.0036310297437, 0.00589629681781, 0.0047173560597, 0.00670201797038, 0.00526588596404, 0.00393708655611, 0.00275856768712, 0.00462832860649, 0.00176796515007, 0.00397620350122, 0.00255359243602, 0.00528077501804, 0.00458685541525, 0.00544189522043, 0.00962266791612, 0.0129842683673, 0.0057000736706, 0.00725586013868, 0.0043330094777, 0.0090012634173, 0.00498877093196, 0.00256469869055, 0.00363379763439, 0.00344348722138, 0.00508878333494, 0.00326478132047, 0.00484065851197, 0.00375120691024, 0.00342670688406, 0.00284612574615, 0.00219163042493, 0.00231303786859, 0.00525845214725, 0.00678418204188, 0.00255041639321, 0.00266654766165, 0.00435689743608, 0.00721402373165, 0.00373026402667, 0.00536165805534, 0.00672434689477, 0.00271773827262, 0.000899573497009, 0.00163507880643, 0.00117768684868, 0.00187427434139, 0.000899290549569, 0.00115403067321, 0.00170651136432, 0.00122080743313, 0.00106812361628, 0.000438865594333, 0.000428770988947, 0.000263756228378, 0.0004235515662, 0.000563301553484, 0.000696149538271, 0.000386324099964, 0.000503471237607, 0.000264040223556, 0.000415743154008, 0.000132568529807, 5.54947364435e-05, 7.9102908785e-05, 4.48327591585e-05, 5.8956517023e-05, 3.20406506944e-05, 3.13478667522e-05, 2.62053763436e-05, 2.0620846044e-05, 1.82404874067e-05, 3.47071872966e-05, 2.51606634265e-05, 2.64939280896e-05, 1.31827928271e-05, 1.71708488779e-05, 9.86916074908e-06, 9.12780069484e-06, 4.83622352476e-06, 3.74021897187e-06, 2.74732769867e-06, 1.78067432444e-06, 2.70103123512e-06, 2.36490177485e-06, 1.08819642719e-06, 1.19848812119e-06, 1.01559032828e-06, 8.05935201242e-07, 1.79407862788e-07, 1.39456318493e-07, 9.3891195263e-08, 2.36202506443e-08, 1.46560514835e-08, 6.66679866868e-09, 6.42012221164e-09, 6.18622220117e-09, 5.94026117184e-09, 5.70771874209e-09, 5.4978057662e-09, 5.28262278365e-09, 5.09908693047e-09, 4.92920415596e-09, 4.77632289275e-09, 4.61517268846e-09, 4.48879777792e-09, 4.34927827087e-09, 4.23279278294e-09, 4.14415302075e-09, 4.04882083416e-09, 3.96032628913e-09, 3.87307697025e-09, 3.81071085798e-09, 3.76526765322e-09, 3.72574238128e-09, 3.68271568796e-09, 3.67996277895e-09],
        "mean": [3.82686948797e-06, 1.16802866614e-05, 2.92794138659e-05, 7.62946147006e-05, 0.00013887003297, 0.000166460376931, 0.000230651145102, 0.000266247865511, 0.000162535550771, 0.000133051376906, 0.000151322383317, 0.000106825020339, 9.08531001187e-05, 0.000207805409445, 0.000214536295971, 0.000199229834834, 0.000188336663996, 0.000236172374571, 0.000178215675987, 0.000197004657821, 0.000118301373732, 0.0001509697031, 7.47452286305e-05, 0.000168592392583, 0.000190213031601, 0.000104199090856, 0.000160225550644, 0.000212819548324, 0.000238407956203, 0.000205242729862, 0.00011535462545, 0.000143020413816, 0.000186302509974, 5.82968859817e-05, 9.45792853599e-05, 8.12911821413e-05, 5.59263207833e-05, 9.68679451034e-05, 0.000118210591609, 8.65734109539e-05, 4.13090601796e-05, 6.56834963593e-05, 5.64459369343e-05, 4.26331607741e-05, 9.75978837232e-05, 9.01985331438e-05, 6.31247603451e-05, 3.86380997952e-05, 8.07008837e-05, 0.000148244958837, 6.52481976431e-05, 7.27959923097e-05, 0.00015036854893, 6.51888476568e-05, 2.30037912843e-05, 4.18882518716e-05, 4.64805598313e-05, 4.61449526483e-05, 2.3450835215e-05, 2.54221777141e-05, 5.90942654526e-05, 4.3276217184e-05, 2.66445404122e-05, 1.50221030708e-05, 1.93012729142e-05, 1.3048580513e-05, 1.49935285663e-05, 1.63278255059e-05, 1.68680908246e-05, 1.63216518558e-05, 1.31846400109e-05, 6.89379612595e-06, 5.11354983246e-06, 4.23445681008e-06, 2.5409144655e-06, 2.17434103433e-06, 1.94422796085e-06, 2.04779917112e-06, 1.5735507759e-06, 1.54630072302e-06, 1.28152646539e-06, 1.13521252842e-06, 1.04669163647e-06, 9.99323333417e-07, 1.00616819054e-06, 1.03136801499e-06, 8.30468593449e-07, 7.10149038241e-07, 5.52971528123e-07, 4.38174652118e-07, 3.5703226331e-07, 2.84827478936e-07, 2.19017024961e-07, 1.54110210815e-07, 1.39236703944e-07, 9.21935665588e-08, 7.56929310342e-08, 7.60347091955e-08, 4.02004971534e-08, 2.99199207632e-08, 8.85991013888e-09, 7.34923810697e-09, 4.09811296009e-09, 9.31047405839e-10, 2.37088709776e-10, 2.98287471112e-11, 7.30120564701e-12, 6.533461272e-12, 6.26700167455e-12, 6.01455343863e-12, 5.77717387817e-12, 5.54897534172e-12, 5.35581908684e-12, 5.17161443878e-12, 5.00533989256e-12, 4.84421096986e-12, 4.69940319298e-12, 4.55252979412e-12, 4.42950797569e-12, 4.33354784349e-12, 4.23395780241e-12, 4.14527743728e-12, 4.05699692591e-12, 3.98496903878e-12, 3.93741072732e-12, 3.89798479952e-12, 3.8604544908e-12, 3.84682173268e-12],
        "min": [1.36463901681e-25, 8.74130063758e-25, 7.33829376827e-25, 8.4590540943e-25, 5.56851686792e-25, 6.39540136181e-25, 1.219150608e-24, 7.22642244507e-25, 2.32861089599e-24, 1.62230576361e-24, 6.33441008789e-25, 2.09177946946e-24, 1.32764304273e-24, 5.86183556704e-25, 4.78050497425e-25, 2.17117417805e-24, 2.01334598788e-24, 2.59539162401e-24, 1.16563349533e-24, 1.46506152773e-24, 2.64818791503e-24, 1.38155064154e-24, 6.08874795516e-25, 3.34776830401e-24, 2.08449512786e-24, 1.25160089437e-24, 1.5411440066e-24, 3.95812931347e-24, 1.48667838729e-24, 3.93053259242e-24, 3.47217324648e-24, 1.33951490631e-24, 2.07196919997e-24, 2.0668832165e-24, 1.47495354766e-24, 2.83733782744e-24, 2.01503434743e-24, 3.6098716785e-24, 3.35513705372e-24, 4.93210984074e-24, 4.40569270349e-24, 1.59126408699e-24, 2.56844551599e-24, 3.28510987117e-24, 3.7029596319e-24, 4.68021195977e-24, 3.3931270172e-24, 2.25698863668e-24, 2.87721928215e-24, 2.67214167641e-24, 4.50363964563e-24, 3.72130380339e-24, 2.17499285647e-24, 4.12052776929e-24, 6.99919283626e-24, 2.00836413405e-24, 2.30774276403e-24, 2.90570386614e-24, 3.21468115841e-24, 3.48949110993e-24, 3.58356790048e-24, 2.85576759033e-24, 4.40733195645e-24, 5.69860220056e-24, 5.65621433754e-24, 4.31608362668e-24, 3.17880218672e-24, 4.16324695389e-24, 4.36893533518e-24, 4.10339647144e-24, 3.30728751223e-24, 4.49445651584e-24, 4.46134565706e-24, 4.31693401874e-24, 1.91010302805e-24, 3.98447214011e-24, 5.64059923035e-24, 4.04398301794e-24, 3.59918024665e-24, 4.49616992172e-24, 5.36521893239e-24, 5.10655933018e-24, 2.8112229816e-24, 4.23244701579e-24, 6.62456752554e-24, 5.78898436105e-24, 5.32477285049e-24, 4.10784288594e-24, 5.78331994532e-24, 3.6381957293e-24, 4.95671638452e-24, 5.61789226362e-24, 3.50605718894e-24, 5.58087930438e-24, 5.15602485324e-24, 8.12748560064e-24, 8.34440105033e-24, 5.54192377516e-24, 5.14051466455e-24, 3.82028691433e-24, 5.79297639166e-24, 6.14131212386e-24, 5.94247105523e-24, 6.34110337545e-24, 5.64078461266e-24, 7.40341305271e-24, 5.68593782759e-24, 6.22148405766e-24, 5.71228380967e-24, 5.39063484746e-24, 6.46012552554e-24, 6.02000306601e-24, 7.93497277419e-24, 4.60445883033e-24, 5.45436415898e-24, 4.26369813498e-24, 6.98638252402e-24, 5.73977324563e-24, 6.58043233561e-24, 7.29711089028e-24, 7.15469861992e-24, 7.92886620193e-24, 7.07861219676e-24, 5.2341887416e-24, 5.12076789837e-24, 9.08832449409e-24, 6.51222544959e-24, 6.48182906119e-24],
        "stdev": [6.64190019961e-06, 1.90818100236e-05, 6.01403116889e-05, 0.000154460984049, 0.000258891057456, 0.000370771740563, 0.000436191738117, 0.000423580146162, 0.000232961639995, 0.000169640494278, 0.000212542101508, 0.000144569625263, 0.000182774776476, 0.00048914301442, 0.000420994620072, 0.000491253042128, 0.000371692178305, 0.000423725898145, 0.000289759424049, 0.000422124256147, 0.000178811475052, 0.000326640409185, 0.000152335909661, 0.000342286657542, 0.000405933184084, 0.000328430964146, 0.000491541577503, 0.00104643811937, 0.000641186896246, 0.000484920514282, 0.000279926083749, 0.000428483093856, 0.0004328234063, 0.000168634112924, 0.000221542664804, 0.000176014320459, 0.000260216736933, 0.000237839558395, 0.000289710180368, 0.000216708140215, 0.000151770422235, 0.000152116161189, 0.000139862328069, 0.000155088084284, 0.000296856364002, 0.000306971138343, 0.000187735015061, 0.000113994479761, 0.000253583624726, 0.000439820782049, 0.000208928555367, 0.000269393349299, 0.000460057897726, 0.000159269446158, 5.50387849216e-05, 9.17286160984e-05, 9.12604809855e-05, 0.00011672169785, 6.05270652159e-05, 6.46771222819e-05, 0.000142883232911, 9.571119881e-05, 7.89113546489e-05, 2.95521513181e-05, 3.26558292727e-05, 1.9691993657e-05, 3.15881261486e-05, 3.75122581318e-05, 4.39565628767e-05, 3.45298794855e-05, 2.98712384392e-05, 1.85462959053e-05, 1.57280937856e-05, 7.09628147888e-06, 3.98415704694e-06, 3.39635471391e-06, 2.73900695902e-06, 3.34198944074e-06, 2.18375157601e-06, 2.24821951633e-06, 1.7652320139e-06, 1.48907304265e-06, 1.37272718348e-06, 1.69054339949e-06, 1.69418603946e-06, 1.78824370778e-06, 1.23022698517e-06, 1.16701755815e-06, 8.96664118955e-07, 6.60261491703e-07, 4.93625122999e-07, 3.92230560919e-07, 2.72734610007e-07, 2.03363526907e-07, 1.90743648432e-07, 1.50950526745e-07, 1.07463499432e-07, 1.09809171533e-07, 7.36097121035e-08, 4.95365526376e-08, 1.33156889959e-08, 1.25284218555e-08, 6.66092603296e-09, 1.67516689409e-09, 6.96904312036e-10, 1.59225327367e-10, 1.48284648449e-10, 1.42879819087e-10, 1.37198252759e-10, 1.31827132543e-10, 1.26978635939e-10, 1.22008861347e-10, 1.17769183294e-10, 1.13845141647e-10, 1.10313751189e-10, 1.06591582782e-10, 1.03672348484e-10, 1.00450300855e-10, 9.77597516827e-11, 9.57118065359e-11, 9.35099914168e-11, 9.14658696005e-11, 8.94508425664e-11, 8.80106890144e-11, 8.69607164056e-11, 8.60477036846e-11, 8.50540679553e-11, 8.4990257887e-11]
    },
    "mfcc": {
        "mean": [-652.73236084, 124.967971802, -56.9718132019, 25.6274986267, -15.6732854843, 1.06147420406, -14.6144132614, 5.05416488647, -10.9165897369, 3.59865498543, -9.7718000412, -2.09869933128, -3.19656968117],
        "cov": [[4559.20556641, 272.65713501, -408.026733398, 70.5175170898, -118.722053528, -66.0935974121, -128.56590271, 111.484825134, -99.1831512451, 79.6000289917, -84.3776016235, -43.1401176453, -18.78698349], [272.65713501, 590.392456055, -150.835144043, 60.2253761292, -2.38200998306, 1.57294285297, 22.5979671478, -8.24661922455, -13.9515695572, -13.6040325165, 24.1230487823, -8.49867248535, -11.5663137436], [-408.026733398, -150.835144043, 401.706512451, 39.1462364197, 65.304397583, 89.9593429565, 6.76490592957, -16.334022522, 42.8126869202, -28.0069236755, -6.07811021805, 28.7016105652, -13.3772983551], [70.5175170898, 60.2253761292, 39.1462364197, 170.122756958, 47.7605361938, 6.5788526535, -54.220615387, -1.18085861206, 17.6982593536, -12.4550771713, -15.2675247192, 18.2351913452, 20.3444900513], [-118.722053528, -2.38200998306, 65.304397583, 47.7605361938, 131.125061035, -6.76598119736, -13.5434579849, -2.45953130722, 26.8771724701, -10.5236530304, -0.0154077596962, 18.4219074249, 16.9094924927], [-66.0935974121, 1.57294285297, 89.9593429565, 6.5788526535, -6.76598119736, 148.815673828, 65.6836395264, -1.52080750465, 12.0632038116, -5.55624389648, 7.23681354523, 3.21954226494, -20.4427833557], [-128.56590271, 22.5979671478, 6.76490592957, -54.220615387, -13.5434579849, 65.6836395264, 162.009841919, 9.43069553375, 1.35065197945, 18.3877220154, 22.2690525055, -3.92331957817, -16.702917099], [111.484825134, -8.24661922455, -16.334022522, -1.18085861206, -2.45953130722, -1.52080750465, 9.43069553375, 75.4401397705, 11.0091199875, 9.18197154999, -2.27838206291, -0.311187952757, 7.27380895615], [-99.1831512451, -13.9515695572, 42.8126869202, 17.6982593536, 26.8771724701, 12.0632038116, 1.35065197945, 11.0091199875, 92.3829116821, 0.825717151165, -2.28170108795, 11.7128953934, 9.63644981384], [79.6000289917, -13.6040325165, -28.0069236755, -12.4550771713, -10.5236530304, -5.55624389648, 18.3877220154, 9.18197154999, 0.825717151165, 76.093788147, 13.0668239594, -9.16623592377, -3.19693422318], [-84.3776016235, 24.1230487823, -6.07811021805, -15.2675247192, -0.0154077596962, 7.23681354523, 22.2690525055, -2.27838206291, -2.28170108795, 13.0668239594, 68.2538833618, 12.9670343399, -6.23927593231], [-43.1401176453, -8.49867248535, 28.7016105652, 18.2351913452, 18.4219074249, 3.21954226494, -3.92331957817, -0.311187952757, 11.7128953934, -9.16623592377, 12.9670343399, 70.3034210205, 27.6687450409], [-18.78698349, -11.5663137436, -13.3772983551, 20.3444900513, 16.9094924927, -20.4427833557, -16.702917099, 7.27380895615, 9.63644981384, -3.19693422318, -6.23927593231, 27.6687450409, 75.3516387939]],
        "icov": [[0.000284933572402, -9.65710787568e-05, 0.000232677601161, -9.11128372536e-05, 0.000104493534309, -0.000160407653311, 0.000295195612125, -0.000421616365202, 0.000249347038334, -0.000347141816746, 0.000417368486524, -0.000159131232067, 0.00020766655507], [-9.65710787568e-05, 0.00223987363279, 0.00101880042348, -0.00127006846014, -0.000171680410858, -0.000138487186632, -0.000755886896513, 0.000489857804496, -9.44418279687e-05, 0.000989411375485, -0.0010259373812, 0.000274283549516, 0.000498022243846], [0.000232677601161, 0.00101880042348, 0.00424235220999, -0.000632724142633, -0.00153937947471, -0.00242305593565, 0.000469459482701, 0.000406130537158, -0.00072661973536, 0.000681177072693, 0.000498577603139, -0.00123513815925, 0.00150796037633], [-9.11128372536e-05, -0.00127006846014, -0.000632724142633, 0.00870477501303, -0.00235094386153, -0.00181420973968, 0.00329601112753, -0.000220526228077, -0.00044472218724, -0.000611048948485, 0.00152260647155, -0.00108722737059, -0.00133670622017], [0.000104493534309, -0.000171680410858, -0.00153937947471, -0.00235094386153, 0.0100007187575, 0.00187151646242, -0.000644263986032, 0.000175354711246, -0.00174978608266, 0.000578000210226, -0.000627053319477, -0.000526487012394, -0.00114538706839], [-0.000160407653311, -0.000138487186632, -0.00242305593565, -0.00181420973968, 0.00187151646242, 0.0107286600396, -0.00474056880921, 0.000340365426382, -0.000807559641544, 0.00123450777028, -0.000441806740128, -0.000143937591929, 0.00157733424567], [0.000295195612125, -0.000755886896513, 0.000469459482701, 0.00329601112753, -0.000644263986032, -0.00474056880921, 0.00994816515595, -0.00153445114847, 0.000205939548323, -0.00226519373246, -0.000859317893628, -0.000304225919535, 0.000280892447336], [-0.000421616365202, 0.000489857804496, 0.000406130537158, -0.000220526228077, 0.000175354711246, 0.000340365426382, -0.00153445114847, 0.0147886918858, -0.00225296639837, -0.000719154602848, 8.34596648929e-05, 0.000475869106594, -0.00152322056238], [0.000249347038334, -9.44418279687e-05, -0.00072661973536, -0.00044472218724, -0.00174978608266, -0.000807559641544, 0.000205939548323, -0.00225296639837, 0.0126249305904, -0.00115020421799, 0.000904180807993, -0.0010888207471, -0.000713224872015], [-0.000347141816746, 0.000989411375485, 0.000681177072693, -0.000611048948485, 0.000578000210226, 0.00123450777028, -0.00226519373246, -0.000719154602848, -0.00115020421799, 0.0155879464, -0.00379328313284, 0.00248957471922, -0.000296060054097], [0.000417368486524, -0.0010259373812, 0.000498577603139, 0.00152260647155, -0.000627053319477, -0.000441806740128, -0.000859317893628, 8.34596648929e-05, 0.000904180807993, -0.00379328313284, 0.0182687770575, -0.00539201311767, 0.00266235950403], [-0.000159131232067, 0.000274283549516, -0.00123513815925, -0.00108722737059, -0.000526487012394, -0.000143937591929, -0.000304225919535, 0.000475869106594, -0.0010888207471, 0.00248957471922, -0.00539201311767, 0.0194493718445, -0.00730089191347], [0.00020766655507, 0.000498022243846, 0.00150796037633, -0.00133670622017, -0.00114538706839, 0.00157733424567, 0.000280892447336, -0.00152322056238, -0.000713224872015, -0.000296060054097, 0.00266235950403, -0.00730089191347, 0.017902161926]]
    },
    "spectral_contrast_coeffs": {
        "max": [-0.493352413177, -0.555041790009, -0.557025074959, -0.566374123096, -0.563203692436, -0.494594275951],
        "mean": [-0.714980065823, -0.766210377216, -0.748685181141, -0.752619087696, -0.752894580364, -0.612613499165],
        "min": [-0.980129897594, -0.973149478436, -0.969525039196, -0.96897983551, -0.965779364109, -0.961822390556],
        "stdev": [0.0591097027063, 0.0622425116599, 0.0574326179922, 0.0531142167747, 0.0527157522738, 0.0516714677215]
    },
    "spectral_contrast_valleys": {
        "max": [-5.76955699921, -5.25637817383, -5.25853919983, -5.8863286972, -6.09090566635, -10.2382793427],
        "mean": [-7.5919470787, -6.77992296219, -7.33002090454, -7.33771848679, -7.51477575302, -12.6703395844],
        "min": [-27.6786136627, -27.7257671356, -27.6150283813, -27.5047473907, -27.5664520264, -27.4415245056],
        "stdev": [1.75874078274, 1.79981863499, 1.79651021957, 1.7662062645, 1.75612473488, 1.51862704754]
    }
},
"rhythm": {
    "beats_count": 116,
    "beats_loudness": {
        "max": 0.0457322634757,
        "mean": 0.0183220710605,
        "min": 0.00181516457815,
        "stdev": 0.0107264481485
    },
    "bpm": 165.551055908,
    "bpm_histogram_first_peak_bpm": 167,
    "bpm_histogram_first_peak_weight": 0,
    "bpm_histogram_second_peak_bpm": 172,
    "bpm_histogram_second_peak_spread": 0,
    "bpm_histogram_second_peak_weight": 0.191304340959,
    "danceability": 1.1831433773,
    "onset_rate": 2.11481690407,
    "beats_loudness_band_ratio": {
        "max": [0.794706702232, 0.625427007675, 0.699338674545, 0.754426658154, 0.75720179081, 0.230387076735],
        "mean": [0.133576527238, 0.132427081466, 0.20780877769, 0.2467148453, 0.251702904701, 0.0612873472273],
        "min": [0.00349045917392, 0.00863939151168, 0.0352302975953, 0.0193813052028, 0.0328390076756, 0.0110925631598],
        "stdev": [0.152907282114, 0.118220806122, 0.122209891677, 0.174439236522, 0.138558462262, 0.0367546491325]
    },
