{
"metadata": {
    "version": {
        "essentia": "2.1-beta5",
        "essentia_git_sha": "Undefined",
        "extractor": "music 2.0"
    },
    "audio_properties": {
        "analysis": {
            "equal_loudness": 0,
            "length": 12.7477550507,
            "sample_rate": 44100,
            "start_time": 0,
            "downmix": "mix"
        },
        "bit_rate": 192000,
        "length": 162.957641602,
        "lossless": 0,
        "number_channels": 2,
        "replay_gain": -5.82679367065,
        "sample_rate": 48000,
        "codec": "mp3",
        "md5_encoded": "6a068cd16c3410bb629082c0c1d07152"
    },
    "tags": {
        "file_name": "Switzerland_Welche Farbe Hat Der Sonnenschein_Rainy Day.mp3",
        "encoding": ["Lavf58.29.100"]
    }
},
"lowlevel": {
    "average_loudness": 0.962619483471,
    "barkbands_crest": {
        "max": 25.6010093689,
        "mean": 10.2738981247,
        "min": 3.50537776947,
        "stdev": 4.59321975708
    },
    "barkbands_flatness_db": {
        "max": 0.363848954439,
        "mean": 0.176060035825,
        "min": 0.0506168268621,
        "stdev": 0.0408429577947
    },
    "barkbands_kurtosis": {
        "max": 260.02532959,
        "mean": 5.36775398254,
        "min": -1.95315873623,
        "stdev": 22.113199234
    },
    "barkbands_skewness": {
        "max": 13.936255455,
        "mean": 1.50278091431,
        "min": -2.05227303505,
        "stdev": 1.74068427086
    },
    "barkbands_spread": {
        "max": 92.1526489258,
        "mean": 24.8897972107,
        "min": 0.571736216545,
        "stdev": 11.4211874008
    },
    "dissonance": {
        "max": 0.498815894127,
        "mean": 0.461098223925,
        "min": 0.352568775415,
        "stdev": 0.0250982679427
    },
    "dynamic_complexity": 3.14118742943,
    "erbbands_crest": {
        "max": 29.1020622253,
        "mean": 10.0320425034,
        "min": 2.17252731323,
        "stdev": 4.98656797409
    },
    "erbbands_flatness_db": {
        "max": 0.299249559641,
        "mean": 0.188060089946,
        "min": 0.0850986167789,
        "stdev": 0.0311131905764
    },
    "erbbands_kurtosis": {
        "max": 31.6148986816,
        "mean": 0.146627232432,
        "min": -1.7813706398,
        "stdev": 2.84856200218
    },
    "erbbands_skewness": {
        "max": 5.07773065567,
        "mean": -0.121129177511,
        "min": -2.64639091492,
        "stdev": 0.837683320045
    },
    "erbbands_spread": {
        "max": 142.223007202,
        "mean": 44.449432373,
        "min": 6.65769481659,
        "stdev": 21.1805896759
    },
    "hfc": {
        "max": 106.21131134,
        "mean": 16.7826042175,
        "min": 1.14905286781e-16,
        "stdev": 15.9220294952
    },
    "loudness_ebu128": {
        "integrated": -18.7167682648,
        "loudness_range": 1.61584091187,
        "momentary": {
            "max": -15.4078073502,
            "mean": -19.8689174652,
            "min": -44.7835235596,
            "stdev": 4.30819940567
        },
        "short_term": {
            "max": -17.743724823,
            "mean": -18.767118454,
            "min": -21.1070346832,
            "stdev": 0.670872092247
        }
    },
    "melbands_crest": {
        "max": 30.3578872681,
        "mean": 14.3183660507,
        "min": 1.89794552326,
        "stdev": 6.26661586761
    },
    "melbands_flatness_db": {
        "max": 0.418601959944,
        "mean": 0.188401773572,
        "min": 0.00445632450283,
        "stdev": 0.0524517521262
    },
    "melbands_kurtosis": {
        "max": 241.589324951,
        "mean": 15.235994339,
        "min": -1.5993937254,
        "stdev": 29.11003685
    },
    "melbands_skewness": {
        "max": 14.1038398743,
        "mean": 2.8372335434,
        "min": -0.13706202805,
        "stdev": 1.94808721542
    },
    "melbands_spread": {
        "max": 145.333190918,
        "mean": 28.6487350464,
        "min": 0.718074858189,
        "stdev": 19.4271850586
    },
    "pitch_salience": {
        "max": 0.809388816357,
        "mean": 0.505957305431,
        "min": 0.181312143803,
        "stdev": 0.124710284173
    },
    "silence_rate_20dB": {
        "max": 1,
        "mean": 1,
        "min": 1,
        "stdev": 0
    },
    "silence_rate_30dB": {
        "max": 1,
        "mean": 0.98727273941,
        "min": 0,
        "stdev": 0.112094908953
    },
    "silence_rate_60dB": {
        "max": 1,
        "mean": 0.0490909107029,
        "min": 0,
        "stdev": 0.21605579555
    },
    "spectral_centroid": {
        "max": 11708.5224609,
        "mean": 1515.73852539,
        "min": 239.218414307,
        "stdev": 1209.84606934
    },
    "spectral_complexity": {
        "max": 47,
        "mean": 16.1872730255,
        "min": 0,
        "stdev": 8.10227298737
    },
    "spectral_decrease": {
        "max": 1.59162497834e-28,
        "mean": -5.64551250193e-09,
        "min": -4.62835316739e-08,
        "stdev": 5.88872905993e-09
    },
    "spectral_energy": {
        "max": 0.183975338936,
        "mean": 0.022829702124,
        "min": 1.04385403088e-20,
        "stdev": 0.023326439783
    },
    "spectral_energyband_high": {
        "max": 0.0135119631886,
        "mean": 0.000825765833724,
        "min": 7.40628278353e-21,
        "stdev": 0.00173809716944
    },
    "spectral_energyband_low": {
        "max": 0.116512991488,
        "mean": 0.0054770312272,
        "min": 5.45145483997e-23,
        "stdev": 0.0120768211782
    },
    "spectral_energyband_middle_high": {
        "max": 0.0323135741055,
        "mean": 0.00444442499429,
        "min": 1.17793659525e-21,
        "stdev": 0.00384776387364
    },
    "spectral_energyband_middle_low": {
        "max": 0.139669582248,
        "mean": 0.0149073787034,
        "min": 2.72143027375e-22,
        "stdev": 0.0187173709273
    },
    "spectral_entropy": {
        "max": 9.81968688965,
        "mean": 7.39952898026,
        "min": 5.6700835228,
        "stdev": 0.466533064842
    },
    "spectral_flux": {
        "max": 0.355413675308,
        "mean": 0.0670297443867,
        "min": 6.63580787541e-11,
        "stdev": 0.0416366495192
    },
    "spectral_kurtosis": {
        "max": 15.8480434418,
        "mean": 2.58494830132,
        "min": -1.41370582581,
        "stdev": 1.89349400997
    },
    "spectral_rms": {
        "max": 0.013397318311,
        "mean": 0.00423404667526,
        "min": 3.19122896511e-12,
        "stdev": 0.00208464660682
    },
    "spectral_rolloff": {
        "max": 19121.484375,
        "mean": 1900.20837402,
        "min": 172.265625,
        "stdev": 2201.70117188
    },
    "spectral_skewness": {
        "max": 3.27609586716,
        "mean": 1.17714250088,
        "min": -0.121835246682,
        "stdev": 0.445573866367
    },
    "spectral_spread": {
        "max": 42239744,
        "mean": 4734865.5,
        "min": 2957471,
        "stdev": 4267443.5
    },
    "spectral_strongpeak": {
        "max": 8.30195713043,
        "mean": 0.891562104225,
        "min": 8.19481038583e-10,
        "stdev": 1.03436565399
    },
    "zerocrossingrate": {
        "max": 0.51416015625,
        "mean": 0.0691210925579,
        "min": 0.0068359375,
        "stdev": 0.0570685863495
    },
    "barkbands": {
        "max": [0.000448588165455, 0.0393283106387, 0.0310180597007, 0.124828591943, 0.0986837148666, 0.0124090239406, 0.00637658126652, 0.00366806169041, 0.00532051175833, 0.0152536993846, 0.00370095996186, 0.0100869005546, 0.00656282529235, 0.00590749690309, 0.00684232870117, 0.0106121897697, 0.00698896870017, 0.00187209446449, 0.00259184534661, 0.00514852348715, 0.00476546678692, 0.00396215450019, 0.00379307894036, 0.00472123734653, 0.000993557041511, 2.71286558018e-06, 2.9615848689e-06],
        "mean": [1.7208425561e-05, 0.00147871591616, 0.0012870489154, 0.00538087124005, 0.00614916626364, 0.00170863850508, 0.000691543682478, 0.000336495460942, 0.000404283055104, 0.000361132988473, 0.000270918913884, 0.00113368919119, 0.000329528586008, 0.000200877111638, 0.000247185322223, 0.00123160355724, 0.000266844115686, 0.000113312678877, 0.000321697298205, 0.000158836715855, 0.000270183809334, 0.000254032231169, 0.000138081682962, 6.61424201098e-05, 1.16589226309e-05, 5.6238445012e-09, 6.0723808204e-09],
        "min": [1.95753723428e-24, 1.49608606635e-23, 4.95201477353e-24, 9.00423389374e-25, 2.50563207198e-23, 2.93838980499e-23, 1.94776620589e-23, 3.93079354761e-23, 3.80944654555e-23, 4.4665336008e-23, 3.17112743786e-23, 4.05209037812e-23, 5.0520378398e-23, 4.51780608866e-23, 5.96713889351e-23, 7.20436183153e-23, 7.22871870084e-23, 1.54050789677e-22, 1.6861573683e-22, 1.70553545244e-22, 3.73771939929e-22, 4.1601982116e-22, 4.85522101981e-22, 6.97098130858e-22, 1.10649967408e-21, 1.28407804462e-21, 2.35872126867e-21],
        "stdev": [4.33176537626e-05, 0.00470213918015, 0.0033832739573, 0.0131377633661, 0.0120223164558, 0.00193174730521, 0.000871883530635, 0.000533435202669, 0.000660551770125, 0.00101893348619, 0.000439042894868, 0.00128821912222, 0.000715403817594, 0.000498070265166, 0.000540644163266, 0.00133364775684, 0.000525665876921, 0.000209697260289, 0.000370043009752, 0.000386693398468, 0.000511997612193, 0.000529502285644, 0.000434364628745, 0.000245363189606, 4.93778024975e-05, 1.15546768598e-07, 1.26142751355e-07]
    },
    "erbbands": {
        "max": [0.855520009995, 10.8665304184, 28.0048675537, 291.222473145, 338.831787109, 565.779052734, 90.1008529663, 144.485900879, 87.2168579102, 81.4614334106, 81.2971343994, 156.684616089, 574.201721191, 96.1650314331, 160.493530273, 290.88961792, 288.439331055, 323.889434814, 186.274475098, 269.392852783, 708.497802734, 510.405395508, 135.299453735, 74.9308929443, 178.380233765, 205.809265137, 248.433807373, 226.540100098, 180.907485962, 115.717643738, 103.404495239, 69.2937316895, 81.5146942139, 27.7841281891, 1.28990280628, 0.0429548025131, 0.00505846273154, 0.00181979127228, 0.000431293447036, 0.000226221556659],
        "mean": [0.026912080124, 0.392790228128, 1.39067625999, 10.7497491837, 17.8514518738, 25.5779590607, 14.5508050919, 13.411898613, 10.2153549194, 8.46637916565, 8.50084590912, 9.92564296722, 13.71276474, 10.2632284164, 21.9387149811, 34.4613113403, 15.1112766266, 11.5362672806, 10.0140018463, 15.9162836075, 81.4001464844, 21.5145511627, 8.1644744873, 12.1443195343, 12.6165914536, 7.53830623627, 13.3919086456, 8.1717042923, 10.7837982178, 5.41164493561, 3.49057793617, 1.7579627037, 0.805189788342, 0.250925242901, 0.0271147061139, 0.000801580143161, 7.56867302698e-05, 1.64547273016e-05, 1.56228124979e-05, 2.79036630673e-05],
        "min": [3.11492090903e-22, 3.0992490575e-21, 6.1380493068e-21, 1.06250016823e-20, 2.77646856142e-20, 7.08612478926e-20, 9.34155034413e-20, 2.1497174302e-19, 3.60885795614e-19, 3.25363739129e-19, 6.70322197898e-19, 9.42281760814e-19, 1.45677290238e-18, 1.12879889143e-18, 1.71671089436e-18, 1.46151192351e-18, 2.57194151167e-18, 2.39778938705e-18, 3.45286363503e-18, 4.20030445013e-18, 5.11509176135e-18, 4.51591397208e-18, 6.73841055243e-18, 8.18655606442e-18, 5.88264009637e-18, 8.55231961486e-18, 1.09609545805e-17, 1.59283354591e-17, 1.3808550309e-17, 1.40742614013e-17, 1.4869342443e-17, 1.22027900808e-17, 1.27728490446e-17, 8.45901033304e-18, 8.41556763445e-18, 4.8675302525e-18, 2.52282600844e-18, 1.052249116e-18, 2.97461256857e-19, 3.28819576944e-20],
        "stdev": [0.0957676023245, 1.19843327999, 3.26560950279, 28.4707050323, 32.6448554993, 58.1399497986, 14.7416915894, 16.5933761597, 12.6506824493, 11.0385570526, 11.7735729218, 16.3657684326, 38.6207695007, 14.4135437012, 22.7544345856, 38.7165756226, 30.1555080414, 26.816652298, 17.376537323, 23.5681838989, 88.5572128296, 32.9076385498, 14.2664899826, 13.12251091, 20.7008895874, 16.7516212463, 20.5653591156, 21.743806839, 20.225151062, 15.4965982437, 11.7856903076, 5.35914945602, 3.77200245857, 1.28543615341, 0.0675180330873, 0.00218046177179, 0.000281849555904, 8.3385319158e-05, 2.44991206273e-05, 2.82691325992e-05]
    },
    "gfcc": {
        "mean": [-49.0065803528, 115.809288025, -148.558639526, 61.7353973389, -77.7469711304, 12.1668539047, -45.6758155823, -14.1213216782, -20.0046749115, -25.0837554932, -6.72676897049, -13.2553062439, 9.31559467316],
        "cov": [[23149.0410156, 2385.14916992, -2934.59741211, 1146.61987305, -1121.05737305, -6.11271524429, -485.441253662, -556.236999512, -169.464263916, -541.821350098, -40.2283935547, -280.551177979, 194.475799561], [2385.14916992, 707.444702148, -349.242889404, -80.5535049438, 14.0579748154, -84.9661178589, -20.6989479065, -28.703622818, 46.5816955566, 3.99956989288, 34.7714881897, -43.0476417542, 83.9841079712], [-2934.59741211, -349.242889404, 769.988708496, -19.6539859772, 68.6692352295, 12.1405515671, 51.9011039734, 63.762336731, -16.7184772491, 45.5413169861, -6.92053365707, -37.1057052612, -73.438117981], [1146.61987305, -80.5535049438, -19.6539859772, 334.133666992, -66.4488143921, 39.2806434631, 29.5302600861, -22.3812160492, -16.8917274475, -28.8919658661, 7.0731306076, -4.06592702866, -43.4186553955], [-1121.05737305, 14.0579748154, 68.6692352295, -66.4488143921, 224.632476807, 17.5581855774, 71.9160003662, 38.0651855469, 60.0235786438, 73.3593215942, 38.966003418, 26.8453617096, 3.12300801277], [-6.11271524429, -84.9661178589, 12.1405515671, 39.2806434631, 17.5581855774, 132.240905762, 16.3526058197, 39.9174880981, 4.19165802002, 19.1149959564, 3.12633442879, 6.55784463882, -23.0107021332], [-485.441253662, -20.6989479065, 51.9011039734, 29.5302600861, 71.9160003662, 16.3526058197, 136.395721436, 33.0264968872, 38.535900116, 21.5454444885, 19.9030742645, 3.96613526344, -17.5731601715], [-556.236999512, -28.703622818, 63.762336731, -22.3812160492, 38.0651855469, 39.9174880981, 33.0264968872, 123.881462097, 47.167640686, 58.1614990234, 10.7421941757, 11.9268159866, -3.31482291222], [-169.464263916, 46.5816955566, -16.7184772491, -16.8917274475, 60.0235786438, 4.19165802002, 38.535900116, 47.167640686, 90.2827987671, 55.0475616455, 20.1579399109, 7.46097946167, 6.76785755157], [-541.821350098, 3.99956989288, 45.5413169861, -28.8919658661, 73.3593215942, 19.1149959564, 21.5454444885, 58.1614990234, 55.0475616455, 120.36491394, 59.7121620178, 16.3256473541, 1.20651721954], [-40.2283935547, 34.7714881897, -6.92053365707, 7.0731306076, 38.966003418, 3.12633442879, 19.9030742645, 10.7421941757, 20.1579399109, 59.7121620178, 81.8883666992, 34.4147567749, 4.00800275803], [-280.551177979, -43.0476417542, -37.1057052612, -4.06592702866, 26.8453617096, 6.55784463882, 3.96613526344, 11.9268159866, 7.46097946167, 16.3256473541, 34.4147567749, 96.1326904297, 36.8630981445], [194.475799561, 83.9841079712, -73.438117981, -43.4186553955, 3.12300801277, -23.0107021332, -17.5731601715, -3.31482291222, 6.76785755157, 1.20651721954, 4.00800275803, 36.8630981445, 79.3600692749]],
        "icov": [[0.000734688946977, -0.00187960220501, 0.00150014285464, -0.00229436857626, 0.00198201299645, -0.00163092941511, 0.00125307647977, 0.000745255791117, -0.000661511556245, 0.00150178186595, -0.00143564050086, 0.00174862507265, -0.000626783818007], [-0.00187960220501, 0.0079035544768, -0.00261573772877, 0.00611716788262, -0.00579372188076, 0.00529401283711, -0.00285482616164, -0.0026540576946, 0.000663335435092, -0.00206641969271, -4.4027756303e-06, 1.46556785694e-05, -0.00184354058001], [0.00150014285464, -0.00261573772877, 0.00524319615215, -0.00451281340793, 0.00326218642294, -0.00232740072533, 0.00220618094318, 0.000300809944747, -6.31799921393e-05, 0.00265599577688, -0.00350257148966, 0.0054298019968, -0.00120747229084], [-0.00229436857626, 0.00611716788262, -0.00451281340793, 0.0111549496651, -0.00457108207047, 0.00396118452772, -0.00529478630051, -0.00137363304384, 0.00148090231232, -0.00385841424577, 0.00313462456688, -0.0058123790659, 0.00364833069034], [0.00198201299645, -0.00579372188076, 0.00326218642294, -0.00457108207047, 0.0132912881672, -0.00565943447873, -8.45784015837e-05, 0.00416445219889, -0.00409124977887, 0.00052379182307, -0.00263868737966, 0.00181458657607, -0.000585320114624], [-0.00163092941511, 0.00529401283711, -0.00232740072533, 0.00396118452772, -0.00565943447873, 0.0137722259387, -0.00265159015544, -0.00535995932296, 0.00342356530018, -0.00422776537016, 0.0035850238055, -0.00374021567404, 0.0031412455719], [0.00125307647977, -0.00285482616164, 0.00220618094318, -0.00529478630051, -8.45784015837e-05, -0.00265159015544, 0.0133352596313, -0.0010649447795, -0.00492198532447, 0.00693824328482, -0.00610468909144, 0.00421995203942, -9.95300433715e-05], [0.000745255791117, -0.0026540576946, 0.000300809944747, -0.00137363304384, 0.00416445219889, -0.00535995932296, -0.0010649447795, 0.0154358725995, -0.00504290591925, -0.00541189452633, 0.00407100608572, -0.0019246150041, 0.0004008897522], [-0.000661511556245, 0.000663335435092, -6.31799921393e-05, 0.00148090231232, -0.00409124977887, 0.00342356530018, -0.00492198532447, -0.00504290591925, 0.021978687495, -0.00990155898035, 0.00558849237859, -0.00206553610042, 0.000477355119074], [0.00150178186595, -0.00206641969271, 0.00265599577688, -0.00385841424577, 0.00052379182307, -0.00422776537016, 0.00693824328482, -0.00541189452633, -0.00990155898035, 0.0287833549082, -0.0214531756938, 0.0100390044972, -0.0042555606924], [-0.00143564050086, -4.4027756303e-06, -0.00350257148966, 0.00313462456688, -0.00263868737966, 0.0035850238055, -0.00610468909144, 0.00407100608572, 0.00558849237859, -0.0214531756938, 0.034151840955, -0.0173021610826, 0.00811981037259], [0.00174862507265, 1.46556785694e-05, 0.0054298019968, -0.0058123790659, 0.00181458657607, -0.00374021567404, 0.00421995203942, -0.0019246150041, -0.00206553610042, 0.0100390044972, -0.0173021610826, 0.0274224299937, -0.0145983081311], [-0.000626783818007, -0.00184354058001, -0.00120747229084, 0.00364833069034, -0.000585320114624, 0.0031412455719, -9.95300433715e-05, 0.0004008897522, 0.000477355119074, -0.0042555606924, 0.00811981037259, -0.0145983081311, 0.0242898222059]]
    },
    "melbands": {
        "max": [0.00874212384224, 0.0120505085215, 0.0432453528047, 0.0264524295926, 0.00729295564815, 0.00294472672977, 0.00122317206115, 0.000765546341427, 0.000861380423885, 0.00103285408113, 0.00288211158477, 0.000362214137567, 0.000444152246928, 0.00151593552437, 0.000769295729697, 0.000888806942385, 0.00072636565892, 0.000197786648641, 0.000751057290472, 0.000249192351475, 0.000951899739448, 0.000571248470806, 0.00012608745601, 9.19948652154e-05, 6.69848523103e-05, 0.000141730241012, 0.000181370021892, 0.000129054795252, 0.000169046601513, 0.000104505030322, 0.000134162255563, 0.000121228345961, 6.67331187287e-05, 7.56866720621e-05, 7.11387619958e-05, 3.30762923113e-05, 5.78854997002e-05, 4.79318696307e-05, 6.28376947134e-05, 1.15065304271e-05],
        "mean": [0.000339275167789, 0.000763870368246, 0.00204681255855, 0.00155470485333, 0.000620112987235, 0.000306717469357, 0.000157258124091, 9.19004378375e-05, 6.52521412121e-05, 6.41957885819e-05, 6.73170288792e-05, 3.82516227546e-05, 4.62820280518e-05, 0.000157008937094, 2.45528717642e-05, 4.06274702982e-05, 1.91692033695e-05, 1.43764336826e-05, 2.40358258452e-05, 2.28767312365e-05, 0.000114459682663, 1.85141325346e-05, 8.70310486789e-06, 4.63953574581e-06, 1.04870114228e-05, 1.34480587803e-05, 5.5533705563e-06, 4.42118334831e-06, 9.4164888651e-06, 5.56194208912e-06, 4.19927209805e-06, 7.73571537138e-06, 2.82135738416e-06, 3.14517660627e-06, 2.3191114451e-06, 1.21439518352e-06, 9.87481939774e-07, 5.94135144638e-07, 3.75621340254e-07, 1.58132436923e-07],
        "min": [4.51691380809e-24, 3.23657520397e-24, 2.06302825047e-24, 5.05425864102e-24, 3.44141358764e-24, 4.87386587352e-24, 6.07291472793e-24, 4.61188990006e-24, 5.25194402843e-24, 5.87485147616e-24, 7.39710926521e-24, 4.3128276033e-24, 4.81079486643e-24, 5.95751581598e-24, 4.42973955046e-24, 5.12370956069e-24, 4.0510622557e-24, 5.50508397089e-24, 4.92708361348e-24, 5.65277095969e-24, 6.3170723057e-24, 3.72268154896e-24, 5.21687245587e-24, 6.60425948482e-24, 5.70406900663e-24, 5.06098880783e-24, 5.02104641362e-24, 5.18959640678e-24, 6.28772155243e-24, 6.49564950982e-24, 8.30695461202e-24, 6.20908631967e-24, 8.68297462883e-24, 6.71876777281e-24, 8.27570862043e-24, 7.41569719472e-24, 8.04315952532e-24, 7.85680612482e-24, 7.41849765094e-24, 6.51235087848e-24],
        "stdev": [0.00109834945761, 0.00167683977634, 0.00451774662361, 0.00300862989388, 0.000843021611217, 0.000362084625522, 0.000191526560229, 0.000119626747619, 9.54349670792e-05, 0.000110096145363, 0.000192580890143, 5.35466424481e-05, 5.1795537729e-05, 0.000185025724932, 6.41814913251e-05, 9.45912397583e-05, 5.54956495762e-05, 2.59134558291e-05, 5.86254573136e-05, 2.76259106613e-05, 0.000129009233206, 3.68536566384e-05, 1.61670850503e-05, 8.66297068569e-06, 1.13760706881e-05, 1.61660736921e-05, 1.50531304826e-05, 1.06328543552e-05, 1.3427686099e-05, 1.25521110022e-05, 1.28180354295e-05, 1.27348557726e-05, 8.86695124791e-06, 9.13827170734e-06, 7.95311188995e-06, 3.63541425941e-06, 3.49687275047e-06, 2.34523145082e-06, 2.75001571026e-06, 6.05032312251e-07]
    },
    "melbands128": {
        "max": [0.000425760168582, 0.00579962879419, 0.0148597378284, 0.0230375602841, 0.01475196518, 0.0209979861975, 0.0700178071856, 0.0559484362602, 0.0465693622828, 0.043578311801, 0.043098770082, 0.0118226800114, 0.00274012610316, 0.00386339076795, 0.0046084872447, 0.00296416459605, 0.00251497142017, 0.000897607358638, 0.00213375734165, 0.000780517002568, 0.00090074702166, 0.00132436770946, 0.00114508997649, 0.00173058942892, 0.00119986489881, 0.00172834761906, 0.00123712932691, 0.00583868660033, 0.00127709179651, 0.000195981527213, 0.000625484099146, 0.00118755362928, 0.000460854906123, 0.000470862345537, 0.00236715329811, 0.00196661497466, 0.000628275040071, 0.00170816329774, 0.000253804959357, 0.000902886386029, 0.00146437413059, 0.000325457775034, 0.000947310472839, 0.00126043893397, 0.000539227097761, 0.000152780819917, 0.000158123410074, 0.00148100359365, 0.00056824152125, 0.000193170475541, 0.000494351610541, 0.000389905879274, 0.001885467791, 0.000896202225704, 0.000374142255168, 0.000949271896388, 0.000763301504776, 0.000163643228007, 0.000193252519239, 0.000349275564076, 0.000128177882289, 3.66103813576e-05, 0.000134245041409, 0.000100245131762, 0.000222010785365, 0.000164753466379, 0.000247890158789, 0.000255119928624, 0.000231426238315, 0.000172313535586, 0.000156749112648, 0.000158970651682, 0.000181424649782, 0.00017911636678, 0.000186852266779, 0.000109148932097, 0.000140942851431, 0.000200452879653, 0.000144682795508, 0.000107194413431, 0.000147484111949, 0.000145353420521, 0.000119786760479, 7.70724436734e-05, 7.19414238119e-05, 6.66313426336e-05, 0.000101295860077, 0.000114154878247, 6.97753639542e-05, 8.64396424731e-05, 3.98892407247e-05, 2.71191856882e-05, 3.42886451108e-05, 8.31238648971e-05, 6.29255446256e-05, 3.40966253134e-05, 3.23591193592e-05, 8.31088837003e-05, 8.8129832875e-05, 4.70163795399e-05, 1.05981107481e-05, 7.68591598899e-06, 4.96667507832e-06, 5.95164920014e-07, 2.73799489747e-08, 2.11754631607e-08, 2.00000247474e-08, 1.91367828251e-08, 1.84263377889e-08, 1.77681656055e-08, 1.71377383396e-08, 1.65195555013e-08, 1.60164432828e-08, 1.54806034658e-08, 1.49978713893e-08, 1.45480596458e-08, 1.41544918009e-08, 1.37668623168e-08, 1.34164030996e-08, 1.30722161984e-08, 1.2797914728e-08, 1.25473338386e-08, 1.23049090917e-08, 1.21144658749e-08, 1.19506804452e-08, 1.18247891479e-08, 1.17265468447e-08, 1.1665836297e-08],
        "mean": [1.16037872431e-05, 0.000126066763187, 0.000506878539454, 0.000691599154379, 0.000548634794541, 0.000713290763088, 0.00220281863585, 0.00268510007299, 0.00155917333905, 0.00157081650104, 0.00167197862174, 0.000607212539762, 0.000465691642603, 0.000395719893277, 0.000308156799292, 0.000267452036496, 0.000206679411349, 9.06034329091e-05, 0.000181428986252, 6.26392939012e-05, 7.26548751118e-05, 0.000102964171674, 4.95857384522e-05, 5.62341265322e-05, 5.01077993249e-05, 9.03257387108e-05, 3.9341764932e-05, 0.000101565696241, 4.76730165246e-05, 1.57959439093e-05, 4.98756053275e-05, 5.48007919861e-05, 1.02869444163e-05, 3.30709081027e-05, 0.000242202440859, 0.000189184036572, 2.41938669205e-05, 3.17509002343e-05, 6.0571501308e-06, 3.02076132357e-05, 7.53139174776e-05, 7.68741756474e-06, 1.43718953041e-05, 2.55681497947e-05, 2.36967371166e-05, 7.64835749578e-06, 7.0253058766e-06, 3.9447862946e-05, 2.08146248042e-05, 9.96179369395e-06, 1.30546532091e-05, 2.92266395263e-05, 0.000191805171198, 0.000107236352051, 1.98245998035e-05, 1.80213828571e-05, 1.31261012939e-05, 7.43633063394e-06, 7.65002369008e-06, 1.0542932614e-05, 2.22767039304e-06, 2.09571726373e-06, 5.90281388213e-06, 7.3723585956e-06, 2.91366741294e-05, 1.18969892355e-05, 8.16559713712e-06, 5.16636782777e-06, 5.56174018129e-06, 5.06016431245e-06, 2.93154175779e-06, 4.87047282149e-06, 7.18241653885e-06, 1.31933284138e-05, 7.93842809799e-06, 5.23936341779e-06, 4.87224951939e-06, 4.08031610277e-06, 3.68184441868e-06, 3.83074529964e-06, 1.11498666229e-05, 7.76189790486e-06, 2.85108626485e-06, 2.62129788098e-06, 2.59205876318e-06, 2.60137244368e-06, 3.64883590009e-06, 3.79172070097e-06, 1.93631990442e-06, 1.70546286427e-06, 1.10598648462e-06, 1.11296981231e-06, 1.34254366913e-06, 9.56576286626e-07, 8.70469079928e-07, 5.56785948902e-07, 6.19477987129e-07, 4.74311008247e-07, 4.33221543972e-07, 3.18097335139e-07, 1.5781814966e-07, 1.5883102833e-07, 1.04052425343e-07, 4.67987426589e-08, 5.43318057211e-09, 5.03793187723e-11, 4.39855339651e-11, 3.99264996065e-11, 3.82120585174e-11, 3.68320027255e-11, 3.55324207557e-11, 3.42384245955e-11, 3.32514259183e-11, 3.20546679478e-11, 3.1041280657e-11, 3.00753172366e-11, 2.90964023708e-11, 2.82616239439e-11, 2.7540228778e-11, 2.68342778553e-11, 2.62554006314e-11, 2.57409649151e-11, 2.52526072969e-11, 2.48426244853e-11, 2.44489047063e-11, 2.40775923505e-11, 2.38202287756e-11, 2.36879751925e-11],
        "min": [1.95489356417e-24, 2.45534889459e-24, 2.45936853534e-24, 2.92289255362e-24, 1.80466723211e-24, 1.92466737251e-24, 1.78973429239e-24, 2.45018644092e-25, 7.9510828916e-25, 5.20701366671e-24, 1.74597676963e-24, 9.65242512235e-25, 2.02228003484e-24, 2.15041254231e-24, 9.86075934311e-25, 3.91495219511e-24, 4.226530559e-24, 2.31100273172e-24, 4.79751182929e-25, 2.85256501227e-24, 3.59562090625e-24, 3.07491078322e-24, 4.66412826921e-24, 3.59126560519e-24, 4.45903942221e-24, 2.27988611332e-24, 4.40483442282e-24, 6.13907649205e-24, 3.76009919385e-24, 2.13507826961e-24, 3.09712116201e-24, 1.74974180551e-24, 2.74314783535e-24, 2.50355362071e-24, 7.0186579791e-24, 2.42300086431e-24, 2.24562687028e-24, 3.24307738998e-24, 2.40748633689e-24, 5.04283869613e-24, 1.27268576586e-24, 9.89187990582e-25, 5.94727719029e-24, 2.76118040679e-24, 3.36946750093e-24, 3.18093428053e-24, 2.96427540785e-24, 5.24712172171e-24, 1.23691989711e-24, 2.59084896848e-24, 3.01064346857e-24, 4.78525194475e-24, 2.81433444622e-24, 5.66433566056e-24, 2.56440378714e-24, 2.01494638944e-24, 4.75215370775e-24, 3.61353790956e-24, 2.9930974271e-24, 4.64453217546e-24, 4.85936739894e-24, 4.65425646384e-24, 3.81391410151e-24, 2.25211919553e-24, 3.50215587734e-24, 4.00330501093e-24, 2.65252881937e-24, 2.14565413333e-24, 4.72173365352e-24, 4.54996195242e-24, 3.55510027699e-24, 3.11684209299e-24, 4.62773929894e-24, 3.76828362574e-24, 6.46625379148e-24, 4.13281664447e-24, 2.91906894481e-24, 7.40420191361e-24, 9.16581272309e-24, 5.34710431942e-24, 4.61030310635e-24, 6.08925755931e-24, 7.99098584277e-24, 7.96576990393e-24, 7.23404146091e-24, 3.91959385268e-24, 4.48378638323e-24, 4.31978022888e-24, 5.94707721405e-24, 5.72304190026e-24, 8.07024033133e-24, 6.2792957291e-24, 4.56115233879e-24, 5.22794411868e-24, 5.12137413798e-24, 5.32142926354e-24, 5.37410860593e-24, 4.78649597839e-24, 4.41505017155e-24, 6.3886259341e-24, 4.29046379106e-24, 5.49753851633e-24, 6.05132715483e-24, 8.13604789691e-24, 6.43996776283e-24, 7.39304268725e-24, 6.22652093454e-24, 5.85980908198e-24, 8.13910473291e-24, 9.21915391978e-24, 4.78933193335e-24, 8.36259770483e-24, 7.49463535006e-24, 5.66453208692e-24, 7.70591912175e-24, 7.01358008145e-24, 5.95945878039e-24, 5.76232441233e-24, 8.13039176422e-24, 7.66065507187e-24, 8.34329822279e-24, 6.47729508314e-24, 9.30160645045e-24, 6.51001782235e-24, 9.00853673555e-24, 1.05319580944e-23, 7.62085782806e-24, 7.56951481605e-24],
        "stdev": [3.50420741597e-05, 0.000567246170249, 0.001711119432, 0.00227194395848, 0.00165867246687, 0.00195711641572, 0.00667724153027, 0.00579516356811, 0.00365315144882, 0.00416204985231, 0.00424074754119, 0.00114279752597, 0.000491948681884, 0.000565337075386, 0.000519887951668, 0.000384205806768, 0.00033973652171, 0.000124162004795, 0.000287340895738, 9.81877674349e-05, 0.000133353372803, 0.000192423103726, 0.000101195226307, 0.000151711414219, 0.000102264733869, 0.000198841124075, 0.00010841506446, 0.000389207241824, 9.70921828412e-05, 2.85295554932e-05, 8.65691763465e-05, 0.000111366884084, 2.60979468294e-05, 5.35060498805e-05, 0.000308070826577, 0.000241845205892, 5.37445994269e-05, 0.00013730484352, 2.12732284126e-05, 8.41159853735e-05, 0.000172776461113, 1.94978310901e-05, 6.25727698207e-05, 9.52401169343e-05, 5.83959590585e-05, 1.48168901433e-05, 1.35013069666e-05, 0.000113652975415, 4.82815194118e-05, 1.9854729544e-05, 3.75283962057e-05, 4.22665325459e-05, 0.000230490171816, 0.000131126522319, 4.49641229352e-05, 5.63140711165e-05, 4.26626938861e-05, 1.72029631358e-05, 1.86716315511e-05, 2.47187363129e-05, 7.15786381988e-06, 4.64201366412e-06, 1.27636994876e-05, 1.22108522191e-05, 3.26608533214e-05, 1.51410158651e-05, 2.47300959018e-05, 1.9525996322e-05, 1.5862084183e-05, 1.28471747303e-05, 1.02267422335e-05, 1.34815745696e-05, 1.47110422404e-05, 1.72903382918e-05, 1.52429120135e-05, 1.28682513605e-05, 1.39010971907e-05, 1.43225333886e-05, 1.34899801196e-05, 1.25299720821e-05, 1.57817739819e-05, 1.30432199512e-05, 1.08092226583e-05, 9.08488345885e-06, 8.01060559752e-06, 8.42519966682e-06, 1.03597067209e-05, 1.19821725093e-05, 7.02281386111e-06, 7.7780432548e-06, 3.71385431208e-06, 2.7330274861e-06, 3.35349750458e-06, 4.39679524789e-06, 3.56620580533e-06, 2.04056323128e-06, 1.81388668352e-06, 3.59191085408e-06, 3.81898826163e-06, 2.14107990359e-06, 5.80259722938e-07, 5.32177409696e-07, 2.80873734937e-07, 3.42431505373e-08, 4.1392365091e-09, 9.02258101565e-10, 8.52672210616e-10, 8.15075951177e-10, 7.8481821042e-10, 7.56785245581e-10, 7.29933058441e-10, 7.03603397767e-10, 6.82172041078e-10, 6.59353127652e-10, 6.38792629903e-10, 6.19635454058e-10, 6.02879579592e-10, 5.86370729749e-10, 5.71443503627e-10, 5.56783508188e-10, 5.45100797833e-10, 5.34427724297e-10, 5.24101761989e-10, 5.15991027683e-10, 5.09017328287e-10, 5.03660002593e-10, 4.99477958993e-10, 4.96892416102e-10]
    },
    "mfcc": {
        "mean": [-661.2109375, 111.125038147, 1.50202786922, 28.8207874298, -0.716718554497, 8.77223491669, -10.2447319031, 0.836105585098, -4.19794273376, -14.3143072128, -18.9915828705, -4.29332447052, 1.84370172024],
        "cov": [[9015.25488281, 1218.23864746, -548.687744141, 537.494140625, -205.310684204, 259.544128418, -153.828125, 28.6025352478, -104.830886841, -64.9337615967, -193.528686523, -1.81900441647, -77.0223846436], [1218.23864746, 854.675415039, -234.988250732, -62.7982559204, 28.4870834351, -62.6293563843, -49.39320755, -78.9641571045, 47.0415802002, -13.9067497253, 8.25304794312, 14.9692020416, -7.84697389603], [-548.687744141, -234.988250732, 441.650115967, 70.8004760742, -0.909752964973, -13.9197378159, 28.0642929077, 9.34227180481, -35.6920127869, 12.791891098, -27.3821239471, -44.8812942505, -33.3196640015], [537.494140625, -62.7982559204, 70.8004760742, 246.112533569, -15.8083925247, 39.3245048523, 22.6931610107, 19.6114406586, -15.3169326782, 6.94856834412, 11.1304588318, 24.5572299957, -8.12650299072], [-205.310684204, 28.4870834351, -0.909752964973, -15.8083925247, 116.471046448, 21.08618927, 10.5718011856, -11.0388202667, 5.55245637894, 8.86062049866, 40.1509933472, 28.0215129852, -7.14893913269], [259.544128418, -62.6293563843, -13.9197378159, 39.3245048523, 21.08618927, 97.120300293, 29.9271335602, 19.0407829285, -11.9932165146, 1.46679627895, 6.76729393005, 17.36577034, 9.71065044403], [-153.828125, -49.39320755, 28.0642929077, 22.6931610107, 10.5718011856, 29.9271335602, 76.7368469238, 24.0000209808, -0.0777958631516, 23.3934135437, 26.5717506409, 15.1681642532, -5.56772279739], [28.6025352478, -78.9641571045, 9.34227180481, 19.6114406586, -11.0388202667, 19.0407829285, 24.0000209808, 90.4233856201, 22.9905872345, -7.88399457932, -5.08241081238, 8.48425388336, 28.5811443329], [-104.830886841, 47.0415802002, -35.6920127869, -15.3169326782, 5.55245637894, -11.9932165146, -0.0777958631516, 22.9905872345, 79.4346466064, 31.5435905457, 11.0451059341, 3.22508740425, 6.17997646332], [-64.9337615967, -13.9067497253, 12.791891098, 6.94856834412, 8.86062049866, 1.46679627895, 23.3934135437, -7.88399457932, 31.5435905457, 110.226707458, 60.9512481689, 3.45795345306, -36.9764976501], [-193.528686523, 8.25304794312, -27.3821239471, 11.1304588318, 40.1509933472, 6.76729393005, 26.5717506409, -5.08241081238, 11.0451059341, 60.9512481689, 131.902603149, 60.5486907959, -21.3948326111], [-1.81900441647, 14.9692020416, -44.8812942505, 24.5572299957, 28.0215129852, 17.36577034, 15.1681642532, 8.48425388336, 3.22508740425, 3.45795345306, 60.5486907959, 91.6750335693, 31.5532283783], [-77.0223846436, -7.84697389603, -33.3196640015, -8.12650299072, -7.14893913269, 9.71065044403, -5.56772279739, 28.5811443329, 6.17997646332, -36.9764976501, -21.3948326111, 31.5532283783, 115.162559509]],
        "icov": [[0.000391991343349, -0.000763373100199, 0.000292258511763, -0.000781325157732, 0.000635319505818, -0.00139977491926, 0.00130243843887, -0.00112916366197, 0.00119274749886, -0.000838428328279, 0.000902733299881, -0.000397059513489, 0.000683542340994], [-0.000763373100199, 0.0031654916238, 0.000255488266703, 0.00134374410845, -0.00168361212127, 0.00368430581875, -0.0027021933347, 0.00373172666878, -0.00352054694667, 0.00223819888197, -0.00158802827355, 0.000639313424472, -0.00116070744116], [0.000292258511763, 0.000255488266703, 0.00357653107494, -0.00166979455389, -0.000742338539567, 0.000954948482104, -0.000299643201288, -0.00100368878338, 0.00224104733206, -0.00138400169089, 0.00157399254385, 0.00105139845982, 0.00067754444899], [-0.000781325157732, 0.00134374410845, -0.00166979455389, 0.00670928554609, 0.00034170190338, 0.000552234356292, -0.00237853988074, 0.00144170259591, -0.00191206589807, 0.00139385124203, -0.00143644423224, -0.00177710573189, -0.000168633574503], [0.000635319505818, -0.00168361212127, -0.000742338539567, 0.00034170190338, 0.0124533893541, -0.00605189334601, 0.00199060863815, 0.000255431659753, -0.00041254441021, 0.000769367674366, -0.0016908517573, -0.00282324268483, 0.0021643221844], [-0.00139977491926, 0.00368430581875, 0.000954948482104, 0.000552234356292, -0.00605189334601, 0.0201792512089, -0.00917298253626, 0.00215486157686, -0.000869840732776, 0.00138778169639, -0.000797255022917, 0.000663768150844, -0.00326309725642], [0.00130243843887, -0.0027021933347, -0.000299643201288, -0.00237853988074, 0.00199060863815, -0.00917298253626, 0.0230661202222, -0.00894735939801, 0.00592677900568, -0.00616550724953, 0.00135663209949, -0.00295381480828, 0.00342888035811], [-0.00112916366197, 0.00373172666878, -0.00100368878338, 0.00144170259591, 0.000255431659753, 0.00215486157686, -0.00894735939801, 0.0211310368031, -0.0115798162296, 0.00675999792293, -0.00349023542367, 0.0016532674199, -0.00484180171043], [0.00119274749886, -0.00352054694667, 0.00224104733206, -0.00191206589807, -0.00041254441021, -0.000869840732776, 0.00592677900568, -0.0115798162296, 0.0239286385477, -0.011332754977, 0.00515412352979, -0.0014760264894, 0.000718607625458], [-0.000838428328279, 0.00223819888197, -0.00138400169089, 0.00139385124203, 0.000769367674366, 0.00138778169639, -0.00616550724953, 0.00675999792293, -0.011332754977, 0.0202168952674, -0.0112469848245, 0.00524659454823, 0.000817083055153], [0.000902733299881, -0.00158802827355, 0.00157399254385, -0.00143644423224, -0.0016908517573, -0.000797255022917, 0.00135663209949, -0.00349023542367, 0.00515412352979, -0.0112469848245, 0.0216007083654, -0.0137661686167, 0.00564061384648], [-0.000397059513489, 0.000639313424472, 0.00105139845982, -0.00177710573189, -0.00282324268483, 0.000663768150844, -0.00295381480828, 0.0016532674199, -0.0014760264894, 0.00524659454823, -0.0137661686167, 0.0246922746301, -0.00838662870228], [0.000683542340994, -0.00116070744116, 0.00067754444899, -0.000168633574503, 0.0021643221844, -0.00326309725642, 0.00342888035811, -0.00484180171043, 0.000718607625458, 0.000817083055153, 0.00564061384648, -0.00838662870228, 0.0145920421928]]
    },
    "spectral_contrast_coeffs": {
        "max": [-0.382525831461, -0.573765873909, -0.584510743618, -0.528625845909, -0.625734210014, -0.605893611908],
        "mean": [-0.646450459957, -0.75163346529, -0.727807402611, -0.707197070122, -0.766060650349, -0.745767891407],
        "min": [-0.973588526249, -0.969053268433, -0.969319880009, -0.968082666397, -0.967608869076, -0.963825404644],
        "stdev": [0.0917733237147, 0.0598324947059, 0.0663000196218, 0.0761282444, 0.0529290065169, 0.0537960380316]
    },
    "spectral_contrast_valleys": {
        "max": [-5.15359115601, -5.43812942505, -6.26540470123, -6.20528745651, -6.01385688782, -8.23656082153],
        "mean": [-7.1125497818, -7.31888341904, -7.99417352676, -8.42428398132, -8.18422412872, -10.6178741455],
        "min": [-27.2562847137, -27.6249752045, -27.4689216614, -27.4044342041, -27.4470882416, -27.3483791351],
        "stdev": [2.38480377197, 2.37953567505, 2.28450512886, 2.23963332176, 2.29003000259, 1.95336127281]
    }
},
"rhythm": {
    "beats_count": 19,
    "beats_loudness": {
        "max": 0.110457912087,
        "mean": 0.0439872853458,
        "min": 0.00619146740064,
        "stdev": 0.034759119153
    },
    "bpm": 92.118347168,
    "bpm_histogram_first_peak_bpm": 92,
    "bpm_histogram_first_peak_weight": 0.222222208977,
    "bpm_histogram_second_peak_bpm": 0,
    "bpm_histogram_second_peak_spread": 0,
    "bpm_histogram_second_peak_weight": 0,
    "danceability": 1.3357758522,
    "onset_rate": 2.89983081818,
    "beats_loudness_band_ratio": {
        "max": [0.827982962132, 0.837369024754, 0.250001698732, 0.309001088142, 0.436588317156, 0.1537784338],
        "mean": [0.41299495101, 0.237152650952, 0.089645318687, 0.136800095439, 0.114352665842, 0.0517996773124],
        "min": [0.0220854915679, 0.0199957061559, 0.00291078025475, 0.00515303062275, 0.0142005644739, 0.00671407394111],
        "stdev": [0.263168275356, 0.212813407183, 0.0690414607525, 0.107721328735, 0.112118139863, 0.0392823591828]
    },
    "beats_position": [0.66176867485, 1.3235373497, 1.98530614376, 2.6470746994, 3.28562355042, 3.92417216301, 4.57433080673, 5.22448968887, 5.87464857101, 6.52480697632, 7.18657588959, 7.84834432602, 8.48689365387, 9.12544155121, 9.77560043335, 10.4257593155, 11.0759181976, 11.7260770798, 12.387845993],
