{
"metadata": {
    "version": {
        "essentia": "2.1-beta5",
        "essentia_git_sha": "Undefined",
        "extractor": "music 2.0"
    },
    "audio_properties": {
        "analysis": {
            "equal_loudness": 0,
            "length": 32.4963264465,
            "sample_rate": 44100,
            "start_time": 93.9943771362,
            "downmix": "mix"
        },
        "bit_rate": 192000,
        "length": 186.224029541,
        "lossless": 0,
        "number_channels": 2,
        "replay_gain": -9.6210231781,
        "sample_rate": 44100,
        "codec": "mp3",
        "md5_encoded": "810bd15a5ef6f2acb53ac8bebe242fa5"
    },
    "tags": {
        "file_name": "Yugoslavia_Ciao Amore_Vlado and Isolda.mp3",
        "encoding": ["Lavf58.29.100"]
    }
},
"lowlevel": {
    "average_loudness": 0.91170668602,
    "barkbands_crest": {
        "max": 25.5193157196,
        "mean": 9.25746154785,
        "min": 2.55928087234,
        "stdev": 4.86825561523
    },
    "barkbands_flatness_db": {
        "max": 0.330755382776,
        "mean": 0.121756099164,
        "min": 0.042613491416,
        "stdev": 0.0459604896605
    },
    "barkbands_kurtosis": {
        "max": 129.771850586,
        "mean": 4.58167362213,
        "min": -1.84564757347,
        "stdev": 12.1656703949
    },
    "barkbands_skewness": {
        "max": 9.41584968567,
        "mean": 1.16243565083,
        "min": -3.05936527252,
        "stdev": 1.61005055904
    },
    "barkbands_spread": {
        "max": 86.5257034302,
        "mean": 24.6882972717,
        "min": 1.23532307148,
        "stdev": 15.1044311523
    },
    "dissonance": {
        "max": 0.499802291393,
        "mean": 0.462208926678,
        "min": 0.255138039589,
        "stdev": 0.0318790972233
    },
    "dynamic_complexity": 2.5789141655,
    "erbbands_crest": {
        "max": 27.1538333893,
        "mean": 9.55735778809,
        "min": 2.75804591179,
        "stdev": 4.39968490601
    },
    "erbbands_flatness_db": {
        "max": 0.288626015186,
        "mean": 0.172640025616,
        "min": 0.075476847589,
        "stdev": 0.036300946027
    },
    "erbbands_kurtosis": {
        "max": 32.7529296875,
        "mean": 0.906573355198,
        "min": -1.76357984543,
        "stdev": 2.92280125618
    },
    "erbbands_skewness": {
        "max": 5.32045984268,
        "mean": 0.37467199564,
        "min": -3.2631483078,
        "stdev": 1.00830960274
    },
    "erbbands_spread": {
        "max": 126.278274536,
        "mean": 38.1672172546,
        "min": 6.77353906631,
        "stdev": 20.8247108459
    },
    "hfc": {
        "max": 217.288284302,
        "mean": 26.0359420776,
        "min": 0.332596868277,
        "stdev": 23.777967453
    },
    "loudness_ebu128": {
        "integrated": -14.8891553879,
        "loudness_range": 5.66449165344,
        "momentary": {
            "max": -10.8048343658,
            "mean": -15.5377340317,
            "min": -22.5297241211,
            "stdev": 2.45501232147
        },
        "short_term": {
            "max": -12.0934362411,
            "mean": -15.4902048111,
            "min": -18.8586578369,
            "stdev": 1.94254899025
        }
    },
    "melbands_crest": {
        "max": 31.5816421509,
        "mean": 11.8709392548,
        "min": 2.40801358223,
        "stdev": 5.37272882462
    },
    "melbands_flatness_db": {
        "max": 0.41149187088,
        "mean": 0.155862495303,
        "min": 0.0198818035424,
        "stdev": 0.0675534158945
    },
    "melbands_kurtosis": {
        "max": 266.78527832,
        "mean": 14.2703485489,
        "min": -1.74311876297,
        "stdev": 29.1598892212
    },
    "melbands_skewness": {
        "max": 12.5527172089,
        "mean": 2.28924942017,
        "min": -1.45566165447,
        "stdev": 2.12756371498
    },
    "melbands_spread": {
        "max": 212.718536377,
        "mean": 34.6519126892,
        "min": 0.945274233818,
        "stdev": 28.8323440552
    },
    "pitch_salience": {
        "max": 0.894124686718,
        "mean": 0.583842813969,
        "min": 0.166410878301,
        "stdev": 0.114975944161
    },
    "silence_rate_20dB": {
        "max": 1,
        "mean": 1,
        "min": 1,
        "stdev": 0
    },
    "silence_rate_30dB": {
        "max": 1,
        "mean": 1,
        "min": 1,
        "stdev": 0
    },
    "silence_rate_60dB": {
        "max": 1,
        "mean": 0.0199857242405,
        "min": 0,
        "stdev": 0.139949649572
    },
    "spectral_centroid": {
        "max": 4582.66894531,
        "mean": 1663.40661621,
        "min": 296.618896484,
        "stdev": 851.928894043
    },
    "spectral_complexity": {
        "max": 58,
        "mean": 21.4839401245,
        "min": 0,
        "stdev": 12.7890844345
    },
    "spectral_decrease": {
        "max": -3.11218308069e-11,
        "mean": -4.68334615533e-09,
        "min": -1.88225008912e-08,
        "stdev": 2.75100342506e-09
    },
    "spectral_energy": {
        "max": 0.0759362280369,
        "mean": 0.0200375635177,
        "min": 0.000147628350533,
        "stdev": 0.0116338245571
    },
    "spectral_energyband_high": {
        "max": 0.0296335723251,
        "mean": 0.00148552597966,
        "min": 1.3712045984e-05,
        "stdev": 0.00261370721273
    },
    "spectral_energyband_low": {
        "max": 0.0290547013283,
        "mean": 0.00182636396494,
        "min": 5.36930292583e-06,
        "stdev": 0.00287349964492
    },
    "spectral_energyband_middle_high": {
        "max": 0.0443846099079,
        "mean": 0.0073357867077,
        "min": 5.42488196515e-05,
        "stdev": 0.00822258554399
    },
    "spectral_energyband_middle_low": {
        "max": 0.0667394250631,
        "mean": 0.0103470366448,
        "min": 6.58796052448e-05,
        "stdev": 0.008111320436
    },
    "spectral_entropy": {
        "max": 8.78961753845,
        "mean": 7.57230377197,
        "min": 5.76559019089,
        "stdev": 0.433982938528
    },
    "spectral_flux": {
        "max": 0.250013798475,
        "mean": 0.073179602623,
        "min": 0.00946935266256,
        "stdev": 0.0347029566765
    },
    "spectral_kurtosis": {
        "max": 11.147942543,
        "mean": 2.96191310883,
        "min": -1.18646597862,
        "stdev": 1.82161986828
    },
    "spectral_rms": {
        "max": 0.0086072133854,
        "mean": 0.00422052294016,
        "min": 0.000379509758204,
        "stdev": 0.00131757406052
    },
    "spectral_rolloff": {
        "max": 10938.8671875,
        "mean": 2237.71923828,
        "min": 150.732421875,
        "stdev": 1934.15039062
    },
    "spectral_skewness": {
        "max": 2.62698936462,
        "mean": 1.231148839,
        "min": -0.235905662179,
        "stdev": 0.413547694683
    },
    "spectral_spread": {
        "max": 13767958,
        "mean": 4757741,
        "min": 2142932,
        "stdev": 1692914.75
    },
    "spectral_strongpeak": {
        "max": 9.84275150299,
        "mean": 1.5907958746,
        "min": 0,
        "stdev": 1.64654231071
    },
    "zerocrossingrate": {
        "max": 0.36962890625,
        "mean": 0.0820831805468,
        "min": 0.01220703125,
        "stdev": 0.0485594160855
    },
    "barkbands": {
        "max": [0.0010726187611, 0.00758240465075, 0.0175790600479, 0.0163509268314, 0.0480278357863, 0.0329220853746, 0.0625539571047, 0.0286811497062, 0.0256827417761, 0.0442799702287, 0.0127424793318, 0.0316711552441, 0.0189830530435, 0.0129807684571, 0.010077862069, 0.0140044884756, 0.00681545818225, 0.00562170241028, 0.0105871045962, 0.00634890561923, 0.0125027988106, 0.0132346451283, 0.00763420807198, 0.00462320121005, 0.00386747973971, 0.000103141690488, 2.70913869826e-06],
        "mean": [0.000236938314629, 0.00057335908059, 0.000660551246256, 0.00101534975693, 0.00339057319798, 0.00173188839108, 0.000661757134367, 0.00141656212509, 0.00117765413597, 0.00167243450414, 0.000539852655493, 0.000756929744966, 0.000611665949691, 0.000693366513588, 0.000864611356519, 0.000782833783887, 0.00054208363872, 0.000424790254328, 0.000591185176745, 0.000476230168715, 0.000396060262574, 0.000326461857185, 0.000222506307182, 0.000155509507749, 0.00011335995805, 3.01320073959e-06, 3.82758678086e-08],
        "min": [5.29481894773e-07, 6.33074648704e-07, 1.76263552021e-06, 1.49521554249e-06, 4.46708327217e-06, 9.69316261035e-06, 2.52219069807e-06, 2.36399455389e-06, 4.20928108724e-06, 3.09361460893e-08, 4.05312761131e-07, 3.15455039868e-08, 9.73770625023e-07, 7.71415500367e-07, 8.74103307069e-07, 1.11173267214e-06, 1.58621026003e-06, 5.7523425312e-07, 1.11391364044e-06, 1.88630519915e-06, 2.73972159448e-06, 2.04187449526e-06, 1.94252447727e-06, 6.18160925114e-07, 3.65727487406e-07, 2.29090151294e-08, 2.32892767571e-11],
        "stdev": [9.74192589638e-05, 0.000923045212403, 0.00152578949928, 0.00178986007813, 0.0058045280166, 0.0031458477024, 0.00189643213525, 0.00278890342452, 0.00221176538616, 0.00389361684211, 0.000928443740122, 0.00222031702287, 0.00141917797737, 0.00142606685404, 0.00154694740195, 0.00141015171539, 0.000802493654191, 0.00057934760116, 0.00087005936075, 0.000696275150403, 0.000829631753732, 0.000874399614986, 0.000647427863441, 0.000341407081578, 0.000275838421658, 5.77348009756e-06, 8.53061052908e-08]
    },
    "erbbands": {
        "max": [0.117391571403, 2.18985700607, 16.3991413116, 37.7885398865, 63.9296264648, 191.61656189, 290.112731934, 351.539794922, 660.149353027, 568.847167969, 787.782897949, 571.807006836, 1539.04589844, 534.039123535, 419.052703857, 1470.09643555, 1014.83081055, 561.690429688, 516.904907227, 761.147644043, 516.878234863, 401.700714111, 218.187362671, 620.320678711, 366.844268799, 306.489257812, 390.391143799, 536.651794434, 472.107940674, 288.508850098, 198.187530518, 141.645568848, 60.6652679443, 47.3368530273, 23.6212711334, 0.900987267494, 0.0665659606457, 0.00486413622275, 0.000455895176856, 0.000118243035104],
        "mean": [0.0113989319652, 0.150544688106, 0.66026699543, 2.38601517677, 5.19621706009, 12.5472011566, 18.1389770508, 13.0265760422, 8.72471141815, 13.7278747559, 37.4771614075, 32.2884674072, 53.9540214539, 27.9017505646, 24.252910614, 36.547504425, 30.54845047, 35.9733543396, 32.1643486023, 61.8769645691, 33.417842865, 27.0199108124, 24.3963565826, 31.4772129059, 25.71251297, 22.4081802368, 19.5557422638, 13.7340784073, 11.6135339737, 9.54148292542, 5.92051458359, 3.91061449051, 2.22990298271, 1.23329496384, 0.802041888237, 0.062630712986, 0.00582683086395, 0.000525985786226, 3.42862513207e-05, 2.89993877232e-05],
        "min": [4.32826018368e-05, 0.000330489972839, 0.00220493553206, 0.0053723808378, 0.00736972875893, 0.0160434860736, 0.0600616894662, 0.0778990909457, 0.0900611951947, 0.146790206432, 0.144042462111, 0.208151444793, 0.102793499827, 0.039323259145, 0.0345508269966, 0.0295552182943, 0.0449959896505, 0.0658177137375, 0.0438132286072, 0.0654066354036, 0.0828099623322, 0.0854220166802, 0.0392933674157, 0.100621417165, 0.0870477408171, 0.0703271999955, 0.0828122645617, 0.103132106364, 0.07467084378, 0.0654045417905, 0.0576788671315, 0.00981469545513, 0.00766650494188, 0.00354393199086, 0.0027165398933, 0.000525310111698, 7.31736581656e-05, 6.75590899846e-06, 7.49963419366e-07, 1.05987817278e-06],
        "stdev": [0.014001943171, 0.263000965118, 1.42766463757, 4.27713918686, 6.23635149002, 25.4681224823, 34.1758422852, 25.7674827576, 21.0138626099, 23.2406291962, 77.1358642578, 55.0066719055, 136.713424683, 47.9426002502, 37.0215644836, 107.068717957, 69.6013336182, 63.5599365234, 54.8053627014, 103.139915466, 52.6303482056, 39.3613891602, 32.3212356567, 52.5530204773, 33.7822952271, 30.7581214905, 33.5573348999, 33.2737007141, 31.6744918823, 26.8479881287, 16.3481273651, 9.80232048035, 4.5182929039, 3.2441136837, 1.89981675148, 0.105450764298, 0.0080037182197, 0.000578353181481, 3.62675782526e-05, 1.74205688381e-05]
    },
    "gfcc": {
        "mean": [0.831370949745, 79.7613677979, -138.064071655, 41.2409286499, -79.787437439, 11.8608818054, -47.0994720459, 5.23374843597, -26.946018219, -3.79430389404, -18.2406806946, -7.17144966125, -4.16695690155],
        "cov": [[2344.24755859, -626.086181641, -1012.25213623, -7.1110086441, 191.814559937, 143.217498779, 158.478866577, 142.917236328, -25.3225536346, 93.0064086914, -58.9466514587, -107.693222046, -91.1950378418], [-626.086181641, 935.282348633, 149.163040161, -99.7691955566, 126.964691162, -113.02016449, 155.964782715, -64.8462219238, 71.3969497681, -54.5073394775, 63.9912338257, -26.7367267609, 9.59728050232], [-1012.25213623, 149.163040161, 1258.65649414, 178.560272217, -225.79498291, 29.8893718719, -239.655273438, 4.74964427948, -56.4224014282, -25.5122928619, -40.418800354, 76.5177764893, 18.8713703156], [-7.1110086441, -99.7691955566, 178.560272217, 399.964782715, 93.877746582, -38.5877380371, -39.893535614, -25.0690479279, 4.67450141907, -2.50619673729, -11.8814134598, 12.79986763, 9.01361083984], [191.814559937, 126.964691162, -225.79498291, 93.877746582, 319.317199707, 22.6667881012, 67.6859512329, 33.8610572815, -7.30782556534, 36.2600326538, -14.8487443924, -20.8749580383, -13.7770843506], [143.217498779, -113.02016449, 29.8893718719, -38.5877380371, 22.6667881012, 211.632507324, 42.043384552, 46.3714637756, -16.8993701935, 17.1740226746, -22.9074516296, -24.3724842072, -26.1364479065], [158.478866577, 155.964782715, -239.655273438, -39.893535614, 67.6859512329, 42.043384552, 226.752029419, 23.8290290833, 24.2859592438, 7.65039777756, 9.61180973053, -42.4117088318, -24.1989650726], [142.917236328, -64.8462219238, 4.74964427948, -25.0690479279, 33.8610572815, 46.3714637756, 23.8290290833, 124.868255615, 5.98232555389, 34.2295379639, -30.6547412872, -15.8156404495, -11.1882925034], [-25.3225536346, 71.3969497681, -56.4224014282, 4.67450141907, -7.30782556534, -16.8993701935, 24.2859592438, 5.98232555389, 90.4518280029, -9.22861194611, 17.1533699036, -13.0176887512, 9.31790065765], [93.0064086914, -54.5073394775, -25.5122928619, -2.50619673729, 36.2600326538, 17.1740226746, 7.65039777756, 34.2295379639, -9.22861194611, 97.0278701782, -5.54629945755, -12.8639230728, -12.4248886108], [-58.9466514587, 63.9912338257, -40.418800354, -11.8814134598, -14.8487443924, -22.9074516296, 9.61180973053, -30.6547412872, 17.1533699036, -5.54629945755, 73.1283111572, 21.7842292786, 11.1331148148], [-107.693222046, -26.7367267609, 76.5177764893, 12.79986763, -20.8749580383, -24.3724842072, -42.4117088318, -15.8156404495, -13.0176887512, -12.8639230728, 21.7842292786, 79.2141647339, 25.3035297394], [-91.1950378418, 9.59728050232, 18.8713703156, 9.01361083984, -13.7770843506, -26.1364479065, -24.1989650726, -11.1882925034, 9.31790065765, -12.4248886108, 11.1331148148, 25.3035297394, 63.7160644531]],
        "icov": [[0.00102615600917, -6.66368214297e-05, 0.00122899201233, -0.000822647009045, 0.000693044741638, -0.000728882732801, 0.00053831434343, -0.00123580626678, 0.000826688366942, -0.000243975548074, 0.000405640894314, 4.32198503404e-05, 0.000812917598523], [-6.66368214297e-05, 0.0066591007635, -0.00505670020357, 0.00576217100024, -0.00778370536864, 0.00572611764073, -0.00682006124407, 0.00497355498374, -0.00490797916427, 0.00302518135868, -0.00429871492088, 0.00439839204773, -0.00115486863069], [0.00122899201233, -0.00505670020357, 0.00657982565463, -0.00609184475616, 0.00771111436188, -0.00564690539613, 0.00666781375185, -0.00567642739043, 0.00510575715452, -0.0024072821252, 0.00411132955924, -0.00398773932829, 0.0019694538787], [-0.000822647009045, 0.00576217100024, -0.00609184475616, 0.00902982801199, -0.00898359809071, 0.00611141324043, -0.00618529506028, 0.00636153621599, -0.00578539865091, 0.00270584574901, -0.00330641469918, 0.00366056757048, -0.00168842100538], [0.000693044741638, -0.00778370536864, 0.00771111436188, -0.00898359809071, 0.0143066626042, -0.0075443983078, 0.00770246656612, -0.00766592472792, 0.00726735917851, -0.00460576685145, 0.00574764050543, -0.00538127915934, 0.00190119992476], [-0.000728882732801, 0.00572611764073, -0.00564690539613, 0.00611141324043, -0.0075443983078, 0.011229689233, -0.0072534927167, 0.00363223347813, -0.00371464458294, 0.00272146589123, -0.00350895663723, 0.0046403775923, -0.000395451061195], [0.00053831434343, -0.00682006124407, 0.00666781375185, -0.00618529506028, 0.00770246656612, -0.0072534927167, 0.0137178516015, -0.00656481971964, 0.00458254152909, -0.0024902112782, 0.00287988316268, -0.00251206685789, 0.00278382236138], [-0.00123580626678, 0.00497355498374, -0.00567642739043, 0.00636153621599, -0.00766592472792, 0.00363223347813, -0.00656481971964, 0.0165015365928, -0.0072291046381, -0.000979507691227, 0.00113002257422, 0.00222041457891, -0.00171297276393], [0.000826688366942, -0.00490797916427, 0.00510575715452, -0.00578539865091, 0.00726735917851, -0.00371464458294, 0.00458254152909, -0.0072291046381, 0.0181012898684, -0.00060355180176, -0.00080746691674, 0.000723003002349, -0.00116352632176], [-0.000243975548074, 0.00302518135868, -0.0024072821252, 0.00270584574901, -0.00460576685145, 0.00272146589123, -0.0024902112782, -0.000979507691227, -0.00060355180176, 0.0137343630195, -0.00390076031908, 0.00371638406068, 0.000500250549521], [0.000405640894314, -0.00429871492088, 0.00411132955924, -0.00330641469918, 0.00574764050543, -0.00350895663723, 0.00287988316268, 0.00113002257422, -0.00080746691674, -0.00390076031908, 0.0221961233765, -0.00923418812454, 0.000719990523066], [4.32198503404e-05, 0.00439839204773, -0.00398773932829, 0.00366056757048, -0.00538127915934, 0.0046403775923, -0.00251206685789, 0.00222041457891, 0.000723003002349, 0.00371638406068, -0.00923418812454, 0.0217699892819, -0.00617470080033], [0.000812917598523, -0.00115486863069, 0.0019694538787, -0.00168842100538, 0.00190119992476, -0.000395451061195, 0.00278382236138, -0.00171297276393, -0.00116352632176, 0.000500250549521, 0.000719990523066, -0.00617470080033, 0.0202870499343]]
    },
    "melbands": {
        "max": [0.0015748871956, 0.00653355102986, 0.00613437080756, 0.00675179203972, 0.0101215019822, 0.00714757386595, 0.0118104033172, 0.00497091421857, 0.00644644163549, 0.00381673965603, 0.00792369805276, 0.00239565223455, 0.00194980856031, 0.00423660129309, 0.00204097223468, 0.00143663247582, 0.00126696296502, 0.00112282659393, 0.000734403496608, 0.00117315992247, 0.000386035360862, 0.000566658447497, 0.000479767651996, 0.000263108551735, 0.000637272896711, 0.000365833024262, 0.00025203707628, 0.000188834863366, 0.000275835976936, 0.000325982604409, 0.000313012598781, 0.000278805207927, 0.000253318750765, 0.000184419710422, 0.000132902947371, 0.000149427592987, 9.17114739423e-05, 5.7788882259e-05, 2.17349479499e-05, 5.60780172236e-05],
        "mean": [0.000138054456329, 0.000316431716783, 0.000482144358102, 0.000596747209784, 0.000682951242197, 0.000292067124974, 0.000133382418426, 0.000163683667779, 0.000311327981763, 0.000184342439752, 0.000267312396318, 0.000112237335998, 8.04827795946e-05, 8.40389402583e-05, 7.43416821933e-05, 6.15749668214e-05, 7.0169873652e-05, 4.90125021315e-05, 6.37709235889e-05, 8.57737468323e-05, 2.99575622194e-05, 2.80980439129e-05, 2.6422279916e-05, 2.05994492717e-05, 2.70760701824e-05, 1.78921800398e-05, 1.63044223882e-05, 1.45665644595e-05, 1.34201418405e-05, 9.57313022809e-06, 7.31698537493e-06, 6.43513567411e-06, 6.36811500954e-06, 4.82664199808e-06, 3.47419950231e-06, 2.73443197329e-06, 2.31240164794e-06, 1.70598241311e-06, 1.05371293557e-06, 1.05569483821e-06],
        "min": [4.49403700031e-07, 9.76361206995e-07, 9.66261609392e-07, 7.68798997797e-07, 1.84429029559e-06, 1.52406721554e-06, 1.47046216625e-06, 1.11385656965e-06, 1.22381288747e-06, 9.4192398592e-07, 2.15441851026e-08, 8.20908070409e-08, 7.26526963035e-08, 2.18085336456e-08, 3.06706731124e-08, 9.08844981495e-08, 1.0650195037e-07, 5.75406957637e-08, 7.22198620906e-08, 8.04447779501e-08, 5.62146880156e-08, 8.68613199145e-08, 4.26234159079e-08, 2.65706852076e-08, 8.39278726517e-08, 3.46265238704e-08, 3.3596293747e-08, 2.40678268426e-08, 3.82877161087e-08, 6.2356775743e-08, 4.89031855011e-08, 3.39089218926e-08, 5.17315577042e-08, 2.65076263162e-08, 2.4281943567e-08, 7.83204612276e-09, 5.59042057091e-09, 1.08589881531e-09, 4.05718958429e-10, 4.50998460799e-10],
        "stdev": [0.000183728479897, 0.000602475251071, 0.000716842827387, 0.000903062522411, 0.00127668271307, 0.000551267527044, 0.000363156665117, 0.000268722622423, 0.000625272747129, 0.000332121417159, 0.000693912908901, 0.000209546007682, 0.000136515416671, 0.000242679307121, 0.000176014073077, 0.000136867631227, 0.000136534858029, 0.000101443154563, 0.00011545936286, 0.000137583279866, 4.71889579785e-05, 4.31351836596e-05, 4.24917561759e-05, 2.94733399642e-05, 4.99771849718e-05, 2.51884684985e-05, 2.33222599491e-05, 2.07962530112e-05, 2.28865192184e-05, 2.06177373911e-05, 1.93105188373e-05, 1.82995063369e-05, 1.77942492883e-05, 1.46998190758e-05, 1.01081586763e-05, 7.95077903604e-06, 5.96389327256e-06, 3.70569728148e-06, 1.97480653696e-06, 3.4009326555e-06]
    },
    "melbands128": {
        "max": [0.000411392480601, 0.000871201162226, 0.00247867428698, 0.00469114631414, 0.00739313103259, 0.00882876385003, 0.00851343758404, 0.00733431475237, 0.00645551132038, 0.0120717938989, 0.0144846793264, 0.0221692230552, 0.0143057238311, 0.00970724504441, 0.0131735382602, 0.00347519526258, 0.00235260184854, 0.018220551312, 0.0198372099549, 0.00326035986654, 0.00935096666217, 0.00811429694295, 0.0121528375894, 0.00979575328529, 0.00657131290063, 0.00791979394853, 0.00557411694899, 0.0151404291391, 0.00713689951226, 0.00521692400798, 0.00191199057736, 0.00227361125872, 0.00373578956351, 0.00181674363557, 0.00229553040117, 0.00970654003322, 0.00754016358405, 0.00178046221845, 0.00403574388474, 0.0035989289172, 0.00288647692651, 0.00190333917271, 0.00238864729181, 0.00304608861916, 0.0034408159554, 0.00155325175729, 0.0014807654079, 0.000992815126665, 0.00184031075332, 0.00248016812839, 0.00198697694577, 0.00221675238572, 0.000457709451439, 0.000521792215295, 0.000546179770026, 0.00119571806863, 0.000508702592924, 0.00113886944018, 0.0004028568801, 0.00044032256119, 0.000527225784026, 0.000599936814979, 0.000712364562787, 0.000994210131466, 0.000398261443479, 0.000566839706153, 0.000465300923679, 0.000219470515731, 0.000414367706981, 0.000412713532569, 0.000190495076822, 0.000344081548974, 0.000453365559224, 0.00028237249353, 0.000318917067489, 0.00046736645163, 0.000470080121886, 0.000478784088045, 0.000348494766513, 0.000320687569911, 0.000373543705791, 0.000292418611934, 0.000338202633429, 0.000260458968114, 0.000292440352496, 0.000236203195527, 0.00023095740471, 0.000203539748327, 0.000139216135722, 0.000102431949927, 0.00017071266484, 0.000269620242761, 0.000110277287604, 0.000129169959109, 8.57680352055e-05, 5.20266476087e-05, 8.67817943799e-05, 2.63585188804e-05, 1.98215584533e-05, 3.41686427419e-05, 3.27863272105e-05, 7.81730996096e-05, 8.57782797539e-05, 7.88458855823e-05, 3.00955871353e-05, 7.03704472471e-06, 9.02520878299e-06, 3.88181433664e-06, 1.1490748193e-06, 1.83218517691e-07, 2.84825205199e-07, 2.0159552605e-07, 2.25810453003e-07, 1.48527064425e-07, 4.75410217859e-08, 4.67485712363e-08, 1.79109882481e-08, 1.31802693204e-08, 1.26250787602e-08, 1.21432881528e-08, 1.17217684448e-08, 1.13544267322e-08, 1.1064639871e-08, 1.08122168996e-08, 1.05992548072e-08, 1.04457633654e-08, 1.03352437719e-08, 1.02592094819e-08],
        "mean": [6.65397019475e-05, 7.56577428547e-05, 0.00015525436902, 0.000279109954135, 0.000298196187941, 0.00034702999983, 0.000485110125737, 0.000497131375596, 0.000536397157703, 0.000456193694845, 0.00072587368777, 0.000936817727052, 0.000620751583483, 0.000468182231998, 0.000342828483554, 0.000161676973221, 0.000123214631458, 0.000132603192469, 0.000137179595185, 0.000148603488924, 0.000146893915371, 0.000281836284557, 0.000423295336077, 0.000203554940526, 0.000233549333643, 0.000132824177854, 0.0001557294745, 0.000435004214523, 0.000184126023669, 0.000133284425829, 8.2106445916e-05, 6.4542524342e-05, 0.000108337037091, 7.04398844391e-05, 3.74526716769e-05, 0.000103633065009, 0.0001457806502, 3.4135668102e-05, 7.00805831002e-05, 7.39772149245e-05, 5.94944176555e-05, 4.4607953896e-05, 7.50170220272e-05, 8.41603759909e-05, 5.06409051013e-05, 3.76901407435e-05, 5.84491390327e-05, 2.62700687017e-05, 9.6947675047e-05, 0.000101209006971, 9.45036226767e-05, 6.28951820545e-05, 1.49885354404e-05, 2.42892165261e-05, 3.74365845346e-05, 2.35699335462e-05, 2.22550879698e-05, 3.91456196667e-05, 2.17131728277e-05, 1.71214014699e-05, 1.90947721421e-05, 2.42283131229e-05, 3.08833296003e-05, 3.06472611555e-05, 1.24804992083e-05, 1.53992314154e-05, 2.60670767602e-05, 1.47375794768e-05, 1.47148239193e-05, 1.61731677508e-05, 1.3713502085e-05, 1.37601000461e-05, 1.69364157045e-05, 1.28840092657e-05, 1.04446971818e-05, 9.66567495198e-06, 9.70193468675e-06, 7.39589040677e-06, 7.44946601117e-06, 6.53887809676e-06, 6.17606610831e-06, 6.61717740513e-06, 6.44088413537e-06, 6.68673328619e-06, 5.98432779952e-06, 5.31261321157e-06, 4.37134076492e-06, 3.86659758078e-06, 3.39237681146e-06, 3.25864812112e-06, 3.07241180053e-06, 2.54997280535e-06, 2.20428637476e-06, 2.37097810896e-06, 2.44125294557e-06, 1.85901387795e-06, 1.63508389051e-06, 1.32974605549e-06, 1.02185163087e-06, 1.07955668227e-06, 5.44028921468e-07, 1.1602575114e-06, 1.39887288242e-06, 1.7608770122e-06, 9.95198547571e-07, 4.00632814035e-07, 3.64260415608e-07, 6.73612561286e-08, 2.08341468522e-08, 1.69414828832e-08, 1.64228470823e-08, 1.62053517272e-08, 1.70338978478e-08, 1.2765497992e-08, 5.74428948852e-09, 4.40605241181e-09, 1.49071699429e-09, 1.46669343337e-11, 1.25453597163e-11, 1.20870587844e-11, 1.16811187459e-11, 1.13347291622e-11, 1.10474927817e-11, 1.08011221495e-11, 1.05997372338e-11, 1.04524340572e-11, 1.03458144829e-11, 1.02727505322e-11],
        "min": [1.30880948745e-07, 3.40948332678e-07, 1.56026302989e-07, 4.8240529793e-08, 5.34120886186e-07, 7.21781589164e-07, 6.48299760542e-07, 8.33893750496e-07, 6.82766369664e-07, 6.62723209643e-07, 8.3604112433e-07, 4.91651974244e-07, 1.62190792707e-06, 7.56113081479e-07, 3.74025574956e-07, 8.1758130932e-08, 2.35756481004e-08, 2.18189811108e-07, 1.29798166881e-07, 2.28503040489e-07, 3.21314644225e-07, 3.30766113166e-07, 8.35521305476e-08, 2.5247079094e-08, 1.78981700572e-08, 2.57899852585e-08, 5.18588105791e-09, 3.62957974787e-09, 9.92257165322e-10, 4.36673008863e-09, 8.3563855835e-10, 1.83413515487e-08, 1.71040888119e-08, 1.36158186947e-08, 2.42210362877e-09, 4.5700515594e-10, 8.83784045946e-10, 4.08446654276e-09, 4.22998125416e-09, 1.21540830733e-08, 3.8260368207e-09, 2.83240741972e-09, 2.07155625986e-08, 8.33024982327e-10, 7.71546160294e-10, 6.97281288264e-10, 3.05302588766e-10, 1.32909083739e-09, 3.01221181331e-09, 1.0496089331e-08, 3.96888921728e-08, 1.65136915253e-09, 2.13000750371e-09, 3.54104812139e-09, 4.11278400225e-10, 3.71508934727e-10, 9.90873694207e-09, 1.14454126177e-08, 1.73860819075e-08, 5.37931588163e-10, 1.30799793219e-09, 1.09118203362e-09, 8.52084980352e-09, 4.82876805208e-09, 9.67731139667e-09, 4.83035889065e-10, 2.15873363629e-09, 4.38673808389e-09, 1.93834992501e-08, 6.67021193834e-09, 1.37812854462e-08, 1.59136193112e-09, 9.51161460705e-09, 2.54707686054e-08, 7.12852443741e-09, 2.44036790775e-09, 2.32389112398e-08, 5.02635044697e-10, 3.26412763485e-09, 1.08089954765e-08, 8.38569746975e-09, 3.22518878271e-09, 5.87218851322e-09, 2.96748869921e-09, 2.76430767165e-09, 6.03255667642e-09, 6.92853718842e-10, 6.68573640894e-10, 4.79928485841e-10, 6.4215910367e-10, 8.2037343585e-10, 7.04507452376e-10, 1.07389798443e-10, 4.56946008809e-10, 7.05563052428e-10, 1.52145830656e-11, 4.03757374756e-11, 2.56859283843e-10, 1.6769849398e-10, 1.09144242255e-10, 1.29898938828e-11, 1.11419443116e-10, 2.88341794885e-10, 4.18734241725e-10, 1.63089819427e-09, 1.80257053728e-09, 1.6198401509e-09, 8.21240020432e-11, 6.34099597916e-13, 4.11878728823e-13, 1.07009106437e-12, 1.00109016129e-12, 2.98773939617e-12, 1.47623024915e-10, 7.2862049727e-11, 9.37069324046e-13, 1.32372926639e-13, 1.00892493145e-13, 6.39338232421e-14, 6.56608488826e-14, 6.59409931715e-14, 6.47921454444e-14, 5.98830067564e-14, 7.72285338978e-14, 4.00189660598e-14, 6.34751718418e-14, 6.62063042193e-14, 5.34985941723e-14],
        "stdev": [4.96862739965e-05, 9.68206295511e-05, 0.000233617494814, 0.000529264449142, 0.000680550176185, 0.000792500097305, 0.000972861656919, 0.000838648469653, 0.000694036716595, 0.000840299238916, 0.00171463645529, 0.0023786323145, 0.00145024503581, 0.00105900876224, 0.000900455459487, 0.000281810003798, 0.000196258013602, 0.000553069985472, 0.000587524438743, 0.000247306481469, 0.000358007964678, 0.000732437008992, 0.00102183863055, 0.000542190624401, 0.000533830199856, 0.000391042820411, 0.000425554200774, 0.00131740618963, 0.000540429260582, 0.000352920149453, 0.000180782779353, 0.000154866997036, 0.000236756444792, 0.000155500936671, 0.000119408039609, 0.000443204975454, 0.000502569077071, 0.000112269233796, 0.000226400996326, 0.000247379852226, 0.000196886612684, 0.000122513854876, 0.000194086678675, 0.000210437312489, 0.000209309815546, 9.6185664006e-05, 0.000129964682856, 6.15797835053e-05, 0.000248573283898, 0.000229305995163, 0.000202594746952, 0.00018091603124, 3.43877654814e-05, 5.02361544932e-05, 6.10971837887e-05, 6.24326057732e-05, 4.63205906271e-05, 8.48424897413e-05, 3.73566763301e-05, 3.57055905624e-05, 3.78808108508e-05, 4.89007543365e-05, 6.33628369542e-05, 6.84325277689e-05, 2.650159513e-05, 2.83041645162e-05, 4.27880513598e-05, 2.27872642427e-05, 3.03124033962e-05, 2.84366687993e-05, 2.10175785469e-05, 2.55185750575e-05, 3.56909549737e-05, 2.58200579992e-05, 2.3846687327e-05, 2.21062073251e-05, 2.47698935709e-05, 2.19178382395e-05, 2.18125551328e-05, 1.7410462533e-05, 1.97734043468e-05, 2.00707218028e-05, 1.8088343495e-05, 2.0978770408e-05, 1.82521416718e-05, 1.56079622684e-05, 1.52497259478e-05, 1.43714896694e-05, 9.89813452179e-06, 8.50831929711e-06, 1.00553734228e-05, 9.41464259085e-06, 6.43963676339e-06, 7.07388971932e-06, 6.41497763354e-06, 4.42193731942e-06, 4.38054621554e-06, 2.58074783233e-06, 1.93195364773e-06, 2.27950704357e-06, 1.78138066076e-06, 4.25644884672e-06, 5.18732940691e-06, 5.01452132085e-06, 2.13893122236e-06, 6.07026890975e-07, 5.98597125645e-07, 2.11414501905e-07, 5.69944376139e-08, 2.38451356438e-08, 2.46036915286e-08, 2.38942110542e-08, 2.5132818493e-08, 1.71122565007e-08, 6.04502714552e-09, 4.90739671122e-09, 1.90575133452e-09, 3.52177592644e-10, 3.3734115501e-10, 3.2445632292e-10, 3.13183312617e-10, 3.03362529541e-10, 2.9561586512e-10, 2.88868956533e-10, 2.83176010418e-10, 2.79074013898e-10, 2.76120737386e-10, 2.74089612118e-10]
    },
    "mfcc": {
        "mean": [-629.757019043, 98.0278930664, -3.18061137199, 22.6126995087, -7.16823101044, 0.706381380558, -9.16595172882, -0.599258959293, -3.48603439331, 0.0749729350209, -6.64633369446, -5.90555763245, -6.86508798599],
        "cov": [[3112.96435547, -753.313110352, -1310.16540527, -162.93170166, -156.984680176, 54.414855957, 160.775604248, 33.061756134, 96.3711471558, 226.110061646, -6.01676464081, 24.4350147247, 74.5391540527], [-753.313110352, 983.304748535, 4.58817481995, 1.63849556446, -67.5819549561, 1.02005755901, 23.8121604919, 31.5283622742, -28.1699562073, 12.7260551453, 23.495803833, 12.3607559204, -24.5619888306], [-1310.16540527, 4.58817481995, 1297.17102051, 51.2467422485, 154.236602783, -48.4331016541, -109.702011108, -38.1596298218, -36.4390335083, -150.595550537, 2.5293443203, -31.7507038116, -49.0609207153], [-162.93170166, 1.63849556446, 51.2467422485, 406.976379395, 99.6182022095, 24.0759963989, -21.2975616455, -21.0454940796, 6.05238342285, -42.2792205811, -25.7105503082, 27.7466659546, 9.67507648468], [-156.984680176, -67.5819549561, 154.236602783, 99.6182022095, 253.321716309, 3.07793354988, -5.05981826782, -20.9340686798, 27.0661392212, -41.867389679, -1.17830204964, -7.23083782196, 0.724498748779], [54.414855957, 1.02005755901, -48.4331016541, 24.0759963989, 3.07793354988, 134.91418457, 47.5436210632, 25.0332813263, -2.18157935143, 16.0999088287, 10.068646431, -4.258497715, -3.78824734688], [160.775604248, 23.8121604919, -109.702011108, -21.2975616455, -5.05981826782, 47.5436210632, 148.611495972, 16.9761829376, 41.2301101685, 29.8142375946, 25.3091945648, -0.572469890118, 24.594701767], [33.061756134, 31.5283622742, -38.1596298218, -21.0454940796, -20.9340686798, 25.0332813263, 16.9761829376, 103.67905426, 9.69713497162, 11.2090559006, 1.1087243557, -6.59703826904, -2.96134448051], [96.3711471558, -28.1699562073, -36.4390335083, 6.05238342285, 27.0661392212, -2.18157935143, 41.2301101685, 9.69713497162, 105.891181946, 39.5127639771, 17.6323127747, -10.293967247, 5.84076070786], [226.110061646, 12.7260551453, -150.595550537, -42.2792205811, -41.867389679, 16.0999088287, 29.8142375946, 11.2090559006, 39.5127639771, 118.009941101, 30.4546146393, -5.8246679306, -5.09509468079], [-6.01676464081, 23.495803833, 2.5293443203, -25.7105503082, -1.17830204964, 10.068646431, 25.3091945648, 1.1087243557, 17.6323127747, 30.4546146393, 73.0499420166, 8.70406627655, -7.20830774307], [24.4350147247, 12.3607559204, -31.7507038116, 27.7466659546, -7.23083782196, -4.258497715, -0.572469890118, -6.59703826904, -10.293967247, -5.8246679306, 8.70406627655, 61.3324928284, 18.3440704346], [74.5391540527, -24.5619888306, -49.0609207153, 9.67507648468, 0.724498748779, -3.78824734688, 24.594701767, -2.96134448051, 5.84076070786, -5.09509468079, -7.20830774307, 18.3440704346, 72.3906860352]],
        "icov": [[0.000913169991691, 0.000716604758054, 0.00077299028635, 0.000187009733054, 7.32698172214e-05, 8.05609379313e-05, -0.000429749488831, -6.04469169048e-05, -4.99179805047e-05, -0.000742575386539, 0.000386779458495, -0.000329482689267, 2.25361218327e-05], [0.000716604758054, 0.00165382924024, 0.000555275706574, -2.52288759839e-06, 0.000324745633407, 0.000308982358547, -0.000733203138225, -0.000395797484089, 0.000406415434554, -0.000691951485351, 2.33330538322e-05, -0.000465632416308, 0.00048458535457], [0.00077299028635, 0.000555275706574, 0.00171215797309, 0.000195894463104, -0.000340128695825, 0.000148874489241, 0.000212043218198, 9.07594658202e-05, -0.000156591951963, 0.000719309260603, -0.000470684957691, 0.000349846930476, 0.000397268158849], [0.000187009733054, -2.52288759839e-06, 0.000195894463104, 0.00314899417572, -0.00105182197876, -0.00105728767812, 0.000561709573958, 0.000503938703332, -0.00086543726502, 0.000473310006782, 0.00127121189144, -0.00181369914208, -7.22739741832e-06], [7.32698172214e-05, 0.000324745633407, -0.000340128695825, -0.00105182197876, 0.00527613656595, -0.000388554151868, 1.00054994618e-05, 0.000747370999306, -0.0019010460237, 0.00172108598053, -0.000705366721377, 0.000859439081978, -0.000114661910629], [8.05609379313e-05, 0.000308982358547, 0.000148874489241, -0.00105728767812, -0.000388554151868, 0.00959185510874, -0.00360047002323, -0.002086881781, 0.0026102703996, -0.00134896545205, -0.000550971657503, 0.000809877179563, 0.00134217238519], [-0.000429749488831, -0.000733203138225, 0.000212043218198, 0.000561709573958, 1.00054994618e-05, -0.00360047002323, 0.0105972848833, -9.90748376353e-05, -0.00355871673673, 0.0010148511501, -0.00283584813587, 0.00102662935387, -0.00371459871531], [-6.04469169048e-05, -0.000395797484089, 9.07594658202e-05, 0.000503938703332, 0.000747370999306, -0.002086881781, -9.90748376353e-05, 0.010726980865, -0.00142328673974, 0.000374764436856, 0.000611116411164, 0.00063339038752, 0.000319458078593], [-4.99179805047e-05, 0.000406415434554, -0.000156591951963, -0.00086543726502, -0.0019010460237, 0.0026102703996, -0.00355871673673, -0.00142328673974, 0.0138684995472, -0.00467688590288, -0.00130377698224, 0.00228250678629, -0.000651050941087], [-0.000742575386539, -0.000691951485351, 0.000719309260603, 0.000473310006782, 0.00172108598053, -0.00134896545205, 0.0010148511501, 0.000374764436856, -0.00467688590288, 0.0145131982863, -0.00486909970641, 0.00173445360269, 0.00101126811933], [0.000386779458495, 2.33330538322e-05, -0.000470684957691, 0.00127121189144, -0.000705366721377, -0.000550971657503, -0.00283584813587, 0.000611116411164, -0.00130377698224, -0.00486909970641, 0.0184862408787, -0.00526950228959, 0.00302604003809], [-0.000329482689267, -0.000465632416308, 0.000349846930476, -0.00181369914208, 0.000859439081978, 0.000809877179563, 0.00102662935387, 0.00063339038752, 0.00228250678629, 0.00173445360269, -0.00526950228959, 0.0206950511783, -0.00545933004469], [2.25361218327e-05, 0.00048458535457, 0.000397268158849, -7.22739741832e-06, -0.000114661910629, 0.00134217238519, -0.00371459871531, 0.000319458078593, -0.000651050941087, 0.00101126811933, 0.00302604003809, -0.00545933004469, 0.0173802748322]]
    },
    "spectral_contrast_coeffs": {
        "max": [-0.322027295828, -0.521392405033, -0.460275739431, -0.442860931158, -0.505407392979, -0.523530423641],
        "mean": [-0.668011903763, -0.749312877655, -0.711261212826, -0.735884904861, -0.757628977299, -0.702456474304],
        "min": [-0.88024777174, -0.950152754784, -0.893602728844, -0.912440061569, -0.88326561451, -0.854107499123],
        "stdev": [0.077922962606, 0.0663812682033, 0.0833487287164, 0.0786694809794, 0.0706772506237, 0.0699207782745]
    },
    "spectral_contrast_valleys": {
        "max": [-5.55198764801, -5.17999076843, -5.67238855362, -5.54793691635, -5.367166996, -7.75672101974],
        "mean": [-7.0626039505, -6.73199796677, -7.85274457932, -7.97207975388, -7.55386829376, -10.4516992569],
        "min": [-9.18000411987, -9.24050521851, -11.5884666443, -10.5875272751, -10.5290355682, -13.1219043732],
        "stdev": [0.603222608566, 0.577802479267, 1.06147134304, 0.964444935322, 0.89091694355, 1.05342161655]
    }
},
"rhythm": {
    "beats_count": 76,
    "beats_loudness": {
        "max": 0.043602861464,
        "mean": 0.0226255655289,
        "min": 0.00356427300721,
        "stdev": 0.00948367454112
    },
    "bpm": 142.543151855,
    "bpm_histogram_first_peak_bpm": 144,
    "bpm_histogram_first_peak_weight": 0.375,
    "bpm_histogram_second_peak_bpm": 136,
    "bpm_histogram_second_peak_spread": 0,
    "bpm_histogram_second_peak_weight": 0.0399999991059,
    "danceability": 1.00305700302,
    "onset_rate": 3.84521460533,
    "beats_loudness_band_ratio": {
        "max": [0.809981286526, 0.92074072361, 0.646480083466, 0.531354904175, 0.515196323395, 0.666549146175],
        "mean": [0.26971450448, 0.237568423152, 0.179576531053, 0.126055762172, 0.115853898227, 0.119276463985],
        "min": [0.0182422157377, 0.0250859018415, 0.0169225018471, 0.00323999719694, 0.00757609726861, 0.0127443792298],
        "stdev": [0.210935756564, 0.218375459313, 0.147219955921, 0.122912473977, 0.112237520516, 0.109669364989]
    },
