{
"metadata": {
    "version": {
        "essentia": "2.1-beta5",
        "essentia_git_sha": "Undefined",
        "extractor": "music 2.0"
    },
    "audio_properties": {
        "analysis": {
            "equal_loudness": 0,
            "length": 62.7403182983,
            "sample_rate": 44100,
            "start_time": 110.248344421,
            "downmix": "mix"
        },
        "bit_rate": 192000,
        "length": 173.011901855,
        "lossless": 0,
        "number_channels": 2,
        "replay_gain": -10.7738056183,
        "sample_rate": 48000,
        "codec": "mp3",
        "md5_encoded": "75068b6bf7e4553928f1b496190b61ed"
    },
    "tags": {
        "file_name": "France_Autant D_amoureux Que D_étoiles_Annick Thoumazeau.mp3",
        "encoding": ["Lavf58.29.100"]
    }
},
"lowlevel": {
    "average_loudness": 0.938445806503,
    "barkbands_crest": {
        "max": 23.8927440643,
        "mean": 10.0711917877,
        "min": 2.59228229523,
        "stdev": 4.48894500732
    },
    "barkbands_flatness_db": {
        "max": 0.281939089298,
        "mean": 0.164591833949,
        "min": 0.0816270560026,
        "stdev": 0.0323821678758
    },
    "barkbands_kurtosis": {
        "max": 14.8520774841,
        "mean": 0.597982883453,
        "min": -1.73805212975,
        "stdev": 1.98346376419
    },
    "barkbands_skewness": {
        "max": 3.71817564964,
        "mean": 0.330192178488,
        "min": -1.82942211628,
        "stdev": 0.750687897205
    },
    "barkbands_spread": {
        "max": 74.7228851318,
        "mean": 21.7321815491,
        "min": 4.25138187408,
        "stdev": 9.95254516602
    },
    "dissonance": {
        "max": 0.499999940395,
        "mean": 0.470267415047,
        "min": 0.348333716393,
        "stdev": 0.0232327282429
    },
    "dynamic_complexity": 2.10079455376,
    "erbbands_crest": {
        "max": 29.9499645233,
        "mean": 12.0964002609,
        "min": 2.845443964,
        "stdev": 5.68971538544
    },
    "erbbands_flatness_db": {
        "max": 0.348617136478,
        "mean": 0.228876709938,
        "min": 0.103797204792,
        "stdev": 0.036776855588
    },
    "erbbands_kurtosis": {
        "max": 12.6103658676,
        "mean": 0.56413936615,
        "min": -1.62264513969,
        "stdev": 1.76417076588
    },
    "erbbands_skewness": {
        "max": 3.24285626411,
        "mean": 0.301569283009,
        "min": -2.68479776382,
        "stdev": 0.806872844696
    },
    "erbbands_spread": {
        "max": 89.5978469849,
        "mean": 26.3598079681,
        "min": 5.46924257278,
        "stdev": 11.7813434601
    },
    "hfc": {
        "max": 102.922721863,
        "mean": 30.8998126984,
        "min": 1.45665621758,
        "stdev": 18.493144989
    },
    "loudness_ebu128": {
        "integrated": -13.2241888046,
        "loudness_range": 3.07051372528,
        "momentary": {
            "max": -8.86525630951,
            "mean": -13.6467294693,
            "min": -21.0066184998,
            "stdev": 2.01515364647
        },
        "short_term": {
            "max": -11.2332410812,
            "mean": -13.3143434525,
            "min": -15.7746124268,
            "stdev": 1.05255126953
        }
    },
    "melbands_crest": {
        "max": 30.5232334137,
        "mean": 12.2716035843,
        "min": 3.14317464828,
        "stdev": 5.21056127548
    },
    "melbands_flatness_db": {
        "max": 0.245172008872,
        "mean": 0.128239393234,
        "min": 0.0325732305646,
        "stdev": 0.0345485210419
    },
    "melbands_kurtosis": {
        "max": 40.3049964905,
        "mean": 2.46176600456,
        "min": -1.66536557674,
        "stdev": 3.90144658089
    },
    "melbands_skewness": {
        "max": 5.4930357933,
        "mean": 0.907158195972,
        "min": -1.40520322323,
        "stdev": 0.877825677395
    },
    "melbands_spread": {
        "max": 141.235977173,
        "mean": 38.9889640808,
        "min": 5.6436457634,
        "stdev": 18.7829456329
    },
    "pitch_salience": {
        "max": 0.834241867065,
        "mean": 0.569837152958,
        "min": 0.189558357,
        "stdev": 0.0971646532416
    },
    "silence_rate_20dB": {
        "max": 1,
        "mean": 1,
        "min": 1,
        "stdev": 0
    },
    "silence_rate_30dB": {
        "max": 1,
        "mean": 1,
        "min": 1,
        "stdev": 0
    },
    "silence_rate_60dB": {
        "max": 1,
        "mean": 0.024787273258,
        "min": 0,
        "stdev": 0.155475616455
    },
    "spectral_centroid": {
        "max": 3785.33007812,
        "mean": 2264.07421875,
        "min": 773.734680176,
        "stdev": 549.232666016
    },
    "spectral_complexity": {
        "max": 51,
        "mean": 21.3226051331,
        "min": 4,
        "stdev": 7.46664810181
    },
    "spectral_decrease": {
        "max": -2.79104322987e-10,
        "mean": -4.24747481631e-09,
        "min": -1.34476616509e-08,
        "stdev": 2.27007124209e-09
    },
    "spectral_energy": {
        "max": 0.0568834282458,
        "mean": 0.0188336446881,
        "min": 0.00124145066366,
        "stdev": 0.00994651671499
    },
    "spectral_energyband_high": {
        "max": 0.00979139562696,
        "mean": 0.00181891012471,
        "min": 2.51038582064e-05,
        "stdev": 0.00145608396269
    },
    "spectral_energyband_low": {
        "max": 0.0121189663187,
        "mean": 0.000696573057212,
        "min": 2.62656158156e-06,
        "stdev": 0.00120490265545
    },
    "spectral_energyband_middle_high": {
        "max": 0.0530878603458,
        "mean": 0.0122151151299,
        "min": 0.000290300144115,
        "stdev": 0.00904193799943
    },
    "spectral_energyband_middle_low": {
        "max": 0.0485249236226,
        "mean": 0.00434927176684,
        "min": 8.93874821486e-05,
        "stdev": 0.00420074723661
    },
    "spectral_entropy": {
        "max": 8.35498332977,
        "mean": 7.52636623383,
        "min": 6.64774179459,
        "stdev": 0.276918381453
    },
    "spectral_flux": {
        "max": 0.207877486944,
        "mean": 0.0808147117496,
        "min": 0.0175959225744,
        "stdev": 0.031830124557
    },
    "spectral_kurtosis": {
        "max": 12.0221242905,
        "mean": 2.63255214691,
        "min": -0.275375843048,
        "stdev": 1.63312506676
    },
    "spectral_rms": {
        "max": 0.00744956545532,
        "mean": 0.0041142180562,
        "min": 0.00110053236131,
        "stdev": 0.00120311079081
    },
    "spectral_rolloff": {
        "max": 6589.16015625,
        "mean": 2766.7434082,
        "min": 430.6640625,
        "stdev": 1133.51403809
    },
    "spectral_skewness": {
        "max": 2.86295962334,
        "mean": 0.92446833849,
        "min": -0.0160788428038,
        "stdev": 0.273665130138
    },
    "spectral_spread": {
        "max": 8698257,
        "mean": 3460203.25,
        "min": 2053175.875,
        "stdev": 616784.75
    },
    "spectral_strongpeak": {
        "max": 13.5707302094,
        "mean": 3.03816795349,
        "min": 0.0313259959221,
        "stdev": 2.43523693085
    },
    "zerocrossingrate": {
        "max": 0.19189453125,
        "mean": 0.0894683748484,
        "min": 0.02978515625,
        "stdev": 0.0237873811275
    },
    "barkbands": {
        "max": [0.000175064924406, 0.00480481609702, 0.00779943913221, 0.0062482142821, 0.00644627492875, 0.0106917060912, 0.0461461357772, 0.0240136291832, 0.0289229881018, 0.0372515805066, 0.0417541414499, 0.0336294956505, 0.0157768651843, 0.0349529497325, 0.0325865931809, 0.0111476862803, 0.0219508297741, 0.0111573608592, 0.00918760243803, 0.00823168549687, 0.00674778968096, 0.00137165002525, 0.00143292313442, 0.00116466137115, 0.000527176365722, 6.352456694e-07, 5.64566846606e-07],
        "mean": [7.89633577369e-06, 0.000275148224318, 0.000247395975748, 0.000321997213177, 0.000556935439818, 0.000348860310623, 0.00153280305676, 0.000825926661491, 0.000655917392578, 0.001412637881, 0.0023323551286, 0.00164338934701, 0.000706299499143, 0.00208211038262, 0.0013556429185, 0.000463499076432, 0.000662926118821, 0.000768152647652, 0.000589443603531, 0.000952145433985, 0.000733421300538, 0.000141507320222, 0.000105903054646, 8.68189308676e-05, 2.45210521825e-05, 9.22021459182e-10, 8.85543860463e-10],
        "min": [2.81948109304e-09, 5.15164288117e-07, 3.9579077793e-07, 4.69689098281e-07, 3.21401421388e-06, 5.84861254538e-06, 1.56712667376e-06, 2.4767684863e-06, 2.87781722363e-06, 2.22042808673e-06, 2.04815614779e-06, 4.5154097279e-06, 8.16235740331e-07, 2.68146436611e-06, 5.66188828088e-06, 1.75228751687e-06, 1.87599232504e-06, 4.67515474156e-06, 7.49144328438e-06, 7.39127153793e-06, 5.05865045852e-06, 2.38514030571e-06, 9.6998439858e-07, 5.30115187303e-07, 2.18593037005e-08, 1.13565988211e-11, 1.45115716318e-11],
        "stdev": [1.43930865306e-05, 0.000504101393744, 0.000648708664812, 0.000614324992057, 0.000610976014286, 0.000501831120346, 0.00313504296355, 0.00184683187399, 0.0018372728955, 0.00403721723706, 0.00455178134143, 0.00355288386345, 0.00134025362786, 0.00469801714644, 0.0033812453039, 0.000893002958037, 0.00157822098117, 0.00109460169915, 0.000825954368338, 0.000976107316092, 0.000731700740289, 0.000146087084431, 0.000122839730466, 9.41286198213e-05, 4.00798962801e-05, 1.3092908091e-08, 1.14995097888e-08]
    },
    "erbbands": {
        "max": [0.0744073092937, 1.29860711098, 6.73689985275, 15.5652303696, 23.0230197906, 34.8251419067, 37.3730926514, 133.49130249, 259.685913086, 796.09185791, 851.257568359, 444.937835693, 815.238708496, 2010.23986816, 1378.75683594, 1345.8203125, 444.027313232, 1489.93261719, 2092.88354492, 1074.6895752, 668.007873535, 1017.58764648, 768.092712402, 654.056396484, 280.146575928, 497.239074707, 305.030792236, 234.353668213, 37.5865478516, 57.8604316711, 31.237077713, 25.1645488739, 21.7783145905, 11.2073516846, 0.883087396622, 0.021888775751, 0.00132918963209, 0.000375890347641, 8.90109076863e-05, 7.37784284865e-05],
        "mean": [0.00561423227191, 0.0704075694084, 0.25807055831, 0.764730274677, 1.27698409557, 2.0820119381, 2.1714515686, 3.4859495163, 13.2632017136, 27.1609039307, 17.0362300873, 16.20104599, 18.2126026154, 93.1789398193, 88.5561904907, 55.3678245544, 34.8985023499, 88.2303009033, 99.4484939575, 37.1737174988, 30.2391910553, 33.1666564941, 41.6342201233, 42.4308433533, 22.9871368408, 39.3993911743, 45.5745239258, 18.0614032745, 5.50393676758, 3.6656537056, 2.86121964455, 2.08192873001, 1.31160056591, 0.535058915615, 0.0267509296536, 0.000885877176188, 9.14500633371e-05, 2.02527844522e-05, 1.64066132129e-05, 2.61282002612e-05],
        "min": [8.10687015473e-06, 0.000131273875013, 0.00075006892439, 0.00386539590545, 0.0042862216942, 0.0144357420504, 0.0185478888452, 0.0658533424139, 0.0608109459281, 0.130162864923, 0.12439250946, 0.149395778775, 0.163228407502, 0.267489433289, 0.314140915871, 0.235085949302, 0.250345647335, 0.501804113388, 0.959215760231, 0.380504310131, 0.132657185197, 0.179882958531, 0.442907601595, 0.301370233297, 0.439562827349, 0.393788158894, 0.344519019127, 0.168380320072, 0.0967659950256, 0.0490503162146, 0.0208158511668, 0.0151826199144, 0.00818188581616, 0.00277246767655, 0.000157879912877, 9.67828600551e-06, 2.09233871828e-06, 5.62370360058e-07, 1.01036187061e-06, 1.71868452981e-06],
        "stdev": [0.00885406695306, 0.138093963265, 0.611308693886, 1.52464926243, 1.64563655853, 2.63688230515, 2.55548000336, 5.48075866699, 22.699930191, 53.8450508118, 44.0465774536, 39.6377372742, 47.1430053711, 214.654418945, 148.094177246, 121.213516235, 52.6648216248, 172.965774536, 207.060546875, 69.5977554321, 53.7082481384, 74.2323608398, 57.8298797607, 58.2962493896, 24.0114402771, 39.6044158936, 41.5629692078, 18.1535816193, 5.25596189499, 4.62970018387, 3.05564165115, 2.10863900185, 1.59323954582, 0.812913477421, 0.0456481091678, 0.00129854911938, 0.000102562880784, 1.81484756467e-05, 8.83669963514e-06, 1.35525197038e-05]
    },
    "gfcc": {
        "mean": [-17.2644405365, 88.2883453369, -191.480819702, 51.9789237976, -81.7510528564, 14.6098680496, -32.8272476196, -6.56149053574, -15.062292099, -10.4708042145, 8.24263000488, -24.4911174774, 6.39057064056],
        "cov": [[1185.08129883, -372.796417236, -35.9790153503, 112.165794373, 10.6273784637, 149.731384277, 26.7241020203, 84.4119491577, -27.0824756622, -8.54560089111, -48.8031959534, 1.16142833233, -39.3044929504], [-372.796417236, 585.938232422, 185.094726562, -37.8294906616, 44.0468978882, -44.2329902649, 79.9261474609, -14.5699062347, 1.98546397686, -67.615776062, 18.4173622131, 2.23476028442, 59.0157051086], [-35.9790153503, 185.094726562, 384.916992188, 127.289360046, -27.8433799744, 46.8820648193, -74.1352081299, 45.5778121948, -22.0739555359, 8.46102523804, -29.4973106384, -4.17293596268, -17.4682292938], [112.165794373, -37.8294906616, 127.289360046, 263.732421875, 87.6985092163, -14.7772626877, -55.4762268066, -0.147487178445, 32.4261474609, 44.163230896, -35.4322738647, -13.6731901169, -28.5760231018], [10.6273784637, 44.0468978882, -27.8433799744, 87.6985092163, 164.085952759, 53.6751899719, 28.2175350189, -25.9919815063, 8.03555965424, 21.3052349091, 5.85157966614, -15.000371933, 3.84050369263], [149.731384277, -44.2329902649, 46.8820648193, -14.7772626877, 53.6751899719, 217.181259155, 62.3345031738, -15.4100608826, -67.9104766846, -13.4817304611, 5.74524307251, 5.13627767563, -9.93234348297], [26.7241020203, 79.9261474609, -74.1352081299, -55.4762268066, 28.2175350189, 62.3345031738, 161.141647339, -2.59355831146, -30.0967159271, -33.1924629211, 34.4492835999, 17.7072601318, 28.1393146515], [84.4119491577, -14.5699062347, 45.5778121948, -0.147487178445, -25.9919815063, -15.4100608826, -2.59355831146, 125.954627991, 35.3473052979, -11.2969522476, -16.650094986, 16.5390033722, 9.36117649078], [-27.0824756622, 1.98546397686, -22.0739555359, 32.4261474609, 8.03555965424, -67.9104766846, -30.0967159271, 35.3473052979, 121.794593811, 39.4946556091, -5.91294670105, -4.41711521149, -0.146535128355], [-8.54560089111, -67.615776062, 8.46102523804, 44.163230896, 21.3052349091, -13.4817304611, -33.1924629211, -11.2969522476, 39.4946556091, 123.329833984, 39.0434265137, -25.2420310974, -16.3290786743], [-48.8031959534, 18.4173622131, -29.4973106384, -35.4322738647, 5.85157966614, 5.74524307251, 34.4492835999, -16.650094986, -5.91294670105, 39.0434265137, 90.1708755493, 19.0733547211, -2.23751568794], [1.16142833233, 2.23476028442, -4.17293596268, -13.6731901169, -15.000371933, 5.13627767563, 17.7072601318, 16.5390033722, -4.41711521149, -25.2420310974, 19.0733547211, 69.1780776978, 35.5852928162], [-39.3044929504, 59.0157051086, -17.4682292938, -28.5760231018, 3.84050369263, -9.93234348297, 28.1393146515, 9.36117649078, -0.146535128355, -16.3290786743, -2.23751568794, 35.5852928162, 76.6837768555]],
        "icov": [[0.00137862889096, 0.000587248010561, 0.00050670519704, -0.00122541014571, 0.00074840686284, -0.00115467840806, -0.000296418875223, -0.00111272209324, 0.000135071502882, 0.000479662296129, -0.00010393399134, 0.000672876019962, -0.000241863002884], [0.000587248010561, 0.011948778294, -0.0146003272384, 0.00974041130394, -0.0119494181126, 0.0106555279344, -0.0098019298166, 0.006682141684, -0.00560147501528, 0.00819061417133, -0.00275155482814, 0.00353063549846, -0.00381647446193], [0.00050670519704, -0.0146003272384, 0.0238950029016, -0.0173928048462, 0.0190918501467, -0.0173188112676, 0.0147076817229, -0.0115334428847, 0.00812328606844, -0.00844264123589, 0.000775729771703, -0.000876427162439, 0.00191654358059], [-0.00122541014571, 0.00974041130394, -0.0173928048462, 0.0204633791, -0.0189607981592, 0.0148317124695, -0.00978984218091, 0.00859980843961, -0.00476065138355, 0.00128687126562, 0.00570171093568, -0.00549030164257, 0.00393165834248], [0.00074840686284, -0.0119494181126, 0.0190918501467, -0.0189607981592, 0.0265521463007, -0.0178144685924, 0.0104610808194, -0.00756940385327, 0.00363818509504, -0.00508077535778, -0.00298763928004, 0.0047674542293, -0.00306314928457], [-0.00115467840806, 0.0106555279344, -0.0173188112676, 0.0148317124695, -0.0178144685924, 0.0209719091654, -0.0130776576698, 0.00824765209109, -0.00134731153958, 0.00336975348182, 0.00295805791393, -0.00349981943145, 0.00261552701704], [-0.000296418875223, -0.0098019298166, 0.0147076817229, -0.00978984218091, 0.0104610808194, -0.0130776576698, 0.0197330135852, -0.00752737605944, 0.00460003362969, -0.00110057042912, -0.00572780938819, 0.00220557954162, -0.00286235101521], [-0.00111272209324, 0.006682141684, -0.0115334428847, 0.00859980843961, -0.00756940385327, 0.00824765209109, -0.00752737605944, 0.0159953162074, -0.00754602486268, 0.00431194435805, 0.00151605787687, -0.00220361305401, -0.000907949113753], [0.000135071502882, -0.00560147501528, 0.00812328606844, -0.00476065138355, 0.00363818509504, -0.00134731153958, 0.00460003362969, -0.00754602486268, 0.0165314897895, -0.00937369093299, 0.00482921209186, -0.00424199784175, 0.0034779610578], [0.000479662296129, 0.00819061417133, -0.00844264123589, 0.00128687126562, -0.00508077535778, 0.00336975348182, -0.00110057042912, 0.00431194435805, -0.00937369093299, 0.0243000779301, -0.0168890319765, 0.0150577640161, -0.00925671309233], [-0.00010393399134, -0.00275155482814, 0.000775729771703, 0.00570171093568, -0.00298763928004, 0.00295805791393, -0.00572780938819, 0.00151605787687, 0.00482921209186, -0.0168890319765, 0.0284818504006, -0.0187766775489, 0.0127725740895], [0.000672876019962, 0.00353063549846, -0.000876427162439, -0.00549030164257, 0.0047674542293, -0.00349981943145, 0.00220557954162, -0.00220361305401, -0.00424199784175, 0.0150577640161, -0.0187766775489, 0.0348020084202, -0.0193498209119], [-0.000241863002884, -0.00381647446193, 0.00191654358059, 0.00393165834248, -0.00306314928457, 0.00261552701704, -0.00286235101521, -0.000907949113753, 0.0034779610578, -0.00925671309233, 0.0127725740895, -0.0193498209119, 0.0267963558435]]
    },
    "melbands": {
        "max": [0.000962193706073, 0.00271829566918, 0.0025341543369, 0.0015141092008, 0.00131328613497, 0.0025714118965, 0.00550145469606, 0.00694572832435, 0.00877978466451, 0.003527054796, 0.00452549057081, 0.00819778628647, 0.0036507777404, 0.00476089818403, 0.00289901648648, 0.00187114533037, 0.00346031715162, 0.00334438658319, 0.00172171392478, 0.000759446877055, 0.00117622257676, 0.00154900120106, 0.00136823311914, 0.00073387142038, 0.000669071217999, 0.000199716800125, 0.000277285929769, 0.000463235599454, 0.000326028995914, 0.000285583169898, 6.75588671584e-05, 2.36843370658e-05, 2.16690204979e-05, 3.87280306313e-05, 1.71559386217e-05, 1.75874592969e-05, 1.645140037e-05, 1.56005462486e-05, 1.23768268168e-05, 1.31062715809e-05],
        "mean": [6.38814744889e-05, 0.000126857397845, 0.000145732366946, 0.00011720139446, 8.42981462483e-05, 7.44035132811e-05, 0.000247502030106, 0.00027672376018, 0.00013191816106, 9.86468585324e-05, 8.44203968882e-05, 0.000364063045708, 0.000298718106933, 0.000203581090318, 8.58746279846e-05, 7.82158167567e-05, 0.000188902340597, 0.000176917616045, 8.55982216308e-05, 3.48129615304e-05, 3.5488512367e-05, 3.4937835153e-05, 3.73581024178e-05, 3.85070161428e-05, 3.57582575816e-05, 1.39323856274e-05, 1.69880659087e-05, 3.06831061607e-05, 3.29017129843e-05, 2.25623934966e-05, 6.113420568e-06, 3.12400175062e-06, 2.15132104131e-06, 1.97445842787e-06, 1.64159769156e-06, 1.49420475282e-06, 1.18237517199e-06, 9.4761338687e-07, 7.43482360122e-07, 3.56984742211e-07],
        "min": [1.3699306578e-07, 3.75135726927e-07, 9.60777697401e-07, 6.06860623975e-07, 6.57293526274e-07, 9.42891119848e-07, 6.04396518611e-07, 8.55013354339e-07, 5.96376764861e-07, 3.43379809919e-07, 5.05960315422e-07, 2.1827996477e-07, 4.19761562398e-07, 4.18597664975e-07, 2.16853408119e-07, 2.85733477767e-07, 3.79712105314e-07, 3.18618873507e-07, 4.82972382088e-07, 1.49150167772e-07, 1.36625146752e-07, 1.10065471404e-07, 2.31281021001e-07, 2.01860586913e-07, 1.23337244418e-07, 2.8959817655e-07, 1.11426032845e-07, 2.28281393788e-07, 1.75905967126e-07, 1.29479175826e-07, 3.88702474652e-08, 3.26063220868e-09, 2.66696229545e-08, 6.2180225413e-09, 3.95205423942e-09, 2.45003359822e-08, 2.09013029107e-09, 1.58200530453e-09, 2.42571984721e-09, 5.14414066899e-10],
        "stdev": [0.000107087093056, 0.000262224726612, 0.000253274774877, 0.00013147458958, 9.74154827418e-05, 0.000113021851575, 0.000450465246104, 0.000520066882018, 0.00040658400394, 0.000259825057583, 0.000260949716903, 0.000869669194799, 0.000505947333295, 0.000422568322392, 0.00023941474501, 0.000153464221512, 0.000410630804254, 0.000375310220988, 0.000188473713933, 7.14788839105e-05, 7.9679848568e-05, 0.000101959041785, 7.17898874427e-05, 6.47571359877e-05, 5.67286006117e-05, 1.67333637364e-05, 1.95361426449e-05, 3.55677220796e-05, 3.55293850589e-05, 2.60152573901e-05, 6.73969543641e-06, 3.17211743095e-06, 2.48230890065e-06, 2.72810893875e-06, 1.8320261006e-06, 1.58938564709e-06, 1.24786231481e-06, 1.14315628252e-06, 1.07740800104e-06, 6.48747572995e-07]
    },
    "melbands128": {
        "max": [0.00012144781067, 0.000601821928285, 0.00129336304963, 0.00267917662859, 0.00338309584185, 0.00415933225304, 0.00368342315778, 0.00321658141911, 0.00236325385049, 0.00166260253172, 0.00258347531781, 0.00227175024338, 0.00165941007435, 0.00189580535516, 0.00491610355675, 0.00216516130604, 0.00255503947847, 0.00767693482339, 0.0186886582524, 0.0103635452688, 0.00998777989298, 0.00590820843354, 0.0147195579484, 0.0118411229923, 0.0045052273199, 0.00730096548796, 0.00993575062603, 0.00510805565864, 0.0121272122487, 0.0112737901509, 0.0145181929693, 0.0119399381801, 0.00715199531987, 0.00980181526393, 0.0105083920062, 0.00861613918096, 0.00835950765759, 0.00656200665981, 0.00187189178541, 0.00237543531694, 0.00423261150718, 0.00239632721059, 0.00492773670703, 0.00967666506767, 0.00875544827431, 0.00701357796788, 0.00675893900916, 0.00313774123788, 0.0042010974139, 0.00238421536051, 0.00147339119576, 0.00128982379101, 0.000707454397343, 0.00266037718393, 0.00388438440859, 0.00265186838806, 0.000918067758903, 0.00282305898145, 0.00177772215102, 0.00144799053669, 0.0012417595135, 0.00162440713029, 0.000922682753298, 0.00114523502998, 0.000496030144859, 0.000215049745748, 0.000613860611338, 0.000339492515195, 0.000691738503519, 0.000281784421531, 0.000690066895913, 0.000720085110515, 0.00106650555972, 0.000586215115618, 0.000379583012545, 0.000437789654825, 0.000592777796555, 0.000162406213349, 9.22162435018e-05, 9.48602682911e-05, 4.94041159982e-05, 4.26939404861e-05, 4.85590499011e-05, 2.8177501008e-05, 4.05290593335e-05, 6.90598317306e-05, 4.02557452617e-05, 3.78838303732e-05, 2.7760712328e-05, 1.84569580597e-05, 2.23892075155e-05, 1.99142377824e-05, 2.87903530989e-05, 2.14814463106e-05, 1.29263780764e-05, 1.14485510494e-05, 2.12629329326e-05, 2.2193436962e-05, 2.08981127798e-05, 2.3552631319e-05, 1.13567439257e-05, 2.39961846091e-05, 5.20101309576e-07, 9.1660465884e-09, 7.65651453349e-09, 6.61047350192e-09, 5.84127723968e-09, 5.25053822642e-09, 4.76858019738e-09, 4.38069136521e-09, 4.05326172626e-09, 3.75810449427e-09, 3.53095641614e-09, 3.32261018698e-09, 3.14192627471e-09, 2.98854674341e-09, 2.84131762562e-09, 2.72416156299e-09, 2.61101251731e-09, 2.5148394478e-09, 2.43243092335e-09, 2.36514896557e-09, 2.30005525736e-09, 2.25262608566e-09, 2.20571538811e-09, 2.17075757369e-09, 2.14510276209e-09, 2.13092277157e-09],
        "mean": [6.66499590807e-06, 3.51361522917e-05, 8.30693461467e-05, 0.000127526072902, 0.00012488385255, 0.000125854290673, 0.000157243703143, 0.000157318878337, 0.00012453297677, 0.000105387392978, 0.000124522732222, 0.000106906794827, 6.76967465552e-05, 6.1596147134e-05, 7.74701693445e-05, 7.60307375458e-05, 9.78359385044e-05, 0.000257472187513, 0.000485451018903, 0.000299180101138, 0.000203998788493, 0.000121576507809, 0.000149798026541, 9.61893238127e-05, 9.97740935418e-05, 0.00011888868903, 4.47296115453e-05, 5.83690343774e-05, 0.000110619439511, 0.000300111889374, 0.000527374562807, 0.000368106993847, 0.000184515214642, 0.000361664628144, 0.000274525606073, 0.000114138332719, 0.000166045458172, 7.73245701566e-05, 4.38934876001e-05, 6.94869740983e-05, 0.000108174957859, 5.60550142836e-05, 0.000108892185381, 0.000363443919923, 0.000210453901673, 0.00010513048619, 0.000194031264982, 8.37814077386e-05, 5.278687604e-05, 2.04955940717e-05, 3.34445867338e-05, 5.11356520292e-05, 2.20412093768e-05, 3.26809458784e-05, 5.53162535653e-05, 3.02329463011e-05, 1.93710420717e-05, 4.66934980068e-05, 3.82984435419e-05, 3.20935141644e-05, 4.26003862231e-05, 3.81888203265e-05, 4.26178812631e-05, 3.9476017264e-05, 1.45554949995e-05, 8.92782918527e-06, 1.77383844857e-05, 1.66247282323e-05, 1.93426985788e-05, 1.20163986139e-05, 2.14070660149e-05, 4.69365695608e-05, 4.99426241731e-05, 2.54102196777e-05, 1.79506405402e-05, 3.33414573106e-05, 1.92211628018e-05, 6.56413976685e-06, 4.95066024087e-06, 5.18024853591e-06, 2.67533368969e-06, 2.81311008621e-06, 2.56649173025e-06, 1.96825021703e-06, 1.8161904336e-06, 2.33626224144e-06, 1.84496002475e-06, 1.64604807651e-06, 1.68817098256e-06, 1.59872524819e-06, 1.55024531523e-06, 1.51168092088e-06, 1.30320120206e-06, 1.23449524381e-06, 1.04567357084e-06, 1.00762861166e-06, 9.10160224521e-07, 9.17477734674e-07, 7.53413530674e-07, 7.50055619392e-07, 3.9863374468e-07, 4.49657079571e-07, 1.73464211883e-08, 1.16008681827e-10, 1.40195459408e-11, 1.13806472926e-11, 1.13692874559e-11, 7.46474323327e-12, 6.7148994698e-12, 6.22363011821e-12, 5.81892129967e-12, 5.50292190288e-12, 5.21205821558e-12, 4.96091666011e-12, 4.74048925114e-12, 4.54845406131e-12, 4.36916128277e-12, 4.21480992469e-12, 4.07128150637e-12, 3.94427112499e-12, 3.82855075767e-12, 3.73403478277e-12, 3.64672137973e-12, 3.57353838361e-12, 3.49035448981e-12, 3.40839574446e-12, 3.35458744116e-12, 3.33122201698e-12],
        "min": [1.66363395282e-10, 5.36289412878e-09, 3.26103588577e-08, 1.14686962149e-07, 1.09599092468e-07, 1.28393338628e-07, 8.80540298454e-08, 1.44433471405e-07, 1.68900641029e-07, 3.45206785823e-07, 3.75874435576e-07, 4.55672306998e-07, 1.31375685442e-07, 2.33022092289e-07, 3.03303806959e-07, 1.60060594112e-07, 5.01901809002e-07, 1.17841736369e-07, 7.11505308004e-08, 1.15782377463e-07, 4.14266168036e-07, 3.93257721498e-07, 1.28534978217e-07, 7.0292301757e-08, 3.71521089448e-08, 1.15009832768e-07, 1.16638965153e-07, 7.75964963395e-08, 1.55182746653e-07, 2.64459245614e-08, 7.02078963855e-08, 8.85418884877e-08, 2.66766750912e-08, 2.19537739099e-08, 4.27700754813e-08, 1.51749297572e-08, 1.9591833933e-08, 3.19669481996e-08, 4.42843521853e-08, 3.30896519074e-08, 4.94452585542e-08, 1.00530932912e-07, 6.01119509724e-08, 1.19457155279e-07, 2.99707458851e-08, 1.09749841215e-07, 1.99781894139e-07, 1.09716374652e-07, 9.38623401225e-08, 5.3665655031e-08, 3.55665790153e-08, 8.34042168663e-08, 5.16744904644e-08, 1.92669737942e-08, 6.97419437756e-08, 3.0921768257e-08, 3.67023278436e-09, 7.87709542038e-09, 1.05198395772e-07, 5.49329932653e-08, 5.19772243024e-08, 4.33922160425e-08, 3.38737145e-08, 6.7206471499e-08, 4.3216200396e-08, 8.12447176202e-09, 1.56507731219e-08, 3.03078202535e-08, 7.56340057251e-09, 1.85292705623e-08, 1.04898356668e-08, 5.07407200701e-08, 2.49280631692e-08, 5.46909406651e-09, 5.69343541201e-08, 5.74629339667e-08, 1.57241526466e-08, 4.04888345074e-09, 4.20921919542e-09, 9.80049819077e-09, 1.99707650417e-09, 1.1231389152e-09, 9.96966398326e-10, 7.4284073337e-10, 5.42249689595e-10, 9.11163644535e-10, 1.22310639394e-09, 5.32542565601e-10, 3.31568272838e-10, 1.2213280387e-09, 1.1542177214e-09, 1.5122818553e-09, 2.13535661375e-10, 7.93375573571e-11, 1.68150757207e-10, 6.67611910199e-10, 1.05510059023e-10, 6.32842778181e-10, 5.75366178313e-11, 7.74235536793e-11, 8.52856327227e-11, 3.98616117328e-13, 8.9687439875e-14, 1.0123024245e-13, 4.39272844987e-14, 2.68707819396e-14, 4.53964733101e-14, 4.46035725444e-14, 4.47924202341e-14, 4.95213916261e-14, 4.53753008745e-14, 5.26514697455e-14, 4.40434499852e-14, 4.26716191407e-14, 4.11408984679e-14, 4.30962503097e-14, 4.59455742766e-14, 3.89890180417e-14, 4.3349103197e-14, 4.96532339984e-14, 4.93757968268e-14, 5.09006966892e-14, 4.5935867279e-14, 5.00790069678e-14, 3.41692345533e-14, 1.14349642697e-14, 1.9217064226e-15, 7.1847875685e-17],
        "stdev": [1.25000988191e-05, 6.15099997958e-05, 0.00015034689568, 0.000273898709565, 0.000299954903312, 0.000334256154019, 0.000343510066159, 0.000286279100692, 0.000172720843693, 0.000136405840749, 0.00018394451763, 0.000154850553372, 9.56157236942e-05, 0.000116867282486, 0.000182084128028, 0.000120349352073, 0.00016820782912, 0.000564705114812, 0.00118411448784, 0.000738066388294, 0.000594148295932, 0.000334525771905, 0.000664956693072, 0.000483983632876, 0.000296505953884, 0.000410797889344, 0.000245867471676, 0.000184924443602, 0.000623838510364, 0.000999642303213, 0.00146134349052, 0.0011218743166, 0.000576161080971, 0.000868032686412, 0.000868749222718, 0.000424929254223, 0.000568874413148, 0.000403733516578, 0.000112916364742, 0.000168600425241, 0.000283548259176, 0.000183422394912, 0.000366529246094, 0.000933077244554, 0.000741582654882, 0.000504751922563, 0.000632448587567, 0.000223804483539, 0.000218997825868, 9.09795271582e-05, 9.82642814051e-05, 0.000127777049784, 5.26609910594e-05, 0.000147878279677, 0.000215870517422, 0.000147519764141, 5.78294493607e-05, 0.000133633511723, 0.000100323901279, 7.57754241931e-05, 0.000106814208266, 0.00010109172581, 8.30139833852e-05, 8.65520414663e-05, 3.39542639267e-05, 1.37209090099e-05, 3.80309429602e-05, 2.30399655266e-05, 3.67611501133e-05, 2.21121536015e-05, 4.61920644739e-05, 7.70019469201e-05, 8.22473157314e-05, 4.68169964734e-05, 2.93070861517e-05, 5.16766449437e-05, 3.07984337269e-05, 1.28233314172e-05, 8.12885355117e-06, 7.6252654253e-06, 3.42690009347e-06, 3.61961929229e-06, 3.62694981959e-06, 2.73996397482e-06, 2.88845399155e-06, 4.00933504352e-06, 2.7540395422e-06, 2.47930734076e-06, 2.24856057685e-06, 1.97932172341e-06, 2.10887196772e-06, 1.86466388641e-06, 1.6703518213e-06, 1.60124966442e-06, 1.29324450882e-06, 1.26894235564e-06, 1.30883995553e-06, 1.42276621773e-06, 1.17531817523e-06, 1.35087122999e-06, 6.93291212883e-07, 1.01138789432e-06, 4.03984685704e-08, 3.51027762413e-10, 2.08822723002e-10, 1.48858411708e-10, 1.37157063484e-10, 1.09000773685e-10, 9.88209861164e-11, 9.0450667789e-11, 8.35258529008e-11, 7.74340244702e-11, 7.2638374482e-11, 6.82382692019e-11, 6.44145708995e-11, 6.11838218978e-11, 5.80971486197e-11, 5.56460745538e-11, 5.32860769398e-11, 5.12972650468e-11, 4.95504123843e-11, 4.81524542462e-11, 4.67683114458e-11, 4.57634347084e-11, 4.47822924576e-11, 4.40855268957e-11, 4.35492995832e-11, 4.3255690696e-11]
    },
    "mfcc": {
        "mean": [-623.198791504, 81.9473724365, -33.5402908325, 17.7317714691, -13.1393547058, 1.71665728092, 2.39328479767, -9.19258594513, -5.51133108139, 2.64162063599, -7.34222412109, 6.37158727646, -4.38520145416],
        "cov": [[1279.99414062, -450.064758301, -60.2550697327, -30.7870101929, 2.1631398201, 42.5697975159, 47.2536621094, 109.207702637, 70.4967422485, -3.8937151432, 11.6576738358, 34.2991867065, -35.2806053162], [-450.064758301, 596.705566406, 65.8106994629, -12.4476222992, -19.8387184143, -25.8968868256, 52.6232528687, 38.7626075745, 4.61551570892, -2.94551181793, -34.0330963135, -63.0490608215, -19.5341377258], [-60.2550697327, 65.8106994629, 362.337738037, 47.5784873962, 74.5655517578, 7.57252597809, -4.22365474701, -9.5390625, -7.20751476288, -1.06573975086, 22.7591514587, -29.2676696777, 28.1081066132], [-30.7870101929, -12.4476222992, 47.5784873962, 256.601501465, 82.4524536133, 5.06777763367, -50.0076522827, -52.4055786133, 23.0539684296, 7.51415920258, 13.4007720947, 39.5677642822, 24.193693161], [2.1631398201, -19.8387184143, 74.5655517578, 82.4524536133, 158.239562988, 34.5926933289, -20.3462791443, -15.0490865707, 19.426782608, 11.4868717194, 20.9739780426, 7.87411022186, 6.52766084671], [42.5697975159, -25.8968868256, 7.57252597809, 5.06777763367, 34.5926933289, 170.56477356, 73.003288269, 1.97195744514, -18.5157642365, 7.90402889252, 14.2703466415, -20.1897296906, -17.7164478302], [47.2536621094, 52.6232528687, -4.22365474701, -50.0076522827, -20.3462791443, 73.003288269, 169.984741211, 41.3609237671, -19.2813072205, 0.0525301359594, -4.57517814636, -16.8549995422, -21.5035419464], [109.207702637, 38.7626075745, -9.5390625, -52.4055786133, -15.0490865707, 1.97195744514, 41.3609237671, 144.26914978, 31.5941200256, -23.1378574371, -12.3672065735, -38.634967804, -21.8674602509], [70.4967422485, 4.61551570892, -7.20751476288, 23.0539684296, 19.426782608, -18.5157642365, -19.2813072205, 31.5941200256, 96.4620666504, 7.45881080627, -10.200463295, -0.867514491081, 0.796259939671], [-3.8937151432, -2.94551181793, -1.06573975086, 7.51415920258, 11.4868717194, 7.90402889252, 0.0525301359594, -23.1378574371, 7.45881080627, 80.6727218628, 23.8967914581, 9.34701538086, -2.25257992744], [11.6576738358, -34.0330963135, 22.7591514587, 13.4007720947, 20.9739780426, 14.2703466415, -4.57517814636, -12.3672065735, -10.200463295, 23.8967914581, 82.2766799927, 24.2803096771, -9.4252243042], [34.2991867065, -63.0490608215, -29.2676696777, 39.5677642822, 7.87411022186, -20.1897296906, -16.8549995422, -38.634967804, -0.867514491081, 9.34701538086, 24.2803096771, 114.221755981, 34.9065742493], [-35.2806053162, -19.5341377258, 28.1081066132, 24.193693161, 6.52766084671, -17.7164478302, -21.5035419464, -21.8674602509, 0.796259939671, -2.25257992744, -9.4252243042, 34.9065742493, 94.5264282227]],
        "icov": [[0.00136005505919, 0.00114720582496, -0.000164792654687, -2.60062115558e-05, 0.000135639042128, -5.78358594794e-05, -0.000500536407344, -0.00105890049599, -0.000815529667307, -0.000140912656207, 0.000284348061541, -0.000511281425133, 0.000641986553092], [0.00114720582496, 0.00292844278738, -0.000507752527483, -0.000296875252388, 0.000286563095869, 0.000686730898451, -0.00124588527251, -0.00104190758429, -0.000660909397993, -0.000434526242316, 0.000823476933874, 0.000432587607065, 0.000762357958592], [-0.000164792654687, -0.000507752527483, 0.00360450870357, -0.000288694514893, -0.00162762252148, 0.000480275572045, -0.000303010456264, 0.00036880307016, 0.000544476148207, 0.000493828905746, -0.00162045762409, 0.00193236465566, -0.00181354617234], [-2.60062115558e-05, -0.000296875252388, -0.000288694514893, 0.00548755517229, -0.00217266171239, -0.000556571467314, 0.00099672540091, 0.00153867213521, -0.00131765159313, 0.000534121645615, 8.12834186945e-05, -0.00142045831308, -0.000204837793717], [0.000135639042128, 0.000286563095869, -0.00162762252148, -0.00217266171239, 0.00927225779742, -0.00231599085964, 0.00112245662604, -0.00020824377134, -0.00180905126035, -0.000447848869953, -0.000975052884314, -0.000370006309822, 0.000326683861203], [-5.78358594794e-05, 0.000686730898451, 0.000480275572045, -0.000556571467314, -0.00231599085964, 0.00878391601145, -0.00425133155659, 0.000801467278507, 0.00112056941725, -0.00021078492864, -0.00126599217765, 0.0023180518765, 0.000147796468809], [-0.000500536407344, -0.00124588527251, -0.000303010456264, 0.00099672540091, 0.00112245662604, -0.00425133155659, 0.00938270334154, -0.00220852787606, 0.00188936677296, -0.00086319562979, 0.00115222577006, -0.00155364605598, 0.000792060105596], [-0.00105890049599, -0.00104190758429, 0.00036880307016, 0.00153867213521, -0.00020824377134, 0.000801467278507, -0.00220852787606, 0.0112480474636, -0.00383976846933, 0.00340498518199, -0.00147932034452, 0.00293592200615, 3.20668004861e-05], [-0.000815529667307, -0.000660909397993, 0.000544476148207, -0.00131765159313, -0.00180905126035, 0.00112056941725, 0.00188936677296, -0.00383976846933, 0.0140305412933, -0.00284700538032, 0.00233164150268, -0.000307200971292, -0.000229248296819], [-0.000140912656207, -0.000434526242316, 0.000493828905746, 0.000534121645615, -0.000447848869953, -0.00021078492864, -0.00086319562979, 0.00340498518199, -0.00284700538032, 0.014963503927, -0.00464178109542, 0.000540767097846, -0.000125145932543], [0.000284348061541, 0.000823476933874, -0.00162045762409, 8.12834186945e-05, -0.000975052884314, -0.00126599217765, 0.00115222577006, -0.00147932034452, 0.00233164150268, -0.00464178109542, 0.0167174171656, -0.00488727772608, 0.00382870878093], [-0.000511281425133, 0.000432587607065, 0.00193236465566, -0.00142045831308, -0.000370006309822, 0.0023180518765, -0.00155364605598, 0.00293592200615, -0.000307200971292, 0.000540767097846, -0.00488727772608, 0.0138932177797, -0.00512901507318], [0.000641986553092, 0.000762357958592, -0.00181354617234, -0.000204837793717, 0.000326683861203, 0.000147796468809, 0.000792060105596, 3.20668004861e-05, -0.000229248296819, -0.000125145932543, 0.00382870878093, -0.00512901507318, 0.0140353925526]]
    },
    "spectral_contrast_coeffs": {
        "max": [-0.525319874287, -0.474875539541, -0.4773452878, -0.535785615444, -0.572117567062, -0.488288223743],
        "mean": [-0.734422266483, -0.739820659161, -0.704006910324, -0.7315736413, -0.739496827126, -0.667982578278],
        "min": [-0.886708915234, -0.923775076866, -0.91201543808, -0.879087924957, -0.866612195969, -0.828960120678],
        "stdev": [0.0510597899556, 0.0764342546463, 0.0773860290647, 0.0583610534668, 0.0492052957416, 0.0464579463005]
    },
    "spectral_contrast_valleys": {
        "max": [-5.97915744781, -5.68828582764, -5.84231758118, -6.13468933105, -5.88838529587, -8.49926948547],
        "mean": [-7.53742933273, -6.92058181763, -7.42489957809, -7.51513433456, -7.1876950264, -10.814915657],
        "min": [-9.71277427673, -8.43752479553, -9.3926153183, -9.10041904449, -9.5162858963, -13.8101406097],
        "stdev": [0.591554284096, 0.439331412315, 0.530899465084, 0.475842237473, 0.52909219265, 0.83797544241]
    }
},
"rhythm": {
    "beats_count": 137,
    "beats_loudness": {
        "max": 0.0464974008501,
        "mean": 0.0211209934205,
        "min": 0.00350459618494,
        "stdev": 0.00856026262045
    },
    "bpm": 133.32510376,
    "bpm_histogram_first_peak_bpm": 133,
    "bpm_histogram_first_peak_weight": 0.353982269764,
    "bpm_histogram_second_peak_bpm": 126,
    "bpm_histogram_second_peak_spread": 0.285714268684,
    "bpm_histogram_second_peak_weight": 0.0735294148326,
    "danceability": 1.07082140446,
    "onset_rate": 3.15528154373,
    "beats_loudness_band_ratio": {
        "max": [0.588089883327, 0.415605455637, 0.691712141037, 0.872251927853, 0.811366558075, 0.591420054436],
        "mean": [0.0904174074531, 0.0670819282532, 0.157053396106, 0.354439973831, 0.229622155428, 0.140349775553],
        "min": [0.00124462577514, 0.00464832689613, 0.00900105480105, 0.0133326975629, 0.0204531755298, 0.00556799536571],
        "stdev": [0.0966622382402, 0.0679413974285, 0.140310257673, 0.237784340978, 0.174243703485, 0.0871512591839]
    },
