{
"metadata": {
    "version": {
        "essentia": "2.1-beta5",
        "essentia_git_sha": "Undefined",
        "extractor": "music 2.0"
    },
    "audio_properties": {
        "analysis": {
            "equal_loudness": 0,
            "length": 12.7477550507,
            "sample_rate": 44100,
            "start_time": 0,
            "downmix": "mix"
        },
        "bit_rate": 192000,
        "length": 172.234024048,
        "lossless": 0,
        "number_channels": 2,
        "replay_gain": -2.39805603027,
        "sample_rate": 48000,
        "codec": "mp3",
        "md5_encoded": "6b032ca2dd613f253cc33587a11cd93b"
    },
    "tags": {
        "file_name": "Ireland_Terminal _3__Linda Martin.mp3",
        "encoding": ["Lavf58.29.100"]
    }
},
"lowlevel": {
    "average_loudness": 0.959116458893,
    "barkbands_crest": {
        "max": 15.0368232727,
        "mean": 5.28278207779,
        "min": 2.27278518677,
        "stdev": 2.09691667557
    },
    "barkbands_flatness_db": {
        "max": 0.159420758486,
        "mean": 0.0867208763957,
        "min": 0.0413995422423,
        "stdev": 0.0197782255709
    },
    "barkbands_kurtosis": {
        "max": 5.79750537872,
        "mean": -0.796079397202,
        "min": -1.81157922745,
        "stdev": 0.836534202099
    },
    "barkbands_skewness": {
        "max": 2.50228309631,
        "mean": 0.212148100138,
        "min": -1.94035303593,
        "stdev": 0.550308287144
    },
    "barkbands_spread": {
        "max": 74.2328338623,
        "mean": 36.9023704529,
        "min": 10.8144540787,
        "stdev": 10.2192687988
    },
    "dissonance": {
        "max": 0.499966233969,
        "mean": 0.484251588583,
        "min": 0.432608008385,
        "stdev": 0.0107224239036
    },
    "dynamic_complexity": 2.6957681179,
    "erbbands_crest": {
        "max": 15.8909578323,
        "mean": 5.84881305695,
        "min": 2.53914475441,
        "stdev": 2.0413248539
    },
    "erbbands_flatness_db": {
        "max": 0.256452381611,
        "mean": 0.156146362424,
        "min": 0.0664469748735,
        "stdev": 0.0314996354282
    },
    "erbbands_kurtosis": {
        "max": 4.78765583038,
        "mean": -0.179752618074,
        "min": -1.39129137993,
        "stdev": 0.699430823326
    },
    "erbbands_skewness": {
        "max": 1.76854085922,
        "mean": -0.366025686264,
        "min": -1.90352809429,
        "stdev": 0.4103256464
    },
    "erbbands_spread": {
        "max": 86.85597229,
        "mean": 37.0216445923,
        "min": 15.2889471054,
        "stdev": 12.1396493912
    },
    "hfc": {
        "max": 152.036529541,
        "mean": 28.4853878021,
        "min": 1.13343834482e-16,
        "stdev": 22.2260227203
    },
    "loudness_ebu128": {
        "integrated": -22.104801178,
        "loudness_range": 3.36700248718,
        "momentary": {
            "max": -18.9646625519,
            "mean": -22.586145401,
            "min": -34.2301559448,
            "stdev": 2.14822077751
        },
        "short_term": {
            "max": -20.4278640747,
            "mean": -21.999753952,
            "min": -24.4913082123,
            "stdev": 1.22148990631
        }
    },
    "melbands_crest": {
        "max": 21.9389324188,
        "mean": 8.55043888092,
        "min": 2.51819038391,
        "stdev": 3.89984416962
    },
    "melbands_flatness_db": {
        "max": 0.214238032699,
        "mean": 0.0904162973166,
        "min": 0.00588262127712,
        "stdev": 0.0305917523801
    },
    "melbands_kurtosis": {
        "max": 31.4887390137,
        "mean": 1.96827125549,
        "min": -1.28313231468,
        "stdev": 4.1368803978
    },
    "melbands_skewness": {
        "max": 4.87239837646,
        "mean": 1.3181347847,
        "min": -0.194145664573,
        "stdev": 0.849619626999
    },
    "melbands_spread": {
        "max": 146.281295776,
        "mean": 55.8645591736,
        "min": 13.059384346,
        "stdev": 17.9038295746
    },
    "pitch_salience": {
        "max": 0.979308307171,
        "mean": 0.641213178635,
        "min": 0.408131539822,
        "stdev": 0.0704774186015
    },
    "silence_rate_20dB": {
        "max": 1,
        "mean": 1,
        "min": 1,
        "stdev": 0
    },
    "silence_rate_30dB": {
        "max": 1,
        "mean": 1,
        "min": 1,
        "stdev": 0
    },
    "silence_rate_60dB": {
        "max": 1,
        "mean": 0.0872727259994,
        "min": 0,
        "stdev": 0.282235741615
    },
    "spectral_centroid": {
        "max": 11071.828125,
        "mean": 2505.35571289,
        "min": 1031.7298584,
        "stdev": 658.979797363
    },
    "spectral_complexity": {
        "max": 56,
        "mean": 28.3272724152,
        "min": 0,
        "stdev": 12.3839387894
    },
    "spectral_decrease": {
        "max": 2.22052996879e-29,
        "mean": -3.67394181744e-09,
        "min": -2.02696170959e-08,
        "stdev": 2.94193158723e-09
    },
    "spectral_energy": {
        "max": 0.0884361565113,
        "mean": 0.0164500251412,
        "min": 1.03391994716e-20,
        "stdev": 0.0129306549206
    },
    "spectral_energyband_high": {
        "max": 0.0156208565459,
        "mean": 0.00209399149753,
        "min": 7.44670638921e-21,
        "stdev": 0.00192744669039
    },
    "spectral_energyband_low": {
        "max": 0.0320139266551,
        "mean": 0.00243902113289,
        "min": 1.2278749994e-22,
        "stdev": 0.00418178224936
    },
    "spectral_energyband_middle_high": {
        "max": 0.0312484260648,
        "mean": 0.00672562653199,
        "min": 1.45690941626e-21,
        "stdev": 0.00508895283565
    },
    "spectral_energyband_middle_low": {
        "max": 0.0499742813408,
        "mean": 0.00625918526202,
        "min": 2.52512482495e-22,
        "stdev": 0.00648922566324
    },
    "spectral_entropy": {
        "max": 9.798371315,
        "mean": 7.97144889832,
        "min": 7.52821779251,
        "stdev": 0.202476203442
    },
    "spectral_flux": {
        "max": 0.200383007526,
        "mean": 0.073209606111,
        "min": 6.71879774039e-11,
        "stdev": 0.0348480455577
    },
    "spectral_kurtosis": {
        "max": 9.46115207672,
        "mean": 2.31063127518,
        "min": -1.21026194096,
        "stdev": 1.16195392609
    },
    "spectral_rms": {
        "max": 0.00928865838796,
        "mean": 0.00369176035747,
        "min": 3.17600763397e-12,
        "stdev": 0.00155554153025
    },
    "spectral_rolloff": {
        "max": 19272.2167969,
        "mean": 3591.34692383,
        "min": 559.86328125,
        "stdev": 1422.99682617
    },
    "spectral_skewness": {
        "max": 2.54259753227,
        "mean": 0.93231511116,
        "min": 0.00233460823074,
        "stdev": 0.269021332264
    },
    "spectral_spread": {
        "max": 39730448,
        "mean": 4344213.5,
        "min": 2394892.75,
        "stdev": 2400164.5
    },
    "spectral_strongpeak": {
        "max": 5.81061935425,
        "mean": 0.929287016392,
        "min": 4.10364053849e-09,
        "stdev": 0.998588204384
    },
    "zerocrossingrate": {
        "max": 0.55517578125,
        "mean": 0.114185899496,
        "min": 0.0419921875,
        "stdev": 0.0425903648138
    },
    "barkbands": {
        "max": [0.000448628619779, 0.0142649840564, 0.0237461254001, 0.0283112861216, 0.0248388163745, 0.00501130474731, 0.0109058152884, 0.00586447538808, 0.0115983132273, 0.00950675085187, 0.00258524878882, 0.005786429625, 0.00943244155496, 0.00692925835028, 0.00694022141397, 0.00322916661389, 0.00649585854262, 0.00523591320962, 0.00440087961033, 0.00478679034859, 0.00507866730914, 0.00482721347362, 0.00193362403661, 0.00179103994742, 0.00217498908751, 0.00290679326281, 4.43896533397e-06],
        "mean": [2.94006040349e-05, 0.000664755585603, 0.000884940382093, 0.00142560817767, 0.00169006362557, 0.000673227419611, 0.000706910039298, 0.000604130676948, 0.000889940769412, 0.000744029006455, 0.000333388190484, 0.000537751533557, 0.000655998417642, 0.000817695748992, 0.000704369973391, 0.000587041839026, 0.000900071579963, 0.000591760268435, 0.000611263676547, 0.000668681052048, 0.000700850621797, 0.00037601205986, 0.000281693704892, 0.000192652732949, 0.000126949147671, 5.08183402417e-05, 2.5743473131e-08],
        "min": [1.04770210321e-23, 6.68848466484e-23, 2.5613363804e-23, 5.6942054843e-24, 2.60573725868e-23, 4.28873350355e-23, 2.21832072615e-23, 1.43383799895e-23, 5.97540300035e-23, 4.22691583867e-23, 4.84206547048e-23, 3.62757340167e-23, 7.57516053577e-23, 1.12583401116e-22, 1.36375862536e-22, 1.21084115743e-22, 1.13232930252e-22, 2.45215481256e-22, 2.5363849624e-22, 2.27037828837e-22, 3.45674001906e-22, 4.21961117601e-22, 5.09799226919e-22, 6.9491860284e-22, 1.01510378946e-21, 1.55275876779e-21, 2.24601488098e-21],
        "stdev": [4.68919242849e-05, 0.00141896971036, 0.00195296434686, 0.00303268199787, 0.00230553676374, 0.000792608188931, 0.000909298774786, 0.00081825844245, 0.00142619735561, 0.00116309535224, 0.000369824148947, 0.000706912076566, 0.000994116766378, 0.000958032323979, 0.000780279631726, 0.000576802936848, 0.000840723514557, 0.000615908531472, 0.000617720244918, 0.000568548683077, 0.000586572336033, 0.00043679762166, 0.000331613380695, 0.000244040289545, 0.000238386302954, 0.000216693311813, 2.18397417484e-07]
    },
    "erbbands": {
        "max": [0.209339350462, 4.08877038956, 17.9262542725, 66.7279052734, 71.3138275146, 98.1406326294, 45.2315483093, 55.4436836243, 105.277084351, 116.265098572, 145.889038086, 340.498077393, 217.84526062, 394.936187744, 100.892532349, 291.245788574, 479.157897949, 275.39440918, 382.414154053, 354.953796387, 246.882705688, 259.430847168, 211.619445801, 179.574295044, 264.389373779, 279.972076416, 270.708099365, 138.820220947, 198.145248413, 128.084716797, 47.5375976562, 32.7004241943, 28.932844162, 17.4106616974, 21.9225463867, 19.5929927826, 2.47770833969, 0.111216336489, 0.00270191533491, 0.000282116583548],
        "mean": [0.0162610504776, 0.166163638234, 0.807566165924, 3.52886605263, 4.32232618332, 6.80699443817, 4.73012495041, 6.08455133438, 10.052977562, 9.8141040802, 16.4595890045, 24.4174976349, 19.4731502533, 18.6427345276, 16.2901935577, 24.9788036346, 32.9268760681, 31.7462787628, 41.1228561401, 42.7472038269, 37.6165390015, 43.593044281, 32.1869239807, 32.5248794556, 31.0622272491, 34.2924346924, 31.3315944672, 23.5524044037, 14.2347774506, 10.4735774994, 7.51010036469, 4.51145219803, 3.05999398232, 1.47313416004, 0.85166066885, 0.38812109828, 0.0514006391168, 0.0015769781312, 7.11613465683e-05, 2.92734330287e-05],
        "min": [6.81195401828e-22, 1.9351654555e-20, 3.46278257748e-20, 1.97000688451e-20, 3.81368357932e-20, 8.4844535815e-20, 6.08219442062e-20, 4.41786928804e-19, 4.07967856255e-19, 2.47614525964e-19, 4.72853919757e-19, 1.49643672974e-18, 1.65850136747e-18, 1.32734736405e-18, 1.8961272998e-18, 1.50993104406e-18, 3.45402065391e-18, 6.1858770643e-18, 5.42125901661e-18, 8.14095442443e-18, 6.13156024938e-18, 7.09867293821e-18, 9.35886703421e-18, 1.4990860238e-17, 1.35155315032e-17, 9.92304474382e-18, 1.3078872784e-17, 1.37427216215e-17, 1.2223620143e-17, 1.87707745437e-17, 1.34894554615e-17, 1.37067334746e-17, 1.27630221389e-17, 1.08801018115e-17, 6.70952499185e-18, 4.66702125842e-18, 3.23601741027e-18, 1.13475469524e-18, 2.74913735076e-19, 3.58391574649e-20],
        "stdev": [0.0272067710757, 0.384180784225, 1.71075105667, 7.32123708725, 7.5894112587, 10.0009326935, 5.16473484039, 7.63777303696, 12.6250696182, 12.6103982925, 20.11170578, 40.6613311768, 31.004781723, 35.2638130188, 14.9853010178, 32.6843261719, 49.8167724609, 38.0580711365, 46.1371078491, 45.8920783997, 33.8638763428, 37.81042099, 30.4177742004, 28.1566753387, 33.1089782715, 30.9368915558, 26.5449829102, 20.230556488, 16.8143520355, 12.3233709335, 8.93243312836, 5.51618051529, 4.03379964828, 2.21802186966, 2.04376387596, 1.47446906567, 0.222103625536, 0.00757579132915, 0.000226243239013, 3.07399131998e-05]
    },
    "gfcc": {
        "mean": [4.88864517212, 68.4571838379, -158.027236938, 52.8193626404, -73.685218811, 16.8959312439, -43.1225204468, 6.0883102417, -27.2121448517, 1.57616496086, -18.7637786865, -8.08105659485, -5.15470218658],
        "cov": [[14334.7939453, -269.942932129, -329.342254639, 267.236938477, -586.439147949, 298.453155518, -690.579772949, 290.028717041, -485.908538818, 159.853317261, -357.332550049, 10.4667615891, -415.048553467], [-269.942932129, 643.180541992, -337.85144043, 119.935806274, 69.5141448975, -157.661117554, 130.606430054, -101.938850403, 102.183990479, -65.7533416748, 88.6969528198, -66.1140213013, 115.124298096], [-329.342254639, -337.85144043, 736.243713379, 0.195176646113, 61.8917121887, 115.241950989, -84.9930953979, 76.5392532349, -101.806747437, 61.9861412048, -94.1089477539, 56.5074691772, -114.727500916], [267.236938477, 119.935806274, 0.195176646113, 226.890823364, 17.0575904846, 17.7063846588, 29.3215274811, -53.6534004211, 1.53223085403, -26.7578315735, 20.9007606506, -19.2238121033, 46.698348999], [-586.439147949, 69.5141448975, 61.8917121887, 17.0575904846, 164.934188843, 1.16069078445, 69.5138931274, 17.5010414124, 31.5830097198, 8.53465461731, 6.12906265259, 9.6562128067, 11.7966356277], [298.453155518, -157.661117554, 115.241950989, 17.7063846588, 1.16069078445, 145.296783447, -7.76022815704, 54.1153068542, -29.4245681763, 15.4708490372, -29.8404445648, 9.93970394135, -34.1435203552], [-690.579772949, 130.606430054, -84.9930953979, 29.3215274811, 69.5138931274, -7.76022815704, 134.098648071, 4.43334054947, 57.1475448608, -13.0633506775, 39.6681938171, -3.66080355644, 55.2719688416], [290.028717041, -101.938850403, 76.5392532349, -53.6534004211, 17.5010414124, 54.1153068542, 4.43334054947, 109.226142883, 5.87361001968, 42.7691345215, -22.7168979645, 23.2155056, -31.5757160187], [-485.908538818, 102.183990479, -101.806747437, 1.53223085403, 31.5830097198, -29.4245681763, 57.1475448608, 5.87361001968, 96.4915466309, 15.4740219116, 43.2925033569, -11.2688484192, 36.5746917725], [159.853317261, -65.7533416748, 61.9861412048, -26.7578315735, 8.53465461731, 15.4708490372, -13.0633506775, 42.7691345215, 15.4740219116, 74.7333679199, 12.3606834412, 26.7602233887, -18.8582725525], [-357.332550049, 88.6969528198, -94.1089477539, 20.9007606506, 6.12906265259, -29.8404445648, 39.6681938171, -22.7168979645, 43.2925033569, 12.3606834412, 86.5421676636, 12.4025115967, 45.8830337524], [10.4667615891, -66.1140213013, 56.5074691772, -19.2238121033, 9.6562128067, 9.93970394135, -3.66080355644, 23.2155056, -11.2688484192, 26.7602233887, 12.4025115967, 59.2315711975, 6.60491991043], [-415.048553467, 115.124298096, -114.727500916, 46.698348999, 11.7966356277, -34.1435203552, 55.2719688416, -31.5757160187, 36.5746917725, -18.8582725525, 45.8830337524, 6.60491991043, 89.2052154541]],
        "icov": [[0.000413774134358, -0.000787186087109, 0.00106228736695, -0.00146169902291, 0.000711333472282, -0.000362953578588, 0.00160169031005, -0.00189859501552, 0.00184033764526, -0.00141531531699, 0.00121811439749, -0.00109273684211, 0.00157566636335], [-0.000787186087109, 0.00576695101336, -0.0012209196575, 0.00106617156416, -0.00273957941681, 0.00418717321008, -0.00452534295619, 0.00335495476611, -0.00374646810815, 0.00358478282578, -0.0036789746955, 0.00506072212011, -0.00346560683101], [0.00106228736695, -0.0012209196575, 0.00542504666373, -0.00484136072919, 0.000245182629442, -0.000917435798328, 0.00430361367762, -0.00479093240574, 0.00589548749849, -0.00482743186876, 0.00436011375859, -0.00431037275121, 0.00592266442254], [-0.00146169902291, 0.00106617156416, -0.00484136072919, 0.0124876145273, -0.00261806487106, -0.00271300366148, -0.00518662016839, 0.0100005986169, -0.00544170523062, 0.00406041368842, -0.00465250154957, 0.00596329756081, -0.00983819179237], [0.000711333472282, -0.00273957941681, 0.000245182629442, -0.00261806487106, 0.0111209740862, -0.000676174939144, -0.00262328283861, -0.002848244505, 0.000918898673262, -0.00305936066434, 0.00436045881361, -0.0048718159087, 0.00451323762536], [-0.000362953578588, 0.00418717321008, -0.000917435798328, -0.00271300366148, -0.000676174939144, 0.014085217379, -0.00437106238678, -0.00437457067892, 0.000845668080729, 0.00225252960809, -0.00196323799901, 0.00340255303308, 0.000675588031299], [0.00160169031005, -0.00452534295619, 0.00430361367762, -0.00518662016839, -0.00262328283861, -0.00437106238678, 0.0238707978278, -0.0114595377818, 0.00279094395228, -0.000500435649883, 0.00121728959493, -0.0034651523456, -0.000250009994488], [-0.00189859501552, 0.00335495476611, -0.00479093240574, 0.0100005986169, -0.002848244505, -0.00437457067892, -0.0114595377818, 0.0291309654713, -0.0126557704061, -0.00137111963704, 0.00160520442296, -0.000673314032611, -0.00432296283543], [0.00184033764526, -0.00374646810815, 0.00589548749849, -0.00544170523062, 0.000918898673262, 0.000845668080729, 0.00279094395228, -0.0126557704061, 0.0315989777446, -0.0146021069959, -0.000615504162852, 0.00549303740263, 0.00168888142798], [-0.00141531531699, 0.00358478282578, -0.00482743186876, 0.00406041368842, -0.00305936066434, 0.00225252960809, -0.000500435649883, -0.00137111963704, -0.0146021069959, 0.0323311276734, -0.0120719717816, -0.00415393617004, 0.000884514884092], [0.00121811439749, -0.0036789746955, 0.00436011375859, -0.00465250154957, 0.00436045881361, -0.00196323799901, 0.00121728959493, 0.00160520442296, -0.000615504162852, -0.0120719717816, 0.0282891001552, -0.0116196172312, 0.000954542600084], [-0.00109273684211, 0.00506072212011, -0.00431037275121, 0.00596329756081, -0.0048718159087, 0.00340255303308, -0.0034651523456, -0.000673314032611, 0.00549303740263, -0.00415393617004, -0.0116196172312, 0.0362132675946, -0.0162604674697], [0.00157566636335, -0.00346560683101, 0.00592266442254, -0.00983819179237, 0.00451323762536, 0.000675588031299, -0.000250009994488, -0.00432296283543, 0.00168888142798, 0.000884514884092, 0.000954542600084, -0.0162604674697, 0.034275226295]]
    },
    "melbands": {
        "max": [0.00249241106212, 0.00669075362384, 0.0102377710864, 0.00615266431123, 0.00175533606671, 0.00113067077473, 0.00188426696695, 0.00108226307202, 0.00112561718561, 0.00192031753249, 0.00112532603089, 0.00169072079007, 0.00037103050272, 0.000637211080175, 0.000812925572973, 0.000655570533127, 0.000620820734184, 0.000710175314452, 0.000314216595143, 0.000344683678122, 0.000367188215023, 0.000326993555063, 0.000352651608409, 0.000360354984878, 0.000157656686497, 0.000221589521971, 0.00015085596533, 0.000228538541705, 0.000180187824299, 0.000120163538668, 7.61730771046e-05, 0.000106589563075, 8.50023279781e-05, 6.78229189361e-05, 2.88270966848e-05, 2.49895711022e-05, 1.74213946593e-05, 2.20482743316e-05, 1.96299442905e-05, 1.31831948238e-05],
        "mean": [0.000166749334312, 0.000388439337257, 0.000606100424193, 0.000397177325794, 0.000196397217223, 0.000138114948641, 0.000152301756316, 0.000111989909783, 0.000147736354847, 0.000135057242005, 9.46214204305e-05, 7.73840947659e-05, 5.2031242376e-05, 6.54677569401e-05, 7.02985489625e-05, 5.64943111385e-05, 6.14565215074e-05, 7.18796654837e-05, 4.9679314543e-05, 4.70500781375e-05, 4.82400828332e-05, 4.78951151308e-05, 3.51377675543e-05, 2.9138631362e-05, 2.5708004614e-05, 2.31383473874e-05, 2.02870942303e-05, 2.27835389524e-05, 2.08780365938e-05, 1.63891309057e-05, 1.25567385112e-05, 8.17467753222e-06, 6.4477808337e-06, 5.61153319723e-06, 4.36431628259e-06, 3.53279892806e-06, 2.42935470851e-06, 2.28640487876e-06, 1.69915256265e-06, 1.09796724246e-06],
        "min": [1.3834190586e-23, 2.04014607774e-23, 4.15380310557e-24, 6.40542157164e-24, 2.43971702411e-24, 9.8862052349e-24, 6.21532818158e-24, 2.76683634226e-24, 3.82810847021e-24, 9.09575083065e-24, 8.49015178004e-24, 5.15689141694e-24, 6.83933727357e-24, 5.23326064675e-24, 3.92753492098e-24, 6.87352887178e-24, 1.26072594429e-23, 7.99660726558e-24, 1.14596316977e-23, 8.76548632407e-24, 7.15844965353e-24, 7.43977875158e-24, 4.55390744024e-24, 1.05966052456e-23, 1.1507025672e-23, 1.00438149106e-23, 8.36671713648e-24, 5.58144531208e-24, 6.79547266293e-24, 1.08801928524e-23, 6.74514412604e-24, 6.38610946782e-24, 9.78592996979e-24, 7.9551486807e-24, 6.56503100973e-24, 8.88904402993e-24, 8.90409944031e-24, 8.2685923062e-24, 1.0146340007e-23, 8.45804040803e-24],
        "stdev": [0.000303288456053, 0.000762160401791, 0.00118225684855, 0.000581452273764, 0.000221587790293, 0.00016878185852, 0.000189965066966, 0.000137832714245, 0.000174672430148, 0.000223699127673, 0.000157768445206, 0.00015059101861, 5.49536671315e-05, 8.25850584079e-05, 9.36596115935e-05, 7.0214176958e-05, 8.29286364024e-05, 8.40808934299e-05, 5.03295523231e-05, 5.01166578033e-05, 4.60242226836e-05, 4.54877081211e-05, 3.80240271625e-05, 3.68643159163e-05, 2.3012940801e-05, 2.67518771579e-05, 1.80190454557e-05, 2.1842386559e-05, 1.87585301319e-05, 1.45568255903e-05, 1.13467922347e-05, 9.69766097114e-06, 8.29993859952e-06, 7.00175905877e-06, 5.382706604e-06, 4.3140607886e-06, 3.06763172375e-06, 3.03887327391e-06, 2.54355973084e-06, 1.68428596226e-06]
    },
    "melbands128": {
        "max": [0.000393594702473, 0.00178749347106, 0.00319327646866, 0.00893952604383, 0.00713607342914, 0.0134190088138, 0.0157912746072, 0.011472793296, 0.00865567103028, 0.0061523411423, 0.00624737422913, 0.00285336654633, 0.00160729058553, 0.00201927241869, 0.00115343637299, 0.00213892618194, 0.00227519543841, 0.00226975604892, 0.00353724812157, 0.00176850927528, 0.00138656061608, 0.00233822735026, 0.00190007523634, 0.00256099621765, 0.00394381489605, 0.000855507911183, 0.000489470781758, 0.00220486754552, 0.00126230833121, 0.00267848023213, 0.002002423862, 0.000696033937857, 0.000706518650986, 0.00029283418553, 0.000757392146625, 0.00113734067418, 0.00131791597232, 0.000329982140101, 0.00228224997409, 0.00130822486244, 0.000283387606032, 0.000798902241513, 0.000521208392456, 0.0015248026466, 0.00171944464091, 0.000670263078064, 0.00133898016065, 0.000291915232083, 0.000517988926731, 0.000982083030976, 0.000296209735097, 0.000271656259429, 0.00055159535259, 0.000427053135354, 0.000986189697869, 0.000363640428986, 0.000404107646318, 0.000940436904784, 0.000209601494134, 0.000246377836447, 0.000545166723896, 0.000518477172591, 0.000303317734506, 0.000202233917662, 0.000391321547795, 0.000203653660719, 0.000496832304634, 0.000206025710213, 0.00019048966351, 0.000306664180243, 0.000288987794193, 0.000297466292977, 0.000170764993527, 0.000219334222493, 0.000168417798704, 0.000160329378559, 0.000120933800645, 0.000137409791932, 9.97864044621e-05, 8.53603705764e-05, 8.97478385014e-05, 0.000182392381248, 0.000169406222994, 9.60539473454e-05, 9.27328219404e-05, 6.45949403406e-05, 7.18793671695e-05, 6.35003962088e-05, 4.85660639242e-05, 5.30125907972e-05, 3.87767904613e-05, 2.96527705359e-05, 4.02306359319e-05, 1.75611949089e-05, 2.25661897275e-05, 2.44822658715e-05, 2.7854262953e-05, 2.28681819863e-05, 1.9668304958e-05, 4.07362240367e-05, 1.02386939034e-05, 1.93500745809e-05, 1.42254039019e-05, 2.48418164119e-05, 2.32596958085e-05, 4.23219098593e-05, 3.5927274439e-05, 6.38059500488e-05, 2.67670966423e-05, 3.16617806675e-05, 2.00399372261e-05, 1.18805937745e-05, 3.38421773449e-06, 8.91726756436e-07, 1.25126689454e-06, 1.70962982793e-06, 1.92943574007e-07, 3.02300939836e-09, 2.83176571081e-09, 2.70953659509e-09, 2.62517318994e-09, 2.52778553644e-09, 2.46201103948e-09, 2.40219044656e-09, 2.3535742244e-09, 2.32333774441e-09, 2.29444796496e-09, 2.28011187708e-09],
        "mean": [2.29361558013e-05, 0.000110665358079, 0.000226194053539, 0.000276543898508, 0.00031121619395, 0.000491789309308, 0.000786298594903, 0.000624020409305, 0.000372414040612, 0.000411552551668, 0.000424055848271, 0.00023452519963, 0.000147652463056, 0.000121326498629, 0.000123249250464, 0.000156967595103, 0.000168342099641, 0.000160061419592, 0.00012091982353, 0.000101214420283, 9.87663370324e-05, 0.00016379194858, 0.000109262145997, 0.000178650487214, 0.00025118139456, 4.98743756907e-05, 4.95749300171e-05, 0.000130550790345, 9.71377812675e-05, 9.53489434323e-05, 6.48478453513e-05, 4.59336333734e-05, 6.96260176483e-05, 3.07956870529e-05, 6.15631361143e-05, 8.17540931166e-05, 6.68186839903e-05, 3.06304900732e-05, 0.00012433718075, 7.52602354623e-05, 2.84174493572e-05, 4.5106287871e-05, 4.83528456243e-05, 8.16417232272e-05, 8.59866631799e-05, 6.81845122017e-05, 6.11559735262e-05, 2.44772090809e-05, 4.95348140248e-05, 9.8107921076e-05, 2.90634689009e-05, 2.14955016418e-05, 4.51125561085e-05, 4.93523766636e-05, 7.8720280726e-05, 3.67731372535e-05, 3.36635021085e-05, 5.40746514162e-05, 2.56975581578e-05, 1.93405194295e-05, 3.0958923162e-05, 3.65913729183e-05, 2.71925819106e-05, 2.18764744204e-05, 2.39581331698e-05, 1.86173365364e-05, 3.09651150019e-05, 1.74850320036e-05, 1.40201163958e-05, 2.85749447357e-05, 2.44303137151e-05, 1.87706900761e-05, 2.19857956836e-05, 2.37160129473e-05, 1.49817069541e-05, 1.85234839591e-05, 1.56301484822e-05, 1.41639920912e-05, 1.27104431158e-05, 1.0581128663e-05, 8.04177761893e-06, 7.16941622159e-06, 7.94569768914e-06, 6.25573147772e-06, 5.28894315721e-06, 6.42503937343e-06, 5.65978825762e-06, 3.94619064537e-06, 4.57736950921e-06, 4.51655614597e-06, 3.68879250345e-06, 3.35495315085e-06, 3.01697173199e-06, 2.04721072805e-06, 2.41094744524e-06, 2.5213500976e-06, 2.2530523438e-06, 1.95889424504e-06, 1.86735599073e-06, 1.61657214903e-06, 8.022560678e-07, 1.21161622246e-06, 1.14784836569e-06, 9.5829818747e-07, 9.49788272919e-07, 9.33089438604e-07, 8.98890107237e-07, 8.55120731558e-07, 6.14179555214e-07, 6.28981695172e-07, 4.33861771398e-07, 2.40298817289e-07, 5.4713037656e-08, 1.06682236378e-08, 7.64126451003e-09, 8.00338728624e-09, 1.32571420508e-09, 8.95680231372e-12, 7.84975383306e-12, 7.54587104607e-12, 7.32055908947e-12, 7.08983739772e-12, 6.92773356042e-12, 6.75556095439e-12, 6.50810221686e-12, 6.19338825017e-12, 5.99645333388e-12, 5.94153242231e-12],
        "min": [7.84050983624e-24, 1.79896002068e-24, 1.45289119862e-23, 3.20894038094e-23, 2.15904729545e-23, 1.02432452583e-23, 3.18041225183e-24, 3.35699758217e-24, 4.11981818891e-24, 2.03582319887e-24, 4.72373341591e-24, 2.51433872979e-24, 7.67164765137e-25, 2.63937831087e-24, 8.23337282223e-24, 1.17572681284e-23, 4.53987636575e-24, 6.20263185974e-24, 4.96990732215e-24, 1.3298640806e-24, 2.66823839265e-24, 3.48850306165e-24, 4.38578500969e-24, 4.14263559616e-24, 3.23549722555e-24, 1.07851303802e-23, 1.32930024227e-24, 7.86678284868e-24, 6.55885383441e-24, 4.48500872321e-24, 2.18909808389e-24, 1.0983289873e-23, 6.12788807784e-24, 6.05574556476e-24, 4.54405535639e-24, 2.68726492883e-24, 3.33431822557e-24, 3.12549530548e-24, 3.98150286766e-24, 5.25539529489e-24, 7.83362308053e-24, 5.89882495906e-24, 9.13508422425e-24, 1.70185948684e-23, 5.69206609353e-24, 4.23421169763e-24, 8.97341349261e-24, 1.17071738832e-23, 1.05988527103e-23, 1.50556738557e-23, 6.0599206111e-24, 6.23510098017e-24, 2.91073068504e-24, 9.44021167808e-24, 6.00518076403e-24, 4.91229720467e-24, 9.64086554907e-24, 4.45618532345e-24, 3.34145150031e-24, 1.71948918701e-24, 6.80933610448e-24, 2.12483392468e-23, 1.03523115894e-23, 9.10950619825e-24, 5.16876574572e-24, 1.34066421749e-23, 6.37072510244e-24, 6.61320950622e-24, 4.66544211704e-24, 5.77945807676e-24, 6.95700455505e-24, 3.14842394212e-24, 5.58113607861e-24, 7.52408747196e-24, 6.82649382917e-24, 1.35359522544e-23, 9.36879294489e-24, 8.0967894451e-24, 3.51562409957e-24, 7.76300030799e-24, 9.73263452704e-24, 2.61921305398e-24, 6.34307118898e-24, 1.11647980898e-23, 1.03739137564e-23, 1.08258924009e-23, 4.81157504986e-24, 7.93481263543e-24, 2.57056538246e-24, 1.03745353788e-23, 9.41359551114e-24, 1.04456551337e-23, 4.83964982062e-24, 8.17315196958e-24, 1.29945491266e-23, 7.28871583253e-24, 5.05222219659e-24, 1.2355953602e-23, 8.95716926885e-24, 9.61257147498e-24, 1.08880309744e-23, 6.87649341106e-24, 6.05406529103e-24, 7.51286986989e-24, 5.86099395106e-24, 7.4041758812e-24, 8.90810212054e-24, 6.09214794566e-24, 8.4387527589e-24, 5.99170780863e-24, 7.60870305924e-24, 7.86895458276e-24, 7.61248328069e-24, 1.23617793398e-23, 1.01410191402e-23, 9.94379286984e-24, 8.40161713179e-24, 7.26057874176e-24, 7.2497705585e-24, 8.26145153729e-24, 9.09108077409e-24, 7.07401944857e-24, 7.9881743425e-24, 1.05687355787e-23, 1.06138024134e-23, 1.040253363e-23, 7.4366122639e-24, 9.63848634458e-24],
        "stdev": [3.98215270252e-05, 0.000205788106541, 0.000410848355386, 0.000781352806371, 0.000778909481596, 0.00109492882621, 0.00169969140552, 0.00130872672889, 0.000760294729844, 0.000651706010103, 0.000702620018274, 0.000319496204611, 0.000185576762306, 0.00017407546693, 0.00017106870655, 0.000273631478194, 0.000253360136412, 0.000242084002821, 0.000219969821046, 0.000187660087249, 0.000148378749145, 0.000276536418824, 0.000181279261597, 0.00030908692861, 0.000493029365316, 7.49488899601e-05, 6.99360607541e-05, 0.000305368623231, 0.000142111923196, 0.000236251929891, 0.00018110878591, 6.74309194437e-05, 9.3716342235e-05, 3.88001571991e-05, 9.68165331869e-05, 0.000125396400108, 0.000150071180542, 3.87773143302e-05, 0.000252896017628, 0.000138301722473, 3.97728472308e-05, 7.95093510533e-05, 6.89432417857e-05, 0.000189466081792, 0.00014796864707, 9.44521598285e-05, 0.000128877451061, 3.56127275154e-05, 6.30320937489e-05, 0.000134757661726, 3.68207802239e-05, 3.04168806906e-05, 6.2469371187e-05, 5.08592602273e-05, 0.000118432551972, 4.56916168332e-05, 4.45724472229e-05, 8.6210333393e-05, 3.01488234982e-05, 2.91030264634e-05, 5.74808436795e-05, 5.69759977225e-05, 3.30013936036e-05, 2.72858414974e-05, 3.26908630086e-05, 2.45655082836e-05, 5.42740781384e-05, 2.01749553526e-05, 1.64351531566e-05, 3.27668058162e-05, 2.82501041511e-05, 2.3976115699e-05, 2.14101219171e-05, 2.67515479209e-05, 1.71088813659e-05, 2.05795404327e-05, 1.67671623785e-05, 1.53259752551e-05, 1.32212571771e-05, 1.18094258141e-05, 1.08552285383e-05, 1.15820703286e-05, 1.28075816974e-05, 8.38430514705e-06, 7.63077332522e-06, 8.39591848489e-06, 8.13378937892e-06, 6.19270667812e-06, 6.24925132797e-06, 6.22579409537e-06, 5.2279801821e-06, 4.55893723483e-06, 4.58918793811e-06, 2.87990474135e-06, 3.30453599418e-06, 3.60660601473e-06, 3.47450850313e-06, 2.97817132378e-06, 2.8542549444e-06, 3.1761678656e-06, 1.28405486066e-06, 2.04326920539e-06, 1.83998872672e-06, 2.25831558964e-06, 2.13384214476e-06, 3.10327163788e-06, 3.06094534608e-06, 4.02682280765e-06, 2.23270467359e-06, 2.65727589976e-06, 1.8366479253e-06, 1.17097715702e-06, 3.10319535402e-07, 6.32155519042e-08, 6.14800939047e-08, 8.01206923029e-08, 1.15251319599e-08, 1.28884750095e-10, 1.20585250118e-10, 1.1538058009e-10, 1.11788182877e-10, 1.07640903135e-10, 1.04839859016e-10, 1.02293021276e-10, 1.00227999511e-10, 9.89500911763e-11, 9.77250849687e-11, 9.71152741558e-11]
    },
    "mfcc": {
        "mean": [-610.990966797, 79.3444976807, -22.5755977631, 26.2082042694, -6.4926700592, 6.79347753525, -4.333735466, -2.69117856026, 0.0987427532673, 0.0541994683444, -5.30603408813, 0.547622919083, -5.99741792679],
        "cov": [[6910.66503906, -65.8111343384, 419.192993164, -130.049972534, 171.213470459, -106.097709656, -55.0403785706, -56.3346443176, -103.920219421, 7.69579029083, -5.2284078598, -48.4314880371, 22.1108608246], [-65.8111343384, 469.300811768, -219.509384155, 139.179702759, -40.7118339539, -20.1074810028, -6.25968885422, -13.097442627, 38.4282913208, -28.604637146, 26.1373977661, 46.6540527344, -29.190788269], [419.192993164, -219.509384155, 475.860565186, -19.3249912262, 106.313079834, 33.5744552612, 29.1856384277, 1.26189231873, -36.1797294617, 14.9944000244, -26.719745636, -47.6644706726, 32.7272758484], [-130.049972534, 139.179702759, -19.3249912262, 207.960922241, 6.73427438736, 47.8165588379, 14.3832731247, -8.84745025635, 14.7386312485, -24.3527984619, -19.7208118439, 11.7948932648, 4.28445196152], [171.213470459, -40.7118339539, 106.313079834, 6.73427438736, 103.74331665, 24.0334796906, 18.3459014893, 8.93695831299, 5.26596593857, 9.82172489166, 4.78795099258, -9.35025882721, 8.17751026154], [-106.097709656, -20.1074810028, 33.5744552612, 47.8165588379, 24.0334796906, 90.2856292725, 29.6020755768, 16.7620429993, -0.131195381284, 5.35181427002, -11.2572250366, -11.9366016388, 7.30774593353], [-55.0403785706, -6.25968885422, 29.1856384277, 14.3832731247, 18.3459014893, 29.6020755768, 72.2406539917, 32.1549415588, 17.8161296844, 1.89371740818, 0.520806252956, -1.0442661047, 4.2419462204], [-56.3346443176, -13.097442627, 1.26189231873, -8.84745025635, 8.93695831299, 16.7620429993, 32.1549415588, 60.2693519592, 28.6026058197, 10.1169242859, 4.03725719452, -3.33449029922, -0.859067499638], [-103.920219421, 38.4282913208, -36.1797294617, 14.7386312485, 5.26596593857, -0.131195381284, 17.8161296844, 28.6026058197, 72.7888183594, 21.0364246368, 11.5363397598, 11.2786302567, -2.05665659904], [7.69579029083, -28.604637146, 14.9944000244, -24.3527984619, 9.82172489166, 5.35181427002, 1.89371740818, 10.1169242859, 21.0364246368, 56.862953186, 24.5782928467, 2.72894287109, 2.2864587307], [-5.2284078598, 26.1373977661, -26.719745636, -19.7208118439, 4.78795099258, -11.2572250366, 0.520806252956, 4.03725719452, 11.5363397598, 24.5782928467, 57.0596427917, 28.8370723724, 1.34062111378], [-48.4314880371, 46.6540527344, -47.6644706726, 11.7948932648, -9.35025882721, -11.9366016388, -1.0442661047, -3.33449029922, 11.2786302567, 2.72894287109, 28.8370723724, 58.9713363647, 14.8543863297], [22.1108608246, -29.190788269, 32.7272758484, 4.28445196152, 8.17751026154, 7.30774593353, 4.2419462204, -0.859067499638, -2.05665659904, 2.2864587307, 1.34062111378, 14.8543863297, 46.1687393188]],
        "icov": [[0.000168048951309, -0.000114533853775, -0.000121855897305, 9.26106586121e-05, -0.000266863149591, 0.000251200224739, 7.08098014002e-05, -1.77025667654e-05, 0.000237439890043, -0.000110818400572, 8.81693995325e-05, 5.69637631997e-05, -7.92630380602e-05], [-0.000114533853775, 0.00421882746741, 0.00133017008193, -0.00292232423089, 0.000199876099941, 0.00113845779561, -0.00032120605465, 0.000651671958622, -0.00129675364587, 0.00174202024937, -0.00236674584448, -0.000661375001073, 0.00201405910775], [-0.000121855897305, 0.00133017008193, 0.00397956557572, -0.000828494084999, -0.0029752634, 0.000834573002066, -0.0014272708213, 0.000419337360654, 0.00158384407405, -0.00121093622874, 0.000694913265761, 0.00178589962889, -0.00177512934897], [9.26106586121e-05, -0.00292232423089, -0.000828494084999, 0.00902705918998, -0.000423093879363, -0.00532878376544, -6.05201094004e-05, 0.00281830946915, -0.00251097185537, 0.00219575990923, 0.00358439399861, -0.00225604698062, -0.0007648691535], [-0.000266863149591, 0.000199876099941, -0.0029752634, -0.000423093879363, 0.0144060179591, -0.00297934631817, -0.000786404707469, 0.00041375120054, -0.00285693909973, 0.00132092856802, -0.00427873525769, 0.00161766423844, -0.000186508405022], [0.000251200224739, 0.00113845779561, 0.000834573002066, -0.00532878376544, -0.00297934631817, 0.0183669347316, -0.0049959262833, -0.00378923024982, 0.00486920541152, -0.00509968167171, 0.0021004518494, 0.00276211742312, -0.00196875934489], [7.08098014002e-05, -0.00032120605465, -0.0014272708213, -6.05201094004e-05, -0.000786404707469, -0.0049959262833, 0.0213511921465, -0.00915716867894, -0.00260436534882, 0.00333578162827, -0.00140571326483, -0.000986946746707, -0.000344557367498], [-1.77025667654e-05, 0.000651671958622, 0.000419337360654, 0.00281830946915, 0.00041375120054, -0.00378923024982, -0.00915716867894, 0.0277347490191, -0.0099123204127, 0.00129922514316, -0.00158941082191, 0.00243628351018, 0.000502017384861], [0.000237439890043, -0.00129675364587, 0.00158384407405, -0.00251097185537, -0.00285693909973, 0.00486920541152, -0.00260436534882, -0.0099123204127, 0.023749159649, -0.010535989888, 0.0036705317907, -0.00302424537949, 0.000413015834056], [-0.000110818400572, 0.00174202024937, -0.00121093622874, 0.00219575990923, 0.00132092856802, -0.00509968167171, 0.00333578162827, 0.00129922514316, -0.010535989888, 0.0297643300146, -0.0148111246526, 0.00452165212482, -0.000868090428412], [8.81693995325e-05, -0.00236674584448, 0.000694913265761, 0.00358439399861, -0.00427873525769, 0.0021004518494, -0.00140571326483, -0.00158941082191, 0.0036705317907, -0.0148111246526, 0.0350106656551, -0.0165644530207, 0.00337097654119], [5.69637631997e-05, -0.000661375001073, 0.00178589962889, -0.00225604698062, 0.00161766423844, 0.00276211742312, -0.000986946746707, 0.00243628351018, -0.00302424537949, 0.00452165212482, -0.0165644530207, 0.0319087766111, -0.012233777903], [-7.92630380602e-05, 0.00201405910775, -0.00177512934897, -0.0007648691535, -0.000186508405022, -0.00196875934489, -0.000344557367498, 0.000502017384861, 0.000413015834056, -0.000868090428412, 0.00337097654119, -0.012233777903, 0.0285856258124]]
    },
    "spectral_contrast_coeffs": {
        "max": [-0.496881783009, -0.602300047874, -0.621832728386, -0.633467078209, -0.705395936966, -0.59226667881],
        "mean": [-0.714331448078, -0.796051204205, -0.776874482632, -0.777511537075, -0.78442543745, -0.698989510536],
        "min": [-0.965936183929, -0.993336141109, -0.983213126659, -0.979452192783, -0.96396946907, -0.958476483822],
        "stdev": [0.0693422481418, 0.0525925382972, 0.0545329898596, 0.0492709837854, 0.0358015075326, 0.0480202324688]
    },
    "spectral_contrast_valleys": {
        "max": [-5.5778670311, -4.96123981476, -5.69731903076, -6.01259040833, -5.48051309586, -8.00055122375],
        "mean": [-7.22699308395, -6.72163963318, -7.37443637848, -7.29007863998, -6.88534975052, -10.0504951477],
        "min": [-27.5374889374, -27.9535102844, -27.652381897, -27.2701377869, -27.4885578156, -27.2526416779],
        "stdev": [1.55511569977, 1.54698336124, 1.43288123608, 1.4390642643, 1.48755800724, 1.56685948372]
    }
},
"rhythm": {
    "beats_count": 30,
    "beats_loudness": {
        "max": 0.0524412803352,
        "mean": 0.0244454685599,
        "min": 0.00520891882479,
        "stdev": 0.0114435423166
    },
    "bpm": 144.807342529,
    "bpm_histogram_first_peak_bpm": 144,
    "bpm_histogram_first_peak_weight": 0.5,
    "bpm_histogram_second_peak_bpm": 152,
    "bpm_histogram_second_peak_spread": 0,
    "bpm_histogram_second_peak_weight": 0.24137930572,
    "danceability": 1.14291059971,
    "onset_rate": 2.89983081818,
    "beats_loudness_band_ratio": {
        "max": [0.608823597431, 0.328639626503, 0.386182188988, 0.425676018, 0.374866038561, 0.301063597202],
        "mean": [0.214341551065, 0.136920526624, 0.15350189805, 0.169856101274, 0.192723929882, 0.176594942808],
        "min": [0.0450573712587, 0.0246264785528, 0.0419256798923, 0.0506503209472, 0.0671350285411, 0.0398083254695],
        "stdev": [0.150364756584, 0.0816902890801, 0.085671454668, 0.0876488760114, 0.0792817920446, 0.0655591189861]
    },
    "beats_position": [0.383129239082, 0.777868449688, 1.16099774837, 1.55573689938, 1.95047616959, 2.34521532059, 2.73995471001, 3.14630389214, 3.56426286697, 3.95900225639, 4.3653512001, 4.76009082794, 5.16644001007, 5.5727891922, 5.99074840546, 6.40870714188, 6.82666635513, 7.24462556839, 7.67419481277, 8.10376358032, 8.54494285583, 8.96290206909, 9.38086128235, 9.78721046448, 10.1935596466, 10.6115188599, 11.0294780731, 11.4358272552, 11.8421764374, 12.2601356506],
