{
"metadata": {
    "version": {
        "essentia": "2.1-beta5",
        "essentia_git_sha": "Undefined",
        "extractor": "music 2.0"
    },
    "audio_properties": {
        "analysis": {
            "equal_loudness": 0,
            "length": 48.7502937317,
            "sample_rate": 44100,
            "start_time": 12.7477550507,
            "downmix": "mix"
        },
        "bit_rate": 192000,
        "length": 186.224029541,
        "lossless": 0,
        "number_channels": 2,
        "replay_gain": -7.76434326172,
        "sample_rate": 44100,
        "codec": "mp3",
        "md5_encoded": "810bd15a5ef6f2acb53ac8bebe242fa5"
    },
    "tags": {
        "file_name": "Yugoslavia_Ciao Amore_Vlado and Isolda.mp3",
        "encoding": ["Lavf58.29.100"]
    }
},
"lowlevel": {
    "average_loudness": 0.960759103298,
    "barkbands_crest": {
        "max": 25.635383606,
        "mean": 9.87588977814,
        "min": 2.11729741096,
        "stdev": 4.78562545776
    },
    "barkbands_flatness_db": {
        "max": 0.336213171482,
        "mean": 0.131026685238,
        "min": 0.0405159108341,
        "stdev": 0.048760343343
    },
    "barkbands_kurtosis": {
        "max": 176.709472656,
        "mean": 6.2648601532,
        "min": -1.89796376228,
        "stdev": 12.4743432999
    },
    "barkbands_skewness": {
        "max": 9.63367462158,
        "mean": 1.54458343983,
        "min": -3.40562438965,
        "stdev": 1.65235006809
    },
    "barkbands_spread": {
        "max": 107.995170593,
        "mean": 27.5410175323,
        "min": 0.950731813908,
        "stdev": 18.9425735474
    },
    "dissonance": {
        "max": 0.500000059605,
        "mean": 0.460672020912,
        "min": 0.285254925489,
        "stdev": 0.0319759920239
    },
    "dynamic_complexity": 2.44786024094,
    "erbbands_crest": {
        "max": 29.9744682312,
        "mean": 9.99468612671,
        "min": 2.41512870789,
        "stdev": 5.43731117249
    },
    "erbbands_flatness_db": {
        "max": 0.309284418821,
        "mean": 0.161407887936,
        "min": 0.0824749693274,
        "stdev": 0.0374313928187
    },
    "erbbands_kurtosis": {
        "max": 65.5846862793,
        "mean": 1.51524853706,
        "min": -1.77695381641,
        "stdev": 4.57411003113
    },
    "erbbands_skewness": {
        "max": 7.47106122971,
        "mean": 0.364624142647,
        "min": -4.4802775383,
        "stdev": 1.31679749489
    },
    "erbbands_spread": {
        "max": 134.896057129,
        "mean": 46.0269737244,
        "min": 4.52689313889,
        "stdev": 22.9612560272
    },
    "hfc": {
        "max": 339.881347656,
        "mean": 25.806558609,
        "min": 0.0473329052329,
        "stdev": 30.9673862457
    },
    "loudness_ebu128": {
        "integrated": -16.7894821167,
        "loudness_range": 3.75985145569,
        "momentary": {
            "max": -12.5875778198,
            "mean": -17.264913559,
            "min": -22.8189296722,
            "stdev": 2.08317923546
        },
        "short_term": {
            "max": -14.1060638428,
            "mean": -16.9973583221,
            "min": -19.7593727112,
            "stdev": 1.20356857777
        }
    },
    "melbands_crest": {
        "max": 31.3439254761,
        "mean": 13.0306615829,
        "min": 3.11603760719,
        "stdev": 5.64530944824
    },
    "melbands_flatness_db": {
        "max": 0.406812876463,
        "mean": 0.175709307194,
        "min": 0.0389454178512,
        "stdev": 0.0697479844093
    },
    "melbands_kurtosis": {
        "max": 345.851898193,
        "mean": 20.0882301331,
        "min": -1.85109257698,
        "stdev": 31.348236084
    },
    "melbands_skewness": {
        "max": 13.7935390472,
        "mean": 2.99369192123,
        "min": -1.649132967,
        "stdev": 2.09092116356
    },
    "melbands_spread": {
        "max": 221.218673706,
        "mean": 34.6997032166,
        "min": 0.673056125641,
        "stdev": 38.8826675415
    },
    "pitch_salience": {
        "max": 0.862597107887,
        "mean": 0.589007794857,
        "min": 0.150181666017,
        "stdev": 0.125933915377
    },
    "silence_rate_20dB": {
        "max": 1,
        "mean": 1,
        "min": 1,
        "stdev": 0
    },
    "silence_rate_30dB": {
        "max": 1,
        "mean": 1,
        "min": 1,
        "stdev": 0
    },
    "silence_rate_60dB": {
        "max": 1,
        "mean": 0.0223702993244,
        "min": 0,
        "stdev": 0.147882953286
    },
    "spectral_centroid": {
        "max": 5121.65087891,
        "mean": 1540.79736328,
        "min": 288.324462891,
        "stdev": 964.993164062
    },
    "spectral_complexity": {
        "max": 59,
        "mean": 17.4169445038,
        "min": 0,
        "stdev": 10.7394886017
    },
    "spectral_decrease": {
        "max": -1.91274357464e-11,
        "mean": -5.01282393373e-09,
        "min": -1.9908775073e-08,
        "stdev": 3.30857163888e-09
    },
    "spectral_energy": {
        "max": 0.0788130238652,
        "mean": 0.0212602429092,
        "min": 7.64846627135e-05,
        "stdev": 0.0134660676122
    },
    "spectral_energyband_high": {
        "max": 0.0512122176588,
        "mean": 0.00196698051877,
        "min": 2.55519421444e-06,
        "stdev": 0.00404924852774
    },
    "spectral_energyband_low": {
        "max": 0.0413249321282,
        "mean": 0.00292371795513,
        "min": 2.93812081509e-05,
        "stdev": 0.00427902955562
    },
    "spectral_energyband_middle_high": {
        "max": 0.0556375347078,
        "mean": 0.00420293677598,
        "min": 6.51845675748e-06,
        "stdev": 0.00610367162153
    },
    "spectral_energyband_middle_low": {
        "max": 0.0718944519758,
        "mean": 0.0127439768985,
        "min": 4.67644749733e-05,
        "stdev": 0.0113280173391
    },
    "spectral_entropy": {
        "max": 8.77780532837,
        "mean": 7.57243728638,
        "min": 5.65852546692,
        "stdev": 0.49528080225
    },
    "spectral_flux": {
        "max": 0.215372994542,
        "mean": 0.0754949599504,
        "min": 0.0123049765825,
        "stdev": 0.0382468290627
    },
    "spectral_kurtosis": {
        "max": 13.0937232971,
        "mean": 2.5071644783,
        "min": -1.2788630724,
        "stdev": 1.92776465416
    },
    "spectral_rms": {
        "max": 0.00876873731613,
        "mean": 0.00431638397276,
        "min": 0.000273165118415,
        "stdev": 0.00145277171396
    },
    "spectral_rolloff": {
        "max": 10960.4003906,
        "mean": 2236.44067383,
        "min": 150.732421875,
        "stdev": 2412.1484375
    },
    "spectral_skewness": {
        "max": 3.03782010078,
        "mean": 1.18856823444,
        "min": -0.199042379856,
        "stdev": 0.486367851496
    },
    "spectral_spread": {
        "max": 18883332,
        "mean": 5431982,
        "min": 2298076.25,
        "stdev": 1860694.25
    },
    "spectral_strongpeak": {
        "max": 13.8152732849,
        "mean": 1.21197748184,
        "min": 0,
        "stdev": 1.55426084995
    },
    "zerocrossingrate": {
        "max": 0.37646484375,
        "mean": 0.0844703316689,
        "min": 0.0078125,
        "stdev": 0.0632039383054
    },
    "barkbands": {
        "max": [0.00152950175107, 0.0118335103616, 0.0260585620999, 0.0207634661347, 0.0525817871094, 0.0577972754836, 0.0375853180885, 0.0269571654499, 0.0262216050178, 0.00854121986777, 0.0167412068695, 0.00465233810246, 0.0110635915771, 0.0187544990331, 0.0112611465156, 0.0389891006052, 0.00881301425397, 0.00932395271957, 0.0100162718445, 0.0122236832976, 0.0096325436607, 0.0239058919251, 0.0172432232648, 0.01003916841, 0.00690156640485, 7.68384998082e-05, 1.21520770335e-06],
        "mean": [0.000360871868907, 0.000988423475064, 0.00110100046732, 0.00141135428566, 0.00484245596454, 0.00333768036216, 0.000934623472858, 0.00103479612153, 0.00103239063174, 0.000436507718405, 0.000412473717006, 0.000200202164706, 0.000355386786396, 0.000543190224562, 0.000373082613805, 0.00067144294735, 0.000382700935006, 0.000302250206005, 0.000415252230596, 0.000382105179597, 0.000384610291803, 0.000434886431322, 0.000396862102207, 0.000277106912108, 0.000243897215114, 4.64732102046e-06, 4.99241537e-08],
        "min": [3.46851891209e-07, 8.29350767617e-07, 1.87970073284e-07, 2.13619728129e-06, 1.13268661153e-05, 4.57408077637e-06, 1.73777254986e-06, 1.71437591234e-06, 1.43750116877e-06, 1.08639483187e-07, 5.75251362989e-07, 2.53326177813e-08, 6.81566092453e-08, 2.91184562684e-07, 2.53514883752e-07, 2.55272169625e-07, 4.37849166701e-07, 1.00017636839e-07, 1.01849835232e-07, 1.40058432407e-07, 2.59619298504e-07, 3.16493867558e-07, 5.04008255575e-07, 4.60944050928e-07, 3.00836831002e-07, 3.2463244537e-08, 3.76674351432e-11],
        "stdev": [0.000154632129124, 0.00152746518143, 0.00227203057148, 0.00223430176266, 0.00651131663471, 0.00652600359172, 0.00233039492741, 0.00235016155057, 0.00267403852195, 0.000796469277702, 0.00106219120789, 0.000421825214289, 0.000877742306329, 0.00161088036839, 0.000947135733441, 0.00219015520997, 0.000744092976674, 0.000656305113807, 0.000819959968794, 0.000716759066563, 0.000864105473738, 0.00132420554291, 0.00128693459556, 0.00070911354851, 0.000662182748783, 7.05178945282e-06, 8.34257249949e-08]
    },
    "erbbands": {
        "max": [0.166705861688, 3.38478064537, 24.6703166962, 52.4920425415, 76.0488967896, 229.848632812, 503.068847656, 679.826538086, 434.009033203, 506.388671875, 760.173034668, 833.260925293, 217.807800293, 369.105163574, 709.573120117, 191.700271606, 564.970214844, 1124.82849121, 583.549438477, 946.439880371, 1450.80615234, 321.518280029, 542.977050781, 753.082763672, 343.826385498, 611.650878906, 420.011932373, 399.07333374, 808.376586914, 762.677062988, 486.087554932, 233.175979614, 163.921051025, 105.473297119, 40.8370513916, 1.63798868656, 0.132525637746, 0.00957597792149, 0.000557174615096, 0.000202268449357],
        "mean": [0.0194084234536, 0.25951564312, 1.11388075352, 3.41977667809, 7.16243171692, 16.7414913177, 34.4606895447, 23.192609787, 12.9664669037, 16.5809612274, 25.6816234589, 27.4338512421, 12.6396350861, 13.7761602402, 18.2618370056, 8.61412715912, 16.0613994598, 32.9471549988, 19.4390487671, 28.2532062531, 29.4176082611, 20.5336894989, 17.2422637939, 20.9558620453, 19.0747451782, 17.7845916748, 17.8687705994, 14.1771841049, 15.069858551, 14.9938106537, 10.8919038773, 6.49661540985, 4.2715139389, 2.78221106529, 1.6183693409, 0.107882976532, 0.00987655855715, 0.000828550662845, 5.08302073285e-05, 3.32664130838e-05],
        "min": [7.80867630965e-05, 0.000282024702756, 0.00186243501958, 0.0301916487515, 0.0481246747077, 0.0326501503587, 0.0466087609529, 0.0755084380507, 0.0640673264861, 0.015685884282, 0.0670892670751, 0.0858557000756, 0.0434588976204, 0.0405616946518, 0.0185846146196, 0.00792694184929, 0.0339167453349, 0.0187555775046, 0.0203042272478, 0.0164344087243, 0.0239956304431, 0.0209364648908, 0.00581474462524, 0.00469176657498, 0.00641116127372, 0.00705102551728, 0.00436325045303, 0.0167464483529, 0.0129423160106, 0.00777287548408, 0.0161209907383, 0.0197632610798, 0.00272037996911, 0.000851297518238, 0.00310662062839, 0.000533848826308, 7.88307297626e-05, 1.13165669973e-05, 1.64293237503e-06, 1.39496592055e-06],
        "stdev": [0.0230727847666, 0.436527401209, 2.22612833977, 5.43567800522, 7.73596715927, 26.8853187561, 64.5359344482, 51.1436576843, 27.9517440796, 35.3540687561, 65.0781707764, 70.4463729858, 21.1511764526, 29.4185943604, 46.100933075, 15.6635217667, 36.2361755371, 96.0250396729, 47.5323982239, 68.6595153809, 86.2569885254, 38.3475532532, 34.1324005127, 46.2279129028, 34.9378318787, 34.3295860291, 36.0065460205, 32.4496116638, 45.7755775452, 47.5601882935, 35.0046157837, 16.9703788757, 11.2897090912, 8.46239185333, 4.10023450851, 0.187761664391, 0.0146817294881, 0.00111397786532, 7.30640604161e-05, 2.52208446909e-05]
    },
    "gfcc": {
        "mean": [-2.61510586739, 79.5462722778, -117.644096375, 48.1632499695, -81.8456115723, 11.8751153946, -51.7224502563, 3.32119965553, -27.0214881897, -1.37420547009, -16.6554832458, -6.04627084732, -5.87489175797],
        "cov": [[2320.00170898, -697.206420898, -562.920288086, 66.6768341064, 5.61600399017, 74.3394775391, -24.130777359, 137.366134644, -83.1006317139, 58.8982925415, -53.7363853455, -12.6628742218, -27.0488815308], [-697.206420898, 1221.67053223, -67.3419342041, -94.7885131836, 293.116241455, -188.353927612, 235.633483887, -60.5964317322, 91.4793701172, -49.3322639465, 86.6307601929, -43.1457710266, 26.8072052002], [-562.920288086, -67.3419342041, 939.790222168, 99.6422805786, -186.278778076, 114.761886597, -110.846611023, 47.5258407593, -38.5346908569, -7.10563611984, -17.9507961273, 24.6771125793, -17.2385807037], [66.6768341064, -94.7885131836, 99.6422805786, 412.290863037, 125.277664185, -17.5580043793, 20.5657653809, 0.955029964447, 40.5889511108, -7.52784967422, -26.0173339844, -36.4637184143, -1.7018134594], [5.61600399017, 293.116241455, -186.278778076, 125.277664185, 405.163848877, -3.21587014198, 54.6464424133, 31.6998405457, 21.9803752899, 35.2493019104, -31.4809970856, -38.8814315796, 0.143807917833], [74.3394775391, -188.353927612, 114.761886597, -17.5580043793, -3.21587014198, 228.512283325, 23.4251918793, 46.4806442261, -23.7102394104, 16.9382076263, -23.729341507, -20.2236118317, -48.8381156921], [-24.130777359, 235.633483887, -110.846611023, 20.5657653809, 54.6464424133, 23.4251918793, 228.681442261, 33.2460594177, 14.2269659042, -10.2518358231, 16.5018806458, -37.1096420288, -33.3890457153], [137.366134644, -60.5964317322, 47.5258407593, 0.955029964447, 31.6998405457, 46.4806442261, 33.2460594177, 149.631958008, -2.97506999969, 16.5733985901, -30.335723877, -12.5420799255, -15.9639081955], [-83.1006317139, 91.4793701172, -38.5346908569, 40.5889511108, 21.9803752899, -23.7102394104, 14.2269659042, -2.97506999969, 109.453308105, 0.91562217474, 7.96551322937, -18.8593215942, -0.0218228921294], [58.8982925415, -49.3322639465, -7.10563611984, -7.52784967422, 35.2493019104, 16.9382076263, -10.2518358231, 16.5733985901, 0.91562217474, 96.7572021484, -5.9674487114, -9.50151348114, -12.3778219223], [-53.7363853455, 86.6307601929, -17.9507961273, -26.0173339844, -31.4809970856, -23.729341507, 16.5018806458, -30.335723877, 7.96551322937, -5.9674487114, 84.3168563843, 22.4155216217, 6.58411645889], [-12.6628742218, -43.1457710266, 24.6771125793, -36.4637184143, -38.8814315796, -20.2236118317, -37.1096420288, -12.5420799255, -18.8593215942, -9.50151348114, 22.4155216217, 84.9450454712, 27.4808654785], [-27.0488815308, 26.8072052002, -17.2385807037, -1.7018134594, 0.143807917833, -48.8381156921, -33.3890457153, -15.9639081955, -0.0218228921294, -12.3778219223, 6.58411645889, 27.4808654785, 83.9493484497]],
        "icov": [[0.000770056794863, 1.86863235285e-05, 0.000829555676319, -0.000612732837908, 0.000529449491296, -0.000409499072703, 0.000530143326614, -0.0010010052938, 0.000791343685705, -0.000334232725436, -1.7387799744e-05, -5.753741425e-05, 0.000152561420691], [1.86863235285e-05, 0.00592793012038, -0.00351947196759, 0.00537049723789, -0.00695020938292, 0.00591918453574, -0.00681857764721, 0.0035627107136, -0.00375508773141, 0.00327689945698, -0.00359829328954, 0.00302102253772, -0.00130431505386], [0.000829555676319, -0.00351947196759, 0.00454822555184, -0.004631689284, 0.005551061593, -0.00472553493455, 0.0054092486389, -0.00385274365544, 0.00345290335827, -0.00226683076471, 0.00197472912259, -0.00212713354267, 0.0010994640179], [-0.000612732837908, 0.00537049723789, -0.004631689284, 0.00861115008593, -0.00794637575746, 0.00624746875837, -0.00697582866997, 0.00456639006734, -0.00502951443195, 0.00378882256337, -0.0025380179286, 0.00357213919051, -0.00135986378882], [0.000529449491296, -0.00695020938292, 0.005551061593, -0.00794637575746, 0.0120560470968, -0.00746842147782, 0.00803468842059, -0.00549523998052, 0.00501874508336, -0.00528909964487, 0.00496855704114, -0.00315382983536, 0.00101813743822], [-0.000409499072703, 0.00591918453574, -0.00472553493455, 0.00624746875837, -0.00746842147782, 0.0119793545455, -0.00763545790687, 0.00327301444486, -0.0032899773214, 0.00302558531985, -0.00266644288786, 0.00350143201649, 0.00120980036445], [0.000530143326614, -0.00681857764721, 0.0054092486389, -0.00697582866997, 0.00803468842059, -0.00763545790687, 0.0142020219937, -0.00647911522537, 0.00495097273961, -0.00260036252439, 0.00157693983056, -0.00150689377915, 0.00326572358608], [-0.0010010052938, 0.0035627107136, -0.00385274365544, 0.00456639006734, -0.00549523998052, 0.00327301444486, -0.00647911522537, 0.0117913037539, -0.00365674495697, 0.00132310774643, 0.000827898853458, 0.00131717300974, -0.000881910265889], [0.000791343685705, -0.00375508773141, 0.00345290335827, -0.00502951443195, 0.00501874508336, -0.0032899773214, 0.00495097273961, -0.00365674495697, 0.0135596897453, -0.00257503986359, 0.000549471413251, 0.000494013482239, 0.00083139812341], [-0.000334232725436, 0.00327689945698, -0.00226683076471, 0.00378882256337, -0.00528909964487, 0.00302558531985, -0.00260036252439, 0.00132310774643, -0.00257503986359, 0.0134535506368, -0.00259473267943, 0.00262686074711, 0.000770389626268], [-1.7387799744e-05, -0.00359829328954, 0.00197472912259, -0.0025380179286, 0.00496855704114, -0.00266644288786, 0.00157693983056, 0.000827898853458, 0.000549471413251, -0.00259473267943, 0.0176064781845, -0.00617424352095, 0.000980208977126], [-5.753741425e-05, 0.00302102253772, -0.00212713354267, 0.00357213919051, -0.00315382983536, 0.00350143201649, -0.00150689377915, 0.00131717300974, 0.000494013482239, 0.00262686074711, -0.00617424352095, 0.0179114639759, -0.00464572710916], [0.000152561420691, -0.00130431505386, 0.0010994640179, -0.00135986378882, 0.00101813743822, 0.00120980036445, 0.00326572358608, -0.000881910265889, 0.00083139812341, 0.000770389626268, 0.000980208977126, -0.00464572710916, 0.0159667450935]]
    },
    "melbands": {
        "max": [0.00232095364481, 0.00987846869975, 0.00885760691017, 0.00783793721348, 0.0131596866995, 0.0136525938287, 0.00752289732918, 0.00491566071287, 0.0061870678328, 0.00510326493531, 0.00117767055053, 0.00155123008881, 0.0024001672864, 0.00076922896551, 0.000715298810974, 0.00136494776234, 0.00248461263254, 0.00077196379425, 0.000692822562996, 0.00324995745905, 0.00108794262633, 0.000427294289693, 0.000300839630654, 0.000666623876896, 0.000754368433263, 0.000353487732355, 0.000426010490628, 0.000382370402804, 0.000264343456365, 0.000230045523494, 0.000279782252619, 0.000417316739913, 0.000560648157261, 0.000432781409472, 0.000308036454953, 0.000201013448532, 0.000130167492898, 0.00013087685511, 8.27857584227e-05, 0.000124182508443],
        "mean": [0.000234863822698, 0.000529093493242, 0.000686425948516, 0.000794346502516, 0.00118611287326, 0.000525080307852, 0.000198009496671, 0.000184009069926, 0.000219851455768, 0.000156096706633, 5.72948738409e-05, 5.38752756256e-05, 6.07997862971e-05, 2.94718938676e-05, 2.19734010898e-05, 3.95058486902e-05, 6.56017073197e-05, 2.678842975e-05, 2.70750642812e-05, 5.57215171284e-05, 2.76972841675e-05, 2.18325094465e-05, 1.75951154233e-05, 1.46809297803e-05, 1.75334644155e-05, 1.37099950734e-05, 1.22157889564e-05, 1.1794346392e-05, 1.19703354358e-05, 9.05980141397e-06, 7.8211132859e-06, 8.30749650049e-06, 8.86055750016e-06, 8.05670970294e-06, 6.76478794048e-06, 4.36666232417e-06, 3.88522994399e-06, 3.23545805259e-06, 2.18347940972e-06, 2.49728623203e-06],
        "min": [1.09480049559e-06, 1.09266761683e-06, 5.07288768858e-06, 2.84132215711e-06, 1.53767689426e-06, 9.79381297839e-07, 8.79086655914e-07, 1.49461257593e-07, 6.55993460441e-07, 4.54228768376e-07, 7.13125132279e-08, 2.08484465247e-08, 5.38921476334e-08, 6.14925133036e-09, 1.81465455995e-08, 4.35513598518e-08, 3.01546876358e-08, 2.91274631081e-08, 3.30274119165e-08, 1.40023947992e-08, 2.27022827204e-08, 2.56526213605e-08, 8.60458282403e-09, 4.15103018625e-09, 3.72822039907e-09, 3.6446419216e-09, 5.80883741108e-09, 4.41522196581e-09, 1.93407045934e-09, 5.00090235889e-09, 1.13651630329e-08, 9.27539733908e-09, 3.18467652249e-09, 4.41796155215e-09, 8.10357470016e-09, 1.31896449318e-09, 1.07662811999e-09, 4.21809864815e-10, 3.29471894212e-10, 4.63696914199e-10],
        "stdev": [0.000304081622744, 0.000943307124544, 0.000924323569052, 0.000971789413597, 0.00197264668532, 0.00108940096106, 0.000460355106043, 0.000372330454411, 0.000562115048524, 0.000415676186094, 0.000100156736153, 0.000121515928186, 0.000157070273417, 6.42589802737e-05, 4.30675245298e-05, 9.88623141893e-05, 0.00020852414309, 6.66485866532e-05, 6.44071187708e-05, 0.000179753158591, 7.52485429985e-05, 4.41580996267e-05, 3.26761000906e-05, 3.71788992197e-05, 4.30304426118e-05, 2.68517469522e-05, 2.50748144026e-05, 2.30421592278e-05, 2.32185502682e-05, 2.16795924644e-05, 1.87123023352e-05, 2.53299822361e-05, 2.92696659017e-05, 2.70447580988e-05, 2.30810419453e-05, 1.24999032778e-05, 1.0401497093e-05, 8.88443264557e-06, 6.07823449172e-06, 8.43292036734e-06]
    },
    "melbands128": {
        "max": [0.000631607719697, 0.00118836725596, 0.00337058003061, 0.00679462589324, 0.011597446166, 0.0128529779613, 0.0113584045321, 0.0102076465264, 0.00903455168009, 0.0103491470218, 0.0164351016283, 0.0238889753819, 0.024258416146, 0.015339333564, 0.0218205228448, 0.0243009291589, 0.00800328701735, 0.0120528945699, 0.0116292322055, 0.00965963117778, 0.00801900308579, 0.00803822092712, 0.0117526492104, 0.0100517431274, 0.00958738196641, 0.00676321657375, 0.00154948548879, 0.00198373920284, 0.00255527859554, 0.00268667261116, 0.00217780075036, 0.00154388998635, 0.00437999516726, 0.00403949245811, 0.0013090565335, 0.000865032838192, 0.000753583619371, 0.000427942897659, 0.00172009237576, 0.0023912366014, 0.00272504333407, 0.00247255433351, 0.00414135958999, 0.00216790940613, 0.000617461686488, 0.000854704121593, 0.00304420827888, 0.000787239172496, 0.000966804334894, 0.0036411692854, 0.00468628108501, 0.00623726285994, 0.00082361191744, 0.00219390983693, 0.000690325920004, 0.000906058005057, 0.00048289221013, 0.000666248088237, 0.000509575009346, 0.000983177684247, 0.00137319695204, 0.0007958887727, 0.00175252521876, 0.00133123714477, 0.000788754783571, 0.000481456780108, 0.00067021290306, 0.000351339578629, 0.000625093001872, 0.000747305282857, 0.000397606898332, 0.000317005004035, 0.000308209884679, 0.000544941343833, 0.000464625918539, 0.000240361201577, 0.000510856800247, 0.000263191876002, 0.000315631972626, 0.000467961159302, 0.000413234927692, 0.000577637867536, 0.000613309326582, 0.000667885993607, 0.000472547486424, 0.000480926770251, 0.000450814375654, 0.000369327550288, 0.000393836671719, 0.000419107382186, 0.000287214876153, 0.000163357472047, 0.000177725858521, 0.000162022697623, 0.000157694637892, 0.000161583899171, 0.00013219343964, 0.000141734213685, 8.34698148537e-05, 0.000165167148225, 0.000106498133391, 0.000195865781279, 0.00018486319459, 0.000124494690681, 5.23576709384e-05, 1.22200872283e-05, 1.16819383038e-05, 3.21483912558e-06, 9.53320693498e-07, 6.28242844414e-07, 4.88960210987e-07, 4.91239291023e-07, 5.38718211374e-07, 3.09753346528e-07, 9.48665075384e-08, 1.21380281826e-07, 4.26518518282e-08, 5.72382141684e-09, 5.55104762157e-09, 5.39745848016e-09, 5.27184029764e-09, 5.18395371074e-09, 5.06832353864e-09, 4.98434582497e-09, 4.91705609562e-09, 4.86503237696e-09, 4.81372053329e-09, 4.79182560298e-09],
        "mean": [0.00010289621423, 0.000128374013002, 0.000264070898993, 0.000483517418616, 0.000522380461916, 0.000567604380194, 0.000694700109307, 0.000690808519721, 0.000747594924178, 0.000600931409281, 0.000903963344172, 0.00140686682425, 0.00131578091532, 0.000886831432581, 0.000610258895904, 0.000268765870715, 0.0001556538773, 0.000217487831833, 0.000202876093681, 0.000178940361366, 0.000177243782673, 0.000182227915502, 0.000257223757217, 0.000200397669687, 0.000231239842833, 0.000110519133159, 4.02947443945e-05, 7.10881868144e-05, 4.45558107458e-05, 6.36443000985e-05, 5.35803301318e-05, 3.903724064e-05, 7.06492573954e-05, 7.65357181081e-05, 2.92058193736e-05, 1.88971116586e-05, 2.1724461476e-05, 1.08913836812e-05, 3.23750136886e-05, 3.78227887268e-05, 3.82953985536e-05, 4.50033439847e-05, 9.50564281084e-05, 5.70625597902e-05, 1.41675518535e-05, 2.17645683733e-05, 4.73576874356e-05, 1.67280213645e-05, 2.02464925678e-05, 4.40759758931e-05, 6.37910343357e-05, 7.61995470384e-05, 1.53735891217e-05, 1.75540917553e-05, 2.41480138357e-05, 2.34758481383e-05, 1.71642604982e-05, 2.24532032007e-05, 1.59381161211e-05, 1.18638945423e-05, 1.67898888321e-05, 1.37465149237e-05, 1.82204894372e-05, 2.17796805373e-05, 9.73731675913e-06, 1.29789104903e-05, 1.76515604835e-05, 1.16395131045e-05, 1.14443300845e-05, 1.14377653517e-05, 1.11367962745e-05, 1.21996990856e-05, 1.35857371788e-05, 1.19231117424e-05, 1.06230490928e-05, 8.38769938127e-06, 9.30432270252e-06, 7.94199968368e-06, 7.4957229117e-06, 7.65041659179e-06, 8.12251073512e-06, 8.73428143677e-06, 8.43223460834e-06, 9.10092967388e-06, 8.92754724191e-06, 8.73615681485e-06, 7.49122182242e-06, 7.14404359314e-06, 7.26109919924e-06, 6.25213169769e-06, 4.66021901957e-06, 3.84484155802e-06, 3.70995940102e-06, 3.9314127207e-06, 4.02009345635e-06, 3.65316350326e-06, 3.08746575683e-06, 2.67457994596e-06, 2.02239402824e-06, 2.37868107433e-06, 1.28423096157e-06, 2.68896087618e-06, 3.51090170625e-06, 3.7059025999e-06, 1.82134021998e-06, 6.68526070058e-07, 5.80393589189e-07, 9.85482202509e-08, 3.13496784088e-08, 2.89005246401e-08, 2.76804197341e-08, 2.71226650028e-08, 2.8412861397e-08, 2.11948663065e-08, 8.43660252769e-09, 6.140483233e-09, 2.03604821891e-09, 8.64044859966e-12, 6.26403573109e-12, 6.08536615196e-12, 5.93321052011e-12, 5.81512442366e-12, 5.68139979507e-12, 5.57676257604e-12, 5.49585463944e-12, 5.43669232897e-12, 5.38496894645e-12, 5.35050476147e-12],
        "min": [1.27527925997e-07, 3.84983337653e-07, 1.26161566527e-07, 1.4019165917e-07, 2.98949061062e-07, 7.97771662064e-08, 1.87679734154e-06, 5.89471483181e-07, 9.72131147137e-07, 1.84902853562e-06, 1.54971064603e-06, 1.12148393328e-06, 1.41254065511e-06, 2.51826321573e-07, 4.85085081436e-07, 1.29811240868e-07, 4.31086988328e-08, 2.92838802096e-08, 3.54544340553e-08, 1.25577095389e-08, 6.12527912836e-08, 2.79222035715e-07, 4.71709817873e-08, 4.81611772685e-09, 6.01240790488e-09, 1.58097590575e-09, 1.72519176722e-09, 2.18035878241e-09, 4.37240066375e-09, 4.44711689696e-09, 3.72711950192e-09, 2.94926527644e-09, 3.70998476384e-09, 2.61988208905e-09, 1.13257114798e-09, 1.44016798487e-09, 2.95046931331e-10, 5.31012733784e-10, 2.44003328653e-09, 2.84916135129e-09, 3.03770053556e-09, 1.75489789367e-09, 3.75603592673e-09, 1.79266712586e-09, 5.54680246179e-10, 7.75292330335e-10, 1.27363430913e-09, 1.15851206406e-09, 5.14484588265e-09, 2.78127010311e-09, 3.64470231773e-09, 1.55761670229e-09, 9.86621451204e-10, 8.21857693012e-10, 6.57649312785e-09, 2.12065187633e-09, 4.07109146394e-09, 1.77090864195e-09, 4.71198369212e-09, 1.86409820913e-09, 2.68071165266e-09, 5.75916481171e-10, 1.13745701746e-09, 2.35200592336e-09, 3.59312268827e-09, 4.88126428166e-10, 1.19694687495e-09, 1.63533842024e-09, 4.72126293616e-09, 1.64554536664e-09, 4.38606484465e-09, 3.2699905006e-09, 7.33230920424e-10, 1.35618716257e-09, 1.12158726751e-09, 3.17000337091e-09, 5.86168447114e-09, 1.91315741027e-09, 1.38651234938e-09, 3.29102478602e-09, 4.36916680613e-09, 8.61347160264e-10, 6.60226096016e-10, 1.19749410388e-09, 1.71369829438e-09, 1.11785736223e-09, 1.28578414582e-09, 1.74480430104e-09, 1.91670990191e-09, 9.58677026652e-10, 4.09359962594e-10, 1.16662748906e-10, 3.7957276211e-10, 1.82845336094e-10, 6.19687842707e-11, 2.32739286177e-10, 3.0024827069e-10, 2.67211808236e-10, 1.97352120757e-10, 2.98227588458e-11, 4.24870798266e-11, 1.2996655141e-10, 1.39626171736e-10, 3.21548232485e-10, 1.39680322864e-09, 9.0895307947e-10, 6.91439128175e-11, 1.18846935331e-12, 1.03491976274e-12, 1.08808697729e-12, 9.54030474412e-13, 8.83275711686e-13, 1.69672153931e-12, 8.27761123534e-11, 2.70401687152e-11, 8.29677992975e-12, 2.93122866474e-13, 1.09782300438e-13, 9.00938598356e-14, 9.09365491979e-14, 1.08137159166e-13, 1.0055338181e-13, 1.04836813872e-13, 1.02940937296e-13, 8.94587884131e-14, 1.02982015005e-13, 8.67981833868e-14, 9.60342916301e-14],
        "stdev": [7.78622634243e-05, 0.00015958386939, 0.0003863699676, 0.000876988691743, 0.00111899175681, 0.00114083616063, 0.00122021674179, 0.00107223680243, 0.000886674446519, 0.000903617765289, 0.00180213106796, 0.0027348480653, 0.00304801389575, 0.00202936399728, 0.00174885685556, 0.000820519344416, 0.000339401740348, 0.000701034849044, 0.000680859724525, 0.000507245655172, 0.000426591926953, 0.000567205133848, 0.000893646210898, 0.000663096783683, 0.00072885514237, 0.000378509779694, 0.000106008279545, 0.000143811412272, 0.000118729687529, 0.00017809944984, 0.000159666349646, 0.000116359929962, 0.000234788181842, 0.000235961430008, 8.92078969628e-05, 5.58010215173e-05, 5.12307087774e-05, 2.83648441837e-05, 8.21536086733e-05, 0.00011477717635, 0.000142015662277, 0.000169780279975, 0.000355253665475, 0.000187573357834, 3.9155180275e-05, 6.73335161991e-05, 0.000196103472263, 4.9089143431e-05, 7.43859200156e-05, 0.000166378580616, 0.000235998799326, 0.000347340042936, 4.53434113297e-05, 7.12413529982e-05, 5.4617634305e-05, 6.76894924254e-05, 4.26537262683e-05, 5.37321793672e-05, 3.74869341613e-05, 3.36968369083e-05, 6.75892151776e-05, 4.38099377789e-05, 6.09220187471e-05, 6.48147106403e-05, 2.67627474386e-05, 3.0082252124e-05, 4.39499308413e-05, 2.48619799095e-05, 2.9999671824e-05, 3.22742052958e-05, 2.49742442975e-05, 2.58259096881e-05, 2.56243438344e-05, 2.98037102766e-05, 2.78018997051e-05, 2.13768980757e-05, 2.88395567623e-05, 2.07393277378e-05, 1.93539635802e-05, 2.21181908273e-05, 2.58041491179e-05, 3.01980489894e-05, 3.08130729536e-05, 3.34631076839e-05, 2.87317070615e-05, 2.99035982607e-05, 2.80644035229e-05, 2.67458017333e-05, 2.62094054051e-05, 2.12086961255e-05, 1.49143515955e-05, 1.09255597636e-05, 1.12151410576e-05, 1.15198281492e-05, 1.16447772598e-05, 1.07726918941e-05, 9.44478961173e-06, 7.88790384831e-06, 5.72315320824e-06, 7.77348395786e-06, 5.47922718397e-06, 1.00545003079e-05, 1.27955636344e-05, 1.10292712634e-05, 4.25516009273e-06, 1.08157246359e-06, 9.39485857998e-07, 2.09093386161e-07, 5.53891155164e-08, 4.59866598135e-08, 4.28675086539e-08, 4.31999929162e-08, 4.39640039929e-08, 3.15048005461e-08, 1.09540456705e-08, 9.13654840673e-09, 3.2871920741e-09, 1.25636029358e-10, 1.21757437466e-10, 1.18396029092e-10, 1.15642342924e-10, 1.13707258886e-10, 1.11173292794e-10, 1.09331363407e-10, 1.07852005105e-10, 1.06710577874e-10, 1.05583430887e-10, 1.05095994407e-10]
    },
    "mfcc": {
        "mean": [-638.721191406, 97.0274658203, 16.4407424927, 27.8447666168, -2.39950895309, 2.63562965393, -10.7769737244, -3.17562174797, -6.31177854538, -1.34711408615, -5.59042024612, -3.83043670654, -5.27164983749],
        "cov": [[2809.44946289, -805.854980469, -699.597961426, -63.2801628113, -85.1361083984, -68.9322433472, 55.2672462463, -13.9990434647, 48.9599647522, 51.4009361267, -48.8794517517, -1.96887302399, 50.190372467], [-805.854980469, 1224.86425781, -245.984527588, 84.9596862793, -43.3276138306, 0.093782171607, 49.5313072205, 33.4612007141, -27.1989459991, 40.3397026062, -2.09134960175, 27.4451713562, -6.19304227829], [-699.597961426, -245.984527588, 1012.28942871, -89.1490478516, 29.5679664612, -22.0654277802, -27.271364212, 9.18181419373, -40.2423171997, -57.9714546204, 32.4747695923, -15.3826141357, -26.189655304], [-63.2801628113, 84.9596862793, -89.1490478516, 425.1640625, 86.4569702148, 35.8824958801, -6.55216026306, -4.59216117859, 46.2637825012, 31.0651283264, -39.0868110657, 4.61697435379, 26.4860458374], [-85.1361083984, -43.3276138306, 29.5679664612, 86.4569702148, 282.183135986, 24.672990799, -7.9646654129, -26.3339557648, 53.6978759766, -6.27311515808, -0.168370932341, -10.8035898209, 3.8108856678], [-68.9322433472, 0.093782171607, -22.0654277802, 35.8824958801, 24.672990799, 156.399047852, 27.6195640564, 10.722448349, -1.61080908775, 18.8315105438, 28.6323776245, 1.4468780756, -8.72195529938], [55.2672462463, 49.5313072205, -27.271364212, -6.55216026306, -7.9646654129, 27.6195640564, 176.725921631, 36.8313980103, 36.9191894531, 16.5760192871, 25.8512859344, 7.11496639252, 15.6240739822], [-13.9990434647, 33.4612007141, 9.18181419373, -4.59216117859, -26.3339557648, 10.722448349, 36.8313980103, 125.666564941, 18.5981807709, 12.0932865143, 12.7824039459, 0.212814614177, 1.21730482578], [48.9599647522, -27.1989459991, -40.2423171997, 46.2637825012, 53.6978759766, -1.61080908775, 36.9191894531, 18.5981807709, 124.805610657, 38.1318016052, 5.74195146561, -10.5126342773, 15.7202625275], [51.4009361267, 40.3397026062, -57.9714546204, 31.0651283264, -6.27311515808, 18.8315105438, 16.5760192871, 12.0932865143, 38.1318016052, 119.761482239, 29.0745429993, -8.88571929932, -3.44528198242], [-48.8794517517, -2.09134960175, 32.4747695923, -39.0868110657, -0.168370932341, 28.6323776245, 25.8512859344, 12.7824039459, 5.74195146561, 29.0745429993, 99.7295761108, 10.1740312576, -11.2225790024], [-1.96887302399, 27.4451713562, -15.3826141357, 4.61697435379, -10.8035898209, 1.4468780756, 7.11496639252, 0.212814614177, -10.5126342773, -8.88571929932, 10.1740312576, 80.0001296997, 19.7210159302], [50.190372467, -6.19304227829, -26.189655304, 26.4860458374, 3.8108856678, -8.72195529938, 15.6240739822, 1.21730482578, 15.7202625275, -3.44528198242, -11.2225790024, 19.7210159302, 85.3312301636]],
        "icov": [[0.000736628717277, 0.000649488938507, 0.000643747276627, 8.29456694191e-05, 0.000121472032333, 0.000445156474598, -0.000401892961236, -5.20755456819e-05, 0.000225145544391, -0.000394510716433, 0.00027756075724, -6.49093126412e-05, -0.000105798870209], [0.000649488938507, 0.00149301777128, 0.000774041749537, -0.000136405375088, 0.000127007966512, 0.000586742593441, -0.000659603101667, -0.000287748523988, 0.000701687473338, -0.000648562738206, 0.00028145921533, -0.000324145046761, 0.00014189913054], [0.000643747276627, 0.000774041749537, 0.0016895517474, 0.00014980470587, -0.000102609876194, 0.000626441615168, -0.000292223790893, -0.000308194285026, 0.000570393051021, 0.000115640730655, -0.000297401420539, 0.000169769075001, 9.73451460595e-05], [8.29456694191e-05, -0.000136405375088, 0.00014980470587, 0.00296732457355, -0.000746896490455, -0.000777237699367, 0.000298252358334, -6.32499040876e-06, -0.000651889364235, -0.000865424924996, 0.0015582209453, -0.000427781109465, -0.000645394902676], [0.000121472032333, 0.000127007966512, -0.000102609876194, -0.000746896490455, 0.0044932551682, -0.000715706555638, 0.000377948803362, 0.00112878740765, -0.00229059276171, 0.00110313424375, -0.000449567218311, 0.000422749057179, 8.86781781446e-05], [0.000445156474598, 0.000586742593441, 0.000626441615168, -0.000777237699367, -0.000715706555638, 0.00776001624763, -0.00141974422149, -0.000551052100491, 0.00163791025989, -0.000949264038354, -0.00180753855966, 2.71150729532e-05, 0.000723152945284], [-0.000401892961236, -0.000659603101667, -0.000292223790893, 0.000298252358334, 0.000377948803362, -0.00141974422149, 0.00718807242811, -0.00130355800502, -0.00228678341955, 0.000585697183851, -0.00143692956772, -0.000184147822438, -0.00115476734936], [-5.20755456819e-05, -0.000287748523988, -0.000308194285026, -6.32499040876e-06, 0.00112878740765, -0.000551052100491, -0.00130355800502, 0.0089970799163, -0.00157635216601, 2.65827347903e-05, -0.000505315023474, 0.000124162412249, 0.000117039773613], [0.000225145544391, 0.000701687473338, 0.000570393051021, -0.000651889364235, -0.00229059276171, 0.00163791025989, -0.00228678341955, -0.00157635216601, 0.0118055772036, -0.0035024357494, 2.77009894489e-05, 0.00133765174542, -0.0016150015872], [-0.000394510716433, -0.000648562738206, 0.000115640730655, -0.000865424924996, 0.00110313424375, -0.000949264038354, 0.000585697183851, 2.65827347903e-05, -0.0035024357494, 0.0112703628838, -0.00364835932851, 0.00153078488074, 0.000501853763126], [0.00027756075724, 0.00028145921533, -0.000297401420539, 0.0015582209453, -0.000449567218311, -0.00180753855966, -0.00143692956772, -0.000505315023474, 2.77009894489e-05, -0.00364835932851, 0.0133419092745, -0.00262786983512, 0.00159749074373], [-6.49093126412e-05, -0.000324145046761, 0.000169769075001, -0.000427781109465, 0.000422749057179, 2.71150729532e-05, -0.000184147822438, 0.000124162412249, 0.00133765174542, 0.00153078488074, -0.00262786983512, 0.0143125988543, -0.00362266507], [-0.000105798870209, 0.00014189913054, 9.73451460595e-05, -0.000645394902676, 8.86781781446e-05, 0.000723152945284, -0.00115476734936, 0.000117039773613, -0.0016150015872, 0.000501853763126, 0.00159749074373, -0.00362266507, 0.0136666167527]]
    },
    "spectral_contrast_coeffs": {
        "max": [-0.290654569864, -0.424695789814, -0.474099636078, -0.464598357677, -0.471106648445, -0.479737043381],
        "mean": [-0.656335175037, -0.758034348488, -0.739349782467, -0.746910214424, -0.763552606106, -0.713559687138],
        "min": [-0.877942442894, -0.929213881493, -0.932010531425, -0.918467104435, -0.893886744976, -0.85898154974],
        "stdev": [0.0847034528852, 0.0713376626372, 0.0767638087273, 0.0781515166163, 0.0673128291965, 0.0693401321769]
    },
    "spectral_contrast_valleys": {
        "max": [-5.29901695251, -4.81823396683, -5.78068161011, -5.37729406357, -5.42103672028, -7.18871593475],
        "mean": [-6.85014629364, -6.68242120743, -8.0721321106, -8.21651172638, -7.73052501678, -10.2987756729],
        "min": [-9.27685546875, -8.91499042511, -11.3872365952, -10.859951973, -10.8674907684, -13.1845350266],
        "stdev": [0.658294200897, 0.600458562374, 0.82485973835, 0.841362833977, 0.839284300804, 1.16703307629]
    }
},
"rhythm": {
    "beats_count": 115,
    "beats_loudness": {
        "max": 0.0773256197572,
        "mean": 0.0273409634829,
        "min": 0.00366930873133,
        "stdev": 0.0130761060864
    },
    "bpm": 142.496566772,
    "bpm_histogram_first_peak_bpm": 144,
    "bpm_histogram_first_peak_weight": 0.272727251053,
    "bpm_histogram_second_peak_bpm": 136,
    "bpm_histogram_second_peak_spread": 0,
    "bpm_histogram_second_peak_weight": 0.0263157896698,
    "danceability": 1.04398691654,
    "onset_rate": 4.2451171875,
    "beats_loudness_band_ratio": {
        "max": [0.917592644691, 0.849605321884, 0.73402428627, 0.524551987648, 0.471439063549, 0.86100178957],
        "mean": [0.305424302816, 0.304063230753, 0.151366665959, 0.0773117989302, 0.078223451972, 0.121513493359],
        "min": [0.0110301598907, 0.0264260154217, 0.00404115347192, 0.00206642574631, 0.00137650500983, 0.00427602091804],
        "stdev": [0.208820104599, 0.214670479298, 0.134148091078, 0.084681250155, 0.0924301147461, 0.143861487508]
    },
