{
"metadata": {
    "version": {
        "essentia": "2.1-beta5",
        "essentia_git_sha": "Undefined",
        "extractor": "music 2.0"
    },
    "audio_properties": {
        "analysis": {
            "equal_loudness": 0,
            "length": 12.7477550507,
            "sample_rate": 44100,
            "start_time": 0,
            "downmix": "mix"
        },
        "bit_rate": 192000,
        "length": 162.586120605,
        "lossless": 0,
        "number_channels": 2,
        "replay_gain": -18.4479026794,
        "sample_rate": 44100,
        "codec": "mp3",
        "md5_encoded": "b0fe9189e6bada4fc360f284096c8b64"
    },
    "tags": {
        "file_name": "Belgium_Avanti La Vie_Jacques Zegers.mp3",
        "encoding": ["Lavf58.29.100"]
    }
},
"lowlevel": {
    "average_loudness": 0.833766937256,
    "barkbands_crest": {
        "max": 25.0538768768,
        "mean": 10.9663791656,
        "min": 3.21925520897,
        "stdev": 3.69775080681
    },
    "barkbands_flatness_db": {
        "max": 0.319309830666,
        "mean": 0.194434702396,
        "min": 0.0259468909353,
        "stdev": 0.0607849061489
    },
    "barkbands_kurtosis": {
        "max": 111.472373962,
        "mean": 21.1726951599,
        "min": -1.78092455864,
        "stdev": 19.3066749573
    },
    "barkbands_skewness": {
        "max": 9.17980098724,
        "mean": 3.14907765388,
        "min": -1.91310679913,
        "stdev": 1.70081710815
    },
    "barkbands_spread": {
        "max": 71.7484664917,
        "mean": 10.2759847641,
        "min": 1.1421816349,
        "stdev": 12.0762844086
    },
    "dissonance": {
        "max": 0.500000059605,
        "mean": 0.452735751867,
        "min": 0.273188143969,
        "stdev": 0.0445589534938
    },
    "dynamic_complexity": 4.39198160172,
    "erbbands_crest": {
        "max": 28.3013973236,
        "mean": 10.5731945038,
        "min": 2.4535677433,
        "stdev": 4.66800069809
    },
    "erbbands_flatness_db": {
        "max": 0.338072687387,
        "mean": 0.178548842669,
        "min": 0.0715597197413,
        "stdev": 0.0478179305792
    },
    "erbbands_kurtosis": {
        "max": 23.2268199921,
        "mean": 3.46037864685,
        "min": -1.82233214378,
        "stdev": 4.30812978745
    },
    "erbbands_skewness": {
        "max": 4.20711326599,
        "mean": 1.40060806274,
        "min": -1.89193129539,
        "stdev": 1.15648019314
    },
    "erbbands_spread": {
        "max": 123.581634521,
        "mean": 34.8052215576,
        "min": 4.6176109314,
        "stdev": 21.1762676239
    },
    "hfc": {
        "max": 45.5068969727,
        "mean": 7.45538425446,
        "min": 1.13964974331e-16,
        "stdev": 9.3001499176
    },
    "loudness_ebu128": {
        "integrated": -7.23804855347,
        "loudness_range": 5.0365447998,
        "momentary": {
            "max": -1.53199648857,
            "mean": -8.77348041534,
            "min": -19.0573215485,
            "stdev": 3.6638405323
        },
        "short_term": {
            "max": -4.7707529068,
            "mean": -8.10023498535,
            "min": -11.3840723038,
            "stdev": 1.84397482872
        }
    },
    "melbands_crest": {
        "max": 29.953207016,
        "mean": 14.805644989,
        "min": 1.42333126068,
        "stdev": 4.48415708542
    },
    "melbands_flatness_db": {
        "max": 0.436403781176,
        "mean": 0.28672298789,
        "min": 0.00136513181496,
        "stdev": 0.0751554071903
    },
    "melbands_kurtosis": {
        "max": 226.898651123,
        "mean": 37.1301994324,
        "min": -1.20527815819,
        "stdev": 34.0271377563
    },
    "melbands_skewness": {
        "max": 11.0575895309,
        "mean": 3.88038229942,
        "min": -0.0280806329101,
        "stdev": 2.02126526833
    },
    "melbands_spread": {
        "max": 135.660873413,
        "mean": 9.89521789551,
        "min": 1.16411280632,
        "stdev": 14.1490697861
    },
    "pitch_salience": {
        "max": 0.932240009308,
        "mean": 0.623602032661,
        "min": 0.290797144175,
        "stdev": 0.101748928428
    },
    "silence_rate_20dB": {
        "max": 1,
        "mean": 1,
        "min": 1,
        "stdev": 0
    },
    "silence_rate_30dB": {
        "max": 1,
        "mean": 1,
        "min": 1,
        "stdev": 0
    },
    "silence_rate_60dB": {
        "max": 1,
        "mean": 0.196363642812,
        "min": 0,
        "stdev": 0.397246867418
    },
    "spectral_centroid": {
        "max": 11766.5878906,
        "mean": 721.812683105,
        "min": 190.709625244,
        "stdev": 769.445556641
    },
    "spectral_complexity": {
        "max": 31,
        "mean": 8.64545440674,
        "min": 0,
        "stdev": 5.50105237961
    },
    "spectral_decrease": {
        "max": -8.25212893107e-29,
        "mean": -5.29554622375e-09,
        "min": -2.67963020661e-08,
        "stdev": 5.64482371956e-09
    },
    "spectral_energy": {
        "max": 0.103445000947,
        "mean": 0.0206628348678,
        "min": 1.064841881e-20,
        "stdev": 0.0220417771488
    },
    "spectral_energyband_high": {
        "max": 0.00321633252315,
        "mean": 9.0265275503e-05,
        "min": 7.70461952705e-21,
        "stdev": 0.000251768593444
    },
    "spectral_energyband_low": {
        "max": 0.0663690119982,
        "mean": 0.00653669890016,
        "min": 5.36987778712e-23,
        "stdev": 0.00968077313155
    },
    "spectral_energyband_middle_high": {
        "max": 0.0144862476736,
        "mean": 0.00083534483565,
        "min": 1.51545657743e-21,
        "stdev": 0.0016361430753
    },
    "spectral_energyband_middle_low": {
        "max": 0.0907252952456,
        "mean": 0.0155332479626,
        "min": 4.17039231398e-22,
        "stdev": 0.0177423432469
    },
    "spectral_entropy": {
        "max": 9.79839134216,
        "mean": 6.93261384964,
        "min": 5.77637863159,
        "stdev": 0.557614684105
    },
    "spectral_flux": {
        "max": 0.272939354181,
        "mean": 0.060627989471,
        "min": 1.03191177825e-10,
        "stdev": 0.0484948568046
    },
    "spectral_kurtosis": {
        "max": 26.6851596832,
        "mean": 7.47940349579,
        "min": -1.19375431538,
        "stdev": 5.19577217102
    },
    "spectral_rms": {
        "max": 0.0100459912792,
        "mean": 0.00386804272421,
        "min": 3.22315069599e-12,
        "stdev": 0.00227971817367
    },
    "spectral_rolloff": {
        "max": 18820.0195312,
        "mean": 725.317260742,
        "min": 150.732421875,
        "stdev": 1363.03271484
    },
    "spectral_skewness": {
        "max": 4.0882434845,
        "mean": 2.02608895302,
        "min": -0.0969925224781,
        "stdev": 0.775885879993
    },
    "spectral_spread": {
        "max": 41435072,
        "mean": 4129928,
        "min": 1831655.375,
        "stdev": 2022585.25
    },
    "spectral_strongpeak": {
        "max": 5.00252628326,
        "mean": 0.637598156929,
        "min": 0,
        "stdev": 0.938043296337
    },
    "zerocrossingrate": {
        "max": 0.52880859375,
        "mean": 0.0365900211036,
        "min": 0.0068359375,
        "stdev": 0.038014639169
    },
    "barkbands": {
        "max": [0.00179344438948, 0.0209460966289, 0.0352107584476, 0.0407796055079, 0.0298232100904, 0.0595255643129, 0.0800060033798, 0.0460537448525, 0.0189362615347, 0.0095347808674, 0.00984261929989, 0.00710414163768, 0.00164335302543, 0.00187350600027, 0.00130886142142, 0.000384414743166, 0.00363139226101, 0.000817196210846, 0.00155658868607, 0.00230524432845, 0.00129947904497, 0.000494219362736, 0.00017998131807, 0.00010510442371, 5.10144263899e-06, 3.55091401616e-06, 3.33425896315e-06],
        "mean": [7.43788477848e-05, 0.000736661546398, 0.00342356157489, 0.0039778444916, 0.00458879861981, 0.00151091907173, 0.00305109401233, 0.00161892245524, 0.000728235114366, 0.000137319424539, 8.64217436174e-05, 0.000120997385238, 9.84319121926e-05, 8.59236752149e-05, 3.36826815328e-05, 2.21980353672e-05, 0.000137502865982, 4.49006947747e-05, 6.99058946338e-05, 5.83469736739e-05, 3.17394951708e-05, 1.20897448141e-05, 6.08698019278e-06, 3.92694437323e-06, 1.83066879345e-06, 9.55377572609e-07, 1.79565802227e-07],
        "min": [1.65482759967e-23, 2.15617363295e-23, 2.22271531248e-23, 4.78331521234e-23, 4.5265709644e-23, 8.96433196809e-23, 3.95584051244e-23, 1.11571803756e-22, 7.13757181858e-23, 6.29783569586e-23, 6.56789370707e-23, 1.74725496095e-22, 6.76969631731e-23, 2.23050383086e-22, 6.52912024694e-23, 2.10770557717e-22, 1.96371246111e-22, 2.52263227693e-22, 8.75297719892e-23, 2.59994216025e-22, 5.33507917622e-22, 4.13802705498e-22, 6.1054739205e-22, 1.0157070093e-21, 1.30309128375e-21, 1.71468825843e-21, 2.28111815628e-21],
        "stdev": [0.000158607479534, 0.00212692841887, 0.00517484219745, 0.00515370070934, 0.00456208409742, 0.00336158880964, 0.0104548269883, 0.00516576459631, 0.00215024407953, 0.000496935797855, 0.000580968800932, 0.000538348336704, 0.000208232042496, 0.000218403059989, 0.000107419225969, 4.43181197625e-05, 0.000366816384485, 8.56594269862e-05, 0.000166347876075, 0.000196585693629, 9.92399363895e-05, 4.03185549658e-05, 1.80603383342e-05, 8.25149709271e-06, 5.11706787165e-07, 2.28033826488e-07, 1.6461021346e-07]
    },
    "erbbands": {
        "max": [0.188822388649, 6.52439117432, 37.6271209717, 97.7970809937, 66.2177276611, 172.641143799, 163.710342407, 653.756896973, 1227.66760254, 1334.87280273, 333.384521484, 604.800964355, 320.897979736, 274.221832275, 271.545227051, 278.874938965, 68.330368042, 75.8329696655, 67.3217544556, 73.3474273682, 22.6721134186, 251.821685791, 47.7863349915, 46.7528533936, 104.31072998, 66.4767532349, 119.052429199, 32.3623046875, 18.6424102783, 10.3700532913, 4.6587100029, 3.13772439957, 1.02267503738, 0.0958290845156, 0.0305019859225, 0.0145787615329, 0.00614183209836, 0.0023296084255, 0.000480853836052, 0.000113839312689],
        "mean": [0.0130889862776, 0.24507202208, 2.95076322556, 10.2490816116, 10.2398843765, 17.9977416992, 15.8507223129, 14.3156032562, 43.6136207581, 42.6429252625, 24.0818977356, 19.6779289246, 7.19877529144, 3.7766597271, 3.70245242119, 4.85340023041, 4.71287631989, 4.8477268219, 2.42731189728, 1.59772574902, 1.64630079269, 8.73389148712, 3.36604237556, 2.66993570328, 3.77551937103, 2.12640619278, 2.20543265343, 0.861419439316, 0.455020487309, 0.281939446926, 0.162008196115, 0.0999945476651, 0.0550472587347, 0.0240754149854, 0.0113921044394, 0.00488979043439, 0.00159130978864, 0.00047893676674, 2.12909781112e-05, 2.3456681447e-05],
        "min": [9.71663680653e-22, 3.84576986681e-21, 2.37949198388e-20, 6.95933351099e-20, 1.54395652402e-19, 1.54348270463e-19, 4.53541475502e-19, 7.30352297614e-19, 6.23192962113e-19, 1.14599101328e-18, 2.71517589975e-18, 1.4500521633e-18, 1.5216751476e-18, 2.27888093322e-18, 6.34636664675e-18, 4.68879513369e-18, 3.62259696083e-18, 9.31291053374e-18, 6.86256788084e-18, 4.64718629452e-18, 1.38998602953e-17, 1.110100453e-17, 1.39416858558e-17, 6.01494846253e-18, 7.12045094938e-18, 1.08870145599e-17, 2.35230115352e-17, 1.65087085379e-17, 1.61753051202e-17, 1.77744007543e-17, 1.6741814652e-17, 1.74273091518e-17, 1.80402218615e-17, 1.53980332771e-17, 8.62797438086e-18, 5.78984283935e-18, 3.96045515971e-18, 1.27922737269e-18, 2.83466808459e-19, 3.14071334363e-20],
        "stdev": [0.0258705765009, 0.651439905167, 4.63661384583, 14.205947876, 9.21058750153, 22.2753372192, 20.0160140991, 36.7356529236, 153.611282349, 138.096939087, 56.4286994934, 62.2189598083, 21.9584655762, 15.0541057587, 15.8348531723, 19.0979938507, 9.72546100616, 11.6031990051, 6.33729553223, 4.9474234581, 2.80451512337, 24.8110542297, 6.59808015823, 5.5516705513, 10.2878332138, 6.1343665123, 7.88254737854, 2.67262005806, 1.4202311039, 0.950359344482, 0.47362446785, 0.274115294218, 0.0768313705921, 0.00954628363252, 0.00304487114772, 0.00120489334222, 0.000408345542382, 0.000188711346709, 2.20539732254e-05, 2.45935079874e-05]
    },
    "gfcc": {
        "mean": [-89.7637252808, 118.368659973, -85.8550949097, 36.3294067383, -59.6617469788, -9.78154945374, -44.5323257446, -0.568307340145, -31.1177139282, -3.60656452179, -18.1446304321, -9.14701080322, -21.3299484253],
        "cov": [[8152.11669922, 1714.73852539, -1079.92150879, -141.261260986, -281.209625244, -547.881835938, -43.8782463074, -69.1236801147, 61.4437828064, -118.825340271, 48.9949493408, -134.439620972, -57.0446586609], [1714.73852539, 945.710083008, 37.7964286804, -256.859161377, 34.348991394, -170.648117065, -34.2062911987, -73.9275588989, 135.491592407, -35.3082237244, 82.5469665527, -79.5069732666, -6.49902772903], [-1079.92150879, 37.7964286804, 829.203430176, 212.31854248, 119.87676239, 188.468444824, -75.6113815308, -90.1839675903, 2.55917859077, 7.25002574921, -12.143283844, -63.1706733704, -25.2616500854], [-141.261260986, -256.859161377, 212.31854248, 513.534301758, 98.4873199463, 23.2516765594, 20.5602588654, -5.44161367416, -105.349845886, -24.3373737335, -56.4522819519, -31.9457035065, 12.8446836472], [-281.209625244, 34.348991394, 119.87676239, 98.4873199463, 165.642303467, 9.04666233063, -15.6473665237, 6.01212739944, -12.8480215073, -8.55795478821, -1.15659081936, -18.9190349579, 14.0554170609], [-547.881835938, -170.648117065, 188.468444824, 23.2516765594, 9.04666233063, 204.564575195, 20.5367965698, -7.48241376877, -3.63765573502, 32.2080726624, -27.5194187164, -7.81061267853, -34.2359352112], [-43.8782463074, -34.2062911987, -75.6113815308, 20.5602588654, -15.6473665237, 20.5367965698, 123.572479248, 31.6865959167, -9.23420333862, -3.97724103928, -7.65731906891, -8.10822105408, -2.60947060585], [-69.1236801147, -73.9275588989, -90.1839675903, -5.44161367416, 6.01212739944, -7.48241376877, 31.6865959167, 75.685874939, -11.2574157715, -3.34306573868, -10.6825580597, 20.1211299896, 13.6383752823], [61.4437828064, 135.491592407, 2.55917859077, -105.349845886, -12.8480215073, -3.63765573502, -9.23420333862, -11.2574157715, 101.894721985, 23.2674407959, 17.0101184845, -3.28412222862, 0.530039787292], [-118.825340271, -35.3082237244, 7.25002574921, -24.3373737335, -8.55795478821, 32.2080726624, -3.97724103928, -3.34306573868, 23.2674407959, 53.1998062134, 15.6499300003, -1.8431571722, -8.57788467407], [48.9949493408, 82.5469665527, -12.143283844, -56.4522819519, -1.15659081936, -27.5194187164, -7.65731906891, -10.6825580597, 17.0101184845, 15.6499300003, 53.6809120178, 11.2931442261, -1.12260448933], [-134.439620972, -79.5069732666, -63.1706733704, -31.9457035065, -18.9190349579, -7.81061267853, -8.10822105408, 20.1211299896, -3.28412222862, -1.8431571722, 11.2931442261, 55.8822746277, 25.736989975], [-57.0446586609, -6.49902772903, -25.2616500854, 12.8446836472, 14.0554170609, -34.2359352112, -2.60947060585, 13.6383752823, 0.530039787292, -8.57788467407, -1.12260448933, 25.736989975, 52.7832107544]],
        "icov": [[0.00134922168218, -0.00468069966882, 0.00303968298249, -0.00338818831369, 0.00334241311066, -0.00244519812986, 0.00289468443953, -0.00102247437462, 0.00219449587166, -0.00126212777104, 0.00212238030508, -0.00141498993617, 0.00160031870473], [-0.00468069966882, 0.0196298956871, -0.0109307663515, 0.0132077112794, -0.0121413916349, 0.010156661272, -0.0101056145504, 0.00439357943833, -0.010577426292, 0.00889609474689, -0.0119384042919, 0.0115360431373, -0.00722800334916], [0.00303968298249, -0.0109307663515, 0.00980656966567, -0.0090449070558, 0.00727178948, -0.00960041675717, 0.00887355208397, -0.00146317330655, 0.00410455232486, -0.000496361928526, 0.00187837798148, -0.000247113435762, 0.00152559962589], [-0.00338818831369, 0.0132077112794, -0.0090449070558, 0.0129697304219, -0.0102691687644, 0.00892257038504, -0.00916251633316, 0.00417754799128, -0.00313982437365, 0.00247346353717, -0.00271440111101, 0.00542274909094, -0.0047993962653], [0.00334241311066, -0.0121413916349, 0.00727178948, -0.0102691687644, 0.017563784495, -0.00864603277296, 0.00998566485941, -0.00694220885634, 0.00554529996589, -0.00053777609719, 0.000262574205408, 0.00267672236077, -0.00134362070821], [-0.00244519812986, 0.010156661272, -0.00960041675717, 0.00892257038504, -0.00864603277296, 0.0191509537399, -0.0111362570897, 0.00464153662324, -0.00336585682817, -0.00659364741296, 0.00710935378447, -0.00565255433321, 0.00668564578518], [0.00289468443953, -0.0101056145504, 0.00887355208397, -0.00916251633316, 0.00998566485941, -0.0111362570897, 0.0191419199109, -0.0083836754784, 0.00365653075278, 0.00277902162634, -0.00248652556911, 0.0063305106014, -0.00113374518696], [-0.00102247437462, 0.00439357943833, -0.00146317330655, 0.00417754799128, -0.00694220885634, 0.00464153662324, -0.0083836754784, 0.022418031469, -0.000645215099212, -0.0022308905609, 0.00623300485313, -0.00781697314233, -4.06462932006e-05], [0.00219449587166, -0.010577426292, 0.00410455232486, -0.00313982437365, 0.00554529996589, -0.00336585682817, 0.00365653075278, -0.000645215099212, 0.0212570205331, -0.0129026947543, 0.0090951025486, -0.00647111190483, 0.00152392929886], [-0.00126212777104, 0.00889609474689, -0.000496361928526, 0.00247346353717, -0.00053777609719, -0.00659364741296, 0.00277902162634, -0.0022308905609, -0.0129026947543, 0.0394962988794, -0.025296676904, 0.0200535990298, -0.00829579588026], [0.00212238030508, -0.0119384042919, 0.00187837798148, -0.00271440111101, 0.000262574205408, 0.00710935378447, -0.00248652556911, 0.00623300485313, 0.0090951025486, -0.025296676904, 0.0484771952033, -0.0307662151754, 0.0170214157552], [-0.00141498993617, 0.0115360431373, -0.000247113435762, 0.00542274909094, 0.00267672236077, -0.00565255433321, 0.0063305106014, -0.00781697314233, -0.00647111190483, 0.0200535990298, -0.0307662151754, 0.0573840178549, -0.0289038158953], [0.00160031870473, -0.00722800334916, 0.00152559962589, -0.0047993962653, -0.00134362070821, 0.00668564578518, -0.00113374518696, -4.06462932006e-05, 0.00152392929886, -0.00829579588026, 0.0170214157552, -0.0289038158953, 0.0394236780703]]
    },
    "melbands": {
        "max": [0.0036159416195, 0.0154322944582, 0.0159837249666, 0.00735842622817, 0.00455532828346, 0.0137495864183, 0.0186869613826, 0.0138822225854, 0.0022929396946, 0.00364693254232, 0.00164709601086, 0.00103167281486, 0.00130418420304, 0.000867697643116, 0.000591710035224, 0.000205212098081, 0.000151661006385, 0.00014844762336, 0.000113760164822, 5.53766185476e-05, 2.39006258198e-05, 0.000257261708612, 0.000118361000204, 2.24889463425e-05, 3.65216583305e-05, 7.86491436884e-05, 7.3445335147e-05, 4.95137901453e-05, 9.22473409446e-05, 4.29448518844e-05, 2.12320373976e-05, 9.94915535557e-06, 9.70574637904e-06, 5.24461347595e-06, 2.91872288471e-06, 2.46151398642e-06, 1.9651704406e-06, 9.38462335398e-07, 1.79542411161e-07, 5.57918369282e-08],
        "mean": [0.000156038644491, 0.00120231951587, 0.0017161531141, 0.00102406356018, 0.000626134919003, 0.000327649438987, 0.000649745110422, 0.000453589775134, 0.000170437429915, 0.000115755021397, 3.13424970955e-05, 1.48778935909e-05, 1.2319273992e-05, 1.3457381101e-05, 1.10080309241e-05, 9.99576604954e-06, 8.92491425475e-06, 4.08492269344e-06, 2.49389654527e-06, 1.69596864907e-06, 1.57800729994e-06, 8.86529505806e-06, 5.91962043472e-06, 1.69898987679e-06, 2.10129974221e-06, 2.90497177957e-06, 2.24972609431e-06, 1.27204964429e-06, 1.64890843735e-06, 7.97529025931e-07, 3.99313790922e-07, 2.62438760501e-07, 2.05761821803e-07, 1.3537447785e-07, 9.62681525607e-08, 7.31438234425e-08, 5.63226585371e-08, 4.31510009946e-08, 2.51900615922e-08, 1.82921819913e-08],
        "min": [6.77229829612e-24, 9.25969979258e-24, 1.75576961002e-23, 9.52306179465e-24, 1.44342739211e-23, 1.66821504255e-23, 9.55611901088e-24, 1.37276501876e-23, 2.2835210266e-23, 8.20390018995e-24, 7.5591925711e-24, 9.03122831949e-24, 1.55255998746e-23, 1.83237573475e-23, 1.09097380599e-23, 7.73578776221e-24, 1.92555535379e-23, 1.31216259409e-23, 4.75574815246e-24, 7.85829943851e-24, 1.93227660647e-23, 1.1236268099e-23, 1.15278721103e-23, 1.32547391189e-23, 3.41056675966e-24, 4.22747206449e-24, 6.49390178849e-24, 7.00666019359e-24, 1.41032710408e-23, 1.4635263058e-23, 7.59851965381e-24, 9.69690465006e-24, 7.70058484431e-24, 1.12877294401e-23, 1.00781398263e-23, 8.83771995058e-24, 1.14688408599e-23, 1.37861394905e-23, 1.03045460615e-23, 1.43741690311e-23],
        "stdev": [0.000391071924241, 0.00191532133613, 0.00209529302083, 0.00104689633008, 0.000720165902749, 0.00079054327216, 0.00235428079031, 0.00148748874199, 0.000383945647627, 0.000375180359697, 0.000103736994788, 5.74688965571e-05, 7.03324767528e-05, 5.60979824513e-05, 3.77801479772e-05, 2.25653420785e-05, 2.21957052418e-05, 1.18338602988e-05, 8.77331603988e-06, 4.07480774811e-06, 2.74695980806e-06, 2.53251146205e-05, 1.36870821734e-05, 3.10904783873e-06, 4.36895425082e-06, 8.04662795417e-06, 6.63413129587e-06, 3.97048597733e-06, 6.0700681388e-06, 2.76880223282e-06, 1.32173681777e-06, 8.12028531527e-07, 7.78138087298e-07, 4.38879851572e-07, 2.81731132645e-07, 2.21908365461e-07, 1.50980071112e-07, 6.66781687642e-08, 1.49460763765e-08, 6.0211156061e-09]
    },
    "melbands128": {
        "max": [0.000673429341987, 0.000909618276637, 0.0036859260872, 0.0130616845563, 0.021947786212, 0.0195365585387, 0.0238480605185, 0.0186592955142, 0.0049742939882, 0.010883776471, 0.013583115302, 0.00656262785196, 0.00813814438879, 0.00309456605464, 0.0122410440817, 0.0274251326919, 0.0118479486555, 0.0360064283013, 0.0164083167911, 0.024835113436, 0.0169517733157, 0.00518838316202, 0.00366846728139, 0.00371676683426, 0.00701648090035, 0.00361283845268, 0.00149844377302, 0.00295119802468, 0.00174677721225, 0.000356596778147, 0.00134491501376, 0.00277281156741, 0.00163964577951, 0.000466217577923, 0.00125656940509, 0.00118110142648, 0.00160101347137, 0.000658639299218, 0.000284416251816, 0.000207021206734, 0.000272087549092, 0.000437622889876, 0.000263028137852, 0.000256618804997, 0.000322836334817, 0.000131438646349, 8.55029866216e-05, 0.000108203275886, 0.000253552978393, 7.87755197962e-05, 3.89140695916e-05, 2.9951097531e-05, 4.41754964413e-05, 2.26640131586e-05, 4.12727385992e-05, 0.000298500875942, 0.00055450911168, 0.000118564872537, 9.9769764347e-05, 2.52978879871e-05, 3.66443891835e-05, 4.83784388052e-05, 5.30856923433e-05, 4.49852523161e-05, 4.14121095673e-05, 0.000136130998726, 6.46908883937e-05, 7.92945866124e-05, 0.000107654115709, 2.27082909987e-05, 3.98168267566e-05, 2.81011052721e-05, 0.000213085688301, 2.69684769592e-05, 0.000103823287645, 2.35715797317e-05, 6.1114973505e-05, 2.25374005822e-05, 2.73900895991e-05, 2.28806711675e-05, 1.34290976348e-05, 1.20158138088e-05, 1.00491752164e-05, 1.45463527588e-05, 7.69919915911e-06, 6.43205521556e-06, 4.92645358463e-06, 4.37640528617e-06, 3.2433817978e-06, 3.6587532577e-06, 3.02530725094e-06, 3.14911903843e-06, 2.23047209147e-06, 2.21939785661e-06, 1.97135864255e-06, 2.12147006096e-06, 8.20334605578e-07, 3.92004864125e-07, 2.69643606998e-07, 1.41955084132e-07, 8.60632738409e-08, 5.28039549863e-08, 6.84960426156e-08, 6.98069229088e-08, 3.80868065974e-08, 4.10062632739e-08, 3.97575270483e-08, 2.54429490809e-08, 2.38843504974e-08, 2.24104201862e-08, 2.16078017701e-08, 1.81780617226e-08, 1.68526135269e-08, 2.02485566092e-08, 2.34405419519e-08, 2.51416558683e-08, 2.28348966402e-08, 1.394921334e-08, 1.4594873754e-08, 1.4624677469e-08, 1.45174512411e-08, 1.43584708567e-08, 1.41960549982e-08, 1.40221336764e-08, 1.38803288863e-08, 1.37671554157e-08, 1.36828584019e-08, 1.36226505631e-08],
        "mean": [3.88654480048e-05, 8.207760402e-05, 0.000152045540744, 0.000391713838326, 0.00110693951137, 0.00184941571206, 0.00226084166206, 0.00178735156078, 0.000681689300109, 0.00119718641508, 0.00102542026434, 0.000838273495901, 0.000584951369092, 0.000230416189879, 0.000257727253484, 0.000364448758774, 0.000644192507025, 0.000865413225256, 0.0004235872766, 0.000508789904416, 0.000476256653201, 0.000224268122111, 0.000128765721456, 9.93032299448e-05, 0.000169270133483, 0.000101235949842, 4.11122091464e-05, 2.84956804535e-05, 1.94988115254e-05, 1.30900452859e-05, 1.33447929329e-05, 1.70218445419e-05, 1.13129344754e-05, 8.88278555067e-06, 1.542778773e-05, 1.29003547045e-05, 1.45130807141e-05, 9.42095357459e-06, 1.04263581306e-05, 1.12214875116e-05, 8.30788121675e-06, 1.11901854325e-05, 9.77442778094e-06, 7.58041869631e-06, 5.60237231184e-06, 3.24410893882e-06, 2.89398076347e-06, 2.25792268793e-06, 2.77276558336e-06, 1.78244943072e-06, 1.60750641953e-06, 1.43688657772e-06, 1.43151896737e-06, 1.37275958423e-06, 2.5343647394e-06, 1.00714241853e-05, 1.58235216077e-05, 5.52873370907e-06, 4.20480591856e-06, 1.62476885635e-06, 1.76352818926e-06, 1.19402261589e-06, 2.25754661187e-06, 2.04146317628e-06, 2.32332399719e-06, 3.39107805303e-06, 2.81703023575e-06, 2.9800203265e-06, 2.29965826293e-06, 6.93666379448e-07, 1.16701630759e-06, 1.08675612864e-06, 2.99624707623e-06, 9.80414597507e-07, 1.63347840498e-06, 5.7289258848e-07, 7.44297153688e-07, 4.25462872045e-07, 3.62755997685e-07, 3.27226359786e-07, 2.79330294006e-07, 2.34124328813e-07, 2.21730147132e-07, 2.2169120939e-07, 1.7490046389e-07, 1.43673403841e-07, 1.24954425473e-07, 1.06738134775e-07, 9.93268898242e-08, 8.47715568852e-08, 7.74831150352e-08, 7.03265286006e-08, 6.49224958238e-08, 5.38604929545e-08, 5.22677190418e-08, 5.37248858734e-08, 4.09512388444e-08, 2.98613613836e-08, 2.50730636253e-08, 2.29431140752e-08, 2.04949355265e-08, 1.72885936678e-08, 1.5701385081e-08, 1.54519153028e-08, 1.2564679075e-08, 1.08651274644e-08, 1.01132116015e-08, 8.99439545066e-09, 8.33063662498e-09, 8.04580668756e-09, 6.39765129762e-09, 5.2644173465e-09, 4.49051285045e-09, 4.24162216461e-09, 3.88052479039e-09, 5.46637135557e-09, 6.21625684261e-09, 3.1707594883e-11, 2.9747270619e-11, 2.97153447681e-11, 2.94468303907e-11, 2.90938662051e-11, 2.87388984138e-11, 2.83721431765e-11, 2.80712692674e-11, 2.78330448966e-11, 2.765589667e-11, 2.75311405618e-11],
        "min": [1.57155203069e-24, 9.30159382868e-24, 7.27306562103e-24, 5.17302322802e-24, 1.17847962185e-23, 9.58822170542e-24, 8.0934762293e-24, 3.29220812048e-23, 1.33901218498e-23, 4.32350799109e-24, 8.64899050103e-24, 1.16658217945e-23, 1.5951190333e-23, 1.77272806844e-23, 1.67071794043e-23, 1.83326478099e-23, 1.16202240565e-23, 6.40666599971e-24, 8.95202747347e-24, 1.22830770539e-23, 1.68083618595e-23, 1.57192510274e-23, 3.32942657799e-23, 1.64129169317e-23, 7.25176401001e-24, 3.54301295577e-24, 1.07783848306e-23, 6.50792457994e-24, 5.3244466565e-24, 1.45722930251e-23, 7.08293673224e-24, 5.12768186978e-24, 4.17542814956e-24, 3.60898973201e-23, 3.20083467737e-23, 3.85570716341e-24, 1.12517171509e-23, 1.59001494547e-23, 7.24172654385e-24, 4.77562823613e-24, 7.49127401375e-24, 1.18488848562e-23, 1.83877876095e-23, 2.44475125831e-23, 2.18796172975e-23, 9.77782994602e-24, 5.43686249094e-24, 3.41130316131e-24, 4.75436646258e-24, 6.0535079608e-24, 7.43517417047e-24, 1.12890144945e-23, 1.71519628485e-23, 2.60307011996e-23, 1.50273884591e-23, 9.695424747e-24, 7.2067871055e-24, 1.2168497374e-23, 1.43084111637e-23, 6.67494970497e-24, 2.51390454075e-23, 4.29365867773e-24, 3.45649108612e-24, 3.01982935938e-24, 3.88246729747e-24, 4.18037391301e-24, 3.20088062852e-24, 8.24543135003e-24, 5.58591578683e-24, 7.34436129192e-24, 5.78995978756e-24, 6.34936038255e-24, 1.30213435761e-23, 1.46893647166e-23, 1.47778733325e-23, 2.05650042648e-23, 1.20280596225e-23, 8.41168063036e-24, 6.86427711109e-24, 5.7688001715e-24, 1.11272514662e-23, 1.02371978506e-23, 7.78936956147e-24, 8.47516657829e-24, 5.63148354816e-24, 1.07321812474e-23, 1.38244797082e-23, 1.24084586062e-23, 9.71543183728e-24, 8.5600014689e-24, 6.9365470252e-24, 9.87448197299e-24, 1.10757230719e-23, 7.15502520834e-24, 1.62875779779e-23, 1.49179434748e-23, 1.26125818874e-23, 1.34924828631e-23, 7.85720371071e-24, 1.01631411666e-23, 1.38731192939e-23, 1.67910936942e-23, 1.22705633533e-23, 1.09978561896e-23, 7.90500158182e-24, 8.96320247705e-24, 9.7563547856e-24, 7.13549537891e-24, 8.60038483636e-24, 1.36719439859e-23, 9.58240622283e-24, 1.74615765543e-23, 1.30641597906e-23, 1.28204175481e-23, 8.08034485067e-24, 4.55533448961e-24, 9.43468570744e-24, 1.7626185004e-23, 9.87858404969e-24, 7.33520734998e-24, 1.00579355208e-23, 5.63632636526e-24, 6.21193686855e-24, 1.00893968714e-23, 1.02781223767e-23, 1.18087405136e-23, 1.0307492457e-23, 8.23833081302e-24],
        "stdev": [6.67777567287e-05, 0.000150239648065, 0.000434775429312, 0.00129133684095, 0.00219520041719, 0.00286052562296, 0.00343528529629, 0.00209093326703, 0.000725584919564, 0.00136567279696, 0.00159896165133, 0.00110278732609, 0.000881631916855, 0.000349368638126, 0.000811099191196, 0.00140900188126, 0.00169960048515, 0.0043781818822, 0.00183767301496, 0.00218583550304, 0.00183051929343, 0.00064195325831, 0.000398006144678, 0.000306982226903, 0.000677687465213, 0.000374024035409, 0.000158543218276, 0.000146397083881, 8.56060069054e-05, 2.83203462459e-05, 6.27666668152e-05, 0.000165622142958, 7.61017217883e-05, 3.01515738101e-05, 8.2040351117e-05, 5.77808496018e-05, 8.59223800944e-05, 4.55849622085e-05, 2.63851561613e-05, 2.5862664188e-05, 2.40170011239e-05, 3.9166337956e-05, 2.78243442153e-05, 2.40199588006e-05, 2.18368750211e-05, 1.04456630652e-05, 7.98566088633e-06, 9.09331083676e-06, 1.40793317769e-05, 4.94057348988e-06, 3.86577812606e-06, 3.32399031322e-06, 3.31432420353e-06, 2.61759987552e-06, 4.7445846576e-06, 2.85132027784e-05, 5.53309910174e-05, 1.22987266877e-05, 1.0140746781e-05, 2.97869655697e-06, 3.63562753591e-06, 3.1120789572e-06, 5.2017580856e-06, 5.50699724045e-06, 3.99669352191e-06, 1.26604618345e-05, 7.65977620176e-06, 7.92171795183e-06, 8.76432386576e-06, 1.54681242748e-06, 3.76816069547e-06, 3.04601780954e-06, 1.33576158987e-05, 2.80786912299e-06, 6.99632664691e-06, 1.90378750631e-06, 3.14265048473e-06, 1.41964505929e-06, 1.4196319853e-06, 1.38520431392e-06, 8.66727191351e-07, 7.35327489565e-07, 7.83485290867e-07, 9.91580691334e-07, 6.46196781418e-07, 5.11082703269e-07, 3.91126491195e-07, 3.34319480544e-07, 2.94971272297e-07, 2.6083878879e-07, 2.46963509198e-07, 2.26564864647e-07, 1.98764311676e-07, 1.5307647061e-07, 1.33787793288e-07, 1.12696021404e-07, 5.60094584046e-08, 2.71315645506e-08, 1.77520700362e-08, 1.27180461718e-08, 9.4356202851e-09, 7.42038697155e-09, 7.04136349228e-09, 6.76180267334e-09, 5.05839192755e-09, 4.56156312723e-09, 4.19197654367e-09, 3.36461014605e-09, 3.21986548535e-09, 3.12870129804e-09, 2.49802645236e-09, 2.14556905576e-09, 1.69185421228e-09, 1.7314764067e-09, 1.64061186858e-09, 2.11065098732e-09, 3.34410477087e-09, 5.94020554967e-10, 6.21655893429e-10, 6.2292748737e-10, 6.18361473137e-10, 6.11590444954e-10, 6.04673200399e-10, 5.97265459312e-10, 5.91225735036e-10, 5.86405313197e-10, 5.82814851935e-10, 5.80250514304e-10]
    },
    "mfcc": {
        "mean": [-740.036010742, 148.496688843, 23.9684963226, 41.9200172424, 3.37007498741, -4.8609585762, -3.90742230415, -6.22313594818, -11.5432481766, -4.3887295723, -0.776788055897, 0.641023516655, -9.96411323547],
        "cov": [[4560.00195312, 1341.64196777, -809.651794434, 172.771530151, -410.449920654, -335.375396729, -198.098861694, -42.4449462891, -51.2645111084, -85.948638916, 50.760055542, 107.723091125, -25.1437988281], [1341.64196777, 1122.21826172, -25.139799118, -177.901504517, 8.83761882782, -117.851608276, -163.227539062, -61.8874092102, -53.6882095337, -23.7909488678, 83.005645752, 13.9244470596, 27.0247573853], [-809.651794434, -25.139799118, 645.239379883, 77.9538421631, 192.722305298, 196.996643066, 15.794418335, -16.5898628235, -25.0322666168, 50.6388282776, -2.94921875, -54.2553901672, -15.0874528885], [172.771530151, -177.901504517, 77.9538421631, 417.019012451, 92.589630127, 13.4622592926, 88.534072876, -0.171129092574, 7.26428365707, 3.02108311653, -75.9877853394, -39.9201812744, -25.396194458], [-410.449920654, 8.83761882782, 192.722305298, 92.589630127, 234.68711853, 67.927230835, 7.1735625267, -21.3941726685, -8.77069282532, 18.0759735107, -21.2518959045, -45.270401001, 5.12119436264], [-335.375396729, -117.851608276, 196.996643066, 13.4622592926, 67.927230835, 160.720947266, 34.5266532898, -2.192050457, 5.13565731049, 37.5173072815, 14.5040016174, -12.4082078934, -10.0325956345], [-198.098861694, -163.227539062, 15.794418335, 88.534072876, 7.1735625267, 34.5266532898, 135.922714233, 30.4519042969, 10.2793579102, 13.4449672699, -20.0539608002, -3.84021496773, -14.4867048264], [-42.4449462891, -61.8874092102, -16.5898628235, -0.171129092574, -21.3941726685, -2.192050457, 30.4519042969, 62.9090232849, 24.7672271729, -3.97719883919, -7.80056524277, -1.91738533974, -2.42840576172], [-51.2645111084, -53.6882095337, -25.0322666168, 7.26428365707, -8.77069282532, 5.13565731049, 10.2793579102, 24.7672271729, 66.8337631226, 17.688911438, -15.7703142166, 3.30626249313, -0.202319279313], [-85.948638916, -23.7909488678, 50.6388282776, 3.02108311653, 18.0759735107, 37.5173072815, 13.4449672699, -3.97719883919, 17.688911438, 59.4274559021, 19.4936218262, -12.8764915466, -3.49416947365], [50.760055542, 83.005645752, -2.94921875, -75.9877853394, -21.2518959045, 14.5040016174, -20.0539608002, -7.80056524277, -15.7703142166, 19.4936218262, 70.5721664429, 16.098815918, -7.00632953644], [107.723091125, 13.9244470596, -54.2553901672, -39.9201812744, -45.270401001, -12.4082078934, -3.84021496773, -1.91738533974, 3.30626249313, -12.8764915466, 16.098815918, 62.0063476562, 7.29730510712], [-25.1437988281, 27.0247573853, -15.0874528885, -25.396194458, 5.12119436264, -10.0325956345, -14.4867048264, -2.42840576172, -0.202319279313, -3.49416947365, -7.00632953644, 7.29730510712, 44.3334312439]],
        "icov": [[0.0017603066517, -0.00273094139993, 0.00250891083851, -0.00310938619077, 0.00295357382856, -0.00277874153107, 0.00264403526671, -0.00213969289325, 0.00283220619895, -0.00248911371455, 0.00270403083414, -0.00217231083661, 0.00211413344368], [-0.00273094139993, 0.00559513969347, -0.00425282027572, 0.0050168200396, -0.00495477952063, 0.00577547121793, -0.00344631727785, 0.00405800016597, -0.00463473703712, 0.00452226214111, -0.00609887484461, 0.00366257783026, -0.00378895574249], [0.00250891083851, -0.00425282027572, 0.00687631685287, -0.00460749445483, 0.0029160073027, -0.00771755026653, 0.0047811428085, -0.00434914138168, 0.00639556441456, -0.00533890118822, 0.00586175918579, -0.00304864696227, 0.00399347720668], [-0.00310938619077, 0.0050168200396, -0.00460749445483, 0.00944569241256, -0.00637252721936, 0.00586943468079, -0.00658392393962, 0.00483343983069, -0.00461812363937, 0.00358147942461, -0.00123611406889, 0.0040648682043, -0.00140425108839], [0.00295357382856, -0.00495477952063, 0.0029160073027, -0.00637252721936, 0.012107075192, -0.00628998642787, 0.0043638413772, -0.00155222020112, 0.00418197596446, -0.00354023766704, 0.00503131886944, -0.000162950716913, 0.00111833715346], [-0.00277874153107, 0.00577547121793, -0.00771755026653, 0.00586943468079, -0.00628998642787, 0.0183596275747, -0.00687331007794, 0.00541407102719, -0.00712617859244, 0.0023619630374, -0.00906107481569, 0.0029792257119, -0.00319751119241], [0.00264403526671, -0.00344631727785, 0.0047811428085, -0.00658392393962, 0.0043638413772, -0.00687331007794, 0.01640968211, -0.00999876949936, 0.0086212484166, -0.00889587495476, 0.00797922816128, -0.00642642518505, 0.00586787005886], [-0.00213969289325, 0.00405800016597, -0.00434914138168, 0.00483343983069, -0.00155222020112, 0.00541407102719, -0.00999876949936, 0.027752071619, -0.0157040804625, 0.0123373363167, -0.00889687705785, 0.00855851732194, -0.00465516746044], [0.00283220619895, -0.00463473703712, 0.00639556441456, -0.00461812363937, 0.00418197596446, -0.00712617859244, 0.0086212484166, -0.0157040804625, 0.0320928506553, -0.0202192123979, 0.0181190464646, -0.011025717482, 0.0070549827069], [-0.00248911371455, 0.00452226214111, -0.00533890118822, 0.00358147942461, -0.00354023766704, 0.0023619630374, -0.00889587495476, 0.0123373363167, -0.0202192123979, 0.0374634452164, -0.0214829724282, 0.0140466345474, -0.00806805863976], [0.00270403083414, -0.00609887484461, 0.00586175918579, -0.00123611406889, 0.00503131886944, -0.00906107481569, 0.00797922816128, -0.00889687705785, 0.0181190464646, -0.0214829724282, 0.0372793935239, -0.0134965060279, 0.0125289689749], [-0.00217231083661, 0.00366257783026, -0.00304864696227, 0.0040648682043, -0.000162950716913, 0.0029792257119, -0.00642642518505, 0.00855851732194, -0.011025717482, 0.0140466345474, -0.0134965060279, 0.0274048596621, -0.00869878195226], [0.00211413344368, -0.00378895574249, 0.00399347720668, -0.00140425108839, 0.00111833715346, -0.00319751119241, 0.00586787005886, -0.00465516746044, 0.0070549827069, -0.00806805863976, 0.0125289689749, -0.00869878195226, 0.0302375108004]]
    },
    "spectral_contrast_coeffs": {
        "max": [-0.428042471409, -0.397020548582, -0.648257017136, -0.710535466671, -0.656348288059, -0.628293573856],
        "mean": [-0.663471162319, -0.778622329235, -0.815338253975, -0.823590517044, -0.812448143959, -0.800564110279],
        "min": [-0.955228388309, -0.982562959194, -0.971630215645, -0.973157286644, -0.965774476528, -0.95848429203],
        "stdev": [0.0697626322508, 0.0885357409716, 0.0495160669088, 0.0376140885055, 0.0462561994791, 0.0406529568136]
    },
    "spectral_contrast_valleys": {
        "max": [-5.01754331589, -5.06610774994, -6.13015031815, -6.54577732086, -6.31176757812, -10.103884697],
        "mean": [-6.84751415253, -6.98858118057, -8.49285697937, -8.85168743134, -8.5454120636, -11.2038908005],
        "min": [-27.8831043243, -26.8544139862, -27.4239521027, -26.9215126038, -27.2446861267, -27.3580684662],
        "stdev": [1.43515110016, 1.31786167622, 1.29350972176, 1.1667137146, 1.13475513458, 0.854334056377]
    }
},
"rhythm": {
    "beats_count": 18,
    "beats_loudness": {
        "max": 0.0815918669105,
        "mean": 0.0298847723752,
        "min": 0.000857108272612,
        "stdev": 0.0263913683593
    },
    "bpm": 89.3375854492,
    "bpm_histogram_first_peak_bpm": 89,
    "bpm_histogram_first_peak_weight": 0.470588207245,
    "bpm_histogram_second_peak_bpm": 0,
    "bpm_histogram_second_peak_spread": 0,
    "bpm_histogram_second_peak_weight": 0,
    "danceability": 1.0292289257,
    "onset_rate": 2.27284026146,
    "beats_loudness_band_ratio": {
        "max": [0.777004539967, 0.781038701534, 0.752875745296, 0.0764834359288, 0.282971948385, 0.146186470985],
        "mean": [0.449345260859, 0.330982685089, 0.183351039886, 0.0179894398898, 0.0341504886746, 0.020080043003],
        "min": [0.115458324552, 0.101972348988, 0.00846902374178, 0.00144684419502, 0.00165789609309, 0.000884853070602],
        "stdev": [0.229849115014, 0.181532159448, 0.225772976875, 0.0207799952477, 0.0718042552471, 0.04016931355]
    },
    "beats_position": [0.696598649025, 1.40480720997, 2.11301589012, 2.82122445107, 3.49460315704, 4.1679816246, 4.85297060013, 5.52634906769, 6.18811798096, 6.84988641739, 7.51165533066, 8.18503379822, 8.84680271149, 9.52018165588, 10.1935596466, 10.8785486221, 11.5635375977, 12.2253055573],
    "bpm_histogram": [0, 0, 0, 0, 0, 0, 0, 0, 0, 0, 0, 0, 0, 0, 0, 0, 0, 0, 0, 0, 0, 0, 0, 0, 0, 0, 0, 0, 0, 0, 0, 0, 0, 0, 0, 0, 0, 0, 0, 0, 0, 0, 0, 0, 0, 0, 0, 0, 0, 0, 0, 0, 0, 0, 0, 0, 0, 0, 0, 0, 0, 0, 0, 0, 0, 0, 0, 0, 0, 0, 0, 0, 0, 0, 0, 0, 0, 0, 0, 0, 0, 0, 0, 0, 0, 0.176470592618, 0, 0, 0.176470592618, 0.352941185236, 0, 0.29411765933, 0, 0, 0, 0, 0, 0, 0, 0, 0, 0, 0, 0, 0, 0, 0, 0, 0, 0, 0, 0, 0, 0, 0, 0, 0, 0, 0, 0, 0, 0, 0, 0, 0, 0, 0, 0, 0, 0, 0, 0, 0, 0, 0, 0, 0, 0, 0, 0, 0, 0, 0, 0, 0, 0, 0, 0, 0, 0, 0, 0, 0, 0, 0, 0, 0, 0, 0, 0, 0, 0, 0, 0, 0, 0, 0, 0, 0, 0, 0, 0, 0, 0, 0, 0, 0, 0, 0, 0, 0, 0, 0, 0, 0, 0, 0, 0, 0, 0, 0, 0, 0, 0, 0, 0, 0, 0, 0, 0, 0, 0, 0, 0, 0, 0, 0, 0, 0, 0, 0, 0, 0, 0, 0, 0, 0, 0, 0, 0, 0, 0, 0, 0, 0, 0, 0, 0, 0, 0, 0, 0, 0, 0, 0, 0, 0, 0, 0, 0, 0, 0, 0, 0, 0, 0, 0, 0, 0, 0]
},
"tonal": {
