{
"metadata": {
    "version": {
        "essentia": "2.1-beta5",
        "essentia_git_sha": "Undefined",
        "extractor": "music 2.0"
    },
    "audio_properties": {
        "analysis": {
            "equal_loudness": 0,
            "length": 12.7477550507,
            "sample_rate": 44100,
            "start_time": 0,
            "downmix": "mix"
        },
        "bit_rate": 192000,
        "length": 186.224029541,
        "lossless": 0,
        "number_channels": 2,
        "replay_gain": -9.00505065918,
        "sample_rate": 44100,
        "codec": "mp3",
        "md5_encoded": "810bd15a5ef6f2acb53ac8bebe242fa5"
    },
    "tags": {
        "file_name": "Yugoslavia_Ciao Amore_Vlado and Isolda.mp3",
        "encoding": ["Lavf58.29.100"]
    }
},
"lowlevel": {
    "average_loudness": 0.972372591496,
    "barkbands_crest": {
        "max": 23.2584896088,
        "mean": 5.98486089706,
        "min": 2.19949221611,
        "stdev": 2.5873363018
    },
    "barkbands_flatness_db": {
        "max": 0.199384957552,
        "mean": 0.0927183553576,
        "min": 0.0409991405904,
        "stdev": 0.0244881547987
    },
    "barkbands_kurtosis": {
        "max": 12.019109726,
        "mean": -0.0894372016191,
        "min": -1.55616343021,
        "stdev": 1.61076664925
    },
    "barkbands_skewness": {
        "max": 3.49049854279,
        "mean": -0.0311130285263,
        "min": -2.26685428619,
        "stdev": 0.856172323227
    },
    "barkbands_spread": {
        "max": 98.9346694946,
        "mean": 29.3291664124,
        "min": 13.5708875656,
        "stdev": 8.37077903748
    },
    "dissonance": {
        "max": 0.500000059605,
        "mean": 0.480367213488,
        "min": 0.392052084208,
        "stdev": 0.0158762447536
    },
    "dynamic_complexity": 1.85465669632,
    "erbbands_crest": {
        "max": 24.0403823853,
        "mean": 8.14222431183,
        "min": 2.74258875847,
        "stdev": 4.22225856781
    },
    "erbbands_flatness_db": {
        "max": 0.265047818422,
        "mean": 0.167877972126,
        "min": 0.089192815125,
        "stdev": 0.0370238944888
    },
    "erbbands_kurtosis": {
        "max": 7.92705631256,
        "mean": 0.259231775999,
        "min": -1.49872720242,
        "stdev": 1.02661645412
    },
    "erbbands_skewness": {
        "max": 0.85338050127,
        "mean": -0.377563804388,
        "min": -2.27112698555,
        "stdev": 0.424716889858
    },
    "erbbands_spread": {
        "max": 108.87121582,
        "mean": 29.4032611847,
        "min": 8.90073394775,
        "stdev": 11.055937767
    },
    "hfc": {
        "max": 104.851921082,
        "mean": 26.8343772888,
        "min": 1.08081357748e-16,
        "stdev": 20.5643348694
    },
    "loudness_ebu128": {
        "integrated": -15.0735635757,
        "loudness_range": 1.94856643677,
        "momentary": {
            "max": -12.2280750275,
            "mean": -32.7103462219,
            "min": -300.691009521,
            "stdev": 64.1006469727
        },
        "short_term": {
            "max": -14.4089241028,
            "mean": -15.2319784164,
            "min": -18.2179832458,
            "stdev": 0.814055323601
        }
    },
    "melbands_crest": {
        "max": 29.7578220367,
        "mean": 7.5376200676,
        "min": 1.43855333328,
        "stdev": 4.15451049805
    },
    "melbands_flatness_db": {
        "max": 0.246637508273,
        "mean": 0.105868637562,
        "min": 0.00160289148334,
        "stdev": 0.0480689592659
    },
    "melbands_kurtosis": {
        "max": 77.1793823242,
        "mean": 1.03493368626,
        "min": -1.51312994957,
        "stdev": 4.87314081192
    },
    "melbands_skewness": {
        "max": 8.07117652893,
        "mean": 0.942421317101,
        "min": -0.417488694191,
        "stdev": 0.85212546587
    },
    "melbands_spread": {
        "max": 174.983108521,
        "mean": 55.8565750122,
        "min": 7.35684156418,
        "stdev": 30.50715065
    },
    "pitch_salience": {
        "max": 0.95304197073,
        "mean": 0.609439134598,
        "min": 0.150197714567,
        "stdev": 0.121986508369
    },
    "silence_rate_20dB": {
        "max": 1,
        "mean": 1,
        "min": 1,
        "stdev": 0
    },
    "silence_rate_30dB": {
        "max": 1,
        "mean": 1,
        "min": 1,
        "stdev": 0
    },
    "silence_rate_60dB": {
        "max": 1,
        "mean": 0.11272726953,
        "min": 0,
        "stdev": 0.316258221865
    },
    "spectral_centroid": {
        "max": 11843.7070312,
        "mean": 2905.25708008,
        "min": 799.794006348,
        "stdev": 2567.92773438
    },
    "spectral_complexity": {
        "max": 60,
        "mean": 26.8345451355,
        "min": 0,
        "stdev": 15.428776741
    },
    "spectral_decrease": {
        "max": 1.93314351499e-28,
        "mean": -4.03771016622e-09,
        "min": -1.16126885885e-08,
        "stdev": 2.30653296462e-09
    },
    "spectral_energy": {
        "max": 0.0487307459116,
        "mean": 0.0176732130349,
        "min": 1.01145359247e-20,
        "stdev": 0.0102645587176
    },
    "spectral_energyband_high": {
        "max": 0.0111607452855,
        "mean": 0.00132317538373,
        "min": 7.24787850402e-21,
        "stdev": 0.00156114040874
    },
    "spectral_energyband_low": {
        "max": 0.0313662402332,
        "mean": 0.00215090042911,
        "min": 2.06458814403e-23,
        "stdev": 0.00345816207118
    },
    "spectral_energyband_middle_high": {
        "max": 0.0317745953798,
        "mean": 0.00869087688625,
        "min": 1.05813434692e-21,
        "stdev": 0.00602432480082
    },
    "spectral_energyband_middle_low": {
        "max": 0.0227606631815,
        "mean": 0.00627274950966,
        "min": 1.78611046261e-22,
        "stdev": 0.00437950482592
    },
    "spectral_entropy": {
        "max": 9.82061576843,
        "mean": 7.91257715225,
        "min": 6.9888215065,
        "stdev": 0.662108182907
    },
    "spectral_flux": {
        "max": 0.187618240714,
        "mean": 0.0647423490882,
        "min": 6.40065986324e-11,
        "stdev": 0.0379939563572
    },
    "spectral_kurtosis": {
        "max": 11.751408577,
        "mean": 3.28117871284,
        "min": -1.26999545097,
        "stdev": 2.14063215256
    },
    "spectral_rms": {
        "max": 0.00689508439973,
        "mean": 0.00382461282425,
        "min": 3.14131186341e-12,
        "stdev": 0.00161693978589
    },
    "spectral_rolloff": {
        "max": 19595.2148438,
        "mean": 4236.75292969,
        "min": 21.533203125,
        "stdev": 4878.59423828
    },
    "spectral_skewness": {
        "max": 2.67545723915,
        "mean": 1.1317461729,
        "min": -0.0890233591199,
        "stdev": 0.466357648373
    },
    "spectral_spread": {
        "max": 42458632,
        "mean": 7082173.5,
        "min": 2125193.5,
        "stdev": 10383217
    },
    "spectral_strongpeak": {
        "max": 8.41753101349,
        "mean": 1.61427533627,
        "min": 0,
        "stdev": 1.78995966911
    },
    "zerocrossingrate": {
        "max": 0.5283203125,
        "mean": 0.128899142146,
        "min": 0.02294921875,
        "stdev": 0.124209463596
    },
    "barkbands": {
        "max": [0.000688948202878, 0.0102346455678, 0.0188792683184, 0.0132521707565, 0.00919794663787, 0.0116076795384, 0.0100279087201, 0.00845621339977, 0.00692849420011, 0.0047995117493, 0.00196193298325, 0.00598866539076, 0.00878652557731, 0.00590490316972, 0.0126637490466, 0.006504193414, 0.00849957764149, 0.00398702686653, 0.0111741628498, 0.00389510090463, 0.00598168792203, 0.00125343294349, 0.0013766962802, 0.0014716059668, 0.000749098253436, 2.86431732093e-05, 9.28581187054e-07],
        "mean": [0.000238892709604, 0.000605054316111, 0.000756233290303, 0.00109990022611, 0.00153099559247, 0.00115042820107, 0.000652044836897, 0.000862355343997, 0.000708080944605, 0.000879789120518, 0.000225376250455, 0.000684214523062, 0.00120684714057, 0.000590285053477, 0.00167175068054, 0.00090509117581, 0.00112979463302, 0.000494637934025, 0.000689996581059, 0.000641071470454, 0.000456307141576, 0.000202053270186, 0.0001077592824, 0.000100812161691, 8.07802571217e-05, 2.63711422122e-06, 2.94676940626e-08],
        "min": [4.54166846051e-25, 4.56480358149e-24, 1.77656800667e-24, 1.01506105055e-24, 1.18737584294e-23, 9.72206536863e-24, 9.70270672201e-24, 1.29220764752e-23, 2.01572168194e-23, 2.05498123815e-23, 1.28095225901e-23, 2.44363486235e-23, 4.23597101523e-23, 3.94685885772e-23, 4.25958635528e-23, 6.48011178989e-23, 6.28508517928e-23, 8.91709750144e-23, 1.28659995089e-22, 2.11506684848e-22, 2.28257622367e-22, 3.37487468489e-22, 4.28003766892e-22, 6.14590196904e-22, 9.30759538778e-22, 1.37725975887e-21, 1.95077723748e-21],
        "stdev": [0.000119315496704, 0.000955525436439, 0.00191348860972, 0.00184942455962, 0.00161882839166, 0.00118749460671, 0.000884488865267, 0.0010751778027, 0.000934203155339, 0.000703166471794, 0.000243747956119, 0.000819757697172, 0.00134131568484, 0.00098141678609, 0.0019034416182, 0.0010722699808, 0.00117422314361, 0.000614150543697, 0.000911197450478, 0.000737638678402, 0.000653368537314, 0.000247583142482, 0.000173645225004, 0.000176688889042, 0.000119001510029, 3.62888886229e-06, 5.76750203152e-08]
    },
    "erbbands": {
        "max": [0.132854223251, 2.83348631859, 16.8082427979, 40.3142318726, 32.457950592, 52.9008026123, 56.3443145752, 101.332580566, 68.2546768188, 291.940368652, 118.247879028, 200.298034668, 138.518737793, 154.536590576, 68.606590271, 311.144500732, 465.152923584, 260.171447754, 435.90447998, 832.442871094, 259.369293213, 416.64440918, 258.190155029, 735.002319336, 227.07244873, 175.55229187, 324.418548584, 101.967323303, 50.2820358276, 62.6002044678, 29.5858345032, 27.4289951324, 26.8239593506, 10.5961208344, 5.31975412369, 0.527839004993, 0.0662777721882, 0.00343251205049, 0.000139983792906, 7.96038730186e-05],
        "mean": [0.0121995173395, 0.160424292088, 0.73834502697, 2.83782148361, 3.27699327469, 5.67181873322, 7.6308426857, 9.58319854736, 8.52544212341, 17.5451374054, 15.8290567398, 20.2801418304, 22.5668239594, 19.0993843079, 11.5246667862, 37.2292022705, 59.0295448303, 34.6661148071, 38.2254829407, 113.320335388, 44.9087409973, 53.6372337341, 36.1261672974, 36.5975418091, 29.7495689392, 28.6118812561, 26.1196861267, 13.925909996, 7.91664838791, 4.35424518585, 2.90712666512, 2.06333518028, 1.7149065733, 0.941447079182, 0.531661748886, 0.0492571033537, 0.00529141863808, 0.000440309260739, 2.83640565613e-05, 2.56188650383e-05],
        "min": [1.31160999703e-22, 1.07622175366e-21, 2.59867311656e-21, 6.02196977513e-21, 1.97270523814e-20, 3.0236420838e-20, 6.1487708277e-20, 8.56889708982e-20, 8.85400362874e-20, 1.54452223801e-19, 4.17868148363e-19, 4.68480512461e-19, 4.89316158115e-19, 7.41368947506e-19, 7.43406810342e-19, 1.53201562904e-18, 1.86201954121e-18, 1.97990167069e-18, 1.73275830164e-18, 2.97268384188e-18, 3.63978784191e-18, 3.41949661669e-18, 4.27801186482e-18, 6.55496464004e-18, 7.81143048381e-18, 9.47988521219e-18, 9.28434385129e-18, 1.16729974421e-17, 1.14205444006e-17, 1.09238100351e-17, 1.25455629733e-17, 1.0836027147e-17, 9.65304968316e-18, 7.81822659972e-18, 6.50302141988e-18, 4.23704367703e-18, 2.45143825363e-18, 1.05905505468e-18, 2.67296151267e-19, 2.80534524273e-20],
        "stdev": [0.0145690217614, 0.277872443199, 1.76630520821, 4.80170536041, 4.1440410614, 7.39963960648, 7.8611702919, 11.2227602005, 9.48826026917, 27.6894550323, 17.4985904694, 26.8890991211, 17.2786960602, 19.8554515839, 10.3257417679, 41.1540222168, 63.601600647, 47.0397949219, 51.3707466125, 118.579521179, 43.1927223206, 54.5690765381, 39.5283622742, 53.7545280457, 33.6500892639, 32.4895324707, 34.0416603088, 18.812789917, 9.69208049774, 6.70921516418, 4.53365373611, 3.59992933273, 3.01587939262, 1.56034910679, 0.745939016342, 0.0670128464699, 0.00720930518582, 0.000498635927215, 2.5558829293e-05, 1.62441192515e-05]
    },
    "gfcc": {
        "mean": [-107.482765198, 75.5875320435, -145.187042236, 36.6937980652, -57.817024231, 10.4041528702, -41.0558662415, 6.40073728561, -23.6782035828, 2.91778087616, -15.6567258835, -6.47391700745, -2.98836374283],
        "cov": [[148265.28125, 9879.94335938, -17956.4765625, 4602.69287109, -7164.07519531, 1204.18322754, -5320.98632812, 725.746643066, -3130.1809082, 385.37878418, -1979.87548828, -908.770141602, -418.3309021], [9879.94335938, 1494.00866699, -1303.61657715, 172.77053833, -332.532226562, -109.83114624, -188.483627319, -6.5100903511, -133.494903564, -40.1671066284, -139.777816772, -54.8514785767, 20.312002182], [-17956.4765625, -1303.61657715, 2585.58349609, -501.115325928, 836.379638672, -20.9130764008, 554.213256836, -20.890378952, 309.346984863, -34.9002761841, 197.296676636, 97.9548492432, -4.63709688187], [4602.69287109, 172.77053833, -501.115325928, 318.512451172, -220.73739624, 79.9727859497, -153.03717041, 13.0204906464, -92.9726715088, 2.55302596092, -51.4985961914, -53.8763771057, -32.9997596741], [-7164.07519531, -332.532226562, 836.379638672, -220.73739624, 499.723937988, -72.7937698364, 304.334289551, -25.3545646667, 156.011734009, -24.709690094, 81.9295196533, 34.4432449341, 8.12493419647], [1204.18322754, -109.83114624, -20.9130764008, 79.9727859497, -72.7937698364, 163.324005127, -95.2270965576, 46.0478820801, -54.0996589661, 15.9956188202, -17.62251091, -23.7106056213, -34.698059082], [-5320.98632812, -188.483627319, 554.213256836, -153.03717041, 304.334289551, -95.2270965576, 317.075286865, -32.819732666, 136.085586548, -21.0504894257, 77.9163360596, 35.2977218628, 23.7859077454], [725.746643066, -6.5100903511, -20.890378952, 13.0204906464, -25.3545646667, 46.0478820801, -32.819732666, 90.5532455444, -16.8443202972, 17.168598175, -20.4433956146, -1.02553462982, -25.1745758057], [-3130.1809082, -133.494903564, 309.346984863, -92.9726715088, 156.011734009, -54.0996589661, 136.085586548, -16.8443202972, 141.115951538, -2.63489365578, 56.6965141296, 6.18275737762, 13.0995416641], [385.37878418, -40.1671066284, -34.9002761841, 2.55302596092, -24.709690094, 15.9956188202, -21.0504894257, 17.168598175, -2.63489365578, 64.7444000244, 12.8034076691, -0.630125880241, -0.362820446491], [-1979.87548828, -139.777816772, 197.296676636, -51.4985961914, 81.9295196533, -17.62251091, 77.9163360596, -20.4433956146, 56.6965141296, 12.8034076691, 87.7995300293, 24.3154239655, 15.1273641586], [-908.770141602, -54.8514785767, 97.9548492432, -53.8763771057, 34.4432449341, -23.7106056213, 35.2977218628, -1.02553462982, 6.18275737762, -0.630125880241, 24.3154239655, 56.5392837524, 19.6531524658], [-418.3309021, 20.312002182, -4.63709688187, -32.9997596741, 8.12493419647, -34.698059082, 23.7859077454, -25.1745758057, 13.0995416641, -0.362820446491, 15.1273641586, 19.6531524658, 54.0392074585]],
        "icov": [[0.000864157627802, -0.00207977858372, 0.00259505189024, -0.00284797814675, 0.00202018395066, -0.0012131370604, 0.00287082232535, -0.00188654544763, 0.00300137419254, -0.00266960263252, 0.00190264848061, -0.000668965280056, 0.00169495027512], [-0.00207977858372, 0.00651880353689, -0.00540645699948, 0.00716454721987, -0.00501917954534, 0.00389659684151, -0.00725625129417, 0.00411339849234, -0.00687760021538, 0.00737979775295, -0.0038542856928, 0.00238800910302, -0.00434515718371], [0.00259505189024, -0.00540645699948, 0.00940203201026, -0.00757099408656, 0.00485633546486, -0.00444985507056, 0.00792990066111, -0.00559789221734, 0.00858068279922, -0.00720015959814, 0.00576278101653, -0.00241160369478, 0.005754429847], [-0.00284797814675, 0.00716454721987, -0.00757099408656, 0.0157216526568, -0.00543668260798, 0.00212689186446, -0.0103506166488, 0.00694723194465, -0.00871828570962, 0.00994204357266, -0.00696276081726, 0.0053896731697, -0.00364437629469], [0.00202018395066, -0.00501917954534, 0.00485633546486, -0.00543668260798, 0.0118335392326, -0.00285335863009, 0.00268290145323, -0.00415082555264, 0.00612930813804, -0.00576370256022, 0.00467011937872, -0.000746046716813, 0.00533566297963], [-0.0012131370604, 0.00389659684151, -0.00444985507056, 0.00212689186446, -0.00285335863009, 0.0140457116067, -0.00118764396757, -0.00195377646014, -0.000563556037378, 0.0037838423159, -0.00523235555738, 0.00508926715702, -0.00110281305388], [0.00287082232535, -0.00725625129417, 0.00792990066111, -0.0103506166488, 0.00268290145323, -0.00118764396757, 0.0200704876333, -0.00666950456798, 0.00703495880589, -0.0077961771749, 0.00394077505916, -0.00342773436569, 0.00458947010338], [-0.00188654544763, 0.00411339849234, -0.00559789221734, 0.00694723194465, -0.00415082555264, -0.00195377646014, -0.00666950456798, 0.0207674950361, -0.00888975150883, 0.00109708821401, 0.0011565128807, -0.00432043708861, 0.00300149410032], [0.00300137419254, -0.00687760021538, 0.00858068279922, -0.00871828570962, 0.00612930813804, -0.000563556037378, 0.00703495880589, -0.00888975150883, 0.0270670875907, -0.00881516560912, -0.000234568855376, 0.00546634476632, 0.00416777282953], [-0.00266960263252, 0.00737979775295, -0.00720015959814, 0.00994204357266, -0.00576370256022, 0.0037838423159, -0.0077961771749, 0.00109708821401, -0.00881516560912, 0.0276270732284, -0.0116148022935, 0.00486386334524, -0.00694291340187], [0.00190264848061, -0.0038542856928, 0.00576278101653, -0.00696276081726, 0.00467011937872, -0.00523235555738, 0.00394077505916, 0.0011565128807, -0.000234568855376, -0.0116148022935, 0.0265061855316, -0.00991458911449, 0.00332728307694], [-0.000668965280056, 0.00238800910302, -0.00241160369478, 0.0053896731697, -0.000746046716813, 0.00508926715702, -0.00342773436569, -0.00432043708861, 0.00546634476632, 0.00486386334524, -0.00991458911449, 0.0302896331996, -0.00964873936027], [0.00169495027512, -0.00434515718371, 0.005754429847, -0.00364437629469, 0.00533566297963, -0.00110281305388, 0.00458947010338, 0.00300149410032, 0.00416777282953, -0.00694291340187, 0.00332728307694, -0.00964873936027, 0.0309162307531]]
    },
    "melbands": {
        "max": [0.00207554339431, 0.00660686613992, 0.00639835232869, 0.00184870976955, 0.00184436608106, 0.00228261435404, 0.000922229897697, 0.00275138230063, 0.00094648549566, 0.0013433767017, 0.000696944829542, 0.000640664016828, 0.000304739282001, 0.000593271513935, 0.000668206659611, 0.00100333488081, 0.000501234258991, 0.000764719792642, 0.000958022254054, 0.000615555269178, 0.000310699426336, 0.000373168179067, 0.000428825325798, 0.000207346820389, 0.000750703504309, 0.000149890125613, 0.000222930670134, 0.000136698916322, 0.000223730748985, 0.000120202508697, 4.34851899627e-05, 3.73458242393e-05, 3.05219728034e-05, 3.93883565266e-05, 1.57540798682e-05, 1.93805408344e-05, 1.9176512069e-05, 2.06164331757e-05, 1.19792448459e-05, 8.68556526257e-06],
        "mean": [0.000147796177771, 0.000355913129169, 0.000476195273222, 0.000300571322441, 0.000283811532427, 0.000221375827095, 0.000126494109281, 0.000192145758774, 0.000128706436954, 0.00011632854148, 0.000113626061648, 8.35014507174e-05, 3.37814490194e-05, 7.1438102168e-05, 0.000102743506432, 0.000122340745293, 5.77768405492e-05, 5.20775720361e-05, 0.000125095204567, 0.000125448263134, 4.10634311265e-05, 5.45182738279e-05, 5.27473821421e-05, 2.34487451962e-05, 3.15087636409e-05, 2.13006169361e-05, 2.06836175494e-05, 1.84791460924e-05, 1.82730891538e-05, 1.17349463835e-05, 6.77283424011e-06, 4.73705449622e-06, 3.07345044348e-06, 2.18441596189e-06, 1.69224620095e-06, 1.42137594139e-06, 1.18662808291e-06, 1.21829805266e-06, 1.01547118447e-06, 7.4151211038e-07],
        "min": [2.1952531711e-24, 1.39093384619e-24, 1.56921749545e-24, 2.45945373231e-24, 2.55115960141e-24, 2.44146730924e-24, 1.90663973146e-24, 1.79635027159e-24, 3.76550801865e-24, 3.31959532007e-24, 2.2572310142e-24, 2.57559535681e-24, 2.24805163149e-24, 2.32655433561e-24, 4.38657505388e-24, 3.40319248792e-24, 2.57632327821e-24, 2.78953542038e-24, 3.83347627424e-24, 3.84534310884e-24, 4.21869677578e-24, 3.42293728194e-24, 3.24435928896e-24, 4.38517482578e-24, 4.85974447446e-24, 3.89676066821e-24, 4.72020957425e-24, 6.10115831492e-24, 5.36799335619e-24, 5.06410756942e-24, 6.2608426948e-24, 5.4451475026e-24, 4.87974643714e-24, 5.55503700999e-24, 6.32308815896e-24, 6.44843618465e-24, 6.29111483761e-24, 6.36880540943e-24, 5.92446254405e-24, 6.49659495962e-24],
        "stdev": [0.000192728752154, 0.00072675262345, 0.000765593897086, 0.000320347462548, 0.000296156329568, 0.000244266499067, 0.0001395027939, 0.000292422657367, 0.000138503062772, 0.000159001821885, 8.74219767866e-05, 8.51832301123e-05, 3.69956724171e-05, 8.14504091977e-05, 9.65755898505e-05, 0.000139334850246, 9.05811539269e-05, 8.70892108651e-05, 0.000143926692544, 0.000110934706754, 4.79899608763e-05, 5.50636941625e-05, 6.68302745908e-05, 2.99524053844e-05, 5.20392350154e-05, 2.39919063461e-05, 2.53712751146e-05, 2.16540556721e-05, 2.4718719942e-05, 1.65118763107e-05, 9.2918626251e-06, 6.00331213718e-06, 4.00008048018e-06, 3.78541903956e-06, 2.63535139311e-06, 2.42266764872e-06, 2.16350554183e-06, 2.19626895159e-06, 1.69841007391e-06, 1.27941837036e-06]
    },
    "melbands128": {
        "max": [0.000372042239178, 0.00120331277139, 0.0027164015919, 0.00552170630544, 0.00698395818472, 0.00977132562548, 0.00918136071414, 0.00536879617721, 0.00334971351549, 0.00169687927701, 0.00404847646132, 0.00368809513748, 0.00211292272434, 0.00329901557416, 0.00278767524287, 0.00220226612873, 0.00207051425241, 0.000689424341545, 0.00220601074398, 0.00558453146368, 0.0035496649798, 0.00110032246448, 0.00174064643215, 0.00123674469069, 0.00221611885354, 0.00225877715275, 0.000345786014805, 0.00112957390957, 0.000951228721533, 0.000772432540543, 0.000909316469915, 0.000250740733463, 0.000586647132877, 0.000363072322216, 0.000263235677266, 0.00082941132132, 0.00165833858773, 0.000369944871636, 0.00173952034675, 0.00157843308989, 0.00210030167364, 0.000665778352413, 0.000694141082931, 0.000729584426153, 0.000718238996342, 0.00131053419318, 0.000668349443004, 0.000525500741787, 0.00257000443526, 0.00126600684598, 0.00127272331156, 0.000582492852118, 0.000506429176312, 0.000512471480761, 0.000749951694161, 0.000477046094602, 0.000738828268368, 0.00114236876834, 0.0002429739543, 0.000576243270189, 0.000198816895136, 0.000466166122351, 0.000948603556026, 0.00105403247289, 0.00029636383988, 0.000150018706336, 0.000292772077955, 0.0001685723837, 0.000418298935983, 0.000258588290308, 0.000192726918613, 0.000180688832188, 0.000364799139788, 0.000384809041861, 0.000210996178794, 0.000145303740283, 0.000174340661033, 9.08455986064e-05, 5.4755833844e-05, 6.53032475384e-05, 6.54465475236e-05, 3.83290353057e-05, 4.83556286781e-05, 4.33853456343e-05, 2.90067473543e-05, 4.83206495119e-05, 4.24039644713e-05, 2.79237701761e-05, 1.7112288333e-05, 2.12688555621e-05, 1.92052484635e-05, 2.5695135264e-05, 1.5575933503e-05, 1.89916790987e-05, 2.70729051408e-05, 1.58635284606e-05, 2.51903602475e-05, 2.31419471675e-05, 1.34134297696e-05, 1.04876253317e-05, 7.58268242862e-06, 1.0064091839e-05, 1.01541054391e-05, 1.16421833809e-05, 6.88960881234e-06, 4.93382367495e-06, 3.92096717405e-06, 1.18540344829e-06, 2.1196625255e-07, 1.81768882612e-07, 2.30354501696e-07, 2.81429521465e-07, 2.62441432142e-07, 1.59246511089e-07, 4.29710915739e-08, 4.19309245103e-08, 1.55246020483e-08, 4.31122160194e-09, 4.17111856166e-09, 4.06558786636e-09, 3.96832477989e-09, 3.87703869009e-09, 3.81161280316e-09, 3.74517439283e-09, 3.69022790103e-09, 3.65134011915e-09, 3.60303165081e-09, 3.59710816689e-09],
        "mean": [6.58407952869e-05, 7.67895253375e-05, 0.000179374488653, 0.000287359667709, 0.000317672791425, 0.000403021927923, 0.000648677174468, 0.000449466984719, 0.00031326757744, 0.000246436160523, 0.000330410053721, 0.000356461474439, 0.000249026837992, 0.000230308854952, 0.000214945015614, 0.00022810549126, 0.000203078612685, 5.30195648025e-05, 8.91464733286e-05, 0.000265219074208, 0.000203782663448, 0.000103804566606, 0.000136412621941, 0.00010575572378, 0.000177276815521, 9.68138920143e-05, 4.51059931947e-05, 0.0001442591456, 0.000134890826303, 0.000117016788863, 5.67012612009e-05, 2.71485387202e-05, 4.45458099421e-05, 2.83902554656e-05, 1.76804132934e-05, 9.57908196142e-05, 0.000155748333782, 2.76560585917e-05, 0.000142518707435, 0.000165497447597, 0.00012219765631, 5.44813956367e-05, 4.99993184349e-05, 7.02856777934e-05, 4.50383922725e-05, 5.15404863108e-05, 5.61166525586e-05, 3.76976713596e-05, 0.000264446804067, 0.000152251668624, 0.000128112384118, 5.43563037354e-05, 2.43317936111e-05, 4.08547566622e-05, 6.07956681051e-05, 4.42319906142e-05, 4.88538753416e-05, 0.00010080463835, 2.60765809799e-05, 2.59442567767e-05, 1.89569636859e-05, 2.8110212952e-05, 3.07731206703e-05, 3.5523025872e-05, 2.33007813222e-05, 1.86484194273e-05, 2.39106739173e-05, 1.89467355085e-05, 2.11927344935e-05, 2.07433113246e-05, 1.70924431586e-05, 1.60088820849e-05, 2.49959011853e-05, 1.58387720148e-05, 1.58823841048e-05, 1.17440486065e-05, 1.14932836368e-05, 7.2413572525e-06, 6.1722398641e-06, 6.06342837273e-06, 4.55474810224e-06, 4.70436043543e-06, 3.85744215237e-06, 2.95130757877e-06, 2.30096020459e-06, 2.34705157709e-06, 2.17078854803e-06, 1.74200181391e-06, 1.73159924088e-06, 1.63830088695e-06, 1.38900963975e-06, 1.48599031036e-06, 1.24281791614e-06, 1.1235367765e-06, 1.22501853639e-06, 1.07853122699e-06, 1.25736289647e-06, 1.36803168971e-06, 1.01947932762e-06, 1.0079228332e-06, 4.16085669031e-07, 8.07108619938e-07, 8.85851420662e-07, 1.03449406197e-06, 6.42739905743e-07, 3.55245106221e-07, 3.02336076174e-07, 5.41218447836e-08, 1.78772605608e-08, 1.72155782963e-08, 1.61096025408e-08, 1.59363864327e-08, 1.63824473987e-08, 1.21489831528e-08, 4.81491690962e-09, 3.39797523452e-09, 1.15943210588e-09, 1.16755901822e-11, 1.01005228487e-11, 9.83853883779e-12, 9.59868035749e-12, 9.37803393969e-12, 9.20705785917e-12, 9.04048190475e-12, 8.91255905883e-12, 8.81474580827e-12, 8.70963544342e-12, 8.68436485918e-12],
        "min": [2.01392059909e-26, 5.8727317083e-25, 2.92804361812e-25, 1.60545500443e-24, 2.69040617295e-25, 7.99702171338e-25, 6.57002459787e-25, 5.20307557446e-25, 1.10227307489e-24, 1.65034740221e-24, 1.01693735621e-24, 1.38313911159e-24, 1.50613938861e-24, 5.27596287084e-25, 4.34677347134e-25, 7.21910822537e-25, 7.24101390663e-25, 6.16054760957e-25, 4.39230849494e-25, 6.90467615716e-25, 1.42936606481e-24, 9.60291818409e-25, 2.13223620098e-24, 1.66437463101e-24, 1.21592692791e-24, 5.79574430736e-25, 1.47539097103e-24, 3.41559515628e-25, 1.52191285963e-24, 1.0717912923e-24, 1.48905226697e-24, 1.46256557183e-24, 1.97176000197e-24, 2.03704810264e-24, 1.73016129177e-24, 1.53715927295e-24, 1.93737355511e-24, 2.07417801051e-24, 1.68806865994e-24, 1.34683849374e-24, 2.76907335457e-24, 1.12323833535e-24, 1.17394572269e-24, 3.11565071581e-24, 1.11730886235e-24, 1.70274778366e-24, 1.16347191784e-24, 1.99590841478e-24, 1.90519118562e-24, 1.07559784199e-24, 2.10230149342e-24, 5.3491440179e-25, 1.65978405218e-24, 1.61169676773e-24, 3.32556384168e-24, 2.27785795193e-24, 2.12830767367e-24, 2.14005262926e-24, 2.007275506e-24, 2.47927603192e-24, 2.01250013177e-24, 3.1006635419e-24, 2.61664176186e-24, 1.85767237406e-24, 2.92535301078e-24, 2.22233851307e-24, 2.36942695366e-24, 2.68988690526e-24, 2.1793386912e-24, 2.6996301263e-24, 4.15539699902e-24, 3.36862854735e-24, 3.79939235554e-24, 4.27533659435e-24, 3.06274260376e-24, 4.43899407217e-24, 3.05443274298e-24, 3.69303142298e-24, 5.13360976505e-24, 4.97969274725e-24, 5.14587221339e-24, 3.16602362613e-24, 3.19869903368e-24, 4.06131823633e-24, 2.26764654194e-24, 3.95784847899e-24, 4.2701305068e-24, 3.92349200884e-24, 4.64104659355e-24, 4.83225622178e-24, 5.07076003344e-24, 3.9090795201e-24, 3.92424024341e-24, 5.61238167577e-24, 5.49184333502e-24, 6.26611780767e-24, 4.54982587391e-24, 4.66585193028e-24, 4.38338845026e-24, 4.60371966767e-24, 4.30030128098e-24, 5.77312707357e-24, 5.49264166226e-24, 6.02149322426e-24, 4.64847293011e-24, 4.80405483885e-24, 5.37622156987e-24, 4.48827460735e-24, 5.37161501661e-24, 5.69622615151e-24, 5.68497028969e-24, 6.22706485413e-24, 5.96697149722e-24, 5.21974272628e-24, 5.19831805295e-24, 6.27500629792e-24, 6.02187503294e-24, 5.13594873763e-24, 5.97927693848e-24, 5.43082888831e-24, 6.33502125787e-24, 4.28340072495e-24, 6.33142247442e-24, 5.31216764208e-24, 5.81839743433e-24, 6.57329827202e-24, 5.52795896498e-24, 6.01768933697e-24],
        "stdev": [5.10504032718e-05, 0.000102073317976, 0.00025350265787, 0.000539341708645, 0.000812253099866, 0.000987827428617, 0.00110851193313, 0.000800408481155, 0.000427061604569, 0.000285288318992, 0.000527075782884, 0.000513040635269, 0.00031908636447, 0.000298083177768, 0.000327162561007, 0.000296563928714, 0.000272231700365, 8.46810435178e-05, 0.000160777242854, 0.00049977429444, 0.000380067067454, 0.00014660974557, 0.000223063398153, 0.000170771163539, 0.000305369117996, 0.000205098636798, 4.20599972131e-05, 0.000149218132719, 0.000118900294183, 0.000142287273775, 0.000106087638414, 3.38344361808e-05, 6.34285606793e-05, 4.27840022894e-05, 3.10260547849e-05, 0.000119809497846, 0.000216549888137, 4.7327579523e-05, 0.000212835308048, 0.000210356025491, 0.000234994760831, 9.69393222476e-05, 0.000102652404166, 0.000116541188618, 9.23924017115e-05, 0.000113081106974, 9.90115877357e-05, 6.99064985383e-05, 0.000376833748305, 0.000185721408343, 0.000188664125744, 7.84892981756e-05, 5.12212573085e-05, 5.85571906413e-05, 8.4335792053e-05, 7.08610386937e-05, 7.70605620346e-05, 0.000162718657521, 3.52849383489e-05, 5.79282968829e-05, 2.8574046155e-05, 4.57883943454e-05, 6.19569545961e-05, 7.41465119063e-05, 3.38424943038e-05, 2.52618156082e-05, 3.36067896569e-05, 2.60252436419e-05, 3.59681034752e-05, 2.86073554889e-05, 2.46496820182e-05, 2.46737345151e-05, 3.90980058e-05, 2.86412978312e-05, 2.40975350607e-05, 1.80817187356e-05, 2.04488096642e-05, 1.15337807074e-05, 9.36930791795e-06, 8.51477307151e-06, 6.99314978192e-06, 6.22570223641e-06, 5.20728417541e-06, 4.41988640887e-06, 3.89907336285e-06, 4.50043808087e-06, 3.96930636271e-06, 3.02147032016e-06, 2.92370805255e-06, 2.71470935331e-06, 2.48620722232e-06, 2.88193905362e-06, 2.17297474592e-06, 2.28439853345e-06, 2.39571272687e-06, 1.98381098926e-06, 2.4603282327e-06, 2.61440732174e-06, 1.74473382231e-06, 1.74751244231e-06, 9.08265576527e-07, 1.54155520704e-06, 1.48927290411e-06, 1.66442623595e-06, 9.29029624785e-07, 5.22519428614e-07, 4.46584124347e-07, 9.81817720458e-08, 2.58602259606e-08, 2.38783606221e-08, 2.30889316555e-08, 2.52566429992e-08, 2.50883367414e-08, 1.72100431683e-08, 5.84877790644e-09, 4.5793400183e-09, 1.79520709409e-09, 1.8357131093e-10, 1.77634684739e-10, 1.73140377036e-10, 1.68998232075e-10, 1.65110536354e-10, 1.62324487185e-10, 1.59495222585e-10, 1.57154914082e-10, 1.55498808274e-10, 1.53441301332e-10, 1.53189239072e-10]
    },
    "mfcc": {
        "mean": [-670.959472656, 93.0605621338, -28.4253253937, 21.72133255, -1.45856022835, 2.44227004051, -4.33332490921, -4.70361089706, 1.31093382835, -0.510607898235, -4.98997020721, -0.0638776868582, -1.32127726078],
        "cov": [[41748.2421875, 5709.42089844, -1998.83520508, 1438.55114746, -41.8618850708, 129.555053711, -223.86126709, -459.861663818, 2.51753520966, -52.3931465149, -328.372406006, -33.8640975952, -126.407714844], [5709.42089844, 1812.47412109, -516.101623535, 315.026611328, -122.46156311, -15.1110401154, -72.8262710571, 14.1955595016, 55.2731742859, 0.809484243393, -121.011581421, -15.8312397003, 41.5935935974], [-1998.83520508, -516.101623535, 517.394775391, -146.589370728, 107.336601257, -3.64615178108, 36.1163482666, 20.1974239349, -8.7707233429, -12.711848259, 37.7796630859, -2.75997114182, 4.72634029388], [1438.55114746, 315.026611328, -146.589370728, 220.737457275, -45.2984886169, 27.7823982239, -7.51723670959, 10.99259758, 13.3339719772, 6.20885229111, -20.1399517059, 6.99155664444, -14.8770627975], [-41.8618850708, -122.46156311, 107.336601257, -45.2984886169, 142.800537109, 13.5352954865, 23.5298652649, 3.08012080193, 6.13799905777, -5.05054712296, 22.6008872986, 9.21493434906, 0.955536484718], [129.555053711, -15.1110401154, -3.64615178108, 27.7823982239, 13.5352954865, 71.7176895142, 19.6399784088, 1.3173583746, -3.78141760826, 1.80338180065, 4.45987987518, 2.18817925453, -12.3922462463], [-223.86126709, -72.8262710571, 36.1163482666, -7.51723670959, 23.5298652649, 19.6399784088, 82.6381759644, 12.1527462006, 5.73682689667, -8.82714748383, 17.7772712708, 2.95323133469, 0.437134623528], [-459.861663818, 14.1955595016, 20.1974239349, 10.99259758, 3.08012080193, 1.3173583746, 12.1527462006, 79.4612579346, 15.2588224411, 2.36858916283, 6.06048631668, 3.38142132759, 0.74461042881], [2.51753520966, 55.2731742859, -8.7707233429, 13.3339719772, 6.13799905777, -3.78141760826, 5.73682689667, 15.2588224411, 51.7128334045, 15.0167598724, 3.22089672089, -3.89166593552, -1.71483838558], [-52.3931465149, 0.809484243393, -12.711848259, 6.20885229111, -5.05054712296, 1.80338180065, -8.82714748383, 2.36858916283, 15.0167598724, 49.3482093811, 16.7114429474, 6.64972925186, 1.45021903515], [-328.372406006, -121.011581421, 37.7796630859, -20.1399517059, 22.6008872986, 4.45987987518, 17.7772712708, 6.06048631668, 3.22089672089, 16.7114429474, 57.7567939758, 19.340675354, -0.249589934945], [-33.8640975952, -15.8312397003, -2.75997114182, 6.99155664444, 9.21493434906, 2.18817925453, 2.95323133469, 3.38142132759, -3.89166593552, 6.64972925186, 19.340675354, 47.7421951294, 18.3121471405], [-126.407714844, 41.5935935974, 4.72634029388, -14.8770627975, 0.955536484718, -12.3922462463, 0.437134623528, 0.74461042881, -1.71483838558, 1.45021903515, -0.249589934945, 18.3121471405, 44.0637016296]],
        "icov": [[6.26274413662e-05, -0.000195093278307, 4.02363075409e-05, -0.000168151047546, -0.000232498612604, 3.20019062201e-05, -2.77151211776e-05, 0.000393685942981, 0.000176971036126, 2.26601187023e-05, -7.46176156099e-05, -6.64193212288e-05, 0.000343716907082], [-0.000195093278307, 0.00172570929863, 0.000620747159701, -0.000610879098531, 0.00050370208919, 9.02910906007e-05, 0.000506317941472, -0.00146404816769, -0.00139653321821, 0.00011994063243, 0.00140009995084, 0.000931270129513, -0.00286467419937], [4.02363075409e-05, 0.000620747159701, 0.00331946485676, 0.000555205158889, -0.00177782843821, 0.000183600001037, -0.000106702529592, -0.00078047614079, 0.000125612292322, 0.000555322680157, -0.000210901635, 0.00115464220289, -0.00102911889553], [-0.000168151047546, -0.000610879098531, 0.000555205158889, 0.00827277172357, 0.0020066157449, -0.0027002976276, -0.000281187560176, -0.00185373343993, -0.00135830848012, -0.000404098915169, 0.00139889295679, -0.00358655396849, 0.00351786147803], [-0.000232498612604, 0.00050370208919, -0.00177782843821, 0.0020066157449, 0.010262535885, -0.00222240830772, -0.000659146870021, -0.000787633762229, -0.00299811153673, 0.00184142857324, -0.00174197193701, -0.00175784574822, -0.000558601983357], [3.20019062201e-05, 9.02910906007e-05, 0.000183600001037, -0.0027002976276, -0.00222240830772, 0.0176841001958, -0.00454674195498, 0.000339297897881, 0.00334747950546, -0.00268463464454, 0.00126943807118, -0.0014349296689, 0.00495829666033], [-2.77151211776e-05, 0.000506317941472, -0.000106702529592, -0.000281187560176, -0.000659146870021, -0.00454674195498, 0.0159450229257, -0.00170932372566, -0.00326201319695, 0.00564174866304, -0.00538402842358, 0.00201645214111, -0.00321577000432], [0.000393685942981, -0.00146404816769, -0.00078047614079, -0.00185373343993, -0.000787633762229, 0.000339297897881, -0.00170932372566, 0.0165453720838, -0.00286035635509, 0.000776540255174, -0.00142387428787, -0.00156574626453, 0.00232483563013], [0.000176971036126, -0.00139653321821, 0.000125612292322, -0.00135830848012, -0.00299811153673, 0.00334747950546, -0.00326201319695, -0.00286035635509, 0.025878187269, -0.00876140967011, -0.00022460463515, 0.00319571932778, 0.00240709981881], [2.26601187023e-05, 0.00011994063243, 0.000555322680157, -0.000404098915169, 0.00184142857324, -0.00268463464454, 0.00564174866304, 0.000776540255174, -0.00876140967011, 0.0278781596571, -0.0100013045594, -0.000125249353005, -0.00237133749761], [-7.46176156099e-05, 0.00140009995084, -0.000210901635, 0.00139889295679, -0.00174197193701, 0.00126943807118, -0.00538402842358, -0.00142387428787, -0.00022460463515, -0.0100013045594, 0.0296260043979, -0.0115274684504, 0.00471036788076], [-6.64193212288e-05, 0.000931270129513, 0.00115464220289, -0.00358655396849, -0.00175784574822, -0.0014349296689, 0.00201645214111, -0.00156574626453, 0.00319571932778, -0.000125249353005, -0.0115274684504, 0.0335168726742, -0.0166292116046], [0.000343716907082, -0.00286467419937, -0.00102911889553, 0.00351786147803, -0.000558601983357, 0.00495829666033, -0.00321577000432, 0.00232483563013, 0.00240709981881, -0.00237133749761, 0.00471036788076, -0.0166292116046, 0.0361910536885]]
    },
    "spectral_contrast_coeffs": {
        "max": [-0.556011199951, -0.62347894907, -0.536711394787, -0.505150198936, -0.533092916012, -0.524485051632],
        "mean": [-0.729455769062, -0.792181134224, -0.753524541855, -0.758263707161, -0.780677199364, -0.728584289551],
        "min": [-0.981382668018, -0.985836625099, -0.971781253815, -0.968263208866, -0.966692149639, -0.964487552643],
        "stdev": [0.0935246199369, 0.0749003440142, 0.0886546820402, 0.0927699506283, 0.0793247073889, 0.0953471362591]
    },
    "spectral_contrast_valleys": {
        "max": [-5.49043464661, -5.24203824997, -6.13452339172, -5.46166229248, -5.5785074234, -8.0211648941],
        "mean": [-8.87956619263, -8.4581079483, -9.21583461761, -9.09834289551, -8.91102027893, -12.0090103149],
        "min": [-27.8131141663, -27.7664928436, -27.786315918, -27.6271038055, -27.5109710693, -27.3775062561],
        "stdev": [5.87331485748, 5.97868347168, 5.77431774139, 5.80492925644, 5.85063743591, 4.94457626343]
    }
},
"rhythm": {
    "beats_count": 29,
    "beats_loudness": {
        "max": 0.0407292172313,
        "mean": 0.0228474363685,
        "min": 0,
        "stdev": 0.00927418097854
    },
    "bpm": 142.468322754,
    "bpm_histogram_first_peak_bpm": 144,
    "bpm_histogram_first_peak_weight": 0.280000030994,
    "bpm_histogram_second_peak_bpm": 126,
    "bpm_histogram_second_peak_spread": 0,
    "bpm_histogram_second_peak_weight": 0.0714285746217,
    "danceability": 1.14614093304,
    "onset_rate": 2.66470932961,
    "beats_loudness_band_ratio": {
        "max": [0.749954104424, 0.314044982195, 0.387664973736, 0.419638723135, 0.522175014019, 0.353097707033],
        "mean": [0.211029306054, 0.149284780025, 0.161128386855, 0.136773481965, 0.19269567728, 0.124040521681],
        "min": [0, 0, 0, 0, 0, 0],
        "stdev": [0.181068748236, 0.0748668462038, 0.0930820330977, 0.0827104970813, 0.128959998488, 0.0713790282607]
    },
    "beats_position": [0.46439909935, 0.940408170223, 1.4164172411, 1.8575963974, 2.27555561066, 2.70512461662, 3.13469386101, 3.55265307426, 3.97061228752, 4.38857126236, 4.80653047562, 5.22448968887, 5.65405893326, 6.08362817764, 6.5015873909, 6.91954612732, 7.33750534058, 7.75546455383, 8.17342376709, 8.60299301147, 9.02095222473, 9.45052146912, 9.86848068237, 10.2864398956, 10.7043991089, 11.1223583221, 11.5403175354, 11.9582767487, 12.387845993],
