{
"metadata": {
    "version": {
        "essentia": "2.1-beta5",
        "essentia_git_sha": "Undefined",
        "extractor": "music 2.0"
    },
    "audio_properties": {
        "analysis": {
            "equal_loudness": 0,
            "length": 24.9498405457,
            "sample_rate": 44100,
            "start_time": 158.998641968,
            "downmix": "mix"
        },
        "bit_rate": 192000,
        "length": 183.971694946,
        "lossless": 0,
        "number_channels": 2,
        "replay_gain": -11.3394432068,
        "sample_rate": 44100,
        "codec": "mp3",
        "md5_encoded": "89c0baecde7b1a49700032116068e2f9"
    },
    "tags": {
        "file_name": "Denmark_Det_ Lige Det_Hot Eyes.mp3",
        "encoding": ["Lavf58.29.100"]
    }
},
"lowlevel": {
    "average_loudness": 0.96726334095,
    "barkbands_crest": {
        "max": 22.5960063934,
        "mean": 7.37318229675,
        "min": 2.39345788956,
        "stdev": 3.52574110031
    },
    "barkbands_flatness_db": {
        "max": 0.213076218963,
        "mean": 0.113146550953,
        "min": 0.028774689883,
        "stdev": 0.0267162937671
    },
    "barkbands_kurtosis": {
        "max": 5.81575012207,
        "mean": -0.0964068174362,
        "min": -1.76219761372,
        "stdev": 1.26272499561
    },
    "barkbands_skewness": {
        "max": 2.37806415558,
        "mean": 0.134160161018,
        "min": -2.31990909576,
        "stdev": 0.633474111557
    },
    "barkbands_spread": {
        "max": 78.135307312,
        "mean": 26.8259525299,
        "min": 6.96193313599,
        "stdev": 10.4244146347
    },
    "dissonance": {
        "max": 0.5,
        "mean": 0.476878732443,
        "min": 0.374764353037,
        "stdev": 0.0197092480958
    },
    "dynamic_complexity": 3.05952906609,
    "erbbands_crest": {
        "max": 27.1493053436,
        "mean": 8.97154712677,
        "min": 2.6248793602,
        "stdev": 4.66075229645
    },
    "erbbands_flatness_db": {
        "max": 0.305203855038,
        "mean": 0.197259023786,
        "min": 0.0873958617449,
        "stdev": 0.0393029078841
    },
    "erbbands_kurtosis": {
        "max": 7.80493736267,
        "mean": 0.249446734786,
        "min": -1.65781378746,
        "stdev": 1.28220963478
    },
    "erbbands_skewness": {
        "max": 2.20491147041,
        "mean": -0.0345221608877,
        "min": -2.05358862877,
        "stdev": 0.68380010128
    },
    "erbbands_spread": {
        "max": 108.884597778,
        "mean": 28.38073349,
        "min": 7.14209270477,
        "stdev": 11.6831111908
    },
    "hfc": {
        "max": 92.8991012573,
        "mean": 28.6952552795,
        "min": 1.11470250543e-16,
        "stdev": 17.3190460205
    },
    "loudness_ebu128": {
        "integrated": -12.5571804047,
        "loudness_range": 1.85153865814,
        "momentary": {
            "max": -10.1111888885,
            "mean": -18.4670333862,
            "min": -300.691009521,
            "stdev": 35.0431060791
        },
        "short_term": {
            "max": -11.5783853531,
            "mean": -12.692027092,
            "min": -16.5467014313,
            "stdev": 0.766787111759
        }
    },
    "melbands_crest": {
        "max": 29.91746521,
        "mean": 9.24608707428,
        "min": 1.00554990768,
        "stdev": 4.44294166565
    },
    "melbands_flatness_db": {
        "max": 0.215584725142,
        "mean": 0.116314597428,
        "min": -6.47146293886e-07,
        "stdev": 0.0378298349679
    },
    "melbands_kurtosis": {
        "max": 26.1433334351,
        "mean": 1.41956961155,
        "min": -1.65713059902,
        "stdev": 2.62817144394
    },
    "melbands_skewness": {
        "max": 4.83157157898,
        "mean": 0.960680782795,
        "min": -0.828627943993,
        "stdev": 0.750332117081
    },
    "melbands_spread": {
        "max": 148.690719604,
        "mean": 44.4165229797,
        "min": 10.7663516998,
        "stdev": 21.2413463593
    },
    "pitch_salience": {
        "max": 0.996021807194,
        "mean": 0.61500954628,
        "min": 0.227128818631,
        "stdev": 0.10862993449
    },
    "silence_rate_20dB": {
        "max": 1,
        "mean": 1,
        "min": 1,
        "stdev": 0
    },
    "silence_rate_30dB": {
        "max": 1,
        "mean": 1,
        "min": 1,
        "stdev": 0
    },
    "silence_rate_60dB": {
        "max": 1,
        "mean": 0.0836431235075,
        "min": 0,
        "stdev": 0.276851713657
    },
    "spectral_centroid": {
        "max": 11465.1953125,
        "mean": 2380.63623047,
        "min": 834.631652832,
        "stdev": 1518.85510254
    },
    "spectral_complexity": {
        "max": 56,
        "mean": 26.9451675415,
        "min": 0,
        "stdev": 11.319442749
    },
    "spectral_decrease": {
        "max": 2.29925220481e-28,
        "mean": -4.55671411714e-09,
        "min": -1.22689041149e-08,
        "stdev": 2.45299447421e-09
    },
    "spectral_energy": {
        "max": 0.0521958619356,
        "mean": 0.0198008269072,
        "min": 1.01012081387e-20,
        "stdev": 0.0105836233124
    },
    "spectral_energyband_high": {
        "max": 0.0085539938882,
        "mean": 0.00107486464549,
        "min": 7.2249266654e-21,
        "stdev": 0.000934127019718
    },
    "spectral_energyband_low": {
        "max": 0.0197645872831,
        "mean": 0.00187194836326,
        "min": 3.29031485431e-23,
        "stdev": 0.00222164136358
    },
    "spectral_energyband_middle_high": {
        "max": 0.0481547862291,
        "mean": 0.0113525744528,
        "min": 1.13753025616e-21,
        "stdev": 0.00863793306053
    },
    "spectral_energyband_middle_low": {
        "max": 0.037086032331,
        "mean": 0.00618094066158,
        "min": 1.18087264719e-22,
        "stdev": 0.00519770756364
    },
    "spectral_entropy": {
        "max": 9.82075119019,
        "mean": 7.77886199951,
        "min": 6.76614284515,
        "stdev": 0.445650219917
    },
    "spectral_flux": {
        "max": 0.190779432654,
        "mean": 0.0803671702743,
        "min": 6.47504133644e-11,
        "stdev": 0.0332824401557
    },
    "spectral_kurtosis": {
        "max": 11.1475772858,
        "mean": 2.91203069687,
        "min": -1.25278759003,
        "stdev": 1.72948849201
    },
    "spectral_rms": {
        "max": 0.00713602080941,
        "mean": 0.00414848374203,
        "min": 3.13924147094e-12,
        "stdev": 0.00145188509487
    },
    "spectral_rolloff": {
        "max": 19552.1484375,
        "mean": 3106.50317383,
        "min": 279.931640625,
        "stdev": 2972.75976562
    },
    "spectral_skewness": {
        "max": 2.0162832737,
        "mean": 1.04926860332,
        "min": -0.162707328796,
        "stdev": 0.326067686081
    },
    "spectral_spread": {
        "max": 42966644,
        "mean": 4528035.5,
        "min": 2274965.75,
        "stdev": 6270373.5
    },
    "spectral_strongpeak": {
        "max": 16.677520752,
        "mean": 1.95996367931,
        "min": 0,
        "stdev": 2.17919015884
    },
    "zerocrossingrate": {
        "max": 0.537109375,
        "mean": 0.101356476545,
        "min": 0.03369140625,
        "stdev": 0.0754484757781
    },
    "barkbands": {
        "max": [0.000454244524008, 0.0109629072249, 0.0106164859608, 0.0112631060183, 0.0106346029788, 0.0127466758713, 0.0187569074333, 0.0230935886502, 0.022407501936, 0.0416844636202, 0.0305595323443, 0.0264631751925, 0.0231077037752, 0.0124835325405, 0.0316155068576, 0.01344276499, 0.0197604708374, 0.00589830428362, 0.00704035302624, 0.014914944768, 0.00655339891091, 0.00130035646725, 0.00169957033359, 0.00149310473353, 0.00121404568199, 3.63431149708e-06, 1.09805307602e-06],
        "mean": [0.000137265597004, 0.000888609094545, 0.000694319722243, 0.000508930010255, 0.000891952309757, 0.000819163047709, 0.00112668448128, 0.00102690374479, 0.00106194289401, 0.00176537700463, 0.00153620995115, 0.00117457902525, 0.00100738741457, 0.000725360529032, 0.00127806025557, 0.00094201794127, 0.00153195799794, 0.000629361835308, 0.000683182559442, 0.000570121163037, 0.000361743965186, 0.000197300396394, 0.000139184005093, 7.70415790612e-05, 2.59370863205e-05, 2.50652760769e-07, 1.10596030112e-08],
        "min": [2.47924743572e-24, 3.44411543624e-24, 2.03498108985e-24, 2.64675100489e-24, 7.40342567448e-24, 1.15460853309e-23, 7.75736941885e-24, 5.86029028714e-24, 1.96562869891e-23, 2.33453524139e-23, 3.05093217272e-23, 2.92919768218e-23, 3.79227967007e-23, 4.89392771075e-23, 4.71823828973e-23, 5.27778900495e-23, 6.48140741504e-23, 1.36567562047e-22, 1.56674427452e-22, 1.87155003088e-22, 2.75555601786e-22, 3.34245288034e-22, 3.9117244445e-22, 5.21142819544e-22, 8.8611127372e-22, 1.39056522963e-21, 2.07561385726e-21],
        "stdev": [7.11829052307e-05, 0.00125483982265, 0.00109068572056, 0.000920499674976, 0.0010149552254, 0.00106996006798, 0.00198724726215, 0.00199548760429, 0.00212374771945, 0.0047475527972, 0.00300703546964, 0.00243591074832, 0.00223615649156, 0.0012785299914, 0.00198609358631, 0.00136274052784, 0.00261931074783, 0.000645744497888, 0.000768686237279, 0.000895543489605, 0.000470609520562, 0.000199347530724, 0.000135049980599, 9.59918324952e-05, 7.39937386243e-05, 3.93747029648e-07, 3.51656588293e-08]
    },
    "erbbands": {
        "max": [0.12663435936, 2.99935102463, 9.70029449463, 30.0885391235, 28.0835838318, 33.9402122498, 27.5367603302, 120.857788086, 267.138275146, 296.774963379, 368.450714111, 508.125915527, 1487.59460449, 968.457824707, 1332.91491699, 519.061584473, 951.590393066, 845.011962891, 773.564086914, 1856.74633789, 594.680297852, 868.929931641, 423.391967773, 462.590209961, 327.039703369, 704.938415527, 242.171539307, 290.367492676, 60.9194221497, 58.9787368774, 41.8581848145, 31.0766448975, 21.0992870331, 24.8883800507, 3.87938117981, 0.150221988559, 0.0093758655712, 0.000738595321309, 0.000165980105521, 6.93787296768e-05],
        "mean": [0.0126158632338, 0.245431065559, 0.797320663929, 1.32505559921, 2.05552387238, 3.5539727211, 3.87708425522, 8.31108188629, 11.5349645615, 22.8148651123, 20.3200302124, 25.407957077, 54.1687927246, 53.1023674011, 67.873588562, 38.3586349487, 43.0187110901, 40.8278656006, 61.8796310425, 57.3859977722, 68.0579299927, 71.0679855347, 39.8976745605, 36.0351905823, 30.7026901245, 24.5099430084, 18.9207839966, 11.9182415009, 7.65050506592, 5.0016450882, 3.81137514114, 2.12303757668, 1.06751298904, 0.428302168846, 0.113371409476, 0.00716176768765, 0.000546010094695, 9.91537453956e-05, 1.82913045137e-05, 2.68188941845e-05],
        "min": [9.82783552326e-23, 5.07284515058e-22, 1.86693715096e-21, 1.14237665406e-20, 1.92244254526e-20, 2.30695179845e-20, 6.71092794187e-20, 1.29643254848e-19, 1.34411175598e-19, 2.36490497689e-19, 3.44458738281e-19, 5.5242331801e-19, 7.71987037879e-19, 9.06754663698e-19, 1.39296150159e-18, 1.21783640577e-18, 2.16905078662e-18, 2.32458927951e-18, 2.54308655677e-18, 4.42975608024e-18, 3.38373118816e-18, 4.84468890065e-18, 6.74546143997e-18, 8.03709362672e-18, 7.92064893035e-18, 1.01764597963e-17, 1.00844152736e-17, 1.25037779446e-17, 1.17762709415e-17, 1.33206833196e-17, 1.15096995814e-17, 1.06097659525e-17, 9.88210013068e-18, 8.52279505726e-18, 7.6278269935e-18, 4.31740923663e-18, 2.37412250895e-18, 1.07789336935e-18, 2.7050574129e-19, 2.79003626217e-20],
        "stdev": [0.01543254219, 0.348049968481, 1.1144258976, 2.42571353912, 2.7887301445, 4.54368257523, 4.26054620743, 11.7456159592, 19.7215595245, 37.9271469116, 33.0475921631, 46.0618591309, 162.810714722, 90.544128418, 145.019241333, 61.1776847839, 91.7903594971, 67.310005188, 85.4922027588, 100.275985718, 81.8509521484, 107.588897705, 42.4128684998, 43.7890472412, 35.2826347351, 38.901763916, 23.0616321564, 15.996632576, 7.96075534821, 5.04424905777, 3.78587079048, 2.32836914062, 1.53341937065, 1.32415735722, 0.273933798075, 0.012791835703, 0.000841297558509, 9.84102443908e-05, 1.15798547995e-05, 1.40401516546e-05]
    },
    "gfcc": {
        "mean": [-40.0674057007, 81.0794143677, -175.032623291, 43.7005958557, -72.7731246948, 14.5773906708, -35.7327919006, 4.13444185257, -12.8373556137, -8.58166027069, -4.97610902786, -8.87666225433, 1.18280375004],
        "cov": [[51903.7421875, 4218.42822266, -6333.87451172, 2142.00463867, -2607.11230469, 592.625366211, -1293.61938477, 165.6121521, -439.933288574, -524.905944824, -167.778152466, -502.821044922, 31.7809925079], [4218.42822266, 1541.33117676, 230.805343628, 624.076599121, 140.964233398, 6.6828494072, 99.8860321045, -30.0328998566, 62.3462371826, -108.983963013, 52.9674797058, -122.938591003, -60.0052452087], [-6333.87451172, 230.805343628, 1643.37084961, 185.880050659, 566.269958496, -64.861114502, 205.065765381, -4.20926856995, 68.4598846436, 27.7187004089, 23.6870765686, 7.86866664886, -66.0888977051], [2142.00463867, 624.076599121, 185.880050659, 485.077697754, 54.6771125793, -37.8678245544, -31.4830417633, 1.99832236767, 38.9568443298, -44.8500480652, 5.22028064728, -54.3444061279, -31.6905632019], [-2607.11230469, 140.964233398, 566.269958496, 54.6771125793, 350.641204834, 5.73839044571, 152.139373779, -9.8461151123, 42.9218177795, 0.259715497494, 39.375705719, -3.66424441338, -12.9671945572], [592.625366211, 6.6828494072, -64.861114502, -37.8678245544, 5.73839044571, 178.4659729, 45.4431114197, -5.5083899498, -81.1111831665, -1.52177596092, 3.42722892761, -3.46109724045, 5.74446725845], [-1293.61938477, 99.8860321045, 205.065765381, -31.4830417633, 152.139373779, 45.4431114197, 226.966064453, -13.5284795761, -18.8508548737, -7.37861919403, 17.9551029205, -5.8492474556, 0.516306996346], [165.6121521, -30.0328998566, -4.20926856995, 1.99832236767, -9.8461151123, -5.5083899498, -13.5284795761, 93.7229690552, 39.6170005798, -20.7750892639, -10.3661184311, 6.83294534683, 8.73024272919], [-439.933288574, 62.3462371826, 68.4598846436, 38.9568443298, 42.9218177795, -81.1111831665, -18.8508548737, 39.6170005798, 168.326797485, -14.1872081757, 21.6286849976, 0.151344045997, -13.5699987411], [-524.905944824, -108.983963013, 27.7187004089, -44.8500480652, 0.259715497494, -1.52177596092, -7.37861919403, -20.7750892639, -14.1872081757, 88.0985641479, 14.6943407059, 13.6168775558, -0.564404189587], [-167.778152466, 52.9674797058, 23.6870765686, 5.22028064728, 39.375705719, 3.42722892761, 17.9551029205, -10.3661184311, 21.6286849976, 14.6943407059, 83.6362533569, 3.31482338905, 3.35486030579], [-502.821044922, -122.938591003, 7.86866664886, -54.3444061279, -3.66424441338, -3.46109724045, -5.8492474556, 6.83294534683, 0.151344045997, 13.6168775558, 3.31482338905, 66.3001022339, 24.7128810883], [31.7809925079, -60.0052452087, -66.0888977051, -31.6905632019, -12.9671945572, 5.74446725845, 0.516306996346, 8.73024272919, -13.5699987411, -0.564404189587, 3.35486030579, 24.7128810883, 67.8356018066]],
        "icov": [[0.000420033931732, -0.00108523759991, 0.00136577931698, -0.00113134132698, 0.000939644989558, -0.0010559221264, 0.00105096329935, -0.00117271800991, 0.000835217302665, 9.16551380215e-06, 0.000211640348425, 0.000231483965763, 0.000129653664771], [-0.00108523759991, 0.0046365102753, -0.00345380278304, 0.000704045174643, -0.00226779910736, 0.00231841159984, -0.00378625025041, 0.00376180070452, -0.0026658072602, 0.00105598126538, -0.00143872620538, 0.000550605705939, -0.000165289413417], [0.00136577931698, -0.00345380278304, 0.00612940220162, -0.00417009787634, 0.000228380042245, -0.00267953309231, 0.00344955176115, -0.00432107271627, 0.0032897295896, -0.000623278727289, 0.00137218390591, -0.000180881688721, 0.0017798023764], [-0.00113134132698, 0.000704045174643, -0.00417009787634, 0.0083958171308, -0.00277150073089, 0.00355983152986, -0.0006773978821, 0.00246512074955, -0.00173698924482, 2.58521013166e-05, 1.54385670612e-05, -3.00551300825e-06, -0.000477928755572], [0.000939644989558, -0.00226779910736, 0.000228380042245, -0.00277150073089, 0.011574680917, -0.00381987192668, -0.00114893820137, -0.0012396981474, -0.000609458074905, 0.00076814100612, -0.00175247085281, 0.00154419231694, -0.00140557962004], [-0.0010559221264, 0.00231841159984, -0.00267953309231, 0.00355983152986, -0.00381987192668, 0.0109904259443, -0.0033852935303, 0.000923465006053, 0.00259258621372, 0.000162115553394, -0.00155895308126, -0.000729162071366, 0.00070673902519], [0.00105096329935, -0.00378625025041, 0.00344955176115, -0.0006773978821, -0.00114893820137, -0.0033852935303, 0.0103916153312, -0.00301587255672, 0.00339640630409, 0.000560870394111, 0.000639099278487, 0.000846334267408, -7.70538244979e-05], [-0.00117271800991, 0.00376180070452, -0.00432107271627, 0.00246512074955, -0.0012396981474, 0.000923465006053, -0.00301587255672, 0.0172723699361, -0.00702856713906, 0.0029509041924, 0.00112083018757, -0.00107581913471, -0.00274128629826], [0.000835217302665, -0.0026658072602, 0.0032897295896, -0.00173698924482, -0.000609458074905, 0.00259258621372, 0.00339640630409, -0.00702856713906, 0.0122190779075, 0.000875939615071, -0.00229124561884, -0.0004817135341, 0.0029272546526], [9.16551380215e-06, 0.00105598126538, -0.000623278727289, 2.58521013166e-05, 0.00076814100612, 0.000162115553394, 0.000560870394111, 0.0029509041924, 0.000875939615071, 0.0145738022402, -0.00337522523478, -0.00128598010633, 0.0010156017961], [0.000211640348425, -0.00143872620538, 0.00137218390591, 1.54385670612e-05, -0.00175247085281, -0.00155895308126, 0.000639099278487, 0.00112083018757, -0.00229124561884, -0.00337522523478, 0.015069687739, -0.00104672263842, -0.00123021844774], [0.000231483965763, 0.000550605705939, -0.000180881688721, -3.00551300825e-06, 0.00154419231694, -0.000729162071366, 0.000846334267408, -0.00107581913471, -0.0004817135341, -0.00128598010633, -0.00104672263842, 0.0210508536547, -0.00703432550654], [0.000129653664771, -0.000165289413417, 0.0017798023764, -0.000477928755572, -0.00140557962004, 0.00070673902519, -7.70538244979e-05, -0.00274128629826, 0.0029272546526, 0.0010156017961, -0.00123021844774, -0.00703432550654, 0.019287629053]]
    },
    "melbands": {
        "max": [0.00212407228537, 0.00447438191622, 0.00434281677008, 0.00261461804621, 0.000920860446058, 0.00310158287175, 0.00342315761372, 0.00390568096191, 0.00237559061497, 0.0035021181684, 0.00755104795098, 0.00406153034419, 0.00324847828597, 0.00336272199638, 0.000937355216593, 0.00298335985281, 0.00139167858288, 0.00111342943273, 0.00287499232218, 0.00127750635147, 0.00105564761907, 0.00129437632859, 0.000479906972032, 0.000328459835146, 0.000454214838101, 0.000209980193176, 0.000671454938129, 0.000348210101947, 0.000168360202224, 0.000167946112924, 0.000142879565828, 4.16593211412e-05, 2.55848353845e-05, 3.62271275662e-05, 2.71847638942e-05, 1.85134795174e-05, 1.96201508516e-05, 1.50958121594e-05, 1.34154861371e-05, 2.34387644014e-05],
        "mean": [0.000188659105333, 0.000394859787775, 0.000251226534601, 0.000197292436496, 0.000143421784742, 0.000175294000655, 0.000199448724743, 0.000253135483945, 0.000152543550939, 0.000165894060046, 0.000273642945103, 0.000210365178646, 0.00021428000764, 0.000156305046403, 6.40527068754e-05, 0.000111575216579, 7.02353790984e-05, 9.41018515732e-05, 9.43543855101e-05, 6.97527866578e-05, 8.73280514497e-05, 9.06194691197e-05, 3.79553057428e-05, 2.97230562865e-05, 2.99799285131e-05, 2.13973326026e-05, 2.20221681957e-05, 1.49708857862e-05, 1.29535474116e-05, 9.83172321867e-06, 5.66100243304e-06, 4.54075870948e-06, 3.21855031871e-06, 2.59619696408e-06, 2.26664769798e-06, 1.75599768681e-06, 1.13522105494e-06, 8.1005453012e-07, 4.95266476719e-07, 3.26575246845e-07],
        "min": [1.32996327986e-24, 1.44844713099e-24, 2.54399556109e-24, 1.61525265687e-24, 2.11671891254e-24, 2.68587081439e-24, 2.09308976742e-24, 2.05217096062e-24, 2.17713224725e-24, 2.9237263796e-24, 3.6235323828e-24, 2.82661385508e-24, 4.82523220428e-24, 3.30360570117e-24, 4.52067154701e-24, 4.47489276539e-24, 4.44587609471e-24, 3.30734884616e-24, 4.31589587779e-24, 4.63936119223e-24, 3.1966320209e-24, 4.35858390238e-24, 5.76426737674e-24, 4.31261855516e-24, 5.9347122138e-24, 5.26534993065e-24, 5.04184867569e-24, 5.9686407269e-24, 4.92794189414e-24, 5.32640421484e-24, 5.79886918263e-24, 5.91771147243e-24, 6.51755657159e-24, 6.80725745599e-24, 6.06718010358e-24, 5.3397225535e-24, 5.7739254008e-24, 5.65915560542e-24, 7.62776982732e-24, 5.93520801287e-24],
        "stdev": [0.000245906820055, 0.000505939300638, 0.000388234562706, 0.000236159205087, 0.000149053375935, 0.000251378951361, 0.000330061535351, 0.000430029642303, 0.000241336223553, 0.000332614814397, 0.00083495065337, 0.000373799528461, 0.000415551126935, 0.000327360321535, 0.000108903739601, 0.000259975378867, 0.000121757402667, 0.000139351410326, 0.000164593409863, 0.000116224793601, 0.000127810853883, 0.000159952949616, 4.67657482659e-05, 3.13702257699e-05, 4.23674100603e-05, 2.3839822461e-05, 4.09650128859e-05, 2.10617326957e-05, 1.62770484167e-05, 1.47033488247e-05, 7.49745549911e-06, 4.91038827022e-06, 3.4944869185e-06, 2.78078869087e-06, 2.36037658397e-06, 1.86924819445e-06, 1.34242259264e-06, 1.16208195777e-06, 9.84646703728e-07, 1.25702536025e-06]
    },
    "melbands128": {
        "max": [0.000173467647983, 0.000442742020823, 0.00278797093779, 0.00619513215497, 0.00516146514565, 0.00579682737589, 0.007334404625, 0.00417794892564, 0.00321734650061, 0.00409210007638, 0.00236442033201, 0.00140405911952, 0.0012808550382, 0.00133491435554, 0.00294021889567, 0.00655196327716, 0.00796147808433, 0.00448309490457, 0.00773787731305, 0.00346385757439, 0.00706622842699, 0.00626306422055, 0.00260101305321, 0.00311747915111, 0.00325177586637, 0.00781310722232, 0.00964044500142, 0.0153650408611, 0.00751379225403, 0.00565207004547, 0.00633672066033, 0.0104734413326, 0.00435556750745, 0.00861955434084, 0.0074009783566, 0.00253724167123, 0.00340488995425, 0.000784885836765, 0.00257957726717, 0.00481202593073, 0.00644407095388, 0.00568144582212, 0.00122612249106, 0.00198123115115, 0.0026788781397, 0.00208716513589, 0.00388655625284, 0.0036583901383, 0.00772254355252, 0.00412454595789, 0.00161858706269, 0.00153007789049, 0.000656492717098, 0.00173076987267, 0.00340664573014, 0.00185216614045, 0.000753335421905, 0.00109924073331, 0.000624046835583, 0.000986920902506, 0.000343094608979, 0.000188918987988, 0.000458818249172, 0.00115041737445, 0.000368899840396, 0.00033331810846, 0.000549632473849, 0.000426785612945, 0.00091626890935, 0.00159637315664, 0.000259740481852, 0.000234015256865, 0.000344954285538, 0.000323809596011, 0.000223641822231, 0.000112894515041, 0.000330045178998, 0.000297425547615, 8.06494354038e-05, 4.71123967145e-05, 4.49120962003e-05, 5.50804179511e-05, 5.81574677199e-05, 3.03739561787e-05, 3.28254391206e-05, 4.45473997388e-05, 4.83024232381e-05, 3.16558944178e-05, 3.46145025105e-05, 2.92954246106e-05, 1.84275377251e-05, 1.91541566892e-05, 2.12792310776e-05, 1.77112688107e-05, 1.94338717847e-05, 1.94205695152e-05, 1.87302830454e-05, 1.35350865094e-05, 1.80004190042e-05, 2.32103957387e-05, 3.93887385144e-05, 3.3428073948e-05, 1.1281343177e-05, 1.06598299681e-05, 4.19004345531e-06, 7.21121921288e-07, 7.92291757534e-07, 9.84159953532e-08, 3.97407902142e-08, 3.38706236391e-08, 2.29128076512e-08, 2.10464747852e-08, 2.17935589575e-08, 1.90694713353e-08, 1.01355617232e-08, 7.93463161841e-09, 5.27709609344e-09, 5.17781328924e-09, 5.0293578191e-09, 4.89434404116e-09, 4.78489869948e-09, 4.67600536069e-09, 4.57831816902e-09, 4.49943104996e-09, 4.43666348104e-09, 4.38497416155e-09, 4.34682201345e-09, 4.3298014063e-09],
        "mean": [3.48736393789e-05, 5.23180970049e-05, 0.000239476707065, 0.00047137204092, 0.000442718359409, 0.000325091939885, 0.000264524016529, 0.000254649814451, 0.00019233598141, 0.000187172729056, 0.000223716997425, 0.000141877244459, 0.000122606128571, 0.000127525927383, 0.000222510439926, 0.000174314496689, 0.000128652813146, 0.000183989366633, 0.000328141642967, 0.000237814965658, 0.000257951120147, 0.000188828853425, 0.000147603088408, 9.32015100261e-05, 0.00013164007396, 0.000230418125284, 0.000168627550011, 0.000372504116967, 0.000253322243225, 0.000171311330632, 0.000216927699512, 0.000239302346017, 0.000127102030092, 0.000313919998007, 0.000210669633816, 9.28896843106e-05, 9.36588839977e-05, 4.01942743338e-05, 5.80504238314e-05, 0.00010691582429, 0.000149658342707, 8.49753050716e-05, 4.23154197051e-05, 8.63068999024e-05, 7.50385443098e-05, 8.68489296408e-05, 0.000133232737426, 9.39361489145e-05, 8.50697470014e-05, 6.35167016299e-05, 6.16915349383e-05, 9.15823620744e-05, 4.51325795439e-05, 8.78063729033e-05, 0.000178551621502, 7.8937249782e-05, 3.60706326319e-05, 4.12209701608e-05, 3.24627944792e-05, 4.3653355533e-05, 3.01006602967e-05, 1.93751657207e-05, 2.74063113466e-05, 3.98181000492e-05, 2.30418791034e-05, 1.56651767611e-05, 2.64357040578e-05, 2.02363680728e-05, 2.42598180193e-05, 1.86355227925e-05, 1.20008735394e-05, 1.39638932524e-05, 1.86035867955e-05, 1.12204679681e-05, 9.12977066037e-06, 1.03486181615e-05, 1.0897674656e-05, 6.2577182689e-06, 4.98853387398e-06, 5.026683084e-06, 4.27853228757e-06, 4.67829977424e-06, 4.02998375648e-06, 2.89113040708e-06, 2.79448090623e-06, 2.7634162052e-06, 2.58706768363e-06, 2.12329814531e-06, 2.41942848334e-06, 2.18507125282e-06, 2.01765442398e-06, 1.67394921391e-06, 1.21370214856e-06, 1.17528873034e-06, 1.05485310087e-06, 9.07223352442e-07, 7.72148837314e-07, 6.38399683339e-07, 5.45171246813e-07, 4.21870566925e-07, 2.70241201861e-07, 3.78277775326e-07, 2.70120750656e-07, 2.14770267348e-07, 1.05781147397e-07, 4.59573357148e-08, 3.9572277899e-08, 5.55263834912e-09, 1.50019130452e-09, 1.38764633117e-09, 1.16395737493e-09, 1.01213548653e-09, 9.02898145139e-10, 1.07197239974e-09, 1.36802502659e-09, 1.01569408439e-09, 3.86668280727e-10, 8.26665385451e-12, 7.66389729456e-12, 7.45831087862e-12, 7.28360600999e-12, 7.11862600117e-12, 6.97005691011e-12, 6.84606061077e-12, 6.75038627426e-12, 6.67324355497e-12, 6.61362457854e-12, 6.5810750946e-12],
        "min": [2.25852923273e-25, 4.43977474865e-25, 8.08151907013e-25, 7.72596935286e-26, 4.6083064994e-25, 1.25552873143e-24, 1.21151889643e-25, 6.94920982045e-25, 4.87102972135e-25, 8.4720387448e-25, 6.69175717542e-25, 1.25373160768e-24, 6.21669675665e-25, 7.82476703219e-25, 1.70227860864e-24, 1.52544005395e-24, 8.93895368168e-25, 8.23002114946e-25, 1.6490494302e-24, 9.38189020528e-25, 2.37660815169e-25, 1.59655734367e-24, 7.96843388721e-25, 5.27417659393e-25, 1.03769080752e-24, 6.08829485318e-25, 6.40423906914e-25, 2.1193671186e-24, 9.89220038056e-25, 1.42647567845e-24, 2.85015385892e-24, 3.00515812426e-24, 1.6944134682e-24, 2.47981502114e-24, 1.3691767666e-24, 2.43614131484e-24, 1.05298376363e-24, 2.20470293589e-24, 1.57130383533e-24, 1.86966621526e-24, 2.84911828176e-24, 2.59977492963e-24, 2.50198792903e-24, 1.2616029604e-24, 2.33575127047e-24, 3.50354861127e-24, 2.79443069673e-24, 4.42839848692e-24, 9.82617370887e-25, 2.11610596762e-24, 3.37198317835e-24, 2.11411212168e-24, 2.17403202389e-24, 1.116081592e-24, 1.04301591445e-24, 2.15849146406e-24, 2.77146419476e-24, 3.73194356485e-24, 2.4699487378e-24, 4.69982501403e-24, 2.40618944956e-24, 2.44091313446e-24, 3.94721423955e-24, 3.68141584058e-24, 2.82184321875e-24, 2.66734717705e-24, 3.10837071295e-24, 3.02756256283e-24, 1.88905898011e-24, 3.619232302e-24, 3.00807750126e-24, 3.95737555687e-24, 3.44179934062e-24, 2.09780656399e-24, 3.05467768429e-24, 3.90586254533e-24, 3.01957929047e-24, 2.87976335856e-24, 5.03070798756e-24, 5.0224825349e-24, 3.20197043986e-24, 4.5412655498e-24, 3.98229054527e-24, 5.55021825315e-24, 3.97555485643e-24, 4.72553162435e-24, 4.29616291667e-24, 4.20754504359e-24, 3.06294455215e-24, 4.83341032529e-24, 3.64695563523e-24, 4.81432777999e-24, 4.01856000311e-24, 5.46380051313e-24, 3.073711123e-24, 4.26767044407e-24, 4.49029803557e-24, 4.16044965312e-24, 5.78140537991e-24, 4.65850802969e-24, 4.84801529609e-24, 4.02252639574e-24, 4.04437902611e-24, 4.05233429391e-24, 6.79149917055e-24, 5.2031758584e-24, 4.69883065486e-24, 4.39463800119e-24, 5.6729973533e-24, 5.5101484579e-24, 6.22947719078e-24, 4.70734877491e-24, 5.61351171902e-24, 7.4404279841e-24, 7.50417820043e-24, 4.98199267122e-24, 7.32592482371e-24, 6.32634930994e-24, 5.85766219703e-24, 7.47659173458e-24, 4.86341819969e-24, 6.10969812865e-24, 5.13379593622e-24, 7.4445624041e-24, 5.73608847634e-24, 5.88134774571e-24, 5.43338795308e-24, 8.53421676135e-24],
        "stdev": [2.42312999035e-05, 6.68876455165e-05, 0.000350455200532, 0.000723683799151, 0.000634500116576, 0.000549084681552, 0.000568892224692, 0.000418488954892, 0.000314527162118, 0.000285348069156, 0.000327372836182, 0.000196919398149, 0.000174575936398, 0.000162381096743, 0.000337201636285, 0.000372340437025, 0.00043595826719, 0.000366927270079, 0.000732924847398, 0.000451095052995, 0.000691745255608, 0.000457123998785, 0.000274386256933, 0.000219969515456, 0.000306209025439, 0.000612937205005, 0.000563822512049, 0.00152686180081, 0.000813674705569, 0.000453222048236, 0.00049562822096, 0.000692991074175, 0.000337822479196, 0.000925868807826, 0.000657168682665, 0.000221498878091, 0.000258493353613, 7.64974756748e-05, 0.000169278529938, 0.00036384689156, 0.000432088098023, 0.000326833425788, 9.25731510506e-05, 0.00019114218594, 0.000187049881788, 0.000193543222849, 0.000277405721135, 0.000227031094255, 0.000284334353637, 0.000251212652074, 0.000121572396893, 0.000175823937752, 6.96558126947e-05, 0.000200138572836, 0.000413888861658, 0.000180932693183, 5.38295316801e-05, 7.48151069274e-05, 5.66147755308e-05, 7.1190923336e-05, 4.07354236813e-05, 2.59639855358e-05, 4.17999690399e-05, 8.76109625096e-05, 3.58474935638e-05, 2.31127523875e-05, 4.52534222859e-05, 3.38239951816e-05, 6.01444844506e-05, 7.31195323169e-05, 1.9559643988e-05, 1.72691507032e-05, 2.87109432975e-05, 1.84457931027e-05, 1.72282598214e-05, 1.26394843392e-05, 2.26439897233e-05, 1.24026992125e-05, 6.38768506178e-06, 6.08915752309e-06, 5.15407646162e-06, 5.78652770855e-06, 5.31859132025e-06, 3.7213314954e-06, 3.3748945043e-06, 3.30089778799e-06, 3.28426813212e-06, 2.49859704127e-06, 2.91643141281e-06, 2.73939940598e-06, 2.38386087403e-06, 2.16633111449e-06, 1.60843717367e-06, 1.52256950514e-06, 1.41096177231e-06, 1.38980544762e-06, 1.33340404318e-06, 1.12023155907e-06, 1.03613251667e-06, 1.18450270747e-06, 1.54178349021e-06, 1.74483113824e-06, 7.47753688302e-07, 6.38152869215e-07, 2.92878183927e-07, 7.41892378642e-08, 6.70566109306e-08, 9.55024059834e-09, 3.34522010093e-09, 3.022594397e-09, 2.22760587754e-09, 1.91788007697e-09, 1.73441816465e-09, 1.51296608575e-09, 1.37703604075e-09, 1.06245212628e-09, 4.72013372832e-10, 1.57738405671e-10, 1.5322375313e-10, 1.49110404579e-10, 1.45775724825e-10, 1.42458322916e-10, 1.39482050909e-10, 1.37078792761e-10, 1.35166558501e-10, 1.33591346319e-10, 1.32429275879e-10, 1.31910565804e-10]
    },
    "mfcc": {
        "mean": [-632.705383301, 88.3291854858, -35.2752571106, 17.867351532, -9.13805294037, 3.24446415901, -7.65197515488, 5.71131229401, -2.20721173286, 4.78422784805, -7.75527763367, 2.51416754723, -0.204585820436],
        "cov": [[16518.3632812, 2193.72045898, -619.889160156, 601.412658691, -81.0173034668, 55.9004669189, -142.010665894, 188.18321228, -8.45110988617, 137.150405884, -196.045959473, 68.7979736328, -2.07720017433], [2193.72045898, 1098.27661133, 227.191452026, 445.536804199, 104.757957458, 143.53125, 76.1698532104, 88.4948577881, -17.1645145416, 59.1341514587, -59.3107757568, 65.881149292, 30.9412727356], [-619.889160156, 227.191452026, 549.177062988, 292.348114014, 193.929168701, 43.6533126831, 38.7036628723, 2.01006579399, 3.60635876656, -35.5728607178, 7.37873649597, 8.28807735443, 29.5342617035], [601.412658691, 445.536804199, 292.348114014, 502.585754395, 146.349655151, 33.1927719116, -13.4025831223, 14.1347084045, 23.0577468872, -10.096241951, -33.416809082, 65.620475769, 37.5424575806], [-81.0173034668, 104.757957458, 193.929168701, 146.349655151, 210.141616821, -9.6198425293, -13.9912319183, 10.5134410858, 7.63588094711, -0.326907455921, -21.4479446411, 34.3898239136, 47.8288421631], [55.9004669189, 143.53125, 43.6533126831, 33.1927719116, -9.6198425293, 162.416885376, 101.030105591, 6.66632509232, -15.8640022278, -2.94425463676, 6.24416399002, -16.8515319824, 3.73560643196], [-142.010665894, 76.1698532104, 38.7036628723, -13.4025831223, -13.9912319183, 101.030105591, 215.747909546, 15.5584306717, -9.06770801544, -0.272223651409, -7.37271261215, -42.5137443542, 4.5274772644], [188.18321228, 88.4948577881, 2.01006579399, 14.1347084045, 10.5134410858, 6.66632509232, 15.5584306717, 116.49445343, 29.394859314, 16.1388187408, -11.7137260437, 1.72937905788, -8.31785678864], [-8.45110988617, -17.1645145416, 3.60635876656, 23.0577468872, 7.63588094711, -15.8640022278, -9.06770801544, 29.394859314, 77.3279266357, -3.12228322029, 4.35275554657, -11.8135404587, -1.41175377369], [137.150405884, 59.1341514587, -35.5728607178, -10.096241951, -0.326907455921, -2.94425463676, -0.272223651409, 16.1388187408, -3.12228322029, 79.9591217041, -8.80713844299, 8.75348186493, -1.93013238907], [-196.045959473, -59.3107757568, 7.37873649597, -33.416809082, -21.4479446411, 6.24416399002, -7.37271261215, -11.7137260437, 4.35275554657, -8.80713844299, 70.9266967773, 5.35003232956, -4.84955596924], [68.7979736328, 65.881149292, 8.28807735443, 65.620475769, 34.3898239136, -16.8515319824, -42.5137443542, 1.72937905788, -11.8135404587, 8.75348186493, 5.35003232956, 94.4622497559, 28.1921367645], [-2.07720017433, 30.9412727356, 29.5342617035, 37.5424575806, 47.8288421631, 3.73560643196, 4.5274772644, -8.31785678864, -1.41175377369, -1.93013238907, -4.84955596924, 28.1921367645, 71.9435501099]],
        "icov": [[0.000110511326056, -0.000296834798064, 0.000283973640762, -4.97536784678e-05, -5.95480960328e-05, 0.000115032991744, 0.000111900291813, -8.01223478675e-08, 3.09314382321e-05, 0.000128414452774, -1.66961599462e-05, 0.000227450611419, -1.94003914658e-05], [-0.000296834798064, 0.0027965886984, -0.000749751168769, -0.00160041335039, 0.000450342457043, -0.00156513869297, -0.000417929666582, -0.00125037878752, 0.000913681462407, -0.00168964022305, 0.000668283144478, -0.000924679683521, -2.4776223654e-05], [0.000283973640762, -0.000749751168769, 0.0047832718119, -0.0020505907014, -0.00333066447638, 0.000242951529799, -0.000438286951976, -0.0001175878715, 0.0011905352585, 0.00149326794781, -0.00241992506199, 0.00233935029246, 0.00063631212106], [-4.97536784678e-05, -0.00160041335039, -0.0020505907014, 0.00539811188355, -0.000451156462077, -0.000207919249078, 0.000605784996878, 0.00147118326277, -0.00283718761057, 0.0011504831491, 0.00201329798438, -0.00271892128512, 0.000330817128997], [-5.95480960328e-05, 0.000450342457043, -0.00333066447638, -0.000451156462077, 0.00956324953586, 0.000560502754524, 0.000638995261397, -0.000802170136012, -0.000592987344135, -0.00119011092465, 0.00283208652399, -0.0015705099795, -0.00434971321374], [0.000115032991744, -0.00156513869297, 0.000242951529799, -0.000207919249078, 0.000560502754524, 0.0104353390634, -0.0039934408851, 2.66604783974e-05, 0.00170749914832, 0.00103936810046, -0.0024014802184, 0.00143414444756, -0.000637344608549], [0.000111900291813, -0.000417929666582, -0.000438286951976, 0.000605784996878, 0.000638995261397, -0.0039934408851, 0.00761213572696, -0.00093339337036, 0.000463401142042, -0.000152237538714, 0.001085020951, 0.00287524750456, -0.0018061894225], [-8.01223478675e-08, -0.00125037878752, -0.0001175878715, 0.00147118326277, -0.000802170136012, 2.66604783974e-05, -0.00093339337036, 0.0114518636838, -0.00547158252448, -0.00101508758962, 0.00172953098081, -0.0018940186128, 0.00245716865174], [3.09314382321e-05, 0.000913681462407, 0.0011905352585, -0.00283718761057, -0.000592987344135, 0.00170749914832, 0.000463401142042, -0.00547158252448, 0.0173789523542, 0.000362440070603, -0.00328424596228, 0.00481342058629, -0.00151330756489], [0.000128414452774, -0.00168964022305, 0.00149326794781, 0.0011504831491, -0.00119011092465, 0.00103936810046, -0.000152237538714, -0.00101508758962, 0.000362440070603, 0.0147923026234, 0.000643440638669, -0.000923699291889, 0.000955762166996], [-1.66961599462e-05, 0.000668283144478, -0.00241992506199, 0.00201329798438, 0.00283208652399, -0.0024014802184, 0.001085020951, 0.00172953098081, -0.00328424596228, 0.000643440638669, 0.0179546866566, -0.00440402468666, 0.000917385623325], [0.000227450611419, -0.000924679683521, 0.00233935029246, -0.00271892128512, -0.0015705099795, 0.00143414444756, 0.00287524750456, -0.0018940186128, 0.00481342058629, -0.000923699291889, -0.00440402468666, 0.0175331328064, -0.005665384233], [-1.94003914658e-05, -2.4776223654e-05, 0.00063631212106, 0.000330817128997, -0.00434971321374, -0.000637344608549, -0.0018061894225, 0.00245716865174, -0.00151330756489, 0.000955762166996, 0.000917385623325, -0.005665384233, 0.0190764646977]]
    },
    "spectral_contrast_coeffs": {
        "max": [-0.476190209389, -0.520870387554, -0.425717413425, -0.453145444393, -0.519591331482, -0.428865730762],
        "mean": [-0.72638875246, -0.775452435017, -0.730588197708, -0.761580765247, -0.766469836235, -0.672593593597],
        "min": [-0.975813806057, -0.975938975811, -0.993435323238, -0.972021102905, -0.969272553921, -0.964481472969],
        "stdev": [0.0768438950181, 0.0753799378872, 0.0943652242422, 0.0763446465135, 0.0659506246448, 0.0723818615079]
    },
    "spectral_contrast_valleys": {
        "max": [-5.68381690979, -5.3082780838, -5.2276802063, -5.52317047119, -5.66087770462, -8.13704013824],
        "mean": [-8.13407802582, -7.25834846497, -7.78681707382, -7.77316045761, -7.59490871429, -11.266497612],
        "min": [-28.1597366333, -27.7077274323, -27.6343917847, -27.5019016266, -27.4344749451, -27.4134254456],
        "stdev": [3.66754627228, 3.53065514565, 3.45282721519, 3.43454051018, 3.46724367142, 2.89808368683]
    }
},
"rhythm": {
    "beats_count": 55,
    "beats_loudness": {
        "max": 0.0461050979793,
        "mean": 0.0236797165126,
        "min": 0,
        "stdev": 0.00882620830089
    },
    "bpm": 144.4712677,
    "bpm_histogram_first_peak_bpm": 144,
    "bpm_histogram_first_peak_weight": 0.365853667259,
    "bpm_histogram_second_peak_bpm": 108,
    "bpm_histogram_second_peak_spread": 0.428571462631,
    "bpm_histogram_second_peak_weight": 0.074074074626,
    "danceability": 1.08311915398,
    "onset_rate": 2.80432415009,
    "beats_loudness_band_ratio": {
        "max": [0.811797738075, 0.327343910933, 0.685449302197, 0.754951357841, 0.547713935375, 0.269760429859],
        "mean": [0.20567882061, 0.0811758413911, 0.173128724098, 0.248634427786, 0.213165685534, 0.100941486657],
        "min": [0, 0, 0, 0, 0, 0],
        "stdev": [0.18455722928, 0.0733184367418, 0.144749626517, 0.185955047607, 0.129487037659, 0.0576447844505]
    },
    "beats_position": [0.417959183455, 0.859138309956, 1.31192743778, 1.77632653713, 2.21750569344, 2.6470746994, 3.06503391266, 3.48299312592, 3.90095233917, 4.31891155243, 4.73687076569, 5.15482997894, 5.56117916107, 5.97913837433, 6.38548755646, 6.80344676971, 7.22140598297, 7.6277551651, 8.04571437836, 8.45206356049, 8.87002277374, 9.27637195587, 9.70594120026, 10.1239004135, 10.5418596268, 10.95981884, 11.3777770996, 11.7841272354, 12.202085495, 12.6200447083, 13.0380039215, 13.4675731659, 13.873922348, 14.2918815613, 14.6982307434, 15.1045799255, 15.5225391388, 15.9288883209, 16.3352375031, 16.7531967163, 17.1595458984, 17.5775051117, 17.995464325, 18.4134235382, 18.8313827515, 19.2493419647, 19.7950115204, 20.3406791687, 20.8979587555, 21.4784584045, 22.0589561462, 22.616235733, 23.1735134125, 23.7307929993, 24.2996826172],
