{
"metadata": {
    "version": {
        "essentia": "2.1-beta5",
        "essentia_git_sha": "Undefined",
        "extractor": "music 2.0"
    },
    "audio_properties": {
        "analysis": {
            "equal_loudness": 0,
            "length": 32.4963264465,
            "sample_rate": 44100,
            "start_time": 12.7477550507,
            "downmix": "mix"
        },
        "bit_rate": 192000,
        "length": 166.765716553,
        "lossless": 0,
        "number_channels": 2,
        "replay_gain": -21.6774787903,
        "sample_rate": 44100,
        "codec": "mp3",
        "md5_encoded": "e24e2f3f1f9416155e1bf5b61b332e31"
    },
    "tags": {
        "file_name": "Cyprus_Anna Maria Lena_Andy Paul.mp3",
        "encoding": ["Lavf58.29.100"]
    }
},
"lowlevel": {
    "average_loudness": 0.944670081139,
    "barkbands_crest": {
        "max": 24.978925705,
        "mean": 11.6116552353,
        "min": 3.78822588921,
        "stdev": 4.72449445724
    },
    "barkbands_flatness_db": {
        "max": 0.287668049335,
        "mean": 0.163023218513,
        "min": 0.065274849534,
        "stdev": 0.0349682234228
    },
    "barkbands_kurtosis": {
        "max": 36.2250442505,
        "mean": 3.79717326164,
        "min": -1.76342666149,
        "stdev": 4.61449670792
    },
    "barkbands_skewness": {
        "max": 5.4441576004,
        "mean": 1.28564059734,
        "min": -1.66475725174,
        "stdev": 1.00850939751
    },
    "barkbands_spread": {
        "max": 60.1643791199,
        "mean": 12.3616895676,
        "min": 2.19670343399,
        "stdev": 7.70484161377
    },
    "dissonance": {
        "max": 0.5,
        "mean": 0.446594357491,
        "min": 0.288262486458,
        "stdev": 0.0344401337206
    },
    "dynamic_complexity": 2.95793151855,
    "erbbands_crest": {
        "max": 30.1737422943,
        "mean": 12.5918579102,
        "min": 3.16885447502,
        "stdev": 5.63163328171
    },
    "erbbands_flatness_db": {
        "max": 0.344056636095,
        "mean": 0.216525062919,
        "min": 0.125144138932,
        "stdev": 0.0403616428375
    },
    "erbbands_kurtosis": {
        "max": 21.4174251556,
        "mean": 1.39333045483,
        "min": -1.70503437519,
        "stdev": 3.01413941383
    },
    "erbbands_skewness": {
        "max": 3.7092564106,
        "mean": 0.644002735615,
        "min": -2.28057026863,
        "stdev": 0.773136913776
    },
    "erbbands_spread": {
        "max": 77.8851852417,
        "mean": 24.787651062,
        "min": 2.80660295486,
        "stdev": 14.6817159653
    },
    "hfc": {
        "max": 55.3806877136,
        "mean": 18.4806785583,
        "min": 0.656131446362,
        "stdev": 13.5338039398
    },
    "loudness_ebu128": {
        "integrated": -2.51839756966,
        "loudness_range": 1.4460350275,
        "momentary": {
            "max": 0.894912958145,
            "mean": -3.06365466118,
            "min": -10.1210222244,
            "stdev": 2.36782455444
        },
        "short_term": {
            "max": -1.6154589653,
            "mean": -2.70939445496,
            "min": -4.9078335762,
            "stdev": 0.601264119148
        }
    },
    "melbands_crest": {
        "max": 33.563583374,
        "mean": 14.8626785278,
        "min": 4.5240893364,
        "stdev": 5.55499172211
    },
    "melbands_flatness_db": {
        "max": 0.355974763632,
        "mean": 0.228858351707,
        "min": 0.0900340974331,
        "stdev": 0.0425886437297
    },
    "melbands_kurtosis": {
        "max": 76.4410552979,
        "mean": 7.63043212891,
        "min": -1.30741631985,
        "stdev": 8.96046638489
    },
    "melbands_skewness": {
        "max": 7.82436800003,
        "mean": 1.76471793652,
        "min": -1.71040093899,
        "stdev": 1.41433894634
    },
    "melbands_spread": {
        "max": 78.4432296753,
        "mean": 15.9980707169,
        "min": 2.23329401016,
        "stdev": 9.51831245422
    },
    "pitch_salience": {
        "max": 0.821833789349,
        "mean": 0.553519546986,
        "min": 0.158995449543,
        "stdev": 0.114225886762
    },
    "silence_rate_20dB": {
        "max": 1,
        "mean": 1,
        "min": 1,
        "stdev": 0
    },
    "silence_rate_30dB": {
        "max": 1,
        "mean": 1,
        "min": 1,
        "stdev": 0
    },
    "silence_rate_60dB": {
        "max": 1,
        "mean": 0.0135617414489,
        "min": 0,
        "stdev": 0.115661665797
    },
    "spectral_centroid": {
        "max": 3245.59716797,
        "mean": 996.146789551,
        "min": 303.639831543,
        "stdev": 406.029327393
    },
    "spectral_complexity": {
        "max": 40,
        "mean": 16.7701644897,
        "min": 2,
        "stdev": 6.26319932938
    },
    "spectral_decrease": {
        "max": -2.05618980176e-10,
        "mean": -6.39970787475e-09,
        "min": -1.64192570651e-08,
        "stdev": 3.85259468771e-09
    },
    "spectral_energy": {
        "max": 0.0663766041398,
        "mean": 0.0258302185684,
        "min": 0.000835568527691,
        "stdev": 0.0156055316329
    },
    "spectral_energyband_high": {
        "max": 0.00463107880205,
        "mean": 0.000187520912732,
        "min": 2.05881042348e-06,
        "stdev": 0.000343391177012
    },
    "spectral_energyband_low": {
        "max": 0.0339799448848,
        "mean": 0.00230760336854,
        "min": 3.2713192013e-06,
        "stdev": 0.00367706501856
    },
    "spectral_energyband_middle_high": {
        "max": 0.0546253025532,
        "mean": 0.00736219575629,
        "min": 0.00014215457486,
        "stdev": 0.00855875201523
    },
    "spectral_energyband_middle_low": {
        "max": 0.0604362376034,
        "mean": 0.0170189663768,
        "min": 0.000572132295929,
        "stdev": 0.0132902767509
    },
    "spectral_entropy": {
        "max": 8.11459350586,
        "mean": 7.17602396011,
        "min": 6.0467672348,
        "stdev": 0.293178141117
    },
    "spectral_flux": {
        "max": 0.233072549105,
        "mean": 0.0823237523437,
        "min": 0.0149161322042,
        "stdev": 0.0378201603889
    },
    "spectral_kurtosis": {
        "max": 28.7884044647,
        "mean": 7.57846784592,
        "min": -0.327117443085,
        "stdev": 3.96893429756
    },
    "spectral_rms": {
        "max": 0.00804721470922,
        "mean": 0.00474526640028,
        "min": 0.000902878062334,
        "stdev": 0.00163788057398
    },
    "spectral_rolloff": {
        "max": 4888.03710938,
        "mean": 1076.21276855,
        "min": 172.265625,
        "stdev": 635.288024902
    },
    "spectral_skewness": {
        "max": 4.11600112915,
        "mean": 1.86829543114,
        "min": 0.00126469112001,
        "stdev": 0.557362675667
    },
    "spectral_spread": {
        "max": 5220606.5,
        "mean": 3002048,
        "min": 1955262.375,
        "stdev": 454035.96875
    },
    "spectral_strongpeak": {
        "max": 8.47762107849,
        "mean": 1.93188428879,
        "min": 0.0296330042183,
        "stdev": 1.79184401035
    },
    "zerocrossingrate": {
        "max": 0.13623046875,
        "mean": 0.0403642356396,
        "min": 0.0078125,
        "stdev": 0.0148205347359
    },
    "barkbands": {
        "max": [0.00228561181575, 0.0166483875364, 0.0227128155529, 0.0400506518781, 0.0444680377841, 0.0516319237649, 0.0366223752499, 0.0582375563681, 0.0497524514794, 0.0504404455423, 0.0378675311804, 0.0296570174396, 0.0140256015584, 0.0115108080208, 0.0082953190431, 0.0119739463553, 0.00935861561447, 0.00284368288703, 0.00379936723039, 0.00232294481248, 0.00170906458516, 0.00109251006506, 0.000362576654879, 5.17500884598e-05, 1.58805833053e-05, 7.52623827793e-06, 6.82474046698e-06],
        "mean": [8.35498940432e-05, 0.000480373797473, 0.000894074502867, 0.00175096001476, 0.00428425194696, 0.00122321618255, 0.00232542236336, 0.00343860173598, 0.00338512961753, 0.00204319017939, 0.0019505454693, 0.00110842066351, 0.000790645193774, 0.000403130427003, 0.000330302194925, 0.000443196942797, 0.00030574365519, 0.000213296734728, 0.000150704552652, 9.09149603103e-05, 7.94931183918e-05, 3.39801590599e-05, 1.23822583191e-05, 5.0340117923e-06, 2.32594061345e-06, 1.13908413368e-06, 2.11492803714e-07],
        "min": [6.55189751342e-08, 5.88300281379e-07, 5.66308983707e-07, 1.58139755513e-06, 3.05060020764e-05, 5.69564872421e-06, 6.28169163974e-06, 1.13128480734e-05, 9.12562063604e-06, 4.75461365568e-06, 6.12249891674e-07, 2.2426538635e-06, 1.58217301305e-06, 2.97066299026e-06, 3.37696110364e-06, 3.90663899452e-06, 3.17949707096e-06, 2.1365599423e-06, 2.29923625739e-06, 3.61940294624e-07, 3.25977907778e-07, 5.46231262888e-07, 3.83482500865e-07, 2.57930281578e-07, 1.19609936178e-07, 8.33828934788e-08, 1.36813111951e-08],
        "stdev": [0.00018431294302, 0.00098955037538, 0.00177262618672, 0.00331881502643, 0.00607850914821, 0.00289354589768, 0.00457408605143, 0.00774902338162, 0.00802069529891, 0.00526898866519, 0.00446849269792, 0.00267124013044, 0.00160193792544, 0.000790152407717, 0.00056593993213, 0.000856098660734, 0.000554000434931, 0.000278079212876, 0.000226056072279, 0.000172475702129, 0.000157796748681, 7.21266187611e-05, 2.50571756624e-05, 4.95762105857e-06, 2.125689889e-06, 1.00520162505e-06, 2.14230780671e-07]
    },
    "erbbands": {
        "max": [0.160370096564, 4.65647363663, 20.1855392456, 73.1633911133, 107.057113647, 220.430496216, 390.415496826, 221.446380615, 582.839111328, 1035.24328613, 1530.50170898, 1522.53161621, 1634.57507324, 1677.80371094, 1680.80664062, 1481.04272461, 746.284118652, 685.906005859, 498.158691406, 419.757019043, 773.491455078, 246.703338623, 154.250732422, 93.7457733154, 242.621658325, 108.038566589, 146.033935547, 67.4836807251, 40.2972221375, 22.0614528656, 6.89696979523, 2.138661623, 0.443841189146, 0.209179058671, 0.0929500162601, 0.0418630875647, 0.0135541670024, 0.0044329171069, 0.000971798959654, 0.000118853873573],
        "mean": [0.00757925352082, 0.139257520437, 0.890317082405, 3.84147453308, 7.28255987167, 16.8410701752, 18.5531406403, 7.64668035507, 22.1320590973, 55.3385009766, 74.8495178223, 62.1777877808, 88.4278945923, 69.4778060913, 75.3496017456, 47.3215827942, 40.6847114563, 23.1606845856, 20.1028614044, 18.4614849091, 24.2655696869, 17.4212856293, 12.0058021545, 8.29489135742, 7.02601289749, 4.34419727325, 4.51552057266, 2.12112998962, 1.30302274227, 0.694167494774, 0.314675956964, 0.136692538857, 0.0700394660234, 0.0313658677042, 0.0141269825399, 0.00574885634705, 0.00191902823281, 0.000582176609896, 2.71918434009e-05, 3.0553790566e-05],
        "min": [2.55984450632e-05, 0.000114343456517, 0.0007599053788, 0.00748051144183, 0.0307750366628, 0.0960336253047, 0.0632016509771, 0.0664015486836, 0.0794880762696, 0.243015304208, 0.540247619152, 0.273304194212, 0.261951774359, 0.197879344225, 0.120702557266, 0.117622226477, 0.0534052141011, 0.177427187562, 0.22746835649, 0.34726318717, 0.243921265006, 0.186972856522, 0.26759493351, 0.163700729609, 0.0668199658394, 0.0160261448473, 0.0125789931044, 0.0184745844454, 0.0216967351735, 0.0136078037322, 0.0116875739768, 0.00708458339795, 0.00243183481507, 0.00137612246908, 0.000829423894174, 0.000300006417092, 0.0001659974223, 8.85402114363e-05, 4.13761972595e-06, 1.78571826837e-06],
        "stdev": [0.011754328385, 0.285553604364, 1.63904249668, 7.19061994553, 10.9349403381, 28.2338981628, 38.2607955933, 14.2716436386, 49.6735343933, 119.838623047, 181.305099487, 143.197540283, 211.917663574, 159.162185669, 156.715927124, 96.3742523193, 80.8096313477, 43.0456008911, 31.2700939178, 30.683631897, 49.2919387817, 24.5605354309, 15.2673950195, 9.8369436264, 11.7750902176, 7.22005558014, 10.0983104706, 4.17617273331, 2.70120668411, 1.5954836607, 0.581838130951, 0.161393910646, 0.0656039491296, 0.028830723837, 0.0128379808739, 0.0052116564475, 0.0016700407723, 0.00031384738395, 2.7829210012e-05, 1.84911241377e-05]
    },
    "gfcc": {
        "mean": [-27.4046325684, 122.380111694, -143.605422974, 11.4443702698, -56.9404182434, -4.12213087082, -34.1119766235, -0.620003640652, -25.3336009979, -6.45539474487, -19.4921855927, -4.28862094879, -12.8238172531],
        "cov": [[1461.22058105, -210.155670166, -519.54510498, -29.2979660034, -168.607391357, 65.0858917236, 176.187805176, 11.631485939, -26.9639453888, -81.9570007324, -60.230846405, -37.3677635193, 10.3319272995], [-210.155670166, 425.936553955, 285.99520874, -49.3008079529, 85.6967010498, -22.1641578674, -32.3233184814, 2.65589642525, 8.04935932159, -26.9642963409, 19.4126224518, -35.5607299805, -15.0497074127], [-519.54510498, 285.99520874, 494.473205566, 199.924468994, 120.314750671, -41.518901825, -101.951850891, -33.2330703735, 31.5293636322, 27.0167160034, -1.53088724613, -27.8201141357, -23.7401676178], [-29.2979660034, -49.3008079529, 199.924468994, 433.032684326, 95.166305542, -41.2221298218, -50.3162345886, -66.6560287476, 4.89506053925, 24.3178462982, -51.1435050964, -6.58982276917, 0.942523479462], [-168.607391357, 85.6967010498, 120.314750671, 95.166305542, 183.225799561, 40.9513969421, -30.1764144897, 15.29529953, -11.9949913025, -9.01477146149, -2.6137714386, 1.31947219372, -10.2030677795], [65.0858917236, -22.1641578674, -41.518901825, -41.2221298218, 40.9513969421, 194.243286133, 136.355102539, 25.0893993378, -36.0516090393, -14.8170385361, 6.65731716156, -9.88349151611, -30.5867290497], [176.187805176, -32.3233184814, -101.951850891, -50.3162345886, -30.1764144897, 136.355102539, 185.132537842, 47.2722053528, -31.6632976532, -18.420879364, -3.78011512756, -21.627614975, -21.6252765656], [11.631485939, 2.65589642525, -33.2330703735, -66.6560287476, 15.29529953, 25.0893993378, 47.2722053528, 116.875152588, 55.3021316528, 9.65780544281, -6.85994434357, -25.5719623566, -22.5796394348], [-26.9639453888, 8.04935932159, 31.5293636322, 4.89506053925, -11.9949913025, -36.0516090393, -31.6632976532, 55.3021316528, 123.549880981, 59.3717346191, -3.49964499474, -26.0799160004, -27.4678573608], [-81.9570007324, -26.9642963409, 27.0167160034, 24.3178462982, -9.01477146149, -14.8170385361, -18.420879364, 9.65780544281, 59.3717346191, 85.1397018433, 19.1500968933, -19.5772132874, -22.9352855682], [-60.230846405, 19.4126224518, -1.53088724613, -51.1435050964, -2.6137714386, 6.65731716156, -3.78011512756, -6.85994434357, -3.49964499474, 19.1500968933, 62.6439552307, 37.2829627991, -3.20157337189], [-37.3677635193, -35.5607299805, -27.8201141357, -6.58982276917, 1.31947219372, -9.88349151611, -21.627614975, -25.5719623566, -26.0799160004, -19.5772132874, 37.2829627991, 92.5997314453, 43.4792671204], [10.3319272995, -15.0497074127, -23.7401676178, 0.942523479462, -10.2030677795, -30.5867290497, -21.6252765656, -22.5796394348, -27.4678573608, -22.9352855682, -3.20157337189, 43.4792671204, 70.1652374268]],
        "icov": [[0.00216318154708, -0.00237002596259, 0.00432556821033, -0.00304249837063, 0.00262064998969, -0.00214309571311, 0.00147143111099, -0.000657302560285, -0.000894930912182, 0.00228461716324, -0.00102707382757, 0.00176322390325, -0.000376672047423], [-0.00237002596259, 0.0127852261066, -0.0116815622896, 0.00865423958749, -0.00953149888664, 0.00903833471239, -0.00971827562898, 0.00709529872984, -0.00534960394725, 0.00631788605824, -0.00634777732193, 0.00561090186238, -0.00293089845218], [0.00432556821033, -0.0116815622896, 0.0167542714626, -0.0112063288689, 0.0085937185213, -0.00934341643006, 0.0101468786597, -0.00518581178039, 0.00134910689667, 0.00012520783639, -0.000275223370409, 0.00134497566614, 0.00103495654184], [-0.00304249837063, 0.00865423958749, -0.0112063288689, 0.0126942610368, -0.0110131399706, 0.0100799053907, -0.0107864998281, 0.00912831071764, -0.00266730133444, -0.00312474207021, 0.0063820281066, -0.00371313933283, 0.00127435661852], [0.00262064998969, -0.00953149888664, 0.0085937185213, -0.0110131399706, 0.0203752238303, -0.0154331447557, 0.0170795004815, -0.0138208176941, 0.00789980590343, -0.000816291663796, 0.000132020402816, -0.00114169053268, 0.00121606397443], [-0.00214309571311, 0.00903833471239, -0.00934341643006, 0.0100799053907, -0.0154331447557, 0.0244907438755, -0.0226112417877, 0.0112578170374, -0.00409319950268, 0.000644016254228, 0.000689249951392, -0.00194036914036, 0.00388530013151], [0.00147143111099, -0.00971827562898, 0.0101468786597, -0.0107864998281, 0.0170795004815, -0.0226112417877, 0.0308439377695, -0.0178625658154, 0.0113765979186, -0.00261454307474, -0.000535714207217, 0.00147163972724, 0.000324341584928], [-0.000657302560285, 0.00709529872984, -0.00518581178039, 0.00912831071764, -0.0138208176941, 0.0112578170374, -0.0178625658154, 0.0268803462386, -0.0170615781099, 0.00682482961565, -0.000543335976545, 0.00344359199516, -0.000822795554996], [-0.000894930912182, -0.00534960394725, 0.00134910689667, -0.00266730133444, 0.00789980590343, -0.00409319950268, 0.0113765979186, -0.0170615781099, 0.0276935789734, -0.0198491793126, 0.0120041668415, -0.00967407412827, 0.00775243435055], [0.00228461716324, 0.00631788605824, 0.00012520783639, -0.00312474207021, -0.000816291663796, 0.000644016254228, -0.00261454307474, 0.00682482961565, -0.0198491793126, 0.038726516068, -0.0281679537147, 0.0218851212412, -0.00730296829715], [-0.00102707382757, -0.00634777732193, -0.000275223370409, 0.0063820281066, 0.000132020402816, 0.000689249951392, -0.000535714207217, -0.000543335976545, 0.0120041668415, -0.0281679537147, 0.0532419383526, -0.0353396087885, 0.0184107255191], [0.00176322390325, 0.00561090186238, 0.00134497566614, -0.00371313933283, -0.00114169053268, -0.00194036914036, 0.00147163972724, 0.00344359199516, -0.00967407412827, 0.0218851212412, -0.0353396087885, 0.0412923768163, -0.0218349322677], [-0.000376672047423, -0.00293089845218, 0.00103495654184, 0.00127435661852, 0.00121606397443, 0.00388530013151, 0.000324341584928, -0.000822795554996, 0.00775243435055, -0.00730296829715, 0.0184107255191, -0.0218349322677, 0.0307358819991]]
    },
    "melbands": {
        "max": [0.00309243565425, 0.00814547762275, 0.0127665568143, 0.012027147226, 0.010251888074, 0.00630352925509, 0.00860339589417, 0.0107516711578, 0.0128258736804, 0.00865133106709, 0.00786180328578, 0.00652241194621, 0.00615026475862, 0.00413659634069, 0.00210531544872, 0.00118519645184, 0.00115601147991, 0.000786476302892, 0.000808499695268, 0.00056473800214, 0.000952337635681, 0.000355790311005, 0.000221908674575, 9.77396775852e-05, 7.41433323128e-05, 0.000232951628277, 5.97641228524e-05, 7.59614049457e-05, 0.00014032884792, 5.48877396795e-05, 3.46253436874e-05, 2.63429265033e-05, 1.97851095436e-05, 1.01908462966e-05, 4.76249624626e-06, 2.11872406908e-06, 9.88613692243e-07, 4.08011146646e-07, 3.15496095027e-07, 1.4634210288e-07],
        "mean": [0.000102890124253, 0.000398687436245, 0.000742641976103, 0.000854523386806, 0.000707344675902, 0.00018483173335, 0.000367407075828, 0.000642840983346, 0.000555664417334, 0.000437607726781, 0.000440265692305, 0.000270655553322, 0.000286522059469, 0.000136395639856, 0.000102259946289, 7.34732311685e-05, 3.81911559089e-05, 3.22062551277e-05, 2.33068421949e-05, 2.38908378378e-05, 3.10582290695e-05, 1.84338859981e-05, 1.33001667564e-05, 9.36788092076e-06, 6.2568942667e-06, 6.2340382101e-06, 3.30146031047e-06, 2.74509375231e-06, 3.21189759234e-06, 1.77652452749e-06, 1.03359514014e-06, 7.92443415776e-07, 5.28538237177e-07, 3.19036189467e-07, 1.93592114783e-07, 1.10932781183e-07, 7.19895609791e-08, 5.27459889099e-08, 3.42053141367e-08, 2.36119337416e-08],
        "min": [2.17260378577e-07, 3.70216753254e-07, 1.82853523256e-06, 4.87673696625e-06, 3.35640652338e-06, 1.01187924884e-06, 1.18054754239e-06, 1.91915728465e-06, 1.96245991901e-06, 1.14713816401e-06, 4.45217722245e-07, 5.25207610735e-07, 1.99482855123e-07, 3.4313558217e-07, 5.68880338392e-08, 2.12818505929e-07, 2.15611933641e-07, 3.02887087855e-07, 2.47392506481e-07, 1.93130873072e-07, 1.16167989006e-07, 1.26562241576e-07, 1.57573396109e-07, 8.76160655139e-08, 9.22078129406e-08, 8.1162255583e-08, 1.03363522186e-08, 1.01802459795e-08, 9.28423382618e-09, 6.80707090694e-09, 1.2012073114e-08, 1.35229365483e-08, 8.38977065598e-09, 7.55305329392e-09, 7.61473462063e-09, 3.8508747302e-09, 4.15703915735e-09, 1.94162796952e-09, 1.05972897124e-09, 1.12507558825e-09],
        "stdev": [0.000189446960576, 0.00068871449912, 0.00119277799968, 0.00131392560434, 0.0012415421661, 0.000369451794541, 0.000770187645685, 0.00132067478262, 0.00136746035423, 0.0010469914414, 0.00107127206866, 0.000688466476277, 0.000643321138341, 0.000348059373209, 0.000183835087228, 0.000146014863276, 7.96348977019e-05, 5.5056236306e-05, 4.1310366214e-05, 4.6278040827e-05, 6.96201459505e-05, 2.90479601972e-05, 1.9380093363e-05, 1.2443912965e-05, 7.8896746345e-06, 1.17761337606e-05, 4.92543904329e-06, 5.13299028171e-06, 8.14909890323e-06, 3.43373926626e-06, 2.18315631173e-06, 1.6493985413e-06, 1.21336711345e-06, 7.44155670418e-07, 3.77894423309e-07, 1.5867092884e-07, 7.77588837764e-08, 5.01613826032e-08, 3.37490142499e-08, 2.18202362845e-08]
    },
    "melbands128": {
        "max": [0.000585593865253, 0.000522944785189, 0.00365724717267, 0.0097234994173, 0.0100095281377, 0.0122975902632, 0.0153566859663, 0.0198767222464, 0.0133901173249, 0.0205337703228, 0.0170959420502, 0.0205923523754, 0.0160079952329, 0.0224152803421, 0.00449270987883, 0.0064296098426, 0.0103683872148, 0.0158778242767, 0.0126581927761, 0.0203383602202, 0.0206875130534, 0.0247830338776, 0.0257061589509, 0.0160730276257, 0.0194078795612, 0.0138534158468, 0.0197148639709, 0.0148092275485, 0.0162193309516, 0.0131677472964, 0.0142705729231, 0.0112069565803, 0.0115320142359, 0.00713231507689, 0.00982247665524, 0.00925526116043, 0.00836651213467, 0.0030865338631, 0.00366473942995, 0.00352494884282, 0.00173972407356, 0.00395628856495, 0.00177047692705, 0.00181314977817, 0.00197915988974, 0.00141908682417, 0.00111764762551, 0.00116444495507, 0.00107210420538, 0.0014619929716, 0.00122900970746, 0.0014958701795, 0.00185570737813, 0.00148105970584, 0.00105159590021, 0.000358807999874, 0.000343465508195, 0.000641396094579, 0.000390806235373, 0.00025645212736, 0.000181978728506, 0.00016268195759, 0.000201027083676, 0.000151288419147, 0.000112751025881, 0.000404973077821, 0.000355270778527, 0.000124994461657, 4.35547844972e-05, 0.000101371479104, 0.000109199965664, 8.83922039066e-05, 0.000235045241425, 0.00016999412037, 5.73467914364e-05, 4.33212771895e-05, 0.000103591853986, 4.06932049373e-05, 4.06999643019e-05, 4.34312969446e-05, 2.68043477263e-05, 2.82881082967e-05, 2.42767891905e-05, 2.80233107333e-05, 1.80242695933e-05, 1.64072316693e-05, 8.73542467161e-06, 8.05266881798e-06, 5.55083261133e-06, 4.21704999098e-06, 2.58219142779e-06, 2.5074698442e-06, 1.31281910853e-06, 8.53516667121e-07, 1.28277270051e-06, 7.40607447369e-07, 3.90893006852e-07, 5.42701116046e-07, 4.64907401465e-07, 3.47812743939e-07, 1.86453576134e-07, 1.90342476003e-07, 1.59631738939e-07, 1.3131430876e-07, 1.24990634731e-07, 1.16217265145e-07, 1.1156993196e-07, 8.34438154129e-08, 8.36218490008e-08, 7.95014400978e-08, 6.90396149139e-08, 6.24471567789e-08, 4.77218726758e-08, 3.88456591338e-08, 4.38845830786e-08, 4.9859867346e-08, 3.25013687075e-08, 3.04305913801e-08, 3.04807699081e-08, 2.99763875944e-08, 2.93740161084e-08, 2.88073547239e-08, 2.82597483192e-08, 2.78460987602e-08, 2.7478918696e-08, 2.71401479068e-08, 2.69361404293e-08, 2.67982045443e-08],
        "mean": [3.61474703823e-05, 4.37643975602e-05, 0.000106055202195, 0.00025916978484, 0.000384546990972, 0.000459853123175, 0.000786709308159, 0.000863034510985, 0.000620354083367, 0.00085140200099, 0.00100050377659, 0.000946855812799, 0.000716345326509, 0.000303498498397, 0.000127133564092, 0.000116327268188, 0.000255489518167, 0.000420274212956, 0.000450372433988, 0.000742055941373, 0.000567068869714, 0.000823395268526, 0.000586597889196, 0.000265447393758, 0.000317175028613, 0.000425321952207, 0.000893482996617, 0.000304320477881, 0.000250168872299, 0.000320573250065, 0.000233423706959, 0.000255748891504, 0.00044405463268, 0.000148646184243, 0.000125205609947, 0.000159694565809, 0.000110461594886, 9.3339542218e-05, 9.75515285973e-05, 0.000110616681923, 4.91727842018e-05, 5.58968713449e-05, 4.47744278063e-05, 2.21610862354e-05, 3.10853902192e-05, 3.48070534528e-05, 3.60250924132e-05, 1.77278034243e-05, 1.6400235836e-05, 3.55804695573e-05, 2.26535648835e-05, 1.44257410284e-05, 3.52039678546e-05, 3.82056459785e-05, 2.13241000893e-05, 1.70463445102e-05, 1.4936761545e-05, 1.48601302499e-05, 1.31301540023e-05, 9.19477861316e-06, 9.30280748435e-06, 9.92869718175e-06, 6.15720819042e-06, 4.8308447731e-06, 6.6617549237e-06, 7.11314987711e-06, 5.66170683669e-06, 4.04067031923e-06, 2.39141945713e-06, 2.73517412097e-06, 2.88044179797e-06, 2.34917638409e-06, 3.44850991496e-06, 3.8833909457e-06, 2.46841113949e-06, 1.63080926541e-06, 1.7245985191e-06, 1.07582809505e-06, 9.36565982101e-07, 9.57794782153e-07, 8.5726691168e-07, 7.34532477509e-07, 5.92139656419e-07, 5.32005287823e-07, 4.54287771845e-07, 3.70487725831e-07, 2.62924828576e-07, 2.28420944381e-07, 1.99760833652e-07, 1.65387774587e-07, 1.23167069432e-07, 9.75208180876e-08, 8.47291374839e-08, 7.06967853148e-08, 6.60852279566e-08, 5.88291335646e-08, 5.07211268541e-08, 4.28659774343e-08, 3.48425217567e-08, 2.96135347355e-08, 2.63469779327e-08, 2.2567057556e-08, 2.04889030186e-08, 1.8355052589e-08, 1.5696297595e-08, 1.36423858876e-08, 1.19831948808e-08, 1.07024424878e-08, 9.73270086746e-09, 8.93602525309e-09, 7.61301688357e-09, 6.43630881925e-09, 5.48380629795e-09, 5.04210273533e-09, 4.79359130168e-09, 6.92292845272e-09, 7.27122362321e-09, 3.94321138242e-11, 3.46152446984e-11, 3.3617889722e-11, 3.29705533708e-11, 3.1949255741e-11, 3.0746152152e-11, 3.01425343019e-11, 2.96693190849e-11, 2.89339299048e-11, 2.86028371127e-11, 2.85641545139e-11],
        "min": [2.32290773283e-08, 1.23592968748e-07, 2.19572456217e-07, 1.57005473511e-07, 1.57104011578e-07, 1.70705902747e-07, 5.51154698769e-07, 8.14703355445e-07, 3.77360862558e-07, 9.82773485703e-07, 1.26826557789e-06, 8.53629785524e-07, 3.26085569213e-07, 1.64932984603e-07, 2.28345015785e-07, 4.61962599729e-07, 3.06670472128e-07, 4.10859684052e-07, 7.55830228627e-07, 5.95239612267e-07, 3.62747300642e-07, 1.72460602244e-07, 3.77218384529e-07, 6.4896096319e-07, 3.15176180266e-07, 2.73360939218e-07, 1.56235458348e-07, 1.01274629571e-07, 1.56136735541e-07, 1.76881144398e-07, 1.59827223456e-07, 1.03429329101e-07, 1.29274413396e-08, 7.58497975539e-08, 5.96908691364e-08, 1.89065456624e-08, 5.58257440275e-08, 5.5438938773e-08, 4.42944845247e-08, 1.67518408034e-08, 8.82522925849e-08, 4.90898841576e-08, 2.47184654967e-08, 6.62875052626e-08, 9.91070407963e-08, 2.54201950156e-07, 1.06648755605e-07, 4.57437607793e-08, 6.63967369974e-08, 1.29732740106e-07, 7.49032409431e-08, 5.94305653578e-08, 6.85210963525e-08, 2.59032582051e-08, 1.22386847323e-08, 1.60627617873e-08, 6.32837853232e-08, 4.20746992802e-08, 7.02648108586e-08, 4.61953355568e-08, 5.74757983429e-08, 4.22478336759e-08, 2.43989450865e-08, 2.79304064321e-08, 4.3054001253e-08, 3.53505988926e-08, 1.55150914338e-08, 1.03456772038e-08, 1.34292665877e-08, 5.52989831704e-09, 8.94411567032e-09, 8.74534222817e-09, 1.65072808755e-08, 6.01779603926e-09, 2.02212602218e-09, 6.76531142219e-09, 9.36527566608e-09, 7.36700478399e-09, 1.12716769252e-08, 9.08067310235e-09, 1.28378916386e-08, 9.17733178341e-09, 7.17948811513e-09, 8.22318124705e-09, 7.07057479232e-09, 6.10388273259e-09, 5.86686299542e-09, 5.77876146934e-09, 5.18594589494e-09, 3.97076460601e-09, 1.24487165021e-09, 3.53511797613e-09, 4.25647073143e-09, 2.85144396983e-09, 3.52672158144e-09, 3.01686542414e-09, 1.27845145581e-09, 9.35114985445e-10, 9.42094957601e-10, 8.63074944846e-10, 1.92999438653e-09, 6.00342053847e-10, 1.24717580707e-09, 7.17012227369e-10, 7.99028399001e-10, 1.32537614217e-09, 7.52597040243e-10, 6.80642209261e-10, 3.05962755132e-10, 2.89558238498e-10, 6.13004647043e-10, 5.93696147799e-10, 4.27050367291e-10, 4.53388326882e-10, 4.67878402688e-10, 9.95833859818e-10, 5.6845933516e-10, 3.35774892049e-13, 5.06970098294e-15, 4.06146241923e-15, 6.20996233697e-15, 6.65890673968e-15, 4.59168302135e-15, 5.39157053828e-15, 4.59417965097e-15, 4.33743549432e-15, 4.65615535765e-15, 5.97487046004e-15],
        "stdev": [5.71452583245e-05, 5.68603099964e-05, 0.000237756234128, 0.00057138846023, 0.000767348043155, 0.000934435753152, 0.0016317483969, 0.00152929860633, 0.00114118796773, 0.00189766893163, 0.00198121322319, 0.00186029251199, 0.00179666560143, 0.000950126384851, 0.000312419375405, 0.000355634372681, 0.000791559345089, 0.00121218757704, 0.00108157750219, 0.00215126900002, 0.00146968045738, 0.00259437202476, 0.00196654279716, 0.00102853088174, 0.00133252353407, 0.00136283203028, 0.00279285525903, 0.00113738211803, 0.00103456678335, 0.00113124749623, 0.00090433616424, 0.000838789506815, 0.00116497755516, 0.000479206355521, 0.000586824549828, 0.00050124747213, 0.000353045557858, 0.000245146802627, 0.000282071123365, 0.000337930541718, 0.000141339769471, 0.00018764512788, 0.000121898228826, 7.59033137001e-05, 9.44857820286e-05, 7.91886850493e-05, 8.11996942502e-05, 5.35517865501e-05, 4.38422939624e-05, 8.40745196911e-05, 6.60624064039e-05, 5.8679466747e-05, 9.15515920497e-05, 0.000111708955956, 5.91500247538e-05, 3.17742014886e-05, 3.030163316e-05, 3.37863020832e-05, 2.7690162824e-05, 2.03193139896e-05, 1.6613441403e-05, 1.54073022713e-05, 1.24376056192e-05, 8.99005590327e-06, 1.06895695353e-05, 2.01794937311e-05, 1.38140321724e-05, 7.41750454836e-06, 4.1187208808e-06, 5.37601772521e-06, 5.48423258806e-06, 5.15738520335e-06, 1.40620422826e-05, 1.0880332411e-05, 5.3072863011e-06, 3.36440029969e-06, 4.46086596639e-06, 2.30486170949e-06, 2.20492256631e-06, 2.23981010095e-06, 1.85006740594e-06, 1.63139009146e-06, 1.42821340887e-06, 1.32769139327e-06, 1.19077424188e-06, 9.99733174467e-07, 6.00988812494e-07, 5.12125780006e-07, 4.23971442842e-07, 3.11618833848e-07, 1.98201433932e-07, 1.42950185023e-07, 1.0705736031e-07, 8.05824313943e-08, 7.71419905732e-08, 6.16592004121e-08, 5.10078592697e-08, 4.7538154746e-08, 3.7891098259e-08, 3.10459604691e-08, 2.6876019632e-08, 2.16708748724e-08, 2.11758717228e-08, 1.7795940721e-08, 1.55350630138e-08, 1.36450140076e-08, 1.15309894966e-08, 1.04098853981e-08, 9.6466523658e-09, 8.81104256223e-09, 7.47493711373e-09, 6.5482042011e-09, 5.31807842208e-09, 4.68683714061e-09, 4.28463486912e-09, 4.20457846317e-09, 4.22495460839e-09, 8.12947931195e-10, 8.14245504355e-10, 8.00733812589e-10, 7.84670883824e-10, 7.69498020858e-10, 7.54825368876e-10, 7.43781147783e-10, 7.33976601719e-10, 7.24894533288e-10, 7.194526086e-10, 7.15783432526e-10]
    },
    "mfcc": {
        "mean": [-665.82611084, 155.554000854, -28.3082008362, 18.0156269073, -8.74032783508, -2.01148152351, -6.02273416519, 0.317677259445, -4.00305747986, -4.47413349152, -5.13968896866, -2.55842423439, -3.8609380722],
        "cov": [[1933.55700684, -416.248626709, -457.607574463, -122.709823608, -345.360992432, 43.539226532, 36.9096603394, 109.174385071, 45.804107666, 4.27671575546, -5.70090055466, -28.5830307007, -103.440940857], [-416.248626709, 539.779174805, 153.853683472, -89.1775970459, 101.710220337, -79.0903015137, 17.2951965332, -0.100176736712, -18.0212173462, -3.21854186058, 20.0097618103, -19.8009090424, 7.77162790298], [-457.607574463, 153.853683472, 343.777404785, 180.505050659, 110.116729736, 43.8742332458, -33.0834999084, -50.8308525085, 0.348463743925, 12.6299180984, -16.4940910339, 13.0249414444, 26.90583992], [-122.709823608, -89.1775970459, 180.505050659, 362.276062012, 145.004211426, 47.1026153564, -66.133644104, -67.4946899414, 21.865278244, -15.2312860489, -60.8285827637, 12.3016109467, 24.2985076904], [-345.360992432, 101.710220337, 110.116729736, 145.004211426, 247.377975464, 8.69881153107, -37.681854248, -27.7841053009, 3.66468024254, -13.8714017868, -10.141749382, 10.1525440216, 35.7899169922], [43.539226532, -79.0903015137, 43.8742332458, 47.1026153564, 8.69881153107, 148.410171509, 77.6900939941, 18.4429321289, -4.3036942482, 0.561456799507, -10.3185091019, 2.31872940063, 6.11013793945], [36.9096603394, 17.2951965332, -33.0834999084, -66.133644104, -37.681854248, 77.6900939941, 177.908340454, 76.9568557739, 0.809641003609, 6.12221670151, 3.56995773315, -18.2192287445, -24.6037693024], [109.174385071, -0.100176736712, -50.8308525085, -67.4946899414, -27.7841053009, 18.4429321289, 76.9568557739, 114.996269226, 24.4476642609, -2.94234132767, 10.8224096298, -10.2082662582, -2.43276762962], [45.804107666, -18.0212173462, 0.348463743925, 21.865278244, 3.66468024254, -4.3036942482, 0.809641003609, 24.4476642609, 85.0131530762, 50.8148155212, 10.4918613434, 6.11761808395, -12.2094154358], [4.27671575546, -3.21854186058, 12.6299180984, -15.2312860489, -13.8714017868, 0.561456799507, 6.12221670151, -2.94234132767, 50.8148155212, 118.804534912, 67.4548721313, 9.52900505066, -20.4591236115], [-5.70090055466, 20.0097618103, -16.4940910339, -60.8285827637, -10.141749382, -10.3185091019, 3.56995773315, 10.8224096298, 10.4918613434, 67.4548721313, 104.13558197, 36.2850723267, -10.227643013], [-28.5830307007, -19.8009090424, 13.0249414444, 12.3016109467, 10.1525440216, 2.31872940063, -18.2192287445, -10.2082662582, 6.11761808395, 9.52900505066, 36.2850723267, 84.7311172485, 40.0461845398], [-103.440940857, 7.77162790298, 26.90583992, 24.2985076904, 35.7899169922, 6.11013793945, -24.6037693024, -2.43276762962, -12.2094154358, -20.4591236115, -10.227643013, 40.0461845398, 97.0167770386]],
        "icov": [[0.00129130808637, -0.000470480939839, 0.00211733393371, -0.00123698939569, 0.00174882926513, -0.00157504843082, 0.00151231850032, -0.00146719708573, 0.000173810098204, -0.000438447576016, 0.000451650295872, -0.000530893506948, 0.00113406172022], [-0.000470480939839, 0.00465986598283, -0.00423609651625, 0.00341386371292, -0.00298427068628, 0.00429086200893, -0.00311928801239, 0.00171648722608, -0.000803817296401, 0.00154957908671, -0.00118466932327, 0.0017751257401, -0.00110448617488], [0.00211733393371, -0.00423609651625, 0.0104848481715, -0.00595166906714, 0.00379471993074, -0.00618616631255, 0.00453593721613, -0.00280380691402, 0.00187682220712, -0.00326198362745, 0.00185013527516, -0.00211374671198, 0.0018653140869], [-0.00123698939569, 0.00341386371292, -0.00595166906714, 0.00921169295907, -0.00548536749557, 0.00173320889007, -0.00136659911368, 0.00357300089672, -0.00262320996262, 0.00102917593904, 0.00266135740094, -0.000200254900847, -0.000341341394233], [0.00174882926513, -0.00298427068628, 0.00379471993074, -0.00548536749557, 0.00964380055666, -0.00354292849079, 0.00298921391368, -0.00187715422362, -0.000769840087742, 0.00109660148155, -0.00212875963189, 0.000551384990104, -0.000516007188708], [-0.00157504843082, 0.00429086200893, -0.00618616631255, 0.00173320889007, -0.00354292849079, 0.0158548224717, -0.00990746635944, 0.00300967227668, 0.000655212497804, 0.000722022261471, -0.000876139849424, 0.00115484185517, -0.00320450984873], [0.00151231850032, -0.00311928801239, 0.00453593721613, -0.00136659911368, 0.00298921391368, -0.00990746635944, 0.0157625768334, -0.010067557916, 0.00420801248401, -0.0046985251829, 0.00460196984932, -0.00295292260125, 0.00545565458015], [-0.00146719708573, 0.00171648722608, -0.00280380691402, 0.00357300089672, -0.00187715422362, 0.00300967227668, -0.010067557916, 0.0207873564214, -0.0117037398741, 0.00997831206769, -0.00876599457115, 0.00683083385229, -0.00646049017087], [0.000173810098204, -0.000803817296401, 0.00187682220712, -0.00262320996262, -0.000769840087742, 0.000655212497804, 0.00420801248401, -0.0117037398741, 0.0259404648095, -0.0175279993564, 0.0121629051864, -0.00825301744044, 0.00565972551703], [-0.000438447576016, 0.00154957908671, -0.00326198362745, 0.00102917593904, 0.00109660148155, 0.000722022261471, -0.0046985251829, 0.00997831206769, -0.0175279993564, 0.0272875614464, -0.0204897485673, 0.00938410870731, -0.00382108450867], [0.000451650295872, -0.00118466932327, 0.00185013527516, 0.00266135740094, -0.00212875963189, -0.000876139849424, 0.00460196984932, -0.00876599457115, 0.0121629051864, -0.0204897485673, 0.0306834150106, -0.0162333101034, 0.0083297137171], [-0.000530893506948, 0.0017751257401, -0.00211374671198, -0.000200254900847, 0.000551384990104, 0.00115484185517, -0.00295292260125, 0.00683083385229, -0.00825301744044, 0.00938410870731, -0.0162333101034, 0.0245694685727, -0.0118383131921], [0.00113406172022, -0.00110448617488, 0.0018653140869, -0.000341341394233, -0.000516007188708, -0.00320450984873, 0.00545565458015, -0.00646049017087, 0.00565972551703, -0.00382108450867, 0.0083297137171, -0.0118383131921, 0.018458224833]]
    },
    "spectral_contrast_coeffs": {
        "max": [-0.376711934805, -0.376734495163, -0.446229994297, -0.619976758957, -0.652832508087, -0.564698040485],
        "mean": [-0.655360937119, -0.725317239761, -0.717035055161, -0.774260103703, -0.783754765987, -0.758906245232],
        "min": [-0.846108496189, -0.926501393318, -0.895209014416, -0.886300861835, -0.873381793499, -0.852683067322],
        "stdev": [0.0828374251723, 0.0848485007882, 0.0857452750206, 0.0484650619328, 0.0343661978841, 0.0413364730775]
    },
    "spectral_contrast_valleys": {
        "max": [-5.65770101547, -5.08120107651, -5.6512260437, -6.20587348938, -6.34167051315, -9.92109584808],
        "mean": [-7.03223514557, -6.59477138519, -7.30381345749, -7.56523180008, -7.82215738297, -11.0802240372],
        "min": [-9.1943063736, -8.07654476166, -9.43465328217, -9.14994335175, -9.46757507324, -12.3607063293],
        "stdev": [0.588739395142, 0.467441856861, 0.627779841423, 0.57764172554, 0.611965835094, 0.39645755291]
    }
},
"rhythm": {
    "beats_count": 76,
    "beats_loudness": {
        "max": 0.0648962259293,
        "mean": 0.0350691266358,
        "min": 0.00742164626718,
        "stdev": 0.0138635057956
    },
    "bpm": 142.291259766,
    "bpm_histogram_first_peak_bpm": 144,
    "bpm_histogram_first_peak_weight": 0.438356161118,
    "bpm_histogram_second_peak_bpm": 136,
    "bpm_histogram_second_peak_spread": 0,
    "bpm_histogram_second_peak_weight": 0.0266666673124,
    "danceability": 1.15692126751,
    "onset_rate": 3.16845679283,
    "beats_loudness_band_ratio": {
        "max": [0.824725568295, 0.773616015911, 0.901428043842, 0.82047611475, 0.295092880726, 0.289449453354],
        "mean": [0.291125863791, 0.191756352782, 0.295787990093, 0.172337681055, 0.0591250024736, 0.0232427194715],
        "min": [0.00336724915542, 0.00349703710526, 0.0200073663145, 0.00760310608894, 0.0110617969185, 0.00139971345197],
        "stdev": [0.245279103518, 0.180562376976, 0.245778769255, 0.198236241937, 0.0515075661242, 0.0348985753953]
    },
    "beats_position": [0.417959183455, 0.835918366909, 1.25387752056, 1.66022670269, 2.07818579674, 2.48453521729, 2.91410422325, 3.34367346764, 3.76163268089, 4.17959165573, 4.60916090012, 5.0387301445, 5.45668935776, 5.89786815643, 6.32743740082, 6.7570066452, 7.17496585846, 7.59292507172, 8.01088428497, 8.4172334671, 8.84680271149, 9.26476192474, 9.682721138, 10.1006803513, 10.5302495956, 10.9482088089, 11.3777770996, 11.7957363129, 12.2253055573, 12.6548748016, 13.084444046, 13.4907932281, 13.9087524414, 14.3383216858, 14.7678909302, 15.1858501434, 15.6154193878, 16.0449886322, 16.4629478455, 16.8809070587, 17.298866272, 17.7168254852, 18.1580047607, 18.5875740051, 19.0171432495, 19.4351024628, 19.8646717072, 20.2942390442, 20.7121982574, 21.1301574707, 21.548116684, 21.9776859283, 22.4072551727, 22.825214386, 23.2431735992, 23.6611328125, 24.0790920258, 24.5086612701, 24.9266204834, 25.3561897278, 25.774148941, 26.1921081543, 26.6100673676, 27.0280265808, 27.4459857941, 27.8639450073, 28.2819042206, 28.6998634338, 29.1294326782, 29.5590019226, 29.9769611359, 30.3949203491, 30.8128795624, 31.2308387756, 31.66040802, 32.0899772644],
