{
"metadata": {
    "version": {
        "essentia": "2.1-beta5",
        "essentia_git_sha": "Undefined",
        "extractor": "music 2.0"
    },
    "audio_properties": {
        "analysis": {
            "equal_loudness": 0,
            "length": 48.7502937317,
            "sample_rate": 44100,
            "start_time": 126.490699768,
            "downmix": "mix"
        },
        "bit_rate": 192000,
        "length": 210.16444397,
        "lossless": 0,
        "number_channels": 2,
        "replay_gain": -9.76865959167,
        "sample_rate": 48000,
        "codec": "mp3",
        "md5_encoded": "f24643dca8b13771b563a1dcc282616a"
    },
    "tags": {
        "file_name": "Spain_Lady, Lady_Bravo.mp3",
        "encoding": ["Lavf58.29.100"]
    }
},
"lowlevel": {
    "average_loudness": 0.874406754971,
    "barkbands_crest": {
        "max": 26.4088916779,
        "mean": 10.0047245026,
        "min": 2.58971238136,
        "stdev": 4.40577459335
    },
    "barkbands_flatness_db": {
        "max": 0.379846394062,
        "mean": 0.148101091385,
        "min": 0.0431622155011,
        "stdev": 0.0515646338463
    },
    "barkbands_kurtosis": {
        "max": 136.01109314,
        "mean": 2.83381915092,
        "min": -1.83076930046,
        "stdev": 9.34884929657
    },
    "barkbands_skewness": {
        "max": 9.85316371918,
        "mean": 0.75300848484,
        "min": -3.76266765594,
        "stdev": 1.35195600986
    },
    "barkbands_spread": {
        "max": 91.7920532227,
        "mean": 22.1347827911,
        "min": 0.706393182278,
        "stdev": 12.1420459747
    },
    "dissonance": {
        "max": 0.500000059605,
        "mean": 0.454906702042,
        "min": 0.165787905455,
        "stdev": 0.0376831144094
    },
    "dynamic_complexity": 4.06119775772,
    "erbbands_crest": {
        "max": 31.6393051147,
        "mean": 11.9938869476,
        "min": 2.68445658684,
        "stdev": 5.81865930557
    },
    "erbbands_flatness_db": {
        "max": 0.387222826481,
        "mean": 0.197759628296,
        "min": 0.0850461050868,
        "stdev": 0.05485618487
    },
    "erbbands_kurtosis": {
        "max": 46.7396812439,
        "mean": 1.53060281277,
        "min": -1.87981045246,
        "stdev": 3.5873568058
    },
    "erbbands_skewness": {
        "max": 6.4051451683,
        "mean": 0.394258886576,
        "min": -3.87346839905,
        "stdev": 0.945882678032
    },
    "erbbands_spread": {
        "max": 112.379493713,
        "mean": 28.0041427612,
        "min": 2.96932220459,
        "stdev": 17.7421340942
    },
    "hfc": {
        "max": 92.2539291382,
        "mean": 19.7642917633,
        "min": 0.0680810511112,
        "stdev": 19.4931507111
    },
    "loudness_ebu128": {
        "integrated": -15.1488246918,
        "loudness_range": 4.98428821564,
        "momentary": {
            "max": -10.8625326157,
            "mean": -16.5090999603,
            "min": -36.2354736328,
            "stdev": 3.95609092712
        },
        "short_term": {
            "max": -11.8918533325,
            "mean": -15.545214653,
            "min": -18.9192333221,
            "stdev": 1.75519013405
        }
    },
    "melbands_crest": {
        "max": 32.8807029724,
        "mean": 13.0965547562,
        "min": 3.6215968132,
        "stdev": 5.48621940613
    },
    "melbands_flatness_db": {
        "max": 0.44158872962,
        "mean": 0.175807222724,
        "min": 0.0497968159616,
        "stdev": 0.0579005666077
    },
    "melbands_kurtosis": {
        "max": 229.866592407,
        "mean": 7.47217941284,
        "min": -1.80675470829,
        "stdev": 18.6391677856
    },
    "melbands_skewness": {
        "max": 13.0430831909,
        "mean": 1.50568401814,
        "min": -1.80055260658,
        "stdev": 1.77626311779
    },
    "melbands_spread": {
        "max": 224.91305542,
        "mean": 31.0235424042,
        "min": 0.737784445286,
        "stdev": 18.8575229645
    },
    "pitch_salience": {
        "max": 0.839880526066,
        "mean": 0.528708577156,
        "min": 0.0704565942287,
        "stdev": 0.113942325115
    },
    "silence_rate_20dB": {
        "max": 1,
        "mean": 1,
        "min": 1,
        "stdev": 0
    },
    "silence_rate_30dB": {
        "max": 1,
        "mean": 1,
        "min": 1,
        "stdev": 0
    },
    "silence_rate_60dB": {
        "max": 1,
        "mean": 0.117087103426,
        "min": 0,
        "stdev": 0.321523666382
    },
    "spectral_centroid": {
        "max": 4911.97460938,
        "mean": 1609.0090332,
        "min": 324.324066162,
        "stdev": 542.48449707
    },
    "spectral_complexity": {
        "max": 43,
        "mean": 15.3003330231,
        "min": 0,
        "stdev": 7.68320417404
    },
    "spectral_decrease": {
        "max": -2.23105943442e-11,
        "mean": -4.21362100766e-09,
        "min": -2.08444408401e-08,
        "stdev": 3.44742212555e-09
    },
    "spectral_energy": {
        "max": 0.0837367027998,
        "mean": 0.0176958721131,
        "min": 9.39633900998e-05,
        "stdev": 0.0145576028153
    },
    "spectral_energyband_high": {
        "max": 0.0112260067835,
        "mean": 0.00043130206177,
        "min": 4.36371408341e-07,
        "stdev": 0.000637647113763
    },
    "spectral_energyband_low": {
        "max": 0.0227491613477,
        "mean": 0.00266505475156,
        "min": 8.61760952375e-07,
        "stdev": 0.0034034808632
    },
    "spectral_energyband_middle_high": {
        "max": 0.0788745805621,
        "mean": 0.00983715057373,
        "min": 1.86815032066e-05,
        "stdev": 0.0121318455786
    },
    "spectral_energyband_middle_low": {
        "max": 0.0749677121639,
        "mean": 0.00530493305996,
        "min": 4.2606927309e-05,
        "stdev": 0.00646793236956
    },
    "spectral_entropy": {
        "max": 8.75730991364,
        "mean": 7.4517531395,
        "min": 5.14326906204,
        "stdev": 0.464322507381
    },
    "spectral_flux": {
        "max": 0.240921780467,
        "mean": 0.0719468221068,
        "min": 0.0033550390508,
        "stdev": 0.0422876626253
    },
    "spectral_kurtosis": {
        "max": 29.7032356262,
        "mean": 4.22342443466,
        "min": -0.916086196899,
        "stdev": 2.71627283096
    },
    "spectral_rms": {
        "max": 0.0090384921059,
        "mean": 0.00376788293943,
        "min": 0.000302773172734,
        "stdev": 0.00175137678161
    },
    "spectral_rolloff": {
        "max": 10465.1367188,
        "mean": 1717.10107422,
        "min": 107.666015625,
        "stdev": 1116.55151367
    },
    "spectral_skewness": {
        "max": 4.2725071907,
        "mean": 1.42892122269,
        "min": 0.060077033937,
        "stdev": 0.405828326941
    },
    "spectral_spread": {
        "max": 10363738,
        "mean": 3952425.25,
        "min": 1843992.125,
        "stdev": 1021996.625
    },
    "spectral_strongpeak": {
        "max": 13.5574331284,
        "mean": 1.97540211678,
        "min": 0.0101460609585,
        "stdev": 2.41117620468
    },
    "zerocrossingrate": {
        "max": 0.310546875,
        "mean": 0.0656030625105,
        "min": 0.01171875,
        "stdev": 0.0279830992222
    },
    "barkbands": {
        "max": [0.000126792452647, 0.0170339588076, 0.0104296226054, 0.0116347018629, 0.0219680741429, 0.0570022836328, 0.0637951418757, 0.011722962372, 0.0265343300998, 0.0482670031488, 0.0495432540774, 0.0445959977806, 0.0346916280687, 0.0221628043801, 0.0170015338808, 0.024183569476, 0.0228203013539, 0.00976446829736, 0.00642304681242, 0.00198529916815, 0.00491825258359, 0.00161778659094, 0.00676667923108, 0.00247243582271, 0.00145444402006, 0.000221133479499, 4.76586080822e-07],
        "mean": [1.13146534204e-05, 0.00151029252447, 0.000774605083279, 0.000559985695872, 0.000639754638541, 0.00109497399535, 0.0013622402912, 0.000629191170447, 0.000730771222152, 0.00168269441929, 0.00211945991032, 0.00129583466332, 0.00104522192851, 0.000773603620473, 0.000725993595552, 0.000863036490045, 0.000708569888957, 0.000444268516731, 0.000234084727708, 0.000140251228004, 0.000138982461067, 7.96378371888e-05, 6.60913210595e-05, 4.34718567703e-05, 1.75865534402e-05, 3.96723362428e-06, 2.60683075126e-09],
        "min": [1.95583282903e-09, 1.7555521481e-07, 3.6616467014e-07, 3.61382546998e-07, 3.05932962874e-06, 1.31437468553e-06, 2.75380557468e-07, 5.70896077079e-08, 1.34678359132e-07, 5.92584626702e-07, 2.15215038679e-07, 5.93503273194e-08, 1.6688886717e-07, 7.7958944189e-08, 1.47061825828e-06, 1.90802438738e-07, 2.73614830348e-07, 1.37723148441e-07, 2.68329131359e-07, 4.10167650955e-08, 1.6766331612e-07, 7.0483338277e-08, 4.15361505191e-08, 4.37856222391e-08, 2.14330349024e-08, 1.72379310825e-09, 1.90267662736e-11],
        "stdev": [1.38607356348e-05, 0.00213392125443, 0.00149070611224, 0.00125561479945, 0.0011978832772, 0.00333018833771, 0.00343689741567, 0.00117211707402, 0.00193887879141, 0.00391040276736, 0.00533743062988, 0.00379352760501, 0.00290544191375, 0.00197447533719, 0.00177136843558, 0.0023442634847, 0.00239010108635, 0.000855588412378, 0.000394270347897, 0.000194552805624, 0.000252552388702, 0.000104900937004, 0.000209762467421, 0.000121260003652, 6.44909232506e-05, 9.59482804319e-06, 1.36376474558e-08]
    },
    "erbbands": {
        "max": [0.302867531776, 4.56656360626, 12.7436723709, 30.1355190277, 26.8732337952, 70.4202346802, 311.878875732, 692.104003906, 673.676940918, 728.713745117, 545.705505371, 670.674438477, 1213.50317383, 3124.4440918, 2139.59155273, 1741.9317627, 1383.86303711, 1328.33532715, 1108.24584961, 985.33605957, 1564.35449219, 1612.77661133, 451.478729248, 603.138122559, 93.9911651611, 72.3910675049, 312.324615479, 59.3969535828, 46.5827407837, 184.79788208, 168.834976196, 84.9194412231, 28.1069412231, 19.4899864197, 7.90051412582, 1.97659265995, 0.174722671509, 0.00487067457289, 0.000304045621306, 0.000100353085145],
        "mean": [0.0308690611273, 0.380893409252, 0.906739473343, 1.62671089172, 1.51342773438, 2.31799125671, 4.97464418411, 9.96578121185, 19.0504989624, 14.5726709366, 16.7012748718, 16.025352478, 29.8339824677, 85.502204895, 76.6306762695, 50.3095970154, 49.6877593994, 41.969455719, 43.3439979553, 34.6517524719, 50.9436569214, 44.3903198242, 23.2686386108, 19.1631183624, 9.31911277771, 6.65066385269, 8.13622093201, 3.41076683998, 2.96709442139, 2.36131978035, 1.79944264889, 1.21335160732, 0.52902764082, 0.224792003632, 0.113188765943, 0.034670509398, 0.00343296071514, 0.000102117970528, 1.57602335094e-05, 2.26492793445e-05],
        "min": [3.67802249457e-06, 5.68316609133e-05, 0.000395178707549, 0.00102160812821, 0.00172949454281, 0.00760283693671, 0.0209068227559, 0.0170253571123, 0.0097380625084, 0.00311589124613, 0.00603407155722, 0.00868209917098, 0.0133912945166, 0.0272439401597, 0.0153068779036, 0.00504966918379, 0.00953351985663, 0.0114507572725, 0.0790943354368, 0.0276325158775, 0.0141559028998, 0.0129397260025, 0.00809874292463, 0.0148369027302, 0.00898946356028, 0.00694264424965, 0.0100471070036, 0.00256967893802, 0.00290221651085, 0.00133490329608, 0.00111781270243, 0.00125172582921, 0.000474332977319, 0.000248335360084, 0.000147864600876, 4.79915397591e-05, 2.25427424994e-06, 7.89283376434e-07, 3.1126538147e-07, 1.28752716932e-07],
        "stdev": [0.0362985916436, 0.578490316868, 1.67098021507, 3.57053828239, 2.8619890213, 4.44027900696, 18.9513721466, 32.155670166, 49.3043212891, 35.3151016235, 34.7130851746, 41.9491996765, 80.5625991821, 195.685409546, 183.754745483, 128.001281738, 121.919433594, 105.66456604, 100.408088684, 86.4319915771, 132.264587402, 149.115539551, 43.0130195618, 39.4188613892, 11.4744052887, 8.34430980682, 15.4953784943, 4.7340965271, 3.85195589066, 5.36807918549, 5.6781744957, 3.44906425476, 1.64921569824, 0.89462864399, 0.369491785765, 0.0863815695047, 0.00822670850903, 0.000250470679021, 1.6400756067e-05, 1.83749471034e-05]
    },
    "gfcc": {
        "mean": [-34.0231819153, 98.1155700684, -151.167358398, 39.072429657, -65.9719314575, 20.746881485, -33.2903900146, 10.3411235809, -21.0854949951, -1.86864757538, -9.3109703064, -0.465720802546, -2.36852431297],
        "cov": [[4191.89355469, -384.231628418, -442.41116333, -17.2394599915, 332.693756104, 697.045471191, 288.87298584, 301.183502197, 126.746604919, 177.033233643, 60.3499946594, 99.2213439941, -292.305389404], [-384.231628418, 492.992462158, -53.1312446594, -66.0955276489, 25.6174144745, -91.5126113892, 99.4201507568, -61.5471382141, 44.4424057007, -29.3140678406, 78.4984588623, -41.0467796326, 74.5103988647], [-442.41116333, -53.1312446594, 604.896972656, 261.452514648, -161.375534058, -41.2346000671, -77.6264801025, -1.14972341061, -92.8034362793, 91.1303100586, -56.4149894714, 4.33962106705, 48.1478042603], [-17.2394599915, -66.0955276489, 261.452514648, 428.98348999, 89.7954025269, 67.7736282349, -21.6627216339, 22.0190887451, 1.61098480225, 48.1394691467, -78.7623596191, -3.79852175713, 22.9105491638], [332.693756104, 25.6174144745, -161.375534058, 89.7954025269, 288.646270752, 180.338638306, 76.3660888672, 11.1014270782, 17.8069496155, 3.3472867012, -20.3575458527, -5.87098360062, -26.0167503357], [697.045471191, -91.5126113892, -41.2346000671, 67.7736282349, 180.338638306, 416.774780273, 171.542175293, 35.1386604309, -32.1888656616, 77.5047454834, 8.60359096527, -3.75917458534, -80.1629486084], [288.87298584, 99.4201507568, -77.6264801025, -21.6627216339, 76.3660888672, 171.542175293, 192.089797974, 21.708562851, -6.45689105988, 32.7934951782, 49.8555107117, -8.07540607452, -21.3097782135], [301.183502197, -61.5471382141, -1.14972341061, 22.0190887451, 11.1014270782, 35.1386604309, 21.708562851, 151.47543335, 83.605758667, 28.1955280304, -5.66427993774, 34.7242889404, -14.262717247], [126.746604919, 44.4424057007, -92.8034362793, 1.61098480225, 17.8069496155, -32.1888656616, -6.45689105988, 83.605758667, 162.762695312, 5.6066942215, 21.5841407776, 25.1862754822, 7.3285446167], [177.033233643, -29.3140678406, 91.1303100586, 48.1394691467, 3.3472867012, 77.5047454834, 32.7934951782, 28.1955280304, 5.6066942215, 144.732589722, 28.5066547394, 3.38538765907, -19.3157463074], [60.3499946594, 78.4984588623, -56.4149894714, -78.7623596191, -20.3575458527, 8.60359096527, 49.8555107117, -5.66427993774, 21.5841407776, 28.5066547394, 123.364051819, 24.102098465, -4.23624658585], [99.2213439941, -41.0467796326, 4.33962106705, -3.79852175713, -5.87098360062, -3.75917458534, -8.07540607452, 34.7242889404, 25.1862754822, 3.38538765907, 24.102098465, 79.5366210938, 8.75230312347], [-292.305389404, 74.5103988647, 48.1478042603, 22.9105491638, -26.0167503357, -80.1629486084, -21.3097782135, -14.262717247, 7.3285446167, -19.3157463074, -4.23624658585, 8.75230312347, 102.450569153]],
        "icov": [[0.000478048226796, 1.29717145683e-05, 0.000457243557321, -0.000163608885487, 0.000172425498022, -0.000582444074098, 6.96992647136e-05, -0.000657700118609, 0.000140443415148, -0.000308370246785, 3.17549602187e-05, -0.00045653511188, 0.000659317534883], [1.29717145683e-05, 0.00568018481135, -0.00235249823891, 0.00157194084022, -0.00301077100448, 0.00317778694443, -0.00561206461862, 0.00325366295874, -0.00399243412539, 0.00134397321381, -0.00230543850921, 0.0031999067869, -0.00216218829155], [0.000457243557321, -0.00235249823891, 0.00674031954259, -0.00421104906127, 0.00523557793349, -0.00244126049802, 0.00349128851667, -0.00323018943891, 0.00519460253417, -0.00331986160018, 0.00142585148569, -0.00222429749556, -0.000263140478637], [-0.000163608885487, 0.00157194084022, -0.00421104906127, 0.00590332457796, -0.00419316953048, 0.000976525596343, -0.00157621677499, 0.00185346277431, -0.00341760017909, 0.000527621887159, 0.00110449653585, 0.001132731908, -0.00102886545938], [0.000172425498022, -0.00301077100448, 0.00523557793349, -0.00419316953048, 0.010021597147, -0.00474300608039, 0.00293289287947, -0.00151437579188, 0.00263066077605, -0.00130529922899, 0.00259241065942, -0.00237277755514, 0.00026739446912], [-0.000582444074098, 0.00317778694443, -0.00244126049802, 0.000976525596343, -0.00474300608039, 0.00901722814888, -0.00774054555222, 0.00226204236969, -0.00117206398863, -0.000586663954891, -0.000250242417678, 0.0011696650181, 0.00137493363582], [6.96992647136e-05, -0.00561206461862, 0.00349128851667, -0.00157621677499, 0.00293289287947, -0.00774054555222, 0.0167202502489, -0.00614548148587, 0.00586165534332, -0.00117309822235, -0.00266484287567, 3.32346244249e-05, -0.000450936960988], [-0.000657700118609, 0.00325366295874, -0.00323018943891, 0.00185346277431, -0.00151437579188, 0.00226204236969, -0.00614548148587, 0.0155532313511, -0.00987768452615, -5.70602751395e-05, 0.00297177024186, -0.00244260253385, 0.000160481868079], [0.000140443415148, -0.00399243412539, 0.00519460253417, -0.00341760017909, 0.00263066077605, -0.00117206398863, 0.00586165534332, -0.00987768452615, 0.0154931237921, -0.00224589556456, -0.00145221850835, -0.00198432919569, -0.000199842717848], [-0.000308370246785, 0.00134397321381, -0.00331986160018, 0.000527621887159, -0.00130529922899, -0.000586663954891, -0.00117309822235, -5.70602751395e-05, -0.00224589556456, 0.0110055366531, -0.00422310130671, 0.00254635722376, 0.000385939551052], [3.17549602187e-05, -0.00230543850921, 0.00142585148569, 0.00110449653585, 0.00259241065942, -0.000250242417678, -0.00266484287567, 0.00297177024186, -0.00145221850835, -0.00422310130671, 0.0151882171631, -0.00679154181853, 0.00168805557769], [-0.00045653511188, 0.0031999067869, -0.00222429749556, 0.001132731908, -0.00237277755514, 0.0011696650181, 3.32346244249e-05, -0.00244260253385, -0.00198432919569, 0.00254635722376, -0.00679154181853, 0.0189522784203, -0.00413612416014], [0.000659317534883, -0.00216218829155, -0.000263140478637, -0.00102886545938, 0.00026739446912, 0.00137493363582, -0.000450936960988, 0.000160481868079, -0.000199842717848, 0.000385939551052, 0.00168805557769, -0.00413612416014, 0.0151506718248]]
    },
    "melbands": {
        "max": [0.0035496018827, 0.00581646058708, 0.00454854313284, 0.00235150777735, 0.00806931871921, 0.0134398126975, 0.012133887969, 0.00636646244675, 0.00574693549424, 0.00465207686648, 0.00624582637101, 0.012428724207, 0.00804524868727, 0.00581613602117, 0.00294202379882, 0.00475394865498, 0.00247497647069, 0.00205854466185, 0.00162671937142, 0.00217637768947, 0.00238873413764, 0.00205745990388, 0.000585009285714, 0.000486739590997, 0.00052745436551, 0.00011293769785, 5.82853681408e-05, 5.86535788898e-05, 0.000221522641368, 6.64931940264e-05, 2.88486462523e-05, 3.14575663651e-05, 4.76105306007e-05, 0.000132739616674, 0.000122855024529, 8.78681457834e-05, 3.70575653506e-05, 2.06171553145e-05, 1.60864165082e-05, 1.71537030837e-05],
        "mean": [0.000358915072866, 0.000497674336657, 0.00026609323686, 0.000133507637656, 0.000157294416567, 0.000231239129789, 0.000291938515147, 0.000147915590787, 0.000135578098707, 9.996562585e-05, 0.000144251942402, 0.000333755277097, 0.000287311908323, 0.000169038612512, 8.95538687473e-05, 0.000116054041428, 6.97558207321e-05, 7.02280158293e-05, 4.97720029671e-05, 4.45224141004e-05, 6.27310437267e-05, 5.14550338266e-05, 2.02676656045e-05, 2.17487686314e-05, 1.51381627802e-05, 7.24432538846e-06, 4.93223706144e-06, 4.12386907556e-06, 5.91163143326e-06, 2.78835705103e-06, 1.67813948337e-06, 1.73726596131e-06, 1.4218250044e-06, 1.27666839944e-06, 1.09240761503e-06, 8.4629164121e-07, 7.13082272341e-07, 3.98331280849e-07, 2.43087526997e-07, 1.72118177488e-07],
        "min": [4.54225812518e-08, 1.68030183545e-07, 1.76538904384e-07, 5.65813593312e-07, 5.8920278434e-07, 3.48828734786e-07, 8.49150794124e-08, 2.93346662517e-08, 4.06168219058e-08, 2.02084997625e-08, 4.83945292729e-08, 1.09344583166e-07, 4.64036773451e-08, 6.44951203554e-09, 9.78489111958e-09, 1.81171166957e-08, 4.90700013955e-09, 9.09739483745e-08, 9.88335386864e-08, 9.04530850221e-09, 1.49813335071e-08, 1.39635645269e-08, 9.61590540527e-09, 5.6265321291e-09, 3.71082409245e-09, 6.42930242378e-09, 5.66968827442e-09, 1.54956736331e-09, 7.37880601065e-09, 2.06121697488e-09, 1.09831999051e-09, 1.80334625011e-09, 9.13693398719e-10, 8.19465550972e-10, 7.10815684091e-10, 5.66438340677e-10, 7.90438048348e-10, 2.99808178283e-10, 2.64781224724e-10, 1.94623026029e-10],
        "stdev": [0.00045682277414, 0.000790085236076, 0.000533263315447, 0.00021960765298, 0.000538788037375, 0.00069803907536, 0.000721247517504, 0.0003269968729, 0.000310885050567, 0.000289354735287, 0.000414979149355, 0.000785778625868, 0.000729086750653, 0.000505703908857, 0.000220761008677, 0.000348565721652, 0.000196183173102, 0.000182862320798, 0.000135510184919, 0.00014958877, 0.000180014787475, 0.000196056149434, 4.06676044804e-05, 4.5474494982e-05, 3.43449573847e-05, 1.04778473542e-05, 6.25610618954e-06, 5.84516646995e-06, 1.1626122614e-05, 4.5467381824e-06, 2.48367200584e-06, 2.28772069022e-06, 2.13798966797e-06, 3.63458661923e-06, 3.74401338377e-06, 3.09282904709e-06, 1.75611535269e-06, 1.21855248381e-06, 9.33935552894e-07, 7.45209604247e-07]
    },
    "melbands128": {
        "max": [0.000115839698992, 0.00147471309174, 0.00606787158176, 0.00906805321574, 0.00799683760852, 0.00582951726392, 0.00728199491277, 0.00481058796868, 0.00308567937464, 0.00317994668148, 0.00448275636882, 0.00890315882862, 0.0151142692193, 0.0166677497327, 0.0263926833868, 0.0146784456447, 0.0171089880168, 0.0190315861255, 0.0208603832871, 0.00788974110037, 0.00287077971734, 0.00342051498592, 0.00902567431331, 0.00873680319637, 0.0057473112829, 0.0108812870458, 0.00919270236045, 0.0120064793155, 0.0093197543174, 0.0098416749388, 0.0251978319138, 0.0104862116277, 0.015725793317, 0.00820628833026, 0.0151757225394, 0.0131266461685, 0.00781536754221, 0.00607808865607, 0.00539343478158, 0.00542606972158, 0.00922654289752, 0.00524036493152, 0.00565887847915, 0.00311843212694, 0.00398933561519, 0.00480192992836, 0.00396944163367, 0.00386792374775, 0.00339924404398, 0.00307707185857, 0.00492799561471, 0.00241185096093, 0.00370408431627, 0.00288072088733, 0.0026756064035, 0.00448698829859, 0.00350451865233, 0.00054176611593, 0.000922810984775, 0.00119198032189, 0.000672832829878, 0.00128930364735, 0.00152005429845, 0.000369641551515, 0.000333528703777, 0.000246387993684, 0.000128597472212, 0.000150233827299, 9.30765381781e-05, 8.68564238772e-05, 0.000121197736007, 9.07609719434e-05, 0.000212879356695, 0.00043049591477, 0.000249033299042, 5.74077639612e-05, 7.15401693014e-05, 3.12039046548e-05, 4.16710026911e-05, 2.76205482805e-05, 5.23071539646e-05, 2.7935629987e-05, 2.51183737419e-05, 3.9513954107e-05, 7.35021021683e-05, 0.000115571594506, 0.000124142185086, 0.000244995899266, 0.00011406998965, 5.48946009076e-05, 0.000112024092232, 9.41100224736e-05, 6.65791085339e-05, 4.09149251936e-05, 4.12749577663e-05, 3.02048320009e-05, 2.66005044978e-05, 2.62513185589e-05, 2.26745360123e-05, 2.55129834841e-05, 1.12555644591e-05, 1.94801123143e-05, 2.22708313231e-05, 1.42029221024e-05, 8.6317777459e-06, 7.8717012002e-06, 3.69169697478e-06, 4.15499607698e-06, 4.55177769254e-06, 2.7140815746e-06, 1.18815364658e-06, 8.13272151845e-07, 1.53310111273e-07, 4.25141770677e-08, 3.17690691531e-08, 1.9398880724e-08, 4.14205292287e-09, 8.37791525043e-09, 2.34466179805e-09, 2.11752992918e-09, 2.05075156856e-09, 1.99067495821e-09, 1.93706140017e-09, 1.88655957523e-09, 1.85548321152e-09, 1.82680470751e-09, 1.80884829337e-09, 1.79613079965e-09],
        "mean": [1.01178584373e-05, 0.000170018960489, 0.000534126069397, 0.000668599270284, 0.000503009243403, 0.000371402304154, 0.000364417035598, 0.000227937111049, 0.000126610189909, 0.000142124990816, 0.000124615486129, 0.000119641968922, 0.000175792534719, 0.000189092796063, 0.000198533045477, 0.000263866211753, 0.000322816398693, 0.000304726941977, 0.000264422735199, 0.000143757206388, 8.60626096255e-05, 0.000145517580677, 0.000158785929671, 0.000107969899545, 9.45742067415e-05, 9.11251700018e-05, 0.000119273747259, 0.000148018705659, 0.000146899285028, 0.000303493259707, 0.000438965187641, 0.000313141470542, 0.000365090061678, 0.000157318310812, 0.00019781604351, 0.000186687349924, 0.000104262799141, 6.73753820593e-05, 8.92349926289e-05, 0.00012769830937, 0.000124706624774, 9.46548752836e-05, 7.84067015047e-05, 4.38190763816e-05, 6.59824509057e-05, 8.11703357613e-05, 7.05856218701e-05, 4.93541265314e-05, 3.63405088137e-05, 5.06721808051e-05, 4.53662723885e-05, 3.16068435495e-05, 8.83930770215e-05, 5.84930639889e-05, 4.15313224948e-05, 7.63643256505e-05, 3.27605048369e-05, 1.71327756107e-05, 1.73289681697e-05, 2.10781363421e-05, 2.04736079468e-05, 2.43314007093e-05, 2.2031556e-05, 1.01683381217e-05, 8.10476012703e-06, 6.73525664752e-06, 7.47586591388e-06, 6.30004251434e-06, 3.459468644e-06, 4.20872765972e-06, 4.63947662865e-06, 3.0652292935e-06, 5.41945382793e-06, 8.26793257147e-06, 4.43298131358e-06, 2.26032261708e-06, 2.64461482402e-06, 1.62156493388e-06, 1.54376130013e-06, 1.61553907674e-06, 1.73999148956e-06, 1.88553167391e-06, 1.51647168423e-06, 1.34292713483e-06, 1.37266044931e-06, 1.27403529859e-06, 1.22868675589e-06, 1.32829040922e-06, 1.09068002985e-06, 9.43705572354e-07, 8.61775561134e-07, 8.5933839955e-07, 7.30882618427e-07, 7.623097531e-07, 6.964458521e-07, 4.63820725827e-07, 3.37140136253e-07, 2.81661414192e-07, 2.64066954969e-07, 2.3211747191e-07, 1.3458921444e-07, 1.82703260521e-07, 1.75131930291e-07, 1.54643956307e-07, 1.3563119694e-07, 1.05222561331e-07, 8.06106896789e-08, 7.22138082665e-08, 6.07923169582e-08, 4.55570123847e-08, 3.30161498141e-08, 1.11535243263e-08, 2.36081332261e-09, 6.08822159354e-10, 3.29011262679e-10, 2.52096676867e-10, 6.43412406687e-11, 1.09538255202e-11, 1.05562277669e-11, 8.09485811715e-12, 3.61530163445e-12, 3.40602329327e-12, 3.32871078791e-12, 3.25934071399e-12, 3.18534608412e-12, 3.10009591782e-12, 3.04861496291e-12, 3.02701071674e-12],
        "min": [2.77394163195e-10, 4.46063896931e-09, 7.21863635533e-09, 6.29592777912e-09, 1.28194102444e-07, 1.54968176957e-07, 2.21137241851e-07, 1.60136622185e-07, 1.01772165806e-07, 1.1529574806e-07, 2.05601537573e-07, 3.50195534793e-08, 1.07869936983e-07, 3.27156612911e-07, 4.09046464256e-07, 6.81944811731e-08, 3.54370897071e-08, 2.87692696332e-08, 4.81485891157e-08, 8.20617884756e-09, 1.03096509108e-08, 1.17857403836e-08, 3.56193963214e-09, 8.72076721947e-09, 1.64152531568e-08, 1.06341087047e-08, 2.9905105059e-09, 6.82122580642e-09, 6.21601401463e-08, 1.49061946786e-07, 7.40819672274e-08, 2.39708288774e-08, 1.16111316117e-08, 7.64311014478e-09, 4.63740157386e-09, 1.28737931426e-09, 2.33370567315e-09, 2.21580176429e-09, 4.654969743e-09, 7.77876607572e-09, 5.02962471671e-09, 1.86067727892e-09, 3.68412123031e-09, 1.23402787988e-09, 6.38059738378e-09, 2.88427486339e-08, 6.91609116643e-08, 2.66665107773e-08, 3.78755871111e-09, 4.68999905578e-09, 3.90543775097e-09, 6.74819133906e-09, 9.89554393982e-09, 1.06599493677e-08, 7.15473813528e-09, 1.94865434899e-09, 2.7351914067e-09, 1.26668409095e-08, 1.10587512481e-08, 3.77897224624e-09, 2.13021245088e-09, 2.04790495673e-09, 1.14734388657e-09, 2.99393354553e-09, 2.75432032737e-09, 2.70867350771e-09, 6.83696033121e-09, 8.05980970853e-09, 1.39832556645e-09, 1.42733025399e-09, 3.49304724034e-10, 2.67321664804e-10, 1.83176873669e-09, 1.29025163886e-08, 4.98237806568e-09, 4.509230489e-10, 6.86813494966e-10, 4.53270476708e-10, 6.89834467327e-10, 2.32507080256e-09, 8.45603198574e-10, 5.35916533373e-10, 3.93834687085e-10, 6.39396591229e-10, 4.49794618218e-10, 2.09950959396e-10, 4.06349454085e-10, 3.29542643174e-10, 4.33344665707e-10, 6.55063225885e-10, 2.51901333126e-10, 2.52385223831e-10, 8.05933875192e-10, 9.00342633781e-10, 1.82472564836e-10, 2.41513697929e-10, 3.04819225416e-10, 3.14454295935e-10, 1.31502086997e-10, 2.05457637015e-10, 1.59287721901e-10, 1.74000980291e-10, 1.92443422309e-10, 2.82670248319e-10, 1.55596840967e-10, 1.03989566957e-10, 7.84029507983e-11, 5.04451445893e-11, 8.90282118859e-12, 2.41407534154e-13, 8.70120964755e-14, 1.06482693756e-13, 1.3466148769e-13, 6.83038559523e-14, 5.53494323128e-14, 5.70476147875e-14, 6.13571557928e-14, 6.93833486216e-14, 4.44981440475e-14, 4.83769755754e-14, 5.63734104428e-14, 5.51370066141e-14, 5.25642355163e-14, 4.71038105168e-14, 3.83459607925e-14, 1.57191950835e-14, 2.30194184196e-15, 7.3166500843e-17],
        "stdev": [1.32422410388e-05, 0.000211229445995, 0.000698262068909, 0.00115876540076, 0.00104273622856, 0.000747855228838, 0.000877560232766, 0.000503886665683, 0.000291105912765, 0.000248408410698, 0.000278645340586, 0.000411810528021, 0.000808906799648, 0.000986640457995, 0.000988090410829, 0.000822114001494, 0.00125944451429, 0.000889968592674, 0.000962716934737, 0.000459444447188, 0.000189183396287, 0.000323093030602, 0.000508621451445, 0.000346537446603, 0.000325181928929, 0.000490597740281, 0.000480161281303, 0.000656099058688, 0.00054590171203, 0.000853514997289, 0.00137436413206, 0.000961125013418, 0.00128299731296, 0.000567365495954, 0.00086543377256, 0.00074387335917, 0.00037119013723, 0.000281369546428, 0.000321527622873, 0.000399912794819, 0.000635817996226, 0.000358537217835, 0.000343109393725, 0.000181937721209, 0.000249382690527, 0.000302822736558, 0.000249477889156, 0.000223252209253, 0.000159045463079, 0.00019987593987, 0.000268870877335, 0.000162970303791, 0.000323588959873, 0.000217306835111, 0.000194408974494, 0.00037227361463, 0.000184106189408, 3.51241105818e-05, 4.95992062497e-05, 7.41801777622e-05, 6.06900684943e-05, 8.04702140158e-05, 7.97457469162e-05, 2.70899818133e-05, 1.92074803635e-05, 1.51433696374e-05, 1.24822236103e-05, 1.14683880383e-05, 6.31446164334e-06, 7.75408534537e-06, 9.12834275368e-06, 5.70524844079e-06, 1.51607091539e-05, 2.06782351597e-05, 1.09992815851e-05, 4.1053312998e-06, 4.92002845931e-06, 2.59804937741e-06, 2.94903315989e-06, 2.34480626204e-06, 2.8218182706e-06, 2.59083662968e-06, 2.34706362789e-06, 2.17881233766e-06, 2.75757588497e-06, 3.5073003346e-06, 3.65795244761e-06, 6.72922169542e-06, 3.70478073819e-06, 2.70276768788e-06, 3.42359680872e-06, 3.44663772012e-06, 2.68032067652e-06, 1.82109158686e-06, 1.60768092883e-06, 1.37056804306e-06, 1.27922965021e-06, 1.12438431188e-06, 1.0251153526e-06, 1.06097138541e-06, 5.53349934762e-07, 8.54273253026e-07, 8.3979404053e-07, 6.11661732819e-07, 4.26640468731e-07, 3.05886203478e-07, 1.90845383941e-07, 1.86667165281e-07, 1.71819493744e-07, 1.10505041562e-07, 7.1404791413e-08, 3.5270623755e-08, 9.26270349311e-09, 2.37699993022e-09, 1.49942669392e-09, 1.02706265714e-09, 2.48896958599e-10, 1.92547519595e-10, 7.71153974011e-11, 5.84085835253e-11, 4.49786943801e-11, 4.36048454289e-11, 4.24335011573e-11, 4.13303349878e-11, 4.0651509936e-11, 4.00252192501e-11, 3.96328594943e-11, 3.93547971989e-11]
    },
    "mfcc": {
        "mean": [-663.743408203, 114.02432251, -18.9867477417, 19.836971283, -6.15150690079, 7.40072107315, -0.369663894176, 10.021273613, -2.60157823563, 2.31531357765, -5.14805030823, 2.50178670883, -1.74145555496],
        "cov": [[4615.22949219, -368.026306152, -559.208496094, -376.180328369, 96.3620758057, 341.309783936, 296.316833496, 412.887359619, 114.795944214, 204.457336426, 297.729400635, 444.484832764, 229.613037109], [-368.026306152, 476.872039795, -134.305923462, -45.7074432373, -97.6764450073, -33.0761642456, 13.9864645004, -20.0372409821, -39.3957252502, 7.52022695541, -8.81524181366, -28.868686676, -9.71258926392], [-559.208496094, -134.305923462, 636.815185547, 193.16796875, -12.6930541992, -25.6950836182, 2.67457509041, -131.847396851, 28.0017929077, -47.3519020081, -26.691072464, -5.16898393631, -45.4106140137], [-376.180328369, -45.7074432373, 193.16796875, 317.694000244, 92.662361145, -17.5041332245, -55.2391891479, -63.5158195496, 58.4305419922, -24.9697189331, -43.91771698, -20.4640216827, -26.1487007141], [96.3620758057, -97.6764450073, -12.6930541992, 92.662361145, 185.17401123, 58.3290710449, -13.4359560013, 25.4240150452, 57.4281425476, 13.0154714584, -5.25887441635, 1.42450261116, 5.17991495132], [341.309783936, -33.0761642456, -25.6950836182, -17.5041332245, 58.3290710449, 273.354858398, 176.082702637, 34.5462112427, 25.8994140625, 42.0853805542, 55.7382278442, 36.9657859802, 17.5875282288], [296.316833496, 13.9864645004, 2.67457509041, -55.2391891479, -13.4359560013, 176.082702637, 242.885314941, 27.6610507965, -5.83470916748, 37.1625213623, 52.6383934021, 29.9378585815, 2.33866643906], [412.887359619, -20.0372409821, -131.847396851, -63.5158195496, 25.4240150452, 34.5462112427, 27.6610507965, 171.121154785, 33.675868988, 21.4392967224, 30.166885376, 52.8971481323, 39.1210479736], [114.795944214, -39.3957252502, 28.0017929077, 58.4305419922, 57.4281425476, 25.8994140625, -5.83470916748, 33.675868988, 138.862838745, 33.9328575134, 15.9108629227, 24.3982086182, -0.386412322521], [204.457336426, 7.52022695541, -47.3519020081, -24.9697189331, 13.0154714584, 42.0853805542, 37.1625213623, 21.4392967224, 33.9328575134, 95.475402832, 41.7020111084, 24.5539875031, 12.2345848083], [297.729400635, -8.81524181366, -26.691072464, -43.91771698, -5.25887441635, 55.7382278442, 52.6383934021, 30.166885376, 15.9108629227, 41.7020111084, 108.921066284, 82.933013916, 26.5249538422], [444.484832764, -28.868686676, -5.16898393631, -20.4640216827, 1.42450261116, 36.9657859802, 29.9378585815, 52.8971481323, 24.3982086182, 24.5539875031, 82.933013916, 171.560546875, 66.5228118896], [229.613037109, -9.71258926392, -45.4106140137, -26.1487007141, 5.17991495132, 17.5875282288, 2.33866643906, 39.1210479736, -0.386412322521, 12.2345848083, 26.5249538422, 66.5228118896, 84.6278686523]],
        "icov": [[0.000460325507447, 0.000398642529035, 0.000318429636536, 0.00022520442144, -6.73329896017e-06, -6.5152773459e-05, -0.000305851601297, -0.000332500785589, -0.000124493672047, -0.000309461145662, -1.57929662237e-07, -0.000818689586595, -9.88850952126e-05], [0.000398642529035, 0.00303715560585, 0.00114971073344, -0.000363633327652, 0.00160755543038, 0.000173110398464, -0.000708763604052, 0.000208187979297, -0.000110551933176, -0.000600939732976, 0.000206364245969, -0.000514481798746, -1.33808734972e-05], [0.000318429636536, 0.00114971073344, 0.00293572200462, -0.00125466939062, 0.00111618603114, 0.000315069395583, -0.00111371802632, 0.00144418212585, -0.000873445067555, 0.000662173260935, 0.000196313500055, -0.00129690335598, 0.00054316886235], [0.00022520442144, -0.000363633327652, -0.00125466939062, 0.00581888575107, -0.00291976379231, -2.11774276977e-05, 0.000487283017719, 0.00121634395327, -0.00165420060512, 0.000570269126911, 0.00148622598499, -0.00115027942229, 0.000427674560342], [-6.73329896017e-06, 0.00160755543038, 0.00111618603114, -0.00291976379231, 0.00956246256828, -0.0029287096113, 0.00184468342923, -0.000984734855592, -0.00165182224009, -0.000664645456709, 0.00068119855132, 0.00061711773742, -0.00028293003561], [-6.5152773459e-05, 0.000173110398464, 0.000315069395583, -2.11774276977e-05, -0.0029287096113, 0.00876477733254, -0.00628405809402, 0.000635625736322, -0.000753771164455, 8.86023917701e-05, -0.00157870678231, 0.000658101402223, -0.00144200993236], [-0.000305851601297, -0.000708763604052, -0.00111371802632, 0.000487283017719, 0.00184468342923, -0.00628405809402, 0.00980238616467, -0.00114778627176, 0.0015298135113, -0.0012500602752, -0.000858611310832, 0.000286014081212, 0.00198620022275], [-0.000332500785589, 0.000208187979297, 0.00144418212585, 0.00121634395327, -0.000984734855592, 0.000635625736322, -0.00114778627176, 0.00948558654636, -0.00267697870731, 0.00111816963181, 0.000588249065913, -0.0011253466364, -0.00182187347673], [-0.000124493672047, -0.000110551933176, -0.000873445067555, -0.00165420060512, -0.00165182224009, -0.000753771164455, 0.0015298135113, -0.00267697870731, 0.0108106238768, -0.00383457238786, -0.000168954531546, -0.000943916908, 0.00219690985978], [-0.000309461145662, -0.000600939732976, 0.000662173260935, 0.000570269126911, -0.000664645456709, 8.86023917701e-05, -0.0012500602752, 0.00111816963181, -0.00383457238786, 0.0151659883559, -0.00500936526805, 0.00196537049487, -0.00134276039898], [-1.57929662237e-07, 0.000206364245969, 0.000196313500055, 0.00148622598499, 0.00068119855132, -0.00157870678231, -0.000858611310832, 0.000588249065913, -0.000168954531546, -0.00500936526805, 0.0190537180752, -0.00885539129376, 0.00233917078003], [-0.000818689586595, -0.000514481798746, -0.00129690335598, -0.00115027942229, 0.00061711773742, 0.000658101402223, 0.000286014081212, -0.0011253466364, -0.000943916908, 0.00196537049487, -0.00885539129376, 0.0150240957737, -0.00787409953773], [-9.88850952126e-05, -1.33808734972e-05, 0.00054316886235, 0.000427674560342, -0.00028293003561, -0.00144200993236, 0.00198620022275, -0.00182187347673, 0.00219690985978, -0.00134276039898, 0.00233917078003, -0.00787409953773, 0.0192716363817]]
    },
    "spectral_contrast_coeffs": {
        "max": [-0.35733538866, -0.333677947521, -0.42420694232, -0.504397749901, -0.615776181221, -0.658331394196],
        "mean": [-0.757407426834, -0.724968612194, -0.688181459904, -0.735980212688, -0.767599225044, -0.751486957073],
        "min": [-0.891761124134, -0.938119113445, -0.904620051384, -0.882109165192, -0.903531074524, -0.872270643711],
        "stdev": [0.0702148750424, 0.0891022235155, 0.0783486068249, 0.0617617070675, 0.0424029901624, 0.0300578121096]
    },
    "spectral_contrast_valleys": {
        "max": [-5.63174819946, -5.60601568222, -5.62309074402, -5.90050888062, -6.15219068527, -7.93813180923],
        "mean": [-7.1702170372, -7.26423311234, -7.80637741089, -8.02669525146, -7.80880832672, -10.6282329559],
        "min": [-9.87410831451, -10.1941080093, -10.8249254227, -10.6666278839, -10.7486248016, -13.534113884],
        "stdev": [0.697724819183, 0.726579546928, 0.947605073452, 0.835612952709, 0.733081161976, 0.814623534679]
    }
},
"rhythm": {
    "beats_count": 105,
    "beats_loudness": {
        "max": 0.0601191744208,
        "mean": 0.0251681059599,
        "min": 0.000204022682738,
        "stdev": 0.0151717374101
    },
    "bpm": 131.151184082,
    "bpm_histogram_first_peak_bpm": 133,
    "bpm_histogram_first_peak_weight": 0.474226772785,
    "bpm_histogram_second_peak_bpm": 126,
    "bpm_histogram_second_peak_spread": 0.142857193947,
    "bpm_histogram_second_peak_weight": 0.0576923079789,
    "danceability": 1.06890654564,
    "onset_rate": 3.5478515625,
    "beats_loudness_band_ratio": {
        "max": [0.935988128185, 0.974413156509, 0.843346774578, 0.832064688206, 0.574129462242, 0.612303078175],
        "mean": [0.239734336734, 0.119547747076, 0.191198438406, 0.294112801552, 0.150742098689, 0.0487342737615],
        "min": [0.00123228121083, 0.00154043163639, 0.00383634865284, 0.00103992584627, 0.00289901089855, 0.00057886436116],
        "stdev": [0.23988930881, 0.168944701552, 0.211970955133, 0.233183264732, 0.154642641544, 0.0668507888913]
    },
