{
"metadata": {
    "version": {
        "essentia": "2.1-beta5",
        "essentia_git_sha": "Undefined",
        "extractor": "music 2.0"
    },
    "audio_properties": {
        "analysis": {
            "equal_loudness": 0,
            "length": 12.7477550507,
            "sample_rate": 44100,
            "start_time": 0,
            "downmix": "mix"
        },
        "bit_rate": 192000,
        "length": 166.765716553,
        "lossless": 0,
        "number_channels": 2,
        "replay_gain": -20.1937961578,
        "sample_rate": 44100,
        "codec": "mp3",
        "md5_encoded": "e24e2f3f1f9416155e1bf5b61b332e31"
    },
    "tags": {
        "file_name": "Cyprus_Anna Maria Lena_Andy Paul.mp3",
        "encoding": ["Lavf58.29.100"]
    }
},
"lowlevel": {
    "average_loudness": 0.937709569931,
    "barkbands_crest": {
        "max": 24.0708732605,
        "mean": 10.0533342361,
        "min": 3.42123222351,
        "stdev": 3.86109685898
    },
    "barkbands_flatness_db": {
        "max": 0.266522020102,
        "mean": 0.153034105897,
        "min": 0.0458667166531,
        "stdev": 0.0379922017455
    },
    "barkbands_kurtosis": {
        "max": 61.4496307373,
        "mean": 2.56384038925,
        "min": -1.59656786919,
        "stdev": 5.41253614426
    },
    "barkbands_skewness": {
        "max": 6.90699863434,
        "mean": 1.0222120285,
        "min": -1.94409525394,
        "stdev": 1.11525678635
    },
    "barkbands_spread": {
        "max": 44.1750411987,
        "mean": 17.5525608063,
        "min": 1.91687059402,
        "stdev": 8.89993953705
    },
    "dissonance": {
        "max": 0.499999940395,
        "mean": 0.456458985806,
        "min": 0.257456719875,
        "stdev": 0.0331294946373
    },
    "dynamic_complexity": 3.21069812775,
    "erbbands_crest": {
        "max": 30.5987358093,
        "mean": 13.0416383743,
        "min": 3.11054563522,
        "stdev": 5.63336229324
    },
    "erbbands_flatness_db": {
        "max": 0.306817620993,
        "mean": 0.205157205462,
        "min": 0.0965712070465,
        "stdev": 0.0368851535022
    },
    "erbbands_kurtosis": {
        "max": 10.8534593582,
        "mean": 0.744355976582,
        "min": -1.70030558109,
        "stdev": 1.84147036076
    },
    "erbbands_skewness": {
        "max": 2.6298699379,
        "mean": 0.180775389075,
        "min": -1.97345304489,
        "stdev": 0.781221449375
    },
    "erbbands_spread": {
        "max": 95.3558197021,
        "mean": 27.3699569702,
        "min": 5.35004234314,
        "stdev": 15.4585151672
    },
    "hfc": {
        "max": 82.8672637939,
        "mean": 16.7261638641,
        "min": 1.16413653937e-16,
        "stdev": 13.8590860367
    },
    "loudness_ebu128": {
        "integrated": -4.00526428223,
        "loudness_range": 3.38304662704,
        "momentary": {
            "max": 0.105036079884,
            "mean": -5.29611253738,
            "min": -20.129278183,
            "stdev": 3.82620167732
        },
        "short_term": {
            "max": -2.90011501312,
            "mean": -4.50021076202,
            "min": -7.95726966858,
            "stdev": 1.24242258072
        }
    },
    "melbands_crest": {
        "max": 28.8759460449,
        "mean": 13.3064374924,
        "min": 1.63130843639,
        "stdev": 4.80843353271
    },
    "melbands_flatness_db": {
        "max": 0.358372658491,
        "mean": 0.219282031059,
        "min": 0.00189077819232,
        "stdev": 0.0522984452546
    },
    "melbands_kurtosis": {
        "max": 84.9125595093,
        "mean": 6.49355268478,
        "min": -1.53808653355,
        "stdev": 10.3877029419
    },
    "melbands_skewness": {
        "max": 7.22019195557,
        "mean": 1.73890602589,
        "min": -0.696318626404,
        "stdev": 1.39605855942
    },
    "melbands_spread": {
        "max": 137.4375,
        "mean": 24.6585063934,
        "min": 1.964422822,
        "stdev": 15.5428647995
    },
    "pitch_salience": {
        "max": 0.964371800423,
        "mean": 0.538911759853,
        "min": 0.249779179692,
        "stdev": 0.106516852975
    },
    "silence_rate_20dB": {
        "max": 1,
        "mean": 1,
        "min": 1,
        "stdev": 0
    },
    "silence_rate_30dB": {
        "max": 1,
        "mean": 1,
        "min": 1,
        "stdev": 0
    },
    "silence_rate_60dB": {
        "max": 1,
        "mean": 0.110909089446,
        "min": 0,
        "stdev": 0.314020007849
    },
    "spectral_centroid": {
        "max": 11092.2333984,
        "mean": 1306.16882324,
        "min": 298.177062988,
        "stdev": 702.791137695
    },
    "spectral_complexity": {
        "max": 41,
        "mean": 15.4218177795,
        "min": 0,
        "stdev": 6.78931522369
    },
    "spectral_decrease": {
        "max": -3.52595312081e-29,
        "mean": -5.92522475529e-09,
        "min": -2.02405825434e-08,
        "stdev": 4.63687666041e-09
    },
    "spectral_energy": {
        "max": 0.0826363116503,
        "mean": 0.0238802731037,
        "min": 1.0692143868e-20,
        "stdev": 0.0184419713914
    },
    "spectral_energyband_high": {
        "max": 0.00273668020964,
        "mean": 0.000237454281887,
        "min": 8.32842518443e-21,
        "stdev": 0.000357107172022
    },
    "spectral_energyband_low": {
        "max": 0.0424152165651,
        "mean": 0.00435757264495,
        "min": 3.25745059345e-23,
        "stdev": 0.00659827748314
    },
    "spectral_energyband_middle_high": {
        "max": 0.0618525668979,
        "mean": 0.00731224473566,
        "min": 1.25095860935e-21,
        "stdev": 0.00826684106141
    },
    "spectral_energyband_middle_low": {
        "max": 0.0713304653764,
        "mean": 0.0136500215158,
        "min": 3.8384363634e-22,
        "stdev": 0.0148276789114
    },
    "spectral_entropy": {
        "max": 9.80883026123,
        "mean": 7.17894029617,
        "min": 6.26525354385,
        "stdev": 0.350350528955
    },
    "spectral_flux": {
        "max": 0.286323696375,
        "mean": 0.08105070889,
        "min": 1.03402821028e-10,
        "stdev": 0.0464535169303
    },
    "spectral_kurtosis": {
        "max": 33.1459770203,
        "mean": 6.81033039093,
        "min": -1.19093894958,
        "stdev": 4.14876031876
    },
    "spectral_rms": {
        "max": 0.00897890795022,
        "mean": 0.00442277733237,
        "min": 3.22976172716e-12,
        "stdev": 0.00193309935275
    },
    "spectral_rolloff": {
        "max": 18367.8222656,
        "mean": 1449.57507324,
        "min": 172.265625,
        "stdev": 1276.26428223
    },
    "spectral_skewness": {
        "max": 4.38641309738,
        "mean": 1.72506022453,
        "min": 0.0367562696338,
        "stdev": 0.597445428371
    },
    "spectral_spread": {
        "max": 39913392,
        "mean": 3278904.5,
        "min": 1995734.25,
        "stdev": 1702868
    },
    "spectral_strongpeak": {
        "max": 7.25445652008,
        "mean": 1.49702572823,
        "min": 1.40633704682e-09,
        "stdev": 1.61262392998
    },
    "zerocrossingrate": {
        "max": 0.50244140625,
        "mean": 0.0515065677464,
        "min": 0.0107421875,
        "stdev": 0.0334038361907
    },
    "barkbands": {
        "max": [0.00280805188231, 0.0176532901824, 0.0278893392533, 0.0456942543387, 0.0334552377462, 0.0242761448026, 0.0559750199318, 0.00882380083203, 0.0545099079609, 0.0449683070183, 0.0382010489702, 0.0265618469566, 0.00982177630067, 0.0070376181975, 0.00667681964114, 0.011893177405, 0.00827091746032, 0.00317277759314, 0.00238002813421, 0.00141551287379, 0.0012241039658, 0.000703728059307, 0.000319201877574, 7.19200616004e-05, 1.96828677872e-05, 1.00775687315e-05, 9.71674307948e-06],
        "mean": [8.41513538035e-05, 0.000958885066211, 0.00168394343928, 0.00351964891888, 0.00423710932955, 0.0010708241025, 0.00234073703177, 0.000597134639975, 0.00178524455987, 0.00155490718316, 0.00177210744005, 0.00111759838182, 0.000517522974405, 0.000183036565431, 0.000402349192882, 0.000816561339889, 0.000402524980018, 0.000340555649018, 0.000212459111935, 0.000129979176563, 8.98631260497e-05, 3.99953569286e-05, 1.38219747896e-05, 5.63528828934e-06, 2.34437902691e-06, 1.14869249046e-06, 1.95549276327e-07],
        "min": [6.86214955322e-24, 6.13585754513e-24, 1.90398852773e-23, 2.20253404171e-23, 1.31178102207e-22, 1.64112224585e-23, 5.59896236291e-23, 2.03340068591e-23, 1.01832804699e-22, 7.03113744307e-23, 5.07476460694e-23, 8.46688890304e-23, 8.55129007792e-23, 1.05466966983e-22, 1.41960543361e-22, 2.34623363841e-22, 8.79594045709e-23, 1.40622761483e-22, 1.71701142224e-22, 3.82780983903e-22, 4.69206640925e-22, 6.03196268642e-22, 7.50251906818e-22, 8.31167275754e-22, 1.05138290927e-21, 2.13517873735e-21, 2.4716916029e-21],
        "stdev": [0.000198112305952, 0.00193089502864, 0.00315255252644, 0.00603594072163, 0.00553242582828, 0.0019759812858, 0.00561509141698, 0.00097318663029, 0.00685134250671, 0.00394181255251, 0.00440998701379, 0.00287147983909, 0.00104149093386, 0.000506927724928, 0.000662701961119, 0.00169255468063, 0.000818729458842, 0.000465309683932, 0.000323275278788, 0.00019059664919, 0.000166468147654, 7.30309111532e-05, 3.37069650413e-05, 7.52689993533e-06, 2.3650145522e-06, 1.15943589662e-06, 4.19036979338e-07]
    },
    "erbbands": {
        "max": [0.190935075283, 5.15772914886, 23.9512577057, 104.858261108, 103.535232544, 154.996505737, 131.724060059, 258.29888916, 976.630371094, 383.122070312, 395.016845703, 1713.60144043, 1107.08459473, 1767.87463379, 1488.79907227, 1300.37475586, 532.315307617, 414.466186523, 354.904266357, 657.870117188, 733.586425781, 491.659301758, 171.422943115, 103.007331848, 164.037719727, 87.7899017334, 72.450592041, 41.5468635559, 26.8259086609, 20.6577625275, 8.12570381165, 2.62167572975, 0.65602004528, 0.246334299445, 0.125308454037, 0.0519502721727, 0.0187269691378, 0.00644952151924, 0.00137703563087, 0.000177670182893],
        "mean": [0.0141191743314, 0.275631159544, 1.63685417175, 7.49622869492, 14.157995224, 13.4693479538, 9.56335830688, 10.1842193604, 34.9718475342, 18.4681396484, 19.6590137482, 45.0057106018, 22.1033039093, 72.0217285156, 74.123878479, 50.1664047241, 29.3752250671, 11.0193433762, 20.0063858032, 32.0235595703, 37.6470909119, 23.3971443176, 18.1159534454, 9.95824241638, 12.0750217438, 7.68082475662, 5.18874502182, 2.33687067032, 1.49202561378, 0.756635606289, 0.357336997986, 0.154754266143, 0.0758001804352, 0.031755823642, 0.0140546718612, 0.00582472607493, 0.00192136701662, 0.00053815881256, 2.68431213044e-05, 2.85136738967e-05],
        "min": [1.19146054893e-22, 2.10872693116e-21, 2.33283253498e-20, 3.74488315498e-20, 1.61929781442e-19, 7.01819943155e-19, 2.09905520263e-19, 2.09162104612e-19, 5.89297582152e-19, 6.8682439942e-19, 5.11802339284e-19, 1.65079431891e-18, 3.69425230857e-18, 1.79723930513e-18, 2.09235522061e-18, 3.96956944929e-18, 3.79746914617e-18, 4.63007689073e-18, 8.29049958019e-18, 1.22558934218e-17, 7.62196972759e-18, 4.94247529754e-18, 5.37768148758e-18, 9.85930468736e-18, 9.23624081712e-18, 1.96897374626e-17, 2.26736376668e-17, 1.52195458989e-17, 1.81772195146e-17, 2.4128198378e-17, 2.23467276169e-17, 2.02640638512e-17, 1.24244769665e-17, 1.20052097197e-17, 7.29109500102e-18, 7.19930524999e-18, 4.06078679134e-18, 1.57886331322e-18, 3.38787200261e-19, 3.31863149234e-20],
        "stdev": [0.0220306813717, 0.558736264706, 2.95237612724, 12.7873516083, 17.7593402863, 20.0220146179, 12.7825908661, 19.7351493835, 91.4011077881, 31.6122779846, 44.8098602295, 193.31703186, 69.5021591187, 172.089691162, 163.9347229, 128.69303894, 55.3628349304, 27.8835773468, 34.1633338928, 70.0865707397, 91.1418380737, 41.4489784241, 22.2921867371, 15.0242366791, 19.8101463318, 10.2530202866, 9.60709285736, 4.26289701462, 2.87487649918, 1.86822247505, 0.781972229481, 0.259328842163, 0.0869018360972, 0.0325883179903, 0.014057489112, 0.00570520339534, 0.00203902251087, 0.000396223884309, 5.93518852838e-05, 2.22393555305e-05]
    },
    "gfcc": {
        "mean": [-37.0768127441, 117.061515808, -137.150314331, 26.4766902924, -50.9786186218, -2.13826751709, -35.2775039673, -2.46096897125, -29.0894851685, -6.15623188019, -18.2737026215, -1.4441601038, -11.8051795959],
        "cov": [[7985.30419922, 1030.98730469, -830.950927734, 222.02684021, -354.635406494, -158.477386475, 117.101997375, -116.445045471, -243.215820312, -409.432952881, -221.830123901, -45.9971427917, 96.4713287354], [1030.98730469, 707.063781738, 302.86328125, -83.5235595703, -10.645655632, -71.1829376221, -10.2519931793, -44.0911064148, 50.8553199768, -80.8968048096, -24.1738491058, -83.8302307129, -2.58848929405], [-830.950927734, 302.86328125, 636.290893555, 64.8514633179, 14.203289032, 13.5534353256, -42.9641838074, -39.9030303955, 101.713874817, 82.8017044067, 21.2355556488, -121.848487854, -98.0338516235], [222.02684021, -83.5235595703, 64.8514633179, 379.168121338, 80.7423171997, 33.9237098694, 57.7626457214, -21.880941391, -43.8462104797, -11.5339231491, -9.86779594421, -7.39354133606, -37.4969062805], [-354.635406494, -10.645655632, 14.203289032, 80.7423171997, 220.939407349, 69.7566604614, 17.8308143616, 34.9480323792, -3.72318029404, -13.2304620743, 20.8001995087, 44.6461257935, -0.968256056309], [-158.477386475, -71.1829376221, 13.5534353256, 33.9237098694, 69.7566604614, 122.643684387, 36.7253379822, 28.9489879608, 8.19726085663, 33.059967041, 14.7402153015, 1.74136662483, -33.7826423645], [117.101997375, -10.2519931793, -42.9641838074, 57.7626457214, 17.8308143616, 36.7253379822, 128.998138428, 34.0985679626, -23.4315509796, -59.8171958923, -24.6175193787, 4.41637706757, 32.5784187317], [-116.445045471, -44.0911064148, -39.9030303955, -21.880941391, 34.9480323792, 28.9489879608, 34.0985679626, 102.649253845, 36.1615257263, 4.01791143417, -4.78111457825, 19.1739997864, 13.0635709763], [-243.215820312, 50.8553199768, 101.713874817, -43.8462104797, -3.72318029404, 8.19726085663, -23.4315509796, 36.1615257263, 87.6372833252, 56.890537262, 7.63902330399, -25.0692863464, -23.2639255524], [-409.432952881, -80.8968048096, 82.8017044067, -11.5339231491, -13.2304620743, 33.059967041, -59.8171958923, 4.01791143417, 56.890537262, 155.772598267, 51.9872894287, -30.372926712, -65.7668914795], [-221.830123901, -24.1738491058, 21.2355556488, -9.86779594421, 20.8001995087, 14.7402153015, -24.6175193787, -4.78111457825, 7.63902330399, 51.9872894287, 72.6064605713, 30.8502140045, -26.5904369354], [-45.9971427917, -83.8302307129, -121.848487854, -7.39354133606, 44.6461257935, 1.74136662483, 4.41637706757, 19.1739997864, -25.0692863464, -30.372926712, 30.8502140045, 99.0451812744, 48.8401985168], [96.4713287354, -2.58848929405, -98.0338516235, -37.4969062805, -0.968256056309, -33.7826423645, 32.5784187317, 13.0635709763, -23.2639255524, -65.7668914795, -26.5904369354, 48.8401985168, 112.097862244]],
        "icov": [[0.00120098527987, -0.00401407573372, 0.00351320556365, -0.00272211874835, 0.00330301257782, -0.0026022659149, 0.00180294993334, -0.00101456430275, 0.00166115059983, -0.000489796453621, 0.00172024557833, -0.000612604722846, 0.000606511312071], [-0.00401407573372, 0.0164043921977, -0.0126598170027, 0.0097970943898, -0.0117906667292, 0.0096663814038, -0.0058949184604, 0.00440567079931, -0.00796872936189, 0.0057186447084, -0.00862754881382, 0.00547846732661, -0.00268209818751], [0.00351320556365, -0.0126598170027, 0.013806572184, -0.00909851770848, 0.0092209354043, -0.00828993786126, 0.00588070275262, -0.00157370592933, 0.00109613197856, -0.000723626289982, 0.00213509262539, 0.00206206948496, 0.00118172669318], [-0.00272211874835, 0.0097970943898, -0.00909851770848, 0.0105894189328, -0.00946479756385, 0.00781133165583, -0.00751489074901, 0.00381833431311, -0.00143817579374, -0.000646635016892, -0.000441501964815, -0.000963621132541, 0.00180269242264], [0.00330301257782, -0.0117906667292, 0.0092209354043, -0.00946479756385, 0.0169771853834, -0.0123098846525, 0.00783470645547, -0.00560025777668, 0.00505653675646, 0.000708433275577, 0.00317564723082, -0.00435184827074, 0.00071014103014], [-0.0026022659149, 0.0096663814038, -0.00828993786126, 0.00781133165583, -0.0123098846525, 0.0222075451165, -0.0122439041734, 0.00237815291621, -0.0022785377223, -0.00479522580281, 0.000453708722489, -0.00230944808573, 0.00552093749866], [0.00180294993334, -0.0058949184604, 0.00588070275262, -0.00751489074901, 0.00783470645547, -0.0122439041734, 0.0207607075572, -0.0086013963446, 0.0039812522009, 0.00846660789102, -0.00506765535101, 0.00848996732384, -0.00681958952919], [-0.00101456430275, 0.00440567079931, -0.00157370592933, 0.00381833431311, -0.00560025777668, 0.00237815291621, -0.0086013963446, 0.0205815825611, -0.0139065310359, -0.000449489365565, 0.00327800167724, -0.00488038314506, 0.00139956979547], [0.00166115059983, -0.00796872936189, 0.00109613197856, -0.00143817579374, 0.00505653675646, -0.0022785377223, 0.0039812522009, -0.0139065310359, 0.03267814219, -0.012671245262, 0.00942250620574, -0.00399653334171, 0.00200852192938], [-0.000489796453621, 0.0057186447084, -0.000723626289982, -0.000646635016892, 0.000708433275577, -0.00479522580281, 0.00846660789102, -0.000449489365565, -0.012671245262, 0.0263802912086, -0.0218914616853, 0.0167076867074, -0.00376762216911], [0.00172024557833, -0.00862754881382, 0.00213509262539, -0.000441501964815, 0.00317564723082, 0.000453708722489, -0.00506765535101, 0.00327800167724, 0.00942250620574, -0.0218914616853, 0.0473307482898, -0.0326483808458, 0.0158586036414], [-0.000612604722846, 0.00547846732661, 0.00206206948496, -0.000963621132541, -0.00435184827074, -0.00230944808573, 0.00848996732384, -0.00488038314506, -0.00399653334171, 0.0167076867074, -0.0326483808458, 0.0425430461764, -0.0178047642112], [0.000606511312071, -0.00268209818751, 0.00118172669318, 0.00180269242264, 0.00071014103014, 0.00552093749866, -0.00681958952919, 0.00139956979547, 0.00200852192938, -0.00376762216911, 0.0158586036414, -0.0178047642112, 0.023187732324]]
    },
    "melbands": {
        "max": [0.00329297035933, 0.00988127384335, 0.0151559123769, 0.00890524871647, 0.00358320795931, 0.00549643300474, 0.0132452696562, 0.00335894804448, 0.00430081831291, 0.00983155146241, 0.00536185735837, 0.00754588656127, 0.00606102403253, 0.00234087486751, 0.00233293930069, 0.0010559266666, 0.000814732629806, 0.000471902254503, 0.00041774433339, 0.000853484671097, 0.00117090879939, 0.000590461830143, 0.000283371075056, 0.000162184544024, 8.34198799566e-05, 0.000115931979963, 6.0738177126e-05, 8.17209584056e-05, 5.16827822139e-05, 2.94718065561e-05, 2.4287852284e-05, 1.72525578819e-05, 1.36139979077e-05, 1.11853942144e-05, 5.27549718754e-06, 3.93211848859e-06, 1.15541035939e-06, 5.37945709311e-07, 2.46502935397e-07, 1.91084936318e-07],
        "mean": [0.000197677407414, 0.000752134714276, 0.00150026055053, 0.00104244682007, 0.000370391469914, 0.000242041729507, 0.000512978876941, 0.000173388471012, 0.000200375332497, 0.000261063716607, 9.98516334221e-05, 0.000282886088826, 0.000274383433862, 0.00014085022849, 8.62426750246e-05, 4.71878011012e-05, 1.62884389283e-05, 2.86416943709e-05, 3.27441412082e-05, 4.26972510468e-05, 4.90119928145e-05, 2.12471877603e-05, 2.75985330518e-05, 1.1120059753e-05, 7.19904119251e-06, 9.63494858297e-06, 5.53128847969e-06, 5.08208950123e-06, 3.48779894921e-06, 1.92323318515e-06, 1.17164722724e-06, 9.24980383843e-07, 5.9266341168e-07, 3.47712784787e-07, 2.26785587643e-07, 1.19026189793e-07, 8.41570297894e-08, 5.83792356679e-08, 3.44513289008e-08, 2.38483170989e-08],
        "min": [1.41399658918e-24, 8.11977448529e-24, 1.0081334713e-23, 2.93606613631e-23, 1.42140002906e-23, 4.57687473106e-24, 9.7637337905e-24, 6.69299174273e-24, 4.10412301234e-24, 1.29109338149e-23, 1.84949811847e-23, 6.89625437674e-24, 7.26706554499e-24, 8.08494233202e-24, 9.29278856325e-24, 8.70396700638e-24, 8.39255233113e-24, 1.34880794415e-23, 1.13157971111e-23, 2.13414469217e-23, 5.89487552694e-24, 5.12692456331e-24, 4.61332207704e-24, 5.85674238522e-24, 8.42855120968e-24, 5.43111997798e-24, 7.76924177548e-24, 1.52798602363e-23, 1.4467650626e-23, 1.16322021205e-23, 8.08831313467e-24, 1.01094347273e-23, 1.30752890402e-23, 1.27111689902e-23, 1.17163956672e-23, 1.39976756977e-23, 1.21375519384e-23, 8.29690215751e-24, 1.00667399974e-23, 9.45978726144e-24],
        "stdev": [0.000365312705981, 0.00126220600214, 0.00213621533476, 0.001411527046, 0.000452308595413, 0.000470426399261, 0.0012792814523, 0.00027533606044, 0.000570482749026, 0.00110068381764, 0.000340482627507, 0.000719973177183, 0.000672827824019, 0.000319905026117, 0.000205619056942, 9.80263939709e-05, 5.21620313521e-05, 4.96073771501e-05, 5.27466145286e-05, 0.000100200297311, 0.000140103846206, 5.37421910849e-05, 4.27240811405e-05, 1.98988946067e-05, 1.2070883713e-05, 1.58740949701e-05, 8.62343767949e-06, 7.84683834354e-06, 7.05649426891e-06, 3.66217227565e-06, 2.17489036913e-06, 1.72417298927e-06, 1.31144338411e-06, 9.5480197615e-07, 4.85925909288e-07, 2.78969991996e-07, 1.18044091835e-07, 6.87795775889e-08, 3.63065595366e-08, 2.50806593272e-08]
    },
    "melbands128": {
        "max": [0.000864264089614, 0.000677873496898, 0.00374536123127, 0.0107447188348, 0.0118423439562, 0.0145806204528, 0.0256361160427, 0.0209906771779, 0.012452762574, 0.0159101244062, 0.0107380785048, 0.0055517507717, 0.00531198643148, 0.00684294849634, 0.0052426555194, 0.0111874863505, 0.0175239425153, 0.0234512463212, 0.0103942044079, 0.00412411056459, 0.00148113956675, 0.00280414754525, 0.00624409969896, 0.0135312955827, 0.0217998567969, 0.0140207633376, 0.0130843259394, 0.00543574336916, 0.00719903362915, 0.0140984570608, 0.0127931721509, 0.00902748201042, 0.0122690051794, 0.00330565776676, 0.00227604969405, 0.00425576418638, 0.00818141456693, 0.00161910126917, 0.00128422235139, 0.002812392544, 0.000563924317248, 0.000745974539313, 0.00185958459042, 0.000270277552772, 0.000582792737987, 0.000398733158363, 0.00177348346915, 0.000278443039861, 0.000214889150811, 0.00245615909807, 0.00115154881496, 0.000336029159371, 0.00137331243604, 0.00217288732529, 0.00158598809503, 0.000781774753705, 0.000807684846222, 0.000362095568562, 0.000558623694815, 0.000116527196951, 0.000127859369968, 0.000420720054535, 0.000145563506521, 6.52027811157e-05, 0.000191872517462, 0.000181034658453, 0.000309410155751, 9.9999095255e-05, 6.64076287649e-05, 9.31897011469e-05, 0.000120122829685, 9.97911920422e-05, 8.09919365565e-05, 0.000108677893877, 5.28481068613e-05, 3.56568925781e-05, 2.86977192445e-05, 3.24765933328e-05, 2.52142490353e-05, 1.82187413884e-05, 2.28169246839e-05, 2.13102939597e-05, 1.67975886143e-05, 1.82389430847e-05, 1.32556633616e-05, 1.58809907589e-05, 1.06161742224e-05, 6.88190721121e-06, 4.83565827381e-06, 4.97022710988e-06, 5.85330144531e-06, 3.95934966946e-06, 1.88145349966e-06, 1.24759480968e-06, 8.09973528249e-07, 8.26799578135e-07, 5.88188811435e-07, 4.31258854405e-07, 2.76968620483e-07, 2.88309195184e-07, 2.28350529596e-07, 2.06981397355e-07, 2.01199242156e-07, 1.9432130216e-07, 1.26749114315e-07, 1.57828310421e-07, 9.96011522147e-08, 8.96853009635e-08, 9.24024234905e-08, 1.05033031161e-07, 8.2515363431e-08, 7.30462943466e-08, 6.00456147026e-08, 6.32825134517e-08, 4.90805724951e-08, 5.66106628241e-08, 5.25262073836e-08, 4.26128643483e-08, 4.2839079839e-08, 4.21579429144e-08, 4.13024174861e-08, 4.05222344568e-08, 3.98067143692e-08, 3.91610477379e-08, 3.86348126824e-08, 3.82066467353e-08, 3.79075650869e-08, 3.76810795899e-08],
        "mean": [4.37873313786e-05, 7.52559717512e-05, 0.000209278558032, 0.000524382630829, 0.000685286824591, 0.00089702027617, 0.00148786301725, 0.00181119365152, 0.00136861519422, 0.00119843054563, 0.000671256158967, 0.000436609290773, 0.000334348937031, 0.000206383221666, 0.000176099769305, 0.000224960807827, 0.000557566934731, 0.000681029865518, 0.000318187056109, 0.000165744539117, 0.000114860573376, 0.000123228135635, 0.000144202524098, 0.000344217027305, 0.000443663273472, 0.000130623826408, 9.88194005913e-05, 5.5568805692e-05, 0.000112660629384, 0.000364881620044, 0.000322418229189, 0.000154610388563, 0.000466545869131, 0.000148325867485, 0.00010477892647, 0.00016680212866, 0.000161121366546, 5.26313961018e-05, 6.45112158963e-05, 9.08814399736e-05, 2.4266577384e-05, 2.10787093238e-05, 2.06095846806e-05, 9.5028854048e-06, 1.39414323712e-05, 2.72124489129e-05, 5.97174330323e-05, 1.41071686812e-05, 1.49214238263e-05, 8.65834299475e-05, 3.84675950045e-05, 1.03276479422e-05, 5.98390724917e-05, 6.11691284575e-05, 3.02568896586e-05, 1.45826015796e-05, 1.22441952044e-05, 4.04509264627e-05, 3.22780724673e-05, 4.86269073008e-06, 7.83238556323e-06, 1.96036326088e-05, 6.94527034284e-06, 2.70068198915e-06, 7.62709851188e-06, 8.39962012833e-06, 1.50619771375e-05, 6.12519261267e-06, 2.4238468086e-06, 4.56171119367e-06, 7.60702914704e-06, 3.47270997736e-06, 2.74689477919e-06, 4.62301113657e-06, 2.93816469821e-06, 1.8164201947e-06, 1.56917667482e-06, 1.2847109474e-06, 9.53061430664e-07, 1.354313099e-06, 9.40609879763e-07, 8.35262994769e-07, 6.29856799605e-07, 6.52454900774e-07, 4.67267966542e-07, 3.57948749752e-07, 3.20066220638e-07, 2.8961014209e-07, 2.315711356e-07, 1.78702080689e-07, 1.31534960701e-07, 1.00406921888e-07, 9.80145884455e-08, 8.38453999563e-08, 7.70630919078e-08, 7.10493708311e-08, 5.36126698591e-08, 4.25852064723e-08, 3.48897835067e-08, 3.0458547684e-08, 2.5922577862e-08, 2.30127845668e-08, 2.0909702414e-08, 1.86999375984e-08, 1.53154537941e-08, 1.31520661029e-08, 1.20168781592e-08, 1.0645250903e-08, 9.90974413639e-09, 9.36256405737e-09, 7.86136666875e-09, 6.36744079685e-09, 5.49705037045e-09, 5.05211383839e-09, 4.73786831989e-09, 6.35122265891e-09, 6.40010000552e-09, 9.30365645635e-11, 8.86013692969e-11, 8.70187255586e-11, 8.52056758482e-11, 8.28756230309e-11, 8.08360392512e-11, 7.95516985619e-11, 7.84022985423e-11, 7.69178470916e-11, 7.60333046523e-11, 7.57595791656e-11],
        "min": [1.45538733202e-24, 1.03210439041e-24, 6.30633157004e-25, 3.49131140647e-24, 1.33151721752e-23, 6.42217579397e-24, 4.90373885271e-24, 1.39431401656e-23, 1.36923171076e-23, 2.25916321065e-23, 5.32012527646e-23, 2.33464946845e-23, 2.01764863247e-24, 4.06747214025e-24, 6.45107926311e-24, 1.06202410961e-24, 9.02696531516e-24, 8.83438228009e-24, 1.63994873637e-23, 5.83409458306e-24, 3.31332190372e-24, 4.11278786052e-24, 3.80776019759e-24, 3.42948995505e-24, 9.32791259506e-24, 1.11759178732e-23, 3.47730707437e-23, 1.76934322407e-23, 8.60680774185e-24, 7.21271302862e-24, 5.25097136293e-24, 8.56769049614e-24, 8.3442361784e-24, 4.8245912548e-24, 6.7167380337e-24, 4.53743563011e-24, 2.00771711033e-23, 4.95235871688e-24, 9.15524750898e-24, 6.72328321263e-24, 1.09013169698e-23, 7.06409952268e-24, 7.09308227234e-24, 9.04724140701e-24, 1.28155739421e-23, 1.62722204338e-23, 1.21668344552e-23, 8.69541733189e-24, 7.88605077629e-24, 2.34351342512e-23, 2.74060880764e-23, 1.79212789359e-23, 1.85948320426e-24, 4.38883553481e-24, 4.50661089023e-24, 5.94023305684e-24, 4.53675642087e-24, 4.59380329166e-24, 5.42971265013e-24, 3.56086842793e-24, 3.57782578195e-24, 9.04180457765e-24, 1.08592580617e-23, 7.46145191609e-24, 6.90548326047e-24, 3.44011670031e-24, 5.03099907723e-24, 9.48774449192e-24, 8.23196864982e-24, 6.51386825243e-24, 1.0375532499e-23, 3.07861835059e-23, 7.90228632258e-24, 1.31774843928e-23, 1.75537738837e-23, 1.17902007046e-23, 9.71526933193e-24, 6.88898029033e-24, 7.04185837832e-24, 1.0365528165e-23, 1.15973242133e-23, 9.76297096201e-24, 6.79808300367e-24, 1.35287546875e-23, 1.85430322802e-23, 1.53998948894e-23, 6.77581267145e-24, 1.4535265472e-23, 7.53970849561e-24, 1.40387217083e-23, 1.83330375072e-23, 1.0565115496e-23, 1.48272781132e-23, 1.13853770096e-23, 1.2479227318e-23, 7.93953396795e-24, 8.35299805648e-24, 6.77512320702e-24, 7.22762802175e-24, 1.39081636508e-23, 1.49039459269e-23, 6.09538937512e-24, 6.74576811502e-24, 6.36923454976e-24, 5.5323797415e-24, 1.1242988405e-23, 1.02141607456e-23, 1.23603933112e-23, 1.21067508643e-23, 1.37633382549e-23, 1.56092648845e-23, 1.03245342192e-23, 1.77543670124e-23, 8.82683209236e-24, 1.16539518045e-23, 1.38234478782e-23, 1.24379588486e-23, 1.01741670754e-23, 1.7392863614e-23, 1.02549827197e-23, 9.11256618971e-24, 7.53347097243e-24, 8.34583756604e-24, 1.04974115088e-23, 1.05639069611e-23, 1.09507611936e-23, 5.77127443373e-24, 6.4899839108e-24],
        "stdev": [7.25877544028e-05, 0.00010453008872, 0.000440078030806, 0.00112403789535, 0.00141601660289, 0.00165130093228, 0.00290153361857, 0.00289401249029, 0.00195254466962, 0.00221538892947, 0.00118464231491, 0.000572962628212, 0.000541148823686, 0.000477869267343, 0.00043059894233, 0.000680931087118, 0.00175055733416, 0.00193197757471, 0.00082872522762, 0.00033605232602, 0.000166342360899, 0.000239011875237, 0.000552382727619, 0.00142683903687, 0.00233989185654, 0.000728621904273, 0.000681347330101, 0.000298639381072, 0.000470894068712, 0.00105459359474, 0.00100162578747, 0.000505444768351, 0.0013244994916, 0.000382109108614, 0.000284196954453, 0.000489722355269, 0.000699595664628, 0.000169271821505, 0.000136041606311, 0.000249754084507, 5.52696728846e-05, 6.83525795466e-05, 0.000103061109257, 2.56200510194e-05, 4.00784920203e-05, 5.02877046529e-05, 0.000148637976963, 2.91786127491e-05, 3.24381981045e-05, 0.000244602531893, 0.000102924626844, 2.47046391451e-05, 0.000185259792488, 0.000213928928133, 0.000128258543555, 5.16946420248e-05, 4.85339332954e-05, 6.83303951519e-05, 6.12817166257e-05, 8.8223896455e-06, 1.743982466e-05, 5.03412156831e-05, 1.63407949003e-05, 5.95136270931e-06, 1.76493813342e-05, 1.88799895113e-05, 3.64368570445e-05, 1.27827743199e-05, 5.58985993848e-06, 7.93818162492e-06, 1.20575468827e-05, 8.66476966621e-06, 7.70329825173e-06, 1.10648279588e-05, 6.52613016427e-06, 4.10146913055e-06, 3.54284952664e-06, 2.95067411571e-06, 2.14329020309e-06, 2.2141671252e-06, 1.89519971627e-06, 1.97721374207e-06, 1.52193342728e-06, 1.49023264839e-06, 1.118902901e-06, 1.22464484775e-06, 9.81177890935e-07, 6.2270203216e-07, 5.06733840666e-07, 4.21078652835e-07, 3.75205360115e-07, 2.50588954032e-07, 1.7920787343e-07, 1.14437348486e-07, 1.05886520885e-07, 9.58559596143e-08, 6.49130740271e-08, 4.94834928588e-08, 3.9419347786e-08, 3.46025892384e-08, 2.77371992041e-08, 2.72246332145e-08, 2.44960158824e-08, 2.00307557208e-08, 1.68628844222e-08, 1.40735689769e-08, 1.22061978303e-08, 1.02751158693e-08, 1.0589467081e-08, 1.04662376543e-08, 8.9811411641e-09, 7.57762563808e-09, 6.55650023162e-09, 5.72642466778e-09, 5.03462382895e-09, 4.5583541386e-09, 4.00452382365e-09, 1.81529713483e-09, 1.82508419488e-09, 1.79600967432e-09, 1.75951397896e-09, 1.72619485372e-09, 1.69569125408e-09, 1.66822677894e-09, 1.64580571393e-09, 1.62750923849e-09, 1.61477975436e-09, 1.60513224934e-09]
    },
    "mfcc": {
        "mean": [-676.101867676, 146.814346313, -20.5481395721, 28.5255317688, -3.23029875755, 3.10343360901, -2.51703238487, 0.636103510857, -4.37897729874, -6.61242818832, -9.64929294586, -2.74355626106, 0.499067991972],
        "cov": [[4047.14697266, 539.854309082, -258.649414062, 251.937469482, -380.22958374, -14.5997867584, 61.1573257446, 224.306518555, 77.4600753784, -140.27671814, -276.613769531, -220.007278442, -119.532859802], [539.854309082, 804.606994629, 214.415435791, -70.5192718506, 51.8578338623, -63.3795661926, -75.5276641846, -15.7282772064, 12.6704626083, 7.3236913681, 13.6506738663, -24.3020896912, -62.3299827576], [-258.649414062, 214.415435791, 458.077636719, 96.0116577148, 52.4345741272, 59.4828948975, -46.8423156738, -88.3430480957, -28.6673927307, 75.6856765747, 95.3700485229, 60.7186012268, -66.9914627075], [251.937469482, -70.5192718506, 96.0116577148, 267.174560547, 35.613193512, 68.4559020996, 44.2282409668, 26.6287002563, 12.6839885712, -19.3566379547, -39.3512191772, 6.78927183151, 5.43585777283], [-380.22958374, 51.8578338623, 52.4345741272, 35.613193512, 182.715255737, 47.1281776428, 6.45351982117, -5.64655447006, -6.54908370972, -2.33636569977, 39.5646400452, 73.019203186, 47.9684371948], [-14.5997867584, -63.3795661926, 59.4828948975, 68.4559020996, 47.1281776428, 108.29410553, 47.8204879761, -0.940077841282, -7.35335302353, 3.86775898933, 18.832868576, 39.6524200439, 18.4886283875], [61.1573257446, -75.5276641846, -46.8423156738, 44.2282409668, 6.45351982117, 47.8204879761, 100.3384552, 64.2171478271, 14.129281044, -8.74115753174, -20.8730506897, -12.0719356537, 22.6236667633], [224.306518555, -15.7282772064, -88.3430480957, 26.6287002563, -5.64655447006, -0.940077841282, 64.2171478271, 147.99180603, 51.6499519348, -26.1268157959, -55.3471641541, -51.1668357849, 30.512134552], [77.4600753784, 12.6704626083, -28.6673927307, 12.6839885712, -6.54908370972, -7.35335302353, 14.129281044, 51.6499519348, 82.6629562378, 33.2838058472, -27.1082019806, -49.2081642151, -3.16871976852], [-140.27671814, 7.3236913681, 75.6856765747, -19.3566379547, -2.33636569977, 3.86775898933, -8.74115753174, -26.1268157959, 33.2838058472, 118.463088989, 61.7917518616, -27.8046264648, -48.8942184448], [-276.613769531, 13.6506738663, 95.3700485229, -39.3512191772, 39.5646400452, 18.832868576, -20.8730506897, -55.3471641541, -27.1082019806, 61.7917518616, 146.33140564, 94.719543457, -50.9466590881], [-220.007278442, -24.3020896912, 60.7186012268, 6.78927183151, 73.019203186, 39.6524200439, -12.0719356537, -51.1668357849, -49.2081642151, -27.8046264648, 94.719543457, 208.507705688, 36.6323127747], [-119.532859802, -62.3299827576, -66.9914627075, 5.43585777283, 47.9684371948, 18.4886283875, 22.6236667633, 30.512134552, -3.16871976852, -48.8942184448, -50.9466590881, 36.6323127747, 163.339828491]],
        "icov": [[0.000944326689932, -0.00147819239646, 0.00165403413121, -0.00173925794661, 0.00271782604977, -0.00219217245467, 0.00131494901143, -0.00133883452509, 0.00101924140472, -0.000872506294399, 0.000847292889375, -0.000749441445805, 0.00057214894332], [-0.00147819239646, 0.00432597473264, -0.00416685082018, 0.00383162731305, -0.00540023017675, 0.00474570970982, -0.00190360867418, 0.00179851334542, -0.00260979053564, 0.00275898072869, -0.000875194848049, 0.00152548961341, -0.000130887405248], [0.00165403413121, -0.00416685082018, 0.00796052999794, -0.00551419891417, 0.00527864322066, -0.00673327548429, 0.00487931026146, -0.0021987601649, 0.0042734653689, -0.0051597491838, 0.000847631716169, -0.00199096184224, 0.00126492383424], [-0.00173925794661, 0.00383162731305, -0.00551419891417, 0.00979435630143, -0.00640629092231, 0.00232229731046, -0.00379361375235, 0.00190058955923, -0.00331889069639, 0.00274832104333, 0.00263189221732, 0.00017080559337, 0.000931612157729], [0.00271782604977, -0.00540023017675, 0.00527864322066, -0.00640629092231, 0.0163023173809, -0.00920011568815, 0.00482453405857, -0.00402808049694, 0.00204009655863, -0.00211497675627, -0.0011028588051, -0.0027644825168, -0.0016731050564], [-0.00219217245467, 0.00474570970982, -0.00673327548429, 0.00232229731046, -0.00920011568815, 0.0242820680141, -0.013659434393, 0.00651525426656, -0.00342498742975, 0.00302865589038, -0.00298562715761, 0.000892363430467, -0.0022951727733], [0.00131494901143, -0.00190360867418, 0.00487931026146, -0.00379361375235, 0.00482453405857, -0.013659434393, 0.0242004171014, -0.0116057768464, 0.00564544508234, -0.0048645590432, 0.00207250053063, -0.00107773253694, 0.00085014133947], [-0.00133883452509, 0.00179851334542, -0.0021987601649, 0.00190058955923, -0.00402808049694, 0.00651525426656, -0.0116057768464, 0.0181221645325, -0.0117338681594, 0.00867777131498, -0.00501118134707, 0.00447631487623, -0.00278774742037], [0.00101924140472, -0.00260979053564, 0.0042734653689, -0.00331889069639, 0.00204009655863, -0.00342498742975, 0.00564544508234, -0.0117338681594, 0.0278989598155, -0.0171670336276, 0.0104839131236, -0.00386127876118, 0.00235008448362], [-0.000872506294399, 0.00275898072869, -0.0051597491838, 0.00274832104333, -0.00211497675627, 0.00302865589038, -0.0048645590432, 0.00867777131498, -0.0171670336276, 0.028567802161, -0.0186631716788, 0.0115284658968, -0.00265048095025], [0.000847292889375, -0.000875194848049, 0.000847631716169, 0.00263189221732, -0.0011028588051, -0.00298562715761, 0.00207250053063, -0.00501118134707, 0.0104839131236, -0.0186631716788, 0.030896557495, -0.0154276853427, 0.00957053992897], [-0.000749441445805, 0.00152548961341, -0.00199096184224, 0.00017080559337, -0.0027644825168, 0.000892363430467, -0.00107773253694, 0.00447631487623, -0.00386127876118, 0.0115284658968, -0.0154276853427, 0.0152121670544, -0.00561223365366], [0.00057214894332, -0.000130887405248, 0.00126492383424, 0.000931612157729, -0.0016731050564, -0.0022951727733, 0.00085014133947, -0.00278774742037, 0.00235008448362, -0.00265048095025, 0.00957053992897, -0.00561223365366, 0.0116288522258]]
    },
    "spectral_contrast_coeffs": {
        "max": [-0.41900858283, -0.480698108673, -0.515007257462, -0.56064337492, -0.635417580605, -0.623632907867],
        "mean": [-0.670487046242, -0.765867292881, -0.728862643242, -0.750501036644, -0.762881219387, -0.760026276112],
        "min": [-0.973656654358, -0.969744741917, -0.970951735973, -0.963369607925, -0.962204694748, -0.958714723587],
        "stdev": [0.0803471654654, 0.0729241892695, 0.083439707756, 0.0647895261645, 0.0532010383904, 0.0418536327779]
    },
    "spectral_contrast_valleys": {
        "max": [-5.19954919815, -5.14459562302, -5.39221382141, -6.10931110382, -6.41206550598, -9.87054443359],
        "mean": [-6.97857618332, -6.74929094315, -7.5766582489, -7.93464136124, -8.01333808899, -11.1041526794],
        "min": [-27.1185150146, -27.3492832184, -27.329750061, -27.1900577545, -27.147687912, -27.2262001038],
        "stdev": [1.36970949173, 1.24179339409, 1.25725722313, 1.17459869385, 1.16099631786, 0.889699518681]
    }
},
"rhythm": {
    "beats_count": 29,
    "beats_loudness": {
        "max": 0.0795211791992,
        "mean": 0.0364231094718,
        "min": 0.000337133416906,
        "stdev": 0.0221213176847
    },
    "bpm": 142.755630493,
    "bpm_histogram_first_peak_bpm": 144,
    "bpm_histogram_first_peak_weight": 0.291666686535,
    "bpm_histogram_second_peak_bpm": 133,
    "bpm_histogram_second_peak_spread": 0.5,
    "bpm_histogram_second_peak_weight": 0.0714285746217,
    "danceability": 0.963238835335,
    "onset_rate": 3.13495230675,
    "beats_loudness_band_ratio": {
        "max": [0.88465231657, 0.541253864765, 0.521613955498, 0.765463531017, 0.33320659399, 0.142967328429],
        "mean": [0.404396414757, 0.148917675018, 0.140140548348, 0.224017933011, 0.0988109633327, 0.0336823835969],
        "min": [0.0124813178554, 0.0313985720277, 0.0118522224948, 0.0198319461197, 0.00734430644661, 0.00110928656068],
        "stdev": [0.225745111704, 0.119238115847, 0.148479163647, 0.203021064401, 0.0838322490454, 0.0364569202065]
    },
    "beats_position": [0.452789098024, 0.905578196049, 1.35836732388, 1.79954648018, 2.22911548615, 2.6470746994, 3.06503391266, 3.48299312592, 3.90095233917, 4.31891155243, 4.73687076569, 5.15482997894, 5.5727891922, 5.99074840546, 6.40870714188, 6.82666635513, 7.24462556839, 7.67419481277, 8.10376358032, 8.51011276245, 8.92807197571, 9.35764122009, 9.78721046448, 10.2167797089, 10.6347389221, 11.0526981354, 11.4706573486, 11.8886165619, 12.3297958374],
