{
"metadata": {
    "version": {
        "essentia": "2.1-beta5",
        "essentia_git_sha": "Undefined",
        "extractor": "music 2.0"
    },
    "audio_properties": {
        "analysis": {
            "equal_loudness": 0,
            "length": 48.7502937317,
            "sample_rate": 44100,
            "start_time": 93.9943771362,
            "downmix": "mix"
        },
        "bit_rate": 192000,
        "length": 189.265853882,
        "lossless": 0,
        "number_channels": 2,
        "replay_gain": -12.2728271484,
        "sample_rate": 44100,
        "codec": "mp3",
        "md5_encoded": "3e295a28672bf312e8633ca99b63f1bb"
    },
    "tags": {
        "file_name": "Sweden_Diggi-loo Diggy-ley_Herrey_s.mp3",
        "encoding": ["Lavf58.29.100"]
    }
},
"lowlevel": {
    "average_loudness": 0.97382837534,
    "barkbands_crest": {
        "max": 22.2953948975,
        "mean": 8.39488315582,
        "min": 2.59435081482,
        "stdev": 3.35081720352
    },
    "barkbands_flatness_db": {
        "max": 0.221205085516,
        "mean": 0.116433851421,
        "min": 0.0261592566967,
        "stdev": 0.0277207754552
    },
    "barkbands_kurtosis": {
        "max": 25.6507587433,
        "mean": 0.624737501144,
        "min": -1.78009331226,
        "stdev": 2.10329961777
    },
    "barkbands_skewness": {
        "max": 4.81104755402,
        "mean": 0.783056855202,
        "min": -1.0062713623,
        "stdev": 0.664700508118
    },
    "barkbands_spread": {
        "max": 74.9111938477,
        "mean": 19.5826854706,
        "min": 3.48642063141,
        "stdev": 8.26306343079
    },
    "dissonance": {
        "max": 0.500000059605,
        "mean": 0.465644389391,
        "min": 0.211580812931,
        "stdev": 0.0259895641357
    },
    "dynamic_complexity": 1.49657344818,
    "erbbands_crest": {
        "max": 28.1948261261,
        "mean": 8.73812580109,
        "min": 2.57889795303,
        "stdev": 3.85306119919
    },
    "erbbands_flatness_db": {
        "max": 0.295013070107,
        "mean": 0.192294597626,
        "min": 0.0934708938003,
        "stdev": 0.0336673557758
    },
    "erbbands_kurtosis": {
        "max": 11.7668943405,
        "mean": -0.14490108192,
        "min": -1.67408549786,
        "stdev": 1.22200238705
    },
    "erbbands_skewness": {
        "max": 2.7342209816,
        "mean": 0.0676672384143,
        "min": -2.07146143913,
        "stdev": 0.619877159595
    },
    "erbbands_spread": {
        "max": 84.5930709839,
        "mean": 28.938501358,
        "min": 6.57840490341,
        "stdev": 11.6825275421
    },
    "hfc": {
        "max": 79.1247329712,
        "mean": 26.6037712097,
        "min": 0.818221986294,
        "stdev": 13.0662574768
    },
    "loudness_ebu128": {
        "integrated": -11.0712757111,
        "loudness_range": 1.43015003204,
        "momentary": {
            "max": -9.12497520447,
            "mean": -11.1972675323,
            "min": -16.5393810272,
            "stdev": 1.07715284824
        },
        "short_term": {
            "max": -9.9457359314,
            "mean": -11.0729875565,
            "min": -12.4998044968,
            "stdev": 0.482874125242
        }
    },
    "melbands_crest": {
        "max": 26.8154983521,
        "mean": 10.8421764374,
        "min": 3.26244449615,
        "stdev": 4.03547620773
    },
    "melbands_flatness_db": {
        "max": 0.315166860819,
        "mean": 0.172981128097,
        "min": 0.0430814400315,
        "stdev": 0.037281870842
    },
    "melbands_kurtosis": {
        "max": 79.8793411255,
        "mean": 3.43094992638,
        "min": -1.5288926363,
        "stdev": 4.91231822968
    },
    "melbands_skewness": {
        "max": 7.83211135864,
        "mean": 1.44883000851,
        "min": -0.615966498852,
        "stdev": 0.904519021511
    },
    "melbands_spread": {
        "max": 123.809547424,
        "mean": 27.3119335175,
        "min": 4.03528738022,
        "stdev": 12.3532934189
    },
    "pitch_salience": {
        "max": 0.9065939188,
        "mean": 0.621023595333,
        "min": 0.227796405554,
        "stdev": 0.0870932340622
    },
    "silence_rate_20dB": {
        "max": 1,
        "mean": 1,
        "min": 1,
        "stdev": 0
    },
    "silence_rate_30dB": {
        "max": 1,
        "mean": 1,
        "min": 1,
        "stdev": 0
    },
    "silence_rate_60dB": {
        "max": 0,
        "mean": 0,
        "min": 0,
        "stdev": 0
    },
    "spectral_centroid": {
        "max": 3369.34082031,
        "mean": 1452.5904541,
        "min": 445.042144775,
        "stdev": 414.339172363
    },
    "spectral_complexity": {
        "max": 53,
        "mean": 26.6444549561,
        "min": 1,
        "stdev": 6.85916566849
    },
    "spectral_decrease": {
        "max": -1.61244489982e-10,
        "mean": -6.66468435995e-09,
        "min": -2.03807406507e-08,
        "stdev": 2.95824320595e-09
    },
    "spectral_energy": {
        "max": 0.0828094705939,
        "mean": 0.027567114681,
        "min": 0.000682790938299,
        "stdev": 0.012061056681
    },
    "spectral_energyband_high": {
        "max": 0.00667290389538,
        "mean": 0.000357024924597,
        "min": 5.11267171532e-06,
        "stdev": 0.000476685730973
    },
    "spectral_energyband_low": {
        "max": 0.0293734073639,
        "mean": 0.00221950327978,
        "min": 5.08763878315e-06,
        "stdev": 0.0031300871633
    },
    "spectral_energyband_middle_high": {
        "max": 0.0506491027772,
        "mean": 0.0103414701298,
        "min": 0.000450904510217,
        "stdev": 0.00748883374035
    },
    "spectral_energyband_middle_low": {
        "max": 0.0711258500814,
        "mean": 0.015594497323,
        "min": 0.000227991928114,
        "stdev": 0.00929609872401
    },
    "spectral_entropy": {
        "max": 8.46922969818,
        "mean": 7.48811721802,
        "min": 6.40635681152,
        "stdev": 0.251028865576
    },
    "spectral_flux": {
        "max": 0.238775193691,
        "mean": 0.0960217937827,
        "min": 0.0228664502501,
        "stdev": 0.0302343033254
    },
    "spectral_kurtosis": {
        "max": 27.1724033356,
        "mean": 5.77930688858,
        "min": -0.662052869797,
        "stdev": 2.83102560043
    },
    "spectral_rms": {
        "max": 0.00898831058294,
        "mean": 0.00505683105439,
        "min": 0.000816172454506,
        "stdev": 0.00115030386951
    },
    "spectral_rolloff": {
        "max": 8505.61523438,
        "mean": 1772.41516113,
        "min": 193.798828125,
        "stdev": 818.204772949
    },
    "spectral_skewness": {
        "max": 3.87873053551,
        "mean": 1.48161613941,
        "min": 0.331074535847,
        "stdev": 0.350591689348
    },
    "spectral_spread": {
        "max": 11078250,
        "mean": 3016001.25,
        "min": 1846543.25,
        "stdev": 818049.875
    },
    "spectral_strongpeak": {
        "max": 7.35671472549,
        "mean": 1.52954494953,
        "min": 0.0233903564513,
        "stdev": 1.28430891037
    },
    "zerocrossingrate": {
        "max": 0.21142578125,
        "mean": 0.0593746267259,
        "min": 0.01220703125,
        "stdev": 0.0185218919069
    },
    "barkbands": {
        "max": [0.000335937540513, 0.00675772223622, 0.0141628496349, 0.0460730195045, 0.0286252442747, 0.0381347835064, 0.0484498552978, 0.0591871514916, 0.0610714107752, 0.0380955077708, 0.031539272517, 0.0222049932927, 0.0207666270435, 0.0143782673404, 0.0146803483367, 0.00797552987933, 0.00889924634248, 0.00560349505395, 0.00754247745499, 0.00252991984598, 0.00123521697242, 0.00163810339291, 0.00314615294337, 0.00187776854727, 0.000870316755027, 6.01516003371e-05, 1.71433439391e-05],
        "mean": [7.39914758014e-05, 0.000410087988712, 0.000932997383643, 0.00177399301901, 0.00350790005177, 0.00169966800604, 0.00255648046732, 0.00220872182399, 0.00341097218916, 0.00174361490645, 0.00135412684176, 0.000921557657421, 0.00103464990389, 0.00137556041591, 0.000977647840045, 0.000873508164659, 0.000999273383059, 0.000659741286654, 0.000576030754019, 0.000194678839762, 0.000115443108371, 6.46992921247e-05, 5.22125556017e-05, 3.33303905791e-05, 9.98395626084e-06, 1.49400148075e-06, 4.76235982205e-06],
        "min": [1.47398179706e-06, 2.47756429417e-06, 7.21355263522e-07, 5.89889964431e-07, 2.64388218056e-05, 1.55288689712e-05, 9.12723589863e-06, 8.71155225468e-06, 3.00493302348e-05, 9.67855794443e-06, 1.16933952086e-05, 1.04578166429e-05, 1.53606979438e-05, 1.39575658977e-05, 6.94706568538e-06, 4.25353618994e-06, 3.31319824909e-06, 1.32951072374e-05, 1.75270379259e-05, 1.9316144062e-06, 1.42536930525e-06, 9.9949329524e-07, 3.51356931105e-07, 5.45193984181e-07, 3.78391973754e-07, 2.78762371408e-07, 1.63243839779e-07],
        "stdev": [5.28849450347e-05, 0.000566940754652, 0.00149119121488, 0.00289598829113, 0.00334044033661, 0.00248999637552, 0.00426099915057, 0.00425248686224, 0.00551258772612, 0.00366784445941, 0.00280307326466, 0.0018514264375, 0.00161139853299, 0.00176213553641, 0.00130650121719, 0.00100857857615, 0.00101318070665, 0.000636549317278, 0.000642173166852, 0.000186473465874, 0.000123882244225, 9.29616289795e-05, 0.000162134208949, 0.000124615980894, 3.47691129718e-05, 2.56717976299e-06, 2.7991591196e-06]
    },
    "erbbands": {
        "max": [0.0616158694029, 2.0013551712, 10.6531238556, 84.4277267456, 146.889007568, 167.308547974, 372.443817139, 361.806365967, 348.57623291, 1006.13336182, 1307.09130859, 1762.36657715, 929.299926758, 973.005187988, 1294.11193848, 834.891723633, 1148.57189941, 876.438354492, 780.857788086, 614.654968262, 567.79284668, 536.293945312, 308.514984131, 319.354980469, 351.758850098, 114.313774109, 84.7917861938, 58.6267700195, 71.4708175659, 70.1364517212, 99.3674850464, 53.3506851196, 20.1138343811, 14.6332921982, 3.48659491539, 0.555028498173, 0.0223311930895, 0.0280768629164, 0.000707722676452, 9.80651966529e-05],
        "mean": [0.00634351978078, 0.121412724257, 0.857222139835, 3.88908576965, 7.6213927269, 13.3118915558, 13.4869832993, 14.8326997757, 25.6467285156, 51.6165962219, 55.2537651062, 74.8166732788, 63.5089302063, 51.1372375488, 50.9312171936, 37.2108001709, 49.5982627869, 64.7335968018, 62.7201271057, 49.3751983643, 49.2559623718, 59.5748977661, 39.3549194336, 30.4501037598, 24.0359306335, 9.10302257538, 5.35080289841, 4.14160299301, 2.38166332245, 1.78444933891, 1.42446422577, 0.911468505859, 0.432120859623, 0.149939879775, 0.0526128970087, 0.0108826197684, 0.00241774204187, 0.00803469400853, 0.000213213425013, 3.7238078221e-05],
        "min": [9.12158575375e-05, 0.000486651231768, 0.000965180573985, 0.00575105333701, 0.0312158185989, 0.099806882441, 0.19414703548, 0.316916316748, 0.347192257643, 0.329602599144, 0.478823542595, 0.51509732008, 0.850975692272, 0.588088274002, 0.890515863895, 1.10211157799, 0.867689847946, 0.987113714218, 0.634404778481, 0.212773799896, 0.252546459436, 0.189856812358, 1.12734556198, 0.92486423254, 0.69490468502, 0.133957728744, 0.0557828433812, 0.0554541386664, 0.0423139519989, 0.0159960594028, 0.0113369496539, 0.0128519590944, 0.00657277368009, 0.00462064566091, 0.00251505617052, 0.0011812474113, 0.000426655926276, 0.000341819046298, 1.76524426934e-05, 4.7900748541e-06],
        "stdev": [0.00607732171193, 0.166928589344, 1.22832107544, 6.38689422607, 8.87555503845, 14.9470300674, 20.0145492554, 22.1966571808, 40.9593658447, 95.5987472534, 95.4923477173, 133.104782104, 113.284492493, 93.5966262817, 92.1920700073, 63.200630188, 74.3391036987, 89.4503707886, 82.3387374878, 59.0196495056, 53.8256721497, 59.2580604553, 36.3482322693, 30.9336414337, 26.4235668182, 7.86647605896, 6.16577482224, 4.4239358902, 3.3130273819, 3.97491240501, 4.79935979843, 3.40486979485, 1.57180678844, 0.574315071106, 0.153943970799, 0.0265993867069, 0.00147851323709, 0.00456130923703, 0.000113004345621, 1.45241901919e-05]
    },
    "gfcc": {
        "mean": [16.888999939, 104.152656555, -152.840789795, 15.2807474136, -51.0853004456, -10.5704078674, -36.288394928, -2.73136997223, -19.1258525848, -10.0756397247, -17.7103824615, -5.71389865875, -17.272354126],
        "cov": [[631.006835938, -185.990997314, -94.8657455444, 107.678077698, -104.420593262, 101.223953247, -17.9165592194, 32.2514038086, 14.0616693497, -1.26055335999, 9.13134479523, -40.7760543823, 8.1580324173], [-185.990997314, 326.187347412, 41.7167167664, -95.689239502, 112.598297119, -100.559379578, 58.6793441772, 9.17442798615, 14.1171150208, -22.5219402313, -7.35102748871, 0.926928460598, -46.2650260925], [-94.8657455444, 41.7167167664, 347.913726807, 142.712799072, -30.6180152893, 20.9777450562, -101.062294006, -16.8582878113, -21.369386673, 3.61765241623, -11.3530511856, 17.9740581512, -15.8252401352], [107.678077698, -95.689239502, 142.712799072, 305.767913818, -3.98291444778, 1.15489983559, -132.081390381, -12.0020542145, 8.61731719971, 12.1503162384, -1.08269202709, -1.29094982147, 14.430439949], [-104.420593262, 112.598297119, -30.6180152893, -3.98291444778, 184.978088379, -44.0283508301, 24.5257930756, 5.94409179688, 8.62115097046, 0.120770655572, -20.0389690399, -10.5119895935, -15.2066898346], [101.223953247, -100.559379578, 20.9777450562, 1.15489983559, -44.0283508301, 190.063171387, 42.3137931824, 1.7087893486, -37.1861724854, -13.1764287949, -0.845045208931, -13.3110256195, 13.1030397415], [-17.9165592194, 58.6793441772, -101.062294006, -132.081390381, 24.5257930756, 42.3137931824, 195.509674072, 19.3383579254, -28.8710365295, -23.2313117981, -4.31392478943, 1.96545553207, -10.1278324127], [32.2514038086, 9.17442798615, -16.8582878113, -12.0020542145, 5.94409179688, 1.7087893486, 19.3383579254, 93.3471069336, 41.1321487427, -8.56673431396, -1.96953892708, -17.0650882721, -15.6455373764], [14.0616693497, 14.1171150208, -21.369386673, 8.61731719971, 8.62115097046, -37.1861724854, -28.8710365295, 41.1321487427, 101.388114929, 17.2289295197, -0.599099397659, -14.3038711548, -13.5284891129], [-1.26055335999, -22.5219402313, 3.61765241623, 12.1503162384, 0.120770655572, -13.1764287949, -23.2313117981, -8.56673431396, 17.2289295197, 73.0708847046, 12.2761220932, -9.59603786469, 1.4758143425], [9.13134479523, -7.35102748871, -11.3530511856, -1.08269202709, -20.0389690399, -0.845045208931, -4.31392478943, -1.96953892708, -0.599099397659, 12.2761220932, 53.8320159912, 27.0447235107, -2.03901791573], [-40.7760543823, 0.926928460598, 17.9740581512, -1.29094982147, -10.5119895935, -13.3110256195, 1.96545553207, -17.0650882721, -14.3038711548, -9.59603786469, 27.0447235107, 64.0101699829, 22.384469986], [8.1580324173, -46.2650260925, -15.8252401352, 14.430439949, -15.2066898346, 13.1030397415, -10.1278324127, -15.6455373764, -13.5284891129, 1.4758143425, -2.03901791573, 22.384469986, 58.4713935852]],
        "icov": [[0.00263836956583, -1.63388904184e-06, 0.0016126363771, -0.00165787234437, 0.00153630110435, -0.00122523820028, 0.000140593212564, -0.000698214105796, 5.21453621332e-05, 4.75865927001e-05, 3.30851798935e-05, 0.000758163281716, 0.000709623156581], [-1.63388904184e-06, 0.00817306246608, -0.0041819117032, 0.00305299949832, -0.00429214630276, 0.00458359066397, -0.00307862274349, 0.00144422182348, -0.00182465056423, 0.00385778327473, -0.00417915033177, 0.00370836257935, 0.000206642784178], [0.0016126363771, -0.0041819117032, 0.00833373703063, -0.00424036523327, 0.00390731683001, -0.00450993794948, 0.00404421659186, -0.00200399686582, 0.00286649633199, -0.00369161460549, 0.00719857960939, -0.00725549878553, 0.00574425095692], [-0.00165787234437, 0.00305299949832, -0.00424036523327, 0.00753009598702, -0.00342701515183, 0.00205322448164, 0.00160115491599, 0.000879384169821, -0.000916780438274, 0.00194582017139, -0.00293174898252, 0.00249756593257, -0.00251741218381], [0.00153630110435, -0.00429214630276, 0.00390731683001, -0.00342701515183, 0.00963211804628, -0.00165743997786, 0.000529269105755, -0.00127467920538, 0.00121453532483, -0.00281610316597, 0.00550840143114, -0.0025798631832, 0.00245167780668], [-0.00122523820028, 0.00458359066397, -0.00450993794948, 0.00205322448164, -0.00165743997786, 0.0105726858601, -0.00447725877166, 0.000824482936878, 0.000620226666797, 0.00365646439604, -0.00545773701742, 0.00719904759899, -0.00417997688055], [0.000140593212564, -0.00307862274349, 0.00404421659186, 0.00160115491599, 0.000529269105755, -0.00447725877166, 0.0112030208111, -0.00328958989121, 0.00395871326327, -0.00160750118084, 0.00477235065773, -0.00572130363435, 0.00375828030519], [-0.000698214105796, 0.00144422182348, -0.00200399686582, 0.000879384169821, -0.00127467920538, 0.000824482936878, -0.00328958989121, 0.0159204993397, -0.0076958546415, 0.00452715344727, -0.00396886328235, 0.00518530234694, -0.000363707920769], [5.21453621332e-05, -0.00182465056423, 0.00286649633199, -0.000916780438274, 0.00121453532483, 0.000620226666797, 0.00395871326327, -0.0076958546415, 0.016108488664, -0.00480893813074, 0.00335943768732, -0.00226358929649, 0.00318649923429], [4.75865927001e-05, 0.00385778327473, -0.00369161460549, 0.00194582017139, -0.00281610316597, 0.00365646439604, -0.00160750118084, 0.00452715344727, -0.00480893813074, 0.0201413948089, -0.0117719555274, 0.0114326942712, -0.00546067580581], [3.30851798935e-05, -0.00417915033177, 0.00719857960939, -0.00293174898252, 0.00550840143114, -0.00545773701742, 0.00477235065773, -0.00396886328235, 0.00335943768732, -0.0117719555274, 0.037526525557, -0.0251225195825, 0.0137813752517], [0.000758163281716, 0.00370836257935, -0.00725549878553, 0.00249756593257, -0.0025798631832, 0.00719904759899, -0.00572130363435, 0.00518530234694, -0.00226358929649, 0.0114326942712, -0.0251225195825, 0.0389749966562, -0.0182484481484], [0.000709623156581, 0.000206642784178, 0.00574425095692, -0.00251741218381, 0.00245167780668, -0.00417997688055, 0.00375828030519, -0.000363707920769, 0.00318649923429, -0.00546067580581, 0.0137813752517, -0.0182484481484, 0.0298124868423]]
    },
    "melbands": {
        "max": [0.00111637660302, 0.00462275277823, 0.0174799282104, 0.00606757821515, 0.0102930264547, 0.00829872582108, 0.00602963427082, 0.0107557084411, 0.0105528347194, 0.00993971712887, 0.00449197134003, 0.00440965872258, 0.00522965658456, 0.00323538342491, 0.00194921635557, 0.0018349562306, 0.00173540250398, 0.00141523859929, 0.00143157644197, 0.000661281927023, 0.000757840753067, 0.000598313228693, 0.000437909940956, 0.000235503699514, 0.000271621800493, 0.000426044251071, 0.000107394575025, 0.000103838930954, 6.17112891632e-05, 3.60183730663e-05, 2.82948967651e-05, 3.84808336094e-05, 3.71962414647e-05, 3.87251820939e-05, 7.48567399569e-05, 5.18963897775e-05, 3.67802022083e-05, 1.63324657478e-05, 1.47369155457e-05, 1.05956605694e-05],
        "mean": [8.78032296896e-05, 0.00038202435826, 0.000779707857873, 0.000730520987418, 0.000533013371751, 0.000334738753736, 0.0004273672821, 0.000558440107852, 0.000475279230159, 0.0004600280663, 0.00031512969872, 0.000211446036701, 0.000192487612367, 0.000104567137896, 0.000108316307887, 0.000106766397948, 0.000119237265608, 0.000107670675789, 6.46371408948e-05, 5.64588008274e-05, 5.86300739087e-05, 6.19189595454e-05, 4.75454617117e-05, 2.85301102849e-05, 2.39961955231e-05, 2.25531057367e-05, 1.05188528323e-05, 4.85611690237e-06, 3.46048841493e-06, 2.73719911092e-06, 2.25423173106e-06, 1.40566578466e-06, 1.04612286123e-06, 9.69503275883e-07, 8.4223944441e-07, 7.02457782609e-07, 5.00016426486e-07, 3.26199028677e-07, 1.99031916281e-07, 1.01071066183e-07],
        "min": [8.39483732307e-07, 5.74049636271e-07, 1.6662214648e-06, 4.51370033261e-06, 6.77641992297e-06, 5.8655346038e-06, 2.19179241867e-06, 3.11005737785e-06, 2.75209299616e-06, 3.25185965266e-06, 2.17802380575e-06, 1.49039101416e-06, 2.13245584746e-06, 2.04242815016e-06, 1.74581748524e-06, 1.68285066593e-06, 1.50434937041e-06, 1.03883485281e-06, 3.31161686518e-07, 2.39759600618e-07, 3.48507512626e-07, 1.91343971778e-07, 3.90552287399e-07, 4.78659160308e-07, 5.97005623604e-07, 6.46836724627e-07, 1.96740685965e-07, 5.7883156046e-08, 2.51250877881e-08, 3.07303302804e-08, 2.60129127128e-08, 2.37625119581e-08, 1.89180244803e-08, 5.53252732516e-09, 6.53479981239e-09, 7.0853265477e-09, 7.98982568995e-09, 4.31216129471e-09, 4.30863922318e-09, 3.92531074311e-09],
        "stdev": [0.000103098689578, 0.000524228613358, 0.00111061090138, 0.000659559911583, 0.000690156710334, 0.000498830631841, 0.000654649978969, 0.000977543299086, 0.000805749965366, 0.00078869855497, 0.000583791639656, 0.00042328480049, 0.000380031269742, 0.00024554861011, 0.000176723042387, 0.000162863478181, 0.000174944740138, 0.000150660154759, 8.29903583508e-05, 7.04702397343e-05, 6.75479823258e-05, 6.4467334596e-05, 4.890290802e-05, 2.81871380139e-05, 2.62473367911e-05, 2.78535735561e-05, 1.09551319838e-05, 5.10217341798e-06, 4.40849998995e-06, 3.30264310833e-06, 2.41870338868e-06, 1.91315120901e-06, 1.89975355624e-06, 2.43066642724e-06, 3.03873594021e-06, 2.47798902819e-06, 2.00914382731e-06, 1.23915128825e-06, 7.2075118851e-07, 4.06229645478e-07]
    },
    "melbands128": {
        "max": [0.000139492360177, 0.000269308569841, 0.00114076805767, 0.00433916179463, 0.00455182231963, 0.00852669868618, 0.0158716868609, 0.0252542886883, 0.0163224264979, 0.00966280791909, 0.0128663759679, 0.00991019234061, 0.0167875401676, 0.0119940070435, 0.0068054208532, 0.0190414227545, 0.0103264553472, 0.00980936363339, 0.0181871820241, 0.0194825250655, 0.0213454980403, 0.0243231523782, 0.0139724127948, 0.0249152202159, 0.0205468051136, 0.00996912270784, 0.0124165769666, 0.00602019904181, 0.0127791743726, 0.0091993091628, 0.00590635789558, 0.00729336077347, 0.0107105821371, 0.00434544170275, 0.00628251768649, 0.00645705405623, 0.00217272364534, 0.00387163436972, 0.00509843369946, 0.00524956127629, 0.00292644277215, 0.00353290559724, 0.00388183444738, 0.00348425330594, 0.00226978352293, 0.00256233802065, 0.0019142923411, 0.00313920062035, 0.00147039233707, 0.00197773938999, 0.00106056325603, 0.000744326564018, 0.00156586326193, 0.00085783994291, 0.000576390593778, 0.000927268760279, 0.00096594018396, 0.000898557016626, 0.000705835991539, 0.000689927954227, 0.00032826239476, 0.000384822167689, 0.000394546630559, 0.00045007042354, 0.00054347270634, 0.00078520947136, 0.00026482573594, 0.000220910224016, 0.000179374284926, 8.14461600385e-05, 0.00011162609735, 0.000128192958073, 0.000130160784465, 4.12460940424e-05, 7.75063454057e-05, 3.75185154553e-05, 6.93710171618e-05, 4.83862932015e-05, 3.08720336761e-05, 3.37699857482e-05, 3.1245424907e-05, 5.92374999542e-05, 4.64597105747e-05, 4.55772242276e-05, 3.10049072141e-05, 4.68629114039e-05, 4.17035371356e-05, 6.74777111271e-05, 0.000129204097902, 4.60431256215e-05, 5.73047764192e-05, 6.37028060737e-05, 3.54973381036e-05, 5.0638558605e-05, 4.67155150545e-05, 2.44231869146e-05, 2.06207932933e-05, 1.13498017527e-05, 1.85171302292e-05, 2.28178887482e-05, 1.73898315552e-05, 9.84658890957e-06, 8.59085776028e-06, 6.56491920381e-06, 4.04457296099e-06, 1.71633587343e-06, 2.25740836868e-06, 2.08516644307e-06, 5.9548574427e-07, 3.72658291781e-07, 1.59002851774e-07, 5.58840795861e-08, 6.76846241277e-08, 5.06574657777e-08, 8.39219964632e-08, 2.861184214e-07, 5.86618511988e-07, 1.62013709115e-08, 1.21149463794e-08, 1.09222799693e-08, 1.02596269258e-08, 9.79918635124e-09, 9.45938527508e-09, 9.19951492762e-09, 9.00044039298e-09, 8.84452777683e-09, 8.73917826993e-09, 8.67821459138e-09],
        "mean": [2.78411625914e-05, 3.32921845256e-05, 9.65152794379e-05, 0.000220346002607, 0.000335094344337, 0.000507534714416, 0.000774208747316, 0.000909206573851, 0.000745015335269, 0.000648426299449, 0.000802036607638, 0.000705088139512, 0.000418438663473, 0.00038678056444, 0.000319078710163, 0.000314198608976, 0.000351484719431, 0.000402884266805, 0.00054648949299, 0.000692423956934, 0.000453394517535, 0.000508499681018, 0.000373101560399, 0.000588995229919, 0.000602381594945, 0.000283310335362, 0.000447399797849, 0.00023193085508, 0.000348328787368, 0.000236460211454, 0.000135442009196, 0.000210195445106, 0.000272311765002, 9.36485230341e-05, 0.000126752871438, 0.000109585547762, 5.97566795477e-05, 0.000126968385302, 0.000120626413263, 0.000108119616925, 7.85631636973e-05, 0.000144805846503, 0.000133484805701, 8.85999397724e-05, 0.000124457117636, 0.000127342107589, 7.3496317782e-05, 4.7302339226e-05, 6.3157218392e-05, 9.05072884052e-05, 4.31080807175e-05, 3.76102943846e-05, 6.91129534971e-05, 6.45733889542e-05, 4.28885687143e-05, 7.11997272447e-05, 6.85884369886e-05, 5.19025998074e-05, 4.34972243966e-05, 2.98523846141e-05, 2.80604799627e-05, 2.84046436718e-05, 1.99972346309e-05, 2.37824297074e-05, 2.78746338154e-05, 2.55879931501e-05, 1.73940916284e-05, 1.35163090818e-05, 8.79177969182e-06, 6.38598521618e-06, 5.20418598171e-06, 3.73673651666e-06, 3.81157838092e-06, 3.56435202775e-06, 2.89872650683e-06, 2.62013895735e-06, 2.77091021417e-06, 2.69234806183e-06, 2.07661332752e-06, 2.05072660719e-06, 1.45673118368e-06, 1.16585908927e-06, 1.12806310426e-06, 1.04930518319e-06, 9.39209655826e-07, 1.04855041627e-06, 9.21515834307e-07, 9.22085746424e-07, 8.58999499087e-07, 7.78519165578e-07, 7.51054415105e-07, 7.00188593328e-07, 5.86475152886e-07, 5.19873537996e-07, 4.31974825688e-07, 3.66658071016e-07, 3.10275083848e-07, 2.57545679005e-07, 2.13727290088e-07, 1.77439005711e-07, 9.24809171465e-08, 1.0011208218e-07, 8.67571259278e-08, 7.91639891418e-08, 5.55717107886e-08, 4.38573941608e-08, 3.82490554784e-08, 2.7083757459e-08, 1.37787772303e-08, 8.44793479615e-09, 4.56821602768e-09, 2.74037659231e-09, 1.82837112117e-09, 1.77964620818e-09, 4.21007850804e-09, 8.43530258976e-08, 1.64086586096e-07, 7.88438550559e-11, 1.13236980556e-11, 1.05109514842e-11, 1.00222261046e-11, 9.67145287467e-12, 9.3953482147e-12, 9.17744092527e-12, 9.00765746714e-12, 8.87228571861e-12, 8.77942163413e-12, 8.72339873947e-12],
        "min": [6.47251274799e-09, 1.22838187622e-07, 5.61635204122e-07, 7.54349230192e-07, 5.03625017245e-07, 3.482417128e-07, 8.56068197663e-07, 3.60002900379e-07, 2.70421332971e-06, 4.13943689637e-06, 1.23786492168e-06, 1.27912494463e-06, 1.01671798802e-06, 3.54459814389e-07, 7.59889417168e-07, 5.98043129685e-07, 7.67214828556e-07, 9.00789018488e-07, 9.15336897833e-07, 5.78738649892e-07, 5.52666733711e-07, 5.55287613224e-07, 3.99515954541e-07, 6.57779537505e-07, 3.39752688205e-07, 3.54438952854e-07, 5.7026977629e-07, 1.02539581803e-06, 3.97546472186e-07, 3.55007557573e-07, 2.05868303738e-07, 5.50356958229e-07, 1.97290191295e-07, 4.53307336556e-07, 3.91550656786e-07, 3.70295879293e-07, 1.57318950755e-07, 2.28518317158e-07, 6.05170328072e-07, 2.45861258463e-07, 2.07740185942e-07, 6.66763696699e-07, 6.0721384898e-07, 1.75038124439e-07, 4.45847604169e-07, 4.99874715842e-07, 4.04957916089e-07, 1.65201655022e-07, 1.90008151435e-07, 2.9887405617e-07, 2.96568714475e-07, 1.19343013694e-07, 2.21272273393e-07, 4.84387044253e-07, 1.33449432838e-07, 8.75389076782e-08, 6.5254944559e-08, 6.98468056726e-08, 2.1488651214e-07, 2.18444668576e-07, 2.51757313663e-07, 2.77056926734e-07, 7.04884541847e-08, 3.58875212214e-07, 3.91151814938e-07, 3.05919883203e-07, 1.99681892354e-07, 1.29924544012e-07, 4.3437946573e-08, 5.62562085804e-08, 5.78832128895e-08, 3.43278507842e-08, 1.13010694136e-08, 2.17142552827e-08, 2.75185492171e-08, 2.65060631222e-08, 2.91260828789e-08, 2.50639455857e-08, 1.2824980189e-08, 1.60043818198e-08, 2.47067628578e-08, 1.47816772156e-08, 1.20301120177e-08, 1.14332197043e-08, 6.25926510622e-09, 4.48350956361e-09, 6.5945959804e-09, 4.05628597377e-09, 7.77334996371e-09, 5.16060083555e-09, 3.96099775202e-09, 5.79030201564e-09, 6.56231069485e-09, 5.54747536796e-09, 3.999965692e-09, 4.55610749128e-09, 2.55814369687e-09, 4.99852159663e-09, 4.36949187943e-09, 2.64719046683e-09, 3.66319663492e-09, 2.69577959955e-09, 3.15886405922e-09, 2.74634781583e-09, 2.59304133721e-09, 2.50516607458e-09, 1.67999425482e-09, 1.44128031732e-09, 9.91603799072e-10, 9.22877663179e-10, 1.81334225413e-10, 5.43861795876e-11, 3.34220108186e-12, 1.87473474245e-12, 9.50679882039e-11, 2.07273864739e-09, 5.04550889957e-09, 2.59518491766e-12, 4.57467959727e-14, 4.59110898712e-14, 3.93364574041e-14, 4.37055482137e-14, 3.66932877041e-14, 3.88360811608e-14, 3.59149220238e-14, 3.6796917103e-14, 3.41434203772e-14, 3.95422830222e-14],
        "stdev": [2.40707449848e-05, 3.30294715241e-05, 0.000123246500152, 0.00034451141255, 0.000483392592287, 0.000861918728333, 0.00143746065442, 0.00143685052171, 0.00102010008413, 0.000746347534005, 0.00108303688467, 0.00108386157081, 0.000871222990099, 0.000672556634527, 0.000542264664546, 0.000831698125694, 0.000847168732435, 0.000805921619758, 0.00123947230168, 0.00166631420143, 0.00105849385727, 0.00139231130015, 0.000948395696469, 0.0013131411979, 0.00149566552136, 0.000602098938543, 0.00123123801313, 0.000572868215386, 0.00101453543175, 0.000659302051645, 0.000426991056884, 0.000533610407729, 0.000684058177285, 0.000259368855041, 0.000403318350436, 0.00033803388942, 0.00016222121485, 0.000295086036203, 0.000258985121036, 0.000255668885075, 0.000203583287657, 0.000297404272715, 0.000274529040325, 0.000217104767216, 0.000228339878959, 0.000252062978689, 0.000147080223542, 0.000109130021883, 0.000113464615424, 0.000149842046085, 7.77265740908e-05, 6.47622218821e-05, 0.000105297702248, 8.91336603672e-05, 5.74941914238e-05, 9.19647936826e-05, 9.83336794889e-05, 7.84083531471e-05, 6.09098351561e-05, 4.459835327e-05, 3.73129769287e-05, 3.63698745787e-05, 2.61458990281e-05, 3.40147926181e-05, 3.97516596422e-05, 4.2605548515e-05, 2.47739553743e-05, 1.88171270565e-05, 1.21132416098e-05, 7.36340325602e-06, 5.98945689489e-06, 5.87389558859e-06, 6.85869690642e-06, 4.75173283121e-06, 4.45186560682e-06, 3.61550246453e-06, 3.9676929191e-06, 3.29892918671e-06, 2.53067901212e-06, 2.56063299275e-06, 2.24765358325e-06, 2.14540318666e-06, 1.94449671653e-06, 2.15243835555e-06, 1.86715396921e-06, 2.56248290498e-06, 2.46433751272e-06, 3.37539495376e-06, 3.76392654289e-06, 2.73436376119e-06, 2.55725967691e-06, 2.71480053016e-06, 2.23935649046e-06, 2.31644571613e-06, 1.84988834917e-06, 1.54908582317e-06, 1.25031886e-06, 8.87313944986e-07, 7.78548781e-07, 7.61986314046e-07, 4.97057101256e-07, 3.70961828366e-07, 3.36000425705e-07, 2.81723117723e-07, 1.62512080237e-07, 1.1439942682e-07, 1.13332447427e-07, 8.41917682237e-08, 3.14083941078e-08, 1.87125692719e-08, 6.49758602478e-09, 2.48566589534e-09, 1.73341863086e-09, 1.49888801371e-09, 3.15158299458e-09, 4.67289069661e-08, 9.55886534371e-08, 3.62628760353e-10, 2.68806366055e-10, 2.42698694475e-10, 2.28127072788e-10, 2.18006390718e-10, 2.10514800036e-10, 2.04787728442e-10, 2.0038198878e-10, 1.96925059592e-10, 1.9458920586e-10, 1.93240770607e-10]
    },
    "mfcc": {
        "mean": [-617.267700195, 138.516174316, -40.3718986511, 21.7103786469, -3.88475871086, -4.70760345459, -11.8047208786, 2.28692531586, -7.92422485352, -0.464952290058, -3.24710059166, -3.72179722786, -9.16111564636],
        "cov": [[832.948242188, -366.880493164, -23.7723789215, -42.4931907654, -35.0279464722, 20.022151947, -3.4094619751, 10.748717308, 7.67184591293, 50.5030899048, 15.7332105637, -8.73503112793, -28.5354366302], [-366.880493164, 514.306518555, -148.897094727, -3.82625508308, -30.3503036499, -56.5677986145, 28.0220813751, 42.6897697449, 4.55331707001, -3.37970876694, 44.6119232178, -2.89390277863, -5.56753826141], [-23.7723789215, -148.897094727, 427.320159912, 52.4616508484, 63.9310417175, 35.8451881409, -40.9040184021, -18.0715293884, -25.1243057251, -48.871837616, -46.3838920593, 36.1343955994, 55.8682060242], [-42.4931907654, -3.82625508308, 52.4616508484, 247.914733887, 111.568099976, -25.8434257507, -68.1768188477, -40.4400177002, -7.02577877045, -16.5201034546, -19.1872692108, 7.34879112244, 37.3870201111], [-35.0279464722, -30.3503036499, 63.9310417175, 111.568099976, 194.904434204, -1.97359490395, -70.6615219116, -25.7163791656, -1.88409900665, 13.1372346878, -12.7101192474, 1.70999550819, 18.8221054077], [20.022151947, -56.5677986145, 35.8451881409, -25.8434257507, -1.97359490395, 119.308891296, 59.135799408, -13.8901386261, -0.870190858841, -14.2899417877, -18.5931358337, -12.2831401825, -8.85977363586], [-3.4094619751, 28.0220813751, -40.9040184021, -68.1768188477, -70.6615219116, 59.135799408, 152.439910889, 40.0983848572, 3.35340976715, -13.1124410629, 5.5544090271, -16.881313324, -28.8297615051], [10.748717308, 42.6897697449, -18.0715293884, -40.4400177002, -25.7163791656, -13.8901386261, 40.0983848572, 122.84475708, 12.2815818787, 3.06500577927, 13.2718925476, -9.96216487885, -11.4959459305], [7.67184591293, 4.55331707001, -25.1243057251, -7.02577877045, -1.88409900665, -0.870190858841, 3.35340976715, 12.2815818787, 70.2996063232, 33.1618652344, 5.44691753387, -8.20280265808, -15.3508119583], [50.5030899048, -3.37970876694, -48.871837616, -16.5201034546, 13.1372346878, -14.2899417877, -13.1124410629, 3.06500577927, 33.1618652344, 88.4199752808, 35.1887779236, -12.424908638, -19.3253879547], [15.7332105637, 44.6119232178, -46.3838920593, -19.1872692108, -12.7101192474, -18.5931358337, 5.5544090271, 13.2718925476, 5.44691753387, 35.1887779236, 80.8619537354, 15.2387456894, -19.5548553467], [-8.73503112793, -2.89390277863, 36.1343955994, 7.34879112244, 1.70999550819, -12.2831401825, -16.881313324, -9.96216487885, -8.20280265808, -12.424908638, 15.2387456894, 70.0854949951, 24.9756584167], [-28.5354366302, -5.56753826141, 55.8682060242, 37.3870201111, 18.8221054077, -8.85977363586, -28.8297615051, -11.4959459305, -15.3508119583, -19.3253879547, -19.5548553467, 24.9756584167, 79.7474136353]],
        "icov": [[0.00206274725497, 0.00172706018202, 0.000498884241097, -0.000134150774102, 0.000550633587409, -5.65511982131e-05, 0.000231115394854, -0.000659310957417, 0.000393439899199, -0.000774211308453, -0.000582129519898, -1.40473207466e-06, 0.000170142113348], [0.00172706018202, 0.00390698481351, 0.00116471364163, -0.000215407373616, 0.000277319923043, 0.00106862769462, -0.000445490150014, -0.000909079622943, -2.97556125588e-05, 0.00055783247808, -0.00185273913667, 0.000426780083217, -0.000521571433637], [0.000498884241097, 0.00116471364163, 0.00342765497044, -8.3789404016e-05, -0.000559786101803, -0.00106608693022, 0.000741922936868, -0.000759587273933, 0.000264395319391, 0.000979607808404, 0.000461083865957, -0.0012399648549, -0.0011401012307], [-0.000134150774102, -0.000215407373616, -8.3789404016e-05, 0.00634746951982, -0.00334617053159, 0.00143930898048, 0.000349807116436, 0.00151081942022, -0.00100099272095, 0.00221057725139, -0.000356358155841, 0.000953359412961, -0.00172917405143], [0.000550633587409, 0.000277319923043, -0.000559786101803, -0.00334617053159, 0.0085964621976, -0.00226139370352, 0.0032241740264, -0.000891387579031, 0.00104639027268, -0.00292391050607, 0.000731729145627, -8.71694101079e-06, 0.00060922128614], [-5.65511982131e-05, 0.00106862769462, -0.00106608693022, 0.00143930898048, -0.00226139370352, 0.0137495594099, -0.00680102501065, 0.00333856442012, -0.000967719301116, 0.0013719398994, 0.00107480259612, 0.00158985576127, 0.000122172088595], [0.000231115394854, -0.000445490150014, 0.000741922936868, 0.000349807116436, 0.0032241740264, -0.00680102501065, 0.0126851629466, -0.00358429760672, 0.000131382665131, 0.00162564532366, -0.00103662174661, 0.000734299130272, 0.0018555218121], [-0.000659310957417, -0.000909079622943, -0.000759587273933, 0.00151081942022, -0.000891387579031, 0.00333856442012, -0.00358429760672, 0.0106762005016, -0.00215888000093, 0.00143381638918, -0.00131283944938, 0.00188672787044, -0.000631922506727], [0.000393439899199, -2.97556125588e-05, 0.000264395319391, -0.00100099272095, 0.00104639027268, -0.000967719301116, 0.000131382665131, -0.00215888000093, 0.018728107214, -0.00853562168777, 0.00352188199759, -0.00149328785483, 0.00267240870744], [-0.000774211308453, 0.00055783247808, 0.000979607808404, 0.00221057725139, -0.00292391050607, 0.0013719398994, 0.00162564532366, 0.00143381638918, -0.00853562168777, 0.021023992449, -0.00927946344018, 0.00510905729607, -0.000747557496652], [-0.000582129519898, -0.00185273913667, 0.000461083865957, -0.000356358155841, 0.000731729145627, 0.00107480259612, -0.00103662174661, -0.00131283944938, 0.00352188199759, -0.00927946344018, 0.0208795256913, -0.00816845521331, 0.00499642360955], [-1.40473207466e-06, 0.000426780083217, -0.0012399648549, 0.000953359412961, -8.71694101079e-06, 0.00158985576127, 0.000734299130272, 0.00188672787044, -0.00149328785483, 0.00510905729607, -0.00816845521331, 0.0202782917768, -0.0062360484153], [0.000170142113348, -0.000521571433637, -0.0011401012307, -0.00172917405143, 0.00060922128614, 0.000122172088595, 0.0018555218121, -0.000631922506727, 0.00267240870744, -0.000747557496652, 0.00499642360955, -0.0062360484153, 0.0181343946606]]
    },
    "spectral_contrast_coeffs": {
        "max": [-0.448426365852, -0.431884437799, -0.436569541693, -0.594752907753, -0.569073915482, -0.636110901833],
        "mean": [-0.664901971817, -0.726554393768, -0.725849330425, -0.765159964561, -0.748689174652, -0.737012207508],
        "min": [-0.902693808079, -0.916196227074, -0.943278729916, -0.886674702168, -0.853255927563, -0.897040486336],
        "stdev": [0.0607794485986, 0.0736716091633, 0.0757279023528, 0.0495141036808, 0.0484412461519, 0.0302504561841]
    },
    "spectral_contrast_valleys": {
        "max": [-5.58184146881, -4.84638023376, -5.11773872375, -5.80995750427, -6.028236866, -8.15005970001],
        "mean": [-6.83386898041, -6.29767894745, -7.07871246338, -6.94411230087, -7.21707868576, -10.6330947876],
        "min": [-8.47347927094, -7.97900295258, -8.76230812073, -8.59466743469, -8.97989273071, -11.7114171982],
        "stdev": [0.474070996046, 0.429554909468, 0.443610906601, 0.428580790758, 0.44347885251, 0.570644080639]
    }
},
"rhythm": {
    "beats_count": 108,
    "beats_loudness": {
        "max": 0.0719313696027,
        "mean": 0.0341169573367,
        "min": 0.0138774598017,
        "stdev": 0.010378241539
    },
    "bpm": 133.758529663,
    "bpm_histogram_first_peak_bpm": 133,
    "bpm_histogram_first_peak_weight": 0.448598146439,
    "bpm_histogram_second_peak_bpm": 0,
    "bpm_histogram_second_peak_spread": 0,
    "bpm_histogram_second_peak_weight": 0,
    "danceability": 1.34183299541,
    "onset_rate": 2.9326171875,
    "beats_loudness_band_ratio": {
        "max": [0.852378904819, 0.782185435295, 0.766402959824, 0.70669478178, 0.473645031452, 0.143381908536],
        "mean": [0.184315368533, 0.182611569762, 0.306330293417, 0.156810253859, 0.169092714787, 0.0431772470474],
        "min": [0.0117241842672, 0.0150835961103, 0.0338369868696, 0.00532956793904, 0.0204974059016, 0.00677204597741],
        "stdev": [0.157349616289, 0.141432762146, 0.180034920573, 0.146107941866, 0.114901334047, 0.0256916768849]
    },
