{
"metadata": {
    "version": {
        "essentia": "2.1-beta5",
        "essentia_git_sha": "Undefined",
        "extractor": "music 2.0"
    },
    "audio_properties": {
        "analysis": {
            "equal_loudness": 0,
            "length": 32.4963264465,
            "sample_rate": 44100,
            "start_time": 77.7404098511,
            "downmix": "mix"
        },
        "bit_rate": 192000,
        "length": 162.957641602,
        "lossless": 0,
        "number_channels": 2,
        "replay_gain": -9.6395072937,
        "sample_rate": 48000,
        "codec": "mp3",
        "md5_encoded": "6a068cd16c3410bb629082c0c1d07152"
    },
    "tags": {
        "file_name": "Switzerland_Welche Farbe Hat Der Sonnenschein_Rainy Day.mp3",
        "encoding": ["Lavf58.29.100"]
    }
},
"lowlevel": {
    "average_loudness": 0.931561529636,
    "barkbands_crest": {
        "max": 24.2375659943,
        "mean": 9.91653251648,
        "min": 2.98226833344,
        "stdev": 4.17121553421
    },
    "barkbands_flatness_db": {
        "max": 0.307614594698,
        "mean": 0.174972400069,
        "min": 0.0502753518522,
        "stdev": 0.0348618216813
    },
    "barkbands_kurtosis": {
        "max": 62.7677154541,
        "mean": 3.80214262009,
        "min": -1.84745419025,
        "stdev": 6.68633985519
    },
    "barkbands_skewness": {
        "max": 7.24694919586,
        "mean": 1.54168498516,
        "min": -1.73084330559,
        "stdev": 1.14237117767
    },
    "barkbands_spread": {
        "max": 96.3250961304,
        "mean": 19.8591690063,
        "min": 2.19630885124,
        "stdev": 11.6069145203
    },
    "dissonance": {
        "max": 0.499440789223,
        "mean": 0.460411459208,
        "min": 0.295361340046,
        "stdev": 0.0237745121121
    },
    "dynamic_complexity": 2.61649656296,
    "erbbands_crest": {
        "max": 25.3023796082,
        "mean": 8.7071647644,
        "min": 2.76716470718,
        "stdev": 4.15979194641
    },
    "erbbands_flatness_db": {
        "max": 0.3231074512,
        "mean": 0.197076633573,
        "min": 0.102623485029,
        "stdev": 0.0339293368161
    },
    "erbbands_kurtosis": {
        "max": 10.7256917953,
        "mean": 0.138168543577,
        "min": -1.75291264057,
        "stdev": 1.77093029022
    },
    "erbbands_skewness": {
        "max": 3.12550258636,
        "mean": 0.425232857466,
        "min": -2.69741654396,
        "stdev": 0.710643768311
    },
    "erbbands_spread": {
        "max": 125.67224884,
        "mean": 40.8872337341,
        "min": 5.62781620026,
        "stdev": 18.8383522034
    },
    "hfc": {
        "max": 133.175231934,
        "mean": 20.2576026917,
        "min": 0.159119322896,
        "stdev": 18.0439243317
    },
    "loudness_ebu128": {
        "integrated": -14.8907585144,
        "loudness_range": 5.18149662018,
        "momentary": {
            "max": -10.9281177521,
            "mean": -15.4957389832,
            "min": -21.5962505341,
            "stdev": 2.37376403809
        },
        "short_term": {
            "max": -12.1585054398,
            "mean": -15.2162446976,
            "min": -18.9269733429,
            "stdev": 1.71757102013
        }
    },
    "melbands_crest": {
        "max": 29.6024646759,
        "mean": 13.1457719803,
        "min": 3.5350651741,
        "stdev": 5.16992664337
    },
    "melbands_flatness_db": {
        "max": 0.345926642418,
        "mean": 0.179344385862,
        "min": 0.0357145890594,
        "stdev": 0.049480073154
    },
    "melbands_kurtosis": {
        "max": 173.7134552,
        "mean": 11.6046094894,
        "min": -1.78629243374,
        "stdev": 13.9317579269
    },
    "melbands_skewness": {
        "max": 10.8564186096,
        "mean": 2.50872421265,
        "min": -0.687956929207,
        "stdev": 1.50426208973
    },
    "melbands_spread": {
        "max": 195.473419189,
        "mean": 23.6125869751,
        "min": 1.90098631382,
        "stdev": 20.5458183289
    },
    "pitch_salience": {
        "max": 0.885309278965,
        "mean": 0.574229121208,
        "min": 0.197734668851,
        "stdev": 0.107436321676
    },
    "silence_rate_20dB": {
        "max": 1,
        "mean": 1,
        "min": 1,
        "stdev": 0
    },
    "silence_rate_30dB": {
        "max": 1,
        "mean": 1,
        "min": 1,
        "stdev": 0
    },
    "silence_rate_60dB": {
        "max": 1,
        "mean": 0.00713775865734,
        "min": 0,
        "stdev": 0.0841830894351
    },
    "spectral_centroid": {
        "max": 4555.8984375,
        "mean": 1316.61499023,
        "min": 300.121612549,
        "stdev": 609.583312988
    },
    "spectral_complexity": {
        "max": 50,
        "mean": 18.5974311829,
        "min": 0,
        "stdev": 7.56117343903
    },
    "spectral_decrease": {
        "max": -4.22841345271e-11,
        "mean": -5.40111466663e-09,
        "min": -1.81182038261e-08,
        "stdev": 3.35563643539e-09
    },
    "spectral_energy": {
        "max": 0.071113884449,
        "mean": 0.0222225151956,
        "min": 0.000174022643478,
        "stdev": 0.0137803321704
    },
    "spectral_energyband_high": {
        "max": 0.0198465045542,
        "mean": 0.000950173533056,
        "min": 4.53117763755e-06,
        "stdev": 0.00180856348015
    },
    "spectral_energyband_low": {
        "max": 0.0342170372605,
        "mean": 0.00281257811002,
        "min": 1.48623266796e-05,
        "stdev": 0.00431237183511
    },
    "spectral_energyband_middle_high": {
        "max": 0.0616154149175,
        "mean": 0.00652798078954,
        "min": 4.52957829111e-05,
        "stdev": 0.0090565411374
    },
    "spectral_energyband_middle_low": {
        "max": 0.0674695521593,
        "mean": 0.0131912874058,
        "min": 0.000105301609437,
        "stdev": 0.00998755078763
    },
    "spectral_entropy": {
        "max": 8.52987766266,
        "mean": 7.51976108551,
        "min": 6.42239522934,
        "stdev": 0.317059516907
    },
    "spectral_flux": {
        "max": 0.207584097981,
        "mean": 0.0757148042321,
        "min": 0.0175812635571,
        "stdev": 0.032545723021
    },
    "spectral_kurtosis": {
        "max": 14.1059322357,
        "mean": 2.63285422325,
        "min": -1.08123135567,
        "stdev": 2.0117995739
    },
    "spectral_rms": {
        "max": 0.00832942966372,
        "mean": 0.00442920299247,
        "min": 0.00041204149602,
        "stdev": 0.00143619615119
    },
    "spectral_rolloff": {
        "max": 10056.0058594,
        "mean": 1560.4161377,
        "min": 150.732421875,
        "stdev": 1387.08618164
    },
    "spectral_skewness": {
        "max": 2.81321048737,
        "mean": 1.15586352348,
        "min": -0.221160590649,
        "stdev": 0.435821712017
    },
    "spectral_spread": {
        "max": 15830578,
        "mean": 3991800.25,
        "min": 2200073.5,
        "stdev": 970626.4375
    },
    "spectral_strongpeak": {
        "max": 12.0403270721,
        "mean": 1.18703269958,
        "min": 0,
        "stdev": 1.43160271645
    },
    "zerocrossingrate": {
        "max": 0.29296875,
        "mean": 0.0606556124985,
        "min": 0.009765625,
        "stdev": 0.0341690182686
    },
    "barkbands": {
        "max": [0.000260267144768, 0.0156486202031, 0.0226328521967, 0.0399162918329, 0.0538508296013, 0.0535687096417, 0.0355783961713, 0.0488703921437, 0.0259108990431, 0.0245738178492, 0.0367762185633, 0.0200645588338, 0.0106606613845, 0.0415652543306, 0.0148749761283, 0.00682365894318, 0.00908294320107, 0.00746018905193, 0.00409632362425, 0.00545837217942, 0.00705620693043, 0.00726693868637, 0.006544936914, 0.00357922608964, 0.00223849457689, 5.2475920711e-06, 5.11159441885e-06],
        "mean": [9.10173730517e-06, 0.000726563681383, 0.00098204438109, 0.00205973885022, 0.00392954377457, 0.00260047800839, 0.00170020817313, 0.00156803173013, 0.00106997427065, 0.000909832189791, 0.00187716796063, 0.000624191830866, 0.000449148239568, 0.000798009103164, 0.000489870668389, 0.00034491441329, 0.000457391317468, 0.000267223338597, 0.000282605818938, 0.000300273328321, 0.000298497005133, 0.00021733387257, 0.00015628078836, 8.48906784086e-05, 1.91732196981e-05, 5.02445685058e-09, 4.98061858423e-09],
        "min": [6.66622756995e-09, 1.04701780401e-06, 1.01480293324e-06, 3.54181884177e-06, 3.1793348171e-05, 1.86868110177e-05, 9.72694397205e-06, 3.19674791172e-06, 6.55232634017e-06, 2.94962001135e-06, 2.45823071054e-06, 4.23101528213e-06, 1.90061052763e-06, 2.76808145827e-06, 1.7869401745e-06, 2.37700942307e-06, 6.53927736494e-06, 3.20989192915e-06, 2.3262009563e-06, 1.43466309055e-06, 1.24094538023e-06, 3.61452322295e-07, 7.50168737795e-07, 4.07872420283e-07, 4.42728463668e-07, 8.66891194246e-12, 1.05905813633e-11],
        "stdev": [1.7675678464e-05, 0.00188122456893, 0.00228116521612, 0.003756377846, 0.0047245468013, 0.00486217811704, 0.00278673856519, 0.00369368051179, 0.00203191139735, 0.00215674750507, 0.00518511515111, 0.001373453415, 0.000982628786005, 0.00228943163529, 0.00118117628153, 0.000652296061162, 0.000879756291397, 0.000430085143307, 0.000414066453231, 0.00050958263455, 0.000562036468182, 0.000548925832845, 0.000465279561467, 0.000259508669842, 0.000119060103316, 1.40959087958e-07, 1.3745511751e-07]
    },
    "erbbands": {
        "max": [0.252915263176, 4.39916038513, 17.432636261, 90.1150894165, 142.533035278, 257.814056396, 345.14163208, 517.270690918, 620.563964844, 355.451843262, 1288.01220703, 540.86505127, 673.338378906, 1440.99304199, 1683.57434082, 580.795959473, 555.021240234, 2356.63476562, 944.776916504, 752.759033203, 398.259368896, 349.745513916, 284.816436768, 249.897201538, 287.472106934, 150.381790161, 405.487365723, 260.311920166, 263.629241943, 226.009902954, 215.27355957, 98.5693740845, 44.9152984619, 38.6708526611, 5.00055217743, 0.115129604936, 0.00956556480378, 0.00327002210543, 0.000736506830435, 8.98098587641e-05],
        "mean": [0.0129066770896, 0.19905474782, 0.946756780148, 4.62594223022, 8.55624675751, 15.2517595291, 17.8477325439, 23.1399383545, 22.3677921295, 26.6269435883, 38.4638175964, 23.9520244598, 26.6498680115, 63.2848091125, 44.6865501404, 25.5211200714, 21.4073562622, 42.4897155762, 29.3130722046, 20.2948570251, 23.0589485168, 22.8021507263, 15.8568277359, 13.719078064, 14.8903875351, 13.152422905, 14.7727518082, 10.2286434174, 8.30089950562, 5.49731731415, 4.36831712723, 2.422924757, 1.05375432968, 0.393578469753, 0.0327005535364, 0.000969814544078, 9.18554796954e-05, 1.9161396267e-05, 1.62679771165e-05, 2.78937695839e-05],
        "min": [6.22884763288e-05, 0.000594138691667, 0.00572863873094, 0.0236211810261, 0.0610372014344, 0.111352354288, 0.104349479079, 0.185885921121, 0.287434279919, 0.250289440155, 0.24019575119, 0.1372063905, 0.135856956244, 0.128562137485, 0.167336881161, 0.195212855935, 0.176924645901, 0.124123968184, 0.167545944452, 0.127809107304, 0.0958548486233, 0.3725014925, 0.271654725075, 0.131880819798, 0.135939240456, 0.0582030080259, 0.0401801504195, 0.0548350214958, 0.0177566129714, 0.0166396535933, 0.0172894261777, 0.0101301893592, 0.00751500017941, 0.00505977682769, 0.00299766310491, 7.94427323854e-05, 5.79656625632e-06, 9.78919615591e-07, 9.35127502544e-07, 1.68733299688e-06],
        "stdev": [0.0338956676424, 0.496261626482, 1.93940341473, 8.18452167511, 11.3183746338, 22.825345993, 35.7788734436, 45.7338981628, 41.0691337585, 39.6655082703, 93.1441268921, 43.1964607239, 54.8917350769, 172.376495361, 121.836242676, 48.3835983276, 45.5656318665, 120.479179382, 66.1572875977, 42.3756141663, 41.4622268677, 40.2605133057, 23.7041378021, 20.0486240387, 22.8324012756, 19.7375545502, 29.1507740021, 20.6642971039, 20.4724063873, 16.056596756, 13.794342041, 7.75823116302, 3.33392977715, 2.21420836449, 0.193947672844, 0.00484423432499, 0.000397555733798, 9.75295552053e-05, 2.34174040088e-05, 1.73367989191e-05]
    },
    "gfcc": {
        "mean": [-21.907951355, 121.046340942, -161.749160767, 51.1807136536, -89.3259048462, 4.83917808533, -43.1911315918, -13.5928058624, -14.3707742691, -22.1541137695, -2.68976926804, -22.9267845154, 4.13837337494],
        "cov": [[1366.36096191, -372.42980957, -400.372894287, 48.6582374573, -143.415878296, 56.9934425354, 171.895187378, -61.4673118591, 50.3469963074, -38.9960403442, -2.55000042915, -65.071647644, -83.1824035645], [-372.42980957, 555.025939941, 78.8321762085, -95.6292266846, 197.961959839, -53.3014183044, 45.440246582, 46.0336227417, 23.4080753326, 27.8924751282, 58.6832771301, -10.3651037216, 56.3984107971], [-400.372894287, 78.8321762085, 556.202758789, 243.202072144, 43.4873695374, 21.053653717, -114.797172546, 68.3392715454, 20.2291069031, 39.3949890137, -1.71975243092, 43.1361351013, 35.9051208496], [48.6582374573, -95.6292266846, 243.202072144, 425.938781738, 56.3348999023, -64.8921051025, -46.7667427063, 40.8695030212, 62.4308433533, 21.751750946, -24.1818084717, 36.8142929077, 20.0859279633], [-143.415878296, 197.961959839, 43.4873695374, 56.3348999023, 215.44631958, 33.7479400635, 38.1479911804, 62.0608253479, 35.9037628174, 34.4942169189, 22.4101371765, 5.12575149536, 27.1161975861], [56.9934425354, -53.3014183044, 21.053653717, -64.8921051025, 33.7479400635, 270.031219482, 95.1158447266, 19.8805522919, -14.4156246185, 14.6915273666, 2.75461435318, -21.2606678009, -45.5182418823], [171.895187378, 45.440246582, -114.797172546, -46.7667427063, 38.1479911804, 95.1158447266, 177.773452759, 17.8611431122, -0.4706171453, 1.67791032791, 7.18725299835, -25.5597496033, -24.1072540283], [-61.4673118591, 46.0336227417, 68.3392715454, 40.8695030212, 62.0608253479, 19.8805522919, 17.8611431122, 124.692893982, 62.0459823608, 34.8431968689, 6.36949920654, 7.50992059708, 14.7510995865], [50.3469963074, 23.4080753326, 20.2291069031, 62.4308433533, 35.9037628174, -14.4156246185, -0.4706171453, 62.0459823608, 102.627586365, 46.3955001831, 12.9661960602, 16.5676631927, 12.7827339172], [-38.9960403442, 27.8924751282, 39.3949890137, 21.751750946, 34.4942169189, 14.6915273666, 1.67791032791, 34.8431968689, 46.3955001831, 85.374382019, 36.3226852417, 9.37277889252, 9.60098552704], [-2.55000042915, 58.6832771301, -1.71975243092, -24.1818084717, 22.4101371765, 2.75461435318, 7.18725299835, 6.36949920654, 12.9661960602, 36.3226852417, 78.5326538086, 35.3193740845, 11.7536945343], [-65.071647644, -10.3651037216, 43.1361351013, 36.8142929077, 5.12575149536, -21.2606678009, -25.5597496033, 7.50992059708, 16.5676631927, 9.37277889252, 35.3193740845, 91.8229675293, 47.8338623047], [-83.1824035645, 56.3984107971, 35.9051208496, 20.0859279633, 27.1161975861, -45.5182418823, -24.1072540283, 14.7510995865, 12.7827339172, 9.60098552704, 11.7536945343, 47.8338623047, 79.8130264282]],
        "icov": [[0.00193753140047, 0.00130510958843, 0.000872971722856, -0.000913320633117, 0.000669452070724, -0.000238129374338, -0.00167354755104, 0.00111452036072, -0.00275523797609, 0.00222916086204, -0.00298797595315, 0.00290733203292, -0.00126979197375], [0.00130510958843, 0.00764838280156, -0.00328420009464, 0.00381997507066, -0.00603912584484, 0.00410831393674, -0.00495803169906, 0.00308041274548, -0.00494669005275, 0.00427252147347, -0.00619424786419, 0.00625191815197, -0.00375679973513], [0.000872971722856, -0.00328420009464, 0.00627182750031, -0.00505713187158, 0.00420510722324, -0.00416794326156, 0.00420035840943, -0.0030786911957, 0.00280350469984, -0.00161422847304, 0.000618551799562, -0.00101680785883, -2.2746349714e-05], [-0.000913320633117, 0.00381997507066, -0.00505713187158, 0.00771536119282, -0.00576690677553, 0.00462294137105, -0.00291301868856, 0.00227450975217, -0.00316647440195, 0.000414838112192, 0.00163539603818, -0.0010750091169, 0.000838404579554], [0.000669452070724, -0.00603912584484, 0.00420510722324, -0.00576690677553, 0.013000017032, -0.00520367408171, 0.00226218462922, -0.00411479314789, 0.0020462970715, -0.00203013513237, 0.000476068991702, -0.00052694126498, -0.00125372700859], [-0.000238129374338, 0.00410831393674, -0.00416794326156, 0.00462294137105, -0.00520367408171, 0.00904836133122, -0.0057738260366, 0.00120826787315, -0.000576191872824, -0.000438178889453, -0.000201180446311, -0.000144401012221, 0.00278254062869], [-0.00167354755104, -0.00495803169906, 0.00420035840943, -0.00291301868856, 0.00226218462922, -0.0057738260366, 0.0133222881705, -0.00448084063828, 0.00505904806778, -0.00259000132792, 0.00284913484938, -0.00280776550062, 0.00215795682743], [0.00111452036072, 0.00308041274548, -0.0030786911957, 0.00227450975217, -0.00411479314789, 0.00120826787315, -0.00448084063828, 0.0159993544221, -0.0110080484301, 0.00195700372569, -0.00162317790091, 0.00346002029255, -0.00273293512873], [-0.00275523797609, -0.00494669005275, 0.00280350469984, -0.00316647440195, 0.0020462970715, -0.000576191872824, 0.00505904806778, -0.0110080484301, 0.0252961069345, -0.0130529329181, 0.00783458352089, -0.00909429136664, 0.00451382994652], [0.00222916086204, 0.00427252147347, -0.00161422847304, 0.000414838112192, -0.00203013513237, -0.000438178889453, -0.00259000132792, 0.00195700372569, -0.0130529329181, 0.0254682730883, -0.0159177649766, 0.0106925992295, -0.0058155329898], [-0.00298797595315, -0.00619424786419, 0.000618551799562, 0.00163539603818, 0.000476068991702, -0.000201180446311, 0.00284913484938, -0.00162317790091, 0.00783458352089, -0.0159177649766, 0.0309348218143, -0.0193776618689, 0.00917509105057], [0.00290733203292, 0.00625191815197, -0.00101680785883, -0.0010750091169, -0.00052694126498, -0.000144401012221, -0.00280776550062, 0.00346002029255, -0.00909429136664, 0.0106925992295, -0.0193776618689, 0.030521851033, -0.0173191968352], [-0.00126979197375, -0.00375679973513, -2.2746349714e-05, 0.000838404579554, -0.00125372700859, 0.00278254062869, 0.00215795682743, -0.00273293512873, 0.00451382994652, -0.0058155329898, 0.00917509105057, -0.0173191968352, 0.0258348472416]]
    },
    "melbands": {
        "max": [0.00337036373094, 0.00623542023823, 0.0137785952538, 0.0135102486238, 0.00989902205765, 0.0105206258595, 0.00854904577136, 0.00415039947256, 0.00974167510867, 0.00328835519031, 0.00341041083448, 0.00534532498568, 0.00502071389928, 0.00281903101131, 0.00103975960519, 0.00142825650983, 0.00532726570964, 0.0014804439852, 0.00120020110626, 0.000690479180776, 0.000556401733775, 0.000466295983642, 0.000251712597674, 0.000523596187122, 0.000258960324572, 0.000232659978792, 0.000150096471771, 0.000129569642013, 0.000271931610769, 0.00016009475803, 0.000178638816578, 0.000167551377672, 0.000123869496747, 0.000116993767733, 0.000142659759149, 7.22928161849e-05, 6.22944207862e-05, 3.89584638469e-05, 5.72929020564e-05, 3.6904533772e-05],
        "mean": [0.000162445459864, 0.000459452305222, 0.000885335321072, 0.000864693894982, 0.000629949267022, 0.000500181282405, 0.000352658040356, 0.000296933780191, 0.000304635526845, 0.000141177370097, 0.00012969483214, 0.000242786220042, 0.00018596604059, 8.19541091914e-05, 4.71318089694e-05, 4.90251513838e-05, 8.64677494974e-05, 4.67486715934e-05, 3.47842251358e-05, 2.38255561271e-05, 2.88741139229e-05, 2.64554819296e-05, 1.51804506459e-05, 1.31915530801e-05, 1.07418436528e-05, 1.07094228952e-05, 9.74084468908e-06, 8.59429655975e-06, 9.96099788608e-06, 7.1487797868e-06, 5.64933361602e-06, 5.16350064572e-06, 3.29286581291e-06, 2.95633003589e-06, 2.69133670372e-06, 1.90745390682e-06, 1.30938667553e-06, 7.86092016369e-07, 5.34158175469e-07, 2.59834337157e-07],
        "min": [2.60513019157e-07, 2.09336008083e-06, 5.07127788296e-06, 6.34473371974e-06, 4.20344122176e-06, 4.14958913098e-06, 4.3034524424e-06, 1.58713248766e-06, 9.28878193918e-07, 7.87729447893e-07, 4.47205565024e-07, 5.53741529075e-07, 4.31805716516e-07, 6.40814562303e-07, 9.60135722039e-08, 2.87193955728e-07, 2.14216584027e-07, 3.22498550531e-07, 1.14206457624e-07, 2.12729318605e-07, 6.68765380851e-08, 3.27457087224e-07, 2.62614577196e-07, 1.55446983285e-07, 9.04803698631e-08, 8.55217905382e-08, 9.27743428747e-08, 2.74259690514e-08, 2.35612773736e-08, 2.60535006902e-08, 3.45721602457e-08, 9.89448167843e-09, 4.82597339868e-09, 1.16801608385e-08, 9.61011448197e-09, 1.09625286626e-08, 4.02822264434e-09, 4.26313384594e-09, 7.06428249231e-09, 3.30500071755e-09],
        "stdev": [0.00041639036499, 0.000827351934277, 0.00134400720708, 0.00113082793541, 0.00105049496051, 0.000936951837502, 0.000585450732615, 0.000467494799523, 0.000717288407031, 0.000264984642854, 0.000288212002488, 0.000651830167044, 0.000478207221022, 0.000206364842597, 8.70480871527e-05, 0.000108909247501, 0.000267576222541, 0.00010964860121, 7.67743185861e-05, 4.79640148114e-05, 5.70942393097e-05, 5.05772404722e-05, 2.39869168581e-05, 2.53803918895e-05, 1.74867782334e-05, 1.84993277799e-05, 1.49644938574e-05, 1.38815503306e-05, 2.18798904825e-05, 1.34406354846e-05, 1.27318189698e-05, 1.25765964185e-05, 9.38411540119e-06, 8.685577086e-06, 8.74226861924e-06, 6.22625657343e-06, 4.2191159082e-06, 2.56153225564e-06, 2.58607701653e-06, 1.78607319867e-06]
    },
    "melbands128": {
        "max": [0.000186030811165, 0.00183882750571, 0.00507335783914, 0.00920509081334, 0.00833461526781, 0.0124828703701, 0.0214187465608, 0.0172333177179, 0.019983459264, 0.0162554439157, 0.0179224871099, 0.0092735979706, 0.0154496636242, 0.00938818603754, 0.0164429098368, 0.00957138556987, 0.00955033861101, 0.0141280377284, 0.00755360536277, 0.00546610495076, 0.00878086406738, 0.0159720797092, 0.0184438433498, 0.0069231884554, 0.00473041366786, 0.00469743832946, 0.00297424336895, 0.004903097637, 0.00787931028754, 0.00451652519405, 0.0113086476922, 0.010381010361, 0.00573071837425, 0.0099433939904, 0.00661966018379, 0.0034702362027, 0.00231367559172, 0.000860233732965, 0.00295308697969, 0.00202796375379, 0.00276704132557, 0.000994615256786, 0.00862860959023, 0.00588402478024, 0.00210886797868, 0.00240914802998, 0.0025682921987, 0.000809931021649, 0.0029991872143, 0.00106891978066, 0.00152848102152, 0.00102316704579, 0.000601645908318, 0.00125712784939, 0.00170276488643, 0.000939610181376, 0.000935759686399, 0.000654079078231, 0.00021836036467, 0.000367513595847, 0.000749481027015, 0.000835537677631, 0.000338134472258, 0.000411025219364, 0.000178654852789, 0.000295578385703, 0.000636259966996, 0.000204353549634, 0.000328564055962, 0.000225379655603, 0.00016678776592, 0.000204795927857, 0.000670392008033, 0.000497478584293, 0.000304674176732, 0.000260177475866, 0.000295507314149, 0.000267186464043, 0.000257401581621, 0.000205101838219, 0.000179010530701, 0.000270075106528, 0.000123381367302, 0.000113120338938, 0.000250755518209, 0.000106839645014, 0.000126202241518, 0.000115878356155, 0.000215891312109, 0.000183438707609, 0.000104857448605, 9.91300912574e-05, 9.55192008405e-05, 8.15401581349e-05, 5.5255699408e-05, 4.81021197629e-05, 3.98826305172e-05, 2.62523881247e-05, 4.58408430859e-05, 0.000123266800074, 4.52993845101e-05, 4.95414060424e-05, 3.40604965459e-05, 3.83170345231e-06, 5.94764841821e-08, 4.73326693395e-08, 4.33682600942e-08, 4.022845701e-08, 3.76044511086e-08, 3.53457245694e-08, 3.33693428445e-08, 3.16266053346e-08, 3.00660687458e-08, 2.86512946701e-08, 2.73729447997e-08, 2.6290045696e-08, 2.52209737539e-08, 2.43069013806e-08, 2.34840715763e-08, 2.27316814261e-08, 2.20731095624e-08, 2.15020321548e-08, 2.09788666439e-08, 2.05570742651e-08, 2.02103720426e-08, 1.99216696473e-08, 1.9720252098e-08, 1.95944949155e-08],
        "mean": [6.12441044723e-06, 6.35792530375e-05, 0.000228113101912, 0.000350680667907, 0.000382744154194, 0.000535217288416, 0.000966313469689, 0.000990572618321, 0.000773287436459, 0.000934946874622, 0.000914832926355, 0.000598758284468, 0.000676266441587, 0.0004531685845, 0.000605343608186, 0.000455222761957, 0.000323663785821, 0.00032937983633, 0.000416753377067, 0.00025011235266, 0.00025913133868, 0.000353009527316, 0.000351803639205, 0.00022272800561, 0.00011319375335, 0.000145380137837, 9.6920375654e-05, 0.000135436275741, 0.000154902270879, 0.000104387887404, 0.000361640879419, 0.000370182737242, 9.90009502857e-05, 0.000147822676809, 7.74420623202e-05, 7.09899541107e-05, 6.77705975249e-05, 4.70813392894e-05, 3.32875933964e-05, 4.21231670771e-05, 6.55199110042e-05, 3.42120656569e-05, 9.65445724432e-05, 0.000120956545288, 3.7983430957e-05, 3.89151064155e-05, 4.6821522119e-05, 3.7544486986e-05, 3.11903277179e-05, 1.71969350049e-05, 2.54947226495e-05, 2.84432135231e-05, 1.87902551261e-05, 3.40351034538e-05, 4.05093051086e-05, 2.15607124119e-05, 2.06929871638e-05, 1.56958631123e-05, 1.22532810565e-05, 1.62459818966e-05, 1.29859963636e-05, 1.14168051368e-05, 1.22716073747e-05, 1.05633898784e-05, 7.64191827329e-06, 1.09520633487e-05, 1.33308485601e-05, 9.36497235671e-06, 1.03686033981e-05, 7.57778934712e-06, 7.31629188522e-06, 9.38990706345e-06, 1.14266103992e-05, 9.94552556222e-06, 8.77604998095e-06, 7.86147302279e-06, 6.26927203484e-06, 4.99810494148e-06, 5.9218732531e-06, 5.77532136958e-06, 5.57721568839e-06, 5.11139387527e-06, 3.60148487744e-06, 3.00863825942e-06, 3.17842409459e-06, 2.84263455796e-06, 3.01691784443e-06, 2.8588076475e-06, 2.82127257378e-06, 2.48980495599e-06, 2.0267052605e-06, 1.7754430246e-06, 1.64337700426e-06, 1.30994885694e-06, 1.1309580259e-06, 9.37018796776e-07, 7.14229827281e-07, 5.35832782589e-07, 5.86285807458e-07, 5.72826763801e-07, 2.65565319069e-07, 2.64783096782e-07, 1.42927433444e-07, 2.98610025595e-08, 1.89775772874e-09, 4.68590305447e-11, 4.20035499438e-11, 3.81252807102e-11, 3.56846947824e-11, 3.36906336162e-11, 3.19347465139e-11, 3.03389154077e-11, 2.89313070029e-11, 2.76277282302e-11, 2.64529179811e-11, 2.54470403083e-11, 2.44438219665e-11, 2.35889276862e-11, 2.28326368229e-11, 2.21342961321e-11, 2.15136398279e-11, 2.09815984031e-11, 2.05041227053e-11, 2.01064546956e-11, 1.9751740174e-11, 1.94343204724e-11, 1.92223025691e-11, 1.9100858048e-11],
        "min": [1.12333298219e-09, 1.18267031723e-08, 3.82205627147e-08, 3.6439246287e-07, 7.73542296884e-08, 3.82189568882e-07, 8.45305578423e-07, 1.21648008644e-06, 1.37422512125e-06, 9.49306695475e-07, 6.55401322547e-07, 8.71393581292e-07, 1.33457342599e-06, 1.19415176414e-06, 1.12964335131e-06, 9.66203856478e-07, 6.03957914791e-07, 9.87966473076e-07, 5.33575132522e-07, 4.86273393108e-07, 6.07391598351e-07, 4.60675522618e-07, 2.2867331495e-07, 1.26128213651e-07, 7.25906303956e-08, 1.98883469693e-07, 8.68764544748e-08, 1.25153263753e-07, 1.12679543918e-07, 2.14237104501e-07, 1.78787161076e-07, 8.82888500087e-08, 2.06694153349e-07, 1.03171032606e-07, 1.61914030627e-07, 1.66598368878e-07, 4.8599162028e-08, 1.86904607347e-08, 2.83300476411e-08, 1.52208301074e-07, 1.85824021059e-07, 6.30795966572e-08, 1.28673347533e-08, 5.4467939492e-08, 6.85171173131e-08, 9.70973559333e-08, 1.58631308977e-07, 4.33074447415e-08, 3.91362320329e-08, 3.81585074649e-08, 3.14037862381e-08, 3.53743523362e-08, 7.95452947955e-08, 1.25030972242e-08, 3.03564213766e-08, 5.66574449579e-08, 1.15684862578e-07, 5.69162992292e-08, 8.20386816258e-08, 1.88861292827e-07, 6.34706722735e-08, 3.7731766156e-08, 3.79358944258e-08, 5.05602386625e-08, 6.75152307394e-08, 3.53339437709e-08, 2.99597431308e-08, 8.08119011708e-08, 7.36289678116e-08, 1.22068755104e-08, 1.12498170779e-08, 1.81873733851e-08, 3.59311691511e-08, 1.2456576215e-08, 2.6676918452e-08, 3.1184796967e-08, 1.60001825122e-08, 1.4449052621e-08, 1.87273752061e-08, 1.61275810484e-08, 1.072371969e-08, 6.40804653784e-09, 7.35419858344e-09, 3.03971936511e-09, 3.29032401325e-09, 6.75736222533e-09, 1.406539063e-08, 9.90644899446e-09, 9.54563805777e-09, 6.64270283224e-09, 1.18794822868e-08, 1.27687815876e-08, 6.01910699061e-09, 3.66946673047e-09, 2.02642680414e-09, 4.83351891845e-09, 2.9317075434e-09, 5.41847855473e-09, 7.07271485823e-09, 5.61729596171e-09, 3.79102793602e-09, 2.2438459979e-09, 3.8995224827e-09, 2.51325099621e-10, 3.12641134769e-13, 1.29003266945e-13, 6.03115986515e-14, 4.7113995241e-14, 5.25657025774e-14, 5.04184638917e-14, 3.16781004911e-14, 4.64783952699e-14, 3.78206478993e-14, 4.54740581399e-14, 4.1859538161e-14, 4.085059656e-14, 3.98292747254e-14, 3.86944538639e-14, 3.86031030546e-14, 3.71950937389e-14, 3.10445469516e-14, 3.12930223726e-14, 4.03318905237e-14, 4.32104439035e-14, 3.37334767596e-14, 1.14326967625e-14, 1.34587531973e-15, 5.86160232913e-17],
        "stdev": [1.32926570586e-05, 0.00019473885186, 0.000632032344583, 0.000974207592662, 0.000907195964828, 0.00125698186457, 0.00190561800264, 0.00175256025977, 0.00126159458887, 0.00152478646487, 0.00166758254636, 0.000982920173556, 0.00167691451497, 0.00091536983382, 0.00146253081039, 0.00089036783902, 0.000770226237364, 0.000847698014695, 0.00074358319398, 0.000487537909066, 0.000635521311779, 0.00110804894939, 0.00102246261667, 0.000606815097854, 0.000292995653581, 0.000373949500499, 0.00026540964609, 0.000401434750529, 0.000529995944817, 0.00031148569542, 0.00120927474927, 0.00124441261869, 0.000366438762285, 0.000679884280544, 0.000330740120262, 0.000209306293982, 0.000173025560798, 0.0001021508142, 0.000147382757859, 0.00012959552987, 0.000167990976479, 7.92572027422e-05, 0.000386000407161, 0.00039886921877, 0.000126493119751, 0.000138539660838, 0.000183387339348, 7.64556170907e-05, 0.000128224055516, 5.56488739676e-05, 7.38927265047e-05, 7.06236896804e-05, 4.90117090521e-05, 9.6405230579e-05, 0.000117829527881, 5.52200763195e-05, 5.78569088248e-05, 3.49919391738e-05, 2.19664070755e-05, 3.19242026308e-05, 3.47290624632e-05, 3.86711908504e-05, 2.28140088439e-05, 2.4935525289e-05, 1.27096118376e-05, 2.647360634e-05, 3.20761500916e-05, 1.68832575582e-05, 2.44050679612e-05, 1.62628202816e-05, 1.51822514454e-05, 1.74796987267e-05, 3.92975816794e-05, 2.78282223007e-05, 2.08388428291e-05, 1.69656395883e-05, 1.52421280291e-05, 1.23419285956e-05, 1.57214017236e-05, 1.36485577968e-05, 1.36714679684e-05, 1.5398603864e-05, 1.00699553514e-05, 8.25191727927e-06, 1.20799468277e-05, 8.64701542014e-06, 8.96434630704e-06, 8.33433750813e-06, 1.04096243376e-05, 9.00454870134e-06, 6.78559808875e-06, 6.36217555439e-06, 6.19901857135e-06, 4.53656411992e-06, 3.54270946445e-06, 3.47016771229e-06, 2.36738605963e-06, 1.79773894615e-06, 2.44927582571e-06, 4.89317062602e-06, 1.9807184799e-06, 2.18175637201e-06, 1.12178213385e-06, 1.36143839313e-07, 2.71740674407e-09, 1.27016719365e-09, 1.16410969753e-09, 1.07989106546e-09, 1.00967623151e-09, 9.49224032709e-10, 8.96305307752e-10, 8.49617987075e-10, 8.07827527094e-10, 7.69939834111e-10, 7.3567735237e-10, 7.06649294635e-10, 6.77993217124e-10, 6.53467668865e-10, 6.31411700702e-10, 6.11237227499e-10, 5.93562032858e-10, 5.78241232674e-10, 5.6422233552e-10, 5.52910606189e-10, 5.43592948432e-10, 5.3584453541e-10, 5.30448407421e-10, 5.27073884538e-10]
    },
    "mfcc": {
        "mean": [-634.027038574, 116.078346252, -8.14278888702, 23.9022712708, -12.4760351181, 0.727028310299, -13.8363018036, -4.14534330368, -8.75750732422, -4.03911972046, -11.6014509201, -3.62437367439, -8.15503406525],
        "cov": [[1760.4206543, -548.555297852, -336.4012146, -84.8350143433, -296.802246094, 99.4813690186, 7.35633563995, 65.7665100098, -50.7754478455, 110.29360199, 11.6942977905, 36.1445465088, -89.9153060913], [-548.555297852, 702.556762695, -116.014923096, -57.982383728, 79.6042480469, -51.0968742371, 81.9951248169, -22.1980628967, 23.1986713409, 16.8155860901, 44.2556762695, -15.6205835342, 37.6757202148], [-336.4012146, -116.014923096, 497.667053223, 139.248397827, 130.32170105, 3.42204165459, -44.602809906, -4.26124811172, 26.6999549866, -30.7078914642, -22.3520183563, 26.9622440338, 39.6201934814], [-84.8350143433, -57.982383728, 139.248397827, 444.825042725, 128.988388062, -58.5807914734, -82.8005828857, -11.1906042099, 58.1815109253, -28.7535514832, -47.0881080627, 61.7370033264, 53.5328674316], [-296.802246094, 79.6042480469, 130.32170105, 128.988388062, 227.520629883, -7.74712276459, -17.5335330963, 0.419296443462, 53.3233642578, 3.40259480476, -2.57908511162, 39.0789337158, 69.7755279541], [99.4813690186, -51.0968742371, 3.42204165459, -58.5807914734, -7.74712276459, 154.210922241, 78.2417068481, 34.3197288513, 2.2881155014, 20.0248737335, 35.1986961365, -11.263048172, -8.99869537354], [7.35633563995, 81.9951248169, -44.602809906, -82.8005828857, -17.5335330963, 78.2417068481, 155.577529907, 44.3498840332, 7.08769655228, 30.6109313965, 38.6523399353, -10.5027446747, -12.4365901947], [65.7665100098, -22.1980628967, -4.26124811172, -11.1906042099, 0.419296443462, 34.3197288513, 44.3498840332, 94.9235458374, 32.8650131226, 9.01776123047, 20.6502494812, 3.67635846138, -8.21887588501], [-50.7754478455, 23.1986713409, 26.6999549866, 58.1815109253, 53.3233642578, 2.2881155014, 7.08769655228, 32.8650131226, 109.695800781, 38.9784469604, 8.31050014496, 22.845993042, 20.8248138428], [110.29360199, 16.8155860901, -30.7078914642, -28.7535514832, 3.40259480476, 20.0248737335, 30.6109313965, 9.01776123047, 38.9784469604, 105.792190552, 45.2753753662, 10.1365251541, 5.92743396759], [11.6942977905, 44.2556762695, -22.3520183563, -47.0881080627, -2.57908511162, 35.1986961365, 38.6523399353, 20.6502494812, 8.31050014496, 45.2753753662, 87.1198120117, 18.0353946686, 3.46407055855], [36.1445465088, -15.6205835342, 26.9622440338, 61.7370033264, 39.0789337158, -11.263048172, -10.5027446747, 3.67635846138, 22.845993042, 10.1365251541, 18.0353946686, 97.5272903442, 52.4737930298], [-89.9153060913, 37.6757202148, 39.6201934814, 53.5328674316, 69.7755279541, -8.99869537354, -12.4365901947, -8.21887588501, 20.8248138428, 5.92743396759, 3.46407055855, 52.4737930298, 101.205108643]],
        "icov": [[0.00153940136079, 0.000936123658903, 0.000959482393228, -0.000304675108055, 0.00120040611364, -0.000815597595647, 0.000442034070147, -0.00108122767415, 0.00110666942783, -0.00228224787861, 0.00119495962281, -0.00149903655984, 0.000513382197823], [0.000936123658903, 0.00286001781933, 0.00120116805192, 7.36737056286e-05, -0.000457387272036, 0.00135589134879, -0.00177795719355, 0.000671543704811, -0.000170107727172, -0.000350805406924, -0.00103312777355, 0.000453484390164, -0.000614474294707], [0.000959482393228, 0.00120116805192, 0.00329646188766, -0.000462696771137, -0.000800575886387, -0.00066762213828, 0.000306924368488, -0.000322086911183, 0.000384223007131, -0.000533521058969, 0.00042021975969, -0.000690971501172, 0.000159738439834], [-0.000304675108055, 7.36737056286e-05, -0.000462696771137, 0.00354821351357, -0.00155780022033, 0.000666945765261, 0.00066093885107, 0.000380559096811, -0.00158171076328, 0.00114032300189, 0.000907704117708, -0.00120809674263, 0.000105624196294], [0.00120040611364, -0.000457387272036, -0.000800575886387, -0.00155780022033, 0.00886918883771, -0.00160697835963, 0.00105746823829, -0.00105861225165, -0.000978811527602, -0.00188320560846, 0.00112801499199, -0.00105546868872, -0.00301921064965], [-0.000815597595647, 0.00135589134879, -0.00066762213828, 0.000666945765261, -0.00160697835963, 0.0113097513095, -0.00569327408448, 0.000257729407167, -0.000803674804047, 0.00197713868693, -0.00406906567514, 0.00302523979917, -0.00126565003302], [0.000442034070147, -0.00177795719355, 0.000306924368488, 0.00066093885107, 0.00105746823829, -0.00569327408448, 0.0123747503385, -0.00458683306351, 0.00134287774563, -0.00281207286753, 0.000755658722483, -0.00122515112162, 0.000995469512418], [-0.00108122767415, 0.000671543704811, -0.000322086911183, 0.000380559096811, -0.00105861225165, 0.000257729407167, -0.00458683306351, 0.016357133165, -0.0067527256906, 0.00513752736151, -0.00433079246432, 0.00105188635644, 0.000923112151213], [0.00110666942783, -0.000170107727172, 0.000384223007131, -0.00158171076328, -0.000978811527602, -0.000803674804047, 0.00134287774563, -0.0067527256906, 0.0160029958934, -0.00838455092162, 0.00384421437047, -0.00264115864411, 0.000388779764762], [-0.00228224787861, -0.000350805406924, -0.000533521058969, 0.00114032300189, -0.00188320560846, 0.00197713868693, -0.00281207286753, 0.00513752736151, -0.00838455092162, 0.0190679915249, -0.00958648044616, 0.00326472660527, -0.00150165520608], [0.00119495962281, -0.00103312777355, 0.00042021975969, 0.000907704117708, 0.00112801499199, -0.00406906567514, 0.000755658722483, -0.00433079246432, 0.00384421437047, -0.00958648044616, 0.0207508411258, -0.0067836032249, 0.00198067491874], [-0.00149903655984, 0.000453484390164, -0.000690971501172, -0.00120809674263, -0.00105546868872, 0.00302523979917, -0.00122515112162, 0.00105188635644, -0.00264115864411, 0.00326472660527, -0.0067836032249, 0.0186877306551, -0.0087644951418], [0.000513382197823, -0.000614474294707, 0.000159738439834, 0.000105624196294, -0.00301921064965, -0.00126565003302, 0.000995469512418, 0.000923112151213, 0.000388779764762, -0.00150165520608, 0.00198067491874, -0.0087644951418, 0.0170981809497]]
    },
    "spectral_contrast_coeffs": {
        "max": [-0.335550248623, -0.459117472172, -0.482555776834, -0.581791877747, -0.622877717018, -0.576288819313],
        "mean": [-0.63830280304, -0.724697351456, -0.732496976852, -0.765250861645, -0.782499015331, -0.727625787258],
        "min": [-0.940094709396, -0.932155609131, -0.904093265533, -0.929401397705, -0.882534503937, -0.860980808735],
        "stdev": [0.0816516056657, 0.0683430209756, 0.0699081420898, 0.0524428486824, 0.0398951768875, 0.0462073870003]
    },
    "spectral_contrast_valleys": {
        "max": [-5.56073999405, -4.83397817612, -5.56621074677, -6.09526538849, -5.9087896347, -7.90138244629],
        "mean": [-7.03150558472, -6.57835483551, -7.46243810654, -7.69933843613, -7.44761419296, -10.3660402298],
        "min": [-8.98991107941, -8.07606315613, -9.19479846954, -9.15663337708, -9.4228925705, -11.5748062134],
        "stdev": [0.548959553242, 0.524323582649, 0.568020880222, 0.530355751514, 0.559679627419, 0.548350036144]
    }
},
"rhythm": {
    "beats_count": 49,
    "beats_loudness": {
        "max": 0.0578307770193,
        "mean": 0.0281266700476,
        "min": 0.0045425305143,
        "stdev": 0.0130132650957
    },
    "bpm": 91.9869003296,
    "bpm_histogram_first_peak_bpm": 92,
    "bpm_histogram_first_peak_weight": 0.239130377769,
    "bpm_histogram_second_peak_bpm": 86,
    "bpm_histogram_second_peak_spread": 0,
    "bpm_histogram_second_peak_weight": 0.0416666679084,
    "danceability": 1.02715098858,
    "onset_rate": 2.46093726158,
    "beats_loudness_band_ratio": {
        "max": [0.871773064137, 0.693788528442, 0.576318383217, 0.763239562511, 0.343477457762, 0.28017321229],
        "mean": [0.362857848406, 0.207448601723, 0.180171892047, 0.143955528736, 0.0931693017483, 0.0672224536538],
        "min": [0.0229057706892, 0.00962226092815, 0.0126562677324, 0.00654659653082, 0.00487672490999, 0.00277424720116],
        "stdev": [0.249047085643, 0.149699941278, 0.141347751021, 0.182858064771, 0.092580832541, 0.0639793127775]
    },
    "beats_position": [0.638548731804, 1.28870749474, 1.95047616959, 2.61224484444, 3.29723358154, 3.98222208023, 4.67882061005, 5.3754196167, 6.04879808426, 6.71056699753, 7.38394546509, 8.03410434723, 8.67265319824, 9.31120204926, 9.96135997772, 10.6115188599, 11.2500677109, 11.900226593, 12.5619955063, 13.2121543884, 13.8623123169, 14.512471199, 15.15102005, 15.8011789322, 16.4513378143, 17.1014957428, 17.7516555786, 18.4134235382, 19.0635814667, 19.7137413025, 20.363899231, 21.0140590668, 21.6642169952, 22.3143768311, 22.9645347595, 23.614692688, 24.2532424927, 24.9034004211, 25.5419502258, 26.2037181854, 26.8538761139, 27.4924259186, 28.142583847, 28.7927436829, 29.4429016113, 30.0930614471, 30.7432193756, 31.3933773041, 32.0435371399],
