{
"metadata": {
    "version": {
        "essentia": "2.1-beta5",
        "essentia_git_sha": "Undefined",
        "extractor": "music 2.0"
    },
    "audio_properties": {
        "analysis": {
            "equal_loudness": 0,
            "length": 97.5005874634,
            "sample_rate": 44100,
            "start_time": 29.0017242432,
            "downmix": "mix"
        },
        "bit_rate": 192000,
        "length": 170.01651001,
        "lossless": 0,
        "number_channels": 2,
        "replay_gain": -8.03944015503,
        "sample_rate": 44100,
        "codec": "mp3",
        "md5_encoded": "0a85b360378d3ab2279a1def7da6524e"
    },
    "tags": {
        "file_name": "Germany_Aufrecht Geh_n_Mary Roos.mp3",
        "encoding": ["Lavf58.29.100"]
    }
},
"lowlevel": {
    "average_loudness": 0.847529649734,
    "barkbands_crest": {
        "max": 24.0519237518,
        "mean": 8.17601680756,
        "min": 2.69586873055,
        "stdev": 3.59087443352
    },
    "barkbands_flatness_db": {
        "max": 0.276269495487,
        "mean": 0.166493713856,
        "min": 0.0938751474023,
        "stdev": 0.0287479925901
    },
    "barkbands_kurtosis": {
        "max": 20.6688690186,
        "mean": 0.0269245859236,
        "min": -1.91787290573,
        "stdev": 1.88229966164
    },
    "barkbands_skewness": {
        "max": 4.30636072159,
        "mean": 0.508532881737,
        "min": -2.4039683342,
        "stdev": 0.759343802929
    },
    "barkbands_spread": {
        "max": 68.37084198,
        "mean": 21.5522861481,
        "min": 3.41011929512,
        "stdev": 8.12832260132
    },
    "dissonance": {
        "max": 0.500000059605,
        "mean": 0.473910748959,
        "min": 0.354369491339,
        "stdev": 0.0174531042576
    },
    "dynamic_complexity": 3.81290030479,
    "erbbands_crest": {
        "max": 28.1693325043,
        "mean": 9.19148540497,
        "min": 2.82667684555,
        "stdev": 4.20943975449
    },
    "erbbands_flatness_db": {
        "max": 0.361321628094,
        "mean": 0.236497044563,
        "min": 0.137798413634,
        "stdev": 0.0368286781013
    },
    "erbbands_kurtosis": {
        "max": 11.2340011597,
        "mean": -0.113086350262,
        "min": -1.84262871742,
        "stdev": 1.20237135887
    },
    "erbbands_skewness": {
        "max": 2.55352544785,
        "mean": -0.212007716298,
        "min": -3.2394285202,
        "stdev": 0.607139647007
    },
    "erbbands_spread": {
        "max": 81.0515594482,
        "mean": 28.7605056763,
        "min": 4.08513784409,
        "stdev": 11.6469392776
    },
    "hfc": {
        "max": 84.7610015869,
        "mean": 16.8662948608,
        "min": 0.235062539577,
        "stdev": 17.0356616974
    },
    "loudness_ebu128": {
        "integrated": -17.9602108002,
        "loudness_range": 7.29810714722,
        "momentary": {
            "max": -12.5380048752,
            "mean": -19.3233795166,
            "min": -31.6309680939,
            "stdev": 3.63874077797
        },
        "short_term": {
            "max": -14.8146791458,
            "mean": -18.7647399902,
            "min": -24.9519443512,
            "stdev": 2.62318253517
        }
    },
    "melbands_crest": {
        "max": 29.0820388794,
        "mean": 10.8545246124,
        "min": 3.17063498497,
        "stdev": 4.61048746109
    },
    "melbands_flatness_db": {
        "max": 0.310480237007,
        "mean": 0.163704171777,
        "min": 0.0558140128851,
        "stdev": 0.0377446338534
    },
    "melbands_kurtosis": {
        "max": 55.8154335022,
        "mean": 2.57641816139,
        "min": -1.78616702557,
        "stdev": 4.7951631546
    },
    "melbands_skewness": {
        "max": 6.66793012619,
        "mean": 1.29117357731,
        "min": -1.26109588146,
        "stdev": 0.978965997696
    },
    "melbands_spread": {
        "max": 131.521499634,
        "mean": 33.4768218994,
        "min": 4.45361471176,
        "stdev": 14.460395813
    },
    "pitch_salience": {
        "max": 0.852484285831,
        "mean": 0.600859820843,
        "min": 0.212753251195,
        "stdev": 0.0913942754269
    },
    "silence_rate_20dB": {
        "max": 1,
        "mean": 1,
        "min": 1,
        "stdev": 0
    },
    "silence_rate_30dB": {
        "max": 1,
        "mean": 1,
        "min": 1,
        "stdev": 0
    },
    "silence_rate_60dB": {
        "max": 1,
        "mean": 0.164285719395,
        "min": 0,
        "stdev": 0.370529145002
    },
    "spectral_centroid": {
        "max": 3848.37036133,
        "mean": 1764.93994141,
        "min": 416.264221191,
        "stdev": 499.003845215
    },
    "spectral_complexity": {
        "max": 49,
        "mean": 18.8354759216,
        "min": 0,
        "stdev": 9.72326850891
    },
    "spectral_decrease": {
        "max": -4.30583901867e-11,
        "mean": -2.99582292307e-09,
        "min": -1.64721338791e-08,
        "stdev": 2.50342746533e-09
    },
    "spectral_energy": {
        "max": 0.0679824575782,
        "mean": 0.0128367552534,
        "min": 0.000183833035408,
        "stdev": 0.0108867166564
    },
    "spectral_energyband_high": {
        "max": 0.00420013070107,
        "mean": 0.000271273223916,
        "min": 2.15685804505e-06,
        "stdev": 0.000368144945242
    },
    "spectral_energyband_low": {
        "max": 0.0102694323286,
        "mean": 0.000609664595686,
        "min": 3.39792563864e-06,
        "stdev": 0.000986945582554
    },
    "spectral_energyband_middle_high": {
        "max": 0.0654955282807,
        "mean": 0.0073001566343,
        "min": 9.23587867874e-05,
        "stdev": 0.00882795918733
    },
    "spectral_energyband_middle_low": {
        "max": 0.040911141783,
        "mean": 0.00498430430889,
        "min": 6.28525594948e-05,
        "stdev": 0.00448970869184
    },
    "spectral_entropy": {
        "max": 8.29075241089,
        "mean": 7.44289827347,
        "min": 6.24470376968,
        "stdev": 0.282617032528
    },
    "spectral_flux": {
        "max": 0.20754866302,
        "mean": 0.0627883300185,
        "min": 0.00699851009995,
        "stdev": 0.0339901596308
    },
    "spectral_kurtosis": {
        "max": 21.3564033508,
        "mean": 4.45580387115,
        "min": -1.0061686039,
        "stdev": 3.23025798798
    },
    "spectral_rms": {
        "max": 0.00814397633076,
        "mean": 0.00321622379124,
        "min": 0.000423496530857,
        "stdev": 0.00147632870357
    },
    "spectral_rolloff": {
        "max": 6826.02539062,
        "mean": 2150.87158203,
        "min": 193.798828125,
        "stdev": 846.019592285
    },
    "spectral_skewness": {
        "max": 3.85822796822,
        "mean": 1.08985543251,
        "min": -0.1502430439,
        "stdev": 0.370407700539
    },
    "spectral_spread": {
        "max": 6529868.5,
        "mean": 2676546.5,
        "min": 1623417.25,
        "stdev": 623568.375
    },
    "spectral_strongpeak": {
        "max": 13.2093343735,
        "mean": 1.42168009281,
        "min": 0.0133687471971,
        "stdev": 1.7732745409
    },
    "zerocrossingrate": {
        "max": 0.19091796875,
        "mean": 0.0704131796956,
        "min": 0.0185546875,
        "stdev": 0.02077518031
    },
    "barkbands": {
        "max": [0.000190366132301, 0.00325515773147, 0.00614029541612, 0.00981497112662, 0.0154694505036, 0.025116160512, 0.0223763622344, 0.0136467497796, 0.0362321920693, 0.0570673272014, 0.0479725822806, 0.0357645153999, 0.0242301151156, 0.0234623216093, 0.0332581624389, 0.0227766204625, 0.0125703606755, 0.0117801781744, 0.0086380885914, 0.00504682725295, 0.00186352303717, 0.000791052705608, 0.000462133641122, 0.00012481061276, 1.28831170514e-05, 9.08022627755e-07, 9.77838453764e-07],
        "mean": [7.97414122644e-06, 0.000127517443616, 0.000263132882537, 0.000449131039204, 0.000736983784009, 0.00121477188077, 0.000861976412125, 0.00043389617349, 0.00106323591899, 0.0011136024259, 0.000716016918886, 0.000640235084575, 0.000632932933513, 0.000643064442556, 0.000758754555136, 0.00106128538027, 0.000606943212915, 0.000726958387531, 0.000322860170854, 0.000299360253848, 7.34232016839e-05, 4.60494884464e-05, 2.8007563742e-05, 8.08560889709e-06, 5.75441788442e-07, 6.44028885777e-10, 6.90665469261e-10],
        "min": [1.15004472612e-09, 3.68878318113e-07, 2.6871654768e-07, 1.3593329129e-07, 5.08798439114e-06, 5.15982583238e-06, 3.64650622942e-06, 5.31393197889e-07, 2.16760099647e-06, 8.58367002365e-07, 1.49192487697e-06, 8.42530312184e-07, 2.08501160159e-06, 3.07164714286e-06, 2.04288107852e-06, 2.26944507631e-06, 2.03073000193e-06, 2.29097463489e-06, 1.26531108435e-06, 1.41450345836e-06, 1.53861179797e-07, 2.44668889593e-08, 1.37107134535e-08, 4.70471661629e-09, 8.33499796959e-11, 1.60966396462e-11, 2.50967996385e-11],
        "stdev": [1.50838959598e-05, 0.000264923932264, 0.000489151396323, 0.000842840119731, 0.00101471773814, 0.00223512249067, 0.00160782632884, 0.000829120748676, 0.00227280659601, 0.00310023804195, 0.0020170728676, 0.00177693914156, 0.0015284762485, 0.00163308414631, 0.00182859878987, 0.0020849830471, 0.00115465780254, 0.00127624638844, 0.000522901013028, 0.000497287139297, 0.000115736402222, 6.57989585306e-05, 4.04375605285e-05, 1.06601537482e-05, 8.23351911095e-07, 1.40320786102e-08, 1.51099719403e-08]
    },
    "erbbands": {
        "max": [0.0348381139338, 0.91475635767, 5.78365898132, 19.9121551514, 42.7588844299, 49.5292015076, 118.273483276, 230.082778931, 398.390716553, 326.262969971, 414.142364502, 426.620025635, 1539.63122559, 1073.96154785, 1266.36730957, 1788.40270996, 1144.18603516, 1227.90270996, 2146.47460938, 1808.98583984, 1469.64257812, 869.457763672, 746.965026855, 523.720031738, 274.445495605, 284.661743164, 112.571685791, 74.7938842773, 29.1819877625, 26.9172821045, 14.2101974487, 4.3494515419, 1.93137919903, 0.292507231236, 0.0123628601432, 0.00365155679174, 0.0017024044646, 0.000610804650933, 0.0001538314973, 8.09438643046e-05],
        "mean": [0.00191070581786, 0.0377011559904, 0.258482128382, 0.977467000484, 1.73634338379, 2.88330364227, 4.59453630447, 11.6512622833, 12.9769573212, 11.278547287, 11.1991987228, 21.2558689117, 33.3118591309, 32.9393882751, 29.6589832306, 25.5591068268, 29.7165660858, 29.0673904419, 35.9366722107, 52.6432914734, 53.2031364441, 38.0031166077, 37.4936294556, 26.695022583, 16.6715564728, 13.8990573883, 4.63129329681, 2.28939270973, 1.65903317928, 1.32296180725, 0.695911347866, 0.267870992422, 0.0860394090414, 0.0145661430433, 0.000892294978257, 5.27890260855e-05, 1.36843018481e-05, 4.94871210321e-06, 8.4678422354e-06, 1.63986424013e-05],
        "min": [1.065932247e-05, 0.000130997985252, 0.000893464079127, 0.00409454014152, 0.0139093669131, 0.0129615068436, 0.029672972858, 0.0469653755426, 0.0650106966496, 0.0598003230989, 0.0625968575478, 0.0666053444147, 0.0754165649414, 0.0795616656542, 0.0911385118961, 0.187417924404, 0.144881010056, 0.150011658669, 0.261585593224, 0.21673707664, 0.150009945035, 0.152348563075, 0.139079228044, 0.103062860668, 0.0621240623295, 0.0604335144162, 0.0219218879938, 0.00926387216896, 0.00141657982022, 0.000812609039713, 0.000392927293433, 0.000215373525862, 9.98791729216e-05, 1.20695740407e-05, 2.84042994281e-06, 9.7974793789e-07, 3.84377301543e-07, 1.04938827405e-07, 1.45404442264e-07, 2.3938355298e-07],
        "stdev": [0.00311734620482, 0.0772106349468, 0.454798966646, 1.79150533676, 2.56077861786, 4.10655403137, 9.18757534027, 21.8049812317, 24.4798736572, 20.0317726135, 20.60414505, 39.5248260498, 86.5701293945, 81.4356079102, 71.5026626587, 70.1740112305, 68.8709106445, 68.8305206299, 96.8429260254, 119.72644043, 104.512268066, 68.1242294312, 63.3855476379, 43.6768836975, 24.1877384186, 22.8610534668, 7.40941810608, 3.3800573349, 2.31746244431, 2.04610824585, 1.01092350483, 0.356100052595, 0.120879642665, 0.0191021375358, 0.00101902114693, 7.24838246242e-05, 2.83409044641e-05, 1.03533948277e-05, 7.63765274314e-06, 1.41121081469e-05]
    },
    "gfcc": {
        "mean": [-69.431388855, 133.2290802, -197.312362671, 45.1161155701, -69.805267334, -5.53863954544, -32.2462310791, -15.0956916809, -4.65439081192, -26.5721073151, 3.84856438637, -20.316488266, 1.24344038963],
        "cov": [[2587.8515625, -481.270355225, -572.817810059, -87.0770492554, -71.7740936279, -91.6171798706, 110.097816467, 113.36769104, 136.557418823, -128.002044678, 16.9840202332, 39.3960723877, -16.8890476227], [-481.270355225, 443.994689941, 176.940505981, -45.31690979, 148.41645813, -28.7246227264, 17.787279129, -21.6700572968, -22.9182510376, 13.8498182297, 7.7605214119, -22.6507949829, -1.86311113834], [-572.817810059, 176.940505981, 450.369506836, 213.215408325, -23.824174881, 110.741615295, -92.6192703247, -36.3612098694, -15.812163353, 18.9787769318, -33.1085166931, -19.2548427582, -6.36870527267], [-87.0770492554, -45.31690979, 213.215408325, 274.992034912, -14.8939809799, 60.3500518799, -47.8276939392, -16.881072998, 27.9240169525, 2.85877561569, -51.7941932678, -5.10576343536, -16.8911132812], [-71.7740936279, 148.41645813, -23.824174881, -14.8939809799, 187.155059814, -2.93276429176, 42.8983001709, 34.7017364502, -3.42341518402, 3.23883795738, 6.34276819229, -14.0405006409, 3.08146691322], [-91.6171798706, -28.7246227264, 110.741615295, 60.3500518799, -2.93276429176, 227.799041748, 64.8391418457, -8.1529417038, -52.4681739807, 27.5932941437, -11.6059789658, -43.8024940491, -14.828871727], [110.097816467, 17.787279129, -92.6192703247, -47.8276939392, 42.8983001709, 64.8391418457, 172.676635742, 16.3298816681, -27.2951412201, 21.7009983063, 13.0168418884, -19.5756893158, -15.9509763718], [113.36769104, -21.6700572968, -36.3612098694, -16.881072998, 34.7017364502, -8.1529417038, 16.3298816681, 115.042884827, 48.831451416, -7.36145114899, 8.39504718781, 3.99930787086, 18.3269004822], [136.557418823, -22.9182510376, -15.812163353, 27.9240169525, -3.42341518402, -52.4681739807, -27.2951412201, 48.831451416, 119.936431885, 1.19408428669, -10.0517578125, 34.5290145874, 2.96250772476], [-128.002044678, 13.8498182297, 18.9787769318, 2.85877561569, 3.23883795738, 27.5932941437, 21.7009983063, -7.36145114899, 1.19408428669, 68.8879699707, 22.0868968964, -9.86363601685, -0.0283948946744], [16.9840202332, 7.7605214119, -33.1085166931, -51.7941932678, 6.34276819229, -11.6059789658, 13.0168418884, 8.39504718781, -10.0517578125, 22.0868968964, 81.3200302124, 25.6986923218, 4.36163711548], [39.3960723877, -22.6507949829, -19.2548427582, -5.10576343536, -14.0405006409, -43.8024940491, -19.5756893158, 3.99930787086, 34.5290145874, -9.86363601685, 25.6986923218, 79.2808761597, 22.2531681061], [-16.8890476227, -1.86311113834, -6.36870527267, -16.8911132812, 3.08146691322, -14.828871727, -15.9509763718, 18.3269004822, 2.96250772476, -0.0283948946744, 4.36163711548, 22.2531681061, 56.6543540955]],
        "icov": [[0.000808857847005, 0.000146516613313, 0.0011733986903, -0.000689998094458, 0.000387829029933, -0.000357449491275, -0.000345844804542, 0.000142768170917, -0.00121675361879, 0.00193306442816, -0.00112100655679, 0.00087066629203, -0.000277169048786], [0.000146516613313, 0.0118628367782, -0.0114488285035, 0.00865111500025, -0.00952586531639, 0.00613325973973, -0.00597881013528, 0.00545913353562, -0.00344732473604, 0.0016416964354, -6.96553106536e-05, 0.00292951101437, -0.00056399172172], [0.0011733986903, -0.0114488285035, 0.0179113596678, -0.0125112151727, 0.00972598511726, -0.00860862992704, 0.00818547420204, -0.00500542018563, 0.00241591827944, 0.000315290177241, -0.00193693768233, -0.00145264074672, -8.28880729387e-06], [-0.000689998094458, 0.00865111500025, -0.0125112151727, 0.0141489524394, -0.00769295403734, 0.00398900639266, -0.00376583635807, 0.00415157573298, -0.00304053956643, -0.00125444319565, 0.00459104077891, -0.00047566293506, 0.00194181408733], [0.000387829029933, -0.00952586531639, 0.00972598511726, -0.00769295403734, 0.0141457114369, -0.00415523536503, 0.00286921439692, -0.00617511244491, 0.00263261632062, -5.61120687053e-05, -0.001105868374, -0.000530904275365, -0.000293550343486], [-0.000357449491275, 0.00613325973973, -0.00860862992704, 0.00398900639266, -0.00415523536503, 0.0111434813589, -0.00651159696281, 0.0013299502898, 0.00166294141673, -0.00184975808952, 0.00127179943956, 0.00246343389153, 4.24828176619e-05], [-0.000345844804542, -0.00597881013528, 0.00818547420204, -0.00376583635807, 0.00286921439692, -0.00651159696281, 0.0133475083858, -0.00485646072775, 0.00457073934376, -0.00489333178848, 0.0015999005409, -0.00358300632797, 0.00400896696374], [0.000142768170917, 0.00545913353562, -0.00500542018563, 0.00415157573298, -0.00617511244491, 0.0013299502898, -0.00485646072775, 0.0178107768297, -0.0112782651559, 0.00665869889781, -0.00558302737772, 0.00775978667662, -0.00757276918739], [-0.00121675361879, -0.00344732473604, 0.00241591827944, -0.00304053956643, 0.00263261632062, 0.00166294141673, 0.00457073934376, -0.0112782651559, 0.0206958670169, -0.0105057395995, 0.00895697250962, -0.012124192901, 0.0071014999412], [0.00193306442816, 0.0016416964354, 0.000315290177241, -0.00125444319565, -5.61120687053e-05, -0.00184975808952, -0.00489333178848, 0.00665869889781, -0.0105057395995, 0.026642030105, -0.0130097037181, 0.0108354464173, -0.00641288561746], [-0.00112100655679, -6.96553106536e-05, -0.00193693768233, 0.00459104077891, -0.001105868374, 0.00127179943956, 0.0015999005409, -0.00558302737772, 0.00895697250962, -0.0130097037181, 0.0238249748945, -0.0135102206841, 0.00646165572107], [0.00087066629203, 0.00292951101437, -0.00145264074672, -0.00047566293506, -0.000530904275365, 0.00246343389153, -0.00358300632797, 0.00775978667662, -0.012124192901, 0.0108354464173, -0.0135102206841, 0.0269131138921, -0.0116861676797], [-0.000277169048786, -0.00056399172172, -8.28880729387e-06, 0.00194181408733, -0.000293550343486, 4.24828176619e-05, 0.00400896696374, -0.00757276918739, 0.0071014999412, -0.00641288561746, 0.00646165572107, -0.0116861676797, 0.0254513900727]]
    },
    "melbands": {
        "max": [0.00063073594356, 0.00230096001178, 0.00361959519796, 0.0033266954124, 0.00426124222577, 0.00472454261035, 0.00526425056159, 0.00286187278107, 0.00347136240453, 0.00382905616425, 0.00790159963071, 0.0046042567119, 0.00647976482287, 0.00342813134193, 0.00316624413244, 0.00236151460558, 0.00255745346658, 0.00332254660316, 0.00156306510326, 0.00243209255859, 0.00211316393688, 0.00111163267866, 0.000829095079098, 0.000817320717033, 0.000503603718244, 0.000278095190879, 0.000289647170575, 0.000193447122001, 0.000105595230707, 3.52579409082e-05, 4.6917826694e-05, 1.75481054612e-05, 1.93381820282e-05, 1.55046764121e-05, 9.93406592897e-06, 4.47753882327e-06, 2.01394163923e-06, 1.67759492342e-06, 7.87245141964e-07, 1.80522548021e-07],
        "mean": [2.58600757661e-05, 0.000112306399387, 0.000191214145161, 0.00016327603953, 0.000157081434736, 0.000258043641225, 0.000193944113562, 0.000117277879326, 9.61901096161e-05, 0.000142184755532, 0.00017104150902, 0.000139220748679, 0.000107679443317, 7.26378202671e-05, 7.14422858437e-05, 5.84394110774e-05, 5.22408190591e-05, 5.83544351684e-05, 5.78511208005e-05, 7.02235993231e-05, 6.04306296736e-05, 3.71300120605e-05, 3.01101299556e-05, 4.12297595176e-05, 1.91419494513e-05, 1.15909897431e-05, 1.28097753986e-05, 8.25308597996e-06, 3.22546770803e-06, 1.51107838064e-06, 1.22765845845e-06, 9.58352188718e-07, 8.21459821054e-07, 6.97942823535e-07, 4.45322768883e-07, 2.37370457512e-07, 1.2897879742e-07, 6.64168382514e-08, 2.90523605173e-08, 5.9959646137e-09],
        "min": [1.09011025984e-07, 4.45791698667e-07, 1.01673492736e-06, 1.29152977024e-06, 9.10355709038e-07, 1.0324000641e-06, 1.23870802327e-06, 5.09253027303e-07, 3.32671135084e-07, 3.41789984759e-07, 1.68353551544e-07, 2.39067560415e-07, 2.39887270936e-07, 2.59616200537e-07, 3.07978922365e-07, 2.30601457929e-07, 2.45505162866e-07, 2.14214963989e-07, 2.0733230599e-07, 1.66831398474e-07, 1.16657950855e-07, 1.17241171438e-07, 4.39726797197e-08, 7.73525528075e-08, 5.09654967118e-08, 3.24158619947e-08, 2.72513815958e-08, 8.30572677302e-09, 6.24694029838e-09, 3.07742253902e-09, 1.06170372494e-09, 3.5630037809e-10, 3.46758143033e-11, 1.15080583951e-10, 1.90188947924e-10, 2.92761370702e-11, 6.60071259803e-12, 1.14754282465e-11, 7.88229377602e-12, 5.12773742738e-13],
        "stdev": [4.93671395816e-05, 0.000191773215192, 0.00031336187385, 0.00021641467174, 0.000282245862763, 0.000467232137453, 0.00035078660585, 0.000197094734176, 0.000179242095328, 0.00028797367122, 0.000455113215139, 0.000362434890121, 0.000289779243758, 0.000201863294933, 0.000186905279406, 0.000141768818139, 0.000133552879561, 0.00017277567531, 0.000126676095533, 0.000165816047229, 0.000135177368065, 7.64968863223e-05, 5.55877559236e-05, 8.19333654363e-05, 3.526792716e-05, 1.72527852556e-05, 2.23110037041e-05, 1.5288580471e-05, 6.20015498498e-06, 2.31454805544e-06, 1.90647426734e-06, 1.36223115987e-06, 1.33340165576e-06, 1.08391645881e-06, 6.84209112478e-07, 3.48147807472e-07, 1.7263195673e-07, 9.99106646304e-08, 4.37709282153e-08, 8.55984438886e-09]
    },
    "melbands128": {
        "max": [7.21081887605e-05, 0.000246918061748, 0.000816669256892, 0.00192294910084, 0.00297100888565, 0.003401478054, 0.00431448267773, 0.00551534956321, 0.00541226007044, 0.00584840960801, 0.00341574475169, 0.00718690641224, 0.00560345780104, 0.0106337666512, 0.00644700694829, 0.0100939115509, 0.00866540707648, 0.0096844676882, 0.00826737657189, 0.00516079971567, 0.0023269620724, 0.00369657902047, 0.00576365925372, 0.00453521730378, 0.00514963082969, 0.00547622703016, 0.0154295573011, 0.0146389734, 0.0205260310322, 0.00777356699109, 0.00570722902194, 0.0116609307006, 0.0100568477064, 0.00297338934615, 0.00786496046931, 0.00509652867913, 0.00952573399991, 0.00492335343733, 0.00717388931662, 0.00541731389239, 0.00309168244712, 0.0040861624293, 0.00344958738424, 0.00418806588277, 0.00631939154118, 0.00554367434233, 0.00534602999687, 0.00255471025594, 0.00271195545793, 0.00655981432647, 0.00526442937553, 0.0032652055379, 0.00468292878941, 0.00319568021223, 0.00165903463494, 0.00239705108106, 0.00219386350363, 0.00218202639371, 0.00174915301614, 0.00145455508027, 0.00182312424295, 0.00169973587617, 0.00120334292296, 0.00114254502114, 0.000495760585181, 0.000648312852718, 0.000528515141923, 0.000563366455026, 0.000493032392114, 0.000398736883653, 0.000373079325072, 0.000437865586719, 0.000169738050317, 0.000188544756384, 9.9006909295e-05, 2.9505641578e-05, 4.17345800088e-05, 5.52993151359e-05, 6.65797051624e-05, 2.23844763241e-05, 2.8235353966e-05, 2.06676941161e-05, 1.8851555069e-05, 2.39880864683e-05, 2.06494587474e-05, 2.80785043287e-05, 1.63319473359e-05, 1.39403337016e-05, 1.34519459607e-05, 9.49237346504e-06, 6.49917183182e-06, 5.08708444613e-06, 6.44568399366e-06, 2.94790993394e-06, 1.71563158347e-06, 5.51106541025e-06, 2.35115794567e-06, 3.64877769243e-06, 6.22002744421e-07, 5.18504521096e-07, 5.5076765193e-07, 9.91826567542e-08, 9.48440828097e-08, 2.26286385185e-08, 1.41296405687e-08, 6.79770240097e-09, 6.7115268898e-09, 6.45112940845e-09, 6.20576257049e-09, 5.97177729489e-09, 5.74876279913e-09, 5.53821077887e-09, 5.34532507146e-09, 5.16276665863e-09, 4.99758812111e-09, 4.83180295774e-09, 4.69416017168e-09, 4.54727588917e-09, 4.42825198732e-09, 4.32888169755e-09, 4.23366453006e-09, 4.13371026298e-09, 4.05758715516e-09, 3.99590449618e-09, 3.93292376444e-09, 3.88922360983e-09, 3.8511629441e-09, 3.83448384156e-09],
        "mean": [3.56700024895e-06, 1.03834026959e-05, 2.71586159215e-05, 6.96535789757e-05, 0.000113186732051, 0.000134029469336, 0.000194932988961, 0.00022983654344, 0.000156992144184, 0.00016159369261, 0.000169910737895, 0.000129497406306, 0.000119474003441, 0.000238593158429, 0.000262301153271, 0.000287599512376, 0.00022620447271, 0.000186517718248, 0.000130738990265, 0.000140128075145, 8.88162394403e-05, 0.000111573077447, 6.3325438532e-05, 0.000127857536427, 0.000144833291415, 0.000121602359286, 0.000209966354305, 0.000129764928715, 0.000210628495552, 0.000162457043189, 9.65603176155e-05, 0.000117053983558, 0.000147552360431, 5.22106856806e-05, 9.37948498176e-05, 7.33460474294e-05, 4.78665679111e-05, 7.82729548519e-05, 8.16854226287e-05, 6.46765111014e-05, 4.05737337132e-05, 7.12128457963e-05, 5.04875206389e-05, 3.72404683731e-05, 7.10501772119e-05, 6.07371039223e-05, 5.02361581312e-05, 3.99255150114e-05, 6.20049249846e-05, 0.00010340231529, 6.07936635788e-05, 4.89548656333e-05, 8.66859263624e-05, 5.53069112357e-05, 2.16430271394e-05, 4.14367677877e-05, 4.31831686001e-05, 3.63835606549e-05, 2.09942372749e-05, 2.4047185434e-05, 5.65264890611e-05, 4.29446845374e-05, 1.96438304556e-05, 1.28852543639e-05, 1.57909507834e-05, 1.03056581793e-05, 9.56628264248e-06, 1.40750908031e-05, 1.35341233545e-05, 1.10666269393e-05, 9.67350661085e-06, 6.4444320742e-06, 3.46469323631e-06, 3.27336147166e-06, 1.86335182661e-06, 1.42513465562e-06, 1.39167093494e-06, 1.35801201395e-06, 1.19459787129e-06, 1.14833767384e-06, 9.77609147412e-07, 8.83157383669e-07, 8.5454416876e-07, 8.12194116406e-07, 8.08596837487e-07, 7.63901198297e-07, 6.51564391774e-07, 5.79060895234e-07, 4.67528195713e-07, 3.26504419945e-07, 2.51941344231e-07, 2.25976364732e-07, 1.88372382581e-07, 1.18174121155e-07, 1.05925131777e-07, 7.81217224244e-08, 5.75733842823e-08, 5.04494188647e-08, 2.88177268715e-08, 2.20640412607e-08, 6.6844414448e-09, 4.29823865389e-09, 2.3860120546e-09, 7.84845355373e-10, 1.95080132603e-10, 2.26841202072e-11, 5.05483762486e-12, 4.60461703489e-12, 4.41915774807e-12, 4.24183041123e-12, 4.0698095935e-12, 3.91717300957e-12, 3.77994684164e-12, 3.65051348525e-12, 3.53228774355e-12, 3.42071943688e-12, 3.3178264823e-12, 3.21175052699e-12, 3.12678138589e-12, 3.05546993956e-12, 2.98660315229e-12, 2.92499596592e-12, 2.86771149362e-12, 2.81565591155e-12, 2.77863582837e-12, 2.7538852275e-12, 2.7304896625e-12, 2.71346963995e-12],
        "min": [1.48022233359e-10, 7.74501263123e-09, 7.55754392401e-09, 6.32307006754e-08, 1.35317606009e-07, 8.78093757706e-08, 1.07316438402e-07, 6.57831691342e-08, 2.92821738412e-07, 5.43083274351e-07, 3.7559334487e-07, 4.61474996882e-07, 2.04936497994e-07, 4.29044092698e-07, 2.50311785521e-07, 9.57831929327e-08, 2.79355873545e-07, 4.71965506676e-08, 4.06252581797e-07, 1.53409601467e-07, 1.25549249219e-07, 2.38220891902e-08, 2.7993118934e-08, 1.49210265477e-07, 3.58402978407e-08, 8.55911750364e-08, 2.66406257055e-08, 1.24276439806e-07, 6.04584258213e-08, 7.16048518257e-08, 1.6550840698e-08, 1.32140485221e-07, 6.7469883902e-08, 4.98469141519e-08, 5.80467514055e-08, 3.14336112694e-08, 3.29376739217e-08, 2.35169768104e-08, 1.12513333761e-07, 7.32155314154e-08, 6.04701853035e-08, 1.21390314689e-07, 1.20851822771e-07, 1.10031530554e-08, 8.12692206864e-08, 1.41608410331e-07, 7.68186438904e-08, 1.0703324449e-08, 8.62702407289e-08, 8.42031866455e-08, 6.01394845035e-08, 3.35458025802e-08, 1.01557500187e-08, 6.252789575e-08, 1.27202968159e-08, 6.8538113851e-08, 5.33975494932e-08, 9.71686642259e-09, 2.86304171482e-08, 3.69463348804e-09, 2.07844070843e-08, 5.76406167241e-09, 2.50655034506e-08, 1.92385396502e-08, 2.04046486374e-08, 2.14461230996e-08, 1.54183510404e-09, 1.48223389118e-08, 1.28940202959e-09, 6.80559875121e-09, 2.32101471376e-09, 2.19304102655e-10, 1.2630663182e-09, 1.11123199531e-09, 2.20141987972e-10, 6.52772447207e-10, 2.42668080075e-10, 7.70322555743e-11, 9.43388631103e-11, 4.58710638918e-11, 2.53464853273e-11, 2.11124954325e-11, 8.22972939796e-12, 4.21954615346e-12, 2.83982507648e-11, 8.46480090883e-12, 5.86035690461e-12, 3.626242015e-11, 2.22021168811e-11, 2.13181174102e-11, 1.04724269621e-12, 3.60401443932e-12, 2.63667906952e-12, 4.61092232104e-12, 2.83000792939e-12, 1.98891792792e-12, 5.50241330364e-13, 1.12896183287e-12, 1.28692499365e-12, 5.36778683568e-13, 5.16871918529e-13, 1.67228589917e-13, 1.02613691199e-13, 8.66335947208e-14, 7.21760365775e-14, 8.43081301386e-14, 6.36163417409e-14, 7.69563246136e-14, 6.72959409552e-14, 5.7576380187e-14, 5.87100016497e-14, 6.61127240193e-14, 6.37819942803e-14, 4.60958345333e-14, 7.72857526674e-14, 8.13827764944e-14, 8.68986957045e-14, 6.15508078533e-14, 7.1432321321e-14, 6.60496912155e-14, 7.48830047991e-14, 8.05633093874e-14, 8.36123162894e-14, 8.12302834588e-14, 7.83250417649e-14, 8.71067269963e-14, 7.36830437159e-14, 8.33278758494e-14],
        "stdev": [5.9180970311e-06, 1.72109521372e-05, 5.62811146665e-05, 0.00015672200243, 0.000214423096622, 0.000258519052295, 0.000394546048483, 0.000422363926191, 0.0002696418087, 0.000301511347061, 0.000269756419584, 0.000301809719531, 0.000307921814965, 0.000642426486593, 0.000540692126378, 0.00074926338857, 0.000531955505721, 0.000460838869913, 0.000331599148922, 0.000336761469953, 0.000168618978932, 0.000281500804704, 0.0001897723414, 0.000301415013382, 0.000349880370777, 0.000364334875485, 0.000816926476546, 0.000501152826473, 0.000803261005785, 0.000541176239494, 0.000372405105736, 0.000419129239162, 0.000457866932265, 0.000181907671504, 0.000333162228344, 0.00022599476506, 0.000263578491285, 0.000248873053351, 0.000244427268626, 0.000212477592868, 0.00014202411694, 0.000237612941419, 0.00016498642799, 0.000165281424415, 0.000284574227408, 0.000243863702053, 0.000230154415476, 0.000131005886942, 0.0001883613877, 0.000355156720616, 0.000231144222198, 0.000160741838044, 0.000238783395616, 0.000166722384165, 7.34893037588e-05, 0.000127799561596, 0.000105223349237, 0.000100006836874, 6.22955703875e-05, 7.21049218555e-05, 0.000149286512169, 0.000108237778477, 6.49750654702e-05, 3.5076529457e-05, 2.88698265649e-05, 2.35049337789e-05, 2.15335385292e-05, 3.1822368328e-05, 3.35363765771e-05, 2.90400748781e-05, 2.27312775678e-05, 2.13929470192e-05, 8.86065572558e-06, 8.31822217151e-06, 3.69080066775e-06, 2.37461563302e-06, 2.49517302109e-06, 2.48865126196e-06, 2.18160153054e-06, 1.81282734957e-06, 1.68087251495e-06, 1.39831274737e-06, 1.45618355418e-06, 1.53169287387e-06, 1.54600729729e-06, 1.44040495798e-06, 1.04387868305e-06, 9.94412175714e-07, 8.75620401075e-07, 5.48952129975e-07, 4.22438915848e-07, 4.01582298082e-07, 3.2657982274e-07, 1.95939648506e-07, 1.55224014975e-07, 1.80118391313e-07, 1.16009559292e-07, 1.22179940831e-07, 4.86131845889e-08, 3.5400177012e-08, 1.42484264387e-08, 8.43682013141e-09, 4.59332305525e-09, 1.30934096898e-09, 5.37292710323e-10, 1.1120813298e-10, 1.03725639189e-10, 9.96963137045e-11, 9.59013771173e-11, 9.22860260433e-11, 8.88383394626e-11, 8.55857745785e-11, 8.26022722444e-11, 7.97805918551e-11, 7.72292785278e-11, 7.46642261906e-11, 7.25399185164e-11, 7.02689850751e-11, 6.84289569453e-11, 6.68920821512e-11, 6.54195864147e-11, 6.38740102477e-11, 6.2697534664e-11, 6.17455531149e-11, 6.07705899491e-11, 6.00987176691e-11, 5.95100080325e-11, 5.92519228126e-11]
    },
    "mfcc": {
        "mean": [-674.423339844, 131.04725647, -52.0912590027, 28.158164978, -12.8851690292, 0.113966725767, -15.2065372467, 4.17374372482, -13.7795038223, 2.53715777397, -9.92598438263, -2.92743825912, -4.47010850906],
        "cov": [[2958.96704102, -571.084655762, -516.093444824, -116.13609314, -216.125701904, -151.505905151, -121.356948853, 204.446273804, -15.7812128067, 121.082679749, -52.3803291321, -28.1257381439, 6.56627845764], [-571.084655762, 582.054931641, -79.4059295654, 12.4337644577, 70.0145187378, -29.1767406464, 77.9816436768, -35.0959510803, -0.162045791745, -24.9925727844, 29.315202713, 1.13766980171, 8.94069004059], [-516.093444824, -79.4059295654, 540.334411621, 77.3091201782, 97.9286499023, 127.541763306, -25.7681789398, -34.159488678, 25.5292510986, -50.2753601074, 5.14353752136, 34.5401649475, -23.1791610718], [-116.13609314, 12.4337644577, 77.3091201782, 200.404632568, 66.5992965698, 5.70676517487, -67.8775787354, 2.78921604156, 25.0802173615, -15.2695436478, -8.44421195984, 20.2632484436, 11.7410650253], [-216.125701904, 70.0145187378, 97.9286499023, 66.5992965698, 184.283050537, -9.67981719971, -21.8936977386, 1.82648038864, 30.5861854553, -14.6117076874, -4.50426435471, 17.5543708801, 4.62316274643], [-151.505905151, -29.1767406464, 127.541763306, 5.70676517487, -9.67981719971, 195.67515564, 83.1646194458, -16.6437759399, 14.2164306641, -5.046251297, 24.6450691223, 6.62110328674, -19.9278526306], [-121.356948853, 77.9816436768, -25.7681789398, -67.8775787354, -21.8936977386, 83.1646194458, 229.619628906, -12.000544548, 2.29687094688, 28.6052837372, 20.0502071381, -7.50479793549, -11.4273347855], [204.446273804, -35.0959510803, -34.159488678, 2.78921604156, 1.82648038864, -16.6437759399, -12.000544548, 100.73299408, 20.4938106537, 14.4384832382, -0.0827179998159, 5.35852479935, 12.7351522446], [-15.7812128067, -0.162045791745, 25.5292510986, 25.0802173615, 30.5861854553, 14.2164306641, 2.29687094688, 20.4938106537, 112.292625427, 9.14561653137, 3.46025013924, 11.4297447205, 14.7718019485], [121.082679749, -24.9925727844, -50.2753601074, -15.2695436478, -14.6117076874, -5.046251297, 28.6052837372, 14.4384832382, 9.14561653137, 104.989547729, 10.4744195938, -13.1668605804, 1.60971164703], [-52.3803291321, 29.315202713, 5.14353752136, -8.44421195984, -4.50426435471, 24.6450691223, 20.0502071381, -0.0827179998159, 3.46025013924, 10.4744195938, 68.3712310791, 9.65679264069, 1.3383834362], [-28.1257381439, 1.13766980171, 34.5401649475, 20.2632484436, 17.5543708801, 6.62110328674, -7.50479793549, 5.35852479935, 11.4297447205, -13.1668605804, 9.65679264069, 76.3207550049, 24.4735507965], [6.56627845764, 8.94069004059, -23.1791610718, 11.7410650253, 4.62316274643, -19.9278526306, -11.4273347855, 12.7351522446, 14.7718019485, 1.60971164703, 1.3383834362, 24.4735507965, 79.8458328247]],
        "icov": [[0.000666978943627, 0.000597510312218, 0.000608997652307, 0.000123726989841, 0.000217571898247, 3.59737459803e-05, 0.000237375192228, -0.000900305283722, 2.54248334386e-05, -0.000280272681266, 0.000220237649046, -0.000205081218155, 0.000270905002253], [0.000597510312218, 0.00280027883127, 0.00104072492104, -0.000279562926153, -0.000870679796208, 0.000713676214218, -0.000936358293984, 2.73847163044e-05, 3.66334206774e-05, 0.000703683064785, -0.00101399736013, 5.41752269783e-05, 5.0115846534e-05], [0.000608997652307, 0.00104072492104, 0.00350875686854, -0.000174086671905, -0.00134585530031, -0.00193728343584, 0.000816813553683, 1.09027523649e-05, -0.000148541163071, 0.000559832842555, 0.000145152836922, -0.000962461112067, 0.000895918230526], [0.000123726989841, -0.000279562926153, -0.000174086671905, 0.00673885410652, -0.00167249550577, -0.0012068762444, 0.00231774500571, -0.000188662088476, -0.000704612059053, -0.000337902194588, 0.000921147118788, -0.000844764697831, -0.000482248491608], [0.000217571898247, -0.000870679796208, -0.00134585530031, -0.00167249550577, 0.00770382815972, 0.00139913114253, -7.79040710768e-05, -0.00078321719775, -0.00141481007449, -0.000116163661005, 0.000643406994641, -0.000726412166841, 0.000427696068073], [3.59737459803e-05, 0.000713676214218, -0.00193728343584, -0.0012068762444, 0.00139913114253, 0.0087079545483, -0.00362578453496, 0.000444064004114, -0.000927540997509, 0.000852012482937, -0.00236108549871, -8.26853356557e-05, 0.00125411909539], [0.000237375192228, -0.000936358293984, 0.000816813553683, 0.00231774500571, -7.79040710768e-05, -0.00362578453496, 0.00709311291575, -4.91932369187e-05, -0.000185524797416, -0.00194033083972, 0.000371970003471, -0.00028743292205, 0.000259522261331], [-0.000900305283722, 2.73847163044e-05, 1.09027523649e-05, -0.000188662088476, -0.00078321719775, 0.000444064004114, -4.91932369187e-05, 0.0125076184049, -0.00194496486802, -0.000562150322367, -0.000649209017865, -0.000349636829924, -0.00125469896011], [2.54248334386e-05, 3.66334206774e-05, -0.000148541163071, -0.000704612059053, -0.00141481007449, -0.000927540997509, -0.000185524797416, -0.00194496486802, 0.010296930559, -0.00103909533937, -5.00264941365e-05, -0.000426085694926, -0.00156420259736], [-0.000280272681266, 0.000703683064785, 0.000559832842555, -0.000337902194588, -0.000116163661005, 0.000852012482937, -0.00194033083972, -0.000562150322367, -0.00103909533937, 0.0114589761943, -0.00233707949519, 0.00209815287963, -0.00045491263154], [0.000220237649046, -0.00101399736013, 0.000145152836922, 0.000921147118788, 0.000643406994641, -0.00236108549871, 0.000371970003471, -0.000649209017865, -5.00264941365e-05, -0.00233707949519, 0.0168470609933, -0.00263929995708, 0.000115317838208], [-0.000205081218155, 5.41752269783e-05, -0.000962461112067, -0.000844764697831, -0.000726412166841, -8.26853356557e-05, -0.00028743292205, -0.000349636829924, -0.000426085694926, 0.00209815287963, -0.00263929995708, 0.0162193439901, -0.00499895354733], [0.000270905002253, 5.0115846534e-05, 0.000895918230526, -0.000482248491608, 0.000427696068073, 0.00125411909539, 0.000259522261331, -0.00125469896011, -0.00156420259736, -0.00045491263154, 0.000115317838208, -0.00499895354733, 0.0151815945283]]
    },
    "spectral_contrast_coeffs": {
        "max": [-0.39296990633, -0.471414059401, -0.516272068024, -0.549517631531, -0.512100040913, -0.471192657948],
        "mean": [-0.704684913158, -0.762506723404, -0.752516627312, -0.764402270317, -0.752070784569, -0.625513136387],
        "min": [-0.878781974316, -0.920595049858, -0.913003087044, -0.887759625912, -0.878796935081, -0.800545215607],
        "stdev": [0.0661786049604, 0.0658276900649, 0.0641062781215, 0.0523953959346, 0.0574467740953, 0.0448166392744]
    },
    "spectral_contrast_valleys": {
        "max": [-6.05153274536, -5.2561507225, -5.25184106827, -5.67716836929, -6.15208721161, -9.8855304718],
        "mean": [-7.56493520737, -6.85599517822, -7.46946144104, -7.45110368729, -7.6784362793, -12.7742319107],
        "min": [-9.9339056015, -8.84350013733, -9.710064888, -9.46031475067, -10.1143693924, -15.3591251373],
        "stdev": [0.546171069145, 0.57371532917, 0.700257062912, 0.635046362877, 0.701038360596, 0.948919594288]
    }
},
"rhythm": {
    "beats_count": 142,
    "beats_loudness": {
        "max": 0.045844707638,
        "mean": 0.0170458648354,
        "min": 0.00107076368295,
        "stdev": 0.0110956728458
    },
    "bpm": 84.412109375,
    "bpm_histogram_first_peak_bpm": 85,
    "bpm_histogram_first_peak_weight": 0.370689690113,
    "bpm_histogram_second_peak_bpm": 112,
    "bpm_histogram_second_peak_spread": 0.631578981876,
    "bpm_histogram_second_peak_weight": 0.0496453903615,
    "danceability": 1.10945940018,
    "onset_rate": 2.90220093727,
    "beats_loudness_band_ratio": {
        "max": [0.747531592846, 0.713787913322, 0.72515296936, 0.771508574486, 0.731594264507, 0.716596841812],
        "mean": [0.18789537251, 0.158311873674, 0.192866563797, 0.217904776335, 0.214932739735, 0.0682759657502],
        "min": [0.00524458056316, 0.0117305312306, 0.0239921528846, 0.0127954427153, 0.018951524049, 0.00844790693372],
        "stdev": [0.177054047585, 0.126251772046, 0.123206622899, 0.191755756736, 0.157201141119, 0.0772607848048]
    },
