{
"metadata": {
    "version": {
        "essentia": "2.1-beta5",
        "essentia_git_sha": "Undefined",
        "extractor": "music 2.0"
    },
    "audio_properties": {
        "analysis": {
            "equal_loudness": 0,
            "length": 12.7477550507,
            "sample_rate": 44100,
            "start_time": 0,
            "downmix": "mix"
        },
        "bit_rate": 192000,
        "length": 167.973144531,
        "lossless": 0,
        "number_channels": 2,
        "replay_gain": -5.76647377014,
        "sample_rate": 44100,
        "codec": "mp3",
        "md5_encoded": "63995fc942ab7ef99fca1ffbd3c59a1b"
    },
    "tags": {
        "file_name": "Portugal_Silêncio E Tanta Gente_Maria Guinot.mp3",
        "encoding": ["Lavf58.29.100"]
    }
},
"lowlevel": {
    "average_loudness": 0.961156070232,
    "barkbands_crest": {
        "max": 22.9439697266,
        "mean": 9.89830493927,
        "min": 3.21229529381,
        "stdev": 4.04129314423
    },
    "barkbands_flatness_db": {
        "max": 0.310433208942,
        "mean": 0.190729409456,
        "min": 0.0465938076377,
        "stdev": 0.0543061681092
    },
    "barkbands_kurtosis": {
        "max": 30.6141281128,
        "mean": 2.68124389648,
        "min": -1.64920389652,
        "stdev": 4.65687322617
    },
    "barkbands_skewness": {
        "max": 5.15458726883,
        "mean": 1.19942450523,
        "min": -2.64850735664,
        "stdev": 1.15632510185
    },
    "barkbands_spread": {
        "max": 63.8260040283,
        "mean": 13.4685220718,
        "min": 2.29347014427,
        "stdev": 7.59637308121
    },
    "dissonance": {
        "max": 0.499846309423,
        "mean": 0.452280789614,
        "min": 0.281582593918,
        "stdev": 0.0376093015075
    },
    "dynamic_complexity": 1.50576484203,
    "erbbands_crest": {
        "max": 22.5515613556,
        "mean": 9.87053489685,
        "min": 3.18878102303,
        "stdev": 3.32645463943
    },
    "erbbands_flatness_db": {
        "max": 0.333951801062,
        "mean": 0.244523510337,
        "min": 0.0950640141964,
        "stdev": 0.0385150946677
    },
    "erbbands_kurtosis": {
        "max": 3.65106153488,
        "mean": 0.0254226028919,
        "min": -1.49153506756,
        "stdev": 1.00183558464
    },
    "erbbands_skewness": {
        "max": 2.04169893265,
        "mean": 0.3041215837,
        "min": -1.14925658703,
        "stdev": 0.631584346294
    },
    "erbbands_spread": {
        "max": 50.6555862427,
        "mean": 23.4023704529,
        "min": 8.74294662476,
        "stdev": 7.83054494858
    },
    "hfc": {
        "max": 85.2767944336,
        "mean": 20.8927001953,
        "min": 1.1290037303e-16,
        "stdev": 13.506606102
    },
    "loudness_ebu128": {
        "integrated": -18.0841121674,
        "loudness_range": 2.02705764771,
        "momentary": {
            "max": -15.3184566498,
            "mean": -18.2865276337,
            "min": -21.4162082672,
            "stdev": 1.31902074814
        },
        "short_term": {
            "max": -17.0992259979,
            "mean": -18.2825756073,
            "min": -19.3677883148,
            "stdev": 0.698890089989
        }
    },
    "melbands_crest": {
        "max": 23.7600593567,
        "mean": 11.2878189087,
        "min": 1.82396388054,
        "stdev": 4.30912876129
    },
    "melbands_flatness_db": {
        "max": 0.380915701389,
        "mean": 0.22791865468,
        "min": 0.0056880521588,
        "stdev": 0.08410140872
    },
    "melbands_kurtosis": {
        "max": 50.4462471008,
        "mean": 5.73265647888,
        "min": -1.25600516796,
        "stdev": 7.38627052307
    },
    "melbands_skewness": {
        "max": 5.89290189743,
        "mean": 1.75893163681,
        "min": -0.688110172749,
        "stdev": 1.15762066841
    },
    "melbands_spread": {
        "max": 149.823410034,
        "mean": 21.2964611053,
        "min": 2.77298784256,
        "stdev": 17.914276123
    },
    "pitch_salience": {
        "max": 0.90998506546,
        "mean": 0.547072350979,
        "min": 0.304043680429,
        "stdev": 0.128740713
    },
    "silence_rate_20dB": {
        "max": 1,
        "mean": 1,
        "min": 1,
        "stdev": 0
    },
    "silence_rate_30dB": {
        "max": 1,
        "mean": 1,
        "min": 1,
        "stdev": 0
    },
    "silence_rate_60dB": {
        "max": 1,
        "mean": 0.0127272726968,
        "min": 0,
        "stdev": 0.112095631659
    },
    "spectral_centroid": {
        "max": 10973.7753906,
        "mean": 1231.60583496,
        "min": 316.124359131,
        "stdev": 984.769775391
    },
    "spectral_complexity": {
        "max": 54,
        "mean": 20.7145462036,
        "min": 0,
        "stdev": 9.18617248535
    },
    "spectral_decrease": {
        "max": 4.52891660507e-20,
        "mean": -6.21674756118e-09,
        "min": -2.30819789948e-08,
        "stdev": 3.2005216255e-09
    },
    "spectral_energy": {
        "max": 0.0918524265289,
        "mean": 0.0253584887832,
        "min": 1.06761309761e-20,
        "stdev": 0.0126334829256
    },
    "spectral_energyband_high": {
        "max": 0.00312961707823,
        "mean": 0.000285959424218,
        "min": 7.56556109568e-21,
        "stdev": 0.000424368365202
    },
    "spectral_energyband_low": {
        "max": 0.00553469359875,
        "mean": 0.00062300596619,
        "min": 1.98757212717e-23,
        "stdev": 0.000917354947887
    },
    "spectral_energyband_middle_high": {
        "max": 0.0364925079048,
        "mean": 0.00778216030449,
        "min": 1.36841906412e-21,
        "stdev": 0.00652692979202
    },
    "spectral_energyband_middle_low": {
        "max": 0.0807170271873,
        "mean": 0.0170693509281,
        "min": 2.59769876605e-22,
        "stdev": 0.0130544928834
    },
    "spectral_entropy": {
        "max": 9.80677127838,
        "mean": 6.89208364487,
        "min": 5.78248739243,
        "stdev": 0.589058041573
    },
    "spectral_flux": {
        "max": 0.163354888558,
        "mean": 0.0604176335037,
        "min": 6.85473136586e-11,
        "stdev": 0.0245834123343
    },
    "spectral_kurtosis": {
        "max": 56.2211685181,
        "mean": 12.5485620499,
        "min": -1.22842609882,
        "stdev": 10.0094985962
    },
    "spectral_rms": {
        "max": 0.00946636777371,
        "mean": 0.00481418240815,
        "min": 3.22734222159e-12,
        "stdev": 0.00125044491142
    },
    "spectral_rolloff": {
        "max": 19616.7480469,
        "mean": 1631.55163574,
        "min": 279.931640625,
        "stdev": 2016.59436035
    },
    "spectral_skewness": {
        "max": 5.72855758667,
        "mean": 2.20527052879,
        "min": 0.00972423981875,
        "stdev": 0.923871457577
    },
    "spectral_spread": {
        "max": 41430424,
        "mean": 2675346.25,
        "min": 1147535.75,
        "stdev": 2963831.75
    },
    "spectral_strongpeak": {
        "max": 10.758893013,
        "mean": 1.61648249626,
        "min": 0,
        "stdev": 1.09239673615
    },
    "zerocrossingrate": {
        "max": 0.50732421875,
        "mean": 0.0546546503901,
        "min": 0.0126953125,
        "stdev": 0.0500303134322
    },
    "barkbands": {
        "max": [9.53755079536e-05, 0.000467246514745, 0.00410711951554, 0.0032922248356, 0.0266518071294, 0.0540126860142, 0.0290949270129, 0.0164331868291, 0.00796382781118, 0.00845432188362, 0.0109082460403, 0.014625559561, 0.00498044257984, 0.0096726976335, 0.00947983469814, 0.0102959331125, 0.0109149543568, 0.00721545284614, 0.00243277498521, 0.00139161746483, 0.00123007840011, 0.000816987245344, 0.000531229947228, 0.000214900195715, 7.77615423431e-05, 2.62904086412e-05, 1.23543236441e-06],
        "mean": [1.43362904055e-05, 5.9608148149e-05, 0.000309085211484, 0.000395251379814, 0.0049932859838, 0.00622427649796, 0.00338536035269, 0.00121190852951, 0.000570450036321, 0.000583391811233, 0.000837335828692, 0.00203116936609, 0.000562049564905, 0.000812709622551, 0.000692138040904, 0.000683523132466, 0.000946940854192, 0.00041070691077, 0.000308522838168, 9.77044837782e-05, 0.00012290556333, 6.3283398049e-05, 2.40014669544e-05, 1.18785283121e-05, 5.39379334441e-06, 1.27257510485e-06, 3.06306247033e-09],
        "min": [6.85737773361e-24, 8.12168195096e-24, 6.55995311208e-24, 9.46159690836e-24, 1.51605655348e-23, 4.04946378685e-23, 2.38727721933e-23, 1.90483450216e-23, 5.62504589097e-23, 5.30277475417e-23, 3.78938675936e-23, 2.83871533635e-23, 7.17531155538e-23, 9.80991702111e-23, 7.58773750296e-23, 6.44986118299e-23, 1.23308753983e-22, 1.41624854647e-22, 1.74628977386e-22, 2.82787070771e-22, 3.31597315478e-22, 4.05045087272e-22, 4.19177688161e-22, 6.66733827009e-22, 1.12885263474e-21, 1.58880423331e-21, 2.22491228379e-21],
        "stdev": [1.39513986142e-05, 6.56942938804e-05, 0.000611194991507, 0.000476387649542, 0.00474088732153, 0.00810161884874, 0.00404344405979, 0.00137840525713, 0.00115564197768, 0.000875169411302, 0.00106493663043, 0.00230951025151, 0.000759164162446, 0.00126059446484, 0.00111044361256, 0.0013733105734, 0.00135257688817, 0.000850468408316, 0.000393705879105, 0.000195654996787, 0.000180799281225, 0.000104997277958, 5.35207109351e-05, 2.48103042395e-05, 9.62519061432e-06, 2.21215054808e-06, 5.26074082075e-08]
    },
    "erbbands": {
        "max": [0.00767631921917, 0.13327857852, 2.71129179001, 10.1757535934, 29.651052475, 114.256240845, 134.971420288, 476.533721924, 672.623718262, 320.40512085, 143.191879272, 227.464996338, 113.37184906, 354.961120605, 394.517120361, 720.830505371, 254.100524902, 502.734161377, 403.190948486, 586.277832031, 539.603088379, 495.614501953, 391.610443115, 223.921218872, 158.383605957, 100.656547546, 78.6356124878, 37.6698303223, 29.4350986481, 31.8288707733, 12.1853704453, 5.62471294403, 2.67590260506, 1.14210033417, 0.362740248442, 0.186039105058, 0.0277644842863, 0.0007724124589, 0.000179473427124, 0.000104991951957],
        "mean": [0.00126096699387, 0.0183837451041, 0.228855133057, 1.14991378784, 3.83800435066, 21.7275772095, 23.1141414642, 54.4305877686, 79.9293136597, 20.9316139221, 27.285993576, 17.184343338, 16.1277275085, 19.6753311157, 38.8996925354, 93.1862792969, 38.7549781799, 42.5246047974, 41.1740760803, 34.7704048157, 41.0904922485, 44.8890571594, 22.7827339172, 14.3558712006, 16.5119743347, 6.1517124176, 5.13780117035, 3.61488986015, 2.02729296684, 1.49436986446, 0.785167396069, 0.342822015285, 0.154229566455, 0.0718929097056, 0.0292602535337, 0.00985333602875, 0.00135176256299, 4.02536170441e-05, 1.58836355695e-05, 3.03814395011e-05],
        "min": [1.94677757385e-22, 2.10933136269e-21, 7.83157397962e-21, 1.39109516241e-20, 3.42340005615e-20, 3.76117473564e-20, 2.41857452299e-19, 3.51418222365e-19, 4.09448380305e-19, 4.94590261701e-19, 7.26112273191e-19, 1.02536915821e-18, 1.42511091007e-18, 1.74359354048e-18, 1.80394298361e-18, 1.5938613385e-18, 3.69926626385e-18, 5.48043014096e-18, 4.1374118402e-18, 6.41110097431e-18, 5.66877461694e-18, 7.89293010802e-18, 6.72154268538e-18, 5.79850466113e-18, 9.0692520766e-18, 1.22501395534e-17, 1.25390026038e-17, 1.33849354009e-17, 1.45752896614e-17, 1.26685730022e-17, 1.2495398605e-17, 1.4980500628e-17, 1.09764451918e-17, 1.15670670385e-17, 9.46786545071e-18, 5.47161653153e-18, 2.92512426538e-18, 1.25247138859e-18, 2.95787663683e-19, 3.25636611796e-20],
        "stdev": [0.00102374877315, 0.0206380467862, 0.402956336737, 1.54248952866, 4.33599042892, 21.0661792755, 26.0485496521, 70.306930542, 100.436195374, 27.645860672, 23.3451290131, 32.0337371826, 17.0941143036, 36.8155937195, 44.356212616, 104.970726013, 38.4926528931, 60.4310379028, 61.1408729553, 68.1749572754, 64.0724182129, 66.1958465576, 46.8619613647, 23.838306427, 23.282245636, 10.6653022766, 8.13756847382, 5.32264280319, 3.36740088463, 2.977902174, 1.49716973305, 0.693467736244, 0.329649090767, 0.142584294081, 0.05202344805, 0.0167848318815, 0.00259621534497, 7.87337194197e-05, 1.07068999569e-05, 1.45457834151e-05]
    },
    "gfcc": {
        "mean": [-48.087688446, 128.337432861, -168.516143799, 6.90607070923, -66.8656463623, -10.0282888412, -53.0905990601, -13.5671873093, -28.3554611206, -5.15456151962, -2.16119074821, -3.97455334663, -3.50579285622],
        "cov": [[16986.4335938, 782.971618652, -2361.02441406, 537.33026123, -941.03125, 55.5928611755, -447.659240723, -53.7456436157, -339.196868896, 43.4336738586, -167.379989624, 252.232070923, -69.4598464966], [782.971618652, 2183.05004883, 426.941253662, -646.211547852, 112.471580505, -525.196044922, -205.855041504, -286.711151123, -46.2666740417, -176.122283936, 244.055130005, -325.620544434, 54.9311752319], [-2361.02441406, 426.941253662, 709.479675293, -116.888847351, 128.360641479, -127.845199585, 52.4686851501, -69.2403182983, -21.3214206696, -72.2080459595, 44.6293563843, -94.4140625, -23.7999324799], [537.33026123, -646.211547852, -116.888847351, 396.074859619, -83.26537323, 168.825653076, 68.847694397, 67.903427124, -50.9687385559, 35.3525390625, -115.478012085, 133.362930298, -39.8356590271], [-941.03125, 112.471580505, 128.360641479, -83.26537323, 152.051116943, -1.0857155323, -0.966891169548, -11.6256628036, 17.8933258057, -22.0886764526, 24.942609787, -56.7646903992, 19.3243312836], [55.5928611755, -525.196044922, -127.845199585, 168.825653076, -1.0857155323, 242.860855103, 63.8489494324, 71.6307601929, 0.541654765606, 32.4794998169, -89.4671401978, 56.376537323, -18.1572494507], [-447.659240723, -205.855041504, 52.4686851501, 68.847694397, -0.966891169548, 63.8489494324, 100.906059265, 43.5318107605, 0.321207761765, 23.8834342957, -23.8079872131, 31.1890907288, -13.7031126022], [-53.7456436157, -286.711151123, -69.2403182983, 67.903427124, -11.6256628036, 71.6307601929, 43.5318107605, 101.081985474, 35.0669364929, 20.0970363617, -29.760219574, 39.7674865723, 0.608956813812], [-339.196868896, -46.2666740417, -21.3214206696, -50.9687385559, 17.8933258057, 0.541654765606, 0.321207761765, 35.0669364929, 86.775100708, 30.7785434723, 20.8406352997, -5.16983175278, 12.9090309143], [43.4336738586, -176.122283936, -72.2080459595, 35.3525390625, -22.0886764526, 32.4794998169, 23.8834342957, 20.0970363617, 30.7785434723, 83.0514678955, 9.71802330017, 26.5559368134, -14.7707109451], [-167.379989624, 244.055130005, 44.6293563843, -115.478012085, 24.942609787, -89.4671401978, -23.8079872131, -29.760219574, 20.8406352997, 9.71802330017, 88.8649139404, -33.0718269348, 10.2106599808], [252.232070923, -325.620544434, -94.4140625, 133.362930298, -56.7646903992, 56.376537323, 31.1890907288, 39.7674865723, -5.16983175278, 26.5559368134, -33.0718269348, 108.291473389, -2.01996183395], [-69.4598464966, 54.9311752319, -23.7999324799, -39.8356590271, 19.3243312836, -18.1572494507, -13.7031126022, 0.608956813812, 12.9090309143, -14.7707109451, 10.2106599808, -2.01996183395, 52.8664016724]],
        "icov": [[0.000894276890904, -0.0026107407175, 0.00269797001965, -0.00168217590544, 0.00236197654158, -0.00175937078893, 0.00222472520545, -0.00267825718038, 0.0022977089975, -0.00166257598903, 0.00126047048252, -0.0020798004698, 0.00162609864492], [-0.0026107407175, 0.0101393079385, -0.00789734441787, 0.00592919485644, -0.00594090484083, 0.00725926272571, -0.0066661988385, 0.0102022644132, -0.00607800902799, 0.00737357744947, -0.00564016774297, 0.00974322110415, -0.00522774038836], [0.00269797001965, -0.00789734441787, 0.0111164944246, -0.00552065204829, 0.00495898071676, -0.00329452194273, 0.00284723704681, -0.00616773590446, 0.00574841117486, -0.00235894112848, 0.00398676935583, -0.00557161355391, 0.00741445971653], [-0.00168217590544, 0.00592919485644, -0.00552065204829, 0.0114847039804, -0.00388709641993, 0.00270329485647, -0.00363403744996, 0.00428787618876, 5.63408284506e-05, 0.00156606466044, 0.00208223075606, -0.000944592175074, -0.00085886195302], [0.00236197654158, -0.00594090484083, 0.00495898071676, -0.00388709641993, 0.0183411054313, -0.00816740654409, 0.00645200442523, -0.0062956335023, 0.00495662679896, -0.00208782660775, -0.00121882976964, 0.000427957857028, -0.000726615719032], [-0.00175937078893, 0.00725926272571, -0.00329452194273, 0.00270329485647, -0.00816740654409, 0.0161696262658, -0.00832600146532, 0.00587492389604, -0.00445097079501, 0.00337696704082, 0.00380097748712, 0.00735954474658, -0.00140993169043], [0.00222472520545, -0.0066661988385, 0.00284723704681, -0.00363403744996, 0.00645200442523, -0.00832600146532, 0.0252355784178, -0.0148809505627, 0.0105204246938, -0.011083743535, 0.00329574663192, -0.00806756690145, 0.00327712181024], [-0.00267825718038, 0.0102022644132, -0.00616773590446, 0.00428787618876, -0.0062956335023, 0.00587492389604, -0.0148809505627, 0.0313812717795, -0.0176444500685, 0.0123547157273, -0.00408578710631, 0.00745253218338, -0.00473071215674], [0.0022977089975, -0.00607800902799, 0.00574841117486, 5.63408284506e-05, 0.00495662679896, -0.00445097079501, 0.0105204246938, -0.0176444500685, 0.0291202124208, -0.0143969850615, 0.0022567755077, -0.00471417140216, -0.000194826890947], [-0.00166257598903, 0.00737357744947, -0.00235894112848, 0.00156606466044, -0.00208782660775, 0.00337696704082, -0.011083743535, 0.0123547157273, -0.0143969850615, 0.0297972746193, -0.0131174232811, 0.00593163724989, 0.00378076266497], [0.00126047048252, -0.00564016774297, 0.00398676935583, 0.00208223075606, -0.00121882976964, 0.00380097748712, 0.00329574663192, -0.00408578710631, 0.0022567755077, -0.0131174232811, 0.0310120154172, -0.00819851178676, 0.00301369349472], [-0.0020798004698, 0.00974322110415, -0.00557161355391, -0.000944592175074, 0.000427957857028, 0.00735954474658, -0.00806756690145, 0.00745253218338, -0.00471417140216, 0.00593163724989, -0.00819851178676, 0.0312853120267, -0.0102949021384], [0.00162609864492, -0.00522774038836, 0.00741445971653, -0.00085886195302, -0.000726615719032, -0.00140993169043, 0.00327712181024, -0.00473071215674, -0.000194826890947, 0.00378076266497, 0.00301369349472, -0.0102949021384, 0.0299885310233]]
    },
    "melbands": {
        "max": [8.72474047355e-05, 0.00104720634408, 0.00147079117596, 0.00354199809954, 0.00537538388744, 0.01163541805, 0.00916915107518, 0.0038732921239, 0.00125782308169, 0.00125206110533, 0.000566494301893, 0.00148088124115, 0.00173261517193, 0.00165937421843, 0.00129308516625, 0.000704280333593, 0.000994045636617, 0.000664133578539, 0.000720440701116, 0.000921790080611, 0.000614330754615, 0.000763253425248, 0.000948306755163, 0.000463510921691, 0.000156920068548, 0.00010794330592, 0.000103591584775, 7.41167459637e-05, 6.34527823422e-05, 4.16502662119e-05, 2.18012210098e-05, 1.9783159587e-05, 1.46249358295e-05, 1.45479916682e-05, 8.60617547005e-06, 3.935996574e-06, 3.6642240957e-06, 2.10198663808e-06, 1.47395371641e-06, 7.78450726102e-07],
        "mean": [1.44906998685e-05, 0.000100475248473, 0.000247539952397, 0.000807535136119, 0.00100310426205, 0.00134506565519, 0.00110794522334, 0.000202651688596, 0.00021756721253, 8.8440872787e-05, 7.64251890359e-05, 7.1528920671e-05, 0.000125832433696, 0.000183752956218, 0.000198498455575, 5.69110561628e-05, 7.89215482655e-05, 6.4855456003e-05, 4.39926152467e-05, 5.03165720147e-05, 5.12457954756e-05, 5.55983897357e-05, 2.67623054242e-05, 1.80064962478e-05, 1.0305104297e-05, 1.21743041746e-05, 7.18897808838e-06, 3.53999917024e-06, 2.53434473052e-06, 4.32789647675e-06, 1.29799821025e-06, 9.47561773046e-07, 1.5267028175e-06, 5.20617334132e-07, 5.00109763379e-07, 2.38073567971e-07, 1.99578721549e-07, 1.09098024836e-07, 8.52242152405e-08, 5.01801906694e-08],
        "min": [2.66515532702e-24, 3.52398602517e-24, 4.68895451075e-24, 2.35766148769e-24, 6.61150438338e-24, 7.31547005013e-24, 5.99785224622e-24, 3.53272384298e-24, 7.06071057623e-24, 7.0477708908e-24, 7.53668873606e-24, 7.72642082782e-24, 5.83280361219e-24, 3.60853416484e-24, 6.08317859717e-24, 9.68258919121e-24, 9.36257198779e-24, 6.17420249601e-24, 6.6452064934e-24, 6.33707939597e-24, 6.92912857724e-24, 8.24162667388e-24, 5.5538754123e-24, 6.99220273978e-24, 3.67272574885e-24, 6.13737018592e-24, 6.80704525241e-24, 7.58905095637e-24, 7.59012459606e-24, 6.3893473474e-24, 8.53764515084e-24, 7.10269217589e-24, 5.74147324088e-24, 7.70121198873e-24, 7.4124873197e-24, 8.40312464498e-24, 7.79555107553e-24, 7.29090807699e-24, 8.13523458131e-24, 9.51405615856e-24],
        "stdev": [1.25638734971e-05, 0.00016260726261, 0.00025675247889, 0.000704299425706, 0.00105621898547, 0.00175413640682, 0.00137070089113, 0.000305854948238, 0.000193468411453, 0.000173705760972, 8.5361636593e-05, 0.000150141873746, 0.000162159252795, 0.000207207922358, 0.000213913357584, 8.20539789856e-05, 0.000117241557746, 9.96965172817e-05, 8.28949341667e-05, 0.000104747901787, 7.77783425292e-05, 8.5726926045e-05, 7.73307692725e-05, 3.89924643969e-05, 1.86347733688e-05, 1.71573865373e-05, 1.02801923276e-05, 7.72864223109e-06, 5.62631203138e-06, 6.99055408404e-06, 2.59805437963e-06, 1.99370128939e-06, 2.39556948145e-06, 1.43368038152e-06, 9.91915271698e-07, 4.97639405239e-07, 3.99464454404e-07, 2.45628712037e-07, 1.64436173122e-07, 1.06779474152e-07]
    },
    "melbands128": {
        "max": [4.72404535685e-05, 6.47580600344e-05, 0.000104730825115, 0.000273829064099, 0.000709184678271, 0.00258114864118, 0.00255788071081, 0.00117845623754, 0.00412086723372, 0.00213160132989, 0.00720974709839, 0.0114860571921, 0.00312791019678, 0.0109945330769, 0.00829577259719, 0.0218706168234, 0.0208270773292, 0.00758026633412, 0.00313547370024, 0.0038027507253, 0.00652283336967, 0.0012476509437, 0.00173019594513, 0.00198681978509, 0.00269796513021, 0.000475201348308, 0.000283690111246, 0.00112314836588, 0.000915589276701, 0.00187719240785, 0.00261364411563, 0.00149549753405, 0.00349842640571, 0.0016907696845, 0.0038580452092, 0.00265284907073, 0.00352155626751, 0.00210240343586, 0.00103065767325, 0.000841922534164, 0.000802309368737, 0.00123122823425, 0.00167649099603, 0.0010658634128, 0.00105081370566, 0.00076337356586, 0.000956825795583, 0.000702277116943, 0.000947562919464, 0.00204164674506, 0.0015159829054, 0.00183354830369, 0.00083163601812, 0.000795662344899, 0.0020742979832, 0.000710217049345, 0.000674351758789, 0.00157233083155, 0.0010232788045, 0.00054115743842, 0.000553069461603, 0.00110606465023, 0.000193084604689, 0.000154729539645, 9.39760066103e-05, 0.000123794801766, 0.000307427690132, 0.000319796294207, 8.34910388221e-05, 5.37579144293e-05, 0.000184693402844, 6.09941525909e-05, 5.61285596632e-05, 0.000155597997946, 3.4208791476e-05, 9.64457576629e-05, 7.36463334761e-05, 2.94803558063e-05, 2.83315366687e-05, 3.01300988212e-05, 3.31296068907e-05, 1.60032468557e-05, 1.75779732672e-05, 2.95820082101e-05, 4.20961732743e-05, 2.71414010058e-05, 1.70395269379e-05, 1.16332294056e-05, 1.35876762215e-05, 8.31617307995e-06, 6.90682418281e-06, 3.74339856535e-06, 3.9587757783e-06, 4.8169913498e-06, 3.47982859239e-06, 3.01964132632e-06, 2.21643608711e-06, 2.3437114578e-06, 1.77929860001e-06, 1.62880189691e-06, 1.11964118332e-06, 9.07708852083e-07, 7.09769039986e-07, 8.4063367467e-07, 5.93913171087e-07, 3.52779295554e-07, 3.65353770349e-07, 5.59781710763e-07, 2.8708359423e-07, 3.33220526727e-07, 3.13786728157e-07, 1.79202928052e-07, 1.00842456163e-07, 1.88704607496e-08, 6.34093444418e-09, 6.13765660518e-09, 5.94399729437e-09, 5.77906833499e-09, 5.63006530285e-09, 5.47089351599e-09, 5.34995736601e-09, 5.22698861971e-09, 5.11891373733e-09, 5.02267427649e-09, 4.94449015065e-09, 4.90487161997e-09, 4.85882445389e-09, 4.84595652495e-09],
        "mean": [9.32014700084e-06, 8.77177626535e-06, 1.41610125866e-05, 2.97479327855e-05, 5.92490214331e-05, 0.000189514044905, 0.000243542497628, 0.000170244093169, 0.000413196656154, 0.000398526870413, 0.00141574593727, 0.00170056475326, 0.000499394955114, 0.000768849742599, 0.000692354282364, 0.00229259347543, 0.00217865710147, 0.000584063760471, 0.000244832481258, 0.000191175029613, 0.000171752646565, 0.000208323588595, 0.000284155656118, 0.000127110717585, 0.00014950131299, 2.86235699605e-05, 5.49827200302e-05, 0.00012331212929, 4.29167303082e-05, 6.14250820945e-05, 7.52006453695e-05, 9.45892898017e-05, 0.000179050039151, 0.000103642414615, 7.0279405918e-05, 0.000208621742786, 0.000382621627068, 0.000215950974962, 8.82291642483e-05, 5.19316345162e-05, 3.10643881676e-05, 9.263883112e-05, 8.69565483299e-05, 8.17848049337e-05, 3.47782770405e-05, 8.08218828752e-05, 7.59477406973e-05, 3.07789523504e-05, 3.07865120703e-05, 5.98468031967e-05, 5.37930718565e-05, 4.21916920459e-05, 3.61332931789e-05, 4.19983007305e-05, 0.000114666334412, 4.80055896332e-05, 2.00642134587e-05, 3.67880384147e-05, 2.63732745225e-05, 1.10315786515e-05, 1.96961427719e-05, 2.35765273828e-05, 1.06091629277e-05, 8.19771139504e-06, 4.73318868899e-06, 9.4244533102e-06, 2.21800964937e-05, 1.03848451545e-05, 2.31130979955e-06, 3.64643187822e-06, 5.0255748647e-06, 2.38588359025e-06, 2.11604151445e-06, 2.93334142043e-06, 1.87369300875e-06, 6.59757188259e-06, 4.26395627073e-06, 1.24730456719e-06, 9.67348000813e-07, 1.31226647682e-06, 8.08407150998e-07, 6.72096575727e-07, 1.44526291024e-06, 2.19835033022e-06, 9.8401710602e-07, 5.99377870003e-07, 3.54894041266e-07, 3.28341599243e-07, 6.13515112491e-07, 5.87532099416e-07, 2.02304235586e-07, 1.56662139261e-07, 2.19375380084e-07, 2.26768975153e-07, 1.90196715266e-07, 1.03147563379e-07, 1.03575317212e-07, 9.28805619083e-08, 7.78314088734e-08, 9.439733617e-08, 6.04907910429e-08, 3.35845165012e-08, 4.65997445076e-08, 5.31641717316e-08, 2.67641606655e-08, 2.17534701363e-08, 2.70869708885e-08, 2.13296704743e-08, 1.36442324106e-08, 1.46564191894e-08, 1.39252236409e-08, 3.48016082619e-09, 2.83733103679e-09, 4.28797719554e-10, 1.73016254101e-11, 1.54200749392e-11, 1.47197375816e-11, 1.43080217813e-11, 1.39351056735e-11, 1.35579013294e-11, 1.32608255973e-11, 1.29696938952e-11, 1.26975860382e-11, 1.24623835557e-11, 1.22823418103e-11, 1.21792341837e-11, 1.20745861226e-11, 1.20281319627e-11],
        "min": [1.41337052945e-24, 1.63540312262e-24, 2.14941581656e-24, 3.94214068064e-24, 4.49409442868e-24, 2.78552071002e-24, 9.17444641126e-25, 5.33668504459e-24, 3.14315632342e-24, 2.45398061535e-24, 1.08252078668e-24, 3.69498937574e-24, 1.07192612835e-23, 5.68646754768e-24, 4.65805522353e-24, 1.07772125833e-24, 3.63217435401e-24, 9.65446787766e-24, 2.56296352435e-24, 1.66846112771e-24, 2.57104067115e-24, 2.48197511951e-24, 7.76594039259e-24, 5.33626063742e-24, 5.41989093743e-24, 1.75587302968e-24, 1.34611019763e-23, 1.71094168189e-24, 5.89669030146e-24, 9.2940183974e-24, 2.09155523574e-24, 6.03855589121e-24, 4.18650217895e-24, 3.17187934063e-24, 2.25273135159e-24, 1.70358890661e-24, 2.08957065892e-24, 5.99762387099e-24, 2.20943925676e-24, 7.12125091754e-24, 7.25693420438e-24, 4.11885262316e-24, 1.40349036215e-23, 2.53654023389e-24, 5.03732889713e-24, 3.83385256089e-24, 3.72153296748e-24, 4.92936381592e-24, 3.93221247172e-24, 7.39773719849e-24, 4.23460100049e-24, 5.61676734797e-24, 4.00125397257e-24, 6.01391700412e-24, 4.50290048297e-24, 9.65332008504e-24, 6.3554874652e-24, 3.32948724139e-24, 4.87298313817e-24, 5.9250991548e-24, 6.16011186252e-24, 9.71907321921e-24, 4.99946278482e-24, 1.10318006772e-24, 2.51147772851e-24, 4.82188546189e-24, 6.25912495018e-24, 6.06461867222e-24, 7.67972657312e-24, 7.56840725534e-24, 4.42981094238e-24, 5.18761557705e-24, 5.42778151863e-24, 6.53143736808e-24, 6.1815515242e-24, 4.81575482937e-24, 5.83790872553e-24, 7.23249844898e-24, 9.04654484283e-24, 7.25598441585e-24, 5.49060009024e-24, 5.80957323625e-24, 6.45925422867e-24, 3.94214462495e-24, 5.10691905075e-24, 8.47347683823e-24, 6.69064014838e-24, 7.37651526242e-24, 8.98457429669e-24, 4.30632620615e-24, 4.14524159816e-24, 1.00875122827e-23, 6.41139048768e-24, 7.65333365381e-24, 7.05447463078e-24, 6.76160370883e-24, 7.4511265157e-24, 5.02076400142e-24, 9.80972674786e-24, 8.52045350513e-24, 6.96485766536e-24, 1.14825260189e-23, 6.43487290467e-24, 8.35260362603e-24, 8.97632438935e-24, 1.02761076259e-23, 7.80935219706e-24, 8.6558859342e-24, 8.92731482789e-24, 8.03102368915e-24, 1.11365150598e-23, 9.47554239144e-24, 7.01548675826e-24, 6.30643924955e-24, 6.64502189995e-24, 7.78273050809e-24, 1.10761664117e-23, 1.0067201481e-23, 6.67280242559e-24, 8.30085277292e-24, 8.4445761301e-24, 7.44963241314e-24, 8.7398049573e-24, 8.78969567639e-24, 8.84937142615e-24, 6.28646568586e-24, 9.55341952887e-24, 7.83086758939e-24],
        "stdev": [8.28400061437e-06, 8.51353252074e-06, 1.5408908439e-05, 4.0656170313e-05, 0.000103663529444, 0.000381987018045, 0.000392210698919, 0.000185723503819, 0.000602153944783, 0.000371246278519, 0.00142774439882, 0.00196911743842, 0.000607287802268, 0.00173465628177, 0.00120487704407, 0.00327632133849, 0.00309366313741, 0.00100504758302, 0.000432761677075, 0.000366708496585, 0.000476014567539, 0.000192885490833, 0.000277204293525, 0.000280811247649, 0.000378318596631, 5.52189885639e-05, 5.68572359043e-05, 0.000159755029017, 7.3889248597e-05, 0.000171698877239, 0.000248466269113, 0.000140775184263, 0.000276472710539, 0.000168800557731, 0.000232076825341, 0.000276759557892, 0.000517326232512, 0.000355799827958, 0.000132924411446, 9.03468753677e-05, 8.30682838568e-05, 0.000149185478222, 0.000152797336341, 0.000133054229082, 0.000104469327198, 0.000132339104312, 0.000116296694614, 9.03104883037e-05, 9.01941748452e-05, 0.000175047389348, 0.000118969190225, 0.000146662307088, 7.82039569458e-05, 7.69549078541e-05, 0.000214737927308, 8.76972990227e-05, 6.15787939751e-05, 0.000121870660223, 8.5338120698e-05, 3.86941246688e-05, 4.92293838761e-05, 7.0394235081e-05, 2.11545630009e-05, 1.76717985596e-05, 1.16114215416e-05, 1.67840116774e-05, 4.03252925025e-05, 2.23277547775e-05, 6.66409459882e-06, 7.98354813014e-06, 1.37855558933e-05, 6.61406193103e-06, 6.17999603492e-06, 9.92142577161e-06, 4.12561985286e-06, 1.28420506371e-05, 7.89216210251e-06, 3.13549526254e-06, 2.73852492683e-06, 3.51515473085e-06, 2.44113448389e-06, 1.82233304713e-06, 2.38590291701e-06, 3.95872530135e-06, 3.01216050502e-06, 1.95731558961e-06, 1.27894168145e-06, 1.0344220982e-06, 1.36406413276e-06, 1.02097249055e-06, 5.71256350668e-07, 4.67917004698e-07, 5.10016718636e-07, 4.94899438763e-07, 3.81856835929e-07, 2.75891551382e-07, 2.72980287264e-07, 2.52992123251e-07, 1.73883833554e-07, 1.84718118135e-07, 1.46704991266e-07, 1.02328293394e-07, 9.4726040345e-08, 9.38068112077e-08, 6.24480449574e-08, 4.79066990522e-08, 4.6384730723e-08, 4.21359906966e-08, 3.2444049225e-08, 2.71752096381e-08, 2.61063579643e-08, 1.20328174091e-08, 1.00332675501e-08, 1.80935078031e-09, 2.70618888409e-10, 2.61380556088e-10, 2.53109533332e-10, 2.46086456768e-10, 2.39741476671e-10, 2.32962898972e-10, 2.27812685383e-10, 2.22576082565e-10, 2.17974249761e-10, 2.1387608351e-10, 2.10546344248e-10, 2.08859110562e-10, 2.068979571e-10, 2.06350325715e-10]
    },
    "mfcc": {
        "mean": [-671.55670166, 158.983596802, -42.7090568542, 7.31042718887, -7.19767475128, -6.00070571899, -14.8572492599, -14.4077835083, -22.2990188599, -14.0936136246, -10.7121982574, -0.0660320743918, 1.29747760296],
        "cov": [[6883.98388672, -761.371154785, -645.615661621, 158.778640747, -301.550018311, 198.352493286, -55.2109336853, 175.951416016, 90.0439910889, -148.452972412, -27.6907730103, 123.215621948, 133.097137451], [-761.371154785, 2595.87353516, 268.895721436, -40.4645462036, 147.981124878, -326.465576172, -79.7235488892, -342.897613525, -346.009460449, -37.9556999207, -51.7770309448, -93.5300216675, -113.07559967], [-645.615661621, 268.895721436, 360.589324951, 84.9361419678, -5.16347408295, -12.2443847656, 37.1243896484, -14.223033905, -44.2559432983, -41.5444259644, -27.8974914551, -0.674415946007, 4.29960203171], [158.778640747, -40.4645462036, 84.9361419678, 146.698257446, -13.7733221054, 2.81185889244, 16.773979187, 11.9766550064, -13.5820360184, -51.4154243469, -17.1386585236, 8.05819511414, 12.0019025803], [-301.550018311, 147.981124878, -5.16347408295, -13.7733221054, 105.602172852, -4.29730081558, -4.57315397263, -15.3244447708, -15.963435173, 17.5741767883, -3.99017477036, -36.8971595764, -35.4524116516], [198.352493286, -326.465576172, -12.2443847656, 2.81185889244, -4.29730081558, 128.570800781, 43.5010490417, 42.3636741638, 46.1647491455, 2.07204675674, -10.0137758255, 13.763874054, 29.3732395172], [-55.2109336853, -79.7235488892, 37.1243896484, 16.773979187, -4.57315397263, 43.5010490417, 85.0524368286, 28.8112735748, 11.5763025284, 5.7016992569, -14.2307033539, -12.1676483154, 3.85969376564], [175.951416016, -342.897613525, -14.223033905, 11.9766550064, -15.3244447708, 42.3636741638, 28.8112735748, 110.750793457, 68.9776535034, -0.996302425861, 0.941493749619, -0.478710740805, -6.41676330566], [90.0439910889, -346.009460449, -44.2559432983, -13.5820360184, -15.963435173, 46.1647491455, 11.5763025284, 68.9776535034, 105.595680237, 22.6339626312, 6.43150663376, 13.3734807968, -1.27734076977], [-148.452972412, -37.9556999207, -41.5444259644, -51.4154243469, 17.5741767883, 2.07204675674, 5.7016992569, -0.996302425861, 22.6339626312, 82.5941238403, 25.5226268768, -23.2397518158, -10.3983545303], [-27.6907730103, -51.7770309448, -27.8974914551, -17.1386585236, -3.99017477036, -10.0137758255, -14.2307033539, 0.941493749619, 6.43150663376, 25.5226268768, 61.6244316101, 21.2480812073, -8.7177772522], [123.215621948, -93.5300216675, -0.674415946007, 8.05819511414, -36.8971595764, 13.763874054, -12.1676483154, -0.478710740805, 13.3734807968, -23.2397518158, 21.2480812073, 97.1408462524, 40.8495521545], [133.097137451, -113.07559967, 4.29960203171, 12.0019025803, -35.4524116516, 29.3732395172, 3.85969376564, -6.41676330566, -1.27734076977, -10.3983545303, -8.7177772522, 40.8495521545, 93.4862289429]],
        "icov": [[0.000318925973261, -0.000265850510914, 0.000873271084856, -0.000728034414351, 0.00109308527317, -0.000991051085293, 0.000577874016017, -0.000903016130906, 0.000224720031838, 8.97523932508e-05, 8.72484961292e-05, 3.2613552321e-05, -7.53003114369e-05], [-0.000265850510914, 0.00155964377336, -0.0014009171864, 0.00142956001218, -0.00183787592687, 0.00284484098665, -0.00107010593638, 0.0029011501465, 0.00161495734937, 9.09108348424e-05, 0.00110385182779, -0.000422560726292, 0.00111810280941], [0.000873271084856, -0.0014009171864, 0.00630769319832, -0.00403194921091, 0.00348264421336, -0.00318517070264, 0.000186870529433, -0.00334852142259, 0.0007952756132, 0.000355697295163, 0.000558702391572, -0.000273908022791, -0.000404078717111], [-0.000728034414351, 0.00142956001218, -0.00403194921091, 0.0122046312317, -0.00319274654612, 0.00406764307991, -0.00329967099242, 0.00245385896415, 0.000294512195978, 0.00613551493734, -0.000886890396941, 0.000947002437897, -0.000609984213952], [0.00109308527317, -0.00183787592687, 0.00348264421336, -0.00319274654612, 0.01715580374, -0.00730857532471, 0.00428825384006, -0.00365790887736, 0.00202597700991, -0.00266118696891, 0.00112491857726, 0.00254061096348, 0.00357108609751], [-0.000991051085293, 0.00284484098665, -0.00318517070264, 0.00406764307991, -0.00730857532471, 0.0190404932946, -0.00873897969723, 0.00504704331979, -0.00271971989423, 0.00160929327831, 0.00191502145026, -0.00146971817594, -0.00260804593563], [0.000577874016017, -0.00107010593638, 0.000186870529433, -0.00329967099242, 0.00428825384006, -0.00873897969723, 0.0193911511451, -0.00713323894888, 0.00344504858367, -0.00520569179207, 0.00354578020051, 0.000957613752689, 0.00076001137495], [-0.000903016130906, 0.0029011501465, -0.00334852142259, 0.00245385896415, -0.00365790887736, 0.00504704331979, -0.00713323894888, 0.024987693876, -0.0105676548555, 0.00576828094199, -0.00221370276995, 0.00305101159029, 0.00262796087191], [0.000224720031838, 0.00161495734937, 0.0007952756132, 0.000294512195978, 0.00202597700991, -0.00271971989423, 0.00344504858367, -0.0105676548555, 0.0254226624966, -0.00922944396734, 0.00669342000037, -0.00653821974993, 0.00511617446318], [8.97523932508e-05, 9.09108348424e-05, 0.000355697295163, 0.00613551493734, -0.00266118696891, 0.00160929327831, -0.00520569179207, 0.00576828094199, -0.00922944396734, 0.0260362271219, -0.013064308092, 0.00984392035753, -0.00447562709451], [8.72484961292e-05, 0.00110385182779, 0.000558702391572, -0.000886890396941, 0.00112491857726, 0.00191502145026, 0.00354578020051, -0.00221370276995, 0.00669342000037, -0.013064308092, 0.0281606726348, -0.0115979192778, 0.00715783890337], [3.2613552321e-05, -0.000422560726292, -0.000273908022791, 0.000947002437897, 0.00254061096348, -0.00146971817594, 0.000957613752689, 0.00305101159029, -0.00653821974993, 0.00984392035753, -0.0115979192778, 0.0202233698219, -0.00798408687115], [-7.53003114369e-05, 0.00111810280941, -0.000404078717111, -0.000609984213952, 0.00357108609751, -0.00260804593563, 0.00076001137495, 0.00262796087191, 0.00511617446318, -0.00447562709451, 0.00715783890337, -0.00798408687115, 0.0183042306453]]
    },
    "spectral_contrast_coeffs": {
        "max": [-0.376012027264, -0.436076581478, -0.504729509354, -0.562686264515, -0.524175167084, -0.488912910223],
        "mean": [-0.594835221767, -0.692994058132, -0.703913390636, -0.74177646637, -0.690462231636, -0.667626917362],
        "min": [-0.970145225525, -0.971352398396, -0.972435057163, -0.961303532124, -0.956505775452, -0.964555680752],
        "stdev": [0.0891934111714, 0.0998205170035, 0.0768746212125, 0.0605108141899, 0.0669809132814, 0.0791835337877]
    },
    "spectral_contrast_valleys": {
        "max": [-5.97571277618, -5.15439224243, -5.51459550858, -5.33273553848, -5.95174074173, -9.02122211456],
        "mean": [-7.78441047668, -6.69776821136, -7.5425286293, -7.82011461258, -8.7708864212, -12.7784519196],
        "min": [-27.2949733734, -27.2204666138, -27.5073890686, -27.3920764923, -27.4518928528, -27.3186855316],
        "stdev": [1.78403818607, 1.8283932209, 1.80317318439, 1.8355653286, 1.87797355652, 1.65718221664]
    }
},
"rhythm": {
    "beats_count": 20,
    "beats_loudness": {
        "max": 0.0563011690974,
        "mean": 0.0289492495358,
        "min": 0.00921963341534,
        "stdev": 0.0117368791252
    },
    "bpm": 95.4505767822,
    "bpm_histogram_first_peak_bpm": 94,
    "bpm_histogram_first_peak_weight": 0.615384578705,
    "bpm_histogram_second_peak_bpm": 108,
    "bpm_histogram_second_peak_spread": 0.166666686535,
    "bpm_histogram_second_peak_weight": 0.263157904148,
    "danceability": 1.06883239746,
    "onset_rate": 2.11609268188,
    "beats_loudness_band_ratio": {
        "max": [0.139708399773, 0.832076072693, 0.662841260433, 0.36671885848, 0.492586761713, 0.148108512163],
        "mean": [0.0492918416858, 0.461983680725, 0.324489355087, 0.176288336515, 0.122386418283, 0.0290309824049],
        "min": [0.0067195771262, 0.0112393414602, 0.0314010083675, 0.0274395495653, 0.00738406646997, 0.000439473951701],
        "stdev": [0.0394018366933, 0.22082324326, 0.186893060803, 0.103851921856, 0.137670725584, 0.0367193929851]
    },
    "beats_position": [0.626938760281, 1.26548755169, 1.90403628349, 2.54258489609, 3.1811337471, 3.8196823597, 4.446621418, 5.07355976105, 5.6888885498, 6.30421733856, 6.93115615845, 7.5464849472, 8.17342376709, 8.80036258698, 9.35764122009, 9.91492080688, 10.47219944, 11.0294780731, 11.5983667374, 12.1556463242],
