{
"metadata": {
    "version": {
        "essentia": "2.1-beta5",
        "essentia_git_sha": "Undefined",
        "extractor": "music 2.0"
    },
    "audio_properties": {
        "analysis": {
            "equal_loudness": 0,
            "length": 45.2556915283,
            "sample_rate": 44100,
            "start_time": 97.4889831543,
            "downmix": "mix"
        },
        "bit_rate": 192000,
        "length": 167.973144531,
        "lossless": 0,
        "number_channels": 2,
        "replay_gain": -12.7051448822,
        "sample_rate": 44100,
        "codec": "mp3",
        "md5_encoded": "63995fc942ab7ef99fca1ffbd3c59a1b"
    },
    "tags": {
        "file_name": "Portugal_Silêncio E Tanta Gente_Maria Guinot.mp3",
        "encoding": ["Lavf58.29.100"]
    }
},
"lowlevel": {
    "average_loudness": 0.956377744675,
    "barkbands_crest": {
        "max": 24.2247753143,
        "mean": 10.3319740295,
        "min": 3.3461227417,
        "stdev": 4.23699808121
    },
    "barkbands_flatness_db": {
        "max": 0.389335900545,
        "mean": 0.17573235929,
        "min": 0.0772727057338,
        "stdev": 0.0400703549385
    },
    "barkbands_kurtosis": {
        "max": 94.4196853638,
        "mean": 2.24669504166,
        "min": -1.81098294258,
        "stdev": 6.16006946564
    },
    "barkbands_skewness": {
        "max": 8.71810054779,
        "mean": 1.052749753,
        "min": -2.10960531235,
        "stdev": 1.07484161854
    },
    "barkbands_spread": {
        "max": 78.89427948,
        "mean": 18.3332691193,
        "min": 0.94871032238,
        "stdev": 10.8887481689
    },
    "dissonance": {
        "max": 0.499954879284,
        "mean": 0.453195631504,
        "min": 0.27281755209,
        "stdev": 0.033119559288
    },
    "dynamic_complexity": 2.30416822433,
    "erbbands_crest": {
        "max": 30.2956981659,
        "mean": 11.283449173,
        "min": 2.81615829468,
        "stdev": 5.09308052063
    },
    "erbbands_flatness_db": {
        "max": 0.360780775547,
        "mean": 0.22631034255,
        "min": 0.0721383616328,
        "stdev": 0.0440380387008
    },
    "erbbands_kurtosis": {
        "max": 21.5984630585,
        "mean": 0.329988628626,
        "min": -1.75878822803,
        "stdev": 2.15769386292
    },
    "erbbands_skewness": {
        "max": 4.17112350464,
        "mean": 0.269564330578,
        "min": -2.44896221161,
        "stdev": 0.835423827171
    },
    "erbbands_spread": {
        "max": 109.639709473,
        "mean": 29.8877792358,
        "min": 3.65606689453,
        "stdev": 14.8504838943
    },
    "hfc": {
        "max": 114.487419128,
        "mean": 22.0947628021,
        "min": 0.518810808659,
        "stdev": 16.5878658295
    },
    "loudness_ebu128": {
        "integrated": -11.5653619766,
        "loudness_range": 3.90138053894,
        "momentary": {
            "max": -8.05475902557,
            "mean": -12.143866539,
            "min": -21.819480896,
            "stdev": 2.51038455963
        },
        "short_term": {
            "max": -9.95223522186,
            "mean": -11.8424186707,
            "min": -16.2607917786,
            "stdev": 1.58746254444
        }
    },
    "melbands_crest": {
        "max": 30.6408538818,
        "mean": 12.1543445587,
        "min": 4.00208759308,
        "stdev": 4.55544233322
    },
    "melbands_flatness_db": {
        "max": 0.445385783911,
        "mean": 0.204250320792,
        "min": 0.0419807508588,
        "stdev": 0.0513400807977
    },
    "melbands_kurtosis": {
        "max": 285.293609619,
        "mean": 6.57800960541,
        "min": -1.653388381,
        "stdev": 13.3810892105
    },
    "melbands_skewness": {
        "max": 14.3154802322,
        "mean": 1.76726615429,
        "min": -1.34330546856,
        "stdev": 1.25613903999
    },
    "melbands_spread": {
        "max": 150.463973999,
        "mean": 24.848772049,
        "min": 1.23792016506,
        "stdev": 15.1974382401
    },
    "pitch_salience": {
        "max": 0.779279470444,
        "mean": 0.542837142944,
        "min": 0.214811980724,
        "stdev": 0.0943455919623
    },
    "silence_rate_20dB": {
        "max": 1,
        "mean": 1,
        "min": 1,
        "stdev": 0
    },
    "silence_rate_30dB": {
        "max": 1,
        "mean": 1,
        "min": 1,
        "stdev": 0
    },
    "silence_rate_60dB": {
        "max": 1,
        "mean": 0.0287179481238,
        "min": 0,
        "stdev": 0.167011260986
    },
    "spectral_centroid": {
        "max": 4026.77514648,
        "mean": 1351.20605469,
        "min": 235.831329346,
        "stdev": 545.721191406
    },
    "spectral_complexity": {
        "max": 44,
        "mean": 17.9082050323,
        "min": 2,
        "stdev": 6.56410360336
    },
    "spectral_decrease": {
        "max": -2.57794369185e-10,
        "mean": -5.30364596685e-09,
        "min": -1.98215150959e-08,
        "stdev": 3.04372083093e-09
    },
    "spectral_energy": {
        "max": 0.0788794532418,
        "mean": 0.0220212191343,
        "min": 0.00104060571175,
        "stdev": 0.0126368338242
    },
    "spectral_energyband_high": {
        "max": 0.0152369430289,
        "mean": 0.000378261844162,
        "min": 1.00251361346e-06,
        "stdev": 0.00095159112243
    },
    "spectral_energyband_low": {
        "max": 0.010269404389,
        "mean": 0.0011216304265,
        "min": 5.4124025155e-06,
        "stdev": 0.00126647588331
    },
    "spectral_energyband_middle_high": {
        "max": 0.0602746270597,
        "mean": 0.00849115196615,
        "min": 7.16451104381e-05,
        "stdev": 0.00847630109638
    },
    "spectral_energyband_middle_low": {
        "max": 0.0716502964497,
        "mean": 0.0129042929038,
        "min": 0.000444599980256,
        "stdev": 0.00945803336799
    },
    "spectral_entropy": {
        "max": 8.51866531372,
        "mean": 7.10723257065,
        "min": 5.27558326721,
        "stdev": 0.414112478495
    },
    "spectral_flux": {
        "max": 0.186005830765,
        "mean": 0.0747893974185,
        "min": 0.0119459927082,
        "stdev": 0.0310419537127
    },
    "spectral_kurtosis": {
        "max": 43.8324775696,
        "mean": 6.2287478447,
        "min": -1.04497873783,
        "stdev": 4.34810686111
    },
    "spectral_rms": {
        "max": 0.00877243187279,
        "mean": 0.00442899949849,
        "min": 0.00100758380722,
        "stdev": 0.00136677676346
    },
    "spectral_rolloff": {
        "max": 10938.8671875,
        "mean": 1672.03674316,
        "min": 215.33203125,
        "stdev": 1263.15527344
    },
    "spectral_skewness": {
        "max": 4.9626865387,
        "mean": 1.52971124649,
        "min": 0.110810413957,
        "stdev": 0.529779434204
    },
    "spectral_spread": {
        "max": 13990493,
        "mean": 3100162.75,
        "min": 1343153.125,
        "stdev": 1512782.25
    },
    "spectral_strongpeak": {
        "max": 13.5418615341,
        "mean": 1.93240118027,
        "min": 0.0339409857988,
        "stdev": 1.90977525711
    },
    "zerocrossingrate": {
        "max": 0.265625,
        "mean": 0.0576928071678,
        "min": 0.0126953125,
        "stdev": 0.0287259444594
    },
    "barkbands": {
        "max": [0.000146238511661, 0.00552188139409, 0.00699465442449, 0.00496342871338, 0.024558454752, 0.0523937903345, 0.0386287942529, 0.0204954706132, 0.0695524290204, 0.0422899015248, 0.0165039673448, 0.0515500344336, 0.0250266324729, 0.0461565852165, 0.0308390054852, 0.0301128774881, 0.0167379193008, 0.0115115800872, 0.00500717666, 0.00465243030339, 0.00379596929997, 0.00457550352439, 0.00393349863589, 0.00231214240193, 0.00548417633399, 0.00113933556713, 3.83880546906e-07],
        "mean": [1.14379463412e-05, 0.00057911145268, 0.000367321801605, 0.000302728964016, 0.00247784797102, 0.00479063624516, 0.00180303642992, 0.0011034932686, 0.0011832852615, 0.00190670974553, 0.000582516950089, 0.00132434244733, 0.000436678354163, 0.00143246236257, 0.000917550351005, 0.000533538288437, 0.000472064944915, 0.000820962770376, 0.000468390295282, 0.000186199860764, 7.2718867159e-05, 9.02037500055e-05, 7.37135269446e-05, 3.20231010846e-05, 4.64247532364e-05, 5.85428824706e-06, 9.591113459e-10],
        "min": [5.85321391355e-09, 4.57251076114e-07, 2.85918446252e-07, 1.79260823074e-07, 2.49825770879e-05, 2.80787226075e-05, 9.78100069915e-06, 1.08157314571e-06, 2.16716580326e-06, 7.70442284193e-07, 2.38486705939e-07, 3.42928001373e-06, 1.35226468956e-06, 1.47637820191e-06, 9.93499838842e-07, 1.23757467918e-06, 2.45438127422e-06, 2.04390198633e-06, 6.82289510223e-07, 2.52066968187e-07, 1.69066154854e-07, 1.02041362027e-07, 7.0225844695e-08, 8.11372800058e-08, 3.8722344442e-08, 1.26902366393e-09, 1.03447719141e-11],
        "stdev": [1.57982758537e-05, 0.000674039707519, 0.000627110188361, 0.000478279398521, 0.0028722898569, 0.00632211426273, 0.00302947754972, 0.00185257615522, 0.0036690288689, 0.00466511538252, 0.00108478497714, 0.00306465360336, 0.00143443152774, 0.00373987806961, 0.00242270040326, 0.00162229523994, 0.00105346937198, 0.00121085147839, 0.000653166440316, 0.000338060577633, 0.000236472624238, 0.000295131205348, 0.000183953496162, 0.000126848433865, 0.000301295425743, 4.98783738294e-05, 9.22197784803e-09]
    },
    "erbbands": {
        "max": [0.0971828699112, 1.43012750149, 4.52653455734, 15.9075393677, 70.8845748901, 96.6030044556, 169.199356079, 532.289489746, 760.429748535, 428.900543213, 547.480957031, 1352.70776367, 1675.14733887, 1100.10534668, 308.789428711, 2661.94482422, 868.585021973, 2546.62084961, 1533.11315918, 2332.14501953, 1016.11877441, 883.66595459, 564.767578125, 376.891448975, 230.353607178, 240.080734253, 170.785324097, 132.272567749, 155.313140869, 174.698974609, 107.096252441, 59.2653694153, 37.9511833191, 59.7780532837, 53.2753562927, 8.84237957001, 0.772142231464, 0.0356012545526, 0.000942788261455, 0.000140853939229],
        "mean": [0.00972857698798, 0.153643637896, 0.38340473175, 0.939291954041, 4.34011697769, 8.10462379456, 16.4979496002, 42.5245361328, 42.5303192139, 15.1615400314, 25.0997047424, 30.3974590302, 66.5270004272, 32.1486549377, 23.1118068695, 63.1139907837, 26.7211952209, 71.5748519897, 49.3144760132, 49.675617218, 24.2822933197, 26.6583061218, 42.7926826477, 34.7700576782, 17.8336372375, 9.45789051056, 3.30943989754, 3.06277012825, 3.1726834774, 2.92885541916, 1.96223461628, 0.91607773304, 0.455676496029, 0.5388058424, 0.302856951952, 0.0532832182944, 0.00687773013487, 0.000299907056615, 2.33936207223e-05, 2.81795073533e-05],
        "min": [2.55142913375e-05, 0.00019031870761, 0.00121762836352, 0.0026291902177, 0.0201397631317, 0.0825179740787, 0.227044686675, 0.235479414463, 0.382994025946, 0.225394308567, 0.144948333502, 0.0804593488574, 0.113478936255, 0.0905699655414, 0.106750182807, 0.122984409332, 0.100158214569, 0.0953008010983, 0.111440896988, 0.0850158259273, 0.0992915406823, 0.138042986393, 0.149132505059, 0.0800727456808, 0.0155927408487, 0.013036813587, 0.010256934911, 0.00591607578099, 0.00395125895739, 0.00353239523247, 0.00212137959898, 0.00223477301188, 0.000988302868791, 0.000512067752425, 0.000234528401052, 8.45435788506e-05, 4.98906456414e-06, 2.479272041e-07, 5.79455900152e-07, 1.21844391288e-06],
        "stdev": [0.0114632286131, 0.178149834275, 0.484460681677, 1.48730957508, 6.40364789963, 9.62773227692, 21.5515117645, 58.4707489014, 68.2413253784, 25.7099018097, 43.1270828247, 82.1071243286, 175.645874023, 77.6979141235, 29.3868808746, 151.152526855, 56.8195762634, 189.287002563, 125.216072083, 142.814849854, 57.2324333191, 55.6115188599, 65.5863113403, 48.0535621643, 24.4261398315, 17.6877784729, 9.95195102692, 9.90255260468, 10.759762764, 8.22236537933, 4.97047805786, 3.13459515572, 2.19928526878, 3.4535074234, 2.21048498154, 0.438710927963, 0.0485915467143, 0.0020557064563, 6.79483273416e-05, 1.73145454028e-05]
    },
    "gfcc": {
        "mean": [-30.6817150116, 124.324790955, -163.43737793, 28.8617763519, -68.3833618164, -4.05144405365, -42.919380188, -4.03789806366, -16.7754497528, -9.00938129425, 1.07828342915, -0.335438281298, -8.67609119415],
        "cov": [[2337.94995117, -812.110168457, -237.820327759, 269.605895996, -51.2485733032, 257.475616455, 36.646068573, 63.9953460693, 40.4245758057, 67.6854629517, -73.9940872192, 158.095916748, 32.4869537354], [-812.110168457, 837.739807129, -47.7585754395, -114.755310059, 173.806793213, -172.783508301, 170.491439819, -66.3324966431, 51.0693969727, -78.8851394653, 114.780136108, -95.7203292847, -28.4810314178], [-237.820327759, -47.7585754395, 767.126037598, 127.860023499, -25.8727893829, 118.606491089, -217.744338989, 84.6307983398, -45.0863113403, 90.4664993286, -94.8371200562, 64.3176193237, 8.36570262909], [269.605895996, -114.755310059, 127.860023499, 360.505981445, 49.7596588135, 30.5233516693, -48.3366775513, 21.1784038544, 86.964050293, 25.8406276703, -47.7174263, 47.2046813965, 19.6551303864], [-51.2485733032, 173.806793213, -25.8727893829, 49.7596588135, 220.850448608, 4.11871337891, -10.4840698242, 0.81097972393, 44.2334976196, 6.31113815308, -13.1735887527, -10.1200418472, 11.8275213242], [257.475616455, -172.783508301, 118.606491089, 30.5233516693, 4.11871337891, 257.546966553, 33.1974716187, 31.1610679626, -34.2770576477, 35.457069397, -30.0192089081, -7.86979341507, -14.8853712082], [36.646068573, 170.491439819, -217.744338989, -48.3366775513, -10.4840698242, 33.1974716187, 322.375427246, 21.660943985, -25.7312335968, -40.0551261902, 98.7033538818, -48.3701591492, -47.0647239685], [63.9953460693, -66.3324966431, 84.6307983398, 21.1784038544, 0.81097972393, 31.1610679626, 21.660943985, 140.459945679, 40.5399208069, 32.9183425903, 8.24095916748, 16.2725391388, -5.73783540726], [40.4245758057, 51.0693969727, -45.0863113403, 86.964050293, 44.2334976196, -34.2770576477, -25.7312335968, 40.5399208069, 204.931396484, 45.6854934692, 24.4877281189, 14.9731454849, 13.4742879868], [67.6854629517, -78.8851394653, 90.4664993286, 25.8406276703, 6.31113815308, 35.457069397, -40.0551261902, 32.9183425903, 45.6854934692, 128.485671997, -0.411561012268, 27.4019546509, 13.3475437164], [-73.9940872192, 114.780136108, -94.8371200562, -47.7174263, -13.1735887527, -30.0192089081, 98.7033538818, 8.24095916748, 24.4877281189, -0.411561012268, 150.568618774, 8.95732307434, -17.7185115814], [158.095916748, -95.7203292847, 64.3176193237, 47.2046813965, -10.1200418472, -7.86979341507, -48.3701591492, 16.2725391388, 14.9731454849, 27.4019546509, 8.95732307434, 116.037788391, 29.7194271088], [32.4869537354, -28.4810314178, 8.36570262909, 19.6551303864, 11.8275213242, -14.8853712082, -47.0647239685, -5.73783540726, 13.4742879868, 13.3475437164, -17.7185115814, 29.7194271088, 87.8041381836]],
        "icov": [[0.000920019519981, 0.000834022590425, 0.000377322954591, -0.000337727746228, -0.000322807492921, -0.000469566934044, -0.000548371695913, 0.000145569589222, -0.000249227799941, 5.56681698072e-05, 0.000282079621684, -0.000965036102571, 6.25803586445e-05], [0.000834022590425, 0.00729269022122, -0.00424156337976, 0.0027338329237, -0.00624480471015, 0.00472793914378, -0.00650855200365, 0.00554050924256, -0.00443537859246, 0.00312227266841, -0.00210503791459, 0.00258875987493, -0.000729833496734], [0.000377322954591, -0.00424156337976, 0.00581316417083, -0.00307441456243, 0.00430608028546, -0.00454118987545, 0.00580252986401, -0.0053472048603, 0.00428572157398, -0.00305673060939, 0.00168109789956, -0.00301569513977, 0.0011968028266], [-0.000337727746228, 0.0027338329237, -0.00307441456243, 0.00546668237075, -0.00321605033241, 0.00226096506231, -0.00342013244517, 0.00314380927011, -0.00407880870625, 0.00200976454653, 0.000381390331313, 0.000338757236023, -0.000447663245723], [-0.000322807492921, -0.00624480471015, 0.00430608028546, -0.00321605033241, 0.0104888882488, -0.00477447919548, 0.00581705244258, -0.00493211392313, 0.0030685774982, -0.00283328257501, 0.00234094145708, -0.00201339740306, 9.05811466509e-05], [-0.000469566934044, 0.00472793914378, -0.00454118987545, 0.00226096506231, -0.00477447919548, 0.00931790005416, -0.00588968815282, 0.00380266760476, -0.00228810985573, 0.000814144790638, -0.000745715107769, 0.00357205001637, -0.000183968193596], [-0.000548371695913, -0.00650855200365, 0.00580252986401, -0.00342013244517, 0.00581705244258, -0.00588968815282, 0.0121454754844, -0.00728801405057, 0.0058037401177, -0.00220103841275, -0.00163320673164, -0.000859467021655, 0.0019616628997], [0.000145569589222, 0.00554050924256, -0.0053472048603, 0.00314380927011, -0.00493211392313, 0.00380266760476, -0.00728801405057, 0.0140264034271, -0.00623077526689, 0.00171098171268, -0.00127439328935, 0.00142281246372, -0.000174531538505], [-0.000249227799941, -0.00443537859246, 0.00428572157398, -0.00407880870625, 0.0030685774982, -0.00228810985573, 0.0058037401177, -0.00623077526689, 0.0107702827081, -0.00455869548023, -0.000657480326481, -0.000968233158346, 0.000295970472507], [5.56681698072e-05, 0.00312227266841, -0.00305673060939, 0.00200976454653, -0.00283328257501, 0.000814144790638, -0.00220103841275, 0.00171098171268, -0.00455869548023, 0.0118988724425, -0.00176917680074, 0.000267749710474, -0.00127166998573], [0.000282079621684, -0.00210503791459, 0.00168109789956, 0.000381390331313, 0.00234094145708, -0.000745715107769, -0.00163320673164, -0.00127439328935, -0.000657480326481, -0.00176917680074, 0.0113224964589, -0.00436253845692, 0.00169808964711], [-0.000965036102571, 0.00258875987493, -0.00301569513977, 0.000338757236023, -0.00201339740306, 0.00357205001637, -0.000859467021655, 0.00142281246372, -0.000968233158346, 0.000267749710474, -0.00436253845692, 0.0144704710692, -0.00375300692394], [6.25803586445e-05, -0.000729833496734, 0.0011968028266, -0.000447663245723, 9.05811466509e-05, -0.000183968193596, 0.0019616628997, -0.000174531538505, 0.000295970472507, -0.00127166998573, 0.00169808964711, -0.00375300692394, 0.0138728283346]]
    },
    "melbands": {
        "max": [0.00132549961563, 0.00191902276129, 0.00261920387857, 0.00508275534958, 0.00503280060366, 0.0109879411757, 0.00967331975698, 0.00458106631413, 0.00392255699262, 0.0107769118622, 0.00827399920672, 0.00447539705783, 0.00106762873475, 0.0054982220754, 0.00312882196158, 0.00302369729616, 0.00579459965229, 0.0032688959036, 0.00208916026168, 0.00293066748418, 0.00144137139432, 0.000996919348836, 0.000889847404324, 0.000760905386414, 0.000360486534191, 0.000185150493053, 0.000132680783281, 0.000151822590851, 0.000145336016431, 8.8328612037e-05, 9.53987328103e-05, 9.33685223572e-05, 8.26390751172e-05, 0.000100771721918, 7.41888507036e-05, 4.94847117807e-05, 3.64037041436e-05, 2.34093895415e-05, 3.48458270309e-05, 5.42680245417e-05],
        "mean": [0.000131386317662, 0.000212609098526, 0.000245181756327, 0.000452343432698, 0.000573046330828, 0.00100966054015, 0.000576006481424, 0.000163947697729, 0.000206892174901, 0.00018853203801, 0.000330666982336, 0.000125073624076, 7.24991696188e-05, 0.000133498499054, 0.000114140915684, 5.2809882618e-05, 0.000146215577843, 7.95003288658e-05, 6.30275171716e-05, 5.44012655155e-05, 2.48045016633e-05, 2.59665066551e-05, 3.48889370798e-05, 4.01112156396e-05, 2.75647926173e-05, 1.39604962897e-05, 9.68300719251e-06, 5.23586186318e-06, 1.95316215468e-06, 1.80382323833e-06, 1.74638944372e-06, 1.83890028893e-06, 1.67639723259e-06, 1.58160696628e-06, 1.22186600038e-06, 7.71044369685e-07, 4.72097298143e-07, 2.96660374488e-07, 3.42883083704e-07, 5.05344246449e-07],
        "min": [2.87776998675e-07, 4.68484643079e-07, 9.96374410533e-07, 4.30620002589e-06, 4.48827495347e-06, 2.79129426417e-06, 3.32997410624e-06, 1.56937630891e-06, 8.91448905804e-07, 4.36956611338e-07, 2.92851666472e-07, 2.49588822498e-07, 3.56481592689e-07, 3.50858897491e-07, 2.21976463877e-07, 1.19905209317e-07, 1.71976324737e-07, 1.40406001492e-07, 8.68773426532e-08, 8.69075904575e-08, 9.90575372839e-08, 1.49842037445e-07, 1.29137220028e-07, 8.62661195811e-08, 4.66560088341e-08, 8.15986300751e-09, 5.47496670222e-09, 9.00336338816e-09, 2.81840240035e-09, 3.04894443026e-09, 3.17332449207e-09, 1.23347831948e-09, 2.25921192865e-09, 1.49224121948e-09, 7.30597304877e-10, 9.6211638656e-10, 9.74771263706e-10, 2.50251430689e-10, 1.72869392412e-11, 3.83611142851e-10],
        "stdev": [0.000153814209625, 0.000232873862842, 0.000307006353978, 0.000542837951798, 0.000712509674486, 0.0013422582997, 0.000915690150578, 0.000299903360428, 0.000348876783391, 0.000577615690418, 0.000882502470631, 0.000317000434734, 0.000110096218123, 0.000310069706757, 0.000259416701738, 0.000158594499226, 0.000410116044804, 0.000219429872232, 0.000155142726726, 0.000160550567671, 7.10101376171e-05, 6.22350780759e-05, 6.48618224659e-05, 6.74955226714e-05, 4.27197737736e-05, 2.09981008084e-05, 1.46409129229e-05, 1.11790050141e-05, 6.46371699986e-06, 6.07438278166e-06, 5.83632208873e-06, 6.54762470731e-06, 5.29147337147e-06, 4.40096846432e-06, 3.18908382724e-06, 2.26902147915e-06, 1.83734948678e-06, 1.35160723858e-06, 2.25225494432e-06, 3.31041019308e-06]
    },
    "melbands128": {
        "max": [0.0001237038814, 0.000342324667145, 0.00231474963948, 0.00245038769208, 0.00141740427352, 0.00441338960081, 0.00401719147339, 0.00219035404734, 0.00969526078552, 0.00902942381799, 0.00568408565596, 0.00840372405946, 0.00384528539144, 0.0151662835851, 0.0179130323231, 0.0194366425276, 0.0238552223891, 0.00865295901895, 0.00830490421504, 0.00755419675261, 0.00837675109506, 0.00661240145564, 0.00537409959361, 0.00838431064039, 0.00828054640442, 0.0260739140213, 0.0102069955319, 0.0162795372307, 0.00657400814816, 0.00601714430377, 0.008505015634, 0.00332071376033, 0.00143821281381, 0.00217830133624, 0.00273089343682, 0.00929438509047, 0.0124930748716, 0.006253301166, 0.00636902125552, 0.00376223726198, 0.00672147423029, 0.00545871770009, 0.00837959721684, 0.00778596382588, 0.0053594452329, 0.00585157796741, 0.00502956006676, 0.00358075834811, 0.00473183486611, 0.00895967148244, 0.00290220417082, 0.000962359656114, 0.0026470196899, 0.00141946400981, 0.00152756483294, 0.00230888952501, 0.00214624917135, 0.002103761537, 0.00198296830058, 0.000994253670797, 0.0017081144033, 0.00128647044767, 0.00100531545468, 0.000509812147357, 0.000469075370347, 0.000301736232359, 0.000343993713614, 0.000211941849557, 0.000213132385397, 0.000404305726988, 0.00021179918258, 0.000296952435747, 0.000198054563953, 0.000117653573398, 0.000145082944073, 0.000118991942145, 0.000136639879202, 8.85647459654e-05, 9.39444144024e-05, 0.000185742828762, 0.00010284086602, 0.000104390906927, 0.00012284591503, 7.52318155719e-05, 0.000145299549331, 7.896713214e-05, 0.000111838700832, 8.08342010714e-05, 8.14807790448e-05, 6.89384396537e-05, 3.97859039367e-05, 6.98572694091e-05, 6.48442801321e-05, 4.79826558148e-05, 3.64140578313e-05, 2.25643161684e-05, 2.84069628833e-05, 3.08608432533e-05, 5.99336781306e-05, 5.47512390767e-05, 0.000100534329249, 6.14725140622e-05, 8.7340369646e-05, 9.36295982683e-05, 9.83494319371e-05, 3.46224042005e-05, 3.63019025826e-05, 2.7858903195e-05, 1.89088495972e-05, 1.20681825138e-05, 6.82746258462e-06, 2.99016505778e-06, 2.95647396342e-06, 1.87109606031e-06, 6.79655272506e-07, 2.20706848353e-08, 1.85756854343e-09, 1.80242609726e-09, 1.75443293227e-09, 1.70726233151e-09, 1.65577862532e-09, 1.62186664099e-09, 1.59412405498e-09, 1.55523960377e-09, 1.52871804104e-09, 1.51137680149e-09, 1.49799173066e-09, 1.49101475611e-09],
        "mean": [7.31217414796e-06, 3.97991934733e-05, 0.000199235990294, 0.000277244340396, 0.000191562459804, 0.0001978281216, 0.000181102019269, 0.000141814161907, 0.000521077192388, 0.000450782390544, 0.000397970725317, 0.000586853013374, 0.000377512798877, 0.000918123987503, 0.000823869893793, 0.00127071957104, 0.00119437975809, 0.000245162053034, 0.000118574069347, 0.00014947525051, 0.000186847013538, 0.00018893890956, 0.000243628281169, 0.000163346936461, 0.000188502570381, 0.000185449491255, 0.000235147832427, 0.000540172273759, 0.000187066252693, 0.000101674784673, 0.000141210213769, 8.00228808657e-05, 7.37056689104e-05, 6.35068136035e-05, 4.25098733103e-05, 0.000177884401637, 0.000260289089056, 9.34285853873e-05, 5.08862030983e-05, 3.35477634508e-05, 4.30972977483e-05, 9.34992931434e-05, 0.000170618688571, 0.000182025585673, 6.34890166111e-05, 7.41206895327e-05, 7.88672550698e-05, 3.74376759282e-05, 6.74197654007e-05, 9.64061255218e-05, 4.62899952254e-05, 2.37431067944e-05, 2.14808223973e-05, 2.58177806245e-05, 3.06726760755e-05, 2.35407296714e-05, 2.40059107455e-05, 3.06408146571e-05, 4.18322815676e-05, 3.85195307899e-05, 4.39035356976e-05, 3.55703159585e-05, 3.70444795408e-05, 2.36504674831e-05, 1.48170784087e-05, 1.28293086163e-05, 1.5610268747e-05, 1.01873147287e-05, 7.4770455285e-06, 1.00330598798e-05, 5.53387280888e-06, 2.94720712191e-06, 2.30333125728e-06, 1.63776087447e-06, 1.7029179844e-06, 1.85064800462e-06, 1.86563158877e-06, 1.69310590081e-06, 1.73449859631e-06, 1.75291245341e-06, 1.94275116883e-06, 1.83393080988e-06, 1.66942368196e-06, 1.54982024014e-06, 1.82775193025e-06, 1.73320472641e-06, 1.47875755374e-06, 1.34555682507e-06, 1.27066346067e-06, 1.10571068035e-06, 8.4606153905e-07, 6.88628063017e-07, 5.98778399308e-07, 4.75634237773e-07, 4.05077059895e-07, 3.29068541305e-07, 2.57197939391e-07, 2.65258933041e-07, 3.15079347502e-07, 4.00241958687e-07, 4.32803830108e-07, 5.10337713422e-07, 6.14803354893e-07, 5.4807350125e-07, 3.32629269906e-07, 2.1214448509e-07, 1.61499528417e-07, 1.05278886053e-07, 7.45935082591e-08, 5.40806865956e-08, 3.66886965253e-08, 2.11362287672e-08, 1.85742123904e-08, 1.09718714114e-08, 3.73122732711e-09, 1.06559761015e-10, 5.0092742454e-12, 4.44125205362e-12, 4.31906420351e-12, 4.20726821437e-12, 4.10094224204e-12, 4.01476941969e-12, 3.93574582647e-12, 3.86166185834e-12, 3.80596422433e-12, 3.7610600398e-12, 3.72925822167e-12, 3.71074351802e-12],
        "min": [3.71884217865e-10, 5.29512078629e-08, 1.29438532781e-07, 1.21818814591e-07, 1.31358078193e-07, 1.39471524108e-07, 3.04955847241e-08, 1.02215352626e-07, 3.47448121829e-07, 5.94379798713e-07, 2.87838133772e-07, 4.42704845227e-07, 8.34761124224e-07, 7.69990606386e-07, 7.27002372969e-07, 1.36740823109e-06, 6.74682610224e-07, 8.78994285358e-07, 2.58832017153e-07, 3.45419493897e-07, 1.67543376506e-07, 3.19196047371e-08, 1.7118563278e-07, 1.73462396447e-07, 3.01878557707e-08, 2.48808547099e-08, 1.2832089169e-07, 6.34557721924e-08, 8.72000214258e-08, 9.70750324569e-09, 1.90561415536e-08, 1.26903874076e-08, 2.25951457544e-09, 4.83601958479e-08, 3.31867049397e-08, 7.03416844772e-08, 6.41571133997e-08, 4.42470273754e-08, 4.20345784846e-08, 2.62145434249e-08, 1.88771043241e-08, 1.91283682227e-08, 3.02776612671e-08, 4.54456348109e-08, 6.90044688056e-09, 1.22523431401e-08, 6.22517681848e-09, 2.88498558376e-09, 9.24451803996e-09, 3.11190078151e-08, 2.61524313316e-08, 3.09715320057e-09, 9.0040366274e-09, 3.8830059168e-08, 8.01449928645e-08, 1.42838540995e-09, 1.13021112469e-08, 5.69775560066e-09, 2.67523638797e-08, 1.57175528148e-09, 4.20363903686e-08, 1.80260144589e-08, 5.60859225729e-09, 1.66739280161e-08, 3.63001712023e-10, 3.34308714045e-09, 1.2040652031e-08, 2.43249598242e-09, 1.32755376137e-10, 5.51107293134e-09, 2.90440382855e-09, 1.20229093348e-09, 2.25480056848e-09, 1.06936659527e-09, 9.54895884586e-11, 6.17179779505e-11, 8.53954018609e-10, 1.37168876257e-09, 2.19418844205e-10, 3.5264655085e-10, 5.38636191205e-10, 1.88237619936e-11, 2.71314526401e-10, 1.41476996784e-10, 1.0450164345e-10, 9.67309427002e-11, 5.29312964986e-12, 5.00841035311e-12, 3.86382037476e-11, 2.66856276659e-11, 2.81792926667e-12, 1.1538691877e-11, 5.05705366471e-10, 2.58510921003e-12, 2.07599146207e-11, 5.31421217795e-12, 1.77131670876e-12, 2.48057542389e-13, 4.39003488509e-13, 1.24455318013e-12, 2.60229771759e-11, 2.25790935428e-12, 1.6054870107e-12, 1.80110874132e-11, 1.6706236004e-12, 2.67720611305e-12, 3.00948176969e-13, 2.02978064044e-12, 2.10309916183e-12, 2.79108658928e-13, 1.04985390227e-13, 8.4244304512e-14, 3.34693176765e-14, 3.26089253256e-14, 2.94481541203e-14, 3.41422989056e-14, 2.97796082769e-14, 3.35887560983e-14, 3.12402623844e-14, 2.2982987109e-14, 3.05820906793e-14, 3.537375945e-14, 3.25493958501e-14, 2.72731717174e-14, 3.07393813095e-14, 2.76208821304e-14, 3.91073688732e-14, 3.50136654154e-14],
        "stdev": [9.75074999587e-06, 4.9883932661e-05, 0.000263793597696, 0.000335285527399, 0.000218131128349, 0.000377098011086, 0.0003627804399, 0.000210334561416, 0.000828563701361, 0.000732191663701, 0.000534376304131, 0.000894897384569, 0.000495307671372, 0.00186962576117, 0.00163637509104, 0.00211139838211, 0.00216079107486, 0.000592399097513, 0.000399066106183, 0.0003426920739, 0.000459788512671, 0.00044369904208, 0.000521108915564, 0.000523989379872, 0.000598688493483, 0.00117490813136, 0.000720329175238, 0.00171117985155, 0.000499364570715, 0.000346177490428, 0.000577457947657, 0.000217903172597, 0.000128610117827, 0.000150144405779, 0.000146569567733, 0.000520257570315, 0.000709993997589, 0.000374722993001, 0.000251562829362, 0.000142916178447, 0.000256899627857, 0.000349686626578, 0.000575271551497, 0.000621490064077, 0.000290121271973, 0.000318879610859, 0.000337842007866, 0.000147975835716, 0.000264785805484, 0.00040697545046, 0.00016742463049, 8.05829113233e-05, 0.000113436515676, 9.69001775957e-05, 9.41634862102e-05, 9.25730419112e-05, 9.17397410376e-05, 9.28743320401e-05, 0.000108787855424, 9.30986425374e-05, 0.000124519414385, 8.48185809446e-05, 8.86998168426e-05, 5.05552270624e-05, 3.53063587681e-05, 2.90423704428e-05, 3.24909160554e-05, 2.12766080949e-05, 1.70245566551e-05, 2.70831897069e-05, 1.41983982758e-05, 9.95690425043e-06, 7.66668381402e-06, 6.28944417258e-06, 7.14561610948e-06, 6.46176340524e-06, 7.02194120095e-06, 5.46360388398e-06, 5.82409120398e-06, 7.62165700507e-06, 7.12764358468e-06, 6.931381904e-06, 6.0908469095e-06, 5.16109912496e-06, 6.09657126915e-06, 4.77110097563e-06, 4.51933237855e-06, 3.84927716368e-06, 3.62016612598e-06, 3.15644251714e-06, 2.29937290896e-06, 2.52431732406e-06, 2.37784752244e-06, 2.07376342587e-06, 1.74357967353e-06, 1.37593531235e-06, 1.33977289352e-06, 1.61284492606e-06, 2.33420223594e-06, 2.86337353828e-06, 3.43640726896e-06, 3.52205870513e-06, 4.15198883275e-06, 4.19916250394e-06, 2.95697918773e-06, 1.67513599081e-06, 1.49014613271e-06, 1.0683987739e-06, 7.54109692025e-07, 4.81006338759e-07, 3.08506201918e-07, 1.49533974536e-07, 1.39329756621e-07, 8.69542304827e-08, 3.11648626905e-08, 1.03474151469e-09, 4.54154804042e-11, 4.31080553198e-11, 4.20313471527e-11, 4.0948990726e-11, 3.97781876882e-11, 3.89973366099e-11, 3.83289545935e-11, 3.74568050188e-11, 3.68440486453e-11, 3.64410689124e-11, 3.61246692282e-11, 3.59730231714e-11]
    },
    "mfcc": {
        "mean": [-657.463989258, 143.746551514, -33.6077842712, 24.5186519623, -8.70577526093, -1.8437628746, -17.6089687347, 6.12514257431, -24.6889781952, -0.447225689888, -2.56204724312, -3.98778533936, -1.29797196388],
        "cov": [[2642.83666992, -950.830810547, -270.95526123, 24.630153656, -108.68976593, 218.481140137, -40.0090103149, 168.744338989, 50.5550003052, 109.668647766, -13.680018425, -67.9336166382, -106.438545227], [-950.830810547, 908.549133301, -166.513427734, 20.4947052002, -33.4546394348, -75.4334487915, 83.7082366943, -7.04754495621, -74.0165557861, -0.126574382186, 48.627368927, 26.9515953064, 5.64474868774], [-270.95526123, -166.513427734, 693.360900879, -10.6419267654, 173.578613281, 14.8763494492, -4.65122175217, -57.0732307434, 89.3077697754, -81.5504760742, -20.4393558502, 64.4313278198, 108.042274475], [24.630153656, 20.4947052002, -10.6419267654, 312.194488525, 64.2980575562, 15.4142599106, -85.6217575073, 28.8887290955, 32.3351516724, -4.84459114075, -24.5943870544, 44.0850067139, 52.7001457214], [-108.68976593, -33.4546394348, 173.578613281, 64.2980575562, 339.8230896, 26.6472587585, -112.091629028, -58.5824203491, 97.9920806885, -33.0999107361, -35.134437561, 39.6204605103, 13.9846563339], [218.481140137, -75.4334487915, 14.8763494492, 15.4142599106, 26.6472587585, 178.878448486, 32.3657150269, 8.44189929962, 37.9585266113, 2.509329319, 5.66597557068, -0.0943104848266, -24.6932563782], [-40.0090103149, 83.7082366943, -4.65122175217, -85.6217575073, -112.091629028, 32.3657150269, 272.269439697, 46.6870574951, -25.8958492279, 6.08322715759, 40.385055542, -28.9169464111, -7.68579673767], [168.744338989, -7.04754495621, -57.0732307434, 28.8887290955, -58.5824203491, 8.44189929962, 46.6870574951, 158.431564331, -26.2487926483, 49.6192970276, 20.2230434418, 1.26307964325, 6.86649465561], [50.5550003052, -74.0165557861, 89.3077697754, 32.3351516724, 97.9920806885, 37.9585266113, -25.8958492279, -26.2487926483, 152.658111572, 0.35495108366, -10.6560974121, 17.7227649689, 6.95781755447], [109.668647766, -0.126574382186, -81.5504760742, -4.84459114075, -33.0999107361, 2.509329319, 6.08322715759, 49.6192970276, 0.35495108366, 166.685592651, 49.9765968323, -2.51162600517, -16.43592453], [-13.680018425, 48.627368927, -20.4393558502, -24.5943870544, -35.134437561, 5.66597557068, 40.385055542, 20.2230434418, -10.6560974121, 49.9765968323, 127.199737549, 20.1525974274, 2.44333267212], [-67.9336166382, 26.9515953064, 64.4313278198, 44.0850067139, 39.6204605103, -0.0943104848266, -28.9169464111, 1.26307964325, 17.7227649689, -2.51162600517, 20.1525974274, 117.720230103, 62.1226959229], [-106.438545227, 5.64474868774, 108.042274475, 52.7001457214, 13.9846563339, -24.6932563782, -7.68579673767, 6.86649465561, 6.95781755447, -16.43592453, 2.44333267212, 62.1226959229, 150.302978516]],
        "icov": [[0.000881274114363, 0.000940386846196, 0.000479341164464, -4.30734726251e-05, 0.000123118676129, -0.000661262485664, 6.91296736477e-05, -0.000652061309665, -0.000126084138174, -9.59016251727e-05, -1.93630148715e-05, -5.04679119331e-05, 0.000189057478565], [0.000940386846196, 0.00237995688803, 0.000919460551813, -0.000344802625477, -0.000239608343691, -5.70179290662e-05, -0.000685298524331, -0.000278835912468, 0.00040869275108, 2.51671826845e-05, -0.000416795286583, -0.000588427123148, 0.000260960980086], [0.000479341164464, 0.000919460551813, 0.00248486292548, 0.0003999126493, -0.000936843105592, -0.000266538292635, -0.000526908319443, -5.3520732763e-05, -0.000580009655096, 0.000662737875246, -0.000108154577902, -0.000441351206973, -0.00131911842618], [-4.30734726251e-05, -0.000344802625477, 0.0003999126493, 0.00430407654494, -0.000372315087589, -0.000704630510882, 0.00134629162494, -0.00132786401082, -0.000708781881258, 0.000273570884019, 0.000680128287058, -0.00051960372366, -0.00149932981003], [0.000123118676129, -0.000239608343691, -0.000936843105592, -0.000372315087589, 0.00489206379279, -0.000663351325784, 0.00164678588044, 0.000463688571472, -0.00206951797009, 0.000146507256432, 0.000524040486198, -0.000651628419291, 0.000771664374042], [-0.000661262485664, -5.70179290662e-05, -0.000266538292635, -0.000704630510882, -0.000663351325784, 0.00728239165619, -0.00157435482834, 0.000283127679722, -0.00112705247011, 0.000278873892967, -0.000408406544011, -0.000666554435156, 0.00150202889927], [6.91296736477e-05, -0.000685298524331, -0.000526908319443, 0.00134629162494, 0.00164678588044, -0.00157435482834, 0.00568974250928, -0.00167224067263, -0.000536500650924, 0.000674053153489, -0.00109212181997, 0.00140062125865, -0.000525727635249], [-0.000652061309665, -0.000278835912468, -5.3520732763e-05, -0.00132786401082, 0.000463688571472, 0.000283127679722, -0.00167224067263, 0.00879215542227, 0.00133629376069, -0.00218925182708, 6.73098984407e-05, -0.000408264808357, -0.000564648536965], [-0.000126084138174, 0.00040869275108, -0.000580009655096, -0.000708781881258, -0.00206951797009, -0.00112705247011, -0.000536500650924, 0.00133629376069, 0.00911107193679, -0.0011004776461, 0.000319616432535, -0.000573156226892, 0.000169308928889], [-9.59016251727e-05, 2.51671826845e-05, 0.000662737875246, 0.000273570884019, 0.000146507256432, 0.000278873892967, 0.000674053153489, -0.00218925182708, -0.0011004776461, 0.00798348989338, -0.00297467363998, 0.000250982033322, 0.000394066330045], [-1.93630148715e-05, -0.000416795286583, -0.000108154577902, 0.000680128287058, 0.000524040486198, -0.000408406544011, -0.00109212181997, 6.73098984407e-05, 0.000319616432535, -0.00297467363998, 0.0102239120752, -0.00252667348832, 0.000204471842153], [-5.04679119331e-05, -0.000588427123148, -0.000441351206973, -0.00051960372366, -0.000651628419291, -0.000666554435156, 0.00140062125865, -0.000408264808357, -0.000573156226892, 0.000250982033322, -0.00252667348832, 0.0125331291929, -0.00455790059641], [0.000189057478565, 0.000260960980086, -0.00131911842618, -0.00149932981003, 0.000771664374042, 0.00150202889927, -0.000525727635249, -0.000564648536965, 0.000169308928889, 0.000394066330045, 0.000204471842153, -0.00455790059641, 0.010340904817]]
    },
    "spectral_contrast_coeffs": {
        "max": [-0.374007970095, -0.43552261591, -0.41410446167, -0.522821187973, -0.484513670206, -0.553797483444],
        "mean": [-0.651969254017, -0.683240354061, -0.70694231987, -0.73766297102, -0.694475114346, -0.674001395702],
        "min": [-0.857834279537, -0.888512551785, -0.890540122986, -0.882282614708, -0.863260388374, -0.878438830376],
        "stdev": [0.0840170606971, 0.0704583898187, 0.0829217135906, 0.0612469762564, 0.0648404434323, 0.0580773875117]
    },
    "spectral_contrast_valleys": {
        "max": [-5.60202264786, -5.281291008, -6.05604743958, -6.46356010437, -5.97093963623, -7.91608810425],
        "mean": [-7.32470178604, -6.77294826508, -7.58337593079, -7.83496522903, -8.19932079315, -12.0434780121],
        "min": [-9.75414180756, -8.51897621155, -9.81929683685, -9.8825378418, -10.6683912277, -14.60704422],
        "stdev": [0.662379860878, 0.48830345273, 0.594020068645, 0.641795873642, 0.729301929474, 1.09811902046]
    }
},
"rhythm": {
    "beats_count": 104,
    "beats_loudness": {
        "max": 0.0705622658134,
        "mean": 0.0249883793294,
        "min": 0.00148184294812,
        "stdev": 0.012359207496
    },
    "bpm": 135.686019897,
    "bpm_histogram_first_peak_bpm": 136,
    "bpm_histogram_first_peak_weight": 0.354838728905,
    "bpm_histogram_second_peak_bpm": 129,
    "bpm_histogram_second_peak_spread": 0.16666662693,
    "bpm_histogram_second_peak_weight": 0.145631074905,
    "danceability": 0.94946628809,
    "onset_rate": 3.24737691879,
    "beats_loudness_band_ratio": {
        "max": [0.776794612408, 0.847855091095, 0.894753038883, 0.77503246069, 0.635697424412, 0.508553922176],
        "mean": [0.110000126064, 0.312988311052, 0.273592203856, 0.216767385602, 0.15921677649, 0.0607347711921],
        "min": [0.00157331186347, 0.0191980693489, 0.0263904519379, 0.00684450333938, 0.00279102614149, 0.00108168250881],
        "stdev": [0.132398843765, 0.20857103169, 0.179695174098, 0.204455852509, 0.161751285195, 0.09705722332]
    },
