{
"metadata": {
    "version": {
        "essentia": "2.1-beta5",
        "essentia_git_sha": "Undefined",
        "extractor": "music 2.0"
    },
    "audio_properties": {
        "analysis": {
            "equal_loudness": 0,
            "length": 43.2587738037,
            "sample_rate": 44100,
            "start_time": 142.744674683,
            "downmix": "mix"
        },
        "bit_rate": 192000,
        "length": 186.026672363,
        "lossless": 0,
        "number_channels": 2,
        "replay_gain": -8.31895256042,
        "sample_rate": 48000,
        "codec": "mp3",
        "md5_encoded": "33270cd47400cd556981509b068daa64"
    },
    "tags": {
        "file_name": "Germany_Zeit_Bianca Shomburg.mp3",
        "encoding": ["Lavf58.29.100"]
    }
},
"lowlevel": {
    "average_loudness": 0.957784593105,
    "barkbands_crest": {
        "max": 26.9043960571,
        "mean": 8.69566059113,
        "min": 2.80437064171,
        "stdev": 3.32601261139
    },
    "barkbands_flatness_db": {
        "max": 0.588384091854,
        "mean": 0.180671229959,
        "min": 0.0538807921112,
        "stdev": 0.0331636145711
    },
    "barkbands_kurtosis": {
        "max": 5334.77539062,
        "mean": 4.80781936646,
        "min": -1.76514387131,
        "stdev": 123.568214417
    },
    "barkbands_skewness": {
        "max": 71.024230957,
        "mean": 1.07545816898,
        "min": -1.0936729908,
        "stdev": 1.85095012188
    },
    "barkbands_spread": {
        "max": 61.4016914368,
        "mean": 19.0668640137,
        "min": 0.0995692834258,
        "stdev": 8.9955406189
    },
    "dissonance": {
        "max": 0.49997600913,
        "mean": 0.465799480677,
        "min": 0.338024973869,
        "stdev": 0.0233131535351
    },
    "dynamic_complexity": 1.43853914738,
    "erbbands_crest": {
        "max": 26.1303157806,
        "mean": 10.2463722229,
        "min": 2.18065595627,
        "stdev": 4.1482758522
    },
    "erbbands_flatness_db": {
        "max": 0.37572529912,
        "mean": 0.235007375479,
        "min": 0.0508017279208,
        "stdev": 0.0373689867556
    },
    "erbbands_kurtosis": {
        "max": 8.17662143707,
        "mean": 0.314287602901,
        "min": -1.5968978405,
        "stdev": 1.35133337975
    },
    "erbbands_skewness": {
        "max": 2.74839663506,
        "mean": 0.516147196293,
        "min": -1.5750092268,
        "stdev": 0.626409471035
    },
    "erbbands_spread": {
        "max": 150.776077271,
        "mean": 30.402223587,
        "min": 4.82317113876,
        "stdev": 12.2003889084
    },
    "hfc": {
        "max": 75.0319290161,
        "mean": 26.6605854034,
        "min": 4.83619396618e-06,
        "stdev": 13.0903186798
    },
    "loudness_ebu128": {
        "integrated": -14.5044469833,
        "loudness_range": 1.7476682663,
        "momentary": {
            "max": -12.5600156784,
            "mean": -14.7257452011,
            "min": -21.9542732239,
            "stdev": 1.54750812054
        },
        "short_term": {
            "max": -13.4020662308,
            "mean": -14.5679225922,
            "min": -16.1189594269,
            "stdev": 0.605671525002
        }
    },
    "melbands_crest": {
        "max": 39.9823646545,
        "mean": 10.6893491745,
        "min": 3.94532465935,
        "stdev": 3.90265822411
    },
    "melbands_flatness_db": {
        "max": 0.564866781235,
        "mean": 0.187186926603,
        "min": 0.0386936031282,
        "stdev": 0.0401109755039
    },
    "melbands_kurtosis": {
        "max": 7577.72753906,
        "mean": 9.7493391037,
        "min": -1.27256703377,
        "stdev": 175.486755371
    },
    "melbands_skewness": {
        "max": 82.35105896,
        "mean": 1.69917082787,
        "min": -0.782203137875,
        "stdev": 2.12658071518
    },
    "melbands_spread": {
        "max": 110.391036987,
        "mean": 26.2098503113,
        "min": 0.110416330397,
        "stdev": 14.077050209
    },
    "pitch_salience": {
        "max": 0.83294147253,
        "mean": 0.584700763226,
        "min": 0.0026204881724,
        "stdev": 0.084653198719
    },
    "silence_rate_20dB": {
        "max": 1,
        "mean": 1,
        "min": 1,
        "stdev": 0
    },
    "silence_rate_30dB": {
        "max": 1,
        "mean": 1,
        "min": 1,
        "stdev": 0
    },
    "silence_rate_60dB": {
        "max": 1,
        "mean": 0.00858369097114,
        "min": 0,
        "stdev": 0.0922494977713
    },
    "spectral_centroid": {
        "max": 4289.83544922,
        "mean": 1555.35302734,
        "min": 422.991577148,
        "stdev": 586.719116211
    },
    "spectral_complexity": {
        "max": 46,
        "mean": 23.5745716095,
        "min": 0,
        "stdev": 6.35416603088
    },
    "spectral_decrease": {
        "max": -3.49855845791e-14,
        "mean": -7.03776681377e-09,
        "min": -2.27098979622e-08,
        "stdev": 3.0531575046e-09
    },
    "spectral_energy": {
        "max": 0.0891627445817,
        "mean": 0.0289803296328,
        "min": 1.32554333732e-07,
        "stdev": 0.0121986605227
    },
    "spectral_energyband_high": {
        "max": 0.00629064021632,
        "mean": 0.00106410076842,
        "min": 1.02991309925e-10,
        "stdev": 0.000991295557469
    },
    "spectral_energyband_low": {
        "max": 0.0325712785125,
        "mean": 0.00296549731866,
        "min": 6.30502725585e-08,
        "stdev": 0.00325338868424
    },
    "spectral_energyband_middle_high": {
        "max": 0.0474169440567,
        "mean": 0.0108423242345,
        "min": 2.86723145226e-11,
        "stdev": 0.00794690940529
    },
    "spectral_energyband_middle_low": {
        "max": 0.0821669399738,
        "mean": 0.0150505229831,
        "min": 2.43258520966e-11,
        "stdev": 0.0113272974268
    },
    "spectral_entropy": {
        "max": 8.8928899765,
        "mean": 7.39274740219,
        "min": 6.44256305695,
        "stdev": 0.258604347706
    },
    "spectral_flux": {
        "max": 0.236281424761,
        "mean": 0.0875732079148,
        "min": 0.000518415588886,
        "stdev": 0.0274128634483
    },
    "spectral_kurtosis": {
        "max": 16.8841094971,
        "mean": 2.5203602314,
        "min": -1.02831602097,
        "stdev": 2.20197105408
    },
    "spectral_rms": {
        "max": 0.00932673830539,
        "mean": 0.00517798820511,
        "min": 1.13719524961e-05,
        "stdev": 0.00120912643615
    },
    "spectral_rolloff": {
        "max": 7084.42382812,
        "mean": 1595.85107422,
        "min": 21.533203125,
        "stdev": 887.456115723
    },
    "spectral_skewness": {
        "max": 3.62981033325,
        "mean": 0.94258505106,
        "min": 0.0224474593997,
        "stdev": 0.372557073832
    },
    "spectral_spread": {
        "max": 11494200,
        "mean": 3113541.5,
        "min": 1818177.625,
        "stdev": 583975.0625
    },
    "spectral_strongpeak": {
        "max": 11.5089187622,
        "mean": 1.89818418026,
        "min": 0,
        "stdev": 1.47385430336
    },
    "zerocrossingrate": {
        "max": 0.185546875,
        "mean": 0.0596753545105,
        "min": 0,
        "stdev": 0.0191706493497
    },
    "barkbands": {
        "max": [0.000600610743277, 0.0229455456138, 0.0174930207431, 0.0195942986757, 0.0445686429739, 0.0564392246306, 0.0568137206137, 0.0266807507724, 0.0369135886431, 0.0214626230299, 0.0364137478173, 0.0243249535561, 0.0158613808453, 0.0139755522832, 0.00839814729989, 0.0103030074388, 0.0104349823669, 0.00386896380223, 0.00548556493595, 0.00704268552363, 0.00383839802817, 0.00211255042814, 0.00207614712417, 0.00109191215597, 3.8227346522e-05, 3.34225806e-05, 3.42296880262e-05],
        "mean": [4.30173822679e-05, 0.00108526751865, 0.00127434055321, 0.00105399033055, 0.0046474984847, 0.00340652116574, 0.00273387879133, 0.00120315118693, 0.00130538700614, 0.00202999380417, 0.00291506387293, 0.00158162135631, 0.00131557532586, 0.00071939319605, 0.000506329291966, 0.000529032433406, 0.00050232448848, 0.000366282940377, 0.000457951566204, 0.000808753422461, 0.000318138103466, 0.000101116085716, 5.75731719437e-05, 1.78738646355e-05, 2.69157908406e-07, 1.89028117603e-08, 1.92593052617e-08],
        "min": [2.44175080155e-09, 2.27266738762e-09, 2.38275274077e-13, 2.95645777824e-12, 5.65805562125e-12, 5.2806994888e-12, 1.0688594107e-12, 2.35240407882e-12, 6.43749116513e-12, 1.76795969357e-12, 7.48410708407e-12, 2.44428110564e-12, 1.38175798928e-12, 1.55383355922e-12, 1.62447464334e-12, 1.23556243362e-12, 1.66478831588e-12, 1.9768188822e-12, 4.46566785287e-12, 8.0745453726e-12, 6.97299770008e-12, 7.88875301888e-12, 8.78339154881e-12, 1.08591122205e-11, 1.42863915142e-11, 1.86872531338e-11, 2.4039936708e-11],
        "stdev": [6.84338010615e-05, 0.00190757273231, 0.00141577515751, 0.00145297043491, 0.00519415084273, 0.00493308529258, 0.00467724492773, 0.00202649016865, 0.0022414335981, 0.00287276739255, 0.00459605827928, 0.00266516255215, 0.00206528883427, 0.00110591726843, 0.000739222334232, 0.000820668414235, 0.000961978745181, 0.00044171162881, 0.000448233797215, 0.000920269871131, 0.000363470346201, 0.00012383502326, 0.00010275025852, 4.67588542961e-05, 1.33259345603e-06, 7.73903593654e-07, 7.92587172782e-07]
    },
    "erbbands": {
        "max": [0.499886453152, 6.15573787689, 16.1921234131, 61.1781044006, 82.3554992676, 191.142959595, 287.762298584, 498.503509521, 1018.18566895, 554.220092773, 498.554656982, 682.655822754, 737.344055176, 938.57824707, 1556.00195312, 1239.84033203, 655.970092773, 687.959594727, 495.034759521, 765.721435547, 671.800170898, 501.506378174, 222.911727905, 325.47857666, 176.140594482, 243.3412323, 215.627212524, 92.1659088135, 73.8216094971, 76.2766189575, 63.026134491, 34.5998268127, 15.7993202209, 1.62739467621, 0.257660418749, 0.136004120111, 0.0614656656981, 0.0215106103569, 0.00486790807918, 0.00050194101641],
        "mean": [0.0265012197196, 0.270259916782, 1.16739344597, 3.04059195518, 8.15662479401, 15.3886642456, 21.8175506592, 32.0652694702, 49.6255073547, 23.7205257416, 24.0255527496, 33.2363357544, 54.7691917419, 79.2035369873, 116.487098694, 60.2917556763, 59.8535308838, 42.5260124207, 34.9579391479, 23.7316360474, 30.0265617371, 26.997341156, 21.342250824, 25.4109573364, 21.6839332581, 33.3514442444, 24.6884822845, 8.8886423111, 3.91786408424, 2.52368140221, 1.5489910841, 0.660555899143, 0.150407761335, 0.0119090098888, 0.000609682290815, 0.000142079981742, 5.71989548916e-05, 1.9791390514e-05, 1.98932175408e-05, 3.55257798219e-05],
        "min": [1.38678831263e-06, 1.47222223745e-07, 1.94880112048e-08, 1.1092033958e-08, 2.06932853075e-08, 2.33712320608e-08, 1.74042664725e-08, 5.52744801041e-08, 2.77871627929e-08, 2.13106190472e-08, 7.05416738356e-08, 1.48882051576e-07, 9.42074649402e-08, 1.57992005256e-07, 2.26195183473e-07, 1.13183403982e-07, 6.7374763546e-08, 9.69487032876e-08, 6.00825345032e-08, 9.00643897239e-08, 7.5780633324e-08, 9.35263528845e-08, 1.06050165982e-07, 1.50154860989e-07, 2.93969151244e-07, 3.97984962319e-07, 2.79347602827e-07, 2.85765082708e-07, 2.9544568747e-07, 2.37678719373e-07, 2.58627153471e-07, 2.52991640082e-07, 1.68513125232e-07, 1.61673412435e-07, 9.55446637363e-08, 8.1419848641e-08, 3.358790579e-08, 1.66020850401e-08, 3.64573771172e-09, 5.24412235858e-10],
        "stdev": [0.0451218523085, 0.472046852112, 1.29895746708, 4.10073757172, 10.2976694107, 19.0692615509, 27.7843475342, 49.6797790527, 87.4665145874, 32.0398674011, 39.3271942139, 54.2964897156, 74.8150100708, 119.028663635, 177.03326416, 104.702278137, 85.6274719238, 56.414226532, 44.16248703, 31.3661289215, 49.1345977783, 51.1190872192, 25.6033058167, 26.561750412, 20.5700931549, 35.5608978271, 27.5227661133, 9.13914108276, 4.36560583115, 4.04706954956, 2.90046620369, 1.52780890465, 0.488132655621, 0.0463659726083, 0.00610949704424, 0.00314931594767, 0.00142284447793, 0.000497936271131, 0.00011253147386, 1.79335274879e-05]
    },
    "gfcc": {
        "mean": [-17.5686893463, 148.639953613, -186.893173218, 51.8134880066, -75.3759002686, -3.81472587585, -10.1135826111, -26.1068477631, -5.84126615524, -24.0817337036, 8.19326210022, -17.0589408875, 3.88189268112],
        "cov": [[1839.5760498, 250.517211914, 145.288803101, 283.579162598, -92.599899292, -32.5675849915, -55.4665679932, -48.462059021, -5.55959129333, -4.40312051773, 40.7751159668, -39.5494651794, 2.84982633591], [250.517211914, 592.801452637, 419.463470459, 135.324462891, 46.9377059937, -147.499893188, 1.16317164898, -63.7220954895, -31.2508888245, 42.4100379944, 59.6294441223, -22.1415481567, 14.499663353], [145.288803101, 419.463470459, 718.677490234, 300.1456604, -94.5849990845, -65.8905410767, -152.277526855, -29.258523941, 13.4370927811, 7.18753528595, 52.9547767639, 7.83859586716, 12.5281009674], [283.579162598, 135.324462891, 300.1456604, 328.999450684, 10.5769882202, -31.6645812988, -70.6300506592, 29.6139278412, 30.0223045349, -4.99578762054, 1.3926627636, 9.58878803253, -3.92869830132], [-92.599899292, 46.9377059937, -94.5849990845, 10.5769882202, 180.127304077, -1.3501073122, 103.488464355, 24.0970344543, -37.0768737793, 44.7578849792, -0.825509011745, -11.7864112854, 4.0734167099], [-32.5675849915, -147.499893188, -65.8905410767, -31.6645812988, -1.3501073122, 185.293777466, 35.8305854797, 3.95134973526, -11.4258441925, -8.86034011841, 2.76775670052, -17.9112968445, -15.7397317886], [-55.4665679932, 1.16317164898, -152.277526855, -70.6300506592, 103.488464355, 35.8305854797, 211.917755127, 11.3117218018, -92.2803421021, 60.455581665, 14.1918592453, -23.5919532776, 3.62685251236], [-48.462059021, -63.7220954895, -29.258523941, 29.6139278412, 24.0970344543, 3.95134973526, 11.3117218018, 121.081672668, 69.9815826416, -3.86809277534, -16.7924900055, 12.9701099396, 7.44620466232], [-5.55959129333, -31.2508888245, 13.4370927811, 30.0223045349, -37.0768737793, -11.4258441925, -92.2803421021, 69.9815826416, 153.946395874, -29.6495075226, -27.0569477081, 31.0577793121, -10.0128545761], [-4.40312051773, 42.4100379944, 7.18753528595, -4.99578762054, 44.7578849792, -8.86034011841, 60.455581665, -3.86809277534, -29.6495075226, 91.3341827393, 38.5787467957, -12.7829532623, 10.7728157043], [40.7751159668, 59.6294441223, 52.9547767639, 1.3926627636, -0.825509011745, 2.76775670052, 14.1918592453, -16.7924900055, -27.0569477081, 38.5787467957, 66.3582077026, 13.1355819702, 7.83706951141], [-39.5494651794, -22.1415481567, 7.83859586716, 9.58878803253, -11.7864112854, -17.9112968445, -23.5919532776, 12.9701099396, 31.0577793121, -12.7829532623, 13.1355819702, 60.3564872742, 19.6155052185], [2.84982633591, 14.499663353, 12.5281009674, -3.92869830132, 4.0734167099, -15.7397317886, 3.62685251236, 7.44620466232, -10.0128545761, 10.7728157043, 7.83706951141, 19.6155052185, 50.8235969543]],
        "icov": [[0.00104932067916, -0.00165298464708, 0.00195744051598, -0.00206984346732, 0.00209394679405, -0.000884509936441, 0.000682527548634, -0.000383942242479, 0.000685068836901, -0.000578818959184, -0.00026047922438, 0.000402598438086, -0.000521533715073], [-0.00165298464708, 0.0146588589996, -0.0116387661546, 0.00494312727824, -0.0109646497294, 0.0107129486278, -0.0114971846342, 0.0115938214585, -0.0141806649044, 0.0124892024323, -0.0132211651653, 0.0139410533011, -0.00630284799263], [0.00195744051598, -0.0116387661546, 0.0129971150309, -0.00791453197598, 0.010734940879, -0.00771101005375, 0.00976649671793, -0.00797359831631, 0.0107077695429, -0.00948182307184, 0.00651567149907, -0.00792141165584, 0.00278986804187], [-0.00206984346732, 0.00494312727824, -0.00791453197598, 0.0105145610869, -0.00742723373696, 0.00283690262586, -0.00121087499429, -2.50657303695e-05, -0.00183826300781, 0.00217263330705, 0.000832905760035, -0.000816272804514, 0.00239740312099], [0.00209394679405, -0.0109646497294, 0.010734940879, -0.00742723373696, 0.0184300839901, -0.00701323430985, 0.00477213039994, -0.00884477514774, 0.0106679638848, -0.0116777596995, 0.00988879147917, -0.00885448325425, 0.00356617895886], [-0.000884509936441, 0.0107129486278, -0.00771101005375, 0.00283690262586, -0.00701323430985, 0.0142651759088, -0.0102946432307, 0.00865203235298, -0.0115189310163, 0.0119947912171, -0.0131244054064, 0.013669366017, -0.0045034843497], [0.000682527548634, -0.0114971846342, 0.00976649671793, -0.00121087499429, 0.00477213039994, -0.0102946432307, 0.0233070906252, -0.0158704556525, 0.0215781982988, -0.0172478184104, 0.0143902236596, -0.0154147781432, 0.00946952402592], [-0.000383942242479, 0.0115938214585, -0.00797359831631, -2.50657303695e-05, -0.00884477514774, 0.00865203235298, -0.0158704556525, 0.0266370810568, -0.0238895844668, 0.0137695455924, -0.013631047681, 0.0161835737526, -0.0124736204743], [0.000685068836901, -0.0141806649044, 0.0107077695429, -0.00183826300781, 0.0106679638848, -0.0115189310163, 0.0215781982988, -0.0238895844668, 0.0351414084435, -0.0198389552534, 0.0228774510324, -0.0262421835214, 0.0164924785495], [-0.000578818959184, 0.0124892024323, -0.00948182307184, 0.00217263330705, -0.0116777596995, 0.0119947912171, -0.0172478184104, 0.0137695455924, -0.0198389552534, 0.0359675250947, -0.0291921682656, 0.0253940112889, -0.0139930797741], [-0.00026047922438, -0.0132211651653, 0.00651567149907, 0.000832905760035, 0.00988879147917, -0.0131244054064, 0.0143902236596, -0.013631047681, 0.0228774510324, -0.0291921682656, 0.0470339767635, -0.0322272591293, 0.0142381982878], [0.000402598438086, 0.0139410533011, -0.00792141165584, -0.000816272804514, -0.00885448325425, 0.013669366017, -0.0154147781432, 0.0161835737526, -0.0262421835214, 0.0253940112889, -0.0322272591293, 0.0493175573647, -0.0230558086187], [-0.000521533715073, -0.00630284799263, 0.00278986804187, 0.00239740312099, 0.00356617895886, -0.0045034843497, 0.00946952402592, -0.0124736204743, 0.0164924785495, -0.0139930797741, 0.0142381982878, -0.0230558086187, 0.0333903171122]]
    },
    "melbands": {
        "max": [0.00494025694206, 0.00655722245574, 0.00833645928651, 0.00651327380911, 0.00888742040843, 0.0107515109703, 0.0131444800645, 0.00535179814324, 0.0041061877273, 0.00520241912454, 0.00370244705118, 0.00362205156125, 0.00602877093479, 0.00264585670084, 0.0024644061923, 0.00206142221577, 0.00156950531527, 0.000684803002514, 0.000684485596139, 0.000834801176097, 0.00102660723496, 0.000751690880861, 0.000382091791835, 0.00024688479607, 0.000310505012749, 0.000171188425156, 0.0001470723073, 0.000205967604415, 0.000210085694562, 0.000113640824566, 3.59134610335e-05, 3.93157897634e-05, 5.1729453844e-05, 3.63526050933e-05, 3.72846152459e-05, 2.84702146018e-05, 1.78325935849e-05, 1.27835664898e-05, 4.66490200779e-06, 3.6648140167e-07],
        "mean": [0.000273734767688, 0.000544121779967, 0.000647232518531, 0.000863513210788, 0.000799445144366, 0.00074155908078, 0.000687329389621, 0.000252097263001, 0.000187150551938, 0.000211412960198, 0.000274674850516, 0.000306398229441, 0.000391509995097, 0.000210207668715, 0.000131181572215, 0.000130589934997, 7.38848175388e-05, 5.86301102885e-05, 3.45536973327e-05, 3.63550243492e-05, 3.48792091245e-05, 3.01806430798e-05, 2.08278506761e-05, 1.65032561199e-05, 2.17933175009e-05, 1.39578542075e-05, 1.72478648892e-05, 2.54796159425e-05, 1.98172765522e-05, 8.57188842929e-06, 3.8701741687e-06, 2.28353246712e-06, 1.63475294812e-06, 1.28577471514e-06, 9.79234755505e-07, 5.60838827823e-07, 3.51015557953e-07, 1.20974050333e-07, 2.52770728792e-08, 2.30939001256e-09],
        "min": [1.37205082851e-08, 9.62529860503e-13, 1.25141715566e-12, 1.34066564274e-12, 6.76367490661e-13, 1.14940609114e-12, 3.73426658519e-13, 2.95719828833e-13, 6.33199276432e-13, 9.53633331156e-13, 4.41670924009e-13, 5.65947625136e-13, 9.20912543272e-13, 3.56494456351e-13, 1.57863658127e-13, 1.58159835055e-13, 1.73591230366e-13, 8.59778285893e-14, 1.14094402871e-13, 1.02728047423e-13, 8.97315126933e-14, 9.41587573969e-14, 9.37142751638e-14, 9.67131106103e-14, 1.08473309274e-13, 2.27056600518e-13, 2.18355742558e-13, 2.75136521639e-13, 1.664752998e-13, 1.70173743803e-13, 1.62286322076e-13, 1.55607785771e-13, 1.62271319428e-13, 1.25415221828e-13, 1.37544449029e-13, 1.54632085131e-13, 1.65706627565e-13, 1.12924704581e-13, 1.25526013737e-13, 1.39973983467e-13],
        "stdev": [0.000476597371744, 0.000615259748884, 0.000692436879035, 0.000963921600487, 0.00101749028545, 0.00111218832899, 0.00114642968401, 0.000383693317417, 0.000306780333631, 0.000370470399503, 0.000386722385883, 0.000480875751236, 0.000609546259511, 0.000318175618304, 0.000262196495896, 0.000221210051677, 0.00011469956371, 7.82581191743e-05, 5.13521008543e-05, 5.14846251463e-05, 7.01574099367e-05, 6.50653310004e-05, 3.2238989661e-05, 2.12773775274e-05, 2.51575056609e-05, 1.38657824209e-05, 1.92200714082e-05, 2.96416783385e-05, 2.51403398579e-05, 1.05026174424e-05, 4.26318365498e-06, 2.57823512584e-06, 2.62149410446e-06, 2.17955516746e-06, 1.78263690032e-06, 1.2493368331e-06, 8.58506439272e-07, 4.00830515446e-07, 1.24095492993e-07, 1.17083143181e-08]
    },
    "melbands128": {
        "max": [0.000488901801873, 0.00347356707789, 0.00776856904849, 0.0116409240291, 0.007548391819, 0.00955787952989, 0.0155921289697, 0.00763778761029, 0.0113392639905, 0.0111587215215, 0.0120009742677, 0.0201428607106, 0.0106027023867, 0.0197510439903, 0.0182461217046, 0.0218200348318, 0.0253913961351, 0.0143702337518, 0.00726717198268, 0.00870285835117, 0.0104933688417, 0.00513108540326, 0.00740100350231, 0.00546139432117, 0.00498241558671, 0.0111899804324, 0.00939861964434, 0.00646481662989, 0.00422628223896, 0.00693726306781, 0.00751684093848, 0.0114125516266, 0.0119349090382, 0.00685290759429, 0.00512220570818, 0.00468810414895, 0.00550959445536, 0.0040104300715, 0.00329211028293, 0.00293753971346, 0.00378644606099, 0.00122484285384, 0.00153307442088, 0.00350316450931, 0.00169645948336, 0.00115262938198, 0.00209806091152, 0.00152044300921, 0.0010606884025, 0.00281292502768, 0.000977815245278, 0.00115211983211, 0.00154352362733, 0.00138899870217, 0.00176155532245, 0.000988857704215, 0.00115889916196, 0.000666651118081, 0.000751137151383, 0.000559958978556, 0.000544276088476, 0.000424038240453, 0.000666717533022, 0.000416494207457, 0.000432533910498, 0.000311121111736, 0.000297467457131, 0.000287392060272, 0.000321797066135, 0.000360840786016, 0.000480929127662, 0.000564325775485, 0.000662764476147, 0.000437191978563, 0.000215580672375, 0.000222998889512, 0.000228597302339, 9.94776637526e-05, 7.87170283729e-05, 4.27300765296e-05, 3.71299065591e-05, 4.9553666031e-05, 5.47897398064e-05, 4.87816651003e-05, 6.34837924736e-05, 5.50559707335e-05, 5.3926018154e-05, 3.11407893605e-05, 4.62005154986e-05, 4.25143516622e-05, 3.83402511943e-05, 1.63079766935e-05, 3.36305529345e-05, 1.95789834834e-05, 1.3162468349e-05, 9.49697277974e-06, 1.65897163242e-05, 1.14527201731e-05, 4.41635802417e-06, 1.31128513203e-06, 6.60599823732e-07, 3.51194984205e-07, 3.27569324554e-07, 3.07399886879e-07, 2.89347809712e-07, 2.73145445817e-07, 2.57726469499e-07, 2.45690245038e-07, 2.33755287127e-07, 2.22461579824e-07, 2.12274954947e-07, 2.02933051696e-07, 1.94381129859e-07, 1.86600473739e-07, 1.79310305271e-07, 1.72663519038e-07, 1.66751661368e-07, 1.61322773806e-07, 1.5637647266e-07, 1.51861101472e-07, 1.47900763636e-07, 1.44373089483e-07, 1.41188522207e-07, 1.38573838626e-07, 1.36416758778e-07, 1.3467068527e-07, 1.33371315769e-07, 1.32589320856e-07],
        "mean": [3.58095967385e-05, 0.000177102338057, 0.000380651879823, 0.000447283557151, 0.000500270281918, 0.000685099570546, 0.000618401914835, 0.000502091366798, 0.000872678181622, 0.000912190007512, 0.000773317879066, 0.00107430806383, 0.000741536729038, 0.000549816410057, 0.00067853735527, 0.000810698082205, 0.0010940770153, 0.000636140292045, 0.000260556640569, 0.000206457581953, 0.000299004139379, 0.000225000272621, 0.000165055535035, 0.000149764382513, 0.0002138694108, 0.000252288242336, 0.000168322352692, 0.000329693313688, 0.000296599464491, 0.000265407114057, 0.000311374809826, 0.000395969545934, 0.000339492951753, 0.000516162370332, 0.000229897923418, 0.000120374170365, 0.000153173081344, 0.000139224473969, 0.000106747611426, 0.000136076982017, 0.000177225025254, 5.40987566637e-05, 6.27384142717e-05, 9.49249879341e-05, 6.20997598162e-05, 5.02126567881e-05, 5.85114212299e-05, 3.48513967765e-05, 2.4704995667e-05, 2.3349399271e-05, 4.64604781882e-05, 4.00722929044e-05, 2.8833594115e-05, 3.64938350685e-05, 3.8766193029e-05, 2.99240673485e-05, 2.32037637033e-05, 1.97032459255e-05, 2.02936516871e-05, 2.23187944357e-05, 1.41279224408e-05, 1.18765638035e-05, 2.58274030784e-05, 2.47135067184e-05, 1.65368710441e-05, 1.11271492642e-05, 1.38570858326e-05, 1.75099448825e-05, 2.03428789973e-05, 1.25688438857e-05, 1.76966332219e-05, 4.00324315706e-05, 3.43080682796e-05, 1.09832799353e-05, 9.41425150813e-06, 1.17155141197e-05, 6.44163037578e-06, 4.26098586104e-06, 4.10301890952e-06, 2.77662456938e-06, 2.45444130087e-06, 2.03835497814e-06, 1.70480927864e-06, 1.63276263265e-06, 1.63343395343e-06, 1.21563823541e-06, 1.31445733587e-06, 1.10980010959e-06, 9.98657128548e-07, 8.45339570787e-07, 6.7429215278e-07, 4.66964024781e-07, 3.89003076862e-07, 4.00671893885e-07, 3.08270415417e-07, 1.56904491178e-07, 8.6731674287e-08, 4.8490417015e-08, 2.80018941368e-08, 1.18519833947e-08, 3.74549502524e-09, 5.15637754717e-10, 2.94576113502e-10, 1.757203133e-10, 1.63237215411e-10, 1.58104473957e-10, 1.49636761315e-10, 1.43906692118e-10, 1.31944136172e-10, 1.24923391076e-10, 1.19240187169e-10, 1.14023339381e-10, 1.09242670465e-10, 1.04887681873e-10, 1.00810089443e-10, 9.7098128149e-11, 9.37864091943e-11, 9.07461744637e-11, 8.79831069112e-11, 8.5452325771e-11, 8.32269253515e-11, 8.12513389903e-11, 7.94727686437e-11, 7.79999051459e-11, 7.67566774029e-11, 7.57151980002e-11, 7.49550629897e-11, 7.45118064471e-11],
        "min": [6.51013798425e-10, 1.66142424263e-08, 5.13849796047e-10, 2.25270193124e-12, 6.78747206009e-13, 1.31072697184e-13, 6.02678497386e-13, 1.89043377306e-12, 1.917532539e-12, 1.03524274656e-12, 1.38195596459e-12, 7.01852259036e-13, 1.77723070635e-13, 1.02179224283e-12, 1.39683728993e-12, 1.26473430253e-12, 5.31816561275e-13, 2.40690740992e-13, 6.69674683545e-14, 1.48985302719e-13, 4.32649087997e-13, 7.22379350348e-13, 4.59634175339e-13, 7.92224684291e-13, 1.14366968586e-12, 9.60655058106e-13, 7.12567483317e-13, 2.8071159763e-13, 3.73436578969e-13, 2.0422086331e-13, 6.18474238837e-13, 1.35911290902e-12, 1.07661113097e-12, 5.6775667067e-13, 2.46071202694e-13, 4.14373857493e-13, 3.26557086493e-13, 7.90988639605e-14, 8.61562543856e-14, 2.00388710074e-13, 8.58884767778e-14, 2.47620744439e-13, 2.73162487638e-13, 5.07718765305e-14, 9.01562082368e-14, 1.15694265149e-13, 6.10985464696e-14, 8.8487587212e-14, 1.58730396448e-13, 1.34422651504e-13, 9.09703356481e-14, 7.18678656625e-14, 8.51228606374e-14, 9.15604533381e-14, 1.14320418366e-13, 7.2194352818e-14, 1.11854461511e-13, 8.7222228409e-14, 8.99667574597e-14, 1.00632250742e-13, 9.24667447103e-14, 9.96105596011e-14, 9.09729512858e-14, 1.02373838573e-13, 1.43478395939e-13, 3.31859214588e-13, 1.6978423062e-13, 2.02730275059e-13, 2.06806793912e-13, 2.41715935462e-13, 3.95574550763e-13, 2.00421900213e-13, 1.83891056137e-13, 1.69126851738e-13, 1.40096931994e-13, 1.71366745664e-13, 1.82862148275e-13, 1.59891183952e-13, 1.66899561662e-13, 1.77385179028e-13, 7.6947054685e-14, 2.06817202253e-13, 1.96885246279e-13, 1.57529588332e-13, 1.4339119898e-13, 1.00646114977e-13, 1.30100262703e-13, 1.31761910952e-13, 1.14625268912e-13, 1.71687249378e-13, 1.73118287826e-13, 1.52313681416e-13, 1.17651344938e-13, 1.98100067708e-13, 1.59269082298e-13, 1.29853999732e-13, 9.70619391067e-14, 1.02311673131e-13, 1.03808116074e-13, 1.66800777292e-13, 1.38719995235e-13, 1.3731551974e-13, 8.16782554677e-14, 5.40604412906e-14, 6.78785234401e-14, 7.00477815942e-14, 8.98541630641e-14, 9.09080753383e-14, 6.62236175728e-14, 6.71041862485e-14, 8.78456582107e-14, 6.78906122943e-14, 5.66011233922e-14, 7.27931237965e-14, 6.29408905637e-14, 7.80362441875e-14, 8.05753643603e-14, 6.32133166883e-14, 8.3254800623e-14, 8.290832349e-14, 5.47816627402e-14, 8.95095155222e-14, 7.51619971232e-14, 8.0515482519e-14, 5.19937791551e-14, 1.99173292334e-14, 3.33804927194e-15, 1.41496139155e-16],
        "stdev": [5.82691500313e-05, 0.000298360158922, 0.000753778091166, 0.000843390473165, 0.000696251110639, 0.000801815069281, 0.00102315819822, 0.000641973747406, 0.00129511149134, 0.00135544629302, 0.00114753458183, 0.00179152807686, 0.00109303789213, 0.00102384400088, 0.00141444080509, 0.00158490007743, 0.00232320744544, 0.00125329289585, 0.000444206991233, 0.000420736439992, 0.00060559209669, 0.000472983520012, 0.000414620299125, 0.000311233801767, 0.000446963560535, 0.000648512039334, 0.000413419009419, 0.000645814929157, 0.000506818061695, 0.000666771898977, 0.000662731938064, 0.00109112553764, 0.000839431188069, 0.000992107088678, 0.000508249737322, 0.000357133947546, 0.00048911065096, 0.000425929232733, 0.000267531548161, 0.000292783399345, 0.000374281225959, 0.00013044019579, 0.000140061980346, 0.000220202709897, 0.000131194596179, 9.70304317889e-05, 0.00013762677554, 7.63490315876e-05, 5.50091717741e-05, 7.72286875872e-05, 7.91668135207e-05, 8.01993228379e-05, 9.2036301794e-05, 0.000115792230645, 0.000113481408334, 9.38254743232e-05, 6.92943503964e-05, 4.56984780612e-05, 4.31123407907e-05, 3.64229526895e-05, 3.44671097992e-05, 2.55430913967e-05, 4.61871932202e-05, 3.78923396056e-05, 2.80205640593e-05, 1.75247987499e-05, 2.19042303797e-05, 2.70957552857e-05, 3.19261562254e-05, 2.57988394878e-05, 3.41458435287e-05, 6.53575771139e-05, 6.65659681545e-05, 2.57130795944e-05, 1.59316659847e-05, 1.96254495677e-05, 1.09797701953e-05, 6.38887877358e-06, 6.33206491329e-06, 3.89428305425e-06, 3.14557223646e-06, 2.78729044112e-06, 3.10011091642e-06, 2.88312389785e-06, 3.07557252199e-06, 2.49163122135e-06, 2.46695094575e-06, 1.95007578441e-06, 1.98472480406e-06, 2.09550580621e-06, 1.58409079631e-06, 1.0149751688e-06, 1.15555485536e-06, 1.04194850792e-06, 7.23086088783e-07, 4.61384900063e-07, 4.460263483e-07, 2.92582967631e-07, 1.28961715973e-07, 4.19458636713e-08, 2.11827710928e-08, 8.20570722482e-09, 7.58957430236e-09, 7.1180461525e-09, 6.69999167258e-09, 6.32471941486e-09, 5.96758953364e-09, 5.68900393461e-09, 5.41266231835e-09, 5.15118125932e-09, 4.91527352153e-09, 4.69901717537e-09, 4.50090231752e-09, 4.32075397683e-09, 4.15201251158e-09, 3.99813959717e-09, 3.86117715578e-09, 3.73549724486e-09, 3.62093888207e-09, 3.51635720541e-09, 3.42468875481e-09, 3.34302607818e-09, 3.26929106009e-09, 3.20872817205e-09, 3.15869730372e-09, 3.11828585176e-09, 3.08821257455e-09, 3.07011283063e-09]
    },
    "mfcc": {
        "mean": [-625.580566406, 142.742584229, -41.0346984863, 39.7414550781, -33.6404571533, 16.4405212402, -7.28211736679, 6.32991266251, -16.2313022614, 6.77684402466, -18.814125061, 4.95272684097, -7.77148580551],
        "cov": [[1539.57409668, -37.5345954895, 152.905807495, 148.778823853, 5.98999118805, 39.5410079956, -55.3070831299, 11.4383163452, -30.7068481445, 16.3465576172, -30.486120224, 34.2166252136, -3.54461240768], [-37.5345954895, 571.846862793, 178.286346436, 194.234130859, 4.85730218887, -20.8237190247, 72.9169235229, -112.505401611, -57.106426239, -2.37459516525, 8.72072601318, -3.06357526779, -21.4919319153], [152.905807495, 178.286346436, 798.385986328, 229.799316406, 150.875045776, -7.33738422394, -135.255950928, -23.4035491943, -100.469360352, -25.1683158875, -1.8755556345, -19.8954105377, -2.7399187088], [148.778823853, 194.234130859, 229.799316406, 386.31237793, 83.2041702271, -35.6315040588, 18.897895813, -41.8251304626, 7.4519405365, -14.0836811066, -20.0415840149, 46.5018081665, 25.8876056671], [5.98999118805, 4.85730218887, 150.875045776, 83.2041702271, 151.51550293, -11.582983017, -78.3726730347, 29.9380626678, 7.6398935318, -3.46116232872, 5.00112199783, 12.1775913239, 9.37853336334], [39.5410079956, -20.8237190247, -7.33738422394, -35.6315040588, -11.582983017, 126.663406372, 72.9215393066, -10.1671180725, -31.7383728027, 11.7248134613, 8.85998535156, -21.5121669769, -14.0665159225], [-55.3070831299, 72.9169235229, -135.255950928, 18.897895813, -78.3726730347, 72.9215393066, 322.591094971, -86.0097198486, 7.43688726425, 22.2761135101, 13.9938192368, -4.14223194122, -1.04707026482], [11.4383163452, -112.505401611, -23.4035491943, -41.8251304626, 29.9380626678, -10.1671180725, -86.0097198486, 141.032669067, 37.8633575439, 2.58139133453, -0.635444164276, 15.1952877045, 7.37857961655], [-30.7068481445, -57.106426239, -100.469360352, 7.4519405365, 7.6398935318, -31.7383728027, 7.43688726425, 37.8633575439, 110.835098267, 20.077123642, 3.50500535965, 25.1985912323, 16.3228282928], [16.3465576172, -2.37459516525, -25.1683158875, -14.0836811066, -3.46116232872, 11.7248134613, 22.2761135101, 2.58139133453, 20.077123642, 65.479133606, 19.9164123535, 1.16819763184, -3.94074130058], [-30.486120224, 8.72072601318, -1.8755556345, -20.0415840149, 5.00112199783, 8.85998535156, 13.9938192368, -0.635444164276, 3.50500535965, 19.9164123535, 56.6086120605, 8.00714302063, -1.00870895386], [34.2166252136, -3.06357526779, -19.8954105377, 46.5018081665, 12.1775913239, -21.5121669769, -4.14223194122, 15.1952877045, 25.1985912323, 1.16819763184, 8.00714302063, 80.5956573486, 25.0328769684], [-3.54461240768, -21.4919319153, -2.7399187088, 25.8876056671, 9.37853336334, -14.0665159225, -1.04707026482, 7.37857961655, 16.3228282928, -3.94074130058, -1.00870895386, 25.0328769684, 71.1826858521]],
        "icov": [[0.000750459032133, 0.000187010329682, -8.66431000759e-05, -0.000433958659414, 0.000381994497729, -0.000420185009716, 0.000261868204689, -2.61899767793e-05, 0.000236157968175, -0.000474944594316, 0.000397997559048, -0.000398506206693, 0.000186860430404], [0.000187010329682, 0.00274351681583, -0.000223914074013, -0.00134845194407, 0.000420117779868, 0.000832824036479, -0.000344223168213, 0.00113515916746, 0.00113346683793, -0.000427229882916, -0.000793379906099, 0.000102522943052, 0.000975066795945], [-8.66431000759e-05, -0.000223914074013, 0.00229694205336, -0.00113649037667, -0.00142256030813, -8.51118893479e-05, 0.000746354518924, 2.17389861064e-05, 0.00186559616122, -7.58480018703e-05, -0.000619509955868, 0.00101548188832, -0.000188749123481], [-0.000433958659414, -0.00134845194407, -0.00113649037667, 0.00533086387441, -0.00220172666013, 0.000775934546255, -0.00117889710236, 0.000880299485289, -0.00157374737319, 0.000627166358754, 0.00240278383717, -0.00241860747337, -0.000796182372142], [0.000381994497729, 0.000420117779868, -0.00142256030813, -0.00220172666013, 0.0106332423165, -0.00148965895642, 0.00223221862689, -0.00113349501044, -0.001626950223, 6.66673658998e-05, -0.0018653338775, -0.000129938183818, -0.0002571476507], [-0.000420185009716, 0.000832824036479, -8.51118893479e-05, 0.000775934546255, -0.00148965895642, 0.0119505859911, -0.00374083733186, -0.00154789304361, 0.00428407313302, -0.00165383226704, -0.000827364914585, 0.00173959077802, 0.000910903094336], [0.000261868204689, -0.000344223168213, 0.000746354518924, -0.00117889710236, 0.00223221862689, -0.00374083733186, 0.00585726648569, 0.002801759867, -0.00170617632102, -0.000587468210142, -0.000919461017475, -2.95374429697e-05, -0.000514943269081], [-2.61899767793e-05, 0.00113515916746, 2.17389861064e-05, 0.000880299485289, -0.00113349501044, -0.00154789304361, 0.002801759867, 0.0112145924941, -0.00352015672252, 8.66600021254e-05, 0.000320277264109, -0.00163524236996, 0.000135930327815], [0.000236157968175, 0.00113346683793, 0.00186559616122, -0.00157374737319, -0.001626950223, 0.00428407313302, -0.00170617632102, -0.00352015672252, 0.0153532614931, -0.00455172266811, 0.000111917834147, -0.00117038190365, -0.000960593461059], [-0.000474944594316, -0.000427229882916, -7.58480018703e-05, 0.000627166358754, 6.66673658998e-05, -0.00165383226704, -0.000587468210142, 8.66600021254e-05, -0.00455172266811, 0.019296374172, -0.00616538524628, 0.000744014745578, 0.00102612748742], [0.000397997559048, -0.000793379906099, -0.000619509955868, 0.00240278383717, -0.0018653338775, -0.000827364914585, -0.000919461017475, 0.000320277264109, 0.000111917834147, -0.00616538524628, 0.0220914669335, -0.0040107537061, 0.000274664111203], [-0.000398506206693, 0.000102522943052, 0.00101548188832, -0.00241860747337, -0.000129938183818, 0.00173959077802, -2.95374429697e-05, -0.00163524236996, -0.00117038190365, 0.000744014745578, -0.0040107537061, 0.0171079877764, -0.00430390238762], [0.000186860430404, 0.000975066795945, -0.000188749123481, -0.000796182372142, -0.0002571476507, 0.000910903094336, -0.000514943269081, 0.000135930327815, -0.000960593461059, 0.00102612748742, 0.000274664111203, -0.00430390238762, 0.0166211016476]]
    },
    "spectral_contrast_coeffs": {
        "max": [-0.435258328915, -0.477060317993, -0.510002911091, -0.556610763073, -0.575864434242, -0.496854394674],
        "mean": [-0.687520325184, -0.736788272858, -0.710903942585, -0.757453858852, -0.746188879013, -0.593772768974],
        "min": [-0.959145367146, -0.956545233727, -0.935204982758, -0.934212505817, -0.933975279331, -0.917917847633],
        "stdev": [0.068602360785, 0.0703359246254, 0.0696088075638, 0.0577381327748, 0.0477871671319, 0.0372611694038]
    },
    "spectral_contrast_valleys": {
        "max": [-5.19453477859, -5.06679821014, -5.37885379791, -5.43058204651, -6.07403278351, -9.13881111145],
        "mean": [-6.75538110733, -6.37440013885, -6.90147352219, -7.37584686279, -7.30207300186, -12.2232999802],
        "min": [-17.5779132843, -17.2498321533, -17.2419643402, -16.8571205139, -16.3173809052, -17.4161567688],
        "stdev": [0.879228413105, 0.602997839451, 0.533569037914, 0.557722330093, 0.529594838619, 0.702856779099]
    }
},
"rhythm": {
    "beats_count": 96,
    "beats_loudness": {
        "max": 0.0721287205815,
        "mean": 0.0318244807422,
        "min": 0.00363436643966,
        "stdev": 0.0126339420676
    },
    "bpm": 143.800369263,
    "bpm_histogram_first_peak_bpm": 144,
    "bpm_histogram_first_peak_weight": 0.270270228386,
    "bpm_histogram_second_peak_bpm": 101,
    "bpm_histogram_second_peak_spread": 0.25,
    "bpm_histogram_second_peak_weight": 0.0631578937173,
    "danceability": 1.00101864338,
    "onset_rate": 2.07994437218,
    "beats_loudness_band_ratio": {
        "max": [0.521354913712, 0.795828223228, 0.681590497494, 0.786863923073, 0.38885051012, 0.269999414682],
        "mean": [0.171401977539, 0.252173960209, 0.22714060545, 0.273697823286, 0.0927412137389, 0.0692667663097],
        "min": [0.000550123222638, 0.00286503671668, 0.0241898875684, 0.0203037578613, 0.00771929789335, 0.00396162876859],
        "stdev": [0.119034983218, 0.198074549437, 0.151083618402, 0.213190481067, 0.0782202705741, 0.0504923984408]
    },
