{
"metadata": {
    "version": {
        "essentia": "2.1-beta5",
        "essentia_git_sha": "Undefined",
        "extractor": "music 2.0"
    },
    "audio_properties": {
        "analysis": {
            "equal_loudness": 0,
            "length": 28.7927436829,
            "sample_rate": 44100,
            "start_time": 207.748931885,
            "downmix": "mix"
        },
        "bit_rate": 192000,
        "length": 236.564910889,
        "lossless": 0,
        "number_channels": 2,
        "replay_gain": -8.77777671814,
        "sample_rate": 48000,
        "codec": "mp3",
        "md5_encoded": "5a00aee49912a6c4c8b00813946e75b5"
    },
    "tags": {
        "file_name": "Switzerland_Dentro Di Me_Barbara Berta.mp3",
        "encoding": ["Lavf58.29.100"]
    }
},
"lowlevel": {
    "average_loudness": 0.0543026588857,
    "barkbands_crest": {
        "max": 20.5501842499,
        "mean": 6.63063764572,
        "min": 2.93970036507,
        "stdev": 2.28425765038
    },
    "barkbands_flatness_db": {
        "max": 0.299244523048,
        "mean": 0.109557420015,
        "min": 0.0522145144641,
        "stdev": 0.0418903157115
    },
    "barkbands_kurtosis": {
        "max": 19.702123642,
        "mean": 2.0810880661,
        "min": -1.51375031471,
        "stdev": 2.19614267349
    },
    "barkbands_skewness": {
        "max": 3.77202868462,
        "mean": -0.783760726452,
        "min": -2.61056637764,
        "stdev": 1.24523556232
    },
    "barkbands_spread": {
        "max": 37.9315643311,
        "mean": 20.3009357452,
        "min": 2.7468187809,
        "stdev": 7.82574558258
    },
    "dissonance": {
        "max": 0.500000059605,
        "mean": 0.486491173506,
        "min": 0.321857631207,
        "stdev": 0.0198967698961
    },
    "dynamic_complexity": 7.36728572845,
    "erbbands_crest": {
        "max": 24.6078357697,
        "mean": 5.72600126266,
        "min": 2.51550984383,
        "stdev": 3.19736528397
    },
    "erbbands_flatness_db": {
        "max": 0.323562562466,
        "mean": 0.167113855481,
        "min": 0.0818557962775,
        "stdev": 0.070818386972
    },
    "erbbands_kurtosis": {
        "max": 8.56571578979,
        "mean": 0.354734092951,
        "min": -1.62095665932,
        "stdev": 0.794151842594
    },
    "erbbands_skewness": {
        "max": 2.75394439697,
        "mean": -0.291188210249,
        "min": -1.14346206188,
        "stdev": 0.559500992298
    },
    "erbbands_spread": {
        "max": 45.7480163574,
        "mean": 27.093170166,
        "min": 6.20392417908,
        "stdev": 10.6345119476
    },
    "hfc": {
        "max": 125.923233032,
        "mean": 11.9317378998,
        "min": 1.03918078315e-16,
        "stdev": 21.2242736816
    },
    "loudness_ebu128": {
        "integrated": -14.5965528488,
        "loudness_range": 13.7044782639,
        "momentary": {
            "max": -10.6904459,
            "mean": -159.260665894,
            "min": -300.691009521,
            "stdev": 140.502227783
        },
        "short_term": {
            "max": -11.4400215149,
            "mean": -145.716812134,
            "min": -300.691009521,
            "stdev": 139.258605957
        }
    },
    "melbands_crest": {
        "max": 26.090801239,
        "mean": 5.20767784119,
        "min": 1.38548660278,
        "stdev": 4.17874574661
    },
    "melbands_flatness_db": {
        "max": 0.308620452881,
        "mean": 0.0761964544654,
        "min": 0.00229049916379,
        "stdev": 0.0793860703707
    },
    "melbands_kurtosis": {
        "max": 29.1977958679,
        "mean": 0.493109762669,
        "min": -1.44347178936,
        "stdev": 3.80138039589
    },
    "melbands_skewness": {
        "max": 4.51321029663,
        "mean": 0.372376412153,
        "min": -1.19087779522,
        "stdev": 0.837556779385
    },
    "melbands_spread": {
        "max": 179.222366333,
        "mean": 79.7591018677,
        "min": 3.39892506599,
        "stdev": 53.6563529968
    },
    "pitch_salience": {
        "max": 0.911871671677,
        "mean": 0.766917586327,
        "min": 0.415930479765,
        "stdev": 0.0686068683863
    },
    "silence_rate_20dB": {
        "max": 1,
        "mean": 1,
        "min": 1,
        "stdev": 0
    },
    "silence_rate_30dB": {
        "max": 1,
        "mean": 1,
        "min": 1,
        "stdev": 0
    },
    "silence_rate_60dB": {
        "max": 1,
        "mean": 0.597099125385,
        "min": 0,
        "stdev": 0.490477204323
    },
    "spectral_centroid": {
        "max": 11920.296875,
        "mean": 6433.72021484,
        "min": 521.848754883,
        "stdev": 4629.96679688
    },
    "spectral_complexity": {
        "max": 53,
        "mean": 11.4182109833,
        "min": 0,
        "stdev": 15.5629167557
    },
    "spectral_decrease": {
        "max": 2.60339729528e-21,
        "mean": -2.02696104346e-09,
        "min": -2.2250898013e-08,
        "stdev": 3.59396246097e-09
    },
    "spectral_energy": {
        "max": 0.0887072905898,
        "mean": 0.00873247627169,
        "min": 9.84935264477e-21,
        "stdev": 0.0153291989118
    },
    "spectral_energyband_high": {
        "max": 0.00388558232225,
        "mean": 0.000191464147065,
        "min": 6.85325922966e-21,
        "stdev": 0.000415828661062
    },
    "spectral_energyband_low": {
        "max": 0.00279265525751,
        "mean": 0.00018300661759,
        "min": 7.91685973895e-24,
        "stdev": 0.000421186094172
    },
    "spectral_energyband_middle_high": {
        "max": 0.0623046718538,
        "mean": 0.00548375584185,
        "min": 1.04276567042e-21,
        "stdev": 0.0104809077457
    },
    "spectral_energyband_middle_low": {
        "max": 0.0776113793254,
        "mean": 0.00302461371757,
        "min": 1.45416031805e-22,
        "stdev": 0.00824325159192
    },
    "spectral_entropy": {
        "max": 9.82869720459,
        "mean": 8.72748661041,
        "min": 6.68930530548,
        "stdev": 1.10461318493
    },
    "spectral_flux": {
        "max": 0.225633785129,
        "mean": 0.036546304822,
        "min": 6.19389123324e-11,
        "stdev": 0.0509706810117
    },
    "spectral_kurtosis": {
        "max": 16.7558403015,
        "mean": 2.52316641808,
        "min": -1.28234660625,
        "stdev": 4.11990261078
    },
    "spectral_rms": {
        "max": 0.00930288620293,
        "mean": 0.00175092683639,
        "min": 3.09985869439e-12,
        "stdev": 0.00233534094878
    },
    "spectral_rolloff": {
        "max": 19789.0136719,
        "mean": 10530.9921875,
        "min": 387.59765625,
        "stdev": 8310.51171875
    },
    "spectral_skewness": {
        "max": 2.72393774986,
        "mean": 0.834054410458,
        "min": -0.113929130137,
        "stdev": 0.864596426487
    },
    "spectral_spread": {
        "max": 43165528,
        "mean": 21802352,
        "min": 2010925.75,
        "stdev": 18912808
    },
    "spectral_strongpeak": {
        "max": 6.55777549744,
        "mean": 0.555456697941,
        "min": 0,
        "stdev": 0.898564934731
    },
    "zerocrossingrate": {
        "max": 0.7109375,
        "mean": 0.290732324123,
        "min": 0.01513671875,
        "stdev": 0.213461041451
    },
    "barkbands": {
        "max": [0.000283285597106, 0.00210699252784, 0.00121081876568, 0.0013263708679, 0.0087751923129, 0.0173601023853, 0.0290503222495, 0.039735391736, 0.0304839853197, 0.0126169854775, 0.0105350743979, 0.0134216751903, 0.0137253981084, 0.0181614756584, 0.0128695685416, 0.00987666938454, 0.00981909316033, 0.0110119339079, 0.00351839000359, 0.00110134540591, 0.00164344685618, 0.0014646894997, 0.000592221389525, 0.000392929010559, 9.99712210614e-05, 3.59197147191e-05, 3.04743764445e-07],
        "mean": [1.47719974848e-05, 7.50023609726e-05, 4.27350460086e-05, 6.89178123139e-05, 0.000158954586368, 0.000481132476125, 0.000669723609462, 0.000734591449145, 0.000692071858793, 0.000576236168854, 0.000479738286231, 0.00065569562139, 0.000745509751141, 0.000816787825897, 0.000771257211454, 0.000597770151217, 0.000476467801491, 0.000293985707685, 0.000150856678374, 6.94267509971e-05, 6.827818288e-05, 4.88888799737e-05, 2.43352569669e-05, 1.38105078804e-05, 4.36328900832e-06, 1.15600096251e-06, 8.64121307842e-09],
        "min": [4.05770975236e-26, 9.42842708223e-25, 5.6460683044e-25, 4.25059209851e-25, 2.89398356246e-24, 6.08174050374e-24, 3.75506310583e-24, 2.16526107392e-24, 7.0683546384e-24, 7.96331260221e-24, 3.59926623249e-24, 1.83573659775e-23, 2.24483891657e-23, 2.62379838688e-23, 3.26933494076e-23, 3.85814103596e-23, 4.42198126123e-23, 7.2993526752e-23, 1.10909047e-22, 1.51472830104e-22, 2.01323891579e-22, 2.68873861566e-22, 3.23368145707e-22, 5.2042196476e-22, 7.71601840305e-22, 1.16706470358e-21, 1.86074117235e-21],
        "stdev": [4.17972150899e-05, 0.00023585933377, 0.00010704495071, 0.000162317970535, 0.000577547762077, 0.00153894315008, 0.00266571831889, 0.00338140036911, 0.00237164902501, 0.00141878193244, 0.00112353207078, 0.00147114624269, 0.00159005110618, 0.00175621022936, 0.00167215429246, 0.00132735981606, 0.000927183195017, 0.000762200332247, 0.000356144562829, 0.000155551970238, 0.000157662725542, 0.000127511710161, 5.59557956876e-05, 3.44507170666e-05, 9.90828266367e-06, 2.93413404506e-06, 2.2093736618e-08]
    },
    "erbbands": {
        "max": [0.0740601494908, 0.407978951931, 0.963187158108, 4.25759458542, 5.55619525909, 29.612077713, 115.58757782, 173.064056396, 401.09161377, 1055.30102539, 893.835449219, 782.180908203, 471.84664917, 625.783447266, 421.875610352, 566.417358398, 553.281799316, 668.373291016, 701.333374023, 728.690429688, 553.06640625, 514.170166016, 469.863800049, 459.866882324, 155.498336792, 56.8377876282, 37.4621772766, 93.3132171631, 60.4123420715, 33.8629722595, 16.8648490906, 12.3306179047, 2.75961017609, 1.33559691906, 0.592572331429, 0.217597588897, 0.0540729761124, 0.00158650486264, 8.1132100604e-05, 0.000101298421214],
        "mean": [0.00265397154726, 0.0148927085102, 0.0402206815779, 0.190428122878, 0.189353227615, 0.682157635689, 1.32294154167, 4.99575138092, 7.99812555313, 14.9197130203, 14.6418590546, 15.7687187195, 18.5358505249, 18.6403045654, 21.2787628174, 27.2142047882, 34.2143783569, 40.4818077087, 40.8003349304, 38.6895179749, 31.7212677002, 26.4289417267, 17.2500667572, 10.7970657349, 6.23050165176, 3.22007036209, 2.57791757584, 2.75630187988, 1.81713688374, 1.11402094364, 0.659676194191, 0.414223134518, 0.155497699976, 0.0627221465111, 0.0244298074394, 0.00931896455586, 0.0011034355266, 4.84726006107e-05, 7.70732913224e-06, 1.1356873074e-05],
        "min": [2.38137606645e-23, 1.55911012044e-22, 1.49107090523e-21, 1.84624147977e-21, 5.95646094803e-21, 7.79989312372e-21, 2.96924461876e-20, 5.27129989573e-20, 7.38890908261e-20, 1.00543784069e-19, 1.46631450829e-19, 1.62120873088e-19, 3.61174300702e-19, 5.04378548383e-19, 4.55378591943e-19, 9.6318047899e-19, 1.13503676383e-18, 1.68218137706e-18, 1.77381210262e-18, 2.6879444936e-18, 3.27170963332e-18, 2.92027388506e-18, 4.53714190814e-18, 4.31247344991e-18, 6.84465073518e-18, 7.47390936102e-18, 7.86048394849e-18, 8.62972800376e-18, 9.42643941845e-18, 9.33222023796e-18, 1.0297898182e-17, 9.00715066494e-18, 8.9518404061e-18, 7.41102130059e-18, 5.42914039349e-18, 3.62636187338e-18, 2.14384845451e-18, 7.10391860746e-19, 2.40600318713e-19, 2.49092242123e-20],
        "stdev": [0.00833432748914, 0.045915171504, 0.0915809199214, 0.437474966049, 0.426773786545, 2.61913228035, 4.95933389664, 16.4572792053, 30.5649414062, 72.7460021973, 62.006061554, 60.2014732361, 44.7121200562, 46.4636154175, 45.8687858582, 60.7652320862, 72.5806121826, 84.0553588867, 87.3538742065, 84.938583374, 67.9380187988, 50.8028869629, 39.2753372192, 30.7774772644, 13.9290704727, 7.10155534744, 5.361764431, 6.99100971222, 4.69005012512, 2.72905158997, 1.56647539139, 1.13106524944, 0.33557009697, 0.140338823199, 0.0569043420255, 0.0220857486129, 0.00338500691578, 0.000121785815281, 1.31429678731e-05, 1.96764522116e-05]
    },
    "gfcc": {
        "mean": [-674.698730469, 39.0916786194, -98.9750366211, 5.47231912613, -33.051525116, 4.13906669617, -22.6550998688, -0.627631485462, -7.10027885437, -1.92751634121, -5.55900382996, -1.6811273098, -3.01616454124],
        "cov": [[362748.90625, 23751.2695312, -59589.34375, 3237.65209961, -20012.4570312, 2698.3527832, -13580.6933594, -224.664840698, -4397.16650391, -1084.23754883, -3418.88623047, -1086.89086914, -1849.25952148], [23751.2695312, 2548.03417969, -3405.81933594, 361.641479492, -1106.29394531, 17.9286823273, -883.259887695, -107.058807373, -216.53894043, -38.6650390625, -131.699325562, -101.724479675, -88.0497589111], [-59589.34375, -3405.81933594, 10391.8583984, -416.591644287, 3489.70361328, -464.638000488, 2319.26220703, 26.1537284851, 760.39453125, 225.71987915, 613.497802734, 162.073318481, 323.572143555], [3237.65209961, 361.641479492, -416.591644287, 198.98324585, -97.6134796143, 54.2886009216, -86.4779815674, -20.266166687, -10.6147241592, -17.8772792816, 1.25622212887, -0.993874549866, 0.494020581245], [-20012.4570312, -1106.29394531, 3489.70361328, -97.6134796143, 1283.16503906, -69.7661056519, 833.281982422, 25.1324615479, 252.147384644, 99.7585449219, 198.0625, 70.6182479858, 138.843841553], [2698.3527832, 17.9286823273, -464.638000488, 54.2886009216, -69.7661056519, 205.289520264, -11.4158315659, 54.0290565491, -48.5067596436, 17.2948055267, -64.7035446167, 9.85461616516, 14.4682092667], [-13580.6933594, -883.259887695, 2319.26220703, -86.4779815674, 833.281982422, -11.4158315659, 604.360107422, 46.4915008545, 170.950622559, 62.0811882019, 120.691497803, 40.6348648071, 86.7315597534], [-224.664840698, -107.058807373, 26.1537284851, -20.266166687, 25.1324615479, 54.0290565491, 46.4915008545, 50.8567276001, -0.687820911407, 11.7480430603, -19.4152507782, 0.192020922899, 0.524413347244], [-4397.16650391, -216.53894043, 760.39453125, -10.6147241592, 252.147384644, -48.5067596436, 170.950622559, -0.687820911407, 82.9220352173, 12.1572418213, 57.4754524231, 7.36277151108, 21.5904846191], [-1084.23754883, -38.6650390625, 225.71987915, -17.8772792816, 99.7585449219, 17.2948055267, 62.0811882019, 11.7480430603, 12.1572418213, 35.1377029419, 8.62143325806, 6.80806779861, 15.4289207458], [-3418.88623047, -131.699325562, 613.497802734, 1.25622212887, 198.0625, -64.7035446167, 120.691497803, -19.4152507782, 57.4754524231, 8.62143325806, 69.1156311035, 11.8000736237, 21.5356254578], [-1086.89086914, -101.724479675, 162.073318481, -0.993874549866, 70.6182479858, 9.85461616516, 40.6348648071, 0.192020922899, 7.36277151108, 6.80806779861, 11.8000736237, 24.1224689484, 16.2137699127], [-1849.25952148, -88.0497589111, 323.572143555, 0.494020581245, 138.843841553, 14.4682092667, 86.7315597534, 0.524413347244, 21.5904846191, 15.4289207458, 21.5356254578, 16.2137699127, 37.7716331482]],
        "icov": [[0.000232219841564, -0.000735088717192, 0.000534828868695, -0.000539843749721, 0.00113297090866, -0.000813519407529, 0.00023446076375, -0.000906567263883, 0.00135031389073, -0.000878282415215, -0.000523891358171, 0.000101732002804, 0.000544208334759], [-0.000735088717192, 0.00423882063478, -0.0011072383495, -0.00101674709003, -0.00513836182654, 0.00446414668113, 0.00182993651833, 0.00302587053739, -0.00383709091693, -0.00160875183064, 0.00188282818999, 0.00596481468529, -0.00445893686265], [0.000534828868695, -0.0011072383495, 0.00443709315732, -0.000979903503321, -0.00287567032501, 0.00225121900439, -0.00307780434377, -0.000970552733634, 0.0019620093517, -0.002625268884, -0.00201957160607, 0.00147159141488, 0.00286554615013], [-0.000539843749721, -0.00101674709003, -0.000979903503321, 0.0156565848738, -0.00501456297934, -0.00895542744547, 0.00139706779737, 0.0053959893994, -0.0092387618497, 0.0153583008796, -0.0100394468755, -0.00542468903586, 0.00502963783219], [0.00113297090866, -0.00513836182654, -0.00287567032501, -0.00501456297934, 0.0291543565691, -0.00615105638281, -0.0117733841762, 0.000775193504523, 0.00652765948325, -0.0125612346455, 0.00296403281391, -0.010916557163, -0.00520135229453], [-0.000813519407529, 0.00446414668113, 0.00225121900439, -0.00895542744547, -0.00615105638281, 0.0303373653442, -0.0142345242202, -0.00415909616277, 0.00231491378509, -0.00986334122717, 0.0222144220024, -0.00355461565778, -0.0132915545255], [0.00023446076375, 0.00182993651833, -0.00307780434377, 0.00139706779737, -0.0117733841762, -0.0142345242202, 0.041916154325, -0.0162716079503, -0.00623648893088, 0.00519577786326, -0.0120923314244, 0.0183614585549, -0.00474465824664], [-0.000906567263883, 0.00302587053739, -0.000970552733634, 0.0053959893994, 0.000775193504523, -0.00415909616277, -0.0162716079503, 0.0508194677532, -0.0133099779487, -0.00667420122772, 0.0155897084624, -0.00253613805398, 0.00884826295078], [0.00135031389073, -0.00383709091693, 0.0019620093517, -0.0092387618497, 0.00652765948325, 0.00231491378509, -0.00623648893088, -0.0133099779487, 0.0623638778925, -0.00411541434005, -0.0215790756047, 0.0121772084385, 0.00321170384996], [-0.000878282415215, -0.00160875183064, -0.002625268884, 0.0153583008796, -0.0125612346455, -0.00986334122717, 0.00519577786326, -0.00667420122772, -0.00411541434005, 0.0636256858706, -0.010730208829, -0.00679625757039, -0.000949805486016], [-0.000523891358171, 0.00188282818999, -0.00201957160607, -0.0100394468755, 0.00296403281391, 0.0222144220024, -0.0120923314244, 0.0155897084624, -0.0215790756047, -0.010730208829, 0.0746937468648, -0.0175043679774, -0.0140377143398], [0.000101732002804, 0.00596481468529, 0.00147159141488, -0.00542468903586, -0.010916557163, -0.00355461565778, 0.0183614585549, -0.00253613805398, 0.0121772084385, -0.00679625757039, -0.0175043679774, 0.0880006849766, -0.0262664649636], [0.000544208334759, -0.00445893686265, 0.00286554615013, 0.00502963783219, -0.00520135229453, -0.0132915545255, -0.00474465824664, 0.00884826295078, 0.00321170384996, -0.000949805486016, -0.0140377143398, -0.0262664649636, 0.0709244534373]]
    },
    "melbands": {
        "max": [0.000641297490802, 0.000340129045071, 0.000564578804187, 0.00102756870911, 0.00353650026955, 0.00386427156627, 0.00567156495526, 0.0112989908084, 0.00608137669042, 0.0048848176375, 0.00235564471222, 0.00244739488699, 0.00117345934268, 0.00133883417584, 0.00233757891692, 0.00134118029382, 0.00122903159354, 0.00145621376578, 0.000962162215728, 0.000877857790329, 0.000715282920282, 0.00056665885495, 0.000365688320016, 0.000624546722975, 0.000389699154766, 9.12468749448e-05, 0.000108658525278, 3.72688155039e-05, 2.53778580372e-05, 4.06902545365e-05, 5.42305097042e-05, 3.99606324208e-05, 3.16012483381e-05, 1.2857528418e-05, 1.01846717371e-05, 1.01237637864e-05, 8.46057992021e-06, 2.38720417656e-06, 1.27275700379e-06, 1.15968589398e-06],
        "mean": [2.31624835578e-05, 2.30295081565e-05, 2.92965360131e-05, 2.93762695946e-05, 4.43931421614e-05, 0.000109288972453, 0.000127680730657, 0.000169235921931, 0.000113076195703, 0.000100686462247, 9.10284434212e-05, 7.35278008506e-05, 6.81081655785e-05, 7.14797861292e-05, 7.49854370952e-05, 7.558404468e-05, 7.49627361074e-05, 6.55385229038e-05, 5.87759241171e-05, 4.49203434982e-05, 3.54944204446e-05, 2.89227118628e-05, 1.93109844986e-05, 1.29107511384e-05, 8.37108927954e-06, 4.97370319863e-06, 3.38569611813e-06, 1.84075986454e-06, 1.54728923007e-06, 1.6687210973e-06, 1.56030944254e-06, 1.07711537112e-06, 8.11326970052e-07, 5.29052783804e-07, 3.84726831726e-07, 3.17437127251e-07, 2.26851767593e-07, 1.16228044078e-07, 6.94269530754e-08, 4.61446347799e-08],
        "min": [2.92106540385e-25, 1.01572803245e-24, 4.68220945419e-25, 4.90826444912e-25, 1.07262225865e-24, 1.04916281723e-24, 1.25386896808e-24, 9.96159943262e-25, 9.10924705745e-25, 1.03585128249e-24, 1.34888657387e-24, 1.83646996229e-24, 1.35624181434e-24, 1.53195821439e-24, 1.90864107157e-24, 2.60859478898e-24, 2.67741225334e-24, 1.84081047221e-24, 2.3431914121e-24, 2.92013568197e-24, 3.44417933397e-24, 2.42839647569e-24, 3.24000931271e-24, 3.54288161043e-24, 2.82951351055e-24, 3.90005140147e-24, 3.38984890571e-24, 4.04624152671e-24, 3.87484256239e-24, 4.31284338051e-24, 4.27337075297e-24, 4.33399431911e-24, 4.27916611961e-24, 4.34381682067e-24, 5.2597292967e-24, 4.07012784049e-24, 4.23817887913e-24, 4.99602650672e-24, 5.54042888374e-24, 5.29350555965e-24],
        "stdev": [7.25162462913e-05, 5.07652584929e-05, 6.16306133452e-05, 9.48043452809e-05, 0.000163632168551, 0.00035461661173, 0.000477218360174, 0.000805161311291, 0.000464244192699, 0.000369898654753, 0.000222035567276, 0.000186785910046, 0.000152787979459, 0.000156201494974, 0.000176203626324, 0.000159497663844, 0.00015952216927, 0.000144664692925, 0.00012694884208, 0.000102497986518, 7.63667630963e-05, 5.66109811189e-05, 3.96497162001e-05, 3.59067817044e-05, 2.52036297752e-05, 1.09790971692e-05, 8.53119036037e-06, 4.21410641138e-06, 3.28554438056e-06, 3.97848589273e-06, 4.04622051065e-06, 2.84995167021e-06, 2.23853430725e-06, 1.2195113186e-06, 9.13871417652e-07, 8.51124241308e-07, 6.44273427497e-07, 2.55098996149e-07, 1.54956708798e-07, 1.07056749243e-07]
    },
    "melbands128": {
        "max": [0.000244615308475, 0.000606502988376, 0.000867675174959, 0.000628980575129, 0.000393953669118, 0.000693713314831, 0.001097796252, 0.000373949471395, 0.000640378915705, 0.00083836808335, 0.00218903506175, 0.00410411693156, 0.00565712759271, 0.00273386668414, 0.00634576566517, 0.00897387601435, 0.00820454861969, 0.00973408855498, 0.011540629901, 0.018581263721, 0.012032863684, 0.0134868687019, 0.00852753594518, 0.00754748750478, 0.00868971645832, 0.00697943102568, 0.00350326159969, 0.00444538379088, 0.0021609023679, 0.00260198395699, 0.00443753041327, 0.00207039271481, 0.0018640095368, 0.00205591670237, 0.00241509242915, 0.0026217980776, 0.00295627606101, 0.00521384319291, 0.00181056337897, 0.00170282635372, 0.00173006043769, 0.00142360047903, 0.00239797914401, 0.00219085207209, 0.00350235984661, 0.00144605338573, 0.00135321659036, 0.00111325271428, 0.00159776234068, 0.00114056561142, 0.00100639928132, 0.000937048229389, 0.000729956838768, 0.000951046124101, 0.000799969595391, 0.000583515851758, 0.000748944934458, 0.000396936928155, 0.00064319226658, 0.000499413174111, 0.000747502199374, 0.000769540376496, 0.000630542228464, 0.000364621926565, 0.000232540158322, 0.000157823800691, 0.000148977589561, 0.000220958361751, 6.20096179773e-05, 5.43857531738e-05, 5.62172681384e-05, 4.01253710152e-05, 2.63053134404e-05, 4.15626564063e-05, 2.17155920836e-05, 4.1736264393e-05, 6.04247070441e-05, 9.75197326625e-05, 4.38128663518e-05, 5.12305377924e-05, 6.03741864325e-05, 3.6643450585e-05, 4.3791544158e-05, 4.06054932682e-05, 3.61551392416e-05, 1.28913079607e-05, 8.68305050972e-06, 1.02476706161e-05, 1.24689131553e-05, 1.0761896192e-05, 9.93667981675e-06, 1.46842503455e-05, 1.27019729916e-05, 1.07026853584e-05, 1.12466796054e-05, 3.22695473187e-06, 1.9896926915e-06, 1.55601242113e-06, 1.51527876824e-06, 1.74806518771e-06, 1.45783417338e-06, 1.62772175827e-06, 8.24961887247e-07, 8.64166395331e-07, 8.37730794956e-07, 7.91622710494e-07, 4.35385231867e-07, 5.55321207685e-07, 3.32447541496e-07, 3.54047472229e-07, 3.18074341976e-07, 2.79346437537e-07, 1.80287671014e-07, 4.90035034773e-08, 1.53669716951e-08, 1.72109793084e-08, 7.6842168184e-09, 3.25105764531e-09, 6.61392185464e-09, 2.15602047327e-09, 1.19622545203e-09, 1.17128307053e-09, 1.14491061076e-09, 1.12431108867e-09, 1.10132569731e-09, 1.08393849452e-09, 1.0756987523e-09, 1.07033004682e-09],
        "mean": [1.34903057187e-05, 2.31748981605e-05, 2.67683572019e-05, 2.4180048058e-05, 1.56465102918e-05, 2.50136072282e-05, 4.61024865217e-05, 2.44465572905e-05, 1.29976260723e-05, 2.76421978924e-05, 4.21047116106e-05, 4.01525103371e-05, 3.67023676517e-05, 5.69400399399e-05, 0.000108334003016, 0.00014708287199, 0.000122787445434, 0.000117355302791, 0.000135220267111, 0.000187719779206, 0.000175145250978, 0.000148165170685, 9.33848859859e-05, 9.58623568295e-05, 0.000103465295979, 9.84863872873e-05, 0.000102552119642, 9.97975221253e-05, 7.03653277014e-05, 7.31679465389e-05, 7.63948046369e-05, 7.10665699444e-05, 6.54297546134e-05, 6.54992181808e-05, 7.64106298448e-05, 6.97302239132e-05, 6.87984138494e-05, 7.94795560068e-05, 7.41838521208e-05, 7.56974986871e-05, 7.31557083782e-05, 8.0875812273e-05, 7.34945788281e-05, 7.4384646723e-05, 7.18692172086e-05, 6.1645412643e-05, 6.09469934716e-05, 6.33943418507e-05, 5.5884498579e-05, 5.03614755871e-05, 4.34717694588e-05, 3.97512121708e-05, 3.65077285096e-05, 3.25976725435e-05, 3.48642570316e-05, 2.89222825813e-05, 2.45824357989e-05, 2.09064291994e-05, 1.8062250092e-05, 1.472749409e-05, 1.26504792206e-05, 1.15186594485e-05, 1.02911762951e-05, 7.17919328963e-06, 5.87448948863e-06, 4.7626003834e-06, 4.41962902187e-06, 4.65603034172e-06, 2.88632509182e-06, 2.11270639738e-06, 1.86159923032e-06, 1.71367423718e-06, 1.54688370912e-06, 1.5624216303e-06, 1.44360171817e-06, 1.64120535828e-06, 1.77722165517e-06, 1.76618232217e-06, 1.54533415753e-06, 1.37977656323e-06, 1.1502503412e-06, 9.43368718254e-07, 8.65026436259e-07, 8.52974494592e-07, 7.33394244889e-07, 5.539624226e-07, 4.9288144055e-07, 3.95212509829e-07, 3.86986897638e-07, 3.71332362192e-07, 3.19448787423e-07, 3.21893224964e-07, 2.76475446981e-07, 2.44387649673e-07, 1.85648161732e-07, 1.35830021009e-07, 1.04190107209e-07, 7.96512011902e-08, 7.2264327855e-08, 6.33429309005e-08, 5.35624735676e-08, 4.41469651946e-08, 3.60016798595e-08, 2.98025319978e-08, 2.62019632657e-08, 2.37583925866e-08, 2.17152109627e-08, 1.9801140283e-08, 1.60657762649e-08, 1.32404265329e-08, 1.04287751768e-08, 3.6183012142e-09, 1.34577637922e-09, 3.9470238189e-10, 1.56108875826e-10, 2.43857795068e-10, 2.44846531938e-10, 2.06946751402e-11, 4.1878389645e-11, 1.63715326018e-11, 2.21936726809e-12, 2.10138872449e-12, 2.05908554096e-12, 2.01899478039e-12, 1.96958226638e-12, 1.91521429792e-12, 1.88463719457e-12, 1.87251256167e-12],
        "min": [3.55165856314e-26, 6.94810751059e-26, 2.60069345954e-25, 8.7096468542e-26, 2.73695586889e-25, 2.47588136623e-25, 1.87473854158e-25, 2.25932622876e-25, 2.94681505639e-25, 1.78042750865e-25, 1.53260056904e-25, 9.31216956914e-26, 3.20916603461e-25, 4.90347754253e-25, 3.7784933594e-25, 1.35669506423e-25, 3.06627398891e-25, 2.30934518705e-25, 4.63598023299e-25, 1.21509206655e-25, 4.489062778e-25, 4.07876759303e-25, 1.90118534994e-25, 4.80796177109e-25, 1.85903108836e-25, 4.11380337102e-25, 3.95934761053e-25, 5.44853408246e-25, 8.01258445992e-25, 6.09438633848e-25, 8.53677464283e-25, 3.68676732505e-25, 3.08365012946e-25, 7.95358160852e-25, 5.28621855564e-25, 8.33883366449e-25, 5.20626109341e-25, 7.30323777572e-25, 4.36457411767e-25, 1.00000169587e-24, 7.43400478279e-25, 4.86957624513e-25, 7.02330949743e-25, 8.15683063467e-25, 6.68247819902e-25, 6.7125776799e-25, 3.46382685159e-25, 4.01444140963e-25, 1.1383103118e-24, 8.33290734694e-25, 1.15735617507e-24, 1.2921638263e-24, 9.26513977738e-25, 9.36962834859e-25, 7.94632260907e-25, 8.410751155e-25, 1.30692972472e-24, 1.36142522213e-24, 9.62320275619e-25, 1.27481184461e-24, 1.59083494666e-24, 1.84871367519e-24, 1.49282312071e-24, 1.29964350958e-24, 1.33754009164e-24, 2.05106616092e-24, 1.28615546721e-24, 1.96006474462e-24, 1.68841713925e-24, 1.18294366739e-24, 2.242214258e-24, 1.52645009173e-24, 1.75051508641e-24, 1.6374688535e-24, 2.65007881462e-24, 1.83249351168e-24, 1.89827859472e-24, 1.95848682559e-24, 1.28542064328e-24, 2.22855907574e-24, 2.84468725006e-24, 3.01332796223e-24, 2.56451383324e-24, 2.36868187453e-24, 2.16501376602e-24, 2.2706741901e-24, 1.86724973709e-24, 3.04761284324e-24, 3.52207698178e-24, 2.56904524749e-24, 3.20429225472e-24, 3.06533578677e-24, 2.72713573391e-24, 2.98496072129e-24, 2.3650846688e-24, 2.34765774533e-24, 3.08631002052e-24, 3.12920157123e-24, 3.15829160597e-24, 2.99677706879e-24, 3.16603348689e-24, 3.21165429912e-24, 3.1333783925e-24, 3.54774375462e-24, 3.342255744e-24, 3.42246790971e-24, 4.16711552777e-24, 2.77530515851e-24, 3.73445293139e-24, 3.79757166457e-24, 4.03313302505e-24, 4.43571674954e-24, 3.67354971406e-24, 3.19431474199e-24, 3.44690169295e-24, 3.36970889236e-24, 5.05166683852e-24, 3.5589692453e-24, 4.31176776867e-24, 4.37468179244e-24, 3.59071379699e-24, 4.56805053298e-24, 4.72083237993e-24, 4.87635394082e-24, 4.60516131097e-24, 5.2623132106e-24, 5.23778989163e-24, 4.82661389416e-24],
        "stdev": [3.80207238777e-05, 7.12123073754e-05, 9.05901615624e-05, 7.49943501432e-05, 3.90872228309e-05, 6.23728847131e-05, 0.000110645851237, 5.56128361495e-05, 4.0681235987e-05, 9.16753488127e-05, 0.000182756513823, 0.000214371422771, 0.000201907605515, 0.00023214048997, 0.000427034858149, 0.000608462200034, 0.00055529025849, 0.000621598679572, 0.000667290878482, 0.0011888256995, 0.000976213195827, 0.00090851529967, 0.000416700611822, 0.000458863738459, 0.000542957568541, 0.000420011521783, 0.000278114312096, 0.00029999713297, 0.000192302788491, 0.000207055287319, 0.000238265871303, 0.00019018020248, 0.000168803919223, 0.000159241317306, 0.000191394807189, 0.000181932089617, 0.000188321995665, 0.000241442554398, 0.000185979675734, 0.000184797638212, 0.000171929816133, 0.000176182613359, 0.000175073277205, 0.000184610020369, 0.00019785387849, 0.000147615370224, 0.000147661921801, 0.000138462244649, 0.000143110053614, 0.000126072089188, 0.000109108339529, 0.000100984245364, 8.69068244356e-05, 7.68573008827e-05, 7.74215586716e-05, 6.03407461313e-05, 5.44912109035e-05, 4.39688810729e-05, 4.53305874544e-05, 3.79271659767e-05, 3.84804625355e-05, 4.16179391323e-05, 3.82213802368e-05, 2.34820618061e-05, 1.50797895913e-05, 1.14736385513e-05, 1.09262618935e-05, 1.47567216118e-05, 7.32413718652e-06, 5.3078970268e-06, 4.68502094009e-06, 4.2117508201e-06, 3.56791474587e-06, 3.66539575225e-06, 3.17238277603e-06, 4.03521880799e-06, 4.89431886308e-06, 5.29096450919e-06, 4.01353236157e-06, 3.88753414882e-06, 3.45496141563e-06, 2.59222611021e-06, 2.35621178035e-06, 2.57048941421e-06, 2.28466160479e-06, 1.32188301905e-06, 1.13461396722e-06, 9.30040357616e-07, 9.97217057375e-07, 9.55830842031e-07, 8.61792045725e-07, 9.86204213405e-07, 8.27161272809e-07, 7.73711519741e-07, 5.48282230284e-07, 3.14462567985e-07, 2.34618383388e-07, 1.78732491918e-07, 1.73377245005e-07, 1.55235795773e-07, 1.28126842469e-07, 1.09128905024e-07, 8.92120581852e-08, 7.55053477519e-08, 6.84512500015e-08, 5.86120449952e-08, 5.14205851232e-08, 5.06534583167e-08, 3.91349495033e-08, 3.42917587659e-08, 2.86141226269e-08, 1.57553152746e-08, 9.54432355371e-09, 2.46352915845e-09, 7.66801344643e-10, 8.19855461298e-10, 6.02615513046e-10, 1.27710370057e-10, 2.92129126445e-10, 1.21457288671e-10, 3.40814147737e-11, 3.33549542153e-11, 3.2604422634e-11, 3.20176454793e-11, 3.13650494466e-11, 3.08698032414e-11, 3.06347863743e-11, 3.04821098918e-11]
    },
    "mfcc": {
        "mean": [-977.977539062, 51.9593315125, -33.6067237854, -2.5023496151, -4.866086483, 0.236551776528, -9.24262523651, -0.410232663155, -3.06375813484, -2.16011548042, -0.913812577724, 0.882213830948, -2.95837855339],
        "cov": [[90894.2265625, 15178.8222656, -9992.3203125, -952.434387207, -1622.41247559, 74.6743850708, -2613.73657227, -77.5117645264, -871.365234375, -489.751159668, -302.254241943, 178.921783447, -825.975280762], [15178.8222656, 3658.66967773, -1456.07299805, 159.336257935, -104.404121399, 34.2248725891, -477.442443848, -112.078689575, -191.477005005, -88.8268051147, -46.3498954773, 65.4497909546, -103.077125549], [-9992.3203125, -1456.07299805, 1392.27111816, 257.321624756, 249.708740234, 18.895526886, 319.669921875, -5.61310338974, 84.5918426514, 84.6984024048, 36.8705825806, -12.0156564713, 117.560066223], [-952.434387207, 159.336257935, 257.321624756, 223.549240112, 105.873840332, 37.1291389465, 27.8771324158, -8.60932826996, -20.1697101593, 5.67555141449, 12.0115365982, 18.2072944641, 14.7886133194], [-1622.41247559, -104.404121399, 249.708740234, 105.873840332, 116.326690674, 60.6377334595, 86.8028488159, 8.02194976807, 31.014799118, 24.3068656921, 1.53732061386, 6.8598985672, 26.3814506531], [74.6743850708, 34.2248725891, 18.895526886, 37.1291389465, 60.6377334595, 116.237068176, 83.3767852783, 38.5855484009, 50.2747344971, 33.1053314209, -3.5829668045, 4.86999511719, 3.73579025269], [-2613.73657227, -477.442443848, 319.669921875, 27.8771324158, 86.8028488159, 83.3767852783, 191.445251465, 43.4583587646, 88.182258606, 64.243888855, 8.14446926117, -11.0584669113, 38.4727210999], [-77.5117645264, -112.078689575, -5.61310338974, -8.60932826996, 8.02194976807, 38.5855484009, 43.4583587646, 53.4690475464, 35.7461662292, 17.9661083221, 9.39219665527, 2.72385954857, -7.40464496613], [-871.365234375, -191.477005005, 84.5918426514, -20.1697101593, 31.014799118, 50.2747344971, 88.182258606, 35.7461662292, 72.8614959717, 39.4374351501, 5.47774362564, -4.36362981796, 13.3419761658], [-489.751159668, -88.8268051147, 84.6984024048, 5.67555141449, 24.3068656921, 33.1053314209, 64.243888855, 17.9661083221, 39.4374351501, 50.2229919434, 8.76656627655, -3.41362071037, 16.1392402649], [-302.254241943, -46.3498954773, 36.8705825806, 12.0115365982, 1.53732061386, -3.5829668045, 8.14446926117, 9.39219665527, 5.47774362564, 8.76656627655, 22.7501811981, 3.86232948303, -0.645141482353], [178.921783447, 65.4497909546, -12.0156564713, 18.2072944641, 6.8598985672, 4.86999511719, -11.0584669113, 2.72385954857, -4.36362981796, -3.41362071037, 3.86232948303, 19.0150852203, -2.08379840851], [-825.975280762, -103.077125549, 117.560066223, 14.7886133194, 26.3814506531, 3.73579025269, 38.4727210999, -7.40464496613, 13.3419761658, 16.1392402649, -0.645141482353, -2.08379840851, 31.6149921417]],
        "icov": [[0.000177886133315, -0.000469558610348, 0.000498984358273, 0.000175526103703, 0.000866737856995, -0.000611120893154, 0.000407622515922, -0.001187072834, 0.00098133017309, -0.000904925749637, 0.000763309537433, 0.000229909986956, -0.000167614984093], [-0.000469558610348, 0.00259790709242, 0.000566544069443, -0.00341615406796, -0.00271329842508, 0.000966339779552, 0.000827022828162, 0.00617015408352, -0.00397266075015, 0.000253291858826, -0.00152104941662, -0.00115381891374, -0.000277448009001], [0.000498984358273, 0.000566544069443, 0.00703810248524, -0.0056990920566, -0.000939871533774, 0.00258883833885, -0.00220481469296, 0.00208828551695, 0.000825749943033, -0.00439829472452, 0.00116312492173, 0.000184503660421, -0.00303832930513], [0.000175526103703, -0.00341615406796, -0.0056990920566, 0.0209507420659, -0.0102569721639, -0.00448286579922, 0.0013514442835, -0.0093359220773, 0.0156884025782, 0.000180262344657, -0.00663943914697, -0.00125533540267, 0.00316625763662], [0.000866737856995, -0.00271329842508, -0.000939871533774, -0.0102569721639, 0.0413041561842, -0.013992854394, -0.00253290939145, -0.00096082809614, -0.00407685758546, 0.0028081825003, 0.00985219888389, -0.00552256964147, -0.00774105871096], [-0.000611120893154, 0.000966339779552, 0.00258883833885, -0.00448286579922, -0.013992854394, 0.0331013910472, -0.0159652512521, -0.00251518632285, -0.00769937364385, -0.000826952804346, 0.00849770382047, -0.00658326409757, 0.00967002939433], [0.000407622515922, 0.000827022828162, -0.00220481469296, 0.0013514442835, -0.00253290939145, -0.0159652512521, 0.0388197153807, -0.00841458979994, -0.010975969024, -0.0128851253539, 0.00228564417921, 0.0127816405147, -0.0121996207163], [-0.001187072834, 0.00617015408352, 0.00208828551695, -0.0093359220773, -0.00096082809614, -0.00251518632285, -0.00841458979994, 0.0579662211239, -0.0241748522967, 0.0044684172608, -0.0163547731936, -0.0115267913789, 0.0174481719732], [0.00098133017309, -0.00397266075015, 0.000825749943033, 0.0156884025782, -0.00407685758546, -0.00769937364385, -0.010975969024, -0.0241748522967, 0.0606728456914, -0.0178400352597, 0.000351440859959, 0.000876129372045, -0.00214941217564], [-0.000904925749637, 0.000253291858826, -0.00439829472452, 0.000180262344657, 0.0028081825003, -0.000826952804346, -0.0128851253539, 0.0044684172608, -0.0178400352597, 0.0548423789442, -0.0199297498912, 0.00416793907061, -0.0126644587144], [0.000763309537433, -0.00152104941662, 0.00116312492173, -0.00663943914697, 0.00985219888389, 0.00849770382047, 0.00228564417921, -0.0163547731936, 0.000351440859959, -0.0199297498912, 0.0693639740348, -0.0135709531605, 0.00847306288779], [0.000229909986956, -0.00115381891374, 0.000184503660421, -0.00125533540267, -0.00552256964147, -0.00658326409757, 0.0127816405147, -0.0115267913789, 0.000876129372045, 0.00416793907061, -0.0135709531605, 0.0712206661701, -0.00880182161927], [-0.000167614984093, -0.000277448009001, -0.00303832930513, 0.00316625763662, -0.00774105871096, 0.00967002939433, -0.0121996207163, 0.0174481719732, -0.00214941217564, -0.0126644587144, 0.00847306288779, -0.00880182161927, 0.0673781558871]]
    },
    "spectral_contrast_coeffs": {
        "max": [-0.383855998516, -0.429096996784, -0.619928836823, -0.627237200737, -0.653716921806, -0.601203262806],
        "mean": [-0.83905762434, -0.875079572201, -0.886425733566, -0.889826059341, -0.865979075432, -0.848062098026],
        "min": [-0.985200047493, -0.982228040695, -0.983206033707, -0.973554730415, -0.969546437263, -0.965234220028],
        "stdev": [0.13787099719, 0.108822241426, 0.0837695449591, 0.0808748975396, 0.0981203317642, 0.115157946944]
    },
    "spectral_contrast_valleys": {
        "max": [-6.69467353821, -4.77783966064, -5.06512355804, -5.09283494949, -5.8584728241, -9.01730632782],
        "mean": [-18.0589351654, -17.2009830475, -17.233297348, -17.1698913574, -17.5588855743, -19.2151565552],
        "min": [-28.102432251, -28.1563282013, -27.9886646271, -27.6692428589, -27.5408592224, -27.4302959442],
        "stdev": [9.29868030548, 10.1044397354, 10.1622829437, 10.1822528839, 9.81205558777, 8.14731121063]
    }
},
"rhythm": {
    "beats_count": 58,
    "beats_loudness": {
        "max": 0.0620335936546,
        "mean": 0.00740122282878,
        "min": 0,
        "stdev": 0.0129223158583
    },
    "bpm": 118.257255554,
    "bpm_histogram_first_peak_bpm": 117,
    "bpm_histogram_first_peak_weight": 0.294117629528,
    "bpm_histogram_second_peak_bpm": 108,
    "bpm_histogram_second_peak_spread": 0.454545497894,
    "bpm_histogram_second_peak_weight": 0.105263158679,
    "danceability": 0.845541954041,
    "onset_rate": 1.28452801704,
    "beats_loudness_band_ratio": {
        "max": [0.361029118299, 0.651349425316, 0.668885350227, 0.559770584106, 0.637120902538, 0.243531912565],
        "mean": [0.0308357104659, 0.0585039816797, 0.101238548756, 0.152759835124, 0.15145586431, 0.0209663491696],
        "min": [0, 0, 0, 0, 0, 0],
        "stdev": [0.0789550989866, 0.129557445645, 0.163058057427, 0.193815127015, 0.19251742959, 0.0373620390892]
    },
    "beats_position": [0.476009070873, 0.96362811327, 1.43963718414, 1.91564619541, 2.39165520668, 2.85605430603, 3.36689329147, 3.87773227692, 4.34213161469, 4.85297060013, 5.36380958557, 5.87464857101, 6.43192720413, 6.97759628296, 7.53487491608, 8.09215450287, 8.64943313599, 9.2067117691, 9.76399040222, 10.3096599579, 10.7972784042, 11.261677742, 11.7260770798, 12.144036293, 12.5619955063, 12.9799547195, 13.3863039017, 13.7926530838, 14.2106122971, 14.6517915726, 15.0929698944, 15.5341491699, 15.9753284454, 16.4281177521, 16.8809070587, 17.3336963654, 17.786485672, 18.1928348541, 18.6107940674, 19.0287532806, 19.5047607422, 19.9807701111, 20.45677948, 20.9560089111, 21.4552383423, 21.9544658661, 22.4885253906, 23.0225849152, 23.5566444397, 24.0674819946, 24.5783214569, 25.0891609192, 25.6000003815, 26.1108379364, 26.6216773987, 27.132516861, 27.6317462921, 28.1309738159],
