{
"metadata": {
    "version": {
        "essentia": "2.1-beta5",
        "essentia_git_sha": "Undefined",
        "extractor": "music 2.0"
    },
    "audio_properties": {
        "analysis": {
            "equal_loudness": 0,
            "length": 32.4963264465,
            "sample_rate": 44100,
            "start_time": 158.998641968,
            "downmix": "mix"
        },
        "bit_rate": 192000,
        "length": 219.869766235,
        "lossless": 0,
        "number_channels": 2,
        "replay_gain": -8.08424758911,
        "sample_rate": 48000,
        "codec": "mp3",
        "md5_encoded": "b87c0d964fbac4b970e80e984adeee1e"
    },
    "tags": {
        "file_name": "Hungary_Miert Kell, Hogy Elmenj_VIP.mp3",
        "encoding": ["Lavf58.29.100"]
    }
},
"lowlevel": {
    "average_loudness": 0.969665884972,
    "barkbands_crest": {
        "max": 22.7614498138,
        "mean": 9.08100700378,
        "min": 2.25853395462,
        "stdev": 3.66320419312
    },
    "barkbands_flatness_db": {
        "max": 0.323984056711,
        "mean": 0.133305937052,
        "min": 0.0297762863338,
        "stdev": 0.035306725651
    },
    "barkbands_kurtosis": {
        "max": 73.6404724121,
        "mean": 1.41165649891,
        "min": -1.72321164608,
        "stdev": 3.85175156593
    },
    "barkbands_skewness": {
        "max": 6.93595981598,
        "mean": 1.10207486153,
        "min": -1.90305221081,
        "stdev": 0.76751101017
    },
    "barkbands_spread": {
        "max": 88.7324905396,
        "mean": 23.6909122467,
        "min": 1.5685530901,
        "stdev": 9.83351707458
    },
    "dissonance": {
        "max": 0.499868452549,
        "mean": 0.465077012777,
        "min": 0.261198490858,
        "stdev": 0.0228603370488
    },
    "dynamic_complexity": 1.74419558048,
    "erbbands_crest": {
        "max": 27.5499000549,
        "mean": 8.58309841156,
        "min": 2.84963154793,
        "stdev": 3.95069336891
    },
    "erbbands_flatness_db": {
        "max": 0.287077963352,
        "mean": 0.16665494442,
        "min": 0.064933128655,
        "stdev": 0.033904351294
    },
    "erbbands_kurtosis": {
        "max": 11.4577226639,
        "mean": -0.142284378409,
        "min": -1.68964910507,
        "stdev": 1.21910142899
    },
    "erbbands_skewness": {
        "max": 3.21054649353,
        "mean": 0.218972340226,
        "min": -1.47648859024,
        "stdev": 0.51304268837
    },
    "erbbands_spread": {
        "max": 110.611946106,
        "mean": 35.2290534973,
        "min": 7.96186590195,
        "stdev": 13.0496044159
    },
    "hfc": {
        "max": 1042.57714844,
        "mean": 30.0205287933,
        "min": 0.508199930191,
        "stdev": 62.236618042
    },
    "loudness_ebu128": {
        "integrated": -14.5372428894,
        "loudness_range": 3.72113513947,
        "momentary": {
            "max": -5.87485647202,
            "mean": -14.9615345001,
            "min": -19.5013523102,
            "stdev": 1.72150087357
        },
        "short_term": {
            "max": -11.7504749298,
            "mean": -14.6341705322,
            "min": -16.1857681274,
            "stdev": 1.075345397
        }
    },
    "melbands_crest": {
        "max": 29.4279842377,
        "mean": 12.4027004242,
        "min": 1.78545582294,
        "stdev": 4.70248365402
    },
    "melbands_flatness_db": {
        "max": 0.412071347237,
        "mean": 0.176532611251,
        "min": 0.00718108424917,
        "stdev": 0.0485986620188
    },
    "melbands_kurtosis": {
        "max": 136.665588379,
        "mean": 6.52118110657,
        "min": -1.43407034874,
        "stdev": 8.83071231842
    },
    "melbands_skewness": {
        "max": 8.51230335236,
        "mean": 1.99874985218,
        "min": -0.48279851675,
        "stdev": 1.0490142107
    },
    "melbands_spread": {
        "max": 152.087905884,
        "mean": 26.8206748962,
        "min": 1.12293982506,
        "stdev": 15.3488807678
    },
    "pitch_salience": {
        "max": 0.81550270319,
        "mean": 0.55718845129,
        "min": 0.202513486147,
        "stdev": 0.0989892035723
    },
    "silence_rate_20dB": {
        "max": 1,
        "mean": 1,
        "min": 1,
        "stdev": 0
    },
    "silence_rate_30dB": {
        "max": 1,
        "mean": 0.999286234379,
        "min": 0,
        "stdev": 0.0267072767019
    },
    "silence_rate_60dB": {
        "max": 1,
        "mean": 0.000713775865734,
        "min": 0,
        "stdev": 0.0267073102295
    },
    "spectral_centroid": {
        "max": 4089.20947266,
        "mean": 1419.63098145,
        "min": 217.092895508,
        "stdev": 490.109313965
    },
    "spectral_complexity": {
        "max": 67,
        "mean": 24.0221271515,
        "min": 1,
        "stdev": 7.75950098038
    },
    "spectral_decrease": {
        "max": -1.84731618891e-10,
        "mean": -7.73011876731e-09,
        "min": -3.01613951592e-08,
        "stdev": 3.77025344278e-09
    },
    "spectral_energy": {
        "max": 0.139076113701,
        "mean": 0.0318982489407,
        "min": 0.000743315322325,
        "stdev": 0.0161411836743
    },
    "spectral_energyband_high": {
        "max": 0.108780473471,
        "mean": 0.00126987998374,
        "min": 1.09804650492e-05,
        "stdev": 0.00634364457801
    },
    "spectral_energyband_low": {
        "max": 0.098798930645,
        "mean": 0.00874465703964,
        "min": 3.52056595148e-05,
        "stdev": 0.00981708243489
    },
    "spectral_energyband_middle_high": {
        "max": 0.0457117781043,
        "mean": 0.00766813009977,
        "min": 0.000192032355699,
        "stdev": 0.00575589062646
    },
    "spectral_energyband_middle_low": {
        "max": 0.0854403674603,
        "mean": 0.0150762284175,
        "min": 0.000220796457143,
        "stdev": 0.00995043385774
    },
    "spectral_entropy": {
        "max": 8.77943134308,
        "mean": 7.63124084473,
        "min": 6.45687675476,
        "stdev": 0.28817486763
    },
    "spectral_flux": {
        "max": 0.294030547142,
        "mean": 0.0882008224726,
        "min": 0.031741887331,
        "stdev": 0.0338408946991
    },
    "spectral_kurtosis": {
        "max": 18.9086456299,
        "mean": 4.04040002823,
        "min": -0.331419467926,
        "stdev": 2.13952946663
    },
    "spectral_rms": {
        "max": 0.0116483476013,
        "mean": 0.00541050639004,
        "min": 0.000851578311995,
        "stdev": 0.00135890953243
    },
    "spectral_rolloff": {
        "max": 13630.5175781,
        "mean": 1656.3347168,
        "min": 107.666015625,
        "stdev": 1490.39013672
    },
    "spectral_skewness": {
        "max": 3.43161559105,
        "mean": 1.42557036877,
        "min": 0.243014603853,
        "stdev": 0.339335113764
    },
    "spectral_spread": {
        "max": 11170200,
        "mean": 3989173.25,
        "min": 2216684.25,
        "stdev": 1211238.5
    },
    "spectral_strongpeak": {
        "max": 9.56328105927,
        "mean": 1.0428352356,
        "min": 0.0134949395433,
        "stdev": 1.22965228558
    },
    "zerocrossingrate": {
        "max": 0.294921875,
        "mean": 0.0592029690742,
        "min": 0.00634765625,
        "stdev": 0.0318280011415
    },
    "barkbands": {
        "max": [0.00226846639998, 0.0438582934439, 0.0545107088983, 0.0298333205283, 0.0352759771049, 0.0270342957228, 0.0279148221016, 0.0758209824562, 0.0301122143865, 0.0243660509586, 0.0125293908641, 0.0249034930021, 0.0317374542356, 0.0158204715699, 0.00754347350448, 0.00523789506406, 0.00499930558726, 0.0073672933504, 0.00650421716273, 0.00888571981341, 0.0156695339829, 0.0139732519165, 0.0181958451867, 0.014986124821, 0.0253772251308, 0.0281294025481, 0.000177515627001],
        "mean": [0.000154779088916, 0.00684948498383, 0.00136733660474, 0.000744629709516, 0.00355637376197, 0.00279075652361, 0.00242553814314, 0.00304964766838, 0.0016438101884, 0.00141050270759, 0.000699693860952, 0.00103836308699, 0.000807984208222, 0.000820009503514, 0.000641770951916, 0.000788004370406, 0.000714858004358, 0.000495952786878, 0.000530281628016, 0.00020137114916, 0.000202147508389, 0.000266136281425, 0.000190458114957, 0.000169992228621, 0.000164343582583, 0.000173417487531, 6.02629540936e-07],
        "min": [1.87206090629e-08, 1.71709223196e-06, 2.03772984264e-07, 8.16472947918e-07, 4.96096981806e-05, 3.04342484014e-05, 1.76742414624e-05, 1.15997854664e-05, 5.62811283089e-06, 7.02272473063e-07, 3.0258620427e-06, 7.07834897185e-06, 6.3913203121e-06, 9.05579508981e-06, 6.84016640662e-06, 1.67148539276e-06, 7.65316690376e-06, 6.62270940666e-06, 6.18798958385e-06, 7.22945856069e-07, 2.74750073004e-06, 2.35733773479e-06, 1.18760772239e-06, 1.21230868899e-06, 2.87529275056e-07, 2.55728749288e-09, 2.64735872113e-11],
        "stdev": [0.000261384353507, 0.00762306060642, 0.00359890726395, 0.00153453520034, 0.00372185488231, 0.00265616853721, 0.0028616101481, 0.00513352733105, 0.0026576470118, 0.0021056488622, 0.00129370635841, 0.00235379929654, 0.00222846842371, 0.0013501313515, 0.00081725261407, 0.000799592409749, 0.000718890689313, 0.000573429570068, 0.000587675138377, 0.000418635259848, 0.000725534744561, 0.000916089629754, 0.000816769432276, 0.000952700036578, 0.00130746967625, 0.00165699096397, 7.9340306911e-06]
    },
    "erbbands": {
        "max": [1.04296875, 13.795507431, 71.8182067871, 61.4802970886, 108.164367676, 130.039260864, 203.006469727, 296.991210938, 273.207275391, 1229.96118164, 628.825378418, 940.720947266, 833.837768555, 657.227905273, 449.206298828, 1258.35461426, 1668.69177246, 998.299133301, 340.872558594, 305.316864014, 355.391387939, 267.607299805, 514.052062988, 288.209869385, 276.530395508, 464.768737793, 594.46661377, 575.440307617, 493.665985107, 539.816467285, 487.054595947, 407.523254395, 346.400115967, 253.258712769, 165.592163086, 112.548271179, 54.382598877, 8.60457038879, 0.143838167191, 0.00552122434601],
        "mean": [0.199671894312, 1.50670456886, 1.91436731815, 2.17676973343, 6.20891046524, 12.6153755188, 16.0713100433, 24.1772003174, 36.3636703491, 57.1168518066, 48.9290351868, 41.8158073425, 53.4658279419, 24.8017902374, 33.4374237061, 52.2727851868, 41.7829475403, 44.8988800049, 32.5482368469, 39.5423469543, 41.4590530396, 37.5671463013, 31.2326602936, 21.1995792389, 25.0511493683, 10.0387992859, 7.96989679337, 8.57285118103, 9.60087966919, 7.5150604248, 5.51535272598, 3.97329092026, 2.61458778381, 1.81162679195, 1.16379094124, 0.72602891922, 0.309536993504, 0.0451218932867, 0.000820036046207, 6.97610812495e-05],
        "min": [0.000110007975309, 0.000853308301885, 0.00611011311412, 0.0274867154658, 0.073329217732, 0.139870136976, 0.227625697851, 0.271535873413, 0.411153793335, 0.464185148478, 0.651370763779, 0.133220687509, 0.043140809983, 0.032610937953, 0.431707412004, 0.419715434313, 0.566753685474, 0.452574491501, 0.684450030327, 0.65725684166, 0.285401105881, 0.553630590439, 0.367275863886, 0.346096277237, 0.277013093233, 0.0486628487706, 0.0980232730508, 0.108583770692, 0.0919735506177, 0.0398624911904, 0.0346230752766, 0.0289867781103, 0.0144799854606, 0.00275519886054, 0.00217355438508, 0.00012534315465, 2.56761122728e-05, 2.5972367439e-06, 3.54295843863e-06, 5.20699359186e-06],
        "stdev": [0.206379398704, 1.91214179993, 4.6635723114, 4.0177693367, 8.91631317139, 15.1647949219, 18.5292549133, 23.9788131714, 37.226474762, 95.9418945312, 63.7289428711, 66.4962005615, 80.7324447632, 47.0155258179, 54.0188293457, 118.346450806, 113.716041565, 75.340713501, 38.3793945312, 41.4192619324, 40.4296112061, 39.3555183411, 34.0775184631, 21.9824447632, 28.9006557465, 20.1361999512, 25.4922332764, 30.3969516754, 32.0129890442, 28.6916847229, 23.6959877014, 20.4144153595, 16.7778072357, 13.6738071442, 9.6127872467, 6.60738420486, 3.04706645012, 0.468876808882, 0.00820743944496, 0.000318546954077]
    },
    "gfcc": {
        "mean": [25.7229290009, 106.08177948, -138.113098145, 38.4609413147, -65.7989654541, 11.4458827972, -41.8420677185, 12.899810791, -11.8274269104, 3.81390285492, -9.74832820892, 3.00603079796, -6.34189796448],
        "cov": [[1425.85986328, -752.903686523, 145.910598755, -83.0321273804, -101.360275269, 105.052978516, -67.3273239136, 134.332778931, -85.9546661377, 118.948448181, -112.21547699, 73.1197967529, -104.765617371], [-752.903686523, 979.529541016, -195.327926636, 59.2568359375, 161.607528687, -85.3093490601, 158.204727173, -74.2088775635, 133.299942017, -106.456375122, 135.00604248, -83.9247970581, 100.148536682], [145.910598755, -195.327926636, 526.235412598, 77.0398788452, 82.2448959351, 149.399414062, -14.5450162888, 92.8567581177, -28.0109119415, 86.945930481, -51.7881736755, 34.6631126404, -42.1785545349], [-83.0321273804, 59.2568359375, 77.0398788452, 270.42388916, 73.5219039917, -3.28726482391, 13.2085237503, 43.9874649048, 100.978340149, -3.48092389107, 5.95234441757, -4.63975667953, 39.9435844421], [-101.360275269, 161.607528687, 82.2448959351, 73.5219039917, 202.461227417, 82.1553039551, 93.3041992188, 62.4409141541, 44.6309165955, 23.2607727051, 28.9088783264, 13.5258331299, 22.5860023499], [105.052978516, -85.3093490601, 149.399414062, -3.28726482391, 82.1553039551, 264.424102783, 114.400726318, 41.1304283142, -26.8750667572, 65.3215942383, 17.6542606354, 24.2632980347, 2.15715146065], [-67.3273239136, 158.204727173, -14.5450162888, 13.2085237503, 93.3041992188, 114.400726318, 193.906555176, 39.1511611938, 44.088142395, 30.1934928894, 58.3556289673, 14.5409879684, 30.7625827789], [134.332778931, -74.2088775635, 92.8567581177, 43.9874649048, 62.4409141541, 41.1304283142, 39.1511611938, 151.063156128, 53.5600776672, 48.9575500488, -7.98111200333, 27.2088317871, 7.2223200798], [-85.9546661377, 133.299942017, -28.0109119415, 100.978340149, 44.6309165955, -26.8750667572, 44.088142395, 53.5600776672, 134.88458252, 9.43144226074, 29.8689842224, -8.91138839722, 26.8496875763], [118.948448181, -106.456375122, 86.945930481, -3.48092389107, 23.2607727051, 65.3215942383, 30.1934928894, 48.9575500488, 9.43144226074, 103.981163025, 28.0182228088, 41.3963508606, -13.5150613785], [-112.21547699, 135.00604248, -51.7881736755, 5.95234441757, 28.9088783264, 17.6542606354, 58.3556289673, -7.98111200333, 29.8689842224, 28.0182228088, 102.955192566, 26.7795066833, 27.1880187988], [73.1197967529, -83.9247970581, 34.6631126404, -4.63975667953, 13.5258331299, 24.2632980347, 14.5409879684, 27.2088317871, -8.91138839722, 41.3963508606, 26.7795066833, 77.2043685913, 6.90423679352], [-104.765617371, 100.148536682, -42.1785545349, 39.9435844421, 22.5860023499, 2.15715146065, 30.7625827789, 7.2223200798, 26.8496875763, -13.5150613785, 27.1880187988, 6.90423679352, 79.2951126099]],
        "icov": [[0.00132728484459, 0.00073397741653, 0.00027463605511, 5.79256375204e-05, 0.000254876067629, -0.000206933371373, -0.000175539345946, -0.000899345090147, 0.000174607746885, -0.000430945248809, 0.000542220543139, -0.000210440266528, 0.00072641071165], [0.00073397741653, 0.00403433665633, -0.000684036291204, 0.00134066294413, -0.00273680640385, 0.00202920287848, -0.00222419342026, 0.00161918869708, -0.00208903872408, 0.00272507080808, -0.00373510923237, 0.0035024380777, -0.00157749827486], [0.00027463605511, -0.000684036291204, 0.00387850427069, -0.00169773004018, -0.000293125864118, -0.00222264695913, 0.00190552906133, -0.00174781947862, 0.00182963325642, -0.00269734556787, 0.00252067367546, -0.00122438743711, 0.0018720155349], [5.79256375204e-05, 0.00134066294413, -0.00169773004018, 0.00711967470124, -0.00241574505344, 0.000500106078107, 0.000550199591089, 0.00178170122672, -0.00629777368158, 0.00226444425061, -0.00069196842378, 0.000704445992596, -0.00311309681274], [0.000254876067629, -0.00273680640385, -0.000293125864118, -0.00241574505344, 0.0104460995644, -0.00248060864396, -0.00115575070959, -0.00385547825135, 0.00173427897971, -0.000848700525239, 0.00172187725548, -0.00279515446164, 0.0016669749748], [-0.000206933371373, 0.00202920287848, -0.00222264695913, 0.000500106078107, -0.00248060864396, 0.00945941265672, -0.00626476528123, 0.00147996668238, 0.00238750386052, -0.00144697271753, -0.00190370902419, 0.00346102379262, -0.00222925934941], [-0.000175539345946, -0.00222419342026, 0.00190552906133, 0.000550199591089, -0.00115575070959, -0.00626476528123, 0.0127195287496, -0.00208192528225, -0.00198745541275, -0.000926479697227, -0.00100890221074, -0.00195620884188, 9.96362286969e-05], [-0.000899345090147, 0.00161918869708, -0.00174781947862, 0.00178170122672, -0.00385547825135, 0.00147996668238, -0.00208192528225, 0.0142573919147, -0.00723106926307, -0.0019438599702, 0.00288031972013, -0.00142019439954, -0.00324018509127], [0.000174607746885, -0.00208903872408, 0.00182963325642, -0.00629777368158, 0.00173427897971, 0.00238750386052, -0.00198745541275, -0.00723106926307, 0.0187478810549, -0.00443622842431, -0.001440065098, 0.00318533182144, 0.000997631344944], [-0.000430945248809, 0.00272507080808, -0.00269734556787, 0.00226444425061, -0.000848700525239, -0.00144697271753, -0.000926479697227, -0.0019438599702, -0.00443622842431, 0.0221007205546, -0.00935230962932, -0.00320473429747, 0.00298569328152], [0.000542220543139, -0.00373510923237, 0.00252067367546, -0.00069196842378, 0.00172187725548, -0.00190370902419, -0.00100890221074, 0.00288031972013, -0.001440065098, -0.00935230962932, 0.0228647310287, -0.00923934858292, -0.00132804946043], [-0.000210440266528, 0.0035024380777, -0.00122438743711, 0.000704445992596, -0.00279515446164, 0.00346102379262, -0.00195620884188, -0.00142019439954, 0.00318533182144, -0.00320473429747, -0.00923934858292, 0.0235264934599, -0.00462275184691], [0.00072641071165, -0.00157749827486, 0.0018720155349, -0.00311309681274, 0.0016669749748, -0.00222925934941, 9.96362286969e-05, -0.00324018509127, 0.000997631344944, 0.00298569328152, -0.00132804946043, -0.00462275184691, 0.0189983788878]]
    },
    "melbands": {
        "max": [0.0102859344333, 0.0295799840242, 0.0118963494897, 0.00879636500031, 0.00653665326536, 0.00596499070525, 0.00493884878233, 0.0162912048399, 0.00373059115373, 0.00591880362481, 0.00423683784902, 0.00248196045868, 0.00168622098863, 0.0027954003308, 0.00237635360099, 0.00249471119605, 0.00169011682738, 0.000805072486401, 0.000796156411525, 0.00040583658847, 0.000507494085468, 0.000321444997098, 0.000451467552921, 0.000264465837972, 0.000248816475505, 0.00024751786259, 0.000264564383542, 0.00029625260504, 0.000327332847519, 0.000406100589316, 0.000337529549142, 0.000277538754744, 0.000387570064049, 0.000306417612592, 0.000252335710684, 0.000296898098895, 0.000226869262406, 0.000227345037274, 0.000241673027631, 0.00022453222482],
        "mean": [0.00189444946591, 0.00131808000151, 0.000479472946608, 0.00066802452784, 0.000606641930062, 0.000578837527428, 0.000526535441168, 0.000655405630823, 0.000366230640793, 0.000256326282397, 0.000261042150669, 9.44308194448e-05, 0.000100715202279, 0.000122995770653, 0.000102480807982, 8.4308165242e-05, 8.50466531119e-05, 5.0977756473e-05, 4.85347372887e-05, 5.90716445004e-05, 4.68136640848e-05, 4.04388629249e-05, 3.54114490619e-05, 2.12608156289e-05, 1.57282065629e-05, 2.27543132496e-05, 1.00468350865e-05, 5.95144183535e-06, 4.93879906571e-06, 4.68897087558e-06, 5.05381012772e-06, 5.37984396942e-06, 5.23552080267e-06, 3.61571142093e-06, 3.25460177919e-06, 2.77860476672e-06, 2.20369724957e-06, 1.8138540554e-06, 1.67553321262e-06, 1.49268635141e-06],
        "min": [6.09694836839e-07, 3.71113310393e-06, 9.80170443654e-06, 9.2941290859e-06, 8.73974113347e-06, 6.61213107378e-06, 4.44392890131e-06, 5.40443943464e-06, 3.55225279236e-06, 5.80454013743e-07, 1.92574077573e-07, 5.83909915974e-08, 8.58815212723e-07, 1.33515391099e-06, 7.2227317105e-07, 6.8334639991e-07, 7.30572025986e-07, 9.48014132973e-07, 4.7923015245e-07, 1.86989566942e-07, 4.03599528909e-07, 5.53361928723e-07, 2.52386513466e-07, 2.61210601593e-07, 2.69513861895e-07, 2.08282713743e-07, 6.55141221273e-08, 2.13462918452e-08, 5.09627753331e-08, 6.20065421231e-08, 5.75812357795e-08, 4.74548436102e-08, 2.53684344642e-08, 1.99870893169e-08, 1.7297152155e-08, 2.2038371128e-08, 1.57577932924e-08, 7.65255236956e-09, 3.6744065568e-09, 5.98896043869e-10],
        "stdev": [0.00197536870837, 0.00217672833242, 0.000730705913156, 0.000771582650486, 0.000657022115774, 0.000562558998354, 0.000545376096852, 0.00115889671724, 0.000477494293591, 0.000428608909715, 0.000404462072765, 0.000190353399375, 0.000176653673407, 0.000248534692219, 0.000207612451049, 0.000208992394619, 0.000142465592944, 6.66290798108e-05, 6.52275630273e-05, 6.05121531407e-05, 5.00007663504e-05, 4.52250460512e-05, 4.02895966545e-05, 2.34909712162e-05, 1.78509053512e-05, 2.76462578768e-05, 1.37721763167e-05, 1.36856433528e-05, 1.45413159771e-05, 1.76968042069e-05, 1.83346310223e-05, 1.68594233401e-05, 2.03812396649e-05, 1.42960107041e-05, 1.31431825139e-05, 1.39975527418e-05, 1.16675464596e-05, 1.1526632079e-05, 1.20064241855e-05, 1.16609307952e-05]
    },
    "melbands128": {
        "max": [0.00194245402236, 0.00970184896141, 0.0186670217663, 0.0303853303194, 0.0456136874855, 0.0188939142972, 0.0126737616956, 0.0148425614461, 0.0127762062475, 0.013679491356, 0.00932002998888, 0.0079766092822, 0.00930455140769, 0.00684408657253, 0.0105756316334, 0.00525678740814, 0.006230188068, 0.0076876594685, 0.00885706022382, 0.0135233188048, 0.0315850153565, 0.00591621408239, 0.00621757656336, 0.00562812946737, 0.00967521779239, 0.0086558740586, 0.00775190629065, 0.00831851456314, 0.00225481600501, 0.00367774721235, 0.00552079826593, 0.00308589148335, 0.00321322889067, 0.00318386335857, 0.00235946453176, 0.00516113825142, 0.00546517176554, 0.000672861875501, 0.00636936631054, 0.00639231456444, 0.00258474377915, 0.00557244662195, 0.00220652366988, 0.00175304920413, 0.00250456738286, 0.00108055595774, 0.000636126496829, 0.00174426322337, 0.000859333085828, 0.000994630623609, 0.000722932920326, 0.000844753754791, 0.00100670126267, 0.00101018615533, 0.000850016716868, 0.000706655962858, 0.000473411579151, 0.000617980433162, 0.00107593578286, 0.00094210280804, 0.000268807460088, 0.000292163371341, 0.000215922074858, 0.00027141807368, 0.000318090780638, 0.000325128727127, 0.000307688373141, 0.000205405667657, 0.000280157517409, 0.000387905136449, 0.000385977502447, 0.000357022770913, 0.000360861246008, 0.000280062900856, 0.000614678196143, 0.000402959994972, 0.00046760161058, 0.000504019553773, 0.000436210248154, 0.00037621773663, 0.00023579079425, 0.000437130889622, 0.000452958367532, 0.000442639779067, 0.000360357196769, 0.000669661501888, 0.000201696631848, 0.000280996609945, 0.000234210136114, 0.000393493683077, 0.000241903777351, 0.000327753776219, 0.000283132365439, 0.000232312682783, 0.000191601822735, 0.000313556141919, 0.000263006571913, 0.00039073874359, 0.000306391331833, 0.000322320120176, 0.00024732836755, 0.000244747294346, 0.000216882879613, 0.000185998753295, 0.000171821637196, 0.000193268890143, 0.000288734241622, 0.000310594710754, 0.000260528206127, 0.000208168072277, 0.000233923550695, 0.000300185318338, 0.000213362131035, 0.000224267467274, 0.000240594803472, 0.00014972340432, 9.94549918687e-06, 1.10590150371e-07, 8.00734838435e-08, 1.09325597464e-07, 9.83177983471e-08, 1.05843355414e-07, 1.39812343036e-07, 1.4006047877e-07, 1.35090559183e-07, 5.78213708025e-08, 1.06302806557e-08, 5.14586240286e-09],
        "mean": [0.000140555872349, 0.00137807673309, 0.00295558338985, 0.0023213441018, 0.00119012978394, 0.000604201166425, 0.00041449200944, 0.000363670609659, 0.000699850323144, 0.000611603201833, 0.000710516353138, 0.00080892839469, 0.000514317362104, 0.000457128946437, 0.000449198036222, 0.000721173302736, 0.000840711058117, 0.000348975067027, 0.000322835403495, 0.000736756133847, 0.000844770635013, 0.000380610319553, 0.000370240217308, 0.000210715545109, 0.000280469917925, 0.000256758736214, 0.00024230562849, 0.000384430255508, 0.000129613952595, 0.000104989849206, 8.07654723758e-05, 6.35888500256e-05, 0.00010911373829, 0.000143825091072, 4.50273728347e-05, 0.00014304133947, 0.000219263325562, 3.27126326738e-05, 0.000100890560134, 0.000104075450508, 7.01057651895e-05, 7.47048543417e-05, 7.71638733568e-05, 0.00012130477262, 3.6593315599e-05, 3.94853268517e-05, 5.83373803238e-05, 4.77894282085e-05, 3.79551602236e-05, 6.29863643553e-05, 6.56837728457e-05, 5.41072586202e-05, 4.39569776063e-05, 3.9438931708e-05, 6.00901876169e-05, 3.75929812435e-05, 2.57924948528e-05, 4.27406157542e-05, 3.72345311916e-05, 2.64262071141e-05, 2.37756939896e-05, 1.33525545607e-05, 1.28014535221e-05, 1.73490298039e-05, 1.83818156074e-05, 2.65681592282e-05, 2.48806154559e-05, 1.17615245472e-05, 6.76374656905e-06, 6.40046164335e-06, 5.87263548368e-06, 6.1438126977e-06, 5.09764686285e-06, 4.60843921246e-06, 4.77745425087e-06, 4.64736740469e-06, 4.5972224143e-06, 5.07249660586e-06, 5.11551343152e-06, 5.00748274135e-06, 5.19309469382e-06, 5.50543472855e-06, 5.94374250795e-06, 5.12646602147e-06, 4.68895314043e-06, 4.53573329651e-06, 2.7289117952e-06, 2.92550612357e-06, 3.65615437659e-06, 3.22713367495e-06, 2.62270032181e-06, 2.6044074275e-06, 3.12741667585e-06, 2.0895599846e-06, 1.70352814166e-06, 1.99740975404e-06, 1.71297722318e-06, 1.8453241637e-06, 1.69872089373e-06, 1.59155752044e-06, 1.46409092849e-06, 1.53239841438e-06, 1.4811530491e-06, 1.2659170352e-06, 1.27607734157e-06, 1.34357287607e-06, 1.20738332043e-06, 1.28823512568e-06, 1.29486704736e-06, 1.23183747291e-06, 1.25024610043e-06, 1.09503412205e-06, 9.87430553323e-07, 7.98207622665e-07, 9.44087560129e-07, 6.87972942615e-07, 4.03398523474e-08, 3.21797199998e-10, 2.5002558357e-10, 2.61306087879e-10, 2.27452653934e-10, 2.8970639776e-10, 2.67847244384e-10, 2.89000989806e-10, 2.26827875927e-10, 9.9122252073e-11, 2.74660242466e-11, 1.45128345105e-11],
        "min": [9.50187040161e-10, 3.63150576277e-07, 3.32394279212e-07, 4.93897687193e-07, 3.21508480283e-07, 1.01360043914e-07, 6.02918930781e-07, 2.83811573354e-07, 4.00679527957e-06, 2.58878185377e-06, 1.73350508703e-06, 2.49087179327e-06, 1.65763731275e-06, 1.12396060103e-06, 1.56219289238e-06, 5.09044241426e-07, 1.44578757499e-06, 8.622159271e-07, 8.31907414067e-07, 2.49414824793e-06, 8.15946862076e-07, 1.08123094833e-06, 1.49869470079e-06, 1.19842445656e-06, 2.83838886617e-07, 2.57253873315e-07, 3.13842349442e-07, 2.16209599557e-07, 5.66202622565e-08, 3.42319488311e-08, 5.40362989909e-08, 1.08846236913e-07, 3.54519329449e-07, 5.15054921379e-07, 1.41948845567e-07, 4.32323304267e-07, 3.1453879501e-07, 1.57490575248e-07, 1.18999800236e-07, 9.44519484847e-08, 2.82642815819e-07, 1.57471291118e-07, 5.62766615531e-07, 2.27736720149e-07, 2.90729076369e-07, 3.60272139233e-07, 5.0417293096e-07, 8.4359250252e-08, 2.46831206141e-07, 2.06027564786e-07, 1.60790321502e-07, 1.21698363387e-07, 3.4459912257e-08, 2.01331246785e-07, 1.30000103127e-07, 3.63985066087e-07, 8.52188009048e-08, 1.57549166602e-07, 1.62017443017e-07, 1.75332885988e-07, 2.0596444017e-07, 1.77067605023e-07, 2.55288853168e-07, 2.5514472668e-07, 1.48141722889e-07, 1.34922004236e-07, 1.42067960951e-07, 4.86422031543e-08, 2.05786889751e-08, 9.20598353105e-09, 1.07648370218e-08, 3.9098683402e-08, 3.22008517628e-08, 2.28688943338e-08, 3.05473690787e-08, 6.52149552138e-08, 4.35720330927e-08, 1.53967931737e-08, 1.85144930498e-08, 4.21379411364e-08, 9.43372224782e-09, 1.86417743464e-08, 1.54251047491e-08, 1.7469675484e-08, 8.67919602854e-09, 2.36029986667e-08, 1.50354910744e-08, 4.50102088934e-09, 1.31615687238e-08, 1.20893233202e-08, 1.45716583244e-09, 3.31040395096e-09, 1.30876696147e-08, 5.3858548732e-09, 8.85390760708e-10, 5.30185406689e-09, 5.18006970651e-10, 1.21658905172e-09, 6.42214392776e-10, 2.18578335986e-10, 8.66943062477e-12, 1.34031757915e-10, 3.90175808329e-11, 1.505995606e-10, 1.15024934022e-11, 4.80547372728e-11, 1.27629191937e-11, 7.76681930575e-12, 6.90856920282e-12, 1.58972453257e-11, 2.89727031429e-12, 4.56015216907e-13, 1.42357927204e-13, 8.46873637298e-14, 6.50860319958e-14, 9.02758906041e-14, 1.1741276625e-13, 9.14378639537e-14, 7.11253362522e-14, 8.20996712996e-14, 8.7314189082e-14, 8.66344756351e-14, 8.91753508601e-14, 8.72273377118e-14, 5.99495835461e-14, 2.46145843237e-14, 3.09037874399e-15, 9.52412845618e-17],
        "stdev": [0.0002524839947, 0.00164248922374, 0.00337588251568, 0.00340048549697, 0.00299994717352, 0.00137693376746, 0.00089566456154, 0.000719218980521, 0.0011019812664, 0.00094775215257, 0.00104445242323, 0.00103042076807, 0.00075207935879, 0.000701809825841, 0.000685915001668, 0.000903030915651, 0.00111261138227, 0.000536918523721, 0.000664297083858, 0.00135578622576, 0.00201777182519, 0.000576908991206, 0.000669736531563, 0.000462808675366, 0.000607566093095, 0.000670655455906, 0.000512439990416, 0.000693919020705, 0.000231478610658, 0.000264617498033, 0.000273284793366, 0.000208632292924, 0.000239457949647, 0.000317995727528, 0.000111683133582, 0.000375454284949, 0.000588558439631, 6.61680387566e-05, 0.000385372783057, 0.000404198246542, 0.000234615756199, 0.000291525182547, 0.000177155670826, 0.000196811408387, 0.000115024908155, 9.31364847929e-05, 8.88905924512e-05, 0.000113092377433, 6.92383910064e-05, 9.69282264123e-05, 8.89415023266e-05, 7.86612363299e-05, 7.84116564319e-05, 6.18013145868e-05, 8.18871922093e-05, 6.85957711539e-05, 3.80312085326e-05, 5.42602901987e-05, 6.64344406687e-05, 4.48084392701e-05, 3.14349708788e-05, 1.96364599105e-05, 1.70147995959e-05, 2.37640942942e-05, 2.68950425379e-05, 3.87526779377e-05, 3.50420632458e-05, 1.73517710209e-05, 1.27610501295e-05, 1.54295375978e-05, 1.53893815877e-05, 1.47004284372e-05, 1.67920552485e-05, 1.21436423797e-05, 2.44586790359e-05, 1.63776257978e-05, 1.81238210644e-05, 2.16316311707e-05, 2.00080903596e-05, 1.96988039534e-05, 1.40176571222e-05, 1.96641485672e-05, 2.41124398599e-05, 2.30588011618e-05, 1.76840221684e-05, 2.2939639166e-05, 1.08447520688e-05, 1.24095613501e-05, 1.277890442e-05, 1.7805976313e-05, 1.30652633743e-05, 1.44006380651e-05, 1.6391488316e-05, 1.18696380014e-05, 9.41668986343e-06, 1.34952160806e-05, 1.18171310532e-05, 1.39236553878e-05, 1.25462884171e-05, 1.3032786228e-05, 1.17245035653e-05, 1.25770629893e-05, 1.17369800137e-05, 1.03400816442e-05, 1.04651207948e-05, 1.17369227155e-05, 1.25988290165e-05, 1.36464850584e-05, 1.21826524264e-05, 1.16973660624e-05, 1.20750728456e-05, 1.1479263776e-05, 1.01057958091e-05, 8.87655369297e-06, 1.05118788269e-05, 7.48747788748e-06, 4.74177198839e-07, 4.41440661803e-09, 3.55174489819e-09, 4.06688904775e-09, 3.52756446276e-09, 4.55070914285e-09, 4.44261161192e-09, 4.78857842268e-09, 4.12757117374e-09, 1.72831093881e-09, 3.63268276571e-10, 2.05057221203e-10]
    },
    "mfcc": {
        "mean": [-605.629089355, 125.080558777, -11.1230640411, 24.4953250885, 0.863189518452, 0.881529331207, -13.8703603745, 6.49381494522, -2.38325214386, 4.59956598282, 2.83497691154, 0.922309935093, 1.57445037365],
        "cov": [[1365.22668457, -580.858581543, 2.46562933922, -146.763565063, -65.4170837402, -75.8158569336, -19.1893672943, -17.7262611389, 25.5333156586, -6.49284124374, 18.4570960999, -0.962429702282, 15.7589960098], [-580.858581543, 754.153198242, -168.61807251, 73.4741668701, -5.63757324219, 38.6482772827, 50.4637565613, 45.5029525757, -11.855381012, 23.0355834961, 1.9981802702, 22.9323749542, 25.6591854095], [2.46562933922, -168.61807251, 387.283355713, 1.59659719467, 102.185157776, 49.5367698669, 44.1995429993, -10.9107170105, 47.8633041382, 15.4087238312, 16.6650505066, 14.9330263138, 1.27452015877], [-146.763565063, 73.4741668701, 1.59659719467, 267.97479248, 76.1683807373, -28.9710884094, -77.5658874512, 38.5419769287, 39.323589325, 34.898273468, 3.34855008125, 2.64921116829, 40.39220047], [-65.4170837402, -5.63757324219, 102.185157776, 76.1683807373, 167.970306396, 17.8002548218, 16.1844043732, 29.3836212158, 48.4687767029, 40.9853477478, 8.32047939301, -6.45348787308, 9.98204040527], [-75.8158569336, 38.6482772827, 49.5367698669, -28.9710884094, 17.8002548218, 177.993331909, 112.328971863, 31.7690620422, 18.0992240906, 16.6428546906, 29.6418132782, 35.2857131958, -12.6787652969], [-19.1893672943, 50.4637565613, 44.1995429993, -77.5658874512, 16.1844043732, 112.328971863, 191.736694336, 40.9457435608, 36.7333183289, 12.6031970978, 29.6128673553, 44.6803894043, 6.59035730362], [-17.7262611389, 45.5029525757, -10.9107170105, 38.5419769287, 29.3836212158, 31.7690620422, 40.9457435608, 95.018951416, 52.5495796204, 34.9655570984, 16.9436187744, 13.0410366058, 20.242767334], [25.5333156586, -11.855381012, 47.8633041382, 39.323589325, 48.4687767029, 18.0992240906, 36.7333183289, 52.5495796204, 110.518875122, 57.053817749, 22.2290534973, 10.3474664688, 12.9430732727], [-6.49284124374, 23.0355834961, 15.4087238312, 34.898273468, 40.9853477478, 16.6428546906, 12.6031970978, 34.9655570984, 57.053817749, 84.0692367554, 28.2881526947, -6.28469181061, -0.214485496283], [18.4570960999, 1.9981802702, 16.6650505066, 3.34855008125, 8.32047939301, 29.6418132782, 29.6128673553, 16.9436187744, 22.2290534973, 28.2881526947, 78.4334564209, 48.0572471619, 18.4521694183], [-0.962429702282, 22.9323749542, 14.9330263138, 2.64921116829, -6.45348787308, 35.2857131958, 44.6803894043, 13.0410366058, 10.3474664688, -6.28469181061, 48.0572471619, 110.45211792, 55.5988769531], [15.7589960098, 25.6591854095, 1.27452015877, 40.39220047, 9.98204040527, -12.6787652969, 6.59035730362, 20.242767334, 12.9430732727, -0.214485496283, 18.4521694183, 55.5988769531, 94.0846862793]],
        "icov": [[0.00128449324984, 0.00104174169246, 0.000397453230107, 0.000559158041142, 0.000265310372924, 0.000408125197282, -0.000125875783851, -0.000125263657537, -0.000379236793378, -0.000269041629508, -0.000279204221442, 0.000156734240591, -0.000668385706376], [0.00104174169246, 0.00255029462278, 0.00110391271301, -0.000268304778729, 0.000176681307494, 0.000200807640795, -0.0010274091037, -0.000299065664876, 0.000625347543973, -0.00110521411989, 0.000320555962389, -0.000193838815903, -0.000662023434415], [0.000397453230107, 0.00110391271301, 0.00406376691535, 0.000271426164545, -0.00224345456809, -0.000841429806314, -0.000427734659752, 0.00192375830375, -0.00167275767308, 0.00058046891354, -0.000201341506909, -0.000220806221478, -0.000397112773499], [0.000559158041142, -0.000268304778729, 0.000271426164545, 0.00688831321895, -0.00242024846375, -0.000779952213634, 0.00438594352454, -0.00185457419138, -0.00169656483922, -0.000277087005088, 0.000157226168085, -0.000338032783475, -0.00233627809212], [0.000265310372924, 0.000176681307494, -0.00224345456809, -0.00242024846375, 0.00959688425064, 0.000222664471949, -0.00141324219294, -0.000670298177283, -0.0005132688093, -0.00248854095116, 0.000325647502905, 0.00158707250375, -0.000704958336428], [0.000408125197282, 0.000200807640795, -0.000841429806314, -0.000779952213634, 0.000222664471949, 0.0106182312593, -0.00568533921614, -0.00200097938068, 0.00235560233705, -0.00163943122607, -0.000666541105602, -0.00272066285834, 0.00386985344812], [-0.000125875783851, -0.0010274091037, -0.000427734659752, 0.00438594352454, -0.00141324219294, -0.00568533921614, 0.0123868193477, -0.00268967775628, -0.00336516508833, 0.00181771221105, -0.000202572817216, -0.0018419357948, -0.000885763089173], [-0.000125263657537, -0.000299065664876, 0.00192375830375, -0.00185457419138, -0.000670298177283, -0.00200097938068, -0.00268967775628, 0.01814327389, -0.0062542478554, -0.00147545372602, -0.0003024515172, 0.00155783328228, -0.00304531003349], [-0.000379236793378, 0.000625347543973, -0.00167275767308, -0.00169656483922, -0.0005132688093, 0.00235560233705, -0.00336516508833, -0.0062542478554, 0.0195228122175, -0.0101872291416, 0.00146100553684, -0.00198270124383, 0.000773430801928], [-0.000269041629508, -0.00110521411989, 0.00058046891354, -0.000277087005088, -0.00248854095116, -0.00163943122607, 0.00181771221105, -0.00147545372602, -0.0101872291416, 0.0246135797352, -0.00940721295774, 0.00627772090957, 0.000283534580376], [-0.000279204221442, 0.000320555962389, -0.000201341506909, 0.000157226168085, 0.000325647502905, -0.000666541105602, -0.000202572817216, -0.0003024515172, 0.00146100553684, -0.00940721295774, 0.022543631494, -0.0110505344346, 0.0017359618796], [0.000156734240591, -0.000193838815903, -0.000220806221478, -0.000338032783475, 0.00158707250375, -0.00272066285834, -0.0018419357948, 0.00155783328228, -0.00198270124383, 0.00627772090957, -0.0110505344346, 0.0214324500412, -0.0107775097713], [-0.000668385706376, -0.000662023434415, -0.000397112773499, -0.00233627809212, -0.000704958336428, 0.00386985344812, -0.000885763089173, -0.00304531003349, 0.000773430801928, 0.000283534580376, 0.0017359618796, -0.0107775097713, 0.019165860489]]
    },
    "spectral_contrast_coeffs": {
        "max": [-0.403834104538, -0.465269356966, -0.536146700382, -0.616422533989, -0.634936153889, -0.56431388855],
        "mean": [-0.712546646595, -0.738698780537, -0.734532535076, -0.761483252048, -0.764970064163, -0.728401720524],
        "min": [-0.890131473541, -0.928858757019, -0.884869635105, -0.876659452915, -0.873157203197, -0.857742726803],
        "stdev": [0.0844958052039, 0.0634560286999, 0.0580177418888, 0.0428178459406, 0.0392278879881, 0.0405439250171]
    },
    "spectral_contrast_valleys": {
        "max": [-4.93716955185, -4.81331682205, -5.48172998428, -5.74689912796, -5.21657466888, -6.67839956284],
        "mean": [-6.50596666336, -6.13189315796, -7.16084909439, -7.21393489838, -7.25103664398, -10.2655715942],
        "min": [-8.67531681061, -7.68235826492, -8.90026569366, -8.93250846863, -9.1967792511, -12.1217947006],
        "stdev": [0.563440024853, 0.462742090225, 0.522404074669, 0.434705466032, 0.489586085081, 0.873290359974]
    }
},
"rhythm": {
    "beats_count": 56,
    "beats_loudness": {
        "max": 0.0753413960338,
        "mean": 0.0368269607425,
        "min": 0.00552634429187,
        "stdev": 0.0148873422295
    },
    "bpm": 104.795379639,
    "bpm_histogram_first_peak_bpm": 105,
    "bpm_histogram_first_peak_weight": 0.300000011921,
    "bpm_histogram_second_peak_bpm": 99,
    "bpm_histogram_second_peak_spread": 0,
    "bpm_histogram_second_peak_weight": 0.0909090936184,
    "danceability": 1.14394664764,
    "onset_rate": 3.81445288658,
    "beats_loudness_band_ratio": {
        "max": [0.88905608654, 0.589329242706, 0.642942249775, 0.407113552094, 0.262677550316, 0.639664709568],
        "mean": [0.306363999844, 0.199193164706, 0.272909253836, 0.128279194236, 0.10132727772, 0.0614174492657],
        "min": [0.0484973974526, 0.0314011834562, 0.0186677034944, 0.00778732029721, 0.0143568310887, 0.00440564192832],
        "stdev": [0.16662427783, 0.129605218768, 0.13434933126, 0.0922823026776, 0.0543493703008, 0.0856009274721]
    },
    "beats_position": [0.592108845711, 1.19582760334, 1.79954648018, 2.41487526894, 3.01859402657, 3.63392281532, 4.22603178024, 4.80653047562, 5.38702917099, 5.95591831207, 6.52480697632, 7.0936961174, 7.67419481277, 8.24308395386, 8.8119726181, 9.38086128235, 9.94974994659, 10.5186395645, 11.0991382599, 11.6680269241, 12.2485256195, 12.8174142838, 13.3863039017, 13.9551925659, 14.5240812302, 15.0929698944, 15.6734695435, 16.2539672852, 16.8344669342, 17.4033565521, 17.9722442627, 18.5527439117, 19.1216316223, 19.6905212402, 20.2594108582, 20.8282985687, 21.4087982178, 21.9776859283, 22.5465755463, 23.1154651642, 23.6843528748, 24.2648525238, 24.8337402344, 25.4026298523, 25.9715194702, 26.5404071808, 27.1092967987, 27.6781845093, 28.2470741272, 28.8159637451, 29.3964614868, 29.9769611359, 30.5458488464, 31.1147384644, 31.6952381134, 32.264125824],
