{
"metadata": {
    "version": {
        "essentia": "2.1-beta5",
        "essentia_git_sha": "Undefined",
        "extractor": "music 2.0"
    },
    "audio_properties": {
        "analysis": {
            "equal_loudness": 0,
            "length": 22.9064846039,
            "sample_rate": 44100,
            "start_time": 175.240997314,
            "downmix": "mix"
        },
        "bit_rate": 192000,
        "length": 198.170715332,
        "lossless": 0,
        "number_channels": 2,
        "replay_gain": -8.12696647644,
        "sample_rate": 48000,
        "codec": "mp3",
        "md5_encoded": "7f33bc07dca5e9721a0365088a3a92a9"
    },
    "tags": {
        "file_name": "Malta_Let Me Fly_Debbie Scerri.mp3",
        "encoding": ["Lavf58.29.100"]
    }
},
"lowlevel": {
    "average_loudness": 0.937472045422,
    "barkbands_crest": {
        "max": 25.30768013,
        "mean": 9.40501213074,
        "min": 3.13014030457,
        "stdev": 4.35149145126
    },
    "barkbands_flatness_db": {
        "max": 0.370728105307,
        "mean": 0.212782368064,
        "min": 0.046344269067,
        "stdev": 0.0498066470027
    },
    "barkbands_kurtosis": {
        "max": 96.1626434326,
        "mean": 3.74902653694,
        "min": -1.88832306862,
        "stdev": 9.1855430603
    },
    "barkbands_skewness": {
        "max": 8.12107944489,
        "mean": 0.867099761963,
        "min": -2.06093239784,
        "stdev": 1.16796839237
    },
    "barkbands_spread": {
        "max": 107.474365234,
        "mean": 12.057311058,
        "min": 1.41629850864,
        "stdev": 7.44249582291
    },
    "dissonance": {
        "max": 0.499989658594,
        "mean": 0.427466571331,
        "min": 0.257616519928,
        "stdev": 0.0543164648116
    },
    "dynamic_complexity": 1.82121646404,
    "erbbands_crest": {
        "max": 26.6773643494,
        "mean": 12.1515169144,
        "min": 2.94852614403,
        "stdev": 5.07328414917
    },
    "erbbands_flatness_db": {
        "max": 0.37921911478,
        "mean": 0.261724978685,
        "min": 0.0788273736835,
        "stdev": 0.0379906110466
    },
    "erbbands_kurtosis": {
        "max": 23.7012424469,
        "mean": 2.45457196236,
        "min": -1.81486451626,
        "stdev": 3.1680431366
    },
    "erbbands_skewness": {
        "max": 4.19376802444,
        "mean": 0.833755433559,
        "min": -1.36609137058,
        "stdev": 0.783116340637
    },
    "erbbands_spread": {
        "max": 95.5089569092,
        "mean": 18.8214836121,
        "min": 4.79403018951,
        "stdev": 9.96305084229
    },
    "hfc": {
        "max": 110.079185486,
        "mean": 25.9958248138,
        "min": 1.11087365181e-16,
        "stdev": 14.7681522369
    },
    "loudness_ebu128": {
        "integrated": -14.5392580032,
        "loudness_range": 3.31164836884,
        "momentary": {
            "max": -11.8138189316,
            "mean": -14.941163063,
            "min": -21.1751995087,
            "stdev": 2.04250788689
        },
        "short_term": {
            "max": -13.0456752777,
            "mean": -14.5894060135,
            "min": -17.8877105713,
            "stdev": 1.23543715477
        }
    },
    "melbands_crest": {
        "max": 27.6257915497,
        "mean": 10.4629011154,
        "min": 2.00469875336,
        "stdev": 4.32630825043
    },
    "melbands_flatness_db": {
        "max": 0.42697390914,
        "mean": 0.224926754832,
        "min": 0.00512902392074,
        "stdev": 0.0685962289572
    },
    "melbands_kurtosis": {
        "max": 124.739707947,
        "mean": 5.60804176331,
        "min": -1.37437260151,
        "stdev": 13.676492691
    },
    "melbands_skewness": {
        "max": 9.04669952393,
        "mean": 1.09321641922,
        "min": -0.790418148041,
        "stdev": 1.18383395672
    },
    "melbands_spread": {
        "max": 150.143249512,
        "mean": 19.2254657745,
        "min": 1.51649355888,
        "stdev": 12.8567333221
    },
    "pitch_salience": {
        "max": 0.895622014999,
        "mean": 0.598670423031,
        "min": 0.186526685953,
        "stdev": 0.121930249035
    },
    "silence_rate_20dB": {
        "max": 1,
        "mean": 1,
        "min": 1,
        "stdev": 0
    },
    "silence_rate_30dB": {
        "max": 1,
        "mean": 1,
        "min": 1,
        "stdev": 0
    },
    "silence_rate_60dB": {
        "max": 1,
        "mean": 0.00809716619551,
        "min": 0,
        "stdev": 0.0896192193031
    },
    "spectral_centroid": {
        "max": 11060.6318359,
        "mean": 1153.78942871,
        "min": 286.000915527,
        "stdev": 773.550231934
    },
    "spectral_complexity": {
        "max": 45,
        "mean": 19.2712554932,
        "min": 0,
        "stdev": 10.1545381546
    },
    "spectral_decrease": {
        "max": 1.14162530793e-28,
        "mean": -7.78242181809e-09,
        "min": -2.48659937085e-08,
        "stdev": 3.89789045485e-09
    },
    "spectral_energy": {
        "max": 0.0983911752701,
        "mean": 0.0317305438221,
        "min": 1.02729975576e-20,
        "stdev": 0.0156609751284
    },
    "spectral_energyband_high": {
        "max": 0.0146741922945,
        "mean": 0.000413268629927,
        "min": 7.48713726502e-21,
        "stdev": 0.000647135952022
    },
    "spectral_energyband_low": {
        "max": 0.0156171303242,
        "mean": 0.00266115949489,
        "min": 1.53805851522e-23,
        "stdev": 0.00270172092132
    },
    "spectral_energyband_middle_high": {
        "max": 0.0607633069158,
        "mean": 0.0122412582859,
        "min": 1.27136105147e-21,
        "stdev": 0.0101755456999
    },
    "spectral_energyband_middle_low": {
        "max": 0.0857272967696,
        "mean": 0.0174695085734,
        "min": 2.70709067576e-22,
        "stdev": 0.0110245998949
    },
    "spectral_entropy": {
        "max": 9.80738544464,
        "mean": 7.03317594528,
        "min": 5.50275993347,
        "stdev": 0.601995170116
    },
    "spectral_flux": {
        "max": 0.176728069782,
        "mean": 0.0791603922844,
        "min": 6.6545331745e-11,
        "stdev": 0.0318028964102
    },
    "spectral_kurtosis": {
        "max": 36.8833427429,
        "mean": 6.04844808578,
        "min": -1.24158883095,
        "stdev": 5.1992816925
    },
    "spectral_rms": {
        "max": 0.00979751907289,
        "mean": 0.00536700151861,
        "min": 3.16582328928e-12,
        "stdev": 0.00146695470903
    },
    "spectral_rolloff": {
        "max": 19164.5507812,
        "mean": 1340.85620117,
        "min": 258.3984375,
        "stdev": 1340.91955566
    },
    "spectral_skewness": {
        "max": 4.65450286865,
        "mean": 1.64558780193,
        "min": -0.0313915833831,
        "stdev": 0.64953327179
    },
    "spectral_spread": {
        "max": 40906980,
        "mean": 3100803.25,
        "min": 1544868,
        "stdev": 2235901
    },
    "spectral_strongpeak": {
        "max": 9.25648117065,
        "mean": 2.21470665932,
        "min": 0,
        "stdev": 1.61757862568
    },
    "zerocrossingrate": {
        "max": 0.6279296875,
        "mean": 0.0511321388185,
        "min": 0.01171875,
        "stdev": 0.0418251790106
    },
    "barkbands": {
        "max": [0.00127965351567, 0.00678219273686, 0.00731962453574, 0.0149812027812, 0.0370407663286, 0.0452003180981, 0.0407660529017, 0.0494582429528, 0.0288639552891, 0.0238838437945, 0.0573343373835, 0.00818433146924, 0.0240911729634, 0.0108490483835, 0.00665835384279, 0.00742306606844, 0.00526752555743, 0.00388958537951, 0.00594981992617, 0.00227135419846, 0.00107201223727, 0.00158916634973, 0.0119763165712, 0.000855357735418, 1.1933469068e-05, 2.88047971253e-07, 3.01566018379e-07],
        "mean": [5.64580259379e-05, 0.00104788097087, 0.000802855822258, 0.00194687629119, 0.00243179965764, 0.00511479750276, 0.00212779128924, 0.000894840515684, 0.00436766818166, 0.001464959234, 0.00600234698504, 0.000628152338322, 0.00132610835135, 0.00103884295095, 0.000599054095801, 0.00048234310816, 0.000320354331052, 0.00022144333343, 0.000375955307391, 0.000176325207576, 0.000127025719848, 7.30757674319e-05, 8.71782758622e-05, 1.6144638721e-05, 2.91519910434e-07, 1.89361615277e-09, 1.67910652049e-09],
        "min": [5.47083794127e-24, 1.01779954174e-23, 2.8043285345e-24, 4.43277745381e-24, 9.68637572355e-24, 6.62428716437e-23, 9.78911381241e-24, 2.73539885468e-23, 4.98837771138e-23, 2.89607783039e-23, 2.31935014228e-23, 3.33616534338e-23, 4.67321484243e-23, 7.2595928234e-23, 9.31490238546e-23, 6.65719654807e-23, 1.27601318511e-22, 1.44566422299e-22, 2.0371825482e-22, 2.9014531286e-22, 3.11398740259e-22, 4.81691191477e-22, 5.29533775221e-22, 6.71720336697e-22, 8.7381806927e-22, 1.38481999984e-21, 2.35904095297e-21],
        "stdev": [0.000110494736873, 0.00108661968261, 0.00112106977031, 0.00230603129603, 0.00415776995942, 0.00617372710258, 0.00381253403611, 0.00217262841761, 0.00421309750527, 0.00259453547187, 0.00741826137528, 0.00102624413557, 0.00231736106798, 0.00143489567563, 0.000965273240581, 0.000889437797014, 0.000538034480996, 0.000387621839764, 0.000548298354261, 0.000227586075198, 0.000145963596879, 0.000126549028209, 0.000408571650041, 3.70846610167e-05, 6.89781927576e-07, 1.2190381149e-08, 1.09174225216e-08]
    },
    "erbbands": {
        "max": [0.251055002213, 1.73656570911, 6.24480485916, 26.6278991699, 50.5793762207, 218.637985229, 120.991859436, 487.839630127, 492.260498047, 1135.38830566, 380.835021973, 777.905944824, 953.557312012, 756.888916016, 2064.76367188, 342.361022949, 1350.74353027, 532.149230957, 283.285949707, 375.371826172, 452.041625977, 275.980163574, 232.014450073, 154.444519043, 410.970672607, 96.6332855225, 61.3991355896, 29.7423439026, 55.9678382874, 65.4661102295, 395.224945068, 114.348930359, 7.59816837311, 0.439326733351, 0.0262807570398, 0.00378340575844, 0.000881630228832, 0.000259531923803, 0.000108038751932, 0.000111168403237],
        "mean": [0.0238558296114, 0.2594653368, 0.834779560566, 3.73017573357, 6.16014194489, 11.2646026611, 15.0568599701, 49.5295066833, 30.2518768311, 42.3315963745, 26.1344509125, 108.04347229, 60.2974777222, 98.6870727539, 200.683944702, 35.8325805664, 65.1745376587, 52.0635147095, 36.6147880554, 33.8432731628, 24.4326248169, 18.251499176, 12.5920705795, 15.5310850143, 16.5453681946, 8.55769252777, 7.69616317749, 3.52618169785, 2.60912179947, 2.85624408722, 2.36774039268, 0.739651799202, 0.140314981341, 0.0119970394298, 0.000550377124455, 7.34280547476e-05, 2.45681658271e-05, 7.68268819229e-06, 1.79182461579e-05, 3.77538381144e-05],
        "min": [4.74803943525e-22, 1.60819834711e-21, 2.72584486559e-21, 8.93580597521e-21, 1.49838614241e-20, 3.95387809156e-20, 1.87999024682e-19, 4.7670222246e-19, 2.93228185922e-19, 2.82714772035e-19, 7.66932912638e-19, 1.19521839269e-18, 9.54715319396e-19, 1.15089040405e-18, 1.15157551639e-18, 1.74550246654e-18, 1.88630639118e-18, 2.95507792293e-18, 5.74511015259e-18, 3.30783074951e-18, 5.07896795682e-18, 7.8155481889e-18, 8.29510863057e-18, 1.01735026256e-17, 9.49049049482e-18, 1.49390903122e-17, 1.30894606958e-17, 1.50597395676e-17, 1.73804146285e-17, 1.35161154927e-17, 1.70699406574e-17, 1.21983001444e-17, 1.25260762524e-17, 8.6794150888e-18, 6.55153928512e-18, 4.69504737835e-18, 2.44154744825e-18, 9.30782606131e-19, 3.46823156514e-19, 3.10548740488e-20],
        "stdev": [0.028316590935, 0.275545328856, 1.09184217453, 4.36978054047, 6.93409967422, 22.9639511108, 18.3081760406, 63.3317947388, 48.6720275879, 82.9730377197, 27.2084827423, 105.872543335, 92.9020996094, 113.904182434, 261.751495361, 41.0284118652, 119.884803772, 71.8553543091, 53.5910301208, 48.9545783997, 48.5564651489, 30.546957016, 21.6296367645, 19.8349647522, 29.1397476196, 10.3689136505, 9.77559375763, 3.95498728752, 4.56769132614, 5.81499910355, 13.2472381592, 3.77909111977, 0.329564094543, 0.0234660636634, 0.00115152029321, 0.000143895449582, 3.79114062525e-05, 1.19189098768e-05, 8.89475722943e-06, 1.82606090675e-05]
    },
    "gfcc": {
        "mean": [-41.8575210571, 155.123703003, -174.028213501, 32.2982177734, -84.0733108521, 1.98878848553, -9.71024513245, -22.0721492767, -0.956745445728, -26.5820026398, 9.10130119324, -18.5901985168, 2.14577031136],
        "cov": [[9945.21484375, 848.695556641, -1496.38391113, 381.448944092, -373.216888428, 377.79296875, -87.7776489258, -170.175033569, -100.36479187, -282.956207275, 61.6458206177, -228.680847168, -55.2939682007], [848.695556641, 1187.77478027, 827.299682617, 74.5965042114, -84.0148162842, -131.907287598, 143.235549927, -70.4993286133, -72.2443771362, 59.1387023926, 157.663116455, -43.9561920166, 77.2247085571], [-1496.38391113, 827.299682617, 1738.85498047, 326.95324707, -202.249588013, -98.4928436279, 99.4555664062, -36.7786560059, -76.354850769, 125.608650208, 120.510627747, 11.4547834396, 91.2791748047], [381.448944092, 74.5965042114, 326.95324707, 387.766021729, -56.9918518066, 37.2114715576, -43.1024169922, -25.1590118408, 0.61816239357, -39.5728797913, -26.0537986755, -3.66027212143, -12.0799369812], [-373.216888428, -84.0148162842, -202.249588013, -56.9918518066, 230.904174805, 13.9855642319, 7.66114854813, 21.9537181854, -9.97170257568, -18.8594436646, -14.2433567047, 8.64446353912, -26.4899349213], [377.79296875, -131.907287598, -98.4928436279, 37.2114715576, 13.9855642319, 193.626281738, 17.955581665, -0.842099308968, -34.7700805664, -14.8759918213, -15.9020338058, -42.4366607666, -20.2806129456], [-87.7776489258, 143.235549927, 99.4555664062, -43.1024169922, 7.66114854813, 17.955581665, 154.092529297, 15.956785202, -67.7369537354, 48.3023872375, 62.2898368835, -33.7655067444, 8.98841762543], [-170.175033569, -70.4993286133, -36.7786560059, -25.1590118408, 21.9537181854, -0.842099308968, 15.956785202, 102.033210754, 25.7460536957, 14.701748848, 12.6792459488, -12.6630744934, 14.9112758636], [-100.36479187, -72.2443771362, -76.354850769, 0.61816239357, -9.97170257568, -34.7700805664, -67.7369537354, 25.7460536957, 176.801055908, -1.08544278145, -61.0581703186, 52.4138641357, -5.50693845749], [-282.956207275, 59.1387023926, 125.608650208, -39.5728797913, -18.8594436646, -14.8759918213, 48.3023872375, 14.701748848, -1.08544278145, 91.3599853516, 53.3980560303, -13.4486551285, 20.6528587341], [61.6458206177, 157.663116455, 120.510627747, -26.0537986755, -14.2433567047, -15.9020338058, 62.2898368835, 12.6792459488, -61.0581703186, 53.3980560303, 119.7423172, -8.34021472931, 19.1036567688], [-228.680847168, -43.9561920166, 11.4547834396, -3.66027212143, 8.64446353912, -42.4366607666, -33.7655067444, -12.6630744934, 52.4138641357, -13.4486551285, -8.34021472931, 99.8543243408, 11.8702173233], [-55.2939682007, 77.2247085571, 91.2791748047, -12.0799369812, -26.4899349213, -20.2806129456, 8.98841762543, 14.9112758636, -5.50693845749, 20.6528587341, 19.1036567688, 11.8702173233, 75.2478027344]],
        "icov": [[0.000930840556975, -0.00260729040019, 0.0025264469441, -0.00188509305008, 0.0026511834003, -0.00221463129856, 0.00149051693734, -0.00116009928752, 0.00139061931986, -0.000512426486239, 0.000110980698082, -0.00106916890945, 0.0007636413211], [-0.00260729040019, 0.0100832981989, -0.00833459757268, 0.00565365329385, -0.00831909570843, 0.00766494311392, -0.0063886558637, 0.00703950133175, -0.00731601379812, 0.00595949171111, -0.00483167963102, 0.00715255923569, -0.00481358775869], [0.0025264469441, -0.00833459757268, 0.00848968792707, -0.00638172356412, 0.00807746406645, -0.00609617307782, 0.00453428039327, -0.00466472515836, 0.00583493662998, -0.00489802192897, 0.00239351484925, -0.0052787377499, 0.00266686454415], [-0.00188509305008, 0.00565365329385, -0.00638172356412, 0.007937470451, -0.0051725609228, 0.00353567139246, -0.0022171123419, 0.00295541714877, -0.00377968908288, 0.0042110811919, -0.00103094079532, 0.00336135644466, -0.00106155930553], [0.0026511834003, -0.00831909570843, 0.00807746406645, -0.0051725609228, 0.0132984239608, -0.00679491553456, 0.00442818785086, -0.00643744086847, 0.00671026809141, -0.00315256486647, 0.00296835042536, -0.00636520981789, 0.00506082130596], [-0.00221463129856, 0.00766494311392, -0.00609617307782, 0.00353567139246, -0.00679491553456, 0.012530808337, -0.00575508363545, 0.00462477095425, -0.00399434613064, 0.00330215017311, -0.00132605060935, 0.00643113069236, -0.00265141204], [0.00149051693734, -0.0063886558637, 0.00453428039327, -0.0022171123419, 0.00442818785086, -0.00575508363545, 0.0148695930839, -0.00639997376129, 0.00792306475341, -0.00787731073797, 0.00189325190149, -0.00417565088719, 0.00421531032771], [-0.00116009928752, 0.00703950133175, -0.00466472515836, 0.00295541714877, -0.00643744086847, 0.00462477095425, -0.00639997376129, 0.0197604354471, -0.0114868823439, 0.0082694562152, -0.00964021869004, 0.0113058127463, -0.00856135040522], [0.00139061931986, -0.00731601379812, 0.00583493662998, -0.00377968908288, 0.00671026809141, -0.00399434613064, 0.00792306475341, -0.0114868823439, 0.0189018324018, -0.0132276499644, 0.0130287501961, -0.0133798038587, 0.00727759115398], [-0.000512426486239, 0.00595949171111, -0.00489802192897, 0.0042110811919, -0.00315256486647, 0.00330215017311, -0.00787731073797, 0.0082694562152, -0.0132276499644, 0.0298292096704, -0.0163656063378, 0.0127488840371, -0.00780399795622], [0.000110980698082, -0.00483167963102, 0.00239351484925, -0.00103094079532, 0.00296835042536, -0.00132605060935, 0.00189325190149, -0.00964021869004, 0.0130287501961, -0.0163656063378, 0.0245466120541, -0.0112138064578, 0.00532539281994], [-0.00106916890945, 0.00715255923569, -0.0052787377499, 0.00336135644466, -0.00636520981789, 0.00643113069236, -0.00417565088719, 0.0113058127463, -0.0133798038587, 0.0127488840371, -0.0112138064578, 0.0235973075032, -0.00878604501486], [0.0007636413211, -0.00481358775869, 0.00266686454415, -0.00106155930553, 0.00506082130596, -0.00265141204, 0.00421531032771, -0.00856135040522, 0.00727759115398, -0.00780399795622, 0.00532539281994, -0.00878604501486, 0.0203536842018]]
    },
    "melbands": {
        "max": [0.00176178617403, 0.00301327928901, 0.00536934100091, 0.00760198244825, 0.00488238828257, 0.0102087827399, 0.00841733813286, 0.0133151523769, 0.00327727082185, 0.00417939666659, 0.0046134898439, 0.0030572116375, 0.00915858801454, 0.00112452241592, 0.00152406271081, 0.00220641680062, 0.00102794030681, 0.000595825258642, 0.000552139419597, 0.000409800879424, 0.000655166862998, 0.000295024045045, 0.000244603987085, 0.000184367629117, 0.000142274060636, 0.000332104245899, 0.000108289044874, 7.74165600887e-05, 5.23340822838e-05, 3.54682197212e-05, 2.1868996555e-05, 3.10990944854e-05, 3.33121315634e-05, 4.19574316766e-05, 0.000182218544069, 0.000263952009846, 1.36148482852e-05, 4.88587329528e-06, 4.57274808241e-07, 2.09840919752e-07],
        "mean": [0.000260242290096, 0.00043324692524, 0.000753134547267, 0.000565530615859, 0.00056352239335, 0.00107761251274, 0.000472829386126, 0.00040815921966, 0.00031389988726, 0.000640854181256, 0.000274800433544, 0.0003375588567, 0.000866039830726, 0.000102171892649, 0.000113331756438, 0.00012297151261, 9.6333125839e-05, 6.30234644632e-05, 4.53637221653e-05, 3.71774658561e-05, 2.78157385765e-05, 1.94496333279e-05, 1.3637893062e-05, 1.01223586171e-05, 1.25549577206e-05, 1.550280831e-05, 6.83546068103e-06, 5.50430604562e-06, 5.48442949366e-06, 2.87065904558e-06, 1.83099939477e-06, 1.45630849602e-06, 1.41352722949e-06, 1.60719605447e-06, 1.42665533076e-06, 9.06901505004e-07, 2.92619176889e-07, 1.10131956887e-07, 2.380265407e-08, 2.9821101144e-09],
        "min": [3.47222649459e-24, 1.58843049862e-24, 2.51805761732e-24, 1.66340926247e-24, 5.55167725139e-24, 1.31357331405e-23, 4.3517077963e-24, 2.72263547966e-24, 5.55702493947e-24, 7.94408569537e-24, 3.94955439543e-24, 4.296081664e-24, 3.24791113518e-24, 4.32068031918e-24, 4.88461292006e-24, 3.95204206829e-24, 5.14657548289e-24, 9.17149567705e-24, 6.4435499802e-24, 3.10084419105e-24, 6.67548849697e-24, 8.77059498729e-24, 6.45666558161e-24, 6.3799997401e-24, 7.68023775498e-24, 6.38749115769e-24, 8.54357659599e-24, 9.52357455424e-24, 7.79866549838e-24, 7.13957142321e-24, 9.82156597233e-24, 9.35787747654e-24, 8.16053256168e-24, 7.16624517699e-24, 1.01202153004e-23, 7.91118388473e-24, 6.3005271315e-24, 8.67566504368e-24, 7.74985709645e-24, 7.32723591053e-24],
        "stdev": [0.000272032164503, 0.000503440038301, 0.000850383541547, 0.000851992110256, 0.000713338842615, 0.00133157940581, 0.000764175201766, 0.000838431762531, 0.000328808062477, 0.000608420465142, 0.000471784442198, 0.000435021996964, 0.00112652720418, 0.000155088375323, 0.000175506895175, 0.000206393408007, 0.000144120087498, 9.58144737524e-05, 7.30417959858e-05, 5.68363939237e-05, 6.26114051556e-05, 3.32881354552e-05, 2.47901807597e-05, 1.72390391526e-05, 1.70552593772e-05, 2.63858000835e-05, 9.43799386732e-06, 7.51461811888e-06, 7.53982385504e-06, 3.58443503501e-06, 2.44049806497e-06, 2.59254761659e-06, 2.69378256235e-06, 3.59063687938e-06, 6.41415408609e-06, 8.49088883115e-06, 6.41867870854e-07, 2.53749846024e-07, 3.92155499185e-08, 8.89578632979e-09]
    },
    "melbands128": {
        "max": [0.0010419775499, 0.00249148276635, 0.00279337936081, 0.00352035486139, 0.00361509108916, 0.00403507379815, 0.00522309681401, 0.00841644592583, 0.00623249774799, 0.00530281756073, 0.0170898549259, 0.0108143966645, 0.00316377589479, 0.0130090527236, 0.0117981592193, 0.0154184345156, 0.0121832257137, 0.0137021914124, 0.0126891219988, 0.0159401781857, 0.0187575127929, 0.00335349608213, 0.00490402895957, 0.00732732005417, 0.00921038165689, 0.00325123756193, 0.0134092541412, 0.00649885367602, 0.00653782300651, 0.00418402161449, 0.00623903656378, 0.00870448723435, 0.0187773816288, 0.00814857333899, 0.00180573423859, 0.00133292668033, 0.00145383458585, 0.000951934373006, 0.00296435016207, 0.00654888013378, 0.00286320387386, 0.00231978390366, 0.00197961810045, 0.00222483975813, 0.0013545055408, 0.000836813414935, 0.000606743502431, 0.000709399406333, 0.000860552594531, 0.000974670285359, 0.000662696314976, 0.000494402251206, 0.000919028185308, 0.0009542129701, 0.000387448555557, 0.000344642001437, 0.000381968275178, 0.000407113635447, 0.000318031554343, 0.000340443715686, 0.000200401074835, 0.000360255420674, 0.000188455989701, 0.000244402501266, 0.00030578035512, 0.000304738350678, 0.000880070962012, 8.76854464877e-05, 7.89253390394e-05, 7.492727309e-05, 0.000105726598122, 0.000157469388796, 0.000105489139969, 8.37161496747e-05, 0.000106502229755, 4.8137120757e-05, 2.07872908504e-05, 2.05521519092e-05, 4.02870864491e-05, 4.06198305427e-05, 3.3038915717e-05, 4.26501246693e-05, 5.87163340242e-05, 3.83493352274e-05, 4.30047184636e-05, 5.74884943489e-05, 8.97210193216e-05, 6.05559871474e-05, 7.22225668142e-05, 0.000343405001331, 0.000536418752745, 0.000136581482366, 2.42445694312e-05, 8.72038344824e-06, 9.72710586211e-06, 6.79785352986e-06, 4.60914225187e-06, 1.07833386664e-06, 5.92127321397e-07, 3.71531626797e-07, 7.29862847493e-07, 1.09302995099e-07, 1.87040765098e-08, 2.69427546939e-09, 2.45303599655e-09, 2.29735319657e-09, 2.24088814171e-09, 2.1068407019e-09, 1.9972852261e-09, 1.90826732194e-09, 1.82011317129e-09, 1.74553849153e-09, 1.68087432861e-09, 1.61738111792e-09, 1.56458057621e-09, 1.50662804455e-09, 1.46048284577e-09, 1.41287159749e-09, 1.37666267275e-09, 1.33327449081e-09, 1.2977945385e-09, 1.27246302384e-09, 1.25132904039e-09, 1.22717658257e-09, 1.20777143842e-09, 1.19058496395e-09, 1.18165077723e-09, 1.17519483034e-09],
        "mean": [4.44730103482e-05, 0.000152529217303, 0.000360330071999, 0.000449543877039, 0.000378496595658, 0.000425737322075, 0.000685503997374, 0.00109338329639, 0.000533688056748, 0.000367072963854, 0.000771576014813, 0.00049888738431, 0.000228044009418, 0.00102608185261, 0.0012016268447, 0.00122398196254, 0.000573211465962, 0.000243292946834, 0.000401825323934, 0.000678397947922, 0.000259010557784, 6.16671459284e-05, 0.000104211801954, 0.000770600920077, 0.00110570108518, 0.000292828452075, 0.00040232075844, 0.000286329071969, 0.000174812696059, 0.000166257392266, 0.000261634617345, 0.000893956865184, 0.00144806783646, 0.000352330360329, 8.58567291289e-05, 6.65538173052e-05, 6.32277442492e-05, 6.46646440146e-05, 0.000193596250028, 0.00018305980484, 7.12316686986e-05, 0.000100445708085, 0.00010003882926, 9.25233907765e-05, 8.93732649274e-05, 5.22301561432e-05, 4.07956504205e-05, 4.15134018112e-05, 4.58267641079e-05, 5.97297039349e-05, 2.94077290164e-05, 2.52404934145e-05, 3.00704796246e-05, 2.91648702841e-05, 2.01552411454e-05, 2.07200992008e-05, 1.57360500452e-05, 1.64144548762e-05, 1.26766308313e-05, 9.09001391847e-06, 9.90428816294e-06, 1.15490038297e-05, 7.81728886068e-06, 1.25472333821e-05, 2.13397215703e-05, 1.39751900861e-05, 1.57643844432e-05, 8.37561765366e-06, 3.97290932597e-06, 5.13121403856e-06, 5.97862344875e-06, 4.688383342e-06, 7.13092686055e-06, 4.96441816722e-06, 5.02848070028e-06, 3.04032619169e-06, 1.97043686967e-06, 1.75650006895e-06, 1.91745516531e-06, 1.85513829365e-06, 1.29781142277e-06, 1.41129885378e-06, 1.46039144511e-06, 1.22705819194e-06, 1.40749148159e-06, 2.1516320885e-06, 1.48041863213e-06, 1.09978873297e-06, 1.44043315231e-06, 1.71137889993e-06, 1.18550747175e-06, 6.61094873067e-07, 4.25944648441e-07, 3.04950106056e-07, 1.99662395062e-07, 1.40665946446e-07, 1.03791833794e-07, 4.38995932939e-08, 2.48803004865e-08, 1.12337845692e-08, 4.91876672726e-09, 1.57050206173e-09, 4.01306210485e-10, 3.63802460379e-11, 2.03235900331e-11, 3.70947716988e-11, 3.45115359901e-11, 2.06429318084e-11, 1.24406370622e-11, 1.08677797664e-11, 1.06241257111e-11, 1.08643077174e-11, 1.02427753779e-11, 9.6380585804e-12, 9.20922713088e-12, 8.97967464275e-12, 8.42940734574e-12, 8.39237360162e-12, 8.29624476756e-12, 7.81894080731e-12, 7.7907749696e-12, 7.59150381446e-12, 7.06442977033e-12, 5.9545150928e-12, 5.80988339036e-12, 5.67510578461e-12, 5.59310063541e-12, 5.55763638235e-12],
        "min": [1.1691988508e-24, 4.34143485516e-24, 4.40859097846e-24, 1.95860002713e-24, 1.16221516381e-24, 1.48253844526e-24, 1.32605920724e-24, 2.78714497462e-24, 7.72853586251e-25, 6.9151369458e-25, 9.10705994059e-25, 3.25005742849e-24, 5.95141239916e-24, 7.83532623123e-24, 3.87002814428e-24, 1.70437753085e-23, 4.76171982951e-24, 2.30856850419e-24, 1.26509731839e-24, 4.25011592234e-24, 2.12181850387e-24, 1.45544413001e-24, 8.55038998763e-24, 2.91633317519e-24, 7.80115672112e-24, 8.38745076765e-24, 4.48950128606e-24, 2.42765238264e-24, 2.51922237044e-24, 3.57858703272e-24, 6.67047528592e-24, 1.93061991968e-24, 3.25523432818e-24, 3.61599402799e-24, 1.52341041345e-24, 3.42078960813e-24, 3.87294692963e-24, 3.45692022645e-24, 4.86642415417e-24, 2.59043540815e-24, 4.4794003166e-24, 4.37343578664e-24, 3.33638977431e-24, 5.64274019885e-24, 7.94755037247e-24, 9.7994755004e-24, 7.28654883162e-24, 5.60948616182e-24, 5.98427910548e-24, 2.33963798815e-24, 2.77215129261e-24, 2.31364581019e-24, 3.74562990713e-24, 1.04649498826e-23, 6.86447195973e-24, 5.43997533607e-24, 4.73025690117e-24, 3.01349579238e-24, 7.52804676484e-24, 7.66697936975e-24, 4.76387184206e-24, 5.96420259545e-24, 4.50688935813e-24, 6.71657000633e-24, 7.25095621644e-24, 6.25705340144e-24, 4.12468624955e-24, 6.82894324228e-24, 7.23592683847e-24, 1.19696365838e-23, 1.03729844782e-23, 5.35508246419e-24, 7.63620590584e-24, 3.98900375158e-24, 4.82985414033e-24, 7.09355480002e-24, 5.7999542608e-24, 6.41966800515e-24, 8.24180258986e-24, 1.07346456488e-23, 4.60268862646e-24, 9.40920944451e-24, 8.98211778384e-24, 7.48378299059e-24, 5.70676769979e-24, 5.57524841524e-24, 5.69085913634e-24, 8.31097543606e-24, 9.60930559084e-24, 8.71430108423e-24, 7.02783953117e-24, 8.07910712791e-24, 4.96156551251e-24, 4.29007606593e-24, 6.74971636385e-24, 5.54677014213e-24, 8.58663499078e-24, 8.25129258655e-24, 8.57968275962e-24, 6.20867413985e-24, 4.66117832385e-24, 7.58266433848e-24, 5.33533412029e-24, 8.89549375669e-24, 7.1884531892e-24, 6.80435681445e-24, 7.0057096162e-24, 8.39608248368e-24, 8.90569451706e-24, 6.27864018568e-24, 5.95945917482e-24, 8.65974661947e-24, 4.82564320081e-24, 7.81634939329e-24, 7.0706328687e-24, 5.26228441717e-24, 7.45750840042e-24, 7.38137701218e-24, 9.13186330517e-24, 7.20815183486e-24, 1.01222971043e-23, 6.63097149837e-24, 9.2053393876e-24, 9.38597196882e-24, 7.83400094491e-24, 6.40879592416e-24, 9.03770013436e-24, 1.02507126157e-23],
        "stdev": [8.96966957953e-05, 0.000224132469157, 0.000403979764087, 0.000524650677107, 0.00052369578043, 0.000592646247242, 0.000855031888932, 0.00127946282737, 0.000726531958207, 0.000601996027399, 0.00175998266786, 0.00110093515832, 0.00035459807259, 0.00168922625016, 0.00173097173683, 0.00199807295576, 0.00100174138788, 0.000965727376752, 0.00101131468546, 0.00142979936209, 0.000780105008744, 0.000166252400959, 0.000270765711321, 0.000914333446417, 0.00129265524447, 0.000396730116336, 0.00109130388591, 0.000526067276951, 0.000479437672766, 0.000421470904257, 0.000642513448838, 0.00123458867893, 0.0022042223718, 0.000746555975638, 0.000169615028426, 0.000131902881549, 0.000124684243929, 0.000127018152853, 0.000364759936929, 0.000508841709234, 0.000189896891243, 0.0002153449459, 0.000192455147044, 0.000206557466299, 0.000151460815687, 0.000101385558082, 8.49824573379e-05, 8.44871901791e-05, 8.68028291734e-05, 8.77984639374e-05, 6.08609661867e-05, 5.63417852391e-05, 7.51570987632e-05, 7.75675289333e-05, 4.28854327765e-05, 4.00514290959e-05, 3.19530408888e-05, 3.03020788124e-05, 2.97844053421e-05, 2.12374070543e-05, 1.84509062819e-05, 2.37900003413e-05, 1.60019044415e-05, 2.23320730584e-05, 3.86314313801e-05, 3.0545728805e-05, 5.32860867679e-05, 1.31954766402e-05, 6.4843693508e-06, 7.39166944186e-06, 1.02800813693e-05, 8.93333253771e-06, 1.31775323098e-05, 8.3820468717e-06, 9.37204276852e-06, 5.09104484081e-06, 2.41041811933e-06, 2.31904118664e-06, 3.119431085e-06, 3.45167109117e-06, 2.44105831371e-06, 3.0093362966e-06, 3.88256739825e-06, 2.47450793722e-06, 3.0230773973e-06, 5.48409434487e-06, 4.59858165414e-06, 3.27215957441e-06, 3.94400103687e-06, 1.18841326184e-05, 1.71250467247e-05, 4.48520859209e-06, 1.04134483081e-06, 5.9708071376e-07, 5.03520936945e-07, 4.11835486602e-07, 2.74080747431e-07, 7.64834382494e-08, 4.74035992681e-08, 2.40314239619e-08, 2.52839775783e-08, 5.66029045856e-09, 1.2900148727e-09, 1.5953910415e-10, 1.23674057106e-10, 1.43894229865e-10, 1.31117547375e-10, 1.09924597202e-10, 8.5303139552e-11, 7.34427380022e-11, 7.2715028443e-11, 7.90498083658e-11, 7.27457261096e-11, 6.67363941886e-11, 6.30881874519e-11, 6.18661857854e-11, 5.63394608744e-11, 5.74655184549e-11, 5.77787297174e-11, 5.25143400987e-11, 5.37527383715e-11, 5.20017882921e-11, 4.64585245274e-11, 3.95075604176e-11, 3.88853983735e-11, 3.83364520684e-11, 3.80484428686e-11, 3.78407652435e-11]
    },
    "mfcc": {
        "mean": [-654.122131348, 156.19392395, -25.4635734558, 21.5655479431, -37.589225769, 11.4968824387, -10.9826345444, 10.2478551865, -17.543466568, 12.8807458878, -14.6900873184, 2.82737421989, -7.53373861313],
        "cov": [[5292.09277344, -311.628204346, -988.669921875, -239.271713257, 95.879196167, 307.426574707, 12.244977951, 238.543106079, -22.488155365, 78.554397583, -79.0892410278, -122.159210205, -54.6592292786], [-311.628204346, 1182.17529297, 673.425415039, 247.157470703, -100.548736572, -69.7066955566, 170.399078369, -125.256881714, -72.3804473877, 50.6179885864, -40.4417114258, 78.6251220703, 61.4416732788], [-988.669921875, 673.425415039, 1720.7154541, 492.561309814, -66.1434936523, 11.8475294113, 121.360321045, -156.933639526, -71.2158813477, 36.200088501, -14.6976079941, 46.9165344238, 79.6366271973], [-239.271713257, 247.157470703, 492.561309814, 374.107055664, 16.7009086609, 5.09529018402, 18.7992210388, -15.9926271439, -50.2616462708, -9.61616516113, -3.5885386467, 33.0370788574, -3.164031744], [95.879196167, -100.548736572, -66.1434936523, 16.7009086609, 172.129119873, 12.5832138062, -38.1930351257, 38.4195861816, 36.5443077087, -37.3434104919, -14.549077034, -7.95301485062, 13.8744926453], [307.426574707, -69.7066955566, 11.8475294113, 5.09529018402, 12.5832138062, 158.923965454, 1.58583807945, 37.360786438, -7.50187683105, -8.07887935638, 1.88843238354, -30.36485672, -13.6735858917], [12.244977951, 170.399078369, 121.360321045, 18.7992210388, -38.1930351257, 1.58583807945, 351.355255127, -87.9941635132, -71.2056808472, 66.2389221191, 3.20596837997, 21.0397644043, -72.1148376465], [238.543106079, -125.256881714, -156.933639526, -15.9926271439, 38.4195861816, 37.360786438, -87.9941635132, 134.155578613, 22.6713275909, -21.1200790405, -0.884918928146, -14.4592466354, 24.26653862], [-22.488155365, -72.3804473877, -71.2158813477, -50.2616462708, 36.5443077087, -7.50187683105, -71.2056808472, 22.6713275909, 111.135673523, -6.53275918961, 3.54126882553, -12.1483392715, 11.0760173798], [78.554397583, 50.6179885864, 36.200088501, -9.61616516113, -37.3434104919, -8.07887935638, 66.2389221191, -21.1200790405, -6.53275918961, 134.80279541, 2.46523523331, 11.8619403839, -15.0944643021], [-79.0892410278, -40.4417114258, -14.6976079941, -3.5885386467, -14.549077034, 1.88843238354, 3.20596837997, -0.884918928146, 3.54126882553, 2.46523523331, 67.0895690918, 7.83141565323, -6.24594545364], [-122.159210205, 78.6251220703, 46.9165344238, 33.0370788574, -7.95301485062, -30.36485672, 21.0397644043, -14.4592466354, -12.1483392715, 11.8619403839, 7.83141565323, 82.0696716309, -1.24825704098], [-54.6592292786, 61.4416732788, 79.6366271973, -3.164031744, 13.8744926453, -13.6735858917, -72.1148376465, 24.26653862, 11.0760173798, -15.0944643021, -6.24594545364, -1.24825704098, 119.214447021]],
        "icov": [[0.000270639662631, -6.18185003987e-05, 0.000172762564034, -1.37810820888e-05, -9.13083567866e-05, -0.000472348241601, -4.7577334044e-05, -0.000253415637417, 0.000134307178087, -0.000267861323664, 0.000291754957289, 0.000183396128705, -9.7605134215e-06], [-6.18185003987e-05, 0.00145203236025, -0.000225535826758, -0.000647892069537, 0.000759598100558, 0.000337539706379, -0.000609052600339, 0.000584174646065, -0.000241723915678, 4.23848214268e-05, 0.000909181544557, -0.000781401875429, -0.00111298717093], [0.000172762564034, -0.000225535826758, 0.00145708885975, -0.00169366470072, 0.000389540073229, -0.000922431237996, -0.000272106641205, 0.00124694441911, -0.000429867621278, -0.000348682806361, 0.000315025332384, 0.000243697635597, -0.00137756601907], [-1.37810820888e-05, -0.000647892069537, -0.00169366470072, 0.00568381743506, -0.00170622928999, 0.000422578217695, 0.000939567806199, -0.00178981176578, 0.00230933260173, 0.000414915324654, -0.000716608657967, -0.000895315955859, 0.00258062360808], [-9.13083567866e-05, 0.000759598100558, 0.000389540073229, -0.00170622928999, 0.00786991883069, -0.000223301147344, -0.000962382764556, -0.000682151061483, -0.0029946314171, 0.00176631065551, 0.0021064018365, -0.000515560852364, -0.00151686405297], [-0.000472348241601, 0.000337539706379, -0.000922431237996, 0.000422578217695, -0.000223301147344, 0.00868309102952, -0.000301241816487, -0.00250685145147, 0.000872075092047, 0.000672740046866, -0.00103969417978, 0.00231213611551, 0.00156073994003], [-4.7577334044e-05, -0.000609052600339, -0.000272106641205, 0.000939567806199, -0.000962382764556, -0.000301241816487, 0.00489871762693, 0.0016850871034, 0.00257446570322, -0.00157557602506, -0.000650399189908, -0.00016141073138, 0.00272210733965], [-0.000253415637417, 0.000584174646065, 0.00124694441911, -0.00178981176578, -0.000682151061483, -0.00250685145147, 0.0016850871034, 0.0123074576259, -0.00081022590166, -0.000111730580102, 4.88530204166e-05, -0.000339494523359, -0.00293163699098], [0.000134307178087, -0.000241723915678, -0.000429867621278, 0.00230933260173, -0.0029946314171, 0.000872075092047, 0.00257446570322, -0.00081022590166, 0.0124612795189, -0.00119884044398, -0.0013891288545, 0.00114803970791, 0.00133511016611], [-0.000267861323664, 4.23848214268e-05, -0.000348682806361, 0.000414915324654, 0.00176631065551, 0.000672740046866, -0.00157557602506, -0.000111730580102, -0.00119884044398, 0.00903707649559, -2.28262342716e-05, -0.00107983674388, 0.000283641507849], [0.000291754957289, 0.000909181544557, 0.000315025332384, -0.000716608657967, 0.0021064018365, -0.00103969417978, -0.000650399189908, 4.88530204166e-05, -0.0013891288545, -2.28262342716e-05, 0.0166353620589, -0.00212873914279, -0.000356602540705], [0.000183396128705, -0.000781401875429, 0.000243697635597, -0.000895315955859, -0.000515560852364, 0.00231213611551, -0.00016141073138, -0.000339494523359, 0.00114803970791, -0.00107983674388, -0.00212873914279, 0.0147496964782, 0.00039644195931], [-9.7605134215e-06, -0.00111298717093, -0.00137756601907, 0.00258062360808, -0.00151686405297, 0.00156073994003, 0.00272210733965, -0.00293163699098, 0.00133511016611, 0.000283641507849, -0.000356602540705, 0.00039644195931, 0.0124423932284]]
    },
    "spectral_contrast_coeffs": {
        "max": [-0.387117356062, -0.455959439278, -0.436066657305, -0.539323925972, -0.562067389488, -0.461023539305],
        "mean": [-0.696674406528, -0.686781167984, -0.682617306709, -0.744222640991, -0.750863075256, -0.635852813721],
        "min": [-0.965760350227, -0.97068810463, -0.965573966503, -0.963750302792, -0.964079976082, -0.961489915848],
        "stdev": [0.0677634328604, 0.0904168859124, 0.0964528247714, 0.0731377974153, 0.0630942732096, 0.0499657653272]
    },
    "spectral_contrast_valleys": {
        "max": [-5.31480121613, -4.97018671036, -5.17758989334, -5.37108850479, -6.31940937042, -9.44604492188],
        "mean": [-7.01500225067, -6.54231119156, -7.32202243805, -7.9574432373, -8.08674716949, -12.3573932648],
        "min": [-27.4259300232, -27.7093296051, -27.8260269165, -27.2682952881, -27.2067375183, -27.3145866394],
        "stdev": [1.56906986237, 1.41736471653, 1.63238537312, 1.74881660938, 1.55132460594, 1.30036091805]
    }
},
"rhythm": {
    "beats_count": 36,
    "beats_loudness": {
        "max": 0.0673794522882,
        "mean": 0.0320131927729,
        "min": 0.00668614637107,
        "stdev": 0.0155395278707
    },
    "bpm": 97.2050323486,
    "bpm_histogram_first_peak_bpm": 98,
    "bpm_histogram_first_peak_weight": 0.4375,
    "bpm_histogram_second_peak_bpm": 103,
    "bpm_histogram_second_peak_spread": 0.33333337307,
    "bpm_histogram_second_peak_weight": 0.171428576112,
    "danceability": 0.862290024757,
    "onset_rate": 1.65807855129,
    "beats_loudness_band_ratio": {
        "max": [0.430481314659, 0.945421516895, 0.674746692181, 0.596817910671, 0.350995123386, 0.153636366129],
        "mean": [0.126649200916, 0.241680383682, 0.303892433643, 0.261428415775, 0.077474758029, 0.0290479790419],
        "min": [0.000993193709292, 0.00752338813618, 0.0220831669867, 0.00398348364979, 0.00250528706238, 0.00211771368049],
        "stdev": [0.109108053148, 0.218209519982, 0.155976459384, 0.167869478464, 0.104625448585, 0.0318316631019]
    },
    "beats_position": [0.592108845711, 1.20743763447, 1.82276642323, 2.43809509277, 3.05342388153, 3.66875267029, 4.29569149017, 4.93424034119, 5.5727891922, 6.2229475975, 6.87310647964, 7.52326536179, 8.17342376709, 8.84680271149, 9.52018165588, 10.1819496155, 10.7624483109, 11.3313379288, 11.9118366241, 12.4923353195, 13.0728340149, 13.722992897, 14.3847618103, 15.0117006302, 15.6270294189, 16.242357254, 16.8344669342, 17.4497947693, 18.0419044495, 18.6688423157, 19.2841720581, 19.853061676, 20.4103393555, 20.9908390045, 21.5597267151, 22.1402263641],
