{
"metadata": {
    "version": {
        "essentia": "2.1-beta5",
        "essentia_git_sha": "Undefined",
        "extractor": "music 2.0"
    },
    "audio_properties": {
        "analysis": {
            "equal_loudness": 0,
            "length": 12.7477550507,
            "sample_rate": 44100,
            "start_time": 0,
            "downmix": "mix"
        },
        "bit_rate": 192000,
        "length": 187.292160034,
        "lossless": 0,
        "number_channels": 2,
        "replay_gain": -10.3641052246,
        "sample_rate": 48000,
        "codec": "mp3",
        "md5_encoded": "cbb44fe8f59471df47f8d8ef801faacf"
    },
    "tags": {
        "file_name": "Austria_One Step_Bettina Soriat.mp3",
        "encoding": ["Lavf58.29.100"]
    }
},
"lowlevel": {
    "average_loudness": 0.285565972328,
    "barkbands_crest": {
        "max": 25.1318702698,
        "mean": 11.1378087997,
        "min": 2.73683905602,
        "stdev": 5.72954797745
    },
    "barkbands_flatness_db": {
        "max": 0.389935880899,
        "mean": 0.218788921833,
        "min": 0.0486034601927,
        "stdev": 0.0542853139341
    },
    "barkbands_kurtosis": {
        "max": 97.5961227417,
        "mean": 8.2522277832,
        "min": -1.51817643642,
        "stdev": 15.0834970474
    },
    "barkbands_skewness": {
        "max": 8.53321456909,
        "mean": 1.39385592937,
        "min": -1.65891635418,
        "stdev": 1.81081140041
    },
    "barkbands_spread": {
        "max": 40.918510437,
        "mean": 10.15031147,
        "min": 0.925011098385,
        "stdev": 6.92826986313
    },
    "dissonance": {
        "max": 0.500000178814,
        "mean": 0.475661218166,
        "min": 0.35233065486,
        "stdev": 0.0256266351789
    },
    "dynamic_complexity": 5.49436759949,
    "erbbands_crest": {
        "max": 29.8044128418,
        "mean": 10.6009187698,
        "min": 2.86198496819,
        "stdev": 5.84569835663
    },
    "erbbands_flatness_db": {
        "max": 0.434845358133,
        "mean": 0.274254351854,
        "min": 0.104602120817,
        "stdev": 0.0592659413815
    },
    "erbbands_kurtosis": {
        "max": 49.6443328857,
        "mean": 2.73560929298,
        "min": -1.60996866226,
        "stdev": 6.56376504898
    },
    "erbbands_skewness": {
        "max": 6.40539932251,
        "mean": 0.81426012516,
        "min": -1.36196327209,
        "stdev": 1.30673241615
    },
    "erbbands_spread": {
        "max": 104.276473999,
        "mean": 21.3768367767,
        "min": 2.86026978493,
        "stdev": 17.8703975677
    },
    "hfc": {
        "max": 54.4474945068,
        "mean": 8.36243343353,
        "min": 1.98772540898e-05,
        "stdev": 8.75808620453
    },
    "loudness_ebu128": {
        "integrated": -15.8697891235,
        "loudness_range": 11.3890686035,
        "momentary": {
            "max": -10.04570961,
            "mean": -18.584394455,
            "min": -28.2143287659,
            "stdev": 4.84747982025
        },
        "short_term": {
            "max": -11.970826149,
            "mean": -17.8749694824,
            "min": -24.8853321075,
            "stdev": 4.07468986511
        }
    },
    "melbands_crest": {
        "max": 32.6848716736,
        "mean": 13.1664590836,
        "min": 3.4589471817,
        "stdev": 7.07633304596
    },
    "melbands_flatness_db": {
        "max": 0.528673887253,
        "mean": 0.216095939279,
        "min": 0.0440515093505,
        "stdev": 0.0818325653672
    },
    "melbands_kurtosis": {
        "max": 185.450714111,
        "mean": 16.456653595,
        "min": -1.50044298172,
        "stdev": 28.6983642578
    },
    "melbands_skewness": {
        "max": 10.213924408,
        "mean": 1.94505345821,
        "min": -1.22675764561,
        "stdev": 2.24068188667
    },
    "melbands_spread": {
        "max": 68.5656661987,
        "mean": 16.1349601746,
        "min": 0.778682351112,
        "stdev": 11.4208164215
    },
    "pitch_salience": {
        "max": 0.86755913496,
        "mean": 0.62111479044,
        "min": 0.226339250803,
        "stdev": 0.165214136243
    },
    "silence_rate_20dB": {
        "max": 1,
        "mean": 1,
        "min": 1,
        "stdev": 0
    },
    "silence_rate_30dB": {
        "max": 1,
        "mean": 1,
        "min": 1,
        "stdev": 0
    },
    "silence_rate_60dB": {
        "max": 1,
        "mean": 0.365454554558,
        "min": 0,
        "stdev": 0.481558710337
    },
    "spectral_centroid": {
        "max": 2938.87915039,
        "mean": 1382.14685059,
        "min": 226.521789551,
        "stdev": 597.893981934
    },
    "spectral_complexity": {
        "max": 46,
        "mean": 11.9836359024,
        "min": 0,
        "stdev": 7.21675729752
    },
    "spectral_decrease": {
        "max": -1.48812793871e-15,
        "mean": -3.52407414361e-09,
        "min": -3.54941001035e-08,
        "stdev": 5.2231903247e-09
    },
    "spectral_energy": {
        "max": 0.13671259582,
        "mean": 0.0140591720119,
        "min": 7.41946548644e-09,
        "stdev": 0.020343227312
    },
    "spectral_energyband_high": {
        "max": 0.00267800549045,
        "mean": 0.000150045772898,
        "min": 1.81144876876e-09,
        "stdev": 0.000353409384843
    },
    "spectral_energyband_low": {
        "max": 0.0904193893075,
        "mean": 0.00281741865911,
        "min": 2.52248111288e-10,
        "stdev": 0.00828677788377
    },
    "spectral_energyband_middle_high": {
        "max": 0.0345790609717,
        "mean": 0.0032413888257,
        "min": 3.99748056878e-09,
        "stdev": 0.00476845819503
    },
    "spectral_energyband_middle_low": {
        "max": 0.100728943944,
        "mean": 0.00807118229568,
        "min": 1.41736788972e-09,
        "stdev": 0.0172118544579
    },
    "spectral_entropy": {
        "max": 8.2041759491,
        "mean": 7.41364145279,
        "min": 5.77591943741,
        "stdev": 0.455937296152
    },
    "spectral_flux": {
        "max": 0.279079824686,
        "mean": 0.052744563669,
        "min": 8.61363223521e-05,
        "stdev": 0.0425852313638
    },
    "spectral_kurtosis": {
        "max": 25.4477024078,
        "mean": 5.16299724579,
        "min": -0.533314704895,
        "stdev": 3.77914619446
    },
    "spectral_rms": {
        "max": 0.0115489456803,
        "mean": 0.00300448969938,
        "min": 2.69044653578e-06,
        "stdev": 0.00216547842138
    },
    "spectral_rolloff": {
        "max": 5297.16796875,
        "mean": 1464.57128906,
        "min": 86.1328125,
        "stdev": 850.664916992
    },
    "spectral_skewness": {
        "max": 3.47959518433,
        "mean": 1.46008610725,
        "min": 0.322815269232,
        "stdev": 0.469809740782
    },
    "spectral_spread": {
        "max": 12686342,
        "mean": 2721375.25,
        "min": 1462506,
        "stdev": 917197.5625
    },
    "spectral_strongpeak": {
        "max": 6.50057840347,
        "mean": 1.08670437336,
        "min": 0.000276094622677,
        "stdev": 1.19257795811
    },
    "zerocrossingrate": {
        "max": 0.14599609375,
        "mean": 0.055824752897,
        "min": 0.00439453125,
        "stdev": 0.0251700170338
    },
    "barkbands": {
        "max": [0.00177544599865, 0.0597254596651, 0.047214359045, 0.0167117193341, 0.0413627102971, 0.0836179032922, 0.00479380926117, 0.00621364358813, 0.0104678785428, 0.00416245497763, 0.0317706763744, 0.00155394349713, 0.00127267430071, 0.00143588997889, 0.00213753571734, 0.00190700078383, 0.00327697745524, 0.0013919014018, 0.00168779841624, 0.00141694687773, 0.000931646325625, 0.000938916637097, 0.000433549663285, 0.000161031959578, 3.55907513949e-06, 3.46371757587e-06, 3.68751420865e-06],
        "mean": [8.17979016574e-05, 0.00154085061513, 0.00100172485691, 0.00029404630186, 0.00204026256688, 0.00488895177841, 0.000155093002832, 0.000178178379429, 0.000453718006611, 0.000238905005972, 0.001517921919, 0.000196979002794, 0.000223409006139, 0.000239067652728, 0.000282730004983, 0.000213496328797, 0.000194348715013, 8.18483895273e-05, 6.33349700365e-05, 5.8196925238e-05, 4.51084961242e-05, 3.65521555068e-05, 2.58741347352e-05, 6.65927791488e-06, 1.0586084187e-07, 6.84012757546e-09, 7.22269755116e-09],
        "min": [1.58671632691e-12, 5.91967724839e-11, 1.56107682336e-10, 4.67605225374e-11, 4.52350448765e-11, 4.94395704931e-11, 8.06646971441e-11, 3.92010701677e-10, 7.52067963461e-10, 5.63319169089e-10, 1.91822391304e-10, 1.08893422057e-10, 3.3935984578e-10, 5.20509191304e-10, 1.11102939349e-10, 5.91302729003e-10, 4.02520849985e-10, 7.37870542444e-10, 3.73246933361e-10, 2.66034083651e-10, 5.12998310498e-10, 6.93208324076e-10, 1.63494773275e-10, 1.82519804826e-10, 2.58902742994e-11, 9.29522517984e-12, 1.14689533912e-11],
        "stdev": [0.00019357506244, 0.00422082003206, 0.00440210988745, 0.00132848648354, 0.00525735877454, 0.0128130605444, 0.000365663407138, 0.000438480114099, 0.000888983428013, 0.000355936877895, 0.00389947905205, 0.000205229269341, 0.000208470635698, 0.000255401129834, 0.000330089882482, 0.000252577563515, 0.000365192245226, 0.000125331847812, 0.000132167522679, 0.000146132035297, 9.86838276731e-05, 9.6088675491e-05, 6.19208149146e-05, 1.72385480255e-05, 3.48552930518e-07, 1.47541712181e-07, 1.5707644252e-07]
    },
    "erbbands": {
        "max": [1.54357588291, 13.6104841232, 51.8194694519, 56.6670761108, 103.696655273, 151.662521362, 551.536254883, 882.967956543, 154.69921875, 74.2572555542, 169.493560791, 231.163864136, 177.454360962, 269.36151123, 1321.37841797, 78.3469848633, 63.7428131104, 74.7564620972, 73.4256744385, 170.210098267, 72.8761291504, 180.040542603, 75.4866638184, 96.7917556763, 63.1820831299, 65.5128936768, 50.2877731323, 35.7430381775, 33.4699516296, 27.0494441986, 11.3804531097, 5.88313913345, 1.07294511795, 0.092854782939, 0.0249991975725, 0.013810669072, 0.00641202460974, 0.00228419573978, 0.000523653463461, 0.00015077261196],
        "mean": [0.0344318263233, 0.384846568108, 1.07813048363, 1.25853943825, 1.63689780235, 7.15492010117, 28.4772167206, 42.4035568237, 6.89629554749, 2.88235831261, 4.01435613632, 8.69886398315, 10.0306224823, 23.9637184143, 52.1266899109, 9.86169433594, 10.0401029587, 12.4230670929, 12.7894773483, 16.4820671082, 10.6785955429, 10.592423439, 5.02190685272, 4.16179800034, 2.47607660294, 2.87185668945, 2.07831907272, 1.74120986462, 1.26172995567, 1.11055934429, 0.675145745277, 0.267335891724, 0.0573218800128, 0.004233175423, 0.000219293258851, 5.07545737491e-05, 2.06416880246e-05, 6.6874699769e-06, 8.39326912683e-06, 1.63718723343e-05],
        "min": [7.20902393336e-10, 1.87534769935e-08, 1.48910274334e-07, 2.00641707693e-07, 6.48624691735e-08, 2.0040472748e-07, 2.02024253326e-07, 5.29881504008e-07, 1.37461745453e-06, 4.16134707848e-06, 9.08401398192e-06, 2.074718941e-05, 8.56591850606e-06, 2.23140868911e-05, 5.49985134057e-06, 5.07510549141e-06, 1.16890159916e-05, 2.7915893952e-05, 1.24661219161e-05, 6.43564089842e-06, 4.44498909928e-05, 2.24008763325e-05, 4.70599807159e-05, 2.67506802629e-05, 1.2287440768e-05, 1.11984445539e-05, 2.01336279133e-05, 2.46074196184e-05, 2.64472164417e-05, 7.05459888195e-06, 5.02097918798e-06, 3.54214375875e-06, 3.63120921065e-06, 1.00839793049e-06, 2.2507386177e-07, 3.50303821506e-08, 1.83026944711e-08, 8.24995183279e-09, 1.91750926248e-09, 1.48660223021e-10],
        "stdev": [0.101474866271, 1.0693744421, 4.39557981491, 5.42735958099, 7.30398178101, 19.611995697, 77.0009841919, 117.040382385, 18.0857887268, 6.87156105042, 9.76588439941, 17.182516098, 17.5809497833, 44.16822052, 142.870147705, 10.8233299255, 9.1148481369, 12.4391183853, 12.7912569046, 23.0404205322, 11.0134954453, 20.0760154724, 7.40837192535, 8.31127738953, 5.09502315521, 7.45101261139, 5.06036806107, 3.90452480316, 3.10595679283, 2.88707065582, 1.61920261383, 0.675033569336, 0.154208898544, 0.0111587401479, 0.00114079681225, 0.000589188246522, 0.000273105164524, 9.72649868345e-05, 2.42011974478e-05, 2.29003617278e-05]
    },
    "gfcc": {
        "mean": [-133.414337158, 122.896743774, -207.44090271, 32.1039543152, -71.9103393555, 2.76432681084, -17.8069896698, -25.4205589294, 9.33233737946, -26.3392543793, 6.22269916534, -9.2537689209, 4.92425537109],
        "cov": [[4348.22558594, 397.67300415, 1299.81445312, 701.020080566, -413.535614014, -202.170150757, -126.850593567, -96.110168457, -189.276596069, -0.965017616749, 336.332702637, 136.586395264, 141.037033081], [397.67300415, 1389.83337402, 1956.74072266, 1023.31854248, 265.695159912, -128.80796814, 90.3416900635, -45.1457290649, -18.6136646271, 81.7244262695, 218.893585205, 107.159759521, -9.77358627319], [1299.81445312, 1956.74072266, 3581.99511719, 1850.8046875, 158.997497559, -283.606628418, -2.86996936798, -83.7477264404, -111.97743988, 195.316497803, 453.508911133, 198.228988647, 15.5913486481], [701.020080566, 1023.31854248, 1850.8046875, 1186.36499023, 127.040260315, -80.0389862061, -30.2215671539, -36.6441116333, -35.6178398132, 133.36076355, 233.169631958, 56.3880119324, -19.4124279022], [-413.535614014, 265.695159912, 158.997497559, 127.040260315, 299.324615479, 90.4391403198, 111.947311401, 35.3315887451, 34.2530288696, 4.17033195496, -47.3527297974, -10.718585968, -39.1170196533], [-202.170150757, -128.80796814, -283.606628418, -80.0389862061, 90.4391403198, 156.97303772, 52.3119888306, 36.2693099976, 27.8702125549, -8.1794834137, -62.2537155151, -42.1632728577, -10.6001434326], [-126.850593567, 90.3416900635, -2.86996936798, -30.2215671539, 111.947311401, 52.3119888306, 137.055145264, 58.6139602661, 18.5311050415, -31.8616199493, -47.3200759888, 9.47137260437, -8.16743469238], [-96.110168457, -45.1457290649, -83.7477264404, -36.6441116333, 35.3315887451, 36.2693099976, 58.6139602661, 90.3205337524, 30.2780265808, -6.95691919327, -33.3092956543, -5.50790596008, -7.04389619827], [-189.276596069, -18.6136646271, -111.97743988, -35.6178398132, 34.2530288696, 27.8702125549, 18.5311050415, 30.2780265808, 58.0000190735, 21.2552127838, -18.312789917, -13.2066431046, -11.0377101898], [-0.965017616749, 81.7244262695, 195.316497803, 133.36076355, 4.17033195496, -8.1794834137, -31.8616199493, -6.95691919327, 21.2552127838, 75.0578765869, 58.5424118042, 6.27044868469, -5.24577331543], [336.332702637, 218.893585205, 453.508911133, 233.169631958, -47.3527297974, -62.2537155151, -47.3200759888, -33.3092956543, -18.312789917, 58.5424118042, 148.175445557, 70.3486633301, 27.7271366119], [136.586395264, 107.159759521, 198.228988647, 56.3880119324, -10.718585968, -42.1632728577, 9.47137260437, -5.50790596008, -13.2066431046, 6.27044868469, 70.3486633301, 92.3585586548, 37.8281669617], [141.037033081, -9.77358627319, 15.5913486481, -19.4124279022, -39.1170196533, -10.6001434326, -8.16743469238, -7.04389619827, -11.0377101898, -5.24577331543, 27.7271366119, 37.8281669617, 50.3377571106]],
        "icov": [[0.000403654150432, 0.000218693734496, -2.94464916806e-05, -0.000349635200109, 0.000409882952226, 9.17729630601e-05, -0.000556618033443, 7.81150883995e-05, 0.000326563604176, 0.000868840434123, -0.00108267599717, 0.000679473683704, -0.000707860395778], [0.000218693734496, 0.0084523698315, -0.00358659727499, -0.00113195984159, -0.00503628375009, 0.00384918437339, -0.00501756975427, 0.00567774754018, -0.0090955933556, 0.00855963118374, -0.00674485648051, 0.0044087045826, -0.00212024059147], [-2.94464916806e-05, -0.00358659727499, 0.00429031951353, -0.00322530069388, 0.0017624598695, 0.00151035527233, -0.000788575271145, -0.00203488557599, 0.00627919612452, -0.00473119178787, 0.00140494923107, -0.00186906999443, -0.000397081603296], [-0.000349635200109, -0.00113195984159, -0.00322530069388, 0.00707756541669, -0.000633486895822, -0.00390381552279, 0.00454975571483, -0.00194052280858, -0.000453049637144, -0.0011777151376, -0.000235306404647, 0.00106181076262, 0.00275016133673], [0.000409882952226, -0.00503628375009, 0.0017624598695, -0.000633486895822, 0.0116359163076, -0.00602512666956, -0.00205092527904, -0.000517737818882, 0.0038812358398, -0.00619669584557, 0.00741942692548, -0.00619564857334, 0.00522616971284], [9.17729630601e-05, 0.00384918437339, 0.00151035527233, -0.00390381552279, -0.00602512666956, 0.0163225084543, -0.00739234406501, 0.00131428730674, -0.00187047966756, 0.000789964920841, -0.00464813783765, 0.00862013362348, -0.00798889435828], [-0.000556618033443, -0.00501756975427, -0.000788575271145, 0.00454975571483, -0.00205092527904, -0.00739234406501, 0.0248142518103, -0.0116798784584, 0.0011872445466, 0.00260398327373, 0.00820891931653, -0.00963236019015, 0.00507414061576], [7.81150883995e-05, 0.00567774754018, -0.00203488557599, -0.00194052280858, -0.000517737818882, 0.00131428730674, -0.0116798784584, 0.0230589490384, -0.0137288952246, 0.00475060613826, -0.00135702919215, 0.000904973014258, -0.000476406654343], [0.000326563604176, -0.0090955933556, 0.00627919612452, -0.000453049637144, 0.0038812358398, -0.00187047966756, 0.0011872445466, -0.0137288952246, 0.0447560139, -0.0267596784979, 0.00982159562409, -0.00404488760978, 0.000747976708226], [0.000868840434123, 0.00855963118374, -0.00473119178787, -0.0011777151376, -0.00619669584557, 0.000789964920841, 0.00260398327373, 0.00475060613826, -0.0267596784979, 0.0469705611467, -0.0254255477339, 0.0111084822565, 0.00136133434717], [-0.00108267599717, -0.00674485648051, 0.00140494923107, -0.000235306404647, 0.00741942692548, -0.00464813783765, 0.00820891931653, -0.00135702919215, 0.00982159562409, -0.0254255477339, 0.0402462892234, -0.0242545548826, 0.00268918043002], [0.000679473683704, 0.0044087045826, -0.00186906999443, 0.00106181076262, -0.00619564857334, 0.00862013362348, -0.00963236019015, 0.000904973014258, -0.00404488760978, 0.0111084822565, -0.0242545548826, 0.0371690839529, -0.0187964066863], [-0.000707860395778, -0.00212024059147, -0.000397081603296, 0.00275016133673, 0.00522616971284, -0.00798889435828, 0.00507414061576, -0.000476406654343, 0.000747976708226, 0.00136133434717, 0.00268918043002, -0.0187964066863, 0.038706406951]]
    },
    "melbands": {
        "max": [0.0159646086395, 0.0214000772685, 0.00851024873555, 0.0107840774581, 0.0153985042125, 0.0172676816583, 0.00211767409928, 0.000927390996367, 0.00145834963769, 0.00150323577691, 0.000894160999451, 0.000966310792137, 0.00508442521095, 0.000437113805674, 0.000232927995967, 0.000134523841552, 0.000148087419802, 0.000127990555484, 0.000163570948644, 0.000192870837054, 0.000113368456368, 0.000226511343499, 9.04090265976e-05, 8.41211731313e-05, 8.13035439933e-05, 4.93161533086e-05, 3.98185729864e-05, 5.57616294827e-05, 3.57955395884e-05, 2.28542030527e-05, 2.30677196669e-05, 2.55996346823e-05, 1.55599136633e-05, 1.15481170724e-05, 6.15282533545e-06, 6.7136384132e-06, 2.96540451927e-06, 1.0736537206e-06, 1.92115052755e-07, 3.27317906113e-08],
        "mean": [0.000385517196264, 0.000546935130842, 0.000214785788557, 0.000288088049274, 0.000887760601472, 0.000904475746211, 8.60581349116e-05, 3.15111574309e-05, 3.24674401782e-05, 6.34338648524e-05, 4.86253811687e-05, 7.95262458269e-05, 0.0002221056493, 2.92072418233e-05, 2.10334055737e-05, 2.2479584004e-05, 2.29502365983e-05, 1.9836876163e-05, 2.18428067456e-05, 1.83103747986e-05, 1.17237414088e-05, 1.23107683976e-05, 5.95894334765e-06, 3.67599841411e-06, 3.39361872648e-06, 2.03543345378e-06, 1.5109967535e-06, 2.04342222787e-06, 1.39844405567e-06, 1.05023900687e-06, 9.83338054539e-07, 7.40091138596e-07, 6.52198991702e-07, 5.75258184199e-07, 3.9274300434e-07, 2.92682614145e-07, 1.16209292855e-07, 4.85512288151e-08, 7.84013298727e-09, 8.96750396162e-10],
        "min": [1.09973878962e-11, 5.95629379152e-11, 2.98435547108e-11, 7.89063085704e-12, 8.43834550845e-12, 1.26101438319e-11, 1.86610501357e-11, 6.24107085456e-11, 8.22369602971e-11, 1.2286822948e-10, 4.02154420875e-11, 9.52129208809e-11, 2.04757478334e-11, 1.07989728271e-11, 1.44882942449e-11, 3.85916819334e-11, 5.63447483115e-11, 2.44054481485e-11, 8.23863546828e-12, 7.51479520972e-12, 6.94432011894e-11, 2.55576063785e-11, 2.48235737521e-11, 4.00661379074e-11, 2.09715231292e-11, 8.68777532553e-12, 6.80616110346e-12, 7.78204150426e-12, 1.38341846659e-11, 1.20459007352e-11, 1.50356376655e-11, 1.8594745535e-11, 7.60236578551e-12, 2.33046177842e-12, 3.06093561955e-12, 2.70618531924e-12, 1.75474175121e-12, 2.76905907058e-12, 1.10802014265e-12, 2.29417830219e-13],
        "stdev": [0.00105238787364, 0.00186855148058, 0.000844353169668, 0.000911894545425, 0.00232109637, 0.00243034190498, 0.000238618711592, 8.01154383225e-05, 8.2543658209e-05, 0.000124931772007, 8.75017722137e-05, 0.000138078670716, 0.000601127918344, 4.1910490836e-05, 2.14749015868e-05, 2.1367057343e-05, 2.38803004322e-05, 2.11245715036e-05, 2.60452816292e-05, 2.46855015575e-05, 1.37316537803e-05, 2.5204355552e-05, 9.5900541055e-06, 6.23127561994e-06, 7.20341904525e-06, 4.37627795691e-06, 3.14887688546e-06, 5.76472348257e-06, 3.64294214705e-06, 2.38219558923e-06, 2.26246515922e-06, 1.98494512915e-06, 1.71182784925e-06, 1.46745014717e-06, 8.97362326668e-07, 8.08244521977e-07, 2.92647882816e-07, 1.39025772228e-07, 2.11650341697e-08, 3.15531623052e-09]
    },
    "melbands128": {
        "max": [0.00165006786119, 0.00940518826246, 0.0261087156832, 0.0218015983701, 0.028781645, 0.0217266287655, 0.0132517060265, 0.00623644283041, 0.0113554447889, 0.0170051045716, 0.0100713018328, 0.0154247051105, 0.0235633924603, 0.0312483347952, 0.0322279818356, 0.0182995311916, 0.00228548678569, 0.00108667940367, 0.000584088847972, 0.000951180001721, 0.00151890073903, 0.00118045636918, 0.00180001999252, 0.00138784083538, 0.00123521243222, 0.0019955614116, 0.00173314334825, 0.00075523200212, 0.000834346574266, 0.000839278800413, 0.0015572886914, 0.00295613589697, 0.00958191789687, 0.0037302011624, 0.00030749841244, 0.00026066970895, 0.0001830055553, 0.000382597267162, 0.00019628215523, 0.000165678284247, 0.000232174876146, 0.000232095815591, 0.000243278467678, 0.000229910219787, 0.000180260234629, 0.000194573964109, 0.000211178630707, 0.0001541323727, 0.00032089202432, 0.000545036571566, 0.000133999739774, 8.59314968693e-05, 0.000116022631119, 0.000190381688299, 0.000347448367393, 0.000369987857994, 0.00027012405917, 0.000203064802918, 8.98996295291e-05, 9.11564129638e-05, 0.000117256829981, 0.000101829042251, 6.98314470355e-05, 0.000135061505716, 5.35587823833e-05, 6.24730455456e-05, 4.91752252856e-05, 6.66422929498e-05, 2.75154798146e-05, 5.7734989241e-05, 8.75905752764e-05, 6.31541915936e-05, 5.26528674527e-05, 4.77948815387e-05, 2.92550430459e-05, 2.59413809545e-05, 2.28337139561e-05, 2.39944438363e-05, 2.25751300604e-05, 3.01740165014e-05, 6.01884567004e-05, 1.73281841853e-05, 1.21954617498e-05, 3.09397873934e-05, 3.14528624585e-05, 1.97630979528e-05, 1.00696206573e-05, 1.01915120467e-05, 7.54048051022e-06, 1.31266069729e-05, 1.3159043192e-05, 6.27838699074e-06, 7.82576080383e-06, 2.59400917457e-06, 1.78844402399e-06, 1.65654125794e-06, 1.22533765534e-06, 5.42151553873e-07, 2.01569989144e-07, 1.80783345627e-07, 5.11283104743e-08, 3.20426316591e-08, 3.07618499562e-08, 2.96091542396e-08, 2.82763696902e-08, 2.70367568334e-08, 2.58934456099e-08, 2.48069529363e-08, 2.37790391822e-08, 2.28296404003e-08, 2.19736584484e-08, 2.10764952158e-08, 2.03488443873e-08, 1.96171452416e-08, 1.89188256172e-08, 1.83147914612e-08, 1.77518142408e-08, 1.72380794083e-08, 1.67761236014e-08, 1.63196549607e-08, 1.59245416853e-08, 1.55905031107e-08, 1.52886112659e-08, 1.5028007283e-08, 1.47978784781e-08, 1.46230370035e-08, 1.44967975402e-08, 1.44185383633e-08],
        "mean": [6.978536112e-05, 0.000209402496694, 0.000553966674488, 0.000657859549392, 0.000574660836719, 0.000485872355057, 0.000273367040791, 0.000113474779937, 0.000126646715216, 0.000269129523076, 0.00034664827399, 0.000669204222504, 0.000971125264186, 0.00123455817811, 0.00127058185171, 0.000549374846742, 8.09195189504e-05, 3.85550374631e-05, 2.20224228542e-05, 3.0231241908e-05, 3.6593497498e-05, 3.21062143485e-05, 3.31590381393e-05, 2.98752056551e-05, 3.82398720831e-05, 9.30479945964e-05, 9.20125166886e-05, 3.10572468152e-05, 2.30813366215e-05, 4.04661259381e-05, 7.13144618203e-05, 0.000205397751415, 0.00037960728514, 9.27436485654e-05, 2.48844426096e-05, 2.11830683838e-05, 2.01073416974e-05, 2.02518222068e-05, 2.24098512263e-05, 2.1565843781e-05, 2.1608928364e-05, 2.54344249697e-05, 2.42008700297e-05, 2.10582966247e-05, 1.99494006665e-05, 1.94392378035e-05, 2.04555326491e-05, 1.7956170268e-05, 2.37496697082e-05, 2.93555385724e-05, 1.50694631884e-05, 1.12441139208e-05, 1.09555994641e-05, 1.16666142276e-05, 1.40525753523e-05, 1.42539120134e-05, 8.95206812856e-06, 7.14809220881e-06, 4.74640773973e-06, 3.76887828679e-06, 3.68295354747e-06, 3.34215451403e-06, 3.83462338505e-06, 3.696037993e-06, 2.36111236518e-06, 2.11457359001e-06, 1.69912743786e-06, 1.27995485855e-06, 1.4381685105e-06, 1.85869100733e-06, 2.09696509046e-06, 2.30201158047e-06, 1.58321779509e-06, 1.28770966512e-06, 1.06335346572e-06, 9.75387251856e-07, 1.07201367427e-06, 1.1223837646e-06, 9.38201765166e-07, 8.62440458604e-07, 9.48007880197e-07, 6.05708351031e-07, 4.87508998503e-07, 7.13072552117e-07, 6.88710031227e-07, 7.14750285624e-07, 4.86108945097e-07, 4.26453965474e-07, 3.42314933732e-07, 4.25598983611e-07, 3.70556278995e-07, 2.51314077104e-07, 1.70172270941e-07, 1.083995258e-07, 8.66046363512e-08, 7.23684649984e-08, 3.90569390163e-08, 1.59183262127e-08, 7.33034122291e-09, 4.63458604827e-09, 1.35607425289e-09, 2.52326243233e-10, 9.02561775318e-11, 6.0975044458e-11, 5.67729578627e-11, 5.49972359321e-11, 5.31828886485e-11, 5.09277238436e-11, 4.69215083454e-11, 4.47041501039e-11, 4.30280672203e-11, 4.12832580621e-11, 3.9847722344e-11, 3.8416332615e-11, 3.70566077823e-11, 3.58743867945e-11, 3.47730490236e-11, 3.37670030826e-11, 3.28655228032e-11, 3.19748151567e-11, 3.12006739889e-11, 3.05457048544e-11, 2.9956065406e-11, 2.94428925685e-11, 2.89727512814e-11, 2.85920627452e-11, 2.83255953415e-11, 2.81697547233e-11],
        "min": [8.8113164768e-13, 3.40503753665e-12, 1.00342191153e-11, 3.47000587986e-11, 7.05838582027e-11, 7.63461516229e-11, 4.60283304526e-11, 1.60488670964e-11, 3.25572620079e-12, 4.50076868136e-12, 1.31763818606e-11, 1.45181054678e-11, 6.73977757285e-12, 1.39153358975e-12, 6.97131241623e-12, 2.13020209111e-11, 2.83457111949e-11, 1.76592386547e-11, 6.79121993016e-12, 3.10845481299e-11, 1.11085508847e-10, 1.0437190695e-10, 2.52458921823e-11, 1.21966853284e-10, 2.00107222459e-10, 9.77851966066e-11, 1.7261577584e-11, 2.17989463286e-11, 5.39885705586e-11, 1.43450251677e-10, 1.00295410865e-10, 2.97531131677e-11, 1.31837769868e-11, 1.50131955479e-11, 9.1384495457e-12, 7.84827064448e-12, 1.60468860422e-11, 1.79435181991e-11, 1.13928536744e-11, 1.34147597544e-11, 6.20012999275e-11, 4.8143572462e-11, 4.00233769737e-11, 8.55334900129e-11, 3.90242664572e-11, 6.63181098579e-12, 1.3119567932e-11, 9.60945992917e-12, 5.04083884009e-12, 7.03085202905e-12, 6.82859541482e-12, 5.83285459863e-12, 5.47777864734e-11, 1.2461014165e-10, 4.30543239949e-11, 1.61327774056e-11, 5.44628231403e-12, 4.83477190574e-12, 2.10056555483e-11, 8.45482503453e-11, 4.23780212311e-11, 7.43811522791e-12, 3.13357222115e-11, 2.23919060377e-11, 8.16004729065e-12, 9.44199319425e-12, 7.15123403203e-12, 1.05854127547e-11, 6.3343275937e-12, 2.03903235442e-12, 6.58871871992e-12, 1.02455275167e-11, 1.51644773128e-11, 1.58002430584e-11, 1.04110348814e-11, 7.32403460796e-12, 1.68521013116e-11, 1.65865862711e-11, 5.92779427974e-12, 2.10176927945e-11, 3.17173405595e-11, 1.06338566425e-11, 9.64647806079e-12, 9.14641279381e-12, 3.65751266079e-12, 1.47795946488e-12, 2.90190614594e-12, 1.63201700418e-12, 4.8444117641e-12, 2.04167455511e-12, 2.20786995457e-12, 3.62403011246e-12, 1.77323151822e-12, 2.32662478693e-12, 9.75827383308e-13, 1.48438477222e-12, 1.26167292217e-13, 3.06767930286e-13, 3.83409558442e-13, 7.01399225159e-13, 1.69210172675e-13, 5.21276340777e-14, 5.74553628957e-14, 3.80880968583e-14, 4.62981907044e-14, 5.20015413651e-14, 4.26108021751e-14, 4.31379243307e-14, 4.56193818886e-14, 2.87267192184e-14, 4.13432648034e-14, 3.85808057593e-14, 3.37443391101e-14, 5.05184950947e-14, 3.81281073066e-14, 4.08458430111e-14, 4.90731451785e-14, 2.97318864407e-14, 2.70479930906e-14, 4.41000588911e-14, 4.7807464503e-14, 5.46296609837e-14, 5.34551549347e-14, 3.60496646369e-14, 2.32916391388e-14, 8.54206808098e-15, 9.54650918423e-16, 8.39236075149e-17],
        "stdev": [0.000168832208146, 0.00069602340227, 0.00159213098232, 0.0018953604158, 0.00227696844377, 0.00213017617352, 0.00125440140255, 0.000499171845149, 0.000724228331819, 0.00118895876221, 0.00109698763117, 0.00181019096635, 0.002895263955, 0.00382598047145, 0.00384341785684, 0.00194480619393, 0.000271182478173, 9.82074270723e-05, 5.10647041665e-05, 8.74577017385e-05, 0.000108813292172, 7.68387326389e-05, 9.66361549217e-05, 8.70851217769e-05, 8.82200256456e-05, 0.000216744330828, 0.000219474371988, 6.57333657728e-05, 4.57922797068e-05, 7.31651525712e-05, 0.000155874629854, 0.000477987894556, 0.0011593173258, 0.000303405162413, 3.5234977986e-05, 2.54564401985e-05, 2.27901527978e-05, 2.96008383884e-05, 2.56166167674e-05, 2.43951981247e-05, 2.69342108368e-05, 3.21995794366e-05, 2.90645893983e-05, 2.83803074126e-05, 2.69520896836e-05, 2.50831835729e-05, 2.40414919972e-05, 2.22957969527e-05, 4.22372977482e-05, 6.07578876952e-05, 1.88030262507e-05, 1.26894010464e-05, 1.28407918965e-05, 1.83347074199e-05, 3.14975295623e-05, 3.68306536984e-05, 2.13070889004e-05, 1.40529809869e-05, 8.02110389486e-06, 6.8485292104e-06, 7.34062905394e-06, 7.013521099e-06, 8.44845362735e-06, 1.00499710243e-05, 5.17081116413e-06, 5.32877993464e-06, 3.88182979805e-06, 3.59716000276e-06, 2.97885276268e-06, 4.83883059132e-06, 6.69745350024e-06, 7.35454977985e-06, 4.64099457531e-06, 3.65463529306e-06, 2.59671651293e-06, 2.43725844484e-06, 2.60124829765e-06, 2.78955576505e-06, 2.1223722797e-06, 2.50893367593e-06, 3.637801683e-06, 1.35374580168e-06, 1.09340305698e-06, 2.28493695431e-06, 2.20442279897e-06, 2.23134020416e-06, 1.1315332813e-06, 1.0164565083e-06, 7.70167275732e-07, 1.22460335206e-06, 1.21088362448e-06, 7.1460573281e-07, 5.2644020343e-07, 2.75541310657e-07, 2.27069079983e-07, 2.19151829128e-07, 1.31085499788e-07, 5.19281648792e-08, 1.99997565176e-08, 1.51416958971e-08, 5.17428944136e-09, 1.83144499566e-09, 1.31550392801e-09, 1.26206800566e-09, 1.20465215581e-09, 1.15165332826e-09, 1.1029475111e-09, 1.05666575489e-09, 1.01290198451e-09, 9.72471214666e-10, 9.36008937025e-10, 8.9779228496e-10, 8.66796912025e-10, 8.35628843898e-10, 8.05882305333e-10, 7.80152276114e-10, 7.56171125715e-10, 7.34287630699e-10, 7.1460953821e-10, 6.95165425224e-10, 6.78334832749e-10, 6.64105825887e-10, 6.51246057082e-10, 6.40145214614e-10, 6.30343388597e-10, 6.22897289304e-10, 6.1752070124e-10, 6.14187256609e-10]
    },
    "mfcc": {
        "mean": [-735.180541992, 126.07913208, -62.6267547607, 14.0542669296, -27.1328926086, 17.9200153351, -23.872133255, 13.313788414, -12.3992433548, 5.39051485062, -13.6225414276, 4.57493925095, -6.86848974228],
        "cov": [[3759.38525391, -243.737472534, 551.155639648, 250.43397522, -226.443649292, -101.537994385, -64.9952850342, -36.8689994812, -289.750640869, -79.7938690186, -162.286865234, 36.7854156494, -62.99792099], [-243.737472534, 902.730712891, 1126.34472656, 773.213256836, 301.427825928, 129.299880981, 174.269485474, 63.5809211731, -61.1701393127, -29.8847293854, 58.6794891357, 38.7902412415, 87.0124969482], [551.155639648, 1126.34472656, 3081.68481445, 1855.48986816, 597.754089355, 185.007080078, 265.664520264, -79.5713500977, -360.225341797, -82.0670852661, 127.591514587, 117.24029541, 124.085655212], [250.43397522, 773.213256836, 1855.48986816, 1272.48083496, 442.664855957, 163.747131348, 193.473297119, -16.9743671417, -184.145431519, -33.4149131775, 113.289726257, 79.2932662964, 75.0913772583], [-226.443649292, 301.427825928, 597.754089355, 442.664855957, 289.187225342, 129.352249146, 108.493438721, -6.23007631302, -14.2344017029, 18.3654251099, 74.2998886108, 32.8332824707, 36.5817947388], [-101.537994385, 129.299880981, 185.007080078, 163.747131348, 129.352249146, 139.773757935, 68.7221603394, 13.5339193344, 16.8429889679, 23.2113571167, 30.5133056641, 8.09309768677, 17.4843139648], [-64.9952850342, 174.269485474, 265.664520264, 193.473297119, 108.493438721, 68.7221603394, 116.792320251, 52.3564720154, 25.5177631378, 3.6565310955, 24.7299079895, 6.99170017242, 22.5025901794], [-36.8689994812, 63.5809211731, -79.5713500977, -16.9743671417, -6.23007631302, 13.5339193344, 52.3564720154, 112.965179443, 77.6735076904, 2.13768053055, -1.80524170399, -3.11877608299, 5.8589220047], [-289.750640869, -61.1701393127, -360.225341797, -184.145431519, -14.2344017029, 16.8429889679, 25.5177631378, 77.6735076904, 165.068588257, 46.238079071, 17.554315567, -25.0507450104, -10.5417079926], [-79.7938690186, -29.8847293854, -82.0670852661, -33.4149131775, 18.3654251099, 23.2113571167, 3.6565310955, 2.13768053055, 46.238079071, 74.7076873779, 33.7877426147, -8.97937965393, -20.3077106476], [-162.286865234, 58.6794891357, 127.591514587, 113.289726257, 74.2998886108, 30.5133056641, 24.7299079895, -1.80524170399, 17.554315567, 33.7877426147, 82.1710891724, 18.7337379456, 0.740078091621], [36.7854156494, 38.7902412415, 117.24029541, 79.2932662964, 32.8332824707, 8.09309768677, 6.99170017242, -3.11877608299, -25.0507450104, -8.97937965393, 18.7337379456, 56.5913619995, 25.1804027557], [-62.99792099, 87.0124969482, 124.085655212, 75.0913772583, 36.5817947388, 17.4843139648, 22.5025901794, 5.8589220047, -10.5417079926, -20.3077106476, 0.740078091621, 25.1804027557, 63.8269386292]],
        "icov": [[0.0004469488631, 0.000351248483639, -3.80772653443e-05, -0.000444505625637, 0.000691633787937, -0.000173655193066, -0.000172559215571, -0.000459990726085, 0.000639302830677, -0.000487581710331, 0.000965218816418, -0.000529332144652, 0.000461599382106], [0.000351248483639, 0.00320160295814, -0.000254381127888, -0.00145485333633, -0.000242070003878, -0.000139713403769, -0.000316150690196, -0.00236595678143, 0.000821044028271, -0.000328324589645, 0.000874033197761, 0.000977066927589, -0.00167056953069], [-3.80772653443e-05, -0.000254381127888, 0.00357601908036, -0.00484357587993, 0.000472738582175, 0.00141094706487, -0.00208805757575, 0.00162494624965, 0.00175649905577, -0.000527958094608, 0.000710401509423, 0.000373923830921, -0.00104860973079], [-0.000444505625637, -0.00145485333633, -0.00484357587993, 0.0107396738604, -0.00478899711743, -0.00103248714004, 0.00174765707925, -0.00293356971815, 0.000991704757325, 0.00151546648704, -0.00385811668821, 2.73869027296e-05, 0.00168655568268], [0.000691633787937, -0.000242070003878, 0.000472738582175, -0.00478899711743, 0.016058690846, -0.00618761405349, -0.0052552758716, 0.00638512382284, -0.00356263574213, -0.000460616924101, -0.00141991570126, -0.00317211728543, 1.84950331459e-05], [-0.000173655193066, -0.000139713403769, 0.00141094706487, -0.00103248714004, -0.00618761405349, 0.0148248374462, -0.00474834535271, 0.000559484935366, 0.000870125251822, -0.00370343378745, 0.00167758972384, 0.000860323663801, -0.00179464987013], [-0.000172559215571, -0.000316150690196, -0.00208805757575, 0.00174765707925, -0.0052552758716, -0.00474834535271, 0.0239977296442, -0.010685397312, -0.00160487787798, 0.00145621690899, -0.0011815445032, 0.00315303355455, -0.00193493429106], [-0.000459990726085, -0.00236595678143, 0.00162494624965, -0.00293356971815, 0.00638512382284, 0.000559484935366, -0.010685397312, 0.024482300505, -0.0127695212141, 0.00383856636472, 0.00237327883951, -0.00511273695156, 0.0018724797992], [0.000639302830677, 0.000821044028271, 0.00175649905577, 0.000991704757325, -0.00356263574213, 0.000870125251822, -0.00160487787798, -0.0127695212141, 0.0214340463281, -0.00738944206387, -0.00320011912845, 0.00599132431671, -0.00266587059014], [-0.000487581710331, -0.000328324589645, -0.000527958094608, 0.00151546648704, -0.000460616924101, -0.00370343378745, 0.00145621690899, 0.00383856636472, -0.00738944206387, 0.0245019365102, -0.00946278963238, 0.00155680975877, 0.00569339469075], [0.000965218816418, 0.000874033197761, 0.000710401509423, -0.00385811668821, -0.00141991570126, 0.00167758972384, -0.0011815445032, 0.00237327883951, -0.00320011912845, -0.00946278963238, 0.0253809206188, -0.00920710340142, 0.00327075901441], [-0.000529332144652, 0.000977066927589, 0.000373923830921, 2.73869027296e-05, -0.00317211728543, 0.000860323663801, 0.00315303355455, -0.00511273695156, 0.00599132431671, 0.00155680975877, -0.00920710340142, 0.0285778827965, -0.0113561805338], [0.000461599382106, -0.00167056953069, -0.00104860973079, 0.00168655568268, 1.84950331459e-05, -0.00179464987013, -0.00193493429106, 0.0018724797992, -0.00266587059014, 0.00569339469075, 0.00327075901441, -0.0113561805338, 0.025259450078]]
    },
    "spectral_contrast_coeffs": {
        "max": [-0.401546090841, -0.452684640884, -0.578719973564, -0.692409574986, -0.680909454823, -0.511627793312],
        "mean": [-0.723920464516, -0.808337390423, -0.802519619465, -0.83595174551, -0.807801961899, -0.625582933426],
        "min": [-0.9003662467, -0.9287135005, -0.936131000519, -0.913637697697, -0.915433049202, -0.86477637291],
        "stdev": [0.08490524441, 0.0865136906505, 0.0654084980488, 0.0319128483534, 0.0330901779234, 0.0330932401121]
    },
    "spectral_contrast_valleys": {
        "max": [-4.50581550598, -4.67298936844, -6.11605024338, -6.18631124496, -5.99739360809, -10.1858463287],
        "mean": [-8.54187870026, -7.30878639221, -7.38232946396, -7.49352788925, -8.08838748932, -13.0575723648],
        "min": [-14.9749097824, -13.6360797882, -13.6790332794, -13.8012228012, -13.4693717957, -16.4000225067],
        "stdev": [1.61990261078, 0.629397511482, 0.741059839725, 0.896737635136, 0.661751151085, 0.932678580284]
    }
},
"rhythm": {
    "beats_count": 24,
    "beats_loudness": {
        "max": 0.0533499792218,
        "mean": 0.0134725691751,
        "min": 0.000552253623027,
        "stdev": 0.0140225179493
    },
    "bpm": 111.093093872,
    "bpm_histogram_first_peak_bpm": 110,
    "bpm_histogram_first_peak_weight": 0.384615361691,
    "bpm_histogram_second_peak_bpm": 123,
    "bpm_histogram_second_peak_spread": 0.428571403027,
    "bpm_histogram_second_peak_weight": 0.173913046718,
    "danceability": 0.760724544525,
    "onset_rate": 2.03771901131,
    "beats_loudness_band_ratio": {
        "max": [0.886880457401, 0.852208852768, 0.560191214085, 0.814744412899, 0.518694996834, 0.077803388238],
        "mean": [0.163570389152, 0.168691396713, 0.148101255298, 0.331834852695, 0.188483461738, 0.0289779212326],
        "min": [0.000232906706515, 0.00174911867362, 0.0145476963371, 0.00409439578652, 0.00277796480805, 0.00289784325287],
        "stdev": [0.258246988058, 0.253535300493, 0.127700015903, 0.274719208479, 0.156236380339, 0.0183142088354]
    },
    "beats_position": [0.487619042397, 0.99845802784, 1.49768710136, 1.99691605568, 2.48453521729, 2.9837641716, 3.47138309479, 3.95900225639, 4.446621418, 4.99229001999, 5.53795909882, 6.06040811539, 6.59446716309, 7.12852573395, 7.67419481277, 8.2198638916, 8.75392246246, 9.29959201813, 9.82204055786, 10.379319191, 10.9249887466, 11.4706573486, 12.0047159195, 12.5503854752],
