{
"metadata": {
    "version": {
        "essentia": "2.1-beta5",
        "essentia_git_sha": "Undefined",
        "extractor": "music 2.0"
    },
    "audio_properties": {
        "analysis": {
            "equal_loudness": 0,
            "length": 29.0017242432,
            "sample_rate": 44100,
            "start_time": 0,
            "downmix": "mix"
        },
        "bit_rate": 192000,
        "length": 236.564910889,
        "lossless": 0,
        "number_channels": 2,
        "replay_gain": 3.58817481995,
        "sample_rate": 48000,
        "codec": "mp3",
        "md5_encoded": "5a00aee49912a6c4c8b00813946e75b5"
    },
    "tags": {
        "file_name": "Switzerland_Dentro Di Me_Barbara Berta.mp3",
        "encoding": ["Lavf58.29.100"]
    }
},
"lowlevel": {
    "average_loudness": 0.014551830478,
    "barkbands_crest": {
        "max": 24.2834377289,
        "mean": 6.66871404648,
        "min": 2.90760087967,
        "stdev": 2.49160957336
    },
    "barkbands_flatness_db": {
        "max": 0.305460244417,
        "mean": 0.108292259276,
        "min": 0.0292055644095,
        "stdev": 0.0432367138565
    },
    "barkbands_kurtosis": {
        "max": 51.0957756042,
        "mean": 2.66077208519,
        "min": -1.510663867,
        "stdev": 3.09871411324
    },
    "barkbands_skewness": {
        "max": 6.79142427444,
        "mean": -0.390752494335,
        "min": -2.2256257534,
        "stdev": 1.50403153896
    },
    "barkbands_spread": {
        "max": 90.0548400879,
        "mean": 19.2891292572,
        "min": 2.42306613922,
        "stdev": 9.2296962738
    },
    "dissonance": {
        "max": 0.500000119209,
        "mean": 0.484048038721,
        "min": 0.263973802328,
        "stdev": 0.0263377465308
    },
    "dynamic_complexity": 10.3447008133,
    "erbbands_crest": {
        "max": 22.0524024963,
        "mean": 5.79897022247,
        "min": 2.50687861443,
        "stdev": 2.99751329422
    },
    "erbbands_flatness_db": {
        "max": 0.330866038799,
        "mean": 0.163792908192,
        "min": 0.0541991479695,
        "stdev": 0.0740824490786
    },
    "erbbands_kurtosis": {
        "max": 9.28722000122,
        "mean": 0.51192843914,
        "min": -1.8776140213,
        "stdev": 1.05941724777
    },
    "erbbands_skewness": {
        "max": 2.95934581757,
        "mean": -0.113300524652,
        "min": -1.98249137402,
        "stdev": 0.61557328701
    },
    "erbbands_spread": {
        "max": 104.666183472,
        "mean": 28.4677562714,
        "min": 5.40445613861,
        "stdev": 14.576499939
    },
    "hfc": {
        "max": 356.843017578,
        "mean": 18.5911121368,
        "min": 1.00526823092e-16,
        "stdev": 38.8103141785
    },
    "loudness_ebu128": {
        "integrated": -24.5723361969,
        "loudness_range": 18.0969944,
        "momentary": {
            "max": -18.0501194,
            "mean": -139.369171143,
            "min": -300.691009521,
            "stdev": 130.972091675
        },
        "short_term": {
            "max": -21.6185283661,
            "mean": -121.144119263,
            "min": -300.691009521,
            "stdev": 127.884033203
        }
    },
    "melbands_crest": {
        "max": 31.5426177979,
        "mean": 6.09072399139,
        "min": 1.44329583645,
        "stdev": 5.08940172195
    },
    "melbands_flatness_db": {
        "max": 0.352502048016,
        "mean": 0.0912115126848,
        "min": 0.00243398896419,
        "stdev": 0.083052366972
    },
    "melbands_kurtosis": {
        "max": 144.367370605,
        "mean": 2.52619075775,
        "min": -1.51364600658,
        "stdev": 8.0074596405
    },
    "melbands_skewness": {
        "max": 10.0169143677,
        "mean": 0.631515443325,
        "min": -1.02331030369,
        "stdev": 1.26795494556
    },
    "melbands_spread": {
        "max": 230.61946106,
        "mean": 67.2117843628,
        "min": 2.34367728233,
        "stdev": 54.8265342712
    },
    "pitch_salience": {
        "max": 0.948262631893,
        "mean": 0.762145280838,
        "min": 0.276215881109,
        "stdev": 0.0818672254682
    },
    "silence_rate_20dB": {
        "max": 1,
        "mean": 0.987200021744,
        "min": 0,
        "stdev": 0.112411111593
    },
    "silence_rate_30dB": {
        "max": 1,
        "mean": 0.972800016403,
        "min": 0,
        "stdev": 0.162666171789
    },
    "silence_rate_60dB": {
        "max": 1,
        "mean": 0.610400021076,
        "min": 0,
        "stdev": 0.48766079545
    },
    "spectral_centroid": {
        "max": 11933.8037109,
        "mean": 5463.02099609,
        "min": 335.979827881,
        "stdev": 4631.52587891
    },
    "spectral_complexity": {
        "max": 50,
        "mean": 13.283200264,
        "min": 0,
        "stdev": 16.3530426025
    },
    "spectral_decrease": {
        "max": 2.08590105595e-28,
        "mean": -4.02928623799e-09,
        "min": -1.71208967004e-07,
        "stdev": 1.51111230196e-08
    },
    "spectral_energy": {
        "max": 0.668573081493,
        "mean": 0.0168937332928,
        "min": 9.39729844001e-21,
        "stdev": 0.0602322258055
    },
    "spectral_energyband_high": {
        "max": 0.0105279572308,
        "mean": 0.00029438000638,
        "min": 6.8047092207e-21,
        "stdev": 0.000853032339364
    },
    "spectral_energyband_low": {
        "max": 0.0174115728587,
        "mean": 0.000242323905695,
        "min": 1.21654523709e-23,
        "stdev": 0.00106684223283
    },
    "spectral_energyband_middle_high": {
        "max": 0.0936971902847,
        "mean": 0.00729316426441,
        "min": 1.11865302927e-21,
        "stdev": 0.0118405325338
    },
    "spectral_energyband_middle_low": {
        "max": 0.652940154076,
        "mean": 0.00931474007666,
        "min": 1.43530818324e-22,
        "stdev": 0.0541625805199
    },
    "spectral_entropy": {
        "max": 9.82656097412,
        "mean": 8.54817199707,
        "min": 6.2599234581,
        "stdev": 1.07829666138
    },
    "spectral_flux": {
        "max": 0.709437012672,
        "mean": 0.0468989945948,
        "min": 6.30684809932e-11,
        "stdev": 0.0786558017135
    },
    "spectral_kurtosis": {
        "max": 44.6582260132,
        "mean": 3.22995948792,
        "min": -1.27718997002,
        "stdev": 4.9537115097
    },
    "spectral_rms": {
        "max": 0.0255395080894,
        "mean": 0.00220827339217,
        "min": 3.02788631841e-12,
        "stdev": 0.00340664037503
    },
    "spectral_rolloff": {
        "max": 19875.1464844,
        "mean": 8757.48535156,
        "min": 301.46484375,
        "stdev": 8294.43945312
    },
    "spectral_skewness": {
        "max": 4.84357690811,
        "mean": 1.05007445812,
        "min": -0.0951593220234,
        "stdev": 0.954342365265
    },
    "spectral_spread": {
        "max": 42924164,
        "mean": 18488664,
        "min": 1450683.5,
        "stdev": 18190276
    },
    "spectral_strongpeak": {
        "max": 11.9477405548,
        "mean": 0.72554820776,
        "min": 0,
        "stdev": 1.34811306
    },
    "zerocrossingrate": {
        "max": 0.56591796875,
        "mean": 0.250487118959,
        "min": 0.01513671875,
        "stdev": 0.207803189754
    },
    "barkbands": {
        "max": [0.000225477473577, 0.00145431328565, 0.00708918645978, 0.0222445949912, 0.166883826256, 0.601308524609, 0.327081650496, 0.353721141815, 0.0523724108934, 0.0632615461946, 0.0359879508615, 0.0142337782308, 0.0186597276479, 0.014770982787, 0.0152868041769, 0.0103365443647, 0.0425436347723, 0.0198036246002, 0.0149683933705, 0.00598953757435, 0.00510365748778, 0.00524970889091, 0.00266198068857, 0.00118268665392, 0.000144670950249, 0.000210760321352, 6.51038271826e-06],
        "mean": [2.06970889849e-06, 1.73420630745e-05, 0.000103345249954, 0.000166269790498, 0.000934393028729, 0.00260371831246, 0.0024717762135, 0.0022281894926, 0.000643054605462, 0.000783279247116, 0.000599604856689, 0.000710500578862, 0.000865448499098, 0.00100009923335, 0.00105150649324, 0.000735730864108, 0.000972812063992, 0.000465987308417, 0.000190615479369, 8.62891683937e-05, 9.91855340544e-05, 9.25317654037e-05, 3.98093034164e-05, 2.22462258535e-05, 5.89185447097e-06, 1.97895087695e-06, 6.43593693894e-08],
        "min": [2.72650814576e-25, 1.19467195829e-24, 2.08121524143e-25, 2.99377569956e-25, 4.74164765821e-24, 7.0049428434e-24, 4.30167587111e-24, 7.18853049757e-24, 9.95626476075e-24, 6.72498320788e-24, 1.0491421688e-23, 1.72992494904e-23, 1.83707229704e-23, 2.70684934743e-23, 4.34173075689e-23, 2.62946871906e-23, 5.7595359468e-23, 7.09585496065e-23, 9.81667913679e-23, 1.45921470764e-22, 2.20529865209e-22, 2.84257886152e-22, 3.48462101403e-22, 5.78217221581e-22, 8.08214275933e-22, 1.16915830256e-21, 1.87031029494e-21],
        "stdev": [8.73303906701e-06, 6.09255293966e-05, 0.000483701500343, 0.00101066334173, 0.00683044968173, 0.0237299986184, 0.0199113935232, 0.0202083494514, 0.00306116626598, 0.00392818357795, 0.00169765471946, 0.00135437364224, 0.0016314642271, 0.00179657863919, 0.00192991818767, 0.0012956088176, 0.00241887127049, 0.00128997850697, 0.00069172779331, 0.000256562314462, 0.000261301029241, 0.000386856379919, 0.000159342103871, 7.73672218202e-05, 1.14411977847e-05, 1.04587861642e-05, 2.92065180929e-07]
    },
    "erbbands": {
        "max": [0.0347235836089, 0.344886928797, 4.71384811401, 48.3527755737, 32.9879722595, 573.797607422, 4615.47558594, 2529.09960938, 5324.71875, 7868.84619141, 4801.51953125, 835.204284668, 2295.79321289, 2270.09790039, 914.997924805, 492.054351807, 837.616821289, 762.177490234, 799.509887695, 665.497741699, 637.52166748, 2730.34448242, 1430.31945801, 862.206237793, 792.916503906, 234.487258911, 104.748626709, 222.065429688, 182.709518433, 149.9609375, 62.535030365, 42.8462715149, 17.129989624, 1.79386329651, 1.04363358021, 1.06378054619, 0.493384867907, 0.0149296373129, 0.00203072861768, 0.00076152884867],
        "mean": [0.000422863755375, 0.00541522167623, 0.0783700048923, 0.456318497658, 0.439638853073, 3.58477783203, 16.2951164246, 19.039604187, 36.2145996094, 49.8579177856, 29.2811965942, 13.5258903503, 23.1667137146, 25.4325428009, 25.3583965302, 30.1500148773, 39.3590240479, 50.016204834, 53.5014953613, 50.5742797852, 42.374797821, 54.3767051697, 31.0060558319, 12.6165323257, 8.67550373077, 3.94372534752, 3.46210622787, 4.17800760269, 3.32593083382, 2.13903999329, 1.0144033432, 0.637243926525, 0.274408876896, 0.0838813632727, 0.0354915484786, 0.014114651829, 0.00267325015739, 0.000171054620296, 1.92771458387e-05, 2.14835908992e-05],
        "min": [3.07780456168e-23, 1.32068505288e-22, 1.39880118992e-21, 2.57495589353e-21, 9.17405822543e-21, 1.34066606405e-20, 3.57612570844e-20, 4.50876926416e-20, 6.35385798212e-20, 9.99740181854e-20, 1.59054075118e-19, 2.7359047874e-19, 3.41595581838e-19, 4.84762063554e-19, 7.18455630948e-19, 1.07364414254e-18, 1.19354459272e-18, 1.52252921158e-18, 1.8186545976e-18, 1.65796597482e-18, 3.26274981972e-18, 4.41572875141e-18, 4.18690288343e-18, 5.37048336189e-18, 5.18617594088e-18, 7.57818374904e-18, 7.66546371137e-18, 8.70848056116e-18, 9.42203468169e-18, 9.66335056333e-18, 8.46677342309e-18, 9.91526180144e-18, 8.39708841957e-18, 7.39087531677e-18, 5.52842522805e-18, 3.3858711044e-18, 2.14324523305e-18, 8.12363481337e-19, 2.33649700972e-19, 2.63648892226e-20],
        "stdev": [0.00157906441018, 0.0179973095655, 0.343736499548, 2.42313456535, 2.19884181023, 25.2219982147, 176.395828247, 137.506469727, 313.306671143, 431.687591553, 231.078308105, 56.277256012, 125.537208557, 100.882888794, 53.4770927429, 54.826751709, 73.2537612915, 88.1621398926, 96.4444503784, 91.2576980591, 71.7992630005, 139.855148315, 82.7618942261, 39.0232086182, 36.3690261841, 10.6483812332, 6.95553255081, 12.4704217911, 12.7551412582, 9.9114074707, 3.95221114159, 2.53873682022, 0.931984603405, 0.155280053616, 0.0772887244821, 0.051493383944, 0.0229717921466, 0.000785761629231, 8.32172299852e-05, 7.09422383807e-05]
    },
    "gfcc": {
        "mean": [-565.462768555, 42.1202735901, -103.465667725, 5.27347946167, -39.5871009827, 6.40215539932, -26.8446903229, -0.193633258343, -9.38817691803, -1.81699955463, -8.06571674347, -0.897491395473, -3.19207906723],
        "cov": [[344540.5, 19914.5566406, -53029.671875, 2298.92797852, -19542.2519531, 3152.58081055, -13288.6826172, -144.630203247, -4380.03466797, -1088.46191406, -3847.00439453, -580.811889648, -1392.6427002], [19914.5566406, 1977.13415527, -2507.453125, 48.9393692017, -1066.35900879, -1.02196514606, -812.182128906, -79.3074417114, -248.461013794, -131.402664185, -240.129806519, -73.956451416, -108.931480408], [-53029.671875, -2507.453125, 9272.24804688, -299.492340088, 2995.55859375, -612.235778809, 1963.00158691, 21.470117569, 587.92175293, 168.451141357, 516.273254395, 100.670120239, 125.544799805], [2298.92797852, 48.9393692017, -299.492340088, 223.996902466, -154.915649414, -2.20567822456, -88.6220550537, -15.9969854355, -10.4880504608, -24.2029876709, 7.93872213364, 3.29335308075, -14.0741033554], [-19542.2519531, -1066.35900879, 2995.55859375, -154.915649414, 1189.22937012, -162.098419189, 774.20135498, 14.1381435394, 253.190475464, 64.0038909912, 212.325454712, 31.4059333801, 76.2180786133], [3152.58081055, -1.02196514606, -612.235778809, -2.20567822456, -162.098419189, 187.930404663, -94.342376709, 46.9637069702, -64.3915100098, 31.8106384277, -60.0789375305, 3.38515424728, 0.395215332508], [-13288.6826172, -812.182128906, 1963.00158691, -88.6220550537, 774.20135498, -94.342376709, 572.265441895, 23.3224563599, 184.286087036, 53.0193405151, 157.935806274, 22.5975990295, 51.3279151917], [-144.630203247, -79.3074417114, 21.470117569, -15.9969854355, 14.1381435394, 46.9637069702, 23.3224563599, 54.8244667053, -3.4704310894, 24.5141353607, -8.28256607056, 6.93029642105, -2.99116921425], [-4380.03466797, -248.461013794, 587.92175293, -10.4880504608, 253.190475464, -64.3915100098, 184.286087036, -3.4704310894, 105.808433533, 2.82253432274, 73.8585586548, 1.38523089886, 21.5994415283], [-1088.46191406, -131.402664185, 168.451141357, -24.2029876709, 64.0038909912, 31.8106384277, 53.0193405151, 24.5141353607, 2.82253432274, 54.549282074, 5.18780422211, 13.3910160065, 4.25302600861], [-3847.00439453, -240.129806519, 516.273254395, 7.93872213364, 212.325454712, -60.0789375305, 157.935806274, -8.28256607056, 73.8585586548, 5.18780422211, 89.4818344116, 13.0508489609, 21.0409240723], [-580.811889648, -73.956451416, 100.670120239, 3.29335308075, 31.4059333801, 3.38515424728, 22.5975990295, 6.93029642105, 1.38523089886, 13.3910160065, 13.0508489609, 32.122013092, 7.67844820023], [-1392.6427002, -108.931480408, 125.544799805, -14.0741033554, 76.2180786133, 0.395215332508, 51.3279151917, -2.99116921425, 21.5994415283, 4.25302600861, 21.0409240723, 7.67844820023, 35.8540763855]],
        "icov": [[0.000511295802426, -0.00146436528303, 0.00150545453653, -0.00126887927763, 0.00165548094083, -0.000121089629829, 0.0012750341557, -0.00138579390477, 0.00109879078809, -0.000996481510811, 0.00183014327195, -0.00200982065871, 0.00299508590251], [-0.00146436528303, 0.00587489502504, -0.00438260100782, 0.00437391689047, -0.0044851237908, 0.00128605577629, -0.00156469328795, 0.00447708694264, -0.00330437882803, 0.00392493605614, -0.00440791388974, 0.00672859046608, -0.00716236839071], [0.00150545453653, -0.00438260100782, 0.00538833346218, -0.00434984266758, 0.00274674175307, 0.00160739105195, 0.00269454251975, -0.00463162641972, 0.00488541228697, -0.00377496215515, 0.00654047215357, -0.00664455303922, 0.00957349687815], [-0.00126887927763, 0.00437391689047, -0.00434984266758, 0.0097300298512, -0.00134688196704, -0.00139307777863, -0.00177315447945, 0.00511782895774, -0.00471314042807, 0.00522655667737, -0.00861211214215, 0.00401303591207, -0.00468853814527], [0.00165548094083, -0.0044851237908, 0.00274674175307, -0.00134688196704, 0.0182214844972, -0.00307422829792, -0.00411570491269, -0.00148705253378, -0.000541898421943, -0.00119800784159, 0.00516261858866, -0.00623561162502, 0.00637002382427], [-0.000121089629829, 0.00128605577629, 0.00160739105195, -0.00139307777863, -0.00307422829792, 0.0159128010273, -0.0029880378861, -0.0076621575281, 0.00717367650941, -0.00515327835456, 0.00703794881701, 0.00114968093112, -0.00505989603698], [0.0012750341557, -0.00156469328795, 0.00269454251975, -0.00177315447945, -0.00411570491269, -0.0029880378861, 0.0268711298704, -0.00657188938931, -0.00486301723868, -0.0039538484998, -0.00292387977242, -0.00125165143982, 0.00978808477521], [-0.00138579390477, 0.00447708694264, -0.00463162641972, 0.00511782895774, -0.00148705253378, -0.0076621575281, -0.00657188938931, 0.0345205105841, -0.00802286434919, -0.00283350492828, -0.00128974707332, 0.00090451183496, -0.000731727224775], [0.00109879078809, -0.00330437882803, 0.00488541228697, -0.00471314042807, -0.000541898421943, 0.00717367650941, -0.00486301723868, -0.00802286434919, 0.0391190946102, -0.00077116349712, -0.00872333813459, 0.00410308968276, 0.00181429402437], [-0.000996481510811, 0.00392493605614, -0.00377496215515, 0.00522655667737, -0.00119800784159, -0.00515327835456, -0.0039538484998, -0.00283350492828, -0.00077116349712, 0.0330391861498, -0.00487425597385, -0.00354572641663, -0.00331814750098], [0.00183014327195, -0.00440791388974, 0.00654047215357, -0.00861211214215, 0.00516261858866, 0.00703794881701, -0.00292387977242, -0.00128974707332, -0.00872333813459, -0.00487425597385, 0.0472158193588, -0.018458513543, 0.0065157241188], [-0.00200982065871, 0.00672859046608, -0.00664455303922, 0.00401303591207, -0.00623561162502, 0.00114968093112, -0.00125165143982, 0.00090451183496, 0.00410308968276, -0.00354572641663, -0.018458513543, 0.0508866049349, -0.0197875909507], [0.00299508590251, -0.00716236839071, 0.00957349687815, -0.00468853814527, 0.00637002382427, -0.00505989603698, 0.00978808477521, -0.000731727224775, 0.00181429402437, -0.00331814750098, 0.0065157241188, -0.0197875909507, 0.0592582859099]]
    },
    "melbands": {
        "max": [0.000373052025679, 0.00185513170436, 0.0072730104439, 0.0164767559618, 0.120792493224, 0.0724210217595, 0.0767966732383, 0.0843852981925, 0.0311809983104, 0.00526461470872, 0.0114619182423, 0.00867928843945, 0.00387829076499, 0.00193786120508, 0.001265225932, 0.00169181195088, 0.00137849943712, 0.00128656846937, 0.00116922811139, 0.000819224514998, 0.000883323256858, 0.00291731744073, 0.00215328647755, 0.000946253305301, 0.000707828905433, 0.000446636491688, 0.000584260560572, 5.88920338487e-05, 3.2819883927e-05, 0.000206875483855, 9.98134055408e-05, 0.000119420074043, 0.000165124831256, 6.30579452263e-05, 3.42623607139e-05, 3.42534767697e-05, 2.42299684032e-05, 1.90464870684e-05, 1.86637657862e-06, 1.6901555e-06],
        "mean": [4.2805963858e-06, 3.52981187461e-05, 6.94540940458e-05, 0.00011612536764, 0.000487067503855, 0.000470375001896, 0.000530217483174, 0.000565225549508, 0.000198146270122, 8.33125086501e-05, 0.000115030430607, 0.000101513782283, 8.30785138533e-05, 7.93313956819e-05, 8.14656523289e-05, 8.87737041921e-05, 9.31101458264e-05, 8.48666895763e-05, 7.86866148701e-05, 5.58501415071e-05, 4.84683187096e-05, 5.90534909861e-05, 4.1065581172e-05, 1.88759913726e-05, 9.11508050194e-06, 6.87209148964e-06, 4.78081528854e-06, 2.06625463761e-06, 1.91591902876e-06, 2.60241631622e-06, 2.35666766457e-06, 1.98124917006e-06, 1.60007380146e-06, 9.84405346571e-07, 5.70049735416e-07, 4.78293884498e-07, 3.54573273853e-07, 2.25910198992e-07, 9.08609223416e-08, 6.14456041603e-08],
        "min": [5.13052502309e-25, 1.14215157137e-24, 8.91780037651e-25, 1.15877563166e-24, 1.66777008556e-24, 1.20333946888e-24, 9.2871549131e-25, 8.46608876142e-25, 1.02549807476e-24, 1.25089565273e-24, 1.77090082993e-24, 1.2705089042e-24, 1.93883511715e-24, 2.08575434708e-24, 2.11082020512e-24, 2.34446147816e-24, 2.09698417649e-24, 2.62692338046e-24, 2.61446667513e-24, 1.33273188582e-24, 2.69783527053e-24, 3.32004220977e-24, 2.55669819382e-24, 3.40207033328e-24, 3.20342293e-24, 3.74539245999e-24, 2.99942921915e-24, 3.65063724907e-24, 3.99086230787e-24, 4.10151069945e-24, 4.13963555814e-24, 5.1389286597e-24, 4.65192498543e-24, 5.614646101e-24, 4.48497598548e-24, 4.7929618768e-24, 5.45832976276e-24, 4.85052781807e-24, 5.46754523585e-24, 5.19797371517e-24],
        "stdev": [1.51120448209e-05, 0.000146427075379, 0.000355773197953, 0.000789145182353, 0.00476765446365, 0.00347817060538, 0.00445391004905, 0.00500944117084, 0.00149220356252, 0.000341710139764, 0.000618156569544, 0.000403965445003, 0.000195938438992, 0.000154562396347, 0.000151139465743, 0.000165419027326, 0.000167869526194, 0.000156833819347, 0.000146466991282, 0.000102314144897, 8.37221014081e-05, 0.000148165956489, 0.000116166098451, 5.68506256968e-05, 2.98446011584e-05, 2.4334713089e-05, 2.44753973675e-05, 3.89544356949e-06, 3.36381140187e-06, 8.55046801007e-06, 7.01425733496e-06, 7.53354061089e-06, 8.14848863229e-06, 4.24811059929e-06, 2.03834019885e-06, 2.06476693165e-06, 1.42417445659e-06, 9.12691405119e-07, 1.68469782125e-07, 1.20591224118e-07]
    },
    "melbands128": {
        "max": [0.00019469417748, 0.000332821393386, 0.000553424179088, 0.000588333059568, 0.00118744792417, 0.00436118803918, 0.0114327166229, 0.00915882922709, 0.00221058470197, 0.010371058248, 0.0306807570159, 0.0773252919316, 0.174414947629, 0.257914155722, 0.0413821823895, 0.105326846242, 0.0940210595727, 0.140826374292, 0.0460908673704, 0.132750064135, 0.147356525064, 0.0855524465442, 0.0234901420772, 0.0127265574411, 0.00697084516287, 0.00183419976383, 0.0184529386461, 0.0218636263162, 0.0160763133317, 0.00795752648264, 0.0174890719354, 0.00948312040418, 0.00181613920722, 0.00225707190111, 0.00431539630517, 0.00343638798222, 0.0019454061985, 0.00177143374458, 0.00234771030955, 0.00261756405234, 0.00189012661576, 0.00248450483195, 0.00208297814243, 0.00253538531251, 0.00188796420116, 0.00171959167346, 0.00224100938067, 0.0016610303428, 0.00150841742288, 0.0015017753467, 0.000834584061522, 0.00151438417379, 0.00075379316695, 0.00173499807715, 0.000979793607257, 0.00347858294845, 0.00526280608028, 0.00319504085928, 0.0023912966717, 0.00129482510965, 0.00108236633241, 0.000853135250509, 0.000932003953494, 0.000642396567855, 0.000348792324075, 0.000301528314594, 0.000504488882143, 0.00108800560702, 0.000516666739713, 0.000163833450642, 2.59039825323e-05, 2.57677875197e-05, 1.96081509785e-05, 5.52674864593e-05, 4.26811238867e-05, 0.000268973235507, 0.000258843589108, 0.000100468096207, 8.10132551123e-05, 0.000143150042277, 0.000162330266903, 8.99156875676e-05, 0.000125593709527, 0.000289684452582, 0.000159608098329, 9.56167423283e-05, 6.29734931863e-05, 3.86155443266e-05, 2.81064803858e-05, 4.36067675764e-05, 3.82902144338e-05, 3.45238186128e-05, 2.58639138337e-05, 2.85867045022e-05, 2.52128411375e-05, 3.16812220262e-05, 2.22030648729e-05, 4.62756179331e-06, 1.46054617289e-06, 1.34840752253e-06, 1.50154164658e-06, 2.19234220822e-06, 1.40996280606e-06, 2.18866466639e-06, 1.06225809304e-06, 1.16584396892e-06, 9.29921384341e-07, 1.96036762645e-06, 1.85555268217e-06, 3.26930876327e-06, 1.6522402575e-06, 3.93888149119e-06, 2.79387631963e-06, 8.46150499001e-07, 4.30063238355e-08, 4.17107699491e-08, 4.72038266253e-08, 3.42263248854e-08, 3.0855062505e-08, 5.11546645043e-08, 1.58054731969e-07, 2.86001444749e-08, 2.66759148104e-08, 2.31357883962e-08, 1.8296063331e-08, 1.38016229556e-08, 1.28021033774e-08, 1.61382391894e-08],
        "mean": [1.56057376444e-06, 2.96124380839e-06, 4.83115900352e-06, 7.86268265074e-06, 1.9408931621e-05, 6.30874783383e-05, 0.000109364009404, 6.17799305473e-05, 2.26626470976e-05, 6.53710376355e-05, 0.000187941390323, 0.000357990968041, 0.000622497289442, 0.000629701593425, 0.000293360237265, 0.000486740114866, 0.000637133140117, 0.000575566664338, 0.000324051245116, 0.00062021141639, 0.000721225282177, 0.000300260348013, 0.000113477326522, 0.000108680615085, 7.20865573385e-05, 6.3564570155e-05, 0.000126727696625, 0.000130401342176, 9.77823729045e-05, 0.000100102639408, 0.000109758686449, 8.82079693838e-05, 8.04077499197e-05, 8.01399437478e-05, 7.9092431406e-05, 7.86771342973e-05, 8.0209763837e-05, 7.81853523222e-05, 8.47613846418e-05, 8.8130349468e-05, 8.82860986167e-05, 9.22568942769e-05, 9.58223972702e-05, 9.40307800192e-05, 8.42877925606e-05, 8.36739709484e-05, 8.39093627292e-05, 8.34835154819e-05, 7.56178342272e-05, 6.5703628934e-05, 5.22395785083e-05, 4.76885252283e-05, 4.37159578723e-05, 4.9535978178e-05, 5.77538266953e-05, 6.31522925687e-05, 5.83559085499e-05, 4.7345591156e-05, 3.62145437975e-05, 2.55979357462e-05, 1.86265406228e-05, 1.34146166602e-05, 1.00309271147e-05, 7.95824598754e-06, 7.09861888026e-06, 7.096045465e-06, 6.34419393464e-06, 6.61124977341e-06, 4.26436645284e-06, 2.6777668154e-06, 1.97403801394e-06, 1.77437902948e-06, 1.75153036253e-06, 2.06890990739e-06, 1.85973738098e-06, 2.66639153779e-06, 2.99946600535e-06, 2.35684183281e-06, 2.22973835662e-06, 2.40593226408e-06, 2.22723474508e-06, 1.68457700056e-06, 1.60412764671e-06, 1.78030620646e-06, 1.40340409871e-06, 1.21974960621e-06, 7.79058154876e-07, 6.04643105362e-07, 5.47813272078e-07, 5.7102329265e-07, 5.12122710461e-07, 4.48714814638e-07, 4.20087985731e-07, 3.71455570303e-07, 3.02566036225e-07, 2.80031883904e-07, 2.21672721068e-07, 1.25547572338e-07, 8.74743406598e-08, 7.47694599568e-08, 6.89229011641e-08, 6.08151466963e-08, 5.07925506099e-08, 4.21984545085e-08, 3.9288714504e-08, 3.5839313739e-08, 3.05410949863e-08, 2.99654558944e-08, 2.56634500317e-08, 1.89706543807e-08, 1.47313299337e-08, 1.02791073431e-08, 9.17131259826e-09, 2.62128008188e-09, 3.1201269346e-10, 8.86539508471e-10, 1.53735812969e-09, 1.55164103788e-10, 1.23666063501e-10, 1.21912938078e-10, 2.44938874738e-10, 8.63425997366e-11, 7.38403158063e-11, 6.45116252085e-11, 5.64114484292e-11, 5.03840268118e-11, 4.80857367813e-11, 5.27411031515e-11],
        "min": [2.45043200469e-26, 6.97679924453e-26, 1.51904399438e-25, 1.37579634498e-25, 2.55544143979e-25, 1.0574447474e-25, 8.44487924991e-26, 1.68055229463e-25, 3.28260208235e-25, 2.35294528276e-25, 3.02216976177e-25, 1.24797104953e-25, 2.88867600768e-25, 2.06925808226e-25, 3.29970212158e-25, 2.70186166589e-25, 2.44892253784e-25, 1.22738708006e-25, 2.47454202833e-25, 4.07462878499e-25, 4.84368829541e-25, 6.32926277048e-25, 5.80002634297e-25, 3.8639006179e-25, 2.8082388194e-25, 3.36395089801e-25, 2.67472583683e-25, 7.61391634514e-25, 5.55689103033e-25, 6.48848645559e-25, 8.31919497226e-25, 2.8958543954e-25, 6.23767799154e-25, 6.49136037447e-25, 7.00783944204e-25, 5.42461976412e-25, 6.11124232387e-25, 5.41724588681e-25, 5.02175047198e-25, 9.28690642191e-25, 1.2532733781e-24, 1.33280455963e-24, 9.07435475353e-25, 8.48803881611e-25, 6.33684766808e-25, 4.7667166717e-25, 5.93314464857e-25, 9.91031164087e-25, 7.78188159515e-25, 5.95506857224e-25, 8.28666727891e-25, 7.51709402282e-25, 1.46686003199e-24, 1.74799013987e-24, 1.79951084281e-24, 1.00447788986e-24, 1.25598725683e-24, 1.00882116079e-24, 1.86316225431e-24, 1.93513674001e-24, 1.2863288194e-24, 1.95995509295e-24, 1.98872682232e-24, 1.60352762002e-24, 1.54144426678e-24, 1.90143285505e-24, 1.87748481291e-24, 1.73695298973e-24, 1.76332066549e-24, 1.00215193348e-24, 1.804717522e-24, 1.4674935859e-24, 2.29739803655e-24, 2.67287038667e-24, 1.75033404284e-24, 1.74273001535e-24, 2.18333683548e-24, 2.57750104754e-24, 1.88602009069e-24, 2.19643902626e-24, 2.29052370541e-24, 2.58453019263e-24, 2.25907320163e-24, 1.57142334776e-24, 2.57714980722e-24, 2.40207435665e-24, 3.23580133142e-24, 3.11006203073e-24, 3.09881208536e-24, 2.4541068331e-24, 1.82605344847e-24, 3.15264947556e-24, 3.7422374108e-24, 3.8763607252e-24, 1.99465116772e-24, 4.21060819049e-24, 2.80991800845e-24, 3.74723484464e-24, 2.55015538147e-24, 3.72466277313e-24, 3.47436194106e-24, 3.54265284077e-24, 3.71060172192e-24, 3.01184924246e-24, 4.38321608415e-24, 4.34180246435e-24, 2.89522089079e-24, 4.27518631634e-24, 4.00095302214e-24, 3.94672869567e-24, 3.45859340043e-24, 4.65069081255e-24, 4.38719273197e-24, 4.81668805182e-24, 3.99546807227e-24, 3.88298124035e-24, 4.12013491656e-24, 4.38279443799e-24, 4.46980737356e-24, 4.95900171456e-24, 5.1724919302e-24, 5.02222063308e-24, 3.68392284054e-24, 4.65002659166e-24, 4.60671418366e-24, 5.20104435624e-24, 5.21972694906e-24, 3.94230279156e-24],
        "stdev": [7.1405579547e-06, 1.34168731165e-05, 2.01135862881e-05, 2.89352501568e-05, 9.77392410277e-05, 0.000300062500173, 0.000586629961617, 0.00040021724999, 0.000120740820421, 0.000540853245184, 0.00148520956282, 0.0030208020471, 0.00688743079081, 0.00922021362931, 0.00247188587673, 0.00432759849355, 0.00570637034252, 0.00667251599953, 0.00281254923902, 0.00658367434517, 0.00746635207906, 0.00322086177766, 0.000881205021869, 0.000763771065976, 0.000327733258018, 0.000154218636453, 0.000874722725712, 0.000934326671995, 0.000563495326787, 0.000420740398113, 0.000619722588453, 0.000340741244145, 0.000180055358214, 0.0001850167464, 0.000199669884751, 0.000182480071089, 0.000169241597177, 0.000161602016306, 0.000187997415196, 0.000191699975403, 0.000190770617337, 0.00019292345678, 0.000190136430319, 0.000200500595383, 0.000172462227056, 0.000180930001079, 0.000180173607077, 0.000177640918992, 0.000156603826326, 0.000138482064358, 0.000106617466372, 0.000100598277641, 8.38136911625e-05, 0.000100722390926, 0.00011680006719, 0.000177188165253, 0.000208354860661, 0.000150218911585, 0.000109663218609, 7.44691569707e-05, 6.32614028291e-05, 4.78734291391e-05, 3.61636193702e-05, 2.7467696782e-05, 2.18880886678e-05, 2.40886456595e-05, 2.650913666e-05, 4.46305493824e-05, 2.12986051338e-05, 7.53282256483e-06, 3.73559396394e-06, 3.31505771101e-06, 3.17322837873e-06, 4.23363962909e-06, 3.57699286724e-06, 9.58990221989e-06, 1.21244056572e-05, 6.58668022879e-06, 6.30478507446e-06, 9.22513117985e-06, 9.29765701585e-06, 6.14449481873e-06, 6.87592137183e-06, 1.12297893793e-05, 7.32018952476e-06, 6.0380443756e-06, 2.98840768664e-06, 1.8876763761e-06, 1.80054519205e-06, 2.69264864983e-06, 2.33833770835e-06, 1.99505370801e-06, 1.77010213065e-06, 1.63406741649e-06, 1.26272061607e-06, 1.3612842622e-06, 1.03407296592e-06, 3.03068503626e-07, 1.66544467106e-07, 1.38351907708e-07, 1.33559183269e-07, 1.34311491706e-07, 1.07454368958e-07, 1.04724477978e-07, 8.97088128227e-08, 8.84102533405e-08, 7.29882643213e-08, 9.58839407872e-08, 9.22175544815e-08, 1.17313305736e-07, 8.23776744596e-08, 1.30579167035e-07, 1.19772025187e-07, 3.51963791445e-08, 1.96336369385e-09, 2.17184448204e-09, 3.21971382888e-09, 1.29229094092e-09, 1.09208808663e-09, 1.73243375201e-09, 4.86918949605e-09, 1.04431496784e-09, 9.34722743651e-10, 8.12561629093e-10, 6.74343691998e-10, 5.84646220325e-10, 5.78768200032e-10, 6.71721400725e-10]
    },
    "mfcc": {
        "mean": [-936.176269531, 61.3650512695, -28.0944976807, -3.7899711132, -4.4005317688, 0.80610704422, -9.80839347839, -0.693262696266, -2.02313232422, -2.36717867851, -2.15429615974, -0.139800220728, -2.57135462761],
        "cov": [[88049.1171875, 12541.765625, -9582.58886719, -1800.85632324, -1648.34362793, -15.1545381546, -2899.64819336, -139.045318604, -629.588623047, -786.399169922, -520.012878418, 49.783821106, -767.478881836], [12541.765625, 3512.68261719, -641.552307129, -54.5667724609, -55.4614334106, -47.245010376, -418.553283691, -88.4319839478, -88.5701065063, -79.9666137695, -149.348571777, -70.9658889771, -97.9950180054], [-9582.58886719, -641.552307129, 1763.57568359, 417.560058594, 292.244506836, -40.0350608826, 289.861602783, -14.6078081131, 27.8299427032, 101.98890686, 14.2452745438, -59.6309242249, 64.8389892578], [-1800.85632324, -54.5667724609, 417.560058594, 260.301330566, 74.9501266479, -21.3299217224, 22.0285549164, 3.10628437996, -33.1909255981, -1.76807618141, 16.6016387939, 0.419550299644, -1.44801747799], [-1648.34362793, -55.4614334106, 292.244506836, 74.9501266479, 103.181610107, 10.0885000229, 59.3021774292, 3.6144490242, 14.4750299454, 21.0511398315, -3.49911808968, -9.66096782684, 14.3274335861], [-15.1545381546, -47.245010376, -40.0350608826, -21.3299217224, 10.0885000229, 67.1740646362, 34.637966156, 9.20013618469, 22.9520187378, 10.8084163666, 1.93557798862, 6.05565881729, 8.2729101181], [-2899.64819336, -418.553283691, 289.861602783, 22.0285549164, 59.3021774292, 34.637966156, 158.964828491, 17.7355976105, 47.3641242981, 45.3071975708, 22.3726520538, 3.09636235237, 37.9933776855], [-139.045318604, -88.4319839478, -14.6078081131, 3.10628437996, 3.6144490242, 9.20013618469, 17.7355976105, 40.7843856812, 10.9761838913, 1.50724565983, 14.0673770905, 12.6511354446, -2.64113712311], [-629.588623047, -88.5701065063, 27.8299427032, -33.1909255981, 14.4750299454, 22.9520187378, 47.3641242981, 10.9761838913, 51.6807403564, 25.8426113129, 5.89655208588, 1.36316227913, 14.2368392944], [-786.399169922, -79.9666137695, 101.98890686, -1.76807618141, 21.0511398315, 10.8084163666, 45.3071975708, 1.50724565983, 25.8426113129, 45.8699417114, 7.81972312927, -4.30720615387, 16.8370571136], [-520.012878418, -149.348571777, 14.2452745438, 16.6016387939, -3.49911808968, 1.93557798862, 22.3726520538, 14.0673770905, 5.89655208588, 7.81972312927, 38.3028869629, 20.1921596527, 3.69045090675], [49.783821106, -70.9658889771, -59.6309242249, 0.419550299644, -9.66096782684, 6.05565881729, 3.09636235237, 12.6511354446, 1.36316227913, -4.30720615387, 20.1921596527, 33.0704956055, 4.87061738968], [-767.478881836, -97.9950180054, 64.8389892578, -1.44801747799, 14.3274335861, 8.2729101181, 37.9933776855, -2.64113712311, 14.2368392944, 16.8370571136, 3.69045090675, 4.87061738968, 32.853061676]],
        "icov": [[0.000153901637532, -0.000347861059709, 0.00043964892393, 9.43244594964e-05, 0.000462738360511, -0.000542057328857, 0.000859855383169, -0.000529403157998, 0.000584729481488, -0.000482361268951, 0.000360481353709, -0.00022232804622, 0.00057817081688], [-0.000347861059709, 0.00128417089581, -0.000905519002117, -0.000357479322702, -0.00155701325275, 0.00101715454366, -0.000536279287189, 0.0015238544438, -0.00166736391839, 0.000569072144572, 0.000249743170571, 0.000622020510491, -0.00104831077624], [0.00043964892393, -0.000905519002117, 0.00379612972029, -0.00249133072793, -0.00163051078562, 0.00109317305032, -0.000936298572924, -1.80330480362e-05, 0.00169913785066, -0.00280678248964, 0.00150329305325, 0.00208445033059, 0.00170913292095], [9.43244594964e-05, -0.000357479322702, -0.00249133072793, 0.00978578161448, -0.00233142171055, -0.00204580323771, 0.00372085464187, -0.00229311408475, 0.00642191804945, 0.00153066671919, -0.00494977366179, -0.00247668498196, 0.000885765242856], [0.000462738360511, -0.00155701325275, -0.00163051078562, -0.00233142171055, 0.0236383993179, -0.00507622770965, 0.000190499777091, -0.00471600564197, -0.00116789736785, -0.0020341698546, 0.00759792979807, -0.00228367652744, 0.000684596365318], [-0.000542057328857, 0.00101715454366, 0.00109317305032, -0.00204580323771, -0.00507622770965, 0.0240141041577, -0.0109491003677, 0.00214236811735, -0.00700299162418, 0.000671018322464, 0.00313070090488, -0.00218298565596, -0.000212717044633], [0.000859855383169, -0.000536279287189, -0.000936298572924, 0.00372085464187, 0.000190499777091, -0.0109491003677, 0.0296672340482, -0.0076749259606, -0.00322404573672, -0.00527721177787, -0.00380938244052, 0.000893031654414, -0.00735551305115], [-0.000529403157998, 0.0015238544438, -1.80330480362e-05, -0.00229311408475, -0.00471600564197, 0.00214236811735, -0.0076749259606, 0.0369667932391, -0.00924502592534, 0.00347070093267, -0.00577213196084, -0.00818095449358, 0.00956623721868], [0.000584729481488, -0.00166736391839, 0.00169913785066, 0.00642191804945, -0.00116789736785, -0.00700299162418, -0.00322404573672, -0.00924502592534, 0.0425661578774, -0.0148735875264, 0.000344765750924, -0.000613621319644, 0.000102949918073], [-0.000482361268951, 0.000569072144572, -0.00280678248964, 0.00153066671919, -0.0020341698546, 0.000671018322464, -0.00527721177787, 0.00347070093267, -0.0148735875264, 0.0432948209345, -0.0140055045485, 0.0120067298412, -0.0128137124702], [0.000360481353709, 0.000249743170571, 0.00150329305325, -0.00494977366179, 0.00759792979807, 0.00313070090488, -0.00380938244052, -0.00577213196084, 0.000344765750924, -0.0140055045485, 0.0565266497433, -0.0310087632388, 0.0110963676125], [-0.00022232804622, 0.000622020510491, 0.00208445033059, -0.00247668498196, -0.00228367652744, -0.00218298565596, 0.000893031654414, -0.00818095449358, -0.000613621319644, 0.0120067298412, -0.0310087632388, 0.0618382170796, -0.0192782785743], [0.00057817081688, -0.00104831077624, 0.00170913292095, 0.000885765242856, 0.000684596365318, -0.000212717044633, -0.00735551305115, 0.00956623721868, 0.000102949918073, -0.0128137124702, 0.0110963676125, -0.0192782785743, 0.0546485669911]]
    },
    "spectral_contrast_coeffs": {
        "max": [-0.195021539927, -0.358468770981, -0.513134837151, -0.663373231888, -0.544731616974, -0.568427324295],
        "mean": [-0.819815933704, -0.875652849674, -0.875513017178, -0.880502223969, -0.859897077084, -0.839688956738],
        "min": [-0.983651816845, -0.982031047344, -0.97625887394, -0.974697768688, -0.968185544014, -0.965876221657],
        "stdev": [0.142285078764, 0.0999528989196, 0.0845988988876, 0.0763714462519, 0.0967575907707, 0.110824041069]
    },
    "spectral_contrast_valleys": {
        "max": [-6.14757871628, -3.75851845741, -5.11844539642, -5.05521059036, -5.98345565796, -8.87219905853],
        "mean": [-16.1343955994, -15.2861814499, -15.3866968155, -15.3880472183, -15.7874698639, -17.5264663696],
        "min": [-28.4285106659, -28.053155899, -28.0008029938, -27.6537723541, -27.5479488373, -27.4584007263],
        "stdev": [9.16933727264, 9.86354160309, 9.86782073975, 9.86707210541, 9.5282125473, 8.07251834869]
    }
},
"rhythm": {
    "beats_count": 57,
    "beats_loudness": {
        "max": 0.401078402996,
        "mean": 0.0264635868371,
        "min": 0,
        "stdev": 0.0820131897926
    },
    "bpm": 122.386512756,
    "bpm_histogram_first_peak_bpm": 123,
    "bpm_histogram_first_peak_weight": 0.230769217014,
    "bpm_histogram_second_peak_bpm": 108,
    "bpm_histogram_second_peak_spread": 0.714285731316,
    "bpm_histogram_second_peak_weight": 0.107142858207,
    "danceability": 0.911043226719,
    "onset_rate": 0.965073525906,
    "beats_loudness_band_ratio": {
        "max": [0.76412153244, 0.673291146755, 0.801206886768, 0.51413500309, 0.619848370552, 0.489848613739],
        "mean": [0.0814083814621, 0.103348173201, 0.126888424158, 0.155362680554, 0.154376477003, 0.0332364439964],
        "min": [0, 0, 0, 0, 0, 0],
        "stdev": [0.178384765983, 0.176505610347, 0.173009812832, 0.18359066546, 0.193035408854, 0.0674379840493]
    },
    "beats_position": [0.53405892849, 1.07972788811, 1.62539684772, 2.17106580734, 2.71673464775, 3.25079369545, 3.78485250473, 4.31891155243, 4.85297060013, 5.38702917099, 5.92108821869, 6.43192720413, 6.94276618958, 7.45360517502, 7.96444416046, 8.47528362274, 8.99773216248, 9.52018165588, 10.0426301956, 10.6115188599, 11.1804075241, 11.749297142, 12.3065757751, 12.8754644394, 13.4443531036, 14.0016326904, 14.5589113235, 15.1161899567, 15.6734695435, 16.2307472229, 16.8112468719, 17.391746521, 17.8909740448, 18.3785934448, 18.8662128448, 19.365442276, 19.8646717072, 20.3522891998, 20.8399085999, 21.3275279999, 21.8151473999, 22.3027667999, 22.7903842926, 23.2780036926, 23.7656230927, 24.1719722748, 24.5783214569, 24.984670639, 25.3677997589, 25.7509288788, 26.1340579987, 26.5287971497, 26.9119262695, 27.3066654205, 27.7014045715, 28.0845336914, 28.4676647186],
