{
"metadata": {
    "version": {
        "essentia": "2.1-beta5",
        "essentia_git_sha": "Undefined",
        "extractor": "music 2.0"
    },
    "audio_properties": {
        "analysis": {
            "equal_loudness": 0,
            "length": 12.7477550507,
            "sample_rate": 44100,
            "start_time": 0,
            "downmix": "mix"
        },
        "bit_rate": 192000,
        "length": 185.79447937,
        "lossless": 0,
        "number_channels": 2,
        "replay_gain": -8.58615112305,
        "sample_rate": 48000,
        "codec": "mp3",
        "md5_encoded": "fc3071af11164073918792d0cdac0391"
    },
    "tags": {
        "file_name": "Iceland_Minn Hinsti Dans_Paul Oscar.mp3",
        "encoding": ["Lavf58.29.100"]
    }
},
"lowlevel": {
    "average_loudness": 0.157467395067,
    "barkbands_crest": {
        "max": 26.8460636139,
        "mean": 8.67671871185,
        "min": 3.22925496101,
        "stdev": 4.03056621552
    },
    "barkbands_flatness_db": {
        "max": 0.468074709177,
        "mean": 0.193526521325,
        "min": 0.0569015070796,
        "stdev": 0.0400835983455
    },
    "barkbands_kurtosis": {
        "max": 1854.36999512,
        "mean": 7.58638477325,
        "min": -1.80478024483,
        "stdev": 92.4940948486
    },
    "barkbands_skewness": {
        "max": 41.1697883606,
        "mean": 0.805124163628,
        "min": -2.47241449356,
        "stdev": 2.57213521004
    },
    "barkbands_spread": {
        "max": 51.4463539124,
        "mean": 15.7146291733,
        "min": 0.198167279363,
        "stdev": 7.38443088531
    },
    "dissonance": {
        "max": 0.499999910593,
        "mean": 0.478562444448,
        "min": 0.361100882292,
        "stdev": 0.018568187952
    },
    "dynamic_complexity": 7.28294229507,
    "erbbands_crest": {
        "max": 31.9675769806,
        "mean": 8.6238822937,
        "min": 2.83688902855,
        "stdev": 4.94239425659
    },
    "erbbands_flatness_db": {
        "max": 0.404517650604,
        "mean": 0.263723760843,
        "min": 0.0624690465629,
        "stdev": 0.0427474863827
    },
    "erbbands_kurtosis": {
        "max": 23.5824565887,
        "mean": 0.248678222299,
        "min": -1.66991448402,
        "stdev": 2.41240859032
    },
    "erbbands_skewness": {
        "max": 1.6841801405,
        "mean": -0.118015401065,
        "min": -4.76418590546,
        "stdev": 0.797645390034
    },
    "erbbands_spread": {
        "max": 127.28528595,
        "mean": 25.6227855682,
        "min": 5.38512277603,
        "stdev": 13.6958723068
    },
    "hfc": {
        "max": 402.493560791,
        "mean": 10.2807664871,
        "min": 9.00356189959e-06,
        "stdev": 22.5031795502
    },
    "loudness_ebu128": {
        "integrated": -17.1741695404,
        "loudness_range": 12.7959184647,
        "momentary": {
            "max": -11.5928373337,
            "mean": -23.0139808655,
            "min": -36.8094940186,
            "stdev": 6.80922937393
        },
        "short_term": {
            "max": -13.2909631729,
            "mean": -21.8723220825,
            "min": -31.1947040558,
            "stdev": 4.24531364441
        }
    },
    "melbands_crest": {
        "max": 39.5427017212,
        "mean": 10.2710618973,
        "min": 2.71148276329,
        "stdev": 5.10537672043
    },
    "melbands_flatness_db": {
        "max": 0.444859057665,
        "mean": 0.195174142718,
        "min": 0.0205068998039,
        "stdev": 0.0570605322719
    },
    "melbands_kurtosis": {
        "max": 1198.97314453,
        "mean": 8.95278739929,
        "min": -1.85668921471,
        "stdev": 68.0977020264
    },
    "melbands_skewness": {
        "max": 31.938999176,
        "mean": 1.41812860966,
        "min": -1.01910316944,
        "stdev": 2.30022835732
    },
    "melbands_spread": {
        "max": 118.449546814,
        "mean": 25.7384376526,
        "min": 0.539586126804,
        "stdev": 14.4747543335
    },
    "pitch_salience": {
        "max": 0.885533809662,
        "mean": 0.639504671097,
        "min": 0.0299629531801,
        "stdev": 0.149642705917
    },
    "silence_rate_20dB": {
        "max": 1,
        "mean": 1,
        "min": 1,
        "stdev": 0
    },
    "silence_rate_30dB": {
        "max": 1,
        "mean": 0.996363639832,
        "min": 0,
        "stdev": 0.060192540288
    },
    "silence_rate_60dB": {
        "max": 1,
        "mean": 0.569090902805,
        "min": 0,
        "stdev": 0.495204895735
    },
    "spectral_centroid": {
        "max": 3687.96484375,
        "mean": 1536.81347656,
        "min": 458.72744751,
        "stdev": 557.245056152
    },
    "spectral_complexity": {
        "max": 54,
        "mean": 13.1581821442,
        "min": 0,
        "stdev": 11.3558492661
    },
    "spectral_decrease": {
        "max": -3.07287883154e-16,
        "mean": -2.68619104737e-09,
        "min": -2.70091060628e-08,
        "stdev": 5.14143705388e-09
    },
    "spectral_energy": {
        "max": 0.1083111763,
        "mean": 0.0110708046705,
        "min": 1.9764287984e-09,
        "stdev": 0.0207945145667
    },
    "spectral_energyband_high": {
        "max": 0.051801212132,
        "mean": 0.000342665560311,
        "min": 8.79590678071e-10,
        "stdev": 0.00233825901523
    },
    "spectral_energyband_low": {
        "max": 0.0740569755435,
        "mean": 0.00235468498431,
        "min": 3.08025003073e-12,
        "stdev": 0.00955269578844
    },
    "spectral_energyband_middle_high": {
        "max": 0.0566290281713,
        "mean": 0.00368999876082,
        "min": 9.08758179818e-10,
        "stdev": 0.00642184447497
    },
    "spectral_energyband_middle_low": {
        "max": 0.0831660479307,
        "mean": 0.00518829748034,
        "min": 3.95375641948e-11,
        "stdev": 0.0107173649594
    },
    "spectral_entropy": {
        "max": 8.3375377655,
        "mean": 7.39169645309,
        "min": 6.08921575546,
        "stdev": 0.37337359786
    },
    "spectral_flux": {
        "max": 0.302966207266,
        "mean": 0.0430003814399,
        "min": 4.44570432592e-05,
        "stdev": 0.0464644096792
    },
    "spectral_kurtosis": {
        "max": 24.2746906281,
        "mean": 5.36114740372,
        "min": -0.389919519424,
        "stdev": 4.12281942368
    },
    "spectral_rms": {
        "max": 0.0102795641869,
        "mean": 0.00237270770594,
        "min": 1.38860480092e-06,
        "stdev": 0.00227399379946
    },
    "spectral_rolloff": {
        "max": 7579.6875,
        "mean": 1837.80175781,
        "min": 21.533203125,
        "stdev": 847.742126465
    },
    "spectral_skewness": {
        "max": 2.87092828751,
        "mean": 1.27409338951,
        "min": 0.249891608953,
        "stdev": 0.409246355295
    },
    "spectral_spread": {
        "max": 6791184.5,
        "mean": 2391269,
        "min": 1347348,
        "stdev": 686521.875
    },
    "spectral_strongpeak": {
        "max": 8.47083377838,
        "mean": 0.847211360931,
        "min": 0,
        "stdev": 1.29380536079
    },
    "zerocrossingrate": {
        "max": 0.208984375,
        "mean": 0.0637189298868,
        "min": 0,
        "stdev": 0.0243504997343
    },
    "barkbands": {
        "max": [0.000732122280169, 0.0674686804414, 0.0489525943995, 0.0474527254701, 0.0537295825779, 0.0203949175775, 0.0289693456143, 0.0332593098283, 0.0100005157292, 0.0514772124588, 0.012936626561, 0.0135850682855, 0.00526639213786, 0.00459142541513, 0.00498098414391, 0.00847073365003, 0.0113315945491, 0.00538062071428, 0.00588084524497, 0.00600844249129, 0.0199762545526, 0.0108819212765, 0.0123654538766, 0.00558050861582, 0.000201487870072, 2.02634373636e-06, 2.06089839594e-06],
        "mean": [1.52863576659e-05, 0.0012207266409, 0.00066480395617, 0.000753379950766, 0.000930671812966, 0.000808825192507, 0.000567536219023, 0.00149105757009, 0.000551337841898, 0.000803455710411, 0.000404236023314, 0.000495471875183, 0.000230891702813, 0.000272843521088, 0.000298235390801, 0.000382428552257, 0.00036365428241, 0.000297425634926, 0.000114069742267, 0.000117594965559, 0.000127808118123, 7.05835482222e-05, 6.21807339485e-05, 2.57487827184e-05, 5.41365011486e-07, 6.1234977089e-09, 5.71881342282e-09],
        "min": [9.57370033944e-13, 5.10625612973e-13, 1.17749256526e-12, 1.7345466426e-12, 7.61486707024e-12, 1.92730258836e-11, 6.2452473748e-13, 1.63965163062e-12, 7.18710464406e-12, 2.67880561483e-11, 2.55106352709e-11, 3.74607914133e-11, 3.71530549381e-11, 1.9634523174e-11, 7.03622438092e-11, 5.03679112307e-11, 1.02298447491e-10, 8.19653789286e-11, 7.50935147398e-11, 9.76024816524e-11, 1.49180071074e-10, 1.49267334604e-10, 1.53417820115e-10, 1.78047437904e-10, 2.67817365507e-11, 1.04415850966e-11, 1.23760880016e-11],
        "stdev": [6.13091397099e-05, 0.00623740814626, 0.00388183817267, 0.00325618940406, 0.0039207614027, 0.00199101585895, 0.00207300717011, 0.00430321320891, 0.00107015180402, 0.00384122203104, 0.00103292346466, 0.00134274270386, 0.00043354020454, 0.000422374607297, 0.000498408393469, 0.000909931899514, 0.00105415098369, 0.000631338334642, 0.000387579348171, 0.000408992345911, 0.000896880344953, 0.00048470828915, 0.000546373426914, 0.000246329320362, 8.62648539623e-06, 9.68492983588e-08, 9.40196969168e-08]
    },
    "erbbands": {
        "max": [1.08062911034, 17.607460022, 37.0880470276, 102.104751587, 215.049591064, 112.014884949, 73.9229202271, 242.287078857, 259.474487305, 347.099304199, 633.882751465, 194.775665283, 1249.21459961, 887.06072998, 340.346405029, 407.773010254, 187.571289062, 122.142379761, 218.893066406, 246.907150269, 562.491210938, 759.374206543, 368.982666016, 271.276245117, 321.567443848, 310.016662598, 728.146728516, 726.866760254, 378.553863525, 295.519470215, 338.308410645, 184.296142578, 59.6888656616, 6.47163963318, 0.276783019304, 0.021836373955, 0.00391428684816, 0.00130682892632, 0.000399311335059, 0.000249128439464],
        "mean": [0.0241695009172, 0.311432152987, 0.729418575764, 1.98233509064, 2.74825835228, 3.16769099236, 4.83445453644, 6.36456394196, 6.28351688385, 15.6906957626, 31.7978229523, 13.1358594894, 21.3961257935, 22.1777133942, 15.0346908569, 16.9111042023, 10.3759069443, 12.4044246674, 13.7390165329, 14.6693964005, 25.4965934753, 24.3477020264, 19.0281429291, 7.80725336075, 5.37955665588, 5.28133916855, 5.87918233871, 3.99989295006, 2.61096739769, 2.14702606201, 1.61610591412, 0.847380936146, 0.241640880704, 0.0210935082287, 0.00089282967383, 9.56807853072e-05, 2.5366734917e-05, 8.07918877399e-06, 7.83159794082e-06, 1.37230745167e-05],
        "min": [1.2237690028e-11, 1.37045083615e-10, 8.97589613746e-10, 4.67367744506e-09, 5.61336976901e-09, 2.2243211717e-08, 1.31939572157e-07, 1.52084183469e-07, 2.24335483523e-08, 1.36061890643e-08, 8.09312226124e-08, 1.64184612572e-07, 3.13832231313e-07, 1.43041063438e-06, 1.1169888694e-06, 1.47151422425e-06, 1.72387672137e-06, 1.20149832128e-06, 3.20003209708e-06, 2.97986639453e-06, 3.52238157575e-06, 7.04246440364e-06, 5.75218382437e-06, 4.36197751696e-06, 2.74549006463e-06, 4.01884244638e-06, 7.15514943295e-06, 5.50855111214e-06, 5.5647865338e-06, 5.00823853145e-06, 4.55918143416e-06, 4.79278651255e-06, 1.3598798887e-06, 4.72555484521e-07, 1.52283263333e-07, 4.04304287827e-08, 1.94553333444e-08, 8.40629077459e-09, 1.91868076982e-09, 1.67894684266e-10],
        "stdev": [0.124497666955, 1.59719324112, 3.66207575798, 8.65941429138, 15.2538948059, 10.4078655243, 9.53405857086, 20.7310466766, 19.8675117493, 39.155506134, 84.779258728, 25.013469696, 90.4340133667, 73.7155990601, 31.0859584808, 41.6288223267, 17.4020748138, 16.0017528534, 21.6106052399, 22.8351173401, 60.8333969116, 69.0819015503, 41.1644363403, 19.9378814697, 18.5161037445, 19.2641620636, 34.1440505981, 32.0691642761, 16.9834346771, 13.7586679459, 14.9151163101, 8.11748123169, 2.61730790138, 0.278975367546, 0.0119196549058, 0.00100774201564, 0.000232587379287, 7.49340470065e-05, 2.39692271862e-05, 2.60673623416e-05]
    },
    "gfcc": {
        "mean": [-158.323913574, 144.744689941, -210.911682129, 29.8570995331, -65.4717025757, -17.4664325714, -24.9821567535, -26.8730926514, 3.69518518448, -30.7562141418, -3.18430304527, -15.4414787292, -2.75649213791],
        "cov": [[12918.8544922, -348.37677002, -290.428375244, 492.68939209, -773.062316895, 873.775939941, 201.467697144, 469.61050415, 562.726318359, -39.5281410217, 264.065368652, -11.5909872055, 6.02473974228], [-348.37677002, 1264.63989258, 461.055145264, 22.756362915, 210.135940552, -572.340698242, 9.57783317566, -150.332809448, -154.741378784, -69.8910064697, -69.4273986816, -82.0655288696, -0.411109924316], [-290.428375244, 461.055145264, 947.885559082, 374.104400635, 93.0104827881, -115.944023132, 17.9294624329, 83.1276168823, -95.2757873535, 49.010723114, -4.42655420303, -43.855682373, -9.38925170898], [492.68939209, 22.756362915, 374.104400635, 338.111450195, 5.45217943192, 80.7219619751, 11.8506584167, 68.994102478, 2.73309254646, 41.1522026062, 26.955783844, -34.2857398987, -20.473947525], [-773.062316895, 210.135940552, 93.0104827881, 5.45217943192, 210.987243652, -156.508865356, 18.414768219, -9.75301933289, -52.5785751343, -22.8250751495, -31.9277877808, 10.1737384796, -25.7522068024], [873.775939941, -572.340698242, -115.944023132, 80.7219619751, -156.508865356, 536.168212891, 71.8685760498, 92.9414901733, 149.981231689, 86.0729904175, 83.0293884277, -4.21621227264, 23.2100601196], [201.467697144, 9.57783317566, 17.9294624329, 11.8506584167, 18.414768219, 71.8685760498, 95.2791519165, 41.130569458, 33.6202926636, 15.7286987305, 8.86269283295, 7.16675376892, 5.29532337189], [469.61050415, -150.332809448, 83.1276168823, 68.994102478, -9.75301933289, 92.9414901733, 41.130569458, 129.559295654, 55.1360054016, 18.8124313354, 27.3364620209, 26.1935176849, -9.72381305695], [562.726318359, -154.741378784, -95.2757873535, 2.73309254646, -52.5785751343, 149.981231689, 33.6202926636, 55.1360054016, 118.132713318, 43.7905578613, 35.2794799805, 11.4929533005, 1.47171163559], [-39.5281410217, -69.8910064697, 49.010723114, 41.1522026062, -22.8250751495, 86.0729904175, 15.7286987305, 18.8124313354, 43.7905578613, 70.8651885986, 32.2447128296, -4.83774900436, 6.61308097839], [264.065368652, -69.4273986816, -4.42655420303, 26.955783844, -31.9277877808, 83.0293884277, 8.86269283295, 27.3364620209, 35.2794799805, 32.2447128296, 57.214466095, 17.3707847595, 2.13669705391], [-11.5909872055, -82.0655288696, -43.855682373, -34.2857398987, 10.1737384796, -4.21621227264, 7.16675376892, 26.1935176849, 11.4929533005, -4.83774900436, 17.3707847595, 63.6284217834, 12.3828344345], [6.02473974228, -0.411109924316, -9.38925170898, -20.473947525, -25.7522068024, 23.2100601196, 5.29532337189, -9.72381305695, 1.47171163559, 6.61308097839, 2.13669705391, 12.3828344345, 53.8286590576]],
        "icov": [[0.000234153092606, -0.000598821265157, 0.000454507331597, -0.00065268803155, 0.000933474046178, -0.000450782448752, 0.000168960163137, -0.000994455302134, -0.000401840079576, 0.00083450571401, 7.67209712649e-05, -0.000493138388265, 0.000263797381194], [-0.000598821265157, 0.00970184803009, -0.00632276013494, 0.00371451000683, -0.00486746244133, 0.0108543029055, -0.0092322062701, 0.0122702363878, -0.00925205275416, 0.00964355655015, -0.0147303324193, 0.0153839318082, -0.00731904990971], [0.000454507331597, -0.00632276013494, 0.0072427438572, -0.00537913944572, 0.00321831088513, -0.00586911290884, 0.00521024363115, -0.0105880843475, 0.00907008722425, -0.00909476634115, 0.00997128058225, -0.00879664905369, 0.00326046394184], [-0.00065268803155, 0.00371451000683, -0.00537913944572, 0.00943074561656, -0.00377773377113, 0.00219913432375, -0.00131351163145, 0.00399784278125, -0.00198385375552, 0.00157813320402, -0.00630568340421, 0.00765429669991, -0.000804119044915], [0.000933474046178, -0.00486746244133, 0.00321831088513, -0.00377773377113, 0.012423071079, -0.00291021028534, -0.000398377102101, -0.00619945302606, 0.00338170514442, -0.0019869748503, 0.0077286278829, -0.00977949891239, 0.00719485804439], [-0.000450782448752, 0.0108543029055, -0.00586911290884, 0.00219913432375, -0.00291021028534, 0.0169825609773, -0.0129807144403, 0.0119686508551, -0.0130098750815, 0.0107320370153, -0.0198544729501, 0.0197231788188, -0.0100416205823], [0.000168960163137, -0.0092322062701, 0.00521024363115, -0.00131351163145, -0.000398377102101, -0.0129807144403, 0.0247631650418, -0.0145561080426, 0.00815702602267, -0.0118555705994, 0.0166223775595, -0.0143835153431, 0.00454325135797], [-0.000994455302134, 0.0122702363878, -0.0105880843475, 0.00399784278125, -0.00619945302606, 0.0119686508551, -0.0145561080426, 0.032637193799, -0.018075382337, 0.0148700308055, -0.017658399418, 0.0104765528813, -0.00396194122732], [-0.000401840079576, -0.00925205275416, 0.00907008722425, -0.00198385375552, 0.00338170514442, -0.0130098750815, 0.00815702602267, -0.018075382337, 0.0358866266906, -0.0272361896932, 0.0184781514108, -0.0171582810581, 0.00954024028033], [0.00083450571401, 0.00964355655015, -0.00909476634115, 0.00157813320402, -0.0019869748503, 0.0107320370153, -0.0118555705994, 0.0148700308055, -0.0272361896932, 0.0490849539638, -0.0330855064094, 0.0234531052411, -0.0120990276337], [7.67209712649e-05, -0.0147303324193, 0.00997128058225, -0.00630568340421, 0.0077286278829, -0.0198544729501, 0.0166223775595, -0.017658399418, 0.0184781514108, -0.0330855064094, 0.0602047666907, -0.0381852500141, 0.0166069976985], [-0.000493138388265, 0.0153839318082, -0.00879664905369, 0.00765429669991, -0.00977949891239, 0.0197231788188, -0.0143835153431, 0.0104765528813, -0.0171582810581, 0.0234531052411, -0.0381852500141, 0.0531904250383, -0.0214582793415], [0.000263797381194, -0.00731904990971, 0.00326046394184, -0.000804119044915, 0.00719485804439, -0.0100416205823, 0.00454325135797, -0.00396194122732, 0.00954024028033, -0.0120990276337, 0.0166069976985, -0.0214582793415, 0.0308668296784]]
    },
    "melbands": {
        "max": [0.0155511889607, 0.0144760822877, 0.018789274618, 0.0131421461701, 0.00294333091006, 0.00479968963191, 0.00496075022966, 0.00422685826197, 0.00412046071142, 0.00116805650759, 0.00696860393509, 0.00434137647972, 0.00164894387126, 0.00203419756144, 0.00110762019176, 0.000186362667591, 0.000271583063295, 0.000387384294299, 0.000435981637565, 0.000351811962901, 0.00077044084901, 0.000980416312814, 0.000295866193483, 0.000193793748622, 0.000217835680814, 0.000236113148276, 0.000225158539251, 0.000192314459127, 0.000283878762275, 0.000666621432174, 0.000385946710594, 0.000226334479521, 0.000161435018526, 0.00017463680706, 0.000218473753193, 0.000150004372699, 9.77204108494e-05, 5.13833474542e-05, 1.43911875057e-05, 1.64600078278e-06],
        "mean": [0.000290826137643, 0.000413934001699, 0.000351093505742, 0.000218248635065, 0.000153892688104, 0.000143409415614, 0.000109697881271, 0.000236945634242, 0.000224241346586, 7.79315450927e-05, 0.000113864800369, 9.97026945697e-05, 4.93301449751e-05, 6.37572811684e-05, 2.73320492852e-05, 2.2538819394e-05, 2.30287023442e-05, 2.09659337997e-05, 2.66171500698e-05, 1.57513914019e-05, 3.1363866583e-05, 2.66824008577e-05, 1.77493602678e-05, 1.20447912195e-05, 5.86217129239e-06, 4.37296512246e-06, 4.00476073992e-06, 3.23105700772e-06, 3.61901993529e-06, 3.40218207384e-06, 1.95672896552e-06, 1.65434596511e-06, 1.05273420559e-06, 1.27138912376e-06, 1.03648312688e-06, 6.63096955122e-07, 4.48726495961e-07, 2.0359718178e-07, 4.73554244707e-08, 4.54584681009e-09],
        "min": [1.67098323026e-13, 4.3875664278e-13, 7.9767887174e-13, 7.5993996252e-13, 4.03608960489e-12, 3.33069487789e-12, 2.79210113146e-13, 1.28662353124e-13, 9.09640418545e-13, 9.29973329247e-13, 1.62488967594e-12, 5.86249668602e-12, 3.24018242792e-12, 4.89922165336e-12, 3.31390991037e-12, 3.43236658713e-12, 1.9029404788e-12, 4.55398219135e-12, 5.26753293761e-12, 2.91641428889e-12, 3.39396718195e-12, 6.64815555038e-12, 5.39659939999e-12, 2.65340722484e-12, 3.66763997645e-12, 1.97294719624e-12, 1.84839686959e-12, 2.85826418957e-12, 4.12924555659e-12, 2.85451415109e-12, 3.10474757882e-12, 2.62643466004e-12, 3.72807470658e-12, 2.50047270216e-12, 2.74957747542e-12, 2.41867268401e-12, 2.87102004497e-12, 6.52772757723e-13, 4.53788428275e-13, 2.51079159633e-13],
        "stdev": [0.00148750958033, 0.00186502491124, 0.00152473174967, 0.000975121976808, 0.000302454660414, 0.000422766897827, 0.000372060196241, 0.000609086942859, 0.000572126766201, 0.000151836604346, 0.000504401978105, 0.000369707588106, 0.000111940156785, 0.000195076630916, 7.86296222941e-05, 2.99487073789e-05, 3.12796000799e-05, 3.57705866918e-05, 4.82224131702e-05, 2.53470861935e-05, 8.30828357721e-05, 8.78617574926e-05, 3.44430009136e-05, 2.48493088293e-05, 1.64189368661e-05, 1.5337331206e-05, 1.50187588588e-05, 1.25010592456e-05, 1.5578505554e-05, 2.93128778139e-05, 1.69404465851e-05, 1.02833964775e-05, 7.33986234991e-06, 8.13919450593e-06, 9.62177909969e-06, 6.59737224851e-06, 4.31450416727e-06, 2.25283929467e-06, 6.22040488452e-07, 7.05992277972e-08]
    },
    "melbands128": {
        "max": [0.000329955713823, 0.00566478120163, 0.0261466894299, 0.0315953120589, 0.0179723501205, 0.0293631758541, 0.0220758169889, 0.0234339870512, 0.0266765970737, 0.0166589077562, 0.00624021794647, 0.00328040588647, 0.0027082785964, 0.00331257283688, 0.00664700567722, 0.00741521175951, 0.00163097772747, 0.00529588665813, 0.0104152383283, 0.00294805807061, 0.00800021924078, 0.0126046147197, 0.00244528171606, 0.00371296610683, 0.00116012932267, 0.00200225389563, 0.000713846995495, 0.00493862759322, 0.0180668458343, 0.00372328446247, 0.00281843263656, 0.00305470847525, 0.00229141698219, 0.000359942147043, 0.00326185673475, 0.00289797224104, 0.000369680376025, 0.00223375624046, 0.000942293088883, 0.000215608917642, 0.000291640928481, 0.000396501360228, 0.000174666536623, 0.000305805180687, 0.00115264917258, 0.000163089760463, 0.00054296979215, 0.000786306918599, 0.000444190547569, 0.000171708074049, 0.000403410871513, 0.000574180099647, 0.00143161951564, 0.000760557246394, 0.000394356087781, 0.00200527766719, 0.000791532394942, 0.000294907425996, 0.000490902690217, 0.000721429532859, 0.000113138048619, 0.000291598029435, 0.000165441000718, 0.000272670615232, 0.000332648021867, 0.000244878523517, 0.000231960773817, 0.000250714016147, 0.00021252357692, 0.000309769035084, 0.000121478442452, 0.000242151916609, 0.000120741569845, 0.000105521765363, 0.000663195620291, 0.00124043179676, 0.000187348094187, 0.00043164883391, 0.00032891635783, 0.000578420353122, 0.000157248476171, 0.000107510815724, 0.000255013379501, 0.000161028510774, 8.17423133412e-05, 0.000166593003087, 0.0001835932635, 0.000258786487393, 0.000249740725849, 0.000157176647917, 0.000160944997333, 0.000156815134687, 0.000119447824545, 9.3010305136e-05, 8.80611842149e-05, 8.37880434119e-05, 3.32569034072e-05, 2.04247662623e-05, 2.00581071113e-05, 7.20939851817e-06, 1.98538896257e-06, 1.3348065977e-06, 4.86734165861e-07, 2.02909724578e-08, 1.87604438651e-08, 3.75158499821e-08, 4.02438722347e-08, 1.5578637047e-08, 1.42438949524e-08, 1.35606690321e-08, 1.28983854708e-08, 1.2298787766e-08, 1.17668736976e-08, 1.12762883475e-08, 1.08081312788e-08, 1.04041708582e-08, 1.00355252997e-08, 9.72741176497e-09, 9.41554301193e-09, 9.16032405485e-09, 8.90436524514e-09, 8.67928307002e-09, 8.47952996708e-09, 8.33433944081e-09, 8.2275457558e-09, 8.10961520159e-09, 8.02911159781e-09, 7.98262433932e-09],
        "mean": [9.65594426816e-06, 0.000121821991343, 0.0004491310101, 0.00054129055934, 0.000371518923203, 0.000346460816218, 0.000435021152953, 0.000328820140567, 0.000265848444542, 0.000250565819442, 0.00016732639051, 0.000101771343907, 0.000173903332325, 0.000191945873667, 0.000132918663439, 0.000145182639244, 6.48672648822e-05, 9.11865063244e-05, 0.000198390684091, 6.77949792589e-05, 0.000337583129294, 0.000527776021045, 0.000113265778054, 8.5729676357e-05, 5.99601444264e-05, 0.000105157436337, 4.39691611973e-05, 7.97855027486e-05, 0.000243438596954, 7.5849253335e-05, 7.76547312853e-05, 7.83484210842e-05, 3.7421399611e-05, 2.27529963013e-05, 9.31947579375e-05, 7.35852154321e-05, 1.9280530978e-05, 3.61751699529e-05, 2.19768935494e-05, 1.66054378496e-05, 2.53267717198e-05, 2.66602728516e-05, 2.06552012969e-05, 1.96270320885e-05, 3.16441037285e-05, 1.56887399498e-05, 1.48007156895e-05, 4.03642661695e-05, 2.31879403145e-05, 1.20117665574e-05, 1.08330614239e-05, 2.03824311029e-05, 4.84960910399e-05, 2.66247079708e-05, 1.4169005226e-05, 4.11736000387e-05, 2.24254854402e-05, 7.59320255383e-06, 2.13302992051e-05, 2.81967932096e-05, 5.30060742676e-06, 7.72534076532e-06, 5.56886652703e-06, 4.59164084532e-06, 8.00482575869e-06, 4.07732431995e-06, 2.37760377786e-06, 3.7410202367e-06, 4.57800342701e-06, 3.92809124605e-06, 3.12724705509e-06, 2.93998459711e-06, 3.43880765286e-06, 3.60828357771e-06, 3.70474367628e-06, 4.58547356175e-06, 2.41596580963e-06, 2.3991569833e-06, 1.65293340615e-06, 1.93702271645e-06, 2.00313684218e-06, 1.32265029151e-06, 1.09341874577e-06, 1.0067653875e-06, 1.06625975604e-06, 1.17111790132e-06, 1.41464784065e-06, 1.41349846672e-06, 1.00590398233e-06, 7.81357414326e-07, 6.58383385144e-07, 6.60845898892e-07, 6.3295703967e-07, 4.42507030129e-07, 3.43743920439e-07, 2.99023952266e-07, 1.62345500598e-07, 8.53873416418e-08, 5.68632678721e-08, 1.98003924368e-08, 6.30578700367e-09, 3.04239722304e-09, 1.00517272283e-09, 6.93271551278e-11, 5.18514814418e-11, 1.10644451934e-10, 1.17752071982e-10, 6.12706899106e-11, 3.8867378066e-11, 3.71417237244e-11, 3.55973098221e-11, 3.42225275896e-11, 3.29678472022e-11, 3.18076329164e-11, 3.06364413005e-11, 2.96176624892e-11, 2.86963959539e-11, 2.78112879948e-11, 2.70076270376e-11, 2.62915453297e-11, 2.55430416402e-11, 2.49240558747e-11, 2.42988667382e-11, 2.34458563675e-11, 2.12405336375e-11, 1.78877954116e-11, 1.61185682857e-11, 1.57923066985e-11],
        "min": [2.95386246929e-13, 9.9520089706e-14, 1.35993131903e-13, 2.49658041636e-13, 2.46630298649e-13, 7.3657876673e-13, 1.05752906432e-12, 7.34619504984e-13, 5.78639241557e-13, 2.32435327496e-13, 8.68389670068e-13, 3.19754531013e-12, 4.76474762423e-12, 5.37048313806e-12, 4.41760170111e-12, 1.71225620488e-12, 2.34647398083e-13, 1.35581351918e-13, 9.13740451033e-14, 1.86657208245e-13, 5.9330077201e-14, 1.90373107903e-13, 9.41614950074e-13, 1.75041654348e-12, 1.34008158303e-12, 3.58021582216e-13, 5.43375457476e-13, 8.73747471944e-13, 2.7771639155e-12, 6.69176259543e-12, 6.99173531571e-12, 3.86896807994e-12, 1.0174761424e-12, 4.03358119475e-12, 2.53670305247e-12, 5.92975885408e-12, 2.8508755686e-12, 2.08068328192e-12, 1.22528495596e-12, 8.75084076382e-13, 2.89910304964e-12, 2.24009244314e-12, 2.0131220909e-12, 1.77490606847e-12, 1.07759938126e-12, 4.33711920544e-12, 3.87353864262e-12, 2.66223978626e-12, 4.01429714122e-12, 1.73864134895e-12, 2.76444470614e-12, 1.66849173366e-12, 4.90569087089e-12, 1.57307977408e-12, 2.74122478189e-12, 7.12208417242e-12, 5.95829678998e-12, 1.28060030028e-12, 6.9650405235e-12, 4.62347131067e-12, 8.26944632562e-13, 2.04530533135e-12, 3.06661488737e-12, 3.35217964498e-12, 2.63074154475e-12, 1.89665037148e-12, 1.71058729247e-12, 1.38809645202e-12, 2.07107009494e-12, 1.36894965849e-12, 1.93052453364e-12, 3.5359464922e-12, 4.59413366724e-12, 3.59919863011e-12, 1.23373652874e-12, 1.85981893948e-12, 2.75343007942e-12, 4.07323870813e-12, 3.55155726876e-12, 1.45716446721e-12, 1.65754584537e-12, 8.86893098025e-13, 8.62479738236e-13, 2.72441574509e-12, 2.36322398282e-12, 1.38380160195e-12, 2.53198113517e-12, 3.27341452555e-12, 1.76552164815e-12, 4.67043287725e-13, 1.85276728855e-12, 2.12842981087e-12, 1.76319137242e-12, 1.47208677539e-12, 1.81295755318e-12, 2.94342431288e-13, 2.48078928277e-13, 2.53184788673e-13, 1.39804698851e-13, 3.0580936004e-13, 2.35473072248e-13, 9.40354632811e-14, 5.71661994001e-14, 8.08934625014e-14, 4.64952749424e-14, 6.5473288683e-14, 5.30354907669e-14, 6.46053645152e-14, 3.03084922611e-14, 3.83400417263e-14, 3.7454983776e-14, 6.8721050172e-14, 5.54341559364e-14, 6.0627494507e-14, 4.41265168123e-14, 4.6978768125e-14, 5.44033778259e-14, 6.84922902899e-14, 5.78247302471e-14, 3.76234213597e-14, 5.72651192958e-14, 6.26294331609e-14, 6.06734917841e-14, 4.87337661816e-14, 4.13441728227e-14, 1.69405234198e-14, 2.41986661591e-15, 9.13986468047e-17],
        "stdev": [3.83311235055e-05, 0.000653154915199, 0.00247150030918, 0.00290477648377, 0.00191176822409, 0.00210378295742, 0.00195922190323, 0.00157380709425, 0.00178546691313, 0.00121138175018, 0.000498965324368, 0.000252247962635, 0.000359560392099, 0.000411336252, 0.000540773267858, 0.000571390264668, 0.000180114177056, 0.000342581886798, 0.00078376813326, 0.000230232079048, 0.00103065103758, 0.00160215364303, 0.000285255577182, 0.000255539722275, 0.000131685781525, 0.000241111483774, 9.05696142581e-05, 0.000348432920873, 0.00134966324549, 0.000303357315715, 0.00022526938119, 0.000225801195484, 0.000128143990878, 3.79529010388e-05, 0.000298515427858, 0.000267644762062, 3.30038274114e-05, 0.00014357904729, 6.86655548634e-05, 2.60647648247e-05, 3.98628508265e-05, 4.72523679491e-05, 2.72105553449e-05, 3.06873662339e-05, 8.23900190881e-05, 2.27046220971e-05, 3.1689338357e-05, 8.4985527792e-05, 4.3055297283e-05, 2.04974658118e-05, 2.22200142161e-05, 4.44273900939e-05, 0.000143335681059, 8.21880530566e-05, 2.84157122223e-05, 0.000177248526597, 6.67233252898e-05, 1.67719426827e-05, 5.20041321579e-05, 7.68133322708e-05, 1.19283804452e-05, 2.03761392186e-05, 1.63015120052e-05, 1.72316595126e-05, 2.88727005682e-05, 1.49678817252e-05, 1.13171481644e-05, 1.59533556143e-05, 1.93546729861e-05, 1.74022716237e-05, 1.19427904792e-05, 1.35785330713e-05, 1.30998196255e-05, 1.08206932055e-05, 2.96479265671e-05, 5.35785657121e-05, 1.0812540495e-05, 1.93256400962e-05, 1.47207092596e-05, 2.47861044045e-05, 8.63037803356e-06, 5.8668570091e-06, 1.10777018563e-05, 7.33905153538e-06, 5.09928850079e-06, 7.91828006186e-06, 8.64211870066e-06, 1.14675849545e-05, 1.09596776383e-05, 7.0104824772e-06, 7.11789971319e-06, 6.90809247317e-06, 5.38393942406e-06, 4.14391433878e-06, 3.92763831769e-06, 3.63450226359e-06, 1.49802815486e-06, 9.21181595004e-07, 8.59708109147e-07, 3.08685685013e-07, 8.58069668652e-08, 5.71526008741e-08, 2.07595469703e-08, 9.82089409796e-10, 8.45171266306e-10, 1.76867687163e-09, 1.8653485423e-09, 9.19165688007e-10, 6.44789610593e-10, 6.16050932489e-10, 5.87790205397e-10, 5.6243149027e-10, 5.39720157455e-10, 5.18794507354e-10, 4.98385721581e-10, 4.806859355e-10, 4.64554117396e-10, 4.50257553464e-10, 4.36419372862e-10, 4.24710960845e-10, 4.12722356291e-10, 4.02405497812e-10, 3.92660154391e-10, 3.82507803209e-10, 3.64827057453e-10, 3.4745650801e-10, 3.42049361057e-10, 3.40043881941e-10]
    },
    "mfcc": {
        "mean": [-758.637878418, 147.697097778, -70.0533065796, 23.392698288, -21.5968818665, 3.21030712128, -26.1207714081, 4.98115348816, -11.5537014008, 0.37409311533, -11.1928129196, -1.66576325893, -12.4427509308],
        "cov": [[11752.1435547, -671.161254883, 67.0149078369, -133.437545776, -651.900268555, 558.033996582, -423.926544189, 861.079650879, -19.0554561615, 471.375976562, -167.763626099, 801.136169434, 198.854797363], [-671.161254883, 1308.8984375, 90.1618347168, 408.028289795, 70.6795959473, -309.029418945, 57.4058609009, -217.197906494, -45.0660896301, -134.579711914, -30.1215782166, -256.015625, -88.1949615479], [67.0149078369, 90.1618347168, 839.565795898, 342.372955322, 161.620773315, -21.3858089447, 151.314224243, -67.9682006836, 38.4951400757, 70.5818023682, 16.2765388489, 15.6221952438, 89.4147415161], [-133.437545776, 408.028289795, 342.372955322, 439.557342529, 141.754898071, -150.407745361, 89.5599212646, -72.7149429321, -0.899241685867, -47.6317176819, 31.3413410187, -58.2006263733, -34.1359825134], [-651.900268555, 70.6795959473, 161.620773315, 141.754898071, 155.816192627, -40.1722793579, 66.412902832, -52.750705719, 4.18931913376, -20.2314186096, 33.9142570496, -30.1008052826, -16.7079563141], [558.033996582, -309.029418945, -21.3858089447, -150.407745361, -40.1722793579, 229.24168396, -3.42217087746, 86.4508514404, 22.7389640808, 99.353012085, -7.45676422119, 96.0648880005, 68.4668426514], [-423.926544189, 57.4058609009, 151.314224243, 89.5599212646, 66.412902832, -3.42217087746, 119.012634277, -24.8565177917, 19.6397266388, 0.648375451565, 11.5402317047, -30.5912666321, 10.097990036], [861.079650879, -217.197906494, -67.9682006836, -72.7149429321, -52.750705719, 86.4508514404, -24.8565177917, 189.0809021, 23.8835716248, 50.2880897522, 13.0942964554, 109.444137573, 12.3129529953], [-19.0554561615, -45.0660896301, 38.4951400757, -0.899241685867, 4.18931913376, 22.7389640808, 19.6397266388, 23.8835716248, 60.3149414062, 32.505821228, 7.71271467209, 6.54091262817, 16.0962352753], [471.375976562, -134.579711914, 70.5818023682, -47.6317176819, -20.2314186096, 99.353012085, 0.648375451565, 50.2880897522, 32.505821228, 108.865814209, 10.3338193893, 65.1210174561, 55.0322952271], [-167.763626099, -30.1215782166, 16.2765388489, 31.3413410187, 33.9142570496, -7.45676422119, 11.5402317047, 13.0942964554, 7.71271467209, 10.3338193893, 67.142288208, 27.0178623199, -1.32302200794], [801.136169434, -256.015625, 15.6221952438, -58.2006263733, -30.1008052826, 96.0648880005, -30.5912666321, 109.444137573, 6.54091262817, 65.1210174561, 27.0178623199, 151.328079224, 47.624622345], [198.854797363, -88.1949615479, 89.4147415161, -34.1359825134, -16.7079563141, 68.4668426514, 10.097990036, 12.3129529953, 16.0962352753, 55.0322952271, -1.32302200794, 47.624622345, 94.7765350342]],
        "icov": [[0.000369066634448, -0.000150002902956, -0.00015310983872, -0.000686431420036, 0.00115596049, -0.000255215505604, 0.000666607520543, -0.000786322110798, 0.000525390205439, -0.00090098642977, 0.00129249354359, -0.00140212883707, 0.000559089705348], [-0.000150002902956, 0.00199520820752, 0.00066225923365, -0.00173161842395, 0.000342254468706, 0.0011673278641, -0.000353122683009, 0.000523115508258, 0.000842036737595, -0.000790918769781, -0.00010868452955, 0.00297246547416, -0.00106929591857], [-0.00015310983872, 0.00066225923365, 0.00337568321265, -0.0022727411706, -0.00169359031133, 0.00127358513419, -0.00216398830526, 0.00131031987257, -0.000100779303466, -0.00240956852213, 0.00169989711139, -0.00024722336093, -0.00265984726138], [-0.000686431420036, -0.00173161842395, -0.0022727411706, 0.0089678009972, -0.0048811356537, 0.0021068113856, -0.00203191465698, 0.000579207669944, -0.00157937628683, 0.00323091074824, -0.00355611741543, 0.000181046154466, 0.00121335824952], [0.00115596049, 0.000342254468706, -0.00169359031133, -0.0048811356537, 0.0173737630248, -0.00266528874636, -0.00129965995438, 0.000475195876788, 0.00133439444471, -0.000600839208346, -0.00169041613117, -0.00369489449076, 0.00475309183821], [-0.000255215505604, 0.0011673278641, 0.00127358513419, 0.0021068113856, -0.00266528874636, 0.0123138967901, -0.0035185047891, -0.000714766210876, 0.00140520452987, -0.00722209410742, 0.00338100013323, -0.00109702255577, -0.00316536216997], [0.000666607520543, -0.000353122683009, -0.00216398830526, -0.00203191465698, -0.00129965995438, -0.0035185047891, 0.0163508038968, -0.00331318983808, -0.00178370869253, 0.000893152027857, -0.000111777655547, 0.0030759437941, -0.00117939827032], [-0.000786322110798, 0.000523115508258, 0.00131031987257, 0.000579207669944, 0.000475195876788, -0.000714766210876, -0.00331318983808, 0.0140949692577, -0.00588743714616, 0.0017512824852, -0.00174867827445, -0.00644600065425, 0.00342865940183], [0.000525390205439, 0.000842036737595, -0.000100779303466, -0.00157937628683, 0.00133439444471, 0.00140520452987, -0.00178370869253, -0.00588743714616, 0.02483805269, -0.00967739988118, 3.02641433336e-06, 0.00494220526889, -0.00170002947561], [-0.00090098642977, -0.000790918769781, -0.00240956852213, 0.00323091074824, -0.000600839208346, -0.00722209410742, 0.000893152027857, 0.0017512824852, -0.00967739988118, 0.0266458727419, -0.00762699311599, 5.84975714446e-05, -0.00458432082087], [0.00129249354359, -0.00010868452955, 0.00169989711139, -0.00355611741543, -0.00169041613117, 0.00338100013323, -0.000111777655547, -0.00174867827445, 3.02641433336e-06, -0.00762699311599, 0.0270586404949, -0.0122243445367, 0.00274962699041], [-0.00140212883707, 0.00297246547416, -0.00024722336093, 0.000181046154466, -0.00369489449076, -0.00109702255577, 0.0030759437941, -0.00644600065425, 0.00494220526889, 5.84975714446e-05, -0.0122243445367, 0.0291941296309, -0.00905663520098], [0.000559089705348, -0.00106929591857, -0.00265984726138, 0.00121335824952, 0.00475309183821, -0.00316536216997, -0.00117939827032, 0.00342865940183, -0.00170002947561, -0.00458432082087, 0.00274962699041, -0.00905663520098, 0.0216741450131]]
    },
    "spectral_contrast_coeffs": {
        "max": [-0.485707193613, -0.528541266918, -0.578134119511, -0.648057639599, -0.567429840565, -0.492058604956],
        "mean": [-0.687963604927, -0.810736954212, -0.792216420174, -0.806298673153, -0.776438951492, -0.635882139206],
        "min": [-0.913718521595, -0.97347176075, -0.925694525242, -0.931446254253, -0.92442637682, -0.870288670063],
        "stdev": [0.0778341814876, 0.0637231841683, 0.0582563765347, 0.0489550977945, 0.0555709190667, 0.0477161966264]
    },
    "spectral_contrast_valleys": {
        "max": [-5.26549291611, -4.67787075043, -5.70153236389, -5.67771911621, -5.32141637802, -7.92353868484],
        "mean": [-8.55348491669, -7.33282661438, -7.82475852966, -7.90712690353, -8.4366941452, -13.7856826782],
        "min": [-16.3972377777, -16.0247688293, -14.9487752914, -14.5236911774, -14.3070039749, -16.6011543274],
        "stdev": [1.2691822052, 1.14950120449, 1.2276443243, 1.23047351837, 1.12155294418, 1.47050917149]
    }
},
"rhythm": {
    "beats_count": 24,
    "beats_loudness": {
        "max": 0.105417914689,
        "mean": 0.0198161881417,
        "min": 0.000257166044321,
        "stdev": 0.0349711738527
    },
    "bpm": 141.438415527,
    "bpm_histogram_first_peak_bpm": 140,
    "bpm_histogram_first_peak_weight": 0.45454543829,
    "bpm_histogram_second_peak_bpm": 105,
    "bpm_histogram_second_peak_spread": 0.58333337307,
    "bpm_histogram_second_peak_weight": 0.217391297221,
    "danceability": 0.841285645962,
    "onset_rate": 2.66470932961,
    "beats_loudness_band_ratio": {
        "max": [0.709788620472, 0.622943282127, 0.483701586723, 0.564843893051, 0.86356395483, 0.503683567047],
        "mean": [0.164587289095, 0.201793655753, 0.197720110416, 0.19211448729, 0.243535265326, 0.0401149168611],
        "min": [0.00320203183219, 0.0146254468709, 0.0438070446253, 0.00770472176373, 0.0222316235304, 0.00196654861793],
        "stdev": [0.241607174277, 0.211244121194, 0.113253369927, 0.173299863935, 0.225314930081, 0.0978583991528]
    },
    "beats_position": [0.568888902664, 1.14938771725, 1.71827661991, 2.28716540337, 2.85605430603, 3.42494320869, 4.00544214249, 4.58594083786, 5.15482997894, 5.74693870544, 6.30421733856, 6.86149644852, 7.41877555847, 7.83673477173, 8.26630401611, 8.6958732605, 9.12544155121, 9.54340076447, 9.97297000885, 10.3909292221, 10.8088884354, 11.2384576797, 11.656416893, 12.0859861374],
