{
"metadata": {
    "version": {
        "essentia": "2.1-beta5",
        "essentia_git_sha": "Undefined",
        "extractor": "music 2.0"
    },
    "audio_properties": {
        "analysis": {
            "equal_loudness": 0,
            "length": 32.4963264465,
            "sample_rate": 44100,
            "start_time": 12.7477550507,
            "downmix": "mix"
        },
        "bit_rate": 192000,
        "length": 196.58013916,
        "lossless": 0,
        "number_channels": 2,
        "replay_gain": -10.3124294281,
        "sample_rate": 44100,
        "codec": "mp3",
        "md5_encoded": "eacee63689d4221df01e30801d9dd5d3"
    },
    "tags": {
        "file_name": "Poland_Ale Jestem_Anna Maria Jopek.mp3",
        "encoding": ["Lavf58.29.100"]
    }
},
"lowlevel": {
    "average_loudness": 0.943636834621,
    "barkbands_crest": {
        "max": 24.945848465,
        "mean": 10.6808099747,
        "min": 2.63216924667,
        "stdev": 5.19708013535
    },
    "barkbands_flatness_db": {
        "max": 0.309964627028,
        "mean": 0.150372803211,
        "min": 0.0672952607274,
        "stdev": 0.0422476232052
    },
    "barkbands_kurtosis": {
        "max": 94.8815460205,
        "mean": 4.41591453552,
        "min": -1.88011753559,
        "stdev": 9.79898643494
    },
    "barkbands_skewness": {
        "max": 7.34123373032,
        "mean": 1.48203122616,
        "min": -1.42214953899,
        "stdev": 1.32979536057
    },
    "barkbands_spread": {
        "max": 81.5518875122,
        "mean": 22.8573894501,
        "min": 1.18462824821,
        "stdev": 13.7604436874
    },
    "dissonance": {
        "max": 0.499997705221,
        "mean": 0.457843095064,
        "min": 0.314567685127,
        "stdev": 0.0285708270967
    },
    "dynamic_complexity": 2.4837846756,
    "erbbands_crest": {
        "max": 30.0215778351,
        "mean": 11.438290596,
        "min": 3.32382392883,
        "stdev": 4.63895273209
    },
    "erbbands_flatness_db": {
        "max": 0.297781407833,
        "mean": 0.196339577436,
        "min": 0.111355677247,
        "stdev": 0.0305776502937
    },
    "erbbands_kurtosis": {
        "max": 31.846660614,
        "mean": 0.873021543026,
        "min": -1.83968436718,
        "stdev": 2.77146983147
    },
    "erbbands_skewness": {
        "max": 5.31781101227,
        "mean": 0.407173156738,
        "min": -3.62834787369,
        "stdev": 1.05491316319
    },
    "erbbands_spread": {
        "max": 117.646812439,
        "mean": 36.5771865845,
        "min": 6.07164478302,
        "stdev": 15.5770244598
    },
    "hfc": {
        "max": 124.46572113,
        "mean": 19.1379127502,
        "min": 1.38747513294,
        "stdev": 14.0819959641
    },
    "loudness_ebu128": {
        "integrated": -14.1939907074,
        "loudness_range": 3.52304553986,
        "momentary": {
            "max": -11.5767631531,
            "mean": -14.6160640717,
            "min": -19.2466373444,
            "stdev": 2.00588560104
        },
        "short_term": {
            "max": -12.2961778641,
            "mean": -14.3334960938,
            "min": -17.1299781799,
            "stdev": 1.24470806122
        }
    },
    "melbands_crest": {
        "max": 30.1929397583,
        "mean": 13.3689899445,
        "min": 4.09020328522,
        "stdev": 5.22667980194
    },
    "melbands_flatness_db": {
        "max": 0.382442802191,
        "mean": 0.184492900968,
        "min": 0.0684072822332,
        "stdev": 0.0529156960547
    },
    "melbands_kurtosis": {
        "max": 197.610214233,
        "mean": 13.0829181671,
        "min": -1.87628924847,
        "stdev": 19.9914340973
    },
    "melbands_skewness": {
        "max": 9.40514755249,
        "mean": 2.54613447189,
        "min": -0.782297551632,
        "stdev": 1.57942044735
    },
    "melbands_spread": {
        "max": 155.322769165,
        "mean": 27.5491924286,
        "min": 1.09452199936,
        "stdev": 21.0904445648
    },
    "pitch_salience": {
        "max": 0.844166398048,
        "mean": 0.531573712826,
        "min": 0.145170882344,
        "stdev": 0.119216233492
    },
    "silence_rate_20dB": {
        "max": 1,
        "mean": 1,
        "min": 1,
        "stdev": 0
    },
    "silence_rate_30dB": {
        "max": 1,
        "mean": 1,
        "min": 1,
        "stdev": 0
    },
    "silence_rate_60dB": {
        "max": 0,
        "mean": 0,
        "min": 0,
        "stdev": 0
    },
    "spectral_centroid": {
        "max": 3989.65112305,
        "mean": 1414.26574707,
        "min": 291.503967285,
        "stdev": 687.946289062
    },
    "spectral_complexity": {
        "max": 45,
        "mean": 16.7808704376,
        "min": 1,
        "stdev": 6.69908428192
    },
    "spectral_decrease": {
        "max": -3.29222871187e-10,
        "mean": -5.56386714479e-09,
        "min": -2.20652331961e-08,
        "stdev": 3.87665233248e-09
    },
    "spectral_energy": {
        "max": 0.087319791317,
        "mean": 0.0227352082729,
        "min": 0.00136840878986,
        "stdev": 0.0153217557818
    },
    "spectral_energyband_high": {
        "max": 0.017522405833,
        "mean": 0.000817655818537,
        "min": 1.593264642e-05,
        "stdev": 0.00174369395245
    },
    "spectral_energyband_low": {
        "max": 0.0124417282641,
        "mean": 0.00171084376052,
        "min": 3.45880325767e-05,
        "stdev": 0.00130021758378
    },
    "spectral_energyband_middle_high": {
        "max": 0.035384979099,
        "mean": 0.00420451397076,
        "min": 0.000242286274442,
        "stdev": 0.00351955275983
    },
    "spectral_energyband_middle_low": {
        "max": 0.0829922705889,
        "mean": 0.0165787935257,
        "min": 0.000476466258988,
        "stdev": 0.0148831009865
    },
    "spectral_entropy": {
        "max": 8.49458026886,
        "mean": 7.45760917664,
        "min": 5.93466424942,
        "stdev": 0.348835736513
    },
    "spectral_flux": {
        "max": 0.24303124845,
        "mean": 0.074322514236,
        "min": 0.0215171221644,
        "stdev": 0.0340654812753
    },
    "spectral_kurtosis": {
        "max": 15.3138465881,
        "mean": 3.10869193077,
        "min": -0.791757583618,
        "stdev": 1.97441637516
    },
    "spectral_rms": {
        "max": 0.00922984536737,
        "mean": 0.00445228116587,
        "min": 0.0011554362718,
        "stdev": 0.00153553043492
    },
    "spectral_rolloff": {
        "max": 7601.22070312,
        "mean": 1706.43554688,
        "min": 258.3984375,
        "stdev": 1338.52331543
    },
    "spectral_skewness": {
        "max": 2.97880983353,
        "mean": 1.23151350021,
        "min": -0.114556647837,
        "stdev": 0.40993231535
    },
    "spectral_spread": {
        "max": 9905030,
        "mean": 4079659.75,
        "min": 2229085.5,
        "stdev": 911918.6875
    },
    "spectral_strongpeak": {
        "max": 8.50222206116,
        "mean": 1.44117069244,
        "min": 0.026217546314,
        "stdev": 1.29558372498
    },
    "zerocrossingrate": {
        "max": 0.240234375,
        "mean": 0.0629091635346,
        "min": 0.013671875,
        "stdev": 0.0312461815774
    },
    "barkbands": {
        "max": [0.000197127868887, 0.00334876030684, 0.00568082369864, 0.0137293953449, 0.0496601201594, 0.0750343650579, 0.0264017041773, 0.0139048304409, 0.0368988029659, 0.0242818463594, 0.0107526192442, 0.0220929253846, 0.00571658276021, 0.0322317741811, 0.00459703197703, 0.0107909012586, 0.00404228363186, 0.0125660067424, 0.0068292543292, 0.00823939125985, 0.00401331158355, 0.00776085443795, 0.00388770108111, 0.00191428198013, 0.00107977341395, 9.95982281893e-06, 8.61212896552e-08],
        "mean": [0.000108817512228, 0.000616686127614, 0.00047081921366, 0.00133280013688, 0.00255074258894, 0.00801113713533, 0.001240274054, 0.000597100704908, 0.00264477054588, 0.000538914115168, 0.00049074634444, 0.000406686391216, 0.000484245480038, 0.00048584814067, 0.000247410644079, 0.00050370011013, 0.000223377617658, 0.000514936051331, 0.000334009353537, 0.000286090828013, 0.000163875738508, 0.000204732554266, 0.0001860405755, 7.25857607904e-05, 1.84561813512e-05, 3.91394223698e-07, 4.51654891265e-09],
        "min": [6.07102549566e-07, 5.44582280781e-06, 6.53938172945e-07, 5.44031672689e-06, 4.54831679235e-05, 1.47520822793e-05, 3.7436693674e-06, 1.58256693794e-06, 9.87986004475e-06, 3.60657372767e-06, 3.87937143387e-06, 1.79850439963e-06, 3.51670496457e-06, 2.96175039693e-06, 4.93667312185e-06, 3.02556554743e-06, 4.8472038543e-06, 1.34553956741e-05, 7.56539202484e-06, 3.96126006308e-06, 2.7682781365e-06, 2.54502606367e-06, 1.95184088625e-06, 1.16795331451e-06, 2.72605291229e-07, 2.03817052125e-09, 1.91860208276e-11],
        "stdev": [1.61333919095e-05, 0.000560853106435, 0.000611036375631, 0.00168907025363, 0.00493313651532, 0.0115475803614, 0.00287210009992, 0.0013618619414, 0.00511710438877, 0.00142924010288, 0.000962131889537, 0.00124194950331, 0.000680832890794, 0.00155301683117, 0.000366873544408, 0.000993226654828, 0.000307985785184, 0.000945659703575, 0.000479973008623, 0.000666144303977, 0.000428787549026, 0.000550191965885, 0.000375947391149, 0.000150066422066, 5.91575771978e-05, 8.0273474623e-07, 6.96357149721e-09]
    },
    "erbbands": {
        "max": [0.0314711220562, 0.964742600918, 4.60410785675, 27.7856464386, 36.18227005, 293.905517578, 688.078979492, 631.150817871, 495.032501221, 359.858428955, 370.711120605, 1166.30627441, 815.93347168, 353.286834717, 379.697753906, 1096.75146484, 266.379455566, 1816.18029785, 328.135528564, 340.08795166, 447.292510986, 135.149673462, 432.725067139, 383.93057251, 285.038360596, 383.354888916, 239.397216797, 189.150588989, 275.584625244, 231.97227478, 115.778846741, 69.5118331909, 19.7471904755, 15.8600883484, 6.81851911545, 0.457213014364, 0.0119199091569, 0.000795076717623, 0.000127994208015, 0.000101454905234],
        "mean": [0.00638227025047, 0.175935089588, 0.555167794228, 2.58854722977, 3.60623335838, 9.78603839874, 50.6841697693, 57.4801368713, 25.9420833588, 8.91385746002, 20.5087051392, 57.6048622131, 37.5181083679, 13.6133499146, 22.4805030823, 18.8818473816, 25.8807220459, 19.9211158752, 21.6778564453, 15.5045890808, 24.7205791473, 12.315533638, 24.0003681183, 23.7294769287, 14.7892189026, 13.2494955063, 8.84491443634, 6.35780954361, 7.11036396027, 6.91462802887, 4.86405849457, 2.47578907013, 0.753039360046, 0.304002016783, 0.0790935382247, 0.00699649518356, 0.000299854320474, 2.84626185021e-05, 1.61819571076e-05, 2.8220079912e-05],
        "min": [0.000339180638548, 0.00122399942484, 0.00393769517541, 0.0285300649703, 0.0967829301953, 0.167791649699, 0.354639559984, 0.364480346441, 0.168922841549, 0.112855806947, 0.315602004528, 0.287980020046, 0.138892218471, 0.3270586133, 0.214068517089, 0.335220813751, 0.280864208937, 0.10069578141, 0.278433948755, 0.253234773874, 0.23019734025, 0.339376181364, 0.73808324337, 0.428430557251, 0.297318100929, 0.201722234488, 0.111316204071, 0.113513082266, 0.0896158367395, 0.0902893394232, 0.0459222346544, 0.0278533063829, 0.0138011118397, 0.00575013272464, 0.000988796935417, 0.000199538670131, 9.34020590648e-06, 1.91338267541e-06, 1.22254562029e-06, 1.78224888714e-06],
        "stdev": [0.00523243425414, 0.155651956797, 0.529569029808, 3.11156654358, 3.88432955742, 24.3333683014, 85.4465866089, 86.2956314087, 56.2815513611, 18.5623455048, 35.9884300232, 113.908416748, 101.876724243, 23.7738990784, 38.7462272644, 56.884601593, 34.8005867004, 80.9144287109, 33.5617141724, 25.6680488586, 44.9707679749, 14.6006221771, 36.688533783, 32.4685287476, 21.4995765686, 30.3046989441, 23.3190536499, 17.5505142212, 19.9001293182, 15.510216713, 10.1861724854, 5.14147233963, 1.6047334671, 0.882779598236, 0.312576800585, 0.0201799105853, 0.000659961777274, 4.39772520622e-05, 1.16839828479e-05, 1.79408798431e-05]
    },
    "gfcc": {
        "mean": [-16.3074703217, 110.664573669, -148.265808105, 50.5722923279, -82.1531982422, 7.30474328995, -47.1033859253, -3.70994710922, -18.5303058624, -16.386762619, 0.312711030245, -8.17473125458, -1.8410872221],
        "cov": [[975.256225586, -245.099975586, -175.984344482, 36.2134399414, -202.559402466, 1.54338169098, -17.3062171936, 0.544309437275, 48.2740402222, -12.2204446793, -20.6527843475, -81.4502410889, 36.9522476196], [-245.099975586, 432.205413818, -19.6742134094, -208.640716553, 109.513793945, -82.3447570801, 33.836517334, -21.2134170532, 58.1904258728, -55.7413444519, 42.1378097534, -2.75043869019, -6.27865362167], [-175.984344482, -19.6742134094, 343.801300049, 47.6453514099, -121.766029358, 4.84113407135, -39.4566192627, 4.79003763199, -13.505440712, -11.1892223358, 24.3692932129, 64.7445068359, -3.39779472351], [36.2134399414, -208.640716553, 47.6453514099, 284.280303955, 35.1272087097, 45.8259315491, 10.4418745041, -6.73319673538, -48.6655654907, 45.1895523071, -35.461227417, 19.3524589539, -4.03953075409], [-202.559402466, 109.513793945, -121.766029358, 35.1272087097, 363.89666748, 105.837425232, 5.4767370224, 11.7139387131, -58.4743919373, 47.391658783, -45.21824646, -18.8096065521, -25.920999527], [1.54338169098, -82.3447570801, 4.84113407135, 45.8259315491, 105.837425232, 212.815353394, 35.8759078979, 28.1692581177, -47.5976715088, 43.6929016113, -38.3073425293, -22.9923667908, -17.0677242279], [-17.3062171936, 33.836517334, -39.4566192627, 10.4418745041, 5.4767370224, 35.8759078979, 133.495346069, 13.3455533981, -12.9075908661, 7.43115234375, -3.95429134369, -2.10182142258, -10.450378418], [0.544309437275, -21.2134170532, 4.79003763199, -6.73319673538, 11.7139387131, 28.1692581177, 13.3455533981, 110.113349915, 18.043806076, 5.73396635056, -11.873541832, -18.425113678, 4.92145490646], [48.2740402222, 58.1904258728, -13.505440712, -48.6655654907, -58.4743919373, -47.5976715088, -12.9075908661, 18.043806076, 118.554664612, -5.61251974106, 14.2583093643, -10.1376314163, 19.9336910248], [-12.2204446793, -55.7413444519, -11.1892223358, 45.1895523071, 47.391658783, 43.6929016113, 7.43115234375, 5.73396635056, -5.61251974106, 97.8264312744, -11.037820816, -11.1484680176, -4.03234243393], [-20.6527843475, 42.1378097534, 24.3692932129, -35.461227417, -45.21824646, -38.3073425293, -3.95429134369, -11.873541832, 14.2583093643, -11.037820816, 115.770736694, 49.5547943115, -7.88307905197], [-81.4502410889, -2.75043869019, 64.7445068359, 19.3524589539, -18.8096065521, -22.9923667908, -2.10182142258, -18.425113678, -10.1376314163, -11.1484680176, 49.5547943115, 108.658569336, 17.0983333588], [36.9522476196, -6.27865362167, -3.39779472351, -4.03953075409, -25.920999527, -17.0677242279, -10.450378418, 4.92145490646, 19.9336910248, -4.03234243393, -7.88307905197, 17.0983333588, 76.7938690186]],
        "icov": [[0.00189021870028, 0.000323415151797, 0.00160624238197, -0.000571804062929, 0.00168215564918, -0.000907289329916, 0.000769847712945, 7.11163083906e-05, -0.000221036287257, 0.000436799513409, -0.000266393908532, 0.000924891966861, -0.000528728123754], [0.000323415151797, 0.0130470739678, -0.00587200373411, 0.00850393716246, -0.010514555499, 0.00657572504133, -0.00860365759581, 0.00507122371346, -0.00663166772574, 0.00507277809083, -0.00331813073717, 0.00452718464658, -0.00184562685899], [0.00160624238197, -0.00587200373411, 0.00878149084747, -0.00505815213546, 0.00855352263898, -0.00510131707415, 0.00662771891803, -0.00332021038048, 0.0035327966325, -0.00197658338584, 0.00193749251775, -0.00436354614794, 0.00188718002755], [-0.000571804062929, 0.00850393716246, -0.00505815213546, 0.0103359567001, -0.00761701259762, 0.00463640037924, -0.00623094569892, 0.00351069797762, -0.00305102695711, 0.00120053999126, -0.00034198895446, 0.00121315661818, -0.000773399719037], [0.00168215564918, -0.010514555499, 0.00855352263898, -0.00761701259762, 0.014945843257, -0.00807813182473, 0.0092050684616, -0.00480870949104, 0.00668831774965, -0.00493318680674, 0.00378717505373, -0.0045100459829, 0.00251672626473], [-0.000907289329916, 0.00657572504133, -0.00510131707415, 0.00463640037924, -0.00807813182473, 0.0110328514129, -0.00661478098482, 0.00130017346237, -0.00152351206634, 0.000470683153253, -0.000791767088231, 0.00309302192181, -0.000615471915808], [0.000769847712945, -0.00860365759581, 0.00662771891803, -0.00623094569892, 0.0092050684616, -0.00661478098482, 0.0149651505053, -0.00464039761573, 0.00509794382378, -0.00334361940622, 0.0024086527992, -0.00414846511558, 0.00253448379226], [7.11163083906e-05, 0.00507122371346, -0.00332021038048, 0.00351069797762, -0.00480870949104, 0.00130017346237, -0.00464039761573, 0.0123901730403, -0.00480011804029, 0.00218835193664, -0.00129176548216, 0.0036578271538, -0.00192765390966], [-0.000221036287257, -0.00663166772574, 0.0035327966325, -0.00305102695711, 0.00668831774965, -0.00152351206634, 0.00509794382378, -0.00480011804029, 0.0148006668314, -0.00389629416168, 0.000562701665331, -0.000842789246235, -0.0013207324082], [0.000436799513409, 0.00507277809083, -0.00197658338584, 0.00120053999126, -0.00493318680674, 0.000470683153253, -0.00334361940622, 0.00218835193664, -0.00389629416168, 0.0145414080471, -0.00228315219283, 0.00332648050971, -0.00117562245578], [-0.000266393908532, -0.00331813073717, 0.00193749251775, -0.00034198895446, 0.00378717505373, -0.000791767088231, 0.0024086527992, -0.00129176548216, 0.000562701665331, -0.00228315219283, 0.0140453325585, -0.00835278537124, 0.00447315117344], [0.000924891966861, 0.00452718464658, -0.00436354614794, 0.00121315661818, -0.0045100459829, 0.00309302192181, -0.00414846511558, 0.0036578271538, -0.000842789246235, 0.00332648050971, -0.00835278537124, 0.0178691130131, -0.00628059636801], [-0.000528728123754, -0.00184562685899, 0.00188718002755, -0.000773399719037, 0.00251672626473, -0.000615471915808, 0.00253448379226, -0.00192765390966, -0.0013207324082, -0.00117562245578, 0.00447315117344, -0.00628059636801, 0.016488019377]]
    },
    "melbands": {
        "max": [0.000597933074459, 0.00197330280207, 0.00475505692884, 0.0102837411687, 0.0192677695304, 0.0136962085962, 0.00623821187764, 0.00321117183194, 0.00263618282042, 0.00687447283417, 0.00396827561781, 0.00189949735068, 0.00169151672162, 0.001914445078, 0.00174733239692, 0.00154185993597, 0.00323742441833, 0.000765370961744, 0.000459397328086, 0.000834714912344, 0.000498742447235, 0.000197842426132, 0.000225350348046, 0.000859387742821, 0.000351153808879, 0.000196192137082, 0.000209006422665, 0.000318898295518, 0.000199616217287, 9.58965028985e-05, 0.000119395794172, 0.00014543015277, 0.000186003482668, 0.000112710593385, 7.56838926463e-05, 6.13965676166e-05, 3.95729402953e-05, 1.55788693519e-05, 1.37687975439e-05, 1.39354497151e-05],
        "mean": [0.000121234261314, 0.000299878331134, 0.000487978686579, 0.000398878153646, 0.00151580560487, 0.00135403301101, 0.000337490695529, 9.30063397391e-05, 0.000209227495361, 0.000368050939869, 0.000178722038982, 5.17783337273e-05, 7.47369413148e-05, 5.35774233867e-05, 5.20098692505e-05, 4.60708979517e-05, 3.59767254849e-05, 3.96280884161e-05, 1.51851436385e-05, 3.22210144077e-05, 2.66763909167e-05, 1.11647113954e-05, 1.29433692564e-05, 3.24978864228e-05, 1.75859186129e-05, 1.22642059068e-05, 8.71182692208e-06, 9.14042357181e-06, 6.51688151265e-06, 3.49484935214e-06, 3.75840568267e-06, 3.91999992644e-06, 4.09784115618e-06, 3.8360817598e-06, 2.93661992146e-06, 2.18695663534e-06, 1.24563609916e-06, 5.5784801134e-07, 3.19995109521e-07, 2.25732776471e-07],
        "min": [4.61436502519e-06, 1.81209941275e-06, 5.42520319868e-06, 7.52437927076e-06, 1.32676850626e-05, 6.97413361195e-06, 1.55702809934e-06, 8.43202258238e-07, 1.91307321984e-06, 1.35954451252e-06, 3.9728084289e-07, 6.79476158894e-07, 5.8034072481e-07, 4.36996856479e-07, 5.28060695615e-07, 1.53702430339e-07, 1.22481111475e-07, 3.48392717342e-07, 2.77632096868e-07, 2.68812868853e-07, 2.80287025589e-07, 2.3256788495e-07, 2.84246198134e-07, 6.88853504016e-07, 2.63230106157e-07, 1.85153183452e-07, 1.093583748e-07, 7.87241773992e-08, 5.61489024165e-08, 5.27204910838e-08, 6.10342709706e-08, 5.04703905335e-08, 4.08976710276e-08, 4.17018064525e-08, 2.99321776254e-08, 1.37145201862e-08, 1.76420620335e-08, 9.53099377199e-09, 3.73532982323e-09, 3.82165632473e-09],
        "stdev": [0.000104618280602, 0.00023752314155, 0.000563666399103, 0.000823152018711, 0.00237387022935, 0.00195392081514, 0.000742651929613, 0.000198985057068, 0.000349336216459, 0.000732525193598, 0.000507619988639, 0.000112216846901, 0.000145470141433, 0.000135823051096, 9.04138869373e-05, 9.03707332327e-05, 0.000147079132148, 7.25757854525e-05, 2.53657235589e-05, 7.53641288611e-05, 4.85164164274e-05, 1.60895870067e-05, 1.70695075212e-05, 6.50635774946e-05, 2.46677027462e-05, 1.81780451385e-05, 1.63930690178e-05, 2.38315278693e-05, 1.82336880243e-05, 9.49108016357e-06, 1.07414189188e-05, 1.11374247354e-05, 1.14985723485e-05, 8.07313517726e-06, 6.34704929325e-06, 4.69932820124e-06, 2.6796549264e-06, 1.17022284485e-06, 8.87548992523e-07, 7.09272228505e-07]
    },
    "melbands128": {
        "max": [8.63452805788e-05, 8.78421124071e-05, 0.000796610489488, 0.0020686138887, 0.0017378735356, 0.00330249848776, 0.00591447250918, 0.00727000506595, 0.00395114906132, 0.00671181455255, 0.0228824950755, 0.0166918318719, 0.0339448936284, 0.0327866375446, 0.0230968743563, 0.0190647393465, 0.0153520125896, 0.00803148839623, 0.00555959483609, 0.0059392247349, 0.00273828301579, 0.00494283018634, 0.00392427900806, 0.00737838633358, 0.014464603737, 0.00912177469581, 0.0125975925475, 0.00446369685233, 0.00730070145801, 0.00362823205069, 0.000746623845771, 0.00165631913114, 0.00324935954995, 0.00195024418645, 0.00172805215698, 0.00303557608277, 0.00638635829091, 0.000934799318202, 0.000987471081316, 0.000859184074216, 0.000535777769983, 0.00624368852004, 0.00585337076336, 0.00131994299591, 0.00230299727991, 0.000945768668316, 0.000576056481805, 0.000518126529641, 0.000981903402135, 0.000496105931234, 0.00144942349289, 0.00208213343285, 0.000966254621744, 0.000483082869323, 0.000650479050819, 0.000288017909043, 0.000132182947709, 0.000315958954161, 0.000416187365772, 0.000398295320338, 0.00111826206557, 0.00154126423877, 0.000330012640916, 0.000718215422239, 0.000833708152641, 0.000228468954447, 0.000296702375636, 0.000256521394476, 0.00028564594686, 0.0003210917057, 0.000352387520252, 0.000554485770408, 0.00046082015615, 0.000191915140022, 0.000168578524608, 0.000133544162964, 0.000107842730358, 0.000150967855006, 0.000167342441273, 0.000149950501509, 0.000179321388714, 0.000179826383828, 0.000153760207468, 0.000278399005765, 0.000120961296489, 0.000111888824904, 0.000135006252094, 0.000108616965008, 9.01142557268e-05, 9.24583582673e-05, 9.06540808501e-05, 6.31890870864e-05, 8.63045788719e-05, 5.1242634072e-05, 2.80909316643e-05, 2.46838608291e-05, 1.33615430968e-05, 1.1438655747e-05, 1.8288841602e-05, 1.32434061015e-05, 1.42767394209e-05, 1.34707242978e-05, 1.58705988724e-05, 1.16733281175e-05, 9.15047439776e-06, 7.92980699771e-06, 1.62042283591e-06, 3.19878182609e-07, 2.90236243927e-07, 2.05539819831e-07, 5.92009428146e-08, 1.18257998949e-08, 7.55886797599e-10, 5.24193910501e-10, 4.85156026464e-10, 6.80354106386e-10, 1.42421630045e-09, 4.179622759e-10, 4.01734173705e-10, 3.83657244862e-10, 3.69618641249e-10, 3.60517254938e-10, 3.51889600791e-10, 3.43445771822e-10, 3.34354405274e-10, 3.28701926788e-10, 3.25436594339e-10, 3.2354499635e-10],
        "mean": [2.59348544205e-05, 1.2586981029e-05, 0.000144741919939, 0.000355761963874, 0.000281282234937, 0.000241475587245, 0.000505953736138, 0.000706284539774, 0.000267249561148, 0.000254268583376, 0.000520050583873, 0.000807108299341, 0.00167715910356, 0.00267255119979, 0.00144283636473, 0.000603617401794, 0.000541884102859, 0.000290608091746, 8.58693310875e-05, 7.72216080804e-05, 8.67989147082e-05, 0.00015797096421, 0.000128516214318, 0.000364318082575, 0.000496619613841, 0.000251523160841, 0.00040461611934, 0.000110953566036, 8.24249509606e-05, 6.32353840047e-05, 2.5369481591e-05, 5.48478928977e-05, 9.83813661151e-05, 7.73034771555e-05, 4.52789645351e-05, 5.30661236553e-05, 5.58296778763e-05, 1.78311129275e-05, 8.82414242369e-05, 6.97114737704e-05, 1.41331893246e-05, 4.77071698697e-05, 3.66245803889e-05, 2.13696785067e-05, 6.02227119089e-05, 4.06148901675e-05, 2.43530557782e-05, 1.26960621856e-05, 1.00974684756e-05, 1.88944759429e-05, 3.67820866813e-05, 4.75973829452e-05, 3.00968895317e-05, 1.91169037862e-05, 1.13451442303e-05, 9.46791624301e-06, 9.06868899619e-06, 2.07076427614e-05, 7.99805638962e-06, 1.19307196655e-05, 4.56109082734e-05, 3.99582495447e-05, 1.17188910735e-05, 1.54299468704e-05, 1.79464750545e-05, 1.1057827578e-05, 9.9322596725e-06, 9.96859853331e-06, 7.82634651841e-06, 7.839034879e-06, 8.42823828862e-06, 1.11876133815e-05, 8.69070117915e-06, 5.52533720111e-06, 4.08516416428e-06, 3.27454972648e-06, 3.35960226039e-06, 3.41375289281e-06, 3.8820694499e-06, 4.08825462728e-06, 3.69882445739e-06, 3.8195421439e-06, 4.40392477685e-06, 4.14129181081e-06, 3.99951295549e-06, 3.50863820131e-06, 4.27427949035e-06, 3.48701337316e-06, 2.74559420177e-06, 2.57191254605e-06, 2.58960767496e-06, 2.02042701858e-06, 1.65029541677e-06, 1.34912716021e-06, 9.27023336317e-07, 6.61317926642e-07, 5.17174498782e-07, 3.35149252351e-07, 3.01259859725e-07, 3.31668900344e-07, 2.8716172551e-07, 1.93266217252e-07, 1.73200902509e-07, 1.32529180519e-07, 7.90641294657e-08, 5.08341209127e-08, 2.20964864184e-08, 1.12257083629e-08, 6.49260156749e-09, 3.10210701571e-09, 7.71064323501e-10, 1.76511347205e-10, 3.30120306091e-11, 9.78630110976e-12, 4.90194516922e-12, 6.48604017717e-11, 1.31343061427e-10, 3.68155592817e-12, 3.51089253156e-12, 3.41573861209e-12, 3.33064587195e-12, 3.26103749039e-12, 3.19258269994e-12, 3.13275468934e-12, 3.08588311154e-12, 3.05050429361e-12, 3.02668415504e-12, 3.00723877224e-12],
        "min": [6.03743785632e-07, 1.56205317126e-06, 6.69323583224e-07, 1.17301203773e-06, 4.92601827773e-07, 2.78485771332e-07, 5.90837544223e-07, 1.3577188156e-06, 3.54430335392e-06, 2.36389882957e-06, 9.38453808885e-07, 2.3413854251e-06, 6.57220880385e-07, 2.05977858059e-06, 1.10447763291e-06, 6.23650919351e-07, 5.64658307667e-07, 6.66437472319e-07, 3.50172683738e-07, 2.44507702973e-07, 1.58142256623e-07, 1.43216013271e-07, 2.64491205826e-07, 4.37580695234e-07, 6.3983105747e-07, 4.44105864972e-07, 1.55656252332e-07, 2.1523584337e-07, 3.00945998788e-07, 2.17886650944e-07, 1.78564903308e-07, 2.73287582786e-07, 1.61007790211e-07, 3.32688330218e-07, 1.35249976552e-07, 7.06828018338e-08, 1.51259584413e-07, 1.45257743611e-07, 2.74817182344e-07, 1.14109987237e-07, 3.29898668383e-08, 3.75808184572e-08, 3.92163528318e-08, 2.41482549512e-08, 1.96384206674e-07, 1.28907402086e-07, 1.02345254049e-07, 9.14059228307e-08, 8.99789398545e-08, 7.98186334805e-08, 1.76026645704e-07, 1.3355820272e-07, 1.46392665101e-07, 1.45893139347e-07, 1.2873239541e-07, 1.57319263394e-07, 1.89881887991e-07, 1.08199415649e-07, 8.04808948374e-08, 1.19318130487e-07, 4.52159270026e-07, 4.65995526611e-07, 1.09539101345e-07, 1.90290293745e-07, 9.16072622204e-08, 1.21198482361e-07, 8.06828595046e-08, 8.71591012697e-08, 7.05333462747e-08, 9.08111204012e-08, 5.4774073277e-08, 3.29372795704e-08, 3.02337141989e-08, 3.16091757213e-08, 2.71983182643e-08, 3.74134572212e-08, 4.09955092096e-08, 3.1918180099e-08, 3.86815663944e-08, 3.01083105114e-08, 2.87546395583e-08, 1.88030231385e-08, 2.03105550156e-08, 2.26266934078e-08, 4.01714359555e-08, 2.1830478758e-08, 2.2760971774e-08, 3.0192108369e-08, 1.75956937909e-08, 1.82969088769e-08, 1.02679429403e-08, 1.12090203785e-08, 1.23941461538e-08, 1.51314871744e-08, 1.17948575351e-08, 4.94569096787e-09, 5.646015655e-09, 5.00166130735e-09, 2.09720552036e-09, 2.08980965866e-09, 1.78297421272e-09, 2.67291633271e-09, 1.53225043764e-09, 9.34482380366e-10, 4.2541498102e-10, 8.93355722731e-10, 9.57323997852e-10, 6.73130995388e-11, 8.48164258011e-13, 1.74429034042e-13, 1.01479961316e-13, 7.16046620326e-14, 6.7627578071e-14, 4.8166308317e-14, 5.68083855781e-14, 5.51050734719e-14, 6.75253716874e-14, 5.57832520952e-14, 5.11807494985e-14, 5.55444836718e-14, 6.31978329261e-14, 5.91712890166e-14, 4.84447856451e-14, 4.95567501694e-14, 6.2033738606e-14, 5.32098203118e-14, 6.48484832998e-14, 5.33407953224e-14],
        "stdev": [7.88572833699e-06, 9.16003045859e-06, 0.00013269064948, 0.000328624795657, 0.000260763859842, 0.00034023981425, 0.000643078994472, 0.000888110254891, 0.000347260007402, 0.000531550438609, 0.0018461352447, 0.00172873376869, 0.0037977064494, 0.00450711231679, 0.00251108803786, 0.00183449464384, 0.00159040465951, 0.000613700540271, 0.000239323955611, 0.000298980943626, 0.000223454422667, 0.000475971552078, 0.00031397031853, 0.000853464822285, 0.00121953664348, 0.00086519861361, 0.00145838246681, 0.000383636332117, 0.000334271549946, 0.000200519934879, 6.08531336184e-05, 0.000140318472404, 0.000249513395829, 0.000174158107257, 0.000127727107611, 0.000182734147529, 0.000284304376692, 4.73985019198e-05, 0.000135161491926, 0.000111313114758, 3.98082775064e-05, 0.000309459195705, 0.000238759064814, 8.10643323348e-05, 0.000187083613127, 7.61166957091e-05, 4.90238271595e-05, 3.25599794451e-05, 3.5163902794e-05, 4.04587917728e-05, 0.000107917985588, 0.000143967656186, 7.37178779673e-05, 4.57075220766e-05, 3.40084807249e-05, 1.96669934667e-05, 1.21279226732e-05, 3.59744371963e-05, 1.61255393323e-05, 2.73994082818e-05, 9.57345109782e-05, 0.000100943863799, 2.00630784093e-05, 3.23141211993e-05, 4.34323410445e-05, 2.03263298317e-05, 1.9926837922e-05, 2.07847970159e-05, 1.87813202501e-05, 1.87617588381e-05, 2.13169969356e-05, 3.52365532308e-05, 3.00004030578e-05, 1.56604255608e-05, 1.19854230434e-05, 9.73547867034e-06, 9.74522663455e-06, 1.11286535684e-05, 1.17228810268e-05, 1.22909823403e-05, 1.13738014988e-05, 1.14091417345e-05, 1.32732720886e-05, 1.37675178848e-05, 1.02577387224e-05, 8.03154125606e-06, 9.20509228308e-06, 8.12463258626e-06, 6.6527945819e-06, 6.29048008705e-06, 5.8937216636e-06, 4.67090330858e-06, 3.96410950998e-06, 3.26634426528e-06, 2.02965361495e-06, 1.45681747199e-06, 1.13029193471e-06, 9.27945450258e-07, 1.01624470972e-06, 1.00601130271e-06, 9.12599148251e-07, 6.8753143978e-07, 7.06279081442e-07, 5.68037421544e-07, 3.70320918819e-07, 2.64757659352e-07, 7.23928721413e-08, 2.51312268773e-08, 1.97582608052e-08, 1.11701723426e-08, 3.05067615614e-09, 5.59910562359e-10, 8.21921072869e-11, 2.73570801429e-11, 1.59997796262e-11, 1.08883145555e-10, 2.24014820582e-10, 1.21411483298e-11, 1.16931160934e-11, 1.1202827728e-11, 1.08159019935e-11, 1.0555151371e-11, 1.03098710125e-11, 1.00735938688e-11, 9.82790324816e-12, 9.67113368555e-12, 9.57695728276e-12, 9.5216985338e-12]
    },
    "mfcc": {
        "mean": [-638.97857666, 114.513275146, -3.8411450386, 28.1563510895, -4.86442041397, 0.419397383928, -12.8956365585, 5.86722517014, -19.469789505, -0.0442093499005, -7.45868968964, -4.90865039825, -5.22058057785],
        "cov": [[1210.26391602, -402.152404785, -84.4633102417, -21.7315425873, -135.850158691, -37.0864219666, -78.6055831909, -50.1719512939, 31.0742301941, 87.0176315308, -55.93983078, -63.8445663452, 46.9189224243], [-402.152404785, 635.502624512, -159.598678589, -115.645057678, 42.770565033, -58.5079536438, -33.2556152344, 42.5773773193, -56.4541625977, 33.3297805786, 15.14270401, -9.42250919342, -38.9407730103], [-84.4633102417, -159.598678589, 478.083984375, 9.31186485291, -105.924263, -55.0065498352, -70.0257568359, 23.448846817, -53.4968566895, -28.0867328644, -11.4830303192, -11.8850851059, -1.33298909664], [-21.7315425873, -115.645057678, 9.31186485291, 203.034393311, -9.49149990082, 30.3497047424, 6.93484354019, -14.9855985641, 13.2583360672, -51.154499054, -6.14924526215, 13.160077095, 15.924030304], [-135.850158691, 42.770565033, -105.924263, -9.49149990082, 248.009643555, 51.3788948059, 64.5762710571, -12.0140571594, 51.9647331238, -36.0645027161, 14.3927278519, 49.4690551758, 2.24550271034], [-37.0864219666, -58.5079536438, -55.0065498352, 30.3497047424, 51.3788948059, 180.796463013, 87.4949798584, -8.77026462555, 39.8838882446, -36.1339950562, 10.9663448334, 26.2308444977, 19.87641716], [-78.6055831909, -33.2556152344, -70.0257568359, 6.93484354019, 64.5762710571, 87.4949798584, 195.409103394, 5.10746240616, 47.9033203125, -38.6098251343, 34.0382270813, 36.2036819458, 10.3219060898], [-50.1719512939, 42.5773773193, 23.448846817, -14.9855985641, -12.0140571594, -8.77026462555, 5.10746240616, 100.265159607, -19.7653884888, -0.534164726734, -9.31204128265, -3.81519150734, -1.26850450039], [31.0742301941, -56.4541625977, -53.4968566895, 13.2583360672, 51.9647331238, 39.8838882446, 47.9033203125, -19.7653884888, 172.406204224, 8.18282413483, -11.3706960678, 12.0683116913, 20.5020503998], [87.0176315308, 33.3297805786, -28.0867328644, -51.154499054, -36.0645027161, -36.1339950562, -38.6098251343, -0.534164726734, 8.18282413483, 152.713165283, 8.9506072998, -37.9594116211, -26.8342876434], [-55.93983078, 15.14270401, -11.4830303192, -6.14924526215, 14.3927278519, 10.9663448334, 34.0382270813, -9.31204128265, -11.3706960678, 8.9506072998, 114.503875732, 26.9009628296, -27.7900085449], [-63.8445663452, -9.42250919342, -11.8850851059, 13.160077095, 49.4690551758, 26.2308444977, 36.2036819458, -3.81519150734, 12.0683116913, -37.9594116211, 26.9009628296, 104.685401917, 17.4031734467], [46.9189224243, -38.9407730103, -1.33298909664, 15.924030304, 2.24550271034, 19.87641716, 10.3219060898, -1.26850450039, 20.5020503998, -26.8342876434, -27.7900085449, 17.4031734467, 89.0863876343]],
        "icov": [[0.00161007593852, 0.00141942570917, 0.00102767487988, 0.000843799905851, 0.000724139797967, 0.000365011481335, 0.000659219105728, 0.000209041041671, 5.14276653121e-05, -0.000369168439647, 0.000226635194849, 0.00037835969124, -0.000662322563585], [0.00141942570917, 0.00346579751931, 0.00180762878153, 0.00177241442725, 0.00033283472294, 0.000833831145428, 0.00106388342101, -0.000728817947675, 0.000620260543656, -6.31315633655e-05, -1.398713448e-05, 0.000321730156429, -7.94377483544e-05], [0.00102767487988, 0.00180762878153, 0.00354450754821, 0.00100616854616, 0.00130469317082, 0.000768173893448, 0.00126353674568, -0.000695793482009, 0.000394786708057, 0.000795211468358, -6.84854530846e-05, 7.54012144171e-05, -0.000125920516439], [0.000843799905851, 0.00177241442725, 0.00100616854616, 0.00659422297031, 0.00100148387719, -0.000350426678779, 0.00104142876808, 0.000408627471188, -0.000289253977826, 0.00191305275075, 3.0393812267e-05, -1.20982076623e-05, -0.000240556197241], [0.000724139797967, 0.00033283472294, 0.00130469317082, 0.00100148387719, 0.00586868915707, -0.00039049636689, -0.000242465612246, 0.000474347034469, -0.00123431894463, 0.00105266331229, 0.000247517571552, -0.00171859422699, 0.000592744210735], [0.000365011481335, 0.000833831145428, 0.000768173893448, -0.000350426678779, -0.00039049636689, 0.00783751346171, -0.00251067383215, 0.000259598396951, -0.000419780000811, 0.000623216154054, -0.000127535109641, -7.251741863e-06, -0.000951889785938], [0.000659219105728, 0.00106388342101, 0.00126353674568, 0.00104142876808, -0.000242465612246, -0.00251067383215, 0.00833563134074, -0.00143366446719, -0.00143969443161, 0.00148837279994, -0.00221045245416, -0.000355817202944, -0.000309715745971], [0.000209041041671, -0.000728817947675, -0.000695793482009, 0.000408627471188, 0.000474347034469, 0.000259598396951, -0.00143366446719, 0.0111113814637, 0.00107490166556, -0.000279403466266, 0.00151078158524, -5.24721035617e-05, -0.000107678730274], [5.14276653121e-05, 0.000620260543656, 0.000394786708057, -0.000289253977826, -0.00123431894463, -0.000419780000811, -0.00143969443161, 0.00107490166556, 0.00745050795376, -0.00167411880102, 0.00131950678769, -0.000218944536755, -0.00115598924458], [-0.000369168439647, -6.31315633655e-05, 0.000795211468358, 0.00191305275075, 0.00105266331229, 0.000623216154054, 0.00148837279994, -0.000279403466266, -0.00167411880102, 0.00936143007129, -0.0016187102301, 0.00214880611748, 0.00177514122333], [0.000226635194849, -1.398713448e-05, -6.84854530846e-05, 3.0393812267e-05, 0.000247517571552, -0.000127535109641, -0.00221045245416, 0.00151078158524, 0.00131950678769, -0.0016187102301, 0.0115594388917, -0.00345775065944, 0.00365803856403], [0.00037835969124, 0.000321730156429, 7.54012144171e-05, -1.20982076623e-05, -0.00171859422699, -7.251741863e-06, -0.000355817202944, -5.24721035617e-05, -0.000218944536755, 0.00214880611748, -0.00345775065944, 0.0129284411669, -0.00287650665268], [-0.000662322563585, -7.94377483544e-05, -0.000125920516439, -0.000240556197241, 0.000592744210735, -0.000951889785938, -0.000309715745971, -0.000107678730274, -0.00115598924458, 0.00177514122333, 0.00365803856403, -0.00287650665268, 0.0143158389255]]
    },
    "spectral_contrast_coeffs": {
        "max": [-0.369610607624, -0.447169065475, -0.465614289045, -0.592199087143, -0.630901932716, -0.574051737785],
        "mean": [-0.653205990791, -0.706841647625, -0.746089279652, -0.760615050793, -0.769699037075, -0.736348628998],
        "min": [-0.850620687008, -0.913659214973, -0.921366095543, -0.89147990942, -0.881652295589, -0.828357577324],
        "stdev": [0.0899643525481, 0.0839846655726, 0.0750076249242, 0.050321534276, 0.0365298502147, 0.0409184880555]
    },
    "spectral_contrast_valleys": {
        "max": [-5.86468458176, -5.42766475677, -6.03182077408, -6.1989979744, -5.85038375854, -7.92583608627],
        "mean": [-6.87660551071, -6.80040740967, -7.63083839417, -7.77470493317, -7.46236085892, -10.3812656403],
        "min": [-8.94648742676, -8.32419967651, -8.91862201691, -9.00217914581, -8.69511699677, -11.6442050934],
        "stdev": [0.423702895641, 0.470128893852, 0.427089899778, 0.426646798849, 0.474077284336, 0.585725307465]
    }
},
"rhythm": {
    "beats_count": 60,
    "beats_loudness": {
        "max": 0.0822665095329,
        "mean": 0.0279214568436,
        "min": 0.00581113854423,
        "stdev": 0.0175783932209
    },
    "bpm": 106.728347778,
    "bpm_histogram_first_peak_bpm": 108,
    "bpm_histogram_first_peak_weight": 0.43902438879,
    "bpm_histogram_second_peak_bpm": 144,
    "bpm_histogram_second_peak_spread": 0.399999976158,
    "bpm_histogram_second_peak_weight": 0.101694911718,
    "danceability": 1.16622698307,
    "onset_rate": 3.81445288658,
    "beats_loudness_band_ratio": {
        "max": [0.484985053539, 0.91227543354, 0.688369333744, 0.451557695866, 0.560826122761, 0.329003274441],
        "mean": [0.1476431638, 0.397949874401, 0.221329748631, 0.136154040694, 0.0913606062531, 0.0463843308389],
        "min": [0.00552784372121, 0.0667984187603, 0.0173779726028, 0.0054652444087, 0.00432316120714, 0.00453146034852],
        "stdev": [0.116040304303, 0.247417509556, 0.183026254177, 0.121999397874, 0.0901218801737, 0.0576574727893]
    },
    "beats_position": [0.557278871536, 1.1261677742, 1.69505667686, 2.26394557953, 2.8444442749, 3.42494320869, 4.00544214249, 4.57433080673, 5.14321994781, 5.71210861206, 6.26938772202, 6.82666635513, 7.38394546509, 7.92961454391, 8.48689365387, 9.05578231812, 9.61306095123, 10.1703395844, 10.71600914, 11.261677742, 11.8305664062, 12.3994560242, 12.9567346573, 13.5140132904, 14.0712919235, 14.6169614792, 15.1742401123, 15.7315187454, 16.2887973785, 16.8460769653, 17.4149665833, 17.9722442627, 18.5295238495, 19.0868015289, 19.6440811157, 20.2013607025, 20.758638382, 21.1765975952, 21.5945568085, 22.0241260529, 22.4536952972, 22.8716545105, 23.2896137238, 23.7191829681, 24.1255321503, 24.5434913635, 24.9614505768, 25.4026298523, 25.8554191589, 26.3082084656, 26.8887062073, 27.4575958252, 28.0264854431, 28.5837631226, 29.1410427094, 29.7099323273, 30.2672100067, 30.8360996246, 31.4165973663, 31.9738769531],
