{
"metadata": {
    "version": {
        "essentia": "2.1-beta5",
        "essentia_git_sha": "Undefined",
        "extractor": "music 2.0"
    },
    "audio_properties": {
        "analysis": {
            "equal_loudness": 0,
            "length": 29.0017242432,
            "sample_rate": 44100,
            "start_time": 113.742950439,
            "downmix": "mix"
        },
        "bit_rate": 192000,
        "length": 182.891983032,
        "lossless": 0,
        "number_channels": 2,
        "replay_gain": -7.91815376282,
        "sample_rate": 48000,
        "codec": "mp3",
        "md5_encoded": "94404980edec0db10a7f2dc5e36af919"
    },
    "tags": {
        "file_name": "Netherlands_Niemand Heeft Nog Tijd_Mrs. Einstein.mp3",
        "encoding": ["Lavf58.29.100"]
    }
},
"lowlevel": {
    "average_loudness": 0.972956061363,
    "barkbands_crest": {
        "max": 25.7063140869,
        "mean": 8.2821149826,
        "min": 2.6663184166,
        "stdev": 3.74830555916
    },
    "barkbands_flatness_db": {
        "max": 0.37391102314,
        "mean": 0.174923554063,
        "min": 0.0878030881286,
        "stdev": 0.0481374561787
    },
    "barkbands_kurtosis": {
        "max": 155.66166687,
        "mean": 2.65091133118,
        "min": -1.68187069893,
        "stdev": 9.7875585556
    },
    "barkbands_skewness": {
        "max": 10.8208332062,
        "mean": 1.15571427345,
        "min": -0.998836874962,
        "stdev": 1.22568821907
    },
    "barkbands_spread": {
        "max": 71.3192138672,
        "mean": 21.1400928497,
        "min": 0.99675989151,
        "stdev": 10.0582733154
    },
    "dissonance": {
        "max": 0.499874770641,
        "mean": 0.46272701025,
        "min": 0.327519774437,
        "stdev": 0.0287176966667
    },
    "dynamic_complexity": 2.46989512444,
    "erbbands_crest": {
        "max": 25.7952880859,
        "mean": 8.67760276794,
        "min": 2.38887190819,
        "stdev": 3.99564933777
    },
    "erbbands_flatness_db": {
        "max": 0.370845258236,
        "mean": 0.226463496685,
        "min": 0.136373847723,
        "stdev": 0.0454569682479
    },
    "erbbands_kurtosis": {
        "max": 26.0048885345,
        "mean": 0.487061023712,
        "min": -1.76631653309,
        "stdev": 2.45211410522
    },
    "erbbands_skewness": {
        "max": 4.99263858795,
        "mean": 0.35160946846,
        "min": -1.36093616486,
        "stdev": 0.837595582008
    },
    "erbbands_spread": {
        "max": 92.8483657837,
        "mean": 31.6178131104,
        "min": 7.75742197037,
        "stdev": 13.294257164
    },
    "hfc": {
        "max": 89.7932739258,
        "mean": 24.302936554,
        "min": 0.202322334051,
        "stdev": 16.2847709656
    },
    "loudness_ebu128": {
        "integrated": -15.1240177155,
        "loudness_range": 2.98065948486,
        "momentary": {
            "max": -12.8954172134,
            "mean": -15.6396903992,
            "min": -31.7057857513,
            "stdev": 2.46783399582
        },
        "short_term": {
            "max": -14.1147003174,
            "mean": -15.3777456284,
            "min": -18.2572746277,
            "stdev": 1.11578607559
        }
    },
    "melbands_crest": {
        "max": 28.5401973724,
        "mean": 11.2272567749,
        "min": 3.30673694611,
        "stdev": 4.45711660385
    },
    "melbands_flatness_db": {
        "max": 0.417664110661,
        "mean": 0.17657110095,
        "min": 0.0382832027972,
        "stdev": 0.0554060302675
    },
    "melbands_kurtosis": {
        "max": 339.000427246,
        "mean": 8.54979801178,
        "min": -1.26102757454,
        "stdev": 20.7037811279
    },
    "melbands_skewness": {
        "max": 15.6023702621,
        "mean": 2.00184893608,
        "min": -0.488579034805,
        "stdev": 1.50997042656
    },
    "melbands_spread": {
        "max": 109.006401062,
        "mean": 27.3306369781,
        "min": 1.02618432045,
        "stdev": 14.7998971939
    },
    "pitch_salience": {
        "max": 0.802587628365,
        "mean": 0.58979588747,
        "min": 0.101425796747,
        "stdev": 0.0861887559295
    },
    "silence_rate_20dB": {
        "max": 1,
        "mean": 1,
        "min": 1,
        "stdev": 0
    },
    "silence_rate_30dB": {
        "max": 1,
        "mean": 1,
        "min": 1,
        "stdev": 0
    },
    "silence_rate_60dB": {
        "max": 1,
        "mean": 0.0615999996662,
        "min": 0,
        "stdev": 0.240425795317
    },
    "spectral_centroid": {
        "max": 3577.37646484,
        "mean": 1492.61206055,
        "min": 295.045715332,
        "stdev": 492.657226562
    },
    "spectral_complexity": {
        "max": 49,
        "mean": 22.4752006531,
        "min": 0,
        "stdev": 9.69056510925
    },
    "spectral_decrease": {
        "max": -2.06679534598e-11,
        "mean": -6.34237151687e-09,
        "min": -2.41847519789e-08,
        "stdev": 3.90139653916e-09
    },
    "spectral_energy": {
        "max": 0.0963398069143,
        "mean": 0.0261419247836,
        "min": 0.000102238824184,
        "stdev": 0.015894299373
    },
    "spectral_energyband_high": {
        "max": 0.00501683121547,
        "mean": 0.000673492671922,
        "min": 8.15012936073e-06,
        "stdev": 0.000692463305313
    },
    "spectral_energyband_low": {
        "max": 0.0581940189004,
        "mean": 0.00403922982514,
        "min": 7.36804395274e-07,
        "stdev": 0.00678483303636
    },
    "spectral_energyband_middle_high": {
        "max": 0.078749768436,
        "mean": 0.00954754371196,
        "min": 2.57792016782e-05,
        "stdev": 0.00941874179989
    },
    "spectral_energyband_middle_low": {
        "max": 0.0720611140132,
        "mean": 0.012456074357,
        "min": 1.59783739946e-05,
        "stdev": 0.0102628124878
    },
    "spectral_entropy": {
        "max": 8.26167678833,
        "mean": 7.53005647659,
        "min": 6.07489681244,
        "stdev": 0.340718477964
    },
    "spectral_flux": {
        "max": 0.247276082635,
        "mean": 0.0906324386597,
        "min": 0.00725239142776,
        "stdev": 0.0395737253129
    },
    "spectral_kurtosis": {
        "max": 13.7102375031,
        "mean": 2.73113918304,
        "min": -0.934129238129,
        "stdev": 2.2314658165
    },
    "spectral_rms": {
        "max": 0.0096948472783,
        "mean": 0.0047662332654,
        "min": 0.00031582461088,
        "stdev": 0.00166952726431
    },
    "spectral_rolloff": {
        "max": 7450.48828125,
        "mean": 1769.53125,
        "min": 150.732421875,
        "stdev": 1065.41943359
    },
    "spectral_skewness": {
        "max": 2.81135201454,
        "mean": 1.07496201992,
        "min": 0.241815581918,
        "stdev": 0.337831944227
    },
    "spectral_spread": {
        "max": 11715773,
        "mean": 3299871.25,
        "min": 1959429.125,
        "stdev": 726528.5625
    },
    "spectral_strongpeak": {
        "max": 8.15689945221,
        "mean": 1.35715770721,
        "min": 0.0402269624174,
        "stdev": 1.39127123356
    },
    "zerocrossingrate": {
        "max": 0.1875,
        "mean": 0.0638871118426,
        "min": 0.01806640625,
        "stdev": 0.0238769184798
    },
    "barkbands": {
        "max": [0.0022460652981, 0.0372153669596, 0.0277057532221, 0.0227300561965, 0.0302136298269, 0.0459043197334, 0.04435903579, 0.0570436045527, 0.0260601751506, 0.0471950247884, 0.0531327575445, 0.0186622515321, 0.0169766824692, 0.0252580828965, 0.0177541561425, 0.0175796207041, 0.00956547725946, 0.00982016418129, 0.00444579916075, 0.00318490108475, 0.00149023346603, 0.00204407679848, 0.00281359464861, 0.00131599779706, 1.79523831321e-05, 6.2421486291e-06, 6.66873120281e-06],
        "mean": [5.43523237866e-05, 0.00140175770503, 0.00226531596854, 0.00107019615825, 0.00246057938784, 0.0022913236171, 0.00288705853745, 0.00200313609093, 0.00128595484421, 0.00157822435722, 0.00210605980828, 0.000893211283255, 0.000799240777269, 0.000913971627597, 0.00110799632967, 0.000730953528546, 0.00055550847901, 0.000534364313353, 0.000396192277549, 0.000268485659035, 0.000201380898943, 0.000145820857142, 0.000141234064358, 4.88705700263e-05, 7.41281382943e-07, 6.71191902057e-09, 7.19276371797e-09],
        "min": [2.10460076033e-08, 1.78024862407e-07, 6.91744475034e-08, 4.82498592191e-08, 3.11294940047e-07, 1.50886444317e-06, 2.27153213928e-06, 6.32155092717e-07, 7.89112732491e-07, 1.86111151379e-06, 9.66939524005e-07, 1.03699028386e-06, 7.02436750544e-07, 4.0977593585e-07, 4.55038474456e-07, 1.60534955285e-06, 5.03304306676e-07, 1.79680728252e-06, 1.63095671724e-06, 1.75461025265e-06, 1.39292819767e-06, 1.00956856386e-06, 2.23342311756e-07, 5.72776137631e-09, 6.47421213862e-11, 1.84298964978e-11, 2.34445553249e-11],
        "stdev": [0.000144111982081, 0.00384628330357, 0.00363878998905, 0.00172345747706, 0.00361546687782, 0.00412429636344, 0.0041963676922, 0.00388996652327, 0.00214091525413, 0.00310379453003, 0.00446884287521, 0.00180610921234, 0.00149277655873, 0.0018446581671, 0.00168781203683, 0.001144634909, 0.000861841137521, 0.000683770922478, 0.000443422060926, 0.000284418114461, 0.000213468476431, 0.000201530216145, 0.000226538119023, 8.72065720614e-05, 1.62403694048e-06, 1.79629950026e-07, 1.92117184383e-07]
    },
    "erbbands": {
        "max": [0.879732787609, 9.71536636353, 35.2855186462, 33.220161438, 139.069519043, 108.891708374, 296.232788086, 512.672851562, 379.200592041, 1068.5345459, 890.436645508, 810.632446289, 1570.41369629, 2599.63085938, 1447.46875, 556.351318359, 763.125732422, 1404.22583008, 616.413574219, 943.527893066, 485.316192627, 602.107910156, 637.629150391, 295.404266357, 122.380722046, 84.2382965088, 67.7100219727, 72.9400558472, 59.8620986938, 83.5321502686, 90.866645813, 57.6562652588, 11.1272163391, 0.5837251544, 0.0458292476833, 0.0248732939363, 0.011608120054, 0.00414068438113, 0.000961145793553, 0.00012851372594],
        "mean": [0.0315721221268, 0.377445906401, 2.24830007553, 2.96561026573, 7.16809082031, 7.30422973633, 11.7129297256, 21.6259937286, 31.2286243439, 53.6970825195, 39.9183235168, 28.5162124634, 39.5337905884, 75.6491317749, 64.7165908813, 33.0259475708, 37.0003204346, 47.6743927002, 42.6264610291, 57.2051696777, 39.6460952759, 33.4892654419, 31.7999210358, 24.0460205078, 16.0842704773, 11.7302913666, 10.2910261154, 6.46348619461, 5.33892393112, 4.65096950531, 3.78252887726, 1.88521635532, 0.400727421045, 0.0333563275635, 0.0013103071833, 0.000147729821038, 4.31721055065e-05, 1.38070417961e-05, 1.71984320332e-05, 3.21696752508e-05],
        "min": [4.05735772802e-06, 2.94391775242e-05, 8.52488301462e-05, 0.00033804224222, 0.00043770702905, 0.00110961135942, 0.00409686006606, 0.013443429023, 0.0250641014427, 0.0388638265431, 0.0275464486331, 0.0258224587888, 0.0465175881982, 0.059388037771, 0.0721842423081, 0.054336886853, 0.0390666089952, 0.0467050783336, 0.0438346229494, 0.0584946162999, 0.0689489468932, 0.0533086284995, 0.0965662002563, 0.0871410891414, 0.0991833880544, 0.0854749381542, 0.0708019658923, 0.0228488165885, 0.0495315156877, 0.0188804324716, 0.00901813153177, 0.000749142025597, 9.35662392294e-05, 1.60725921887e-05, 4.33291916124e-06, 1.60759043411e-06, 5.90859428939e-07, 1.89949659557e-07, 1.52838268264e-07, 1.78467487899e-07],
        "stdev": [0.0898828282952, 0.989518165588, 3.80985569954, 3.96776294708, 13.8138656616, 10.2471523285, 17.4252624512, 42.1868171692, 42.9125900269, 84.7256164551, 69.3664703369, 48.721157074, 76.5548400879, 159.889907837, 127.653404236, 56.2716331482, 65.2845306396, 99.3403701782, 53.0339202881, 86.2141342163, 53.034828186, 51.4705657959, 42.6944389343, 28.7097530365, 16.5494117737, 10.9003419876, 10.4814853668, 7.28786563873, 7.12072992325, 6.96422815323, 6.37600660324, 3.5147857666, 0.724086344242, 0.0575648024678, 0.00244363187812, 0.000730941072106, 0.000334675860358, 0.000119290198199, 2.88259197987e-05, 1.9319149942e-05]
    },
    "gfcc": {
        "mean": [-26.6400241852, 131.163619995, -188.157165527, 48.2723884583, -84.1928253174, -0.230864226818, -26.0872249603, -18.3991851807, 7.39669513702, -25.6993789673, 8.62452411652, -15.7051830292, 0.150831326842],
        "cov": [[3297.25537109, 385.456817627, 225.344543457, 488.909881592, 589.255859375, 474.722625732, -23.8593006134, 33.6485290527, -179.077529907, -123.294372559, -232.083938599, -306.093261719, -35.1484794617], [385.456817627, 742.307373047, 329.879150391, 215.056442261, 382.96862793, -24.545173645, 37.0964851379, -99.1433944702, -45.4243278503, -51.9933128357, -54.6762046814, -72.3153915405, -5.07512283325], [225.344543457, 329.879150391, 639.84942627, 429.797393799, 152.915634155, 69.37840271, -152.290527344, -39.7645301819, -50.9760780334, -87.2895584106, -69.0283889771, -41.1341705322, -28.7004127502], [488.909881592, 215.056442261, 429.797393799, 577.132080078, 336.705688477, 208.433547974, -78.7613449097, 14.7969989777, -61.2054252625, -96.7389831543, -142.15007019, -91.1291351318, -43.9081840515], [589.255859375, 382.96862793, 152.915634155, 336.705688477, 501.070068359, 225.355758667, 75.8797302246, -22.7132968903, -60.3780136108, -40.7735824585, -107.126373291, -100.434043884, -27.9887123108], [474.722625732, -24.545173645, 69.37840271, 208.433547974, 225.355758667, 489.411834717, 96.3680267334, -28.9595794678, -85.4119567871, -2.59034776688, -80.8203048706, -83.4596252441, -34.7665672302], [-23.8593006134, 37.0964851379, -152.290527344, -78.7613449097, 75.8797302246, 96.3680267334, 173.20552063, 0.333013921976, 3.99494838715, 45.9723014832, 7.24204301834, -9.58832931519, -2.45104408264], [33.6485290527, -99.1433944702, -39.7645301819, 14.7969989777, -22.7132968903, -28.9595794678, 0.333013921976, 148.205123901, 70.6059570312, -15.1021203995, -7.81376123428, 1.97735059261, 6.50129032135], [-179.077529907, -45.4243278503, -50.9760780334, -61.2054252625, -60.3780136108, -85.4119567871, 3.99494838715, 70.6059570312, 106.880767822, 34.3057289124, 23.7968540192, 32.4738922119, 8.95202922821], [-123.294372559, -51.9933128357, -87.2895584106, -96.7389831543, -40.7735824585, -2.59034776688, 45.9723014832, -15.1021203995, 34.3057289124, 107.965171814, 63.2912445068, 14.3236398697, 7.40153217316], [-232.083938599, -54.6762046814, -69.0283889771, -142.15007019, -107.126373291, -80.8203048706, 7.24204301834, -7.81376123428, 23.7968540192, 63.2912445068, 113.643951416, 63.5625686646, 26.7668857574], [-306.093261719, -72.3153915405, -41.1341705322, -91.1291351318, -100.434043884, -83.4596252441, -9.58832931519, 1.97735059261, 32.4738922119, 14.3236398697, 63.5625686646, 100.417861938, 39.1495513916], [-35.1484794617, -5.07512283325, -28.7004127502, -43.9081840515, -27.9887123108, -34.7665672302, -2.45104408264, 6.50129032135, 8.95202922821, 7.40153217316, 26.7668857574, 39.1495513916, 59.7947425842]],
        "icov": [[0.000572060758714, -0.000349629408447, 0.00029319213354, 4.1160685214e-05, -0.000192517938558, -0.000480180809973, 0.000857147970237, -0.000722931872588, 0.000649726891425, -0.000119879681733, 1.10215942186e-05, 0.00121034425683, -0.00065784243634], [-0.000349629408447, 0.0100282821804, -0.0075443838723, 0.0048037385568, -0.00887850858271, 0.00497775198892, -0.00669873785228, 0.00727546215057, -0.00580951292068, 0.00664995564148, -0.00364361773245, 0.00694730086252, -0.00464628636837], [0.00029319213354, -0.0075443838723, 0.0102785713971, -0.00786520447582, 0.00759141519666, -0.0038072403986, 0.00636405916885, -0.00250411359593, 0.00204765773378, -0.00233605969697, -0.000653131399304, -0.00352265266702, 0.00314424140379], [4.1160685214e-05, 0.0048037385568, -0.00786520447582, 0.0118351336569, -0.00878851767629, 0.00106423546094, 0.00052187073743, -0.00141944119241, 0.000909570546355, -8.31574507174e-05, 0.00456623686478, 0.000212663828279, -0.000280925189145], [-0.000192517938558, -0.00887850858271, 0.00759141519666, -0.00878851767629, 0.0139054069296, -0.00413778051734, 0.00149402604438, -0.00348768895492, 0.00306632416323, -0.00392418494448, 0.00182188360486, -0.00373562262394, 0.00252386834472], [-0.000480180809973, 0.00497775198892, -0.0038072403986, 0.00106423546094, -0.00413778051734, 0.00649400427938, -0.0059148138389, 0.00290602678433, 0.000368352659279, 0.000761874194723, 0.000259622494923, 0.00232216180302, -0.001411166857], [0.000857147970237, -0.00669873785228, 0.00636405916885, 0.00052187073743, 0.00149402604438, -0.0059148138389, 0.0175018161535, -0.00723529979587, 0.00527551118284, -0.00849807169288, 0.00445979228243, -0.00565681653097, 0.00410688156262], [-0.000722931872588, 0.00727546215057, -0.00250411359593, -0.00141944119241, -0.00348768895492, 0.00290602678433, -0.00723529979587, 0.0217192359269, -0.0194241851568, 0.0150107974187, -0.00960933044553, 0.0113874906674, -0.00675679882988], [0.000649726891425, -0.00580951292068, 0.00204765773378, 0.000909570546355, 0.00306632416323, 0.000368352659279, 0.00527551118284, -0.0194241851568, 0.031419377774, -0.0198004357517, 0.0135349938646, -0.014896389097, 0.00695854518563], [-0.000119879681733, 0.00664995564148, -0.00233605969697, -8.31574507174e-05, -0.00392418494448, 0.000761874194723, -0.00849807169288, 0.0150107974187, -0.0198004357517, 0.0318919047713, -0.0218687448651, 0.017240608111, -0.00654445542023], [1.10215942186e-05, -0.00364361773245, -0.000653131399304, 0.00456623686478, 0.00182188360486, 0.000259622494923, 0.00445979228243, -0.00960933044553, 0.0135349938646, -0.0218687448651, 0.03269591555, -0.0194841511548, 0.00376943987794], [0.00121034425683, 0.00694730086252, -0.00352265266702, 0.000212663828279, -0.00373562262394, 0.00232216180302, -0.00565681653097, 0.0113874906674, -0.014896389097, 0.017240608111, -0.0194841511548, 0.0361239425838, -0.0169353354722], [-0.00065784243634, -0.00464628636837, 0.00314424140379, -0.000280925189145, 0.00252386834472, -0.001411166857, 0.00410688156262, -0.00675679882988, 0.00695854518563, -0.00654445542023, 0.00376943987794, -0.0169353354722, 0.0276786275208]]
    },
    "melbands": {
        "max": [0.008106068708, 0.0155263338238, 0.00791509449482, 0.00764524983242, 0.00859459489584, 0.0104518961161, 0.0074712424539, 0.0113554624841, 0.00678909756243, 0.00476277898997, 0.00814374629408, 0.00976768042892, 0.00654812715948, 0.0025983818341, 0.00208548991941, 0.00198151427321, 0.00250852317549, 0.000833556230646, 0.00192407006398, 0.00159274984617, 0.000758257287089, 0.000791214231867, 0.000997144496068, 0.00027730333386, 0.000301938358461, 0.000116339928354, 0.000208511788514, 6.78748619976e-05, 6.84942569933e-05, 4.34501343989e-05, 4.60286391899e-05, 3.83775259252e-05, 5.03896953887e-05, 4.28203893534e-05, 5.34892424184e-05, 5.69344956602e-05, 2.69210322585e-05, 9.63735601545e-06, 1.39617372952e-06, 2.19136822466e-07],
        "mean": [0.000335344462655, 0.000914463307709, 0.000680706289131, 0.000516899686772, 0.000395179522457, 0.000472298095701, 0.000525489391293, 0.000573726079892, 0.000310058501782, 0.000170911167515, 0.000194775057025, 0.000295796431601, 0.000254819518887, 0.000115543531138, 7.0344467531e-05, 8.6953783466e-05, 8.93376054591e-05, 5.91548487137e-05, 9.98239192995e-05, 5.51428929612e-05, 4.36713380623e-05, 3.57384087692e-05, 2.87872826448e-05, 2.41435081989e-05, 1.95438406081e-05, 1.32229952214e-05, 9.77764830168e-06, 7.31713907953e-06, 7.17516604709e-06, 4.58593149233e-06, 3.47496575159e-06, 3.21011179949e-06, 2.45763203566e-06, 2.65438734459e-06, 2.25656003749e-06, 1.81182906545e-06, 9.014971738e-07, 3.23073123809e-07, 7.14480279385e-08, 7.24820203857e-09],
        "min": [5.65963844679e-08, 5.88136899182e-08, 6.78391032238e-08, 7.94544021687e-08, 1.25705895471e-07, 2.95634976055e-07, 3.83513651059e-07, 3.5729530623e-07, 1.87737285273e-07, 1.01819416898e-07, 1.42041741924e-07, 2.51164095744e-07, 1.80702343755e-07, 8.81594317548e-08, 6.49087255056e-08, 7.93709631353e-08, 6.86262424665e-08, 4.62679068391e-08, 4.08642613081e-08, 4.59968489963e-08, 7.52911262225e-08, 2.66245390179e-08, 6.22001508077e-08, 9.7480373995e-08, 5.13319911022e-08, 5.81785535303e-08, 6.04809429205e-08, 5.34615587355e-08, 1.94099190054e-08, 8.03957167506e-09, 6.01975047587e-09, 3.29510130292e-09, 3.19370441204e-09, 1.03434318888e-08, 3.1206237594e-09, 9.58739532209e-10, 9.64413826576e-11, 1.73172830242e-11, 2.13853999613e-12, 5.72591670259e-13],
        "stdev": [0.000905788387172, 0.00161795935128, 0.000928295135964, 0.000824659364298, 0.000546636874788, 0.000876918027643, 0.000732022046577, 0.000923810759559, 0.000560492626391, 0.000298728788039, 0.000395361741539, 0.000626995577477, 0.000556208717171, 0.00023881359084, 0.000154895649757, 0.000162531126989, 0.000199374306249, 8.29282143968e-05, 0.000165455727256, 9.30651222006e-05, 6.76862910041e-05, 6.32485825918e-05, 4.54497567262e-05, 3.0874460208e-05, 2.64506506937e-05, 1.49739653352e-05, 1.35282116389e-05, 7.29573048375e-06, 7.78519824962e-06, 5.4115525927e-06, 4.44621855422e-06, 4.4719977268e-06, 3.88975695387e-06, 4.01037823394e-06, 3.7954034724e-06, 3.55166957888e-06, 1.65714402556e-06, 6.12815313161e-07, 1.26867632844e-07, 1.61889985861e-08]
    },
    "melbands128": {
        "max": [0.00202744617127, 0.00809409748763, 0.0106796761975, 0.0187954045832, 0.0218967162073, 0.0108505189419, 0.00636569876224, 0.0140584986657, 0.0191789586097, 0.010076363571, 0.00835652090609, 0.00937290675938, 0.00956636015326, 0.0173083674163, 0.011255659163, 0.0200163070112, 0.0110882278532, 0.00883325561881, 0.0178439263254, 0.0194322168827, 0.0242208596319, 0.0111660175025, 0.00984728522599, 0.00505493907258, 0.0088264811784, 0.0055906153284, 0.00392192834988, 0.0109987379983, 0.0108949737623, 0.0101793240756, 0.0218540467322, 0.0119083430618, 0.0121486280113, 0.00472025712952, 0.00585718732327, 0.00208468618803, 0.00303623219952, 0.00314222020097, 0.00382657092996, 0.00294079631567, 0.00400881888345, 0.00433340016752, 0.00485644442961, 0.00352258421481, 0.00219949078746, 0.00116371130571, 0.00270849186927, 0.00285401660949, 0.00268849218264, 0.00293821725063, 0.00206859898753, 0.0015015155077, 0.0012478454737, 0.00165775651112, 0.00154089566786, 0.0014231747482, 0.00100926740561, 0.00131499033887, 0.00118760473561, 0.000888996350113, 0.000533285667188, 0.000303124106722, 0.000650841509923, 0.000655579555314, 0.000317072495818, 0.000230176621699, 0.000232817212236, 0.000234670515056, 0.000447946164059, 7.26676371414e-05, 5.81297354074e-05, 8.84850451257e-05, 0.000208381869015, 0.000123437057482, 9.7311596619e-05, 9.58025993896e-05, 4.15401336795e-05, 4.74309017591e-05, 5.69982948946e-05, 7.63793650549e-05, 7.12995024514e-05, 5.07851800648e-05, 3.79712146241e-05, 7.02568213455e-05, 6.90952001605e-05, 4.28044804721e-05, 6.26534456387e-05, 6.67489730404e-05, 6.07846741332e-05, 7.04752237652e-05, 6.54246323393e-05, 9.5210292784e-05, 3.07133523165e-05, 2.54401638813e-05, 2.56489747699e-05, 1.53559030878e-05, 1.04520286186e-05, 3.14261046697e-06, 1.14538897833e-06, 1.09356938083e-06, 4.97658561471e-07, 8.16281726657e-08, 5.6597276199e-08, 5.17107956455e-08, 4.96310086362e-08, 4.78416559702e-08, 4.60692746174e-08, 4.43071641598e-08, 4.2648739651e-08, 4.11009715151e-08, 3.95373973561e-08, 3.81129261484e-08, 3.67257406708e-08, 3.54833424865e-08, 3.42644668194e-08, 3.31362315364e-08, 3.21366933065e-08, 3.11293959498e-08, 3.03280032199e-08, 2.95423578933e-08, 2.87975510105e-08, 2.81801568747e-08, 2.76376077579e-08, 2.71776148253e-08, 2.67683617494e-08, 2.64604640421e-08, 2.62325006162e-08, 2.6088425642e-08],
        "mean": [4.47466991318e-05, 0.000211676102481, 0.000427895865869, 0.000625644344836, 0.00110972125549, 0.00106621184386, 0.000496960536111, 0.000655161275063, 0.00083048583474, 0.000455660192529, 0.00038248184137, 0.000367047963664, 0.000392686750274, 0.000421622040449, 0.000519014080055, 0.000486317381728, 0.000398138770834, 0.000492164108437, 0.00076021818677, 0.000616653705947, 0.000516004220117, 0.000347702967701, 0.000294720288366, 0.000269397540251, 0.000150448351633, 0.000159203118528, 0.000132264467538, 0.000223357201321, 0.000220599060412, 0.000202978437301, 0.00037796801189, 0.000375183793949, 0.000249147735303, 0.000167307429365, 0.000155372996232, 9.15180498851e-05, 5.98214101046e-05, 7.94661245891e-05, 6.2730134232e-05, 8.4376828454e-05, 0.000102088080894, 7.19422023394e-05, 9.75005241344e-05, 9.77031813818e-05, 6.47980050417e-05, 4.35121473856e-05, 5.58419778827e-05, 0.000130110260216, 0.000108128224383, 5.24388779013e-05, 5.34780920134e-05, 5.04415256728e-05, 4.87617471663e-05, 3.89919841837e-05, 3.39217367582e-05, 4.24404934165e-05, 3.09598835884e-05, 2.06407912628e-05, 3.10185132548e-05, 3.90675850213e-05, 2.04734569706e-05, 1.64765770023e-05, 2.10545640584e-05, 1.94938565983e-05, 1.92627685465e-05, 1.27865523609e-05, 9.9643420981e-06, 1.06944926301e-05, 1.0598044355e-05, 6.87976626068e-06, 6.30525801171e-06, 8.61693388288e-06, 7.78938738222e-06, 7.42887323213e-06, 5.36082234248e-06, 5.43411397302e-06, 3.63625622413e-06, 3.49329593519e-06, 3.60158082913e-06, 3.18641150443e-06, 3.65879691344e-06, 3.06742981593e-06, 2.42630471803e-06, 2.32258321375e-06, 2.59848002315e-06, 2.5184997412e-06, 2.85508303932e-06, 2.60881824943e-06, 2.11344331547e-06, 2.1025807655e-06, 2.07764628612e-06, 1.80709673714e-06, 1.2443642845e-06, 8.77073887295e-07, 7.34253944756e-07, 4.44584259185e-07, 2.20639265081e-07, 1.50700330437e-07, 7.53305471335e-08, 3.23971747207e-08, 1.26873569428e-08, 1.97026994719e-09, 6.82303824551e-10, 6.39618844001e-11, 5.35521557654e-11, 5.29025261098e-11, 4.97901234131e-11, 4.76123446225e-11, 4.58234700185e-11, 4.41448058663e-11, 4.25052042174e-11, 4.09821447611e-11, 3.94984704666e-11, 3.81710045516e-11, 3.68740107892e-11, 3.56995405459e-11, 3.46115427985e-11, 3.35661151651e-11, 3.27057374239e-11, 3.18631683538e-11, 3.10702713557e-11, 3.04271260965e-11, 2.98459035264e-11, 2.93485201419e-11, 2.88757576877e-11, 2.84738482792e-11, 2.81972067223e-11, 2.80388056523e-11],
        "min": [2.15075868226e-09, 3.10700727368e-08, 1.87839788168e-08, 2.88358759093e-08, 2.55562184748e-08, 4.0535546475e-08, 1.64451456897e-08, 3.42145405341e-08, 2.21839755454e-08, 1.80655064241e-08, 3.86938019403e-08, 3.24868842938e-08, 3.0304835974e-08, 1.30161907919e-07, 2.5007699378e-07, 1.38495849455e-07, 3.15086538194e-07, 1.34268120178e-07, 3.79710968446e-07, 4.32021096231e-07, 7.52262536707e-08, 1.06257409982e-07, 1.35687088232e-07, 1.3054500414e-07, 1.35701540671e-07, 2.40911610661e-08, 5.21459000424e-08, 2.05801740094e-08, 4.24411474853e-08, 1.14800371875e-07, 2.21246978072e-07, 1.27809528294e-07, 7.99583972366e-08, 4.512298446e-08, 1.37528743949e-08, 1.83162160994e-08, 3.39944037364e-08, 1.2610442468e-08, 1.964511398e-08, 4.7793278668e-08, 7.03956573034e-08, 7.20173298774e-09, 2.67282480593e-08, 1.10666729114e-08, 1.73024510275e-08, 1.2452822773e-08, 1.98719849465e-08, 2.90264292602e-08, 1.12129310281e-08, 4.10627620795e-08, 1.87135889007e-08, 2.70157691773e-08, 4.53860025118e-08, 7.60802336686e-08, 5.97745852815e-08, 9.4180547805e-09, 1.34844810873e-08, 4.80969220007e-08, 3.29195444237e-08, 3.57164537945e-08, 3.80412430445e-08, 1.43491627469e-08, 4.02610460526e-08, 1.51931303094e-08, 3.21304511886e-08, 3.04709999455e-08, 4.87765134949e-08, 1.16860974231e-08, 1.93576426e-08, 4.1689528274e-08, 2.09296651121e-08, 2.91387198814e-08, 5.66372859723e-09, 1.28588950599e-09, 6.41494857234e-09, 8.87143691841e-10, 3.09294279077e-09, 2.84319789934e-09, 3.51142004362e-10, 3.32042005002e-10, 3.31770189099e-09, 3.84979514934e-09, 1.31089461508e-09, 1.78193348965e-10, 2.46686204797e-09, 3.65590735463e-09, 7.63695384709e-10, 2.14935869103e-09, 7.56087747966e-10, 6.57991550135e-10, 4.96443997022e-10, 1.04490111008e-10, 9.78710723576e-11, 2.18594118501e-11, 2.36466957126e-11, 1.90685418844e-11, 2.36428986198e-13, 2.40934594324e-12, 1.44782688442e-12, 1.23834395429e-12, 4.68969156044e-13, 1.28827639745e-13, 6.66459820816e-14, 5.6312102198e-14, 9.07530073226e-14, 7.49693682784e-14, 7.93619523939e-14, 8.06358086314e-14, 5.56483637924e-14, 7.93413593289e-14, 9.25515022151e-14, 7.49003926915e-14, 6.42679201415e-14, 7.80461172035e-14, 7.57448506586e-14, 8.81747813327e-14, 7.36851375814e-14, 7.33953913271e-14, 9.67904277777e-14, 9.769049854e-14, 9.82951580916e-14, 6.2254475392e-14, 8.80442366149e-14, 8.79241341192e-14, 5.69931471808e-14, 1.77705225345e-14, 3.51357016873e-15, 1.32120304992e-16],
        "stdev": [0.000130170068587, 0.000687222345732, 0.0012337944936, 0.00190709228627, 0.00211791414768, 0.00167313113343, 0.000762442999985, 0.00109672232065, 0.00181128131226, 0.000918598030694, 0.000630485534202, 0.000628775102086, 0.000628824753221, 0.000987818115391, 0.00120756565593, 0.00121285638306, 0.000724468613043, 0.000903241045307, 0.0014157317346, 0.00126579857897, 0.00133332924452, 0.000783628842328, 0.000759666145314, 0.000620126491413, 0.000404331600294, 0.000380675453926, 0.000340021477314, 0.000582146574743, 0.000601870415267, 0.00054616201669, 0.00115658459254, 0.000900827522855, 0.000895517936442, 0.000380220939405, 0.000462330586743, 0.000219688503421, 0.000172077023308, 0.000224044924835, 0.000191326180357, 0.000213876788621, 0.000243592832703, 0.000248916447163, 0.000294377474347, 0.000307948706904, 0.000130489192088, 8.59575739014e-05, 0.000140403280966, 0.00026651576627, 0.000219102192204, 0.000162106443895, 0.000119587719382, 0.000112899368105, 0.000104541264591, 9.01564635569e-05, 8.7614513177e-05, 0.000106380175566, 6.53922106721e-05, 5.18268207088e-05, 6.18060585111e-05, 7.53893546062e-05, 3.96727700718e-05, 2.85959558823e-05, 4.04535858252e-05, 3.75964918931e-05, 3.20909311995e-05, 1.97518147615e-05, 1.55461166287e-05, 1.7338537873e-05, 2.21652153414e-05, 8.39156291477e-06, 7.6714777606e-06, 1.17697409223e-05, 1.18779298646e-05, 1.08655431177e-05, 7.25593736206e-06, 9.2951077022e-06, 4.91998434882e-06, 4.79786694996e-06, 5.52050187252e-06, 5.45789953321e-06, 5.74148043597e-06, 5.10648305863e-06, 3.83444375984e-06, 4.51386404166e-06, 4.7922972044e-06, 4.20327341999e-06, 4.69968517791e-06, 4.38338929598e-06, 4.11958444602e-06, 4.06869139624e-06, 4.10493839809e-06, 4.37421840616e-06, 2.46403283199e-06, 1.67388429873e-06, 1.45494334447e-06, 9.04931425794e-07, 5.37912512755e-07, 3.02914372696e-07, 1.33489521659e-07, 8.12715299503e-08, 3.09917922436e-08, 6.05783245788e-09, 2.74953837476e-09, 1.48838741332e-09, 1.42721168217e-09, 1.37558153757e-09, 1.32486110971e-09, 1.27429988783e-09, 1.2268173144e-09, 1.18236775926e-09, 1.13771192467e-09, 1.09684272775e-09, 1.05702602227e-09, 1.02142172498e-09, 9.86456916152e-10, 9.54211709647e-10, 9.25377441341e-10, 8.96587692978e-10, 8.73555172642e-10, 8.50968129296e-10, 8.29581070505e-10, 8.11950284785e-10, 7.96351540266e-10, 7.8312767382e-10, 7.71377572928e-10, 7.62499063889e-10, 7.55961959698e-10, 7.51822770706e-10]
    },
    "mfcc": {
        "mean": [-632.014160156, 125.358352661, -35.8754653931, 26.9580497742, -25.6263103485, 8.19086170197, -25.3432922363, 11.224565506, -17.5648059845, 10.4083909988, -13.9919776917, 6.07174444199, -5.78109169006],
        "cov": [[3326.03613281, 30.4637889862, 19.142206192, 111.617294312, 590.685180664, 363.628540039, 395.692840576, 65.6159820557, 295.069030762, 27.1854953766, -15.0874357224, -51.7385559082, -160.131652832], [30.4637889862, 719.030395508, -30.5154380798, 212.386978149, 96.5060272217, 67.6229858398, 47.1141242981, -41.3078079224, -12.6481533051, -25.4458827972, -14.1408061981, -18.2774772644, -32.4270591736], [19.142206192, -30.5154380798, 587.06817627, 200.063720703, 249.656097412, 55.9558067322, -26.2425746918, 15.5622806549, -23.4036540985, -58.9796218872, -33.4495201111, -36.765007019, -26.4373645782], [111.617294312, 212.386978149, 200.063720703, 446.922698975, 307.900909424, 32.3160400391, -0.641043424606, 35.4760856628, 55.7013092041, -42.516746521, -37.2291526794, 7.67138624191, -38.3139953613], [590.685180664, 96.5060272217, 249.656097412, 307.900909424, 523.985412598, 226.266036987, 151.832748413, 75.4129104614, 136.19342041, -34.6352043152, -22.7452926636, -33.0776290894, -37.9277305603], [363.628540039, 67.6229858398, 55.9558067322, 32.3160400391, 226.266036987, 446.927429199, 241.279541016, 37.6028594971, 74.4638900757, 24.9364089966, 8.65198135376, -80.1591339111, -4.35422086716], [395.692840576, 47.1141242981, -26.2425746918, -0.641043424606, 151.832748413, 241.279541016, 245.08404541, 27.04637146, 73.2714538574, 18.8075771332, 12.7532329559, -39.5498199463, -4.24549531937], [65.6159820557, -41.3078079224, 15.5622806549, 35.4760856628, 75.4129104614, 37.6028594971, 27.04637146, 126.807197571, 63.4501609802, 9.04023742676, -17.4794483185, 0.138261556625, -6.68323564529], [295.069030762, -12.6481533051, -23.4036540985, 55.7013092041, 136.19342041, 74.4638900757, 73.2714538574, 63.4501609802, 153.400375366, 29.4581851959, 15.2310829163, -3.13199400902, -2.37640118599], [27.1854953766, -25.4458827972, -58.9796218872, -42.516746521, -34.6352043152, 24.9364089966, 18.8075771332, 9.04023742676, 29.4581851959, 86.2285766602, 24.6548233032, 11.5871133804, 4.44971513748], [-15.0874357224, -14.1408061981, -33.4495201111, -37.2291526794, -22.7452926636, 8.65198135376, 12.7532329559, -17.4794483185, 15.2310829163, 24.6548233032, 80.5480117798, 17.904920578, 17.712972641], [-51.7385559082, -18.2774772644, -36.765007019, 7.67138624191, -33.0776290894, -80.1591339111, -39.5498199463, 0.138261556625, -3.13199400902, 11.5871133804, 17.904920578, 86.4421081543, 18.7907371521], [-160.131652832, -32.4270591736, -26.4373645782, -38.3139953613, -37.9277305603, -4.35422086716, -4.24549531937, -6.68323564529, -2.37640118599, 4.44971513748, 17.712972641, 18.7907371521, 76.7884674072]],
        "icov": [[0.000540903070942, 3.02556891256e-05, 8.51392978802e-05, 0.000399527605623, -0.000627018511295, 0.000117446026707, -0.000509035540745, 0.000470834842417, -0.000640112615656, -1.00600482256e-06, 0.000281333195744, -0.000349915935658, 0.00108018820174], [3.02556891256e-05, 0.00192353245802, 0.000529169570655, -0.00137816020288, 0.000243837363087, -0.000255733961239, -0.000439133611508, 0.000708427163772, 0.000485352473333, 0.000225319687161, -8.90160954441e-05, 0.000333399628289, 0.000454157270724], [8.51392978802e-05, 0.000529169570655, 0.00293629500084, -0.000474694796139, -0.00191782030743, -0.000226171687245, 0.00112518505193, -9.74148351816e-05, 0.00181647913996, 0.000277176266536, -0.000303437322145, 0.00109244615305, 0.000111555047624], [0.000399527605623, -0.00137816020288, -0.000474694796139, 0.00599556462839, -0.00385760166682, 0.000507533550262, 0.00136484380346, 0.000270422518952, -0.000896262063179, 0.000177005378646, 0.00131301034708, -0.00180051685311, 0.00140140170697], [-0.000627018511295, 0.000243837363087, -0.00191782030743, -0.00385760166682, 0.00814368296415, -0.00185404438525, -0.00166540243663, -0.00070349680027, -0.00341279618442, 0.00255868188106, -2.14251685975e-05, -0.000595105811954, -0.000129030217067], [0.000117446026707, -0.000255733961239, -0.000226171687245, 0.000507533550262, -0.00185404438525, 0.00626479042694, -0.00472582224756, -0.000567260372918, 0.00114871014375, -0.00213086791337, -0.00054810004076, 0.0035000697244, -0.00112991547212], [-0.000509035540745, -0.000439133611508, 0.00112518505193, 0.00136484380346, -0.00166540243663, -0.00472582224756, 0.0111024258658, -7.95019077486e-05, -0.000865920039359, 0.000237385102082, -0.000636046868749, 0.000221313981456, -0.000610217277426], [0.000470834842417, 0.000708427163772, -9.74148351816e-05, 0.000270422518952, -0.00070349680027, -0.000567260372918, -7.95019077486e-05, 0.0116279032081, -0.00515657383949, -0.000375603762222, 0.00386002310552, -0.00172533502337, 0.00140438927338], [-0.000640112615656, 0.000485352473333, 0.00181647913996, -0.000896262063179, -0.00341279618442, 0.00114871014375, -0.000865920039359, -0.00515657383949, 0.0145218698308, -0.00402941508219, -0.00328155653551, 0.00215786299668, -0.00215708324686], [-1.00600482256e-06, 0.000225319687161, 0.000277176266536, 0.000177005378646, 0.00255868188106, -0.00213086791337, 0.000237385102082, -0.000375603762222, -0.00402941508219, 0.0160485319793, -0.00282651744783, -0.00281690130942, 0.00168684218079], [0.000281333195744, -8.90160954441e-05, -0.000303437322145, 0.00131301034708, -2.14251685975e-05, -0.00054810004076, -0.000636046868749, 0.00386002310552, -0.00328155653551, -0.00282651744783, 0.0165713299066, -0.00376012502238, -0.00148129975423], [-0.000349915935658, 0.000333399628289, 0.00109244615305, -0.00180051685311, -0.000595105811954, 0.0035000697244, 0.000221313981456, -0.00172533502337, 0.00215786299668, -0.00281690130942, -0.00376012502238, 0.0173892453313, -0.00450248084962], [0.00108018820174, 0.000454157270724, 0.000111555047624, 0.00140140170697, -0.000129030217067, -0.00112991547212, -0.000610217277426, 0.00140438927338, -0.00215708324686, 0.00168684218079, -0.00148129975423, -0.00450248084962, 0.01744447276]]
    },
    "spectral_contrast_coeffs": {
        "max": [-0.374713718891, -0.511213481426, -0.504090368748, -0.557446479797, -0.615735292435, -0.484634876251],
        "mean": [-0.677958726883, -0.738098084927, -0.734918296337, -0.765155911446, -0.775532960892, -0.61469244957],
        "min": [-0.896967291832, -0.900710999966, -0.903084158897, -0.893040299416, -0.876812458038, -0.780876398087],
        "stdev": [0.0888157486916, 0.0744922831655, 0.0676958784461, 0.0570004917681, 0.0430287308991, 0.038539942354]
    },
    "spectral_contrast_valleys": {
        "max": [-5.19577884674, -4.97717475891, -5.59755659103, -5.97293329239, -6.04231929779, -9.2793970108],
        "mean": [-7.2615852356, -6.3338470459, -7.10970449448, -7.30448579788, -7.27201795578, -11.8759489059],
        "min": [-10.4700660706, -9.0042963028, -9.60498332977, -10.140625, -9.45537567139, -15.1848983765],
        "stdev": [1.21308410168, 0.571074545383, 0.643270552158, 0.69386357069, 0.555824875832, 0.957519650459]
    }
},
"rhythm": {
    "beats_count": 84,
    "beats_loudness": {
        "max": 0.0601603761315,
        "mean": 0.0323309712112,
        "min": 0.000229679586482,
        "stdev": 0.013913879171
    },
    "bpm": 178.2059021,
    "bpm_histogram_first_peak_bpm": 178,
    "bpm_histogram_first_peak_weight": 0,
    "bpm_histogram_second_peak_bpm": 172,
    "bpm_histogram_second_peak_spread": 0,
    "bpm_histogram_second_peak_weight": 0.289156615734,
    "danceability": 1.23438346386,
    "onset_rate": 3.37775731087,
    "beats_loudness_band_ratio": {
        "max": [0.677152752876, 0.887686431408, 0.830396473408, 0.719172358513, 0.414934635162, 0.496977448463],
        "mean": [0.21961568296, 0.161455750465, 0.236692816019, 0.245632216334, 0.134259030223, 0.0670542567968],
        "min": [0.000314927863656, 0.000761786533985, 0.0182704236358, 0.00198157201521, 0.00839769374579, 0.0031948571559],
        "stdev": [0.204421505332, 0.156012490392, 0.170755833387, 0.196886628866, 0.0827982500196, 0.0712919905782]
    },
