{
"metadata": {
    "version": {
        "essentia": "2.1-beta5",
        "essentia_git_sha": "Undefined",
        "extractor": "music 2.0"
    },
    "audio_properties": {
        "analysis": {
            "equal_loudness": 0,
            "length": 12.7477550507,
            "sample_rate": 44100,
            "start_time": 0,
            "downmix": "mix"
        },
        "bit_rate": 192000,
        "length": 187.721725464,
        "lossless": 0,
        "number_channels": 2,
        "replay_gain": -7.7767162323,
        "sample_rate": 48000,
        "codec": "mp3",
        "md5_encoded": "e94e00cad0ce2cbf2ee5d5c19ef9346c"
    },
    "tags": {
        "file_name": "Denmark_Stemmen I Mit Liv_Kølig Kaj.mp3",
        "encoding": ["Lavf58.29.100"]
    }
},
"lowlevel": {
    "average_loudness": 0.562080264091,
    "barkbands_crest": {
        "max": 24.9345340729,
        "mean": 8.75121688843,
        "min": 2.67678689957,
        "stdev": 4.95927381516
    },
    "barkbands_flatness_db": {
        "max": 0.34288084507,
        "mean": 0.170294746757,
        "min": 0.0681505873799,
        "stdev": 0.0400745309889
    },
    "barkbands_kurtosis": {
        "max": 29.7517318726,
        "mean": 1.52468204498,
        "min": -1.7863496542,
        "stdev": 3.50542187691
    },
    "barkbands_skewness": {
        "max": 3.70909976959,
        "mean": 0.39932268858,
        "min": -2.25489521027,
        "stdev": 1.02886545658
    },
    "barkbands_spread": {
        "max": 84.8345565796,
        "mean": 20.8366317749,
        "min": 2.07189035416,
        "stdev": 12.6619882584
    },
    "dissonance": {
        "max": 0.499999970198,
        "mean": 0.475034356117,
        "min": 0.339211642742,
        "stdev": 0.0258367601782
    },
    "dynamic_complexity": 7.01348114014,
    "erbbands_crest": {
        "max": 32.7797164917,
        "mean": 10.9142284393,
        "min": 3.24729561806,
        "stdev": 7.08444738388
    },
    "erbbands_flatness_db": {
        "max": 0.399546653032,
        "mean": 0.238913878798,
        "min": 0.139659717679,
        "stdev": 0.0511804744601
    },
    "erbbands_kurtosis": {
        "max": 51.2457313538,
        "mean": 2.28470492363,
        "min": -1.62104535103,
        "stdev": 5.54637765884
    },
    "erbbands_skewness": {
        "max": 4.37616062164,
        "mean": 0.0977960452437,
        "min": -3.66551017761,
        "stdev": 1.0111168623
    },
    "erbbands_spread": {
        "max": 91.0821914673,
        "mean": 26.5924606323,
        "min": 2.10609221458,
        "stdev": 17.9750957489
    },
    "hfc": {
        "max": 119.046142578,
        "mean": 14.1204471588,
        "min": 0.000249112024903,
        "stdev": 20.1944942474
    },
    "loudness_ebu128": {
        "integrated": -17.4933338165,
        "loudness_range": 13.7167491913,
        "momentary": {
            "max": -12.2702655792,
            "mean": -21.9583263397,
            "min": -48.2676620483,
            "stdev": 7.94246912003
        },
        "short_term": {
            "max": -14.5128116608,
            "mean": -20.5968341827,
            "min": -29.8712596893,
            "stdev": 5.13756799698
        }
    },
    "melbands_crest": {
        "max": 27.0674228668,
        "mean": 10.4009561539,
        "min": 3.24395728111,
        "stdev": 5.17163419724
    },
    "melbands_flatness_db": {
        "max": 0.34916639328,
        "mean": 0.173725545406,
        "min": 0.0436611138284,
        "stdev": 0.0491885058582
    },
    "melbands_kurtosis": {
        "max": 42.6504249573,
        "mean": 4.30581235886,
        "min": -1.79513823986,
        "stdev": 6.71854543686
    },
    "melbands_skewness": {
        "max": 5.76764822006,
        "mean": 1.10410535336,
        "min": -2.00917577744,
        "stdev": 1.43249297142
    },
    "melbands_spread": {
        "max": 203.819290161,
        "mean": 31.6528949738,
        "min": 5.09441184998,
        "stdev": 22.6496639252
    },
    "pitch_salience": {
        "max": 0.904978334904,
        "mean": 0.627286672592,
        "min": 0.19614520669,
        "stdev": 0.154716268182
    },
    "silence_rate_20dB": {
        "max": 1,
        "mean": 1,
        "min": 1,
        "stdev": 0
    },
    "silence_rate_30dB": {
        "max": 1,
        "mean": 1,
        "min": 1,
        "stdev": 0
    },
    "silence_rate_60dB": {
        "max": 1,
        "mean": 0.278181821108,
        "min": 0,
        "stdev": 0.448103219271
    },
    "spectral_centroid": {
        "max": 4856.55810547,
        "mean": 1696.07873535,
        "min": 537.463317871,
        "stdev": 603.20904541
    },
    "spectral_complexity": {
        "max": 39,
        "mean": 14.5836362839,
        "min": 0,
        "stdev": 9.8562040329
    },
    "spectral_decrease": {
        "max": -2.3966217872e-14,
        "mean": -3.40804406918e-09,
        "min": -2.26657856928e-08,
        "stdev": 4.34727587262e-09
    },
    "spectral_energy": {
        "max": 0.096343703568,
        "mean": 0.0141435153782,
        "min": 1.13049317463e-07,
        "stdev": 0.0179334748536
    },
    "spectral_energyband_high": {
        "max": 0.0184740759432,
        "mean": 0.000474615750136,
        "min": 1.23290977427e-08,
        "stdev": 0.00160697055981
    },
    "spectral_energyband_low": {
        "max": 0.0594420433044,
        "mean": 0.00265995133668,
        "min": 3.15795212202e-09,
        "stdev": 0.00514443544671
    },
    "spectral_energyband_middle_high": {
        "max": 0.0870812013745,
        "mean": 0.00596389733255,
        "min": 8.32219413383e-08,
        "stdev": 0.010976918973
    },
    "spectral_energyband_middle_low": {
        "max": 0.057653747499,
        "mean": 0.00538573088124,
        "min": 1.61968074508e-08,
        "stdev": 0.00876252353191
    },
    "spectral_entropy": {
        "max": 8.22392559052,
        "mean": 7.60056209564,
        "min": 6.32937574387,
        "stdev": 0.287283569574
    },
    "spectral_flux": {
        "max": 0.349620074034,
        "mean": 0.0617324151099,
        "min": 0.000336228084052,
        "stdev": 0.054235547781
    },
    "spectral_kurtosis": {
        "max": 30.3882713318,
        "mean": 3.15226984024,
        "min": -0.906389713287,
        "stdev": 3.05680203438
    },
    "spectral_rms": {
        "max": 0.00969504285604,
        "mean": 0.00302697531879,
        "min": 1.0502000805e-05,
        "stdev": 0.00215313071385
    },
    "spectral_rolloff": {
        "max": 7084.42382812,
        "mean": 1919.27453613,
        "min": 193.798828125,
        "stdev": 1151.69885254
    },
    "spectral_skewness": {
        "max": 3.8868534565,
        "mean": 1.08476698399,
        "min": -0.528292953968,
        "stdev": 0.464640468359
    },
    "spectral_spread": {
        "max": 5489809.5,
        "mean": 3228793.75,
        "min": 1493808.625,
        "stdev": 977626.1875
    },
    "spectral_strongpeak": {
        "max": 10.4871406555,
        "mean": 1.0677318573,
        "min": 0,
        "stdev": 1.41115891933
    },
    "zerocrossingrate": {
        "max": 0.2353515625,
        "mean": 0.0709437131882,
        "min": 0.01953125,
        "stdev": 0.0279342606664
    },
    "barkbands": {
        "max": [0.00144101376645, 0.0213152468204, 0.0320061072707, 0.0199934225529, 0.0189815089107, 0.0285153351724, 0.0473670810461, 0.0263772234321, 0.0131851304322, 0.0203904956579, 0.0274142529815, 0.0409753359854, 0.0607991628349, 0.0430035181344, 0.0341683290899, 0.0178858023137, 0.0163569115102, 0.014235903509, 0.00234943232499, 0.00377221009694, 0.004999674391, 0.00689544389024, 0.00619689002633, 0.00108581851237, 1.45553221955e-05, 2.83013918079e-07, 3.2072082945e-07],
        "mean": [0.000128645377117, 0.0014747902751, 0.000782338960562, 0.000891308125574, 0.00161377154291, 0.0010070746066, 0.000738468894269, 0.000553004269022, 0.000463015283458, 0.000500223773997, 0.000499115558341, 0.00103980163112, 0.00116123852786, 0.000995539710857, 0.000597548030782, 0.000474448897876, 0.000372148206225, 0.000247496092925, 8.75276891747e-05, 9.94772926788e-05, 0.000168784274138, 0.000132038316224, 9.48275555857e-05, 2.06662698474e-05, 2.20407088136e-07, 1.12490905479e-09, 1.13117437639e-09],
        "min": [9.22325410491e-11, 2.46530462711e-10, 2.0407260326e-09, 1.02673514135e-09, 4.84210893603e-09, 1.13592668605e-09, 8.09335709562e-10, 3.20645021645e-09, 2.73915023996e-09, 1.25957626551e-08, 7.98205679331e-09, 2.51456633293e-09, 1.60110835701e-09, 3.75479913828e-09, 1.04925614863e-08, 1.06498125874e-08, 2.4667377474e-08, 8.45696757068e-09, 1.3621435091e-09, 1.06546127476e-09, 4.33441726955e-09, 2.84394374717e-09, 1.18183396403e-09, 1.2588807774e-09, 5.09110809066e-11, 1.08665394391e-11, 1.39069658567e-11],
        "stdev": [0.000219367313548, 0.00250587752089, 0.00234270002693, 0.00185462308582, 0.00275007309392, 0.00274250796065, 0.00366047630087, 0.00191585777793, 0.00101194088347, 0.00170202704612, 0.00193549180403, 0.00341447372921, 0.00448044808581, 0.00326081947424, 0.00195122743025, 0.00130932359025, 0.00133950391319, 0.00080146844266, 0.000176850633579, 0.000269604614004, 0.000473872642033, 0.00051061809063, 0.000487088487716, 7.72150015109e-05, 8.10025312603e-07, 1.20974235074e-08, 1.36971793907e-08]
    },
    "erbbands": {
        "max": [0.346178501844, 5.61905622482, 27.4749641418, 71.8933334351, 70.3986587524, 63.114200592, 121.865592957, 292.622467041, 678.576293945, 690.932617188, 746.379516602, 249.710189819, 392.928466797, 678.891479492, 1093.46826172, 2076.92919922, 3264.40380859, 2534.55688477, 1403.81237793, 691.096008301, 1041.08312988, 992.544555664, 806.66595459, 262.109680176, 84.8400268555, 183.648712158, 263.341308594, 236.626922607, 231.21270752, 244.245422363, 146.965759277, 52.4763755798, 5.14953804016, 0.432905882597, 0.0153671195731, 0.00195243745111, 0.000547647185158, 0.000203001050977, 7.79200781835e-05, 0.000118636598927],
        "mean": [0.0500162765384, 0.291135936975, 0.921633601189, 1.84346306324, 6.30355882645, 3.95837855339, 2.54820966721, 10.9417734146, 11.2176532745, 11.8353719711, 11.8271484375, 9.66229438782, 14.6251649857, 18.1934967041, 27.2623806, 44.3676261902, 52.53125, 57.4560585022, 31.7007637024, 27.6824321747, 26.6131305695, 22.182800293, 14.5224590302, 7.30681991577, 4.33246612549, 4.72382116318, 7.21104574203, 5.77689552307, 4.60508871078, 3.96054911613, 2.3724296093, 0.92551368475, 0.143535286188, 0.00983429420739, 0.000435851921793, 6.06641660852e-05, 1.83710162673e-05, 6.08318578088e-06, 9.16097633308e-06, 1.75740970008e-05],
        "min": [3.81661280358e-09, 9.9261811215e-08, 1.69534450833e-06, 3.89763954445e-06, 3.07552249978e-06, 2.25564799621e-05, 2.32454294746e-05, 5.35536764801e-06, 8.23818209028e-06, 4.85781638417e-05, 4.48996288469e-05, 4.46700141765e-05, 0.000250158569543, 0.000453130895039, 0.000269465206657, 8.39989734231e-05, 7.60996190365e-05, 7.91557977209e-05, 0.00059910264099, 0.000621340645012, 0.000674477778375, 0.00124430365395, 0.000573073979467, 9.36634314712e-05, 0.000100895347714, 5.20778376085e-05, 0.000276889797533, 3.63865692634e-05, 5.98028200329e-05, 0.000130912099849, 2.388806206e-05, 4.3938318413e-05, 1.58436632773e-05, 2.28351996157e-06, 4.52694081332e-07, 1.27145526108e-07, 3.52125510972e-08, 1.01148494025e-08, 2.19507101384e-09, 3.68947317142e-10],
        "stdev": [0.0800010189414, 0.548913300037, 2.30672860146, 4.77502298355, 11.0632753372, 8.1820526123, 8.10925292969, 31.1873378754, 43.1858978271, 47.0318336487, 44.5581054688, 19.8403682709, 36.5267982483, 61.7704429626, 81.9454193115, 145.115402222, 200.482208252, 191.91267395, 91.1102752686, 66.8663787842, 73.5272140503, 82.9803543091, 47.6119842529, 18.0653018951, 7.82226228714, 11.9409456253, 20.404756546, 18.6843986511, 16.9580192566, 19.6349201202, 11.5466508865, 3.88139629364, 0.473015069962, 0.0306492317468, 0.00132419448346, 0.000179864175152, 4.88767946081e-05, 1.64348602993e-05, 1.21300008686e-05, 2.20419387915e-05]
    },
    "gfcc": {
        "mean": [-111.035003662, 129.427246094, -188.062805176, 52.0251579285, -71.2637023926, 13.9874019623, -17.6859474182, -26.6626815796, 5.35729789734, -21.433473587, 5.63819122314, -17.3970851898, -4.46912574768],
        "cov": [[11108.7958984, 1138.00927734, 96.432510376, 40.0171699524, 537.721984863, 60.888710022, 168.021911621, -299.535522461, 84.9852828979, -380.335632324, -65.5171127319, 36.8327178955, 118.167037964], [1138.00927734, 974.421447754, 241.166320801, 69.1221237183, 381.194091797, -185.351867676, 62.0665359497, -2.76936340332, 122.644256592, -55.7760543823, 3.79224348068, 85.6176376343, 57.1008262634], [96.432510376, 241.166320801, 1222.71789551, 678.763977051, -181.991271973, 176.451812744, 65.8107147217, 29.57721138, -154.254577637, 47.8858985901, 95.1823959351, -42.1213493347, -71.0544586182], [40.0171699524, 69.1221237183, 678.763977051, 580.075012207, -40.7364501953, 24.5106601715, -17.2534427643, 70.8986434937, -25.5132007599, 41.7798156738, 30.864736557, -4.7574505806, -13.0227794647], [537.721984863, 381.194091797, -181.991271973, -40.7364501953, 449.15020752, -70.5360870361, 35.9610366821, 39.2214050293, 117.864234924, -26.4338665009, -20.3815841675, 51.1756515503, 61.6455917358], [60.888710022, -185.351867676, 176.451812744, 24.5106601715, -70.5360870361, 291.26953125, 107.988044739, -26.1588897705, -132.69758606, 4.24172544479, 58.7614860535, -64.2645339966, -43.9318161011], [168.021911621, 62.0665359497, 65.8107147217, -17.2534427643, 35.9610366821, 107.988044739, 154.440994263, -8.13691711426, -61.2775001526, -14.2352046967, 20.2690219879, -8.80068969727, -22.9009971619], [-299.535522461, -2.76936340332, 29.57721138, 70.8986434937, 39.2214050293, -26.1588897705, -8.13691711426, 112.45186615, 50.5298500061, 11.3015928268, 4.42953920364, 21.3751430511, 23.3324546814], [84.9852828979, 122.644256592, -154.254577637, -25.5132007599, 117.864234924, -132.69758606, -61.2775001526, 50.5298500061, 171.847946167, 26.4703807831, -34.1399726868, 39.6043739319, 38.9093284607], [-380.335632324, -55.7760543823, 47.8858985901, 41.7798156738, -26.4338665009, 4.24172544479, -14.2352046967, 11.3015928268, 26.4703807831, 76.3208007812, 21.8950138092, -12.3650941849, -5.09078550339], [-65.5171127319, 3.79224348068, 95.1823959351, 30.864736557, -20.3815841675, 58.7614860535, 20.2690219879, 4.42953920364, -34.1399726868, 21.8950138092, 78.1781158447, 5.58718204498, -11.0234375], [36.8327178955, 85.6176376343, -42.1213493347, -4.7574505806, 51.1756515503, -64.2645339966, -8.80068969727, 21.3751430511, 39.6043739319, -12.3650941849, 5.58718204498, 82.3545684814, 33.1233940125], [118.167037964, 57.1008262634, -71.0544586182, -13.0227794647, 61.6455917358, -43.9318161011, -22.9009971619, 23.3324546814, 38.9093284607, -5.09078550339, -11.0234375, 33.1233940125, 64.518409729]],
        "icov": [[0.000168640937773, -3.72573740606e-05, 1.93574783225e-06, -0.000214322906686, 2.14900719584e-05, -0.000163662771229, -0.000245237461058, 0.000805367599241, -0.000783699098974, 0.00119346904103, -0.000403853540774, 0.000367497064872, -0.0005181740853], [-3.72573740606e-05, 0.00727391801775, -0.00669468520209, 0.0051208967343, -0.00534428469837, 0.00737260328606, -0.0045583168976, 0.00432980293408, -0.0056288135238, 0.00635120877996, -0.00522712245584, 0.00241462979466, -0.00400304608047], [1.93574783225e-06, -0.00669468520209, 0.00970507133752, -0.00878650788218, 0.0056466772221, -0.00714106950909, 0.00298613542691, -0.00327255344018, 0.00582381850109, -0.00575465336442, 0.00318069849163, -0.00219930009916, 0.00452817138284], [-0.000214322906686, 0.0051208967343, -0.00878650788218, 0.010704824701, -0.00480946199968, 0.00577887007967, -0.000758093432523, -0.000681325327605, -0.00222790217958, 0.00133983499836, -0.00103824457619, 0.000740975607187, -0.00225645489991], [2.14900719584e-05, -0.00534428469837, 0.0056466772221, -0.00480946199968, 0.00777572952211, -0.00536139914766, 0.000725629797671, -0.0024657335598, 0.000658222532365, -0.00228207116015, 0.00237568141893, -0.00112912780605, 0.000416108989157], [-0.000163662771229, 0.00737260328606, -0.00714106950909, 0.00577887007967, -0.00536139914766, 0.0156823210418, -0.00805564876646, 0.00321947713383, -0.00189681886695, 0.0052200704813, -0.00883997790515, 0.00718437507749, -0.00478887977079], [-0.000245237461058, -0.0045583168976, 0.00298613542691, -0.000758093432523, 0.000725629797671, -0.00805564876646, 0.0149447871372, -0.00582030043006, 0.00817601196468, -0.00671726372093, 0.00626696273685, -0.00561637571082, 0.00734344311059], [0.000805367599241, 0.00432980293408, -0.00327255344018, -0.000681325327605, -0.0024657335598, 0.00321947713383, -0.00582030043006, 0.0194358192384, -0.0122509608045, 0.0110591379926, -0.00778859760612, 0.00323167373426, -0.00832424778491], [-0.000783699098974, -0.0056288135238, 0.00582381850109, -0.00222790217958, 0.000658222532365, -0.00189681886695, 0.00817601196468, -0.0122509608045, 0.0251790415496, -0.0195600129664, 0.0115361399949, -0.00735041173175, 0.0068097114563], [0.00119346904103, 0.00635120877996, -0.00575465336442, 0.00133983499836, -0.00228207116015, 0.0052200704813, -0.00671726372093, 0.0110591379926, -0.0195600129664, 0.0354154147208, -0.0166966728866, 0.0111877052113, -0.00852881651372], [-0.000403853540774, -0.00522712245584, 0.00318069849163, -0.00103824457619, 0.00237568141893, -0.00883997790515, 0.00626696273685, -0.00778859760612, 0.0115361399949, -0.0166966728866, 0.0269295405596, -0.0114454068244, 0.00761366449296], [0.000367497064872, 0.00241462979466, -0.00219930009916, 0.000740975607187, -0.00112912780605, 0.00718437507749, -0.00561637571082, 0.00323167373426, -0.00735041173175, 0.0111877052113, -0.0114454068244, 0.0237036831677, -0.0110833384097], [-0.0005181740853, -0.00400304608047, 0.00452817138284, -0.00225645489991, 0.000416108989157, -0.00478887977079, 0.00734344311059, -0.00832424778491, 0.0068097114563, -0.00852881651372, 0.00761366449296, -0.0110833384097, 0.0286925621331]]
    },
    "melbands": {
        "max": [0.0040691010654, 0.011783993803, 0.0101286927238, 0.00393371749669, 0.0043726474978, 0.00668824464083, 0.00888306647539, 0.0060744700022, 0.0058485660702, 0.00193431566004, 0.00214993930422, 0.00270914286375, 0.00370092620142, 0.00454724254087, 0.00735807325691, 0.00604943651706, 0.00535823265091, 0.00172735983506, 0.00261192396283, 0.00144107022788, 0.00118863908574, 0.00123467633966, 0.000847101211548, 0.000404968886869, 0.000210681726458, 5.89850824326e-05, 7.75564476498e-05, 0.000144420366269, 0.00019997493655, 0.000119653574075, 0.000146672260598, 0.000119290838484, 0.000155020083184, 0.000171745501575, 8.33505400806e-05, 7.3753966717e-05, 2.24176110351e-05, 3.73141938326e-06, 1.04650439425e-06, 7.09924208309e-08],
        "mean": [0.000405235594371, 0.000448751699878, 0.000478572939755, 0.000379228324164, 9.69724642346e-05, 0.000231822836213, 0.000177100853762, 0.000129574153107, 8.9783599833e-05, 6.27894769423e-05, 7.44045901229e-05, 7.29244275135e-05, 7.72581042838e-05, 0.000121873061289, 0.000120797281852, 0.000112135589006, 0.000103667465737, 4.74711741845e-05, 4.62385141873e-05, 3.20559738611e-05, 2.9676793929e-05, 2.48507967626e-05, 1.30981707116e-05, 1.27819293994e-05, 5.12084443471e-06, 2.88556543637e-06, 3.18613297168e-06, 3.01420323012e-06, 4.48194396085e-06, 4.04352704209e-06, 3.20461367664e-06, 2.66994675258e-06, 2.39311179939e-06, 2.1320918222e-06, 1.47679998008e-06, 9.16544365737e-07, 4.24653109121e-07, 1.03527462159e-07, 1.92108675634e-08, 1.71516623126e-09],
        "min": [4.78855670394e-11, 6.52881304575e-10, 5.7507887341e-10, 8.60705506867e-10, 9.40560740403e-10, 1.40677261506e-10, 1.15776020715e-10, 6.43107012088e-10, 2.96871194294e-10, 3.56068396989e-10, 1.30625599226e-09, 1.88616744445e-09, 1.11271269976e-09, 3.12063097585e-10, 1.5213978688e-10, 1.46387929556e-10, 9.54752735205e-11, 1.00885888532e-09, 7.18448911474e-10, 8.92624640869e-10, 8.63184967947e-10, 1.39814615441e-09, 9.56258072726e-10, 2.37538849701e-10, 4.82243515953e-11, 6.09381434202e-11, 5.92029897328e-11, 1.81586915643e-11, 1.98470809232e-10, 7.71553931855e-11, 4.32848635407e-12, 2.71331273421e-11, 6.34856889281e-11, 6.26392063219e-11, 5.02107383449e-12, 2.44776334618e-11, 3.0741936774e-11, 7.46534344759e-12, 3.77387314107e-12, 2.98030344978e-13],
        "stdev": [0.000660253688693, 0.00101720960811, 0.000937012548093, 0.000642219907604, 0.000303840788547, 0.000652257760521, 0.000683365156874, 0.000453389424365, 0.000337728502927, 0.000142105462146, 0.000197578643565, 0.000260147731751, 0.000266251765424, 0.000396984367399, 0.000482679781271, 0.00042954023229, 0.000372571696062, 0.00013697281247, 0.000152923821588, 8.94893601071e-05, 8.46112525323e-05, 0.000105914892629, 4.50091974926e-05, 3.43230931321e-05, 1.37231063491e-05, 5.34486343895e-06, 6.3694428718e-06, 8.96432356967e-06, 1.34459896799e-05, 1.19258893392e-05, 1.12407706183e-05, 9.2982663773e-06, 1.13000714919e-05, 1.16115488709e-05, 7.42230940887e-06, 4.38197275798e-06, 1.64448942996e-06, 3.16786383792e-07, 6.85875392037e-08, 4.82584594508e-09]
    },
    "melbands128": {
        "max": [0.00111401511822, 0.00357059505768, 0.00333050894551, 0.0123457685113, 0.011946035549, 0.0176605265588, 0.0177269540727, 0.00782577414066, 0.0085112163797, 0.00551768578589, 0.0040075853467, 0.00873516313732, 0.00574812339619, 0.00261800107546, 0.00746804988012, 0.0135546438396, 0.0161496177316, 0.0102236205712, 0.0203488469124, 0.00683979457244, 0.00484733982012, 0.00659372378141, 0.00926491245627, 0.00211009383202, 0.000995066948235, 0.00454767607152, 0.00399650633335, 0.0022241694387, 0.00430864887312, 0.0059198923409, 0.00514907250181, 0.00788715854287, 0.00735475635156, 0.00795562751591, 0.00861738715321, 0.00875654164702, 0.0102655459195, 0.0139882266521, 0.00881813373417, 0.0156109211966, 0.00985529087484, 0.00934041570872, 0.0109906168655, 0.00362649303861, 0.00290172104724, 0.00225793942809, 0.00495589151978, 0.00429977709427, 0.00153272680473, 0.00136504659895, 0.00196531042457, 0.0026310372632, 0.00233064452186, 0.00175181438681, 0.00253795133904, 0.00249029579572, 0.00100300135091, 0.000315926183248, 0.00177146727219, 0.000901629857253, 0.000530063756742, 0.000551221193746, 0.000327427289449, 0.000241853689658, 8.91721720109e-05, 6.74478360452e-05, 0.000134893562063, 8.00553752924e-05, 0.000102862475615, 0.000107503925392, 0.000157367438078, 0.000165910314536, 0.000171831561602, 0.000300252431771, 0.000155645655468, 0.000171199382748, 9.98049363261e-05, 0.000249843054917, 0.000148267223267, 0.000158731418196, 0.000135110414703, 0.000111752589874, 0.000162580763572, 0.000195601518499, 0.000154670604388, 0.000129747830215, 0.000268506380962, 0.000174799628439, 9.55194191192e-05, 8.6356922111e-05, 0.000112230925879, 6.14536329522e-05, 4.71964922326e-05, 2.39037544816e-05, 1.26998529595e-05, 3.57533326678e-06, 3.66133531315e-06, 2.34052754422e-06, 9.30025919388e-07, 7.31723503122e-07, 8.65272227202e-08, 8.59159321465e-09, 5.20131449022e-09, 2.09165240683e-09, 2.05851713453e-09, 2.03380956521e-09, 1.98528748996e-09, 1.94699301126e-09, 1.8906742838e-09, 1.81813697431e-09, 1.78480075164e-09, 1.73288439154e-09, 1.68606406614e-09, 1.63294633371e-09, 1.59911972553e-09, 1.56079182911e-09, 1.51560364259e-09, 1.48751355677e-09, 1.45277578856e-09, 1.4128332948e-09, 1.38518996273e-09, 1.35731426099e-09, 1.33531896651e-09, 1.3140318833e-09, 1.30020127997e-09, 1.29157806672e-09, 1.27922383797e-09, 1.27335408884e-09],
        "mean": [0.000118303883937, 0.000463826698251, 0.000398602162022, 0.000529210199602, 0.000515039137099, 0.00035400284105, 0.000288829556666, 0.000538804451935, 0.000777571869548, 0.000337213888997, 0.000190684018889, 0.000113644600788, 7.12404653314e-05, 6.30254289717e-05, 0.000224813920795, 0.000381722027669, 0.000190259350347, 0.000131449720357, 0.000169673759956, 0.00012181870261, 0.00012099428568, 0.000122145298519, 8.62743399921e-05, 5.7404882682e-05, 5.08921402798e-05, 6.76705894875e-05, 8.35677346913e-05, 6.43139355816e-05, 8.11712816358e-05, 7.47822559788e-05, 6.99874362908e-05, 6.98136500432e-05, 6.68301363476e-05, 8.40789434733e-05, 0.000128134008264, 0.000147045269841, 9.29825255298e-05, 0.000109662185423, 0.000158677517902, 9.7020973044e-05, 9.00931554497e-05, 0.000148105144035, 0.000126104525407, 7.08189909346e-05, 4.85843302158e-05, 3.78452241421e-05, 5.35815524927e-05, 5.53696263523e-05, 3.90265449823e-05, 3.10230680043e-05, 2.92600852845e-05, 3.43496212736e-05, 3.73751863663e-05, 2.28856315516e-05, 2.32577549468e-05, 3.09608913085e-05, 2.10467642319e-05, 1.14501481221e-05, 1.11560493679e-05, 1.38032119139e-05, 1.49606003106e-05, 1.08090098365e-05, 5.83768087381e-06, 3.707687938e-06, 3.21660422742e-06, 2.5037368232e-06, 2.85316855297e-06, 3.64168340639e-06, 3.06984634335e-06, 2.83649455923e-06, 2.97261954074e-06, 3.03645947497e-06, 3.62889454664e-06, 5.08927541887e-06, 4.8846432037e-06, 4.7244147936e-06, 3.07379173137e-06, 3.4329200389e-06, 2.99683438243e-06, 3.41202667187e-06, 2.90599291475e-06, 2.16080729842e-06, 2.46335503107e-06, 2.43149065682e-06, 2.41142402047e-06, 2.13310727304e-06, 2.24422910833e-06, 1.71998919996e-06, 1.53903567934e-06, 1.1238097386e-06, 1.1862498468e-06, 7.79491472258e-07, 5.81811036682e-07, 5.16454576882e-07, 2.76780042441e-07, 1.20791341374e-07, 8.30145623354e-08, 4.07271514291e-08, 1.65308957634e-08, 1.02507797806e-08, 2.41842168514e-09, 3.72778669044e-10, 1.02372485489e-10, 1.16179175655e-11, 1.17136751687e-11, 1.23414568495e-11, 1.2198971e-11, 1.1462913084e-11, 7.7145026478e-12, 6.70406742273e-12, 6.51150270856e-12, 6.29689919998e-12, 6.09891998016e-12, 5.88922183589e-12, 5.72592971301e-12, 5.56899318327e-12, 5.40608833741e-12, 5.27709560078e-12, 5.15045948599e-12, 5.0125251172e-12, 4.89882960586e-12, 4.80120370544e-12, 4.71515101269e-12, 4.63297282483e-12, 4.5401347612e-12, 4.42956608893e-12, 4.35235137861e-12, 4.32525543159e-12],
        "min": [3.43404471526e-11, 2.95012868301e-11, 1.42951119692e-11, 1.52539550435e-10, 6.43429476366e-10, 1.09845987861e-09, 9.34767485639e-10, 3.26654203686e-10, 9.11035830109e-11, 7.60059459814e-10, 1.49361345514e-09, 1.36436995035e-09, 8.58856707975e-10, 3.52446183349e-10, 7.12332554054e-11, 3.06282291196e-11, 1.46063092177e-10, 1.01107289208e-10, 8.66267335642e-11, 5.50916590125e-10, 1.07052433584e-09, 5.9132476693e-10, 1.09750604438e-10, 1.05633647662e-10, 7.82701820023e-11, 3.92739285537e-10, 1.14234832704e-09, 1.18120246917e-09, 1.55020229986e-09, 2.39182518236e-09, 1.70465908056e-09, 1.40185429931e-09, 1.5315174684e-09, 3.59168944586e-10, 5.66547586622e-10, 1.93306856633e-10, 1.43649592221e-10, 1.46970852155e-10, 1.29069893662e-10, 2.32832170211e-10, 1.41889944238e-10, 6.31315832944e-11, 2.79998888658e-11, 3.56756672815e-11, 5.85241966e-10, 1.86867032959e-09, 4.53290543989e-10, 8.50919390505e-10, 4.54488169321e-10, 1.10889752936e-09, 8.09316280659e-10, 5.99138016977e-10, 2.90708956907e-10, 7.6782391556e-10, 1.6238140832e-09, 6.96719626436e-10, 1.48514267551e-09, 1.07161057805e-09, 8.08452416123e-10, 4.24257851073e-10, 2.35632624523e-10, 8.84441617166e-11, 8.37794000841e-11, 1.67765662473e-11, 3.17866219457e-11, 3.38830352664e-11, 1.0087623098e-10, 1.20041629414e-10, 3.18194637305e-11, 6.19411900243e-12, 5.86933670069e-12, 1.61097610946e-11, 9.73995328835e-11, 3.07633668539e-10, 2.28707372485e-10, 6.56104476304e-11, 2.36733722903e-11, 2.95947272765e-12, 7.70050201989e-13, 2.93644882715e-12, 2.3468945537e-11, 4.55046278436e-11, 2.67949169797e-11, 3.54768332766e-11, 1.14961741515e-10, 1.36189837185e-10, 8.82313753309e-12, 5.38616850773e-12, 2.89119466215e-12, 3.28874275903e-12, 2.59643643391e-11, 3.26170410125e-11, 1.50119743025e-11, 4.85545284534e-12, 7.0931385765e-12, 2.51946098533e-12, 5.06094948935e-13, 1.29399756969e-12, 4.90563275765e-12, 1.16320343115e-12, 3.30187727203e-13, 9.29811376548e-14, 9.00860671325e-14, 7.84486340363e-14, 7.35100592593e-14, 7.70630439887e-14, 4.65228712759e-14, 5.33878463085e-14, 6.73521297328e-14, 5.38982785269e-14, 8.44874571779e-14, 4.60754752494e-14, 7.85381010443e-14, 3.51940427756e-14, 4.19531285254e-14, 6.70915078593e-14, 8.81626857022e-14, 7.8773223838e-14, 5.82027915447e-14, 4.67731254661e-14, 7.10840755832e-14, 5.50574465034e-14, 5.97706969639e-14, 6.80803341219e-14, 3.93640503494e-14, 2.17418483662e-14, 3.48054625994e-15, 1.18181649926e-16],
        "stdev": [0.000199791291379, 0.0007476961473, 0.000703602097929, 0.00104946421925, 0.00117837660946, 0.00119763601106, 0.00105303723831, 0.00104459410068, 0.00140545109753, 0.000686310406309, 0.00050478981575, 0.000512838480063, 0.000333383330144, 0.000159937539138, 0.000699890078977, 0.00116035272367, 0.000879508908838, 0.000749432947487, 0.00128115795087, 0.00054042856209, 0.000436371337855, 0.000531013531145, 0.000485481519718, 0.000162285810802, 9.79957985692e-05, 0.000265859387582, 0.000238966356847, 0.000205506614293, 0.000375518749934, 0.000368740758859, 0.000325908942614, 0.000389018387068, 0.000363025348634, 0.000407637475291, 0.000553864170797, 0.000589525850955, 0.00054264056962, 0.000708195031621, 0.000653802999295, 0.000741122930776, 0.000535068567842, 0.000591104966588, 0.00063907681033, 0.000294199038763, 0.00017691119865, 0.000126871687826, 0.000274593185168, 0.000242937967414, 0.000123824676848, 9.50092507992e-05, 0.000112356516183, 0.000151234678924, 0.000127805164084, 8.59441861394e-05, 0.000126337487018, 0.000187721569091, 7.64349824749e-05, 3.22114392475e-05, 7.80792834121e-05, 6.48630302749e-05, 4.07486004406e-05, 3.33777607011e-05, 2.09034587897e-05, 1.24614907691e-05, 7.7343565863e-06, 5.44862086826e-06, 7.50381377657e-06, 7.80361369834e-06, 6.97148379913e-06, 6.32699584457e-06, 8.9450231826e-06, 1.18121215564e-05, 1.50081414176e-05, 1.60826457432e-05, 1.58878174261e-05, 1.59984938364e-05, 9.2776163001e-06, 1.50080613821e-05, 1.14947215479e-05, 1.14517606562e-05, 1.09153306767e-05, 7.62762192608e-06, 1.01471714515e-05, 1.37267779792e-05, 1.15606626423e-05, 1.02791973404e-05, 1.55813304445e-05, 1.07496571218e-05, 7.76149681769e-06, 5.84071040066e-06, 5.81779568165e-06, 3.88340640711e-06, 2.6144284675e-06, 2.0589648102e-06, 9.7343820471e-07, 3.65843362715e-07, 2.87106558972e-07, 1.57992957384e-07, 6.03498193641e-08, 3.81495333102e-08, 7.44403561015e-09, 1.04510611276e-09, 3.96824240134e-10, 9.32878149729e-11, 9.51191347909e-11, 8.86361331554e-11, 8.61573867805e-11, 8.43788927618e-11, 8.08551975373e-11, 7.77076597513e-11, 7.62684637667e-11, 7.40432715141e-11, 7.20363976803e-11, 6.97640070713e-11, 6.83112455491e-11, 6.66689550788e-11, 6.47370421158e-11, 6.3531672978e-11, 6.20456047651e-11, 6.03400246435e-11, 5.91575261e-11, 5.79662151612e-11, 5.70252942089e-11, 5.61157960377e-11, 5.55252441248e-11, 5.51577117314e-11, 5.46317886763e-11, 5.43810274589e-11]
    },
    "mfcc": {
        "mean": [-717.454833984, 123.385269165, -39.3056030273, 25.4970035553, -21.0155353546, 28.3739376068, -16.7560214996, 10.583650589, -13.9964580536, 9.33642673492, -6.6971411705, 9.53819847107, -8.27946949005],
        "cov": [[10650.1699219, 1304.49902344, -700.610839844, 216.681716919, -25.3364543915, 519.851745605, -235.56690979, 456.987915039, -96.3078918457, -62.5006103516, -419.202575684, 205.128158569, -353.572021484], [1304.49902344, 1164.05456543, -394.09286499, 166.272201538, 184.264572144, 33.644115448, -84.2068710327, 108.967277527, 68.6038665771, -48.4316444397, -25.9276332855, -9.89125537872, -15.0129137039], [-700.610839844, -394.09286499, 1645.60632324, 422.878662109, -18.7768211365, 130.477096558, 312.248321533, -33.8937492371, -137.710861206, 6.77359390259, 119.535621643, 65.4867858887, -26.5539646149], [216.681716919, 166.272201538, 422.878662109, 484.30178833, 158.28326416, 18.3293781281, -1.20448696613, 38.4413566589, 19.6566181183, 10.9655799866, 21.0620651245, 15.8695907593, -10.4068374634], [-25.3364543915, 184.264572144, -18.7768211365, 158.28326416, 242.207626343, -12.0833044052, -3.09285163879, 32.0493659973, 53.8376846313, 31.6661872864, 15.3776311874, -19.1048851013, 6.97068452835], [519.851745605, 33.644115448, 130.477096558, 18.3293781281, -12.0833044052, 173.435134888, 100.359382629, 30.9681453705, -42.1823654175, 18.4863548279, 11.042257309, 21.2998142242, -57.0608673096], [-235.56690979, -84.2068710327, 312.248321533, -1.20448696613, -3.09285163879, 100.359382629, 281.603668213, 29.7277793884, -44.2259101868, 7.79454040527, 44.0767440796, 8.59666538239, -10.7347345352], [456.987915039, 108.967277527, -33.8937492371, 38.4413566589, 32.0493659973, 30.9681453705, 29.7277793884, 104.552330017, 17.6199264526, -12.3880434036, -12.0022611618, 22.6567726135, -8.11965465546], [-96.3078918457, 68.6038665771, -137.710861206, 19.6566181183, 53.8376846313, -42.1823654175, -44.2259101868, 17.6199264526, 109.757095337, 3.75295901299, 1.81569957733, -24.7135047913, 20.2177658081], [-62.5006103516, -48.4316444397, 6.77359390259, 10.9655799866, 31.6661872864, 18.4863548279, 7.79454040527, -12.3880434036, 3.75295901299, 99.1158676147, 22.762172699, -10.1182088852, -18.3058815002], [-419.202575684, -25.9276332855, 119.535621643, 21.0620651245, 15.3776311874, 11.042257309, 44.0767440796, -12.0022611618, 1.81569957733, 22.762172699, 96.573928833, 4.88223457336, -6.59259414673], [205.128158569, -9.89125537872, 65.4867858887, 15.8695907593, -19.1048851013, 21.2998142242, 8.59666538239, 22.6567726135, -24.7135047913, -10.1182088852, 4.88223457336, 74.1341629028, 3.49106311798], [-353.572021484, -15.0129137039, -26.5539646149, -10.4068374634, 6.97068452835, -57.0608673096, -10.7347345352, -8.11965465546, 20.2177658081, -18.3058815002, -6.59259414673, 3.49106311798, 97.9995040894]],
        "icov": [[0.000234350198298, -0.000164959055837, 2.07368466363e-05, -5.81991116633e-05, 0.000138639210491, -0.000535073166247, 0.000289710704237, -0.00058991095284, 8.5481457063e-05, -0.00012006022007, 0.000876103295013, -0.000409978383686, 0.000514605490025], [-0.000164959055837, 0.00146667403169, 0.00050022493815, -0.000608998350799, -0.00073192914715, -0.000318490841892, -8.18739954411e-06, -0.000264484668151, 0.000132373170345, 0.00112842803355, -0.00100862677209, 0.000606886227615, -0.000361787009751], [2.07368466363e-05, 0.00050022493815, 0.00171930005308, -0.00194079079665, 0.000607847352512, -0.000205582386116, -0.0014612111263, 0.000854889280163, 0.000986318802461, 0.000540612847544, -0.000899910577573, -0.000508859346155, 1.41364180308e-05], [-5.81991116633e-05, -0.000608998350799, -0.00194079079665, 0.00496048247442, -0.00258573028259, 6.63777973386e-05, 0.00181871233508, -0.00108308671042, -0.000872615724802, -0.000268740346655, 0.000446978985565, -0.000199274902116, 0.000196664899704], [0.000138639210491, -0.00073192914715, 0.000607847352512, -0.00258573028259, 0.007326902356, 0.000471006787848, -0.000927727553062, -0.00111880665645, -0.00143356493209, -0.00238876813091, -0.000202746567084, 0.000964124687016, -0.00036149303196], [-0.000535073166247, -0.000318490841892, -0.000205582386116, 6.63777973386e-05, 0.000471006787848, 0.0118336174637, -0.00392337376252, 2.70661330433e-05, 0.00132087816019, -0.00174864206929, -0.00110050849617, -0.00112977437675, 0.00376831786707], [0.000289710704237, -8.18739954411e-06, -0.0014612111263, 0.00181871233508, -0.000927727553062, -0.00392337376252, 0.00745386304334, -0.00389008619823, 0.00134346052073, 0.000141018274007, -0.000862013024744, 0.00189459102694, -0.00125935021788], [-0.00058991095284, -0.000264484668151, 0.000854889280163, -0.00108308671042, -0.00111880665645, 2.70661330433e-05, -0.00389008619823, 0.0165998674929, -0.00402290420607, 0.00190221169032, 0.00046510019456, -0.00497483508661, 0.000386138621252], [8.5481457063e-05, 0.000132373170345, 0.000986318802461, -0.000872615724802, -0.00143356493209, 0.00132087816019, 0.00134346052073, -0.00402290420607, 0.0143232299015, -0.000215735271922, -0.00224582990631, 0.00441429577768, -0.00211540074088], [-0.00012006022007, 0.00112842803355, 0.000540612847544, -0.000268740346655, -0.00238876813091, -0.00174864206929, 0.000141018274007, 0.00190221169032, -0.000215735271922, 0.012972262688, -0.00309437792748, 0.00118832138833, 0.0013996300986], [0.000876103295013, -0.00100862677209, -0.000899910577573, 0.000446978985565, -0.000202746567084, -0.00110050849617, -0.000862013024744, 0.00046510019456, -0.00224582990631, -0.00309437792748, 0.016713719815, -0.00406400719658, 0.00328219751827], [-0.000409978383686, 0.000606886227615, -0.000508859346155, -0.000199274902116, 0.000964124687016, -0.00112977437675, 0.00189459102694, -0.00497483508661, 0.00441429577768, 0.00118832138833, -0.00406400719658, 0.0191658195108, -0.00412114011124], [0.000514605490025, -0.000361787009751, 1.41364180308e-05, 0.000196664899704, -0.00036149303196, 0.00376831786707, -0.00125935021788, 0.000386138621252, -0.00211540074088, 0.0013996300986, 0.00328219751827, -0.00412114011124, 0.0152094243094]]
    },
    "spectral_contrast_coeffs": {
        "max": [-0.490685909986, -0.523019790649, -0.520826041698, -0.549274563789, -0.627847611904, -0.381939589977],
        "mean": [-0.749137580395, -0.805398285389, -0.795662343502, -0.794015049934, -0.795841872692, -0.627519786358],
        "min": [-0.884276807308, -0.93571460247, -0.927110135555, -0.91300112009, -0.897885203362, -0.843181788921],
        "stdev": [0.0720172449946, 0.0730131268501, 0.0755444765091, 0.0724833682179, 0.039406388998, 0.0559469386935]
    },
    "spectral_contrast_valleys": {
        "max": [-5.51248645782, -5.46716785431, -6.01722478867, -5.62219810486, -6.23740434647, -9.41100788116],
        "mean": [-7.82214736938, -7.24406576157, -7.64323759079, -7.70468235016, -8.07957553864, -12.5869646072],
        "min": [-13.3353996277, -12.8489894867, -12.2274837494, -12.6073150635, -12.7944135666, -15.6406202316],
        "stdev": [1.26411271095, 1.01540338993, 1.18839621544, 1.2326220274, 0.958696305752, 1.08342146873]
    }
},
"rhythm": {
    "beats_count": 20,
    "beats_loudness": {
        "max": 0.039796218276,
        "mean": 0.0127651775256,
        "min": 8.9732275228e-05,
        "stdev": 0.0130764413625
    },
    "bpm": 94.4209747314,
    "bpm_histogram_first_peak_bpm": 94,
    "bpm_histogram_first_peak_weight": 0.263157904148,
    "bpm_histogram_second_peak_bpm": 0,
    "bpm_histogram_second_peak_spread": 0,
    "bpm_histogram_second_peak_weight": 0,
    "danceability": 0.755717098713,
    "onset_rate": 2.97820472717,
    "beats_loudness_band_ratio": {
        "max": [0.78339856863, 0.478319704533, 0.604415953159, 0.851886093616, 0.542355835438, 0.632921993732],
        "mean": [0.168722659349, 0.0932323336601, 0.174984589219, 0.347649633884, 0.152482613921, 0.103016451001],
        "min": [0.0026966817677, 0.0111762890592, 0.023106213659, 0.0219793375582, 0.00476231100038, 0.013423120603],
        "stdev": [0.192046537995, 0.11636441946, 0.181367099285, 0.292855471373, 0.165952935815, 0.15286077559]
    },
    "beats_position": [0.626938760281, 1.26548755169, 1.90403628349, 2.53097510338, 3.16952371597, 3.80807256699, 4.43501138687, 5.07355976105, 5.71210861206, 6.35065746307, 6.98920631409, 7.61614513397, 8.24308395386, 8.87002277374, 9.50857162476, 10.1471195221, 10.7856683731, 11.4242172241, 12.0627660751, 12.7013149261],
