{
"metadata": {
    "version": {
        "essentia": "2.1-beta5",
        "essentia_git_sha": "Undefined",
        "extractor": "music 2.0"
    },
    "audio_properties": {
        "analysis": {
            "equal_loudness": 0,
            "length": 41.8539466858,
            "sample_rate": 44100,
            "start_time": 142.744674683,
            "downmix": "mix"
        },
        "bit_rate": 192000,
        "length": 184.621871948,
        "lossless": 0,
        "number_channels": 2,
        "replay_gain": -8.7737903595,
        "sample_rate": 48000,
        "codec": "mp3",
        "md5_encoded": "3b150453f562eca4257cad4548864b3b"
    },
    "tags": {
        "file_name": "BosniaHerzegovina_Goodbye_Alma Cardzic.mp3",
        "encoding": ["Lavf58.29.100"]
    }
},
"lowlevel": {
    "average_loudness": 0.969958901405,
    "barkbands_crest": {
        "max": 23.3969688416,
        "mean": 8.46365451813,
        "min": 2.79684042931,
        "stdev": 3.22542691231
    },
    "barkbands_flatness_db": {
        "max": 0.248148307204,
        "mean": 0.130858212709,
        "min": 0.0549590401351,
        "stdev": 0.0281612314284
    },
    "barkbands_kurtosis": {
        "max": 31.6154441833,
        "mean": 1.29675400257,
        "min": -1.89942574501,
        "stdev": 2.17273139954
    },
    "barkbands_skewness": {
        "max": 5.09332227707,
        "mean": 0.70265763998,
        "min": -1.97310340405,
        "stdev": 0.765589475632
    },
    "barkbands_spread": {
        "max": 142.05960083,
        "mean": 18.3808078766,
        "min": 3.94761919975,
        "stdev": 9.9747543335
    },
    "dissonance": {
        "max": 0.500000119209,
        "mean": 0.465953946114,
        "min": 0.306389182806,
        "stdev": 0.0248333327472
    },
    "dynamic_complexity": 2.31279468536,
    "erbbands_crest": {
        "max": 28.8650856018,
        "mean": 11.0135631561,
        "min": 2.71058940887,
        "stdev": 5.21672773361
    },
    "erbbands_flatness_db": {
        "max": 0.301912426949,
        "mean": 0.192142024636,
        "min": 0.0904754027724,
        "stdev": 0.0420127362013
    },
    "erbbands_kurtosis": {
        "max": 14.7717494965,
        "mean": 1.23671030998,
        "min": -1.41174137592,
        "stdev": 1.9362770319
    },
    "erbbands_skewness": {
        "max": 2.87513017654,
        "mean": 0.479998320341,
        "min": -1.70307588577,
        "stdev": 0.684175908566
    },
    "erbbands_spread": {
        "max": 73.1205596924,
        "mean": 24.0603218079,
        "min": 4.29321193695,
        "stdev": 11.3650112152
    },
    "hfc": {
        "max": 95.8901977539,
        "mean": 29.8482990265,
        "min": 3.32481736587e-10,
        "stdev": 16.1408443451
    },
    "loudness_ebu128": {
        "integrated": -13.7017679214,
        "loudness_range": 2.6683139801,
        "momentary": {
            "max": -10.7201519012,
            "mean": -14.5070133209,
            "min": -100.151237488,
            "stdev": 6.37608242035
        },
        "short_term": {
            "max": -12.1111984253,
            "mean": -13.7735242844,
            "min": -15.7872877121,
            "stdev": 0.860042214394
        }
    },
    "melbands_crest": {
        "max": 35.2148399353,
        "mean": 10.1705188751,
        "min": 1.00029850006,
        "stdev": 3.81600904465
    },
    "melbands_flatness_db": {
        "max": 0.305057018995,
        "mean": 0.158340990543,
        "min": 4.18491055143e-07,
        "stdev": 0.0325116552413
    },
    "melbands_kurtosis": {
        "max": 88.4571533203,
        "mean": 3.24534606934,
        "min": -1.62792468071,
        "stdev": 4.9404129982
    },
    "melbands_skewness": {
        "max": 7.91495895386,
        "mean": 1.12495613098,
        "min": -1.13890242577,
        "stdev": 0.912935495377
    },
    "melbands_spread": {
        "max": 213.854827881,
        "mean": 27.5029525757,
        "min": 3.57876443863,
        "stdev": 18.3482265472
    },
    "pitch_salience": {
        "max": 0.997745990753,
        "mean": 0.586714982986,
        "min": 0.123570002615,
        "stdev": 0.0982466042042
    },
    "silence_rate_20dB": {
        "max": 1,
        "mean": 1,
        "min": 1,
        "stdev": 0
    },
    "silence_rate_30dB": {
        "max": 1,
        "mean": 1,
        "min": 1,
        "stdev": 0
    },
    "silence_rate_60dB": {
        "max": 1,
        "mean": 0.0205099787563,
        "min": 0,
        "stdev": 0.141736507416
    },
    "spectral_centroid": {
        "max": 4302.27929688,
        "mean": 1490.3614502,
        "min": 484.378387451,
        "stdev": 456.729309082
    },
    "spectral_complexity": {
        "max": 48,
        "mean": 23.9351444244,
        "min": 0,
        "stdev": 7.4617767334
    },
    "spectral_decrease": {
        "max": -8.33816333783e-22,
        "mean": -7.30399785098e-09,
        "min": -3.00757427851e-08,
        "stdev": 3.88011311969e-09
    },
    "spectral_energy": {
        "max": 0.118483237922,
        "mean": 0.0302742701024,
        "min": 3.33041293111e-14,
        "stdev": 0.0157836135477
    },
    "spectral_energyband_high": {
        "max": 0.00536284083501,
        "mean": 0.000705479935277,
        "min": 2.63753489806e-14,
        "stdev": 0.000602770480327
    },
    "spectral_energyband_low": {
        "max": 0.0793484449387,
        "mean": 0.0039823804982,
        "min": 2.5131356372e-16,
        "stdev": 0.00723820133135
    },
    "spectral_energyband_middle_high": {
        "max": 0.0505450963974,
        "mean": 0.0129761844873,
        "min": 5.38438515779e-15,
        "stdev": 0.00891622062773
    },
    "spectral_energyband_middle_low": {
        "max": 0.0936774909496,
        "mean": 0.0134075256065,
        "min": 1.11276941742e-15,
        "stdev": 0.0095930211246
    },
    "spectral_entropy": {
        "max": 8.9579372406,
        "mean": 7.60282182693,
        "min": 6.62493801117,
        "stdev": 0.235590815544
    },
    "spectral_flux": {
        "max": 0.25635522604,
        "mean": 0.100642576814,
        "min": 5.51968298623e-07,
        "stdev": 0.0388564504683
    },
    "spectral_kurtosis": {
        "max": 23.037355423,
        "mean": 4.32310342789,
        "min": 0.657014369965,
        "stdev": 1.96526229382
    },
    "spectral_rms": {
        "max": 0.0107514373958,
        "mean": 0.00521176680923,
        "min": 5.70016078782e-09,
        "stdev": 0.00154057948384
    },
    "spectral_rolloff": {
        "max": 17743.359375,
        "mean": 1668.0534668,
        "min": 21.533203125,
        "stdev": 1707.55810547
    },
    "spectral_skewness": {
        "max": 3.27632546425,
        "mean": 1.51781094074,
        "min": 0.65754956007,
        "stdev": 0.306038379669
    },
    "spectral_spread": {
        "max": 10701883,
        "mean": 3891189,
        "min": 1813515.625,
        "stdev": 1024485.5
    },
    "spectral_strongpeak": {
        "max": 14.019862175,
        "mean": 2.30539250374,
        "min": 0,
        "stdev": 2.17151665688
    },
    "zerocrossingrate": {
        "max": 0.8916015625,
        "mean": 0.0705877691507,
        "min": 0.021484375,
        "stdev": 0.0748718678951
    },
    "barkbands": {
        "max": [0.000869707379024, 0.0406674556434, 0.0395058915019, 0.0227975361049, 0.0300795100629, 0.0449454933405, 0.0211023371667, 0.0435324944556, 0.0397891066968, 0.0360802039504, 0.0314693488181, 0.0200518351048, 0.0103930309415, 0.0282738860697, 0.0363956168294, 0.0114121511579, 0.0138978501782, 0.00689996313304, 0.00874234642833, 0.00440491875634, 0.00424541346729, 0.00111133337487, 0.000689398904797, 0.000432325905422, 0.000334255426424, 0.000157323869644, 1.09972268092e-06],
        "mean": [3.08802300424e-05, 0.0019743158482, 0.0014740730403, 0.00121506745927, 0.00253099249676, 0.00160131289158, 0.00139257882256, 0.00174173258711, 0.00402913196012, 0.00263243773952, 0.00203094352037, 0.0021850480698, 0.00101489108056, 0.00217456044629, 0.00163519207854, 0.000528147094883, 0.00042073262739, 0.000391224602936, 0.000388880405808, 0.000409113796195, 0.000193257015781, 0.000110912616947, 7.38689268474e-05, 4.73889995192e-05, 3.28603418893e-05, 1.47268392539e-05, 3.06687191198e-08],
        "min": [7.17722581421e-17, 1.07733200736e-16, 7.18233977563e-17, 7.17921700338e-17, 1.79544237106e-16, 1.79482006654e-16, 1.79451566407e-16, 1.79463133701e-16, 2.51244265837e-16, 2.51239527746e-16, 2.51236060205e-16, 3.2303824905e-16, 3.58963245684e-16, 3.94723600288e-16, 4.66686090119e-16, 5.38464667921e-16, 6.10174212538e-16, 7.53868905117e-16, 9.33428190292e-16, 1.14857297071e-15, 1.50754256914e-15, 1.83079945857e-15, 2.18964284909e-15, 2.97940218131e-15, 4.16383439772e-15, 5.85107363019e-15, 7.42016616608e-15],
        "stdev": [6.60160585539e-05, 0.00417723506689, 0.00340376538225, 0.0023665074259, 0.00323160435073, 0.00198279786855, 0.00174514751416, 0.00240242434666, 0.00542960455641, 0.00421463744715, 0.00342027796432, 0.00251869903877, 0.0012998371385, 0.00334012834355, 0.00370623334311, 0.000976798823103, 0.000748615188058, 0.000441307551228, 0.000450227642432, 0.000430639862316, 0.000231907280977, 0.000125140504679, 6.6034248448e-05, 4.54015062132e-05, 3.90458153561e-05, 2.26073170779e-05, 8.03844315556e-08]
    },
    "erbbands": {
        "max": [0.80587387085, 11.853064537, 50.0098991394, 52.0243148804, 133.917312622, 121.12776947, 165.169143677, 405.598999023, 148.43699646, 446.208435059, 724.467102051, 1139.70446777, 1213.40588379, 1395.69885254, 901.067077637, 710.406494141, 480.873382568, 1344.5489502, 2568.19799805, 896.042297363, 736.385986328, 492.199462891, 475.581726074, 633.300964355, 191.236053467, 269.133392334, 252.962463379, 44.8059501648, 31.7675991058, 34.0800094604, 15.8987674713, 15.4152097702, 4.57955169678, 4.53451108932, 3.59184455872, 1.24224197865, 0.269001871347, 0.0206108223647, 0.000394571281504, 0.000135033435072],
        "mean": [0.0367711819708, 0.520091414452, 1.59418416023, 3.0437169075, 7.57972764969, 7.23350191116, 8.72758102417, 15.2897901535, 15.1819763184, 31.7142829895, 49.0614471436, 69.5643157959, 107.134490967, 87.2310256958, 76.2169113159, 82.9080352783, 48.3596496582, 85.4484024048, 141.496170044, 35.9477462769, 30.9261951447, 25.6860389709, 21.2676582336, 21.4858779907, 18.1856651306, 19.7418670654, 12.347360611, 4.99613237381, 4.1499080658, 2.78403997421, 2.07687282562, 1.24310326576, 0.68151307106, 0.422312796116, 0.204283818603, 0.0994927212596, 0.020032800734, 0.000969929562416, 4.21776203439e-05, 3.87367254007e-05],
        "min": [3.92575334152e-15, 2.19003045137e-14, 7.39174753307e-14, 1.79385721772e-13, 3.62184755928e-13, 6.44304813495e-13, 1.04821728554e-12, 1.59497361065e-12, 2.3046807518e-12, 3.19997587456e-12, 4.29815037728e-12, 5.6237063617e-12, 7.19097307741e-12, 9.02531868685e-12, 1.11445817852e-11, 1.35740377272e-11, 1.6324920582e-11, 1.94077184879e-11, 2.28549453668e-11, 2.6641218745e-11, 3.07665178056e-11, 3.51970327883e-11, 3.98834403004e-11, 4.47326793662e-11, 4.95897593822e-11, 5.42545869342e-11, 5.8483030918e-11, 6.19089640663e-11, 6.41168507176e-11, 6.46211209543e-11, 6.29557656007e-11, 5.87530649132e-11, 5.18745151001e-11, 4.2602456285e-11, 3.17607745659e-11, 2.07377778144e-11, 1.12064975355e-11, 4.55068318098e-12, 1.14811068638e-12, 9.71141298888e-14],
        "stdev": [0.0778654888272, 1.10662603378, 3.621758461, 5.85720920563, 12.4402227402, 9.66050720215, 11.8315887451, 19.5147285461, 15.581111908, 40.3950614929, 64.9280166626, 94.211517334, 146.210525513, 130.494033813, 94.8149490356, 90.8228607178, 54.8706626892, 136.879089355, 291.203796387, 50.0747375488, 56.42918396, 38.653049469, 26.5007839203, 27.960313797, 15.9531641006, 22.7667217255, 14.4022512436, 4.94866991043, 4.46643352509, 3.0437643528, 1.89873194695, 1.1972578764, 0.704958200455, 0.490053147078, 0.262449264526, 0.14718952775, 0.033356051892, 0.00196852022782, 4.53524044133e-05, 1.99388614419e-05]
    },
    "gfcc": {
        "mean": [7.84434652328, 93.17603302, -155.589614868, 20.6150112152, -73.1458511353, 15.5455369949, -35.9869651794, 8.02070426941, -28.7974700928, -0.455051153898, -14.2366819382, -7.77178621292, -8.4290266037],
        "cov": [[16704.5078125, 2262.46875, -725.634765625, 227.906219482, -550.320678711, 61.0083656311, -263.051147461, 33.3330383301, -420.507598877, 15.5698451996, -215.50958252, -166.660980225, -160.206359863], [2262.46875, 969.498291016, 57.2467918396, 238.882049561, -52.2344207764, -17.9278087616, 61.5843048096, -77.6390380859, 26.6083564758, -74.7196044922, 92.8445510864, -83.9878387451, 46.9039115906], [-725.634765625, 57.2467918396, 1072.22424316, 270.583068848, 231.205978394, 67.5735397339, 34.4571228027, 135.808074951, -89.621131897, 125.080993652, -63.7363433838, 138.927108765, -90.3176040649], [227.906219482, 238.882049561, 270.583068848, 338.438415527, 95.2335281372, 18.697845459, 4.052775383, -31.5488071442, 37.3734970093, 5.68400669098, 38.3732452393, 1.96140253544, 20.8740177155], [-550.320678711, -52.2344207764, 231.205978394, 95.2335281372, 250.693115234, 85.0496292114, 26.483959198, 41.5159378052, 32.0452880859, 103.305801392, 5.18733310699, 29.9357051849, -6.033162117], [61.0083656311, -17.9278087616, 67.5735397339, 18.697845459, 85.0496292114, 131.415679932, 65.7535934448, 11.2359762192, -17.695268631, 35.7587776184, 3.05014181137, -3.04900836945, -11.2754793167], [-263.051147461, 61.5843048096, 34.4571228027, 4.052775383, 26.483959198, 65.7535934448, 167.0284729, 53.613735199, 17.0299777985, -11.4630270004, 38.815486908, -3.94754600525, 10.2888622284], [33.3330383301, -77.6390380859, 135.808074951, -31.5488071442, 41.5159378052, 11.2359762192, 53.613735199, 187.44128418, 27.1061611176, 41.9862518311, -31.2713298798, 64.3020858765, -12.313914299], [-420.507598877, 26.6083564758, -89.621131897, 37.3734970093, 32.0452880859, -17.695268631, 17.0299777985, 27.1061611176, 152.016555786, 14.8820323944, 48.7720413208, -7.47330284119, 48.4356689453], [15.5698451996, -74.7196044922, 125.080993652, 5.68400669098, 103.305801392, 35.7587776184, -11.4630270004, 41.9862518311, 14.8820323944, 138.107818604, 7.57592821121, 34.3021507263, -35.6961860657], [-215.50958252, 92.8445510864, -63.7363433838, 38.3732452393, 5.18733310699, 3.05014181137, 38.815486908, -31.2713298798, 48.7720413208, 7.57592821121, 105.561332703, -13.4677047729, 27.5493946075], [-166.660980225, -83.9878387451, 138.927108765, 1.96140253544, 29.9357051849, -3.04900836945, -3.94754600525, 64.3020858765, -7.47330284119, 34.3021507263, -13.4677047729, 97.0721740723, -2.1531188488], [-160.206359863, 46.9039115906, -90.3176040649, 20.8740177155, -6.033162117, -11.2754793167, 10.2888622284, -12.313914299, 48.4356689453, -35.6961860657, 27.5493946075, -2.1531188488, 81.2102890015]],
        "icov": [[0.000430139363743, -0.00136375671718, 0.00111774948891, -0.000952275295276, 0.00108787696809, -0.00129553652368, 0.00117769883946, -0.00158758636098, 0.00167161331046, -0.00171817373484, 0.00137813703623, -0.000362495979061, 0.000405742990552], [-0.00136375671718, 0.0059345215559, -0.00374575518072, 0.00190650159493, -0.00276463874616, 0.00447266176343, -0.00422431621701, 0.00486728316173, -0.00487347738817, 0.00540664745495, -0.00524469232187, 0.00265594990924, -0.00195214978885], [0.00111774948891, -0.00374575518072, 0.00544268963858, -0.00447875261307, 0.00147548434325, -0.00259778928012, 0.00220010289922, -0.00490472884849, 0.00599657557905, -0.00500335590914, 0.00465577794239, -0.00327994953841, 0.00285707740113], [-0.000952275295276, 0.00190650159493, -0.00447875261307, 0.00846408028156, -0.00389279262163, 0.00204007863067, -0.00113514671102, 0.00509474473074, -0.00602594064549, 0.00586532941088, -0.00446904310957, 0.000906855682842, -0.00151369383093], [0.00108787696809, -0.00276463874616, 0.00147548434325, -0.00389279262163, 0.0123277902603, -0.0074955150485, 0.00288935401477, -0.00376215740107, 0.00229035224766, -0.00971903745085, 0.00454197637737, 0.000215029736864, -0.00185014039744], [-0.00129553652368, 0.00447266176343, -0.00259778928012, 0.00204007863067, -0.0074955150485, 0.0185767207295, -0.0104016792029, 0.00627753697336, -0.00149182067253, 0.00209021591581, -0.00208167522214, 0.00245630042627, -0.00168056681287], [0.00117769883946, -0.00422431621701, 0.00220010289922, -0.00113514671102, 0.00288935401477, -0.0104016792029, 0.0159332659096, -0.00971314962953, 0.00421058572829, 0.000276763486909, -0.0029278555885, 0.000957002339419, 0.0014096602099], [-0.00158758636098, 0.00486728316173, -0.00490472884849, 0.00509474473074, -0.00376215740107, 0.00627753697336, -0.00971314962953, 0.0174423381686, -0.0105687873438, 0.00424432009459, 0.000513293663971, -0.00443988060579, -0.000362640741514], [0.00167161331046, -0.00487347738817, 0.00599657557905, -0.00602594064549, 0.00229035224766, -0.00149182067253, 0.00421058572829, -0.0105687873438, 0.0196555331349, -0.00948545522988, 0.00167943711858, 0.0016155190533, -0.00426190486178], [-0.00171817373484, 0.00540664745495, -0.00500335590914, 0.00586532941088, -0.00971903745085, 0.00209021591581, 0.000276763486909, 0.00424432009459, -0.00948545522988, 0.0237577017397, -0.011023145169, -0.00148023071233, 0.00639274157584], [0.00137813703623, -0.00524469232187, 0.00465577794239, -0.00446904310957, 0.00454197637737, -0.00208167522214, -0.0029278555885, 0.000513293663971, 0.00167943711858, -0.011023145169, 0.0221931263804, -0.00358611159027, -0.000899065344129], [-0.000362495979061, 0.00265594990924, -0.00327994953841, 0.000906855682842, 0.000215029736864, 0.00245630042627, 0.000957002339419, -0.00443988060579, 0.0016155190533, -0.00148023071233, -0.00358611159027, 0.0196508355439, -0.00644404254854], [0.000405742990552, -0.00195214978885, 0.00285707740113, -0.00151369383093, -0.00185014039744, -0.00168056681287, 0.0014096602099, -0.000362640741514, -0.00426190486178, 0.00639274157584, -0.000899065344129, -0.00644404254854, 0.0226898007095]]
    },
    "melbands": {
        "max": [0.00922414660454, 0.0216451939195, 0.00916689820588, 0.00771062076092, 0.00498846173286, 0.00874198880047, 0.00316540151834, 0.00656917877495, 0.00605048658326, 0.00728136394173, 0.00606961827725, 0.00589122250676, 0.00397629616782, 0.00302659953013, 0.0023550260812, 0.00132894946728, 0.0023538293317, 0.00470103137195, 0.00289109977894, 0.000759115151595, 0.00108980690129, 0.000783406721894, 0.000353247625753, 0.000386569910916, 0.000660424528178, 0.000144447985804, 0.000149177780258, 0.000253396254266, 0.000250293320278, 5.16960462846e-05, 2.68907715508e-05, 1.99225269171e-05, 4.05716091336e-05, 2.17996839638e-05, 1.2182989849e-05, 9.5741579571e-06, 8.37790503283e-06, 3.42528164765e-06, 4.05282526117e-06, 3.47916534338e-06],
        "mean": [0.000456594862044, 0.000796077307314, 0.000678314361721, 0.000530960736796, 0.000312681746436, 0.000327385554556, 0.000258258136455, 0.000362398655852, 0.000423023593612, 0.000495250162203, 0.000536753388587, 0.000348592060618, 0.000268283270998, 0.00027761637466, 0.000134361136588, 0.000117275980301, 0.000146616599523, 0.000260225497186, 7.04825943103e-05, 3.00961910398e-05, 3.69728004443e-05, 2.77821927739e-05, 1.71551873791e-05, 2.00989288714e-05, 1.71535539266e-05, 1.52891007019e-05, 1.21492148537e-05, 1.33845069286e-05, 8.79084836924e-06, 4.05210676035e-06, 2.52673135037e-06, 2.38632401306e-06, 2.05752530746e-06, 1.35401990065e-06, 1.26511758936e-06, 9.60571128417e-07, 6.67854180847e-07, 4.75734964311e-07, 4.09005366464e-07, 3.33231980676e-07],
        "min": [3.59056902382e-17, 3.59067854253e-17, 3.59035594209e-17, 3.59014153688e-17, 3.59055909765e-17, 3.58967500701e-17, 3.5889169787e-17, 3.58931567975e-17, 3.5888537821e-17, 3.58999529134e-17, 3.58923494692e-17, 3.58896694041e-17, 3.58925347577e-17, 3.58856195278e-17, 3.59011969931e-17, 3.58924884356e-17, 3.58827839526e-17, 3.58998602692e-17, 3.58981298074e-17, 3.58947714541e-17, 3.58960949431e-17, 3.58948310111e-17, 3.58941560317e-17, 3.5896405963e-17, 3.59032252399e-17, 3.59009686912e-17, 3.58980636329e-17, 3.58888918543e-17, 3.58922005767e-17, 3.58954563596e-17, 3.58940236828e-17, 3.58968691841e-17, 3.59004657654e-17, 3.58951453397e-17, 3.58953736416e-17, 3.58976368077e-17, 3.58955820911e-17, 3.58951916618e-17, 3.5895654883e-17, 3.58966938218e-17],
        "stdev": [0.000950639660005, 0.00164341717027, 0.00112489669118, 0.000740008836146, 0.000404376332881, 0.000406239472795, 0.000270335498499, 0.000456855515949, 0.000634226307739, 0.000647792767268, 0.000735350477044, 0.000553416612092, 0.000421517324867, 0.000353538111085, 0.000185679964488, 0.000164454220794, 0.000255707302131, 0.000551891105715, 0.000129214357003, 5.94999182795e-05, 7.873881259e-05, 4.72711180919e-05, 2.43366303039e-05, 2.22675262194e-05, 2.69137726718e-05, 1.51410868057e-05, 1.26716286104e-05, 1.77469628397e-05, 1.14140684673e-05, 4.61692616227e-06, 2.77615822597e-06, 2.57017291005e-06, 2.90366097033e-06, 1.3998438817e-06, 1.20764775602e-06, 9.47528064899e-07, 6.67833660373e-07, 5.02453985973e-07, 4.79137838738e-07, 3.974539311e-07]
    },
    "melbands128": {
        "max": [0.000853118486702, 0.00564411748201, 0.0137948608026, 0.0234997496009, 0.03091551736, 0.016175834462, 0.0116771897301, 0.013394119218, 0.0166235379875, 0.00906625017524, 0.00827986281365, 0.00743486359715, 0.0062327045016, 0.0165693815798, 0.0139029417187, 0.00459826085716, 0.00330714532174, 0.0035328050144, 0.00869878567755, 0.00631261337548, 0.0118007659912, 0.00933418050408, 0.00725932745263, 0.01324015297, 0.0104912295938, 0.00838822219521, 0.0118974344805, 0.0119826449081, 0.00767325144261, 0.00808384828269, 0.00862911716104, 0.00995085015893, 0.00803238991648, 0.00345196598209, 0.0045924121514, 0.00504127237946, 0.0033710016869, 0.00463164504617, 0.0020086991135, 0.00208436371759, 0.00218076887541, 0.00524313747883, 0.00472415471449, 0.00509610539302, 0.00485909031704, 0.0112766958773, 0.00603209948167, 0.00652162265033, 0.00127110851463, 0.00177085062023, 0.00162187428214, 0.0011260692263, 0.00168919435237, 0.00237795035355, 0.0029653320089, 0.000712315028068, 0.000863258377649, 0.000384298473364, 0.000529701414052, 0.00100508297328, 0.000423154473538, 0.000293446180876, 0.000797162414528, 0.00102654646616, 0.00057868892327, 0.000323634361848, 0.000186332385056, 0.000474653264973, 0.000258164975094, 0.000190519465832, 0.000354144023731, 0.000445274519734, 0.000445224228315, 0.000444623001385, 0.000209011821426, 0.000106234780105, 3.83272927138e-05, 2.97126189253e-05, 5.003276965e-05, 2.96651342069e-05, 3.09513779939e-05, 3.19552491419e-05, 2.94350338663e-05, 7.80815389589e-05, 3.46170600096e-05, 2.52342615568e-05, 4.45164550911e-05, 1.11778417704e-05, 2.65864782705e-05, 1.81325631274e-05, 1.18864745673e-05, 1.40843549161e-05, 1.76695593836e-05, 9.60350189416e-06, 4.72589044875e-06, 4.60278124592e-06, 5.10272457177e-06, 6.22914558335e-06, 4.43987801191e-06, 7.05824140823e-06, 6.03141279498e-06, 3.55399652108e-06, 2.43269664679e-06, 6.26378869129e-06, 7.09073947291e-06, 4.28834982813e-06, 3.31140449816e-06, 2.25103804041e-06, 4.24876861871e-06, 2.68296525974e-06, 1.66596817053e-06, 1.18156287954e-06, 1.1397637536e-06, 1.11640986233e-06, 7.87160502114e-07, 1.14204290469e-07, 3.41520021152e-08, 8.50810089048e-10, 7.69516672605e-10, 7.11717185187e-10, 6.64868937683e-10, 6.21313556159e-10, 5.86881099274e-10, 5.5702809032e-10, 5.34449207112e-10, 5.15270270895e-10, 5.03923569539e-10, 4.96230667668e-10],
        "mean": [2.2709951736e-05, 0.000182354691788, 0.00067406630842, 0.000915989803616, 0.000833398778923, 0.000719231786206, 0.000559346110094, 0.000663173093926, 0.000901846564375, 0.000461792602437, 0.000372872018488, 0.000371596019249, 0.000303267413983, 0.000222735034185, 0.000340179976774, 0.000431723048678, 0.000208613302675, 0.000185013821465, 0.000360160018317, 0.000375596195227, 0.000329892267473, 0.000432955013821, 0.000381192803616, 0.0005492514465, 0.000298276572721, 0.000483026495203, 0.00090803479543, 0.000433119130321, 0.000394653121475, 0.000340065162163, 0.00032973382622, 0.000377345975721, 0.000299854786135, 0.000117376242997, 0.000309767987346, 0.000381111021852, 0.000127090956084, 0.000162733107572, 9.79739124887e-05, 6.97137365933e-05, 0.000100169294456, 0.000214859639527, 0.00016862998018, 6.6557295213e-05, 0.000218477434828, 0.000442012882559, 0.000105128870928, 7.05505881342e-05, 4.36318550783e-05, 3.38384961651e-05, 2.59283078776e-05, 2.7904561648e-05, 4.6234614274e-05, 3.74908886442e-05, 2.40062599914e-05, 3.2413900044e-05, 2.64611644525e-05, 1.32784143716e-05, 1.45989379234e-05, 2.20409147005e-05, 2.0088027668e-05, 2.11487258639e-05, 1.43133847814e-05, 1.54610097525e-05, 2.19532666961e-05, 1.69621253008e-05, 1.01930099845e-05, 1.06524121293e-05, 1.34859246828e-05, 1.19466185424e-05, 1.60257459356e-05, 1.27053790493e-05, 9.35674597713e-06, 8.79329036252e-06, 7.46490286474e-06, 3.77829746867e-06, 2.91337414637e-06, 2.51902542914e-06, 2.5893007205e-06, 2.35551601691e-06, 2.46075251198e-06, 2.39916971623e-06, 2.14380952457e-06, 2.41381599153e-06, 1.56883800173e-06, 1.23757911297e-06, 1.4150438119e-06, 1.29219131395e-06, 1.36428138831e-06, 1.13631460863e-06, 9.86604050013e-07, 9.61145701694e-07, 8.18047737994e-07, 7.00042505741e-07, 5.61944773381e-07, 4.45743694399e-07, 4.76167770103e-07, 4.91846719797e-07, 3.58026056801e-07, 4.01989694865e-07, 4.2526593802e-07, 3.08799343429e-07, 2.43602357841e-07, 2.50790748169e-07, 2.15862186792e-07, 2.32432256553e-07, 1.89377743709e-07, 1.80569813324e-07, 1.98119053607e-07, 1.6111667378e-07, 1.08576216462e-07, 8.73911574217e-08, 5.57553754277e-08, 2.42332482969e-08, 1.09810827098e-08, 5.82968606722e-09, 1.22821819382e-09, 5.98104682101e-12, 5.18588947826e-12, 5.02575715419e-12, 4.88274915292e-12, 4.76147420103e-12, 4.65585339379e-12, 4.56118649794e-12, 4.45443898781e-12, 4.33861800653e-12, 4.26703117284e-12, 4.23647271777e-12],
        "min": [3.58792965592e-17, 3.59034303807e-17, 3.59171185655e-17, 3.59099088593e-17, 3.58996088063e-17, 3.59178067798e-17, 3.58905395981e-17, 3.59067357945e-17, 3.5909458873e-17, 3.59036818436e-17, 3.58834059925e-17, 3.59253010361e-17, 3.59104514898e-17, 3.5882982476e-17, 3.59010580267e-17, 3.59129264142e-17, 3.58663693806e-17, 3.588895472e-17, 3.59119735021e-17, 3.58881837877e-17, 3.58958831848e-17, 3.58788432642e-17, 3.58917042684e-17, 3.58793263377e-17, 3.59223000249e-17, 3.58882896668e-17, 3.58985103104e-17, 3.58898447663e-17, 3.58940865485e-17, 3.58872639628e-17, 3.58921509459e-17, 3.58873731507e-17, 3.59143458561e-17, 3.58679939633e-17, 3.58792237673e-17, 3.58826979259e-17, 3.59110669121e-17, 3.58976004118e-17, 3.59086680884e-17, 3.58873433722e-17, 3.58988841961e-17, 3.58855831318e-17, 3.58663197497e-17, 3.58921807244e-17, 3.58932659854e-17, 3.59061468419e-17, 3.59039266891e-17, 3.58934678174e-17, 3.58981397335e-17, 3.58990959543e-17, 3.58881308481e-17, 3.58982356865e-17, 3.58952545276e-17, 3.58959725203e-17, 3.59009753087e-17, 3.58978353311e-17, 3.58853581387e-17, 3.58870224261e-17, 3.59042013131e-17, 3.5895357098e-17, 3.58925446839e-17, 3.58973456401e-17, 3.59049490843e-17, 3.59057928086e-17, 3.59030631125e-17, 3.58959195808e-17, 3.5905680312e-17, 3.58982025993e-17, 3.58982687737e-17, 3.58930277573e-17, 3.58918068388e-17, 3.5883065194e-17, 3.58874029292e-17, 3.58955225341e-17, 3.58980173108e-17, 3.58904668062e-17, 3.58996187325e-17, 3.58931534888e-17, 3.5894784689e-17, 3.58910094367e-17, 3.58975309286e-17, 3.5897931284e-17, 3.58996782895e-17, 3.59010017785e-17, 3.59000190879e-17, 3.58979213578e-17, 3.58915520671e-17, 3.58961181041e-17, 3.58961478826e-17, 3.58924388047e-17, 3.58995724104e-17, 3.58959328157e-17, 3.59006179666e-17, 3.589271012e-17, 3.58949765949e-17, 3.58985202366e-17, 3.58920086708e-17, 3.58963530234e-17, 3.58960056076e-17, 3.58956648091e-17, 3.58947317494e-17, 3.58990132363e-17, 3.58958037755e-17, 3.58955920172e-17, 3.5892352778e-17, 3.58935505355e-17, 3.58996948331e-17, 3.58966276474e-17, 3.58958070842e-17, 3.58945729307e-17, 3.58966309561e-17, 3.58954861381e-17, 3.58942883806e-17, 3.58932130458e-17, 3.58980603242e-17, 3.59000323228e-17, 3.58965085334e-17, 3.58924189524e-17, 3.58919358789e-17, 3.58940964747e-17, 3.58937490588e-17, 3.58964952985e-17, 3.57956024248e-17, 3.39546292535e-17, 2.47166331591e-17, 9.43804558963e-18, 1.24679796357e-18, 3.38812694226e-20],
        "stdev": [5.49395736016e-05, 0.000431612483226, 0.00146788603161, 0.00207620556466, 0.00201243790798, 0.00161314231809, 0.00124734046403, 0.00126040505711, 0.0015660058707, 0.00080821645679, 0.000584964174777, 0.000553927326109, 0.000472486426588, 0.000517540378496, 0.000569051189814, 0.00054156006081, 0.000263724010438, 0.000295862962957, 0.000587868737057, 0.000614194374066, 0.000549624033738, 0.000740468211006, 0.00070581905311, 0.00135535653681, 0.000656240677927, 0.000779943715315, 0.00149892631453, 0.000928441644646, 0.000856094935443, 0.000827053561807, 0.000739445735235, 0.000818830914795, 0.0006765134749, 0.000237511689193, 0.000504790630657, 0.000595503603108, 0.000234962120885, 0.000317370053381, 0.000196438864805, 0.000139097057399, 0.000170118029928, 0.000480545917526, 0.000419957214035, 0.000263264868408, 0.000500881287735, 0.00116526230704, 0.000357124488801, 0.000198254507268, 6.90008091624e-05, 9.77904928732e-05, 8.21711873868e-05, 7.59184695198e-05, 0.000105733794044, 0.000128790357849, 8.99119040696e-05, 5.81758904445e-05, 4.57480273326e-05, 2.6400139177e-05, 2.78792103927e-05, 4.57432215626e-05, 2.63531455857e-05, 2.97999176837e-05, 3.31894952978e-05, 4.15561298723e-05, 3.11452386086e-05, 2.33012633544e-05, 1.54014342115e-05, 1.75444874913e-05, 2.02059891308e-05, 1.89396341739e-05, 3.04031964333e-05, 2.42832647928e-05, 1.7546071831e-05, 1.6350455553e-05, 1.33645617097e-05, 5.38488802704e-06, 3.72841327589e-06, 2.90483012577e-06, 3.66801623386e-06, 3.0360472465e-06, 2.82020960185e-06, 3.05446496895e-06, 2.89980266643e-06, 4.54707196695e-06, 2.28601288654e-06, 1.54730730628e-06, 1.82618430244e-06, 1.2963782865e-06, 1.67972109466e-06, 1.33298169658e-06, 1.11806207315e-06, 1.12971144972e-06, 9.57827865022e-07, 8.22469928607e-07, 6.0578963712e-07, 5.41103418072e-07, 5.83972223467e-07, 6.42630709535e-07, 4.53775328424e-07, 5.64797574043e-07, 5.64540926007e-07, 4.09323234862e-07, 3.14918793265e-07, 3.62230110795e-07, 3.36749593544e-07, 3.49789416987e-07, 2.87620821382e-07, 2.74695452163e-07, 3.40550769806e-07, 2.84244549675e-07, 1.73997534603e-07, 1.47101403059e-07, 1.18984203823e-07, 8.96035743381e-08, 4.0973553439e-08, 1.19613634553e-08, 2.86120416249e-09, 2.12880373052e-11, 1.93653530711e-11, 1.80358714075e-11, 1.69568751401e-11, 1.59606685507e-11, 1.5171539372e-11, 1.44906430605e-11, 1.39742280247e-11, 1.35399495435e-11, 1.32786160539e-11, 1.31030368847e-11]
    },
    "mfcc": {
        "mean": [-614.818969727, 118.354850769, -24.0056228638, 5.87737321854, -15.4672269821, -0.924248814583, 1.37069451809, 1.02605700493, -5.66287469864, 4.03490877151, -3.80510091782, -3.56103134155, -4.08138799667],
        "cov": [[7028.12109375, 922.176452637, -73.951423645, 113.397171021, -135.867538452, 79.0959701538, 160.024581909, 19.9541358948, -39.719669342, 122.76701355, -5.63602256775, -49.871711731, -45.0330696106], [922.176452637, 578.69720459, 187.830963135, 145.864273071, 8.43113231659, 45.4944114685, 80.2697067261, 33.4324798584, -12.213385582, 40.5516395569, 3.35045409203, 22.5525016785, 40.2685317993], [-73.951423645, 187.830963135, 654.065734863, 291.507049561, 144.894134521, 55.1355133057, 109.486930847, 36.8417930603, 19.3515892029, -47.0659065247, 14.8249692917, 25.9763565063, 46.9447898865], [113.397171021, 145.864273071, 291.507049561, 309.584350586, 140.689422607, 61.260684967, 21.9001121521, 11.1432790756, 13.1658658981, -1.08521938324, -7.54463148117, 40.9799003601, 53.0460357666], [-135.867538452, 8.43113231659, 144.894134521, 140.689422607, 226.766403198, 66.0007247925, 2.21836471558, -27.2716255188, 42.9507141113, 18.5285186768, 11.4935817719, 22.3020610809, 49.9467086792], [79.0959701538, 45.4944114685, 55.1355133057, 61.260684967, 66.0007247925, 166.102249146, 61.4260482788, -20.3091545105, -17.7624645233, 22.5595188141, 10.2547531128, -4.67294073105, 4.97494506836], [160.024581909, 80.2697067261, 109.486930847, 21.9001121521, 2.21836471558, 61.4260482788, 168.456420898, 45.0994033813, 0.00220111664385, 29.5641479492, 16.047832489, -4.18977546692, 10.8622741699], [19.9541358948, 33.4324798584, 36.8417930603, 11.1432790756, -27.2716255188, -20.3091545105, 45.0994033813, 109.817512512, 49.0313987732, 1.89488685131, 4.48278236389, 11.0361938477, 3.36719751358], [-39.719669342, -12.213385582, 19.3515892029, 13.1658658981, 42.9507141113, -17.7624645233, 0.00220111664385, 49.0313987732, 111.310462952, 19.4214954376, 12.0297431946, 13.3357362747, 14.3959321976], [122.76701355, 40.5516395569, -47.0659065247, -1.08521938324, 18.5285186768, 22.5595188141, 29.5641479492, 1.89488685131, 19.4214954376, 101.168006897, 21.6541481018, 8.02708339691, 18.9954242706], [-5.63602256775, 3.35045409203, 14.8249692917, -7.54463148117, 11.4935817719, 10.2547531128, 16.047832489, 4.48278236389, 12.0297431946, 21.6541481018, 78.1720046997, 24.2181911469, 11.6427154541], [-49.871711731, 22.5525016785, 25.9763565063, 40.9799003601, 22.3020610809, -4.67294073105, -4.18977546692, 11.0361938477, 13.3357362747, 8.02708339691, 24.2181911469, 77.2721176147, 43.1461982727], [-45.0330696106, 40.2685317993, 46.9447898865, 53.0460357666, 49.9467086792, 4.97494506836, 10.8622741699, 3.36719751358, 14.3959321976, 18.9954242706, 11.6427154541, 43.1461982727, 85.7975921631]],
        "icov": [[0.00019836948195, -0.000337344332365, 0.000176495959749, -0.000179264228791, 0.000113072426757, 4.00653807446e-05, -0.000181820854777, 0.0001731049706, -0.000120324286399, -1.4553008441e-05, -6.36334298179e-05, 0.000133816094603, 0.000189542144653], [-0.000337344332365, 0.0028735010419, -0.00069864251418, -0.000673175905831, 0.000743293086998, -0.000277043349342, -3.36251578119e-05, -0.000591287156567, 0.000630844035186, -0.00112522882409, 0.000296665006317, -0.000183912954526, -0.000920925056562], [0.000176495959749, -0.00069864251418, 0.00396848004311, -0.00332916900516, -0.000760377326515, 0.0011101893615, -0.00287521304563, 0.000545128597878, -0.000563396431971, 0.002926152898, -0.00156128895469, 0.000974938739091, 0.000196649692953], [-0.000179264228791, -0.000673175905831, -0.00332916900516, 0.00896732136607, -0.0032253509853, -0.00184369448107, 0.00277153053321, -0.00239357771352, 0.00174237194005, -0.00132244557608, 0.00290677021258, -0.00293163140304, -0.000692942820024], [0.000113072426757, 0.000743293086998, -0.000760377326515, -0.0032253509853, 0.00987710710615, -0.00270063988864, 0.000548765994608, 0.00434379046783, -0.00506345601752, -0.000668040476739, -0.000557443301659, 0.0011252098484, -0.00320530775934], [4.00653807446e-05, -0.000277043349342, 0.0011101893615, -0.00184369448107, -0.00270063988864, 0.00953574851155, -0.00430337525904, 0.00198484328575, 0.00155909324531, -0.000309028633637, -0.00108099239878, 0.000649176945444, 0.00179672299419], [-0.000181820854777, -3.36251578119e-05, -0.00287521304563, 0.00277153053321, 0.000548765994608, -0.00430337525904, 0.0115897264332, -0.00583128537983, 0.00250778812915, -0.00367719354108, -0.000321025843732, 0.00151703378651, -0.00185437349137], [0.0001731049706, -0.000591287156567, 0.000545128597878, -0.00239357771352, 0.00434379046783, 0.00198484328575, -0.00583128537983, 0.0173202380538, -0.009093192406, 0.00206095934846, 0.000253936799709, -0.00177599932067, 0.000892795505933], [-0.000120324286399, 0.000630844035186, -0.000563396431971, 0.00174237194005, -0.00506345601752, 0.00155909324531, 0.00250778812915, -0.009093192406, 0.0157634243369, -0.00319862389006, -0.000699147349223, -0.000186445380677, 2.028182098e-05], [-1.4553008441e-05, -0.00112522882409, 0.002926152898, -0.00132244557608, -0.000668040476739, -0.000309028633637, -0.00367719354108, 0.00206095934846, -0.00319862389006, 0.014608733356, -0.00341305951588, 0.00107588432729, -0.00224702479318], [-6.36334298179e-05, 0.000296665006317, -0.00156128895469, 0.00290677021258, -0.000557443301659, -0.00108099239878, -0.000321025843732, 0.000253936799709, -0.000699147349223, -0.00341305951588, 0.0165052376688, -0.00646205246449, 0.00118519435637], [0.000133816094603, -0.000183912954526, 0.000974938739091, -0.00293163140304, 0.0011252098484, 0.000649176945444, 0.00151703378651, -0.00177599932067, -0.000186445380677, 0.00107588432729, -0.00646205246449, 0.0216680727899, -0.00960592459887], [0.000189542144653, -0.000920925056562, 0.000196649692953, -0.000692942820024, -0.00320530775934, 0.00179672299419, -0.00185437349137, 0.000892795505933, 2.028182098e-05, -0.00224702479318, 0.00118519435637, -0.00960592459887, 0.0196333024651]]
    },
    "spectral_contrast_coeffs": {
        "max": [-0.424924552441, -0.561400234699, -0.475043535233, -0.5674482584, -0.642811715603, -0.637151420116],
        "mean": [-0.709794998169, -0.759146869183, -0.718080163002, -0.753250300884, -0.778645038605, -0.744634389877],
        "min": [-0.965654015541, -0.99297451973, -0.995989322662, -0.983916938305, -0.987980902195, -0.953933179379],
        "stdev": [0.0728058367968, 0.0629070103168, 0.0701668560505, 0.0584867075086, 0.0378653667867, 0.0407518483698]
    },
    "spectral_contrast_valleys": {
        "max": [-5.09072589874, -4.93420028687, -5.1830291748, -5.37439489365, -5.9911365509, -8.82103824615],
        "mean": [-7.0840511322, -6.34518194199, -6.77215051651, -7.31625652313, -7.28214025497, -10.3496332169],
        "min": [-20.486158371, -19.8404064178, -19.9235973358, -19.8748912811, -19.2262859344, -20.7844867706],
        "stdev": [1.66761219501, 1.3722370863, 1.33058667183, 1.2594679594, 1.17319202423, 1.08967065811]
    }
},
"rhythm": {
    "beats_count": 89,
    "beats_loudness": {
        "max": 0.0830886736512,
        "mean": 0.0358503870666,
        "min": 0.00030647215317,
        "stdev": 0.0120551073924
    },
    "bpm": 129.165359497,
    "bpm_histogram_first_peak_bpm": 129,
    "bpm_histogram_first_peak_weight": 0.121621668339,
    "bpm_histogram_second_peak_bpm": 136,
    "bpm_histogram_second_peak_spread": 0.375,
    "bpm_histogram_second_peak_weight": 0.0568181835115,
    "danceability": 1.18067383766,
    "onset_rate": 3.7023255825,
    "beats_loudness_band_ratio": {
        "max": [0.777251780033, 0.548580646515, 0.571301043034, 0.596258878708, 0.462894558907, 0.275237947702],
        "mean": [0.203079774976, 0.135928362608, 0.243090167642, 0.283521145582, 0.131905242801, 0.0541938059032],
        "min": [0.000684086000547, 0.00422212062404, 0.0549066103995, 0.0237554945052, 0.016978668049, 0.00937261525542],
        "stdev": [0.148899495602, 0.104295678437, 0.130911305547, 0.152323752642, 0.125197157264, 0.0329372808337]
    },
