{
"metadata": {
    "version": {
        "essentia": "2.1-beta5",
        "essentia_git_sha": "Undefined",
        "extractor": "music 2.0"
    },
    "audio_properties": {
        "analysis": {
            "equal_loudness": 0,
            "length": 12.7477550507,
            "sample_rate": 44100,
            "start_time": 0,
            "downmix": "mix"
        },
        "bit_rate": 192000,
        "length": 179.014251709,
        "lossless": 0,
        "number_channels": 2,
        "replay_gain": -2.09861183167,
        "sample_rate": 48000,
        "codec": "mp3",
        "md5_encoded": "2d86906731e7861333d5faa6f36f238d"
    },
    "tags": {
        "file_name": "Portugal_Antes Do Adeus_Célia Lawson.mp3",
        "encoding": ["Lavf58.29.100"]
    }
},
"lowlevel": {
    "average_loudness": 0.411954939365,
    "barkbands_crest": {
        "max": 23.7968559265,
        "mean": 9.01607894897,
        "min": 2.93545484543,
        "stdev": 4.45095348358
    },
    "barkbands_flatness_db": {
        "max": 0.47348305583,
        "mean": 0.228016912937,
        "min": 0.0458951629698,
        "stdev": 0.0893245339394
    },
    "barkbands_kurtosis": {
        "max": 164.392623901,
        "mean": 9.7526550293,
        "min": -1.02958607674,
        "stdev": 15.4406814575
    },
    "barkbands_skewness": {
        "max": 9.53913402557,
        "mean": 1.3684180975,
        "min": -1.29935348034,
        "stdev": 1.67979562283
    },
    "barkbands_spread": {
        "max": 37.5403594971,
        "mean": 8.5333776474,
        "min": 0.554929554462,
        "stdev": 5.85334014893
    },
    "dissonance": {
        "max": 0.5,
        "mean": 0.467699915171,
        "min": 0.347075879574,
        "stdev": 0.0322418212891
    },
    "dynamic_complexity": 8.09278774261,
    "erbbands_crest": {
        "max": 23.5475845337,
        "mean": 8.6927614212,
        "min": 3.47674679756,
        "stdev": 3.28202581406
    },
    "erbbands_flatness_db": {
        "max": 0.352564692497,
        "mean": 0.247579708695,
        "min": 0.131278663874,
        "stdev": 0.0480386465788
    },
    "erbbands_kurtosis": {
        "max": 39.0872497559,
        "mean": 2.95215058327,
        "min": -1.54897737503,
        "stdev": 4.7412610054
    },
    "erbbands_skewness": {
        "max": 5.60981607437,
        "mean": 0.924188315868,
        "min": -1.11628186703,
        "stdev": 1.16251850128
    },
    "erbbands_spread": {
        "max": 97.4785308838,
        "mean": 20.3644981384,
        "min": 5.88966798782,
        "stdev": 13.138220787
    },
    "hfc": {
        "max": 53.3660926819,
        "mean": 7.60139656067,
        "min": 0.000107278014184,
        "stdev": 7.04207754135
    },
    "loudness_ebu128": {
        "integrated": -21.4931049347,
        "loudness_range": 15.6605758667,
        "momentary": {
            "max": -16.7183246613,
            "mean": -27.8659687042,
            "min": -57.3488616943,
            "stdev": 10.4791908264
        },
        "short_term": {
            "max": -18.4780769348,
            "mean": -26.0385131836,
            "min": -37.1200942993,
            "stdev": 5.64680814743
        }
    },
    "melbands_crest": {
        "max": 26.3343734741,
        "mean": 10.7734327316,
        "min": 3.23462700844,
        "stdev": 5.54832983017
    },
    "melbands_flatness_db": {
        "max": 0.60024446249,
        "mean": 0.259338766336,
        "min": 0.0285419542342,
        "stdev": 0.132968321443
    },
    "melbands_kurtosis": {
        "max": 200.65713501,
        "mean": 17.6656703949,
        "min": -1.25576603413,
        "stdev": 26.934961319
    },
    "melbands_skewness": {
        "max": 11.4406347275,
        "mean": 1.85991191864,
        "min": -0.926567137241,
        "stdev": 1.94274330139
    },
    "melbands_spread": {
        "max": 98.5969009399,
        "mean": 14.6995763779,
        "min": 0.498413830996,
        "stdev": 11.8104829788
    },
    "pitch_salience": {
        "max": 0.892672240734,
        "mean": 0.675236284733,
        "min": 0.205224439502,
        "stdev": 0.133840933442
    },
    "silence_rate_20dB": {
        "max": 1,
        "mean": 1,
        "min": 1,
        "stdev": 0
    },
    "silence_rate_30dB": {
        "max": 1,
        "mean": 0.916363656521,
        "min": 0,
        "stdev": 0.276841580868
    },
    "silence_rate_60dB": {
        "max": 1,
        "mean": 0.305454552174,
        "min": 0,
        "stdev": 0.460598409176
    },
    "spectral_centroid": {
        "max": 3202.40283203,
        "mean": 1098.92028809,
        "min": 144.12538147,
        "stdev": 762.913879395
    },
    "spectral_complexity": {
        "max": 36,
        "mean": 11.2454547882,
        "min": 0,
        "stdev": 8.95095920563
    },
    "spectral_decrease": {
        "max": -5.56241793077e-15,
        "mean": -7.46946593466e-09,
        "min": -5.81745389638e-08,
        "stdev": 1.04425970093e-08
    },
    "spectral_energy": {
        "max": 0.221993163228,
        "mean": 0.028880963102,
        "min": 3.07242657982e-08,
        "stdev": 0.0398595705628
    },
    "spectral_energyband_high": {
        "max": 0.00391844799742,
        "mean": 9.39930832828e-05,
        "min": 1.11943139203e-08,
        "stdev": 0.000330813723849
    },
    "spectral_energyband_low": {
        "max": 0.17994505167,
        "mean": 0.0168610122055,
        "min": 5.83200432391e-10,
        "stdev": 0.0267636273056
    },
    "spectral_energyband_middle_high": {
        "max": 0.0142447734252,
        "mean": 0.00192161020823,
        "min": 1.40877984833e-08,
        "stdev": 0.0026182231959
    },
    "spectral_energyband_middle_low": {
        "max": 0.0852507948875,
        "mean": 0.0110600963235,
        "min": 5.35526156753e-09,
        "stdev": 0.0177346020937
    },
    "spectral_entropy": {
        "max": 8.21829414368,
        "mean": 7.09948015213,
        "min": 4.95050144196,
        "stdev": 0.768835425377
    },
    "spectral_flux": {
        "max": 0.329330176115,
        "mean": 0.0549516715109,
        "min": 0.000175283392309,
        "stdev": 0.0458511300385
    },
    "spectral_kurtosis": {
        "max": 54.6224212646,
        "mean": 8.0576543808,
        "min": -0.738276720047,
        "stdev": 7.45883131027
    },
    "spectral_rms": {
        "max": 0.0147166131064,
        "mean": 0.00400413852185,
        "min": 5.47493345948e-06,
        "stdev": 0.00348474038765
    },
    "spectral_rolloff": {
        "max": 6373.828125,
        "mean": 1218.77770996,
        "min": 129.19921875,
        "stdev": 962.73046875
    },
    "spectral_skewness": {
        "max": 5.81617975235,
        "mean": 1.92516028881,
        "min": 0.179240137339,
        "stdev": 0.855433404446
    },
    "spectral_spread": {
        "max": 7285844.5,
        "mean": 2642141.5,
        "min": 1205180.875,
        "stdev": 819654.3125
    },
    "spectral_strongpeak": {
        "max": 3.8926115036,
        "mean": 0.527646005154,
        "min": 0,
        "stdev": 0.497422456741
    },
    "zerocrossingrate": {
        "max": 0.18408203125,
        "mean": 0.0462002828717,
        "min": 0.00390625,
        "stdev": 0.0320351608098
    },
    "barkbands": {
        "max": [0.0105954501778, 0.139128655195, 0.0744205415249, 0.0411549583077, 0.0460416302085, 0.0172390900552, 0.00277388794348, 0.0068275607191, 0.00334882317111, 0.00259440811351, 0.00709096668288, 0.00340828928165, 0.00301599409431, 0.00254410435446, 0.00298108090647, 0.00306620681658, 0.00220093457028, 0.00131423433777, 0.00098033179529, 0.00151251454372, 0.00187309505418, 0.0014194783289, 0.00118455977645, 0.000360900856322, 8.71510928846e-06, 1.2695187479e-06, 1.45386331951e-06],
        "mean": [0.000714814872481, 0.0111914053559, 0.00394014874473, 0.00412664096802, 0.0046378672123, 0.00110453029629, 0.00031812855741, 0.000569984607864, 0.000228280696319, 0.000231147379964, 0.000303928012727, 0.000225242532906, 0.000221994516323, 0.000231137353694, 0.00026834057644, 0.000216673244722, 0.000137033333885, 6.88760992489e-05, 3.46043198078e-05, 2.88479714072e-05, 3.12633310386e-05, 2.23467850446e-05, 1.96702803805e-05, 7.93904200691e-06, 1.30660666287e-07, 2.84125700745e-09, 3.15411674556e-09],
        "min": [1.31727198593e-11, 3.74540190529e-11, 2.48885134724e-10, 6.2609495366e-10, 1.57111323951e-09, 1.58005009077e-09, 9.4697805153e-11, 6.69639788065e-10, 6.9048800011e-10, 3.08077202638e-10, 2.21222096197e-10, 1.39770472973e-09, 9.86137060899e-10, 1.09501019363e-09, 2.0451464966e-09, 2.20689955199e-09, 8.92441287537e-10, 3.0577318455e-09, 1.61378121977e-09, 1.86951987224e-09, 1.38503186697e-09, 3.58139229384e-09, 1.47731704647e-09, 4.55410736899e-10, 1.30111380003e-10, 5.00099718581e-11, 5.84052528563e-11],
        "stdev": [0.00134710641578, 0.0186924301088, 0.00729996385053, 0.00737040163949, 0.00792141258717, 0.00276353349909, 0.000487649987917, 0.00103024824057, 0.000375694420654, 0.000311447831336, 0.000660790421534, 0.000402594218031, 0.000358399818651, 0.000371289759642, 0.000440116680693, 0.000367026223103, 0.000262900779489, 0.000147965736687, 7.02949691913e-05, 9.94697984424e-05, 0.000119911215734, 9.4213806733e-05, 7.63991411077e-05, 2.38958255068e-05, 6.38814469767e-07, 5.40681845962e-08, 6.19196498519e-08]
    },
    "erbbands": {
        "max": [3.6884958744, 31.2382106781, 84.8520889282, 111.334686279, 172.387878418, 154.081695557, 261.656158447, 118.898506165, 57.2893333435, 121.487380981, 90.1797790527, 74.3170013428, 45.2922668457, 128.441268921, 427.005981445, 85.838722229, 126.65473938, 134.970977783, 130.890563965, 171.707122803, 142.208526611, 130.500457764, 81.8278274536, 74.8095626831, 36.9578514099, 64.7788314819, 62.8571739197, 89.1390228271, 61.8772087097, 29.6905670166, 31.3224277496, 16.0287799835, 3.46427583694, 0.253238528967, 0.00876368582249, 0.00489291083068, 0.00239745061845, 0.000880324747413, 0.000221038717427, 0.000241062589339],
        "mean": [0.264245390892, 2.54823446274, 5.28938674927, 8.20007038116, 19.0720367432, 13.0229759216, 12.2838363647, 6.67342233658, 5.9416513443, 9.6332988739, 7.66271924973, 6.02894830704, 5.78699874878, 9.09705162048, 13.301071167, 9.11857509613, 10.3171100616, 11.3920536041, 13.5525979996, 13.3013858795, 11.2242946625, 7.64329719543, 4.22475290298, 2.50550436974, 1.49610471725, 1.35569787025, 1.2111941576, 1.23386502266, 0.880105674267, 0.589615821838, 0.545634269714, 0.303903996944, 0.0699749961495, 0.00537946121767, 0.000232458172832, 4.0924656787e-05, 1.65052024386e-05, 3.96712493966e-06, 1.40339507197e-05, 3.20283506881e-05],
        "min": [4.96883867385e-10, 1.40163249895e-08, 2.06842898365e-07, 1.32956063226e-06, 3.10628365696e-06, 5.66871585761e-06, 1.04934388219e-05, 1.30450780489e-05, 3.05186608784e-06, 4.85632926939e-06, 1.74484921445e-05, 1.62105334311e-05, 1.23648169392e-05, 5.63981711821e-06, 2.7499110729e-05, 5.26378062204e-05, 4.84154916194e-05, 5.7296052546e-05, 4.25573307439e-05, 0.000160719151609, 0.000102078331111, 6.07247748121e-05, 0.000157556380145, 0.000101529425592, 7.14120687917e-05, 0.000103371516161, 7.69854887039e-05, 7.22555923858e-05, 0.000141569820698, 4.73824147775e-05, 4.07477346016e-05, 2.34313865803e-05, 1.32526511152e-05, 5.58458623345e-06, 1.00936733816e-06, 4.46318296099e-07, 1.01182600076e-07, 3.70415520479e-08, 9.93952653516e-09, 7.00307645207e-10],
        "stdev": [0.455531835556, 4.31450557709, 8.5890417099, 14.7631721497, 33.5524978638, 22.831823349, 34.3192634583, 15.6917877197, 9.84675121307, 17.0893383026, 12.4037084579, 10.2085189819, 6.63923883438, 15.9658088684, 33.0239868164, 13.7484855652, 16.0624523163, 17.9011878967, 21.3682060242, 21.6982440948, 19.1742362976, 14.7775974274, 8.85391521454, 5.74787330627, 2.94593763351, 4.41720676422, 4.43276453018, 5.15502786636, 3.90284371376, 2.13607025146, 2.11146473885, 1.00375008583, 0.239352673292, 0.0202654134482, 0.000790129008237, 0.000217769309529, 0.000103116188257, 3.75899326173e-05, 2.00292870431e-05, 4.33275345131e-05]
    },
    "gfcc": {
        "mean": [-153.356399536, 147.069168091, -165.66305542, 38.2440910339, -65.2089233398, 3.53097391129, -20.2276229858, -23.9575023651, 6.99570465088, -26.016784668, 1.36875736713, -15.9715023041, -2.14650940895],
        "cov": [[12719.1748047, 1231.17993164, 937.511230469, 633.927124023, 3.82563781738, 373.412200928, 230.991027832, -140.840026855, 327.015716553, -632.757629395, 546.162658691, -307.890350342, 382.219482422], [1231.17993164, 1874.91259766, 2844.10668945, 748.28717041, 456.727722168, -14.7394981384, 276.388092041, 83.3045043945, -40.5336685181, -101.37878418, 71.5895996094, -122.786331177, -8.39370441437], [937.511230469, 2844.10668945, 5463.85595703, 1590.30578613, 625.075561523, 130.636978149, 404.925170898, 283.605621338, -149.100067139, -99.9703903198, 111.266899109, -231.595153809, -47.3052406311], [633.927124023, 748.28717041, 1590.30578613, 633.100585938, 148.985931396, 61.8530006409, 129.332778931, 69.4878768921, -40.3651885986, -44.449848175, 43.8856735229, -94.9293136597, -11.7483911514], [3.82563781738, 456.727722168, 625.075561523, 148.985931396, 316.786956787, -21.8385066986, 103.004951477, 11.4669218063, -14.9455223083, -21.9451980591, -29.5169086456, -29.9650650024, -22.5363330841], [373.412200928, -14.7394981384, 130.636978149, 61.8530006409, -21.8385066986, 141.631576538, -12.2034883499, 44.768951416, 33.5970497131, -7.75397729874, 46.5114212036, -21.7381629944, 20.8800697327], [230.991027832, 276.388092041, 404.925170898, 129.332778931, 103.004951477, -12.2034883499, 121.021812439, 18.733663559, -11.8873281479, -23.0989055634, -8.34600830078, -20.5391845703, -13.7556400299], [-140.840026855, 83.3045043945, 283.605621338, 69.4878768921, 11.4669218063, 44.768951416, 18.733663559, 105.192077637, 17.9197349548, 17.8237476349, 24.1141815186, -0.658590257168, -8.85935497284], [327.015716553, -40.5336685181, -149.100067139, -40.3651885986, -14.9455223083, 33.5970497131, -11.8873281479, 17.9197349548, 72.8103103638, 15.9065876007, 21.0492095947, -0.212206065655, 6.35743188858], [-632.757629395, -101.37878418, -99.9703903198, -44.449848175, -21.9451980591, -7.75397729874, -23.0989055634, 17.8237476349, 15.9065876007, 87.1111831665, -14.2102708817, 26.0073394775, -20.7499008179], [546.162658691, 71.5895996094, 111.266899109, 43.8856735229, -29.5169086456, 46.5114212036, -8.34600830078, 24.1141815186, 21.0492095947, -14.2102708817, 80.5461120605, 3.12820696831, 25.6530990601], [-307.890350342, -122.786331177, -231.595153809, -94.9293136597, -29.9650650024, -21.7381629944, -20.5391845703, -0.658590257168, -0.212206065655, 26.0073394775, 3.12820696831, 60.6046867371, 8.65911960602], [382.219482422, -8.39370441437, -47.3052406311, -11.7483911514, -22.5363330841, 20.8800697327, -13.7556400299, -8.85935497284, 6.35743188858, -20.7499008179, 25.6530990601, 8.65911960602, 49.571598053]],
        "icov": [[0.00040760228876, 0.000206193770282, -0.000105709026684, -6.69977525831e-05, 0.000100561257568, 0.000384153274354, -0.000977584626526, 0.0011137870606, -0.00226762192324, 0.00195353268646, -0.00202467688359, 0.00131860887632, -0.00148698338307], [0.000206193770282, 0.0091436393559, -0.00602061906829, 0.00475556775928, -0.00248345849104, 0.00654103141278, -0.00505755422637, 0.0069450228475, -0.0103173693642, 0.00435543200001, -0.00696356128901, 0.00228500971571, -0.00235554296523], [-0.000105709026684, -0.00602061906829, 0.0049678068608, -0.00507490616292, 0.000700421631336, -0.00401183916256, 0.00308037619106, -0.0059158927761, 0.00798278767616, -0.00321666477248, 0.00369513616897, -0.000736334535759, 0.000985500519164], [-6.69977525831e-05, 0.00475556775928, -0.00507490616292, 0.00965949799865, -0.000135906258947, 0.00230631395243, -0.00426743645221, 0.00470231287181, -0.00401940243319, 0.000959943165071, -0.00410336395726, 0.00422600423917, -0.000306219328195], [0.000100561257568, -0.00248345849104, 0.000700421631336, -0.000135906258947, 0.00629020389169, -0.00164874910843, -0.00186036876403, -0.000201196642593, 8.18403204903e-05, 0.000575095880777, 0.00355978286825, -0.00073820882244, 0.000959254917689], [0.000384153274354, 0.00654103141278, -0.00401183916256, 0.00230631395243, -0.00164874910843, 0.0168667845428, -0.00224231719039, 0.000941707286984, -0.0112055912614, 0.00382308289409, -0.009511356242, 0.00775896944106, -0.00684007769451], [-0.000977584626526, -0.00505755422637, 0.00308037619106, -0.00426743645221, -0.00186036876403, -0.00224231719039, 0.0193414464593, -0.00782080087811, 0.00831621605903, -0.0021449290216, 0.00968615990132, -0.00589230330661, 0.0067298328504], [0.0011137870606, 0.0069450228475, -0.0059158927761, 0.00470231287181, -0.000201196642593, 0.000941707286984, -0.00782080087811, 0.0237356573343, -0.0162375681102, 0.00590282958001, -0.0113860582933, 0.000326986220898, 2.9234928661e-05], [-0.00226762192324, -0.0103173693642, 0.00798278767616, -0.00401940243319, 8.18403204903e-05, -0.0112055912614, 0.00831621605903, -0.0162375681102, 0.0436488389969, -0.0207304023206, 0.0106793204322, -0.00207111914642, 0.00712547171861], [0.00195353268646, 0.00435543200001, -0.00321666477248, 0.000959943165071, 0.000575095880777, 0.00382308289409, -0.0021449290216, 0.00590282958001, -0.0207304023206, 0.0305348299444, -0.00672238972038, -0.0041015939787, 0.00157893868163], [-0.00202467688359, -0.00696356128901, 0.00369513616897, -0.00410336395726, 0.00355978286825, -0.009511356242, 0.00968615990132, -0.0113860582933, 0.0106793204322, -0.00672238972038, 0.0363703891635, -0.0145487925038, 0.00279969302937], [0.00131860887632, 0.00228500971571, -0.000736334535759, 0.00422600423917, -0.00073820882244, 0.00775896944106, -0.00589230330661, 0.000326986220898, -0.00207111914642, -0.0041015939787, -0.0145487925038, 0.0367055013776, -0.0149956485257], [-0.00148698338307, -0.00235554296523, 0.000985500519164, -0.000306219328195, 0.000959254917689, -0.00684007769451, 0.0067298328504, 2.9234928661e-05, 0.00712547171861, 0.00157893868163, 0.00279969302937, -0.0149956485257, 0.0382147654891]]
    },
    "melbands": {
        "max": [0.0374069660902, 0.0431330166757, 0.0200471952558, 0.0100099528208, 0.00899357534945, 0.00271552754566, 0.000774448562879, 0.00154437380843, 0.000677351665217, 0.000412525434513, 0.000246902782237, 0.000479579612147, 0.00106929079629, 0.000715417147148, 0.000226650285185, 0.000352324306732, 0.000267179886578, 0.000198246721993, 0.000181737384992, 0.000236953565036, 0.000152659602463, 0.000134031448397, 9.2554546427e-05, 7.33575652703e-05, 6.26540131634e-05, 2.03001436603e-05, 5.74015393795e-05, 3.98540687456e-05, 4.97399560118e-05, 4.51061787317e-05, 5.00035675941e-05, 4.18271047238e-05, 2.01665934583e-05, 1.55757006723e-05, 1.61798652698e-05, 1.90904193005e-05, 8.14659142634e-06, 3.04781133309e-06, 5.80564233132e-07, 6.86434304953e-08],
        "mean": [0.0026784602087, 0.00310949492268, 0.00192168843932, 0.00118353636935, 0.000433508306742, 0.000163668766618, 8.31486613606e-05, 0.000117767944175, 5.75869817112e-05, 3.44685649907e-05, 2.80673830275e-05, 3.52963543264e-05, 4.21328768425e-05, 2.98012018902e-05, 2.21327918553e-05, 2.169578147e-05, 2.11431670323e-05, 2.13666498894e-05, 2.00540143851e-05, 1.58695274877e-05, 1.25616734294e-05, 8.40481880005e-06, 4.99978477819e-06, 3.01523255075e-06, 1.95145321413e-06, 1.08525000542e-06, 1.08013330191e-06, 8.1985098177e-07, 7.5365022667e-07, 7.65056540786e-07, 6.55458450183e-07, 5.25360462689e-07, 3.70806475303e-07, 3.10769763701e-07, 2.98761506201e-07, 3.02691205434e-07, 1.50379563024e-07, 5.8196945929e-08, 1.11289786275e-08, 1.12953935094e-09],
        "min": [7.72795195891e-12, 8.91129947611e-11, 2.79385570234e-10, 3.08154335382e-10, 3.55025314702e-10, 2.84546997076e-10, 3.93789896524e-11, 7.06420894003e-11, 1.47615974999e-10, 9.65486024462e-11, 6.10048747629e-11, 2.23295670149e-11, 5.96805035946e-11, 1.54204579661e-10, 1.40609968113e-10, 7.35788513451e-11, 1.18176093911e-10, 4.86700402202e-11, 1.83179735269e-10, 1.9391883932e-10, 1.0795980776e-10, 4.8349324544e-11, 1.16837789443e-10, 1.40274999949e-10, 7.59534102279e-11, 6.03957647782e-11, 3.69490202323e-11, 7.88183268652e-11, 4.05008873661e-11, 6.19666887247e-11, 4.15693521272e-11, 1.07376017799e-10, 2.93486623892e-11, 2.28196680302e-11, 2.14281040828e-11, 2.26760572125e-11, 8.86861938054e-12, 2.89064497165e-12, 2.2216872439e-12, 1.4917407587e-12],
        "stdev": [0.00454799830914, 0.00498494645581, 0.00333421607502, 0.00202253949828, 0.00107439665589, 0.000378598779207, 0.000135410984512, 0.000215048596147, 9.14063493838e-05, 5.64929796383e-05, 3.39468242601e-05, 6.31325674476e-05, 9.30196038098e-05, 6.22834195383e-05, 3.29327667714e-05, 3.69310437236e-05, 3.3785985579e-05, 3.42257044395e-05, 3.34744909196e-05, 2.63940401055e-05, 2.2456251827e-05, 1.61130319611e-05, 1.08351214294e-05, 7.07625849827e-06, 4.66537858301e-06, 1.95206348508e-06, 3.26599138134e-06, 2.64798404714e-06, 3.13263603857e-06, 2.76783339359e-06, 2.8034423849e-06, 2.47827392741e-06, 1.4413081999e-06, 1.08434892354e-06, 1.09248469471e-06, 1.23418067233e-06, 4.9126651902e-07, 2.03395813969e-07, 4.20615151597e-08, 5.54843948564e-09]
    },
    "melbands128": {
        "max": [0.009033405222, 0.0240678656846, 0.0579475425184, 0.0573751702905, 0.0489978343248, 0.0357310026884, 0.0237248651683, 0.0282741524279, 0.0183347854763, 0.0120328254998, 0.00826059002429, 0.0105610657483, 0.0113976728171, 0.00621747318655, 0.00364492065273, 0.00184236676432, 0.00181816169061, 0.00108313979581, 0.000631615752354, 0.00149311800487, 0.00274639786221, 0.000838042236865, 0.000854892365169, 0.00123785447795, 0.000911185052246, 0.000352255068719, 0.000224277900998, 0.000288769748295, 0.000645200430881, 0.000601857551374, 0.000744171440601, 0.00128018541727, 0.000775933556724, 0.0032835372258, 0.000859041756485, 0.00025648335577, 0.000328295864165, 0.000326889479766, 0.000305704190396, 0.000303458567942, 0.000512192840688, 0.000305475579808, 0.00040995067684, 0.000349961221218, 0.000364818231901, 0.000255503429798, 0.000326394685544, 0.000270538614132, 0.000210402169614, 0.000349053967511, 0.000213350518607, 0.000180246279342, 0.000225990646868, 0.000204899421078, 0.000172026193468, 0.000159044458997, 0.000159546689247, 0.000138234492624, 8.61341322889e-05, 8.19737979327e-05, 7.92758510215e-05, 9.45002248045e-05, 9.36472933972e-05, 5.88970397075e-05, 1.83613610716e-05, 2.29181168834e-05, 1.78258324013e-05, 2.51040037256e-05, 7.77950626798e-05, 0.000103395839687, 3.07661648549e-05, 2.08992951229e-05, 9.24833730096e-05, 6.12028452451e-05, 3.4120384953e-05, 2.42663518293e-05, 6.99315787642e-05, 8.05088493507e-05, 4.76636087114e-05, 2.00455269805e-05, 4.34812172898e-05, 5.29660319444e-05, 2.83014360321e-05, 2.22368471441e-05, 1.72744057636e-05, 1.7285496142e-05, 1.40998681672e-05, 1.81532523129e-05, 1.23648824228e-05, 2.14353422052e-05, 4.6189124987e-05, 9.82932942861e-06, 4.82434188598e-06, 9.04582520889e-06, 1.20664362839e-05, 3.56293890036e-06, 1.79703897629e-06, 1.6694941678e-06, 6.48000934689e-07, 4.3825849616e-07, 1.25393853523e-07, 2.46358737854e-08, 9.36408195429e-09, 9.46943323754e-09, 9.08400021871e-09, 8.91006823878e-09, 8.73301253534e-09, 8.61385540674e-09, 8.3912308213e-09, 8.15725531567e-09, 8.00357291553e-09, 7.80921016741e-09, 7.58525064981e-09, 7.40709715785e-09, 7.19271620042e-09, 7.01401559056e-09, 6.85437617776e-09, 6.69927713304e-09, 6.5439564878e-09, 6.42606146073e-09, 6.25786711339e-09, 6.17183948393e-09, 6.08669425972e-09, 5.99448846117e-09, 5.90388227195e-09, 5.84689807681e-09, 5.80158099339e-09, 5.77894354592e-09],
        "mean": [0.000669051485602, 0.00212116120383, 0.00277817761526, 0.00509269442409, 0.00332830823027, 0.00187298108358, 0.00123785762116, 0.00264308485202, 0.00192120787688, 0.00118927098811, 0.000584772264119, 0.000467201956781, 0.000483989075292, 0.000266422284767, 0.000125190286781, 0.000133872570586, 0.000120193406474, 7.04130725353e-05, 4.10914472013e-05, 0.000106957559183, 0.000187974612345, 5.94276389165e-05, 4.28130224464e-05, 4.00932185585e-05, 5.15094106959e-05, 2.18788809434e-05, 2.19729936362e-05, 3.41365994245e-05, 2.47934694926e-05, 3.57079770765e-05, 3.8640715502e-05, 3.6118508433e-05, 3.52065944753e-05, 6.16252727923e-05, 3.01525942632e-05, 2.23734368774e-05, 2.26758475037e-05, 1.91790531971e-05, 2.51597775787e-05, 2.34258131968e-05, 2.0362502255e-05, 1.98662783077e-05, 2.07850698644e-05, 2.24936084123e-05, 2.07317207241e-05, 2.09555637412e-05, 2.26585816563e-05, 2.0471339667e-05, 1.92931147467e-05, 1.70831717696e-05, 1.58326292876e-05, 1.40771262522e-05, 1.34614938361e-05, 1.19692494991e-05, 1.00951829154e-05, 8.29509099276e-06, 6.88783620717e-06, 5.63747153137e-06, 4.46027661383e-06, 3.36485777552e-06, 3.00603710457e-06, 2.74589137916e-06, 2.29986721934e-06, 1.72926411324e-06, 1.27351859192e-06, 1.04087314412e-06, 9.89903583104e-07, 1.00494401067e-06, 1.07843209207e-06, 1.30144894683e-06, 7.12533619662e-07, 6.30499073395e-07, 7.91117884091e-07, 8.12755615698e-07, 6.62499587634e-07, 6.88954457928e-07, 8.29610144137e-07, 9.48847969084e-07, 5.49556659735e-07, 4.79471282233e-07, 5.4789410342e-07, 5.63418893762e-07, 4.24648334274e-07, 3.4556435935e-07, 3.27738860051e-07, 3.30028399276e-07, 2.86819812345e-07, 3.05273715639e-07, 2.46838197882e-07, 3.05842291937e-07, 4.8485702564e-07, 2.10870112483e-07, 1.93726648945e-07, 1.57716357307e-07, 1.29590603137e-07, 8.40611846797e-08, 3.80169957737e-08, 2.59850310158e-08, 9.55666124014e-09, 5.93393600923e-09, 1.71383174319e-09, 3.0238483939e-10, 1.02754069142e-10, 2.43111902137e-11, 2.17984762185e-11, 2.41450436034e-11, 2.26566022887e-11, 2.19265595264e-11, 1.88565586756e-11, 1.78729080147e-11, 1.75189290158e-11, 1.70836227109e-11, 1.65536993835e-11, 1.61266763832e-11, 1.56964892473e-11, 1.53118715623e-11, 1.49544508721e-11, 1.45835114818e-11, 1.42919617113e-11, 1.40125662809e-11, 1.36303425144e-11, 1.34648125982e-11, 1.32599044592e-11, 1.30113099114e-11, 1.268880747e-11, 1.23094008944e-11, 1.20795066658e-11, 1.20115575472e-11],
        "min": [5.78790921441e-12, 2.3681211072e-12, 5.85363875427e-12, 2.25735714843e-11, 6.16005579879e-11, 1.44475195696e-10, 2.60006266517e-10, 3.25750315611e-10, 3.08292752438e-10, 2.92283891534e-10, 3.17253584514e-10, 3.33293642685e-10, 3.54420603976e-10, 3.99113325722e-10, 3.58607532558e-10, 2.00252037175e-10, 5.42192159225e-11, 1.24888727832e-11, 9.36521259848e-12, 4.15714615509e-11, 1.03675797114e-10, 1.52766382877e-10, 1.6427965932e-10, 1.30666616416e-10, 1.11895596955e-10, 7.80830192171e-11, 6.53924692173e-11, 6.07194988733e-11, 6.15421116845e-11, 2.85753105206e-11, 2.43298632109e-12, 1.89251444377e-11, 3.46214931723e-11, 8.91843057738e-11, 2.13833797891e-10, 1.54955367981e-10, 9.55971343752e-11, 1.81358067453e-10, 1.16840370712e-10, 1.22044388484e-10, 5.53378419477e-11, 1.74547234305e-11, 1.32638261485e-10, 1.97323810069e-10, 3.22649823525e-11, 1.7951749462e-11, 4.98146836281e-11, 1.383777537e-10, 2.78945699872e-10, 2.69776562201e-10, 1.66756358722e-10, 1.52222082161e-10, 8.09648251221e-11, 1.46499978815e-10, 3.82387628506e-11, 2.28346577757e-11, 6.85375298182e-11, 6.76625422358e-11, 1.40657402392e-10, 1.99553207292e-10, 1.33426214521e-10, 1.01177025091e-10, 1.22744522879e-10, 1.71415069639e-11, 9.79366032716e-11, 5.92187548998e-11, 3.98109427369e-11, 6.28948212955e-11, 5.93411821417e-12, 3.69174760206e-11, 8.73769320786e-11, 3.6382334645e-11, 5.1357681996e-11, 2.80774153927e-11, 8.90120963049e-12, 1.1788627019e-10, 5.10068168258e-11, 3.00009518096e-12, 1.49733448297e-12, 4.87546114591e-11, 1.16555209928e-10, 3.86785499462e-11, 1.37563866548e-11, 7.03574828606e-12, 1.02139867744e-11, 8.52531673728e-12, 1.86787529888e-11, 7.55315341522e-12, 2.21338971457e-11, 2.26976354378e-11, 7.07608190792e-12, 1.54814217002e-11, 7.86306263156e-12, 4.05304609319e-12, 6.8155043241e-12, 3.04563557534e-12, 7.81952302388e-13, 2.05897126605e-12, 8.73982093294e-13, 2.07735109496e-12, 5.05880493745e-13, 3.4226855833e-13, 2.97795913363e-13, 3.32082831286e-13, 2.28660243951e-13, 3.31476735166e-13, 2.54231260609e-13, 3.00751827956e-13, 2.6256563113e-13, 2.61634653829e-13, 2.65026932691e-13, 2.7720601964e-13, 2.6491414856e-13, 2.79944497488e-13, 2.87828734371e-13, 1.71428369005e-13, 2.16499669754e-13, 3.0444201847e-13, 3.28753300624e-13, 3.07784830608e-13, 2.61351677062e-13, 1.91498496205e-13, 2.36445845542e-13, 1.78993891107e-13, 1.34505077974e-13, 8.48821677551e-14, 8.15438279509e-15, 3.67795178816e-16],
        "stdev": [0.0012281545205, 0.00369148282334, 0.00541523657739, 0.00851882062852, 0.00538790551946, 0.00389631045982, 0.00252137659118, 0.00477347802371, 0.00353674730286, 0.00226712110452, 0.0010772596579, 0.00113272154704, 0.00158820988145, 0.000808405166026, 0.000401879369747, 0.000284465815639, 0.000243328671786, 0.000137973358505, 6.90452143317e-05, 0.000200112059247, 0.000375753908884, 0.000104511302197, 9.40629979596e-05, 8.7432366854e-05, 0.000111512061267, 3.45408516296e-05, 3.02113130601e-05, 4.71897801617e-05, 4.52142048744e-05, 6.87316351105e-05, 8.78559076227e-05, 0.000100031662441, 7.24089768482e-05, 0.000231850586715, 8.04390801932e-05, 3.81859317713e-05, 3.83677470381e-05, 3.60880949302e-05, 4.01381876145e-05, 4.28413259215e-05, 4.54236105725e-05, 3.78612676286e-05, 3.80735837098e-05, 3.994807048e-05, 4.08767264162e-05, 3.8173962821e-05, 4.32699162047e-05, 3.91634384869e-05, 3.58212091669e-05, 3.2832409488e-05, 2.8968181141e-05, 2.50233442785e-05, 2.7118014259e-05, 2.42074656853e-05, 1.91041381186e-05, 1.75284603756e-05, 1.68092701642e-05, 1.34188312586e-05, 9.87464864011e-06, 7.70167662267e-06, 7.51400830268e-06, 7.77180775913e-06, 6.06527737546e-06, 4.37548214904e-06, 2.45110254582e-06, 2.10673761103e-06, 1.85332646652e-06, 2.05025162359e-06, 3.90128525396e-06, 6.34327443549e-06, 1.96286327991e-06, 1.49812865402e-06, 4.4230991989e-06, 3.8697785385e-06, 2.13878797695e-06, 1.94501308215e-06, 3.79548305318e-06, 4.61244508188e-06, 2.4534269869e-06, 1.73438695583e-06, 2.65694848167e-06, 3.01003296954e-06, 1.81225345841e-06, 1.34659717332e-06, 1.27234864067e-06, 1.28939950628e-06, 1.03813533769e-06, 9.95085770228e-07, 8.52631103498e-07, 1.28088913698e-06, 2.63323818217e-06, 7.53821495891e-07, 4.76341085687e-07, 5.792801403e-07, 6.14094290086e-07, 2.72432913562e-07, 1.43614357739e-07, 1.04383062194e-07, 3.95810886289e-08, 2.93748279034e-08, 9.92153736945e-09, 1.64493518806e-09, 5.46344802732e-10, 4.03994504516e-10, 3.87192194973e-10, 3.79760112246e-10, 3.72100045221e-10, 3.6724098762e-10, 3.57376989113e-10, 3.47413930957e-10, 3.40868167026e-10, 3.32589955576e-10, 3.23052612439e-10, 3.15466180956e-10, 3.06333652889e-10, 2.98722324654e-10, 2.9192351314e-10, 2.85319129434e-10, 2.78701700607e-10, 2.73681299845e-10, 2.66518779268e-10, 2.62853655508e-10, 2.5922791691e-10, 2.55303000962e-10, 2.51449583377e-10, 2.49033349498e-10, 2.47108861151e-10, 2.46145492877e-10]
    },
    "mfcc": {
        "mean": [-768.636657715, 150.93447876, -28.7055931091, 22.9768562317, -14.2124938965, 18.4005947113, -19.3840827942, 10.9076004028, -9.72483921051, 7.38012170792, -11.3106784821, 5.23286533356, -7.05647039413],
        "cov": [[12507.3291016, 188.367156982, -598.391601562, 21.8353767395, -352.858398438, 466.427185059, -408.147399902, 619.836669922, -437.097991943, 265.233306885, -519.897521973, 416.940887451, -233.908218384], [188.367156982, 1776.27929688, 1996.89233398, 957.593444824, 552.839599609, 156.883468628, 386.322052002, 171.301574707, 90.9387588501, 66.6362533569, 21.4352970123, 50.2185821533, -9.24011993408], [-598.391601562, 1996.89233398, 4117.91162109, 1576.90808105, 942.805664062, 192.7525177, 716.896118164, 231.30027771, 146.039245605, 164.19543457, 107.156341553, 75.7739715576, 4.22209596634], [21.8353767395, 957.593444824, 1576.90808105, 861.713317871, 376.55758667, 132.338790894, 312.26449585, 114.486991882, 72.4515991211, 44.6583251953, 23.640045166, 21.8682079315, -8.63486671448], [-352.858398438, 552.839599609, 942.805664062, 376.55758667, 358.201751709, 66.2654418945, 192.433898926, 57.8113212585, 60.5344581604, 48.3217735291, 41.5167922974, 14.2730426788, 3.09006381035], [466.427185059, 156.883468628, 192.7525177, 132.338790894, 66.2654418945, 116.329483032, 39.0799331665, 38.0700263977, 5.61838531494, 24.3221263885, -18.0145969391, 18.1252498627, -14.7304010391], [-408.147399902, 386.322052002, 716.896118164, 312.26449585, 192.433898926, 39.0799331665, 201.056884766, 51.8558731079, 46.9117546082, 19.0735988617, 25.2455253601, -4.42451715469, 4.6441283226], [619.836669922, 171.301574707, 231.30027771, 114.486991882, 57.8113212585, 38.0700263977, 51.8558731079, 114.959754944, -2.96298837662, 35.5015525818, -18.0446929932, 31.7911968231, -14.1527872086], [-437.097991943, 90.9387588501, 146.039245605, 72.4515991211, 60.5344581604, 5.61838531494, 46.9117546082, -2.96298837662, 74.3330764771, 11.2356033325, 31.484790802, -14.1207399368, 12.2792348862], [265.233306885, 66.6362533569, 164.19543457, 44.6583251953, 48.3217735291, 24.3221263885, 19.0735988617, 35.5015525818, 11.2356033325, 67.7541656494, 12.6580657959, 23.336812973, -1.98426985741], [-519.897521973, 21.4352970123, 107.156341553, 23.640045166, 41.5167922974, -18.0145969391, 25.2455253601, -18.0446929932, 31.484790802, 12.6580657959, 81.0888442993, -0.771200656891, 18.057510376], [416.940887451, 50.2185821533, 75.7739715576, 21.8682079315, 14.2730426788, 18.1252498627, -4.42451715469, 31.7911968231, -14.1207399368, 23.336812973, -0.771200656891, 58.0395584106, 1.40011382103], [-233.908218384, -9.24011993408, 4.22209596634, -8.63486671448, 3.09006381035, -14.7304010391, 4.6441283226, -14.1527872086, 12.2792348862, -1.98426985741, 18.057510376, 1.40011382103, 47.6126365662]],
        "icov": [[0.000316445541102, -5.66426315345e-05, 1.99196874746e-05, -0.000204972777283, 0.000260284694377, -0.000632664188743, 0.000885628047399, -0.00109032925684, 0.000789995247032, -0.000744686403777, 0.00102290639188, -0.000876364239957, 0.000284622306935], [-5.66426315345e-05, 0.00172423687764, -0.000174876229721, -0.00106550334021, -0.00115706748329, 0.000155249304953, 3.22964369843e-05, -0.000442475429736, -0.000489456171636, 0.000804704264738, 0.000320035149343, -0.000410722859669, -8.24611197459e-05], [1.99196874746e-05, -0.000174876229721, 0.00146845902782, -0.00152986811008, -0.00121823116206, 0.00100561790168, -0.00178506795783, 0.000602007901762, 0.00105039065238, -0.00162934942637, 3.795372686e-05, -0.000903371081222, 7.28686791263e-05], [-0.000204972777283, -0.00106550334021, -0.00152986811008, 0.00599257042632, 0.000824062153697, -0.00245645688847, -0.00226059067063, -2.68668918579e-05, -0.00168126088101, 0.00262815738097, -0.000827077252325, 0.00105829560198, 0.000233427985222], [0.000260284694377, -0.00115706748329, -0.00121823116206, 0.000824062153697, 0.00934775359929, -0.0024126181379, -0.00203796080314, -0.000333814765327, -0.00122146843933, -0.00193270598538, -0.000783284893259, -0.000651712529361, 0.000608807487879], [-0.000632664188743, 0.000155249304953, 0.00100561790168, -0.00245645688847, -0.0024126181379, 0.0145567003638, -0.00203604134731, 0.00228944746777, -0.00210234429687, -0.00219307444058, 0.00165554578416, -0.000989259569906, 0.00177861668635], [0.000885628047399, 3.22964369843e-05, -0.00178506795783, -0.00226059067063, -0.00203796080314, -0.00203604134731, 0.021000565961, -0.00807112082839, -0.00090733676916, 0.00161070749164, 0.00132761697751, 0.00312770484015, -0.00113408232573], [-0.00109032925684, -0.000442475429736, 0.000602007901762, -2.68668918579e-05, -0.000333814765327, 0.00228944746777, -0.00807112082839, 0.0195574350655, -0.00172834377736, -0.00391038507223, 0.00069837004412, -0.00340701383539, 0.00194812077098], [0.000789995247032, -0.000489456171636, 0.00105039065238, -0.00168126088101, -0.00122146843933, -0.00210234429687, -0.00090733676916, -0.00172834377736, 0.0233812313527, -0.00600775238127, -0.00312166311778, 0.00397571874782, -0.00282175582834], [-0.000744686403777, 0.000804704264738, -0.00162934942637, 0.00262815738097, -0.00193270598538, -0.00219307444058, 0.00161070749164, -0.00391038507223, -0.00600775238127, 0.0260072685778, -0.00630164658651, -0.00279579404742, 0.000351734575815], [0.00102290639188, 0.000320035149343, 3.795372686e-05, -0.000827077252325, -0.000783284893259, 0.00165554578416, 0.00132761697751, 0.00069837004412, -0.00312166311778, -0.00630164658651, 0.0221149977297, -0.00585006922483, -0.00209769187495], [-0.000876364239957, -0.000410722859669, -0.000903371081222, 0.00105829560198, -0.000651712529361, -0.000989259569906, 0.00312770484015, -0.00340701383539, 0.00397571874782, -0.00279579404742, -0.00585006922483, 0.0293809883296, -0.00548172928393], [0.000284622306935, -8.24611197459e-05, 7.28686791263e-05, 0.000233427985222, 0.000608807487879, 0.00177861668635, -0.00113408232573, 0.00194812077098, -0.00282175582834, 0.000351734575815, -0.00209769187495, -0.00548172928393, 0.0253205727786]]
    },
    "spectral_contrast_coeffs": {
        "max": [-0.50709939003, -0.603691518307, -0.670491695404, -0.713405132294, -0.670835852623, -0.518959462643],
        "mean": [-0.716060876846, -0.819672822952, -0.818701088428, -0.83930760622, -0.815228104591, -0.664081215858],
        "min": [-0.885941386223, -0.931394815445, -0.925308346748, -0.92094618082, -0.909966826439, -0.837660551071],
        "stdev": [0.0677238032222, 0.0602265261114, 0.0504546575248, 0.0354545712471, 0.0409027412534, 0.0541208386421]
    },
    "spectral_contrast_valleys": {
        "max": [-4.53036642075, -5.27092266083, -5.99579000473, -5.91473722458, -6.30859804153, -9.74516582489],
        "mean": [-7.91636705399, -7.27589416504, -7.89769554138, -8.12682342529, -8.77034473419, -13.2218494415],
        "min": [-13.9032926559, -13.0276298523, -13.2788705826, -12.9302949905, -13.0878419876, -15.5999040604],
        "stdev": [1.92868280411, 1.03449440002, 1.19979631901, 1.38232064247, 1.17583990097, 1.0937589407]
    }
},
"rhythm": {
    "beats_count": 35,
    "beats_loudness": {
        "max": 0.160522118211,
        "mean": 0.0378821529448,
        "min": 1.04389528133e-05,
        "stdev": 0.0492276027799
    },
    "bpm": 163.582855225,
    "bpm_histogram_first_peak_bpm": 161,
    "bpm_histogram_first_peak_weight": 0.142857134342,
    "bpm_histogram_second_peak_bpm": 167,
    "bpm_histogram_second_peak_spread": 0,
    "bpm_histogram_second_peak_weight": 0.235294118524,
    "danceability": 0.75014424324,
    "onset_rate": 2.82145690918,
    "beats_loudness_band_ratio": {
        "max": [0.911697983742, 0.568891108036, 0.46362170577, 0.707586467266, 0.564942836761, 0.0989565476775],
        "mean": [0.400891572237, 0.120377361774, 0.101004205644, 0.206168919802, 0.191017761827, 0.0216344986111],
        "min": [0.000955484400038, 0.0068175252527, 0.00318107148632, 0.000378600292606, 0.000218378132558, 0.000136831396958],
        "stdev": [0.409232020378, 0.121539771557, 0.100414484739, 0.218534529209, 0.206609770656, 0.0231394786388]
    },
    "beats_position": [0.31346938014, 0.66176867485, 0.99845802784, 1.33514738083, 1.67183673382, 2.00852608681, 2.34521532059, 2.69351458549, 3.04181408882, 3.39011335373, 3.73841261864, 4.07510185242, 4.41179132462, 4.78331041336, 5.14321994781, 5.51473903656, 5.89786815643, 6.26938772202, 6.64090681076, 7.01242637634, 7.38394546509, 7.75546455383, 8.12698364258, 8.48689365387, 8.85841274261, 9.21832180023, 9.57823085785, 9.93814086914, 10.3096599579, 10.6811790466, 11.0526981354, 11.412607193, 11.7725172043, 12.1324262619, 12.5155553818],
