{
"metadata": {
    "version": {
        "essentia": "2.1-beta5",
        "essentia_git_sha": "Undefined",
        "extractor": "music 2.0"
    },
    "audio_properties": {
        "analysis": {
            "equal_loudness": 0,
            "length": 12.7477550507,
            "sample_rate": 44100,
            "start_time": 0,
            "downmix": "mix"
        },
        "bit_rate": 192000,
        "length": 187.988769531,
        "lossless": 0,
        "number_channels": 2,
        "replay_gain": -0.00221633911133,
        "sample_rate": 48000,
        "codec": "mp3",
        "md5_encoded": "f6f4bab8ca96d6732c00e8b126bf7913"
    },
    "tags": {
        "file_name": "Estonia_Keelatud Maa_Maarja-Liis Ilus.mp3",
        "encoding": ["Lavf58.29.100"]
    }
},
"lowlevel": {
    "average_loudness": 0.568821847439,
    "barkbands_crest": {
        "max": 23.3200912476,
        "mean": 8.89772987366,
        "min": 3.56727051735,
        "stdev": 4.37398386002
    },
    "barkbands_flatness_db": {
        "max": 0.300868213177,
        "mean": 0.208315104246,
        "min": 0.106936648488,
        "stdev": 0.0365157388151
    },
    "barkbands_kurtosis": {
        "max": 12.4516887665,
        "mean": 0.948842465878,
        "min": -1.45270943642,
        "stdev": 1.83206510544
    },
    "barkbands_skewness": {
        "max": 2.59531283379,
        "mean": 0.525428831577,
        "min": -1.27015757561,
        "stdev": 0.828958570957
    },
    "barkbands_spread": {
        "max": 22.2187042236,
        "mean": 10.7521047592,
        "min": 3.21856784821,
        "stdev": 3.10981631279
    },
    "dissonance": {
        "max": 0.499999463558,
        "mean": 0.463261932135,
        "min": 0.315206050873,
        "stdev": 0.0382249616086
    },
    "dynamic_complexity": 4.57957744598,
    "erbbands_crest": {
        "max": 26.5565834045,
        "mean": 8.731549263,
        "min": 3.65995025635,
        "stdev": 3.99711251259
    },
    "erbbands_flatness_db": {
        "max": 0.365037113428,
        "mean": 0.288880884647,
        "min": 0.153813928366,
        "stdev": 0.0293171294034
    },
    "erbbands_kurtosis": {
        "max": 9.11478805542,
        "mean": 0.192073851824,
        "min": -1.46399784088,
        "stdev": 1.09469985962
    },
    "erbbands_skewness": {
        "max": 2.71942138672,
        "mean": 0.144520670176,
        "min": -1.49050188065,
        "stdev": 0.572391629219
    },
    "erbbands_spread": {
        "max": 40.2233085632,
        "mean": 17.8586387634,
        "min": 6.66587400436,
        "stdev": 6.46769714355
    },
    "hfc": {
        "max": 111.653198242,
        "mean": 14.8560400009,
        "min": 0.000233362734434,
        "stdev": 19.0828952789
    },
    "loudness_ebu128": {
        "integrated": -26.0530529022,
        "loudness_range": 7.97865486145,
        "momentary": {
            "max": -21.1420688629,
            "mean": -28.5474510193,
            "min": -41.1871795654,
            "stdev": 4.77447271347
        },
        "short_term": {
            "max": -23.0097351074,
            "mean": -28.0643367767,
            "min": -32.3195953369,
            "stdev": 3.15180420876
        }
    },
    "melbands_crest": {
        "max": 29.0295543671,
        "mean": 10.3065710068,
        "min": 3.13996148109,
        "stdev": 5.47117996216
    },
    "melbands_flatness_db": {
        "max": 0.392040193081,
        "mean": 0.20929582417,
        "min": 0.0561411529779,
        "stdev": 0.0778390541673
    },
    "melbands_kurtosis": {
        "max": 16.6631259918,
        "mean": 2.25624465942,
        "min": -1.43060839176,
        "stdev": 3.23515367508
    },
    "melbands_skewness": {
        "max": 3.43061470985,
        "mean": 0.913048684597,
        "min": -0.835099637508,
        "stdev": 0.913087248802
    },
    "melbands_spread": {
        "max": 51.6093444824,
        "mean": 20.2374343872,
        "min": 4.6861577034,
        "stdev": 7.62310600281
    },
    "pitch_salience": {
        "max": 0.885104656219,
        "mean": 0.634807825089,
        "min": 0.25287809968,
        "stdev": 0.158367007971
    },
    "silence_rate_20dB": {
        "max": 1,
        "mean": 1,
        "min": 1,
        "stdev": 0
    },
    "silence_rate_30dB": {
        "max": 1,
        "mean": 1,
        "min": 1,
        "stdev": 0
    },
    "silence_rate_60dB": {
        "max": 1,
        "mean": 0.276363641024,
        "min": 0,
        "stdev": 0.447199225426
    },
    "spectral_centroid": {
        "max": 3319.93383789,
        "mean": 1531.66467285,
        "min": 331.286804199,
        "stdev": 684.021728516
    },
    "spectral_complexity": {
        "max": 46,
        "mean": 18.190908432,
        "min": 0,
        "stdev": 12.1669540405
    },
    "spectral_decrease": {
        "max": -1.16565184425e-14,
        "mean": -2.23735074911e-09,
        "min": -1.0409372031e-08,
        "stdev": 2.07081218839e-09
    },
    "spectral_energy": {
        "max": 0.0494146943092,
        "mean": 0.00979177094996,
        "min": 6.51609752822e-08,
        "stdev": 0.00945586431772
    },
    "spectral_energyband_high": {
        "max": 0.0012171351118,
        "mean": 0.000166283309227,
        "min": 2.27580656542e-08,
        "stdev": 0.000217944238102
    },
    "spectral_energyband_low": {
        "max": 0.0109186116606,
        "mean": 0.00053909124108,
        "min": 9.91660139421e-12,
        "stdev": 0.00166266132146
    },
    "spectral_energyband_middle_high": {
        "max": 0.0446568392217,
        "mean": 0.00667792046443,
        "min": 3.96891586263e-08,
        "stdev": 0.00862205773592
    },
    "spectral_energyband_middle_low": {
        "max": 0.0165414698422,
        "mean": 0.0025335222017,
        "min": 3.08690095707e-09,
        "stdev": 0.00245546689257
    },
    "spectral_entropy": {
        "max": 8.22376918793,
        "mean": 7.19620895386,
        "min": 6.15233612061,
        "stdev": 0.550522744656
    },
    "spectral_flux": {
        "max": 0.135594397783,
        "mean": 0.0494314804673,
        "min": 0.000255266466411,
        "stdev": 0.035758446902
    },
    "spectral_kurtosis": {
        "max": 53.9914016724,
        "mean": 10.052154541,
        "min": 0.549773931503,
        "stdev": 8.76750087738
    },
    "spectral_rms": {
        "max": 0.00694330316037,
        "mean": 0.002737182891,
        "min": 7.97318534751e-06,
        "stdev": 0.00143554026727
    },
    "spectral_rolloff": {
        "max": 6093.89648438,
        "mean": 1806.55871582,
        "min": 301.46484375,
        "stdev": 808.531433105
    },
    "spectral_skewness": {
        "max": 5.41305494308,
        "mean": 1.80943071842,
        "min": 0.687444627285,
        "stdev": 0.801975548267
    },
    "spectral_spread": {
        "max": 12051909,
        "mean": 2095718.375,
        "min": 1283510.75,
        "stdev": 565782.4375
    },
    "spectral_strongpeak": {
        "max": 6.28819513321,
        "mean": 0.980693995953,
        "min": 0.000897463120054,
        "stdev": 1.00125467777
    },
    "zerocrossingrate": {
        "max": 0.169921875,
        "mean": 0.0628027319908,
        "min": 0.01318359375,
        "stdev": 0.0274409819394
    },
    "barkbands": {
        "max": [0.000228305492783, 0.0045199515298, 0.00761444121599, 0.00400547450408, 0.00415711803362, 0.00307567487471, 0.00333557859994, 0.00442207511514, 0.0141814118251, 0.00482867611572, 0.0054069776088, 0.00511089898646, 0.00584747176617, 0.00608791178092, 0.00733087072149, 0.00661559822038, 0.0159251596779, 0.0189828313887, 0.00318037439138, 0.000945663603488, 0.000668154505547, 0.000301564228721, 0.000335821066983, 0.000112725261715, 7.95121195551e-06, 2.38632742366e-06, 2.54879705608e-06],
        "mean": [3.6055171222e-06, 0.000259259220911, 0.000191325627384, 0.000148510021972, 0.000340780592524, 0.000176220550202, 0.000217323933612, 0.000292391021503, 0.00127035146579, 0.000411257438827, 0.000526161398739, 0.000666087435093, 0.000746909354348, 0.000793144688942, 0.000752257124986, 0.000630958529655, 0.00127817783505, 0.000706784601789, 0.000179357550223, 6.16016113781e-05, 6.98581570759e-05, 4.46640806331e-05, 2.01306665986e-05, 4.58382828583e-06, 6.0362836507e-08, 4.8011301601e-09, 5.12860109936e-09],
        "min": [1.27059680052e-12, 5.62770923612e-12, 3.45236426252e-12, 8.23659445769e-13, 7.38769323494e-11, 6.06994107755e-11, 5.23285859089e-10, 8.27512780521e-10, 1.24353827236e-09, 8.9922391755e-10, 1.05610409307e-09, 3.99192723322e-09, 5.47008838225e-09, 5.94118576558e-09, 4.71681715908e-09, 4.31641566934e-09, 2.55958831907e-09, 9.96681848164e-10, 8.67071392463e-09, 5.5195652493e-09, 4.97501728702e-09, 4.30630198167e-09, 2.44120812454e-09, 3.61840690744e-09, 2.19766746468e-10, 1.11483225429e-10, 1.14666401374e-10],
        "stdev": [1.03290894913e-05, 0.000809798424598, 0.000744105956983, 0.00045166403288, 0.00059381959727, 0.000337240024237, 0.000366090534953, 0.000443923345301, 0.0020163692534, 0.000595430727117, 0.000862707558554, 0.000822536938358, 0.000996623421088, 0.00106030143797, 0.00102381501347, 0.000799653527793, 0.00264519662596, 0.00162810564507, 0.000278319435893, 8.81927480805e-05, 0.000104125007056, 6.13230804447e-05, 3.06462025037e-05, 8.43921134219e-06, 3.62313869573e-07, 1.01643671258e-07, 1.08562758783e-07]
    },
    "erbbands": {
        "max": [0.0633724629879, 1.29228460789, 6.72976255417, 10.9449748993, 12.0719251633, 21.2200641632, 14.9392290115, 36.3977394104, 54.5277099609, 33.1197280884, 118.815284729, 350.254821777, 286.933746338, 174.451583862, 287.434204102, 222.463302612, 270.033233643, 298.153839111, 293.360321045, 403.616668701, 337.587127686, 1001.1161499, 1257.93676758, 323.67477417, 92.4451751709, 39.3004493713, 32.7518157959, 26.5384349823, 11.3827571869, 7.34144878387, 10.8190975189, 5.4753446579, 0.530136227608, 0.141469299793, 0.0264579784125, 0.00949936546385, 0.00442083412781, 0.00157911493443, 0.000364442064893, 7.09016967448e-05],
        "mean": [0.00343977031298, 0.0724855065346, 0.204905048013, 0.429342150688, 0.831956148148, 1.02173829079, 1.34182178974, 1.64464485645, 3.48054790497, 3.48501992226, 9.2051525116, 27.5230407715, 19.3752784729, 16.0632991791, 23.9211330414, 28.055519104, 33.8121032715, 38.6016693115, 40.0383911133, 38.1594352722, 41.7334251404, 72.6472625732, 45.9643440247, 16.4391593933, 6.34621286392, 2.93092870712, 2.69963908195, 2.61888313293, 1.72217082977, 1.05608665943, 0.50069886446, 0.190455511212, 0.03019223921, 0.0022718925029, 0.00018168616225, 4.15103058913e-05, 1.75354161911e-05, 6.77411253491e-06, 7.33440310796e-06, 1.28430747282e-05],
        "min": [1.5965315181e-10, 1.32167798927e-09, 3.41184480668e-09, 3.97380794936e-09, 1.01006083497e-08, 2.30733462558e-07, 9.55545601755e-07, 3.37995970767e-07, 4.09169615523e-06, 1.222555602e-05, 2.26993706747e-05, 2.39086766669e-05, 3.41965751431e-05, 3.72224894818e-05, 5.33856218681e-05, 0.00019310877542, 0.000244967581239, 0.000218553119339, 0.000363095430657, 0.000185780430911, 0.000239030065131, 0.000130263884785, 6.76528434269e-05, 0.000359205296263, 0.000255780643784, 0.000258110376308, 0.000221330221393, 0.000265410199063, 0.000134159054141, 5.72615026613e-05, 5.90657145949e-05, 7.38505914342e-05, 4.86060562253e-05, 6.43764269626e-06, 1.82015946848e-06, 6.45570594315e-07, 2.11635580172e-07, 9.49141707451e-08, 1.75848136053e-08, 1.35838706949e-09],
        "stdev": [0.0102389603853, 0.226668998599, 0.734309732914, 1.36139845848, 1.6706854105, 2.06243538857, 2.1107032299, 3.35477757454, 6.4415769577, 4.17320632935, 12.8718824387, 42.7343139648, 34.0002708435, 22.8209190369, 36.6508636475, 34.4630622864, 43.9574546814, 52.1989021301, 52.1523933411, 51.0173568726, 54.527923584, 151.984329224, 105.982414246, 30.7033653259, 9.15144920349, 4.09437990189, 3.79446792603, 3.91511821747, 2.43301486969, 1.42068719864, 0.826174855232, 0.365151584148, 0.0526702441275, 0.0069150691852, 0.00134419801179, 0.000406969833421, 0.000188247053302, 6.72831811244e-05, 1.68480692082e-05, 1.31054657686e-05]
    },
    "gfcc": {
        "mean": [-131.413375854, 134.090255737, -220.994064331, 16.2515087128, -62.6943664551, -8.33855247498, -18.7202663422, -22.1459636688, 7.38248538971, -27.1756420135, 0.0846911370754, -12.9968709946, -3.49120664597],
        "cov": [[5981.55957031, -2437.4128418, -2151.98193359, 301.398529053, -448.139343262, 604.212341309, 123.582824707, 178.91734314, 547.766601562, -19.2158603668, 182.980911255, 187.195648193, 118.699890137], [-2437.4128418, 2626.80297852, 2004.53625488, -144.037872314, 591.621398926, -464.65725708, 11.8093509674, -113.377304077, -344.513244629, -23.8726596832, -50.6257286072, -140.559692383, -90.8036880493], [-2151.98193359, 2004.53625488, 1762.54785156, -63.4100418091, 473.881958008, -267.112030029, -14.1063365936, -51.922794342, -298.872650146, -9.85416603088, -30.9521713257, -96.6563339233, -58.9388313293], [301.398529053, -144.037872314, -63.4100418091, 166.3125, -20.5283088684, 85.8055953979, 16.4773616791, 9.38708591461, 33.1004142761, -16.6595211029, 11.8736600876, 24.3484745026, 45.8738594055], [-448.139343262, 591.621398926, 473.881958008, -20.5283088684, 236.296035767, -57.2397880554, 5.62577438354, -8.76859855652, -66.0172271729, 11.5768909454, 14.1369304657, -0.692835390568, -22.3952465057], [604.212341309, -464.65725708, -267.112030029, 85.8055953979, -57.2397880554, 247.949645996, 17.2848529816, 29.8830680847, 77.6018295288, 15.5934476852, 41.9952583313, 40.039352417, 41.8905181885], [123.582824707, 11.8093509674, -14.1063365936, 16.4773616791, 5.62577438354, 17.2848529816, 96.1644287109, 37.0752601624, 36.8061904907, 3.8848233223, -29.6282978058, -6.45752286911, 22.5475482941], [178.91734314, -113.377304077, -51.922794342, 9.38708591461, -8.76859855652, 29.8830680847, 37.0752601624, 84.3209991455, 55.9462013245, 10.6835737228, -0.350808113813, 10.5605144501, 13.3558712006], [547.766601562, -344.513244629, -298.872650146, 33.1004142761, -66.0172271729, 77.6018295288, 36.8061904907, 55.9462013245, 136.432952881, 24.7718906403, 2.06921124458, 33.8915710449, 35.0039253235], [-19.2158603668, -23.8726596832, -9.85416603088, -16.6595211029, 11.5768909454, 15.5934476852, 3.8848233223, 10.6835737228, 24.7718906403, 66.6986312866, 31.3606052399, 6.47873401642, 1.40363192558], [182.980911255, -50.6257286072, -30.9521713257, 11.8736600876, 14.1369304657, 41.9952583313, -29.6282978058, -0.350808113813, 2.06921124458, 31.3606052399, 92.4190368652, 34.3646202087, -20.6533145905], [187.195648193, -140.559692383, -96.6563339233, 24.3484745026, -0.692835390568, 40.039352417, -6.45752286911, 10.5605144501, 33.8915710449, 6.47873401642, 34.3646202087, 68.8292312622, 17.4394435883], [118.699890137, -90.8036880493, -58.9388313293, 45.8738594055, -22.3952465057, 41.8905181885, 22.5475482941, 13.3558712006, 35.0039253235, 1.40363192558, -20.6533145905, 17.4394435883, 76.5751266479]],
        "icov": [[0.00049418018898, -7.06454957253e-05, 0.000543926726095, -0.000161610732903, -0.000384089682484, -0.00028837256832, -0.000415573740611, 1.18127218229e-05, -0.00120639509987, 0.00141745095607, -0.00153811753262, 0.000741836498491, -0.000226922929869], [-7.06454957253e-05, 0.0143740298226, -0.0136225344613, 0.00454878155142, -0.00826243404299, 0.0123644117266, -0.0101528111845, 0.0160610284656, -0.0123419975862, 0.0108325770125, -0.013678018935, 0.0114990929142, -0.00591269740835], [0.000543926726095, -0.0136225344613, 0.0155164264143, -0.00515175145119, 0.00405040895566, -0.0111816171557, 0.00946777220815, -0.016646809876, 0.0138412918895, -0.00971723813564, 0.0120013542473, -0.00873871427029, 0.0045274165459], [-0.000161610732903, 0.00454878155142, -0.00515175145119, 0.0110757527873, -0.00181615143083, 0.00181477551814, -0.00444390578195, 0.00655922107399, -0.0058492696844, 0.00836653169245, -0.00795581564307, 0.00387236056849, -0.00682255858555], [-0.000384089682484, -0.00826243404299, 0.00405040895566, -0.00181615143083, 0.0161546692252, -0.00728345150128, 0.00393683789298, -0.00808433722705, 0.00704489089549, -0.00844563171268, 0.00827581435442, -0.0117666060105, 0.00580941420048], [-0.00028837256832, 0.0123644117266, -0.0111816171557, 0.00181477551814, -0.00728345150128, 0.0175507515669, -0.0091321375221, 0.0132335266098, -0.0110899154097, 0.00884543731809, -0.0145779410377, 0.0102759888396, -0.00729997456074], [-0.000415573740611, -0.0101528111845, 0.00946777220815, -0.00444390578195, 0.00393683789298, -0.0091321375221, 0.023496741429, -0.0166626796126, 0.00802480243146, -0.0110233733431, 0.0168437808752, -0.00678518554196, 0.00331105431542], [1.18127218229e-05, 0.0160610284656, -0.016646809876, 0.00655922107399, -0.00808433722705, 0.0132335266098, -0.0166626796126, 0.037529733032, -0.0238925907761, 0.014514640905, -0.0182449501008, 0.013045815751, -0.00619471119717], [-0.00120639509987, -0.0123419975862, 0.0138412918895, -0.0058492696844, 0.00704489089549, -0.0110899154097, 0.00802480243146, -0.0238925907761, 0.0368597134948, -0.0216690022498, 0.0215493645519, -0.0175298284739, 0.00467614363879], [0.00141745095607, 0.0108325770125, -0.00971723813564, 0.00836653169245, -0.00844563171268, 0.00884543731809, -0.0110233733431, 0.014514640905, -0.0216690022498, 0.0376789048314, -0.0285773836076, 0.017315832898, -0.0108744455501], [-0.00153811753262, -0.013678018935, 0.0120013542473, -0.00795581564307, 0.00827581435442, -0.0145779410377, 0.0168437808752, -0.0182449501008, 0.0215493645519, -0.0285773836076, 0.0448320433497, -0.0258618108928, 0.017440687865], [0.000741836498491, 0.0114990929142, -0.00873871427029, 0.00387236056849, -0.0117666060105, 0.0102759888396, -0.00678518554196, 0.013045815751, -0.0175298284739, 0.017315832898, -0.0258618108928, 0.0369781665504, -0.0136012844741], [-0.000226922929869, -0.00591269740835, 0.0045274165459, -0.00682255858555, 0.00580941420048, -0.00729997456074, 0.00331105431542, -0.00619471119717, 0.00467614363879, -0.0108744455501, 0.017440687865, -0.0136012844741, 0.0256327167153]]
    },
    "melbands": {
        "max": [0.000918550475035, 0.0025418268051, 0.00172117247712, 0.00107196276076, 0.000458167400211, 0.000766991404817, 0.000745475874282, 0.000604928995017, 0.00122350128368, 0.0019701088313, 0.00144376396202, 0.00064770859899, 0.000751248036977, 0.000748128513806, 0.000613162119407, 0.000735383306164, 0.000586755864788, 0.000463788921479, 0.000574779580347, 0.000436585920397, 0.000407163257478, 0.00119525520131, 0.000931319431402, 0.00106041447725, 0.000267860013992, 0.000101095436548, 5.89682822465e-05, 2.44482980634e-05, 2.43180165853e-05, 2.10060734389e-05, 1.16139881357e-05, 7.89451132732e-06, 6.1359414758e-06, 3.6564815673e-06, 7.03429032001e-06, 5.13032091476e-06, 2.54264978139e-06, 5.03785884121e-07, 1.49304526076e-07, 1.10993347846e-07],
        "mean": [5.51152079424e-05, 0.000108426509541, 8.29428390716e-05, 7.17929433449e-05, 4.56831839983e-05, 3.86061801692e-05, 4.8768666602e-05, 4.4207139581e-05, 8.84270775714e-05, 0.000184510237887, 9.42486294662e-05, 6.28174602753e-05, 7.48347083572e-05, 7.31652253307e-05, 7.95617670519e-05, 7.3151968536e-05, 7.12675100658e-05, 6.52932430967e-05, 5.64987130929e-05, 4.38290226157e-05, 5.01762660861e-05, 7.95042215032e-05, 5.67816387047e-05, 2.97705901176e-05, 1.14381709864e-05, 5.82338043387e-06, 2.76755599771e-06, 1.66508300481e-06, 1.60269803473e-06, 1.77219203579e-06, 1.39322719406e-06, 9.9420958577e-07, 7.79742038048e-07, 5.09935716764e-07, 3.13513083938e-07, 1.7246519235e-07, 9.29665091576e-08, 2.28564065452e-08, 3.87951271108e-09, 5.44572387184e-10],
        "min": [1.60053318255e-12, 1.73142305614e-12, 7.01183468926e-13, 6.53084010482e-12, 2.99210968502e-11, 8.08651583195e-12, 7.71755576112e-11, 1.37138980727e-10, 1.9495437209e-10, 1.59413940382e-10, 1.71113859193e-10, 1.42844819306e-10, 1.38557901264e-10, 3.14306525251e-10, 8.59615545412e-10, 3.0816049712e-10, 4.46445491686e-10, 6.43243791565e-10, 3.01788261048e-10, 2.72625588771e-10, 2.89150814403e-10, 1.54364188099e-10, 5.2489138036e-11, 5.75432826389e-11, 3.28683524842e-10, 3.1138899792e-10, 7.92580168163e-11, 2.06246228429e-10, 1.69295910624e-10, 1.20855339625e-10, 1.68762490094e-10, 9.76342340309e-11, 3.74662106895e-11, 2.80345156811e-11, 3.11852418888e-11, 4.78481247679e-11, 4.45806863647e-11, 1.45986712302e-11, 8.46266719895e-12, 2.19168867083e-12],
        "stdev": [0.00016896755551, 0.000350700051058, 0.000215454259887, 0.000149190949742, 7.1248941822e-05, 7.35090870876e-05, 8.58180428622e-05, 5.9649861214e-05, 0.000137199051096, 0.000288393086521, 0.000171763138496, 9.10512899281e-05, 0.000115818627819, 0.000100885859865, 9.55500581767e-05, 0.000101493351394, 9.92150526145e-05, 8.66018745e-05, 7.75970620452e-05, 5.86578134971e-05, 6.93758411217e-05, 0.000171061881701, 0.000128618921735, 7.27963706595e-05, 2.17206488742e-05, 8.68841289048e-06, 4.44696615887e-06, 2.37753374677e-06, 2.29600618695e-06, 2.84391717287e-06, 2.04110665436e-06, 1.45096760207e-06, 1.06954678358e-06, 7.0902274274e-07, 5.29160104179e-07, 3.46827192743e-07, 1.78342446588e-07, 4.20524592926e-08, 9.30138011057e-09, 4.85014428619e-09]
    },
    "melbands128": {
        "max": [0.000136620292324, 0.000289676216198, 0.00153963780031, 0.00250634434633, 0.00287693622522, 0.00385717162862, 0.00243961298838, 0.00190007232595, 0.00130611599889, 0.00167627737392, 0.00142169534229, 0.00049146451056, 0.000671516405419, 0.00046278242371, 0.000875428202562, 0.00128852250054, 0.00108051032294, 0.00103166513145, 0.000236778127146, 0.000354154530214, 0.0011290225666, 0.00154128228314, 0.00178249925375, 0.00259008863941, 0.00399834197015, 0.00261569488794, 0.00462878216058, 0.000489612692036, 0.00175730069168, 0.000801164365839, 0.00130565208383, 0.001084443531, 0.0010576620698, 0.00186607486103, 0.00104421912692, 0.00122640200425, 0.000870565301739, 0.000893060525414, 0.000971697212663, 0.000908672693186, 0.000824233517051, 0.000796002452262, 0.000618244579528, 0.000974616676103, 0.000795125204604, 0.00061517348513, 0.000844540190883, 0.000720805313904, 0.00123271299526, 0.000696096220054, 0.000473100400995, 0.000395955139538, 0.000442225224106, 0.000651541166008, 0.00114626996219, 0.00207792571746, 0.00119699910283, 0.00130669295322, 0.00110798992682, 0.00159095891286, 0.00169579894282, 0.000449811719591, 0.000312219606712, 0.000242202018853, 0.000131536173285, 0.000133368943352, 4.98817753396e-05, 6.22390507488e-05, 7.1238297096e-05, 5.03259179823e-05, 1.82885396498e-05, 1.93216237676e-05, 1.83079791896e-05, 3.48913417838e-05, 1.83254596777e-05, 2.31081285165e-05, 3.40292099281e-05, 1.8169723262e-05, 1.14882404887e-05, 1.40273323268e-05, 9.70696146396e-06, 1.09464408524e-05, 1.09999118649e-05, 6.88174941388e-06, 8.71664906299e-06, 4.36522213931e-06, 5.20888534083e-06, 5.5182995311e-06, 1.13673713713e-05, 5.95423307459e-06, 6.48508648737e-06, 4.78933498016e-06, 3.93245909436e-06, 3.51864309778e-06, 9.85236397355e-07, 8.21707715204e-07, 4.03660834536e-07, 1.62769907774e-07, 1.67989128386e-07, 1.33728434548e-07, 1.35249749178e-07, 1.07438559382e-07, 9.00820040783e-08, 4.75967247837e-08, 1.94572606915e-08, 1.85476061176e-08, 1.77770900223e-08, 1.70344325312e-08, 1.63649183094e-08, 1.57266963896e-08, 1.50916026342e-08, 1.45569174492e-08, 1.39864289039e-08, 1.35497320031e-08, 1.30819097777e-08, 1.26393917554e-08, 1.22960654991e-08, 1.1922135279e-08, 1.15888898478e-08, 1.12730580426e-08, 1.10117817087e-08, 1.07698951979e-08, 1.05317949917e-08, 1.03399875329e-08, 1.02641042332e-08, 1.01377439776e-08, 1.004589123e-08, 9.98984184264e-09],
        "mean": [2.3573281851e-06, 7.94015613792e-06, 8.29148120829e-05, 0.000134376445203, 0.000105955943582, 9.8499142041e-05, 9.04687185539e-05, 6.73792746966e-05, 8.58552521095e-05, 9.00115919649e-05, 4.60261944681e-05, 5.03159026266e-05, 5.18781343999e-05, 3.06985530187e-05, 2.93672965199e-05, 4.14447022195e-05, 6.87060382916e-05, 5.2125469665e-05, 2.24290288315e-05, 2.92576914944e-05, 6.26537294011e-05, 6.92160974722e-05, 6.26451219432e-05, 0.000145868747495, 0.000186007891898, 0.000212485334487, 0.000162117488799, 5.31335244887e-05, 7.32966291253e-05, 6.0293070419e-05, 6.00890198257e-05, 6.59131765133e-05, 7.2238050052e-05, 8.80053485162e-05, 7.4347401096e-05, 6.69124856358e-05, 7.01414610376e-05, 9.14783813641e-05, 7.53423591959e-05, 6.95121125318e-05, 7.43915297789e-05, 7.60317998356e-05, 7.03115365468e-05, 6.70188965159e-05, 7.62420822866e-05, 6.22638108325e-05, 5.74760197196e-05, 5.71589916945e-05, 5.80260420975e-05, 4.96634384035e-05, 4.01337056246e-05, 3.93914378947e-05, 4.42883028882e-05, 4.92463623232e-05, 7.53677813918e-05, 9.17442303034e-05, 7.6058517152e-05, 6.21709259576e-05, 5.24832321389e-05, 3.92829497287e-05, 3.27052875946e-05, 1.91381986951e-05, 1.29030295284e-05, 9.44792463997e-06, 8.09043740446e-06, 6.39094059807e-06, 4.10672510043e-06, 2.9119660212e-06, 2.71376347882e-06, 2.10643065657e-06, 1.59203364092e-06, 1.47126581851e-06, 1.51954918692e-06, 1.69797817762e-06, 1.585270752e-06, 1.74838510247e-06, 1.93348546418e-06, 1.66930090018e-06, 1.34911374516e-06, 1.08313895453e-06, 9.8511145552e-07, 1.00139618553e-06, 8.83675681962e-07, 7.97332347702e-07, 6.65874438255e-07, 5.32983392532e-07, 4.96046311582e-07, 3.68859446098e-07, 3.29308107894e-07, 2.46921047165e-07, 1.94970681378e-07, 1.55567363436e-07, 1.23949817521e-07, 1.02567071281e-07, 7.21807253967e-08, 3.1404606915e-08, 1.22910082112e-08, 6.66356481105e-09, 4.35218039385e-09, 2.31729790912e-09, 6.93262280915e-10, 2.69833599909e-10, 2.17735954267e-10, 1.30134639176e-10, 6.92832805016e-11, 5.12197437241e-11, 4.12633260893e-11, 3.50332263199e-11, 3.27063862104e-11, 3.14649348243e-11, 3.02545974384e-11, 2.92053707607e-11, 2.80948944664e-11, 2.7189644633e-11, 2.62648913035e-11, 2.54176124592e-11, 2.47758896732e-11, 2.40367500209e-11, 2.34014092826e-11, 2.2766885599e-11, 2.22166469249e-11, 2.17493054816e-11, 2.13196647836e-11, 2.09112796523e-11, 2.05254424568e-11, 1.98730979589e-11, 1.94762192485e-11, 1.93375697399e-11],
        "min": [3.8925007423e-13, 1.04242265861e-12, 2.5176536203e-12, 1.94309499046e-12, 1.660114754e-12, 1.73667287148e-12, 7.90779659636e-13, 3.91337461568e-13, 4.57181710024e-13, 1.55128275676e-12, 1.06123564797e-11, 3.26669281903e-11, 4.24864726734e-11, 1.87594436513e-11, 2.13580737297e-12, 1.45336390492e-12, 2.17820067538e-11, 8.77043576653e-11, 1.5128416575e-10, 1.41562539469e-10, 1.19854515201e-10, 1.51651385893e-10, 2.48142367765e-10, 1.9238777238e-10, 9.16161868592e-11, 1.86334378482e-10, 2.16716755652e-10, 1.74997114022e-10, 1.29556934625e-10, 9.59308604775e-11, 1.88576154692e-10, 1.65786287476e-10, 6.02101424274e-11, 1.85808340936e-10, 2.49333026447e-10, 3.62507218687e-10, 3.33237049066e-10, 1.20118881508e-09, 1.01579400447e-09, 2.93435331589e-10, 2.40530234619e-10, 1.27164626051e-10, 3.03171654448e-10, 6.96131707834e-10, 7.63108187751e-10, 6.04066574539e-10, 5.74224057193e-10, 3.38788830323e-10, 1.61884325389e-10, 1.53047588491e-10, 3.71327690818e-10, 3.19534954052e-10, 1.72183489688e-10, 4.49153686466e-10, 1.56405874363e-10, 1.54897997207e-10, 9.57355306141e-11, 4.85936881012e-11, 5.32009922227e-11, 2.68125938119e-11, 9.36043048627e-11, 3.02978787892e-11, 6.56135007437e-11, 4.16665840719e-10, 8.17615863902e-10, 1.87283355491e-10, 1.81436143887e-10, 5.25746286784e-11, 3.66636755678e-11, 1.34256161743e-10, 1.22714172157e-10, 2.46004189242e-10, 1.82083084721e-10, 1.24541002511e-10, 4.91290341742e-11, 8.78739303545e-11, 1.71685457517e-10, 1.4833557993e-10, 1.50660942055e-10, 4.15564666012e-11, 7.01199515118e-11, 3.12485627652e-11, 7.51402412513e-12, 5.84294002071e-11, 4.34176757047e-11, 1.14740638865e-11, 1.64954664511e-11, 4.09629691278e-11, 1.15418421348e-11, 6.35890472223e-12, 5.40733733831e-12, 3.10293566015e-12, 1.4753391217e-11, 2.1854746745e-12, 8.3045202659e-12, 1.76391453527e-12, 2.12417366682e-12, 3.74994610017e-12, 9.04200976246e-13, 1.22658415543e-12, 1.43814083906e-12, 6.62070062402e-13, 4.90994777388e-13, 5.1838909684e-13, 4.24830851921e-13, 3.63299966282e-13, 2.81516346692e-13, 2.86596375972e-13, 4.75895527412e-13, 3.90409547139e-13, 4.13066716248e-13, 3.50996223189e-13, 4.82300505956e-13, 3.69255841182e-13, 4.35546455672e-13, 4.99541868374e-13, 4.12205669988e-13, 3.52509254425e-13, 5.13008364088e-13, 1.46488751034e-13, 4.83686712644e-13, 3.98861011493e-13, 3.0415768645e-13, 2.67369920691e-13, 3.97664431766e-13, 7.48692286553e-14, 1.72112690311e-14, 5.80836061739e-16],
        "stdev": [6.28723137197e-06, 2.35273419094e-05, 0.000258444342762, 0.000427947146818, 0.000373186339857, 0.00038210125058, 0.000313184806146, 0.000188996040379, 0.000178164133104, 0.000240194232902, 0.000120492499263, 8.26426621643e-05, 8.73906028573e-05, 6.34658426861e-05, 7.18207083992e-05, 0.000105773091491, 0.000142278062413, 0.000102948113636, 3.2077805372e-05, 4.34821522504e-05, 0.000104618935438, 0.000147985352669, 0.000141953598359, 0.000318949809298, 0.000379033008358, 0.000380066892831, 0.000512521888595, 7.99920308054e-05, 0.00016528685228, 9.61869445746e-05, 0.000125910519273, 0.00012801689445, 0.000123780439026, 0.000180438451935, 0.000115386697871, 0.000109839507786, 0.000108499581984, 0.000121353485156, 0.000113273446914, 0.000118748030218, 0.000120644137496, 0.000118911681056, 0.000109101296403, 0.000119311720482, 0.000114897826279, 9.38572993618e-05, 9.43506456679e-05, 9.0274217655e-05, 9.47665248532e-05, 8.00036577857e-05, 5.96459940425e-05, 6.15190219833e-05, 6.21817816864e-05, 8.49112839205e-05, 0.000160771669471, 0.000234503168031, 0.000173401800566, 0.000148561201058, 0.00013476672757, 0.000106156163383, 9.74573777057e-05, 4.28654821008e-05, 2.70421769528e-05, 2.03281542781e-05, 1.27805342345e-05, 1.13585192594e-05, 6.64768413117e-06, 5.19985042047e-06, 5.34129503649e-06, 3.9052088141e-06, 2.35579045693e-06, 2.45862725023e-06, 2.29064994528e-06, 2.90451089313e-06, 2.42806572714e-06, 3.13068562718e-06, 3.56358395948e-06, 2.75813249573e-06, 2.05679680221e-06, 1.69509121406e-06, 1.55116970291e-06, 1.68003884937e-06, 1.37044264648e-06, 1.17743843475e-06, 1.04051753169e-06, 8.25420727324e-07, 7.38738663131e-07, 6.2154998659e-07, 6.66964979246e-07, 4.50773995908e-07, 4.49471315278e-07, 3.36072162099e-07, 2.62814864982e-07, 2.30514402233e-07, 1.24555924685e-07, 6.63724932792e-08, 3.40013528444e-08, 1.65764397764e-08, 1.11387867818e-08, 7.13966930022e-09, 5.92707039004e-09, 4.67362903933e-09, 3.94057142472e-09, 2.20213025592e-09, 1.07347830625e-09, 8.50917059037e-10, 7.67368224519e-10, 7.25869697682e-10, 6.97053248455e-10, 6.69866773162e-10, 6.42812858498e-10, 6.20037465815e-10, 5.95736515674e-10, 5.77137060365e-10, 5.57210000363e-10, 5.38359579139e-10, 5.2373388959e-10, 5.0780618599e-10, 4.93610652352e-10, 4.80158024452e-10, 4.69030259076e-10, 4.58726751029e-10, 4.48583004076e-10, 4.40414066327e-10, 4.37191838287e-10, 4.31826657765e-10, 4.27923335655e-10, 4.25537077797e-10]
    },
    "mfcc": {
        "mean": [-734.945068359, 145.904418945, -82.9785079956, 9.62490177155, -26.1761054993, 7.61945390701, -24.0164775848, 11.4092569351, -12.0330915451, 5.14410209656, -7.74709510803, 1.72385215759, -8.44668102264],
        "cov": [[7861.64404297, -3473.57470703, -2258.5769043, -559.563781738, -779.282165527, 497.530395508, -731.753845215, 670.364379883, 8.45624637604, 262.543121338, -0.824121773243, 596.668518066, -314.591094971], [-3473.57470703, 2923.61450195, 1499.57983398, 514.379638672, 584.636535645, -281.152191162, 499.816650391, -339.438812256, -31.6290340424, -129.734771729, 5.92692947388, -255.061416626, 194.857086182], [-2258.5769043, 1499.57983398, 1069.95532227, 293.484558105, 369.784729004, -124.513076782, 322.650604248, -171.940444946, 7.12375497818, -70.6851577759, -38.9920120239, -152.880981445, 137.181167603], [-559.563781738, 514.379638672, 293.484558105, 226.343597412, 86.6855316162, -48.2332725525, 83.9667053223, -34.1703186035, 11.4321289062, 3.62598180771, -35.4193572998, -69.511138916, 42.4632072449], [-779.282165527, 584.636535645, 369.784729004, 86.6855316162, 258.564910889, -18.2272357941, 132.658981323, -56.7116203308, -25.3412055969, -69.6474914551, 10.470949173, -13.6751317978, 53.6219863892], [497.530395508, -281.152191162, -124.513076782, -48.2332725525, -18.2272357941, 159.026184082, -22.6731929779, 58.3123435974, 13.9814119339, 31.8951034546, -17.5688495636, 25.4507827759, -7.30036973953], [-731.753845215, 499.816650391, 322.650604248, 83.9667053223, 132.658981323, -22.6731929779, 169.157241821, -57.4900932312, -2.57547950745, -21.0112953186, -3.53334712982, -44.0463447571, 44.9066009521], [670.364379883, -339.438812256, -171.940444946, -34.1703186035, -56.7116203308, 58.3123435974, -57.4900932312, 141.306732178, 32.8259658813, 18.9526691437, 0.544716119766, 56.1790275574, -28.8218955994], [8.45624637604, -31.6290340424, 7.12375497818, 11.4321289062, -25.3412055969, 13.9814119339, -2.57547950745, 32.8259658813, 112.45703125, 50.2413520813, 2.5472471714, -25.9374866486, -1.7340722084], [262.543121338, -129.734771729, -70.6851577759, 3.62598180771, -69.6474914551, 31.8951034546, -21.0112953186, 18.9526691437, 50.2413520813, 103.282318115, -11.6489906311, -16.1200046539, -8.70358467102], [-0.824121773243, 5.92692947388, -38.9920120239, -35.4193572998, 10.470949173, -17.5688495636, -3.53334712982, 0.544716119766, 2.5472471714, -11.6489906311, 77.2323455811, 32.2273674011, -3.80089855194], [596.668518066, -255.061416626, -152.880981445, -69.511138916, -13.6751317978, 25.4507827759, -44.0463447571, 56.1790275574, -25.9374866486, -16.1200046539, 32.2273674011, 177.096282959, 7.34402894974], [-314.591094971, 194.857086182, 137.181167603, 42.4632072449, 53.6219863892, -7.30036973953, 44.9066009521, -28.8218955994, -1.7340722084, -8.70358467102, -3.80089855194, 7.34402894974, 78.6483459473]],
        "icov": [[0.000682437967043, -0.000151404121425, 0.000839894812088, -0.000142211894854, 0.000144851786899, -0.000731001724489, 0.000538065854926, -0.00132298027165, 0.00051774608437, -0.000987961888313, 0.000661882397253, -0.00134679698385, 0.000817823107354], [-0.000151404121425, 0.00205521285534, -0.00150488619693, -0.00175367633346, -0.00111687765457, 0.00113504682668, -0.00117884052452, 0.00163677288219, 6.88974032528e-05, 0.000242181224166, -0.00166791758966, 0.000761084433179, -0.000109449436422], [0.000839894812088, -0.00150488619693, 0.00646925112233, -0.000628666894045, -0.0024246503599, 0.00026075495407, -0.00249089673162, -0.00158441136591, -0.000889029994141, -0.00090182479471, 0.00355960917659, -0.000810758851003, -0.00120917591266], [-0.000142211894854, -0.00175367633346, -0.000628666894045, 0.00989868771285, -3.03863798763e-05, 0.00155898241792, 0.000805398216471, -0.0031215751078, 0.00047615414951, -0.00213541439734, 0.0036838571541, 0.00155235244893, -0.00210298947059], [0.000144851786899, -0.00111687765457, -0.0024246503599, -3.03863798763e-05, 0.0120119545609, -0.00395171483979, -0.00161185290199, -0.000354879361112, 0.000494697596878, 0.00485735014081, -0.00212887092493, -0.00211195042357, 0.000468678597827], [-0.000731001724489, 0.00113504682668, 0.00026075495407, 0.00155898241792, -0.00395171483979, 0.0112714860588, -0.00264849676751, -0.00152449042071, -0.000137735056342, -0.00254702591337, 0.00227524526417, 0.00228153518401, -0.00272659631446], [0.000538065854926, -0.00117884052452, -0.00249089673162, 0.000805398216471, -0.00161185290199, -0.00264849676751, 0.0162309482694, -0.000811521254946, 0.00103936216328, -0.00206431001425, -0.000453841872513, -0.000752185063902, 0.000113727008284], [-0.00132298027165, 0.00163677288219, -0.00158441136591, -0.0031215751078, -0.000354879361112, -0.00152449042071, -0.000811521254946, 0.0165452752262, -0.00586344208568, 0.00414233841002, -0.00133186520543, -0.00136429246049, 0.00212109228596], [0.00051774608437, 6.88974032528e-05, -0.000889029994141, 0.00047615414951, 0.000494697596878, -0.000137735056342, 0.00103936216328, -0.00586344208568, 0.0144997974858, -0.00730267213657, -0.00265551917255, 0.00192176050041, -0.000694638467394], [-0.000987961888313, 0.000242181224166, -0.00090182479471, -0.00213541439734, 0.00485735014081, -0.00254702591337, -0.00206431001425, 0.00414233841002, -0.00730267213657, 0.0185144282877, -0.000563334091567, 0.00173319072928, -0.000978531315923], [0.000661882397253, -0.00166791758966, 0.00355960917659, 0.0036838571541, -0.00212887092493, 0.00227524526417, -0.000453841872513, -0.00133186520543, -0.00265551917255, -0.000563334091567, 0.0192142762244, -0.00428261747584, 0.00122343876865], [-0.00134679698385, 0.000761084433179, -0.000810758851003, 0.00155235244893, -0.00211195042357, 0.00228153518401, -0.000752185063902, -0.00136429246049, 0.00192176050041, 0.00173319072928, -0.00428261747584, 0.012422204949, -0.00624831719324], [0.000817823107354, -0.000109449436422, -0.00120917591266, -0.00210298947059, 0.000468678597827, -0.00272659631446, 0.000113727008284, 0.00212109228596, -0.000694638467394, -0.000978531315923, 0.00122343876865, -0.00624831719324, 0.0201604943722]]
    },
    "spectral_contrast_coeffs": {
        "max": [-0.455717653036, -0.583681225777, -0.581706106663, -0.627199172974, -0.592544436455, -0.481984585524],
        "mean": [-0.707301855087, -0.772454559803, -0.770465493202, -0.787178218365, -0.750475108624, -0.640715181828],
        "min": [-0.877180814743, -0.918755412102, -0.943162918091, -0.93538492918, -0.876993894577, -0.932582378387],
        "stdev": [0.0799374133348, 0.0662299692631, 0.0693282335997, 0.0546047389507, 0.0510412156582, 0.0741483420134]
    },
    "spectral_contrast_valleys": {
        "max": [-5.56539058685, -5.86237430573, -5.49138832092, -5.5234041214, -6.08308362961, -9.9418964386],
        "mean": [-8.73668003082, -7.28397274017, -7.38224744797, -7.57976388931, -8.48412418365, -13.4204034805],
        "min": [-15.6990346909, -13.1817359924, -12.4833011627, -12.1421957016, -12.6354207993, -15.490322113],
        "stdev": [0.998874485493, 0.749822556973, 1.15322649479, 1.45102000237, 1.53234183788, 1.17026269436]
    }
},
"rhythm": {
    "beats_count": 35,
    "beats_loudness": {
        "max": 0.0375134944916,
        "mean": 0.0109551176429,
        "min": 0.000458659982542,
        "stdev": 0.00926129892468
    },
    "bpm": 178.2059021,
    "bpm_histogram_first_peak_bpm": 178,
    "bpm_histogram_first_peak_weight": 0,
    "bpm_histogram_second_peak_bpm": 161,
    "bpm_histogram_second_peak_spread": 0.285714268684,
    "bpm_histogram_second_peak_weight": 0.29411765933,
    "danceability": 0.807481765747,
    "onset_rate": 2.66470932961,
    "beats_loudness_band_ratio": {
        "max": [0.732854127884, 0.638775587082, 0.843177497387, 0.520661950111, 0.648467421532, 0.0842035934329],
        "mean": [0.1199856475, 0.11256724596, 0.295855998993, 0.244423434138, 0.252081155777, 0.0284581277519],
        "min": [0.000416690745624, 0.00174529966898, 0.0371632389724, 0.0359089635313, 0.00833044480532, 0.000660998746753],
        "stdev": [0.212255552411, 0.150050923228, 0.236168682575, 0.145336195827, 0.205636307597, 0.0232254192233]
    },
    "beats_position": [0.348299324512, 0.719818592072, 1.09133780003, 1.46285712719, 1.83437633514, 2.22911548615, 2.62385487556, 3.00698399544, 3.39011335373, 3.76163268089, 4.13315200806, 4.5046710968, 4.86458063126, 5.22448968887, 5.59600877762, 5.9675283432, 6.33904743195, 6.72217655182, 7.10530614853, 7.44199514389, 7.77868461609, 8.11537361145, 8.45206356049, 8.78875255585, 9.12544155121, 9.45052146912, 9.78721046448, 10.1239004135, 10.4605894089, 10.7972784042, 11.1223583221, 11.4590473175, 11.7957363129, 12.1324262619, 12.4691152573],
