{
"metadata": {
    "version": {
        "essentia": "2.1-beta5",
        "essentia_git_sha": "Undefined",
        "extractor": "music 2.0"
    },
    "audio_properties": {
        "analysis": {
            "equal_loudness": 0,
            "length": 32.4963264465,
            "sample_rate": 44100,
            "start_time": 77.7520217896,
            "downmix": "mix"
        },
        "bit_rate": 192000,
        "length": 187.292160034,
        "lossless": 0,
        "number_channels": 2,
        "replay_gain": -9.91508102417,
        "sample_rate": 48000,
        "codec": "mp3",
        "md5_encoded": "cbb44fe8f59471df47f8d8ef801faacf"
    },
    "tags": {
        "file_name": "Austria_One Step_Bettina Soriat.mp3",
        "encoding": ["Lavf58.29.100"]
    }
},
"lowlevel": {
    "average_loudness": 0.969051122665,
    "barkbands_crest": {
        "max": 21.5151176453,
        "mean": 8.5419626236,
        "min": 2.40765762329,
        "stdev": 3.53491687775
    },
    "barkbands_flatness_db": {
        "max": 0.318140625954,
        "mean": 0.164336934686,
        "min": 0.0863980948925,
        "stdev": 0.0311196148396
    },
    "barkbands_kurtosis": {
        "max": 42.7617378235,
        "mean": 1.21038413048,
        "min": -1.66019761562,
        "stdev": 2.93893647194
    },
    "barkbands_skewness": {
        "max": 5.5429854393,
        "mean": 0.702680110931,
        "min": -1.81319010258,
        "stdev": 0.87811255455
    },
    "barkbands_spread": {
        "max": 62.8279800415,
        "mean": 21.0539417267,
        "min": 2.88630366325,
        "stdev": 8.76607704163
    },
    "dissonance": {
        "max": 0.500000059605,
        "mean": 0.472697734833,
        "min": 0.31136521697,
        "stdev": 0.0214721187949
    },
    "dynamic_complexity": 2.43518567085,
    "erbbands_crest": {
        "max": 27.0024814606,
        "mean": 9.66881561279,
        "min": 2.94364523888,
        "stdev": 4.43998003006
    },
    "erbbands_flatness_db": {
        "max": 0.333660781384,
        "mean": 0.222215786576,
        "min": 0.132657185197,
        "stdev": 0.0379838496447
    },
    "erbbands_kurtosis": {
        "max": 14.819278717,
        "mean": 0.462318837643,
        "min": -1.71523237228,
        "stdev": 1.60172212124
    },
    "erbbands_skewness": {
        "max": 2.76838684082,
        "mean": 0.33355012536,
        "min": -2.00008106232,
        "stdev": 0.686779677868
    },
    "erbbands_spread": {
        "max": 99.5700378418,
        "mean": 28.5649013519,
        "min": 3.55067873001,
        "stdev": 13.7996902466
    },
    "hfc": {
        "max": 112.486289978,
        "mean": 22.1560306549,
        "min": 1.34934830666,
        "stdev": 17.8635540009
    },
    "loudness_ebu128": {
        "integrated": -13.9798374176,
        "loudness_range": 2.65232563019,
        "momentary": {
            "max": -9.82922744751,
            "mean": -14.3180580139,
            "min": -19.2123527527,
            "stdev": 1.73026323318
        },
        "short_term": {
            "max": -12.4097499847,
            "mean": -14.0136899948,
            "min": -15.8744316101,
            "stdev": 0.934081733227
        }
    },
    "melbands_crest": {
        "max": 27.4676837921,
        "mean": 11.4112672806,
        "min": 3.8921046257,
        "stdev": 4.58237886429
    },
    "melbands_flatness_db": {
        "max": 0.385872662067,
        "mean": 0.175572618842,
        "min": 0.0551924817264,
        "stdev": 0.0466238968074
    },
    "melbands_kurtosis": {
        "max": 90.4084396362,
        "mean": 4.51245069504,
        "min": -1.57853853703,
        "stdev": 7.73738908768
    },
    "melbands_skewness": {
        "max": 8.05285072327,
        "mean": 1.37285244465,
        "min": -1.4245569706,
        "stdev": 1.19093513489
    },
    "melbands_spread": {
        "max": 157.589584351,
        "mean": 29.7894687653,
        "min": 2.02603292465,
        "stdev": 15.6551923752
    },
    "pitch_salience": {
        "max": 0.875848472118,
        "mean": 0.585889160633,
        "min": 0.269177466631,
        "stdev": 0.0932753309608
    },
    "silence_rate_20dB": {
        "max": 1,
        "mean": 1,
        "min": 1,
        "stdev": 0
    },
    "silence_rate_30dB": {
        "max": 1,
        "mean": 1,
        "min": 1,
        "stdev": 0
    },
    "silence_rate_60dB": {
        "max": 1,
        "mean": 0.00142755173147,
        "min": 0,
        "stdev": 0.0377558730543
    },
    "spectral_centroid": {
        "max": 4004.13842773,
        "mean": 1523.65930176,
        "min": 397.945007324,
        "stdev": 474.938598633
    },
    "spectral_complexity": {
        "max": 49,
        "mean": 22.4825134277,
        "min": 3,
        "stdev": 8.31851100922
    },
    "spectral_decrease": {
        "max": -2.65836352931e-10,
        "mean": -5.34877520053e-09,
        "min": -2.60929695628e-08,
        "stdev": 3.62662788689e-09
    },
    "spectral_energy": {
        "max": 0.106948919594,
        "mean": 0.0221971347928,
        "min": 0.00112571718637,
        "stdev": 0.0149213839322
    },
    "spectral_energyband_high": {
        "max": 0.00754915131256,
        "mean": 0.000581381784286,
        "min": 2.59774560618e-06,
        "stdev": 0.000682776095346
    },
    "spectral_energyband_low": {
        "max": 0.06992123276,
        "mean": 0.0041363183409,
        "min": 1.81385094038e-05,
        "stdev": 0.006761925295
    },
    "spectral_energyband_middle_high": {
        "max": 0.0850642398,
        "mean": 0.00947012659162,
        "min": 0.000167692574905,
        "stdev": 0.00933283939958
    },
    "spectral_energyband_middle_low": {
        "max": 0.0627046525478,
        "mean": 0.00929718650877,
        "min": 0.000390377361327,
        "stdev": 0.00882193632424
    },
    "spectral_entropy": {
        "max": 8.30048274994,
        "mean": 7.58678436279,
        "min": 6.68092012405,
        "stdev": 0.236087962985
    },
    "spectral_flux": {
        "max": 0.279421210289,
        "mean": 0.0917779132724,
        "min": 0.0231835134327,
        "stdev": 0.0439367853105
    },
    "spectral_kurtosis": {
        "max": 18.3459815979,
        "mean": 2.88907241821,
        "min": -0.985378980637,
        "stdev": 2.48337030411
    },
    "spectral_rms": {
        "max": 0.0102147152647,
        "mean": 0.00441668136045,
        "min": 0.00104797934182,
        "stdev": 0.001465839101
    },
    "spectral_rolloff": {
        "max": 7256.68945312,
        "mean": 1634.92785645,
        "min": 129.19921875,
        "stdev": 867.033813477
    },
    "spectral_skewness": {
        "max": 3.10039281845,
        "mean": 1.07854175568,
        "min": -0.120405264199,
        "stdev": 0.335301846266
    },
    "spectral_spread": {
        "max": 12882734,
        "mean": 3126635.25,
        "min": 1700373.625,
        "stdev": 723389.1875
    },
    "spectral_strongpeak": {
        "max": 11.9100389481,
        "mean": 1.52199685574,
        "min": 0.0205684620887,
        "stdev": 1.72474682331
    },
    "zerocrossingrate": {
        "max": 0.23583984375,
        "mean": 0.0607849173248,
        "min": 0.009765625,
        "stdev": 0.0220605712384
    },
    "barkbands": {
        "max": [0.00172305013984, 0.0400161296129, 0.0371145866811, 0.0102989338338, 0.0436499081552, 0.0367610380054, 0.0277375113219, 0.0262221712619, 0.042767893523, 0.085222966969, 0.0256643481553, 0.0264322049916, 0.0272529944777, 0.0165032409132, 0.014932054095, 0.016317833215, 0.0181492082775, 0.0102997301146, 0.00961288809776, 0.00454092631117, 0.0017682997277, 0.0026091740001, 0.00351017597131, 0.000849417236168, 1.8923485186e-05, 9.95340428744e-07, 9.99001031232e-07],
        "mean": [0.000128133411636, 0.00222499785013, 0.00146975065582, 0.000568977673538, 0.00147651531734, 0.00162638281472, 0.000991515000351, 0.000697225565091, 0.00223772996105, 0.00315772602335, 0.00143056164961, 0.000828546937555, 0.000488270277856, 0.000737374182791, 0.00111896591261, 0.000876733509358, 0.000570798816625, 0.000503552320879, 0.000376095471438, 0.000250605167821, 0.000187926358194, 0.000115033115435, 9.89334657788e-05, 3.43452957168e-05, 4.32317648347e-07, 2.43571540715e-09, 2.23664931021e-09],
        "min": [9.75503198219e-08, 3.60212334272e-06, 6.742039659e-06, 2.35805168813e-06, 3.48909015884e-05, 2.99162056763e-05, 1.62890864885e-05, 3.80462051908e-06, 1.20581589726e-05, 9.10266953724e-06, 3.64873403669e-06, 2.85568557956e-06, 2.85961709778e-06, 3.62478800753e-07, 1.08275826278e-05, 3.26095664605e-06, 5.67822871744e-06, 1.11828139779e-05, 1.42439353112e-06, 1.24289408632e-06, 8.65447702836e-07, 5.5524381537e-08, 2.11440891462e-07, 7.57543627827e-09, 1.36854166888e-10, 1.36042522733e-11, 1.51691714745e-11],
        "stdev": [0.000180330229341, 0.00389371882193, 0.00294818775728, 0.000941315549426, 0.00340752140619, 0.00269423681311, 0.00189574284013, 0.00145942997187, 0.00443909224123, 0.00602803844959, 0.00235852925107, 0.00160448579118, 0.001030181651, 0.00119815336075, 0.00199099164456, 0.00160021602642, 0.00151473097503, 0.00104796187952, 0.000748514314182, 0.00033969458309, 0.000216050728341, 0.000201560134883, 0.000216175511014, 6.29266651231e-05, 1.0779127706e-06, 3.79000724138e-08, 3.80840177172e-08]
    },
    "erbbands": {
        "max": [0.926811695099, 10.4196748734, 40.4693145752, 35.246295929, 92.0186004639, 165.577758789, 281.129974365, 415.553436279, 385.753662109, 325.4637146, 526.835021973, 1100.99572754, 2960.00927734, 1273.95581055, 638.007385254, 1063.06994629, 1113.66870117, 828.363830566, 737.747619629, 868.99786377, 650.943115234, 1199.27380371, 634.965698242, 565.031188965, 431.995727539, 234.777572632, 107.917015076, 53.9528388977, 105.152839661, 129.44152832, 100.96572876, 35.1764984131, 6.0665678978, 0.491358041763, 0.0158084500581, 0.00420363713056, 0.00185807025991, 0.000644820509478, 0.000172199434019, 0.000126156781334],
        "mean": [0.0570059716702, 0.51806896925, 1.60456061363, 2.01677942276, 3.31851005554, 5.53768634796, 7.44348335266, 15.0519456863, 15.606546402, 13.1588888168, 19.3285446167, 48.5068969727, 114.473220825, 52.6338768005, 57.3283691406, 34.5848083496, 23.5430278778, 34.1247444153, 46.7785224915, 70.270362854, 36.7814826965, 32.3634719849, 27.6803474426, 25.9373626709, 13.6880292892, 11.662191391, 10.1468849182, 5.67355966568, 4.1373167038, 3.68725633621, 2.67285299301, 1.37004458904, 0.233116179705, 0.0178385544568, 0.000740660820156, 9.25951171666e-05, 2.7365556889e-05, 8.9554268925e-06, 1.40837628351e-05, 2.74195772363e-05],
        "min": [6.12518997514e-05, 0.00104724557605, 0.00725134136155, 0.0094182016328, 0.0606935173273, 0.128906443715, 0.169375255704, 0.265693813562, 0.291342705488, 0.279779195786, 0.352088063955, 0.423826038837, 0.386247575283, 0.391253232956, 0.257209062576, 0.155561119318, 0.152807027102, 0.0446365661919, 0.425023466349, 0.554249465466, 0.490948408842, 0.363298565149, 0.650802016258, 0.258052289486, 0.100999884307, 0.0563440620899, 0.0524950437248, 0.0195734594017, 0.00331851979718, 0.00524365715683, 0.00464014429599, 0.000651333772112, 7.99151166575e-05, 1.30079624796e-05, 6.48643936074e-06, 3.97000212615e-06, 1.92916718333e-06, 4.9976642913e-07, 1.41305235957e-06, 2.92339973385e-06],
        "stdev": [0.0917483642697, 0.985033392906, 3.17206120491, 3.47091460228, 7.7528591156, 12.7250909805, 13.2990274429, 27.6235313416, 29.4600715637, 25.1103782654, 42.946018219, 89.3432006836, 206.468292236, 105.768302917, 83.3600463867, 63.9884262085, 45.2921447754, 53.901763916, 71.0982437134, 126.69228363, 55.5098419189, 91.1942596436, 57.4934768677, 44.2139930725, 29.9622421265, 15.8846712112, 12.4742269516, 6.39466428757, 6.99315023422, 8.39523506165, 5.32100868225, 2.35887408257, 0.456589251757, 0.0378748998046, 0.00139232364018, 0.000194854816073, 7.3330309533e-05, 2.5228047889e-05, 1.06926818262e-05, 1.82231542567e-05]
    },
    "gfcc": {
        "mean": [-27.8011417389, 146.26701355, -182.546844482, 56.5468635559, -68.1394348145, 10.2723770142, -13.2288808823, -14.8867435455, 9.86218452454, -26.7888469696, 5.43934822083, -14.3792934418, 5.27724742889],
        "cov": [[1419.01635742, -470.32901001, -278.704772949, 0.59353518486, -156.352890015, 70.3853607178, -63.718421936, 34.0253067017, -85.0891647339, -32.9545326233, -11.2838077545, -36.637878418, 18.5432987213], [-470.32901001, 491.10144043, 125.035308838, -34.4467926025, 190.716949463, -117.99836731, 105.781280518, -46.3477745056, 46.48777771, 4.33802747726, 1.91498112679, -1.09266543388, -24.7691822052], [-278.704772949, 125.035308838, 458.106842041, 183.272964478, -76.5919342041, 36.3784103394, -80.8140716553, 16.7360191345, 37.0478630066, 32.8819847107, 53.216884613, -11.2563171387, -70.8167266846], [0.59353518486, -34.4467926025, 183.272964478, 237.37651062, -2.00303602219, -3.07566642761, -84.0929336548, 10.5564603806, 27.0756664276, 19.1219024658, 28.6759490967, 3.30870008469, -42.2596969604], [-156.352890015, 190.716949463, -76.5919342041, -2.00303602219, 276.452697754, -20.9950408936, 92.2506942749, -18.4948825836, 15.1574344635, -10.901432991, -35.097366333, 9.76568126678, 17.0138320923], [70.3853607178, -117.99836731, 36.3784103394, -3.07566642761, -20.9950408936, 217.030609131, 28.4867782593, 10.4584321976, -30.3529682159, -17.6134815216, 2.27468824387, -13.2553405762, 15.5947113037], [-63.718421936, 105.781280518, -80.8140716553, -84.0929336548, 92.2506942749, 28.4867782593, 170.822128296, 10.7688875198, -4.64036226273, -18.219083786, -35.4377403259, -1.70878875256, 21.8722705841], [34.0253067017, -46.3477745056, 16.7360191345, 10.5564603806, -18.4948825836, 10.4584321976, 10.7688875198, 91.9221801758, 31.3781890869, -3.14874410629, -3.87558221817, -14.906955719, 3.19741559029], [-85.0891647339, 46.48777771, 37.0478630066, 27.0756664276, 15.1574344635, -30.3529682159, -4.64036226273, 31.3781890869, 74.5541687012, 27.0522594452, -2.45666217804, -1.81088018417, -11.525267601], [-32.9545326233, 4.33802747726, 32.8819847107, 19.1219024658, -10.901432991, -17.6134815216, -18.219083786, -3.14874410629, 27.0522594452, 69.1707839966, 39.6176605225, 3.54189729691, -17.708738327], [-11.2838077545, 1.91498112679, 53.216884613, 28.6759490967, -35.097366333, 2.27468824387, -35.4377403259, -3.87558221817, -2.45666217804, 39.6176605225, 93.1324462891, 22.0903053284, -26.9182624817], [-36.637878418, -1.09266543388, -11.2563171387, 3.30870008469, 9.76568126678, -13.2553405762, -1.70878875256, -14.906955719, -1.81088018417, 3.54189729691, 22.0903053284, 55.4726524353, 16.0973339081], [18.5432987213, -24.7691822052, -70.8167266846, -42.2596969604, 17.0138320923, 15.5947113037, 21.8722705841, 3.19741559029, -11.525267601, -17.708738327, -26.9182624817, 16.0973339081, 81.8204650879]],
        "icov": [[0.00122176622972, 0.000928547175135, 0.000705532438587, -0.000530278251972, 0.000208136712899, 0.000223355440539, -0.00024830174516, -1.92373718164e-05, 0.000571924960241, 0.000410322652897, -0.000555107777473, 0.00119608012028, 7.3668481491e-05], [0.000928547175135, 0.0157991405576, -0.00979048758745, 0.0071808481589, -0.00902687292546, 0.0101284459233, -0.00914579629898, 0.0120131773874, -0.0108594959602, 0.0110555831343, -0.0117684677243, 0.0100355744362, -0.00325355632231], [0.000705532438587, -0.00979048758745, 0.0112949227914, -0.00803427584469, 0.00736526120454, -0.00751576246694, 0.00573793053627, -0.00773593550548, 0.00638612080365, -0.00676342705265, 0.00640772376209, -0.00493131857365, 0.00368590280414], [-0.000530278251972, 0.0071808481589, -0.00803427584469, 0.0119119388983, -0.00670873653144, 0.00453344173729, -0.000614044605754, 0.00447019329295, -0.00597275327891, 0.00492890318856, -0.00466187112033, 0.00216279993765, 0.000279319414403], [0.000208136712899, -0.00902687292546, 0.00736526120454, -0.00670873653144, 0.0111075583845, -0.00554298982024, 0.00185463868547, -0.00498935673386, 0.00472218217328, -0.00566440122202, 0.00712714344263, -0.00544696906582, 0.00143143639434], [0.000223355440539, 0.0101284459233, -0.00751576246694, 0.00453344173729, -0.00554298982024, 0.0123140802607, -0.00756069086492, 0.00735090719536, -0.00503826746717, 0.00800403766334, -0.00895761977881, 0.00831352826208, -0.004168454092], [-0.00024830174516, -0.00914579629898, 0.00573793053627, -0.000614044605754, 0.00185463868547, -0.00756069086492, 0.0156340990216, -0.00994711648673, 0.0078214276582, -0.00737694883719, 0.00958170555532, -0.00752618955448, 0.00333961308934], [-1.92373718164e-05, 0.0120131773874, -0.00773593550548, 0.00447019329295, -0.00498935673386, 0.00735090719536, -0.00994711648673, 0.025956671685, -0.0190586000681, 0.0142372138798, -0.0134447375312, 0.0132854962721, -0.00610469700769], [0.000571924960241, -0.0108594959602, 0.00638612080365, -0.00597275327891, 0.00472218217328, -0.00503826746717, 0.0078214276582, -0.0190586000681, 0.0338455140591, -0.0203756317496, 0.0162666514516, -0.0107632176951, 0.00548427598551], [0.000410322652897, 0.0110555831343, -0.00676342705265, 0.00492890318856, -0.00566440122202, 0.00800403766334, -0.00737694883719, 0.0142372138798, -0.0203756317496, 0.0343450605869, -0.021542456001, 0.0121853183955, -0.00390762230381], [-0.000555107777473, -0.0117684677243, 0.00640772376209, -0.00466187112033, 0.00712714344263, -0.00895761977881, 0.00958170555532, -0.0134447375312, 0.0162666514516, -0.021542456001, 0.0316441133618, -0.0192475896329, 0.0097168404609], [0.00119608012028, 0.0100355744362, -0.00493131857365, 0.00216279993765, -0.00544696906582, 0.00831352826208, -0.00752618955448, 0.0132854962721, -0.0107632176951, 0.0121853183955, -0.0192475896329, 0.0339647382498, -0.0112365558743], [7.3668481491e-05, -0.00325355632231, 0.00368590280414, 0.000279319414403, 0.00143143639434, -0.004168454092, 0.00333961308934, -0.00610469700769, 0.00548427598551, -0.00390762230381, 0.0097168404609, -0.0112365558743, 0.0197315830737]]
    },
    "melbands": {
        "max": [0.00926772691309, 0.0174730923027, 0.00648696906865, 0.011300554499, 0.00749597605318, 0.00828852690756, 0.00570642156526, 0.00449585262686, 0.00653326464817, 0.00752321910113, 0.0152178667486, 0.00504960725084, 0.00242706737481, 0.00184602465015, 0.0035878426861, 0.00110962905455, 0.00185019278433, 0.00101695524063, 0.00155943376012, 0.00162445160095, 0.000831088924315, 0.00145069241989, 0.000963158381637, 0.000772855244577, 0.000552901241463, 0.000590725278016, 0.000131231194246, 0.000158067414304, 0.000101393983641, 5.85634079471e-05, 3.43364881701e-05, 4.10176326113e-05, 8.11519057606e-05, 8.38508422021e-05, 6.23117521172e-05, 3.91659123125e-05, 1.39645626405e-05, 6.17498153588e-06, 9.73589067144e-07, 2.16976928868e-07],
        "mean": [0.00056027591927, 0.000792356324382, 0.000375168310711, 0.0003483115579, 0.000246191397309, 0.000333723932272, 0.000227964934311, 0.000140579766594, 0.000174491040525, 0.000332867261022, 0.000580442312639, 0.000213646126213, 0.000192841878743, 0.00010536849004, 7.31482505216e-05, 4.86124154122e-05, 6.62962629576e-05, 7.17948350939e-05, 8.74804100022e-05, 8.61600710778e-05, 3.40766455338e-05, 3.55990523531e-05, 2.34425915551e-05, 2.61788063654e-05, 2.0777408281e-05, 1.22527162603e-05, 7.15526084605e-06, 7.88406396168e-06, 6.99775819157e-06, 4.76249533676e-06, 2.74682292911e-06, 2.31655553762e-06, 2.17979709305e-06, 1.99997225536e-06, 1.63183472068e-06, 1.16964429253e-06, 6.89208434324e-07, 1.73140676907e-07, 3.34658203371e-08, 4.05904065914e-09],
        "min": [7.71234226704e-07, 3.17395824823e-06, 5.14689418196e-06, 8.05036870588e-06, 6.05171544521e-06, 6.27912550044e-06, 3.16721730087e-06, 1.8479162236e-06, 1.42476335441e-06, 1.24878431507e-06, 1.79938808742e-06, 1.35545030844e-06, 9.07276671569e-07, 4.83795531636e-07, 2.83989891159e-07, 1.61762756079e-07, 3.43409816139e-08, 4.88378134378e-07, 8.46032378377e-07, 2.94984516813e-07, 5.27813313056e-07, 2.70346419029e-07, 3.6405444348e-07, 4.37519076968e-07, 9.76541443265e-08, 2.7416190207e-08, 6.93580588518e-08, 2.1340351708e-08, 2.84477348345e-08, 1.88868014561e-08, 1.74286618471e-09, 1.03309105715e-09, 6.03391281384e-10, 2.43054976146e-09, 2.09354822367e-09, 4.34717817299e-10, 1.65916572148e-10, 2.87824451772e-12, 4.28237957248e-12, 1.0085111999e-12],
        "stdev": [0.000932269555051, 0.00149315397721, 0.000597371894401, 0.000878762919456, 0.000392666843254, 0.000576356833335, 0.000428381608799, 0.000289557821816, 0.000452048436273, 0.000638007826637, 0.00105463515501, 0.000462120166048, 0.000294711120659, 0.000168163780472, 0.00019777045236, 8.65674446686e-05, 0.000113760157546, 0.000114271948405, 0.000163058779435, 0.000159603107022, 5.69281328353e-05, 0.000107991159894, 5.15157225891e-05, 6.72219175613e-05, 3.42215025739e-05, 3.85374842153e-05, 9.64600985753e-06, 1.11478802864e-05, 9.59811404755e-06, 5.97144844505e-06, 3.44514637618e-06, 3.57421572517e-06, 4.85899136038e-06, 5.10596555614e-06, 3.44901945937e-06, 2.0798740934e-06, 1.25722510802e-06, 3.82085886486e-07, 7.94641223933e-08, 1.09412017224e-08]
    },
    "melbands128": {
        "max": [0.0017070468748, 0.00875061471015, 0.014239653945, 0.0185175128281, 0.0221809539944, 0.0166439637542, 0.00734597584233, 0.00448870519176, 0.00881064683199, 0.0186507962644, 0.00852564349771, 0.00504882959649, 0.0114430887625, 0.0130192833021, 0.0105769690126, 0.0123909562826, 0.00793375540525, 0.00878878496587, 0.00877361092716, 0.00460091466084, 0.0100234169513, 0.00529922824353, 0.00643026735634, 0.0168015509844, 0.00763538107276, 0.0150256147608, 0.013546872884, 0.0277811344713, 0.014606140554, 0.0101324468851, 0.00996238738298, 0.0072530163452, 0.0043879118748, 0.00435745157301, 0.00392315583304, 0.0027434155345, 0.00454747863114, 0.00674815755337, 0.00729911634699, 0.00124942150433, 0.00155984505545, 0.00339274061844, 0.00321244308725, 0.00359802041203, 0.00253630243242, 0.00175375235267, 0.00321206101216, 0.00337013741955, 0.00283271539956, 0.00289422995411, 0.00324022490531, 0.00226169056259, 0.00204897415824, 0.000596881553065, 0.00172525283415, 0.00302370334975, 0.00267188134603, 0.001671444159, 0.000690129003488, 0.000696709845215, 0.00175805541221, 0.00129775342066, 0.000944481347688, 0.000600646482781, 0.00105579430237, 0.0014157689875, 0.000339220510796, 0.000125029720948, 0.00018982392794, 0.000315638346365, 0.000115622635349, 0.000172220694367, 0.000214872532524, 0.000159951057867, 9.13060284802e-05, 9.62790654739e-05, 7.25479694665e-05, 4.62270145363e-05, 3.57596691174e-05, 4.6104833018e-05, 5.92474352743e-05, 5.83959335927e-05, 0.000203599076485, 7.5708332588e-05, 8.14963204903e-05, 0.00016004081408, 9.56225267146e-05, 0.000104176004243, 6.45630134386e-05, 7.31433246983e-05, 4.58418289782e-05, 3.08083472191e-05, 3.65270861948e-05, 1.65483616001e-05, 1.1953127796e-05, 1.13159567263e-05, 5.76954835196e-06, 2.87044872493e-06, 1.27996202082e-06, 8.32557816466e-07, 4.99079362726e-07, 7.97449928314e-08, 1.05994324429e-08, 9.46456335527e-09, 8.85516726612e-09, 8.30398150242e-09, 7.80619213714e-09, 7.47070494356e-09, 7.06885661117e-09, 6.6518039965e-09, 6.31731200684e-09, 6.01987126814e-09, 5.74631409123e-09, 5.50391110465e-09, 5.2803286188e-09, 5.06969222158e-09, 4.88399587439e-09, 4.72742067714e-09, 4.57398785514e-09, 4.43128422845e-09, 4.3144745554e-09, 4.21119761285e-09, 4.11704936809e-09, 4.03529254456e-09, 3.96806454361e-09, 3.91751564521e-09, 3.87988485784e-09, 3.85597465069e-09],
        "mean": [0.000112616202387, 0.000435566500528, 0.000677565170918, 0.000929692818318, 0.0008668435039, 0.000705108628608, 0.000416809227318, 0.000258785468759, 0.00029795433511, 0.000474287982797, 0.000295505480608, 0.000158506605658, 0.000234175284277, 0.000337740842951, 0.000384764745831, 0.000291806965834, 0.00028021982871, 0.000220724847168, 0.000168625323568, 0.00012838775001, 0.000148533144966, 0.000104011305666, 0.000181995812454, 0.000240764580667, 0.000235585379414, 0.000415217480622, 0.000460152485175, 0.000799376226496, 0.000480959541164, 0.000198236026336, 0.000140739415656, 0.000169711755007, 0.000205904332688, 0.000234434191952, 8.75191180967e-05, 8.15945022623e-05, 9.29448724492e-05, 9.47403823375e-05, 4.19868993049e-05, 3.857066622e-05, 5.8403613366e-05, 4.82878785988e-05, 5.8943820477e-05, 8.12792059151e-05, 7.55956134526e-05, 6.40872895019e-05, 7.82643692219e-05, 7.19892777852e-05, 9.62754347711e-05, 0.000120895347209, 8.95325574675e-05, 4.96828870382e-05, 3.12743723043e-05, 2.85878832074e-05, 3.52065435436e-05, 4.15050890297e-05, 3.09021415887e-05, 2.3128814064e-05, 2.05355481739e-05, 2.40844983637e-05, 3.09077113343e-05, 2.14447154576e-05, 2.59764892689e-05, 1.91148974409e-05, 1.54497265612e-05, 1.47506725625e-05, 7.75609260018e-06, 7.32779972168e-06, 6.29954047326e-06, 8.29262353363e-06, 6.93276342645e-06, 8.78396258486e-06, 8.49132720759e-06, 6.37146422378e-06, 5.41866575077e-06, 5.77962373427e-06, 3.94326616515e-06, 3.16385535371e-06, 2.5451415695e-06, 2.32335787587e-06, 2.45298178925e-06, 2.12743248085e-06, 2.45464298132e-06, 2.03690274247e-06, 2.16984176404e-06, 2.11535780181e-06, 1.87500609172e-06, 1.88758610875e-06, 1.64013499671e-06, 1.43753925386e-06, 1.38312691433e-06, 9.70862174654e-07, 1.03205229607e-06, 8.50770163652e-07, 3.61828540463e-07, 2.4738517368e-07, 1.31901032319e-07, 6.53521041727e-08, 3.22569491118e-08, 1.88917237409e-08, 7.09569514257e-09, 1.09005693361e-09, 1.86346271747e-10, 2.53905247521e-11, 2.08226370174e-11, 2.52922838923e-11, 2.74695648173e-11, 2.75709351183e-11, 1.66813750313e-11, 1.45792908995e-11, 1.38928209215e-11, 1.32790176424e-11, 1.27083534668e-11, 1.21943358189e-11, 1.17230157873e-11, 1.1286576708e-11, 1.08949732916e-11, 1.054748823e-11, 1.02261766763e-11, 9.92636268321e-12, 9.66968258936e-12, 9.44360995653e-12, 9.24721670764e-12, 9.06482701402e-12, 8.89912536023e-12, 8.74433164766e-12, 8.63947195034e-12, 8.58500943945e-12],
        "min": [7.60514495823e-08, 3.31317494329e-07, 9.29948384965e-07, 1.63219442584e-06, 1.53386349666e-06, 2.49450135925e-06, 6.99357201484e-07, 1.01928105778e-06, 2.50673383562e-06, 2.7468031476e-06, 1.57080125973e-06, 9.07674177597e-07, 1.01160867416e-06, 3.28594387611e-06, 4.49416893389e-06, 2.6807406357e-06, 1.18700700114e-06, 1.37836900649e-06, 5.74294006128e-07, 2.62899021664e-07, 6.19806712621e-07, 4.67356613854e-07, 3.73463933556e-07, 5.98530618845e-07, 7.18508431419e-07, 5.12298356625e-07, 5.57040038984e-07, 7.00453540503e-07, 8.91733634489e-07, 3.13564612497e-07, 7.07125252575e-07, 2.97226335988e-07, 1.51688183792e-07, 1.50519255726e-07, 1.67092096603e-07, 1.60052650244e-07, 2.23284487788e-07, 1.25129872686e-07, 7.66106325045e-08, 2.02555511919e-07, 4.12468068589e-08, 3.53172069367e-08, 2.218658679e-08, 4.56021389539e-08, 3.81686646733e-08, 2.07426808174e-07, 2.06327939622e-07, 4.47970279538e-07, 2.9556855452e-07, 9.43388869246e-08, 2.23322103921e-07, 1.09893612432e-07, 1.60561000939e-07, 2.32560836366e-07, 2.96355125329e-07, 6.13557347151e-08, 1.19449566682e-07, 9.14941580277e-08, 2.74924332189e-07, 2.37584885099e-07, 1.85322790003e-07, 6.97060897892e-08, 6.79960621142e-08, 1.42009852766e-07, 4.62562042003e-08, 7.661086876e-09, 8.43575787002e-09, 3.31776206508e-08, 1.67950346963e-08, 9.45513978223e-09, 2.31503385351e-08, 2.3718191855e-08, 2.18232631966e-08, 7.03879399211e-09, 1.03267439044e-08, 3.33346306114e-09, 1.37701550162e-09, 2.16714779455e-09, 1.62982416452e-09, 3.15035608711e-10, 1.0743547163e-09, 4.61598426149e-10, 1.09585751584e-09, 4.31305685611e-10, 1.65873453861e-10, 1.57130197742e-10, 1.33027189264e-09, 5.43474099057e-10, 3.12696202265e-10, 5.63696922473e-10, 3.68178793009e-10, 4.70965141885e-11, 7.62509569374e-11, 1.4380693858e-10, 6.2861378429e-12, 1.99196301814e-12, 1.56416871643e-13, 1.69687744758e-12, 4.01457773275e-12, 3.17442838509e-12, 3.09895772238e-13, 8.37894274905e-14, 6.19564824249e-14, 3.98228982613e-14, 5.510224777e-14, 6.26458452713e-14, 6.21790284734e-14, 5.37581962181e-14, 5.54121974542e-14, 5.33314034211e-14, 5.53467861819e-14, 5.28843631484e-14, 6.66239456724e-14, 5.100617262e-14, 4.57713599281e-14, 4.90039425867e-14, 5.42501800589e-14, 5.63341657123e-14, 5.90522503943e-14, 5.27027694489e-14, 5.26986122112e-14, 5.22588496457e-14, 5.29879417253e-14, 5.07604856314e-14, 3.9056692586e-14, 1.74934834684e-14, 2.08608354217e-15, 8.07657892782e-17],
        "stdev": [0.000164199242136, 0.000701382872649, 0.00129916658625, 0.0018421721179, 0.00176842988003, 0.00141287525184, 0.000766014680266, 0.000430774496635, 0.000749959202949, 0.00140499905683, 0.000676382798702, 0.000262817600742, 0.000533232057933, 0.000638196652289, 0.0008070266922, 0.000673046859447, 0.000570192816667, 0.000531850615516, 0.000419990712544, 0.000285584770609, 0.000453210348496, 0.00027191278059, 0.000550126191229, 0.000936994096264, 0.000554050784558, 0.00116182432976, 0.00102814368438, 0.00181864283513, 0.00112063903362, 0.000651420559734, 0.00056336337002, 0.00043631324661, 0.000400150252972, 0.000430808926467, 0.000209529709537, 0.000217033404624, 0.000236595835304, 0.000343792897183, 0.000215862906771, 8.55818288983e-05, 0.000121641642181, 0.000134868299938, 0.000156536319992, 0.000172057872987, 0.000173327964148, 0.000141976372106, 0.000210553509532, 0.000211399965337, 0.000270177493803, 0.000320461665979, 0.000221155321924, 0.000135579466587, 9.12774921744e-05, 5.38284584763e-05, 0.000103760758066, 0.000171272899024, 0.000145625424921, 7.53983695176e-05, 4.00404824177e-05, 5.02078983118e-05, 0.000119669515698, 7.12800901965e-05, 5.19102941325e-05, 3.6819732486e-05, 4.43103126599e-05, 8.31840152387e-05, 1.58536895469e-05, 1.18760299301e-05, 1.15143384392e-05, 1.59885548783e-05, 1.09819202407e-05, 1.49534453158e-05, 1.55502293637e-05, 1.18532570923e-05, 8.05821764516e-06, 1.00584584288e-05, 5.71437203689e-06, 4.71058910989e-06, 3.62583227798e-06, 3.73885904992e-06, 3.84162513001e-06, 3.69941562894e-06, 8.08108416095e-06, 5.00280475535e-06, 4.94420146424e-06, 6.35632704871e-06, 5.25795030626e-06, 5.27022848473e-06, 3.43612600773e-06, 3.03934984913e-06, 2.62387379735e-06, 1.94524432118e-06, 2.12747659134e-06, 1.76689241016e-06, 6.97991652032e-07, 5.97244081746e-07, 3.5104443441e-07, 1.76481833591e-07, 8.34006925743e-08, 4.8075303738e-08, 2.25094503037e-08, 4.51802861789e-09, 6.67622290784e-10, 3.62982921498e-10, 3.3718225434e-10, 3.1767266595e-10, 2.99319125041e-10, 2.8557378684e-10, 2.68798538983e-10, 2.53306348119e-10, 2.40596514933e-10, 2.29308266819e-10, 2.18920659378e-10, 2.09702533116e-10, 2.01204622408e-10, 1.9323197209e-10, 1.8617636599e-10, 1.8014463532e-10, 1.74339084835e-10, 1.6894444177e-10, 1.64485702836e-10, 1.60530894133e-10, 1.56968035792e-10, 1.53851029139e-10, 1.5131634834e-10, 1.49376885861e-10, 1.47944864692e-10, 1.47037187981e-10]
    },
    "mfcc": {
        "mean": [-635.72076416, 138.465911865, -38.0629119873, 34.2483520508, -19.2552471161, 20.3410797119, -16.0890026093, 20.6585063934, -7.90991306305, 15.6025762558, -14.0643978119, 3.83754348755, -10.0073537827],
        "cov": [[1704.12487793, -618.863708496, -173.904464722, -180.602645874, -89.6262435913, -80.2040634155, 24.2918186188, -20.9180831909, -25.3609981537, -16.9336662292, -90.7425003052, -15.7464847565, -13.5310907364], [-618.863708496, 647.639831543, -154.453521729, 126.891799927, -3.07897353172, 45.2194099426, 27.7496623993, 18.0386219025, 31.3535079956, 24.1734542847, 13.1981458664, -6.48082923889, 6.72774887085], [-173.904464722, -154.453521729, 600.023193359, 29.7388057709, 63.8883934021, -16.4063777924, -47.8620758057, -25.3635597229, -82.1114196777, -4.83559036255, 101.824562073, 64.81300354, -0.197749510407], [-180.602645874, 126.891799927, 29.7388057709, 269.033081055, 75.8672561646, -11.0690355301, -58.9069976807, -11.5811882019, -18.4875106812, -6.6558804512, 46.5473937988, 28.1017608643, 21.3565654755], [-89.6262435913, -3.07897353172, 63.8883934021, 75.8672561646, 164.175796509, 18.8124809265, -8.62048244476, -5.36575889587, 0.831690251827, -5.41143846512, 23.3185825348, 15.7476091385, 10.6112747192], [-80.2040634155, 45.2194099426, -16.4063777924, -11.0690355301, 18.8124809265, 151.199111938, 48.3578186035, 27.9409980774, 0.539582848549, 9.27584552765, -16.4832077026, -21.76836586, 3.75447893143], [24.2918186188, 27.7496623993, -47.8620758057, -58.9069976807, -8.62048244476, 48.3578186035, 128.074783325, 36.5601654053, 21.4642448425, 8.9285030365, -22.4938316345, -15.783993721, -2.03964710236], [-20.9180831909, 18.0386219025, -25.3635597229, -11.5811882019, -5.36575889587, 27.9409980774, 36.5601654053, 92.8274688721, 35.2512283325, 13.3573474884, -15.0658721924, -18.4430656433, -5.63248872757], [-25.3609981537, 31.3535079956, -82.1114196777, -18.4875106812, 0.831690251827, 0.539582848549, 21.4642448425, 35.2512283325, 132.00769043, 23.5755329132, -33.1358299255, -34.2778396606, -14.5799999237], [-16.9336662292, 24.1734542847, -4.83559036255, -6.6558804512, -5.41143846512, 9.27584552765, 8.9285030365, 13.3573474884, 23.5755329132, 78.0736465454, 10.3996286392, 3.86879777908, -15.0037908554], [-90.7425003052, 13.1981458664, 101.824562073, 46.5473937988, 23.3185825348, -16.4832077026, -22.4938316345, -15.0658721924, -33.1358299255, 10.3996286392, 115.605392456, 35.6225585938, 11.0510854721], [-15.7464847565, -6.48082923889, 64.81300354, 28.1017608643, 15.7476091385, -21.76836586, -15.783993721, -18.4430656433, -34.2778396606, 3.86879777908, 35.6225585938, 88.5684585571, 13.2829313278], [-13.5310907364, 6.72774887085, -0.197749510407, 21.3565654755, 10.6112747192, 3.75447893143, -2.03964710236, -5.63248872757, -14.5799999237, -15.0037908554, 11.0510854721, 13.2829313278, 67.8713302612]],
        "icov": [[0.00115897983778, 0.00123629509471, 0.000611442897934, -8.01527130534e-05, 0.000329286616761, 0.000427608261816, -0.000488427933306, 0.000172048079548, 0.000447176309535, -0.000269266311079, 0.000361806538422, -9.94117290247e-05, 5.70588344999e-05], [0.00123629509471, 0.00333421537653, 0.00116378476378, -0.00133465335239, 0.000870307791047, -0.000118464748084, -0.0011423015967, 0.000312263873639, 0.000130138345412, -0.000638860452455, -0.00013701946591, -0.000175120891072, 0.000144706995343], [0.000611442897934, 0.00116378476378, 0.00267387670465, 8.76687263371e-05, -0.000491695594974, 2.32663242059e-05, 0.000169253893546, -0.000199424001039, 0.00104976620059, -3.34845972247e-05, -0.00144039955921, -0.000821416848339, 0.000664263090584], [-8.01527130534e-05, -0.00133465335239, 8.76687263371e-05, 0.00588640477508, -0.00245359633118, 0.000193098283489, 0.00266608409584, -0.000797992746811, 0.000382921978598, 0.000428963598097, -0.00109595537651, -0.000547937583178, -0.000886067922693], [0.000329286616761, 0.000870307791047, -0.000491695594974, -0.00245359633118, 0.00795674324036, -0.00142901134677, -0.000718600640539, 0.000823959999252, -0.00142312177923, 0.000700584496371, -0.000452482898254, -0.000818518281449, -0.00028512973222], [0.000427608261816, -0.000118464748084, 2.32663242059e-05, 0.000193098283489, -0.00142901134677, 0.00874731782824, -0.00270703318529, -0.00148142222315, 0.0019626582507, -0.00146432395559, 0.00120946182869, 0.00207939115353, -0.000934428651817], [-0.000488427933306, -0.0011423015967, 0.000169253893546, 0.00266608409584, -0.000718600640539, -0.00270703318529, 0.0113387294114, -0.00312640308402, -0.000493571918923, 5.45736475033e-05, 0.000131400447572, -0.000479247886688, -0.000500744557939], [0.000172048079548, 0.000312263873639, -0.000199424001039, -0.000797992746811, 0.000823959999252, -0.00148142222315, -0.00312640308402, 0.0138531289995, -0.0028946811799, -0.00111808092333, 0.000355121010216, 0.00103522732388, 0.000133258363348], [0.000447176309535, 0.000130138345412, 0.00104976620059, 0.000382921978598, -0.00142312177923, 0.0019626582507, -0.000493571918923, -0.0028946811799, 0.0110373292118, -0.00322932749987, 0.00188081467059, 0.0028074181173, 0.000619151920546], [-0.000269266311079, -0.000638860452455, -3.34845972247e-05, 0.000428963598097, 0.000700584496371, -0.00146432395559, 5.45736475033e-05, -0.00111808092333, -0.00322932749987, 0.0154851777479, -0.00271283602342, -0.00225389422849, 0.00336718186736], [0.000361806538422, -0.00013701946591, -0.00144039955921, -0.00109595537651, -0.000452482898254, 0.00120946182869, 0.000131400447572, 0.000355121010216, 0.00188081467059, -0.00271283602342, 0.012545004487, -0.00206243782304, -0.0013710357016], [-9.94117290247e-05, -0.000175120891072, -0.000821416848339, -0.000547937583178, -0.000818518281449, 0.00207939115353, -0.000479247886688, 0.00103522732388, 0.0028074181173, -0.00225389422849, -0.00206243782304, 0.0151780489832, -0.0022777961567], [5.70588344999e-05, 0.000144706995343, 0.000664263090584, -0.000886067922693, -0.00028512973222, -0.000934428651817, -0.000500744557939, 0.000133258363348, 0.000619151920546, 0.00336718186736, -0.0013710357016, -0.0022777961567, 0.0166502017528]]
    },
    "spectral_contrast_coeffs": {
        "max": [-0.482708185911, -0.502161860466, -0.518355369568, -0.599770963192, -0.631912946701, -0.482269972563],
        "mean": [-0.754110753536, -0.775433063507, -0.730038225651, -0.771998345852, -0.786078095436, -0.612191081047],
        "min": [-0.905382037163, -0.956926763058, -0.881972908974, -0.889195382595, -0.869627416134, -0.85553497076],
        "stdev": [0.0597525350749, 0.0581944100559, 0.0756712630391, 0.0539602376521, 0.038435049355, 0.040792953223]
    },
    "spectral_contrast_valleys": {
        "max": [-5.30568027496, -4.67685174942, -5.02444076538, -5.59228658676, -5.83050489426, -9.51947212219],
        "mean": [-6.67237710953, -6.48831939697, -6.93215417862, -7.21294164658, -7.27765417099, -12.0693616867],
        "min": [-8.21856212616, -8.05167770386, -8.89949321747, -9.56269359589, -9.35658740997, -15.1881608963],
        "stdev": [0.452073156834, 0.483173817396, 0.516274094582, 0.466277033091, 0.524309039116, 0.945044994354]
    }
},
"rhythm": {
    "beats_count": 59,
    "beats_loudness": {
        "max": 0.0767205357552,
        "mean": 0.0264629200101,
        "min": 0.0062775821425,
        "stdev": 0.0137087386101
    },
    "bpm": 111.096168518,
    "bpm_histogram_first_peak_bpm": 112,
    "bpm_histogram_first_peak_weight": 0.508771896362,
    "bpm_histogram_second_peak_bpm": 103,
    "bpm_histogram_second_peak_spread": 0,
    "bpm_histogram_second_peak_weight": 0.0172413792461,
    "danceability": 1.28939592838,
    "onset_rate": 4.49121046066,
    "beats_loudness_band_ratio": {
        "max": [0.857722580433, 0.58571767807, 0.722153902054, 0.764492571354, 0.55093061924, 0.13389185071],
        "mean": [0.260532319546, 0.166823834181, 0.257744580507, 0.212368696928, 0.123511053622, 0.0443965941668],
        "min": [0.034476224333, 0.0150082409382, 0.0119091300294, 0.014300102368, 0.0195810943842, 0.0114505635574],
        "stdev": [0.231309071183, 0.170187681913, 0.171900331974, 0.15553945303, 0.100715897977, 0.0250166207552]
    },
    "beats_position": [0.568888902664, 1.14938771725, 1.70666658878, 2.2523355484, 2.7863945961, 3.33206343651, 3.87773227692, 4.41179132462, 4.94585037231, 5.4915189743, 6.03718805313, 6.57124710083, 7.10530614853, 7.63936471939, 8.18503379822, 8.71909236908, 9.25315189362, 9.78721046448, 10.3328800201, 10.8901586533, 11.4242172241, 11.9582767487, 12.4923353195, 13.0263938904, 13.572063446, 14.117732048, 14.6517915726, 15.1858501434, 15.7315187454, 16.2771873474, 16.8228569031, 17.3685264587, 17.9025840759, 18.4482536316, 18.9939231873, 19.5279808044, 20.062040329, 20.5960998535, 21.1417675018, 21.6874370575, 22.221496582, 22.7555541992, 23.3012237549, 23.8468933105, 24.3809528351, 24.9034004211, 25.4490699768, 25.9831295013, 26.5287971497, 27.0628566742, 27.6085262299, 28.142583847, 28.6998634338, 29.2339229584, 29.7679805756, 30.3136501312, 30.8593196869, 31.3933773041, 31.9390468597],
