{
"metadata": {
    "version": {
        "essentia": "2.1-beta5",
        "essentia_git_sha": "Undefined",
        "extractor": "music 2.0"
    },
    "audio_properties": {
        "analysis": {
            "equal_loudness": 0,
            "length": 48.994102478,
            "sample_rate": 44100,
            "start_time": 175.240997314,
            "downmix": "mix"
        },
        "bit_rate": 192000,
        "length": 224.258331299,
        "lossless": 0,
        "number_channels": 2,
        "replay_gain": -9.54260635376,
        "sample_rate": 48000,
        "codec": "mp3",
        "md5_encoded": "53657ea59c11d195ed2c972a4ae52753"
    },
    "tags": {
        "file_name": "Slovenia_Zbudi Se_Tanja Ribič.mp3",
        "encoding": ["Lavf58.29.100"]
    }
},
"lowlevel": {
    "average_loudness": 0.37576058507,
    "barkbands_crest": {
        "max": 25.9669628143,
        "mean": 10.0704040527,
        "min": 2.79479980469,
        "stdev": 4.99775457382
    },
    "barkbands_flatness_db": {
        "max": 0.372204869986,
        "mean": 0.163049221039,
        "min": 0.0522050112486,
        "stdev": 0.0636797249317
    },
    "barkbands_kurtosis": {
        "max": 121.783538818,
        "mean": 5.61980485916,
        "min": -1.78637683392,
        "stdev": 13.1030893326
    },
    "barkbands_skewness": {
        "max": 8.47219562531,
        "mean": 0.748251020908,
        "min": -2.20360422134,
        "stdev": 2.01406788826
    },
    "barkbands_spread": {
        "max": 77.1670532227,
        "mean": 16.3428936005,
        "min": 0.715690732002,
        "stdev": 9.64794445038
    },
    "dissonance": {
        "max": 0.5,
        "mean": 0.457730710506,
        "min": 0.242271125317,
        "stdev": 0.0420707315207
    },
    "dynamic_complexity": 4.03989505768,
    "erbbands_crest": {
        "max": 29.0293426514,
        "mean": 9.79921340942,
        "min": 2.61664581299,
        "stdev": 5.41948986053
    },
    "erbbands_flatness_db": {
        "max": 0.368095725775,
        "mean": 0.211925625801,
        "min": 0.0788750573993,
        "stdev": 0.0678244307637
    },
    "erbbands_kurtosis": {
        "max": 62.677947998,
        "mean": 1.30832672119,
        "min": -1.78616797924,
        "stdev": 4.50041246414
    },
    "erbbands_skewness": {
        "max": 6.56011343002,
        "mean": 0.300745546818,
        "min": -2.31202554703,
        "stdev": 1.06409931183
    },
    "erbbands_spread": {
        "max": 78.5504226685,
        "mean": 27.2394752502,
        "min": 2.85392856598,
        "stdev": 12.9140434265
    },
    "hfc": {
        "max": 148.983291626,
        "mean": 14.0782175064,
        "min": 1.03751034154e-16,
        "stdev": 18.7782859802
    },
    "loudness_ebu128": {
        "integrated": -15.022403717,
        "loudness_range": 8.40547370911,
        "momentary": {
            "max": -8.8777513504,
            "mean": -73.8387374878,
            "min": -300.691009521,
            "stdev": 113.169487
        },
        "short_term": {
            "max": -10.673374176,
            "mean": -61.0392074585,
            "min": -300.691009521,
            "stdev": 102.39276123
        }
    },
    "melbands_crest": {
        "max": 31.3785171509,
        "mean": 11.027762413,
        "min": 1.4789596796,
        "stdev": 7.05124568939
    },
    "melbands_flatness_db": {
        "max": 0.428139030933,
        "mean": 0.169999524951,
        "min": 0.00249096704647,
        "stdev": 0.104620888829
    },
    "melbands_kurtosis": {
        "max": 165.839401245,
        "mean": 8.79118061066,
        "min": -1.52003979683,
        "stdev": 20.0830879211
    },
    "melbands_skewness": {
        "max": 10.505033493,
        "mean": 1.58939766884,
        "min": -1.22628235817,
        "stdev": 1.81108927727
    },
    "melbands_spread": {
        "max": 180.504074097,
        "mean": 43.3037719727,
        "min": 0.700814366341,
        "stdev": 46.8969116211
    },
    "pitch_salience": {
        "max": 0.997091114521,
        "mean": 0.602026581764,
        "min": 0.105019919574,
        "stdev": 0.171315327287
    },
    "silence_rate_20dB": {
        "max": 1,
        "mean": 1,
        "min": 1,
        "stdev": 0
    },
    "silence_rate_30dB": {
        "max": 1,
        "mean": 0.995262920856,
        "min": 0,
        "stdev": 0.0686642676592
    },
    "silence_rate_60dB": {
        "max": 1,
        "mean": 0.316437721252,
        "min": 0,
        "stdev": 0.465083509684
    },
    "spectral_centroid": {
        "max": 11866.5429688,
        "mean": 3290.54541016,
        "min": 251.768356323,
        "stdev": 3980.25170898
    },
    "spectral_complexity": {
        "max": 51,
        "mean": 12.5054473877,
        "min": 0,
        "stdev": 11.3439130783
    },
    "spectral_decrease": {
        "max": 1.95600093306e-28,
        "mean": -3.49566087188e-09,
        "min": -9.24617822307e-08,
        "stdev": 4.56110926805e-09
    },
    "spectral_energy": {
        "max": 0.362485647202,
        "mean": 0.0144703583792,
        "min": 9.64718372539e-21,
        "stdev": 0.0185974854976
    },
    "spectral_energyband_high": {
        "max": 0.0136102251709,
        "mean": 0.000209480000194,
        "min": 6.65473143978e-21,
        "stdev": 0.00052815512754
    },
    "spectral_energyband_low": {
        "max": 0.0137674175203,
        "mean": 0.000359014462447,
        "min": 4.75448439729e-24,
        "stdev": 0.00102107552812
    },
    "spectral_energyband_middle_high": {
        "max": 0.074717849493,
        "mean": 0.00577783351764,
        "min": 1.16081823788e-21,
        "stdev": 0.00899581052363
    },
    "spectral_energyband_middle_low": {
        "max": 0.350145936012,
        "mean": 0.0086133191362,
        "min": 1.33010645023e-22,
        "stdev": 0.0145616233349
    },
    "spectral_entropy": {
        "max": 9.82860279083,
        "mean": 7.69450426102,
        "min": 5.31241083145,
        "stdev": 1.16254663467
    },
    "spectral_flux": {
        "max": 0.399148136377,
        "mean": 0.0485974922776,
        "min": 6.29605256819e-11,
        "stdev": 0.0430264547467
    },
    "spectral_kurtosis": {
        "max": 23.2871208191,
        "mean": 4.73066091537,
        "min": -1.26592731476,
        "stdev": 4.21091127396
    },
    "spectral_rms": {
        "max": 0.0188054386526,
        "mean": 0.00302300532348,
        "min": 3.06787993447e-12,
        "stdev": 0.00223132316023
    },
    "spectral_rolloff": {
        "max": 19659.8144531,
        "mean": 5090.63769531,
        "min": 193.798828125,
        "stdev": 7007.86523438
    },
    "spectral_skewness": {
        "max": 3.58168435097,
        "mean": 1.36152040958,
        "min": -0.109771758318,
        "stdev": 0.822163879871
    },
    "spectral_spread": {
        "max": 43600276,
        "mean": 10814381,
        "min": 1716337.5,
        "stdev": 15128326
    },
    "spectral_strongpeak": {
        "max": 11.4949922562,
        "mean": 1.14145672321,
        "min": 0,
        "stdev": 1.33087193966
    },
    "zerocrossingrate": {
        "max": 0.7548828125,
        "mean": 0.147702649236,
        "min": 0.00830078125,
        "stdev": 0.18244561553
    },
    "barkbands": {
        "max": [6.7461762228e-05, 0.00385485333391, 0.00863173045218, 0.00687622651458, 0.0319027900696, 0.341185212135, 0.0342560037971, 0.131746888161, 0.0227509681135, 0.0285868532956, 0.0169465020299, 0.0168648976833, 0.0156795587391, 0.0241574663669, 0.00862251222134, 0.00935580674559, 0.0174823440611, 0.0051934486255, 0.00488917855546, 0.00221742223948, 0.00237059337087, 0.00500482460484, 0.00206618173979, 0.00438371719792, 0.000434231129475, 6.16311081103e-05, 3.99210364321e-07],
        "mean": [2.14632518691e-06, 0.0001097203276, 0.000158957831445, 0.000268634757958, 0.00190762325656, 0.00285590649582, 0.000893820484634, 0.000849838659633, 0.00107554765418, 0.00147545733489, 0.000444164441433, 0.000846033915877, 0.00062113214517, 0.000667917192914, 0.000339201040333, 0.000372624723241, 0.000753644504584, 0.000352446630131, 0.000186026183655, 0.000152619177243, 3.76640091417e-05, 3.58566503564e-05, 3.31640767399e-05, 2.41620127781e-05, 5.13521217727e-06, 8.82311098849e-07, 4.0014739966e-08],
        "min": [1.22014866496e-25, 1.24626996959e-24, 4.6015375798e-25, 3.62460138793e-25, 2.67690324084e-24, 5.57519161725e-24, 7.11504731538e-24, 3.63191166333e-24, 1.15717753751e-23, 1.02161336867e-23, 7.6038247434e-24, 1.18454706662e-23, 2.54545755701e-23, 2.08831297798e-23, 2.33475833125e-23, 4.20550741588e-23, 5.29886768388e-23, 7.17761692249e-23, 1.02368094155e-22, 1.36461905172e-22, 2.25360319278e-22, 2.53117444146e-22, 3.49760276152e-22, 5.13485643349e-22, 8.44241768045e-22, 1.1830437691e-21, 1.79717165565e-21],
        "stdev": [4.34594039689e-06, 0.00047191765043, 0.00056409422541, 0.000664055929519, 0.0033573131077, 0.0111267818138, 0.00235719326884, 0.00400486215949, 0.00232661445625, 0.003162358189, 0.00109317700844, 0.00188368069939, 0.00133380258922, 0.00151537323836, 0.000944912899286, 0.000875890138559, 0.00182515545748, 0.000698172720149, 0.000332103896653, 0.00028294720687, 0.000108164895209, 0.000170889325091, 0.000103152073279, 0.00012816968956, 2.02848896151e-05, 3.18679462907e-06, 5.59274084821e-08]
    },
    "erbbands": {
        "max": [0.106649525464, 0.897703707218, 5.35749483109, 22.9887199402, 128.878433228, 155.030258179, 1055.66967773, 4292.53173828, 623.344360352, 2310.0637207, 1035.23498535, 499.31350708, 976.694885254, 910.634155273, 704.856994629, 750.030334473, 448.251617432, 1418.67028809, 619.403381348, 554.329528809, 538.726196289, 1059.6550293, 316.956085205, 311.577911377, 170.138122559, 118.146369934, 54.4845809937, 147.350067139, 162.01222229, 138.722412109, 55.4011688232, 134.002426147, 32.7149848938, 7.31796550751, 2.46493005753, 0.423143744469, 0.0980123206973, 0.00281949201599, 0.000176010522409, 0.000406054750783],
        "mean": [0.00250738603063, 0.0287104956806, 0.132508337498, 0.601382553577, 3.08404564857, 6.43870306015, 15.2261753082, 25.3572025299, 16.4901447296, 16.4426651001, 18.3875331879, 23.5228042603, 48.5488739014, 27.0220832825, 19.7020587921, 36.4388694763, 29.1250305176, 34.8517875671, 22.4192829132, 18.15442276, 25.9104728699, 42.1168518066, 22.2373352051, 12.2274169922, 8.25036334991, 7.30566120148, 2.5354013443, 1.53467035294, 1.26059865952, 1.08654773235, 0.988184332848, 0.699792504311, 0.267829984426, 0.0825032666326, 0.025996318087, 0.00767364399508, 0.000774496525992, 8.95790726645e-05, 1.16456194519e-05, 1.78176869667e-05],
        "min": [6.47486618041e-23, 1.89543800127e-22, 1.24240488327e-21, 3.80877534482e-21, 4.77370535928e-21, 8.00192714157e-21, 1.2729206989e-20, 3.43315497126e-20, 7.82790805086e-20, 1.37800173342e-19, 1.35088520197e-19, 2.98432263499e-19, 4.67194453403e-19, 4.06254455014e-19, 5.36595216989e-19, 7.44723423383e-19, 1.34891516795e-18, 1.26125294477e-18, 1.699250249e-18, 2.47100562461e-18, 2.99819822787e-18, 3.93990427098e-18, 4.32193391458e-18, 5.14557005821e-18, 6.61675585897e-18, 6.738642163e-18, 8.8692224337e-18, 7.73874695056e-18, 1.01555453617e-17, 1.05883543823e-17, 1.00431050467e-17, 1.00313003521e-17, 9.21170829452e-18, 7.9063792376e-18, 5.91370693222e-18, 3.68813199922e-18, 2.20375328806e-18, 8.82966603642e-19, 2.42695489657e-19, 2.50846511257e-20],
        "stdev": [0.0124959563836, 0.111827030778, 0.384182542562, 1.51858258247, 7.85978651047, 12.9698419571, 37.7714157104, 127.079582214, 39.7660446167, 80.7338104248, 47.9100914001, 48.9342956543, 104.267875671, 64.8853225708, 49.8586540222, 78.2181549072, 55.326499939, 78.7668838501, 55.966594696, 45.3554916382, 53.5774650574, 104.310508728, 43.5864067078, 23.0106716156, 14.2731513977, 13.7898712158, 4.92931938171, 5.5583357811, 5.61440038681, 4.64736890793, 2.97260951996, 3.81251120567, 1.1670396328, 0.313070684671, 0.112150676548, 0.0258827898651, 0.00397404842079, 0.000145121011883, 1.28483079607e-05, 2.23406041187e-05]
    },
    "gfcc": {
        "mean": [-315.865722656, 81.8447952271, -134.170761108, 10.7667675018, -63.5191764832, -4.89160108566, -37.3546295166, -5.50021409988, -17.6349563599, -14.6310520172, -2.75636196136, -9.64506530762, -3.75743937492],
        "cov": [[238605.9375, 19995.4824219, -33553.0625, 2745.52636719, -15638.7158203, -972.92199707, -9296.58007812, -971.037780762, -4442.73681641, -3549.11157227, -726.838562012, -2427.97070312, -894.149047852], [19995.4824219, 2661.2644043, -2155.79199219, 240.378067017, -1332.25427246, -361.998168945, -800.685180664, -306.484802246, -453.809509277, -409.198059082, 46.7989044189, -332.869873047, -105.966491699], [-33553.0625, -2155.79199219, 5681.82568359, -216.820999146, 2194.03173828, -35.5995025635, 1193.12451172, 23.1226577759, 535.422607422, 453.679077148, 133.688278198, 262.074310303, 92.9495620728], [2745.52636719, 240.378067017, -216.820999146, 392.239257812, -66.400062561, -87.2000656128, -249.52243042, 42.7454223633, -8.638007164, -61.6068611145, -37.754940033, -15.0169839859, -0.832223176956], [-15638.7158203, -1332.25427246, 2194.03173828, -66.400062561, 1259.01867676, 122.976615906, 625.595947266, 143.83543396, 328.158782959, 274.651489258, -50.1935501099, 172.598770142, 47.1190681458], [-972.92199707, -361.998168945, -35.5995025635, -87.2000656128, 122.976615906, 418.024810791, 217.024215698, 30.1530895233, 2.25121760368, 128.474258423, -98.7008895874, 9.48239326477, -19.3217391968], [-9296.58007812, -800.685180664, 1193.12451172, -249.52243042, 625.595947266, 217.024215698, 597.416992188, 39.4481430054, 132.629852295, 194.852630615, 14.2746038437, 73.651512146, 24.2743625641], [-971.037780762, -306.484802246, 23.1226577759, 42.7454223633, 143.83543396, 30.1530895233, 39.4481430054, 190.383132935, 83.7525482178, 54.132144928, -34.9899101257, 61.622379303, 14.5869646072], [-4442.73681641, -453.809509277, 535.422607422, -8.638007164, 328.158782959, 2.25121760368, 132.629852295, 83.7525482178, 215.497329712, 82.814239502, -13.4333305359, 95.0691833496, 16.9813022614], [-3549.11157227, -409.198059082, 453.679077148, -61.6068611145, 274.651489258, 128.474258423, 194.852630615, 54.132144928, 82.814239502, 166.178741455, -27.9613456726, 63.9365882874, 1.59157371521], [-726.838562012, 46.7989044189, 133.688278198, -37.754940033, -50.1935501099, -98.7008895874, 14.2746038437, -34.9899101257, -13.4333305359, -27.9613456726, 169.284164429, 0.816308021545, 23.5641403198], [-2427.97070312, -332.869873047, 262.074310303, -15.0169839859, 172.598770142, 9.48239326477, 73.651512146, 61.622379303, 95.0691833496, 63.9365882874, 0.816308021545, 119.739891052, 26.7230472565], [-894.149047852, -105.966491699, 92.9495620728, -0.832223176956, 47.1190681458, -19.3217391968, 24.2743625641, 14.5869646072, 16.9813022614, 1.59157371521, 23.5641403198, 26.7230472565, 65.9083480835]],
        "icov": [[0.000344100873917, -0.00115529121831, 0.000898529600818, -0.000446366349934, 0.00109602429438, -0.000680707220454, 0.000929285422899, -0.00111973204184, 0.00093620660482, -0.000345824024407, 0.00060190242948, -0.000377899297746, 0.000165581310284], [-0.00115529121831, 0.00525532383472, -0.00293209520169, 0.000978792319074, -0.00288637401536, 0.00319231464528, -0.00321425683796, 0.00469238497317, -0.00264969421551, 0.00120871211402, -0.00169400835875, 0.00260298396461, 0.000272007659078], [0.000898529600818, -0.00293209520169, 0.00316218100488, -0.00135229667649, 0.00163649511524, -0.00111850281246, 0.00196668179706, -0.00194465182722, 0.00241748383269, -0.00140526285395, 0.00101757328957, -0.000807277276181, 0.000581885280553], [-0.000446366349934, 0.000978792319074, -0.00135229667649, 0.00556013826281, -0.00329067837447, -0.000213463921682, 0.00275955349207, -9.62324047578e-05, -0.00097786297556, 0.00100825924892, -0.00100974598899, 0.00090484978864, -0.000987970852293], [0.00109602429438, -0.00288637401536, 0.00163649511524, -0.00329067837447, 0.00955193862319, -0.00110402016435, -0.000427332473919, -0.0043065790087, 0.00113472004887, -0.00181829463691, 0.00455326167867, -0.00104302179534, 0.000383671082091], [-0.000680707220454, 0.00319231464528, -0.00111850281246, -0.000213463921682, -0.00110402016435, 0.00736010121182, -0.00513494666666, 0.00333461142145, -0.000822341127787, -0.00270976824686, 0.00152088678442, 0.00191516999621, 0.000529630458914], [0.000929285422899, -0.00321425683796, 0.00196668179706, 0.00275955349207, -0.000427332473919, -0.00513494666666, 0.0115290330723, -0.0036487088073, 0.0032122740522, -0.0019629271701, -0.000900350685697, 0.000385382561944, -0.000552486453671], [-0.00111973204184, 0.00469238497317, -0.00194465182722, -9.62324047578e-05, -0.0043065790087, 0.00333461142145, -0.0036487088073, 0.0126787135378, -0.0044779679738, -0.000472630053991, -0.00132260960527, 0.000235123952734, -0.000768366619013], [0.00093620660482, -0.00264969421551, 0.00241748383269, -0.00097786297556, 0.00113472004887, -0.000822341127787, 0.0032122740522, -0.0044779679738, 0.0131135201082, -0.00127691077068, 0.00188117288053, -0.00519619509578, 0.00186133035459], [-0.000345824024407, 0.00120871211402, -0.00140526285395, 0.00100825924892, -0.00181829463691, -0.00270976824686, -0.0019629271701, -0.000472630053991, -0.00127691077068, 0.0154175106436, -0.000384408078389, -0.00388124841265, 0.00224716472439], [0.00060190242948, -0.00169400835875, 0.00101757328957, -0.00100974598899, 0.00455326167867, 0.00152088678442, -0.000900350685697, -0.00132260960527, 0.00188117288053, -0.000384408078389, 0.0103193735704, -0.00125393900089, -0.00184715609066], [-0.000377899297746, 0.00260298396461, -0.000807277276181, 0.00090484978864, -0.00104302179534, 0.00191516999621, 0.000385382561944, 0.000235123952734, -0.00519619509578, -0.00388124841265, -0.00125393900089, 0.0179117508233, -0.00406029354781], [0.000165581310284, 0.000272007659078, 0.000581885280553, -0.000987970852293, 0.000383671082091, 0.000529630458914, -0.000552486453671, -0.000768366619013, 0.00186133035459, 0.00224716472439, -0.00184715609066, -0.00406029354781, 0.0190505478531]]
    },
    "melbands": {
        "max": [0.00109201832674, 0.00227744365111, 0.00561717059463, 0.00678847217932, 0.0294911954552, 0.0827713236213, 0.00799365434796, 0.0296028666198, 0.00598226394504, 0.00307150417939, 0.00477321771905, 0.00397008191794, 0.00264128693379, 0.00229098647833, 0.00226078624837, 0.00163528730627, 0.0027219960466, 0.00125763576943, 0.000603634049185, 0.000714202295057, 0.000696202157997, 0.00151221465785, 0.000498858920764, 0.000264107016847, 0.000264299829723, 0.000157726084581, 9.30816895561e-05, 7.60020848247e-05, 5.87964059378e-05, 6.80453886162e-05, 9.38676530495e-05, 9.68399835983e-05, 9.31549293455e-05, 6.6900611273e-05, 2.70933633146e-05, 4.97440232721e-05, 9.77835661615e-05, 2.70489726972e-05, 6.0786856011e-06, 6.3226234488e-06],
        "mean": [2.78190545941e-05, 6.22326115263e-05, 0.000176489600562, 0.000321821513353, 0.000504488940351, 0.000559923355468, 0.000234242441365, 0.000180771734449, 0.000161420393852, 0.000148741048179, 0.000242640147917, 0.00011114111112, 6.13465381321e-05, 7.59979084251e-05, 0.000103865444544, 5.31053992745e-05, 6.75862393109e-05, 3.83850201615e-05, 2.50675511779e-05, 2.57147767115e-05, 3.12185038638e-05, 5.05952702952e-05, 2.4699502319e-05, 1.45809417518e-05, 9.56055282586e-06, 5.76274533159e-06, 5.61518754694e-06, 4.70612485515e-06, 1.87598163848e-06, 8.97690881629e-07, 8.61684441134e-07, 7.3901696851e-07, 6.31532998341e-07, 5.70029044411e-07, 5.91195544075e-07, 4.9365422683e-07, 4.02288662826e-07, 2.07813513953e-07, 9.88573276572e-08, 6.00572604981e-08],
        "min": [5.61681191861e-25, 6.25967587092e-25, 1.06951957011e-24, 2.94882122828e-25, 3.59095696336e-25, 8.31430699288e-25, 1.19365501797e-24, 1.45311334185e-24, 9.29446469546e-25, 1.59091432579e-24, 1.78130452476e-24, 1.33817463163e-24, 1.33761749862e-24, 1.62958172357e-24, 2.42322194258e-24, 2.6680058759e-24, 1.89943190937e-24, 2.00958193807e-24, 2.30125674967e-24, 3.09134748904e-24, 2.84654758129e-24, 3.1072639411e-24, 2.91050132374e-24, 3.70179842865e-24, 2.8534771327e-24, 4.34661136042e-24, 4.59880743081e-24, 3.20579464031e-24, 4.20312545037e-24, 3.99439206599e-24, 3.89357998104e-24, 3.30984736586e-24, 4.46519017068e-24, 4.92479355027e-24, 4.4496243673e-24, 4.6244773591e-24, 5.70647108809e-24, 5.54838020724e-24, 6.24012917958e-24, 5.59451910386e-24],
        "stdev": [0.000130621236167, 0.000173942826223, 0.000409282685723, 0.000597044709139, 0.00112116173841, 0.00251465616748, 0.000560541113373, 0.000963316357229, 0.000398182193749, 0.000311851588776, 0.000523334136233, 0.000274397229077, 0.000158359718625, 0.000188627818716, 0.000238611115492, 0.00013163802214, 0.000156809735927, 9.62065096246e-05, 6.98869989719e-05, 6.34163807263e-05, 6.76825657138e-05, 0.000134680842166, 4.98043409607e-05, 2.87494203803e-05, 1.93911600945e-05, 1.10266455522e-05, 9.4724491646e-06, 9.65117214946e-06, 4.23029905505e-06, 2.75500565294e-06, 3.49787387677e-06, 3.31950195687e-06, 3.04266723106e-06, 2.37671065406e-06, 1.76035632649e-06, 1.82137932825e-06, 2.62687149188e-06, 9.78338448476e-07, 3.13209824299e-07, 2.6115966989e-07]
    },
    "melbands128": {
        "max": [4.75173401355e-05, 0.000612301577348, 0.00202133017592, 0.00133426929824, 0.00143350241706, 0.00560895213857, 0.00573642924428, 0.00536636309698, 0.0178845655173, 0.00714048091322, 0.0108931176364, 0.0108360843733, 0.0283081755042, 0.0796447768807, 0.141429156065, 0.0810984969139, 0.0176455061883, 0.00702548073605, 0.00959983840585, 0.027924131602, 0.0538205765188, 0.0081637557596, 0.00608611525968, 0.00927085988224, 0.0045428564772, 0.00499148340896, 0.00643406482413, 0.00828785263002, 0.00742467679083, 0.00636335927993, 0.00409681117162, 0.00229370594025, 0.00481037935242, 0.0024173585698, 0.00555569399148, 0.00177985720802, 0.00413968646899, 0.00479562953115, 0.00252373958938, 0.00114517682232, 0.0027977807913, 0.00282789650373, 0.00471596606076, 0.0023526197765, 0.0024952806998, 0.00169861281756, 0.00092008523643, 0.000917187018786, 0.00110622902866, 0.000980306183919, 0.000884586188477, 0.000895396282431, 0.000707743340172, 0.000874973426107, 0.00216818554327, 0.00302289216779, 0.00120368564967, 0.00086896889843, 0.000739856041037, 0.00043471736717, 0.000332665891619, 0.00042384309927, 0.000360516336514, 0.000262924848357, 0.000249154138146, 0.000214619227336, 0.000269241223577, 0.000141856347909, 8.79440485733e-05, 0.000212102284422, 0.00012722449901, 0.000196965178475, 0.000200422131456, 5.01170288771e-05, 3.09833376377e-05, 6.3849693106e-05, 8.7585322035e-05, 9.00573868421e-05, 9.61765617831e-05, 0.000149549348862, 9.60219695116e-05, 0.000104399790871, 9.53961134655e-05, 0.000107565530925, 9.61338664638e-05, 8.88413269422e-05, 5.92666583543e-05, 6.6774613515e-05, 2.9614651794e-05, 2.74236954283e-05, 2.29403340199e-05, 6.19415877736e-05, 8.48972122185e-05, 0.000115255745186, 0.000109675238491, 2.79372288787e-05, 1.55686229846e-05, 1.05782883111e-05, 7.41280473449e-06, 4.90099819217e-06, 8.58907969814e-06, 6.1382675085e-06, 6.43947214485e-06, 6.04845354246e-06, 1.79033509085e-06, 1.21921198115e-06, 1.23187510326e-06, 1.43956469856e-06, 7.86839677858e-07, 6.59334148168e-07, 4.72007030794e-07, 7.2798485462e-07, 3.5307584767e-07, 8.44531840016e-08, 1.42486591415e-08, 1.2769604929e-08, 1.36909630299e-08, 1.55281065783e-09, 6.40182751255e-09, 2.67331734527e-09, 9.61633550567e-10, 3.23135962432e-10, 2.5399107817e-10, 2.47078024707e-10, 2.44111425518e-10, 2.41551889602e-10, 2.37947883619e-10, 2.36271363585e-10],
        "mean": [1.40954978178e-06, 1.3342467355e-05, 4.51589367003e-05, 4.43311837444e-05, 4.57966307295e-05, 9.24317719182e-05, 9.47238368099e-05, 0.00016055717424, 0.000377172982553, 0.000242180816713, 0.00034457995207, 0.000506840355229, 0.000521850422956, 0.000545449380297, 0.00062779331347, 0.00056274299277, 0.000350275251549, 0.000144412901136, 0.000126353581436, 0.000199670103029, 0.000217539316509, 9.72826601355e-05, 0.000171816907823, 0.000205473173992, 0.000130145199364, 0.000121517055959, 0.000186190038221, 0.000349813635694, 0.000194395106519, 0.000111831723189, 9.80297554634e-05, 6.51758455206e-05, 5.26213189005e-05, 6.23611340416e-05, 6.68473439873e-05, 6.75653864164e-05, 0.000111301000288, 0.000147993574501, 6.31792499917e-05, 4.15914837504e-05, 6.315275823e-05, 4.81074166601e-05, 6.81295132381e-05, 8.87317655724e-05, 4.12591216445e-05, 3.22765226883e-05, 2.64428326773e-05, 2.61721979768e-05, 2.47958250839e-05, 1.97117824428e-05, 2.62058310909e-05, 3.35680088028e-05, 2.00076137844e-05, 2.99736075249e-05, 5.59673571843e-05, 6.62429156364e-05, 3.31828523485e-05, 2.11612532439e-05, 2.6604589948e-05, 2.15342970478e-05, 1.2489740584e-05, 9.5294926723e-06, 1.38683199111e-05, 8.42245935928e-06, 4.67309155283e-06, 5.34547007192e-06, 7.39527285987e-06, 4.90369893669e-06, 5.1326655921e-06, 6.57050486552e-06, 4.69674387205e-06, 4.00567114411e-06, 3.28930923388e-06, 1.11995802854e-06, 7.82531571986e-07, 9.14832355647e-07, 9.41666257859e-07, 8.85546683094e-07, 8.45485885748e-07, 8.32487330626e-07, 8.37861762193e-07, 6.40585369638e-07, 6.42174200038e-07, 5.98771691784e-07, 6.67824508582e-07, 6.22470395228e-07, 5.09530082127e-07, 5.24189545104e-07, 6.67974461521e-07, 5.6670540971e-07, 5.08412938416e-07, 4.56958758832e-07, 5.03782075612e-07, 4.16719501573e-07, 3.50131045934e-07, 2.54368870856e-07, 1.72197360371e-07, 1.46685380287e-07, 1.04649963362e-07, 7.1147930214e-08, 6.03283751843e-08, 5.8307961126e-08, 6.29962215726e-08, 3.78822555547e-08, 2.23734311078e-08, 1.94235063589e-08, 1.58935531402e-08, 1.46101886145e-08, 1.52544004095e-08, 1.09164410844e-08, 6.00442584542e-09, 2.10534789602e-09, 9.75969860484e-10, 2.30551924774e-10, 6.75716149701e-11, 6.6872390958e-10, 1.33074229414e-09, 3.73046350755e-11, 4.67106665847e-11, 1.98701610721e-11, 3.27258879718e-12, 2.15923698192e-12, 1.91806705067e-12, 1.87460116874e-12, 1.82814679194e-12, 1.76945838624e-12, 1.73368990605e-12, 1.72118666975e-12],
        "min": [3.31703395804e-28, 1.13470060756e-25, 1.69201197839e-25, 1.2291005106e-25, 4.57292929255e-26, 2.35901408832e-25, 2.16223766589e-25, 1.80481095271e-25, 1.91900707365e-25, 2.6395717297e-25, 2.47999872712e-25, 1.43848305355e-25, 1.52287218844e-25, 8.69918458644e-26, 3.57793089766e-25, 1.05948777389e-25, 7.08927158113e-25, 2.93009884729e-25, 3.81679551458e-25, 5.44333598214e-25, 5.28927637773e-25, 3.46251142603e-25, 3.47551086767e-25, 2.65254232862e-25, 7.87421628499e-25, 5.82380014546e-25, 1.90267420164e-25, 8.2514732357e-25, 4.75816936379e-25, 6.07629726489e-25, 6.74186364797e-25, 4.91358334377e-25, 5.20425886582e-25, 4.40238027655e-25, 8.54986973386e-25, 6.90962083592e-25, 4.77884195685e-25, 6.4760342862e-25, 7.62838849148e-25, 9.74083177792e-25, 7.22266204375e-25, 7.85659559756e-25, 8.96184839731e-25, 4.71633163265e-25, 1.35465127354e-24, 4.95810616022e-25, 7.47182967712e-25, 1.17065114372e-24, 1.21578749675e-24, 1.21531496906e-24, 1.27657337101e-24, 1.10358623247e-24, 9.27035809227e-25, 1.15167972921e-24, 1.08609758064e-24, 1.15622800536e-24, 1.02339763399e-24, 1.77237915526e-24, 1.40179951769e-24, 1.14064760806e-24, 2.20766037542e-24, 1.29625594364e-24, 1.80021371787e-24, 1.62232104779e-24, 1.67181911137e-24, 1.83757555085e-24, 1.50438851183e-24, 1.58396091134e-24, 1.91750352941e-24, 1.5922549949e-24, 1.77236771678e-24, 1.68412139719e-24, 1.66482723995e-24, 1.99657263567e-24, 2.86498089406e-24, 2.178144553e-24, 2.65916806997e-24, 1.68978620735e-24, 2.40819532563e-24, 2.6174712491e-24, 2.09682009342e-24, 2.72724834381e-24, 2.70252209038e-24, 3.38110004384e-24, 2.60063695738e-24, 2.71671527579e-24, 2.91530134513e-24, 2.97840804818e-24, 2.71203240024e-24, 2.87169074771e-24, 3.45107989474e-24, 3.10570672967e-24, 3.59677422089e-24, 2.04105216338e-24, 2.67157645757e-24, 3.32231807348e-24, 3.21367220531e-24, 3.2201313984e-24, 3.58554044717e-24, 4.39616563034e-24, 4.29297552419e-24, 3.63075637654e-24, 4.61174514409e-24, 4.09709031737e-24, 4.25898311335e-24, 3.35213977671e-24, 4.2336918383e-24, 4.84244712139e-24, 3.97259228931e-24, 4.01115969896e-24, 4.58536129668e-24, 4.12656768281e-24, 3.24171384391e-24, 4.62454598999e-24, 4.51802373538e-24, 4.94342920586e-24, 3.81144693903e-24, 5.27942123705e-24, 4.68627435583e-24, 3.78186071078e-24, 4.6165674508e-24, 5.41253047075e-24, 4.96072853109e-24, 5.23405305753e-24, 4.03726192302e-24, 5.61056966227e-24, 5.33655409368e-24, 4.89082756627e-24],
        "stdev": [2.97668884741e-06, 6.77242933307e-05, 0.000239425891778, 0.000164626122569, 0.000126770639326, 0.000358686258551, 0.000337877572747, 0.000449889485026, 0.00107273296453, 0.000553833902813, 0.00086249638116, 0.00112897367217, 0.00133897073101, 0.00242612347938, 0.00404840894043, 0.00267317402177, 0.000931052549277, 0.000545150134712, 0.000568572082557, 0.00114436470903, 0.00154867349193, 0.000373182730982, 0.000482510513393, 0.000668811204378, 0.00035710024531, 0.000347890483681, 0.000517903419677, 0.000856989296153, 0.000472129526315, 0.000399578741053, 0.000299429608276, 0.000197349436348, 0.000202970186365, 0.000181307827006, 0.000332200201228, 0.000192849882296, 0.000321949919453, 0.000447000580607, 0.000166733996593, 0.000117360461445, 0.000210131867789, 0.00016526041145, 0.000208804980502, 0.000228722856264, 0.000125173522974, 0.000110417167889, 8.71816664585e-05, 7.9454985098e-05, 8.1227204646e-05, 5.84699519095e-05, 6.91930545145e-05, 0.000101195080788, 5.83645123697e-05, 8.11621139292e-05, 0.000169584236573, 0.000230515186558, 9.3489754363e-05, 5.33080128662e-05, 6.76461859257e-05, 4.91755381518e-05, 3.0655257433e-05, 2.59898279182e-05, 3.23760286847e-05, 1.99394598894e-05, 1.15980665214e-05, 1.33300327434e-05, 1.78596274054e-05, 1.09993397928e-05, 9.95206301013e-06, 1.59797255037e-05, 1.24144526126e-05, 1.18177449622e-05, 1.08728027044e-05, 2.76274204225e-06, 2.25118697017e-06, 2.69979204859e-06, 3.36157290803e-06, 3.40456381309e-06, 3.30044304064e-06, 4.54037808595e-06, 3.59776845471e-06, 3.1007200505e-06, 2.87257262244e-06, 3.15222632707e-06, 3.39815596817e-06, 2.77323670161e-06, 2.21392861022e-06, 2.33437958741e-06, 2.10915436583e-06, 1.68219889929e-06, 1.53097028033e-06, 1.96035625777e-06, 2.72919896815e-06, 3.13422833642e-06, 2.7261305604e-06, 1.31983279061e-06, 7.06866615019e-07, 5.30335000803e-07, 3.25812038682e-07, 2.21490751073e-07, 2.8734280022e-07, 2.75162477692e-07, 2.94831977499e-07, 2.26353975563e-07, 1.04249373578e-07, 7.65667493852e-08, 6.03564132007e-08, 5.94111035923e-08, 5.11453670526e-08, 4.13732834659e-08, 2.4344696925e-08, 2.193640114e-08, 1.42665994574e-08, 3.05136249601e-09, 4.52208909207e-10, 9.34904265115e-10, 1.91450544307e-09, 1.09017572747e-10, 3.11003889308e-10, 1.43270104114e-10, 3.01085406607e-11, 9.88893515685e-12, 6.62219844932e-12, 6.45992634385e-12, 6.37607848464e-12, 6.30454412634e-12, 6.22148556631e-12, 6.180527444e-12]
    },
    "mfcc": {
        "mean": [-810.954772949, 99.6782836914, -25.6896686554, 3.98827624321, -10.7039203644, -11.1947517395, -11.39930439, -1.32769680023, -15.8535003662, -1.47653436661, -10.348572731, -4.38863229752, -7.82470655441],
        "cov": [[58440.921875, 11144.9287109, -3728.09375, 235.832885742, -1193.64587402, -1458.42419434, -1227.20825195, 30.6522502899, -1714.75170898, -43.9928512573, -1162.95068359, -493.110687256, -822.151367188], [11144.9287109, 3519.37402344, -115.88079071, 296.086486816, -279.794891357, -354.867279053, -232.799041748, -160.611663818, -573.630554199, -26.4229602814, -355.889526367, -180.366027832, -198.97102356], [-3728.09375, -115.88079071, 1030.41931152, 232.525375366, 153.643386841, 28.8294906616, 85.1558837891, -120.166160583, -92.8011779785, 16.0609989166, -62.994758606, -0.903513789177, 42.620803833], [235.832885742, 296.086486816, 232.525375366, 460.184631348, 240.737701416, -174.079803467, -126.211402893, -22.0083332062, -60.3094177246, -26.7037239075, -100.902839661, 51.7218971252, 36.4830856323], [-1193.64587402, -279.794891357, 153.643386841, 240.737701416, 301.768981934, -38.2665290833, -78.6229476929, 30.1371841431, 71.4749984741, -5.71968603134, -12.9310760498, 69.3646850586, 32.0398139954], [-1458.42419434, -354.867279053, 28.8294906616, -174.079803467, -38.2665290833, 382.453613281, 138.804168701, 7.42994832993, 167.392211914, 30.101984024, 122.710624695, -36.5852966309, -19.7329921722], [-1227.20825195, -232.799041748, 85.1558837891, -126.211402893, -78.6229476929, 138.804168701, 266.262634277, -9.32974338531, 36.7434959412, 60.7405662537, 37.7895393372, -51.8616294861, 48.5102043152], [30.6522502899, -160.611663818, -120.166160583, -22.0083332062, 30.1371841431, 7.42994832993, -9.32974338531, 101.671974182, 75.3802337646, 4.978307724, 30.2424526215, 28.453578949, 12.6099224091], [-1714.75170898, -573.630554199, -92.8011779785, -60.3094177246, 71.4749984741, 167.392211914, 36.7434959412, 75.3802337646, 276.846862793, 26.5271968842, 118.4868927, 31.1433677673, 29.3121852875], [-43.9928512573, -26.4229602814, 16.0609989166, -26.7037239075, -5.71968603134, 30.101984024, 60.7405662537, 4.978307724, 26.5271968842, 87.566986084, 14.8060913086, -22.7818012238, 4.92008161545], [-1162.95068359, -355.889526367, -62.994758606, -100.902839661, -12.9310760498, 122.710624695, 37.7895393372, 30.2424526215, 118.4868927, 14.8060913086, 156.709320068, 35.8457489014, 11.566857338], [-493.110687256, -180.366027832, -0.903513789177, 51.7218971252, 69.3646850586, -36.5852966309, -51.8616294861, 28.453578949, 31.1433677673, -22.7818012238, 35.8457489014, 104.093696594, 34.1997070312], [-822.151367188, -198.97102356, 42.620803833, 36.4830856323, 32.0398139954, -19.7329921722, 48.5102043152, 12.6099224091, 29.3121852875, 4.92008161545, 11.566857338, 34.1997070312, 109.424987793]],
        "icov": [[9.85741644399e-05, -0.000261595560005, 0.000324351829477, 3.91498942918e-05, -2.50508419413e-05, -7.77504974394e-05, 0.000131351684104, -0.000214576211874, 0.000204316573218, -0.000268275267445, 0.00025471119443, -0.000113926267659, 5.13939048687e-05], [-0.000261595560005, 0.00140354211908, -0.000652592396364, -0.00114059715997, 0.00117520650383, -0.00014634107356, 0.000113886802865, 0.000451782514574, 0.000397544819862, 0.00014223656035, -0.00015416831593, 0.00067282730015, 0.000441186624812], [0.000324351829477, -0.000652592396364, 0.00268064485863, -0.000696938892361, -0.00059128808789, -0.000931583170313, -0.000186795266927, 0.000810772820842, 0.00160036247689, -0.00124044762924, 0.00117394700646, -0.000675723189488, 0.000147294849739], [3.91498942918e-05, -0.00114059715997, -0.000696938892361, 0.00731705594808, -0.00557884760201, 0.00154530559666, 0.000621441402473, 0.00125170056708, -0.000855931430124, 0.000782829825766, 0.000887430622242, -0.000344186497387, -0.00224766554311], [-2.50508419413e-05, 0.00117520650383, -0.00059128808789, -0.00557884760201, 0.0103132100776, -0.00103570858482, 0.00162127590738, -0.00181974330917, -0.00143428391311, -0.00181781046558, 0.00196627690457, -0.00232207030058, 0.00130733288825], [-7.77504974394e-05, -0.00014634107356, -0.000931583170313, 0.00154530559666, -0.00103570858482, 0.00658402126282, -0.00271320715547, 0.00149528088514, -0.00386569858529, 0.0020313046407, -0.00299735483713, 0.00174522900488, 0.00223402120173], [0.000131351684104, 0.000113886802865, -0.000186795266927, 0.000621441402473, 0.00162127590738, -0.00271320715547, 0.00884856004268, -0.000942785991356, 0.00176354974974, -0.00425596209243, 0.000588433060329, 0.00313626904972, -0.00504200486466], [-0.000214576211874, 0.000451782514574, 0.000810772820842, 0.00125170056708, -0.00181974330917, 0.00149528088514, -0.000942785991356, 0.0161062777042, -0.00433188816532, -7.43554628571e-05, 0.000286499795038, -0.00274655269459, -0.000167579826666], [0.000204316573218, 0.000397544819862, 0.00160036247689, -0.000855931430124, -0.00143428391311, -0.00386569858529, 0.00176354974974, -0.00433188816532, 0.0110192745924, -0.0025837556459, -0.0024256829638, 0.00125848245807, -0.00161228794605], [-0.000268275267445, 0.00014223656035, -0.00124044762924, 0.000782829825766, -0.00181781046558, 0.0020313046407, -0.00425596209243, -7.43554628571e-05, -0.0025837556459, 0.0160698592663, -0.00275950063951, 0.00350139476359, 0.000425960635766], [0.00025471119443, -0.00015416831593, 0.00117394700646, 0.000887430622242, 0.00196627690457, -0.00299735483713, 0.000588433060329, 0.000286499795038, -0.0024256829638, -0.00275950063951, 0.0148931015283, -0.00692052114755, 0.000832663092297], [-0.000113926267659, 0.00067282730015, -0.000675723189488, -0.000344186497387, -0.00232207030058, 0.00174522900488, 0.00313626904972, -0.00274655269459, 0.00125848245807, 0.00350139476359, -0.00692052114755, 0.0193335358053, -0.00513934902847], [5.13939048687e-05, 0.000441186624812, 0.000147294849739, -0.00224766554311, 0.00130733288825, 0.00223402120173, -0.00504200486466, -0.000167579826666, -0.00161228794605, 0.000425960635766, 0.000832663092297, -0.00513934902847, 0.0152246467769]]
    },
    "spectral_contrast_coeffs": {
        "max": [-0.327858090401, -0.405115932226, -0.496976494789, -0.589381575584, -0.599886834621, -0.579657495022],
        "mean": [-0.684977293015, -0.765795886517, -0.78222244978, -0.815114378929, -0.796212375164, -0.805315554142],
        "min": [-0.981216669083, -0.998500406742, -0.995371699333, -0.987750947475, -0.971050560474, -0.966730237007],
        "stdev": [0.171929642558, 0.133198395371, 0.116965450346, 0.0926481708884, 0.0984153300524, 0.0851178914309]
    },
    "spectral_contrast_valleys": {
        "max": [-5.95960092545, -4.87432336807, -5.04166555405, -5.24385166168, -5.77340745926, -8.28061199188],
        "mean": [-12.1735239029, -11.2382631302, -11.6458082199, -11.905831337, -12.0137386322, -14.4783992767],
        "min": [-28.3330192566, -28.0906410217, -27.8828830719, -27.943529129, -27.6684894562, -27.406414032],
        "stdev": [7.70506715775, 8.14516353607, 7.98608493805, 7.85140991211, 7.7880282402, 6.54101657867]
    }
},
"rhythm": {
    "beats_count": 111,
    "beats_loudness": {
        "max": 0.337671518326,
        "mean": 0.0200044251978,
        "min": 0,
        "stdev": 0.0350973829627
    },
    "bpm": 142.456863403,
    "bpm_histogram_first_peak_bpm": 144,
    "bpm_histogram_first_peak_weight": 0.548387110233,
    "bpm_histogram_second_peak_bpm": 167,
    "bpm_histogram_second_peak_spread": 0,
    "bpm_histogram_second_peak_weight": 0.127272725105,
    "danceability": 0.845955550671,
    "onset_rate": 1.34678173065,
    "beats_loudness_band_ratio": {
        "max": [0.875212073326, 0.945329070091, 0.806313216686, 0.769783854485, 0.696399569511, 0.169844180346],
        "mean": [0.0718833133578, 0.33590567112, 0.217558652163, 0.166625127196, 0.100998990238, 0.0236531179398],
        "min": [0, 0, 0, 0, 0, 0],
        "stdev": [0.151281744242, 0.311466634274, 0.202208593488, 0.193415164948, 0.149217903614, 0.0307508260012]
    },
