{
"metadata": {
    "version": {
        "essentia": "2.1-beta5",
        "essentia_git_sha": "Undefined",
        "extractor": "music 2.0"
    },
    "audio_properties": {
        "analysis": {
            "equal_loudness": 0,
            "length": 48.7502937317,
            "sample_rate": 44100,
            "start_time": 93.9943771362,
            "downmix": "mix"
        },
        "bit_rate": 192000,
        "length": 184.621871948,
        "lossless": 0,
        "number_channels": 2,
        "replay_gain": -8.77320671082,
        "sample_rate": 48000,
        "codec": "mp3",
        "md5_encoded": "3b150453f562eca4257cad4548864b3b"
    },
    "tags": {
        "file_name": "BosniaHerzegovina_Goodbye_Alma Cardzic.mp3",
        "encoding": ["Lavf58.29.100"]
    }
},
"lowlevel": {
    "average_loudness": 0.940990567207,
    "barkbands_crest": {
        "max": 22.8365077972,
        "mean": 8.82579612732,
        "min": 2.18362927437,
        "stdev": 3.45552325249
    },
    "barkbands_flatness_db": {
        "max": 0.333770573139,
        "mean": 0.145892783999,
        "min": 0.04155607149,
        "stdev": 0.0426352284849
    },
    "barkbands_kurtosis": {
        "max": 43.6524848938,
        "mean": 2.66245794296,
        "min": -1.77315056324,
        "stdev": 5.13331794739
    },
    "barkbands_skewness": {
        "max": 5.8696808815,
        "mean": 1.12557125092,
        "min": -1.5182595253,
        "stdev": 1.01113724709
    },
    "barkbands_spread": {
        "max": 92.2055664062,
        "mean": 21.6732883453,
        "min": 1.736577034,
        "stdev": 11.7695159912
    },
    "dissonance": {
        "max": 0.499973654747,
        "mean": 0.464119464159,
        "min": 0.24921707809,
        "stdev": 0.0257256515324
    },
    "dynamic_complexity": 2.75538396835,
    "erbbands_crest": {
        "max": 25.227640152,
        "mean": 9.43800640106,
        "min": 2.51617693901,
        "stdev": 4.02585887909
    },
    "erbbands_flatness_db": {
        "max": 0.308743029833,
        "mean": 0.181874245405,
        "min": 0.0704175010324,
        "stdev": 0.0417573414743
    },
    "erbbands_kurtosis": {
        "max": 11.4790906906,
        "mean": 0.675032794476,
        "min": -1.74787890911,
        "stdev": 1.9661295414
    },
    "erbbands_skewness": {
        "max": 2.66085934639,
        "mean": 0.46781924367,
        "min": -1.93735647202,
        "stdev": 0.741942405701
    },
    "erbbands_spread": {
        "max": 96.3678741455,
        "mean": 33.1360816956,
        "min": 5.9689874649,
        "stdev": 15.5149736404
    },
    "hfc": {
        "max": 109.341819763,
        "mean": 22.1957416534,
        "min": 0.446654617786,
        "stdev": 16.2337150574
    },
    "loudness_ebu128": {
        "integrated": -14.877869606,
        "loudness_range": 3.52937698364,
        "momentary": {
            "max": -11.4013137817,
            "mean": -15.3089227676,
            "min": -22.9232883453,
            "stdev": 2.03554153442
        },
        "short_term": {
            "max": -12.8280544281,
            "mean": -14.9757680893,
            "min": -17.7534542084,
            "stdev": 1.21309673786
        }
    },
    "melbands_crest": {
        "max": 26.0636615753,
        "mean": 11.5558986664,
        "min": 4.39110851288,
        "stdev": 4.08477640152
    },
    "melbands_flatness_db": {
        "max": 0.422912240028,
        "mean": 0.181162104011,
        "min": 0.0597673878074,
        "stdev": 0.0586090348661
    },
    "melbands_kurtosis": {
        "max": 105.821609497,
        "mean": 7.62402820587,
        "min": -1.40938186646,
        "stdev": 11.0517854691
    },
    "melbands_skewness": {
        "max": 7.94556713104,
        "mean": 1.85717463493,
        "min": -1.04771339893,
        "stdev": 1.29168152809
    },
    "melbands_spread": {
        "max": 131.975402832,
        "mean": 26.6602077484,
        "min": 1.58507466316,
        "stdev": 15.8705701828
    },
    "pitch_salience": {
        "max": 0.835869431496,
        "mean": 0.569919705391,
        "min": 0.188968330622,
        "stdev": 0.0991818904877
    },
    "silence_rate_20dB": {
        "max": 1,
        "mean": 1,
        "min": 1,
        "stdev": 0
    },
    "silence_rate_30dB": {
        "max": 1,
        "mean": 1,
        "min": 1,
        "stdev": 0
    },
    "silence_rate_60dB": {
        "max": 1,
        "mean": 0.0128510231152,
        "min": 0,
        "stdev": 0.112633690238
    },
    "spectral_centroid": {
        "max": 3849.3125,
        "mean": 1479.21813965,
        "min": 215.162612915,
        "stdev": 624.160461426
    },
    "spectral_complexity": {
        "max": 45,
        "mean": 18.7315559387,
        "min": 1,
        "stdev": 7.75170660019
    },
    "spectral_decrease": {
        "max": -1.11140374681e-10,
        "mean": -6.18440543221e-09,
        "min": -2.86836119301e-08,
        "stdev": 4.4119792264e-09
    },
    "spectral_energy": {
        "max": 0.11114937067,
        "mean": 0.0253546126187,
        "min": 0.000495520594995,
        "stdev": 0.0177366603166
    },
    "spectral_energyband_high": {
        "max": 0.00570829771459,
        "mean": 0.000776925357059,
        "min": 1.31077399601e-06,
        "stdev": 0.000794322695583
    },
    "spectral_energyband_low": {
        "max": 0.0833950787783,
        "mean": 0.00617977231741,
        "min": 1.27998619064e-05,
        "stdev": 0.00961299240589
    },
    "spectral_energyband_middle_high": {
        "max": 0.0580551177263,
        "mean": 0.00810200627893,
        "min": 3.72357426386e-05,
        "stdev": 0.00834543723613
    },
    "spectral_energyband_middle_low": {
        "max": 0.0627999380231,
        "mean": 0.0112117836252,
        "min": 0.000169362305314,
        "stdev": 0.00955125223845
    },
    "spectral_entropy": {
        "max": 8.52525234222,
        "mean": 7.46443510056,
        "min": 5.96876621246,
        "stdev": 0.344547331333
    },
    "spectral_flux": {
        "max": 0.276711702347,
        "mean": 0.0884864851832,
        "min": 0.0126860449091,
        "stdev": 0.0437478609383
    },
    "spectral_kurtosis": {
        "max": 31.3316192627,
        "mean": 3.79840016365,
        "min": -0.442784547806,
        "stdev": 2.62119483948
    },
    "spectral_rms": {
        "max": 0.0104133766145,
        "mean": 0.00467835413292,
        "min": 0.000695294700563,
        "stdev": 0.00168796954677
    },
    "spectral_rolloff": {
        "max": 10443.6035156,
        "mean": 1570.36755371,
        "min": 86.1328125,
        "stdev": 1111.72631836
    },
    "spectral_skewness": {
        "max": 4.37425899506,
        "mean": 1.38147950172,
        "min": 0.338163018227,
        "stdev": 0.44778367877
    },
    "spectral_spread": {
        "max": 10607198,
        "mean": 4039083.75,
        "min": 1779192.5,
        "stdev": 1117493.75
    },
    "spectral_strongpeak": {
        "max": 10.8328409195,
        "mean": 1.37509942055,
        "min": 0.0229565929621,
        "stdev": 1.5859400034
    },
    "zerocrossingrate": {
        "max": 0.2626953125,
        "mean": 0.060919418931,
        "min": 0.005859375,
        "stdev": 0.0256146304309
    },
    "barkbands": {
        "max": [0.00116084027104, 0.0461063571274, 0.0590366050601, 0.0228301864117, 0.0312170069665, 0.0231626760215, 0.0363031625748, 0.0314345397055, 0.0492007210851, 0.0417796447873, 0.0406166017056, 0.0239895861596, 0.0316660776734, 0.0231605153531, 0.0421651490033, 0.00761230336502, 0.00725690554827, 0.00540936738253, 0.00662418780848, 0.00469849724323, 0.00407846178859, 0.00185461179353, 0.00204774481244, 0.00104976911098, 0.00118920044042, 0.000334412441589, 1.35332984428e-05],
        "mean": [6.09585367783e-05, 0.00359933660366, 0.00209772423841, 0.00101622857619, 0.00213492428884, 0.00175410904922, 0.00177383190021, 0.00128741690423, 0.00247563351877, 0.002047249116, 0.00121925049461, 0.000964711012784, 0.000992663088255, 0.000662835605908, 0.000667965505272, 0.000414141046349, 0.000378978002118, 0.000392437155824, 0.000458261871245, 0.000448060891358, 0.000222857648623, 9.21876708162e-05, 8.91700401553e-05, 6.20786959189e-05, 3.1237184885e-05, 1.03617285276e-05, 2.38028494692e-08],
        "min": [2.0440134918e-08, 1.67340328971e-06, 7.4054810284e-07, 1.29775730784e-06, 6.91582727086e-06, 8.92653861229e-06, 3.65428195437e-06, 2.89507443085e-06, 9.07029698283e-06, 1.27973771669e-06, 1.79299956926e-06, 5.10826851041e-07, 1.39624694384e-06, 8.64741537043e-07, 5.52319932012e-07, 6.17275077275e-07, 4.66850252678e-07, 4.48376368922e-07, 5.72712735902e-07, 4.51283369785e-07, 3.57863910949e-07, 3.40289261658e-07, 1.32941977427e-07, 7.39905914315e-08, 2.04151522354e-08, 2.24963936368e-11, 2.07458581564e-11],
        "stdev": [9.45579522522e-05, 0.00604311609641, 0.0043870205991, 0.00177415972576, 0.0031580911018, 0.00217225262895, 0.00322731444612, 0.00232521095313, 0.00445098616183, 0.00389959174208, 0.00303930928931, 0.00199845037423, 0.00226885243319, 0.00180350348819, 0.00179066660348, 0.000870469899382, 0.000756776018534, 0.000623563129921, 0.000587209360674, 0.000610498304013, 0.000311024370603, 0.000144226884004, 0.000129662672407, 8.18361295387e-05, 6.28372727078e-05, 2.27856162383e-05, 3.05438021542e-07]
    },
    "erbbands": {
        "max": [1.0419408083, 11.2184648514, 54.5564880371, 58.4622116089, 146.053192139, 117.976730347, 116.323143005, 243.554931641, 613.020751953, 568.623596191, 542.837219238, 1132.39868164, 1154.81103516, 2016.13586426, 946.188598633, 1096.93591309, 1532.76977539, 1328.02624512, 1876.54736328, 880.162109375, 412.268035889, 405.318328857, 371.57144165, 394.02520752, 244.084396362, 308.679962158, 245.3699646, 85.0755081177, 106.186981201, 64.8937149048, 61.6945762634, 34.4608306885, 19.8506069183, 14.4053030014, 7.91227865219, 2.31752133369, 0.362375795841, 0.0243255719543, 0.00192733341828, 0.000218630055315],
        "mean": [0.0776887908578, 0.905252695084, 2.29466795921, 3.05874300003, 5.51206111908, 6.76917505264, 8.2152967453, 18.2152481079, 26.7653446198, 24.6264610291, 26.8977165222, 62.0961799622, 66.4544219971, 64.4271469116, 40.8236961365, 40.0734100342, 45.4060554504, 40.1689033508, 39.2897148132, 26.9422721863, 21.5954265594, 20.533493042, 22.4340705872, 23.9404602051, 20.1441116333, 21.6842536926, 14.4811058044, 6.05444383621, 3.67097568512, 2.47755479813, 2.7153544426, 1.61211383343, 0.861358880997, 0.419104486704, 0.190151974559, 0.0775151401758, 0.0119277462363, 0.000517074659001, 3.09254137392e-05, 3.22190135194e-05],
        "min": [7.32330518076e-05, 0.000505083997268, 0.00473162066191, 0.00913851428777, 0.0107157677412, 0.0280200634152, 0.0672084391117, 0.146105796099, 0.171346053481, 0.174852505326, 0.127692103386, 0.228899642825, 0.0893117487431, 0.138556838036, 0.0760389640927, 0.0367088876665, 0.0723085328937, 0.083198569715, 0.0401830412447, 0.04414845258, 0.058934096247, 0.0294612478465, 0.0271024946123, 0.0202132631093, 0.033649712801, 0.0173706132919, 0.018051110208, 0.00959338899702, 0.0130931539461, 0.00748838065192, 0.00363196455874, 0.00181926158257, 0.000817413791083, 0.000402297475375, 0.000102800222521, 4.71205521535e-06, 1.70641749264e-06, 2.05075110671e-07, 6.66468110921e-07, 9.74583485913e-07],
        "stdev": [0.123109586537, 1.56748759747, 4.62554216385, 5.11925649643, 10.2461528778, 10.6824016571, 12.009469986, 23.7399463654, 48.0086593628, 44.7158432007, 46.4535636902, 108.524513245, 120.001785278, 128.720687866, 76.0323028564, 81.2460403442, 92.403213501, 85.7487716675, 94.1025543213, 58.2094955444, 39.488319397, 39.1992225647, 38.4956130981, 32.3217163086, 25.0109786987, 31.1573925018, 18.9875354767, 8.70243549347, 6.0909614563, 3.71732282639, 3.93024253845, 2.15005993843, 1.27473270893, 0.791655421257, 0.401057451963, 0.160334184766, 0.0304010249674, 0.00157962006051, 5.79792722419e-05, 2.21006230277e-05]
    },
    "gfcc": {
        "mean": [-3.08305215836, 110.019035339, -141.965042114, 41.4876976013, -73.239906311, 15.0285844803, -33.1989555359, 10.425198555, -20.6594963074, -2.2418076992, -5.42156887054, -10.772567749, -2.96975803375],
        "cov": [[2869.12084961, -973.383056641, -321.114257812, -203.334533691, -102.069503784, 159.430709839, -85.527671814, 232.162017822, -316.60647583, 238.552078247, -124.575119019, 97.0627822876, -133.35496521], [-973.383056641, 966.321289062, 80.0618515015, 84.7182998657, 168.665908813, -61.9860305786, 234.990081787, -140.194442749, 229.912811279, -151.811706543, 140.635101318, -131.748794556, 111.749275208], [-321.114257812, 80.0618515015, 975.453796387, 71.6846237183, 119.729179382, 59.6950263977, -59.1014862061, 132.115936279, -33.1872558594, 98.0161209106, -181.370880127, 134.058883667, -127.134437561], [-203.334533691, 84.7182998657, 71.6846237183, 511.818572998, 149.531433105, -46.9778327942, -36.1716995239, -0.982580423355, 200.367797852, -60.2216949463, 72.2590713501, -6.91032791138, 90.7083587646], [-102.069503784, 168.665908813, 119.729179382, 149.531433105, 292.084503174, 54.5937652588, 52.5428848267, 66.4587631226, 98.5697784424, 41.1032371521, 5.16269874573, -9.62797260284, 36.9722366333], [159.430709839, -61.9860305786, 59.6950263977, -46.9778327942, 54.5937652588, 169.428878784, 70.9892959595, 29.2018127441, -57.4642906189, 48.5761604309, -14.9748706818, -7.42583847046, -20.7769107819], [-85.527671814, 234.990081787, -59.1014862061, -36.1716995239, 52.5428848267, 70.9892959595, 221.231948853, -15.4017019272, 21.9599571228, -22.5193901062, 56.0400505066, -58.1180839539, 18.7018718719], [232.162017822, -140.194442749, 132.115936279, -0.982580423355, 66.4587631226, 29.2018127441, -15.4017019272, 181.421875, 18.176607132, 74.5997695923, -39.0127220154, 48.9321098328, -21.7890510559], [-316.60647583, 229.912811279, -33.1872558594, 200.367797852, 98.5697784424, -57.4642906189, 21.9599571228, 18.176607132, 234.1822052, -36.8209457397, 72.0142822266, -30.4150295258, 81.7609710693], [238.552078247, -151.811706543, 98.0161209106, -60.2216949463, 41.1032371521, 48.5761604309, -22.5193901062, 74.5997695923, -36.8209457397, 141.328582764, -25.5089206696, 44.1758499146, -48.3768882751], [-124.575119019, 140.635101318, -181.370880127, 72.2590713501, 5.16269874573, -14.9748706818, 56.0400505066, -39.0127220154, 72.0142822266, -25.5089206696, 180.296005249, -35.7849807739, 55.0314750671], [97.0627822876, -131.748794556, 134.058883667, -6.91032791138, -9.62797260284, -7.42583847046, -58.1180839539, 48.9321098328, -30.4150295258, 44.1758499146, -35.7849807739, 119.133041382, -19.728559494], [-133.35496521, 111.749275208, -127.134437561, 90.7083587646, 36.9722366333, -20.7769107819, 18.7018718719, -21.7890510559, 81.7609710693, -48.3768882751, 55.0314750671, -19.728559494, 125.349868774]],
        "icov": [[0.00071725982707, 3.64152692782e-05, 0.000659088429529, -0.000525328156073, 0.00025312701473, -0.00027285964461, -9.46299041971e-05, -0.00099967722781, 0.000981623772532, -0.000810004712548, 0.000485001888592, -0.000201671689865, 0.0003021308803], [3.64152692782e-05, 0.00709477858618, -0.00364043749869, 0.0041131246835, -0.00422755349427, 0.00396641111001, -0.00482396222651, 0.00546189630404, -0.00517226150259, 0.00431551691145, -0.00372611847706, 0.00305177178234, -0.00222609099001], [0.000659088429529, -0.00364043749869, 0.00436502881348, -0.0031686280854, 0.00190296722576, -0.00269464310259, 0.0021597687155, -0.00394044723362, 0.00324960239232, -0.00290414737538, 0.00378510495648, -0.00342558487318, 0.0032103410922], [-0.000525328156073, 0.0041131246835, -0.0031686280854, 0.00674484018236, -0.00416916934773, 0.00196316861548, -0.00098623696249, 0.00440395437181, -0.00611138436943, 0.00497700786218, -0.00385708385147, 0.00153158104513, -0.00201111217029], [0.00025312701473, -0.00422755349427, 0.00190296722576, -0.00416916934773, 0.00884425919503, -0.00380624062382, 0.00143714051228, -0.00458160461858, 0.00199006823823, -0.00541680725291, 0.00343252392486, -0.000701402779669, -0.000271079421509], [-0.00027285964461, 0.00396641111001, -0.00269464310259, 0.00196316861548, -0.00380624062382, 0.0123096192256, -0.00604884745553, 0.00267378496937, 0.000544563459698, -0.000188440666534, -0.00201481441036, 0.0033610900864, -0.00246411049739], [-9.46299041971e-05, -0.00482396222651, 0.0021597687155, -0.00098623696249, 0.00143714051228, -0.00604884745553, 0.0109026012942, -0.00359778804705, 0.00220272294246, -0.000387442996725, 3.33692223649e-05, -0.000196589680854, 0.00179369049147], [-0.00099967722781, 0.00546189630404, -0.00394044723362, 0.00440395437181, -0.00458160461858, 0.00267378496937, -0.00359778804705, 0.0142755135894, -0.00767056178302, 0.00138133123983, -0.00227868882939, 0.000281920540147, -0.00172236270737], [0.000981623772532, -0.00517226150259, 0.00324960239232, -0.00611138436943, 0.00199006823823, 0.000544563459698, 0.00220272294246, -0.00767056178302, 0.0152200832963, -0.00451078498736, 0.00168364169076, -0.000250969867921, -0.00123201101087], [-0.000810004712548, 0.00431551691145, -0.00290414737538, 0.00497700786218, -0.00541680725291, -0.000188440666534, -0.000387442996725, 0.00138133123983, -0.00451078498736, 0.0169763639569, -0.0048821917735, -0.000778277870268, 0.00212319660932], [0.000485001888592, -0.00372611847706, 0.00378510495648, -0.00385708385147, 0.00343252392486, -0.00201481441036, 3.33692223649e-05, -0.00227868882939, 0.00168364169076, -0.0048821917735, 0.0114717967808, -0.00214858585969, 0.000363552884664], [-0.000201671689865, 0.00305177178234, -0.00342558487318, 0.00153158104513, -0.000701402779669, 0.0033610900864, -0.000196589680854, 0.000281920540147, -0.000250969867921, -0.000778277870268, -0.00214858585969, 0.0148112205788, -0.00353783043101], [0.0003021308803, -0.00222609099001, 0.0032103410922, -0.00201111217029, -0.000271079421509, -0.00246411049739, 0.00179369049147, -0.00172236270737, -0.00123201101087, 0.00212319660932, 0.000363552884664, -0.00353783043101, 0.0150061342865]]
    },
    "melbands": {
        "max": [0.0117764119059, 0.021004172042, 0.0109338834882, 0.00787959899753, 0.00492316437885, 0.00502645876259, 0.00793152488768, 0.00646195234731, 0.00385740865022, 0.00771960429847, 0.00589974969625, 0.00834125373513, 0.00375954271294, 0.00220290175639, 0.00274410331622, 0.00402799248695, 0.00299120135605, 0.00231610122137, 0.00296413176693, 0.000720019394066, 0.00067783734994, 0.000588568334933, 0.000298763858154, 0.000347660243278, 0.000380898447474, 0.000298519153148, 0.000152846783749, 0.000243723334279, 0.000187278972589, 0.000107841675344, 5.22120317328e-05, 6.11845898675e-05, 3.26885747199e-05, 4.48061036877e-05, 3.7585348764e-05, 2.77009239653e-05, 1.86526358448e-05, 1.91084000107e-05, 1.23925510707e-05, 1.15065704449e-05],
        "mean": [0.000883229484316, 0.00120312278159, 0.000622672901955, 0.000425919832196, 0.000317808793625, 0.00040193865425, 0.00039861103869, 0.00027025671443, 0.000211273392779, 0.000416326249251, 0.000328992755385, 0.000260687695118, 0.000142292119563, 0.000108527048724, 8.90895171324e-05, 0.000104565748188, 7.29020539438e-05, 6.35532123852e-05, 4.12589070038e-05, 3.5607474274e-05, 2.34329490922e-05, 2.32052807405e-05, 1.98028137675e-05, 1.7255626517e-05, 2.01845086849e-05, 1.44773512147e-05, 1.31708566187e-05, 1.48729641296e-05, 1.07676796688e-05, 5.03965156895e-06, 3.07438176606e-06, 2.11519795812e-06, 1.536037189e-06, 1.31660578973e-06, 1.7140886257e-06, 1.20058962239e-06, 8.9074569587e-07, 6.42435338705e-07, 4.3136634531e-07, 3.20934844922e-07],
        "min": [6.16162083134e-07, 2.31827698371e-06, 1.48196568261e-06, 1.33043477035e-06, 2.12205645767e-06, 2.22524863602e-06, 2.84618613478e-06, 7.13695385457e-07, 9.12826976673e-07, 1.25113695049e-06, 2.37705734207e-07, 2.36740760329e-07, 2.44350047751e-07, 1.21117963658e-07, 6.70343354159e-08, 1.17407978451e-07, 1.27755669155e-07, 6.44632152103e-08, 5.68938141043e-08, 3.41196653153e-08, 5.85637920381e-08, 2.68157833716e-08, 2.67821480548e-08, 1.53038008932e-08, 1.60586797193e-08, 1.84654229685e-08, 2.10352357755e-08, 6.69453914526e-09, 1.16393552574e-08, 6.25557072809e-09, 5.52674839227e-09, 5.79047521043e-09, 6.11685457841e-09, 3.0339801782e-09, 2.56885024363e-09, 1.09399933557e-09, 9.8375751989e-10, 3.95309784906e-10, 3.56286083969e-10, 3.63157906524e-11],
        "stdev": [0.00143810722511, 0.00214273948222, 0.000972531677689, 0.000660144432914, 0.000473044347018, 0.000514976214617, 0.000698921445291, 0.000500344613101, 0.000375350064132, 0.000749176950194, 0.000610275368672, 0.000523361610249, 0.000314570876071, 0.000199117392185, 0.000180008311872, 0.000258980144281, 0.000183546537301, 0.000150989697431, 0.000114282636787, 7.85200172686e-05, 4.9691858294e-05, 5.22514019394e-05, 3.25613764289e-05, 2.86864287773e-05, 3.02873413602e-05, 2.00098693313e-05, 1.84492691915e-05, 2.23639344767e-05, 1.56359910761e-05, 8.39553467813e-06, 5.05641992277e-06, 3.62323430636e-06, 2.53607731793e-06, 2.17059437091e-06, 2.6328605145e-06, 1.69924066995e-06, 1.25852727706e-06, 1.0345594319e-06, 7.27434098735e-07, 6.5193177079e-07]
    },
    "melbands128": {
        "max": [0.00101974897552, 0.00616837153211, 0.0194947179407, 0.0206152424216, 0.0253094695508, 0.0289815496653, 0.0125861093402, 0.0153116835281, 0.018841907382, 0.00883793737739, 0.00825785566121, 0.0107310544699, 0.00560084963217, 0.00655072228983, 0.00865204446018, 0.00729387672618, 0.0170555841178, 0.0134932138026, 0.00959028955549, 0.0100773442537, 0.0119278626516, 0.00742265675217, 0.00678504444659, 0.0069196796976, 0.00868845917284, 0.0158773176372, 0.0109315207228, 0.0104294391349, 0.006173315458, 0.00930695794523, 0.0137726003304, 0.0132014388219, 0.00416667107493, 0.00609380984679, 0.0060974736698, 0.00180320499931, 0.00689704716206, 0.00425908714533, 0.00404046475887, 0.00797898229212, 0.00903565529734, 0.00298488326371, 0.00526166940108, 0.0040871812962, 0.0049413475208, 0.00312044238672, 0.00936259422451, 0.00390362506732, 0.00170058128424, 0.00223756092601, 0.00134447531309, 0.00118752580602, 0.000879307626747, 0.00180552725215, 0.00141164625529, 0.00112794525921, 0.000688034808263, 0.000444430974312, 0.000800623442046, 0.000835237035062, 0.000600874074735, 0.000435277237557, 0.000458481488749, 0.00084335822612, 0.000651892449241, 0.000690550950821, 0.000381759658922, 0.000318123056786, 0.000332613970386, 0.000582005130127, 0.000624681299087, 0.000310394971166, 0.000351493654307, 0.00044927111594, 0.000128295869217, 0.000286173948552, 0.000142026750837, 8.36479812278e-05, 0.000107689244032, 9.06911373022e-05, 3.44717118423e-05, 0.000142464079545, 7.06933060428e-05, 3.56662385457e-05, 2.65487815341e-05, 4.29029132647e-05, 6.58306671539e-05, 3.25985638483e-05, 4.79720474686e-05, 4.25371763413e-05, 4.46149897471e-05, 2.73799905699e-05, 2.49238473771e-05, 2.12500253838e-05, 1.48295239342e-05, 2.78748466371e-05, 2.14246865653e-05, 8.86899033503e-06, 1.29619611471e-05, 1.46710353874e-05, 1.78795617103e-05, 1.24666266856e-05, 1.17872623377e-05, 1.17843510452e-05, 1.1666624232e-05, 6.4705254772e-06, 5.25741234014e-06, 6.37353969068e-06, 4.67750442112e-06, 3.01821000903e-06, 3.1983640838e-06, 2.08266828849e-06, 1.23406391594e-06, 1.6371603806e-06, 7.27595306671e-07, 2.04679523108e-07, 6.5147105488e-08, 6.32431707004e-08, 6.14976016777e-08, 5.98671832108e-08, 5.84797739123e-08, 5.71979086317e-08, 5.61159794188e-08, 5.51595995546e-08, 5.43593472457e-08, 5.37090514285e-08, 5.32520552099e-08, 5.2972350062e-08],
        "mean": [5.0300390285e-05, 0.000432890810771, 0.00135186349507, 0.0015318391379, 0.00123376375996, 0.00102064898238, 0.000576706021093, 0.000551874167286, 0.000622458290309, 0.000338151585311, 0.000365148502169, 0.000437165173935, 0.000234273087699, 0.000248645228567, 0.000445892568678, 0.000436727073975, 0.000490087957587, 0.000383899430744, 0.000326563982526, 0.000235192972468, 0.000297680788208, 0.000198896290385, 0.000230650344747, 0.00014673062833, 0.000358044868335, 0.000667455024086, 0.000256858591456, 0.000373375747586, 0.000258007843513, 0.000245251168963, 0.000299427571008, 0.000217855005758, 7.56870067562e-05, 0.000159939692821, 0.000100864373962, 7.83044379205e-05, 0.000148996332427, 6.46875923849e-05, 7.34495915822e-05, 0.000112462039397, 0.000140186166391, 5.16410182172e-05, 5.50564691366e-05, 0.000110983448394, 4.48478458566e-05, 5.48991447431e-05, 8.76001795405e-05, 3.07109403366e-05, 2.7344436603e-05, 3.90184795833e-05, 3.83038131986e-05, 3.50594527845e-05, 1.37485048981e-05, 2.29202614719e-05, 3.30428338202e-05, 2.49571148743e-05, 1.27243947645e-05, 1.51702452058e-05, 2.44130169449e-05, 2.65614562522e-05, 1.22130168165e-05, 1.23288164104e-05, 2.69331703748e-05, 2.17329834413e-05, 1.13908154162e-05, 1.26253171402e-05, 1.95316006284e-05, 1.13516462079e-05, 1.06449133455e-05, 1.67255238921e-05, 1.4910574464e-05, 1.38508730743e-05, 1.54752342496e-05, 9.11705774342e-06, 6.78523383613e-06, 6.79997128827e-06, 3.13370492222e-06, 2.73328851108e-06, 3.78114214072e-06, 2.51884875979e-06, 1.97745725927e-06, 2.1523878786e-06, 1.87933471807e-06, 1.45527963014e-06, 1.26994382299e-06, 1.16715079912e-06, 1.36101971293e-06, 1.54839142397e-06, 2.01973534786e-06, 1.59048454407e-06, 1.18936759463e-06, 1.18557875339e-06, 1.05547746898e-06, 8.99001122434e-07, 7.96181495843e-07, 6.56260851883e-07, 6.44336523692e-07, 5.69317933241e-07, 3.84689116117e-07, 3.90254598415e-07, 4.03988082098e-07, 2.98975209034e-07, 2.44358886903e-07, 2.38576149059e-07, 2.11667909866e-07, 2.03597068094e-07, 1.57788704769e-07, 1.50079316086e-07, 1.53678101356e-07, 1.13300714588e-07, 7.20034023516e-08, 4.92093867877e-08, 2.83025922698e-08, 1.02769428523e-08, 4.10492129177e-09, 3.20020787647e-09, 7.16144699098e-10, 3.4495552248e-11, 3.32269142755e-11, 3.23383438083e-11, 3.15753256874e-11, 3.08817312e-11, 3.02911758177e-11, 2.97661097159e-11, 2.93011830077e-11, 2.88927406306e-11, 2.86154502871e-11, 2.84591412936e-11],
        "min": [5.49106493608e-09, 4.69942200709e-08, 4.11909496734e-07, 3.79532679062e-07, 8.93540970992e-07, 5.04838681081e-07, 9.58274995355e-07, 5.26230508058e-07, 3.26782100046e-07, 1.31124443215e-06, 5.08556865952e-07, 9.15091050047e-07, 2.40904000748e-07, 7.28495479052e-07, 8.60325542362e-07, 4.79703487599e-07, 1.96734518454e-07, 2.41124098466e-07, 1.4720950503e-07, 2.71915780559e-07, 1.76130953378e-07, 5.13486142495e-08, 1.39173465641e-07, 2.71903616067e-07, 5.01576266743e-07, 2.71676498187e-07, 1.54079671688e-07, 8.69627783118e-08, 8.5216775858e-08, 9.19412244116e-08, 6.6131157439e-08, 4.17702992195e-08, 4.3246650705e-08, 7.02883085069e-08, 5.28325649896e-08, 7.25693709569e-08, 3.00230631467e-08, 3.12948031933e-08, 1.28908981267e-08, 2.27397780606e-08, 4.25190727071e-08, 2.38660042839e-08, 3.29895826212e-08, 3.47538282597e-08, 2.64176911458e-08, 3.04560359154e-08, 3.04446494681e-08, 1.6286652027e-08, 3.12541779124e-08, 2.11587902754e-08, 7.33736804648e-09, 1.91243909597e-08, 2.4810052679e-08, 1.93547968763e-08, 2.51275036334e-08, 1.61561111156e-08, 1.70830638524e-08, 9.33938792969e-09, 1.50224224171e-08, 1.80670909344e-08, 1.06412478829e-08, 7.49727302463e-09, 9.2518179784e-09, 6.46313136343e-09, 1.13193996398e-08, 1.2834816765e-08, 9.91413884321e-09, 2.07133830088e-08, 6.75039935061e-09, 4.15801615361e-09, 4.01999233901e-09, 4.6712553825e-09, 4.15650092123e-09, 1.29800570292e-08, 7.70157893015e-09, 6.02608052347e-09, 3.61976737473e-09, 2.4766046991e-09, 5.44613021347e-09, 3.2935714156e-09, 4.16562517813e-09, 8.99139041e-10, 2.4904311946e-09, 2.05619099525e-09, 6.68810895554e-10, 1.90968196812e-09, 2.9737470264e-09, 1.09384734603e-09, 9.78174763411e-10, 7.43989481133e-10, 2.46377140911e-10, 6.22352946955e-10, 4.87506590652e-10, 3.33479938108e-10, 3.11338760328e-10, 4.51540888013e-10, 9.01256638763e-11, 5.60431701047e-11, 1.88551591007e-10, 1.86581358003e-11, 3.19044270169e-12, 3.70853998552e-12, 7.71020725564e-13, 4.39337802249e-13, 4.8770715114e-13, 8.13995572335e-13, 9.27777684323e-14, 1.40691793068e-13, 1.03021933974e-13, 1.0640372318e-13, 7.5129111916e-14, 9.86297767633e-14, 8.5374077057e-14, 7.53262334235e-14, 6.21290196482e-14, 7.83994722441e-14, 7.09432038397e-14, 7.26613051411e-14, 6.83689284115e-14, 8.03007427263e-14, 8.08223794965e-14, 5.43679074742e-14, 6.20598678783e-14, 7.35047534449e-14, 4.58947455235e-14, 1.81081820545e-14, 2.95031676397e-15, 1.1411454182e-16],
        "stdev": [8.38001360535e-05, 0.000692494446412, 0.00232690316625, 0.00283686863258, 0.00254599121399, 0.00207337993197, 0.00107483321335, 0.00103251810651, 0.0012783013517, 0.000695379101671, 0.000652307935525, 0.000895766075701, 0.000453466345789, 0.000441431009676, 0.000745826459024, 0.000681684468873, 0.00109701196197, 0.000912353163585, 0.000717795570381, 0.000537162122782, 0.000714855268598, 0.00044323617476, 0.000556848943233, 0.00038833761937, 0.000817213847768, 0.00138862384483, 0.000604163389653, 0.00102918129414, 0.000633007031865, 0.000636935001239, 0.000762034323998, 0.000853264180478, 0.000239583052462, 0.000380829995265, 0.000348245317582, 0.000182365809451, 0.000438513088739, 0.000210984871956, 0.000198864683625, 0.000332454801537, 0.000484343763674, 0.000188037767657, 0.000207209086511, 0.000367908010958, 0.000203562784009, 0.000178129164851, 0.000351628725184, 0.000143087352626, 0.000100117031252, 0.000145802492625, 0.000111827786895, 0.000107326297439, 4.36930786236e-05, 8.68509960128e-05, 0.000102878650068, 8.27205294627e-05, 3.60428311978e-05, 3.17894227919e-05, 6.0741793277e-05, 7.21743126633e-05, 3.55919582944e-05, 2.88881547021e-05, 4.84956763103e-05, 4.98790395795e-05, 3.08901726385e-05, 2.65496146312e-05, 3.43404244632e-05, 2.46610270551e-05, 2.36762953136e-05, 3.724031194e-05, 3.72620306734e-05, 2.91174728773e-05, 2.93800731015e-05, 2.08459678106e-05, 1.25847163872e-05, 1.79512244358e-05, 6.85842132953e-06, 5.14082330483e-06, 8.08085678727e-06, 4.79478512716e-06, 3.21236279888e-06, 5.68766608922e-06, 3.82216421713e-06, 2.64553204943e-06, 2.15432305595e-06, 2.20175797949e-06, 2.75836350738e-06, 2.87825764644e-06, 3.66761196346e-06, 2.75119919024e-06, 2.1302910227e-06, 1.97726126316e-06, 1.71239764768e-06, 1.44374212141e-06, 1.32199647851e-06, 1.21401660635e-06, 1.26492352592e-06, 9.23864888591e-07, 6.9669442837e-07, 7.90034107467e-07, 8.67536130045e-07, 6.49202434033e-07, 5.5335971183e-07, 5.90238187215e-07, 5.37723849448e-07, 4.19020267373e-07, 3.35038322419e-07, 3.4357285017e-07, 3.39497489676e-07, 2.60586006107e-07, 1.79625999408e-07, 1.4885618782e-07, 9.89941852936e-08, 7.12832459726e-08, 2.24150493722e-08, 1.19475558336e-08, 3.16066883777e-09, 1.37936395639e-09, 1.34128952389e-09, 1.30568877932e-09, 1.27546762041e-09, 1.24748922303e-09, 1.22389942625e-09, 1.20304666229e-09, 1.18559828621e-09, 1.17141851774e-09, 1.16145348894e-09, 1.15535336853e-09]
    },
    "mfcc": {
        "mean": [-631.772644043, 122.910827637, -7.31183433533, 22.79155159, -8.02942562103, -0.153747484088, 1.15205538273, 3.39191412926, -4.49213886261, 8.69360637665, -4.44103860855, 1.81500971317, -3.37085103989],
        "cov": [[3072.96801758, -867.840270996, -513.23828125, -292.555175781, -171.043670654, -122.286254883, 149.552368164, -92.3008804321, -84.3320465088, 73.265838623, -61.9192771912, -29.0075302124, -43.2923812866], [-867.840270996, 850.979675293, 106.182426453, 10.0175523758, -40.0895271301, 92.4686279297, 59.8507270813, 59.1995277405, 53.1461448669, 27.1946487427, 71.2031936646, -17.8411960602, 32.6414337158], [-513.23828125, 106.182426453, 611.121582031, 107.358772278, 109.0938797, 30.718914032, -19.1003131866, 39.8182220459, 73.675567627, -98.8684539795, 72.5243530273, 16.996295929, 38.7262992859], [-292.555175781, 10.0175523758, 107.358772278, 416.267700195, 222.01890564, 31.3597316742, -108.703201294, 64.0916900635, 69.989364624, 31.693857193, -16.2976856232, 79.6084289551, 22.6809425354], [-171.043670654, -40.0895271301, 109.0938797, 222.01890564, 323.009185791, 11.7801055908, -55.5949630737, 25.791601181, 92.9657897949, 50.3404579163, -3.00610733032, 48.5683479309, 40.6945838928], [-122.286254883, 92.4686279297, 30.718914032, 31.3597316742, 11.7801055908, 164.328720093, 61.8103179932, 14.1631441116, 20.4424571991, 11.362033844, 22.4185638428, -8.93221950531, -15.5360460281], [149.552368164, 59.8507270813, -19.1003131866, -108.703201294, -55.5949630737, 61.8103179932, 207.54864502, 13.5620059967, -18.9372615814, 46.0934066772, 21.6942310333, -24.128282547, 5.74575042725], [-92.3008804321, 59.1995277405, 39.8182220459, 64.0916900635, 25.791601181, 14.1631441116, 13.5620059967, 101.731513977, 41.4124107361, 14.5495386124, 2.91280841827, 24.9066867828, 10.1945209503], [-84.3320465088, 53.1461448669, 73.675567627, 69.989364624, 92.9657897949, 20.4424571991, -18.9372615814, 41.4124107361, 148.372177124, 17.605096817, 12.4808988571, 6.04682826996, 18.6260871887], [73.265838623, 27.1946487427, -98.8684539795, 31.693857193, 50.3404579163, 11.362033844, 46.0934066772, 14.5495386124, 17.605096817, 188.268417358, -0.0330164283514, -1.23205626011, 22.2309856415], [-61.9192771912, 71.2031936646, 72.5243530273, -16.2976856232, -3.00610733032, 22.4185638428, 21.6942310333, 2.91280841827, 12.4808988571, -0.0330164283514, 93.6594085693, 11.612912178, 11.572722435], [-29.0075302124, -17.8411960602, 16.996295929, 79.6084289551, 48.5683479309, -8.93221950531, -24.128282547, 24.9066867828, 6.04682826996, -1.23205626011, 11.612912178, 113.896682739, 21.3037109375], [-43.2923812866, 32.6414337158, 38.7262992859, 22.6809425354, 40.6945838928, -15.5360460281, 5.74575042725, 10.1945209503, 18.6260871887, 22.2309856415, 11.572722435, 21.3037109375, 100.421913147]],
        "icov": [[0.000618792953901, 0.000637266668491, 0.00037905634963, 5.94538796577e-05, 0.000230251855101, 0.000293446268188, -0.000601063657086, 0.000159859890118, -0.000369844812667, -5.20590583619e-05, -0.000231885860558, -3.24547363562e-05, -1.5995467038e-05], [0.000637266668491, 0.00210339971818, 0.000261046923697, -7.7776836406e-05, 0.000752897991333, -0.000321259489283, -0.000591446412727, -0.000455079076346, -0.000688641506713, -0.000273230834864, -0.00102935824543, 0.000374628172722, -0.000539468717761], [0.00037905634963, 0.000261046923697, 0.00271365139633, -0.000455219182186, -0.000593196367845, 0.000245353614446, -0.000706743157934, -0.000402841571486, -0.000640897429548, 0.00181099155452, -0.0019370514201, 0.000643415842205, -0.000700735719875], [5.94538796577e-05, -7.7776836406e-05, -0.000455219182186, 0.00560618471354, -0.00271331868134, -0.00181298959069, 0.0027418481186, -0.0023973970674, 0.000664596445858, -0.000945395091549, 0.00133952044416, -0.00194917444605, 0.000210970494663], [0.000230251855101, 0.000752897991333, -0.000593196367845, -0.00271331868134, 0.00648301606998, 0.000139909549034, -0.000307187787257, 0.00174327101558, -0.00286070303991, -0.00146173057146, 0.000366279884474, -0.000733567343559, -0.00110118521843], [0.000293446268188, -0.000321259489283, 0.000245353614446, -0.00181298959069, 0.000139909549034, 0.00863739941269, -0.00366899627261, 0.000809526944067, -0.00118246406782, 0.000513900304213, -0.00149699789472, 0.00075190939242, 0.00207166885957], [-0.000601063657086, -0.000591446412727, -0.000706743157934, 0.0027418481186, -0.000307187787257, -0.00366899627261, 0.00870830006897, -0.00263309013098, 0.00185780029278, -0.0021933731623, -0.000151634842041, 0.0002854008344, -0.000989777850918], [0.000159859890118, -0.000455079076346, -0.000402841571486, -0.0023973970674, 0.00174327101558, 0.000809526944067, -0.00263309013098, 0.0138772707433, -0.00380666414276, -0.000440980831627, 0.00117440754548, -0.00254229432903, 0.000281999731669], [-0.000369844812667, -0.000688641506713, -0.000640897429548, 0.000664596445858, -0.00286070303991, -0.00118246406782, 0.00185780029278, -0.00380666414276, 0.0101584643126, -0.000399299169658, -0.000685602251906, 0.00142073002644, -0.000600252591539], [-5.20590583619e-05, -0.000273230834864, 0.00181099155452, -0.000945395091549, -0.00146173057146, 0.000513900304213, -0.0021933731623, -0.000440980831627, -0.000399299169658, 0.00761067308486, -0.000957879296038, 0.00107513496187, -0.00130482960958], [-0.000231885860558, -0.00102935824543, -0.0019370514201, 0.00133952044416, 0.000366279884474, -0.00149699789472, -0.000151634842041, 0.00117440754548, -0.000685602251906, -0.000957879296038, 0.0138984555379, -0.00272847386077, -0.000495129730552], [-3.24547363562e-05, 0.000374628172722, 0.000643415842205, -0.00194917444605, -0.000733567343559, 0.00075190939242, 0.0002854008344, -0.00254229432903, 0.00142073002644, 0.00107513496187, -0.00272847386077, 0.0116639528424, -0.00194980809465], [-1.5995467038e-05, -0.000539468717761, -0.000700735719875, 0.000210970494663, -0.00110118521843, 0.00207166885957, -0.000989777850918, 0.000281999731669, -0.000600252591539, -0.00130482960958, -0.000495129730552, -0.00194980809465, 0.012014654465]]
    },
    "spectral_contrast_coeffs": {
        "max": [-0.484097629786, -0.489756196737, -0.47229167819, -0.546685695648, -0.541160285473, -0.596621751785],
        "mean": [-0.733384370804, -0.745010197163, -0.717838048935, -0.756129980087, -0.764332830906, -0.737318813801],
        "min": [-0.940190255642, -0.932839393616, -0.882229268551, -0.889517605305, -0.894601225853, -0.852464914322],
        "stdev": [0.0696057155728, 0.0672203749418, 0.0780163481832, 0.0644862949848, 0.0617432631552, 0.0484290868044]
    },
    "spectral_contrast_valleys": {
        "max": [-5.12474822998, -4.78882408142, -4.98517513275, -6.11319351196, -5.93440818787, -8.6268196106],
        "mean": [-6.68914794922, -6.44596672058, -7.31206083298, -7.75715065002, -7.53028011322, -10.5889997482],
        "min": [-9.3040895462, -8.54774188995, -9.72081184387, -9.78491783142, -10.1034984589, -13.4384860992],
        "stdev": [0.6172336936, 0.596541881561, 0.734645903111, 0.607502400875, 0.633018553257, 0.905203580856]
    }
},
"rhythm": {
    "beats_count": 104,
    "beats_loudness": {
        "max": 0.0820465385914,
        "mean": 0.0375055521727,
        "min": 0.0039480519481,
        "stdev": 0.0189861021936
    },
    "bpm": 129.179122925,
    "bpm_histogram_first_peak_bpm": 129,
    "bpm_histogram_first_peak_weight": 0.148514866829,
    "bpm_histogram_second_peak_bpm": 136,
    "bpm_histogram_second_peak_spread": 0,
    "bpm_histogram_second_peak_weight": 0.019417475909,
    "danceability": 1.22571611404,
    "onset_rate": 3.732421875,
    "beats_loudness_band_ratio": {
        "max": [0.929047584534, 0.676987230778, 0.675083398819, 0.75484162569, 0.464230507612, 0.32497510314],
        "mean": [0.340110361576, 0.152119860053, 0.227757751942, 0.193642646074, 0.0883122980595, 0.0587030388415],
        "min": [0.0045743486844, 0.00863900128752, 0.0276679247618, 0.00216936203651, 0.000691637396812, 0.00218934752047],
        "stdev": [0.242757886648, 0.124385759234, 0.144428938627, 0.181688770652, 0.0931927114725, 0.0498337000608]
    },
