{
"metadata": {
    "version": {
        "essentia": "2.1-beta5",
        "essentia_git_sha": "Undefined",
        "extractor": "music 2.0"
    },
    "audio_properties": {
        "analysis": {
            "equal_loudness": 0,
            "length": 12.7477550507,
            "sample_rate": 44100,
            "start_time": 0,
            "downmix": "mix"
        },
        "bit_rate": 192000,
        "length": 196.58013916,
        "lossless": 0,
        "number_channels": 2,
        "replay_gain": -1.73490333557,
        "sample_rate": 44100,
        "codec": "mp3",
        "md5_encoded": "eacee63689d4221df01e30801d9dd5d3"
    },
    "tags": {
        "file_name": "Poland_Ale Jestem_Anna Maria Jopek.mp3",
        "encoding": ["Lavf58.29.100"]
    }
},
"lowlevel": {
    "average_loudness": 0.22214923799,
    "barkbands_crest": {
        "max": 26.9381389618,
        "mean": 18.8219738007,
        "min": 2.96529555321,
        "stdev": 9.28825473785
    },
    "barkbands_flatness_db": {
        "max": 0.59443461895,
        "mean": 0.332143127918,
        "min": 0.0632508024573,
        "stdev": 0.212423041463
    },
    "barkbands_kurtosis": {
        "max": 5964.94140625,
        "mean": 1809.46606445,
        "min": -1.63400995731,
        "stdev": 1945.79333496
    },
    "barkbands_skewness": {
        "max": 73.2650985718,
        "mean": 28.9612445831,
        "min": -2.25159883499,
        "stdev": 28.4579238892
    },
    "barkbands_spread": {
        "max": 60.241607666,
        "mean": 15.5431537628,
        "min": 0.0626831650734,
        "stdev": 18.0449810028
    },
    "dissonance": {
        "max": 0.499999910593,
        "mean": 0.486286073923,
        "min": 0.405947715044,
        "stdev": 0.0125689320266
    },
    "dynamic_complexity": 27.1426239014,
    "erbbands_crest": {
        "max": 31.8892593384,
        "mean": 8.60782718658,
        "min": 2.63024735451,
        "stdev": 3.89078736305
    },
    "erbbands_flatness_db": {
        "max": 0.314483493567,
        "mean": 0.120604164898,
        "min": 0.0601553432643,
        "stdev": 0.0518622547388
    },
    "erbbands_kurtosis": {
        "max": 56.3546676636,
        "mean": 0.293664991856,
        "min": -1.28451097012,
        "stdev": 2.74252700806
    },
    "erbbands_skewness": {
        "max": 1.65666615963,
        "mean": -0.399874836206,
        "min": -4.66055631638,
        "stdev": 0.498502522707
    },
    "erbbands_spread": {
        "max": 112.240699768,
        "mean": 56.0648193359,
        "min": 1.91642987728,
        "stdev": 26.5257396698
    },
    "hfc": {
        "max": 270.672393799,
        "mean": 13.4416456223,
        "min": 1.23357894736e-16,
        "stdev": 24.8394584656
    },
    "loudness_ebu128": {
        "integrated": -22.1123771667,
        "loudness_range": 17.203453064,
        "momentary": {
            "max": -17.7539825439,
            "mean": -42.4102096558,
            "min": -61.1270980835,
            "stdev": 16.8294754028
        },
        "short_term": {
            "max": -20.6535415649,
            "mean": -40.4068984985,
            "min": -57.6635818481,
            "stdev": 15.6112766266
        }
    },
    "melbands_crest": {
        "max": 39.9756660461,
        "mean": 26.7193145752,
        "min": 2.97456693649,
        "stdev": 14.8205213547
    },
    "melbands_flatness_db": {
        "max": 0.561878919601,
        "mean": 0.324062526226,
        "min": 0.00800121948123,
        "stdev": 0.186443835497
    },
    "melbands_kurtosis": {
        "max": 4327.29541016,
        "mean": 1099.29418945,
        "min": -1.70800995827,
        "stdev": 1234.6138916
    },
    "melbands_skewness": {
        "max": 61.8678588867,
        "mean": 22.2041187286,
        "min": -1.73064124584,
        "stdev": 21.2733306885
    },
    "melbands_spread": {
        "max": 128.21484375,
        "mean": 21.8779830933,
        "min": 0.149893328547,
        "stdev": 26.1314983368
    },
    "pitch_salience": {
        "max": 0.799865007401,
        "mean": 0.250147074461,
        "min": 0.00502801593393,
        "stdev": 0.272335350513
    },
    "silence_rate_20dB": {
        "max": 1,
        "mean": 1,
        "min": 1,
        "stdev": 0
    },
    "silence_rate_30dB": {
        "max": 1,
        "mean": 0.994545459747,
        "min": 0,
        "stdev": 0.0736531987786
    },
    "silence_rate_60dB": {
        "max": 1,
        "mean": 0.6509090662,
        "min": 0,
        "stdev": 0.47668287158
    },
    "spectral_centroid": {
        "max": 11004.6855469,
        "mean": 2351.53637695,
        "min": 309.37286377,
        "stdev": 592.211975098
    },
    "spectral_complexity": {
        "max": 50,
        "mean": 8.96181774139,
        "min": 0,
        "stdev": 12.0582094193
    },
    "spectral_decrease": {
        "max": 3.49113742316e-29,
        "mean": -2.43672126921e-09,
        "min": -7.96170240847e-08,
        "stdev": 4.96708185693e-09
    },
    "spectral_energy": {
        "max": 0.325044035912,
        "mean": 0.0104159479961,
        "min": 1.10571647783e-20,
        "stdev": 0.020806286484
    },
    "spectral_energyband_high": {
        "max": 0.0137159805745,
        "mean": 0.000570692238398,
        "min": 7.87933315868e-21,
        "stdev": 0.00120902713388
    },
    "spectral_energyband_low": {
        "max": 0.0249871462584,
        "mean": 0.000905409047846,
        "min": 5.91160119251e-23,
        "stdev": 0.00170680065639
    },
    "spectral_energyband_middle_high": {
        "max": 0.124041847885,
        "mean": 0.00395209528506,
        "min": 1.58615335775e-21,
        "stdev": 0.00855878181756
    },
    "spectral_energyband_middle_low": {
        "max": 0.192500159144,
        "mean": 0.0047946665436,
        "min": 4.31074493162e-22,
        "stdev": 0.0121046481654
    },
    "spectral_entropy": {
        "max": 9.81327915192,
        "mean": 8.04506587982,
        "min": 6.08000135422,
        "stdev": 0.39182394743
    },
    "spectral_flux": {
        "max": 0.421666353941,
        "mean": 0.0338917523623,
        "min": 1.05153052932e-10,
        "stdev": 0.0478793755174
    },
    "spectral_kurtosis": {
        "max": 29.1147537231,
        "mean": 2.56390047073,
        "min": -1.20311236382,
        "stdev": 2.02252292633
    },
    "spectral_rms": {
        "max": 0.0178077537566,
        "mean": 0.002345016459,
        "min": 3.28442958594e-12,
        "stdev": 0.00215935148299
    },
    "spectral_rolloff": {
        "max": 18927.6855469,
        "mean": 1166.98291016,
        "min": 21.533203125,
        "stdev": 1628.86413574
    },
    "spectral_skewness": {
        "max": 4.80647754669,
        "mean": 1.31627869606,
        "min": 0.0376075319946,
        "stdev": 0.28978189826
    },
    "spectral_spread": {
        "max": 40322464,
        "mean": 6065357.5,
        "min": 2415399.5,
        "stdev": 2328783.75
    },
    "spectral_strongpeak": {
        "max": 14.367181778,
        "mean": 0.917900025845,
        "min": 0,
        "stdev": 2.006980896
    },
    "zerocrossingrate": {
        "max": 0.4931640625,
        "mean": 0.0392693541944,
        "min": 0,
        "stdev": 0.0499230735004
    },
    "barkbands": {
        "max": [0.00106937997043, 0.00454662926495, 0.00333609059453, 0.0521644279361, 0.0685293078423, 0.0343244969845, 0.0399643033743, 0.00722143240273, 0.0299567654729, 0.00076530163642, 0.058494463563, 0.0158063434064, 0.0112580806017, 0.0148455221206, 0.00391434459016, 0.00997025426477, 0.0249723158777, 0.0314317494631, 0.00477214343846, 0.00607065111399, 0.000853886886034, 0.00167557247914, 0.00326161272824, 0.00355636770837, 0.00215754751116, 5.05472053192e-05, 6.20144078312e-07],
        "mean": [0.00077396130655, 0.000246962939855, 8.86983252713e-05, 0.000915685377549, 0.000918337551411, 0.00130388292018, 0.00028269799077, 0.000224333663937, 0.00113701319788, 9.08342117327e-05, 0.000555191014428, 0.000175708570168, 0.000531852652784, 0.000339614314726, 0.000148279854329, 0.000317413447192, 0.00115250679664, 0.000506882090122, 0.000107692911115, 0.000183642434422, 6.59035722492e-05, 8.99235601537e-05, 0.00013448005484, 8.13923907117e-05, 4.21477488999e-05, 8.97223344509e-07, 1.71933862703e-08],
        "min": [2.28436684326e-24, 1.09116060826e-23, 4.05058996468e-23, 1.90313860899e-23, 2.47918693008e-23, 1.61728208043e-23, 8.72180204704e-23, 1.15699704614e-22, 1.65705307095e-22, 7.31069965046e-23, 6.30069642105e-23, 3.84026828775e-23, 5.96253825671e-23, 1.21475415996e-22, 2.11078327066e-22, 1.70404911228e-22, 1.66155929688e-22, 2.37236828465e-22, 3.44860124644e-22, 3.35838686089e-22, 3.1867213878e-22, 4.04843870943e-22, 6.15414045368e-22, 9.33800174738e-22, 1.37770232877e-21, 1.78414800387e-21, 2.53818290893e-21],
        "stdev": [9.08546135179e-05, 0.000521656882484, 0.000226583651965, 0.00296206353232, 0.00387119152583, 0.0031569218263, 0.00184427492786, 0.000583081215154, 0.00380862783641, 0.000151351065142, 0.00317010655999, 0.000725814141333, 0.0013233164791, 0.00128293538, 0.000405064813094, 0.00101680797525, 0.00246499315836, 0.00210406887345, 0.000365888030501, 0.000448064558441, 0.000117775445688, 0.000173231834196, 0.000321328203427, 0.000247526098974, 0.000151473490405, 3.15773309012e-06, 4.02286950418e-08]
    },
    "erbbands": {
        "max": [0.117086589336, 1.04749584198, 3.9941265583, 87.3107147217, 173.063674927, 213.385437012, 246.763320923, 310.057098389, 741.357055664, 101.153137207, 188.899154663, 822.829467773, 86.5661392212, 214.958480835, 3173.04760742, 522.577819824, 608.808959961, 240.13609314, 802.825012207, 201.451019287, 599.867797852, 976.517883301, 1220.76513672, 778.640258789, 178.929931641, 264.130889893, 129.061828613, 43.1730690002, 23.9484348297, 91.3410110474, 75.41040802, 87.8336868286, 38.2259063721, 35.9985351562, 10.1544952393, 0.575853824615, 0.0304349455982, 0.0013177836081, 0.00022062152857, 0.00039199643652],
        "mean": [0.00614356808364, 0.061788380146, 0.145131856203, 1.57087481022, 2.15275788307, 4.03327465057, 7.44908046722, 11.5981435776, 5.3447728157, 3.13246393204, 9.3883523941, 30.6539344788, 4.47685146332, 5.43990802765, 25.0638809204, 9.73218536377, 27.8690357208, 9.19785404205, 18.937456131, 7.24813842773, 19.0692768097, 47.8046684265, 44.6014823914, 16.9644069672, 3.28047633171, 8.33687591553, 5.35406970978, 3.82667827606, 2.01772165298, 4.69046926498, 2.77066278458, 1.86740171909, 1.27505910397, 0.669922351837, 0.192896738648, 0.0151964034885, 0.00086149427807, 6.93813854014e-05, 1.23322115542e-05, 1.45001677083e-05],
        "min": [4.48867711574e-22, 2.54821590698e-21, 3.62060669965e-20, 5.54799536492e-20, 6.40236243152e-20, 9.68321794238e-20, 8.04467977766e-20, 2.02620605231e-19, 9.28331359783e-19, 1.25331780116e-18, 3.71126700018e-18, 3.75503188562e-18, 2.17418881899e-18, 2.43249850594e-18, 2.59066991472e-18, 1.46706768209e-18, 3.36826166993e-18, 3.87725774729e-18, 1.08074852799e-17, 9.67340328932e-18, 9.22842478752e-18, 1.09806894556e-17, 1.33207321233e-17, 1.45129930351e-17, 1.53676161916e-17, 1.66714000752e-17, 1.34694203199e-17, 1.38276929227e-17, 1.2319334866e-17, 2.22319331459e-17, 1.53359269024e-17, 1.85782730715e-17, 1.61031154138e-17, 1.54959880053e-17, 9.80814770238e-18, 4.87697872304e-18, 4.1629986045e-18, 1.31481898989e-18, 3.557174419e-19, 3.68639566956e-20],
        "stdev": [0.00834835320711, 0.137874513865, 0.329165369272, 5.00882911682, 8.37752056122, 13.9585676193, 20.2438430786, 29.0609054565, 34.2309455872, 8.42194366455, 24.3166332245, 104.042160034, 8.89916419983, 20.2285938263, 154.052581787, 26.871711731, 70.343711853, 24.0622940063, 64.9617919922, 17.9901866913, 61.4638977051, 97.5148239136, 106.277664185, 60.1603736877, 10.4894123077, 19.8854637146, 12.3595075607, 6.58495759964, 3.51219558716, 11.4961566925, 6.68245792389, 5.53810882568, 4.11984109879, 2.59324622154, 0.711748182774, 0.0496797263622, 0.0025066009257, 0.000127201506984, 2.3518994567e-05, 2.75053789665e-05]
    },
    "gfcc": {
        "mean": [-263.025146484, 49.3839149475, -106.524620056, 40.9670333862, -41.5862693787, 30.5772438049, -33.0842628479, 13.2493000031, -12.0480566025, 7.41792678833, 2.33215808868, 5.2679309845, 1.60759556293],
        "cov": [[59225.3515625, 7143.66552734, -9693.73730469, 1503.7532959, -6555.96484375, -2871.03930664, -4369.51757812, -1185.7824707, -2141.53515625, -3665.01757812, -2257.39990234, -1257.1739502, -1692.1072998], [7143.66552734, 1150.83886719, -1189.64343262, 142.668487549, -772.598144531, -406.936553955, -530.206970215, -188.066162109, -261.668670654, -495.323883057, -297.865844727, -161.315765381, -229.520812988], [-9693.73730469, -1189.64343262, 1706.37243652, -213.440872192, 1039.18603516, 473.758392334, 702.28894043, 195.870529175, 351.766326904, 608.137145996, 382.408721924, 193.843338013, 290.165924072], [1503.7532959, 142.668487549, -213.440872192, 113.013908386, -180.570999146, -79.766242981, -107.434890747, -55.81275177, -54.6201095581, -98.6216278076, -42.776927948, -28.5551967621, -36.7814178467], [-6555.96484375, -772.598144531, 1039.18603516, -180.570999146, 828.421447754, 356.591156006, 489.315338135, 134.658157349, 227.237472534, 408.945556641, 252.881866455, 146.661376953, 184.628921509], [-2871.03930664, -406.936553955, 473.758392334, -79.766242981, 356.591156006, 220.103866577, 230.923980713, 69.1446075439, 92.1835632324, 198.592803955, 127.652549744, 61.1860923767, 90.2136535645], [-4369.51757812, -530.206970215, 702.28894043, -107.434890747, 489.315338135, 230.923980713, 380.039123535, 90.5534973145, 147.679153442, 269.214752197, 172.426010132, 99.6798477173, 118.025444031], [-1185.7824707, -188.066162109, 195.870529175, -55.81275177, 134.658157349, 69.1446075439, 90.5534973145, 100.499534607, 57.8689956665, 91.995513916, 24.1259212494, 14.5458545685, 28.5876960754], [-2141.53515625, -261.668670654, 351.766326904, -54.6201095581, 227.237472534, 92.1835632324, 147.679153442, 57.8689956665, 138.647216797, 148.709686279, 70.8883743286, 31.9267559052, 77.0127868652], [-3665.01757812, -495.323883057, 608.137145996, -98.6216278076, 408.945556641, 198.592803955, 269.214752197, 91.995513916, 148.709686279, 279.123413086, 153.252822876, 76.1865005493, 110.209716797], [-2257.39990234, -297.865844727, 382.408721924, -42.776927948, 252.881866455, 127.652549744, 172.426010132, 24.1259212494, 70.8883743286, 153.252822876, 153.822463989, 68.9964523315, 78.3042068481], [-1257.1739502, -161.315765381, 193.843338013, -28.5551967621, 146.661376953, 61.1860923767, 99.6798477173, 14.5458545685, 31.9267559052, 76.1865005493, 68.9964523315, 75.7528839111, 41.7817497253], [-1692.1072998, -229.520812988, 290.165924072, -36.7814178467, 184.628921509, 90.2136535645, 118.025444031, 28.5876960754, 77.0127868652, 110.209716797, 78.3042068481, 41.7817497253, 96.9945297241]],
        "icov": [[0.00127038825303, -0.00165945268236, 0.00331857334822, -0.00309741334058, 0.00304872193374, -0.00260094529949, 0.00297894910909, -0.00196550437249, 0.00165128184017, -0.000175170280272, -4.47535567218e-05, 0.000356734090019, -0.000525997427758], [-0.00165945268236, 0.00839807000011, -0.00325696589425, 0.0080405222252, -0.00464128842577, 0.00696556502953, -0.00321548525244, 0.00663563096896, -0.00294902501628, 0.00564675033092, -0.00010600573296, 0.00191245006863, 0.00321545870975], [0.00331857334822, -0.00325696589425, 0.0135994711891, -0.0086472351104, 0.00583682395518, -0.00491266325116, 0.00473151169717, -0.00519012240693, 0.00360041949898, -0.00298699690029, -0.00186032196507, 0.00273053790443, -0.003684125375], [-0.00309741334058, 0.0080405222252, -0.0086472351104, 0.0261850822717, -0.00442975619808, 0.00809295568615, -0.00632695667446, 0.012222728692, -0.005214585457, 0.00661088433117, -0.0017025800189, 0.000972484587692, 0.00337493512779], [0.00304872193374, -0.00464128842577, 0.00583682395518, -0.00442975619808, 0.0167063865811, -0.0120832370594, 0.00436748703942, -0.00357793853618, 0.0016472163843, -0.00168288266286, 0.000705698388629, -0.00292634172365, -0.000464610697236], [-0.00260094529949, 0.00696556502953, -0.00491266325116, 0.00809295568615, -0.0120832370594, 0.0286540612578, -0.00981513783336, 0.00312244589441, 0.00405339384452, -0.00310963275842, -0.00354727567174, 0.00632562721148, -0.00329976249486], [0.00297894910909, -0.00321548525244, 0.00473151169717, -0.00632695667446, 0.00436748703942, -0.00981513783336, 0.022822374478, -0.00480449944735, 0.00189251406118, 0.000528851349372, -0.0010870359838, -0.00321577605791, 0.0024260582868], [-0.00196550437249, 0.00663563096896, -0.00519012240693, 0.012222728692, -0.00357793853618, 0.00312244589441, -0.00480449944735, 0.0246881917119, -0.00589879741892, -0.0013594457414, 0.0064083756879, 0.000769859179854, 0.00477401772514], [0.00165128184017, -0.00294902501628, 0.00360041949898, -0.005214585457, 0.0016472163843, 0.00405339384452, 0.00189251406118, -0.00589879741892, 0.0268624909222, -0.0114398179576, 0.00330360326916, 0.005871984642, -0.0119157917798], [-0.000175170280272, 0.00564675033092, -0.00298699690029, 0.00661088433117, -0.00168288266286, -0.00310963275842, 0.000528851349372, -0.0013594457414, -0.0114398179576, 0.0329185798764, -0.00795105937868, 0.000525238108821, 0.00547380186617], [-4.47535567218e-05, -0.00010600573296, -0.00186032196507, -0.0017025800189, 0.000705698388629, -0.00354727567174, -0.0010870359838, 0.0064083756879, 0.00330360326916, -0.00795105937868, 0.0238966327161, -0.00802582222968, -0.00414530280977], [0.000356734090019, 0.00191245006863, 0.00273053790443, 0.000972484587692, -0.00292634172365, 0.00632562721148, -0.00321577605791, 0.000769859179854, 0.005871984642, 0.000525238108821, -0.00802582222968, 0.0280164517462, -0.00452624354511], [-0.000525997427758, 0.00321545870975, -0.003684125375, 0.00337493512779, -0.000464610697236, -0.00329976249486, 0.0024260582868, 0.00477401772514, -0.0119157917798, 0.00547380186617, -0.00414530280977, -0.00452624354511, 0.0291756018996]]
    },
    "melbands": {
        "max": [0.00118551892228, 0.00231116218492, 0.0188684798777, 0.0119686815888, 0.0107056507841, 0.00675185769796, 0.00958945509046, 0.00135699019302, 0.00276026804931, 0.00458915578201, 0.000273566576652, 0.000619120663032, 0.00839371141046, 0.0045792912133, 0.000874446530361, 0.000902391504496, 0.000528659089468, 0.00171178765595, 0.000193885498447, 0.000437556853285, 0.000685742357746, 0.000662058067974, 0.00169967918191, 0.00226726895198, 0.000424208090408, 0.000156655150931, 6.02260479354e-05, 0.000254242913797, 0.000134055066155, 1.99322767003e-05, 3.79170269298e-05, 1.36842209031e-05, 4.49177532573e-05, 7.70593978814e-05, 6.025375842e-05, 4.61707859358e-05, 8.55790858623e-05, 3.35232871294e-05, 2.25820167543e-05, 3.37224046234e-05],
        "mean": [8.84954279172e-05, 9.3737617135e-05, 0.000303327920847, 0.000187070589163, 0.000275850878097, 0.000259311898844, 6.60707883071e-05, 3.58000179403e-05, 0.000116607559903, 0.000167604521266, 1.54397112055e-05, 1.74774686457e-05, 8.20014392957e-05, 3.29527756548e-05, 4.89909034513e-05, 3.96725408791e-05, 1.72287800524e-05, 3.85417042708e-05, 7.36621359465e-06, 1.51735457621e-05, 2.14076408156e-05, 3.27981033479e-05, 8.23541049613e-05, 2.96271555271e-05, 1.14958802442e-05, 2.8224151265e-06, 1.64500556821e-06, 7.01001272319e-06, 4.95406357004e-06, 8.0554792703e-07, 3.16597629535e-06, 1.35545610647e-06, 1.02599165075e-06, 3.40863653037e-06, 1.70516045728e-06, 1.10550956833e-06, 1.23603354041e-06, 1.13486521514e-06, 4.92693970955e-07, 5.53966174266e-07],
        "min": [3.00967336687e-24, 1.32118582179e-23, 1.06040844359e-23, 5.23687599628e-24, 3.4740010372e-24, 4.17040389445e-24, 1.61961963307e-23, 1.52597726822e-23, 3.2116095707e-23, 2.22441909426e-23, 1.09517070378e-23, 1.01549843448e-23, 9.14947146943e-24, 3.98666083469e-24, 5.94213223947e-24, 7.04814717746e-24, 6.54102400023e-24, 1.63944276098e-23, 1.81777376162e-23, 9.73271499085e-24, 1.11563691111e-23, 1.18868756085e-23, 9.05875798736e-24, 1.26738085377e-23, 1.17874641461e-23, 1.25010132896e-23, 7.83727629539e-24, 1.2488312629e-23, 8.57037104549e-24, 9.21185853412e-24, 7.16639979373e-24, 7.17756611985e-24, 7.43111863656e-24, 1.44087053615e-23, 7.84576917189e-24, 1.04795240878e-23, 1.09495171599e-23, 1.01472803292e-23, 1.25524178327e-23, 1.2943356787e-23],
        "stdev": [0.000109906155558, 0.000205292235478, 0.0010156336939, 0.000662681006361, 0.000787586905062, 0.000641988473944, 0.000441851385403, 0.000100908488093, 0.000343196414178, 0.000567435694393, 2.79179348581e-05, 5.67011848034e-05, 0.000466429657536, 0.000204824391403, 0.0001081657756, 0.000101205383544, 5.288954344e-05, 0.00013978453353, 1.89365327969e-05, 4.27027880505e-05, 7.16377762728e-05, 6.73692047712e-05, 0.000172826723428, 0.000145651836647, 3.90571367461e-05, 1.0633662896e-05, 3.75519903173e-06, 1.815478754e-05, 1.22230694615e-05, 1.71239025804e-06, 5.66432390769e-06, 2.44225907409e-06, 3.22339201375e-06, 8.68074221216e-06, 4.46057720183e-06, 3.34564037985e-06, 4.69529277325e-06, 3.66304584531e-06, 1.96950327336e-06, 2.22552080231e-06]
    },
    "melbands128": {
        "max": [0.000354167539626, 0.00083832652308, 0.00158762861975, 0.00230886391364, 0.00141516816802, 0.00215928046964, 0.0154656162485, 0.0296147204936, 0.0178290754557, 0.0043009063229, 0.0116156730801, 0.021543700248, 0.00857502780855, 0.0133704310283, 0.010026268661, 0.00492023909464, 0.0200581289828, 0.00851192977279, 0.000580829218961, 0.00106312602293, 0.0024152318947, 0.00123017095029, 0.00084076001076, 0.00835998076946, 0.0101020224392, 0.00140305969398, 0.000703423051164, 0.000154316148837, 0.000246529933065, 7.85918236943e-05, 0.000226417032536, 0.00292600900866, 0.00703501934186, 0.023225788027, 0.00424347165972, 0.00051181827439, 0.000319886952639, 0.000140933436342, 0.00231091934256, 0.00232315063477, 0.000170836123289, 0.00018573262787, 0.000147702856339, 0.00029954558704, 0.0038197026588, 0.00148656999227, 0.000400244724005, 0.000149050611071, 0.000392300804378, 0.000285326706944, 0.000320307648508, 0.000951796886511, 0.00148629047908, 0.000551645294763, 0.000340770435287, 0.000424386496888, 0.000914068252314, 0.00486554391682, 0.000331541785272, 0.000800647656433, 0.0035987359006, 0.00301253073849, 0.000839246320538, 0.000220242567593, 0.000361710932339, 7.48904931243e-05, 0.000174178159796, 0.000107972802653, 1.96791606868e-05, 5.82701977692e-05, 9.94947404251e-05, 0.000688667991199, 0.000404677819461, 8.17234904389e-05, 3.00371812045e-05, 3.21520383295e-05, 1.30806247398e-05, 8.94535878615e-06, 4.92328072141e-05, 7.23982811905e-05, 1.49562183651e-05, 6.78692367728e-06, 5.15409828949e-06, 4.40801813966e-05, 8.84199253051e-05, 8.13700680737e-05, 0.000158928713063, 0.00010258788825, 7.17461589375e-05, 2.15190011659e-05, 0.000110939057777, 2.06090917345e-05, 1.17266645248e-05, 8.97781283129e-05, 0.000157200047397, 6.03326370765e-05, 5.40166838618e-05, 1.85276003322e-05, 4.33524983237e-05, 1.62366886798e-05, 6.4839492552e-05, 3.42444363923e-05, 2.92437289318e-05, 1.34371412059e-05, 2.22489288717e-05, 9.74678823695e-06, 9.33671685743e-07, 2.09989579503e-07, 1.66322729456e-06, 1.07622292944e-06, 2.85892781449e-07, 6.7743769705e-08, 5.81127901356e-09, 5.15766807041e-09, 3.50907369828e-09, 5.42765121736e-09, 8.2606028684e-09, 2.99252822522e-09, 2.8592961332e-09, 2.76898459717e-09, 2.69865041425e-09, 2.60429255938e-09, 2.54015941614e-09, 2.4494182238e-09, 2.41799980039e-09, 2.35672104054e-09, 2.32874297623e-09, 2.35214092648e-09],
        "mean": [0.000182678777492, 5.19675922988e-05, 6.7983615736e-05, 0.00012053426326, 7.05456186552e-05, 4.52812564617e-05, 0.000297412247164, 0.000498755834997, 0.000164341690834, 8.08420227258e-05, 0.00026519826497, 0.000270281918347, 0.000147847647895, 0.000470395025332, 0.000352038565325, 6.91719033057e-05, 0.000121541466797, 5.70919692109e-05, 1.32000286612e-05, 3.22226260323e-05, 4.5942626457e-05, 4.93855914101e-05, 4.02746554755e-05, 0.000278250459814, 0.000345041975379, 3.23082422256e-05, 1.67394809978e-05, 1.06487386802e-05, 2.44601633312e-05, 8.15311977931e-06, 9.03626460058e-06, 4.28386192652e-05, 9.68871099758e-05, 0.000122636556625, 2.94580586342e-05, 1.30421667563e-05, 1.76950452442e-05, 1.20705308291e-05, 0.00011273585551, 8.36688632262e-05, 5.13546547154e-06, 5.4729225667e-06, 6.37618586552e-06, 1.48975595948e-05, 7.45809156797e-05, 3.81660138373e-05, 1.0387416296e-05, 6.02613408773e-06, 6.286624739e-06, 6.33090257907e-06, 1.28571618916e-05, 2.7498083e-05, 3.09303177346e-05, 1.62276828632e-05, 6.515962923e-06, 6.26624387223e-06, 4.18456365878e-05, 0.000212626458961, 2.21780010179e-05, 6.81833125782e-06, 4.16607545048e-05, 3.91586982005e-05, 1.01591431303e-05, 6.22011702944e-06, 6.89145372235e-06, 1.79016660695e-06, 1.47523292071e-06, 1.13962255455e-06, 9.87341309155e-07, 3.26805593431e-06, 5.14215435032e-06, 1.14998729259e-05, 8.85102053871e-06, 3.1108136227e-06, 9.51065317167e-07, 9.1439079597e-07, 6.38071639969e-07, 5.86872999975e-07, 3.87523596146e-06, 6.35637161395e-06, 4.90410684506e-07, 2.13100932456e-07, 2.45749902206e-07, 6.72124599532e-07, 2.06645722756e-06, 2.95176869258e-06, 4.82355062559e-06, 2.74674107459e-06, 1.26445547721e-06, 5.89651278915e-07, 2.19347839447e-06, 5.20682590377e-07, 9.10271410248e-07, 1.03874947399e-06, 1.70781720499e-06, 1.55562383952e-06, 1.13895214326e-06, 3.21618983889e-07, 3.62808577847e-07, 4.94640232773e-07, 9.73912960944e-07, 3.43756369148e-07, 4.81671918351e-07, 2.61374850652e-07, 2.59979515249e-07, 1.08589340186e-07, 2.55387675452e-08, 1.25792363193e-08, 2.04887893318e-08, 1.24183063832e-08, 4.40100356158e-09, 1.17767795516e-09, 2.74332973005e-10, 1.1308203679e-10, 5.26813072332e-11, 3.32090355215e-10, 5.54206902592e-10, 8.18089606475e-12, 7.3669733508e-12, 7.17143011641e-12, 7.0084810351e-12, 6.82066295804e-12, 6.64911051565e-12, 6.43754364052e-12, 6.38686846466e-12, 6.27819107465e-12, 6.21716350277e-12, 6.24144659567e-12],
        "min": [8.07309797996e-25, 4.65959389672e-24, 1.85069411049e-24, 3.69547610292e-24, 1.58323989247e-23, 2.01201387791e-23, 1.03249751924e-23, 1.10328666255e-23, 5.73410961876e-24, 3.33920640217e-24, 6.20854752767e-24, 5.66627823054e-24, 2.52053562663e-24, 7.42083524301e-25, 4.07345998895e-24, 5.75808980699e-24, 7.53507788209e-24, 2.03615633483e-23, 2.62420496579e-23, 7.89199326549e-24, 9.75016774952e-24, 3.40812428852e-23, 3.39483703098e-23, 3.40559961808e-23, 2.5215107376e-23, 1.97928687885e-23, 1.10761261798e-23, 5.10481358099e-24, 1.75346471622e-23, 1.06972528531e-23, 9.30817766179e-24, 4.71099607331e-24, 1.33736472786e-23, 7.24838295217e-24, 6.00834646284e-24, 2.22515533814e-24, 1.361306893e-24, 8.15016140736e-24, 4.31798478146e-24, 1.18449926165e-23, 4.54937582877e-24, 6.21037097966e-24, 7.70197639495e-24, 2.94014612491e-24, 1.53373208647e-23, 1.89439566357e-23, 1.68823996109e-23, 2.64381904556e-23, 1.20929978633e-23, 8.65505289709e-24, 1.39134679515e-23, 5.64444295511e-24, 1.09529676375e-23, 1.46829796765e-23, 7.65301732059e-24, 1.63025836901e-23, 1.09393582092e-23, 3.58868524117e-24, 1.29215432052e-23, 1.01265987629e-23, 1.89700442659e-23, 8.21512804721e-24, 5.99167152103e-24, 1.4551088444e-23, 1.74988660093e-23, 6.51848466645e-24, 1.90247075934e-23, 6.53067020085e-24, 3.85210837996e-24, 9.8067274987e-24, 1.26796666188e-23, 1.47985982862e-23, 1.23915462172e-23, 5.58992241137e-24, 6.43732231778e-24, 8.1003124979e-24, 1.26668776058e-23, 8.19182825152e-24, 5.50374803494e-24, 5.77434546923e-24, 1.0695733507e-23, 6.00742941204e-24, 3.88148003804e-24, 5.9942266415e-24, 1.25764181369e-23, 1.33984253997e-23, 2.01075138492e-23, 5.9943769195e-24, 7.05653592432e-24, 7.82484305866e-24, 9.60463790086e-24, 8.8232538193e-24, 1.60671544638e-23, 1.25988020651e-23, 6.06746251579e-24, 9.52179488404e-24, 8.55438793469e-24, 1.62485325186e-23, 9.5541776242e-24, 1.25292560877e-23, 1.67022679563e-23, 1.22722412605e-23, 1.04372387767e-23, 1.16128813392e-23, 1.31741451446e-23, 9.44020773378e-24, 1.0220493721e-23, 6.97564139394e-24, 6.88585640115e-24, 7.27400830981e-24, 1.16582826509e-23, 1.48974094254e-23, 1.39078212852e-23, 1.645910316e-23, 9.92449102121e-24, 8.56691741245e-24, 1.00994769361e-23, 1.0477475416e-23, 1.09975572113e-23, 1.16543872557e-23, 1.23731791688e-23, 9.3210510829e-24, 9.73808240045e-24, 1.10951440385e-23, 1.06521836518e-23, 1.27538116553e-23, 8.56062782445e-24, 1.25004389988e-23],
        "stdev": [4.28760722571e-05, 5.11412654305e-05, 0.000147298487718, 0.000277903163806, 0.000165714984178, 0.000125129663502, 0.000931619666517, 0.0016417457955, 0.000806917320006, 0.000280053209281, 0.000848182826303, 0.00130781030748, 0.000621621555183, 0.00115960917901, 0.000939951918554, 0.000272479810519, 0.000924572988879, 0.000390894099837, 3.31419469148e-05, 8.62823653733e-05, 0.000165459015989, 0.00012467126362, 8.88909999048e-05, 0.000968351087067, 0.00120390346274, 0.000112093606731, 4.79228474433e-05, 1.93304094864e-05, 4.44968027296e-05, 1.39601706906e-05, 2.23653787543e-05, 0.000256192783127, 0.000589017814491, 0.00103950791527, 0.000189161015442, 3.61041311407e-05, 3.66920612578e-05, 2.10911221075e-05, 0.000271932047326, 0.000241296016611, 1.27260700538e-05, 1.59114806593e-05, 1.4453876247e-05, 3.51426824636e-05, 0.000337832403602, 0.00012817933748, 2.93613866233e-05, 1.432985664e-05, 2.51491073868e-05, 2.13853127207e-05, 3.30607035721e-05, 8.96761848708e-05, 0.000131301028887, 4.97441687912e-05, 1.90315495274e-05, 2.21323989535e-05, 9.16470089578e-05, 0.000473372434499, 4.35612055298e-05, 3.71249116142e-05, 0.000222838236368, 0.000201049711904, 4.49914114142e-05, 1.79514208867e-05, 3.09264505631e-05, 5.07531422045e-06, 8.04630963103e-06, 5.11426833327e-06, 2.09122458728e-06, 6.55697249385e-06, 1.10959717858e-05, 4.29263527622e-05, 2.65806411335e-05, 7.46340401747e-06, 2.3143393264e-06, 2.51216579272e-06, 1.27149166929e-06, 1.15285092761e-06, 7.09522328179e-06, 1.21783987197e-05, 1.31898616473e-06, 5.2527968819e-07, 5.69163262298e-07, 2.84214161184e-06, 6.82953350406e-06, 7.87625322118e-06, 1.41029277074e-05, 8.22881884233e-06, 4.11388555221e-06, 1.89852880794e-06, 8.13602491689e-06, 1.5235683577e-06, 1.67790585692e-06, 4.54135670225e-06, 8.64520552568e-06, 5.35609888175e-06, 4.59989541923e-06, 1.60562569818e-06, 2.4541750463e-06, 1.84874875231e-06, 5.04654417455e-06, 1.72121951891e-06, 2.2858396278e-06, 1.08108235963e-06, 1.45790750139e-06, 5.87975193866e-07, 6.25387883701e-08, 2.22243130565e-08, 1.02177075689e-07, 6.53115961313e-08, 1.90043856207e-08, 3.78302233983e-09, 6.32581431681e-10, 3.38039762848e-10, 1.82209136668e-10, 6.2010135915e-10, 1.08386855047e-09, 1.27466120992e-10, 1.21784610174e-10, 1.17936854727e-10, 1.149407583e-10, 1.10920744811e-10, 1.0818966556e-10, 1.04325888206e-10, 1.02986556783e-10, 1.00376186529e-10, 9.91835710784e-11, 1.00179899098e-10]
    },
    "mfcc": {
        "mean": [-908.217651367, 83.6242980957, 3.60190534592, 18.6778678894, 20.2947425842, 16.8209342957, 6.9915394783, 10.6532039642, 2.71912384033, 2.56665420532, 9.19862651825, 16.3155059814, 3.85936522484],
        "cov": [[67180.9296875, 3023.64624023, -3931.97998047, 76.7054519653, -2970.92480469, -3669.59521484, -3986.92407227, -534.656799316, -2621.38037109, -2603.46704102, -2711.21459961, -1639.54260254, -2496.15356445], [3023.64624023, 381.375396729, -237.640197754, 3.18444156647, -117.580657959, -153.18862915, -185.819335938, -10.4752988815, -121.836631775, -137.965576172, -122.970588684, -78.6395263672, -112.646766663], [-3931.97998047, -237.640197754, 394.452270508, 22.3222541809, 152.641815186, 196.810501099, 217.979614258, 9.81468391418, 149.153137207, 149.023117065, 157.423828125, 116.8959198, 118.487411499], [76.7054519653, 3.18444156647, 22.3222541809, 70.970123291, -18.4356594086, 1.31960630417, -19.7244224548, 2.66620731354, -16.5907115936, -16.3132343292, -6.57168245316, 7.64722156525, -24.4864406586], [-2970.92480469, -117.580657959, 152.641815186, -18.4356594086, 206.943359375, 165.972290039, 174.752548218, 16.3565673828, 125.994819641, 123.826499939, 117.253479004, 63.8762512207, 122.815177917], [-3669.59521484, -153.18862915, 196.810501099, 1.31960630417, 165.972290039, 271.227783203, 237.051513672, 32.5964889526, 121.997268677, 133.675323486, 141.193725586, 90.9050674438, 128.428726196], [-3986.92407227, -185.819335938, 217.979614258, -19.7244224548, 174.752548218, 237.051513672, 319.258148193, 51.5289764404, 136.01373291, 144.833724976, 163.970550537, 90.254699707, 158.044235229], [-534.656799316, -10.4752988815, 9.81468391418, 2.66620731354, 16.3565673828, 32.5964889526, 51.5289764404, 48.6637420654, 24.0634803772, 9.85727977753, 17.6030406952, 11.5906295776, 22.3482952118], [-2621.38037109, -121.836631775, 149.153137207, -16.5907115936, 125.994819641, 121.997268677, 136.01373291, 24.0634803772, 176.002471924, 132.82019043, 102.600212097, 57.791847229, 102.455635071], [-2603.46704102, -137.965576172, 149.023117065, -16.3132343292, 123.826499939, 133.675323486, 144.833724976, 9.85727977753, 132.82019043, 163.460891724, 117.112854004, 55.1989440918, 103.539291382], [-2711.21459961, -122.970588684, 157.423828125, -6.57168245316, 117.253479004, 141.193725586, 163.970550537, 17.6030406952, 102.600212097, 117.112854004, 155.20741272, 73.3272628784, 90.4286651611], [-1639.54260254, -78.6395263672, 116.8959198, 7.64722156525, 63.8762512207, 90.9050674438, 90.254699707, 11.5906295776, 57.791847229, 55.1989440918, 73.3272628784, 84.6705932617, 58.6284370422], [-2496.15356445, -112.646766663, 118.487411499, -24.4864406586, 122.815177917, 128.428726196, 158.044235229, 22.3482952118, 102.455635071, 103.539291382, 90.4286651611, 58.6284370422, 159.832138062]],
        "icov": [[0.000352179078618, -5.59348627576e-05, 0.000765661417972, 0.000447364785941, 0.000626579334494, 0.00129041541368, 0.000703978585079, 0.000241039451794, 0.00108826183714, 8.83537577465e-05, 0.00138778798282, 0.000286545866402, 0.00106834992766], [-5.59348627576e-05, 0.0048168618232, 0.00170363788493, -0.000102998979855, -0.000866139715072, -0.000440378265921, 0.00112557399552, -0.000825983530376, -0.00021110153466, 0.0019647621084, -0.00059868657263, 0.000196524939383, 0.000393639580579], [0.000765661417972, 0.00170363788493, 0.00906698592007, -0.00219868891872, 0.00110982859042, 0.00288572604768, -0.00111762701999, 0.00443290546536, -0.000108278538391, 0.00015559446183, 0.00236968160607, -0.00369328376837, 0.00339629198425], [0.000447364785941, -0.000102998979855, -0.00219868891872, 0.0189448241144, 0.00157470128033, -0.00134640827309, 0.00468473462388, -0.00437127659097, 0.00357870617881, 0.000662681937683, 0.00181147677358, -0.00153764453717, 0.00411294354126], [0.000626579334494, -0.000866139715072, 0.00110982859042, 0.00157470128033, 0.0152711067349, -0.00151564273983, 9.76061928668e-05, 0.00353601505049, -0.00194790656678, -0.000244094451773, 0.00031551590655, 0.00171331304591, -0.00191404751968], [0.00129041541368, -0.000440378265921, 0.00288572604768, -0.00134640827309, -0.00151564273983, 0.0185645390302, -0.00451481388882, 0.00117050448898, 0.00490159122273, -0.00244458927773, 0.00555552169681, -0.00308067095466, 0.00447365595028], [0.000703978585079, 0.00112557399552, -0.00111762701999, 0.00468473462388, 9.76061928668e-05, -0.00451481388882, 0.0180247593671, -0.00902721378952, 0.00462244264781, 0.00102686160244, -0.00343236722983, 0.00359655497596, -0.00267997453921], [0.000241039451794, -0.000825983530376, 0.00443290546536, -0.00437127659097, 0.00353601505049, 0.00117050448898, -0.00902721378952, 0.0317870154977, -0.00701433327049, 0.0058189900592, 0.00172246736474, -0.00112470379099, 0.000215228836169], [0.00108826183714, -0.00021110153466, -0.000108278538391, 0.00357870617881, -0.00194790656678, 0.00490159122273, 0.00462244264781, -0.00701433327049, 0.0221955943853, -0.0111696729437, 0.00494148861617, -0.000470351369586, 0.00182844139636], [8.83537577465e-05, 0.0019647621084, 0.00015559446183, 0.000662681937683, -0.000244094451773, -0.00244458927773, 0.00102686160244, 0.0058189900592, -0.0111696729437, 0.0259827822447, -0.00898806378245, 0.00495314830914, -0.00332974572666], [0.00138778798282, -0.00059868657263, 0.00236968160607, 0.00181147677358, 0.00031551590655, 0.00555552169681, -0.00343236722983, 0.00172246736474, 0.00494148861617, -0.00898806378245, 0.028771745041, -0.00738699035719, 0.00730538694188], [0.000286545866402, 0.000196524939383, -0.00369328376837, -0.00153764453717, 0.00171331304591, -0.00308067095466, 0.00359655497596, -0.00112470379099, -0.000470351369586, 0.00495314830914, -0.00738699035719, 0.0272743329406, -0.00385659816675], [0.00106834992766, 0.000393639580579, 0.00339629198425, 0.00411294354126, -0.00191404751968, 0.00447365595028, -0.00267997453921, 0.000215228836169, 0.00182844139636, -0.00332974572666, 0.00730538694188, -0.00385659816675, 0.0200935136527]]
    },
    "spectral_contrast_coeffs": {
        "max": [-0.438246190548, -0.566798090935, -0.587811172009, -0.563668012619, -0.615905642509, -0.684609830379],
        "mean": [-0.794069766998, -0.851625978947, -0.858079075813, -0.844255387783, -0.821184873581, -0.823290169239],
        "min": [-0.97970020771, -0.978874802589, -0.962020158768, -0.961914122105, -0.960335493088, -0.961102247238],
        "stdev": [0.112694352865, 0.082011513412, 0.065954528749, 0.065919354558, 0.077658623457, 0.0638671070337]
    },
    "spectral_contrast_valleys": {
        "max": [-5.77357769012, -5.15310335159, -6.08154153824, -5.61772298813, -5.76549863815, -8.19449138641],
        "mean": [-9.71410655975, -9.44898414612, -9.90605068207, -9.7933807373, -9.96541500092, -12.0637245178],
        "min": [-27.3968963623, -26.762260437, -27.2621707916, -27.2592697144, -27.2732009888, -27.1430835724],
        "stdev": [2.48332595825, 2.71537518501, 2.50666666031, 2.40887880325, 2.48739361763, 2.03597521782]
    }
},
"rhythm": {
    "beats_count": 28,
    "beats_loudness": {
        "max": 0.176557004452,
        "mean": 0.0174224004149,
        "min": 0.000715043453965,
        "stdev": 0.0339258909225
    },
    "bpm": 143.584243774,
    "bpm_histogram_first_peak_bpm": 144,
    "bpm_histogram_first_peak_weight": 0.266666710377,
    "bpm_histogram_second_peak_bpm": 136,
    "bpm_histogram_second_peak_spread": 0,
    "bpm_histogram_second_peak_weight": 0.185185179114,
    "danceability": 0.740045249462,
    "onset_rate": 1.95934510231,
    "beats_loudness_band_ratio": {
        "max": [0.999749422073, 0.376156449318, 0.563898861408, 0.201940014958, 0.780007064342, 0.303992837667],
        "mean": [0.614354550838, 0.0858351439238, 0.0985506847501, 0.0434748008847, 0.124089360237, 0.0417442582548],
        "min": [0.0526932179928, 2.08347191801e-05, 9.69953362073e-06, 6.61676531308e-05, 3.72410504497e-05, 9.32361363084e-05],
        "stdev": [0.404602408409, 0.118340529501, 0.154683515429, 0.0594645887613, 0.172130078077, 0.0692266225815]
    },
    "beats_position": [0.510838985443, 1.03328800201, 1.55573689938, 2.07818579674, 2.60063481331, 3.09986400604, 3.59909296036, 4.1099319458, 4.55111122131, 4.99229001999, 5.4334692955, 5.86303853989, 6.30421733856, 6.74539661407, 7.17496585846, 7.59292507172, 8.01088428497, 8.42884349823, 8.83519268036, 9.24154186249, 9.65950107574, 10.077460289, 10.4954195023, 10.9133787155, 11.3313379288, 11.749297142, 12.1672563553, 12.5852155685],
