{
"metadata": {
    "version": {
        "essentia": "2.1-beta5",
        "essentia_git_sha": "Undefined",
        "extractor": "music 2.0"
    },
    "audio_properties": {
        "analysis": {
            "equal_loudness": 0,
            "length": 68.4872589111,
            "sample_rate": 44100,
            "start_time": 45.2440834045,
            "downmix": "mix"
        },
        "bit_rate": 192000,
        "length": 184.052978516,
        "lossless": 0,
        "number_channels": 2,
        "replay_gain": -9.1533203125,
        "sample_rate": 48000,
        "codec": "mp3",
        "md5_encoded": "73289cce791d3f0d4361f40b4af9d2c2"
    },
    "tags": {
        "file_name": "Italy_Fiumi Di Parole_Jalisse.mp3",
        "encoding": ["Lavf58.29.100"]
    }
},
"lowlevel": {
    "average_loudness": 0.948647201061,
    "barkbands_crest": {
        "max": 23.8193149567,
        "mean": 9.65500736237,
        "min": 3.08733797073,
        "stdev": 3.56358933449
    },
    "barkbands_flatness_db": {
        "max": 0.339355289936,
        "mean": 0.201374188066,
        "min": 0.0782579481602,
        "stdev": 0.0368704013526
    },
    "barkbands_kurtosis": {
        "max": 72.2029495239,
        "mean": 6.06508970261,
        "min": -1.90839791298,
        "stdev": 8.59325695038
    },
    "barkbands_skewness": {
        "max": 7.39619207382,
        "mean": 1.7787258625,
        "min": -1.22501432896,
        "stdev": 1.19658255577
    },
    "barkbands_spread": {
        "max": 83.1934890747,
        "mean": 17.0152873993,
        "min": 1.84607958794,
        "stdev": 10.6235313416
    },
    "dissonance": {
        "max": 0.499457359314,
        "mean": 0.459255725145,
        "min": 0.250209391117,
        "stdev": 0.0278650466353
    },
    "dynamic_complexity": 2.07430171967,
    "erbbands_crest": {
        "max": 28.4748458862,
        "mean": 10.2429695129,
        "min": 2.91475605965,
        "stdev": 4.3084692955
    },
    "erbbands_flatness_db": {
        "max": 0.335148870945,
        "mean": 0.218797177076,
        "min": 0.125940740108,
        "stdev": 0.0319734811783
    },
    "erbbands_kurtosis": {
        "max": 17.7810058594,
        "mean": 0.782808244228,
        "min": -1.86755502224,
        "stdev": 2.44550919533
    },
    "erbbands_skewness": {
        "max": 3.8551003933,
        "mean": 0.639244556427,
        "min": -2.75027537346,
        "stdev": 0.939455211163
    },
    "erbbands_spread": {
        "max": 129.30921936,
        "mean": 38.0774269104,
        "min": 6.80636072159,
        "stdev": 17.5848999023
    },
    "hfc": {
        "max": 112.184967041,
        "mean": 17.91588974,
        "min": 0.644196927547,
        "stdev": 14.479224205
    },
    "loudness_ebu128": {
        "integrated": -14.6676006317,
        "loudness_range": 3.98640155792,
        "momentary": {
            "max": -11.3420658112,
            "mean": -15.0782279968,
            "min": -21.4145183563,
            "stdev": 2.00281143188
        },
        "short_term": {
            "max": -12.5860757828,
            "mean": -14.8662128448,
            "min": -17.9792346954,
            "stdev": 1.40583848953
        }
    },
    "melbands_crest": {
        "max": 29.3331394196,
        "mean": 11.8983221054,
        "min": 4.3568611145,
        "stdev": 3.94362354279
    },
    "melbands_flatness_db": {
        "max": 0.431469470263,
        "mean": 0.231116220355,
        "min": 0.0971452444792,
        "stdev": 0.0493625514209
    },
    "melbands_kurtosis": {
        "max": 176.244842529,
        "mean": 14.8917074203,
        "min": -1.80819320679,
        "stdev": 17.1693534851
    },
    "melbands_skewness": {
        "max": 9.42094326019,
        "mean": 2.63367342949,
        "min": -0.184811592102,
        "stdev": 1.43104875088
    },
    "melbands_spread": {
        "max": 164.75680542,
        "mean": 19.1204814911,
        "min": 1.53093922138,
        "stdev": 15.0106801987
    },
    "pitch_salience": {
        "max": 0.846376180649,
        "mean": 0.594967782497,
        "min": 0.245685085654,
        "stdev": 0.0932659655809
    },
    "silence_rate_20dB": {
        "max": 1,
        "mean": 1,
        "min": 1,
        "stdev": 0
    },
    "silence_rate_30dB": {
        "max": 1,
        "mean": 1,
        "min": 1,
        "stdev": 0
    },
    "silence_rate_60dB": {
        "max": 1,
        "mean": 0.00508302263916,
        "min": 0,
        "stdev": 0.071113280952
    },
    "spectral_centroid": {
        "max": 3499.12817383,
        "mean": 1110.06018066,
        "min": 227.821060181,
        "stdev": 586.87097168
    },
    "spectral_complexity": {
        "max": 51,
        "mean": 16.3059978485,
        "min": 1,
        "stdev": 7.71577644348
    },
    "spectral_decrease": {
        "max": -1.32767449812e-10,
        "mean": -6.38045349888e-09,
        "min": -2.35775097224e-08,
        "stdev": 3.37130812156e-09
    },
    "spectral_energy": {
        "max": 0.0937072113156,
        "mean": 0.0257063694298,
        "min": 0.000571862445213,
        "stdev": 0.0136080579832
    },
    "spectral_energyband_high": {
        "max": 0.0153801571578,
        "mean": 0.000510898302309,
        "min": 2.99441194329e-06,
        "stdev": 0.000944477971643
    },
    "spectral_energyband_low": {
        "max": 0.0652392655611,
        "mean": 0.00530094467103,
        "min": 3.00746760331e-05,
        "stdev": 0.00562680372968
    },
    "spectral_energyband_middle_high": {
        "max": 0.0654925107956,
        "mean": 0.00556441256776,
        "min": 4.6651239245e-05,
        "stdev": 0.00666286610067
    },
    "spectral_energyband_middle_low": {
        "max": 0.0778794512153,
        "mean": 0.0157045312226,
        "min": 0.000135420137667,
        "stdev": 0.00946958269924
    },
    "spectral_entropy": {
        "max": 8.57779216766,
        "mean": 7.23509788513,
        "min": 5.94442176819,
        "stdev": 0.328583061695
    },
    "spectral_flux": {
        "max": 0.241871148348,
        "mean": 0.0773042291403,
        "min": 0.0154771916568,
        "stdev": 0.0337145142257
    },
    "spectral_kurtosis": {
        "max": 24.544588089,
        "mean": 3.37554264069,
        "min": -1.31208193302,
        "stdev": 2.95770478249
    },
    "spectral_rms": {
        "max": 0.00956146791577,
        "mean": 0.00482366979122,
        "min": 0.000746936770156,
        "stdev": 0.00134594191331
    },
    "spectral_rolloff": {
        "max": 8548.68164062,
        "mean": 1113.02026367,
        "min": 150.732421875,
        "stdev": 1018.67883301
    },
    "spectral_skewness": {
        "max": 3.37130236626,
        "mean": 1.18594205379,
        "min": -0.417893618345,
        "stdev": 0.471891254187
    },
    "spectral_spread": {
        "max": 20522990,
        "mean": 3451818,
        "min": 1916997,
        "stdev": 978735.0625
    },
    "spectral_strongpeak": {
        "max": 15.0029373169,
        "mean": 1.22257709503,
        "min": 0.0450036413968,
        "stdev": 1.37561690807
    },
    "zerocrossingrate": {
        "max": 0.25732421875,
        "mean": 0.0466929897666,
        "min": 0.009765625,
        "stdev": 0.0231839120388
    },
    "barkbands": {
        "max": [0.0022003185004, 0.0387290939689, 0.0443733781576, 0.0405844524503, 0.050944712013, 0.0450709424913, 0.057207595557, 0.0279450975358, 0.0357275791466, 0.0534542277455, 0.0245254617184, 0.0181460548192, 0.0193072129041, 0.0179682318121, 0.0106494715437, 0.0266192574054, 0.00932464655489, 0.00987352523953, 0.00713506387547, 0.00661656446755, 0.00629999209195, 0.00575709016994, 0.00533296633512, 0.0110677639022, 5.19523928233e-05, 3.32210652232e-06, 3.46579054167e-06],
        "mean": [0.000128680432681, 0.0024614513386, 0.00159259571228, 0.00185316882562, 0.00536305131391, 0.00376535626128, 0.00231601111591, 0.0010795253329, 0.000946153246332, 0.0012043081224, 0.000830495380796, 0.000553237332497, 0.000396928167902, 0.000455665925983, 0.000339142832672, 0.000532634439878, 0.000427567370934, 0.00045416134526, 0.000307085196255, 0.000368377019186, 0.000117994168249, 8.27136318549e-05, 7.77229433879e-05, 5.18626948178e-05, 4.60019265347e-07, 2.31389263305e-09, 2.15688555905e-09],
        "min": [6.37312922436e-08, 2.86553586193e-06, 9.39017979817e-07, 3.30426155415e-06, 6.15285680396e-05, 1.95874490601e-05, 5.07490904056e-06, 4.08601499657e-06, 5.14752036906e-06, 2.51315009336e-06, 1.01618434201e-06, 5.30650709152e-07, 1.79081069973e-07, 8.89908676527e-07, 1.22333642594e-06, 6.13205770605e-07, 7.46160253584e-07, 6.25052848591e-07, 2.10632094877e-07, 1.75790944468e-06, 7.42402903597e-08, 7.79448825483e-08, 5.51030439055e-08, 8.56729442944e-09, 3.75754358184e-11, 1.49735102789e-11, 1.94829864048e-11],
        "stdev": [0.000227333395742, 0.00262575480156, 0.00245151668787, 0.00278050266206, 0.00538597255945, 0.00441991491243, 0.00355546036735, 0.00231894664466, 0.00222409772687, 0.00310607161373, 0.00221060030162, 0.00145267450716, 0.00104822928552, 0.00129632675089, 0.000817723281216, 0.00172755413223, 0.000922726525459, 0.000956426316407, 0.000550617813133, 0.000588701164816, 0.000271675176919, 0.000258689309703, 0.000251014862442, 0.000289703515591, 2.03025933843e-06, 6.15153865624e-08, 6.41580442107e-08]
    },
    "erbbands": {
        "max": [0.606979131699, 10.1402263641, 41.0322494507, 112.23425293, 116.872192383, 207.603912354, 241.521194458, 388.585327148, 747.044494629, 642.547058105, 811.782287598, 903.59765625, 1186.69958496, 1907.20825195, 925.119262695, 938.090209961, 965.870666504, 1025.98583984, 587.311340332, 841.151916504, 1827.33312988, 534.403137207, 544.373291016, 490.829589844, 420.930358887, 455.772186279, 254.739227295, 260.461578369, 270.998809814, 171.932983398, 160.6743927, 254.112304688, 107.345932007, 2.83486914635, 0.127916052938, 0.0134013397619, 0.00613272329792, 0.00216504256241, 0.000501698174048, 0.000108765896584],
        "mean": [0.0563507638872, 0.606585919857, 1.72250962257, 4.89808082581, 11.4617595673, 19.5664463043, 23.8283920288, 28.525226593, 37.9615325928, 23.7771968842, 24.823797226, 23.7509937286, 29.1820220947, 36.1439704895, 37.0562782288, 23.118270874, 20.955953598, 23.8626842499, 18.4300708771, 17.9446411133, 32.8358459473, 24.659860611, 21.8364086151, 20.3293151855, 17.3205909729, 20.1928939819, 7.87529850006, 3.11664962769, 2.9656059742, 2.41597270966, 2.23536109924, 1.83561754227, 0.380085080862, 0.0227478314191, 0.000929672562052, 0.000108401269244, 2.91701508104e-05, 8.4814555521e-06, 1.50472351379e-05, 3.05612120428e-05],
        "min": [0.000116099632578, 0.000574805599172, 0.00406172825024, 0.0128272911534, 0.0727502182126, 0.249041184783, 0.212594762444, 0.19610004127, 0.0749958455563, 0.135259032249, 0.217331320047, 0.144407495856, 0.18243253231, 0.0437598563731, 0.078658439219, 0.0440104492009, 0.0185627546161, 0.0630277991295, 0.091898240149, 0.0277546215802, 0.0539897494018, 0.0830362215638, 0.0544246546924, 0.0350572392344, 0.0629977509379, 0.0707284137607, 0.0289345495403, 0.00431802589446, 0.00859964173287, 0.00559453479946, 0.00116948829964, 0.000494648120366, 8.55522521306e-05, 8.73974022397e-06, 5.00669193571e-06, 2.45468709181e-06, 1.04540595203e-06, 2.0098549669e-07, 9.47025569076e-07, 2.10434654946e-06],
        "stdev": [0.0636755228043, 0.666357636452, 2.45075201988, 7.28505277634, 11.2255821228, 22.5943698883, 28.5470924377, 36.9213829041, 51.6020545959, 40.8159255981, 53.243473053, 56.7444534302, 77.1000671387, 95.6929168701, 94.190826416, 61.9256286621, 53.3658714294, 63.2390708923, 39.1516494751, 43.2927627563, 112.045516968, 51.7833595276, 44.0576057434, 38.220123291, 29.7601013184, 34.4119033813, 15.3826179504, 8.33283042908, 9.7388010025, 6.93990135193, 7.72513961792, 7.91753530502, 2.92091155052, 0.107408836484, 0.00430389679968, 0.000466793397209, 0.00013163247786, 4.32541964983e-05, 1.28931860672e-05, 1.63427139341e-05]
    },
    "gfcc": {
        "mean": [-40.1131820679, 157.727554321, -152.942932129, 64.5135192871, -75.3213272095, -5.49323558807, -24.9223823547, -21.0082645416, 0.899186789989, -28.3354530334, 12.7430467606, -17.8953285217, 2.21907949448],
        "cov": [[2044.95507812, -343.647521973, -597.469116211, -12.8358898163, 130.0909729, 177.328643799, 30.6894683838, 183.031234741, -63.824672699, -4.41988897324, 45.2458534241, -72.4306182861, -42.9024963379], [-343.647521973, 492.384277344, 33.6321601868, -119.608093262, 188.731170654, -52.040512085, 160.327758789, -38.6772956848, 14.471367836, -16.8157482147, 14.8925704956, -20.1122913361, -14.4012756348], [-597.469116211, 33.6321601868, 670.637756348, 191.880554199, -184.483657837, 88.3795700073, -90.8835372925, -55.9816436768, 75.9940338135, -4.11345672607, -47.6272926331, 54.7526702881, 33.4370117188], [-12.8358898163, -119.608093262, 191.880554199, 328.392425537, 58.7373771667, -50.9607505798, -93.7349014282, 52.4780464172, 60.8368644714, -7.20799589157, -23.3347644806, 47.1262664795, 39.1511955261], [130.0909729, 188.731170654, -184.483657837, 58.7373771667, 351.213317871, -80.7926101685, 70.6823577881, 61.9588088989, -18.4149246216, -22.7742137909, 33.951423645, -5.27218866348, 3.4511153698], [177.328643799, -52.040512085, 88.3795700073, -50.9607505798, -80.7926101685, 326.492828369, 94.056640625, -25.5905189514, -29.9487190247, 24.8610801697, 6.88238143921, -21.6984710693, -14.5420923233], [30.6894683838, 160.327758789, -90.8835372925, -93.7349014282, 70.6823577881, 94.056640625, 232.646316528, 10.3654432297, -57.3259048462, 6.89759349823, 27.3319644928, -15.1086158752, -17.8801269531], [183.031234741, -38.6772956848, -55.9816436768, 52.4780464172, 61.9588088989, -25.5905189514, 10.3654432297, 146.758956909, 32.9717559814, -12.7334098816, 26.1681652069, 11.4126167297, 19.1889019012], [-63.824672699, 14.471367836, 75.9940338135, 60.8368644714, -18.4149246216, -29.9487190247, -57.3259048462, 32.9717559814, 133.92767334, 32.7192153931, -30.1120281219, 13.7408761978, 4.59969091415], [-4.41988897324, -16.8157482147, -4.11345672607, -7.20799589157, -22.7742137909, 24.8610801697, 6.89759349823, -12.7334098816, 32.7192153931, 76.994354248, 15.5616340637, -8.91617774963, -8.46860980988], [45.2458534241, 14.8925704956, -47.6272926331, -23.3347644806, 33.951423645, 6.88238143921, 27.3319644928, 26.1681652069, -30.1120281219, 15.5616340637, 88.1927566528, 27.1573619843, -0.498392105103], [-72.4306182861, -20.1122913361, 54.7526702881, 47.1262664795, -5.27218866348, -21.6984710693, -15.1086158752, 11.4126167297, 13.7408761978, -8.91617774963, 27.1573619843, 79.6791763306, 29.7885780334], [-42.9024963379, -14.4012756348, 33.4370117188, 39.1511955261, 3.4511153698, -14.5420923233, -17.8801269531, 19.1889019012, 4.59969091415, -8.46860980988, -0.498392105103, 29.7885780334, 63.7855606079]],
        "icov": [[0.00108478777111, -0.000186743884115, 0.00140515936073, -0.00083424965851, 0.000320790684782, -0.0013179637026, 0.000854477286339, -0.00127401319332, 0.000587276997976, 1.9889752366e-05, 0.00030815723585, -4.35182073488e-06, 0.000732621934731], [-0.000186743884115, 0.0167830381542, -0.00824552588165, 0.0101397503167, -0.0116588538513, 0.00671196728945, -0.013243813999, 0.0114319380373, -0.0165075231344, 0.0114201083779, -0.010742998682, 0.0104867285118, -0.00550304120407], [0.00140515936073, -0.00824552588165, 0.00863840337843, -0.00803602393717, 0.00757915759459, -0.0056217238307, 0.0068758209236, -0.00490162242204, 0.00645645707846, -0.00329634849913, 0.004389972426, -0.0049819923006, 0.00265556387603], [-0.00083424965851, 0.0101397503167, -0.00803602393717, 0.0130513915792, -0.00987695995718, 0.00490124663338, -0.00589262042195, 0.00429370999336, -0.0082810530439, 0.00361945014447, -0.00246286648326, 0.0025277226232, -0.00348381698132], [0.000320790684782, -0.0116588538513, 0.00757915759459, -0.00987695995718, 0.0133562292904, -0.00383772794157, 0.00677351281047, -0.00718458555639, 0.0096931355074, -0.00479318434373, 0.00405094819143, -0.00456158118322, 0.00296193663962], [-0.0013179637026, 0.00671196728945, -0.0056217238307, 0.00490124663338, -0.00383772794157, 0.00847963243723, -0.00813806243241, 0.00576381012797, -0.00632805563509, 0.00336215109564, -0.00501433806494, 0.00543879671022, -0.00298323133029], [0.000854477286339, -0.013243813999, 0.0068758209236, -0.00589262042195, 0.00677351281047, -0.00813806243241, 0.018438776955, -0.0123186344281, 0.0170523989946, -0.0121536934748, 0.0112896831706, -0.010928616859, 0.00659851077944], [-0.00127401319332, 0.0114319380373, -0.00490162242204, 0.00429370999336, -0.00718458555639, 0.00576381012797, -0.0123186344281, 0.0218875762075, -0.0198236070573, 0.0154923591763, -0.0165067836642, 0.0123561564833, -0.00908974837512], [0.000587276997976, -0.0165075231344, 0.00645645707846, -0.0082810530439, 0.0096931355074, -0.00632805563509, 0.0170523989946, -0.0198236070573, 0.0342706628144, -0.0240744221956, 0.0228106752038, -0.0183881185949, 0.0102409534156], [1.9889752366e-05, 0.0114201083779, -0.00329634849913, 0.00361945014447, -0.00479318434373, 0.00336215109564, -0.0121536934748, 0.0154923591763, -0.0240744221956, 0.0324677750468, -0.0211189463735, 0.0166368801147, -0.00683144340292], [0.00030815723585, -0.010742998682, 0.004389972426, -0.00246286648326, 0.00405094819143, -0.00501433806494, 0.0112896831706, -0.0165067836642, 0.0228106752038, -0.0211189463735, 0.033249989152, -0.0218722168356, 0.00978586357087], [-4.35182073488e-06, 0.0104867285118, -0.0049819923006, 0.0025277226232, -0.00456158118322, 0.00543879671022, -0.010928616859, 0.0123561564833, -0.0183881185949, 0.0166368801147, -0.0218722168356, 0.0319694168866, -0.0134351793677], [0.000732621934731, -0.00550304120407, 0.00265556387603, -0.00348381698132, 0.00296193663962, -0.00298323133029, 0.00659851077944, -0.00908974837512, 0.0102409534156, -0.00683144340292, 0.00978586357087, -0.0134351793677, 0.0241232663393]]
    },
    "melbands": {
        "max": [0.00839713495225, 0.0160781983286, 0.0154768517241, 0.0135594680905, 0.00716851884499, 0.0103630730882, 0.0123083330691, 0.00596243795007, 0.00690307375044, 0.00530985975638, 0.00601415662095, 0.00857439264655, 0.00367373740301, 0.00201114825904, 0.00251696142368, 0.00237162434496, 0.00202286336571, 0.000875277968589, 0.000812095415313, 0.000833621597849, 0.00216054590419, 0.000655852723867, 0.000742705073208, 0.000547727453522, 0.000517094857059, 0.000285203481326, 0.000248677941272, 0.000310610339511, 0.000242521695327, 9.58747114055e-05, 0.000175877095899, 0.000160214709467, 0.000119223768706, 8.05424351711e-05, 7.73637002567e-05, 0.000138308052556, 0.00025418039877, 0.000119218530017, 3.79057041755e-06, 7.4230717928e-07],
        "mean": [0.000617013778538, 0.000907209818251, 0.000961886078585, 0.00122203701176, 0.000809411925729, 0.000675125047565, 0.000563270179555, 0.000241512505454, 0.000205612901482, 0.000137550989166, 0.000144043355249, 0.000146113205119, 0.000126756829559, 7.1089300036e-05, 4.94481537316e-05, 3.92880974687e-05, 4.57634596387e-05, 2.94035653496e-05, 2.27512537094e-05, 2.7076142942e-05, 4.00103381253e-05, 2.29601337196e-05, 2.47723037319e-05, 2.00041922653e-05, 1.58211696544e-05, 1.16932105811e-05, 1.26398381326e-05, 1.32264431159e-05, 5.85536781728e-06, 1.97423082682e-06, 1.69820646079e-06, 1.74007709575e-06, 1.44690932302e-06, 1.27062969568e-06, 1.19868400361e-06, 1.37172071391e-06, 1.07325536192e-06, 3.18622454643e-07, 4.02439397362e-08, 3.91336252292e-09],
        "min": [1.28910528474e-06, 2.20073320634e-06, 3.71411124434e-06, 1.15706452561e-05, 8.04542560218e-06, 4.46364174422e-06, 1.06916797904e-06, 8.41820337882e-07, 9.62839408203e-07, 8.29083148801e-07, 4.76833434959e-07, 1.60964617635e-07, 1.97932308765e-07, 1.16296341446e-07, 5.07364852353e-08, 2.78759664241e-08, 1.02886474451e-07, 1.12407441577e-07, 4.94205636414e-08, 4.35812914645e-08, 2.3552418682e-08, 5.13404785352e-08, 5.25941459273e-08, 2.08147898917e-08, 3.34746652619e-09, 1.18052900788e-08, 5.00714349982e-08, 1.34117001949e-08, 9.0852720902e-09, 2.49582776668e-09, 1.10395070863e-09, 1.55760171427e-09, 4.97839991453e-10, 5.11330200403e-10, 6.06692751592e-10, 2.04881223098e-10, 1.47787837523e-10, 1.06440646228e-11, 3.34736145052e-12, 3.60214516635e-13],
        "stdev": [0.000645936874207, 0.00108616985381, 0.00107785477303, 0.00136907806154, 0.000842293316964, 0.00084393582074, 0.000793794984929, 0.000438953313278, 0.000444589008112, 0.000333480682457, 0.000394064554712, 0.000415488582803, 0.000332419062033, 0.000176010828, 0.000136995658977, 0.000101567922684, 0.000130979024107, 6.67555505061e-05, 5.48862408323e-05, 6.99711090419e-05, 0.000143201235915, 5.50211152586e-05, 5.92717551626e-05, 4.18817071477e-05, 3.29461254296e-05, 2.2677855668e-05, 2.06011991395e-05, 2.35984134633e-05, 1.30643820739e-05, 4.19862135459e-06, 5.48860953131e-06, 5.87532440477e-06, 4.62373236587e-06, 3.55094243787e-06, 3.81561949325e-06, 5.82032544116e-06, 6.0465495153e-06, 3.19453738484e-06, 1.6734809094e-07, 2.14546442834e-08]
    },
    "melbands128": {
        "max": [0.00161041191313, 0.00374387390912, 0.0117045110092, 0.0196139998734, 0.0189689379185, 0.0221359301358, 0.0286724120378, 0.0158932171762, 0.0110867517069, 0.024672338739, 0.0137793328613, 0.00926557276398, 0.0112280212343, 0.0152545655146, 0.0123263699934, 0.0222447179258, 0.0234350245446, 0.0218947324902, 0.0138916987926, 0.00997876841575, 0.00913398340344, 0.0078423731029, 0.0132924215868, 0.0133115947247, 0.0108351586387, 0.00389115675353, 0.00656953360885, 0.0123346075416, 0.00772949215025, 0.0181735381484, 0.0076581495814, 0.00421543326229, 0.00701008597389, 0.00618785014376, 0.00390841625631, 0.00367342494428, 0.00495032919571, 0.0049057751894, 0.00237889331765, 0.00435782643035, 0.00259994086809, 0.00286740204319, 0.00450335722417, 0.00490068132058, 0.00172132230364, 0.00131968094502, 0.00198320113122, 0.00110586616211, 0.00216751871631, 0.00273702060804, 0.00149391510058, 0.00238527008332, 0.00594274839386, 0.0023175876122, 0.00172823027242, 0.00107429630589, 0.00149532430805, 0.00124055857304, 0.00181831174996, 0.000485755794216, 0.000833484635223, 0.00145180011168, 0.00125051301438, 0.000916346907616, 0.0002903137065, 0.000489053083584, 0.000561947585084, 0.000726043246686, 0.000284601963358, 0.000539815984666, 0.000615400960669, 0.000290056195809, 0.000447307218565, 0.000527500815224, 0.000157305417815, 9.2698574008e-05, 8.4271596279e-05, 0.00013381835015, 0.000296674028505, 0.000178025889909, 0.000151066356921, 0.000244429946179, 0.000158414666657, 9.88478859654e-05, 0.000128246174427, 0.000123398654978, 7.96656240709e-05, 6.29927963018e-05, 6.63540122332e-05, 0.000164447788848, 0.000193014187971, 0.000179211987415, 0.000146884514834, 0.000140303673106, 0.000639869773295, 0.000273379817372, 3.1901159673e-05, 9.75425791694e-06, 4.02473688155e-06, 2.28583894568e-06, 2.03314334613e-06, 1.89258500427e-07, 3.11724335234e-08, 2.95904669656e-08, 2.80123373386e-08, 2.66389452719e-08, 2.53444820686e-08, 2.41189788142e-08, 2.30301342441e-08, 2.19810516455e-08, 2.10603001705e-08, 2.01968433089e-08, 1.93826679151e-08, 1.86828366111e-08, 1.79949157797e-08, 1.73853145213e-08, 1.67913967175e-08, 1.62668172266e-08, 1.57809552093e-08, 1.53447583529e-08, 1.49734784571e-08, 1.46394665279e-08, 1.43425129551e-08, 1.40849119035e-08, 1.38495925839e-08, 1.36996245459e-08, 1.35735938045e-08, 1.34959554643e-08],
        "mean": [0.0001092184757, 0.000356011238182, 0.000870786665473, 0.00104405730963, 0.000858620624058, 0.000805806485005, 0.00105386227369, 0.000804553332273, 0.00107213039882, 0.00164251832757, 0.00103791838046, 0.000640806218144, 0.000815766165033, 0.000926526729017, 0.000590576499235, 0.000619782193098, 0.000630781345535, 0.00063899793895, 0.000375623581931, 0.000226320407819, 0.000194288324565, 0.000177398731466, 0.000244166149059, 0.000168483529706, 0.000185413999134, 8.71406446095e-05, 0.000114442169433, 0.000182559233508, 0.000115520204417, 0.000199335510843, 0.000127736173454, 9.30466194404e-05, 0.000164280761965, 0.000123516103486, 7.06760765752e-05, 5.70531228732e-05, 7.03510741005e-05, 3.0488568882e-05, 5.55325132154e-05, 5.51107805222e-05, 2.04160824069e-05, 4.27161867265e-05, 4.50380866823e-05, 6.03946100455e-05, 2.25248804782e-05, 2.19117209781e-05, 3.96305949835e-05, 1.568544576e-05, 1.86641136679e-05, 2.89610252366e-05, 2.07863631658e-05, 2.83562767436e-05, 6.47612614557e-05, 2.85460373561e-05, 2.35440311371e-05, 1.85831504496e-05, 2.64993122983e-05, 3.35226322932e-05, 2.22783401114e-05, 1.15815009849e-05, 1.88311914826e-05, 2.68168241746e-05, 2.40143799601e-05, 1.05275476017e-05, 6.23367122898e-06, 1.15835291581e-05, 1.59303272085e-05, 1.10567889351e-05, 8.96604069567e-06, 1.90177452168e-05, 1.71787669387e-05, 8.0150884969e-06, 6.52934750178e-06, 6.96237111697e-06, 2.78790707853e-06, 1.88522517419e-06, 1.61602804383e-06, 1.6413339381e-06, 1.6621904706e-06, 1.81922916909e-06, 1.7823753069e-06, 1.73942066795e-06, 1.59031640123e-06, 1.27044711462e-06, 1.54111444317e-06, 1.38102416258e-06, 1.12898919724e-06, 1.07800065052e-06, 1.10890721317e-06, 1.36613095947e-06, 1.52124800934e-06, 1.36684695917e-06, 1.1524520005e-06, 1.1706775922e-06, 1.04358036879e-06, 4.60170042516e-07, 1.59447779424e-07, 7.34569951533e-08, 4.40924665668e-08, 2.00413268203e-08, 6.65514399145e-09, 9.73651381742e-10, 2.07085640302e-10, 2.42567251008e-11, 1.9728992745e-11, 2.69614677806e-11, 2.91537627373e-11, 2.65481039929e-11, 1.58026942226e-11, 1.35967348491e-11, 1.30320415917e-11, 1.25117832761e-11, 1.20111238663e-11, 1.15751548971e-11, 1.11620001436e-11, 1.07889270434e-11, 1.04323841232e-11, 1.01176384978e-11, 9.82986435305e-12, 9.56102124555e-12, 9.32764889633e-12, 9.12477385318e-12, 8.9423694144e-12, 8.781972545e-12, 8.6176109651e-12, 8.46666573656e-12, 8.36341933208e-12, 8.31246009525e-12],
        "min": [9.62961799189e-09, 1.15484901642e-07, 2.9721755368e-07, 3.68619197388e-07, 5.65488392112e-07, 3.45864549445e-07, 7.1891929565e-07, 1.33700245897e-06, 2.39427663473e-06, 2.76689888778e-06, 4.97653104503e-07, 1.00611669041e-06, 1.93425898942e-06, 2.10105304177e-06, 1.73805790382e-06, 4.15872079884e-07, 1.04501816622e-06, 2.01951237955e-07, 1.43859807622e-07, 3.20571757584e-07, 3.37416054208e-07, 2.73380692306e-07, 1.83389786912e-07, 2.84664480432e-07, 1.5157742439e-07, 1.8196155338e-07, 7.07896248286e-08, 2.4783309982e-07, 1.92197830984e-07, 1.06104145914e-07, 3.69296806468e-08, 4.60286955217e-08, 1.2830841456e-07, 7.14929342394e-08, 3.53961127075e-08, 3.5164173795e-08, 2.96475679562e-08, 3.63520662461e-08, 1.97873539776e-08, 1.91552977924e-08, 2.23753477968e-08, 2.56757584083e-08, 4.08564311272e-08, 3.16998942651e-08, 4.83301114684e-08, 4.94065801604e-08, 5.28733927752e-08, 3.25057314399e-08, 4.46572823165e-09, 3.78376530108e-09, 8.7054310427e-09, 5.86465231933e-09, 6.93656154738e-09, 5.70883029738e-09, 7.62613083793e-09, 2.25733813863e-08, 1.69210210288e-08, 1.47853072008e-08, 1.16410197037e-08, 1.98270666552e-09, 3.73588138203e-09, 8.93849971817e-09, 3.11582804002e-09, 2.02230010515e-09, 2.72881872654e-09, 3.61713969887e-09, 1.12326379309e-08, 1.59343276351e-08, 5.84938497639e-09, 7.68777397298e-09, 1.67896789804e-08, 5.7439653034e-09, 1.81113024578e-09, 5.96311389156e-10, 1.69968428221e-09, 1.33428823546e-09, 1.22722643159e-09, 1.02476882535e-09, 2.3342883182e-10, 1.11671935588e-10, 3.25109272836e-10, 9.67404156782e-10, 3.34647809463e-10, 2.68736866094e-10, 2.00354108304e-10, 5.48727396854e-10, 3.84293291633e-10, 3.0064462031e-10, 1.7175683098e-10, 1.2053844034e-10, 5.57650627064e-11, 1.40277067739e-10, 1.7663270846e-10, 1.48521681065e-10, 7.70016515828e-12, 1.198770163e-11, 7.88497793534e-13, 4.44516412611e-13, 2.17622317736e-12, 3.67380632209e-13, 3.75155960984e-13, 9.20377936733e-14, 5.33295873824e-14, 6.43350119272e-14, 6.9539744785e-14, 6.5795520345e-14, 6.69893963435e-14, 7.64928010798e-14, 6.45076846757e-14, 6.12972875041e-14, 6.65207838357e-14, 5.24681142175e-14, 6.52489740298e-14, 7.25596476349e-14, 6.68715910012e-14, 4.43579058847e-14, 6.08499660165e-14, 5.74939875981e-14, 6.17261504497e-14, 7.07279829322e-14, 6.1155270572e-14, 6.02254926702e-14, 6.91754121975e-14, 6.13797275268e-14, 4.7292004297e-14, 1.67435882596e-14, 2.5220484355e-15, 8.13538683716e-17],
        "stdev": [0.0001972567552, 0.000491554266773, 0.000950164336246, 0.00125046237372, 0.00130924780387, 0.00124761671759, 0.00182325392962, 0.00109890266322, 0.00122557068244, 0.00233592581935, 0.001357417088, 0.000818904314656, 0.00131593213882, 0.00146569032222, 0.00103674666025, 0.00111547403503, 0.000994500354864, 0.00132129678968, 0.00085329671856, 0.000542104011402, 0.000607159745414, 0.0004765582853, 0.000715769361705, 0.000521281152032, 0.000620093254838, 0.000283583794953, 0.000394415605115, 0.000682861020323, 0.000407310639275, 0.000755452201702, 0.000435591122368, 0.000311217416311, 0.000535766826943, 0.000491797924042, 0.000229292010772, 0.000208416880923, 0.000288874376565, 0.000183150084922, 0.000172559331986, 0.000208546771319, 8.35017708596e-05, 0.000173559979885, 0.000162388663739, 0.000268644827884, 7.90679550846e-05, 6.52923190501e-05, 0.000131116539706, 6.14830933046e-05, 7.92188366177e-05, 0.000105943363451, 8.15576786408e-05, 0.000115753129649, 0.000332289026119, 0.000105242623249, 9.83956851996e-05, 7.21829565009e-05, 7.94137595221e-05, 9.61704645306e-05, 8.86545822141e-05, 3.09414826916e-05, 5.69875555811e-05, 8.24036396807e-05, 6.7412336648e-05, 3.60787089448e-05, 1.23359077406e-05, 3.24929424096e-05, 3.83114347642e-05, 3.16084697261e-05, 2.17785091081e-05, 4.41493248218e-05, 3.99904602091e-05, 1.79287926585e-05, 1.64177054103e-05, 2.2051808628e-05, 7.82537154009e-06, 4.58498607259e-06, 3.68850351151e-06, 4.56247562397e-06, 7.57148291086e-06, 5.79095194553e-06, 6.36969070911e-06, 6.83485768604e-06, 5.53313066121e-06, 4.43833278041e-06, 5.24421102455e-06, 4.32017714047e-06, 3.226825811e-06, 3.03205183627e-06, 3.40054270964e-06, 5.72641874896e-06, 7.4711661e-06, 6.2258327489e-06, 5.25475479662e-06, 4.41328938905e-06, 1.28042383949e-05, 6.00075145485e-06, 1.04024672964e-06, 3.49564857061e-07, 1.94489231831e-07, 8.88735556259e-08, 5.03509554051e-08, 5.07802067062e-09, 1.09327158437e-09, 5.4948617878e-10, 5.19678022837e-10, 4.96381546977e-10, 4.72390127015e-10, 4.55137899591e-10, 4.26332441572e-10, 4.06876116132e-10, 3.89836274373e-10, 3.73861108738e-10, 3.58798490918e-10, 3.4584118902e-10, 3.33109179129e-10, 3.21812659854e-10, 3.10829473271e-10, 3.01128094682e-10, 2.92139173963e-10, 2.84058693234e-10, 2.7718441431e-10, 2.71004108043e-10, 2.65505922803e-10, 2.60738736158e-10, 2.56385634945e-10, 2.53606191603e-10, 2.51274001606e-10, 2.49837345256e-10]
    },
    "mfcc": {
        "mean": [-657.083740234, 149.683425903, -9.22135543823, 50.034236908, -14.9715499878, 10.5368270874, -16.7915077209, 11.1787395477, -22.8800849915, 11.6180706024, -18.4014816284, 7.52266693115, -8.49688053131],
        "cov": [[2384.65991211, -447.017364502, -643.310302734, -184.282623291, 37.43983078, -59.8065986633, 156.696426392, 89.573600769, -9.93021774292, 147.263183594, -34.3195075989, 38.3405227661, 57.7331085205], [-447.017364502, 674.050415039, -228.235107422, 11.3991575241, -47.3819656372, 33.2737045288, 106.37663269, 30.0421237946, -13.856464386, 44.9206237793, 12.2327899933, -11.3967809677, -0.911960303783], [-643.310302734, -228.235107422, 910.606384277, -50.0675544739, -6.78454732895, 134.211715698, -153.809432983, -32.3591537476, 63.4209327698, -105.108154297, 67.0541610718, -14.836391449, -45.839099884], [-184.282623291, 11.3991575241, -50.0675544739, 399.523040771, 161.759399414, -106.199302673, -68.8191452026, 30.4415493011, 23.4609661102, -17.7983932495, -57.5884857178, 49.077331543, 38.5827484131], [37.43983078, -47.3819656372, -6.78454732895, 161.759399414, 237.32585144, -56.5027427673, -43.2119903564, 22.1177749634, 23.8130931854, -6.23128128052, -32.491771698, 29.751832962, 31.588344574], [-59.8065986633, 33.2737045288, 134.211715698, -106.199302673, -56.5027427673, 236.062026978, 52.5706977844, -6.86463069916, 19.0340671539, 0.220242127776, 53.7712860107, -30.7719459534, -30.5148258209], [156.696426392, 106.37663269, -153.809432983, -68.8191452026, -43.2119903564, 52.5706977844, 271.114685059, 56.1852798462, -28.261636734, 30.7657184601, 10.0175991058, -29.0601119995, 2.20140480995], [89.573600769, 30.0421237946, -32.3591537476, 30.4415493011, 22.1177749634, -6.86463069916, 56.1852798462, 125.183105469, 14.5711545944, 12.880487442, -15.64777565, 13.7487945557, 23.0182132721], [-9.93021774292, -13.856464386, 63.4209327698, 23.4609661102, 23.8130931854, 19.0340671539, -28.261636734, 14.5711545944, 110.533241272, 15.5997428894, 15.5678033829, -6.70474243164, 2.98337721825], [147.263183594, 44.9206237793, -105.108154297, -17.7983932495, -6.23128128052, 0.220242127776, 30.7657184601, 12.880487442, 15.5997428894, 109.817977905, 6.79895591736, 5.06127405167, -0.045673802495], [-34.3195075989, 12.2327899933, 67.0541610718, -57.5884857178, -32.491771698, 53.7712860107, 10.0175991058, -15.64777565, 15.5678033829, 6.79895591736, 105.482147217, 1.54354977608, -12.5724658966], [38.3405227661, -11.3967809677, -14.836391449, 49.077331543, 29.751832962, -30.7719459534, -29.0601119995, 13.7487945557, -6.70474243164, 5.06127405167, 1.54354977608, 84.8621292114, 27.4317111969], [57.7331085205, -0.911960303783, -45.839099884, 38.5827484131, 31.588344574, -30.5148258209, 2.20140480995, 23.0182132721, 2.98337721825, -0.045673802495, -12.5724658966, 27.4317111969, 89.142539978]],
        "icov": [[0.000985869322903, 0.00101538258605, 0.000899217149708, 0.000687868974637, -0.000345967971953, -0.000205809657928, -0.000172130807186, -0.000599656603299, -0.000235864354181, -0.000613543845247, -1.20587696983e-06, -0.000408281281125, -0.000119149350212], [0.00101538258605, 0.0028143140953, 0.0013513227459, 0.000304098823108, 5.68529503653e-05, -0.00061809370527, -0.000462830619654, -0.000869555980898, -0.000141903437907, -0.000881072308403, -0.000365323270671, -0.000220990303205, -4.05459941248e-05], [0.000899217149708, 0.0013513227459, 0.00261520291679, 0.00072515476495, -0.000344928412233, -0.00115450692829, 0.000779775029514, -0.000953134789597, -0.000862923276145, 0.000921082217246, -0.00073906040052, -0.000314509146847, 0.000438163959188], [0.000687868974637, 0.000304098823108, 0.00072515476495, 0.00462964270264, -0.0023931057658, 0.000737258756999, 0.000347911438439, -0.000787060009316, -0.00102494342718, 0.000402736535762, 0.00112798670307, -0.00155919406097, -0.000104864251625], [-0.000345967971953, 5.68529503653e-05, -0.000344928412233, -0.0023931057658, 0.00632664281875, 0.000262845627731, 0.000215859006857, -0.000136683287565, -0.000750830105972, 0.000123393008835, 0.000577302649617, -0.000349673966412, -0.000824673683383], [-0.000205809657928, -0.00061809370527, -0.00115450692829, 0.000737258756999, 0.000262845627731, 0.00625500734895, -0.0013217444066, 0.000381675607059, -0.000873429991771, 5.87415634072e-05, -0.00157815241255, 0.000749857514165, 0.000772251398303], [-0.000172130807186, -0.000462830619654, 0.000779775029514, 0.000347911438439, 0.000215859006857, -0.0013217444066, 0.00587736582384, -0.00283413846046, 0.00178316875827, -0.000376913580112, -0.000869946437888, 0.00218947208486, -0.000441451818915], [-0.000599656603299, -0.000869555980898, -0.000953134789597, -0.000787060009316, -0.000136683287565, 0.000381675607059, -0.00283413846046, 0.0108240200207, -0.00195524981245, -0.000119220705528, 0.00187275151256, -0.00181504152715, -0.00142783019692], [-0.000235864354181, -0.000141903437907, -0.000862923276145, -0.00102494342718, -0.000750830105972, -0.000873429991771, 0.00178316875827, -0.00195524981245, 0.0115920621902, -0.00258096284233, -0.00201725144871, 0.00282101053745, -0.000962786842138], [-0.000613543845247, -0.000881072308403, 0.000921082217246, 0.000402736535762, 0.000123393008835, 5.87415634072e-05, -0.000376913580112, -0.000119220705528, -0.00258096284233, 0.0118307266384, -0.000668234250043, -0.00129825470503, 0.00110185577068], [-1.20587696983e-06, -0.000365323270671, -0.00073906040052, 0.00112798670307, 0.000577302649617, -0.00157815241255, -0.000869946437888, 0.00187275151256, -0.00201725144871, -0.000668234250043, 0.0124007500708, -0.00273887440562, 0.000580868741963], [-0.000408281281125, -0.000220990303205, -0.000314509146847, -0.00155919406097, -0.000349673966412, 0.000749857514165, 0.00218947208486, -0.00181504152715, 0.00282101053745, -0.00129825470503, -0.00273887440562, 0.0157926641405, -0.00377072650008], [-0.000119149350212, -4.05459941248e-05, 0.000438163959188, -0.000104864251625, -0.000824673683383, 0.000772251398303, -0.000441451818915, -0.00142783019692, -0.000962786842138, 0.00110185577068, 0.000580868741963, -0.00377072650008, 0.0137766897678]]
    },
    "spectral_contrast_coeffs": {
        "max": [-0.409208148718, -0.486536622047, -0.48481041193, -0.500114321709, -0.549409151077, -0.490716874599],
        "mean": [-0.674593687057, -0.722775936127, -0.759407162666, -0.786264002323, -0.770326852798, -0.643293559551],
        "min": [-0.866858363152, -0.92460423708, -0.897958695889, -0.905224084854, -0.886957406998, -0.907202064991],
        "stdev": [0.0690400600433, 0.063466899097, 0.070471867919, 0.0614919178188, 0.0581843964756, 0.0392126254737]
    },
    "spectral_contrast_valleys": {
        "max": [-4.96373558044, -4.63178873062, -5.41503238678, -6.13852453232, -5.83374595642, -9.06249809265],
        "mean": [-6.4422750473, -6.52465677261, -7.49321746826, -7.82052564621, -7.65924072266, -12.141330719],
        "min": [-8.90162467957, -8.4482011795, -9.44177436829, -9.75508594513, -9.97058105469, -14.8346376419],
        "stdev": [0.575348615646, 0.509019136429, 0.610086321831, 0.606607437134, 0.611988544464, 0.89728307724]
    }
},
"rhythm": {
    "beats_count": 205,
    "beats_loudness": {
        "max": 0.0728722512722,
        "mean": 0.0308559946716,
        "min": 0.0028159013018,
        "stdev": 0.0128064490855
    },
    "bpm": 178.2056427,
    "bpm_histogram_first_peak_bpm": 178,
    "bpm_histogram_first_peak_weight": 0,
    "bpm_histogram_second_peak_bpm": 185,
    "bpm_histogram_second_peak_spread": 0,
    "bpm_histogram_second_peak_weight": 0.416666656733,
    "danceability": 1.17917573452,
    "onset_rate": 3.94167137146,
    "beats_loudness_band_ratio": {
        "max": [0.79051142931, 0.873783171177, 0.742181777954, 0.664341926575, 0.524275302887, 0.241940379143],
        "mean": [0.274553507566, 0.361033320427, 0.222818762064, 0.119719982147, 0.0742287784815, 0.0417668744922],
        "min": [0.00594278844073, 0.0188881903887, 0.00679623661563, 0.00172790908255, 0.00152210262604, 0.00375813734718],
        "stdev": [0.163854643703, 0.201111361384, 0.156987428665, 0.147776797414, 0.0863180980086, 0.0359508469701]
    },
