{
"metadata": {
    "version": {
        "essentia": "2.1-beta5",
        "essentia_git_sha": "Undefined",
        "extractor": "music 2.0"
    },
    "audio_properties": {
        "analysis": {
            "equal_loudness": 0,
            "length": 32.4963264465,
            "sample_rate": 44100,
            "start_time": 12.7477550507,
            "downmix": "mix"
        },
        "bit_rate": 192000,
        "length": 184.052978516,
        "lossless": 0,
        "number_channels": 2,
        "replay_gain": -5.73851585388,
        "sample_rate": 48000,
        "codec": "mp3",
        "md5_encoded": "73289cce791d3f0d4361f40b4af9d2c2"
    },
    "tags": {
        "file_name": "Italy_Fiumi Di Parole_Jalisse.mp3",
        "encoding": ["Lavf58.29.100"]
    }
},
"lowlevel": {
    "average_loudness": 0.889169216156,
    "barkbands_crest": {
        "max": 25.2952041626,
        "mean": 13.2891893387,
        "min": 4.39399671555,
        "stdev": 4.40903186798
    },
    "barkbands_flatness_db": {
        "max": 0.373359560966,
        "mean": 0.239255979657,
        "min": 0.0964104831219,
        "stdev": 0.0453768074512
    },
    "barkbands_kurtosis": {
        "max": 165.780426025,
        "mean": 14.4591350555,
        "min": -1.91972053051,
        "stdev": 15.9756565094
    },
    "barkbands_skewness": {
        "max": 11.4180421829,
        "mean": 2.62749814987,
        "min": -3.09375357628,
        "stdev": 1.77011620998
    },
    "barkbands_spread": {
        "max": 78.0518035889,
        "mean": 10.4530200958,
        "min": 0.979244470596,
        "stdev": 11.165646553
    },
    "dissonance": {
        "max": 0.499711692333,
        "mean": 0.441734731197,
        "min": 0.231954589486,
        "stdev": 0.0376837551594
    },
    "dynamic_complexity": 3.41012644768,
    "erbbands_crest": {
        "max": 31.8478927612,
        "mean": 11.9454212189,
        "min": 2.95196938515,
        "stdev": 5.30982732773
    },
    "erbbands_flatness_db": {
        "max": 0.383211016655,
        "mean": 0.238765135407,
        "min": 0.137905418873,
        "stdev": 0.0415729954839
    },
    "erbbands_kurtosis": {
        "max": 29.3078956604,
        "mean": 3.13741660118,
        "min": -1.87239420414,
        "stdev": 4.46138858795
    },
    "erbbands_skewness": {
        "max": 4.83354139328,
        "mean": 1.19627737999,
        "min": -5.12145090103,
        "stdev": 1.06570637226
    },
    "erbbands_spread": {
        "max": 128.858764648,
        "mean": 31.2585411072,
        "min": 3.65121865273,
        "stdev": 18.8354530334
    },
    "hfc": {
        "max": 213.039215088,
        "mean": 12.1953363419,
        "min": 0.19734723866,
        "stdev": 16.369594574
    },
    "loudness_ebu128": {
        "integrated": -19.1814079285,
        "loudness_range": 4.8060092926,
        "momentary": {
            "max": -14.9520587921,
            "mean": -20.1674690247,
            "min": -29.3275623322,
            "stdev": 3.14160585403
        },
        "short_term": {
            "max": -16.4371013641,
            "mean": -19.7366905212,
            "min": -22.7701148987,
            "stdev": 1.71000158787
        }
    },
    "melbands_crest": {
        "max": 31.0788402557,
        "mean": 15.3086156845,
        "min": 4.4112944603,
        "stdev": 4.95560073853
    },
    "melbands_flatness_db": {
        "max": 0.456824243069,
        "mean": 0.277905970812,
        "min": 0.105052024126,
        "stdev": 0.0588809326291
    },
    "melbands_kurtosis": {
        "max": 255.855072021,
        "mean": 24.8374290466,
        "min": -1.9088845253,
        "stdev": 26.2443618774
    },
    "melbands_skewness": {
        "max": 11.3889846802,
        "mean": 3.23683357239,
        "min": -1.36977314949,
        "stdev": 2.0000140667
    },
    "melbands_spread": {
        "max": 229.875656128,
        "mean": 13.3692016602,
        "min": 1.02982473373,
        "stdev": 23.4791717529
    },
    "pitch_salience": {
        "max": 0.861394643784,
        "mean": 0.554468393326,
        "min": 0.178908258677,
        "stdev": 0.11849950999
    },
    "silence_rate_20dB": {
        "max": 1,
        "mean": 1,
        "min": 1,
        "stdev": 0
    },
    "silence_rate_30dB": {
        "max": 1,
        "mean": 0.999286234379,
        "min": 0,
        "stdev": 0.0267070513219
    },
    "silence_rate_60dB": {
        "max": 1,
        "mean": 0.0642398297787,
        "min": 0,
        "stdev": 0.245180755854
    },
    "spectral_centroid": {
        "max": 5499.12841797,
        "mean": 749.713684082,
        "min": 249.95489502,
        "stdev": 598.052429199
    },
    "spectral_complexity": {
        "max": 41,
        "mean": 10.6052818298,
        "min": 1,
        "stdev": 5.24630737305
    },
    "spectral_decrease": {
        "max": -9.95925078517e-11,
        "mean": -5.49539036498e-09,
        "min": -3.48986475274e-08,
        "stdev": 4.73670391798e-09
    },
    "spectral_energy": {
        "max": 0.13526698947,
        "mean": 0.0218470226973,
        "min": 0.000393784866901,
        "stdev": 0.0185973420739
    },
    "spectral_energyband_high": {
        "max": 0.0328398868442,
        "mean": 0.000472328043543,
        "min": 2.56430496393e-07,
        "stdev": 0.00209389068186
    },
    "spectral_energyband_low": {
        "max": 0.0381381735206,
        "mean": 0.00300366641022,
        "min": 2.24959494517e-05,
        "stdev": 0.00455814320594
    },
    "spectral_energyband_middle_high": {
        "max": 0.0403763242066,
        "mean": 0.00277681881562,
        "min": 7.60505190556e-06,
        "stdev": 0.00538748130202
    },
    "spectral_energyband_middle_low": {
        "max": 0.119816966355,
        "mean": 0.0165855623782,
        "min": 0.000292541546514,
        "stdev": 0.0167252775282
    },
    "spectral_entropy": {
        "max": 8.25523471832,
        "mean": 6.9296631813,
        "min": 5.63102531433,
        "stdev": 0.478994995356
    },
    "spectral_flux": {
        "max": 0.274944812059,
        "mean": 0.0664590671659,
        "min": 0.00975488405675,
        "stdev": 0.0392440482974
    },
    "spectral_kurtosis": {
        "max": 37.0790328979,
        "mean": 5.5797162056,
        "min": -1.31897592545,
        "stdev": 5.1769156456
    },
    "spectral_rms": {
        "max": 0.0114877233282,
        "mean": 0.0042268964462,
        "min": 0.000619822880253,
        "stdev": 0.00185675220564
    },
    "spectral_rolloff": {
        "max": 8397.94921875,
        "mean": 799.987304688,
        "min": 172.265625,
        "stdev": 1235.84106445
    },
    "spectral_skewness": {
        "max": 4.50383758545,
        "mean": 1.61013269424,
        "min": -0.763092935085,
        "stdev": 0.715680599213
    },
    "spectral_spread": {
        "max": 11425700,
        "mean": 3366326.25,
        "min": 1587901.625,
        "stdev": 1061291.125
    },
    "spectral_strongpeak": {
        "max": 11.6147508621,
        "mean": 1.145601511,
        "min": 0.0525681823492,
        "stdev": 1.37783265114
    },
    "zerocrossingrate": {
        "max": 0.30810546875,
        "mean": 0.0361983366311,
        "min": 0.00634765625,
        "stdev": 0.0346019230783
    },
    "barkbands": {
        "max": [0.000690767657943, 0.0145246125758, 0.0185738652945, 0.0304005332291, 0.08292170614, 0.0650253072381, 0.0309266094118, 0.0284034907818, 0.058322250843, 0.0217057652771, 0.0390439294279, 0.025413190946, 0.0328485257924, 0.0143056958914, 0.00260254042223, 0.00293033034541, 0.00169801560696, 0.00378910731524, 0.00471755675972, 0.00709177879617, 0.00670145312324, 0.0143565703183, 0.0166332591325, 0.00760623207316, 4.50972038379e-05, 5.00313444718e-06, 5.28724740434e-06],
        "mean": [2.20111178351e-05, 0.00128717615735, 0.000839613145217, 0.00155531335622, 0.00814953539521, 0.00274948542938, 0.00163746147882, 0.000874930410646, 0.00128988013603, 0.000759252579883, 0.00101711333264, 0.000253699428868, 0.000270566088147, 0.000208417419344, 9.24257328734e-05, 7.75389707997e-05, 8.73678509379e-05, 7.01215540175e-05, 9.30131209316e-05, 9.4792128948e-05, 7.24701458239e-05, 0.000143376062624, 0.000131127409986, 6.97654686519e-05, 5.59295301628e-07, 6.2106804144e-09, 6.209120329e-09],
        "min": [7.59868790112e-09, 1.64991274687e-06, 7.96497147348e-07, 8.06698949418e-07, 5.40066175745e-05, 1.93679206859e-05, 6.19746970187e-06, 1.49037612118e-06, 3.02256148643e-06, 8.99257486253e-07, 4.61012007236e-07, 4.41911112148e-07, 2.71893640047e-07, 2.61601854845e-07, 2.72026710491e-07, 4.86783022779e-08, 5.15159186421e-08, 1.05628977565e-07, 8.05652362601e-08, 1.39639141139e-07, 4.6245933305e-08, 6.6859930925e-09, 2.02831582641e-08, 1.84111759172e-09, 6.10561531889e-11, 3.07882157269e-11, 4.03506048019e-11],
        "stdev": [4.63840369775e-05, 0.0020890943706, 0.0017414187314, 0.00271751638502, 0.0108294868842, 0.00523927249014, 0.00287836440839, 0.0023508653976, 0.00428149616346, 0.00250621465966, 0.0037411339581, 0.00114037829917, 0.00190207199194, 0.000802373338956, 0.0001881121716, 0.000210750149563, 0.000173357446329, 0.000161217220011, 0.00027732225135, 0.000293075339869, 0.000319772691, 0.000808538170531, 0.000763690215535, 0.000430740590673, 3.14055091621e-06, 1.40147392358e-07, 1.47920218296e-07]
    },
    "erbbands": {
        "max": [0.332661449909, 3.50501275063, 14.4777469635, 79.2998962402, 207.619934082, 430.849639893, 740.705200195, 706.341308594, 455.847106934, 721.240844727, 1011.73303223, 965.174499512, 1107.01367188, 1115.54370117, 1210.42919922, 1295.60144043, 1707.69641113, 824.696105957, 249.862365723, 138.241928101, 101.69934845, 83.714050293, 108.145629883, 441.259460449, 229.072814941, 360.358062744, 252.230133057, 267.976257324, 467.808868408, 575.672973633, 545.996582031, 341.114135742, 37.3077850342, 2.10313773155, 0.0701124072075, 0.0199957359582, 0.00926308892667, 0.00329129397869, 0.000757765199523, 0.00015031809744],
        "mean": [0.0231279972941, 0.338156580925, 0.898621976376, 3.80257821083, 14.2349700928, 32.3105163574, 25.3213691711, 20.2077522278, 23.2768440247, 24.6653251648, 19.4953613281, 24.4532051086, 32.7610397339, 30.4350204468, 31.3660926819, 12.897726059, 14.4768924713, 11.5723524094, 6.49444103241, 4.75528001785, 4.29188489914, 4.47098350525, 3.80974173546, 4.15243673325, 4.80922746658, 4.92319059372, 3.02033662796, 3.20383810997, 4.75843763351, 4.61343479156, 3.66344046593, 2.75441431999, 0.479436635971, 0.0294867474586, 0.00123705435544, 0.000148740233271, 3.92951333197e-05, 1.1230443306e-05, 1.35165773827e-05, 2.57670890278e-05],
        "min": [8.45808608574e-05, 0.00033347462886, 0.00416142027825, 0.00647646421567, 0.07664180547, 0.123190052807, 0.155494958162, 0.145756468177, 0.116142876446, 0.0733627006412, 0.0659346207976, 0.115767665207, 0.0496609024704, 0.0461316294968, 0.0292205661535, 0.0233144555241, 0.0163108613342, 0.0144968656823, 0.0147597696632, 0.0214273408055, 0.00712145678699, 0.0056737260893, 0.00917764566839, 0.00630439491943, 0.00482445815578, 0.00549710309133, 0.00386092951521, 0.001690618461, 0.000987955951132, 0.000735193607397, 0.000557105289772, 0.000279621162917, 4.87510187668e-05, 1.15509928946e-05, 1.54778979322e-06, 7.62070726523e-07, 4.26645897278e-07, 8.03478741318e-08, 2.25412421173e-07, 4.578510584e-07],
        "stdev": [0.0423619560897, 0.545823216438, 1.70895195007, 7.04414844513, 19.7133045197, 49.9007492065, 49.7780685425, 41.8472976685, 39.62084198, 54.4123802185, 62.1237106323, 70.7398147583, 101.339248657, 98.1025695801, 115.172233582, 56.6554374695, 99.4963760376, 43.5299835205, 17.6346168518, 10.6409769058, 9.12708854675, 8.51719856262, 7.71687936783, 14.6803817749, 13.3595294952, 14.6266622543, 10.7046890259, 15.6437282562, 26.865901947, 27.2580108643, 21.9662208557, 17.5331134796, 2.68705701828, 0.157067343593, 0.00624370062724, 0.000812527432572, 0.000281845132122, 9.68666208792e-05, 2.54456826951e-05, 2.19227113121e-05]
    },
    "gfcc": {
        "mean": [-89.0319061279, 163.705062866, -141.882263184, 51.9307174683, -81.8966903687, -8.22837162018, -25.8129768372, -29.4885177612, -1.83951365948, -30.7091255188, 6.90158176422, -21.1576194763, 1.29940187931],
        "cov": [[3558.80224609, -584.288513184, -435.378662109, 133.669006348, -163.662109375, 291.270294189, 97.7611694336, 171.588806152, 8.11980342865, 12.7627668381, 74.1277084351, -7.56976795197, -64.6490402222], [-584.288513184, 832.008117676, -93.0118255615, -234.197967529, 406.705932617, -192.7603302, 166.549087524, 6.21847915649, -10.9538488388, -51.8493309021, 38.3396987915, -20.8944396973, 5.97476625443], [-435.378662109, -93.0118255615, 448.567108154, 111.758529663, -136.169448853, -1.50435018539, -149.646499634, -61.9461097717, 42.8190956116, 7.63040542603, -55.1502914429, 14.7076730728, 6.47766256332], [133.669006348, -234.197967529, 111.758529663, 418.774414062, 58.1945762634, 121.103607178, -55.7713165283, -12.1087026596, 75.6511077881, 9.98960971832, -69.118057251, 41.2160186768, -12.0685453415], [-163.662109375, 406.705932617, -136.169448853, 58.1945762634, 506.481079102, 17.7362117767, 134.749221802, 55.7301445007, 7.40719938278, -44.8384971619, -1.68443572521, 21.0792179108, -6.9108505249], [291.270294189, -192.7603302, -1.50435018539, 121.103607178, 17.7362117767, 361.499176025, 111.841270447, 19.0689640045, 25.7628288269, 44.9695510864, 10.7058353424, 40.0815315247, -13.966211319], [97.7611694336, 166.549087524, -149.646499634, -55.7713165283, 134.749221802, 111.841270447, 296.007324219, 40.3661231995, -58.3627166748, 13.0390710831, 54.0773048401, 49.5481872559, -21.599029541], [171.588806152, 6.21847915649, -61.9461097717, -12.1087026596, 55.7301445007, 19.0689640045, 40.3661231995, 139.173812866, 18.0346546173, -4.74530410767, 35.6334953308, 5.95393133163, 37.8712043762], [8.11980342865, -10.9538488388, 42.8190956116, 75.6511077881, 7.40719938278, 25.7628288269, -58.3627166748, 18.0346546173, 105.522010803, 23.1220149994, -24.3668518066, 11.2044239044, 12.0997428894], [12.7627668381, -51.8493309021, 7.63040542603, 9.98960971832, -44.8384971619, 44.9695510864, 13.0390710831, -4.74530410767, 23.1220149994, 81.33984375, 13.1768932343, -9.26808071136, 7.34424591064], [74.1277084351, 38.3396987915, -55.1502914429, -69.118057251, -1.68443572521, 10.7058353424, 54.0773048401, 35.6334953308, -24.3668518066, 13.1768932343, 86.5938873291, 25.7422885895, 11.3274173737], [-7.56976795197, -20.8944396973, 14.7076730728, 41.2160186768, 21.0792179108, 40.0815315247, 49.5481872559, 5.95393133163, 11.2044239044, -9.26808071136, 25.7422885895, 111.418106079, 16.2528610229], [-64.6490402222, 5.97476625443, 6.47766256332, -12.0685453415, -6.9108505249, -13.966211319, -21.599029541, 37.8712043762, 12.0997428894, 7.34424591064, 11.3274173737, 16.2528610229, 88.5811691284]],
        "icov": [[0.00043823721353, 0.000223756491323, 0.000467265257612, -0.000159422444995, 0.000194879627088, -0.000179550232133, -3.66303574992e-05, -0.000394236994907, -0.000224633156904, 0.00034144075471, -0.000320100632962, 0.000200429043616, 0.000401901226724], [0.000223756491323, 0.00902661588043, -0.00285517051816, 0.00432556448504, -0.006962465588, 0.00494024995714, -0.00786219723523, 0.00666204886511, -0.0101951910183, 0.00554861081764, -0.00634400406852, 0.00665059871972, -0.0036534294486], [0.000467265257612, -0.00285517051816, 0.00474887993187, -0.00207033473998, 0.00316202011891, -0.00212665065192, 0.00401275232434, -0.002233637264, 0.00338857201859, -0.00191118044313, 0.00297923339531, -0.00329441437498, 0.00166812771931], [-0.000159422444995, 0.00432556448504, -0.00207033473998, 0.00627162819728, -0.00435695424676, 0.00122958270367, -0.00242967926897, 0.00276216026396, -0.0051960516721, 0.00127324589994, 0.000287447561277, 0.0007608885644, -0.000893822871149], [0.000194879627088, -0.006962465588, 0.00316202011891, -0.00435695424676, 0.00857948046178, -0.00360895181075, 0.00428523821756, -0.00579427042976, 0.00638354755938, -0.0018717427738, 0.00476743932813, -0.00433810148388, 0.00287900306284], [-0.000179550232133, 0.00494024995714, -0.00212665065192, 0.00122958270367, -0.00360895181075, 0.00702186161652, -0.00650887843221, 0.00377116235904, -0.00658095721155, 0.00167037686333, -0.00373701495118, 0.00353487581015, -0.00192531349603], [-3.66303574992e-05, -0.00786219723523, 0.00401275232434, -0.00242967926897, 0.00428523821756, -0.00650887843221, 0.0153174623847, -0.00848201382905, 0.0144320335239, -0.00905133597553, 0.00669824285433, -0.0106238704175, 0.00642025005072], [-0.000394236994907, 0.00666204886511, -0.002233637264, 0.00276216026396, -0.00579427042976, 0.00377116235904, -0.00848201382905, 0.0176105685532, -0.0128226391971, 0.00847436394542, -0.0107233067974, 0.00882932730019, -0.00885199476033], [-0.000224633156904, -0.0101951910183, 0.00338857201859, -0.0051960516721, 0.00638354755938, -0.00658095721155, 0.0144320335239, -0.0128226391971, 0.0291243884712, -0.0145404590294, 0.0134547771886, -0.0131398895755, 0.00594718009233], [0.00034144075471, 0.00554861081764, -0.00191118044313, 0.00127324589994, -0.0018717427738, 0.00167037686333, -0.00905133597553, 0.00847436394542, -0.0145404590294, 0.0235482081771, -0.0111956074834, 0.0110665531829, -0.00608962867409], [-0.000320100632962, -0.00634400406852, 0.00297923339531, 0.000287447561277, 0.00476743932813, -0.00373701495118, 0.00669824285433, -0.0107233067974, 0.0134547771886, -0.0111956074834, 0.0262509081513, -0.0126166632399, 0.0040645361878], [0.000200429043616, 0.00665059871972, -0.00329441437498, 0.0007608885644, -0.00433810148388, 0.00353487581015, -0.0106238704175, 0.00882932730019, -0.0131398895755, 0.0110665531829, -0.0126166632399, 0.02042176947, -0.00736040389165], [0.000401901226724, -0.0036534294486, 0.00166812771931, -0.000893822871149, 0.00287900306284, -0.00192531349603, 0.00642025005072, -0.00885199476033, 0.00594718009233, -0.00608962867409, 0.0040645361878, -0.00736040389165, 0.0173793528229]]
    },
    "melbands": {
        "max": [0.00373430224136, 0.00582380592823, 0.0110102249309, 0.0200367737561, 0.020502794534, 0.0150110144168, 0.00705118523911, 0.00709034269676, 0.00983714312315, 0.00718172686175, 0.00571546936408, 0.00443340837955, 0.00535284401849, 0.00230518681929, 0.00292689679191, 0.00438969163224, 0.00181870558299, 0.000547091476619, 0.000187889643712, 0.000258007814409, 0.000155689238454, 0.000104978891613, 0.000118166586617, 0.000169204970007, 0.00039771979209, 0.000205276461202, 0.000220594054554, 0.000247229996603, 0.000133556561195, 0.000218486296944, 0.000151984146214, 0.000285638292553, 0.000444258970674, 0.000252719211858, 0.000242056688876, 0.000390987901483, 0.000130827582325, 3.54008734575e-05, 5.91347179579e-06, 4.9099816124e-07],
        "mean": [0.00029788017855, 0.000502094684634, 0.000874851888511, 0.00177391536999, 0.00100968941115, 0.000474354223115, 0.000356203643605, 0.000245711038588, 0.000154518158524, 0.000171978826984, 0.000161547068274, 0.000113896938274, 0.000139398282045, 2.93646735372e-05, 2.99478524539e-05, 2.7641579436e-05, 2.10516063817e-05, 1.06601319203e-05, 6.31081593383e-06, 5.69022358832e-06, 5.19018749401e-06, 4.74057833344e-06, 3.98967904403e-06, 3.33537332153e-06, 3.25551286551e-06, 3.81767495128e-06, 2.98758118333e-06, 3.35299591825e-06, 1.93970095097e-06, 1.62524850111e-06, 1.90725518223e-06, 2.49012509812e-06, 3.15882880386e-06, 2.25627172767e-06, 1.86900524568e-06, 2.46626109401e-06, 1.37656070365e-06, 3.78020359904e-07, 5.52609087379e-08, 4.9582715711e-09],
        "min": [6.40733674118e-07, 1.64681762271e-06, 2.53428106589e-06, 1.33495796035e-05, 5.10056634084e-06, 3.14254270961e-06, 1.8636361574e-06, 9.10864457637e-07, 5.61937156363e-07, 4.87556349071e-07, 1.77792557565e-07, 1.61739961868e-07, 7.22977446799e-08, 7.31304865553e-08, 4.61619613645e-08, 2.03127861198e-08, 2.0916706589e-08, 1.75814758308e-08, 2.76892215822e-08, 5.76174219447e-09, 3.28616178713e-09, 3.34939920243e-09, 5.71193137233e-09, 6.15571638107e-09, 4.31121227606e-09, 2.63493049601e-09, 4.10310674326e-09, 2.19772466892e-09, 2.41984166038e-09, 8.97788010601e-10, 5.0373649696e-10, 2.42133396666e-10, 5.51944358274e-11, 4.84987779104e-11, 2.50221260378e-10, 5.90690274471e-11, 2.02702733071e-11, 1.62029435008e-11, 3.51411673198e-12, 2.84236555733e-13],
        "stdev": [0.000497985456605, 0.000808061391581, 0.00119433819782, 0.0025146228727, 0.0016785414191, 0.000924192834646, 0.000596399826463, 0.000540203414857, 0.000549954071175, 0.000548063719179, 0.000514090177603, 0.000393311929656, 0.000529443495907, 0.000115254020784, 0.000150441061123, 0.000199820657144, 9.12131363293e-05, 3.52731076418e-05, 1.28153578771e-05, 1.64046541613e-05, 1.15621396617e-05, 9.25484982872e-06, 8.90380943019e-06, 8.06986372481e-06, 1.29353447846e-05, 1.14141412269e-05, 9.29994257604e-06, 1.00617180578e-05, 6.14415375821e-06, 8.27461644803e-06, 9.49292098085e-06, 1.40478368849e-05, 1.99314163183e-05, 1.33834410008e-05, 1.03985021269e-05, 1.8527967768e-05, 8.50810647535e-06, 2.2607482606e-06, 3.23793614143e-07, 3.08912291302e-08]
    },
    "melbands128": {
        "max": [0.000489433878101, 0.00185059092473, 0.00617738533765, 0.0074207005091, 0.00907426886261, 0.0115418573841, 0.02000689134, 0.0102202873677, 0.0231872089207, 0.0289091169834, 0.0315970256925, 0.030442096293, 0.0364162102342, 0.0166020598263, 0.0141176450998, 0.0281721688807, 0.0103865861893, 0.0131394565105, 0.00814768392593, 0.0143689373508, 0.00720604136586, 0.00750443385914, 0.0178478676826, 0.0117040229961, 0.0102196261287, 0.0139495814219, 0.018247557804, 0.0082557303831, 0.00520414765924, 0.00665576197207, 0.00877107679844, 0.0101887695491, 0.0108838062733, 0.0041057029739, 0.00293459114619, 0.00268711382523, 0.00755729014054, 0.00396893406287, 0.00398383941501, 0.00878706481308, 0.00610350631177, 0.00133293762337, 0.00354526145384, 0.00331431394443, 0.00122093444224, 0.000867206894327, 0.000419706047978, 0.000268827134278, 0.000419022515416, 0.000448529637652, 0.000389981316403, 0.000309002527501, 0.000288581446512, 0.000265358743491, 0.000271331635304, 0.000112731599074, 0.000152106455062, 0.000294130877592, 8.1071848399e-05, 0.000193358428078, 0.000184316493687, 0.000201743969228, 0.000839788233861, 0.000276768900221, 0.000200825263164, 0.000267641356913, 0.000248523050686, 0.000231116195209, 0.000270069722319, 0.000196672917809, 0.000336264667567, 0.000237115877098, 0.000168072860106, 0.000108006293885, 0.000159155388246, 0.000155258676386, 0.00036433749483, 0.000149711428094, 0.000154116714839, 0.000185536293429, 0.000291224161629, 0.00039319426287, 0.00035543247941, 0.000583550485317, 0.00036638288293, 0.000443119264673, 0.000215308609768, 0.000271635246463, 8.45976028359e-05, 0.000418932555476, 0.000882295600604, 0.000751112995204, 0.000261620909441, 0.000165410136105, 8.57443519635e-05, 7.31774707674e-05, 2.83301887976e-05, 1.66143126989e-05, 4.52142785434e-06, 1.70356713625e-06, 9.6281075912e-07, 2.84311170162e-07, 6.04552923278e-08, 4.2683506507e-08, 4.08804297081e-08, 3.91817032153e-08, 3.74887960675e-08, 3.59489469304e-08, 3.43862787133e-08, 3.30193543618e-08, 3.17286286133e-08, 3.04958831521e-08, 2.93525950212e-08, 2.82675411967e-08, 2.72786255806e-08, 2.63772417242e-08, 2.55530405724e-08, 2.47881377646e-08, 2.40790907213e-08, 2.34523067633e-08, 2.28238583588e-08, 2.23275531397e-08, 2.18508411365e-08, 2.14966977552e-08, 2.1181682186e-08, 2.09166781673e-08, 2.07336299241e-08, 2.06232684263e-08],
        "mean": [1.4697894585e-05, 0.000103099104308, 0.000455835659523, 0.000598646234721, 0.000420618569478, 0.000453984102933, 0.000767544785049, 0.000728796352632, 0.00138166488614, 0.00211815768853, 0.00192615948617, 0.0012407428585, 0.000882177730091, 0.000555392703973, 0.000370095163817, 0.00053366785869, 0.000428884057328, 0.000299217324937, 0.00027751448215, 0.000344491534634, 0.000164461162058, 0.000140317933983, 0.000182103278348, 0.000128206957015, 0.000114943577501, 0.000198440320673, 0.000292296695989, 0.000146690377733, 6.23450177955e-05, 9.68636450125e-05, 0.000110367021989, 0.00018538540462, 0.00021291502344, 4.06273175031e-05, 1.72112941073e-05, 3.22478808812e-05, 4.39131581516e-05, 1.64395078173e-05, 3.0087225241e-05, 4.73148975288e-05, 1.59897608683e-05, 1.95159082068e-05, 2.676456279e-05, 1.94549902517e-05, 1.05858671304e-05, 1.02019066617e-05, 9.6714893516e-06, 4.58309295936e-06, 5.09795063408e-06, 8.71914653544e-06, 5.45146167497e-06, 3.0721416806e-06, 5.16025829711e-06, 5.55583619644e-06, 6.63259470457e-06, 3.92938409277e-06, 3.85913199352e-06, 5.18295064467e-06, 3.6126411942e-06, 2.6125912882e-06, 3.38444488079e-06, 3.83793030778e-06, 3.26457370647e-06, 2.86435670205e-06, 3.61154638995e-06, 3.98316979044e-06, 4.24621521233e-06, 2.57408214566e-06, 2.6323784823e-06, 3.43445867657e-06, 4.05120727009e-06, 3.00125816466e-06, 2.10124517253e-06, 1.90210232631e-06, 1.44339594499e-06, 1.56504756887e-06, 1.73873741005e-06, 1.745055215e-06, 1.89298737041e-06, 2.13321823139e-06, 2.12876716432e-06, 2.75929255622e-06, 3.08744597532e-06, 3.31375304086e-06, 3.19027662954e-06, 2.53708662967e-06, 1.85940109532e-06, 1.7752598751e-06, 1.5369838593e-06, 2.15488148569e-06, 2.83735994344e-06, 2.48648711931e-06, 2.05607148018e-06, 1.46768559262e-06, 9.18874434319e-07, 5.59782733944e-07, 2.55763353607e-07, 1.145914581e-07, 5.36208872859e-08, 2.34193233695e-08, 8.81735484626e-09, 1.459224519e-09, 2.32682220713e-10, 6.73877481594e-11, 5.67608633706e-11, 5.92847923531e-11, 5.78347751634e-11, 5.69364277947e-11, 4.23773169334e-11, 3.88880941338e-11, 3.73439439094e-11, 3.58797262734e-11, 3.45083822628e-11, 3.3214521411e-11, 3.20617074556e-11, 3.10021106009e-11, 3.00235183937e-11, 2.91175451805e-11, 2.82853601652e-11, 2.75546616774e-11, 2.68279079507e-11, 2.62543407153e-11, 2.5706750964e-11, 2.52681035817e-11, 2.48361643751e-11, 2.44236610103e-11, 2.41440062387e-11, 2.40047912103e-11],
        "min": [3.55215723502e-09, 5.39781552789e-08, 4.1146932972e-07, 2.64485379375e-07, 1.84058336572e-07, 2.98966256196e-07, 4.75041844084e-07, 5.0535390983e-07, 5.34308765054e-06, 6.69926293995e-06, 4.33367949881e-06, 1.64988864526e-06, 1.8440699705e-06, 1.29882675992e-06, 4.92322385526e-07, 2.12489567275e-07, 1.1903317727e-06, 7.79577248977e-07, 2.61282906422e-07, 2.18112006678e-07, 1.07018081508e-07, 1.1779020781e-07, 3.68836907683e-08, 1.87979367183e-07, 5.36034967524e-08, 1.26575031345e-07, 7.54425570904e-08, 9.20235905255e-08, 5.14703302201e-08, 9.68197610973e-08, 8.72335021995e-08, 1.92526119491e-08, 2.63800217226e-08, 3.71717270298e-08, 3.45105526378e-08, 3.33805054709e-08, 3.15401997852e-08, 3.92375465452e-09, 2.30060095419e-08, 5.06238917453e-09, 6.20674400764e-09, 2.18247375727e-08, 1.29781234648e-08, 9.53982315366e-09, 6.40895025938e-09, 7.75125919006e-09, 6.32634300501e-09, 4.36468061693e-09, 1.88202378126e-08, 2.66428124007e-09, 4.56030324614e-09, 2.67335154014e-09, 2.64732036293e-09, 2.15735607156e-09, 2.80077738779e-09, 2.61162713677e-09, 2.36201680437e-09, 2.54782261955e-09, 1.92409133071e-09, 1.12943465691e-09, 1.25124244299e-09, 8.99840035817e-10, 4.914474383e-10, 9.80927672423e-10, 1.20198428988e-09, 1.74781855655e-09, 2.38471487002e-09, 2.63864241568e-09, 8.21372303506e-10, 2.77895734202e-10, 7.88492604542e-10, 1.9866521761e-09, 2.97001445659e-09, 4.46638254159e-10, 3.40451000724e-10, 2.96741242689e-10, 7.01119995394e-10, 2.78755324379e-10, 5.61653501485e-11, 5.74682974819e-11, 8.25004231597e-11, 5.60444399222e-11, 6.18117779183e-11, 2.83206357671e-11, 2.55062845844e-11, 1.16203921485e-11, 1.8664417234e-11, 5.07978104025e-11, 4.68818872612e-11, 9.04801719659e-11, 4.19466093804e-11, 1.04964934314e-11, 4.19418449624e-12, 7.79956307873e-12, 9.3477274532e-12, 8.73392677625e-12, 1.04925508386e-12, 2.79541689276e-12, 1.42957596715e-12, 4.98744654517e-13, 2.82556936832e-13, 1.7922032673e-13, 1.38290353019e-13, 1.29005692847e-13, 1.27038801028e-13, 1.20217353325e-13, 1.46964011056e-13, 1.32797960996e-13, 1.1394177431e-13, 1.14289261106e-13, 1.00416535167e-13, 1.19451933696e-13, 1.22981852024e-13, 1.09576281696e-13, 1.14630025849e-13, 1.30277678836e-13, 1.18451282853e-13, 1.1031276668e-13, 1.14136537678e-13, 1.27786778555e-13, 1.34644384401e-13, 1.20365780602e-13, 1.41548787123e-13, 1.17285833281e-13, 8.30215751832e-14, 3.89618824942e-14, 5.21686364016e-15, 1.91300657367e-16],
        "stdev": [3.25512228301e-05, 0.000228005024837, 0.000846786249895, 0.00100892712362, 0.000957511307206, 0.000984416110441, 0.00175761664286, 0.00114861526527, 0.00214594206773, 0.00376611994579, 0.00343876681291, 0.00244868965819, 0.00227507250383, 0.0014518443495, 0.000990068074316, 0.00138729508035, 0.000791797996499, 0.000866479997057, 0.000642753497232, 0.000984352547675, 0.00050659570843, 0.0005202863249, 0.000897637510207, 0.00063818518538, 0.000459145929199, 0.000931427988689, 0.00122693635058, 0.000637329765595, 0.000281101907603, 0.000468664715299, 0.000581237196457, 0.00081758009037, 0.00094316661125, 0.000209787132917, 9.72710258793e-05, 0.000155592686497, 0.000291267642751, 0.000121888238937, 0.000216505475692, 0.000445665646112, 0.000181580209755, 6.60066871205e-05, 0.000145583791891, 0.000131007473101, 5.48794123461e-05, 4.76506756968e-05, 2.26868633035e-05, 1.43973738886e-05, 1.78730788321e-05, 2.49846088991e-05, 2.35081242863e-05, 1.21474140542e-05, 1.64811608556e-05, 1.58669572556e-05, 1.7186441255e-05, 9.87953990261e-06, 1.08349577204e-05, 1.77710480784e-05, 8.16685951577e-06, 7.92304217612e-06, 9.54846291279e-06, 1.07462074084e-05, 2.3482605684e-05, 1.17221979963e-05, 1.2410178897e-05, 1.42863455039e-05, 1.37431898111e-05, 9.1095089374e-06, 1.1250087482e-05, 1.00900415418e-05, 1.29780764837e-05, 9.54026472755e-06, 6.85661916577e-06, 6.05200148129e-06, 6.57867576592e-06, 6.46119269732e-06, 1.23797562992e-05, 8.92620846571e-06, 1.00535498859e-05, 1.10016999315e-05, 1.2695476471e-05, 1.77898909897e-05, 1.92048082681e-05, 2.36620071519e-05, 1.96933888219e-05, 1.75918430614e-05, 1.10957435027e-05, 1.1526372873e-05, 6.61567264615e-06, 1.50243604367e-05, 2.73060286418e-05, 2.42818405241e-05, 1.54225108417e-05, 9.26992288441e-06, 5.43996429769e-06, 3.79196603717e-06, 1.65506298799e-06, 7.70760664182e-07, 3.00594280134e-07, 1.31384226165e-07, 6.20242417426e-08, 1.2681050876e-08, 2.35967334561e-09, 1.26464116956e-09, 1.16459220045e-09, 1.11117626211e-09, 1.05711850384e-09, 1.01244523876e-09, 9.63999213788e-10, 9.25198195834e-10, 8.88794482456e-10, 8.54061266153e-10, 8.21837098375e-10, 7.91268772726e-10, 7.63590135566e-10, 7.38255345745e-10, 7.15065395784e-10, 6.93523793949e-10, 6.73485212044e-10, 6.56090293205e-10, 6.38563868449e-10, 6.24693519136e-10, 6.11371175907e-10, 6.013842202e-10, 5.92514759479e-10, 5.85157478028e-10, 5.79978176596e-10, 5.76877268177e-10]
    },
    "mfcc": {
        "mean": [-711.291015625, 161.389892578, 1.30736994743, 42.166934967, -20.7948875427, 11.8984022141, -20.1913127899, 5.54485750198, -22.995923996, 8.79138946533, -20.0265216827, 2.69854259491, -13.4418869019],
        "cov": [[3906.52929688, -783.369567871, -299.727752686, -69.4566040039, -190.04296875, 139.523223877, 41.7114639282, 241.313369751, -74.857635498, 199.56968689, 20.3294677734, 109.640312195, -14.4169197083], [-783.369567871, 1138.48327637, -433.244689941, 30.2807693481, 75.8199310303, -171.833175659, 177.133743286, -10.1052465439, 4.05948066711, -8.5187330246, -28.9200439453, 1.9723726511, 31.9421710968], [-299.727752686, -433.244689941, 665.790222168, -63.0437507629, -37.8012962341, 48.5804672241, -193.116882324, -91.8701248169, -8.21689891815, -52.0158691406, 18.0320892334, -20.5671672821, -40.6274795532], [-69.4566040039, 30.2807693481, -63.0437507629, 288.634094238, 119.87688446, 16.509601593, -31.6995620728, 31.6796131134, 48.2974319458, -44.2508430481, -11.0508575439, 16.5286521912, 32.4671707153], [-190.04296875, 75.8199310303, -37.8012962341, 119.87688446, 323.772827148, 27.1150245667, -34.279964447, 32.4999580383, 90.4674987793, -7.08190488815, -28.065279007, 48.3277893066, 15.1387319565], [139.523223877, -171.833175659, 48.5804672241, 16.509601593, 27.1150245667, 328.426422119, 50.3252944946, 85.3254547119, 55.3408889771, -24.8462772369, 91.4601364136, -20.0624732971, 61.1646385193], [41.7114639282, 177.133743286, -193.116882324, -31.6995620728, -34.279964447, 50.3252944946, 280.499298096, 78.8801269531, 22.2837905884, 15.8918581009, 30.0087108612, -6.75232553482, 66.0527954102], [241.313369751, -10.1052465439, -91.8701248169, 31.6796131134, 32.4999580383, 85.3254547119, 78.8801269531, 183.101242065, 25.3763790131, -10.7578086853, 18.4579143524, 13.625910759, 69.6801452637], [-74.857635498, 4.05948066711, -8.21689891815, 48.2974319458, 90.4674987793, 55.3408889771, 22.2837905884, 25.3763790131, 133.475921631, 5.57870960236, 16.0024814606, 1.04018115997, 28.5276432037], [199.56968689, -8.5187330246, -52.0158691406, -44.2508430481, -7.08190488815, -24.8462772369, 15.8918581009, -10.7578086853, 5.57870960236, 117.547714233, -3.4792535305, 7.75702285767, -32.5892982483], [20.3294677734, -28.9200439453, 18.0320892334, -11.0508575439, -28.065279007, 91.4601364136, 30.0087108612, 18.4579143524, 16.0024814606, -3.4792535305, 118.473709106, -18.0534934998, 16.3951778412], [109.640312195, 1.9723726511, -20.5671672821, 16.5286521912, 48.3277893066, -20.0624732971, -6.75232553482, 13.625910759, 1.04018115997, 7.75702285767, -18.0534934998, 95.7330780029, 0.868841648102], [-14.4169197083, 31.9421710968, -40.6274795532, 32.4671707153, 15.1387319565, 61.1646385193, 66.0527954102, 69.6801452637, 28.5276432037, -32.5892982483, 16.3951778412, 0.868841648102, 125.167373657]],
        "icov": [[0.000468336162157, 0.000416572409449, 0.000420891126851, 8.04914361652e-06, 0.000303434731904, -8.13657024992e-05, 0.000136643197038, -0.000526319607161, 0.000181206007255, -0.000584998750128, 6.95340804668e-06, -0.000495901680551, 0.000115032977192], [0.000416572409449, 0.00183760211803, 0.00120378180873, 0.000187046796782, -0.000311835668981, 0.000772406114265, -0.000544289534446, 0.000141305907164, 0.000208317433135, 0.00020357586618, -0.000360767211532, -0.000113208967377, -0.000156353024067], [0.000420891126851, 0.00120378180873, 0.00312075437978, 0.000857407751027, 0.000231621728744, -0.000218549699639, 0.00134370638989, 0.000589045637753, -0.000300923886243, 0.000918573932722, -0.000345851265593, -0.000271936616627, -7.14648704161e-05], [8.04914361652e-06, 0.000187046796782, 0.000857407751027, 0.00480114482343, -0.00125929689966, 0.000149571991642, 0.00101294589695, -0.000185985452845, -0.000962456862908, 0.00185197510291, -7.89511705079e-06, -2.78997904388e-05, -0.00066288682865], [0.000303434731904, -0.000311835668981, 0.000231621728744, -0.00125929689966, 0.00538253365085, -0.000832847319543, 0.00116481562145, -0.000951014459133, -0.00291459658183, -0.00051420298405, 0.00142567115836, -0.00241090683267, 0.000547463016119], [-8.13657024992e-05, 0.000772406114265, -0.000218549699639, 0.000149571991642, -0.000832847319543, 0.00537871802226, -0.000704169913661, -0.00125873181969, -0.000895862118341, 0.000842861307319, -0.00329809216782, 0.001009478583, -0.000922907609493], [0.000136643197038, -0.000544289534446, 0.00134370638989, 0.00101294589695, 0.00116481562145, -0.000704169913661, 0.00620708800852, -0.00140150100924, -0.000962211168371, -0.000828299031127, -0.000450270017609, -0.000119889329653, -0.0019006569637], [-0.000526319607161, 0.000141305907164, 0.000589045637753, -0.000185985452845, -0.000951014459133, -0.00125873181969, -0.00140150100924, 0.009162501432, 0.000119584430649, 0.000915332115255, 8.74477555044e-05, -0.000457300571725, -0.00328547158279], [0.000181206007255, 0.000208317433135, -0.000300923886243, -0.000962456862908, -0.00291459658183, -0.000895862118341, -0.000962211168371, 0.000119584430649, 0.0109287705272, -0.00205399119295, -0.000972095294856, 0.000966876512393, -0.00155383418314], [-0.000584998750128, 0.00020357586618, 0.000918573932722, 0.00185197510291, -0.00051420298405, 0.000842861307319, -0.000828299031127, 0.000915332115255, -0.00205399119295, 0.0118629522622, -0.000330792012392, -0.000236517138546, 0.00287811574526], [6.95340804668e-06, -0.000360767211532, -0.000345851265593, -7.89511705079e-06, 0.00142567115836, -0.00329809216782, -0.000450270017609, 8.74477555044e-05, -0.000972095294856, -0.000330792012392, 0.0115834698081, 0.000691209337674, 0.000224171075388], [-0.000495901680551, -0.000113208967377, -0.000271936616627, -2.78997904388e-05, -0.00241090683267, 0.001009478583, -0.000119889329653, -0.000457300571725, 0.000966876512393, -0.000236517138546, 0.000691209337674, 0.0125907538459, -0.000452997745015], [0.000115032977192, -0.000156353024067, -7.14648704161e-05, -0.00066288682865, 0.000547463016119, -0.000922907609493, -0.0019006569637, -0.00328547158279, -0.00155383418314, 0.00287811574526, 0.000224171075388, -0.000452997745015, 0.012485280633]]
    },
    "spectral_contrast_coeffs": {
        "max": [-0.367221653461, -0.52091217041, -0.459848254919, -0.532789111137, -0.596302866936, -0.429349958897],
        "mean": [-0.620039284229, -0.738690078259, -0.749316871166, -0.801794826984, -0.789666116238, -0.650369644165],
        "min": [-0.928935408592, -0.900389611721, -0.90891879797, -0.930028021336, -0.893602192402, -0.88586294651],
        "stdev": [0.0911165997386, 0.0686543956399, 0.0804448500276, 0.0510675013065, 0.0453916043043, 0.0442867167294]
    },
    "spectral_contrast_valleys": {
        "max": [-5.24184465408, -4.97025823593, -5.98157215118, -6.31790685654, -6.00230073929, -8.78559684753],
        "mean": [-6.98971319199, -6.81907606125, -7.92895126343, -8.39243412018, -8.39923286438, -12.7460508347],
        "min": [-9.24501132965, -8.64947891235, -10.1918325424, -10.4947404861, -11.1967763901, -15.2473402023],
        "stdev": [0.661409258842, 0.577675402164, 0.655782282352, 0.66555762291, 0.801821649075, 1.11108624935]
    }
},
"rhythm": {
    "beats_count": 47,
    "beats_loudness": {
        "max": 0.0819386616349,
        "mean": 0.0271268375218,
        "min": 0.0017270129174,
        "stdev": 0.0202229507267
    },
    "bpm": 90.0894851685,
    "bpm_histogram_first_peak_bpm": 91,
    "bpm_histogram_first_peak_weight": 0.399999916553,
    "bpm_histogram_second_peak_bpm": 78,
    "bpm_histogram_second_peak_spread": 0,
    "bpm_histogram_second_peak_weight": 0.130434781313,
    "danceability": 1.07421576977,
    "onset_rate": 3.69140601158,
    "beats_loudness_band_ratio": {
        "max": [0.834647297859, 0.978025138378, 0.706926465034, 0.842435657978, 0.093677572906, 0.396959036589],
        "mean": [0.253768384457, 0.495917260647, 0.20184288919, 0.100526191294, 0.0233137886971, 0.0207455139607],
        "min": [0.00744561385363, 0.0121609596536, 0.00538142677397, 0.00247085979208, 0.000964919920079, 0.0011835868936],
        "stdev": [0.240868210793, 0.249301493168, 0.181350812316, 0.189350187778, 0.0197123624384, 0.0561535172164]
    },
    "beats_position": [0.66176867485, 1.33514738083, 2.00852608681, 2.68190479279, 3.36689329147, 4.04027223587, 4.71365070343, 5.38702917099, 6.06040811539, 6.73378658295, 7.40716552734, 8.06893444061, 8.73070240021, 9.39247131348, 10.0658502579, 10.8321084976, 11.5983667374, 12.3762359619, 13.1424942017, 13.9087524414, 14.6866207123, 15.3716096878, 16.0333786011, 16.6951465607, 17.3569164276, 18.0186843872, 18.6804523468, 19.3422222137, 20.0039901733, 20.6657600403, 21.3275279999, 21.9892959595, 22.6394557953, 23.2896137238, 23.9513835907, 24.6131515503, 25.2749195099, 25.9366893768, 26.6216773987, 27.2950553894, 27.9568252563, 28.6069831848, 29.2571430206, 29.9189109802, 30.5806789398, 31.2540588379, 31.9274368286],
