{
"metadata": {
    "version": {
        "essentia": "2.1-beta5",
        "essentia_git_sha": "Undefined",
        "extractor": "music 2.0"
    },
    "audio_properties": {
        "analysis": {
            "equal_loudness": 0,
            "length": 46.8346481323,
            "sample_rate": 44100,
            "start_time": 126.502311707,
            "downmix": "mix"
        },
        "bit_rate": 192000,
        "length": 173.360183716,
        "lossless": 0,
        "number_channels": 2,
        "replay_gain": -1.91039085388,
        "sample_rate": 44100,
        "codec": "mp3",
        "md5_encoded": "51758bbd07fe0fbbc9bb8340738e7de9"
    },
    "tags": {
        "file_name": "United KingdomUK_Jack In The Box_Clodagh Rodgers.mp3",
        "encoding": ["Lavf58.29.100"]
    }
},
"lowlevel": {
    "average_loudness": 0.974746108055,
    "barkbands_crest": {
        "max": 25.2531967163,
        "mean": 9.06372928619,
        "min": 2.39107656479,
        "stdev": 4.04153633118
    },
    "barkbands_flatness_db": {
        "max": 0.319670289755,
        "mean": 0.125513225794,
        "min": 0.0442769527435,
        "stdev": 0.0452049002051
    },
    "barkbands_kurtosis": {
        "max": 178.025024414,
        "mean": 2.92833566666,
        "min": -1.87062621117,
        "stdev": 8.43193340302
    },
    "barkbands_skewness": {
        "max": 10.5663537979,
        "mean": 0.75122320652,
        "min": -6.54604196548,
        "stdev": 1.21245217323
    },
    "barkbands_spread": {
        "max": 87.5531311035,
        "mean": 21.4062156677,
        "min": 0.90167337656,
        "stdev": 12.733631134
    },
    "dissonance": {
        "max": 0.499487787485,
        "mean": 0.459829479456,
        "min": 0.240741983056,
        "stdev": 0.0343626998365
    },
    "dynamic_complexity": 2.88530302048,
    "erbbands_crest": {
        "max": 32.2617912292,
        "mean": 10.4943885803,
        "min": 3.06424117088,
        "stdev": 5.16947841644
    },
    "erbbands_flatness_db": {
        "max": 0.370264530182,
        "mean": 0.178464978933,
        "min": 0.0848012939095,
        "stdev": 0.048792283982
    },
    "erbbands_kurtosis": {
        "max": 56.3578224182,
        "mean": 1.79943501949,
        "min": -1.71536970139,
        "stdev": 4.40545415878
    },
    "erbbands_skewness": {
        "max": 5.93463230133,
        "mean": 0.485389262438,
        "min": -4.61006641388,
        "stdev": 0.852540910244
    },
    "erbbands_spread": {
        "max": 110.254165649,
        "mean": 29.4567241669,
        "min": 1.70354163647,
        "stdev": 17.0104808807
    },
    "hfc": {
        "max": 447.635559082,
        "mean": 29.1015701294,
        "min": 0.163335829973,
        "stdev": 28.8980083466
    },
    "loudness_ebu128": {
        "integrated": -21.7677955627,
        "loudness_range": 2.4207649231,
        "momentary": {
            "max": -18.7526817322,
            "mean": -22.2576732635,
            "min": -34.2796325684,
            "stdev": 2.26018667221
        },
        "short_term": {
            "max": -20.1089992523,
            "mean": -21.8730602264,
            "min": -25.1391925812,
            "stdev": 0.849139750004
        }
    },
    "melbands_crest": {
        "max": 31.8376598358,
        "mean": 11.5955781937,
        "min": 3.19860076904,
        "stdev": 4.85570001602
    },
    "melbands_flatness_db": {
        "max": 0.419389843941,
        "mean": 0.152465865016,
        "min": 0.0287273935974,
        "stdev": 0.0588938780129
    },
    "melbands_kurtosis": {
        "max": 164.316558838,
        "mean": 5.77755594254,
        "min": -1.86618185043,
        "stdev": 10.5906505585
    },
    "melbands_skewness": {
        "max": 8.32282161713,
        "mean": 1.3263272047,
        "min": -3.11220812798,
        "stdev": 1.37305867672
    },
    "melbands_spread": {
        "max": 213.715332031,
        "mean": 30.861989975,
        "min": 0.888617098331,
        "stdev": 21.4967880249
    },
    "pitch_salience": {
        "max": 0.959442257881,
        "mean": 0.608476638794,
        "min": 0.126637458801,
        "stdev": 0.0967513099313
    },
    "silence_rate_20dB": {
        "max": 1,
        "mean": 1,
        "min": 1,
        "stdev": 0
    },
    "silence_rate_30dB": {
        "max": 1,
        "mean": 1,
        "min": 1,
        "stdev": 0
    },
    "silence_rate_60dB": {
        "max": 1,
        "mean": 0.0510406345129,
        "min": 0,
        "stdev": 0.220077767968
    },
    "spectral_centroid": {
        "max": 5819.85791016,
        "mean": 1526.99560547,
        "min": 212.982650757,
        "stdev": 655.999755859
    },
    "spectral_complexity": {
        "max": 48,
        "mean": 19.6798801422,
        "min": 0,
        "stdev": 8.1873884201
    },
    "spectral_decrease": {
        "max": -5.27309550191e-11,
        "mean": -5.8739222375e-09,
        "min": -3.06656353644e-08,
        "stdev": 3.79429820896e-09
    },
    "spectral_energy": {
        "max": 0.118264898658,
        "mean": 0.0248090960085,
        "min": 0.000238984706812,
        "stdev": 0.0158027224243
    },
    "spectral_energyband_high": {
        "max": 0.0752868950367,
        "mean": 0.0011502688285,
        "min": 6.24832182439e-06,
        "stdev": 0.00390068022534
    },
    "spectral_energyband_low": {
        "max": 0.045032158494,
        "mean": 0.00245453836396,
        "min": 1.01361165434e-05,
        "stdev": 0.00357774388976
    },
    "spectral_energyband_middle_high": {
        "max": 0.0838421359658,
        "mean": 0.0118834767491,
        "min": 1.36029420901e-05,
        "stdev": 0.0114781055599
    },
    "spectral_energyband_middle_low": {
        "max": 0.102648757398,
        "mean": 0.010459353216,
        "min": 3.15542674798e-05,
        "stdev": 0.0100551657379
    },
    "spectral_entropy": {
        "max": 8.73031711578,
        "mean": 7.64757204056,
        "min": 5.6180267334,
        "stdev": 0.403107583523
    },
    "spectral_flux": {
        "max": 0.274514377117,
        "mean": 0.0915227457881,
        "min": 0.00862272176892,
        "stdev": 0.0414165109396
    },
    "spectral_kurtosis": {
        "max": 26.5062484741,
        "mean": 4.14199781418,
        "min": -1.26466703415,
        "stdev": 2.80302739143
    },
    "spectral_rms": {
        "max": 0.010741526261,
        "mean": 0.00462109968066,
        "min": 0.000482862116769,
        "stdev": 0.00168801960535
    },
    "spectral_rolloff": {
        "max": 11434.1308594,
        "mean": 1983.25671387,
        "min": 150.732421875,
        "stdev": 1538.74536133
    },
    "spectral_skewness": {
        "max": 4.1319360733,
        "mean": 1.60307860374,
        "min": -0.307490170002,
        "stdev": 0.46957758069
    },
    "spectral_spread": {
        "max": 14202224,
        "mean": 4771358,
        "min": 2150303,
        "stdev": 1283559.25
    },
    "spectral_strongpeak": {
        "max": 12.408864975,
        "mean": 2.02364754677,
        "min": 0,
        "stdev": 1.94942128658
    },
    "zerocrossingrate": {
        "max": 0.361328125,
        "mean": 0.0771939232945,
        "min": 0.01025390625,
        "stdev": 0.0404029563069
    },
    "barkbands": {
        "max": [0.00192215980496, 0.0111115667969, 0.0107308672741, 0.0590785294771, 0.0252535585314, 0.0280621666461, 0.0453417338431, 0.0453389473259, 0.0390326604247, 0.042468033731, 0.057832762599, 0.0421761833131, 0.0558312013745, 0.0190131887794, 0.0221024751663, 0.0190586447716, 0.0212560836226, 0.00618919823319, 0.00290830503218, 0.0135109676048, 0.026677781716, 0.0231730900705, 0.0190984327346, 0.00905609596521, 0.00521232560277, 0.000575677491724, 1.15279067359e-06],
        "mean": [0.000109599619464, 0.0008708795649, 0.000584976864047, 0.00191894301679, 0.00194936501794, 0.00157334364485, 0.00108652573545, 0.00173553358763, 0.00172473210841, 0.00201849476434, 0.00260122492909, 0.00217770785093, 0.00130255706608, 0.000840714143123, 0.00073565042112, 0.0010439575417, 0.00061376899248, 0.000394850445446, 0.00025434041163, 0.000251111516263, 0.000251157325692, 0.000254956801655, 0.000235369210714, 0.000138490300742, 0.000127470091684, 1.33970506795e-05, 1.72814385024e-09],
        "min": [2.00830427843e-07, 4.64404507738e-07, 1.72597651726e-07, 3.57937636863e-07, 5.97888401899e-06, 8.04820842859e-07, 1.40605720844e-06, 1.07481207579e-06, 1.51804556481e-06, 4.07967661431e-07, 7.37407731322e-07, 1.16147043627e-06, 7.61414071349e-07, 5.87438307775e-07, 2.92695887083e-07, 5.66745825381e-07, 4.14665237258e-07, 3.3799901189e-07, 3.49286835899e-07, 3.30354737343e-07, 3.31615098048e-07, 4.31489524999e-07, 5.59443208203e-07, 7.59617307722e-07, 1.05628828351e-06, 4.73746268881e-07, 1.24067270346e-10],
        "stdev": [0.000128811618197, 0.00131219963077, 0.000938115583267, 0.00413835793734, 0.00238720001653, 0.00258129811846, 0.0026145381853, 0.00376468291506, 0.00332655757666, 0.0042716213502, 0.00540395174176, 0.00457985699177, 0.00310259102844, 0.00150663871318, 0.0016098136548, 0.00199516909197, 0.00120319169946, 0.000574500823859, 0.000313206604915, 0.000459960021544, 0.00120578601491, 0.00116276904009, 0.00112115149386, 0.000403402926167, 0.000302003318211, 3.38066347467e-05, 2.66204693844e-08]
    },
    "erbbands": {
        "max": [0.52038705349, 2.18553829193, 8.46685123444, 115.508201599, 127.562850952, 77.5364685059, 314.752258301, 264.660827637, 766.382995605, 482.737030029, 1261.09448242, 888.893981934, 1642.51867676, 3227.33544922, 2394.97802734, 1774.92834473, 1938.14379883, 1080.85375977, 1136.09667969, 1264.30297852, 848.448852539, 1016.04364014, 345.671112061, 237.368621826, 187.269088745, 567.593261719, 1270.46887207, 1081.8371582, 1036.28198242, 678.239379883, 530.44744873, 348.026519775, 68.0960006714, 91.0562515259, 42.7371559143, 5.69053792953, 0.216308370233, 0.00618843222037, 0.000546807830688, 0.000255611987086],
        "mean": [0.0354507640004, 0.159151628613, 0.597023844719, 3.81353163719, 6.05463314056, 5.89158201218, 12.3097467422, 12.4441900253, 16.3028182983, 20.0410995483, 39.667263031, 39.9199676514, 52.967956543, 84.4351196289, 110.601997375, 80.1703567505, 59.8010787964, 42.2507171631, 42.2975120544, 40.2019729614, 59.4771232605, 37.250957489, 23.4384021759, 16.1803131104, 11.5845775604, 11.2289829254, 10.7698793411, 9.46867275238, 9.72009658813, 7.90145969391, 6.50186014175, 3.66327691078, 1.91632282734, 1.52710855007, 0.852560460567, 0.155971482396, 0.00738189090043, 0.000231613114011, 3.47307941411e-05, 3.46079286828e-05],
        "min": [5.71635682718e-05, 0.000202772280318, 0.00101415696554, 0.00330990855582, 0.00741791399196, 0.0137622626498, 0.00636618630961, 0.00527172535658, 0.0242504514754, 0.0156447440386, 0.0359046459198, 0.0416678003967, 0.0280948225409, 0.0348469279706, 0.0426959171891, 0.055248066783, 0.043944709003, 0.0417449139059, 0.0325262285769, 0.0276679117233, 0.04220443964, 0.0247762370855, 0.0195592604578, 0.0210963468999, 0.0200037620962, 0.0174230113626, 0.014651697129, 0.0153860719875, 0.016272643581, 0.0157986991107, 0.0150648904964, 0.0162299182266, 0.0109890596941, 0.00869204476476, 0.00732522970065, 0.00400900514796, 0.000481448834762, 1.10466071419e-05, 8.5230840341e-07, 4.52337928891e-07],
        "stdev": [0.057685546577, 0.23451025784, 0.865547060966, 8.07118797302, 10.3711023331, 7.26809120178, 23.3582344055, 19.3864784241, 37.7704429626, 35.5447921753, 85.1326828003, 78.3947296143, 100.406089783, 192.319320679, 209.383224487, 164.286300659, 127.032577515, 74.8676681519, 74.5926818848, 73.7909851074, 110.493774414, 69.5983200073, 34.4760475159, 20.3118019104, 13.8924407959, 20.4116630554, 48.8269538879, 43.4884910583, 42.2040634155, 39.897857666, 30.7637901306, 14.1734628677, 4.09677886963, 3.93058657646, 2.01758646965, 0.367154628038, 0.0141446134076, 0.000455310480902, 4.72552201245e-05, 2.40476820181e-05]
    },
    "gfcc": {
        "mean": [9.67513084412, 82.6174316406, -142.564804077, 27.4562301636, -74.6384811401, 24.9959030151, -47.9308204651, 13.5223855972, -30.0821800232, -1.04186296463, -15.5678834915, -2.0216588974, -2.8684887886],
        "cov": [[2741.8918457, -159.084777832, -483.045806885, 140.027542114, -103.434898376, 89.7519378662, -22.7195186615, 18.6552600861, 58.4613189697, -45.6213684082, 10.5425624847, -36.7701835632, 79.2272796631], [-159.084777832, 718.796264648, 93.2978439331, -216.387176514, 154.197006226, -66.8141403198, 51.3545036316, -41.97838974, -63.2052459717, -50.0921630859, 47.2703132629, -67.7820739746, -23.6947975159], [-483.045806885, 93.2978439331, 730.479309082, 269.81829834, -8.45070552826, -15.4287557602, -99.9614715576, -18.6959037781, 14.4705524445, 47.5234451294, -66.1802062988, 15.4274044037, -59.2676696777], [140.027542114, -216.387176514, 269.81829834, 492.089782715, 2.19584822655, 31.7092247009, -53.5322723389, 9.6255569458, 96.9419174194, 36.0641441345, -82.7394256592, 38.5753211975, 11.6680736542], [-103.434898376, 154.197006226, -8.45070552826, 2.19584822655, 171.808380127, 54.8744773865, 48.3925704956, 1.69805276394, -18.4065093994, -1.62533783913, 9.85838794708, -16.9000282288, -1.2849458456], [89.7519378662, -66.8141403198, -15.4287557602, 31.7092247009, 54.8744773865, 228.084823608, 131.755569458, -28.6670322418, -45.2687568665, 12.4412908554, 28.7884540558, 7.37551927567, -4.16839504242], [-22.7195186615, 51.3545036316, -99.9614715576, -53.5322723389, 48.3925704956, 131.755569458, 206.152603149, 13.3500804901, -51.1714324951, -18.2363739014, 43.3987693787, -2.12870645523, 7.87013339996], [18.6552600861, -41.97838974, -18.6959037781, 9.6255569458, 1.69805276394, -28.6670322418, 13.3500804901, 116.940376282, 59.7439117432, -8.70455360413, -18.1119365692, 15.3522500992, 15.9171791077], [58.4613189697, -63.2052459717, 14.4705524445, 96.9419174194, -18.4065093994, -45.2687568665, -51.1714324951, 59.7439117432, 131.011810303, 16.8861064911, -34.3778533936, 12.5845880508, 14.621254921], [-45.6213684082, -50.0921630859, 47.5234451294, 36.0641441345, -1.62533783913, 12.4412908554, -18.2363739014, -8.70455360413, 16.8861064911, 77.3872146606, 20.2455673218, 4.73355102539, -14.3017845154], [10.5425624847, 47.2703132629, -66.1802062988, -82.7394256592, 9.85838794708, 28.7884540558, 43.3987693787, -18.1119365692, -34.3778533936, 20.2455673218, 88.165977478, 7.29739999771, -10.196814537], [-36.7701835632, -67.7820739746, 15.4274044037, 38.5753211975, -16.9000282288, 7.37551927567, -2.12870645523, 15.3522500992, 12.5845880508, 4.73355102539, 7.29739999771, 68.9947128296, 30.0443134308], [79.2272796631, -23.6947975159, -59.2676696777, 11.6680736542, -1.2849458456, -4.16839504242, 7.87013339996, 15.9171791077, 14.621254921, -14.3017845154, -10.196814537, 30.0443134308, 64.6979370117]],
        "icov": [[0.000674823357258, -0.000651201524306, 0.000886404537596, -0.0010010257829, 0.0013038435718, -0.00134976254776, 0.00133707793429, -0.00100911583286, 0.000526069896296, 0.000184178803465, -0.000585510861129, 0.00107696768828, -0.000718350987881], [-0.000651201524306, 0.00477313762531, -0.00293448893353, 0.00307696918026, -0.00529423542321, 0.00444546528161, -0.00372558506206, 0.00388535251841, -0.00267609441653, 0.00265995878726, -0.00187775120139, 0.00135865912307, -0.000753093045205], [0.000886404537596, -0.00293448893353, 0.0044448049739, -0.0034467082005, 0.0035740211606, -0.00314844935201, 0.00352554651909, -0.00300334510393, 0.00300331506878, -0.0020549648907, 0.00185969623271, -0.00113649852574, 0.00239919894375], [-0.0010010257829, 0.00307696918026, -0.0034467082005, 0.00644940324128, -0.00436334963888, 0.00258971028961, -0.0034796660766, 0.00435777427629, -0.00467774178833, 0.000167667822097, 0.00249854126014, -0.00217407336459, -3.88794578612e-05], [0.0013038435718, -0.00529423542321, 0.0035740211606, -0.00436334963888, 0.0132186915725, -0.0070588956587, 0.00463117519394, -0.00590100511909, 0.00388702983037, -0.00230309506878, 0.000284621230094, 0.00257486756891, -0.00131687533576], [-0.00134976254776, 0.00444546528161, -0.00314844935201, 0.00258971028961, -0.0070588956587, 0.0140634402633, -0.0106709664688, 0.00707798916847, -0.00212505389936, -0.00044906779658, 0.000477083871374, -0.00272394437343, 0.00197345507331], [0.00133707793429, -0.00372558506206, 0.00352554651909, -0.0034796660766, 0.00463117519394, -0.0106709664688, 0.0154604921117, -0.00849188584834, 0.00539334537461, 0.00152178655844, -0.0039882757701, 0.00330798933282, -0.00257882336155], [-0.00100911583286, 0.00388535251841, -0.00300334510393, 0.00435777427629, -0.00590100511909, 0.00707798916847, -0.00849188584834, 0.0180820804089, -0.0100445179269, 0.00260133575648, 0.00205774558708, -0.00400481093675, 0.00107381201815], [0.000526069896296, -0.00267609441653, 0.00300331506878, -0.00467774178833, 0.00388702983037, -0.00212505389936, 0.00539334537461, -0.0100445179269, 0.0171100720763, -0.00515874521807, 0.00243720482104, 0.000679057149682, -0.00121237803251], [0.000184178803465, 0.00265995878726, -0.0020549648907, 0.000167667822097, -0.00230309506878, -0.00044906779658, 0.00152178655844, 0.00260133575648, -0.00515874521807, 0.0202682241797, -0.00934788398445, 0.00206797779538, 0.00114874634892], [-0.000585510861129, -0.00187775120139, 0.00185969623271, 0.00249854126014, 0.000284621230094, 0.000477083871374, -0.0039882757701, 0.00205774558708, 0.00243720482104, -0.00934788398445, 0.0230535753071, -0.00975312571973, 0.00684293732047], [0.00107696768828, 0.00135865912307, -0.00113649852574, -0.00217407336459, 0.00257486756891, -0.00272394437343, 0.00330798933282, -0.00400481093675, 0.000679057149682, 0.00206797779538, -0.00975312571973, 0.0269883908331, -0.0147780412808], [-0.000718350987881, -0.000753093045205, 0.00239919894375, -3.88794578612e-05, -0.00131687533576, 0.00197345507331, -0.00257882336155, 0.00107381201815, -0.00121237803251, 0.00114874634892, 0.00684293732047, -0.0147780412808, 0.026884669438]]
    },
    "melbands": {
        "max": [0.00372841302305, 0.00471935607493, 0.0193901285529, 0.0051532308571, 0.00995105225593, 0.0053396737203, 0.0107349781319, 0.00431157601997, 0.00999152939767, 0.00660176109523, 0.00807216204703, 0.0122308302671, 0.0086118215695, 0.00578999053687, 0.00744731677696, 0.00309916003607, 0.00204408261925, 0.0017222041497, 0.00223778630607, 0.00169668416493, 0.00133582949638, 0.00152607494965, 0.000551482313313, 0.000386093277484, 0.000215481370105, 0.000150226711412, 0.000221594207687, 0.000442854478024, 0.000793358893134, 0.000752308638766, 0.000666148611344, 0.000587505754083, 0.000477558904095, 0.000390035449527, 0.000378849013941, 0.000251268735155, 0.000187681449461, 4.86990393256e-05, 5.40023684152e-05, 8.22873480502e-05],
        "mean": [0.000271225202596, 0.000302276312141, 0.000737098045647, 0.000409699568991, 0.00039834852214, 0.00028726606979, 0.000241185436607, 0.000264872796834, 0.000309705967084, 0.000256401486695, 0.000267168798018, 0.000331904069753, 0.000357015116606, 0.000278360996163, 0.00016976648476, 0.000112227993668, 7.44137651054e-05, 6.89294174663e-05, 5.98521764914e-05, 5.95311175857e-05, 6.87252249918e-05, 4.12976260122e-05, 2.19180292333e-05, 1.81530867849e-05, 1.27949924718e-05, 8.78441733221e-06, 8.2768365246e-06, 7.21943843018e-06, 6.9283855737e-06, 6.16190300207e-06, 5.02404418512e-06, 5.65007121622e-06, 4.64702543468e-06, 4.38728648078e-06, 4.1296721065e-06, 2.74197896033e-06, 2.02422620532e-06, 1.33414403081e-06, 1.22458618534e-06, 1.30583282498e-06],
        "min": [7.40841073821e-07, 4.87974489261e-07, 5.58484089197e-07, 1.4853378616e-06, 4.49004204484e-07, 1.16442258502e-07, 3.78507138521e-07, 1.63730987879e-07, 2.24177142627e-07, 2.51795825079e-07, 1.22800514646e-07, 1.23997963897e-07, 1.59875114036e-07, 1.14903457415e-07, 1.47048353938e-07, 9.97647191525e-08, 5.9532670349e-08, 2.65731170401e-08, 2.79531597869e-08, 2.68210733623e-08, 2.42167335074e-08, 2.54287382262e-08, 2.20747899959e-08, 1.38864919563e-08, 1.48502588004e-08, 1.33562698679e-08, 1.43009417641e-08, 9.76996439306e-09, 7.08729830379e-09, 6.91441970346e-09, 6.04981664765e-09, 7.12588166252e-09, 7.95333665593e-09, 8.25276202931e-09, 7.98744625996e-09, 9.73488489819e-09, 9.15451714434e-09, 6.65781518805e-09, 6.23548235268e-09, 7.69756614005e-09],
        "stdev": [0.000415654561948, 0.000429943058407, 0.00142176565714, 0.000523733731825, 0.000685713021085, 0.000444571807748, 0.00056088186102, 0.000488605117425, 0.000662004633341, 0.000538512365893, 0.000524502887856, 0.000775478954893, 0.000710307038389, 0.000582330394536, 0.000458013440948, 0.000241796456976, 0.000146201302414, 0.000128538944409, 0.000145543293911, 0.000126394355902, 0.00013824031339, 8.53560268297e-05, 3.79474113288e-05, 2.73992736766e-05, 1.74850920303e-05, 1.27767643789e-05, 1.19386413644e-05, 1.46170932567e-05, 2.95662193821e-05, 3.17713274853e-05, 2.34478447965e-05, 2.29306861002e-05, 2.40542467509e-05, 2.24531795538e-05, 2.03958661587e-05, 1.16105811685e-05, 7.46217256165e-06, 2.86591921395e-06, 2.5458239179e-06, 3.73880379811e-06]
    },
    "melbands128": {
        "max": [0.00108315981925, 0.00473998580128, 0.00491010118276, 0.00410374812782, 0.00436583952978, 0.00708144763485, 0.0248894840479, 0.0284934807569, 0.015920644626, 0.00644287467003, 0.00422512413934, 0.0110972058028, 0.0139711173251, 0.00820058770478, 0.0091645186767, 0.0101185664535, 0.011114760302, 0.0179435200989, 0.0148899788037, 0.00565600767732, 0.00951397232711, 0.00909638684243, 0.0180094093084, 0.00735872797668, 0.0064302845858, 0.0142986485735, 0.013001171872, 0.0149009525776, 0.0112666059285, 0.0143448747694, 0.0277428161353, 0.0101730963215, 0.0157460980117, 0.00849071610719, 0.0125893801451, 0.0102197648957, 0.00683314679191, 0.0120319966227, 0.0140810236335, 0.00717996107414, 0.00498861027882, 0.00253534456715, 0.00407333206385, 0.00288251345046, 0.00387814966962, 0.0028512342833, 0.00303528108634, 0.00556534994394, 0.00224920874462, 0.00395033368841, 0.00332731916569, 0.00322867697105, 0.00241640303284, 0.00301220733672, 0.00352320983075, 0.0018200223567, 0.000933508446906, 0.000587325193919, 0.000915743061341, 0.00057004095288, 0.000744903401937, 0.000522868533153, 0.000604433822446, 0.000314959470415, 0.000254929240327, 0.000300756742945, 0.00016033607244, 0.000415751419496, 0.000229324228712, 0.000403865764383, 0.00026342907222, 0.00062322546728, 0.000887548783794, 0.000962859136052, 0.0012661695946, 0.000682786863763, 0.000955612456892, 0.000810602970887, 0.000997392460704, 0.000445092300652, 0.000437843438704, 0.000926975568291, 0.000790748221334, 0.000403761892812, 0.000429662468378, 0.000465605262434, 0.000382919126423, 0.000725884921849, 0.000410884298617, 0.000512920436449, 0.000232138569118, 0.000339602527674, 0.000230114412261, 0.000246365263592, 0.000134777743369, 6.34849347989e-05, 4.55882909591e-05, 3.96115683543e-05, 4.69359656563e-05, 8.19908964331e-05, 0.000142318895087, 0.000101380326669, 7.68046738813e-05, 0.000101651945442, 6.62020684103e-05, 2.36084397329e-05, 2.18101922655e-05, 2.13725998037e-05, 1.14033146019e-05, 4.16700368078e-06, 1.44140585689e-06, 2.60296530996e-07, 1.78814460128e-07, 6.43948538936e-09, 6.13745587685e-09, 5.89881921087e-09, 5.64791635682e-09, 5.44335865271e-09, 5.27116172933e-09, 5.14792519724e-09, 4.95243668297e-09, 4.83776219085e-09, 4.74205119616e-09, 4.64400606859e-09, 4.58500037936e-09, 4.55117588061e-09, 4.48294024125e-09, 4.45172787522e-09],
        "mean": [8.1909034634e-05, 0.000321380270179, 0.000323282962199, 0.000230969264521, 0.000234045728575, 0.000310388160869, 0.00076382100815, 0.000984155922197, 0.00056837167358, 0.000362710183254, 0.000279569940176, 0.000387203588616, 0.000486217235448, 0.000339965772582, 0.000272590812529, 0.000253489677561, 0.00028038531309, 0.00024496554397, 0.00019891015836, 0.000142244636663, 0.00036741909571, 0.000442469172413, 0.000279487809166, 0.00022041478951, 0.000213324805372, 0.000334232463501, 0.000205497883144, 0.000245417410042, 0.000334056356223, 0.000289024406811, 0.000383295351639, 0.000324126740452, 0.000324141234159, 0.000417683098931, 0.000347269204212, 0.000239152184804, 0.00014851121523, 0.000207925128052, 0.000147657163325, 0.000112407222332, 0.000126826562337, 6.99369775248e-05, 6.90902452334e-05, 7.40700124879e-05, 8.82060267031e-05, 6.49460416753e-05, 4.89405756525e-05, 7.9353529145e-05, 5.11914913659e-05, 3.8028403651e-05, 5.69727635593e-05, 8.71272059157e-05, 8.47598275868e-05, 5.60835323995e-05, 4.13529014622e-05, 4.95599451824e-05, 3.32397357852e-05, 1.50744735947e-05, 2.12883387576e-05, 2.69587380899e-05, 1.6308404156e-05, 1.33979547172e-05, 1.52934553626e-05, 1.03683041743e-05, 1.31808310471e-05, 8.20016430225e-06, 6.71911402605e-06, 8.47433875606e-06, 8.97134941624e-06, 7.44292265153e-06, 6.24473750577e-06, 8.46745297167e-06, 6.86729435984e-06, 7.04365265847e-06, 6.2142707975e-06, 6.01973533776e-06, 6.18533431407e-06, 6.18334843239e-06, 4.44352235718e-06, 4.37401467934e-06, 5.52766005057e-06, 6.33173067399e-06, 5.61448268854e-06, 4.26343331128e-06, 4.02450632464e-06, 4.256228749e-06, 4.55454755866e-06, 4.71301791549e-06, 4.56010047856e-06, 3.32877061737e-06, 2.77347771771e-06, 2.71294447884e-06, 2.37503377321e-06, 2.00917088478e-06, 1.91651315617e-06, 1.4387550209e-06, 1.19829962841e-06, 1.13973226235e-06, 1.2359126913e-06, 1.20472702747e-06, 1.4063305116e-06, 1.30710827762e-06, 1.20932770642e-06, 1.28335955196e-06, 1.13299063287e-06, 7.25938207324e-07, 5.21009155818e-07, 3.63364392797e-07, 2.23769092145e-07, 1.09853239394e-07, 4.32858442423e-08, 1.07728466148e-08, 3.52339990517e-10, 1.05343988741e-11, 9.76090736016e-12, 9.20686270278e-12, 8.71946785608e-12, 8.28503064765e-12, 7.95952279781e-12, 7.70961679913e-12, 7.42708585605e-12, 7.24141536665e-12, 7.04945954041e-12, 6.86937355956e-12, 6.76907054714e-12, 6.70278676312e-12, 6.63349670332e-12, 6.56376472272e-12],
        "min": [1.30901298689e-08, 6.57981445329e-07, 3.7393643737e-08, 1.2664445137e-07, 1.40321560593e-07, 5.55631984867e-08, 1.78348187774e-07, 1.90621904039e-07, 5.38554104423e-07, 4.53176141946e-07, 2.12946815736e-07, 1.1305292702e-07, 6.43411652845e-08, 7.1796094403e-08, 5.6639191115e-08, 7.87319436313e-08, 2.31160413477e-07, 2.27032046496e-07, 1.0788319571e-07, 6.10670767287e-08, 4.2152873192e-08, 7.38195709005e-08, 6.59975096795e-09, 6.53117524507e-08, 7.30021056938e-08, 2.64840416264e-08, 2.87167729596e-08, 7.70174182207e-08, 1.85403461472e-08, 5.07055766263e-08, 9.14212137104e-08, 9.81057013405e-08, 1.67976743626e-08, 1.02027541971e-07, 4.3673775707e-08, 8.00002624146e-08, 5.32205142179e-08, 2.49901486171e-08, 2.11873576461e-08, 3.13294705734e-08, 4.11746228224e-08, 5.39521494147e-08, 3.10483230237e-08, 2.30272743096e-08, 2.20886651192e-08, 1.40461047238e-08, 5.57102941556e-09, 3.14333647999e-09, 1.97476950348e-08, 1.14461586875e-08, 1.53946562165e-08, 3.07107903552e-08, 5.43880407378e-09, 1.69509277725e-08, 1.20929151137e-08, 1.97970795313e-08, 7.67116770106e-09, 1.1666493549e-08, 2.85986878623e-09, 7.62412266653e-09, 1.2679761241e-08, 1.06671418365e-08, 1.0207587664e-08, 5.24258814139e-09, 7.64762742023e-09, 2.98680058464e-09, 7.62844631907e-09, 7.92427989893e-09, 1.0025526187e-08, 7.56231166577e-09, 9.57480317254e-09, 4.51154669179e-09, 2.39564323934e-09, 4.98087437961e-09, 4.5552508432e-09, 4.63702276576e-09, 2.14519424446e-09, 5.79202952267e-09, 2.10376382981e-09, 4.01124244931e-09, 4.52676118812e-09, 5.6220130773e-09, 5.69251445981e-09, 5.02289099202e-09, 5.80724268673e-09, 6.13841377728e-09, 4.12169587349e-09, 4.94485297153e-09, 4.39921610251e-09, 5.81748427209e-09, 7.54377094125e-09, 5.45190648182e-09, 8.32337576639e-09, 6.79356393363e-09, 3.84743881199e-09, 3.7175984513e-09, 4.43813297224e-09, 4.84683226887e-09, 6.45245012976e-09, 3.50375617408e-09, 4.98934538129e-09, 5.33844746187e-09, 4.92579488309e-09, 6.62691057585e-09, 4.40546665814e-09, 6.48592379804e-09, 6.14411233002e-09, 5.33829469518e-09, 5.87253490281e-09, 2.9928173273e-09, 5.30377304575e-11, 1.2163497206e-12, 3.86124753048e-13, 3.66534764779e-13, 3.63328291064e-13, 3.09434877895e-13, 3.13186081886e-13, 3.23442146547e-13, 3.178120744e-13, 3.12493547748e-13, 3.73369087384e-13, 2.82456810762e-13, 3.34107849893e-13, 2.96376801139e-13, 3.61383422102e-13, 2.8273030076e-13, 4.00982171729e-13, 3.38750322281e-13],
        "stdev": [9.74994181888e-05, 0.000534420658369, 0.000539395026863, 0.00036280308268, 0.000358834658982, 0.000553673773538, 0.00174724496901, 0.00210101529956, 0.00111781817395, 0.000579177110922, 0.000427956489148, 0.000667257234454, 0.00106772093568, 0.000721841584891, 0.000496194523294, 0.000573464669287, 0.000686738407239, 0.000826550240163, 0.000645295309369, 0.000344513566233, 0.000911086273845, 0.00107742962427, 0.00102608790621, 0.000584722321946, 0.000577054161113, 0.000984738464467, 0.000606918300036, 0.000756420136895, 0.00087102712132, 0.000944684201386, 0.00135988730472, 0.000974872615188, 0.00108163768891, 0.00105087715201, 0.000953682989348, 0.000783163879532, 0.000517667154782, 0.00070697942283, 0.000612765608821, 0.000362841470633, 0.000344204891007, 0.00021443971491, 0.000225905736443, 0.000186853329069, 0.00022782474116, 0.000175838475116, 0.000176391244167, 0.000289243151201, 0.000123935751617, 0.000164522920386, 0.000182828516699, 0.000220656278543, 0.000235259940382, 0.000177572161192, 0.000132230270538, 0.000135957074235, 7.96286767581e-05, 4.24298232247e-05, 5.51381745026e-05, 5.18800479767e-05, 3.97816947952e-05, 2.95339559671e-05, 3.38785976055e-05, 1.60354757099e-05, 2.62286193902e-05, 1.72183281393e-05, 1.08791618914e-05, 1.60588260769e-05, 1.45355706991e-05, 1.63425029314e-05, 1.32007671709e-05, 2.09690551856e-05, 2.47936732194e-05, 3.57194803655e-05, 4.04883285228e-05, 3.30563816533e-05, 3.21449842886e-05, 3.0152288673e-05, 2.68556359515e-05, 1.99765363504e-05, 1.95747179532e-05, 2.82268229057e-05, 3.18986603816e-05, 2.28219705605e-05, 2.25739913731e-05, 2.26282609219e-05, 2.28349672398e-05, 2.80766089418e-05, 2.26794691116e-05, 1.76292978722e-05, 1.2143244021e-05, 1.20165095723e-05, 9.77859417617e-06, 9.07521916815e-06, 5.91758362134e-06, 3.27187581206e-06, 2.70957957582e-06, 2.43579233938e-06, 2.38546067521e-06, 3.04252648675e-06, 4.5821770982e-06, 4.18577428718e-06, 3.77705487153e-06, 3.46357364833e-06, 2.88567775897e-06, 1.78345544555e-06, 1.22201345221e-06, 1.03358922843e-06, 5.94629284478e-07, 2.51506804716e-07, 7.40802974519e-08, 1.68071423445e-08, 4.1043932697e-09, 1.67911337612e-10, 1.54121229667e-10, 1.43968226229e-10, 1.3545244093e-10, 1.28607111072e-10, 1.23222737569e-10, 1.19288870448e-10, 1.14048076538e-10, 1.10954169463e-10, 1.0837566955e-10, 1.05846872933e-10, 1.04243898236e-10, 1.03292006892e-10, 1.01674960118e-10, 1.0087491259e-10]
    },
    "mfcc": {
        "mean": [-621.79510498, 105.548461914, -9.37196445465, 3.41445565224, -1.96543216705, -0.050667218864, -1.18673336506, 3.15279555321, -1.68605232239, -3.1336812973, -5.91363477707, -2.31825494766, -0.247623234987],
        "cov": [[3264.44702148, -477.409393311, -411.439941406, -66.8185577393, -85.4572143555, 0.0178121440113, -69.3135910034, 29.4559459686, 69.3731994629, -25.6406860352, 21.4051589966, -10.5087032318, 2.52086997032], [-477.409393311, 932.357421875, -98.2626876831, -146.591201782, 11.0125112534, -82.6549835205, 139.149841309, -39.2658653259, -106.154045105, 9.24918079376, -15.0248041153, -35.0341758728, -24.4611473083], [-411.439941406, -98.2626876831, 620.446533203, 242.707321167, 101.452140808, 73.0484390259, -98.1811141968, -25.3509635925, 23.0495357513, -25.2866077423, 16.3337020874, 6.9703707695, 17.5982017517], [-66.8185577393, -146.591201782, 242.707321167, 329.049713135, 118.378250122, 11.1418495178, -117.14478302, -6.67365026474, 81.5086593628, -13.3739557266, -10.6313419342, 24.6274394989, 20.970823288], [-85.4572143555, 11.0125112534, 101.452140808, 118.378250122, 162.785476685, 15.282951355, -64.4338607788, -16.1855812073, 34.0567474365, 3.8886051178, -2.27394556999, 7.34296798706, 10.5853996277], [0.0178121440113, -82.6549835205, 73.0484390259, 11.1418495178, 15.282951355, 218.646133423, 108.140708923, 5.6088681221, -6.92490243912, -2.57911920547, 29.3308639526, -15.6726369858, -3.23886394501], [-69.3135910034, 139.149841309, -98.1811141968, -117.14478302, -64.4338607788, 108.140708923, 248.695755005, 41.1837615967, -52.0793952942, 7.03244304657, 21.5934371948, -18.2745761871, -6.10820817947], [29.4559459686, -39.2658653259, -25.3509635925, -6.67365026474, -16.1855812073, 5.6088681221, 41.1837615967, 108.662086487, 51.0269165039, 0.925023853779, -6.03428077698, 9.42220973969, 10.2981643677], [69.3731994629, -106.154045105, 23.0495357513, 81.5086593628, 34.0567474365, -6.92490243912, -52.0793952942, 51.0269165039, 127.660400391, 11.1231012344, -15.7937393188, 8.57688999176, 10.9187202454], [-25.6406860352, 9.24918079376, -25.2866077423, -13.3739557266, 3.8886051178, -2.57911920547, 7.03244304657, 0.925023853779, 11.1231012344, 73.3687896729, 25.1740703583, -0.612297296524, -14.1297903061], [21.4051589966, -15.0248041153, 16.3337020874, -10.6313419342, -2.27394556999, 29.3308639526, 21.5934371948, -6.03428077698, -15.7937393188, 25.1740703583, 75.0635986328, 16.5346717834, -6.68261623383], [-10.5087032318, -35.0341758728, 6.9703707695, 24.6274394989, 7.34296798706, -15.6726369858, -18.2745761871, 9.42220973969, 8.57688999176, -0.612297296524, 16.5346717834, 71.5577163696, 25.1209011078], [2.52086997032, -24.4611473083, 17.5982017517, 20.970823288, 10.5853996277, -3.23886394501, -6.10820817947, 10.2981643677, 10.9187202454, -14.1297903061, -6.68261623383, 25.1209011078, 61.1981697083]],
        "icov": [[0.000393481634092, 0.000171868465259, 0.000366123596905, -5.11931575602e-05, 0.000108543448732, -9.70143300947e-05, 0.000219509660383, 2.21639488984e-08, -0.00014105005539, 0.000347022927599, -0.00040656249621, 0.000295685749734, -9.77370145847e-05], [0.000171868465259, 0.00177176378202, -8.01020869403e-05, 0.000514794257469, -0.00127503939439, 0.00164181401487, -0.00180381874088, 0.000762620649766, 0.000423793040682, 9.8844859167e-05, 0.000293810036965, 0.000409088883316, 0.000358163495548], [0.000366123596905, -8.01020869403e-05, 0.00298193236813, -0.00191170233302, 0.000174054162926, -0.00139098695945, 0.00148527265992, -0.000524252362084, 0.000863575667609, 0.000836245133542, -0.00131729838904, 0.000927299319301, -0.000602244166657], [-5.11931575602e-05, 0.000514794257469, -0.00191170233302, 0.00669285003096, -0.00289376731962, 0.000259880471276, 0.000224060102482, 0.00116907223128, -0.00295412936248, 0.000815651495941, 0.000780439178925, -0.00151423807256, 0.000226262636716], [0.000108543448732, -0.00127503939439, 0.000174054162926, -0.00289376731962, 0.0100353267044, -0.00260114925914, 0.00294288014993, 0.000431078951806, -0.0008833152242, -0.00127236905973, -0.000129023654154, 8.58782732394e-05, -0.00141034298576], [-9.70143300947e-05, 0.00164181401487, -0.00139098695945, 0.000259880471276, -0.00260114925914, 0.00936495233327, -0.00649962108582, 0.00222568027675, -0.00137805542909, 0.00143382127862, -0.0020806605462, 0.00166200427338, 0.000560958287679], [0.000219509660383, -0.00180381874088, 0.00148527265992, 0.000224060102482, 0.00294288014993, -0.00649962108582, 0.0112124178559, -0.00553631782532, 0.00363124185242, -0.00100551417563, -0.00103220413439, 0.00111004698556, -0.00148459267803], [2.21639488984e-08, 0.000762620649766, -0.000524252362084, 0.00116907223128, 0.000431078951806, 0.00222568027675, -0.00553631782532, 0.0156518984586, -0.0083913737908, 0.00128496298566, 0.000633751566056, -0.00199676817283, -0.000405538274208], [-0.00014105005539, 0.000423793040682, 0.000863575667609, -0.00295412936248, -0.0008833152242, -0.00137805542909, 0.00363124185242, -0.0083913737908, 0.0157180260867, -0.00408997153863, 0.00274666561745, 0.000720694195479, -0.000951050140429], [0.000347022927599, 9.8844859167e-05, 0.000836245133542, 0.000815651495941, -0.00127236905973, 0.00143382127862, -0.00100551417563, 0.00128496298566, -0.00408997153863, 0.0180918816477, -0.0071984953247, 0.000932880095206, 0.00322251114994], [-0.00040656249621, 0.000293810036965, -0.00131729838904, 0.000780439178925, -0.000129023654154, -0.0020806605462, -0.00103220413439, 0.000633751566056, 0.00274666561745, -0.0071984953247, 0.0197765678167, -0.00676552485675, 0.00273267738521], [0.000295685749734, 0.000409088883316, 0.000927299319301, -0.00151423807256, 8.58782732394e-05, 0.00166200427338, 0.00111004698556, -0.00199676817283, 0.000720694195479, 0.000932880095206, -0.00676552485675, 0.0197926424444, -0.00785306561738], [-9.77370145847e-05, 0.000358163495548, -0.000602244166657, 0.000226262636716, -0.00141034298576, 0.000560958287679, -0.00148459267803, -0.000405538274208, -0.000951050140429, 0.00322251114994, 0.00273267738521, -0.00785306561738, 0.0212125647813]]
    },
    "spectral_contrast_coeffs": {
        "max": [-0.39657241106, -0.451881051064, -0.43695011735, -0.542564630508, -0.62162643671, -0.591216206551],
        "mean": [-0.693288981915, -0.756130099297, -0.719510793686, -0.746849954128, -0.776055693626, -0.78714710474],
        "min": [-0.886535584927, -0.92785102129, -0.902242958546, -0.906549572945, -0.903326451778, -0.883225500584],
        "stdev": [0.0789427012205, 0.0784528255463, 0.0862219333649, 0.0626280233264, 0.041184514761, 0.0327009409666]
    },
    "spectral_contrast_valleys": {
        "max": [-5.35251998901, -4.93064069748, -4.87547636032, -5.73504590988, -5.93258666992, -7.38094329834],
        "mean": [-7.09208440781, -6.60985612869, -7.094435215, -7.47979402542, -7.48342466354, -9.68108272552],
        "min": [-9.546002388, -9.02090167999, -9.8082408905, -9.92760753632, -9.94257736206, -11.7521800995],
        "stdev": [0.765774488449, 0.654663562775, 0.649868667126, 0.619237780571, 0.64055287838, 0.67780059576]
    }
},
"rhythm": {
    "beats_count": 93,
    "beats_loudness": {
        "max": 0.0655244737864,
        "mean": 0.0318849533796,
        "min": 0.00170314242132,
        "stdev": 0.0130531620234
    },
    "bpm": 122.040519714,
    "bpm_histogram_first_peak_bpm": 123,
    "bpm_histogram_first_peak_weight": 0.483870923519,
    "bpm_histogram_second_peak_bpm": 117,
    "bpm_histogram_second_peak_spread": 0.437499940395,
    "bpm_histogram_second_peak_weight": 0.0978260859847,
    "danceability": 1.33069229126,
    "onset_rate": 3.43677377701,
    "beats_loudness_band_ratio": {
        "max": [0.730569720268, 0.612275719643, 0.673811078072, 0.82053476572, 0.464054644108, 0.973314702511],
        "mean": [0.122495740652, 0.165423333645, 0.202819496393, 0.315979480743, 0.140800237656, 0.0918432176113],
        "min": [0.00257994420826, 0.00107763172127, 0.00106396223418, 0.00136515905615, 0.00421876925975, 0.00129655760247],
        "stdev": [0.154880583286, 0.133936151862, 0.151331350207, 0.251315295696, 0.113783843815, 0.184680819511]
    },
