{
"metadata": {
    "version": {
        "essentia": "2.1-beta5",
        "essentia_git_sha": "Undefined",
        "extractor": "music 2.0"
    },
    "audio_properties": {
        "analysis": {
            "equal_loudness": 0,
            "length": 12.7477550507,
            "sample_rate": 44100,
            "start_time": 0,
            "downmix": "mix"
        },
        "bit_rate": 192000,
        "length": 159.730072021,
        "lossless": 0,
        "number_channels": 2,
        "replay_gain": -1.93419837952,
        "sample_rate": 44100,
        "codec": "mp3",
        "md5_encoded": "7060ce22a83a0fc74bf67cc04358bc47"
    },
    "tags": {
        "file_name": "Belgium_Goeie Morgen, Morgen_Lily Castel and Jacques Raymond.mp3",
        "encoding": ["Lavf58.29.100"]
    }
},
"lowlevel": {
    "average_loudness": 0.882818937302,
    "barkbands_crest": {
        "max": 19.2335186005,
        "mean": 8.63287067413,
        "min": 2.45508551598,
        "stdev": 3.01716542244
    },
    "barkbands_flatness_db": {
        "max": 0.225460916758,
        "mean": 0.11553247273,
        "min": 0.0408294461668,
        "stdev": 0.0317944176495
    },
    "barkbands_kurtosis": {
        "max": 10.0970659256,
        "mean": 1.23355448246,
        "min": -1.71716201305,
        "stdev": 1.92392098904
    },
    "barkbands_skewness": {
        "max": 3.05349040031,
        "mean": 0.908482432365,
        "min": -1.94232642651,
        "stdev": 0.677774369717
    },
    "barkbands_spread": {
        "max": 100.460266113,
        "mean": 35.3047142029,
        "min": 4.02267980576,
        "stdev": 26.2813663483
    },
    "dissonance": {
        "max": 0.499998241663,
        "mean": 0.461605906487,
        "min": 0.316575676203,
        "stdev": 0.0339250452816
    },
    "dynamic_complexity": 6.93487453461,
    "erbbands_crest": {
        "max": 22.4207401276,
        "mean": 8.16348648071,
        "min": 2.11909794807,
        "stdev": 4.61597108841
    },
    "erbbands_flatness_db": {
        "max": 0.288219720125,
        "mean": 0.147980570793,
        "min": 0.0497769378126,
        "stdev": 0.0664788335562
    },
    "erbbands_kurtosis": {
        "max": 14.7760505676,
        "mean": 0.851041555405,
        "min": -1.58512580395,
        "stdev": 2.08051609993
    },
    "erbbands_skewness": {
        "max": 2.53591752052,
        "mean": 0.313693374395,
        "min": -2.23286628723,
        "stdev": 0.790194094181
    },
    "erbbands_spread": {
        "max": 115.486000061,
        "mean": 44.0199241638,
        "min": 5.13331031799,
        "stdev": 30.7690048218
    },
    "hfc": {
        "max": 186.671310425,
        "mean": 22.885679245,
        "min": 1.15803604926e-16,
        "stdev": 25.977432251
    },
    "loudness_ebu128": {
        "integrated": -21.340795517,
        "loudness_range": 16.0470561981,
        "momentary": {
            "max": -17.5452003479,
            "mean": -26.4248065948,
            "min": -39.7962265015,
            "stdev": 7.30129241943
        },
        "short_term": {
            "max": -20.4204692841,
            "mean": -24.0988864899,
            "min": -37.5046844482,
            "stdev": 5.26053476334
        }
    },
    "melbands_crest": {
        "max": 31.7463188171,
        "mean": 13.6016349792,
        "min": 2.19188499451,
        "stdev": 5.8763885498
    },
    "melbands_flatness_db": {
        "max": 0.248555913568,
        "mean": 0.147284582257,
        "min": 0.00577913131565,
        "stdev": 0.0367695763707
    },
    "melbands_kurtosis": {
        "max": 65.7146530151,
        "mean": 9.39131832123,
        "min": -1.2111877203,
        "stdev": 11.5091505051
    },
    "melbands_skewness": {
        "max": 7.52542543411,
        "mean": 2.08101582527,
        "min": -0.86688709259,
        "stdev": 1.79657959938
    },
    "melbands_spread": {
        "max": 156.476364136,
        "mean": 29.5819721222,
        "min": 8.97342586517,
        "stdev": 16.8583450317
    },
    "pitch_salience": {
        "max": 0.835584282875,
        "mean": 0.623339116573,
        "min": 0.320546925068,
        "stdev": 0.0831016972661
    },
    "silence_rate_20dB": {
        "max": 1,
        "mean": 1,
        "min": 1,
        "stdev": 0
    },
    "silence_rate_30dB": {
        "max": 1,
        "mean": 0.994545459747,
        "min": 0,
        "stdev": 0.073653422296
    },
    "silence_rate_60dB": {
        "max": 1,
        "mean": 0.345454543829,
        "min": 0,
        "stdev": 0.475516170263
    },
    "spectral_centroid": {
        "max": 11080.9541016,
        "mean": 1694.91638184,
        "min": 675.072875977,
        "stdev": 748.131652832
    },
    "spectral_complexity": {
        "max": 49,
        "mean": 14.0618181229,
        "min": 0,
        "stdev": 10.9774904251
    },
    "spectral_decrease": {
        "max": 6.29601484963e-29,
        "mean": -4.48780523854e-09,
        "min": -2.92925808054e-08,
        "stdev": 4.51949455638e-09
    },
    "spectral_energy": {
        "max": 0.127488613129,
        "mean": 0.0190138220787,
        "min": 1.02661030395e-20,
        "stdev": 0.0191641449928
    },
    "spectral_energyband_high": {
        "max": 0.022910842672,
        "mean": 0.000932415190618,
        "min": 7.61089850962e-21,
        "stdev": 0.00211384845898
    },
    "spectral_energyband_low": {
        "max": 0.0446061193943,
        "mean": 0.00134476681706,
        "min": 7.34126264629e-23,
        "stdev": 0.00296167936176
    },
    "spectral_energyband_middle_high": {
        "max": 0.0643827617168,
        "mean": 0.00882790610194,
        "min": 1.37663523347e-21,
        "stdev": 0.0109896818176
    },
    "spectral_energyband_middle_low": {
        "max": 0.0578337423503,
        "mean": 0.00817323010415,
        "min": 2.13496406621e-22,
        "stdev": 0.00886505097151
    },
    "spectral_entropy": {
        "max": 9.79697608948,
        "mean": 7.94067668915,
        "min": 6.55617427826,
        "stdev": 0.53457993269
    },
    "spectral_flux": {
        "max": 0.225199595094,
        "mean": 0.0608464255929,
        "min": 1.01321777357e-10,
        "stdev": 0.0383390411735
    },
    "spectral_kurtosis": {
        "max": 14.5875244141,
        "mean": 2.71770453453,
        "min": -1.20071399212,
        "stdev": 2.66708683968
    },
    "spectral_rms": {
        "max": 0.0111525394022,
        "mean": 0.00366122298874,
        "min": 3.16476077115e-12,
        "stdev": 0.00226837024093
    },
    "spectral_rolloff": {
        "max": 18820.0195312,
        "mean": 2819.32397461,
        "min": 150.732421875,
        "stdev": 2474.28491211
    },
    "spectral_skewness": {
        "max": 2.84816074371,
        "mean": 1.37110078335,
        "min": -0.00493365945294,
        "stdev": 0.491255044937
    },
    "spectral_spread": {
        "max": 40114256,
        "mean": 6536406,
        "min": 2580744.5,
        "stdev": 2804200.5
    },
    "spectral_strongpeak": {
        "max": 8.4474029541,
        "mean": 1.65391206741,
        "min": 0,
        "stdev": 1.78398561478
    },
    "zerocrossingrate": {
        "max": 0.5068359375,
        "mean": 0.101438209414,
        "min": 0.03662109375,
        "stdev": 0.0511287599802
    },
    "barkbands": {
        "max": [0.00162122608162, 0.00932459998876, 0.0337659716606, 0.0138484165072, 0.00916772242635, 0.0169767327607, 0.0149328401312, 0.0207478944212, 0.0485721975565, 0.030566342175, 0.045970376581, 0.0239267610013, 0.0255093537271, 0.00508671626449, 0.0095868865028, 0.00767595041543, 0.006900139153, 0.00329885398969, 0.00188988237642, 0.00364529294893, 0.00636548548937, 0.0049427789636, 0.00275068148039, 0.00516329426318, 0.00699679693207, 0.000424046826083, 4.70955001219e-06],
        "mean": [0.000165609584656, 0.000313739030389, 0.000756507390179, 0.000429387233453, 0.000792897422798, 0.00165425124578, 0.000517598236911, 0.00111272220965, 0.00340374279767, 0.00113492400851, 0.00272430363111, 0.00104009150527, 0.00181696738582, 0.000412729656091, 0.00067264540121, 0.000377894204576, 0.00041736770072, 0.000180993258255, 0.000113029127533, 0.000106945240987, 0.00018296680355, 0.000245505187195, 0.000119572563563, 0.000150796142407, 0.000146838909131, 2.3778546165e-05, 1.28982664549e-08],
        "min": [4.11621940546e-24, 4.602022039e-23, 2.37143641904e-23, 1.46499910911e-23, 3.35151878541e-23, 6.05781561466e-23, 6.81334036244e-24, 5.91230990515e-23, 3.01664606897e-23, 7.08658868491e-23, 4.82663724444e-23, 1.78683760304e-22, 1.17797986269e-22, 1.33205348516e-22, 7.55233973642e-23, 1.10005542517e-22, 1.44771841679e-22, 7.98789824118e-23, 2.37464424303e-22, 3.75037399039e-22, 4.15929651203e-22, 5.06190358672e-22, 6.46043103559e-22, 7.62745797482e-22, 1.19510968064e-21, 1.78363222768e-21, 2.31654959771e-21],
        "stdev": [0.000185467724805, 0.00062221562257, 0.00206452095881, 0.000895820441656, 0.00113869435154, 0.00242602988146, 0.00143030984327, 0.00285824132152, 0.00576520198956, 0.00270043849014, 0.00510522071272, 0.00233338656835, 0.00320752803236, 0.000689054199029, 0.00120946322568, 0.000650299189147, 0.000747372338083, 0.000350684626028, 0.000182005402166, 0.000255037768511, 0.000521380512509, 0.000500919879414, 0.000235197949223, 0.000449677347206, 0.000428600673331, 4.28245293733e-05, 2.08906499211e-07]
    },
    "erbbands": {
        "max": [0.26086807251, 2.98588824272, 34.1579437256, 43.5261993408, 26.1450443268, 33.1759796143, 47.3573074341, 192.153717041, 245.833602905, 224.156646729, 566.626342773, 1106.85131836, 474.55078125, 1598.36608887, 1216.92492676, 887.139892578, 953.500854492, 382.777618408, 776.107849121, 530.126342773, 454.159667969, 358.293365479, 136.208282471, 116.95401001, 58.3150672913, 133.486907959, 365.633453369, 180.00112915, 213.120483398, 144.8230896, 84.351020813, 119.984703064, 82.4065551758, 42.6062316895, 65.7609176636, 9.24391651154, 0.426462382078, 0.0130803296342, 0.00106783269439, 0.000233622777159],
        "mean": [0.0123015521094, 0.0741841495037, 0.711287140846, 1.13134419918, 1.93520069122, 3.22578167915, 6.4827208519, 16.3630638123, 6.93662309647, 10.6102972031, 37.8515129089, 83.0821914673, 36.0496253967, 75.8059997559, 94.4972000122, 45.5110359192, 80.0361862183, 34.3505401611, 37.8493995667, 26.5598812103, 22.6273937225, 19.7678756714, 10.9792823792, 7.52522563934, 4.9457359314, 4.90339231491, 6.87544727325, 8.18086242676, 9.2863073349, 5.46193599701, 3.14569807053, 3.16617894173, 2.39321374893, 1.60074782372, 1.07527267933, 0.228255882859, 0.0241809021682, 0.000680272409227, 4.49986437161e-05, 2.84567777271e-05],
        "min": [1.27789539461e-21, 1.02230637982e-20, 2.26174670109e-20, 3.48131045385e-20, 1.11385103983e-19, 7.95563507719e-20, 3.29576466592e-19, 5.6519235003e-19, 9.3129550981e-20, 3.89197551344e-19, 1.44858381431e-18, 8.63478590302e-19, 1.41918705611e-18, 1.95210509339e-18, 4.9417601999e-18, 6.02860521444e-18, 5.31213528225e-18, 5.07234513525e-18, 5.46863785415e-18, 4.38898889734e-18, 6.99859318308e-18, 8.77354493378e-18, 4.65137885945e-18, 8.30221493921e-18, 1.56399968412e-17, 1.53075479899e-17, 1.59958731018e-17, 1.85062537643e-17, 1.63122812666e-17, 1.77617399278e-17, 2.23280184458e-17, 1.57420527308e-17, 1.19904710155e-17, 1.07205105472e-17, 9.88297776931e-18, 6.60402844448e-18, 3.44454281846e-18, 1.37664670817e-18, 3.32558840441e-19, 3.23999957406e-20],
        "stdev": [0.018792912364, 0.184829339385, 1.94580709934, 2.6686630249, 2.92199349403, 4.95769500732, 8.49566078186, 26.6296157837, 16.3616847992, 24.7376060486, 77.4817733765, 140.338638306, 59.7821083069, 174.552993774, 148.619659424, 94.6784667969, 130.76008606, 52.5557174683, 64.5151672363, 44.5041351318, 38.9345359802, 38.8597145081, 19.2619953156, 13.1504869461, 7.7311258316, 11.5345563889, 23.9922122955, 18.4679584503, 19.1714324951, 11.4177017212, 6.60958957672, 9.32552433014, 6.98675680161, 4.01878404617, 3.5836212635, 0.565083384514, 0.0344769358635, 0.00106485723518, 7.16914364602e-05, 2.96150992654e-05]
    },
    "gfcc": {
        "mean": [-27.3703098297, 64.5462112427, -122.571533203, 25.1716365814, -74.0298080444, 32.6539916992, -45.4048347473, 12.4193840027, -28.3340129852, 5.41508674622, -21.6437416077, 3.34183120728, -6.83850431442],
        "cov": [[10202.6689453, 2029.09289551, -2874.42651367, -896.646850586, -740.450439453, 110.252304077, -129.579528809, -498.517242432, -68.4501495361, -588.010742188, -195.489730835, -356.393951416, 309.176269531], [2029.09289551, 1264.23596191, -1245.01477051, -608.439880371, -100.646858215, -114.692581177, 30.5675239563, -266.487121582, 76.5671005249, -279.461029053, -41.5563545227, -134.109741211, 141.935653687], [-2874.42651367, -1245.01477051, 1803.13195801, 769.328552246, 193.166870117, 70.8680496216, -40.7391967773, 335.715759277, -72.4330978394, 351.357696533, 17.7893314362, 169.285308838, -218.091140747], [-896.646850586, -608.439880371, 769.328552246, 480.68560791, 104.070335388, 53.4070091248, -16.085641861, 161.307830811, -50.2041511536, 145.073699951, 0.0958689004183, 53.6004638672, -104.026824951], [-740.450439453, -100.646858215, 193.166870117, 104.070335388, 196.237686157, -5.74398708344, 31.6536464691, 52.0151596069, -2.27144312859, 37.5865135193, 27.2415294647, 21.0805778503, -40.3246002197], [110.252304077, -114.692581177, 70.8680496216, 53.4070091248, -5.74398708344, 96.7931442261, 19.1830234528, 5.37661409378, -26.5984973907, 18.2211360931, -1.86694264412, 5.81342172623, 1.63819515705], [-129.579528809, 30.5675239563, -40.7391967773, -16.085641861, 31.6536464691, 19.1830234528, 78.3121795654, 18.9101581573, 9.89636802673, -11.6279401779, 6.41720628738, -9.60490608215, -0.117487519979], [-498.517242432, -266.487121582, 335.715759277, 161.307830811, 52.0151596069, 5.37661409378, 18.9101581573, 137.159484863, 11.3399686813, 70.938835144, 0.819974184036, 21.2105903625, -56.6117591858], [-68.4501495361, 76.5671005249, -72.4330978394, -50.2041511536, -2.27144312859, -26.5984973907, 9.89636802673, 11.3399686813, 55.7989082336, 2.73562073708, -3.46495294571, -10.7581930161, 2.64321565628], [-588.010742188, -279.461029053, 351.357696533, 145.073699951, 37.5865135193, 18.2211360931, -11.6279401779, 70.938835144, 2.73562073708, 118.856658936, 29.1630725861, 46.0861129761, -45.5791435242], [-195.489730835, -41.5563545227, 17.7893314362, 0.0958689004183, 27.2415294647, -1.86694264412, 6.41720628738, 0.819974184036, -3.46495294571, 29.1630725861, 62.7279205322, 33.3380661011, 3.16737866402], [-356.393951416, -134.109741211, 169.285308838, 53.6004638672, 21.0805778503, 5.81342172623, -9.60490608215, 21.2105903625, -10.7581930161, 46.0861129761, 33.3380661011, 78.8089065552, 7.48507785797], [309.176269531, 141.935653687, -218.091140747, -104.026824951, -40.3246002197, 1.63819515705, -0.117487519979, -56.6117591858, 2.64321565628, -45.5791435242, 3.16737866402, 7.48507785797, 75.8130187988]],
        "icov": [[0.000628756824881, -0.00116395356599, 0.0016080198111, -0.00131029810291, 0.00152639555745, -0.00167809892446, 0.00178208027501, -0.00235599488951, 0.00269283703528, -0.00123916426674, 0.000795667117927, -0.000444886740297, 0.000706254679244], [-0.00116395356599, 0.00606015557423, -0.00198452663608, 0.00380018097349, -0.00369849381968, 0.00509323738515, -0.00429976778105, 0.00744407670572, -0.00737285753712, 0.00479021202773, -0.000159985866048, 0.00112889683805, -0.000586449168622], [0.0016080198111, -0.00198452663608, 0.0084675848484, -0.00550880702212, 0.00332529959269, -0.00288779754192, 0.00413217768073, -0.00745310122147, 0.00975239090621, -0.0084639582783, 0.00672774715349, -0.00576263898984, 0.00508878706023], [-0.00131029810291, 0.00380018097349, -0.00550880702212, 0.0114645864815, -0.00496465153992, 0.0023755079601, -0.00217036530375, 0.0024312667083, -0.00229968992062, 0.00268116104417, -0.000689444306772, 0.00335154426284, -0.00137694831938], [0.00152639555745, -0.00369849381968, 0.00332529959269, -0.00496465153992, 0.0113190133125, -0.00294062448665, 0.0010261622956, -0.00575303565711, 0.00623494759202, -0.00185417674948, -0.00154980970547, -0.00210090097971, 0.00418278528377], [-0.00167809892446, 0.00509323738515, -0.00288779754192, 0.0023755079601, -0.00294062448665, 0.0219480413944, -0.0128326695412, 0.00923163164407, 0.00116168824024, -0.0036512624938, 0.00284810853191, 0.00239577633329, -0.00549561483786], [0.00178208027501, -0.00429976778105, 0.00413217768073, -0.00217036530375, 0.0010261622956, -0.0128326695412, 0.0255508422852, -0.0139682274312, 0.0035598995164, 0.00247957441024, -0.00340276956558, 0.00121945457067, 0.00151193048805], [-0.00235599488951, 0.00744407670572, -0.00745310122147, 0.0024312667083, -0.00575303565711, 0.00923163164407, -0.0139682274312, 0.0315957888961, -0.0207836814225, 0.00663499021903, -0.00116875662934, 0.000552563345991, 0.00258739665151], [0.00269283703528, -0.00737285753712, 0.00975239090621, -0.00229968992062, 0.00623494759202, 0.00116168824024, 0.0035598995164, -0.0207836814225, 0.0483384467661, -0.0239434875548, 0.0116875031963, 0.000281504413579, -0.00109864561819], [-0.00123916426674, 0.00479021202773, -0.0084639582783, 0.00268116104417, -0.00185417674948, -0.0036512624938, 0.00247957441024, 0.00663499021903, -0.0239434875548, 0.0403370223939, -0.0172916222364, -0.00187380099669, 0.0054601226002], [0.000795667117927, -0.000159985866048, 0.00672774715349, -0.000689444306772, -0.00154980970547, 0.00284810853191, -0.00340276956558, -0.00116875662934, 0.0116875031963, -0.0172916222364, 0.0330256856978, -0.0130822984502, 0.00280701764859], [-0.000444886740297, 0.00112889683805, -0.00576263898984, 0.00335154426284, -0.00210090097971, 0.00239577633329, 0.00121945457067, 0.000552563345991, 0.000281504413579, -0.00187380099669, -0.0130822984502, 0.0313381589949, -0.0167162902653], [0.000706254679244, -0.000586449168622, 0.00508878706023, -0.00137694831938, 0.00418278528377, -0.00549561483786, 0.00151193048805, 0.00258739665151, -0.00109864561819, 0.0054601226002, 0.00280701764859, -0.0167162902653, 0.0332896783948]]
    },
    "melbands": {
        "max": [0.00271679135039, 0.0121237449348, 0.00676102098078, 0.00226822588593, 0.00148693122901, 0.00379840703681, 0.00354502745904, 0.00298434845172, 0.00453354138881, 0.00828638952225, 0.00240857200697, 0.00587957631797, 0.00361097115092, 0.00200315401889, 0.00357587286271, 0.00346584641375, 0.000360880803782, 0.00143351207953, 0.000776227971073, 0.000491820741445, 0.00061183917569, 0.000486287812237, 0.000183337993803, 0.000116679970233, 9.67683372437e-05, 8.17311592982e-05, 4.44156030426e-05, 9.54550559982e-05, 0.000303951994283, 0.000123998499475, 9.68792301137e-05, 0.00014083388669, 0.000118082738481, 6.60301957396e-05, 5.30063371116e-05, 4.7181489208e-05, 8.31635843497e-05, 7.42537376937e-05, 3.64890511264e-05, 3.91315661545e-05],
        "mean": [0.000107032690721, 0.000266812712653, 0.000229821205721, 0.000185342782061, 0.000212763814488, 0.000340013415553, 0.00010933651356, 0.000126488608657, 0.000349836336682, 0.000530785822775, 0.000165053090313, 0.000281396583887, 0.000349614419974, 0.000127425621031, 0.000126567698317, 0.000202643568628, 4.26877231803e-05, 5.83450237173e-05, 4.84354095533e-05, 2.90562038572e-05, 2.6479961889e-05, 2.4688857593e-05, 1.08718913907e-05, 8.39327731228e-06, 5.92816286371e-06, 3.91910270992e-06, 3.16342857332e-06, 3.16510795528e-06, 4.44935722044e-06, 3.90748300561e-06, 5.12707538292e-06, 5.66779772271e-06, 3.98221664e-06, 2.68839357886e-06, 1.84576560969e-06, 1.6517608401e-06, 2.02709247787e-06, 1.7155155092e-06, 1.44131558955e-06, 1.31341505494e-06],
        "min": [1.23870504989e-23, 1.27701915631e-23, 9.61104502913e-24, 6.4995362275e-24, 9.92202898633e-24, 1.1609751928e-23, 1.21909045736e-24, 6.25898413851e-24, 1.05852188273e-23, 4.74064462157e-24, 7.63270336342e-24, 8.38478599552e-24, 1.11430105405e-23, 2.0559297645e-23, 1.52848363709e-23, 9.4314639995e-24, 1.01278207084e-23, 9.9660663575e-24, 6.51953148487e-24, 5.92476349449e-24, 8.7186461301e-24, 9.80224124673e-24, 5.14027406197e-24, 3.10881089733e-24, 6.99846708423e-24, 1.02907662393e-23, 1.22332226224e-23, 1.01132062713e-23, 1.13989959042e-23, 8.84146388443e-24, 1.12422863188e-23, 9.32004055208e-24, 9.48764194001e-24, 9.4406108417e-24, 1.35999667392e-23, 9.47006138587e-24, 9.57575770312e-24, 7.30795062798e-24, 1.01166259833e-23, 8.40449095207e-24],
        "stdev": [0.00017402668891, 0.000710901163984, 0.000459349626908, 0.000269558920991, 0.00027005103766, 0.000533531303518, 0.000265030976152, 0.000306202069623, 0.000664838647936, 0.000976210983936, 0.000292906071991, 0.000679625896737, 0.00057727843523, 0.000233778264374, 0.000329523521941, 0.000411153043387, 5.54102116439e-05, 0.000107228741399, 9.21129394555e-05, 4.67453792226e-05, 5.02719522046e-05, 5.19926288689e-05, 2.0271179892e-05, 1.47886494233e-05, 1.08024687506e-05, 6.99307338436e-06, 5.22166783412e-06, 8.02546583145e-06, 1.77997790161e-05, 1.02937865449e-05, 1.1398321476e-05, 1.13783908091e-05, 9.27155087993e-06, 5.48551088286e-06, 4.05746004617e-06, 4.04477987104e-06, 6.56044039715e-06, 5.29145881956e-06, 3.94174230678e-06, 3.34901233146e-06]
    },
    "melbands128": {
        "max": [0.00155160599388, 0.00168774405029, 0.00465811183676, 0.00491124251857, 0.0176088642329, 0.0146036762744, 0.0101926531643, 0.00547695113346, 0.00277311820537, 0.00263777654618, 0.00193683058023, 0.00184083892964, 0.00170781440102, 0.0041612656787, 0.00734550319612, 0.00399819668382, 0.00267360871658, 0.00649089552462, 0.00469395611435, 0.0037819663994, 0.00665304576978, 0.00560916448012, 0.00835025683045, 0.00685317395255, 0.00618605595082, 0.0196300186217, 0.00394737208262, 0.00423003919423, 0.000976516283117, 0.00889148190618, 0.0119340233505, 0.011422386393, 0.0074850753881, 0.00937110930681, 0.00243238499388, 0.00299176364206, 0.00345612107776, 0.00751646095887, 0.00340171065181, 0.0020952669438, 0.0072802985087, 0.00117959885392, 0.000351832422893, 0.000268077215878, 0.00110163528007, 0.00302135548554, 0.00127219071146, 0.00148565915879, 0.00108158774674, 0.00109210575465, 0.000656944990624, 0.000550500117242, 0.000521195237525, 0.000811178178992, 0.000896444136743, 0.000947408901993, 0.000150218693307, 0.000321925617754, 0.000212582483073, 0.000231650017668, 0.000170562081621, 0.000249655015068, 0.000197629269678, 7.66867087805e-05, 0.000244118898991, 0.000107736494101, 4.9748847232e-05, 7.32065018383e-05, 4.77334069728e-05, 9.1997841082e-05, 7.61648116168e-05, 0.000139208292239, 0.000406955688959, 0.000389379740227, 0.000324327906128, 0.000119399170217, 0.000151281710714, 0.000152134583914, 0.000131955152028, 0.000149088722537, 0.000134039961267, 0.000211989492527, 0.000153872519149, 0.000112677713332, 0.000106967687316, 6.9477398938e-05, 5.66781527596e-05, 8.80818188307e-05, 7.2413480666e-05, 5.20304129168e-05, 2.50276298175e-05, 6.21653816779e-05, 8.58855200931e-05, 0.000118218427815, 9.53404305619e-05, 0.000151680069393, 3.82035432267e-05, 6.39599747956e-05, 5.47106064914e-05, 4.89405829285e-05, 5.39494285476e-05, 5.27485572093e-05, 3.77799697162e-05, 0.000127212741063, 8.81657761056e-05, 6.05755376455e-05, 6.62695601932e-05, 1.22337287394e-05, 9.78703610599e-06, 3.61992829312e-06, 3.84437635148e-06, 1.05945366613e-06, 5.28802331701e-07, 6.25234619633e-08, 6.85452983262e-09, 1.07409164229e-07, 1.57528802447e-07, 4.69024508121e-09, 4.52787585203e-09, 4.37021174804e-09, 4.31021529579e-09, 4.18327772422e-09, 4.1026151365e-09, 4.03503497282e-09, 3.97650490314e-09, 3.94437016382e-09, 3.90643561943e-09, 3.87676868385e-09],
        "mean": [0.000115921429824, 0.000116838484246, 9.55020223046e-05, 0.000102414262074, 0.000326322828187, 0.000360924022971, 0.000205358519452, 0.000247121148277, 0.000169450082467, 0.000197630943148, 0.000195232336409, 0.000104848935734, 0.000160820505698, 0.000396321294829, 0.000517160166055, 0.000210119687836, 6.54005852994e-05, 0.000104301143438, 0.000149784711539, 8.63199165906e-05, 0.000118570344057, 0.000225437674089, 0.000398099800805, 0.000437892769696, 0.000520761241205, 0.000763018557336, 0.000166717189131, 0.000117292089271, 5.83194414503e-05, 0.000236253006733, 0.000372858165065, 0.000362828199286, 0.000372479815269, 0.000377391697839, 9.51971815084e-05, 7.09766245564e-05, 0.000123846431961, 0.000135394540848, 0.000121018965729, 0.000169256541994, 0.000332329422235, 5.9810532548e-05, 2.42204623646e-05, 2.23532715609e-05, 6.47666529403e-05, 5.58884057682e-05, 7.38241142244e-05, 5.33527163498e-05, 3.25427245116e-05, 3.14603967126e-05, 2.78434945358e-05, 3.35360600729e-05, 1.35761029014e-05, 3.40667684213e-05, 3.31775081577e-05, 2.88881929009e-05, 8.80771676748e-06, 1.31598544613e-05, 9.62308058661e-06, 1.13094247354e-05, 7.12251539881e-06, 8.03286820883e-06, 6.76860827298e-06, 4.75223259855e-06, 5.57700968784e-06, 3.61724551112e-06, 3.2964633192e-06, 3.25160658576e-06, 3.08456856146e-06, 3.09544316224e-06, 3.00736633108e-06, 2.95763811664e-06, 4.54440942121e-06, 4.93631659992e-06, 4.11236078435e-06, 3.58868737749e-06, 3.91656567444e-06, 4.52197309642e-06, 4.99618818139e-06, 6.2533572418e-06, 5.66741618968e-06, 5.81280846745e-06, 4.80784456158e-06, 3.7951754166e-06, 3.33809430231e-06, 2.72607371699e-06, 2.59891521637e-06, 2.30856198868e-06, 1.90227297026e-06, 1.3722502672e-06, 1.43638362715e-06, 1.73465548414e-06, 1.95606594389e-06, 2.28882959163e-06, 1.82139285698e-06, 1.88244951005e-06, 1.59772787356e-06, 1.6669426941e-06, 1.47571836351e-06, 1.33884043407e-06, 1.21606137782e-06, 1.34454580802e-06, 1.29721775011e-06, 1.80437859854e-06, 1.45011244967e-06, 8.6769898644e-07, 7.0854639489e-07, 4.87639681523e-07, 3.47508404275e-07, 2.08266058621e-07, 1.42440811146e-07, 9.68998392636e-08, 5.92007758371e-08, 4.74925343497e-09, 2.80780329542e-11, 2.34078645356e-10, 3.62381319396e-10, 1.22326020841e-11, 1.1717164565e-11, 1.13534650431e-11, 1.11922398432e-11, 1.09027379139e-11, 1.06827212007e-11, 1.04838950021e-11, 1.03533709384e-11, 1.02819445666e-11, 1.01984792139e-11, 1.01173756872e-11],
        "min": [3.65876567184e-24, 9.76097277733e-24, 1.59052186749e-23, 1.77583586486e-23, 1.09707706504e-23, 1.34461909275e-23, 4.15312468519e-24, 1.15483051855e-23, 1.33682846022e-23, 4.52529308862e-24, 2.91968188974e-24, 6.43258639134e-24, 1.24768591575e-23, 1.20891608439e-23, 1.99159642219e-23, 5.33106125519e-24, 8.72809905033e-25, 4.04068705847e-25, 1.36437428002e-24, 3.10681547367e-24, 7.63280354875e-24, 1.89385718712e-23, 9.88306635736e-24, 3.85417756211e-24, 6.8716963479e-24, 4.08235597338e-24, 2.64009282163e-24, 6.22429792451e-24, 1.334187985e-23, 1.41877312224e-23, 4.26634910205e-24, 2.04341637951e-24, 4.57626218057e-24, 2.30394905305e-23, 3.11459514103e-23, 1.58404247956e-23, 9.19464795575e-24, 2.24154210907e-23, 1.12824574827e-23, 1.14387355612e-23, 9.52601450102e-24, 5.42304874763e-24, 9.42254198266e-24, 9.20271800282e-24, 2.13483936308e-23, 5.77008522592e-24, 4.00118258066e-24, 8.74873565161e-24, 7.56943750768e-24, 1.96866017304e-24, 7.96983963734e-24, 6.31414287072e-24, 9.48056585769e-24, 7.81298332381e-24, 9.43677382226e-24, 1.26099541917e-23, 8.54770233852e-24, 3.81844216311e-24, 5.26927806353e-24, 4.64299981315e-24, 1.7364214947e-24, 2.92492288438e-24, 4.90203846303e-24, 7.51592118387e-24, 1.16716183445e-23, 9.37294550869e-24, 7.70977665158e-24, 1.91698737772e-23, 1.05753430776e-23, 8.77550249098e-24, 5.02155444004e-24, 1.61123688154e-23, 1.37559545169e-23, 1.11122102553e-23, 7.11543227951e-24, 6.53442320661e-24, 1.03527541403e-23, 1.3553507565e-23, 9.06345802063e-24, 1.15228865094e-23, 1.28616039759e-23, 4.70787178969e-24, 9.98152566466e-24, 9.38134924392e-24, 1.04618062719e-23, 1.0072963321e-23, 9.20796077239e-24, 7.13786196162e-24, 1.54310122967e-23, 1.97013025478e-23, 5.79172644156e-24, 8.02068882243e-24, 1.11132862616e-23, 1.10866022526e-23, 7.43510317299e-24, 7.08052912876e-24, 6.66221985654e-24, 8.07043281339e-24, 1.18497052715e-23, 1.03713341812e-23, 8.40381726485e-24, 8.25578041624e-24, 7.01655014276e-24, 1.19848387223e-23, 1.21726349494e-23, 1.0359334818e-23, 1.37152918926e-23, 1.14838110733e-23, 1.24482400727e-23, 1.08869234137e-23, 9.48503475471e-24, 6.88914673998e-24, 1.13252074329e-23, 1.40233231435e-23, 1.54008478334e-23, 8.29398100558e-24, 1.28518907316e-23, 8.84653231575e-24, 6.75531490969e-24, 1.32781083344e-23, 1.0853534087e-23, 9.14472094906e-24, 8.23272122312e-24, 9.40252621492e-24, 1.0198993317e-23, 8.6873780504e-24, 1.0342592823e-23, 1.007327571e-23],
        "stdev": [0.000134087764309, 0.000161611067597, 0.000230974328588, 0.000273120123893, 0.000933906587306, 0.000983632868156, 0.000575534068048, 0.000450618827017, 0.000297098769806, 0.000353890354745, 0.000324456865201, 0.000186046338058, 0.00025249022292, 0.000665160361677, 0.000910107744858, 0.000443319528131, 0.000223434020882, 0.000394433969632, 0.000479901849758, 0.000288232316962, 0.000495998654515, 0.000693939509802, 0.000999193987809, 0.000975174887571, 0.00095361698186, 0.00208352599293, 0.000378565513529, 0.000359387893695, 0.000117112896987, 0.000765845528804, 0.00111124652904, 0.00110809330363, 0.000915603071917, 0.000847585208248, 0.000226741656661, 0.000238012828049, 0.000343822845025, 0.0006768143503, 0.000319151731674, 0.000317758705933, 0.00085816916544, 0.000123583202367, 4.67548961751e-05, 3.92553592974e-05, 0.000160168885486, 0.000164900920936, 0.000173933090991, 0.000152152628289, 9.90649568848e-05, 8.62270680955e-05, 5.67076167499e-05, 7.25183781469e-05, 4.30667168985e-05, 8.00207126304e-05, 7.86760938354e-05, 9.09457594389e-05, 1.7651302187e-05, 3.1243358535e-05, 2.47279131145e-05, 2.61724217125e-05, 1.45455123857e-05, 1.99726036954e-05, 1.8386010197e-05, 8.88728573045e-06, 1.46357915582e-05, 8.46306738822e-06, 6.06825051364e-06, 6.25816028332e-06, 5.77826767767e-06, 7.44175758882e-06, 7.96018139226e-06, 8.47485262057e-06, 2.05048745556e-05, 2.2881276891e-05, 1.68531641975e-05, 9.2260834208e-06, 1.04735136119e-05, 1.16842857096e-05, 1.33613184516e-05, 1.35936661536e-05, 1.14923632282e-05, 1.33456633193e-05, 1.25199348986e-05, 9.51772290136e-06, 8.68548977451e-06, 5.91294337937e-06, 5.16206728207e-06, 5.83352448302e-06, 4.8088281801e-06, 3.45184253092e-06, 2.92482855002e-06, 4.87351235279e-06, 5.97413736614e-06, 8.11126392364e-06, 6.20279342911e-06, 7.73525971454e-06, 4.53029406344e-06, 5.38395988769e-06, 4.53880875284e-06, 3.75084914594e-06, 3.21354173138e-06, 3.997537533e-06, 3.32274157699e-06, 6.89247781338e-06, 5.03819092046e-06, 3.04356626657e-06, 3.1487850265e-06, 1.08923939024e-06, 7.67463973261e-07, 3.75623642412e-07, 2.33040381659e-07, 1.44554533676e-07, 9.85482273563e-08, 1.01275450248e-08, 3.67712083005e-10, 4.61237581462e-09, 6.87131640476e-09, 1.99746885698e-10, 1.92818913614e-10, 1.86103743527e-10, 1.83547121946e-10, 1.78140696638e-10, 1.74706304978e-10, 1.71829217521e-10, 1.6933564273e-10, 1.67965877318e-10, 1.66350183628e-10, 1.6508729106e-10]
    },
    "mfcc": {
        "mean": [-664.535644531, 94.1427154541, 4.9146695137, -0.0754578337073, -1.31014943123, 9.47224140167, -3.25029611588, 3.8083691597, 3.4798014164, -4.57790374756, 0.33085668087, -3.0631146431, -2.19554305077],
        "cov": [[8786.52050781, 1732.04980469, -2203.03735352, -1216.35449219, -869.168884277, 12.9426965714, -444.46496582, -46.871761322, 23.7355613708, -430.462554932, -232.132446289, -405.371368408, -328.628723145], [1732.04980469, 1092.77954102, -905.91015625, -417.016052246, -276.371398926, -39.6895256042, -213.897369385, -2.69635272026, -4.59058380127, -144.2552948, -56.2042274475, -160.321746826, -50.1610794067], [-2203.03735352, -905.91015625, 1175.49072266, 489.659881592, 311.346099854, 31.0450706482, 184.170135498, -8.67591953278, 10.8058395386, 149.599411011, 76.945098877, 176.709777832, 81.039932251], [-1216.35449219, -417.016052246, 489.659881592, 370.749298096, 218.668365479, -5.00776004791, 115.663795471, 18.2474021912, 4.22588157654, 103.248161316, 40.8725013733, 97.1642074585, 40.5101509094], [-869.168884277, -276.371398926, 311.346099854, 218.668365479, 202.764648438, 13.1261167526, 81.5945968628, 2.19177746773, -7.68131256104, 68.8095855713, 16.3349208832, 63.566570282, 30.899017334], [12.9426965714, -39.6895256042, 31.0450706482, -5.00776004791, 13.1261167526, 80.393119812, 28.5024242401, -6.67422199249, -1.05228829384, -12.7886571884, -7.74325561523, -4.50784540176, -10.085644722], [-444.46496582, -213.897369385, 184.170135498, 115.663795471, 81.5945968628, 28.5024242401, 126.517677307, 26.8967933655, -2.35286474228, 47.5957832336, 5.54309940338, 44.6727142334, 6.93258094788], [-46.871761322, -2.69635272026, -8.67591953278, 18.2474021912, 2.19177746773, -6.67422199249, 26.8967933655, 56.2956352234, 19.9120368958, 8.24139213562, 3.87778425217, -2.19545269012, 2.25243520737], [23.7355613708, -4.59058380127, 10.8058395386, 4.22588157654, -7.68131256104, -1.05228829384, -2.35286474228, 19.9120368958, 55.498500824, 21.102481842, 1.2957212925, -5.29732894897, -6.50944566727], [-430.462554932, -144.2552948, 149.599411011, 103.248161316, 68.8095855713, -12.7886571884, 47.5957832336, 8.24139213562, 21.102481842, 87.9700546265, 27.2657737732, 38.3079147339, 12.3759441376], [-232.132446289, -56.2042274475, 76.945098877, 40.8725013733, 16.3349208832, -7.74325561523, 5.54309940338, 3.87778425217, 1.2957212925, 27.2657737732, 58.8246688843, 25.4971847534, 13.6944828033], [-405.371368408, -160.321746826, 176.709777832, 97.1642074585, 63.566570282, -4.50784540176, 44.6727142334, -2.19545269012, -5.29732894897, 38.3079147339, 25.4971847534, 79.3464736938, 21.9291057587], [-328.628723145, -50.1610794067, 81.039932251, 40.5101509094, 30.899017334, -10.085644722, 6.93258094788, 2.25243520737, -6.50944566727, 12.3759441376, 13.6944828033, 21.9291057587, 57.8289108276]],
        "icov": [[0.000305738969473, 3.82417601941e-05, 0.000311756273732, 0.000152448337758, 0.000461066898424, -6.61722006043e-05, 0.00010525513062, 0.000152899840032, -0.000236924242927, 0.000328029913362, 0.000304749031784, -0.000176467729034, 0.000848346098792], [3.82417601941e-05, 0.00300935399719, 0.00185353902634, 6.4691339503e-05, 0.000270127697149, -3.3801956306e-05, 0.00209116749465, -0.000607282447163, 5.88459079154e-05, 0.000397731229896, -1.37884680953e-05, 0.000610506045632, -0.00049917481374], [0.000311756273732, 0.00185353902634, 0.0038003041409, -0.00210996880196, 0.000304969551507, -0.000726268393919, 0.000155520159751, 0.00195978255942, -0.00187862338498, 0.0012391784694, -0.000687836029101, -0.00116295320913, -0.000725535966922], [0.000152448337758, 6.4691339503e-05, -0.00210996880196, 0.0118673117831, -0.00771932955831, 0.00287273596041, -0.00133574369829, -0.00255374633707, -0.000127318955492, -0.00131895346567, -0.00117543921806, -0.0013008863898, 0.00149083277211], [0.000461066898424, 0.000270127697149, 0.000304969551507, -0.00771932955831, 0.0170949138701, -0.0039802826941, 0.000577059632633, 0.000534422288183, 0.00392754515633, -0.00477201258764, 0.00458700535819, -0.00110897468403, -0.00128605822101], [-6.61722006043e-05, -3.3801956306e-05, -0.000726268393919, 0.00287273596041, -0.0039802826941, 0.0188308395445, -0.0094163864851, 0.00683267693967, -0.00561787327752, 0.00826777517796, -0.00298382109031, 0.00352551788092, 0.00184159597848], [0.00010525513062, 0.00209116749465, 0.000155520159751, -0.00133574369829, 0.000577059632633, -0.0094163864851, 0.0231713820249, -0.0143184764311, 0.00964682735503, -0.0100392894819, 0.00682953558862, -0.00586427608505, 0.00279995799065], [0.000152899840032, -0.000607282447163, 0.00195978255942, -0.00255374633707, 0.000534422288183, 0.00683267693967, -0.0143184764311, 0.0313837938011, -0.0149871585891, 0.00851396843791, -0.0056898877956, 0.0048083299771, -0.00320010492578], [-0.000236924242927, 5.88459079154e-05, -0.00187862338498, -0.000127318955492, 0.00392754515633, -0.00561787327752, 0.00964682735503, -0.0149871585891, 0.0308140460402, -0.0152208767831, 0.00524123059586, 0.000845789676532, 0.00293949246407], [0.000328029913362, 0.000397731229896, 0.0012391784694, -0.00131895346567, -0.00477201258764, 0.00826777517796, -0.0100392894819, 0.00851396843791, -0.0152208767831, 0.0294823087752, -0.00933500472456, -0.000959280470852, 0.000811695354059], [0.000304749031784, -1.37884680953e-05, -0.000687836029101, -0.00117543921806, 0.00458700535819, -0.00298382109031, 0.00682953558862, -0.0056898877956, 0.00524123059586, -0.00933500472456, 0.0251483526081, -0.0062815528363, -0.00104685896076], [-0.000176467729034, 0.000610506045632, -0.00116295320913, -0.0013008863898, -0.00110897468403, 0.00352551788092, -0.00586427608505, 0.0048083299771, 0.000845789676532, -0.000959280470852, -0.0062815528363, 0.0252877920866, -0.00401036301628], [0.000848346098792, -0.00049917481374, -0.000725535966922, 0.00149083277211, -0.00128605822101, 0.00184159597848, 0.00279995799065, -0.00320010492578, 0.00293949246407, 0.000811695354059, -0.00104685896076, -0.00401036301628, 0.0243759192526]]
    },
    "spectral_contrast_coeffs": {
        "max": [-0.53816652298, -0.511032581329, -0.46750459075, -0.547851443291, -0.627566158772, -0.696319818497],
        "mean": [-0.74570953846, -0.759962797165, -0.746568918228, -0.78161662817, -0.809217691422, -0.788013279438],
        "min": [-0.962084770203, -0.970273315907, -0.961224555969, -0.957850217819, -0.960053026676, -0.957999944687],
        "stdev": [0.0756930187345, 0.0909039601684, 0.106415018439, 0.0843669250607, 0.0526001900434, 0.0462026596069]
    },
    "spectral_contrast_valleys": {
        "max": [-5.48430204391, -5.22802448273, -5.5932841301, -5.66722345352, -6.03591442108, -7.54534244537],
        "mean": [-7.33068704605, -7.08818387985, -7.64053821564, -7.93373203278, -7.95032739639, -9.75476932526],
        "min": [-27.5454673767, -27.2404441833, -27.1550540924, -27.1976222992, -27.2195739746, -27.3136978149],
        "stdev": [1.16000437737, 1.28961467743, 1.35822319984, 1.27572011948, 1.10832619667, 1.02122890949]
    }
},
"rhythm": {
    "beats_count": 33,
    "beats_loudness": {
        "max": 0.0870178937912,
        "mean": 0.0267792101949,
        "min": 0.000513485458214,
        "stdev": 0.0228103157133
    },
    "bpm": 162.739379883,
    "bpm_histogram_first_peak_bpm": 161,
    "bpm_histogram_first_peak_weight": 0.272727251053,
    "bpm_histogram_second_peak_bpm": 152,
    "bpm_histogram_second_peak_spread": 0,
    "bpm_histogram_second_peak_weight": 0.15625,
    "danceability": 0.85599052906,
    "onset_rate": 2.7430832386,
    "beats_loudness_band_ratio": {
        "max": [0.76435571909, 0.3232178092, 0.535255849361, 0.91238796711, 0.378944247961, 0.397955238819],
        "mean": [0.232935518026, 0.133260920644, 0.191572338343, 0.255626261234, 0.0853190049529, 0.125206962228],
        "min": [0.0185594316572, 0.00905542075634, 0.0109602697194, 0.0145273264498, 0.0165831260383, 0.00402231095359],
        "stdev": [0.23833411932, 0.08035980165, 0.132216587663, 0.212628364563, 0.077026233077, 0.095513060689]
    },
    "beats_position": [0.383129239082, 0.777868449688, 1.17260766029, 1.5673469305, 1.9620860815, 2.34521532059, 2.73995471001, 3.12308382988, 3.50621318817, 3.88934230804, 4.27247142792, 4.6439909935, 5.01551008224, 5.38702917099, 5.7701587677, 6.14167785645, 6.5015873909, 6.87310647964, 7.23301553726, 7.59292507172, 7.96444416046, 8.33596324921, 8.70748329163, 9.07900238037, 9.45052146912, 9.82204055786, 10.1935596466, 10.5534696579, 10.9133787155, 11.2848978043, 11.656416893, 12.0279359818, 12.3994560242],
