{
"metadata": {
    "version": {
        "essentia": "2.1-beta5",
        "essentia_git_sha": "Undefined",
        "extractor": "music 2.0"
    },
    "audio_properties": {
        "analysis": {
            "equal_loudness": 0,
            "length": 12.7477550507,
            "sample_rate": 44100,
            "start_time": 0,
            "downmix": "mix"
        },
        "bit_rate": 192000,
        "length": 167.392654419,
        "lossless": 0,
        "number_channels": 2,
        "replay_gain": -7.89176750183,
        "sample_rate": 44100,
        "codec": "mp3",
        "md5_encoded": "2772f6fd698bbff6957c51b1ed7c2021"
    },
    "tags": {
        "file_name": "Austria_Musik_Marianne Mendt.mp3",
        "encoding": ["Lavf58.29.100"]
    }
},
"lowlevel": {
    "average_loudness": 0.96010273695,
    "barkbands_crest": {
        "max": 16.6311683655,
        "mean": 6.68585109711,
        "min": 2.21755242348,
        "stdev": 2.44867920876
    },
    "barkbands_flatness_db": {
        "max": 0.201276019216,
        "mean": 0.118684135377,
        "min": 0.0114612262696,
        "stdev": 0.0408555157483
    },
    "barkbands_kurtosis": {
        "max": 3.48270702362,
        "mean": -0.219180181623,
        "min": -1.48261499405,
        "stdev": 0.767839550972
    },
    "barkbands_skewness": {
        "max": 1.44572687149,
        "mean": -0.0110322115943,
        "min": -1.91614162922,
        "stdev": 0.460828691721
    },
    "barkbands_spread": {
        "max": 71.154548645,
        "mean": 20.1885890961,
        "min": 5.31541204453,
        "stdev": 12.0996112823
    },
    "dissonance": {
        "max": 0.499609321356,
        "mean": 0.473759829998,
        "min": 0.399080097675,
        "stdev": 0.0166526697576
    },
    "dynamic_complexity": 5.72170209885,
    "erbbands_crest": {
        "max": 22.61302948,
        "mean": 9.14332389832,
        "min": 2.78936433792,
        "stdev": 3.4157307148
    },
    "erbbands_flatness_db": {
        "max": 0.312201172113,
        "mean": 0.214668631554,
        "min": 0.0571990422904,
        "stdev": 0.0547593794763
    },
    "erbbands_kurtosis": {
        "max": 6.19999980927,
        "mean": 0.438631981611,
        "min": -1.27326142788,
        "stdev": 1.0161690712
    },
    "erbbands_skewness": {
        "max": 1.42525863647,
        "mean": -0.0738592967391,
        "min": -1.65751779079,
        "stdev": 0.362866610289
    },
    "erbbands_spread": {
        "max": 78.9413986206,
        "mean": 20.440279007,
        "min": 4.99293041229,
        "stdev": 10.1356163025
    },
    "hfc": {
        "max": 81.5724945068,
        "mean": 31.1957740784,
        "min": 1.12135422869e-16,
        "stdev": 19.1292552948
    },
    "loudness_ebu128": {
        "integrated": -15.1044721603,
        "loudness_range": 3.19494056702,
        "momentary": {
            "max": -12.9706201553,
            "mean": -19.3210887909,
            "min": -47.8300476074,
            "stdev": 10.3411607742
        },
        "short_term": {
            "max": -14.0353870392,
            "mean": -15.4701843262,
            "min": -20.3347911835,
            "stdev": 1.3632581234
        }
    },
    "melbands_crest": {
        "max": 21.0558414459,
        "mean": 7.70655536652,
        "min": 3.21384596825,
        "stdev": 2.86458611488
    },
    "melbands_flatness_db": {
        "max": 0.226378783584,
        "mean": 0.130028575659,
        "min": 0.00832917820662,
        "stdev": 0.0278731696308
    },
    "melbands_kurtosis": {
        "max": 15.1999740601,
        "mean": 0.413655251265,
        "min": -1.44856894016,
        "stdev": 1.50680804253
    },
    "melbands_skewness": {
        "max": 3.47592258453,
        "mean": 0.492724955082,
        "min": -1.02044129372,
        "stdev": 0.603210926056
    },
    "melbands_spread": {
        "max": 150.998031616,
        "mean": 34.7389297485,
        "min": 11.987786293,
        "stdev": 12.3647727966
    },
    "pitch_salience": {
        "max": 0.888965249062,
        "mean": 0.627476513386,
        "min": 0.437366992235,
        "stdev": 0.0719794183969
    },
    "silence_rate_20dB": {
        "max": 1,
        "mean": 1,
        "min": 1,
        "stdev": 0
    },
    "silence_rate_30dB": {
        "max": 1,
        "mean": 1,
        "min": 1,
        "stdev": 0
    },
    "silence_rate_60dB": {
        "max": 1,
        "mean": 0.156363636255,
        "min": 0,
        "stdev": 0.363201856613
    },
    "spectral_centroid": {
        "max": 11338.234375,
        "mean": 1977.54528809,
        "min": 1094.56945801,
        "stdev": 491.573730469
    },
    "spectral_complexity": {
        "max": 46,
        "mean": 22.5090904236,
        "min": 0,
        "stdev": 10.9863882065
    },
    "spectral_decrease": {
        "max": -1.23150906029e-28,
        "mean": -4.72164352061e-09,
        "min": -1.12095968063e-08,
        "stdev": 2.68234767731e-09
    },
    "spectral_energy": {
        "max": 0.04829736799,
        "mean": 0.0206501148641,
        "min": 1.0635814807e-20,
        "stdev": 0.0117996716872
    },
    "spectral_energyband_high": {
        "max": 0.00256689800881,
        "mean": 0.000514095707331,
        "min": 7.81088557858e-21,
        "stdev": 0.000449052051408
    },
    "spectral_energyband_low": {
        "max": 0.00575903616846,
        "mean": 0.000395626353566,
        "min": 1.78863961378e-22,
        "stdev": 0.000686416460667
    },
    "spectral_energyband_middle_high": {
        "max": 0.039074845612,
        "mean": 0.0145449060947,
        "min": 1.47280568294e-21,
        "stdev": 0.00929630175233
    },
    "spectral_energyband_middle_low": {
        "max": 0.0207029636949,
        "mean": 0.00576222874224,
        "min": 4.04109283668e-22,
        "stdev": 0.00407914072275
    },
    "spectral_entropy": {
        "max": 9.78841876984,
        "mean": 7.57376432419,
        "min": 6.93769645691,
        "stdev": 0.302606284618
    },
    "spectral_flux": {
        "max": 0.139267385006,
        "mean": 0.0675669908524,
        "min": 1.03130087803e-10,
        "stdev": 0.0321659706533
    },
    "spectral_kurtosis": {
        "max": 19.8920402527,
        "mean": 5.25050115585,
        "min": -1.26008486748,
        "stdev": 2.63874697685
    },
    "spectral_rms": {
        "max": 0.00686435587704,
        "mean": 0.00407693022862,
        "min": 3.22124271701e-12,
        "stdev": 0.00187752896454
    },
    "spectral_rolloff": {
        "max": 19293.75,
        "mean": 2495.81567383,
        "min": 1055.12695312,
        "stdev": 1258.38659668
    },
    "spectral_skewness": {
        "max": 3.87585926056,
        "mean": 1.43316400051,
        "min": -0.00775082036853,
        "stdev": 0.352456718683
    },
    "spectral_spread": {
        "max": 42294048,
        "mean": 3261236,
        "min": 1955520.875,
        "stdev": 2156181.75
    },
    "spectral_strongpeak": {
        "max": 9.66278743744,
        "mean": 2.77623414993,
        "min": 0,
        "stdev": 2.05830955505
    },
    "zerocrossingrate": {
        "max": 0.49072265625,
        "mean": 0.0928639918566,
        "min": 0.04248046875,
        "stdev": 0.0382201373577
    },
    "barkbands": {
        "max": [1.34687306854e-05, 0.000794045685325, 0.00430702930316, 0.00250058551319, 0.00734638562426, 0.00425334880129, 0.00297328084707, 0.0067956186831, 0.0147479400039, 0.0170027501881, 0.00930469483137, 0.0117817157879, 0.0125330816954, 0.0241291746497, 0.0211682319641, 0.00948434043676, 0.0128448689356, 0.00373421562836, 0.00455255294219, 0.00168409652542, 0.0012659659842, 0.000679226941429, 0.000602605403401, 0.000173075546627, 7.95134837972e-06, 6.53225833958e-06, 6.36257800579e-06],
        "mean": [6.41621909381e-07, 4.27850827691e-05, 0.000283919653157, 0.000148578285007, 0.000614577904344, 0.000599867547862, 0.000423670513555, 0.000903535285033, 0.00204344280064, 0.00182643998414, 0.00127411703579, 0.00102711678483, 0.00129786157049, 0.00304716918617, 0.00177413620986, 0.00208880566061, 0.00149826018605, 0.000428078492405, 0.000570724136196, 0.000337473931722, 0.000235997271375, 0.000107911153464, 5.03001901961e-05, 2.24157756747e-05, 1.47197442857e-06, 4.68204490289e-07, 3.64194249869e-07],
        "min": [6.64181518037e-24, 8.43724792784e-23, 7.19928977145e-23, 2.31294238292e-23, 1.93219898256e-23, 7.60551401014e-23, 1.00562435719e-22, 1.23554310606e-22, 5.58335806312e-23, 7.45392018771e-23, 4.73508204778e-23, 7.37000053352e-23, 7.82509438974e-23, 1.08737647405e-22, 1.06601348965e-22, 1.27543384566e-22, 2.22320465868e-22, 1.63828991966e-22, 2.4930814212e-22, 5.70143880238e-22, 4.30981546415e-22, 5.35953664107e-22, 7.34011065693e-22, 9.06985467283e-22, 1.19046234327e-21, 1.48336102051e-21, 2.3280346047e-21],
        "stdev": [1.10609153126e-06, 8.38710329845e-05, 0.000522045942489, 0.000275954866083, 0.000882620224729, 0.000638001307379, 0.000467863079393, 0.00105605006684, 0.0022509417031, 0.00270173233002, 0.00139579444658, 0.00126682361588, 0.00143184675835, 0.00340406713076, 0.00260997959413, 0.00197548349388, 0.00213814154267, 0.000458078662632, 0.000689223699737, 0.000305672001559, 0.000233032216784, 0.000104216029285, 5.59748732485e-05, 2.40576173383e-05, 1.24817722735e-06, 2.6978113965e-07, 2.6652750762e-07]
    },
    "erbbands": {
        "max": [0.00528676155955, 0.245866060257, 3.40279126167, 8.33978843689, 23.0568733215, 28.7632751465, 13.6620569229, 43.3659973145, 33.0826759338, 121.235725403, 150.666351318, 177.738861084, 668.934082031, 599.43927002, 435.243133545, 613.140930176, 604.727172852, 1267.78967285, 1323.08996582, 590.601623535, 375.733276367, 546.092407227, 186.49446106, 246.095062256, 293.418121338, 79.0924224854, 62.0880393982, 38.7666702271, 20.7389087677, 25.9765415192, 10.8599147797, 6.09882497787, 1.70732665062, 0.134164378047, 0.0482659190893, 0.0252651050687, 0.0122942095622, 0.00423639593646, 0.000901023100596, 0.000110051449155],
        "mean": [0.000507078599185, 0.0162113532424, 0.226425930858, 0.496316760778, 1.14341914654, 2.24286556244, 2.67707777023, 5.80063199997, 5.08072137833, 15.3862075806, 20.2828445435, 32.7245330811, 76.3971557617, 42.4780349731, 58.679058075, 48.942237854, 65.1609344482, 175.317428589, 84.5525131226, 113.775856018, 104.435600281, 58.2916755676, 31.0420589447, 33.7428436279, 26.3761692047, 15.6366443634, 11.1801786423, 5.84060811996, 3.66799330711, 2.61425495148, 1.63540947437, 0.709728419781, 0.233477175236, 0.0305398944765, 0.00449077598751, 0.00229161884636, 0.00100498751272, 0.000631343224086, 3.07918780891e-05, 2.74523281405e-05],
        "min": [1.36641694777e-21, 2.26372466442e-20, 8.57951795963e-20, 8.29162356355e-20, 4.62814822866e-20, 6.46134557908e-20, 1.56181005432e-19, 8.03009516175e-19, 1.64223455053e-18, 1.32290561096e-18, 2.94761737419e-18, 1.18821455104e-18, 1.22512748588e-18, 3.1703576744e-18, 2.86520164745e-18, 2.8886141675e-18, 3.33648718106e-18, 5.1146715536e-18, 7.95349875401e-18, 3.8214549024e-18, 1.0293964111e-17, 1.00876470683e-17, 9.13744401912e-18, 1.0057194414e-17, 1.91751219338e-17, 2.71377775772e-17, 2.0319690093e-17, 1.48134812818e-17, 2.0998041061e-17, 1.25296347834e-17, 2.53912204554e-17, 2.06209509265e-17, 1.45973952361e-17, 1.18466664932e-17, 9.22527157502e-18, 5.42531302879e-18, 2.83705537954e-18, 1.10525453946e-18, 3.57640145686e-19, 3.30384014589e-20],
        "stdev": [0.000645625288598, 0.0276745203882, 0.39006498456, 0.88186788559, 2.39684414864, 3.1516597271, 2.68509149551, 6.6813583374, 5.12258958817, 17.933423996, 19.8701553345, 29.0079994202, 87.6196746826, 69.3086395264, 59.9541969299, 62.7323989868, 67.9011764526, 182.802825928, 154.770431519, 102.301826477, 78.9632797241, 70.5268478394, 32.8659553528, 36.537612915, 35.5103225708, 13.1721334457, 11.2376966476, 5.70748281479, 3.36200833321, 2.63095021248, 1.72018349171, 0.749669730663, 0.248527795076, 0.0266141630709, 0.00224485551007, 0.00106843002141, 0.000516232277732, 0.000194650434423, 3.81805293728e-05, 1.59793617058e-05]
    },
    "gfcc": {
        "mean": [-45.8930931091, 78.0706634521, -186.948547363, 11.6947221756, -60.8200721741, 0.110201828182, -34.3018188477, -6.90269994736, -14.2280464172, -9.63049316406, -17.8325252533, -7.11369419098, -13.9454097748],
        "cov": [[17034.9667969, 2744.03955078, -4698.07568359, 468.154052734, -1230.5144043, -234.014099121, 550.821899414, -1251.38330078, 346.629516602, -837.639526367, 171.95223999, -850.053222656, 315.332000732], [2744.03955078, 761.083496094, -683.028442383, 46.2169723511, -127.769058228, -79.9109954834, 128.386230469, -234.607437134, 28.3053245544, -108.637466431, 5.5784330368, -145.35484314, 42.9817619324], [-4698.07568359, -683.028442383, 1666.14758301, -49.4250144958, 399.979675293, 87.0270080566, -200.112823486, 416.736663818, -143.320465088, 272.087493896, -90.0362243652, 263.07635498, -125.132369995], [468.154052734, 46.2169723511, -49.4250144958, 182.649169922, -34.6433525085, 27.9525737762, 29.9089756012, -32.0332832336, 11.4495820999, -56.0049095154, 10.779086113, -46.0792732239, 5.62932109833], [-1230.5144043, -127.769058228, 399.979675293, -34.6433525085, 197.628143311, 41.7987480164, -36.4356307983, 110.124710083, -41.227432251, 86.8994369507, -26.5197792053, 66.0924072266, -43.1899604797], [-234.014099121, -79.9109954834, 87.0270080566, 27.9525737762, 41.7987480164, 86.8709182739, 22.7735614777, 29.6733760834, -4.16951751709, 2.7184073925, 3.51823854446, -4.31828355789, -9.36013889313], [550.821899414, 128.386230469, -200.112823486, 29.9089756012, -36.4356307983, 22.7735614777, 109.007141113, -34.501121521, 15.0329875946, -42.1797981262, 4.60212850571, -51.3830909729, 16.1185531616], [-1251.38330078, -234.607437134, 416.736663818, -32.0332832336, 110.124710083, 29.6733760834, -34.501121521, 180.237014771, -13.7052078247, 74.231048584, -25.9567546844, 71.317565918, -38.8375511169], [346.629516602, 28.3053245544, -143.320465088, 11.4495820999, -41.227432251, -4.16951751709, 15.0329875946, -13.7052078247, 61.4710540771, -5.25403404236, 17.4249134064, -26.9708957672, 11.2531728745], [-837.639526367, -108.637466431, 272.087493896, -56.0049095154, 86.8994369507, 2.7184073925, -42.1797981262, 74.231048584, -5.25403404236, 104.840957642, -2.49236512184, 53.9886207581, -25.4633674622], [171.95223999, 5.5784330368, -90.0362243652, 10.779086113, -26.5197792053, 3.51823854446, 4.60212850571, -25.9567546844, 17.4249134064, -2.49236512184, 50.3886146545, 3.08003258705, 9.56206893921], [-850.053222656, -145.35484314, 263.07635498, -46.0792732239, 66.0924072266, -4.31828355789, -51.3830909729, 71.317565918, -26.9708957672, 53.9886207581, 3.08003258705, 100.571289062, -8.97383213043], [315.332000732, 42.9817619324, -125.132369995, 5.62932109833, -43.1899604797, -9.36013889313, 16.1185531616, -38.8375511169, 11.2531728745, -25.4633674622, 9.56206893921, -8.97383213043, 44.7535667419]],
        "icov": [[0.00132902886253, -0.00338705279864, 0.00418001553044, -0.00303265242837, 0.00370520842262, -0.0043691447936, 0.00431143539026, -0.00346569577232, 0.00279957754537, -0.00286982394755, 0.00287948502228, -0.00167585210875, 0.000771107443143], [-0.00338705279864, 0.0121903317049, -0.0102355508134, 0.00729494495317, -0.0113443061709, 0.0148815335706, -0.0142664080486, 0.0122183393687, -0.00694301445037, 0.00686644064263, -0.00642168615013, 0.00578163471073, -0.00128930667415], [0.00418001553044, -0.0102355508134, 0.0180923603475, -0.0130555704236, 0.011205800809, -0.015774210915, 0.0163860004395, -0.0158479176462, 0.0151527710259, -0.0158898644149, 0.0132620586082, -0.00874460395426, 0.00302965636365], [-0.00303265242837, 0.00729494495317, -0.0130555704236, 0.0168450064957, -0.00870452821255, 0.00936124566942, -0.010989330709, 0.010557519272, -0.0112558174878, 0.0156078813598, -0.0117344288155, 0.00861677061766, -0.0016378412256], [0.00370520842262, -0.0113443061709, 0.011205800809, -0.00870452821255, 0.0250096004456, -0.0192393604666, 0.0130992187187, -0.012656015344, 0.0121899228543, -0.0153289875016, 0.0117486612871, -0.00833038985729, 0.00565872108564], [-0.0043691447936, 0.0148815335706, -0.015774210915, 0.00936124566942, -0.0192393604666, 0.0366871803999, -0.0226063393056, 0.0139307901263, -0.0107104238123, 0.0144937410951, -0.0162384454161, 0.0125397089869, -0.00252958992496], [0.00431143539026, -0.0142664080486, 0.0163860004395, -0.010989330709, 0.0130992187187, -0.0226063393056, 0.0332175903022, -0.0191973745823, 0.0130238328129, -0.0103469416499, 0.00954034179449, -0.00248354231007, -0.00188674498349], [-0.00346569577232, 0.0122183393687, -0.0158479176462, 0.010557519272, -0.012656015344, 0.0139307901263, -0.0191973745823, 0.031892478466, -0.0196141004562, 0.0114907938987, -0.00307056680322, 0.000217544918996, 0.00450532278046], [0.00279957754537, -0.00694301445037, 0.0151527710259, -0.0112558174878, 0.0121899228543, -0.0107104238123, 0.0130238328129, -0.0196141004562, 0.0404304005206, -0.0210126824677, 0.00204561674036, 0.00267507787794, -0.00348452664912], [-0.00286982394755, 0.00686644064263, -0.0158898644149, 0.0156078813598, -0.0153289875016, 0.0144937410951, -0.0103469416499, 0.0114907938987, -0.0210126824677, 0.0394285134971, -0.0163107067347, 0.00547463074327, 0.00147047755308], [0.00287948502228, -0.00642168615013, 0.0132620586082, -0.0117344288155, 0.0117486612871, -0.0162384454161, 0.00954034179449, -0.00307056680322, 0.00204561674036, -0.0163107067347, 0.0405845567584, -0.0179395098239, 0.0042139198631], [-0.00167585210875, 0.00578163471073, -0.00874460395426, 0.00861677061766, -0.00833038985729, 0.0125397089869, -0.00248354231007, 0.000217544918996, 0.00267507787794, 0.00547463074327, -0.0179395098239, 0.0329165868461, -0.0107366684824], [0.000771107443143, -0.00128930667415, 0.00302965636365, -0.0016378412256, 0.00565872108564, -0.00252958992496, -0.00188674498349, 0.00450532278046, -0.00348452664912, 0.00147047755308, 0.0042139198631, -0.0107366684824, 0.0350075401366]]
    },
    "melbands": {
        "max": [0.000122360055684, 0.00126101495698, 0.00144688715227, 0.00180430652108, 0.000530386692844, 0.000901485560462, 0.000557715713512, 0.00151882285718, 0.00126014626585, 0.00163941388018, 0.00331516726874, 0.0026328144595, 0.00143213581759, 0.00134461757261, 0.00126774527598, 0.0010963154491, 0.00288287061267, 0.00197835429572, 0.000733214546926, 0.000993099994957, 0.000470521772513, 0.000581626489293, 0.000478245841805, 0.000268170755589, 0.000238120774156, 0.000279721512925, 0.000106630708615, 4.65689736302e-05, 6.19321654085e-05, 3.73042967112e-05, 2.25119456445e-05, 1.56245787366e-05, 9.87819930742e-06, 2.24574905587e-05, 8.75482965057e-06, 2.86823319584e-06, 3.0028479614e-06, 1.78590664746e-06, 2.85238598963e-07, 6.83687773062e-08],
        "mean": [7.71195846028e-06, 8.78740320331e-05, 0.000104210572317, 0.000119338823424, 0.000100949502666, 0.000124970945762, 8.1592144852e-05, 0.000177123874892, 0.000175708104507, 0.000246921845246, 0.000381059799111, 0.00015965467901, 0.000191105049453, 0.000130697677378, 0.000136086004204, 0.000168746701092, 0.000338261335855, 0.000120291711937, 0.000109396874905, 0.00019176947535, 0.000110806031444, 6.51187365293e-05, 4.22836710641e-05, 2.71796052402e-05, 2.72341112577e-05, 1.79823746294e-05, 1.63622789842e-05, 8.3687427832e-06, 8.04101728136e-06, 4.23504343416e-06, 3.26697249875e-06, 2.2378005724e-06, 1.75949742243e-06, 1.172149382e-06, 1.13669887014e-06, 4.54020977259e-07, 3.87952383107e-07, 1.94232200101e-07, 5.25840526677e-08, 1.13616076547e-08],
        "min": [1.81620613723e-23, 3.98346989233e-23, 1.29634885173e-23, 4.53069836354e-24, 4.60505047601e-24, 1.81961385857e-23, 2.39378737284e-23, 1.59458954986e-23, 2.19188915266e-23, 7.3739167546e-24, 5.73708322995e-24, 1.28965268482e-23, 7.26760985901e-24, 9.86828783716e-24, 5.25676830729e-24, 9.87321348465e-24, 8.8490535152e-24, 1.30987079539e-23, 5.66861286439e-24, 8.75257898194e-24, 1.33886845452e-23, 1.25208136983e-23, 6.80610177477e-24, 7.89894707437e-24, 8.05885312417e-24, 1.01256402969e-23, 1.70719265988e-23, 1.90930213701e-23, 1.30899523867e-23, 9.14687138389e-24, 8.31301306378e-24, 1.21752153134e-23, 1.06153864461e-23, 5.28840794048e-24, 1.36150639592e-23, 1.62442237603e-23, 1.16482112637e-23, 1.03936621003e-23, 1.10119902105e-23, 8.94885230832e-24],
        "stdev": [1.36145417855e-05, 0.00014909337915, 0.000172688727616, 0.000202364564757, 0.00010214024951, 0.000139256022521, 8.21416761028e-05, 0.000213107268792, 0.000170474871993, 0.000245191098657, 0.000436155300122, 0.000308122194838, 0.000204952797503, 0.000151126456331, 0.000150592968566, 0.000184631164302, 0.000378272612579, 0.0002388136636, 0.000123763471493, 0.000192859297385, 9.51482143137e-05, 7.93436629465e-05, 7.57112866268e-05, 3.15102624882e-05, 3.49826441379e-05, 3.3033262298e-05, 1.56840596901e-05, 7.88165289123e-06, 9.92943841993e-06, 5.06706282977e-06, 3.56379086952e-06, 2.33807077166e-06, 1.69258044025e-06, 1.48916171838e-06, 1.32323680191e-06, 4.33148585444e-07, 4.12231628388e-07, 2.26030124395e-07, 5.09467099619e-08, 9.75283054316e-09]
    },
    "melbands128": {
        "max": [7.57120778871e-06, 1.76603862201e-05, 0.00010881844355, 0.000529349432327, 0.00126264442224, 0.00234882649966, 0.00193900917657, 0.00181042065378, 0.00290080020204, 0.00281103793532, 0.00166903075296, 0.000878596445546, 0.000535123399459, 0.00116682250518, 0.00124226533808, 0.00166340451688, 0.000748948019464, 0.000764379277825, 0.000895522069186, 0.00172325654421, 0.00253027910367, 0.00117319438141, 0.00204718695022, 0.00141681439709, 0.00141608854756, 0.00223011360504, 0.00490538496524, 0.00654345890507, 0.00103568460327, 0.00512718921527, 0.00241191522218, 0.00142324308399, 0.002860796405, 0.00327080558054, 0.000703872472513, 0.00258619640954, 0.00303113367409, 0.0011626080377, 0.00368218775839, 0.00108390196692, 0.000485350145027, 0.004676125478, 0.00333834206685, 0.00559695158154, 0.000259401509538, 0.00323903048411, 0.00358236185275, 0.000746937526856, 0.00105679500848, 0.00183078867849, 0.00182333646808, 0.000815390259959, 0.000864367000759, 0.00102951936424, 0.000847175018862, 0.000515107589308, 0.000425467500463, 0.00137543748133, 0.000130978689413, 0.000322368112393, 0.000423861405579, 0.00039935472887, 0.000511967984494, 0.000211706937989, 9.64979553828e-05, 0.000352532835677, 0.000476527959108, 0.000171747102286, 0.000150260631926, 0.000116659131891, 8.10188284959e-05, 5.6967499404e-05, 7.29098755983e-05, 0.00010900698544, 2.3889098884e-05, 8.11405043351e-05, 5.38009408046e-05, 2.31570575124e-05, 3.87535219488e-05, 4.99593334098e-05, 3.16277582897e-05, 9.00341001397e-06, 1.49476818478e-05, 1.27662333398e-05, 2.03378531296e-05, 1.33190660563e-05, 4.88100231451e-05, 8.12778307591e-06, 1.92378665815e-05, 6.26632299827e-06, 5.80154983254e-06, 1.97307053895e-06, 1.19146197903e-05, 3.77575770472e-06, 1.36437779474e-06, 4.15383465224e-06, 2.71241037808e-06, 7.58078044782e-07, 5.46356318409e-07, 3.52069349674e-07, 1.40929657277e-07, 5.41113251984e-08, 5.81448489356e-08, 6.2913379395e-08, 5.00126589031e-08, 5.30365227291e-08, 5.12008284659e-08, 4.6144062793e-08, 4.16127008407e-08, 4.07530329483e-08, 3.88183920563e-08, 4.26974793299e-08, 3.72058046594e-08, 4.11953209323e-08, 3.29772475993e-08, 3.9673317076e-08, 3.2154716223e-08, 2.76092837481e-08, 2.80512413298e-08, 2.76706497715e-08, 2.71704347909e-08, 2.66587569797e-08, 2.62016541797e-08, 2.57782950541e-08, 2.54524685772e-08, 2.51692000575e-08, 2.49540352826e-08, 2.48349554255e-08],
        "mean": [4.26985025115e-07, 1.85307840184e-06, 6.93721312928e-06, 2.5656327125e-05, 8.26686809887e-05, 0.000157468777616, 9.7761680081e-05, 7.76388333179e-05, 0.000127308201627, 0.000105963641545, 0.0001315226109, 0.000131383800181, 8.08904296719e-05, 8.01195274107e-05, 0.000124577345559, 0.000176752146217, 8.1234582467e-05, 5.05710304424e-05, 8.44670939841e-05, 0.000210450409213, 0.000207329343539, 0.000126151106087, 0.000181714829523, 0.000217708409764, 0.000126015293063, 0.000211361650145, 0.000634538591839, 0.000446068239398, 0.00010691506759, 0.000236399748246, 0.000120011580293, 0.000124247890199, 0.000239404223976, 0.000226269490668, 9.80842014542e-05, 0.000130137530505, 0.000131546548801, 9.35656862566e-05, 0.000213231382077, 8.56909246068e-05, 4.7457699111e-05, 0.000473149731988, 0.000391058158129, 0.000326856184984, 1.67268244695e-05, 0.000141160795465, 0.00015728577273, 5.46919072804e-05, 0.000112677487778, 0.000174958346179, 0.000268950650934, 0.000120278287795, 0.000100223987829, 0.000108544809336, 0.000130392814754, 2.90177249553e-05, 2.89817562589e-05, 0.000102093348687, 1.2696583326e-05, 9.37738241191e-06, 3.28013557009e-05, 2.97537881124e-05, 4.57346977782e-05, 2.08077817661e-05, 7.88106444816e-06, 1.8091963284e-05, 2.45403862209e-05, 2.01322163775e-05, 1.20422973851e-05, 1.46073643918e-05, 9.06299010239e-06, 5.12609130965e-06, 6.15262024439e-06, 1.25234801089e-05, 3.15111560667e-06, 6.55795747662e-06, 3.18495403917e-06, 1.83495842521e-06, 4.43058479505e-06, 2.8307233606e-06, 3.38462336913e-06, 1.08242704755e-06, 1.57125850819e-06, 1.77637923571e-06, 2.24627046919e-06, 1.15188174732e-06, 1.06022218915e-06, 6.28241423328e-07, 1.75567924998e-06, 7.54231393785e-07, 5.03708861288e-07, 2.06132625635e-07, 7.34882462439e-07, 4.13694550616e-07, 1.63848767443e-07, 2.50144609026e-07, 2.49747330372e-07, 5.2594806732e-08, 5.37302859982e-08, 5.30003099186e-08, 1.23853789447e-08, 6.17467055264e-09, 4.14435330498e-09, 4.09551859093e-09, 4.14271728033e-09, 4.1727012956e-09, 3.99001454099e-09, 3.89344112506e-09, 3.77050479727e-09, 3.83852727381e-09, 3.791127412e-09, 3.44990125356e-09, 3.05572611659e-09, 2.4743616045e-09, 1.356567636e-09, 5.60898039126e-09, 1.20564216388e-08, 5.6941118487e-11, 5.45595860157e-11, 5.37770314391e-11, 5.27804605577e-11, 5.17820127055e-11, 5.08813338684e-11, 5.00511125601e-11, 4.94141914886e-11, 4.88681005384e-11, 4.84516315957e-11, 4.821622962e-11],
        "min": [6.62003788622e-24, 8.83332441761e-24, 1.77201998689e-23, 4.52782525324e-23, 5.00563357037e-23, 3.1080012105e-23, 1.80316374211e-23, 9.0709608767e-24, 1.59874268559e-24, 8.17595794782e-24, 1.97196056985e-24, 3.27485744041e-24, 4.68747579099e-24, 6.38882354376e-24, 1.46044974827e-23, 2.74925409208e-23, 2.98293614922e-23, 2.59000989658e-23, 1.20732613523e-23, 1.2849427119e-23, 1.55337456524e-23, 3.10830381754e-23, 2.82095555302e-23, 6.05738994532e-24, 4.42048700091e-24, 8.42380857791e-24, 1.15358672156e-23, 2.66362257028e-24, 2.40195622473e-24, 1.66410207956e-23, 1.75571454753e-23, 2.87048773483e-24, 3.56968947057e-24, 1.42462315694e-23, 1.10943985649e-23, 7.63204072026e-24, 8.62115869943e-24, 4.16824083785e-24, 4.45518149795e-24, 5.39241412324e-24, 1.42892702427e-23, 1.07361744613e-23, 1.04031221203e-23, 4.81244831888e-24, 1.13232747237e-23, 1.35591005888e-23, 1.916278034e-23, 3.3323744723e-24, 2.35582817494e-24, 1.28688161368e-24, 9.10437702465e-24, 1.99179458405e-23, 4.01092895715e-24, 1.38335736968e-23, 2.62900486885e-23, 8.66826631725e-24, 6.8496516299e-24, 5.19936960454e-24, 4.85755696317e-24, 1.29789833232e-23, 6.78354981921e-24, 7.45984185098e-24, 5.10425901178e-24, 1.26191885975e-23, 4.33958300419e-24, 8.10680876746e-24, 1.33391709016e-23, 2.01602365789e-23, 1.91615449838e-23, 9.0194522039e-24, 2.19926247777e-23, 2.77301679135e-23, 6.59665131582e-24, 1.28052824628e-23, 1.63357852679e-23, 6.7672764076e-24, 8.82300138381e-24, 6.3019143434e-24, 1.05387572866e-23, 4.6706509656e-24, 1.66885954191e-23, 1.03052994237e-23, 1.30288219775e-23, 1.30589028215e-23, 7.37327462182e-24, 2.05419359998e-24, 5.95270258117e-24, 8.67017457178e-24, 1.14314283426e-23, 2.0962102645e-23, 1.62936679841e-23, 1.80807250798e-23, 1.05663114091e-23, 9.76322813066e-24, 1.45759202076e-23, 1.04283128156e-23, 1.02553369183e-23, 7.58609193911e-24, 9.21454145006e-24, 1.61481894114e-23, 1.09022012828e-23, 6.33733695906e-24, 7.6413642673e-24, 8.40190506602e-24, 1.08344917736e-23, 1.23712141162e-23, 1.17318186867e-23, 1.12872379798e-23, 9.79614887396e-24, 7.69679436766e-24, 5.38573444352e-24, 8.51104633884e-24, 7.74822021007e-24, 1.41092963604e-23, 8.42826879747e-24, 7.23934891708e-24, 7.12833252189e-24, 9.29365709911e-24, 1.28623959923e-23, 1.25430540538e-23, 9.31588798828e-24, 1.32303727833e-23, 1.0176925722e-23, 9.3292938905e-24, 9.0537731753e-24, 7.46400861428e-24, 7.57316645318e-24, 9.38169082069e-24],
        "stdev": [6.79090419453e-07, 2.38622646975e-06, 1.11267117973e-05, 5.44694521523e-05, 0.000136031827424, 0.000301032327116, 0.000200395428692, 0.000161588483024, 0.000288066221401, 0.000262014073087, 0.000188796635484, 0.000163187622093, 9.6170049801e-05, 0.00012786348816, 0.000169345134054, 0.00022207130678, 9.96069647954e-05, 8.71786396601e-05, 0.000117686700833, 0.000262566289166, 0.000328504043864, 0.000174338842044, 0.000232847931329, 0.000258595915511, 0.000178043817868, 0.000311443582177, 0.000788652570918, 0.000829887751024, 0.00016084004892, 0.000642331317067, 0.000253544712905, 0.000182584408321, 0.000329332106048, 0.000385721737985, 0.000115898583317, 0.000244571390795, 0.000274845253443, 0.000140665579238, 0.000379149307264, 0.000139567797305, 6.18631383986e-05, 0.000774515152443, 0.000431550259236, 0.000709665764589, 2.12132636079e-05, 0.000396478280891, 0.0004340839223, 9.42537299125e-05, 0.000174968823558, 0.000234924489632, 0.000352348783053, 0.000178297792445, 0.000126940183691, 0.000163030301337, 0.000175052802661, 4.83587646158e-05, 3.62133796443e-05, 0.000221238165977, 1.69577579072e-05, 1.82868207048e-05, 4.91824575874e-05, 4.69951737614e-05, 7.58425303502e-05, 3.11959920509e-05, 1.04005030153e-05, 4.04631573474e-05, 6.02959335083e-05, 2.59972257481e-05, 1.70446983248e-05, 1.76953071787e-05, 9.64428090811e-06, 6.13510519543e-06, 9.7685469882e-06, 1.85374519788e-05, 3.29377621711e-06, 1.03644752016e-05, 5.49890137336e-06, 2.60529282059e-06, 5.62429841011e-06, 4.58682507087e-06, 4.98965073348e-06, 1.32628611027e-06, 1.9380345293e-06, 2.21438040171e-06, 3.0336736927e-06, 1.6288209963e-06, 2.71486965175e-06, 8.8920393182e-07, 2.79946448245e-06, 9.23042932754e-07, 7.4583846299e-07, 2.41722830197e-07, 1.23897279991e-06, 6.18491355908e-07, 2.07610256098e-07, 3.9910975147e-07, 3.43270130543e-07, 7.75626887162e-08, 7.6004191385e-08, 6.28411953585e-08, 1.3481717076e-08, 4.36560210204e-09, 3.18662563004e-09, 3.25605475915e-09, 2.52097831499e-09, 2.52690757208e-09, 2.42732678402e-09, 2.19260654077e-09, 2.03441907765e-09, 1.99061278572e-09, 1.94033633605e-09, 1.98275529328e-09, 1.81523807097e-09, 1.86598314578e-09, 1.45845446831e-09, 1.84487769506e-09, 2.66551714034e-09, 1.17592158233e-09, 1.19488197114e-09, 1.17867160476e-09, 1.15736509265e-09, 1.13556941628e-09, 1.11609899101e-09, 1.09806563842e-09, 1.08418674039e-09, 1.07212028144e-09, 1.06295483526e-09, 1.05788278137e-09]
    },
    "mfcc": {
        "mean": [-665.854309082, 108.932189941, -61.5243530273, 4.90795707703, -16.0181541443, 2.59144234657, -16.7878036499, 2.81492733955, -7.3141746521, 4.29603338242, -8.92854118347, -1.5935997963, -8.49571609497],
        "cov": [[17389.8203125, 1091.59790039, -2961.99316406, -44.7999038696, -1872.22387695, 616.356750488, -479.206329346, -63.4660110474, -424.040100098, 346.901947021, -824.670410156, -39.6199264526, -242.617263794], [1091.59790039, 493.812896729, -192.153411865, 22.7431621552, -98.9224777222, 37.0649185181, 0.528450608253, -44.9161338806, -8.25878334045, -5.67138385773, -48.325088501, -7.03777265549, 39.9471740723], [-2961.99316406, -192.153411865, 710.010437012, 88.5968704224, 353.06918335, -87.2178726196, 105.566619873, 24.4714813232, 79.8504333496, -47.3243331909, 134.898971558, -0.751301646233, 41.0728988647], [-44.7999038696, 22.7431621552, 88.5968704224, 108.051765442, 35.2220535278, 7.00435733795, 14.6857633591, 5.18577337265, 7.83386611938, -2.61820483208, 2.03534126282, -5.13092184067, 6.15744352341], [-1872.22387695, -98.9224777222, 353.06918335, 35.2220535278, 294.876434326, -48.09608078, 60.4673500061, 13.6586065292, 46.4489860535, -37.9051170349, 105.248405457, 13.1270971298, 19.3864936829], [616.356750488, 37.0649185181, -87.2178726196, 7.00435733795, -48.09608078, 87.7159194946, 17.317407608, -2.70841693878, -17.1960124969, 13.3555145264, -29.5448570251, -0.384345024824, -8.26880168915], [-479.206329346, 0.528450608253, 105.566619873, 14.6857633591, 60.4673500061, 17.317407608, 93.0482940674, 27.4731884003, 26.2178764343, 1.3914270401, 29.2939949036, -2.43936419487, 2.89324617386], [-63.4660110474, -44.9161338806, 24.4714813232, 5.18577337265, 13.6586065292, -2.70841693878, 27.4731884003, 60.6977233887, 19.9600563049, 4.45488882065, 8.75478839874, 3.63499760628, -11.6484870911], [-424.040100098, -8.25878334045, 79.8504333496, 7.83386611938, 46.4489860535, -17.1960124969, 26.2178764343, 19.9600563049, 61.980255127, 14.646276474, 26.7909412384, -2.89255928993, 2.17650198936], [346.901947021, -5.67138385773, -47.3243331909, -2.61820483208, -37.9051170349, 13.3555145264, 1.3914270401, 4.45488882065, 14.646276474, 69.9583282471, 3.54661369324, -2.82483124733, -13.6799736023], [-824.670410156, -48.325088501, 134.898971558, 2.03534126282, 105.248405457, -29.5448570251, 29.2939949036, 8.75478839874, 26.7909412384, 3.54661369324, 89.3892364502, 16.3634109497, 9.92902469635], [-39.6199264526, -7.03777265549, -0.751301646233, -5.13092184067, 13.1270971298, -0.384345024824, -2.43936419487, 3.63499760628, -2.89255928993, -2.82483124733, 16.3634109497, 44.5083312988, 16.6984825134], [-242.617263794, 39.9471740723, 41.0728988647, 6.15744352341, 19.3864936829, -8.26880168915, 2.89324617386, -11.6484870911, 2.17650198936, -13.6799736023, 9.92902469635, 16.6984825134, 50.0741195679]],
        "icov": [[0.000733712979127, -0.000762330833822, 0.00122051429935, -0.00135806156322, 0.00155188411009, -0.00183587311767, 0.00148915755562, -0.00146489031613, 0.0013881289633, -0.00178108399268, 0.00143660861067, -0.000987878767774, 0.00149585667532], [-0.000762330833822, 0.00404207780957, 0.000394379225327, -0.000153034023242, -0.0015717841452, 0.00217781960964, -0.00357309100218, 0.00407578470185, -0.00309286569245, 0.0027895483654, -0.00113782833796, 0.00204604957253, -0.00466033397242], [0.00122051429935, 0.000394379225327, 0.00751441344619, -0.00514845736325, -0.00141253671609, -0.00040566539974, -0.000946890155319, -0.000835750310216, 0.000660767080262, -0.00211952766404, 0.00204188423231, 0.000566891569179, -0.000793087645434], [-0.00135806156322, -0.000153034023242, -0.00514845736325, 0.0144719937816, -0.00314100109972, 0.000648097484373, -0.000753608066589, 0.000221862166654, -0.00162515754346, 0.00191193865612, -0.000787852914073, 0.00253662886098, -0.00269301631488], [0.00155188411009, -0.0015717841452, -0.00141253671609, -0.00314100109972, 0.0149285625666, -0.00481342663988, 0.0027467678301, -0.00196359981783, 0.000852393743116, 0.0011593606323, -0.00444361334667, -0.0036953324452, 0.00552097335458], [-0.00183587311767, 0.00217781960964, -0.00040566539974, 0.000648097484373, -0.00481342663988, 0.0235575493425, -0.0132150743157, 0.00700001930818, 0.000518337707035, 0.00107952184044, 0.00211587711237, -0.000774148094933, -0.00212286482565], [0.00148915755562, -0.00357309100218, -0.000946890155319, -0.000753608066589, 0.0027467678301, -0.0132150743157, 0.0243170764297, -0.0121866101399, 0.000507872318849, -0.00355529156514, -0.00168629840482, 0.00164815923199, 0.00224083848298], [-0.00146489031613, 0.00407578470185, -0.000835750310216, 0.000221862166654, -0.00196359981783, 0.00700001930818, -0.0121866101399, 0.0284943692386, -0.0102724125609, 0.00571040855721, -0.000966290826909, -0.00412882212549, 0.00313288834877], [0.0013881289633, -0.00309286569245, 0.000660767080262, -0.00162515754346, 0.000852393743116, 0.000518337707035, 0.000507872318849, -0.0102724125609, 0.0293338242918, -0.0117164915428, 0.00148433144204, 0.00145799596794, 0.000931128277443], [-0.00178108399268, 0.0027895483654, -0.00211952766404, 0.00191193865612, 0.0011593606323, 0.00107952184044, -0.00355529156514, 0.00571040855721, -0.0117164915428, 0.0252904258668, -0.0101665072143, 0.00242639146745, 0.00053681054851], [0.00143660861067, -0.00113782833796, 0.00204188423231, -0.000787852914073, -0.00444361334667, 0.00211587711237, -0.00168629840482, -0.000966290826909, 0.00148433144204, -0.0101665072143, 0.0287782456726, -0.00989015493542, 0.00298260897398], [-0.000987878767774, 0.00204604957253, 0.000566891569179, 0.00253662886098, -0.0036953324452, -0.000774148094933, 0.00164815923199, -0.00412882212549, 0.00145799596794, 0.00242639146745, -0.00989015493542, 0.0334393158555, -0.0155390603468], [0.00149585667532, -0.00466033397242, -0.000793087645434, -0.00269301631488, 0.00552097335458, -0.00212286482565, 0.00224083848298, 0.00313288834877, 0.000931128277443, 0.00053681054851, 0.00298260897398, -0.0155390603468, 0.0347255207598]]
    },
    "spectral_contrast_coeffs": {
        "max": [-0.514035344124, -0.578120589256, -0.561375141144, -0.591412425041, -0.65457034111, -0.616195559502],
        "mean": [-0.718770325184, -0.796686410904, -0.737401843071, -0.725691616535, -0.756696224213, -0.703428566456],
        "min": [-0.955842077732, -0.959541201591, -0.954135239124, -0.958601236343, -0.951753914356, -0.962162196636],
        "stdev": [0.073256380856, 0.0591045282781, 0.0815967693925, 0.0807016119361, 0.0495654083788, 0.0761491507292]
    },
    "spectral_contrast_valleys": {
        "max": [-6.13514375687, -4.87838983536, -5.90008020401, -5.77180433273, -6.29704809189, -10.2375144958],
        "mean": [-8.12473201752, -6.90585899353, -7.3092956543, -7.42907857895, -7.67953634262, -11.3464450836],
        "min": [-27.5116672516, -27.4915390015, -27.61287117, -27.0481891632, -27.3888587952, -27.2293319702],
        "stdev": [1.36868989468, 1.53220105171, 1.58710932732, 1.48070812225, 1.50712776184, 0.900481939316]
    }
},
"rhythm": {
    "beats_count": 25,
    "beats_loudness": {
        "max": 0.0411119274795,
        "mean": 0.0238984469324,
        "min": 2.04811713047e-05,
        "stdev": 0.0111443791538
    },
    "bpm": 122.302383423,
    "bpm_histogram_first_peak_bpm": 123,
    "bpm_histogram_first_peak_weight": 0.533333301544,
    "bpm_histogram_second_peak_bpm": 117,
    "bpm_histogram_second_peak_spread": 0.444444477558,
    "bpm_histogram_second_peak_weight": 0.208333328366,
    "danceability": 0.911120176315,
    "onset_rate": 0.940485656261,
    "beats_loudness_band_ratio": {
        "max": [0.302919387817, 0.352374404669, 0.385813385248, 0.626576066017, 0.557635545731, 0.116172075272],
        "mean": [0.0582095868886, 0.0742146745324, 0.200234889984, 0.341343581676, 0.307598769665, 0.060808043927],
        "min": [0.000547076575458, 0.00862032547593, 0.0290570948273, 0.0548284985125, 0.18170376122, 0.0249161086977],
        "stdev": [0.0758819803596, 0.0729837715626, 0.0914704799652, 0.145962432027, 0.0918953493237, 0.0263348594308]
    },
    "beats_position": [0.510838985443, 1.03328800201, 1.55573689938, 2.07818579674, 2.60063481331, 3.11147379875, 3.62231278419, 4.13315200806, 4.63238096237, 5.14321994781, 5.65405893326, 6.15328788757, 6.62929677963, 7.10530614853, 7.59292507172, 8.08054447174, 8.56816291809, 9.05578231812, 9.54340076447, 10.0310201645, 10.5186395645, 11.017868042, 11.5170974731, 12.0163259506, 12.5155553818],
