{
"metadata": {
    "version": {
        "essentia": "2.1-beta5",
        "essentia_git_sha": "Undefined",
        "extractor": "music 2.0"
    },
    "audio_properties": {
        "analysis": {
            "equal_loudness": 0,
            "length": 22.6394557953,
            "sample_rate": 44100,
            "start_time": 158.987030029,
            "downmix": "mix"
        },
        "bit_rate": 192000,
        "length": 181.649703979,
        "lossless": 0,
        "number_channels": 2,
        "replay_gain": -6.68457794189,
        "sample_rate": 44100,
        "codec": "mp3",
        "md5_encoded": "246ccea1e08b52ae289c92caa68492c9"
    },
    "tags": {
        "file_name": "Ireland_One Day Love_Angela Farrell.mp3",
        "encoding": ["Lavf58.29.100"]
    }
},
"lowlevel": {
    "average_loudness": 0.912561237812,
    "barkbands_crest": {
        "max": 22.9627037048,
        "mean": 7.76186656952,
        "min": 2.89016914368,
        "stdev": 4.05907058716
    },
    "barkbands_flatness_db": {
        "max": 0.346782058477,
        "mean": 0.172309100628,
        "min": 0.0261461175978,
        "stdev": 0.0680963993073
    },
    "barkbands_kurtosis": {
        "max": 37.3819236755,
        "mean": 0.4918012321,
        "min": -1.76898479462,
        "stdev": 2.81524205208
    },
    "barkbands_skewness": {
        "max": 4.65207862854,
        "mean": 0.204814240336,
        "min": -2.19057750702,
        "stdev": 0.978536248207
    },
    "barkbands_spread": {
        "max": 81.6839523315,
        "mean": 17.1363124847,
        "min": 1.90424108505,
        "stdev": 9.63329315186
    },
    "dissonance": {
        "max": 0.499999850988,
        "mean": 0.469350665808,
        "min": 0.233684509993,
        "stdev": 0.0394697003067
    },
    "dynamic_complexity": 3.82955050468,
    "erbbands_crest": {
        "max": 31.2125072479,
        "mean": 9.48656463623,
        "min": 2.72345542908,
        "stdev": 4.52056503296
    },
    "erbbands_flatness_db": {
        "max": 0.404947757721,
        "mean": 0.255820989609,
        "min": 0.0623867996037,
        "stdev": 0.0668945834041
    },
    "erbbands_kurtosis": {
        "max": 14.9216995239,
        "mean": 0.304261863232,
        "min": -1.78115200996,
        "stdev": 1.45653665066
    },
    "erbbands_skewness": {
        "max": 3.08446741104,
        "mean": -0.197694286704,
        "min": -2.49281978607,
        "stdev": 0.64378541708
    },
    "erbbands_spread": {
        "max": 76.9571075439,
        "mean": 21.2232398987,
        "min": 2.61328625679,
        "stdev": 10.8089418411
    },
    "hfc": {
        "max": 92.0433273315,
        "mean": 24.0514583588,
        "min": 5.49712581233e-07,
        "stdev": 18.0490150452
    },
    "loudness_ebu128": {
        "integrated": -17.8006572723,
        "loudness_range": 6.60610389709,
        "momentary": {
            "max": -14.6665639877,
            "mean": -19.7186145782,
            "min": -48.0506744385,
            "stdev": 5.52524709702
        },
        "short_term": {
            "max": -15.4626865387,
            "mean": -18.5662975311,
            "min": -24.7733592987,
            "stdev": 2.36539506912
        }
    },
    "melbands_crest": {
        "max": 29.320602417,
        "mean": 9.96402740479,
        "min": 3.231310606,
        "stdev": 5.74322271347
    },
    "melbands_flatness_db": {
        "max": 0.397194027901,
        "mean": 0.183164075017,
        "min": 0.075186111033,
        "stdev": 0.0731317028403
    },
    "melbands_kurtosis": {
        "max": 51.4080696106,
        "mean": 2.08780145645,
        "min": -1.64396452904,
        "stdev": 5.65976238251
    },
    "melbands_skewness": {
        "max": 6.49776411057,
        "mean": 0.826387107372,
        "min": -1.69502305984,
        "stdev": 1.25867342949
    },
    "melbands_spread": {
        "max": 73.2601699829,
        "mean": 30.4144229889,
        "min": 2.78962469101,
        "stdev": 13.8259897232
    },
    "pitch_salience": {
        "max": 0.937091231346,
        "mean": 0.638662576675,
        "min": 0.156671270728,
        "stdev": 0.131548926234
    },
    "silence_rate_20dB": {
        "max": 1,
        "mean": 1,
        "min": 1,
        "stdev": 0
    },
    "silence_rate_30dB": {
        "max": 1,
        "mean": 1,
        "min": 1,
        "stdev": 0
    },
    "silence_rate_60dB": {
        "max": 1,
        "mean": 0.0747950822115,
        "min": 0,
        "stdev": 0.263060569763
    },
    "spectral_centroid": {
        "max": 2864.11572266,
        "mean": 1907.89135742,
        "min": 362.110473633,
        "stdev": 504.960144043
    },
    "spectral_complexity": {
        "max": 43,
        "mean": 23.4825820923,
        "min": 0,
        "stdev": 11.6854925156
    },
    "spectral_decrease": {
        "max": -3.58324880627e-17,
        "mean": -3.79797215899e-09,
        "min": -1.6871689823e-08,
        "stdev": 2.7050583995e-09
    },
    "spectral_energy": {
        "max": 0.0680851042271,
        "mean": 0.0165159516037,
        "min": 1.85100573757e-10,
        "stdev": 0.0116426814348
    },
    "spectral_energyband_high": {
        "max": 0.00220521935262,
        "mean": 0.000293711636914,
        "min": 2.13220222728e-11,
        "stdev": 0.000373881979613
    },
    "spectral_energyband_low": {
        "max": 0.00876479782164,
        "mean": 0.000318367849104,
        "min": 3.76712029626e-12,
        "stdev": 0.000612382544205
    },
    "spectral_energyband_middle_high": {
        "max": 0.0439476631582,
        "mean": 0.0110940048471,
        "min": 6.95409563267e-11,
        "stdev": 0.00870777014643
    },
    "spectral_energyband_middle_low": {
        "max": 0.0571351088583,
        "mean": 0.00493895541877,
        "min": 8.45679359873e-11,
        "stdev": 0.00628526834771
    },
    "spectral_entropy": {
        "max": 8.62502384186,
        "mean": 7.32961750031,
        "min": 5.62518692017,
        "stdev": 0.528400719166
    },
    "spectral_flux": {
        "max": 0.18914835155,
        "mean": 0.0678583681583,
        "min": 0.00169267738238,
        "stdev": 0.0343615114689
    },
    "spectral_kurtosis": {
        "max": 54.5252914429,
        "mean": 9.4287519455,
        "min": 0.556701183319,
        "stdev": 9.13072395325
    },
    "spectral_rms": {
        "max": 0.00815012212843,
        "mean": 0.00370632228442,
        "min": 4.24954009759e-07,
        "stdev": 0.0015415326925
    },
    "spectral_rolloff": {
        "max": 9517.67578125,
        "mean": 2296.59570312,
        "min": 366.064453125,
        "stdev": 825.804077148
    },
    "spectral_skewness": {
        "max": 5.36874389648,
        "mean": 1.57385718822,
        "min": 0.45678576827,
        "stdev": 0.709232568741
    },
    "spectral_spread": {
        "max": 9775430,
        "mean": 2556581.25,
        "min": 844663.1875,
        "stdev": 1134728.75
    },
    "spectral_strongpeak": {
        "max": 8.41972160339,
        "mean": 1.6993265152,
        "min": 4.13988964283e-05,
        "stdev": 1.31339216232
    },
    "zerocrossingrate": {
        "max": 0.23388671875,
        "mean": 0.078227058053,
        "min": 0.01806640625,
        "stdev": 0.0232876613736
    },
    "barkbands": {
        "max": [9.58346026891e-06, 0.00117550860159, 0.00351602048613, 0.00874685309827, 0.00437673041597, 0.0245379954576, 0.0394916906953, 0.0372199565172, 0.0285479687154, 0.0203268807381, 0.0171263404191, 0.0144965192303, 0.0173607580364, 0.0148408021778, 0.015361988917, 0.0143437758088, 0.0165059790015, 0.00818285997957, 0.00442499155179, 0.00302662909962, 0.00120000285096, 0.000360511330655, 0.000216841741349, 3.10568138957e-05, 6.10050847172e-06, 5.77137780056e-06, 5.48616571905e-06],
        "mean": [6.30564898074e-07, 5.49135729671e-05, 0.000194902619114, 0.000188518839423, 0.000465458695544, 0.000826593546662, 0.00174015085213, 0.000833527650684, 0.000769074016716, 0.00110021966975, 0.000914330186788, 0.000798544322606, 0.00126361823641, 0.00146333337761, 0.00146034057252, 0.0012830941705, 0.00130830681883, 0.000894632714335, 0.000574972829781, 0.000189328318811, 0.000126073558931, 4.45473451691e-05, 1.6263948055e-05, 3.34216224473e-06, 6.67901645102e-07, 5.73918669033e-07, 1.26417845081e-08],
        "min": [4.61605493413e-12, 6.82888858308e-13, 8.67195963476e-13, 5.50494925252e-13, 1.28625354725e-12, 4.32732539038e-12, 5.20151872963e-11, 1.3515697242e-11, 1.26404563899e-11, 8.75382774081e-13, 2.64449096302e-12, 2.67991705216e-12, 6.51124878841e-13, 1.89426837931e-12, 6.22030378594e-12, 1.35682871188e-11, 2.62838657089e-11, 1.13683455011e-11, 2.84190227774e-12, 1.11974025972e-12, 8.16564860433e-13, 1.30980675524e-12, 1.55699205698e-12, 1.51875463161e-12, 3.80675439088e-12, 4.71961315515e-12, 8.07070296011e-12],
        "stdev": [7.67765129694e-07, 0.000120575503388, 0.000415396149037, 0.000434929999756, 0.000657528406009, 0.00186260486953, 0.00324911484495, 0.00267988047563, 0.00200081733055, 0.00207246397622, 0.0019296851242, 0.00108770676889, 0.00179616827518, 0.00208171224222, 0.00189147365745, 0.00170221878216, 0.00164600263815, 0.00109907740261, 0.000631067960057, 0.000260556204012, 0.000173858745256, 5.81639797019e-05, 2.09112677112e-05, 4.08325013268e-06, 2.32634121744e-07, 1.87937757801e-07, 1.75345036268e-07]
    },
    "erbbands": {
        "max": [0.00934210512787, 0.368686228991, 2.73961877823, 18.3813648224, 16.8336277008, 21.0363235474, 75.57056427, 230.051025391, 327.200958252, 1182.59375, 798.488769531, 807.702880859, 628.397033691, 760.916137695, 585.790039062, 370.658752441, 902.415039062, 391.355407715, 830.923706055, 800.263977051, 636.168762207, 677.000305176, 493.213500977, 267.918640137, 130.933242798, 189.381149292, 45.1437416077, 56.7512664795, 14.4098949432, 8.91944980621, 3.2202630043, 1.08982276917, 0.255897343159, 0.0763027369976, 0.0381916873157, 0.0236648377031, 0.0102827856317, 0.00349421426654, 0.00078324333299, 9.12691102712e-05],
        "mean": [0.000566197268199, 0.0183383971453, 0.170985639095, 0.452548831701, 1.23352408409, 1.45126986504, 2.88673377037, 8.26344871521, 20.6173973083, 27.3243503571, 17.6836700439, 18.5639305115, 23.7369289398, 35.5477218628, 38.3861999512, 35.110206604, 62.5978927612, 56.3814888, 86.9499359131, 82.8310852051, 63.5807113647, 78.2871704102, 50.7994651794, 39.5908470154, 18.3382110596, 10.1749916077, 5.73810911179, 4.30348920822, 1.7917252779, 0.892452776432, 0.376676112413, 0.126017034054, 0.0343724936247, 0.00861697737128, 0.004803577438, 0.00285108434036, 0.00105911132414, 9.67451487668e-05, 1.34412975967e-05, 2.14902029256e-05],
        "min": [5.33073273024e-11, 8.30724933287e-11, 7.51375905939e-10, 1.77671610757e-09, 1.21057519564e-09, 3.51466078463e-09, 2.89030683831e-08, 4.49768258193e-08, 3.9977413735e-07, 9.46629995724e-07, 1.91269336369e-07, 3.2141116435e-07, 6.96866493399e-08, 5.13967037818e-08, 1.3602839033e-07, 9.72856923909e-08, 3.61557894735e-08, 8.31283770708e-08, 1.98224981318e-07, 3.03502332599e-07, 1.10597306957e-06, 1.60737272381e-06, 6.73513966376e-07, 3.28137900851e-07, 7.17011161555e-08, 5.28803454358e-08, 3.61569583163e-08, 3.58713130311e-08, 5.36564321862e-08, 3.62599159587e-08, 4.13238403496e-08, 3.37702914521e-08, 2.82975030075e-08, 3.11113481644e-08, 3.28711813324e-08, 1.9477399249e-08, 9.07392028182e-09, 3.58903062825e-09, 9.65533986097e-10, 1.27209923151e-10],
        "stdev": [0.000956385338213, 0.0371019095182, 0.334387630224, 0.943556666374, 2.20382666588, 2.16271185875, 6.41345119476, 18.462846756, 39.5778236389, 74.4077911377, 55.881652832, 48.826423645, 48.8482093811, 59.6753234863, 69.1410598755, 37.9876060486, 89.7550048828, 61.1987419128, 117.291297913, 103.277885437, 86.2316970825, 95.4533615112, 58.5458831787, 44.7215576172, 17.5973911285, 14.7584810257, 7.13869810104, 7.17399978638, 2.29542350769, 1.14151751995, 0.449802100658, 0.155541226268, 0.0382708720863, 0.00441258307546, 0.00141321029514, 0.000840866588987, 0.000350636517396, 0.00011019485828, 2.57875508396e-05, 1.50528485392e-05]
    },
    "gfcc": {
        "mean": [-62.3923149109, 88.6343002319, -198.674240112, 5.4127202034, -55.2580795288, -12.4565954208, -38.9805259705, -0.348708510399, -21.3958072662, -2.10853910446, -10.7845096588, 3.27077174187, -14.0324687958],
        "cov": [[5464.41845703, 980.15826416, -1320.89208984, 759.159912109, -56.6147422791, -49.0032997131, 491.542266846, -665.190124512, 174.94543457, -332.330444336, -282.888916016, -509.680755615, -32.7076339722], [980.15826416, 545.065002441, 189.210723877, 227.644042969, -100.048774719, -7.69836807251, 109.581321716, -179.285171509, -52.0204086304, -44.7216720581, -89.7391281128, -132.50050354, -45.0901756287], [-1320.89208984, 189.210723877, 1353.77990723, 391.490325928, -347.325805664, 185.706848145, 20.732257843, 2.42341804504, -208.570037842, 97.1494522095, -84.9044799805, 34.3024215698, -71.6151351929], [759.159912109, 227.644042969, 391.490325928, 843.693054199, -162.45880127, 230.030258179, 235.149612427, -255.207046509, -78.0616912842, -85.0083389282, -275.505493164, -187.932998657, -59.4509773254], [-56.6147422791, -100.048774719, -347.325805664, -162.45880127, 362.15838623, 12.2145166397, -72.2149810791, 55.5117149353, 17.0490932465, -4.23485612869, 9.21907615662, 1.63209366798, 14.0775194168], [-49.0032997131, -7.69836807251, 185.706848145, 230.030258179, 12.2145166397, 250.937255859, 150.513183594, -67.915184021, -74.0817184448, -5.79884672165, -106.523384094, -93.7148895264, -57.0145645142], [491.542266846, 109.581321716, 20.732257843, 235.149612427, -72.2149810791, 150.513183594, 226.910247803, -72.4835739136, -13.3960609436, -31.2336597443, -81.1663665771, -108.332923889, -47.6589241028], [-665.190124512, -179.285171509, 2.42341804504, -255.207046509, 55.5117149353, -67.915184021, -72.4835739136, 220.002212524, 55.0316772461, 57.6237373352, 118.952941895, 126.290016174, 30.7043170929], [174.94543457, -52.0204086304, -208.570037842, -78.0616912842, 17.0490932465, -74.0817184448, -13.3960609436, 55.0316772461, 123.160888672, 12.7005624771, 57.0799369812, 32.9170875549, 29.1903553009], [-332.330444336, -44.7216720581, 97.1494522095, -85.0083389282, -4.23485612869, -5.79884672165, -31.2336597443, 57.6237373352, 12.7005624771, 68.5914306641, 60.300327301, 45.0437431335, -1.54247736931], [-282.888916016, -89.7391281128, -84.9044799805, -275.505493164, 9.21907615662, -106.523384094, -81.1663665771, 118.952941895, 57.0799369812, 60.300327301, 194.354034424, 133.40927124, 34.1852073669], [-509.680755615, -132.50050354, 34.3024215698, -187.932998657, 1.63209366798, -93.7148895264, -108.332923889, 126.290016174, 32.9170875549, 45.0437431335, 133.40927124, 168.452041626, 58.3202018738], [-32.7076339722, -45.0901756287, -71.6151351929, -59.4509773254, 14.0775194168, -57.0145645142, -47.6589241028, 30.7043170929, 29.1903553009, -1.54247736931, 34.1852073669, 58.3202018738, 66.7394943237]],
        "icov": [[0.00222347094677, -0.00442225625739, 0.00416834559292, -0.00257060886361, 0.00249365484342, -0.00213894620538, 0.00150636141188, -0.00038509487058, -0.000221904134378, 0.000671620422509, -0.00188826944213, 0.00120925239753, -0.000792392820586], [-0.00442225625739, 0.0159698575735, -0.0134811326861, 0.00734097044915, -0.0103755230084, 0.0144000165164, -0.0128795392811, 0.00945662055165, -0.00222273170948, 0.00211855000816, 0.00186817115173, 0.00093831284903, 0.000882067892235], [0.00416834559292, -0.0134811326861, 0.015425639227, -0.00875386409461, 0.0120731219649, -0.0131516894326, 0.013117111288, -0.0103924544528, 0.00686261802912, -0.00662802392617, -0.00124285230413, -0.000760183029342, 0.000201859962544], [-0.00257060886361, 0.00734097044915, -0.00875386409461, 0.00885089859366, -0.00591867463663, 0.00584958074614, -0.00883586145937, 0.00821909960359, -0.00512910634279, 0.00293582072482, 0.00628532003611, -0.0039464617148, 0.000885786139406], [0.00249365484342, -0.0103755230084, 0.0120731219649, -0.00591867463663, 0.0142926601693, -0.0148853808641, 0.0153404474258, -0.0116017488763, 0.00523103633896, -0.00401421077549, -0.000647866690997, 0.00127511424944, -0.000707020342816], [-0.00213894620538, 0.0144000165164, -0.0131516894326, 0.00584958074614, -0.0148853808641, 0.0302863065153, -0.0255835969001, 0.0148804467171, -0.000637163349893, -0.000715158646926, 0.00336632668041, 0.000468220358016, 0.00180526589975], [0.00150636141188, -0.0128795392811, 0.013117111288, -0.00883586145937, 0.0153404474258, -0.0255835969001, 0.0322596803308, -0.0187905859202, 0.00434662587941, -0.0013784886105, -0.00532755907625, 0.0059371762909, 0.000438919349108], [-0.00038509487058, 0.00945662055165, -0.0103924544528, 0.00821909960359, -0.0116017488763, 0.0148804467171, -0.0187905859202, 0.0266350470483, -0.0112687954679, 0.00383778102696, 0.00245055463165, -0.00767264608294, 0.00232418579981], [-0.000221904134378, -0.00222273170948, 0.00686261802912, -0.00512910634279, 0.00523103633896, -0.000637163349893, 0.00434662587941, -0.0112687954679, 0.022376216948, -0.0112796043977, -0.00166249729227, 0.00248603173532, -0.00354328611866], [0.000671620422509, 0.00211855000816, -0.00662802392617, 0.00293582072482, -0.00401421077549, -0.000715158646926, -0.0013784886105, 0.00383778102696, -0.0112796043977, 0.0374966561794, -0.0122839091346, 0.00535998074338, 0.00215751794167], [-0.00188826944213, 0.00186817115173, -0.00124285230413, 0.00628532003611, -0.000647866690997, 0.00336632668041, -0.00532755907625, 0.00245055463165, -0.00166249729227, -0.0122839091346, 0.0269581638277, -0.0206533968449, 0.00736534688622], [0.00120925239753, 0.00093831284903, -0.000760183029342, -0.0039464617148, 0.00127511424944, 0.000468220358016, 0.0059371762909, -0.00767264608294, 0.00248603173532, 0.00535998074338, -0.0206533968449, 0.0363491922617, -0.0173520259559], [-0.000792392820586, 0.000882067892235, 0.000201859962544, 0.000885786139406, -0.000707020342816, 0.00180526589975, 0.000438919349108, 0.00232418579981, -0.00354328611866, 0.00215751794167, 0.00736534688622, -0.0173520259559, 0.0301223937422]]
    },
    "melbands": {
        "max": [0.000195990651264, 0.00132443686016, 0.00315622193739, 0.00106511893682, 0.0019539273344, 0.00540669402108, 0.00415907846764, 0.0111186457798, 0.00612924806774, 0.00456953700632, 0.00302001554519, 0.00300540518947, 0.00234820391051, 0.00179365416989, 0.00142043537926, 0.00222861836664, 0.000818762229756, 0.00147927482612, 0.00134234502912, 0.00107161339838, 0.000848881260026, 0.000958417600486, 0.000575283193029, 0.000372320093447, 0.00024136454158, 0.000212432714761, 7.40238829167e-05, 0.000141956843436, 3.87276777474e-05, 5.05144198542e-05, 3.05430148728e-05, 9.76005958364e-06, 6.65013612888e-06, 7.0662122198e-06, 2.03790250453e-06, 9.73402848103e-07, 5.50968877633e-07, 2.39099847477e-07, 6.9743379072e-08, 6.38333332859e-08],
        "mean": [9.75867442321e-06, 6.90566303092e-05, 0.000104858954728, 9.66045045061e-05, 9.20828315429e-05, 0.000196388791665, 0.000317311583785, 0.000271185679594, 0.000139767333167, 0.000108408377855, 0.000124677986605, 0.00015099189477, 0.000139422569191, 8.22356596473e-05, 0.0001337013382, 0.000118188690976, 0.000100986995676, 0.000148206352605, 0.000109642984171, 9.87131061265e-05, 6.83476755512e-05, 8.31566503621e-05, 5.8194698795e-05, 4.04921156587e-05, 3.15407669405e-05, 2.06010627153e-05, 6.461204066e-06, 6.56238216834e-06, 3.90939521822e-06, 2.82768382931e-06, 2.08383335121e-06, 1.01146144971e-06, 7.38870767236e-07, 4.21697052388e-07, 2.41834158032e-07, 1.17019041568e-07, 5.84072985532e-08, 2.72262017376e-08, 9.82172387864e-09, 5.84928372405e-09],
        "min": [5.6147323119e-13, 3.0370088497e-13, 2.82029255635e-13, 1.21971999016e-13, 8.52676599033e-13, 9.82305491289e-13, 7.57550445984e-12, 9.00591840686e-12, 1.36143201747e-12, 1.91413248099e-12, 2.6473192128e-13, 1.68245192084e-13, 4.23664358803e-13, 3.92828564816e-13, 8.81189449208e-14, 7.04179146634e-14, 1.72099178441e-13, 2.47045412556e-13, 5.58590174983e-13, 2.55387345386e-13, 1.5869946416e-12, 1.83258204618e-12, 9.58756078001e-13, 3.60803346835e-13, 2.64406769049e-13, 4.29840286086e-14, 4.56566615027e-14, 3.12701660355e-14, 2.52446074299e-14, 1.51988559677e-14, 2.28153542066e-14, 3.68660011101e-14, 1.61747209322e-14, 2.29445080963e-14, 2.50601033252e-14, 2.47698166638e-14, 1.82006340067e-14, 1.79215027692e-14, 2.30440751252e-14, 2.69014801077e-14],
        "stdev": [2.01645998459e-05, 0.000131157736178, 0.000191579005332, 0.000145941667142, 0.000179619150003, 0.00042828838923, 0.000573525088839, 0.000744010496419, 0.000435527210357, 0.000288892013486, 0.000258620129898, 0.00026562390849, 0.000286752037937, 0.000123590871226, 0.000175139633939, 0.000170489773154, 0.000118670213851, 0.000226433781791, 0.000146111400682, 0.000135411202791, 0.000103940401459, 0.000111052744614, 7.13574409019e-05, 5.01636932313e-05, 3.75477611669e-05, 2.47025564022e-05, 8.23512891657e-06, 1.07979985842e-05, 5.21633501194e-06, 4.40503617938e-06, 3.53147811438e-06, 1.33457183438e-06, 1.04627417841e-06, 5.82585755637e-07, 2.94394737921e-07, 1.46673940549e-07, 7.60453602311e-08, 3.37586492094e-08, 7.47440154214e-09, 2.5467132847e-09]
    },
    "melbands128": {
        "max": [4.97567498314e-06, 2.98781269521e-05, 0.000188218764379, 0.000745367258787, 0.00109010457527, 0.00212650583126, 0.00389807135798, 0.00429910607636, 0.00217332039028, 0.00192305468954, 0.00140200415626, 0.00125406833831, 0.00364057393745, 0.00330048403703, 0.0045693772845, 0.0123842572793, 0.0093628661707, 0.00783825293183, 0.00949589908123, 0.0231092907488, 0.0154544664547, 0.00897300150245, 0.0105145415291, 0.00858889892697, 0.00973319448531, 0.00399973848835, 0.00601534266025, 0.00439053028822, 0.006664713379, 0.00714941835031, 0.00555380340666, 0.00395958218724, 0.00485028093681, 0.00241433666088, 0.00433490704745, 0.0020958238747, 0.00165676628239, 0.00268527166918, 0.00368194445036, 0.00314410892315, 0.003934095148, 0.00111067190301, 0.00122915650718, 0.00130103132688, 0.00337675912306, 0.0031515203882, 0.00210990337655, 0.00157092185691, 0.0023669784423, 0.00151424913201, 0.00175578927156, 0.00141885643825, 0.00117627449799, 0.00117307691835, 0.0023979425896, 0.00115273648407, 0.000854561978485, 0.000802947033662, 0.000660906953271, 0.000413962028688, 0.000531675119419, 0.000409962842241, 0.000317481346428, 0.000433654815424, 0.000632816285361, 0.000234145671129, 0.000107441046566, 9.84719881671e-05, 0.000153300978127, 0.000170502331457, 0.000209798439755, 0.000123070465634, 3.41466693499e-05, 7.61681367294e-05, 3.74355695385e-05, 3.99882119382e-05, 0.000104104488855, 0.000109282962512, 1.31085362227e-05, 1.71705505636e-05, 1.66179943335e-05, 1.52821558004e-05, 1.80419301614e-05, 1.42790668178e-05, 5.51322727915e-06, 6.91564127919e-06, 1.32874602059e-05, 3.64258630725e-06, 2.690130259e-06, 1.96533574126e-06, 1.93921641767e-06, 1.28422175294e-06, 1.24689063341e-06, 7.33209049031e-07, 4.21093858449e-07, 5.04890238062e-07, 3.25364879927e-07, 1.04370975862e-07, 1.20902043932e-07, 7.09684115918e-08, 6.63100720999e-08, 6.45794173693e-08, 5.87561821419e-08, 4.59399132069e-08, 3.65549759351e-08, 3.68005110829e-08, 4.37713261192e-08, 4.43380407944e-08, 4.05442150964e-08, 4.4476632155e-08, 3.04590628275e-08, 3.61954661798e-08, 2.90705202133e-08, 3.389582659e-08, 3.12734123042e-08, 2.73992295519e-08, 2.67465747328e-08, 2.55426559903e-08, 2.48241462941e-08, 2.42493261027e-08, 2.36617676563e-08, 2.31696208886e-08, 2.27355272386e-08, 2.2362968366e-08, 2.2067716543e-08, 2.18122337969e-08, 2.16252633578e-08, 2.14991278114e-08],
        "mean": [4.31677761981e-07, 1.77243873623e-06, 8.95418907021e-06, 3.33044336003e-05, 7.0155976573e-05, 0.000103698133898, 7.9840014223e-05, 0.000109370121208, 0.000139193594805, 9.21384271351e-05, 7.40841569495e-05, 7.61652700021e-05, 9.42139522522e-05, 0.000114453665446, 0.000144602774526, 0.000243826681981, 0.000385740800994, 0.000289841264021, 0.000266251910944, 0.00041241265717, 0.000176844929229, 0.00014609110076, 0.000130530825118, 0.000136747432407, 0.000153658809722, 6.624229718e-05, 8.00842317403e-05, 8.14443992567e-05, 0.000230621677474, 0.000190934355487, 9.18171936064e-05, 0.000125704333186, 0.000206191805773, 7.93699509813e-05, 9.44528947002e-05, 7.87875396782e-05, 6.51249938528e-05, 0.00013824616326, 0.000171817446244, 0.000162462558364, 6.88436120981e-05, 0.000119536205602, 9.75315488176e-05, 6.4746447606e-05, 0.000187928788364, 0.000171562394826, 0.000100216115243, 9.89284453681e-05, 0.00011212714162, 0.000134718327899, 9.4042836281e-05, 6.8694454967e-05, 7.38290691515e-05, 6.53625102132e-05, 6.0481892433e-05, 0.000102755075204, 8.4902960225e-05, 6.44234969513e-05, 5.03256087541e-05, 3.66222921002e-05, 4.3308664317e-05, 4.16457260144e-05, 3.05704234052e-05, 2.37796593865e-05, 4.23175151809e-05, 2.1395730073e-05, 8.74374472914e-06, 5.8029909269e-06, 6.06303683526e-06, 6.76950048728e-06, 7.91321417637e-06, 6.50874426356e-06, 2.99812791127e-06, 4.92272965857e-06, 2.3500874704e-06, 1.91141248251e-06, 3.36278185387e-06, 4.35822039435e-06, 9.60335910349e-07, 1.2274834944e-06, 1.07574692265e-06, 8.14968871055e-07, 1.0884356243e-06, 7.6201962429e-07, 4.49836477401e-07, 3.97164342303e-07, 4.90279035148e-07, 3.15137327789e-07, 2.5323436148e-07, 1.42483983723e-07, 1.52348306415e-07, 9.76829639399e-08, 8.0072410924e-08, 6.21815985369e-08, 4.45463008703e-08, 3.45704478377e-08, 2.48988971663e-08, 1.30530048992e-08, 1.06625774876e-08, 7.26821092201e-09, 6.23000051547e-09, 5.45736567048e-09, 5.6537121651e-09, 5.57105561683e-09, 5.28725019322e-09, 5.07980102427e-09, 5.18467357935e-09, 5.22558440963e-09, 4.86961448942e-09, 4.91100538014e-09, 4.43088987723e-09, 3.97749211345e-09, 3.48631101765e-09, 2.82298984189e-09, 1.61800950416e-09, 6.51305509525e-10, 2.76254047415e-10, 2.86966804486e-11, 2.77122491621e-11, 2.70670551944e-11, 2.64188775023e-11, 2.58739210612e-11, 2.53887119661e-11, 2.49625840831e-11, 2.46382237529e-11, 2.4357673864e-11, 2.41533373163e-11, 2.40086926034e-11],
        "min": [1.84778386168e-12, 6.62267441408e-13, 1.41423358484e-13, 1.28817109432e-13, 3.02461289521e-13, 4.62712279516e-13, 4.04819895054e-13, 2.20905325282e-13, 1.07983805545e-13, 4.0019535266e-14, 1.07193381504e-13, 5.43552887162e-13, 1.00834770221e-12, 1.32969210729e-12, 9.18600698979e-13, 2.91308399928e-13, 2.65604031824e-12, 8.21686295394e-12, 1.45716980149e-11, 1.33756972512e-11, 4.58343649493e-12, 7.45667416702e-13, 5.91743288484e-13, 2.28433396331e-12, 2.93371642084e-12, 1.435497771e-12, 5.0375182541e-13, 1.27297911795e-13, 8.41338920732e-14, 9.83514688419e-14, 2.58928132841e-13, 1.69753249543e-13, 5.81702383744e-13, 4.22406846914e-13, 4.37854938938e-13, 4.92737036069e-13, 1.43597170287e-13, 4.76903774446e-14, 5.11490094799e-14, 9.90354987688e-14, 6.71544932293e-14, 4.1628697966e-14, 9.97616770551e-14, 3.59551608322e-13, 1.50033428064e-13, 1.40110823334e-13, 3.67282105337e-13, 8.76462422604e-13, 4.48109973607e-13, 2.95353504024e-13, 1.31461736028e-13, 1.59756404069e-13, 1.63147848096e-12, 2.25413004235e-12, 1.42413392277e-12, 2.54978742113e-12, 1.31445093525e-12, 9.27991516096e-13, 1.07784083308e-12, 3.61268090096e-13, 3.76897325198e-13, 1.92349500043e-13, 4.99138924637e-13, 2.11791318532e-13, 4.30971481646e-14, 3.54413018573e-14, 4.05255900181e-14, 4.81302755355e-14, 4.12236434225e-14, 5.74465605294e-14, 1.48618893207e-14, 3.97397162378e-14, 1.98666580284e-14, 3.15511302523e-14, 1.56837687775e-14, 1.39628265276e-14, 1.69222156497e-14, 1.19840279668e-14, 2.80512172193e-14, 2.45016883844e-14, 4.63514351955e-14, 3.96478572087e-14, 1.68556253075e-14, 1.36990409861e-14, 1.58331667547e-14, 1.55817961751e-14, 2.58872445507e-14, 3.75431836227e-14, 2.5510670643e-14, 1.22600344997e-14, 2.64879433762e-14, 3.19203044801e-14, 2.02964781212e-14, 1.80351593441e-14, 1.40610289864e-14, 1.77501276752e-14, 1.88507521225e-14, 1.94749086784e-14, 2.17579335218e-14, 2.68085690637e-14, 2.11570364906e-14, 2.93127169401e-14, 3.0017262005e-14, 3.39205795613e-14, 4.3168112585e-14, 3.79209704816e-14, 3.6317628592e-14, 4.21378257536e-14, 3.61362415685e-14, 2.92910769424e-14, 2.38468065553e-14, 1.44461231985e-14, 3.56442306226e-14, 3.98379314021e-14, 2.47238837611e-14, 1.99615799286e-14, 2.48696174738e-14, 3.64771723298e-14, 3.99245049455e-14, 3.2054166179e-14, 2.06965927686e-14, 2.98376130932e-14, 3.48203352274e-14, 3.70510845854e-14, 4.79150139704e-14, 3.8192261582e-14, 2.14624308316e-14, 5.63978083798e-14],
        "stdev": [5.087944146e-07, 2.69026281785e-06, 1.913187225e-05, 7.69567632233e-05, 0.000133503141114, 0.00023179926211, 0.000194729698705, 0.000249106873525, 0.00026860871003, 0.000166585319676, 0.000132959947223, 0.000128127314383, 0.000285360845737, 0.000276692444459, 0.000411486777011, 0.000813264516182, 0.000981091870926, 0.000724215991795, 0.000751335872337, 0.00135045265779, 0.000725356687326, 0.000643374864012, 0.000612584350165, 0.000445912883151, 0.000486580916913, 0.000239484084886, 0.000357577460818, 0.000260296219494, 0.000558382715099, 0.000485787575599, 0.000262875459157, 0.000317023921525, 0.000531553523615, 0.000184637945495, 0.000227536715101, 0.000138194998726, 0.000110160799522, 0.000267482944764, 0.000311832583975, 0.000348537287209, 0.000180037066457, 0.000164304423379, 0.000140527525218, 0.000117746691103, 0.000386619736673, 0.000297503458569, 0.000171813851921, 0.000167682053871, 0.000190889433725, 0.000210255733691, 0.00015828058531, 0.000129865846247, 0.000117720563139, 0.000120778589917, 0.000137618422741, 0.000157894959557, 0.000125088510686, 9.85032093013e-05, 8.3707855083e-05, 5.64954098081e-05, 6.06013454671e-05, 6.09964627074e-05, 4.77737848996e-05, 3.80361816497e-05, 7.36901856726e-05, 2.84443103737e-05, 1.17250183393e-05, 9.67427786236e-06, 1.06608385977e-05, 1.34782940222e-05, 1.60781073646e-05, 1.46940255945e-05, 4.70938175567e-06, 8.68212919158e-06, 3.92766742152e-06, 3.80416872758e-06, 6.98046505931e-06, 1.13920968943e-05, 1.43412808029e-06, 2.23621714213e-06, 1.87696571174e-06, 1.30931061904e-06, 2.13356042877e-06, 1.60668241733e-06, 6.9102514999e-07, 6.17621196852e-07, 8.57792826991e-07, 4.39105576788e-07, 3.85286057281e-07, 2.10131759104e-07, 2.25017060984e-07, 1.2719063136e-07, 1.43205440395e-07, 9.33648323098e-08, 6.09114678696e-08, 5.54625430027e-08, 3.72342547905e-08, 1.24457137929e-08, 1.13507878652e-08, 5.17010834145e-09, 3.45880191155e-09, 2.85351164919e-09, 2.69169930789e-09, 2.38616504333e-09, 2.10321404737e-09, 2.0117663091e-09, 2.17867590635e-09, 2.20857776512e-09, 1.95314475704e-09, 2.08854311623e-09, 1.62263436021e-09, 1.65423974519e-09, 1.37185107718e-09, 1.34407607266e-09, 1.08266884347e-09, 8.93384421996e-10, 8.60972293459e-10, 8.17108158913e-10, 7.94127208437e-10, 7.75741137993e-10, 7.56946005875e-10, 7.41196826137e-10, 7.27315319082e-10, 7.15395520601e-10, 7.05948188795e-10, 6.97778113068e-10, 6.91798507368e-10, 6.87763401785e-10]
    },
    "mfcc": {
        "mean": [-686.487304688, 123.0415802, -80.671546936, 12.2011222839, -13.9407176971, -7.21831941605, -15.7067632675, 0.70809674263, -14.3172121048, -4.85319423676, -2.87174797058, -0.920154631138, -2.77683377266],
        "cov": [[6907.49755859, 411.080718994, -1224.24755859, 560.71862793, -717.781494141, 740.51965332, -179.927246094, 23.6431541443, 124.408111572, 256.45501709, -129.71647644, -158.961853027, -337.684753418], [411.080718994, 498.812530518, -67.0359954834, -55.6604576111, 18.924993515, -65.9079818726, -12.9660425186, -73.4052047729, -35.8571472168, -46.0131874084, 39.5390205383, -39.9018974304, -18.6261119843], [-1224.24755859, -67.0359954834, 1685.05297852, 479.978515625, -226.933944702, 283.027923584, 223.427627563, -50.7229919434, 7.44232988358, 34.8052215576, -154.191360474, 35.4010391235, 1.85746622086], [560.71862793, -55.6604576111, 479.978515625, 414.883087158, -141.997390747, 258.833587646, 56.7861442566, 7.76592159271, 50.4327354431, 49.5926094055, -97.6143264771, -23.7265510559, -52.0371284485], [-717.781494141, 18.924993515, -226.933944702, -141.997390747, 295.723114014, -145.88571167, -33.030506134, 0.0459312796593, -17.9386100769, -67.1912384033, 56.9260940552, -15.3204460144, 35.8509292603], [740.51965332, -65.9079818726, 283.027923584, 258.833587646, -145.88571167, 414.576934814, 138.032699585, 13.7620916367, 77.8124389648, 87.4975204468, -63.8395309448, -54.0991630554, -103.864768982], [-179.927246094, -12.9660425186, 223.427627563, 56.7861442566, -33.030506134, 138.032699585, 167.435668945, 32.087059021, 25.9273815155, 35.0440063477, -4.55365085602, -5.05392932892, -13.2240104675], [23.6431541443, -73.4052047729, -50.7229919434, 7.76592159271, 0.0459312796593, 13.7620916367, 32.087059021, 80.2526855469, 33.6462593079, 14.5576334, 6.58585786819, 14.8712520599, 10.9855594635], [124.408111572, -35.8571472168, 7.44232988358, 50.4327354431, -17.9386100769, 77.8124389648, 25.9273815155, 33.6462593079, 87.3940353394, 44.4466171265, -4.14685297012, -17.6210155487, -34.4503135681], [256.45501709, -46.0131874084, 34.8052215576, 49.5926094055, -67.1912384033, 87.4975204468, 35.0440063477, 14.5576334, 44.4466171265, 93.3083877563, 5.8304567337, -0.81177431345, -21.2421321869], [-129.71647644, 39.5390205383, -154.191360474, -97.6143264771, 56.9260940552, -63.8395309448, -4.55365085602, 6.58585786819, -4.14685297012, 5.8304567337, 92.7664413452, 18.2454013824, 14.1405296326], [-158.961853027, -39.9018974304, 35.4010391235, -23.7265510559, -15.3204460144, -54.0991630554, -5.05392932892, 14.8712520599, -17.6210155487, -0.81177431345, 18.2454013824, 75.1339797974, 54.3641014099], [-337.684753418, -18.6261119843, 1.85746622086, -52.0371284485, 35.8509292603, -103.864768982, -13.2240104675, 10.9855594635, -34.4503135681, -21.2421321869, 14.1405296326, 54.3641014099, 101.128471375]],
        "icov": [[0.00254713464528, -0.00339593761601, 0.00391151942313, -0.00409901281819, 0.00444526597857, -0.00423838570714, 0.00383068923838, -0.00289844092913, 0.00384547864087, -0.00333002046682, 0.00242417352274, -0.00197849981487, 0.00192075246014], [-0.00339593761601, 0.0074714445509, -0.00493954215199, 0.00481805205345, -0.00491774361581, 0.00664117652923, -0.00656974827871, 0.00698251277208, -0.0058184270747, 0.00641927728429, -0.00545314466581, 0.00465818122029, -0.00282225152478], [0.00391151942313, -0.00493954215199, 0.00754892174155, -0.00807654019445, 0.00719877053052, -0.00556745100766, 0.00316054397263, -0.00179750600364, 0.00529648084193, -0.00443118950352, 0.00460740365088, -0.00435203313828, 0.00276412838139], [-0.00409901281819, 0.00481805205345, -0.00807654019445, 0.0136469602585, -0.00724522117525, 0.00273712561466, -0.00198527285829, 0.0012372181518, -0.00617806147784, 0.00441762618721, -0.0014317354653, 0.0036580960732, -0.00358660542406], [0.00444526597857, -0.00491774361581, 0.00719877053052, -0.00724522117525, 0.0141335623339, -0.00608908059075, 0.00536985090002, -0.00360623421147, 0.00428779702634, -0.000995739945211, 0.000240661101998, 0.00132311682682, 0.000413577014115], [-0.00423838570714, 0.00664117652923, -0.00556745100766, 0.00273712561466, -0.00608908059075, 0.0159476082772, -0.0129183698446, 0.00800301600248, -0.00810325425118, 0.00411093793809, -0.00318662030622, 0.0040977941826, 0.000906087108888], [0.00383068923838, -0.00656974827871, 0.00316054397263, -0.00198527285829, 0.00536985090002, -0.0129183698446, 0.0206630304456, -0.0132879810408, 0.00843822397292, -0.00751253217459, 0.00198545935564, -0.00102995045017, 0.00104815664236], [-0.00289844092913, 0.00698251277208, -0.00179750600364, 0.0012372181518, -0.00360623421147, 0.00800301600248, -0.0132879810408, 0.0285619776696, -0.0151396878064, 0.00810988619924, -0.0037753644865, -0.00150192854926, -0.00518363155425], [0.00384547864087, -0.0058184270747, 0.00529648084193, -0.00617806147784, 0.00428779702634, -0.00810325425118, 0.00843822397292, -0.0151396878064, 0.0285693760961, -0.0142998378724, 0.00462439330295, -0.00128697836772, 0.00817216094583], [-0.00333002046682, 0.00641927728429, -0.00443118950352, 0.00441762618721, -0.000995739945211, 0.00411093793809, -0.00751253217459, 0.00810988619924, -0.0142998378724, 0.0257081482559, -0.00978041067719, 0.00318235927261, -0.00468533905223], [0.00242417352274, -0.00545314466581, 0.00460740365088, -0.0014317354653, 0.000240661101998, -0.00318662030622, 0.00198545935564, -0.0037753644865, 0.00462439330295, -0.00978041067719, 0.0226723439991, -0.0101990383118, 0.00541406776756], [-0.00197849981487, 0.00465818122029, -0.00435203313828, 0.0036580960732, 0.00132311682682, 0.0040977941826, -0.00102995045017, -0.00150192854926, -0.00128697836772, 0.00318235927261, -0.0101990383118, 0.0315461829305, -0.0153205199167], [0.00192075246014, -0.00282225152478, 0.00276412838139, -0.00358660542406, 0.000413577014115, 0.000906087108888, 0.00104815664236, -0.00518363155425, 0.00817216094583, -0.00468533905223, 0.00541406776756, -0.0153205199167, 0.024648796767]]
    },
    "spectral_contrast_coeffs": {
        "max": [-0.353731691837, -0.406463325024, -0.441337347031, -0.55340731144, -0.495298653841, -0.583944022655],
        "mean": [-0.711836278439, -0.748819947243, -0.746467590332, -0.766194999218, -0.720337331295, -0.722735643387],
        "min": [-0.893098473549, -0.951416909695, -0.924910068512, -0.916446447372, -0.910350859165, -0.916431427002],
        "stdev": [0.0835912227631, 0.12177696079, 0.0879080966115, 0.0584919340909, 0.0828109383583, 0.07572145015]
    },
    "spectral_contrast_valleys": {
        "max": [-5.98891782761, -5.29808330536, -5.81613969803, -5.21801376343, -6.42131280899, -10.1990594864],
        "mean": [-8.45492935181, -7.07626819611, -7.38060665131, -7.22233533859, -7.72095727921, -11.5806808472],
        "min": [-16.6679515839, -14.9472064972, -16.1955833435, -16.2230529785, -16.1555309296, -18.1029930115],
        "stdev": [1.1614522934, 1.06255102158, 1.19134962559, 1.29824209213, 0.957317233086, 0.351807177067]
    }
},
"rhythm": {
    "beats_count": 43,
    "beats_loudness": {
        "max": 0.0485813394189,
        "mean": 0.0175502058119,
        "min": 1.41968357639e-05,
        "stdev": 0.0119324931875
    },
    "bpm": 112.488723755,
    "bpm_histogram_first_peak_bpm": 112,
    "bpm_histogram_first_peak_weight": 0.479999959469,
    "bpm_histogram_second_peak_bpm": 126,
    "bpm_histogram_second_peak_spread": 0.363636374474,
    "bpm_histogram_second_peak_weight": 0.166666671634,
    "danceability": 0.863105177879,
    "onset_rate": 1.633477211,
    "beats_loudness_band_ratio": {
        "max": [0.342635542154, 0.841845870018, 0.761404275894, 0.783174812794, 0.753052175045, 0.193836688995],
        "mean": [0.0595662929118, 0.117095544934, 0.215072318912, 0.269594609737, 0.332654803991, 0.0598877705634],
        "min": [0.000245295668719, 0.00183932541404, 0.0138398818672, 0.0115158660337, 0.00377965229563, 0.00207495270297],
        "stdev": [0.0836710780859, 0.154230967164, 0.197769194841, 0.14590215683, 0.213733106852, 0.0419810824096]
    },
    "beats_position": [0.476009070873, 0.952018141747, 1.42802715302, 1.90403628349, 2.39165520668, 2.87927436829, 3.41333317757, 3.94739222527, 4.48145103455, 5.01551008224, 5.52634906769, 6.04879808426, 6.5596370697, 7.08208608627, 7.60453510284, 8.12698364258, 8.63782310486, 9.14866161346, 9.65950107574, 10.1703395844, 10.7043991089, 11.2268476486, 11.7609071732, 12.294965744, 12.840634346, 13.3979139328, 13.9551925659, 14.512471199, 15.0000905991, 15.4877090454, 15.9637184143, 16.4397277832, 16.9157371521, 17.391746521, 17.9258041382, 18.4598636627, 18.9939231873, 19.5279808044, 20.0504302979, 20.5844898224, 21.1185474396, 21.640996933, 22.1634464264],
