{
"metadata": {
    "version": {
        "essentia": "2.1-beta5",
        "essentia_git_sha": "Undefined",
        "extractor": "music 2.0"
    },
    "audio_properties": {
        "analysis": {
            "equal_loudness": 0,
            "length": 12.7477550507,
            "sample_rate": 44100,
            "start_time": 0,
            "downmix": "mix"
        },
        "bit_rate": 192000,
        "length": 183.785934448,
        "lossless": 0,
        "number_channels": 2,
        "replay_gain": 1.39076042175,
        "sample_rate": 44100,
        "codec": "mp3",
        "md5_encoded": "d794f0f187410ac9029f23fa302e6d02"
    },
    "tags": {
        "file_name": "Sweden_Vita Vidder_Family Four.mp3",
        "encoding": ["Lavf58.29.100"]
    }
},
"lowlevel": {
    "average_loudness": 0.685320198536,
    "barkbands_crest": {
        "max": 19.9903469086,
        "mean": 10.3171520233,
        "min": 2.11700558662,
        "stdev": 3.80795788765
    },
    "barkbands_flatness_db": {
        "max": 0.307639449835,
        "mean": 0.156284689903,
        "min": 0.0219506565481,
        "stdev": 0.0590687431395
    },
    "barkbands_kurtosis": {
        "max": 63.4328460693,
        "mean": 9.91012191772,
        "min": -1.77356088161,
        "stdev": 12.1071548462
    },
    "barkbands_skewness": {
        "max": 6.46388959885,
        "mean": 2.23268151283,
        "min": -1.98853671551,
        "stdev": 1.4706338644
    },
    "barkbands_spread": {
        "max": 90.1089630127,
        "mean": 16.3057842255,
        "min": 1.45408582687,
        "stdev": 17.83943367
    },
    "dissonance": {
        "max": 0.499686866999,
        "mean": 0.439098775387,
        "min": 0.336894541979,
        "stdev": 0.0351215489209
    },
    "dynamic_complexity": 6.32999563217,
    "erbbands_crest": {
        "max": 27.9702320099,
        "mean": 10.5463657379,
        "min": 2.2521777153,
        "stdev": 5.4142203331
    },
    "erbbands_flatness_db": {
        "max": 0.27452775836,
        "mean": 0.174762383103,
        "min": 0.0515635237098,
        "stdev": 0.0439910851419
    },
    "erbbands_kurtosis": {
        "max": 16.7868022919,
        "mean": 1.3180513382,
        "min": -1.85282874107,
        "stdev": 2.76777482033
    },
    "erbbands_skewness": {
        "max": 3.90223360062,
        "mean": 0.904284536839,
        "min": -1.3154528141,
        "stdev": 0.873796582222
    },
    "erbbands_spread": {
        "max": 111.026603699,
        "mean": 31.4095592499,
        "min": 7.73006629944,
        "stdev": 16.4095840454
    },
    "hfc": {
        "max": 63.8736343384,
        "mean": 9.8301897049,
        "min": 1.22331542267e-16,
        "stdev": 12.273850441
    },
    "loudness_ebu128": {
        "integrated": -26.5879135132,
        "loudness_range": 10.0276241302,
        "momentary": {
            "max": -22.0536575317,
            "mean": -30.5652580261,
            "min": -51.0712127686,
            "stdev": 6.90599775314
        },
        "short_term": {
            "max": -23.639169693,
            "mean": -28.7148208618,
            "min": -39.0289077759,
            "stdev": 3.62898945808
        }
    },
    "melbands_crest": {
        "max": 30.9362258911,
        "mean": 14.6568660736,
        "min": 2.18138027191,
        "stdev": 5.93243408203
    },
    "melbands_flatness_db": {
        "max": 0.395933270454,
        "mean": 0.223608151078,
        "min": 0.00928515475243,
        "stdev": 0.0728566050529
    },
    "melbands_kurtosis": {
        "max": 102.905288696,
        "mean": 16.3471946716,
        "min": -1.45431852341,
        "stdev": 16.7999172211
    },
    "melbands_skewness": {
        "max": 7.73289299011,
        "mean": 2.76702570915,
        "min": -0.270011246204,
        "stdev": 1.51310992241
    },
    "melbands_spread": {
        "max": 121.066986084,
        "mean": 17.1163272858,
        "min": 1.35287189484,
        "stdev": 17.5091438293
    },
    "pitch_salience": {
        "max": 0.940848827362,
        "mean": 0.577127933502,
        "min": 0.144462302327,
        "stdev": 0.123199366033
    },
    "silence_rate_20dB": {
        "max": 1,
        "mean": 1,
        "min": 1,
        "stdev": 0
    },
    "silence_rate_30dB": {
        "max": 1,
        "mean": 1,
        "min": 1,
        "stdev": 0
    },
    "silence_rate_60dB": {
        "max": 1,
        "mean": 0.209090903401,
        "min": 0,
        "stdev": 0.406656980515
    },
    "spectral_centroid": {
        "max": 11694.7421875,
        "mean": 969.970703125,
        "min": 250.840362549,
        "stdev": 812.565734863
    },
    "spectral_complexity": {
        "max": 35,
        "mean": 10.9418182373,
        "min": 0,
        "stdev": 8.06971359253
    },
    "spectral_decrease": {
        "max": 1.44694063479e-29,
        "mean": -4.39876091107e-09,
        "min": -2.56202294935e-08,
        "stdev": 4.38810765502e-09
    },
    "spectral_energy": {
        "max": 0.100957073271,
        "mean": 0.017493577674,
        "min": 1.10412326658e-20,
        "stdev": 0.01755059883
    },
    "spectral_energyband_high": {
        "max": 0.00413941591978,
        "mean": 0.000138108356623,
        "min": 8.29639213053e-21,
        "stdev": 0.000453790853499
    },
    "spectral_energyband_low": {
        "max": 0.0179228968918,
        "mean": 0.00221569184214,
        "min": 8.56911391676e-23,
        "stdev": 0.00367633113638
    },
    "spectral_energyband_middle_high": {
        "max": 0.0422692224383,
        "mean": 0.00281253410503,
        "min": 1.63793373318e-21,
        "stdev": 0.00593383610249
    },
    "spectral_energyband_middle_low": {
        "max": 0.0944544672966,
        "mean": 0.0137464869767,
        "min": 1.44537821358e-22,
        "stdev": 0.0137509591877
    },
    "spectral_entropy": {
        "max": 9.79334259033,
        "mean": 7.25671243668,
        "min": 5.77213668823,
        "stdev": 0.571914613247
    },
    "spectral_flux": {
        "max": 0.162225425243,
        "mean": 0.0488623306155,
        "min": 1.05077273271e-10,
        "stdev": 0.0359976105392
    },
    "spectral_kurtosis": {
        "max": 21.8450031281,
        "mean": 6.83722877502,
        "min": -1.17970311642,
        "stdev": 3.30647540092
    },
    "spectral_rms": {
        "max": 0.00992444995791,
        "mean": 0.00352171994746,
        "min": 3.28206255576e-12,
        "stdev": 0.00215971865691
    },
    "spectral_rolloff": {
        "max": 18217.0898438,
        "mean": 1329.42089844,
        "min": 172.265625,
        "stdev": 1790.38256836
    },
    "spectral_skewness": {
        "max": 3.70084285736,
        "mean": 2.04175686836,
        "min": -0.0680167600513,
        "stdev": 0.544590890408
    },
    "spectral_spread": {
        "max": 39696352,
        "mean": 4438873.5,
        "min": 1928756.75,
        "stdev": 2143517.25
    },
    "spectral_strongpeak": {
        "max": 5.36546802521,
        "mean": 0.863716006279,
        "min": 0,
        "stdev": 0.85722309351
    },
    "zerocrossingrate": {
        "max": 0.5068359375,
        "mean": 0.0538503192365,
        "min": 0.009765625,
        "stdev": 0.0481774583459
    },
    "barkbands": {
        "max": [2.14138362935e-05, 0.0012975622667, 0.00775073375553, 0.0123759657145, 0.0264258719981, 0.0352321788669, 0.0446989201009, 0.040667783469, 0.0126469982788, 0.0247043818235, 0.0194493867457, 0.0137620167807, 0.00717162759975, 0.00836918596178, 0.00745278224349, 0.00486536277458, 0.00293889106251, 0.00084721611347, 0.000730213534553, 0.00111651804764, 0.00182770984247, 0.00150207162369, 0.000753294909373, 0.000549353193492, 5.28173950443e-05, 5.41170538781e-06, 6.14602924998e-07],
        "mean": [2.72297870652e-06, 0.000123996884213, 0.000811149133369, 0.00184781290591, 0.00356506719254, 0.00358603615314, 0.00222943210974, 0.00184727541637, 0.000432168744737, 0.000672043068334, 0.000426682003308, 0.000404962454922, 0.000249603646807, 0.000310632953187, 0.000290269439574, 0.00019322281878, 0.000212749495404, 6.43175444566e-05, 6.64784165565e-05, 3.98627271352e-05, 4.13014568039e-05, 3.3852073102e-05, 2.37338699662e-05, 1.05247354441e-05, 4.07189645557e-06, 3.56625082532e-06, 3.75254138874e-08],
        "min": [5.60670455938e-23, 2.4427980387e-23, 2.27674297593e-23, 2.55858672683e-23, 1.79518993608e-23, 1.85185176387e-23, 9.0994726764e-24, 1.27993423401e-23, 5.58717993643e-23, 3.29693560611e-23, 7.43935907757e-23, 1.5509769014e-22, 7.3650206124e-23, 2.07056310274e-22, 9.3960881633e-23, 1.56238597579e-22, 2.83945345772e-22, 2.62345627368e-22, 2.19527898263e-22, 1.54324164691e-22, 3.7971472574e-22, 6.83144254295e-22, 6.79266138355e-22, 9.39755329888e-22, 1.37771060865e-21, 1.84797702425e-21, 2.4734752111e-21],
        "stdev": [2.79448477158e-06, 0.000184203439858, 0.0012836761307, 0.00290806335397, 0.00401106756181, 0.00526544963941, 0.00440923171118, 0.00439148955047, 0.00122552854009, 0.00220875069499, 0.00156715232879, 0.00127869704738, 0.000691239372827, 0.000806049269158, 0.000664652267005, 0.000500178779475, 0.000353426235961, 0.000116380208055, 0.000111706751341, 9.16948993108e-05, 0.000156047244673, 0.000150200547068, 8.09748162283e-05, 4.26199949288e-05, 3.05083358398e-06, 5.62989669106e-07, 3.17444026621e-08]
    },
    "erbbands": {
        "max": [0.00992064084858, 0.392848998308, 4.96953821182, 35.524055481, 85.8870620728, 92.8340072632, 426.003479004, 102.212013245, 364.046173096, 1448.56848145, 677.574279785, 163.896408081, 335.55581665, 903.994873047, 682.413879395, 712.460510254, 219.505249023, 463.186279297, 480.109649658, 257.683166504, 168.800582886, 175.996414185, 61.2318077087, 41.1216468811, 30.43309021, 57.7147026062, 69.5659408569, 64.7665557861, 51.2995452881, 30.1437549591, 20.8397350311, 10.5500717163, 9.35219192505, 1.18781363964, 0.0694886520505, 0.0271488800645, 0.00970749929547, 0.0010259313276, 9.77550735115e-05, 0.00011417902715],
        "mean": [0.00140204618219, 0.0424540936947, 0.615832746029, 4.81984472275, 7.9072060585, 9.98954772949, 38.7663078308, 14.1689844131, 23.5112400055, 50.8729515076, 29.5967445374, 8.68629074097, 18.8505554199, 22.3616485596, 15.2159175873, 20.1306400299, 11.3882474899, 18.497795105, 15.2200908661, 14.4258298874, 8.76560783386, 11.9018259048, 4.07550907135, 3.82919621468, 2.75324201584, 1.94550931454, 1.95696306229, 1.3824608326, 1.25942564011, 0.828037858009, 0.663681209087, 0.291654199362, 0.150215402246, 0.0496667176485, 0.0290459692478, 0.0174921732396, 0.00657163979486, 0.000546356197447, 1.99665737455e-05, 2.06244858418e-05],
        "min": [1.59804953166e-21, 2.65545716729e-21, 1.71139371275e-20, 7.47663158657e-20, 3.7988056374e-20, 6.45760904915e-20, 8.16823923543e-20, 2.15867191883e-19, 1.43525387629e-19, 2.07738449229e-19, 3.52189232244e-19, 1.5114952426e-18, 7.77961401552e-19, 1.94296722916e-18, 4.02990937984e-18, 6.66715762806e-18, 4.47293242668e-18, 1.01114417458e-17, 5.24159125166e-18, 9.70464590105e-18, 6.37042188615e-18, 1.51602122336e-17, 1.5103116919e-17, 1.05902370454e-17, 1.20768452151e-17, 9.04273928361e-18, 1.62693357036e-17, 1.36822844972e-17, 2.53504818102e-17, 2.31882697393e-17, 1.90235013819e-17, 1.95895443837e-17, 1.48817501522e-17, 1.32084895044e-17, 1.04564223833e-17, 5.97339793959e-18, 3.83287288998e-18, 1.40106704441e-18, 4.00243204256e-19, 3.13945350879e-20],
        "stdev": [0.00112990639172, 0.0568106472492, 0.845499277115, 8.11462211609, 11.2418889999, 12.5519371033, 64.2651748657, 16.7873706818, 40.160697937, 120.507194519, 69.22215271, 17.9917182922, 43.1308784485, 78.2956619263, 52.9032440186, 64.3637466431, 26.5498809814, 47.7898521423, 39.645450592, 29.0793380737, 19.4195919037, 20.2681541443, 7.4153676033, 6.28173208237, 4.7608628273, 4.4829211235, 6.51008892059, 5.88916683197, 5.38272666931, 3.20033669472, 2.28321242332, 1.02573168278, 0.695683240891, 0.0876245498657, 0.00665547978133, 0.00327048939653, 0.00116750772577, 0.000103389538708, 9.94767924567e-06, 2.02493374672e-05]
    },
    "gfcc": {
        "mean": [-74.3484802246, 98.0816726685, -113.012557983, 11.3547506332, -63.9379882812, -4.13869524002, -55.4390907288, 4.4108505249, -29.879743576, 0.137495934963, -23.0532894135, 3.11621046066, -16.0589637756],
        "cov": [[9643.09667969, 2608.33813477, -1400.67578125, -160.965820312, -622.778808594, -846.265258789, -326.642028809, -951.528930664, -39.3031005859, -411.38873291, -163.739212036, -467.516967773, -100.864212036], [2608.33813477, 1270.50854492, -199.216705322, -198.27885437, -105.324485779, -417.528717041, -145.968856812, -367.890136719, -73.9858779907, -199.129135132, -70.3021697998, -172.858352661, 2.03225970268], [-1400.67578125, -199.216705322, 711.185546875, 165.741821289, 54.6928672791, 66.2451477051, -46.2839813232, 85.5365905762, -81.5071716309, 26.472070694, -32.8914604187, 65.8191070557, 57.848651886], [-160.965820312, -198.27885437, 165.741821289, 277.423553467, -28.910867691, 23.251455307, -19.6684761047, -43.1737213135, 5.74056148529, 11.3627195358, -30.2407722473, -32.831363678, -10.274523735], [-622.778808594, -105.324485779, 54.6928672791, -28.910867691, 226.97442627, 79.7358856201, 11.3684854507, 123.552322388, -0.389649868011, 36.4151725769, -0.286503404379, 19.5146121979, -25.4252128601], [-846.265258789, -417.528717041, 66.2451477051, 23.251455307, 79.7358856201, 265.616027832, 123.323829651, 172.277038574, 18.3885860443, 68.8093032837, 23.8094806671, 70.3141708374, -10.1740875244], [-326.642028809, -145.968856812, -46.2839813232, -19.6684761047, 11.3684854507, 123.323829651, 130.414260864, 67.3224182129, 11.5859699249, 22.2482471466, 19.6118869781, 15.7218999863, -6.95140600204], [-951.528930664, -367.890136719, 85.5365905762, -43.1737213135, 123.552322388, 172.277038574, 67.3224182129, 273.832855225, 39.2336044312, 83.0344390869, 24.9738540649, 95.7793731689, -12.2046918869], [-39.3031005859, -73.9858779907, -81.5071716309, 5.74056148529, -0.389649868011, 18.3885860443, 11.5859699249, 39.2336044312, 89.7253494263, 31.4111728668, 6.92221212387, -9.42030715942, -26.6093902588], [-411.38873291, -199.129135132, 26.472070694, 11.3627195358, 36.4151725769, 68.8093032837, 22.2482471466, 83.0344390869, 31.4111728668, 82.1860122681, 33.4033584595, 36.0157585144, -4.12424516678], [-163.739212036, -70.3021697998, -32.8914604187, -30.2407722473, -0.286503404379, 23.8094806671, 19.6118869781, 24.9738540649, 6.92221212387, 33.4033584595, 63.7027702332, 51.5906219482, 16.8719940186], [-467.516967773, -172.858352661, 65.8191070557, -32.831363678, 19.5146121979, 70.3141708374, 15.7218999863, 95.7793731689, -9.42030715942, 36.0157585144, 51.5906219482, 126.224586487, 51.3905105591], [-100.864212036, 2.03225970268, 57.848651886, -10.274523735, -25.4252128601, -10.1740875244, -6.95140600204, -12.2046918869, -26.6093902588, -4.12424516678, 16.8719940186, 51.3905105591, 73.3227539062]],
        "icov": [[0.00147081725299, -0.00438576936722, 0.00361051619984, -0.00366901629604, 0.00348485447466, -0.00374665041454, 0.00395770044997, -0.00228952150792, 0.00259614456445, -0.00248837750405, 0.00141899473965, -0.00035642934381, 0.000190295802895], [-0.00438576936722, 0.0163324400783, -0.0113091124222, 0.0136229293421, -0.0113149285316, 0.0143449325114, -0.0127683337778, 0.00939817167819, -0.00814302545041, 0.0101644815877, -0.00366731826216, 0.00177929550409, -2.03341205633e-05], [0.00361051619984, -0.0113091124222, 0.0116355428472, -0.011091995053, 0.00867990124971, -0.00999662652612, 0.0112112071365, -0.00758032593876, 0.0091764871031, -0.00757116777822, 0.00511103728786, -0.00110702682287, -0.0015261011431], [-0.00366901629604, 0.0136229293421, -0.011091995053, 0.0171799398959, -0.00871460698545, 0.00967491883785, -0.00953259225935, 0.0107341576368, -0.00863805506378, 0.00630870275199, -0.00106545200106, 0.00186314841267, 0.00109670171514], [0.00348485447466, -0.0113149285316, 0.00867990124971, -0.00871460698545, 0.0154078518972, -0.0114334747195, 0.0123188039288, -0.00975440256298, 0.00864932592958, -0.00720598828048, 0.00230941758491, 0.00167471624445, 0.00136716407724], [-0.00374665041454, 0.0143449325114, -0.00999662652612, 0.00967491883785, -0.0114334747195, 0.0262926202267, -0.0222234521061, 0.00635530054569, -0.00610299035907, 0.00478575145826, 0.00171321909875, -0.00552978599444, 0.0038615569938], [0.00395770044997, -0.0127683337778, 0.0112112071365, -0.00953259225935, 0.0123188039288, -0.0222234521061, 0.0304136648774, -0.0104506155476, 0.00842383597046, -0.00325860758312, -0.00463827187195, 0.00860466342419, -0.00414071185514], [-0.00228952150792, 0.00939817167819, -0.00758032593876, 0.0107341576368, -0.00975440256298, 0.00635530054569, -0.0104506155476, 0.020567798987, -0.00926237460226, -0.000687636842486, 0.00723368627951, -0.0115069709718, 0.00700735766441], [0.00259614456445, -0.00814302545041, 0.0091764871031, -0.00863805506378, 0.00864932592958, -0.00610299035907, 0.00842383597046, -0.00926237460226, 0.0233154725283, -0.0109256654978, 0.00227653351612, 0.00243527512066, 0.00237211259082], [-0.00248837750405, 0.0101644815877, -0.00757116777822, 0.00630870275199, -0.00720598828048, 0.00478575145826, -0.00325860758312, -0.000687636842486, -0.0109256654978, 0.0354453772306, -0.0196366682649, 0.0075050056912, -0.00181837088894], [0.00141899473965, -0.00366731826216, 0.00511103728786, -0.00106545200106, 0.00230941758491, 0.00171321909875, -0.00463827187195, 0.00723368627951, 0.00227653351612, -0.0196366682649, 0.0423976667225, -0.0227658990771, 0.00559668196365], [-0.00035642934381, 0.00177929550409, -0.00110702682287, 0.00186314841267, 0.00167471624445, -0.00552978599444, 0.00860466342419, -0.0115069709718, 0.00243527512066, 0.0075050056912, -0.0227658990771, 0.0357438027859, -0.0191989727318], [0.000190295802895, -2.03341205633e-05, -0.0015261011431, 0.00109670171514, 0.00136716407724, 0.0038615569938, -0.00414071185514, 0.00700735766441, 0.00237211259082, -0.00181837088894, 0.00559668196365, -0.0191989727318, 0.0299690365791]]
    },
    "melbands": {
        "max": [0.000196446126211, 0.00235134596005, 0.00473204115406, 0.00544903753325, 0.0112244887277, 0.00308131356724, 0.00604846235365, 0.013870771043, 0.00482254242525, 0.00150190864224, 0.00167619844433, 0.00393573381007, 0.00295044737868, 0.00135650171433, 0.00101043842733, 0.000727854203433, 0.000803621835075, 0.000809338933323, 0.000404396036174, 0.000487834389787, 0.000157846137881, 0.000204981522984, 6.50547008263e-05, 5.53814170416e-05, 3.64355255442e-05, 3.04747263726e-05, 2.74579688266e-05, 5.1229402743e-05, 4.1514300392e-05, 4.2905438022e-05, 4.36898189946e-05, 3.63340404874e-05, 2.50046869041e-05, 1.58193615789e-05, 1.41752434502e-05, 1.10049904833e-05, 6.89337957738e-06, 8.41793098516e-06, 2.21621803576e-06, 6.57229804801e-07],
        "mean": [2.13622734009e-05, 0.000296369864373, 0.0008612103411, 0.000598199374508, 0.00110834022053, 0.000412796856835, 0.000381493446184, 0.000533787359018, 0.000197851608391, 5.36192383152e-05, 9.38910234254e-05, 8.92008392839e-05, 5.88248949498e-05, 4.20045398641e-05, 3.74049122911e-05, 2.96257439913e-05, 3.27030393237e-05, 2.35865318245e-05, 1.91812141566e-05, 1.84409545909e-05, 8.5067240434e-06, 1.45580061144e-05, 4.49912431577e-06, 3.38259292221e-06, 3.09291567646e-06, 2.18553077502e-06, 1.53855944518e-06, 1.23135612284e-06, 1.22595247376e-06, 1.00963802652e-06, 7.55212795411e-07, 7.69481175666e-07, 5.45649413652e-07, 4.28085172643e-07, 4.08037152511e-07, 2.70688218507e-07, 1.45832785847e-07, 1.24652018485e-07, 5.39366880048e-08, 3.61621914635e-08],
        "min": [1.21189079998e-23, 7.79640856733e-24, 1.11800309939e-23, 3.09476305955e-24, 3.48398643854e-24, 4.38062270392e-24, 2.2272698798e-24, 2.45948489232e-24, 2.90998383098e-24, 1.0049892295e-23, 3.36882260714e-24, 7.12121068564e-24, 1.1944125611e-23, 1.79026665517e-23, 1.22867641898e-23, 8.11283014274e-24, 2.09294942906e-23, 8.25531025514e-24, 1.05912473024e-23, 1.19269899744e-23, 6.7743911441e-24, 1.44484497516e-23, 1.57295929939e-23, 1.40341668255e-23, 7.36684540544e-24, 9.3703343791e-24, 7.05975132137e-24, 5.04700585386e-24, 1.18248798189e-23, 6.76116510216e-24, 7.7865217736e-24, 1.38616839663e-23, 1.38219569311e-23, 1.29680710103e-23, 9.47160676439e-24, 1.12577440483e-23, 1.24871853468e-23, 1.06259011731e-23, 9.53253838071e-24, 1.14138343779e-23],
        "stdev": [2.80806525552e-05, 0.000426546292147, 0.00114421406761, 0.000768839672673, 0.00173384509981, 0.000513282604516, 0.0006606822717, 0.0012631805148, 0.000484442192828, 0.000138517600135, 0.000214487794437, 0.00032777825254, 0.000217965891352, 0.000131591921672, 0.00010146801651, 8.07303076726e-05, 8.36403414723e-05, 6.59832730889e-05, 4.24270547228e-05, 4.51038795291e-05, 1.98129582714e-05, 2.46111849265e-05, 8.05805029813e-06, 6.64796834826e-06, 5.24434972249e-06, 3.92424362872e-06, 2.99637713397e-06, 3.33939919983e-06, 3.95264260078e-06, 3.91045841752e-06, 3.48268554262e-06, 3.41168424711e-06, 2.37326457864e-06, 1.5458361986e-06, 1.36923631544e-06, 9.69644474935e-07, 5.43534383723e-07, 6.38266385522e-07, 1.6357969912e-07, 3.94466965759e-08]
    },
    "melbands128": {
        "max": [1.52293068822e-05, 5.74539662921e-05, 0.000185420853086, 0.000875024241395, 0.00112642662134, 0.00517070759088, 0.00930002890527, 0.00690425746143, 0.0123025309294, 0.00606293464079, 0.00591285526752, 0.00637105666101, 0.0215954631567, 0.0108145438135, 0.00112423719838, 0.00499078771099, 0.00535713648424, 0.0105310911313, 0.0110079329461, 0.0286033712327, 0.0172742847353, 0.01104914397, 0.00618069292977, 0.0010083882371, 0.000435209047282, 0.00246847863309, 0.00442577386275, 0.00256499834359, 0.000953982234932, 0.00706970971078, 0.00409506447613, 0.00436099572107, 0.00532933371142, 0.00260090758093, 0.000332059862558, 0.00188560632523, 0.00373764056712, 0.00103972223587, 0.000608586298767, 0.000328770343913, 0.00109044462442, 0.00184259866364, 0.00129231705796, 0.000756512279622, 0.000553940190002, 0.00171171827242, 0.000852540601045, 0.000743938609958, 0.000413108879002, 0.000876047473866, 0.000926763459574, 0.000717040442396, 0.000168019978446, 0.000382935453672, 0.000362403108738, 0.000367635628209, 0.000233854836551, 8.89188158908e-05, 5.23747730767e-05, 7.93621002231e-05, 0.000101102647022, 3.57701464964e-05, 5.17780172231e-05, 8.64592511789e-05, 7.40811301512e-05, 3.69755107386e-05, 3.69639055862e-05, 2.92050372082e-05, 3.9560982259e-05, 1.95707889361e-05, 5.70764386794e-05, 7.82538409112e-05, 3.32146555593e-05, 6.99361553416e-05, 6.15534227109e-05, 4.59294751636e-05, 5.52671262994e-05, 5.43454989383e-05, 3.56251439371e-05, 7.04690028215e-05, 5.30425277248e-05, 3.16895748256e-05, 3.67293359886e-05, 3.01650125039e-05, 2.63985057245e-05, 2.61566128756e-05, 1.49335883179e-05, 2.06420718314e-05, 1.51650783664e-05, 1.69715676748e-05, 1.49363422679e-05, 7.56767121857e-06, 7.71597296989e-06, 5.62800596526e-06, 8.25254119263e-06, 1.17552435768e-05, 1.03502352431e-05, 5.29247563463e-06, 1.88086869457e-06, 1.90620835383e-06, 1.34026959131e-06, 4.66225998252e-07, 8.11338196627e-08, 7.48515773807e-08, 7.54058575581e-08, 8.14026179796e-08, 8.15221028461e-08, 7.89660532519e-08, 7.28768299041e-08, 7.22765136629e-08, 5.38680104967e-08, 5.82932244697e-08, 4.94001604068e-08, 4.09543723379e-08, 2.82111400907e-08, 8.50706616262e-09, 4.33115321385e-09, 2.65105071229e-09, 2.65743294037e-09, 2.64748223344e-09, 2.62543142782e-09, 2.57013654803e-09, 2.54563614632e-09, 2.50257325973e-09, 2.43080600093e-09, 2.48652298751e-09, 2.52063214745e-09, 2.4426460854e-09],
        "mean": [2.01074340112e-06, 6.48908689982e-06, 1.40420997923e-05, 7.71198174334e-05, 0.000128212486743, 0.000514908635523, 0.00111858302262, 0.0007189019816, 0.00092501391191, 0.000506553449668, 0.000440520612756, 0.000777019013185, 0.00187227467541, 0.000811316713225, 8.90626179171e-05, 0.000376968004275, 0.000416181166656, 0.000294492230751, 0.00040097584133, 0.000775751715992, 0.000459417060483, 0.000257918378338, 0.000226095537073, 4.72436731798e-05, 1.77848633029e-05, 5.44846989214e-05, 0.000127139981487, 0.000109113316284, 4.27290760854e-05, 0.000113559588499, 8.90067676664e-05, 7.2697584983e-05, 8.17176187411e-05, 2.86492468149e-05, 1.11480558189e-05, 5.35369617864e-05, 8.53259698488e-05, 2.72658471658e-05, 2.01026814466e-05, 1.59294850164e-05, 2.54758469964e-05, 6.21970102657e-05, 3.48438697984e-05, 1.95328520931e-05, 1.55018460646e-05, 2.94963028864e-05, 2.70664695563e-05, 1.5114168491e-05, 1.59841183631e-05, 2.44614311669e-05, 2.07565590244e-05, 1.18623584058e-05, 4.86382396048e-06, 7.4420963756e-06, 1.47880482473e-05, 1.97436947929e-05, 1.02566673377e-05, 4.86906446895e-06, 2.65374592345e-06, 2.60892534243e-06, 4.1563484956e-06, 3.16245018439e-06, 3.1589001992e-06, 3.52609299625e-06, 2.1654293505e-06, 2.1068674414e-06, 2.25769963436e-06, 1.79075800588e-06, 1.34777394578e-06, 1.19437243029e-06, 1.22428093619e-06, 1.38167274599e-06, 9.30205601435e-07, 1.33892410759e-06, 1.34364734095e-06, 1.13125952339e-06, 7.79696904374e-07, 7.46091075143e-07, 6.4478740569e-07, 9.21692901557e-07, 8.36841252294e-07, 7.01561987171e-07, 6.32489729924e-07, 5.64911147194e-07, 4.12378824421e-07, 4.61060352563e-07, 4.16406777504e-07, 4.09648663435e-07, 4.19985212829e-07, 4.0199094542e-07, 3.42763826211e-07, 2.25151126187e-07, 1.64986715845e-07, 1.33198142294e-07, 1.37424081004e-07, 1.55715312644e-07, 1.29475566268e-07, 7.37700318609e-08, 5.12807112329e-08, 4.32035704989e-08, 4.16965484362e-08, 3.31968657008e-08, 3.2243335113e-08, 3.29771232543e-08, 3.30466924936e-08, 3.17001109806e-08, 3.18829336265e-08, 3.20268469522e-08, 3.02297102905e-08, 3.05125062994e-08, 2.71907421023e-08, 2.50680027847e-08, 2.22081286694e-08, 1.77177916783e-08, 9.90897053299e-09, 3.80688902624e-09, 1.37741396067e-09, 9.08967085628e-12, 8.19413720904e-12, 8.15079167354e-12, 8.07074806292e-12, 7.95562921097e-12, 7.81947076534e-12, 7.67531090767e-12, 7.55904713823e-12, 7.67560234122e-12, 7.75187553037e-12, 7.53996171055e-12],
        "min": [2.03544746442e-23, 1.75800382187e-23, 8.01162796607e-24, 2.88496846003e-24, 4.65519402502e-24, 1.36718209236e-23, 1.78252982296e-23, 9.70116528781e-24, 2.36600408619e-24, 1.91299321719e-24, 3.11762424858e-24, 7.15158261935e-24, 2.05338028439e-24, 1.29636076353e-24, 5.02265056227e-24, 6.65556897025e-24, 2.34655334006e-24, 1.41688431314e-24, 1.85398760477e-24, 2.22963133492e-24, 3.00561053599e-24, 2.71348212937e-24, 2.71368545826e-24, 2.66505711384e-24, 1.1720201921e-23, 1.39583809583e-23, 2.97920400883e-24, 2.22510228725e-24, 3.53810663537e-24, 5.04367449426e-24, 9.29254638295e-24, 9.02865189977e-24, 1.26138101438e-23, 1.37751617022e-23, 1.19494559441e-23, 2.40902706112e-23, 2.11166341855e-23, 7.28199789306e-24, 1.10321045858e-23, 1.07373766853e-23, 3.92703123329e-24, 8.17703947613e-24, 2.68958591538e-23, 2.67538389473e-23, 1.02911314819e-23, 5.26987207579e-24, 4.10348324614e-24, 9.53456338665e-24, 9.95969551683e-24, 2.14346382159e-23, 1.27496346368e-23, 3.07284100942e-24, 5.48558924577e-24, 8.70527178231e-24, 8.36715022112e-24, 1.24476523714e-23, 2.10520501432e-23, 2.34938917669e-23, 1.00522588777e-23, 9.67573398994e-24, 1.96329572167e-23, 1.11455956377e-23, 9.28946745884e-24, 3.6830105229e-24, 9.07801881522e-24, 9.34219492175e-24, 1.00430725925e-23, 9.18580640273e-24, 5.56884602013e-24, 6.08775122941e-24, 4.91501128061e-24, 4.22409337323e-24, 6.55100309068e-24, 2.03504340986e-23, 7.80551123332e-24, 3.33080661125e-24, 8.96099051107e-24, 7.95763043711e-24, 5.71952476392e-24, 1.02560121832e-23, 1.00393649462e-23, 1.57132193969e-23, 2.16869206665e-23, 1.12673886617e-23, 9.79759327828e-24, 1.67153488478e-23, 1.33694363391e-23, 5.71456716756e-24, 7.37302060861e-24, 1.44016103465e-23, 1.33568508522e-23, 8.22779636449e-24, 1.11957908571e-23, 1.73011112021e-23, 7.62429252845e-24, 1.17497345067e-23, 1.21333473098e-23, 7.49912081317e-24, 1.09583066481e-23, 7.49289748949e-24, 1.36776332507e-23, 9.75684151277e-24, 1.22808571993e-23, 1.71958755797e-23, 9.69942900495e-24, 1.01856402684e-23, 1.4006742865e-23, 5.36877748393e-24, 1.01709303791e-23, 8.83592213658e-24, 1.98173566087e-23, 8.81628659978e-24, 1.05281542072e-23, 1.48767286479e-23, 1.54363449964e-23, 7.6185851198e-24, 8.23384219447e-24, 1.33401995763e-23, 1.47642497046e-23, 1.35556311786e-23, 9.62072671902e-24, 1.64593224633e-23, 8.6551475604e-24, 5.79607069856e-24, 1.01932156997e-23, 6.69551451991e-24, 8.33518321066e-24, 1.15634528926e-23],
        "stdev": [2.07908442462e-06, 6.16629495198e-06, 1.78307727765e-05, 0.00012435131066, 0.000178618080099, 0.000880534818862, 0.00211096275598, 0.000995556707494, 0.00153881858569, 0.000796783249825, 0.000776082451921, 0.00106088328175, 0.00321802170947, 0.00146528903861, 0.00011686153448, 0.000628493144177, 0.000672985275742, 0.000972293142695, 0.00102589640301, 0.0020870778244, 0.00152143056039, 0.000833120022435, 0.00064469280187, 0.000119276010082, 4.88823716296e-05, 0.000176940913661, 0.000425035221269, 0.000270491436822, 0.000115887487482, 0.000498385401443, 0.00039577257121, 0.000333207397489, 0.000336972123478, 0.000166773155797, 3.69421977666e-05, 0.000195921616978, 0.000314355973387, 8.0533696746e-05, 5.64734255022e-05, 4.05375212722e-05, 9.50554094743e-05, 0.000205163611099, 0.000112865949632, 6.56552001601e-05, 5.40103465028e-05, 0.000114712529466, 8.44556416268e-05, 5.89478077018e-05, 3.82590442314e-05, 6.32146256976e-05, 7.04701960785e-05, 4.97989349242e-05, 1.40157126225e-05, 2.28990356845e-05, 3.07525006065e-05, 3.82690086553e-05, 2.20023357542e-05, 1.06861516542e-05, 4.9620007303e-06, 7.29451448933e-06, 1.02961694211e-05, 5.6965263866e-06, 6.41769156573e-06, 7.7330350905e-06, 4.92838535138e-06, 4.46536751042e-06, 4.50167317467e-06, 3.61132788385e-06, 3.31254182129e-06, 2.4648136332e-06, 3.53683390131e-06, 4.79327945868e-06, 2.89785748464e-06, 4.87234410684e-06, 5.10415111421e-06, 4.23197752752e-06, 3.68030009668e-06, 3.68652035831e-06, 2.84068505607e-06, 5.22495201949e-06, 4.12891813539e-06, 2.82966607301e-06, 2.62729827227e-06, 2.73072805612e-06, 1.94135623133e-06, 1.97234339794e-06, 1.37447455018e-06, 1.34699803311e-06, 1.40290728723e-06, 1.59605440331e-06, 1.39446501635e-06, 7.38195410577e-07, 5.62932484627e-07, 4.5798640258e-07, 6.00792191108e-07, 8.5665971028e-07, 7.1868652185e-07, 3.29590164938e-07, 1.432211576e-07, 1.00487412169e-07, 7.94144554561e-08, 2.84503780534e-08, 1.24169821092e-08, 1.14789902028e-08, 1.1980183956e-08, 1.02881525521e-08, 1.0666925121e-08, 1.12430633692e-08, 1.00787422852e-08, 9.45484401882e-09, 8.26994384084e-09, 7.94670640403e-09, 6.87154688706e-09, 5.79825742975e-09, 3.35447691846e-09, 1.33101507593e-09, 7.2297212661e-10, 1.12845163769e-10, 1.13149566106e-10, 1.12724503343e-10, 1.11782187673e-10, 1.09425225825e-10, 1.08383454989e-10, 1.06551004131e-10, 1.03492749093e-10, 1.05862499322e-10, 1.07313380404e-10, 1.03994583778e-10]
    },
    "mfcc": {
        "mean": [-720.85546875, 139.44468689, -1.61122047901, 15.0780448914, 2.17785191536, -8.84996318817, -15.6748580933, -4.90246009827, -9.55777454376, -6.90138483047, -8.45351791382, -3.24411535263, -2.27113866806],
        "cov": [[7770.9296875, 2001.9197998, -895.027404785, 237.326126099, -708.799194336, 41.0727386475, -680.75592041, -469.839569092, -502.873413086, -28.9439563751, -435.461761475, -211.54258728, -129.170928955], [2001.9197998, 1217.55078125, -174.810119629, 41.6518707275, -89.5026779175, -122.793022156, -150.813537598, -170.555664062, -131.460464478, -129.130279541, -209.113876343, -68.5718078613, 31.6329441071], [-895.027404785, -174.810119629, 577.278503418, 145.586380005, 58.2461662292, 19.9233551025, 35.6080207825, -25.4359474182, 49.8076591492, -89.2788696289, -86.4378051758, 6.84226465225, 21.0255508423], [237.326126099, 41.6518707275, 145.586380005, 226.09866333, 38.9036903381, 13.2953996658, -74.6401519775, -93.3620605469, -34.5645027161, -27.0087032318, -72.1029434204, -30.9267959595, -19.8362369537], [-708.799194336, -89.5026779175, 58.2461662292, 38.9036903381, 212.645950317, -20.6202125549, 45.3832359314, 33.015914917, 54.0622024536, 5.47843599319, 46.657749176, 15.0455856323, 9.5283870697], [41.0727386475, -122.793022156, 19.9233551025, 13.2953996658, -20.6202125549, 116.771606445, 30.2050647736, 5.24759531021, -2.94468450546, 33.445602417, 7.11431455612, -11.187292099, -19.6469841003], [-680.75592041, -150.813537598, 35.6080207825, -74.6401519775, 45.3832359314, 30.2050647736, 172.555953979, 91.4361801147, 57.6974868774, 8.7531003952, 53.9321479797, 15.2303104401, 20.2926540375], [-469.839569092, -170.555664062, -25.4359474182, -93.3620605469, 33.015914917, 5.24759531021, 91.4361801147, 134.837738037, 66.439414978, 28.5700836182, 71.5577392578, 30.728269577, 15.3843832016], [-502.873413086, -131.460464478, 49.8076591492, -34.5645027161, 54.0622024536, -2.94468450546, 57.6974868774, 66.439414978, 96.3725585938, 27.2030220032, 42.7856559753, 26.6314926147, 12.9612874985], [-28.9439563751, -129.130279541, -89.2788696289, -27.0087032318, 5.47843599319, 33.445602417, 8.7531003952, 28.5700836182, 27.2030220032, 107.9190979, 73.6570129395, 5.30191040039, -19.7343120575], [-435.461761475, -209.113876343, -86.4378051758, -72.1029434204, 46.657749176, 7.11431455612, 53.9321479797, 71.5577392578, 42.7856559753, 73.6570129395, 140.053222656, 41.7788696289, -5.36935949326], [-211.54258728, -68.5718078613, 6.84226465225, -30.9267959595, 15.0455856323, -11.187292099, 15.2303104401, 30.728269577, 26.6314926147, 5.30191040039, 41.7788696289, 58.9845161438, 25.9734382629], [-129.170928955, 31.6329441071, 21.0255508423, -19.8362369537, 9.5283870697, -19.6469841003, 20.2926540375, 15.3843832016, 12.9612874985, -19.7343120575, -5.36935949326, 25.9734382629, 60.8518753052]],
        "icov": [[0.0010419995524, -0.0013458422618, 0.00114795472473, -0.00145817606244, 0.00209980760701, -0.00159721635282, 0.00189434445929, -0.00129390845541, 0.000944587634876, -0.000838630308863, 0.000900057901163, -0.0007218963583, 0.000804812414572], [-0.0013458422618, 0.00342938513495, -0.000618532591034, 0.00223084236495, -0.00290936022066, 0.00324074551463, -0.00254165381193, 0.00290254037827, -0.000968401378486, 0.00148400722537, 0.00107381655835, 0.00125416112132, -0.00183601281606], [0.00114795472473, -0.000618532591034, 0.00492720911279, -0.00360668054782, 0.00236936053261, -0.00214032013901, 0.000937917793635, -0.000198082765564, -0.0019654862117, 0.00182544637937, 0.00317026535049, -0.00205434393138, 0.000722664233763], [-0.00145817606244, 0.00223084236495, -0.00360668054782, 0.0119495326653, -0.00642354972661, 0.000937029486522, -7.05352213117e-05, 0.00561824021861, 0.000322682579281, -0.000393888942199, 0.00156110036187, 0.00174082489684, -3.78641220777e-06], [0.00209980760701, -0.00290936022066, 0.00236936053261, -0.00642354972661, 0.0117444731295, -0.00176620983984, 0.00251129921526, -0.00270589790307, -0.00189007422887, 0.000372965296265, -0.00281598931178, 0.000506996002514, 0.000553149031475], [-0.00159721635282, 0.00324074551463, -0.00214032013901, 0.000937029486522, -0.00176620983984, 0.015874158591, -0.00749514903873, 0.00215761410072, 0.00200677290559, -0.00487783038989, 0.00258255098015, 9.18391233427e-05, 0.00150499818847], [0.00189434445929, -0.00254165381193, 0.000937917793635, -7.05352213117e-05, 0.00251129921526, -0.00749514903873, 0.0162238646299, -0.00708337407559, -0.000855498306919, 0.00251411390491, -0.00297032832168, 0.00456302147359, -0.0026494867634], [-0.00129390845541, 0.00290254037827, -0.000198082765564, 0.00561824021861, -0.00270589790307, 0.00215761410072, -0.00708337407559, 0.0214802920818, -0.0088186878711, 0.00289216893725, -0.00341231399216, 0.000451829866506, -0.00198136619292], [0.000944587634876, -0.000968401378486, -0.0019654862117, 0.000322682579281, -0.00189007422887, 0.00200677290559, -0.000855498306919, -0.0088186878711, 0.0248109903187, -0.0099626891315, 0.00546129373834, -0.00649400893599, 0.00148961506784], [-0.000838630308863, 0.00148400722537, 0.00182544637937, -0.000393888942199, 0.000372965296265, -0.00487783038989, 0.00251411390491, 0.00289216893725, -0.0099626891315, 0.0240573547781, -0.0137204118073, 0.00764544261619, -0.00106371054426], [0.000900057901163, 0.00107381655835, 0.00317026535049, 0.00156110036187, -0.00281598931178, 0.00258255098015, -0.00297032832168, -0.00341231399216, 0.00546129373834, -0.0137204118073, 0.0287075769156, -0.0163103509694, 0.00777585571632], [-0.0007218963583, 0.00125416112132, -0.00205434393138, 0.00174082489684, 0.000506996002514, 9.18391233427e-05, 0.00456302147359, 0.000451829866506, -0.00649400893599, 0.00764544261619, -0.0163103509694, 0.0361064225435, -0.015580537729], [0.000804812414572, -0.00183601281606, 0.000722664233763, -3.78641220777e-06, 0.000553149031475, 0.00150499818847, -0.0026494867634, -0.00198136619292, 0.00148961506784, -0.00106371054426, 0.00777585571632, -0.015580537729, 0.0273031052202]]
    },
    "spectral_contrast_coeffs": {
        "max": [-0.404379248619, -0.483478575945, -0.547773957253, -0.653729319572, -0.608928740025, -0.626488804817],
        "mean": [-0.644615411758, -0.73124229908, -0.769391953945, -0.804121911526, -0.802186250687, -0.810644447803],
        "min": [-0.956059455872, -0.95383644104, -0.946781516075, -0.964207410812, -0.958089232445, -0.955535411835],
        "stdev": [0.120134025812, 0.0839844420552, 0.0661930516362, 0.0510596185923, 0.0375990495086, 0.0492192320526]
    },
    "spectral_contrast_valleys": {
        "max": [-5.68226861954, -5.24482011795, -5.53028678894, -6.38406038284, -6.79700040817, -9.12280082703],
        "mean": [-7.51762247086, -7.22465848923, -8.06790447235, -8.36512565613, -8.43844032288, -10.9583930969],
        "min": [-27.3930110931, -27.8646125793, -27.7534561157, -27.3036327362, -27.2795543671, -27.3490486145],
        "stdev": [1.31464207172, 1.33534181118, 1.26682591438, 1.23039782047, 1.13075470924, 0.818782746792]
    }
},
"rhythm": {
    "beats_count": 25,
    "beats_loudness": {
        "max": 0.0612465627491,
        "mean": 0.0225032120943,
        "min": 8.53475357872e-05,
        "stdev": 0.0173288490623
    },
    "bpm": 112.061630249,
    "bpm_histogram_first_peak_bpm": 112,
    "bpm_histogram_first_peak_weight": 0.375,
    "bpm_histogram_second_peak_bpm": 117,
    "bpm_histogram_second_peak_spread": 0,
    "bpm_histogram_second_peak_weight": 0.208333328366,
    "danceability": 0.879442214966,
    "onset_rate": 1.80259752274,
    "beats_loudness_band_ratio": {
        "max": [0.824132978916, 0.90111631155, 0.647645652294, 0.456553936005, 0.201000094414, 0.204487279058],
        "mean": [0.241266608238, 0.43895471096, 0.23859295249, 0.0909649655223, 0.0512020811439, 0.0263681262732],
        "min": [0.0125189945102, 0.0340064838529, 0.00935268774629, 0.00558100407943, 0.0033228083048, 0.000736370217055],
        "stdev": [0.22662986815, 0.288928598166, 0.173176541924, 0.106887482107, 0.0482681728899, 0.0473163984716]
    },
    "beats_position": [0.522448956966, 1.05650794506, 1.59056687355, 2.12462592125, 2.65868473053, 3.20435357094, 3.75002264977, 4.28408145905, 4.79492044449, 5.31736946106, 5.8282084465, 6.33904743195, 6.84988641739, 7.36072540283, 7.83673477173, 8.31274318695, 8.77714252472, 9.22993183136, 9.682721138, 10.1355104446, 10.6115188599, 11.0643081665, 11.5287075043, 11.9814968109, 12.445895195],
