{
"metadata": {
    "version": {
        "essentia": "2.1-beta5",
        "essentia_git_sha": "Undefined",
        "extractor": "music 2.0"
    },
    "audio_properties": {
        "analysis": {
            "equal_loudness": 0,
            "length": 29.0017242432,
            "sample_rate": 44100,
            "start_time": 0,
            "downmix": "mix"
        },
        "bit_rate": 192000,
        "length": 161.634109497,
        "lossless": 0,
        "number_channels": 2,
        "replay_gain": -1.3249206543,
        "sample_rate": 44100,
        "codec": "mp3",
        "md5_encoded": "444dea60c28910f42d327b7d34404dfe"
    },
    "tags": {
        "file_name": "Yugoslavia_Tvoj Djecak Je Tuzan_Krunoslav Slabinac.mp3",
        "encoding": ["Lavf58.29.100"]
    }
},
"lowlevel": {
    "average_loudness": 0.943288862705,
    "barkbands_crest": {
        "max": 25.4980678558,
        "mean": 9.16902732849,
        "min": 2.65224194527,
        "stdev": 4.33900737762
    },
    "barkbands_flatness_db": {
        "max": 0.335843235254,
        "mean": 0.15534979105,
        "min": 0.0392073951662,
        "stdev": 0.0441634058952
    },
    "barkbands_kurtosis": {
        "max": 40.884967804,
        "mean": 1.61837351322,
        "min": -1.86659371853,
        "stdev": 4.64506244659
    },
    "barkbands_skewness": {
        "max": 4.44436788559,
        "mean": 0.633464396,
        "min": -5.07540225983,
        "stdev": 1.13131773472
    },
    "barkbands_spread": {
        "max": 51.1518363953,
        "mean": 17.3463115692,
        "min": 1.51406860352,
        "stdev": 7.8226556778
    },
    "dissonance": {
        "max": 0.499936163425,
        "mean": 0.457129597664,
        "min": 0.255374848843,
        "stdev": 0.0341460332274
    },
    "dynamic_complexity": 3.27113676071,
    "erbbands_crest": {
        "max": 34.5544128418,
        "mean": 11.3795070648,
        "min": 2.73345661163,
        "stdev": 5.34237146378
    },
    "erbbands_flatness_db": {
        "max": 0.396169036627,
        "mean": 0.214819267392,
        "min": 0.0988759249449,
        "stdev": 0.045182608068
    },
    "erbbands_kurtosis": {
        "max": 89.4478607178,
        "mean": 1.33650279045,
        "min": -1.71591103077,
        "stdev": 4.95218324661
    },
    "erbbands_skewness": {
        "max": 5.44102144241,
        "mean": -0.205486595631,
        "min": -5.5376663208,
        "stdev": 1.01017045975
    },
    "erbbands_spread": {
        "max": 74.4507293701,
        "mean": 23.1516666412,
        "min": 1.016674757,
        "stdev": 9.99398612976
    },
    "hfc": {
        "max": 173.640014648,
        "mean": 18.6581134796,
        "min": 1.23465229693e-16,
        "stdev": 19.7435588837
    },
    "loudness_ebu128": {
        "integrated": -23.2775192261,
        "loudness_range": 2.36469650269,
        "momentary": {
            "max": -19.0916519165,
            "mean": -24.4757232666,
            "min": -40.8600845337,
            "stdev": 3.63421463966
        },
        "short_term": {
            "max": -22.1340351105,
            "mean": -23.5166397095,
            "min": -25.8517436981,
            "stdev": 0.884198129177
        }
    },
    "melbands_crest": {
        "max": 32.9030189514,
        "mean": 11.7644891739,
        "min": 1.87327933311,
        "stdev": 5.49051952362
    },
    "melbands_flatness_db": {
        "max": 0.398589998484,
        "mean": 0.199197590351,
        "min": 0.00496623758227,
        "stdev": 0.0537132807076
    },
    "melbands_kurtosis": {
        "max": 42.9159545898,
        "mean": 3.32196450233,
        "min": -1.84295535088,
        "stdev": 5.76928329468
    },
    "melbands_skewness": {
        "max": 5.70412731171,
        "mean": 1.25251841545,
        "min": -3.27620339394,
        "stdev": 1.11796355247
    },
    "melbands_spread": {
        "max": 178.616851807,
        "mean": 27.9633808136,
        "min": 2.17052435875,
        "stdev": 17.0990772247
    },
    "pitch_salience": {
        "max": 0.859874486923,
        "mean": 0.567033171654,
        "min": 0.134169057012,
        "stdev": 0.113084435463
    },
    "silence_rate_20dB": {
        "max": 1,
        "mean": 1,
        "min": 1,
        "stdev": 0
    },
    "silence_rate_30dB": {
        "max": 1,
        "mean": 0.990400016308,
        "min": 0,
        "stdev": 0.0975098311901
    },
    "silence_rate_60dB": {
        "max": 1,
        "mean": 0.105599999428,
        "min": 0,
        "stdev": 0.307328492403
    },
    "spectral_centroid": {
        "max": 11393.9160156,
        "mean": 1333.77832031,
        "min": 321.747344971,
        "stdev": 638.362243652
    },
    "spectral_complexity": {
        "max": 48,
        "mean": 16.9207992554,
        "min": 0,
        "stdev": 8.38508892059
    },
    "spectral_decrease": {
        "max": 5.59558361965e-29,
        "mean": -4.81876538672e-09,
        "min": -4.76147619111e-08,
        "stdev": 4.74320716037e-09
    },
    "spectral_energy": {
        "max": 0.191366225481,
        "mean": 0.0198794659227,
        "min": 1.09874740039e-20,
        "stdev": 0.01930751279
    },
    "spectral_energyband_high": {
        "max": 0.0193325430155,
        "mean": 0.000251487101195,
        "min": 8.33689489998e-21,
        "stdev": 0.00110048346687
    },
    "spectral_energyband_low": {
        "max": 0.0759119018912,
        "mean": 0.0020662592724,
        "min": 5.11724318896e-23,
        "stdev": 0.00412695482373
    },
    "spectral_energyband_middle_high": {
        "max": 0.0750122740865,
        "mean": 0.00751614524052,
        "min": 1.32349069665e-21,
        "stdev": 0.00889016967267
    },
    "spectral_energyband_middle_low": {
        "max": 0.166729569435,
        "mean": 0.0113409627229,
        "min": 2.60404196504e-22,
        "stdev": 0.014441775158
    },
    "spectral_entropy": {
        "max": 9.80238437653,
        "mean": 7.26738357544,
        "min": 5.96911764145,
        "stdev": 0.363978147507
    },
    "spectral_flux": {
        "max": 0.389316797256,
        "mean": 0.0668006017804,
        "min": 1.04821151758e-10,
        "stdev": 0.0405041836202
    },
    "spectral_kurtosis": {
        "max": 48.9763946533,
        "mean": 8.43632221222,
        "min": -1.20653998852,
        "stdev": 5.21441078186
    },
    "spectral_rms": {
        "max": 0.0136637752876,
        "mean": 0.00399133516476,
        "min": 3.27406266161e-12,
        "stdev": 0.0018611458363
    },
    "spectral_rolloff": {
        "max": 18884.6191406,
        "mean": 1715.86157227,
        "min": 236.865234375,
        "stdev": 1017.76397705
    },
    "spectral_skewness": {
        "max": 4.79462385178,
        "mean": 1.95453715324,
        "min": -0.360121041536,
        "stdev": 0.643428266048
    },
    "spectral_spread": {
        "max": 40704040,
        "mean": 3076432.25,
        "min": 1213642,
        "stdev": 1289502
    },
    "spectral_strongpeak": {
        "max": 18.1512928009,
        "mean": 1.75287437439,
        "min": 0,
        "stdev": 2.12963104248
    },
    "zerocrossingrate": {
        "max": 0.51806640625,
        "mean": 0.0591648444533,
        "min": 0.0126953125,
        "stdev": 0.0305878389627
    },
    "barkbands": {
        "max": [0.000150939144078, 0.00195923238061, 0.0250480808318, 0.0707832276821, 0.0268318485469, 0.0836968496442, 0.0801554396749, 0.107955925167, 0.117185108364, 0.0432577058673, 0.0306303985417, 0.0558551251888, 0.0305474158376, 0.0326902456582, 0.0683174952865, 0.0100989900529, 0.0288541968912, 0.00657056597993, 0.00726122688502, 0.00906023848802, 0.0063199410215, 0.00701911514625, 0.00488300109282, 0.000219031382585, 7.63766547607e-06, 2.99138355331e-06, 2.82649949668e-07],
        "mean": [1.77333629381e-06, 0.000124145430163, 0.000908034911845, 0.00196139840409, 0.00202923174948, 0.00125325389672, 0.00252050114796, 0.00117629766464, 0.0018347594887, 0.000995227950625, 0.000851907418109, 0.000768921570852, 0.000685122329742, 0.00107430003118, 0.00188246497419, 0.000451771484222, 0.000618869904429, 0.000202484516194, 0.000193281564862, 0.000161450196174, 8.46535622259e-05, 5.33218008059e-05, 3.69012086594e-05, 5.36280685992e-06, 2.11583551391e-06, 1.90968262359e-06, 1.75852061801e-08],
        "min": [1.40311628431e-23, 1.80891090935e-23, 1.94714647676e-23, 2.0192942752e-23, 5.70279160417e-23, 2.48012062585e-23, 8.04763457546e-23, 2.2883830919e-23, 4.55730088319e-23, 3.56798663542e-23, 5.84087760355e-23, 6.0927432201e-23, 9.29185376308e-23, 9.70294622019e-23, 1.36979562009e-22, 1.40538069376e-22, 1.40505177032e-22, 2.18599692968e-22, 1.95082537693e-22, 2.82074521115e-22, 3.31467639367e-22, 7.16388746108e-22, 7.75109279973e-22, 1.00352275601e-21, 1.39672233317e-21, 1.6913741244e-21, 2.50414289192e-21],
        "stdev": [5.10792642672e-06, 0.00016453191347, 0.00172661978286, 0.00501629291102, 0.00263587269001, 0.00291375769302, 0.00703932810575, 0.00448967376724, 0.00570867676288, 0.00232916790992, 0.00189467950258, 0.00359715567902, 0.00255025574006, 0.00212788465433, 0.00431976793334, 0.000867883558385, 0.00130503543187, 0.000407506217016, 0.000434825371485, 0.000559671432711, 0.000340874423273, 0.000313261232805, 0.000218969013076, 1.28553565446e-05, 4.37400956343e-07, 2.99950329463e-07, 1.29678676686e-08]
    },
    "erbbands": {
        "max": [0.0144663890824, 0.667722463608, 17.750541687, 178.211166382, 127.665740967, 134.970474243, 76.9695587158, 959.365966797, 967.871459961, 1814.0189209, 2299.046875, 2444.06811523, 1284.31884766, 1936.73364258, 1355.56237793, 2101.99731445, 1443.17028809, 1924.43701172, 4299.70361328, 3041.34814453, 614.373046875, 1600.01086426, 435.557952881, 418.569671631, 309.934661865, 425.496917725, 281.12399292, 238.043441772, 188.773925781, 276.548858643, 94.2236404419, 14.8921661377, 1.39341974258, 0.205561518669, 0.026275921613, 0.0156881678849, 0.0060107242316, 0.000486238335725, 0.000100517077954, 0.000220349043957],
        "mean": [0.00121357035823, 0.0516076721251, 0.821686327457, 4.26010608673, 5.15384531021, 8.75016021729, 7.60291242599, 11.6554470062, 23.2652053833, 46.1580924988, 27.891828537, 43.428150177, 38.4644546509, 24.8170757294, 32.9300765991, 34.1410598755, 36.9060096741, 62.1853370667, 44.7663230896, 109.369552612, 30.84582901, 34.1542510986, 12.5587396622, 10.6675024033, 9.93775653839, 8.11438083649, 4.17911195755, 2.94439148903, 1.93948888779, 1.77498829365, 0.841914772987, 0.204202234745, 0.0572623834014, 0.0239277239889, 0.0157064087689, 0.00944137293845, 0.00350861088373, 0.000289654970402, 1.70948896994e-05, 2.42772239289e-05],
        "min": [4.66407989625e-22, 4.36889617297e-21, 1.98778593624e-20, 5.27229251246e-20, 1.33165092629e-19, 1.9643819271e-19, 2.12772334395e-19, 2.25466248075e-19, 1.22473292073e-18, 5.64085789166e-19, 4.41412422782e-19, 9.63046475731e-19, 1.18840697393e-18, 2.25893864263e-18, 1.82173046871e-18, 2.40590382206e-18, 3.513262709e-18, 6.65695063289e-18, 4.84066218543e-18, 7.9026842218e-18, 7.36796324099e-18, 8.21506236269e-18, 1.09719138964e-17, 1.4395152885e-17, 9.02907425989e-18, 1.2032347034e-17, 1.12458934861e-17, 1.67425607689e-17, 2.51568338657e-17, 2.47773267094e-17, 2.15421819747e-17, 1.9269225309e-17, 1.64623731887e-17, 1.31506977037e-17, 1.16920416213e-17, 6.53772867761e-18, 3.40996522129e-18, 1.30779395174e-18, 3.55066450758e-19, 3.38748103052e-20],
        "stdev": [0.00131555495318, 0.0635489225388, 1.28731274605, 10.4795627594, 8.91256523132, 12.6893234253, 9.739320755, 32.3904685974, 76.3231811523, 118.396537781, 104.425163269, 148.078613281, 70.3803939819, 86.3834915161, 70.9588623047, 140.873626709, 124.47505188, 120.427909851, 214.865615845, 188.592437744, 47.3921051025, 69.9887237549, 23.282585144, 23.9283714294, 21.7987651825, 27.2787303925, 18.4378948212, 11.8233804703, 9.51675224304, 12.8102064133, 4.87987709045, 0.750822067261, 0.088437654078, 0.0100909806788, 0.00309599400498, 0.00176254182588, 0.000640971818939, 5.54370089958e-05, 1.09871498353e-05, 2.29048328038e-05]
    },
    "gfcc": {
        "mean": [-39.6207923889, 109.493591309, -151.639068604, 8.7715177536, -54.5608329773, -4.46773338318, -49.1711387634, 0.27165055275, -23.3350143433, -1.10459506512, -27.5220184326, -5.15100097656, -17.1337528229],
        "cov": [[4788.78808594, 785.588134766, -940.651733398, 376.501159668, -270.531463623, -164.4793396, 292.469482422, -473.539093018, 45.3160324097, -266.876464844, -212.785385132, -242.932220459, 22.9625015259], [785.588134766, 562.119567871, 124.323257446, -134.236022949, -50.0847473145, -49.7366027832, 41.1815032959, -78.1465988159, -38.291885376, -83.8266372681, -79.4497070312, -50.0974578857, 15.9498195648], [-940.651733398, 124.323257446, 657.577514648, -20.2146835327, -53.2355995178, 33.8044013977, -74.433883667, 63.6645812988, -62.5974578857, 17.2028884888, -30.0575733185, 50.9451446533, 2.91443395615], [376.501159668, -134.236022949, -20.2146835327, 493.839019775, -22.047296524, 15.9572849274, 78.9114990234, -134.794418335, 1.66235816479, -28.8757095337, -81.3103790283, -50.1114196777, 11.3145532608], [-270.531463623, -50.0847473145, -53.2355995178, -22.047296524, 253.009185791, 61.1384811401, -73.8281860352, 50.0641174316, 14.0662746429, 56.4961090088, 9.66243267059, -29.1390895844, -9.80520534515], [-164.4793396, -49.7366027832, 33.8044013977, 15.9572849274, 61.1384811401, 147.690322876, 38.9522819519, 7.76917552948, 18.0969104767, 33.2710380554, -25.8721981049, -16.0535430908, -17.230682373], [292.469482422, 41.1815032959, -74.433883667, 78.9114990234, -73.8281860352, 38.9522819519, 207.584335327, -11.3373556137, -12.4026670456, -43.0728607178, -32.4624099731, -21.3598651886, -0.663918733597], [-473.539093018, -78.1465988159, 63.6645812988, -134.794418335, 50.0641174316, 7.76917552948, -11.3373556137, 201.007904053, 10.1339836121, 36.419090271, 66.4953079224, 59.2689781189, -17.3772296906], [45.3160324097, -38.291885376, -62.5974578857, 1.66235816479, 14.0662746429, 18.0969104767, -12.4026670456, 10.1339836121, 100.772827148, 34.9884643555, -6.38484668732, -21.9171772003, 1.11337947845], [-266.876464844, -83.8266372681, 17.2028884888, -28.8757095337, 56.4961090088, 33.2710380554, -43.0728607178, 36.419090271, 34.9884643555, 104.070526123, 31.6617259979, -3.39914941788, -8.6001663208], [-212.785385132, -79.4497070312, -30.0575733185, -81.3103790283, 9.66243267059, -25.8721981049, -32.4624099731, 66.4953079224, -6.38484668732, 31.6617259979, 123.645050049, 63.048614502, -21.6289272308], [-242.932220459, -50.0974578857, 50.9451446533, -50.1114196777, -29.1390895844, -16.0535430908, -21.3598651886, 59.2689781189, -21.9171772003, -3.39914941788, 63.048614502, 104.39553833, 10.5427188873], [22.9625015259, 15.9498195648, 2.91443395615, 11.3145532608, -9.80520534515, -17.230682373, -0.663918733597, -17.3772296906, 1.11337947845, -8.6001663208, -21.6289272308, 10.5427188873, 49.9602737427]],
        "icov": [[0.00168961926829, -0.00400843890384, 0.00379452714697, -0.00270958477631, 0.00302597810514, -0.0018089057412, 0.00223414110951, -0.00136266904883, 0.000630201597232, -4.32157758041e-05, -0.000222084781853, 0.000906755973119, 0.000112167479529], [-0.00400843890384, 0.0133819980547, -0.0106422454119, 0.0088738584891, -0.0089429076761, 0.00706552714109, -0.0079470872879, 0.00624070735648, -0.00246907188557, 0.00204353709705, 0.00204318715259, -0.00177755602635, 0.000594442011788], [0.00379452714697, -0.0106422454119, 0.0117324674502, -0.00749039882794, 0.00932033825666, -0.00675487704575, 0.0082160430029, -0.00614286912605, 0.00422263657674, -0.00185411097482, 0.000837936939206, 0.00147611286957, -0.000224440766033], [-0.00270958477631, 0.0088738584891, -0.00749039882794, 0.00877573247999, -0.00701341731474, 0.00562851410359, -0.00699522905052, 0.00645715231076, -0.00243141455576, 0.000764038821217, 0.00268033170141, -0.00262208026834, 0.00147901487071], [0.00302597810514, -0.0089429076761, 0.00932033825666, -0.00701341731474, 0.0146209225059, -0.00973534490913, 0.0103961648419, -0.00822613947093, 0.00491467118263, -0.00152911979239, -0.00252388138324, 0.00709282979369, -0.00366443186067], [-0.0018089057412, 0.00706552714109, -0.00675487704575, 0.00562851410359, -0.00973534490913, 0.017157420516, -0.0102708674967, 0.00682860286906, -0.00447345757857, -0.00331865972839, 0.00705061387271, -0.00699079502374, 0.00799644645303], [0.00223414110951, -0.0079470872879, 0.0082160430029, -0.00699522905052, 0.0103961648419, -0.0102708674967, 0.0149094033986, -0.00833979062736, 0.00485603744164, 0.00171426602174, -0.0022877024021, 0.0059511535801, -0.00364871812053], [-0.00136266904883, 0.00624070735648, -0.00614286912605, 0.00645715231076, -0.00822613947093, 0.00682860286906, -0.00833979062736, 0.014377804473, -0.00498194852844, -0.000336367200362, 0.00112530554179, -0.00746338861063, 0.00527588836849], [0.000630201597232, -0.00246907188557, 0.00422263657674, -0.00243141455576, 0.00491467118263, -0.00447345757857, 0.00485603744164, -0.00498194852844, 0.0152746597305, -0.00468744616956, 0.000660228834022, 0.00454485090449, -0.00326419668272], [-4.32157758041e-05, 0.00204353709705, -0.00185411097482, 0.000764038821217, -0.00152911979239, -0.00331865972839, 0.00171426602174, -0.000336367200362, -0.00468744616956, 0.0180656835437, -0.0072109811008, 0.00606100820005, -0.00342280720361], [-0.000222084781853, 0.00204318715259, 0.000837936939206, 0.00268033170141, -0.00252388138324, 0.00705061387271, -0.0022877024021, 0.00112530554179, 0.000660228834022, -0.0072109811008, 0.0231232214719, -0.0147558106109, 0.0129595762119], [0.000906755973119, -0.00177755602635, 0.00147611286957, -0.00262208026834, 0.00709282979369, -0.00699079502374, 0.0059511535801, -0.00746338861063, 0.00454485090449, 0.00606100820005, -0.0147558106109, 0.0266890842468, -0.0139554450288], [0.000112167479529, 0.000594442011788, -0.000224440766033, 0.00147901487071, -0.00366443186067, 0.00799644645303, -0.00364871812053, 0.00527588836849, -0.00326419668272, -0.00342280720361, 0.0129595762119, -0.0139554450288, 0.0313169248402]]
    },
    "melbands": {
        "max": [0.000317924772389, 0.00844608992338, 0.0254868287593, 0.00579366739839, 0.00386056071147, 0.0196095369756, 0.0155046274886, 0.0175069645047, 0.0170580204576, 0.0182097367942, 0.00655638845637, 0.00812997855246, 0.00485369050875, 0.00206013978459, 0.00715862074867, 0.00354331545532, 0.00428643310443, 0.0067787268199, 0.00330114620738, 0.00218988140114, 0.000756012857892, 0.00193242973182, 0.000796068983618, 0.000231133890338, 0.000360128935426, 0.000251725723501, 0.000215372128878, 0.00033831896144, 0.000227707365411, 0.000155445522978, 0.000146333259181, 0.000122100012959, 0.000139889176353, 0.000172837433638, 6.34727039142e-05, 2.16156677197e-05, 5.28451118953e-06, 7.7725758274e-07, 3.55023189513e-07, 1.01143648124e-07],
        "mean": [2.01409966394e-05, 0.000337878824212, 0.000757147266995, 0.000469752034405, 0.00031491369009, 0.000256634200923, 0.00040371727664, 0.000449356884928, 0.000242544629145, 0.00026279350277, 0.000184542266652, 9.22789040487e-05, 0.000129467618535, 6.24280219199e-05, 0.000106698571471, 6.88344007358e-05, 0.000123529622215, 6.04218257649e-05, 0.000120198739751, 9.51135007199e-05, 2.95561221719e-05, 4.03840349463e-05, 1.54357439897e-05, 1.00308998299e-05, 8.15804196463e-06, 7.93563776824e-06, 6.21558001512e-06, 5.04268336954e-06, 2.79848018181e-06, 1.83832548828e-06, 1.62013429872e-06, 1.10869132186e-06, 9.51157119289e-07, 1.00631075384e-06, 5.50855418169e-07, 2.08886618225e-07, 8.83319302147e-08, 4.19134273955e-08, 2.37760104937e-08, 1.83201009918e-08],
        "min": [4.67135462953e-24, 9.12486058691e-24, 1.06296711393e-23, 1.4240029545e-23, 6.66670453079e-24, 5.99273806097e-24, 1.76337091593e-23, 5.83923164527e-24, 3.1984389068e-24, 6.79812796874e-24, 5.80951683269e-24, 8.64972019737e-24, 6.60126496883e-24, 5.47091051647e-24, 5.45717960356e-24, 1.28496637773e-23, 1.13321793856e-23, 6.32215927524e-24, 1.10928721191e-23, 8.54895268306e-24, 9.16179426564e-24, 8.4397577677e-24, 7.18958126029e-24, 1.34696690057e-23, 1.20975527462e-23, 5.07799152136e-24, 9.00201680017e-24, 7.43700353891e-24, 7.39280445125e-24, 7.25438223935e-24, 1.06418069755e-23, 1.59019669903e-23, 1.19773114116e-23, 1.46517818054e-23, 1.36774407687e-23, 8.9733330288e-24, 1.34568768373e-23, 1.22100182789e-23, 1.00538318664e-23, 1.15351422524e-23],
        "stdev": [2.53040107054e-05, 0.000545458751731, 0.00169967475813, 0.000578388920985, 0.00040709724999, 0.000668010208756, 0.00127504579723, 0.00115906528663, 0.000825537834316, 0.000949047214817, 0.000343487539794, 0.000367039931007, 0.00028837021091, 0.000174392785993, 0.000479566544527, 0.000243785048951, 0.000250888784649, 0.000339133694069, 0.000216889471631, 0.000151378990267, 5.89696719544e-05, 8.52078665048e-05, 3.6017750972e-05, 1.92591178347e-05, 2.04517073144e-05, 1.84095351869e-05, 1.64521898114e-05, 1.89497641259e-05, 1.36338030643e-05, 7.17425245966e-06, 7.02048009771e-06, 5.29254612047e-06, 6.60647856421e-06, 7.1897466114e-06, 3.10178006657e-06, 1.05116396298e-06, 2.47909952122e-07, 6.11149175711e-08, 1.91474143207e-08, 5.18570164587e-09]
    },
    "melbands128": {
        "max": [7.82980496297e-05, 8.33455851534e-05, 0.00023703770421, 0.00126404326875, 0.00471292296425, 0.0158647410572, 0.0439421907067, 0.0290655866265, 0.0118989497423, 0.00484366854653, 0.0096174525097, 0.0075061977841, 0.00291505642235, 0.00482439715415, 0.0206961985677, 0.0358161143959, 0.00932393874973, 0.0250615403056, 0.0341770164669, 0.0320647768676, 0.0153098991141, 0.0211109258235, 0.0228904001415, 0.0110862590373, 0.021939586848, 0.0407569892704, 0.0123633760959, 0.00369938230142, 0.00241619278677, 0.0112281236798, 0.0122580528259, 0.00411588512361, 0.00849826261401, 0.00505905784667, 0.00137610279489, 0.00287096295506, 0.00856480561197, 0.0147203877568, 0.00600496353582, 0.00453216535971, 0.00549207767472, 0.00622913893312, 0.00816003978252, 0.00349846272729, 0.00331597635522, 0.0129877459258, 0.00978031288832, 0.000965282029938, 0.00807485636324, 0.00577472290024, 0.0011698086746, 0.00114943541121, 0.00101290259045, 0.00156874547247, 0.00164711335674, 0.00282591022551, 0.00127075053751, 0.00118875375483, 0.000558783649467, 0.000270942109637, 0.000437347393017, 0.00042737039621, 0.00084240839351, 0.000290542142466, 0.0003458794381, 0.000412722467445, 0.000302489730529, 0.000266212649876, 0.00028059160104, 0.000512461178005, 0.000425960344728, 0.000513184175361, 0.000444001925644, 0.000324991851812, 0.000221416907152, 0.000146811900777, 0.000148323189933, 0.000114599330118, 0.000174332977622, 0.000220991059905, 0.0001471429714, 0.000106546038296, 0.000113697416964, 0.000196638851776, 0.00027145218337, 0.000304849119857, 0.000123731631902, 7.02367033227e-05, 6.20370556135e-05, 6.37139455648e-05, 3.44441505149e-05, 1.01942878246e-05, 1.03831334854e-05, 8.0589134086e-06, 3.59907744496e-06, 8.97417464785e-07, 8.0008732084e-07, 6.69239739182e-07, 3.6375499235e-07, 2.11989132026e-07, 1.89539946405e-07, 6.70356428145e-08, 5.78307997046e-08, 5.05695396669e-08, 4.8600242053e-08, 4.36253273506e-08, 4.42604353168e-08, 4.455968039e-08, 4.29177831052e-08, 4.47710313267e-08, 3.66913148753e-08, 3.30400808934e-08, 3.24167359622e-08, 2.38944721787e-08, 1.34121327378e-08, 5.08882092021e-09, 2.59766297361e-09, 1.35429434334e-09, 1.2619467693e-09, 1.19567855617e-09, 1.15483567154e-09, 1.12447040568e-09, 1.08583519953e-09, 1.04037145565e-09, 1.04023589742e-09, 1.02572716987e-09, 1.00458252827e-09, 9.996220518e-10],
        "mean": [1.18566094898e-06, 3.68985820387e-06, 1.18103816931e-05, 8.03398725111e-05, 0.000297951395623, 0.000484311924083, 0.000899827398825, 0.000950527668465, 0.000403579819249, 0.000400003424147, 0.000559960608371, 0.000401528785005, 0.000191467697732, 0.000289287505439, 0.000269549811492, 0.000236376334215, 0.000251113291597, 0.000424147496233, 0.000562908244319, 0.000697766547091, 0.000232705133385, 0.00017992015637, 0.000205529097002, 0.000357043376425, 0.000340929807862, 0.000175325360033, 0.00022656674264, 0.000243240545387, 7.79643087299e-05, 9.77433664957e-05, 6.91078603268e-05, 0.000125765262055, 0.000208577519516, 6.09242379142e-05, 4.01788820454e-05, 5.02296934428e-05, 0.000118923722766, 0.000121479628433, 0.000101519777672, 6.57954806229e-05, 4.43721401098e-05, 9.66876832535e-05, 0.000172447485966, 0.000106558654807, 3.67304019164e-05, 7.70396000007e-05, 6.53310271446e-05, 1.71504434547e-05, 0.00022520966013, 0.000229726283578, 2.68493240583e-05, 2.43855738518e-05, 2.56586408796e-05, 3.57158241968e-05, 3.13138189085e-05, 5.54247744731e-05, 2.96205344057e-05, 2.16347179958e-05, 8.00317138783e-06, 8.17688305688e-06, 1.05540966615e-05, 1.06154266177e-05, 1.05441085907e-05, 6.571538961e-06, 6.09413291386e-06, 9.71949975792e-06, 6.96302367942e-06, 6.76627087159e-06, 4.73436057291e-06, 8.38902178657e-06, 5.17031458003e-06, 3.52793904312e-06, 2.96797929877e-06, 3.07310756398e-06, 2.14064471038e-06, 1.49383140524e-06, 1.950896376e-06, 1.96290693566e-06, 1.53184873852e-06, 1.34763263304e-06, 1.16577189146e-06, 1.01126204299e-06, 9.72543148237e-07, 8.78671016835e-07, 9.59131853051e-07, 1.14226247661e-06, 1.103561317e-06, 6.39841914563e-07, 5.79361028485e-07, 4.19958638531e-07, 2.43550857704e-07, 1.56984071964e-07, 1.21205516734e-07, 8.35781364117e-08, 8.00446926519e-08, 4.53375257337e-08, 3.56455842621e-08, 2.96725506388e-08, 2.41031354875e-08, 2.06549870541e-08, 1.89915194682e-08, 1.74617369453e-08, 1.81545232181e-08, 1.82264727755e-08, 1.77017636105e-08, 1.70196603477e-08, 1.74641581197e-08, 1.73404561821e-08, 1.62964663986e-08, 1.62941979909e-08, 1.46438718929e-08, 1.34071171942e-08, 1.17603020655e-08, 9.35661503831e-09, 5.35071142949e-09, 1.97340455088e-09, 6.34982233461e-10, 4.98615385092e-12, 4.35183486469e-12, 4.25126166909e-12, 4.16074640019e-12, 4.08665896262e-12, 3.98420142364e-12, 3.88657031905e-12, 3.87155281792e-12, 3.8524205527e-12, 3.82480115288e-12, 3.79358523761e-12],
        "min": [2.12974162558e-24, 3.71690314283e-24, 4.99153631045e-24, 7.84503868669e-24, 9.51538854463e-24, 9.70590713071e-24, 1.10031407688e-23, 9.29545333539e-24, 1.0831750482e-23, 2.36121877705e-23, 8.61594038455e-24, 3.80880622715e-24, 8.29510513237e-24, 7.39813872869e-24, 2.45420445463e-24, 3.18850379535e-24, 1.96252106026e-23, 2.53362338125e-23, 1.06040457817e-23, 3.69491167295e-24, 4.69190879484e-24, 5.25766129784e-24, 2.00005348441e-24, 1.77835793206e-24, 6.92296678471e-24, 7.73703416244e-24, 1.04481187463e-23, 3.99263685048e-24, 3.6159837728e-24, 5.7278788009e-24, 1.2936613604e-23, 1.07586593637e-23, 3.37384055136e-24, 6.459862046e-24, 5.27049843135e-24, 2.63264853848e-24, 1.04040087999e-23, 6.13180674438e-24, 1.01025452106e-24, 6.31946373753e-24, 1.27017902229e-23, 2.99136181478e-23, 9.0691449189e-24, 4.65901605611e-24, 5.30884456552e-24, 5.21363418186e-24, 1.03424027075e-23, 9.7551580836e-24, 1.24834043365e-23, 1.16113359607e-23, 9.13911135917e-24, 4.06716054019e-24, 9.72408879685e-24, 1.13568967643e-23, 5.50524174307e-24, 1.13115893271e-23, 5.38288941667e-24, 1.16113659374e-23, 4.79720042645e-24, 5.75500693857e-24, 1.76908889531e-23, 1.63635721044e-23, 1.18848166816e-23, 1.37506975478e-23, 4.54595138358e-24, 5.44953238594e-24, 4.27491494819e-24, 7.26304472095e-24, 1.02922279985e-23, 1.09983673715e-23, 5.68563924373e-24, 6.62118252339e-24, 1.05675530762e-23, 6.61978229529e-24, 4.06815371607e-24, 7.85321365225e-24, 8.98059843773e-24, 6.89358881574e-24, 1.00086380251e-23, 1.48631428854e-23, 1.88182800495e-23, 1.69636522841e-23, 7.07016980735e-24, 1.265147273e-23, 1.60521029977e-23, 9.4767217385e-24, 1.88894842125e-23, 1.47166482599e-23, 1.47091777471e-23, 1.08734544026e-23, 1.0025000578e-23, 6.66809213712e-24, 1.03233911597e-23, 1.21869543526e-23, 1.64668103311e-23, 1.74621871326e-23, 7.91984321089e-24, 1.0318001662e-23, 1.09546628996e-23, 1.01159933168e-23, 8.7841302627e-24, 1.26308187738e-23, 1.23394332769e-23, 1.57318333588e-23, 8.7858839005e-24, 2.0199998324e-23, 1.00359192018e-23, 8.7290015072e-24, 7.46946910947e-24, 1.4059225781e-23, 1.88841609791e-23, 1.14132119666e-23, 1.02260551903e-23, 9.72836047865e-24, 6.08366690207e-24, 6.90628079884e-24, 1.11074266028e-23, 1.32247734486e-23, 1.55934860887e-23, 1.1425840052e-23, 8.95823738651e-24, 1.01990540593e-23, 1.03729836894e-23, 1.03959576855e-23, 7.77560157209e-24, 1.02122122592e-23, 1.30146950564e-23, 1.02520978554e-23],
        "stdev": [2.76959030998e-06, 4.89147669214e-06, 2.08909532375e-05, 0.000111448382086, 0.000430427084211, 0.00105344946496, 0.00239228853025, 0.00238445564173, 0.000756973749958, 0.000562681234442, 0.000909776892513, 0.000748117570765, 0.000332217401592, 0.000452610693173, 0.000770851678681, 0.00110347173177, 0.000697806943208, 0.00201993621886, 0.00206457800232, 0.00193422310986, 0.000774939253461, 0.000980998505838, 0.00113330152817, 0.000775803870056, 0.0012981267646, 0.00154329324141, 0.000650999252684, 0.000423920428148, 0.000184917735169, 0.000595189223532, 0.000448919541668, 0.00028799843858, 0.00052650552243, 0.00022629078012, 0.000129173276946, 0.000169298305991, 0.000618429505266, 0.000895250705071, 0.000441739801317, 0.000343274587067, 0.00028753906372, 0.000301674706861, 0.000422458309913, 0.00023583987786, 0.000198685273062, 0.000626462569926, 0.00047606357839, 5.79436091357e-05, 0.000446967693279, 0.000409485044656, 8.81625528564e-05, 7.14458146831e-05, 6.12559597357e-05, 0.00010033367289, 9.36030774028e-05, 0.000127152525238, 7.36129150027e-05, 5.87206450291e-05, 2.35226507357e-05, 1.87452315004e-05, 2.63810434262e-05, 2.59231837845e-05, 3.76082389266e-05, 1.77944493771e-05, 1.99052428798e-05, 2.50189204962e-05, 2.03375566343e-05, 1.78674617928e-05, 1.70706407516e-05, 3.06673500745e-05, 2.16557164094e-05, 1.98413581529e-05, 1.89466336451e-05, 1.52642933244e-05, 9.96464950731e-06, 6.66213418299e-06, 7.45888519305e-06, 6.9173997872e-06, 8.00034467829e-06, 7.92166611063e-06, 5.62865898246e-06, 4.78989295516e-06, 5.41267490917e-06, 6.82386234985e-06, 9.01825569599e-06, 1.08010945041e-05, 6.37455923425e-06, 3.36120501743e-06, 3.33436423716e-06, 2.94466804007e-06, 1.47809703321e-06, 5.47387514871e-07, 4.55339488781e-07, 2.88071760224e-07, 1.95930027758e-07, 7.41874330856e-08, 5.15315079497e-08, 4.16073291376e-08, 1.99625382891e-08, 1.25357848546e-08, 9.22205511955e-09, 6.55105836245e-09, 6.46564712881e-09, 6.53320286759e-09, 6.3130336514e-09, 5.9618332493e-09, 6.31631946746e-09, 5.90449866777e-09, 5.31417132521e-09, 5.45686162923e-09, 4.80938888714e-09, 4.29063673479e-09, 3.70216812762e-09, 3.1973401704e-09, 1.79659032096e-09, 7.56564699778e-10, 3.66755348313e-10, 3.85595409769e-11, 3.59576327047e-11, 3.40845962565e-11, 3.29261201637e-11, 3.20615894944e-11, 3.09709306812e-11, 2.96887514573e-11, 2.96747799944e-11, 2.92611178343e-11, 2.8666615956e-11, 2.85237094361e-11]
    },
    "mfcc": {
        "mean": [-676.501159668, 147.558334351, -38.1829986572, 13.3393983841, -1.10987603664, -3.34801006317, -19.0954685211, -4.39871168137, -4.40836858749, -0.610331714153, -5.67076921463, -7.79288101196, -4.89687204361],
        "cov": [[4318.47119141, 121.165908813, -622.719604492, 467.560302734, -641.447143555, 414.927276611, -131.238494873, 17.109418869, 33.2601585388, 90.0766143799, -350.575866699, -75.9091491699, -4.65977525711], [121.165908813, 698.378601074, 98.4110946655, -194.115310669, 10.6982126236, -124.728767395, 15.708615303, -25.1966247559, 24.7911319733, -79.900642395, 8.47709369659, -6.9722237587, -18.1194210052], [-622.719604492, 98.4110946655, 568.430419922, 70.3441848755, -34.5343551636, 5.47673749924, 9.2674369812, -3.10751128197, 21.329240799, -53.6893081665, -45.6127815247, -1.22001540661, -1.05721724033], [467.560302734, -194.115310669, 70.3441848755, 335.29296875, -64.7119979858, 128.731765747, -1.88573479652, -10.7367219925, 21.0585174561, 22.2368106842, -104.4008255, -40.6626319885, 6.93637418747], [-641.447143555, 10.6982126236, -34.5343551636, -64.7119979858, 332.3253479, -45.4573020935, -19.8398914337, -43.5484466553, -11.1858587265, 20.3178253174, 73.8717346191, -4.11613225937, -12.7345724106], [414.927276611, -124.728767395, 5.47673749924, 128.731765747, -45.4573020935, 249.444000244, 12.0690126419, -34.2571258545, 47.9840545654, 57.3062210083, -70.7881698608, -34.8387374878, -16.0700874329], [-131.238494873, 15.708615303, 9.2674369812, -1.88573479652, -19.8398914337, 12.0690126419, 127.575012207, 45.3228111267, 3.52832102776, -9.13289070129, 23.6009712219, 12.7105236053, -2.05340528488], [17.109418869, -25.1966247559, -3.10751128197, -10.7367219925, -43.5484466553, -34.2571258545, 45.3228111267, 122.111000061, 10.8444948196, -25.4159793854, 15.0861644745, 29.9603843689, 15.3774051666], [33.2601585388, 24.7911319733, 21.329240799, 21.0585174561, -11.1858587265, 47.9840545654, 3.52832102776, 10.8444948196, 111.318054199, 52.4406929016, -17.7319889069, -19.20662117, -0.557391405106], [90.0766143799, -79.900642395, -53.6893081665, 22.2368106842, 20.3178253174, 57.3062210083, -9.13289070129, -25.4159793854, 52.4406929016, 127.748062134, 16.9192752838, -21.7303676605, -4.51729631424], [-350.575866699, 8.47709369659, -45.6127815247, -104.4008255, 73.8717346191, -70.7881698608, 23.6009712219, 15.0861644745, -17.7319889069, 16.9192752838, 127.696960449, 44.5592956543, -2.60100698471], [-75.9091491699, -6.9722237587, -1.22001540661, -40.6626319885, -4.11613225937, -34.8387374878, 12.7105236053, 29.9603843689, -19.20662117, -21.7303676605, 44.5592956543, 87.1996459961, 27.0904445648], [-4.65977525711, -18.1194210052, -1.05721724033, 6.93637418747, -12.7345724106, -16.0700874329, -2.05340528488, 15.3774051666, -0.557391405106, -4.51729631424, -2.60100698471, 27.0904445648, 71.1030273438]],
        "icov": [[0.00264266924933, -0.0036307957489, 0.00394418509677, -0.00400510150939, 0.00387094169855, -0.00362503062934, 0.00443850411102, -0.00367631064728, 0.00390164833516, -0.00350903393701, 0.00283717550337, -0.00231696618721, 0.00128874997608], [-0.0036307957489, 0.00735760852695, -0.00569289643317, 0.00688871461898, -0.00517416652292, 0.00600937847048, -0.00697632040828, 0.00660503655672, -0.00723621249199, 0.00644901627675, -0.00314295734279, 0.00352603010833, -0.0014235030394], [0.00394418509677, -0.00569289643317, 0.00792167708278, -0.00662272563204, 0.00581087032333, -0.00527739757672, 0.0064680930227, -0.00508623756468, 0.00498001789674, -0.00417221244425, 0.00437510432675, -0.00386334187351, 0.0021123313345], [-0.00400510150939, 0.00688871461898, -0.00662272563204, 0.0115834223107, -0.00584790762514, 0.00458298390731, -0.0075177368708, 0.00576504040509, -0.00587850762531, 0.0049272547476, -0.000669518311042, 0.00410519028082, -0.00253257225268], [0.00387094169855, -0.00517416652292, 0.00581087032333, -0.00584790762514, 0.00956263951957, -0.0050364555791, 0.00697870599106, -0.00387798505835, 0.00532774813473, -0.00469149788842, 0.00125217228197, -0.00213271286339, 0.00180870713666], [-0.00362503062934, 0.00600937847048, -0.00527739757672, 0.00458298390731, -0.0050364555791, 0.0123391868547, -0.00841632951051, 0.00762484315783, -0.0074773770757, 0.00286616617814, -0.00010052012658, 0.00173729273956, 0.000220838177484], [0.00443850411102, -0.00697632040828, 0.0064680930227, -0.0075177368708, 0.00697870599106, -0.00841632951051, 0.0178950615227, -0.0104346014559, 0.0072093247436, -0.00508788833395, 0.000802203605417, -0.00299048051238, 0.002365821274], [-0.00367631064728, 0.00660503655672, -0.00508623756468, 0.00576504040509, -0.00387798505835, 0.00762484315783, -0.0104346014559, 0.0183766391128, -0.0101737976074, 0.00849057547748, -0.00429097702727, 0.000848264840897, -0.00246316147968], [0.00390164833516, -0.00723621249199, 0.00498001789674, -0.00587850762531, 0.00532774813473, -0.0074773770757, 0.0072093247436, -0.0101737976074, 0.0207661557943, -0.0128677282482, 0.00623453548178, -0.00233468366787, 0.00119476357941], [-0.00350903393701, 0.00644901627675, -0.00417221244425, 0.0049272547476, -0.00469149788842, 0.00286616617814, -0.00508788833395, 0.00849057547748, -0.0128677282482, 0.0201908107847, -0.0101849073544, 0.00681024696678, -0.00309031014331], [0.00283717550337, -0.00314295734279, 0.00437510432675, -0.000669518311042, 0.00125217228197, -0.00010052012658, 0.000802203605417, -0.00429097702727, 0.00623453548178, -0.0101849073544, 0.0225490573794, -0.010913439095, 0.00505281379446], [-0.00231696618721, 0.00352603010833, -0.00386334187351, 0.00410519028082, -0.00213271286339, 0.00173729273956, -0.00299048051238, 0.000848264840897, -0.00233468366787, 0.00681024696678, -0.010913439095, 0.0216380469501, -0.00819936487824], [0.00128874997608, -0.0014235030394, 0.0021123313345, -0.00253257225268, 0.00180870713666, 0.000220838177484, 0.002365821274, -0.00246316147968, 0.00119476357941, -0.00309031014331, 0.00505281379446, -0.00819936487824, 0.0181610025465]]
    },
    "spectral_contrast_coeffs": {
        "max": [-0.403542101383, -0.446817815304, -0.420181572437, -0.566050887108, -0.478932529688, -0.492165565491],
        "mean": [-0.660165727139, -0.754555940628, -0.750449240208, -0.751574456692, -0.764828145504, -0.761541008949],
        "min": [-0.966673374176, -0.959791660309, -0.967912495136, -0.961432099342, -0.959581971169, -0.956691682339],
        "stdev": [0.0844144150615, 0.0752996578813, 0.0779670253396, 0.0660118088126, 0.0631104558706, 0.0639572888613]
    },
    "spectral_contrast_valleys": {
        "max": [-5.62211179733, -4.27036857605, -5.59784030914, -5.92297315598, -5.14158821106, -9.80331325531],
        "mean": [-7.46150255203, -6.62236738205, -7.48826503754, -7.54128742218, -8.02138328552, -11.1578292847],
        "min": [-27.0900440216, -27.0954914093, -27.2832927704, -27.1543216705, -27.3531036377, -27.3384838104],
        "stdev": [0.983347713947, 0.950315535069, 0.928062796593, 0.877825677395, 1.00253093243, 0.551813781261]
    }
},
"rhythm": {
    "beats_count": 48,
    "beats_loudness": {
        "max": 0.145615413785,
        "mean": 0.0285070221871,
        "min": 0.000212543993257,
        "stdev": 0.0248205475509
    },
    "bpm": 101.630264282,
    "bpm_histogram_first_peak_bpm": 101,
    "bpm_histogram_first_peak_weight": 0.57777774334,
    "bpm_histogram_second_peak_bpm": 96,
    "bpm_histogram_second_peak_spread": 0,
    "bpm_histogram_second_peak_weight": 0.0425531901419,
    "danceability": 1.20626914501,
    "onset_rate": 3.23988962173,
    "beats_loudness_band_ratio": {
        "max": [0.810357511044, 0.58820360899, 0.721509814262, 0.644266843796, 0.918138623238, 0.171352848411],
        "mean": [0.189123466611, 0.196081772447, 0.257354706526, 0.180701434612, 0.189503744245, 0.0287585258484],
        "min": [0.00220783660188, 0.00498531479388, 0.0290588326752, 0.0209071692079, 0.00650207325816, 0.000976211333182],
        "stdev": [0.193859085441, 0.140464395285, 0.17449246347, 0.134617239237, 0.17416793108, 0.0315710455179]
    },
    "beats_position": [0.592108845711, 1.20743763447, 1.78793644905, 2.36843538284, 2.94893407822, 3.5758728981, 4.20281171799, 4.80653047562, 5.42185926437, 6.03718805313, 6.64090681076, 7.24462556839, 7.84834432602, 8.46367359161, 9.05578231812, 9.64789104462, 10.2399997711, 10.8321084976, 11.4242172241, 12.0047159195, 12.5852155685, 13.177324295, 13.7578229904, 14.3499317169, 14.9420404434, 15.5341491699, 16.114648819, 16.6951465607, 17.2872562408, 17.8793640137, 18.4598636627, 19.0403633118, 19.6324710846, 20.2245807648, 20.8050785065, 21.3971881866, 21.9892959595, 22.5697956085, 23.1619052887, 23.7540130615, 24.3345127106, 24.9150104523, 25.4955101013, 26.076007843, 26.6565074921, 27.2370071411, 27.8291149139, 28.4212245941],
