{
"metadata": {
    "version": {
        "essentia": "2.1-beta5",
        "essentia_git_sha": "Undefined",
        "extractor": "music 2.0"
    },
    "audio_properties": {
        "analysis": {
            "equal_loudness": 0,
            "length": 48.7502937317,
            "sample_rate": 44100,
            "start_time": 110.248344421,
            "downmix": "mix"
        },
        "bit_rate": 192000,
        "length": 186.943847656,
        "lossless": 0,
        "number_channels": 2,
        "replay_gain": -6.34475135803,
        "sample_rate": 44100,
        "codec": "mp3",
        "md5_encoded": "8577d48cbd9234551b50a57bde4ed71b"
    },
    "tags": {
        "file_name": "Italy_L_amore è Un Attimo_Massimo Ranieri.mp3",
        "encoding": ["Lavf58.29.100"]
    }
},
"lowlevel": {
    "average_loudness": 0.936697781086,
    "barkbands_crest": {
        "max": 19.1956272125,
        "mean": 7.41744804382,
        "min": 2.72698259354,
        "stdev": 2.64123630524
    },
    "barkbands_flatness_db": {
        "max": 0.243784993887,
        "mean": 0.159752756357,
        "min": 0.0659694448113,
        "stdev": 0.0289765894413
    },
    "barkbands_kurtosis": {
        "max": 13.4286422729,
        "mean": -0.319200515747,
        "min": -1.79348051548,
        "stdev": 1.36616659164
    },
    "barkbands_skewness": {
        "max": 3.2949719429,
        "mean": -0.116379640996,
        "min": -3.22464632988,
        "stdev": 0.796888709068
    },
    "barkbands_spread": {
        "max": 61.2301559448,
        "mean": 19.5340194702,
        "min": 5.7655134201,
        "stdev": 5.94002485275
    },
    "dissonance": {
        "max": 0.499999970198,
        "mean": 0.471335381269,
        "min": 0.308703273535,
        "stdev": 0.0195662267506
    },
    "dynamic_complexity": 2.41828346252,
    "erbbands_crest": {
        "max": 24.1347637177,
        "mean": 9.51225185394,
        "min": 2.90769767761,
        "stdev": 3.39229154587
    },
    "erbbands_flatness_db": {
        "max": 0.349947750568,
        "mean": 0.247073948383,
        "min": 0.0934582427144,
        "stdev": 0.0395327806473
    },
    "erbbands_kurtosis": {
        "max": 23.5152778625,
        "mean": 0.752484023571,
        "min": -1.69086611271,
        "stdev": 2.79453659058
    },
    "erbbands_skewness": {
        "max": 1.52108740807,
        "mean": -0.631124794483,
        "min": -4.13504314423,
        "stdev": 0.810452580452
    },
    "erbbands_spread": {
        "max": 63.2924003601,
        "mean": 21.2568721771,
        "min": 4.50954771042,
        "stdev": 8.21727180481
    },
    "hfc": {
        "max": 91.4661483765,
        "mean": 23.8209915161,
        "min": 0.0615247264504,
        "stdev": 15.4759998322
    },
    "loudness_ebu128": {
        "integrated": -18.5196170807,
        "loudness_range": 3.52031326294,
        "momentary": {
            "max": -15.0356464386,
            "mean": -19.1388664246,
            "min": -34.7004318237,
            "stdev": 2.57160782814
        },
        "short_term": {
            "max": -16.8684673309,
            "mean": -18.664932251,
            "min": -22.3525390625,
            "stdev": 1.33777022362
        }
    },
    "melbands_crest": {
        "max": 26.797952652,
        "mean": 9.34806919098,
        "min": 3.25553107262,
        "stdev": 4.02931594849
    },
    "melbands_flatness_db": {
        "max": 0.288726747036,
        "mean": 0.169757410884,
        "min": 0.0387895852327,
        "stdev": 0.0307339392602
    },
    "melbands_kurtosis": {
        "max": 23.0090808868,
        "mean": 0.207209900022,
        "min": -1.83256995678,
        "stdev": 2.14612770081
    },
    "melbands_skewness": {
        "max": 4.16738605499,
        "mean": 0.587571620941,
        "min": -1.62118268013,
        "stdev": 0.764958143234
    },
    "melbands_spread": {
        "max": 116.08997345,
        "mean": 40.1942367554,
        "min": 6.06169509888,
        "stdev": 14.5199804306
    },
    "pitch_salience": {
        "max": 0.831768035889,
        "mean": 0.621640026569,
        "min": 0.284328192472,
        "stdev": 0.0868010893464
    },
    "silence_rate_20dB": {
        "max": 1,
        "mean": 1,
        "min": 1,
        "stdev": 0
    },
    "silence_rate_30dB": {
        "max": 1,
        "mean": 1,
        "min": 1,
        "stdev": 0
    },
    "silence_rate_60dB": {
        "max": 1,
        "mean": 0.0618752986193,
        "min": 0,
        "stdev": 0.240931630135
    },
    "spectral_centroid": {
        "max": 3470.59472656,
        "mean": 2044.02978516,
        "min": 525.052062988,
        "stdev": 479.699859619
    },
    "spectral_complexity": {
        "max": 48,
        "mean": 20.7615413666,
        "min": 0,
        "stdev": 6.75233650208
    },
    "spectral_decrease": {
        "max": -1.44156995369e-11,
        "mean": -3.42834627354e-09,
        "min": -1.03025428189e-08,
        "stdev": 1.88264315248e-09
    },
    "spectral_energy": {
        "max": 0.0428108498454,
        "mean": 0.0151000106707,
        "min": 5.99885679549e-05,
        "stdev": 0.00833737757057
    },
    "spectral_energyband_high": {
        "max": 0.00539974216372,
        "mean": 0.00016646918084,
        "min": 2.93153948405e-06,
        "stdev": 0.000303892738884
    },
    "spectral_energyband_low": {
        "max": 0.00603016186506,
        "mean": 0.000391329522245,
        "min": 1.48071671902e-06,
        "stdev": 0.000619574915618
    },
    "spectral_energyband_middle_high": {
        "max": 0.0392755307257,
        "mean": 0.0100875226781,
        "min": 1.08830754471e-05,
        "stdev": 0.00692524109036
    },
    "spectral_energyband_middle_low": {
        "max": 0.0309175774455,
        "mean": 0.00487993843853,
        "min": 2.78004445136e-05,
        "stdev": 0.00376767502166
    },
    "spectral_entropy": {
        "max": 8.24785423279,
        "mean": 7.2469959259,
        "min": 6.3777012825,
        "stdev": 0.293465435505
    },
    "spectral_flux": {
        "max": 0.16759608686,
        "mean": 0.0722055360675,
        "min": 0.00388662563637,
        "stdev": 0.029707191512
    },
    "spectral_kurtosis": {
        "max": 36.9747962952,
        "mean": 9.07102108002,
        "min": -0.313590764999,
        "stdev": 5.11890983582
    },
    "spectral_rms": {
        "max": 0.00646271463484,
        "mean": 0.00365742272697,
        "min": 0.000241920308326,
        "stdev": 0.00116404308937
    },
    "spectral_rolloff": {
        "max": 7428.95507812,
        "mean": 2545.99902344,
        "min": 366.064453125,
        "stdev": 707.926269531
    },
    "spectral_skewness": {
        "max": 3.07593870163,
        "mean": 1.48323237896,
        "min": 0.200422763824,
        "stdev": 0.417011141777
    },
    "spectral_spread": {
        "max": 6682617.5,
        "mean": 2303796.25,
        "min": 1169741.25,
        "stdev": 648918.1875
    },
    "spectral_strongpeak": {
        "max": 12.3940935135,
        "mean": 2.33712363243,
        "min": 0.0119636124,
        "stdev": 2.1894133091
    },
    "zerocrossingrate": {
        "max": 0.216796875,
        "mean": 0.0795356929302,
        "min": 0.01953125,
        "stdev": 0.0197823327035
    },
    "barkbands": {
        "max": [1.53849068738e-05, 0.0029107646551, 0.00527134537697, 0.0119486954063, 0.0120369009674, 0.0108840782195, 0.00933856796473, 0.015226945281, 0.0146154416725, 0.0265596695244, 0.0168315600604, 0.0106708379462, 0.0174423214048, 0.00975004676729, 0.014266692102, 0.0154009321705, 0.0124194901437, 0.0122365057468, 0.0107996836305, 0.00133468094282, 0.00113642658107, 0.00254190759733, 0.0016914610751, 0.00082577340072, 2.47010302701e-05, 2.09382051253e-06, 6.02289560447e-07],
        "mean": [5.39018685686e-07, 5.11421458214e-05, 0.000167534992215, 0.000507393328007, 0.000587185844779, 0.000868014292791, 0.000649391324259, 0.000755837361794, 0.00104974512942, 0.000872982200235, 0.000800212728791, 0.000504132767674, 0.00132521800697, 0.000568995019421, 0.00097528565675, 0.000894775963388, 0.00164840917569, 0.00163959874772, 0.00101426651236, 0.000108315245598, 5.17756743648e-05, 3.40274600603e-05, 1.7900203602e-05, 5.86894020671e-06, 8.50961725973e-07, 6.11189364008e-07, 5.39052003035e-09],
        "min": [2.00434446818e-09, 2.33165494024e-07, 9.61232373697e-08, 6.77217599332e-07, 4.56036332253e-06, 1.50528342147e-06, 1.61364278028e-06, 9.78663592832e-07, 3.79639402581e-07, 1.72451706248e-07, 5.24044423855e-07, 5.0682535857e-07, 9.53973426476e-07, 1.16184253329e-06, 4.80282551507e-07, 2.74592866845e-06, 5.85946509091e-07, 2.545092741e-07, 2.68241990398e-07, 6.16414808974e-07, 3.10700386308e-07, 1.52472509285e-07, 1.55762876375e-07, 2.87426274781e-07, 1.0687863039e-07, 1.39463111282e-07, 3.19850847197e-11],
        "stdev": [7.33977799428e-07, 0.00013678256073, 0.000407112704124, 0.000969538115896, 0.000732419372071, 0.00101145217195, 0.00105649477337, 0.00123651092872, 0.00148353877012, 0.00228747772053, 0.00154505786486, 0.000857208215166, 0.00210228166543, 0.000993248191662, 0.00154381652828, 0.00137714459561, 0.00177885766607, 0.00183421710972, 0.00145302875899, 0.00013388665684, 9.35057687457e-05, 0.000109276465082, 7.94888110249e-05, 2.87456841761e-05, 9.94523702502e-07, 9.49071505829e-08, 1.42655700586e-08]
    },
    "erbbands": {
        "max": [0.0221937466413, 0.819611012936, 3.86255216599, 16.8614501953, 68.0724868774, 39.719127655, 44.5250587463, 127.682983398, 165.538146973, 239.8565979, 376.666748047, 424.13873291, 1020.6942749, 514.670410156, 693.754760742, 548.66418457, 779.861206055, 516.94720459, 675.403625488, 1330.05053711, 698.491821289, 715.422546387, 487.448974609, 750.963806152, 273.23348999, 69.9903869629, 47.7267303467, 45.7822265625, 92.1673660278, 85.9800872803, 43.6443252563, 31.4040679932, 4.37544870377, 0.479328125715, 0.0186754688621, 0.0100545259193, 0.00430725188926, 0.000448155828053, 9.35550051508e-05, 6.01128813287e-05],
        "mean": [0.000440359668573, 0.017131049186, 0.159265637398, 0.909170866013, 2.11713171005, 1.72058749199, 3.22053003311, 8.44469928741, 10.4405183792, 10.2795200348, 17.8480987549, 28.5937614441, 28.3372097015, 24.1712703705, 33.7219161987, 24.3957328796, 58.5491065979, 38.4894943237, 44.2463340759, 55.1363868713, 51.9518737793, 87.1064529419, 88.2117767334, 85.5586547852, 22.2540378571, 5.66383075714, 2.83788228035, 1.9441781044, 1.3194694519, 0.7851998806, 0.444234579802, 0.20829936862, 0.0550958774984, 0.0126000531018, 0.00525797856972, 0.00304178288206, 0.0011336968746, 9.63466009125e-05, 1.22566416394e-05, 1.99782207346e-05],
        "min": [8.21313824417e-06, 0.00010791762179, 0.000347347377101, 0.00214805034921, 0.00428843311965, 0.0155150759965, 0.00598881440237, 0.00941733364016, 0.0401243232191, 0.0172917041928, 0.0100625408813, 0.00790063664317, 0.0144709767774, 0.00966033246368, 0.0261933878064, 0.0211464893073, 0.038818012923, 0.0593953542411, 0.0370326600969, 0.0647527724504, 0.137814298272, 0.0322122685611, 0.0165551621467, 0.0116586321965, 0.014021422714, 0.0268224235624, 0.0246491041034, 0.0106559125707, 0.00571444537491, 0.00500227324665, 0.00510547822341, 0.00593050662428, 0.00467655761167, 0.0012762210099, 0.000820299144834, 0.000566528877243, 0.000231503101531, 4.9042631872e-05, 1.53583755491e-06, 1.5001486986e-07],
        "stdev": [0.000970943132415, 0.0409969799221, 0.329447448254, 1.49636173248, 3.45459127426, 2.46824407578, 4.50884866714, 10.5128927231, 16.2166996002, 15.2337388992, 30.5410423279, 39.4221000671, 84.9669723511, 38.4736824036, 61.8329658508, 39.3640594482, 89.5044250488, 53.8464851379, 69.6312408447, 101.833946228, 61.2906913757, 88.682723999, 88.1548080444, 104.849235535, 30.3473072052, 6.87923717499, 4.13215875626, 3.75760412216, 3.9462749958, 3.38173055649, 2.03859186172, 1.13232088089, 0.188600808382, 0.0252579580992, 0.00127994746435, 0.000553956022486, 0.000205038595595, 1.95230586542e-05, 6.24963377049e-06, 1.11127201308e-05]
    },
    "gfcc": {
        "mean": [-44.4959716797, 103.409439087, -190.739746094, 13.1140871048, -50.7054023743, -19.4009017944, -43.5266685486, 2.71376299858, -25.6617507935, -10.8680057526, -18.1978759766, -3.38310909271, -18.426153183],
        "cov": [[1216.46020508, 107.585014343, -371.902862549, 114.035308838, -15.2679729462, -47.0723075867, 94.9617614746, -90.9878921509, 75.5268707275, -217.457290649, 100.59022522, -25.3814945221, -64.5087203979], [107.585014343, 312.860717773, 115.453559875, -90.6957473755, 97.5250320435, 28.4456501007, 49.9943237305, 4.55727291107, -46.8584098816, 1.05008816719, -21.278963089, 5.20789718628, -26.0653018951], [-371.902862549, 115.453559875, 410.784881592, 92.7611236572, -58.008518219, 105.351638794, -32.1268539429, -22.4149436951, -20.4026317596, 85.0341873169, -68.0420379639, -4.96720123291, 29.199836731], [114.035308838, -90.6957473755, 92.7611236572, 261.139923096, -44.8594779968, 8.11860942841, -44.2349243164, -37.0812225342, 66.7819595337, -12.2845172882, -7.00267601013, -24.8642234802, 22.0754165649], [-15.2679729462, 97.5250320435, -58.008518219, -44.8594779968, 266.26159668, -46.4198684692, -18.8947677612, 77.5409469604, -14.0154266357, -18.4935035706, 7.49078178406, 4.51902770996, -23.2355651855], [-47.0723075867, 28.4456501007, 105.351638794, 8.11860942841, -46.4198684692, 199.728118896, 82.0524978638, -64.3153533936, -31.8492565155, 25.0664215088, -20.2216453552, -0.245173335075, -2.52462720871], [94.9617614746, 49.9943237305, -32.1268539429, -44.2349243164, -18.8947677612, 82.0524978638, 146.529205322, 6.46028804779, -40.930141449, -12.5060815811, -1.94704127312, 12.267996788, -13.7810373306], [-90.9878921509, 4.55727291107, -22.4149436951, -37.0812225342, 77.5409469604, -64.3153533936, 6.46028804779, 121.442070007, 31.3590259552, -4.99110460281, -1.87570726871, 7.49563980103, 0.648219823837], [75.5268707275, -46.8584098816, -20.4026317596, 66.7819595337, -14.0154266357, -31.8492565155, -40.930141449, 31.3590259552, 120.442947388, 23.8059444427, -8.09049987793, -13.3532018661, 19.4887294769], [-217.457290649, 1.05008816719, 85.0341873169, -12.2845172882, -18.4935035706, 25.0664215088, -12.5060815811, -4.99110460281, 23.8059444427, 130.076217651, -14.9098167419, -6.05900430679, 26.3457202911], [100.59022522, -21.278963089, -68.0420379639, -7.00267601013, 7.49078178406, -20.2216453552, -1.94704127312, -1.87570726871, -8.09049987793, -14.9098167419, 80.7987289429, 26.9761219025, -18.5954151154], [-25.3814945221, 5.20789718628, -4.96720123291, -24.8642234802, 4.51902770996, -0.245173335075, 12.267996788, 7.49563980103, -13.3532018661, -6.05900430679, 26.9761219025, 62.2015647888, 16.7615852356], [-64.5087203979, -26.0653018951, 29.199836731, 22.0754165649, -23.2355651855, -2.52462720871, -13.7810373306, 0.648219823837, 19.4887294769, 26.3457202911, -18.5954151154, 16.7615852356, 70.1250534058]],
        "icov": [[0.0209370180964, -0.0284899640828, 0.0253128521144, -0.0190368127078, 0.0095419306308, -0.00107590085827, -0.00775364460424, 0.0139258056879, -0.0180829893798, 0.0210209544748, -0.0178674198687, 0.011705971323, -0.00481439381838], [-0.0284899640828, 0.0528097562492, -0.0487670227885, 0.0374153070152, -0.02369967103, 0.0128523902968, -0.00591366086155, -0.00154988165013, 0.0116493739188, -0.0207342449576, 0.019208714366, -0.0112578803673, 0.00574806472287], [0.0253128521144, -0.0487670227885, 0.0523683577776, -0.0389015190303, 0.0247033666819, -0.0180682931095, 0.013211694546, -0.00682873185724, -0.00228070351295, 0.0127605898306, -0.0105024818331, 0.00535856653005, -0.00243257428519], [-0.0190368127078, 0.0374153070152, -0.0389015190303, 0.0347851887345, -0.0187310930341, 0.0124615728855, -0.00891374237835, 0.00706158811226, -0.00127344171051, -0.0080494582653, 0.00774391321465, -0.00220863102004, 2.77285344055e-05], [0.0095419306308, -0.02369967103, 0.0247033666819, -0.0187310930341, 0.0185213126242, -0.0114760184661, 0.0128198750317, -0.01309564244, 0.0055236374028, 0.00235839164816, -0.00244502071291, 0.000280512613244, 0.00080643594265], [-0.00107590085827, 0.0128523902968, -0.0180682931095, 0.0124615728855, -0.0114760184661, 0.0227967463434, -0.0232165921479, 0.0234715547413, -0.0144916139543, 0.00626066653058, -0.00469107553363, 0.00450533581898, -0.0010187003063], [-0.00775364460424, -0.00591366086155, 0.013211694546, -0.00891374237835, 0.0128198750317, -0.0232165921479, 0.0390651933849, -0.0358882397413, 0.0300986133516, -0.0191599670798, 0.0171493012458, -0.0140769286081, 0.00614062650129], [0.0139258056879, -0.00154988165013, -0.00682873185724, 0.00706158811226, -0.01309564244, 0.0234715547413, -0.0358882397413, 0.0525120906532, -0.0397287495434, 0.0275022741407, -0.0207883454859, 0.0148067623377, -0.00652054091915], [-0.0180829893798, 0.0116493739188, -0.00228070351295, -0.00127344171051, 0.0055236374028, -0.0144916139543, 0.0300986133516, -0.0397287495434, 0.0470975711942, -0.0317134596407, 0.0247376151383, -0.0159303843975, 0.00582973659039], [0.0210209544748, -0.0207342449576, 0.0127605898306, -0.0080494582653, 0.00235839164816, 0.00626066653058, -0.0191599670798, 0.0275022741407, -0.0317134596407, 0.0382811576128, -0.0251050610095, 0.0191995464265, -0.0109765669331], [-0.0178674198687, 0.019208714366, -0.0105024818331, 0.00774391321465, -0.00244502071291, -0.00469107553363, 0.0171493012458, -0.0207883454859, 0.0247376151383, -0.0251050610095, 0.0403868071735, -0.0259708184749, 0.0146963289008], [0.011705971323, -0.0112578803673, 0.00535856653005, -0.00220863102004, 0.000280512613244, 0.00450533581898, -0.0140769286081, 0.0148067623377, -0.0159303843975, 0.0191995464265, -0.0259708184749, 0.0363449528813, -0.015960291028], [-0.00481439381838, 0.00574806472287, -0.00243257428519, 2.77285344055e-05, 0.00080643594265, -0.0010187003063, 0.00614062650129, -0.00652054091915, 0.00582973659039, -0.0109765669331, 0.0146963289008, -0.015960291028, 0.0246854126453]]
    },
    "melbands": {
        "max": [0.00050611118786, 0.00142262491863, 0.00512610888109, 0.00299257296138, 0.00135893828701, 0.00270444131456, 0.00216010212898, 0.00240786396898, 0.00292166811414, 0.00278435251676, 0.00507344678044, 0.00217071385123, 0.00266884244047, 0.00115099095274, 0.000892644398846, 0.00235858163796, 0.00117133441381, 0.00108847767115, 0.00130958715454, 0.00134938117117, 0.000686667161062, 0.000843773130327, 0.000774122367147, 0.000654427858535, 0.000726714963093, 0.000399244017899, 8.80250227056e-05, 4.8558209528e-05, 3.93018272007e-05, 2.62409284915e-05, 2.96931630146e-05, 5.6446675444e-05, 4.61563540739e-05, 4.52712411061e-05, 2.98812901747e-05, 2.4822064006e-05, 1.6630272512e-05, 4.02139357902e-06, 1.01103353245e-06, 2.11025167118e-07],
        "mean": [8.50247852213e-06, 6.7874105298e-05, 0.000207636345294, 0.000133279667352, 0.00010691681382, 0.000186053221114, 0.000155610599904, 0.000117929790576, 0.000148562307004, 0.000177431225893, 0.000136491275043, 9.05691413209e-05, 0.00011449255544, 6.68053762638e-05, 7.29448584025e-05, 0.000143294018926, 6.10157221672e-05, 6.62525635562e-05, 6.98149451637e-05, 7.54238571972e-05, 5.93744625803e-05, 8.88253562152e-05, 9.62263147812e-05, 7.21472024452e-05, 7.26341022528e-05, 2.49209806498e-05, 4.78448419017e-06, 3.34261812895e-06, 2.01933494282e-06, 1.30854971303e-06, 1.01572845779e-06, 8.40639586386e-07, 4.82666962398e-07, 4.15789742192e-07, 2.67222020511e-07, 1.8581056338e-07, 1.02583925354e-07, 4.30258246809e-08, 1.61668811671e-08, 7.80559883395e-09],
        "min": [5.9034817923e-08, 1.66581216376e-07, 3.95853930968e-07, 7.4921678106e-07, 2.4346883265e-07, 2.23100357744e-07, 6.22353240942e-07, 1.64406841918e-07, 6.09478760794e-08, 4.66563605528e-08, 7.16940178336e-08, 1.67065028478e-08, 8.18652594603e-08, 7.31264222509e-08, 2.61984745009e-08, 8.22145622692e-08, 1.09779165314e-07, 5.83623531725e-08, 3.57383598271e-08, 1.96158580934e-07, 1.35451045935e-07, 3.51467548398e-08, 1.3924278619e-08, 1.02915906908e-08, 9.16639031345e-09, 1.04159836312e-08, 7.35498373317e-09, 1.97130844981e-08, 2.3222728629e-08, 6.01241412213e-09, 4.42970637948e-09, 2.81489653808e-09, 3.53339757453e-09, 2.25948970645e-09, 3.12618642084e-09, 2.8472677549e-09, 3.26513416304e-09, 2.8768472049e-09, 1.56046431332e-09, 8.89860907183e-10],
        "stdev": [2.26787560678e-05, 0.000127975290525, 0.000344110507285, 0.000171694686287, 0.000142416611197, 0.000229923418374, 0.000240561159444, 0.000171168983798, 0.000244192546234, 0.000255194987403, 0.000424494879553, 0.000155996880494, 0.000229131634114, 0.000102049838461, 0.000111108260171, 0.000247219955781, 9.71024055616e-05, 0.00011168722267, 0.000114269016194, 0.000133436202304, 7.46397709008e-05, 9.69067332335e-05, 0.000110099783342, 8.09960620245e-05, 9.45235224208e-05, 4.37505768787e-05, 5.99712257099e-06, 4.86644194098e-06, 3.16308182846e-06, 2.40083977587e-06, 2.10515668186e-06, 2.44369061875e-06, 2.08175470107e-06, 1.85504984529e-06, 1.27465966671e-06, 1.01082810033e-06, 5.59698150937e-07, 1.49127117766e-07, 4.57191688952e-08, 1.00546335702e-08]
    },
    "melbands128": {
        "max": [1.07682681119e-05, 4.14352653024e-05, 0.000520218571182, 0.00179287209176, 0.00144308083691, 0.00300413183868, 0.00262690335512, 0.00811686739326, 0.00840515270829, 0.00348159275018, 0.00234895898029, 0.00163554516621, 0.00224413489923, 0.00198705377989, 0.00336386123672, 0.00430467259139, 0.00553174130619, 0.00410637166351, 0.00362038076855, 0.00412156293169, 0.00253899744712, 0.00394789967686, 0.00497990008444, 0.00256977695972, 0.00418039411306, 0.00492147728801, 0.0042255455628, 0.0102592566982, 0.00370514323004, 0.00302053708583, 0.003055277979, 0.00531026534736, 0.0052888924256, 0.00268407701515, 0.00140231731348, 0.00199185521342, 0.00274077849463, 0.001280469005, 0.00252151209861, 0.00318241468631, 0.00398475071415, 0.00294033437967, 0.00204467168078, 0.00194288545754, 0.00202746177092, 0.00197276077233, 0.00268898694776, 0.00216791825369, 0.00164256116841, 0.00454535940662, 0.00248391460627, 0.00243430165574, 0.00144271482714, 0.00134542107116, 0.00268487678841, 0.00155062810518, 0.00159398664255, 0.00182275834959, 0.00141758727841, 0.0010578596266, 0.00115425826516, 0.00174536823761, 0.00148799293675, 0.00125402410049, 0.00153600447811, 0.000610870891251, 0.000267825031187, 0.000195844710106, 5.15940882906e-05, 7.54111242713e-05, 7.23344273865e-05, 7.63697971706e-05, 8.92729804036e-05, 6.71747693559e-05, 5.26105686731e-05, 2.20836263907e-05, 6.33782983641e-05, 4.09524291172e-05, 2.96221896861e-05, 7.66527082305e-05, 5.64032634429e-05, 5.22503178217e-05, 5.62571549381e-05, 5.99990453338e-05, 5.93999720877e-05, 6.01740248385e-05, 3.66009226127e-05, 3.42940656992e-05, 3.33012503688e-05, 2.41629986704e-05, 3.70022426068e-05, 2.48937867582e-05, 3.91499161196e-05, 1.80567039934e-05, 5.90225317865e-06, 6.77533989801e-06, 3.90741206502e-06, 1.29357022161e-06, 1.4770952248e-06, 1.20618574329e-06, 3.28028079366e-07, 7.19654309478e-08, 1.96939531349e-08, 2.00023713148e-08, 1.82737132093e-08, 2.03334291626e-08, 1.8297422244e-08, 1.6639818412e-08, 1.74903949102e-08, 1.68660818645e-08, 1.68379727938e-08, 2.02942853633e-08, 1.45716105848e-08, 1.04226840492e-08, 6.11664852102e-09, 3.92795174164e-09, 2.75550537943e-09, 2.75924194604e-09, 2.74142863965e-09, 2.69563238398e-09, 2.64780952719e-09, 2.59952881443e-09, 2.54136778288e-09, 2.50516896116e-09, 2.46091302891e-09, 2.44839659658e-09, 2.42425035601e-09, 2.42434228248e-09],
        "mean": [3.62607181614e-07, 1.14223234959e-06, 6.24224594503e-06, 3.25577348121e-05, 6.21452127234e-05, 8.91380841495e-05, 0.0001524137042, 0.000300756364595, 0.0002201480238, 0.000109078682726, 8.50086216815e-05, 9.20067323023e-05, 9.92467757897e-05, 0.00013283987937, 0.000208220590139, 0.000207858407521, 0.000180499569979, 0.000154790366651, 0.000117938536278, 9.89864274743e-05, 0.000128126979689, 0.000131311899167, 0.000172078478499, 0.000119435455417, 0.000207892284379, 0.00020878657233, 9.8027405329e-05, 0.000198796537006, 7.00445234543e-05, 9.54634451773e-05, 9.37345976126e-05, 8.72804812388e-05, 0.000135776368552, 0.000129148626002, 5.24378447153e-05, 5.94218618062e-05, 7.02240795363e-05, 3.16521181958e-05, 0.000103202568425, 0.000164994155057, 0.000176418092451, 7.6665841334e-05, 4.97001383337e-05, 6.25432367087e-05, 4.56465677416e-05, 7.01598546584e-05, 8.84108085302e-05, 6.06148387305e-05, 5.52459750907e-05, 9.93979847408e-05, 7.08074803697e-05, 7.46460427763e-05, 3.12240190397e-05, 5.90718955209e-05, 0.000106420862721, 7.87456083344e-05, 8.40593274916e-05, 0.000121236247651, 9.02904430404e-05, 7.04472986399e-05, 6.50111760478e-05, 7.63007847127e-05, 9.04418993741e-05, 6.85635095579e-05, 5.21985784872e-05, 2.132121881e-05, 1.23523477669e-05, 4.77701996715e-06, 3.18851721204e-06, 4.0950399125e-06, 2.91136461783e-06, 3.55154770659e-06, 3.04523427985e-06, 1.47901869241e-06, 1.13260762191e-06, 1.24201255858e-06, 1.58542070494e-06, 1.1319633586e-06, 8.61533521856e-07, 9.1680595915e-07, 1.0522193179e-06, 7.31404441012e-07, 5.23863093349e-07, 4.64542893042e-07, 4.34679407135e-07, 4.4589151571e-07, 4.30731887491e-07, 3.20857822089e-07, 2.52872013107e-07, 2.24912028557e-07, 2.21606867967e-07, 1.66136800317e-07, 1.47221484781e-07, 1.06359614449e-07, 7.39925809512e-08, 5.59470265671e-08, 3.72015556138e-08, 2.22552749563e-08, 1.64744644593e-08, 1.32044490897e-08, 9.7326582349e-09, 6.46669784388e-09, 5.86296255989e-09, 5.94249272012e-09, 5.63996227498e-09, 5.56688117825e-09, 5.55813173264e-09, 5.52631629347e-09, 5.19792520137e-09, 5.21571807965e-09, 4.7144497195e-09, 4.24986978942e-09, 3.76352549125e-09, 3.03540814706e-09, 1.74258063534e-09, 6.11788453231e-10, 1.76208395097e-10, 4.45249479647e-12, 4.23720910789e-12, 4.14647439648e-12, 4.06136669434e-12, 3.98306127664e-12, 3.89872942957e-12, 3.83182678296e-12, 3.78420862354e-12, 3.75311066947e-12, 3.7211171644e-12, 3.7038865898e-12],
        "min": [3.82862352932e-10, 3.19809800864e-09, 1.15356248998e-08, 4.60089992771e-08, 7.08206684408e-08, 4.39235172678e-08, 1.38758267099e-07, 2.86537897409e-07, 2.73231052006e-07, 3.49591914528e-07, 2.56251809105e-07, 1.17759739737e-07, 5.13797253632e-08, 1.60923420367e-07, 6.05828986977e-08, 5.34730979496e-08, 1.73377713963e-07, 2.12103401509e-07, 1.25201381707e-07, 3.58551162094e-08, 1.31448700813e-07, 7.30008338223e-08, 2.68229580769e-08, 8.71487415566e-09, 1.13214442266e-08, 3.97160277998e-08, 7.20601036619e-08, 2.71969042842e-08, 2.0537116896e-08, 1.70054814674e-08, 1.22990426732e-08, 1.50226320272e-08, 1.70500769059e-08, 7.43681454196e-08, 9.78657510586e-08, 3.07571035307e-08, 1.31274102699e-08, 5.94957239031e-09, 1.36763027569e-08, 6.71481430459e-08, 8.04637494412e-08, 3.52912365997e-08, 6.53408918083e-08, 2.26876739617e-08, 2.15257855984e-08, 2.92475412778e-08, 3.07857099813e-08, 2.40444553157e-08, 1.92311873093e-08, 1.55366954857e-08, 2.40459712586e-07, 1.85155045074e-07, 6.81520191392e-08, 3.93689347788e-08, 3.15975228204e-08, 3.17560768792e-08, 9.71616032075e-09, 8.94094398518e-09, 1.01890424986e-08, 4.92329110813e-09, 5.04693442593e-09, 8.16605272291e-09, 5.49965051277e-09, 8.1351938519e-09, 9.08375508146e-09, 6.73878997048e-09, 7.98951838021e-09, 3.60008556299e-09, 3.8476892783e-09, 3.66771435445e-09, 5.85752069071e-09, 1.32992399315e-08, 2.17598348229e-08, 5.19864284954e-09, 3.52377749202e-09, 2.07500150395e-09, 1.90574911407e-09, 3.0511901894e-09, 3.14583892269e-09, 2.26189822428e-09, 1.75629910615e-09, 1.36678635076e-09, 1.82091430823e-09, 2.02134819993e-09, 2.46872788878e-09, 1.08176456681e-09, 2.29639196547e-09, 2.63504751352e-09, 1.56230206549e-09, 2.716604941e-09, 1.92811100419e-09, 1.88834969883e-09, 1.92550642097e-09, 1.93934912573e-09, 1.88857840477e-09, 1.79507686493e-09, 1.82249493275e-09, 1.13518650036e-09, 1.238040781e-09, 8.40167935223e-10, 1.08162090395e-09, 9.62156576634e-10, 7.96588489616e-11, 4.65120969517e-10, 6.6821709277e-10, 1.19799703491e-09, 1.08084485806e-09, 8.72191097123e-10, 1.02932573576e-09, 1.04075936758e-09, 8.21710366417e-10, 4.97464514027e-10, 5.79654879651e-10, 7.5587625048e-10, 5.38962929841e-10, 2.21000752421e-11, 1.45665380799e-13, 1.02696036354e-13, 7.9939784718e-14, 7.21320382981e-14, 7.47145130053e-14, 8.84593708505e-14, 9.79406646387e-14, 5.83607123674e-14, 8.90483772332e-14, 8.85018173655e-14, 8.99845383753e-14, 8.39870436652e-14],
        "stdev": [4.79255390928e-07, 1.62417973115e-06, 2.10060225072e-05, 8.75005425769e-05, 0.000137814422487, 0.000225982730626, 0.0002568270138, 0.000614195421804, 0.000387748907087, 0.00017451448366, 0.000157211965416, 0.000159277929924, 0.000204508090974, 0.000180235088919, 0.00031056930311, 0.000371622794773, 0.000369270303054, 0.000351002730895, 0.000254626414971, 0.000209894918953, 0.000244579074206, 0.000273209821898, 0.000408731371863, 0.000237723550526, 0.000370087305782, 0.000414580834331, 0.000305776455207, 0.000836502644233, 0.000196158303879, 0.00021643404034, 0.000221269845497, 0.0002577038249, 0.000400899269152, 0.000283026747638, 0.000115375674795, 0.000141302196425, 0.000182425530511, 9.67057712842e-05, 0.000222829447011, 0.0003359260445, 0.000412903231336, 0.000236391308135, 0.000115303693747, 0.000143143479363, 0.000136895454489, 0.000165289733559, 0.000224543036893, 0.000157311718795, 0.000123261808767, 0.000331978575559, 0.000162599884789, 0.000158087539603, 7.41275725886e-05, 0.000115454145998, 0.000181680603418, 0.000133510155138, 0.000166972677107, 0.000200068956474, 0.000152927837917, 0.000124815749587, 0.000109434215119, 0.000128364365082, 0.000158309660037, 0.000126824495965, 0.000135275739012, 4.62859497929e-05, 2.18085006054e-05, 9.25044514588e-06, 4.96589291288e-06, 7.24947130948e-06, 5.88277043789e-06, 6.02437057751e-06, 6.05886589256e-06, 3.44842510458e-06, 2.40035706156e-06, 2.01252578336e-06, 4.34496132584e-06, 2.7433914056e-06, 1.96271980712e-06, 2.89980107482e-06, 3.26494614455e-06, 2.34470394389e-06, 2.42194073508e-06, 2.24534551307e-06, 2.07548191611e-06, 2.13786188397e-06, 1.94941230802e-06, 1.71398698967e-06, 1.26598797578e-06, 1.10207020043e-06, 1.31035199047e-06, 9.62641934166e-07, 1.06974118808e-06, 6.37640823697e-07, 2.94254334676e-07, 2.17199072949e-07, 1.35436550863e-07, 5.85817936383e-08, 5.65185551693e-08, 4.61168987442e-08, 1.84141413229e-08, 3.9156025089e-09, 2.26474772269e-09, 2.29287988596e-09, 1.89660598338e-09, 1.88240312227e-09, 1.93479987587e-09, 1.86152848691e-09, 1.75689585102e-09, 1.70822855861e-09, 1.50881807048e-09, 1.39672684529e-09, 1.17076137673e-09, 9.7834784718e-10, 5.74894576388e-10, 2.59270382941e-10, 1.42911474321e-10, 6.3801457173e-11, 6.3292759922e-11, 6.21660223299e-11, 6.10255040945e-11, 5.98732938228e-11, 5.8548041415e-11, 5.77277010916e-11, 5.6729964476e-11, 5.64031460426e-11, 5.5842854646e-11, 5.58180723864e-11]
    },
    "mfcc": {
        "mean": [-668.964416504, 137.213226318, -75.3219451904, 23.1602592468, -6.33332777023, -15.1915159225, -16.320520401, 3.39867568016, -11.5603752136, -7.35838794708, -3.11967015266, -4.04860448837, -9.95359325409],
        "cov": [[1630.15930176, -155.660644531, -308.822509766, 67.4960098267, -116.469116211, 30.5565834045, -74.6708831787, 190.417633057, -146.153045654, -42.8936042786, 69.3406600952, 9.15270423889, -154.747344971], [-155.660644531, 498.333862305, -73.1303253174, -70.1485366821, 56.6669654846, -20.9778213501, 114.302391052, 13.6536149979, 37.423664093, -68.3075714111, 66.1647415161, 4.92973327637, -8.36648654938], [-308.822509766, -73.1303253174, 529.535705566, 25.9980449677, -68.4311523438, 163.992141724, -9.34229469299, -87.8606491089, 48.8232955933, 46.3498077393, -118.758392334, 25.5222301483, 83.8335342407], [67.4960098267, -70.1485366821, 25.9980449677, 184.150848389, 87.0311965942, -45.7892112732, -59.6104545593, 0.462062686682, 9.70935153961, 30.0798530579, -14.7279462814, -22.144405365, 10.7560720444], [-116.469116211, 56.6669654846, -68.4311523438, 87.0311965942, 229.741287231, -56.2076950073, -46.6463661194, 5.81879138947, 3.51428198814, 21.5471401215, 16.4155845642, -21.0731315613, -8.73549747467], [30.5565834045, -20.9778213501, 163.992141724, -45.7892112732, -56.2076950073, 217.342529297, 63.4850578308, -34.6728248596, 19.036239624, 3.35722279549, -34.2292098999, 26.3456134796, 13.7524681091], [-74.6708831787, 114.302391052, -9.34229469299, -59.6104545593, -46.6463661194, 63.4850578308, 168.996917725, 40.0549468994, -9.73516178131, -50.144153595, 27.1107254028, 9.95123767853, -16.1644973755], [190.417633057, 13.6536149979, -87.8606491089, 0.462062686682, 5.81879138947, -34.6728248596, 40.0549468994, 144.527084351, -14.8710002899, -45.9633636475, 44.7856864929, 1.73835504055, -51.0303916931], [-146.153045654, 37.423664093, 48.8232955933, 9.70935153961, 3.51428198814, 19.036239624, -9.73516178131, -14.8710002899, 129.068893433, 43.8273124695, -22.1560497284, 1.33260214329, 31.0299282074], [-42.8936042786, -68.3075714111, 46.3498077393, 30.0798530579, 21.5471401215, 3.35722279549, -50.144153595, -45.9633636475, 43.8273124695, 113.861083984, -11.9968318939, -19.0725898743, 26.0905990601], [69.3406600952, 66.1647415161, -118.758392334, -14.7279462814, 16.4155845642, -34.2292098999, 27.1107254028, 44.7856864929, -22.1560497284, -11.9968318939, 113.57208252, 14.9493875504, -39.1247749329], [9.15270423889, 4.92973327637, 25.5222301483, -22.144405365, -21.0731315613, 26.3456134796, 9.95123767853, 1.73835504055, 1.33260214329, -19.0725898743, 14.9493875504, 76.5567626953, 18.22905159], [-154.747344971, -8.36648654938, 83.8335342407, 10.7560720444, -8.73549747467, 13.7524681091, -16.1644973755, -51.0303916931, 31.0299282074, 26.0905990601, -39.1247749329, 18.22905159, 107.028022766]],
        "icov": [[0.00220012851059, -0.00125161395408, 0.00222976924852, -0.00268500018865, 0.00304724695161, -0.0034219569061, 0.00350144924596, -0.00362029648386, 0.00312018929981, -0.00211425242014, 0.00156356790103, -0.00130295555573, 0.00150189991109], [-0.00125161395408, 0.00455493154004, -0.00178194674663, 0.00308206444606, -0.00363915343769, 0.00319895823486, -0.00442201225087, 0.00372901186347, -0.00429099984467, 0.0042217457667, -0.0033506739419, 0.00181610079017, -0.00128478358965], [0.00222976924852, -0.00178194674663, 0.00588330347091, -0.00402462715283, 0.00407886644825, -0.0057637761347, 0.00397142767906, -0.00361225288361, 0.00348467915319, -0.00332051888108, 0.00433396967128, -0.00249180197716, 0.000639697769657], [-0.00268500018865, 0.00308206444606, -0.00402462715283, 0.0117986313999, -0.00705560436472, 0.00578006543219, -0.00372634339146, 0.00380905205384, -0.0047091380693, 0.00312976795249, -0.00263589457609, 0.00335649796762, -0.00267264689319], [0.00304724695161, -0.00363915343769, 0.00407886644825, -0.00705560436472, 0.0109965214506, -0.00527104316279, 0.00671894848347, -0.00563169457018, 0.0053161913529, -0.00469255447388, 0.00265975506045, -0.00179252435919, 0.00242021563463], [-0.0034219569061, 0.00319895823486, -0.0057637761347, 0.00578006543219, -0.00527104316279, 0.0138297779486, -0.0095781898126, 0.00766819808632, -0.00607930403203, 0.00316937523894, -0.00187301181722, 2.81998072751e-05, -0.000461073272163], [0.00350144924596, -0.00442201225087, 0.00397142767906, -0.00372634339146, 0.00671894848347, -0.0095781898126, 0.0166930109262, -0.00881137792021, 0.00598290329799, -0.00170026801061, 0.00122573971748, -0.0004320172593, 0.00128127611242], [-0.00362029648386, 0.00372901186347, -0.00361225288361, 0.00380905205384, -0.00563169457018, 0.00766819808632, -0.00881137792021, 0.0173198543489, -0.00755803892389, 0.00772718107328, -0.00542330089957, 0.00194406835362, 0.000979881500825], [0.00312018929981, -0.00429099984467, 0.00348467915319, -0.0047091380693, 0.0053161913529, -0.00607930403203, 0.00598290329799, -0.00755803892389, 0.0157686546445, -0.00902474485338, 0.00535271083936, -0.00338108139113, 0.000595577817876], [-0.00211425242014, 0.0042217457667, -0.00332051888108, 0.00312976795249, -0.00469255447388, 0.00316937523894, -0.00170026801061, 0.00772718107328, -0.00902474485338, 0.018873937428, -0.00711687514558, 0.00674786884338, -0.00353867048398], [0.00156356790103, -0.0033506739419, 0.00433396967128, -0.00263589457609, 0.00265975506045, -0.00187301181722, 0.00122573971748, -0.00542330089957, 0.00535271083936, -0.00711687514558, 0.017829593271, -0.00734731834382, 0.00487816520035], [-0.00130295555573, 0.00181610079017, -0.00249180197716, 0.00335649796762, -0.00179252435919, 2.81998072751e-05, -0.0004320172593, 0.00194406835362, -0.00338108139113, 0.00674786884338, -0.00734731834382, 0.0190160740167, -0.00600508414209], [0.00150189991109, -0.00128478358965, 0.000639697769657, -0.00267264689319, 0.00242021563463, -0.000461073272163, 0.00128127611242, 0.000979881500825, 0.000595577817876, -0.00353867048398, 0.00487816520035, -0.00600508414209, 0.0155954668298]]
    },
    "spectral_contrast_coeffs": {
        "max": [-0.445615202188, -0.523744463921, -0.497825413942, -0.549663186073, -0.522189259529, -0.58536106348],
        "mean": [-0.681891083717, -0.746597409248, -0.726487576962, -0.722505986691, -0.686218380928, -0.734036386013],
        "min": [-0.926844000816, -0.912442684174, -0.894574642181, -0.890624880791, -0.883137822151, -0.879175186157],
        "stdev": [0.0646113529801, 0.05693500489, 0.0652559697628, 0.0535408705473, 0.0723936259747, 0.0406527258456]
    },
    "spectral_contrast_valleys": {
        "max": [-5.9727191925, -5.25000810623, -5.70446205139, -5.92377185822, -5.91292524338, -9.50741577148],
        "mean": [-7.91772031784, -6.80825233459, -7.55394411087, -7.51521682739, -7.69746112823, -11.4871053696],
        "min": [-10.0912914276, -9.91546821594, -10.3184204102, -9.77282524109, -10.122461319, -12.1425962448],
        "stdev": [0.593181788921, 0.540273249149, 0.610381960869, 0.541177868843, 0.54838758707, 0.342945277691]
    }
},
"rhythm": {
    "beats_count": 74,
    "beats_loudness": {
        "max": 0.0386858843267,
        "mean": 0.0192993786186,
        "min": 0.00281373807229,
        "stdev": 0.0081352237612
    },
    "bpm": 92.0339279175,
    "bpm_histogram_first_peak_bpm": 92,
    "bpm_histogram_first_peak_weight": 0.263888955116,
    "bpm_histogram_second_peak_bpm": 98,
    "bpm_histogram_second_peak_spread": 0,
    "bpm_histogram_second_peak_weight": 0.0136986300349,
    "danceability": 1.06542921066,
    "onset_rate": 2.953125,
    "beats_loudness_band_ratio": {
        "max": [0.478060394526, 0.551860570908, 0.530752003193, 0.725061714649, 0.891081750393, 0.413069397211],
        "mean": [0.068211324513, 0.141183182597, 0.219101235271, 0.194930687547, 0.349310308695, 0.0750489979982],
        "min": [0.00208840286359, 0.0132758365944, 0.0230474229902, 0.0105284256861, 0.027476137504, 0.00437559466809],
        "stdev": [0.0770589858294, 0.116605587304, 0.120420180261, 0.135700181127, 0.194633632898, 0.088012367487]
    },
    "beats_position": [0.638548731804, 1.27709746361, 1.92725622654, 2.58902478218, 3.22757363319, 3.85451245308, 4.49306106567, 5.13160991669, 5.7701587677, 6.40870714188, 7.02403593063, 7.6858048439, 8.34757328033, 9.0093421936, 9.67111110687, 10.3096599579, 10.9830379486, 11.656416893, 12.2833557129, 12.933514595, 13.5836734772, 14.2338323593, 14.8723802567, 15.5109291077, 16.1610889435, 16.8228569031, 17.4730148315, 18.1347846985, 18.7965526581, 19.458322525, 20.1084804535, 20.7702484131, 21.43201828, 22.0821762085, 22.7323360443, 23.3824939728, 24.0442619324, 24.7060317993, 25.3561897278, 26.0063495636, 26.6565074921, 27.3066654205, 27.9568252563, 28.6069831848, 29.2571430206, 29.9305210114, 30.6038990021, 31.2540588379, 31.9042167664, 32.5543746948, 33.204536438, 33.8546943665, 34.5048522949, 35.1666221619, 35.8167800903, 36.4669380188, 37.1170959473, 37.7788658142, 38.4290237427, 39.0791816711, 39.7525634766, 40.4259414673, 41.0760993958, 41.7262573242, 42.3764152527, 43.0265769958, 43.6767349243, 44.3268928528, 44.9770507812, 45.6272087097, 46.2657585144, 46.9043083191, 47.5544662476, 48.204624176],
