{
"metadata": {
    "version": {
        "essentia": "2.1-beta5",
        "essentia_git_sha": "Undefined",
        "extractor": "music 2.0"
    },
    "audio_properties": {
        "analysis": {
            "equal_loudness": 0,
            "length": 52.2448997498,
            "sample_rate": 44100,
            "start_time": 93.9943771362,
            "downmix": "mix"
        },
        "bit_rate": 192000,
        "length": 172.292068481,
        "lossless": 0,
        "number_channels": 2,
        "replay_gain": -5.17839622498,
        "sample_rate": 44100,
        "codec": "mp3",
        "md5_encoded": "02ccdf190b939c64c1a48f1a1d2e6624"
    },
    "tags": {
        "file_name": "Luxembourg_Pomme, Pomme, Pomme_Monique Melsen.mp3",
        "encoding": ["Lavf58.29.100"]
    }
},
"lowlevel": {
    "average_loudness": 0.947724401951,
    "barkbands_crest": {
        "max": 23.6644153595,
        "mean": 9.08924484253,
        "min": 2.79852604866,
        "stdev": 3.82147908211
    },
    "barkbands_flatness_db": {
        "max": 0.303788095713,
        "mean": 0.150539338589,
        "min": 0.0621037483215,
        "stdev": 0.0344850979745
    },
    "barkbands_kurtosis": {
        "max": 25.0738544464,
        "mean": 0.330305784941,
        "min": -1.81682598591,
        "stdev": 2.16542363167
    },
    "barkbands_skewness": {
        "max": 3.99481391907,
        "mean": 0.405299037695,
        "min": -2.34467530251,
        "stdev": 0.876263201237
    },
    "barkbands_spread": {
        "max": 58.875289917,
        "mean": 18.2400341034,
        "min": 3.11190128326,
        "stdev": 7.20503664017
    },
    "dissonance": {
        "max": 0.500000059605,
        "mean": 0.469411283731,
        "min": 0.296073794365,
        "stdev": 0.0242012832314
    },
    "dynamic_complexity": 3.4796230793,
    "erbbands_crest": {
        "max": 31.3749313354,
        "mean": 10.3212022781,
        "min": 2.50567007065,
        "stdev": 4.58660984039
    },
    "erbbands_flatness_db": {
        "max": 0.340344101191,
        "mean": 0.224561259151,
        "min": 0.110573537648,
        "stdev": 0.0397277027369
    },
    "erbbands_kurtosis": {
        "max": 20.9826889038,
        "mean": 0.462338775396,
        "min": -1.74154663086,
        "stdev": 2.17526435852
    },
    "erbbands_skewness": {
        "max": 3.45742988586,
        "mean": -0.137671485543,
        "min": -3.06967234612,
        "stdev": 0.801650106907
    },
    "erbbands_spread": {
        "max": 76.070892334,
        "mean": 24.4324512482,
        "min": 4.152135849,
        "stdev": 10.1653823853
    },
    "hfc": {
        "max": 111.908233643,
        "mean": 19.0639190674,
        "min": 0.109140925109,
        "stdev": 18.2781677246
    },
    "loudness_ebu128": {
        "integrated": -20.2809295654,
        "loudness_range": 2.7543258667,
        "momentary": {
            "max": -15.8630914688,
            "mean": -21.1043357849,
            "min": -38.3078842163,
            "stdev": 2.96192407608
        },
        "short_term": {
            "max": -18.5194702148,
            "mean": -20.4221363068,
            "min": -23.3403835297,
            "stdev": 0.986654162407
        }
    },
    "melbands_crest": {
        "max": 29.0702266693,
        "mean": 11.3777713776,
        "min": 3.01872396469,
        "stdev": 4.89130353928
    },
    "melbands_flatness_db": {
        "max": 0.321075379848,
        "mean": 0.164793878794,
        "min": 0.0269491560757,
        "stdev": 0.0436547100544
    },
    "melbands_kurtosis": {
        "max": 35.7840003967,
        "mean": 2.0073363781,
        "min": -1.79451239109,
        "stdev": 3.80756735802
    },
    "melbands_skewness": {
        "max": 5.3239030838,
        "mean": 1.05379903316,
        "min": -1.76375281811,
        "stdev": 0.92873364687
    },
    "melbands_spread": {
        "max": 169.855377197,
        "mean": 32.0028686523,
        "min": 3.87528800964,
        "stdev": 16.8014812469
    },
    "pitch_salience": {
        "max": 0.826915800571,
        "mean": 0.579547405243,
        "min": 0.217732265592,
        "stdev": 0.104769676924
    },
    "silence_rate_20dB": {
        "max": 1,
        "mean": 1,
        "min": 1,
        "stdev": 0
    },
    "silence_rate_30dB": {
        "max": 1,
        "mean": 1,
        "min": 1,
        "stdev": 0
    },
    "silence_rate_60dB": {
        "max": 1,
        "mean": 0.151488229632,
        "min": 0,
        "stdev": 0.358524501324
    },
    "spectral_centroid": {
        "max": 4006.67871094,
        "mean": 1719.1472168,
        "min": 401.041778564,
        "stdev": 526.787902832
    },
    "spectral_complexity": {
        "max": 55,
        "mean": 18.3478450775,
        "min": 0,
        "stdev": 9.72132301331
    },
    "spectral_decrease": {
        "max": -1.77220911557e-11,
        "mean": -3.38898509256e-09,
        "min": -1.825046958e-08,
        "stdev": 2.95261881611e-09
    },
    "spectral_energy": {
        "max": 0.0768421888351,
        "mean": 0.0145199410617,
        "min": 7.67866222304e-05,
        "stdev": 0.0126071581617
    },
    "spectral_energyband_high": {
        "max": 0.0100256279111,
        "mean": 0.000417739269324,
        "min": 3.33818957188e-06,
        "stdev": 0.000694767804816
    },
    "spectral_energyband_low": {
        "max": 0.0327540002763,
        "mean": 0.000468915852252,
        "min": 1.53819314619e-06,
        "stdev": 0.00173039722722
    },
    "spectral_energyband_middle_high": {
        "max": 0.0521124005318,
        "mean": 0.00769283948466,
        "min": 2.85678306682e-05,
        "stdev": 0.00826008990407
    },
    "spectral_energyband_middle_low": {
        "max": 0.0632745176554,
        "mean": 0.00611918838695,
        "min": 4.28559287684e-05,
        "stdev": 0.00638768868521
    },
    "spectral_entropy": {
        "max": 8.43643569946,
        "mean": 7.46475696564,
        "min": 6.43294429779,
        "stdev": 0.29434171319
    },
    "spectral_flux": {
        "max": 0.259928554296,
        "mean": 0.0673871040344,
        "min": 0.0043688537553,
        "stdev": 0.0355212911963
    },
    "spectral_kurtosis": {
        "max": 27.5999240875,
        "mean": 6.09130144119,
        "min": -1.01679611206,
        "stdev": 3.62613391876
    },
    "spectral_rms": {
        "max": 0.00865840539336,
        "mean": 0.00339888641611,
        "min": 0.000273703801213,
        "stdev": 0.00161659612786
    },
    "spectral_rolloff": {
        "max": 8677.88085938,
        "mean": 2136.30224609,
        "min": 279.931640625,
        "stdev": 978.026062012
    },
    "spectral_skewness": {
        "max": 3.7576406002,
        "mean": 1.47426915169,
        "min": 0.0382259897888,
        "stdev": 0.464331656694
    },
    "spectral_spread": {
        "max": 8380295,
        "mean": 2957349,
        "min": 1533428.25,
        "stdev": 736912.9375
    },
    "spectral_strongpeak": {
        "max": 11.3306055069,
        "mean": 1.75099885464,
        "min": 0.0219002813101,
        "stdev": 1.76633608341
    },
    "zerocrossingrate": {
        "max": 0.30712890625,
        "mean": 0.0729953348637,
        "min": 0.0146484375,
        "stdev": 0.0273078307509
    },
    "barkbands": {
        "max": [1.43484858199e-05, 0.00342163885944, 0.027600409463, 0.0206082575023, 0.0252163819969, 0.0265044029802, 0.0197653248906, 0.0501996539533, 0.0427404232323, 0.0300913602114, 0.0153333488852, 0.0217360053211, 0.0423305109143, 0.020370611921, 0.0400429926813, 0.0275179743767, 0.023953223601, 0.00961320474744, 0.00325269741006, 0.00468647712842, 0.00323230656795, 0.00296858209185, 0.00241831899621, 0.00367483263835, 7.00219316059e-05, 4.39368295702e-06, 3.99816235586e-06],
        "mean": [7.02060219737e-07, 4.24741119787e-05, 0.000330795592163, 0.000182560950634, 0.00069326243829, 0.0012790102046, 0.000692353700288, 0.00176689296495, 0.00131232023705, 0.000979041797109, 0.000354954914656, 0.00094852631446, 0.000896657933481, 0.000471600273158, 0.000867586641107, 0.00139237334952, 0.00110342388507, 0.000478556932649, 0.000215266089072, 0.000236296807998, 0.000162794574862, 5.19470777363e-05, 3.34487813234e-05, 2.44965576712e-05, 1.79064204531e-06, 8.07756634913e-07, 9.46121136991e-09],
        "min": [3.86717546874e-09, 1.77617550889e-07, 1.66375329513e-07, 1.5047359625e-07, 7.15096007298e-07, 7.98804535407e-07, 4.74093866387e-07, 6.6646026653e-07, 1.6742360458e-06, 1.36778805881e-06, 5.39169668912e-08, 3.74938110781e-07, 2.65494418272e-06, 1.40617385114e-06, 6.41959161385e-07, 7.91782383658e-07, 1.13459896056e-06, 5.26655583144e-07, 3.86870311786e-07, 5.33269769676e-07, 5.20513538049e-07, 2.84373498971e-07, 2.61169674332e-07, 3.28203014988e-07, 5.16419845553e-07, 4.8944059472e-07, 4.71439831617e-11],
        "stdev": [8.9552480631e-07, 0.000136859802296, 0.00144105812069, 0.000717343005817, 0.00136162911076, 0.00211563729681, 0.00184309761971, 0.00382922147401, 0.0026873361785, 0.00235359556973, 0.000835217360873, 0.00185520516243, 0.00234298035502, 0.00108277262188, 0.00205301307142, 0.00255163013935, 0.00184074579738, 0.000773873820435, 0.000324213382555, 0.000386332161725, 0.000293386023259, 0.00012758410594, 0.000105450075353, 0.000150420892169, 4.65798075311e-06, 1.41304838053e-07, 8.57406874388e-08]
    },
    "erbbands": {
        "max": [0.0222479272634, 1.03032553196, 21.2122535706, 31.7455215454, 138.956710815, 43.1691894531, 183.009124756, 294.399993896, 317.564331055, 475.615386963, 986.055480957, 911.431762695, 1218.6673584, 947.571533203, 406.732055664, 981.071777344, 2188.0715332, 1078.13183594, 2215.29833984, 1670.73950195, 1501.60522461, 1426.80053711, 477.580474854, 244.357192993, 175.017120361, 235.050628662, 205.166778564, 112.363044739, 115.912246704, 66.2701721191, 67.8835754395, 114.798706055, 40.1281166077, 2.58546423912, 0.0884546637535, 0.0182416252792, 0.00794532895088, 0.00261782039888, 0.00058058189461, 9.44691346376e-05],
        "mean": [0.000556637940463, 0.0172157678753, 0.270034372807, 0.595386266708, 1.05530238152, 2.27671217918, 7.06559419632, 11.1087656021, 11.1393880844, 16.2481708527, 41.4202346802, 29.5654735565, 25.8336200714, 33.1503181458, 19.6388015747, 41.7576026917, 43.8111801147, 22.0351028442, 41.2028236389, 52.1163978577, 82.5741729736, 59.215877533, 29.2052497864, 15.5317182541, 10.3134555817, 11.3102111816, 10.294585228, 3.54885578156, 2.06134867668, 1.23162734509, 0.92931497097, 0.720220327377, 0.254103034735, 0.0373432599008, 0.00765747250989, 0.00406728824601, 0.00149429950397, 0.000126516431919, 1.23406798593e-05, 1.87229325093e-05],
        "min": [4.33665127275e-06, 5.54280886718e-05, 0.000236351101194, 0.00062235299265, 0.00173328362871, 0.0036331389565, 0.00328783667646, 0.0115152606741, 0.0185149367899, 0.0131377242506, 0.0240330323577, 0.0733739435673, 0.0886287093163, 0.0465367399156, 0.0243918765336, 0.0387752763927, 0.125721633434, 0.101963505149, 0.0690455511212, 0.0461505688727, 0.0550276190042, 0.0620108470321, 0.0318144224584, 0.0321691893041, 0.0184773113579, 0.0223478283733, 0.0187956448644, 0.0126998787746, 0.0109113249928, 0.00674914522097, 0.00710323592648, 0.0069800587371, 0.00500805536285, 0.00495967734605, 0.00374692492187, 0.0020599081181, 0.00081097666407, 6.77684365655e-05, 1.89711886378e-06, 2.13355988876e-07],
        "stdev": [0.00116321071982, 0.0551666766405, 1.1209564209, 1.97480452061, 5.20003890991, 3.59282803535, 11.5282144547, 21.5690174103, 27.8709373474, 36.241771698, 84.6926040649, 63.4037666321, 59.1710624695, 82.5460510254, 33.1892471313, 80.6461791992, 114.18132019, 44.865901947, 95.634437561, 104.531539917, 135.964569092, 102.913848877, 43.77501297, 24.2215423584, 14.6380834579, 18.1218662262, 18.6515274048, 6.66377878189, 5.0006608963, 3.2628068924, 3.06876802444, 4.23213577271, 1.55418169498, 0.13888888061, 0.00508882850409, 0.00085061887512, 0.000298078201013, 5.88905459153e-05, 1.48271456055e-05, 1.60810632224e-05]
    },
    "gfcc": {
        "mean": [-50.6625709534, 90.9476547241, -180.876586914, 13.3698482513, -66.9731216431, -10.2116250992, -43.2520637512, -0.871247768402, -21.5758972168, -2.75455665588, -18.8119621277, -0.60720282793, -8.4428653717],
        "cov": [[2452.62963867, 130.250274658, -830.206970215, 192.835983276, -177.402648926, -133.976837158, 177.490615845, -245.013442993, 226.641464233, -226.451278687, 165.558822632, -155.942474365, 40.7136039734], [130.250274658, 491.369995117, 171.011199951, -127.754402161, 137.768203735, -40.9003944397, 83.522315979, 2.34624099731, -65.2772750854, 34.8960075378, -34.6277122498, -27.5207309723, -52.6529579163], [-830.206970215, 171.011199951, 640.033935547, 79.7671356201, 48.3959197998, 113.646881104, -30.012090683, 80.2936248779, -119.270141602, 57.5096588135, -72.3994827271, 7.24777555466, -92.1225662231], [192.835983276, -127.754402161, 79.7671356201, 362.015808105, -29.8835525513, 30.2548465729, -28.908449173, -40.8927726746, 29.1573467255, -68.9439697266, 1.89131641388, -7.10357809067, -19.6986293793], [-177.402648926, 137.768203735, 48.3959197998, -29.8835525513, 254.013977051, 11.4798069, -21.4740009308, 29.2754898071, -29.2308502197, 20.2974243164, -45.0326042175, 34.3728141785, 3.82452082634], [-133.976837158, -40.9003944397, 113.646881104, 30.2548465729, 11.4798069, 196.184051514, 59.4863128662, 13.146607399, -19.8470726013, -15.9461164474, -7.6440615654, -27.4078102112, -46.8926544189], [177.490615845, 83.522315979, -30.012090683, -28.908449173, -21.4740009308, 59.4863128662, 181.423553467, 12.5940551758, -23.0287380219, 17.1436767578, 14.9009857178, -40.0169067383, -26.71301651], [-245.013442993, 2.34624099731, 80.2936248779, -40.8927726746, 29.2754898071, 13.146607399, 12.5940551758, 96.2145233154, 12.8386974335, 31.0540065765, -18.6166706085, 7.10224151611, -1.43877363205], [226.641464233, -65.2772750854, -119.270141602, 29.1573467255, -29.2308502197, -19.8470726013, -23.0287380219, 12.8386974335, 119.440292358, -0.153154537082, 10.7349882126, -18.4499931335, 13.3648004532], [-226.451278687, 34.8960075378, 57.5096588135, -68.9439697266, 20.2974243164, -15.9461164474, 17.1436767578, 31.0540065765, -0.153154537082, 101.261749268, 8.4887752533, 7.28508758545, -8.03677749634], [165.558822632, -34.6277122498, -72.3994827271, 1.89131641388, -45.0326042175, -7.6440615654, 14.9009857178, -18.6166706085, 10.7349882126, 8.4887752533, 86.4180374146, 17.3111457825, 7.82124137878], [-155.942474365, -27.5207309723, 7.24777555466, -7.10357809067, 34.3728141785, -27.4078102112, -40.0169067383, 7.10224151611, -18.4499931335, 7.28508758545, 17.3111457825, 93.4614639282, 41.6959342957], [40.7136039734, -52.6529579163, -92.1225662231, -19.6986293793, 3.82452082634, -46.8926544189, -26.71301651, -1.43877363205, 13.3648004532, -8.03677749634, 7.82124137878, 41.6959342957, 85.693901062]],
        "icov": [[0.0147841507569, -0.0176754817367, 0.0155572537333, -0.0113645633683, 0.0056543815881, -0.000619801343419, -0.0058009494096, 0.0108376787975, -0.0159511119127, 0.018985433504, -0.0178775172681, 0.0134712224826, -0.00664501916617], [-0.0176754817367, 0.0309081710875, -0.0268874745816, 0.0199766419828, -0.0144125008956, 0.0100333234295, -0.00322420266457, -0.00334758171812, 0.0115852486342, -0.0149714797735, 0.0184459332377, -0.0141581557691, 0.0101428972557], [0.0155572537333, -0.0268874745816, 0.0284473393112, -0.0195622034371, 0.0135592306033, -0.0106856981292, 0.00540894502774, -0.00120903842617, -0.00459270691499, 0.00946241617203, -0.0136494077742, 0.01202374883, -0.00561475614086], [-0.0113645633683, 0.0199766419828, -0.0195622034371, 0.017385430634, -0.00967232789844, 0.0070460899733, -0.00316912820563, 0.000992662506178, 0.0035275509581, -0.00573174469173, 0.0108535625041, -0.00990535411984, 0.00669777393341], [0.0056543815881, -0.0144125008956, 0.0135592306033, -0.00967232789844, 0.013415152207, -0.00852438621223, 0.00666014477611, -0.00483063934371, 0.00161102833226, -0.000604229921009, -0.0010764481267, 0.00120489450637, -0.00325313652866], [-0.000619801343419, 0.0100333234295, -0.0106856981292, 0.0070460899733, -0.00852438621223, 0.0165988281369, -0.0125384358689, 0.00919510051608, -0.00836354773492, 0.0101295672357, -0.00337232672609, 0.00157659023535, 0.00409600418061], [-0.0058009494096, -0.00322420266457, 0.00540894502774, -0.00316912820563, 0.00666014477611, -0.0125384358689, 0.0222307201475, -0.0182924419641, 0.0197199899703, -0.0189309939742, 0.00897959899157, -0.00338149466552, 0.00130039337091], [0.0108376787975, -0.00334758171812, -0.00120903842617, 0.000992662506178, -0.00483063934371, 0.00919510051608, -0.0182924419641, 0.0354014448822, -0.0276304446161, 0.021527711302, -0.0140795893967, 0.00884701684117, -0.00482947705314], [-0.0159511119127, 0.0115852486342, -0.00459270691499, 0.0035275509581, 0.00161102833226, -0.00836354773492, 0.0197199899703, -0.0276304446161, 0.0409622564912, -0.0316753350198, 0.0217537973076, -0.0110756857321, 0.00564971752465], [0.018985433504, -0.0149714797735, 0.00946241617203, -0.00573174469173, -0.000604229921009, 0.0101295672357, -0.0189309939742, 0.021527711302, -0.0316753350198, 0.0472223050892, -0.0295555237681, 0.0177187938243, -0.00588923925534], [-0.0178775172681, 0.0184459332377, -0.0136494077742, 0.0108535625041, -0.0010764481267, -0.00337232672609, 0.00897959899157, -0.0140795893967, 0.0217537973076, -0.0295555237681, 0.0400989502668, -0.0234918929636, 0.0100204786286], [0.0134712224826, -0.0141581557691, 0.01202374883, -0.00990535411984, 0.00120489450637, 0.00157659023535, -0.00338149466552, 0.00884701684117, -0.0110756857321, 0.0177187938243, -0.0234918929636, 0.0326533466578, -0.0149021400139], [-0.00664501916617, 0.0101428972557, -0.00561475614086, 0.00669777393341, -0.00325313652866, 0.00409600418061, 0.00130039337091, -0.00482947705314, 0.00564971752465, -0.00588923925534, 0.0100204786286, -0.0149021400139, 0.0241760350764]]
    },
    "melbands": {
        "max": [0.00054912106134, 0.00777175137773, 0.00930992327631, 0.0062404666096, 0.0054640872404, 0.0060796062462, 0.00469005666673, 0.00641700811684, 0.0082970764488, 0.00559285236523, 0.00593094341457, 0.00415533175692, 0.00156228838023, 0.00321133388206, 0.00378778064623, 0.00288085686043, 0.0022687157616, 0.00319369556382, 0.00422880100086, 0.00205647549592, 0.00168732379097, 0.00147776515223, 0.000699902477209, 0.000678846961819, 0.000232451144257, 0.000185291894013, 0.000133452515001, 0.00017703177582, 0.000182176474482, 7.49136379454e-05, 6.09950984654e-05, 7.47240483179e-05, 4.52359890915e-05, 3.54211879312e-05, 4.0888262447e-05, 3.53833711415e-05, 9.74411450443e-05, 3.82650687243e-05, 6.02711679676e-06, 8.69190728281e-07],
        "mean": [7.8257644418e-06, 0.000102998477814, 0.000114965761895, 0.00011302970961, 0.000221949274419, 0.000244472466875, 0.000165780991665, 0.000225322000915, 0.000324388616718, 0.000181291135959, 0.000127018647618, 0.000138946794323, 5.32631711394e-05, 0.000109993459773, 0.000110282489914, 7.17152579455e-05, 3.64309125871e-05, 6.32508381386e-05, 6.38202182017e-05, 8.59483188833e-05, 9.70966357272e-05, 6.47052947897e-05, 3.61080783478e-05, 2.19383546209e-05, 1.12473317131e-05, 8.19914021122e-06, 6.65593142912e-06, 7.68722838984e-06, 7.60982811698e-06, 3.46872025148e-06, 1.54130486862e-06, 1.22848041428e-06, 8.36267304294e-07, 6.28631028121e-07, 5.5142322708e-07, 4.61899219317e-07, 4.43127333938e-07, 2.1595526789e-07, 5.92387188192e-08, 1.80831722929e-08],
        "min": [4.75158259405e-08, 1.37918405585e-07, 1.63762180705e-07, 1.79754195528e-07, 1.66693283177e-07, 2.0112815946e-07, 2.48435526373e-07, 1.1254840615e-07, 1.86412691505e-07, 2.65612015937e-07, 3.3126647736e-07, 7.72778037117e-08, 2.0065005657e-08, 3.89232432951e-08, 1.64191490626e-07, 2.47362834216e-07, 1.54488091653e-07, 5.90212536622e-08, 4.97728009918e-08, 5.02919448309e-08, 6.23075493422e-08, 6.83617713548e-08, 2.18418971798e-08, 2.74092926134e-08, 2.49109834982e-08, 1.01396313568e-08, 1.55976316307e-08, 1.42841507511e-08, 6.80978873291e-09, 8.11813904988e-09, 6.95245416793e-09, 5.9244671391e-09, 4.1534398143e-09, 3.57166674014e-09, 3.42076433846e-09, 4.4124237597e-09, 4.00621180674e-09, 3.62576235702e-09, 3.54704710048e-09, 3.67377328558e-09],
        "stdev": [2.22746912186e-05, 0.000409063708503, 0.000402062956709, 0.000278191204416, 0.000344905245584, 0.000451504572993, 0.000423835794209, 0.000516270694789, 0.000641081889626, 0.000401467928896, 0.000296777667245, 0.000353596027708, 0.000105952276499, 0.000232175050769, 0.000240677371039, 0.000171368737938, 8.68903371156e-05, 0.000156384630827, 0.000159739327501, 0.000177159221494, 0.000163243254065, 0.000115729395475, 6.24383319519e-05, 4.19385651185e-05, 1.90432183444e-05, 1.33468847707e-05, 9.8180526038e-06, 1.34707279358e-05, 1.51826106958e-05, 6.19692309556e-06, 3.35394247486e-06, 3.10744030685e-06, 2.16630587602e-06, 1.72369573193e-06, 1.73617820565e-06, 2.0283584945e-06, 3.1233316804e-06, 1.45159935983e-06, 2.49652742923e-07, 5.46984395555e-08]
    },
    "melbands128": {
        "max": [1.08378335426e-05, 5.45022194274e-05, 0.000397793861339, 0.00222473591566, 0.00751481531188, 0.0152568882331, 0.0074701057747, 0.0141975600272, 0.0176478009671, 0.00673063565046, 0.00324073340744, 0.00619411189109, 0.00908005144447, 0.00439560320228, 0.0112097943202, 0.0121056400239, 0.00681560207158, 0.00876423995942, 0.0034352906514, 0.00899605918676, 0.0122428573668, 0.0190127193928, 0.0101612042636, 0.0175109896809, 0.0104713691399, 0.011130368337, 0.00782766751945, 0.010520439595, 0.00410172110423, 0.00795898959041, 0.00650709168985, 0.00327620888129, 0.00310445879586, 0.00228353543207, 0.00365145481192, 0.00623429939151, 0.00529835792258, 0.00326039688662, 0.0108103165403, 0.00576336868107, 0.00420979456976, 0.00192795170005, 0.00332213332877, 0.00271071051247, 0.00222383602522, 0.00365189649165, 0.00767235644162, 0.00676143355668, 0.00504943914711, 0.00391591852531, 0.0042273979634, 0.00580272218212, 0.00319389346987, 0.00149814493489, 0.00201302999631, 0.00112828111742, 0.00361038953997, 0.000889562768862, 0.000995268812403, 0.000848718802445, 0.00139440526254, 0.00118822418153, 0.000375388248358, 0.000290542491712, 0.000328879104927, 0.000395902112359, 0.000203549294383, 0.000213605249883, 0.000143136378028, 0.000250545563176, 0.000421596574597, 0.000257596577285, 0.000371047412045, 0.000374291383196, 0.000292481767246, 7.98187684268e-05, 8.63772147568e-05, 9.03941763681e-05, 7.0630783739e-05, 7.62105555623e-05, 8.74629986356e-05, 7.34174027457e-05, 8.59521969687e-05, 3.59728001058e-05, 3.66392814612e-05, 4.86297103635e-05, 3.4694072383e-05, 4.74945190945e-05, 3.71477144654e-05, 4.1889714339e-05, 3.78333279514e-05, 5.20827998116e-05, 5.07260047016e-05, 0.000132998786285, 0.000116402283311, 6.29428977845e-05, 3.90130662709e-05, 1.45752492244e-05, 4.46544481747e-06, 2.45598698712e-06, 2.08452138395e-06, 5.10802919962e-07, 3.81004952033e-08, 3.41042323271e-08, 3.27130180722e-08, 2.72074256458e-08, 2.9384294109e-08, 3.06735792321e-08, 3.59669769523e-08, 2.90207378129e-08, 3.11129149111e-08, 3.20044364344e-08, 2.13088124923e-08, 2.24567262563e-08, 2.0178410054e-08, 2.25600125248e-08, 2.05497077133e-08, 1.86061388519e-08, 1.81086630135e-08, 1.76291212739e-08, 1.70846430336e-08, 1.6729815755e-08, 1.64080198317e-08, 1.61079878325e-08, 1.58349759971e-08, 1.56513699778e-08, 1.55019534986e-08, 1.54267514318e-08],
        "mean": [4.8930974117e-07, 2.19054891204e-06, 7.25752079234e-06, 2.50242210313e-05, 0.000101349323813, 0.000179384733201, 0.00012260171934, 8.90392475412e-05, 0.000109189881186, 0.00010187922453, 0.000114035523438, 0.000183253432624, 0.000253817561315, 0.000265334907454, 0.000272189819952, 0.000234153980273, 0.000155532528879, 0.000192281906493, 0.00012040589354, 0.000122679324704, 0.000306078465655, 0.000447384838481, 0.000332402618369, 0.000201405884582, 0.000181304785656, 0.000170676416019, 0.000182077899808, 9.4792645541e-05, 9.64111386565e-05, 0.000196646244149, 0.000138631367008, 5.92045180383e-05, 4.09986751038e-05, 4.32289125456e-05, 0.000103329461126, 0.000145281504956, 0.000100640048913, 8.3318031102e-05, 0.000150364096044, 0.000102174300991, 4.22408338636e-05, 4.41595548182e-05, 3.26891495206e-05, 2.91620417556e-05, 5.56319646421e-05, 7.25809513824e-05, 7.24477358744e-05, 6.03508997301e-05, 6.09710914432e-05, 6.335874059e-05, 9.18415389606e-05, 9.97533570626e-05, 0.000123730336782, 7.67601741245e-05, 8.18925109343e-05, 5.99794766458e-05, 6.03308508289e-05, 4.26230217272e-05, 2.68511957984e-05, 2.03072777367e-05, 2.54555197898e-05, 2.07034299819e-05, 1.23137406263e-05, 7.593216651e-06, 1.08937792902e-05, 8.15940893517e-06, 7.15115993444e-06, 6.13592101217e-06, 6.57254167891e-06, 7.14082034392e-06, 7.89397290646e-06, 7.64463038649e-06, 8.3481445472e-06, 8.47436422191e-06, 5.80013829676e-06, 3.42045541402e-06, 2.72079046226e-06, 1.83763120276e-06, 1.31375816181e-06, 1.27662087834e-06, 1.32537786612e-06, 1.15763373287e-06, 1.09227892153e-06, 7.81635094427e-07, 6.6143627464e-07, 6.37180903595e-07, 6.43224552732e-07, 5.72178578295e-07, 5.76409263431e-07, 5.05431444253e-07, 4.53125352351e-07, 4.65200685085e-07, 4.44889820983e-07, 4.7350167165e-07, 4.42864262595e-07, 2.93218960223e-07, 1.65593547763e-07, 9.86216193155e-08, 5.90402216005e-08, 3.92378645131e-08, 2.91043189549e-08, 1.24168995086e-08, 7.76693731552e-09, 7.73596653403e-09, 7.49749595741e-09, 7.33929983454e-09, 7.33106775286e-09, 7.29171434344e-09, 6.92887747178e-09, 6.9388779167e-09, 6.31674268448e-09, 5.58812507379e-09, 4.94719643029e-09, 3.97508603811e-09, 2.25289853439e-09, 8.24201096261e-10, 2.69316263735e-10, 1.25505343965e-11, 1.20571356718e-11, 1.17509526415e-11, 1.14280286623e-11, 1.11936510408e-11, 1.09702082488e-11, 1.077290427e-11, 1.06042587905e-11, 1.04881077781e-11, 1.0405109066e-11, 1.03422079928e-11],
        "min": [4.73708919313e-11, 5.0863413481e-10, 3.79142051088e-08, 3.24232232174e-08, 4.58117455082e-08, 6.76551650258e-08, 3.61438985408e-08, 8.88246560748e-08, 7.40031751434e-08, 1.53769391886e-07, 5.99816232238e-08, 7.65332330843e-08, 5.51765637624e-08, 6.46416680183e-08, 6.28664480473e-08, 4.35004139376e-08, 6.67785258202e-08, 1.95688958371e-08, 8.40239522404e-08, 2.82196950252e-08, 7.4720233556e-08, 1.31985814278e-07, 5.78290162423e-08, 2.11793391713e-08, 8.98344865163e-09, 6.90745451948e-08, 5.45004574803e-08, 1.06154743662e-07, 7.78038398153e-08, 5.3517538845e-08, 4.10979765775e-08, 7.52402140591e-09, 5.96504978745e-09, 1.704376551e-08, 2.42039472909e-08, 2.91765491767e-08, 1.40690339379e-08, 3.56987257533e-08, 1.37816584811e-07, 8.71721681506e-08, 3.39086305701e-08, 6.10017849567e-08, 5.57658594857e-08, 4.06781097695e-08, 2.74644555986e-08, 4.08422948794e-08, 2.68288093963e-08, 3.50946649519e-08, 3.03186631356e-08, 4.10091836045e-08, 3.3153881418e-08, 2.88347568045e-08, 1.7686861753e-08, 4.08973264143e-08, 4.81595456847e-08, 2.12596145133e-08, 1.74662417862e-08, 1.51657868486e-08, 2.57549537253e-08, 1.39077371841e-08, 2.2693260604e-08, 2.10956674351e-08, 1.79685919477e-08, 1.3456134873e-08, 8.33592572747e-09, 9.66847668593e-09, 1.00901118572e-08, 1.02346620068e-08, 8.53452508665e-09, 8.26954149602e-09, 1.00218997545e-08, 9.85035697454e-09, 4.16185708119e-09, 6.30997876172e-09, 6.7545440352e-09, 1.82471582288e-09, 6.23056939375e-09, 2.55201282329e-09, 3.65498808996e-09, 4.39587433121e-09, 3.45011175185e-09, 4.38689129467e-09, 3.71213859651e-09, 2.21759521857e-09, 3.34744054697e-09, 2.70323319285e-09, 2.62918220528e-09, 1.54117174578e-09, 3.17193205035e-09, 2.76303713242e-09, 2.87115753395e-09, 2.56525289899e-09, 3.22574056355e-09, 2.19964157999e-09, 1.6606022113e-09, 1.20527920977e-09, 1.24966714754e-09, 1.94801863529e-09, 2.25773733042e-09, 1.97867366936e-09, 1.80073600475e-09, 1.22020804572e-09, 8.88392224369e-12, 5.14983777844e-10, 3.82617632022e-10, 1.90088389473e-09, 1.3192249515e-09, 3.79153847208e-10, 2.0622226149e-09, 1.19089771378e-09, 1.94700255918e-09, 1.34552502473e-09, 1.38689748574e-09, 1.35077082852e-09, 7.18677228839e-10, 2.34367681512e-11, 2.21444295735e-13, 1.34073917875e-13, 7.76716202206e-14, 1.16917285857e-13, 1.10462162963e-13, 9.41220097196e-14, 1.11134768109e-13, 1.03405599242e-13, 9.26311842986e-14, 1.11087490118e-13, 1.12252533115e-13, 1.05829028266e-13],
        "stdev": [6.27983297363e-07, 3.47034620063e-06, 2.0022269382e-05, 8.91556555871e-05, 0.000414690352045, 0.000793483981397, 0.000429728825111, 0.000462764874101, 0.000673704256769, 0.000264355505351, 0.000210029087611, 0.000378690194339, 0.000522346934304, 0.000487695710035, 0.000648971064948, 0.00065515562892, 0.00041652485379, 0.0007295688265, 0.000363430037396, 0.000441154261352, 0.000938616169151, 0.00117799069267, 0.000811287260149, 0.000614353222772, 0.000568475574255, 0.000577794387937, 0.000509761972353, 0.000412583816797, 0.000243991991738, 0.000584034598432, 0.000439871888375, 0.000172827174538, 0.000139446332469, 0.000125461825519, 0.000242797861574, 0.000383229140425, 0.000295194826322, 0.000205565302167, 0.000574781442992, 0.000308491085889, 0.000149925530422, 0.000121135941299, 0.0001180692052, 0.000116589166282, 0.000162567812367, 0.000251324090641, 0.000255577091593, 0.000219927271246, 0.000201750357519, 0.000226139265578, 0.000264887028607, 0.000275428115856, 0.000284295674646, 0.000150053791003, 0.000178287140443, 0.000133476482006, 0.000189068567124, 9.20785096241e-05, 5.86599890084e-05, 4.78914953419e-05, 6.62009042571e-05, 6.02523177804e-05, 3.09376009682e-05, 1.75000259333e-05, 2.37392232521e-05, 1.94278491108e-05, 1.42257767948e-05, 1.14011827463e-05, 1.13217465696e-05, 1.62357464433e-05, 1.77838355739e-05, 1.7833091988e-05, 2.39743058046e-05, 2.18326986214e-05, 1.36691041916e-05, 6.8428466875e-06, 6.2554008764e-06, 4.44961870016e-06, 3.37509345627e-06, 3.41270538229e-06, 3.78807385459e-06, 3.12689462589e-06, 3.21410971083e-06, 2.16305556933e-06, 1.83897532224e-06, 2.10274106394e-06, 1.65317953815e-06, 1.7417488607e-06, 1.89872162082e-06, 1.89173715626e-06, 1.91680214812e-06, 2.33149012274e-06, 2.54526867138e-06, 3.79677089768e-06, 3.73498983208e-06, 2.30903310694e-06, 1.12904081107e-06, 4.79993673252e-07, 2.51101710091e-07, 1.56986601496e-07, 1.18201164412e-07, 2.85888734908e-08, 3.41064643194e-09, 3.15715764643e-09, 2.62908406157e-09, 2.52953591406e-09, 2.55688115125e-09, 2.5496373901e-09, 2.36601027659e-09, 2.33716490605e-09, 2.10519668364e-09, 1.85409765319e-09, 1.59802937549e-09, 1.34670141705e-09, 8.44714576065e-10, 5.860877339e-10, 4.70907646211e-10, 3.99012295427e-10, 3.88547083396e-10, 3.78253067757e-10, 3.66705638077e-10, 3.59057145127e-10, 3.52127688119e-10, 3.45741740793e-10, 3.39862055165e-10, 3.35860061984e-10, 3.32748661958e-10, 3.31103200413e-10]
    },
    "mfcc": {
        "mean": [-675.114318848, 121.49571228, -56.2023849487, 14.1002721786, -16.1554069519, -8.297996521, -18.8495979309, -4.40183258057, -6.30126476288, -3.42210531235, -12.8318843842, 2.61896371841, -3.66066980362],
        "cov": [[3374.45556641, -370.178894043, -645.334655762, 95.9985198975, -348.296020508, 61.5958061218, -214.027923584, 85.3972702026, -129.407867432, 77.6797485352, -118.010612488, 113.336997986, -68.7075271606], [-370.178894043, 772.152770996, -38.241481781, -37.2916679382, 26.9192848206, -21.2538871765, 129.839065552, -48.6317825317, 37.7281303406, -23.0493354797, 73.1749038696, -45.4192390442, 7.98264074326], [-645.334655762, -38.241481781, 552.625976562, 60.7578468323, 43.9123039246, 58.5402412415, 77.7982940674, 23.4628810883, -18.1376285553, 15.4922990799, 34.7665405273, -30.421245575, 5.1687207222], [95.9985198975, -37.2916679382, 60.7578468323, 239.600494385, 50.3152008057, 11.6074743271, -24.964263916, 3.85440659523, -3.51293158531, -26.942029953, -30.108455658, -0.631436705589, 26.7192268372], [-348.296020508, 26.9192848206, 43.9123039246, 50.3152008057, 244.799743652, 16.978055954, -32.4639053345, 17.7948055267, 26.1071224213, -41.4545211792, -12.6679286957, -9.57364368439, 24.5577411652], [61.5958061218, -21.2538871765, 58.5402412415, 11.6074743271, 16.978055954, 135.516479492, 59.2259292603, 30.6444587708, -2.54306435585, 12.7816705704, 17.9378376007, -14.5596246719, -3.50829410553], [-214.027923584, 129.839065552, 77.7982940674, -24.964263916, -32.4639053345, 59.2259292603, 177.09854126, 25.4717235565, 3.1787674427, 9.18331050873, 33.8536720276, -7.93085002899, -12.9614725113], [85.3972702026, -48.6317825317, 23.4628810883, 3.85440659523, 17.7948055267, 30.6444587708, 25.4717235565, 87.6426467896, 16.3735218048, -2.05325984955, -5.42984819412, -1.39292764664, 6.89306211472], [-129.407867432, 37.7281303406, -18.1376285553, -3.51293158531, 26.1071224213, -2.54306435585, 3.1787674427, 16.3735218048, 89.7748413086, 26.6017189026, 4.13885259628, -6.30249023438, 3.4614341259], [77.6797485352, -23.0493354797, 15.4922990799, -26.942029953, -41.4545211792, 12.7816705704, 9.18331050873, -2.05325984955, 26.6017189026, 106.574806213, 33.7540397644, 2.03578925133, -23.7082138062], [-118.010612488, 73.1749038696, 34.7665405273, -30.108455658, -12.6679286957, 17.9378376007, 33.8536720276, -5.42984819412, 4.13885259628, 33.7540397644, 91.1544799805, 12.8130922318, -10.95840168], [113.336997986, -45.4192390442, -30.421245575, -0.631436705589, -9.57364368439, -14.5596246719, -7.93085002899, -1.39292764664, -6.30249023438, 2.03578925133, 12.8130922318, 86.623878479, 17.2593021393], [-68.7075271606, 7.98264074326, 5.1687207222, 26.7192268372, 24.5577411652, -3.50829410553, -12.9614725113, 6.89306211472, 3.4614341259, -23.7082138062, -10.95840168, 17.2593021393, 89.6754608154]],
        "icov": [[0.00110697338823, -0.000407396262744, 0.00115365569945, -0.000875063997228, 0.00160410278477, -0.00168759841472, 0.00196062773466, -0.00230090436526, 0.00199563149363, -0.00137185736094, 0.00147335673682, -0.00147842499427, 0.00105844973586], [-0.000407396262744, 0.0023346201051, 5.40112232557e-05, 0.000274978054222, -0.00109151704237, 0.00171183247585, -0.00286093982868, 0.00242704432458, -0.00163839606103, 0.0014409328578, -0.00251048384234, 0.00216334615834, -0.00111814914271], [0.00115365569945, 5.40112232557e-05, 0.00354081741534, -0.00157569884323, 0.00100666144863, -0.00159816408996, 0.00065505906241, -0.00242305826396, 0.00290004699491, -0.00196833536029, 0.000350593676558, -0.000290355936158, 0.000553635880351], [-0.000875063997228, 0.000274978054222, -0.00157569884323, 0.00558002339676, -0.00176813453436, 0.000548030831851, -0.000791992701124, 0.00209321430884, -0.00168205320369, 0.00162824767176, 0.000325316796079, 0.000753500091378, -0.00164630182553], [0.00160410278477, -0.00109151704237, 0.00100666144863, -0.00176813453436, 0.00780345126987, -0.00390177988447, 0.00495346589014, -0.00414471281692, 0.000641142774839, 0.00054625258781, 0.00199888367206, -0.00226578628644, 0.00133993464988], [-0.00168759841472, 0.00171183247585, -0.00159816408996, 0.000548030831851, -0.00390177988447, 0.013187433593, -0.00699171377346, 0.00150085822679, -0.00155609345529, 0.000672018853948, -0.0043256347999, 0.00467655155808, -0.00224899477325], [0.00196062773466, -0.00286093982868, 0.00065505906241, -0.000791992701124, 0.00495346589014, -0.00699171377346, 0.0136036789045, -0.00697842799127, 0.00323696248233, -0.00161288888194, 0.00234542577527, -0.00407593557611, 0.00334742153063], [-0.00230090436526, 0.00242704432458, -0.00242305826396, 0.00209321430884, -0.00414471281692, 0.00150085822679, -0.00697842799127, 0.0195727236569, -0.00757137546316, 0.00414003292099, -0.00247922539711, 0.00330011616461, -0.00333369383588], [0.00199563149363, -0.00163839606103, 0.00290004699491, -0.00168205320369, 0.000641142774839, -0.00155609345529, 0.00323696248233, -0.00757137546316, 0.0183743815869, -0.00814513955265, 0.00346961221658, -0.00160280079581, 0.000692106550559], [-0.00137185736094, 0.0014409328578, -0.00196833536029, 0.00162824767176, 0.00054625258781, 0.000672018853948, -0.00161288888194, 0.00414003292099, -0.00814513955265, 0.0160828884691, -0.00653641857207, 0.00171820353717, 0.00121120747644], [0.00147335673682, -0.00251048384234, 0.000350593676558, 0.000325316796079, 0.00199888367206, -0.0043256347999, 0.00234542577527, -0.00247922539711, 0.00346961221658, -0.00653641857207, 0.0184445343912, -0.00630052015185, 0.00265268958174], [-0.00147842499427, 0.00216334615834, -0.000290355936158, 0.000753500091378, -0.00226578628644, 0.00467655155808, -0.00407593557611, 0.00330011616461, -0.00160280079581, 0.00171820353717, -0.00630052015185, 0.0165035258979, -0.00500257778913], [0.00105844973586, -0.00111814914271, 0.000553635880351, -0.00164630182553, 0.00133993464988, -0.00224899477325, 0.00334742153063, -0.00333369383588, 0.000692106550559, 0.00121120747644, 0.00265268958174, -0.00500257778913, 0.0143860606477]]
    },
    "spectral_contrast_coeffs": {
        "max": [-0.367604911327, -0.489613056183, -0.491544485092, -0.536926746368, -0.596684157848, -0.601231873035],
        "mean": [-0.675104081631, -0.748555064201, -0.748974561691, -0.753331065178, -0.769860506058, -0.73423153162],
        "min": [-0.942323684692, -0.925233364105, -0.922573924065, -0.897939741611, -0.899824619293, -0.873238801956],
        "stdev": [0.0757974237204, 0.0786458551884, 0.0744191929698, 0.0663958117366, 0.0508629307151, 0.0479166023433]
    },
    "spectral_contrast_valleys": {
        "max": [-5.8198056221, -5.01317453384, -5.52440881729, -5.71644878387, -5.81867170334, -8.88903999329],
        "mean": [-8.06897163391, -6.84011888504, -7.42226457596, -7.47430849075, -7.56272125244, -11.1823530197],
        "min": [-10.0522575378, -9.15153598785, -10.2330245972, -9.67023658752, -9.93990516663, -12.011841774],
        "stdev": [0.662666141987, 0.651367247105, 0.66111022234, 0.649072110653, 0.696871936321, 0.482761740685]
    }
},
"rhythm": {
    "beats_count": 99,
    "beats_loudness": {
        "max": 0.0600061789155,
        "mean": 0.0238210242242,
        "min": 0.000526590563823,
        "stdev": 0.0130441728979
    },
    "bpm": 114.648902893,
    "bpm_histogram_first_peak_bpm": 115,
    "bpm_histogram_first_peak_weight": 0.478260874748,
    "bpm_histogram_second_peak_bpm": 105,
    "bpm_histogram_second_peak_spread": 0.5,
    "bpm_histogram_second_peak_weight": 0.0204081628472,
    "danceability": 1.39098918438,
    "onset_rate": 3.82727456093,
    "beats_loudness_band_ratio": {
        "max": [0.55102288723, 0.743959963322, 0.774348676205, 0.810583889484, 0.762614667416, 0.372796863317],
        "mean": [0.0617019347847, 0.130232229829, 0.30409231782, 0.232870638371, 0.238106578588, 0.0576241239905],
        "min": [0.000601319537964, 0.00916819181293, 0.018607089296, 0.0253439042717, 0.0121428649873, 0.00219838810153],
        "stdev": [0.104533776641, 0.141642510891, 0.174404323101, 0.155000209808, 0.159134462476, 0.0515984296799]
    },
