{
"metadata": {
    "version": {
        "essentia": "2.1-beta5",
        "essentia_git_sha": "Undefined",
        "extractor": "music 2.0"
    },
    "audio_properties": {
        "analysis": {
            "equal_loudness": 0,
            "length": 12.7477550507,
            "sample_rate": 44100,
            "start_time": 0,
            "downmix": "mix"
        },
        "bit_rate": 192000,
        "length": 144.010162354,
        "lossless": 0,
        "number_channels": 2,
        "replay_gain": 3.72769355774,
        "sample_rate": 44100,
        "codec": "mp3",
        "md5_encoded": "7f69b96ae68fab24ac77b18108512f0a"
    },
    "tags": {
        "file_name": "Netherlands_De Tijd_Saskia and Serge.mp3",
        "encoding": ["Lavf58.29.100"]
    }
},
"lowlevel": {
    "average_loudness": 0.858245372772,
    "barkbands_crest": {
        "max": 26.4507102966,
        "mean": 16.0339546204,
        "min": 2.34201383591,
        "stdev": 7.42444324493
    },
    "barkbands_flatness_db": {
        "max": 0.38031694293,
        "mean": 0.208668768406,
        "min": 0.0142864696681,
        "stdev": 0.0997723713517
    },
    "barkbands_kurtosis": {
        "max": 202.402664185,
        "mean": 33.9670295715,
        "min": -1.51396918297,
        "stdev": 34.6765327454
    },
    "barkbands_skewness": {
        "max": 10.6684207916,
        "mean": 3.11634922028,
        "min": -1.92823863029,
        "stdev": 2.12469959259
    },
    "barkbands_spread": {
        "max": 79.7014923096,
        "mean": 12.8523397446,
        "min": 0.386678874493,
        "stdev": 19.0471096039
    },
    "dissonance": {
        "max": 0.499801814556,
        "mean": 0.390100687742,
        "min": 0.18723449111,
        "stdev": 0.0819737389684
    },
    "dynamic_complexity": 6.70339918137,
    "erbbands_crest": {
        "max": 33.5374031067,
        "mean": 20.0544433594,
        "min": 2.00461578369,
        "stdev": 9.79152965546
    },
    "erbbands_flatness_db": {
        "max": 0.42781573534,
        "mean": 0.255164980888,
        "min": 0.0602273531258,
        "stdev": 0.103099942207
    },
    "erbbands_kurtosis": {
        "max": 149.547653198,
        "mean": 23.7530536652,
        "min": -1.36252534389,
        "stdev": 25.8419494629
    },
    "erbbands_skewness": {
        "max": 9.19535064697,
        "mean": 3.12699007988,
        "min": -0.927574455738,
        "stdev": 2.10722613335
    },
    "erbbands_spread": {
        "max": 80.6543502808,
        "mean": 17.2803688049,
        "min": 0.685358405113,
        "stdev": 21.6073970795
    },
    "hfc": {
        "max": 84.6116256714,
        "mean": 16.3656635284,
        "min": 1.1371523196e-16,
        "stdev": 15.4682531357
    },
    "loudness_ebu128": {
        "integrated": -27.4352970123,
        "loudness_range": 6.94142341614,
        "momentary": {
            "max": -23.3480319977,
            "mean": -32.0114402771,
            "min": -50.2826690674,
            "stdev": 7.9967956543
        },
        "short_term": {
            "max": -25.7365436554,
            "mean": -28.5658321381,
            "min": -40.071762085,
            "stdev": 2.90299463272
        }
    },
    "melbands_crest": {
        "max": 34.3148002625,
        "mean": 18.0747528076,
        "min": 1.76297581196,
        "stdev": 7.22924995422
    },
    "melbands_flatness_db": {
        "max": 0.41905978322,
        "mean": 0.264665514231,
        "min": 0.00413601426408,
        "stdev": 0.0977013036609
    },
    "melbands_kurtosis": {
        "max": 168.100189209,
        "mean": 29.6473636627,
        "min": -1.28843808174,
        "stdev": 25.6251182556
    },
    "melbands_skewness": {
        "max": 9.7334651947,
        "mean": 2.11382436752,
        "min": -3.37147283554,
        "stdev": 1.81619679928
    },
    "melbands_spread": {
        "max": 131.044815063,
        "mean": 12.3073215485,
        "min": 0.714046776295,
        "stdev": 17.0539531708
    },
    "pitch_salience": {
        "max": 0.923349142075,
        "mean": 0.457098901272,
        "min": 0.0856339111924,
        "stdev": 0.185698702931
    },
    "silence_rate_20dB": {
        "max": 1,
        "mean": 1,
        "min": 1,
        "stdev": 0
    },
    "silence_rate_30dB": {
        "max": 1,
        "mean": 1,
        "min": 1,
        "stdev": 0
    },
    "silence_rate_60dB": {
        "max": 1,
        "mean": 0.256363630295,
        "min": 0,
        "stdev": 0.436622440815
    },
    "spectral_centroid": {
        "max": 11193.6640625,
        "mean": 1000.12988281,
        "min": 412.632568359,
        "stdev": 647.424194336
    },
    "spectral_complexity": {
        "max": 15,
        "mean": 6.56363630295,
        "min": 0,
        "stdev": 3.7497344017
    },
    "spectral_decrease": {
        "max": 7.96776958775e-29,
        "mean": -5.77929348822e-09,
        "min": -2.58024144273e-08,
        "stdev": 5.05014341456e-09
    },
    "spectral_energy": {
        "max": 0.104446448386,
        "mean": 0.0232968144119,
        "min": 1.00135916172e-20,
        "stdev": 0.0204359386116
    },
    "spectral_energyband_high": {
        "max": 0.000115200033179,
        "mean": 4.18609524786e-05,
        "min": 7.45733210579e-21,
        "stdev": 1.73870357685e-05
    },
    "spectral_energyband_low": {
        "max": 0.00279786903411,
        "mean": 0.000230110803386,
        "min": 3.62507523696e-23,
        "stdev": 0.000399837066652
    },
    "spectral_energyband_middle_high": {
        "max": 0.0936016663909,
        "mean": 0.00356353609823,
        "min": 1.3600623387e-21,
        "stdev": 0.0136586613953
    },
    "spectral_energyband_middle_low": {
        "max": 0.103731215,
        "mean": 0.0195860285312,
        "min": 2.47978690613e-22,
        "stdev": 0.018040150404
    },
    "spectral_entropy": {
        "max": 9.79296398163,
        "mean": 6.71921157837,
        "min": 5.13738489151,
        "stdev": 0.918737411499
    },
    "spectral_flux": {
        "max": 0.328361392021,
        "mean": 0.0348553545773,
        "min": 1.00067933106e-10,
        "stdev": 0.0297171771526
    },
    "spectral_kurtosis": {
        "max": 23.8534564972,
        "mean": 9.15469932556,
        "min": -1.16539001465,
        "stdev": 4.70044183731
    },
    "spectral_rms": {
        "max": 0.0100945020095,
        "mean": 0.00407688273117,
        "min": 3.12559722028e-12,
        "stdev": 0.00247135851532
    },
    "spectral_rolloff": {
        "max": 18755.4199219,
        "mean": 1411.59143066,
        "min": 236.865234375,
        "stdev": 1853.6361084
    },
    "spectral_skewness": {
        "max": 3.99898481369,
        "mean": 2.50298833847,
        "min": 0.00360230449587,
        "stdev": 0.667393445969
    },
    "spectral_spread": {
        "max": 39740228,
        "mean": 4809971,
        "min": 2672349.75,
        "stdev": 2232796.75
    },
    "spectral_strongpeak": {
        "max": 11.5024223328,
        "mean": 2.78987812996,
        "min": 0,
        "stdev": 2.28091931343
    },
    "zerocrossingrate": {
        "max": 0.51318359375,
        "mean": 0.0597345530987,
        "min": 0.02197265625,
        "stdev": 0.0510267578065
    },
    "barkbands": {
        "max": [2.47925090662e-05, 0.000428974220995, 0.000890170282219, 0.00480950530618, 0.00306986132637, 0.00236449949443, 0.00604898994789, 0.0272464398295, 0.0998932123184, 0.0915066003799, 0.00351049867459, 0.0115647064522, 0.0019767775666, 0.00235989643261, 0.000861176697072, 0.000755393935833, 0.000394714530557, 0.000323496147757, 0.000440611911472, 0.000222903865506, 4.66730780317e-05, 5.80782980251e-05, 3.65612613678e-05, 1.98283287318e-05, 9.78430216492e-06, 8.90268802323e-06, 2.02537137284e-07],
        "mean": [4.02466957894e-06, 4.1150204197e-05, 7.08332590875e-05, 0.000240793335252, 0.000170589177287, 8.22327201604e-05, 0.000551635108422, 0.00383485713974, 0.0146065764129, 0.00298472004943, 0.000122104756883, 0.000116020411951, 0.000101835197711, 7.36632791813e-05, 5.62570785405e-05, 9.19534577406e-05, 4.55672234239e-05, 1.97984991246e-05, 3.20301733154e-05, 1.30216731122e-05, 7.89511159383e-06, 8.03559942142e-06, 4.40867597717e-06, 4.579851975e-06, 6.25739357929e-06, 5.9226022131e-06, 5.38963931263e-08],
        "min": [1.01662035246e-23, 1.02251046129e-23, 8.7646098996e-24, 2.3500952072e-23, 5.59129968362e-23, 1.68605592078e-23, 4.25745359094e-23, 2.02501619889e-23, 7.71313546354e-23, 6.19596346074e-23, 4.2936559956e-23, 5.7967159079e-23, 1.12355414003e-22, 1.39146644957e-22, 1.47905424386e-22, 1.00087339506e-22, 1.29435148747e-22, 1.65277189126e-22, 2.47532965269e-22, 3.4955128481e-22, 3.07422426913e-22, 4.31695383492e-22, 5.13837033551e-22, 9.90202543015e-22, 1.17307731305e-21, 1.66176374438e-21, 2.30886546141e-21],
        "stdev": [3.73358830075e-06, 4.52304229839e-05, 0.000132703979034, 0.000636614568066, 0.000343094725395, 0.000196203036467, 0.000885522691533, 0.00556037062779, 0.0154050504789, 0.0134302936494, 0.000312266114634, 0.000592669704929, 0.000191481929505, 0.000205950535019, 0.000107022657176, 0.000135983369546, 5.50731238036e-05, 3.39876241924e-05, 5.12680635438e-05, 2.28909539146e-05, 7.24510437067e-06, 8.79156414157e-06, 3.284353852e-06, 1.44416856074e-06, 1.13030341709e-06, 9.49869217948e-07, 2.86558385909e-08]
    },
    "erbbands": {
        "max": [0.00497695989907, 0.145888328552, 1.13337278366, 8.91336345673, 11.180106163, 10.6712503433, 9.96221733093, 19.3571395874, 63.0330924988, 358.74609375, 843.484191895, 1632.53967285, 2080.12084961, 3529.4465332, 213.590744019, 551.349731445, 93.1320343018, 123.069999695, 44.6046333313, 30.3475646973, 23.2103919983, 18.1560554504, 21.6236381531, 29.7493343353, 18.5937252045, 13.5657196045, 2.63252544403, 2.13479280472, 1.20064461231, 1.51355028152, 1.4576189518, 0.640869140625, 0.13436165452, 0.117014892399, 0.0817595794797, 0.0524491965771, 0.0182832665741, 0.00170459446963, 6.94726768415e-05, 0.000121557604871],
        "mean": [0.00107501575258, 0.0107583990321, 0.0830155611038, 0.456463038921, 0.655440628529, 0.647426247597, 0.588740468025, 0.764121234417, 5.57307815552, 52.4182167053, 102.988311768, 397.771179199, 75.7757110596, 113.435882568, 11.1106100082, 5.93890857697, 5.34426403046, 4.45848178864, 3.05984354019, 4.43050193787, 3.19146966934, 1.8474342823, 1.52112078667, 1.84246039391, 1.07060825825, 0.68146109581, 0.372261196375, 0.309979051352, 0.234455287457, 0.185279399157, 0.142308294773, 0.0990344509482, 0.0756260454655, 0.0632966011763, 0.048153989017, 0.028977829963, 0.0109676746652, 0.000892113312148, 2.94278052024e-05, 2.7714020689e-05],
        "min": [2.91067712139e-22, 2.34681338175e-21, 1.14439112965e-20, 5.02270788785e-20, 1.20012843341e-19, 2.23556598234e-19, 8.21554233424e-20, 2.37322977428e-19, 3.78710503839e-19, 6.47267743648e-19, 6.22750937473e-19, 1.9113590036e-18, 1.44742307312e-18, 2.29306129046e-18, 2.45166510791e-18, 2.3099638991e-18, 5.18209959483e-18, 5.71507936045e-18, 8.74479296287e-18, 6.42486732765e-18, 5.75341339158e-18, 7.65504619874e-18, 8.35217416667e-18, 9.3869332724e-18, 1.38864781673e-17, 1.89171474618e-17, 1.23977085747e-17, 1.42499479459e-17, 1.48950925754e-17, 1.38706748817e-17, 1.59464821474e-17, 1.74335957244e-17, 1.87739840044e-17, 1.47134734914e-17, 7.48302489137e-18, 6.09305912777e-18, 3.38429987483e-18, 1.35504323212e-18, 3.47271901996e-19, 3.14378231295e-20],
        "stdev": [0.000895592034794, 0.0152042051777, 0.151579037309, 1.12905728817, 1.49454271793, 1.34365177155, 0.991978764534, 1.55875945091, 7.24128103256, 77.4553222656, 119.611038208, 405.77230835, 211.91506958, 519.732727051, 29.4565696716, 28.3058490753, 9.58401203156, 11.4521827698, 6.0900349617, 5.76524162292, 3.82464647293, 1.99316966534, 1.99108147621, 3.19028162956, 1.79544246197, 1.37559401989, 0.37523111701, 0.295472472906, 0.200839743018, 0.199395611882, 0.13782350719, 0.0487601161003, 0.0162901785225, 0.0133453281596, 0.00969082862139, 0.00568677438423, 0.0019600300584, 0.000170530285686, 1.08946096589e-05, 2.36523246713e-05]
    },
    "gfcc": {
        "mean": [-95.5670776367, 71.3505554199, -121.299446106, -16.8297386169, -76.4022445679, 3.31130862236, -33.4539222717, 33.1562728882, -14.4207410812, 7.28062963486, -29.6577701569, -7.04382610321, -21.8940811157],
        "cov": [[6162.78027344, 1373.23522949, -944.114440918, -835.419311523, -535.537597656, -325.767059326, 316.987121582, 224.293411255, 214.611801147, -222.408935547, -374.724456787, -526.479187012, -137.763153076], [1373.23522949, 608.536499023, -145.044082642, -280.72253418, -117.89994812, -140.067047119, 99.9531097412, 12.0729265213, 61.3366127014, -128.872573853, -156.292617798, -235.124771118, -45.8905982971], [-944.114440918, -145.044082642, 475.110900879, 389.919219971, 169.542602539, 101.300338745, -204.059066772, -113.811851501, -121.546806335, 29.0758934021, 30.0297489166, 118.676933289, -3.27793693542], [-835.419311523, -280.72253418, 389.919219971, 559.714294434, 248.59072876, 136.153442383, -267.826019287, -133.089782715, -155.850692749, 77.8285064697, 76.5439605713, 191.509658813, -17.3942737579], [-535.537597656, -117.89994812, 169.542602539, 248.59072876, 196.002212524, 97.0954666138, -124.851196289, -78.6703872681, -90.0307769775, 25.6995391846, 54.2073326111, 114.417060852, 25.4889354706], [-325.767059326, -140.067047119, 101.300338745, 136.153442383, 97.0954666138, 142.345458984, -29.7054824829, -41.6829376221, -65.8941802979, 23.1198577881, 42.8695487976, 116.43862915, 37.7220306396], [316.987121582, 99.9531097412, -204.059066772, -267.826019287, -124.851196289, -29.7054824829, 248.588088989, 110.76184845, 75.896232605, -48.7064285278, -25.7371921539, -90.4800643921, 0.00574105698615], [224.293411255, 12.0729265213, -113.811851501, -133.089782715, -78.6703872681, -41.6829376221, 110.76184845, 137.634811401, 101.489387512, 17.8091506958, -0.898731410503, -58.4435272217, -26.0423355103], [214.611801147, 61.3366127014, -121.546806335, -155.850692749, -90.0307769775, -65.8941802979, 75.896232605, 101.489387512, 179.846496582, 46.54322052, -51.2668838501, -116.967750549, -41.1111564636], [-222.408935547, -128.872573853, 29.0758934021, 77.8285064697, 25.6995391846, 23.1198577881, -48.7064285278, 17.8091506958, 46.54322052, 136.093399048, 64.1126480103, 14.2909536362, -31.3400402069], [-374.724456787, -156.292617798, 30.0297489166, 76.5439605713, 54.2073326111, 42.8695487976, -25.7371921539, -0.898731410503, -51.2668838501, 64.1126480103, 134.045974731, 120.391098022, 20.8850421906], [-526.479187012, -235.124771118, 118.676933289, 191.509658813, 114.417060852, 116.43862915, -90.4800643921, -58.4435272217, -116.967750549, 14.2909536362, 120.391098022, 274.582183838, 117.440307617], [-137.763153076, -45.8905982971, -3.27793693542, -17.3942737579, 25.4889354706, 37.7220306396, 0.00574105698615, -26.0423355103, -41.1111564636, -31.3400402069, 20.8850421906, 117.440307617, 134.601882935]],
        "icov": [[0.00143055489752, -0.00402046460658, 0.00366651965305, -0.00212531955913, 0.00397943193093, -0.00289088208228, 0.00256293918937, -0.00394403096288, 0.00290158903226, -0.00180661166087, 0.00232090312056, -0.00098998809699, 0.000170719577], [-0.00402046460658, 0.0150810750201, -0.0107717728242, 0.00813484750688, -0.0129420068115, 0.00998809374869, -0.0071880929172, 0.011947912164, -0.00743946898729, 0.00632077921182, -0.00456368178129, 0.00390040967613, 0.000283752102405], [0.00366651965305, -0.0107717728242, 0.0150269912556, -0.0104152178392, 0.0124068940058, -0.0104134604335, 0.00857546925545, -0.0099913245067, 0.00617215130478, -0.00166707846802, 0.00293910666369, 0.000752080639359, -0.00187959999312], [-0.00212531955913, 0.00813484750688, -0.0104152178392, 0.0198228433728, -0.0172716863453, 0.0102491313592, -0.00306536839344, 0.00377940875478, 0.00498895999044, -0.00851017143577, 0.0123547799885, -0.0117216929793, 0.0118884583935], [0.00397943193093, -0.0129420068115, 0.0124068940058, -0.0172716863453, 0.0323629714549, -0.0208871047944, 0.0130155477673, -0.00912068691105, 0.000616089731921, 0.00657011801377, -0.0110101383179, 0.00969453901052, -0.00934159103781], [-0.00289088208228, 0.00998809374869, -0.0104134604335, 0.0102491313592, -0.0208871047944, 0.0312629416585, -0.0167610775679, 0.0100533999503, 0.00371085503139, -0.0127222966403, 0.0156181082129, -0.015612819232, 0.00802717171609], [0.00256293918937, -0.0071880929172, 0.00857546925545, -0.00306536839344, 0.0130155477673, -0.0167610775679, 0.0214539207518, -0.0144793204963, 0.00250706519, 0.00780000351369, -0.00687384465709, 0.00834004208446, -0.0042128842324], [-0.00394403096288, 0.011947912164, -0.0099913245067, 0.00377940875478, -0.00912068691105, 0.0100533999503, -0.0144793204963, 0.0322545133531, -0.0200594831258, 0.00853064563125, -0.0128599591553, 0.00195559719577, 0.00158132135402], [0.00290158903226, -0.00743946898729, 0.00617215130478, 0.00498895999044, 0.000616089731921, 0.00371085503139, 0.00250706519, -0.0200594831258, 0.0339909493923, -0.0265974514186, 0.0297203734517, -0.0121006807312, 0.00632595550269], [-0.00180661166087, 0.00632077921182, -0.00166707846802, -0.00851017143577, 0.00657011801377, -0.0127222966403, 0.00780000351369, 0.00853064563125, -0.0265974514186, 0.0407295525074, -0.0385344773531, 0.0233123712242, -0.00986433681101], [0.00232090312056, -0.00456368178129, 0.00293910666369, 0.0123547799885, -0.0110101383179, 0.0156181082129, -0.00687384465709, -0.0128599591553, 0.0297203734517, -0.0385344773531, 0.0574210658669, -0.0353316105902, 0.0197303947061], [-0.00098998809699, 0.00390040967613, 0.000752080639359, -0.0117216929793, 0.00969453901052, -0.015612819232, 0.00834004208446, 0.00195559719577, -0.0121006807312, 0.0233123712242, -0.0353316105902, 0.0382464379072, -0.0244181286544], [0.000170719577, 0.000283752102405, -0.00187959999312, 0.0118884583935, -0.00934159103781, 0.00802717171609, -0.0042128842324, 0.00158132135402, 0.00632595550269, -0.00986433681101, 0.0197303947061, -0.0244181286544, 0.0268956329674]]
    },
    "melbands": {
        "max": [6.19712664047e-05, 0.000422882847488, 0.00153925362974, 0.000923666520976, 0.000311781070195, 0.00043758956599, 0.000955720606726, 0.00471543101594, 0.00771118933335, 0.0117763569579, 0.0106123136356, 0.0154961766675, 0.000607017544098, 0.00127045740373, 0.000658469856717, 0.000113391368359, 0.000280658045085, 6.24800522928e-05, 5.25799150637e-05, 7.09604428266e-05, 1.86779834621e-05, 1.4585963072e-05, 5.46499759366e-05, 2.21794907702e-05, 3.01749314531e-05, 1.529268593e-05, 6.60222940496e-06, 8.22345373308e-06, 2.49895151683e-06, 1.30151136091e-06, 1.92471225091e-06, 7.81567507602e-07, 1.29277009364e-06, 4.84373344989e-07, 1.12168879696e-06, 3.27755202534e-07, 3.36015574476e-07, 1.05229837288e-07, 1.19850810165e-07, 1.03432100218e-07],
        "mean": [1.00261822809e-05, 3.55031406798e-05, 8.5835068603e-05, 4.84079100715e-05, 2.10181988223e-05, 1.61435546033e-05, 8.03647490102e-05, 0.000667479995172, 0.0012591042323, 0.00224924995564, 0.000285883696051, 0.000488219695399, 2.41380657826e-05, 1.69281720446e-05, 1.31673759824e-05, 9.1629126473e-06, 8.02991871751e-06, 4.34332378063e-06, 3.71983060177e-06, 8.31870875118e-06, 2.71431872534e-06, 1.61664468123e-06, 2.43607655648e-06, 1.07541950456e-06, 1.5878231352e-06, 9.31282386318e-07, 4.89830370043e-07, 4.2151518187e-07, 2.66342198074e-07, 1.40884324651e-07, 2.23225526952e-07, 1.37811795753e-07, 1.37633577424e-07, 7.82376545772e-08, 8.78019932316e-08, 6.43613375928e-08, 5.80633781055e-08, 5.16960518837e-08, 5.31799742021e-08, 5.29559258666e-08],
        "min": [2.96506347989e-24, 5.34394374821e-24, 1.00221046696e-23, 1.32111584982e-23, 4.52142254259e-24, 4.62333232749e-24, 6.73445111647e-24, 6.20969453143e-24, 5.2158922962e-24, 1.26959944618e-23, 7.14718235322e-24, 9.39755481349e-24, 7.02048892526e-24, 7.96404466513e-24, 6.48119678918e-24, 1.23256660764e-23, 1.05667902477e-23, 1.38757225349e-23, 1.20581436219e-23, 6.84133703596e-24, 6.57300166032e-24, 8.71435157133e-24, 5.56214898548e-24, 8.61146596549e-24, 7.01244491061e-24, 1.05067800209e-23, 9.68431443001e-24, 1.32393941966e-23, 7.85480951787e-24, 7.59794141877e-24, 8.1049636218e-24, 7.44145034783e-24, 9.34983188417e-24, 7.19884012074e-24, 8.13429504798e-24, 1.15724151413e-23, 9.71164057177e-24, 1.1292999031e-23, 1.54455636249e-23, 1.16131542851e-23],
        "stdev": [8.72980581335e-06, 6.0465412389e-05, 0.000209387668292, 0.000102998055809, 3.50972695742e-05, 3.55016200047e-05, 0.000117268995382, 0.00101749517489, 0.00129407912027, 0.00233201985247, 0.00109765480738, 0.00228074705228, 6.60439181956e-05, 6.80650409777e-05, 3.56694690709e-05, 1.54698991537e-05, 2.3471277018e-05, 8.76854755916e-06, 5.7564529925e-06, 1.28903411678e-05, 3.21205175169e-06, 1.93245796254e-06, 4.46376043328e-06, 1.90683647361e-06, 3.18545585287e-06, 1.59794558385e-06, 7.79067761414e-07, 8.62730587414e-07, 3.27644556819e-07, 1.42077098531e-07, 2.62901778569e-07, 1.29213333366e-07, 1.81704052693e-07, 6.25596996429e-08, 1.10759785343e-07, 3.26885718493e-08, 2.69329589742e-08, 1.36948230534e-08, 1.32893021032e-08, 1.31921105151e-08]
    },
    "melbands128": {
        "max": [1.77379079105e-05, 3.75608869945e-05, 7.24384517525e-05, 0.000297899357975, 0.000684312253725, 0.000406061473768, 0.00187034637202, 0.0024090136867, 0.00119070964865, 0.00160129973665, 0.000658250413835, 0.000361269369023, 0.000152359192725, 0.00103868101723, 0.000593308766838, 4.46893027402e-05, 0.00047072279267, 0.00182873825543, 0.00100759696215, 0.0041968584992, 0.00945300608873, 0.00391127727926, 0.0134518509731, 0.0130852609873, 0.0211103912443, 0.0188963413239, 0.0344214774668, 0.0037610726431, 0.00303755281493, 0.0300088189542, 0.0163178965449, 0.000431241933256, 0.000137031689519, 0.000605548091698, 0.000257535051787, 0.00216565211304, 0.00228332681581, 0.00025086014648, 0.000502628972754, 0.000195749395061, 5.92660617258e-05, 0.000392742571421, 0.000338462647051, 0.000505980919115, 8.11028985481e-06, 6.55330295558e-05, 0.000196264430997, 5.0869435654e-05, 1.90140872292e-05, 0.000110500863229, 0.000141902448377, 8.20468922029e-05, 3.34954056598e-05, 3.78078984795e-05, 4.82109535369e-05, 8.37601601233e-06, 1.2760782738e-05, 0.000105628641904, 4.70537270303e-05, 1.5454745153e-05, 2.85460882878e-05, 4.30090476584e-05, 2.19736848521e-05, 7.34791319701e-05, 7.77304285293e-06, 1.41843393067e-05, 3.22278392559e-05, 7.91286674939e-06, 3.78785557587e-06, 2.77922699752e-05, 8.21291814646e-06, 5.76558340981e-06, 2.53030884778e-06, 5.57676776225e-06, 6.8455364044e-07, 2.50650441558e-06, 9.17407930956e-07, 4.08186423329e-07, 3.72414660887e-06, 3.37102710546e-06, 1.57776537435e-06, 4.76736715882e-07, 1.3727079704e-06, 1.52191569214e-06, 2.84889256363e-06, 4.53510864418e-07, 3.22698980426e-07, 1.61618402217e-07, 2.18589821088e-06, 8.8402879328e-07, 4.55214575368e-07, 1.97700956051e-07, 1.31195679387e-06, 1.69593249666e-07, 2.02392797632e-07, 1.500699085e-07, 1.83274806886e-07, 1.31443400164e-07, 1.60766859381e-07, 1.23304559452e-07, 1.41461867997e-07, 1.41243916119e-07, 1.4898819245e-07, 1.3938277732e-07, 1.29580570274e-07, 1.3672571697e-07, 1.39393165455e-07, 1.70119008658e-07, 1.27328078747e-07, 1.24695958448e-07, 1.2476300526e-07, 1.06289995472e-07, 8.57664730347e-08, 6.87354742013e-08, 3.60648577669e-08, 1.5349980842e-08, 7.24231297156e-09, 1.9036995591e-10, 1.9768031656e-10, 1.7132886776e-10, 1.7563832333e-10, 1.79082360052e-10, 1.92088914219e-10, 1.8836475435e-10, 1.80395393068e-10, 1.76704026411e-10, 1.69348729484e-10, 1.70589736781e-10],
        "mean": [2.90328330266e-06, 9.01986277313e-06, 9.50276989897e-06, 1.83375614142e-05, 3.89798697142e-05, 3.0912404327e-05, 9.13260955713e-05, 0.000123387013446, 4.86223470944e-05, 5.87384201935e-05, 3.36741577485e-05, 1.58121456479e-05, 1.63475961017e-05, 2.94935871352e-05, 1.55267207447e-05, 4.71845623906e-06, 3.46007327607e-05, 0.000114115951874, 8.36777908262e-05, 0.0005800583167, 0.00117169891018, 0.000394095404772, 0.000478952744743, 0.00260948203504, 0.0046383375302, 0.000704229285475, 0.000654600153212, 6.73500908306e-05, 8.08956465335e-05, 0.000939542369451, 0.00044673474622, 4.95385756949e-06, 8.07724245533e-06, 3.5680437577e-05, 9.10407470656e-06, 1.73385960807e-05, 1.84149703273e-05, 3.35783920491e-06, 2.24186078412e-05, 1.06632242023e-05, 1.99075429919e-06, 1.31743199745e-05, 8.64367120812e-06, 7.21165497453e-06, 7.53090546368e-07, 4.40473377239e-06, 8.51610548125e-06, 8.34037109598e-07, 1.52601910486e-06, 9.49333116296e-06, 1.1213189282e-05, 6.00652219873e-06, 1.84949067261e-06, 1.98470206669e-06, 2.38592815549e-06, 5.2625182434e-07, 1.0698342976e-06, 5.71468581256e-06, 1.06406741907e-06, 3.42763513572e-07, 1.35821835556e-06, 1.24338259866e-06, 1.60260378834e-06, 1.95447069018e-06, 1.11121016744e-06, 7.45328804896e-07, 1.10501287054e-06, 4.13071802541e-07, 2.24819757477e-07, 7.32768171474e-07, 3.57897278036e-07, 4.38422659954e-07, 2.30521393974e-07, 3.17841482911e-07, 1.31529063196e-07, 2.07030922184e-07, 9.54528118768e-08, 6.06252115176e-08, 2.84570944586e-07, 3.84560024713e-07, 7.95956793809e-08, 8.85625297542e-08, 1.0348367141e-07, 1.45968016341e-07, 1.86091085652e-07, 6.54526317589e-08, 5.87314303857e-08, 5.04447150718e-08, 1.19744910876e-07, 7.59096820957e-08, 7.54825251192e-08, 4.99742505156e-08, 7.17196897426e-08, 5.52718688596e-08, 5.46276481828e-08, 5.24745651376e-08, 5.09597306575e-08, 5.02447932149e-08, 5.37348903151e-08, 5.44448184314e-08, 5.37019779756e-08, 5.13000202318e-08, 5.43180576074e-08, 5.52578072188e-08, 5.52513697016e-08, 5.38334141709e-08, 5.44265859048e-08, 5.33264667979e-08, 5.01841981304e-08, 4.89993539077e-08, 4.57585471736e-08, 4.24042099212e-08, 3.65930041824e-08, 3.00186435709e-08, 1.66782303523e-08, 5.90367266184e-09, 2.03075578575e-09, 7.33209500059e-12, 5.71929569676e-12, 5.62131461171e-12, 5.5454508173e-12, 5.51122775888e-12, 5.45811182709e-12, 5.30475750132e-12, 5.36443155522e-12, 5.35599386023e-12, 5.38430975153e-12, 5.35701647972e-12],
        "min": [3.84440830866e-24, 2.92982585212e-24, 1.58124407438e-24, 4.81843301214e-24, 6.16188798285e-24, 3.65780917799e-24, 1.05740730116e-23, 1.07873013254e-23, 1.07766895685e-23, 1.62229702698e-23, 1.31410058868e-23, 7.50279848271e-24, 1.36512557142e-24, 1.19306278065e-24, 7.16861728174e-24, 4.3650718889e-24, 4.23431898272e-24, 5.73438690337e-24, 1.1812276977e-23, 7.65797057821e-24, 2.98422944723e-24, 4.47488724336e-24, 5.02733205731e-24, 4.9384727928e-24, 1.5204421468e-23, 1.49495231546e-23, 9.66169936558e-24, 4.90248771931e-24, 4.20350489247e-24, 1.58166059294e-23, 7.43244865604e-24, 5.19376829768e-24, 6.60053251148e-24, 7.65215903992e-24, 1.23423323408e-23, 5.83989349957e-24, 5.19243275617e-24, 1.92370930094e-24, 1.33618175205e-23, 1.10421854393e-23, 1.63170813758e-23, 5.27403962795e-24, 1.24813201659e-23, 8.05480784544e-24, 1.64282523877e-23, 1.12642758166e-23, 1.57103968526e-23, 1.89011751311e-23, 5.52074167656e-24, 7.49273656186e-24, 6.92004011075e-24, 7.26828039078e-24, 4.74936823989e-24, 7.71039511853e-24, 6.64150752462e-24, 1.28697607977e-23, 5.51923416337e-24, 4.54180907496e-24, 5.14544267863e-24, 8.23335231184e-24, 9.79933350543e-24, 8.59187776035e-24, 5.47308698371e-24, 5.6466809535e-24, 1.13401121708e-23, 9.76786663279e-24, 1.11260011217e-23, 1.03970731348e-23, 6.02926823734e-24, 1.3472928579e-23, 1.57128407437e-23, 1.31615904233e-23, 7.91445213547e-24, 8.75491795452e-24, 4.74213359653e-24, 7.10954185513e-24, 7.84840317845e-24, 1.0209235887e-23, 7.79025387455e-24, 7.58701963954e-24, 4.36827900291e-24, 9.20955506028e-24, 1.05399255896e-23, 1.02296050644e-23, 7.50000670397e-24, 6.58920880761e-24, 8.06400833018e-24, 6.0932338127e-24, 6.83558308452e-24, 9.86940801964e-24, 1.31820518974e-23, 8.97983245379e-24, 1.56356933026e-23, 7.92786355971e-24, 9.2406653678e-24, 6.87757888367e-24, 1.07824498308e-23, 1.94135765767e-23, 1.52561533884e-23, 1.30704036246e-23, 1.40152452078e-23, 1.05237452636e-23, 1.22564411654e-23, 5.26178980138e-24, 7.00932575459e-24, 1.07234958888e-23, 6.48571262343e-24, 9.69135185814e-24, 1.61894373704e-23, 8.50315299662e-24, 5.44549657355e-24, 9.8930415035e-24, 1.45159667788e-23, 1.1259061446e-23, 8.97254180131e-24, 6.99979079283e-24, 1.26638231364e-23, 1.40622329187e-23, 8.23199941539e-24, 1.03068952893e-23, 1.40402694534e-23, 8.47585209841e-24, 8.4168595022e-24, 9.44933958761e-24, 8.66575616185e-24, 8.48384404824e-24, 9.50610207405e-24, 1.21956586438e-23],
        "stdev": [2.72437910098e-06, 8.00385805633e-06, 9.53615199251e-06, 2.86044378299e-05, 7.81563139753e-05, 5.64763540751e-05, 0.000226087169722, 0.000333429052262, 0.000116685601824, 0.000144543839269, 7.65814111219e-05, 3.45789994753e-05, 2.33607370319e-05, 8.74221514096e-05, 4.66992096335e-05, 6.01159899816e-06, 5.24164061062e-05, 0.0001965976262, 0.000145695186802, 0.000906549044885, 0.0020407831762, 0.000639708945528, 0.00159132073168, 0.00279423431493, 0.00516168726608, 0.00170389504638, 0.00342929596081, 0.00033315634937, 0.00036692499998, 0.00437347078696, 0.0021762533579, 2.6890060326e-05, 1.78736991074e-05, 7.32729604351e-05, 2.25352159759e-05, 0.000124986676383, 0.000110670174763, 1.23549079944e-05, 5.09856763529e-05, 2.12388458749e-05, 5.1055253607e-06, 3.9251470298e-05, 2.81443899439e-05, 3.34752257913e-05, 1.10362054784e-06, 9.55083214649e-06, 2.47042880801e-05, 2.884877631e-06, 2.68818280347e-06, 1.85301432793e-05, 2.38354550675e-05, 1.12171655928e-05, 3.97238181904e-06, 4.15293106926e-06, 5.64539732295e-06, 9.06767979814e-07, 1.46566674175e-06, 9.79419837677e-06, 3.54136295755e-06, 1.04222408481e-06, 2.71852786682e-06, 3.42813177667e-06, 3.23670656144e-06, 6.90584329277e-06, 1.39414021305e-06, 1.64652101375e-06, 3.14350722874e-06, 6.89011073973e-07, 4.47739409992e-07, 2.587734798e-06, 9.85814381238e-07, 7.70512087911e-07, 3.18753677675e-07, 6.65795084842e-07, 1.16431763786e-07, 3.042671608e-07, 9.4714103227e-08, 4.03452986575e-08, 4.13251740383e-07, 5.56410554964e-07, 1.25414942431e-07, 8.17789853613e-08, 1.37084498419e-07, 2.18450509237e-07, 3.70535531147e-07, 4.89300688855e-08, 4.01370527925e-08, 2.2296894997e-08, 2.21463281491e-07, 8.4665892075e-08, 6.40151540665e-08, 2.24727418896e-08, 9.58688417541e-08, 2.45625546569e-08, 2.50232830012e-08, 2.12609503336e-08, 2.25108802709e-08, 1.87629627391e-08, 2.11145803064e-08, 1.9928856787e-08, 2.03154826295e-08, 1.92517042308e-08, 2.00467678013e-08, 2.02092333978e-08, 1.96881195791e-08, 1.95549194615e-08, 1.96740668201e-08, 1.93733153964e-08, 1.68420140056e-08, 1.7142001596e-08, 1.43713974055e-08, 1.30104149676e-08, 1.15372564835e-08, 9.81421610646e-09, 5.5164330881e-09, 2.02714556252e-09, 1.01093489135e-09, 9.54727442937e-12, 9.68113349903e-12, 8.66692394935e-12, 8.77766002244e-12, 8.82625396381e-12, 9.26014213226e-12, 9.08231736346e-12, 8.76820491214e-12, 8.57574428137e-12, 8.30323657053e-12, 8.33206420525e-12]
    },
    "mfcc": {
        "mean": [-749.411071777, 122.829856873, -5.63005971909, -8.74301433563, -16.3529758453, -23.0044498444, -12.9383792877, 3.41295289993, 10.2439889908, 12.1532392502, 12.9318399429, 4.91547679901, -2.66647434235],
        "cov": [[3366.87597656, 1191.51989746, -517.579650879, -356.260528564, -633.610900879, -353.768371582, -194.560913086, 14.2704029083, 269.080200195, 288.838745117, 117.062469482, 4.93929767609, -66.8498153687], [1191.51989746, 633.151428223, -116.302726746, -151.762023926, -231.779434204, -148.909515381, -84.6388397217, -21.1624603271, 113.294586182, 107.691307068, -3.8425848484, -11.6630916595, -35.9132041931], [-517.579650879, -116.302726746, 303.771362305, 175.807693481, 208.194320679, 111.86089325, 12.3601970673, -19.8027954102, -63.3538894653, -76.257522583, -55.9623565674, -34.1650924683, 7.83711767197], [-356.260528564, -151.762023926, 175.807693481, 241.592407227, 231.335968018, 96.6783447266, 15.6565647125, -30.7602100372, -86.1935653687, -68.9594726562, -26.5556144714, -1.59166181087, 19.6347007751], [-633.610900879, -231.779434204, 208.194320679, 231.335968018, 384.752746582, 180.022460938, 29.8272476196, -39.2583770752, -124.175704956, -133.924942017, -84.6224594116, -23.0735740662, 25.8783035278], [-353.768371582, -148.909515381, 111.86089325, 96.6783447266, 180.022460938, 177.961425781, 55.0468215942, 0.606229066849, -58.6465454102, -101.074272156, -75.5258255005, -45.2041625977, 18.2193717957], [-194.560913086, -84.6388397217, 12.3601970673, 15.6565647125, 29.8272476196, 55.0468215942, 142.187347412, 41.4670715332, -51.0873374939, -69.9705505371, -51.846157074, 23.7293567657, 24.9786376953], [14.2704029083, -21.1624603271, -19.8027954102, -30.7602100372, -39.2583770752, 0.606229066849, 41.4670715332, 106.98714447, 38.6589736938, -44.747253418, -38.8440589905, -9.00340366364, 19.7637310028], [269.080200195, 113.294586182, -63.3538894653, -86.1935653687, -124.175704956, -58.6465454102, -51.0873374939, 38.6589736938, 132.957351685, 72.9112167358, 22.8983001709, -13.4177703857, -14.0898723602], [288.838745117, 107.691307068, -76.257522583, -68.9594726562, -133.924942017, -101.074272156, -69.9705505371, -44.747253418, 72.9112167358, 198.426834106, 153.77432251, 21.9248428345, -55.2903518677], [117.062469482, -3.8425848484, -55.9623565674, -26.5556144714, -84.6224594116, -75.5258255005, -51.846157074, -38.8440589905, 22.8983001709, 153.77432251, 215.770187378, 69.80884552, -46.3620491028], [4.93929767609, -11.6630916595, -34.1650924683, -1.59166181087, -23.0735740662, -45.2041625977, 23.7293567657, -9.00340366364, -13.4177703857, 21.9248428345, 69.80884552, 113.186698914, 35.4132995605], [-66.8498153687, -35.9132041931, 7.83711767197, 19.6347007751, 25.8783035278, 18.2193717957, 24.9786376953, 19.7637310028, -14.0898723602, -55.2903518677, -46.3620491028, 35.4132995605, 109.369560242]],
        "icov": [[0.00163509498816, -0.00296477531083, 0.00221944483928, -0.00183708604891, 0.00120536691975, -0.00116979656741, 0.000968894339167, -0.0012765909778, 0.000604204949923, -7.15326750651e-05, -0.000698680756614, 0.000334844313329, -0.000247195421252], [-0.00296477531083, 0.00805948860943, -0.00418924540281, 0.00344829377718, -0.00097350316355, 0.00270861620083, -0.00076127104694, 0.00330848828889, -0.00170665956102, -0.00107884395402, 0.00385807291605, -0.00172994786408, 0.00130089756567], [0.00221944483928, -0.00418924540281, 0.00941137038171, -0.00603075325489, 0.000723781471606, -0.00269865221344, 0.0014620492002, -0.00165653694421, 0.000393062044168, 8.88635404408e-05, -0.000731405161787, 0.00134471466299, -1.68932638189e-05], [-0.00183708604891, 0.00344829377718, -0.00603075325489, 0.0143775874749, -0.00744897406548, 0.00317999906838, -0.00148970319424, 0.00138618738856, 0.000711375265382, 0.000103656275314, -0.00107768632006, 8.21440116852e-05, -0.00115644687321], [0.00120536691975, -0.00097350316355, 0.000723781471606, -0.00744897406548, 0.0131626008078, -0.00862914510071, 0.00571379857138, -0.00102807430085, 0.00448385765776, -0.000969567277934, 0.00410679588094, -0.0045903576538, 0.00222108326852], [-0.00116979656741, 0.00270861620083, -0.00269865221344, 0.00317999906838, -0.00862914510071, 0.0202840249985, -0.0103556960821, 0.00690960790962, -0.00678736157715, 0.00815240014344, -0.00684917159379, 0.0116708250716, -0.00385925779119], [0.000968894339167, -0.00076127104694, 0.0014620492002, -0.00148970319424, 0.00571379857138, -0.0103556960821, 0.0194521136582, -0.0113225271925, 0.0115028992295, -0.00733266724274, 0.00985229946673, -0.0123268794268, 0.00442424928769], [-0.0012765909778, 0.00330848828889, -0.00165653694421, 0.00138618738856, -0.00102807430085, 0.00690960790962, -0.0113225271925, 0.023933166638, -0.015025338158, 0.0133429523557, -0.0069457530044, 0.00762335164472, -0.00307383108884], [0.000604204949923, -0.00170665956102, 0.000393062044168, 0.000711375265382, 0.00448385765776, -0.00678736157715, 0.0115028992295, -0.015025338158, 0.0241071972996, -0.0140426531434, 0.00896082725376, -0.00590363424271, 0.00152749696281], [-7.15326750651e-05, -0.00107884395402, 8.88635404408e-05, 0.000103656275314, -0.000969567277934, 0.00815240014344, -0.00733266724274, 0.0133429523557, -0.0140426531434, 0.0281768627465, -0.0192330852151, 0.0107852248475, -0.00149787450209], [-0.000698680756614, 0.00385807291605, -0.000731405161787, -0.00107768632006, 0.00410679588094, -0.00684917159379, 0.00985229946673, -0.0069457530044, 0.00896082725376, -0.0192330852151, 0.0253320541233, -0.0177148785442, 0.00816561747342], [0.000334844313329, -0.00172994786408, 0.00134471466299, 8.21440116852e-05, -0.0045903576538, 0.0116708250716, -0.0123268794268, 0.00762335164472, -0.00590363424271, 0.0107852248475, -0.0177148785442, 0.0277632083744, -0.0117020169273], [-0.000247195421252, 0.00130089756567, -1.68932638189e-05, -0.00115644687321, 0.00222108326852, -0.00385925779119, 0.00442424928769, -0.00307383108884, 0.00152749696281, -0.00149787450209, 0.00816561747342, -0.0117020169273, 0.0159806199372]]
    },
    "spectral_contrast_coeffs": {
        "max": [-0.518100559711, -0.382167965174, -0.32064306736, -0.667588233948, -0.681026637554, -0.771609663963],
        "mean": [-0.761693298817, -0.64030700922, -0.741017997265, -0.783634603024, -0.792897462845, -0.835809826851],
        "min": [-0.95663523674, -0.9680159688, -0.966696619987, -0.959225893021, -0.959120154381, -0.959792196751],
        "stdev": [0.0692087858915, 0.147425740957, 0.115288928151, 0.0617452710867, 0.04142588377, 0.0221112836152]
    },
    "spectral_contrast_valleys": {
        "max": [-6.93812894821, -5.53897809982, -7.19592142105, -7.51653862, -8.14943695068, -10.5816869736],
        "mean": [-8.35322284698, -7.24038887024, -8.47768688202, -8.84020042419, -9.01308345795, -10.879234314],
        "min": [-27.3495445251, -27.1201667786, -27.1890773773, -27.3942241669, -27.3671703339, -27.2229957581],
        "stdev": [1.05257987976, 1.13857078552, 0.988821327686, 0.930657863617, 0.860182106495, 0.757647752762]
    }
},
"rhythm": {
    "beats_count": 21,
    "beats_loudness": {
        "max": 0.0575345046818,
        "mean": 0.0217349343002,
        "min": 0.000178163580131,
        "stdev": 0.0172253083438
    },
    "bpm": 104.312728882,
    "bpm_histogram_first_peak_bpm": 105,
    "bpm_histogram_first_peak_weight": 0.5,
    "bpm_histogram_second_peak_bpm": 0,
    "bpm_histogram_second_peak_spread": 0,
    "bpm_histogram_second_peak_weight": 0,
    "danceability": 0.822127640247,
    "onset_rate": 1.3323546648,
    "beats_loudness_band_ratio": {
        "max": [0.532038092613, 0.387392610312, 0.981765031815, 0.981020092964, 0.224903136492, 0.176566928625],
        "mean": [0.0810463279486, 0.0578542612493, 0.716170847416, 0.094655610621, 0.0345178730786, 0.028722666204],
        "min": [0.000666244130116, 0.000587316288147, 0.0054746135138, 0.00469545880333, 0.00466692401096, 0.00137787463609],
        "stdev": [0.1370754987, 0.106103621423, 0.341186970472, 0.20315271616, 0.0525419451296, 0.0509086214006]
    },
    "beats_position": [0.557278871536, 1.1261677742, 1.69505667686, 2.26394557953, 2.83283448219, 3.41333317757, 3.99383211136, 4.57433080673, 5.14321994781, 5.71210861206, 6.28099775314, 6.84988641739, 7.4303855896, 8.01088428497, 8.59138298035, 9.17188167572, 9.76399040222, 10.3328800201, 10.9017686844, 11.4822673798, 12.0627660751],
