{
"metadata": {
    "version": {
        "essentia": "2.1-beta5",
        "essentia_git_sha": "Undefined",
        "extractor": "music 2.0"
    },
    "audio_properties": {
        "analysis": {
            "equal_loudness": 0,
            "length": 32.4963264465,
            "sample_rate": 44100,
            "start_time": 110.248344421,
            "downmix": "mix"
        },
        "bit_rate": 192000,
        "length": 173.290527344,
        "lossless": 0,
        "number_channels": 2,
        "replay_gain": -5.59457015991,
        "sample_rate": 44100,
        "codec": "mp3",
        "md5_encoded": "2f3ef1838dd50c3d5d1d58bf80a9ca6d"
    },
    "tags": {
        "file_name": "Finland_Tie Uuteen Päivään_Markku Aro and Koivisto Sisters.mp3",
        "encoding": ["Lavf58.29.100"]
    }
},
"lowlevel": {
    "average_loudness": 0.957634747028,
    "barkbands_crest": {
        "max": 24.4056510925,
        "mean": 9.98937797546,
        "min": 3.28828048706,
        "stdev": 4.33718442917
    },
    "barkbands_flatness_db": {
        "max": 0.32113468647,
        "mean": 0.182637244463,
        "min": 0.0579635724425,
        "stdev": 0.0423503480852
    },
    "barkbands_kurtosis": {
        "max": 24.5501251221,
        "mean": 1.62104582787,
        "min": -1.79707539082,
        "stdev": 3.20862603188
    },
    "barkbands_skewness": {
        "max": 4.5934586525,
        "mean": 0.398404419422,
        "min": -2.2464401722,
        "stdev": 0.972049534321
    },
    "barkbands_spread": {
        "max": 45.0385856628,
        "mean": 11.6374492645,
        "min": 1.55508005619,
        "stdev": 5.73188924789
    },
    "dissonance": {
        "max": 0.499808311462,
        "mean": 0.447538465261,
        "min": 0.200135812163,
        "stdev": 0.0476162061095
    },
    "dynamic_complexity": 2.6542031765,
    "erbbands_crest": {
        "max": 28.4293880463,
        "mean": 11.2935476303,
        "min": 3.12008213997,
        "stdev": 4.62424612045
    },
    "erbbands_flatness_db": {
        "max": 0.372969359159,
        "mean": 0.259126901627,
        "min": 0.0638849511743,
        "stdev": 0.0429557338357
    },
    "erbbands_kurtosis": {
        "max": 18.0520973206,
        "mean": 1.47619271278,
        "min": -1.73582088947,
        "stdev": 2.49591898918
    },
    "erbbands_skewness": {
        "max": 2.82803106308,
        "mean": 0.148856267333,
        "min": -3.05144548416,
        "stdev": 0.892125785351
    },
    "erbbands_spread": {
        "max": 71.1460037231,
        "mean": 16.2758636475,
        "min": 2.39381742477,
        "stdev": 8.41978645325
    },
    "hfc": {
        "max": 93.7592773438,
        "mean": 24.4769477844,
        "min": 0.0368038602173,
        "stdev": 17.1403961182
    },
    "loudness_ebu128": {
        "integrated": -18.4154777527,
        "loudness_range": 3.08899497986,
        "momentary": {
            "max": -15.044508934,
            "mean": -19.2026348114,
            "min": -38.4093399048,
            "stdev": 3.07589817047
        },
        "short_term": {
            "max": -16.0588760376,
            "mean": -18.6166324615,
            "min": -21.0181770325,
            "stdev": 1.02717196941
        }
    },
    "melbands_crest": {
        "max": 29.0661354065,
        "mean": 11.8812932968,
        "min": 3.08826994896,
        "stdev": 5.21789503098
    },
    "melbands_flatness_db": {
        "max": 0.357188642025,
        "mean": 0.209615021944,
        "min": 0.087621293962,
        "stdev": 0.0505989082158
    },
    "melbands_kurtosis": {
        "max": 36.4466323853,
        "mean": 2.24754977226,
        "min": -1.69516158104,
        "stdev": 4.35789489746
    },
    "melbands_skewness": {
        "max": 4.8709769249,
        "mean": 0.686333060265,
        "min": -1.77273833752,
        "stdev": 1.00970315933
    },
    "melbands_spread": {
        "max": 66.0935668945,
        "mean": 22.1535873413,
        "min": 2.62784862518,
        "stdev": 12.499256134
    },
    "pitch_salience": {
        "max": 0.843575716019,
        "mean": 0.604631006718,
        "min": 0.223765090108,
        "stdev": 0.0983287617564
    },
    "silence_rate_20dB": {
        "max": 1,
        "mean": 1,
        "min": 1,
        "stdev": 0
    },
    "silence_rate_30dB": {
        "max": 1,
        "mean": 1,
        "min": 1,
        "stdev": 0
    },
    "silence_rate_60dB": {
        "max": 1,
        "mean": 0.0571020692587,
        "min": 0,
        "stdev": 0.232038214803
    },
    "spectral_centroid": {
        "max": 2611.42749023,
        "mean": 1347.89257812,
        "min": 368.396209717,
        "stdev": 505.573974609
    },
    "spectral_complexity": {
        "max": 47,
        "mean": 19.6181297302,
        "min": 0,
        "stdev": 8.50522136688
    },
    "spectral_decrease": {
        "max": -6.28886873133e-12,
        "mean": -5.12327247293e-09,
        "min": -1.56852131283e-08,
        "stdev": 2.88705259699e-09
    },
    "spectral_energy": {
        "max": 0.0633446127176,
        "mean": 0.0215565524995,
        "min": 2.70996424661e-05,
        "stdev": 0.0121466442943
    },
    "spectral_energyband_high": {
        "max": 0.00203084037639,
        "mean": 0.000140732343425,
        "min": 2.25304506785e-06,
        "stdev": 0.000234603474382
    },
    "spectral_energyband_low": {
        "max": 0.00256840302609,
        "mean": 0.000252300611464,
        "min": 3.54139115188e-06,
        "stdev": 0.000298709113849
    },
    "spectral_energyband_middle_high": {
        "max": 0.0504074506462,
        "mean": 0.0120936688036,
        "min": 3.71669125343e-06,
        "stdev": 0.00939140561968
    },
    "spectral_energyband_middle_low": {
        "max": 0.0537145994604,
        "mean": 0.00961648672819,
        "min": 1.40440106406e-05,
        "stdev": 0.00796686578542
    },
    "spectral_entropy": {
        "max": 8.325507164,
        "mean": 7.17261743546,
        "min": 5.957508564,
        "stdev": 0.376737177372
    },
    "spectral_flux": {
        "max": 0.167557433248,
        "mean": 0.077369555831,
        "min": 0.00395108945668,
        "stdev": 0.0333335138857
    },
    "spectral_kurtosis": {
        "max": 42.0015449524,
        "mean": 10.0718650818,
        "min": 1.03152418137,
        "stdev": 5.6047334671
    },
    "spectral_rms": {
        "max": 0.00786127336323,
        "mean": 0.00433988682926,
        "min": 0.000162599739269,
        "stdev": 0.00148194946814
    },
    "spectral_rolloff": {
        "max": 3488.37890625,
        "mean": 1611.67041016,
        "min": 344.53125,
        "stdev": 605.290710449
    },
    "spectral_skewness": {
        "max": 5.08696651459,
        "mean": 1.96408390999,
        "min": 0.704896330833,
        "stdev": 0.693868935108
    },
    "spectral_spread": {
        "max": 14393159,
        "mean": 2408453.25,
        "min": 1489426,
        "stdev": 703851.625
    },
    "spectral_strongpeak": {
        "max": 12.3962488174,
        "mean": 2.40807104111,
        "min": 0.00426906067878,
        "stdev": 1.88832521439
    },
    "zerocrossingrate": {
        "max": 0.1220703125,
        "mean": 0.0574948564172,
        "min": 0.01220703125,
        "stdev": 0.0194744393229
    },
    "barkbands": {
        "max": [2.06685981539e-05, 0.000955055642407, 0.00143252650741, 0.00320177222602, 0.0237961784005, 0.0211499352008, 0.0384166613221, 0.0489794760942, 0.0326641947031, 0.0371077358723, 0.023288058117, 0.0382931157947, 0.0160601101816, 0.0174984987825, 0.0159589201212, 0.0212383512408, 0.0103834625334, 0.00493652513251, 0.00460631493479, 0.00226580840535, 0.000809544639196, 0.000211796344956, 0.000481052440591, 7.96625827206e-05, 9.21961782296e-06, 9.91075376078e-06, 9.78050775302e-06],
        "mean": [8.05550882887e-07, 4.33075401816e-05, 0.000114580689115, 0.000247987773037, 0.000935477437451, 0.000985813792795, 0.00202949601226, 0.00200595194474, 0.00259928638116, 0.0021752465982, 0.00162812252529, 0.00190400565043, 0.00100840290543, 0.00114019622561, 0.00123568659183, 0.00179774314165, 0.000863271474373, 0.000309702852974, 0.000319817248965, 0.000135934897116, 4.63179312646e-05, 1.8920560251e-05, 7.24856818124e-06, 1.71455019427e-06, 7.85594124864e-07, 7.27565122816e-07, 1.46879939322e-08],
        "min": [3.92028676188e-09, 5.29910380465e-07, 6.47674980314e-08, 5.08928508225e-07, 3.73517036678e-06, 1.72402212684e-06, 9.83244262898e-07, 3.48190496879e-07, 6.11147640939e-07, 4.33585881865e-07, 4.82312998429e-07, 1.69403321593e-07, 2.77354985201e-07, 1.4332042042e-07, 3.82408643418e-07, 9.21184337699e-08, 1.60837203111e-07, 1.45357589076e-07, 9.80367360626e-08, 1.23684216646e-07, 1.13841565508e-07, 1.99501556608e-07, 1.63207843684e-07, 2.18155292941e-07, 1.92524026943e-07, 1.44764769061e-07, 3.68454225463e-11],
        "stdev": [1.12061638902e-06, 6.35612159385e-05, 0.000171583742485, 0.000385246181395, 0.00150086078793, 0.0019120706711, 0.00400042906404, 0.00428772112355, 0.00483566708863, 0.00413344241679, 0.00238685961813, 0.00393308186904, 0.00148862064816, 0.00165404635482, 0.00211001862772, 0.00296654668637, 0.00137160578743, 0.000511887425091, 0.000509724603035, 0.000231429527048, 6.92038011039e-05, 2.51870769716e-05, 2.08996752917e-05, 3.74141404791e-06, 2.69531653885e-07, 2.68527912795e-07, 2.61108226596e-07]
    },
    "erbbands": {
        "max": [0.0132014388219, 0.299412250519, 1.64334917068, 6.7381567955, 19.969625473, 100.295921326, 102.816474915, 263.404296875, 592.849914551, 699.979736328, 971.084655762, 930.974243164, 969.23425293, 952.893920898, 858.018859863, 1972.30871582, 572.998962402, 978.318481445, 747.386779785, 1700.85412598, 1238.12402344, 498.825836182, 319.987731934, 459.983215332, 165.482711792, 103.057823181, 52.1190834045, 31.643951416, 8.54717254639, 14.6603813171, 11.5518255234, 3.8701107502, 0.378610700369, 0.103271730244, 0.0676489695907, 0.0395277179778, 0.0176610741764, 0.00618573557585, 0.00139757874422, 0.000155006971909],
        "mean": [0.000703895057086, 0.0134113784879, 0.113600879908, 0.485302239656, 1.54608058929, 3.81806516647, 4.34300708771, 10.1972751617, 22.8599052429, 46.1641921997, 33.040763855, 63.3390769958, 74.0121765137, 62.5502166748, 62.9810409546, 85.5385437012, 48.6022987366, 55.5749282837, 57.195941925, 90.2648925781, 83.9154052734, 46.9168395996, 18.8920249939, 20.4129199982, 11.3125038147, 6.35590648651, 2.9819817543, 1.38994109631, 0.787636876106, 0.365757644176, 0.178485259414, 0.061567351222, 0.0177973583341, 0.00850861612707, 0.00595534546301, 0.00359060056508, 0.00134710781276, 0.000118607167678, 1.58315542649e-05, 2.66779879894e-05],
        "min": [7.99802728579e-06, 0.000155764078954, 0.000229721190408, 0.00160460511688, 0.00981289148331, 0.01273721084, 0.0101908529177, 0.0127478120849, 0.0186419617385, 0.0151346093044, 0.0104954028502, 0.0177644435316, 0.0188154503703, 0.0154589209706, 0.0145956957713, 0.0094300955534, 0.0114900656044, 0.00954911019653, 0.0135731883347, 0.0191009100527, 0.00703131081536, 0.010306362994, 0.00712621584535, 0.00785428471863, 0.00453665107489, 0.00526056997478, 0.00450478214771, 0.00449621817097, 0.00542787276208, 0.00669443095103, 0.00419181678444, 0.0049852617085, 0.00355207757093, 0.00258797081187, 0.00110991077963, 0.00058693025494, 0.000269963347819, 5.2988762036e-05, 1.64957577908e-06, 1.25609687984e-07],
        "stdev": [0.00118318130262, 0.019524725154, 0.165332868695, 0.674532771111, 1.94654452801, 6.8694934845, 6.78761291504, 21.1505832672, 44.7534980774, 78.5199737549, 64.0007171631, 124.41985321, 122.518348694, 100.076087952, 86.3967666626, 186.937576294, 62.4968414307, 74.9759292603, 83.6579284668, 166.336471558, 133.117401123, 73.2963180542, 26.6432094574, 38.5718803406, 16.2206306458, 10.7933635712, 5.01181602478, 2.23405265808, 1.00836575031, 0.814746439457, 0.486729383469, 0.168894991279, 0.0246385000646, 0.00368655775674, 0.0020077265799, 0.00115611206274, 0.000494115403853, 0.00016359705478, 3.76587522624e-05, 1.54216813826e-05]
    },
    "gfcc": {
        "mean": [-46.2274360657, 115.37714386, -182.122146606, -8.16315174103, -57.994140625, -13.0328931808, -37.120098114, -2.80750489235, -24.8096675873, -2.72457122803, -21.9749984741, -2.28562307358, -11.5491247177],
        "cov": [[1959.08520508, 38.0695381165, -985.205627441, 277.5597229, 198.788482666, -195.071762085, 158.344970703, -150.914520264, 222.250686646, -46.5380706787, 111.032424927, -98.6014404297, -8.96404361725], [38.0695381165, 292.362335205, 202.989212036, -163.338577271, -30.2654724121, 32.6808700562, 67.6733551025, 15.8187141418, -63.3223838806, -41.6352539062, -5.03679943085, -6.40667390823, -6.93037939072], [-985.205627441, 202.989212036, 779.669006348, -158.336898804, -151.682479858, 125.104667664, -60.8936271667, 77.1980209351, -145.585754395, -19.4234771729, -66.3812103271, 47.1854248047, -12.8622264862], [277.5597229, -163.338577271, -158.336898804, 451.326690674, 150.204666138, -94.5398635864, -135.092559814, -40.2566452026, 104.905647278, 43.013999939, 17.0566654205, -2.68590092659, -5.38991308212], [198.788482666, -30.2654724121, -151.682479858, 150.204666138, 188.304885864, -21.225484848, -37.5712852478, 3.86779165268, 43.6649551392, 23.8999938965, 18.1193504333, -10.3857460022, 7.72459125519], [-195.071762085, 32.6808700562, 125.104667664, -94.5398635864, -21.225484848, 196.88470459, 128.968017578, 11.8628177643, -78.2597885132, -13.5882253647, -1.70691680908, 11.8742637634, -5.35294342041], [158.344970703, 67.6733551025, -60.8936271667, -135.092559814, -37.5712852478, 128.968017578, 229.03414917, 28.8945083618, -47.5116958618, -35.0762901306, 12.1024961472, -9.95148086548, -1.86330759525], [-150.914520264, 15.8187141418, 77.1980209351, -40.2566452026, 3.86779165268, 11.8628177643, 28.8945083618, 91.7660140991, 19.6163902283, 9.60510349274, -10.0671710968, -2.44802117348, 0.662585616112], [222.250686646, -63.3223838806, -145.585754395, 104.905647278, 43.6649551392, -78.2597885132, -47.5116958618, 19.6163902283, 146.028152466, 45.4888381958, 8.81761074066, -22.7555770874, -9.02655887604], [-46.5380706787, -41.6352539062, -19.4234771729, 43.013999939, 23.8999938965, -13.5882253647, -35.0762901306, 9.60510349274, 45.4888381958, 79.7356719971, 23.9918556213, 1.6999335289, -1.02078568935], [111.032424927, -5.03679943085, -66.3812103271, 17.0566654205, 18.1193504333, -1.70691680908, 12.1024961472, -10.0671710968, 8.81761074066, 23.9918556213, 59.6443710327, 19.1669330597, 4.52968168259], [-98.6014404297, -6.40667390823, 47.1854248047, -2.68590092659, -10.3857460022, 11.8742637634, -9.95148086548, -2.44802117348, -22.7555770874, 1.6999335289, 19.1669330597, 56.8920135498, 25.7766304016], [-8.96404361725, -6.93037939072, -12.8622264862, -5.38991308212, 7.72459125519, -5.35294342041, -1.86330759525, 0.662585616112, -9.02655887604, -1.02078568935, 4.52968168259, 25.7766304016, 47.7574119568]],
        "icov": [[0.0166019760072, -0.0203565172851, 0.0177121348679, -0.0110023645684, 0.00389687018469, 0.00370007450692, -0.0104391053319, 0.0144058549777, -0.0157524459064, 0.0150023978204, -0.0126608582214, 0.00910865142941, -0.0035041787196], [-0.0203565172851, 0.0361980944872, -0.0299372300506, 0.0178915504366, -0.0132532017305, 0.00490686064586, 0.00207077222876, -0.00817330088466, 0.0154046984389, -0.015063055791, 0.0108835594729, -0.00786647200584, 0.00407952070236], [0.0177121348679, -0.0299372300506, 0.0293792765588, -0.0152163039893, 0.0136822490022, -0.00698034279048, 0.00191600841936, 0.00262989103794, -0.0101824840531, 0.0134985959157, -0.00840537715703, 0.00579084642231, -0.00174615194555], [-0.0110023645684, 0.0178915504366, -0.0152163039893, 0.0132615705952, -0.00897056143731, 0.00159034389071, 0.00354258553125, -0.00339572504163, 0.0064176809974, -0.00861820392311, 0.00707587692887, -0.00649822596461, 0.00360935996287], [0.00389687018469, -0.0132532017305, 0.0136822490022, -0.00897056143731, 0.0183041021228, -0.0109636075795, 0.0109650017694, -0.0102875456214, 0.00198759650812, 0.00167047185823, -0.00230676820502, 0.00370706641115, -0.00350891053677], [0.00370007450692, 0.00490686064586, -0.00698034279048, 0.00159034389071, -0.0109636075795, 0.024066971615, -0.0231202170253, 0.017079256475, -0.0052536809817, 0.00128602550831, -0.00315190246329, 0.000454803404864, 0.00212593167089], [-0.0104391053319, 0.00207077222876, 0.00191600841936, 0.00354258553125, 0.0109650017694, -0.0231202170253, 0.0337944701314, -0.0278912689537, 0.0164136756212, -0.00669363420457, 0.00651521002874, -0.0035629638005, 0.000861795153469], [0.0144058549777, -0.00817330088466, 0.00262989103794, -0.00339572504163, -0.0102875456214, 0.017079256475, -0.0278912689537, 0.0424227453768, -0.0251962337643, 0.0126484939829, -0.010896707885, 0.0083326715976, -0.00421142112464], [-0.0157524459064, 0.0154046984389, -0.0101824840531, 0.0064176809974, 0.00198759650812, -0.0052536809817, 0.0164136756212, -0.0251962337643, 0.033051174134, -0.0213905051351, 0.0147333657369, -0.00722966436297, 0.00563474139199], [0.0150023978204, -0.015063055791, 0.0134985959157, -0.00861820392311, 0.00167047185823, 0.00128602550831, -0.00669363420457, 0.0126484939829, -0.0213905051351, 0.0355694517493, -0.0235503017902, 0.012795294635, -0.00522496271878], [-0.0126608582214, 0.0108835594729, -0.00840537715703, 0.00707587692887, -0.00230676820502, -0.00315190246329, 0.00651521002874, -0.010896707885, 0.0147333657369, -0.0235503017902, 0.0417031683028, -0.0243122093379, 0.00961116794497], [0.00910865142941, -0.00786647200584, 0.00579084642231, -0.00649822596461, 0.00370706641115, 0.000454803404864, -0.0035629638005, 0.0083326715976, -0.00722966436297, 0.012795294635, -0.0243122093379, 0.0420735888183, -0.0209047440439], [-0.0035041787196, 0.00407952070236, -0.00174615194555, 0.00360935996287, -0.00350891053677, 0.00212593167089, 0.000861795153469, -0.00421142112464, 0.00563474139199, -0.00522496271878, 0.00961116794497, -0.0209047440439, 0.0330332815647]]
    },
    "melbands": {
        "max": [0.000152797394549, 0.000681699893903, 0.00114315061364, 0.00304730725475, 0.00491755688563, 0.00515249138698, 0.00805076025426, 0.00977646093816, 0.00770715763792, 0.00624733185396, 0.00472990050912, 0.00379041349515, 0.00288221123628, 0.00388028775342, 0.00323450402357, 0.00206050579436, 0.00180961331353, 0.00110216089524, 0.00131290231366, 0.00193727225997, 0.00140369380824, 0.000657577882521, 0.00028339587152, 0.00025373196695, 0.000416957453126, 0.000152504144353, 8.4578357928e-05, 7.11868997314e-05, 5.38708154636e-05, 1.9805116608e-05, 1.63818895089e-05, 5.31535579285e-06, 6.07993661106e-06, 1.06206271084e-05, 7.83274663263e-06, 3.99027248932e-06, 1.5375841258e-06, 3.37361797165e-07, 1.03644481442e-07, 8.14641012425e-08],
        "mean": [8.89274087967e-06, 4.67499739898e-05, 0.000114822643809, 0.000188817924936, 0.000166454323335, 0.000230167031987, 0.000366887776181, 0.000516784959473, 0.000246172276093, 0.000425367557909, 0.000370070221834, 0.000252381025348, 0.000202310708119, 0.000210086349398, 0.000176823639777, 9.84922517091e-05, 0.00010293530795, 8.83336178958e-05, 0.000102876481833, 0.00014265064965, 8.50721626193e-05, 5.42245579709e-05, 2.19141802518e-05, 1.43902525451e-05, 1.72322452272e-05, 9.67432697507e-06, 5.77752189201e-06, 3.91036564906e-06, 2.21277514356e-06, 1.08098493001e-06, 6.77629088841e-07, 4.93519962674e-07, 2.57819181115e-07, 1.81059377269e-07, 1.14634161719e-07, 5.71224418877e-08, 2.8599119517e-08, 1.28220838391e-08, 7.75564945599e-09, 6.72397826307e-09],
        "min": [1.58875366196e-07, 2.95682696105e-07, 5.62465345411e-07, 1.00017496152e-06, 3.89862236716e-07, 3.07882658035e-07, 3.12612201014e-07, 2.07507852679e-07, 4.84180375793e-08, 9.97335121156e-08, 8.90578562007e-08, 5.85456234603e-08, 6.51491021131e-08, 1.4614084165e-08, 2.36967370171e-08, 3.22518971529e-08, 1.46743568408e-08, 1.75274657011e-08, 3.59801148875e-08, 8.42538039336e-09, 7.93249288478e-09, 1.06341344619e-08, 6.80374467876e-09, 4.9383679368e-09, 5.31014432426e-09, 3.40744099603e-09, 3.61741614441e-09, 2.7149009707e-09, 2.72960343217e-09, 2.86713519593e-09, 2.2229154073e-09, 2.85744650164e-09, 3.89466059403e-09, 2.9302649196e-09, 1.724175136e-09, 3.09573677804e-09, 2.59533550206e-09, 2.52998333394e-09, 2.16127804542e-09, 2.24266094584e-09],
        "stdev": [1.30842690851e-05, 6.22538573225e-05, 0.00014429782459, 0.000260222092038, 0.000287041970296, 0.000453475367976, 0.000720042793546, 0.000922515697312, 0.000492237391882, 0.000860192696564, 0.000634196097963, 0.000429795822129, 0.00027689995477, 0.000414158595959, 0.000315501994919, 0.000142521792441, 0.000148074090248, 0.000136848946568, 0.000177523674211, 0.00024944244069, 0.000146314472659, 9.14759148145e-05, 3.28538080794e-05, 2.48013366217e-05, 3.45279986504e-05, 1.51893591465e-05, 8.37081279315e-06, 7.74688214733e-06, 4.4192893256e-06, 1.74669230546e-06, 1.07419577944e-06, 6.3291480501e-07, 4.01593894139e-07, 4.99597717862e-07, 3.20090180139e-07, 1.70686746515e-07, 7.2851555899e-08, 1.89626518932e-08, 4.71742156449e-09, 2.65707500446e-09]
    },
    "melbands128": {
        "max": [1.39271096486e-05, 9.65845611063e-05, 0.000190030579688, 0.000621670740657, 0.000962375721429, 0.000684283673763, 0.00153759634122, 0.00213205278851, 0.00272763497196, 0.00353602692485, 0.00622919620946, 0.0107634700835, 0.00308452220634, 0.00327376741916, 0.00906286481768, 0.00913252588362, 0.0107774948701, 0.0119519839063, 0.0150754367933, 0.00795545522124, 0.0212384089828, 0.0069891656749, 0.0140643399209, 0.0053604147397, 0.00763994967565, 0.0110505912453, 0.00675161974505, 0.00879885349423, 0.0105144446716, 0.008095969446, 0.00764365587384, 0.00591753888875, 0.004317344632, 0.00530739827082, 0.00264702155255, 0.00777612812817, 0.0103459823877, 0.00399028137326, 0.0031909851823, 0.0022102240473, 0.00404103286564, 0.002716031624, 0.00347092654556, 0.00228681322187, 0.0022084962111, 0.00208566663787, 0.0031161326915, 0.00312156416476, 0.00337008084171, 0.00618293182924, 0.00309312925674, 0.00295470259152, 0.00335031026043, 0.00345450337045, 0.00179059943184, 0.00146457948722, 0.000711853383109, 0.000640574260615, 0.00047502326197, 0.00068126473343, 0.000313106895192, 0.000462426483864, 0.0012413081713, 0.000328196532791, 0.000493308994919, 0.000250429438893, 0.000193214713363, 0.000147388549522, 0.000139961513923, 0.000127571562189, 0.000113015688839, 0.000151714673848, 0.00015350857575, 5.5751621403e-05, 1.70447619894e-05, 2.93068751489e-05, 4.49834151368e-05, 2.26420524996e-05, 1.9798431822e-05, 8.71303109307e-06, 9.796905033e-06, 6.14253485764e-06, 6.39328845864e-06, 4.83915619043e-06, 7.06054561306e-06, 1.38527648232e-05, 9.77113450062e-06, 1.64235243574e-05, 6.25240227237e-06, 4.27984787166e-06, 5.14060093337e-06, 3.99315513278e-06, 3.77893911718e-06, 1.47863488564e-06, 5.91900004565e-07, 5.83252585784e-07, 2.72438853699e-07, 1.57080123131e-07, 1.03024049736e-07, 1.01086548909e-07, 7.63802177062e-08, 8.10699489762e-08, 7.93182906023e-08, 9.06321915295e-08, 8.02331356908e-08, 5.96802536279e-08, 7.21066228948e-08, 8.15174772129e-08, 6.01325211846e-08, 7.13796808327e-08, 6.31005150353e-08, 5.47534213524e-08, 5.51781411673e-08, 5.51592549414e-08, 5.14313782674e-08, 5.31112860358e-08, 4.60605669161e-08, 4.52667663353e-08, 4.44069776506e-08, 4.34635261115e-08, 4.25088764189e-08, 4.15881729054e-08, 4.07723490525e-08, 4.01108763981e-08, 3.95597261615e-08, 3.91109686859e-08, 3.87542762326e-08, 3.8569364591e-08],
        "mean": [5.82851498621e-07, 3.85058456231e-06, 9.84821599559e-06, 2.30196055782e-05, 4.91845203214e-05, 5.67912647966e-05, 8.38881678646e-05, 0.000141431373777, 0.000147576443851, 0.000174694636371, 0.000235985207837, 0.000203699382837, 0.00012503103062, 0.000144024801557, 0.000223505106987, 0.00025364846806, 0.000357159151463, 0.000335500779329, 0.000465278106276, 0.00054046040168, 0.000614015560132, 0.000261367909843, 0.000202012612135, 0.000189844198758, 0.000365024345228, 0.000644578249194, 0.000296634156257, 0.000398288859287, 0.0003572468122, 0.000228048564168, 0.00025534015731, 0.000217699518544, 0.000165201578056, 0.000256086408626, 0.00012527423678, 0.000225750525715, 0.000295203033602, 0.000196339038666, 9.23719999264e-05, 7.06247446942e-05, 0.000119670832646, 0.00010383415065, 9.25143031054e-05, 0.000116829847684, 9.41034522839e-05, 7.50115214032e-05, 8.8282431534e-05, 0.000103655409475, 9.39737874432e-05, 0.000140772914165, 0.000155703441123, 0.000154379304149, 7.9843455751e-05, 6.70026784064e-05, 6.20164937573e-05, 6.22661900707e-05, 3.7383812014e-05, 2.62642879534e-05, 1.50060859596e-05, 1.55204270413e-05, 1.16785322462e-05, 1.38593759402e-05, 2.43493450398e-05, 1.49847583089e-05, 1.29300769913e-05, 9.78858952294e-06, 7.51129027776e-06, 7.31080626792e-06, 5.0250946515e-06, 4.22241237175e-06, 3.72156409867e-06, 4.41303018306e-06, 2.87052534986e-06, 1.84866803465e-06, 1.23881238778e-06, 1.05687593077e-06, 1.11486474452e-06, 7.79704691922e-07, 6.27550605259e-07, 5.28843202119e-07, 5.62052889563e-07, 4.81697497889e-07, 3.2407172057e-07, 2.25723553626e-07, 2.09409378726e-07, 1.95080019694e-07, 1.74922561769e-07, 1.46828128322e-07, 1.21964177424e-07, 8.07050284379e-08, 6.5695594742e-08, 5.15542204482e-08, 4.13053093951e-08, 2.936219623e-08, 1.99157312863e-08, 1.56584771815e-08, 1.13147375913e-08, 8.71749517017e-09, 7.70411112683e-09, 7.35473504321e-09, 6.84685996788e-09, 6.44057518429e-09, 6.79675826731e-09, 6.90435841832e-09, 6.71882371961e-09, 6.59499921341e-09, 6.50593223739e-09, 6.42614761404e-09, 6.2369136522e-09, 6.25372464924e-09, 5.57830315273e-09, 5.1232817988e-09, 4.47203429843e-09, 3.58374507847e-09, 2.07024908327e-09, 8.10047862121e-10, 2.97162905394e-10, 3.70683587991e-11, 3.61016980199e-11, 3.53250206864e-11, 3.4545356159e-11, 3.38045563764e-11, 3.31396264597e-11, 3.25890980868e-11, 3.2151444701e-11, 3.17972939645e-11, 3.15104296822e-11, 3.1358415864e-11],
        "min": [7.87272302905e-10, 3.85621934385e-09, 2.13407229666e-08, 8.36573548213e-08, 5.94802074261e-08, 2.33589680931e-08, 6.40139674601e-08, 1.91105613112e-07, 2.46947138294e-07, 1.24101950405e-06, 3.51531440401e-07, 5.39154747514e-08, 2.44399132043e-07, 3.77330252377e-07, 1.19916578001e-07, 1.26960713942e-07, 2.53667622019e-07, 1.6760164101e-07, 5.7958672528e-08, 9.36277047003e-08, 7.03561084947e-08, 4.56780497871e-08, 5.63294406675e-08, 1.9826787323e-08, 7.532267432e-08, 1.10752104376e-07, 5.41637348306e-08, 4.1687790997e-08, 1.4936466286e-08, 2.8382505235e-08, 9.47033527154e-08, 4.0699234205e-08, 1.7689863796e-08, 1.0132738204e-08, 1.75055991924e-09, 1.36951410212e-08, 2.92268680369e-08, 1.41962868128e-08, 5.04702013515e-09, 1.55182195982e-08, 3.28757607804e-08, 7.6284205619e-09, 6.70359945332e-09, 8.108059113e-09, 6.57634124934e-09, 1.2137096661e-08, 9.4683771934e-09, 5.83228896289e-08, 2.46261997461e-08, 7.99365018622e-09, 8.20505707821e-09, 3.15836001796e-09, 4.20199963713e-09, 5.15115061717e-09, 1.36132074502e-08, 9.11670561266e-09, 4.7373536205e-09, 8.08388644913e-09, 4.14736156529e-09, 2.57898458145e-09, 3.93315424674e-09, 1.40290445927e-09, 6.74575950654e-09, 3.22200510716e-09, 3.29955263112e-09, 3.79654574445e-09, 9.03217334258e-10, 2.07335859592e-09, 4.03633260149e-09, 2.05558037258e-09, 1.51161860806e-09, 2.89096968586e-09, 3.00972113898e-09, 1.85124959806e-09, 1.39440448077e-09, 3.32538641068e-09, 1.84361381717e-09, 1.48276235734e-09, 1.45266643159e-09, 3.12021120052e-09, 1.89098536829e-09, 1.1680342249e-09, 1.99574423654e-09, 1.79699433112e-09, 1.92033855484e-09, 1.35474143015e-09, 2.78285416933e-09, 1.41523015529e-09, 1.50690315781e-09, 1.79318637716e-09, 2.48979148409e-09, 1.31861699337e-09, 1.92608951011e-09, 2.05046979396e-09, 1.64328028962e-09, 1.93318783204e-09, 1.5343305515e-09, 1.35693589698e-09, 1.85450266255e-09, 1.98776151095e-09, 1.95191551811e-09, 1.55617385644e-09, 1.36500699632e-09, 9.95114768365e-10, 1.0548587559e-09, 1.34726774181e-09, 1.38865985377e-09, 9.05052532918e-10, 1.08720965564e-09, 9.62059210075e-10, 7.21318615948e-10, 8.67425187234e-10, 8.93146834269e-10, 8.37071412185e-10, 5.70670788402e-10, 8.60540597114e-11, 1.08739812944e-13, 1.39655390659e-13, 1.22775609666e-13, 8.93668480688e-14, 8.30963715805e-14, 1.18580695935e-13, 1.00494286016e-13, 9.93472407747e-14, 7.31367277938e-14, 9.03455912513e-14, 1.3173567326e-13, 9.94807331672e-14],
        "stdev": [8.09078755992e-07, 8.05523268355e-06, 1.84490509127e-05, 3.71834976249e-05, 8.390063158e-05, 8.36066828924e-05, 0.000137627925142, 0.000226742718951, 0.000219070745516, 0.000272888399195, 0.000475055188872, 0.00057556538377, 0.000236257154029, 0.000247061514528, 0.000607288791798, 0.000708302890416, 0.000905261724256, 0.000874059158377, 0.00145492679439, 0.000968606735114, 0.00162037473638, 0.000654509465676, 0.000747220648918, 0.000454144959804, 0.000955340045039, 0.00163619313389, 0.000723421399016, 0.000986724509858, 0.000983917270787, 0.000604084867518, 0.000613561656792, 0.000468403333798, 0.000338825950166, 0.00051377248019, 0.000251370918704, 0.000682891637553, 0.000891922099981, 0.000387391424738, 0.00023251195671, 0.000144850971992, 0.000228887918638, 0.000226889635087, 0.00019504337979, 0.000205793403438, 0.000189067694009, 0.000172266867594, 0.000250645767665, 0.000247351737926, 0.000228808261454, 0.000485815602588, 0.000318736507325, 0.000301638618112, 0.000213221617742, 0.000199043584871, 0.000145431447891, 0.00014804393868, 7.31494947104e-05, 5.59785876248e-05, 3.08395028696e-05, 3.3044751035e-05, 2.6095272915e-05, 3.58569450327e-05, 7.88857796579e-05, 2.9929120501e-05, 2.78619518213e-05, 1.9709672415e-05, 1.57128088176e-05, 1.36015332828e-05, 8.22825586511e-06, 9.71172994468e-06, 8.68067581905e-06, 1.33740004458e-05, 8.68038659974e-06, 3.29645808961e-06, 1.85780686479e-06, 1.92880725081e-06, 2.51409937846e-06, 1.63650236118e-06, 1.04856064809e-06, 8.25844892915e-07, 8.70194639901e-07, 6.46472130938e-07, 4.81933852825e-07, 3.82213613648e-07, 4.83523649564e-07, 5.88309262639e-07, 5.05533876094e-07, 5.44788633761e-07, 3.18018408052e-07, 2.14165822854e-07, 2.14969745116e-07, 1.64560702842e-07, 1.43646261108e-07, 7.99092632064e-08, 3.54616567222e-08, 3.08749470435e-08, 1.58862825117e-08, 9.22202669784e-09, 4.76485784162e-09, 4.4200048066e-09, 3.41100769852e-09, 3.04250447059e-09, 3.1214943963e-09, 3.31853056146e-09, 3.07459457893e-09, 2.64292721042e-09, 2.86873858002e-09, 2.96584801163e-09, 2.52382825749e-09, 2.66832667073e-09, 2.32043539938e-09, 2.12765427499e-09, 1.93564719808e-09, 1.83022863531e-09, 1.48495316044e-09, 1.42817879745e-09, 1.23304200184e-09, 1.20914689372e-09, 1.18618626033e-09, 1.160985863e-09, 1.13547171665e-09, 1.11087994359e-09, 1.08908737584e-09, 1.07142239525e-09, 1.05669739625e-09, 1.04470532225e-09, 1.03517927563e-09, 1.0302448894e-09]
    },
    "mfcc": {
        "mean": [-675.870788574, 156.846405029, -68.2646026611, 5.78138923645, -19.6142501831, -7.09929418564, -14.3875818253, -4.48355484009, -5.64802789688, -5.09662389755, -8.46974849701, -6.20357751846, -0.718371152878],
        "cov": [[2796.8359375, -344.827880859, -1166.71191406, 398.501464844, -84.6583328247, 149.904190063, -186.933288574, 14.9286775589, -97.2284698486, 196.117294312, 42.396396637, 52.9933700562, 28.4799365997], [-344.827880859, 488.835845947, 265.3956604, -241.322006226, -103.522659302, -60.0064849854, 148.404281616, 45.6824836731, 28.3820724487, -83.9791488647, 2.4175491333, -29.5099830627, -11.5194664001], [-1166.71191406, 265.3956604, 742.401489258, -171.998962402, -24.9190101624, -40.647693634, 93.4253540039, 30.1227455139, 20.2135982513, -98.7585601807, -29.0726261139, -32.9001235962, -30.9544448853], [398.501464844, -241.322006226, -171.998962402, 360.322998047, 195.378616333, -2.56259608269, -165.350845337, -59.9303779602, -27.7649440765, 68.3980102539, -8.16798496246, 11.9308624268, 17.6063671112], [-84.6583328247, -103.522659302, -24.9190101624, 195.378616333, 254.231369019, -8.7863368988, -110.147476196, -61.5732307434, -9.99400234222, 33.6917228699, -12.6489105225, 6.74706268311, 23.2504291534], [149.904190063, -60.0064849854, -40.647693634, -2.56259608269, -8.7863368988, 132.865249634, 60.615272522, 15.306139946, -14.4205417633, 7.82335472107, 7.7638425827, 4.65506458282, -3.74258065224], [-186.933288574, 148.404281616, 93.4253540039, -165.350845337, -110.147476196, 60.615272522, 236.609527588, 83.3638763428, 14.8237266541, -39.4565010071, -4.12725162506, -7.05947256088, -7.17279291153], [14.9286775589, 45.6824836731, 30.1227455139, -59.9303779602, -61.5732307434, 15.306139946, 83.3638763428, 104.817619324, 29.0709095001, -9.95739364624, -1.41629898548, -7.68497276306, 3.93435955048], [-97.2284698486, 28.3820724487, 20.2135982513, -27.7649440765, -9.99400234222, -14.4205417633, 14.8237266541, 29.0709095001, 77.1122512817, 20.6468067169, 10.3298377991, 6.40945386887, 2.57534694672], [196.117294312, -83.9791488647, -98.7585601807, 68.3980102539, 33.6917228699, 7.82335472107, -39.4565010071, -9.95739364624, 20.6468067169, 98.4759292603, 30.3368854523, 17.3953266144, 5.04585170746], [42.396396637, 2.4175491333, -29.0726261139, -8.16798496246, -12.6489105225, 7.7638425827, -4.12725162506, -1.41629898548, 10.3298377991, 30.3368854523, 66.3014602661, 20.2597846985, 2.30976700783], [52.9933700562, -29.5099830627, -32.9001235962, 11.9308624268, 6.74706268311, 4.65506458282, -7.05947256088, -7.68497276306, 6.40945386887, 17.3953266144, 20.2597846985, 60.2488937378, 23.6517124176], [28.4799365997, -11.5194664001, -30.9544448853, 17.6063671112, 23.2504291534, -3.74258065224, -7.17279291153, 3.93435955048, 2.57534694672, 5.04585170746, 2.30976700783, 23.6517124176, 60.2837181091]],
        "icov": [[0.00588114792481, -0.00640024384484, 0.00806043483317, -0.00746618257836, 0.0083225518465, -0.00808492302895, 0.00725825224072, -0.0072097312659, 0.00717652915046, -0.00630051875487, 0.00484770862386, -0.0039823660627, 0.00153780984692], [-0.00640024384484, 0.0113904932514, -0.0093836709857, 0.00979072786868, -0.00963389966637, 0.0114348325878, -0.010157905519, 0.00854539964348, -0.00838204659522, 0.00845527369529, -0.00717064086348, 0.00598187372088, -0.00224014231935], [0.00806043483317, -0.0093836709857, 0.0129709672183, -0.00962470844388, 0.010551369749, -0.0108496313915, 0.00987576041371, -0.0101175336167, 0.00943623948842, -0.00745786353946, 0.00690644606948, -0.00556436926126, 0.00310211908072], [-0.00746618257836, 0.00979072786868, -0.00962470844388, 0.0173035580665, -0.0148931620643, 0.0105304960161, -0.0070012267679, 0.00761786988005, -0.0070407949388, 0.00602828199044, -0.00516217807308, 0.00502142356709, -0.00150609831326], [0.0083225518465, -0.00963389966637, 0.010551369749, -0.0148931620643, 0.0200308375061, -0.0124651528895, 0.0109373712912, -0.00717045320198, 0.00865783635527, -0.0094949780032, 0.008141878061, -0.00488089583814, -0.000707364757545], [-0.00808492302895, 0.0114348325878, -0.0108496313915, 0.0105304960161, -0.0124651528895, 0.0226268265396, -0.0151751320809, 0.00996027141809, -0.00748684583232, 0.00840500276536, -0.00882577802986, 0.00562661094591, -0.00113831681665], [0.00725825224072, -0.010157905519, 0.00987576041371, -0.0070012267679, 0.0109373712912, -0.0151751320809, 0.0196572095156, -0.0142690306529, 0.00945846829563, -0.00787839014083, 0.0080149397254, -0.00650015519932, 0.00235390313901], [-0.0072097312659, 0.00854539964348, -0.0101175336167, 0.00761786988005, -0.00717045320198, 0.00996027141809, -0.0142690306529, 0.0254157930613, -0.0147190541029, 0.00846508797258, -0.00603663921356, 0.00840818602592, -0.00550093222409], [0.00717652915046, -0.00838204659522, 0.00943623948842, -0.0070407949388, 0.00865783635527, -0.00748684583232, 0.00945846829563, -0.0147190541029, 0.0268679540604, -0.0134780639783, 0.00582032604143, -0.00701551139355, 0.00270134280436], [-0.00630051875487, 0.00845527369529, -0.00745786353946, 0.00602828199044, -0.0094949780032, 0.00840500276536, -0.00787839014083, 0.00846508797258, -0.0134780639783, 0.0244665760547, -0.0121227875352, 0.00373930041678, -0.000778513203841], [0.00484770862386, -0.00717064086348, 0.00690644606948, -0.00516217807308, 0.008141878061, -0.00882577802986, 0.0080149397254, -0.00603663921356, 0.00582032604143, -0.0121227875352, 0.0250852033496, -0.00963292270899, 0.00263734650798], [-0.0039823660627, 0.00598187372088, -0.00556436926126, 0.00502142356709, -0.00488089583814, 0.00562661094591, -0.00650015519932, 0.00840818602592, -0.00701551139355, 0.00373930041678, -0.00963292270899, 0.0264067333192, -0.0103942630813], [0.00153780984692, -0.00224014231935, 0.00310211908072, -0.00150609831326, -0.000707364757545, -0.00113831681665, 0.00235390313901, -0.00550093222409, 0.00270134280436, -0.000778513203841, 0.00263734650798, -0.0103942630813, 0.0222344305366]]
    },
    "spectral_contrast_coeffs": {
        "max": [-0.443207502365, -0.458475321531, -0.454085707664, -0.556010603905, -0.604802250862, -0.601323068142],
        "mean": [-0.666735172272, -0.714243471622, -0.707585036755, -0.737230718136, -0.76586741209, -0.7378013134],
        "min": [-0.889101982117, -0.926720023155, -0.899662852287, -0.890447735786, -0.915821909904, -0.904236972332],
        "stdev": [0.0673461779952, 0.0788393169641, 0.0790102109313, 0.0636390969157, 0.0493684634566, 0.050756752491]
    },
    "spectral_contrast_valleys": {
        "max": [-6.21323776245, -4.98137331009, -5.37237453461, -5.59277915955, -6.0685172081, -9.97572803497],
        "mean": [-7.9245057106, -6.69739818573, -7.10085773468, -7.39131593704, -7.80213546753, -11.6117753983],
        "min": [-9.81112480164, -9.50726222992, -10.490064621, -10.5840501785, -10.4751186371, -12.1096420288],
        "stdev": [0.573768615723, 0.539997279644, 0.640825033188, 0.72604060173, 0.7461810112, 0.202146276832]
    }
},
"rhythm": {
    "beats_count": 52,
    "beats_loudness": {
        "max": 0.0547396726906,
        "mean": 0.0270844995975,
        "min": 0.00179676839616,
        "stdev": 0.0108051076531
    },
    "bpm": 96.7408676147,
    "bpm_histogram_first_peak_bpm": 98,
    "bpm_histogram_first_peak_weight": 0.465116262436,
    "bpm_histogram_second_peak_bpm": 92,
    "bpm_histogram_second_peak_spread": 0,
    "bpm_histogram_second_peak_weight": 0.0784313753247,
    "danceability": 1.09853184223,
    "onset_rate": 1.99951159954,
    "beats_loudness_band_ratio": {
        "max": [0.502254903316, 0.642671108246, 0.920420050621, 0.863862812519, 0.717865347862, 0.0707460716367],
        "mean": [0.0527543462813, 0.108951017261, 0.337502896786, 0.325532436371, 0.20130084455, 0.0195671785623],
        "min": [0.00153295102064, 0.00909374374896, 0.0705770030618, 0.0232922770083, 0.00685011968017, 0.000643570790999],
        "stdev": [0.0868695229292, 0.132275283337, 0.209543243051, 0.209081038833, 0.195968165994, 0.0172537751496]
    },
    "beats_position": [0.568888902664, 1.14938771725, 1.71827661991, 2.28716540337, 2.85605430603, 3.45977306366, 4.06349182129, 4.66721057892, 5.27092981339, 5.87464857101, 6.48997735977, 7.10530614853, 7.75546455383, 8.38240337372, 9.0093421936, 9.64789104462, 10.2980499268, 10.9249887466, 11.5635375977, 12.1904764175, 12.8174142838, 13.4443531036, 14.0712919235, 14.6982307434, 15.3135595322, 15.9288883209, 16.5442180634, 17.1479358673, 17.7632656097, 18.3669834137, 18.9823131561, 19.5976409912, 20.2013607025, 20.8166885376, 21.43201828, 22.035736084, 22.6394557953, 23.2547836304, 23.8701133728, 24.497051239, 25.1356010437, 25.774148941, 26.4126987457, 27.0512466431, 27.6897945404, 28.3399543762, 29.0017223358, 29.6402721405, 30.2788200378, 30.9057598114, 31.5326976776, 32.1480255127],
