{
"metadata": {
    "version": {
        "essentia": "2.1-beta5",
        "essentia_git_sha": "Undefined",
        "extractor": "music 2.0"
    },
    "audio_properties": {
        "analysis": {
            "equal_loudness": 0,
            "length": 48.7502937317,
            "sample_rate": 44100,
            "start_time": 12.7477550507,
            "downmix": "mix"
        },
        "bit_rate": 192000,
        "length": 144.010162354,
        "lossless": 0,
        "number_channels": 2,
        "replay_gain": -4.33843612671,
        "sample_rate": 44100,
        "codec": "mp3",
        "md5_encoded": "7f69b96ae68fab24ac77b18108512f0a"
    },
    "tags": {
        "file_name": "Netherlands_De Tijd_Saskia and Serge.mp3",
        "encoding": ["Lavf58.29.100"]
    }
},
"lowlevel": {
    "average_loudness": 0.813424348831,
    "barkbands_crest": {
        "max": 26.8109645844,
        "mean": 11.8874225616,
        "min": 3.4853413105,
        "stdev": 5.00521183014
    },
    "barkbands_flatness_db": {
        "max": 0.430707722902,
        "mean": 0.19165609777,
        "min": 0.0635428875685,
        "stdev": 0.0520317107439
    },
    "barkbands_kurtosis": {
        "max": 258.036773682,
        "mean": 3.90836167336,
        "min": -1.90726363659,
        "stdev": 14.5815439224
    },
    "barkbands_skewness": {
        "max": 11.9800653458,
        "mean": 0.713330864906,
        "min": -15.7409906387,
        "stdev": 1.6939855814
    },
    "barkbands_spread": {
        "max": 75.8584823608,
        "mean": 14.4599227905,
        "min": 0.400253236294,
        "stdev": 9.56423664093
    },
    "dissonance": {
        "max": 0.499127268791,
        "mean": 0.435468196869,
        "min": 0.24195317924,
        "stdev": 0.0436193645
    },
    "dynamic_complexity": 4.22505569458,
    "erbbands_crest": {
        "max": 32.8614196777,
        "mean": 14.0598211288,
        "min": 3.60996699333,
        "stdev": 6.43144750595
    },
    "erbbands_flatness_db": {
        "max": 0.505555570126,
        "mean": 0.244264125824,
        "min": 0.121133722365,
        "stdev": 0.0580336824059
    },
    "erbbands_kurtosis": {
        "max": 213.979888916,
        "mean": 4.50688743591,
        "min": -1.85522353649,
        "stdev": 20.2155323029
    },
    "erbbands_skewness": {
        "max": 7.11259222031,
        "mean": 0.0489082448184,
        "min": -10.7139911652,
        "stdev": 1.72362315655
    },
    "erbbands_spread": {
        "max": 93.0037689209,
        "mean": 22.14112854,
        "min": 0.352322667837,
        "stdev": 12.2074785233
    },
    "hfc": {
        "max": 178.4949646,
        "mean": 16.0310249329,
        "min": 0.104306921363,
        "stdev": 20.096496582
    },
    "loudness_ebu128": {
        "integrated": -20.9540405273,
        "loudness_range": 7.07802963257,
        "momentary": {
            "max": -13.2240304947,
            "mean": -23.0653343201,
            "min": -36.7607727051,
            "stdev": 4.62990474701
        },
        "short_term": {
            "max": -16.8116188049,
            "mean": -22.0229225159,
            "min": -35.485206604,
            "stdev": 3.12383365631
        }
    },
    "melbands_crest": {
        "max": 34.2548179626,
        "mean": 14.2782039642,
        "min": 4.30172586441,
        "stdev": 5.41774702072
    },
    "melbands_flatness_db": {
        "max": 0.478808224201,
        "mean": 0.235867753625,
        "min": 0.0701440349221,
        "stdev": 0.0522160828114
    },
    "melbands_kurtosis": {
        "max": 181.106689453,
        "mean": 4.76981163025,
        "min": -1.85828948021,
        "stdev": 10.4721488953
    },
    "melbands_skewness": {
        "max": 9.09676456451,
        "mean": 1.24812996387,
        "min": -8.11803817749,
        "stdev": 1.39558017254
    },
    "melbands_spread": {
        "max": 168.574111938,
        "mean": 22.8671417236,
        "min": 0.548008143902,
        "stdev": 18.0978813171
    },
    "pitch_salience": {
        "max": 0.840637266636,
        "mean": 0.518703758717,
        "min": 0.0655622407794,
        "stdev": 0.126137658954
    },
    "silence_rate_20dB": {
        "max": 1,
        "mean": 1,
        "min": 1,
        "stdev": 0
    },
    "silence_rate_30dB": {
        "max": 1,
        "mean": 1,
        "min": 1,
        "stdev": 0
    },
    "silence_rate_60dB": {
        "max": 1,
        "mean": 0.203712522984,
        "min": 0,
        "stdev": 0.402761697769
    },
    "spectral_centroid": {
        "max": 4464.27734375,
        "mean": 1224.15246582,
        "min": 364.867553711,
        "stdev": 568.434204102
    },
    "spectral_complexity": {
        "max": 31,
        "mean": 11.8733940125,
        "min": 0,
        "stdev": 5.21386003494
    },
    "spectral_decrease": {
        "max": -3.48469100797e-11,
        "mean": -3.68771280179e-09,
        "min": -2.37031976269e-08,
        "stdev": 3.23785420697e-09
    },
    "spectral_energy": {
        "max": 0.0953358486295,
        "mean": 0.0153723387048,
        "min": 0.000140981646837,
        "stdev": 0.0136794820428
    },
    "spectral_energyband_high": {
        "max": 0.00688034901395,
        "mean": 0.000113970527309,
        "min": 1.22274582282e-06,
        "stdev": 0.000558597967029
    },
    "spectral_energyband_low": {
        "max": 0.00548567809165,
        "mean": 0.000300740794046,
        "min": 3.02184457723e-06,
        "stdev": 0.000437408307334
    },
    "spectral_energyband_middle_high": {
        "max": 0.0738785639405,
        "mean": 0.00599233713001,
        "min": 3.00534884445e-05,
        "stdev": 0.00902695395052
    },
    "spectral_energyband_middle_low": {
        "max": 0.0855438262224,
        "mean": 0.00916740391403,
        "min": 9.05504421098e-05,
        "stdev": 0.00915437471122
    },
    "spectral_entropy": {
        "max": 8.21435260773,
        "mean": 6.89410018921,
        "min": 4.49292182922,
        "stdev": 0.490702629089
    },
    "spectral_flux": {
        "max": 0.245411038399,
        "mean": 0.0563829019666,
        "min": 0.00568589987233,
        "stdev": 0.0408089198172
    },
    "spectral_kurtosis": {
        "max": 63.5764160156,
        "mean": 10.8454456329,
        "min": -1.1575833559,
        "stdev": 5.91975593567
    },
    "spectral_rms": {
        "max": 0.00964419916272,
        "mean": 0.00346924038604,
        "min": 0.000370867986931,
        "stdev": 0.0017209823709
    },
    "spectral_rolloff": {
        "max": 7321.2890625,
        "mean": 1551.56274414,
        "min": 258.3984375,
        "stdev": 1022.1036377
    },
    "spectral_skewness": {
        "max": 5.85642337799,
        "mean": 2.20553731918,
        "min": -0.360252737999,
        "stdev": 0.686924636364
    },
    "spectral_spread": {
        "max": 20538080,
        "mean": 2932214.5,
        "min": 1012303,
        "stdev": 987138.8125
    },
    "spectral_strongpeak": {
        "max": 27.4972667694,
        "mean": 2.06198191643,
        "min": 0.00773312151432,
        "stdev": 3.05764126778
    },
    "zerocrossingrate": {
        "max": 0.2314453125,
        "mean": 0.0544088482857,
        "min": 0.00927734375,
        "stdev": 0.0280430652201
    },
    "barkbands": {
        "max": [1.04736245703e-05, 0.00094111636281, 0.00405290536582, 0.00637876009569, 0.0147202238441, 0.0317306220531, 0.0852788612247, 0.0769765675068, 0.0366331338882, 0.0109900385141, 0.0307778306305, 0.0150238117203, 0.0260992646217, 0.047736953944, 0.0171342454851, 0.0256355255842, 0.0736484900117, 0.01341119688, 0.00285869068466, 0.00119838118553, 0.0018483735621, 0.00535859214142, 0.00206630676985, 0.000633587944321, 8.72398686624e-06, 1.50750327066e-06, 1.03051171152e-07],
        "mean": [7.23173911865e-07, 3.61180136679e-05, 0.000148113860632, 0.000349279522197, 0.00102440360934, 0.00201056967489, 0.00145058217458, 0.00151034200098, 0.00263498374261, 0.000434215966379, 0.000673279049806, 0.000318864360452, 0.00078561558621, 0.00103664561175, 0.000336923199939, 0.000374909897801, 0.00157615111675, 0.000366367748939, 0.000169765407918, 2.80360800389e-05, 1.79344515345e-05, 5.35006329301e-05, 2.73582754744e-05, 5.65790332985e-06, 1.05006711237e-06, 9.62811782301e-07, 8.21351164859e-09],
        "min": [9.30707066971e-10, 3.01761872379e-07, 5.71651582959e-07, 7.55400037633e-07, 4.60078126707e-06, 2.8831104828e-06, 1.158727855e-06, 7.35955040909e-07, 1.75471700459e-06, 1.38713676279e-06, 6.79202230458e-07, 3.81578729503e-07, 5.15224144237e-07, 5.17024943747e-07, 2.97604088928e-07, 6.45544673716e-07, 3.23741602415e-07, 2.64908948111e-07, 2.2944493594e-07, 2.10407762324e-07, 1.83850545454e-07, 1.42714370099e-07, 1.82263050874e-07, 1.41191890179e-07, 1.36278330842e-07, 1.10264039677e-07, 9.87565723642e-11],
        "stdev": [7.74144268689e-07, 6.84013284626e-05, 0.000262844347162, 0.000584784662351, 0.00156101456378, 0.00358817889355, 0.00556342676282, 0.00448470655829, 0.00479827169329, 0.000937615346629, 0.00203671841882, 0.00121611962095, 0.00220368849114, 0.003871855326, 0.0011798904743, 0.00123583665118, 0.00685569830239, 0.000826603791211, 0.000270320626441, 7.96892200015e-05, 0.000100552410004, 0.000326095527271, 0.000157818940352, 2.98621998809e-05, 3.58347080009e-07, 1.45114256611e-07, 5.75511727163e-09]
    },
    "erbbands": {
        "max": [0.00472393119708, 0.343274444342, 4.16169548035, 10.8485784531, 25.1938838959, 48.5565872192, 156.911392212, 375.635681152, 1298.69885254, 736.766784668, 2124.09155273, 1021.96594238, 549.096008301, 468.46005249, 1145.43505859, 669.030517578, 796.670288086, 2776.90527344, 1146.86914062, 1450.49938965, 1173.86743164, 3521.81591797, 701.571350098, 275.206542969, 77.0191879272, 38.4826698303, 48.1487846375, 121.708229065, 231.636566162, 94.2736129761, 72.6275634766, 29.5637111664, 2.87433075905, 0.218247026205, 0.0173693150282, 0.00908716861159, 0.00287215295248, 0.000279862259049, 6.22559164185e-05, 0.000109998189146],
        "mean": [0.000364628212992, 0.0132287312299, 0.152315929532, 0.649058222771, 2.48708987236, 3.10202503204, 9.9726190567, 16.9855899811, 21.266204834, 24.6400375366, 38.3608016968, 71.2142486572, 19.5115871429, 16.2602844238, 26.0225963593, 16.84375, 35.1215286255, 59.1310577393, 25.669467926, 18.8426570892, 40.8492774963, 73.1240997314, 22.1872062683, 14.2443962097, 5.27433872223, 1.45275163651, 0.518890976906, 1.15864253044, 1.90522933006, 1.24936664104, 0.770635187626, 0.268820524216, 0.0401900261641, 0.012104049325, 0.00787543784827, 0.00475135073066, 0.00177735753823, 0.0001469302224, 1.19037167678e-05, 1.89302445506e-05],
        "min": [1.4905516764e-05, 0.000128124011098, 0.000923483574297, 0.00195176049601, 0.0083748716861, 0.0258760880679, 0.0410915948451, 0.0310812275857, 0.0475823506713, 0.05676632002, 0.0690080523491, 0.0707542821765, 0.0418735891581, 0.0701796635985, 0.051806692034, 0.0497298762202, 0.0495251081884, 0.0489986762404, 0.0537297800183, 0.0293154716492, 0.0418569967151, 0.0230394080281, 0.0272724609822, 0.0209720712155, 0.0131125301123, 0.0108065502718, 0.00857198238373, 0.00943229999393, 0.00569158932194, 0.003312692279, 0.00615315558389, 0.00363536225632, 0.00205575441942, 0.00119025364984, 0.00121160584968, 0.000525671290234, 0.000184374468517, 5.7581873989e-05, 2.2470796921e-06, 3.30073277155e-07],
        "stdev": [0.000406206730986, 0.0255828928202, 0.277415275574, 0.986045002937, 3.1314907074, 4.97618436813, 19.2493743896, 31.5876064301, 81.6617736816, 58.6536560059, 112.859596252, 130.664352417, 46.9335670471, 35.0445365906, 78.7693023682, 54.4589004517, 85.2107849121, 220.498840332, 75.3456573486, 73.4199752808, 125.75629425, 310.268493652, 46.4111099243, 24.3719158173, 8.62652206421, 3.37344503403, 2.10589766502, 7.05720806122, 12.580956459, 6.25561952591, 4.90117740631, 1.63209545612, 0.150414556265, 0.0112453596666, 0.00158433720935, 0.000858025974594, 0.000303490902297, 2.61221248365e-05, 8.53620349517e-06, 1.70620296558e-05]
    },
    "gfcc": {
        "mean": [-78.3587341309, 111.192886353, -150.752655029, -1.62386190891, -58.8010749817, -12.3918170929, -52.7313194275, 1.2164965868, -26.8432922363, -7.56312942505, -20.5161800385, -0.439921915531, -21.7677555084],
        "cov": [[2056.57421875, 162.978530884, -955.834411621, -6.97836017609, -48.2005882263, -355.303466797, 90.8064422607, -165.460861206, 245.586975098, -147.464569092, 176.207855225, -126.016326904, -172.293212891], [162.978530884, 414.5675354, 99.533996582, -249.171569824, 9.89334583282, -64.9402160645, 86.074760437, 81.123046875, -72.2422943115, 20.8415641785, 6.21549510956, -91.3014526367, -21.3540534973], [-955.834411621, 99.533996582, 736.109985352, 21.4939994812, -94.838142395, 184.991668701, -0.148775860667, 77.6452713013, -110.217178345, 46.0748252869, -124.354148865, 33.6431388855, 98.0982589722], [-6.97836017609, -249.171569824, 21.4939994812, 381.93649292, 49.1464042664, 32.8409423828, -123.249465942, -92.3236312866, 91.5579833984, -49.1310043335, -57.0055427551, 85.6191101074, 45.3800544739], [-48.2005882263, 9.89334583282, -94.838142395, 49.1464042664, 331.943237305, -23.5867862701, -127.91456604, 38.5538063049, 26.8842716217, 5.14778804779, -7.86441516876, 41.5402603149, 29.2228889465], [-355.303466797, -64.9402160645, 184.991668701, 32.8409423828, -23.5867862701, 245.297332764, 65.3617401123, -24.3278961182, -52.7816352844, 63.9564437866, -29.4501018524, -14.3131217957, -9.72588634491], [90.8064422607, 86.074760437, -0.148775860667, -123.249465942, -127.91456604, 65.3617401123, 250.728988647, 58.8364448547, -73.6559295654, 25.1333312988, 20.5373134613, -87.5921936035, -48.2526855469], [-165.460861206, 81.123046875, 77.6452713013, -92.3236312866, 38.5538063049, -24.3278961182, 58.8364448547, 157.156921387, 6.82721233368, 4.54417991638, -25.8388881683, -5.7381196022, 24.3337459564], [245.586975098, -72.2422943115, -110.217178345, 91.5579833984, 26.8842716217, -52.7816352844, -73.6559295654, 6.82721233368, 237.544692993, 0.913647890091, -26.0928287506, 32.1675567627, -2.0127863884], [-147.464569092, 20.8415641785, 46.0748252869, -49.1310043335, 5.14778804779, 63.9564437866, 25.1333312988, 4.54417991638, 0.913647890091, 129.830596924, 18.0833950043, -47.4791412354, -31.3859443665], [176.207855225, 6.21549510956, -124.354148865, -57.0055427551, -7.86441516876, -29.4501018524, 20.5373134613, -25.8388881683, -26.0928287506, 18.0833950043, 135.868728638, 23.6169624329, -48.5141487122], [-126.016326904, -91.3014526367, 33.6431388855, 85.6191101074, 41.5402603149, -14.3131217957, -87.5921936035, -5.7381196022, 32.1675567627, -47.4791412354, 23.6169624329, 182.043655396, 78.2715911865], [-172.293212891, -21.3540534973, 98.0982589722, 45.3800544739, 29.2228889465, -9.72588634491, -48.2526855469, 24.3337459564, -2.0127863884, -31.3859443665, -48.5141487122, 78.2715911865, 128.363128662]],
        "icov": [[0.0219706371427, -0.0261488072574, 0.022989012301, -0.0152218556032, 0.00587767641991, 0.00379270059057, -0.012952093035, 0.0192535221577, -0.0222311895341, 0.0206182282418, -0.0171905420721, 0.0124608008191, -0.00601963512599], [-0.0261488072574, 0.038055729121, -0.0309183094651, 0.0226197671145, -0.0107221705839, -0.000100493707578, 0.0114614944905, -0.018994178623, 0.0249275434762, -0.0232448987663, 0.0200967937708, -0.0128056602553, 0.00731861405075], [0.022989012301, -0.0309183094651, 0.0295667722821, -0.0187638327479, 0.0106152370572, -0.000796300999355, -0.00862352270633, 0.0142687084153, -0.0200491175056, 0.0193471126258, -0.0156233506277, 0.0112063400447, -0.00699434662238], [-0.0152218556032, 0.0226197671145, -0.0187638327479, 0.0184002760798, -0.00756847206503, -0.000381695164833, 0.00617691827938, -0.00710479309782, 0.0124749923125, -0.0119220800698, 0.0135101210326, -0.00885574519634, 0.00431590806693], [0.00587767641991, -0.0107221705839, 0.0106152370572, -0.00756847206503, 0.00994842126966, -0.00372614827938, 0.0041475193575, -0.00278692273423, -0.00291407085024, 0.00351804448292, -0.00419103447348, 0.00250853667967, -0.00209010951221], [0.00379270059057, -0.000100493707578, -0.000796300999355, -0.000381695164833, -0.00372614827938, 0.012500628829, -0.0101033570245, 0.0107861887664, -0.0045333285816, 0.000671317277011, -0.000326159206452, 0.000655695272144, 0.00134020880796], [-0.012952093035, 0.0114614944905, -0.00862352270633, 0.00617691827938, 0.0041475193575, -0.0101033570245, 0.0221491977572, -0.0222303196788, 0.016943378374, -0.0121588716283, 0.00832227803767, -0.00493704853579, 0.00320760742761], [0.0192535221577, -0.018994178623, 0.0142687084153, -0.00710479309782, -0.00278692273423, 0.0107861887664, -0.0222303196788, 0.0355772413313, -0.0244086571038, 0.0191777423024, -0.0128246629611, 0.00996273104101, -0.00597460009158], [-0.0222311895341, 0.0249275434762, -0.0200491175056, 0.0124749923125, -0.00291407085024, -0.0045333285816, 0.016943378374, -0.0244086571038, 0.0304974168539, -0.0242308340967, 0.0209854654968, -0.0154066123068, 0.0084147406742], [0.0206182282418, -0.0232448987663, 0.0193471126258, -0.0119220800698, 0.00351804448292, 0.000671317277011, -0.0121588716283, 0.0191777423024, -0.0242308340967, 0.0324699580669, -0.0214554462582, 0.0170498639345, -0.00666556088254], [-0.0171905420721, 0.0200967937708, -0.0156233506277, 0.0135101210326, -0.00419103447348, -0.000326159206452, 0.00832227803767, -0.0128246629611, 0.0209854654968, -0.0214554462582, 0.0308239609003, -0.0194368232042, 0.0125067308545], [0.0124608008191, -0.0128056602553, 0.0112063400447, -0.00885574519634, 0.00250853667967, 0.000655695272144, -0.00493704853579, 0.00996273104101, -0.0154066123068, 0.0170498639345, -0.0194368232042, 0.0220430493355, -0.0119642233476], [-0.00601963512599, 0.00731861405075, -0.00699434662238, 0.00431590806693, -0.00209010951221, 0.00134020880796, 0.00320760742761, -0.00597460009158, 0.0084147406742, -0.00666556088254, 0.0125067308545, -0.0119642233476, 0.018187738955]]
    },
    "melbands": {
        "max": [0.00013037926692, 0.00149334559683, 0.00202589202672, 0.00216704700142, 0.00423545297235, 0.00736228283495, 0.0198588538915, 0.00770128471777, 0.0164496544749, 0.00556408287957, 0.00267952214926, 0.00173272972461, 0.00501639815047, 0.00231310492381, 0.00154464645311, 0.0032405925449, 0.00532213551924, 0.0022658884991, 0.00150006951299, 0.00242506363429, 0.00225935154594, 0.00535036064684, 0.00115960882977, 0.000367464614101, 0.000231873855228, 9.15640266612e-05, 7.70340993768e-05, 3.074983033e-05, 2.25648527703e-05, 4.61206982436e-05, 9.77590316324e-05, 0.000173646665644, 9.4101895229e-05, 4.93992884003e-05, 5.12063925271e-05, 3.6294637539e-05, 1.42286626215e-05, 1.71024714746e-06, 2.58747661519e-07, 1.18871959387e-07],
        "mean": [5.98938595431e-06, 5.89635019423e-05, 0.000172532410943, 0.000199372676434, 0.000311299430905, 0.000382815633202, 0.000320934748743, 0.000276258040685, 0.000366127904272, 0.000403071724577, 7.9434903455e-05, 5.93716322328e-05, 9.5538685855e-05, 4.33000532212e-05, 4.94930318382e-05, 8.95061384654e-05, 0.000112945548608, 4.28321582149e-05, 2.31686444749e-05, 2.34040508076e-05, 6.38618075754e-05, 0.00010117993952, 2.37912954617e-05, 1.67357993632e-05, 1.11002473204e-05, 5.03702085553e-06, 1.91932304006e-06, 6.90427441441e-07, 2.66743199973e-07, 3.72353810008e-07, 8.04560954748e-07, 1.18214836675e-06, 8.94067341051e-07, 5.84451527175e-07, 4.61217126713e-07, 3.15348700042e-07, 1.06025396462e-07, 2.72967941584e-08, 1.12297309229e-08, 9.02991104113e-09],
        "min": [8.51529193824e-08, 4.47969512152e-07, 4.71385391165e-07, 1.30674072807e-06, 1.24197663354e-06, 5.56094903459e-07, 4.99395866882e-07, 3.91146613765e-07, 4.53443078641e-07, 2.95351327395e-07, 1.08975363844e-07, 9.38474045142e-08, 1.43948511777e-07, 5.91919118165e-08, 1.11741734088e-07, 5.60249304726e-08, 4.48926371632e-08, 7.66694725485e-08, 2.17562483584e-08, 1.93682119232e-08, 4.00192909922e-08, 2.22316316467e-08, 2.64214889967e-08, 1.04203996543e-08, 8.89399842663e-09, 6.26458573905e-09, 4.1567407294e-09, 3.87122556234e-09, 2.30047092487e-09, 3.47605477735e-09, 5.40863531739e-09, 2.7914117684e-09, 2.10412265389e-09, 1.69865310706e-09, 3.45967876569e-09, 3.26450866339e-09, 1.88173765459e-09, 1.38465772181e-09, 1.30725597014e-09, 8.62667159929e-10],
        "stdev": [9.75214970822e-06, 0.000100415403722, 0.000216645858018, 0.000260070082732, 0.000563089037314, 0.000686565879732, 0.00125412549824, 0.000646868604235, 0.000917123805266, 0.000749216706026, 0.000231586993323, 0.000135129710543, 0.000304213317577, 0.000154016510351, 0.000125575839775, 0.000271570665063, 0.000441238284111, 0.000138024101034, 8.23605878395e-05, 0.000100275472505, 0.000228428165428, 0.000475660781376, 7.52578998799e-05, 3.29608083121e-05, 2.01855982596e-05, 8.61067383084e-06, 4.85393047711e-06, 1.88075739516e-06, 1.04257173916e-06, 2.00295494324e-06, 5.34150376552e-06, 8.38434243633e-06, 5.20569074069e-06, 2.81044526673e-06, 2.98267013932e-06, 2.2076010282e-06, 6.11521215887e-07, 9.61393240573e-08, 1.53748267451e-08, 4.327480152e-09]
    },
    "melbands128": {
        "max": [5.2130549193e-06, 2.89057534246e-05, 9.22044346225e-05, 0.000665221479721, 0.00213429937139, 0.00174898118712, 0.00211730971932, 0.00340376305394, 0.00284284283407, 0.00375936599448, 0.00291248364374, 0.00631146971136, 0.00780051620677, 0.0128545947373, 0.0142777729779, 0.00742351356894, 0.00896496605128, 0.0383427217603, 0.0137042654678, 0.0137513559312, 0.0115188620985, 0.01738444902, 0.02849246189, 0.0114926006645, 0.0126528833061, 0.00799254979938, 0.0086646033451, 0.00409464910626, 0.00165215297602, 0.00171514472459, 0.00336834811606, 0.00361389527097, 0.010542139411, 0.00767940748483, 0.00333473295905, 0.00471915584058, 0.00353040313348, 0.00278015551157, 0.00459417607635, 0.00396362645552, 0.0075383298099, 0.0097149964422, 0.0119845252484, 0.00840610638261, 0.0054425499402, 0.00429287040606, 0.00328093906865, 0.00225854851305, 0.00380753306672, 0.00453433394432, 0.00315538770519, 0.00117399531882, 0.0012425360037, 0.00228409678675, 0.0137090208009, 0.00664516724646, 0.0014442501124, 0.00175331986975, 0.00232233619317, 0.000727742619347, 0.000595983059611, 0.000858486106154, 0.000579685089178, 0.000283790112007, 0.000235836356296, 0.000179771450348, 0.000100087389001, 7.32115586288e-05, 0.000186826786376, 4.53911015939e-05, 3.93259942939e-05, 7.51872721594e-05, 2.17581691686e-05, 2.2621721655e-05, 7.5524993008e-05, 8.43976886244e-05, 8.12521248008e-05, 7.02364268363e-05, 0.000105013554276, 0.000193515472347, 0.000300471874652, 0.000139753668918, 0.000155889472808, 0.000155984627781, 6.97294599377e-05, 4.63587821287e-05, 6.05408458796e-05, 4.695352618e-05, 7.21869873814e-05, 8.73386088642e-05, 5.36617917533e-05, 4.91456703458e-05, 1.68104852492e-05, 1.87108107639e-05, 8.91981017048e-06, 1.77684751179e-06, 1.42105670875e-06, 5.93726156239e-07, 2.60308866018e-07, 2.65464706217e-07, 2.60247730921e-07, 5.73136915705e-08, 2.63176591631e-08, 3.20141992916e-08, 2.67558633027e-08, 2.39936301938e-08, 2.64719304255e-08, 2.45307418822e-08, 2.41685711444e-08, 2.12903543684e-08, 1.91387172777e-08, 1.58142299256e-08, 1.53852894869e-08, 1.11412497006e-08, 7.86474263492e-09, 2.92220891929e-09, 1.19867427095e-09, 4.71849392891e-10, 4.424215716e-10, 4.28014901299e-10, 4.17828549537e-10, 4.07688188764e-10, 3.99146299346e-10, 3.93565485757e-10, 3.89594356776e-10, 3.82707254776e-10, 3.81430026453e-10, 3.78339776175e-10],
        "mean": [5.10697418576e-07, 1.5985817754e-06, 3.38564836966e-06, 2.30581263168e-05, 6.87381761963e-05, 6.94807749824e-05, 0.000102026140667, 0.00020853933529, 0.00028283733991, 0.00019217938825, 0.000142315417179, 0.000199790199986, 0.000290524127195, 0.00055451184744, 0.000419352058088, 0.000282081775367, 0.000272048724582, 0.000418570329202, 0.000248654017923, 0.000266265269602, 0.00029961465043, 0.000248291384196, 0.000312762043905, 0.00050067238044, 0.000740254647098, 0.000180332252057, 0.000111262866994, 8.44079768285e-05, 3.95532733819e-05, 5.64018955629e-05, 5.68281357118e-05, 8.11610225355e-05, 0.000133495501359, 8.23758527986e-05, 2.57428073382e-05, 4.51880441688e-05, 4.85762648168e-05, 1.97268618649e-05, 8.16044776002e-05, 7.77058376116e-05, 8.47997507663e-05, 0.000111176377686, 0.000141917611472, 0.000104761384137, 4.81326860609e-05, 3.43504434568e-05, 3.31818519044e-05, 1.58434777404e-05, 2.00176582439e-05, 3.39948528563e-05, 2.07303601201e-05, 1.81783161679e-05, 2.20838610403e-05, 4.23887140641e-05, 0.000245360832196, 8.76056219568e-05, 1.75343575393e-05, 3.4707456507e-05, 2.120105637e-05, 1.35604213938e-05, 1.84131822607e-05, 1.75212971953e-05, 1.31006117954e-05, 9.13346866582e-06, 7.89544355939e-06, 4.82983614347e-06, 3.65132245861e-06, 2.48952619586e-06, 1.43504917105e-06, 1.30532589537e-06, 6.37303173789e-07, 4.90640445605e-07, 2.61492516529e-07, 2.08403648116e-07, 2.70320242635e-07, 3.29405395405e-07, 4.37391122432e-07, 4.82768427901e-07, 7.87863484675e-07, 1.17902516195e-06, 1.35032507842e-06, 1.12121313123e-06, 9.52046832481e-07, 8.46474279115e-07, 9.28301574277e-07, 6.43507917175e-07, 4.68885218652e-07, 4.23981305175e-07, 4.80894868815e-07, 4.86579210701e-07, 3.84537258924e-07, 2.77090151712e-07, 1.71074631794e-07, 1.08299573753e-07, 6.26765626066e-08, 3.48057263011e-08, 2.07964436783e-08, 1.31091795197e-08, 1.11005986625e-08, 1.0274591844e-08, 9.42082944988e-09, 8.53047854577e-09, 8.91529250424e-09, 9.06069974604e-09, 8.85508377735e-09, 8.63510507543e-09, 8.62931859302e-09, 8.66304272762e-09, 8.25699242313e-09, 8.16576495311e-09, 7.40696215473e-09, 6.737324032e-09, 5.93276450189e-09, 4.79941109077e-09, 2.72335753948e-09, 9.68403801593e-10, 2.97782132286e-10, 3.25424886691e-12, 2.94636472338e-12, 2.890620035e-12, 2.83038653279e-12, 2.7847500781e-12, 2.72737973699e-12, 2.67325224457e-12, 2.65213610622e-12, 2.63175679166e-12, 2.61781785485e-12, 2.59632051101e-12],
        "min": [2.81911355371e-10, 8.47342462862e-09, 1.93350615518e-08, 6.47965734402e-08, 3.05307779058e-08, 2.28232110544e-07, 2.20928285444e-07, 2.70653771395e-07, 3.30227635459e-07, 6.72727082929e-07, 2.19915449406e-07, 8.9503913614e-08, 2.63870827411e-08, 2.85093875618e-07, 1.06162048041e-07, 7.20978334812e-08, 1.6488505139e-07, 1.45590675515e-07, 9.81025110036e-08, 1.10493651562e-07, 1.04770904841e-07, 8.0736519692e-08, 6.37566088812e-08, 8.37769960071e-08, 2.88437362883e-08, 1.38702560548e-08, 2.96103337405e-08, 2.40987851896e-08, 7.65435004269e-08, 7.96647725565e-09, 2.4390713449e-08, 3.65470214092e-08, 3.53520590579e-08, 1.71444032304e-08, 4.28900222005e-08, 2.15522550917e-08, 9.9744958959e-09, 2.00830427843e-08, 3.61648488933e-08, 4.17847516587e-08, 8.18575784933e-09, 1.41923743868e-08, 1.60082134215e-08, 2.79267062808e-08, 1.6527822666e-08, 7.16443970816e-09, 9.61837187674e-09, 5.5956848044e-09, 7.76992514773e-09, 8.00284816194e-09, 4.38109637457e-09, 1.31608839382e-08, 1.08124087461e-08, 1.7287176135e-08, 1.30396227149e-08, 6.22606721734e-09, 1.97666150115e-08, 1.29436781293e-08, 2.29210828095e-09, 1.47933543193e-09, 4.48656534147e-09, 5.16865439337e-09, 4.3590846488e-09, 3.45419182146e-09, 4.79870987391e-09, 1.94268290343e-09, 3.63907970424e-09, 2.63729083017e-09, 1.63757463145e-09, 2.21558771329e-09, 1.19905851914e-09, 1.75104919453e-09, 1.79365156061e-09, 1.53650880907e-09, 1.36333599965e-09, 2.17014917148e-09, 1.89397475481e-09, 1.83738213533e-09, 1.19204868199e-09, 2.62021027098e-09, 2.23436180669e-09, 1.7002472763e-09, 1.85308313139e-09, 1.90813009837e-09, 1.42368761225e-09, 1.49210299671e-09, 1.72167036183e-09, 2.02248640058e-09, 2.1919037696e-09, 1.71059733045e-09, 2.02281591477e-09, 1.82162396278e-09, 1.75626424515e-09, 1.72517145014e-09, 1.71577951846e-09, 1.36769928716e-09, 1.20820908833e-09, 1.60206792277e-09, 1.37482158991e-09, 1.2794335591e-09, 7.19090342827e-10, 8.47162784368e-10, 9.86421291871e-11, 4.72674788199e-10, 1.57459911776e-09, 1.49587842113e-09, 9.64835988881e-10, 1.54442636457e-09, 5.98474381164e-10, 6.04694794237e-10, 8.96715202092e-10, 6.91575741119e-10, 4.62497679043e-10, 5.72268399335e-10, 3.95415949983e-10, 6.26411700289e-11, 3.58085658564e-13, 1.84630075443e-13, 8.07195361442e-14, 1.35179465278e-13, 1.13554124599e-13, 1.30674632356e-13, 1.14749843742e-13, 8.89574126709e-14, 1.05410078994e-13, 1.17310688615e-13, 1.40238474587e-13, 1.45467324167e-13],
        "stdev": [5.30468071247e-07, 1.6891233372e-06, 4.72791589345e-06, 4.78989823023e-05, 0.000148713224917, 0.00011320408521, 0.000192250139662, 0.000334505748469, 0.00040345461457, 0.000307287788019, 0.000279697676888, 0.000534838472959, 0.000738841714337, 0.00135866168421, 0.00101832754444, 0.000637630815618, 0.00077259313548, 0.00235547288321, 0.00106256711297, 0.000849638192449, 0.000882973952685, 0.00112314044964, 0.00141717470251, 0.00112873548642, 0.00154457637109, 0.000583883957006, 0.000574119505472, 0.000284271285636, 0.000117506067909, 0.00015995328431, 0.000208265191759, 0.000295058154734, 0.000545383896679, 0.000345765176462, 0.000134541798616, 0.00025244653807, 0.000225314244744, 9.61219484452e-05, 0.000283059605863, 0.000250663841143, 0.00042728104745, 0.000588090915699, 0.000782457122114, 0.000467735226266, 0.000244802969974, 0.000188826015801, 0.000173997163074, 8.42624722281e-05, 0.000124743921333, 0.000212591054151, 0.000118427466077, 6.97309005773e-05, 8.48363997648e-05, 0.00016661103291, 0.0013104142854, 0.000441539974418, 7.7977674664e-05, 0.000132377739646, 9.89330437733e-05, 4.86412645841e-05, 4.74936605315e-05, 5.53717691218e-05, 3.64395018551e-05, 2.07863467949e-05, 1.86973229575e-05, 1.21379971461e-05, 7.84853091318e-06, 6.17584964857e-06, 8.2308488345e-06, 3.44706586475e-06, 2.06530557989e-06, 2.73135424322e-06, 9.18089824609e-07, 9.14836221e-07, 2.00100521397e-06, 2.15181307794e-06, 2.55300142271e-06, 3.22753385262e-06, 5.57002431378e-06, 9.05089291336e-06, 1.11421722977e-05, 8.03603688837e-06, 7.18533283361e-06, 5.63594358027e-06, 4.87554598294e-06, 3.17061198984e-06, 2.34317622017e-06, 2.42125975092e-06, 3.392691724e-06, 3.95067127101e-06, 2.88576120511e-06, 2.15859745367e-06, 1.00294062122e-06, 7.18119167686e-07, 3.4942152638e-07, 1.32435815203e-07, 6.21081994723e-08, 2.71840221444e-08, 1.5055690028e-08, 1.21209131621e-08, 8.88545059752e-09, 3.51855966585e-09, 3.3004012856e-09, 3.38343442152e-09, 3.06942693484e-09, 2.91831647736e-09, 2.98239788421e-09, 3.02023539511e-09, 2.7605644437e-09, 2.72971445447e-09, 2.36609509763e-09, 2.11012585183e-09, 1.83783033236e-09, 1.47856549226e-09, 8.93051632644e-10, 3.50843354369e-10, 1.76761397186e-10, 1.50302305324e-11, 1.41490074865e-11, 1.36939504874e-11, 1.33674417022e-11, 1.3047208279e-11, 1.27750266962e-11, 1.25945642804e-11, 1.24544966354e-11, 1.22439957478e-11, 1.21967679012e-11, 1.21034692685e-11]
    },
    "mfcc": {
        "mean": [-721.061096191, 153.837402344, -36.7889900208, 9.1903181076, -2.49706602097, -13.4564228058, -20.571844101, -0.62515693903, -15.9559659958, -7.81942558289, 0.373147517443, -8.88142204285, -6.49377393723],
        "cov": [[2730.52124023, -113.912536621, -978.053710938, 193.084381104, -234.528518677, -98.0261764526, -361.16784668, 96.3006439209, -365.765350342, 127.061431885, 330.051635742, -223.733596802, -163.085464478], [-113.912536621, 677.31048584, -4.5007185936, -148.652099609, -47.3354225159, -202.484069824, 191.214004517, -68.5088043213, 30.1986255646, 56.9939727783, 63.0067329407, -24.3142929077, 8.70728588104], [-978.053710938, -4.5007185936, 735.647888184, -57.0822067261, -60.439540863, 116.171844482, 89.7901077271, 1.80880689621, 147.702789307, -18.6404895782, -147.698669434, 64.0135879517, 30.4408340454], [193.084381104, -148.652099609, -57.0822067261, 204.608184814, 100.152664185, 5.74133396149, -113.256446838, 30.092792511, 13.8042860031, -45.1229019165, -36.5627479553, -17.1570110321, 0.307825297117], [-234.528518677, -47.3354225159, -60.439540863, 100.152664185, 350.678863525, 46.3926887512, -113.759536743, -12.7492923737, 60.9788970947, -73.3411254883, -78.6178512573, 38.7804031372, 33.3513641357], [-98.0261764526, -202.484069824, 116.171844482, 5.74133396149, 46.3926887512, 236.131134033, -9.05227565765, -18.1153335571, 23.0273036957, -2.65088152885, -10.9010601044, 17.2837162018, -25.5036334991], [-361.16784668, 191.214004517, 89.7901077271, -113.256446838, -113.759536743, -9.05227565765, 346.871276855, -31.5324745178, -19.9865150452, 50.5019760132, -8.63268089294, 0.492276668549, 12.2013845444], [96.3006439209, -68.5088043213, 1.80880689621, 30.092792511, -12.7492923737, -18.1153335571, -31.5324745178, 132.758148193, 13.0123662949, -40.2288818359, -11.6172561646, -6.48201656342, 32.3851661682], [-365.765350342, 30.1986255646, 147.702789307, 13.8042860031, 60.9788970947, 23.0273036957, -19.9865150452, 13.0123662949, 239.190048218, 9.10545825958, -62.8599853516, 62.1376647949, 14.824174881], [127.061431885, 56.9939727783, -18.6404895782, -45.1229019165, -73.3411254883, -2.65088152885, 50.5019760132, -40.2288818359, 9.10545825958, 172.468383789, 68.2597885132, -34.7117462158, -37.9931678772], [330.051635742, 63.0067329407, -147.698669434, -36.5627479553, -78.6178512573, -10.9010601044, -8.63268089294, -11.6172561646, -62.8599853516, 68.2597885132, 212.804977417, 3.66351318359, -43.7484970093], [-223.733596802, -24.3142929077, 64.0135879517, -17.1570110321, 38.7804031372, 17.2837162018, 0.492276668549, -6.48201656342, 62.1376647949, -34.7117462158, 3.66351318359, 175.497253418, 61.7118301392], [-163.085464478, 8.70728588104, 30.4408340454, 0.307825297117, 33.3513641357, -25.5036334991, 12.2013845444, 32.3851661682, 14.824174881, -37.9931678772, -43.7484970093, 61.7118301392, 140.575057983]],
        "icov": [[0.00457463227212, -0.00430643837899, 0.00583205139264, -0.00561252422631, 0.0064771133475, -0.00598278315738, 0.00622714264318, -0.00543253403157, 0.00536460895091, -0.0045441375114, 0.00290165282786, -0.00224041286856, 0.00250492454506], [-0.00430643837899, 0.00813713110983, -0.00612632650882, 0.00737951602787, -0.00754732545465, 0.00960670784116, -0.00773867266253, 0.0072338138707, -0.00681536830962, 0.00530405621976, -0.00533801177517, 0.00423986464739, -0.00302121043205], [0.00583205139264, -0.00612632650882, 0.00977362785488, -0.00707816239446, 0.00945944804698, -0.00934854894876, 0.0080432407558, -0.00721508916467, 0.00609337864444, -0.00582813844085, 0.00568384397775, -0.00369862909429, 0.00324306311086], [-0.00561252422631, 0.00737951602787, -0.00707816239446, 0.0149659533054, -0.00992447417229, 0.00927242450416, -0.00700906524435, 0.00659453961998, -0.00763157801703, 0.00661320937797, -0.00401392346248, 0.00461265724152, -0.00302442070097], [0.0064771133475, -0.00754732545465, 0.00945944804698, -0.00992447417229, 0.0144151505083, -0.0109878620133, 0.0103309508413, -0.00690399203449, 0.00707707414404, -0.00569478888065, 0.00643696822226, -0.00437287893146, 0.00287300022319], [-0.00598278315738, 0.00960670784116, -0.00934854894876, 0.00927242450416, -0.0109878620133, 0.0168298836797, -0.00995148718357, 0.00931669399142, -0.00833371467888, 0.00679680332541, -0.00679016159847, 0.00448601739481, -0.00252089253627], [0.00622714264318, -0.00773867266253, 0.0080432407558, -0.00700906524435, 0.0103309508413, -0.00995148718357, 0.013308390975, -0.00776440883055, 0.00854516867548, -0.00745000783354, 0.00606192229316, -0.00410515069962, 0.00312847970054], [-0.00543253403157, 0.0072338138707, -0.00721508916467, 0.00659453961998, -0.00690399203449, 0.00931669399142, -0.00776440883055, 0.0173660106957, -0.0088471211493, 0.00863595958799, -0.005806483794, 0.00579631095752, -0.00628572097048], [0.00536460895091, -0.00681536830962, 0.00609337864444, -0.00763157801703, 0.00707707414404, -0.00833371467888, 0.00854516867548, -0.0088471211493, 0.0134304882959, -0.00818818062544, 0.00629990035668, -0.00626733526587, 0.00453114788979], [-0.0045441375114, 0.00530405621976, -0.00582813844085, 0.00661320937797, -0.00569478888065, 0.00679680332541, -0.00745000783354, 0.00863595958799, -0.00818818062544, 0.0138584654778, -0.00658148387447, 0.00545658869669, -0.00294610951096], [0.00290165282786, -0.00533801177517, 0.00568384397775, -0.00401392346248, 0.00643696822226, -0.00679016159847, 0.00606192229316, -0.005806483794, 0.00629990035668, -0.00658148387447, 0.0119608454406, -0.00580446096137, 0.00435473397374], [-0.00224041286856, 0.00423986464739, -0.00369862909429, 0.00461265724152, -0.00437287893146, 0.00448601739481, -0.00410515069962, 0.00579631095752, -0.00626733526587, 0.00545658869669, -0.00580446096137, 0.0114762047306, -0.00590741122141], [0.00250492454506, -0.00302121043205, 0.00324306311086, -0.00302442070097, 0.00287300022319, -0.00252089253627, 0.00312847970054, -0.00628572097048, 0.00453114788979, -0.00294610951096, 0.00435473397374, -0.00590741122141, 0.0122232381254]]
    },
    "spectral_contrast_coeffs": {
        "max": [-0.382523775101, -0.340401947498, -0.468444138765, -0.515465319157, -0.486781358719, -0.511059343815],
        "mean": [-0.64944756031, -0.696316838264, -0.7288864851, -0.737460136414, -0.716843008995, -0.784431934357],
        "min": [-0.856503009796, -0.952021956444, -0.890513956547, -0.897236049175, -0.875012874603, -0.95188587904],
        "stdev": [0.0821143239737, 0.0918007567525, 0.076436676085, 0.068809106946, 0.0756824687123, 0.0562911964953]
    },
    "spectral_contrast_valleys": {
        "max": [-6.35025453568, -5.36399364471, -5.85967922211, -6.40534591675, -6.75050354004, -9.7995300293],
        "mean": [-7.94302940369, -7.10758686066, -8.11425590515, -8.26576709747, -8.76766681671, -11.5558166504],
        "min": [-9.46715450287, -8.84520435333, -9.79738903046, -10.0098047256, -10.3902626038, -12.0102815628],
        "stdev": [0.538571715355, 0.606822431087, 0.512222230434, 0.627205729485, 0.58105635643, 0.255094051361]
    }
},
"rhythm": {
    "beats_count": 87,
    "beats_loudness": {
        "max": 0.0705379918218,
        "mean": 0.0195022281259,
        "min": 0.000569017080124,
        "stdev": 0.0135622862726
    },
    "bpm": 108.959793091,
    "bpm_histogram_first_peak_bpm": 110,
    "bpm_histogram_first_peak_weight": 0.568965554237,
    "bpm_histogram_second_peak_bpm": 103,
    "bpm_histogram_second_peak_spread": 0.5,
    "bpm_histogram_second_peak_weight": 0.162790700793,
    "danceability": 0.971232056618,
    "onset_rate": 2.501953125,
    "beats_loudness_band_ratio": {
        "max": [0.471713989973, 0.791622042656, 0.884494543076, 0.747549533844, 0.988952457905, 0.619852781296],
        "mean": [0.0907718315721, 0.223527222872, 0.367380708456, 0.183484852314, 0.164652734995, 0.0269952770323],
        "min": [0.00337108247913, 0.00528728263453, 0.000856111582834, 0.000921274593566, 0.00420402316377, 0.000433880835772],
        "stdev": [0.112593814731, 0.186451882124, 0.249225109816, 0.166300609708, 0.186165913939, 0.0888877287507]
    },
