{
"metadata": {
    "version": {
        "essentia": "2.1-beta5",
        "essentia_git_sha": "Undefined",
        "extractor": "music 2.0"
    },
    "audio_properties": {
        "analysis": {
            "equal_loudness": 0,
            "length": 48.7502937317,
            "sample_rate": 44100,
            "start_time": 29.0017242432,
            "downmix": "mix"
        },
        "bit_rate": 192000,
        "length": 173.290527344,
        "lossless": 0,
        "number_channels": 2,
        "replay_gain": -4.48396873474,
        "sample_rate": 44100,
        "codec": "mp3",
        "md5_encoded": "2f3ef1838dd50c3d5d1d58bf80a9ca6d"
    },
    "tags": {
        "file_name": "Finland_Tie Uuteen Päivään_Markku Aro and Koivisto Sisters.mp3",
        "encoding": ["Lavf58.29.100"]
    }
},
"lowlevel": {
    "average_loudness": 0.910840630531,
    "barkbands_crest": {
        "max": 26.1707286835,
        "mean": 9.68343830109,
        "min": 2.88933467865,
        "stdev": 4.11039018631
    },
    "barkbands_flatness_db": {
        "max": 0.34265011549,
        "mean": 0.172639280558,
        "min": 0.0815684422851,
        "stdev": 0.0392191410065
    },
    "barkbands_kurtosis": {
        "max": 63.5517578125,
        "mean": 1.30617547035,
        "min": -1.77384769917,
        "stdev": 3.38599801064
    },
    "barkbands_skewness": {
        "max": 4.04585361481,
        "mean": 0.469237685204,
        "min": -2.8987300396,
        "stdev": 0.801883220673
    },
    "barkbands_spread": {
        "max": 41.44739151,
        "mean": 13.2966136932,
        "min": 0.692173242569,
        "stdev": 6.65969133377
    },
    "dissonance": {
        "max": 0.500000119209,
        "mean": 0.451468139887,
        "min": 0.199709489942,
        "stdev": 0.0419674292207
    },
    "dynamic_complexity": 2.34821629524,
    "erbbands_crest": {
        "max": 33.7784233093,
        "mean": 11.2288818359,
        "min": 2.91982603073,
        "stdev": 4.7851319313
    },
    "erbbands_flatness_db": {
        "max": 0.41834372282,
        "mean": 0.250037759542,
        "min": 0.141205787659,
        "stdev": 0.0411040894687
    },
    "erbbands_kurtosis": {
        "max": 67.5583877563,
        "mean": 1.42321205139,
        "min": -1.75840890408,
        "stdev": 3.69298458099
    },
    "erbbands_skewness": {
        "max": 4.96439027786,
        "mean": 0.21729786694,
        "min": -3.04812335968,
        "stdev": 0.903095006943
    },
    "erbbands_spread": {
        "max": 58.8365058899,
        "mean": 18.6215114594,
        "min": 0.890128731728,
        "stdev": 9.2367181778
    },
    "hfc": {
        "max": 113.849655151,
        "mean": 24.3849849701,
        "min": 0.245242759585,
        "stdev": 16.5572109222
    },
    "loudness_ebu128": {
        "integrated": -19.5951004028,
        "loudness_range": 2.92985725403,
        "momentary": {
            "max": -15.6916942596,
            "mean": -20.0798854828,
            "min": -34.4644927979,
            "stdev": 2.24765729904
        },
        "short_term": {
            "max": -17.0387115479,
            "mean": -19.6942920685,
            "min": -22.9316978455,
            "stdev": 0.964377105236
        }
    },
    "melbands_crest": {
        "max": 34.6303939819,
        "mean": 12.3058815002,
        "min": 3.08027696609,
        "stdev": 5.29681396484
    },
    "melbands_flatness_db": {
        "max": 0.358320862055,
        "mean": 0.19714705646,
        "min": 0.0401432923973,
        "stdev": 0.0440837182105
    },
    "melbands_kurtosis": {
        "max": 42.8719558716,
        "mean": 2.20858001709,
        "min": -1.68165111542,
        "stdev": 3.73565673828
    },
    "melbands_skewness": {
        "max": 5.71058750153,
        "mean": 0.806248247623,
        "min": -2.94151043892,
        "stdev": 0.902844667435
    },
    "melbands_spread": {
        "max": 92.683555603,
        "mean": 23.6601715088,
        "min": 1.82072556019,
        "stdev": 13.0482568741
    },
    "pitch_salience": {
        "max": 0.854795515537,
        "mean": 0.604492545128,
        "min": 0.108176968992,
        "stdev": 0.105955109
    },
    "silence_rate_20dB": {
        "max": 1,
        "mean": 1,
        "min": 1,
        "stdev": 0
    },
    "silence_rate_30dB": {
        "max": 1,
        "mean": 1,
        "min": 1,
        "stdev": 0
    },
    "silence_rate_60dB": {
        "max": 1,
        "mean": 0.0404569245875,
        "min": 0,
        "stdev": 0.197029873729
    },
    "spectral_centroid": {
        "max": 3609.18896484,
        "mean": 1441.6628418,
        "min": 501.865875244,
        "stdev": 475.730651855
    },
    "spectral_complexity": {
        "max": 48,
        "mean": 20.0190391541,
        "min": 1,
        "stdev": 6.96217632294
    },
    "spectral_decrease": {
        "max": -8.89191706377e-11,
        "mean": -5.26635401954e-09,
        "min": -2.68967852435e-08,
        "stdev": 3.24149063147e-09
    },
    "spectral_energy": {
        "max": 0.107952222228,
        "mean": 0.0220882557333,
        "min": 0.000357845623512,
        "stdev": 0.0134762469679
    },
    "spectral_energyband_high": {
        "max": 0.00409605028108,
        "mean": 0.000194041247596,
        "min": 3.57532280759e-06,
        "stdev": 0.000270785356406
    },
    "spectral_energyband_low": {
        "max": 0.0148157449439,
        "mean": 0.000336238241289,
        "min": 1.63632751082e-06,
        "stdev": 0.000889904506039
    },
    "spectral_energyband_middle_high": {
        "max": 0.0855275169015,
        "mean": 0.0120732262731,
        "min": 3.00118917949e-05,
        "stdev": 0.00964872539043
    },
    "spectral_energyband_middle_low": {
        "max": 0.0937201008201,
        "mean": 0.0100425248966,
        "min": 0.000276367587503,
        "stdev": 0.00902819167823
    },
    "spectral_entropy": {
        "max": 8.32588481903,
        "mean": 7.26300811768,
        "min": 5.9173951149,
        "stdev": 0.323011666536
    },
    "spectral_flux": {
        "max": 0.199264362454,
        "mean": 0.0845798701048,
        "min": 0.00859286356717,
        "stdev": 0.0343437343836
    },
    "spectral_kurtosis": {
        "max": 38.6580505371,
        "mean": 8.34932899475,
        "min": -0.34742808342,
        "stdev": 4.90939664841
    },
    "spectral_rms": {
        "max": 0.0102625163272,
        "mean": 0.00438840175048,
        "min": 0.000590861774981,
        "stdev": 0.00151373562403
    },
    "spectral_rolloff": {
        "max": 5727.83203125,
        "mean": 1715.28723145,
        "min": 366.064453125,
        "stdev": 674.052490234
    },
    "spectral_skewness": {
        "max": 4.72000360489,
        "mean": 1.74649703503,
        "min": 0.233902812004,
        "stdev": 0.609930515289
    },
    "spectral_spread": {
        "max": 16275678,
        "mean": 2571512.25,
        "min": 1440312.375,
        "stdev": 573851.875
    },
    "spectral_strongpeak": {
        "max": 12.4587001801,
        "mean": 2.21942806244,
        "min": 0.0355169028044,
        "stdev": 1.8174213171
    },
    "zerocrossingrate": {
        "max": 0.171875,
        "mean": 0.0598154999316,
        "min": 0.015625,
        "stdev": 0.0181920900941
    },
    "barkbands": {
        "max": [3.22699270328e-05, 0.00138668820728, 0.0126645732671, 0.0168780498207, 0.0152664873749, 0.0249603614211, 0.0326120965183, 0.0665877833962, 0.0442928560078, 0.0436024181545, 0.0842941701412, 0.0292066037655, 0.0160229615867, 0.0162884108722, 0.022869925946, 0.0292587131262, 0.0131996152923, 0.00592538248748, 0.00946506299078, 0.001768403803, 0.00268927053548, 0.0013188670855, 0.00047935533803, 0.000102596372017, 2.55366467172e-06, 1.86702561678e-06, 7.92120943061e-07],
        "mean": [9.12549523946e-07, 4.45154691988e-05, 0.000181506198714, 0.000304184737615, 0.000835888204165, 0.00120134628378, 0.00218914053403, 0.00229206797667, 0.00240178639069, 0.00249054376036, 0.00208475557156, 0.00177040323615, 0.00102722668089, 0.000837621511891, 0.00112098676618, 0.00137640256435, 0.000962747493759, 0.000318407575833, 0.000372229289496, 0.000155405854457, 7.37450682209e-05, 3.08038761432e-05, 1.09871043605e-05, 2.66642314273e-06, 1.02616922959e-06, 9.33419585181e-07, 9.88378712208e-09],
        "min": [4.7183629226e-10, 2.61738989593e-07, 9.9262010167e-08, 1.65225173987e-07, 4.55663030152e-06, 9.08880974748e-06, 3.26813164975e-06, 5.15037800142e-06, 6.52662538414e-06, 4.19037678512e-06, 4.06500976169e-06, 2.6258210255e-06, 9.91603883449e-07, 8.77844740899e-07, 2.49544677899e-06, 1.63937352227e-06, 6.75841249631e-07, 4.21683211016e-07, 3.43115033274e-07, 3.10469090437e-07, 1.91624096146e-07, 2.26234746492e-07, 3.05420826407e-07, 6.6001021537e-08, 3.3024278423e-08, 6.92996664498e-08, 9.98730195767e-11],
        "stdev": [1.50695802859e-06, 8.12580910861e-05, 0.000697637267876, 0.000634096504655, 0.00111543165985, 0.00247844075784, 0.0037087185774, 0.00495339790359, 0.00502831349149, 0.00452878093347, 0.00485302554443, 0.00340859196149, 0.00156286463607, 0.00132879964076, 0.00212838454172, 0.00271036848426, 0.00164374825545, 0.000467842648504, 0.000609268725384, 0.000171392734046, 0.00013763885363, 7.02409233782e-05, 2.91964042844e-05, 5.50770892005e-06, 1.85476082493e-07, 1.38618275969e-07, 1.8067989771e-08]
    },
    "erbbands": {
        "max": [0.0102140903473, 0.459710389376, 9.49173736572, 27.7259960175, 74.2882156372, 79.3740386963, 92.5115509033, 301.9659729, 587.615905762, 1840.94421387, 1590.97680664, 1070.59960938, 1060.12475586, 1139.9720459, 3845.94824219, 1119.78515625, 805.895019531, 917.372253418, 1033.23413086, 1552.23864746, 1371.37561035, 800.448303223, 310.323822021, 348.55090332, 307.534454346, 76.4454193115, 176.323638916, 59.3709259033, 55.3143043518, 30.5222969055, 11.5877962112, 3.54509615898, 0.887796282768, 0.0728274136782, 0.0149101745337, 0.00805309135467, 0.00381386792287, 0.000546037044842, 0.000120714677905, 0.000124450452859],
        "mean": [0.000641115708277, 0.0150133697316, 0.162767603993, 0.621096789837, 1.67269074917, 3.21391868591, 4.29512691498, 12.2392339706, 28.5215511322, 47.1467628479, 41.3227119446, 58.5033836365, 74.4215774536, 71.8890151978, 87.8752670288, 71.2693099976, 48.7683448792, 42.2267227173, 48.6241455078, 73.9259490967, 70.0490341187, 53.5652580261, 20.9306411743, 18.7115249634, 14.8591098785, 7.23471593857, 4.26351451874, 2.21682858467, 1.33166182041, 0.554748356342, 0.271594375372, 0.0974433720112, 0.0263526104391, 0.0113641489297, 0.00769761623815, 0.00460566068068, 0.00173068849836, 0.000146871505422, 1.58050661412e-05, 2.72046454484e-05],
        "min": [8.23074333312e-06, 9.86171071418e-05, 0.000271348311799, 0.00120219064411, 0.00945448502898, 0.0264411978424, 0.0864711478353, 0.0643827319145, 0.146473899484, 0.244611382484, 0.177459821105, 0.200840324163, 0.251279234886, 0.139464393258, 0.0660121664405, 0.0984678789973, 0.0540893450379, 0.0472352616489, 0.140101969242, 0.093885332346, 0.105722568929, 0.036312431097, 0.025275060907, 0.0152746513486, 0.0195791143924, 0.0155536551028, 0.0103546315804, 0.0091092614457, 0.00929210800678, 0.00980306975543, 0.00797274243087, 0.00185415695887, 0.000984006095678, 0.00035679130815, 0.000268961244728, 0.000229163066251, 0.000158895607456, 3.13328018819e-05, 2.30723958339e-06, 5.24132531154e-07],
        "stdev": [0.000906525121536, 0.029216164723, 0.529314041138, 1.33048355579, 3.12019062042, 4.80865621567, 6.17795085907, 25.8406829834, 55.9980201721, 103.507736206, 84.0037002563, 126.836891174, 125.559532166, 124.687301636, 212.630020142, 135.197128296, 71.1754608154, 59.9267311096, 79.5352020264, 141.727645874, 129.027053833, 94.0366134644, 28.5420207977, 27.8651371002, 22.5675563812, 8.14206218719, 7.70071792603, 3.54789876938, 2.92581272125, 1.592846632, 0.668375492096, 0.236587032676, 0.0348954088986, 0.00342702213675, 0.00145849771798, 0.000813500431832, 0.000305010355078, 2.81898246612e-05, 8.12332200439e-06, 1.63644945133e-05]
    },
    "gfcc": {
        "mean": [-35.6379814148, 108.095870972, -183.140182495, -1.87359595299, -62.7226753235, -13.5699291229, -35.4353408813, -2.97229218483, -26.3063869476, -2.52619123459, -21.3970794678, -1.38223779202, -12.5717191696],
        "cov": [[1139.4675293, 74.5386123657, -468.462524414, 170.288986206, 88.1356124878, -148.97203064, 86.7081069946, -75.5793533325, 135.580886841, -65.7942733765, 35.6397171021, -86.9422988892, -6.87331390381], [74.5386123657, 274.004943848, 168.150543213, -132.345291138, 7.17668151855, 41.8003807068, 70.7931900024, 20.4729614258, -50.1974525452, -27.9169540405, 2.0962729454, -10.2752017975, -3.0918302536], [-468.462524414, 168.150543213, 465.450805664, -41.3964080811, -78.2983856201, 103.0311203, -4.13951206207, 34.214881897, -97.2523727417, -6.03997325897, -9.92399597168, 49.3037223816, -14.8715381622], [170.288986206, -132.345291138, -41.3964080811, 431.402191162, 90.820350647, -95.3356399536, -120.833122253, -41.4226150513, 72.1593093872, 24.8549575806, 6.9837179184, 19.4483394623, -18.6474208832], [88.1356124878, 7.17668151855, -78.2983856201, 90.820350647, 183.789779663, -23.7951068878, -47.0586738586, 14.9246149063, 35.9363365173, 22.091211319, -5.33464860916, -4.80503511429, 15.5353536606], [-148.97203064, 41.8003807068, 103.0311203, -95.3356399536, -23.7951068878, 207.187911987, 129.847747803, -7.86995744705, -83.0157318115, -24.5395107269, -13.4214639664, 8.89219856262, -10.188703537], [86.7081069946, 70.7931900024, -4.13951206207, -120.833122253, -47.0586738586, 129.847747803, 221.601287842, 28.0908222198, -72.6273574829, -54.3196792603, 0.582422375679, -4.09752416611, 2.90044236183], [-75.5793533325, 20.4729614258, 34.214881897, -41.4226150513, 14.9246149063, -7.86995744705, 28.0908222198, 91.7642593384, 29.2102375031, 4.40773868561, -5.12327718735, -1.0149371624, 12.9127407074], [135.580886841, -50.1974525452, -97.2523727417, 72.1593093872, 35.9363365173, -83.0157318115, -72.6273574829, 29.2102375031, 143.365966797, 47.7158241272, -1.93648397923, -25.2292346954, -0.299128681421], [-65.7942733765, -27.9169540405, -6.03997325897, 24.8549575806, 22.091211319, -24.5395107269, -54.3196792603, 4.40773868561, 47.7158241272, 87.7029495239, 24.7541809082, -2.10233163834, -9.72876262665], [35.6397171021, 2.0962729454, -9.92399597168, 6.9837179184, -5.33464860916, -13.4214639664, 0.582422375679, -5.12327718735, -1.93648397923, 24.7541809082, 66.663192749, 29.9540100098, -1.42717444897], [-86.9422988892, -10.2752017975, 49.3037223816, 19.4483394623, -4.80503511429, 8.89219856262, -4.09752416611, -1.0149371624, -25.2292346954, -2.10233163834, 29.9540100098, 73.2062149048, 26.4746723175], [-6.87331390381, -3.0918302536, -14.8715381622, -18.6474208832, 15.5353536606, -10.188703537, 2.90044236183, 12.9127407074, -0.299128681421, -9.72876262665, -1.42717444897, 26.4746723175, 56.4325218201]],
        "icov": [[0.0213406793773, -0.0279442071915, 0.0239609479904, -0.0152310244739, 0.00653116963804, 0.00317250960506, -0.0110507300124, 0.0156701132655, -0.0194670539349, 0.0194901823997, -0.015584054403, 0.0106586460024, -0.00403076503426], [-0.0279442071915, 0.0501397550106, -0.042183700949, 0.0257340725511, -0.0184203572571, 0.00474089663476, 0.00361342844553, -0.00971004460007, 0.0192557349801, -0.0209138281643, 0.0153920054436, -0.00858341343701, 0.00560615351424], [0.0239609479904, -0.042183700949, 0.040400236845, -0.0224628020078, 0.0178199857473, -0.00692971562967, 0.000314468023134, 0.00338107580319, -0.0127203213051, 0.0174710452557, -0.0122910346836, 0.0056501054205, -0.00313238776289], [-0.0152310244739, 0.0257340725511, -0.0224628020078, 0.017285823822, -0.0112187778577, 0.00336875510402, 0.00263024843298, -0.00339633249678, 0.00860016141087, -0.0111739942804, 0.0101173138246, -0.00870497711003, 0.00614467356354], [0.00653116963804, -0.0184203572571, 0.0178199857473, -0.0112187778577, 0.0178473740816, -0.00889593921602, 0.00842902902514, -0.00831328239292, 0.00125092908274, 0.00131766742561, -0.00140674237628, 0.00153854931705, -0.00479870988056], [0.00317250960506, 0.00474089663476, -0.00692971562967, 0.00336875510402, -0.00889593921602, 0.0197612736374, -0.0184398759156, 0.0162378512323, -0.00735030975193, 0.00233474234119, 9.52655827859e-05, 0.000753719708882, 0.00319453491829], [-0.0110507300124, 0.00361342844553, 0.000314468023134, 0.00263024843298, 0.00842902902514, -0.0184398759156, 0.0294871553779, -0.0265203919262, 0.020088063553, -0.00839686859399, 0.00635703094304, -0.00539125455543, 5.60276057513e-05], [0.0156701132655, -0.00971004460007, 0.00338107580319, -0.00339633249678, -0.00831328239292, 0.0162378512323, -0.0265203919262, 0.0424047894776, -0.0289763323963, 0.0170774012804, -0.01270760037, 0.00961417797953, -0.00401558913291], [-0.0194670539349, 0.0192557349801, -0.0127203213051, 0.00860016141087, 0.00125092908274, -0.00735030975193, 0.020088063553, -0.0289763323963, 0.0381616316736, -0.0259567890316, 0.0175882782787, -0.00795181561261, 0.00200273282826], [0.0194901823997, -0.0209138281643, 0.0174710452557, -0.0111739942804, 0.00131766742561, 0.00233474234119, -0.00839686859399, 0.0170774012804, -0.0259567890316, 0.0396053977311, -0.0261032860726, 0.0146171804518, -0.00210482277907], [-0.015584054403, 0.0153920054436, -0.0122910346836, 0.0101173138246, -0.00140674237628, 9.52655827859e-05, 0.00635703094304, -0.01270760037, 0.0175882782787, -0.0261032860726, 0.0409915708005, -0.0260854829103, 0.0109022669494], [0.0106586460024, -0.00858341343701, 0.0056501054205, -0.00870497711003, 0.00153854931705, 0.000753719708882, -0.00539125455543, 0.00961417797953, -0.00795181561261, 0.0146171804518, -0.0260854829103, 0.0387301519513, -0.019121542573], [-0.00403076503426, 0.00560615351424, -0.00313238776289, 0.00614467356354, -0.00479870988056, 0.00319453491829, 5.60276057513e-05, -0.00401558913291, 0.00200273282826, -0.00210482277907, 0.0109022669494, -0.019121542573, 0.0304493363947]]
    },
    "melbands": {
        "max": [0.000211978811421, 0.00346255069599, 0.00671326322481, 0.00354559835978, 0.0025576222688, 0.00580511055887, 0.00755323562771, 0.0197614002973, 0.0134949497879, 0.00581160141155, 0.00526649644598, 0.00437873741612, 0.013519265689, 0.00478943763301, 0.00440081674606, 0.00166794995312, 0.00158717227168, 0.00159352400806, 0.00174759677611, 0.00254126754589, 0.00184416456614, 0.00110316229984, 0.000760157941841, 0.000256780564087, 0.000338291312801, 0.000475947512314, 9.77599920589e-05, 5.31108853465e-05, 0.000123173565953, 4.56585985376e-05, 3.05564681184e-05, 3.14124663419e-05, 2.43842732743e-05, 1.34226611408e-05, 7.14493717169e-06, 3.81526933779e-06, 2.23252141041e-06, 7.96623510269e-07, 8.8986915614e-08, 2.99009528248e-08],
        "mean": [8.67579092301e-06, 6.528099766e-05, 0.000142406322993, 0.000170545376022, 0.000156528112711, 0.000286957627395, 0.00042991648661, 0.000530284363776, 0.000325849250657, 0.000373748596758, 0.000374748400645, 0.000290740717901, 0.000279433937976, 0.000223679075134, 0.000140276548336, 9.94772417471e-05, 7.59813992772e-05, 7.34225686756e-05, 9.51025649556e-05, 0.000105877377791, 7.46674268157e-05, 6.28854613751e-05, 2.45658266067e-05, 1.44253335748e-05, 1.52353859448e-05, 1.40949523484e-05, 6.8252957135e-06, 4.35778702013e-06, 2.93875723401e-06, 1.87831847143e-06, 1.03317074718e-06, 8.28650968288e-07, 4.21583621346e-07, 2.68129781489e-07, 1.7117216089e-07, 9.28053793814e-08, 4.45137651184e-08, 1.9437091936e-08, 1.0389091365e-08, 8.95160212622e-09],
        "min": [6.57210676991e-08, 2.26436100093e-07, 8.46841373914e-07, 1.54318911427e-06, 3.56156306225e-06, 1.47127616401e-06, 1.48673711919e-06, 1.61698824286e-06, 1.40706310958e-06, 1.07998846488e-06, 9.41519829212e-07, 4.32383842508e-07, 3.11960008048e-07, 2.5469066145e-07, 1.33435747784e-07, 1.15960432368e-07, 7.21718933505e-08, 2.14849492863e-07, 1.68426524283e-07, 9.37869018003e-08, 1.12631134641e-07, 3.53923290675e-08, 1.72521392727e-08, 1.87337203528e-08, 1.01135055885e-08, 1.35339028873e-08, 1.32342474757e-08, 9.1742657915e-09, 6.63424515324e-09, 4.50228876403e-09, 5.44954703585e-09, 5.5662989773e-09, 3.45953865555e-09, 4.44609682404e-09, 4.0161980408e-09, 1.45238021609e-09, 9.18477405243e-10, 9.19546216949e-10, 2.34195524085e-10, 3.24138993424e-10],
        "stdev": [1.35865120683e-05, 0.00019711360801, 0.000278273946606, 0.000223642375204, 0.000220837508095, 0.000585365691222, 0.000789307698142, 0.00118555198424, 0.000715568487067, 0.000836822087876, 0.000659415090922, 0.000531250436325, 0.000690046756063, 0.00042013140046, 0.000296282814816, 0.000152114502271, 0.000118087555165, 0.000127556035295, 0.000179177484824, 0.000215212028706, 0.000146200502058, 0.000118738753372, 3.98789634346e-05, 2.18651912292e-05, 2.45594146691e-05, 2.64759037236e-05, 8.37913376017e-06, 5.46785895494e-06, 5.30230818185e-06, 3.34720061801e-06, 1.72749821559e-06, 1.82452913577e-06, 1.2058202401e-06, 8.00992381755e-07, 4.18734259711e-07, 2.3592508569e-07, 1.06393926558e-07, 2.80157408383e-08, 4.57578552826e-09, 2.34395081122e-09]
    },
    "melbands128": {
        "max": [2.31826470554e-05, 8.52419761941e-05, 0.000139949916047, 0.000928930647206, 0.00320049538277, 0.00709981843829, 0.00442552240565, 0.0101370811462, 0.00947920046747, 0.00425778934732, 0.00587385054678, 0.00547497160733, 0.00278036948293, 0.00773816602305, 0.0106550576165, 0.011813884601, 0.0170843563974, 0.0122677646577, 0.0130913564935, 0.0330496132374, 0.0245022475719, 0.0125927403569, 0.0244553238153, 0.0185801796615, 0.0109628615901, 0.0127733843401, 0.00941423047334, 0.0104300230742, 0.0148232467473, 0.0076146190986, 0.00950550474226, 0.006863898132, 0.0244397893548, 0.0288345124573, 0.00796690490097, 0.00614516669884, 0.00598433893174, 0.00962349679321, 0.00428968807682, 0.00220223329961, 0.00366325583309, 0.00437746243551, 0.00205289735459, 0.00204075104557, 0.00294898403808, 0.00310136331245, 0.00494739180431, 0.00295139523223, 0.00458038924262, 0.00482803909108, 0.00467809988186, 0.00404968392104, 0.00392713258043, 0.00217028078623, 0.00220193318091, 0.00225437968038, 0.00142919598147, 0.00151159486268, 0.000971425557509, 0.000393695925595, 0.000530323886778, 0.000405109778512, 0.000377130752895, 0.000751510902774, 0.0011356594041, 0.000630349793937, 0.000408365216572, 0.000119407966849, 0.000166654019267, 9.1589980002e-05, 9.90112675936e-05, 7.5835705502e-05, 6.86707135173e-05, 0.000207090502954, 0.000143551209476, 5.65141308471e-05, 8.27710973681e-05, 6.37710472802e-05, 3.37568308169e-05, 2.34541766986e-05, 2.59091248154e-05, 4.7688739869e-05, 4.63975557068e-05, 2.79369105556e-05, 2.16022490349e-05, 2.04950702027e-05, 1.42006683745e-05, 1.85295848496e-05, 8.51598997542e-06, 8.71595966601e-06, 4.78610036225e-06, 4.8529373089e-06, 3.3463516047e-06, 2.0220022634e-06, 3.62846049029e-06, 5.76817740239e-07, 5.68873190332e-07, 1.40283816563e-07, 7.87398235502e-08, 7.94196779452e-08, 5.68158995407e-08, 3.11778762807e-08, 3.13086623294e-08, 2.59361314647e-08, 2.42086599656e-08, 2.45026754442e-08, 2.68733622022e-08, 2.16816875565e-08, 1.85565216526e-08, 1.97121252654e-08, 1.87993460798e-08, 1.8558235837e-08, 1.59947610712e-08, 1.4715536345e-08, 6.57046861363e-09, 4.54945903172e-09, 4.24757518047e-09, 3.75267594777e-09, 3.58428664526e-09, 3.50208217981e-09, 3.41174333229e-09, 3.32721428187e-09, 3.25068416629e-09, 3.19319193309e-09, 3.15155768149e-09, 3.10999292985e-09, 3.08754843914e-09, 3.06905234559e-09],
        "mean": [6.41522433398e-07, 3.125009016e-06, 8.82543099578e-06, 2.49758377322e-05, 6.43739258521e-05, 9.56436488195e-05, 0.000107746549475, 0.000176670801011, 0.000167183810845, 0.000150474254042, 0.000192113569938, 0.000177199050086, 0.000121920747915, 0.000160319483257, 0.000231211612117, 0.00035460156505, 0.000530501536559, 0.000395916606067, 0.000371594942408, 0.00058335106587, 0.000632596493233, 0.000312284042593, 0.000299345818348, 0.000304738758132, 0.000362901948392, 0.000464481883682, 0.000248689670116, 0.000409002386732, 0.000446551799541, 0.000267914670985, 0.000286400609184, 0.000225739786401, 0.000262209709035, 0.000364300300134, 0.000207484568818, 0.000211820268305, 0.000181546041858, 0.000156461683218, 9.97502647806e-05, 8.98464786587e-05, 0.000122187455418, 7.4937575846e-05, 6.27653571428e-05, 8.49631469464e-05, 8.36102917674e-05, 5.83718829148e-05, 7.65641962062e-05, 0.000103203572507, 9.44864805206e-05, 0.000101483812614, 0.000109920474642, 0.000117350413348, 6.74573457218e-05, 6.3581734139e-05, 6.94149421179e-05, 7.38279268262e-05, 4.90504244226e-05, 2.41710513365e-05, 1.74916949618e-05, 1.94520853256e-05, 1.33418134283e-05, 1.11897124953e-05, 1.47711170939e-05, 1.42211647471e-05, 2.06801778404e-05, 1.49558973135e-05, 1.03667416624e-05, 7.85353586252e-06, 6.3409215727e-06, 4.77375851915e-06, 4.03089234169e-06, 4.61902118332e-06, 3.69340955331e-06, 2.42588657784e-06, 2.36142727772e-06, 1.8769782173e-06, 1.8659768557e-06, 1.26454051497e-06, 9.08939284727e-07, 7.61085686918e-07, 8.34253853554e-07, 9.78041839517e-07, 5.53805818981e-07, 3.55601144975e-07, 2.98097717177e-07, 2.85156971813e-07, 2.65544599642e-07, 2.20895032044e-07, 1.69383866933e-07, 1.37303416636e-07, 9.78393970286e-08, 8.95473348805e-08, 6.64300188191e-08, 4.26070130288e-08, 3.25102753607e-08, 2.3520051684e-08, 1.714497877e-08, 1.2173899222e-08, 1.02324841933e-08, 9.52282253053e-09, 9.1769987165e-09, 8.65478710921e-09, 8.96243079751e-09, 8.91490969934e-09, 8.56540971483e-09, 8.46275050037e-09, 8.55941273414e-09, 8.39699154653e-09, 7.89224507969e-09, 7.92458898502e-09, 7.18473014416e-09, 6.56289644851e-09, 5.78877923374e-09, 4.64887683904e-09, 2.63227639685e-09, 9.91143944695e-10, 3.3898445162e-10, 5.97905232269e-12, 5.52200559584e-12, 5.40129486276e-12, 5.26937608131e-12, 5.16256568744e-12, 5.05454185451e-12, 4.9560542302e-12, 4.902691534e-12, 4.8523368483e-12, 4.81738954283e-12, 4.78873928358e-12],
        "min": [3.74737046949e-11, 6.95576307663e-09, 2.23134648536e-08, 7.23742274999e-08, 1.78599606215e-08, 4.31991189487e-08, 5.52941514798e-08, 1.22241232248e-07, 1.54937836783e-07, 2.63556273694e-07, 3.23038932493e-07, 1.92935321053e-08, 1.69088565372e-07, 6.90682611548e-07, 4.36947061644e-07, 2.43013751344e-08, 1.95624551225e-07, 3.65004780178e-07, 5.85700490774e-07, 4.74569674225e-07, 3.71198552784e-07, 1.77142567281e-07, 3.38067820849e-07, 3.2534762795e-07, 4.45356448608e-07, 1.00452460572e-07, 1.09736852494e-07, 3.49735472582e-07, 3.23033248151e-07, 3.29235035679e-07, 2.53212760981e-07, 1.61679594157e-07, 7.3605747275e-08, 1.15572454717e-07, 7.46861914536e-08, 1.0771169201e-07, 1.43229101468e-07, 8.36445295249e-08, 2.8592239687e-08, 1.05738742207e-07, 6.939843189e-08, 5.95924376512e-08, 2.99096782896e-08, 6.34628065654e-08, 5.18687812701e-08, 9.70994662453e-08, 5.29602566246e-08, 1.2348392886e-07, 5.97075455744e-08, 7.0791593032e-08, 5.53408980863e-08, 4.5049503683e-08, 5.87576778344e-08, 5.73954537231e-08, 5.12425835097e-08, 2.73865303768e-08, 2.13010284966e-08, 1.33228459376e-08, 1.22941177239e-08, 1.0520810001e-08, 1.57918318422e-08, 1.21835874722e-08, 1.24363426224e-08, 6.01424421376e-09, 8.34232061209e-09, 1.09722373409e-08, 1.08694271361e-08, 6.40617026093e-09, 1.07319353404e-08, 6.55073550959e-09, 6.4845755432e-09, 4.86198103999e-09, 4.76006301042e-09, 3.52893492206e-09, 5.60019230988e-09, 1.13911624577e-09, 2.1461044053e-09, 4.45105596825e-09, 3.15209769397e-09, 3.99712662968e-09, 2.61368304777e-09, 5.56388135564e-09, 3.45022144188e-09, 1.68548552892e-09, 3.82370934915e-09, 2.49375231576e-09, 2.51533971429e-09, 3.46725670397e-09, 2.95006841178e-09, 2.61451149619e-09, 2.00804040063e-09, 1.20152032768e-09, 6.43507913622e-10, 3.37309402632e-10, 1.69173097753e-09, 1.42778944223e-09, 5.55000601032e-10, 4.7181797358e-10, 1.68831434944e-10, 1.6190326857e-10, 2.15031770168e-10, 4.26177759749e-10, 3.68052449629e-10, 3.10888786936e-10, 2.48757986432e-10, 2.79735179465e-10, 3.74836384154e-10, 2.82793233275e-10, 4.96242658077e-10, 3.54020757154e-10, 4.89933205117e-10, 3.72712860575e-10, 8.08151101594e-10, 4.69997374353e-10, 3.04135466811e-10, 5.82419182327e-11, 1.11160711712e-12, 1.60346603074e-13, 1.08541817298e-13, 1.03870735526e-13, 9.894626893e-14, 1.28475951666e-13, 1.62313061212e-13, 1.3147027412e-13, 1.38256891829e-13, 1.13875380479e-13, 1.31488109246e-13, 1.5016243457e-13],
        "stdev": [1.04380205812e-06, 5.7864244809e-06, 1.33841995194e-05, 5.30875040567e-05, 0.000188084450201, 0.000394601374865, 0.000268919684459, 0.000389151304262, 0.000373947957996, 0.000220485409955, 0.000333823292749, 0.000350381364115, 0.000190184946405, 0.000411687768064, 0.000651729118545, 0.00102386891376, 0.00132755853701, 0.000984094454907, 0.000861238164362, 0.00166324421298, 0.00168476533145, 0.000810760539025, 0.00103356991895, 0.00106356642209, 0.00105108763091, 0.00144963094499, 0.00067943544127, 0.000978214666247, 0.00122584123164, 0.00066462153336, 0.000824669376016, 0.000565172638744, 0.00106705061626, 0.001196284662, 0.000554898404516, 0.000603028689511, 0.000518404995091, 0.000508962315507, 0.000295105564874, 0.000186080185813, 0.000250536337262, 0.000201301823836, 0.000153733431944, 0.000166481899214, 0.000199590722332, 0.000149253886775, 0.00027785229031, 0.000253227335634, 0.000267481605988, 0.000342110870406, 0.000310131930746, 0.000286328489892, 0.000214453481021, 0.000174099695869, 0.000165965451743, 0.000207576871617, 0.000116978451842, 5.73918987357e-05, 4.81005299662e-05, 3.58904435416e-05, 3.06969341182e-05, 2.93356879411e-05, 3.10812356474e-05, 3.17318736052e-05, 5.60021835554e-05, 3.77536744054e-05, 2.26243864745e-05, 1.28574474729e-05, 1.06953348222e-05, 8.05401941761e-06, 7.9771862147e-06, 6.89387525199e-06, 6.35947299088e-06, 7.80035406933e-06, 6.86003750161e-06, 3.55962106369e-06, 4.40093072029e-06, 2.62812363871e-06, 1.56832220455e-06, 1.45592480294e-06, 1.83235579243e-06, 2.64790082838e-06, 1.66434756466e-06, 1.18176149044e-06, 9.74312456492e-07, 1.05228184566e-06, 7.58754140406e-07, 7.65167101235e-07, 3.99437112719e-07, 3.98235130206e-07, 2.50120194778e-07, 2.35342795918e-07, 2.13759150824e-07, 1.00451863716e-07, 9.15904792009e-08, 3.58345531026e-08, 2.35298323048e-08, 9.76458203183e-09, 5.11680564586e-09, 4.2403756062e-09, 3.81853038078e-09, 3.29968785628e-09, 3.29695049039e-09, 3.15752357594e-09, 2.99269076187e-09, 2.97371594016e-09, 2.96331248428e-09, 2.77967449058e-09, 2.58776644557e-09, 2.6430306832e-09, 2.34593877657e-09, 2.12508588504e-09, 1.8844985572e-09, 1.52949852783e-09, 8.60450821705e-10, 3.86692677878e-10, 2.2055955673e-10, 8.21599385747e-11, 7.84729087266e-11, 7.66630509075e-11, 7.46790337902e-11, 7.28290622254e-11, 7.11523687191e-11, 6.98938129595e-11, 6.89758458683e-11, 6.80649703266e-11, 6.75743280776e-11, 6.71726563262e-11]
    },
    "mfcc": {
        "mean": [-663.729064941, 146.485321045, -65.6417999268, 9.82309913635, -23.5762329102, -6.89893293381, -13.7639217377, -4.10394048691, -6.98251008987, -5.67316102982, -9.02795219421, -4.30538749695, -1.11041784286],
        "cov": [[1562.97412109, -179.571121216, -554.512817383, 271.596252441, -50.7204093933, 41.1229095459, -139.825119019, 15.3113117218, -31.5859851837, 115.406616211, -7.48295116425, 22.5327968597, -14.8873500824], [-179.571121216, 447.33505249, 139.584457397, -209.968475342, -60.4237060547, -38.850189209, 143.068344116, 34.3305397034, 28.4877071381, -33.4424362183, 17.7379131317, -29.6507301331, 2.61926436424], [-554.512817383, 139.584457397, 483.870788574, -79.1209945679, -59.0543479919, 25.3149681091, 89.5139846802, 45.5929374695, -25.8467140198, -65.3701171875, -7.41596698761, 2.29284143448, -9.30938529968], [271.596252441, -209.968475342, -79.1209945679, 364.606964111, 166.78012085, -20.6228599548, -141.073318481, -40.7250099182, -23.0407485962, 23.955072403, -16.9126224518, 20.5238189697, 29.6740627289], [-50.7204093933, -60.4237060547, -59.0543479919, 166.78012085, 241.948104858, -13.5465316772, -118.724578857, -61.2697257996, 5.51156711578, 24.1704139709, -2.6312084198, 2.57625079155, 32.4213218689], [41.1229095459, -38.850189209, 25.3149681091, -20.6228599548, -13.5465316772, 148.204086304, 66.5489883423, 17.3519821167, -9.85791873932, -16.7888298035, 8.80857467651, -3.00059103966, -17.0357704163], [-139.825119019, 143.068344116, 89.5139846802, -141.073318481, -118.724578857, 66.5489883423, 238.244338989, 90.0350112915, 6.92510175705, -49.1978569031, -5.37270450592, -13.5809822083, -12.2253551483], [15.3113117218, 34.3305397034, 45.5929374695, -40.7250099182, -61.2697257996, 17.3519821167, 90.0350112915, 112.919807434, 29.446187973, -21.3589630127, -15.2649021149, -8.69985961914, -1.36048591137], [-31.5859851837, 28.4877071381, -25.8467140198, -23.0407485962, 5.51156711578, -9.85791873932, 6.92510175705, 29.446187973, 92.0378494263, 28.7753562927, 2.86251282692, -9.29783916473, -3.79272055626], [115.406616211, -33.4424362183, -65.3701171875, 23.955072403, 24.1704139709, -16.7888298035, -49.1978569031, -21.3589630127, 28.7753562927, 99.3935165405, 25.7681503296, -2.2577278614, -6.87002038956], [-7.48295116425, 17.7379131317, -7.41596698761, -16.9126224518, -2.6312084198, 8.80857467651, -5.37270450592, -15.2649021149, 2.86251282692, 25.7681503296, 71.8922424316, 19.1266899109, -11.3731546402], [22.5327968597, -29.6507301331, 2.29284143448, 20.5238189697, 2.57625079155, -3.00059103966, -13.5809822083, -8.69985961914, -9.29783916473, -2.2577278614, 19.1266899109, 79.5088882446, 29.7133483887], [-14.8873500824, 2.61926436424, -9.30938529968, 29.6740627289, 32.4213218689, -17.0357704163, -12.2253551483, -1.36048591137, -3.79272055626, -6.87002038956, -11.3731546402, 29.7133483887, 86.1209487915]],
        "icov": [[0.00564453704283, -0.00602099159732, 0.00737960869446, -0.00708911893889, 0.00791917648166, -0.00744599988684, 0.0073031457141, -0.00718724448234, 0.00602384237573, -0.00601491052657, 0.00475665461272, -0.00389656657353, 0.0026262444444], [-0.00602099159732, 0.0112205361947, -0.00878132414073, 0.00968802347779, -0.00993284862489, 0.0108111388981, -0.010821711272, 0.00878954585642, -0.00744167901576, 0.00731766968966, -0.00721502956003, 0.00604345137253, -0.0039707813412], [0.00737960869446, -0.00878132414073, 0.0122378002852, -0.00933132506907, 0.0104886582121, -0.0102159064263, 0.00979021470994, -0.0102880867198, 0.00873570330441, -0.00692722760141, 0.00647265976295, -0.00571527471766, 0.00399745488539], [-0.00708911893889, 0.00968802347779, -0.00933132506907, 0.0147898979485, -0.0134622296318, 0.0103065716103, -0.00853352807462, 0.00751130888239, -0.00598243856803, 0.00720424763858, -0.00548928743228, 0.00441388087347, -0.0035473338794], [0.00791917648166, -0.00993284862489, 0.0104886582121, -0.0134622296318, 0.01947100088, -0.0124023752287, 0.0128215486184, -0.00742771988735, 0.00622315332294, -0.00802311580628, 0.0067283208482, -0.00410227803513, 0.00130067905411], [-0.00744599988684, 0.0108111388981, -0.0102159064263, 0.0103065716103, -0.0124023752287, 0.0198487900198, -0.0144107956439, 0.0101647684351, -0.0074997805059, 0.00890444498509, -0.00872790627182, 0.00594432791695, -0.00238476111554], [0.0073031457141, -0.010821711272, 0.00979021470994, -0.00853352807462, 0.0128215486184, -0.0144107956439, 0.0208299160004, -0.015096148476, 0.0087883323431, -0.00632483046502, 0.00684039480984, -0.00524076633155, 0.00322519405745], [-0.00718724448234, 0.00878954585642, -0.0102880867198, 0.00751130888239, -0.00742771988735, 0.0101647684351, -0.015096148476, 0.0257191043347, -0.0141359269619, 0.00938237272203, -0.00452661840245, 0.00598187884316, -0.00467542698607], [0.00602384237573, -0.00744167901576, 0.00873570330441, -0.00598243856803, 0.00622315332294, -0.0074997805059, 0.0087883323431, -0.0141359269619, 0.0220104772598, -0.0114705348387, 0.00571619765833, -0.00424694549292, 0.00374564365484], [-0.00601491052657, 0.00731766968966, -0.00692722760141, 0.00720424763858, -0.00802311580628, 0.00890444498509, -0.00632483046502, 0.00938237272203, -0.0114705348387, 0.0215964205563, -0.010693971999, 0.00620562164113, -0.00279694772325], [0.00475665461272, -0.00721502956003, 0.00647265976295, -0.00548928743228, 0.0067283208482, -0.00872790627182, 0.00684039480984, -0.00452661840245, 0.00571619765833, -0.010693971999, 0.0238291509449, -0.0104510141537, 0.00642419280484], [-0.00389656657353, 0.00604345137253, -0.00571527471766, 0.00441388087347, -0.00410227803513, 0.00594432791695, -0.00524076633155, 0.00598187884316, -0.00424694549292, 0.00620562164113, -0.0104510141537, 0.0206844434142, -0.00913397595286], [0.0026262444444, -0.0039707813412, 0.00399745488539, -0.0035473338794, 0.00130067905411, -0.00238476111554, 0.00322519405745, -0.00467542698607, 0.00374564365484, -0.00279694772325, 0.00642419280484, -0.00913397595286, 0.0172049161047]]
    },
    "spectral_contrast_coeffs": {
        "max": [-0.451357632875, -0.44013351202, -0.472306996584, -0.537295460701, -0.580303490162, -0.537584424019],
        "mean": [-0.670463562012, -0.713076472282, -0.70762270689, -0.743337333202, -0.757548630238, -0.724039912224],
        "min": [-0.935404896736, -0.908047437668, -0.89377951622, -0.901043534279, -0.884904265404, -0.902849197388],
        "stdev": [0.0626383051276, 0.0843612253666, 0.0841369703412, 0.0618732944131, 0.0531765781343, 0.0443236790597]
    },
    "spectral_contrast_valleys": {
        "max": [-6.11509799957, -5.13890123367, -5.23734664917, -5.77890205383, -6.14691162109, -10.205368042],
        "mean": [-7.87862443924, -6.63467073441, -7.07590961456, -7.33708190918, -7.64452934265, -11.4339227676],
        "min": [-9.92156505585, -8.20745563507, -9.04352760315, -9.60556602478, -10.0221223831, -12.0017032623],
        "stdev": [0.571954548359, 0.492917776108, 0.517045259476, 0.546558558941, 0.558710932732, 0.185817435384]
    }
},
"rhythm": {
    "beats_count": 79,
    "beats_loudness": {
        "max": 0.0605601370335,
        "mean": 0.0252850987017,
        "min": 0.000455005065305,
        "stdev": 0.00994031783193
    },
    "bpm": 98.3806762695,
    "bpm_histogram_first_peak_bpm": 99,
    "bpm_histogram_first_peak_weight": 0.289855062962,
    "bpm_histogram_second_peak_bpm": 105,
    "bpm_histogram_second_peak_spread": 0,
    "bpm_histogram_second_peak_weight": 0.0384615398943,
    "danceability": 1.2203977108,
    "onset_rate": 2.6865234375,
    "beats_loudness_band_ratio": {
        "max": [0.349451452494, 0.517636299133, 0.88712233305, 0.916376292706, 0.79122877121, 0.148972257972],
        "mean": [0.0508805401623, 0.11631270498, 0.333783239126, 0.326184421778, 0.201315194368, 0.0300264563411],
        "min": [0.00338664907031, 0.0062199588865, 0.0303222220391, 0.0270447116345, 0.00376551691443, 0.000663857732434],
        "stdev": [0.053152423352, 0.113858871162, 0.193472862244, 0.209997877479, 0.203205689788, 0.0295609906316]
    },
    "beats_position": [0.568888902664, 1.13777780533, 1.70666658878, 2.28716540337, 2.85605430603, 3.43655323982, 4.01705217361, 4.7020406723, 5.38702917099, 6.04879808426, 6.72217655182, 7.39555549622, 8.0224943161, 8.66104316711, 9.287981987, 9.90331077576, 10.5186395645, 11.1455783844, 11.7725172043, 12.3994560242, 13.0263938904, 13.6533327103, 14.268661499, 14.8839902878, 15.4877090454, 16.1030387878, 16.7183666229, 17.3220863342, 17.9258041382, 18.5295238495, 19.1448516846, 19.760181427, 20.363899231, 20.9676189423, 21.5713367462, 22.1750564575, 22.7787742615, 23.3824939728, 23.9862117767, 24.6015415192, 25.2168693542, 25.8438091278, 26.470746994, 27.0976867676, 27.7246246338, 28.3399543762, 28.9552822113, 29.5590019226, 30.1743297577, 30.7896595001, 31.4049873352, 32.0203170776, 32.6472549438, 33.2625846863, 33.8779144287, 34.4816322327, 35.0853500366, 35.7006797791, 36.3160095215, 36.9197273254, 37.5234451294, 38.1271629333, 38.730884552, 39.334602356, 39.9499320984, 40.5652618408, 41.1805877686, 41.7726974487, 42.3764152527, 42.9801368713, 43.6070747375, 44.2107925415, 44.8145103455, 45.4182319641, 46.0219497681, 46.625667572, 47.2177772522, 47.8098869324, 48.3903846741],
