{
"metadata": {
    "version": {
        "essentia": "2.1-beta5",
        "essentia_git_sha": "Undefined",
        "extractor": "music 2.0"
    },
    "audio_properties": {
        "analysis": {
            "equal_loudness": 0,
            "length": 35.9909286499,
            "sample_rate": 44100,
            "start_time": 12.7477550507,
            "downmix": "mix"
        },
        "bit_rate": 192000,
        "length": 181.649703979,
        "lossless": 0,
        "number_channels": 2,
        "replay_gain": -3.54600906372,
        "sample_rate": 44100,
        "codec": "mp3",
        "md5_encoded": "246ccea1e08b52ae289c92caa68492c9"
    },
    "tags": {
        "file_name": "Ireland_One Day Love_Angela Farrell.mp3",
        "encoding": ["Lavf58.29.100"]
    }
},
"lowlevel": {
    "average_loudness": 0.916474819183,
    "barkbands_crest": {
        "max": 24.6894321442,
        "mean": 10.3343172073,
        "min": 3.19416022301,
        "stdev": 3.93110346794
    },
    "barkbands_flatness_db": {
        "max": 0.300899088383,
        "mean": 0.174412757158,
        "min": 0.0744503736496,
        "stdev": 0.0380969382823
    },
    "barkbands_kurtosis": {
        "max": 30.3396682739,
        "mean": 1.89888882637,
        "min": -1.81642520428,
        "stdev": 3.94945073128
    },
    "barkbands_skewness": {
        "max": 4.7496714592,
        "mean": 1.03043174744,
        "min": -1.66363620758,
        "stdev": 0.936163663864
    },
    "barkbands_spread": {
        "max": 54.6729660034,
        "mean": 15.1512918472,
        "min": 3.08540987968,
        "stdev": 7.26037931442
    },
    "dissonance": {
        "max": 0.499833464622,
        "mean": 0.444238781929,
        "min": 0.262128859758,
        "stdev": 0.0343828499317
    },
    "dynamic_complexity": 3.33413362503,
    "erbbands_crest": {
        "max": 29.8312587738,
        "mean": 11.4464025497,
        "min": 3.80959939957,
        "stdev": 4.38241815567
    },
    "erbbands_flatness_db": {
        "max": 0.367758303881,
        "mean": 0.228140220046,
        "min": 0.109857603908,
        "stdev": 0.0378444306552
    },
    "erbbands_kurtosis": {
        "max": 12.1845598221,
        "mean": 0.265986680984,
        "min": -1.91187334061,
        "stdev": 1.636105299
    },
    "erbbands_skewness": {
        "max": 2.9232468605,
        "mean": 0.31202968955,
        "min": -3.23084950447,
        "stdev": 0.744519233704
    },
    "erbbands_spread": {
        "max": 79.8519592285,
        "mean": 25.6719093323,
        "min": 3.97284889221,
        "stdev": 10.2751808167
    },
    "hfc": {
        "max": 91.3897094727,
        "mean": 16.7142295837,
        "min": 0.169713377953,
        "stdev": 15.3869476318
    },
    "loudness_ebu128": {
        "integrated": -21.8172512054,
        "loudness_range": 5.18614006042,
        "momentary": {
            "max": -17.6085071564,
            "mean": -22.7962913513,
            "min": -32.8791427612,
            "stdev": 3.19442152977
        },
        "short_term": {
            "max": -19.3699932098,
            "mean": -22.0985832214,
            "min": -29.0518550873,
            "stdev": 1.83612895012
        }
    },
    "melbands_crest": {
        "max": 30.0544300079,
        "mean": 12.7095041275,
        "min": 4.4118719101,
        "stdev": 4.88486480713
    },
    "melbands_flatness_db": {
        "max": 0.336077481508,
        "mean": 0.21405377984,
        "min": 0.0584151558578,
        "stdev": 0.0470768176019
    },
    "melbands_kurtosis": {
        "max": 57.355381012,
        "mean": 4.83811712265,
        "min": -1.76726508141,
        "stdev": 7.06756877899
    },
    "melbands_skewness": {
        "max": 6.85795307159,
        "mean": 1.57839846611,
        "min": -0.88125538826,
        "stdev": 1.05429375172
    },
    "melbands_spread": {
        "max": 110.572654724,
        "mean": 22.8815078735,
        "min": 3.57799458504,
        "stdev": 13.7342758179
    },
    "pitch_salience": {
        "max": 0.81926715374,
        "mean": 0.540611326694,
        "min": 0.179955422878,
        "stdev": 0.103188939393
    },
    "silence_rate_20dB": {
        "max": 1,
        "mean": 1,
        "min": 1,
        "stdev": 0
    },
    "silence_rate_30dB": {
        "max": 1,
        "mean": 1,
        "min": 1,
        "stdev": 0
    },
    "silence_rate_60dB": {
        "max": 1,
        "mean": 0.0889748558402,
        "min": 0,
        "stdev": 0.28470864892
    },
    "spectral_centroid": {
        "max": 3531.21508789,
        "mean": 1316.9654541,
        "min": 383.810760498,
        "stdev": 534.934143066
    },
    "spectral_complexity": {
        "max": 46,
        "mean": 14.7782077789,
        "min": 1,
        "stdev": 6.23407936096
    },
    "spectral_decrease": {
        "max": -5.46766729115e-11,
        "mean": -4.14974676843e-09,
        "min": -1.71863696607e-08,
        "stdev": 3.28732596699e-09
    },
    "spectral_energy": {
        "max": 0.0693042501807,
        "mean": 0.0171781238168,
        "min": 0.000227790369536,
        "stdev": 0.0136305214837
    },
    "spectral_energyband_high": {
        "max": 0.00235383189283,
        "mean": 0.000202397699468,
        "min": 4.79243317386e-06,
        "stdev": 0.000258644286077
    },
    "spectral_energyband_low": {
        "max": 0.00376725522801,
        "mean": 0.000332538358634,
        "min": 4.43720546173e-06,
        "stdev": 0.000370163790649
    },
    "spectral_energyband_middle_high": {
        "max": 0.0645894259214,
        "mean": 0.00688193086535,
        "min": 1.45227304529e-05,
        "stdev": 0.00797029025853
    },
    "spectral_energyband_middle_low": {
        "max": 0.0630850195885,
        "mean": 0.010002435185,
        "min": 9.61934929364e-05,
        "stdev": 0.00905301980674
    },
    "spectral_entropy": {
        "max": 8.17820072174,
        "mean": 7.07359790802,
        "min": 6.12884902954,
        "stdev": 0.339167833328
    },
    "spectral_flux": {
        "max": 0.199135199189,
        "mean": 0.0647566914558,
        "min": 0.00552251283079,
        "stdev": 0.03472071141
    },
    "spectral_kurtosis": {
        "max": 29.6037902832,
        "mean": 7.75034189224,
        "min": -0.42490530014,
        "stdev": 3.73435664177
    },
    "spectral_rms": {
        "max": 0.00822276715189,
        "mean": 0.0037607322447,
        "min": 0.000471417559311,
        "stdev": 0.00161740917247
    },
    "spectral_rolloff": {
        "max": 6782.95898438,
        "mean": 1575.04528809,
        "min": 301.46484375,
        "stdev": 836.151245117
    },
    "spectral_skewness": {
        "max": 4.26335287094,
        "mean": 1.77240681648,
        "min": 0.167166367173,
        "stdev": 0.529471099377
    },
    "spectral_spread": {
        "max": 21734664,
        "mean": 2995093.75,
        "min": 1691808.875,
        "stdev": 838113.4375
    },
    "spectral_strongpeak": {
        "max": 13.5423078537,
        "mean": 1.65838062763,
        "min": 0.0267611537129,
        "stdev": 1.59273517132
    },
    "zerocrossingrate": {
        "max": 0.14306640625,
        "mean": 0.0550180561841,
        "min": 0.0107421875,
        "stdev": 0.0198443550617
    },
    "barkbands": {
        "max": [2.11397637031e-05, 0.000529294775333, 0.00246698013507, 0.0049133496359, 0.0103512890637, 0.0501331686974, 0.0390452519059, 0.0231394357979, 0.0396231114864, 0.0504969954491, 0.0271554794163, 0.0238509587944, 0.0331043675542, 0.0169757083058, 0.0338746830821, 0.0215322598815, 0.0292037837207, 0.00977255217731, 0.0036461732816, 0.0031022913754, 0.000647565058898, 0.000481454218971, 0.000590855139308, 0.000242650567088, 3.87999534723e-06, 2.44509215008e-06, 1.93458595277e-06],
        "mean": [9.20120214687e-07, 4.4387728849e-05, 0.000198722002096, 0.000290816649795, 0.00107781949919, 0.00359732587822, 0.00171020627022, 0.000595527468249, 0.00242212275043, 0.00148782797623, 0.000884372391738, 0.000699438154697, 0.000544321839698, 0.000538822321687, 0.000775387918111, 0.00077942624921, 0.000603448250331, 0.000430477783084, 0.000224504256039, 0.000187583034858, 4.35011170339e-05, 2.12126415136e-05, 1.31270135171e-05, 4.36880009147e-06, 1.27211933432e-06, 1.16429725949e-06, 1.41183837954e-08],
        "min": [8.61076765446e-10, 2.3143695671e-07, 4.26487218874e-07, 6.50013816994e-07, 4.73320233141e-06, 6.38865867586e-06, 2.80446056422e-06, 9.60249394666e-07, 1.01982197975e-06, 7.69318887706e-07, 4.08949119901e-07, 1.19594812986e-06, 5.56644067728e-07, 6.7976657192e-07, 6.73554893638e-07, 5.75502554057e-07, 3.25675159729e-07, 5.09483527367e-07, 6.90120373292e-07, 4.18112506395e-07, 3.70158716123e-07, 3.16276327794e-07, 3.69297197267e-07, 4.33451248227e-07, 6.02804163918e-07, 6.62909087623e-07, 1.05914138571e-10],
        "stdev": [1.13002352009e-06, 5.22012778674e-05, 0.000288601760985, 0.000534886377864, 0.00125857349485, 0.00542595656589, 0.00381864234805, 0.00156529690139, 0.00467108888552, 0.00336026633158, 0.00238606031053, 0.00195046863519, 0.00195789383724, 0.00115804863162, 0.00197086855769, 0.00174460525159, 0.00171834765933, 0.000861462263856, 0.000338891753927, 0.000292923097732, 6.79613149259e-05, 4.07707557315e-05, 3.41847735399e-05, 1.22695755636e-05, 2.81788658185e-07, 1.73272312054e-07, 4.93085892117e-08]
    },
    "erbbands": {
        "max": [0.0097664296627, 0.146174430847, 2.03658652306, 7.71421051025, 41.1035118103, 43.9439048767, 145.089233398, 500.767883301, 633.78326416, 207.946075439, 722.144165039, 1060.15966797, 617.181762695, 2447.47851562, 1065.47131348, 877.775146484, 1571.7800293, 483.91317749, 2353.18823242, 815.723449707, 880.135070801, 1234.10644531, 681.524841309, 309.853424072, 137.656066895, 139.844360352, 56.4464302063, 15.3252801895, 21.8007926941, 21.3226947784, 13.3302774429, 9.17703056335, 1.02915477753, 0.109046280384, 0.0196726266295, 0.00983441621065, 0.00526832090691, 0.00128255574964, 0.000275556027191, 8.63154273247e-05],
        "mean": [0.000588225782849, 0.0158545207232, 0.183986723423, 0.591348230839, 2.31844305992, 3.87046170235, 10.061674118, 34.7990341187, 34.5491218567, 13.9570436478, 25.0899124146, 51.7870521545, 41.6645965576, 48.8035850525, 36.2665023804, 26.4887619019, 27.6245269775, 23.0686397552, 34.7793273926, 44.5910186768, 40.9209899902, 33.8555374146, 26.151134491, 16.5679893494, 8.76568412781, 9.25144290924, 3.85316061974, 1.06479418278, 0.831984341145, 0.518393218517, 0.346735358238, 0.153954774141, 0.041241902858, 0.0146541530266, 0.00944378972054, 0.00575760612264, 0.0021398102399, 0.000180575094419, 1.35325026349e-05, 2.09599311347e-05],
        "min": [1.83192678378e-05, 0.000158085953444, 0.00111222604755, 0.00380698149092, 0.00571400113404, 0.0240435153246, 0.0404686145484, 0.0409817956388, 0.0365006513894, 0.0214115008712, 0.0777907371521, 0.0361501350999, 0.0496836863458, 0.0183500945568, 0.0414457321167, 0.0502050705254, 0.110594891012, 0.0419548079371, 0.0596756264567, 0.0295952539891, 0.0317860208452, 0.0229952093214, 0.0552136301994, 0.0555682182312, 0.0278284903616, 0.0210047997534, 0.0198063421994, 0.0142903374508, 0.0103961443529, 0.0122265154496, 0.00980984605849, 0.00906338449568, 0.00883434619755, 0.00661538681015, 0.00459646899253, 0.00261912564747, 0.00113530014642, 9.39511519391e-05, 2.88730257125e-06, 4.38157513827e-07],
        "stdev": [0.000724874495063, 0.0165969021618, 0.2382145226, 0.840209245682, 4.37947893143, 4.1221985817, 14.5848312378, 56.9024276733, 68.7224731445, 24.0801067352, 62.6417350769, 107.907684326, 70.6300735474, 152.382781982, 81.2428894043, 66.7500457764, 96.6284484863, 44.2475128174, 108.3411026, 90.6596679688, 91.2191925049, 83.450050354, 52.9401855469, 26.3390808105, 12.3776979446, 14.5102348328, 5.30180120468, 1.59585165977, 1.77217662334, 1.29667615891, 0.839147865772, 0.492036014795, 0.0722653195262, 0.00688754534349, 0.001744865207, 0.00100932561327, 0.000376881798729, 4.27886516263e-05, 1.03134880192e-05, 1.65020010172e-05]
    },
    "gfcc": {
        "mean": [-51.8936157227, 107.616790771, -159.843704224, 7.10835647583, -64.4184265137, -17.2639217377, -44.8082122803, 0.987754821777, -30.7559890747, -3.87693762779, -18.6301269531, -0.467346966267, -8.79720211029],
        "cov": [[1662.06335449, 18.8444576263, -949.185546875, -3.66014385223, 55.7541160583, -192.431488037, 162.240783691, -100.353111267, 141.512588501, -126.03981781, 94.5954437256, -46.1297187805, 91.6520462036], [18.8444576263, 315.705352783, 190.827194214, -152.75479126, 57.5734062195, -30.2050762177, -21.2586746216, 14.2514390945, -43.8040618896, 25.8693847656, 23.0920944214, -53.4565734863, -20.1210327148], [-949.185546875, 190.827194214, 831.205749512, 48.5222434998, -38.4851951599, 105.769065857, -125.809608459, 37.660194397, -93.1079330444, 63.8631820679, -48.9296875, -11.8997049332, -97.955581665], [-3.66014385223, -152.75479126, 48.5222434998, 338.634277344, 23.3869132996, -0.610313653946, -20.3392791748, -14.9915533066, 33.8199615479, -39.7603263855, -63.0252227783, 21.5729885101, -16.7000179291], [55.7541160583, 57.5734062195, -38.4851951599, 23.3869132996, 154.322814941, -19.3303070068, -33.4198036194, 22.258928299, -9.41988372803, -3.66882538795, -15.8362398148, -22.5555744171, 15.9526224136], [-192.431488037, -30.2050762177, 105.769065857, -0.610313653946, -19.3303070068, 221.813079834, 87.0360488892, -28.3504810333, -52.9815711975, 7.8043088913, -20.6247501373, -9.67133045197, -52.6115837097], [162.240783691, -21.2586746216, -125.809608459, -20.3392791748, -33.4198036194, 87.0360488892, 180.3228302, 2.16900253296, -34.0103645325, 2.43458771706, 13.4668207169, 9.90216636658, -3.10321569443], [-100.353111267, 14.2514390945, 37.660194397, -14.9915533066, 22.258928299, -28.3504810333, 2.16900253296, 106.72026062, 27.9906044006, -7.78076982498, -19.4594192505, 3.72183775902, 21.1856040955], [141.512588501, -43.8040618896, -93.1079330444, 33.8199615479, -9.41988372803, -52.9815711975, -34.0103645325, 27.9906044006, 108.874679565, -1.32500255108, -7.66395044327, 0.15826587379, 18.5257072449], [-126.03981781, 25.8693847656, 63.8631820679, -39.7603263855, -3.66882538795, 7.8043088913, 2.43458771706, -7.78076982498, -1.32500255108, 101.810562134, 39.8117370605, -4.78611183167, -15.6381101608], [94.5954437256, 23.0920944214, -48.9296875, -63.0252227783, -15.8362398148, -20.6247501373, 13.4668207169, -19.4594192505, -7.66395044327, 39.8117370605, 110.683456421, 29.2830047607, 1.23482608795], [-46.1297187805, -53.4565734863, -11.8997049332, 21.5729885101, -22.5555744171, -9.67133045197, 9.90216636658, 3.72183775902, 0.15826587379, -4.78611183167, 29.2830047607, 105.88785553, 38.9562187195], [91.6520462036, -20.1210327148, -97.955581665, -16.7000179291, 15.9526224136, -52.6115837097, -3.10321569443, 21.1856040955, 18.5257072449, -15.6381101608, 1.23482608795, 38.9562187195, 91.0315856934]],
        "icov": [[0.0247820746154, -0.0307321269065, 0.0268237236887, -0.0173768308014, 0.00590761937201, 0.00410853512585, -0.0144589133561, 0.0208982732147, -0.0235959347337, 0.0235229209065, -0.0191914476454, 0.0128825781867, -0.00649467017502], [-0.0307321269065, 0.0527219697833, -0.0428420379758, 0.0309637337923, -0.0196514725685, 0.00445865141228, 0.00532519957051, -0.0158947873861, 0.0208479966968, -0.0219525527209, 0.0208518374711, -0.0116235185415, 0.00875339936465], [0.0268237236887, -0.0428420379758, 0.0390934981406, -0.0261695813388, 0.0171892531216, -0.00411305576563, -0.00221615284681, 0.011519620195, -0.0147971427068, 0.0175937712193, -0.0177306775004, 0.0106687890366, -0.00564724113792], [-0.0173768308014, 0.0309637337923, -0.0261695813388, 0.0229085925967, -0.0143806291744, 0.00460133235902, -0.000116142655315, -0.00499502755702, 0.00746884243563, -0.0100722257048, 0.0142548037693, -0.00904036033899, 0.00714494753629], [0.00590761937201, -0.0196514725685, 0.0171892531216, -0.0143806291744, 0.0220906268805, -0.00917508639395, 0.0128627689555, -0.00916962698102, 0.00792854093015, -0.00317333242856, -0.00219167768955, 0.00251136091538, -0.00423808442429], [0.00410853512585, 0.00445865141228, -0.00411305576563, 0.00460133235902, -0.00917508639395, 0.0160554796457, -0.0173252616078, 0.014403225854, -0.0111138597131, 0.00969953462481, -0.00251398095861, 0.00342025444843, 0.00271012657322], [-0.0144589133561, 0.00532519957051, -0.00221615284681, -0.000116142655315, 0.0128627689555, -0.0173252616078, 0.0343863740563, -0.0290404353291, 0.0300608519465, -0.0238653868437, 0.0130031127483, -0.0107734464109, 0.00320860696957], [0.0208982732147, -0.0158947873861, 0.011519620195, -0.00499502755702, -0.00916962698102, 0.014403225854, -0.0290404353291, 0.0421283356845, -0.035462744534, 0.0284682139754, -0.0158385839313, 0.0122289080173, -0.00684866169468], [-0.0235959347337, 0.0208479966968, -0.0147971427068, 0.00746884243563, 0.00792854093015, -0.0111138597131, 0.0300608519465, -0.035462744534, 0.0472113266587, -0.0319143272936, 0.0208644494414, -0.0131478961557, 0.00553079973906], [0.0235229209065, -0.0219525527209, 0.0175937712193, -0.0100722257048, -0.00317333242856, 0.00969953462481, -0.0238653868437, 0.0284682139754, -0.0319143272936, 0.0407261066139, -0.0251185111701, 0.0155056864023, -0.00553199322894], [-0.0191914476454, 0.0208518374711, -0.0177306775004, 0.0142548037693, -0.00219167768955, -0.00251398095861, 0.0130031127483, -0.0158385839313, 0.0208644494414, -0.0251185111701, 0.0311278142035, -0.0171255171299, 0.00887280609459], [0.0128825781867, -0.0116235185415, 0.0106687890366, -0.00904036033899, 0.00251136091538, 0.00342025444843, -0.0107734464109, 0.0122289080173, -0.0131478961557, 0.0155056864023, -0.0171255171299, 0.0234773438424, -0.0118696521968], [-0.00649467017502, 0.00875339936465, -0.00564724113792, 0.00714494753629, -0.00423808442429, 0.00271012657322, 0.00320860696957, -0.00684866169468, 0.00553079973906, -0.00553199322894, 0.00887280609459, -0.0118696521968, 0.0215884447098]]
    },
    "melbands": {
        "max": [0.000107369749458, 0.000715052883606, 0.0024094232358, 0.0025528150145, 0.00386717938818, 0.0111863939092, 0.0092246606946, 0.00198449706659, 0.00812841299921, 0.00573721155524, 0.00302230380476, 0.0101310135797, 0.00359629956074, 0.00360099854879, 0.00173615000676, 0.00431996909901, 0.0010664408328, 0.00428888900205, 0.00150897866115, 0.00164837297052, 0.00132673128974, 0.00183253979776, 0.000737700844184, 0.000551108038053, 0.000287835748168, 0.00010611549078, 5.93838776695e-05, 0.000118822739751, 6.08102527622e-05, 2.11031783692e-05, 9.28509052756e-06, 1.8316664864e-05, 1.19730320876e-05, 1.40244001159e-05, 7.91197999206e-06, 7.91919501353e-06, 4.88572322865e-06, 8.94749575764e-07, 1.97869923113e-07, 5.06929680455e-08],
        "mean": [8.35602986626e-06, 7.06222199369e-05, 0.000157304297318, 0.000219970199396, 0.000314525997965, 0.000774425338022, 0.000490477599669, 0.000129483640194, 0.000265806214884, 0.000314757693559, 0.000204323179787, 0.000202315262868, 0.000125016798847, 9.27444925765e-05, 6.01454157731e-05, 4.78583278891e-05, 4.27916056651e-05, 5.52144483663e-05, 6.15154131083e-05, 5.17810440215e-05, 4.7607729357e-05, 3.37691417371e-05, 3.00058818539e-05, 2.083646541e-05, 1.28006904561e-05, 7.73585634306e-06, 4.92445769851e-06, 6.76903209751e-06, 3.07900518237e-06, 7.53803078624e-07, 5.07801473759e-07, 4.93396157708e-07, 3.58295324077e-07, 2.70326125928e-07, 2.22565063268e-07, 1.33878188535e-07, 7.54411146886e-08, 3.07158174451e-08, 1.46180934024e-08, 1.10899636141e-08],
        "min": [1.35304048854e-07, 5.88435398186e-07, 9.93448225017e-07, 8.43969871767e-07, 1.48901779085e-06, 1.00275315162e-06, 4.36827605199e-07, 1.88825822534e-07, 2.42078584733e-07, 1.40138311622e-07, 1.73776541601e-07, 5.45013278952e-08, 1.08933122078e-07, 1.50523234765e-07, 4.80115822654e-08, 6.42168132003e-08, 5.36465094569e-08, 7.02242104467e-08, 4.6553171984e-08, 3.82311320379e-08, 3.12286552173e-08, 2.34672867805e-08, 2.06941113134e-08, 3.45767041665e-08, 3.8691311488e-08, 1.84225257271e-08, 1.8336917762e-08, 9.96999283132e-09, 1.15177565263e-08, 5.60184565401e-09, 5.06934005884e-09, 3.75681619147e-09, 5.68134650436e-09, 5.74877168091e-09, 5.35274669033e-09, 5.42672085047e-09, 4.23135748662e-09, 5.00891772504e-09, 3.67566577175e-09, 4.89073359589e-09],
        "stdev": [9.8086802609e-06, 8.44663009048e-05, 0.0002524984302, 0.000260390486801, 0.000422761018854, 0.00120934378356, 0.000971828005277, 0.000240430556005, 0.000673577422276, 0.000626623630524, 0.000365386600606, 0.000629095302429, 0.000304163579131, 0.000275307364063, 0.000156894064276, 0.000189874946955, 9.22904291656e-05, 0.000200456226594, 0.000146825259435, 0.000129149353597, 0.000121090037283, 0.000106728497485, 6.61618760205e-05, 4.28542989539e-05, 2.28727185458e-05, 1.16819483083e-05, 7.51294010115e-06, 1.1813997844e-05, 4.72153806186e-06, 1.58479167567e-06, 8.50108847317e-07, 1.23190113754e-06, 8.04142757715e-07, 7.84320263847e-07, 5.15367958087e-07, 4.31180609439e-07, 2.45019606382e-07, 5.56025696596e-08, 1.15266400869e-08, 3.37208616585e-09]
    },
    "melbands128": {
        "max": [1.07998484964e-05, 6.21965882601e-05, 0.000162074938999, 0.000285957066808, 0.000818648200948, 0.00127767422237, 0.00165776000358, 0.00368853891268, 0.00536142662168, 0.00351328891702, 0.00278553180397, 0.00424281600863, 0.00636201212183, 0.0106052970514, 0.0153958424926, 0.0230116918683, 0.0126206222922, 0.0173977185041, 0.00572690088302, 0.00395694607869, 0.00344002665952, 0.00965225696564, 0.0107836592942, 0.0162419620901, 0.0120772272348, 0.0067497366108, 0.00736021995544, 0.0052253594622, 0.00556061556563, 0.0110919615254, 0.0168763697147, 0.00474740983918, 0.00720885954797, 0.00513178203255, 0.00635899975896, 0.00549959531054, 0.00281415926293, 0.00280883559026, 0.00474623637274, 0.00682676723227, 0.00578558677807, 0.00193802278955, 0.002020068001, 0.00214971671812, 0.00442501576617, 0.0103008626029, 0.00157055014279, 0.00362301594578, 0.00176989566535, 0.00312704290263, 0.0032688525971, 0.00153216067702, 0.00241016340442, 0.0019384236075, 0.00596284074709, 0.00362067436799, 0.00122483435553, 0.00161522056442, 0.00144807051402, 0.00147168559488, 0.000682671903633, 0.000890354975127, 0.000581924861763, 0.000441081094323, 0.000226175223361, 0.000133435489261, 0.000294778932584, 0.00014955001825, 0.000117493567814, 0.000121285542264, 0.000217904875171, 0.000315854005748, 0.000144887468196, 7.96893655206e-05, 5.69926596654e-05, 2.51393212238e-05, 3.3813623304e-05, 1.78522604983e-05, 1.05100507426e-05, 1.49385396071e-05, 2.78555198747e-05, 2.56026542047e-05, 1.62923479365e-05, 1.28767751448e-05, 1.02955045804e-05, 2.12417780858e-05, 1.67223879544e-05, 7.82165352575e-06, 9.76099818217e-06, 8.49972457218e-06, 1.08401154648e-05, 9.56453641265e-06, 9.54930692387e-06, 5.99150416747e-06, 2.02349770007e-06, 1.38398627314e-06, 7.68864936163e-07, 4.06475351156e-07, 2.05540217735e-07, 1.07997685461e-07, 1.04211885343e-07, 3.57894904823e-08, 3.1242034737e-08, 4.24498267648e-08, 3.4844230612e-08, 3.30009655158e-08, 3.0016867214e-08, 3.09989367508e-08, 2.73541562734e-08, 2.65106585573e-08, 2.43958204749e-08, 2.41121220768e-08, 2.13295283658e-08, 1.98983425292e-08, 8.59337845327e-09, 9.58267065698e-09, 9.46107725497e-09, 8.91957263605e-09, 8.75066330508e-09, 8.54161541497e-09, 8.34272473327e-09, 8.13629785767e-09, 7.99640531568e-09, 7.81766118507e-09, 7.73539632348e-09, 7.65802798952e-09, 7.58332152628e-09, 7.54125650815e-09],
        "mean": [6.40437690436e-07, 2.59403964264e-06, 7.98985638539e-06, 2.57236770267e-05, 7.80575937824e-05, 9.99863477773e-05, 9.19724552659e-05, 0.000178139525815, 0.000254834885709, 0.000212307684706, 0.000214415791561, 0.000194363557966, 0.000252575118793, 0.000585885136388, 0.000738140253816, 0.00100868742447, 0.000704109785147, 0.000425021251431, 0.00016222121485, 0.000151580490638, 9.26516149775e-05, 0.000111299617856, 0.000229857396334, 0.000512307684403, 0.000413163565099, 0.000167881400557, 0.000248953991104, 0.000168247061083, 0.000227984361118, 0.000233592261793, 0.00020307979139, 0.000117069648695, 0.000151117419591, 8.43974412419e-05, 0.000120864191558, 0.000100286291854, 3.77439755539e-05, 4.84919291921e-05, 8.55132675497e-05, 7.09576997906e-05, 2.69762731477e-05, 3.24600368913e-05, 3.84703052987e-05, 5.03921401105e-05, 5.84858607908e-05, 6.40475627733e-05, 3.68211840396e-05, 6.87334540999e-05, 6.04648012086e-05, 7.09039159119e-05, 4.60243645648e-05, 3.72807444364e-05, 6.25463508186e-05, 4.26624428655e-05, 3.32613526552e-05, 3.14101016556e-05, 3.39006983268e-05, 4.28006460425e-05, 2.12565264519e-05, 2.20250985876e-05, 2.10962680285e-05, 2.20959936996e-05, 1.2200063793e-05, 9.68171480054e-06, 1.36891703733e-05, 7.37327172828e-06, 4.85244208903e-06, 5.14397243023e-06, 4.76176046504e-06, 4.63565947939e-06, 7.89660043665e-06, 7.80862046668e-06, 3.85452540286e-06, 2.79330333797e-06, 1.22720166473e-06, 6.13339921074e-07, 5.58081978852e-07, 7.48899083192e-07, 3.73425024236e-07, 4.80654591684e-07, 4.7631004918e-07, 5.13245595357e-07, 4.75822787394e-07, 3.40357445339e-07, 2.78015278354e-07, 2.39512587541e-07, 2.98098143503e-07, 2.68720242502e-07, 2.39069123609e-07, 1.6479243925e-07, 1.48985506598e-07, 1.23444493738e-07, 1.14234197213e-07, 7.70695436358e-08, 5.31515453872e-08, 3.66071013502e-08, 2.73361298042e-08, 1.92903293339e-08, 1.42105793799e-08, 1.23740990787e-08, 1.16203340284e-08, 1.06059525606e-08, 1.08638547047e-08, 1.0721389998e-08, 1.05880220147e-08, 1.03966586451e-08, 1.04931725531e-08, 1.04988302496e-08, 9.95979743124e-09, 9.99924587575e-09, 9.04761243703e-09, 8.12870837308e-09, 7.15019465858e-09, 5.69256242144e-09, 3.21614179732e-09, 1.24381638322e-09, 4.62036714444e-10, 9.23281503334e-12, 8.74083010832e-12, 8.54514202453e-12, 8.3522477129e-12, 8.1598105009e-12, 8.00888955849e-12, 7.83244389485e-12, 7.75535365094e-12, 7.68429330583e-12, 7.61963842716e-12, 7.57661815232e-12],
        "min": [4.11996175023e-12, 4.756133265e-09, 3.22810649322e-08, 8.29020674331e-09, 1.43395084251e-07, 2.10342889773e-07, 2.44244915848e-07, 1.98835223841e-07, 4.73395857625e-07, 3.73160332856e-07, 2.11716326248e-07, 2.32037464798e-07, 1.46388970279e-07, 2.67408665877e-07, 3.25652933952e-07, 7.86128069308e-08, 2.73473290235e-07, 1.93632416767e-07, 1.51634694134e-07, 6.51434675092e-08, 6.7654951863e-08, 1.9058060019e-08, 2.97551956407e-08, 1.00209383902e-07, 9.94752156203e-08, 5.30697938927e-08, 8.87202702415e-08, 1.22459653085e-07, 1.6860678187e-08, 2.08252739498e-08, 2.05813819321e-08, 2.86865322607e-08, 2.92384250145e-08, 4.68946161902e-08, 1.07315338838e-08, 8.76238743786e-08, 2.46009683735e-08, 1.36331390621e-08, 1.71145853045e-08, 2.43741062889e-08, 1.22027801197e-08, 2.00495424707e-08, 2.13834070451e-08, 2.53610572543e-08, 3.66990704492e-08, 3.21898845357e-08, 1.35310287419e-08, 2.34020198775e-08, 1.29223121093e-08, 1.9239330129e-08, 1.48427421465e-08, 1.98613765434e-08, 2.22316938192e-08, 1.73709508999e-08, 1.10332738501e-08, 1.82503736568e-08, 1.52516559382e-08, 1.08326760895e-08, 1.74570455869e-08, 8.06993405433e-09, 8.09987632522e-09, 8.38896241362e-09, 1.82109083369e-08, 1.38409665951e-08, 1.62373865464e-08, 1.36665407879e-08, 1.16725438204e-08, 8.68831051548e-09, 1.23943166841e-08, 8.31606161711e-09, 2.31247176963e-09, 8.08434297284e-09, 5.49698819796e-09, 8.71954508597e-09, 6.51857767764e-09, 3.43368000699e-09, 1.57213486673e-09, 2.66486499534e-09, 2.649570785e-09, 2.46668929726e-09, 3.90709065101e-09, 2.50703346971e-09, 1.00628139155e-09, 2.53536791561e-09, 2.32046715176e-09, 3.02218983173e-09, 1.16172627074e-09, 3.09006198407e-09, 3.35300365251e-09, 3.483714206e-09, 3.34652727751e-09, 3.04723424271e-09, 3.1193334582e-09, 2.03884775729e-09, 3.23726556672e-09, 2.82965606502e-09, 3.30006155735e-09, 3.03906677601e-09, 2.82789169859e-09, 2.92695956361e-09, 2.99704883133e-09, 3.11057779534e-09, 2.48148657178e-09, 2.63751087637e-09, 3.01802338676e-09, 2.85462209426e-09, 3.24386584261e-09, 2.5082420585e-09, 3.01878633202e-09, 3.04576497356e-09, 2.8881323999e-09, 2.43654363352e-09, 2.26965379824e-09, 1.9441681598e-09, 1.12005682507e-09, 1.09528622283e-10, 6.05019897029e-12, 2.31165889382e-13, 1.28492607721e-13, 1.27213886127e-13, 1.60198202902e-13, 1.44013883392e-13, 1.73584887783e-13, 1.52833027809e-13, 1.05735515829e-13, 1.50386525607e-13, 1.8812352392e-13, 1.5688593816e-13],
        "stdev": [7.49998378069e-07, 4.33588638771e-06, 1.32388540806e-05, 3.20911130984e-05, 0.000100388526334, 0.000151776897837, 0.000147274433402, 0.000358982419129, 0.000590423238464, 0.000299697130686, 0.000277426704997, 0.000348110013874, 0.000513455306645, 0.00107544532511, 0.00129800871946, 0.00236543058418, 0.00148188846651, 0.00143822235987, 0.000480923801661, 0.000372018868802, 0.000243140239036, 0.000523221096955, 0.000809273333289, 0.00147343892604, 0.00111962342635, 0.000493491243105, 0.000711423286702, 0.000424974918133, 0.000604853907134, 0.000742701638956, 0.00107275263872, 0.000358235905878, 0.000501342699863, 0.000297438644338, 0.000427804450737, 0.000406723265769, 0.000159015398822, 0.000141395445098, 0.000347962719388, 0.000354869931471, 0.000198334295419, 0.000106130522909, 0.000112866051495, 0.000151041836943, 0.00021925031615, 0.000443690427346, 0.000108699547127, 0.000269775395282, 0.000175626453711, 0.00022840766178, 0.00019883576897, 0.000129641746753, 0.000211595805013, 0.000140492295031, 0.000237222164287, 0.000137372800964, 9.64748032857e-05, 0.000130636995891, 7.28863815311e-05, 8.3863560576e-05, 5.60000444239e-05, 5.63804933336e-05, 3.74131013814e-05, 2.61974892055e-05, 2.51503533946e-05, 1.37990527946e-05, 1.56623427756e-05, 1.12118859761e-05, 9.86598843156e-06, 9.23100105865e-06, 1.77227666427e-05, 1.81314826477e-05, 8.76433023222e-06, 5.6201811276e-06, 3.64608877135e-06, 2.00273166229e-06, 1.57205317919e-06, 1.81814516509e-06, 7.74375791934e-07, 1.1599811387e-06, 1.58884995471e-06, 1.81776044883e-06, 1.19296225876e-06, 9.70063297245e-07, 8.07894139143e-07, 9.3517382993e-07, 9.4304476761e-07, 6.61738795316e-07, 5.9054269741e-07, 4.49239138334e-07, 4.84627889819e-07, 4.60922734646e-07, 4.39110550587e-07, 2.80056724478e-07, 1.36726129085e-07, 8.22881176532e-08, 4.48853327839e-08, 2.41620963237e-08, 1.20035306139e-08, 7.68098029624e-09, 6.1862044376e-09, 3.98398380952e-09, 3.93330168436e-09, 3.8212584208e-09, 3.63537422388e-09, 3.4345273292e-09, 3.5831986267e-09, 3.57139562368e-09, 3.27164761948e-09, 3.29784244357e-09, 2.8746105496e-09, 2.65497490659e-09, 2.2462165461e-09, 1.84139004045e-09, 1.03655417583e-09, 4.80055550867e-10, 3.34798522239e-10, 2.26415650117e-10, 2.22124152405e-10, 2.16814538545e-10, 2.11762898883e-10, 2.06520897605e-10, 2.02967670448e-10, 1.98429189746e-10, 1.96338514891e-10, 1.94373850348e-10, 1.92476729e-10, 1.91409207928e-10]
    },
    "mfcc": {
        "mean": [-689.774658203, 144.886520386, -41.8048362732, 18.2088127136, -12.9704227448, -14.9297885895, -12.8407068253, -5.34882116318, -13.1147432327, -2.37917518616, -14.785525322, -9.10840034485, -4.1310377121],
        "cov": [[2324.27099609, -234.617095947, -1041.25341797, 85.5145492554, -237.308410645, -33.9152336121, -110.50806427, 118.974060059, -52.0606193542, 81.8150787354, -110.697380066, -0.564214766026, -18.6645507812], [-234.617095947, 523.843566895, 105.087974548, -123.665435791, 64.2140808105, -100.033569336, 85.6048202515, -103.610191345, -25.3142967224, 1.70174753666, 43.8406639099, 17.8060188293, 10.0266819], [-1041.25341797, 105.087974548, 734.058410645, 1.05873346329, 64.5912246704, 86.8275222778, 36.2159194946, -31.4229812622, -8.56731987, -38.8155517578, 70.301361084, 15.7696027756, -12.4652290344], [85.5145492554, -123.665435791, 1.05873346329, 262.720733643, 91.2696762085, -30.6373767853, -68.3584823608, 17.2830410004, 26.9512653351, -24.8148040771, -30.6420974731, 12.2484855652, -18.718963623], [-237.308410645, 64.2140808105, 64.5912246704, 91.2696762085, 245.14151001, -49.1483421326, -55.8648376465, -28.7624740601, 2.95115709305, 13.5249166489, -21.4037494659, 6.94079828262, -47.8210678101], [-33.9152336121, -100.033569336, 86.8275222778, -30.6373767853, -49.1483421326, 199.535430908, 71.1196746826, 16.0002670288, -4.45490789413, -10.7654180527, 43.220867157, -28.742225647, -18.5296878815], [-110.50806427, 85.6048202515, 36.2159194946, -68.3584823608, -55.8648376465, 71.1196746826, 183.932281494, 10.944026947, -10.7881059647, -3.95853447914, 26.894695282, -18.9071083069, 16.6853370667], [118.974060059, -103.610191345, -31.4229812622, 17.2830410004, -28.7624740601, 16.0002670288, 10.944026947, 125.8671875, 42.3427886963, -16.2293872833, -33.5783500671, -15.8671159744, 14.5058012009], [-52.0606193542, -25.3142967224, -8.56731987, 26.9512653351, 2.95115709305, -4.45490789413, -10.7881059647, 42.3427886963, 121.583297729, 6.95534849167, -20.7534065247, -19.0379104614, 4.98182964325], [81.8150787354, 1.70174753666, -38.8155517578, -24.8148040771, 13.5249166489, -10.7654180527, -3.95853447914, -16.2293872833, 6.95534849167, 119.720108032, 20.7470188141, -23.6433391571, -44.2889328003], [-110.697380066, 43.8406639099, 70.301361084, -30.6420974731, -21.4037494659, 43.220867157, 26.894695282, -33.5783500671, -20.7534065247, 20.7470188141, 124.253952026, 17.1439647675, -40.4226455688], [-0.564214766026, 17.8060188293, 15.7696027756, 12.2484855652, 6.94079828262, -28.742225647, -18.9071083069, -15.8671159744, -19.0379104614, -23.6433391571, 17.1439647675, 116.256530762, 41.7927207947], [-18.6645507812, 10.0266819, -12.4652290344, -18.718963623, -47.8210678101, -18.5296878815, 16.6853370667, 14.5058012009, 4.98182964325, -44.2889328003, -40.4226455688, 41.7927207947, 145.495101929]],
        "icov": [[0.0044844346121, -0.00416607176885, 0.00617811502889, -0.00462427735329, 0.00596543075517, -0.00585120357573, 0.00519228773192, -0.00566024379805, 0.00495770387352, -0.00442700274289, 0.00400754669681, -0.00297551159747, 0.00243190373294], [-0.00416607176885, 0.00849186256528, -0.00621806783602, 0.00654446100816, -0.0073253964074, 0.00916116498411, -0.00795198325068, 0.00821799784899, -0.00555263506249, 0.00551744690165, -0.00517269363627, 0.0032205611933, -0.00245131901465], [0.00617811502889, -0.00621806783602, 0.010204567574, -0.00650987029076, 0.00764258205891, -0.00909578055143, 0.0073560429737, -0.00785585213453, 0.00672881212085, -0.00554619729519, 0.00472695985809, -0.00414771120995, 0.00313699780963], [-0.00462427735329, 0.00654446100816, -0.00650987029076, 0.0109288757667, -0.00860141497105, 0.00774750253186, -0.00563443405554, 0.00656385533512, -0.00641757855192, 0.00658714864403, -0.00436561089009, 0.00269748526625, -0.00180739001371], [0.00596543075517, -0.0073253964074, 0.00764258205891, -0.00860141497105, 0.0145864514634, -0.00826707389206, 0.00843824073672, -0.00731916446239, 0.00685203447938, -0.00707421218976, 0.0078579634428, -0.00499165663496, 0.00555061222985], [-0.00585120357573, 0.00916116498411, -0.00909578055143, 0.00774750253186, -0.00826707389206, 0.0176715292037, -0.0111689986661, 0.00876565743238, -0.00700357509777, 0.00791950896382, -0.0083017712459, 0.00583534687757, -0.00255627883598], [0.00519228773192, -0.00795198325068, 0.0073560429737, -0.00563443405554, 0.00843824073672, -0.0111689986661, 0.0154039692134, -0.00926648918539, 0.0069615226239, -0.00602175388485, 0.00436384184286, -0.00244243256748, 0.00147034868132], [-0.00566024379805, 0.00821799784899, -0.00785585213453, 0.00656385533512, -0.00731916446239, 0.00876565743238, -0.00926648918539, 0.0195353999734, -0.0100674880669, 0.00747771793976, -0.0033324752003, 0.00422649132088, -0.00281424215063], [0.00495770387352, -0.00555263506249, 0.00672881212085, -0.00641757855192, 0.00685203447938, -0.00700357509777, 0.0069615226239, -0.0100674880669, 0.0156349726021, -0.00647988682613, 0.00487822294235, -0.00183607789222, 0.00170988636091], [-0.00442700274289, 0.00551744690165, -0.00554619729519, 0.00658714864403, -0.00707421218976, 0.00791950896382, -0.00602175388485, 0.00747771793976, -0.00647988682613, 0.0155307678506, -0.0060954275541, 0.00461575761437, -1.71889132616e-05], [0.00400754669681, -0.00517269363627, 0.00472695985809, -0.00436561089009, 0.0078579634428, -0.0083017712459, 0.00436384184286, -0.0033324752003, 0.00487822294235, -0.0060954275541, 0.0171172376722, -0.00705707445741, 0.00683141825721], [-0.00297551159747, 0.0032205611933, -0.00414771120995, 0.00269748526625, -0.00499165663496, 0.00583534687757, -0.00244243256748, 0.00422649132088, -0.00183607789222, 0.00461575761437, -0.00705707445741, 0.0142092276365, -0.00622498663142], [0.00243190373294, -0.00245131901465, 0.00313699780963, -0.00180739001371, 0.00555061222985, -0.00255627883598, 0.00147034868132, -0.00281424215063, 0.00170988636091, -1.71889132616e-05, 0.00683141825721, -0.00622498663142, 0.0126232570037]]
    },
    "spectral_contrast_coeffs": {
        "max": [-0.4276509583, -0.389655053616, -0.456033974886, -0.541953265667, -0.583115279675, -0.588669121265],
        "mean": [-0.649866819382, -0.674563527107, -0.699297428131, -0.730459570885, -0.740041732788, -0.775067210197],
        "min": [-0.834514498711, -0.880242168903, -0.907831132412, -0.896175503731, -0.878633677959, -0.929891526699],
        "stdev": [0.0696299374104, 0.0945973917842, 0.0756225660443, 0.0695288479328, 0.0580109730363, 0.0478388555348]
    },
    "spectral_contrast_valleys": {
        "max": [-6.18886709213, -5.50786781311, -5.80620193481, -5.76331520081, -6.1556968689, -10.019569397],
        "mean": [-7.8000369072, -7.07266378403, -7.77359104156, -8.01585960388, -8.11357307434, -11.3723201752],
        "min": [-9.40703105927, -8.99667644501, -9.77412891388, -9.6595621109, -9.81504440308, -11.8465518951],
        "stdev": [0.49482357502, 0.567480921745, 0.638474106789, 0.632411897182, 0.599481403828, 0.230212315917]
    }
},
"rhythm": {
    "beats_count": 54,
    "beats_loudness": {
        "max": 0.0476714037359,
        "mean": 0.0177114345133,
        "min": 0.000863985391334,
        "stdev": 0.011733382009
    },
    "bpm": 77.8547821045,
    "bpm_histogram_first_peak_bpm": 99,
    "bpm_histogram_first_peak_weight": 0.421052634716,
    "bpm_histogram_second_peak_bpm": 77,
    "bpm_histogram_second_peak_spread": 0.199999988079,
    "bpm_histogram_second_peak_weight": 0.301886796951,
    "danceability": 1.08967661858,
    "onset_rate": 3.02756404877,
    "beats_loudness_band_ratio": {
        "max": [0.397974699736, 0.86093044281, 0.740803301334, 0.673821032047, 0.608845770359, 0.213674515486],
        "mean": [0.0879713520408, 0.317711859941, 0.262657284737, 0.189084127545, 0.17299002409, 0.0354202240705],
        "min": [0.00363013311289, 0.0145812956616, 0.0508122295141, 0.00589412637055, 0.012528908439, 0.00130632368382],
        "stdev": [0.0919575318694, 0.211192309856, 0.176759362221, 0.162301912904, 0.147835165262, 0.0420670732856]
    },
    "beats_position": [0.719818592072, 1.46285712719, 2.21750569344, 2.97215414047, 3.7151927948, 4.5046710968, 5.28253936768, 6.04879808426, 6.82666635513, 7.60453510284, 8.38240337372, 9.14866161346, 9.91492080688, 10.6811790466, 11.4590473175, 12.2485256195, 13.0380039215, 13.8158731461, 14.5937414169, 15.3716096878, 16.1378688812, 16.8228569031, 17.5078449249, 18.1115646362, 18.7152824402, 19.3422222137, 19.9575500488, 20.5728797913, 21.1765975952, 21.7570972443, 22.3608150482, 22.9645347595, 23.5682544708, 24.1719722748, 24.7756919861, 25.286529541, 25.7973690033, 26.3198184967, 26.8422679901, 27.3763256073, 27.9103851318, 28.4328346252, 28.9552822113, 29.4893417358, 30.0234012604, 30.5458488464, 31.0682983398, 31.66040802, 32.264125824, 32.8562355042, 33.4367332458, 34.0172348022, 34.5977325439, 35.1782302856],
