{
"metadata": {
    "version": {
        "essentia": "2.1-beta5",
        "essentia_git_sha": "Undefined",
        "extractor": "music 2.0"
    },
    "audio_properties": {
        "analysis": {
            "equal_loudness": 0,
            "length": 32.4963264465,
            "sample_rate": 44100,
            "start_time": 77.7520217896,
            "downmix": "mix"
        },
        "bit_rate": 192000,
        "length": 186.943847656,
        "lossless": 0,
        "number_channels": 2,
        "replay_gain": -6.18269920349,
        "sample_rate": 44100,
        "codec": "mp3",
        "md5_encoded": "8577d48cbd9234551b50a57bde4ed71b"
    },
    "tags": {
        "file_name": "Italy_L_amore è Un Attimo_Massimo Ranieri.mp3",
        "encoding": ["Lavf58.29.100"]
    }
},
"lowlevel": {
    "average_loudness": 0.81569892168,
    "barkbands_crest": {
        "max": 21.1163215637,
        "mean": 8.35444355011,
        "min": 2.55234909058,
        "stdev": 3.25098180771
    },
    "barkbands_flatness_db": {
        "max": 0.277090519667,
        "mean": 0.15870384872,
        "min": 0.0422978289425,
        "stdev": 0.0372047312558
    },
    "barkbands_kurtosis": {
        "max": 10.961016655,
        "mean": -0.373626559973,
        "min": -1.81469142437,
        "stdev": 1.28078603745
    },
    "barkbands_skewness": {
        "max": 2.71715688705,
        "mean": 0.186310946941,
        "min": -2.6048169136,
        "stdev": 0.737687349319
    },
    "barkbands_spread": {
        "max": 66.8211975098,
        "mean": 19.310874939,
        "min": 6.77286815643,
        "stdev": 7.09104824066
    },
    "dissonance": {
        "max": 0.499405533075,
        "mean": 0.466053813696,
        "min": 0.337644100189,
        "stdev": 0.021441148594
    },
    "dynamic_complexity": 3.80018973351,
    "erbbands_crest": {
        "max": 24.6785564423,
        "mean": 9.95541191101,
        "min": 3.4482922554,
        "stdev": 3.48720645905
    },
    "erbbands_flatness_db": {
        "max": 0.361474692822,
        "mean": 0.239382565022,
        "min": 0.0633792281151,
        "stdev": 0.0469422116876
    },
    "erbbands_kurtosis": {
        "max": 18.7820205688,
        "mean": 0.0562081746757,
        "min": -1.73715257645,
        "stdev": 1.62805986404
    },
    "erbbands_skewness": {
        "max": 1.38309204578,
        "mean": -0.353018164635,
        "min": -3.9633743763,
        "stdev": 0.672659873962
    },
    "erbbands_spread": {
        "max": 96.7199783325,
        "mean": 23.6435527802,
        "min": 4.60743570328,
        "stdev": 10.1092252731
    },
    "hfc": {
        "max": 77.5090332031,
        "mean": 19.702999115,
        "min": 0.0260780323297,
        "stdev": 16.7331809998
    },
    "loudness_ebu128": {
        "integrated": -19.1959915161,
        "loudness_range": 6.66981506348,
        "momentary": {
            "max": -15.0986585617,
            "mean": -20.9932804108,
            "min": -47.7933807373,
            "stdev": 4.91008138657
        },
        "short_term": {
            "max": -16.1470603943,
            "mean": -20.1854972839,
            "min": -27.4224872589,
            "stdev": 2.4763276577
        }
    },
    "melbands_crest": {
        "max": 28.2896022797,
        "mean": 11.2662315369,
        "min": 3.159897089,
        "stdev": 5.11394405365
    },
    "melbands_flatness_db": {
        "max": 0.275793999434,
        "mean": 0.17544734478,
        "min": 0.0315631367266,
        "stdev": 0.0381189733744
    },
    "melbands_kurtosis": {
        "max": 34.9056968689,
        "mean": 0.911715745926,
        "min": -1.81266391277,
        "stdev": 3.06555843353
    },
    "melbands_skewness": {
        "max": 5.10320949554,
        "mean": 0.870456933975,
        "min": -1.66811716557,
        "stdev": 0.801463484764
    },
    "melbands_spread": {
        "max": 119.018615723,
        "mean": 35.1632728577,
        "min": 8.51550197601,
        "stdev": 14.5292634964
    },
    "pitch_salience": {
        "max": 0.807170927525,
        "mean": 0.563418090343,
        "min": 0.292060106993,
        "stdev": 0.090396784246
    },
    "silence_rate_20dB": {
        "max": 1,
        "mean": 1,
        "min": 1,
        "stdev": 0
    },
    "silence_rate_30dB": {
        "max": 1,
        "mean": 1,
        "min": 1,
        "stdev": 0
    },
    "silence_rate_60dB": {
        "max": 1,
        "mean": 0.136331185699,
        "min": 0,
        "stdev": 0.343139946461
    },
    "spectral_centroid": {
        "max": 3529.77783203,
        "mean": 1856.32763672,
        "min": 458.128753662,
        "stdev": 497.201263428
    },
    "spectral_complexity": {
        "max": 44,
        "mean": 17.6152744293,
        "min": 0,
        "stdev": 6.86568450928
    },
    "spectral_decrease": {
        "max": -2.17667247074e-12,
        "mean": -3.09903525064e-09,
        "min": -1.27335280098e-08,
        "stdev": 2.35251063074e-09
    },
    "spectral_energy": {
        "max": 0.0526155419648,
        "mean": 0.0134835904464,
        "min": 1.05806011561e-05,
        "stdev": 0.0102843120694
    },
    "spectral_energyband_high": {
        "max": 0.00735656591132,
        "mean": 0.000164596480317,
        "min": 2.31403146245e-06,
        "stdev": 0.000358544493793
    },
    "spectral_energyband_low": {
        "max": 0.00219594035298,
        "mean": 0.000195408894797,
        "min": 1.4215399915e-06,
        "stdev": 0.000237220490817
    },
    "spectral_energyband_middle_high": {
        "max": 0.0433428622782,
        "mean": 0.00770186958835,
        "min": 9.73431610873e-07,
        "stdev": 0.00693069305271
    },
    "spectral_energyband_middle_low": {
        "max": 0.0326891541481,
        "mean": 0.00561345182359,
        "min": 5.46109049537e-06,
        "stdev": 0.00510306889191
    },
    "spectral_entropy": {
        "max": 8.47846984863,
        "mean": 7.2501115799,
        "min": 6.32941532135,
        "stdev": 0.32582578063
    },
    "spectral_flux": {
        "max": 0.159545272589,
        "mean": 0.0599916987121,
        "min": 0.00184987403918,
        "stdev": 0.0322952196002
    },
    "spectral_kurtosis": {
        "max": 29.2409133911,
        "mean": 8.00843143463,
        "min": -0.326371192932,
        "stdev": 4.79400110245
    },
    "spectral_rms": {
        "max": 0.00716465199366,
        "mean": 0.00332625326701,
        "min": 0.000101599885966,
        "stdev": 0.00144594768062
    },
    "spectral_rolloff": {
        "max": 7730.41992188,
        "mean": 2348.71728516,
        "min": 538.330078125,
        "stdev": 828.021850586
    },
    "spectral_skewness": {
        "max": 3.67800927162,
        "mean": 1.51155006886,
        "min": 0.175020933151,
        "stdev": 0.445928454399
    },
    "spectral_spread": {
        "max": 13540448,
        "mean": 2658448.75,
        "min": 1279993.25,
        "stdev": 1103477.25
    },
    "spectral_strongpeak": {
        "max": 13.6990318298,
        "mean": 2.00802206993,
        "min": 0,
        "stdev": 1.91727793217
    },
    "zerocrossingrate": {
        "max": 0.23974609375,
        "mean": 0.0752636194229,
        "min": 0.015625,
        "stdev": 0.0222961828113
    },
    "barkbands": {
        "max": [1.55846246344e-05, 0.000413397297962, 0.00112899590749, 0.00747344922274, 0.00553934648633, 0.0117931487039, 0.0203404687345, 0.0290481820703, 0.0243202336133, 0.0147347021848, 0.00605633947998, 0.0274922866374, 0.030416669324, 0.00992259010673, 0.00921095069498, 0.0095848608762, 0.0171773862094, 0.0104688759893, 0.0130556346849, 0.00548498565331, 0.00205804943107, 0.00134069053456, 0.00109986227471, 0.000644186977297, 3.25651963067e-05, 2.69801535069e-06, 2.26897941502e-06],
        "mean": [5.73288275518e-07, 3.41775667039e-05, 6.30702852504e-05, 0.000350561254891, 0.000498642621096, 0.000682491750922, 0.000696113798767, 0.00076024903683, 0.00244044954889, 0.000457514543086, 0.000388630927773, 0.000430528016295, 0.000940253259614, 0.000518958840985, 0.000980301876552, 0.000822468369734, 0.00160406914074, 0.000894372351468, 0.000687922351062, 0.00013417309674, 4.54056244052e-05, 3.07840855385e-05, 1.47734554048e-05, 5.59954787605e-06, 8.77412389855e-07, 6.39802181013e-07, 7.11318737245e-09],
        "min": [2.56949483912e-09, 1.07726094711e-07, 2.98916660313e-07, 2.85179055481e-07, 1.44945738612e-06, 7.39435051855e-07, 9.89126576201e-08, 5.42397096126e-08, 8.78348032529e-07, 6.32370387166e-08, 6.64202559619e-08, 5.19258698262e-08, 7.38559506885e-08, 6.95680526519e-08, 4.97546857048e-08, 6.91374353323e-08, 3.05322842564e-08, 6.15932691517e-08, 1.12107862549e-07, 1.1056628324e-07, 1.36897384095e-07, 1.59388378052e-07, 1.93396104464e-07, 2.8584906886e-07, 1.44667424706e-07, 1.23395821561e-07, 4.35852291758e-11],
        "stdev": [7.61914236591e-07, 4.89769008709e-05, 9.48774177232e-05, 0.000557810300961, 0.000575475336518, 0.001092681312, 0.00155563245062, 0.00221653073095, 0.00422429619357, 0.000969281129073, 0.000650224741548, 0.00173973280471, 0.00227505085059, 0.000924053951167, 0.00122684484813, 0.00106408761349, 0.00237055355683, 0.00158512871712, 0.00134228076786, 0.000241597968852, 0.000111286710307, 8.13463921077e-05, 6.81768506183e-05, 3.00503961626e-05, 1.40557324357e-06, 1.0689117147e-07, 6.0674032909e-08]
    },
    "erbbands": {
        "max": [0.00334421056323, 0.134321823716, 1.00940752029, 10.212100029, 24.870306015, 15.1200971603, 109.355056763, 110.933433533, 304.169677734, 249.972961426, 796.411682129, 710.314819336, 574.909362793, 152.800308228, 267.125946045, 1417.07873535, 1332.09387207, 501.908966064, 572.981506348, 394.544708252, 723.915893555, 830.347167969, 657.041992188, 799.23614502, 452.707824707, 269.812744141, 164.920013428, 54.5472755432, 46.8924064636, 39.2836761475, 38.2395324707, 23.546995163, 4.12560462952, 0.704352021217, 0.0279523208737, 0.0108710406348, 0.00519213732332, 0.00143737345934, 0.000331283954438, 6.35879623587e-05],
        "mean": [0.000326382461935, 0.0104819806293, 0.0694349482656, 0.55222094059, 1.60276556015, 1.52460086346, 3.36039686203, 5.89380836487, 10.9177370071, 9.65185070038, 21.3134250641, 71.0825042725, 20.4212932587, 15.4136705399, 16.4993305206, 22.0344009399, 42.7979164124, 30.1837005615, 57.1748962402, 41.820022583, 56.9838943481, 76.802772522, 49.2464256287, 44.9137916565, 23.4604473114, 6.38703107834, 2.7007420063, 1.91348052025, 1.11312663555, 0.584781944752, 0.400865525007, 0.197734892368, 0.0485457889736, 0.0124928979203, 0.00543194776401, 0.00317961280234, 0.00118611205835, 9.98435207293e-05, 1.10859791675e-05, 1.75756940735e-05],
        "min": [4.69126007374e-06, 4.43367207481e-05, 0.000258640589891, 0.00105407577939, 0.000950397574343, 0.00543101038784, 0.00561199057847, 0.00475159566849, 0.00377074372955, 0.00185284565669, 0.00315892021172, 0.0247716642916, 0.00816082768142, 0.00187178584747, 0.00362181779929, 0.00237251049839, 0.00265687983483, 0.00401565479115, 0.00285164266825, 0.00316535797901, 0.0042021390982, 0.00244928570464, 0.0031568070408, 0.00428892066702, 0.00516144372523, 0.00476193008944, 0.00396498991176, 0.00510003510863, 0.00474265310913, 0.00595312565565, 0.00514937750995, 0.00455753039569, 0.00333192944527, 0.00200126739219, 0.000760350609198, 0.000575469748583, 0.0002122833248, 5.33532656846e-05, 1.3294695691e-06, 8.65712834752e-08],
        "stdev": [0.000344491621945, 0.0149867506698, 0.0924879685044, 0.806039869785, 2.11184167862, 1.79743993282, 7.67451953888, 9.21607685089, 23.8611354828, 16.0037517548, 59.3311920166, 125.660438538, 40.4529457092, 22.2961788177, 28.6397743225, 89.1420440674, 96.6200485229, 46.855178833, 73.8397293091, 48.3029060364, 80.0157546997, 111.673278809, 78.4219512939, 81.3585662842, 41.0614089966, 10.7256498337, 6.54864454269, 4.54801416397, 2.87491464615, 2.13928890228, 1.98486304283, 1.10970532894, 0.22034753859, 0.035934150219, 0.00154474598821, 0.000598048849497, 0.000228918448556, 4.01270735892e-05, 1.09998827611e-05, 1.33877683766e-05]
    },
    "gfcc": {
        "mean": [-60.6647834778, 100.333648682, -184.183670044, 10.5280723572, -53.9262466431, -17.1201477051, -44.9765396118, 2.12913513184, -23.6984272003, -5.16698646545, -22.5151748657, -7.23117351532, -16.7129402161],
        "cov": [[2562.44824219, 320.849365234, -1091.58178711, 123.959396362, 176.014404297, -322.155059814, 185.951690674, -27.9971065521, 244.385223389, -291.741333008, 106.798027039, -152.897399902, -91.4149703979], [320.849365234, 337.207824707, 2.68181443214, -49.2259216309, 127.202980042, -111.511268616, -8.81141090393, 3.06287384033, -49.5449256897, -18.7649059296, 17.1698513031, -12.7357816696, -36.2779960632], [-1091.58178711, 2.68181443214, 727.86340332, 83.0502700806, -109.292366028, 158.473876953, -114.716537476, -42.8343505859, -154.516204834, 132.218185425, -16.9885368347, 83.0370178223, 21.2064876556], [123.959396362, -49.2259216309, 83.0502700806, 252.948501587, -26.3288173676, 9.75406455994, -14.7543945312, -41.7560920715, 19.6136436462, -1.62951481342, 19.718706131, 0.00168363295961, 4.33407354355], [176.014404297, 127.202980042, -109.292366028, -26.3288173676, 227.197250366, -106.373168945, -14.3388319016, 92.7152481079, 22.7817230225, -43.6682777405, -15.0331754684, -28.027513504, -17.9656925201], [-322.155059814, -111.511268616, 158.473876953, 9.75406455994, -106.373168945, 258.939666748, 56.7775344849, -85.8126983643, -20.9635791779, 50.8507537842, -55.7689857483, 19.4925842285, 33.7309532166], [185.951690674, -8.81141090393, -114.716537476, -14.7543945312, -14.3388319016, 56.7775344849, 128.398590088, 8.27632141113, 18.9666118622, -11.9479074478, -17.9775619507, -17.6196365356, -4.64124011993], [-27.9971065521, 3.06287384033, -42.8343505859, -41.7560920715, 92.7152481079, -85.8126983643, 8.27632141113, 161.508544922, 58.9926681519, -36.3257522583, -1.76668322086, -17.6372871399, -12.006772995], [244.385223389, -49.5449256897, -154.516204834, 19.6136436462, 22.7817230225, -20.9635791779, 18.9666118622, 58.9926681519, 141.128616333, -24.2453517914, -26.9395656586, -28.4807834625, 18.8728733063], [-291.741333008, -18.7649059296, 132.218185425, -1.62951481342, -43.6682777405, 50.8507537842, -11.9479074478, -36.3257522583, -24.2453517914, 121.425376892, 5.75511455536, 22.6231269836, 29.6113529205], [106.798027039, 17.1698513031, -16.9885368347, 19.718706131, -15.0331754684, -55.7689857483, -17.9775619507, -1.76668322086, -26.9395656586, 5.75511455536, 131.474853516, 42.0502052307, -35.2170372009], [-152.897399902, -12.7357816696, 83.0370178223, 0.00168363295961, -28.027513504, 19.4925842285, -17.6196365356, -17.6372871399, -28.4807834625, 22.6231269836, 42.0502052307, 76.4158477783, 20.4286365509], [-91.4149703979, -36.2779960632, 21.2064876556, 4.33407354355, -17.9656925201, 33.7309532166, -4.64124011993, -12.006772995, 18.8728733063, 29.6113529205, -35.2170372009, 20.4286365509, 80.6201019287]],
        "icov": [[0.0186931714416, -0.023900507018, 0.0218613781035, -0.015771349892, 0.00733279390261, 0.000354863208486, -0.00769232260063, 0.013070047833, -0.0170652028173, 0.0191253647208, -0.01589750126, 0.0113896150142, -0.00433236034587], [-0.023900507018, 0.0385673344135, -0.0335854403675, 0.0244453083724, -0.0161944720894, 0.00667632138357, 0.00213916832581, -0.00663322582841, 0.0175737868994, -0.0212333071977, 0.0168329328299, -0.0111763561144, 0.0043774060905], [0.0218613781035, -0.0335854403675, 0.0367786921561, -0.0254039242864, 0.0161035042256, -0.00928385742009, 0.00379857071675, 0.000246533658355, -0.00869593303651, 0.0148962382227, -0.0108364410698, 0.00584703497589, -0.000555697479285], [-0.015771349892, 0.0244453083724, -0.0254039242864, 0.0222478639334, -0.0113642886281, 0.0057605644688, -0.000952944566961, 0.000339881167747, 0.00623411033303, -0.0110876867548, 0.00724509079009, -0.00416829669848, 0.000490496167913], [0.00733279390261, -0.0161944720894, 0.0161035042256, -0.0113642886281, 0.0164982136339, -0.00572362588719, 0.00664241565391, -0.00938899163157, 0.000890001305379, 0.00345515180379, 0.000517007079907, 5.5615331803e-05, 0.00119206577074], [0.000354863208486, 0.00667632138357, -0.00928385742009, 0.0057605644688, -0.00572362588719, 0.0171389058232, -0.0151653029025, 0.0167237725109, -0.00946172699332, 0.00463313004002, -0.00209601060487, 0.00269295671023, -0.00237440923229], [-0.00769232260063, 0.00213916832581, 0.00379857071675, -0.000952944566961, 0.00664241565391, -0.0151653029025, 0.0280574597418, -0.0245296787471, 0.0186532083899, -0.0148487277329, 0.0140455365181, -0.0102770710364, 0.00690648984164], [0.013070047833, -0.00663322582841, 0.000246533658355, 0.000339881167747, -0.00938899163157, 0.0167237725109, -0.0245296787471, 0.0417258776724, -0.0306364223361, 0.0234277546406, -0.0209351107478, 0.0161340478808, -0.00720150582492], [-0.0170652028173, 0.0175737868994, -0.00869593303651, 0.00623411033303, 0.000890001305379, -0.00946172699332, 0.0186532083899, -0.0306364223361, 0.0379528142512, -0.0236754380167, 0.0221287813038, -0.0139391999692, 0.0041880630888], [0.0191253647208, -0.0212333071977, 0.0148962382227, -0.0110876867548, 0.00345515180379, 0.00463313004002, -0.0148487277329, 0.0234277546406, -0.0236754380167, 0.035446472466, -0.0237955711782, 0.0176105760038, -0.0120589509606], [-0.01589750126, 0.0168329328299, -0.0108364410698, 0.00724509079009, 0.000517007079907, -0.00209601060487, 0.0140455365181, -0.0209351107478, 0.0221287813038, -0.0237955711782, 0.0350204147398, -0.0264185164124, 0.0162441749126], [0.0113896150142, -0.0111763561144, 0.00584703497589, -0.00416829669848, 5.5615331803e-05, 0.00269295671023, -0.0102770710364, 0.0161340478808, -0.0139391999692, 0.0176105760038, -0.0264185164124, 0.0369793213904, -0.0168474167585], [-0.00433236034587, 0.0043774060905, -0.000555697479285, 0.000490496167913, 0.00119206577074, -0.00237440923229, 0.00690648984164, -0.00720150582492, 0.0041880630888, -0.0120589509606, 0.0162441749126, -0.0168474167585, 0.0249788463116]]
    },
    "melbands": {
        "max": [6.94923946867e-05, 0.000421137316152, 0.00258559221402, 0.00102604029234, 0.00289406301454, 0.00257173273712, 0.00468364544213, 0.00266938027926, 0.00611688243225, 0.00467429449782, 0.00284007866867, 0.000629120215308, 0.000990675180219, 0.00265820953064, 0.00196149013937, 0.00417804718018, 0.00113751296885, 0.000877698766999, 0.000783988332842, 0.000592253869399, 0.00124562450219, 0.00124389608391, 0.000682840531226, 0.000519633525982, 0.000755946268328, 0.000639043631963, 0.000142614764627, 0.000225014417083, 0.000144313671626, 3.92029287468e-05, 3.12248994305e-05, 2.89655363304e-05, 2.08770034078e-05, 2.35915085796e-05, 2.11322694668e-05, 2.16420285142e-05, 1.08860240289e-05, 3.4056649838e-06, 1.2598294461e-06, 3.13085280368e-07],
        "mean": [5.88935108681e-06, 3.14269382216e-05, 0.00013872749696, 0.000111296445539, 0.000105444480141, 0.000134737740154, 0.000164060780662, 0.000107616229798, 0.000195258951862, 0.000440572679508, 8.27692347229e-05, 5.96005193074e-05, 5.05497919221e-05, 5.3189418395e-05, 5.16873042216e-05, 0.000108985797851, 4.69231345051e-05, 9.14572665351e-05, 5.5840890127e-05, 6.36078693788e-05, 7.27858860046e-05, 9.5543669886e-05, 5.13288723596e-05, 3.8269070501e-05, 3.68069777323e-05, 2.41580164584e-05, 7.10919539415e-06, 3.70745920009e-06, 2.03724812309e-06, 1.11913709588e-06, 1.1041261132e-06, 7.70153576468e-07, 3.16219427532e-07, 3.08157751761e-07, 2.39003554725e-07, 1.77797190304e-07, 9.63204058735e-08, 3.6483580601e-08, 1.65070002112e-08, 7.6978068364e-09],
        "min": [4.79843471624e-08, 1.60970543561e-07, 2.06741503916e-07, 2.39207764707e-07, 2.27394053809e-07, 1.13049168249e-07, 4.56590321107e-08, 1.64308673334e-08, 2.12986694947e-08, 1.6819271309e-07, 3.5924283992e-08, 5.5348552408e-09, 9.7550021394e-09, 7.79542741469e-09, 6.19901863175e-09, 7.60739471417e-09, 6.94392987555e-09, 4.36138325455e-09, 4.0050363026e-09, 4.00179578364e-09, 4.59846738465e-09, 1.83022474953e-09, 2.65750021988e-09, 2.77061951159e-09, 3.23803073243e-09, 4.29943769475e-09, 3.44723161128e-09, 2.67335775739e-09, 1.90179227921e-09, 2.91725332779e-09, 2.49699305677e-09, 2.53765564118e-09, 2.75303224662e-09, 3.01895952681e-09, 2.42048781018e-09, 2.72475753071e-09, 2.54558463197e-09, 2.13605422239e-09, 1.94821492272e-09, 1.58997337518e-09],
        "stdev": [7.77916466177e-06, 3.96678333345e-05, 0.000197110042791, 0.000124286409118, 0.000210546058952, 0.000214216677705, 0.000360464502592, 0.000182120813406, 0.000489980506245, 0.000799449102487, 0.000188956473721, 9.19312078622e-05, 8.58408602653e-05, 0.000174459608388, 0.000128212632262, 0.000294606230455, 8.52606899571e-05, 0.000123923062347, 7.73081337684e-05, 7.81666240073e-05, 0.000123934412841, 0.000159010000061, 8.08513359516e-05, 6.96655915817e-05, 7.30375177227e-05, 4.85763339384e-05, 1.30433254526e-05, 8.30705903354e-06, 5.33640422873e-06, 2.9482730497e-06, 2.69388647212e-06, 2.10048506233e-06, 1.13717828754e-06, 1.22427240967e-06, 1.17204717753e-06, 1.07580603981e-06, 5.27536258232e-07, 1.65177283407e-07, 7.14563270776e-08, 1.27791315307e-08]
    },
    "melbands128": {
        "max": [8.12014332041e-06, 1.03708389361e-05, 6.37766133877e-05, 0.000264806585619, 0.000501972390339, 0.000714600086212, 0.00133074761834, 0.00486397463828, 0.0025305734016, 0.0013626354048, 0.000800252135377, 0.00153473438695, 0.0055474601686, 0.00425459444523, 0.00227239099331, 0.00586680136621, 0.00357409450226, 0.00894238613546, 0.00338119873777, 0.00488720834255, 0.00426446879283, 0.0068350317888, 0.0104031609371, 0.00464902259409, 0.0072940881364, 0.00907378084958, 0.00439515803009, 0.00569025194272, 0.00149396946654, 0.00135070481338, 0.000773828127421, 0.00110033142846, 0.00183574168477, 0.00197980529629, 0.000637841876596, 0.00371262058616, 0.00789777841419, 0.000610363669693, 0.00161050329916, 0.00439902115613, 0.00728292576969, 0.00187260261737, 0.00133203656878, 0.00181359855924, 0.00155775132589, 0.00149485166185, 0.00172885437496, 0.00178955576848, 0.000740792485885, 0.00108453480061, 0.00117072067223, 0.000987056759186, 0.00120318122208, 0.00293288915418, 0.00234880694188, 0.00231798551977, 0.000790713005699, 0.00101071712561, 0.00139884836972, 0.0013503805967, 0.000972929585259, 0.00109417713247, 0.0013632356422, 0.00192995707039, 0.00124468596186, 0.000903711479623, 0.000555475999136, 0.000353355047991, 0.000139072741149, 5.79350817134e-05, 0.000189084326848, 0.000432680972153, 0.000178947972017, 0.000105164755951, 3.51266971848e-05, 8.09695993667e-05, 3.03340038954e-05, 4.82665782329e-05, 2.99926214211e-05, 4.73408508697e-05, 5.58212923352e-05, 2.40848912654e-05, 2.70592445304e-05, 2.69230476988e-05, 2.43521735683e-05, 2.78793777397e-05, 2.46829295065e-05, 2.54190090345e-05, 2.49505228567e-05, 4.21008371632e-05, 1.97179997485e-05, 2.88020364678e-05, 2.01244874916e-05, 1.00139650385e-05, 7.16256772648e-06, 4.42093050879e-06, 2.8892861792e-06, 1.21575271805e-06, 2.06749996323e-06, 1.46514310018e-06, 5.12515441642e-07, 9.59730499517e-08, 2.42494095914e-08, 1.98189820111e-08, 2.02875316546e-08, 1.83275687959e-08, 2.25750085292e-08, 1.8170716487e-08, 1.77016250547e-08, 2.02397476556e-08, 2.24200640275e-08, 1.73437353368e-08, 1.78436785347e-08, 1.38281883721e-08, 1.13445439709e-08, 1.12446585376e-08, 1.07696491725e-08, 1.05378781257e-08, 1.02845785221e-08, 1.00368557909e-08, 9.80546577267e-09, 9.60446033815e-09, 9.43753519778e-09, 9.28130372557e-09, 9.15144049429e-09, 9.04193520057e-09, 8.96672869288e-09, 8.91683793469e-09],
        "mean": [3.87006195979e-07, 1.20100742151e-06, 4.56850966657e-06, 2.12452396227e-05, 2.91351334454e-05, 3.22051382682e-05, 8.0759091361e-05, 0.000220085596084, 0.000160480107297, 0.000105041784991, 7.24143174011e-05, 8.21514549898e-05, 0.000124269077787, 0.000118396616017, 0.000127155522932, 0.000149042039993, 0.000162457494298, 0.000201600414584, 0.000123705307487, 8.4972147306e-05, 0.000111841683974, 0.000119485222967, 0.000204975120141, 0.000206802360481, 0.000643111707177, 0.00050274952082, 6.05544009886e-05, 7.84661242506e-05, 3.13016062137e-05, 7.55968721933e-05, 6.28418638371e-05, 4.54518703918e-05, 3.9284786908e-05, 7.77130408096e-05, 2.64430418611e-05, 5.30984070792e-05, 8.8410488388e-05, 1.27760440591e-05, 5.86852038396e-05, 0.000119795702631, 0.000157725604367, 2.7471809517e-05, 4.11939981859e-05, 5.6944663811e-05, 4.9248799769e-05, 0.000130758315208, 0.000100736389868, 4.69119222544e-05, 3.34074466082e-05, 5.99721424805e-05, 7.70699043642e-05, 6.43926323391e-05, 2.68384301307e-05, 8.37403786136e-05, 0.000160025490914, 0.00010202696285, 3.12627962558e-05, 6.37381890556e-05, 5.34698956471e-05, 4.153730697e-05, 3.06327092403e-05, 4.3112457206e-05, 3.99375203415e-05, 3.33821735694e-05, 3.64389561582e-05, 2.39825258177e-05, 1.91470571735e-05, 8.74235502124e-06, 4.72968713439e-06, 3.42866769643e-06, 2.60640717897e-06, 5.69883923163e-06, 2.81516781797e-06, 1.2542324157e-06, 7.98593646323e-07, 1.32849413603e-06, 1.07458060938e-06, 1.19805861232e-06, 8.98540179151e-07, 1.31567946937e-06, 1.02690944459e-06, 4.78049571484e-07, 3.00271636888e-07, 2.7352308507e-07, 3.52444686769e-07, 3.64451324231e-07, 2.89146669274e-07, 2.1456395416e-07, 2.53620612511e-07, 2.43509788334e-07, 1.8179029837e-07, 1.73085993538e-07, 1.47576500353e-07, 9.38297333164e-08, 6.78832705603e-08, 4.81167283795e-08, 2.90135400149e-08, 1.96636875671e-08, 1.87603053092e-08, 1.36706646003e-08, 9.28191834504e-09, 6.32013374968e-09, 6.14411010957e-09, 6.12051742621e-09, 5.89173465571e-09, 5.79009196144e-09, 5.8184919105e-09, 5.70647618048e-09, 5.51723244868e-09, 5.45445155709e-09, 4.93960961023e-09, 4.46028769474e-09, 3.97497768034e-09, 3.16127213296e-09, 1.78962189512e-09, 6.47924269792e-10, 1.96011706866e-10, 1.05233911862e-11, 1.01451945803e-11, 9.91282143176e-12, 9.68792147199e-12, 9.4944208745e-12, 9.32545533849e-12, 9.16441662141e-12, 9.04405196567e-12, 8.94268513407e-12, 8.86868790212e-12, 8.81708768496e-12],
        "min": [1.00413687781e-11, 4.97072827343e-09, 2.18931539564e-08, 2.06444052964e-08, 4.83506461535e-08, 8.85126425487e-08, 7.35419263265e-08, 7.44639265804e-08, 5.69071545442e-08, 6.39821280402e-08, 2.58618779725e-08, 8.73234142773e-08, 1.9813480634e-08, 6.69431443612e-08, 5.96911107209e-08, 6.04178325148e-08, 2.73238445203e-08, 1.28509674013e-08, 1.57404009826e-08, 1.05839452758e-08, 8.26109403107e-09, 9.09576414188e-09, 3.40690675671e-09, 9.43378175577e-09, 1.24184452943e-07, 2.93946357033e-07, 9.30874932692e-09, 2.82073409075e-09, 5.35901456544e-09, 2.8711613087e-09, 5.95084692634e-09, 8.09210087827e-10, 3.19116644221e-09, 7.09664726983e-09, 4.60951143921e-09, 2.31345054225e-09, 1.30965949197e-09, 2.17090767585e-09, 4.04912903207e-09, 5.45489098336e-10, 1.10468807435e-08, 3.22220206073e-09, 2.8840414501e-09, 3.96523525126e-09, 7.4706857367e-10, 1.63146329779e-09, 2.54388599075e-09, 3.66842467514e-09, 2.58549626153e-09, 1.46093970255e-09, 2.12711137593e-09, 5.0637978255e-09, 2.8106792449e-09, 3.28164473373e-09, 1.14307818766e-09, 6.37633168488e-10, 1.13646692057e-09, 7.96578469853e-10, 1.93217131184e-09, 1.82318560249e-09, 2.07593942037e-09, 1.74453973489e-09, 2.09246309169e-09, 1.87387239059e-09, 1.4525320946e-09, 2.70024869131e-09, 2.95025537334e-09, 2.16718665236e-09, 2.27581864465e-09, 1.35356981179e-09, 2.39220954157e-09, 1.96821647869e-09, 1.17424758805e-09, 1.89118409821e-09, 2.63115529364e-09, 2.03271932619e-09, 1.22598187158e-09, 1.36529010319e-09, 1.30442256996e-09, 1.96317584411e-09, 2.35274599802e-09, 2.11659600957e-09, 1.81288617451e-09, 2.06186734353e-09, 2.55089127599e-09, 1.70039704539e-09, 1.157536067e-09, 1.68014935298e-09, 1.45549006181e-09, 1.74357051019e-09, 1.85682347276e-09, 1.61002955412e-09, 1.57392920919e-09, 1.18772003344e-09, 1.90080773343e-09, 1.85479653858e-09, 1.86207271824e-09, 1.8918371314e-09, 1.73123881897e-09, 1.4844955265e-09, 1.68267255685e-09, 1.40731137854e-09, 1.66782455902e-11, 8.38512037582e-10, 5.76679204389e-10, 8.04967703605e-10, 5.06177433302e-10, 8.51773651611e-10, 1.34209088287e-09, 1.15291542979e-09, 7.2696659803e-10, 7.17584325294e-10, 6.57724374964e-10, 6.39099162481e-10, 4.20584955751e-10, 8.08618727532e-11, 2.90690675741e-13, 8.48965266576e-14, 6.89217766517e-14, 7.95677814001e-14, 6.48965473374e-14, 8.11444620806e-14, 1.11597417505e-13, 9.38873477119e-14, 9.54649770693e-14, 9.18656359208e-14, 8.39233400113e-14, 8.48208222409e-14],
        "stdev": [4.72885972158e-07, 1.2762653796e-06, 6.1212044784e-06, 3.22970881825e-05, 4.60520532215e-05, 5.06117394252e-05, 0.000123945137602, 0.00035858573392, 0.000228533041081, 0.000155189612997, 9.94374495349e-05, 0.000140668344102, 0.000379687146051, 0.000234246574109, 0.000213029008592, 0.000406725303037, 0.000368644599803, 0.000645036576316, 0.000295986217679, 0.000206210344913, 0.000258130166912, 0.000416914408561, 0.000873952929396, 0.000417395785917, 0.00127136020456, 0.00111982889939, 0.000206663884455, 0.000330920243869, 7.33961860533e-05, 0.000159285380505, 0.000108695108793, 0.000114654285426, 0.000102034187876, 0.000184845644981, 5.2528532251e-05, 0.000237041924265, 0.000478091678815, 4.40424009867e-05, 0.000115169124911, 0.000334728305461, 0.000520485918969, 9.57174488576e-05, 9.7110067145e-05, 0.000143032128108, 0.000134747926495, 0.000213518054807, 0.000182601128472, 0.000154061723151, 7.09528831067e-05, 0.000119488744531, 0.000127143212012, 0.00011347556574, 8.01829737611e-05, 0.000235481886193, 0.000326442706864, 0.000263816677034, 6.94619739079e-05, 0.000117022034829, 0.000133304536575, 0.000120386626804, 9.00824452401e-05, 0.000105723949673, 9.91082270048e-05, 0.000122839948745, 0.000107585816295, 5.68615105294e-05, 4.34652356489e-05, 2.27936652664e-05, 1.06455481728e-05, 5.67838515053e-06, 6.65158859192e-06, 1.83324173122e-05, 6.99430438544e-06, 3.75146123588e-06, 2.1617636321e-06, 5.36843481314e-06, 2.60196497948e-06, 3.6170340536e-06, 2.41513794208e-06, 4.02706155e-06, 3.42481189364e-06, 1.40505585478e-06, 1.21061032132e-06, 1.12931650165e-06, 1.15570981052e-06, 1.49472214162e-06, 1.27224029711e-06, 1.06905758912e-06, 1.29971908791e-06, 1.49500260704e-06, 1.08352480765e-06, 1.27003329453e-06, 8.27041787943e-07, 5.21533138453e-07, 3.7453125401e-07, 2.25510589758e-07, 1.27038973119e-07, 7.24496445059e-08, 9.77559651005e-08, 6.15635187273e-08, 2.21019771374e-08, 4.54141613204e-09, 2.45223663597e-09, 2.24973861762e-09, 2.03115546604e-09, 1.90527105204e-09, 2.00102134862e-09, 1.86090276522e-09, 1.81359982587e-09, 1.82548043348e-09, 1.62103375168e-09, 1.45254330786e-09, 1.26902766073e-09, 1.04510755605e-09, 6.47153219901e-10, 3.74319131247e-10, 3.10816733462e-10, 2.81872691854e-10, 2.75113265502e-10, 2.68494393385e-10, 2.62303734289e-10, 2.56927784603e-10, 2.52460746752e-10, 2.4828750167e-10, 2.44812115024e-10, 2.41878600482e-10, 2.39864600404e-10, 2.38531000507e-10]
    },
    "mfcc": {
        "mean": [-688.057128906, 135.721176147, -68.3138809204, 20.0794239044, -7.42458868027, -12.577334404, -18.2295742035, -3.06331419945, -7.52834320068, -0.56272995472, -5.65335226059, -5.60335683823, -6.92089891434],
        "cov": [[3384.59790039, 31.0838336945, -1150.5670166, 243.902526855, -155.40663147, -117.580070496, -193.98336792, 259.538024902, -70.2285308838, 80.7753829956, 107.717544556, 36.9147262573, -118.419006348], [31.0838336945, 482.778869629, -129.654525757, 32.516330719, 91.5269241333, -116.821464539, 53.3559379578, -20.4046039581, -29.1971702576, -60.2880706787, 52.3586425781, -8.32884120941, 18.4811248779], [-1150.5670166, -129.654525757, 775.837585449, -45.6926460266, -16.4947223663, 202.276672363, 76.3761520386, -126.419830322, -40.2370185852, -42.3362426758, -105.244354248, 14.9108552933, 78.5809631348], [243.902526855, 32.516330719, -45.6926460266, 243.171234131, 94.7664718628, -90.684753418, -19.8764438629, 16.4174995422, -31.5291538239, -0.39405927062, 25.8855476379, -3.69143104553, 22.8330612183], [-155.40663147, 91.5269241333, -16.4947223663, 94.7664718628, 199.235015869, -95.4265823364, -25.9447021484, 22.7574768066, -3.6003947258, 7.97298288345, 19.2431564331, -26.4773769379, 9.45008850098], [-117.580070496, -116.821464539, 202.276672363, -90.684753418, -95.4265823364, 284.712677002, 42.7600326538, -69.5908966064, 42.9862556458, -6.19263124466, -77.608757019, 18.0444316864, -14.0252494812], [-193.98336792, 53.3559379578, 76.3761520386, -19.8764438629, -25.9447021484, 42.7600326538, 119.975868225, -6.50188350677, -27.6881885529, -31.8165035248, 5.57395172119, 15.9419670105, 5.41796398163], [259.538024902, -20.4046039581, -126.419830322, 16.4174995422, 22.7574768066, -69.5908966064, -6.50188350677, 144.4556427, 9.39590549469, 8.74533748627, 45.3970832825, -4.25160932541, -24.883928299], [-70.2285308838, -29.1971702576, -40.2370185852, -31.5291538239, -3.6003947258, 42.9862556458, -27.6881885529, 9.39590549469, 190.013259888, 61.156879425, -35.7474594116, -16.3986721039, -30.2131977081], [80.7753829956, -60.2880706787, -42.3362426758, -0.39405927062, 7.97298288345, -6.19263124466, -31.8165035248, 8.74533748627, 61.156879425, 107.20980835, 4.72189283371, -21.7353630066, -6.17214918137], [107.717544556, 52.3586425781, -105.244354248, 25.8855476379, 19.2431564331, -77.608757019, 5.57395172119, 45.3970832825, -35.7474594116, 4.72189283371, 112.091430664, 15.7893791199, -18.1164417267], [36.9147262573, -8.32884120941, 14.9108552933, -3.69143104553, -26.4773769379, 18.0444316864, 15.9419670105, -4.25160932541, -16.3986721039, -21.7353630066, 15.7893791199, 71.6669464111, 17.8201904297], [-118.419006348, 18.4811248779, 78.5809631348, 22.8330612183, 9.45008850098, -14.0252494812, 5.41796398163, -24.883928299, -30.2131977081, -6.17214918137, -18.1164417267, 17.8201904297, 97.4217071533]],
        "icov": [[0.00230885623023, -0.00154728756752, 0.00315890065394, -0.00338944839314, 0.00342050706968, -0.0029919911176, 0.00360498926602, -0.00380955333821, 0.00368606322445, -0.00302189448848, 0.00278018321842, -0.00221674656495, 0.00128452142235], [-0.00154728756752, 0.00472884858027, -0.00121319340542, 0.00281601259485, -0.00398577749729, 0.00298839341849, -0.00473296968266, 0.00467683421448, -0.00356737617403, 0.00466124340892, -0.00348485750146, 0.00274819904007, -0.00214639632031], [0.00315890065394, -0.00121319340542, 0.00664245756343, -0.00432464946061, 0.00355275417678, -0.00515414634719, 0.00356334564276, -0.00394554575905, 0.00528559507802, -0.00334919732995, 0.00421259133145, -0.002551083453, 0.000110052445962], [-0.00338944839314, 0.00281601259485, -0.00432464946061, 0.0105094183236, -0.00747697195038, 0.00523422984406, -0.00534739904106, 0.00599285261706, -0.00496342452243, 0.00471645174548, -0.0044778152369, 0.00299190031365, -0.00294253416359], [0.00342050706968, -0.00398577749729, 0.00355275417678, -0.00747697195038, 0.0132281314582, -0.00298500340432, 0.00706128310412, -0.00695762084797, 0.00517742987722, -0.00527056027204, 0.00423236936331, -0.0016049038386, 0.00227019283921], [-0.0029919911176, 0.00298839341849, -0.00515414634719, 0.00523422984406, -0.00298500340432, 0.0112924035639, -0.00679418118671, 0.00686121359468, -0.00599482469261, 0.00391634507105, -0.000756890920456, 0.000976136652753, 0.000842122652102], [0.00360498926602, -0.00473296968266, 0.00356334564276, -0.00534739904106, 0.00706128310412, -0.00679418118671, 0.0175249539316, -0.00794113613665, 0.00690606422722, -0.00387923978269, 0.00309267127886, -0.00431150291115, 0.00225259037688], [-0.00380955333821, 0.00467683421448, -0.00394554575905, 0.00599285261706, -0.00695762084797, 0.00686121359468, -0.00794113613665, 0.0166907142848, -0.00763914128765, 0.00666237296537, -0.00762320077047, 0.00443087890744, -0.00154747313354], [0.00368606322445, -0.00356737617403, 0.00528559507802, -0.00496342452243, 0.00517742987722, -0.00599482469261, 0.00690606422722, -0.00763914128765, 0.0143380379304, -0.0100710345432, 0.00839776638895, -0.00501430174336, 0.00464402511716], [-0.00302189448848, 0.00466124340892, -0.00334919732995, 0.00471645174548, -0.00527056027204, 0.00391634507105, -0.00387923978269, 0.00666237296537, -0.0100710345432, 0.0192876495421, -0.00832869671285, 0.00795498117805, -0.00487408414483], [0.00278018321842, -0.00348485750146, 0.00421259133145, -0.0044778152369, 0.00423236936331, -0.000756890920456, 0.00309267127886, -0.00762320077047, 0.00839776638895, -0.00832869671285, 0.019879039377, -0.00892008561641, 0.00645844638348], [-0.00221674656495, 0.00274819904007, -0.002551083453, 0.00299190031365, -0.0016049038386, 0.000976136652753, -0.00431150291115, 0.00443087890744, -0.00501430174336, 0.00795498117805, -0.00892008561641, 0.0214084126055, -0.00681746471673], [0.00128452142235, -0.00214639632031, 0.000110052445962, -0.00294253416359, 0.00227019283921, 0.000842122652102, 0.00225259037688, -0.00154747313354, 0.00464402511716, -0.00487408414483, 0.00645844638348, -0.00681746471673, 0.0157940592617]]
    },
    "spectral_contrast_coeffs": {
        "max": [-0.433258116245, -0.495268762112, -0.535194158554, -0.539624452591, -0.516635894775, -0.556515932083],
        "mean": [-0.683060884476, -0.732983767986, -0.727811455727, -0.717650055885, -0.711068093777, -0.745149254799],
        "min": [-0.869476079941, -0.89498603344, -0.892305254936, -0.920429825783, -0.902870535851, -0.888731181622],
        "stdev": [0.0663185417652, 0.0690702199936, 0.0619344040751, 0.0558741204441, 0.0723516270518, 0.048646941781]
    },
    "spectral_contrast_valleys": {
        "max": [-6.51249170303, -5.4123878479, -6.09797239304, -6.01056194305, -6.28361940384, -9.27983760834],
        "mean": [-8.08353710175, -6.95454263687, -7.850918293, -7.76378393173, -7.94750404358, -11.5337572098],
        "min": [-10.3362197876, -10.0937337875, -11.1291885376, -11.2982521057, -10.6670131683, -12.1053266525],
        "stdev": [0.611779630184, 0.651349902153, 0.685858845711, 0.700782835484, 0.667539894581, 0.325371176004]
    }
},
"rhythm": {
    "beats_count": 96,
    "beats_loudness": {
        "max": 0.0400427617133,
        "mean": 0.0150917703286,
        "min": 4.80110211356e-05,
        "stdev": 0.009511125274
    },
    "bpm": 184.570251465,
    "bpm_histogram_first_peak_bpm": 185,
    "bpm_histogram_first_peak_weight": 0,
    "bpm_histogram_second_peak_bpm": 178,
    "bpm_histogram_second_peak_spread": 0,
    "bpm_histogram_second_peak_weight": 0.221052631736,
    "danceability": 0.911730766296,
    "onset_rate": 2.52246069908,
    "beats_loudness_band_ratio": {
        "max": [0.68134534359, 0.497346460819, 0.734874546528, 0.638051152229, 0.708666503429, 0.319171458483],
        "mean": [0.0783141776919, 0.122452996671, 0.288822680712, 0.171227768064, 0.312690973282, 0.0659621059895],
        "min": [0.00155748333782, 0.00524450978264, 0.0637104362249, 0.0126153957099, 0.0165769290179, 0.0038346988149],
        "stdev": [0.113976858556, 0.120059080422, 0.147777035832, 0.130066648126, 0.163363665342, 0.0638021454215]
    },
