{
"metadata": {
    "version": {
        "essentia": "2.1-beta5",
        "essentia_git_sha": "Undefined",
        "extractor": "music 2.0"
    },
    "audio_properties": {
        "analysis": {
            "equal_loudness": 0,
            "length": 12.7477550507,
            "sample_rate": 44100,
            "start_time": 0,
            "downmix": "mix"
        },
        "bit_rate": 192000,
        "length": 172.292068481,
        "lossless": 0,
        "number_channels": 2,
        "replay_gain": -1.20148086548,
        "sample_rate": 44100,
        "codec": "mp3",
        "md5_encoded": "02ccdf190b939c64c1a48f1a1d2e6624"
    },
    "tags": {
        "file_name": "Luxembourg_Pomme, Pomme, Pomme_Monique Melsen.mp3",
        "encoding": ["Lavf58.29.100"]
    }
},
"lowlevel": {
    "average_loudness": 0.8151512146,
    "barkbands_crest": {
        "max": 25.5024242401,
        "mean": 12.2378721237,
        "min": 2.28293013573,
        "stdev": 5.40684366226
    },
    "barkbands_flatness_db": {
        "max": 0.321613430977,
        "mean": 0.163860008121,
        "min": 0.0185751877725,
        "stdev": 0.0703913792968
    },
    "barkbands_kurtosis": {
        "max": 66.7053070068,
        "mean": 4.67572307587,
        "min": -1.70536565781,
        "stdev": 7.96650981903
    },
    "barkbands_skewness": {
        "max": 7.11492443085,
        "mean": 1.18286812305,
        "min": -3.26443386078,
        "stdev": 1.35832035542
    },
    "barkbands_spread": {
        "max": 89.1754608154,
        "mean": 17.3216209412,
        "min": 1.88983821869,
        "stdev": 19.2037162781
    },
    "dissonance": {
        "max": 0.5,
        "mean": 0.431078791618,
        "min": 0.226249858737,
        "stdev": 0.0579332746565
    },
    "dynamic_complexity": 7.84979057312,
    "erbbands_crest": {
        "max": 30.5617237091,
        "mean": 12.7894210815,
        "min": 2.70289778709,
        "stdev": 6.7433757782
    },
    "erbbands_flatness_db": {
        "max": 0.391680270433,
        "mean": 0.216264098883,
        "min": 0.0585399977863,
        "stdev": 0.0779415220022
    },
    "erbbands_kurtosis": {
        "max": 48.017616272,
        "mean": 2.46195602417,
        "min": -1.69546830654,
        "stdev": 5.17459344864
    },
    "erbbands_skewness": {
        "max": 5.58251428604,
        "mean": 0.632571876049,
        "min": -3.00992226601,
        "stdev": 1.1253015995
    },
    "erbbands_spread": {
        "max": 81.7582550049,
        "mean": 22.6027145386,
        "min": 2.75088191032,
        "stdev": 16.3783130646
    },
    "hfc": {
        "max": 354.931549072,
        "mean": 10.8039417267,
        "min": 1.20634617636e-16,
        "stdev": 29.2219924927
    },
    "loudness_ebu128": {
        "integrated": -25.2577915192,
        "loudness_range": 5.13340759277,
        "momentary": {
            "max": -17.3144111633,
            "mean": -30.1984176636,
            "min": -50.5891494751,
            "stdev": 7.85003042221
        },
        "short_term": {
            "max": -23.4314746857,
            "mean": -26.0757961273,
            "min": -36.4324798584,
            "stdev": 2.82462215424
        }
    },
    "melbands_crest": {
        "max": 33.173374176,
        "mean": 15.4090518951,
        "min": 2.27813076973,
        "stdev": 6.04301738739
    },
    "melbands_flatness_db": {
        "max": 0.377966672182,
        "mean": 0.210436165333,
        "min": 0.0112916883081,
        "stdev": 0.0713680237532
    },
    "melbands_kurtosis": {
        "max": 81.4509735107,
        "mean": 7.58655881882,
        "min": -1.61797058582,
        "stdev": 11.189953804
    },
    "melbands_skewness": {
        "max": 7.31790208817,
        "mean": 1.58173644543,
        "min": -2.22563791275,
        "stdev": 1.48229181767
    },
    "melbands_spread": {
        "max": 137.096588135,
        "mean": 21.0886936188,
        "min": 1.80292701721,
        "stdev": 18.2180633545
    },
    "pitch_salience": {
        "max": 0.880020260811,
        "mean": 0.539370059967,
        "min": 0.149582117796,
        "stdev": 0.160346239805
    },
    "silence_rate_20dB": {
        "max": 1,
        "mean": 1,
        "min": 1,
        "stdev": 0
    },
    "silence_rate_30dB": {
        "max": 1,
        "mean": 0.98727273941,
        "min": 0,
        "stdev": 0.112095080316
    },
    "silence_rate_60dB": {
        "max": 1,
        "mean": 0.51272726059,
        "min": 0,
        "stdev": 0.499837577343
    },
    "spectral_centroid": {
        "max": 11112.0527344,
        "mean": 1275.36999512,
        "min": 306.229919434,
        "stdev": 742.445678711
    },
    "spectral_complexity": {
        "max": 57,
        "mean": 7.69272708893,
        "min": 0,
        "stdev": 8.8069229126
    },
    "spectral_decrease": {
        "max": 1.01082156279e-28,
        "mean": -2.84057133371e-09,
        "min": -3.94728836284e-08,
        "stdev": 5.49811796091e-09
    },
    "spectral_energy": {
        "max": 0.181172981858,
        "mean": 0.0117009226233,
        "min": 1.05604088931e-20,
        "stdev": 0.0229831710458
    },
    "spectral_energyband_high": {
        "max": 0.00520226871595,
        "mean": 9.0284847829e-05,
        "min": 7.30075990208e-21,
        "stdev": 0.000355373631464
    },
    "spectral_energyband_low": {
        "max": 0.0652066171169,
        "mean": 0.00203666044399,
        "min": 6.18965951547e-23,
        "stdev": 0.00855282414705
    },
    "spectral_energyband_middle_high": {
        "max": 0.168865829706,
        "mean": 0.00485961092636,
        "min": 1.6332383321e-21,
        "stdev": 0.0140063483268
    },
    "spectral_energyband_middle_low": {
        "max": 0.0865146294236,
        "mean": 0.00534767191857,
        "min": 3.72775198398e-22,
        "stdev": 0.0101287709549
    },
    "spectral_entropy": {
        "max": 9.79500579834,
        "mean": 7.25179576874,
        "min": 5.75716495514,
        "stdev": 0.648653149605
    },
    "spectral_flux": {
        "max": 0.319990754128,
        "mean": 0.0431829839945,
        "min": 1.02763852983e-10,
        "stdev": 0.0479133836925
    },
    "spectral_kurtosis": {
        "max": 26.4129390717,
        "mean": 7.92441225052,
        "min": -1.23921489716,
        "stdev": 4.71270942688
    },
    "spectral_rms": {
        "max": 0.013294890523,
        "mean": 0.00245423661545,
        "min": 3.20980351673e-12,
        "stdev": 0.00232212408446
    },
    "spectral_rolloff": {
        "max": 19164.5507812,
        "mean": 1953.13977051,
        "min": 150.732421875,
        "stdev": 2132.16357422
    },
    "spectral_skewness": {
        "max": 3.80965971947,
        "mean": 2.17197227478,
        "min": -0.00674574635923,
        "stdev": 0.624146044254
    },
    "spectral_spread": {
        "max": 42230228,
        "mean": 4532264.5,
        "min": 1609050.875,
        "stdev": 2416912
    },
    "spectral_strongpeak": {
        "max": 29.3885364532,
        "mean": 1.32831907272,
        "min": 0,
        "stdev": 2.48448061943
    },
    "zerocrossingrate": {
        "max": 0.505859375,
        "mean": 0.0709694623947,
        "min": 0.013671875,
        "stdev": 0.0545419938862
    },
    "barkbands": {
        "max": [2.7585625503e-05, 0.00489230034873, 0.054025284946, 0.0209865309298, 0.0441296696663, 0.0379057340324, 0.0664166286588, 0.018431160599, 0.0186015069485, 0.017540667206, 0.00762674678117, 0.0215476304293, 0.01924582012, 0.065645955503, 0.0270858556032, 0.149482399225, 0.0184847377241, 0.00531090702862, 0.00428050151095, 0.00196156953461, 0.0021653843578, 0.00144242867827, 0.000502977403812, 0.000179057446076, 1.14898375614e-05, 4.21488766733e-06, 3.37588403454e-06],
        "mean": [1.55147563419e-06, 9.3303497124e-05, 0.0015974905109, 0.000447965925559, 0.00107305275742, 0.000745209574234, 0.000702039920725, 0.000712172768544, 0.00115330144763, 0.000846886134241, 0.000379943812732, 0.000470494735055, 0.000398929289076, 0.00119742227253, 0.000302458007354, 0.00105624669231, 0.000245539529715, 9.106642392e-05, 7.66978482716e-05, 4.39952782472e-05, 3.39460784744e-05, 1.77844794962e-05, 6.25973780188e-06, 3.05534535983e-06, 2.14339524973e-06, 1.94866402126e-06, 2.56636525364e-08],
        "min": [1.03266838651e-23, 2.63518764508e-23, 4.70633232763e-24, 4.66452254189e-23, 1.18958356485e-22, 5.71221991193e-24, 3.67358166293e-23, 4.43590875829e-23, 7.93705331594e-23, 1.14844516284e-22, 5.96417593195e-23, 4.36469197349e-23, 5.19663257274e-23, 8.15172319418e-23, 1.73431915672e-22, 6.29917802158e-23, 2.14434153978e-22, 4.87077357033e-22, 2.12099302404e-22, 3.42106936976e-22, 2.39974541838e-22, 4.31441332416e-22, 5.16452568146e-22, 9.47349094288e-22, 1.0311520223e-21, 1.65656074601e-21, 2.56692743522e-21],
        "stdev": [2.0001809844e-06, 0.00043834556709, 0.00702459271997, 0.00181765866, 0.00349324708804, 0.00263363984413, 0.00459979008883, 0.00206624274142, 0.00219265697524, 0.00201797462068, 0.000919862301089, 0.00150599249173, 0.00133328512311, 0.00508534675464, 0.00136227963958, 0.00900443550199, 0.00109178607818, 0.000372101872927, 0.000299052509945, 0.000181594441528, 0.000142986420542, 8.4790015535e-05, 2.78680727206e-05, 9.42625229072e-06, 6.29364024007e-07, 3.25269553514e-07, 1.43322537838e-07]
    },
    "erbbands": {
        "max": [0.0518966391683, 1.58885645866, 40.3185195923, 97.11693573, 92.3474731445, 191.710693359, 183.98928833, 284.713653564, 163.435928345, 1836.62939453, 505.821899414, 550.594421387, 733.454162598, 378.147674561, 478.325408936, 1075.08215332, 1039.83007812, 3757.5222168, 631.212585449, 4956.08056641, 3572.08618164, 709.796508789, 298.32635498, 246.16519165, 173.708267212, 90.0458602905, 82.3945922852, 91.7763366699, 58.8964996338, 22.5927658081, 14.884311676, 5.62331390381, 1.76639950275, 0.273056477308, 0.0314460471272, 0.0160047020763, 0.00890039652586, 0.00211389944889, 0.000485109165311, 0.0002464861318],
        "mean": [0.00137546390761, 0.0510384663939, 1.19885981083, 2.30976128578, 1.494181633, 4.16268062592, 5.30766153336, 6.3531332016, 6.02839231491, 16.8925914764, 18.5325813293, 33.613319397, 31.2058410645, 12.0965948105, 17.7878170013, 21.9115924835, 22.8879680634, 61.3580169678, 24.2766609192, 45.9759559631, 30.7550182343, 12.6560382843, 6.26413536072, 4.93084621429, 3.02716088295, 2.13196277618, 1.78902494907, 1.03257703781, 0.671196699142, 0.341567397118, 0.172600731254, 0.0809540897608, 0.0421306975186, 0.0233432725072, 0.015842711553, 0.00947279855609, 0.00362639967352, 0.00030585451168, 1.33462899612e-05, 1.43954212035e-05],
        "min": [1.74717832154e-21, 2.17634288778e-21, 6.33277279288e-21, 8.40562973147e-20, 2.05022440462e-19, 4.62927545611e-19, 3.48045781158e-19, 4.62836633292e-20, 4.64262149831e-19, 5.36798858516e-19, 1.24196919334e-18, 1.97639132297e-18, 2.86206146305e-18, 4.35152547381e-18, 9.75075439596e-19, 2.08776167987e-18, 2.57306771808e-18, 3.08714040965e-18, 7.52188418219e-18, 8.26096344206e-18, 3.26155413014e-18, 1.34487730647e-17, 1.93829460996e-17, 1.87518949734e-17, 1.28272436145e-17, 1.62241120851e-17, 1.21281237956e-17, 8.90984610076e-18, 1.57453399466e-17, 1.30498734861e-17, 1.43445856798e-17, 1.73742719853e-17, 1.66555678382e-17, 1.12200846238e-17, 8.19351678927e-18, 6.69801973671e-18, 2.83131495288e-18, 1.22863245693e-18, 3.46719784787e-19, 3.97879819999e-20],
        "stdev": [0.0048588947393, 0.188171729445, 5.06547498703, 9.95736980438, 6.72450208664, 13.69302845, 15.4785346985, 22.3018417358, 17.4066905975, 121.215568542, 49.1778030396, 64.207321167, 77.6606140137, 28.5186023712, 45.1140441895, 72.2439346313, 71.2968902588, 285.236663818, 60.3326454163, 312.711334229, 217.280319214, 49.0053253174, 24.2292919159, 18.7948188782, 12.1757907867, 8.43712425232, 7.29938602448, 5.11118841171, 3.38141322136, 1.49562346935, 0.784848332405, 0.298766553402, 0.095609754324, 0.0142874065787, 0.00325510720722, 0.00178833701648, 0.000718243245501, 9.42900514929e-05, 2.44193779508e-05, 2.83781264443e-05]
    },
    "gfcc": {
        "mean": [-132.698303223, 73.3911132812, -138.394958496, -8.45449352264, -57.2184677124, 14.2117204666, -41.594909668, 13.4487371445, -26.802526474, 4.38958072662, -27.608039856, -1.43557655811, -14.6818790436],
        "cov": [[10678.6123047, 2852.28149414, -2055.81738281, -192.960601807, -102.807304382, -704.997802734, -3.84545731544, -877.281677246, 7.90284872055, -406.168640137, -35.4980430603, -364.229492188, 60.0694503784], [2852.28149414, 1330.14538574, -270.389160156, -103.262779236, -19.2607746124, -305.70892334, -54.8421821594, -358.446044922, -66.9299545288, -148.822906494, 46.1578140259, -98.059967041, -2.87801170349], [-2055.81738281, -270.389160156, 1150.19445801, 454.804290771, -7.75341176987, 89.459312439, -148.070678711, 82.6240997314, -161.520172119, 78.5782241821, 66.6911697388, 199.379959106, -46.4993057251], [-192.960601807, -103.262779236, 454.804290771, 728.16192627, 104.249458313, -60.4258155823, -99.6408081055, -136.040344238, -100.082229614, -27.7769432068, 31.8253612518, 130.661346436, 29.6793899536], [-102.807304382, -19.2607746124, -7.75341176987, 104.249458313, 222.819976807, 79.357673645, -15.3398132324, -2.64834785461, 37.8784446716, -56.6835708618, -70.3784179688, -12.0334892273, 43.230091095], [-704.997802734, -305.70892334, 89.459312439, -60.4258155823, 79.357673645, 255.776275635, 79.4281539917, 140.718795776, 40.505241394, 30.8075199127, -79.5031204224, -9.63923072815, 10.1345005035], [-3.84545731544, -54.8421821594, -148.070678711, -99.6408081055, -15.3398132324, 79.4281539917, 229.810806274, 135.753753662, 74.1161880493, 19.337518692, -29.005279541, -96.6655044556, -25.4040145874], [-877.281677246, -358.446044922, 82.6240997314, -136.040344238, -2.64834785461, 140.718795776, 135.753753662, 358.545288086, 119.867683411, 39.1554298401, -65.2876434326, -48.1554374695, -51.0574684143], [7.90284872055, -66.9299545288, -161.520172119, -100.082229614, 37.8784446716, 40.505241394, 74.1161880493, 119.867683411, 153.301620483, -6.86472654343, -56.2128639221, -62.4016532898, 5.57671070099], [-406.168640137, -148.822906494, 78.5782241821, -27.7769432068, -56.6835708618, 30.8075199127, 19.337518692, 39.1554298401, -6.86472654343, 124.366088867, 73.1079025269, 23.3466110229, -37.4993171692], [-35.4980430603, 46.1578140259, 66.6911697388, 31.8253612518, -70.3784179688, -79.5031204224, -29.005279541, -65.2876434326, -56.2128639221, 73.1079025269, 159.542480469, 59.5491027832, -53.5454750061], [-364.229492188, -98.059967041, 199.379959106, 130.661346436, -12.0334892273, -9.63923072815, -96.6655044556, -48.1554374695, -62.4016532898, 23.3466110229, 59.5491027832, 149.232299805, 44.5626373291], [60.0694503784, -2.87801170349, -46.4993057251, 29.6793899536, 43.230091095, 10.1345005035, -25.4040145874, -51.0574684143, 5.57671070099, -37.4993171692, -53.5454750061, 44.5626373291, 124.891120911]],
        "icov": [[0.00106950115878, -0.00281558348797, 0.00293189147487, -0.00244038365781, 0.00225589796901, -0.00231065787375, 0.00198338436894, -0.00170033040922, 0.000725878868252, -0.000589355069678, 0.000473035615869, -0.000116891642392, 0.000242354464717], [-0.00281558348797, 0.00940766278654, -0.00855233892798, 0.00765525363386, -0.00676797050983, 0.00824983697385, -0.00668778736144, 0.00697059556842, -0.00242591509596, 0.00332171702757, -0.00127290096134, 0.000923477753531, -3.93847403757e-05], [0.00293189147487, -0.00855233892798, 0.010690856725, -0.00857226364315, 0.00709741655737, -0.00835351459682, 0.00755899073556, -0.00752495927736, 0.00419660843909, -0.00274061667733, 0.00126303092111, -0.0013964016689, 0.00112216628622], [-0.00244038365781, 0.00765525363386, -0.00857226364315, 0.00948808155954, -0.00800561811775, 0.00894510559738, -0.00782707519829, 0.00732152257115, -0.00233083521016, 0.00186608766671, 0.00135939882603, -0.00284631177783, 0.00161286524963], [0.00225589796901, -0.00676797050983, 0.00709741655737, -0.00800561811775, 0.0140665397048, -0.0111254183576, 0.00826901942492, -0.00491874758154, -0.000572602904867, 0.00222457805648, -0.00235788198188, 0.00393369281664, -0.00271210633218], [-0.00231065787375, 0.00824983697385, -0.00835351459682, 0.00894510559738, -0.0111254183576, 0.0184303466231, -0.0111660202965, 0.00672471569851, -0.000843463174533, -0.00317900860682, 0.00847481843084, -0.00602047564462, 0.00376368151046], [0.00198338436894, -0.00668778736144, 0.00755899073556, -0.00782707519829, 0.00826901942492, -0.0111660202965, 0.0165709573776, -0.00977160781622, 0.00219506025314, -0.000531350960955, -0.00690612476319, 0.0102410782129, -0.00588655564934], [-0.00170033040922, 0.00697059556842, -0.00752495927736, 0.00732152257115, -0.00491874758154, 0.00672471569851, -0.00977160781622, 0.0147826746106, -0.00761108845472, 0.00140478869434, 0.00547435507178, -0.00498711736873, 0.00653768889606], [0.000725878868252, -0.00242591509596, 0.00419660843909, -0.00233083521016, -0.000572602904867, -0.000843463174533, 0.00219506025314, -0.00761108845472, 0.0149159189314, -0.00264412118122, 0.000715447007678, 0.00267673423514, -0.00279534305446], [-0.000589355069678, 0.00332171702757, -0.00274061667733, 0.00186608766671, 0.00222457805648, -0.00317900860682, -0.000531350960955, 0.00140478869434, -0.00264412118122, 0.0195097588003, -0.0127037512138, 0.0044230199419, -0.00219843606465], [0.000473035615869, -0.00127290096134, 0.00126303092111, 0.00135939882603, -0.00235788198188, 0.00847481843084, -0.00690612476319, 0.00547435507178, 0.000715447007678, -0.0127037512138, 0.0285386051983, -0.0187700688839, 0.0159386619925], [-0.000116891642392, 0.000923477753531, -0.0013964016689, -0.00284631177783, 0.00393369281664, -0.00602047564462, 0.0102410782129, -0.00498711736873, 0.00267673423514, 0.0044230199419, -0.0187700688839, 0.0296266749501, -0.0180048197508], [0.000242354464717, -3.93847403757e-05, 0.00112216628622, 0.00161286524963, -0.00271210633218, 0.00376368151046, -0.00588655564934, 0.00653768889606, -0.00279534305446, -0.00219843606465, 0.0159386619925, -0.0180048197508, 0.0227552726865]]
    },
    "melbands": {
        "max": [0.000846056966111, 0.0146239092574, 0.0131461080164, 0.00897976849228, 0.00593564426526, 0.0065731476061, 0.00503910705447, 0.0169151965529, 0.00387572776526, 0.0029958456289, 0.00360027863644, 0.00156189058907, 0.00119523482863, 0.00268247211352, 0.00144399749115, 0.00152359995991, 0.00850964896381, 0.000806368072517, 0.00206584832631, 0.0156250670552, 0.00116231443826, 0.000746057310607, 0.000631804461591, 0.00024775689235, 0.000201042261324, 0.000140122472658, 9.3142814876e-05, 5.20513021911e-05, 4.9049318477e-05, 5.63515350223e-05, 5.063872959e-05, 3.65173727914e-05, 1.85901917575e-05, 1.03380198198e-05, 1.0445524822e-05, 4.48305081591e-06, 2.87896432383e-06, 1.50688799749e-06, 4.53108839338e-07, 1.18365981905e-07],
        "mean": [1.71414831129e-05, 0.000451586383861, 0.000361274782335, 0.000191065249965, 0.000210016063647, 0.000144403165905, 0.000104575548903, 0.000171294333995, 0.000165433608345, 0.000191760162124, 0.000149346436956, 4.69551341666e-05, 5.9718862758e-05, 5.77704267926e-05, 4.71200073662e-05, 3.78165532311e-05, 0.000133581590489, 3.8794511056e-05, 2.19341236516e-05, 0.000109337051981, 1.77963647729e-05, 1.27119765239e-05, 9.81301946013e-06, 4.09432095694e-06, 4.07089783039e-06, 2.51073470281e-06, 1.55832788096e-06, 1.39614974159e-06, 1.30920602714e-06, 7.46906437143e-07, 5.38463666544e-07, 4.07110292144e-07, 2.69842246325e-07, 1.52745840865e-07, 1.10115415453e-07, 6.13275545902e-08, 4.44207763906e-08, 3.16364641151e-08, 2.18689564235e-08, 1.85274782183e-08],
        "min": [1.12019991924e-23, 3.42029341462e-24, 1.79852240009e-23, 2.29404190672e-23, 1.60295683971e-23, 9.64871057356e-25, 7.32640050683e-24, 6.69356918892e-24, 1.15773321114e-23, 1.13713723619e-23, 1.40781458209e-23, 1.76427873706e-23, 4.79497347211e-24, 2.88960538443e-24, 7.97581289212e-24, 4.45679314078e-24, 5.35235576647e-24, 1.13924310038e-23, 1.4154845189e-23, 6.20460361758e-24, 3.14579802138e-24, 1.15573265988e-23, 1.87109160803e-23, 2.1936509946e-23, 1.46380224935e-23, 8.53068029791e-24, 9.70641515713e-24, 1.13686184485e-23, 8.21779676365e-24, 6.2935808168e-24, 4.57161263439e-24, 8.06045845611e-24, 9.95253344867e-24, 6.60299770181e-24, 7.71776386824e-24, 9.50678049443e-24, 1.19532101332e-23, 1.35563963737e-23, 7.57626825426e-24, 1.07366667105e-23],
        "stdev": [8.0711884948e-05, 0.00188998202793, 0.00144293368794, 0.000721392512787, 0.000588593713474, 0.000498476671055, 0.000400095857913, 0.00111163919792, 0.000387666892493, 0.0003683216637, 0.000381328951335, 0.000120240169053, 0.000148284016177, 0.000188652411452, 0.000133390421979, 0.000112195826659, 0.000643039064016, 9.42446058616e-05, 0.000102885336673, 0.000942086044233, 8.62612214405e-05, 4.8486628657e-05, 4.69519982289e-05, 1.67957387021e-05, 1.55273664859e-05, 1.05091812657e-05, 6.33671970718e-06, 5.75557942284e-06, 5.39572465641e-06, 3.51995822712e-06, 2.73656542049e-06, 2.09579684451e-06, 1.2460062635e-06, 6.60275702558e-07, 5.40584949249e-07, 2.35847579688e-07, 1.59027649715e-07, 8.27300397077e-08, 2.31522925276e-08, 7.44544959019e-09]
    },
    "melbands128": {
        "max": [1.46710817717e-05, 0.000172061016201, 0.00107933033723, 0.0030171868857, 0.0135402400047, 0.0303068310022, 0.0244643911719, 0.00514459051192, 0.0106730759144, 0.0142814852297, 0.0118129588664, 0.00987668707967, 0.00438704015687, 0.0156697500497, 0.00840227212757, 0.00385350035504, 0.00306535814889, 0.00122248555999, 0.0165714211762, 0.0359677970409, 0.00562290847301, 0.00425739632919, 0.00668783485889, 0.00408249069005, 0.00673469109461, 0.00363557622768, 0.00380578637123, 0.00667594652623, 0.00370734417811, 0.00193016417325, 0.002420847537, 0.000990434549749, 0.00241511617787, 0.00350683066063, 0.00142798118759, 0.00574055919424, 0.00330789014697, 0.000714318477549, 0.00356357241981, 0.00391381699592, 0.000506071082782, 0.00158900697716, 0.0145176490769, 0.00853534974158, 0.00213917531073, 0.000847086950671, 0.000673937611282, 0.000404489925131, 0.00500280223787, 0.00312980823219, 0.0356500521302, 0.00531217036769, 0.000649039517157, 0.00195723259822, 0.00101472262759, 0.000485263939481, 0.000874853460118, 0.00142272806261, 0.00026367319515, 0.000298544036923, 0.000250840617809, 0.000247027754085, 0.000304847431835, 0.000252811732935, 0.000178802656592, 0.000107745239802, 0.000147218685015, 0.00012178610632, 7.08763618604e-05, 6.88893414917e-05, 4.92389481224e-05, 0.000104195612948, 7.17868242646e-05, 5.96305835643e-05, 4.83403964608e-05, 5.84266672377e-05, 5.10551508341e-05, 7.15603891877e-05, 4.67619756819e-05, 3.6882393033e-05, 4.31806911365e-05, 3.06264664687e-05, 3.83939004678e-05, 1.6536196199e-05, 2.13947387238e-05, 1.10718447104e-05, 6.34152229395e-06, 1.55557099788e-05, 1.22699020721e-05, 6.96943334333e-06, 2.53592270383e-06, 5.54967664357e-06, 3.77191122425e-06, 2.33683545048e-06, 2.66794290837e-06, 2.54450992543e-06, 9.06656453026e-07, 6.78355718264e-07, 4.47298845074e-07, 3.82358905426e-07, 2.27196977676e-07, 5.34817417019e-08, 4.44760530627e-08, 4.9220041376e-08, 4.42350120977e-08, 4.0386549216e-08, 4.43996945876e-08, 4.16403693748e-08, 3.86853038492e-08, 3.54335902841e-08, 3.08091259171e-08, 3.81241314074e-08, 3.02920639683e-08, 3.04396934325e-08, 2.01648315823e-08, 1.35309017324e-08, 1.45925884709e-08, 1.534527172e-08, 1.5265772646e-08, 1.50595198534e-08, 1.48149856827e-08, 1.45629908133e-08, 1.43198688463e-08, 1.40881377675e-08, 1.38806619532e-08, 1.37652538257e-08, 1.36678757201e-08, 1.36340618795e-08],
        "mean": [1.08879862637e-06, 4.21355298386e-06, 1.62954002008e-05, 5.51807352167e-05, 0.000397351715947, 0.000905895663891, 0.000532867677975, 0.000154152876348, 0.000129184511025, 0.000168390964973, 0.000238989188801, 0.000305248628138, 0.000147854225361, 0.000177783193067, 0.000144605088281, 0.000139858413604, 0.000109719105239, 4.63544929517e-05, 0.000142438933835, 0.000277764367638, 9.98357427306e-05, 0.000119993615954, 0.000171428939211, 0.000176868707058, 0.000346535001881, 9.5448740467e-05, 9.43308623391e-05, 0.000238212232944, 0.000115694310807, 3.6071465729e-05, 2.61960212811e-05, 4.69001643069e-05, 8.53341844049e-05, 4.76968853036e-05, 3.59619771189e-05, 8.1440914073e-05, 6.57793643768e-05, 1.5019154489e-05, 6.37524208287e-05, 6.26756373094e-05, 1.66558984347e-05, 2.330492498e-05, 0.00018759710656, 0.000160884083016, 4.47688835266e-05, 2.30899313465e-05, 2.6946527214e-05, 1.04791997728e-05, 2.73681180261e-05, 4.23763922299e-05, 0.000221011185204, 4.23346464231e-05, 7.94380775915e-06, 1.2777606571e-05, 1.44187579281e-05, 9.17742363526e-06, 1.411141875e-05, 1.72706986632e-05, 4.61914123662e-06, 3.82461530535e-06, 3.51208518623e-06, 5.0508788263e-06, 4.56816769656e-06, 3.70069119526e-06, 3.21487254951e-06, 2.28278486247e-06, 2.53218968282e-06, 1.72434579326e-06, 1.26128031752e-06, 1.37277152135e-06, 1.20207778309e-06, 1.65664482665e-06, 1.50993014358e-06, 1.34043420985e-06, 8.49438777095e-07, 7.72954251715e-07, 7.32747878374e-07, 5.95522237745e-07, 4.8201258096e-07, 5.12716326284e-07, 4.28766696814e-07, 3.86795335316e-07, 3.16165767345e-07, 2.31369185144e-07, 2.88002496518e-07, 1.35693383641e-07, 1.1773434494e-07, 1.41333757142e-07, 1.17032918467e-07, 8.83135697904e-08, 6.13397261873e-08, 5.78922758621e-08, 5.09507245283e-08, 4.30344719859e-08, 4.13464356086e-08, 3.88782872562e-08, 2.84390058169e-08, 2.37192416819e-08, 2.18491447157e-08, 2.10947828094e-08, 1.96477412118e-08, 1.72937628662e-08, 1.82569248608e-08, 1.84629094235e-08, 1.77766779075e-08, 1.76553722753e-08, 1.74906276129e-08, 1.71207830135e-08, 1.63813709264e-08, 1.62094622169e-08, 1.52020547262e-08, 1.40271021465e-08, 1.20962813099e-08, 9.79826442205e-09, 5.62555335648e-09, 2.12969752944e-09, 7.50688233797e-10, 3.07316463943e-11, 3.00663036135e-11, 2.96777151465e-11, 2.92092530718e-11, 2.87284310924e-11, 2.82401723534e-11, 2.77722064096e-11, 2.73906574505e-11, 2.71750972419e-11, 2.69982387141e-11, 2.69111868206e-11],
        "min": [9.85381223955e-24, 1.89385592494e-23, 8.92916549557e-24, 1.84975398551e-24, 2.10398669753e-24, 2.15386716143e-24, 1.59506349749e-23, 2.46741917642e-23, 1.93166665922e-23, 1.87970975565e-23, 2.84507418633e-23, 2.92246238777e-23, 1.18280100189e-23, 1.11530130996e-24, 1.29288792665e-25, 3.34812684129e-25, 4.85131391796e-24, 1.06655761434e-23, 7.97391883708e-24, 3.05320290883e-24, 8.18208424161e-24, 1.15415777797e-23, 8.25033333169e-24, 1.62838671762e-23, 1.75847824282e-23, 4.49849035608e-24, 9.32791811708e-24, 1.99168572124e-23, 1.12015676855e-23, 1.79432739557e-23, 2.31273191483e-23, 1.24506934302e-23, 1.51626264339e-24, 9.44389072813e-25, 9.181191172e-25, 3.54491056068e-24, 5.59425128559e-24, 1.14705455883e-23, 6.44298949453e-24, 5.08705001113e-24, 3.42304022829e-24, 3.8082784792e-24, 6.99037179362e-24, 4.40342709497e-24, 6.97314307145e-24, 1.82427807756e-23, 7.25055705282e-24, 1.64069373661e-23, 1.58671387813e-23, 1.0425122662e-23, 5.14861547719e-24, 1.66500729745e-24, 2.51840491333e-24, 3.37275074001e-24, 5.63228345312e-24, 9.6080875896e-24, 1.93690043578e-23, 2.20825044338e-23, 1.99009616652e-23, 9.93770680796e-24, 1.16678673109e-23, 5.06250286857e-23, 1.27379697506e-23, 6.75845142065e-24, 7.31381186451e-24, 9.23778208119e-24, 8.98469972558e-24, 8.69731533122e-24, 1.12378576537e-23, 9.17756438399e-24, 1.15413387548e-23, 1.25344562588e-23, 9.81942815927e-24, 8.07048487821e-24, 5.54486977621e-24, 5.43437442365e-24, 9.21774106989e-24, 2.53114028378e-24, 4.22359047441e-24, 5.43938566255e-24, 6.88374856481e-24, 7.30119640091e-24, 1.44082288895e-23, 1.21691221518e-23, 4.04809811085e-24, 6.15615651394e-24, 7.99251149976e-24, 6.68766614276e-24, 9.47548559346e-24, 5.0235135761e-24, 1.23128415647e-23, 9.5971650215e-24, 6.42334094153e-24, 1.04921482289e-23, 1.61597067806e-23, 1.784514597e-23, 1.22384117494e-23, 9.2413130226e-24, 8.29229599868e-24, 6.28632092989e-24, 5.41541336293e-24, 1.63447703936e-23, 1.13816969734e-23, 5.33901100097e-24, 8.49350917206e-24, 9.92976928953e-24, 9.37658610177e-24, 1.77640431803e-23, 1.08320896922e-23, 9.74116369114e-24, 1.06478528055e-23, 8.93097356477e-24, 8.88562510677e-24, 8.29683589319e-24, 8.4625590033e-24, 9.05869645621e-24, 1.05928841887e-23, 9.03075500295e-24, 1.24190727296e-23, 9.53102140118e-24, 1.08983824072e-23, 1.14807337269e-23, 1.15624281623e-23, 1.38954314358e-23, 8.89923611283e-24, 1.17266839911e-23, 1.788320062e-23, 1.10085555101e-23],
        "stdev": [1.24804341795e-06, 1.09478560262e-05, 9.60246761679e-05, 0.00025995093165, 0.00160534796305, 0.00407739868388, 0.00239755306393, 0.000546115508769, 0.000706404971424, 0.000964672130067, 0.000813317892607, 0.000954687711783, 0.000443889730377, 0.000882504857145, 0.000648627406918, 0.000472916290164, 0.000367002823623, 0.00015215415624, 0.00110850471538, 0.00233201356605, 0.000393045629608, 0.000396515533794, 0.000650834292173, 0.00039399479283, 0.000774725223891, 0.000275636208244, 0.000365876185242, 0.000669259228744, 0.000326514913468, 0.00013971759472, 0.000140196440043, 0.000122934216051, 0.000256751023699, 0.000211067206692, 0.000129558466142, 0.000365435989806, 0.000234677267144, 5.33247948624e-05, 0.000265442969976, 0.000245309784077, 4.74124026368e-05, 0.000107067346107, 0.00108695984818, 0.000676002993714, 0.000180705130333, 7.3304574471e-05, 8.65275142132e-05, 4.17894407292e-05, 0.000235486921156, 0.000205872041988, 0.00213824701495, 0.000316034769639, 3.8875376049e-05, 9.36241267482e-05, 5.68491122976e-05, 3.6000747059e-05, 7.19805320841e-05, 0.000100002944237, 1.93609885173e-05, 1.76745597855e-05, 1.55415800691e-05, 2.20095043915e-05, 2.03611416509e-05, 1.59987812367e-05, 1.60025392688e-05, 9.81727771432e-06, 1.11444896902e-05, 7.83526229498e-06, 5.5453024288e-06, 5.62983859709e-06, 4.70305622002e-06, 8.55021789903e-06, 6.77288835504e-06, 5.90121180721e-06, 4.11207656725e-06, 3.77810215468e-06, 3.86904548577e-06, 3.62878813576e-06, 2.58854265667e-06, 2.36504524764e-06, 2.44025409302e-06, 2.01875946004e-06, 1.96022733689e-06, 1.01305658973e-06, 1.51043127516e-06, 6.68459165354e-07, 4.8650070994e-07, 7.83732218679e-07, 6.25895836492e-07, 3.83773766544e-07, 1.90420692547e-07, 2.66311644737e-07, 1.98477252411e-07, 1.48071194417e-07, 1.4759123701e-07, 1.3503263574e-07, 6.12663697552e-08, 3.73447122115e-08, 2.37686474946e-08, 1.96777367734e-08, 1.43949803189e-08, 6.58405552301e-09, 6.74901201592e-09, 6.40071284863e-09, 6.27793816932e-09, 6.39968078531e-09, 6.37271568849e-09, 5.86883386333e-09, 5.63708857371e-09, 5.32395993957e-09, 4.87490448009e-09, 4.5813810523e-09, 3.98846378147e-09, 3.27081606244e-09, 1.80921955195e-09, 8.37048763636e-10, 6.80891121263e-10, 6.53621989866e-10, 6.50256237744e-10, 6.41469766194e-10, 6.3105282111e-10, 6.20318130196e-10, 6.09962580445e-10, 6.00092309178e-10, 5.91253657145e-10, 5.86337201014e-10, 5.82188575127e-10, 5.80749170975e-10]
    },
    "mfcc": {
        "mean": [-778.535095215, 122.545394897, -26.0654392242, -9.82943058014, -3.26964449883, -2.99968934059, -5.3992767334, 0.159940108657, 3.59061002731, 3.39421391487, 0.312878638506, -5.40707063675, -9.34748935699],
        "cov": [[9142.04003906, 2315.10449219, -1701.70776367, 298.673065186, -614.910949707, 144.182449341, -398.710418701, -342.207458496, -336.413208008, -291.702178955, -368.199005127, -120.565574646, -28.8628616333], [2315.10449219, 1183.52770996, -272.979888916, -95.2109527588, -149.8724823, -44.5121688843, -90.4887695312, -140.701187134, -132.490188599, -128.096954346, -101.093139648, 2.23886823654, 38.2370109558], [-1701.70776367, -272.979888916, 873.832214355, 287.756134033, 182.391036987, 8.20205688477, 100.630187988, 28.5375366211, -96.1231613159, -111.988235474, -27.9874134064, 86.920715332, 138.515075684], [298.673065186, -95.2109527588, 287.756134033, 574.318603516, 134.429092407, 85.0171508789, -0.288798213005, -23.4084453583, -146.076599121, -168.291885376, -111.179954529, 2.83630228043, 87.8397598267], [-614.910949707, -149.8724823, 182.391036987, 134.429092407, 287.377532959, 78.8438110352, -7.49438142776, 51.9427719116, 26.703962326, -39.3181838989, -38.6376876831, -63.113986969, -31.6825904846], [144.182449341, -44.5121688843, 8.20205688477, 85.0171508789, 78.8438110352, 182.617736816, 29.6515960693, -11.7646112442, -0.751915514469, -49.863193512, -61.9892692566, -51.2821922302, -27.5096969604], [-398.710418701, -90.4887695312, 100.630187988, -0.288798213005, -7.49438142776, 29.6515960693, 124.694915771, 30.4333343506, 4.45097875595, 27.7848472595, 46.2038726807, 24.0747108459, -10.4423093796], [-342.207458496, -140.701187134, 28.5375366211, -23.4084453583, 51.9427719116, -11.7646112442, 30.4333343506, 144.974746704, 133.434158325, 95.5439682007, 32.0393409729, -38.5860214233, -58.3085823059], [-336.413208008, -132.490188599, -96.1231613159, -146.076599121, 26.703962326, -0.751915514469, 4.45097875595, 133.434158325, 273.569458008, 198.417495728, 38.3223762512, -99.0030899048, -122.403358459], [-291.702178955, -128.096954346, -111.988235474, -168.291885376, -39.3181838989, -49.863193512, 27.7848472595, 95.5439682007, 198.417495728, 263.593841553, 124.689453125, -37.9672851562, -101.729553223], [-368.199005127, -101.093139648, -27.9874134064, -111.179954529, -38.6376876831, -61.9892692566, 46.2038726807, 32.0393409729, 38.3223762512, 124.689453125, 169.089538574, 69.0344085693, -30.2461185455], [-120.565574646, 2.23886823654, 86.920715332, 2.83630228043, -63.113986969, -51.2821922302, 24.0747108459, -38.5860214233, -99.0030899048, -37.9672851562, 69.0344085693, 173.96736145, 105.478042603], [-28.8628616333, 38.2370109558, 138.515075684, 87.8397598267, -31.6825904846, -27.5096969604, -10.4423093796, -58.3085823059, -122.403358459, -101.729553223, -30.2461185455, 105.478042603, 216.760009766]],
        "icov": [[0.00152718648314, -0.00234556244686, 0.00236470671371, -0.00249490095302, 0.00254658493213, -0.00251923687756, 0.00260691693984, -0.0022095432505, 0.001906496007, -0.00141534721479, 0.00106894795317, -0.000750303617679, 0.000627362343948], [-0.00234556244686, 0.00475932192057, -0.00335894548334, 0.00406072800979, -0.00368252350017, 0.0042890207842, -0.0039240415208, 0.00388642703183, -0.00258827279322, 0.00232501816936, -0.000802876194939, 0.00110070849769, -0.000806567491964], [0.00236470671371, -0.00335894548334, 0.00593791715801, -0.00445769308135, 0.00231267954223, -0.00253735552542, 0.00159756792709, -0.00315543590114, 0.00266606523655, -0.00209305458702, 0.00280618900433, -0.00217921100557, 0.00013871586998], [-0.00249490095302, 0.00406072800979, -0.00445769308135, 0.00711044948548, -0.00462752394378, 0.00314159807749, -0.00358886085451, 0.00215969840065, -0.000658685050439, 0.00175666506402, -0.000383010745281, 0.00148673297372, -0.001275419374], [0.00254658493213, -0.00368252350017, 0.00231267954223, -0.00462752394378, 0.0110454345122, -0.00704491743818, 0.00769201572984, -0.00632213288918, 0.00284405960701, 0.00015998998424, -0.00134189962409, 0.00142626545858, 0.00157618313096], [-0.00251923687756, 0.0042890207842, -0.00253735552542, 0.00314159807749, -0.00704491743818, 0.0141670610756, -0.0100136520341, 0.00762706901878, -0.00566625222564, 0.00375025975518, 0.00158888590522, 0.00120379484724, -0.000209868332604], [0.00260691693984, -0.0039240415208, 0.00159756792709, -0.00358886085451, 0.00769201572984, -0.0100136520341, 0.018960736692, -0.00869329273701, 0.00627032388002, -0.00299772201106, -0.00268937507644, -0.000880658859387, 0.00208836351521], [-0.0022095432505, 0.00388642703183, -0.00315543590114, 0.00215969840065, -0.00632213288918, 0.00762706901878, -0.00869329273701, 0.020526856184, -0.0123663488775, 0.00345206912607, -0.00172358378768, 0.000353915063897, -0.000467556383228], [0.001906496007, -0.00258827279322, 0.00266606523655, -0.000658685050439, 0.00284405960701, -0.00566625222564, 0.00627032388002, -0.0123663488775, 0.0209159124643, -0.0134665779769, 0.00712589966133, 0.000633335788734, 0.00212291395292], [-0.00141534721479, 0.00232501816936, -0.00209305458702, 0.00175666506402, 0.00015998998424, 0.00375025975518, -0.00299772201106, 0.00345206912607, -0.0134665779769, 0.0201555602252, -0.0134435081854, 0.00516103161499, -0.00122184085194], [0.00106894795317, -0.000802876194939, 0.00280618900433, -0.000383010745281, -0.00134189962409, 0.00158888590522, -0.00268937507644, -0.00172358378768, 0.00712589966133, -0.0134435081854, 0.0231451205909, -0.0115349534899, 0.004615587648], [-0.000750303617679, 0.00110070849769, -0.00217921100557, 0.00148673297372, 0.00142626545858, 0.00120379484724, -0.000880658859387, 0.000353915063897, 0.000633335788734, 0.00516103161499, -0.0115349534899, 0.0172408111393, -0.00630929647014], [0.000627362343948, -0.000806567491964, 0.00013871586998, -0.001275419374, 0.00157618313096, -0.000209868332604, 0.00208836351521, -0.000467556383228, 0.00212291395292, -0.00122184085194, 0.004615587648, -0.00630929647014, 0.00978559534997]]
    },
    "spectral_contrast_coeffs": {
        "max": [-0.463783472776, -0.421069681644, -0.425348520279, -0.527606844902, -0.639716625214, -0.61372667551],
        "mean": [-0.732892155647, -0.744938075542, -0.734362065792, -0.769687414169, -0.81242197752, -0.822363197803],
        "min": [-0.962836325169, -0.963917315006, -0.958523988724, -0.962205410004, -0.959644138813, -0.960679411888],
        "stdev": [0.102079629898, 0.121410742402, 0.103575624526, 0.0834222659469, 0.0501346997917, 0.0536482408643]
    },
    "spectral_contrast_valleys": {
        "max": [-5.28676271439, -4.82719230652, -5.46606302261, -5.4864282608, -5.45691299438, -9.53985118866],
        "mean": [-8.6991147995, -7.9795665741, -8.52139091492, -8.68133354187, -8.9505405426, -11.3316516876],
        "min": [-27.1040019989, -27.0684375763, -27.3174571991, -27.0321807861, -27.3332481384, -27.2472343445],
        "stdev": [1.35964560509, 1.40494608879, 1.41662311554, 1.33964717388, 1.22638201714, 0.783039987087]
    }
},
"rhythm": {
    "beats_count": 24,
    "beats_loudness": {
        "max": 0.107515439391,
        "mean": 0.0244103726,
        "min": 4.95897256769e-05,
        "stdev": 0.0325527116656
    },
    "bpm": 111.459442139,
    "bpm_histogram_first_peak_bpm": 112,
    "bpm_histogram_first_peak_weight": 0.538461565971,
    "bpm_histogram_second_peak_bpm": 117,
    "bpm_histogram_second_peak_spread": 0.25,
    "bpm_histogram_second_peak_weight": 0.130434781313,
    "danceability": 1.09030330181,
    "onset_rate": 2.82145690918,
    "beats_loudness_band_ratio": {
        "max": [0.688161015511, 0.457094103098, 0.917158484459, 0.779202401638, 0.407610088587, 0.189938351512],
        "mean": [0.0928893759847, 0.118165515363, 0.357776015997, 0.36170014739, 0.115743882954, 0.0262328907847],
        "min": [0.00122170895338, 0.000429859588621, 0.017527025193, 0.0433626584709, 0.00165859633125, 0.00155312602874],
        "stdev": [0.169741913676, 0.12842553854, 0.311477988958, 0.242305263877, 0.0963505879045, 0.0481230728328]
    },
    "beats_position": [0.476009070873, 0.96362811327, 1.43963718414, 1.91564619541, 2.40326523781, 2.87927436829, 3.36689329147, 3.87773227692, 4.38857126236, 4.8994102478, 5.39863920212, 5.92108821869, 6.44353723526, 6.97759628296, 7.52326536179, 8.05732440948, 8.60299301147, 9.16027164459, 9.71755123138, 10.2632198334, 10.7972784042, 11.3313379288, 11.8653964996, 12.3994560242],
