{
"metadata": {
    "version": {
        "essentia": "2.1-beta5",
        "essentia_git_sha": "Undefined",
        "extractor": "music 2.0"
    },
    "audio_properties": {
        "analysis": {
            "equal_loudness": 0,
            "length": 32.4963264465,
            "sample_rate": 44100,
            "start_time": 126.490699768,
            "downmix": "mix"
        },
        "bit_rate": 192000,
        "length": 185.55065918,
        "lossless": 0,
        "number_channels": 2,
        "replay_gain": -2.99836730957,
        "sample_rate": 44100,
        "codec": "mp3",
        "md5_encoded": "2c2f6f577750a3bebce8a1c49d283109"
    },
    "tags": {
        "file_name": "Germany_Diese Welt_Katja Ebstein.mp3",
        "encoding": ["Lavf58.29.100"]
    }
},
"lowlevel": {
    "average_loudness": 0.978302717209,
    "barkbands_crest": {
        "max": 24.5326576233,
        "mean": 8.41194820404,
        "min": 2.86608791351,
        "stdev": 3.9145693779
    },
    "barkbands_flatness_db": {
        "max": 0.283529341221,
        "mean": 0.116548724473,
        "min": 0.052055798471,
        "stdev": 0.0337387621403
    },
    "barkbands_kurtosis": {
        "max": 37.6099281311,
        "mean": 1.59293270111,
        "min": -1.86655068398,
        "stdev": 4.34978914261
    },
    "barkbands_skewness": {
        "max": 5.3149523735,
        "mean": 0.891868770123,
        "min": -1.98370158672,
        "stdev": 1.07309663296
    },
    "barkbands_spread": {
        "max": 95.8110046387,
        "mean": 26.4442539215,
        "min": 2.333319664,
        "stdev": 12.3964557648
    },
    "dissonance": {
        "max": 0.499893188477,
        "mean": 0.464421242476,
        "min": 0.344386905432,
        "stdev": 0.0257243458182
    },
    "dynamic_complexity": 1.87741959095,
    "erbbands_crest": {
        "max": 28.5291976929,
        "mean": 10.0212898254,
        "min": 2.52927732468,
        "stdev": 4.86238622665
    },
    "erbbands_flatness_db": {
        "max": 0.29302111268,
        "mean": 0.169658347964,
        "min": 0.087471678853,
        "stdev": 0.036208063364
    },
    "erbbands_kurtosis": {
        "max": 20.3514080048,
        "mean": 0.553160905838,
        "min": -1.75344181061,
        "stdev": 1.94964432716
    },
    "erbbands_skewness": {
        "max": 3.91626119614,
        "mean": 0.229686379433,
        "min": -3.35863852501,
        "stdev": 0.809225797653
    },
    "erbbands_spread": {
        "max": 138.081878662,
        "mean": 37.989566803,
        "min": 6.52459049225,
        "stdev": 18.6988315582
    },
    "hfc": {
        "max": 233.107269287,
        "mean": 30.1134567261,
        "min": 0.657004117966,
        "stdev": 21.3570404053
    },
    "loudness_ebu128": {
        "integrated": -20.8889789581,
        "loudness_range": 1.96603775024,
        "momentary": {
            "max": -18.0749397278,
            "mean": -21.3296661377,
            "min": -31.6502437592,
            "stdev": 2.19555807114
        },
        "short_term": {
            "max": -19.6124668121,
            "mean": -20.891450882,
            "min": -23.2086009979,
            "stdev": 0.744325518608
        }
    },
    "melbands_crest": {
        "max": 29.751832962,
        "mean": 11.2577371597,
        "min": 3.72260665894,
        "stdev": 4.89815807343
    },
    "melbands_flatness_db": {
        "max": 0.328487664461,
        "mean": 0.136422052979,
        "min": 0.0493619851768,
        "stdev": 0.0470613352954
    },
    "melbands_kurtosis": {
        "max": 146.090621948,
        "mean": 8.08571243286,
        "min": -1.84330356121,
        "stdev": 15.7800092697
    },
    "melbands_skewness": {
        "max": 10.7536611557,
        "mean": 1.8919095993,
        "min": -1.06863152981,
        "stdev": 1.61143863201
    },
    "melbands_spread": {
        "max": 191.587127686,
        "mean": 35.864200592,
        "min": 2.60324192047,
        "stdev": 20.6954460144
    },
    "pitch_salience": {
        "max": 0.82336640358,
        "mean": 0.584885716438,
        "min": 0.107727371156,
        "stdev": 0.105941981077
    },
    "silence_rate_20dB": {
        "max": 1,
        "mean": 1,
        "min": 1,
        "stdev": 0
    },
    "silence_rate_30dB": {
        "max": 1,
        "mean": 1,
        "min": 1,
        "stdev": 0
    },
    "silence_rate_60dB": {
        "max": 1,
        "mean": 0.0285510346293,
        "min": 0,
        "stdev": 0.166543364525
    },
    "spectral_centroid": {
        "max": 4441.79736328,
        "mean": 1757.61096191,
        "min": 419.549835205,
        "stdev": 626.324645996
    },
    "spectral_complexity": {
        "max": 48,
        "mean": 20.6573867798,
        "min": 0,
        "stdev": 8.77286815643
    },
    "spectral_decrease": {
        "max": -8.9451522578e-11,
        "mean": -5.03482100456e-09,
        "min": -2.03023162726e-08,
        "stdev": 2.48266185388e-09
    },
    "spectral_energy": {
        "max": 0.0802212953568,
        "mean": 0.0217339526862,
        "min": 0.000397203344619,
        "stdev": 0.0105851907283
    },
    "spectral_energyband_high": {
        "max": 0.0328249558806,
        "mean": 0.00145993602928,
        "min": 1.35372592922e-05,
        "stdev": 0.00212524924427
    },
    "spectral_energyband_low": {
        "max": 0.025165528059,
        "mean": 0.00179144437425,
        "min": 3.52404858859e-05,
        "stdev": 0.00228838226758
    },
    "spectral_energyband_middle_high": {
        "max": 0.033662237227,
        "mean": 0.00918507296592,
        "min": 6.73937756801e-05,
        "stdev": 0.00710500916466
    },
    "spectral_energyband_middle_low": {
        "max": 0.0706391111016,
        "mean": 0.00989725720137,
        "min": 6.62205129629e-05,
        "stdev": 0.00746264727786
    },
    "spectral_entropy": {
        "max": 8.62132263184,
        "mean": 7.71332836151,
        "min": 6.31697273254,
        "stdev": 0.307460606098
    },
    "spectral_flux": {
        "max": 0.234480708838,
        "mean": 0.0866912230849,
        "min": 0.0123454080895,
        "stdev": 0.0328561924398
    },
    "spectral_kurtosis": {
        "max": 14.3275985718,
        "mean": 2.85465764999,
        "min": -1.50159966946,
        "stdev": 1.45919907093
    },
    "spectral_rms": {
        "max": 0.00884673278779,
        "mean": 0.00443599792197,
        "min": 0.000622507417575,
        "stdev": 0.00123521732166
    },
    "spectral_rolloff": {
        "max": 10874.2675781,
        "mean": 2265.76416016,
        "min": 172.265625,
        "stdev": 1420.09875488
    },
    "spectral_skewness": {
        "max": 3.01264762878,
        "mean": 1.3268879652,
        "min": -0.188707306981,
        "stdev": 0.305599987507
    },
    "spectral_spread": {
        "max": 17818824,
        "mean": 5031603.5,
        "min": 2988475,
        "stdev": 1326228.75
    },
    "spectral_strongpeak": {
        "max": 13.9201564789,
        "mean": 1.81959998608,
        "min": 0.00692530116066,
        "stdev": 1.86556899548
    },
    "zerocrossingrate": {
        "max": 0.3359375,
        "mean": 0.086802534759,
        "min": 0.01220703125,
        "stdev": 0.0328541882336
    },
    "barkbands": {
        "max": [0.00068807520438, 0.0058264490217, 0.0206583123654, 0.00738297682256, 0.0169852860272, 0.0596220418811, 0.032255038619, 0.0095737054944, 0.0213796459138, 0.0208166800439, 0.0190230794251, 0.0171994697303, 0.0195170789957, 0.0220419261605, 0.0269249714911, 0.0235644206405, 0.0106323277578, 0.0139004327357, 0.0044487058185, 0.0083751026541, 0.00848003197461, 0.0114501910284, 0.00741488579661, 0.0121952630579, 0.0110755413771, 0.000406876584748, 6.00017256147e-06],
        "mean": [6.3123916334e-05, 0.000420958967879, 0.00101087219082, 0.0006557063316, 0.0021123602055, 0.00283877388574, 0.00204950245097, 0.000975212722551, 0.000739872164559, 0.00141809799243, 0.000648019253276, 0.00106171402149, 0.00106036278885, 0.000721818360034, 0.000971445406321, 0.00123281846754, 0.00075673131505, 0.000815922045149, 0.000469507533126, 0.000562315050047, 0.000239799628616, 0.00020087599114, 0.000318644859362, 0.0002454459609, 0.000132833840325, 1.12151710709e-05, 8.13518319376e-09],
        "min": [7.23844379991e-07, 3.14796784551e-06, 1.56488260927e-06, 9.11090921818e-07, 7.54302936912e-06, 2.87451439362e-06, 2.93694984066e-06, 2.11275437323e-06, 9.22870867726e-07, 1.31030037664e-06, 5.60815692552e-07, 8.67079336331e-07, 2.24951250516e-07, 4.27016942695e-07, 9.96151470645e-07, 1.36315088639e-06, 2.90123830382e-06, 2.03524314202e-06, 1.57294914516e-06, 2.73490240943e-06, 1.63000561315e-06, 1.61569869306e-06, 1.51942003868e-06, 2.09393078876e-06, 9.79169271886e-07, 6.28740565389e-07, 9.36086833048e-11],
        "stdev": [5.94233497395e-05, 0.000687013089191, 0.00161328818649, 0.000911695475224, 0.00217907316983, 0.00501368846744, 0.00325120310299, 0.00116212968715, 0.00168291758746, 0.00215364200994, 0.00157926930115, 0.00177367357537, 0.00233849301003, 0.00150964583736, 0.00193503231276, 0.0024791052565, 0.00116414413787, 0.00130053295288, 0.000537495187018, 0.000823443231639, 0.00040489382809, 0.000547767616808, 0.000492395076435, 0.000630849855952, 0.000452865700936, 1.9464887373e-05, 1.66861951811e-07]
    },
    "erbbands": {
        "max": [0.0824715644121, 1.69943332672, 14.4818382263, 28.926486969, 80.3032913208, 56.3736419678, 182.215408325, 599.700500488, 563.236755371, 472.726776123, 267.439331055, 487.879638672, 798.571899414, 664.922058105, 1133.10217285, 646.731262207, 1042.63208008, 1244.5222168, 1615.92712402, 552.869140625, 1606.88867188, 489.673675537, 611.38684082, 397.688751221, 215.238693237, 471.305480957, 333.762145996, 383.018737793, 391.72454834, 306.470153809, 197.649642944, 210.383560181, 261.734649658, 178.937911987, 58.3176460266, 5.62908172607, 0.175493523479, 0.007767053321, 0.000875001365785, 0.000265860464424],
        "mean": [0.00690761674196, 0.125950723886, 0.964697659016, 1.88910400867, 5.20059919357, 6.61447477341, 9.677069664, 26.687374115, 36.9100532532, 24.2823200226, 17.3054027557, 14.4248399734, 40.0384483337, 37.779083252, 36.6425247192, 46.6759719849, 52.0913314819, 37.1022186279, 55.7508049011, 38.8629875183, 71.5752487183, 42.9333381653, 40.3874397278, 36.4616584778, 22.8891716003, 30.299741745, 13.7415056229, 7.73866939545, 6.79134178162, 7.44230175018, 9.69529819489, 6.10057830811, 3.7728331089, 1.92768228054, 0.681697547436, 0.126340121031, 0.00631498498842, 0.000213455874473, 3.44901818607e-05, 3.21917941619e-05],
        "min": [0.000282510445686, 0.000794510298874, 0.00251276534982, 0.00595999043435, 0.0271775890142, 0.0437934026122, 0.0311005283147, 0.0241446569562, 0.0542060248554, 0.0304671432823, 0.172741010785, 0.0584196187556, 0.055263876915, 0.0938182175159, 0.0532613918185, 0.0557931773365, 0.0466621927917, 0.0526385605335, 0.066645257175, 0.110304296017, 0.126714423299, 0.185425385833, 0.145408213139, 0.0866003334522, 0.137616083026, 0.131569564342, 0.0586692728102, 0.089215606451, 0.0641409605742, 0.0563967861235, 0.0441091693938, 0.0466899909079, 0.0382373631001, 0.0124524347484, 0.00707904761657, 0.0037418268621, 0.000549984863028, 1.61609405041e-05, 1.50036669311e-06, 1.48505171182e-06],
        "stdev": [0.00772521412, 0.211806967854, 1.49151754379, 2.54941320419, 7.05893850327, 6.89723443985, 13.4804372787, 53.0597038269, 57.5078887939, 33.1611175537, 22.2401809692, 29.8724479675, 69.2213592529, 67.2599411011, 84.5295181274, 73.9431381226, 110.461029053, 77.4058532715, 113.124160767, 58.2134056091, 151.590362549, 60.6409873962, 61.7454223633, 45.2721710205, 23.2693958282, 48.5900878906, 18.9634666443, 18.089673996, 18.6965942383, 15.9627981186, 14.7051305771, 10.763625145, 12.374294281, 6.65173721313, 2.35456681252, 0.2569848001, 0.00930319726467, 0.000405605387641, 5.26381081727e-05, 1.90890696103e-05]
    },
    "gfcc": {
        "mean": [17.8023452759, 72.8218841553, -143.363693237, 40.6202392578, -81.7997436523, 16.5669155121, -57.4940605164, 11.8037786484, -27.7382888794, -3.12369656563, -8.64427757263, -5.16606664658, -6.52315235138],
        "cov": [[1877.28540039, -185.78767395, -558.000671387, -75.3560638428, 20.9028072357, 96.0107727051, -7.19167280197, -14.6465215683, -93.4091339111, -36.9508781433, -5.14438676834, -111.571105957, 20.4492797852], [-185.78767395, 449.354736328, 143.604034424, -93.1904602051, 29.1802539825, -21.4122200012, 49.5858306885, -55.0871543884, -63.7281150818, -14.9401283264, -10.8621177673, -12.076666832, -16.7647380829], [-558.000671387, 143.604034424, 732.651794434, 174.569412231, -90.0129241943, -28.4718971252, -71.8419342041, 36.5858879089, 20.0628185272, -19.1354866028, -70.7897415161, 54.5079917908, -33.5485420227], [-75.3560638428, -93.1904602051, 174.569412231, 276.286407471, 40.7286643982, -50.9995536804, -44.3904762268, 42.2682189941, 67.523727417, -6.75062990189, -38.1222877502, 1.79509210587, -5.55622816086], [20.9028072357, 29.1802539825, -90.0129241943, 40.7286643982, 163.45072937, 38.150604248, 20.6852836609, 14.0560340881, -5.41211795807, 4.66163444519, -8.42502784729, -22.2024688721, -7.4658536911], [96.0107727051, -21.4122200012, -28.4718971252, -50.9995536804, 38.150604248, 228.366027832, 127.931900024, -48.3133811951, -93.3762512207, 4.29981803894, -44.6709213257, -29.7103939056, -21.3313121796], [-7.19167280197, 49.5858306885, -71.8419342041, -44.3904762268, 20.6852836609, 127.931900024, 176.474624634, -32.5450439453, -76.194984436, 14.9456233978, -26.6045570374, -26.0458011627, -18.2662715912], [-14.6465215683, -55.0871543884, 36.5858879089, 42.2682189941, 14.0560340881, -48.3133811951, -32.5450439453, 119.091049194, 81.0507278442, -4.67171859741, 11.5913982391, 12.6800832748, 8.32370567322], [-93.4091339111, -63.7281150818, 20.0628185272, 67.523727417, -5.41211795807, -93.3762512207, -76.194984436, 81.0507278442, 155.441879272, 21.1218852997, 36.5308036804, 17.5030765533, 7.23161268234], [-36.9508781433, -14.9401283264, -19.1354866028, -6.75062990189, 4.66163444519, 4.29981803894, 14.9456233978, -4.67171859741, 21.1218852997, 71.6165084839, 25.6824302673, -6.44017982483, -9.05741500854], [-5.14438676834, -10.8621177673, -70.7897415161, -38.1222877502, -8.42502784729, -44.6709213257, -26.6045570374, 11.5913982391, 36.5308036804, 25.6824302673, 112.390480042, 22.5581550598, -3.91214871407], [-111.571105957, -12.076666832, 54.5079917908, 1.79509210587, -22.2024688721, -29.7103939056, -26.0458011627, 12.6800832748, 17.5030765533, -6.44017982483, 22.5581550598, 81.2190475464, 22.9249668121], [20.4492797852, -16.7647380829, -33.5485420227, -5.55622816086, -7.4658536911, -21.3313121796, -18.2662715912, 8.32370567322, 7.23161268234, -9.05741500854, -3.91214871407, 22.9249668121, 56.3501281738]],
        "icov": [[0.00105915579479, -0.000731432286557, 0.00162716943305, -0.00130979903042, 0.00164300727192, -0.00162063387688, 0.00212514214218, -0.00175744981971, 0.00166623934638, -0.000315553916153, 0.000144722012919, 0.000587209593505, 0.000296897487715], [-0.000731432286557, 0.00657058227807, -0.00489860912785, 0.0058319112286, -0.00639398070052, 0.00643846485764, -0.00666329264641, 0.00586894340813, -0.00270869187079, 0.00317288911901, -0.000966763065662, 0.00226576579735, -0.00168917549308], [0.00162716943305, -0.00489860912785, 0.00743828015402, -0.00666810106486, 0.00765013461933, -0.00638056825846, 0.00796345062554, -0.00692381337285, 0.00482928892598, -0.00315129617229, 0.00259419973008, -0.00316083268262, 0.00426518218592], [-0.00130979903042, 0.0058319112286, -0.00666810106486, 0.0116510568187, -0.00893274974078, 0.00759225944057, -0.00748378504068, 0.00688079511747, -0.00645324448124, 0.00352265313268, 0.000944542116486, 0.00204382557422, -0.00173402426299], [0.00164300727192, -0.00639398070052, 0.00765013461933, -0.00893274974078, 0.0156461503357, -0.00908481795341, 0.00900915451348, -0.00942451041192, 0.00592070585117, -0.00415636925027, 0.00129355082754, -0.00120503338985, 0.0032738475129], [-0.00162063387688, 0.00643846485764, -0.00638056825846, 0.00759225944057, -0.00908481795341, 0.0161129906774, -0.0127626806498, 0.0077512213029, -0.00246715149842, 0.00280499854125, 0.000796030566562, 0.00171408627648, -0.000807243515737], [0.00212514214218, -0.00666329264641, 0.00796345062554, -0.00748378504068, 0.00900915451348, -0.0127626806498, 0.0203204583377, -0.00997821241617, 0.00889549497515, -0.00671937549487, 0.00252051046118, -0.00175729661714, 0.00434112921357], [-0.00175744981971, 0.00586894340813, -0.00692381337285, 0.00688079511747, -0.00942451041192, 0.0077512213029, -0.00997821241617, 0.0215524602681, -0.0131196770817, 0.00681057898328, -0.00146721478086, 0.00147080619354, -0.00371423363686], [0.00166623934638, -0.00270869187079, 0.00482928892598, -0.00645324448124, 0.00592070585117, -0.00246715149842, 0.00889549497515, -0.0131196770817, 0.0196135547012, -0.00723411422223, -0.000916881195735, -0.000719596224371, 0.00204956321977], [-0.000315553916153, 0.00317288911901, -0.00315129617229, 0.00352265313268, -0.00415636925027, 0.00280499854125, -0.00671937549487, 0.00681057898328, -0.00723411422223, 0.0200219079852, -0.00493556540459, 0.00347743020393, -0.000754116394091], [0.000144722012919, -0.000966763065662, 0.00259419973008, 0.000944542116486, 0.00129355082754, 0.000796030566562, 0.00252051046118, -0.00146721478086, -0.000916881195735, -0.00493556540459, 0.0147235225886, -0.00587131734937, 0.00553913507611], [0.000587209593505, 0.00226576579735, -0.00316083268262, 0.00204382557422, -0.00120503338985, 0.00171408627648, -0.00175729661714, 0.00147080619354, -0.000719596224371, 0.00347743020393, -0.00587131734937, 0.0197222214192, -0.00929693505168], [0.000296897487715, -0.00168917549308, 0.00426518218592, -0.00173402426299, 0.0032738475129, -0.000807243515737, 0.00434112921357, -0.00371423363686, 0.00204956321977, -0.000754116394091, 0.00553913507611, -0.00929693505168, 0.0253708548844]]
    },
    "melbands": {
        "max": [0.00120280764531, 0.00545960804448, 0.0041543324478, 0.0042073703371, 0.00506913149729, 0.0130753852427, 0.00748939020559, 0.00442470237613, 0.00256295432337, 0.00358408549801, 0.00400960119441, 0.00274903094396, 0.00282889325172, 0.00180061755236, 0.00249138870277, 0.0025548809208, 0.00225221016444, 0.00236542476341, 0.0014426568523, 0.00150215113536, 0.00220271828584, 0.000631078262813, 0.000686961633619, 0.000938368379138, 0.000296152866213, 0.000199259098736, 0.000186726232641, 0.000422000593971, 0.000152211607201, 0.000267148658168, 0.000225451134611, 0.000277115643257, 0.000152196560521, 0.000187096753507, 0.000131789405714, 8.90509763849e-05, 0.000143336204928, 0.000227600365179, 0.000164090917679, 0.000143525903695],
        "mean": [9.04866610654e-05, 0.000390817993321, 0.000420267169829, 0.000439221126726, 0.000322795414831, 0.000604773464147, 0.000540201843251, 0.000248461117735, 0.000123937745229, 0.000101434292446, 0.000200542461243, 0.0001532574679, 0.000102162455732, 0.000128567247884, 0.000130979213282, 8.6636551714e-05, 6.5240827098e-05, 8.53675228427e-05, 6.24514068477e-05, 5.93697768636e-05, 8.75798650668e-05, 4.01021534344e-05, 4.05934042647e-05, 4.18708732468e-05, 2.82152213913e-05, 1.52248012455e-05, 1.72763666342e-05, 2.07387474802e-05, 9.38491393754e-06, 5.10290465172e-06, 4.25585176345e-06, 3.9588353502e-06, 3.55664656126e-06, 4.28556995757e-06, 5.78542812946e-06, 4.78859556097e-06, 3.33392677021e-06, 2.81373013422e-06, 2.0140973902e-06, 1.50025630319e-06],
        "min": [2.3192194476e-06, 1.82056623999e-06, 2.62615731117e-06, 1.61216746619e-06, 1.10084170046e-06, 5.15269675816e-07, 8.95858022432e-07, 3.5124810438e-07, 2.62545341911e-07, 2.08294864024e-07, 2.73868010936e-07, 1.70185828097e-07, 7.92972514319e-08, 2.05353074989e-07, 4.76453045906e-08, 3.30306306751e-08, 4.94698149112e-08, 8.07329243457e-08, 9.92440263303e-08, 1.44340674524e-07, 9.40903532864e-08, 1.45947765873e-07, 7.36298986226e-08, 1.40551293271e-07, 5.02925594503e-08, 6.83728060835e-08, 1.11907546341e-07, 7.85849323393e-08, 2.91478610137e-08, 4.18664143353e-08, 4.90395564157e-08, 2.24267928672e-08, 2.2171548153e-08, 2.66227129231e-08, 2.34794637066e-08, 2.45006290811e-08, 2.01437053704e-08, 2.40236168736e-08, 2.14432365198e-08, 6.8199796921e-09],
        "stdev": [0.000116641858767, 0.000575379293878, 0.000478602363728, 0.000476717978017, 0.000420375930844, 0.00112907961011, 0.00082664960064, 0.000331742921844, 0.000176306755748, 0.000235664876527, 0.00034865620546, 0.000287044153083, 0.000237156680669, 0.000220978690777, 0.000255296297837, 0.000202534458367, 0.000148254825035, 0.000180640898179, 0.000116755836643, 0.000116199291369, 0.000206723576412, 6.69932269375e-05, 6.74168986734e-05, 8.71767333592e-05, 3.7637702917e-05, 1.77472484211e-05, 2.10305915971e-05, 3.8281592424e-05, 1.40711608765e-05, 1.03013662738e-05, 1.13653713925e-05, 1.20845625133e-05, 8.68133520271e-06, 9.20578622754e-06, 9.63200272963e-06, 6.84112592353e-06, 7.06871469447e-06, 1.02675003291e-05, 6.2535646066e-06, 5.50690128875e-06]
    },
    "melbands128": {
        "max": [0.000393963215174, 0.000606812885962, 0.00168474414386, 0.00351414317265, 0.0060647316277, 0.0121723851189, 0.00701640732586, 0.00510246632621, 0.0105334669352, 0.00464858766645, 0.00387728633359, 0.00423822645098, 0.00556067656726, 0.0141216777265, 0.0157988369465, 0.0289471391588, 0.0174649842083, 0.0143926599994, 0.00652901409194, 0.00750037748367, 0.00330516905524, 0.00214790692553, 0.00344823393971, 0.0035447832197, 0.00359532865696, 0.00827144552022, 0.00833174306899, 0.00789187382907, 0.00378369819373, 0.00429543061182, 0.00441878661513, 0.00175811641384, 0.00416461052373, 0.00889480765909, 0.00469615869224, 0.00247663888149, 0.00297644059174, 0.00428909854963, 0.00398503243923, 0.00477257976308, 0.00391658954322, 0.00607173424214, 0.00463686650619, 0.00271733105183, 0.00203731376678, 0.00455669173971, 0.00548412557691, 0.00314036314376, 0.00128689210396, 0.00164794758894, 0.00315739889629, 0.00266947271302, 0.00496863201261, 0.00337315211073, 0.00162502704188, 0.00114801502787, 0.00116053351667, 0.00182670389768, 0.000758124166168, 0.000667015672661, 0.00200757523999, 0.00196182285435, 0.000736972491723, 0.000434334506281, 0.000381170102628, 0.000384264014428, 0.000292117154459, 0.000347940949723, 0.000366254884284, 0.000453342392575, 0.000909106049221, 0.000594506971538, 0.000319815560943, 0.000283980101813, 0.00026821604115, 0.000307183683617, 0.000277919025393, 0.000202015697141, 0.000249191973126, 0.000390127737774, 0.000346073880792, 0.000210865517147, 0.00021334066696, 0.000139712094096, 0.000165238845511, 0.000207581193536, 0.000259428546997, 0.000164235811098, 0.000249404954957, 0.00010628621385, 9.20873717405e-05, 9.00931554497e-05, 0.000156246809638, 9.74086506176e-05, 0.000175319233676, 0.000291115400614, 0.000261156819761, 0.000163022239576, 0.000116046532639, 0.000238033826463, 0.000193788611796, 0.000124214886455, 9.06586938072e-05, 0.000121360171761, 7.56938243285e-05, 3.33252355631e-05, 1.67234920809e-05, 1.62575088325e-05, 4.47001775683e-06, 2.42959276875e-06, 7.1523237466e-07, 2.95917658377e-07, 6.61429027105e-08, 3.32210774445e-08, 3.17984714115e-08, 3.05000682488e-08, 3.16885468976e-08, 2.83646706123e-08, 2.74479727835e-08, 2.66222226486e-08, 2.58907402184e-08, 2.52465301998e-08, 2.4761362738e-08, 2.4253100861e-08, 2.38365149841e-08, 2.34987815873e-08, 2.33145396322e-08, 2.31286083618e-08],
        "mean": [4.19635871367e-05, 4.56622001366e-05, 7.9909877968e-05, 0.000230492179981, 0.000446890364401, 0.000500898226164, 0.000364201230695, 0.000333750766004, 0.000603241205681, 0.000462592783151, 0.000334283598932, 0.000329491187586, 0.000331774615915, 0.00029594451189, 0.000479412497953, 0.000944771163631, 0.000716737878975, 0.000497549714055, 0.000256882485701, 0.000289219053229, 0.000230839956203, 0.000147446116898, 0.000140577045386, 5.11370089953e-05, 5.87005233683e-05, 0.000106311315903, 0.000231183032156, 0.000243470887654, 0.000127340943436, 0.000204989439226, 0.000159311690368, 5.21710971952e-05, 9.00490995264e-05, 0.000151373591507, 0.000123982244986, 0.00012830363994, 0.000123071862618, 0.000103971971839, 0.00016749977658, 0.000132696790388, 3.54954754584e-05, 7.58553214837e-05, 7.03845216776e-05, 6.34016105323e-05, 4.83671865368e-05, 8.57637569425e-05, 0.000143493452924, 5.51524208277e-05, 2.96455909847e-05, 5.00034730067e-05, 5.11728212587e-05, 7.99543122412e-05, 0.000122301993542, 7.41241310607e-05, 4.555860869e-05, 2.92504573736e-05, 4.19403731939e-05, 5.977310866e-05, 3.14039134537e-05, 1.85578865057e-05, 5.01332033309e-05, 5.23608614458e-05, 3.87085856346e-05, 1.87714485946e-05, 1.42952985698e-05, 1.30079770315e-05, 1.96502442122e-05, 1.38810391945e-05, 1.47637547343e-05, 2.34348517552e-05, 2.82770270132e-05, 1.49023853737e-05, 8.88581507752e-06, 1.13738160508e-05, 5.51896437173e-06, 4.97298606206e-06, 5.14891507919e-06, 3.93306618207e-06, 3.7642512325e-06, 5.19449895364e-06, 4.05120135838e-06, 3.44762429449e-06, 3.55476709046e-06, 3.33664684149e-06, 3.81829977414e-06, 4.10211441704e-06, 4.54347309642e-06, 4.48420723842e-06, 6.36942468191e-06, 6.26350583843e-06, 5.4420656852e-06, 4.28685962106e-06, 3.71424835066e-06, 3.50953291672e-06, 2.8805563943e-06, 2.99011685456e-06, 3.06553238261e-06, 2.24214591071e-06, 1.96707946998e-06, 1.95933444047e-06, 1.62954665939e-06, 1.43707279676e-06, 1.3151765188e-06, 1.04875471152e-06, 7.2152198527e-07, 5.20040543961e-07, 3.91509558995e-07, 3.01738992903e-07, 1.9105769411e-07, 9.63441308954e-08, 3.75023851973e-08, 9.6148422557e-09, 4.24459384307e-10, 3.9172838584e-11, 3.35472691293e-11, 6.28227955768e-11, 9.06193314831e-11, 3.00407441978e-11, 2.91018476678e-11, 2.82514445865e-11, 2.75156199908e-11, 2.68486153449e-11, 2.63021063263e-11, 2.57914124085e-11, 2.53772922815e-11, 2.50510185512e-11, 2.48496119515e-11, 2.46709718627e-11],
        "min": [3.9822722897e-07, 5.69282349261e-07, 1.01370699213e-06, 6.83293592374e-07, 7.90162516751e-07, 6.71083967063e-07, 1.70788979403e-07, 2.4555976097e-07, 9.14583097256e-07, 9.45509611938e-07, 1.74469292347e-07, 5.03993646817e-07, 1.84810261317e-07, 1.54605544367e-07, 2.68755769639e-07, 9.89264350437e-08, 4.35152458067e-07, 2.14818072664e-07, 8.33169195857e-08, 3.69993564675e-08, 3.96602786168e-08, 9.90118209643e-08, 1.0129638639e-07, 7.07872729322e-08, 2.0887565455e-08, 6.55943850347e-08, 1.71132214177e-07, 2.53685641383e-07, 3.61496432788e-08, 6.20171292098e-09, 1.47256047356e-08, 5.02066761499e-08, 5.11243634094e-08, 1.57469841611e-08, 1.80096328961e-08, 1.33942037905e-07, 3.05853404825e-08, 2.97265785321e-08, 3.24208437874e-09, 5.69160718555e-09, 6.65915322884e-09, 2.18040341338e-08, 5.60742208222e-08, 6.3208287493e-09, 7.32629334976e-09, 1.29437838225e-08, 3.93097181473e-08, 2.67110351615e-08, 3.54289895199e-08, 6.24013409833e-08, 1.66058438111e-08, 1.89882864987e-08, 5.44901901378e-09, 4.3731461119e-08, 1.05419459828e-07, 3.58375302767e-08, 7.26367277437e-09, 6.82828682486e-09, 6.09807937479e-09, 4.77936055177e-08, 1.71505845969e-07, 6.45422915113e-08, 2.5304386142e-08, 2.76706657587e-08, 2.68323709918e-08, 2.28035048622e-08, 4.96270935457e-08, 2.02863894572e-08, 6.14050890135e-08, 5.15099145559e-08, 3.60468739302e-08, 4.0106261423e-08, 3.04036484877e-09, 1.64873643627e-08, 1.95965998984e-08, 2.51955825092e-08, 3.45377593192e-08, 4.29491748832e-08, 2.56258960718e-08, 9.65121138563e-09, 8.27220070221e-09, 4.46984138591e-09, 9.70405178435e-09, 1.43574796496e-08, 1.53776795742e-08, 2.05921164564e-08, 2.19588738304e-08, 1.57308956972e-08, 1.74796408459e-08, 2.07416377407e-08, 2.23279403855e-08, 2.00365875003e-08, 2.46454803232e-08, 1.81186123882e-08, 4.55742110717e-09, 1.77631065412e-08, 1.70565819246e-08, 1.72872240967e-08, 1.62409001803e-08, 1.16125313809e-08, 4.59109683604e-09, 6.85643364307e-09, 7.75261721486e-09, 9.63212531957e-09, 8.49076631226e-09, 5.77664183155e-09, 4.75133843381e-09, 4.49551240678e-09, 6.61356303056e-09, 5.32833568934e-11, 2.69774805793e-12, 6.14586344056e-13, 3.69837081966e-13, 2.38267088351e-13, 3.04668589619e-13, 2.57184003911e-13, 3.03679417767e-13, 2.78030528288e-13, 2.52471600484e-13, 2.5015674753e-13, 2.71345500322e-13, 2.79141591569e-13, 2.59825445664e-13, 2.89451432657e-13, 2.50911704608e-13, 2.91125196866e-13, 3.00609960101e-13, 2.97323580686e-13],
        "stdev": [3.52655733877e-05, 5.50717231818e-05, 0.000121834287711, 0.00044841383351, 0.00077136978507, 0.000839081592858, 0.000602684332989, 0.000474538392154, 0.000934036273975, 0.000601984153036, 0.000416938331909, 0.00043624281534, 0.000524171511643, 0.00079807889415, 0.00126678694505, 0.00209565553814, 0.00130388559774, 0.00123915669974, 0.000512892263941, 0.000565579801332, 0.000368453125702, 0.000209109319258, 0.000269426032901, 0.000146057151142, 0.000144224308315, 0.000448360835435, 0.000566215137951, 0.000555071863346, 0.000291371281492, 0.000449766550446, 0.000381357473088, 0.000137227965752, 0.000271085707936, 0.000591215386521, 0.000303560111206, 0.000262768240646, 0.000291320116958, 0.000306552421534, 0.000418840441853, 0.000422041339334, 0.000162322598044, 0.000298773142276, 0.000216633445234, 0.000193608182599, 0.000153050277731, 0.000265347625827, 0.000380674115149, 0.000169515566085, 7.79342808528e-05, 0.000130437809275, 0.000167723672348, 0.000215691659832, 0.000376637792215, 0.000273682118859, 0.000122228666442, 7.74456275394e-05, 0.000106155450339, 0.0001303023746, 6.76999407005e-05, 4.79027185065e-05, 0.000162390759215, 0.000115109309263, 7.4863077316e-05, 3.86709762097e-05, 3.01135714835e-05, 2.22392172873e-05, 3.12185329676e-05, 2.30863333854e-05, 2.86492431769e-05, 4.62160569441e-05, 7.43909404264e-05, 3.51464914274e-05, 1.82077528734e-05, 2.39237906499e-05, 1.13702471936e-05, 1.17357312774e-05, 1.33895300678e-05, 1.05599074232e-05, 1.01347113741e-05, 1.75196310011e-05, 1.38305395012e-05, 1.08383956103e-05, 9.64006903814e-06, 8.82951189851e-06, 9.99778512778e-06, 1.00153283711e-05, 1.11219524115e-05, 9.31463910092e-06, 1.40061301863e-05, 9.60636953096e-06, 9.15241616894e-06, 6.82509016769e-06, 7.12557630322e-06, 6.41928181722e-06, 8.70179064805e-06, 1.27735247588e-05, 1.14996018965e-05, 7.41423173167e-06, 5.02067996422e-06, 7.63733896747e-06, 6.69632981953e-06, 5.38108088222e-06, 4.5947513172e-06, 4.62364505438e-06, 2.81095594801e-06, 1.3981768916e-06, 8.38026267047e-07, 6.855485708e-07, 3.07595797722e-07, 1.42220358157e-07, 4.90304756795e-08, 1.91123437077e-08, 2.78639111784e-09, 9.08819131062e-10, 8.65371052594e-10, 1.01271102615e-09, 1.417628126e-09, 7.72253649917e-10, 7.47441553095e-10, 7.24961368714e-10, 7.05132341405e-10, 6.87583212589e-10, 6.74288180846e-10, 6.60575261158e-10, 6.49244824569e-10, 6.40098973825e-10, 6.35006824901e-10, 6.30049790118e-10]
    },
    "mfcc": {
        "mean": [-609.876525879, 88.3407440186, -3.45815849304, 13.3458576202, 2.26533842087, -7.59755086899, -8.05984973907, -0.223053455353, -11.3450393677, 0.283242821693, -9.01070404053, 0.354919999838, 1.45457983017],
        "cov": [[2335.06860352, -252.616134644, -629.506408691, -224.466949463, -79.6235122681, 29.8369789124, 106.423294067, -43.3542289734, -34.714050293, 40.5661087036, 4.61204099655, -60.9307746887, -67.2001953125], [-252.616134644, 526.200073242, 40.9607124329, -58.7499237061, -51.5663795471, 22.3661155701, 70.7923965454, -26.2563705444, -34.5045318604, -43.9303588867, 22.150636673, -45.0010757446, -48.285533905], [-629.506408691, 40.9607124329, 662.757202148, 149.391159058, 55.342716217, -24.0110569, -85.7245330811, 24.0275173187, 41.0309524536, -65.7765274048, -6.48622989655, 11.4269418716, 0.58050173521], [-224.466949463, -58.7499237061, 149.391159058, 279.568817139, 103.454864502, -66.8172988892, -94.8455581665, 7.65484666824, 33.1596488953, 6.20922803879, -28.2123165131, 44.1179275513, 36.7205543518], [-79.6235122681, -51.5663795471, 55.342716217, 103.454864502, 192.73223877, -72.8194122314, -73.702041626, 19.6777114868, 17.6176986694, 17.1550254822, -25.8500976562, 32.6833076477, 24.1824684143], [29.8369789124, 22.3661155701, -24.0110569, -66.8172988892, -72.8194122314, 247.583755493, 141.99571228, -2.22091770172, 22.5796928406, -18.3357048035, 37.5394515991, -66.7004089355, -49.8788948059], [106.423294067, 70.7923965454, -85.7245330811, -94.8455581665, -73.702041626, 141.99571228, 196.208053589, 11.3940696716, -6.34276103973, 4.29851436615, 31.1285076141, -54.6312942505, -43.1926002502], [-43.3542289734, -26.2563705444, 24.0275173187, 7.65484666824, 19.6777114868, -2.22091770172, 11.3940696716, 80.7494506836, 29.6925392151, -11.8189554214, -4.33183050156, 12.2931804657, 10.9373292923], [-34.714050293, -34.5045318604, 41.0309524536, 33.1596488953, 17.6176986694, 22.5796928406, -6.34276103973, 29.6925392151, 114.497810364, -4.34420442581, -3.01948523521, -10.9522600174, -5.26679325104], [40.5661087036, -43.9303588867, -65.7765274048, 6.20922803879, 17.1550254822, -18.3357048035, 4.29851436615, -11.8189554214, -4.34420442581, 130.247283936, 13.7329711914, 6.23001098633, -4.09529256821], [4.61204099655, 22.150636673, -6.48622989655, -28.2123165131, -25.8500976562, 37.5394515991, 31.1285076141, -4.33183050156, -3.01948523521, 13.7329711914, 69.1485748291, 7.76287651062, -6.80368232727], [-60.9307746887, -45.0010757446, 11.4269418716, 44.1179275513, 32.6833076477, -66.7004089355, -54.6312942505, 12.2931804657, -10.9522600174, 6.23001098633, 7.76287651062, 97.1918945312, 51.9970664978], [-67.2001953125, -48.285533905, 0.58050173521, 36.7205543518, 24.1824684143, -49.8788948059, -43.1926002502, 10.9373292923, -5.26679325104, -4.09529256821, -6.80368232727, 51.9970664978, 97.8274078369]],
        "icov": [[0.00067506468622, 0.000435457361164, 0.000565483467653, 0.000202989656827, -2.81128086499e-05, 0.000356259115506, -0.000268468400463, 0.000316381221637, -3.33631614922e-05, 0.000323207903421, -0.000155945221195, 0.000248244818067, 0.000502731883898], [0.000435457361164, 0.00263704685494, 0.000102800528111, 0.00019700176199, 4.41647353e-05, 0.00119561096653, -0.00136824301444, 0.000973219342995, 0.00040649442235, 0.00119778164662, -0.000956455420237, 0.000828704272863, 0.000976968207397], [0.000565483467653, 0.000102800528111, 0.00244858441874, -0.000820478715468, -5.348038394e-05, 2.4346736609e-05, 0.000731082924176, -0.000398716918426, -0.000179926020792, 0.00116289441939, -0.00077427882934, 0.000496747437865, 0.000846743874718], [0.000202989656827, 0.00019700176199, -0.000820478715468, 0.0057289688848, -0.001900703297, -0.000266105373157, 0.000899501203094, 0.000932108727284, -0.00123055186123, -0.000559929234441, 0.00142826745287, -0.00136605941225, -0.000546056020539], [-2.81128086499e-05, 4.41647353e-05, -5.348038394e-05, -0.001900703297, 0.00745369773358, 0.000592715921812, 0.00126298598479, -0.0017613787204, -0.000205996591831, -0.00112596678082, 0.0012791469926, -0.000457776070107, 0.000204551150091], [0.000356259115506, 0.00119561096653, 2.4346736609e-05, -0.000266105373157, 0.000592715921812, 0.00910123996437, -0.00579002173617, 0.0017477159854, -0.00181175302714, 0.00203999131918, -0.00324003631249, 0.00291316909716, 0.000890809984412], [-0.000268468400463, -0.00136824301444, 0.000731082924176, 0.000899501203094, 0.00126298598479, -0.00579002173617, 0.0123252114281, -0.00446138018742, 0.00188544904813, -0.00175310310442, -0.00108215457294, 0.00201993156224, 0.000353757000994], [0.000316381221637, 0.000973219342995, -0.000398716918426, 0.000932108727284, -0.0017613787204, 0.0017477159854, -0.00446138018742, 0.016565490514, -0.00455967430025, 0.00195930735208, 0.00111802853644, -0.0028977568727, -0.000690648797899], [-3.33631614922e-05, 0.00040649442235, -0.000179926020792, -0.00123055186123, -0.000205996591831, -0.00181175302714, 0.00188544904813, -0.00455967430025, 0.0111581962556, -0.000253898848314, -0.00055023864843, 0.00228879065253, 0.000445398996817], [0.000323207903421, 0.00119778164662, 0.00116289441939, -0.000559929234441, -0.00112596678082, 0.00203999131918, -0.00175310310442, 0.00195930735208, -0.000253898848314, 0.0095993289724, -0.00295374821872, 0.000274410151178, 0.00137876952067], [-0.000155945221195, -0.000956455420237, -0.00077427882934, 0.00142826745287, 0.0012791469926, -0.00324003631249, -0.00108215457294, 0.00111802853644, -0.00055023864843, -0.00295374821872, 0.0194591395557, -0.00642856489867, 0.000935263233259], [0.000248244818067, 0.000828704272863, 0.000496747437865, -0.00136605941225, -0.000457776070107, 0.00291316909716, 0.00201993156224, -0.0028977568727, 0.00228879065253, 0.000274410151178, -0.00642856489867, 0.019391708076, -0.00671575777233], [0.000502731883898, 0.000976968207397, 0.000846743874718, -0.000546056020539, 0.000204551150091, 0.000890809984412, 0.000353757000994, -0.000690648797899, 0.000445398996817, 0.00137876952067, 0.000935263233259, -0.00671575777233, 0.0156029062346]]
    },
    "spectral_contrast_coeffs": {
        "max": [-0.422966063023, -0.403855532408, -0.478466004133, -0.507265031338, -0.594005703926, -0.60925757885],
        "mean": [-0.687625527382, -0.720674514771, -0.735214173794, -0.742983341217, -0.75890058279, -0.780814230442],
        "min": [-0.919553339481, -0.904837548733, -0.909742474556, -0.885650932789, -0.869307100773, -0.867492973804],
        "stdev": [0.0663667321205, 0.0870119035244, 0.0689021497965, 0.0687644854188, 0.0501213185489, 0.0308934934437]
    },
    "spectral_contrast_valleys": {
        "max": [-5.44274187088, -5.14364337921, -5.49562263489, -6.28951978683, -6.03473567963, -7.21835184097],
        "mean": [-7.11428976059, -6.68468618393, -7.33705854416, -7.54741382599, -7.24661302567, -9.46458339691],
        "min": [-9.0302696228, -9.33836460114, -9.65339183807, -9.84941864014, -9.3309135437, -11.2018823624],
        "stdev": [0.58990585804, 0.629217743874, 0.755485773087, 0.695158302784, 0.55774384737, 0.544126808643]
    }
},
"rhythm": {
    "beats_count": 49,
    "beats_loudness": {
        "max": 0.0520928502083,
        "mean": 0.0283529367298,
        "min": 0.00567854754627,
        "stdev": 0.0100601883605
    },
    "bpm": 91.9279708862,
    "bpm_histogram_first_peak_bpm": 92,
    "bpm_histogram_first_peak_weight": 0.411764681339,
    "bpm_histogram_second_peak_bpm": 108,
    "bpm_histogram_second_peak_spread": 0.428571462631,
    "bpm_histogram_second_peak_weight": 0.0833333358169,
    "danceability": 1.3399926424,
    "onset_rate": 3.07617163658,
    "beats_loudness_band_ratio": {
        "max": [0.906634509563, 0.796321213245, 0.654754817486, 0.530983388424, 0.716715574265, 0.753653228283],
        "mean": [0.131274297833, 0.234870970249, 0.199379533529, 0.198240533471, 0.195339635015, 0.110981807113],
        "min": [0.00421573361382, 0.00954210665077, 0.0146211590618, 0.00230096420273, 0.0059898737818, 0.0216338336468],
        "stdev": [0.143050581217, 0.206955447793, 0.144389286637, 0.166337862611, 0.156673118472, 0.112119980156]
    },
    "beats_position": [0.731428563595, 1.47446703911, 2.21750569344, 2.97215414047, 3.68036270142, 4.38857126236, 5.0967798233, 5.79337835312, 6.45514726639, 7.12852573395, 7.80190467834, 8.46367359161, 9.12544155121, 9.79882049561, 10.47219944, 11.1455783844, 11.807346344, 12.4691152573, 13.1308841705, 13.7810430527, 14.4195919037, 15.0697498322, 15.7082986832, 16.3700675964, 17.0202255249, 17.6703853607, 18.3089332581, 18.9474830627, 19.5976409912, 20.247800827, 20.8979587555, 21.5365066528, 22.1750564575, 22.8136043549, 23.4521541595, 24.102312088, 24.7524719238, 25.4026298523, 26.0527877808, 26.7029476166, 27.3414955139, 27.9916553497, 28.5489330292, 29.1178226471, 29.6751022339, 30.2323799133, 30.7896595001, 31.3353290558, 31.8809967041],
