{
"metadata": {
    "version": {
        "essentia": "2.1-beta5",
        "essentia_git_sha": "Undefined",
        "extractor": "music 2.0"
    },
    "audio_properties": {
        "analysis": {
            "equal_loudness": 0,
            "length": 48.7502937317,
            "sample_rate": 44100,
            "start_time": 29.0017242432,
            "downmix": "mix"
        },
        "bit_rate": 192000,
        "length": 186.943847656,
        "lossless": 0,
        "number_channels": 2,
        "replay_gain": -6.72926902771,
        "sample_rate": 44100,
        "codec": "mp3",
        "md5_encoded": "8577d48cbd9234551b50a57bde4ed71b"
    },
    "tags": {
        "file_name": "Italy_L_amore è Un Attimo_Massimo Ranieri.mp3",
        "encoding": ["Lavf58.29.100"]
    }
},
"lowlevel": {
    "average_loudness": 0.948324561119,
    "barkbands_crest": {
        "max": 20.3344345093,
        "mean": 8.03681182861,
        "min": 2.48412108421,
        "stdev": 2.96985554695
    },
    "barkbands_flatness_db": {
        "max": 0.271428048611,
        "mean": 0.162759318948,
        "min": 0.0751236900687,
        "stdev": 0.0315062515438
    },
    "barkbands_kurtosis": {
        "max": 12.6107273102,
        "mean": -0.0758617445827,
        "min": -1.80847489834,
        "stdev": 1.76651906967
    },
    "barkbands_skewness": {
        "max": 3.18109607697,
        "mean": -0.226197972894,
        "min": -3.0745537281,
        "stdev": 0.839424610138
    },
    "barkbands_spread": {
        "max": 64.4219970703,
        "mean": 18.4802799225,
        "min": 4.2249584198,
        "stdev": 6.40176582336
    },
    "dissonance": {
        "max": 0.500000178814,
        "mean": 0.470894157887,
        "min": 0.290175944567,
        "stdev": 0.0214668475091
    },
    "dynamic_complexity": 2.63482451439,
    "erbbands_crest": {
        "max": 24.5976371765,
        "mean": 10.0189371109,
        "min": 3.03692793846,
        "stdev": 3.54407477379
    },
    "erbbands_flatness_db": {
        "max": 0.348699212074,
        "mean": 0.252970248461,
        "min": 0.0980948880315,
        "stdev": 0.0408123992383
    },
    "erbbands_kurtosis": {
        "max": 19.904045105,
        "mean": 0.863494336605,
        "min": -1.77718698978,
        "stdev": 2.86973977089
    },
    "erbbands_skewness": {
        "max": 1.43567013741,
        "mean": -0.604793429375,
        "min": -3.74541258812,
        "stdev": 0.807770192623
    },
    "erbbands_spread": {
        "max": 65.7416915894,
        "mean": 20.1466636658,
        "min": 3.80076408386,
        "stdev": 8.23478984833
    },
    "hfc": {
        "max": 76.6884536743,
        "mean": 23.883808136,
        "min": 0.0622444339097,
        "stdev": 15.9224777222
    },
    "loudness_ebu128": {
        "integrated": -18.1347732544,
        "loudness_range": 3.86339187622,
        "momentary": {
            "max": -14.3539543152,
            "mean": -19.0654773712,
            "min": -33.9941177368,
            "stdev": 3.14674925804
        },
        "short_term": {
            "max": -16.3686904907,
            "mean": -18.4501724243,
            "min": -23.8774642944,
            "stdev": 1.63261818886
        }
    },
    "melbands_crest": {
        "max": 28.6579170227,
        "mean": 9.73911476135,
        "min": 2.65093421936,
        "stdev": 4.37576961517
    },
    "melbands_flatness_db": {
        "max": 0.307244420052,
        "mean": 0.167422890663,
        "min": 0.0325635783374,
        "stdev": 0.0314758904278
    },
    "melbands_kurtosis": {
        "max": 30.4807281494,
        "mean": 0.154340356588,
        "min": -1.85435700417,
        "stdev": 2.0163435936
    },
    "melbands_skewness": {
        "max": 5.07754850388,
        "mean": 0.450952857733,
        "min": -2.03376030922,
        "stdev": 0.796533763409
    },
    "melbands_spread": {
        "max": 167.479995728,
        "mean": 39.9468383789,
        "min": 7.79983091354,
        "stdev": 15.9848632812
    },
    "pitch_salience": {
        "max": 0.820345103741,
        "mean": 0.616991400719,
        "min": 0.265050858259,
        "stdev": 0.0852818191051
    },
    "silence_rate_20dB": {
        "max": 1,
        "mean": 1,
        "min": 1,
        "stdev": 0
    },
    "silence_rate_30dB": {
        "max": 1,
        "mean": 1,
        "min": 1,
        "stdev": 0
    },
    "silence_rate_60dB": {
        "max": 1,
        "mean": 0.0937648713589,
        "min": 0,
        "stdev": 0.291496783495
    },
    "spectral_centroid": {
        "max": 4021.71118164,
        "mean": 2124.72680664,
        "min": 569.45880127,
        "stdev": 469.470367432
    },
    "spectral_complexity": {
        "max": 44,
        "mean": 20.0376014709,
        "min": 0,
        "stdev": 7.17962503433
    },
    "spectral_decrease": {
        "max": -1.51802233977e-11,
        "mean": -3.2086358015e-09,
        "min": -1.06670974276e-08,
        "stdev": 1.86804949287e-09
    },
    "spectral_energy": {
        "max": 0.0454877577722,
        "mean": 0.0142764672637,
        "min": 6.32849478279e-05,
        "stdev": 0.00836048927158
    },
    "spectral_energyband_high": {
        "max": 0.00427037198097,
        "mean": 0.00016763896565,
        "min": 2.77734670817e-06,
        "stdev": 0.000334136915626
    },
    "spectral_energyband_low": {
        "max": 0.00479186931625,
        "mean": 0.000229435740039,
        "min": 1.22278936487e-06,
        "stdev": 0.00031618817593
    },
    "spectral_energyband_middle_high": {
        "max": 0.0387355349958,
        "mean": 0.0102559402585,
        "min": 1.31315009639e-05,
        "stdev": 0.00730823539197
    },
    "spectral_energyband_middle_low": {
        "max": 0.0309293754399,
        "mean": 0.00391276739538,
        "min": 3.24159082083e-05,
        "stdev": 0.00312957167625
    },
    "spectral_entropy": {
        "max": 8.32468509674,
        "mean": 7.2369966507,
        "min": 6.39486265182,
        "stdev": 0.302511185408
    },
    "spectral_flux": {
        "max": 0.154761180282,
        "mean": 0.069883517921,
        "min": 0.00353325880133,
        "stdev": 0.0290971267968
    },
    "spectral_kurtosis": {
        "max": 36.8248786926,
        "mean": 9.20191574097,
        "min": -0.435203075409,
        "stdev": 5.51314878464
    },
    "spectral_rms": {
        "max": 0.0066617038101,
        "mean": 0.00352924037725,
        "min": 0.000248478201684,
        "stdev": 0.0012135602301
    },
    "spectral_rolloff": {
        "max": 8074.95117188,
        "mean": 2645.49536133,
        "min": 344.53125,
        "stdev": 748.127929688
    },
    "spectral_skewness": {
        "max": 3.55562782288,
        "mean": 1.47212302685,
        "min": 0.0829717740417,
        "stdev": 0.452719599009
    },
    "spectral_spread": {
        "max": 6470318,
        "mean": 2289671,
        "min": 1048325.3125,
        "stdev": 654750.75
    },
    "spectral_strongpeak": {
        "max": 12.4520845413,
        "mean": 2.5315823555,
        "min": 0.0273763798177,
        "stdev": 2.22386169434
    },
    "zerocrossingrate": {
        "max": 0.27783203125,
        "mean": 0.0831249430776,
        "min": 0.02392578125,
        "stdev": 0.0219205617905
    },
    "barkbands": {
        "max": [1.17917861644e-05, 0.00144880567677, 0.0023744252976, 0.00856744684279, 0.0069278832525, 0.00601477967575, 0.0208091903478, 0.0136572606862, 0.0152240246534, 0.0292279161513, 0.015009493567, 0.0091932695359, 0.0261271875352, 0.0130622209981, 0.0169278346002, 0.0124570494518, 0.0183082390577, 0.0155218308792, 0.0106881773099, 0.00168560061138, 0.00187577295583, 0.00157520920038, 0.00314099621028, 0.00102059007622, 2.95692752843e-05, 1.01314071799e-06, 3.17229847724e-07],
        "mean": [4.98369502111e-07, 3.64098414138e-05, 8.84207765921e-05, 0.000282466760837, 0.000354123010766, 0.000577323371544, 0.000738154747523, 0.000750709674321, 0.000865914393216, 0.00073127966607, 0.000798690656666, 0.000498592038639, 0.00154154305346, 0.000577556435019, 0.000900825194549, 0.000899435661267, 0.00167780602351, 0.00177142221946, 0.000968480890151, 0.000102448721009, 5.25283285242e-05, 3.19478895108e-05, 2.11998412851e-05, 7.39003598937e-06, 7.46711066313e-07, 5.62647130664e-07, 5.06759301189e-09],
        "min": [3.38317429627e-10, 5.88293360693e-08, 3.11772261341e-08, 4.51250855349e-07, 2.36706227952e-06, 1.2288387552e-06, 4.56796414028e-07, 6.23945197731e-07, 1.22211963571e-06, 5.21021775057e-07, 6.90317733643e-07, 2.0145968449e-07, 3.11335867309e-07, 5.13016175319e-07, 8.73768328802e-07, 1.32359809868e-06, 4.12868502053e-07, 5.4471928479e-07, 1.53605128617e-07, 6.46690409667e-07, 3.60050080417e-07, 1.493727666e-07, 1.67976992316e-07, 2.37837440409e-07, 3.18826693047e-07, 2.9403076951e-07, 3.43629985577e-11],
        "stdev": [6.54777522868e-07, 6.90581437084e-05, 0.000157997070346, 0.000455381552456, 0.000411093758885, 0.000671689456794, 0.00159108487424, 0.00139275076799, 0.00114887394011, 0.00183355296031, 0.00155420077499, 0.000874520628713, 0.00270234164782, 0.0011672625551, 0.00170408945996, 0.00155047827866, 0.00201546633616, 0.00199213274755, 0.00138892594259, 0.000132366112666, 0.000103037178633, 8.29309428809e-05, 0.000131836219225, 4.62742500531e-05, 1.08373569674e-06, 8.17782463969e-08, 1.1705312275e-08]
    },
    "erbbands": {
        "max": [0.0098899807781, 0.426847904921, 1.86201107502, 12.8652858734, 35.1337432861, 26.3288383484, 44.9916954041, 62.1607894897, 313.510620117, 193.047348022, 359.996765137, 397.622192383, 1108.24963379, 553.695068359, 739.820922852, 408.139465332, 967.446838379, 573.897583008, 1038.22497559, 1503.49060059, 592.151977539, 641.767150879, 656.796020508, 681.189697266, 322.374755859, 84.0922775269, 74.8593978882, 55.0397834778, 59.8600616455, 75.9750595093, 80.5959014893, 32.4127502441, 8.24140644073, 0.832059264183, 0.0287784915417, 0.00493087153882, 0.00193944887724, 0.000287401227979, 6.17920231889e-05, 5.72887111048e-05],
        "mean": [0.000320275576087, 0.0115369455889, 0.0879829004407, 0.514944732189, 1.14575302601, 1.14270210266, 2.09641957283, 5.78554296494, 10.6714420319, 10.9921121597, 17.3990955353, 23.9149703979, 21.7717685699, 23.4388446808, 34.1826324463, 24.2814559937, 69.1150894165, 40.2146530151, 43.9746818542, 51.9073562622, 53.5268096924, 85.734703064, 93.5171585083, 83.5525665283, 22.801984787, 5.07609510422, 2.86475300789, 1.9479995966, 1.21374678612, 0.823453307152, 0.563895940781, 0.258451253176, 0.0673426017165, 0.0117564508691, 0.00482314592227, 0.00281009427272, 0.00104178651236, 8.91487070476e-05, 1.1810558135e-05, 1.9121403966e-05],
        "min": [2.70196983365e-06, 2.31635167438e-05, 0.000419387797592, 0.00220042350702, 0.00202391645871, 0.00865380745381, 0.018463416025, 0.01463614963, 0.0129093229771, 0.0239162761718, 0.0151914358139, 0.0318819917738, 0.0163891389966, 0.0287225209177, 0.0429073385894, 0.0195597093552, 0.0186124164611, 0.0505196973681, 0.0681980326772, 0.0503302030265, 0.0978678539395, 0.0300697088242, 0.0259526632726, 0.0258090998977, 0.0140379564837, 0.0248766094446, 0.0210606809705, 0.00901819206774, 0.00590665685013, 0.00574967823923, 0.00533748138696, 0.00488474452868, 0.00463024759665, 0.0035147073213, 0.00211357069202, 0.00120592978783, 0.000523931230418, 4.75105516671e-05, 1.27321538912e-06, 1.60664853865e-07],
        "stdev": [0.000475932407426, 0.0210509523749, 0.138014897704, 0.756193876266, 1.6534371376, 1.5713095665, 3.11487770081, 6.76053762436, 22.5010604858, 18.2860279083, 33.0979042053, 31.1692657471, 67.2272033691, 38.1333770752, 64.8634872437, 37.3320388794, 115.618026733, 63.1734886169, 81.5779037476, 115.103889465, 67.6589584351, 92.1877670288, 92.9142990112, 91.9508209229, 32.3263549805, 5.6956820488, 4.70897483826, 3.75292515755, 3.0620007515, 3.50430631638, 3.57595682144, 1.65279638767, 0.39979159832, 0.0378247722983, 0.00144537806045, 0.000501553760841, 0.00017914257478, 1.7975575247e-05, 6.22334755462e-06, 1.12196403279e-05]
    },
    "gfcc": {
        "mean": [-51.5827522278, 98.4276428223, -193.876083374, 13.5164413452, -51.1834182739, -18.8510513306, -40.8500099182, 3.42212343216, -24.9773674011, -9.85860443115, -16.7170352936, -2.0902132988, -20.2051925659],
        "cov": [[1342.01025391, 125.878601074, -489.98928833, 70.8130340576, 41.8695411682, -93.190246582, 88.4088745117, -73.9816513062, 121.155952454, -201.9737854, 102.474777222, -25.1965141296, -27.234457016], [125.878601074, 282.746917725, 44.8990631104, -124.220443726, 73.7818908691, 1.7319778204, 31.861907959, 1.78745377064, -37.562210083, 6.72226715088, -21.9151077271, -5.82285881042, -21.2435932159], [-489.98928833, 44.8990631104, 406.778625488, 86.8713531494, -87.2241516113, 107.026222229, -45.1135482788, -2.58735752106, -21.3261451721, 88.9940338135, -69.2017593384, -2.88175296783, 22.4113044739], [70.8130340576, -124.220443726, 86.8713531494, 290.5652771, -16.5190391541, 9.76121711731, -55.036907196, -25.2447376251, 77.8844680786, -5.37542963028, -17.361492157, -24.7889118195, 35.8151473999], [41.8695411682, 73.7818908691, -87.2241516113, -16.5190391541, 275.904571533, -39.3656730652, -42.9547538757, 48.5576553345, -0.344568163157, -15.0286045074, -3.74572968483, -24.3648986816, -14.8186159134], [-93.190246582, 1.7319778204, 107.026222229, 9.76121711731, -39.3656730652, 194.096679688, 66.730140686, -48.4743766785, -22.0729503632, 28.6565341949, -21.1667423248, -9.26596450806, -7.96406698227], [88.4088745117, 31.861907959, -45.1135482788, -55.036907196, -42.9547538757, 66.730140686, 153.831573486, 14.892291069, -39.8726768494, -11.7585439682, 17.284412384, 19.0966033936, -22.1533412933], [-73.9816513062, 1.78745377064, -2.58735752106, -25.2447376251, 48.5576553345, -48.4743766785, 14.892291069, 115.563041687, 37.2523880005, -8.08852672577, 3.92609930038, 9.43358707428, -3.04936289787], [121.155952454, -37.562210083, -21.3261451721, 77.8844680786, -0.344568163157, -22.0729503632, -39.8726768494, 37.2523880005, 146.328338623, 21.827413559, -14.1145114899, -16.1388435364, 19.5591316223], [-201.9737854, 6.72226715088, 88.9940338135, -5.37542963028, -15.0286045074, 28.6565341949, -11.7585439682, -8.08852672577, 21.827413559, 121.276298523, -13.5892133713, -13.2006988525, 5.98862791061], [102.474777222, -21.9151077271, -69.2017593384, -17.361492157, -3.74572968483, -21.1667423248, 17.284412384, 3.92609930038, -14.1145114899, -13.5892133713, 96.8871994019, 34.9149169922, -23.0865249634], [-25.1965141296, -5.82285881042, -2.88175296783, -24.7889118195, -24.3648986816, -9.26596450806, 19.0966033936, 9.43358707428, -16.1388435364, -13.2006988525, 34.9149169922, 77.6849594116, 22.5739898682], [-27.234457016, -21.2435932159, 22.4113044739, 35.8151473999, -14.8186159134, -7.96406698227, -22.1533412933, -3.04936289787, 19.5591316223, 5.98862791061, -23.0865249634, 22.5739898682, 69.7746200562]],
        "icov": [[0.0202955044806, -0.0259005688131, 0.0232576113194, -0.0160509422421, 0.00783264357597, -0.00117879419122, -0.00794309191406, 0.0153803247958, -0.0207604859024, 0.0222386661917, -0.0183623246849, 0.0121308472008, -0.00560549693182], [-0.0259005688131, 0.0440226979554, -0.0405006892979, 0.029592756182, -0.0182830262929, 0.0107039958239, -0.00216418062337, -0.00588924763724, 0.016916628927, -0.0221692807972, 0.0207087751478, -0.0114487493411, 0.00522337807342], [0.0232576113194, -0.0405006892979, 0.0469276793301, -0.0316636487842, 0.0213552340865, -0.0173443779349, 0.0112851355225, -0.00506380852312, -0.00655967183411, 0.0130961863324, -0.0119009511545, 0.00512747606263, -0.00103740696795], [-0.0160509422421, 0.029592756182, -0.0316636487842, 0.027078686282, -0.0147330928594, 0.0107978368178, -0.00660361303017, 0.00449388241395, 0.00251688738354, -0.00832685735077, 0.00827349536121, -0.00198283605278, -0.00139303621836], [0.00783264357597, -0.0182830262929, 0.0213552340865, -0.0147330928594, 0.015690991655, -0.0107882963493, 0.0118071259931, -0.0111485300586, 0.00372424628586, 0.00175100483466, -0.00263202353381, 0.00128878292162, 0.00107453018427], [-0.00117879419122, 0.0107039958239, -0.0173443779349, 0.0107978368178, -0.0107882963493, 0.0210380628705, -0.0204153005034, 0.0211839359254, -0.0127025814727, 0.00640460569412, -0.00333336507902, 0.00546135287732, -0.0024774170015], [-0.00794309191406, -0.00216418062337, 0.0112851355225, -0.00660361303017, 0.0118071259931, -0.0204153005034, 0.0350645817816, -0.0336689352989, 0.0277490727603, -0.0196373648942, 0.0146398572251, -0.0145445810631, 0.00930087547749], [0.0153803247958, -0.00588924763724, -0.00506380852312, 0.00449388241395, -0.0111485300586, 0.0211839359254, -0.0336689352989, 0.0517370589077, -0.0403368100524, 0.0306309442967, -0.0215789712965, 0.0157869551331, -0.00841779913753], [-0.0207604859024, 0.016916628927, -0.00655967183411, 0.00251688738354, 0.00372424628586, -0.0127025814727, 0.0277490727603, -0.0403368100524, 0.0466549731791, -0.0349418148398, 0.0257616508752, -0.0174202080816, 0.008331223391], [0.0222386661917, -0.0221692807972, 0.0130961863324, -0.00832685735077, 0.00175100483466, 0.00640460569412, -0.0196373648942, 0.0306309442967, -0.0349418148398, 0.0414984598756, -0.0262045823038, 0.0205307528377, -0.0108745470643], [-0.0183623246849, 0.0207087751478, -0.0119009511545, 0.00827349536121, -0.00263202353381, -0.00333336507902, 0.0146398572251, -0.0215789712965, 0.0257616508752, -0.0262045823038, 0.0384514406323, -0.0259063914418, 0.0176107659936], [0.0121308472008, -0.0114487493411, 0.00512747606263, -0.00198283605278, 0.00128878292162, 0.00546135287732, -0.0145445810631, 0.0157869551331, -0.0174202080816, 0.0205307528377, -0.0259063914418, 0.035340256989, -0.0192949492484], [-0.00560549693182, 0.00522337807342, -0.00103740696795, -0.00139303621836, 0.00107453018427, -0.0024774170015, 0.00930087547749, -0.00841779913753, 0.008331223391, -0.0108745470643, 0.0176107659936, -0.0192949492484, 0.0279803574085]]
    },
    "melbands": {
        "max": [0.00023958964448, 0.000782023009378, 0.00320374430157, 0.0018994375132, 0.00135697063524, 0.00134218751919, 0.00481837475672, 0.0026784085203, 0.00272098788992, 0.00281460070983, 0.00553808873519, 0.00216207839549, 0.00243164692074, 0.00119267578702, 0.00113095750567, 0.00310082756914, 0.00123272044584, 0.00153793219943, 0.00126312009525, 0.00144038593862, 0.000854855636135, 0.00101217464544, 0.00125109602232, 0.000675465271343, 0.000668363005389, 0.000453186687082, 5.32371268491e-05, 6.26747350907e-05, 3.75722884201e-05, 5.87946160522e-05, 3.21352454193e-05, 3.45256157743e-05, 2.96852849715e-05, 5.48537609575e-05, 6.34628668195e-05, 2.65294838755e-05, 2.0422065063e-05, 8.18788703327e-06, 2.30375849242e-06, 2.38997699853e-07],
        "mean": [6.11102177572e-06, 3.9002392441e-05, 0.000113966387289, 7.97546745162e-05, 7.07368890289e-05, 0.000126253275084, 0.000163623160915, 0.000123881036416, 0.000143095618114, 0.000145698548295, 0.000104105682112, 8.79748331499e-05, 0.00011443002586, 6.84473998263e-05, 7.8847129771e-05, 0.00016761594452, 6.17597106611e-05, 6.71479938319e-05, 6.12014046055e-05, 7.61353730923e-05, 6.29563292023e-05, 8.65767942742e-05, 0.000102504614915, 7.71297927713e-05, 6.97180294083e-05, 2.54676524492e-05, 4.81329743707e-06, 2.87393868348e-06, 2.0506920464e-06, 1.33475145958e-06, 1.03744162061e-06, 7.51538209443e-07, 4.67654871272e-07, 4.48366535011e-07, 3.4936383031e-07, 2.22229715519e-07, 1.32326320568e-07, 5.36310054144e-08, 1.68159495217e-08, 6.59012178161e-09],
        "min": [2.20743991974e-08, 1.75161957827e-07, 3.7238777395e-07, 3.04510450633e-07, 7.67876315422e-07, 2.69356263516e-07, 1.67942744156e-07, 3.06971685404e-07, 9.6938933325e-08, 2.12560706814e-07, 7.38226546559e-08, 7.42231662798e-08, 1.0283440588e-07, 1.15713568505e-07, 2.41029951553e-08, 2.41730866435e-08, 1.0936003747e-07, 8.66102993768e-08, 6.05793033515e-08, 7.62256675557e-08, 1.21100129036e-07, 2.68850435248e-08, 1.53470374187e-08, 2.7273012293e-08, 1.64527769186e-08, 6.66719168763e-09, 9.61688328971e-09, 1.27756498713e-08, 1.46512757482e-08, 6.36753627603e-09, 4.2525334365e-09, 2.76885647743e-09, 2.55357757162e-09, 3.31434679701e-09, 3.00568792078e-09, 2.65477950734e-09, 1.63892777127e-09, 2.8937749974e-09, 2.67795430275e-09, 2.3723378817e-09],
        "stdev": [1.09978818728e-05, 5.81228450756e-05, 0.000165026838658, 9.6069117717e-05, 9.66801089817e-05, 0.000146078149555, 0.000348882633261, 0.000207932142075, 0.000259774824372, 0.00020219408907, 0.000335798744345, 0.000152481137775, 0.000229135068366, 0.000111777851998, 0.000126771716168, 0.000319494429277, 0.000110567190859, 0.000134472065838, 0.000112273592094, 0.000156610345584, 8.58416315168e-05, 0.000103599450085, 0.000128122323076, 8.37469051476e-05, 8.21972425911e-05, 4.55214467365e-05, 6.14378313912e-06, 4.07904235544e-06, 3.55986094291e-06, 2.81698294202e-06, 2.07053471968e-06, 1.82356291134e-06, 1.56785063155e-06, 2.35268407778e-06, 2.40875760937e-06, 1.41275938859e-06, 8.83956317921e-07, 3.40751086014e-07, 8.93679512615e-08, 8.76531203176e-09]
    },
    "melbands128": {
        "max": [7.03428077031e-06, 2.47005555138e-05, 0.000198876936338, 0.000925974454731, 0.000977094168775, 0.00139238999691, 0.00207386561669, 0.00530376378447, 0.00376055645756, 0.00130944966804, 0.00201679253951, 0.00133436766919, 0.00202038791031, 0.00187506561633, 0.00186950911302, 0.00275150872767, 0.00276188040152, 0.00926372874528, 0.00386769813485, 0.00255127996206, 0.00581805408001, 0.00326265976764, 0.00468042353168, 0.00185452820733, 0.00307948468253, 0.00578047893941, 0.00293702329509, 0.0110963825136, 0.00214056181721, 0.00239863642491, 0.00448293285444, 0.00335941207595, 0.00501526519656, 0.00577573664486, 0.00213097874075, 0.00213964306749, 0.00219286116771, 0.00155634398106, 0.00298774521798, 0.00413746386766, 0.00665395753458, 0.00353126670234, 0.0022350884974, 0.00250007701106, 0.00343176187016, 0.00228403625078, 0.00316193490289, 0.00202016578987, 0.00169513490982, 0.00499745737761, 0.00219518155791, 0.00173455220647, 0.00146819313522, 0.00126094871666, 0.00395981874317, 0.00181781686842, 0.00144598539919, 0.0023289269302, 0.00197858619504, 0.00104851264041, 0.0013128175633, 0.00190042122267, 0.00111429311801, 0.00151525717229, 0.00106036965735, 0.0009635843453, 0.000398243457312, 0.000116252005682, 8.30199569464e-05, 6.72663518344e-05, 8.59171996126e-05, 8.52049997775e-05, 8.94270342542e-05, 6.14366581431e-05, 7.86280215834e-05, 9.10083399503e-05, 9.21403116081e-05, 2.40364606725e-05, 6.16595280007e-05, 3.72891663574e-05, 3.47829773091e-05, 2.96859016089e-05, 4.76775567222e-05, 3.46886263287e-05, 2.42382138822e-05, 6.78455253365e-05, 6.63397659082e-05, 0.000107298365037, 7.98871551524e-05, 3.97790827265e-05, 3.19470818795e-05, 2.65022063104e-05, 3.65983287338e-05, 2.52829959209e-05, 1.60708787007e-05, 1.97153131012e-05, 4.54447035736e-06, 4.6408167691e-06, 2.65051835413e-06, 1.20753463762e-06, 5.68700670556e-07, 9.27387517891e-08, 1.77957382164e-08, 1.65982712019e-08, 1.46479521845e-08, 1.4600503917e-08, 1.27925749993e-08, 1.50917038866e-08, 1.31073258913e-08, 1.31313875329e-08, 1.07776303437e-08, 1.23819763331e-08, 8.85022544139e-09, 6.99926472336e-09, 4.65918459369e-09, 2.19908335986e-09, 1.82848158836e-09, 1.43305434186e-09, 1.40071165777e-09, 1.36663191874e-09, 1.33733679686e-09, 1.30948163424e-09, 1.28697363877e-09, 1.26403432166e-09, 1.24562016257e-09, 1.23101351335e-09, 1.22004639724e-09, 1.21571297473e-09],
        "mean": [3.31787987307e-07, 1.02980436623e-06, 4.4388243623e-06, 2.30405003094e-05, 3.59128134733e-05, 4.65576194983e-05, 8.99576261872e-05, 0.000162599259056, 0.00011517234816, 6.90038214088e-05, 5.99484919803e-05, 5.90254348936e-05, 5.87401773373e-05, 9.80423355941e-05, 0.000145731391967, 0.000127107501612, 0.00014155721874, 0.000208342695259, 0.00014471403847, 0.000101561265183, 0.000127886902192, 0.000129920808831, 0.000169770981302, 0.000106045154098, 0.000179255162948, 0.000161495947395, 7.39556417102e-05, 0.000147298516822, 5.58015308343e-05, 9.51207111939e-05, 9.51033944148e-05, 8.27489056974e-05, 0.000133439651108, 0.000133499677759, 5.89196824876e-05, 6.04856431892e-05, 6.33387608104e-05, 2.88961673505e-05, 0.000118899319205, 0.00020712663536, 0.000202770330361, 7.56463341531e-05, 5.16268628417e-05, 5.96368736296e-05, 5.06437390868e-05, 6.86202110955e-05, 9.43884879234e-05, 4.21873592131e-05, 4.76679088024e-05, 9.54963034019e-05, 7.74576692493e-05, 7.26819052943e-05, 3.03633423755e-05, 6.45213149255e-05, 0.000121631790535, 6.671367737e-05, 7.47757294448e-05, 0.000131180117023, 0.000104281563836, 6.92218673066e-05, 6.74753173371e-05, 9.12547984626e-05, 8.42592198751e-05, 6.26583059784e-05, 4.74777407362e-05, 2.57844058069e-05, 1.24785819935e-05, 5.11423695571e-06, 3.56294481207e-06, 3.01474210573e-06, 2.18510331251e-06, 3.5777325138e-06, 3.08123458126e-06, 1.44249952427e-06, 1.22221729271e-06, 1.38144412176e-06, 1.48630647345e-06, 1.05519904992e-06, 1.00329191355e-06, 9.60863189903e-07, 8.19061824586e-07, 6.88487489242e-07, 5.00334408571e-07, 4.21529875894e-07, 4.55121181631e-07, 4.92348647185e-07, 4.44290520818e-07, 3.70140014638e-07, 3.6898052258e-07, 3.1707298831e-07, 2.48704253636e-07, 1.9260228612e-07, 1.79874845685e-07, 1.38414662842e-07, 1.01325120738e-07, 7.49490141061e-08, 4.12412930473e-08, 2.66707065322e-08, 1.82870412146e-08, 1.06714121983e-08, 7.86892595528e-09, 5.58775248294e-09, 5.43809708375e-09, 5.42874811771e-09, 5.14668441198e-09, 5.11114350843e-09, 5.08321340575e-09, 5.06262143318e-09, 4.82978812499e-09, 4.83426054743e-09, 4.35464686532e-09, 3.90249210724e-09, 3.43919581702e-09, 2.76834377644e-09, 1.60631319357e-09, 5.65319790979e-10, 1.62435148665e-10, 4.41951466743e-12, 4.20358929956e-12, 4.10472046977e-12, 4.0089047533e-12, 3.92772012831e-12, 3.85688746565e-12, 3.78698157902e-12, 3.7384817464e-12, 3.70498727184e-12, 3.67629798131e-12, 3.6470869727e-12],
        "min": [7.31156524214e-11, 4.16945322712e-09, 1.19047847136e-08, 1.16559437657e-08, 3.67417278824e-08, 2.04775432167e-08, 4.83430717679e-08, 1.31034752826e-07, 1.31807553316e-07, 1.44543264469e-07, 6.95337387668e-09, 5.50536469746e-08, 3.90187189225e-08, 1.2887156231e-07, 3.53956153276e-07, 1.76234891569e-07, 1.35413245061e-07, 1.22646810041e-07, 9.66442215145e-08, 7.89309950733e-08, 4.38863736463e-08, 3.99785662353e-08, 3.55614631076e-08, 1.95301410599e-08, 1.60746168376e-07, 7.97085704107e-08, 5.33025712457e-08, 6.14393336207e-09, 3.21052517904e-08, 1.70084675233e-08, 4.19339123425e-08, 9.77980540995e-09, 5.63517694729e-08, 1.13615527653e-07, 2.55612793154e-08, 1.86714945727e-08, 1.25634551651e-08, 1.40135583138e-08, 1.6410863779e-08, 1.62430708883e-08, 2.80370322514e-08, 5.68462255046e-09, 3.38073746775e-08, 5.02007537762e-08, 1.58069273226e-08, 1.62156705841e-08, 3.33182974543e-08, 8.66502070096e-09, 1.3659457565e-08, 7.91349652474e-09, 4.78456669839e-08, 4.33692584068e-08, 1.31075559295e-08, 5.44451275175e-08, 1.58800723682e-08, 2.15405595583e-08, 1.68086238261e-08, 6.92693546966e-09, 7.84776688079e-09, 2.13564828044e-08, 2.25398331111e-08, 1.25226380376e-08, 2.50886706965e-08, 4.76988537557e-09, 3.69231512032e-09, 6.46934905646e-09, 5.53806911441e-09, 5.04378361299e-09, 5.20089882272e-09, 4.70387462315e-09, 3.86757337267e-09, 9.87298154342e-09, 1.15706377812e-08, 5.78654502092e-09, 3.69178776438e-09, 1.82291726158e-09, 6.5362604218e-09, 5.199376929e-09, 3.19480308875e-09, 1.52809598308e-09, 1.71075431599e-09, 2.69853139834e-09, 1.4271187565e-09, 2.29335705981e-09, 2.58035948164e-09, 2.45498332774e-09, 2.11831729935e-09, 2.48999243446e-09, 1.45959566655e-09, 2.12909423425e-09, 2.20188267619e-09, 1.52822554611e-09, 1.50563783663e-09, 1.04743691498e-09, 1.31013244697e-09, 1.36766198366e-09, 1.10998066294e-09, 1.94218774396e-09, 1.8356013376e-09, 9.93012116979e-10, 1.32818656073e-09, 6.19802154045e-10, 4.95229942124e-12, 1.79187054083e-10, 2.89050894331e-10, 9.69128999273e-10, 1.14968057296e-09, 1.13308595839e-09, 1.30082999927e-09, 1.44858414153e-09, 1.40334410759e-09, 1.14990017508e-09, 1.03972919163e-09, 8.29568469474e-10, 4.46159831302e-10, 6.35607261268e-11, 1.27263434166e-13, 1.00431720774e-13, 7.19873447419e-14, 7.02164902285e-14, 7.21999025778e-14, 7.64573815501e-14, 7.68166251637e-14, 6.5919925768e-14, 7.8833871397e-14, 6.94253750083e-14, 7.12557454447e-14, 6.07037342485e-14],
        "stdev": [4.14508321001e-07, 1.36976404974e-06, 8.84610653884e-06, 4.54926193925e-05, 6.47072592983e-05, 8.93851902219e-05, 0.000143339842907, 0.000281892629573, 0.00018015569367, 9.90082044154e-05, 0.00010320081492, 9.95762602543e-05, 0.000126504499349, 0.000156909998623, 0.000217725842958, 0.000201219736482, 0.000267918163445, 0.000633228279185, 0.000368276727386, 0.000222985690925, 0.000337439327268, 0.000289940770017, 0.000445329758804, 0.000184862365131, 0.0002846243151, 0.000336109456839, 0.000230126504903, 0.000664805120323, 0.000148423743667, 0.000203398667509, 0.000245383562287, 0.000222558621317, 0.000389665714465, 0.000336982571753, 0.000147575032315, 0.000147512255353, 0.000163562013768, 0.000106780767965, 0.000260482862359, 0.000433999492088, 0.000532732228749, 0.000273080309853, 0.00014216171985, 0.000134367728606, 0.000185251265066, 0.000192163177417, 0.000251395947998, 0.000106762781797, 0.000132848130306, 0.000374095194275, 0.00021102114988, 0.000164032462635, 8.02976428531e-05, 0.000121170232887, 0.00024556365679, 0.000127633276861, 0.000149285260704, 0.00023784932273, 0.000192798455828, 0.000114462571219, 0.000112770096166, 0.000164872137248, 0.00013608467998, 0.000111692039354, 0.000108873362478, 7.37572263461e-05, 2.18015848077e-05, 8.62048818817e-06, 6.87774399921e-06, 4.81770712213e-06, 3.78215008823e-06, 7.02933175489e-06, 6.98389703757e-06, 3.17220906254e-06, 2.89686590804e-06, 3.20162757816e-06, 4.08141158914e-06, 2.09645759242e-06, 2.48876381193e-06, 2.3031816454e-06, 2.09135987461e-06, 1.76425794507e-06, 1.99855480787e-06, 1.57941042289e-06, 1.54530289365e-06, 2.3222787604e-06, 2.76547643807e-06, 3.05502908304e-06, 2.85474970951e-06, 2.03696527024e-06, 1.60416016115e-06, 1.31643616896e-06, 1.38426594276e-06, 9.93989146991e-07, 7.02447039203e-07, 5.94624509631e-07, 2.29069229363e-07, 1.58114389137e-07, 1.16823585472e-07, 4.43135093064e-08, 1.69338711942e-08, 3.6365914724e-09, 2.10692818747e-09, 1.99214778007e-09, 1.82496939782e-09, 1.75194836416e-09, 1.72277214716e-09, 1.76055792167e-09, 1.60774982216e-09, 1.57925006405e-09, 1.39961775503e-09, 1.27579280473e-09, 1.06988273796e-09, 8.97299679004e-10, 5.35801458756e-10, 2.431020385e-10, 1.31795171998e-10, 5.20792471648e-11, 5.08875025451e-11, 4.96311325371e-11, 4.84403177292e-11, 4.73946923374e-11, 4.66758645623e-11, 4.59060775504e-11, 4.52131769524e-11, 4.47965518846e-11, 4.43907757774e-11, 4.40966152482e-11]
    },
    "mfcc": {
        "mean": [-675.16607666, 132.105224609, -77.9851608276, 23.5158920288, -8.94539928436, -14.4826526642, -15.3879823685, 4.92318630219, -11.9624261856, -7.82239294052, -0.149512067437, -1.94688332081, -9.37215137482],
        "cov": [[1808.3951416, -76.9040145874, -483.028778076, 58.8151130676, -83.3749771118, 9.16520023346, -105.047653198, 178.368850708, -102.464355469, -31.0901069641, 57.3475799561, 44.5598258972, -147.511550903], [-76.9040145874, 474.747344971, -115.637580872, -109.26524353, 20.4220199585, -41.9758491516, 92.7930450439, -13.6349582672, 21.2691364288, -64.3997573853, 72.1401748657, 4.89023590088, -32.6092987061], [-483.028778076, -115.637580872, 539.071472168, 14.8140335083, -72.292388916, 123.267562866, -12.7169523239, -65.933807373, 46.7965087891, 57.4533462524, -113.690498352, 14.5386924744, 96.7071609497], [58.8151130676, -109.26524353, 14.8140335083, 201.1796875, 96.4197158813, -35.8963088989, -66.142326355, -10.0156745911, 19.709608078, 35.1610107422, -33.2679901123, -15.9744844437, 24.2880783081], [-83.3749771118, 20.4220199585, -72.292388916, 96.4197158813, 267.685546875, -27.8581237793, -58.956413269, -16.8965644836, 23.0057220459, 33.5039825439, -1.0980643034, -8.2876996994, -10.5436258316], [9.16520023346, -41.9758491516, 123.267562866, -35.8963088989, -27.8581237793, 199.983505249, 44.530418396, -40.9765892029, 22.8359088898, 19.1863021851, -24.9492931366, 21.986661911, -5.56714725494], [-105.047653198, 92.7930450439, -12.7169523239, -66.142326355, -58.956413269, 44.530418396, 174.663986206, 34.8561859131, -35.8429489136, -46.0567359924, 39.6482925415, -3.8054959774, -26.6501312256], [178.368850708, -13.6349582672, -65.933807373, -10.0156745911, -16.8965644836, -40.9765892029, 34.8561859131, 144.512496948, -12.9385213852, -34.9812164307, 32.5384407043, 2.6210091114, -26.1395988464], [-102.464355469, 21.2691364288, 46.7965087891, 19.709608078, 23.0057220459, 22.8359088898, -35.8429489136, -12.9385213852, 134.645690918, 45.7483520508, -28.8889980316, 4.36494588852, 17.517168045], [-31.0901069641, -64.3997573853, 57.4533462524, 35.1610107422, 33.5039825439, 19.1863021851, -46.0567359924, -34.9812164307, 45.7483520508, 126.444526672, 0.438834071159, -15.6486959457, 19.9202671051], [57.3475799561, 72.1401748657, -113.690498352, -33.2679901123, -1.0980643034, -24.9492931366, 39.6482925415, 32.5384407043, -28.8889980316, 0.438834071159, 125.458351135, 16.5212917328, -33.2354049683], [44.5598258972, 4.89023590088, 14.5386924744, -15.9744844437, -8.2876996994, 21.986661911, -3.8054959774, 2.6210091114, 4.36494588852, -15.6486959457, 16.5212917328, 76.0337219238, 15.8186941147], [-147.511550903, -32.6092987061, 96.7071609497, 24.2880783081, -10.5436258316, -5.56714725494, -26.6501312256, -26.1395988464, 17.517168045, 19.9202671051, -33.2354049683, 15.8186941147, 97.4766464233]],
        "icov": [[0.00243417033926, -0.00152970431373, 0.00288984552026, -0.00260377745144, 0.00288824830204, -0.00343534932472, 0.0038641737774, -0.00404369924217, 0.00345103186555, -0.00265876110643, 0.00260952441022, -0.00257185404189, 0.00227221706882], [-0.00152970431373, 0.00493968417868, -0.00182822626084, 0.00366818252951, -0.00306379096583, 0.00386823667213, -0.00450010690838, 0.00467638624832, -0.00476047815755, 0.00403481675312, -0.00361841730773, 0.00203772564419, -0.00138285651337], [0.00288984552026, -0.00182822626084, 0.0067672575824, -0.0032802275382, 0.00422316184267, -0.00557317072526, 0.00420267693698, -0.00476267654449, 0.00425129476935, -0.00451243575662, 0.00541262514889, -0.00355653790757, 0.000456249312265], [-0.00260377745144, 0.00366818252951, -0.0032802275382, 0.0109462980181, -0.00595201971009, 0.00530850049108, -0.00397057272494, 0.00476107932627, -0.00475962553173, 0.00309734325856, -0.00253991223872, 0.00388395390473, -0.00360966986045], [0.00288824830204, -0.00306379096583, 0.00422316184267, -0.00595201971009, 0.00890742707998, -0.00463508395478, 0.00591442128643, -0.00486804312095, 0.00445761531591, -0.00459896307439, 0.00370988459326, -0.00354190007783, 0.00362788815983], [-0.00343534932472, 0.00386823667213, -0.00557317072526, 0.00530850049108, -0.00463508395478, 0.0137926461175, -0.00942517444491, 0.00869864784181, -0.00675641745329, 0.00273350509815, -0.00241152080707, 0.000121929100715, 0.000157531641889], [0.0038641737774, -0.00450010690838, 0.00420267693698, -0.00397057272494, 0.00591442128643, -0.00942517444491, 0.0165467485785, -0.00914490222931, 0.00758685404435, -0.00214931275696, 0.00160528195556, -0.00097450701287, 0.00311636645347], [-0.00404369924217, 0.00467638624832, -0.00476267654449, 0.00476107932627, -0.00486804312095, 0.00869864784181, -0.00914490222931, 0.0166799966246, -0.00803087744862, 0.00715976534411, -0.00650052167475, 0.00364391133189, -0.00190087989904], [0.00345103186555, -0.00476047815755, 0.00425129476935, -0.00475962553173, 0.00445761531591, -0.00675641745329, 0.00758685404435, -0.00803087744862, 0.0159857217222, -0.00872157514095, 0.0073081580922, -0.0053332913667, 0.00288193905726], [-0.00265876110643, 0.00403481675312, -0.00451243575662, 0.00309734325856, -0.00459896307439, 0.00273350509815, -0.00214931275696, 0.00715976534411, -0.00872157514095, 0.0174176786095, -0.00939444731921, 0.00823092274368, -0.00450862152502], [0.00260952441022, -0.00361841730773, 0.00541262514889, -0.00253991223872, 0.00370988459326, -0.00241152080707, 0.00160528195556, -0.00650052167475, 0.0073081580922, -0.00939444731921, 0.018063146621, -0.00880963820964, 0.00515565369278], [-0.00257185404189, 0.00203772564419, -0.00355653790757, 0.00388395390473, -0.00354190007783, 0.000121929100715, -0.00097450701287, 0.00364391133189, -0.0053332913667, 0.00823092274368, -0.00880963820964, 0.0208893194795, -0.00743232574314], [0.00227221706882, -0.00138285651337, 0.000456249312265, -0.00360966986045, 0.00362788815983, 0.000157531641889, 0.00311636645347, -0.00190087989904, 0.00288193905726, -0.00450862152502, 0.00515565369278, -0.00743232574314, 0.017792718485]]
    },
    "spectral_contrast_coeffs": {
        "max": [-0.472556501627, -0.524856567383, -0.513477683067, -0.565545797348, -0.528998613358, -0.552750229836],
        "mean": [-0.699649751186, -0.745609402657, -0.72721773386, -0.724010646343, -0.68653178215, -0.727006018162],
        "min": [-0.906810820103, -0.897399067879, -0.882852733135, -0.892952680588, -0.886761426926, -0.873211205006],
        "stdev": [0.0568137578666, 0.0595560707152, 0.0634634271264, 0.0549890547991, 0.0678772553802, 0.0414983928204]
    },
    "spectral_contrast_valleys": {
        "max": [-6.4229054451, -5.12538433075, -5.98408937454, -6.16108942032, -6.04487371445, -9.19579029083],
        "mean": [-8.04280185699, -6.92335700989, -7.64588451385, -7.57846593857, -7.69483804703, -11.5450458527],
        "min": [-10.3538665771, -9.5437746048, -10.2807130814, -10.2443380356, -10.1705827713, -12.2204532623],
        "stdev": [0.570563137531, 0.554754137993, 0.644793450832, 0.596641540527, 0.551795244217, 0.319987237453]
    }
},
"rhythm": {
    "beats_count": 78,
    "beats_loudness": {
        "max": 0.0450642779469,
        "mean": 0.0157733280212,
        "min": 0.000778744230047,
        "stdev": 0.00843867473304
    },
    "bpm": 91.3674240112,
    "bpm_histogram_first_peak_bpm": 92,
    "bpm_histogram_first_peak_weight": 0.280000030994,
    "bpm_histogram_second_peak_bpm": 105,
    "bpm_histogram_second_peak_spread": 0.444444477558,
    "bpm_histogram_second_peak_weight": 0.0649350658059,
    "danceability": 1.06782364845,
    "onset_rate": 2.4404296875,
    "beats_loudness_band_ratio": {
        "max": [0.625569999218, 0.496886521578, 0.796291530132, 0.786238729954, 0.781750500202, 0.473284691572],
        "mean": [0.057936117053, 0.089132077992, 0.220462292433, 0.226863622665, 0.366366446018, 0.0784439146519],
        "min": [0.00224781874567, 0.00349819054827, 0.0246949344873, 0.00821847096086, 0.0218920726329, 0.00560055999085],
        "stdev": [0.0888804718852, 0.0847690925002, 0.144898995757, 0.173379540443, 0.183646038175, 0.0801799669862]
    },
