{
"metadata": {
    "version": {
        "essentia": "2.1-beta5",
        "essentia_git_sha": "Undefined",
        "extractor": "music 2.0"
    },
    "audio_properties": {
        "analysis": {
            "equal_loudness": 0,
            "length": 48.7502937317,
            "sample_rate": 44100,
            "start_time": 61.4980506897,
            "downmix": "mix"
        },
        "bit_rate": 192000,
        "length": 144.010162354,
        "lossless": 0,
        "number_channels": 2,
        "replay_gain": -4.0032749176,
        "sample_rate": 44100,
        "codec": "mp3",
        "md5_encoded": "7f69b96ae68fab24ac77b18108512f0a"
    },
    "tags": {
        "file_name": "Netherlands_De Tijd_Saskia and Serge.mp3",
        "encoding": ["Lavf58.29.100"]
    }
},
"lowlevel": {
    "average_loudness": 0.904487848282,
    "barkbands_crest": {
        "max": 25.365020752,
        "mean": 11.4684324265,
        "min": 3.5146086216,
        "stdev": 4.57886457443
    },
    "barkbands_flatness_db": {
        "max": 0.322988003492,
        "mean": 0.18440669775,
        "min": 0.0661185756326,
        "stdev": 0.0394976772368
    },
    "barkbands_kurtosis": {
        "max": 39.8013916016,
        "mean": 1.68580949306,
        "min": -1.89611840248,
        "stdev": 4.16594696045
    },
    "barkbands_skewness": {
        "max": 4.80584955215,
        "mean": 0.763781607151,
        "min": -3.62767243385,
        "stdev": 0.970631659031
    },
    "barkbands_spread": {
        "max": 62.1449279785,
        "mean": 14.0034952164,
        "min": 1.25711798668,
        "stdev": 7.82399702072
    },
    "dissonance": {
        "max": 0.499880552292,
        "mean": 0.439229488373,
        "min": 0.247570857406,
        "stdev": 0.0400463826954
    },
    "dynamic_complexity": 2.8863902092,
    "erbbands_crest": {
        "max": 34.0928840637,
        "mean": 13.1357746124,
        "min": 3.71095705032,
        "stdev": 5.69949102402
    },
    "erbbands_flatness_db": {
        "max": 0.382754594088,
        "mean": 0.248492047191,
        "min": 0.123963713646,
        "stdev": 0.0417640544474
    },
    "erbbands_kurtosis": {
        "max": 59.0959205627,
        "mean": 0.938915789127,
        "min": -1.85114133358,
        "stdev": 3.63651371002
    },
    "erbbands_skewness": {
        "max": 3.9950902462,
        "mean": 0.247416675091,
        "min": -3.7349383831,
        "stdev": 0.916507661343
    },
    "erbbands_spread": {
        "max": 89.1243896484,
        "mean": 21.5274543762,
        "min": 0.985492110252,
        "stdev": 10.6196222305
    },
    "hfc": {
        "max": 98.986328125,
        "mean": 21.145532608,
        "min": 0.203411474824,
        "stdev": 16.8503799438
    },
    "loudness_ebu128": {
        "integrated": -20.513917923,
        "loudness_range": 3.59976768494,
        "momentary": {
            "max": -16.0947761536,
            "mean": -21.1507129669,
            "min": -29.0820407867,
            "stdev": 2.52343940735
        },
        "short_term": {
            "max": -17.9012413025,
            "mean": -20.6397438049,
            "min": -23.0632686615,
            "stdev": 1.2081040144
        }
    },
    "melbands_crest": {
        "max": 31.9921226501,
        "mean": 13.880815506,
        "min": 3.96235346794,
        "stdev": 5.52350902557
    },
    "melbands_flatness_db": {
        "max": 0.367408841848,
        "mean": 0.21892015636,
        "min": 0.0617904439569,
        "stdev": 0.0476446859539
    },
    "melbands_kurtosis": {
        "max": 57.1723365784,
        "mean": 3.51086306572,
        "min": -1.77293014526,
        "stdev": 5.65780353546
    },
    "melbands_skewness": {
        "max": 6.58484077454,
        "mean": 1.21592795849,
        "min": -2.9625813961,
        "stdev": 1.01043212414
    },
    "melbands_spread": {
        "max": 171.831802368,
        "mean": 23.2073554993,
        "min": 1.75720822811,
        "stdev": 17.5205478668
    },
    "pitch_salience": {
        "max": 0.829822599888,
        "mean": 0.518216431141,
        "min": 0.134950980544,
        "stdev": 0.105995081365
    },
    "silence_rate_20dB": {
        "max": 1,
        "mean": 1,
        "min": 1,
        "stdev": 0
    },
    "silence_rate_30dB": {
        "max": 1,
        "mean": 1,
        "min": 1,
        "stdev": 0
    },
    "silence_rate_60dB": {
        "max": 1,
        "mean": 0.0652070418,
        "min": 0,
        "stdev": 0.24688924849
    },
    "spectral_centroid": {
        "max": 4950.59570312,
        "mean": 1327.65026855,
        "min": 405.758575439,
        "stdev": 554.968933105
    },
    "spectral_complexity": {
        "max": 35,
        "mean": 15.4374103546,
        "min": 0,
        "stdev": 5.8282957077
    },
    "spectral_decrease": {
        "max": -7.13783476769e-11,
        "mean": -4.89105600465e-09,
        "min": -2.32108217091e-08,
        "stdev": 3.42461947689e-09
    },
    "spectral_energy": {
        "max": 0.0918430685997,
        "mean": 0.0203779507428,
        "min": 0.000287848670268,
        "stdev": 0.0142195280641
    },
    "spectral_energyband_high": {
        "max": 0.00761318020523,
        "mean": 0.00018629762053,
        "min": 4.11499740949e-06,
        "stdev": 0.000617260870058
    },
    "spectral_energyband_low": {
        "max": 0.00555121060461,
        "mean": 0.000309414957883,
        "min": 5.24257438883e-06,
        "stdev": 0.000381049583666
    },
    "spectral_energyband_middle_high": {
        "max": 0.0577857233584,
        "mean": 0.00875954236835,
        "min": 6.65102197672e-05,
        "stdev": 0.00875075999647
    },
    "spectral_energyband_middle_low": {
        "max": 0.0877227187157,
        "mean": 0.0114834783599,
        "min": 0.000176525223651,
        "stdev": 0.0101622920483
    },
    "spectral_entropy": {
        "max": 8.24514389038,
        "mean": 7.02785921097,
        "min": 5.81933307648,
        "stdev": 0.35615581274
    },
    "spectral_flux": {
        "max": 0.227484092116,
        "mean": 0.0742390155792,
        "min": 0.00918060913682,
        "stdev": 0.0403498709202
    },
    "spectral_kurtosis": {
        "max": 31.1210670471,
        "mean": 9.29873466492,
        "min": -0.99452662468,
        "stdev": 4.71738433838
    },
    "spectral_rms": {
        "max": 0.00946588627994,
        "mean": 0.00415115337819,
        "min": 0.000529932032805,
        "stdev": 0.00162752426695
    },
    "spectral_rolloff": {
        "max": 7428.95507812,
        "mean": 1663.60876465,
        "min": 279.931640625,
        "stdev": 947.570007324
    },
    "spectral_skewness": {
        "max": 4.49174213409,
        "mean": 1.94922149181,
        "min": -0.546321153641,
        "stdev": 0.640445947647
    },
    "spectral_spread": {
        "max": 23039760,
        "mean": 2747908.25,
        "min": 1702497.5,
        "stdev": 825237.5
    },
    "spectral_strongpeak": {
        "max": 16.3169250488,
        "mean": 2.23310422897,
        "min": 0.00940775126219,
        "stdev": 1.85688757896
    },
    "zerocrossingrate": {
        "max": 0.26025390625,
        "mean": 0.0570417530835,
        "min": 0.00732421875,
        "stdev": 0.0271072294563
    },
    "barkbands": {
        "max": [1.02455633169e-05, 0.000426925369538, 0.00181856635027, 0.00596692645922, 0.0147843584418, 0.0317030027509, 0.0802908465266, 0.0512976236641, 0.0458572879434, 0.027495695278, 0.0327193848789, 0.0170902553946, 0.0409145057201, 0.037879679352, 0.0180440470576, 0.0358123518527, 0.0208528060466, 0.0110742021352, 0.00536545086652, 0.00252265762538, 0.00147458934225, 0.00555397989228, 0.0030609969981, 0.000821697758511, 5.11346070198e-06, 1.6851147393e-06, 6.97475911693e-07],
        "mean": [8.5290264451e-07, 3.59875193681e-05, 0.000143007287988, 0.000333748903358, 0.000854635785799, 0.0021966334898, 0.00237313495018, 0.00246155867353, 0.00283273216337, 0.000987288774922, 0.00136161479168, 0.000870136660524, 0.00122658710461, 0.00132039061282, 0.000665932602715, 0.000935838208534, 0.000703465309925, 0.000530531571712, 0.000292287470074, 0.000105411236291, 3.53213981725e-05, 7.03163168509e-05, 3.2199506677e-05, 6.13460861132e-06, 1.15356976949e-06, 1.0418398233e-06, 1.02984172301e-08],
        "min": [1.25829657804e-09, 1.98605150104e-07, 2.98718560998e-07, 6.94852531069e-07, 1.40656038639e-05, 2.88949581773e-06, 3.65652590517e-06, 1.88014973901e-06, 8.36350500322e-06, 1.68567623859e-06, 1.97882877728e-06, 2.01983539228e-06, 3.09632287099e-06, 3.64038413636e-07, 2.01544094125e-06, 2.0246591248e-06, 5.30559589151e-07, 1.19077037652e-06, 8.9261152425e-07, 5.31445323304e-07, 4.5987067665e-07, 3.76928966261e-07, 3.28498884983e-07, 4.64810625544e-07, 4.54422348639e-07, 4.59323018731e-07, 8.5399479155e-11],
        "stdev": [9.42325243614e-07, 4.76896821056e-05, 0.000192098872503, 0.000530535180587, 0.00130177428946, 0.00358301680535, 0.00592750776559, 0.00520394276828, 0.00565923471004, 0.00197747047059, 0.00279265944846, 0.00215115002356, 0.0034053681884, 0.00358776049688, 0.00152080238331, 0.00255318917334, 0.00151448138058, 0.000826944131404, 0.000481661467347, 0.000242545473156, 9.45445717662e-05, 0.000348622532329, 0.000179823487997, 3.36522025464e-05, 3.33340437919e-07, 1.50113095287e-07, 2.22265672534e-08]
    },
    "erbbands": {
        "max": [0.00660085352138, 0.150927081704, 1.47374868393, 13.2663488388, 26.4007797241, 57.2353820801, 123.273918152, 398.526855469, 733.033203125, 847.812866211, 1423.64123535, 1273.30993652, 855.094177246, 1080.8684082, 905.479492188, 852.686157227, 1207.9342041, 2198.52099609, 1839.91674805, 1156.10839844, 1620.16894531, 1317.19311523, 772.232055664, 356.394775391, 159.518798828, 136.251739502, 95.2677536011, 111.452682495, 240.112945557, 182.430358887, 99.2663192749, 33.8395271301, 3.35417938232, 0.189176782966, 0.0184445828199, 0.0105837387964, 0.00327692134306, 0.000489153375383, 0.000100327197288, 0.000103818645584],
        "mean": [0.000432031782111, 0.0123865650967, 0.134339004755, 0.654442429543, 1.71821451187, 2.97767353058, 8.2631072998, 21.3659648895, 30.9438095093, 41.517490387, 58.7595252991, 72.779083252, 37.8347969055, 43.0486297607, 47.1853637695, 36.832233429, 49.7548103333, 76.7813949585, 45.3521080017, 36.1039733887, 53.9404945374, 38.3625450134, 30.6931705475, 21.8335990906, 9.41715335846, 4.73041677475, 1.97304737568, 1.60181295872, 2.6530854702, 1.68748128414, 0.853326022625, 0.275001049042, 0.0457470715046, 0.0134939560667, 0.00857358332723, 0.00515606580302, 0.00192196352873, 0.000161604897585, 1.51313988681e-05, 2.50156172115e-05],
        "min": [6.96728420735e-06, 0.000190594757441, 0.00142281095032, 0.00566755095497, 0.0222790893167, 0.0383438766003, 0.0418608374894, 0.0483052842319, 0.0801307484508, 0.102297902107, 0.113723926246, 0.170360580087, 0.152324944735, 0.12410183996, 0.0771124511957, 0.226924806833, 0.243807911873, 0.108064524829, 0.253155112267, 0.155989080667, 0.154087349772, 0.03814098984, 0.0674720704556, 0.0349038131535, 0.0490186810493, 0.022720746696, 0.0179557390511, 0.0157186463475, 0.016027007252, 0.0117624625564, 0.00923662539572, 0.00943922623992, 0.00689381593838, 0.00542330602184, 0.00308369542472, 0.00196692510508, 0.000769351318013, 7.56337904022e-05, 2.67282734967e-06, 6.60837770283e-07],
        "stdev": [0.000397570518544, 0.0157433468848, 0.168793201447, 0.951223015785, 2.29223299026, 5.10890626907, 12.7167348862, 36.5460319519, 70.1368637085, 89.8335113525, 122.708305359, 150.63319397, 65.4765090942, 84.9676895142, 92.4856338501, 97.2502441406, 109.777824402, 208.75730896, 99.6942443848, 78.9573669434, 133.660827637, 78.0791168213, 50.1006317139, 30.8312740326, 14.0288829803, 9.9567232132, 5.79117679596, 5.62103366852, 13.3318405151, 8.69093799591, 4.9757604599, 1.60409986973, 0.16956242919, 0.0112747792155, 0.00162810622714, 0.000916064484045, 0.000323095300701, 3.0293555028e-05, 8.67272501637e-06, 1.71877909452e-05]
    },
    "gfcc": {
        "mean": [-48.6076774597, 109.731491089, -167.508468628, -1.71449565887, -62.5251159668, -14.3757143021, -46.2409362793, -0.722640275955, -22.926858902, -5.0459394455, -19.4976463318, -0.212007433176, -19.642616272],
        "cov": [[1393.31176758, 17.8676815033, -715.516052246, 66.538848877, -26.7474708557, -247.574050903, 133.523971558, -50.847240448, 186.556335449, -124.611526489, 89.3690872192, -11.3313913345, -49.2640380859], [17.8676815033, 331.50201416, 111.972076416, -215.096069336, 88.2901992798, -57.8116149902, 8.88186168671, 78.2027587891, -54.2984352112, 17.8504562378, 39.4233818054, -42.5217971802, -63.7660560608], [-715.516052246, 111.972076416, 598.073974609, 19.2115821838, -30.6253700256, 129.15385437, -100.168457031, 6.81860542297, -81.7762832642, 43.4207954407, -42.5979194641, 1.92920553684, -2.67392301559], [66.538848877, -215.096069336, 19.2115821838, 404.865875244, -9.03364944458, 1.74728441238, -87.1389083862, -100.697669983, 61.479675293, -34.3700218201, -68.6979598999, 59.7096252441, 70.4035186768], [-26.7474708557, 88.2901992798, -30.6253700256, -9.03364944458, 203.63671875, -5.13224411011, -44.8146286011, 32.0798606873, -16.8076553345, 23.966917038, -5.77861118317, -0.337515771389, -7.90351104736], [-247.574050903, -57.8116149902, 129.15385437, 1.74728441238, -5.13224411011, 239.279769897, 92.4290084839, -24.2371711731, -51.3708152771, 35.3008956909, -16.8853855133, -37.7601280212, -24.3017997742], [133.523971558, 8.88186168671, -100.168457031, -87.1389083862, -44.8146286011, 92.4290084839, 226.551605225, 39.5616378784, -62.0644378662, -3.40491676331, 19.6465587616, -50.0243148804, -26.1104221344], [-50.847240448, 78.2027587891, 6.81860542297, -100.697669983, 32.0798606873, -24.2371711731, 39.5616378784, 122.040802002, 9.03513336182, -3.20727658272, -1.22296655178, -22.3837776184, -17.6756649017], [186.556335449, -54.2984352112, -81.7762832642, 61.479675293, -16.8076553345, -51.3708152771, -62.0644378662, 9.03513336182, 167.997497559, -2.42551612854, -6.91224384308, 10.884759903, -19.0707130432], [-124.611526489, 17.8504562378, 43.4207954407, -34.3700218201, 23.966917038, 35.3008956909, -3.40491676331, -3.20727658272, -2.42551612854, 103.037216187, 33.4160499573, -25.8063735962, -26.9851531982], [89.3690872192, 39.4233818054, -42.5979194641, -68.6979598999, -5.77861118317, -16.8853855133, 19.6465587616, -1.22296655178, -6.91224384308, 33.4160499573, 121.55493927, 27.6794338226, -50.7622680664], [-11.3313913345, -42.5217971802, 1.92920553684, 59.7096252441, -0.337515771389, -37.7601280212, -50.0243148804, -22.3837776184, 10.884759903, -25.8063735962, 27.6794338226, 130.250686646, 61.6441841125], [-49.2640380859, -63.7660560608, -2.67392301559, 70.4035186768, -7.90351104736, -24.3017997742, -26.1104221344, -17.6756649017, -19.0707130432, -26.9851531982, -50.7622680664, 61.6441841125, 142.667922974]],
        "icov": [[0.0259434003383, -0.0311796106398, 0.0272938441485, -0.0180174559355, 0.0076694409363, 0.00442778179422, -0.0161794349551, 0.0222802013159, -0.0259386710823, 0.0231952629983, -0.0187759865075, 0.0122866490856, -0.00566574046388], [-0.0311796106398, 0.0507095865905, -0.0404838994145, 0.0281340442598, -0.0189821459353, 0.00466239918023, 0.0112722916529, -0.0212462600321, 0.0279222410172, -0.0241945683956, 0.01992662251, -0.011442749761, 0.00761975254864], [0.0272938441485, -0.0404838994145, 0.0376408472657, -0.0233914572746, 0.016895532608, -0.00475700898096, -0.00680901482701, 0.0157561320812, -0.0211471877992, 0.02034374699, -0.0164066776633, 0.00950033869594, -0.00451084971428], [-0.0180174559355, 0.0281340442598, -0.0233914572746, 0.0201171468943, -0.0110978633165, 0.00211730180308, 0.00639805430546, -0.00860369484872, 0.0140345357358, -0.01356684044, 0.0138534326106, -0.00821619108319, 0.00362729700282], [0.0076694409363, -0.0189821459353, 0.016895532608, -0.0110978633165, 0.017888231203, -0.00886142998934, 0.00711343204603, -0.00354511081241, -0.000459846691228, 0.00112615572289, -0.00153919064905, -0.000576881633606, 0.000154689361807], [0.00442778179422, 0.00466239918023, -0.00475700898096, 0.00211730180308, -0.00886142998934, 0.0179305486381, -0.0167136732489, 0.0138129619882, -0.00909013673663, 0.00501390686259, -0.00298076332547, 0.00427787285298, 0.000518950808328], [-0.0161794349551, 0.0112722916529, -0.00680901482701, 0.00639805430546, 0.00711343204603, -0.0167136732489, 0.0301125291735, -0.0263635199517, 0.0253172703087, -0.0165098737925, 0.011819713749, -0.00811060797423, 0.00392971327528], [0.0222802013159, -0.0212462600321, 0.0157561320812, -0.00860369484872, -0.00354511081241, 0.0138129619882, -0.0263635199517, 0.0395646207035, -0.0306114051491, 0.023736987263, -0.0160825904459, 0.0128571009263, -0.00590796023607], [-0.0259386710823, 0.0279222410172, -0.0211471877992, 0.0140345357358, -0.000459846691228, -0.00909013673663, 0.0253172703087, -0.0306114051491, 0.0392636246979, -0.0271025411785, 0.0224772170186, -0.0157896708697, 0.0104102054611], [0.0231952629983, -0.0241945683956, 0.02034374699, -0.01356684044, 0.00112615572289, 0.00501390686259, -0.0165098737925, 0.023736987263, -0.0271025411785, 0.037058647722, -0.0255215652287, 0.0182784479111, -0.00848430581391], [-0.0187759865075, 0.01992662251, -0.0164066776633, 0.0138534326106, -0.00153919064905, -0.00298076332547, 0.011819713749, -0.0160825904459, 0.0224772170186, -0.0255215652287, 0.0343132987618, -0.0214157607406, 0.0144961532205], [0.0122866490856, -0.011442749761, 0.00950033869594, -0.00821619108319, -0.000576881633606, 0.00427787285298, -0.00811060797423, 0.0128571009263, -0.0157896708697, 0.0182784479111, -0.0214157607406, 0.0244611538947, -0.0126763191074], [-0.00566574046388, 0.00761975254864, -0.00451084971428, 0.00362729700282, 0.000154689361807, 0.000518950808328, 0.00392971327528, -0.00590796023607, 0.0104102054611, -0.00848430581391, 0.0144961532205, -0.0126763191074, 0.0170900374651]]
    },
    "melbands": {
        "max": [6.34506213828e-05, 0.000631654344033, 0.00225726119243, 0.00197528395802, 0.00361098838039, 0.0076562105678, 0.0141697591171, 0.00782426539809, 0.0110852718353, 0.00872855912894, 0.00412867125124, 0.00468885432929, 0.00276144244708, 0.00244025397114, 0.00417972356081, 0.00428995396942, 0.00413278769702, 0.00361550133675, 0.00166040263139, 0.00256255082786, 0.00224549416453, 0.00188407197129, 0.000433338893345, 0.000548986543436, 0.000352465780452, 0.000264402391622, 0.000138765972224, 9.29445959628e-05, 0.000102867503301, 3.12527517963e-05, 8.27136318549e-05, 0.000123576275655, 0.000123003686895, 0.000101717843791, 6.37807679595e-05, 3.56039236067e-05, 1.92322040675e-05, 3.1624786061e-06, 2.3968948426e-07, 5.55942953895e-08],
        "mean": [6.53558936392e-06, 5.51305711269e-05, 0.000148436665768, 0.000159404007718, 0.000268993666396, 0.000468089681817, 0.000486023986014, 0.000467220525024, 0.00048534697271, 0.000440120755229, 0.000173696302227, 0.000163416581927, 0.000165573277627, 0.000107326217403, 8.63352470333e-05, 0.000136529066367, 0.000142780656461, 7.51406259951e-05, 4.72804131277e-05, 5.8304565755e-05, 6.40037687845e-05, 4.35652109445e-05, 2.63557467406e-05, 2.59772459685e-05, 1.72760319401e-05, 8.82271797309e-06, 4.58334898212e-06, 2.67133418674e-06, 1.48987010107e-06, 6.63384525978e-07, 9.71547365225e-07, 1.61017089795e-06, 1.22254937196e-06, 7.95770120021e-07, 5.24785150446e-07, 3.0441196941e-07, 1.13972802751e-07, 3.19152100303e-08, 1.2942013683e-08, 9.95373738988e-09],
        "min": [3.87982090899e-08, 7.61473415878e-07, 1.35027812576e-06, 3.08995936393e-06, 1.60460638199e-06, 6.31099851489e-07, 7.95123582975e-07, 5.92405740463e-07, 5.5589640624e-07, 9.70718474491e-07, 2.96349952578e-07, 3.79384545113e-07, 2.85135286049e-07, 2.02895051871e-07, 3.41422662586e-07, 3.54250886403e-07, 9.52138137222e-08, 3.02626432358e-07, 9.68172670923e-08, 1.54966272703e-07, 1.35310514793e-07, 2.42239188708e-08, 6.27965306421e-08, 4.66112055619e-08, 2.02813765782e-08, 2.14643609553e-08, 2.58843559919e-08, 1.21080718785e-08, 1.02114849909e-08, 7.25005433466e-09, 7.51572137858e-09, 7.6072081967e-09, 7.1582069161e-09, 5.71212011025e-09, 4.40515890432e-09, 5.09286524064e-09, 4.86632378838e-09, 3.77993858436e-09, 3.74912101364e-09, 4.29315294426e-09],
        "stdev": [7.57828229325e-06, 6.49819558021e-05, 0.00019287232135, 0.00020036760543, 0.000403459387599, 0.000769565813243, 0.0011381956283, 0.000950385641772, 0.000987012404948, 0.000953694921918, 0.000325892906403, 0.000336019205861, 0.000321310595609, 0.000243192829657, 0.000276041391771, 0.000394126866013, 0.000403439364163, 0.000192239924218, 0.000113875801617, 0.00017342378851, 0.000168339756783, 0.000101509278466, 4.32863052993e-05, 4.28552521043e-05, 2.71892331511e-05, 1.70013772731e-05, 1.08964113679e-05, 7.08271591066e-06, 5.55514816369e-06, 1.67000246165e-06, 4.03560898121e-06, 8.09441462479e-06, 6.53096503811e-06, 4.22153198087e-06, 3.12453676088e-06, 1.91572394215e-06, 6.98538769939e-07, 1.18413908012e-07, 1.67677391971e-08, 3.57808560558e-09]
    },
    "melbands128": {
        "max": [7.7727572716e-06, 4.32962042396e-05, 0.000107114523416, 0.00030199874891, 0.000781032606028, 0.0012222325895, 0.00317323440686, 0.00400314107537, 0.00309781217948, 0.00182615569793, 0.00340731278993, 0.00672504166141, 0.00452036038041, 0.0122179565951, 0.0139512028545, 0.0118029676378, 0.0102171646431, 0.019987532869, 0.0302640944719, 0.0146675538272, 0.00994173251092, 0.0185269080102, 0.0193346980959, 0.0111747216433, 0.0152827845886, 0.0169245973229, 0.00884749088436, 0.00594894727692, 0.00475699920207, 0.00832313299179, 0.00574882654473, 0.00955293606967, 0.00533569278196, 0.00603316398337, 0.00395636726171, 0.00489221699536, 0.00532166287303, 0.00787080638111, 0.00354139669798, 0.00374981760979, 0.00841437652707, 0.0115148946643, 0.00816335622221, 0.00649630231783, 0.00757618620992, 0.00796607788652, 0.00366836809553, 0.00335676013492, 0.00257389596663, 0.00346485315822, 0.00271424651146, 0.00780551554635, 0.00394776603207, 0.0039771865122, 0.00188929575961, 0.00413301493973, 0.00130444217939, 0.000477872556075, 0.000790932623204, 0.00188037240878, 0.000671862333547, 0.00054738036124, 0.000660465389956, 0.000369387271348, 0.000711692962795, 0.000341623293934, 0.000113257636258, 0.000127755178255, 0.000274171092315, 0.000183623735211, 0.000170018334757, 0.000239335713559, 0.000240964873228, 0.000101639780041, 6.27630506642e-05, 2.05746364372e-05, 2.88145547529e-05, 6.45271502435e-05, 6.74812617945e-05, 0.000149765677634, 0.000151891101268, 0.000228055781918, 0.000210782440263, 0.000101574478322, 0.000151994565385, 0.000155793401063, 7.03677578713e-05, 4.8900146794e-05, 6.80779558024e-05, 7.77321110945e-05, 5.95054043515e-05, 3.85050116165e-05, 3.07080081257e-05, 2.84447214653e-05, 9.80239565251e-06, 5.46003730051e-06, 1.16505827918e-06, 4.57988164726e-07, 2.75926879567e-07, 2.04485502309e-07, 1.10057278846e-07, 5.50518635123e-08, 2.9355092579e-08, 2.90603932029e-08, 2.34216219752e-08, 2.43364635111e-08, 2.76501754826e-08, 2.59515235967e-08, 2.72261004852e-08, 2.74792810728e-08, 1.99141130253e-08, 2.062087745e-08, 1.54251971196e-08, 1.36749429558e-08, 7.58920748467e-09, 3.78295084147e-09, 3.78432529757e-09, 3.30449956287e-09, 3.10414560722e-09, 3.00085689631e-09, 2.92763480125e-09, 2.86449974851e-09, 2.8088333881e-09, 2.75743117228e-09, 2.71755751236e-09, 2.68926170222e-09, 2.67203570381e-09, 2.65049360237e-09],
        "mean": [5.80697644637e-07, 1.87749958513e-06, 5.5845703173e-06, 2.15252493945e-05, 5.31761070306e-05, 7.44716526242e-05, 0.000116375565995, 0.000188283898751, 0.000177969603101, 0.000133079258376, 0.000157962742378, 0.000207749311812, 0.000224238567171, 0.000435266207205, 0.000539001019206, 0.000448422826594, 0.000429750856711, 0.00053177337395, 0.000511325953994, 0.000441915384727, 0.000452127860626, 0.000488006975502, 0.000512865895871, 0.000437064823927, 0.000544469046872, 0.000456689303974, 0.000162387543241, 0.000193916624994, 0.000105674873339, 0.000120657488878, 0.000198950190679, 0.000229456447414, 0.000119059441204, 0.00019005840295, 0.000102342368336, 8.51356089697e-05, 0.000104730308522, 8.57535196701e-05, 7.23085468053e-05, 9.36695651035e-05, 0.000177196707227, 0.000158326176461, 0.000153536631842, 0.000137372961035, 8.11210047686e-05, 6.99737574905e-05, 6.00259772909e-05, 4.49394792668e-05, 4.36697810073e-05, 3.86211941077e-05, 5.90125600866e-05, 8.72907257872e-05, 5.43702226423e-05, 6.4153013227e-05, 5.82167522225e-05, 4.39119430666e-05, 3.01178042719e-05, 2.15108939301e-05, 2.59769567492e-05, 3.33459865942e-05, 2.73441710306e-05, 1.88869744306e-05, 2.10866382986e-05, 1.49826073539e-05, 1.49032639456e-05, 8.91341278475e-06, 5.58439251108e-06, 4.04456704928e-06, 5.16248519489e-06, 3.90388413507e-06, 2.38430288846e-06, 2.34491903939e-06, 2.11473366107e-06, 1.36142489282e-06, 6.90302101702e-07, 5.74976866119e-07, 5.91281832385e-07, 9.62389549386e-07, 9.0846015155e-07, 1.09730888198e-06, 1.66012398495e-06, 1.90356456642e-06, 1.36579251375e-06, 1.08439030555e-06, 1.21475454762e-06, 9.23174468426e-07, 6.301785902e-07, 5.55855706352e-07, 5.5634382079e-07, 4.69466698405e-07, 3.96087017407e-07, 2.46228779588e-07, 1.76636206106e-07, 1.19186751135e-07, 7.19993877851e-08, 4.06745357395e-08, 2.43811530964e-08, 1.56206549917e-08, 1.30113964047e-08, 1.1415526302e-08, 1.03870236856e-08, 9.42678646254e-09, 9.81758052632e-09, 9.84100267942e-09, 9.55845624873e-09, 9.34427379917e-09, 9.52071577132e-09, 9.40229760715e-09, 8.88480311545e-09, 8.90973250733e-09, 7.95129739828e-09, 7.28090654434e-09, 6.42535624706e-09, 5.15236520116e-09, 2.94976110204e-09, 1.08884834482e-09, 3.48454237686e-10, 7.11952241952e-12, 6.6330439405e-12, 6.46508584515e-12, 6.32161770847e-12, 6.19770077273e-12, 6.0806047697e-12, 5.97269022434e-12, 5.90565270298e-12, 5.83709686489e-12, 5.80184945226e-12, 5.7642202643e-12],
        "min": [7.91231941077e-11, 4.38800240588e-09, 2.65106692154e-08, 9.40797839633e-09, 6.98220503637e-08, 1.82620127021e-07, 5.53483232579e-08, 1.91656766901e-07, 5.19234504281e-07, 1.90925064203e-07, 3.29610372773e-07, 1.4349930666e-07, 2.5122156444e-07, 6.8892006766e-08, 2.58670070252e-07, 2.21612310725e-07, 3.25693520153e-07, 1.87081340641e-07, 1.29887808953e-07, 8.57390318743e-08, 1.24268325408e-07, 1.99389162958e-07, 1.28363339513e-07, 1.44770837096e-07, 5.41852465119e-08, 1.37875048267e-07, 8.43453307198e-08, 1.52008663434e-08, 1.27433324337e-07, 7.73018200562e-08, 7.15139663043e-08, 7.4215073198e-08, 8.32666557926e-08, 1.56992427947e-07, 9.19959219914e-08, 3.01227487398e-08, 5.13493390031e-08, 8.04779389796e-08, 1.89233677617e-08, 1.01236210526e-07, 6.19290503323e-08, 4.8637676997e-08, 2.82449441613e-08, 1.6741932285e-08, 4.00995467942e-08, 8.96698040265e-08, 8.07103219813e-08, 2.32940138289e-08, 2.38917792217e-08, 3.33055858448e-08, 5.22450172014e-08, 9.71922773374e-08, 5.02626740229e-08, 2.82761067893e-08, 1.48946668332e-08, 1.14554694619e-08, 3.50887532363e-08, 1.58436730402e-08, 3.8895016985e-08, 2.12661337429e-08, 1.44950451642e-08, 7.72083375011e-09, 1.65506364169e-08, 9.56145740361e-09, 1.75782659539e-08, 5.76085801285e-09, 1.08057820469e-08, 7.49422746082e-09, 7.09554770495e-09, 7.34252036949e-09, 4.94695484576e-09, 2.71826383624e-09, 4.66764005225e-09, 5.48867973293e-09, 2.54022536339e-09, 5.34641175776e-09, 5.00872721076e-09, 5.36194910694e-09, 4.08696543275e-09, 5.25281818042e-09, 3.9380330108e-09, 4.37210445625e-09, 3.39275674222e-09, 3.83680065497e-09, 3.85053100516e-09, 3.76225850474e-09, 3.90163013009e-09, 2.7156232818e-09, 2.87539569932e-09, 3.1534155287e-09, 1.97149829795e-09, 2.28964136539e-09, 2.61448351857e-09, 3.083545419e-09, 1.69870417732e-09, 3.30111937785e-09, 2.03521755004e-09, 2.49826381804e-09, 2.18644014005e-09, 2.40019559783e-09, 2.13902917601e-09, 2.1943176165e-09, 4.32999303079e-10, 1.3365892837e-09, 2.51943910179e-09, 2.77131073645e-09, 2.90962387517e-09, 2.79821432692e-09, 2.52805332224e-09, 3.14440407045e-09, 2.8854283407e-09, 2.53621856849e-09, 1.93709714935e-09, 1.60228419421e-09, 9.24250898038e-10, 9.81977693604e-11, 5.51157101729e-13, 1.32451287351e-13, 1.26192540575e-13, 1.08109159645e-13, 1.45066250679e-13, 1.18801520813e-13, 1.31936752105e-13, 1.19468427122e-13, 1.1909811787e-13, 1.29314527836e-13, 1.47356112772e-13, 1.42694490664e-13],
        "stdev": [6.33001775441e-07, 2.22222456614e-06, 7.51505876906e-06, 3.20205581374e-05, 8.05543313618e-05, 0.000105145853013, 0.000203844218049, 0.000310364324832, 0.000289080373477, 0.000177848036401, 0.000324737367919, 0.000535471772309, 0.000390842091292, 0.00100498029497, 0.00117808103096, 0.000948421016801, 0.000961552199442, 0.00180354039185, 0.00184926041402, 0.0013172084, 0.00115999986883, 0.00140286597889, 0.00149302568752, 0.00114347145427, 0.00147195032332, 0.00140862946864, 0.000487778481329, 0.000514595303684, 0.000302209722577, 0.000397396885091, 0.000500727037434, 0.000675068760756, 0.000372333510313, 0.000553710095119, 0.00030413933564, 0.000316991703585, 0.000470807601232, 0.000469304010039, 0.000252132915193, 0.000281788146822, 0.000672444642987, 0.000766719516832, 0.000654164992739, 0.000449105544249, 0.000349367415765, 0.000282988796243, 0.000217370077735, 0.000168423182913, 0.000142249438795, 0.000180678733159, 0.000210277765291, 0.000399757322157, 0.000231492958847, 0.000253354286542, 0.000161537289387, 0.000166017154697, 9.26783468458e-05, 4.88201694679e-05, 6.44513056614e-05, 9.19140438782e-05, 6.41580991214e-05, 4.36047157564e-05, 4.65399243694e-05, 3.32097588398e-05, 4.7160545364e-05, 2.17561846512e-05, 1.18955140351e-05, 1.0709700291e-05, 1.87001733138e-05, 1.08486219688e-05, 8.43667839945e-06, 1.1473858649e-05, 1.21353759823e-05, 5.94079392613e-06, 3.15062357004e-06, 1.37150436785e-06, 1.64943378422e-06, 3.83399901693e-06, 3.87417685488e-06, 6.47585284241e-06, 8.76461854205e-06, 1.07158857645e-05, 8.75890145835e-06, 5.75470448894e-06, 7.29606790628e-06, 5.23605513081e-06, 3.43166266248e-06, 3.0812955174e-06, 3.58117404176e-06, 3.15251327265e-06, 2.74092190011e-06, 1.63410948062e-06, 1.11992585516e-06, 8.88610259153e-07, 3.84955114896e-07, 1.80100670377e-07, 6.34504218056e-08, 2.98489943873e-08, 1.84295814165e-08, 1.17881873152e-08, 6.42426201125e-09, 3.84094889228e-09, 3.62803609377e-09, 3.3909854924e-09, 3.21135740222e-09, 3.13155612552e-09, 3.16182968696e-09, 3.1271161216e-09, 2.97864333199e-09, 2.91175616951e-09, 2.40247044481e-09, 2.27012164622e-09, 1.96410288034e-09, 1.63160085442e-09, 9.42397493375e-10, 3.91124160837e-10, 2.34364583296e-10, 1.01676785047e-10, 9.7329450055e-11, 9.43553915556e-11, 9.20677908911e-11, 8.99624541528e-11, 8.83275050323e-11, 8.69583849372e-11, 8.57311860392e-11, 8.44834341374e-11, 8.40219699372e-11, 8.34772251324e-11]
    },
    "mfcc": {
        "mean": [-684.67364502, 149.950820923, -49.9189300537, 9.78154087067, -12.0543489456, -12.2479143143, -22.464056015, -0.45764490962, -14.2443733215, -6.00173616409, 0.492938637733, -9.20990943909, -4.21445512772],
        "cov": [[1884.30358887, -220.486602783, -694.280578613, 188.753158569, -249.14604187, -77.0120849609, -231.748352051, 166.310409546, -106.920921326, 34.3409957886, 88.9684677124, -90.8432998657, -9.98440361023], [-220.486602783, 628.165405273, -33.4623947144, -169.001358032, 40.8172645569, -191.331283569, 157.157440186, -37.2022018433, -29.7350273132, -1.75274300575, 121.701576233, 14.1232194901, 41.1673965454], [-694.280578613, -33.4623947144, 564.856750488, -24.4497966766, 33.6045913696, 109.729560852, 27.4624996185, -41.0395698547, 18.0774860382, -5.37997102737, -80.8270568848, 54.2858009338, -2.00883674622], [188.753158569, -169.001358032, -24.4497966766, 258.454589844, 92.3929214478, 7.10611772537, -125.755821228, -1.37204885483, 13.1010036469, -47.7547874451, -71.6918487549, -34.1432189941, -13.5746908188], [-249.14604187, 40.8172645569, 33.6045913696, 92.3929214478, 273.579650879, 10.1755189896, -93.2430038452, -29.2080383301, 11.0156440735, -29.6442089081, 7.31365680695, -17.0791320801, -16.8702812195], [-77.0120849609, -191.331283569, 109.729560852, 7.10611772537, 10.1755189896, 227.015396118, 39.7120895386, -16.684179306, 26.2441577911, 1.7496972084, -41.1777610779, 34.0345878601, -9.11546325684], [-231.748352051, 157.157440186, 27.4624996185, -125.755821228, -93.2430038452, 39.7120895386, 304.183135986, -10.7724876404, 5.04117774963, 26.0746040344, -7.0437374115, 42.9762878418, 31.8377418518], [166.310409546, -37.2022018433, -41.0395698547, -1.37204885483, -29.2080383301, -16.684179306, -10.7724876404, 128.988235474, 3.4231967926, -15.9816665649, 27.7578258514, -22.9393405914, 7.40824222565], [-106.920921326, -29.7350273132, 18.0774860382, 13.1010036469, 11.0156440735, 26.2441577911, 5.04117774963, 3.4231967926, 139.151947021, 19.8698005676, -62.2330207825, -15.5597448349, -21.8813743591], [34.3409957886, -1.75274300575, -5.37997102737, -47.7547874451, -29.6442089081, 1.7496972084, 26.0746040344, -15.9816665649, 19.8698005676, 158.224212646, 53.4283180237, -29.5306339264, -45.3221893311], [88.9684677124, 121.701576233, -80.8270568848, -71.6918487549, 7.31365680695, -41.1777610779, -7.0437374115, 27.7578258514, -62.2330207825, 53.4283180237, 246.649703979, 24.02602005, -32.6329879761], [-90.8432998657, 14.1232194901, 54.2858009338, -34.1432189941, -17.0791320801, 34.0345878601, 42.9762878418, -22.9393405914, -15.5597448349, -29.5306339264, 24.02602005, 128.25163269, 57.4327392578], [-9.98440361023, 41.1673965454, -2.00883674622, -13.5746908188, -16.8702812195, -9.11546325684, 31.8377418518, 7.40824222565, -21.8813743591, -45.3221893311, -32.6329879761, 57.4327392578, 133.034088135]],
        "icov": [[0.00523778842762, -0.00426964042708, 0.00638570776209, -0.00586203671992, 0.00754275172949, -0.00627811159939, 0.00667927553877, -0.00651616230607, 0.00538144586608, -0.00474917469546, 0.00311408983544, -0.00257822941057, 0.00164744746871], [-0.00426964042708, 0.00880122929811, -0.00578831415623, 0.00708612473682, -0.00829493906349, 0.00992623344064, -0.00868527218699, 0.0078976098448, -0.00571474479511, 0.00592807820067, -0.00540206069127, 0.00400644494221, -0.00311643839814], [0.00638570776209, -0.00578831415623, 0.0100949257612, -0.00678958324715, 0.00888488162309, -0.00887357443571, 0.00863030273467, -0.00831921491772, 0.00710908835754, -0.00637963041663, 0.00535515882075, -0.0047103324905, 0.00298964674585], [-0.00586203671992, 0.00708612473682, -0.00678958324715, 0.0137271201238, -0.0108231650665, 0.00866545923054, -0.00689450046048, 0.00803619809449, -0.00614695018157, 0.00691758561879, -0.00260750576854, 0.00375592079945, -0.00182629935443], [0.00754275172949, -0.00829493906349, 0.00888488162309, -0.0108231650665, 0.0167258102447, -0.0113569200039, 0.0117391170934, -0.0085734827444, 0.00714884418994, -0.00628537032753, 0.00382700189948, -0.00300296978094, 0.00244332989678], [-0.00627811159939, 0.00992623344064, -0.00887357443571, 0.00866545923054, -0.0113569200039, 0.0173426177353, -0.0116759734228, 0.00975246913731, -0.00797595083714, 0.00705135567114, -0.00530901830643, 0.00268482766114, -0.00216428376734], [0.00667927553877, -0.00868527218699, 0.00863030273467, -0.00689450046048, 0.0117391170934, -0.0116759734228, 0.0151662118733, -0.00963501259685, 0.00755228148773, -0.00779769709334, 0.0063623515889, -0.00517667084932, 0.00259252474643], [-0.00651616230607, 0.0078976098448, -0.00831921491772, 0.00803619809449, -0.0085734827444, 0.00975246913731, -0.00963501259685, 0.0193740632385, -0.00932560674846, 0.00948592089117, -0.00841463543475, 0.00814883597195, -0.00531484559178], [0.00538144586608, -0.00571474479511, 0.00710908835754, -0.00614695018157, 0.00714884418994, -0.00797595083714, 0.00755228148773, -0.00932560674846, 0.0154251027852, -0.00774309039116, 0.00778278755024, -0.00475804554299, 0.00458678603172], [-0.00474917469546, 0.00592807820067, -0.00637963041663, 0.00691758561879, -0.00628537032753, 0.00705135567114, -0.00779769709334, 0.00948592089117, -0.00774309039116, 0.0144494557753, -0.00712996674702, 0.00650649284944, -0.00146617775317], [0.00311408983544, -0.00540206069127, 0.00535515882075, -0.00260750576854, 0.00382700189948, -0.00530901830643, 0.0063623515889, -0.00841463543475, 0.00778278755024, -0.00712996674702, 0.0116901649162, -0.00729983206838, 0.00565774226561], [-0.00257822941057, 0.00400644494221, -0.0047103324905, 0.00375592079945, -0.00300296978094, 0.00268482766114, -0.00517667084932, 0.00814883597195, -0.00475804554299, 0.00650649284944, -0.00729983206838, 0.0164750684053, -0.0080020390451], [0.00164744746871, -0.00311643839814, 0.00298964674585, -0.00182629935443, 0.00244332989678, -0.00216428376734, 0.00259252474643, -0.00531484559178, 0.00458678603172, -0.00146617775317, 0.00565774226561, -0.0080020390451, 0.0133981173858]]
    },
    "spectral_contrast_coeffs": {
        "max": [-0.385221749544, -0.453717410564, -0.470019161701, -0.513518631458, -0.541488409042, -0.540710687637],
        "mean": [-0.656781315804, -0.674206197262, -0.696891903877, -0.721515476704, -0.713566601276, -0.752686798573],
        "min": [-0.917579174042, -0.917968213558, -0.908142209053, -0.895869731903, -0.895830154419, -0.952685713768],
        "stdev": [0.0690174549818, 0.0887786746025, 0.0772563740611, 0.0654602199793, 0.066985078156, 0.0538626536727]
    },
    "spectral_contrast_valleys": {
        "max": [-6.56474494934, -5.43564844131, -5.84334897995, -6.38208389282, -6.7413444519, -9.80915355682],
        "mean": [-7.85712432861, -6.88392066956, -7.70376634598, -7.83670806885, -8.31326580048, -11.4409799576],
        "min": [-9.69930076599, -8.67068958282, -9.29005241394, -9.26987171173, -10.0350513458, -11.8763523102],
        "stdev": [0.478655844927, 0.560285508633, 0.534235954285, 0.490011125803, 0.513470292091, 0.242859840393]
    }
},
"rhythm": {
    "beats_count": 88,
    "beats_loudness": {
        "max": 0.0672242790461,
        "mean": 0.0271803010255,
        "min": 0.00397190824151,
        "stdev": 0.0130003169179
    },
    "bpm": 110.919692993,
    "bpm_histogram_first_peak_bpm": 110,
    "bpm_histogram_first_peak_weight": 0.567164182663,
    "bpm_histogram_second_peak_bpm": 115,
    "bpm_histogram_second_peak_spread": 0,
    "bpm_histogram_second_peak_weight": 0.091954022646,
    "danceability": 1.12514090538,
    "onset_rate": 2.3173828125,
    "beats_loudness_band_ratio": {
        "max": [0.527433156967, 0.66652405262, 0.914701759815, 0.838563799858, 0.549886107445, 0.807738363743],
        "mean": [0.0555176697671, 0.151931032538, 0.407667428255, 0.224497660995, 0.166881218553, 0.0370194427669],
        "min": [0.00109137303662, 0.00464178621769, 0.019803520292, 0.00779471546412, 0.00354314176366, 0.00100805261172],
        "stdev": [0.0860833749175, 0.14246173203, 0.235327929258, 0.193940356374, 0.155755758286, 0.106916032732]
    },
