{
"metadata": {
    "version": {
        "essentia": "2.1-beta5",
        "essentia_git_sha": "Undefined",
        "extractor": "music 2.0"
    },
    "audio_properties": {
        "analysis": {
            "equal_loudness": 0,
            "length": 12.7477550507,
            "sample_rate": 44100,
            "start_time": 0,
            "downmix": "mix"
        },
        "bit_rate": 192000,
        "length": 185.55065918,
        "lossless": 0,
        "number_channels": 2,
        "replay_gain": 0.062837600708,
        "sample_rate": 44100,
        "codec": "mp3",
        "md5_encoded": "2c2f6f577750a3bebce8a1c49d283109"
    },
    "tags": {
        "file_name": "Germany_Diese Welt_Katja Ebstein.mp3",
        "encoding": ["Lavf58.29.100"]
    }
},
"lowlevel": {
    "average_loudness": 0.69985306263,
    "barkbands_crest": {
        "max": 22.8690414429,
        "mean": 11.5023574829,
        "min": 3.91857886314,
        "stdev": 3.47448468208
    },
    "barkbands_flatness_db": {
        "max": 0.320672214031,
        "mean": 0.183318272233,
        "min": 0.039804328233,
        "stdev": 0.0579203404486
    },
    "barkbands_kurtosis": {
        "max": 101.293647766,
        "mean": 10.0440816879,
        "min": -1.77774727345,
        "stdev": 17.3144130707
    },
    "barkbands_skewness": {
        "max": 8.37180519104,
        "mean": 2.36373496056,
        "min": -1.86986887455,
        "stdev": 1.50413501263
    },
    "barkbands_spread": {
        "max": 102.877700806,
        "mean": 31.6647052765,
        "min": 1.55878174305,
        "stdev": 30.5508861542
    },
    "dissonance": {
        "max": 0.49981123209,
        "mean": 0.468328684568,
        "min": 0.321287453175,
        "stdev": 0.0322235450149
    },
    "dynamic_complexity": 7.72286748886,
    "erbbands_crest": {
        "max": 23.4595241547,
        "mean": 8.06567955017,
        "min": 2.41306328773,
        "stdev": 4.39256238937
    },
    "erbbands_flatness_db": {
        "max": 0.271884858608,
        "mean": 0.138185545802,
        "min": 0.0539014711976,
        "stdev": 0.0604061000049
    },
    "erbbands_kurtosis": {
        "max": 27.4005355835,
        "mean": 1.68685424328,
        "min": -1.73816585541,
        "stdev": 3.82604193687
    },
    "erbbands_skewness": {
        "max": 4.75226831436,
        "mean": 0.110030427575,
        "min": -1.49307727814,
        "stdev": 1.32809174061
    },
    "erbbands_spread": {
        "max": 135.797714233,
        "mean": 45.7510528564,
        "min": 9.54957199097,
        "stdev": 27.4909210205
    },
    "hfc": {
        "max": 62.7596359253,
        "mean": 9.47432899475,
        "min": 1.18589059539e-16,
        "stdev": 10.3567457199
    },
    "loudness_ebu128": {
        "integrated": -22.6614131927,
        "loudness_range": 16.2990150452,
        "momentary": {
            "max": -19.1564407349,
            "mean": -29.2912940979,
            "min": -40.8378448486,
            "stdev": 7.52152395248
        },
        "short_term": {
            "max": -21.6067714691,
            "mean": -28.2869548798,
            "min": -38.8257980347,
            "stdev": 6.69463157654
        }
    },
    "melbands_crest": {
        "max": 34.6673469543,
        "mean": 21.8677425385,
        "min": 2.69591355324,
        "stdev": 6.22174310684
    },
    "melbands_flatness_db": {
        "max": 0.405704021454,
        "mean": 0.261234015226,
        "min": 0.00751763489097,
        "stdev": 0.0787993296981
    },
    "melbands_kurtosis": {
        "max": 237.382339478,
        "mean": 30.7379837036,
        "min": -1.26045310497,
        "stdev": 32.8832550049
    },
    "melbands_skewness": {
        "max": 11.7548389435,
        "mean": 4.25477457047,
        "min": 0.0541911758482,
        "stdev": 1.8267737627
    },
    "melbands_spread": {
        "max": 143.321105957,
        "mean": 16.1112251282,
        "min": 1.38610112667,
        "stdev": 14.7952442169
    },
    "pitch_salience": {
        "max": 0.858713030815,
        "mean": 0.480628043413,
        "min": 0.226090356708,
        "stdev": 0.11547985673
    },
    "silence_rate_20dB": {
        "max": 1,
        "mean": 1,
        "min": 1,
        "stdev": 0
    },
    "silence_rate_30dB": {
        "max": 1,
        "mean": 0.970909118652,
        "min": 0,
        "stdev": 0.16806088388
    },
    "silence_rate_60dB": {
        "max": 1,
        "mean": 0.416363626719,
        "min": 0,
        "stdev": 0.492953062057
    },
    "spectral_centroid": {
        "max": 11235.9628906,
        "mean": 1370.47363281,
        "min": 259.99697876,
        "stdev": 1258.23266602
    },
    "spectral_complexity": {
        "max": 27,
        "mean": 8.1272726059,
        "min": 0,
        "stdev": 6.8129696846
    },
    "spectral_decrease": {
        "max": 3.42185720916e-29,
        "mean": -7.1515149358e-09,
        "min": -4.30766817772e-08,
        "stdev": 8.23511747683e-09
    },
    "spectral_energy": {
        "max": 0.168273568153,
        "mean": 0.0278508197516,
        "min": 1.06272368471e-20,
        "stdev": 0.0319327637553
    },
    "spectral_energyband_high": {
        "max": 0.000479681242723,
        "mean": 0.000149871077156,
        "min": 7.54315047875e-21,
        "stdev": 0.000113972761028
    },
    "spectral_energyband_low": {
        "max": 0.103914700449,
        "mean": 0.014164541848,
        "min": 8.39981805561e-23,
        "stdev": 0.0198564510792
    },
    "spectral_energyband_middle_high": {
        "max": 0.0312896855175,
        "mean": 0.00249308277853,
        "min": 1.6812904373e-21,
        "stdev": 0.00457760738209
    },
    "spectral_energyband_middle_low": {
        "max": 0.141864314675,
        "mean": 0.0116164684296,
        "min": 3.39693502234e-22,
        "stdev": 0.0166427027434
    },
    "spectral_entropy": {
        "max": 9.80094718933,
        "mean": 7.51489782333,
        "min": 5.82313966751,
        "stdev": 0.912403702736
    },
    "spectral_flux": {
        "max": 0.317058891058,
        "mean": 0.0422920547426,
        "min": 1.03088489134e-10,
        "stdev": 0.0344228446484
    },
    "spectral_kurtosis": {
        "max": 23.5904884338,
        "mean": 5.84743881226,
        "min": -1.21010029316,
        "stdev": 5.84177494049
    },
    "spectral_rms": {
        "max": 0.0128128584474,
        "mean": 0.0042405067943,
        "min": 3.21994340913e-12,
        "stdev": 0.00303143938072
    },
    "spectral_rolloff": {
        "max": 18949.21875,
        "mean": 1925.33935547,
        "min": 129.19921875,
        "stdev": 2694.43286133
    },
    "spectral_skewness": {
        "max": 3.97759842873,
        "mean": 1.97046136856,
        "min": -0.0247621610761,
        "stdev": 1.04713368416
    },
    "spectral_spread": {
        "max": 40862392,
        "mean": 6746160.5,
        "min": 2221145,
        "stdev": 2952511.25
    },
    "spectral_strongpeak": {
        "max": 8.12622356415,
        "mean": 0.49488902092,
        "min": 0,
        "stdev": 0.793567657471
    },
    "zerocrossingrate": {
        "max": 0.50830078125,
        "mean": 0.0703719779849,
        "min": 0.00830078125,
        "stdev": 0.0590830780566
    },
    "barkbands": {
        "max": [0.00152011495084, 0.0440413951874, 0.0551695562899, 0.0423640906811, 0.105746164918, 0.0341243259609, 0.00942025519907, 0.014127727598, 0.00747511256486, 0.00335244042799, 0.00389759521931, 0.0065197404474, 0.0242731850594, 0.0010301155271, 0.00105064339004, 0.000563347013667, 0.00162717385683, 8.64313260536e-05, 0.00010306758486, 7.08146981196e-05, 5.83613509662e-05, 0.000107519321318, 0.000112633082608, 0.000114692476927, 0.00015481178707, 9.52826667344e-05, 2.90794923785e-06],
        "mean": [0.000262814050075, 0.00591492140666, 0.0074325511232, 0.00120605330449, 0.00605553667992, 0.00187538121827, 0.000825943774544, 0.000991218606941, 0.000628151581623, 0.00013797984866, 0.000198754278244, 0.000371952744899, 0.00160833145492, 5.23123126186e-05, 3.79737211915e-05, 4.59050534118e-05, 2.39356213569e-05, 1.35026066346e-05, 1.28251895148e-05, 1.09766615424e-05, 1.23422205434e-05, 1.63004533533e-05, 1.90337450476e-05, 3.12707452395e-05, 4.03575068049e-05, 2.44882576226e-05, 6.81686707082e-09],
        "min": [1.0798935446e-23, 1.14573085023e-23, 5.31650850699e-23, 4.14990502829e-23, 5.50549370524e-23, 1.20132017429e-22, 2.6414799152e-23, 1.86272842026e-23, 3.98391859641e-23, 8.38717924173e-23, 7.13042789423e-23, 7.22694218608e-23, 1.52922314686e-22, 1.0198516845e-22, 8.11608813828e-23, 1.55495339145e-22, 1.32071521892e-22, 3.05945780273e-22, 3.82775657514e-22, 2.95088706567e-22, 2.99312936807e-22, 4.82272297974e-22, 6.23596236895e-22, 8.7210463814e-22, 1.08301095566e-21, 1.84979556952e-21, 2.47939088534e-21],
        "stdev": [0.000243294649408, 0.00839580502361, 0.0110329724848, 0.00321572530083, 0.00922842137516, 0.00414517335594, 0.00138426106423, 0.00232796720229, 0.000974966620561, 0.000274447345873, 0.000381132413168, 0.000763580319472, 0.00344256404787, 0.000116446964967, 8.02913928055e-05, 7.31577310944e-05, 9.73164642346e-05, 1.13364003482e-05, 1.25626511362e-05, 9.10061589821e-06, 1.07051901068e-05, 1.48340268424e-05, 1.54030967678e-05, 2.56238290604e-05, 3.098432353e-05, 2.07661232707e-05, 1.23849488887e-07]
    },
    "erbbands": {
        "max": [0.215394452214, 13.8521928787, 73.4043655396, 83.0361251831, 243.364395142, 409.443145752, 252.773208618, 248.287109375, 210.617752075, 152.193069458, 386.104705811, 185.471450806, 66.3164596558, 192.895339966, 120.341575623, 457.748748779, 811.788513184, 68.4789657593, 64.8673477173, 26.3301200867, 81.9646377563, 39.82970047, 5.22953891754, 3.74587750435, 7.14095878601, 2.77324128151, 2.42809271812, 2.62946367264, 5.34338998795, 2.6078748703, 2.96557664871, 2.86623740196, 2.01207137108, 1.64317965508, 1.27720654011, 0.620306551456, 0.211316108704, 0.00613394798711, 0.000420216150815, 0.000192358085769],
        "mean": [0.0473001785576, 1.80186796188, 9.68917655945, 4.50472831726, 12.8706054688, 21.4548683167, 20.3728618622, 11.5830478668, 9.30155563354, 16.0403709412, 26.9309482574, 16.0063819885, 5.40047550201, 6.98157119751, 7.01093816757, 36.8915481567, 55.8810157776, 5.74530267715, 2.18624377251, 2.10549807549, 2.42938327789, 1.03334665298, 0.713231444359, 0.619240581989, 0.670796096325, 0.526905477047, 0.49111533165, 0.506305575371, 0.576838612556, 0.549316942692, 0.56992405653, 0.685660302639, 0.491767972708, 0.418703407049, 0.301506280899, 0.158333688974, 0.0371846109629, 0.000929799862206, 4.33933273598e-05, 3.37196652254e-05],
        "min": [1.42925957647e-22, 4.21293304562e-21, 4.74350728925e-20, 1.03487933126e-19, 1.94064494544e-19, 1.15970140269e-19, 1.05310545473e-18, 5.21149273411e-19, 3.69495401622e-19, 5.10857957519e-19, 4.01268313679e-19, 9.2814162523e-19, 2.34528327049e-18, 2.4120630089e-18, 3.53100614673e-18, 3.88089982353e-18, 6.19148700322e-18, 4.91015569664e-18, 5.16613252746e-18, 4.51914824827e-18, 9.05748956829e-18, 8.60302909513e-18, 1.38388036127e-17, 1.67397913682e-17, 2.15691149754e-17, 1.46424898143e-17, 1.14105793558e-17, 1.25802648543e-17, 1.95763094939e-17, 1.599758702e-17, 2.13671356678e-17, 1.87252978079e-17, 1.19083783028e-17, 1.10804565364e-17, 8.4724346472e-18, 5.96706090891e-18, 3.33019502494e-18, 1.53412659396e-18, 2.90173356221e-19, 4.04604507573e-20],
        "stdev": [0.0387013480067, 2.67434573174, 14.4714736938, 8.54360675812, 22.6451816559, 36.4283561707, 37.2720413208, 30.2869873047, 21.6179637909, 27.3746318817, 62.6813316345, 24.5183486938, 8.86963748932, 13.9154815674, 12.0975723267, 72.9645004272, 115.864356995, 9.93441104889, 5.14542150497, 3.46732497215, 5.29547262192, 2.5780544281, 0.644083023071, 0.440283983946, 0.760711193085, 0.427986651659, 0.421412050724, 0.440492987633, 0.553582429886, 0.449491143227, 0.463212579489, 0.577442765236, 0.400992482901, 0.32400599122, 0.236423075199, 0.127037107944, 0.0362590476871, 0.000969061919022, 3.0071776564e-05, 3.43995488947e-05]
    },
    "gfcc": {
        "mean": [-65.1935501099, 81.7210006714, -64.5512466431, 31.483625412, -60.6197357178, 32.7210350037, -45.4191474915, 15.3202934265, -33.6366996765, 8.680768013, -15.6587638855, 4.28152227402, -13.3817033768],
        "cov": [[7259.47753906, 3117.99511719, -630.071533203, -1305.43041992, 88.4082107544, 291.650604248, -139.108001709, -418.996459961, -61.2572288513, -137.479415894, 0.682166218758, -441.614776611, -346.060791016], [3117.99511719, 3443.79272461, -225.9974823, -1471.41601562, -11.8437423706, -67.1945724487, -111.969963074, -582.348083496, -86.5065994263, -347.350372314, 55.1660423279, -492.202484131, -282.327911377], [-630.071533203, -225.9974823, 264.375701904, 253.333129883, -121.631492615, -114.523078918, 1.59800505638, 28.2687530518, -66.4285736084, -49.2443275452, 4.49263238907, 50.3890914917, 50.1842422485], [-1305.43041992, -1471.41601562, 253.333129883, 798.287353516, -97.4524002075, -65.4356307983, 20.5764751434, 245.330459595, -36.0625724792, 90.7074584961, -16.8643512726, 232.647460938, 150.34236145], [88.4082107544, -11.8437423706, -121.631492615, -97.4524002075, 198.084014893, 184.928512573, 60.7527236938, 15.5794382095, 71.5148162842, 70.7515029907, -16.0210571289, -39.9241409302, -45.0834236145], [291.650604248, -67.1945724487, -114.523078918, -65.4356307983, 184.928512573, 260.411224365, 94.544670105, 45.0345611572, 76.1086425781, 95.0600128174, -25.6087684631, -42.8774032593, -58.5725517273], [-139.108001709, -111.969963074, 1.59800505638, 20.5764751434, 60.7527236938, 94.544670105, 93.688293457, 50.6937408447, 30.1240539551, 31.2243595123, -4.75124740601, -8.70089817047, -20.1895179749], [-418.996459961, -582.348083496, 28.2687530518, 245.330459595, 15.5794382095, 45.0345611572, 50.6937408447, 142.263626099, 47.0774230957, 77.0964355469, -15.0948648453, 74.2426071167, 38.3605918884], [-61.2572288513, -86.5065994263, -66.4285736084, -36.0625724792, 71.5148162842, 76.1086425781, 30.1240539551, 47.0774230957, 94.2834854126, 70.2939224243, -9.63644886017, -7.11632013321, -12.1760950089], [-137.479415894, -347.350372314, -49.2443275452, 90.7074584961, 70.7515029907, 95.0600128174, 31.2243595123, 77.0964355469, 70.2939224243, 108.112747192, -4.30597352982, 29.5558815002, 4.59632873535], [0.682166218758, 55.1660423279, 4.49263238907, -16.8643512726, -16.0210571289, -25.6087684631, -4.75124740601, -15.0948648453, -9.63644886017, -4.30597352982, 34.2798881531, 10.3830604553, 2.38526725769], [-441.614776611, -492.202484131, 50.3890914917, 232.647460938, -39.9241409302, -42.8774032593, -8.70089817047, 74.2426071167, -7.11632013321, 29.5558815002, 10.3830604553, 112.827072144, 65.8288726807], [-346.060791016, -282.327911377, 50.1842422485, 150.34236145, -45.0834236145, -58.5725517273, -20.1895179749, 38.3605918884, -12.1760950089, 4.59632873535, 2.38526725769, 65.8288726807, 65.4200897217]],
        "icov": [[0.000722658005543, -0.00210629985668, 0.00223980122246, -0.00200048601255, 0.00105015316512, -0.00121035892516, 0.00088066898752, -0.00205949903466, 0.002356803976, -0.00252352748066, 0.00176575116348, -0.00202250806615, 0.00131808500737], [-0.00210629985668, 0.0113970739767, -0.00913849659264, 0.0122159896418, -0.000262944144197, -0.000398109201342, 0.00204073521309, 0.00734066031873, -0.00906308926642, 0.0159511528909, -0.0125223658979, 0.0139846969396, -0.00365527812392], [0.00223980122246, -0.00913849659264, 0.0211349576712, -0.0187548231333, 0.00677190627903, -0.00105842633639, -0.00730095617473, 0.00339192757383, 0.00148439710028, -0.00487605948001, 0.00616129301488, -0.00333847152069, 0.00252830050886], [-0.00200048601255, 0.0122159896418, -0.0187548231333, 0.0286796279252, -0.00337061751634, 0.000414272130001, 0.00826261844486, -0.0115464059636, 0.0082277758047, 0.00507263233885, -0.00641225185245, 0.00492830807343, -0.00556638510898], [0.00105015316512, -0.000262944144197, 0.00677190627903, -0.00337061751634, 0.0226032938808, -0.0153912175447, -0.000231861165958, 0.00784915219992, -0.00729978922755, 0.00351267424412, -0.00210355385207, 0.00283769913949, -0.000290088966722], [-0.00121035892516, -0.000398109201342, -0.00105842633639, 0.000414272130001, -0.0153912175447, 0.0277539305389, -0.0166522804648, 0.0030907781329, 0.00670505594462, -0.0182165466249, 0.0141322724521, -0.00432688416913, 0.00539647648111], [0.00088066898752, 0.00204073521309, -0.00730095617473, 0.00826261844486, -0.000231861165958, -0.0166522804648, 0.0393167547882, -0.0271576344967, 0.00349787599407, 0.014907753095, -0.017214987427, 0.00776351848617, 0.00548624526709], [-0.00205949903466, 0.00734066031873, 0.00339192757383, -0.0115464059636, 0.00784915219992, 0.0030907781329, -0.0271576344967, 0.0653957054019, -0.0346423573792, 0.00765263522044, 0.00378041667864, 0.0026693767868, -0.00364236696623], [0.002356803976, -0.00906308926642, 0.00148439710028, 0.0082277758047, -0.00729978922755, 0.00670505594462, 0.00349787599407, -0.0346423573792, 0.0577243641019, -0.0431279167533, 0.019752888009, -0.0126240551472, 0.00142939540092], [-0.00252352748066, 0.0159511528909, -0.00487605948001, 0.00507263233885, 0.00351267424412, -0.0182165466249, 0.014907753095, 0.00765263522044, -0.0431279167533, 0.0744976252317, -0.0391850173473, 0.0252267625183, -0.00341946189292], [0.00176575116348, -0.0125223658979, 0.00616129301488, -0.00641225185245, -0.00210355385207, 0.0141322724521, -0.017214987427, 0.00378041667864, 0.019752888009, -0.0391850173473, 0.0652569681406, -0.0368027165532, 0.010065256618], [-0.00202250806615, 0.0139846969396, -0.00333847152069, 0.00492830807343, 0.00283769913949, -0.00432688416913, 0.00776351848617, 0.0026693767868, -0.0126240551472, 0.0252267625183, -0.0368027165532, 0.0626477375627, -0.0260180588812], [0.00131808500737, -0.00365527812392, 0.00252830050886, -0.00556638510898, -0.000290088966722, 0.00539647648111, 0.00548624526709, -0.00364236696623, 0.00142939540092, -0.00341946189292, 0.010065256618, -0.0260180588812, 0.0521167255938]]
    },
    "melbands": {
        "max": [0.00647442694753, 0.0297648124397, 0.0183932930231, 0.0260746218264, 0.0103254187852, 0.00570412632078, 0.00285141239874, 0.0016590814339, 0.00287940842099, 0.00118072109763, 0.000329496455379, 0.000755945278797, 0.000505805073772, 0.000426315236837, 0.00360241089948, 0.000631912611425, 0.000120394688565, 9.2348891485e-05, 4.64077202196e-05, 5.85340567341e-05, 0.00013854521967, 6.2560706283e-05, 9.77691979642e-06, 6.25245411356e-06, 3.58244756171e-06, 5.23205517311e-06, 3.67445886695e-06, 2.02963406082e-06, 1.62140838711e-06, 1.85766066352e-06, 1.54759766247e-06, 2.50791117651e-06, 3.57698468179e-06, 1.35391940148e-06, 1.94191125047e-06, 1.95391953639e-06, 1.63715560575e-06, 1.47648790971e-06, 1.54329268298e-06, 1.35746086016e-06],
        "mean": [0.000962809543125, 0.00396340759471, 0.00105016352609, 0.00124764721841, 0.000781572714914, 0.000282861030428, 0.000148793653352, 0.000170032071765, 0.000212759478018, 8.89494476723e-05, 2.34140861721e-05, 2.71548178716e-05, 2.72189845418e-05, 1.7456299247e-05, 0.000249068572884, 4.79201989947e-05, 5.82554275752e-06, 3.04821128339e-06, 2.43430076807e-06, 3.49659558196e-06, 2.74267199529e-06, 1.25703104459e-06, 6.01666044986e-07, 6.59471652398e-07, 4.64187195348e-07, 5.15687872849e-07, 4.01421516472e-07, 3.42107028928e-07, 3.02991509216e-07, 2.97104861602e-07, 2.87982800273e-07, 3.10787157787e-07, 3.38444692716e-07, 2.96018328072e-07, 3.23684787418e-07, 3.65135576885e-07, 4.18911184852e-07, 3.29384704401e-07, 3.51262031018e-07, 3.52771365897e-07],
        "min": [2.73103862324e-24, 1.82653137985e-23, 2.20056394049e-23, 9.64132624384e-24, 2.84109611856e-23, 1.48180926169e-23, 5.57551505023e-24, 5.29766956194e-24, 4.010839027e-24, 5.61568305866e-24, 1.1553951063e-23, 9.20884350774e-24, 1.0595661768e-23, 7.5896071033e-24, 2.11430010724e-23, 7.9450717715e-24, 9.06081928091e-24, 8.33858399002e-24, 6.41296426518e-24, 5.83940598353e-24, 1.19682931537e-23, 8.86761383458e-24, 8.25477935175e-24, 1.63731267877e-23, 1.26528122159e-23, 1.63597524399e-23, 1.23967337665e-23, 9.59156410908e-24, 6.06994624435e-24, 7.63683305026e-24, 6.85503245014e-24, 1.03170921054e-23, 9.68136645681e-24, 8.4589854634e-24, 1.28567288155e-23, 1.16450637087e-23, 1.11683093097e-23, 8.01193404411e-24, 8.60515428939e-24, 9.7101164925e-24],
        "stdev": [0.00119170011021, 0.00588904134929, 0.00173869007267, 0.00200482131913, 0.00141838623676, 0.00071195041528, 0.000310767936753, 0.000287156173727, 0.000468040874694, 0.000143149751239, 4.00528842874e-05, 5.48603493371e-05, 5.0649719924e-05, 3.80244964617e-05, 0.000527000578586, 9.19440135476e-05, 1.2694531506e-05, 7.94630977907e-06, 4.39472069047e-06, 6.17517025603e-06, 8.09951325209e-06, 3.95733241021e-06, 7.73980332269e-07, 6.07031893196e-07, 3.66760616544e-07, 6.62062120682e-07, 3.66901645066e-07, 3.04520142436e-07, 2.65435403435e-07, 2.7306617767e-07, 2.59135703118e-07, 2.902999654e-07, 3.63427176353e-07, 2.48447662443e-07, 2.73394022088e-07, 3.14549794211e-07, 3.54144731318e-07, 2.73796302963e-07, 2.9394365697e-07, 2.72637350918e-07]
    },
    "melbands128": {
        "max": [0.00107554427814, 0.00140974705573, 0.00338560831733, 0.0302794240415, 0.0468961857259, 0.0193797536194, 0.0153682921082, 0.0226227380335, 0.0258907880634, 0.0334294326603, 0.0247174352407, 0.0194848664105, 0.0106372702867, 0.01406753622, 0.00753920013085, 0.00735646300018, 0.00683294376358, 0.00139840925112, 0.00221240171231, 0.00233575212769, 0.00126526493113, 0.00388672598638, 0.00443152990192, 0.00111544621177, 0.00156678142957, 0.00118760834448, 0.000535738887265, 0.000594582641497, 0.00018120110326, 0.000679853605106, 0.00108751864173, 0.000900885439478, 0.000763826130424, 0.00014422989625, 0.00015272978635, 0.000344525265973, 0.001157150371, 0.00547240208834, 0.00481301546097, 0.00049881223822, 0.000554652768187, 0.00033134187106, 0.000239509434323, 7.78709654696e-05, 0.000167612772202, 0.000107103849587, 0.000224689676543, 6.556835433e-05, 2.69248102995e-05, 5.3800187743e-05, 0.000130321161123, 3.13843993354e-05, 2.71564949799e-05, 0.000357696320862, 0.000134509886266, 2.76437403954e-05, 4.17700493927e-06, 1.75989371201e-05, 9.44807561609e-06, 5.50677441424e-06, 1.20604463518e-05, 4.47895990874e-06, 6.10499273535e-06, 3.37508981829e-06, 2.56785824604e-06, 8.82778658706e-06, 1.39066823976e-05, 5.03631508764e-06, 6.17560863247e-06, 2.56351358985e-06, 2.67681298283e-06, 3.20665458275e-06, 2.20049287236e-06, 1.7767230247e-06, 2.0610775664e-06, 2.41260840994e-06, 2.12894155993e-06, 2.61542322733e-06, 2.10100483855e-06, 1.43093939187e-06, 2.10382268051e-06, 3.25080691255e-06, 8.79170420376e-06, 5.93563891016e-06, 2.19200046558e-06, 1.75451702944e-06, 1.60448007591e-06, 3.82500002161e-06, 2.28512089961e-06, 2.33992182075e-06, 1.62627941336e-06, 3.26507597492e-06, 2.75121033155e-06, 2.15426166505e-06, 1.96769178729e-06, 2.18866330215e-06, 1.41532018461e-06, 1.76682328856e-06, 2.73725572697e-06, 2.16817761611e-06, 2.35054653785e-06, 1.4810027551e-06, 1.73371461187e-06, 1.64523578405e-06, 1.65370909144e-06, 1.97144845515e-06, 1.7924239728e-06, 2.24948144023e-06, 1.45231717852e-06, 1.22017684134e-06, 1.2651664747e-06, 1.18603691135e-06, 1.19020069178e-06, 1.5136112097e-07, 1.58316719734e-08, 1.50338337335e-08, 1.42798688429e-08, 1.37378606269e-08, 1.32899238281e-08, 1.29477681909e-08, 1.25037278309e-08, 1.22245724654e-08, 1.19943832644e-08, 1.17328431415e-08, 1.15778773235e-08, 1.13905445076e-08, 1.13389289069e-08, 1.13065796725e-08],
        "mean": [0.000193088446395, 0.000233833823586, 0.000422927405452, 0.00388041767292, 0.00605810899287, 0.00260009267367, 0.000724348588847, 0.000590909505263, 0.0015436229296, 0.00119493610691, 0.00128531444352, 0.000939390214626, 0.000738446367905, 0.000472055835417, 0.000231925820117, 0.000215778345591, 0.000192451116163, 7.30090978323e-05, 0.000162945507327, 0.000235311366851, 9.12087998586e-05, 0.000229545068578, 0.000277450948488, 0.000137811744935, 0.000106005900307, 6.45118489047e-05, 4.09382446378e-05, 1.67265407072e-05, 9.59807584877e-06, 2.92650202027e-05, 2.36498217419e-05, 4.19544885517e-05, 3.65349660569e-05, 9.17797751754e-06, 9.67677442532e-06, 1.3923186998e-05, 3.02828575514e-05, 0.000391434528865, 0.000290857482469, 3.01626860164e-05, 2.42880541919e-05, 1.32494251375e-05, 5.84731606068e-06, 2.04514617508e-06, 2.05797527997e-06, 3.30860962094e-06, 4.72068722956e-06, 1.65182530054e-06, 1.69842780906e-06, 3.13945133712e-06, 4.5519732339e-06, 2.75917477666e-06, 2.50064749707e-06, 3.26295798914e-06, 2.50405014413e-06, 7.40380357911e-07, 4.27796067015e-07, 5.91012621953e-07, 6.98977203228e-07, 5.23363723914e-07, 7.83610687449e-07, 6.39519441847e-07, 5.03444425703e-07, 3.90856854438e-07, 4.10372365423e-07, 5.60493504054e-07, 5.74624266392e-07, 4.40781406041e-07, 3.6941813164e-07, 3.23086254639e-07, 3.47364050413e-07, 3.57128129735e-07, 3.05955353497e-07, 2.93462562695e-07, 2.96006788858e-07, 2.92855105499e-07, 2.9875101859e-07, 3.06057131638e-07, 2.79694347682e-07, 2.80338724679e-07, 2.83083181785e-07, 3.21516779422e-07, 3.82166717827e-07, 3.479294719e-07, 3.00109746831e-07, 2.79271574755e-07, 2.88564251605e-07, 3.35712428523e-07, 3.40041424352e-07, 3.03229086285e-07, 3.0803653317e-07, 3.24194303403e-07, 5.58715669285e-07, 4.57598247294e-07, 3.20182550695e-07, 3.24139762142e-07, 3.28906565983e-07, 3.36220693953e-07, 3.49233260977e-07, 3.66525512163e-07, 3.52813088966e-07, 3.45103188693e-07, 3.61357649581e-07, 3.47683879909e-07, 3.44492264048e-07, 3.49425079094e-07, 3.07829395751e-07, 3.0922200267e-07, 2.84937840433e-07, 2.3569764096e-07, 2.38767256633e-07, 1.97672960667e-07, 1.16765797031e-07, 8.720580702e-09, 3.95517611718e-11, 3.48874054645e-11, 3.32463605257e-11, 3.20225027051e-11, 3.10354311694e-11, 3.02910890815e-11, 2.93722060563e-11, 2.87652245773e-11, 2.81662106832e-11, 2.75776294162e-11, 2.72365602294e-11, 2.68771966488e-11, 2.67449482699e-11, 2.66304339691e-11],
        "min": [3.83532654749e-24, 6.93138501525e-25, 1.99042307048e-24, 7.0032862355e-24, 2.01692501036e-23, 2.72013944487e-23, 1.88441720421e-23, 2.37607949656e-23, 2.30820890194e-23, 5.47506268585e-24, 2.43127562078e-24, 1.17511292128e-23, 4.5346419581e-23, 4.06849079634e-23, 4.88319494259e-24, 7.81679431084e-24, 7.18912293211e-24, 3.7412517291e-24, 6.00333877382e-24, 6.25170926324e-24, 5.29862842237e-24, 8.69173453475e-25, 3.28453991916e-24, 8.15136284252e-24, 6.40836362838e-24, 3.44714860642e-24, 5.8452431598e-24, 1.89651801495e-23, 9.51782139166e-24, 6.59705008501e-24, 1.33211911839e-23, 4.85917018372e-24, 9.4463292944e-24, 1.61688906993e-23, 1.06392297669e-23, 3.51000386005e-24, 3.70785609154e-24, 2.75884790286e-23, 3.14648373872e-23, 5.53179559e-24, 2.92275923613e-24, 8.20887869112e-24, 1.24812681011e-23, 7.37405953842e-24, 6.55906209369e-24, 1.04129213504e-23, 6.9970794779e-24, 8.06975991504e-24, 3.46658061709e-24, 7.58640432803e-24, 5.23606307511e-24, 4.33721721033e-24, 1.17410491482e-23, 2.0063590074e-23, 5.05700466583e-24, 9.47220235437e-24, 9.35777176918e-24, 4.97429969967e-24, 9.15579655617e-24, 1.11005153924e-23, 1.86457246151e-23, 1.95849566083e-23, 1.17388316602e-23, 8.85079374236e-24, 1.6642720002e-23, 1.45326858968e-23, 2.00499490912e-23, 1.58993101067e-23, 9.14190708221e-24, 9.60509544019e-24, 1.14566789913e-23, 8.00796449603e-24, 5.69843220103e-24, 4.04936107716e-24, 9.3717669505e-24, 7.99513840657e-24, 5.97825339146e-24, 9.20955584914e-24, 6.6398351395e-24, 4.90258001604e-24, 5.62044028435e-24, 1.60591191266e-23, 1.58759929561e-23, 5.89113593182e-24, 7.07226975508e-24, 9.66160785771e-24, 9.29545017995e-24, 6.25020332777e-24, 1.78691099866e-23, 1.15999361317e-23, 1.00254636394e-23, 1.3075154145e-23, 1.32527180573e-23, 1.11798763772e-23, 9.14383426941e-24, 9.78292756519e-24, 7.07418510936e-24, 6.05661331176e-24, 1.14296534056e-23, 6.76777575655e-24, 9.45555975585e-24, 7.5634058772e-24, 1.42431881441e-23, 1.34916198493e-23, 8.45411819161e-24, 6.51561479047e-24, 8.20977562597e-24, 1.09776992158e-23, 1.19349748245e-23, 7.27138613616e-24, 1.45128539336e-23, 1.08406859094e-23, 9.37394972862e-24, 1.03475232037e-23, 8.75370310873e-24, 1.78478107421e-23, 1.09600082211e-23, 1.26692725875e-23, 8.63210414449e-24, 6.2273196562e-24, 7.61695848861e-24, 1.02428232177e-23, 1.34907000375e-23, 1.52475406051e-23, 1.02576403921e-23, 1.07293776357e-23, 9.73618834541e-24, 1.03615459951e-23],
        "stdev": [0.000178028582013, 0.000236415624386, 0.000446142570581, 0.00587056856602, 0.00916177034378, 0.00384876085445, 0.00178873399273, 0.00151826976798, 0.00279864412732, 0.00232107471675, 0.00239190971479, 0.00186812435277, 0.00136142468546, 0.00149666401558, 0.000827105948702, 0.000707435421646, 0.000649211928248, 0.000156890513608, 0.000289311079541, 0.000442773394752, 0.000152747423272, 0.000608468952123, 0.000719720730558, 0.000209730453207, 0.00019389402587, 0.000120562064694, 7.17400907888e-05, 4.51255837106e-05, 1.92834741028e-05, 6.01332430961e-05, 6.29221467534e-05, 8.38391279103e-05, 7.34619607101e-05, 1.55784418894e-05, 1.79645558092e-05, 3.8869879063e-05, 9.25291169551e-05, 0.000839921471197, 0.000641090562567, 5.69438525417e-05, 5.28895507159e-05, 3.0119834264e-05, 1.75483546627e-05, 6.1587811615e-06, 1.00396773632e-05, 9.36254309636e-06, 1.47050486703e-05, 4.47360298494e-06, 3.00051442537e-06, 6.17572140982e-06, 1.09139746201e-05, 4.02556679546e-06, 3.91350522477e-06, 1.90269129234e-05, 9.5280684036e-06, 2.08349661079e-06, 4.71659234336e-07, 1.21199559544e-06, 9.5778193554e-07, 5.60108958325e-07, 1.0522193179e-06, 6.18694514287e-07, 5.9211839698e-07, 3.76360958398e-07, 3.9742266722e-07, 8.94297158993e-07, 1.15305294912e-06, 4.90641070883e-07, 4.36052232544e-07, 3.21344600707e-07, 3.37856050692e-07, 4.42581466586e-07, 3.1588388083e-07, 2.90971826189e-07, 3.16938411515e-07, 3.06893554125e-07, 3.09370449258e-07, 3.18517862752e-07, 2.94374501664e-07, 2.66964406137e-07, 2.90305990802e-07, 3.45684128433e-07, 6.20523678663e-07, 4.74852356547e-07, 2.96132867561e-07, 2.68483006494e-07, 2.66872831389e-07, 3.40425486911e-07, 3.2333733202e-07, 2.99302996609e-07, 2.82382046635e-07, 3.24208258462e-07, 5.18579554409e-07, 4.05164797712e-07, 2.95341749279e-07, 2.95493322255e-07, 2.89510438733e-07, 3.11777540674e-07, 3.30701425355e-07, 3.33630879368e-07, 3.13218805559e-07, 2.84222210212e-07, 2.99359641076e-07, 2.91007580699e-07, 2.85358055407e-07, 3.1685817703e-07, 2.81586039819e-07, 2.78533889286e-07, 2.53467447919e-07, 1.97778149413e-07, 2.0635715714e-07, 1.95693928617e-07, 1.59405061595e-07, 1.66662026402e-08, 6.74166611425e-10, 6.40292818765e-10, 6.08183170492e-10, 5.85099579897e-10, 5.66021229886e-10, 5.51445666908e-10, 5.32532129505e-10, 5.20641363355e-10, 5.10839870405e-10, 4.99701002799e-10, 4.93099561183e-10, 4.85119111548e-10, 4.82920148315e-10, 4.8154280563e-10]
    },
    "mfcc": {
        "mean": [-723.647705078, 118.831008911, 47.9460830688, 14.0835494995, 15.0495185852, 9.93437290192, 8.38591575623, 4.33792066574, -2.25248932838, -0.972188830376, 1.06215941906, 3.01981496811, 1.63845980167],
        "cov": [[4134.60449219, 3021.29101562, -495.035003662, -998.077758789, -8.7040348053, 187.534515381, -31.6411628723, -143.703292847, -99.6918182373, -53.8590354919, 115.149627686, 290.866882324, 33.6213874817], [3021.29101562, 3844.05834961, -242.917526245, -1047.77648926, -169.110153198, 19.1745605469, -133.955429077, -223.698577881, -284.996002197, -193.706481934, 36.8740310669, 152.464416504, -16.309009552], [-495.035003662, -242.917526245, 356.463897705, 278.581726074, -75.2504043579, -111.462768555, 0.864367961884, 18.5021018982, -71.9808731079, -52.3281135559, -73.4788589478, -145.878082275, -10.4779167175], [-998.077758789, -1047.77648926, 278.581726074, 474.171234131, -10.5811958313, -113.853622437, 13.9981136322, 54.6248855591, -8.34694290161, -8.69801902771, -79.1042251587, -159.500579834, -6.79772758484], [-8.7040348053, -169.110153198, -75.2504043579, -10.5811958313, 87.2605133057, 70.8561019897, 21.1046905518, 9.05767440796, 57.254486084, 32.0805969238, 23.4762649536, 56.8846511841, 3.44582056999], [187.534515381, 19.1745605469, -111.462768555, -113.853622437, 70.8561019897, 136.11907959, 59.4758605957, 17.0739593506, 76.3480682373, 50.3921432495, 51.0757293701, 104.348297119, 15.9575662613], [-31.6411628723, -133.955429077, 0.864367961884, 13.9981136322, 21.1046905518, 59.4758605957, 84.6257019043, 40.8092918396, 38.2314109802, 28.1461982727, 8.21697235107, 30.7448596954, 14.6557416916], [-143.703292847, -223.698577881, 18.5021018982, 54.6248855591, 9.05767440796, 17.0739593506, 40.8092918396, 61.8858795166, 40.1521110535, 22.1752147675, 12.5757198334, -3.28040289879, 2.24290657043], [-99.6918182373, -284.996002197, -71.9808731079, -8.34694290161, 57.254486084, 76.3480682373, 38.2314109802, 40.1521110535, 114.747962952, 75.4932327271, 43.7515411377, 66.7385559082, 11.2335271835], [-53.8590354919, -193.706481934, -52.3281135559, -8.69801902771, 32.0805969238, 50.3921432495, 28.1461982727, 22.1752147675, 75.4932327271, 81.7140197754, 42.6511726379, 51.2012290955, 12.6499147415], [115.149627686, 36.8740310669, -73.4788589478, -79.1042251587, 23.4762649536, 51.0757293701, 8.21697235107, 12.5757198334, 43.7515411377, 42.6511726379, 69.8185348511, 63.4001235962, 2.39930772781], [290.866882324, 152.464416504, -145.878082275, -159.500579834, 56.8846511841, 104.348297119, 30.7448596954, -3.28040289879, 66.7385559082, 51.2012290955, 63.4001235962, 143.540527344, 28.7847213745], [33.6213874817, -16.309009552, -10.4779167175, -6.79772758484, 3.44582056999, 15.9575662613, 14.6557416916, 2.24290657043, 11.2335271835, 12.6499147415, 2.39930772781, 28.7847213745, 38.5146484375]],
        "icov": [[0.000746438920032, -0.000802168855444, 0.000882984721102, -0.000807475065812, -0.000269463314908, -0.000446334248409, -0.000195197382709, -0.000237661253777, -2.78717488982e-05, -0.000262734392891, -0.000235355633777, 0.00013594936172, -0.000588950235397], [-0.000802168855444, 0.0031634750776, -0.00416699144989, 0.00855706632137, -0.00121510471217, 0.0027416467201, -9.60025354289e-05, 0.000184715594514, 0.00330791180022, 0.000355290190782, 0.00128292152658, -0.000270519551123, 0.000455797999166], [0.000882984721102, -0.00416699144989, 0.0137766422704, -0.0168643966317, 0.00848594307899, -0.00688568409532, -0.000854748825077, 0.000850656011607, -0.00296117179096, 0.00169934029691, -0.00233622570522, 0.00156927166972, -0.00011623652972], [-0.000807475065812, 0.00855706632137, -0.0168643966317, 0.0365644842386, -0.016151458025, 0.0177027434111, -0.0048047779128, -0.00199486990459, 0.00762251904234, -0.00257599563338, 0.00473606958985, 0.00672914320603, -0.004452587571], [-0.000269463314908, -0.00121510471217, 0.00848594307899, -0.016151458025, 0.03872859478, -0.024025734514, 0.00993059203029, 0.00150406896137, -0.00594291323796, 0.00434541516006, 0.00498333433643, -0.0103629333898, 0.00954233016819], [-0.000446334248409, 0.0027416467201, -0.00688568409532, 0.0177027434111, -0.024025734514, 0.0484219826758, -0.0264781806618, 0.00931082945317, -0.0100350100547, 0.00538237672299, -0.00895757600665, -0.00194481550716, -0.00240710820071], [-0.000195197382709, -9.60025354289e-05, -0.000854748825077, -0.0048047779128, 0.00993059203029, -0.0264781806618, 0.0402115248144, -0.0255364403129, 0.0132167162374, -0.0112861059606, 0.0171584412456, -0.00953777786344, 0.00122825498693], [-0.000237661253777, 0.000184715594514, 0.000850656011607, -0.00199486990459, 0.00150406896137, 0.00931082945317, -0.0255364403129, 0.0469128191471, -0.0239650253206, 0.0151319382712, -0.020203737542, 0.0135134859011, -0.0036631221883], [-2.78717488982e-05, 0.00330791180022, -0.00296117179096, 0.00762251904234, -0.00594291323796, -0.0100350100547, 0.0132167162374, -0.0239650253206, 0.0492337048054, -0.0287231318653, 0.0123441517353, -0.0109232310206, 0.00548932887614], [-0.000262734392891, 0.000355290190782, 0.00169934029691, -0.00257599563338, 0.00434541516006, 0.00538237672299, -0.0112861059606, 0.0151319382712, -0.0287231318653, 0.0439374670386, -0.0198494661599, 0.00391261419281, -0.00655894726515], [-0.000235355633777, 0.00128292152658, -0.00233622570522, 0.00473606958985, 0.00498333433643, -0.00895757600665, 0.0171584412456, -0.020203737542, 0.0123441517353, -0.0198494661599, 0.0439044386148, -0.0181820653379, 0.0126346172765], [0.00013594936172, -0.000270519551123, 0.00156927166972, 0.00672914320603, -0.0103629333898, -0.00194481550716, -0.00953777786344, 0.0135134859011, -0.0109232310206, 0.00391261419281, -0.0181820653379, 0.0397988148034, -0.0207542162389], [-0.000588950235397, 0.000455797999166, -0.00011623652972, -0.004452587571, 0.00954233016819, -0.00240710820071, 0.00122825498693, -0.0036631221883, 0.00548932887614, -0.00655894726515, 0.0126346172765, -0.0207542162389, 0.0410205125809]]
    },
    "spectral_contrast_coeffs": {
        "max": [-0.446342468262, -0.512144327164, -0.561751961708, -0.635035991669, -0.716313719749, -0.778073608875],
        "mean": [-0.727481126785, -0.800901830196, -0.809675574303, -0.807454168797, -0.843097746372, -0.847518920898],
        "min": [-0.9540168643, -0.969191253185, -0.973245859146, -0.950111567974, -0.957804560661, -0.95779967308],
        "stdev": [0.112010098994, 0.0783161818981, 0.0602895393968, 0.0800358504057, 0.0305995773524, 0.0139928674325]
    },
    "spectral_contrast_valleys": {
        "max": [-5.04807901382, -4.56297016144, -5.712890625, -6.51544237137, -7.68451976776, -9.23033714294],
        "mean": [-6.81563949585, -7.30420780182, -8.17308330536, -8.66415119171, -8.64280319214, -10.092710495],
        "min": [-27.7075386047, -27.0969848633, -27.0126838684, -27.4433269501, -27.2080802917, -27.324678421],
        "stdev": [1.34435260296, 1.56912314892, 1.30683743954, 1.13794875145, 0.920037269592, 0.876794457436]
    }
},
"rhythm": {
    "beats_count": 34,
    "beats_loudness": {
        "max": 0.156321361661,
        "mean": 0.0377914011478,
        "min": 0.000731972337235,
        "stdev": 0.0422414168715
    },
    "bpm": 184.570297241,
    "bpm_histogram_first_peak_bpm": 185,
    "bpm_histogram_first_peak_weight": 0,
    "bpm_histogram_second_peak_bpm": 178,
    "bpm_histogram_second_peak_spread": 0,
    "bpm_histogram_second_peak_weight": 0.242424249649,
    "danceability": 0.727810502052,
    "onset_rate": 0.705364227295,
    "beats_loudness_band_ratio": {
        "max": [0.875549733639, 0.841396570206, 0.256352782249, 0.363187134266, 0.0435499511659, 0.318165153265],
        "mean": [0.600520849228, 0.229665473104, 0.0692238807678, 0.0686251595616, 0.0126926116645, 0.0838136225939],
        "min": [0.215988874435, 0.0226215533912, 0.0110876169056, 0.00137353118043, 0.00020008739375, 0.000662480131723],
        "stdev": [0.175351321697, 0.231436535716, 0.0621633045375, 0.0800427496433, 0.0127814644948, 0.107188433409]
    },
    "beats_position": [0.429569154978, 0.870748281479, 1.31192743778, 1.75310659409, 2.19428563118, 2.63546490669, 3.03020405769, 3.42494320869, 3.8196823597, 4.22603178024, 4.5627207756, 4.8994102478, 5.23609972, 5.58439922333, 5.92108821869, 6.26938772202, 6.6176867485, 6.94276618958, 7.26784563065, 7.59292507172, 7.91800451279, 8.24308395386, 8.56816291809, 8.893242836, 9.21832180023, 9.54340076447, 9.86848068237, 10.1935596466, 10.5186395645, 10.8553285599, 11.1920175552, 11.5287075043, 11.8653964996, 12.2136955261],
