{
"metadata": {
    "version": {
        "essentia": "2.1-beta5",
        "essentia_git_sha": "Undefined",
        "extractor": "music 2.0"
    },
    "audio_properties": {
        "analysis": {
            "equal_loudness": 0,
            "length": 32.4963264465,
            "sample_rate": 44100,
            "start_time": 61.4980506897,
            "downmix": "mix"
        },
        "bit_rate": 192000,
        "length": 172.292068481,
        "lossless": 0,
        "number_channels": 2,
        "replay_gain": -4.19382286072,
        "sample_rate": 44100,
        "codec": "mp3",
        "md5_encoded": "02ccdf190b939c64c1a48f1a1d2e6624"
    },
    "tags": {
        "file_name": "Luxembourg_Pomme, Pomme, Pomme_Monique Melsen.mp3",
        "encoding": ["Lavf58.29.100"]
    }
},
"lowlevel": {
    "average_loudness": 0.836634278297,
    "barkbands_crest": {
        "max": 25.6305904388,
        "mean": 9.59540367126,
        "min": 2.4866104126,
        "stdev": 4.14185619354
    },
    "barkbands_flatness_db": {
        "max": 0.286566436291,
        "mean": 0.145523533225,
        "min": 0.0380408316851,
        "stdev": 0.0393164046109
    },
    "barkbands_kurtosis": {
        "max": 84.2462692261,
        "mean": 0.773124873638,
        "min": -1.91326737404,
        "stdev": 4.40245676041
    },
    "barkbands_skewness": {
        "max": 8.111079216,
        "mean": 0.518816113472,
        "min": -1.87644100189,
        "stdev": 0.974128842354
    },
    "barkbands_spread": {
        "max": 63.8626327515,
        "mean": 20.0306301117,
        "min": 1.67711925507,
        "stdev": 8.71324443817
    },
    "dissonance": {
        "max": 0.499846667051,
        "mean": 0.467194110155,
        "min": 0.243594869971,
        "stdev": 0.0269559063017
    },
    "dynamic_complexity": 4.5373415947,
    "erbbands_crest": {
        "max": 29.0848712921,
        "mean": 10.4376802444,
        "min": 2.43053746223,
        "stdev": 4.78234434128
    },
    "erbbands_flatness_db": {
        "max": 0.34141600132,
        "mean": 0.211585864425,
        "min": 0.0776897966862,
        "stdev": 0.0456514656544
    },
    "erbbands_kurtosis": {
        "max": 23.8878746033,
        "mean": 0.564860999584,
        "min": -1.82026100159,
        "stdev": 2.23019957542
    },
    "erbbands_skewness": {
        "max": 4.3221244812,
        "mean": -0.119167633355,
        "min": -2.86530923843,
        "stdev": 0.813452780247
    },
    "erbbands_spread": {
        "max": 97.7361297607,
        "mean": 26.2120742798,
        "min": 3.57219910622,
        "stdev": 11.7220239639
    },
    "hfc": {
        "max": 109.549514771,
        "mean": 17.5956802368,
        "min": 0.0630980655551,
        "stdev": 18.622215271
    },
    "loudness_ebu128": {
        "integrated": -21.5395145416,
        "loudness_range": 5.2735080719,
        "momentary": {
            "max": -15.9602165222,
            "mean": -23.0189819336,
            "min": -38.6493682861,
            "stdev": 3.92158842087
        },
        "short_term": {
            "max": -18.616350174,
            "mean": -22.0523357391,
            "min": -26.8578510284,
            "stdev": 1.96324753761
        }
    },
    "melbands_crest": {
        "max": 31.2579956055,
        "mean": 12.2905416489,
        "min": 2.73085451126,
        "stdev": 4.9948091507
    },
    "melbands_flatness_db": {
        "max": 0.347045361996,
        "mean": 0.166924446821,
        "min": 0.0305177811533,
        "stdev": 0.0476475656033
    },
    "melbands_kurtosis": {
        "max": 124.452949524,
        "mean": 3.01962184906,
        "min": -1.78806376457,
        "stdev": 7.12144851685
    },
    "melbands_skewness": {
        "max": 8.04440784454,
        "mean": 1.22071266174,
        "min": -1.85432851315,
        "stdev": 1.0847171545
    },
    "melbands_spread": {
        "max": 133.461990356,
        "mean": 33.1400604248,
        "min": 1.49282801151,
        "stdev": 17.2483634949
    },
    "pitch_salience": {
        "max": 0.827014565468,
        "mean": 0.553901553154,
        "min": 0.154449015856,
        "stdev": 0.109261550009
    },
    "silence_rate_20dB": {
        "max": 1,
        "mean": 1,
        "min": 1,
        "stdev": 0
    },
    "silence_rate_30dB": {
        "max": 1,
        "mean": 1,
        "min": 1,
        "stdev": 0
    },
    "silence_rate_60dB": {
        "max": 1,
        "mean": 0.212705209851,
        "min": 0,
        "stdev": 0.409219413996
    },
    "spectral_centroid": {
        "max": 4018.23974609,
        "mean": 1694.47900391,
        "min": 351.167480469,
        "stdev": 568.550415039
    },
    "spectral_complexity": {
        "max": 55,
        "mean": 15.6216983795,
        "min": 0,
        "stdev": 9.79451560974
    },
    "spectral_decrease": {
        "max": -1.00711713275e-11,
        "mean": -3.10475534171e-09,
        "min": -1.96739158298e-08,
        "stdev": 3.11506154205e-09
    },
    "spectral_energy": {
        "max": 0.0828413143754,
        "mean": 0.0133140254766,
        "min": 4.52423919342e-05,
        "stdev": 0.0133192073554
    },
    "spectral_energyband_high": {
        "max": 0.00764394411817,
        "mean": 0.000468437152449,
        "min": 3.04285072161e-06,
        "stdev": 0.000782288727351
    },
    "spectral_energyband_low": {
        "max": 0.0111391656101,
        "mean": 0.000399471347919,
        "min": 1.65908136296e-06,
        "stdev": 0.000804471666925
    },
    "spectral_energyband_middle_high": {
        "max": 0.0732170715928,
        "mean": 0.0075776767917,
        "min": 9.72647376329e-06,
        "stdev": 0.0100676584989
    },
    "spectral_energyband_middle_low": {
        "max": 0.0380729287863,
        "mean": 0.00515873683617,
        "min": 1.87073237612e-05,
        "stdev": 0.0053719417192
    },
    "spectral_entropy": {
        "max": 8.34577274323,
        "mean": 7.46020078659,
        "min": 6.14270830154,
        "stdev": 0.338275879622
    },
    "spectral_flux": {
        "max": 0.241679906845,
        "mean": 0.0634913742542,
        "min": 0.00368323083967,
        "stdev": 0.0375830233097
    },
    "spectral_kurtosis": {
        "max": 16.0890922546,
        "mean": 5.43236398697,
        "min": -0.795781373978,
        "stdev": 2.74598860741
    },
    "spectral_rms": {
        "max": 0.00899003818631,
        "mean": 0.00316995219328,
        "min": 0.000210092635825,
        "stdev": 0.0017148538027
    },
    "spectral_rolloff": {
        "max": 8182.6171875,
        "mean": 2075.3046875,
        "min": 215.33203125,
        "stdev": 945.575805664
    },
    "spectral_skewness": {
        "max": 3.43003511429,
        "mean": 1.46246314049,
        "min": -0.0282638259232,
        "stdev": 0.446539849043
    },
    "spectral_spread": {
        "max": 23353570,
        "mean": 3323653.75,
        "min": 1933179.25,
        "stdev": 1073028.375
    },
    "spectral_strongpeak": {
        "max": 11.2460212708,
        "mean": 1.68983185291,
        "min": 0.00278515345417,
        "stdev": 1.98122489452
    },
    "zerocrossingrate": {
        "max": 0.21728515625,
        "mean": 0.0731651633978,
        "min": 0.00537109375,
        "stdev": 0.0263692587614
    },
    "barkbands": {
        "max": [9.68109998212e-06, 0.00156792905182, 0.00788299459964, 0.00984365493059, 0.0184190515429, 0.0185566172004, 0.0141736799851, 0.0270753763616, 0.0304140411317, 0.0532816797495, 0.0120827546343, 0.0325243622065, 0.0379708968103, 0.0228603705764, 0.0282281823456, 0.0300231780857, 0.0178375225514, 0.0065490687266, 0.00432203430682, 0.0040500247851, 0.00366555363871, 0.00255251629278, 0.00186483038124, 0.00184103602078, 4.65058510599e-05, 1.65337553426e-06, 1.64226406696e-07],
        "mean": [8.82439280758e-07, 6.49477515253e-05, 0.000235275409068, 0.00020449362637, 0.000807845033705, 0.00109865725972, 0.000560174114071, 0.00106454023626, 0.00112088641617, 0.00144677108619, 0.000503521529026, 0.000916314835194, 0.000771852734033, 0.000542542897165, 0.000667696702294, 0.00136462308001, 0.000682101410348, 0.000472687388537, 0.000225826399401, 0.000274317106232, 0.000158745460794, 6.21448416496e-05, 4.3075215217e-05, 2.09628778975e-05, 2.14273632082e-06, 1.00701481642e-06, 8.97067309324e-09],
        "min": [3.70003028216e-09, 3.07734865146e-07, 1.33720135409e-07, 2.0666824696e-07, 1.33321543672e-06, 6.84101678416e-07, 7.14937357316e-07, 2.48918496482e-07, 4.89091974032e-07, 2.36126027175e-07, 2.70197148211e-07, 7.36146944291e-07, 2.51143802643e-07, 6.50938432045e-07, 2.82433404664e-07, 5.78186416078e-07, 5.0278396202e-07, 2.8606339697e-07, 8.72160583754e-08, 2.46608152565e-07, 2.3640842528e-07, 2.68030106554e-07, 2.19677374957e-07, 1.65280411579e-07, 1.61822754308e-07, 1.37002089673e-07, 6.67628313744e-11],
        "stdev": [9.58002488005e-07, 0.000123159392388, 0.00053460127674, 0.000619759201072, 0.00130902335513, 0.00215462897904, 0.00133613101207, 0.00233892258257, 0.00259471707977, 0.00435227015987, 0.00110287393909, 0.00261303037405, 0.00304179918021, 0.00135654932819, 0.00178817089181, 0.00275635160506, 0.00172636157367, 0.000849495700095, 0.000386359752156, 0.00047708171769, 0.000304084445816, 0.000180788440048, 0.000122468787595, 7.87004828453e-05, 3.60759827345e-06, 1.45605966395e-07, 8.37354541261e-09]
    },
    "erbbands": {
        "max": [0.0145268654451, 0.463006943464, 5.15826129913, 17.0200862885, 84.2154464722, 40.8867759705, 146.139434814, 208.28125, 252.743225098, 372.500976562, 643.666992188, 811.527832031, 1390.13269043, 1034.22387695, 329.018493652, 1184.14978027, 2079.47949219, 507.122131348, 1898.4855957, 936.803588867, 1293.44616699, 1097.9934082, 430.856781006, 229.672607422, 96.5375823975, 156.820053101, 178.163787842, 115.150253296, 112.359275818, 77.6542053223, 57.3143615723, 55.7106246948, 12.9212083817, 1.16053342819, 0.0519480258226, 0.00946832727641, 0.00334769091569, 0.000279393338133, 5.21753972862e-05, 0.000101829580672],
        "mean": [0.000682230107486, 0.0216696616262, 0.208184987307, 0.546933948994, 1.2342274189, 2.74187660217, 7.44599580765, 9.05795860291, 8.18811225891, 13.4828243256, 24.2768974304, 26.396112442, 39.3753738403, 34.0695991516, 20.7217922211, 40.6283607483, 35.9564857483, 20.8005180359, 39.1694145203, 49.0678634644, 66.8630981445, 37.9890480042, 28.0841083527, 16.8693180084, 9.42199420929, 11.9517116547, 10.4925661087, 3.98722553253, 2.47249126434, 1.62868785858, 1.1490238905, 0.63537812233, 0.225721508265, 0.0421549268067, 0.00932176504284, 0.00505781173706, 0.00185726420023, 0.000154856577865, 1.1959729818e-05, 1.72422187461e-05],
        "min": [4.48089349447e-06, 8.91836316441e-05, 0.000246441748459, 0.00102163502015, 0.00165972101968, 0.0042455107905, 0.00521963881329, 0.00524966791272, 0.0092947781086, 0.0197096224874, 0.00892630591989, 0.0128782317042, 0.00921520218253, 0.00672921352088, 0.0225414969027, 0.0490736067295, 0.023596752435, 0.0290181096643, 0.0250314511359, 0.0313183628023, 0.0345518700778, 0.027875861153, 0.0186238382012, 0.00848825648427, 0.0101229213178, 0.0109317619354, 0.0102525325492, 0.00662699062377, 0.00882009603083, 0.00710891326889, 0.00725808087736, 0.00412351731211, 0.00258246879093, 0.00189699348994, 0.000977629330009, 0.000478289555758, 0.000274148711469, 7.48521633795e-05, 1.93172309082e-06, 1.89252887139e-07],
        "stdev": [0.000980974873528, 0.0386134125292, 0.399940490723, 1.34911036491, 4.29015016556, 4.3985991478, 14.9823045731, 17.6398773193, 20.8748683929, 31.3985061646, 51.5197944641, 62.1639671326, 108.302375793, 90.6691970825, 35.8674163818, 113.158981323, 127.833625793, 41.3061752319, 106.531600952, 90.4855117798, 120.360183716, 89.3588562012, 53.0101470947, 25.5573139191, 13.0617046356, 19.2675685883, 18.387046814, 9.37696361542, 7.17513418198, 4.86289644241, 3.38686752319, 2.43121218681, 0.67776620388, 0.0984760671854, 0.00402731448412, 0.000926082604565, 0.000308055372443, 2.86374925054e-05, 8.74532361195e-06, 1.68968163052e-05]
    },
    "gfcc": {
        "mean": [-58.6338653564, 87.8913345337, -167.60723877, 20.2275485992, -63.8833236694, -3.86129665375, -42.8702812195, 0.591645777225, -24.4931335449, -3.4553091526, -21.2234363556, -1.7443972826, -9.08436584473],
        "cov": [[3537.55395508, 141.602218628, -1383.38537598, 215.720733643, -392.277099609, -372.02456665, 324.313873291, -224.635620117, 322.932403564, -275.380523682, 187.6927948, -211.530441284, 182.570602417], [141.602218628, 432.561035156, 117.817245483, -160.114700317, 117.062522888, -33.7348480225, 71.1204299927, -15.0441503525, -65.1469192505, 40.0307769775, -13.0683403015, -22.7022132874, -33.117401123], [-1383.38537598, 117.817245483, 871.536437988, 41.6435089111, 151.09828186, 211.068481445, -156.181045532, 63.0492401123, -143.636550903, 71.6648406982, -71.2639923096, 73.471786499, -121.036659241], [215.720733643, -160.114700317, 41.6435089111, 382.07019043, -22.6273841858, -21.636138916, -79.3470077515, -27.6268215179, 69.9119033813, -88.415435791, -12.4252719879, 20.4213466644, 0.626726031303], [-392.277099609, 117.062522888, 151.09828186, -22.6273841858, 255.190002441, 47.3226356506, -17.9360580444, 30.435792923, -63.0094146729, 52.0629959106, -58.9339561462, 20.5729122162, -20.0676670074], [-372.02456665, -33.7348480225, 211.068481445, -21.636138916, 47.3226356506, 277.318878174, 73.7233505249, 25.7795333862, -52.0348892212, 12.8575878143, -13.104473114, -32.5040588379, -62.3960151672], [324.313873291, 71.1204299927, -156.181045532, -79.3470077515, -17.9360580444, 73.7233505249, 239.658615112, 18.3552265167, -24.3674297333, 8.64579868317, 30.5057525635, -56.9481811523, -19.9476642609], [-224.635620117, -15.0441503525, 63.0492401123, -27.6268215179, 30.435792923, 25.7795333862, 18.3552265167, 104.682525635, 21.9059371948, 23.8112468719, -18.1263999939, -2.34961938858, -15.8599805832], [322.932403564, -65.1469192505, -143.636550903, 69.9119033813, -63.0094146729, -52.0348892212, -24.3674297333, 21.9059371948, 144.158691406, -3.79603767395, 1.07728219032, -28.6991882324, 24.0300369263], [-275.380523682, 40.0307769775, 71.6648406982, -88.415435791, 52.0629959106, 12.8575878143, 8.64579868317, 23.8112468719, -3.79603767395, 112.932395935, 11.5127801895, -2.01702022552, -23.0006561279], [187.6927948, -13.0683403015, -71.2639923096, -12.4252719879, -58.9339561462, -13.104473114, 30.5057525635, -18.1263999939, 1.07728219032, 11.5127801895, 100.68019104, 17.0855751038, 8.99045848846], [-211.530441284, -22.7022132874, 73.471786499, 20.4213466644, 20.5729122162, -32.5040588379, -56.9481811523, -2.34961938858, -28.6991882324, -2.01702022552, 17.0855751038, 105.798469543, 33.6264305115], [182.570602417, -33.117401123, -121.036659241, 0.626726031303, -20.0676670074, -62.3960151672, -19.9476642609, -15.8599805832, 24.0300369263, -23.0006561279, 8.99045848846, 33.6264305115, 100.334281921]],
        "icov": [[0.0165870767087, -0.0218072608113, 0.0197046753019, -0.0147531442344, 0.00784110836685, -0.00226255971938, -0.00464319484308, 0.0107084261253, -0.0150974709541, 0.0187945049256, -0.017786776647, 0.0148603701964, -0.00804905965924], [-0.0218072608113, 0.0369678772986, -0.0318581424654, 0.0251080002636, -0.0167518872768, 0.0101582659408, -0.00143590604421, -0.00676480401307, 0.012897352688, -0.0179154388607, 0.0204593520612, -0.0167329739779, 0.0114853857085], [0.0197046753019, -0.0318581424654, 0.031776484102, -0.0230084247887, 0.0148927755654, -0.0105130299926, 0.00330161885358, 0.0048695653677, -0.00861747935414, 0.0143408635631, -0.0171995889395, 0.0138825941831, -0.00778690399602], [-0.0147531442344, 0.0251080002636, -0.0230084247887, 0.0219798758626, -0.0128661813214, 0.00751172518358, -0.00156178860925, -0.00204977672547, 0.0035931575112, -0.00694634625688, 0.0128074511886, -0.0126449428499, 0.00934030860662], [0.00784110836685, -0.0167518872768, 0.0148927755654, -0.0128661813214, 0.0156138911843, -0.00766961695626, 0.00455104839057, -0.00262860022485, 0.00272936210968, -0.0012725252891, -0.00163075106684, 0.00378362345509, -0.00497586280107], [-0.00226255971938, 0.0101582659408, -0.0105130299926, 0.00751172518358, -0.00766961695626, 0.013119276613, -0.00918775144964, 0.00557814631611, -0.00522378832102, 0.0054400996305, -0.00113878131378, 0.00237024109811, 0.00222641672008], [-0.00464319484308, -0.00143590604421, 0.00330161885358, -0.00156178860925, 0.00455104839057, -0.00918775144964, 0.0172739587724, -0.0136022567749, 0.0158681459725, -0.0133256334811, 0.00622038124129, -0.00400453666225, 0.00237775500864], [0.0107084261253, -0.00676480401307, 0.0048695653677, -0.00204977672547, -0.00262860022485, 0.00557814631611, -0.0136022567749, 0.0279938168824, -0.0239225849509, 0.0195766277611, -0.0126050468534, 0.00935652479529, -0.00295620877296], [-0.0150974709541, 0.012897352688, -0.00861747935414, 0.0035931575112, 0.00272936210968, -0.00522378832102, 0.0158681459725, -0.0239225849509, 0.038110293448, -0.0301774572581, 0.0205394178629, -0.0110102090985, 0.00378564116545], [0.0187945049256, -0.0179154388607, 0.0143408635631, -0.00694634625688, -0.0012725252891, 0.0054400996305, -0.0133256334811, 0.0195766277611, -0.0301774572581, 0.0443749837577, -0.0280595403165, 0.0193157792091, -0.00575449457392], [-0.017786776647, 0.0204593520612, -0.0171995889395, 0.0128074511886, -0.00163075106684, -0.00113878131378, 0.00622038124129, -0.0126050468534, 0.0205394178629, -0.0280595403165, 0.0358461029828, -0.0224203076214, 0.00945013482124], [0.0148603701964, -0.0167329739779, 0.0138825941831, -0.0126449428499, 0.00378362345509, 0.00237024109811, -0.00400453666225, 0.00935652479529, -0.0110102090985, 0.0193157792091, -0.0224203076214, 0.0320226512849, -0.0144820259884], [-0.00804905965924, 0.0114853857085, -0.00778690399602, 0.00934030860662, -0.00497586280107, 0.00222641672008, 0.00237775500864, -0.00295620877296, 0.00378564116545, -0.00575449457392, 0.00945013482124, -0.0144820259884, 0.0211277287453]]
    },
    "melbands": {
        "max": [0.000263308320427, 0.00207752524875, 0.00469842832536, 0.00430942745879, 0.00405508372933, 0.00398854957893, 0.00339335622266, 0.00449194060639, 0.00442882115021, 0.00569625478238, 0.00760614825413, 0.00444702384993, 0.0010358892614, 0.00265165395103, 0.00608688546345, 0.00337841291912, 0.00118739064783, 0.0032060155645, 0.00184373161756, 0.0024248403497, 0.00130832369905, 0.00127199629787, 0.000521944719367, 0.000398133619456, 0.000225245516049, 0.000140434625791, 0.000169624676346, 0.000142208504258, 0.000145178710227, 7.93238214101e-05, 7.55006476538e-05, 7.04624108039e-05, 5.54034741072e-05, 4.55885055999e-05, 4.35798647231e-05, 3.14545177389e-05, 3.7633228203e-05, 1.0007956007e-05, 2.12544932765e-06, 7.44496787775e-07],
        "mean": [1.13769356176e-05, 8.4440674982e-05, 0.000113759037049, 0.000132386368932, 0.0002418080403, 0.000205251693842, 0.000116604656796, 0.000169785897015, 0.000195413231268, 0.000164099372341, 0.000205020507565, 0.000152844280819, 6.455762923e-05, 7.9306846601e-05, 0.000149524159497, 4.20917785959e-05, 3.90587119909e-05, 6.38518977212e-05, 5.1432489272e-05, 9.88388783298e-05, 6.95472117513e-05, 4.17986266257e-05, 2.36416635744e-05, 2.35911538766e-05, 1.28352048705e-05, 7.82290862844e-06, 6.31705870546e-06, 8.76410285855e-06, 7.95987307356e-06, 3.63476465282e-06, 1.7964299559e-06, 1.50565142576e-06, 9.74136582954e-07, 8.81593450686e-07, 7.17246450677e-07, 4.67999768716e-07, 3.59886655588e-07, 1.82840736329e-07, 6.65363160124e-08, 2.20108340443e-08],
        "min": [7.37609582302e-08, 1.5881856541e-07, 1.99204009732e-07, 1.80771223768e-07, 1.77644437827e-07, 1.17796474797e-07, 1.16602898004e-07, 1.19242670849e-07, 6.83173198013e-08, 8.16112617485e-08, 4.07461797636e-08, 2.58373216155e-08, 4.59212046167e-08, 1.17029365754e-07, 6.1477720692e-08, 2.32219843355e-08, 5.68071065743e-08, 3.97258048679e-08, 2.1140294848e-08, 3.5245236063e-08, 4.50411619113e-08, 2.75933995653e-08, 1.76440533295e-08, 5.74943248566e-09, 5.56695001208e-09, 2.60144994435e-09, 8.32710345122e-09, 7.39268024574e-09, 6.23055429472e-09, 4.86201434668e-09, 3.01505509448e-09, 3.86308940392e-09, 5.28493027119e-09, 2.96136271061e-09, 4.35874181193e-09, 3.19367265966e-09, 2.25162199996e-09, 1.75683834147e-09, 1.99913041676e-09, 1.44709044747e-09],
        "stdev": [2.03086401598e-05, 0.000159576622536, 0.000305775611196, 0.000247364951065, 0.000428411847679, 0.000382978178095, 0.00028431013925, 0.000388631306123, 0.0004173341149, 0.000410043401644, 0.000586582289543, 0.000421185075538, 0.000121477205539, 0.000179444250534, 0.000582119100727, 0.000147406259202, 8.63564637257e-05, 0.000191041603102, 0.00012976450671, 0.000226787262363, 0.000136281742016, 0.000107472013042, 5.10473946633e-05, 4.31743173976e-05, 2.17585347855e-05, 1.37401693792e-05, 1.12977450044e-05, 1.63559961948e-05, 1.53289565787e-05, 7.35437652111e-06, 5.15839656146e-06, 4.39163341071e-06, 3.22603114e-06, 2.63056108452e-06, 2.20988158617e-06, 1.63605727721e-06, 1.47290131736e-06, 5.59645570775e-07, 1.70966799828e-07, 4.69320191598e-08]
    },
    "melbands128": {
        "max": [5.486990176e-06, 4.26725309808e-05, 0.000353171431925, 0.000989266787656, 0.00142885220703, 0.0049150059931, 0.00429267482832, 0.0066223856993, 0.0115282014012, 0.00381614803337, 0.00294694234617, 0.00487313466147, 0.00660109287128, 0.00674691423774, 0.0066832122393, 0.00542304804549, 0.00780432811007, 0.00477944593877, 0.00278597907163, 0.00641802512109, 0.00674458825961, 0.0103791980073, 0.00587419420481, 0.00900466460735, 0.00445440318435, 0.0114771109074, 0.00668622553349, 0.0089783705771, 0.0182406101376, 0.00756238587201, 0.00807576347142, 0.002231920138, 0.00139311817475, 0.00214675324969, 0.00341476593167, 0.00503958202899, 0.00480500934646, 0.0123402066529, 0.007548536174, 0.00945235788822, 0.00145255029202, 0.00105713668745, 0.00196584290825, 0.00246408209205, 0.004823458381, 0.0068466453813, 0.00273768766783, 0.00352353602648, 0.00152306794189, 0.00275658466853, 0.00510443560779, 0.00413330737501, 0.00272117275745, 0.00248019071296, 0.00145814695861, 0.00216562580317, 0.00159844954032, 0.00100881105755, 0.000868993403856, 0.00105181534309, 0.000800659239758, 0.000820954039227, 0.000484658958158, 0.000583602115512, 0.000597707752604, 0.000201534625376, 7.05434431438e-05, 0.000115520088002, 0.000313988362905, 0.000272892066278, 0.000130869593704, 0.000374768918846, 0.000487849494675, 0.00017071289767, 0.000201205883059, 0.000115071758046, 0.000111013920105, 0.000100138888229, 0.000105415856524, 9.91791312117e-05, 7.1291680797e-05, 0.000104094462586, 6.45484469715e-05, 8.0538324255e-05, 4.02445948566e-05, 5.75663652853e-05, 4.59578513983e-05, 4.61543786514e-05, 5.71150230826e-05, 3.15419965773e-05, 2.34850249399e-05, 4.44893339591e-05, 4.80285452795e-05, 3.93850896216e-05, 3.64542902389e-05, 1.02660087578e-05, 6.82007475916e-06, 4.52494305136e-06, 2.19057869799e-06, 1.6367578155e-06, 1.88285662261e-06, 3.71122723664e-07, 4.45552217343e-08, 3.57427687447e-08, 3.11007859466e-08, 2.26378187307e-08, 4.05002289483e-08, 2.11800319505e-08, 2.22056044663e-08, 2.32020642699e-08, 1.74918035611e-08, 1.59780810804e-08, 1.59394364374e-08, 1.21787788743e-08, 8.34025204455e-09, 2.48861753427e-09, 1.58616508816e-09, 6.84412859719e-10, 6.74761468922e-10, 6.59386434343e-10, 6.42780328963e-10, 6.27984886314e-10, 6.14659101394e-10, 6.02868421851e-10, 5.94746141225e-10, 5.86391324386e-10, 5.80479497803e-10, 5.80596903887e-10],
        "mean": [6.2596728867e-07, 2.68355211119e-06, 9.19742524275e-06, 3.97933690692e-05, 8.58541534399e-05, 0.000124546379084, 0.000108048923721, 0.000104342128907, 0.000133725669002, 0.000103802522062, 0.000143834127812, 0.000225254669203, 0.000264021422481, 0.000275551981758, 0.000229051947827, 0.000142220422276, 0.000151806758367, 0.000107701845991, 7.29546445655e-05, 0.000146198202856, 0.000223884620937, 0.000232365535339, 0.000192087332834, 0.000163545671967, 0.000158617578563, 0.000190714039491, 0.000109176013211, 0.000187940459, 0.000336385244736, 0.00016039829643, 0.000110146291263, 7.85039010225e-05, 5.14116218255e-05, 6.20180217084e-05, 7.39238603273e-05, 7.94710140326e-05, 8.17064938019e-05, 0.000234257342527, 0.000125117250718, 4.55510198663e-05, 3.02033513435e-05, 2.17962187889e-05, 3.42394887412e-05, 3.92532165279e-05, 7.90284393588e-05, 6.58732169541e-05, 5.23918752151e-05, 6.64008257445e-05, 3.84847080568e-05, 4.10146349168e-05, 0.000154648063472, 9.1514964879e-05, 8.12162470538e-05, 6.09371818427e-05, 3.91022549593e-05, 4.73787586088e-05, 3.74363080482e-05, 1.5782601622e-05, 2.0315648726e-05, 3.44692671206e-05, 2.34807648667e-05, 1.81691320904e-05, 1.21479160953e-05, 1.10642886284e-05, 1.45268440974e-05, 7.32322541808e-06, 3.76217599296e-06, 6.68304028295e-06, 7.52323376219e-06, 4.89236617796e-06, 7.09743926564e-06, 1.27538569359e-05, 1.01012901723e-05, 6.83268763169e-06, 5.81243602937e-06, 3.65718574358e-06, 2.86811496153e-06, 2.29555621445e-06, 1.50777884755e-06, 1.43716090406e-06, 1.6908136331e-06, 1.51363997247e-06, 1.12099326088e-06, 8.7908824753e-07, 8.87248972958e-07, 8.71254826507e-07, 9.72264501797e-07, 7.65523907376e-07, 7.55655094054e-07, 6.29457076684e-07, 4.73633946285e-07, 4.41616236913e-07, 4.12194424371e-07, 3.75097982896e-07, 3.34938022206e-07, 2.22920505166e-07, 1.58892731861e-07, 1.06246957898e-07, 6.76659155374e-08, 4.38436629224e-08, 3.63758445587e-08, 1.55287764869e-08, 9.53658130243e-09, 9.40368583002e-09, 9.20146181471e-09, 9.13792153057e-09, 9.34234556382e-09, 9.12109143769e-09, 8.64455440563e-09, 8.63609983526e-09, 7.75978215017e-09, 7.00635638395e-09, 6.14187367631e-09, 4.97250907117e-09, 2.87011148181e-09, 9.94880067218e-10, 3.11646902729e-10, 3.66756885278e-12, 3.37050396274e-12, 3.30669584596e-12, 3.23777810118e-12, 3.17865872512e-12, 3.11267808403e-12, 3.05374345602e-12, 3.02604295788e-12, 2.99800917598e-12, 2.98227371617e-12, 2.96683576144e-12],
        "min": [4.7768528022e-10, 4.40060121676e-09, 1.04602460027e-08, 1.31900094402e-07, 1.91033286967e-08, 7.5165438318e-08, 7.53610933657e-08, 8.94854110811e-08, 2.11148218909e-07, 9.04482533315e-08, 1.05472707901e-07, 4.62878659846e-08, 1.0602735756e-07, 1.34366739957e-08, 3.06242569081e-08, 1.8702753124e-08, 3.81356031198e-08, 4.42531629119e-08, 5.84334500786e-08, 7.35757055281e-08, 2.42168738396e-08, 5.05687083319e-08, 3.65197969643e-08, 3.20927320274e-08, 2.02094501134e-08, 3.41994592645e-08, 1.5231414352e-08, 1.05838235953e-08, 1.76505903227e-08, 3.18332360472e-09, 6.2697034231e-09, 1.97299936389e-08, 2.45789806286e-08, 4.01523934102e-08, 3.9799743945e-08, 4.15118748265e-08, 3.00534281905e-08, 8.52665049678e-09, 1.10793951791e-08, 2.59582755291e-08, 7.67956453984e-09, 1.01992618795e-08, 2.3208372113e-08, 4.98191141673e-08, 3.48763329328e-08, 1.84980173401e-08, 1.60282542794e-08, 2.59048107409e-08, 1.66625255815e-08, 1.91670608274e-08, 1.12866906932e-08, 9.54457313185e-09, 1.96664835528e-08, 3.82330895832e-08, 2.79926037905e-08, 8.63220073199e-09, 1.99900345166e-08, 8.3657178962e-09, 7.14126047185e-09, 3.84340292925e-09, 4.7095931599e-09, 5.21512610874e-09, 2.07943973152e-09, 4.58547200211e-09, 2.14000839271e-09, 1.17422160884e-09, 2.77333112031e-09, 5.40891731404e-09, 5.97396132562e-09, 4.94888308111e-09, 5.72824587763e-09, 3.3783751352e-09, 4.95232121978e-09, 4.34195479571e-09, 3.38851324777e-09, 4.26133794917e-09, 3.12756820442e-09, 2.64299826469e-09, 2.5187247843e-09, 2.09956585451e-09, 9.62336432764e-10, 1.92844318292e-09, 4.0637506693e-09, 3.06628988866e-09, 3.16643000708e-09, 1.79377679377e-09, 2.99398505987e-09, 2.91253443585e-09, 3.24482574143e-09, 2.84326007183e-09, 3.00374058959e-09, 2.71156563869e-09, 2.60823229681e-09, 2.34002572874e-09, 1.57171897719e-09, 1.84287207716e-09, 1.54841084399e-09, 9.92919524379e-10, 2.38723529833e-09, 2.450982306e-09, 1.27544774742e-09, 1.72595238102e-09, 4.29395373425e-11, 1.88742257934e-10, 1.05178044052e-09, 1.44634659804e-09, 9.54466727876e-10, 7.23665682933e-10, 8.82546036252e-10, 5.95730575981e-10, 9.13008724179e-10, 9.21607234972e-10, 8.64672777823e-10, 9.04585018002e-10, 7.65494889698e-10, 6.39556671511e-11, 2.50921760583e-13, 1.41401200102e-13, 1.29157562466e-13, 1.32563719116e-13, 1.33106755327e-13, 1.50106733683e-13, 1.49954579461e-13, 1.41481810534e-13, 1.50391214781e-13, 1.48302065615e-13, 1.37981030139e-13, 1.24449075719e-13],
        "stdev": [6.74663624523e-07, 3.4168667753e-06, 1.97900280909e-05, 7.97493412392e-05, 0.000149707353557, 0.000318332575262, 0.00028784252936, 0.000392595946323, 0.000562836648896, 0.000198586189072, 0.000284367706627, 0.000429674197221, 0.000635412696283, 0.000702983874362, 0.000537913409062, 0.000385392224416, 0.000474101718282, 0.000361334648915, 0.000205987569643, 0.000483586860355, 0.000584695953876, 0.000699903990608, 0.000502139155287, 0.000539786939044, 0.000479905167595, 0.000673130969517, 0.000358907680493, 0.000678863259964, 0.0012897514971, 0.00055440684082, 0.000496657448821, 0.000209796606214, 0.000134276095196, 0.000175857712748, 0.000202700583031, 0.000269886804745, 0.000304747169139, 0.00108167354483, 0.000605052686296, 0.000315989804221, 9.2663896794e-05, 7.10907770554e-05, 0.000100592871604, 0.000127642517327, 0.000268070027232, 0.000319172715535, 0.000198732144781, 0.000236651059822, 0.000104660408397, 0.00013889708498, 0.000444561301265, 0.000239218657953, 0.000208345154533, 0.000191645769519, 0.000117398369184, 0.000153231725562, 0.000123764184536, 5.29801945959e-05, 5.63927533221e-05, 9.30770402192e-05, 5.83732835366e-05, 4.64121767436e-05, 2.97657370538e-05, 3.21616789734e-05, 3.52462411684e-05, 1.70164748852e-05, 7.45413490222e-06, 1.16794590213e-05, 1.76205994649e-05, 1.24209191199e-05, 1.33492449095e-05, 3.44179716194e-05, 3.33065036102e-05, 1.46251168189e-05, 1.42714625326e-05, 8.33895410324e-06, 7.10908670953e-06, 6.90301885697e-06, 5.45249804418e-06, 4.70889335702e-06, 4.96015900353e-06, 5.02740022057e-06, 3.80583855986e-06, 3.47418676938e-06, 2.76041760117e-06, 3.07509662889e-06, 3.00875444736e-06, 2.40476083491e-06, 2.63959213953e-06, 2.03249283004e-06, 1.49175627939e-06, 1.82448275154e-06, 2.06968024941e-06, 1.56475141466e-06, 1.32961656618e-06, 7.34030152216e-07, 4.88685486744e-07, 3.14719954986e-07, 1.79211284035e-07, 1.12034229005e-07, 1.06850400527e-07, 2.66574744501e-08, 4.23578416786e-09, 3.76389142076e-09, 3.28959193219e-09, 3.07719560944e-09, 3.31824545619e-09, 3.02857028345e-09, 2.79114931168e-09, 2.88034085472e-09, 2.35178876373e-09, 2.20885043589e-09, 1.86217419262e-09, 1.57204838036e-09, 9.77332104135e-10, 3.93462845638e-10, 2.13759371315e-10, 2.71168972693e-11, 2.67244160829e-11, 2.61460315204e-11, 2.54894005208e-11, 2.49143587705e-11, 2.44522787435e-11, 2.39648162426e-11, 2.36412452115e-11, 2.33239504099e-11, 2.30700025056e-11, 2.30517896438e-11]
    },
    "mfcc": {
        "mean": [-687.84185791, 116.877845764, -43.53332901, 17.7059745789, -10.6241388321, -4.0266623497, -13.038775444, -1.9744143486, -4.78117465973, -1.92122340202, -13.3436527252, -0.732319653034, -5.21211576462],
        "cov": [[4831.17333984, -500.137634277, -1032.1706543, 225.616500854, -716.764221191, -143.621078491, -310.108459473, 76.4713363647, -65.7358627319, 165.394638062, -185.630767822, 69.83152771, -133.653610229], [-500.137634277, 736.985473633, -14.496887207, -97.1781387329, 39.4004211426, 17.3833236694, 154.380783081, -75.7217483521, 23.3517723083, -28.0711975098, 78.8275985718, -7.30206251144, -32.3862533569], [-1032.1706543, -14.496887207, 625.400024414, -5.62265825272, 195.258102417, 85.2987594604, 42.2714271545, 36.4898986816, -36.6253471375, -42.7798271179, 40.4806442261, -10.2504673004, 40.4238739014], [225.616500854, -97.1781387329, -5.62265825272, 278.922271729, 64.8700637817, -30.1878032684, -94.1997756958, 9.62289428711, 1.1384665966, -60.3510665894, -40.526889801, 19.5789699554, 41.2827758789], [-716.764221191, 39.4004211426, 195.258102417, 64.8700637817, 301.351715088, 38.4838066101, -26.3072071075, -4.02984046936, 31.0742073059, -46.1202964783, -6.64161109924, -16.0316333771, 53.4804458618], [-143.621078491, 17.3833236694, 85.2987594604, -30.1878032684, 38.4838066101, 159.94569397, 93.2937316895, 20.4671535492, 3.60251665115, 14.0191783905, 28.1781082153, -19.3012561798, -3.43531394005], [-310.108459473, 154.380783081, 42.2714271545, -94.1997756958, -26.3072071075, 93.2937316895, 243.265136719, 31.6861190796, -6.3050494194, 20.7336101532, 56.611240387, -3.51787638664, -32.5115127563], [76.4713363647, -75.7217483521, 36.4898986816, 9.62289428711, -4.02984046936, 20.4671535492, 31.6861190796, 103.199295044, 21.6398353577, -3.55231261253, -10.5017623901, -11.5052776337, 8.39978981018], [-65.7358627319, 23.3517723083, -36.6253471375, 1.1384665966, 31.0742073059, 3.60251665115, -6.3050494194, 21.6398353577, 105.968406677, 40.665397644, -0.368426412344, -13.7287960052, 6.73667669296], [165.394638062, -28.0711975098, -42.7798271179, -60.3510665894, -46.1202964783, 14.0191783905, 20.7336101532, -3.55231261253, 40.665397644, 129.976913452, 48.1326828003, -2.41227984428, -35.3679695129], [-185.630767822, 78.8275985718, 40.4806442261, -40.526889801, -6.64161109924, 28.1781082153, 56.611240387, -10.5017623901, -0.368426412344, 48.1326828003, 115.09727478, 29.2769355774, -30.5134429932], [69.83152771, -7.30206251144, -10.2504673004, 19.5789699554, -16.0316333771, -19.3012561798, -3.51787638664, -11.5052776337, -13.7287960052, -2.41227984428, 29.2769355774, 100.106681824, 23.7536067963], [-133.653610229, -32.3862533569, 40.4238739014, 41.2827758789, 53.4804458618, -3.43531394005, -32.5115127563, 8.39978981018, 6.73667669296, -35.3679695129, -30.5134429932, 23.7536067963, 125.512893677]],
        "icov": [[0.000966202176642, -0.000360553123755, 0.00104842160363, -0.000971048313659, 0.00148469605483, -0.00121374498121, 0.00165799329989, -0.0019128882559, 0.00177907932084, -0.00213026301935, 0.00186914310325, -0.0010989382863, 0.000775818771217], [-0.000360553123755, 0.00250192242675, -0.000216278785956, 0.000808150856756, -0.000794470775872, 0.0012347450247, -0.00242912396789, 0.00308542954735, -0.00242860778235, 0.00296840560623, -0.00240346812643, 0.00112964818254, -0.000229190554819], [0.00104842160363, -0.000216278785956, 0.00365222524852, -0.000623428844847, -9.68238528003e-05, -0.00186485436279, 0.0018472551601, -0.00320529541932, 0.00344301084988, -0.00193793186918, 0.000705652055331, -0.000797048327513, 0.000364128558431], [-0.000971048313659, 0.000808150856756, -0.000623428844847, 0.00596813810989, -0.00245046196505, 0.00108526227996, -0.000238517153775, 0.00122145412024, -0.00223358627409, 0.00427640043199, -0.00199919426814, 3.10721407004e-05, -0.000824388233013], [0.00148469605483, -0.000794470775872, -9.68238528003e-05, -0.00245046196505, 0.00801008660346, -0.00298697501421, 0.00319693773054, -0.00133346300572, -0.000218721907004, -0.00145314307883, 0.00238379719667, -0.000709025363903, -4.83352559968e-05], [-0.00121374498121, 0.0012347450247, -0.00186485436279, 0.00108526227996, -0.00298697501421, 0.0110331829637, -0.00605460535735, 0.00264426367357, -0.00237661623396, 0.00219727028161, -0.00368528650142, 0.00348399206996, -0.0017093361821], [0.00165799329989, -0.00242912396789, 0.0018472551601, -0.000238517153775, 0.00319693773054, -0.00605460535735, 0.0111692715436, -0.00712678208947, 0.00465885363519, -0.00403452897444, 0.00208581495099, -0.0027476225514, 0.00210459134541], [-0.0019128882559, 0.00308542954735, -0.00320529541932, 0.00122145412024, -0.00133346300572, 0.00264426367357, -0.00712678208947, 0.0183446407318, -0.00901037547737, 0.00717480946332, -0.00371775147505, 0.00367831345648, -0.0021379890386], [0.00177907932084, -0.00242860778235, 0.00344301084988, -0.00223358627409, -0.000218721907004, -0.00237661623396, 0.00465885363519, -0.00901037547737, 0.0187372155488, -0.0112593322992, 0.00506034027785, -0.00117692118511, 6.04292699791e-06], [-0.00213026301935, 0.00296840560623, -0.00193793186918, 0.00427640043199, -0.00145314307883, 0.00219727028161, -0.00403452897444, 0.00717480946332, -0.0112593322992, 0.0199535265565, -0.010610383004, 0.00362127646804, -0.000168658050825], [0.00186914310325, -0.00240346812643, 0.000705652055331, -0.00199919426814, 0.00238379719667, -0.00368528650142, 0.00208581495099, -0.00371775147505, 0.00506034027785, -0.010610383004, 0.0198048744351, -0.00813591014594, 0.00456602219492], [-0.0010989382863, 0.00112964818254, -0.000797048327513, 3.10721407004e-05, -0.000709025363903, 0.00348399206996, -0.0027476225514, 0.00367831345648, -0.00117692118511, 0.00362127646804, -0.00813591014594, 0.015114216134, -0.00494737876579], [0.000775818771217, -0.000229190554819, 0.000364128558431, -0.000824388233013, -4.83352559968e-05, -0.0017093361821, 0.00210459134541, -0.0021379890386, 6.04292699791e-06, -0.000168658050825, 0.00456602219492, -0.00494737876579, 0.0115487277508]]
    },
    "spectral_contrast_coeffs": {
        "max": [-0.43082678318, -0.462619870901, -0.418594807386, -0.498999476433, -0.597282409668, -0.555696487427],
        "mean": [-0.68674570322, -0.748710036278, -0.745143473148, -0.743906676769, -0.774690032005, -0.745222270489],
        "min": [-0.859862685204, -0.92161488533, -0.917599141598, -0.907698273659, -0.898068666458, -0.942275822163],
        "stdev": [0.0773137137294, 0.0852102562785, 0.0862898603082, 0.0753463208675, 0.0527400299907, 0.0553146116436]
    },
    "spectral_contrast_valleys": {
        "max": [-6.11155796051, -5.21472167969, -5.66396903992, -5.85729265213, -5.88810634613, -9.10089206696],
        "mean": [-7.92458152771, -7.1672296524, -7.65213394165, -7.77364110947, -7.76662015915, -11.0934066772],
        "min": [-9.94693279266, -9.44223117828, -10.1552438736, -10.154873848, -10.1742010117, -11.9513540268],
        "stdev": [0.602546811104, 0.724697232246, 0.740631222725, 0.707429528236, 0.820866703987, 0.49284645915]
    }
},
"rhythm": {
    "beats_count": 60,
    "beats_loudness": {
        "max": 0.0575232841074,
        "mean": 0.0211610365659,
        "min": 0.00152064440772,
        "stdev": 0.0126896072179
    },
    "bpm": 112.165962219,
    "bpm_histogram_first_peak_bpm": 112,
    "bpm_histogram_first_peak_weight": 0.509090900421,
    "bpm_histogram_second_peak_bpm": 117,
    "bpm_histogram_second_peak_spread": 0,
    "bpm_histogram_second_peak_weight": 0.0508474558592,
    "danceability": 1.15796124935,
    "onset_rate": 3.32226538658,
    "beats_loudness_band_ratio": {
        "max": [0.749290704727, 0.69654995203, 0.813008487225, 0.76075553894, 0.730076313019, 0.194838389754],
        "mean": [0.0957648381591, 0.166030094028, 0.22109028697, 0.236068338156, 0.261268675327, 0.0610202550888],
        "min": [0.00272226240486, 0.0100284107029, 0.0190536621958, 0.0241912212223, 0.0152093693614, 0.0065330741927],
        "stdev": [0.159528195858, 0.150565594435, 0.153924763203, 0.182298526168, 0.168533101678, 0.0427278839052]
    },
    "beats_position": [0.580498874187, 1.14938771725, 1.69505667686, 2.22911548615, 2.76317453384, 3.29723358154, 3.83129239082, 4.3653512001, 4.8994102478, 5.4334692955, 5.97913837433, 6.52480697632, 7.07047605515, 7.6277551651, 8.18503379822, 8.74231243134, 9.29959201813, 9.84526062012, 10.3909292221, 10.9365987778, 11.4706573486, 12.0047159195, 12.5503854752, 13.0960540771, 13.6301136017, 14.1641721725, 14.6982307434, 15.2322902679, 15.7663488388, 16.3004074097, 16.8344669342, 17.3569164276, 17.8793640137, 18.4134235382, 18.9474830627, 19.4815406799, 20.0156002045, 20.5380496979, 21.0721092224, 21.5945568085, 22.128616333, 22.6394557953, 23.1502952576, 23.6727428436, 24.195192337, 24.7176418304, 25.2400894165, 25.774148941, 26.3082084656, 26.8190479279, 27.3414955139, 27.8639450073, 28.3980045319, 28.9552822113, 29.4777317047, 30.0001811981, 30.5342407227, 31.0566883087, 31.5791378021, 32.1131973267],
