{
"metadata": {
    "version": {
        "essentia": "2.1-beta5",
        "essentia_git_sha": "Undefined",
        "extractor": "music 2.0"
    },
    "audio_properties": {
        "analysis": {
            "equal_loudness": 0,
            "length": 48.7502937317,
            "sample_rate": 44100,
            "start_time": 45.2440834045,
            "downmix": "mix"
        },
        "bit_rate": 192000,
        "length": 183.785934448,
        "lossless": 0,
        "number_channels": 2,
        "replay_gain": -4.13267326355,
        "sample_rate": 44100,
        "codec": "mp3",
        "md5_encoded": "d794f0f187410ac9029f23fa302e6d02"
    },
    "tags": {
        "file_name": "Sweden_Vita Vidder_Family Four.mp3",
        "encoding": ["Lavf58.29.100"]
    }
},
"lowlevel": {
    "average_loudness": 0.584244072437,
    "barkbands_crest": {
        "max": 22.7216377258,
        "mean": 8.99117279053,
        "min": 3.02000546455,
        "stdev": 3.46374988556
    },
    "barkbands_flatness_db": {
        "max": 0.277539998293,
        "mean": 0.159778207541,
        "min": 0.0802434012294,
        "stdev": 0.029138058424
    },
    "barkbands_kurtosis": {
        "max": 39.3848342896,
        "mean": 2.63150000572,
        "min": -1.87961387634,
        "stdev": 3.93089389801
    },
    "barkbands_skewness": {
        "max": 5.67710542679,
        "mean": 1.1445223093,
        "min": -1.38309824467,
        "stdev": 0.945836305618
    },
    "barkbands_spread": {
        "max": 75.1424484253,
        "mean": 13.6562604904,
        "min": 1.83269286156,
        "stdev": 7.95776319504
    },
    "dissonance": {
        "max": 0.499999970198,
        "mean": 0.45851662755,
        "min": 0.326224327087,
        "stdev": 0.0269480738789
    },
    "dynamic_complexity": 3.70839810371,
    "erbbands_crest": {
        "max": 28.1801376343,
        "mean": 10.2215299606,
        "min": 3.15661096573,
        "stdev": 4.3815112114
    },
    "erbbands_flatness_db": {
        "max": 0.325903266668,
        "mean": 0.210199013352,
        "min": 0.111024074256,
        "stdev": 0.035507529974
    },
    "erbbands_kurtosis": {
        "max": 21.5042896271,
        "mean": 0.779222607613,
        "min": -1.77224469185,
        "stdev": 2.12259054184
    },
    "erbbands_skewness": {
        "max": 4.21063613892,
        "mean": 0.450233876705,
        "min": -2.77339696884,
        "stdev": 0.705973505974
    },
    "erbbands_spread": {
        "max": 112.849563599,
        "mean": 25.0201091766,
        "min": 3.4674577713,
        "stdev": 13.0988340378
    },
    "hfc": {
        "max": 132.682418823,
        "mean": 16.0322189331,
        "min": 0.231710493565,
        "stdev": 19.0556125641
    },
    "loudness_ebu128": {
        "integrated": -21.2158336639,
        "loudness_range": 9.81730651855,
        "momentary": {
            "max": -14.5874700546,
            "mean": -22.8512001038,
            "min": -32.7562332153,
            "stdev": 3.79683065414
        },
        "short_term": {
            "max": -16.4983253479,
            "mean": -22.6262149811,
            "min": -27.9346408844,
            "stdev": 3.24781274796
        }
    },
    "melbands_crest": {
        "max": 30.7621574402,
        "mean": 11.2949609756,
        "min": 3.53315877914,
        "stdev": 3.93363428116
    },
    "melbands_flatness_db": {
        "max": 0.331131249666,
        "mean": 0.209074094892,
        "min": 0.0649441257119,
        "stdev": 0.043077096343
    },
    "melbands_kurtosis": {
        "max": 78.8380432129,
        "mean": 5.48317241669,
        "min": -1.70470631123,
        "stdev": 6.71666574478
    },
    "melbands_skewness": {
        "max": 6.38868427277,
        "mean": 1.58290553093,
        "min": -1.19452524185,
        "stdev": 1.13291811943
    },
    "melbands_spread": {
        "max": 158.979949951,
        "mean": 19.4469051361,
        "min": 2.38963246346,
        "stdev": 13.1249370575
    },
    "pitch_salience": {
        "max": 0.858704924583,
        "mean": 0.602661788464,
        "min": 0.257757246494,
        "stdev": 0.0869858562946
    },
    "silence_rate_20dB": {
        "max": 1,
        "mean": 1,
        "min": 1,
        "stdev": 0
    },
    "silence_rate_30dB": {
        "max": 1,
        "mean": 1,
        "min": 1,
        "stdev": 0
    },
    "silence_rate_60dB": {
        "max": 1,
        "mean": 0.0709186121821,
        "min": 0,
        "stdev": 0.256692022085
    },
    "spectral_centroid": {
        "max": 4288.1015625,
        "mean": 1071.29467773,
        "min": 334.382354736,
        "stdev": 481.699310303
    },
    "spectral_complexity": {
        "max": 53,
        "mean": 17.1699199677,
        "min": 0,
        "stdev": 8.76119232178
    },
    "spectral_decrease": {
        "max": -6.54332490968e-11,
        "mean": -4.25350732414e-09,
        "min": -1.97748715181e-08,
        "stdev": 3.52383500157e-09
    },
    "spectral_energy": {
        "max": 0.0828438773751,
        "mean": 0.0175079014152,
        "min": 0.000267978553893,
        "stdev": 0.0148781640455
    },
    "spectral_energyband_high": {
        "max": 0.0066821272485,
        "mean": 0.000196661872906,
        "min": 1.31341391807e-06,
        "stdev": 0.000507849268615
    },
    "spectral_energyband_low": {
        "max": 0.0123190805316,
        "mean": 0.00111543992534,
        "min": 1.28640085677e-05,
        "stdev": 0.00122515275143
    },
    "spectral_energyband_middle_high": {
        "max": 0.0650188550353,
        "mean": 0.00715589988977,
        "min": 3.03826873278e-05,
        "stdev": 0.0106089618057
    },
    "spectral_energyband_middle_low": {
        "max": 0.0527685768902,
        "mean": 0.0097495932132,
        "min": 0.000103527316242,
        "stdev": 0.00748417759314
    },
    "spectral_entropy": {
        "max": 8.24275588989,
        "mean": 7.29729652405,
        "min": 6.32998895645,
        "stdev": 0.28163009882
    },
    "spectral_flux": {
        "max": 0.206611156464,
        "mean": 0.0606812871993,
        "min": 0.00941269285977,
        "stdev": 0.0311229359359
    },
    "spectral_kurtosis": {
        "max": 23.7953987122,
        "mean": 7.32003116608,
        "min": -0.897875547409,
        "stdev": 3.54813718796
    },
    "spectral_rms": {
        "max": 0.0089901778847,
        "mean": 0.00378733384423,
        "min": 0.000511314487085,
        "stdev": 0.00165437650867
    },
    "spectral_rolloff": {
        "max": 7385.88867188,
        "mean": 1261.5090332,
        "min": 215.33203125,
        "stdev": 819.293029785
    },
    "spectral_skewness": {
        "max": 3.68399953842,
        "mean": 1.84424364567,
        "min": -0.332778245211,
        "stdev": 0.542472064495
    },
    "spectral_spread": {
        "max": 9149394,
        "mean": 3044640.25,
        "min": 1916909.375,
        "stdev": 671838.8125
    },
    "spectral_strongpeak": {
        "max": 11.7518110275,
        "mean": 1.4142087698,
        "min": 0,
        "stdev": 1.68021965027
    },
    "zerocrossingrate": {
        "max": 0.2216796875,
        "mean": 0.0478587672114,
        "min": 0.01171875,
        "stdev": 0.0208982992917
    },
    "barkbands": {
        "max": [3.61458914995e-05, 0.00130803626962, 0.00910122692585, 0.0129338940606, 0.0243063624948, 0.0293305683881, 0.028856921941, 0.0294955559075, 0.0248641371727, 0.0233624652028, 0.0254303570837, 0.0413045845926, 0.0259809754789, 0.0383856259286, 0.012858257629, 0.0102066574618, 0.0169596057385, 0.00576603831723, 0.00560112902895, 0.00365207204595, 0.00304260570556, 0.00447989022359, 0.0017648844514, 0.000469380349386, 2.07261091418e-05, 3.11910162054e-06, 9.59589328886e-07],
        "mean": [9.95378059088e-07, 9.62374906521e-05, 0.000573045632336, 0.000895293662325, 0.0017265958013, 0.00184774619993, 0.00155258597806, 0.00233291694894, 0.000927035696805, 0.00104787817691, 0.000936991651542, 0.00162290409207, 0.000639467383735, 0.00120929582044, 0.000582182081416, 0.000351222377503, 0.000438176241005, 0.000256784987869, 0.000199078305741, 0.000127447099658, 6.15257522441e-05, 4.34608991782e-05, 2.91822234431e-05, 7.54056827645e-06, 1.28611873151e-06, 1.01645332506e-06, 1.25589929567e-08],
        "min": [1.9678292329e-09, 6.73723093314e-07, 1.4536310573e-06, 2.68751296062e-06, 1.06460975076e-05, 6.79272375237e-07, 5.95208257437e-06, 5.46437604498e-06, 2.25062831305e-06, 3.11818189402e-06, 4.32497301972e-07, 5.85568272982e-07, 9.80723143584e-07, 1.26439454107e-06, 8.74005195328e-07, 9.079794836e-07, 1.12879672542e-06, 5.05649609295e-07, 8.81223854776e-07, 9.29048269427e-07, 4.06548025467e-07, 1.70866357507e-07, 2.4574032409e-07, 3.40284138645e-08, 4.06299243139e-08, 2.6377554363e-08, 5.70201767747e-11],
        "stdev": [1.38960490403e-06, 0.000140597650898, 0.000833369093016, 0.00108911201824, 0.00193463312462, 0.00280806957744, 0.00231966166757, 0.00381912058219, 0.00179293355905, 0.00188313098624, 0.00203780410811, 0.00435558101162, 0.00156003795564, 0.00306036043912, 0.00131098856218, 0.000799163652118, 0.00125677324831, 0.000569293391891, 0.000414261739934, 0.000290897616651, 0.000177820998942, 0.000175649838638, 0.000114239992399, 2.788774691e-05, 8.33068554584e-07, 1.55999515528e-07, 2.17746531916e-08]
    },
    "erbbands": {
        "max": [0.00913698226213, 0.398607224226, 6.56941318512, 23.5885486603, 75.5768127441, 63.4046630859, 207.207885742, 271.840087891, 414.77255249, 577.80291748, 822.715393066, 746.855529785, 480.067260742, 869.208068848, 1392.21972656, 2131.02319336, 1342.7677002, 2139.7578125, 766.100891113, 872.335876465, 518.830810547, 1192.79858398, 414.88861084, 347.095428467, 173.170822144, 241.099029541, 162.34727478, 76.0351104736, 174.072250366, 78.1662445068, 45.4507026672, 24.0300369263, 2.69087290764, 0.380491495132, 0.0242879278958, 0.0165327079594, 0.00500942254439, 0.000687170657329, 0.00014311898849, 0.00010704145825],
        "mean": [0.000961244571954, 0.0355825722218, 0.475402116776, 2.13652729988, 5.03184318542, 4.79714345932, 10.393579483, 14.3966913223, 19.3389053345, 34.3154830933, 51.5112571716, 23.9802818298, 31.5125427246, 33.9994659424, 42.7367782593, 72.3418502808, 35.5109863281, 67.2649383545, 32.8960952759, 26.0287265778, 21.3154144287, 22.5647678375, 14.4388227463, 12.6017894745, 8.8758764267, 6.21591472626, 3.23944330215, 1.91199827194, 1.65563869476, 1.11352300644, 0.78716558218, 0.295896649361, 0.0712715536356, 0.0174437612295, 0.00851366575807, 0.00501612946391, 0.00188280607108, 0.000161642456078, 1.31784645419e-05, 2.12039085454e-05],
        "min": [2.65852522716e-05, 0.000369042390957, 0.0040572383441, 0.0108422478661, 0.0422199964523, 0.0231226198375, 0.0047000804916, 0.00757486838847, 0.0525348559022, 0.174503773451, 0.0859793275595, 0.0752423554659, 0.0887422561646, 0.0475974865258, 0.0531855523586, 0.061143796891, 0.0418783463538, 0.0593551211059, 0.0498263016343, 0.0475237220526, 0.0531577579677, 0.0571070611477, 0.0334262140095, 0.0403669066727, 0.0619415268302, 0.0484167560935, 0.0249045286328, 0.00934720039368, 0.0080181080848, 0.00476149981841, 0.00702993618324, 0.00125474785455, 0.000428986677434, 0.000475276174257, 0.000267047027592, 0.00013677876268, 4.40626936324e-05, 6.09918379268e-06, 1.0034244724e-06, 4.05553635119e-07],
        "stdev": [0.000955255469307, 0.0457599572837, 0.644898355007, 2.33227443695, 6.66075086594, 5.08064031601, 15.7552633286, 24.0365352631, 33.8854484558, 54.7036018372, 92.4495773315, 46.1716918945, 51.5087394714, 63.5713577271, 104.159065247, 196.598419189, 74.9719390869, 172.093887329, 69.5930862427, 59.2129592896, 44.859046936, 67.4492950439, 35.2134284973, 27.0126228333, 17.1696815491, 14.5033884048, 8.17944908142, 5.61797428131, 6.6118016243, 4.48624563217, 3.03113508224, 1.28760719299, 0.207524836063, 0.0225266236812, 0.00176146999002, 0.000925326428842, 0.000323869171552, 3.20060862578e-05, 9.64391438174e-06, 1.84855362022e-05]
    },
    "gfcc": {
        "mean": [-45.3161888123, 119.815666199, -148.793884277, 10.0849428177, -64.4676437378, -6.95273208618, -44.2535133362, -4.50937652588, -27.2849178314, -5.03530263901, -20.2675189972, -6.91866111755, -21.8994007111],
        "cov": [[2178.2097168, -3.27861189842, -1124.41674805, -8.97350120544, -59.9344139099, 14.7589426041, 332.939453125, -204.85357666, 107.969535828, -202.351119995, 102.780632019, -96.6832885742, 67.7682571411], [-3.27861189842, 285.074188232, 109.285224915, -179.318878174, 77.0140533447, -15.680973053, 20.7331733704, 20.4322052002, -40.4499320984, 13.1310625076, -0.875627338886, 3.44616031647, -14.0031709671], [-1124.41674805, 109.285224915, 817.763061523, 99.6530838013, 16.0528354645, -17.8134746552, -205.676971436, 81.5688781738, -45.7325897217, 94.7088165283, -53.3518676758, 59.4190979004, -39.4799003601], [-8.97350120544, -179.318878174, 99.6530838013, 391.719238281, 27.4195098877, -52.4677848816, -124.406471252, -32.2104911804, 58.8153343201, -21.1551055908, -25.9103755951, 6.51688528061, 31.38322258], [-59.9344139099, 77.0140533447, 16.0528354645, 27.4195098877, 181.766052246, -22.5978927612, -66.1936798096, 14.0733833313, -12.8106946945, 16.5360774994, -17.9821777344, -2.77765130997, 8.60080337524], [14.7589426041, -15.680973053, -17.8134746552, -52.4677848816, -22.5978927612, 184.713088989, 135.563461304, -14.096373558, -42.7398872375, -6.59963274002, 17.2070960999, -18.9024219513, -39.1993942261], [332.939453125, 20.7331733704, -205.676971436, -124.406471252, -66.1936798096, 135.563461304, 260.335357666, 11.6912851334, -42.1385269165, -36.1085205078, 33.2428665161, -33.8415756226, -37.9885063171], [-204.85357666, 20.4322052002, 81.5688781738, -32.2104911804, 14.0733833313, -14.096373558, 11.6912851334, 101.401443481, 13.968419075, 18.146478653, -17.5644130707, -2.41193199158, -18.2583026886], [107.969535828, -40.4499320984, -45.7325897217, 58.8153343201, -12.8106946945, -42.7398872375, -42.1385269165, 13.968419075, 102.711860657, 18.5568084717, -10.5816555023, -11.2363986969, 6.9390463829], [-202.351119995, 13.1310625076, 94.7088165283, -21.1551055908, 16.5360774994, -6.59963274002, -36.1085205078, 18.146478653, 18.5568084717, 76.3018798828, 7.4686460495, 3.57373547554, -14.0987081528], [102.780632019, -0.875627338886, -53.3518676758, -25.9103755951, -17.9821777344, 17.2070960999, 33.2428665161, -17.5644130707, -10.5816555023, 7.4686460495, 63.2244110107, 15.9674072266, -6.08879518509], [-96.6832885742, 3.44616031647, 59.4190979004, 6.51688528061, -2.77765130997, -18.9024219513, -33.8415756226, -2.41193199158, -11.2363986969, 3.57373547554, 15.9674072266, 57.5120582581, 29.9960460663], [67.7682571411, -14.0031709671, -39.4799003601, 31.38322258, 8.60080337524, -39.1993942261, -37.9885063171, -18.2583026886, 6.9390463829, -14.0987081528, -6.08879518509, 29.9960460663, 67.6651153564]],
        "icov": [[0.0158790592104, -0.0200041234493, 0.0177342928946, -0.0125053105876, 0.00641456246376, 0.00135755666997, -0.00880406796932, 0.0146090369672, -0.0164006184787, 0.0149731803685, -0.0136453574523, 0.00980034004897, -0.0056961774826], [-0.0200041234493, 0.0428174883127, -0.0328769348562, 0.0277346931398, -0.0230086985976, 0.00949418824166, -0.00274312798865, -0.00605889083818, 0.00973875168711, -0.00838288851082, 0.0125451944768, -0.00850751716644, 0.00425450922921], [0.0177342928946, -0.0328769348562, 0.0302490834147, -0.022476516664, 0.0182375181466, -0.00725965201855, 0.00259086536244, 0.005416511558, -0.00724609242752, 0.00656371004879, -0.00880712270737, 0.00430551031604, -0.000689443142619], [-0.0125053105876, 0.0277346931398, -0.022476516664, 0.022048458457, -0.0162267964333, 0.00635331636295, -0.00183923286386, -0.00121575826779, 0.00186004571151, -0.00114830210805, 0.00657839654014, -0.0037775519304, 0.00114277994726], [0.00641456246376, -0.0230086985976, 0.0182375181466, -0.0162267964333, 0.0233394950628, -0.0108161726967, 0.0128716258332, -0.00844676140696, 0.00777868740261, -0.00608749035746, -4.79430418636e-05, 0.00199795747176, -0.000260615430307], [0.00135755666997, 0.00949418824166, -0.00725965201855, 0.00635331636295, -0.0108161726967, 0.019322944805, -0.0182405412197, 0.0145149808377, -0.00868088845164, 0.00707553839311, -0.00321653601713, 0.00266146869399, 0.000562915927731], [-0.00880406796932, -0.00274312798865, 0.00259086536244, -0.00183923286386, 0.0128716258332, -0.0182405412197, 0.031291924417, -0.0258222762495, 0.023271035403, -0.0150089422241, 0.00840373523533, -0.00548992771655, 0.00668777804822], [0.0146090369672, -0.00605889083818, 0.005416511558, -0.00121575826779, -0.00844676140696, 0.0145149808377, -0.0258222762495, 0.0398420095444, -0.0295429956168, 0.0213571749628, -0.0113682597876, 0.00825143791735, -0.00362624879926], [-0.0164006184787, 0.00973875168711, -0.00724609242752, 0.00186004571151, 0.00777868740261, -0.00868088845164, 0.023271035403, -0.0295429956168, 0.0433727353811, -0.030615016818, 0.0197625756264, -0.0101121719927, 0.00786020513624], [0.0149731803685, -0.00838288851082, 0.00656371004879, -0.00114830210805, -0.00608749035746, 0.00707553839311, -0.0150089422241, 0.0213571749628, -0.030615016818, 0.0434345565736, -0.0237433444709, 0.0144187109545, -0.00649804947898], [-0.0136453574523, 0.0125451944768, -0.00880712270737, 0.00657839654014, -4.79430418636e-05, -0.00321653601713, 0.00840373523533, -0.0113682597876, 0.0197625756264, -0.0237433444709, 0.0411110259593, -0.0265358258039, 0.0163547769189], [0.00980034004897, -0.00850751716644, 0.00430551031604, -0.0037775519304, 0.00199795747176, 0.00266146869399, -0.00548992771655, 0.00825143791735, -0.0101121719927, 0.0144187109545, -0.0265358258039, 0.0463854968548, -0.0257888119668], [-0.0056961774826, 0.00425450922921, -0.000689443142619, 0.00114277994726, -0.000260615430307, 0.000562915927731, 0.00668777804822, -0.00362624879926, 0.00786020513624, -0.00649804947898, 0.0163547769189, -0.0257888119668, 0.0343109928071]]
    },
    "melbands": {
        "max": [0.000199159912881, 0.00244339718483, 0.00555715570226, 0.00481094140559, 0.00587889598683, 0.00646234443411, 0.00622159428895, 0.00650198571384, 0.0068225376308, 0.00411562435329, 0.00239331834018, 0.00385636021383, 0.00358721171506, 0.0044730915688, 0.0032627589535, 0.00228909705766, 0.00370654789731, 0.00115241855383, 0.000762883981224, 0.00101805629674, 0.000714333145879, 0.00130471982993, 0.000428371917224, 0.000328783615259, 0.000341751088854, 0.000225402938668, 0.000163208795129, 0.000177724214154, 0.000118746327644, 5.06588403368e-05, 5.49531068827e-05, 0.000107033636596, 7.87954777479e-05, 5.00426722283e-05, 2.86998965748e-05, 3.60746162187e-05, 9.85671613307e-06, 2.23261326937e-06, 7.56970393923e-07, 1.46528961409e-07],
        "mean": [1.63095355674e-05, 0.000197495377506, 0.000453044456663, 0.000353278534021, 0.000325130531564, 0.000342369807186, 0.000301662890706, 0.000377366697649, 0.000398933741963, 0.000135016918648, 0.000153842018335, 0.000129965817905, 0.00013985017722, 0.00018005228776, 0.000117410010716, 9.34160489123e-05, 0.000120887001685, 5.00475798617e-05, 3.93152367906e-05, 2.74062840617e-05, 2.61533259618e-05, 2.67622326646e-05, 1.2696423255e-05, 1.34786841954e-05, 1.00202341855e-05, 6.2948829509e-06, 5.71982354813e-06, 3.69729286831e-06, 2.11208589462e-06, 1.44703142269e-06, 1.01590012491e-06, 9.91313640952e-07, 7.47673311707e-07, 5.70462987071e-07, 4.88165369461e-07, 3.02142382225e-07, 1.34310155886e-07, 5.45739240465e-08, 2.15871942544e-08, 1.11956701687e-08],
        "min": [2.05162038469e-07, 2.02408705263e-06, 2.08854385164e-06, 3.070336561e-06, 2.13854264075e-07, 1.73065330955e-07, 9.13082942589e-07, 1.91464005184e-06, 4.49961021332e-07, 3.20525117559e-07, 2.88253858116e-07, 1.64698036542e-07, 7.61297513918e-08, 6.86045780185e-08, 1.00353801713e-07, 6.42613784407e-08, 1.06277141754e-07, 8.69560992101e-08, 6.44053130827e-08, 5.53300765205e-08, 5.56706147847e-08, 5.19673015731e-08, 4.06259985652e-08, 2.92030719606e-08, 2.48329481423e-08, 2.45273117372e-08, 3.0987841626e-08, 2.25517684527e-08, 1.22578311945e-08, 7.98929189472e-09, 4.78677675275e-09, 5.27941868e-09, 1.69887259815e-09, 3.73661412922e-09, 5.74194958247e-09, 9.43015554533e-10, 6.62217392033e-10, 3.05146768964e-10, 1.4033929574e-10, 5.23841692246e-10],
        "stdev": [2.19646626647e-05, 0.000242203532252, 0.00047442826326, 0.000397972617066, 0.000451406813227, 0.000564997200854, 0.00048708030954, 0.000598600541707, 0.000742829986848, 0.000279541971395, 0.000256533938227, 0.000264871719992, 0.000308200455038, 0.000491090875585, 0.000293807621347, 0.000213700666791, 0.000304840912577, 0.000110481865704, 8.30441276776e-05, 6.60801888444e-05, 6.01436040597e-05, 8.47041010275e-05, 3.14201097353e-05, 3.19277241942e-05, 2.32555594266e-05, 1.27633165903e-05, 1.25400183606e-05, 9.27000837692e-06, 5.43521173313e-06, 4.06036269851e-06, 3.53408108822e-06, 4.0010822886e-06, 3.25039150084e-06, 2.33693867813e-06, 1.76183368694e-06, 1.52552820509e-06, 5.30975000856e-07, 1.6061105157e-07, 4.44738610383e-08, 7.34849781026e-09]
    },
    "melbands128": {
        "max": [1.65084493347e-05, 2.51335695793e-05, 0.000207292614505, 0.000878641207237, 0.00220717652701, 0.00568866077811, 0.00492399651557, 0.00730613339692, 0.0105213876814, 0.00598265463486, 0.00317935505882, 0.0049544563517, 0.0104985684156, 0.00693041738123, 0.0071641295217, 0.0147116165608, 0.0139042334631, 0.0112752560526, 0.00490017421544, 0.00960367359221, 0.00887321960181, 0.00679473718628, 0.0133393649012, 0.005520013161, 0.00960734300315, 0.00723650073633, 0.00487007759511, 0.00466199312359, 0.00153708958533, 0.00782862398773, 0.00356668187305, 0.00531240087003, 0.00592756550759, 0.0106884278357, 0.0074180746451, 0.00849273335189, 0.012538054958, 0.00240090861917, 0.00621909601614, 0.00384937273338, 0.0031553087756, 0.00978402700275, 0.00519848242402, 0.00434504309669, 0.0026083511766, 0.00129020144232, 0.00335063808598, 0.00111743796151, 0.00122905347962, 0.00305315316655, 0.00187646225095, 0.00102668895852, 0.00143123185262, 0.00054437079234, 0.00339588802308, 0.00193089665845, 0.00222402671352, 0.000806488620583, 0.000426456535934, 0.000812827260233, 0.000659177836496, 0.000498530920595, 0.000427340361057, 0.000577525526751, 0.000156643101946, 0.000497152737807, 0.000205624484806, 0.000223621915211, 0.000303138396703, 0.000257941050222, 0.000360041798558, 9.88613173831e-05, 5.78780854994e-05, 0.000257655134192, 9.36837022891e-05, 9.89959880826e-05, 5.81415770284e-05, 3.89780725527e-05, 0.000110243752715, 9.45570645854e-05, 0.000147371800267, 8.97606150829e-05, 0.00011527974857, 8.16864776425e-05, 4.87377183163e-05, 5.92062715441e-05, 6.44793617539e-05, 2.95012250717e-05, 3.43224710377e-05, 3.44196450897e-05, 5.53027493879e-05, 3.81442951038e-05, 1.51491167344e-05, 1.4030136299e-05, 5.37772257303e-06, 4.48671107733e-06, 1.98990619538e-06, 1.16682065254e-06, 1.02860462903e-06, 7.9225094396e-07, 2.5800613912e-07, 5.39258344645e-08, 3.3201416727e-08, 2.95688575846e-08, 2.80386327489e-08, 3.00671523235e-08, 3.34425109827e-08, 4.09231617482e-08, 2.67932520615e-08, 2.51639065141e-08, 2.02267820271e-08, 2.33943922012e-08, 1.38324063315e-08, 1.26449881677e-08, 9.62719148845e-09, 5.36419975106e-09, 4.87893947465e-09, 4.4575978464e-09, 4.31566693493e-09, 4.21219414903e-09, 4.11056033656e-09, 4.00338784345e-09, 3.94278476534e-09, 3.88237175741e-09, 3.79306319687e-09, 3.7411300724e-09, 3.70675623529e-09, 3.70314090503e-09],
        "mean": [6.95782546245e-07, 2.92275717584e-06, 1.23683330457e-05, 6.03832013439e-05, 0.000160553259775, 0.000323770276736, 0.000427431426942, 0.000448910665, 0.000587659946177, 0.00033311379957, 0.000221884285565, 0.000265267473878, 0.000394733418943, 0.000354176794644, 0.000263984693447, 0.000410416396335, 0.000369307439541, 0.000219929832383, 0.000274884019746, 0.000473363383207, 0.000332101306412, 0.000372760812752, 0.000601601670496, 0.000143829674926, 0.000116000432172, 0.000127152627101, 0.000156502472237, 0.000208343568374, 7.66541197663e-05, 0.000141097698361, 0.000135225229315, 0.000131075823447, 0.000176820452907, 0.000105350365629, 0.000119342526887, 0.000209814461414, 0.000291907374049, 6.77469361108e-05, 6.43333987682e-05, 5.69043695577e-05, 5.18276065122e-05, 0.000226686504902, 0.000141603100928, 7.21208343748e-05, 4.27206286986e-05, 4.18485105911e-05, 6.81794190314e-05, 2.76585997199e-05, 3.11737203447e-05, 4.84213815071e-05, 1.90177779587e-05, 1.79420330824e-05, 2.43767190113e-05, 2.4356697395e-05, 4.26799342677e-05, 2.48657070188e-05, 1.87925688806e-05, 1.30651123982e-05, 9.98359610094e-06, 1.22582268887e-05, 1.56229525601e-05, 1.28016972667e-05, 1.1157397239e-05, 1.04277269202e-05, 5.60654552828e-06, 5.31046907781e-06, 7.74929321778e-06, 6.2682661337e-06, 4.97986366099e-06, 5.19010200151e-06, 4.12489953305e-06, 2.84523571281e-06, 2.01974421543e-06, 2.38752886617e-06, 1.57539682277e-06, 1.69682209616e-06, 1.28123497234e-06, 8.16667807158e-07, 1.0522219327e-06, 1.10719747681e-06, 1.0863082025e-06, 8.6405947286e-07, 9.20453487652e-07, 7.54950178816e-07, 5.76419267873e-07, 6.3775127046e-07, 5.42387510905e-07, 4.98267297644e-07, 5.1406084367e-07, 4.74759900726e-07, 3.52422176775e-07, 2.66236014568e-07, 1.82558224537e-07, 1.38564729468e-07, 1.02688474612e-07, 6.77769875779e-08, 4.67050327302e-08, 2.86016774709e-08, 2.28237482247e-08, 1.7460580537e-08, 1.29710411301e-08, 9.74859748482e-09, 9.43619404836e-09, 9.60434398678e-09, 9.41680955435e-09, 9.27794552297e-09, 9.07399488881e-09, 9.12697561972e-09, 8.6401685806e-09, 8.65617266754e-09, 7.82151587941e-09, 7.14027859061e-09, 6.28103302702e-09, 5.09238029522e-09, 2.85364221142e-09, 1.11784181911e-09, 4.31831487235e-10, 5.37982072085e-12, 4.94571007412e-12, 4.84087683134e-12, 4.73503874998e-12, 4.63960510635e-12, 4.55355501569e-12, 4.4722207708e-12, 4.40509911534e-12, 4.36673397095e-12, 4.33516764153e-12, 4.30870443491e-12],
        "min": [3.48773038228e-10, 1.8499360932e-09, 4.21083790059e-08, 1.01905769156e-07, 9.43298701372e-08, 6.94978439242e-07, 2.43594718086e-06, 6.15760143319e-07, 2.41875272877e-06, 1.10222140393e-06, 8.16675424176e-07, 2.03104917773e-07, 1.14457563427e-07, 1.03018074071e-07, 1.03786987893e-07, 1.89449977483e-07, 5.10270240284e-07, 3.80919630061e-07, 2.90941557068e-07, 4.57140203025e-07, 4.26842973411e-07, 1.68215066765e-07, 6.47486899652e-08, 6.14155624135e-08, 6.98041731084e-08, 6.73861322298e-08, 7.25872553176e-08, 2.4025194989e-07, 9.06828461211e-08, 6.03151093514e-08, 8.55952890788e-08, 8.07429074712e-08, 5.65770399419e-08, 6.4506373576e-08, 1.91134770233e-08, 5.35337960628e-08, 4.91416614068e-08, 3.58556775382e-08, 8.31446982374e-08, 2.98249283048e-08, 3.31546736732e-08, 2.85790662247e-08, 6.71901005944e-08, 6.38198827119e-08, 4.22353423346e-08, 4.35053451042e-08, 4.69765062405e-08, 1.75455632245e-08, 3.22001270092e-08, 5.59572654879e-08, 3.33845591172e-08, 1.55995216744e-08, 2.56716727876e-08, 1.97674712155e-08, 2.63938488843e-08, 2.40810091867e-08, 2.67296957901e-08, 2.89497794626e-08, 8.55740101002e-09, 8.3136297846e-09, 1.51669414805e-08, 1.76433498922e-08, 2.22019451712e-08, 9.60401091987e-09, 4.93253482503e-09, 1.56679291763e-08, 2.01549923418e-08, 2.44145557105e-08, 1.87415256647e-08, 2.5216424504e-08, 6.69527278063e-09, 9.46466993668e-09, 1.10048601343e-08, 6.42171427145e-09, 7.10839920259e-09, 3.68802433037e-09, 3.96936883362e-09, 3.39867067822e-09, 4.29332169816e-09, 4.0127532408e-09, 3.59428464769e-09, 5.99154681424e-09, 3.26818749841e-09, 7.52423734429e-10, 9.25682974717e-10, 1.86354820464e-10, 3.20987525448e-09, 5.82080339484e-09, 3.45788198075e-09, 2.4163366863e-09, 1.24234711407e-09, 4.90868123926e-10, 3.92667343085e-10, 1.07225173185e-09, 4.98052765696e-10, 1.65411781494e-10, 4.51025689019e-10, 2.12368581054e-10, 4.41479526547e-11, 6.44354777868e-11, 4.49589476759e-10, 4.65496668989e-10, 4.52848765431e-11, 2.8394109286e-10, 2.0870712103e-10, 1.47766535119e-10, 3.7881400794e-10, 3.25150628644e-10, 2.08670192237e-10, 1.90699081526e-10, 1.60856064579e-10, 1.7255918916e-10, 1.15223448838e-10, 1.35491368125e-10, 1.25574398102e-10, 2.68080592447e-11, 5.0394649391e-13, 1.80915680115e-13, 1.4248414189e-13, 1.41782215851e-13, 1.47708925711e-13, 1.47158178113e-13, 1.24119396944e-13, 1.46810379608e-13, 1.48265961683e-13, 1.48467609734e-13, 1.18469050217e-13, 1.4312333328e-13],
        "stdev": [8.73067790508e-07, 3.13242480843e-06, 1.73902371898e-05, 9.38246448641e-05, 0.000247311050771, 0.000473895168398, 0.000522017944604, 0.000621036277153, 0.000885079673026, 0.000448935752502, 0.000279466301436, 0.000380052108085, 0.000708354695234, 0.000679844350088, 0.00050780113088, 0.00101311656181, 0.000902777304873, 0.00056424777722, 0.000474216940347, 0.000895777484402, 0.00078505591955, 0.000697346462402, 0.001361615723, 0.000362158549251, 0.000436269037891, 0.000398701900849, 0.000328507449012, 0.00045732955914, 0.000152861321112, 0.000442589982413, 0.000319948449032, 0.000302923173876, 0.000455088127637, 0.00060517527163, 0.00057080888655, 0.000682165962644, 0.000994783593342, 0.0001775604469, 0.000260663277004, 0.000183556374395, 0.00017767137615, 0.00073452363722, 0.000448525126558, 0.000235670580878, 0.00011345922394, 0.00011959468975, 0.000219170207856, 6.9845104008e-05, 8.44718233566e-05, 0.000164168362971, 5.98890837864e-05, 4.85809141537e-05, 8.23063019197e-05, 5.62051427551e-05, 0.000180541959708, 9.51840847847e-05, 9.28903609747e-05, 3.34877659043e-05, 2.71999670076e-05, 4.98571716889e-05, 4.37736343883e-05, 3.15680808853e-05, 3.17510603054e-05, 3.04626864818e-05, 1.07867754195e-05, 1.69314753293e-05, 1.76461871888e-05, 1.50947580551e-05, 1.46845459312e-05, 1.36665275932e-05, 1.46468892126e-05, 7.17329203326e-06, 4.68449707114e-06, 9.25319454836e-06, 4.72664123663e-06, 5.98404767516e-06, 3.75996228286e-06, 2.37903304878e-06, 5.23559674548e-06, 4.27995746577e-06, 4.93834977533e-06, 3.66805033991e-06, 4.2956244215e-06, 3.41023246619e-06, 2.62201251644e-06, 2.92698905469e-06, 2.32091565522e-06, 1.76583648681e-06, 1.92427091861e-06, 1.88083276953e-06, 2.0116435735e-06, 1.55062355134e-06, 8.61462694957e-07, 6.03155910994e-07, 3.29798211851e-07, 2.30978002946e-07, 1.48626199348e-07, 7.70421593188e-08, 5.17516873799e-08, 3.47324018435e-08, 1.42829019723e-08, 4.25175761265e-09, 3.69045927151e-09, 3.52267415238e-09, 3.24990101497e-09, 3.1799927136e-09, 3.05229197473e-09, 3.12732395535e-09, 2.75720890563e-09, 2.84753376434e-09, 2.44189957144e-09, 2.30674168655e-09, 1.85356441307e-09, 1.66391656009e-09, 9.23031318045e-10, 4.10671330275e-10, 2.53541743156e-10, 9.72954772305e-11, 9.42023750672e-11, 9.19430018231e-11, 8.97242974363e-11, 8.73851546679e-11, 8.60616786169e-11, 8.47430181583e-11, 8.27944865445e-11, 8.16609210808e-11, 8.0910743383e-11, 8.08311542699e-11]
    },
    "mfcc": {
        "mean": [-680.466247559, 153.373748779, -30.9169998169, 15.3421821594, -10.7921276093, -3.58534955978, -14.5970430374, -3.12648272514, -15.3300189972, -0.372295051813, -5.94707584381, -4.61938476562, -4.67905855179],
        "cov": [[3126.33251953, -359.688842773, -1073.7611084, -116.375762939, -470.799804688, 193.171630859, 21.6397399902, 159.817687988, -64.7717819214, 56.6871185303, -65.4540023804, 17.0230903625, -124.941650391], [-359.688842773, 565.124694824, 24.2648658752, -159.045501709, 21.1176757812, -75.1445236206, 89.5218048096, -24.9493312836, 11.6922893524, -34.7294006348, 57.0204582214, -25.6357307434, 31.0335121155], [-1073.7611084, 24.2648658752, 652.540161133, 112.316223145, 129.495285034, -18.4650840759, -38.6305084229, -34.2316360474, 10.0663976669, -35.1605834961, 12.7951660156, 17.3547267914, 39.8863105774], [-116.375762939, -159.045501709, 112.316223145, 310.962371826, 191.967208862, -43.3850135803, -133.590148926, -42.4010353088, 15.7066850662, -4.30210542679, -55.6044311523, -16.1007328033, 10.5921192169], [-470.799804688, 21.1176757812, 129.495285034, 191.967208862, 315.977142334, -37.7994651794, -119.514533997, -80.2362518311, 13.0803403854, -9.90920448303, -34.5400543213, -28.3685493469, 17.3777751923], [193.171630859, -75.1445236206, -18.4650840759, -43.3850135803, -37.7994651794, 143.576141357, 66.9490737915, 16.9840545654, -13.9616584778, -1.53742074966, 12.075214386, 9.18411636353, -21.4414291382], [21.6397399902, 89.5218048096, -38.6305084229, -133.590148926, -119.514533997, 66.9490737915, 218.028823853, 71.3988952637, -18.41147995, -1.14192080498, 33.7722206116, 17.0600814819, -2.77478551865], [159.817687988, -24.9493312836, -34.2316360474, -42.4010353088, -80.2362518311, 16.9840545654, 71.3988952637, 95.981010437, 9.63520240784, 13.1262931824, 5.42570447922, 6.17921304703, -5.17499876022], [-64.7717819214, 11.6922893524, 10.0663976669, 15.7066850662, 13.0803403854, -13.9616584778, -18.41147995, 9.63520240784, 78.2080078125, 22.5667572021, 2.06401443481, -2.0146484375, 0.27642467618], [56.6871185303, -34.7294006348, -35.1605834961, -4.30210542679, -9.90920448303, -1.53742074966, -1.14192080498, 13.1262931824, 22.5667572021, 78.1271514893, 27.7916889191, 2.89310956001, -10.3014211655], [-65.4540023804, 57.0204582214, 12.7951660156, -55.6044311523, -34.5400543213, 12.075214386, 33.7722206116, 5.42570447922, 2.06401443481, 27.7916889191, 88.6247024536, 34.5831489563, 0.514385461807], [17.0230903625, -25.6357307434, 17.3547267914, -16.1007328033, -28.3685493469, 9.18411636353, 17.0600814819, 6.17921304703, -2.0146484375, 2.89310956001, 34.5831489563, 75.2633056641, 19.3935317993], [-124.941650391, 31.0335121155, 39.8863105774, 10.5921192169, 17.3777751923, -21.4414291382, -2.77478551865, -5.17499876022, 0.27642467618, -10.3014211655, 0.514385461807, 19.3935317993, 61.0155601501]],
        "icov": [[0.00266077229753, -0.00163483002689, 0.00381906796247, -0.00304768141359, 0.00429596193135, -0.00481176190078, 0.00417718617246, -0.00344676221721, 0.00267167482525, -0.00150615593884, 0.00303787458688, -0.00291234557517, 0.00192936265375], [-0.00163483002689, 0.00536871561781, -0.0022837438155, 0.00456023635343, -0.00460327230394, 0.00632268050686, -0.00523862103, 0.00389253813773, -0.00347374682315, 0.0040345210582, -0.00549131724983, 0.00500707002357, -0.00260047987103], [0.00381906796247, -0.0022837438155, 0.00733909895644, -0.00489370943978, 0.00562938861549, -0.00689997151494, 0.00580731080845, -0.00490468135104, 0.00342599791475, -0.000991218956187, 0.00323951523751, -0.00419922126457, 0.0019783906173], [-0.00304768141359, 0.00456023635343, -0.00489370943978, 0.0117649668828, -0.00928810611367, 0.00766683649272, -0.00402841717005, 0.00338882626966, -0.0039599891752, 0.00261028925888, -0.00261653121561, 0.00377229461446, -0.00267801457085], [0.00429596193135, -0.00460327230394, 0.00562938861549, -0.00928810611367, 0.0143527742475, -0.00951798539609, 0.00820655189455, -0.00273498590104, 0.00441447086632, -0.00392144359648, 0.0061097308062, -0.0040266555734, 0.00232557719573], [-0.00481176190078, 0.00632268050686, -0.00689997151494, 0.00766683649272, -0.00951798539609, 0.0201583635062, -0.0123954070732, 0.00810579769313, -0.00547609990463, 0.00533438660204, -0.00797174591571, 0.00611908454448, -0.000923113198951], [0.00417718617246, -0.00523862103, 0.00580731080845, -0.00402841717005, 0.00820655189455, -0.0123954070732, 0.0173299256712, -0.0118869077414, 0.00689446786419, -0.00324394530617, 0.0053038536571, -0.0060504116118, 0.00250735064037], [-0.00344676221721, 0.00389253813773, -0.00490468135104, 0.00338882626966, -0.00273498590104, 0.00810579769313, -0.0118869077414, 0.0223805699497, -0.00713063078001, 0.000717445451301, -0.00311096804217, 0.00471926108003, -0.00275513250381], [0.00267167482525, -0.00347374682315, 0.00342599791475, -0.0039599891752, 0.00441447086632, -0.00547609990463, 0.00689446786419, -0.00713063078001, 0.0184428226203, -0.00702386675403, 0.00487018981948, -0.00411330768839, 0.00220949202776], [-0.00150615593884, 0.0040345210582, -0.000991218956187, 0.00261028925888, -0.00392144359648, 0.00533438660204, -0.00324394530617, 0.000717445451301, -0.00702386675403, 0.0206938125193, -0.0113951498643, 0.00532985758036, -0.000109005624836], [0.00303787458688, -0.00549131724983, 0.00323951523751, -0.00261653121561, 0.0061097308062, -0.00797174591571, 0.0053038536571, -0.00311096804217, 0.00487018981948, -0.0113951498643, 0.0254723187536, -0.0139773376286, 0.00506801437587], [-0.00291234557517, 0.00500707002357, -0.00419922126457, 0.00377229461446, -0.0040266555734, 0.00611908454448, -0.0060504116118, 0.00471926108003, -0.00411330768839, 0.00532985758036, -0.0139773376286, 0.0247889440507, -0.00984058622271], [0.00192936265375, -0.00260047987103, 0.0019783906173, -0.00267801457085, 0.00232557719573, -0.000923113198951, 0.00250735064037, -0.00275513250381, 0.00220949202776, -0.000109005624836, 0.00506801437587, -0.00984058622271, 0.0227845385671]]
    },
    "spectral_contrast_coeffs": {
        "max": [-0.434940576553, -0.484092801809, -0.532875657082, -0.579992353916, -0.591712832451, -0.572347521782],
        "mean": [-0.667848825455, -0.726942718029, -0.747778177261, -0.774131417274, -0.78957003355, -0.759378015995],
        "min": [-0.85045003891, -0.890175938606, -0.901773393154, -0.901694118977, -0.879712820053, -0.876362144947],
        "stdev": [0.0594408139586, 0.0652394071221, 0.0686479061842, 0.0480891466141, 0.0400589555502, 0.0523083917797]
    },
    "spectral_contrast_valleys": {
        "max": [-5.8019528389, -5.10054206848, -5.5186662674, -5.65109729767, -5.78808832169, -9.62813854218],
        "mean": [-7.24410152435, -6.62033748627, -7.38933467865, -7.6640958786, -7.88824510574, -11.2788610458],
        "min": [-8.95810031891, -8.95686626434, -9.56169986725, -9.71342563629, -9.63131141663, -11.8193416595],
        "stdev": [0.491036713123, 0.594783425331, 0.742928445339, 0.692773342133, 0.675804197788, 0.318387120962]
    }
},
"rhythm": {
    "beats_count": 95,
    "beats_loudness": {
        "max": 0.0632170811296,
        "mean": 0.020256171003,
        "min": 0.00214343797415,
        "stdev": 0.0154337063432
    },
    "bpm": 118.065673828,
    "bpm_histogram_first_peak_bpm": 117,
    "bpm_histogram_first_peak_weight": 0.471264362335,
    "bpm_histogram_second_peak_bpm": 123,
    "bpm_histogram_second_peak_spread": 0,
    "bpm_histogram_second_peak_weight": 0.0638297870755,
    "danceability": 0.896399497986,
    "onset_rate": 2.1123046875,
    "beats_loudness_band_ratio": {
        "max": [0.812031626701, 0.763429880142, 0.762608706951, 0.730883896351, 0.465625286102, 0.218036398292],
        "mean": [0.236314818263, 0.26285097003, 0.291973352432, 0.183491483331, 0.0953603312373, 0.0252885967493],
        "min": [0.0064456993714, 0.0214256998152, 0.0538528896868, 0.0107078719884, 0.00524900108576, 0.00160152267199],
        "stdev": [0.190724626184, 0.178681150079, 0.157398983836, 0.170716643333, 0.0910907611251, 0.0315690934658]
    },
