{
"metadata": {
    "version": {
        "essentia": "2.1-beta5",
        "essentia_git_sha": "Undefined",
        "extractor": "music 2.0"
    },
    "audio_properties": {
        "analysis": {
            "equal_loudness": 0,
            "length": 29.0017242432,
            "sample_rate": 44100,
            "start_time": 64.9926528931,
            "downmix": "mix"
        },
        "bit_rate": 192000,
        "length": 178.143493652,
        "lossless": 0,
        "number_channels": 2,
        "replay_gain": -5.78763961792,
        "sample_rate": 44100,
        "codec": "mp3",
        "md5_encoded": "883a5f624a59f8692f63d15f1b0a677d"
    },
    "tags": {
        "file_name": "France_Un Jardin Sur La Terre_Serge Lama.mp3",
        "encoding": ["Lavf58.29.100"]
    }
},
"lowlevel": {
    "average_loudness": 0.964067101479,
    "barkbands_crest": {
        "max": 23.6591835022,
        "mean": 9.52102565765,
        "min": 3.55004477501,
        "stdev": 3.49214863777
    },
    "barkbands_flatness_db": {
        "max": 0.325664818287,
        "mean": 0.181804791093,
        "min": 0.093060426414,
        "stdev": 0.0315206870437
    },
    "barkbands_kurtosis": {
        "max": 26.3790893555,
        "mean": 2.24726986885,
        "min": -1.75666344166,
        "stdev": 3.24998927116
    },
    "barkbands_skewness": {
        "max": 3.88527727127,
        "mean": 1.29963707924,
        "min": -0.24169960618,
        "stdev": 0.654317975044
    },
    "barkbands_spread": {
        "max": 55.9754371643,
        "mean": 15.2666425705,
        "min": 2.10620474815,
        "stdev": 7.00950145721
    },
    "dissonance": {
        "max": 0.498680144548,
        "mean": 0.44676861167,
        "min": 0.241563767195,
        "stdev": 0.0366998128593
    },
    "dynamic_complexity": 2.72318744659,
    "erbbands_crest": {
        "max": 28.1092815399,
        "mean": 10.2192687988,
        "min": 3.50978946686,
        "stdev": 4.41130876541
    },
    "erbbands_flatness_db": {
        "max": 0.335553914309,
        "mean": 0.232020109892,
        "min": 0.140786856413,
        "stdev": 0.029092380777
    },
    "erbbands_kurtosis": {
        "max": 8.81861495972,
        "mean": -0.130301445723,
        "min": -1.70527350903,
        "stdev": 1.50246965885
    },
    "erbbands_skewness": {
        "max": 2.69080376625,
        "mean": 0.538527727127,
        "min": -2.05631542206,
        "stdev": 0.650402009487
    },
    "erbbands_spread": {
        "max": 97.7747497559,
        "mean": 30.5048599243,
        "min": 6.13814401627,
        "stdev": 11.2025976181
    },
    "hfc": {
        "max": 51.337638855,
        "mean": 20.0148258209,
        "min": 0.305077016354,
        "stdev": 12.516699791
    },
    "loudness_ebu128": {
        "integrated": -17.9048671722,
        "loudness_range": 6.58651351929,
        "momentary": {
            "max": -15.7963323593,
            "mean": -19.1488132477,
            "min": -29.9711551666,
            "stdev": 3.72316408157
        },
        "short_term": {
            "max": -16.7072563171,
            "mean": -18.7956047058,
            "min": -28.1908817291,
            "stdev": 2.92057085037
        }
    },
    "melbands_crest": {
        "max": 29.7344837189,
        "mean": 12.1732206345,
        "min": 4.70995283127,
        "stdev": 4.14787912369
    },
    "melbands_flatness_db": {
        "max": 0.402352273464,
        "mean": 0.234985396266,
        "min": 0.0963770151138,
        "stdev": 0.0442937128246
    },
    "melbands_kurtosis": {
        "max": 39.9824562073,
        "mean": 6.13516616821,
        "min": -0.758294820786,
        "stdev": 5.33300018311
    },
    "melbands_skewness": {
        "max": 6.02782821655,
        "mean": 1.88202595711,
        "min": -0.182948380709,
        "stdev": 0.795294702053
    },
    "melbands_spread": {
        "max": 84.2024917603,
        "mean": 18.8895359039,
        "min": 2.90906691551,
        "stdev": 9.22946357727
    },
    "pitch_salience": {
        "max": 0.81263500452,
        "mean": 0.591649711132,
        "min": 0.210691407323,
        "stdev": 0.0891078934073
    },
    "silence_rate_20dB": {
        "max": 1,
        "mean": 1,
        "min": 1,
        "stdev": 0
    },
    "silence_rate_30dB": {
        "max": 1,
        "mean": 1,
        "min": 1,
        "stdev": 0
    },
    "silence_rate_60dB": {
        "max": 1,
        "mean": 0.0768000036478,
        "min": 0,
        "stdev": 0.266273617744
    },
    "spectral_centroid": {
        "max": 3322.27392578,
        "mean": 1195.50415039,
        "min": 388.911071777,
        "stdev": 466.819671631
    },
    "spectral_complexity": {
        "max": 39,
        "mean": 20.0111999512,
        "min": 2,
        "stdev": 8.13938236237
    },
    "spectral_decrease": {
        "max": -8.1650443351e-11,
        "mean": -6.40439701272e-09,
        "min": -2.25205294413e-08,
        "stdev": 3.75221187454e-09
    },
    "spectral_energy": {
        "max": 0.0887103825808,
        "mean": 0.0259870234877,
        "min": 0.000336128869094,
        "stdev": 0.0151124596596
    },
    "spectral_energyband_high": {
        "max": 0.00153234694153,
        "mean": 0.000145896556205,
        "min": 9.27602400225e-07,
        "stdev": 0.000187080382602
    },
    "spectral_energyband_low": {
        "max": 0.0221192464232,
        "mean": 0.00186964205932,
        "min": 1.75269508418e-06,
        "stdev": 0.00207544793375
    },
    "spectral_energyband_middle_high": {
        "max": 0.0376616641879,
        "mean": 0.00545775797218,
        "min": 6.57632917864e-05,
        "stdev": 0.00416746782139
    },
    "spectral_energyband_middle_low": {
        "max": 0.0824730992317,
        "mean": 0.0194734409451,
        "min": 0.000155066241859,
        "stdev": 0.0128227043897
    },
    "spectral_entropy": {
        "max": 8.00034809113,
        "mean": 7.10888147354,
        "min": 5.37223815918,
        "stdev": 0.359853625298
    },
    "spectral_flux": {
        "max": 0.226832285523,
        "mean": 0.0834827423096,
        "min": 0.0068274596706,
        "stdev": 0.0401303321123
    },
    "spectral_kurtosis": {
        "max": 42.2564163208,
        "mean": 7.1796040535,
        "min": -0.207612037659,
        "stdev": 5.46756362915
    },
    "spectral_rms": {
        "max": 0.00930304918438,
        "mean": 0.00475237518549,
        "min": 0.000572652264964,
        "stdev": 0.00166376924608
    },
    "spectral_rolloff": {
        "max": 4801.90429688,
        "mean": 1288.96069336,
        "min": 258.3984375,
        "stdev": 755.336242676
    },
    "spectral_skewness": {
        "max": 5.17544841766,
        "mean": 1.54353892803,
        "min": 0.0743231475353,
        "stdev": 0.763477921486
    },
    "spectral_spread": {
        "max": 7357234.5,
        "mean": 2614758.5,
        "min": 1745680,
        "stdev": 472926.0625
    },
    "spectral_strongpeak": {
        "max": 6.03775548935,
        "mean": 1.3670181036,
        "min": 0.0314762592316,
        "stdev": 0.973200857639
    },
    "zerocrossingrate": {
        "max": 0.1181640625,
        "mean": 0.0456312485039,
        "min": 0.01171875,
        "stdev": 0.0141665292904
    },
    "barkbands": {
        "max": [0.000269302225206, 0.00299006444402, 0.0133073143661, 0.0188977178186, 0.0356130972505, 0.0511048920453, 0.0542391017079, 0.0399119779468, 0.0352717339993, 0.0328825302422, 0.00559557182714, 0.00628485018387, 0.00718129100278, 0.00646651582792, 0.00840939581394, 0.00393530447036, 0.00580965355039, 0.00514424871653, 0.00584715371951, 0.00113404088188, 0.000581289234105, 0.000441397220129, 0.000492832448799, 4.79059417557e-05, 3.08375892928e-05, 6.50978654448e-06, 6.91811010256e-06],
        "mean": [3.36701418746e-06, 0.000343115592841, 0.000936408061534, 0.00135523849167, 0.00379898841493, 0.00352282379754, 0.00296273478307, 0.00461611058563, 0.00251679564826, 0.00110199861228, 0.000391854788177, 0.000286272610538, 0.000534600229003, 0.000607442634646, 0.000373990886146, 0.000237035637838, 0.000677966279909, 0.000642222235911, 0.00088201102335, 8.0174926552e-05, 4.804184573e-05, 5.00617279613e-05, 1.53073542606e-05, 1.70711689407e-06, 5.16331283507e-07, 2.79690937077e-07, 1.49967807062e-08],
        "min": [4.32004254591e-09, 4.41908923676e-07, 1.60475806865e-07, 3.47201222439e-07, 1.51166341311e-05, 9.28229110286e-06, 6.9123080948e-07, 1.66416648426e-05, 1.32983614094e-05, 3.71018188616e-07, 6.20206094482e-07, 2.03314857572e-06, 2.96364964925e-06, 2.57036003859e-06, 5.96003746978e-06, 6.88217994593e-07, 2.04759953704e-06, 2.54653684806e-07, 1.95318534679e-07, 1.33566629756e-07, 1.10621968474e-07, 7.83269911153e-08, 6.43720952098e-08, 8.22426926561e-08, 1.27148297224e-07, 1.28178868408e-07, 4.66643279573e-10],
        "stdev": [8.99723727343e-06, 0.00032612241921, 0.0012846540194, 0.00189186283387, 0.00424907449633, 0.00443496741354, 0.00470113893971, 0.00573629466817, 0.00429229578003, 0.00233974121511, 0.000498812063597, 0.000485939526698, 0.00076602603076, 0.000759927497711, 0.000735034351237, 0.000410421314882, 0.000772885803599, 0.000802241789643, 0.000986133469269, 0.000103527236206, 6.39383797534e-05, 6.92765024723e-05, 3.15363286063e-05, 3.33145817422e-06, 1.45592139233e-06, 2.73415224683e-07, 1.95394477487e-07]
    },
    "erbbands": {
        "max": [0.0324113592505, 0.833974063396, 8.44860458374, 38.3732719421, 125.881729126, 160.439544678, 340.12588501, 536.667236328, 842.724365234, 982.832763672, 887.996643066, 990.802734375, 1279.22631836, 570.488952637, 193.976913452, 324.793151855, 392.944915771, 367.248046875, 531.188964844, 294.998779297, 152.307266235, 274.900360107, 328.748657227, 301.433197021, 259.124237061, 43.7552185059, 31.4444198608, 17.7528209686, 16.4811248779, 14.2906656265, 20.8188037872, 1.95207381248, 0.346598625183, 0.624081909657, 0.0468763820827, 0.0259909648448, 0.0119043607265, 0.00434323819354, 0.000988506712019, 0.000111795365228],
        "mean": [0.00562624633312, 0.101357541978, 0.785792946815, 3.25020289421, 11.59004879, 10.2014455795, 13.7048816681, 30.8371620178, 46.3378601074, 67.0317611694, 96.9280014038, 59.3124008179, 45.6050720215, 17.8219280243, 15.7695980072, 13.8988485336, 25.3157310486, 32.9504356384, 21.6985721588, 16.0914020538, 16.9599266052, 37.3484764099, 35.3643836975, 49.3919143677, 26.8197441101, 4.30801486969, 2.22309184074, 1.84890210629, 1.8078148365, 1.14367163181, 0.392884254456, 0.0831690132618, 0.0149893658236, 0.00636430596933, 0.00356201361865, 0.00170360179618, 0.000448983046226, 5.20170688105e-05, 1.59431347129e-05, 3.08186572511e-05],
        "min": [1.62636715686e-05, 0.000122191471746, 0.000285490677925, 0.00239329924807, 0.00567035749555, 0.0671515613794, 0.203383460641, 0.0882616639137, 0.0364074707031, 0.187610521913, 0.718511343002, 0.403657138348, 0.0508916974068, 0.0415353924036, 0.0532083101571, 0.128091409802, 0.186217471957, 0.237610951066, 0.205303803086, 0.27846133709, 0.076826132834, 0.0804910585284, 0.02590331994, 0.0109559362754, 0.0106269549578, 0.00719773489982, 0.00455748848617, 0.00419313274324, 0.00280211144127, 0.00253747170791, 0.00187898275908, 0.0016988220159, 0.00145873450674, 0.00117109611165, 0.000949490058701, 0.000479073642055, 0.000222338159801, 2.37838121393e-05, 1.01167790945e-06, 4.40337970531e-07],
        "stdev": [0.00433074170724, 0.0967396944761, 0.91121172905, 3.96084499359, 14.7320261002, 12.4609708786, 22.5788459778, 42.0234451294, 74.7219314575, 98.1525115967, 129.604187012, 102.43119812, 92.9438323975, 31.479467392, 17.6494197845, 22.1892662048, 35.8025856018, 39.0370063782, 38.7072753906, 24.7542819977, 22.6026973724, 41.0179328918, 42.6067276001, 50.5612106323, 34.9059524536, 4.71735048294, 3.12665200233, 2.40242099762, 2.50277161598, 1.71351921558, 1.07864558697, 0.170989021659, 0.0278715845197, 0.0288476292044, 0.00430385954678, 0.00187704607379, 0.000388331071008, 0.000122021345305, 2.87010134343e-05, 1.78161262738e-05]
    },
    "gfcc": {
        "mean": [-38.4233360291, 146.996368408, -158.982925415, 21.0248832703, -58.2432136536, -24.5107460022, -31.8347091675, -2.75188851357, -14.7957143784, -5.8387670517, -13.7289323807, -5.75692415237, -21.9585475922],
        "cov": [[3214.97607422, -47.3741416931, -910.493164062, 774.562683105, -380.927246094, -498.118682861, 245.641708374, -244.614944458, 98.2622528076, -514.275268555, 37.8151054382, -49.1489334106, -370.980743408], [-47.3741416931, 256.145172119, 95.6731796265, -68.9842071533, 123.590759277, -42.8213348389, 28.0810108185, 13.2787046432, -16.010137558, -14.540553093, 2.00497078896, -2.81394696236, -5.53038311005], [-910.493164062, 95.6731796265, 484.467437744, -126.535140991, 99.6559524536, 207.686431885, -60.0283355713, 45.5532341003, -44.0694580078, 155.143478394, -13.2403688431, -2.39687395096, 111.364082336], [774.562683105, -68.9842071533, -126.535140991, 419.68182373, -67.9067153931, -81.3447189331, 54.739654541, -103.749176025, 16.6607704163, -105.081512451, -7.45047903061, -20.1416378021, -88.8672485352], [-380.927246094, 123.590759277, 99.6559524536, -67.9067153931, 229.92829895, 27.4268417358, -46.7192955017, 54.1233596802, -6.7960600853, 54.4667739868, -12.4173355103, -2.6170399189, 36.6324920654], [-498.118682861, -42.8213348389, 207.686431885, -81.3447189331, 27.4268417358, 228.236541748, 4.95396232605, 60.1256866455, -5.6691403389, 108.15196228, -7.93679141998, -18.7407493591, 56.0680847168], [245.641708374, 28.0810108185, -60.0283355713, 54.739654541, -46.7192955017, 4.95396232605, 138.028747559, 28.2821216583, 3.23131895065, -29.3506584167, 1.43954753876, -16.2214126587, -45.5211372375], [-244.614944458, 13.2787046432, 45.5532341003, -103.749176025, 54.1233596802, 60.1256866455, 28.2821216583, 120.991004944, 23.1638526917, 44.8303375244, 7.22127771378, -8.01011943817, 18.0965976715], [98.2622528076, -16.010137558, -44.0694580078, 16.6607704163, -6.7960600853, -5.6691403389, 3.23131895065, 23.1638526917, 73.2437667847, 6.16290473938, 7.29016494751, 3.85145807266, -20.0301113129], [-514.275268555, -14.540553093, 155.143478394, -105.081512451, 54.4667739868, 108.15196228, -29.3506584167, 44.8303375244, 6.16290473938, 151.964508057, 20.0483760834, -1.2172062397, 60.3041191101], [37.8151054382, 2.00497078896, -13.2403688431, -7.45047903061, -12.4173355103, -7.93679141998, 1.43954753876, 7.22127771378, 7.29016494751, 20.0483760834, 78.7091674805, 27.0952892303, -15.5973262787], [-49.1489334106, -2.81394696236, -2.39687395096, -20.1416378021, -2.6170399189, -18.7407493591, -16.2214126587, -8.01011943817, 3.85145807266, -1.2172062397, 27.0952892303, 67.8475341797, 21.3621864319], [-370.980743408, -5.53038311005, 111.364082336, -88.8672485352, 36.6324920654, 56.0680847168, -45.5211372375, 18.0965976715, -20.0301113129, 60.3041191101, -15.5973262787, 21.3621864319, 107.140602112]],
        "icov": [[0.00463184574619, -0.00716291647404, 0.0070485137403, -0.00659143645316, 0.00665136799216, -0.00210212543607, 0.00262001948431, -0.00145712716039, -0.00151442922652, 0.0037461949978, -0.00231014820747, 0.00261624995619, -0.000189723592484], [-0.00716291647404, 0.0325078815222, -0.0226173847914, 0.0189268775284, -0.0257468577474, 0.0141945388168, -0.0220213737339, 0.0159338694066, -0.00712873926386, 0.00683322455734, -0.00573456380516, 0.00376655464061, -0.00135356583633], [0.0070485137403, -0.0226173847914, 0.0218955539167, -0.0151294646785, 0.0178178213537, -0.0122293336317, 0.0149697232991, -0.00980232283473, 0.00541398860514, -0.00347286998294, 0.00234487908892, -0.00105335563421, -0.000227490294492], [-0.00659143645316, 0.0189268775284, -0.0151294646785, 0.0172790363431, -0.0165419261903, 0.00711617572233, -0.0132532669231, 0.0123460013419, -0.00438971817493, 0.00187449762598, -0.00139983091503, 0.0010179427918, 0.000144742472912], [0.00665136799216, -0.0257468577474, 0.0178178213537, -0.0165419261903, 0.0271312780678, -0.0093248328194, 0.019553694874, -0.0166588630527, 0.00679460959509, -0.00586869567633, 0.0056435582228, -0.0027680748608, 0.00213283160701], [-0.00210212543607, 0.0141945388168, -0.0122293336317, 0.00711617572233, -0.0093248328194, 0.0164265073836, -0.0117441751063, 0.00483665987849, -0.00414319243282, 0.000751090294216, -0.0024099953007, 0.00439293496311, -0.00157087307889], [0.00262001948431, -0.0220213737339, 0.0149697232991, -0.0132532669231, 0.019553694874, -0.0117441751063, 0.0289021711797, -0.0196610670537, 0.0114981364459, -0.00904616434127, 0.00843183230609, -0.00645601423457, 0.00619941251352], [-0.00145712716039, 0.0159338694066, -0.00980232283473, 0.0123460013419, -0.0166588630527, 0.00483665987849, -0.0196610670537, 0.0286478772759, -0.0142095349729, 0.00920302327722, -0.00951342470944, 0.00856573414057, -0.00475057307631], [-0.00151442922652, -0.00712873926386, 0.00541398860514, -0.00438971817493, 0.00679460959509, -0.00414319243282, 0.0114981364459, -0.0142095349729, 0.0253940597177, -0.0126487668604, 0.008873000741, -0.00984865613282, 0.0073723453097], [0.0037461949978, 0.00683322455734, -0.00347286998294, 0.00187449762598, -0.00586869567633, 0.000751090294216, -0.00904616434127, 0.00920302327722, -0.0126487668604, 0.0276927128434, -0.0156019702554, 0.0122904255986, -0.00796907581389], [-0.00231014820747, -0.00573456380516, 0.00234487908892, -0.00139983091503, 0.0056435582228, -0.0024099953007, 0.00843183230609, -0.00951342470944, 0.008873000741, -0.0156019702554, 0.0263697355986, -0.0163124352694, 0.0101591842249], [0.00261624995619, 0.00376655464061, -0.00105335563421, 0.0010179427918, -0.0027680748608, 0.00439293496311, -0.00645601423457, 0.00856573414057, -0.00984865613282, 0.0122904255986, -0.0163124352694, 0.0284352861345, -0.0111528616399], [-0.000189723592484, -0.00135356583633, -0.000227490294492, 0.000144742472912, 0.00213283160701, -0.00157087307889, 0.00619941251352, -0.00475057307631, 0.0073723453097, -0.00796907581389, 0.0101591842249, -0.0111528616399, 0.0220587588847]]
    },
    "melbands": {
        "max": [0.000530747056473, 0.00359477894381, 0.0063968366012, 0.0089275483042, 0.00972374062985, 0.0116043826565, 0.0107953744009, 0.00929653830826, 0.00722409365699, 0.00640663737431, 0.00633630901575, 0.00232095387764, 0.000511972873937, 0.000669350614771, 0.000500094902236, 0.0006200071075, 0.000818000058644, 0.000799631874543, 0.000466862635221, 0.000371818954591, 0.000253884878475, 0.000372404902009, 0.000317500147503, 0.000200944283279, 0.000306180416374, 0.00035908978316, 0.000109681510366, 3.24087341141e-05, 2.58421932813e-05, 1.53915789269e-05, 1.03442071122e-05, 1.05046656245e-05, 9.95434129436e-06, 7.53106860429e-06, 1.54020890477e-05, 4.98202189192e-06, 1.10158873667e-06, 3.00777998063e-07, 3.67663915313e-07, 5.2392579164e-07],
        "mean": [7.19315285096e-05, 0.000342462444678, 0.00080438965233, 0.000843526446261, 0.000450886058388, 0.000741995696444, 0.000671748421155, 0.000791834376287, 0.000777374720201, 0.000334032869432, 0.000216887710849, 6.81845776853e-05, 5.58646315767e-05, 3.17671401717e-05, 4.57305104646e-05, 5.58327628823e-05, 6.32298542769e-05, 3.51628586941e-05, 2.62743360508e-05, 1.88547182915e-05, 2.0164414309e-05, 3.8991416659e-05, 3.89039596485e-05, 2.74822359643e-05, 4.27288432547e-05, 2.98502272926e-05, 5.97002508584e-06, 1.94431027012e-06, 1.3673139847e-06, 1.32098659833e-06, 9.71308395492e-07, 1.07077903522e-06, 8.93512549283e-07, 4.93862501116e-07, 2.30168780035e-07, 1.03953908592e-07, 3.14251096256e-08, 1.02595549833e-08, 5.42223554945e-09, 4.81471040814e-09],
        "min": [1.39949875688e-07, 1.565189649e-07, 5.18313584053e-07, 9.2611492164e-07, 6.93262427376e-06, 1.11622307486e-06, 1.15207214435e-07, 6.13985207565e-07, 6.82534346197e-06, 1.38044208597e-06, 3.59908725045e-08, 1.67732508771e-07, 1.09290567707e-07, 2.20996270173e-07, 2.13376395664e-07, 1.70424499402e-07, 3.17670412642e-07, 1.48988590354e-07, 4.80320295537e-07, 8.93612011055e-08, 4.89766271983e-08, 6.17695832261e-08, 1.12850910838e-08, 1.1562696578e-08, 5.07623010293e-09, 8.21860357547e-09, 4.77432005042e-09, 2.82312617728e-09, 2.62539034956e-09, 2.12875117533e-09, 1.92670390753e-09, 1.60605917454e-09, 1.36785194282e-09, 1.0626468594e-09, 9.88940040969e-10, 9.10769570872e-10, 9.74174851898e-10, 9.22189213881e-10, 9.15321096695e-10, 8.92447837852e-10],
        "stdev": [5.86229252804e-05, 0.000371510075638, 0.000855450402014, 0.00101531541441, 0.000668379187118, 0.000993590336293, 0.0010411280673, 0.00110289792065, 0.00105708360206, 0.000610446324572, 0.000467174395453, 0.0001342293981, 6.84475453454e-05, 4.92454346386e-05, 6.86773710186e-05, 8.11084755696e-05, 7.84561998444e-05, 6.27696645097e-05, 5.05164716742e-05, 3.3608324884e-05, 2.84602920146e-05, 4.73150612379e-05, 5.38439089723e-05, 3.23881322402e-05, 4.55200679426e-05, 4.11786204495e-05, 8.96878736967e-06, 2.77515414382e-06, 2.22907988245e-06, 1.71730448528e-06, 1.36181529342e-06, 1.53172084083e-06, 1.33629589527e-06, 8.02677448064e-07, 7.04781314198e-07, 2.9272692359e-07, 6.53858478472e-08, 2.1188935051e-08, 1.84792430247e-08, 2.35319426167e-08]
    },
    "melbands128": {
        "max": [0.000141262047691, 0.000238962777075, 0.00057205138728, 0.00181311147753, 0.00267313723452, 0.00858169142157, 0.00943902879953, 0.0119968857616, 0.0160400606692, 0.0139652015641, 0.0103727160022, 0.0118735991418, 0.0171029251069, 0.00685352692381, 0.0157967116684, 0.0233712084591, 0.0274399947375, 0.016464477405, 0.017663910985, 0.0175172891468, 0.0156272854656, 0.0126574961469, 0.011874107644, 0.0129059357569, 0.0108417766169, 0.00801629386842, 0.0070558344014, 0.0121268071234, 0.00830104574561, 0.00228969822638, 0.00416452344507, 0.00154967617709, 0.000967704632785, 0.00135710160248, 0.000959700089879, 0.00108002859633, 0.0015198867768, 0.000868614239153, 0.00131182360929, 0.00167838460766, 0.00110324984416, 0.00166898197494, 0.00143832422327, 0.00109313090798, 0.00115756574087, 0.00116689305287, 0.00154578371439, 0.00064924248727, 0.00109933025669, 0.000491581333335, 0.000749479280785, 0.000514101469889, 0.000306454341626, 0.00066771620186, 0.000668104970828, 0.000641159014776, 0.000498349952977, 0.000646314350888, 0.00077734439401, 0.000685213133693, 0.000372873124434, 0.000261714361841, 0.000451536034234, 0.000565314665437, 0.000530020217411, 0.000833139172755, 0.000321574189002, 0.000290565338219, 0.000102802405308, 3.02359439956e-05, 5.18480883329e-05, 6.00227394898e-05, 3.57080425601e-05, 3.58999168384e-05, 2.96632861136e-05, 2.13831008296e-05, 1.39605790537e-05, 2.64515092567e-05, 1.04563032437e-05, 1.39889561979e-05, 1.83658266906e-05, 1.28685278469e-05, 1.46321835928e-05, 1.49889483509e-05, 1.54373792611e-05, 1.28139636217e-05, 1.0059466149e-05, 4.51408504887e-06, 2.57002957369e-05, 1.97387871594e-05, 5.71596001464e-06, 1.73981607077e-06, 1.07141397621e-06, 1.77768572485e-06, 5.32258354724e-07, 5.0158087106e-07, 4.38827214566e-07, 1.36311285814e-07, 8.67098322033e-08, 6.17439695816e-07, 1.27863552279e-06, 2.88215431965e-07, 8.51263024515e-08, 5.87270285735e-08, 6.38056505409e-08, 5.76559209264e-08, 8.76713883713e-08, 4.80697970318e-08, 5.52607843929e-08, 4.62855069827e-08, 4.26940154341e-08, 3.83145497551e-08, 3.71398023447e-08, 3.5301258805e-08, 3.73956687838e-08, 3.51460975878e-08, 3.36952936664e-08, 3.25343592067e-08, 3.15570858334e-08, 3.06915559634e-08, 2.99217361999e-08, 2.92221873366e-08, 2.86394676863e-08, 2.81198637708e-08, 2.76700866664e-08, 2.73852354127e-08, 2.71072977398e-08, 2.69667310704e-08],
        "mean": [3.11514372697e-06, 2.90937241516e-05, 8.70807707543e-05, 0.000178041751496, 0.000279766391031, 0.000532941077836, 0.000597127713263, 0.000730002124328, 0.00138943956699, 0.000957342504989, 0.00043002361781, 0.000419213436544, 0.000457190384623, 0.000500996422488, 0.000509057426825, 0.00105220719706, 0.00109489448369, 0.000407043611631, 0.000410038745031, 0.000812506361399, 0.000971319794189, 0.000779007154051, 0.000898334779777, 0.000576739141252, 0.000381442921935, 0.000210312980926, 0.000228139950195, 0.000311822397634, 0.000106289102405, 6.77865173202e-05, 5.86080714129e-05, 4.96610991831e-05, 7.21960459487e-05, 4.92313520226e-05, 2.37026342802e-05, 2.86890444841e-05, 3.96682989958e-05, 3.85300409107e-05, 5.48904245079e-05, 6.52523449389e-05, 5.0312573876e-05, 5.29491553607e-05, 6.00596613367e-05, 8.89320872375e-05, 2.63219681074e-05, 2.75955317193e-05, 3.78002005164e-05, 2.72709348792e-05, 2.15997533815e-05, 1.84890850505e-05, 1.95390239242e-05, 1.95254415303e-05, 1.13954320113e-05, 2.01159527933e-05, 4.00695826102e-05, 4.26434125984e-05, 3.42601233569e-05, 4.61777090095e-05, 3.99740747525e-05, 2.72299730568e-05, 2.29162760661e-05, 2.84715060843e-05, 4.30792388215e-05, 4.79648988403e-05, 4.01266552217e-05, 3.66126296285e-05, 1.90363789443e-05, 7.87145472714e-06, 2.95135600936e-06, 2.95512404591e-06, 1.74402555331e-06, 1.57734962158e-06, 1.80592076049e-06, 1.22150481729e-06, 9.62750505096e-07, 1.65180449585e-06, 1.25297935938e-06, 9.55660198088e-07, 9.0833844979e-07, 1.00929241853e-06, 1.18326499887e-06, 1.04727655525e-06, 9.4255545946e-07, 8.80721756857e-07, 8.76500337199e-07, 6.76807701439e-07, 3.27798318267e-07, 1.80325130827e-07, 2.2481914641e-07, 3.00037697798e-07, 1.20330582831e-07, 5.25906322935e-08, 4.90380323015e-08, 3.44717960843e-08, 1.96606322334e-08, 1.23037056099e-08, 8.92155327392e-09, 5.47301626241e-09, 4.70325645097e-09, 5.2895559044e-09, 7.32286586924e-09, 3.90812582296e-09, 3.34361494048e-09, 3.63726582187e-09, 4.21119983329e-09, 4.05959976746e-09, 4.1827026287e-09, 3.5103611129e-09, 2.81378165212e-09, 2.40319830702e-09, 1.9261845452e-09, 1.60177371367e-09, 1.34548994168e-09, 1.07287145834e-09, 6.22081330892e-10, 3.76840697536e-10, 3.33584382339e-10, 3.05321878891e-11, 2.93979146582e-11, 2.8603832844e-11, 2.78944107396e-11, 2.72617935171e-11, 2.67137614113e-11, 2.62240854032e-11, 2.58136428899e-11, 2.55534794713e-11, 2.5307554663e-11, 2.51731673701e-11],
        "min": [1.79577824833e-10, 1.81847461533e-08, 8.29735284924e-08, 1.18571307439e-07, 4.63465852363e-08, 9.00390588754e-08, 1.96278335807e-07, 9.67826139231e-08, 1.17324304938e-07, 1.77451241257e-07, 5.26025075942e-07, 5.89711589782e-07, 9.66012407844e-07, 1.19449555314e-06, 6.00123883032e-07, 3.0363985104e-08, 1.98447800415e-08, 1.52990473623e-08, 1.01756199911e-07, 1.42815480331e-07, 2.31748344959e-07, 4.02196349114e-07, 1.07387097614e-06, 4.33561126556e-07, 3.96590166929e-07, 5.58186119548e-09, 1.85301196609e-08, 1.28602053451e-08, 1.91885405343e-08, 2.74911542419e-08, 1.09789596081e-07, 7.42802583886e-08, 4.13183833814e-08, 2.69283990662e-08, 2.45618672068e-08, 1.35520954458e-08, 7.31361211592e-08, 7.28038145326e-08, 4.40893401787e-08, 1.35757725062e-08, 1.19949428168e-08, 1.87658937278e-08, 4.01612794576e-07, 1.53052383212e-07, 1.898889046e-08, 4.50716841627e-09, 1.6608904474e-08, 8.87671447458e-08, 1.60761004508e-08, 4.76369121927e-09, 9.76405978292e-09, 3.31905951612e-08, 1.0379180182e-08, 7.2854189348e-09, 4.76672834537e-09, 1.74230923022e-08, 5.93706461771e-09, 1.12519895623e-08, 7.08571956665e-09, 4.27762936184e-09, 7.4395103411e-09, 1.94281013499e-09, 2.05739469905e-09, 3.98526367462e-09, 2.45298337198e-09, 4.20141610391e-09, 5.12183229162e-09, 2.31654029292e-09, 1.80051618059e-09, 1.52999057867e-09, 2.46644416002e-09, 2.01425209845e-09, 1.80052339704e-09, 2.10925010791e-09, 8.45448877573e-10, 1.41517919605e-09, 1.11952269677e-09, 1.00725539021e-09, 1.68241609533e-09, 1.01591723922e-09, 8.50957471155e-10, 7.44990291679e-10, 7.28421711838e-10, 8.73260075362e-10, 6.67118582598e-10, 4.8570647504e-10, 5.59114254894e-10, 5.83343262583e-10, 5.72714264901e-10, 3.81598697086e-10, 7.43821171323e-10, 6.01401983769e-10, 6.46127484849e-10, 4.82443696104e-10, 5.09741970856e-10, 5.71656832982e-10, 5.60720303522e-10, 6.96528279498e-10, 5.31559407602e-10, 3.73743452853e-10, 5.14189857359e-10, 6.23117391019e-10, 5.3246634879e-10, 5.43667888486e-10, 6.32824570523e-10, 5.43203648729e-10, 5.12430209376e-10, 5.04792596612e-10, 5.49359169266e-10, 4.26781054941e-10, 5.57931534306e-10, 4.36737701559e-10, 2.95156510344e-10, 3.19125892378e-10, 6.46341660748e-11, 2.58625308669e-11, 7.08622006559e-12, 1.87423874706e-13, 1.030622934e-13, 1.00602116698e-13, 1.11340983362e-13, 1.05334659181e-13, 1.1121483644e-13, 1.10060222112e-13, 1.13302874298e-13, 1.24730128027e-13, 1.18022047213e-13, 1.07704345659e-13],
        "stdev": [5.94264247411e-06, 2.88727951556e-05, 7.97995235189e-05, 0.000210106358281, 0.000332336931024, 0.000791768659838, 0.00090328999795, 0.00113196333405, 0.00188682880253, 0.00146576331463, 0.000697295181453, 0.000735473120585, 0.00103297119495, 0.000829854165204, 0.000975552597083, 0.00181981688365, 0.0021996346768, 0.000985368038528, 0.00108261802234, 0.00153986015357, 0.00160518882331, 0.00149220076855, 0.00164869590662, 0.00123905146029, 0.00104774069041, 0.000577413477004, 0.000648704357445, 0.000770326994825, 0.000388681510231, 0.000163243239513, 0.000186486024177, 9.36934375204e-05, 0.000119458643894, 8.3849314251e-05, 5.19154564245e-05, 6.6645348852e-05, 0.000100779172499, 8.49635544e-05, 0.000112188514322, 0.00013848002709, 0.00010190156172, 0.000136207992909, 0.000111519031634, 0.000119777476357, 6.81827950757e-05, 9.42868500715e-05, 0.000114378948638, 6.8918823672e-05, 5.87816357438e-05, 3.31673982146e-05, 5.32145022589e-05, 4.46746635134e-05, 2.44145976467e-05, 3.98315023631e-05, 6.91298846505e-05, 7.3951217928e-05, 5.66921044083e-05, 8.31156066852e-05, 8.53409437696e-05, 5.29047174496e-05, 3.48409084836e-05, 4.03739213652e-05, 5.28685777681e-05, 6.71310772304e-05, 6.44330866635e-05, 6.6900443926e-05, 3.50366826751e-05, 1.81116192834e-05, 5.52859864911e-06, 3.68705218534e-06, 3.20727235703e-06, 3.46186175193e-06, 3.2693844787e-06, 2.36547884924e-06, 1.93285268324e-06, 2.21300820158e-06, 1.71903207047e-06, 1.96857808987e-06, 1.38768780289e-06, 1.55770692345e-06, 1.99807209356e-06, 1.61957166256e-06, 1.4985891994e-06, 1.49679158312e-06, 1.41286773214e-06, 1.14307079002e-06, 7.06487583102e-07, 3.47732395767e-07, 8.981476185e-07, 1.1939482647e-06, 3.53615831727e-07, 1.19289481404e-07, 9.94575941604e-08, 8.24384400744e-08, 4.61169591404e-08, 2.99814466587e-08, 2.01851122483e-08, 9.3019387748e-09, 7.98259058854e-09, 2.8718039502e-08, 5.97333169594e-08, 1.24968053683e-08, 4.76325823229e-09, 4.35096758622e-09, 5.14485609671e-09, 5.58699309039e-09, 6.91342005865e-09, 4.57937820997e-09, 3.42356609728e-09, 2.52252529975e-09, 2.09989958755e-09, 1.44256828705e-09, 1.15408294032e-09, 1.02463371121e-09, 1.05881747814e-09, 9.90650783628e-10, 9.55819756676e-10, 9.19801512733e-10, 8.92177720591e-10, 8.67705240992e-10, 8.45936598548e-10, 8.26161083989e-10, 8.09684097547e-10, 7.94996068976e-10, 7.82277409517e-10, 7.74224684363e-10, 7.66369134819e-10, 7.62394869458e-10]
    },
    "mfcc": {
        "mean": [-671.828674316, 175.016189575, -44.4585189819, 38.8176765442, -17.2426586151, -6.73234605789, -20.5871696472, 2.89165186882, -14.5837860107, 0.203291609883, 8.87499809265, -6.15367555618, -6.62065172195],
        "cov": [[4440.64453125, -651.860168457, -639.530273438, 879.445251465, -714.772460938, -116.216758728, -418.367614746, 482.209320068, -430.945953369, -176.053771973, 200.574371338, -167.884185791, -181.391082764], [-651.860168457, 467.325714111, 6.59494543076, -128.342346191, 150.599761963, -59.1727142334, 94.3203659058, -44.6971626282, 76.3927001953, -24.4867572784, 8.90643119812, 14.8593463898, 46.5419425964], [-639.530273438, 6.59494543076, 382.359069824, -110.454460144, 66.5366821289, 110.641448975, 92.2938766479, -77.446105957, 58.0178070068, 53.1367721558, -66.8096923828, 53.3307647705, 40.3459587097], [879.445251465, -128.342346191, -110.454460144, 367.097473145, -86.9191894531, 9.82005405426, -87.8995895386, 84.0760498047, -88.058555603, -46.1568183899, 20.0120868683, -62.5870399475, -13.7009763718], [-714.772460938, 150.599761963, 66.5366821289, -86.9191894531, 284.163513184, 24.7068595886, 52.5085678101, -83.7022857666, 74.3620986938, 32.1835174561, -43.3698005676, 24.3813114166, 42.6611022949], [-116.216758728, -59.1727142334, 110.641448975, 9.82005405426, 24.7068595886, 123.145965576, 28.7032089233, -30.4952030182, 19.6440906525, 27.9213027954, -25.8797473907, 19.4941673279, 10.7958135605], [-418.367614746, 94.3203659058, 92.2938766479, -87.8995895386, 52.5085678101, 28.7032089233, 146.363800049, -29.9253463745, 56.9467964172, 47.340511322, -14.5878543854, 38.0287246704, 22.8402900696], [482.209320068, -44.6971626282, -77.446105957, 84.0760498047, -83.7022857666, -30.4952030182, -29.9253463745, 145.834365845, -32.0923309326, -25.8711166382, 60.0376815796, -19.7661857605, -21.5864219666], [-430.945953369, 76.3927001953, 58.0178070068, -88.058555603, 74.3620986938, 19.6440906525, 56.9467964172, -32.0923309326, 134.392150879, 49.5802116394, -22.2306976318, 10.4525966644, 2.44749736786], [-176.053771973, -24.4867572784, 53.1367721558, -46.1568183899, 32.1835174561, 27.9213027954, 47.340511322, -25.8711166382, 49.5802116394, 117.594604492, -0.463051021099, 19.7089004517, 2.83114314079], [200.574371338, 8.90643119812, -66.8096923828, 20.0120868683, -43.3698005676, -25.8797473907, -14.5878543854, 60.0376815796, -22.2306976318, -0.463051021099, 126.060775757, 29.7674617767, -16.2479381561], [-167.884185791, 14.8593463898, 53.3307647705, -62.5870399475, 24.3813114166, 19.4941673279, 38.0287246704, -19.7661857605, 10.4525966644, 19.7089004517, 29.7674617767, 106.326225281, 15.555352211], [-181.391082764, 46.5419425964, 40.3459587097, -13.7009763718, 42.6611022949, 10.7958135605, 22.8402900696, -21.5864219666, 2.44749736786, 2.83114314079, -16.2479381561, 15.555352211, 77.0551223755]],
        "icov": [[0.00142447778489, 7.94911320554e-05, 0.000990635366179, -0.00180729513522, 0.0017023452092, -0.000338574551279, 0.00115893862676, -0.00206306762993, 0.00151117797941, -0.000838545151055, 0.000744605378713, -0.000789205776528, 0.000947824039031], [7.94911320554e-05, 0.00428824359551, 6.27953922958e-05, 0.000262401619693, -0.00151822040789, 0.00239593326114, -0.0026592547074, 0.000852420111187, -0.00158802606165, 0.00270946975797, -0.00190308154561, 0.00107742974069, -0.00152521964628], [0.000990635366179, 6.27953922958e-05, 0.00539354607463, -0.000364989420632, 0.00145963311661, -0.0035872515291, -0.000272769888397, -0.0012879857095, 0.00092850252986, -0.000900158891454, 0.00218810955994, -0.00166514434386, -0.000379256583983], [-0.00180729513522, 0.000262401619693, -0.000364989420632, 0.0067914230749, -0.00218531466089, -0.00173420296051, -0.000566151284147, 0.0008756708703, -0.000240676556132, 0.00128281139769, -0.000960095319897, 0.00281597324647, -0.00195868872106], [0.0017023452092, -0.00151822040789, 0.00145963311661, -0.00218531466089, 0.0077191721648, -0.00141803198494, 0.00216961326078, -0.000850763870403, 0.000241438872763, -0.00191866839305, 0.00193395267706, -0.00171836081427, -0.000367342639947], [-0.000338574551279, 0.00239593326114, -0.0035872515291, -0.00173420296051, -0.00141803198494, 0.0139794852585, -0.00216820673086, 0.00222208304331, -0.00196070456877, 0.000338922429364, -0.000388007698348, -0.000836501305457, -0.000445703539299], [0.00115893862676, -0.0026592547074, -0.000272769888397, -0.000566151284147, 0.00216961326078, -0.00216820673086, 0.0132034681737, -0.00317285372876, 3.56799719157e-05, -0.0044709444046, 0.00238670455292, -0.00324988784268, -9.48257081745e-07], [-0.00206306762993, 0.000852420111187, -0.0012879857095, 0.0008756708703, -0.000850763870403, 0.00222208304331, -0.00317285372876, 0.0147223146632, -0.00338931963779, 0.00314321625046, -0.00631123222411, 0.00315065425821, -0.00129146594554], [0.00151117797941, -0.00158802606165, 0.00092850252986, -0.000240676556132, 0.000241438872763, -0.00196070456877, 3.56799719157e-05, -0.00338931963779, 0.014138222672, -0.00497788796201, 0.00245028617792, 8.79855269886e-06, 0.00341728632338], [-0.000838545151055, 0.00270946975797, -0.000900158891454, 0.00128281139769, -0.00191866839305, 0.000338922429364, -0.0044709444046, 0.00314321625046, -0.00497788796201, 0.0135801108554, -0.0033595089335, 0.00111909036059, -0.000965670333244], [0.000744605378713, -0.00190308154561, 0.00218810955994, -0.000960095319897, 0.00193395267706, -0.000388007698348, 0.00238670455292, -0.00631123222411, 0.00245028617792, -0.0033595089335, 0.0143703715876, -0.00662845326588, 0.00250791432336], [-0.000789205776528, 0.00107742974069, -0.00166514434386, 0.00281597324647, -0.00171836081427, -0.000836501305457, -0.00324988784268, 0.00315065425821, 8.79855269886e-06, 0.00111909036059, -0.00662845326588, 0.014832386747, -0.00265486654826], [0.000947824039031, -0.00152521964628, -0.000379256583983, -0.00195868872106, -0.000367342639947, -0.000445703539299, -9.48257081745e-07, -0.00129146594554, 0.00341728632338, -0.000965670333244, 0.00250791432336, -0.00265486654826, 0.0168765094131]]
    },
    "spectral_contrast_coeffs": {
        "max": [-0.347415745258, -0.430814474821, -0.514521360397, -0.649038732052, -0.573586285114, -0.549626708031],
        "mean": [-0.657202005386, -0.695399999619, -0.749406218529, -0.768691301346, -0.720179080963, -0.693805098534],
        "min": [-0.857714831829, -0.887172460556, -0.904084086418, -0.888745009899, -0.864329576492, -0.90168595314],
        "stdev": [0.0757930576801, 0.0672099292278, 0.0568843521178, 0.0393174216151, 0.0642241686583, 0.0706124380231]
    },
    "spectral_contrast_valleys": {
        "max": [-5.70557498932, -4.77198696136, -5.83305311203, -6.21053409576, -6.51673555374, -10.1533155441],
        "mean": [-7.00513887405, -6.2972536087, -7.47012901306, -7.68332672119, -7.90287876129, -11.9804058075],
        "min": [-10.1513910294, -9.34229946136, -9.91721343994, -10.0995512009, -10.4903821945, -12.7058563232],
        "stdev": [0.64538693428, 0.8280184865, 0.741280913353, 0.769576430321, 0.884259283543, 0.402757048607]
    }
},
"rhythm": {
    "beats_count": 57,
    "beats_loudness": {
        "max": 0.0505683384836,
        "mean": 0.0290608257055,
        "min": 0.00109828833956,
        "stdev": 0.0129569163546
    },
    "bpm": 125.781661987,
    "bpm_histogram_first_peak_bpm": 126,
    "bpm_histogram_first_peak_weight": 0.549999952316,
    "bpm_histogram_second_peak_bpm": 101,
    "bpm_histogram_second_peak_spread": 0.363636374474,
    "bpm_histogram_second_peak_weight": 0.125,
    "danceability": 0.911863684654,
    "onset_rate": 2.79181981087,
    "beats_loudness_band_ratio": {
        "max": [0.640226125717, 0.695070266724, 0.829540729523, 0.2598977983, 0.267798841, 0.132058694959],
        "mean": [0.174221634865, 0.257288634777, 0.459652245045, 0.0909735709429, 0.0905110239983, 0.0378053635359],
        "min": [0.0154330097139, 0.0413743294775, 0.0781926289201, 0.0151385162026, 0.00998821854591, 0.000647321809083],
        "stdev": [0.140859901905, 0.155012607574, 0.172560915351, 0.0572551637888, 0.067263096571, 0.0315658599138]
    },
    "beats_position": [0.429569154978, 0.870748281479, 1.3235373497, 1.78793644905, 2.2523355484, 2.73995471001, 3.21596360207, 3.70358276367, 4.17959165573, 4.66721057892, 5.15482997894, 5.64244890213, 6.13006782532, 6.6176867485, 7.10530614853, 7.58131504059, 8.05732440948, 8.52172279358, 8.98612213135, 9.45052146912, 9.92653083801, 10.4025392532, 10.8785486221, 11.354557991, 11.8421764374, 12.3297958374, 12.8058052063, 13.2818136215, 13.7578229904, 14.2338323593, 14.6982307434, 15.1626300812, 15.6270294189, 16.0914287567, 16.5674381256, 17.0434455872, 17.5194549561, 17.995464325, 18.4714736938, 18.9474830627, 19.4351024628, 19.9227199554, 20.4103393555, 20.9095687866, 21.4087982178, 21.9196376801, 22.5117454529, 23.1038551331, 23.6959629059, 24.2880725861, 24.8685703278, 25.4490699768, 26.0295696259, 26.6216773987, 27.2137870789, 27.8175048828, 28.409614563],
