{
"metadata": {
    "version": {
        "essentia": "2.1-beta5",
        "essentia_git_sha": "Undefined",
        "extractor": "music 2.0"
    },
    "audio_properties": {
        "analysis": {
            "equal_loudness": 0,
            "length": 32.4963264465,
            "sample_rate": 44100,
            "start_time": 77.7520217896,
            "downmix": "mix"
        },
        "bit_rate": 192000,
        "length": 173.290527344,
        "lossless": 0,
        "number_channels": 2,
        "replay_gain": -6.1568813324,
        "sample_rate": 44100,
        "codec": "mp3",
        "md5_encoded": "2f3ef1838dd50c3d5d1d58bf80a9ca6d"
    },
    "tags": {
        "file_name": "Finland_Tie Uuteen Päivään_Markku Aro and Koivisto Sisters.mp3",
        "encoding": ["Lavf58.29.100"]
    }
},
"lowlevel": {
    "average_loudness": 0.840625762939,
    "barkbands_crest": {
        "max": 25.9645423889,
        "mean": 10.9617671967,
        "min": 2.8838365078,
        "stdev": 5.25188827515
    },
    "barkbands_flatness_db": {
        "max": 0.331393241882,
        "mean": 0.186980158091,
        "min": 0.0661092251539,
        "stdev": 0.0474352501333
    },
    "barkbands_kurtosis": {
        "max": 58.4108543396,
        "mean": 3.27145051956,
        "min": -1.68516159058,
        "stdev": 6.5733628273
    },
    "barkbands_skewness": {
        "max": 7.01775360107,
        "mean": 0.80622780323,
        "min": -1.71684587002,
        "stdev": 1.2502579689
    },
    "barkbands_spread": {
        "max": 62.5359382629,
        "mean": 11.5572347641,
        "min": 1.21570134163,
        "stdev": 7.46719169617
    },
    "dissonance": {
        "max": 0.5,
        "mean": 0.439105808735,
        "min": 0.187297523022,
        "stdev": 0.0514076501131
    },
    "dynamic_complexity": 3.33767390251,
    "erbbands_crest": {
        "max": 30.2792072296,
        "mean": 12.0832300186,
        "min": 3.59580731392,
        "stdev": 5.34220457077
    },
    "erbbands_flatness_db": {
        "max": 0.380141049623,
        "mean": 0.254080921412,
        "min": 0.139505341649,
        "stdev": 0.0460893623531
    },
    "erbbands_kurtosis": {
        "max": 30.814781189,
        "mean": 2.14369106293,
        "min": -1.76996648312,
        "stdev": 3.94923973083
    },
    "erbbands_skewness": {
        "max": 5.03212594986,
        "mean": 0.517065525055,
        "min": -3.06076025963,
        "stdev": 1.1534318924
    },
    "erbbands_spread": {
        "max": 68.8912506104,
        "mean": 16.8169269562,
        "min": 2.76095199585,
        "stdev": 9.07873249054
    },
    "hfc": {
        "max": 89.6980514526,
        "mean": 17.9842739105,
        "min": 0.363349854946,
        "stdev": 17.2420444489
    },
    "loudness_ebu128": {
        "integrated": -19.1830101013,
        "loudness_range": 5.46876525879,
        "momentary": {
            "max": -14.9061584473,
            "mean": -20.4193706512,
            "min": -30.2010803223,
            "stdev": 3.50109243393
        },
        "short_term": {
            "max": -16.8251056671,
            "mean": -19.8580150604,
            "min": -24.4723072052,
            "stdev": 2.2689447403
        }
    },
    "melbands_crest": {
        "max": 33.2741012573,
        "mean": 13.1631908417,
        "min": 3.23980903625,
        "stdev": 6.29014253616
    },
    "melbands_flatness_db": {
        "max": 0.354214966297,
        "mean": 0.22029350698,
        "min": 0.0546713322401,
        "stdev": 0.0624377019703
    },
    "melbands_kurtosis": {
        "max": 104.059310913,
        "mean": 4.97119188309,
        "min": -1.78118872643,
        "stdev": 10.1761960983
    },
    "melbands_skewness": {
        "max": 8.17432975769,
        "mean": 1.07576441765,
        "min": -1.23699605465,
        "stdev": 1.21581053734
    },
    "melbands_spread": {
        "max": 124.285079956,
        "mean": 21.0890464783,
        "min": 1.48130583763,
        "stdev": 15.812005043
    },
    "pitch_salience": {
        "max": 0.884517610073,
        "mean": 0.58708691597,
        "min": 0.161275312304,
        "stdev": 0.116350017488
    },
    "silence_rate_20dB": {
        "max": 1,
        "mean": 1,
        "min": 1,
        "stdev": 0
    },
    "silence_rate_30dB": {
        "max": 1,
        "mean": 1,
        "min": 1,
        "stdev": 0
    },
    "silence_rate_60dB": {
        "max": 1,
        "mean": 0.164168447256,
        "min": 0,
        "stdev": 0.370428025723
    },
    "spectral_centroid": {
        "max": 3961.51000977,
        "mean": 1310.58374023,
        "min": 364.608764648,
        "stdev": 661.827270508
    },
    "spectral_complexity": {
        "max": 44,
        "mean": 15.4917917252,
        "min": 1,
        "stdev": 8.03597354889
    },
    "spectral_decrease": {
        "max": -1.15302184467e-10,
        "mean": -3.80962283941e-09,
        "min": -1.56554680331e-08,
        "stdev": 2.89224355576e-09
    },
    "spectral_energy": {
        "max": 0.0634082108736,
        "mean": 0.0160096213222,
        "min": 0.000471142149763,
        "stdev": 0.0121716093272
    },
    "spectral_energyband_high": {
        "max": 0.00409621326253,
        "mean": 0.000242603215156,
        "min": 2.26619567911e-06,
        "stdev": 0.000517485837918
    },
    "spectral_energyband_low": {
        "max": 0.00483250338584,
        "mean": 0.000298422557535,
        "min": 1.84368957434e-06,
        "stdev": 0.000432779837865
    },
    "spectral_energyband_middle_high": {
        "max": 0.0416894331574,
        "mean": 0.00719851208851,
        "min": 8.90193186933e-05,
        "stdev": 0.00782855972648
    },
    "spectral_energyband_middle_low": {
        "max": 0.0608984753489,
        "mean": 0.00853279419243,
        "min": 0.000198948648176,
        "stdev": 0.00957764685154
    },
    "spectral_entropy": {
        "max": 8.47410488129,
        "mean": 7.07721948624,
        "min": 5.908203125,
        "stdev": 0.408227741718
    },
    "spectral_flux": {
        "max": 0.168417140841,
        "mean": 0.0655501633883,
        "min": 0.010002149269,
        "stdev": 0.0337577164173
    },
    "spectral_kurtosis": {
        "max": 44.4959564209,
        "mean": 10.5131874084,
        "min": -0.734735965729,
        "stdev": 6.59075737
    },
    "spectral_rms": {
        "max": 0.00786521937698,
        "mean": 0.00361939170398,
        "min": 0.000677975593135,
        "stdev": 0.00158717157319
    },
    "spectral_rolloff": {
        "max": 6524.56054688,
        "mean": 1565.91564941,
        "min": 279.931640625,
        "stdev": 899.96496582
    },
    "spectral_skewness": {
        "max": 5.19192409515,
        "mean": 2.0994207859,
        "min": -0.0489140562713,
        "stdev": 0.898988068104
    },
    "spectral_spread": {
        "max": 28455306,
        "mean": 2626784.25,
        "min": 1556761,
        "stdev": 907757.6875
    },
    "spectral_strongpeak": {
        "max": 12.8873147964,
        "mean": 2.17616271973,
        "min": 0.0318767763674,
        "stdev": 2.04183888435
    },
    "zerocrossingrate": {
        "max": 0.20654296875,
        "mean": 0.0553319193423,
        "min": 0.0087890625,
        "stdev": 0.0258096624166
    },
    "barkbands": {
        "max": [3.96702016587e-05, 0.000898196187336, 0.00379909528419, 0.00371529301628, 0.0098203830421, 0.0186145212501, 0.0268544405699, 0.0394057072699, 0.0604024380445, 0.0230709724128, 0.0188399683684, 0.0145909162238, 0.0117715373635, 0.0161929912865, 0.0181420836598, 0.0177399273962, 0.0099340127781, 0.00488818250597, 0.0108004603535, 0.0032347177621, 0.000964773760643, 0.000830627221148, 0.000503904244397, 7.72139319452e-05, 2.19322646444e-06, 1.8633476202e-06, 1.32901902816e-06],
        "mean": [6.41097301468e-07, 3.19120845234e-05, 0.000161917720106, 0.000194224005099, 0.000538537453394, 0.000483115611132, 0.00130566814914, 0.00157714006491, 0.00411222316325, 0.001043310971, 0.00100454164203, 0.00113661261275, 0.000532732869033, 0.000829381169751, 0.000747753947508, 0.000696352450177, 0.00065662804991, 0.000178404399776, 0.000467427016702, 0.000186925055459, 6.38391284156e-05, 4.08657069784e-05, 1.55169309437e-05, 2.61543323177e-06, 6.94571440363e-07, 6.41146357339e-07, 8.40299207994e-09],
        "min": [3.24491633563e-09, 1.05831432506e-07, 3.47175046045e-07, 1.23590865542e-07, 7.45723900764e-06, 4.13798852605e-06, 4.12151393903e-06, 2.95141308015e-06, 5.33744969289e-06, 3.07030245494e-06, 2.09096174331e-06, 2.27223517868e-06, 2.58988802671e-06, 9.29511600134e-07, 3.02031480715e-06, 7.92210016698e-07, 1.56321652867e-06, 2.24134865334e-07, 2.93310222332e-07, 1.37364182251e-07, 1.86093288335e-07, 1.42308834938e-07, 1.54167551614e-07, 2.29154593967e-07, 3.68314175603e-07, 3.70759863699e-07, 4.7896152322e-11],
        "stdev": [1.2977343431e-06, 6.09727685514e-05, 0.000311549025355, 0.000301692198263, 0.000736934947781, 0.000927559274714, 0.00280247977935, 0.00363851292059, 0.00910894200206, 0.00212406204082, 0.00180705287494, 0.00188166135922, 0.000964062928688, 0.00179839076009, 0.00188141665421, 0.00172099063639, 0.00139538955409, 0.000372876034817, 0.00117332639638, 0.000381092657335, 0.000131476161187, 9.62401172728e-05, 3.88147964259e-05, 6.39595464236e-06, 1.54159195631e-07, 1.01619093584e-07, 5.02252426315e-08]
    },
    "erbbands": {
        "max": [0.00461826613173, 0.291357278824, 3.05982232094, 8.30209255219, 15.1594438553, 58.0434761047, 63.4000015259, 192.356155396, 312.117462158, 479.410675049, 693.264526367, 1405.53381348, 902.472595215, 605.844116211, 830.503356934, 636.74597168, 546.708374023, 325.386230469, 1348.28503418, 925.639282227, 1147.95629883, 687.73614502, 211.591308594, 466.516418457, 245.396255493, 163.720626831, 73.8143081665, 56.920539856, 38.824180603, 19.1390037537, 12.0820608139, 3.04357481003, 0.37807905674, 0.0312890447676, 0.0155110331252, 0.00822171289474, 0.00334697007202, 0.000920540420339, 0.000200689784833, 7.36309084459e-05],
        "mean": [0.000407677871408, 0.0114414794371, 0.142836600542, 0.486868828535, 0.976074576378, 2.16958785057, 2.50305867195, 4.90771532059, 13.8900022507, 29.3697834015, 34.2280082703, 96.2070922852, 57.6115493774, 32.7172355652, 49.9196891785, 38.7163963318, 23.0764312744, 29.8610534668, 50.5812988281, 32.6921157837, 42.9837150574, 38.2760314941, 14.1840381622, 19.9340496063, 15.3662796021, 7.91198253632, 4.41125202179, 2.6036131382, 1.84249091148, 0.775594711304, 0.32640260458, 0.10897180438, 0.0251147150993, 0.00811285804957, 0.00521356286481, 0.00318224471994, 0.00117971457075, 0.00010095055768, 1.17562667583e-05, 1.98611214728e-05],
        "min": [8.8324832177e-06, 5.29118042323e-05, 0.000641742604785, 0.0031184644904, 0.0135325649753, 0.0288806147873, 0.036311339587, 0.0308267921209, 0.0460601300001, 0.135420411825, 0.163303211331, 0.15959636867, 0.103167943656, 0.0962458923459, 0.0963819250464, 0.170393049717, 0.116761535406, 0.0754601210356, 0.10841909796, 0.143933266401, 0.113426625729, 0.0804028138518, 0.0203989483416, 0.0136268278584, 0.0128706330433, 0.00715423049405, 0.00611394178122, 0.00680902553722, 0.00547107448801, 0.004900414031, 0.00449842959642, 0.0038355323486, 0.00410933885723, 0.00335899763741, 0.00272854231298, 0.00165817479137, 0.000632990093436, 5.66236267332e-05, 2.03677222999e-06, 6.42375027837e-07],
        "stdev": [0.000469644495752, 0.020840741694, 0.25412645936, 0.699488580227, 1.32390165329, 3.69882202148, 4.34839057922, 9.37727546692, 29.1003341675, 56.5866203308, 66.0189361572, 219.43951416, 97.7249145508, 60.0418243408, 81.4027328491, 67.2209472656, 38.8559761047, 50.4797325134, 116.444137573, 77.5932693481, 103.852134705, 84.5934066772, 25.5380649567, 52.8080444336, 31.4983596802, 16.0917892456, 8.99483680725, 5.93560409546, 4.66954135895, 1.86682021618, 0.831264138222, 0.280358314514, 0.0419347137213, 0.00346556771547, 0.00103918975219, 0.000613613694441, 0.000207382137887, 3.4210839658e-05, 1.03630318335e-05, 1.52145812535e-05]
    },
    "gfcc": {
        "mean": [-70.8146362305, 111.78717041, -169.675003052, -5.94893360138, -63.6197967529, -9.8071641922, -34.9523124695, 0.0815083608031, -25.6643352509, -3.21672916412, -23.222612381, -3.18667793274, -14.5585536957],
        "cov": [[2320.05151367, -474.938201904, -1390.07727051, 589.569213867, 66.2438201904, -115.288803101, 476.522674561, -174.854797363, 197.742630005, -176.408035278, 116.015434265, -111.476844788, -2.91121816635], [-474.938201904, 518.769836426, 544.171142578, -380.265441895, 19.2051906586, 21.9354438782, -96.3524551392, 97.3269882202, -55.4577636719, 16.1701660156, -42.9139289856, 4.26859807968, -39.2484397888], [-1390.07727051, 544.171142578, 1139.03601074, -392.874694824, -77.8989715576, 99.5246429443, -295.749389648, 108.359367371, -126.457061768, 59.3561668396, -92.5090255737, 64.7855758667, -28.65691185], [589.569213867, -380.265441895, -392.874694824, 670.008239746, 147.938262939, -11.0495300293, -23.8989200592, -124.546028137, 68.3280334473, -17.6268939972, 36.0748977661, -1.95437049866, 18.361284256], [66.2438201904, 19.2051906586, -77.8989715576, 147.938262939, 265.21862793, 15.4252843857, -102.092887878, 7.02281188965, 24.7178516388, 42.0286598206, 5.28150415421, -19.8941783905, -3.03188991547], [-115.288803101, 21.9354438782, 99.5246429443, -11.0495300293, 15.4252843857, 144.364654541, 44.9536437988, 0.561754107475, -30.6624088287, -16.4952468872, -13.592622757, -2.03479242325, -16.2297706604], [476.522674561, -96.3524551392, -295.749389648, -23.8989200592, -102.092887878, 44.9536437988, 394.049102783, 59.2902336121, -17.9554214478, -84.3811035156, 13.6874074936, -19.3122367859, 15.0238208771], [-174.854797363, 97.3269882202, 108.359367371, -124.546028137, 7.02281188965, 0.561754107475, 59.2902336121, 123.729400635, -1.08033752441, 7.77111530304, -3.99461841583, 9.53478527069, 3.34035229683], [197.742630005, -55.4577636719, -126.457061768, 68.3280334473, 24.7178516388, -30.6624088287, -17.9554214478, -1.08033752441, 112.345695496, 36.2311401367, 7.61600017548, -26.6219921112, -8.44975185394], [-176.408035278, 16.1701660156, 59.3561668396, -17.6268939972, 42.0286598206, -16.4952468872, -84.3811035156, 7.77111530304, 36.2311401367, 107.652656555, 18.9897480011, -11.3329811096, -9.97472476959], [116.015434265, -42.9139289856, -92.5090255737, 36.0748977661, 5.28150415421, -13.592622757, 13.6874074936, -3.99461841583, 7.61600017548, 18.9897480011, 72.8903961182, 24.1782970428, -6.96257543564], [-111.476844788, 4.26859807968, 64.7855758667, -1.95437049866, -19.8941783905, -2.03479242325, -19.3122367859, 9.53478527069, -26.6219921112, -11.3329811096, 24.1782970428, 78.6677474976, 28.3469142914], [-2.91121816635, -39.2484397888, -28.65691185, 18.361284256, -3.03188991547, -16.2297706604, 15.0238208771, 3.34035229683, -8.44975185394, -9.97472476959, -6.96257543564, 28.3469142914, 62.9569244385]],
        "icov": [[0.0244678072631, -0.0290225036442, 0.0253032818437, -0.0159718859941, 0.00500571681187, 0.00490108132362, -0.0155709041283, 0.022990860045, -0.0255946516991, 0.0258683599532, -0.0198061410338, 0.0123427631333, -0.00386996567249], [-0.0290225036442, 0.0467861667275, -0.0387777835131, 0.0252529270947, -0.0164888333529, 0.00166535167955, 0.0117418235168, -0.0199137218297, 0.0247075464576, -0.0241759549826, 0.0194932017475, -0.0141925057396, 0.00873095262796], [0.0253032818437, -0.0387777835131, 0.0364700965583, -0.0208210479468, 0.0155890816823, -0.0036169916857, -0.00687569193542, 0.0132511602715, -0.0188249256462, 0.0201427917928, -0.0135607169941, 0.0105168251321, -0.00514589576051], [-0.0159718859941, 0.0252529270947, -0.0208210479468, 0.0164340976626, -0.0105423321947, 0.000722003576811, 0.0061568915844, -0.00819385424256, 0.0121062071994, -0.0126308910549, 0.0104571823031, -0.00905367918313, 0.00423471955582], [0.00500571681187, -0.0164888333529, 0.0155890816823, -0.0105423321947, 0.0186233408749, -0.00975404959172, 0.00847605243325, -0.00939346663654, 0.00299765355885, -0.00204873271286, 5.90398049098e-05, 0.00516078760847, -0.005258790683], [0.00490108132362, 0.00166535167955, -0.0036169916857, 0.000722003576811, -0.00975404959172, 0.0173722673208, -0.0133333867416, 0.0153034906834, -0.00953867752105, 0.00958887673914, -0.00577667960897, 0.000828244490549, 0.00501365214586], [-0.0155709041283, 0.0117418235168, -0.00687569193542, 0.0061568915844, 0.00847605243325, -0.0133333867416, 0.0242034923285, -0.0289262421429, 0.0235321335495, -0.0177321974188, 0.0139181399718, -0.0037877515424, -0.00200179684907], [0.022990860045, -0.0199137218297, 0.0132511602715, -0.00819385424256, -0.00939346663654, 0.0153034906834, -0.0289262421429, 0.0473964288831, -0.0341967456043, 0.0280322488397, -0.0221308041364, 0.00732585275546, -0.000943545775954], [-0.0255946516991, 0.0247075464576, -0.0188249256462, 0.0121062071994, 0.00299765355885, -0.00953867752105, 0.0235321335495, -0.0341967456043, 0.0453143343329, -0.0354762300849, 0.0254466515034, -0.0103971501812, 0.0039609069936], [0.0258683599532, -0.0241759549826, 0.0201427917928, -0.0126308910549, -0.00204873271286, 0.00958887673914, -0.0177321974188, 0.0280322488397, -0.0354762300849, 0.047774348408, -0.0327285863459, 0.0200524460524, -0.00574612803757], [-0.0198061410338, 0.0194932017475, -0.0135607169941, 0.0104571823031, 5.90398049098e-05, -0.00577667960897, 0.0139181399718, -0.0221308041364, 0.0254466515034, -0.0327285863459, 0.0454702973366, -0.0267397984862, 0.0136790117249], [0.0123427631333, -0.0141925057396, 0.0105168251321, -0.00905367918313, 0.00516078760847, 0.000828244490549, -0.0037877515424, 0.00732585275546, -0.0103971501812, 0.0200524460524, -0.0267397984862, 0.0352863967419, -0.0169359222054], [-0.00386996567249, 0.00873095262796, -0.00514589576051, 0.00423471955582, -0.005258790683, 0.00501365214586, -0.00200179684907, -0.000943545775954, 0.0039609069936, -0.00574612803757, 0.0136790117249, -0.0169359222054, 0.0278971269727]]
    },
    "melbands": {
        "max": [0.000129944513901, 0.00113311549649, 0.001253727125, 0.00238159880973, 0.00164953316562, 0.00395903503522, 0.00487570790574, 0.00676685851067, 0.00456457491964, 0.00998582597822, 0.00448831031099, 0.00230805412866, 0.00295704440214, 0.00219281041063, 0.000835927959997, 0.001594199799, 0.000826880685054, 0.00257094018161, 0.00195070181508, 0.000947138119955, 0.00165142212063, 0.000706992461346, 0.00044210703345, 0.00022858849843, 0.000440362084191, 0.000432662811363, 0.000106312989374, 0.000126068829559, 8.16562169348e-05, 3.14509852615e-05, 3.09262904921e-05, 3.37645942636e-05, 1.07646737888e-05, 1.15772672871e-05, 8.13108636066e-06, 4.31159196523e-06, 1.17050979043e-06, 3.0686885566e-07, 6.83841605564e-08, 1.87360669202e-08],
        "mean": [5.81329140914e-06, 5.72237331653e-05, 9.46196596487e-05, 0.000113861060527, 9.2089860118e-05, 0.000107998901512, 0.000232280348428, 0.000342790561263, 0.000271079334198, 0.00066753878491, 0.000287568807835, 0.000129482374177, 0.000145816215081, 0.00015037850244, 5.5641594372e-05, 5.48849857296e-05, 5.66029120819e-05, 8.94854165381e-05, 5.88067414355e-05, 3.96880932385e-05, 5.04850650032e-05, 4.17676055804e-05, 1.88490521396e-05, 8.40353459353e-06, 1.73991120391e-05, 1.83138981811e-05, 5.09834990225e-06, 5.62775812796e-06, 3.77457422474e-06, 1.40963186368e-06, 1.39486394346e-06, 1.13395640255e-06, 5.68051120808e-07, 4.1466759626e-07, 2.05055201263e-07, 1.21196890746e-07, 4.32042561727e-08, 1.90991489291e-08, 8.47995629272e-09, 5.95015769989e-09],
        "min": [4.43611938294e-08, 4.21274364726e-07, 9.76045612333e-07, 1.10606583803e-06, 1.20261199754e-06, 7.22072513781e-07, 7.26568998743e-07, 1.23354288917e-06, 1.31321360186e-06, 9.85620999927e-07, 3.80578796921e-07, 2.30129970191e-07, 3.32399196168e-07, 3.85258573488e-07, 2.89589763725e-07, 2.47806809739e-07, 1.13644816224e-07, 1.38518714721e-07, 1.64882450804e-07, 1.19087630424e-07, 5.12171922651e-08, 9.80183401111e-08, 2.23922533849e-08, 1.03333466228e-08, 9.28909393849e-09, 7.79413245056e-09, 5.14740650104e-09, 4.09598932549e-09, 2.95516766613e-09, 4.18003587299e-09, 3.07999603599e-09, 2.70548294878e-09, 2.51094145476e-09, 2.23791141174e-09, 2.225049478e-09, 2.04131089809e-09, 2.11434247888e-09, 2.31632379943e-09, 2.43486253382e-09, 2.40050379574e-09],
        "stdev": [9.28642657527e-06, 9.54168790486e-05, 0.000122972254758, 0.000162132069818, 0.000143161378219, 0.000201062750421, 0.000501654809341, 0.000690312939696, 0.000531015626621, 0.00157913379371, 0.000498240755405, 0.000253003905527, 0.000240655368543, 0.000253468082519, 9.18314326555e-05, 0.000115126778837, 0.000110066845082, 0.000225086201681, 0.00016211620823, 8.66043774295e-05, 0.000134436864755, 9.09243244678e-05, 4.1220759158e-05, 1.73204934981e-05, 4.99207053508e-05, 4.87163561047e-05, 9.75250350166e-06, 1.37963479574e-05, 8.81058804225e-06, 3.09718325298e-06, 3.45214971276e-06, 3.31821183863e-06, 1.3810550854e-06, 1.08038375402e-06, 5.33661989266e-07, 3.36147309099e-07, 1.13432925275e-07, 3.3355327389e-08, 7.34587635165e-09, 1.53153223437e-09]
    },
    "melbands128": {
        "max": [2.22393518925e-05, 3.03134274873e-05, 6.5195505158e-05, 0.000620459672064, 0.00115628424101, 0.00204946682788, 0.00196831487119, 0.00151984905824, 0.00208952487446, 0.0025777015835, 0.0044713774696, 0.00220520119183, 0.00299537554383, 0.00498954113573, 0.00669014453888, 0.00646146852523, 0.00439920090139, 0.00842397008091, 0.0107142003253, 0.00907326675951, 0.0159129742533, 0.013562977314, 0.00665713613853, 0.0130486330017, 0.0140711087734, 0.0244503058493, 0.00667146360502, 0.00883435923606, 0.00499545782804, 0.00330962077715, 0.00519178481773, 0.00508571742103, 0.00512761576101, 0.00550444889814, 0.0034847301431, 0.00416784826666, 0.00306379585527, 0.00156568118837, 0.00111874868162, 0.00210512429476, 0.0023736061994, 0.00161090912297, 0.0012927739881, 0.0018744742265, 0.00453532207757, 0.00591153698042, 0.00273333257064, 0.00378294056281, 0.00342414807528, 0.00143264548387, 0.0014026556164, 0.0016753700329, 0.00379455531947, 0.0028323829174, 0.00125723564997, 0.00139815942384, 0.00199318467639, 0.000693189445883, 0.00021216168534, 0.0005190015072, 0.000129612424644, 0.000703630270436, 0.000727312057279, 0.000657930620946, 0.00183234154247, 0.000568336690776, 9.62385311141e-05, 0.000163851582329, 0.000217845285079, 8.7354266725e-05, 0.00031363699236, 0.000315003882861, 0.000218245462747, 0.000103710386611, 4.43451681349e-05, 7.85090815043e-05, 2.57316023635e-05, 0.000105500723294, 4.11846958741e-05, 3.74591618311e-05, 8.57293707668e-05, 6.24896929367e-05, 3.78409968107e-05, 1.6189449525e-05, 1.22012188513e-05, 2.04607476917e-05, 1.67798261828e-05, 1.26149407151e-05, 7.03213527231e-06, 4.87104898639e-06, 8.24832022772e-06, 4.1428293116e-06, 3.28914143211e-06, 1.52437564793e-06, 1.04836385617e-06, 7.3398848599e-07, 4.75565627767e-07, 2.60049176859e-07, 1.18149230843e-07, 5.24322558704e-08, 2.20817373275e-08, 1.78073911172e-08, 1.85082438264e-08, 1.78581451848e-08, 2.84221872704e-08, 1.67964362419e-08, 2.12118003162e-08, 1.66641989097e-08, 1.4838811957e-08, 1.54355497273e-08, 1.37261810806e-08, 1.14039400145e-08, 1.01505364114e-08, 9.93976279062e-09, 9.07122910121e-09, 7.57335527624e-09, 6.36656372066e-09, 6.12651795961e-09, 6.01289640301e-09, 5.88162807347e-09, 5.75048808571e-09, 5.63504887197e-09, 5.52872858606e-09, 5.4314979181e-09, 5.35621413889e-09, 5.29386268155e-09, 5.24638466004e-09, 5.21746512661e-09],
        "mean": [4.57703833945e-07, 1.96840483113e-06, 4.77658568343e-06, 1.89747261174e-05, 5.57224884687e-05, 8.57687628013e-05, 0.000101108678791, 9.30519527174e-05, 8.85937552084e-05, 0.000120758508274, 0.000131681503262, 9.7584015748e-05, 7.88026081864e-05, 8.3885366621e-05, 0.000112375535537, 0.000104312341136, 0.000156037829584, 0.000256580417044, 0.000343201798387, 0.000296927377349, 0.000410303007811, 0.000289049930871, 0.000231981408433, 0.000272072677035, 0.000442147720605, 0.00123929791152, 0.000329322268954, 0.00016180856619, 0.000209791847738, 0.000114203736302, 0.000120183744002, 0.000121827797557, 9.76927476586e-05, 0.000221019858145, 0.00018872259534, 0.000133551307954, 7.79003312346e-05, 5.82241591474e-05, 3.33513053192e-05, 4.09193853557e-05, 8.1572405179e-05, 3.97961157432e-05, 3.29817048623e-05, 6.47578199278e-05, 0.000128796353238, 9.25066851778e-05, 4.34353714809e-05, 8.80400402821e-05, 4.94434134453e-05, 1.72331856447e-05, 4.12603294535e-05, 5.7190656662e-05, 6.00007770117e-05, 4.37052985944e-05, 3.7273264752e-05, 3.98641968786e-05, 5.69568437641e-05, 1.31408642119e-05, 1.03572710941e-05, 1.54099961946e-05, 6.67933863951e-06, 4.20840615334e-06, 1.1178859495e-05, 1.44430050568e-05, 4.00971330237e-05, 2.00726808544e-05, 6.15693079453e-06, 5.40603923582e-06, 5.50821778234e-06, 3.51430185219e-06, 2.92195409202e-06, 1.00855359051e-05, 6.5073031692e-06, 1.78701327513e-06, 1.33769526656e-06, 1.33484081744e-06, 1.14840645438e-06, 2.28406679526e-06, 1.30054888814e-06, 7.69433654568e-07, 1.0814505913e-06, 1.43651118378e-06, 9.13285930437e-07, 4.3043908704e-07, 3.00181227431e-07, 3.71723643866e-07, 5.36979428034e-07, 3.94177504859e-07, 1.25704985976e-07, 1.04448268701e-07, 1.56649107907e-07, 1.25475978052e-07, 6.6289423728e-08, 3.31642908691e-08, 3.89889187602e-08, 2.47009364074e-08, 1.41378624363e-08, 1.09267261905e-08, 9.11867825693e-09, 6.63315313787e-09, 5.97264326885e-09, 5.78328940293e-09, 6.02231509106e-09, 6.05671068854e-09, 5.76571146382e-09, 5.70443692283e-09, 5.67617197689e-09, 5.78477976632e-09, 5.60680879502e-09, 5.4573070507e-09, 4.92902829663e-09, 4.39829284105e-09, 3.94995947062e-09, 3.16667758682e-09, 1.78998926792e-09, 6.74055977701e-10, 2.33319918941e-10, 1.20897632183e-11, 1.1634036616e-11, 1.13633980697e-11, 1.11039909906e-11, 1.08789088848e-11, 1.06686265725e-11, 1.04735352335e-11, 1.03365978971e-11, 1.0221708896e-11, 1.01329977395e-11, 1.00733553443e-11],
        "min": [7.33667959718e-10, 2.52341525453e-09, 2.7112729839e-08, 2.0214431018e-08, 4.32283755458e-08, 1.14567605181e-07, 8.01041650789e-08, 7.29749842776e-08, 2.42579830001e-07, 2.63491045871e-07, 1.62717185503e-07, 2.87618775019e-07, 1.40341867905e-07, 4.08977541611e-07, 5.44965075733e-07, 4.70696221555e-07, 4.31711924875e-07, 3.39208952482e-07, 1.5084037841e-07, 1.73996767217e-07, 2.28220855547e-07, 2.49875853342e-07, 1.65985767353e-07, 2.14747416294e-07, 1.17804233923e-07, 1.03805035678e-07, 2.2042344483e-07, 1.61875036042e-07, 3.80962546842e-07, 1.28774004793e-07, 5.60997612808e-08, 1.58869852385e-07, 8.14751430767e-08, 2.23833822588e-07, 4.44292105328e-08, 2.99417592942e-08, 4.93517013922e-08, 7.98523558387e-08, 3.13908188332e-08, 5.38168301034e-08, 4.57786413222e-08, 5.5865282178e-08, 1.7485799475e-08, 3.00136235865e-08, 6.22340721179e-08, 2.89561778999e-08, 3.08883230105e-08, 6.4711194625e-08, 4.56766287016e-08, 2.66383750613e-08, 2.44256561643e-08, 3.04850047428e-08, 1.50525050202e-08, 2.05846912849e-08, 3.09858734227e-08, 4.96074328282e-08, 3.44597061996e-08, 7.29259941323e-09, 8.15516898456e-09, 8.40722158557e-09, 3.13441472777e-09, 3.43581341156e-09, 1.0449738852e-08, 7.96613086607e-09, 4.84591655692e-09, 3.34965699622e-09, 3.4811151739e-09, 3.58108209753e-09, 2.10922879162e-09, 2.44348319356e-09, 2.43107356468e-09, 2.30926233691e-09, 2.26519825119e-09, 1.50577594837e-09, 2.36084019001e-09, 2.34585906256e-09, 2.58534504916e-09, 2.97136981686e-09, 1.80687276252e-09, 1.56709401011e-09, 1.90848137294e-09, 2.03716354896e-09, 1.48249668097e-09, 1.18749166056e-09, 1.9629851078e-09, 1.41633527129e-09, 1.47395629035e-09, 1.20823373528e-09, 1.44270229097e-09, 1.44213019304e-09, 1.92156734968e-09, 1.68295388736e-09, 1.2368689406e-09, 1.58215329726e-09, 1.45441914068e-09, 1.51497103751e-09, 1.26378452148e-09, 1.84701387518e-09, 1.60849833453e-09, 1.64252678125e-09, 1.46079037755e-09, 1.63480140536e-09, 1.03014952124e-09, 1.42724931873e-09, 2.02030459029e-09, 1.78334613743e-09, 1.90098270458e-09, 1.44897749355e-09, 1.75571468475e-09, 1.60765800672e-09, 1.46792200617e-09, 1.5745221793e-09, 1.38016531537e-09, 1.00941666137e-09, 4.88028673029e-10, 9.21977286183e-11, 2.33433959012e-13, 1.42216072902e-13, 8.16043467609e-14, 9.46764368293e-14, 9.61173347402e-14, 1.06883279354e-13, 8.48046676286e-14, 1.00303540972e-13, 9.96060127282e-14, 1.08002758755e-13, 9.15690185352e-14, 1.00378506776e-13],
        "stdev": [7.93043739122e-07, 2.69107272288e-06, 6.64879962642e-06, 4.15368376707e-05, 0.000107104169729, 0.000171007792233, 0.000159742310643, 0.000152739376063, 0.000150626670802, 0.000200522787054, 0.000268912728643, 0.000205301985261, 0.000175316454261, 0.000211560080061, 0.000260377797531, 0.000287656119326, 0.000353768089553, 0.000723722623661, 0.00096665538149, 0.000739207025617, 0.00118061201647, 0.000944152125157, 0.000611557858065, 0.000840529100969, 0.00121919019148, 0.00348171102814, 0.000824841787107, 0.000490993028507, 0.000544999667909, 0.000299155188259, 0.000402275589295, 0.00033836660441, 0.000282530236291, 0.00049619784113, 0.000410608772654, 0.000357409240678, 0.000234057253692, 0.000120479046018, 7.56606241339e-05, 0.000120041062473, 0.000202113384148, 9.97358583845e-05, 0.000104656937765, 0.000192206425709, 0.000353301729774, 0.000377374497475, 0.000182933086762, 0.000243802569457, 0.00022543684463, 7.71251725382e-05, 0.000111627450678, 0.000150689549628, 0.000250390177825, 0.000149130821228, 0.000119859047118, 0.00011151318904, 0.000205747332075, 3.95023635065e-05, 2.48619708145e-05, 4.53686625406e-05, 1.37582810567e-05, 2.12383401959e-05, 5.36851403012e-05, 5.30294310011e-05, 0.00014907552395, 6.17046607658e-05, 9.97751521936e-06, 1.09755837912e-05, 1.65025321621e-05, 7.44181807022e-06, 1.0873132851e-05, 3.34852084052e-05, 1.90460250451e-05, 6.11709720033e-06, 3.67281722902e-06, 4.85809778183e-06, 2.68196458819e-06, 7.86743476056e-06, 3.65979258277e-06, 2.60809133579e-06, 5.12574661116e-06, 5.43450414625e-06, 3.27449765791e-06, 1.30232581341e-06, 1.03804643459e-06, 1.49841719121e-06, 1.73599323716e-06, 1.17971273994e-06, 4.42707772663e-07, 3.79170700171e-07, 5.55206099762e-07, 3.51871364046e-07, 2.55343763911e-07, 1.13301339866e-07, 1.03257931983e-07, 5.52966348266e-08, 3.45477673136e-08, 1.87066788726e-08, 1.03409245611e-08, 3.82491505135e-09, 2.36193975489e-09, 2.16180850998e-09, 2.18222728776e-09, 2.21320894944e-09, 2.08756834041e-09, 1.98361194137e-09, 1.98410754493e-09, 1.94057592218e-09, 1.92470217542e-09, 1.8167236604e-09, 1.59204138761e-09, 1.39051348214e-09, 1.21815391108e-09, 1.01216279802e-09, 6.13129547133e-10, 3.42857936486e-10, 2.62274563179e-10, 2.32427868618e-10, 2.27939708775e-10, 2.22923721149e-10, 2.1790920457e-10, 2.13495818246e-10, 2.09453926425e-10, 2.05783404206e-10, 2.02927105675e-10, 2.00535477113e-10, 1.98754762648e-10, 1.97660984802e-10]
    },
    "mfcc": {
        "mean": [-704.916687012, 152.773223877, -52.8974494934, 5.1076130867, -21.7524547577, -7.36475324631, -12.888001442, -2.23638081551, -4.31236410141, -4.93615484238, -6.10287666321, -4.55889558792, -2.57407069206],
        "cov": [[3608.86425781, -1263.23388672, -1477.19934082, 605.436950684, -443.382507324, 349.473510742, -1.47935736179, 260.641662598, -125.405715942, 273.403961182, -44.7408370972, -50.8090019226, 2.61663651466], [-1263.23388672, 1079.90612793, 582.494140625, -444.874633789, 124.571372986, -247.959869385, 45.2744407654, -59.8322257996, 95.3113250732, -144.887557983, 106.316085815, 16.6802062988, 18.9127960205], [-1477.19934082, 582.494140625, 916.752563477, -259.818664551, 101.133491516, -109.237991333, -15.7457704544, -48.0009880066, 29.3481082916, -154.132278442, 0.172019407153, 24.6404857635, -20.9977798462], [605.436950684, -444.874633789, -259.818664551, 391.407592773, 90.5101623535, 102.140937805, -41.6576881409, 1.35913157463, -32.7351646423, 64.9393539429, -51.037689209, -15.5838184357, -3.09568285942], [-443.382507324, 124.571372986, 101.133491516, 90.5101623535, 443.941864014, 22.0805644989, -111.933876038, -127.200416565, -19.2291412354, 7.6783823967, -14.9195594788, 3.55592942238, 13.1014270782], [349.473510742, -247.959869385, -109.237991333, 102.140937805, 22.0805644989, 173.793029785, 10.9883460999, 12.0471591949, -23.6123180389, 44.8196144104, -27.4728965759, -6.84388160706, -14.0213346481], [-1.47935736179, 45.2744407654, -15.7457704544, -41.6576881409, -111.933876038, 10.9883460999, 191.023971558, 97.0476760864, 29.0183906555, -11.0682220459, 5.03957796097, -0.0217510107905, -0.143204823136], [260.641662598, -59.8322257996, -48.0009880066, 1.35913157463, -127.200416565, 12.0471591949, 97.0476760864, 163.423751831, 24.0364894867, -12.3246622086, -6.19468736649, -7.34680318832, -3.11761641502], [-125.405715942, 95.3113250732, 29.3481082916, -32.7351646423, -19.2291412354, -23.6123180389, 29.0183906555, 24.0364894867, 97.2268447876, 15.2906961441, 14.8997850418, -8.51065063477, -15.2140474319], [273.403961182, -144.887557983, -154.132278442, 64.9393539429, 7.6783823967, 44.8196144104, -11.0682220459, -12.3246622086, 15.2906961441, 124.3176651, 26.2586669922, -8.13292789459, -0.0321849063039], [-44.7408370972, 106.316085815, 0.172019407153, -51.037689209, -14.9195594788, -27.4728965759, 5.03957796097, -6.19468736649, 14.8997850418, 26.2586669922, 89.0330047607, 20.2299575806, 2.29955220222], [-50.8090019226, 16.6802062988, 24.6404857635, -15.5838184357, 3.55592942238, -6.84388160706, -0.0217510107905, -7.34680318832, -8.51065063477, -8.13292789459, 20.2299575806, 61.8819656372, 28.9254302979], [2.61663651466, 18.9127960205, -20.9977798462, -3.09568285942, 13.1014270782, -14.0213346481, -0.143204823136, -3.11761641502, -15.2140474319, -0.0321849063039, 2.29955220222, 28.9254302979, 87.5984954834]],
        "icov": [[0.00492882076651, -0.00521254353225, 0.0066771521233, -0.00601600762457, 0.00655279168859, -0.00736845470965, 0.00725986110047, -0.00778018822894, 0.00695169577375, -0.00527186365798, 0.0040961089544, -0.00283356965519, 0.00197518034838], [-0.00521254353225, 0.0109611321241, -0.00822572316974, 0.0099562285468, -0.00961497798562, 0.0109920455143, -0.00987137109041, 0.00945649668574, -0.0103576714173, 0.00914413575083, -0.00922199338675, 0.00603098422289, -0.00385778187774], [0.0066771521233, -0.00822572316974, 0.0111043639481, -0.00793712027371, 0.00884759705514, -0.0105092162266, 0.0103886686265, -0.0105947768316, 0.00942775793374, -0.00618107896298, 0.0068396255374, -0.00514943804592, 0.00374824763276], [-0.00601600762457, 0.0099562285468, -0.00793712027371, 0.0140457721427, -0.0108280526474, 0.0101316953078, -0.00952777918428, 0.00922392681241, -0.00982096418738, 0.0075253052637, -0.00596234155819, 0.0048910221085, -0.00298364250921], [0.00655279168859, -0.00961497798562, 0.00884759705514, -0.0108280526474, 0.0134851420298, -0.0119813904166, 0.0114858327433, -0.00874430127442, 0.0101911947131, -0.00854627694935, 0.00770465983078, -0.0048472690396, 0.00255643227138], [-0.00736845470965, 0.0109920455143, -0.0105092162266, 0.0101316953078, -0.0119813904166, 0.0213601496071, -0.0134155955166, 0.0115173570812, -0.00967748649418, 0.00645045470446, -0.00610515568405, 0.00444447482005, -0.00170098990202], [0.00725986110047, -0.00987137109041, 0.0103886686265, -0.00952777918428, 0.0114858327433, -0.0134155955166, 0.0197912231088, -0.0158869549632, 0.00989367347211, -0.00847363378853, 0.00754462881014, -0.00557138258591, 0.0030265096575], [-0.00778018822894, 0.00945649668574, -0.0105947768316, 0.00922392681241, -0.00874430127442, 0.0115173570812, -0.0158869549632, 0.0233443044126, -0.0136833693832, 0.0111558558419, -0.00758376065642, 0.00621687108651, -0.00429293978959], [0.00695169577375, -0.0103576714173, 0.00942775793374, -0.00982096418738, 0.0101911947131, -0.00967748649418, 0.00989367347211, -0.0136833693832, 0.0247082617134, -0.0132291624323, 0.00813300441951, -0.00484047271311, 0.00606866646558], [-0.00527186365798, 0.00914413575083, -0.00618107896298, 0.0075253052637, -0.00854627694935, 0.00645045470446, -0.00847363378853, 0.0111558558419, -0.0132291624323, 0.0222315546125, -0.0134312575683, 0.00785881839693, -0.00487049901858], [0.0040961089544, -0.00922199338675, 0.0068396255374, -0.00596234155819, 0.00770465983078, -0.00610515568405, 0.00754462881014, -0.00758376065642, 0.00813300441951, -0.0134312575683, 0.0244160778821, -0.0115935793146, 0.00550528476015], [-0.00283356965519, 0.00603098422289, -0.00514943804592, 0.0048910221085, -0.0048472690396, 0.00444447482005, -0.00557138258591, 0.00621687108651, -0.00484047271311, 0.00785881839693, -0.0115935793146, 0.0256573762745, -0.00963609386235], [0.00197518034838, -0.00385778187774, 0.00374824763276, -0.00298364250921, 0.00255643227138, -0.00170098990202, 0.0030265096575, -0.00429293978959, 0.00606866646558, -0.00487049901858, 0.00550528476015, -0.00963609386235, 0.016269788146]]
    },
    "spectral_contrast_coeffs": {
        "max": [-0.475308775902, -0.470272451639, -0.458475649357, -0.592181622982, -0.596999287605, -0.580512523651],
        "mean": [-0.694039285183, -0.726269423962, -0.719762384892, -0.761905133724, -0.762850224972, -0.746570646763],
        "min": [-0.973700404167, -0.909793078899, -0.896863460541, -0.906226933002, -0.91211616993, -0.955841064453],
        "stdev": [0.0635922849178, 0.0787085816264, 0.0895168930292, 0.0544942691922, 0.0500554740429, 0.0686270147562]
    },
    "spectral_contrast_valleys": {
        "max": [-6.62191295624, -5.33742952347, -5.48771715164, -5.92486143112, -6.23672580719, -10.1408729553],
        "mean": [-7.98726797104, -6.86097764969, -7.3809800148, -7.81738758087, -8.24763202667, -11.6857252121],
        "min": [-9.95302581787, -8.5094499588, -9.24107551575, -9.68517971039, -10.2157716751, -12.16106987],
        "stdev": [0.552015006542, 0.527369737625, 0.681897997856, 0.803203046322, 0.904074430466, 0.247145339847]
    }
},
"rhythm": {
    "beats_count": 60,
    "beats_loudness": {
        "max": 0.0650157630444,
        "mean": 0.0199447646737,
        "min": 0.000805136864074,
        "stdev": 0.0117135234177
    },
    "bpm": 101.30141449,
    "bpm_histogram_first_peak_bpm": 101,
    "bpm_histogram_first_peak_weight": 0.600000023842,
    "bpm_histogram_second_peak_bpm": 152,
    "bpm_histogram_second_peak_spread": 0.3125,
    "bpm_histogram_second_peak_weight": 0.186440676451,
    "danceability": 1.0458959341,
    "onset_rate": 3.10693335533,
    "beats_loudness_band_ratio": {
        "max": [0.460472732782, 0.641670405865, 0.906520605087, 0.74237549305, 0.614545404911, 0.370215773582],
        "mean": [0.053548630327, 0.100231796503, 0.440500587225, 0.219366729259, 0.167327597737, 0.0443479791284],
        "min": [0.00113566429354, 0.00651810597628, 0.0281226504594, 0.0227207448334, 0.00456610741094, 0.000570820935536],
        "stdev": [0.0835793688893, 0.128722861409, 0.278895497322, 0.150180742145, 0.200307205319, 0.0794502720237]
    },
    "beats_position": [0.650158703327, 1.30031740665, 1.95047616959, 2.58902478218, 3.20435357094, 3.80807256699, 4.41179132462, 5.00390005112, 5.59600877762, 6.19972801208, 6.79183673859, 7.38394546509, 7.96444416046, 8.54494285583, 9.12544155121, 9.71755123138, 10.2864398956, 10.866938591, 11.4590473175, 12.051156044, 12.6316547394, 13.2121543884, 13.7926530838, 14.3847618103, 14.9768705368, 15.5573692322, 16.1494789124, 16.7415866852, 17.3336963654, 17.9374141693, 18.5527439117, 19.1564617157, 19.760181427, 20.363899231, 20.8979587555, 21.43201828, 21.9544658661, 22.4885253906, 23.0225849152, 23.5566444397, 24.0790920258, 24.589931488, 25.1007709503, 25.4955101013, 25.8902492523, 26.2849884033, 26.6913375854, 27.0976867676, 27.4924259186, 27.8755550385, 28.2819042206, 28.6766433716, 29.0713825226, 29.4661216736, 29.8608608246, 30.2555999756, 30.6503391266, 31.0450782776, 31.4514274597, 31.8577766418],
