{
"metadata": {
    "version": {
        "essentia": "2.1-beta5",
        "essentia_git_sha": "Undefined",
        "extractor": "music 2.0"
    },
    "audio_properties": {
        "analysis": {
            "equal_loudness": 0,
            "length": 32.4963264465,
            "sample_rate": 44100,
            "start_time": 12.7477550507,
            "downmix": "mix"
        },
        "bit_rate": 192000,
        "length": 167.392654419,
        "lossless": 0,
        "number_channels": 2,
        "replay_gain": -6.97957801819,
        "sample_rate": 44100,
        "codec": "mp3",
        "md5_encoded": "2772f6fd698bbff6957c51b1ed7c2021"
    },
    "tags": {
        "file_name": "Austria_Musik_Marianne Mendt.mp3",
        "encoding": ["Lavf58.29.100"]
    }
},
"lowlevel": {
    "average_loudness": 0.969874620438,
    "barkbands_crest": {
        "max": 23.2865257263,
        "mean": 8.98557090759,
        "min": 2.59995508194,
        "stdev": 3.85362839699
    },
    "barkbands_flatness_db": {
        "max": 0.280218750238,
        "mean": 0.152380749583,
        "min": 0.0612153075635,
        "stdev": 0.0411011278629
    },
    "barkbands_kurtosis": {
        "max": 54.2312278748,
        "mean": 0.920546233654,
        "min": -1.80841195583,
        "stdev": 3.11073684692
    },
    "barkbands_skewness": {
        "max": 4.9161939621,
        "mean": 0.407134383917,
        "min": -2.84126663208,
        "stdev": 0.846462845802
    },
    "barkbands_spread": {
        "max": 58.5124435425,
        "mean": 15.9064378738,
        "min": 1.25730657578,
        "stdev": 8.69651412964
    },
    "dissonance": {
        "max": 0.499824136496,
        "mean": 0.454579532146,
        "min": 0.24469910562,
        "stdev": 0.0399259664118
    },
    "dynamic_complexity": 2.8399181366,
    "erbbands_crest": {
        "max": 29.1459140778,
        "mean": 11.2778244019,
        "min": 3.32437181473,
        "stdev": 4.78715419769
    },
    "erbbands_flatness_db": {
        "max": 0.365035414696,
        "mean": 0.232527107,
        "min": 0.119025208056,
        "stdev": 0.042909745127
    },
    "erbbands_kurtosis": {
        "max": 31.1543197632,
        "mean": 1.08086252213,
        "min": -1.85386514664,
        "stdev": 2.50786733627
    },
    "erbbands_skewness": {
        "max": 4.61713457108,
        "mean": 0.0863783732057,
        "min": -2.71771407127,
        "stdev": 0.837702989578
    },
    "erbbands_spread": {
        "max": 75.5244140625,
        "mean": 20.4956684113,
        "min": 2.92476391792,
        "stdev": 10.7792482376
    },
    "hfc": {
        "max": 112.016784668,
        "mean": 24.2713985443,
        "min": 0.441261559725,
        "stdev": 18.4728450775
    },
    "loudness_ebu128": {
        "integrated": -17.3095245361,
        "loudness_range": 3.13443374634,
        "momentary": {
            "max": -13.5093135834,
            "mean": -17.9740810394,
            "min": -28.5050868988,
            "stdev": 2.66139960289
        },
        "short_term": {
            "max": -15.6223592758,
            "mean": -17.6744670868,
            "min": -19.8052444458,
            "stdev": 0.974499702454
        }
    },
    "melbands_crest": {
        "max": 29.9576854706,
        "mean": 11.246805191,
        "min": 3.28205609322,
        "stdev": 5.07210826874
    },
    "melbands_flatness_db": {
        "max": 0.33635610342,
        "mean": 0.180706620216,
        "min": 0.0507639609277,
        "stdev": 0.0530294552445
    },
    "melbands_kurtosis": {
        "max": 49.7463798523,
        "mean": 2.03992486,
        "min": -1.72740757465,
        "stdev": 3.97067070007
    },
    "melbands_skewness": {
        "max": 4.75178289413,
        "mean": 0.855883061886,
        "min": -1.53646528721,
        "stdev": 0.88969373703
    },
    "melbands_spread": {
        "max": 175.001800537,
        "mean": 28.2184886932,
        "min": 1.78748869896,
        "stdev": 18.5747585297
    },
    "pitch_salience": {
        "max": 0.859577953815,
        "mean": 0.60926091671,
        "min": 0.240249216557,
        "stdev": 0.0933136194944
    },
    "silence_rate_20dB": {
        "max": 1,
        "mean": 1,
        "min": 1,
        "stdev": 0
    },
    "silence_rate_30dB": {
        "max": 1,
        "mean": 1,
        "min": 1,
        "stdev": 0
    },
    "silence_rate_60dB": {
        "max": 1,
        "mean": 0.0692362561822,
        "min": 0,
        "stdev": 0.253854066133
    },
    "spectral_centroid": {
        "max": 4549.82861328,
        "mean": 1501.74414062,
        "min": 420.070648193,
        "stdev": 593.653259277
    },
    "spectral_complexity": {
        "max": 46,
        "mean": 18.9300498962,
        "min": 2,
        "stdev": 7.39809131622
    },
    "spectral_decrease": {
        "max": -1.78541958995e-10,
        "mean": -4.77587391856e-09,
        "min": -1.68281477642e-08,
        "stdev": 3.11642134321e-09
    },
    "spectral_energy": {
        "max": 0.0685192719102,
        "mean": 0.0202267374843,
        "min": 0.000832292775158,
        "stdev": 0.0130573939532
    },
    "spectral_energyband_high": {
        "max": 0.0148250209168,
        "mean": 0.000465721212095,
        "min": 7.16174054105e-06,
        "stdev": 0.00118905410636
    },
    "spectral_energyband_low": {
        "max": 0.0070548937656,
        "mean": 0.000479630660266,
        "min": 7.00107239027e-06,
        "stdev": 0.000664601160679
    },
    "spectral_energyband_middle_high": {
        "max": 0.0609477572143,
        "mean": 0.0102227041498,
        "min": 8.68128263392e-05,
        "stdev": 0.00916563440114
    },
    "spectral_energyband_middle_low": {
        "max": 0.0649036765099,
        "mean": 0.00953142903745,
        "min": 0.000161009316798,
        "stdev": 0.0088455574587
    },
    "spectral_entropy": {
        "max": 8.37971115112,
        "mean": 7.32075214386,
        "min": 6.03606462479,
        "stdev": 0.388794600964
    },
    "spectral_flux": {
        "max": 0.212549984455,
        "mean": 0.072209186852,
        "min": 0.0128060188144,
        "stdev": 0.0337450504303
    },
    "spectral_kurtosis": {
        "max": 23.1413669586,
        "mean": 6.70903730392,
        "min": -0.782984972,
        "stdev": 4.04311561584
    },
    "spectral_rms": {
        "max": 0.00817606691271,
        "mean": 0.00415779976174,
        "min": 0.000901106512174,
        "stdev": 0.00156400364358
    },
    "spectral_rolloff": {
        "max": 7730.41992188,
        "mean": 1903.34545898,
        "min": 366.064453125,
        "stdev": 1021.08123779
    },
    "spectral_skewness": {
        "max": 3.75897741318,
        "mean": 1.63509190083,
        "min": -0.249558776617,
        "stdev": 0.565990328789
    },
    "spectral_spread": {
        "max": 19485036,
        "mean": 2930045.5,
        "min": 1817780.5,
        "stdev": 921160.9375
    },
    "spectral_strongpeak": {
        "max": 14.6761379242,
        "mean": 2.39702486992,
        "min": 0.0312838703394,
        "stdev": 2.15479898453
    },
    "zerocrossingrate": {
        "max": 0.232421875,
        "mean": 0.0661511272192,
        "min": 0.01953125,
        "stdev": 0.0279839299619
    },
    "barkbands": {
        "max": [9.9477765616e-06, 0.000826953910291, 0.00470748357475, 0.00496547715738, 0.00882300175726, 0.0372492522001, 0.0314102694392, 0.037850163877, 0.0310044102371, 0.0291130542755, 0.041009798646, 0.0226493645459, 0.0390106700361, 0.0347232930362, 0.0254849214107, 0.0215281751007, 0.0206047259271, 0.0100580183789, 0.00349709391594, 0.00749460794032, 0.00877310335636, 0.0053069437854, 0.00193879846483, 0.00132320693228, 0.000145209924085, 7.84664916864e-06, 7.91496677266e-06],
        "mean": [5.70789836729e-07, 4.5485146984e-05, 0.000298404396744, 0.000311455427436, 0.000713901361451, 0.0019690496847, 0.00184196559712, 0.00184468762018, 0.00203599664383, 0.001609493047, 0.000932770315558, 0.00112489878666, 0.0014510601759, 0.00126648601145, 0.00141767063178, 0.00104912254028, 0.00110043783206, 0.000354813062586, 0.000281851913314, 0.00021376265795, 0.000169634367921, 0.000110081367893, 5.554856034e-05, 2.40879689954e-05, 2.49692470788e-06, 5.72404530885e-07, 4.46937463039e-07],
        "min": [1.6399812619e-09, 3.05020051883e-07, 3.74969062023e-07, 7.82651568443e-07, 4.18788113166e-06, 8.73023782333e-06, 1.18116786325e-05, 4.02896966989e-06, 1.11027220555e-05, 3.64338143299e-06, 1.51739232024e-06, 2.43749195761e-06, 2.79423306893e-06, 3.83892438549e-06, 4.56512316305e-06, 3.55623637915e-06, 4.2056485654e-06, 1.65916640071e-06, 7.31884938432e-07, 5.98415340392e-07, 1.21742243664e-06, 3.49988226844e-07, 3.9892569248e-07, 3.13236654392e-07, 3.39300498808e-07, 2.08383482914e-07, 1.84169991257e-07],
        "stdev": [6.90553861205e-07, 5.96111458435e-05, 0.000532043224666, 0.000530144374352, 0.000890619994607, 0.00425314437598, 0.00377595843747, 0.00428832974285, 0.00333551503718, 0.00262353918515, 0.00269882613793, 0.00228750845417, 0.00282760104164, 0.00329924817197, 0.002402841812, 0.00230450322852, 0.00214732834138, 0.000616907258518, 0.000480576651171, 0.000472561398055, 0.000529362005182, 0.000397609052015, 0.000172258834937, 7.75001753937e-05, 8.1024809333e-06, 2.1430591346e-07, 2.19715417416e-07]
    },
    "erbbands": {
        "max": [0.00874822866172, 0.297519147396, 4.24857521057, 11.0151042938, 27.0899238586, 41.3685340881, 234.281967163, 438.294342041, 481.361572266, 1180.52563477, 1027.0423584, 677.931213379, 1188.04467773, 868.035583496, 1749.6673584, 1050.26586914, 1751.625, 1932.88464355, 1510.50158691, 1176.61999512, 1476.6875, 948.126708984, 605.077331543, 240.333755493, 288.824188232, 346.743377686, 403.423614502, 243.377349854, 157.972625732, 162.966201782, 47.8140602112, 32.1890068054, 18.5410614014, 4.2712521553, 0.167424693704, 0.0301091745496, 0.014376334846, 0.00547306379303, 0.00111346051563, 0.00012885814067],
        "mean": [0.00051461457042, 0.0179392062128, 0.255197405815, 0.758794486523, 1.65376663208, 2.73811507225, 5.25407218933, 19.0786552429, 29.1196498871, 26.4075737, 45.5116271973, 47.5642547607, 57.8812217712, 40.0824699402, 43.1868934631, 53.3826332092, 63.3676834106, 79.3860168457, 73.1195983887, 54.3369026184, 67.6340866089, 50.1017341614, 27.2585372925, 18.5515499115, 11.7561187744, 10.5959339142, 8.58853912354, 5.15022277832, 3.8738617897, 2.74834752083, 1.51239073277, 0.765021264553, 0.262127310038, 0.055876493454, 0.00635214429349, 0.00280549703166, 0.00122120708693, 0.00078256695997, 3.25880973833e-05, 2.59080461547e-05],
        "min": [1.43338174894e-05, 0.000267251714831, 0.00210684258491, 0.00332322600298, 0.0024811651092, 0.0180481206626, 0.0542763471603, 0.13005822897, 0.209162026644, 0.177149370313, 0.26728361845, 0.260602802038, 0.23031693697, 0.125834003091, 0.126486971974, 0.135081902146, 0.164599895477, 0.283995747566, 0.266598731279, 0.309356808662, 0.312801361084, 0.268808424473, 0.119971618056, 0.0642684474587, 0.0315156914294, 0.0306857135147, 0.055452413857, 0.028259254992, 0.0127893630415, 0.0153626631945, 0.009347432293, 0.00719327386469, 0.00506538152695, 0.00338182365522, 0.00226206379011, 0.00164059211966, 0.000681892037392, 0.000436015339801, 1.359558064e-05, 1.46139404933e-06],
        "stdev": [0.000539144093636, 0.0227104090154, 0.430815190077, 1.05525803566, 2.33995509148, 3.94277906418, 15.7843732834, 42.453125, 55.3230361938, 70.4017868042, 105.275634766, 78.610168457, 99.4445571899, 74.1109008789, 100.107795715, 102.96182251, 124.53968811, 170.278915405, 126.533599854, 89.0172576904, 146.388366699, 96.7905502319, 47.9716186523, 30.372838974, 25.1002941132, 21.5320949554, 22.6962680817, 18.4362888336, 14.5355892181, 9.89210891724, 4.20673751831, 2.29172754288, 0.956717073917, 0.220748573542, 0.00874739419669, 0.000930854759645, 0.00041201186832, 0.000189502301509, 3.04208824673e-05, 1.64093271451e-05]
    },
    "gfcc": {
        "mean": [-30.2098999023, 99.4874191284, -172.290679932, 4.00322818756, -64.6236801147, -6.87100362778, -36.8751106262, -7.7766494751, -17.3683395386, -7.15388631821, -17.1964187622, -7.49680185318, -16.7293357849],
        "cov": [[1393.36486816, -227.102096558, -692.751037598, 264.191436768, -94.5572967529, -61.0842895508, 37.1057281494, -40.8746490479, 140.115005493, -109.784194946, 133.62739563, -119.069450378, 87.2064056396], [-227.102096558, 507.862060547, 220.784393311, -335.798980713, 131.157440186, -106.393379211, 61.6440124512, 60.7372436523, -104.084632874, 18.3360500336, -30.330532074, -4.47267007828, -36.6720657349], [-692.751037598, 220.784393311, 647.389343262, -26.1949863434, -61.8846473694, 16.5712223053, -43.0242996216, 34.7556915283, -72.717918396, -2.65961480141, -71.2024307251, 71.0876922607, -52.9837493896], [264.191436768, -335.798980713, -26.1949863434, 524.555603027, -44.2317886353, 23.5380325317, -83.3745040894, -37.6543693542, 105.566650391, -35.2489280701, -8.28661823273, 12.0935955048, 21.0486183167], [-94.5572967529, 131.157440186, -61.8846473694, -44.2317886353, 278.203613281, -15.6519422531, 6.04651927948, 23.3977470398, -21.0035552979, 50.9710083008, -36.7701797485, -13.2899188995, -9.26027107239], [-61.0842895508, -106.393379211, 16.5712223053, 23.5380325317, -15.6519422531, 271.463256836, 96.5753250122, -50.2789573669, -25.3640213013, -5.27430391312, -12.1740350723, -17.2529029846, -43.6939468384], [37.1057281494, 61.6440124512, -43.0242996216, -83.3745040894, 6.04651927948, 96.5753250122, 218.283370972, 35.1719856262, -86.8480987549, -17.1241512299, 13.9563055038, -33.4536476135, -39.0033226013], [-40.8746490479, 60.7372436523, 34.7556915283, -37.6543693542, 23.3977470398, -50.2789573669, 35.1719856262, 103.85975647, 11.300069809, -21.2820625305, 0.723429143429, -8.64684009552, -0.0064048115164], [140.115005493, -104.084632874, -72.717918396, 105.566650391, -21.0035552979, -25.3640213013, -86.8480987549, 11.300069809, 138.213165283, 17.9943752289, -15.9903945923, -7.42795467377, 23.4870510101], [-109.784194946, 18.3360500336, -2.65961480141, -35.2489280701, 50.9710083008, -5.27430391312, -17.1241512299, -21.2820625305, 17.9943752289, 92.6862945557, -4.49425172806, 0.0160399526358, -5.17691850662], [133.62739563, -30.330532074, -71.2024307251, -8.28661823273, -36.7701797485, -12.1740350723, 13.9563055038, 0.723429143429, -15.9903945923, -4.49425172806, 97.364440918, 17.9683094025, 12.014497757], [-119.069450378, -4.47267007828, 71.0876922607, 12.0935955048, -13.2899188995, -17.2529029846, -33.4536476135, -8.64684009552, -7.42795467377, 0.0160399526358, 17.9683094025, 91.1837387085, 26.5367126465], [87.2064056396, -36.6720657349, -52.9837493896, 21.0486183167, -9.26027107239, -43.6939468384, -39.0033226013, -0.0064048115164, 23.4870510101, -5.17691850662, 12.014497757, 26.5367126465, 73.3062210083]],
        "icov": [[0.0139850247651, -0.0169186536223, 0.0162253174931, -0.0132182780653, 0.00915598589927, -0.00301516195759, -0.00140642828774, 0.00675629731268, -0.00973078981042, 0.0121996281669, -0.0125662116334, 0.011780965142, -0.0091920979321], [-0.0169186536223, 0.0329693779349, -0.0278260856867, 0.0238449480385, -0.0203035417944, 0.0127110499889, -0.00807215366513, 0.00288558145985, 0.00277722300962, -0.00662749866024, 0.0109269497916, -0.0103017017245, 0.0109587777406], [0.0162253174931, -0.0278260856867, 0.0284602064639, -0.0211946833879, 0.0194400921464, -0.0111247329041, 0.00900783576071, -0.00563283357769, 0.000883558124769, 0.00558607745916, -0.0073151960969, 0.00760881183669, -0.00739317527041], [-0.0132182780653, 0.0238449480385, -0.0211946833879, 0.0202171802521, -0.0152740785852, 0.00874509941787, -0.00567637383938, 0.00334933842532, -0.000240042310907, -0.00375865888782, 0.00825667846948, -0.00867305789143, 0.00839040149003], [0.00915598589927, -0.0203035417944, 0.0194400921464, -0.0152740785852, 0.0194728150964, -0.0100858928636, 0.00999447610229, -0.0104868831113, 0.00698341988027, -0.0038588498719, -0.000333404110279, 0.00338557525538, -0.00452864449471], [-0.00301516195759, 0.0127110499889, -0.0111247329041, 0.00874509941787, -0.0100858928636, 0.0141869233921, -0.0126935672015, 0.0140528371558, -0.00943691469729, 0.00610282132402, -0.00140437157825, 0.000642879225779, 0.00327550503425], [-0.00140642828774, -0.00807215366513, 0.00900783576071, -0.00567637383938, 0.00999447610229, -0.0126935672015, 0.0227276328951, -0.0223183687776, 0.0213498286903, -0.0126513894647, 0.00781183503568, -0.0042083109729, 0.00407175906003], [0.00675629731268, 0.00288558145985, -0.00563283357769, 0.00334933842532, -0.0104868831113, 0.0140528371558, -0.0223183687776, 0.0398909710348, -0.0297987498343, 0.0247314274311, -0.0167142767459, 0.0125194480643, -0.00694533530623], [-0.00973078981042, 0.00277722300962, 0.000883558124769, -0.000240042310907, 0.00698341988027, -0.00943691469729, 0.0213498286903, -0.0297987498343, 0.0388328209519, -0.0255919788033, 0.0199705343693, -0.0118035944179, 0.00703750457615], [0.0121996281669, -0.00662749866024, 0.00558607745916, -0.00375865888782, -0.0038588498719, 0.00610282132402, -0.0126513894647, 0.0247314274311, -0.0255919788033, 0.0347442440689, -0.0183088164777, 0.0137811489403, -0.00762549648061], [-0.0125662116334, 0.0109269497916, -0.0073151960969, 0.00825667846948, -0.000333404110279, -0.00140437157825, 0.00781183503568, -0.0167142767459, 0.0199705343693, -0.0183088164777, 0.0293984059244, -0.0173107367009, 0.00978977046907], [0.011780965142, -0.0103017017245, 0.00760881183669, -0.00867305789143, 0.00338557525538, 0.000642879225779, -0.0042083109729, 0.0125194480643, -0.0118035944179, 0.0137811489403, -0.0173107367009, 0.0281991697848, -0.0152215678245], [-0.0091920979321, 0.0109587777406, -0.00739317527041, 0.00839040149003, -0.00452864449471, 0.00327550503425, 0.00407175906003, -0.00694533530623, 0.00703750457615, -0.00762549648061, 0.00978977046907, -0.0152215678245, 0.0269644446671]]
    },
    "melbands": {
        "max": [0.000136319373269, 0.00153332541231, 0.00175933423452, 0.00188763707411, 0.00605486985296, 0.00878415163606, 0.0067620370537, 0.0122704515234, 0.00746610295027, 0.00459665432572, 0.00591348437592, 0.00354977417737, 0.00651917047799, 0.00339892576449, 0.00427611637861, 0.00290840375237, 0.00438731815666, 0.00216248631477, 0.00142183946446, 0.0011455793865, 0.00214929110371, 0.00137482432183, 0.00088212301489, 0.000315155630233, 0.000241886140429, 0.000198463254492, 0.000307458540192, 0.00019945789245, 0.000227559634368, 0.00021899548301, 0.000113057780254, 9.63442289503e-05, 0.000106014878838, 7.5235911936e-05, 3.21237312164e-05, 2.82015244011e-05, 1.61292991834e-05, 1.55411289597e-05, 7.13664985597e-06, 2.25262328968e-06],
        "mean": [8.10037090559e-06, 9.88953397609e-05, 0.00015888219059, 0.000156398120453, 0.000169555059983, 0.000427315826528, 0.000435449794168, 0.000294910219964, 0.000360265607014, 0.000303408625768, 0.000281292304862, 0.000155973670189, 0.000142117991345, 0.00013785235933, 0.000134692963911, 0.000127993043861, 0.000153548782691, 0.000108450585685, 8.69574068929e-05, 6.78664218867e-05, 8.22957299533e-05, 5.33037673449e-05, 4.17888259108e-05, 1.61858624779e-05, 1.50799414769e-05, 8.06945627119e-06, 7.57971747589e-06, 6.70212239129e-06, 6.04943261351e-06, 3.761590051e-06, 2.73205250778e-06, 2.29273564401e-06, 1.87105831628e-06, 1.32374202622e-06, 9.15244640964e-07, 6.1658033701e-07, 3.85886011145e-07, 2.13529730786e-07, 7.89628344933e-08, 3.10863015329e-08],
        "min": [1.52672399167e-07, 1.08044343961e-06, 5.05908644755e-07, 6.49062826596e-07, 1.65240817296e-06, 2.30086061492e-06, 3.17242097481e-06, 8.4947492951e-07, 1.72948818999e-06, 1.30864339098e-06, 1.03272611796e-06, 3.36974068205e-07, 4.60185674456e-07, 2.33732663446e-07, 4.91903335842e-07, 4.17838691646e-07, 3.76829575544e-07, 1.85327792224e-07, 3.02389906892e-07, 3.45732672713e-07, 2.07859201851e-07, 2.56801115484e-07, 1.35006942514e-07, 7.52905435775e-08, 4.4798003529e-08, 2.19493401232e-08, 2.26758931632e-08, 1.40475329147e-08, 2.57537955406e-08, 2.4165721868e-08, 1.0358297331e-08, 7.26233739812e-09, 6.28313490125e-09, 7.73739738946e-09, 4.84589302019e-09, 4.85133044847e-09, 4.34399805016e-09, 3.07454639525e-09, 2.60112686945e-09, 2.30002328294e-09],
        "stdev": [1.00092911453e-05, 0.00015420994896, 0.000202063994948, 0.000201710892725, 0.000443754106527, 0.000900603889022, 0.000810623634607, 0.000742347911, 0.00079097825801, 0.000509174540639, 0.000494421226904, 0.000313913682476, 0.000404927588534, 0.000273398531135, 0.000290588766802, 0.000237985208514, 0.000380147539545, 0.000191750601516, 0.000146329766721, 0.000124944315758, 0.00018995910068, 0.000112355592137, 9.76505180006e-05, 2.71001936198e-05, 2.85657733912e-05, 1.79893158929e-05, 1.90219852811e-05, 1.3152268366e-05, 1.42675035022e-05, 1.40339152495e-05, 1.01499572338e-05, 8.43297038955e-06, 7.62662511988e-06, 4.76657760373e-06, 2.52429845204e-06, 1.93981259144e-06, 1.18554692108e-06, 7.87153396686e-07, 3.22296784816e-07, 1.30242227669e-07]
    },
    "melbands128": {
        "max": [5.22721393281e-06, 2.61509649135e-05, 0.000185619413969, 0.000539694272447, 0.00191660074051, 0.00261441804469, 0.00265498948283, 0.00264097680338, 0.00351500301622, 0.0030122238677, 0.00299917673692, 0.00408608559519, 0.00965740531683, 0.0126165319234, 0.0113117117435, 0.0155433733016, 0.00769072398543, 0.011901255697, 0.00972632132471, 0.0219235569239, 0.0112542659044, 0.0129190161824, 0.0107025057077, 0.00493254233152, 0.00816997140646, 0.00912571325898, 0.00987974740565, 0.0111907944083, 0.00516827264801, 0.00491026695818, 0.00637314608321, 0.00610052421689, 0.0119353244081, 0.00567121151835, 0.00574918696657, 0.00693405652419, 0.00541390106082, 0.00570869585499, 0.0116235250607, 0.00531609728932, 0.00410422775894, 0.00478087412193, 0.00712464144453, 0.00615881243721, 0.0054501821287, 0.00248049083166, 0.00568247167394, 0.00292304973118, 0.00255345902406, 0.00379018764943, 0.00125399488024, 0.00232553808019, 0.00476619740948, 0.00601640623063, 0.00396287953481, 0.00247440533713, 0.00203304016031, 0.00216905470006, 0.00150328315794, 0.00125447253231, 0.000451268657343, 0.000862647546455, 0.000417853792896, 0.00031103938818, 0.000199259156943, 0.000174317247001, 0.000453103304608, 0.000352756294888, 0.000406872306485, 0.000405337574193, 0.000230213612667, 0.000160248120665, 0.00015914622054, 0.000216937682126, 0.000531438505277, 0.000348673027474, 0.000207034579944, 0.000264272239292, 0.000169902850757, 0.000207608347409, 0.000171102175955, 0.000126816172269, 0.000109039589006, 0.000143221346661, 0.000130450280267, 0.000110364540888, 6.6061540565e-05, 3.50070185959e-05, 4.18035888288e-05, 3.1664269045e-05, 2.86842678179e-05, 4.90390666528e-05, 2.96321122732e-05, 1.82007734111e-05, 1.3658908756e-05, 1.30591879497e-05, 2.01578532142e-05, 1.31265369419e-05, 7.55308792577e-06, 3.06461220134e-06, 5.7158031268e-06, 1.49655954829e-06, 8.09127840284e-08, 7.40463619309e-08, 7.04039848642e-08, 6.47284039701e-08, 6.24299900664e-08, 6.20219822167e-08, 4.66643506059e-08, 4.73716106342e-08, 4.20332035844e-08, 3.96107999734e-08, 5.01280545961e-08, 4.54159803098e-08, 4.97456902337e-08, 5.16269196282e-08, 4.19612931069e-08, 3.42471331294e-08, 3.46335475854e-08, 3.41566313011e-08, 3.35259038309e-08, 3.29123714948e-08, 3.23729345553e-08, 3.18082875594e-08, 3.14082448938e-08, 3.10592866981e-08, 3.07937391142e-08, 3.06245553361e-08],
        "mean": [3.83602184684e-07, 1.51190317865e-06, 7.43254122426e-06, 2.75496840914e-05, 9.8326614534e-05, 0.000158889466547, 0.000145199635881, 0.000167503676494, 0.000166327154147, 0.000154756693519, 0.00015958257427, 0.000117618314107, 0.000134970759973, 0.000283082976239, 0.00037812514347, 0.000591911259107, 0.000485508557176, 0.000466974452138, 0.000262962188572, 0.000310968782287, 0.000234280101722, 0.000430167303421, 0.000408905121731, 0.000243662536377, 0.0003209351853, 0.000274950754829, 0.000385930208722, 0.00034227813012, 0.000106471678009, 0.000214939384023, 0.000127619889099, 0.000129074411234, 0.00017887238937, 0.000122854078654, 0.00010180521349, 0.000178234899067, 0.00014928325254, 6.75952469464e-05, 0.000211671664147, 0.000120186588902, 0.000110180058982, 0.000134505826281, 0.000154969180585, 0.000201817223569, 3.46276865457e-05, 0.000102257625258, 0.000186748919077, 6.29377682344e-05, 5.78652980039e-05, 8.60713480506e-05, 4.91617392981e-05, 6.95235503372e-05, 0.00010032170394, 7.57911911933e-05, 8.09761841083e-05, 3.79926095775e-05, 3.35892073053e-05, 7.98140317784e-05, 2.38966840698e-05, 1.57582126121e-05, 1.72142335941e-05, 1.26456443468e-05, 2.35958796111e-05, 1.37083052323e-05, 5.20850608154e-06, 7.16487920727e-06, 1.15168213597e-05, 6.81160645399e-06, 6.17226078248e-06, 9.27139990381e-06, 6.52841163173e-06, 5.57773091714e-06, 6.58730914438e-06, 6.80757511873e-06, 4.14492751588e-06, 4.34598268839e-06, 3.36002176482e-06, 2.60318802248e-06, 2.68649932877e-06, 2.83518693323e-06, 2.44937245952e-06, 2.05367928174e-06, 1.87573073163e-06, 1.87287662357e-06, 1.89887327906e-06, 1.5531693407e-06, 1.15095213005e-06, 7.79585377586e-07, 1.05202627765e-06, 8.71899999311e-07, 6.07617266724e-07, 5.38092251645e-07, 6.38066978809e-07, 3.77791138817e-07, 2.51714425303e-07, 2.46222526812e-07, 2.34776720731e-07, 1.1399199451e-07, 7.26419742136e-08, 6.14606818772e-08, 6.32831245184e-08, 1.81086594608e-08, 5.43004219367e-09, 5.13076559017e-09, 5.00102004253e-09, 4.96879648537e-09, 4.87598006416e-09, 4.88009765931e-09, 4.60375204625e-09, 4.63443594612e-09, 4.50275061681e-09, 4.15100931406e-09, 3.72362651824e-09, 3.07545855449e-09, 1.74730729885e-09, 6.99780366986e-09, 1.50270071941e-08, 3.68561431374e-11, 3.24217735992e-11, 3.18015405676e-11, 3.11327734426e-11, 3.05154131131e-11, 2.99568633788e-11, 2.94204521856e-11, 2.90439131079e-11, 2.87098539387e-11, 2.84595385452e-11, 2.82903700466e-11],
        "min": [5.6603732812e-10, 5.18491649615e-09, 3.48686377549e-08, 3.86872365254e-08, 2.10519317534e-07, 1.79763119945e-07, 4.02653256515e-07, 2.58944339748e-07, 6.49185736279e-08, 5.13713416694e-07, 6.58062276671e-07, 6.90896229116e-07, 2.36543030496e-07, 7.71288057422e-07, 1.1797735624e-06, 7.15677629159e-07, 1.14740930712e-06, 2.8887558301e-07, 1.11875999664e-06, 5.94795949382e-07, 4.26786471053e-07, 3.1349881624e-07, 2.33799880789e-07, 3.40216956829e-07, 1.65450700251e-07, 5.20057938047e-07, 3.40750943906e-07, 3.0203273127e-07, 1.17178323933e-07, 7.18069443906e-08, 1.69424680507e-07, 8.78759749412e-08, 1.75881154973e-07, 1.07902664581e-07, 1.54270139774e-07, 1.61869920134e-07, 2.26663829039e-07, 1.66257208889e-07, 1.72127826659e-07, 1.46616969232e-07, 1.61546864774e-07, 2.05254366392e-07, 7.6246571723e-08, 4.34686242556e-08, 9.40439122132e-08, 5.20490672784e-08, 1.17016064394e-07, 1.09712672725e-07, 1.78410317631e-07, 1.29197900378e-07, 7.32236102863e-08, 5.49334302491e-08, 1.04120857713e-07, 1.01806449493e-07, 8.10735940604e-08, 5.5974400226e-08, 5.2852275445e-08, 7.09751759587e-08, 2.68644928525e-08, 4.85671094452e-08, 3.33995302526e-08, 2.42150424157e-08, 4.12047818088e-08, 2.22841691766e-08, 2.6334634029e-08, 1.98202840807e-08, 1.37664235567e-08, 1.45000065288e-08, 1.90732301064e-08, 1.15254152888e-08, 1.38575044772e-08, 7.00557833966e-09, 1.26334898098e-08, 1.44827545512e-08, 1.48171519498e-08, 1.1868596772e-08, 1.07404414251e-08, 3.88708532029e-09, 3.64569174849e-09, 6.18633411165e-09, 8.56076542988e-09, 4.04326128134e-09, 3.35885497194e-09, 4.33726476956e-09, 3.39092931512e-09, 3.05820635482e-09, 3.14290260484e-09, 4.39985781142e-09, 3.46023920628e-09, 4.18403445224e-09, 4.59205828918e-09, 3.43912165413e-09, 3.34540262159e-09, 3.29791616238e-09, 2.98664892817e-09, 2.83564749459e-09, 2.30646657329e-09, 9.19050668902e-10, 1.77849912575e-09, 1.78076164925e-09, 1.04834263492e-09, 4.46797127074e-10, 1.05912431603e-11, 6.77493087672e-12, 5.97259047774e-11, 6.96700336311e-11, 2.90163054174e-12, 2.78513540355e-12, 2.81468902005e-12, 3.1136603712e-11, 1.30716648616e-09, 1.27251786886e-09, 4.29740548702e-10, 1.57646409815e-10, 1.38979982037e-11, 3.32578387052e-09, 4.87495244172e-09, 7.66968032053e-13, 7.75170604247e-14, 8.389836948e-14, 6.92551078334e-14, 7.59474677158e-14, 6.92159545825e-14, 6.38573666601e-14, 7.62330397918e-14, 7.42087191393e-14, 8.03845447779e-14, 8.25537690508e-14],
        "stdev": [4.40082999376e-07, 1.77008496394e-06, 1.05674962469e-05, 3.82811413147e-05, 0.000171782812686, 0.000282913737465, 0.000223537281272, 0.000293037010124, 0.00027490942739, 0.000282649794826, 0.000271402794169, 0.000234586041188, 0.000536064093467, 0.00113127147779, 0.00108276575338, 0.00150434987154, 0.000989763648249, 0.00132692302577, 0.000712578359526, 0.00124967284501, 0.000704730628058, 0.00126997649204, 0.00118031795137, 0.000572111981455, 0.000809139281046, 0.000698332849424, 0.000904466025531, 0.000789626792539, 0.000308153074002, 0.000535861647222, 0.000378368073143, 0.000455193367088, 0.000728209153749, 0.00035915474291, 0.000320904044202, 0.000480369577417, 0.000407387444284, 0.000253833306488, 0.000648423680104, 0.000343453401001, 0.000330606882926, 0.000370846159058, 0.000496209075209, 0.000667821557727, 0.000200005742954, 0.000222313479753, 0.000454921973869, 0.000195091051864, 0.000144471545354, 0.000245112343691, 0.00011905907013, 0.00020110294281, 0.000364640378393, 0.00028011194081, 0.000211102946196, 0.000144851728692, 0.000114330337965, 0.000238160413573, 6.81696765241e-05, 5.00489768456e-05, 3.75696399715e-05, 3.36060038535e-05, 5.06853211846e-05, 3.36235425493e-05, 1.15317197924e-05, 1.74178803718e-05, 3.60607846233e-05, 1.97337431018e-05, 2.15167383431e-05, 2.26671927521e-05, 1.38784380397e-05, 1.29889895106e-05, 1.4033217667e-05, 1.80002625711e-05, 2.05172218557e-05, 1.59980609169e-05, 1.40241390909e-05, 1.27852126752e-05, 1.0186486179e-05, 1.12696825454e-05, 9.37763343245e-06, 8.72845612321e-06, 8.27905660117e-06, 9.14763859328e-06, 6.73781050864e-06, 6.18191734247e-06, 4.50194966106e-06, 2.97884275824e-06, 2.84120915239e-06, 2.53552684626e-06, 2.07988227885e-06, 2.24204086408e-06, 1.80432869001e-06, 1.2311379578e-06, 9.36351739256e-07, 8.16050658159e-07, 9.51873857957e-07, 5.86409669268e-07, 3.0057859135e-07, 1.94145286514e-07, 3.1749746654e-07, 7.79552138397e-08, 3.54676021885e-09, 3.02863134571e-09, 2.51547738195e-09, 2.44233921975e-09, 2.36208985704e-09, 2.3105426461e-09, 1.92831794976e-09, 1.90766602515e-09, 1.78555981112e-09, 1.66547775571e-09, 1.76805181606e-09, 1.53458501462e-09, 1.4823215988e-09, 1.82946946481e-09, 3.15273229745e-09, 9.24014198489e-10, 9.32869892445e-10, 9.19546550016e-10, 9.02359853505e-10, 8.85713224985e-10, 8.7104523594e-10, 8.55820303514e-10, 8.4502826958e-10, 8.35582436576e-10, 8.28420942955e-10, 8.23833834485e-10]
    },
    "mfcc": {
        "mean": [-658.61895752, 133.38873291, -49.4984321594, 6.25292348862, -16.8413581848, -2.7442855835, -17.7687931061, -2.79051971436, -10.0724039078, 2.82305502892, -9.03984546661, 0.0691374540329, -7.92827892303],
        "cov": [[2141.58642578, -766.944396973, -553.982116699, 129.753036499, -87.9625778198, -0.0354556702077, -120.40070343, 10.4663381577, -20.8659362793, 91.7499160767, -71.0715026855, 118.389129639, -29.5355587006], [-766.944396973, 1055.05090332, -40.669719696, -168.757278442, -30.7841205597, -164.372146606, 164.291107178, -32.3718948364, -10.5592269897, 22.5541439056, -7.76185703278, -48.8161773682, 16.5950584412], [-553.982116699, -40.669719696, 642.699523926, 18.1052055359, -24.246931076, 15.2877264023, -32.4695968628, 59.2342262268, -17.2039260864, -89.8682785034, 5.19392633438, -10.4783687592, 24.3096561432], [129.753036499, -168.757278442, 18.1052055359, 316.685699463, 98.9507904053, -46.7735328674, -71.3934173584, -14.332201004, 35.4362297058, -32.9301376343, -43.2717323303, 59.2021942139, 18.9016704559], [-87.9625778198, -30.7841205597, -24.246931076, 98.9507904053, 224.498550415, 11.3698043823, -96.254119873, -36.5430603027, 41.9204025269, -15.9362373352, -19.2165966034, 23.8735599518, 7.28889656067], [-0.0354556702077, -164.372146606, 15.2877264023, -46.7735328674, 11.3698043823, 252.610855103, 42.6596221924, 9.09728908539, 7.73523521423, 4.90919828415, 73.7328491211, -60.4575004578, -25.349905014], [-120.40070343, 164.291107178, -32.4695968628, -71.3934173584, -96.254119873, 42.6596221924, 249.494934082, 66.4712753296, -41.4783782959, 27.6499500275, 29.5392513275, -34.08203125, -30.648141861], [10.4663381577, -32.3718948364, 59.2342262268, -14.332201004, -36.5430603027, 9.09728908539, 66.4712753296, 121.722579956, 5.91105031967, -5.66819667816, 0.84801441431, -2.05995249748, 0.194933369756], [-20.8659362793, -10.5592269897, -17.2039260864, 35.4362297058, 41.9204025269, 7.73523521423, -41.4783782959, 5.91105031967, 99.0150146484, 19.8009567261, -6.19865369797, -2.1719994545, 0.112458907068], [91.7499160767, 22.5541439056, -89.8682785034, -32.9301376343, -15.9362373352, 4.90919828415, 27.6499500275, -5.66819667816, 19.8009567261, 120.397094727, 29.4097633362, -27.5595111847, -27.7099075317], [-71.0715026855, -7.76185703278, 5.19392633438, -43.2717323303, -19.2165966034, 73.7328491211, 29.5392513275, 0.84801441431, -6.19865369797, 29.4097633362, 93.9771652222, -23.3386898041, -20.8814659119], [118.389129639, -48.8161773682, -10.4783687592, 59.2021942139, 23.8735599518, -60.4575004578, -34.08203125, -2.05995249748, -2.1719994545, -27.5595111847, -23.3386898041, 115.149841309, 31.6594276428], [-29.5355587006, 16.5950584412, 24.3096561432, 18.9016704559, 7.28889656067, -25.349905014, -30.648141861, 0.194933369756, 0.112458907068, -27.7099075317, -20.8814659119, 31.6594276428, 67.6948928833]],
        "icov": [[0.0013663826976, 0.000711289234459, 0.00124798761681, -0.000359099823982, 0.00124341237824, -0.000535563565791, 0.00111439649481, -0.000904352753423, 0.0010240910342, -0.00106655014679, 0.00147784152068, -0.00119284132961, 0.000822045782115], [0.000711289234459, 0.00229352992028, 0.000514779996593, 0.000971007742919, -0.000364205188816, 0.00202131690457, -0.0017584139714, 0.00116206426173, -0.000674685812555, 5.96171630605e-05, -9.38567172852e-05, 0.000693962851074, -0.00103917741217], [0.00124798761681, 0.000514779996593, 0.00310181151144, -0.000606873829383, 0.00150611449499, -0.000571682641748, 0.00182605593, -0.00211055134423, 0.00131695147138, 0.000438619841589, 0.000691961904522, -0.00045734163723, 0.000535123923328], [-0.000359099823982, 0.000971007742919, -0.000606873829383, 0.00501429755241, -0.0023166637402, 0.00177930248901, -0.00164278026205, 0.00138813909143, -0.00203564413823, 0.00113142037299, 2.16996777453e-05, -0.000465038261609, -0.00071817956632], [0.00124341237824, -0.000364205188816, 0.00150611449499, -0.0023166637402, 0.00811003893614, -0.00285559264012, 0.00394739815965, -0.000821992522106, 8.02685026429e-05, -0.000839747022837, 0.00257701356895, -0.00240259221755, 0.00215941225179], [-0.000535563565791, 0.00202131690457, -0.000571682641748, 0.00177930248901, -0.00285559264012, 0.00914827361703, -0.0040721129626, 0.00215674191713, -0.0028612499591, 0.0029779439792, -0.00631332723424, 0.00460190232843, -0.00201318506151], [0.00111439649481, -0.0017584139714, 0.00182605593, -0.00164278026205, 0.00394739815965, -0.0040721129626, 0.0104177426547, -0.00625413423404, 0.00491064647213, -0.00245556351729, 0.00211766618304, -0.00206072931178, 0.00410851277411], [-0.000904352753423, 0.00116206426173, -0.00211055134423, 0.00138813909143, -0.000821992522106, 0.00215674191713, -0.00625413423404, 0.013133212924, -0.00455570220947, 0.00182001874782, -0.000979958684184, 0.00098467443604, -0.00229251920246], [0.0010240910342, -0.000674685812555, 0.00131695147138, -0.00203564413823, 8.02685026429e-05, -0.0028612499591, 0.00491064647213, -0.00455570220947, 0.0147781772539, -0.0044855652377, 0.00291903712787, -0.000884848588612, 0.00131752621382], [-0.00106655014679, 5.96171630605e-05, 0.000438619841589, 0.00113142037299, -0.000839747022837, 0.0029779439792, -0.00245556351729, 0.00182001874782, -0.0044855652377, 0.0132803730667, -0.00539408996701, 0.00323906983249, 0.0014000760857], [0.00147784152068, -9.38567172852e-05, 0.000691961904522, 2.16996777453e-05, 0.00257701356895, -0.00631332723424, 0.00211766618304, -0.000979958684184, 0.00291903712787, -0.00539408996701, 0.0184449162334, -0.00327310408466, 0.00374069763348], [-0.00119284132961, 0.000693962851074, -0.00045734163723, -0.000465038261609, -0.00240259221755, 0.00460190232843, -0.00206072931178, 0.00098467443604, -0.000884848588612, 0.00323906983249, -0.00327310408466, 0.014405887574, -0.00576992891729], [0.000822045782115, -0.00103917741217, 0.000535123923328, -0.00071817956632, 0.00215941225179, -0.00201318506151, 0.00410851277411, -0.00229251920246, 0.00131752621382, 0.0014000760857, 0.00374069763348, -0.00576992891729, 0.0206974837929]]
    },
    "spectral_contrast_coeffs": {
        "max": [-0.453805625439, -0.447664618492, -0.449486136436, -0.541975140572, -0.602886676788, -0.544628560543],
        "mean": [-0.684880793095, -0.73462164402, -0.72420668602, -0.736097514629, -0.767575085163, -0.7293446064],
        "min": [-0.85604184866, -0.909630894661, -0.903474211693, -0.878681957722, -0.88353818655, -0.929691076279],
        "stdev": [0.0634199753404, 0.0892195701599, 0.0809317678213, 0.0649598017335, 0.0518232323229, 0.0490503013134]
    },
    "spectral_contrast_valleys": {
        "max": [-6.2312746048, -5.00852441788, -5.90449237823, -5.98076534271, -5.46435260773, -8.62670040131],
        "mean": [-7.75549125671, -6.58238697052, -7.24217128754, -7.4485001564, -7.6797914505, -11.177479744],
        "min": [-9.27551078796, -8.25148677826, -8.77218151093, -9.08841228485, -9.42791843414, -12.0788755417],
        "stdev": [0.464136511087, 0.500144600868, 0.547020614147, 0.587581396103, 0.637115895748, 0.501619458199]
    }
},
"rhythm": {
    "beats_count": 67,
    "beats_loudness": {
        "max": 0.0559995807707,
        "mean": 0.0245542861521,
        "min": 0.000820673594717,
        "stdev": 0.011565849185
    },
    "bpm": 126.209396362,
    "bpm_histogram_first_peak_bpm": 126,
    "bpm_histogram_first_peak_weight": 0.603773593903,
    "bpm_histogram_second_peak_bpm": 120,
    "bpm_histogram_second_peak_spread": 0.333333313465,
    "bpm_histogram_second_peak_weight": 0.121212124825,
    "danceability": 1.12987744808,
    "onset_rate": 3.32226538658,
    "beats_loudness_band_ratio": {
        "max": [0.344513088465, 0.775528669357, 0.860019087791, 0.805770874023, 0.691810488701, 0.335191637278],
        "mean": [0.0520865358412, 0.133238255978, 0.323939085007, 0.28480130434, 0.224411517382, 0.033816434443],
        "min": [0.00199051364325, 0.00752752413973, 0.0501316450536, 0.0114613119513, 0.00489161303267, 0.002507729223],
        "stdev": [0.0605336241424, 0.139341324568, 0.202508598566, 0.19239987433, 0.18463242054, 0.0441225729883]
    },
    "beats_position": [0.487619042397, 0.986848056316, 1.48607707024, 1.97369611263, 2.47292518616, 2.97215414047, 3.47138309479, 3.97061228752, 4.45823097229, 4.94585037231, 5.4334692955, 5.94430828094, 6.45514726639, 6.96598625183, 7.47682523727, 7.97605419159, 8.47528362274, 8.96290206909, 9.45052146912, 9.92653083801, 10.4141492844, 10.9017686844, 11.3777770996, 11.8537864685, 12.3065757751, 12.7709751129, 13.235373497, 13.722992897, 14.1873922348, 14.6517915726, 15.1277999878, 15.6038093567, 16.0798187256, 16.5558280945, 17.0434455872, 17.5310649872, 18.0070743561, 18.4946937561, 18.9823131561, 19.458322525, 19.9227199554, 20.3871192932, 20.8631286621, 21.3275279999, 21.7919273376, 22.2563266754, 22.7323360443, 23.1967334747, 23.6611328125, 24.1371421814, 24.6015415192, 25.0775508881, 25.553560257, 26.0295696259, 26.5055770874, 26.9815864563, 27.4459857941, 27.921995163, 28.3980045319, 28.8856239319, 29.3500213623, 29.8144207001, 30.2788200378, 30.7664394379, 31.2424488068, 31.7184581757, 32.1828575134],
