{
"metadata": {
    "version": {
        "essentia": "2.1-beta5",
        "essentia_git_sha": "Undefined",
        "extractor": "music 2.0"
    },
    "audio_properties": {
        "analysis": {
            "equal_loudness": 0,
            "length": 32.4963264465,
            "sample_rate": 44100,
            "start_time": 12.7477550507,
            "downmix": "mix"
        },
        "bit_rate": 192000,
        "length": 183.785934448,
        "lossless": 0,
        "number_channels": 2,
        "replay_gain": -5.6812210083,
        "sample_rate": 44100,
        "codec": "mp3",
        "md5_encoded": "d794f0f187410ac9029f23fa302e6d02"
    },
    "tags": {
        "file_name": "Sweden_Vita Vidder_Family Four.mp3",
        "encoding": ["Lavf58.29.100"]
    }
},
"lowlevel": {
    "average_loudness": 0.950754761696,
    "barkbands_crest": {
        "max": 20.8238372803,
        "mean": 8.57440471649,
        "min": 3.0237288475,
        "stdev": 3.39090371132
    },
    "barkbands_flatness_db": {
        "max": 0.279441535473,
        "mean": 0.160598009825,
        "min": 0.0840526148677,
        "stdev": 0.0331594720483
    },
    "barkbands_kurtosis": {
        "max": 37.5003356934,
        "mean": 1.6797349453,
        "min": -1.86053323746,
        "stdev": 3.85836076736
    },
    "barkbands_skewness": {
        "max": 5.22510385513,
        "mean": 0.846811890602,
        "min": -1.50325155258,
        "stdev": 0.942354142666
    },
    "barkbands_spread": {
        "max": 66.9062347412,
        "mean": 15.8775024414,
        "min": 1.60107755661,
        "stdev": 9.29142379761
    },
    "dissonance": {
        "max": 0.499983549118,
        "mean": 0.452324837446,
        "min": 0.304393976927,
        "stdev": 0.0354304946959
    },
    "dynamic_complexity": 2.79997777939,
    "erbbands_crest": {
        "max": 32.8616828918,
        "mean": 10.9140100479,
        "min": 3.09520673752,
        "stdev": 5.63013505936
    },
    "erbbands_flatness_db": {
        "max": 0.332677274942,
        "mean": 0.220496714115,
        "min": 0.13615706563,
        "stdev": 0.034570928663
    },
    "erbbands_kurtosis": {
        "max": 24.341506958,
        "mean": 0.897061288357,
        "min": -1.6769682169,
        "stdev": 2.63613271713
    },
    "erbbands_skewness": {
        "max": 3.92789554596,
        "mean": 0.189318180084,
        "min": -2.42660021782,
        "stdev": 0.751099586487
    },
    "erbbands_spread": {
        "max": 75.7397079468,
        "mean": 24.3835144043,
        "min": 2.5825843811,
        "stdev": 11.7826623917
    },
    "hfc": {
        "max": 106.263336182,
        "mean": 17.9288463593,
        "min": 0.20098516345,
        "stdev": 17.4153022766
    },
    "loudness_ebu128": {
        "integrated": -19.6225833893,
        "loudness_range": 5.27352905273,
        "momentary": {
            "max": -15.2451848984,
            "mean": -20.4426383972,
            "min": -27.9900989532,
            "stdev": 2.85412192345
        },
        "short_term": {
            "max": -17.6994037628,
            "mean": -19.9691448212,
            "min": -24.0398235321,
            "stdev": 2.02530622482
        }
    },
    "melbands_crest": {
        "max": 29.2392311096,
        "mean": 10.9514064789,
        "min": 3.29498457909,
        "stdev": 4.34824752808
    },
    "melbands_flatness_db": {
        "max": 0.344688355923,
        "mean": 0.195690497756,
        "min": 0.0524667836726,
        "stdev": 0.0504636317492
    },
    "melbands_kurtosis": {
        "max": 56.2203788757,
        "mean": 3.87100839615,
        "min": -1.72969317436,
        "stdev": 5.90014410019
    },
    "melbands_skewness": {
        "max": 6.29619598389,
        "mean": 1.35672771931,
        "min": -1.39834344387,
        "stdev": 1.05582332611
    },
    "melbands_spread": {
        "max": 136.446243286,
        "mean": 24.2677211761,
        "min": 2.43083691597,
        "stdev": 15.4877748489
    },
    "pitch_salience": {
        "max": 0.807879626751,
        "mean": 0.595425248146,
        "min": 0.25215497613,
        "stdev": 0.0929478257895
    },
    "silence_rate_20dB": {
        "max": 1,
        "mean": 1,
        "min": 1,
        "stdev": 0
    },
    "silence_rate_30dB": {
        "max": 1,
        "mean": 1,
        "min": 1,
        "stdev": 0
    },
    "silence_rate_60dB": {
        "max": 1,
        "mean": 0.0371163450181,
        "min": 0,
        "stdev": 0.189045518637
    },
    "spectral_centroid": {
        "max": 4035.35302734,
        "mean": 1290.38745117,
        "min": 373.652099609,
        "stdev": 590.129699707
    },
    "spectral_complexity": {
        "max": 54,
        "mean": 19.2748031616,
        "min": 1,
        "stdev": 10.1138830185
    },
    "spectral_decrease": {
        "max": -7.37691990826e-11,
        "mean": -4.07779987555e-09,
        "min": -1.84789712421e-08,
        "stdev": 2.8141240449e-09
    },
    "spectral_energy": {
        "max": 0.0746352225542,
        "mean": 0.0170167516917,
        "min": 0.000296651676763,
        "stdev": 0.012025911361
    },
    "spectral_energyband_high": {
        "max": 0.0108538707718,
        "mean": 0.000335296383128,
        "min": 4.34125831816e-06,
        "stdev": 0.000751064450014
    },
    "spectral_energyband_low": {
        "max": 0.008186718449,
        "mean": 0.000719372066669,
        "min": 4.43733915745e-06,
        "stdev": 0.000894238997716
    },
    "spectral_energyband_middle_high": {
        "max": 0.0582987368107,
        "mean": 0.00786890741438,
        "min": 9.11864408408e-05,
        "stdev": 0.00885820388794
    },
    "spectral_energyband_middle_low": {
        "max": 0.057105332613,
        "mean": 0.00870593450963,
        "min": 0.00014656141866,
        "stdev": 0.00598164089024
    },
    "spectral_entropy": {
        "max": 8.34371471405,
        "mean": 7.33041954041,
        "min": 6.11645746231,
        "stdev": 0.342660695314
    },
    "spectral_flux": {
        "max": 0.187403559685,
        "mean": 0.0665178075433,
        "min": 0.0152531145141,
        "stdev": 0.0304037686437
    },
    "spectral_kurtosis": {
        "max": 24.6375274658,
        "mean": 6.75356340408,
        "min": -0.535464048386,
        "stdev": 3.76969194412
    },
    "spectral_rms": {
        "max": 0.00853316206485,
        "mean": 0.00383139890619,
        "min": 0.000537974236067,
        "stdev": 0.00138639879879
    },
    "spectral_rolloff": {
        "max": 6158.49609375,
        "mean": 1591.92114258,
        "min": 301.46484375,
        "stdev": 916.428588867
    },
    "spectral_skewness": {
        "max": 3.78713178635,
        "mean": 1.66032111645,
        "min": -0.140670791268,
        "stdev": 0.616738498211
    },
    "spectral_spread": {
        "max": 15441233,
        "mean": 2908842.25,
        "min": 1981768.25,
        "stdev": 629402.1875
    },
    "spectral_strongpeak": {
        "max": 10.9612598419,
        "mean": 1.45723807812,
        "min": 0.0105567127466,
        "stdev": 1.43235957623
    },
    "zerocrossingrate": {
        "max": 0.19091796875,
        "mean": 0.0559108182788,
        "min": 0.01513671875,
        "stdev": 0.0237951129675
    },
    "barkbands": {
        "max": [1.38088107633e-05, 0.00185572577175, 0.00697640003636, 0.00778108974919, 0.0135487448424, 0.0326413102448, 0.0204383842647, 0.0177035555243, 0.0296134538949, 0.0188897699118, 0.0307198967785, 0.0477313250303, 0.0242193639278, 0.029955888167, 0.0125527773052, 0.00904182344675, 0.00973441917449, 0.0123608745635, 0.00564841739833, 0.00317500624806, 0.00290945405141, 0.00916391052306, 0.00123780209105, 0.000293080986012, 1.18297175504e-05, 1.22491633192e-06, 1.18219148248e-07],
        "mean": [7.51889103867e-07, 8.78286809893e-05, 0.000351699010935, 0.000628665147815, 0.0017647567438, 0.00181914959103, 0.0015268754214, 0.00125118612777, 0.00112085824367, 0.00111031741835, 0.00101482728496, 0.00167539902031, 0.000893752148841, 0.000874111254234, 0.000642634462565, 0.000504371593706, 0.000597381382249, 0.000419318675995, 0.000290340743959, 0.000186207442312, 0.000121026569104, 8.91553645488e-05, 3.60362573701e-05, 8.37463539938e-06, 1.01455759705e-06, 7.15353678515e-07, 7.43790495861e-09],
        "min": [5.17223874841e-10, 3.21240520407e-07, 6.37509401713e-07, 6.93340837188e-07, 4.43012249889e-05, 3.41761574418e-06, 1.38105169754e-05, 9.67217238212e-06, 1.42521628277e-06, 2.12250415643e-06, 2.77946128335e-06, 4.10552138419e-06, 1.29904469759e-06, 1.40653992275e-06, 2.5438200737e-06, 3.01608224618e-06, 3.51010635313e-06, 1.43571151057e-06, 1.25135352391e-06, 8.40063250962e-07, 6.91034870215e-07, 4.55204400396e-07, 3.72646297819e-07, 2.85399750055e-07, 1.44135810842e-07, 8.40093790089e-08, 4.77753149541e-11],
        "stdev": [1.03144770947e-06, 0.00015513523249, 0.000522095244378, 0.00083156384062, 0.00153739855159, 0.00235240650363, 0.00241077924147, 0.00177956675179, 0.00202133436687, 0.00197841785848, 0.00233411462978, 0.00408825557679, 0.0019045281224, 0.00192514329683, 0.00123542547226, 0.000907798414119, 0.00101176672615, 0.000741491850931, 0.000530387740582, 0.000327678921167, 0.000289505987894, 0.000371538248146, 9.7245836514e-05, 1.94557796931e-05, 7.47117212541e-07, 1.07900348212e-07, 6.87314294368e-09]
    },
    "erbbands": {
        "max": [0.0117393070832, 0.584905982018, 5.66386842728, 11.5921983719, 66.9797897339, 33.9580535889, 97.495765686, 290.238983154, 516.758544922, 454.66317749, 400.490753174, 924.321105957, 579.02947998, 870.489990234, 1331.08886719, 2417.56811523, 1305.23620605, 1813.59899902, 642.327697754, 722.228210449, 340.66885376, 463.516876221, 622.495727539, 530.039306641, 346.644683838, 168.434997559, 138.99395752, 114.557868958, 393.338989258, 137.768203735, 26.9848461151, 11.1013698578, 1.77087843418, 0.176829576492, 0.0135201383382, 0.00749057810754, 0.0022651294712, 0.000203698291443, 4.95750609844e-05, 8.81105297594e-05],
        "mean": [0.000708172330633, 0.0301644150168, 0.310660809278, 1.43096983433, 5.01056432724, 4.48896598816, 11.2029933929, 13.0721845627, 20.5340709686, 28.5261116028, 26.0107593536, 28.7814559937, 37.141166687, 29.2653160095, 46.5608139038, 79.5659942627, 47.0458831787, 47.2831916809, 34.6726264954, 35.343132019, 26.601600647, 31.6151409149, 24.3610363007, 17.8371009827, 13.1552457809, 9.12948989868, 5.66032409668, 4.14311218262, 3.44097685814, 1.88628435135, 0.923032820225, 0.317895323038, 0.0761180669069, 0.0150569546968, 0.00612001214176, 0.00356998038478, 0.00132316362578, 0.000112337205792, 1.24620892166e-05, 2.10529633478e-05],
        "min": [1.49191309902e-05, 0.000201249640668, 0.00229459465481, 0.0146864783019, 0.0669336020947, 0.128091186285, 0.0588263235986, 0.0263509396464, 0.204786375165, 0.125384688377, 0.163256138563, 0.0875780060887, 0.139700368047, 0.147092908621, 0.114511549473, 0.293308019638, 0.289586275816, 0.163342863321, 0.0986422821879, 0.171055749059, 0.189387753606, 0.182616978884, 0.122377663851, 0.099288277328, 0.075794890523, 0.0667515695095, 0.0468849092722, 0.0178871043026, 0.0163803733885, 0.00928264763206, 0.00979948695749, 0.00738918501884, 0.0029282248579, 0.00160523410887, 0.000980018405244, 0.000389997381717, 0.000149299507029, 6.20054997853e-05, 2.1292908059e-06, 1.52781399265e-06],
        "stdev": [0.000916768447496, 0.0490120612085, 0.429744660854, 1.79759037495, 6.20410108566, 3.96042323112, 12.8790807724, 20.6861305237, 38.2117385864, 49.081401825, 37.9443893433, 56.0761108398, 61.528629303, 67.9478378296, 99.0507507324, 197.060302734, 86.192565918, 109.491088867, 57.7371101379, 68.0669021606, 41.8718338013, 53.6994361877, 43.7256622314, 31.3745441437, 25.435710907, 15.5796499252, 12.5201940536, 10.4924716949, 14.9203853607, 6.79015636444, 2.34008407593, 0.764252781868, 0.152463406324, 0.0170537251979, 0.00133513601031, 0.000645032210741, 0.000235534185776, 2.13905368582e-05, 8.04824503575e-06, 1.53322143888e-05]
    },
    "gfcc": {
        "mean": [-39.9129371643, 116.643447876, -162.989334106, 13.1609230042, -66.4704208374, -10.6181583405, -43.8513908386, -9.5438117981, -26.6428604126, -7.84071159363, -18.0520515442, -4.15826320648, -18.5254497528],
        "cov": [[2058.11572266, -246.600357056, -992.03314209, 415.987670898, -57.008895874, 44.0354576111, 298.784484863, -152.509262085, 217.527450562, -127.398986816, 109.986831665, -163.772979736, -42.3718681335], [-246.600357056, 277.068389893, 212.434936523, -194.422393799, 86.3143615723, -29.9633045197, -8.57422733307, 53.9098930359, -72.7597122192, 11.3113832474, -10.6482982635, 19.1555938721, -1.32782030106], [-992.03314209, 212.434936523, 706.754760742, -57.6027183533, 23.1964321136, -26.8161811829, -150.627456665, 63.037651062, -104.793357849, 39.2181472778, -67.0060806274, 91.7645339966, 16.003370285], [415.987670898, -194.422393799, -57.6027183533, 527.304077148, 12.1798801422, -29.4875030518, -21.2779006958, -54.9870872498, 120.927017212, -17.1977176666, -9.88956642151, -9.33306598663, -7.04423332214], [-57.008895874, 86.3143615723, 23.1964321136, 12.1798801422, 162.933670044, -16.4522800446, -32.207359314, 27.8878078461, -15.5303182602, 15.3563709259, -4.76826953888, 16.2634029388, 6.06330633163], [44.0354576111, -29.9633045197, -26.8161811829, -29.4875030518, -16.4522800446, 147.887664795, 95.2064361572, -33.9441452026, -45.428894043, -29.9741821289, 5.79651832581, -13.3915958405, -16.5433692932], [298.784484863, -8.57422733307, -150.627456665, -21.2779006958, -32.207359314, 95.2064361572, 189.527679443, -5.98997163773, -28.9589195251, -39.3661384583, 9.67120075226, -36.5071716309, -13.0151519775], [-152.509262085, 53.9098930359, 63.037651062, -54.9870872498, 27.8878078461, -33.9441452026, -5.98997163773, 103.676887512, 27.8583869934, 11.306470871, -24.6027622223, 0.0939136296511, 9.59196472168], [217.527450562, -72.7597122192, -104.793357849, 120.927017212, -15.5303182602, -45.428894043, -28.9589195251, 27.8583869934, 147.762176514, 31.9451618195, -4.60445356369, -28.48787117, -10.5374736786], [-127.398986816, 11.3113832474, 39.2181472778, -17.1977176666, 15.3563709259, -29.9741821289, -39.3661384583, 11.306470871, 31.9451618195, 89.4439086914, 21.6032867432, 2.57256650925, -14.7779827118], [109.986831665, -10.6482982635, -67.0060806274, -9.88956642151, -4.76826953888, 5.79651832581, 9.67120075226, -24.6027622223, -4.60445356369, 21.6032867432, 82.5639724731, 19.2601795197, -17.1993370056], [-163.772979736, 19.1555938721, 91.7645339966, -9.33306598663, 16.2634029388, -13.3915958405, -36.5071716309, 0.0939136296511, -28.48787117, 2.57256650925, 19.2601795197, 70.7464904785, 25.8739814758], [-42.3718681335, -1.32782030106, 16.003370285, -7.04423332214, 6.06330633163, -16.5433692932, -13.0151519775, 9.59196472168, -10.5374736786, -14.7779827118, -17.1993370056, 25.8739814758, 69.1437149048]],
        "icov": [[0.0194187834859, -0.0251893457025, 0.0234475117177, -0.0167661830783, 0.00894807651639, -0.000456999434391, -0.00899999309331, 0.0149038434029, -0.0170882735401, 0.0182106141001, -0.0161390136927, 0.0119623122737, -0.00757745886222], [-0.0251893457025, 0.0523183085024, -0.0418300293386, 0.0316602550447, -0.0268135145307, 0.0137086501345, -0.00186081766151, -0.0101515064016, 0.0129324151203, -0.0142968771979, 0.0132908234373, -0.00790538918227, 0.0103443451226], [0.0234475117177, -0.0418300293386, 0.0393830053508, -0.0274443663657, 0.0218849871308, -0.0102319624275, 0.000789606536273, 0.00787469185889, -0.00946002732962, 0.0128787430003, -0.0103202452883, 0.00539833027869, -0.00693305628374], [-0.0167661830783, 0.0316602550447, -0.0274443663657, 0.023192204535, -0.017355972901, 0.00843196455389, -0.00103792140726, -0.00330091826618, 0.00426882365718, -0.00821989588439, 0.00984532479197, -0.00679937377572, 0.00673739658669], [0.00894807651639, -0.0268135145307, 0.0218849871308, -0.017355972901, 0.0244847238064, -0.011974032037, 0.00969932135195, -0.00609000725672, 0.00511526828632, -0.00231976434588, 0.00049678911455, -0.00253238715231, -0.00285142147914], [-0.000456999434391, 0.0137086501345, -0.0102319624275, 0.00843196455389, -0.011974032037, 0.0218107942492, -0.016454257071, 0.0120271043852, -0.00761098926887, 0.0084676258266, -0.00502767926082, 0.00519127864391, 0.0021698481869], [-0.00899999309331, -0.00186081766151, 0.000789606536273, -0.00103792140726, 0.00969932135195, -0.016454257071, 0.0272195395082, -0.0211769118905, 0.0214249715209, -0.0154712265357, 0.0123913213611, -0.00824795849621, 0.00356174563058], [0.0149038434029, -0.0101515064016, 0.00787469185889, -0.00330091826618, -0.00609000725672, 0.0120271043852, -0.0211769118905, 0.0374883748591, -0.0300595723093, 0.0221439171582, -0.0147985555232, 0.0131404940039, -0.0074423965998], [-0.0170882735401, 0.0129324151203, -0.00946002732962, 0.00426882365718, 0.00511526828632, -0.00761098926887, 0.0214249715209, -0.0300595723093, 0.0412598997355, -0.0293279606849, 0.021425973624, -0.01302956976, 0.00855944678187], [0.0182106141001, -0.0142968771979, 0.0128787430003, -0.00821989588439, -0.00231976434588, 0.0084676258266, -0.0154712265357, 0.0221439171582, -0.0293279606849, 0.0407467037439, -0.0268619228154, 0.018612017855, -0.00609528226778], [-0.0161390136927, 0.0132908234373, -0.0103202452883, 0.00984532479197, 0.00049678911455, -0.00502767926082, 0.0123913213611, -0.0147985555232, 0.021425973624, -0.0268619228154, 0.0404508411884, -0.0277744010091, 0.014875206165], [0.0119623122737, -0.00790538918227, 0.00539833027869, -0.00679937377572, -0.00253238715231, 0.00519127864391, -0.00824795849621, 0.0131404940039, -0.01302956976, 0.018612017855, -0.0277744010091, 0.0412206500769, -0.0170162860304], [-0.00757745886222, 0.0103443451226, -0.00693305628374, 0.00673739658669, -0.00285142147914, 0.0021698481869, 0.00356174563058, -0.0074423965998, 0.00855944678187, -0.00609528226778, 0.014875206165, -0.0170162860304, 0.0248503815383]]
    },
    "melbands": {
        "max": [0.00029122972046, 0.00204456783831, 0.0039946064353, 0.00316264200956, 0.00277417595498, 0.00765889929608, 0.00694363284856, 0.00438298657537, 0.00329033751041, 0.00531782023609, 0.00287495064549, 0.00363234174438, 0.00484346877784, 0.00511035276577, 0.00290572084486, 0.00277105579153, 0.00309965061024, 0.000962665537372, 0.000729410967324, 0.000761507602874, 0.000462160242023, 0.000669065571856, 0.000702094461303, 0.000346063636243, 0.000480493559735, 0.000276017613942, 0.000177294088644, 0.000115272290714, 0.000108792650281, 9.36863725656e-05, 7.06564169377e-05, 0.00021036931139, 0.000200699607376, 3.8038004277e-05, 1.67098569364e-05, 8.90992487257e-06, 6.38350002191e-06, 1.33532194013e-06, 3.72740800003e-07, 6.77723193121e-08],
        "mean": [1.41502277984e-05, 0.000130896107294, 0.000354554707883, 0.000342044135323, 0.000340372615028, 0.000325170869473, 0.000311330513796, 0.000297129387036, 0.000209213176277, 0.000171417632373, 0.000179296883289, 0.000107919477159, 0.000154032051796, 0.000181808805792, 0.00015160505427, 9.0690999059e-05, 8.75545665622e-05, 5.56160412089e-05, 4.67912832391e-05, 4.17703340645e-05, 3.01398777083e-05, 3.52438109985e-05, 2.6224182875e-05, 1.90319424291e-05, 1.41243281178e-05, 9.70793735178e-06, 8.09787707112e-06, 5.4537217693e-06, 3.60347394235e-06, 2.8067902349e-06, 2.31068179346e-06, 2.05507490136e-06, 1.4724328139e-06, 8.9139297188e-07, 5.80716459808e-07, 2.97070670285e-07, 1.48388906496e-07, 6.00028897679e-08, 1.94511358131e-08, 8.89820039873e-09],
        "min": [1.01382113371e-07, 6.1453579292e-07, 3.27662064592e-06, 6.99888732925e-06, 2.57066994891e-06, 6.69095584271e-07, 2.97685028272e-06, 1.49009679262e-06, 8.66406594469e-07, 2.520422413e-07, 6.06655930824e-07, 4.08768840998e-07, 3.90943228012e-07, 4.00981491566e-07, 7.0831396215e-07, 1.54428107635e-07, 1.83935924269e-07, 1.39449085168e-07, 1.95937872149e-07, 2.2798164423e-07, 2.24836014695e-07, 1.75138609393e-07, 1.43413160458e-07, 5.37681295043e-08, 5.55356898246e-08, 4.04804438858e-08, 3.6100232137e-08, 2.84889534186e-08, 2.62954049646e-08, 1.11382236767e-08, 9.27703602827e-09, 6.78388767383e-09, 5.83310466595e-09, 3.90832477493e-09, 5.04535790924e-09, 4.20313073235e-09, 3.48633188985e-09, 2.11138262429e-09, 1.34541711105e-09, 1.31908994838e-09],
        "stdev": [2.35649367823e-05, 0.000168915648828, 0.000386110972613, 0.000336059136316, 0.000358251185389, 0.000513960374519, 0.000532956502866, 0.000491047569085, 0.000304125191178, 0.000330869370373, 0.000305840047076, 0.000274869031273, 0.000358859426342, 0.00043647873099, 0.00029678910505, 0.000215411753743, 0.000203037940082, 9.60851612035e-05, 8.66108021e-05, 8.28822812764e-05, 4.89604753966e-05, 6.3317027525e-05, 5.42545349163e-05, 3.30646034854e-05, 2.71017906925e-05, 1.9742987206e-05, 1.53850796778e-05, 9.62914509728e-06, 8.5679894255e-06, 6.75368210068e-06, 6.30821614322e-06, 8.53108394949e-06, 7.42942847864e-06, 2.83705867332e-06, 1.47806792938e-06, 7.31730438019e-07, 3.65791606782e-07, 1.23620353065e-07, 3.16643919973e-08, 6.01692695668e-09]
    },
    "melbands128": {
        "max": [8.70147596288e-06, 2.41241814365e-05, 0.000242841430008, 0.00124878215138, 0.00252679665573, 0.00369725981727, 0.00259181065485, 0.00548227224499, 0.00905743334442, 0.0036476587411, 0.00209663715214, 0.00303355464712, 0.00487917708233, 0.00417011044919, 0.00357762305066, 0.0167788658291, 0.0170519147068, 0.00671488698572, 0.00404686387628, 0.00856957398355, 0.00577475596219, 0.00545736309141, 0.00652428530157, 0.00389684108086, 0.0116163147613, 0.00485666608438, 0.00409603258595, 0.00574657926336, 0.0038906109985, 0.00437171384692, 0.00574576249346, 0.00550116878003, 0.00861250981688, 0.00639905454591, 0.00380353303626, 0.00892557017505, 0.0106759564951, 0.00311829522252, 0.00416961126029, 0.00507839024067, 0.0047252047807, 0.010650604032, 0.0055627534166, 0.00395766599104, 0.00228355126455, 0.00135128735565, 0.00220374250785, 0.000869448587764, 0.00106830394361, 0.00229739164934, 0.00074702152051, 0.00104502134491, 0.000875888974406, 0.000535636034328, 0.00128834648058, 0.00095121213235, 0.000591973250266, 0.00145301199518, 0.0015358797973, 0.000737410562579, 0.000364134495612, 0.00040762979188, 0.00105548056308, 0.00036789602018, 0.00036120909499, 0.000222949602176, 0.000699583208188, 0.000417957926402, 0.0001572935289, 0.000165875331732, 0.000226137504796, 0.000184029500815, 9.59945828072e-05, 0.000254276586929, 0.000122541372548, 0.000106873056211, 0.000128910527565, 8.91710224096e-05, 7.57128073019e-05, 0.000132509347168, 0.000156551643158, 0.000290586758638, 0.000376455660444, 0.000182236690307, 7.70373080741e-05, 4.78191504953e-05, 3.73687907995e-05, 2.64456775767e-05, 1.90418541024e-05, 1.75023214979e-05, 1.91399303731e-05, 7.5060315794e-06, 8.04172850621e-06, 7.75946500653e-06, 5.8808718677e-06, 1.87662612916e-06, 1.19104515761e-06, 7.28548684492e-07, 3.83353381039e-07, 4.81174595279e-07, 1.36759268798e-07, 5.11517583845e-08, 3.73356883188e-08, 1.98112051208e-08, 1.63825895072e-08, 1.86153243931e-08, 1.57725512651e-08, 1.68361538044e-08, 1.61860569392e-08, 2.0983257798e-08, 1.45547875974e-08, 1.41473153192e-08, 1.23977166311e-08, 1.14728875289e-08, 6.09831163345e-09, 2.2190878024e-09, 1.00799202318e-09, 5.18115050863e-10, 5.11431341721e-10, 5.16295339814e-10, 5.09769726431e-10, 5.00012364846e-10, 5.03444064215e-10, 5.01723163016e-10, 4.94574103893e-10, 4.9088133558e-10, 4.77929862353e-10, 4.83624640335e-10],
        "mean": [5.04482329688e-07, 1.75685715931e-06, 8.98457074072e-06, 5.70321681153e-05, 0.000115717193694, 0.000193374740775, 0.000263296125922, 0.000334561453201, 0.000634050986264, 0.000307361187879, 0.000192027771845, 0.000280833308352, 0.000466587283881, 0.000315351702739, 0.000192354375031, 0.000429007341154, 0.000439579947852, 0.000217269756831, 0.000223631388508, 0.00042476967792, 0.000244337745244, 0.000188715202967, 0.000236751904595, 0.000162128024385, 0.000237100321101, 0.000113256443001, 0.000171751118614, 0.000265076785581, 9.72283087322e-05, 9.72125562839e-05, 0.000112618712592, 0.000113451962534, 0.000218815068365, 0.000127478109789, 7.91829443187e-05, 0.000232015736401, 0.000315309152938, 9.51965848799e-05, 0.000109310225525, 0.000101710473245, 7.28450831957e-05, 9.9910357676e-05, 8.37935585878e-05, 0.000100806086266, 5.01886534039e-05, 4.41753581981e-05, 6.55358380754e-05, 3.6869692849e-05, 3.53709474439e-05, 7.35371795599e-05, 3.09213355649e-05, 3.07627306029e-05, 2.57869378402e-05, 2.66098741122e-05, 4.6942201152e-05, 3.76857424271e-05, 2.31289395742e-05, 3.20055551128e-05, 2.47555108217e-05, 2.02193768928e-05, 1.91411709238e-05, 1.84801210708e-05, 1.58898292284e-05, 1.32945842779e-05, 9.71267581917e-06, 8.58637031342e-06, 1.08270687633e-05, 1.00479583125e-05, 6.08816026215e-06, 7.40234008845e-06, 6.40132793706e-06, 4.15770000473e-06, 3.13688656206e-06, 4.24976042268e-06, 2.98588656733e-06, 3.05697653857e-06, 2.66516644842e-06, 1.94519338947e-06, 2.51637834481e-06, 2.39648488787e-06, 1.97672943614e-06, 2.04861203201e-06, 1.82294616025e-06, 1.52553116095e-06, 1.03050342659e-06, 9.93309981823e-07, 8.74329259659e-07, 6.41514247945e-07, 5.99293116466e-07, 5.17415401191e-07, 3.35491733949e-07, 2.30036718563e-07, 2.3309310393e-07, 1.54566336619e-07, 9.15517190947e-08, 8.29932460533e-08, 5.44468647945e-08, 2.55525769433e-08, 1.99193213035e-08, 1.63217315219e-08, 1.07781881198e-08, 7.30492244472e-09, 6.87653800568e-09, 6.75201095035e-09, 6.5838294816e-09, 6.49659614993e-09, 6.48981801632e-09, 6.45793685194e-09, 6.17937034875e-09, 6.12361672481e-09, 5.48553114044e-09, 4.96484986456e-09, 4.41065051149e-09, 3.54553275628e-09, 2.00140815032e-09, 7.43135553094e-10, 2.50791387657e-10, 3.91911589986e-12, 3.67035568605e-12, 3.59460031185e-12, 3.5180267987e-12, 3.45225432442e-12, 3.39030886698e-12, 3.33944981043e-12, 3.29654619574e-12, 3.26998410988e-12, 3.23855612466e-12, 3.22519159816e-12],
        "min": [2.10087461316e-10, 9.70574998149e-09, 2.93950428443e-08, 3.86110485806e-08, 1.58494700031e-07, 2.42810500595e-07, 1.73255443769e-07, 2.78030057643e-07, 1.30564649226e-06, 3.03763317788e-06, 7.83664972914e-07, 1.70264263488e-06, 1.65610367731e-06, 8.72982639066e-07, 1.61569602142e-07, 4.67010011107e-07, 5.37416781299e-07, 1.12974774424e-07, 2.45821183853e-07, 1.27057660393e-06, 8.3069937773e-07, 3.06543910256e-07, 1.89830302588e-07, 8.92314773182e-08, 2.45336444493e-08, 5.82068295785e-08, 2.0029932557e-07, 1.90139971323e-07, 6.60750458792e-08, 1.29641477997e-07, 1.65813830222e-07, 1.02331448204e-07, 1.05393120009e-07, 3.9058097201e-08, 2.23361027452e-08, 1.42707747841e-07, 1.0244644244e-07, 5.14509324034e-08, 9.44515079482e-08, 6.07419536891e-08, 6.52793303857e-08, 1.44686921999e-07, 8.33701463421e-08, 7.64671099773e-08, 4.38588152463e-08, 8.62791580403e-08, 1.17102352704e-07, 3.45927588796e-08, 2.85575669778e-08, 1.50946675603e-07, 1.16635391123e-07, 4.03350348677e-08, 2.87512769148e-08, 7.2361942216e-08, 3.05223238684e-07, 7.67267138713e-08, 7.40495096352e-08, 4.49583872353e-08, 4.7636699918e-08, 3.47822037838e-08, 4.47010748417e-08, 4.21154737751e-08, 3.87889151909e-08, 1.96759302185e-08, 1.10898392691e-08, 1.446026765e-08, 4.00735160611e-08, 2.67056368131e-08, 1.18978533692e-08, 1.56186334976e-08, 1.77024510606e-08, 9.81239267617e-09, 1.51935708459e-08, 6.4519216636e-09, 1.48809622402e-08, 4.35478408889e-09, 4.90115859009e-09, 6.55325704813e-09, 4.26854684932e-09, 3.54875617781e-09, 3.04833736031e-09, 4.65737670652e-09, 3.99648536487e-09, 4.65998217791e-09, 2.70783129253e-09, 3.52171158902e-09, 3.50529294479e-09, 1.93506588531e-09, 2.80220069371e-09, 2.86143220229e-09, 2.5899549172e-09, 3.0197151446e-09, 2.47121789698e-09, 2.21657514565e-09, 5.13556364101e-10, 1.88193727269e-09, 1.19572796109e-09, 8.31740898377e-10, 1.35255873168e-09, 1.40620326494e-09, 1.1342329298e-09, 1.06289077539e-09, 2.02939505478e-11, 2.63446514603e-10, 9.98691573884e-10, 1.38824640672e-09, 8.97395047161e-10, 6.00098581938e-10, 7.84755815886e-10, 5.19269682808e-10, 4.21829376984e-10, 3.49133499888e-10, 5.50583245662e-10, 4.48154902077e-10, 5.52781265206e-10, 3.54465345964e-11, 1.43823795646e-13, 1.35168338653e-13, 9.77290961373e-14, 9.17566193924e-14, 9.6925329633e-14, 1.00934810911e-13, 8.80654327674e-14, 9.86691739598e-14, 8.6086492752e-14, 1.11248873612e-13, 1.2189576605e-13, 9.59437471961e-14],
        "stdev": [6.61547801428e-07, 2.25512872021e-06, 1.52573420564e-05, 0.000104817052488, 0.00019356442499, 0.000298119848594, 0.000419356452767, 0.00048056038213, 0.000846180308145, 0.000357441836968, 0.000245192379225, 0.000298451719573, 0.000632968498394, 0.000450994382845, 0.000348898494849, 0.00103409634903, 0.00111980515067, 0.000538601423614, 0.000433916691691, 0.000887245172635, 0.000476555986097, 0.000346436892869, 0.000493160565384, 0.000321762956446, 0.000663232698571, 0.000304336776026, 0.000363769533578, 0.000549454649445, 0.000207713499549, 0.000335396005539, 0.000419741350925, 0.000315812329063, 0.00062154821353, 0.000435219408246, 0.000252852682024, 0.000718180381227, 0.000901038409211, 0.000237250700593, 0.00026460326626, 0.000274679856375, 0.000325947476085, 0.000437424052507, 0.000258096843027, 0.000259145861492, 0.000148069520947, 0.000104354163341, 0.000171673382283, 9.31871618377e-05, 8.94945478649e-05, 0.000190819919226, 6.73254035064e-05, 7.92889331933e-05, 6.13664014963e-05, 5.06330434291e-05, 9.6557145298e-05, 8.60387299326e-05, 5.61724264116e-05, 8.76105041243e-05, 6.58458520775e-05, 5.95553901803e-05, 3.7998350308e-05, 3.51049093297e-05, 4.20144497184e-05, 3.18804050039e-05, 2.27681903198e-05, 1.94296899281e-05, 3.59254045179e-05, 2.51919427683e-05, 1.38471132232e-05, 1.42434055306e-05, 1.36693470267e-05, 9.39769506658e-06, 7.10390122549e-06, 1.53693981702e-05, 8.46378407005e-06, 8.15546718513e-06, 8.1784419308e-06, 6.30258773526e-06, 7.88789657236e-06, 7.57117641115e-06, 7.63379284763e-06, 1.08766871563e-05, 1.16595210784e-05, 8.06263778941e-06, 4.26813858212e-06, 3.06240440295e-06, 2.88715955321e-06, 2.04420553018e-06, 1.53758628585e-06, 1.28109866182e-06, 1.01997341062e-06, 5.8658378066e-07, 6.46356909328e-07, 4.0919084654e-07, 2.41158545577e-07, 1.93097733359e-07, 1.26510229848e-07, 4.99828445299e-08, 3.60751286621e-08, 3.12865360286e-08, 1.12487494874e-08, 4.04498701201e-09, 2.87002155375e-09, 2.62424637576e-09, 2.29232810511e-09, 2.32390950927e-09, 2.26020313576e-09, 2.2418025214e-09, 2.00229433034e-09, 2.06680783599e-09, 1.80275894213e-09, 1.64564206706e-09, 1.4008063598e-09, 1.19025422851e-09, 6.72313649197e-10, 3.09606895676e-10, 1.65782332306e-10, 2.3125976828e-11, 2.2560738e-11, 2.22446991383e-11, 2.1827763555e-11, 2.13063507809e-11, 2.11471118394e-11, 2.09020301067e-11, 2.05807159509e-11, 2.03751494843e-11, 2.00799325084e-11, 2.01117508064e-11]
    },
    "mfcc": {
        "mean": [-669.299194336, 146.692932129, -41.2048301697, 18.5155925751, -14.5650119781, -2.57251095772, -17.9417667389, -3.07301282883, -17.218585968, -4.45442199707, -8.81889724731, -3.50093269348, -5.23245668411],
        "cov": [[3172.52539062, -847.381958008, -897.349975586, 213.089935303, -356.708953857, 287.246643066, -41.5297088623, 175.960464478, -46.3218040466, 204.481292725, 100.663124084, 89.735824585, -143.541870117], [-847.381958008, 666.36126709, 123.319221497, -201.51663208, 76.5070571899, -154.416381836, 107.88004303, -39.6344070435, 4.70139408112, -45.3251686096, -1.44623911381, -65.6528091431, 51.5339546204], [-897.349975586, 123.319221497, 526.556030273, 49.4773216248, 85.6637115479, -22.3884334564, -16.485452652, -26.6882820129, 14.8654298782, -83.3635864258, -49.5369186401, -1.807107687, 29.2583236694], [213.089935303, -201.51663208, 49.4773216248, 353.579986572, 122.129516602, 24.0194816589, -100.13924408, -1.04125785828, 31.4857063293, -1.96949231625, -8.32214450836, 34.2611236572, 19.3345870972], [-356.708953857, 76.5070571899, 85.6637115479, 122.129516602, 224.225204468, -41.9895019531, -70.9762420654, -36.1331253052, 15.9860620499, -23.6524219513, -25.211774826, 6.59970855713, 42.1094284058], [287.246643066, -154.416381836, -22.3884334564, 24.0194816589, -41.9895019531, 160.807723999, 50.3510437012, 23.8681945801, -17.3837814331, -6.18832111359, 12.6157369614, 11.0420351028, -23.4590206146], [-41.5297088623, 107.88004303, -16.485452652, -100.13924408, -70.9762420654, 50.3510437012, 187.128448486, 45.402431488, -18.3371124268, -27.242641449, -6.80729436874, -19.3328495026, -10.6593666077], [175.960464478, -39.6344070435, -26.6882820129, -1.04125785828, -36.1331253052, 23.8681945801, 45.402431488, 99.4507446289, 18.6325454712, 5.4165096283, -12.9362068176, -10.677283287, -13.0368289948], [-46.3218040466, 4.70139408112, 14.8654298782, 31.4857063293, 15.9860620499, -17.3837814331, -18.3371124268, 18.6325454712, 101.217666626, 31.3802337646, -7.03981161118, -23.3141651154, -18.091753006], [204.481292725, -45.3251686096, -83.3635864258, -1.96949231625, -23.6524219513, -6.18832111359, -27.242641449, 5.4165096283, 31.3802337646, 102.470962524, 43.5685539246, 1.12434160709, -22.1948451996], [100.663124084, -1.44623911381, -49.5369186401, -8.32214450836, -25.211774826, 12.6157369614, -6.80729436874, -12.9362068176, -7.03981161118, 43.5685539246, 87.6581268311, 35.4625930786, 1.99340605736], [89.735824585, -65.6528091431, -1.807107687, 34.2611236572, 6.59970855713, 11.0420351028, -19.3328495026, -10.677283287, -23.3141651154, 1.12434160709, 35.4625930786, 88.1975021362, 33.8227386475], [-143.541870117, 51.5339546204, 29.2583236694, 19.3345870972, 42.1094284058, -23.4590206146, -10.6593666077, -13.0368289948, -18.091753006, -22.1948451996, 1.99340605736, 33.8227386475, 74.1015625]],
        "icov": [[0.00241519673727, -0.0005937081296, 0.00347079592757, -0.00257108942606, 0.00343885482289, -0.0029650577344, 0.00238036853261, -0.00264444970526, 0.00182033563033, -0.00190469040535, 0.00236359564587, -0.00292589492165, 0.00252195261419], [-0.0005937081296, 0.00542599055916, -0.00166971981525, 0.00295234937221, -0.00371144292876, 0.00528445048258, -0.00480653578416, 0.00196132576093, -0.00135033065453, 0.00206402689219, -0.00498168263584, 0.00525224767625, -0.00357372150756], [0.00347079592757, -0.00166971981525, 0.00749513087794, -0.00409188866615, 0.00495719257742, -0.00489769782871, 0.00412672013044, -0.00347819924355, 0.00174796860665, -0.00100724655204, 0.00438968278468, -0.00510864658281, 0.00394568918273], [-0.00257108942606, 0.00295234937221, -0.00409188866615, 0.00832437351346, -0.00702337734401, 0.00338067812845, -0.00218818895519, 0.00218914099969, -0.00352379004471, 0.0030536770355, -0.00401177629828, 0.0035236957483, -0.0039043542929], [0.00343885482289, -0.00371144292876, 0.00495719257742, -0.00702337734401, 0.0138224735856, -0.00581022445112, 0.00657555600628, -0.00257981242612, 0.00217642495409, -0.00303055346012, 0.00692764064297, -0.00549468537793, 0.00186080252752], [-0.0029650577344, 0.00528445048258, -0.00489769782871, 0.00338067812845, -0.00581022445112, 0.0160903148353, -0.00898548495024, 0.00356741738506, -0.00156086951029, 0.00472239591181, -0.00794350728393, 0.0059473211877, -0.00210378482006], [0.00238036853261, -0.00480653578416, 0.00412672013044, -0.00218818895519, 0.00657555600628, -0.00898548495024, 0.0145730059594, -0.00703592412174, 0.00277503556572, -0.000373952527298, 0.0048296651803, -0.00473954482004, 0.0037713216152], [-0.00264444970526, 0.00196132576093, -0.00347819924355, 0.00218914099969, -0.00257981242612, 0.00356741738506, -0.00703592412174, 0.0167616289109, -0.00497256498784, 0.0010412724223, -0.000348801200744, 0.00370802427642, -0.00373748154379], [0.00182033563033, -0.00135033065453, 0.00174796860665, -0.00352379004471, 0.00217642495409, -0.00156086951029, 0.00277503556572, -0.00497256498784, 0.0154566280544, -0.00675473315641, 0.00348908663727, -0.000283788511297, 0.00427413918078], [-0.00190469040535, 0.00206402689219, -0.00100724655204, 0.0030536770355, -0.00303055346012, 0.00472239591181, -0.000373952527298, 0.0010412724223, -0.00675473315641, 0.0203791800886, -0.0119966836646, 0.00451939087361, 0.000537218933459], [0.00236359564587, -0.00498168263584, 0.00438968278468, -0.00401177629828, 0.00692764064297, -0.00794350728393, 0.0048296651803, -0.000348801200744, 0.00348908663727, -0.0119966836646, 0.0260119140148, -0.014093038626, 0.0045298920013], [-0.00292589492165, 0.00525224767625, -0.00510864658281, 0.0035236957483, -0.00549468537793, 0.0059473211877, -0.00473954482004, 0.00370802427642, -0.000283788511297, 0.00451939087361, -0.014093038626, 0.0266303755343, -0.0137385185808], [0.00252195261419, -0.00357372150756, 0.00394568918273, -0.0039043542929, 0.00186080252752, -0.00210378482006, 0.0037713216152, -0.00373748154379, 0.00427413918078, 0.000537218933459, 0.0045298920013, -0.0137385185808, 0.0258412659168]]
    },
    "spectral_contrast_coeffs": {
        "max": [-0.40705755353, -0.510064899921, -0.510254383087, -0.618284344673, -0.641861021519, -0.476205229759],
        "mean": [-0.648116230965, -0.734530866146, -0.732036054134, -0.773645281792, -0.778254687786, -0.731532335281],
        "min": [-0.90423309803, -0.961851477623, -0.888679385185, -0.891781806946, -0.871368646622, -0.893421471119],
        "stdev": [0.0626367777586, 0.0656370669603, 0.0758253708482, 0.0500722900033, 0.0375101417303, 0.0640593618155]
    },
    "spectral_contrast_valleys": {
        "max": [-5.81712436676, -4.96960926056, -5.5903468132, -5.6545715332, -5.92666578293, -9.8324546814],
        "mean": [-7.41178607941, -6.62853384018, -7.3789639473, -7.52478075027, -7.69233942032, -11.3544597626],
        "min": [-9.17381572723, -8.45035457611, -9.08772850037, -9.18818664551, -9.44701957703, -12.0261592865],
        "stdev": [0.528892338276, 0.584862112999, 0.736559212208, 0.711572647095, 0.774446129799, 0.356511920691]
    }
},
"rhythm": {
    "beats_count": 63,
    "beats_loudness": {
        "max": 0.0703765228391,
        "mean": 0.0228600017726,
        "min": 0.00250052055344,
        "stdev": 0.0155526977032
    },
    "bpm": 119.777366638,
    "bpm_histogram_first_peak_bpm": 120,
    "bpm_histogram_first_peak_weight": 0.568181753159,
    "bpm_histogram_second_peak_bpm": 112,
    "bpm_histogram_second_peak_spread": 0.444444417953,
    "bpm_histogram_second_peak_weight": 0.161290317774,
    "danceability": 1.13186562061,
    "onset_rate": 1.99951159954,
    "beats_loudness_band_ratio": {
        "max": [0.412114799023, 0.807748019695, 0.765477180481, 0.737007021904, 0.446393072605, 0.133285850286],
        "mean": [0.113439545035, 0.225179776549, 0.283199965954, 0.28377071023, 0.151816725731, 0.0348307937384],
        "min": [0.00241166749038, 0.0375161096454, 0.0578836910427, 0.0238302294165, 0.00653830915689, 0.00117889675312],
        "stdev": [0.0971703231335, 0.156576499343, 0.156665965915, 0.210035964847, 0.128030642867, 0.0339005514979]
    },
    "beats_position": [0.545668900013, 1.10294783115, 1.64861679077, 2.20589566231, 2.75156450272, 3.28562355042, 3.8196823597, 4.35374164581, 4.88780021667, 5.41024923325, 5.94430828094, 6.47836732864, 7.01242637634, 7.5464849472, 8.08054447174, 8.6146030426, 9.12544155121, 9.62467098236, 10.1239004135, 10.6347389221, 11.1455783844, 11.6680269241, 12.1672563553, 12.6664848328, 13.1657142639, 13.6765527725, 14.1873922348, 14.6866207123, 15.1858501434, 15.696688652, 16.1959171295, 16.7067565918, 17.2175960541, 17.7168254852, 18.2276649475, 18.7385025024, 19.2493419647, 19.7717914581, 20.2942390442, 20.7818584442, 21.2694778442, 21.7570972443, 22.2447166443, 22.7555541992, 23.2663936615, 23.7656230927, 24.2648525238, 24.764081955, 25.2633094788, 25.7625389099, 26.2617683411, 26.7609977722, 27.2718353271, 27.7710647583, 28.2702941895, 28.7695236206, 29.2571430206, 29.7447605133, 30.2323799133, 30.7432193756, 31.2540588379, 31.7416782379, 32.2292976379],
