{
"metadata": {
    "version": {
        "essentia": "2.1-beta5",
        "essentia_git_sha": "Undefined",
        "extractor": "music 2.0"
    },
    "audio_properties": {
        "analysis": {
            "equal_loudness": 0,
            "length": 48.7502937317,
            "sample_rate": 44100,
            "start_time": 29.0017242432,
            "downmix": "mix"
        },
        "bit_rate": 192000,
        "length": 161.634109497,
        "lossless": 0,
        "number_channels": 2,
        "replay_gain": -5.71122550964,
        "sample_rate": 44100,
        "codec": "mp3",
        "md5_encoded": "444dea60c28910f42d327b7d34404dfe"
    },
    "tags": {
        "file_name": "Yugoslavia_Tvoj Djecak Je Tuzan_Krunoslav Slabinac.mp3",
        "encoding": ["Lavf58.29.100"]
    }
},
"lowlevel": {
    "average_loudness": 0.926587045193,
    "barkbands_crest": {
        "max": 25.1137180328,
        "mean": 9.74231719971,
        "min": 2.9447324276,
        "stdev": 3.94272279739
    },
    "barkbands_flatness_db": {
        "max": 0.342946201563,
        "mean": 0.171092256904,
        "min": 0.077535353601,
        "stdev": 0.0376476161182
    },
    "barkbands_kurtosis": {
        "max": 108.422554016,
        "mean": 2.21522188187,
        "min": -1.80693507195,
        "stdev": 6.81012582779
    },
    "barkbands_skewness": {
        "max": 7.28859090805,
        "mean": 0.659021854401,
        "min": -3.83023834229,
        "stdev": 1.13375997543
    },
    "barkbands_spread": {
        "max": 65.5663070679,
        "mean": 14.7133789062,
        "min": 0.782765507698,
        "stdev": 8.53007793427
    },
    "dissonance": {
        "max": 0.499967932701,
        "mean": 0.44594925642,
        "min": 0.218401387334,
        "stdev": 0.0432954803109
    },
    "dynamic_complexity": 2.79625892639,
    "erbbands_crest": {
        "max": 29.7172451019,
        "mean": 11.4616518021,
        "min": 3.0846016407,
        "stdev": 4.75548219681
    },
    "erbbands_flatness_db": {
        "max": 0.371515095234,
        "mean": 0.237357094884,
        "min": 0.115358009934,
        "stdev": 0.0429938025773
    },
    "erbbands_kurtosis": {
        "max": 70.9896774292,
        "mean": 1.35617363453,
        "min": -1.64910078049,
        "stdev": 4.44339609146
    },
    "erbbands_skewness": {
        "max": 6.64217662811,
        "mean": 0.12816876173,
        "min": -3.12859797478,
        "stdev": 1.06700229645
    },
    "erbbands_spread": {
        "max": 90.4358291626,
        "mean": 21.0062541962,
        "min": 1.77308130264,
        "stdev": 10.5398921967
    },
    "hfc": {
        "max": 83.4688796997,
        "mean": 16.7820358276,
        "min": 0.197623297572,
        "stdev": 15.7479553223
    },
    "loudness_ebu128": {
        "integrated": -20.1008529663,
        "loudness_range": 6.0786190033,
        "momentary": {
            "max": -15.3460035324,
            "mean": -21.0052719116,
            "min": -32.4189720154,
            "stdev": 2.99139308929
        },
        "short_term": {
            "max": -16.7935657501,
            "mean": -20.672870636,
            "min": -25.9473171234,
            "stdev": 2.04733514786
        }
    },
    "melbands_crest": {
        "max": 31.6471881866,
        "mean": 12.3468914032,
        "min": 3.7454791069,
        "stdev": 5.43640708923
    },
    "melbands_flatness_db": {
        "max": 0.410187989473,
        "mean": 0.204549223185,
        "min": 0.0534823611379,
        "stdev": 0.0506940111518
    },
    "melbands_kurtosis": {
        "max": 63.6383895874,
        "mean": 3.40069127083,
        "min": -1.75722432137,
        "stdev": 6.20237159729
    },
    "melbands_skewness": {
        "max": 6.24081134796,
        "mean": 1.10062503815,
        "min": -1.60712647438,
        "stdev": 0.996868908405
    },
    "melbands_spread": {
        "max": 153.349655151,
        "mean": 26.2729129791,
        "min": 1.25999510288,
        "stdev": 20.3874454498
    },
    "pitch_salience": {
        "max": 0.832539319992,
        "mean": 0.597847402096,
        "min": 0.234491229057,
        "stdev": 0.104653462768
    },
    "silence_rate_20dB": {
        "max": 1,
        "mean": 1,
        "min": 1,
        "stdev": 0
    },
    "silence_rate_30dB": {
        "max": 1,
        "mean": 1,
        "min": 1,
        "stdev": 0
    },
    "silence_rate_60dB": {
        "max": 1,
        "mean": 0.0961446911097,
        "min": 0,
        "stdev": 0.294793456793
    },
    "spectral_centroid": {
        "max": 4522.36669922,
        "mean": 1384.61242676,
        "min": 349.917205811,
        "stdev": 697.829162598
    },
    "spectral_complexity": {
        "max": 42,
        "mean": 15.1389818192,
        "min": 0,
        "stdev": 6.52981090546
    },
    "spectral_decrease": {
        "max": -5.93426488504e-11,
        "mean": -3.35384742201e-09,
        "min": -1.14433422738e-08,
        "stdev": 2.13955320127e-09
    },
    "spectral_energy": {
        "max": 0.0483835376799,
        "mean": 0.0141803845763,
        "min": 0.000245659000939,
        "stdev": 0.00919890590012
    },
    "spectral_energyband_high": {
        "max": 0.00658995239064,
        "mean": 0.000192670660908,
        "min": 3.395631893e-06,
        "stdev": 0.000645172956865
    },
    "spectral_energyband_low": {
        "max": 0.00889011286199,
        "mean": 0.000407502986491,
        "min": 3.90860623156e-06,
        "stdev": 0.000586018373724
    },
    "spectral_energyband_middle_high": {
        "max": 0.0392064936459,
        "mean": 0.00674543669447,
        "min": 3.80092969863e-05,
        "stdev": 0.00700310431421
    },
    "spectral_energyband_middle_low": {
        "max": 0.034683752805,
        "mean": 0.00708757899702,
        "min": 0.000136577000376,
        "stdev": 0.00551467528567
    },
    "spectral_entropy": {
        "max": 8.31243801117,
        "mean": 7.18638277054,
        "min": 5.55988788605,
        "stdev": 0.375836640596
    },
    "spectral_flux": {
        "max": 0.206229671836,
        "mean": 0.0753805339336,
        "min": 0.00973467063159,
        "stdev": 0.0377426706254
    },
    "spectral_kurtosis": {
        "max": 36.7803688049,
        "mean": 8.76239013672,
        "min": -0.830643892288,
        "stdev": 4.91033935547
    },
    "spectral_rms": {
        "max": 0.00687047699466,
        "mean": 0.00349749345332,
        "min": 0.000489558267873,
        "stdev": 0.00126572430599
    },
    "spectral_rolloff": {
        "max": 7665.8203125,
        "mean": 1742.4942627,
        "min": 322.998046875,
        "stdev": 1103.37451172
    },
    "spectral_skewness": {
        "max": 4.38916492462,
        "mean": 1.88738226891,
        "min": -0.260841280222,
        "stdev": 0.697982609272
    },
    "spectral_spread": {
        "max": 16157570,
        "mean": 2747905,
        "min": 1430029.75,
        "stdev": 715572.875
    },
    "spectral_strongpeak": {
        "max": 13.0198917389,
        "mean": 1.69808781147,
        "min": 0.0161661505699,
        "stdev": 1.62588953972
    },
    "zerocrossingrate": {
        "max": 0.27490234375,
        "mean": 0.0597048737109,
        "min": 0.01220703125,
        "stdev": 0.0313852205873
    },
    "barkbands": {
        "max": [1.73202624865e-05, 0.000655818672385, 0.00320928846486, 0.0106326714158, 0.00839513354003, 0.0171341244131, 0.0331923663616, 0.0254223048687, 0.0156680885702, 0.00962563883513, 0.010040551424, 0.0216262303293, 0.0293962545693, 0.0142582748085, 0.0312193855643, 0.0166373103857, 0.0117663526908, 0.00951354857534, 0.01731877774, 0.00439821230248, 0.00352357793599, 0.00331580336206, 0.00314954458736, 0.000477820460219, 4.75908746012e-06, 1.11332963115e-06, 4.82224550069e-07],
        "mean": [6.35676258298e-07, 3.65499727195e-05, 0.000211066551856, 0.000344506028341, 0.00085445411969, 0.000930474197958, 0.00198106933385, 0.00149370462168, 0.00126028899103, 0.000425095815444, 0.000564062211197, 0.000808268669061, 0.00111988792196, 0.000652792863548, 0.000993413501419, 0.000784650095738, 0.000514740590006, 0.000312630960252, 0.000622004561592, 0.00011238551815, 5.09033234266e-05, 4.69451442768e-05, 5.14815037604e-05, 6.83138569002e-06, 8.32100340631e-07, 7.05113848198e-07, 9.40044930786e-09],
        "min": [4.37278524501e-09, 3.65711798622e-07, 2.12429071667e-07, 2.26475250997e-07, 1.29458248921e-06, 5.89001228946e-06, 3.16610157824e-06, 2.3802576834e-06, 9.20332695387e-06, 1.10570374545e-06, 1.61772186402e-06, 6.90985928031e-07, 1.478272452e-06, 8.68230074502e-07, 1.03187278455e-06, 1.7597973283e-06, 1.33026753701e-06, 6.58883493543e-07, 5.26041958437e-07, 4.35172381685e-07, 3.12595233254e-07, 2.55892075529e-07, 2.3161568663e-07, 3.04928335026e-07, 3.40323424552e-07, 3.49416723111e-07, 1.10051814883e-10],
        "stdev": [8.50920287121e-07, 4.37494381913e-05, 0.000297457911074, 0.000732924847398, 0.000883508881088, 0.0014872251777, 0.00373530131765, 0.00296571780927, 0.00190662359819, 0.000737794849556, 0.000991152017377, 0.00167504127603, 0.00251369574107, 0.00141379609704, 0.00269820773974, 0.00148473703302, 0.000906845729332, 0.000762934156228, 0.00186889059842, 0.000316444056807, 0.000193247411516, 0.000172440501046, 0.000256024155533, 2.81978300336e-05, 2.70562765081e-07, 1.0605636902e-07, 1.54980721589e-08]
    },
    "erbbands": {
        "max": [0.00565797602758, 0.22916264832, 2.20878744125, 23.5826931, 23.0903739929, 48.5158920288, 135.996261597, 198.408996582, 374.01361084, 625.435180664, 469.194793701, 476.439239502, 362.424530029, 231.162628174, 460.282836914, 938.388366699, 1094.02416992, 559.485839844, 1948.5736084, 1384.82067871, 902.305664062, 713.460998535, 291.361175537, 903.856445312, 654.686401367, 249.737075806, 156.264511108, 114.846160889, 134.956985474, 117.215034485, 107.512031555, 24.026599884, 2.79775547981, 0.137173905969, 0.0139771522954, 0.00611803028733, 0.00228433543816, 0.000411158864154, 8.03927323432e-05, 6.17280165898e-05],
        "mean": [0.000387020758353, 0.0141516067088, 0.192900747061, 0.754534006119, 1.58119833469, 3.57972383499, 4.72106552124, 8.51922130585, 17.7485237122, 46.9005851746, 24.6349754333, 29.0063209534, 20.7997245789, 12.380490303, 25.4159202576, 41.8238601685, 53.5590934753, 29.3688869476, 51.3662223816, 47.8210678101, 40.8798866272, 26.3190460205, 15.2528362274, 33.7791481018, 20.1936969757, 5.95263910294, 2.55666851997, 1.83592939377, 1.72819340229, 1.62309217453, 1.3908765316, 0.335936635733, 0.0469136759639, 0.0107184844092, 0.00591815169901, 0.00349364359863, 0.00130578351673, 0.000116094612167, 1.1182286471e-05, 1.78668688022e-05],
        "min": [1.1526122762e-05, 0.000285534508293, 0.00131623761263, 0.0035698087886, 0.00926293432713, 0.00608499860391, 0.0209568422288, 0.0600439943373, 0.078743070364, 0.0740392357111, 0.0755357518792, 0.232257530093, 0.0573465824127, 0.0878689810634, 0.0464518778026, 0.0717651695013, 0.0880824550986, 0.0662049651146, 0.0628387108445, 0.0815796852112, 0.103643655777, 0.0877871364355, 0.0387809090316, 0.0346474982798, 0.0263506080955, 0.0190427340567, 0.0161732640117, 0.0125504517928, 0.00949459150434, 0.00832938309759, 0.00520669762045, 0.00706862378865, 0.00431036157534, 0.00281959585845, 0.00270976568572, 0.00175581150688, 0.000669845205266, 6.17582190898e-05, 1.72495379047e-06, 3.84766934758e-07],
        "stdev": [0.000373354967451, 0.0155899422243, 0.238988995552, 1.46445035934, 1.78916954994, 4.28077507019, 8.88795566559, 14.5338039398, 41.7447509766, 79.2248001099, 45.5074272156, 49.895526886, 30.9874515533, 19.5057468414, 42.0905303955, 79.2175979614, 109.183753967, 49.5937042236, 143.7709198, 110.452560425, 69.0945510864, 43.4072113037, 27.43891716, 92.4661560059, 55.8073921204, 16.234254837, 9.45394134521, 6.33120393753, 6.39307498932, 7.70864105225, 7.14664363861, 1.47328329086, 0.155898958445, 0.00960601959378, 0.00122410641052, 0.000636224751361, 0.000229269600823, 2.37662752625e-05, 6.77184652886e-06, 1.18699263112e-05]
    },
    "gfcc": {
        "mean": [-58.7799415588, 111.409683228, -164.361404419, 4.82192134857, -63.7916679382, -9.88179206848, -45.930316925, -3.69865083694, -20.2782363892, -6.07542800903, -19.7464923859, -2.26837325096, -21.0973548889],
        "cov": [[1610.40148926, -214.764938354, -936.018005371, 261.436248779, 76.7833404541, -117.945480347, 103.188552856, -170.633926392, 121.201698303, -165.077011108, 135.885681152, -109.805953979, -41.4641723633], [-214.764938354, 429.332366943, 274.658203125, -314.118652344, 66.0394134521, 32.5961074829, -26.1335334778, 74.486328125, -24.7231559753, 11.5626783371, -60.1156082153, 35.513835907, -14.6202802658], [-936.018005371, 274.658203125, 833.691101074, -89.4818649292, -153.0962677, 82.1532287598, -40.7826080322, 81.7586135864, -58.5708732605, 75.1548080444, -119.319442749, 65.9790420532, 28.0402450562], [261.436248779, -314.118652344, -89.4818649292, 537.249938965, -4.89600944519, -66.7479629517, -22.3992767334, -106.169555664, 7.14087915421, -8.19010257721, 8.13633918762, -59.3184509277, 36.3213310242], [76.7833404541, 66.0394134521, -153.0962677, -4.89600944519, 323.242797852, -10.7333707809, -125.38835144, 14.3709630966, 12.6978006363, 19.9119358063, 4.17341899872, -50.4927253723, -19.1604309082], [-117.945480347, 32.5961074829, 82.1532287598, -66.7479629517, -10.7333707809, 149.422851562, 63.5947608948, 3.49865698814, -26.6575260162, -3.66909480095, -6.91270303726, 8.97973442078, -30.534614563], [103.188552856, -26.1335334778, -40.7826080322, -22.3992767334, -125.38835144, 63.5947608948, 219.82649231, 32.1696815491, -53.7977638245, -37.6302642822, 26.5441684723, 35.3253707886, -19.2448482513], [-170.633926392, 74.486328125, 81.7586135864, -106.169555664, 14.3709630966, 3.49865698814, 32.1696815491, 110.565658569, 6.478495121, -0.0817414075136, -6.23112440109, 18.5099601746, -9.67872428894], [121.201698303, -24.7231559753, -58.5708732605, 7.14087915421, 12.6978006363, -26.6575260162, -53.7977638245, 6.478495121, 133.934997559, 22.2419376373, -0.787172019482, -29.9858188629, -9.00473308563], [-165.077011108, 11.5626783371, 75.1548080444, -8.19010257721, 19.9119358063, -3.66909480095, -37.6302642822, -0.0817414075136, 22.2419376373, 103.614608765, 2.87127375603, -18.8397674561, 8.05324172974], [135.885681152, -60.1156082153, -119.319442749, 8.13633918762, 4.17341899872, -6.91270303726, 26.5441684723, -6.23112440109, -0.787172019482, 2.87127375603, 80.3212127686, 4.25404644012, -13.0472755432], [-109.805953979, 35.513835907, 65.9790420532, -59.3184509277, -50.4927253723, 8.97973442078, 35.3253707886, 18.5099601746, -29.9858188629, -18.8397674561, 4.25404644012, 105.928474426, 32.8259468079], [-41.4641723633, -14.6202802658, 28.0402450562, 36.3213310242, -19.1604309082, -30.534614563, -19.2448482513, -9.67872428894, -9.00473308563, 8.05324172974, -13.0472755432, 32.8259468079, 66.4495620728]],
        "icov": [[0.0228863991797, -0.0278789494187, 0.0246722623706, -0.016849225387, 0.00745306583121, 0.00211990368553, -0.0122835943475, 0.0197662189603, -0.0217468794435, 0.0225444864482, -0.0185545515269, 0.0128243295476, -0.00626716390252], [-0.0278789494187, 0.0438778884709, -0.0357719436288, 0.027247287333, -0.0162171069533, 0.00291117327288, 0.00878872163594, -0.017532909289, 0.0240555983037, -0.0238366704434, 0.0239490214735, -0.0145178679377, 0.00713535072282], [0.0246722623706, -0.0357719436288, 0.0338822565973, -0.0230323784053, 0.0156375803053, -0.00382882123813, -0.00532643310726, 0.0125952269882, -0.0189348105341, 0.0187148302794, -0.0164399947971, 0.0109838331118, -0.00462968135253], [-0.016849225387, 0.027247287333, -0.0230323784053, 0.020013121888, -0.0114386305213, 0.00388206727803, 0.00282640312798, -0.00643112370744, 0.0133613944054, -0.0127284359187, 0.0133323054761, -0.00617667427287, 0.00165083864704], [0.00745306583121, -0.0162171069533, 0.0156375803053, -0.0114386305213, 0.015517433174, -0.00695948675275, 0.0080892816186, -0.0049459724687, -0.00127711996902, 0.00207912106998, -0.00496615888551, 0.00317116244696, 0.000668296066578], [0.00211990368553, 0.00291117327288, -0.00382882123813, 0.00388206727803, -0.00695948675275, 0.015222475864, -0.0113186147064, 0.0117754815146, -0.00500667979941, 0.00511175347492, -0.00106306269299, 0.00162687757984, 0.00257202400826], [-0.0122835943475, 0.00878872163594, -0.00532643310726, 0.00282640312798, 0.0080892816186, -0.0113186147064, 0.0252088252455, -0.0244938861579, 0.0195216722786, -0.0161744356155, 0.010047884658, -0.0101462230086, 0.0074269301258], [0.0197662189603, -0.017532909289, 0.0125952269882, -0.00643112370744, -0.0049459724687, 0.0117754815146, -0.0244938861579, 0.041202262044, -0.0262596998364, 0.0251801069826, -0.0175150986761, 0.0123167848215, -0.00656457105651], [-0.0217468794435, 0.0240555983037, -0.0189348105341, 0.0133613944054, -0.00127711996902, -0.00500667979941, 0.0195216722786, -0.0262596998364, 0.0331241488457, -0.026024479419, 0.0198647622019, -0.0123411929235, 0.0092092147097], [0.0225444864482, -0.0238366704434, 0.0187148302794, -0.0127284359187, 0.00207912106998, 0.00511175347492, -0.0161744356155, 0.0251801069826, -0.026024479419, 0.0380616933107, -0.0237858146429, 0.0182003639638, -0.0119858384132], [-0.0185545515269, 0.0239490214735, -0.0164399947971, 0.0133323054761, -0.00496615888551, -0.00106306269299, 0.010047884658, -0.0175150986761, 0.0198647622019, -0.0237858146429, 0.0353420227766, -0.0159182939678, 0.0121571747586], [0.0128243295476, -0.0145178679377, 0.0109838331118, -0.00617667427287, 0.00317116244696, 0.00162687757984, -0.0101462230086, 0.0123167848215, -0.0123411929235, 0.0182003639638, -0.0159182939678, 0.0250308476388, -0.0153020871803], [-0.00626716390252, 0.00713535072282, -0.00462968135253, 0.00165083864704, 0.000668296066578, 0.00257202400826, 0.0074269301258, -0.00656457105651, 0.0092092147097, -0.0119858384132, 0.0121571747586, -0.0153020871803, 0.0289757177234]]
    },
    "melbands": {
        "max": [9.98367977445e-05, 0.00102076563053, 0.00355915399268, 0.00208232132718, 0.00354142300785, 0.00392208667472, 0.00590304704383, 0.00679307291284, 0.00387284485623, 0.00304985838011, 0.00182078429498, 0.000891529140063, 0.00159583846107, 0.00149346410763, 0.00381993944757, 0.00178516935557, 0.00125971296802, 0.00307869282551, 0.00258673960343, 0.00139858655166, 0.000849003146868, 0.000977894407697, 0.000277908140561, 0.000464275130071, 0.000815919134766, 0.000816894986201, 0.000180505187018, 0.000141396434628, 8.49141651997e-05, 0.000117168565339, 8.98519356269e-05, 9.59326353041e-05, 3.51938542735e-05, 9.38471057452e-05, 7.70676924731e-05, 3.28237947542e-05, 7.5965567703e-06, 2.73983073384e-06, 3.16536386435e-07, 4.84250044508e-08],
        "mean": [6.23169262326e-06, 7.6361488027e-05, 0.000153079832671, 0.000181507348316, 0.000169272883795, 0.000188126083231, 0.00030973093817, 0.000486886419822, 0.000190280174138, 0.000180595408892, 9.86663944786e-05, 4.41113988927e-05, 8.42406880111e-05, 7.0498099376e-05, 0.000170094921486, 7.18015944585e-05, 5.32188350917e-05, 8.23122172733e-05, 6.91631576046e-05, 5.72032222408e-05, 4.76738387079e-05, 3.07087757392e-05, 1.40341226142e-05, 1.52571901708e-05, 2.94549772661e-05, 2.15995150938e-05, 6.5052258833e-06, 3.08639710056e-06, 1.60624290402e-06, 1.14151225716e-06, 1.06907396002e-06, 1.04269201984e-06, 7.6796391113e-07, 9.86579493656e-07, 9.66917127698e-07, 3.8619069187e-07, 1.23651375361e-07, 3.20807700405e-08, 1.14452554101e-08, 7.2040062804e-09],
        "min": [1.29862755216e-07, 5.98246572281e-07, 8.23655909699e-07, 7.6029863294e-07, 5.38589915777e-07, 1.24728876472e-06, 1.16902037917e-06, 5.62317040931e-07, 3.0957647823e-07, 1.45408705521e-06, 1.54782512141e-07, 3.88402298768e-07, 1.85566378264e-07, 9.79789192002e-08, 1.5330358849e-07, 1.26698424197e-07, 8.39039628886e-08, 9.58719752475e-08, 8.06108673146e-08, 8.13441261016e-08, 6.50795826118e-08, 8.91532110359e-08, 5.92516187226e-08, 2.2911736508e-08, 2.03793995013e-08, 1.29149277939e-08, 1.88732744988e-08, 8.82529960222e-09, 9.07692498942e-09, 6.5558634077e-09, 6.98375224317e-09, 4.17829815191e-09, 3.51203865989e-09, 4.31148405866e-09, 2.79802381264e-09, 2.7342097475e-09, 3.3770992669e-09, 2.72255196165e-09, 2.13842543673e-09, 2.38488073734e-09],
        "stdev": [7.12539804226e-06, 9.2324524303e-05, 0.000247320422204, 0.000184936012374, 0.000257013423834, 0.000309300521621, 0.000675880757626, 0.000834900420159, 0.000364859093679, 0.000305009656586, 0.00015427856124, 7.86397431511e-05, 0.000144879973959, 0.000128382220282, 0.000356915174052, 0.000151097570779, 0.000105714971141, 0.000245598203037, 0.000193208543351, 0.000125162143377, 8.41880391818e-05, 5.73476499994e-05, 2.47893203777e-05, 3.85186212952e-05, 8.5907005996e-05, 6.97552386555e-05, 1.57668582688e-05, 9.37427921599e-06, 6.10171582593e-06, 5.07007689521e-06, 3.80879532713e-06, 3.97202757085e-06, 3.05578396365e-06, 5.20162757311e-06, 5.19434343005e-06, 1.8869076257e-06, 5.12814153808e-07, 1.20122493286e-07, 1.70737060046e-08, 2.81510259548e-09]
    },
    "melbands128": {
        "max": [1.0107694834e-05, 1.99535734282e-05, 0.000137143637403, 0.000440721982159, 0.00110799830873, 0.00191616348457, 0.0055777891539, 0.00525717157871, 0.00208781566471, 0.00246187765151, 0.00364525639452, 0.00241222046316, 0.00578995235264, 0.00602088216692, 0.00712350662798, 0.00469867046922, 0.00721483398229, 0.0108758658171, 0.014122331515, 0.0110891619697, 0.009625563398, 0.00578187173232, 0.0072384364903, 0.00465144077316, 0.00529217161238, 0.00615904480219, 0.00318870693445, 0.00371273304336, 0.00157691200729, 0.00108170940075, 0.00148383434862, 0.00240054540336, 0.00276231812313, 0.00341394310817, 0.0026230008807, 0.00195557810366, 0.00552916992456, 0.00590143026784, 0.00768915424123, 0.00494220247492, 0.00241893017665, 0.00196491298266, 0.00232442771085, 0.00321283587255, 0.0035552859772, 0.00679766200483, 0.00522361556068, 0.00586437853053, 0.00330765848048, 0.00432364130393, 0.00225896434858, 0.00385484029539, 0.00126504607033, 0.00137787859421, 0.00190756691154, 0.0022354805842, 0.000599187158514, 0.000437882292317, 0.000433940760558, 0.0004535249318, 0.000576133839786, 0.0015079366276, 0.0016745205503, 0.00189138518181, 0.00227263337001, 0.00120079424232, 0.000866029178724, 0.000328544701915, 0.00013519776985, 0.000629117072094, 0.000144075413118, 0.000101647157862, 9.92265631794e-05, 0.000125713690068, 0.000191515195183, 0.000161115705851, 6.07612964814e-05, 7.91451238911e-05, 0.000108988526335, 0.000140688265674, 0.000105874125438, 8.89750153874e-05, 5.40107539564e-05, 3.04912355205e-05, 7.62651761761e-05, 9.1115689429e-05, 0.000135961090564, 0.000107149047835, 0.000112737194286, 9.63529600995e-05, 4.37699782196e-05, 3.89044289477e-05, 1.8291602828e-05, 7.37956133889e-06, 6.65475545247e-06, 5.04688887304e-06, 2.54466658589e-06, 1.04949572233e-06, 3.52965969341e-07, 2.01485192974e-07, 6.82284522213e-08, 5.88065489637e-08, 2.00793142113e-08, 1.82455384135e-08, 1.92108622343e-08, 1.77264762868e-08, 2.25120064812e-08, 1.79462382732e-08, 1.47999319466e-08, 1.68825255997e-08, 1.22677912273e-08, 1.2498555968e-08, 1.07372706282e-08, 9.60604840117e-09, 5.1758681785e-09, 3.3282787637e-09, 2.2820001444e-09, 2.25494445338e-09, 2.20358864489e-09, 2.15135953496e-09, 2.10296757785e-09, 2.0521391253e-09, 2.00812699802e-09, 1.9735888479e-09, 1.94729832259e-09, 1.92590854375e-09, 1.90945947942e-09, 1.89682758389e-09],
        "mean": [4.337563837e-07, 1.37729489325e-06, 4.4834819164e-06, 2.28875869652e-05, 7.67547098803e-05, 0.000109053355118, 0.000147505226778, 0.000179652372026, 0.000141034441185, 0.000174790926394, 0.000223275914323, 0.000166241006809, 0.000143009936437, 0.000189648926607, 0.000190556325833, 0.000192217543372, 0.000187311030459, 0.000308739137836, 0.000455893023172, 0.000684447120875, 0.000414015987189, 0.000161189454957, 0.000169548191479, 0.00019406285719, 0.000214272702578, 0.000154943452799, 0.000157647678861, 0.000100227698567, 4.19567732024e-05, 4.22511766374e-05, 3.6271463614e-05, 6.20116552454e-05, 0.000107660271169, 8.98198122741e-05, 4.40258372691e-05, 5.40006549272e-05, 0.000125198843307, 0.000188472913578, 0.000211017715628, 0.000100516335806, 3.11893236358e-05, 3.87808067899e-05, 4.92363615194e-05, 6.21813669568e-05, 6.93347028573e-05, 9.89005711745e-05, 8.13186488813e-05, 6.78999058437e-05, 5.80798769079e-05, 7.55168584874e-05, 5.33098173037e-05, 4.85739183205e-05, 4.12757544836e-05, 5.54265716346e-05, 4.33475324826e-05, 2.91605356324e-05, 1.76913854375e-05, 1.84182281373e-05, 1.06351380964e-05, 9.24358573684e-06, 1.33194935188e-05, 2.06952518056e-05, 2.68892654276e-05, 3.34006363119e-05, 3.28492715198e-05, 2.31764661294e-05, 1.42368562592e-05, 7.38987546356e-06, 3.97010398956e-06, 6.69581095281e-06, 2.60627348325e-06, 1.93960727302e-06, 1.58560567343e-06, 1.57768840836e-06, 1.6060823782e-06, 1.18059267606e-06, 9.05988031263e-07, 9.90058993011e-07, 1.04468460904e-06, 1.24052166939e-06, 1.07613755063e-06, 9.87871885627e-07, 8.95651794508e-07, 6.43044643311e-07, 7.58944622703e-07, 8.98485893686e-07, 1.07842879515e-06, 1.15932778044e-06, 1.14070974178e-06, 6.87892452333e-07, 4.23783603765e-07, 3.53935888597e-07, 2.11801790329e-07, 1.15629291031e-07, 7.32141884896e-08, 3.97393478124e-08, 2.51106744287e-08, 1.52216141913e-08, 1.14811449237e-08, 9.54776258055e-09, 7.77224418158e-09, 6.6839023205e-09, 6.59392673796e-09, 6.73485178737e-09, 6.52083409491e-09, 6.44166275876e-09, 6.44580033793e-09, 6.18330586732e-09, 6.00358074365e-09, 6.08988193207e-09, 5.48166756431e-09, 4.9268442659e-09, 4.27318980201e-09, 3.52739948362e-09, 2.03990557779e-09, 8.04265432031e-10, 3.21377230383e-10, 4.74536469147e-12, 4.39108992223e-12, 4.29193226098e-12, 4.19942206009e-12, 4.11014495008e-12, 4.0231702518e-12, 3.94431796252e-12, 3.90112291429e-12, 3.86574453004e-12, 3.83341448862e-12, 3.8074248615e-12],
        "min": [2.12128176136e-10, 7.7183033298e-09, 2.38776500794e-08, 6.38011528054e-08, 1.97807210611e-07, 1.20100708045e-07, 2.08958326198e-07, 1.1336052097e-07, 4.13875284266e-07, 2.42851029952e-07, 1.81080864081e-07, 8.38860785279e-08, 2.22988560949e-07, 5.50079846562e-07, 8.63066645707e-07, 1.78243766413e-07, 3.82449456993e-07, 1.36094286063e-07, 1.66867508256e-07, 4.28699479471e-07, 3.85773631706e-07, 6.26506633239e-08, 1.47590668576e-07, 1.27665288119e-07, 2.29536766483e-07, 1.5788450014e-07, 8.54421671193e-08, 7.09019900569e-08, 6.40986144163e-08, 1.01331366409e-07, 7.4516492532e-08, 1.50773004748e-07, 1.09096099266e-07, 2.4303309587e-08, 2.64343054113e-08, 5.99801808221e-08, 4.81528488194e-08, 5.66392728274e-08, 1.32354557536e-07, 6.93824233622e-08, 3.83208771382e-08, 3.20548210198e-08, 5.18170963915e-08, 3.57910039384e-08, 1.1985749282e-08, 4.44344081529e-08, 4.1728924316e-08, 3.27642837306e-08, 3.01623011012e-08, 5.34244364303e-08, 3.14740589147e-08, 1.89094677694e-08, 4.15280254629e-08, 7.29607876337e-08, 4.05736599873e-08, 2.82667151907e-08, 4.57256668085e-08, 2.39373889599e-08, 2.00054106614e-08, 1.43985410261e-08, 1.40912579383e-08, 1.72657781405e-08, 1.29849562214e-08, 6.71734312618e-09, 1.31214532573e-08, 9.95391058467e-09, 5.27851362619e-09, 8.00606514417e-09, 4.80563100425e-09, 1.00264676561e-08, 6.02245853187e-09, 3.84062870395e-09, 6.59516974366e-09, 5.16542364437e-09, 4.71816896663e-09, 3.25118576505e-09, 2.76312106529e-09, 3.9985006417e-09, 4.75094497077e-09, 2.83535550594e-09, 2.9976017224e-09, 9.65337476622e-10, 3.10224379518e-09, 2.31416708019e-09, 1.9153458819e-09, 2.13122319792e-09, 1.67496194692e-09, 2.24218621447e-09, 1.66772751165e-09, 1.61449809077e-09, 1.90145010848e-09, 2.10238981779e-09, 1.59661572852e-09, 1.82761794587e-09, 1.79031234282e-09, 3.99980465415e-10, 7.11552261556e-10, 1.66609515073e-09, 1.27735466648e-09, 1.47563350428e-09, 1.72257852427e-09, 1.05112152315e-09, 3.03776337418e-10, 1.00012009785e-09, 1.36336297807e-09, 1.6833547889e-09, 1.46649437038e-09, 1.91410842731e-09, 1.22588528217e-09, 1.57729607153e-09, 1.52304413525e-09, 1.37503197717e-09, 1.1580433279e-09, 1.0025988928e-09, 4.7664616698e-10, 5.89368831516e-11, 1.46202429503e-12, 1.31678034362e-13, 9.93361005974e-14, 1.03827082836e-13, 8.9848660738e-14, 9.22105951708e-14, 1.00131823677e-13, 9.2037271901e-14, 1.23320854938e-13, 1.19629607327e-13, 8.24035189585e-14, 9.35286394231e-14],
        "stdev": [5.52460733161e-07, 1.46717763982e-06, 7.28058466848e-06, 2.87742786895e-05, 9.91004490061e-05, 0.00016850917018, 0.000327006127918, 0.000365959509509, 0.000183853480848, 0.000226074349484, 0.000313946133247, 0.000258956162725, 0.000405928090913, 0.000371773610823, 0.000428098923294, 0.00045460354886, 0.000550169730559, 0.00108341395389, 0.00111486157402, 0.00132582115475, 0.00102465692908, 0.000460783252493, 0.000569800031371, 0.000442128279246, 0.000520658504684, 0.000384067738196, 0.000302014872432, 0.000228877994232, 0.000116248935228, 0.000107200765342, 0.0001022999204, 0.000168390324689, 0.000222367889364, 0.000221775044338, 0.000128563347971, 0.000154177716468, 0.000374983006623, 0.000528036383912, 0.000584682682529, 0.000306795496726, 0.00011852067837, 0.000125301303342, 0.000128891682834, 0.000190839011339, 0.00025402213214, 0.000464162847493, 0.000306534668198, 0.000326034438331, 0.000226569391089, 0.000256228464423, 0.000156963753398, 0.000155954330694, 0.000104425525933, 0.000137628740049, 0.000110886641778, 8.86975321919e-05, 4.20741052949e-05, 4.20636242779e-05, 2.33360387938e-05, 2.37935273617e-05, 3.91613975808e-05, 8.2642196503e-05, 0.00010326877964, 0.000142782213516, 0.000153477041749, 9.45116698858e-05, 5.264680658e-05, 2.24370833166e-05, 1.10362279884e-05, 3.14261124004e-05, 7.17618286217e-06, 6.71631551086e-06, 6.58426915834e-06, 6.65993775328e-06, 7.80744449003e-06, 6.91734294378e-06, 3.50317009179e-06, 3.50975642505e-06, 4.37848439105e-06, 4.9129580475e-06, 4.0414988689e-06, 4.26913766205e-06, 3.60793251275e-06, 2.5579049634e-06, 4.00857561544e-06, 4.88638761453e-06, 6.27097006145e-06, 6.70063900543e-06, 6.64884828439e-06, 4.02040495828e-06, 2.2116960281e-06, 1.85314468126e-06, 1.00625118193e-06, 4.86808744427e-07, 2.89364578521e-07, 1.84175149798e-07, 9.95474138676e-08, 3.86973191269e-08, 1.6859324603e-08, 9.96103111106e-09, 4.89409357485e-09, 2.96088420448e-09, 2.51784282312e-09, 2.49968290511e-09, 2.31137442519e-09, 2.19067985974e-09, 2.26204188714e-09, 2.1132653405e-09, 1.9958157349e-09, 1.99165439696e-09, 1.74095216021e-09, 1.58615176549e-09, 1.33675781555e-09, 1.12669107377e-09, 6.63215538044e-10, 3.008765459e-10, 1.77978742855e-10, 7.01939409375e-11, 6.85164633363e-11, 6.68360020106e-11, 6.53337939305e-11, 6.37542726944e-11, 6.23729887184e-11, 6.12869754946e-11, 6.04642794166e-11, 5.98164295873e-11, 5.92883658834e-11, 5.88911280852e-11]
    },
    "mfcc": {
        "mean": [-691.602783203, 147.437347412, -45.2594718933, 10.6211519241, -11.626200676, -5.77064704895, -23.4867286682, 0.126010745764, -13.4588813782, -3.86209344864, -4.12102365494, -2.57495498657, -2.03536367416],
        "cov": [[2428.82592773, -673.089599609, -972.10534668, 270.040100098, -134.059494019, 128.901138306, -110.684074402, 107.774337769, -254.097381592, 164.135467529, -10.4794864655, -74.3397445679, -51.8013153076], [-673.089599609, 840.475646973, 169.450210571, -352.112182617, 113.265632629, -136.323822021, 49.7988471985, 5.74619531631, 134.180465698, -136.250396729, 70.8850631714, 72.3526535034, 30.0478248596], [-972.10534668, 169.450210571, 797.722900391, -18.5026664734, -138.097290039, 5.78312730789, 30.1224575043, -9.70363330841, 117.484527588, -74.9084625244, -67.3170928955, 46.1052093506, 40.2714500427], [270.040100098, -352.112182617, -18.5026664734, 368.16696167, 44.3484992981, 47.0274085999, -38.2935142517, -53.8537483215, -42.5409965515, 70.5947952271, -49.7610435486, -104.838539124, -12.8614187241], [-134.059494019, 113.265632629, -138.097290039, 44.3484992981, 375.993682861, -0.0440194606781, -83.6209793091, -88.0057983398, -0.720647215843, 62.9215087891, 16.9879245758, -55.3003501892, -46.9308052063], [128.901138306, -136.323822021, 5.78312730789, 47.0274085999, -0.0440194606781, 139.260818481, 18.2605190277, -16.5728149414, -21.8109645844, 18.5861606598, -9.53111457825, -2.49763965607, -12.8396196365], [-110.684074402, 49.7988471985, 30.1224575043, -38.2935142517, -83.6209793091, 18.2605190277, 191.195373535, 54.908744812, -9.63447189331, -46.7542800903, 15.160161972, 26.2888813019, 11.0393743515], [107.774337769, 5.74619531631, -9.70363330841, -53.8537483215, -88.0057983398, -16.5728149414, 54.908744812, 157.671707153, 11.2723770142, -57.4851379395, 10.7760276794, 36.3179626465, 14.1998052597], [-254.097381592, 134.180465698, 117.484527588, -42.5409965515, -0.720647215843, -21.8109645844, -9.63447189331, 11.2723770142, 111.475997925, -26.4677047729, -4.76843929291, 19.6979980469, 15.530960083], [164.135467529, -136.250396729, -74.9084625244, 70.5947952271, 62.9215087891, 18.5861606598, -46.7542800903, -57.4851379395, -26.4677047729, 174.675018311, 17.9493980408, -43.6096801758, -24.9124240875], [-10.4794864655, 70.8850631714, -67.3170928955, -49.7610435486, 16.9879245758, -9.53111457825, 15.160161972, 10.7760276794, -4.76843929291, 17.9493980408, 108.701393127, 17.1586456299, -19.1544132233], [-74.3397445679, 72.3526535034, 46.1052093506, -104.838539124, -55.3003501892, -2.49763965607, 26.2888813019, 36.3179626465, 19.6979980469, -43.6096801758, 17.1586456299, 116.000190735, 27.3292350769], [-51.8013153076, 30.0478248596, 40.2714500427, -12.8614187241, -46.9308052063, -12.8396196365, 11.0393743515, 14.1998052597, 15.530960083, -24.9124240875, -19.1544132233, 27.3292350769, 82.9535598755]],
        "icov": [[0.00358806713484, -0.00286575849168, 0.004902722314, -0.00426765251905, 0.00474554533139, -0.00445982255042, 0.00423598615453, -0.00420429185033, 0.00424830522388, -0.00319965928793, 0.00341413076967, -0.00212475890294, 0.00211935583502], [-0.00286575849168, 0.00712204584852, -0.00479406351224, 0.00731914490461, -0.00628754962236, 0.00637462129816, -0.00502749253064, 0.00495307333767, -0.00614785775542, 0.00508048199117, -0.00501437159255, 0.00343596446328, -0.00326951942407], [0.004902722314, -0.00479406351224, 0.00864270236343, -0.00672050518915, 0.00759343337268, -0.00677245343104, 0.0058234850876, -0.00525066303089, 0.00440204935148, -0.00448895432055, 0.00590372923762, -0.00367202912457, 0.00333255925216], [-0.00426765251905, 0.00731914490461, -0.00672050518915, 0.0124828275293, -0.00766776595265, 0.00646210741252, -0.00606442522258, 0.00635472359136, -0.00630050851032, 0.00502590090036, -0.0046961302869, 0.00723944790661, -0.00451716221869], [0.00474554533139, -0.00628754962236, 0.00759343337268, -0.00766776595265, 0.011337492615, -0.00735540967435, 0.00731106568128, -0.00474424287677, 0.00594125222415, -0.00560018094257, 0.00529695302248, -0.0029585713055, 0.00488416152075], [-0.00445982255042, 0.00637462129816, -0.00677245343104, 0.00646210741252, -0.00735540967435, 0.0154482768849, -0.00747503805906, 0.00691149709746, -0.00574961863458, 0.00474269967526, -0.0046579032205, 0.00197061500512, -0.00198680791073], [0.00423598615453, -0.00502749253064, 0.0058234850876, -0.00606442522258, 0.00731106568128, -0.00747503805906, 0.0122547019273, -0.00697434926406, 0.00707541638985, -0.0034274852369, 0.003489081515, -0.00283963303082, 0.00262829707935], [-0.00420429185033, 0.00495307333767, -0.00525066303089, 0.00635472359136, -0.00474424287677, 0.00691149709746, -0.00697434926406, 0.01436745096, -0.00700406823307, 0.00643230602145, -0.00524105736986, 0.00202671578154, -0.00266559724696], [0.00424830522388, -0.00614785775542, 0.00440204935148, -0.00630050851032, 0.00594125222415, -0.00574961863458, 0.00707541638985, -0.00700406823307, 0.0187440924346, -0.00461850920692, 0.00505993887782, -0.00372632732615, 0.00199420098215], [-0.00319965928793, 0.00508048199117, -0.00448895432055, 0.00502590090036, -0.00560018094257, 0.00474269967526, -0.0034274852369, 0.00643230602145, -0.00461850920692, 0.0120862424374, -0.00620586751029, 0.00407621450722, -0.00224048132077], [0.00341413076967, -0.00501437159255, 0.00590372923762, -0.0046961302869, 0.00529695302248, -0.0046579032205, 0.003489081515, -0.00524105736986, 0.00505993887782, -0.00620586751029, 0.016103496775, -0.00488921208307, 0.00558081688359], [-0.00212475890294, 0.00343596446328, -0.00367202912457, 0.00723944790661, -0.0029585713055, 0.00197061500512, -0.00283963303082, 0.00202671578154, -0.00372632732615, 0.00407621450722, -0.00488921208307, 0.0159342028201, -0.0054608406499], [0.00211935583502, -0.00326951942407, 0.00333255925216, -0.00451716221869, 0.00488416152075, -0.00198680791073, 0.00262829707935, -0.00266559724696, 0.00199420098215, -0.00224048132077, 0.00558081688359, -0.0054608406499, 0.0168481916189]]
    },
    "spectral_contrast_coeffs": {
        "max": [-0.429006397724, -0.460355818272, -0.51915037632, -0.547709822655, -0.535206079483, -0.523501753807],
        "mean": [-0.675653874874, -0.721533834934, -0.742777228355, -0.754386723042, -0.752329707146, -0.742163479328],
        "min": [-0.91851747036, -0.913588404655, -0.918609619141, -0.887878537178, -0.88327652216, -0.88628578186],
        "stdev": [0.0587166026235, 0.0771113857627, 0.0743474140763, 0.0721570774913, 0.0659789815545, 0.0571045316756]
    },
    "spectral_contrast_valleys": {
        "max": [-6.20077753067, -5.22834157944, -5.74945020676, -5.97732639313, -5.7393040657, -9.87534427643],
        "mean": [-7.74542045593, -6.78106689453, -7.56509494781, -7.68740272522, -8.12571239471, -11.4980821609],
        "min": [-9.40399932861, -8.6179523468, -9.49811935425, -9.62608528137, -9.83713150024, -12.0767889023],
        "stdev": [0.461236059666, 0.486013650894, 0.557818472385, 0.643364667892, 0.692191421986, 0.282019108534]
    }
},
"rhythm": {
    "beats_count": 83,
    "beats_loudness": {
        "max": 0.0397760234773,
        "mean": 0.0153422458097,
        "min": 0.0024595153518,
        "stdev": 0.00876977294683
    },
    "bpm": 103.482437134,
    "bpm_histogram_first_peak_bpm": 103,
    "bpm_histogram_first_peak_weight": 0.374999940395,
    "bpm_histogram_second_peak_bpm": 108,
    "bpm_histogram_second_peak_spread": 0,
    "bpm_histogram_second_peak_weight": 0.0243902429938,
    "danceability": 1.09064400196,
    "onset_rate": 3.404296875,
    "beats_loudness_band_ratio": {
        "max": [0.626691877842, 0.673422157764, 0.892230808735, 0.75991165638, 0.675208091736, 0.702068328857],
        "mean": [0.0955449417233, 0.184354990721, 0.340976715088, 0.19932076335, 0.161975413561, 0.0582088902593],
        "min": [0.00107372924685, 0.0148691432551, 0.0103439800441, 0.00893728341907, 0.00594830652699, 0.00130837922916],
        "stdev": [0.117580488324, 0.153553828597, 0.190609171987, 0.15064522624, 0.141607895494, 0.115844137967]
    },
