{
"metadata": {
    "version": {
        "essentia": "2.1-beta5",
        "essentia_git_sha": "Undefined",
        "extractor": "music 2.0"
    },
    "audio_properties": {
        "analysis": {
            "equal_loudness": 0,
            "length": 27.6549663544,
            "sample_rate": 44100,
            "start_time": 158.987030029,
            "downmix": "mix"
        },
        "bit_rate": 192000,
        "length": 186.665222168,
        "lossless": 0,
        "number_channels": 2,
        "replay_gain": -2.16115951538,
        "sample_rate": 44100,
        "codec": "mp3",
        "md5_encoded": "a6ef7fbce9bed8e98ef7ed70a77cdb33"
    },
    "tags": {
        "file_name": "Spain_En Un Mundo Nuevo_Karina.mp3",
        "encoding": ["Lavf58.29.100"]
    }
},
"lowlevel": {
    "average_loudness": 0.975381970406,
    "barkbands_crest": {
        "max": 25.3996219635,
        "mean": 8.94853019714,
        "min": 2.52710771561,
        "stdev": 4.98065757751
    },
    "barkbands_flatness_db": {
        "max": 0.252611041069,
        "mean": 0.108954362571,
        "min": 0.0499357394874,
        "stdev": 0.0321340225637
    },
    "barkbands_kurtosis": {
        "max": 29.3230857849,
        "mean": 0.566873669624,
        "min": -1.69692754745,
        "stdev": 2.55674958229
    },
    "barkbands_skewness": {
        "max": 2.69725823402,
        "mean": 0.412489295006,
        "min": -1.35139405727,
        "stdev": 0.537548542023
    },
    "barkbands_spread": {
        "max": 80.9779434204,
        "mean": 25.2316856384,
        "min": 2.37850999832,
        "stdev": 10.9328641891
    },
    "dissonance": {
        "max": 0.49999961257,
        "mean": 0.470914661884,
        "min": 0.324208378792,
        "stdev": 0.0244825650007
    },
    "dynamic_complexity": 1.3708114624,
    "erbbands_crest": {
        "max": 32.1596183777,
        "mean": 11.6834154129,
        "min": 3.24978160858,
        "stdev": 6.30672693253
    },
    "erbbands_flatness_db": {
        "max": 0.325035840273,
        "mean": 0.180430963635,
        "min": 0.0981026887894,
        "stdev": 0.0402009040117
    },
    "erbbands_kurtosis": {
        "max": 37.9532165527,
        "mean": 1.17164742947,
        "min": -1.50948798656,
        "stdev": 3.55396509171
    },
    "erbbands_skewness": {
        "max": 5.04007816315,
        "mean": 0.356940209866,
        "min": -2.00287437439,
        "stdev": 0.864671349525
    },
    "erbbands_spread": {
        "max": 74.6510238647,
        "mean": 28.498052597,
        "min": 2.94570946693,
        "stdev": 12.8321094513
    },
    "hfc": {
        "max": 186.423583984,
        "mean": 37.2402229309,
        "min": 4.02282428741,
        "stdev": 17.484992981
    },
    "loudness_ebu128": {
        "integrated": -20.8435344696,
        "loudness_range": 1.73348617554,
        "momentary": {
            "max": -18.8970451355,
            "mean": -20.974861145,
            "min": -25.868062973,
            "stdev": 1.11326229572
        },
        "short_term": {
            "max": -19.4316959381,
            "mean": -20.8172855377,
            "min": -21.8556175232,
            "stdev": 0.519221544266
        }
    },
    "melbands_crest": {
        "max": 33.7720413208,
        "mean": 12.0583248138,
        "min": 3.20247721672,
        "stdev": 6.16460943222
    },
    "melbands_flatness_db": {
        "max": 0.248261198401,
        "mean": 0.121057726443,
        "min": 0.0303205475211,
        "stdev": 0.0350747406483
    },
    "melbands_kurtosis": {
        "max": 26.0674724579,
        "mean": 2.38166260719,
        "min": -1.42623150349,
        "stdev": 3.30812215805
    },
    "melbands_skewness": {
        "max": 4.36764097214,
        "mean": 0.970306694508,
        "min": -1.86738753319,
        "stdev": 0.843267321587
    },
    "melbands_spread": {
        "max": 163.705413818,
        "mean": 38.4606018066,
        "min": 4.60277891159,
        "stdev": 16.6177005768
    },
    "pitch_salience": {
        "max": 0.843707442284,
        "mean": 0.557720124722,
        "min": 0.136881887913,
        "stdev": 0.109410569072
    },
    "silence_rate_20dB": {
        "max": 1,
        "mean": 1,
        "min": 1,
        "stdev": 0
    },
    "silence_rate_30dB": {
        "max": 1,
        "mean": 1,
        "min": 1,
        "stdev": 0
    },
    "silence_rate_60dB": {
        "max": 0,
        "mean": 0,
        "min": 0,
        "stdev": 0
    },
    "spectral_centroid": {
        "max": 4257.56445312,
        "mean": 1896.46411133,
        "min": 566.693481445,
        "stdev": 418.871368408
    },
    "spectral_complexity": {
        "max": 54,
        "mean": 27.031879425,
        "min": 7,
        "stdev": 7.61857557297
    },
    "spectral_decrease": {
        "max": -8.87759699086e-10,
        "mean": -6.31352836677e-09,
        "min": -1.67907181492e-08,
        "stdev": 2.61114707634e-09
    },
    "spectral_energy": {
        "max": 0.0675423741341,
        "mean": 0.0272065233439,
        "min": 0.00373600726016,
        "stdev": 0.0109147680923
    },
    "spectral_energyband_high": {
        "max": 0.0260567702353,
        "mean": 0.00141661241651,
        "min": 9.17858196772e-05,
        "stdev": 0.00169554969762
    },
    "spectral_energyband_low": {
        "max": 0.0336397700012,
        "mean": 0.00209548720159,
        "min": 6.10558054177e-05,
        "stdev": 0.00228447234258
    },
    "spectral_energyband_middle_high": {
        "max": 0.0563743375242,
        "mean": 0.0154863987118,
        "min": 0.00084326218348,
        "stdev": 0.0094546303153
    },
    "spectral_energyband_middle_low": {
        "max": 0.0595454759896,
        "mean": 0.00951852463186,
        "min": 0.000354610063368,
        "stdev": 0.00741089647636
    },
    "spectral_entropy": {
        "max": 8.6118106842,
        "mean": 7.77367687225,
        "min": 6.91837120056,
        "stdev": 0.235173225403
    },
    "spectral_flux": {
        "max": 0.203165158629,
        "mean": 0.0958426892757,
        "min": 0.0305762160569,
        "stdev": 0.0259499400854
    },
    "spectral_kurtosis": {
        "max": 9.24547672272,
        "mean": 3.2751019001,
        "min": -0.465652942657,
        "stdev": 1.30671048164
    },
    "spectral_rms": {
        "max": 0.00811757333577,
        "mean": 0.00503093004227,
        "min": 0.00190915819257,
        "stdev": 0.00111027527601
    },
    "spectral_rolloff": {
        "max": 10680.46875,
        "mean": 2371.46875,
        "min": 473.73046875,
        "stdev": 1051.96032715
    },
    "spectral_skewness": {
        "max": 2.29713082314,
        "mean": 1.36707282066,
        "min": 0.419697314501,
        "stdev": 0.206191837788
    },
    "spectral_spread": {
        "max": 9753321,
        "mean": 4428335.5,
        "min": 2809359.75,
        "stdev": 798225.875
    },
    "spectral_strongpeak": {
        "max": 12.0395822525,
        "mean": 2.52427172661,
        "min": 0.0296524148434,
        "stdev": 2.05696320534
    },
    "zerocrossingrate": {
        "max": 0.28955078125,
        "mean": 0.0863192752004,
        "min": 0.03173828125,
        "stdev": 0.0260641854256
    },
    "barkbands": {
        "max": [0.000730782689061, 0.00719764083624, 0.0283391624689, 0.0185119789094, 0.0172538924962, 0.0298975501209, 0.031034918502, 0.0427680201828, 0.0109305363148, 0.0336431823671, 0.0493056550622, 0.0353633500636, 0.0129832150415, 0.0132199684158, 0.012310070917, 0.0171678103507, 0.0155574353412, 0.0104632517323, 0.00694356486201, 0.00479006394744, 0.00815898552537, 0.00698227994144, 0.00456123752519, 0.00302005722187, 0.00526727456599, 0.000952990318183, 1.05148965304e-05],
        "mean": [9.18851656024e-05, 0.000777902023401, 0.000705962534994, 0.00128656451125, 0.00180963240564, 0.0013096811017, 0.00219355965964, 0.000854566169437, 0.000788665434811, 0.00274863000959, 0.00418178690597, 0.00192544388119, 0.000881042855326, 0.00106374116149, 0.000882038613781, 0.00106859707739, 0.00123790907674, 0.00109107466415, 0.000629925169051, 0.00044589251047, 0.000346619664924, 0.000288148265099, 0.000241856367211, 0.000202904397156, 0.000138098766911, 1.4391298464e-05, 1.04271400403e-08],
        "min": [8.3217065594e-07, 7.41632720747e-06, 6.31790271655e-07, 3.63905996892e-06, 2.28623412113e-05, 1.94753156393e-05, 1.4652228856e-05, 7.11655593477e-06, 1.50151336129e-05, 9.33089086175e-06, 4.37957987742e-06, 1.10788796519e-05, 8.58537168824e-06, 1.56823061843e-05, 6.39881773168e-06, 1.28886313178e-05, 2.59060470853e-05, 2.76876653516e-05, 2.25606381719e-05, 2.0529521862e-05, 2.15994477912e-05, 1.40444326462e-05, 1.11784265755e-05, 1.06569723357e-05, 4.24097106588e-06, 8.13043072867e-07, 1.23555304876e-10],
        "stdev": [8.50250507938e-05, 0.000763142306823, 0.00129568646662, 0.00206187274307, 0.0019159988733, 0.00206181383692, 0.003758715, 0.00167847785633, 0.00120701780543, 0.00466442061588, 0.00800391379744, 0.00352002074942, 0.00137293257285, 0.0013543323148, 0.00123217445798, 0.00149341172073, 0.00169711967465, 0.00131997698918, 0.00070402136771, 0.000422476587119, 0.000446229008958, 0.000461645395262, 0.000351809692802, 0.00028314665542, 0.000293024233542, 3.92370457121e-05, 3.0496696013e-07]
    },
    "erbbands": {
        "max": [0.158641040325, 2.24627137184, 28.345872879, 33.9663543701, 73.6874465942, 52.2593231201, 90.0598373413, 352.50793457, 465.978881836, 704.390380859, 434.354553223, 247.839828491, 1234.31872559, 1593.64831543, 2006.75134277, 1058.41491699, 674.826721191, 532.426879883, 605.677978516, 947.409729004, 802.360290527, 850.286621094, 665.566040039, 459.777954102, 413.413085938, 148.49206543, 250.96987915, 371.472137451, 301.957092285, 210.224075317, 125.564933777, 58.9507026672, 54.3811569214, 69.11353302, 36.1673851013, 8.81270885468, 0.324184924364, 0.0100305033848, 0.00150035053957, 0.000196699096705],
        "mean": [0.0280235912651, 0.159457206726, 0.76647746563, 2.5729868412, 5.71886825562, 5.94958591461, 6.32225656509, 12.7628602982, 33.4930267334, 20.5745029449, 18.8179073334, 18.2017345428, 77.5986862183, 87.6826400757, 173.543106079, 83.6485366821, 47.4801025391, 56.0402297974, 43.4990653992, 59.820514679, 56.8233528137, 66.6228408813, 58.5405960083, 46.9339523315, 27.0033035278, 23.1825695038, 14.8236351013, 11.99588871, 10.3147058487, 8.22707653046, 7.26018762589, 4.84222221375, 3.08538985252, 1.83797705173, 0.811663150787, 0.174182444811, 0.00824594497681, 0.000267013005214, 4.0789902414e-05, 3.92084584746e-05],
        "min": [0.000277200073469, 0.0012909215875, 0.00567304622382, 0.0186811108142, 0.042633805424, 0.0528311729431, 0.179867163301, 0.120706371963, 0.285985916853, 0.30101197958, 0.330721944571, 0.443795859814, 0.602890908718, 0.652288854122, 0.439884245396, 0.741866290569, 1.19614589214, 1.43913638592, 0.699234366417, 1.43369686604, 1.01749479771, 1.39942228794, 1.56890928745, 1.59415876865, 1.03016602993, 1.16695046425, 1.08401799202, 0.736019968987, 0.537297129631, 0.414087176323, 0.338009536266, 0.240659222007, 0.126630932093, 0.0500381179154, 0.0240055341274, 0.00800477992743, 0.00049678934738, 1.86325814866e-05, 4.60876481156e-06, 5.05435855302e-06],
        "stdev": [0.0285312142223, 0.191418021917, 1.34721326828, 3.83528137207, 8.01497554779, 6.22269773483, 7.54281377792, 21.8880500793, 59.0503578186, 40.7734184265, 27.3945980072, 24.3170890808, 146.47807312, 143.124298096, 330.54574585, 119.275550842, 64.2692718506, 64.3452377319, 61.621887207, 76.2127227783, 76.9262695312, 85.6552429199, 75.432434082, 54.710735321, 28.9048252106, 21.7623558044, 13.4961900711, 19.9908752441, 17.2163562775, 12.6516180038, 10.4401140213, 6.39713001251, 4.70556688309, 3.7266201973, 1.92560887337, 0.423970848322, 0.0168964546174, 0.000556419487111, 6.33158051642e-05, 1.79755370482e-05]
    },
    "gfcc": {
        "mean": [37.84425354, 75.6437225342, -156.543029785, 38.3825798035, -73.4828948975, 26.2710819244, -46.1543502808, 12.1433019638, -30.6602516174, -4.00023698807, -9.60074615479, -1.0055283308, -2.61306071281],
        "cov": [[1011.93200684, -128.899185181, 136.596740723, 79.3570404053, -79.8727798462, -15.6424407959, -125.96295166, 63.4114456177, 35.2779693604, 39.512840271, -88.1981048584, -55.0436286926, -61.2172164917], [-128.899185181, 308.910675049, 37.63621521, 34.8572540283, 49.468421936, -44.7226104736, 43.9837303162, -28.3380012512, 9.16018390656, -15.2402439117, 46.5186309814, -36.7586669922, -10.4254217148], [136.596740723, 37.63621521, 290.605499268, 130.465988159, -38.2414054871, 7.16503477097, -47.2553024292, 15.4993181229, 26.2151126862, 35.1939430237, -33.4828910828, 11.8187236786, -42.8209457397], [79.3570404053, 34.8572540283, 130.465988159, 167.331817627, 13.453209877, -59.746509552, -61.3031806946, 43.5650596619, 74.0044784546, 37.2635498047, -5.60647153854, -2.75370669365, -35.3119277954], [-79.8727798462, 49.468421936, -38.2414054871, 13.453209877, 88.3506546021, 27.8147621155, 26.5121631622, -1.70750594139, -10.5222301483, -23.4948177338, 10.4076385498, -7.3427734375, 8.47571468353], [-15.6424407959, -44.7226104736, 7.16503477097, -59.746509552, 27.8147621155, 202.977722168, 101.204681396, -42.4206352234, -72.0266418457, -37.9430809021, -4.60573863983, 3.33022665977, 21.3327655792], [-125.96295166, 43.9837303162, -47.2553024292, -61.3031806946, 26.5121631622, 101.204681396, 132.011932373, -14.2582616806, -50.6084251404, -36.2572555542, 29.039850235, -2.1720199585, 22.3577098846], [63.4114456177, -28.3380012512, 15.4993181229, 43.5650596619, -1.70750594139, -42.4206352234, -14.2582616806, 95.362739563, 69.5803451538, 18.7172107697, -6.9162068367, 11.0353002548, 1.13983201981], [35.2779693604, 9.16018390656, 26.2151126862, 74.0044784546, -10.5222301483, -72.0266418457, -50.6084251404, 69.5803451538, 128.973526001, 65.4916992188, 8.13852977753, 4.51763820648, -7.2750043869], [39.512840271, -15.2402439117, 35.1939430237, 37.2635498047, -23.4948177338, -37.9430809021, -36.2572555542, 18.7172107697, 65.4916992188, 93.865196228, 25.023979187, -2.89383101463, -15.4096231461], [-88.1981048584, 46.5186309814, -33.4828910828, -5.60647153854, 10.4076385498, -4.60573863983, 29.039850235, -6.9162068367, 8.13852977753, 25.023979187, 79.8633270264, 18.1887588501, 0.262436449528], [-55.0436286926, -36.7586669922, 11.8187236786, -2.75370669365, -7.3427734375, 3.33022665977, -2.1720199585, 11.0353002548, 4.51763820648, -2.89383101463, 18.1887588501, 67.4968338013, 21.6195468903], [-61.2172164917, -10.4254217148, -42.8209457397, -35.3119277954, 8.47571468353, 21.3327655792, 22.3577098846, 1.13983201981, -7.2750043869, -15.4096231461, 0.262436449528, 21.6195468903, 69.6236419678]],
        "icov": [[0.00165477045812, -0.000404340913519, 0.000349214591552, -0.000589672708884, 0.00182128476445, -0.00192429649178, 0.00281816837378, -0.00271693756804, 0.00167500635143, -0.000450448482297, 0.000172597763594, 0.0015638533514, 0.000406593433581], [-0.000404340913519, 0.0113639989868, -0.00840962585062, 0.0044862953946, -0.00819275528193, 0.00976174324751, -0.00891619175673, 0.00988214090466, -0.0100473947823, 0.00891514495015, -0.00819807779044, 0.00829215347767, -0.00246363668703], [0.000349214591552, -0.00840962585062, 0.015374565497, -0.0124396923929, 0.0110794287175, -0.0099796038121, 0.00590392807499, -0.00715812575072, 0.010979113169, -0.00991792138666, 0.010243780911, -0.00964954122901, 0.00403465237468], [-0.000589672708884, 0.0044862953946, -0.0124396923929, 0.0215120986104, -0.0123053407297, 0.00688637141138, -0.000556891784072, 0.00305592687801, -0.0119685409591, 0.00647151982412, -0.00648957071826, 0.00515806348994, 0.00153435021639], [0.00182128476445, -0.00819275528193, 0.0110794287175, -0.0123053407297, 0.0254482906312, -0.0123354969546, 0.00848821084946, -0.00992986466736, 0.00985851418227, -0.00236109853722, 0.00270343618467, -0.00165973545518, 7.89521436673e-05], [-0.00192429649178, 0.00976174324751, -0.0099796038121, 0.00688637141138, -0.0123354969546, 0.0214209649712, -0.0190284773707, 0.0143635636196, -0.009152719751, 0.00527261011302, -0.00180620176252, 0.00258954800665, -0.00264849606901], [0.00281816837378, -0.00891619175673, 0.00590392807499, -0.000556891784072, 0.00848821084946, -0.0190284773707, 0.0319635532796, -0.018348865211, 0.0122784152627, -0.00106564036105, -0.00634524924681, 0.00332286045887, -0.00063610135112], [-0.00271693756804, 0.00988214090466, -0.00715812575072, 0.00305592687801, -0.00992986466736, 0.0143635636196, -0.018348865211, 0.0337938405573, -0.0235882475972, 0.00997881963849, -0.000374350638594, -0.000726116297301, -0.00164420623332], [0.00167500635143, -0.0100473947823, 0.010979113169, -0.0119685409591, 0.00985851418227, -0.009152719751, 0.0122784152627, -0.0235882475972, 0.0362687371671, -0.0210010893643, 0.0073856045492, -0.00594992795959, -0.000340520025929], [-0.000450448482297, 0.00891514495015, -0.00991792138666, 0.00647151982412, -0.00236109853722, 0.00527261011302, -0.00106564036105, 0.00997881963849, -0.0210010893643, 0.0321943201125, -0.0183564908803, 0.01266634278, -0.001960887108], [0.000172597763594, -0.00819807779044, 0.010243780911, -0.00648957071826, 0.00270343618467, -0.00180620176252, -0.00634524924681, -0.000374350638594, 0.0073856045492, -0.0183564908803, 0.0322626978159, -0.0181780159473, 0.00643306737766], [0.0015638533514, 0.00829215347767, -0.00964954122901, 0.00515806348994, -0.00165973545518, 0.00258954800665, 0.00332286045887, -0.000726116297301, -0.00594992795959, 0.01266634278, -0.0181780159473, 0.0314205661416, -0.00985507294536], [0.000406593433581, -0.00246363668703, 0.00403465237468, 0.00153435021639, 7.89521436673e-05, -0.00264849606901, -0.00063610135112, -0.00164420623332, -0.000340520025929, -0.001960887108, 0.00643306737766, -0.00985507294536, 0.0212106276304]]
    },
    "melbands": {
        "max": [0.00118104182184, 0.00995983462781, 0.00685170618817, 0.0041393423453, 0.00270292139612, 0.00691891042516, 0.00641819182783, 0.00922098010778, 0.0026841822546, 0.00162338581868, 0.00627404591069, 0.00655171461403, 0.00777947902679, 0.00432576751336, 0.00188249757048, 0.00155729765538, 0.00118435081095, 0.000900260871276, 0.00113635172602, 0.00163789547514, 0.00124701613095, 0.00105316354893, 0.000626664957963, 0.000404786114814, 0.000452849373687, 0.000296892016195, 0.000317138532409, 0.000117931551358, 0.000134165340569, 0.000186571938684, 0.000239571440034, 0.000182527626748, 0.000138513845741, 9.98247196549e-05, 7.79377733124e-05, 6.06777393841e-05, 3.95313909394e-05, 3.94111921196e-05, 3.49150250258e-05, 6.67933563818e-05],
        "mean": [0.000225054769544, 0.000337344274158, 0.000554604572244, 0.000420234107878, 0.000229831857723, 0.00030957791023, 0.000483792595332, 0.000203414092539, 0.000147550206748, 0.000115446455311, 0.00038662951556, 0.00031298660906, 0.000638735946268, 0.000249308388447, 0.000148453385918, 9.12191317184e-05, 0.000105535975308, 6.80863377056e-05, 6.68665379635e-05, 8.25756942504e-05, 6.59813522361e-05, 7.42925112718e-05, 5.77289720241e-05, 4.85136297357e-05, 3.79396587959e-05, 1.92165589397e-05, 1.8405920855e-05, 1.40562715387e-05, 8.7821363195e-06, 9.05322940525e-06, 5.83828250456e-06, 5.294687071e-06, 6.39169911665e-06, 3.93874188376e-06, 4.52061840406e-06, 3.4567685816e-06, 2.57546525972e-06, 2.26452903007e-06, 1.72938223386e-06, 1.44958812598e-06],
        "min": [3.77202445634e-06, 4.26333826908e-06, 5.72601129534e-06, 7.03808018443e-06, 5.65439040656e-06, 3.38640757036e-06, 6.01116653343e-06, 2.64013237938e-06, 3.16310433846e-06, 1.90564139757e-06, 1.57103738729e-06, 2.22722405852e-06, 9.25364872728e-07, 1.23636516491e-06, 1.61134619248e-06, 9.51498293489e-07, 1.4381348592e-06, 8.04237970442e-07, 1.53111523105e-06, 1.80654592441e-06, 4.27607915299e-07, 1.57614431373e-06, 3.96744525233e-07, 1.05957997221e-06, 1.17887316264e-06, 6.71623070048e-07, 7.67021617776e-07, 6.11641951309e-07, 5.11097539402e-07, 6.44618864953e-07, 3.34378256639e-07, 2.60234116922e-07, 2.58443634493e-07, 2.18293124021e-07, 1.69708656017e-07, 1.79852577276e-07, 1.03640722671e-07, 7.64435270639e-08, 6.73876883184e-08, 3.0073238122e-08],
        "stdev": [0.000208921424928, 0.00051759229973, 0.000780659320299, 0.000470150640467, 0.000248707132414, 0.00049614335876, 0.000822827918455, 0.00043244092376, 0.000210355996387, 0.000163990611327, 0.00074636656791, 0.000579119543545, 0.00126976217143, 0.000454687804449, 0.000200553433388, 0.000136126007419, 0.000128828862216, 0.000104780963738, 8.91353120096e-05, 0.00011805784743, 0.000107592757558, 0.000109408436401, 8.39125714265e-05, 5.51490011276e-05, 5.01866779814e-05, 2.20422334678e-05, 2.34246763284e-05, 1.41216542033e-05, 8.37023981148e-06, 1.14517815746e-05, 1.1562425243e-05, 9.29322413867e-06, 1.09705842988e-05, 6.38366782368e-06, 7.09578489477e-06, 4.75541219203e-06, 3.46712022292e-06, 3.65327900909e-06, 2.60017895926e-06, 3.43978308592e-06]
    },
    "melbands128": {
        "max": [0.000523478491232, 0.00152098061517, 0.00136999413371, 0.00479838903993, 0.0144802844152, 0.0123669076711, 0.00716430554166, 0.0113918092102, 0.00917114783078, 0.00572621077299, 0.00323261623271, 0.00287170032971, 0.00279657356441, 0.00623951572925, 0.0135360555723, 0.0062358174473, 0.0103075951338, 0.0110268164426, 0.0110753402114, 0.00995219312608, 0.0166041105986, 0.00485465954989, 0.00209506857209, 0.00450210180134, 0.00273239659145, 0.0021463453304, 0.00486691948026, 0.0126616675407, 0.00702601252124, 0.00766791030765, 0.0110862730071, 0.00937587581575, 0.0157040394843, 0.00901126116514, 0.0115492092445, 0.00854557659477, 0.00564878294244, 0.00367536512204, 0.00284345983528, 0.00290771201253, 0.00209497008473, 0.0025314935483, 0.00141356466338, 0.00348227401264, 0.00212687952444, 0.00114740070421, 0.00232170312665, 0.00221386784688, 0.00149470416363, 0.00288483104669, 0.00229680957273, 0.00143464293797, 0.0018446391914, 0.00149998918641, 0.00180267076939, 0.00169969827402, 0.000943182152696, 0.00173989497125, 0.00156911008526, 0.0013312343508, 0.000644434825517, 0.000814797123894, 0.0011081591947, 0.00110061746091, 0.000389693654142, 0.00068409985397, 0.000428052648203, 0.000894132826943, 0.000596204714384, 0.000271330063697, 0.000256304279901, 0.000124567639432, 0.000112439607619, 0.000172376254341, 0.000213164035813, 0.000164892902831, 0.000241832793108, 0.000271672382951, 0.000369264947949, 0.0001789584785, 0.000188678968698, 0.000262348505203, 0.000181660769158, 0.000127520601382, 0.000208607525565, 0.000111261600978, 8.62590895849e-05, 0.000108456712042, 0.000142124888953, 7.74887957959e-05, 8.14683953649e-05, 9.42697151913e-05, 5.55376936973e-05, 4.70272534585e-05, 4.6385168389e-05, 4.50332772743e-05, 6.05425011599e-05, 4.08345367759e-05, 3.56218297384e-05, 2.76887767541e-05, 0.000115097667731, 7.61763294577e-05, 5.76568236283e-05, 6.04291781201e-05, 5.6288929045e-05, 3.09116003336e-05, 2.57798947132e-05, 2.96664311463e-05, 1.4095624465e-05, 5.26401754541e-06, 1.12475618153e-06, 3.66679842045e-07, 3.05107448639e-07, 5.22236334177e-08, 5.1538862067e-08, 5.04666175516e-08, 4.9423682924e-08, 4.84587410199e-08, 4.7321670138e-08, 4.64166305392e-08, 4.54811726058e-08, 4.47211156995e-08, 4.39379874706e-08, 4.33028191082e-08, 4.27091499944e-08, 4.23394119764e-08, 4.19330241641e-08, 4.17015648679e-08],
        "mean": [7.03220575815e-05, 0.000252407131484, 0.000247613526881, 0.000253249163507, 0.000373581395252, 0.000324260035995, 0.000473337480798, 0.000702235905919, 0.000591686810367, 0.000402189529268, 0.000321898667607, 0.000249827484367, 0.000201721326448, 0.000206950207939, 0.000224632036407, 0.000344512838637, 0.000661047175527, 0.000514044135343, 0.000288175477181, 0.000219594643568, 0.000154613342602, 0.000146480771946, 0.000178537768079, 0.00010244857549, 9.23863844946e-05, 7.67724850448e-05, 0.000257761508692, 0.000597735051997, 0.000297436403343, 0.00026408789563, 0.000308311078697, 0.000384676648537, 0.00101178779732, 0.000494510342833, 0.000204670388484, 0.00020825775573, 0.000271748722298, 0.000120832177345, 0.000102360347228, 0.000105743602035, 6.22577645117e-05, 0.000115454357001, 0.000110429376946, 0.000114707028843, 6.44436149742e-05, 5.4524942243e-05, 8.1830417912e-05, 4.39198593085e-05, 6.13550218986e-05, 0.000117364856123, 8.33254598547e-05, 5.59798172617e-05, 5.76940583414e-05, 6.34527095826e-05, 9.74939393927e-05, 8.06207754067e-05, 4.60480987385e-05, 6.27841582173e-05, 6.5731779614e-05, 4.91972714372e-05, 4.20468350057e-05, 5.04056733917e-05, 5.09809360665e-05, 3.23521708196e-05, 2.09719928534e-05, 1.6712145225e-05, 1.99025162146e-05, 2.00243739528e-05, 1.4762180399e-05, 2.13338917092e-05, 1.67538328242e-05, 9.33732371777e-06, 7.00745795257e-06, 1.02847061498e-05, 8.20146669867e-06, 8.88052909431e-06, 1.01957375591e-05, 7.79491256253e-06, 4.46563944934e-06, 4.75969227409e-06, 4.72280726171e-06, 4.61461559098e-06, 8.43354337121e-06, 7.12824385118e-06, 4.39588620793e-06, 3.90944842366e-06, 3.53367022399e-06, 4.30470936408e-06, 5.62958439332e-06, 3.68051564692e-06, 3.33523871632e-06, 3.14331441587e-06, 4.14673741034e-06, 2.37225958699e-06, 1.94339554582e-06, 1.81749805961e-06, 3.14791122946e-06, 1.62690946581e-06, 1.67371376847e-06, 1.57017643687e-06, 1.95646703105e-06, 1.28771353047e-06, 1.07454707177e-06, 1.39681264955e-06, 8.68207507665e-07, 6.2528278022e-07, 7.44800672692e-07, 3.78942814905e-07, 2.3599243093e-07, 1.64523825674e-07, 3.19968869178e-08, 8.38731395447e-09, 4.06159905708e-09, 5.47981278409e-11, 5.15462221518e-11, 5.05638551862e-11, 4.98515569103e-11, 4.82818229841e-11, 4.69490037125e-11, 4.59665291941e-11, 4.50172954469e-11, 4.42289711799e-11, 4.34025454465e-11, 4.27318319618e-11, 4.21548282392e-11, 4.17951714904e-11, 4.13863977811e-11, 4.11676213952e-11],
        "min": [1.34336204383e-07, 1.84760540378e-06, 1.39138012401e-06, 1.34104175231e-06, 3.60960001444e-07, 2.75708543995e-07, 1.50825451328e-06, 1.7169709281e-06, 1.20396293823e-06, 2.35793027059e-06, 2.11092992686e-06, 1.4343992234e-06, 7.45140141589e-07, 1.27182102005e-06, 7.27781298338e-07, 2.94702402925e-07, 1.1048775832e-06, 9.88644046629e-07, 1.9478275135e-06, 1.51388485392e-06, 7.41047983865e-07, 8.6485022166e-07, 4.78811443827e-07, 2.50915320521e-07, 4.65311273956e-07, 2.73533458994e-07, 1.59746946338e-07, 4.24894636808e-07, 3.67773196785e-07, 5.6097627521e-07, 3.10661476988e-07, 3.7192140212e-07, 3.11576911827e-07, 8.65795072968e-07, 8.03397483651e-07, 6.45891134354e-07, 5.39209111139e-07, 6.70020426696e-07, 2.48939556968e-07, 3.25324947426e-07, 1.31653507651e-07, 3.948661913e-07, 6.18876413228e-07, 1.17874812133e-07, 1.56064601242e-07, 2.52545703461e-07, 2.35691629769e-07, 4.81995492407e-08, 3.17940305194e-07, 9.92088473595e-08, 3.84334697401e-07, 1.48359646346e-07, 1.1011378831e-07, 3.82943795785e-07, 1.68540111645e-07, 2.89168269774e-07, 3.93535728449e-08, 1.31965720129e-07, 3.25117959221e-08, 1.62040677765e-07, 3.43982605955e-07, 1.79169745707e-07, 4.41243685145e-07, 2.72394771628e-07, 3.38048863568e-07, 3.92563691776e-07, 3.17775203484e-07, 2.32475869666e-07, 3.07635474428e-07, 4.29963677107e-07, 4.03587279152e-07, 2.22373913061e-07, 6.38745305537e-08, 3.59642569947e-07, 5.78572098675e-07, 2.43182370241e-07, 1.85197123415e-07, 2.76808208355e-07, 8.38903346789e-08, 1.9711785626e-07, 1.62911717894e-07, 1.699830392e-07, 1.57481082397e-07, 2.22949083195e-07, 1.27964554508e-07, 1.11102650635e-07, 1.31885116161e-07, 1.12339890279e-07, 1.40465147069e-07, 8.97136658295e-08, 8.28023161148e-08, 1.30566192524e-07, 1.08749333094e-07, 5.35045217021e-08, 6.89331827175e-08, 6.12991399862e-08, 4.98069105959e-08, 5.72186849013e-08, 5.54284724785e-08, 4.75527741628e-08, 3.55483571468e-08, 9.69047775357e-09, 3.28980718223e-08, 1.94841476286e-08, 5.09540010185e-09, 2.20371845217e-08, 1.40332394594e-08, 1.18483738376e-08, 6.72342359564e-09, 1.31572641671e-09, 3.48662526801e-12, 8.62543272483e-13, 3.56839856058e-13, 3.00393715978e-13, 3.07615315599e-13, 2.85381473227e-13, 3.50740405686e-13, 2.84564960571e-13, 2.8539274893e-13, 3.64051996014e-13, 3.48724738322e-13, 3.70599980825e-13, 3.67213773495e-13, 3.24193363127e-13, 2.69222036157e-13, 3.25805463337e-13, 3.98660488302e-13, 3.41985310513e-13],
        "stdev": [6.83984617353e-05, 0.000274375721347, 0.000251127086813, 0.000367204804206, 0.000713218003511, 0.000585421861615, 0.000766867189668, 0.00115303380881, 0.00092742103152, 0.000534950755537, 0.000388838117942, 0.00029483914841, 0.000270729506155, 0.000443277473096, 0.000670168781653, 0.00063685933128, 0.00140433106571, 0.00108380406164, 0.000759553455282, 0.000575984246098, 0.000551050819922, 0.000281437416561, 0.000284338311758, 0.000254422804574, 0.000223275565077, 0.000151403757627, 0.000574692385271, 0.00139483448584, 0.000711974222213, 0.00072073051706, 0.000945904117543, 0.000806242751423, 0.00242591276765, 0.00120579998475, 0.000774252228439, 0.000598336162511, 0.000523394788615, 0.000270182732493, 0.000213968756725, 0.000251550605753, 0.000143206576467, 0.000230950827245, 0.000177613299456, 0.00022699283727, 0.00016234042414, 0.000120090626297, 0.000198045177967, 0.00010432543786, 0.000114217313239, 0.000215656342334, 0.000174013883225, 0.000116295843327, 0.00015708997671, 0.000149605650222, 0.000188746751519, 0.000162517433637, 9.01118837646e-05, 0.000137413750053, 0.000154533947352, 0.000123910256661, 6.93141118973e-05, 7.49833779992e-05, 9.8554410215e-05, 6.93294932717e-05, 3.83878686989e-05, 3.3065705793e-05, 3.01568124996e-05, 4.32071392424e-05, 3.06349538732e-05, 3.35197182721e-05, 2.33140908676e-05, 1.11391791506e-05, 8.50597007229e-06, 1.31345614136e-05, 1.11215758807e-05, 1.22947576529e-05, 1.71666179085e-05, 1.59826868185e-05, 1.42616790981e-05, 1.01572404674e-05, 9.43460599956e-06, 1.15539824037e-05, 1.76389603439e-05, 1.41306891237e-05, 9.95360733214e-06, 6.85149507262e-06, 6.72700070936e-06, 7.62426952861e-06, 1.11133931568e-05, 5.89501769355e-06, 5.5767077356e-06, 5.18023398399e-06, 7.61911451264e-06, 3.29653948938e-06, 3.5018078961e-06, 3.23585845763e-06, 6.9090820034e-06, 2.85119290311e-06, 3.47376749232e-06, 2.3404284093e-06, 5.04885520058e-06, 3.88512307836e-06, 2.68331586994e-06, 3.55791962647e-06, 2.4047747047e-06, 1.68106657839e-06, 1.69084023582e-06, 1.22054109397e-06, 6.46788180347e-07, 3.45640785326e-07, 5.94534235177e-08, 2.82690102438e-08, 2.30047572103e-08, 1.51506618362e-09, 1.49511492076e-09, 1.46439238513e-09, 1.43513223527e-09, 1.40584488495e-09, 1.37246924936e-09, 1.34608180158e-09, 1.31892763378e-09, 1.29685151506e-09, 1.27408905648e-09, 1.25563059949e-09, 1.23840238064e-09, 1.22767462862e-09, 1.21585819191e-09, 1.20918086655e-09]
    },
    "mfcc": {
        "mean": [-586.34564209, 91.063369751, -18.9586715698, 8.75252437592, -1.13392615318, 2.10521602631, 1.15879571438, 5.49910545349, -6.0723991394, -4.51886987686, -6.99793958664, -0.354691505432, 0.439095467329],
        "cov": [[1029.34716797, -137.622467041, 90.4703445435, 4.49726295471, 49.9175605774, -69.9946594238, -101.240715027, -38.2279548645, 41.5838890076, 52.0857887268, 49.0735778809, -46.6164894104, -26.7463035583], [-137.622467041, 242.502655029, -13.12657547, 37.2795028687, -13.7912931442, 9.66487121582, 45.7510185242, -7.343334198, -32.1834259033, 4.31659173965, -12.8823299408, 6.31146907806, 2.20014071465], [90.4703445435, -13.12657547, 282.904907227, 70.6684875488, 29.7573032379, 27.3029060364, -42.1422271729, -2.7994530201, 15.6766834259, -7.61774587631, 32.4915885925, 15.7624998093, 4.03487110138], [4.49726295471, 37.2795028687, 70.6684875488, 203.257537842, 69.5234832764, -87.2476730347, -101.594299316, -31.3511238098, 10.3716249466, 12.5478544235, 30.168680191, 62.5386047363, 35.4472885132], [49.9175605774, -13.7912931442, 29.7573032379, 69.5234832764, 92.5623779297, -15.282626152, -46.4394340515, -2.1970872879, 21.233001709, 3.90646266937, 6.41073799133, 17.1779060364, 6.9275021553], [-69.9946594238, 9.66487121582, 27.3029060364, -87.2476730347, -15.282626152, 146.651062012, 102.341667175, 21.4425010681, -22.306438446, -8.02245235443, -13.0519075394, -40.5814590454, -22.4043083191], [-101.240715027, 45.7510185242, -42.1422271729, -101.594299316, -46.4394340515, 102.341667175, 174.780456543, 51.0523605347, -35.9194793701, -5.76456737518, -27.7574882507, -52.9868888855, -29.8971195221], [-38.2279548645, -7.343334198, -2.7994530201, -31.3511238098, -2.1970872879, 21.4425010681, 51.0523605347, 88.0023117065, 18.6366424561, -14.7817602158, -9.54437828064, -19.7357807159, -17.70362854], [41.5838890076, -32.1834259033, 15.6766834259, 10.3716249466, 21.233001709, -22.306438446, -35.9194793701, 18.6366424561, 77.1957855225, 21.6650619507, -11.6949262619, -1.32500052452, 6.8203754425], [52.0857887268, 4.31659173965, -7.61774587631, 12.5478544235, 3.90646266937, -8.02245235443, -5.76456737518, -14.7817602158, 21.6650619507, 92.9742050171, 15.1617994308, -11.3117933273, 8.62159633636], [49.0735778809, -12.8823299408, 32.4915885925, 30.168680191, 6.41073799133, -13.0519075394, -27.7574882507, -9.54437828064, -11.6949262619, 15.1617994308, 81.2722473145, 39.3786582947, -5.03366374969], [-46.6164894104, 6.31146907806, 15.7624998093, 62.5386047363, 17.1779060364, -40.5814590454, -52.9868888855, -19.7357807159, -1.32500052452, -11.3117933273, 39.3786582947, 108.73474884, 37.7794532776], [-26.7463035583, 2.20014071465, 4.03487110138, 35.4472885132, 6.9275021553, -22.4043083191, -29.8971195221, -17.70362854, 6.8203754425, 8.62159633636, -5.03366374969, 37.7794532776, 73.9988861084]],
        "icov": [[0.0013728562044, 0.000416447524913, -0.000614208634943, 0.00093767902581, -0.00106597680133, 0.00129105744418, 1.54000808834e-05, 0.000738750677556, -0.00010931451834, -0.000370525114704, -0.000994386500679, 0.00118339352775, 0.000123220306705], [0.000416447524913, 0.00555500620976, 6.09739327047e-05, -0.00257213483565, 0.00111061171629, 9.58091113716e-05, -0.00227470509708, 0.000808361452073, 0.00129931187257, -0.000919563579373, 0.00157199217938, -0.000729890016373, 0.000880505482201], [-0.000614208634943, 6.09739327047e-05, 0.00545102870092, -0.00358456280082, 0.00176514382474, -0.00462119234726, 0.0018092088867, -0.000712864159141, -0.00173347978853, 0.0015618634643, -0.0016484054504, 0.000573240453377, -0.000234908118728], [0.00093767902581, -0.00257213483565, -0.00358456280082, 0.0145704718307, -0.00874091591686, 0.00739743700251, 0.00159527268261, 0.000571801618207, 0.00285588740371, -0.00193212425802, -0.00115228071809, -0.00135656795464, -0.00195337808691], [-0.00106597680133, 0.00111061171629, 0.00176514382474, -0.00874091591686, 0.0188807304949, -0.00673799635842, 0.00383468763903, -0.00256815738976, -0.0028564997483, 0.000358720863005, 0.0019960894715, -0.00117602723185, 0.00175754155498], [0.00129105744418, 9.58091113716e-05, -0.00462119234726, 0.00739743700251, -0.00673799635842, 0.018401267007, -0.00937199033797, 0.0037549615372, 0.000971045985352, 0.000159640738275, -0.00182004901581, 0.00195607356727, -0.000744430639315], [1.54000808834e-05, -0.00227470509708, 0.0018092088867, 0.00159527268261, 0.00383468763903, -0.00937199033797, 0.0195218492299, -0.0100121665746, 0.00770688336343, -0.00376063887961, 0.00363594177179, 0.000513588311151, 0.00121872138698], [0.000738750677556, 0.000808361452073, -0.000712864159141, 0.000571801618207, -0.00256815738976, 0.0037549615372, -0.0100121665746, 0.0200475081801, -0.00989903323352, 0.00551598891616, -0.00391729269177, 0.00211472972296, 0.00105990224984], [-0.00010931451834, 0.00129931187257, -0.00173347978853, 0.00285588740371, -0.0028564997483, 0.000971045985352, 0.00770688336343, -0.00989903323352, 0.0241460427642, -0.00871909223497, 0.0080936094746, -0.00248036859557, 0.000562470639125], [-0.000370525114704, -0.000919563579373, 0.0015618634643, -0.00193212425802, 0.000358720863005, 0.000159640738275, -0.00376063887961, 0.00551598891616, -0.00871909223497, 0.0164340175688, -0.00785652454942, 0.00581146217883, -0.00406369566917], [-0.000994386500679, 0.00157199217938, -0.0016484054504, -0.00115228071809, 0.0019960894715, -0.00182004901581, 0.00363594177179, -0.00391729269177, 0.0080936094746, -0.00785652454942, 0.023121342063, -0.0112536801025, 0.00751724652946], [0.00118339352775, -0.000729890016373, 0.000573240453377, -0.00135656795464, -0.00117602723185, 0.00195607356727, 0.000513588311151, 0.00211472972296, -0.00248036859557, 0.00581146217883, -0.0112536801025, 0.0196959674358, -0.00878582894802], [0.000123220306705, 0.000880505482201, -0.000234908118728, -0.00195337808691, 0.00175754155498, -0.000744430639315, 0.00121872138698, 0.00105990224984, 0.000562470639125, -0.00406369566917, 0.00751724652946, -0.00878582894802, 0.020255131647]]
    },
    "spectral_contrast_coeffs": {
        "max": [-0.49187156558, -0.524772882462, -0.495283007622, -0.574651837349, -0.633979678154, -0.679280936718],
        "mean": [-0.714723110199, -0.776796281338, -0.712243795395, -0.758026301861, -0.75897359848, -0.764113605022],
        "min": [-0.883323192596, -0.919510245323, -0.899202883244, -0.877785027027, -0.864908337593, -0.825132966042],
        "stdev": [0.0581478141248, 0.0663195177913, 0.0833345875144, 0.049635682255, 0.0391276292503, 0.0222368594259]
    },
    "spectral_contrast_valleys": {
        "max": [-5.37590074539, -5.09120559692, -5.52801465988, -5.76452732086, -6.06810045242, -7.41378259659],
        "mean": [-6.88177871704, -6.42018556595, -6.809923172, -7.07077693939, -6.9302854538, -9.41100406647],
        "min": [-8.89162731171, -7.81140899658, -8.34559726715, -8.39757823944, -7.9799618721, -10.6974172592],
        "stdev": [0.531338214874, 0.45774140954, 0.440904259682, 0.422975331545, 0.314834535122, 0.428008586168]
    }
},
"rhythm": {
    "beats_count": 53,
    "beats_loudness": {
        "max": 0.049814350903,
        "mean": 0.0317243859172,
        "min": 0.0128786852583,
        "stdev": 0.00849721767008
    },
    "bpm": 110.120437622,
    "bpm_histogram_first_peak_bpm": 110,
    "bpm_histogram_first_peak_weight": 0.3125,
    "bpm_histogram_second_peak_bpm": 126,
    "bpm_histogram_second_peak_spread": 0.142857193947,
    "bpm_histogram_second_peak_weight": 0.115384615958,
    "danceability": 1.38595998287,
    "onset_rate": 2.31326055527,
    "beats_loudness_band_ratio": {
        "max": [0.391219735146, 0.745284616947, 0.614306390285, 0.905489087105, 0.529738247395, 0.239454522729],
        "mean": [0.0981789082289, 0.127103671432, 0.211102321744, 0.351812541485, 0.202246814966, 0.0791044607759],
        "min": [0.0123010901734, 0.0132165066898, 0.0153098423034, 0.0488367937505, 0.0187384150922, 0.0114677613601],
        "stdev": [0.0876739248633, 0.125630542636, 0.1515943259, 0.228326663375, 0.121842741966, 0.0503077618778]
    },
    "beats_position": [0.557278871536, 1.11455774307, 1.68344664574, 2.2523355484, 2.80961441994, 3.35528349876, 3.90095233917, 4.43501138687, 4.98067998886, 5.52634906769, 6.07201814651, 6.6176867485, 7.16335582733, 7.70902490616, 8.25469398499, 8.80036258698, 9.34603118896, 9.89170074463, 10.4373693466, 10.9830379486, 11.5287075043, 12.0627660751, 12.6084346771, 13.1541042328, 13.6997728348, 14.2454423904, 14.7911109924, 15.3251695633, 15.8592290878, 16.3932876587, 16.9273471832, 17.4614048004, 18.0070743561, 18.5411338806, 19.0868015289, 19.5047607422, 19.9227199554, 20.3406791687, 20.758638382, 21.1649875641, 21.5713367462, 21.9892959595, 22.4072551727, 22.8368244171, 23.2663936615, 23.6959629059, 24.1603622437, 24.6363716125, 25.1123809814, 25.5883903503, 26.0643978119, 26.5404071808, 27.0164165497],
