{
"metadata": {
    "version": {
        "essentia": "2.1-beta5",
        "essentia_git_sha": "Undefined",
        "extractor": "music 2.0"
    },
    "audio_properties": {
        "analysis": {
            "equal_loudness": 0,
            "length": 48.7502937317,
            "sample_rate": 44100,
            "start_time": 29.0017242432,
            "downmix": "mix"
        },
        "bit_rate": 192000,
        "length": 173.360183716,
        "lossless": 0,
        "number_channels": 2,
        "replay_gain": -1.70723342896,
        "sample_rate": 44100,
        "codec": "mp3",
        "md5_encoded": "51758bbd07fe0fbbc9bb8340738e7de9"
    },
    "tags": {
        "file_name": "United KingdomUK_Jack In The Box_Clodagh Rodgers.mp3",
        "encoding": ["Lavf58.29.100"]
    }
},
"lowlevel": {
    "average_loudness": 0.970599472523,
    "barkbands_crest": {
        "max": 26.9113731384,
        "mean": 9.42877578735,
        "min": 2.37340307236,
        "stdev": 4.28026866913
    },
    "barkbands_flatness_db": {
        "max": 0.592819452286,
        "mean": 0.133695498109,
        "min": 0.0429142564535,
        "stdev": 0.0538627654314
    },
    "barkbands_kurtosis": {
        "max": 6738.13134766,
        "mean": 6.99114084244,
        "min": -1.82955408096,
        "stdev": 147.109634399
    },
    "barkbands_skewness": {
        "max": 79.44947052,
        "mean": 0.907308399677,
        "min": -6.04992771149,
        "stdev": 2.14544487
    },
    "barkbands_spread": {
        "max": 115.421432495,
        "mean": 22.6748352051,
        "min": 0.0773487463593,
        "stdev": 16.4396076202
    },
    "dissonance": {
        "max": 0.500000119209,
        "mean": 0.453062802553,
        "min": 0.15228664875,
        "stdev": 0.0417206697166
    },
    "dynamic_complexity": 3.00712895393,
    "erbbands_crest": {
        "max": 32.843120575,
        "mean": 10.6314468384,
        "min": 2.42490720749,
        "stdev": 5.55774784088
    },
    "erbbands_flatness_db": {
        "max": 0.36336800456,
        "mean": 0.179740145802,
        "min": 0.0500555410981,
        "stdev": 0.0587153993547
    },
    "erbbands_kurtosis": {
        "max": 43.9686889648,
        "mean": 2.54705166817,
        "min": -1.80670762062,
        "stdev": 5.15633773804
    },
    "erbbands_skewness": {
        "max": 5.31975603104,
        "mean": 0.557492434978,
        "min": -5.09750938416,
        "stdev": 1.00119006634
    },
    "erbbands_spread": {
        "max": 172.196838379,
        "mean": 32.8055305481,
        "min": 1.86988735199,
        "stdev": 22.2823009491
    },
    "hfc": {
        "max": 537.250366211,
        "mean": 34.0151100159,
        "min": 5.07616532559e-05,
        "stdev": 35.8844795227
    },
    "loudness_ebu128": {
        "integrated": -21.9018344879,
        "loudness_range": 1.92967987061,
        "momentary": {
            "max": -18.7057704926,
            "mean": -22.29845047,
            "min": -32.5530853271,
            "stdev": 2.02039432526
        },
        "short_term": {
            "max": -20.6400299072,
            "mean": -21.9526348114,
            "min": -24.0619697571,
            "stdev": 0.69250023365
        }
    },
    "melbands_crest": {
        "max": 39.9610977173,
        "mean": 12.0487480164,
        "min": 3.91217899323,
        "stdev": 5.02701759338
    },
    "melbands_flatness_db": {
        "max": 0.578475415707,
        "mean": 0.161150574684,
        "min": 0.0288866832852,
        "stdev": 0.0682575777173
    },
    "melbands_kurtosis": {
        "max": 10017.7158203,
        "mean": 11.8439702988,
        "min": -1.85093355179,
        "stdev": 218.586074829
    },
    "melbands_skewness": {
        "max": 93.9733734131,
        "mean": 1.53430843353,
        "min": -3.11588668823,
        "stdev": 2.48853206635
    },
    "melbands_spread": {
        "max": 272.691131592,
        "mean": 30.8389415741,
        "min": 0.0894726887345,
        "stdev": 30.2095050812
    },
    "pitch_salience": {
        "max": 0.890698313713,
        "mean": 0.629121959209,
        "min": 0.0074359131977,
        "stdev": 0.101840764284
    },
    "silence_rate_20dB": {
        "max": 1,
        "mean": 1,
        "min": 1,
        "stdev": 0
    },
    "silence_rate_30dB": {
        "max": 1,
        "mean": 0.999048054218,
        "min": 0,
        "stdev": 0.03083858639
    },
    "silence_rate_60dB": {
        "max": 1,
        "mean": 0.0585435517132,
        "min": 0,
        "stdev": 0.234767198563
    },
    "spectral_centroid": {
        "max": 7620.34033203,
        "mean": 1492.81835938,
        "min": 220.32333374,
        "stdev": 819.389709473
    },
    "spectral_complexity": {
        "max": 49,
        "mean": 18.1389808655,
        "min": 0,
        "stdev": 9.22538089752
    },
    "spectral_decrease": {
        "max": -2.01514911528e-12,
        "mean": -5.83364911932e-09,
        "min": -3.86575038647e-08,
        "stdev": 3.99747701607e-09
    },
    "spectral_energy": {
        "max": 0.149448379874,
        "mean": 0.0251027885824,
        "min": 7.61024739404e-06,
        "stdev": 0.016722176224
    },
    "spectral_energyband_high": {
        "max": 0.0913675427437,
        "mean": 0.00184900721069,
        "min": 8.67678540128e-10,
        "stdev": 0.00438553374261
    },
    "spectral_energyband_low": {
        "max": 0.0712289810181,
        "mean": 0.00190917379223,
        "min": 3.62405160104e-07,
        "stdev": 0.00386703619733
    },
    "spectral_energyband_middle_high": {
        "max": 0.0658563524485,
        "mean": 0.0111333848909,
        "min": 2.00437527687e-10,
        "stdev": 0.011871160008
    },
    "spectral_energyband_middle_low": {
        "max": 0.125609815121,
        "mean": 0.0111277690157,
        "min": 7.60279061929e-10,
        "stdev": 0.0106941694394
    },
    "spectral_entropy": {
        "max": 9.04379844666,
        "mean": 7.6483464241,
        "min": 5.8319683075,
        "stdev": 0.522858738899
    },
    "spectral_flux": {
        "max": 0.343143522739,
        "mean": 0.088461369276,
        "min": 0.000309516501147,
        "stdev": 0.0432333387434
    },
    "spectral_kurtosis": {
        "max": 24.1299304962,
        "mean": 4.15760231018,
        "min": -1.38500022888,
        "stdev": 3.67347764969
    },
    "spectral_rms": {
        "max": 0.012074903585,
        "mean": 0.00462447432801,
        "min": 8.61662992975e-05,
        "stdev": 0.00176204333548
    },
    "spectral_rolloff": {
        "max": 11584.8632812,
        "mean": 2224.85864258,
        "min": 21.533203125,
        "stdev": 2040.55151367
    },
    "spectral_skewness": {
        "max": 4.13166904449,
        "mean": 1.6111625433,
        "min": -0.579751729965,
        "stdev": 0.642846882343
    },
    "spectral_spread": {
        "max": 27430054,
        "mean": 5387484.5,
        "min": 2145792.25,
        "stdev": 1899597.375
    },
    "spectral_strongpeak": {
        "max": 15.3409090042,
        "mean": 2.03225708008,
        "min": 0,
        "stdev": 2.00414729118
    },
    "zerocrossingrate": {
        "max": 0.4375,
        "mean": 0.0870481580496,
        "min": 0,
        "stdev": 0.0559112951159
    },
    "barkbands": {
        "max": [0.00308172474615, 0.0163266118616, 0.0223212651908, 0.0750500038266, 0.0309338085353, 0.031745094806, 0.0399398170412, 0.0356364436448, 0.0403783358634, 0.0422365255654, 0.055348969996, 0.0380060486495, 0.0315248332918, 0.024673294276, 0.020705871284, 0.0226531773806, 0.0331121720374, 0.00785000436008, 0.00586454663426, 0.0115634454414, 0.0361041650176, 0.0205163732171, 0.0178232043982, 0.016532221809, 0.0164988543838, 0.00255228159949, 2.96946859635e-06],
        "mean": [0.000103961036075, 0.000645869818982, 0.000637030985672, 0.00111059390474, 0.0023238430731, 0.00189519824926, 0.00138222042006, 0.0018610234838, 0.00183361105155, 0.00208884477615, 0.00230880198069, 0.00230966811068, 0.00127919996157, 0.00103952083737, 0.000695257040206, 0.000568021612708, 0.000510969257448, 0.000315838959068, 0.000227409327636, 0.000256574217929, 0.000237109154114, 0.000385037506931, 0.00037390779471, 0.000287847302388, 0.000385008199373, 4.04590246035e-05, 5.99690608283e-09],
        "min": [5.92058810867e-08, 2.30958256964e-08, 4.55558438195e-11, 1.39786085485e-10, 1.8636908683e-10, 7.89910220567e-11, 2.59334550362e-11, 2.87454747505e-11, 3.43318568019e-11, 3.06554065986e-12, 4.31093398826e-12, 1.1655582749e-11, 1.37419849805e-11, 1.97355499998e-11, 1.55760768866e-11, 1.19031659529e-11, 4.02081597184e-11, 2.33751594469e-11, 3.056505396e-11, 4.78676993876e-11, 3.61263415016e-11, 3.91668295019e-11, 9.71370206493e-11, 1.06796300969e-10, 1.96704708078e-10, 2.3463048171e-10, 1.2233976332e-10],
        "stdev": [0.000177338559297, 0.00158460554667, 0.00125675788149, 0.00345650245436, 0.0028009202797, 0.00310281594284, 0.00265996926464, 0.00354133988731, 0.00402799062431, 0.0042598717846, 0.00568426260725, 0.00513720326126, 0.00287837465294, 0.00205658166669, 0.00151055119932, 0.00133724336047, 0.00161042588297, 0.000573752040509, 0.000335803255439, 0.000595270073973, 0.000968305452261, 0.00112054019701, 0.0010599468369, 0.000956462754402, 0.00110788375605, 0.000134125439217, 9.80190151267e-08]
    },
    "erbbands": {
        "max": [0.772629320621, 2.44050073624, 15.6370868683, 163.40864563, 124.76927948, 112.353439331, 236.712295532, 316.448547363, 691.805175781, 498.246826172, 931.5078125, 1258.36401367, 1372.16235352, 2484.89501953, 2520.47583008, 1794.65087891, 1470.75317383, 1449.88513184, 996.250488281, 1319.48022461, 905.103820801, 1449.54272461, 1058.58996582, 420.787078857, 165.129577637, 488.644866943, 1904.70483398, 769.34161377, 758.987121582, 637.407287598, 520.753845215, 436.457275391, 189.7449646, 217.692169189, 96.1771850586, 24.1648578644, 0.879636228085, 0.0244528967887, 0.0020502160769, 0.000443100958364],
        "mean": [0.0226509738714, 0.13397718966, 0.622266590595, 2.50208163261, 5.51169776917, 7.87161159515, 10.5164451599, 17.1932563782, 20.7774829865, 27.8501529694, 41.4660987854, 43.76197052, 58.4665107727, 75.4973602295, 91.7993927002, 102.517166138, 64.490486145, 54.3419113159, 42.165397644, 35.1888313293, 30.6695289612, 25.7806968689, 19.1898555756, 13.6946802139, 10.9846763611, 12.4824800491, 9.87904644012, 10.4211025238, 14.7839756012, 11.0601644516, 10.8388690948, 6.87896156311, 4.47496938705, 4.27736902237, 2.67181658745, 0.499087810516, 0.0199192762375, 0.000652397458907, 7.19749659766e-05, 4.20040960307e-05],
        "min": [2.86978524855e-06, 1.59264754984e-06, 2.7322812457e-07, 7.18070452876e-07, 1.29241993818e-06, 3.34493677201e-07, 5.45396915186e-07, 5.13213876729e-07, 5.10127335929e-07, 4.45370972102e-07, 8.82933704816e-07, 6.81945266479e-07, 1.7147742426e-07, 1.77857629069e-07, 1.37984613957e-07, 5.48497155251e-07, 6.38417759546e-07, 7.89584362337e-07, 7.09370056029e-07, 9.57259089773e-07, 8.92127104635e-07, 2.16293710764e-06, 1.5486010625e-06, 1.0050957826e-06, 2.14565102397e-06, 2.46403305937e-06, 1.50481832861e-06, 1.42441365369e-06, 1.20229844924e-06, 2.70472401098e-06, 2.46597164733e-06, 2.3803820568e-06, 2.04927096092e-06, 2.26807060244e-06, 1.18491198009e-06, 8.66997140747e-07, 4.54249857285e-07, 1.31304545903e-07, 2.055268844e-08, 1.03298987142e-08],
        "stdev": [0.0779261738062, 0.255522459745, 1.10147941113, 7.43144702911, 9.04527568817, 10.9573497772, 19.4144229889, 28.8458423615, 40.8208847046, 51.0882110596, 83.121131897, 100.902618408, 120.472389221, 161.272338867, 208.524002075, 218.920394897, 129.062103271, 103.746490479, 83.6857299805, 80.1236572266, 65.5924606323, 77.4559631348, 45.0624008179, 21.9883365631, 14.971912384, 27.050409317, 49.2234230042, 29.0084247589, 42.4723968506, 33.0359039307, 31.5417537689, 24.5845909119, 13.7715959549, 13.9206590652, 7.09883737564, 1.57811355591, 0.057347252965, 0.00182816176675, 0.000160322990268, 3.99456293962e-05]
    },
    "gfcc": {
        "mean": [5.01954889297, 76.6532974243, -134.31072998, 20.9129447937, -80.7080001831, 24.9485645294, -51.0092735291, 10.0787363052, -33.3902282715, 1.12877964973, -15.8746414185, -3.58633184433, -6.37356805801],
        "cov": [[4315.27441406, -752.469055176, -598.131774902, 170.531356812, -423.155792236, 59.5839042664, -191.312088013, 76.9713287354, -3.32455205917, -60.1226730347, -134.426956177, -30.6432914734, 29.9193401337], [-752.469055176, 1145.8248291, -82.816192627, -359.777679443, 293.254882812, -147.648986816, 114.683105469, -56.8744773865, -40.8863601685, -66.7578430176, 106.448631287, -97.9724731445, 0.455428004265], [-598.131774902, -82.816192627, 887.666503906, 369.694122314, -48.582611084, 7.09738779068, -108.66545105, 54.0808486938, 106.131103516, 63.0947303772, -89.9583892822, 67.2024154663, -52.4032096863], [170.531356812, -359.777679443, 369.694122314, 630.60949707, -45.5827217102, -24.7775745392, -111.332046509, 43.7233695984, 113.998550415, 46.8975028992, -124.269134521, 54.419342041, -6.8946018219], [-423.155792236, 293.254882812, -48.582611084, -45.5827217102, 279.005706787, 52.7245330811, 62.4820404053, -26.3768100739, -31.4275741577, -5.90777778625, 37.7986564636, -30.7768726349, 1.34245598316], [59.5839042664, -147.648986816, 7.09738779068, -24.7775745392, 52.7245330811, 261.164550781, 108.707725525, -37.1842498779, -57.9795799255, 11.6689033508, 5.12281990051, -2.04404854774, -11.9754734039], [-191.312088013, 114.683105469, -108.66545105, -111.332046509, 62.4820404053, 108.707725525, 214.012496948, -12.6069278717, -60.7924804688, -14.5361852646, 44.4952087402, -12.5293636322, 5.4921503067], [76.9713287354, -56.8744773865, 54.0808486938, 43.7233695984, -26.3768100739, -37.1842498779, -12.6069278717, 125.214820862, 54.8087158203, -22.6364173889, -32.9341506958, -0.743390262127, -1.99579036236], [-3.32455205917, -40.8863601685, 106.131103516, 113.998550415, -31.4275741577, -57.9795799255, -60.7924804688, 54.8087158203, 136.920761108, 22.2209663391, -32.2857971191, 8.9359369278, 7.95744132996], [-60.1226730347, -66.7578430176, 63.0947303772, 46.8975028992, -5.90777778625, 11.6689033508, -14.5361852646, -22.6364173889, 22.2209663391, 88.8430633545, 15.9129896164, 17.8744277954, -6.85837173462], [-134.426956177, 106.448631287, -89.9583892822, -124.269134521, 37.7986564636, 5.12281990051, 44.4952087402, -32.9341506958, -32.2857971191, 15.9129896164, 105.390800476, 7.14746141434, 5.83352518082], [-30.6432914734, -97.9724731445, 67.2024154663, 54.419342041, -30.7768726349, -2.04404854774, -12.5293636322, -0.743390262127, 8.9359369278, 17.8744277954, 7.14746141434, 87.8371810913, 25.341917038], [29.9193401337, 0.455428004265, -52.4032096863, -6.8946018219, 1.34245598316, -11.9754734039, 5.4921503067, -1.99579036236, 7.95744132996, -6.85837173462, 5.83352518082, 25.341917038, 63.7350158691]],
        "icov": [[0.000445963873062, -0.000265113514615, 0.000627021829132, -0.000459134753328, 0.000941653328482, -0.000861052365508, 0.000819474284071, -0.000607353809755, 0.000324104330502, -7.21980322851e-05, 0.00010879040201, 8.99461156223e-05, -0.000106793799205], [-0.000265113514615, 0.00328481849283, -0.00157756661065, 0.0019598165527, -0.00355434254743, 0.00397189380601, -0.00263290735893, 0.00260979938321, -0.00131183699705, 0.00186561024748, -0.000484538497403, 0.00191003771033, -0.000204897092772], [0.000627021829132, -0.00157756661065, 0.0031637956854, -0.00190582196228, 0.00232606520876, -0.00285540800542, 0.00232013920322, -0.00204289495014, 0.000288964278297, -0.00127587642055, 0.000853993289638, -0.00208903709427, 0.00184173276648], [-0.000459134753328, 0.0019598165527, -0.00190582196228, 0.00429176073521, -0.00294483476318, 0.00280171679333, -0.00176926574204, 0.00210595666431, -0.00201846472919, 6.68920911266e-05, 0.00258863600902, -0.000422882003477, 9.60996840149e-05], [0.000941653328482, -0.00355434254743, 0.00232606520876, -0.00294483476318, 0.00913488771766, -0.00568668590859, 0.00316463154741, -0.00302353990264, 0.001904382254, -0.00143708242103, -0.0011512542842, 0.000348376866896, -0.000876546720974], [-0.000861052365508, 0.00397189380601, -0.00285540800542, 0.00280171679333, -0.00568668590859, 0.0111879045144, -0.00689752958715, 0.00471180537716, -0.000454010965768, 0.000831230077893, 0.00123128935229, 0.00146394839976, 0.000746365927625], [0.000819474284071, -0.00263290735893, 0.00232013920322, -0.00176926574204, 0.00316463154741, -0.00689752958715, 0.0105660362169, -0.00433686142787, 0.00291451672092, -0.000751679879613, -0.00191052316222, -0.000582597160246, -0.00109685608186], [-0.000607353809755, 0.00260979938321, -0.00204289495014, 0.00210595666431, -0.00302353990264, 0.00471180537716, -0.00433686142787, 0.014187659137, -0.00631758244708, 0.00529628526419, 0.00159225135576, 0.000481894734548, 0.00160293362569], [0.000324104330502, -0.00131183699705, 0.000288964278297, -0.00201846472919, 0.001904382254, -0.000454010965768, 0.00291451672092, -0.00631758244708, 0.0135296238586, -0.00489004235715, 0.000729575636797, 0.00126219762024, -0.00348197761923], [-7.21980322851e-05, 0.00186561024748, -0.00127587642055, 6.68920911266e-05, -0.00143708242103, 0.000831230077893, -0.000751679879613, 0.00529628526419, -0.00489004235715, 0.0169402640313, -0.0046798014082, -0.000877132813912, 0.00260636443272], [0.00010879040201, -0.000484538497403, 0.000853993289638, 0.00258863600902, -0.0011512542842, 0.00123128935229, -0.00191052316222, 0.00159225135576, 0.000729575636797, -0.0046798014082, 0.01671490632, -0.00414303317666, 0.000927449320443], [8.99461156223e-05, 0.00191003771033, -0.00208903709427, -0.000422882003477, 0.000348376866896, 0.00146394839976, -0.000582597160246, 0.000481894734548, 0.00126219762024, -0.000877132813912, -0.00414303317666, 0.0183705762029, -0.0086633739993], [-0.000106793799205, -0.000204897092772, 0.00184173276648, 9.60996840149e-05, -0.000876546720974, 0.000746365927625, -0.00109685608186, 0.00160293362569, -0.00348197761923, 0.00260636443272, 0.000927449320443, -0.0086633739993, 0.0216446332633]]
    },
    "melbands": {
        "max": [0.00548712117597, 0.00841607432812, 0.0265360809863, 0.00752713950351, 0.00684892339632, 0.00681050959975, 0.00940605904907, 0.00643274979666, 0.00734385801479, 0.00770270870999, 0.00682762684301, 0.0094209657982, 0.00903589837253, 0.00556253874674, 0.00440140627325, 0.00272646080703, 0.00304561830126, 0.00209519523196, 0.00216320273466, 0.00210712873377, 0.00147421529982, 0.00115236430429, 0.00272099999711, 0.000407743209507, 0.000423984398367, 9.95068694465e-05, 0.000180994829861, 0.000444323959528, 0.00142961204983, 0.000689271371812, 0.00035863701487, 0.000441623618826, 0.000409352098359, 0.00034627597779, 0.000307468988467, 0.000293606746709, 0.000268634612439, 0.000164125027368, 0.000177965281182, 0.000223694092711],
        "mean": [0.00018828966131, 0.00028922574711, 0.000515335006639, 0.000476839952171, 0.000379905075533, 0.000384616374504, 0.000308642745949, 0.000324365246342, 0.00034159142524, 0.000265685463091, 0.000288261566311, 0.000293172517559, 0.000322969804984, 0.000273985235253, 0.00020698987646, 0.000107935309643, 0.000101036115666, 7.05234924681e-05, 4.84720476379e-05, 4.2369680159e-05, 3.67083157471e-05, 2.8343329177e-05, 2.07937846426e-05, 1.50726500578e-05, 1.07861596916e-05, 7.14478983355e-06, 8.30068165669e-06, 8.31810575619e-06, 6.37960829408e-06, 5.46006731383e-06, 6.16036322754e-06, 9.11291317607e-06, 6.42177610644e-06, 6.13432212049e-06, 6.78730839354e-06, 4.88112391395e-06, 3.95545248466e-06, 3.15571833198e-06, 3.04788954963e-06, 3.77593323719e-06],
        "min": [6.25624849704e-08, 4.01213784418e-11, 1.46662959555e-10, 5.39441304126e-11, 1.57245345217e-11, 1.27264145403e-11, 7.52046081659e-12, 5.38220379723e-12, 7.59947400147e-12, 3.77439529284e-12, 7.39779494174e-13, 6.66920945552e-13, 4.974489245e-13, 6.13960271512e-13, 2.40015104146e-12, 1.26144266473e-12, 1.43348505809e-12, 1.17199978021e-12, 1.50660039999e-12, 9.02039348164e-13, 9.99585180253e-13, 2.35574992673e-12, 1.85194481278e-12, 1.10713185581e-12, 7.0492846586e-13, 1.27154732056e-12, 1.84676471164e-12, 1.54185052312e-12, 7.3506131737e-13, 1.22750767884e-12, 6.74169108126e-13, 6.0148273081e-13, 8.79703590789e-13, 1.84241706093e-12, 1.41772249322e-12, 1.33130485802e-12, 1.48831457141e-12, 1.19193608976e-12, 2.2799782895e-12, 1.70576335175e-12],
        "stdev": [0.000532597245183, 0.000505258620251, 0.00124743033666, 0.000582367589232, 0.000627322006039, 0.000639783975203, 0.000594026816543, 0.000592240365222, 0.00069635064574, 0.000624141306616, 0.00061947730137, 0.000651625159662, 0.000808307609987, 0.000609301321674, 0.000419312156737, 0.000222233662498, 0.00020343720098, 0.000151609885506, 0.000114609727461, 0.000108144857222, 9.2972884886e-05, 7.93645522208e-05, 8.56813494465e-05, 2.60705201072e-05, 1.9601699023e-05, 9.55474297371e-06, 1.22883393487e-05, 2.10094494832e-05, 3.64748957509e-05, 2.0892075554e-05, 1.58085113071e-05, 2.48390442721e-05, 2.28330682148e-05, 1.76552021003e-05, 1.91915805772e-05, 1.71443352883e-05, 1.48029703269e-05, 1.01279147202e-05, 9.1812280516e-06, 1.30579692268e-05]
    },
    "melbands128": {
        "max": [0.00138029514346, 0.00707640359178, 0.00720862764865, 0.00382940028794, 0.00645701307803, 0.0152060287073, 0.0381801538169, 0.0337139368057, 0.0166727285832, 0.00942922476679, 0.00843464024365, 0.00645094225183, 0.0119480695575, 0.0111961141229, 0.0102478964254, 0.0146672111005, 0.0158042218536, 0.0145939392969, 0.00632515223697, 0.00920112244785, 0.0113275218755, 0.0129622658715, 0.0142371319234, 0.0110244918615, 0.0139505984262, 0.0138126825914, 0.00867069792002, 0.0136853642762, 0.0128217628226, 0.0128041943535, 0.0212235655636, 0.0141446376219, 0.0167300477624, 0.0111615331843, 0.00954995304346, 0.0120189813897, 0.00965214613825, 0.00664551137015, 0.00731557095423, 0.00593543099239, 0.00342817301862, 0.00612870510668, 0.00683691166341, 0.00318290083669, 0.00351530872285, 0.00405963603407, 0.00261718616821, 0.00284082256258, 0.00345276785083, 0.00450882967561, 0.00381204253063, 0.00130738550797, 0.00141903676558, 0.00397509615868, 0.00256404327229, 0.00178536423482, 0.00371162593365, 0.00650446442887, 0.00136168824974, 0.00127397745382, 0.000789494835772, 0.000351598166162, 0.0006337838131, 0.000526964606252, 0.000160198062076, 0.000119661293866, 0.000257772684563, 0.000210203506867, 0.000272091740044, 0.000400914461352, 0.000434807967395, 0.00105656043161, 0.00108534737956, 0.00215881993063, 0.00115272554103, 0.000516069179866, 0.000758020963985, 0.000332815863658, 0.000339698133757, 0.000259050313616, 0.000660839490592, 0.000526597490534, 0.000731096661184, 0.000442042422947, 0.000364889303455, 0.000322083767969, 0.000379577861167, 0.000274759950116, 0.000382259400794, 0.000336230557878, 0.000269272859441, 0.000362235703506, 0.000414055568399, 0.000262447807472, 0.00033432256896, 0.000195570988581, 0.000186859397218, 0.00015416246606, 0.000138395145768, 0.000245939125307, 0.000245387112955, 0.000295428500976, 0.000215380146983, 0.00013041535567, 0.000125830047182, 0.000106896462967, 0.000121680561278, 8.66399204824e-05, 4.29861865996e-05, 1.71525553014e-05, 4.2104120439e-06, 1.34730510126e-06, 2.66761901457e-07, 7.38126715305e-08, 1.4715053176e-08, 2.99258502423e-08, 1.16508381609e-07, 1.27182699927e-08, 1.23132775087e-08, 1.19383525288e-08, 1.15898695086e-08, 1.12859819268e-08, 1.10584119639e-08, 1.08363247264e-08, 1.06514628229e-08, 1.04813731028e-08, 1.04084536545e-08, 1.03649293592e-08],
        "mean": [7.10059757694e-05, 0.000199938600417, 0.000212391547393, 0.000214137195144, 0.000265581475105, 0.000331479386659, 0.000501212431118, 0.000555314181838, 0.000585167028476, 0.000449858664069, 0.000431981083238, 0.000434929155745, 0.000341661449056, 0.000338238052791, 0.000395381648559, 0.00042045651935, 0.00036620994797, 0.000297698541544, 0.000209886435186, 0.000328386347974, 0.000369742367184, 0.000340093829436, 0.000363000086509, 0.00029767601518, 0.000311520561809, 0.000210242680623, 0.000254272366874, 0.000345981447026, 0.000257325911662, 0.000280295993434, 0.000299519684631, 0.000325502129272, 0.00041957088979, 0.000230422767345, 0.00019546051044, 0.000352831732016, 0.000301884487271, 0.000163727643667, 0.000202769660973, 0.000123983380035, 7.21943724784e-05, 0.000100358171039, 0.000105975355837, 0.000111055131129, 7.04030171619e-05, 6.97933719493e-05, 6.04526758252e-05, 4.07720581279e-05, 4.47352758783e-05, 5.64057882002e-05, 4.01025099563e-05, 3.43392748618e-05, 2.83980643871e-05, 4.21284094045e-05, 4.46501508122e-05, 2.03232757485e-05, 2.17086890189e-05, 2.65427097474e-05, 1.76139456016e-05, 1.63532185979e-05, 1.63334843819e-05, 1.25268370539e-05, 1.26127961266e-05, 1.05443386929e-05, 7.32172929929e-06, 5.40799692317e-06, 8.33030026115e-06, 9.21483660932e-06, 7.02933994035e-06, 9.01188104763e-06, 8.54007885209e-06, 8.60044383444e-06, 6.58449152979e-06, 6.43838529868e-06, 5.20906587553e-06, 5.29247154191e-06, 5.80000823902e-06, 5.31606383447e-06, 5.82090797252e-06, 6.907133411e-06, 1.02927942862e-05, 9.70464134298e-06, 7.45071520214e-06, 5.99171426074e-06, 5.63731327929e-06, 5.58036208531e-06, 6.2947274273e-06, 7.27578071746e-06, 7.55026530896e-06, 5.84498093303e-06, 5.07366394231e-06, 4.75130173072e-06, 4.25498637924e-06, 3.77678702534e-06, 3.95646202378e-06, 3.69193821825e-06, 2.82096743831e-06, 2.64326286015e-06, 2.78048150903e-06, 3.26326198774e-06, 4.0428203647e-06, 3.73735451831e-06, 3.57632166015e-06, 4.22575294579e-06, 3.3414050904e-06, 2.42661963057e-06, 1.86169427252e-06, 1.19792696296e-06, 6.93163030974e-07, 3.03186055817e-07, 8.09399267609e-08, 1.59508548592e-08, 1.46702117121e-09, 7.85821269167e-11, 1.74868071412e-11, 4.73579786497e-11, 1.18957232953e-10, 1.5628325023e-11, 1.49584806347e-11, 1.45696510412e-11, 1.41662202802e-11, 1.38600667401e-11, 1.35712578328e-11, 1.33097552077e-11, 1.31180075483e-11, 1.29659017897e-11, 1.28717652856e-11, 1.28020805762e-11],
        "min": [3.2355455204e-08, 3.7219731297e-08, 5.20570964113e-09, 4.97208177408e-11, 3.66634639315e-11, 2.16879136178e-11, 1.0544000395e-10, 3.34849231676e-11, 1.1870525396e-10, 2.49621226467e-11, 8.88523716408e-12, 1.33021180876e-11, 2.31121285305e-11, 1.25442737794e-11, 5.33686289605e-12, 2.01635132202e-11, 1.33880953199e-11, 1.67683922303e-12, 5.07800702529e-12, 4.52793314995e-12, 4.6611872348e-12, 1.02765617196e-11, 4.6321800562e-12, 1.15670945044e-11, 4.19720291508e-12, 1.09124558348e-12, 1.49332748858e-12, 4.58351076277e-13, 3.85515377217e-13, 6.70531121946e-13, 8.04649099087e-13, 7.16696938342e-13, 5.42493242169e-13, 1.96855728875e-13, 4.14255869191e-13, 3.70092303158e-13, 1.30349181969e-12, 4.29836895244e-12, 1.45506306656e-12, 6.80475532693e-13, 9.66448492415e-13, 2.48872754002e-12, 1.23205113646e-12, 5.92712456806e-13, 2.71974305056e-12, 9.17661129377e-13, 7.37319480102e-14, 1.54908876525e-12, 2.49878546674e-12, 6.26842165414e-13, 8.30908963596e-13, 8.66122332275e-13, 7.75828186417e-13, 1.21642041058e-12, 1.35651385957e-12, 3.32882029233e-12, 1.6855578348e-12, 3.0365165677e-12, 9.19773480469e-13, 1.62583271499e-12, 9.99985250855e-13, 1.1167402723e-12, 5.97055337028e-13, 6.98862137865e-13, 6.14983433102e-13, 1.13438024165e-12, 1.6640665625e-12, 2.07652254766e-12, 1.30035066916e-12, 2.54429116664e-12, 1.81720328889e-12, 9.67395868273e-13, 7.72421568981e-13, 5.44871331214e-13, 7.73572015906e-13, 1.81906681558e-12, 7.89606878146e-13, 1.03876380154e-12, 3.93148838138e-13, 8.97911953124e-13, 5.05223738279e-13, 4.62551600754e-13, 7.71766927709e-13, 8.95979796432e-13, 8.87625747643e-13, 1.91899751298e-12, 2.23952475488e-12, 1.51735666132e-12, 1.42282659179e-12, 1.18887766385e-12, 1.53489352304e-12, 1.07475692842e-12, 1.42595570768e-12, 1.96309938791e-12, 9.68844687636e-13, 1.63559920816e-12, 1.19035467247e-12, 6.38608686331e-13, 2.25692966919e-12, 3.64662293417e-12, 1.70513429765e-12, 1.6096018832e-12, 1.10449312456e-12, 1.06785001848e-12, 1.14524893475e-12, 1.57827180144e-12, 1.49493384251e-12, 1.591724582e-12, 1.48121814293e-12, 1.3664270453e-12, 1.57733938758e-12, 8.98715455354e-13, 4.57078548188e-13, 3.29738948819e-13, 3.53142401389e-13, 3.11673972221e-13, 3.51919258708e-13, 3.23210804908e-13, 3.78046389766e-13, 3.83025371403e-13, 3.37200645011e-13, 3.11209933691e-13, 3.25771554914e-13, 2.805098005e-13, 3.21226389672e-13, 3.09007024612e-13, 3.70855960958e-13, 3.46132248297e-13],
        "stdev": [0.000126603379613, 0.000741438067053, 0.00067223678343, 0.000380836747354, 0.000474612927064, 0.00073602469638, 0.00167840789072, 0.00164285686333, 0.00102228706237, 0.000635437783785, 0.000749389175326, 0.000762908195611, 0.000842639477924, 0.000718457507901, 0.000771331600845, 0.000902894709725, 0.00086991279386, 0.00086487038061, 0.000473337917356, 0.000814316910692, 0.000871681550052, 0.000843242916744, 0.0010560778901, 0.000959102821071, 0.00100655667484, 0.000783234252594, 0.000707319239154, 0.000975208589807, 0.00088641315233, 0.000824742019176, 0.00107627990656, 0.000996078015305, 0.00142459466588, 0.000761425762903, 0.000665579398628, 0.00104984617792, 0.000874082208611, 0.000498658744618, 0.000626573397312, 0.000372304319171, 0.000237809756072, 0.000332737516146, 0.00032051699236, 0.000297599792248, 0.000225439915084, 0.000239890840021, 0.000202193943551, 0.000163069315022, 0.000148199658724, 0.000204838768695, 0.000153862056322, 8.98623256944e-05, 8.41715300339e-05, 0.000175740395207, 0.000149392828462, 7.22646800568e-05, 0.000133915717015, 0.000179452385055, 5.80174528295e-05, 5.21164583915e-05, 3.59022960765e-05, 2.24034210987e-05, 3.08727794618e-05, 2.4293531169e-05, 1.33709791044e-05, 8.72395048646e-06, 1.60520612553e-05, 1.55452562467e-05, 1.40543224916e-05, 1.90495211427e-05, 2.00301492441e-05, 3.87521322409e-05, 3.52971655957e-05, 5.00844871567e-05, 3.09017195832e-05, 1.89954280359e-05, 2.30080077017e-05, 1.73520038516e-05, 1.5336285287e-05, 1.65587007359e-05, 2.96310336125e-05, 2.94664314424e-05, 2.97053084068e-05, 2.41207726503e-05, 2.18130862777e-05, 1.58988877956e-05, 1.96472501557e-05, 2.1423020371e-05, 2.19155954255e-05, 1.94497006305e-05, 1.74418037204e-05, 1.83905667654e-05, 1.78649515874e-05, 1.49537227117e-05, 1.52423408508e-05, 1.22750989249e-05, 9.48934666667e-06, 8.92488969839e-06, 7.81856033427e-06, 1.02106205304e-05, 1.53520213644e-05, 1.53743403644e-05, 1.13135720312e-05, 1.10076425699e-05, 8.82869517227e-06, 6.99462043485e-06, 6.83732241669e-06, 4.35693482359e-06, 2.5617666779e-06, 9.42300175666e-07, 2.07969179655e-07, 6.03699561452e-08, 1.20163470285e-08, 1.71849889874e-09, 3.63789054436e-10, 8.53013659707e-10, 2.780278896e-09, 3.17737003375e-10, 3.08078229594e-10, 2.99305663587e-10, 2.90486745769e-10, 2.8338872915e-10, 2.77726508457e-10, 2.72490974229e-10, 2.68072036791e-10, 2.6398686015e-10, 2.62112526128e-10, 2.60962390586e-10]
    },
    "mfcc": {
        "mean": [-629.895751953, 103.926971436, -1.01599478722, -2.33517146111, -4.65740060806, 0.234017193317, -2.31854867935, -1.45655882359, -5.664249897, -3.93146395683, -3.76147723198, -3.98696112633, -1.34569144249],
        "cov": [[4870.41943359, -1048.0670166, -354.319641113, -125.876365662, -212.184616089, -127.632797241, -214.588638306, -3.37748360634, 65.8748626709, -73.1180038452, -22.9094963074, -114.835838318, 15.7070159912], [-1048.0670166, 1415.1907959, -362.031982422, -202.802139282, 17.0885467529, -89.4914855957, 204.493041992, -35.2209358215, -118.353500366, 41.2581672668, -24.1105518341, 3.40134263039, -46.2791290283], [-354.319641113, -362.031982422, 824.108032227, 278.960235596, 104.532829285, 39.9653358459, -183.178085327, 29.49477005, 88.5043716431, -15.9880132675, 38.725063324, 39.2365112305, 24.3472194672], [-125.876365662, -202.802139282, 278.960235596, 460.835388184, 132.174407959, -15.856672287, -160.973251343, -4.8743429184, 90.1241378784, -15.1727838516, -16.3159046173, 40.5290718079, 41.2813835144], [-212.184616089, 17.0885467529, 104.532829285, 132.174407959, 222.380340576, 18.2246685028, -57.0972213745, -4.96126937866, 30.5133991241, 20.6376152039, -7.72257041931, 11.7119655609, 8.54584980011], [-127.632797241, -89.4914855957, 39.9653358459, -15.856672287, 18.2246685028, 253.263092041, 105.801124573, -3.32475113869, -5.55084085464, -1.01132106781, 37.9995155334, -18.5857143402, -9.94280815125], [-214.588638306, 204.493041992, -183.178085327, -160.973251343, -57.0972213745, 105.801124573, 272.036437988, 38.3337287903, -57.6046714783, 13.2409753799, 9.8286485672, -15.2796764374, -21.7013511658], [-3.37748360634, -35.2209358215, 29.49477005, -4.8743429184, -4.96126937866, -3.32475113869, 38.3337287903, 112.709403992, 45.825138092, -0.164615944028, -6.78314971924, 4.48474121094, 3.00185990334], [65.8748626709, -118.353500366, 88.5043716431, 90.1241378784, 30.5133991241, -5.55084085464, -57.6046714783, 45.825138092, 123.428443909, 17.5199127197, -7.11795473099, -0.93401902914, 12.9502735138], [-73.1180038452, 41.2581672668, -15.9880132675, -15.1727838516, 20.6376152039, -1.01132106781, 13.2409753799, -0.164615944028, 17.5199127197, 85.0923614502, 17.2077693939, -1.95300531387, -21.0647315979], [-22.9094963074, -24.1105518341, 38.725063324, -16.3159046173, -7.72257041931, 37.9995155334, 9.8286485672, -6.78314971924, -7.11795473099, 17.2077693939, 74.2867279053, 13.6575965881, -10.5324525833], [-114.835838318, 3.40134263039, 39.2365112305, 40.5290718079, 11.7119655609, -18.5857143402, -15.2796764374, 4.48474121094, -0.93401902914, -1.95300531387, 13.6575965881, 71.3167190552, 22.113571167], [15.7070159912, -46.2791290283, 24.3472194672, 41.2813835144, 8.54584980011, -9.94280815125, -21.7013511658, 3.00185990334, 12.9502735138, -21.0647315979, -10.5324525833, 22.113571167, 73.8879165649]],
        "icov": [[0.000318267469993, 0.000269571493845, 0.000258795917034, 8.45945687615e-05, 0.00012398706167, 0.000167689868249, 0.000236749401665, -2.99150233332e-05, -9.14593765629e-05, 0.00019735909882, -0.000176915811608, 0.000434122950537, -3.52283459506e-05], [0.000269571493845, 0.00125430221669, 0.000375836825697, 0.000213425591937, -0.00045971464715, 0.000931232061703, -0.000815532286651, 0.000514470448252, 0.000175016451976, 3.48341782228e-05, 2.65009166469e-05, 3.93176305806e-05, 0.000374552240828], [0.000258795917034, 0.000375836825697, 0.0021280576475, -0.000619447557256, -0.000143368190038, -0.000486870936584, 0.0013265220914, -0.0010089998832, 1.34208758027e-05, 0.000419566495111, -0.00115207745694, 7.76621072873e-06, 0.000157626665896], [8.45945687615e-05, 0.000213425591937, -0.000619447557256, 0.00399687839672, -0.00145768607035, -8.046572475e-05, 0.000824236543849, 0.000998001894914, -0.00198513758369, 0.000874335353728, 0.001013236586, -0.00156144076027, -0.000345002568793], [0.00012398706167, -0.00045971464715, -0.000143368190038, -0.00145768607035, 0.00632008211687, -0.00151599792298, 0.00158226944041, -0.000538746884558, 0.000395389593905, -0.00220152689144, 0.00133657245897, -0.000127873005113, -0.000369150133338], [0.000167689868249, 0.000931232061703, -0.000486870936584, -8.046572475e-05, -0.00151599792298, 0.00710849417374, -0.00454675685614, 0.00246634567156, -0.00158182927407, 0.00183209858369, -0.00332635268569, 0.00213592080399, 0.000135450885864], [0.000236749401665, -0.000815532286651, 0.0013265220914, 0.000824236543849, 0.00158226944041, -0.00454675685614, 0.00954796839505, -0.00534529238939, 0.00374584365636, -0.0019558717031, 0.000773558102082, 0.000121753801068, -0.000372426147806], [-2.99150233332e-05, 0.000514470448252, -0.0010089998832, 0.000998001894914, -0.000538746884558, 0.00246634567156, -0.00534529238939, 0.0143476957455, -0.00747136166319, 0.00230444362387, 0.000846133043524, -0.0019088613335, 0.00100321462378], [-9.14593765629e-05, 0.000175016451976, 1.34208758027e-05, -0.00198513758369, 0.000395389593905, -0.00158182927407, 0.00374584365636, -0.00747136166319, 0.0151526164263, -0.00508278468624, 0.00114573887549, 0.00229800119996, -0.00225040689111], [0.00019735909882, 3.48341782228e-05, 0.000419566495111, 0.000874335353728, -0.00220152689144, 0.00183209858369, -0.0019558717031, 0.00230444362387, -0.00508278468624, 0.0159051250666, -0.00420210370794, -0.000228161603445, 0.00408075144514], [-0.000176915811608, 2.65009166469e-05, -0.00115207745694, 0.001013236586, 0.00133657245897, -0.00332635268569, 0.000773558102082, 0.000846133043524, 0.00114573887549, -0.00420210370794, 0.0184979960322, -0.005578098353, 0.00236583082005], [0.000434122950537, 3.93176305806e-05, 7.76621072873e-06, -0.00156144076027, -0.000127873005113, 0.00213592080399, 0.000121753801068, -0.0019088613335, 0.00229800119996, -0.000228161603445, -0.005578098353, 0.0192152932286, -0.00579612189904], [-3.52283459506e-05, 0.000374552240828, 0.000157626665896, -0.000345002568793, -0.000369150133338, 0.000135450885864, -0.000372426147806, 0.00100321462378, -0.00225040689111, 0.00408075144514, 0.00236583082005, -0.00579612189904, 0.0174574386328]]
    },
    "spectral_contrast_coeffs": {
        "max": [-0.441085040569, -0.395319074392, -0.394250810146, -0.541598141193, -0.611391425133, -0.593640506268],
        "mean": [-0.684088230133, -0.736013770103, -0.71887755394, -0.754997611046, -0.785721242428, -0.79180008173],
        "min": [-0.955627083778, -0.925316095352, -0.919255256653, -0.923233985901, -0.926637411118, -0.911342799664],
        "stdev": [0.0734698548913, 0.0894482731819, 0.096983961761, 0.0672322660685, 0.0436046756804, 0.0358322747052]
    },
    "spectral_contrast_valleys": {
        "max": [-5.24238777161, -4.61848735809, -5.21792888641, -5.8895316124, -5.87914276123, -7.18553352356],
        "mean": [-7.18832206726, -6.67414045334, -7.24679851532, -7.62162303925, -7.63316965103, -9.59539031982],
        "min": [-14.254404068, -14.485449791, -15.7717580795, -15.5163755417, -14.6295814514, -16.0951766968],
        "stdev": [0.757359743118, 0.753118693829, 0.738481581211, 0.714290440083, 0.788060069084, 0.954864799976]
    }
},
"rhythm": {
    "beats_count": 98,
    "beats_loudness": {
        "max": 0.073275834322,
        "mean": 0.0336346849799,
        "min": 0.00295897363685,
        "stdev": 0.0152566246688
    },
    "bpm": 122.149490356,
    "bpm_histogram_first_peak_bpm": 123,
    "bpm_histogram_first_peak_weight": 0.476190447807,
    "bpm_histogram_second_peak_bpm": 117,
    "bpm_histogram_second_peak_spread": 0.300000011921,
    "bpm_histogram_second_peak_weight": 0.144329890609,
    "danceability": 1.3112872839,
    "onset_rate": 3.7119140625,
    "beats_loudness_band_ratio": {
        "max": [0.957429051399, 0.827225804329, 0.718121051788, 0.859098315239, 0.714363753796, 0.97413367033],
        "mean": [0.116183191538, 0.210359245539, 0.234304249287, 0.301433980465, 0.102484539151, 0.0981385558844],
        "min": [0.0034052466508, 0.000887569214683, 0.00546936551109, 0.000861203530803, 0.00119335460477, 0.000830014701933],
        "stdev": [0.20200522244, 0.155775591731, 0.175454705954, 0.255929589272, 0.103831775486, 0.124921366572]
    },
