{
"metadata": {
    "version": {
        "essentia": "2.1-beta5",
        "essentia_git_sha": "Undefined",
        "extractor": "music 2.0"
    },
    "audio_properties": {
        "analysis": {
            "equal_loudness": 0,
            "length": 29.0017242432,
            "sample_rate": 44100,
            "start_time": 48.7386856079,
            "downmix": "mix"
        },
        "bit_rate": 192000,
        "length": 181.649703979,
        "lossless": 0,
        "number_channels": 2,
        "replay_gain": -5.22310447693,
        "sample_rate": 44100,
        "codec": "mp3",
        "md5_encoded": "246ccea1e08b52ae289c92caa68492c9"
    },
    "tags": {
        "file_name": "Ireland_One Day Love_Angela Farrell.mp3",
        "encoding": ["Lavf58.29.100"]
    }
},
"lowlevel": {
    "average_loudness": 0.950124323368,
    "barkbands_crest": {
        "max": 23.4448833466,
        "mean": 10.1251840591,
        "min": 2.44595885277,
        "stdev": 4.09174871445
    },
    "barkbands_flatness_db": {
        "max": 0.306886345148,
        "mean": 0.173928022385,
        "min": 0.0753974094987,
        "stdev": 0.042011667043
    },
    "barkbands_kurtosis": {
        "max": 45.5766983032,
        "mean": 1.02303028107,
        "min": -1.82564043999,
        "stdev": 3.40118193626
    },
    "barkbands_skewness": {
        "max": 5.28773498535,
        "mean": 0.666267096996,
        "min": -1.71339392662,
        "stdev": 0.862391531467
    },
    "barkbands_spread": {
        "max": 38.1761016846,
        "mean": 15.0649309158,
        "min": 1.4510178566,
        "stdev": 6.97549438477
    },
    "dissonance": {
        "max": 0.499920636415,
        "mean": 0.452928811312,
        "min": 0.294745922089,
        "stdev": 0.0380732305348
    },
    "dynamic_complexity": 2.1867275238,
    "erbbands_crest": {
        "max": 30.2637500763,
        "mean": 11.4908638,
        "min": 3.42335367203,
        "stdev": 4.72942066193
    },
    "erbbands_flatness_db": {
        "max": 0.363718420267,
        "mean": 0.24481920898,
        "min": 0.113925069571,
        "stdev": 0.0382572896779
    },
    "erbbands_kurtosis": {
        "max": 19.8867321014,
        "mean": 0.475245445967,
        "min": -1.79484474659,
        "stdev": 1.95709049702
    },
    "erbbands_skewness": {
        "max": 3.90302944183,
        "mean": 0.180638298392,
        "min": -2.48568916321,
        "stdev": 0.751540660858
    },
    "erbbands_spread": {
        "max": 75.541885376,
        "mean": 21.8083992004,
        "min": 2.96250700951,
        "stdev": 8.90902233124
    },
    "hfc": {
        "max": 83.0785446167,
        "mean": 21.2624893188,
        "min": 0.481181204319,
        "stdev": 15.5006332397
    },
    "loudness_ebu128": {
        "integrated": -19.44165802,
        "loudness_range": 3.04759788513,
        "momentary": {
            "max": -15.5813751221,
            "mean": -19.8871231079,
            "min": -26.7964801788,
            "stdev": 2.06923508644
        },
        "short_term": {
            "max": -17.6342582703,
            "mean": -19.4429035187,
            "min": -22.2075176239,
            "stdev": 1.02301740646
        }
    },
    "melbands_crest": {
        "max": 30.852312088,
        "mean": 13.09466362,
        "min": 3.86967349052,
        "stdev": 5.55541038513
    },
    "melbands_flatness_db": {
        "max": 0.374362111092,
        "mean": 0.20007956028,
        "min": 0.0952110216022,
        "stdev": 0.0515433363616
    },
    "melbands_kurtosis": {
        "max": 63.1532211304,
        "mean": 2.92228293419,
        "min": -1.78955686092,
        "stdev": 5.62030887604
    },
    "melbands_skewness": {
        "max": 6.28091812134,
        "mean": 1.16911053658,
        "min": -1.45970106125,
        "stdev": 0.977465510368
    },
    "melbands_spread": {
        "max": 82.3395690918,
        "mean": 24.7905273438,
        "min": 1.53324007988,
        "stdev": 13.0381164551
    },
    "pitch_salience": {
        "max": 0.806092977524,
        "mean": 0.564484834671,
        "min": 0.123883418739,
        "stdev": 0.111398801208
    },
    "silence_rate_20dB": {
        "max": 1,
        "mean": 1,
        "min": 1,
        "stdev": 0
    },
    "silence_rate_30dB": {
        "max": 1,
        "mean": 1,
        "min": 1,
        "stdev": 0
    },
    "silence_rate_60dB": {
        "max": 1,
        "mean": 0.0335999988019,
        "min": 0,
        "stdev": 0.180197775364
    },
    "spectral_centroid": {
        "max": 2934.41308594,
        "mean": 1479.80944824,
        "min": 435.163146973,
        "stdev": 513.783203125
    },
    "spectral_complexity": {
        "max": 53,
        "mean": 18.8183994293,
        "min": 3,
        "stdev": 8.46023750305
    },
    "spectral_decrease": {
        "max": -1.73773759271e-10,
        "mean": -4.53214177298e-09,
        "min": -1.51106629431e-08,
        "stdev": 2.77753575695e-09
    },
    "spectral_energy": {
        "max": 0.0632435679436,
        "mean": 0.0190339218825,
        "min": 0.000699506606907,
        "stdev": 0.0117142442614
    },
    "spectral_energyband_high": {
        "max": 0.00447998987511,
        "mean": 0.000258226267761,
        "min": 3.260298854e-06,
        "stdev": 0.000353914947482
    },
    "spectral_energyband_low": {
        "max": 0.0119786262512,
        "mean": 0.00041554341442,
        "min": 1.89183288057e-06,
        "stdev": 0.000885174027644
    },
    "spectral_energyband_middle_high": {
        "max": 0.0552733317018,
        "mean": 0.0100948000327,
        "min": 0.000104406222817,
        "stdev": 0.00871395599097
    },
    "spectral_energyband_middle_low": {
        "max": 0.0462795905769,
        "mean": 0.00849476922303,
        "min": 0.000291355885565,
        "stdev": 0.00641546212137
    },
    "spectral_entropy": {
        "max": 8.08122634888,
        "mean": 7.21622896194,
        "min": 5.85003900528,
        "stdev": 0.37309423089
    },
    "spectral_flux": {
        "max": 0.208622604609,
        "mean": 0.0801259577274,
        "min": 0.0133905466646,
        "stdev": 0.0371743813157
    },
    "spectral_kurtosis": {
        "max": 26.1951999664,
        "mean": 7.742166996,
        "min": 0.360213279724,
        "stdev": 4.15640878677
    },
    "spectral_rms": {
        "max": 0.00785500090569,
        "mean": 0.0040856921114,
        "min": 0.000826102565043,
        "stdev": 0.00136995967478
    },
    "spectral_rolloff": {
        "max": 4435.83984375,
        "mean": 1759.90039062,
        "min": 344.53125,
        "stdev": 699.666381836
    },
    "spectral_skewness": {
        "max": 3.81119775772,
        "mean": 1.6592810154,
        "min": 0.441058665514,
        "stdev": 0.577481329441
    },
    "spectral_spread": {
        "max": 8652079,
        "mean": 2663736.25,
        "min": 1754806.625,
        "stdev": 502049.8125
    },
    "spectral_strongpeak": {
        "max": 11.7058706284,
        "mean": 1.90366637707,
        "min": 0.0412981510162,
        "stdev": 1.55617165565
    },
    "zerocrossingrate": {
        "max": 0.119140625,
        "mean": 0.0600496083498,
        "min": 0.017578125,
        "stdev": 0.0184919126332
    },
    "barkbands": {
        "max": [1.36368307722e-05, 0.000709787826054, 0.00979086477309, 0.0033689555712, 0.0134029639885, 0.0228154119104, 0.035633597523, 0.0312166549265, 0.0294708944857, 0.0203837882727, 0.0319261550903, 0.0494498051703, 0.0269408915192, 0.0174753926694, 0.0106032388285, 0.0156659539789, 0.0142182474956, 0.0103431195021, 0.00368821271695, 0.00452728336677, 0.00167415104806, 0.000332097348291, 0.000185224416782, 7.66244120314e-05, 3.33825005328e-06, 1.75154798399e-06, 1.31293893446e-06],
        "mean": [7.84073563409e-07, 3.94061680709e-05, 0.000285109650576, 0.000224906994845, 0.00051611935487, 0.00183038809337, 0.00328081124462, 0.000929645902943, 0.00143949035555, 0.00195404118858, 0.00133040070068, 0.00110105576459, 0.00146726320963, 0.00084152299678, 0.000749973463826, 0.000902965664864, 0.000830532750115, 0.000668523134664, 0.000282870110823, 0.000241507499595, 6.9543835707e-05, 2.752914952e-05, 1.38792065627e-05, 3.93265781895e-06, 9.26267375689e-07, 7.93300102941e-07, 1.0940368611e-08],
        "min": [5.92412563449e-09, 2.73437223086e-07, 3.47435218373e-08, 4.79658410768e-08, 7.39862844057e-06, 7.90136709838e-06, 2.69442170975e-06, 9.60103079706e-07, 2.83231429421e-06, 3.13008422381e-06, 1.66338793406e-06, 1.32565378408e-06, 1.13337091534e-06, 4.66741857963e-06, 1.30664727749e-06, 7.75183195856e-07, 2.23821075451e-06, 4.57916996766e-07, 9.30474300276e-07, 5.97125847435e-07, 2.61143412672e-07, 2.12366131791e-07, 2.87097577711e-07, 3.04844746779e-07, 4.03492265377e-07, 3.86474567904e-07, 1.84767548483e-10],
        "stdev": [1.00812633264e-06, 6.22669467703e-05, 0.000726931379177, 0.000346448825439, 0.000834152393509, 0.00279406341724, 0.0047927107662, 0.00259850895964, 0.00268345372751, 0.00332403718494, 0.00360103929415, 0.0027253057342, 0.00302531197667, 0.00169298483524, 0.0013023505453, 0.00160550500732, 0.00154580990784, 0.00117369333748, 0.000380159850465, 0.000379155622795, 0.000106713865534, 3.75576528313e-05, 1.86047182069e-05, 6.07081847193e-06, 2.68667946557e-07, 1.18842969243e-07, 3.7234919148e-08]
    },
    "erbbands": {
        "max": [0.0117635177448, 0.325050681829, 7.32149267197, 12.2779321671, 16.6758728027, 70.0144500732, 65.8783721924, 283.027648926, 543.391723633, 797.495239258, 513.472106934, 935.826599121, 563.335693359, 1003.92193604, 1423.53161621, 2506.49755859, 1237.92675781, 1017.96081543, 661.099121094, 676.223144531, 1026.63781738, 832.813415527, 649.427062988, 295.638977051, 137.348510742, 215.414810181, 144.060821533, 17.4565219879, 11.7242879868, 9.27006721497, 4.45382356644, 2.75223565102, 0.803935825825, 0.0943508446217, 0.0132102956995, 0.0076489332132, 0.00325427227654, 0.000896356825251, 0.000187114215805, 7.64049327699e-05],
        "mean": [0.000532329722773, 0.0156120620668, 0.235427469015, 0.593390524387, 1.25160765648, 1.87251663208, 4.46502733231, 19.4013881683, 48.2050018311, 36.1090507507, 16.9617805481, 31.6236877441, 41.5374603271, 72.4795684814, 54.8476448059, 48.4363975525, 66.8870010376, 43.8198318481, 42.1916046143, 46.4675865173, 46.039642334, 46.4306640625, 40.7561950684, 20.3767757416, 11.7298784256, 12.3309574127, 5.33493900299, 1.83569860458, 1.01689279079, 0.588327169418, 0.370906293392, 0.137887299061, 0.040789399296, 0.0117039494216, 0.00657110055909, 0.00393269723281, 0.00146426667925, 0.000128178580781, 1.39399680847e-05, 2.35741990764e-05],
        "min": [8.98499729374e-06, 0.000161071089678, 0.000509272853378, 0.000531907775439, 0.0101461121812, 0.0240741558373, 0.0236184839159, 0.190643936396, 0.254409998655, 0.098561398685, 0.209198012948, 0.258087128401, 0.198113545775, 0.227319553494, 0.0968617871404, 0.145186990499, 0.083975866437, 0.162288755178, 0.186598971486, 0.0829635486007, 0.11063811928, 0.143047973514, 0.04270369187, 0.0548594966531, 0.0341252684593, 0.0296191927046, 0.0138796484098, 0.0104829436168, 0.00764135411009, 0.00985282473266, 0.00836369022727, 0.00623197946697, 0.0054651722312, 0.00382836163044, 0.00318019092083, 0.00186593912076, 0.000792301783804, 6.13552110735e-05, 2.69912493422e-06, 1.29027694129e-06],
        "stdev": [0.000779958558269, 0.0242231097072, 0.536647260189, 1.08617508411, 1.8864300251, 3.84593176842, 7.31211042404, 28.0818347931, 74.6555633545, 71.0836029053, 37.5893173218, 68.3837203979, 59.4291992188, 133.611938477, 129.094833374, 121.157539368, 130.393371582, 93.7599716187, 64.1415176392, 74.405418396, 86.7681274414, 79.5838775635, 70.8990707397, 27.3887462616, 14.7139902115, 19.056974411, 8.61222267151, 2.40184545517, 1.3344643116, 0.792258501053, 0.486673772335, 0.213044688106, 0.0564141049981, 0.00712479092181, 0.00123637146316, 0.000689542386681, 0.000261293112999, 3.19066093653e-05, 8.66832942847e-06, 1.4529145119e-05]
    },
    "gfcc": {
        "mean": [-41.5155830383, 105.228065491, -180.96836853, 3.5619571209, -63.7803077698, -14.3980731964, -39.1104202271, -1.53790700436, -25.1135883331, -2.69544148445, -12.7910652161, -0.438635975122, -12.5201473236],
        "cov": [[1287.9987793, -75.8542022705, -645.485717773, 273.744262695, 77.198890686, -51.434135437, 153.550720215, -120.816299438, 105.813964844, -121.340034485, -19.0849094391, -111.031150818, -65.301651001], [-75.8542022705, 285.064666748, 270.686859131, -66.9932785034, 72.7698059082, 27.3356876373, -13.67619133, 26.0621833801, -44.2256278992, -8.48492050171, -12.7527322769, -20.3749790192, 15.4469156265], [-645.485717773, 270.686859131, 656.411437988, -30.6199741364, -13.2289819717, 66.9436416626, -95.9378051758, 61.6105575562, -74.6607894897, 17.6157550812, -34.7921447754, 34.7865142822, 36.545841217], [273.744262695, -66.9932785034, -30.6199741364, 391.144226074, 53.8394012451, -19.1502151489, 4.8182258606, -19.4025344849, 29.0426864624, -66.8079376221, -103.002967834, -20.3865680695, -20.4848976135], [77.198890686, 72.7698059082, -13.2289819717, 53.8394012451, 162.410827637, 17.5541782379, 10.2607183456, 29.0834159851, -18.2862434387, -17.5086860657, -15.8867902756, -17.816411972, -3.95870709419], [-51.434135437, 27.3356876373, 66.9436416626, -19.1502151489, 17.5541782379, 187.068572998, 86.8661270142, -34.5133781433, -56.5716056824, -10.3984775543, 3.18095541, -20.4319438934, -40.7256889343], [153.550720215, -13.67619133, -95.9378051758, 4.8182258606, 10.2607183456, 86.8661270142, 156.605804443, -15.7458152771, -38.6223487854, -5.27213001251, 13.4748296738, -24.0335903168, -42.8601570129], [-120.816299438, 26.0621833801, 61.6105575562, -19.4025344849, 29.0834159851, -34.5133781433, -15.7458152771, 103.523170471, 33.639919281, 0.994974970818, -13.2789058685, -1.54194056988, 16.8218860626], [105.813964844, -44.2256278992, -74.6607894897, 29.0426864624, -18.2862434387, -56.5716056824, -38.6223487854, 33.639919281, 123.35483551, 22.8169574738, -15.6639404297, -5.42683935165, 1.92088460922], [-121.340034485, -8.48492050171, 17.6157550812, -66.8079376221, -17.5086860657, -10.3984775543, -5.27213001251, 0.994974970818, 22.8169574738, 89.4843521118, 40.7726249695, 16.2933826447, -3.79688549042], [-19.0849094391, -12.7527322769, -34.7921447754, -103.002967834, -15.8867902756, 3.18095541, 13.4748296738, -13.2789058685, -15.6639404297, 40.7726249695, 119.347229004, 37.6735229492, -1.2480533123], [-111.031150818, -20.3749790192, 34.7865142822, -20.3865680695, -17.816411972, -20.4319438934, -24.0335903168, -1.54194056988, -5.42683935165, 16.2933826447, 37.6735229492, 78.3221664429, 35.1426315308], [-65.301651001, 15.4469156265, 36.545841217, -20.4848976135, -3.95870709419, -40.7256889343, -42.8601570129, 16.8218860626, 1.92088460922, -3.79688549042, -1.2480533123, 35.1426315308, 77.0046844482]],
        "icov": [[0.0244385041296, -0.0304951984435, 0.0268955137581, -0.018229611218, 0.00639728875831, 0.00344902463257, -0.0127912908792, 0.0205240063369, -0.0245321895927, 0.0240575242788, -0.0183783955872, 0.0130994180217, -0.00470020528883], [-0.0304951984435, 0.0544976629317, -0.0451547577977, 0.0291718225926, -0.0202824715525, 0.00412760814652, 0.006106545683, -0.0138739421964, 0.0224624685943, -0.0222059097141, 0.0211516357958, -0.00847061723471, 0.00252102199011], [0.0268955137581, -0.0451547577977, 0.0412845462561, -0.025395527482, 0.0173488333821, -0.00535055436194, -0.00306042400189, 0.0100220572203, -0.0170974638313, 0.0183664523065, -0.0175668150187, 0.00799561198801, -0.00291540520266], [-0.018229611218, 0.0291718225926, -0.025395527482, 0.0207665972412, -0.0117127103731, 0.00263865594752, 0.00380556588061, -0.00749674905092, 0.0123769994825, -0.0119427694008, 0.0164212882519, -0.0090088872239, 0.00429513026029], [0.00639728875831, -0.0202824715525, 0.0173488333821, -0.0117127103731, 0.0194151792675, -0.00794144161046, 0.00650836527348, -0.00892570521683, 0.00384664908051, -0.00104068906512, -0.00406541163102, -0.000618815771304, 0.000583879766054], [0.00344902463257, 0.00412760814652, -0.00535055436194, 0.00263865594752, -0.00794144161046, 0.0164398923516, -0.0141690196469, 0.0148159367964, -0.0094934515655, 0.0102421520278, -0.00316410674714, 0.00597775122151, 0.000464026001282], [-0.0127912908792, 0.006106545683, -0.00306042400189, 0.00380556588061, 0.00650836527348, -0.0141690196469, 0.0272620674223, -0.0241018999368, 0.0244740433991, -0.0204326491803, 0.0100936014205, -0.0105925649405, 0.0070522450842], [0.0205240063369, -0.0138739421964, 0.0100220572203, -0.00749674905092, -0.00892570521683, 0.0148159367964, -0.0241018999368, 0.044280204922, -0.0356092825532, 0.0299697015435, -0.0160285420716, 0.016947614029, -0.00790213793516], [-0.0245321895927, 0.0224624685943, -0.0170974638313, 0.0123769994825, 0.00384664908051, -0.0094934515655, 0.0244740433991, -0.0356092825532, 0.0459618456662, -0.0352958962321, 0.0214491561055, -0.0160481519997, 0.00745972245932], [0.0240575242788, -0.0222059097141, 0.0183664523065, -0.0119427694008, -0.00104068906512, 0.0102421520278, -0.0204326491803, 0.0299697015435, -0.0352958962321, 0.0452797412872, -0.0229911599308, 0.0145858107135, -0.00351025559939], [-0.0183783955872, 0.0211516357958, -0.0175668150187, 0.0164212882519, -0.00406541163102, -0.00316410674714, 0.0100936014205, -0.0160285420716, 0.0214491561055, -0.0229911599308, 0.0301552657038, -0.0191149841994, 0.00765790930018], [0.0130994180217, -0.00847061723471, 0.00799561198801, -0.0090088872239, -0.000618815771304, 0.00597775122151, -0.0105925649405, 0.016947614029, -0.0160481519997, 0.0145858107135, -0.0191149841994, 0.0331455804408, -0.0141687178984], [-0.00470020528883, 0.00252102199011, -0.00291540520266, 0.00429513026029, 0.000583879766054, 0.000464026001282, 0.0070522450842, -0.00790213793516, 0.00745972245932, -0.00351025559939, 0.00765790930018, -0.0141687178984, 0.0231788847595]]
    },
    "melbands": {
        "max": [0.000131096778205, 0.00274912477471, 0.00177439232357, 0.00299412151799, 0.00207854434848, 0.00550632737577, 0.00818565301597, 0.00894502084702, 0.00339564238675, 0.00558935198933, 0.00273867556825, 0.00382900936529, 0.0052011590451, 0.00562918698415, 0.00348043371923, 0.00345450337045, 0.00206321082078, 0.00109102088027, 0.00117253966164, 0.0015904456377, 0.00133380165789, 0.00105772109237, 0.000879326369613, 0.000820036686491, 0.000257641484495, 0.000125369013404, 0.000124754835269, 0.000161624047905, 9.83769932645e-05, 3.3158230508e-05, 1.01311943581e-05, 8.52037464938e-06, 4.2701253733e-06, 5.51666835236e-06, 3.60641774932e-06, 2.80276753983e-06, 1.68933161149e-06, 7.33785100238e-07, 1.88683756619e-07, 4.26752642113e-08],
        "mean": [7.41061194276e-06, 8.99877777556e-05, 0.000125398451928, 0.000108235624793, 0.000142502729432, 0.000448078877525, 0.000711611937732, 0.000350383110344, 0.000137391718454, 0.000203161675017, 0.000211468606722, 0.000301435182337, 0.000190198043128, 0.000132280561957, 0.000153362794663, 0.000123544290545, 7.45911238482e-05, 6.74988114042e-05, 5.90939271206e-05, 6.04474735155e-05, 5.25778123119e-05, 4.46345839009e-05, 5.06722208229e-05, 2.87731909339e-05, 1.4926370568e-05, 1.07950072561e-05, 6.68111943014e-06, 8.60772524902e-06, 4.14127134718e-06, 1.33044250106e-06, 9.0525475116e-07, 6.07298431987e-07, 4.4323260795e-07, 2.85736660999e-07, 2.41827791569e-07, 1.25030297227e-07, 6.71674058594e-08, 3.19422461814e-08, 1.31517214896e-08, 8.19344680991e-09],
        "min": [8.767552373e-08, 2.78101651929e-07, 3.28781425196e-07, 1.68703184045e-06, 7.99871031631e-07, 2.30509976973e-06, 1.75369791577e-06, 2.37004073256e-07, 4.27164110306e-07, 4.40054520823e-07, 8.02938984634e-07, 2.07518667139e-07, 2.52952730762e-07, 1.96844311517e-07, 2.0306130466e-07, 8.37082794192e-08, 3.25781684296e-07, 2.77212734545e-07, 7.8769630818e-08, 7.33329628133e-08, 1.60288379902e-07, 1.51099456502e-07, 2.31762395941e-08, 2.08411634617e-08, 4.40551879421e-08, 2.18792788331e-08, 2.34381118958e-08, 1.55019677095e-08, 7.46213313363e-09, 4.98230523505e-09, 4.59587212731e-09, 3.26601568013e-09, 4.02643074437e-09, 3.0617899327e-09, 4.63087168612e-09, 3.83880793819e-09, 3.78030096115e-09, 3.23105342481e-09, 3.26353633007e-09, 3.06157676988e-09],
        "stdev": [1.14980903163e-05, 0.000198962748982, 0.000188596255612, 0.000178172325832, 0.000229175930144, 0.000627505534794, 0.00105850375257, 0.000754135719035, 0.000304560409859, 0.000422393961344, 0.000316441146424, 0.000564232934266, 0.000501888571307, 0.000329623901052, 0.000347492517903, 0.000289407296805, 0.000180155737326, 0.000111882705824, 0.00011026939319, 0.000110285778646, 0.000117276525998, 8.94797121873e-05, 9.28236768232e-05, 5.88918410358e-05, 2.14722531382e-05, 1.57245158334e-05, 9.57153861236e-06, 1.44819123307e-05, 7.20401612853e-06, 2.09081213143e-06, 1.2106787608e-06, 8.59187878177e-07, 6.32033504644e-07, 4.19799931706e-07, 3.32941937131e-07, 1.83842871593e-07, 1.15364649389e-07, 4.65446703402e-08, 1.37459821303e-08, 3.29994920278e-09]
    },
    "melbands128": {
        "max": [8.43297220854e-06, 6.88070285833e-05, 0.000193163985386, 0.000415603339206, 0.00245520984754, 0.0055502881296, 0.00302633922547, 0.0015309114242, 0.00224871793762, 0.00299962679856, 0.00502814166248, 0.00306836655363, 0.00147758400999, 0.00543482974172, 0.00983292702585, 0.0103764748201, 0.00899991486222, 0.0152028854936, 0.00973579846323, 0.0152096096426, 0.0115368366241, 0.00945715233684, 0.00438442919403, 0.00546486489475, 0.011221440509, 0.00741649186239, 0.00769407488406, 0.00474402448162, 0.00567270442843, 0.00698442943394, 0.00686931191012, 0.00801810994744, 0.0106846475974, 0.00659614428878, 0.00411041779444, 0.010819834657, 0.0101095503196, 0.00533083081245, 0.00544886058196, 0.00518373306841, 0.00535338977352, 0.00383457448334, 0.00435977661982, 0.0032622772269, 0.00312565802597, 0.00228800624609, 0.00214830762707, 0.00231786957011, 0.00165925547481, 0.00254519935697, 0.00346688693389, 0.00143533770461, 0.00302695948631, 0.00244017317891, 0.00157194433268, 0.00153600459453, 0.00134218740277, 0.00248564244248, 0.00160331325606, 0.00139123853296, 0.00195719650947, 0.000925143714994, 0.000393964874092, 0.000319230282912, 0.000263904192252, 0.000266112299869, 0.000206197757507, 9.4974093372e-05, 0.00028199001099, 0.00022224598797, 0.000297940161545, 0.000336697121384, 0.000208914250834, 8.63806490088e-05, 0.000150549560203, 1.5920115402e-05, 3.17216981784e-05, 1.88107223948e-05, 7.3146725299e-06, 1.81980303751e-05, 1.16899418572e-05, 9.50911089603e-06, 6.42655277261e-06, 1.0005985132e-05, 8.26419363875e-06, 5.0086146075e-06, 7.56508097766e-06, 6.95666085448e-06, 6.97021368978e-06, 3.2583122902e-06, 3.29694194079e-06, 3.37461824529e-06, 1.88842466287e-06, 2.0808051886e-06, 1.47884816215e-06, 1.04449009086e-06, 5.03878936797e-07, 5.26007170265e-07, 2.14220108319e-07, 1.10272026177e-07, 9.73708935703e-08, 3.57427687447e-08, 2.04232559753e-08, 2.00828100816e-08, 2.26439791362e-08, 1.74343668391e-08, 1.79706223236e-08, 2.05367971517e-08, 2.21775096065e-08, 2.10516279964e-08, 1.57741251172e-08, 1.32197079949e-08, 1.14356319969e-08, 1.1862105076e-08, 8.24458723514e-09, 6.70327970909e-09, 6.53445786369e-09, 6.09278050234e-09, 5.94275739729e-09, 5.78741055079e-09, 5.65815261311e-09, 5.53509016399e-09, 5.41783506947e-09, 5.32456567726e-09, 5.26485788299e-09, 5.2113575677e-09, 5.16661513572e-09, 5.11614572929e-09],
        "mean": [5.48517164134e-07, 2.12039321923e-06, 7.25146219338e-06, 2.28695225815e-05, 8.86901107151e-05, 0.000154058652697, 0.000111551511509, 0.000125156569993, 0.000134766974952, 9.44750572671e-05, 0.00010780775483, 9.13545663934e-05, 9.79321848718e-05, 0.000273334502708, 0.000372899405193, 0.000538400665391, 0.000832275487483, 0.000824263377581, 0.000446084683063, 0.000442683987785, 0.000274863239611, 0.000135097390739, 7.37147420296e-05, 0.000190744191059, 0.000245758797973, 0.00016275694361, 0.000225971336477, 0.000148041523062, 0.000260901957517, 0.000399631011533, 0.000280804437352, 0.000186010307516, 0.00022809355869, 0.000142301112646, 0.000148195773363, 0.000139595838846, 8.7719570729e-05, 0.000148697858094, 0.000205258606002, 0.000152723281644, 9.24930063775e-05, 0.000100662706245, 8.38029445731e-05, 4.7510387958e-05, 7.38472735975e-05, 7.18283845345e-05, 6.24458698439e-05, 5.48911884835e-05, 5.02565926581e-05, 8.29588025226e-05, 5.69133881072e-05, 4.55760782643e-05, 6.25175744062e-05, 5.30839206476e-05, 3.63107174053e-05, 4.52140739071e-05, 4.35129077232e-05, 7.06582650309e-05, 4.27412014687e-05, 3.13458804158e-05, 3.25621294905e-05, 2.46757572313e-05, 1.49345387399e-05, 9.63597631198e-06, 1.91524341062e-05, 1.07897385533e-05, 6.81521987644e-06, 5.67079678149e-06, 6.07649326412e-06, 8.62130855239e-06, 1.02240683191e-05, 8.26674659038e-06, 5.0822486628e-06, 4.13642237618e-06, 1.84333180187e-06, 1.0454623407e-06, 1.28530064103e-06, 1.20968127248e-06, 6.37976199869e-07, 9.40081861245e-07, 6.31139755569e-07, 4.87427428197e-07, 4.53425371916e-07, 5.52954134037e-07, 3.06156522356e-07, 2.55189405607e-07, 3.05342069851e-07, 2.90681100523e-07, 2.56808419863e-07, 1.92737232396e-07, 1.46490123143e-07, 1.03258820161e-07, 9.12597499791e-08, 6.82736356339e-08, 5.40609121913e-08, 4.03018418638e-08, 2.79226082256e-08, 1.78153154451e-08, 1.35776190291e-08, 1.02980095562e-08, 9.05813024588e-09, 7.55084705872e-09, 7.57113483019e-09, 7.58457474603e-09, 7.22994597524e-09, 7.12112946388e-09, 7.14070758079e-09, 7.07300573666e-09, 6.8063279457e-09, 6.85829570912e-09, 6.12268413747e-09, 5.52402301679e-09, 4.8549635423e-09, 3.9284846487e-09, 2.2061932281e-09, 8.94013529873e-10, 3.51504464424e-10, 8.40016858156e-12, 7.97756392196e-12, 7.77986182421e-12, 7.61260238874e-12, 7.46090775966e-12, 7.30747927447e-12, 7.17288207996e-12, 7.09572851865e-12, 7.03214569908e-12, 6.97582356463e-12, 6.91219520857e-12],
        "min": [1.64410596248e-09, 4.77271244748e-09, 1.23365566651e-08, 3.71219570638e-08, 9.63023154554e-08, 2.01735943506e-08, 3.49423707746e-08, 1.18105205615e-08, 3.54342688524e-07, 1.24700871851e-08, 1.65781230521e-07, 2.10351402075e-07, 6.04639893709e-08, 1.10892393934e-07, 8.12299845165e-07, 1.83963123845e-07, 5.78517301619e-07, 2.06593384178e-07, 2.81189414864e-07, 1.24548748204e-07, 1.0115131488e-07, 7.24854274381e-08, 2.03764884077e-07, 7.66320695789e-08, 1.80980222808e-07, 7.38904688546e-08, 1.26954262214e-07, 2.00207722401e-07, 1.09078385435e-07, 8.52271568874e-08, 3.49001432198e-08, 1.87325355228e-07, 2.30207135132e-07, 4.8070674552e-08, 6.60161489918e-08, 5.16694491637e-08, 5.92286326651e-08, 8.76589822951e-08, 7.89323095773e-08, 8.13359761764e-08, 6.7225258249e-08, 4.47173782447e-08, 1.07623449708e-07, 8.34605700106e-08, 7.38711989356e-08, 2.19511449018e-08, 2.4670777421e-08, 1.28349073591e-08, 1.0434134623e-07, 7.41727816944e-08, 2.37085462373e-08, 1.59022146562e-08, 3.31902896278e-08, 2.80056262625e-08, 2.66203148414e-08, 2.50194105433e-08, 2.39321842344e-08, 1.54013797271e-08, 4.25649337998e-09, 9.90691084723e-09, 1.56707340437e-08, 1.69340061973e-08, 2.80737211256e-08, 7.94450283337e-09, 9.73498615053e-09, 2.0548576174e-08, 1.10838893619e-08, 1.10758637817e-08, 1.80528072491e-08, 1.27286963192e-08, 1.18054410692e-08, 8.88979023728e-09, 4.42741843187e-09, 4.81674966579e-09, 4.56263915538e-09, 3.04917824323e-09, 2.28174790173e-09, 1.60825985862e-09, 2.71870925772e-09, 3.1689026958e-09, 1.93434024354e-09, 2.01243377518e-09, 2.16999973546e-09, 2.04447037078e-09, 2.34059438498e-09, 1.68687264157e-09, 2.28464536178e-09, 2.6498236938e-09, 3.89844911908e-09, 3.78816311652e-09, 2.64890553936e-09, 2.53455434418e-09, 2.8301876398e-09, 2.86429990837e-09, 3.74451403218e-09, 2.59322385787e-09, 1.55572488225e-09, 2.03422723111e-09, 1.48372358844e-09, 2.17399809266e-09, 2.32472974204e-09, 1.85055792912e-09, 1.39290967649e-09, 1.76032799448e-09, 2.30849828142e-09, 1.62257474123e-09, 2.47473352921e-09, 1.78228687364e-09, 2.13012452122e-09, 1.6788332946e-09, 1.77701797721e-09, 1.50871470872e-09, 1.23679022579e-09, 1.34277933217e-09, 6.6173116986e-10, 9.88010437353e-11, 3.9998143686e-12, 1.47324643804e-13, 1.18111439682e-13, 9.23450768978e-14, 1.17721465714e-13, 1.095037689e-13, 9.08396892863e-14, 9.5188342885e-14, 1.07473017573e-13, 1.04911149483e-13, 1.18742282717e-13, 1.18384807708e-13],
        "stdev": [6.67790232001e-07, 3.60678404832e-06, 1.39515223054e-05, 3.75766539946e-05, 0.00018198833277, 0.000416511145886, 0.00024781547836, 0.000193991116248, 0.000233527098317, 0.000174272325239, 0.000270458462182, 0.000181432245881, 0.000183862124686, 0.000626818859018, 0.000739319017157, 0.00111300230492, 0.00148749281652, 0.00169438007288, 0.000928903347813, 0.00120071414858, 0.000883567379788, 0.000538396066986, 0.000238673412241, 0.000574430217966, 0.000710836611688, 0.000492656836286, 0.000537347921636, 0.000377515127184, 0.000595896504819, 0.000900617276784, 0.000767337856814, 0.00064323033439, 0.000833669211715, 0.000480033952044, 0.000383944628993, 0.000546630297322, 0.0004553499748, 0.000500017427839, 0.000513535749633, 0.000445124867838, 0.000420989294071, 0.000312273215968, 0.000298366125207, 0.00018317681679, 0.00016487686662, 0.000164459153893, 0.000156006251927, 0.000171966777998, 0.000139934811159, 0.00019933047588, 0.000161612013471, 0.000122529483633, 0.000181096213055, 0.000183990821824, 0.000134001602419, 0.000131556967972, 0.000111838970042, 0.0001684398012, 0.000107390689664, 0.00010131138697, 0.000101870915387, 5.74226614845e-05, 3.29968897859e-05, 1.91335057025e-05, 3.50479167537e-05, 2.18977311306e-05, 1.26846343846e-05, 9.04843909666e-06, 1.43130318975e-05, 1.60120598593e-05, 2.090306225e-05, 2.15587369894e-05, 1.19641554193e-05, 7.7175163824e-06, 6.08929076407e-06, 1.80017093498e-06, 2.51020151154e-06, 2.41006023316e-06, 9.40700772389e-07, 1.78191862688e-06, 1.11273527637e-06, 8.52488483361e-07, 6.97660311744e-07, 1.07692312667e-06, 5.36523202754e-07, 4.61943756136e-07, 4.89177011787e-07, 4.91097296162e-07, 4.3830686991e-07, 2.66828266149e-07, 2.30895608411e-07, 2.01839156944e-07, 1.58412760243e-07, 1.39596281201e-07, 1.01444641132e-07, 6.08479595599e-08, 4.15357597205e-08, 3.10326306874e-08, 1.50486911821e-08, 8.4664000255e-09, 6.60441790146e-09, 3.08872638577e-09, 2.73090905445e-09, 2.67943067733e-09, 2.46279041605e-09, 2.4057116299e-09, 2.32080843432e-09, 2.44430076179e-09, 2.2324104787e-09, 2.34085950623e-09, 1.95004212777e-09, 1.80801373872e-09, 1.57922397381e-09, 1.27003529915e-09, 7.52360729273e-10, 3.69598823768e-10, 2.55123727699e-10, 1.72227246353e-10, 1.67991676125e-10, 1.6360013344e-10, 1.59946028644e-10, 1.56466645196e-10, 1.53152157623e-10, 1.50516030195e-10, 1.48827422608e-10, 1.47314757615e-10, 1.46049797256e-10, 1.44623521492e-10]
    },
    "mfcc": {
        "mean": [-670.586975098, 139.833892822, -60.5816955566, 13.1476202011, -18.904006958, -10.7691717148, -14.0288543701, -3.85398674011, -15.0164690018, -1.34287977219, -10.7731389999, -2.40973448753, -1.31800460815],
        "cov": [[1987.76123047, -459.500305176, -711.907348633, 254.475326538, -184.481445312, 164.611587524, -92.2433929443, 117.5340271, 21.260881424, 11.8114299774, 41.9838294983, 102.666381836, -77.3205566406], [-459.500305176, 467.610443115, 218.286636353, -115.248664856, 113.005241394, -70.2390213013, 78.6998291016, -41.4686355591, 0.805571079254, 17.6726856232, -7.42360210419, -43.5847129822, 13.4024066925], [-711.907348633, 218.286636353, 544.875976562, -29.6142044067, 83.5967178345, 8.1958322525, 20.8063316345, -16.7338848114, 6.31490945816, -4.09112119675, -37.6187477112, -58.4601860046, -1.10377430916], [254.475326538, -115.248664856, -29.6142044067, 279.547241211, 64.8171615601, 6.49347496033, -43.6477508545, 31.3313560486, 60.5331573486, -30.9279212952, -33.7838439941, 13.9738779068, -9.79024028778], [-184.481445312, 113.005241394, 83.5967178345, 64.8171615601, 198.609649658, -42.4785804749, -13.8279104233, 9.1572675705, 25.7718009949, 8.71835708618, -49.1699104309, -12.0909395218, 1.35335206985], [164.611587524, -70.2390213013, 8.1958322525, 6.49347496033, -42.4785804749, 191.704559326, 77.074256897, 24.83842659, -12.326751709, -21.7080421448, 33.1271476746, -10.5120563507, -14.6399011612], [-92.2433929443, 78.6998291016, 20.8063316345, -43.6477508545, -13.8279104233, 77.074256897, 196.095321655, 37.84790802, -45.492893219, 2.25596165657, 15.9479885101, -27.9926700592, -14.6140260696], [117.5340271, -41.4686355591, -16.7338848114, 31.3313560486, 9.1572675705, 24.83842659, 37.84790802, 88.3654785156, 20.4697093964, 2.49613022804, -3.29746294022, -3.18963623047, -18.0189208984], [21.260881424, 0.805571079254, 6.31490945816, 60.5331573486, 25.7718009949, -12.326751709, -45.492893219, 20.4697093964, 115.391952515, 13.2579622269, -4.05177927017, -0.099334590137, -5.36984920502], [11.8114299774, 17.6726856232, -4.09112119675, -30.9279212952, 8.71835708618, -21.7080421448, 2.25596165657, 2.49613022804, 13.2579622269, 94.7564620972, 18.8268451691, -17.385137558, -21.8078174591], [41.9838294983, -7.42360210419, -37.6187477112, -33.7838439941, -49.1699104309, 33.1271476746, 15.9479885101, -3.29746294022, -4.05177927017, 18.8268451691, 103.688514709, 24.2774772644, -10.1346178055], [102.666381836, -43.5847129822, -58.4601860046, 13.9738779068, -12.0909395218, -10.5120563507, -27.9926700592, -3.18963623047, -0.099334590137, -17.385137558, 24.2774772644, 103.142105103, 42.2337188721], [-77.3205566406, 13.4024066925, -1.10377430916, -9.79024028778, 1.35335206985, -14.6399011612, -14.6140260696, -18.0189208984, -5.36984920502, -21.8078174591, -10.1346178055, 42.2337188721, 107.217971802]],
        "icov": [[0.0031363312155, -0.00249039311893, 0.00399583391845, -0.00338845560327, 0.00354165001772, -0.0047435737215, 0.00455753365532, -0.00447293370962, 0.00285085919313, -0.00315270991996, 0.0027377048973, -0.00250593177043, 0.00222929171287], [-0.00249039311893, 0.00738949654624, -0.004505939316, 0.0049213799648, -0.00598655035719, 0.00642965780571, -0.00733390497044, 0.00660823145881, -0.00464400136843, 0.00381679367274, -0.00385145400651, 0.00301994243637, -0.0022621108219], [0.00399583391845, -0.004505939316, 0.0076101385057, -0.00438228668645, 0.0042671142146, -0.00702703511342, 0.00656377477571, -0.00586158689111, 0.00382246775553, -0.003923158627, 0.0041407844983, -0.00233836239204, 0.0027252335567], [-0.00338845560327, 0.0049213799648, -0.00438228668645, 0.00969488825649, -0.0066766818054, 0.00538052851334, -0.00556978210807, 0.00502804527059, -0.00609832908958, 0.00573705788702, -0.00254332949407, 0.00227508414537, -0.00158894434571], [0.00354165001772, -0.00598655035719, 0.0042671142146, -0.0066766818054, 0.0127629628405, -0.00566546805203, 0.00680431257933, -0.0071426955983, 0.00415372196585, -0.00570059195161, 0.00643411185592, -0.00374889886007, 0.00266247149557], [-0.0047435737215, 0.00642965780571, -0.00702703511342, 0.00538052851334, -0.00566546805203, 0.0158523153514, -0.0112222302705, 0.00734960474074, -0.00565085746348, 0.00750411348417, -0.00734457373619, 0.00523009663448, -0.00337509973906], [0.00455753365532, -0.00733390497044, 0.00656377477571, -0.00556978210807, 0.00680431257933, -0.0112222302705, 0.0172406323254, -0.012460087426, 0.00902469176799, -0.00587093038484, 0.00424176827073, -0.00242684036493, 0.00301486253738], [-0.00447293370962, 0.00660823145881, -0.00586158689111, 0.00502804527059, -0.0071426955983, 0.00734960474074, -0.012460087426, 0.0231518745422, -0.00889467261732, 0.00482410332188, -0.00320637552068, 0.00250557600521, -0.00112099945545], [0.00285085919313, -0.00464400136843, 0.00382246775553, -0.00609832908958, 0.00415372196585, -0.00565085746348, 0.00902469176799, -0.00889467261732, 0.0155568532646, -0.00555379735306, 0.00221761851572, -0.00182351411786, 0.00160757882986], [-0.00315270991996, 0.00381679367274, -0.003923158627, 0.00573705788702, -0.00570059195161, 0.00750411348417, -0.00587093038484, 0.00482410332188, -0.00555379735306, 0.0170803647488, -0.0066121625714, 0.00507306912914, -0.000587484566495], [0.0027377048973, -0.00385145400651, 0.0041407844983, -0.00254332949407, 0.00643411185592, -0.00734457373619, 0.00424176827073, -0.00320637552068, 0.00221761851572, -0.0066121625714, 0.0171005297452, -0.00762785831466, 0.00460859620944], [-0.00250593177043, 0.00301994243637, -0.00233836239204, 0.00227508414537, -0.00374889886007, 0.00523009663448, -0.00242684036493, 0.00250557600521, -0.00182351411786, 0.00507306912914, -0.00762785831466, 0.0171384681016, -0.00768065731972], [0.00222929171287, -0.0022621108219, 0.0027252335567, -0.00158894434571, 0.00266247149557, -0.00337509973906, 0.00301486253738, -0.00112099945545, 0.00160757882986, -0.000587484566495, 0.00460859620944, -0.00768065731972, 0.0142503641546]]
    },
    "spectral_contrast_coeffs": {
        "max": [-0.430256336927, -0.420780330896, -0.445482611656, -0.571212053299, -0.603358387947, -0.609651505947],
        "mean": [-0.694547891617, -0.696252644062, -0.699881911278, -0.743709921837, -0.751720607281, -0.743235468864],
        "min": [-0.846797883511, -0.936837553978, -0.895278096199, -0.934476613998, -0.929848313332, -0.87193441391],
        "stdev": [0.0608866997063, 0.0906408131123, 0.0776142030954, 0.0622587688267, 0.0470616705716, 0.0535441078246]
    },
    "spectral_contrast_valleys": {
        "max": [-6.22693014145, -5.02617692947, -5.47864151001, -5.63957214355, -6.07671737671, -10.0619392395],
        "mean": [-7.87355709076, -6.77340459824, -7.37085056305, -7.46276855469, -7.6817984581, -11.4064254761],
        "min": [-10.2247419357, -8.59356403351, -9.68202018738, -9.86494541168, -9.82514381409, -11.95291996],
        "stdev": [0.609077572823, 0.575060963631, 0.562883019447, 0.611602902412, 0.681870222092, 0.249853760004]
    }
},
"rhythm": {
    "beats_count": 54,
    "beats_loudness": {
        "max": 0.0486508198082,
        "mean": 0.0219496712089,
        "min": 0.00401651579887,
        "stdev": 0.0112222256139
    },
    "bpm": 114.133239746,
    "bpm_histogram_first_peak_bpm": 115,
    "bpm_histogram_first_peak_weight": 0.369565248489,
    "bpm_histogram_second_peak_bpm": 110,
    "bpm_histogram_second_peak_spread": 0,
    "bpm_histogram_second_peak_weight": 0.0943396240473,
    "danceability": 1.22561454773,
    "onset_rate": 3.13648891449,
    "beats_loudness_band_ratio": {
        "max": [0.414406716824, 0.819275856018, 0.88403236866, 0.78855907917, 0.589628815651, 0.176961898804],
        "mean": [0.0539199076593, 0.163478851318, 0.320726543665, 0.289178311825, 0.195448562503, 0.0372720733285],
        "min": [0.00221932679415, 0.00429312419146, 0.0600863099098, 0.0205414202064, 0.00545994983986, 0.00146890350152],
        "stdev": [0.0821397155523, 0.176653727889, 0.183335453272, 0.215014860034, 0.142190799117, 0.0338148735464]
    },
    "beats_position": [0.545668900013, 1.09133780003, 1.63700675964, 2.18267560005, 2.71673464775, 3.23918366432, 3.76163268089, 4.28408145905, 4.80653047562, 5.32897949219, 5.85142850876, 6.37387752533, 6.90793657303, 7.4303855896, 7.95283412933, 8.47528362274, 8.99773216248, 9.52018165588, 10.0426301956, 10.5650787354, 11.0875282288, 11.6099767685, 12.1324262619, 12.6548748016, 13.177324295, 13.6997728348, 14.2106122971, 14.7446708679, 15.2555103302, 15.7547388077, 16.2655773163, 16.7880268097, 17.3220863342, 17.8445339203, 18.3669834137, 18.8894329071, 19.4118824005, 19.9343299866, 20.4335594177, 20.94439888, 21.4552383423, 21.9776859283, 22.4885253906, 23.010974884, 23.5334243774, 24.0674819946, 24.6015415192, 25.1356010437, 25.681268692, 26.2153282166, 26.7493877411, 27.2834453583, 27.8175048828, 28.3631744385],
