{
"metadata": {
    "version": {
        "essentia": "2.1-beta5",
        "essentia_git_sha": "Undefined",
        "extractor": "music 2.0"
    },
    "audio_properties": {
        "analysis": {
            "equal_loudness": 0,
            "length": 41.4127883911,
            "sample_rate": 44100,
            "start_time": 142.744674683,
            "downmix": "mix"
        },
        "bit_rate": 192000,
        "length": 184.180679321,
        "lossless": 0,
        "number_channels": 2,
        "replay_gain": -2.19995498657,
        "sample_rate": 44100,
        "codec": "mp3",
        "md5_encoded": "e942d3c4d765a484c4d41a0a5d010138"
    },
    "tags": {
        "file_name": "Malta_Marija L-Maltija_Joe Grech.mp3",
        "encoding": ["Lavf58.29.100"]
    }
},
"lowlevel": {
    "average_loudness": 0.972566306591,
    "barkbands_crest": {
        "max": 24.7294960022,
        "mean": 9.44450759888,
        "min": 2.18077373505,
        "stdev": 4.3726401329
    },
    "barkbands_flatness_db": {
        "max": 0.332437723875,
        "mean": 0.131207928061,
        "min": 0.0425746589899,
        "stdev": 0.0555491931736
    },
    "barkbands_kurtosis": {
        "max": 129.768295288,
        "mean": 5.09036588669,
        "min": -1.8084474802,
        "stdev": 13.8239011765
    },
    "barkbands_skewness": {
        "max": 9.02615833282,
        "mean": 1.18028974533,
        "min": -1.9747107029,
        "stdev": 1.38408946991
    },
    "barkbands_spread": {
        "max": 77.2646026611,
        "mean": 21.2296772003,
        "min": 0.724961936474,
        "stdev": 12.580247879
    },
    "dissonance": {
        "max": 0.499645233154,
        "mean": 0.457036614418,
        "min": 0.240615054965,
        "stdev": 0.0353537537158
    },
    "dynamic_complexity": 2.43086886406,
    "erbbands_crest": {
        "max": 31.2782287598,
        "mean": 10.7931747437,
        "min": 2.75198125839,
        "stdev": 4.81104803085
    },
    "erbbands_flatness_db": {
        "max": 0.380585998297,
        "mean": 0.183533146977,
        "min": 0.0602192915976,
        "stdev": 0.0481383390725
    },
    "erbbands_kurtosis": {
        "max": 53.6913528442,
        "mean": 2.01696515083,
        "min": -1.70112681389,
        "stdev": 4.69862270355
    },
    "erbbands_skewness": {
        "max": 5.66426801682,
        "mean": 0.71826851368,
        "min": -3.51330447197,
        "stdev": 1.00200867653
    },
    "erbbands_spread": {
        "max": 100.539474487,
        "mean": 30.1195201874,
        "min": 2.57190871239,
        "stdev": 16.1024475098
    },
    "hfc": {
        "max": 200.374664307,
        "mean": 33.1920623779,
        "min": 0.181092217565,
        "stdev": 22.3859672546
    },
    "loudness_ebu128": {
        "integrated": -20.950548172,
        "loudness_range": 3.3875579834,
        "momentary": {
            "max": -17.6290817261,
            "mean": -22.0095329285,
            "min": -43.4074554443,
            "stdev": 3.87613224983
        },
        "short_term": {
            "max": -19.422952652,
            "mean": -21.3351211548,
            "min": -24.9259338379,
            "stdev": 1.14837872982
        }
    },
    "melbands_crest": {
        "max": 29.5128040314,
        "mean": 12.1980552673,
        "min": 2.77761435509,
        "stdev": 5.33896827698
    },
    "melbands_flatness_db": {
        "max": 0.418942958117,
        "mean": 0.151682347059,
        "min": 0.0286113284528,
        "stdev": 0.0735902637243
    },
    "melbands_kurtosis": {
        "max": 128.087844849,
        "mean": 8.45413970947,
        "min": -1.8752938509,
        "stdev": 14.4567670822
    },
    "melbands_skewness": {
        "max": 8.65829944611,
        "mean": 1.69833910465,
        "min": -1.06105327606,
        "stdev": 1.36508131027
    },
    "melbands_spread": {
        "max": 176.978378296,
        "mean": 30.0160369873,
        "min": 1.11189138889,
        "stdev": 20.9565391541
    },
    "pitch_salience": {
        "max": 0.875907719135,
        "mean": 0.604363262653,
        "min": 0.233279168606,
        "stdev": 0.100006766617
    },
    "silence_rate_20dB": {
        "max": 1,
        "mean": 1,
        "min": 1,
        "stdev": 0
    },
    "silence_rate_30dB": {
        "max": 1,
        "mean": 0.997198879719,
        "min": 0,
        "stdev": 0.0528509132564
    },
    "silence_rate_60dB": {
        "max": 1,
        "mean": 0.0649859979749,
        "min": 0,
        "stdev": 0.246503740549
    },
    "spectral_centroid": {
        "max": 4175.79052734,
        "mean": 1535.0949707,
        "min": 261.645568848,
        "stdev": 660.491943359
    },
    "spectral_complexity": {
        "max": 52,
        "mean": 21.8980388641,
        "min": 0,
        "stdev": 10.8625049591
    },
    "spectral_decrease": {
        "max": -2.31529691253e-11,
        "mean": -6.13768191826e-09,
        "min": -5.72310661084e-08,
        "stdev": 3.57009755092e-09
    },
    "spectral_energy": {
        "max": 0.224725484848,
        "mean": 0.0261756610125,
        "min": 0.000105221428385,
        "stdev": 0.0146173294634
    },
    "spectral_energyband_high": {
        "max": 0.0271699335426,
        "mean": 0.00147951708641,
        "min": 7.34862533136e-06,
        "stdev": 0.00206154654734
    },
    "spectral_energyband_low": {
        "max": 0.0131370667368,
        "mean": 0.000915405049454,
        "min": 8.80794232216e-06,
        "stdev": 0.00137398927473
    },
    "spectral_energyband_middle_high": {
        "max": 0.0517621524632,
        "mean": 0.0109469974414,
        "min": 1.21133580251e-05,
        "stdev": 0.00825951062143
    },
    "spectral_energyband_middle_low": {
        "max": 0.203075379133,
        "mean": 0.0135104032233,
        "min": 2.73530386039e-05,
        "stdev": 0.0120301619172
    },
    "spectral_entropy": {
        "max": 8.74076747894,
        "mean": 7.62362384796,
        "min": 5.54104232788,
        "stdev": 0.539386928082
    },
    "spectral_flux": {
        "max": 0.27041810751,
        "mean": 0.0816544443369,
        "min": 0.0058642309159,
        "stdev": 0.0332413427532
    },
    "spectral_kurtosis": {
        "max": 28.2069225311,
        "mean": 3.97408223152,
        "min": -0.889127016068,
        "stdev": 3.4164352417
    },
    "spectral_rms": {
        "max": 0.0148069029674,
        "mean": 0.00480232248083,
        "min": 0.000320398277836,
        "stdev": 0.00157318718266
    },
    "spectral_rolloff": {
        "max": 10551.2695312,
        "mean": 2089.56323242,
        "min": 193.798828125,
        "stdev": 1543.97924805
    },
    "spectral_skewness": {
        "max": 4.30705356598,
        "mean": 1.57414901257,
        "min": 0.401256740093,
        "stdev": 0.528500199318
    },
    "spectral_spread": {
        "max": 11149068,
        "mean": 5019308,
        "min": 1587257.875,
        "stdev": 1236593.625
    },
    "spectral_strongpeak": {
        "max": 11.5526781082,
        "mean": 2.18451213837,
        "min": 0,
        "stdev": 1.71130383015
    },
    "zerocrossingrate": {
        "max": 0.32666015625,
        "mean": 0.081610262394,
        "min": 0.0126953125,
        "stdev": 0.0391198247671
    },
    "barkbands": {
        "max": [0.00072166742757, 0.00838799681515, 0.00887275766581, 0.0130899036303, 0.18151961267, 0.0413372591138, 0.0199937075377, 0.0500474609435, 0.0416244827211, 0.0212480146438, 0.0310611464083, 0.0405880920589, 0.0438570417464, 0.0113100614399, 0.0125517277047, 0.0145933739841, 0.0116401426494, 0.0165835469961, 0.00440623471513, 0.00412743492052, 0.00760608352721, 0.0104584675282, 0.00532909110188, 0.00407506944612, 0.00629018386826, 0.00070540769957, 7.58894771025e-07],
        "mean": [6.5670843469e-05, 0.000249519915087, 0.000417758303229, 0.000502590730321, 0.00363429356366, 0.0028131743893, 0.000915252196137, 0.00247019389644, 0.00230195024051, 0.00166667439044, 0.00156594591681, 0.0017407995183, 0.00224411836825, 0.000531718658749, 0.000581669795793, 0.00117403420154, 0.000637810037006, 0.000614555727225, 0.000450541148894, 0.00028084393125, 0.000265286071226, 0.000309197261231, 0.000287526316242, 0.000224007133511, 0.00020696039428, 2.35551433434e-05, 1.83227821804e-09],
        "min": [5.02906573274e-07, 1.93543110072e-06, 1.08043877844e-07, 4.61883367109e-08, 3.6998375208e-07, 1.25903625303e-06, 2.0213272478e-07, 4.11689029534e-07, 5.65690982057e-07, 6.2873908746e-07, 8.63252807903e-07, 4.37895806726e-07, 3.91152326529e-07, 3.24153006659e-07, 1.76131138119e-07, 2.06185788443e-07, 3.26920570615e-07, 4.4162649715e-07, 3.16587801308e-07, 4.1594898903e-07, 6.97193570431e-07, 5.8529707303e-07, 7.61466822041e-07, 1.15104523957e-06, 1.31493834488e-06, 3.77887829472e-07, 1.06041085635e-10],
        "stdev": [6.74464681651e-05, 0.000436280912254, 0.000792044040281, 0.00106835772749, 0.00815975945443, 0.00502424454316, 0.00168821285479, 0.00479487050325, 0.00404849881306, 0.002734657377, 0.00222779554315, 0.00298486859538, 0.00365412584506, 0.000758539477829, 0.00124291947577, 0.00177238427568, 0.00100929220207, 0.00125911773648, 0.000513518985827, 0.000335275020916, 0.000421064032707, 0.000543518457562, 0.000446295744041, 0.000363591476344, 0.000429691543104, 4.02499499614e-05, 2.38636559402e-08]
    },
    "erbbands": {
        "max": [0.120084010065, 2.2529270649, 7.95405197144, 22.2131137848, 192.508346558, 1005.2010498, 361.050323486, 439.657531738, 425.227661133, 658.330444336, 1461.61962891, 1263.43444824, 991.15826416, 642.925109863, 1361.25769043, 1770.88757324, 2413.69238281, 420.778900146, 313.567810059, 1326.26831055, 522.265686035, 583.769470215, 878.024230957, 381.013824463, 193.844024658, 209.167449951, 253.213928223, 325.044647217, 349.785858154, 315.540161133, 110.161460876, 84.1360626221, 72.9809417725, 88.3051681519, 34.825466156, 6.78604602814, 0.219317555428, 0.0076373545453, 0.000747180311009, 0.000259632186498],
        "mean": [0.00547223864123, 0.0667587295175, 0.415186882019, 1.17463493347, 5.11474466324, 14.126868248, 22.4660873413, 21.3904933929, 13.3134412766, 28.2223777771, 53.7612838745, 57.1588973999, 65.7706451416, 35.0136833191, 90.7005844116, 72.4586486816, 120.738853455, 33.7549133301, 27.1244812012, 46.9828605652, 55.4635009766, 34.8554763794, 33.6235771179, 27.533657074, 17.9939956665, 13.6869382858, 11.0275421143, 12.0186462402, 9.81509494781, 10.423705101, 7.55962705612, 5.16197443008, 3.5814037323, 2.5339012146, 1.25105249882, 0.269939035177, 0.012755847536, 0.000388359621866, 4.818432717e-05, 3.88787848351e-05],
        "min": [0.000121104290884, 0.000308163056616, 0.000288574170554, 0.000360773905413, 0.00176937959623, 0.00574313523248, 0.00660023838282, 0.00736610405147, 0.0141027960926, 0.0119034750387, 0.00638540787622, 0.0118244830519, 0.0219193696976, 0.0158841554075, 0.0487884804606, 0.0278417505324, 0.0192975942045, 0.0164909400046, 0.0175378378481, 0.0111281229183, 0.0128180198371, 0.0244733504951, 0.0249707624316, 0.021146800369, 0.0236209854484, 0.0195284448564, 0.0264260731637, 0.0241975598037, 0.0234357491136, 0.022994922474, 0.023454412818, 0.0263122040778, 0.0181484892964, 0.0145729137585, 0.00949592515826, 0.0047683888115, 0.000373123533791, 1.30246644403e-05, 9.15377370347e-07, 3.2921178672e-07],
        "stdev": [0.00655549485236, 0.127813279629, 0.765452206135, 2.08612108231, 13.5541534424, 41.4362831116, 36.7119140625, 43.7971763611, 24.049489975, 58.223449707, 114.555030823, 90.5547714233, 130.054641724, 54.9264717102, 126.436470032, 123.22164917, 194.711227417, 39.2919273376, 37.085735321, 95.3320007324, 75.3349533081, 54.8662414551, 69.0893859863, 33.1116256714, 20.3135318756, 15.7170276642, 15.831155777, 19.2336406708, 16.5814285278, 19.0630435944, 11.0787792206, 8.09634685516, 6.09545469284, 5.4524269104, 2.5089700222, 0.473208159208, 0.0194838382304, 0.000619336264208, 5.83477594773e-05, 2.28092103498e-05]
    },
    "gfcc": {
        "mean": [12.4797906876, 70.1696853638, -145.424621582, 21.2741527557, -83.3713226318, 20.658821106, -52.697769165, 9.01564598083, -34.4918022156, -1.0419523716, -13.3743247986, 0.876287400723, -5.05326843262],
        "cov": [[4485.28417969, -701.608886719, -1132.77868652, 243.416168213, -164.406707764, 315.773529053, -56.9049415588, 103.42666626, 133.212509155, -149.514511108, -114.515090942, -282.763214111, -61.9864234924], [-701.608886719, 704.833435059, 325.469451904, -203.934265137, -36.5992507935, -240.09703064, -5.62737607956, -91.6918792725, -53.1786346436, -52.9708709717, 39.2696495056, 14.05331707, 14.3597421646], [-1132.77868652, 325.469451904, 905.099304199, 101.509803772, -70.1820678711, -102.945549011, -117.169082642, -107.979179382, -102.1508255, 47.3298988342, -58.9570350647, 67.9803848267, 33.4999160767], [243.416168213, -203.934265137, 101.509803772, 396.399780273, 104.692062378, 57.0148773193, -129.827560425, -17.7455749512, 31.4467010498, 9.42406654358, -71.2948226929, -26.2542743683, 22.2235107422], [-164.406707764, -36.5992507935, -70.1820678711, 104.692062378, 242.051620483, 51.1493225098, -21.853225708, 39.5273780823, 15.4131689072, -17.2960891724, -2.91175961494, 11.6555147171, -8.75221347809], [315.773529053, -240.09703064, -102.945549011, 57.0148773193, 51.1493225098, 271.478759766, 121.07585907, 69.3528900146, -8.19039916992, 16.8897628784, -41.5333023071, -41.6748924255, -61.9843254089], [-56.9049415588, -5.62737607956, -117.169082642, -129.827560425, -21.853225708, 121.07585907, 229.781509399, 66.5419006348, -32.5359115601, 8.90254211426, 21.1837501526, -1.74955880642, -55.6359138489], [103.42666626, -91.6918792725, -107.979179382, -17.7455749512, 39.5273780823, 69.3528900146, 66.5419006348, 108.178123474, 28.4813289642, 0.944096803665, 6.84237718582, -15.3616189957, -28.1608409882], [133.212509155, -53.1786346436, -102.1508255, 31.4467010498, 15.4131689072, -8.19039916992, -32.5359115601, 28.4813289642, 104.595832825, 23.5365333557, -7.92679691315, -22.9785327911, 4.32249593735], [-149.514511108, -52.9708709717, 47.3298988342, 9.42406654358, -17.2960891724, 16.8897628784, 8.90254211426, 0.944096803665, 23.5365333557, 78.8899765015, 7.70937204361, 5.45693635941, -4.7431230545], [-114.515090942, 39.2696495056, -58.9570350647, -71.2948226929, -2.91175961494, -41.5333023071, 21.1837501526, 6.84237718582, -7.92679691315, 7.70937204361, 88.8132324219, 38.3267364502, 7.37701749802], [-282.763214111, 14.05331707, 67.9803848267, -26.2542743683, 11.6555147171, -41.6748924255, -1.74955880642, -15.3616189957, -22.9785327911, 5.45693635941, 38.3267364502, 90.2005996704, 37.8579177856], [-61.9864234924, 14.3597421646, 33.4999160767, 22.2235107422, -8.75221347809, -61.9843254089, -55.6359138489, -28.1608409882, 4.32249593735, -4.7431230545, 7.37701749802, 37.8579177856, 74.4907684326]],
        "icov": [[0.000773935345933, -0.000638002704363, 0.00148370116949, -0.000946471351199, 0.00191407115199, -0.00146619963925, 0.0017234813422, -0.000928898574784, 0.000673584407195, 0.000586011679843, 0.000603308493737, -0.000187658122741, 0.000356911798008], [-0.000638002704363, 0.00736752711236, -0.00531217223033, 0.00408478919417, -0.00551759591326, 0.00660479441285, -0.00697533041239, 0.00628583272919, -0.00416518095881, 0.00553802121431, -0.00437840260565, 0.00795681308955, -0.00178255164064], [0.00148370116949, -0.00531217223033, 0.00740452064201, -0.00423479545861, 0.00658241519704, -0.00503222178668, 0.00755770877004, -0.00531393941492, 0.00618681916967, -0.00473627168685, 0.00606563361362, -0.00715316087008, 0.00278811831959], [-0.000946471351199, 0.00408478919417, -0.00423479545861, 0.00756605807692, -0.00592757854611, 0.00223561469465, -0.00201479415409, 0.00417313585058, -0.00301873474382, 0.00146729126573, -0.00110646837857, 0.00509038288146, -0.00290005188435], [0.00191407115199, -0.00551759591326, 0.00658241519704, -0.00592757854611, 0.0130511140451, -0.0075091351755, 0.00890944804996, -0.00761439278722, 0.00361811881885, -0.000350353395334, 0.00354309659451, -0.00844596233219, 0.00423464505002], [-0.00146619963925, 0.00660479441285, -0.00503222178668, 0.00223561469465, -0.0075091351755, 0.0155602460727, -0.0114568034187, 0.00362239987589, -0.00128152547404, 0.000638111261651, 4.21341979973e-07, 0.00672165630385, 0.000679723045323], [0.0017234813422, -0.00697533041239, 0.00755770877004, -0.00201479415409, 0.00890944804996, -0.0114568034187, 0.0194881055504, -0.0105243669823, 0.00814802572131, -0.00525628356263, 0.00467067444697, -0.00963384192437, 0.00569733511657], [-0.000928898574784, 0.00628583272919, -0.00531393941492, 0.00417313585058, -0.00761439278722, 0.00362239987589, -0.0105243669823, 0.0217570848763, -0.010222687386, 0.00677855731919, -0.00655539194122, 0.00745577085763, -0.000470859231427], [0.000673584407195, -0.00416518095881, 0.00618681916967, -0.00301873474382, 0.00361811881885, -0.00128152547404, 0.00814802572131, -0.010222687386, 0.0208553671837, -0.0113525893539, 0.00649620313197, -0.00196796935052, -0.000514760846272], [0.000586011679843, 0.00553802121431, -0.00473627168685, 0.00146729126573, -0.000350353395334, 0.000638111261651, -0.00525628356263, 0.00677855731919, -0.0113525893539, 0.0243235919625, -0.00804211664945, 0.00515560572967, 0.000622660794761], [0.000603308493737, -0.00437840260565, 0.00606563361362, -0.00110646837857, 0.00354309659451, 4.21341979973e-07, 0.00467067444697, -0.00655539194122, 0.00649620313197, -0.00804211664945, 0.0232594534755, -0.0131724607199, 0.00387727189809], [-0.000187658122741, 0.00795681308955, -0.00715316087008, 0.00509038288146, -0.00844596233219, 0.00672165630385, -0.00963384192437, 0.00745577085763, -0.00196796935052, 0.00515560572967, -0.0131724607199, 0.032241281122, -0.0144064873457], [0.000356911798008, -0.00178255164064, 0.00278811831959, -0.00290005188435, 0.00423464505002, 0.000679723045323, 0.00569733511657, -0.000470859231427, -0.000514760846272, 0.000622660794761, 0.00387727189809, -0.0144064873457, 0.0258240718395]]
    },
    "melbands": {
        "max": [0.00170644186437, 0.00322865950875, 0.00858188886195, 0.0469659566879, 0.0151446191594, 0.00881673209369, 0.00585007574409, 0.00802400801331, 0.0125310122967, 0.00809260644019, 0.00485503813252, 0.00255460827611, 0.00508889229968, 0.00475342012942, 0.00365891121328, 0.00363991921768, 0.000873590179253, 0.000681740755681, 0.00137051218189, 0.00155688822269, 0.000642118451651, 0.000506658456288, 0.00115889613517, 0.000803199887741, 0.000313036813168, 0.00017108854081, 0.000147777434904, 0.000131635199068, 0.000114421687613, 0.000209271311178, 0.00018897082191, 0.000192391322344, 0.000210893849726, 0.000166939105839, 6.73693648423e-05, 6.52753878967e-05, 5.54269608983e-05, 5.2727311413e-05, 7.09822052158e-05, 7.6556847489e-05],
        "mean": [6.20753417024e-05, 0.000176281871973, 0.000302885426208, 0.00068281480344, 0.00078524579294, 0.00048350560246, 0.000192659455934, 0.000344862055499, 0.000449948216556, 0.000342263723724, 0.000316792516969, 0.000127062550746, 0.000263555790298, 0.000215197564103, 0.000237930362346, 0.00018894324603, 5.17716471222e-05, 4.01913566748e-05, 4.71518142149e-05, 8.90031733434e-05, 5.70180527575e-05, 3.70738671336e-05, 3.42342791555e-05, 2.76074733847e-05, 2.24327359319e-05, 1.31996266646e-05, 1.05311819425e-05, 9.05631986825e-06, 6.89993157721e-06, 6.81143410475e-06, 7.2564025686e-06, 5.89735327594e-06, 5.03431874677e-06, 5.82631446377e-06, 4.3886725507e-06, 3.63646267942e-06, 3.04150125885e-06, 2.52718882621e-06, 2.36220785155e-06, 2.09017616726e-06],
        "min": [1.57321119332e-06, 4.35336687588e-07, 1.60599768151e-07, 7.40051149251e-08, 1.87254215689e-07, 1.76699032295e-07, 1.23699649635e-07, 1.13479075026e-07, 3.82408877897e-08, 8.64275691015e-08, 7.51404556354e-08, 5.46956258063e-08, 1.52662039454e-07, 1.09228132317e-07, 7.2982871302e-08, 2.73734137579e-08, 2.40814905794e-08, 2.42642173021e-08, 1.16583560583e-08, 1.38123192883e-08, 1.18711396269e-08, 2.2145602685e-08, 1.75912049372e-08, 1.97205949348e-08, 1.10986864144e-08, 1.12606732827e-08, 1.47029100006e-08, 1.10817079957e-08, 1.4880841448e-08, 1.46962868541e-08, 1.32298128008e-08, 1.01725747825e-08, 1.04164916692e-08, 9.73537517268e-09, 5.84912385193e-09, 1.33889308529e-08, 1.42593785668e-08, 1.10047944091e-08, 1.17607292793e-08, 1.21419576615e-08],
        "stdev": [8.35300888866e-05, 0.000309655617457, 0.000614692107774, 0.00186900782865, 0.0012610728154, 0.00093176640803, 0.000352698232746, 0.000706978782546, 0.000938591896556, 0.000577638158575, 0.00065094983438, 0.000229590717936, 0.000362199905794, 0.000349997135345, 0.000335114222253, 0.000300326850265, 7.39366005291e-05, 5.47429226572e-05, 0.000116127732326, 0.000150521736941, 7.91055135778e-05, 5.94722696405e-05, 8.46022667247e-05, 5.55579463253e-05, 2.96400194202e-05, 1.47253249452e-05, 1.38602326842e-05, 1.09768461698e-05, 9.96984999801e-06, 1.1576327779e-05, 1.21523498819e-05, 1.00041088444e-05, 9.44047587836e-06, 1.07409496195e-05, 6.42479380986e-06, 5.77037644689e-06, 4.90582715429e-06, 4.36695472672e-06, 4.36450727648e-06, 4.91208174935e-06]
    },
    "melbands128": {
        "max": [0.000481122377096, 0.000630124472082, 0.00206477567554, 0.00448136264458, 0.00511095998809, 0.00550073292106, 0.0052738878876, 0.0102416770533, 0.0274996198714, 0.0638155341148, 0.0726650059223, 0.0328755490482, 0.0181326456368, 0.0140383373946, 0.0169364847243, 0.0170715712011, 0.0126900784671, 0.00537445861846, 0.00688189454377, 0.00889744237065, 0.0130031602457, 0.0103546399623, 0.0246400944889, 0.00552102690563, 0.0121248979121, 0.0099912295118, 0.0149984303862, 0.00681059528142, 0.00759682618082, 0.003757301718, 0.00539777800441, 0.00368804601021, 0.00979054532945, 0.00615375954658, 0.00746107567102, 0.00676471181214, 0.00825362280011, 0.00478387298062, 0.00714068533853, 0.00992343947291, 0.00163799757138, 0.00177494855598, 0.00136718538124, 0.00243467325345, 0.00154513469897, 0.00095828488702, 0.0011868813308, 0.00287821236998, 0.00255716312677, 0.00508887320757, 0.00228696665727, 0.00196854188107, 0.00137893599458, 0.000981090124696, 0.00110669410788, 0.000952838396188, 0.00156605197117, 0.00186263571959, 0.00293656857684, 0.00154601794202, 0.00189381465316, 0.000999891315587, 0.000673570903018, 0.000332844181685, 0.000289906922262, 0.000198358946363, 0.000296021695249, 0.000312562886393, 0.000177442503627, 0.000136450558784, 0.000198427369469, 0.000129680309328, 0.000139265277539, 0.000136828180985, 0.00017204399046, 0.00031397442217, 0.000259303604253, 0.000229048091569, 0.000181658950169, 0.000212648694287, 0.000243852642598, 0.000146734091686, 0.000189216647414, 0.000254778453382, 0.000200788272195, 0.000179690207005, 0.000220601155888, 8.61364824232e-05, 8.07132819318e-05, 9.54192364588e-05, 9.66205916484e-05, 6.53903844068e-05, 6.07008769293e-05, 7.41629410186e-05, 7.75996450102e-05, 6.67307540425e-05, 6.32142618997e-05, 5.5004569731e-05, 5.83699657e-05, 0.00010166123684, 8.17041509436e-05, 8.51962322486e-05, 8.16247265902e-05, 5.78527324251e-05, 4.09304157074e-05, 4.20876822318e-05, 3.18778911605e-05, 1.98048928723e-05, 1.42173976201e-05, 3.05886737806e-06, 1.86647525879e-06, 3.52273332282e-07, 2.39821446257e-07, 1.58648258974e-08, 3.3540534794e-09, 1.53597223829e-08, 2.2022351942e-08, 3.091540135e-09, 3.00506552975e-09, 2.92072788177e-09, 2.86354850942e-09, 2.79003575798e-09, 2.72620415132e-09, 2.68337352338e-09, 2.63753285878e-09, 2.62442356735e-09, 2.57317189778e-09, 2.5373729784e-09],
        "mean": [4.38325514551e-05, 4.31650187238e-05, 5.58907595405e-05, 0.000122489829664, 0.00019341908046, 0.000207001939998, 0.000204301162739, 0.000278465944575, 0.000517344858963, 0.000666689942591, 0.000828078656923, 0.000838860752992, 0.000809742778074, 0.000686315470375, 0.000555330596399, 0.000328364578309, 0.000231973390328, 0.000158124559675, 0.000139038733323, 0.000326891080476, 0.000465806951979, 0.000369285640772, 0.000571711570956, 0.000282234599581, 0.000490041915327, 0.00019779719878, 0.000385884486604, 0.000418170704506, 0.000188072255696, 0.000129052088596, 0.000115400995128, 7.99304179964e-05, 0.000261473032879, 0.000452339387266, 0.000225478899665, 0.000131261214847, 0.00021446122264, 0.000118997006211, 0.000350894086296, 0.000415740592871, 5.03922638018e-05, 5.76960737817e-05, 4.77086214232e-05, 6.29926798865e-05, 3.22516716551e-05, 3.12956908601e-05, 5.44571157661e-05, 4.24925310654e-05, 3.60867998097e-05, 7.47207013774e-05, 9.08771471586e-05, 0.00013085801038, 4.13662528445e-05, 3.62062164641e-05, 5.76322127017e-05, 3.67952270608e-05, 1.82383719221e-05, 3.98901538574e-05, 3.95464048779e-05, 2.34738163272e-05, 3.06329784507e-05, 2.77456820186e-05, 2.29388551816e-05, 2.29117049457e-05, 1.56815804075e-05, 1.04994733192e-05, 1.34785195769e-05, 1.54693643708e-05, 7.5305692917e-06, 7.43568853068e-06, 1.00825309346e-05, 9.66164043348e-06, 7.48444017518e-06, 6.7687496994e-06, 5.54414691578e-06, 6.08235222899e-06, 8.9160657808e-06, 5.53942572878e-06, 6.24391850579e-06, 1.07046571429e-05, 5.01945396536e-06, 4.94644746141e-06, 4.77388175568e-06, 4.19032448917e-06, 5.39564734936e-06, 8.27285930427e-06, 4.95289077662e-06, 4.04930369768e-06, 4.51131518275e-06, 4.22401581091e-06, 4.35242372987e-06, 3.27828502122e-06, 2.88593560072e-06, 3.08509515889e-06, 3.14484395858e-06, 2.81062511931e-06, 2.38840311795e-06, 2.11812516682e-06, 2.50971652349e-06, 2.41201564677e-06, 1.9899448489e-06, 2.08691790249e-06, 2.17645424527e-06, 1.71506690094e-06, 1.39778933317e-06, 1.19884396099e-06, 9.50787580223e-07, 6.27503766282e-07, 4.17258235075e-07, 1.99259517331e-07, 7.21837878359e-08, 1.6385824253e-08, 2.01600247607e-09, 5.02540058178e-11, 7.05366104067e-12, 1.62821839345e-11, 2.03000550397e-11, 6.35774289118e-12, 6.17645951745e-12, 6.0251109657e-12, 5.89335568194e-12, 5.7779961371e-12, 5.64489861105e-12, 5.52502271364e-12, 5.46281466243e-12, 5.42598908512e-12, 5.36622439193e-12, 5.30995733494e-12],
        "min": [4.56607374133e-08, 5.8104802747e-07, 6.71940540542e-07, 1.2996208909e-07, 1.19915966934e-07, 5.74723912905e-08, 3.53886662197e-08, 2.74178670878e-08, 5.42705080875e-08, 2.45714595337e-08, 2.33011085982e-08, 7.09952416855e-08, 1.54140167297e-07, 9.56333252589e-08, 2.89031447664e-08, 2.27798189201e-08, 1.63299098688e-08, 6.92347645881e-09, 4.53937296641e-08, 7.13169328037e-08, 4.10521003857e-08, 1.11761302435e-08, 9.59803259093e-09, 2.31047518895e-08, 4.45934134063e-08, 3.66035024513e-08, 5.94145443955e-09, 3.89502012865e-08, 3.95977188816e-08, 4.61202240842e-08, 1.18647127678e-08, 5.64710518347e-08, 7.18665518207e-08, 1.15050042382e-07, 3.47741071494e-08, 5.5746536276e-09, 1.4362708356e-08, 1.27999992827e-08, 2.53722394206e-08, 2.76542309052e-08, 1.22027969951e-08, 1.43531426744e-08, 1.02191428653e-08, 1.33964652704e-08, 1.22678205372e-08, 1.58683093332e-08, 2.22667106975e-09, 3.57417673236e-09, 4.44260317423e-09, 8.87496298674e-09, 7.34496019561e-09, 6.97532520633e-09, 1.10909219586e-08, 4.5415249339e-09, 1.4078229249e-08, 1.01675876607e-08, 6.18906659255e-09, 9.59458823502e-09, 5.36090105641e-09, 1.10101359141e-08, 1.27849411058e-08, 1.35212436803e-08, 6.41110853294e-09, 8.54660608951e-09, 7.0104042571e-09, 3.04979175247e-09, 3.86949139397e-09, 6.66017374584e-09, 7.2904318138e-09, 8.06951128141e-09, 5.73941960624e-09, 5.91343951584e-09, 1.30396804465e-09, 1.05199502443e-08, 7.56322915407e-09, 7.42125028097e-09, 1.08703597235e-08, 7.98002020019e-09, 5.89302207032e-09, 7.58449925087e-09, 6.81385747825e-09, 8.49334380604e-09, 9.0138856379e-09, 7.65128227442e-09, 6.68416433314e-09, 5.54948176301e-09, 1.21535137509e-09, 2.99803804005e-09, 3.23612492359e-09, 4.45246106651e-09, 6.70626665311e-09, 5.84892800859e-09, 1.25963577347e-08, 1.0910868653e-08, 7.09059611026e-09, 7.53011697441e-09, 3.35679017915e-09, 5.52698642409e-09, 8.45229752855e-09, 9.15671716228e-09, 4.83994622158e-09, 7.92772958391e-09, 7.54842144346e-09, 5.7615228144e-09, 1.06881801187e-08, 8.60865689845e-09, 7.76282771398e-09, 6.3432179509e-09, 2.97638580449e-09, 7.19272585936e-10, 8.71609989045e-12, 6.16953265819e-13, 4.74129091023e-13, 3.123618985e-13, 2.98349398572e-13, 2.35373054597e-13, 3.27031533364e-13, 2.85234455413e-13, 2.2079693217e-13, 3.07578317199e-13, 2.83946233496e-13, 3.44113843323e-13, 3.32844429102e-13, 2.96885075118e-13, 3.38324176617e-13, 3.66349013842e-13, 3.02783433092e-13, 3.48470167652e-13],
        "stdev": [3.89209890272e-05, 5.06381511514e-05, 9.38219891395e-05, 0.000262534769718, 0.000404788966989, 0.000412771187257, 0.000415062211687, 0.000694213260431, 0.00160998746287, 0.00241663609631, 0.00299031683244, 0.00182127999142, 0.00162345543504, 0.00145248428453, 0.00145117705688, 0.000868040195201, 0.000585480593145, 0.000416263414081, 0.000361237180186, 0.000876237521879, 0.00123293581419, 0.000861809006892, 0.00176595663652, 0.000503265357111, 0.00107619434129, 0.000485103402752, 0.00148605403956, 0.000889978953637, 0.000473599822726, 0.000298469618428, 0.000363078375813, 0.000170771279954, 0.000541578221601, 0.000851143908221, 0.000513578765094, 0.000417281204136, 0.000631035189144, 0.00033226585947, 0.00066484924173, 0.000809344812296, 0.000109871572931, 0.000146490332554, 9.90708431345e-05, 0.000129241627292, 6.77837015246e-05, 6.54735122225e-05, 0.000104026730696, 0.00018254762108, 0.000139471609145, 0.000291146512609, 0.000184687552974, 0.000248352182098, 9.92905115709e-05, 7.54660868552e-05, 0.000103461439721, 7.71489139879e-05, 6.90840242896e-05, 0.000110048531496, 0.000131582899485, 7.53506610636e-05, 9.5322051493e-05, 6.28538036835e-05, 3.99780801672e-05, 3.97633993998e-05, 2.39937890001e-05, 1.60578892974e-05, 2.08026667678e-05, 2.59123789874e-05, 1.26466811707e-05, 1.04542104964e-05, 1.41239361255e-05, 1.44729419844e-05, 1.25984306578e-05, 1.20752902149e-05, 1.01402501969e-05, 1.18216721603e-05, 1.77118672582e-05, 1.15806724352e-05, 1.12935449579e-05, 2.18917448365e-05, 1.05873778011e-05, 8.7097469077e-06, 9.01034945855e-06, 9.71676672634e-06, 1.14903550639e-05, 1.83867578016e-05, 1.02997846625e-05, 6.55168969388e-06, 7.03114801581e-06, 7.20173375157e-06, 7.70310271037e-06, 5.98898759563e-06, 5.09434039486e-06, 5.60933904126e-06, 5.25748691871e-06, 5.01068461745e-06, 4.67413110528e-06, 4.02141949962e-06, 4.51530104328e-06, 5.10281097377e-06, 5.01885870108e-06, 5.45093689652e-06, 5.32900685357e-06, 3.66771746485e-06, 2.95183372145e-06, 2.34280651057e-06, 1.95851612261e-06, 1.12436816835e-06, 8.34452237086e-07, 3.21883362631e-07, 1.27493592572e-07, 3.25659428313e-08, 1.3005070798e-08, 5.74661429553e-10, 7.96106028322e-11, 3.73213238092e-10, 5.29438992647e-10, 7.33431163025e-11, 7.12824729798e-11, 6.92762167076e-11, 6.79154579797e-11, 6.6169791868e-11, 6.4653511711e-11, 6.36358465922e-11, 6.25484039563e-11, 6.22321569277e-11, 6.10194950124e-11, 6.01735120065e-11]
    },
    "mfcc": {
        "mean": [-618.355957031, 95.6940536499, -9.80634593964, -1.46676051617, -7.00594758987, -2.61636447906, -4.41502523422, -0.20956069231, -9.0497303009, -8.81985759735, -5.71420860291, -1.03396892548, -2.29187107086],
        "cov": [[5654.13867188, -1233.92053223, -906.826721191, -278.63961792, -29.4529418945, 60.622756958, -86.8837051392, 130.291976929, 144.628051758, 225.324081421, 34.7382240295, -60.3976173401, 57.5723266602], [-1233.92053223, 930.645019531, 249.625686646, 4.36457681656, -118.462043762, -158.134338379, -11.558962822, -58.4382362366, -110.154968262, -125.03301239, -22.2961616516, 5.02592945099, -61.8276481628], [-906.826721191, 249.625686646, 758.616394043, 142.94770813, -4.03569793701, 17.1033229828, -47.1441574097, -147.443649292, -6.18948030472, -74.8248672485, -92.4977416992, -55.5092353821, 29.9722537994], [-278.63961792, 4.36457681656, 142.94770813, 252.341873169, 157.056747437, 1.06876313686, -75.3610916138, -65.7316589355, -2.50378346443, -31.9351234436, -62.4792823792, -35.9296760559, 5.48667955399], [-29.4529418945, -118.462043762, -4.03569793701, 157.056747437, 302.623535156, 32.9430046082, -66.799987793, -17.1010494232, 17.5964012146, 20.3765640259, -50.4357147217, -36.1272850037, 8.15094089508], [60.622756958, -158.134338379, 17.1033229828, 1.06876313686, 32.9430046082, 153.914337158, 58.3295974731, 20.3320045471, 48.1250953674, 20.029750824, 18.042181015, 7.80077981949, 13.9975862503], [-86.8837051392, -11.558962822, -47.1441574097, -75.3610916138, -66.799987793, 58.3295974731, 194.29888916, 93.3207473755, 1.25987648964, 7.1267747879, 41.0082511902, 28.6421871185, 4.52275180817], [130.291976929, -58.4382362366, -147.443649292, -65.7316589355, -17.1010494232, 20.3320045471, 93.3207473755, 134.476333618, 23.5626354218, 17.5521659851, 38.1316795349, 27.0722408295, -9.29042816162], [144.628051758, -110.154968262, -6.18948030472, -2.50378346443, 17.5964012146, 48.1250953674, 1.25987648964, 23.5626354218, 96.9931793213, 39.4064788818, 7.96584367752, -3.82378649712, 12.1241416931], [225.324081421, -125.03301239, -74.8248672485, -31.9351234436, 20.3765640259, 20.029750824, 7.1267747879, 17.5521659851, 39.4064788818, 115.616493225, 39.9510917664, -4.9109454155, 11.1967630386], [34.7382240295, -22.2961616516, -92.4977416992, -62.4792823792, -50.4357147217, 18.042181015, 41.0082511902, 38.1316795349, 7.96584367752, 39.9510917664, 102.537948608, 40.0471115112, -19.9315948486], [-60.3976173401, 5.02592945099, -55.5092353821, -35.9296760559, -36.1272850037, 7.80077981949, 28.6421871185, 27.0722408295, -3.82378649712, -4.9109454155, 40.0471115112, 70.177772522, 4.58803415298], [57.5723266602, -61.8276481628, 29.9722537994, 5.48667955399, 8.15094089508, 13.9975862503, 4.52275180817, -9.29042816162, 12.1241416931, 11.1967630386, -19.9315948486, 4.58803415298, 74.2091827393]],
        "icov": [[0.000336472701747, 0.00038383048377, 0.000294708821457, 0.000257915031398, 0.000217241089558, 5.2390172641e-05, 0.000323048327118, -6.2647734012e-05, -5.63011708437e-05, -4.76668137708e-05, 0.000182316100108, 0.000522168003954, -0.000107548265078], [0.00038383048377, 0.00230371626094, -0.000323485786794, 0.000468311453005, 0.000330296868924, 0.00186145224143, -0.000245014409302, 0.000291243253741, 0.000438347051386, 0.00104090000968, -0.000106350540591, 0.000184670803719, 0.00111294863746], [0.000294708821457, -0.000323485786794, 0.00259717833251, -0.000731718842871, 0.000800489913672, -0.000883623433765, -0.000372273119865, 0.00209023989737, -0.000956328527536, 0.000457756803371, 0.000829316442832, 0.00137825380079, -0.000905196066014], [0.000257915031398, 0.000468311453005, -0.000731718842871, 0.00810173060745, -0.00382169685327, 0.000624726293609, 0.000467097619548, 0.00179760402534, -0.000644503219519, 0.00208983267657, 0.000475144363008, 0.000659511715639, 0.000261940789642], [0.000217241089558, 0.000330296868924, 0.000800489913672, -0.00382169685327, 0.00668964348733, -0.00222541205585, 0.00228413427249, -0.0022381413728, 0.0012205602834, -0.00246131140739, 0.00252739829011, 0.000905929307919, 0.0001262526348], [5.2390172641e-05, 0.00186145224143, -0.000883623433765, 0.000624726293609, -0.00222541205585, 0.0120629752055, -0.00509063946083, 0.00298105319962, -0.00499227037653, 0.00211864802986, -0.00235744309612, -0.000829948519822, 0.000387557753129], [0.000323048327118, -0.000245014409302, -0.000372273119865, 0.000467097619548, 0.00228413427249, -0.00509063946083, 0.0117772109807, -0.00849907938391, 0.00395969161764, -0.00087465334218, -0.000538415333722, 0.0010553781176, -0.00213621929288], [-6.2647734012e-05, 0.000291243253741, 0.00209023989737, 0.00179760402534, -0.0022381413728, 0.00298105319962, -0.00849907938391, 0.0175005123019, -0.00569721264765, 0.00187000422738, -0.000628144945949, -0.00224008597434, 0.00232500815764], [-5.63011708437e-05, 0.000438347051386, -0.000956328527536, -0.000644503219519, 0.0012205602834, -0.00499227037653, 0.00395969161764, -0.00569721264765, 0.01640621759, -0.0047440957278, 0.000982187688351, 0.000668566848617, -0.00104633939918], [-4.76668137708e-05, 0.00104090000968, 0.000457756803371, 0.00208983267657, -0.00246131140739, 0.00211864802986, -0.00087465334218, 0.00187000422738, -0.0047440957278, 0.0157147496939, -0.00854157842696, 0.00539381615818, -0.00350065925159], [0.000182316100108, -0.000106350540591, 0.000829316442832, 0.000475144363008, 0.00252739829011, -0.00235744309612, -0.000538415333722, -0.000628144945949, 0.000982187688351, -0.00854157842696, 0.0213773809373, -0.0101130027324, 0.00701632816344], [0.000522168003954, 0.000184670803719, 0.00137825380079, 0.000659511715639, 0.000905929307919, -0.000829948519822, 0.0010553781176, -0.00224008597434, 0.000668566848617, 0.00539381615818, -0.0101130027324, 0.0236989855766, -0.00624886481091], [-0.000107548265078, 0.00111294863746, -0.000905196066014, 0.000261940789642, 0.0001262526348, 0.000387557753129, -0.00213621929288, 0.00232500815764, -0.00104633939918, -0.00350065925159, 0.00701632816344, -0.00624886481091, 0.0181366093457]]
    },
    "spectral_contrast_coeffs": {
        "max": [-0.301638543606, -0.429201006889, -0.450397640467, -0.514276087284, -0.513858616352, -0.638746321201],
        "mean": [-0.642105102539, -0.720208644867, -0.723244607449, -0.754547536373, -0.775908648968, -0.780769228935],
        "min": [-0.944267213345, -0.939627826214, -0.921720087528, -0.912716031075, -0.902937114239, -0.876568853855],
        "stdev": [0.101921461523, 0.0874131843448, 0.0848021060228, 0.0653600171208, 0.0535658299923, 0.0375121533871]
    },
    "spectral_contrast_valleys": {
        "max": [-5.6791973114, -4.98955011368, -5.67941904068, -5.95138025284, -5.48640632629, -7.36682701111],
        "mean": [-7.42324018478, -6.72308349609, -7.20888185501, -7.45658922195, -7.41441202164, -9.53946876526],
        "min": [-9.7949552536, -9.47872257233, -9.91827583313, -10.2187776566, -9.81023979187, -11.4979772568],
        "stdev": [0.725608468056, 0.763457894325, 0.716927170753, 0.854125797749, 0.850673794746, 0.859966933727]
    }
},
"rhythm": {
    "beats_count": 82,
    "beats_loudness": {
        "max": 0.0760333389044,
        "mean": 0.028005739674,
        "min": 0.000145708458149,
        "stdev": 0.0122356088832
    },
    "bpm": 136.931549072,
    "bpm_histogram_first_peak_bpm": 136,
    "bpm_histogram_first_peak_weight": 0.392857193947,
    "bpm_histogram_second_peak_bpm": 96,
    "bpm_histogram_second_peak_spread": 0.481481432915,
    "bpm_histogram_second_peak_weight": 0.172839507461,
    "danceability": 1.01164388657,
    "onset_rate": 2.75200128555,
    "beats_loudness_band_ratio": {
        "max": [0.544930696487, 0.920415997505, 0.740866243839, 0.844521224499, 0.786492466927, 0.64409583807],
        "mean": [0.0858202055097, 0.261874467134, 0.225209698081, 0.25139272213, 0.13605093956, 0.0957883298397],
        "min": [0.0017134671798, 0.003981041722, 0.016606234014, 0.00337471044622, 0.00116309744772, 0.000968472857494],
        "stdev": [0.110756516457, 0.248705402017, 0.17266869545, 0.190889403224, 0.128217890859, 0.117747761309]
    },
