{
"metadata": {
    "version": {
        "essentia": "2.1-beta5",
        "essentia_git_sha": "Undefined",
        "extractor": "music 2.0"
    },
    "audio_properties": {
        "analysis": {
            "equal_loudness": 0,
            "length": 12.7477550507,
            "sample_rate": 44100,
            "start_time": 0,
            "downmix": "mix"
        },
        "bit_rate": 192000,
        "length": 175.879562378,
        "lossless": 0,
        "number_channels": 2,
        "replay_gain": -14.2067184448,
        "sample_rate": 48000,
        "codec": "mp3",
        "md5_encoded": "aee29eea12ee9764fe33c447b152912f"
    },
    "tags": {
        "file_name": "Luxembourg_Après Toi_Vicky Leandros.mp3",
        "encoding": ["Lavf58.29.100"]
    }
},
"lowlevel": {
    "average_loudness": 0.963594555855,
    "barkbands_crest": {
        "max": 26.905418396,
        "mean": 9.02890586853,
        "min": 2.87391495705,
        "stdev": 4.24598789215
    },
    "barkbands_flatness_db": {
        "max": 0.811107873917,
        "mean": 0.124092310667,
        "min": 0.04453343153,
        "stdev": 0.0603267587721
    },
    "barkbands_kurtosis": {
        "max": 36126.4375,
        "mean": 85.8706359863,
        "min": -1.397544384,
        "stdev": 1578.41918945
    },
    "barkbands_skewness": {
        "max": 121.347076416,
        "mean": 1.53056252003,
        "min": -2.11560821533,
        "stdev": 5.94034385681
    },
    "barkbands_spread": {
        "max": 42.8797073364,
        "mean": 18.577205658,
        "min": 0.00550697464496,
        "stdev": 7.49686670303
    },
    "dissonance": {
        "max": 0.499738037586,
        "mean": 0.45849686861,
        "min": 0.32751250267,
        "stdev": 0.0333618111908
    },
    "dynamic_complexity": 2.33758831024,
    "erbbands_crest": {
        "max": 33.6561164856,
        "mean": 8.83496189117,
        "min": 2.76003861427,
        "stdev": 3.48118424416
    },
    "erbbands_flatness_db": {
        "max": 0.248469382524,
        "mean": 0.158204182982,
        "min": 0.0746841728687,
        "stdev": 0.0324452854693
    },
    "erbbands_kurtosis": {
        "max": 18.5949745178,
        "mean": 0.932726264,
        "min": -1.73652088642,
        "stdev": 1.68464016914
    },
    "erbbands_skewness": {
        "max": 4.37380075455,
        "mean": 0.412595301867,
        "min": -1.11373949051,
        "stdev": 0.710878431797
    },
    "erbbands_spread": {
        "max": 138.96673584,
        "mean": 29.6117286682,
        "min": 5.98004722595,
        "stdev": 15.7836904526
    },
    "hfc": {
        "max": 82.5646133423,
        "mean": 22.9284954071,
        "min": 1.08836520707e-16,
        "stdev": 16.2997875214
    },
    "loudness_ebu128": {
        "integrated": -9.00862884521,
        "loudness_range": 3.45204353333,
        "momentary": {
            "max": -6.29685783386,
            "mean": -9.7113866806,
            "min": -20.2697048187,
            "stdev": 2.71374297142
        },
        "short_term": {
            "max": -7.29556655884,
            "mean": -9.054936409,
            "min": -11.3414993286,
            "stdev": 1.12793171406
        }
    },
    "melbands_crest": {
        "max": 39.9983291626,
        "mean": 12.2493057251,
        "min": 1.00264525414,
        "stdev": 6.03613090515
    },
    "melbands_flatness_db": {
        "max": 0.812292098999,
        "mean": 0.190445914865,
        "min": 3.8397621438e-07,
        "stdev": 0.0816465243697
    },
    "melbands_kurtosis": {
        "max": 307372.75,
        "mean": 576.18347168,
        "min": -1.37943255901,
        "stdev": 13094.515625
    },
    "melbands_skewness": {
        "max": 509.126281738,
        "mean": 2.9367954731,
        "min": -1.10843861103,
        "stdev": 21.7189121246
    },
    "melbands_spread": {
        "max": 159.661941528,
        "mean": 27.1161422729,
        "min": 0.00239893677644,
        "stdev": 22.1064224243
    },
    "pitch_salience": {
        "max": 0.997653007507,
        "mean": 0.546846151352,
        "min": 0.0015229312703,
        "stdev": 0.132477536798
    },
    "silence_rate_20dB": {
        "max": 1,
        "mean": 1,
        "min": 1,
        "stdev": 0
    },
    "silence_rate_30dB": {
        "max": 1,
        "mean": 1,
        "min": 1,
        "stdev": 0
    },
    "silence_rate_60dB": {
        "max": 1,
        "mean": 0.0545454546809,
        "min": 0,
        "stdev": 0.227091401815
    },
    "spectral_centroid": {
        "max": 11830.9433594,
        "mean": 1398.28540039,
        "min": 283.384735107,
        "stdev": 1411.9263916
    },
    "spectral_complexity": {
        "max": 41,
        "mean": 20.7054538727,
        "min": 0,
        "stdev": 10.0210990906
    },
    "spectral_decrease": {
        "max": 1.32996921943e-28,
        "mean": -8.04965871737e-09,
        "min": -2.02619805378e-08,
        "stdev": 4.50862946977e-09
    },
    "spectral_energy": {
        "max": 0.0773588642478,
        "mean": 0.0324609540403,
        "min": 1.0448416393e-20,
        "stdev": 0.0177249405533
    },
    "spectral_energyband_high": {
        "max": 0.00270934845321,
        "mean": 0.000442263146397,
        "min": 7.39882604111e-21,
        "stdev": 0.000422757846536
    },
    "spectral_energyband_low": {
        "max": 0.0690441578627,
        "mean": 0.0116076953709,
        "min": 4.67114992012e-23,
        "stdev": 0.0135055687279
    },
    "spectral_energyband_middle_high": {
        "max": 0.0416187904775,
        "mean": 0.00862202700227,
        "min": 1.23375614047e-21,
        "stdev": 0.00818153005093
    },
    "spectral_energyband_middle_low": {
        "max": 0.0494908317924,
        "mean": 0.0122381970286,
        "min": 2.1038406636e-22,
        "stdev": 0.00913018453866
    },
    "spectral_entropy": {
        "max": 9.8128900528,
        "mean": 7.43291282654,
        "min": 6.50810194016,
        "stdev": 0.428031206131
    },
    "spectral_flux": {
        "max": 0.178947418928,
        "mean": 0.0683323144913,
        "min": 6.4277187739e-11,
        "stdev": 0.0323412083089
    },
    "spectral_kurtosis": {
        "max": 18.306098938,
        "mean": 5.7182135582,
        "min": -1.24458563328,
        "stdev": 2.74821352959
    },
    "spectral_rms": {
        "max": 0.00868746545166,
        "mean": 0.00530325993896,
        "min": 3.19273817453e-12,
        "stdev": 0.00188272539526
    },
    "spectral_rolloff": {
        "max": 19595.2148438,
        "mean": 1657.31262207,
        "min": 21.533203125,
        "stdev": 2614.56274414
    },
    "spectral_skewness": {
        "max": 2.98209524155,
        "mean": 1.85203659534,
        "min": -0.0704060867429,
        "stdev": 0.397233694792
    },
    "spectral_spread": {
        "max": 42135372,
        "mean": 4916172,
        "min": 2174177.75,
        "stdev": 5128754.5
    },
    "spectral_strongpeak": {
        "max": 8.41983509064,
        "mean": 1.28774738312,
        "min": 0,
        "stdev": 1.51336443424
    },
    "zerocrossingrate": {
        "max": 0.578125,
        "mean": 0.0648668333888,
        "min": 0,
        "stdev": 0.0701317414641
    },
    "barkbands": {
        "max": [0.00107405590825, 0.0558047220111, 0.0130748245865, 0.00945623964071, 0.0353702232242, 0.015310020186, 0.0193633101881, 0.0203011333942, 0.0189526118338, 0.0102638527751, 0.00935303419828, 0.010396188125, 0.0144360736012, 0.0161482319236, 0.0246222410351, 0.00828184001148, 0.0118123209104, 0.00391144026071, 0.00210435618646, 0.0006948261871, 0.00110635452438, 0.000512684229761, 0.00168558408041, 0.00128676125314, 0.000441231561126, 1.77493075171e-05, 1.83488173207e-05],
        "mean": [0.00014156983525, 0.008634891361, 0.00258758128621, 0.00110433041118, 0.00322931585833, 0.00127822242212, 0.00139793986455, 0.00260086031631, 0.00226940447465, 0.00133614160586, 0.000906076806132, 0.0008576020482, 0.00108568381984, 0.00116613612045, 0.00146405491978, 0.00062528840499, 0.000723756616935, 0.000355148658855, 0.000217818800593, 0.000126374317915, 8.25737588457e-05, 5.64845759072e-05, 8.25777751743e-05, 0.000101721518149, 1.83157735592e-05, 5.57399744139e-06, 5.51481343791e-06],
        "min": [1.27341989954e-24, 4.70168120374e-24, 2.76706294256e-24, 3.12921517908e-24, 2.2827417898e-23, 1.65169329752e-23, 1.9257140726e-23, 1.72451304769e-23, 2.39726088518e-23, 5.6956426311e-23, 3.38761548271e-23, 2.50943627481e-23, 6.22147774677e-23, 5.62903121626e-23, 3.86494322577e-23, 8.44211993279e-23, 8.25521732733e-23, 1.25015861604e-22, 1.85863366418e-22, 1.94379214553e-22, 2.48554193043e-22, 3.55261022177e-22, 4.73254444002e-22, 6.30151077794e-22, 9.63143175083e-22, 1.32970575938e-21, 1.90887516762e-21],
        "stdev": [0.000179091555765, 0.0106299305335, 0.00294123217463, 0.0015572643606, 0.00464475201443, 0.00184034660924, 0.00192922842689, 0.00341162644327, 0.00276245037094, 0.00159519643057, 0.00118181703147, 0.00150988716632, 0.00176781939808, 0.00175811583176, 0.00241259019822, 0.000862494402099, 0.00119352550246, 0.000439940253273, 0.000265238166321, 0.000144863137393, 0.000105393235572, 6.31641742075e-05, 0.000155135989189, 0.000139790878166, 3.20531871694e-05, 3.67500274479e-06, 4.02667137678e-06]
    },
    "erbbands": {
        "max": [0.508122682571, 15.47407341, 26.1215591431, 14.8562908173, 100.802124023, 152.920791626, 122.202262878, 171.615264893, 284.250732422, 335.731292725, 455.685668945, 531.016967773, 305.638824463, 418.172027588, 288.454650879, 521.017944336, 717.433898926, 809.40057373, 1530.69921875, 548.653869629, 353.300079346, 459.288665771, 291.066741943, 115.252555847, 107.25151825, 42.3588371277, 40.6409492493, 38.2986717224, 13.7731571198, 13.5892295837, 49.4685821533, 48.3034095764, 14.2421064377, 7.15478658676, 0.190216079354, 0.0670940726995, 0.0379199944437, 0.0308024808764, 0.00106686411891, 9.33822666411e-05],
        "mean": [0.0845804810524, 2.36968493462, 4.75690507889, 2.20775580406, 6.13108062744, 13.4140977859, 11.4847831726, 11.9772129059, 18.3635215759, 45.5233383179, 40.7220802307, 62.8686065674, 30.9797840118, 49.6603775024, 36.2737236023, 43.1047019958, 51.5945472717, 69.3366851807, 87.4817886353, 41.9261474609, 30.8358840942, 30.844247818, 27.3320026398, 13.5593757629, 10.4733486176, 7.21557950974, 4.57199192047, 2.29349470139, 1.97134387493, 1.83109247684, 2.66427993774, 2.48476529121, 1.44882929325, 0.433322578669, 0.0398257002234, 0.0207459256053, 0.0118354931474, 0.00974605791271, 0.000360849313438, 4.46394442406e-05],
        "min": [1.05402324565e-22, 1.84418786658e-21, 3.27485590687e-21, 1.28295276798e-20, 2.44117833182e-20, 7.20758915363e-20, 1.16129553482e-19, 1.14835532811e-19, 2.95130236042e-19, 2.33327824316e-19, 4.54708058659e-19, 6.30059181582e-19, 8.07996277895e-19, 2.04134051069e-18, 1.5480937454e-18, 1.87152281248e-18, 3.19391474427e-18, 3.37036291548e-18, 3.31338857605e-18, 4.88163244117e-18, 4.76829049928e-18, 5.81024731711e-18, 5.7713239198e-18, 7.0286884953e-18, 7.66500462613e-18, 1.07449206471e-17, 1.03932894774e-17, 9.99119698167e-18, 1.27202875069e-17, 1.01637559564e-17, 1.46250942061e-17, 1.26600604865e-17, 1.07800791319e-17, 9.81605472185e-18, 7.89727197906e-18, 4.3451644549e-18, 2.70593381076e-18, 9.71213850304e-19, 2.60740693213e-19, 2.95204669372e-20],
        "stdev": [0.0819715484977, 2.99837207794, 5.76448440552, 2.53819131851, 9.41886425018, 22.563211441, 17.637134552, 15.3920698166, 23.6090431213, 56.9559555054, 58.7788696289, 76.6181182861, 37.5099487305, 64.6221694946, 41.0779914856, 74.3870925903, 81.3898086548, 95.3112487793, 141.842788696, 61.6619644165, 38.1028823853, 48.0711898804, 42.1285247803, 16.7501354218, 12.2152099609, 8.51070690155, 5.50483894348, 3.00803875923, 2.09721231461, 1.98374998569, 4.75898551941, 4.6806511879, 1.78261077404, 0.760346412659, 0.0234272256494, 0.0134130455554, 0.00783571600914, 0.00671532284468, 0.00026978974347, 1.93734722416e-05]
    },
    "gfcc": {
        "mean": [-10.3988933563, 93.9766159058, -115.691192627, 17.4164447784, -50.8101501465, 17.3354644775, -32.7647514343, 10.329539299, -10.1733551025, 0.0358616225421, -7.4668970108, -4.25622224808, -13.6875591278],
        "cov": [[40146.8359375, 3216.98144531, -4590.50732422, 388.525543213, -1723.21643066, 501.670715332, -1041.65393066, 193.136627197, -236.875946045, -155.103988647, -193.464370728, -311.753295898, -426.621398926], [3216.98144531, 552.583251953, -114.105812073, 78.1605224609, -171.117752075, 36.4274177551, -45.4688301086, -1.13836061954, -14.4551916122, -35.4783821106, -17.3367519379, -102.649650574, -54.0295295715], [-4590.50732422, -114.105812073, 1961.9173584, 173.228225708, 102.872528076, -46.9921798706, 125.667877197, 40.7186164856, -76.1045379639, 35.8803062439, -28.8537979126, -37.535900116, -49.8853874207], [388.525543213, 78.1605224609, 173.228225708, 229.505371094, -33.506023407, 15.10592556, 5.00472450256, 15.6822166443, 9.81793022156, -27.7837352753, 12.3027801514, -53.4854621887, -6.47736883163], [-1723.21643066, -171.117752075, 102.872528076, -33.506023407, 317.412231445, -53.1035575867, 70.6577224731, 36.4902191162, -2.68823337555, 38.3431472778, -34.0476646423, 73.3954925537, 17.6157112122], [501.670715332, 36.4274177551, -46.9921798706, 15.10592556, -53.1035575867, 174.836502075, 5.90179204941, 29.7381916046, 81.0415802002, -22.186416626, 13.3905334473, -33.4814605713, -3.73216032982], [-1041.65393066, -45.4688301086, 125.667877197, 5.00472450256, 70.6577224731, 5.90179204941, 142.462921143, 35.3504066467, 18.1100883484, 34.8436164856, -1.06722009182, -18.394826889, -8.85626602173], [193.136627197, -1.13836061954, 40.7186164856, 15.6822166443, 36.4902191162, 29.7381916046, 35.3504066467, 92.6002731323, 42.4536705017, 17.6780586243, -5.75689649582, -11.4837026596, -19.4165210724], [-236.875946045, -14.4551916122, -76.1045379639, 9.81793022156, -2.68823337555, 81.0415802002, 18.1100883484, 42.4536705017, 155.182144165, 25.4722251892, -1.54534637928, -29.8256607056, -1.87106156349], [-155.103988647, -35.4783821106, 35.8803062439, -27.7837352753, 38.3431472778, -22.186416626, 34.8436164856, 17.6780586243, 25.4722251892, 91.5073394775, -5.81963348389, 9.59885883331, -13.2777805328], [-193.464370728, -17.3367519379, -28.8537979126, 12.3027801514, -34.0476646423, 13.3905334473, -1.06722009182, -5.75689649582, -1.54534637928, -5.81963348389, 65.0592346191, 4.36765527725, 13.3601570129], [-311.753295898, -102.649650574, -37.535900116, -53.4854621887, 73.3954925537, -33.4814605713, -18.394826889, -11.4837026596, -29.8256607056, 9.59885883331, 4.36765527725, 107.662445068, 28.5236911774], [-426.621398926, -54.0295295715, -49.8853874207, -6.47736883163, 17.6157112122, -3.73216032982, -8.85626602173, -19.4165210724, -1.87106156349, -13.2777805328, 13.3601570129, 28.5236911774, 56.0734138489]],
        "icov": [[0.000673315604217, -0.00247271149419, 0.00159758795053, -0.00205857283436, 0.00217500771396, -0.00248991209082, 0.00292343064211, -0.00378780602477, 0.00390075007454, -0.00331287947483, 0.00335638620891, -0.00231101620011, 0.00194635719527], [-0.00247271149419, 0.0118868555874, -0.00560278771445, 0.00688094785437, -0.00710074277595, 0.00878738891333, -0.0102325333282, 0.0136448191479, -0.0133441882208, 0.0121951764449, -0.0112008200958, 0.0100843748078, -0.00564341526479], [0.00159758795053, -0.00560278771445, 0.00444150157273, -0.00547979772091, 0.00511400541291, -0.00601816736162, 0.00655311578885, -0.00904119294137, 0.00983532611281, -0.00812916830182, 0.00830128230155, -0.00533346878365, 0.00511025683954], [-0.00205857283436, 0.00688094785437, -0.00547979772091, 0.0121842538938, -0.00697329454124, 0.00827705394477, -0.00855658855289, 0.0105509795249, -0.0126171372831, 0.0119014391676, -0.0120100453496, 0.00953089538962, -0.00704549625516], [0.00217500771396, -0.00710074277595, 0.00511400541291, -0.00697329454124, 0.0128588210791, -0.00686245970428, 0.00686780875549, -0.0141764041036, 0.0123522728682, -0.0107504464686, 0.0141625832766, -0.0109637770802, 0.00519891828299], [-0.00248991209082, 0.00878738891333, -0.00601816736162, 0.00827705394477, -0.00686245970428, 0.0185627676547, -0.0117292422801, 0.0123802134767, -0.0195358414203, 0.0161752738059, -0.0139850433916, 0.00847790762782, -0.00685113482177], [0.00292343064211, -0.0102325333282, 0.00655311578885, -0.00855658855289, 0.00686780875549, -0.0117292422801, 0.0232170671225, -0.0185828413814, 0.0179082024843, -0.0176002476364, 0.012873603031, -0.00564812077209, 0.00775398360565], [-0.00378780602477, 0.0136448191479, -0.00904119294137, 0.0105509795249, -0.0141764041036, 0.0123802134767, -0.0185828413814, 0.0370037071407, -0.0252206511796, 0.0182410888374, -0.0193004794419, 0.0120104625821, -0.00537312030792], [0.00390075007454, -0.0133441882208, 0.00983532611281, -0.0126171372831, 0.0123522728682, -0.0195358414203, 0.0179082024843, -0.0252206511796, 0.0343808494508, -0.0240881852806, 0.0209183748811, -0.00981628801674, 0.00847975816578], [-0.00331287947483, 0.0121951764449, -0.00812916830182, 0.0119014391676, -0.0107504464686, 0.0161752738059, -0.0176002476364, 0.0182410888374, -0.0240881852806, 0.0324256196618, -0.0173662658781, 0.00882156100124, -0.0047967210412], [0.00335638620891, -0.0112008200958, 0.00830128230155, -0.0120100453496, 0.0141625832766, -0.0139850433916, 0.012873603031, -0.0193004794419, 0.0209183748811, -0.0173662658781, 0.0358058474958, -0.0134971719235, 0.00563203403726], [-0.00231101620011, 0.0100843748078, -0.00533346878365, 0.00953089538962, -0.0109637770802, 0.00847790762782, -0.00564812077209, 0.0120104625821, -0.00981628801674, 0.00882156100124, -0.0134971719235, 0.0258408058435, -0.0124021908268], [0.00194635719527, -0.00564341526479, 0.00511025683954, -0.00704549625516, 0.00519891828299, -0.00685113482177, 0.00775398360565, -0.00537312030792, 0.00847975816578, -0.0047967210412, 0.00563203403726, -0.0124021908268, 0.0323257818818]]
    },
    "melbands": {
        "max": [0.0102718342096, 0.0166982542723, 0.00395509647205, 0.0094918878749, 0.00357449078001, 0.00344921415672, 0.00399543950334, 0.00417298730463, 0.00333800259978, 0.00303881056607, 0.00154347193893, 0.00177825579885, 0.0011463916162, 0.00119707582053, 0.00127281574532, 0.00149053800851, 0.00182398990728, 0.00232864636928, 0.000875950674526, 0.000654294446576, 0.000309834140353, 0.00030840918771, 0.000830536650028, 0.000191986313439, 0.000110741224489, 8.00444904598e-05, 3.75556082872e-05, 3.74063165509e-05, 2.57290084846e-05, 3.17992635246e-05, 1.68933111127e-05, 9.26050870476e-06, 6.16260422248e-06, 7.40806081012e-06, 1.97266090254e-05, 5.47587151232e-05, 2.98576396744e-05, 5.33023967364e-06, 1.84667569556e-05, 3.07153914036e-06],
        "mean": [0.00158325117081, 0.00281306821853, 0.000541981484275, 0.000688336207531, 0.000467116304208, 0.000251869030762, 0.000283140689135, 0.000545020273421, 0.000332375231665, 0.000373003713321, 0.000144057063153, 0.000201467133593, 0.000111013068818, 0.00011567389447, 9.57341326284e-05, 0.000107314495835, 0.0001340941526, 0.000133609108161, 7.37250156817e-05, 5.5009375501e-05, 3.22659179801e-05, 2.76048267551e-05, 4.20875694545e-05, 1.56946971401e-05, 1.00241595646e-05, 7.89617479313e-06, 4.66704159408e-06, 5.27216980117e-06, 2.8053996175e-06, 2.18469676838e-06, 1.17267791211e-06, 1.08925132736e-06, 1.05939625428e-06, 8.79540380083e-07, 1.35901484555e-06, 1.87926991657e-06, 1.34819413233e-06, 9.83840322988e-07, 9.22070398701e-07, 1.65865543522e-07],
        "min": [9.85843614774e-25, 2.52234625963e-24, 2.78096050234e-24, 4.44036629572e-24, 4.40870654658e-24, 3.18517559119e-24, 4.36609859137e-24, 2.79307050331e-24, 2.85411039079e-24, 3.28648426408e-24, 3.88596392343e-24, 7.82920230402e-24, 4.29896928934e-24, 3.24098690859e-24, 5.79981187141e-24, 4.73652795093e-24, 3.93618556967e-24, 5.61897852509e-24, 3.98123307723e-24, 7.03496452287e-24, 5.34591077287e-24, 4.90937486945e-24, 4.86397513549e-24, 5.79421608658e-24, 5.27947251301e-24, 6.3815889004e-24, 4.82711166539e-24, 6.75606511641e-24, 6.02283783767e-24, 4.38718760438e-24, 5.71850595006e-24, 6.88295260416e-24, 6.88260156105e-24, 4.98360786392e-24, 7.86394926031e-24, 5.76647618727e-24, 7.62708115175e-24, 7.03831087083e-24, 7.56437696497e-24, 7.16504374184e-24],
        "stdev": [0.00182417349424, 0.00347318360582, 0.000654424773529, 0.00113702262752, 0.000616267323494, 0.000325536180753, 0.00037377057015, 0.000694302143529, 0.000450810388429, 0.000454607536085, 0.000185400058399, 0.000269163312623, 0.000138467206853, 0.000179302252945, 0.000145803787746, 0.000175126464455, 0.000207670920645, 0.000213913459447, 0.000109349122795, 8.41690707603e-05, 4.21792101406e-05, 3.78969234589e-05, 9.02744504856e-05, 2.01968759939e-05, 1.48463605001e-05, 9.66344123299e-06, 5.53736163056e-06, 6.79600498188e-06, 3.55604879587e-06, 3.2009777442e-06, 1.7006757389e-06, 1.27307487219e-06, 1.09371069357e-06, 1.01691114196e-06, 1.98629527404e-06, 4.67906011181e-06, 2.37515314438e-06, 9.63066668191e-07, 1.99124815481e-06, 2.39423826542e-07]
    },
    "melbands128": {
        "max": [0.000856715254486, 0.002003461821, 0.0121102621779, 0.0328813046217, 0.0204630121589, 0.00610137498006, 0.00271192658693, 0.00576364248991, 0.010297161527, 0.015816224739, 0.0115050366148, 0.00655490811914, 0.00577400345355, 0.00264458335005, 0.00496865715832, 0.00397335924208, 0.00457990728319, 0.00600927975029, 0.00608757976443, 0.00447145430371, 0.0070235771127, 0.0053792335093, 0.00533651001751, 0.00391048705205, 0.00585985789075, 0.0045206900686, 0.000782236165833, 0.00298913335428, 0.000903238949832, 0.00278862169944, 0.00226034922525, 0.00219988101162, 0.00223456113599, 0.00177250907291, 0.000779451220296, 0.00228123366833, 0.00196500378661, 0.000456622423371, 0.00355625036173, 0.00185614998918, 0.00289782532491, 0.00044807017548, 0.00161777739413, 0.00390428886749, 0.000392484391341, 0.00375330401585, 0.0041794446297, 0.000307282141875, 0.000772325147409, 0.00166149286088, 0.000850684125908, 0.00135620916262, 0.000217951339437, 0.000507192744408, 0.000591425166931, 0.000186207485967, 0.000496476131957, 0.0022486646194, 0.000490059377626, 0.000724819721654, 0.00020963177667, 0.00014430686133, 0.000236686231801, 0.000147807601024, 0.000163259566762, 7.6272925071e-05, 0.000235101935687, 0.000115032678877, 2.68150797638e-05, 7.04828489688e-05, 7.08566149115e-05, 8.69026771397e-05, 3.70413436031e-05, 5.30918769073e-05, 5.86882997595e-05, 4.24559730163e-05, 3.2406522223e-05, 3.50648988388e-05, 2.07253069675e-05, 3.15769539156e-05, 2.38721258938e-05, 1.43652032421e-05, 1.69944778463e-05, 9.90194257611e-06, 1.9611654352e-05, 1.17129084174e-05, 1.70705425262e-05, 7.94967672846e-06, 1.08033682409e-05, 4.70681188744e-05, 8.58213679749e-05, 6.25117390882e-05, 4.57492678834e-05, 5.17491644132e-05, 8.62898559717e-06, 1.0829783605e-05, 1.03375577964e-05, 1.73756670847e-05, 3.63929248124e-05, 2.55863687926e-05, 3.24132201968e-06, 2.73294290309e-07, 1.63422811283e-07, 1.41662582109e-07, 1.54342927772e-07, 1.59867482807e-07, 1.55397557933e-07, 1.82680878424e-07, 1.60465532417e-07, 1.77013660618e-07, 1.4602835563e-07, 1.79103381015e-07, 1.6779068801e-07, 1.20388321534e-07, 1.63135666753e-07, 3.13650872386e-07, 5.73908607748e-07, 8.88606024319e-08, 6.6433159418e-08, 3.33695702182e-08, 2.6233321293e-08, 1.85177135847e-08, 1.18888330292e-08, 2.75387268545e-10, 1.9708359944e-10, 1.93697571871e-10, 1.91692342555e-10, 1.90759949503e-10],
        "mean": [0.000117492956633, 0.000262267712969, 0.00160673307255, 0.00513942353427, 0.00355440634303, 0.000859116436914, 0.000259897264186, 0.000716590497177, 0.000553127378225, 0.00063252291875, 0.000862095679622, 0.000615593744442, 0.000407506187912, 0.00018925468612, 0.000312524003675, 0.000240006120293, 0.000202152892598, 0.000353946583346, 0.000297625636449, 0.000510567915626, 0.000787319324445, 0.000285973626887, 0.000247860298259, 0.0003401611757, 0.000539957429282, 0.000366554362699, 8.80969964783e-05, 0.000156993046403, 8.5724874225e-05, 0.000290380296065, 0.000213595922105, 0.000102283556771, 8.72968666954e-05, 0.000159291623277, 5.50541808479e-05, 0.000157431102707, 0.000123808029457, 3.87908730772e-05, 0.000139371244586, 0.000113814516226, 0.000122741039377, 4.62523530587e-05, 0.000154856403242, 0.000193077779841, 3.29213180521e-05, 0.000162178883329, 0.000216306521907, 3.47745444742e-05, 3.8439360651e-05, 5.2393948863e-05, 7.12460314389e-05, 4.30353647971e-05, 2.26197953452e-05, 3.71071364498e-05, 3.23053791362e-05, 1.19171363622e-05, 2.50267585216e-05, 8.39372296468e-05, 2.20051024371e-05, 2.09220725083e-05, 1.62378910318e-05, 9.09667414817e-06, 1.95617649297e-05, 6.09328662904e-06, 3.70114571524e-06, 7.69294365455e-06, 1.13596606752e-05, 7.08470633981e-06, 1.86415161352e-06, 3.23077483699e-06, 5.25576842847e-06, 8.15016665001e-06, 1.7459335595e-06, 1.74453316504e-06, 3.26457870869e-06, 3.62892888006e-06, 8.40157895254e-07, 6.91409354658e-07, 1.70659416199e-06, 1.02409160263e-06, 7.92787830051e-07, 1.4344648207e-06, 1.04246669252e-06, 6.61501815102e-07, 1.56309670274e-06, 1.00624311017e-06, 5.97163250404e-07, 6.74974899084e-07, 1.3621644257e-06, 1.88230922049e-06, 2.05628452932e-06, 1.71166163909e-06, 1.74270974185e-06, 1.64199002484e-06, 8.39290294152e-07, 9.68474523688e-07, 1.00823706362e-06, 9.20358274925e-07, 1.35715572469e-06, 6.53358085856e-07, 3.0701434639e-07, 4.9256644985e-08, 2.93826154518e-08, 2.90031447747e-08, 3.25386899647e-08, 3.38007062339e-08, 3.54059821461e-08, 3.45045094718e-08, 3.44998660751e-08, 3.59437812847e-08, 3.54055309515e-08, 3.6466445863e-08, 3.62296219691e-08, 3.23968123439e-08, 3.08394092485e-08, 9.01254111341e-08, 1.69990883592e-07, 1.98941343399e-08, 1.02369899224e-08, 3.7716354484e-09, 9.70377778131e-10, 1.39471753591e-10, 7.04706709653e-11, 5.20937416468e-12, 3.68177363597e-12, 3.23595902678e-12, 3.01184619779e-12, 2.96753875813e-12],
        "min": [2.31652456085e-25, 7.30771061705e-25, 6.17247272126e-25, 2.47567961506e-24, 1.44925581203e-24, 1.68729853448e-24, 1.89213455156e-24, 2.43157617678e-24, 1.83214444073e-24, 1.72509976298e-24, 3.93247595126e-24, 9.11762673241e-25, 2.01922102947e-24, 2.73333144746e-24, 5.77382975142e-25, 1.22771744022e-24, 4.35640072983e-24, 2.75358328184e-24, 2.74090254e-24, 6.5527194548e-25, 1.61871368548e-24, 2.88627284154e-24, 1.25427276626e-24, 7.35980896338e-25, 1.30204223838e-24, 2.63924637388e-24, 1.19068959122e-24, 5.10236318181e-25, 5.48788640872e-24, 6.74072887155e-24, 3.27654994148e-24, 2.35030812076e-24, 3.4287847134e-24, 3.04652204583e-24, 2.1128960926e-24, 2.68204917774e-24, 1.73450633763e-24, 3.08649047245e-24, 1.25113891771e-24, 4.66193602475e-24, 1.72419474231e-24, 3.46426649363e-24, 2.59221527557e-24, 3.83391882521e-24, 2.20220914935e-24, 2.95327730632e-24, 2.30056708802e-24, 2.96348694137e-24, 1.78944892196e-24, 2.70073137612e-24, 3.85452663306e-24, 4.44825687692e-24, 6.0061802508e-24, 2.73813501873e-24, 3.48862296851e-24, 2.92887093599e-24, 4.46749443339e-24, 4.98074508769e-24, 3.77343725403e-24, 1.90245817701e-24, 4.28912233309e-24, 5.47227209039e-24, 4.25340862776e-24, 4.09554848873e-24, 4.30997153239e-24, 2.65424873336e-24, 3.19754354967e-24, 2.29182710084e-24, 3.34780301389e-24, 3.51517326557e-24, 5.23500126833e-24, 3.98957883118e-24, 2.34225227319e-24, 6.9221195481e-24, 3.23592104107e-24, 1.98752242893e-24, 3.67623184114e-24, 3.08017642976e-24, 2.42991187749e-24, 4.36976955559e-24, 4.56837199379e-24, 4.22420775807e-24, 3.74860233502e-24, 4.83255204462e-24, 3.42220443016e-24, 3.19651152239e-24, 2.4650489255e-24, 7.29422760368e-24, 4.52296752667e-24, 6.65075376329e-24, 5.12309464361e-24, 5.23331389486e-24, 3.88029122466e-24, 5.32322273881e-24, 6.12448335417e-24, 6.86873338634e-24, 5.78812686925e-24, 6.12265635231e-24, 5.81473633087e-24, 5.9909587852e-24, 8.09881208446e-24, 4.61390031208e-24, 5.11697032197e-24, 7.40601629369e-24, 8.46947573572e-24, 9.68612407693e-24, 5.81016961509e-24, 6.31983568545e-24, 6.94376115817e-24, 5.19509516172e-24, 6.21499252127e-24, 6.07263902105e-24, 7.01558142157e-24, 7.69580513609e-24, 7.18053302571e-24, 4.25601305204e-24, 7.83057413313e-24, 5.64168351966e-24, 6.41322340599e-24, 6.8071201942e-24, 7.02233328206e-24, 5.84417425327e-24, 7.77296598781e-24, 5.53048055887e-24, 6.44865075481e-24, 7.09819487987e-24, 7.21399729417e-24, 8.54653166894e-24],
        "stdev": [0.000150907799252, 0.000302537606331, 0.00187388760969, 0.00665642926469, 0.0044827517122, 0.000936632161029, 0.000362857914297, 0.00102619396057, 0.000938503420912, 0.00157580862287, 0.00161911232863, 0.000902110536117, 0.000808528915513, 0.000346245389665, 0.000450145802461, 0.000345289096003, 0.000315340352245, 0.000541544170119, 0.000545416667592, 0.000714431749657, 0.0011565774912, 0.000554177910089, 0.000629359274171, 0.000515680992976, 0.000778432644438, 0.000523721508216, 0.000121265635244, 0.000316153978929, 0.00011310109403, 0.000414164998801, 0.000337295787176, 0.000226315765758, 0.000179537630174, 0.000230161211221, 7.29939856683e-05, 0.000362007063814, 0.000263945083134, 6.19285274297e-05, 0.000350088550476, 0.000193016850972, 0.000286085967673, 7.27068036213e-05, 0.000261878944002, 0.000357627723133, 5.9063644585e-05, 0.000310430623358, 0.000443245837232, 5.10827667313e-05, 7.20144817024e-05, 0.000148296603584, 0.000103381244116, 9.33902265388e-05, 3.49409710907e-05, 7.02813267708e-05, 5.96003119426e-05, 2.13368075492e-05, 4.26499245805e-05, 0.000210986327147, 5.12548613187e-05, 4.93228289997e-05, 3.23777712765e-05, 1.56717633217e-05, 3.38288555213e-05, 1.32941140691e-05, 1.37804381666e-05, 1.21921320897e-05, 1.90934606508e-05, 1.3067981854e-05, 2.84833640762e-06, 8.19470551505e-06, 8.90565661393e-06, 1.45585081555e-05, 3.65501000488e-06, 4.86988983539e-06, 6.53474944556e-06, 6.23938967692e-06, 2.27411851483e-06, 2.0740931177e-06, 2.85808118861e-06, 2.06115555557e-06, 1.92583456737e-06, 2.35668403548e-06, 1.7319653125e-06, 1.10149812826e-06, 2.52531731348e-06, 1.65777555594e-06, 1.42380406487e-06, 9.72016437117e-07, 1.95419193005e-06, 4.22856373916e-06, 6.50157107884e-06, 4.68785356134e-06, 3.75714648726e-06, 4.13229463447e-06, 1.14221984404e-06, 1.40308577556e-06, 1.23581003209e-06, 1.7968471866e-06, 3.59735918209e-06, 1.67073858393e-06, 4.24425451229e-07, 4.10656824101e-08, 2.68549733562e-08, 2.68214392918e-08, 2.54714009884e-08, 2.60555541587e-08, 2.66786077674e-08, 2.67750177585e-08, 2.58812136167e-08, 2.68956323879e-08, 2.62323549549e-08, 2.85274985856e-08, 2.76409704014e-08, 2.29769749893e-08, 2.21231459818e-08, 6.20294571263e-08, 1.19295378909e-07, 1.92950970757e-08, 1.27537935768e-08, 5.90232396291e-09, 2.31510810522e-09, 1.18002074778e-09, 7.83161979712e-10, 1.86358498078e-11, 1.02665870597e-11, 9.36047159922e-12, 9.09308826152e-12, 9.03448323097e-12]
    },
    "mfcc": {
        "mean": [-638.522094727, 127.475143433, -2.9419875145, 5.26465988159, 8.78236103058, 2.85865354538, -1.21633183956, 6.47243499756, -1.12638354301, 12.7804937363, 0.565607666969, 6.02034759521, -3.87841844559],
        "cov": [[13122.1132812, 2035.10681152, -1074.10974121, -208.991195679, -114.030021667, 4.22753953934, -226.146057129, 61.8217201233, -84.7334976196, 223.498001099, -58.519695282, 77.8674316406, -138.954498291], [2035.10681152, 735.66595459, 161.449462891, 62.6714134216, 24.3025302887, 2.88504314423, 27.4320011139, -5.27918434143, -6.00556707382, 59.8233451843, -10.5315990448, 1.52119004726, -25.7060375214], [-1074.10974121, 161.449462891, 1321.70654297, 228.838150024, 82.1439666748, -2.94281744957, 123.495643616, -5.52768230438, -14.0399875641, 85.6350021362, 16.722234726, 6.6476521492, -26.9887962341], [-208.991195679, 62.6714134216, 228.838150024, 295.980865479, 40.6394615173, -17.4875392914, 76.5718536377, -19.5595817566, 0.410869330168, 11.3445358276, -6.95417881012, -2.2119550705, -8.22145748138], [-114.030021667, 24.3025302887, 82.1439666748, 40.6394615173, 163.537353516, 15.7579975128, -3.70429801941, 41.833656311, 27.658996582, -1.33942079544, 0.111242212355, 3.14493250847, -5.36613702774], [4.22753953934, 2.88504314423, -2.94281744957, -17.4875392914, 15.7579975128, 82.5253219604, -3.62681603432, 16.1525249481, 30.3022899628, 12.7213964462, 14.2617330551, 6.74962615967, 3.61256694794], [-226.146057129, 27.4320011139, 123.495643616, 76.5718536377, -3.70429801941, -3.62681603432, 130.837371826, 15.4325532913, -15.3538236618, 13.5666418076, 5.34847450256, -5.69549131393, -17.8661594391], [61.8217201233, -5.27918434143, -5.52768230438, -19.5595817566, 41.833656311, 16.1525249481, 15.4325532913, 88.2488250732, 33.4070549011, 14.4596481323, 13.0746498108, 9.27127552032, -5.17899799347], [-84.7334976196, -6.00556707382, -14.0399875641, 0.410869330168, 27.658996582, 30.3022899628, -15.3538236618, 33.4070549011, 106.156616211, 57.0338096619, 36.1011581421, 20.043844223, 12.0359811783], [223.498001099, 59.8233451843, 85.6350021362, 11.3445358276, -1.33942079544, 12.7213964462, 13.5666418076, 14.4596481323, 57.0338096619, 121.184967041, 51.6559104919, 22.4819755554, -10.8396453857], [-58.519695282, -10.5315990448, 16.722234726, -6.95417881012, 0.111242212355, 14.2617330551, 5.34847450256, 13.0746498108, 36.1011581421, 51.6559104919, 71.607170105, 29.7364253998, 6.9517083168], [77.8674316406, 1.52119004726, 6.6476521492, -2.2119550705, 3.14493250847, 6.74962615967, -5.69549131393, 9.27127552032, 20.043844223, 22.4819755554, 29.7364253998, 57.1063842773, 24.6904525757], [-138.954498291, -25.7060375214, -26.9887962341, -8.22145748138, -5.36613702774, 3.61256694794, -17.8661594391, -5.17899799347, 12.0359811783, -10.8396453857, 6.9517083168, 24.6904525757, 62.8796615601]],
        "icov": [[0.000242601308855, -0.000676580588333, 0.000279836443951, -7.54227003199e-05, 0.000209906924283, -0.000101717108919, 0.000568408926483, -0.000509466452058, 0.000667773128953, -0.00063365517417, 0.000429041683674, -0.000620994193014, 0.000472417683341], [-0.000676580588333, 0.00341920554638, -0.000835983955767, 4.10711363656e-05, -0.000842408859171, 5.19695968251e-05, -0.00160248565953, 0.00154147099238, -0.00130224647, 0.000463799224235, -0.000169329869095, 0.00137553049717, -0.00104618165642], [0.000279836443951, -0.000835983955767, 0.00132310949266, -0.000599331862759, -0.000298776751151, -0.000257474777754, 0.000134250352858, -0.00038505057455, 0.00143754575402, -0.00168872845825, 0.000618032820057, -0.000759238901082, 0.000425411912147], [-7.54227003199e-05, 4.10711363656e-05, -0.000599331862759, 0.00508620310575, -0.00159092922695, 0.00118987413589, -0.00324338278733, 0.00280100875534, -0.00193356489763, 0.000584896828514, 0.000797374697868, -0.00038493075408, -0.000103155543911], [0.000209906924283, -0.000842408859171, -0.000298776751151, -0.00159092922695, 0.00849839765579, -0.000867964234203, 0.00240119500086, -0.00459129083902, -0.00104176963214, 0.00144091551192, 0.000438606162788, -0.000778951391112, 0.00156762078404], [-0.000101717108919, 5.19695968251e-05, -0.000257474777754, 0.00118987413589, -0.000867964234203, 0.0141297364607, -0.000856540282257, -0.000126387763885, -0.00429382035509, 0.00150115392171, -0.00169411103707, 0.000406532519264, -0.000189769212739], [0.000568408926483, -0.00160248565953, 0.000134250352858, -0.00324338278733, 0.00240119500086, -0.000856540282257, 0.0126163493842, -0.00558479921892, 0.00491329655051, -0.00241655879654, -0.000780273752753, -0.000143741461216, 0.00239904504269], [-0.000509466452058, 0.00154147099238, -0.00038505057455, 0.00280100875534, -0.00459129083902, -0.000126387763885, -0.00558479921892, 0.0179823357612, -0.00659620156512, 0.00239364057779, -0.000654708594084, -0.00132990872953, 0.00148481712677], [0.000667773128953, -0.00130224647, 0.00143754575402, -0.00193356489763, -0.00104176963214, -0.00429382035509, 0.00491329655051, -0.00659620156512, 0.0206350982189, -0.0102331554517, -0.00107355916407, -0.000277564540738, -0.00316818384454], [-0.00063365517417, 0.000463799224235, -0.00168872845825, 0.000584896828514, 0.00144091551192, 0.00150115392171, -0.00241655879654, 0.00239364057779, -0.0102331554517, 0.0196612812579, -0.00965608190745, -0.000855611462612, 0.00443983636796], [0.000429041683674, -0.000169329869095, 0.000618032820057, 0.000797374697868, 0.000438606162788, -0.00169411103707, -0.000780273752753, -0.000654708594084, -0.00107355916407, -0.00965608190745, 0.0264733992517, -0.0103664807975, 0.000792197242845], [-0.000620994193014, 0.00137553049717, -0.000759238901082, -0.00038493075408, -0.000778951391112, 0.000406532519264, -0.000143741461216, -0.00132990872953, -0.000277564540738, -0.000855611462612, -0.0103664807975, 0.0296128857881, -0.0120025295764], [0.000472417683341, -0.00104618165642, 0.000425411912147, -0.000103155543911, 0.00156762078404, -0.000189769212739, 0.00239904504269, 0.00148481712677, -0.00316818384454, 0.00443983636796, 0.000792197242845, -0.0120025295764, 0.0236345585436]]
    },
    "spectral_contrast_coeffs": {
        "max": [-0.480815857649, -0.559443950653, -0.587497353554, -0.601629912853, -0.596427440643, -0.676062107086],
        "mean": [-0.710725188255, -0.759195864201, -0.740269064903, -0.761318981647, -0.754500031471, -0.783918619156],
        "min": [-0.972103118896, -0.997486829758, -0.998224020004, -0.987562358379, -0.990561246872, -0.964585006237],
        "stdev": [0.0775343328714, 0.0718382075429, 0.0693581476808, 0.0635997354984, 0.0725081861019, 0.0511401928961]
    },
    "spectral_contrast_valleys": {
        "max": [-5.28398227692, -4.79575157166, -5.51297664642, -5.71009922028, -6.47087240219, -9.16576480865],
        "mean": [-7.14766168594, -6.72436237335, -7.64222669601, -7.87082386017, -8.32322692871, -10.7203111649],
        "min": [-27.7969837189, -27.6569080353, -27.601020813, -27.3775939941, -27.3730239868, -27.3490619659],
        "stdev": [2.99162340164, 3.08150219917, 2.97417259216, 2.9749724865, 2.77742815018, 2.43623709679]
    }
},
"rhythm": {
    "beats_count": 22,
    "beats_loudness": {
        "max": 0.054202798754,
        "mean": 0.0335378013551,
        "min": 0.00686716428027,
        "stdev": 0.0145592885092
    },
    "bpm": 106.243301392,
    "bpm_histogram_first_peak_bpm": 105,
    "bpm_histogram_first_peak_weight": 0.58333337307,
    "bpm_histogram_second_peak_bpm": 115,
    "bpm_histogram_second_peak_spread": 0.166666686535,
    "bpm_histogram_second_peak_weight": 0.238095238805,
    "danceability": 0.872654080391,
    "onset_rate": 1.56747615337,
    "beats_loudness_band_ratio": {
        "max": [0.865688920021, 0.610622525215, 0.620704770088, 0.467839092016, 0.451702356339, 0.0503610409796],
        "mean": [0.334685176611, 0.156401231885, 0.217494472861, 0.168558210135, 0.132550060749, 0.0229748729616],
        "min": [0.0306870434433, 0.00983643438667, 0.0391063094139, 0.0063203163445, 0.000616196892224, 0.00233100028709],
        "stdev": [0.264607638121, 0.145539626479, 0.132701128721, 0.118181869388, 0.141002014279, 0.0122403427958]
    },
    "beats_position": [0.545668900013, 1.10294783115, 1.66022670269, 2.20589566231, 2.75156450272, 3.27401351929, 3.79646253586, 4.31891155243, 4.85297060013, 5.3754196167, 5.89786815643, 6.44353723526, 7.00081634521, 7.56970500946, 8.13859367371, 8.71909236908, 9.287981987, 9.86848068237, 10.4489793777, 11.0294780731, 11.5983667374, 12.1672563553],
