{
"metadata": {
    "version": {
        "essentia": "2.1-beta5",
        "essentia_git_sha": "Undefined",
        "extractor": "music 2.0"
    },
    "audio_properties": {
        "analysis": {
            "equal_loudness": 0,
            "length": 20.6193199158,
            "sample_rate": 44100,
            "start_time": 158.987030029,
            "downmix": "mix"
        },
        "bit_rate": 192000,
        "length": 179.629562378,
        "lossless": 0,
        "number_channels": 2,
        "replay_gain": -10.8525657654,
        "sample_rate": 44100,
        "codec": "mp3",
        "md5_encoded": "960d6fbe435cbd97cc84e045232aceb8"
    },
    "tags": {
        "file_name": "Germany_Nur Die Liebe Läßt Uns Leben_Mary Roos.mp3",
        "encoding": ["Lavf58.29.100"]
    }
},
"lowlevel": {
    "average_loudness": 0.855725705624,
    "barkbands_crest": {
        "max": 23.7081890106,
        "mean": 8.24419784546,
        "min": 3.19741725922,
        "stdev": 3.69333767891
    },
    "barkbands_flatness_db": {
        "max": 0.342193931341,
        "mean": 0.173953995109,
        "min": 0.0822262838483,
        "stdev": 0.036593593657
    },
    "barkbands_kurtosis": {
        "max": 14.460231781,
        "mean": 0.230224996805,
        "min": -1.6820050478,
        "stdev": 1.39104127884
    },
    "barkbands_skewness": {
        "max": 3.71955823898,
        "mean": 0.191352322698,
        "min": -3.30608963966,
        "stdev": 0.709378540516
    },
    "barkbands_spread": {
        "max": 31.2851085663,
        "mean": 14.7087841034,
        "min": 2.58251905441,
        "stdev": 5.25499773026
    },
    "dissonance": {
        "max": 0.500000059605,
        "mean": 0.46354341507,
        "min": 0.270468324423,
        "stdev": 0.0292180571705
    },
    "dynamic_complexity": 2.10862517357,
    "erbbands_crest": {
        "max": 27.6437263489,
        "mean": 10.6356067657,
        "min": 3.92278051376,
        "stdev": 4.63857269287
    },
    "erbbands_flatness_db": {
        "max": 0.402975261211,
        "mean": 0.254228174686,
        "min": 0.14762635529,
        "stdev": 0.0374228321016
    },
    "erbbands_kurtosis": {
        "max": 27.6604728699,
        "mean": 0.523558139801,
        "min": -1.79176294804,
        "stdev": 1.74808418751
    },
    "erbbands_skewness": {
        "max": 1.96620726585,
        "mean": 0.0196451488882,
        "min": -3.37023258209,
        "stdev": 0.628452062607
    },
    "erbbands_spread": {
        "max": 41.8800048828,
        "mean": 17.1396579742,
        "min": 2.3202085495,
        "stdev": 7.04003763199
    },
    "hfc": {
        "max": 94.1866073608,
        "mean": 23.6794643402,
        "min": 0.337332010269,
        "stdev": 16.4375247955
    },
    "loudness_ebu128": {
        "integrated": -13.0675601959,
        "loudness_range": 3.86794185638,
        "momentary": {
            "max": -8.61316204071,
            "mean": -13.8497438431,
            "min": -28.8644657135,
            "stdev": 2.88534879684
        },
        "short_term": {
            "max": -10.9636173248,
            "mean": -13.3719978333,
            "min": -16.1637077332,
            "stdev": 1.55911386013
        }
    },
    "melbands_crest": {
        "max": 30.0198078156,
        "mean": 10.352645874,
        "min": 3.13740062714,
        "stdev": 4.69663619995
    },
    "melbands_flatness_db": {
        "max": 0.389379918575,
        "mean": 0.199224933982,
        "min": 0.0996494144201,
        "stdev": 0.0428212247789
    },
    "melbands_kurtosis": {
        "max": 26.9420146942,
        "mean": 0.948434770107,
        "min": -1.67031168938,
        "stdev": 2.35374331474
    },
    "melbands_skewness": {
        "max": 4.48776960373,
        "mean": 0.643879175186,
        "min": -1.77301347256,
        "stdev": 0.779734313488
    },
    "melbands_spread": {
        "max": 56.4770469666,
        "mean": 26.1929397583,
        "min": 3.6868159771,
        "stdev": 9.55697250366
    },
    "pitch_salience": {
        "max": 0.854391932487,
        "mean": 0.610238134861,
        "min": 0.212204352021,
        "stdev": 0.113356307149
    },
    "silence_rate_20dB": {
        "max": 1,
        "mean": 1,
        "min": 1,
        "stdev": 0
    },
    "silence_rate_30dB": {
        "max": 1,
        "mean": 0.987626552582,
        "min": 0,
        "stdev": 0.11054597795
    },
    "silence_rate_60dB": {
        "max": 1,
        "mean": 0.032620921731,
        "min": 0,
        "stdev": 0.177642434835
    },
    "spectral_centroid": {
        "max": 2357.1105957,
        "mean": 1419.61633301,
        "min": 562.67779541,
        "stdev": 321.59375
    },
    "spectral_complexity": {
        "max": 38,
        "mean": 22.7817764282,
        "min": 0,
        "stdev": 5.76593351364
    },
    "spectral_decrease": {
        "max": -6.17316198159e-11,
        "mean": -5.51199974552e-09,
        "min": -3.07582936898e-08,
        "stdev": 4.51538095803e-09
    },
    "spectral_energy": {
        "max": 0.124440215528,
        "mean": 0.0229513496161,
        "min": 0.000265881360974,
        "stdev": 0.0183899458498
    },
    "spectral_energyband_high": {
        "max": 0.000502576353028,
        "mean": 9.24252599361e-05,
        "min": 2.21198592953e-06,
        "stdev": 7.94530424173e-05
    },
    "spectral_energyband_low": {
        "max": 0.00683233467862,
        "mean": 0.0010980948573,
        "min": 8.77934098753e-07,
        "stdev": 0.00119370163884
    },
    "spectral_energyband_middle_high": {
        "max": 0.0591239072382,
        "mean": 0.0124360052869,
        "min": 0.00014222227037,
        "stdev": 0.00937880575657
    },
    "spectral_energyband_middle_low": {
        "max": 0.101018242538,
        "mean": 0.00961954891682,
        "min": 9.75236689555e-05,
        "stdev": 0.0142454346642
    },
    "spectral_entropy": {
        "max": 7.9754652977,
        "mean": 7.30141448975,
        "min": 5.94396114349,
        "stdev": 0.274920582771
    },
    "spectral_flux": {
        "max": 0.313457250595,
        "mean": 0.0841877758503,
        "min": 0.0128053855151,
        "stdev": 0.0354727469385
    },
    "spectral_kurtosis": {
        "max": 57.6402015686,
        "mean": 9.55430603027,
        "min": 2.17446947098,
        "stdev": 5.65973758698
    },
    "spectral_rms": {
        "max": 0.0110183972865,
        "mean": 0.00443697301671,
        "min": 0.000509309757035,
        "stdev": 0.00164463778492
    },
    "spectral_rolloff": {
        "max": 2993.11523438,
        "mean": 1696.66699219,
        "min": 409.130859375,
        "stdev": 386.953643799
    },
    "spectral_skewness": {
        "max": 5.5528421402,
        "mean": 1.83551561832,
        "min": 0.926693499088,
        "stdev": 0.501920998096
    },
    "spectral_spread": {
        "max": 4085697.5,
        "mean": 2199473,
        "min": 1239784.25,
        "stdev": 325520.25
    },
    "spectral_strongpeak": {
        "max": 14.6434755325,
        "mean": 2.18685483932,
        "min": 0.0243486389518,
        "stdev": 2.16094636917
    },
    "zerocrossingrate": {
        "max": 0.087890625,
        "mean": 0.0584674216807,
        "min": 0.02392578125,
        "stdev": 0.012284248136
    },
    "barkbands": {
        "max": [2.08515848499e-05, 0.00513266865164, 0.00301936781034, 0.00628022197634, 0.0114470170811, 0.0470453724265, 0.0763574242592, 0.0797443091869, 0.0862067714334, 0.0360512323678, 0.027924111113, 0.0194815173745, 0.0141927478835, 0.0134748937562, 0.0346302054822, 0.0093611702323, 0.00530480779707, 0.00205254810862, 0.00106203556061, 0.000583450775594, 0.000347115128534, 0.000134193105623, 8.62847009557e-05, 1.82682397281e-05, 1.96827500076e-06, 5.26525866462e-07, 2.09724476008e-07],
        "mean": [1.16244086712e-06, 0.000687236257363, 0.000290891504847, 0.000480235787109, 0.000940843543503, 0.00154977513012, 0.0016674392391, 0.00215152557939, 0.00241708359681, 0.00207753875293, 0.00239005312324, 0.00125472212676, 0.00154892459977, 0.000861440843437, 0.002770639956, 0.000670051609632, 0.000478461268358, 0.000380809069611, 0.000188630714547, 9.12043396966e-05, 2.79938849417e-05, 1.42328281072e-05, 7.01210501575e-06, 2.61510263044e-06, 4.97529924814e-07, 3.46300225829e-07, 4.06086275717e-09],
        "min": [4.51389059464e-09, 3.91196230964e-08, 2.11528767835e-08, 4.49823971849e-07, 4.81187134937e-06, 4.26785663876e-06, 9.46886757447e-06, 2.09496465686e-06, 6.74877583151e-06, 8.48199124448e-06, 5.99130817136e-06, 5.34305945621e-06, 1.0592284525e-05, 6.91919876772e-06, 1.20015574794e-05, 7.35423827791e-06, 4.50035668109e-06, 2.09279482988e-06, 1.3295170902e-06, 6.02848331255e-07, 5.02754801346e-07, 2.1518380322e-07, 1.9001521423e-07, 1.99283221036e-07, 2.35301413909e-07, 1.64689666349e-07, 1.90530265176e-11],
        "stdev": [1.9883832465e-06, 0.000891271454748, 0.000345110456692, 0.000724462559447, 0.00110903976019, 0.003756277496, 0.00579761667177, 0.00705868704244, 0.00672997068614, 0.00337263662368, 0.00403620535508, 0.0016702672001, 0.00199014157988, 0.00133931892924, 0.00431860890239, 0.000925992906559, 0.000631721108221, 0.000286251859507, 0.000161966730957, 8.01151618361e-05, 3.31975934387e-05, 1.50476853378e-05, 7.5510924944e-06, 2.88782894131e-06, 2.39123778556e-07, 5.19354088624e-08, 7.4858572674e-09]
    },
    "erbbands": {
        "max": [0.0516632832587, 1.44194924831, 3.48410153389, 8.37495803833, 40.9094238281, 45.9620056152, 72.5615539551, 475.194671631, 1353.89038086, 631.602661133, 2184.40893555, 2446.34960938, 996.356689453, 1054.24829102, 586.763549805, 483.348693848, 523.408081055, 741.60925293, 1362.44665527, 1566.7713623, 443.658996582, 359.624389648, 126.285865784, 84.3104553223, 37.5131797791, 23.2720413208, 21.14112854, 5.69494628906, 4.16988515854, 4.3993268013, 1.32188272476, 0.614949166775, 0.194828674197, 0.0348439700902, 0.00577354663983, 0.00320354918949, 0.00100863643456, 0.000166390585946, 6.44270112389e-05, 0.00014420862135],
        "mean": [0.0063431719318, 0.19242939353, 0.448729872704, 0.802353143692, 2.47149658203, 2.91911578178, 5.47046852112, 15.7610807419, 28.2440166473, 25.0371570587, 53.4599838257, 56.4902763367, 47.7052650452, 120.291305542, 61.0201416016, 50.2322845459, 68.4933853149, 56.5686569214, 115.338989258, 90.460647583, 36.3483161926, 25.568157196, 20.8939247131, 15.3481798172, 7.88606786728, 4.26411390305, 1.82731866837, 0.828652620316, 0.531239032745, 0.336663156748, 0.192907273769, 0.0854817479849, 0.0287097971886, 0.00720093073323, 0.00301310629584, 0.00172979419585, 0.000643517822027, 5.71300479351e-05, 1.40981501318e-05, 2.7830745239e-05],
        "min": [3.48167122866e-06, 1.63635577337e-05, 6.60703371977e-05, 0.00160340871662, 0.00497221015394, 0.0204411968589, 0.0312087517232, 0.0577320121229, 0.0803729370236, 0.156376928091, 0.0603607408702, 0.105073355138, 0.149549439549, 0.509164333344, 0.326962292194, 0.318240612745, 0.656234562397, 1.03020513058, 0.849523067474, 0.504929721355, 0.32444614172, 0.263973772526, 0.215118870139, 0.0949907451868, 0.0696072950959, 0.041210051626, 0.0182743985206, 0.0159503109753, 0.00811174977571, 0.00647027464584, 0.00478766066954, 0.00310928327963, 0.00325769279152, 0.0023471575696, 0.00161057454534, 0.000782759743743, 0.000282840890577, 2.65318776655e-05, 1.14964814202e-06, 3.86497731597e-07],
        "stdev": [0.0078436518088, 0.24910543859, 0.522081255913, 1.05371904373, 3.69871115685, 3.82404661179, 6.94212007523, 38.2609481812, 102.887001038, 52.8418617249, 193.134765625, 150.061019897, 83.4234237671, 184.399765015, 69.4294128418, 69.1460418701, 80.7138290405, 66.9796066284, 149.421020508, 177.095001221, 46.3457641602, 35.7121772766, 14.9341106415, 12.5828065872, 7.17724561691, 3.57887744904, 1.93977355957, 0.839989423752, 0.556186258793, 0.384489178658, 0.200713142753, 0.0940771177411, 0.0282811224461, 0.00482914876193, 0.000573086435907, 0.000306683185045, 0.000108930966235, 1.16688661365e-05, 9.71671579464e-06, 2.15607942664e-05]
    },
    "gfcc": {
        "mean": [-37.7326583862, 128.015548706, -186.206970215, 1.17897748947, -49.1717987061, -3.40454316139, -33.2816581726, -1.82125914097, -17.6916160583, -6.60865974426, -12.4636735916, -4.51084804535, -9.26728725433],
        "cov": [[1297.06860352, 384.997619629, -64.4672088623, 244.131576538, 113.012878418, 80.446685791, 267.002685547, -1.29738783836, 79.5868530273, -95.8995132446, 136.217254639, -106.426376343, 46.3361968994], [384.997619629, 677.864501953, 508.083343506, 200.527572632, 249.152893066, -61.3613548279, 59.7643585205, 109.464035034, -18.3496112823, 3.64043140411, 54.3698272705, -48.8858375549, -7.0474615097], [-64.4672088623, 508.083343506, 629.224182129, 288.749145508, 217.235153198, 19.0290584564, 16.656457901, 120.775978088, -50.702583313, 39.5973777771, 24.2541732788, 4.41669082642, -8.8773317337], [244.131576538, 200.527572632, 288.749145508, 448.580108643, 184.455291748, 168.890182495, 144.812164307, 89.6594314575, -16.6376857758, 11.3337574005, 73.4416732788, 3.46604514122, 25.4614067078], [113.012878418, 249.152893066, 217.235153198, 184.455291748, 218.149780273, 59.5284385681, 63.9912605286, 71.4528579712, -17.5133361816, 16.1333389282, 24.0601177216, -13.7481956482, 12.1977424622], [80.446685791, -61.3613548279, 19.0290584564, 168.890182495, 59.5284385681, 280.032073975, 181.159347534, -3.40113019943, -44.020488739, -1.73016297817, 39.2921714783, 11.0169696808, 27.6451187134], [267.002685547, 59.7643585205, 16.656457901, 144.812164307, 63.9912605286, 181.159347534, 227.536437988, 66.7395401001, -6.72162866592, -6.64745092392, 59.7001953125, -14.6914234161, 22.5978775024], [-1.29738783836, 109.464035034, 120.775978088, 89.6594314575, 71.4528579712, -3.40113019943, 66.7395401001, 145.421722412, 46.9626617432, 23.8701877594, 18.2146663666, -6.05863428116, -3.50388813019], [79.5868530273, -18.3496112823, -50.702583313, -16.6376857758, -17.5133361816, -44.020488739, -6.72162866592, 46.9626617432, 109.584220886, 19.4486885071, -6.05361604691, -8.73967933655, 3.87764668465], [-95.8995132446, 3.64043140411, 39.5973777771, 11.3337574005, 16.1333389282, -1.73016297817, -6.64745092392, 23.8701877594, 19.4486885071, 59.8067893982, 18.7360076904, 9.51312065125, -4.09334897995], [136.217254639, 54.3698272705, 24.2541732788, 73.4416732788, 24.0601177216, 39.2921714783, 59.7001953125, 18.2146663666, -6.05361604691, 18.7360076904, 79.3871841431, 16.763710022, 3.75123858452], [-106.426376343, -48.8858375549, 4.41669082642, 3.46604514122, -13.7481956482, 11.0169696808, -14.6914234161, -6.05863428116, -8.73967933655, 9.51312065125, 16.763710022, 61.8864212036, 18.3381690979], [46.3361968994, -7.0474615097, -8.8773317337, 25.4614067078, 12.1977424622, 27.6451187134, 22.5978775024, -3.50388813019, 3.87764668465, -4.09334897995, 3.75123858452, 18.3381690979, 49.0628051758]],
        "icov": [[0.0225156210363, -0.0281581487507, 0.023021383211, -0.0162649918348, 0.00748908426613, 0.00217062514275, -0.0131896995008, 0.0217546317726, -0.0248253419995, 0.0247939582914, -0.020652089268, 0.0169285908341, -0.00887678470463], [-0.0281581487507, 0.0601009503007, -0.0513699576259, 0.0289577487856, -0.0264108106494, 0.0160016566515, -0.00264601456001, -0.0111439041793, 0.0200948920101, -0.0153826037422, 0.00727633293718, -0.00868370197713, 0.00869416259229], [0.023021383211, -0.0513699576259, 0.0478731282055, -0.0264819879085, 0.0214336533099, -0.0140871712938, 0.00520596513525, 0.00515291141346, -0.0124985901639, 0.00943224783987, -0.00312764663249, 0.00555699551478, -0.00619989121333], [-0.0162649918348, 0.0289577487856, -0.0264819879085, 0.0208965297788, -0.0131913460791, 0.0011540974956, 0.00453155720606, -0.0115064987913, 0.0123796053231, -0.00950204394758, 0.00388388219289, -0.00659214099869, 0.00400079041719], [0.00748908426613, -0.0264108106494, 0.0214336533099, -0.0131913460791, 0.0236982777715, -0.0129196438938, 0.0096420655027, -0.0066404347308, 0.00132048351225, -0.00375380460173, 0.00534217525274, 0.00121182168368, -0.0049489075318], [0.00217062514275, 0.0160016566515, -0.0140871712938, 0.0011540974956, -0.0129196438938, 0.0286957416683, -0.0299052484334, 0.0223180055618, -0.00877589173615, 0.00837539881468, -0.00786148011684, 0.00402312679216, 1.34733704726e-06], [-0.0131896995008, -0.00264601456001, 0.00520596513525, 0.00453155720606, 0.0096420655027, -0.0299052484334, 0.0461059883237, -0.0385911054909, 0.024618588388, -0.0190462432802, 0.0127360709012, -0.00765683874488, -0.000518403190654], [0.0217546317726, -0.0111439041793, 0.00515291141346, -0.0115064987913, -0.0066404347308, 0.0223180055618, -0.0385911054909, 0.0512450970709, -0.0386257432401, 0.0296595785767, -0.0258351098746, 0.0173811521381, -0.00372664444149], [-0.0248253419995, 0.0200948920101, -0.0124985901639, 0.0123796053231, 0.00132048351225, -0.00877589173615, 0.024618588388, -0.0386257432401, 0.0483940728009, -0.0398448035121, 0.0326029360294, -0.0203951876611, 0.00614649569616], [0.0247939582914, -0.0153826037422, 0.00943224783987, -0.00950204394758, -0.00375380460173, 0.00837539881468, -0.0190462432802, 0.0296595785767, -0.0398448035121, 0.0622903257608, -0.0443844161928, 0.0261644981802, -0.00992304086685], [-0.020652089268, 0.00727633293718, -0.00312764663249, 0.00388388219289, 0.00534217525274, -0.00786148011684, 0.0127360709012, -0.0258351098746, 0.0326029360294, -0.0443844161928, 0.0588261932135, -0.0359339974821, 0.0160119533539], [0.0169285908341, -0.00868370197713, 0.00555699551478, -0.00659214099869, 0.00121182168368, 0.00402312679216, -0.00765683874488, 0.0173811521381, -0.0203951876611, 0.0261644981802, -0.0359339974821, 0.047070723027, -0.0216601490974], [-0.00887678470463, 0.00869416259229, -0.00619989121333, 0.00400079041719, -0.0049489075318, 1.34733704726e-06, -0.000518403190654, -0.00372664444149, 0.00614649569616, -0.00992304086685, 0.0160119533539, -0.0216601490974, 0.0335765480995]]
    },
    "melbands": {
        "max": [0.000942174927332, 0.00168164342176, 0.00272567826323, 0.00188705848996, 0.00281821726821, 0.0103591345251, 0.0181653760374, 0.00779359415174, 0.0161531250924, 0.0148354200646, 0.00532897515222, 0.00410990230739, 0.00296272384003, 0.00244146329351, 0.00263418583199, 0.00186907546595, 0.00138050073292, 0.00227982620709, 0.00385136180557, 0.00093318632571, 0.000497583299875, 0.000424676283728, 0.000227958953474, 0.000132489323732, 7.36044166842e-05, 3.93204209104e-05, 3.49449583155e-05, 1.6204898202e-05, 2.11501192098e-05, 6.52443031868e-06, 3.2253799418e-06, 3.18789420817e-06, 1.84593727681e-06, 3.14473027174e-06, 1.15445573101e-06, 5.46290095826e-07, 3.26580277488e-07, 2.09212103641e-07, 5.66702915705e-08, 1.91076985345e-08],
        "mean": [0.000124877464259, 0.000251681543887, 0.000208712910535, 0.000182733230758, 0.000186311939615, 0.000356883101631, 0.000408019754104, 0.000302968808683, 0.000445808080258, 0.000350651447661, 0.000225127718295, 0.000473992462503, 0.000237359592575, 0.000143211567774, 0.000114606998977, 0.000173824257217, 8.85098415893e-05, 0.000157986782142, 0.000211134218262, 5.70202646486e-05, 3.82208672818e-05, 2.74604208244e-05, 2.19723187911e-05, 1.64374359883e-05, 1.21101593322e-05, 6.54907034914e-06, 3.89398837797e-06, 2.58111572293e-06, 1.3557606735e-06, 6.26957842087e-07, 4.17624391957e-07, 3.38274560363e-07, 2.10273967127e-07, 1.62770305678e-07, 1.22532327396e-07, 7.30745099986e-08, 4.13251157738e-08, 2.26759500066e-08, 9.91149118335e-09, 4.37818892252e-09],
        "min": [1.40511371427e-08, 3.49714781578e-08, 3.01754852217e-07, 9.2261871032e-07, 1.23768893445e-06, 1.55118812017e-06, 1.51426581851e-06, 1.42581723139e-06, 4.60706246486e-07, 6.51197922252e-07, 5.55737585728e-07, 2.14964597944e-06, 9.90635271592e-07, 5.9102785599e-07, 1.05627736957e-06, 1.87839100363e-06, 1.06732272798e-06, 1.0199347571e-06, 8.10974768228e-07, 6.25759639661e-07, 2.03659155318e-07, 2.22640963443e-07, 1.8931042689e-07, 9.92047546333e-08, 6.84208103507e-08, 5.25182102251e-08, 3.53804061604e-08, 1.99288283653e-08, 1.2623574186e-08, 8.42783798305e-09, 7.22315895985e-09, 4.61517357664e-09, 4.07342959363e-09, 2.85334067485e-09, 2.4939232901e-09, 1.68398184286e-09, 1.78263570572e-09, 2.01664573929e-09, 2.03573846669e-09, 1.56725599165e-09],
        "stdev": [0.000159253468155, 0.000294552766718, 0.00028806575574, 0.000228882679949, 0.000233242477407, 0.000886866240762, 0.00140176643617, 0.000723034027033, 0.00163446029183, 0.000863811990712, 0.000434553425293, 0.000717283575796, 0.000319176382618, 0.00016865543148, 0.000197859204491, 0.00024270924041, 0.000123290010379, 0.000235984916799, 0.000429236883065, 7.72753555793e-05, 5.53315039724e-05, 4.32996275777e-05, 2.29866382142e-05, 1.33053681566e-05, 1.08444228317e-05, 6.68436905471e-06, 3.98231577492e-06, 2.30425280279e-06, 1.68313931681e-06, 7.17081888979e-07, 4.67692643724e-07, 3.8799498725e-07, 2.26859981467e-07, 2.09634521298e-07, 1.42244658718e-07, 7.75958710619e-08, 4.63551721452e-08, 2.41516868726e-08, 9.10749076155e-09, 2.12879158745e-09]
    },
    "melbands128": {
        "max": [1.37176966746e-05, 0.000199447909836, 0.00122998084407, 0.00309347710572, 0.00212734052911, 0.00133536593057, 0.0013137004571, 0.00456005940214, 0.00528241042048, 0.00348395924084, 0.00294575328007, 0.00401073088869, 0.00263000186533, 0.00249620061368, 0.00760006532073, 0.0231561288238, 0.0320796221495, 0.0268954411149, 0.00995817314833, 0.00864396244287, 0.0153154255822, 0.022216245532, 0.025890564546, 0.0336147360504, 0.0276334751397, 0.012156797573, 0.00842782855034, 0.00579766696319, 0.0121444687247, 0.00543102156371, 0.00881802570075, 0.00766306743026, 0.00430910941213, 0.00394576881081, 0.00590165983886, 0.00203739129938, 0.00241643073969, 0.00547447055578, 0.00191584194545, 0.00202013738453, 0.00394490500912, 0.00153583160136, 0.00321922427975, 0.00154327962082, 0.00238935975358, 0.00481028761715, 0.00254386151209, 0.00527707580477, 0.00541812647134, 0.00218505505472, 0.0008151846705, 0.00112561613787, 0.00105640059337, 0.00102022872306, 0.000956331496127, 0.000921895902138, 0.000720672658645, 0.000627821078524, 0.000204560885322, 0.000183279655175, 0.000305768917315, 0.000263516238192, 0.000180422255653, 8.6545063823e-05, 7.6404758147e-05, 8.07790784165e-05, 5.90266390645e-05, 7.43752534618e-05, 4.99005764141e-05, 4.13812231272e-05, 3.45737171301e-05, 3.42162202287e-05, 2.4084092729e-05, 3.42747334798e-05, 2.14870633499e-05, 1.07016849142e-05, 7.24847313904e-06, 6.94400932844e-06, 5.41744566362e-06, 6.66742380417e-06, 5.42870429854e-06, 5.26312442162e-06, 2.89324157166e-06, 2.08287019632e-06, 4.72637520943e-06, 6.47042088531e-06, 2.48309834205e-06, 1.34648098538e-06, 2.79233404399e-06, 7.89841578808e-07, 8.63306922838e-07, 1.03018282971e-06, 1.26560587432e-06, 3.65699690974e-07, 4.69215450494e-07, 3.01966338156e-07, 2.76187449799e-07, 1.82715325536e-07, 8.54679029771e-08, 1.00591662999e-07, 3.10481276244e-08, 1.07201874044e-08, 1.06519886245e-08, 1.16403038319e-08, 9.01323815583e-09, 8.57937187959e-09, 9.14575348787e-09, 7.84306042334e-09, 7.31230764828e-09, 7.49774820008e-09, 6.38557162702e-09, 5.61013857592e-09, 4.33714086867e-09, 3.96102528555e-09, 2.25980323343e-09, 1.21467336189e-09, 9.79905045995e-10, 9.73838343299e-10, 9.5345820128e-10, 9.24261556179e-10, 9.04072927632e-10, 8.90434392886e-10, 8.7454737896e-10, 8.64441629389e-10, 8.49127546054e-10, 8.429027476e-10, 8.35008895361e-10, 8.30282453901e-10],
        "mean": [9.11293682293e-07, 1.21840575957e-05, 0.000137316994369, 0.000408821419114, 0.000300685613183, 0.000116800329124, 0.000107682200905, 0.000310101808282, 0.000266839080723, 0.000131651133415, 0.000151138257934, 0.000215804873733, 0.000182314412086, 0.000159070812515, 0.000310074799927, 0.00049427599879, 0.000533725891728, 0.000418096606154, 0.000226621312322, 0.000216819622437, 0.000383872014936, 0.000422247248935, 0.000512041151524, 0.00039695497253, 0.000329118221998, 0.00040605769027, 0.000214680243516, 0.000198639187147, 0.000205988180824, 0.000359295634553, 0.000737831229344, 0.000408928986872, 0.000108511419967, 0.000207128468901, 0.000143537050462, 0.000121576420497, 0.000147908300278, 9.97027455014e-05, 9.59045501077e-05, 0.000165926889167, 0.000235411571339, 0.000117647461593, 8.02685754024e-05, 7.55772998673e-05, 7.20239258953e-05, 0.000199171554414, 0.000226391595788, 0.000269600772299, 0.000188844409422, 4.15219437855e-05, 5.95335077378e-05, 4.72255596833e-05, 3.59465193469e-05, 3.8135003706e-05, 3.33040698024e-05, 2.76642713288e-05, 1.84170348803e-05, 2.69524061878e-05, 1.98846992134e-05, 2.02860428544e-05, 1.33346566145e-05, 1.63460481417e-05, 1.83850934263e-05, 9.22784784052e-06, 5.53163408767e-06, 7.28358554625e-06, 6.75176352161e-06, 3.8100281472e-06, 3.61374168278e-06, 3.34538071911e-06, 2.29948818742e-06, 2.74262902167e-06, 1.72866339199e-06, 1.11237284273e-06, 7.68800191508e-07, 6.52926644307e-07, 6.26956989436e-07, 3.861040625e-07, 4.28504307592e-07, 3.72426114836e-07, 4.13287892798e-07, 3.01427462546e-07, 1.76393115225e-07, 2.01040464276e-07, 2.54012007872e-07, 1.90396576727e-07, 1.25524465489e-07, 1.0200459144e-07, 1.71588467879e-07, 8.50608472547e-08, 7.41892733913e-08, 7.5153351986e-08, 6.54394511912e-08, 3.41914763169e-08, 3.47774360421e-08, 2.52063330208e-08, 2.15961257766e-08, 1.52956349808e-08, 9.00851837571e-09, 8.88226470153e-09, 4.9459325524e-09, 3.49160722557e-09, 3.46917627958e-09, 3.47525386246e-09, 3.25500870701e-09, 3.13813175445e-09, 3.11155679e-09, 3.15897863423e-09, 2.93897528536e-09, 2.95836222186e-09, 2.64591926147e-09, 2.43769404662e-09, 2.08359174358e-09, 1.71733605114e-09, 9.84456516306e-10, 3.75588726786e-10, 1.25312996091e-10, 4.53814763546e-12, 4.29182210604e-12, 4.1794957252e-12, 4.08351087319e-12, 4.00294207503e-12, 3.92685363393e-12, 3.86008109157e-12, 3.80545855244e-12, 3.76613540701e-12, 3.73264960607e-12, 3.71230780491e-12],
        "min": [3.58499202546e-10, 2.46202436216e-09, 9.50701029012e-09, 5.3536330924e-09, 1.26126593614e-08, 8.0971194194e-09, 2.03209804539e-08, 1.61752566896e-07, 2.37129256675e-07, 2.34318207504e-07, 1.62175027185e-07, 2.77207902855e-07, 1.62975723583e-07, 5.04618412833e-07, 4.12826921092e-07, 1.79125180466e-07, 4.32174658727e-07, 7.46816908759e-07, 1.33139337777e-06, 4.33430187741e-07, 1.38017512086e-07, 2.16511466533e-07, 3.54609085207e-07, 3.64723518942e-07, 4.18356734144e-07, 2.35746540511e-07, 9.6013955897e-08, 4.72972487842e-07, 6.98231417573e-07, 1.03814625163e-06, 9.65732283476e-07, 5.31490798039e-07, 6.01172018833e-07, 3.0937795259e-07, 3.40340079674e-07, 1.73104695023e-07, 1.43254496265e-07, 4.20448031946e-07, 7.0448572842e-07, 8.00140810497e-07, 5.46954765923e-07, 8.90662818165e-07, 3.86405389463e-07, 1.79004345569e-07, 1.84829559657e-07, 6.48083243959e-07, 1.7626114186e-06, 3.48335333911e-07, 2.74396910527e-07, 1.15802592404e-07, 2.68822020644e-07, 4.61047761746e-07, 1.5006874321e-07, 9.62752153555e-08, 1.10743307857e-07, 7.1807583879e-08, 1.31317904106e-07, 1.5100813755e-07, 9.65099786754e-08, 1.11632012079e-07, 1.01481084869e-07, 5.47730252265e-08, 3.42001023057e-08, 2.90056423324e-08, 3.44388411122e-08, 5.61410438138e-08, 4.90126801367e-08, 1.16838387854e-08, 1.4606701626e-08, 1.7907757055e-08, 1.43507303818e-08, 1.60775073255e-08, 1.16796172733e-08, 6.45581188508e-09, 3.80256226507e-09, 4.96960161911e-09, 4.40280167879e-09, 7.32818739024e-09, 5.92119819842e-09, 5.11451903051e-09, 2.53058751731e-09, 2.21933427191e-09, 2.71331579427e-09, 3.16021142588e-09, 3.4987568398e-09, 2.03734029647e-09, 1.51573176232e-09, 1.49531920179e-09, 1.81744419514e-09, 1.97263161361e-09, 1.52918500085e-09, 9.49933465222e-10, 1.31468269604e-09, 1.26387444954e-09, 1.1542197198e-09, 1.18553333817e-09, 1.15165510461e-09, 9.57172119342e-10, 1.34999056378e-09, 1.11427123084e-09, 8.93551788117e-10, 9.80491909885e-10, 6.22549123364e-10, 8.1359335935e-10, 9.67312008271e-10, 7.53867079872e-10, 7.6774053781e-10, 1.00541541759e-09, 9.51602685539e-10, 1.00034480699e-09, 4.70752381521e-10, 7.93846877123e-10, 5.85670845155e-10, 4.93252216849e-10, 3.33782029793e-10, 2.7118272905e-11, 6.89561417948e-13, 5.2898261265e-14, 3.63677017917e-14, 3.13007676419e-14, 3.61897435576e-14, 3.00886872113e-14, 3.58427717573e-14, 3.57362997159e-14, 3.76227843909e-14, 3.57663897143e-14, 3.9611204399e-14, 4.22766341249e-14],
        "stdev": [1.54301460498e-06, 1.91965100385e-05, 0.000180704751983, 0.000541735149454, 0.000379660370527, 0.000148533072206, 0.000154923502123, 0.000489237892907, 0.000444153149147, 0.000253634032561, 0.000232691818383, 0.000323438929627, 0.00027966912603, 0.000268622505246, 0.00070664496161, 0.00180611305404, 0.00227648997679, 0.00190298736561, 0.000640761456452, 0.00056560325902, 0.00130167533644, 0.00190861884039, 0.00238156574778, 0.00232630618848, 0.00131935218815, 0.000846661627293, 0.000497516710311, 0.000500765629113, 0.00088559743017, 0.000602100859396, 0.00141927099321, 0.000865175097715, 0.000276970415143, 0.000337830395438, 0.000280970416497, 0.000232705875533, 0.00029652795638, 0.000365920102922, 0.000165450677741, 0.000252953963354, 0.000441150274128, 0.00020152462821, 0.000201345232199, 0.000132619708893, 0.000171066290932, 0.000431613851106, 0.000373734685127, 0.000633291085251, 0.000604693195783, 0.000109143118607, 8.94428958418e-05, 9.05482374947e-05, 7.39597453503e-05, 7.93463404989e-05, 5.6011173001e-05, 6.99766023899e-05, 4.12343688367e-05, 4.70653794764e-05, 2.09277113754e-05, 2.22551079787e-05, 1.90411756193e-05, 2.450946522e-05, 2.46989238804e-05, 1.13581090773e-05, 7.78679532232e-06, 1.02048070403e-05, 8.84728706296e-06, 5.83040809943e-06, 5.24873939867e-06, 4.58142949356e-06, 2.78946708931e-06, 3.83887436328e-06, 2.50401467383e-06, 2.31518242799e-06, 1.48582955717e-06, 8.86121426902e-07, 8.89894067768e-07, 5.55888220788e-07, 6.20607750079e-07, 5.38341168976e-07, 6.03940748078e-07, 4.13799739363e-07, 2.23895227691e-07, 2.71739025948e-07, 3.67012574998e-07, 3.82087478101e-07, 1.72251588992e-07, 1.13165121718e-07, 2.81189130646e-07, 9.25470189372e-08, 9.80041576781e-08, 1.07269322314e-07, 1.24107344845e-07, 3.74325459518e-08, 4.61865745649e-08, 3.06931760008e-08, 2.87915487007e-08, 1.88870963314e-08, 9.19381193398e-09, 1.22104566458e-08, 3.43105854839e-09, 1.46656509159e-09, 1.32673561026e-09, 1.29781319025e-09, 1.11902620503e-09, 1.1099680064e-09, 1.12972387001e-09, 1.06764108665e-09, 9.39257116528e-10, 9.68592428485e-10, 8.47878267596e-10, 7.79689979247e-10, 6.21358797748e-10, 5.67640157101e-10, 3.30546090499e-10, 1.57980351023e-10, 9.81825246105e-11, 3.30474432542e-11, 3.234686477e-11, 3.13605495739e-11, 3.06734811162e-11, 3.02048733247e-11, 2.96648192122e-11, 2.93170661358e-11, 2.88005834459e-11, 2.85856806975e-11, 2.83185176697e-11, 2.81585050416e-11]
    },
    "mfcc": {
        "mean": [-662.964416504, 161.857849121, -70.2329025269, 6.44358825684, -10.1998405457, -1.17879867554, -10.1812953949, 3.38413977623, -8.75683879852, 3.63929867744, -6.18017673492, -5.12644433975, -4.40556192398],
        "cov": [[1513.50622559, -16.142288208, -131.894500732, 104.480018616, -114.934005737, 144.302749634, 175.141662598, 157.820877075, -16.1953697205, 138.852233887, -8.57054519653, 6.37343597412, 7.0904340744], [-16.142288208, 680.47442627, 260.203063965, 241.646987915, 200.697219849, -114.19834137, 65.478805542, -8.19500637054, 8.25832557678, 48.8519096375, 37.0403327942, -40.6860389709, 53.492023468], [-131.894500732, 260.203063965, 416.806549072, 266.110961914, 173.481964111, 62.3710632324, 149.153244019, 63.9120826721, 17.300579071, 54.3052864075, 33.4858779907, -22.2096881866, 32.8718223572], [104.480018616, 241.646987915, 266.110961914, 371.110321045, 209.291015625, 13.406908989, 141.122406006, 80.6255950928, 22.0621452332, 101.70941925, 27.4353160858, -26.4993343353, 62.1235847473], [-114.934005737, 200.697219849, 173.481964111, 209.291015625, 207.362579346, 11.9235200882, 61.0590744019, 21.4320259094, 16.190448761, 37.382019043, 14.4447364807, -25.8394832611, 31.1767921448], [144.302749634, -114.19834137, 62.3710632324, 13.406908989, 11.9235200882, 226.02243042, 169.453552246, 63.73670578, -0.105166509748, 17.3214359283, -1.41616642475, -22.6290493011, -21.6038284302], [175.141662598, 65.478805542, 149.153244019, 141.122406006, 61.0590744019, 169.453552246, 314.861999512, 129.945419312, 3.63296198845, 92.6253814697, 31.4893264771, -40.4137115479, 12.718126297], [157.820877075, -8.19500637054, 63.9120826721, 80.6255950928, 21.4320259094, 63.73670578, 129.945419312, 127.922729492, 38.5404090881, 63.5884590149, 20.5527019501, -2.6813724041, 16.9951267242], [-16.1953697205, 8.25832557678, 17.300579071, 22.0621452332, 16.190448761, -0.105166509748, 3.63296198845, 38.5404090881, 88.0767440796, 43.2118682861, 5.66719102859, 11.6431798935, 13.6665353775], [138.852233887, 48.8519096375, 54.3052864075, 101.70941925, 37.382019043, 17.3214359283, 92.6253814697, 63.5884590149, 43.2118682861, 127.300048828, 40.2699356079, -4.14068937302, 23.4510402679], [-8.57054519653, 37.0403327942, 33.4858779907, 27.4353160858, 14.4447364807, -1.41616642475, 31.4893264771, 20.5527019501, 5.66719102859, 40.2699356079, 65.4060211182, 22.5547046661, 3.32987523079], [6.37343597412, -40.6860389709, -22.2096881866, -26.4993343353, -25.8394832611, -22.6290493011, -40.4137115479, -2.6813724041, 11.6431798935, -4.14068937302, 22.5547046661, 77.87109375, 27.2434902191], [7.0904340744, 53.492023468, 32.8718223572, 62.1235847473, 31.1767921448, -21.6038284302, 12.718126297, 16.9951267242, 13.6665353775, 23.4510402679, 3.32987523079, 27.2434902191, 80.0132675171]],
        "icov": [[0.00196642545052, -0.00176305195782, 0.00219825934619, -0.00297646294348, 0.0034944920335, -0.00334743130952, 0.00203667790629, -0.00282450742088, 0.00253397994675, -0.00262465863489, 0.00246847374365, -0.0020259951707, 0.00134659709875], [-0.00176305195782, 0.00501077948138, -0.00333022372797, 0.00305936485529, -0.00504199787974, 0.00637985067442, -0.00412291986868, 0.0044350521639, -0.00313633098267, 0.00306183286011, -0.00349904643372, 0.00346055161208, -0.0021947179921], [0.00219825934619, -0.00333022372797, 0.00827028229833, -0.00698778778315, 0.00391136761755, -0.00574862211943, 0.00192709534895, -0.00308022391982, 0.00168198684696, -0.000675260613207, 0.00103286921512, -0.00275129149668, 0.00213550426997], [-0.00297646294348, 0.00305936485529, -0.00698778778315, 0.0168518517166, -0.0137448431924, 0.00786931160837, -0.00402232445776, 0.000885691784788, -8.28779448057e-05, -0.00193680950906, -0.000287658069283, 0.00279169087298, -0.00441997498274], [0.0034944920335, -0.00504199787974, 0.00391136761755, -0.0137448431924, 0.0212534703314, -0.00946396682411, 0.00557867484167, -0.0024725496769, 0.00114095397294, -0.00126829487272, 0.000996314920485, -0.000304650486214, 0.00116686266847], [-0.00334743130952, 0.00637985067442, -0.00574862211943, 0.00786931160837, -0.00946396682411, 0.018525460735, -0.0121509237215, 0.00626740697771, -0.00570358615369, 0.00604647956789, -0.002164212754, 0.00260751135647, -2.27341370191e-05], [0.00203667790629, -0.00412291986868, 0.00192709534895, -0.00402232445776, 0.00557867484167, -0.0121509237215, 0.0160062089562, -0.0112479580566, 0.00790399871767, -0.00705166114494, 0.000803752511274, 0.00149498530664, -0.00052816484822], [-0.00282450742088, 0.0044350521639, -0.00308022391982, 0.000885691784788, -0.0024725496769, 0.00626740697771, -0.0112479580566, 0.023948084563, -0.0118331806734, 0.00441927276552, -0.00552606768906, 0.0025001144968, -0.00267546903342], [0.00253397994675, -0.00313633098267, 0.00168198684696, -8.28779448057e-05, 0.00114095397294, -0.00570358615369, 0.00790399871767, -0.0118331806734, 0.0225729383528, -0.012624216266, 0.00869756750762, -0.00629433477297, 0.00214373366907], [-0.00262465863489, 0.00306183286011, -0.000675260613207, -0.00193680950906, -0.00126829487272, 0.00604647956789, -0.00705166114494, 0.00441927276552, -0.012624216266, 0.0238284729421, -0.0145210828632, 0.00775754451752, -0.00458887824789], [0.00246847374365, -0.00349904643372, 0.00103286921512, -0.000287658069283, 0.000996314920485, -0.002164212754, 0.000803752511274, -0.00552606768906, 0.00869756750762, -0.0145210828632, 0.0316114388406, -0.016278937459, 0.00899057369679], [-0.0020259951707, 0.00346055161208, -0.00275129149668, 0.00279169087298, -0.000304650486214, 0.00260751135647, 0.00149498530664, 0.0025001144968, -0.00629433477297, 0.00775754451752, -0.016278937459, 0.027065044269, -0.0128534892574], [0.00134659709875, -0.0021947179921, 0.00213550426997, -0.00441997498274, 0.00116686266847, -2.27341370191e-05, -0.00052816484822, -0.00267546903342, 0.00214373366907, -0.00458887824789, 0.00899057369679, -0.0128534892574, 0.0215727817267]]
    },
    "spectral_contrast_coeffs": {
        "max": [-0.394354403019, -0.370899736881, -0.51937443018, -0.595756113529, -0.633222699165, -0.659674167633],
        "mean": [-0.702793776989, -0.766481339931, -0.732808291912, -0.753103017807, -0.751492261887, -0.740898609161],
        "min": [-0.862535893917, -0.914394557476, -0.911127150059, -0.88222271204, -0.865332961082, -0.851795375347],
        "stdev": [0.0798125565052, 0.0882956087589, 0.0749941840768, 0.0612958930433, 0.0389856398106, 0.0353055410087]
    },
    "spectral_contrast_valleys": {
        "max": [-6.08359622955, -4.9830622673, -5.52136564255, -5.62746572495, -6.78061676025, -10.9283742905],
        "mean": [-7.59414100647, -6.42492723465, -6.77755117416, -6.95483493805, -7.72754526138, -11.6637954712],
        "min": [-10.5721197128, -8.76543998718, -8.59820270538, -8.75694084167, -9.52932262421, -12.417219162],
        "stdev": [1.07016730309, 0.472702890635, 0.525037527084, 0.48803421855, 0.454926431179, 0.251653134823]
    }
},
"rhythm": {
    "beats_count": 36,
    "beats_loudness": {
        "max": 0.106123529375,
        "mean": 0.0309554301202,
        "min": 0.00110232864972,
        "stdev": 0.0241593178362
    },
    "bpm": 98.7692642212,
    "bpm_histogram_first_peak_bpm": 99,
    "bpm_histogram_first_peak_weight": 0.142857134342,
    "bpm_histogram_second_peak_bpm": 117,
    "bpm_histogram_second_peak_spread": 0,
    "bpm_histogram_second_peak_weight": 0.142857149243,
    "danceability": 0.974412024021,
    "onset_rate": 2.2781329155,
    "beats_loudness_band_ratio": {
        "max": [0.456910282373, 0.696390688419, 0.761176645756, 0.67660266161, 0.606133878231, 0.0596831254661],
        "mean": [0.0867832452059, 0.143116116524, 0.270411610603, 0.332305073738, 0.189192846417, 0.0152455335483],
        "min": [0.000930219481234, 0.0132642574608, 0.039298415184, 0.0211297161877, 0.0182033330202, 0.000601105159149],
        "stdev": [0.0977330505848, 0.155321642756, 0.213080108166, 0.199257433414, 0.111201830208, 0.0130018247291]
    },
    "beats_position": [0.592108845711, 1.19582760334, 1.78793644905, 2.38004541397, 2.9837641716, 3.59909296036, 4.20281171799, 4.80653047562, 5.41024923325, 6.025578022, 6.64090681076, 7.26784563065, 7.8831744194, 8.48689365387, 9.10222244263, 9.70594120026, 10.3096599579, 10.9133787155, 11.5170974731, 12.1208162308, 12.7361450195, 13.3514738083, 13.8623123169, 14.3731517792, 14.8839902878, 15.3948297501, 15.9056682587, 16.3700675964, 16.8228569031, 17.2756462097, 17.7168254852, 18.1580047607, 18.6224040985, 19.0868015289, 19.5279808044, 19.96916008],
