{
"metadata": {
    "version": {
        "essentia": "2.1-beta5",
        "essentia_git_sha": "Undefined",
        "extractor": "music 2.0"
    },
    "audio_properties": {
        "analysis": {
            "equal_loudness": 0,
            "length": 12.7477550507,
            "sample_rate": 44100,
            "start_time": 0,
            "downmix": "mix"
        },
        "bit_rate": 192000,
        "length": 188.058410645,
        "lossless": 0,
        "number_channels": 2,
        "replay_gain": -10.8144226074,
        "sample_rate": 44100,
        "codec": "mp3",
        "md5_encoded": "a109ff7a501df229634f63e36221296d"
    },
    "tags": {
        "file_name": "Norway_Småting_Grethe Kausland _ Benny Borg.mp3",
        "encoding": ["Lavf58.29.100"]
    }
},
"lowlevel": {
    "average_loudness": 0.760704696178,
    "barkbands_crest": {
        "max": 25.1240062714,
        "mean": 8.6931438446,
        "min": 2.70035457611,
        "stdev": 4.3584856987
    },
    "barkbands_flatness_db": {
        "max": 0.390402525663,
        "mean": 0.182471841574,
        "min": 0.0734617263079,
        "stdev": 0.0656527429819
    },
    "barkbands_kurtosis": {
        "max": 25.9580364227,
        "mean": 0.582191467285,
        "min": -1.86977863312,
        "stdev": 2.42945814133
    },
    "barkbands_skewness": {
        "max": 5.05508565903,
        "mean": 0.556082487106,
        "min": -1.81239485741,
        "stdev": 0.863164067268
    },
    "barkbands_spread": {
        "max": 39.1767959595,
        "mean": 13.032708168,
        "min": 1.9186950922,
        "stdev": 6.34748268127
    },
    "dissonance": {
        "max": 0.499797314405,
        "mean": 0.446601271629,
        "min": 0.185095503926,
        "stdev": 0.0531536303461
    },
    "dynamic_complexity": 6.91750144958,
    "erbbands_crest": {
        "max": 26.9764900208,
        "mean": 9.7038192749,
        "min": 2.88802480698,
        "stdev": 4.04257488251
    },
    "erbbands_flatness_db": {
        "max": 0.421401530504,
        "mean": 0.252759188414,
        "min": 0.0961652994156,
        "stdev": 0.0582858212292
    },
    "erbbands_kurtosis": {
        "max": 10.4603185654,
        "mean": 0.249635502696,
        "min": -1.85819423199,
        "stdev": 1.48600506783
    },
    "erbbands_skewness": {
        "max": 2.17308139801,
        "mean": -0.0787135362625,
        "min": -1.93710923195,
        "stdev": 0.652307987213
    },
    "erbbands_spread": {
        "max": 44.7522735596,
        "mean": 18.1494369507,
        "min": 4.31772518158,
        "stdev": 7.98579072952
    },
    "hfc": {
        "max": 77.4345550537,
        "mean": 7.72385549545,
        "min": 1.23267659258e-16,
        "stdev": 13.868393898
    },
    "loudness_ebu128": {
        "integrated": -16.9406757355,
        "loudness_range": 10.1682949066,
        "momentary": {
            "max": -11.3436756134,
            "mean": -20.5912876129,
            "min": -28.7318267822,
            "stdev": 5.61396503448
        },
        "short_term": {
            "max": -14.2344579697,
            "mean": -19.19282341,
            "min": -26.7889823914,
            "stdev": 4.40072154999
        }
    },
    "melbands_crest": {
        "max": 30.0554466248,
        "mean": 10.8755683899,
        "min": 2.0329387188,
        "stdev": 5.54939031601
    },
    "melbands_flatness_db": {
        "max": 0.419035375118,
        "mean": 0.229053393006,
        "min": 0.00510487658903,
        "stdev": 0.0713179782033
    },
    "melbands_kurtosis": {
        "max": 57.5928115845,
        "mean": 1.88054573536,
        "min": -1.53674972057,
        "stdev": 4.28287982941
    },
    "melbands_skewness": {
        "max": 6.8779129982,
        "mean": 1.03249919415,
        "min": -1.36001694202,
        "stdev": 0.955601930618
    },
    "melbands_spread": {
        "max": 124.215248108,
        "mean": 22.0053577423,
        "min": 2.91386675835,
        "stdev": 12.204615593
    },
    "pitch_salience": {
        "max": 0.874587833881,
        "mean": 0.65365421772,
        "min": 0.235696688294,
        "stdev": 0.112583324313
    },
    "silence_rate_20dB": {
        "max": 1,
        "mean": 1,
        "min": 1,
        "stdev": 0
    },
    "silence_rate_30dB": {
        "max": 1,
        "mean": 1,
        "min": 1,
        "stdev": 0
    },
    "silence_rate_60dB": {
        "max": 1,
        "mean": 0.639999985695,
        "min": 0,
        "stdev": 0.48000010848
    },
    "spectral_centroid": {
        "max": 11120.8955078,
        "mean": 1198.92382812,
        "min": 345.71875,
        "stdev": 618.811645508
    },
    "spectral_complexity": {
        "max": 24,
        "mean": 7.93818187714,
        "min": 0,
        "stdev": 5.07863330841
    },
    "spectral_decrease": {
        "max": 7.38786907223e-29,
        "mean": -2.355105444e-09,
        "min": -2.37985133822e-08,
        "stdev": 4.34781011194e-09
    },
    "spectral_energy": {
        "max": 0.0968444123864,
        "mean": 0.00958927627653,
        "min": 1.09019141248e-20,
        "stdev": 0.0176396649331
    },
    "spectral_energyband_high": {
        "max": 3.73047078028e-05,
        "mean": 4.71788371215e-06,
        "min": 7.93339231977e-21,
        "stdev": 3.33511161443e-06
    },
    "spectral_energyband_low": {
        "max": 0.000442714750534,
        "mean": 4.36308255303e-05,
        "min": 3.61950272352e-23,
        "stdev": 6.00249913987e-05
    },
    "spectral_energyband_middle_high": {
        "max": 0.0281387940049,
        "mean": 0.00278710946441,
        "min": 1.43243256436e-21,
        "stdev": 0.00496975332499
    },
    "spectral_energyband_middle_low": {
        "max": 0.0775080993772,
        "mean": 0.0068239220418,
        "min": 4.19306304043e-22,
        "stdev": 0.013560147956
    },
    "spectral_entropy": {
        "max": 9.80542564392,
        "mean": 7.09709405899,
        "min": 5.55654239655,
        "stdev": 0.472844809294
    },
    "spectral_flux": {
        "max": 0.273121148348,
        "mean": 0.0486570298672,
        "min": 1.04412228863e-10,
        "stdev": 0.0527525320649
    },
    "spectral_kurtosis": {
        "max": 71.8041763306,
        "mean": 17.5845775604,
        "min": -1.21758008003,
        "stdev": 10.6223707199
    },
    "spectral_rms": {
        "max": 0.00972020346671,
        "mean": 0.00223897327669,
        "min": 3.2612901095e-12,
        "stdev": 0.00208384101279
    },
    "spectral_rolloff": {
        "max": 19121.484375,
        "mean": 1640.39892578,
        "min": 279.931640625,
        "stdev": 1170.98278809
    },
    "spectral_skewness": {
        "max": 6.38361692429,
        "mean": 2.81518983841,
        "min": -0.0419171191752,
        "stdev": 0.793327510357
    },
    "spectral_spread": {
        "max": 41289480,
        "mean": 2362567.5,
        "min": 951456.25,
        "stdev": 1806652.5
    },
    "spectral_strongpeak": {
        "max": 6.56640291214,
        "mean": 0.791146039963,
        "min": 0,
        "stdev": 1.06676101685
    },
    "zerocrossingrate": {
        "max": 0.5166015625,
        "mean": 0.0534836649895,
        "min": 0.017578125,
        "stdev": 0.0307031087577
    },
    "barkbands": {
        "max": [2.75817319562e-06, 0.00016616328503, 0.000231058569625, 0.00122075621039, 0.00542105920613, 0.0322842672467, 0.0608030632138, 0.0370400026441, 0.0689603611827, 0.0159777142107, 0.0258026514202, 0.0203589051962, 0.0125422375277, 0.00699245603755, 0.0110897831619, 0.0110440263525, 0.00624892720953, 0.00214263959788, 9.26969223656e-05, 3.4475029679e-05, 1.40842912515e-05, 1.72447525983e-05, 1.95187249119e-06, 8.5495418034e-07, 5.73963745865e-07, 5.99462509854e-07, 1.89479383295e-08],
        "mean": [2.85039845949e-07, 1.25277665575e-05, 1.57069825946e-05, 6.02075306233e-05, 0.000334088632371, 0.00125546392519, 0.00142805196811, 0.00165147136431, 0.0019484097138, 0.000374208699213, 0.000356962438673, 0.000485982251121, 0.000484808086185, 0.000268027448328, 0.0003272179747, 0.000292874639854, 0.000222506394493, 5.48405332665e-05, 9.17859961191e-06, 3.09455799652e-06, 1.36428411679e-06, 6.85923396304e-07, 3.53461501845e-07, 2.7218581522e-07, 3.6009319615e-07, 3.38819887702e-07, 3.1591054217e-09],
        "min": [2.3965319777e-23, 1.44290264184e-23, 1.19069639515e-23, 9.65813765859e-24, 2.84771813254e-23, 5.19094109908e-23, 9.19140463303e-23, 1.13037999567e-22, 1.05866862664e-22, 3.68709863677e-23, 3.927478123e-23, 1.64808037769e-22, 1.27609686747e-22, 7.86868684337e-23, 1.68505813796e-22, 1.44041167154e-22, 1.37692048557e-22, 1.96671290934e-22, 2.35572041654e-22, 3.83108771386e-22, 3.56578028613e-22, 4.85451924915e-22, 4.20769117219e-22, 7.9298191459e-22, 1.48208965441e-21, 1.75162482122e-21, 2.63947476962e-21],
        "stdev": [3.00091897998e-07, 2.12516606553e-05, 3.23051026498e-05, 0.000118067211588, 0.000590360199567, 0.00356311630458, 0.00528386281803, 0.00537275196984, 0.00756132835522, 0.00127426872496, 0.00178743735887, 0.00163055805024, 0.00145690748468, 0.000687326828483, 0.00109800416976, 0.000791603757534, 0.00060992554063, 0.000187476616702, 1.05469343907e-05, 2.80114363704e-06, 1.36574396947e-06, 9.16129181405e-07, 2.43757341423e-07, 7.56403579771e-08, 6.37542356685e-08, 5.53213617138e-08, 2.05483963178e-09]
    },
    "erbbands": {
        "max": [0.00124744139612, 0.0529365129769, 0.295239925385, 1.86082589626, 9.22934341431, 26.4615688324, 80.4779129028, 285.016784668, 954.043823242, 697.844909668, 966.164794922, 2202.68310547, 872.359191895, 764.823669434, 379.175933838, 563.261779785, 696.679077148, 405.393920898, 415.348876953, 604.525939941, 302.992431641, 353.56439209, 153.16204834, 8.11583328247, 3.13775205612, 1.63114225864, 0.958001971245, 0.606210947037, 0.716167509556, 0.256630837917, 0.0647360831499, 0.0329648405313, 0.00830829050392, 0.0067055397667, 0.00520246615633, 0.00296347192489, 0.0011056427611, 8.51288932608e-05, 5.13933700859e-05, 0.000112976333185],
        "mean": [0.000169359118445, 0.00363455782644, 0.0191607289016, 0.101284444332, 0.638759553432, 1.29720818996, 2.44293642044, 13.224152565, 22.4098510742, 23.9084186554, 38.6274261475, 49.4745521545, 18.4299316406, 15.6513776779, 14.014040947, 18.6868362427, 23.7363929749, 16.704126358, 13.0246858597, 18.1907157898, 16.2066516876, 12.43501091, 4.37149238586, 0.88531690836, 0.330581486225, 0.157496675849, 0.0726435929537, 0.0431975238025, 0.0264656040817, 0.0148643180728, 0.00993607006967, 0.00612813187763, 0.00449823075905, 0.00365116633475, 0.00278160092421, 0.00165718467906, 0.000630826572888, 5.25702125742e-05, 6.06188268648e-06, 1.12883344627e-05],
        "min": [6.28369539569e-22, 2.88376285338e-21, 1.44889893135e-20, 1.93329412092e-20, 1.34803349681e-19, 3.87014027171e-20, 1.59037117915e-19, 4.51872121628e-19, 8.71873698037e-19, 2.60106302552e-18, 1.75424080253e-18, 2.03385142422e-18, 2.21748634739e-18, 1.48665159668e-18, 2.16038834445e-18, 7.22703896157e-18, 6.76967425727e-18, 4.95793654396e-18, 6.27093728746e-18, 7.79108266792e-18, 8.61777855263e-18, 7.68054321394e-18, 9.14746944815e-18, 1.2313582652e-17, 1.2570100459e-17, 1.87159059993e-17, 1.69339554734e-17, 1.35228801757e-17, 1.60653149142e-17, 1.63325107957e-17, 1.17328075634e-17, 1.85479982611e-17, 1.19860009315e-17, 1.34257327759e-17, 1.22497433339e-17, 7.52929572048e-18, 3.00418846308e-18, 1.53752382474e-18, 3.045782413e-19, 3.89618547501e-20],
        "stdev": [0.000193706873688, 0.00645471084863, 0.0368319936097, 0.168622016907, 1.17590296268, 2.74565124512, 6.68079185486, 36.9229698181, 78.4053421021, 75.7240829468, 118.215126038, 205.534332275, 65.4005126953, 61.5402603149, 43.2779998779, 51.0923271179, 71.5899887085, 44.6975669861, 37.0934295654, 60.5765190125, 38.075717926, 33.7021522522, 13.7425794601, 1.02489590645, 0.377053767443, 0.143165364861, 0.0722979456186, 0.0469761900604, 0.0369578562677, 0.0158924665302, 0.00682489434257, 0.00266372156329, 0.00105176656507, 0.000763434509281, 0.000569795316551, 0.000318491918733, 0.00011439404625, 9.75965758698e-06, 9.16420958674e-06, 2.05531760002e-05]
    },
    "gfcc": {
        "mean": [-147.117996216, 116.26322937, -164.191101074, -27.0727405548, -49.7597122192, -8.43564891815, -56.4589538574, 3.68101739883, -26.8898735046, 2.16351151466, -18.2628326416, 1.84554171562, -12.0496778488],
        "cov": [[5219.79101562, 1032.6784668, -835.625366211, -703.381164551, -228.512496948, -544.601867676, -342.104675293, -141.271194458, 190.336761475, -149.161346436, -51.8596839905, -121.805168152, -11.0383405685], [1032.6784668, 632.151062012, 207.699127197, -285.045288086, -83.224937439, -193.211029053, -89.5805130005, -46.2476463318, 16.1146564484, -73.9668655396, 53.709854126, -49.9870491028, 15.9718170166], [-835.625366211, 207.699127197, 686.91217041, 255.556838989, 22.3839378357, 106.171325684, 29.7503452301, 37.4145431519, -159.746032715, 11.1311826706, 56.7426528931, 37.1696853638, 18.9150009155], [-703.381164551, -285.045288086, 255.556838989, 653.106018066, 180.741165161, 166.727020264, -11.3831920624, 68.643699646, -123.269607544, 63.068157196, -57.1849212646, 54.8857078552, -19.7141418457], [-228.512496948, -83.224937439, 22.3839378357, 180.741165161, 151.456588745, 52.3934440613, -19.6757164001, 33.6558494568, 7.19042444229, 14.4706544876, -18.1257400513, 1.28066015244, -14.5694484711], [-544.601867676, -193.211029053, 106.171325684, 166.727020264, 52.3934440613, 319.635009766, 173.724502563, 70.3125991821, -111.695579529, 58.4350967407, 3.56575012207, 29.0106296539, -17.8881568909], [-342.104675293, -89.5805130005, 29.7503452301, -11.3831920624, -19.6757164001, 173.724502563, 200.949035645, 74.3269119263, -37.0706825256, 23.3082714081, 13.319975853, -4.38464736938, -6.20737838745], [-141.271194458, -46.2476463318, 37.4145431519, 68.643699646, 33.6558494568, 70.3125991821, 74.3269119263, 111.17376709, 23.7730579376, 18.4965209961, -15.2544288635, -4.10456562042, -6.59591293335], [190.336761475, 16.1146564484, -159.746032715, -123.269607544, 7.19042444229, -111.695579529, -37.0706825256, 23.7730579376, 175.279083252, 3.87493014336, -25.1333065033, -34.0571861267, 2.84600496292], [-149.161346436, -73.9668655396, 11.1311826706, 63.068157196, 14.4706544876, 58.4350967407, 23.3082714081, 18.4965209961, 3.87493014336, 74.5100097656, 27.7019481659, 7.74357032776, -8.79543781281], [-51.8596839905, 53.709854126, 56.7426528931, -57.1849212646, -18.1257400513, 3.56575012207, 13.319975853, -15.2544288635, -25.1333065033, 27.7019481659, 84.1257095337, 26.5748004913, 2.02432990074], [-121.805168152, -49.9870491028, 37.1696853638, 54.8857078552, 1.28066015244, 29.0106296539, -4.38464736938, -4.10456562042, -34.0571861267, 7.74357032776, 26.5748004913, 61.4004936218, 22.8059635162], [-11.0383405685, 15.9718170166, 18.9150009155, -19.7141418457, -14.5694484711, -17.8881568909, -6.20737838745, -6.59591293335, 2.84600496292, -8.79543781281, 2.02432990074, 22.8059635162, 45.5369987488]],
        "icov": [[0.00334649044089, -0.0114554604515, 0.0102890459821, -0.00515423994511, 0.00573052233085, -0.00323882023804, 0.00367786968127, -0.003189092502, 0.00185630912893, -0.000973121903371, 0.000586265872698, -0.00175399659202, -0.000527106458321], [-0.0114554604515, 0.0438975207508, -0.0373852103949, 0.0197814311832, -0.0195398926735, 0.0117329023778, -0.00981344655156, 0.00906068552285, -0.00552660878748, 0.0059795002453, -0.00500657455996, 0.0108834197745, 0.000523402355611], [0.0102890459821, -0.0373852103949, 0.0358116738498, -0.0196746792644, 0.0203366950154, -0.0127273844555, 0.0125759867951, -0.0111168641597, 0.00545507995412, 0.000479557667859, -0.00432619638741, -0.00149910594337, -0.00548041332513], [-0.00515423994511, 0.0197814311832, -0.0196746792644, 0.0184091068804, -0.0182434730232, 0.0117157883942, -0.00773044908419, 0.00319143151864, 0.00553252128884, -0.0115780513734, 0.0155142759904, -0.0090992031619, 0.00741371279582], [0.00573052233085, -0.0195398926735, 0.0203366950154, -0.0182434730232, 0.029457507655, -0.0173978470266, 0.0164578836411, -0.00863437633961, -0.00671386532485, 0.0142230456695, -0.0175948962569, 0.0122488792986, -0.00670511974022], [-0.00323882023804, 0.0117329023778, -0.0127273844555, 0.0117157883942, -0.0173978470266, 0.0237916652113, -0.0188955757767, 0.00427078921348, 0.0103938682005, -0.0184110384434, 0.0200295317918, -0.0159422326833, 0.0101689929143], [0.00367786968127, -0.00981344655156, 0.0125759867951, -0.00773044908419, 0.0164578836411, -0.0188955757767, 0.0273350868374, -0.0143325757235, -0.00134343618993, 0.0125149264932, -0.0174873527139, 0.0171648990363, -0.0100617958233], [-0.003189092502, 0.00906068552285, -0.0111168641597, 0.00319143151864, -0.00863437633961, 0.00427078921348, -0.0143325757235, 0.0230512470007, -0.00854232534766, -0.00199661892839, 0.00598042365164, -0.00527880899608, 0.00487473933026], [0.00185630912893, -0.00552660878748, 0.00545507995412, 0.00553252128884, -0.00671386532485, 0.0103938682005, -0.00134343618993, -0.00854232534766, 0.0220898482949, -0.0178785603493, 0.0163706876338, -0.00754434848204, 0.00124891172163], [-0.000973121903371, 0.0059795002453, 0.000479557667859, -0.0115780513734, 0.0142230456695, -0.0184110384434, 0.0125149264932, -0.00199661892839, -0.0178785603493, 0.0472435355186, -0.0405317172408, 0.02779619582, -0.0106864534318], [0.000586265872698, -0.00500657455996, -0.00432619638741, 0.0155142759904, -0.0175948962569, 0.0200295317918, -0.0174873527139, 0.00598042365164, 0.0163706876338, -0.0405317172408, 0.0596566423774, -0.0437331832945, 0.0215315632522], [-0.00175399659202, 0.0108834197745, -0.00149910594337, -0.0090992031619, 0.0122488792986, -0.0159422326833, 0.0171648990363, -0.00527880899608, -0.00754434848204, 0.02779619582, -0.0437331832945, 0.061792768538, -0.0314901322126], [-0.000527106458321, 0.000523402355611, -0.00548041332513, 0.00741371279582, -0.00670511974022, 0.0101689929143, -0.0100617958233, 0.00487473933026, 0.00124891172163, -0.0106864534318, 0.0215315632522, -0.0314901322126, 0.0409903824329]]
    },
    "melbands": {
        "max": [2.38970696955e-05, 0.000119712494779, 0.000397802155931, 0.00148514553439, 0.00244484213181, 0.00696112634614, 0.0141952876002, 0.00804280582815, 0.00944209937006, 0.0131162600592, 0.00433716038242, 0.00280714360997, 0.00226161535829, 0.00304260361008, 0.00107232364826, 0.00111552479211, 0.000793492887169, 0.000661760568619, 0.000902205938473, 0.000961441430263, 0.000330309645506, 0.000473931286251, 0.000368586421246, 2.15916807065e-05, 4.38987308371e-06, 4.64345521323e-06, 1.20456104469e-06, 1.08145957256e-06, 6.93705942467e-07, 3.66563682519e-07, 3.96127177282e-07, 4.07508565559e-07, 3.23909546296e-07, 6.85139625034e-08, 3.98503097188e-08, 3.09272856214e-08, 1.53006247672e-08, 6.86984291676e-09, 5.90203308448e-09, 5.47838929776e-09],
        "mean": [2.43494764618e-06, 8.33798640087e-06, 3.30809343723e-05, 7.1264556027e-05, 8.03860530141e-05, 0.00029239495052, 0.000334657670464, 0.000290098629193, 0.000321987987263, 0.000292770942906, 7.97446336946e-05, 6.02649342909e-05, 4.51593914477e-05, 6.07538750046e-05, 4.43883873231e-05, 4.65885677841e-05, 2.86362082988e-05, 1.84559376066e-05, 2.58137861238e-05, 1.99637197511e-05, 1.87793393707e-05, 1.35606287586e-05, 8.13630776975e-06, 1.47543107687e-06, 5.84493250244e-07, 2.77589492725e-07, 1.46753293961e-07, 9.12043773837e-08, 4.61170373001e-08, 3.35226779669e-08, 2.16989377577e-08, 1.55509400912e-08, 1.13981561967e-08, 6.91654156171e-09, 5.95758686828e-09, 4.44058523286e-09, 3.48105122505e-09, 3.10819681104e-09, 3.05099545628e-09, 3.04923797323e-09],
        "min": [5.60722725862e-24, 5.63788594327e-24, 7.23917063452e-24, 6.4741238623e-24, 4.57200351497e-24, 1.15892683657e-23, 1.36193316967e-23, 2.98522321476e-23, 1.22989639236e-23, 1.42705411071e-23, 1.07553193266e-23, 5.47982148926e-24, 6.21166983914e-24, 1.46151123951e-23, 2.01431435408e-23, 1.27223321608e-23, 8.26036133152e-24, 7.87435985768e-24, 1.21168766829e-23, 1.02820438042e-23, 9.64823587651e-24, 7.79364597644e-24, 7.30292952832e-24, 9.42306736403e-24, 1.01753527334e-23, 8.70855896571e-24, 8.87576197887e-24, 1.41764221125e-23, 1.08102208902e-23, 9.27202732195e-24, 7.52555869755e-24, 8.72726522435e-24, 1.01441872056e-23, 8.43992500621e-24, 6.02977744705e-24, 8.61474920458e-24, 1.17631861629e-23, 8.10102957246e-24, 9.73247675486e-24, 1.14315174839e-23],
        "stdev": [3.56617260877e-06, 1.44772420754e-05, 5.10571117047e-05, 0.000140178846777, 0.000205060074222, 0.000815446837805, 0.00118012866005, 0.000919163634535, 0.0009828513721, 0.00120700185653, 0.000312140735332, 0.000234474850004, 0.000169114762684, 0.000223406299483, 0.000119265896501, 0.000136820657644, 7.93347207946e-05, 5.56179365958e-05, 8.96545680007e-05, 6.3905659772e-05, 4.42679884145e-05, 3.82081161661e-05, 3.06720321532e-05, 2.56351518146e-06, 6.32098874576e-07, 4.01021253538e-07, 1.46143207758e-07, 9.22355312127e-08, 5.22761496313e-08, 3.5447438762e-08, 2.58044412504e-08, 2.19551843372e-08, 1.65441758071e-08, 6.37692076921e-09, 4.36755431821e-09, 2.94163626791e-09, 1.33835487137e-09, 8.79611161686e-10, 7.82778508679e-10, 7.27462534655e-10]
    },
    "melbands128": {
        "max": [1.63752474691e-06, 7.69801408751e-06, 3.13787204504e-05, 0.000115221191663, 0.000185114491615, 0.000103800892248, 0.000307101669023, 0.000729077029973, 0.00120625423733, 0.00248301937245, 0.00192308984697, 0.00123864924535, 0.00235445261933, 0.00822774972767, 0.00982648320496, 0.0167022608221, 0.0236275661737, 0.026012327522, 0.0172243323177, 0.0111353639513, 0.0144536681473, 0.0133837442845, 0.0102287260816, 0.0243403501809, 0.0267651285976, 0.0106631247327, 0.00927733629942, 0.00547157879919, 0.00242710742168, 0.00339133362286, 0.00494617549703, 0.00793538335711, 0.00100178166758, 0.00152836181223, 0.00521236425266, 0.00356807745993, 0.00150670064613, 0.000993292313069, 0.00279203080572, 0.00303212553263, 0.0015700814547, 0.00240849447437, 0.0016085235402, 0.000774184241891, 0.000523346359842, 0.00137532688677, 0.000772547908127, 0.00108406017534, 0.00234486791305, 0.00191402516793, 0.0011757730972, 0.000730402709451, 0.000595689984038, 0.000549377757125, 0.000577939848881, 0.000704399310052, 0.000281940272544, 0.000672871654388, 0.000352585222572, 6.06639841862e-05, 2.75145193882e-05, 1.04215760075e-05, 6.15873432253e-06, 5.96647078055e-06, 9.26615120989e-06, 9.59893986874e-06, 3.81878271583e-06, 2.09389395422e-06, 1.06958452761e-06, 1.03832996956e-06, 1.65040205502e-06, 1.22275309877e-06, 9.10192738957e-07, 5.47251033822e-07, 4.75785043363e-07, 4.6170939072e-07, 2.63388727717e-07, 4.63780452264e-07, 5.59844806958e-07, 2.56105124663e-07, 3.68067247791e-07, 4.86010264922e-07, 4.68470318538e-07, 3.02771525185e-07, 2.4652942443e-07, 1.06507826558e-07, 5.29403223481e-08, 4.64289655611e-08, 4.32780815629e-08, 4.46277219623e-08, 5.08527762122e-08, 3.52597204767e-08, 2.7986244433e-08, 2.00353920121e-08, 1.35238300558e-08, 1.01063539759e-08, 9.3707734905e-09, 8.92560247934e-09, 7.5940134181e-09, 7.97604560177e-09, 7.9938651254e-09, 7.44589145896e-09, 1.09539950444e-08, 8.47640446722e-09, 1.19013403577e-08, 9.21153109346e-09, 6.98030300228e-09, 7.75646835649e-09, 6.67972877011e-09, 6.69854793856e-09, 6.59281162996e-09, 4.81558970478e-09, 5.12568609778e-09, 3.93474275384e-09, 2.24352536549e-09, 9.35869048924e-10, 4.2196635075e-10, 4.69109508183e-11, 4.52053394717e-11, 4.41090497461e-11, 4.30739749424e-11, 4.21352362723e-11, 4.13334540206e-11, 4.06181407953e-11, 4.00788568999e-11, 3.96113454537e-11, 3.93155091816e-11, 3.90357711433e-11],
        "mean": [2.10377322674e-07, 8.53081928653e-07, 2.45846536018e-06, 7.06401760908e-06, 9.77841409622e-06, 6.86624116497e-06, 1.26233271658e-05, 3.87276231777e-05, 6.66324995109e-05, 7.70475453464e-05, 7.55248838686e-05, 5.51178709429e-05, 4.99757588841e-05, 0.00014077819651, 0.000285938993329, 0.000396189599996, 0.000372355774743, 0.000362475257134, 0.000237050728174, 0.000229372162721, 0.000332431838615, 0.000397030002205, 0.000249341595918, 0.000336800672812, 0.000437498645624, 0.000207335921004, 0.000128868734464, 6.86292114551e-05, 3.9455931983e-05, 4.78977926832e-05, 7.45338475099e-05, 7.45972138247e-05, 2.77382187051e-05, 3.09118040605e-05, 7.80243353802e-05, 6.79821605445e-05, 3.71248570445e-05, 2.90191001113e-05, 5.93509794271e-05, 6.89597582095e-05, 3.28903479385e-05, 3.36746670655e-05, 3.78726035706e-05, 2.04872158065e-05, 1.26512968563e-05, 2.30942896451e-05, 1.82618878171e-05, 2.17475262616e-05, 3.47902132489e-05, 2.37884851231e-05, 1.63505519595e-05, 1.54281515279e-05, 2.44694092544e-05, 1.70516377693e-05, 1.40741030918e-05, 1.55356447067e-05, 9.52584468905e-06, 1.27375005832e-05, 6.11416498941e-06, 1.93275036509e-06, 1.38009238526e-06, 1.026988798e-06, 7.61457670251e-07, 4.26738409942e-07, 3.20968922551e-07, 2.90313636242e-07, 2.6480384463e-07, 1.56278957775e-07, 1.15665898193e-07, 1.22430890315e-07, 1.17578309755e-07, 5.7694553135e-08, 4.99108310237e-08, 4.66433149882e-08, 3.79310804988e-08, 3.66557166842e-08, 3.02916518535e-08, 2.53319054622e-08, 2.05232755235e-08, 1.85009767506e-08, 1.6071048492e-08, 1.45959795361e-08, 1.31137616322e-08, 1.21559189381e-08, 8.94161900078e-09, 7.1006036606e-09, 6.37068398035e-09, 5.98699134713e-09, 6.31224228442e-09, 5.56763435355e-09, 5.08566744273e-09, 3.97387323048e-09, 3.6266891712e-09, 3.5377512031e-09, 3.33083738369e-09, 3.23754245635e-09, 3.01252134349e-09, 2.99506797141e-09, 3.01243385792e-09, 3.14178483229e-09, 3.06830161279e-09, 2.95273805406e-09, 3.13593728762e-09, 3.25584070815e-09, 3.19306137087e-09, 3.08867553755e-09, 3.05457037442e-09, 3.03292391202e-09, 2.8079034653e-09, 2.87757129236e-09, 2.60917354389e-09, 2.39726216655e-09, 2.13782169745e-09, 1.68173841519e-09, 9.56309254008e-10, 3.62416319177e-10, 1.1355360402e-10, 1.60886614361e-12, 1.47744642041e-12, 1.44153493396e-12, 1.40704570391e-12, 1.37777387155e-12, 1.35194308006e-12, 1.32668344626e-12, 1.30945926845e-12, 1.29622148518e-12, 1.2858607408e-12, 1.27754447646e-12],
        "min": [7.59721251129e-24, 6.0276447616e-24, 5.20087632887e-24, 4.01009828661e-24, 8.26866172596e-24, 4.17699956048e-24, 2.09765944143e-24, 6.31314969484e-24, 1.9364545716e-23, 5.03801560055e-24, 6.22707126363e-25, 3.12069799579e-25, 3.00968066383e-24, 1.37259430926e-23, 8.83735470798e-24, 9.58900346658e-24, 2.13878445647e-23, 5.13377305925e-24, 1.51936093404e-23, 3.67597001821e-23, 3.45765528704e-23, 2.15063582939e-23, 4.39618929616e-24, 8.38766612668e-24, 1.3009882216e-23, 1.44524871417e-23, 2.54350938612e-23, 8.1012709639e-24, 1.09609540653e-24, 4.82871936391e-24, 5.74674519831e-24, 9.25632346791e-24, 5.26444274061e-24, 4.90663160565e-24, 7.48059835912e-24, 2.28023920746e-23, 1.77986205315e-23, 2.52312001385e-23, 1.71482047152e-23, 1.27201683154e-23, 1.13646536336e-23, 1.12637851451e-23, 1.10080356507e-23, 5.65243411608e-24, 2.48696998955e-24, 2.76873591932e-24, 2.38534924328e-23, 9.74854506263e-24, 8.79635524015e-24, 1.2586711194e-23, 5.7544050377e-24, 1.55004951652e-23, 1.06859240216e-23, 7.47845107973e-24, 6.31146902669e-24, 8.51401955559e-24, 7.59459743739e-24, 8.057799206e-24, 5.66164485601e-24, 1.02292201003e-23, 5.75711359162e-24, 1.31801570535e-23, 1.26231194914e-23, 4.84376018036e-24, 1.49010918281e-23, 3.86656504491e-24, 1.14441605576e-23, 8.34305525363e-24, 9.66495183909e-24, 6.37697524739e-24, 1.59599877098e-23, 1.7505083811e-23, 1.28709772212e-23, 7.39421651227e-24, 1.03743239641e-23, 1.25598418027e-23, 6.06907021431e-24, 7.85439142159e-24, 6.97168288991e-24, 6.7930256164e-24, 1.21410868241e-23, 6.99337656481e-24, 8.58376827025e-24, 1.1224028922e-23, 1.07229223869e-23, 9.51449397636e-24, 7.28877578596e-24, 6.63164834102e-24, 5.59883693403e-24, 6.31895334452e-24, 5.63196711989e-24, 8.44891723167e-24, 1.40854064967e-23, 1.57319848201e-23, 7.02519605828e-24, 8.7276557105e-24, 9.07404295626e-24, 4.79352867336e-24, 8.39041294035e-24, 1.49094916191e-23, 1.03198633737e-23, 8.94637765166e-24, 1.61073469269e-23, 1.06454365245e-23, 1.49467148097e-23, 1.65469680654e-23, 1.05826786952e-23, 1.712238372e-23, 1.05378169644e-23, 1.39365090008e-23, 1.26238996748e-23, 8.9471254918e-24, 1.17843718114e-23, 3.46282090602e-24, 1.02783763899e-23, 1.14537538951e-23, 1.92555535379e-23, 8.76563778536e-24, 8.77387033777e-24, 7.55545652586e-24, 8.97505353443e-24, 1.13081569933e-23, 9.76677011613e-24, 1.16191748715e-23, 1.39498155066e-23, 1.13626065395e-23, 1.06902343576e-23, 1.28138684248e-23],
        "stdev": [2.26638576351e-07, 1.0150978369e-06, 3.55069096258e-06, 1.36552971526e-05, 2.16221615119e-05, 1.30550843096e-05, 2.56979528785e-05, 7.61440824135e-05, 0.00013433676213, 0.000214815780055, 0.00018863331934, 0.000126734696096, 0.0001457236649, 0.000623276573606, 0.000982505502179, 0.00142137671355, 0.0014256372815, 0.00184300297406, 0.00124869914725, 0.000969626475126, 0.00140066014137, 0.00160841550678, 0.000969982822426, 0.00179032818414, 0.00225759437308, 0.00101130071562, 0.000703676836565, 0.00034255196806, 0.000186337900232, 0.000197179353563, 0.000374773953808, 0.000526481831912, 8.53034289321e-05, 0.000125775666675, 0.000409220461734, 0.000252981728408, 0.000112678593723, 9.4644499768e-05, 0.000228891512961, 0.000272772507742, 0.000138334173243, 0.000153548608068, 0.000132637942443, 6.3308114477e-05, 3.4373744711e-05, 0.00010271694191, 6.52495145914e-05, 8.67372291395e-05, 0.000163466393133, 0.000114505754027, 6.51553709758e-05, 4.88178702653e-05, 7.12287946953e-05, 4.76984641864e-05, 4.31736516475e-05, 5.54178768652e-05, 2.93369375868e-05, 5.76999482291e-05, 2.76525352092e-05, 5.35172375749e-06, 2.27201712732e-06, 1.34533524943e-06, 9.28461872718e-07, 6.07663878327e-07, 6.80838184053e-07, 6.34618572803e-07, 4.71617255471e-07, 1.93618092226e-07, 1.40616734257e-07, 1.33132516567e-07, 1.58202837497e-07, 7.95063570536e-08, 7.05037024318e-08, 5.49380416714e-08, 4.37955556265e-08, 4.35419309497e-08, 3.79762390423e-08, 3.94516277424e-08, 3.10495309463e-08, 2.15396394054e-08, 2.40436168752e-08, 2.47249971608e-08, 2.29541221586e-08, 1.73298744244e-08, 1.38167406405e-08, 7.64503482742e-09, 5.78088243941e-09, 5.12431963529e-09, 5.86976556249e-09, 4.57400028964e-09, 4.58065807507e-09, 2.85305357117e-09, 2.11313699872e-09, 1.79037051851e-09, 1.60899804591e-09, 1.39186118187e-09, 1.23804733132e-09, 1.17649578968e-09, 1.14212339586e-09, 1.17389031828e-09, 1.12064557634e-09, 1.02162966975e-09, 1.1916888587e-09, 1.18426324303e-09, 1.19542842292e-09, 1.12279363584e-09, 1.04464414896e-09, 1.0462527511e-09, 9.42811828608e-10, 9.4730256972e-10, 8.15733369741e-10, 7.55232931748e-10, 6.70369482147e-10, 5.14148112973e-10, 3.16151771429e-10, 1.22229865118e-10, 6.48341935694e-11, 4.2154240168e-12, 4.08095692656e-12, 3.971906571e-12, 3.87449837838e-12, 3.78801547421e-12, 3.71409543745e-12, 3.6482522732e-12, 3.59625567173e-12, 3.5541112154e-12, 3.52367158889e-12, 3.50213478009e-12]
    },
    "mfcc": {
        "mean": [-784.970825195, 170.744094849, -59.0907707214, -13.6197347641, 1.17930424213, -15.6971340179, -17.3195667267, -10.3443660736, -8.55858325958, -9.04056835175, -5.13873910904, -2.01578426361, -1.37662243843],
        "cov": [[2328.12792969, 795.105163574, -674.643371582, -282.649261475, -156.822463989, -317.763275146, -510.043365479, -150.002502441, 18.546125412, -106.308563232, -5.27143573761, 85.4924087524, -60.0147209167], [795.105163574, 879.227600098, 125.262466431, -221.390548706, -90.2474975586, -242.818481445, -136.444915771, -84.9615936279, -71.136390686, -68.6361923218, -40.0860328674, 33.7560348511, 29.85313797], [-674.643371582, 125.262466431, 618.903381348, 182.039810181, 61.5792350769, 54.17760849, 229.16204834, 32.5943222046, -69.1507873535, 11.4539728165, -57.1529922485, -66.8619613647, 60.5537834167], [-282.649261475, -221.390548706, 182.039810181, 389.230560303, 211.960021973, 62.6169319153, 41.337310791, 4.55929517746, 2.98775172234, 6.28248500824, -27.7533874512, -46.3504638672, 5.93845176697], [-156.822463989, -90.2474975586, 61.5792350769, 211.960021973, 229.666641235, 45.7124862671, -11.8635444641, -3.87912321091, 6.32936573029, -5.26016569138, -11.231716156, -9.9727678299, -1.26890575886], [-317.763275146, -242.818481445, 54.17760849, 62.6169319153, 45.7124862671, 177.812164307, 153.510894775, 44.3441619873, 1.7878909111, 40.5534362793, 13.8876695633, -25.0308380127, -1.32761001587], [-510.043365479, -136.444915771, 229.16204834, 41.337310791, -11.8635444641, 153.510894775, 331.169067383, 101.622520447, -26.7831878662, 66.7845306396, 15.3329315186, -45.2574424744, 28.9688739777], [-150.002502441, -84.9615936279, 32.5943222046, 4.55929517746, -3.87912321091, 44.3441619873, 101.622520447, 104.540367126, 50.4707298279, 34.9162445068, 9.5446100235, -17.3878917694, 8.81527996063], [18.546125412, -71.136390686, -69.1507873535, 2.98775172234, 6.32936573029, 1.7878909111, -26.7831878662, 50.4707298279, 117.381782532, 57.973285675, 9.81080055237, -4.95915603638, 2.44299149513], [-106.308563232, -68.6361923218, 11.4539728165, 6.28248500824, -5.26016569138, 40.5534362793, 66.7845306396, 34.9162445068, 57.973285675, 110.694961548, 51.1504249573, -12.0651226044, 11.9639577866], [-5.27143573761, -40.0860328674, -57.1529922485, -27.7533874512, -11.231716156, 13.8876695633, 15.3329315186, 9.5446100235, 9.81080055237, 51.1504249573, 74.3193893433, 23.0134143829, -1.84982264042], [85.4924087524, 33.7560348511, -66.8619613647, -46.3504638672, -9.9727678299, -25.0308380127, -45.2574424744, -17.3878917694, -4.95915603638, -12.0651226044, 23.0134143829, 66.9485778809, 19.8235836029], [-60.0147209167, 29.85313797, 60.5537834167, 5.93845176697, -1.26890575886, -1.32761001587, 28.9688739777, 8.81527996063, 2.44299149513, 11.9639577866, -1.84982264042, 19.8235836029, 59.1417045593]],
        "icov": [[0.00452846242115, -0.00764338020235, 0.00776610849425, -0.00712267961353, 0.00591093907133, -0.00588244106621, 0.00369586539455, -0.00323536712676, 0.00188200629782, -0.00112547143362, 0.00145596265793, 0.000719177071005, -0.000161744712386], [-0.00764338020235, 0.0160954147577, -0.0145451221615, 0.0149690583348, -0.011889946647, 0.0142031991854, -0.00644897855818, 0.00651799794286, -0.00237561599351, 0.00130208279006, -0.00170214881655, -0.000960960576776, -0.000136747432407], [0.00776610849425, -0.0145451221615, 0.0176783073694, -0.0146731566638, 0.0106558287516, -0.0101817008108, 0.0037668060977, -0.00555172003806, 0.00478587625548, -0.0028760577552, 0.00465438654646, 0.00288082705811, -0.0028577435296], [-0.00712267961353, 0.0149690583348, -0.0146731566638, 0.0203503761441, -0.0164403542876, 0.0127513930202, -0.00600305059925, 0.0070888241753, -0.00329922488891, 0.00184115499724, -0.00220578280278, 0.00223875697702, -0.00104194344021], [0.00591093907133, -0.011889946647, 0.0106558287516, -0.0164403542876, 0.0188467986882, -0.0131047293544, 0.00756857311353, -0.0061787283048, 0.00239362614229, -0.000957489944994, 0.00144158024341, -0.00158209633082, 0.000734564033337], [-0.00588244106621, 0.0142031991854, -0.0101817008108, 0.0127513930202, -0.0131047293544, 0.0258846376091, -0.0137112550437, 0.00902128312737, -0.00403601303697, 0.0012056378182, -0.00110414007213, -0.00039494165685, 0.00169773306698], [0.00369586539455, -0.00644897855818, 0.0037668060977, -0.00600305059925, 0.00756857311353, -0.0137112550437, 0.0197614785284, -0.0175259672105, 0.0149215981364, -0.0111292013898, 0.00463059777394, 0.00105646590237, -0.00203526462428], [-0.00323536712676, 0.00651799794286, -0.00555172003806, 0.0070888241753, -0.0061787283048, 0.00902128312737, -0.0175259672105, 0.032607357949, -0.0234767310321, 0.0158017706126, -0.010800533928, 0.00467750709504, -0.00193894491531], [0.00188200629782, -0.00237561599351, 0.00478587625548, -0.00329922488891, 0.00239362614229, -0.00403601303697, 0.0149215981364, -0.0234767310321, 0.0347172431648, -0.0268886201084, 0.0176689643413, -0.0044386703521, 0.000736930349376], [-0.00112547143362, 0.00130208279006, -0.0028760577552, 0.00184115499724, -0.000957489944994, 0.0012056378182, -0.0111292013898, 0.0158017706126, -0.0268886201084, 0.0407617352903, -0.030197719112, 0.0144276032224, -0.00885254703462], [0.00145596265793, -0.00170214881655, 0.00465438654646, -0.00220578280278, 0.00144158024341, -0.00110414007213, 0.00463059777394, -0.010800533928, 0.0176689643413, -0.030197719112, 0.0408133193851, -0.0189168881625, 0.0101366508752], [0.000719177071005, -0.000960960576776, 0.00288082705811, 0.00223875697702, -0.00158209633082, -0.00039494165685, 0.00105646590237, 0.00467750709504, -0.0044386703521, 0.0144276032224, -0.0189168881625, 0.0346237048507, -0.0181494131684], [-0.000161744712386, -0.000136747432407, -0.0028577435296, -0.00104194344021, 0.000734564033337, 0.00169773306698, -0.00203526462428, -0.00193894491531, 0.000736930349376, -0.00885254703462, 0.0101366508752, -0.0181494131684, 0.0293447114527]]
    },
    "spectral_contrast_coeffs": {
        "max": [-0.37174975872, -0.363696098328, -0.462487250566, -0.607847929001, -0.57511818409, -0.688280642033],
        "mean": [-0.674653887749, -0.755718171597, -0.78684926033, -0.803234100342, -0.768213450909, -0.828938126564],
        "min": [-0.96003973484, -0.972072005272, -0.947466433048, -0.960050106049, -0.962384998798, -0.961267530918],
        "stdev": [0.0983840599656, 0.117576479912, 0.0734734609723, 0.0551665388048, 0.0522867329419, 0.0289563760161]
    },
    "spectral_contrast_valleys": {
        "max": [-7.34455537796, -5.01684713364, -5.4093837738, -5.80826330185, -7.3854970932, -11.6873817444],
        "mean": [-8.96459007263, -7.34047365189, -7.84962177277, -7.92147827148, -9.20937633514, -12.2251682281],
        "min": [-26.8576984406, -26.9372730255, -27.6891117096, -27.385263443, -27.1348190308, -27.3286724091],
        "stdev": [1.0967168808, 1.1042277813, 1.11448478699, 1.19191122055, 0.928921639919, 0.704002380371]
    }
},
"rhythm": {
    "beats_count": 30,
    "beats_loudness": {
        "max": 0.0887741670012,
        "mean": 0.0171553678811,
        "min": 0.000637235119939,
        "stdev": 0.0239674542099
    },
    "bpm": 144.154312134,
    "bpm_histogram_first_peak_bpm": 144,
    "bpm_histogram_first_peak_weight": 0.5,
    "bpm_histogram_second_peak_bpm": 178,
    "bpm_histogram_second_peak_spread": 0,
    "bpm_histogram_second_peak_weight": 0.137931033969,
    "danceability": 1.06225788593,
    "onset_rate": 1.88097131252,
    "beats_loudness_band_ratio": {
        "max": [0.255414664745, 0.734953165054, 0.848928451538, 0.560487806797, 0.454299777746, 0.0338304564357],
        "mean": [0.0505660958588, 0.255142331123, 0.353793144226, 0.254412949085, 0.142727196217, 0.00729946233332],
        "min": [0.00033908925252, 0.0115016130731, 0.0757534280419, 0.0127184223384, 0.00710472371429, 0.00013552235032],
        "stdev": [0.0609981529415, 0.209266752005, 0.238930538297, 0.160197913647, 0.122689254582, 0.00932272616774]
    },
    "beats_position": [0.441179126501, 0.882358253002, 1.28870749474, 1.69505667686, 2.11301589012, 2.54258489609, 2.97215414047, 3.41333317757, 3.8196823597, 4.22603178024, 4.62077093124, 5.0387301445, 5.45668935776, 5.87464857101, 6.29260778427, 6.72217655182, 7.1517457962, 7.4884352684, 7.8251247406, 8.16181373596, 8.498503685, 8.91646194458, 9.33442115784, 9.75238037109, 10.1703395844, 10.5766887665, 10.9946479797, 11.412607193, 11.8189563751, 12.2253055573],
