{
"metadata": {
    "version": {
        "essentia": "2.1-beta5",
        "essentia_git_sha": "Undefined",
        "extractor": "music 2.0"
    },
    "audio_properties": {
        "analysis": {
            "equal_loudness": 0,
            "length": 29.0017242432,
            "sample_rate": 44100,
            "start_time": 0,
            "downmix": "mix"
        },
        "bit_rate": 192000,
        "length": 227.694869995,
        "lossless": 0,
        "number_channels": 2,
        "replay_gain": 0.265821456909,
        "sample_rate": 44100,
        "codec": "mp3",
        "md5_encoded": "55c661e10f2c5b12e157ebad5ce576b0"
    },
    "tags": {
        "file_name": "Spain_Amanece_Jaime Morey.mp3",
        "encoding": ["Lavf58.29.100"]
    }
},
"lowlevel": {
    "average_loudness": 0.690987408161,
    "barkbands_crest": {
        "max": 25.0612773895,
        "mean": 9.52728557587,
        "min": 2.42716550827,
        "stdev": 4.70493125916
    },
    "barkbands_flatness_db": {
        "max": 0.40693461895,
        "mean": 0.212817654014,
        "min": 0.0312577337027,
        "stdev": 0.0709526538849
    },
    "barkbands_kurtosis": {
        "max": 91.0565109253,
        "mean": 3.14651107788,
        "min": -1.89791357517,
        "stdev": 8.00347995758
    },
    "barkbands_skewness": {
        "max": 7.56315231323,
        "mean": 0.661178767681,
        "min": -4.63008928299,
        "stdev": 1.50489187241
    },
    "barkbands_spread": {
        "max": 46.099521637,
        "mean": 10.4128684998,
        "min": 0.911204814911,
        "stdev": 7.22094678879
    },
    "dissonance": {
        "max": 0.500000059605,
        "mean": 0.447320103645,
        "min": 0.181009635329,
        "stdev": 0.0580757856369
    },
    "dynamic_complexity": 6.83659648895,
    "erbbands_crest": {
        "max": 27.4844264984,
        "mean": 10.2374219894,
        "min": 3.32248091698,
        "stdev": 4.16451072693
    },
    "erbbands_flatness_db": {
        "max": 0.417865812778,
        "mean": 0.284351319075,
        "min": 0.0903493389487,
        "stdev": 0.0588169023395
    },
    "erbbands_kurtosis": {
        "max": 39.2797813416,
        "mean": 1.03290164471,
        "min": -1.89689648151,
        "stdev": 2.97780799866
    },
    "erbbands_skewness": {
        "max": 3.97564387321,
        "mean": 0.0417332686484,
        "min": -4.97809457779,
        "stdev": 1.00672841072
    },
    "erbbands_spread": {
        "max": 49.7785835266,
        "mean": 16.541759491,
        "min": 1.77422690392,
        "stdev": 10.3197507858
    },
    "hfc": {
        "max": 68.3265304565,
        "mean": 9.53803348541,
        "min": 1.24185247402e-16,
        "stdev": 13.5926218033
    },
    "loudness_ebu128": {
        "integrated": -26.8640041351,
        "loudness_range": 6.12113571167,
        "momentary": {
            "max": -21.2496032715,
            "mean": -29.4995517731,
            "min": -55.3501281738,
            "stdev": 5.36522388458
        },
        "short_term": {
            "max": -23.8409252167,
            "mean": -27.5914402008,
            "min": -33.1513061523,
            "stdev": 2.25753521919
        }
    },
    "melbands_crest": {
        "max": 30.2530956268,
        "mean": 11.2587337494,
        "min": 2.68072009087,
        "stdev": 6.11373996735
    },
    "melbands_flatness_db": {
        "max": 0.473550140858,
        "mean": 0.250950038433,
        "min": 0.00759749347344,
        "stdev": 0.0903608724475
    },
    "melbands_kurtosis": {
        "max": 69.0118484497,
        "mean": 4.64011621475,
        "min": -1.55352163315,
        "stdev": 8.72166919708
    },
    "melbands_skewness": {
        "max": 6.2123260498,
        "mean": 1.07983314991,
        "min": -3.62408185005,
        "stdev": 1.53863954544
    },
    "melbands_spread": {
        "max": 149.039794922,
        "mean": 18.8983821869,
        "min": 1.38611245155,
        "stdev": 13.0503263474
    },
    "pitch_salience": {
        "max": 0.917366266251,
        "mean": 0.716750442982,
        "min": 0.190504848957,
        "stdev": 0.111760370433
    },
    "silence_rate_20dB": {
        "max": 1,
        "mean": 1,
        "min": 1,
        "stdev": 0
    },
    "silence_rate_30dB": {
        "max": 1,
        "mean": 1,
        "min": 1,
        "stdev": 0
    },
    "silence_rate_60dB": {
        "max": 1,
        "mean": 0.494399994612,
        "min": 0,
        "stdev": 0.499970585108
    },
    "spectral_centroid": {
        "max": 11304.7412109,
        "mean": 1289.07409668,
        "min": 270.722229004,
        "stdev": 662.49230957
    },
    "spectral_complexity": {
        "max": 30,
        "mean": 9.14480018616,
        "min": 0,
        "stdev": 6.72385454178
    },
    "spectral_decrease": {
        "max": -1.72028817272e-29,
        "mean": -3.19018300665e-09,
        "min": -2.51401317541e-08,
        "stdev": 4.7801114178e-09
    },
    "spectral_energy": {
        "max": 0.0988181978464,
        "mean": 0.0129055939615,
        "min": 1.13288814926e-20,
        "stdev": 0.0192020256072
    },
    "spectral_energyband_high": {
        "max": 9.24072082853e-05,
        "mean": 3.44812747244e-06,
        "min": 8.20095535957e-21,
        "stdev": 4.62910429633e-06
    },
    "spectral_energyband_low": {
        "max": 0.00116079277359,
        "mean": 3.50414557033e-05,
        "min": 4.97696005419e-23,
        "stdev": 7.77266905061e-05
    },
    "spectral_energyband_middle_high": {
        "max": 0.0409627780318,
        "mean": 0.00314061134122,
        "min": 1.73711220395e-21,
        "stdev": 0.00507631432265
    },
    "spectral_energyband_middle_low": {
        "max": 0.0942760780454,
        "mean": 0.00980560574681,
        "min": 2.81090325627e-22,
        "stdev": 0.0160889066756
    },
    "spectral_entropy": {
        "max": 9.80066585541,
        "mean": 6.98557043076,
        "min": 5.08198738098,
        "stdev": 0.5512393713
    },
    "spectral_flux": {
        "max": 0.266118109226,
        "mean": 0.0656877681613,
        "min": 1.06437220149e-10,
        "stdev": 0.0577274225652
    },
    "spectral_kurtosis": {
        "max": 110.850883484,
        "mean": 24.1408367157,
        "min": -1.17547702789,
        "stdev": 14.6258840561
    },
    "spectral_rms": {
        "max": 0.00981875695288,
        "mean": 0.00267723435536,
        "min": 3.32454029583e-12,
        "stdev": 0.00232878536917
    },
    "spectral_rolloff": {
        "max": 18970.7519531,
        "mean": 1672.0793457,
        "min": 301.46484375,
        "stdev": 1122.3079834
    },
    "spectral_skewness": {
        "max": 8.74335193634,
        "mean": 3.12840056419,
        "min": -0.0204702615738,
        "stdev": 1.01473844051
    },
    "spectral_spread": {
        "max": 40289900,
        "mean": 1943887.25,
        "min": 715486.5625,
        "stdev": 1494921.25
    },
    "spectral_strongpeak": {
        "max": 6.07032442093,
        "mean": 0.903096973896,
        "min": 0,
        "stdev": 1.01874983311
    },
    "zerocrossingrate": {
        "max": 0.50927734375,
        "mean": 0.0586429685354,
        "min": 0.013671875,
        "stdev": 0.0309667605907
    },
    "barkbands": {
        "max": [0.000102431877167, 0.000216549175093, 0.000188286692719, 0.00397129822522, 0.0191879514605, 0.07844915241, 0.0813045650721, 0.0607860609889, 0.0522153563797, 0.0185044985265, 0.0112727638334, 0.0156671740115, 0.0179405156523, 0.0145438686013, 0.0155523205176, 0.0102167557925, 0.00858257245272, 0.00231297919527, 0.0012027786579, 3.78807271773e-05, 5.66658636671e-05, 5.24631968801e-06, 2.56122893916e-06, 5.89495584791e-07, 9.20041486552e-07, 9.72907855612e-07, 9.81702097391e-09],
        "mean": [2.00620888791e-06, 3.98274642066e-06, 8.64835874381e-06, 7.46235818951e-05, 0.000601987761911, 0.00248485594057, 0.0027825224679, 0.00223541585729, 0.00150236289483, 0.000427786406362, 0.000321884523146, 0.000407018465921, 0.000526099756826, 0.000355454219971, 0.000407892744988, 0.000372927082935, 0.000309881666908, 6.40015496174e-05, 1.20272634376e-05, 1.6405539327e-06, 1.06757920548e-06, 4.65653045012e-07, 2.62942307927e-07, 2.19721528083e-07, 2.87497158524e-07, 2.92188161666e-07, 6.21837747961e-10],
        "min": [3.86795067909e-24, 7.67878151775e-24, 2.26139836914e-23, 6.17958670835e-23, 8.64037834876e-23, 1.67394138386e-23, 4.16931763299e-23, 2.93692410143e-23, 8.68943776622e-24, 8.48307822208e-23, 3.44145650167e-23, 3.67854422911e-23, 1.54404969291e-22, 1.88605030406e-22, 9.70471642406e-23, 2.33001289115e-22, 1.61847398615e-22, 1.93629216091e-22, 3.21181902905e-22, 4.71396417824e-22, 6.26917783068e-22, 5.49451440227e-22, 5.64861970539e-22, 7.72628041058e-22, 1.19764009399e-21, 2.25837715178e-21, 2.1756314236e-21],
        "stdev": [7.69755752117e-06, 1.04600821942e-05, 1.86973593372e-05, 0.000204799740459, 0.00124006730039, 0.0071592819877, 0.00759026687592, 0.0060709239915, 0.00492370780557, 0.00135727296583, 0.000985673628747, 0.00127449200954, 0.00171155994758, 0.000907480716705, 0.00106648204383, 0.000829256547149, 0.000793456623796, 0.000187458514119, 5.7501012634e-05, 2.69240081252e-06, 2.55892769019e-06, 4.33080117546e-07, 1.75063888719e-07, 6.24681746331e-08, 7.19453225884e-08, 6.92490189635e-08, 9.00126362335e-10]
    },
    "erbbands": {
        "max": [0.00750733027235, 0.0426647141576, 0.16442874074, 5.61359596252, 28.5188236237, 90.3238143921, 297.853027344, 935.223937988, 1248.11889648, 1348.4173584, 1256.7512207, 1647.86633301, 622.491943359, 746.114868164, 500.800933838, 733.468688965, 982.13067627, 764.448547363, 660.093017578, 831.659484863, 492.261810303, 495.025939941, 144.13319397, 116.227500916, 17.6000499725, 2.43578410149, 2.70243453979, 1.32419395447, 0.171544924378, 0.134491205215, 0.0751398354769, 0.0157434009016, 0.0111204013228, 0.00748992199078, 0.0105569185689, 0.00782619044185, 0.00124514638446, 0.000123228601296, 4.81504248455e-05, 0.000110773100459],
        "mean": [0.000148344188347, 0.000925092492253, 0.00863175466657, 0.129529297352, 0.877248942852, 2.29952716827, 7.83487415314, 24.5236053467, 35.1459121704, 50.4739952087, 44.3270568848, 37.1009559631, 15.7963581085, 13.811293602, 15.034661293, 17.3546104431, 24.1945590973, 20.2136306763, 17.7261562347, 23.6368179321, 20.4368724823, 16.4871025085, 4.93144226074, 1.4623939991, 0.269694030285, 0.0840089768171, 0.0579974800348, 0.0319485887885, 0.0180110316724, 0.0106110107154, 0.00724317925051, 0.00488206744194, 0.00363456085324, 0.00288946647197, 0.00227368227206, 0.00142798293382, 0.000566800532397, 3.47754757968e-05, 7.38230210118e-06, 1.50548603415e-05],
        "min": [3.1388215012e-22, 1.83871910413e-21, 2.38322221301e-20, 1.03993230621e-19, 3.75264650353e-19, 2.08440467075e-19, 1.65470204937e-19, 9.56111057433e-20, 2.74140941589e-19, 1.30389286458e-18, 2.14697028584e-19, 2.81133125156e-19, 2.25981772883e-18, 1.53275492171e-18, 1.73894064953e-18, 1.62636922638e-18, 5.55192832439e-18, 1.29414565775e-17, 5.62732046055e-18, 6.50024664252e-18, 1.33587286647e-17, 9.85873310556e-18, 8.56357257991e-18, 1.31334021843e-17, 1.98097613695e-17, 2.5063493151e-17, 2.61867663726e-17, 2.37350063457e-17, 1.72282845333e-17, 2.16493548035e-17, 1.49549986498e-17, 1.12553903467e-17, 1.52643823968e-17, 1.2715126727e-17, 9.59079358872e-18, 9.58162677317e-18, 3.76043875169e-18, 1.33005648396e-18, 2.89733451232e-19, 3.19730316041e-20],
        "stdev": [0.000400116638048, 0.00228467374109, 0.0161540675908, 0.300140857697, 2.26420855522, 5.47759914398, 23.9396820068, 73.0016326904, 103.158416748, 130.673217773, 118.122665405, 130.200012207, 45.2618942261, 46.5397186279, 46.4145622253, 53.0199432373, 77.2099075317, 53.1602172852, 41.907409668, 57.7258377075, 42.4847679138, 42.4103012085, 12.362077713, 6.48182153702, 0.880916118622, 0.137726470828, 0.135949864984, 0.065674379468, 0.0168864298612, 0.00943846441805, 0.00459986645728, 0.00178749801125, 0.00109627167694, 0.000808062963188, 0.000719356292393, 0.000492707418744, 0.000138217306812, 1.10253795356e-05, 9.71824283624e-06, 2.21249683818e-05]
    },
    "gfcc": {
        "mean": [-160.353897095, 110.459388733, -172.514801025, -36.492275238, -46.4839706421, -12.9033727646, -66.4098052979, 4.27549123764, -18.1409492493, 0.347410678864, -18.3799571991, 4.51483535767, -11.5636415482],
        "cov": [[5931.88037109, 2333.27294922, -712.916748047, -1008.15570068, -141.89163208, -1051.19177246, -269.087249756, -458.9871521, 287.396972656, -253.276992798, 55.0587081909, -282.39440918, 181.336364746], [2333.27294922, 1633.23815918, 426.694152832, -602.518798828, -256.856781006, -707.312988281, -262.715606689, -297.029632568, 138.368103027, -202.632171631, 60.1488990784, -146.23274231, 110.318077087], [-712.916748047, 426.694152832, 1147.78027344, 144.420288086, -240.756759644, -206.018463135, -248.890716553, -44.8263168335, -46.5176048279, -65.1057815552, 13.9191808701, 44.6329498291, 7.11945009232], [-1008.15570068, -602.518798828, 144.420288086, 642.598144531, 184.984161377, 160.622573853, -80.307723999, 62.0901489258, -78.6227264404, 75.3123092651, -50.5640563965, 99.8253250122, -23.0003795624], [-141.89163208, -256.856781006, -240.756759644, 184.984161377, 218.068099976, 105.765602112, 8.42520618439, 29.2610054016, 1.21299684048, 41.501411438, -11.2706184387, 11.2844715118, -11.7230052948], [-1051.19177246, -707.312988281, -206.018463135, 160.622573853, 105.765602112, 526.910705566, 233.855163574, 155.875305176, -107.703475952, 100.320556641, -29.7356357574, 57.9985923767, -75.9753875732], [-269.087249756, -262.715606689, -248.890716553, -80.307723999, 8.42520618439, 233.855163574, 273.985656738, 113.4868927, -15.7254533768, 32.5201950073, 9.59904956818, -1.31020224094, -29.1529750824], [-458.9871521, -297.029632568, -44.8263168335, 62.0901489258, 29.2610054016, 155.875305176, 113.4868927, 178.656646729, 17.3455867767, 42.6205482483, 8.75249385834, 32.5918312073, -37.7050933838], [287.396972656, 138.368103027, -46.5176048279, -78.6227264404, 1.21299684048, -107.703475952, -15.7254533768, 17.3455867767, 131.914291382, 36.6798019409, 13.7789087296, -28.9678840637, 23.3202629089], [-253.276992798, -202.632171631, -65.1057815552, 75.3123092651, 41.501411438, 100.320556641, 32.5201950073, 42.6205482483, 36.6798019409, 104.649200439, 15.63621521, 11.2608041763, -15.9065513611], [55.0587081909, 60.1488990784, 13.9191808701, -50.5640563965, -11.2706184387, -29.7356357574, 9.59904956818, 8.75249385834, 13.7789087296, 15.63621521, 70.2162475586, 19.7874393463, -3.01291942596], [-282.39440918, -146.23274231, 44.6329498291, 99.8253250122, 11.2844715118, 57.9985923767, -1.31020224094, 32.5918312073, -28.9678840637, 11.2608041763, 19.7874393463, 73.9531097412, 8.65725040436], [181.336364746, 110.318077087, 7.11945009232, -23.0003795624, -11.7230052948, -75.9753875732, -29.1529750824, -37.7050933838, 23.3202629089, -15.9065513611, -3.01291942596, 8.65725040436, 60.1732711792]],
        "icov": [[0.00204363232478, -0.00524723762646, 0.00425852881745, -0.00238727382384, 0.00270259310491, -0.000328962720232, 0.0016257611569, -0.00234901276417, 0.00150612276047, -0.00168236077297, 0.000932173337787, -0.000478793430375, 0.000559036328923], [-0.00524723762646, 0.0175746269524, -0.0127601530403, 0.00900984741747, -0.00880493503064, 0.00316153047606, -0.00470895599574, 0.00910727959126, -0.00570103479549, 0.00702374661341, -0.00388706498779, 0.00302946614102, -0.00231639295816], [0.00425852881745, -0.0127601530403, 0.0120894005522, -0.00841953419149, 0.0108658568934, -0.0034703258425, 0.0064723319374, -0.00700328638777, 0.00279986555688, -0.00179559283424, -0.000986697967164, 0.000921097642276, 0.000652682792861], [-0.00238727382384, 0.00900984741747, -0.00841953419149, 0.0122545026243, -0.0123130287975, 0.00716963689774, -0.00414368882775, 0.00336443423294, 0.00371805764735, -0.0059338612482, 0.00885190814734, -0.00827216077596, 0.00173445430119], [0.00270259310491, -0.00880493503064, 0.0108658568934, -0.0123130287975, 0.0208262056112, -0.00944637414068, 0.0087493499741, -0.0043363366276, -0.00471344497055, 0.0067283208482, -0.0102585740387, 0.00944842211902, -0.00260978448205], [-0.000328962720232, 0.00316153047606, -0.0034703258425, 0.00716963689774, -0.00944637414068, 0.0165329668671, -0.00922823511064, -0.000885380548425, 0.0121511314064, -0.0151809621602, 0.0147429695353, -0.0114643843845, 0.00602028146386], [0.0016257611569, -0.00470895599574, 0.0064723319374, -0.00414368882775, 0.0087493499741, -0.00922823511064, 0.0151510313153, -0.00744579266757, -0.000765510194469, 0.0051528098993, -0.00927768554538, 0.0101544000208, -0.00615482684225], [-0.00234901276417, 0.00910727959126, -0.00700328638777, 0.00336443423294, -0.0043363366276, -0.000885380548425, -0.00744579266757, 0.0203020889312, -0.014444725588, 0.00910520646721, -0.00170431751758, -0.00658466946334, 0.00851519498974], [0.00150612276047, -0.00570103479549, 0.00279986555688, 0.00371805764735, -0.00471344497055, 0.0121511314064, -0.000765510194469, -0.014444725588, 0.0325033701956, -0.0260950550437, 0.0113137271255, -0.000203394505661, -0.00689427554607], [-0.00168236077297, 0.00702374661341, -0.00179559283424, -0.0059338612482, 0.0067283208482, -0.0151809621602, 0.0051528098993, 0.00910520646721, -0.0260950550437, 0.0396699421108, -0.0234890207648, 0.0137814637274, -0.00207676901482], [0.000932173337787, -0.00388706498779, -0.000986697967164, 0.00885190814734, -0.0102585740387, 0.0147429695353, -0.00927768554538, -0.00170431751758, 0.0113137271255, -0.0234890207648, 0.0414950624108, -0.0296967756003, 0.0146269556135], [-0.000478793430375, 0.00302946614102, 0.000921097642276, -0.00827216077596, 0.00944842211902, -0.0114643843845, 0.0101544000208, -0.00658466946334, -0.000203394505661, 0.0137814637274, -0.0296967756003, 0.0474816448987, -0.0238190498203], [0.000559036328923, -0.00231639295816, 0.000652682792861, 0.00173445430119, -0.00260978448205, 0.00602028146386, -0.00615482684225, 0.00851519498974, -0.00689427554607, -0.00207676901482, 0.0146269556135, -0.0238190498203, 0.0354952551425]]
    },
    "melbands": {
        "max": [6.82353347656e-05, 9.32221009862e-05, 0.00152962014545, 0.00526591623202, 0.00826576352119, 0.0184303056449, 0.0185876488686, 0.0130881257355, 0.0102016674355, 0.0104428566992, 0.00318987551145, 0.00295106484555, 0.00181665143464, 0.00198559300043, 0.00175466039218, 0.00187016418204, 0.00146955822129, 0.000832342775539, 0.00114650896285, 0.000960839504842, 0.000635634816717, 0.000576343387365, 0.000275537604466, 0.000147128768731, 9.22388207982e-05, 2.93740267807e-05, 1.17818217404e-06, 1.76412504516e-06, 1.66702398019e-06, 1.29458703668e-06, 5.79635468512e-07, 1.03515837679e-07, 1.51887974198e-07, 5.14898736981e-08, 4.95225229713e-08, 2.39853186201e-08, 8.10427813747e-09, 9.82412018402e-09, 7.9201738501e-09, 6.54876508577e-09],
        "mean": [1.27209341372e-06, 3.95910274165e-06, 4.21361291956e-05, 0.000113069239887, 0.000236881969613, 0.000539268366992, 0.000554927857593, 0.000553937803488, 0.000345204985933, 0.00021720516088, 7.20648022252e-05, 5.53166100872e-05, 4.73773106933e-05, 4.67660029244e-05, 5.0140577514e-05, 5.03029004904e-05, 3.55403244612e-05, 2.64069676632e-05, 3.23983658745e-05, 2.84342077066e-05, 2.35035167861e-05, 1.94201402337e-05, 7.4427061918e-06, 2.52195309258e-06, 1.0334417766e-06, 2.86594229237e-07, 6.36706687374e-08, 4.9594593321e-08, 3.94252204217e-08, 2.53680951801e-08, 1.58873803002e-08, 1.05646575932e-08, 7.57919327299e-09, 5.13180387074e-09, 4.20813250912e-09, 3.57090113035e-09, 2.75621436785e-09, 2.50639264898e-09, 2.48901366184e-09, 2.37120167945e-09],
        "min": [2.41007242015e-24, 8.85690662552e-24, 2.83130477701e-23, 2.1739122748e-23, 5.56524920884e-24, 2.24482400709e-24, 5.1820998616e-24, 1.31246922433e-23, 9.33086273763e-25, 1.59408229258e-24, 1.19920599551e-23, 6.67865025148e-24, 5.73601195684e-24, 3.6955340842e-24, 6.94598969023e-24, 1.6965138498e-23, 2.46035540033e-23, 7.79681561956e-24, 6.194837914e-24, 1.14671353426e-23, 1.67103238039e-23, 1.07289761055e-23, 7.26236393399e-24, 8.87911621544e-24, 1.028767706e-23, 1.35373280279e-23, 1.60011094511e-23, 1.5905830831e-23, 1.62844919541e-23, 1.26595940531e-23, 1.46740545042e-23, 1.09247824263e-23, 8.47688235076e-24, 1.32796907894e-23, 9.69668692445e-24, 5.43070977031e-24, 7.61147117215e-24, 1.05928163467e-23, 1.04911298094e-23, 1.09953326236e-23],
        "stdev": [3.42033581546e-06, 7.98913606559e-06, 9.65835497482e-05, 0.000292054144666, 0.000673822010867, 0.00154786417261, 0.00154888106044, 0.00141258456279, 0.000941110018175, 0.000789553450886, 0.000212472397834, 0.000190707840375, 0.000146462858538, 0.000151239088154, 0.000157777467393, 0.000161253774422, 9.59067692747e-05, 6.33166782791e-05, 8.56950864545e-05, 6.82378304191e-05, 4.97054206789e-05, 5.01862523379e-05, 2.04623265745e-05, 8.89000784809e-06, 5.23131529917e-06, 1.19324204206e-06, 9.38293425179e-08, 9.326333128e-08, 9.46228837506e-08, 6.1977694088e-08, 2.98845392877e-08, 9.91424453645e-09, 8.52044035327e-09, 4.37405978104e-09, 3.01240876688e-09, 2.06379713319e-09, 1.11100217914e-09, 9.6800534255e-10, 8.79035289003e-10, 8.3017681618e-10]
    },
    "melbands128": {
        "max": [5.69083968003e-05, 6.80198718328e-05, 6.94796908647e-05, 7.51652551116e-05, 5.37451669516e-05, 0.000123832171084, 0.000721014919691, 0.00258181733079, 0.00206320616417, 0.0090289413929, 0.00545726856217, 0.00408738758415, 0.00758639955893, 0.0265505984426, 0.0270490068942, 0.0355902090669, 0.0224654395133, 0.0329223237932, 0.0193714406341, 0.026068886742, 0.0194925554097, 0.0232028309256, 0.0184149071574, 0.0176935698837, 0.0188412107527, 0.0154845332727, 0.00661224126816, 0.00565008446574, 0.00351368170232, 0.00543223973364, 0.00604082224891, 0.00203298707493, 0.00328764226288, 0.00230717938393, 0.00478354562074, 0.00220825104043, 0.00391017412767, 0.00294428737834, 0.00422478653491, 0.00443852273747, 0.00245226267725, 0.00291490089148, 0.00286146695726, 0.00173398200423, 0.00116396369413, 0.000908663729206, 0.00263576442376, 0.00168537441641, 0.00179064332042, 0.00172638252843, 0.00140388158616, 0.000921114406083, 0.00104469724465, 0.000656016811263, 0.000923841318581, 0.000735836743843, 0.000746097532101, 0.000363237777492, 0.000340338854585, 0.00017561209097, 0.00025028878008, 0.00018871325301, 0.000155359957716, 7.01534590917e-05, 0.00011287372763, 2.11335354834e-05, 2.02843671104e-06, 1.3053982002e-06, 1.21166783629e-06, 1.20100855838e-06, 3.15255215355e-06, 1.49313450493e-06, 2.00530280381e-06, 1.91065282706e-06, 2.41923521571e-06, 1.24024393244e-06, 8.65120512117e-07, 1.1088023939e-06, 4.94095843351e-07, 2.25046335345e-07, 1.33056147433e-07, 1.24784762079e-07, 1.49348181822e-07, 2.20635939741e-07, 1.31085499788e-07, 9.23590874891e-08, 5.86540629399e-08, 5.12259710206e-08, 4.89425531214e-08, 5.19066460924e-08, 4.30053574973e-08, 2.18441886801e-08, 1.37208191475e-08, 1.1999717664e-08, 1.23947234698e-08, 1.39536373567e-08, 1.08192974579e-08, 1.32032402789e-08, 1.36271891549e-08, 1.52376298246e-08, 1.13052101014e-08, 1.29804522686e-08, 1.11110756151e-08, 1.16590435084e-08, 1.86077535602e-08, 3.16194750383e-08, 1.71987526443e-08, 1.25794477057e-08, 2.95806437123e-08, 2.07343653358e-08, 9.77828573667e-09, 8.68847394031e-09, 7.04374647498e-09, 5.62032376195e-09, 3.95159105437e-09, 1.20197130027e-09, 4.70898355032e-11, 4.61557285447e-11, 4.48219864002e-11, 4.34345892586e-11, 4.24256949016e-11, 4.13886494521e-11, 4.04919084374e-11, 3.9985265099e-11, 3.94164492712e-11, 3.87376693223e-11, 3.90547733042e-11, 3.86446430412e-11],
        "mean": [1.08576205093e-06, 1.30973467094e-06, 1.26924464894e-06, 1.35076527386e-06, 2.01855573323e-06, 5.1623460422e-06, 1.73837961484e-05, 4.6553723223e-05, 8.61169100972e-05, 0.000123223202536, 0.00012375562801, 0.000129459425807, 0.000227663113037, 0.000415010465076, 0.000563008419704, 0.000619768397883, 0.000529346987605, 0.000544647860806, 0.000577482278459, 0.000593318953179, 0.00055008783238, 0.000420800730353, 0.000304971355945, 0.000285834306851, 0.000279705651337, 0.000179763985216, 8.58844796312e-05, 6.16506004008e-05, 5.80052728765e-05, 6.11101422692e-05, 5.49494980078e-05, 4.1745184717e-05, 4.78063084302e-05, 4.94011474075e-05, 5.05295829498e-05, 4.45484947704e-05, 4.34441353718e-05, 4.49399158242e-05, 5.87911890761e-05, 5.9854137362e-05, 4.49963372375e-05, 4.26205806434e-05, 3.99367963837e-05, 2.9293292755e-05, 2.56267721852e-05, 2.43260255957e-05, 2.93117827823e-05, 3.09018214466e-05, 3.52004317392e-05, 3.49286310666e-05, 2.6294386771e-05, 2.36301057157e-05, 2.26385291171e-05, 2.37182321143e-05, 2.52329828072e-05, 1.96716227947e-05, 1.5057255041e-05, 8.60664385982e-06, 5.20842831975e-06, 3.4916936329e-06, 2.47736852543e-06, 1.75760555976e-06, 1.26961060687e-06, 8.13739859495e-07, 6.54084772123e-07, 2.4310836011e-07, 1.0001191697e-07, 6.73657467587e-08, 5.75401983838e-08, 5.38521796045e-08, 5.07486532797e-08, 4.64211851181e-08, 4.56102462465e-08, 3.82253126929e-08, 3.28198090926e-08, 2.66436313012e-08, 2.21457980842e-08, 1.88592554906e-08, 1.51889061328e-08, 1.29163835183e-08, 1.10371018991e-08, 9.88508386257e-09, 8.47853254271e-09, 7.70605534939e-09, 6.55612542033e-09, 5.26626875441e-09, 4.82480189135e-09, 4.33711289105e-09, 4.27359703181e-09, 3.93452337377e-09, 4.0632941456e-09, 3.39009531558e-09, 2.92104229693e-09, 2.71920019834e-09, 2.64274557793e-09, 2.64740918077e-09, 2.44400344407e-09, 2.33341013178e-09, 2.60696642052e-09, 2.50165155258e-09, 2.39463671114e-09, 2.3013049244e-09, 2.40751241165e-09, 2.54864840343e-09, 2.62884758406e-09, 2.66308131103e-09, 2.43275555256e-09, 2.52604426265e-09, 2.44019426887e-09, 2.5454518493e-09, 2.32476371487e-09, 2.23638885188e-09, 1.92989402237e-09, 1.59178159542e-09, 5.94237770102e-10, 1.01916419748e-10, 3.33005736701e-12, 2.7747383384e-12, 2.73806715148e-12, 2.72314961379e-12, 2.68682927469e-12, 2.67156847859e-12, 2.61102489456e-12, 2.54468538255e-12, 2.55693665026e-12, 2.55819562582e-12, 2.55265340116e-12, 2.52322251634e-12],
        "min": [2.45280166273e-24, 3.32939691682e-24, 1.21572951547e-24, 2.78948966645e-24, 1.09849070379e-23, 1.01424572336e-23, 1.47735913955e-23, 3.89181877018e-23, 4.38760901387e-23, 2.04361454137e-23, 9.14306670775e-24, 4.61856879092e-24, 7.05024712519e-24, 3.38795918941e-24, 1.52843496438e-24, 2.29077712698e-24, 1.40818258571e-24, 5.60957727525e-24, 7.79666968029e-24, 2.32929231404e-23, 9.34313682167e-24, 4.8461490484e-25, 2.27565688209e-25, 7.72218849045e-25, 2.0892491981e-24, 5.27405530656e-25, 3.83445170075e-24, 1.70937843567e-23, 1.48089465635e-23, 9.43044873552e-24, 1.93769560757e-24, 4.62401429774e-24, 6.95371263849e-24, 6.01344053214e-24, 4.46854874599e-24, 2.64843719507e-24, 2.71630881521e-24, 6.70226874698e-24, 1.14760281716e-23, 7.26720596223e-24, 1.9567694754e-23, 2.54148737785e-23, 4.10060942587e-23, 1.02517846776e-23, 6.59264705787e-24, 8.5415444903e-24, 9.83385563637e-24, 3.97278753238e-24, 3.82704193027e-24, 1.24660383525e-23, 1.10467395333e-23, 1.23262766548e-23, 1.58820514078e-23, 2.5502153349e-23, 6.78672656208e-24, 1.24073455234e-23, 7.94736499015e-24, 8.20983636826e-24, 5.95597872051e-24, 6.67122943694e-24, 8.38337630108e-24, 1.04673811519e-23, 1.32397318291e-23, 8.82561330227e-24, 8.39393047113e-24, 1.50725507459e-23, 1.61636558183e-23, 1.11580604288e-23, 1.77933951169e-23, 2.00045438352e-23, 2.12454946143e-23, 8.29091785868e-24, 1.08261385255e-23, 2.16386360682e-23, 1.84818718942e-23, 1.27455396598e-23, 6.45018114497e-24, 1.60670613782e-23, 1.46756637804e-23, 1.63102451072e-23, 1.5117291781e-23, 6.33216321481e-24, 5.34649729096e-24, 6.35714052322e-24, 1.50151595373e-23, 1.08163392953e-23, 1.60413224246e-23, 1.23124076912e-23, 9.37553770563e-24, 7.65444831427e-24, 5.08151299644e-24, 5.21552389815e-24, 5.32048618033e-24, 4.86096089797e-24, 1.31039767559e-23, 8.2782313976e-24, 9.75527483502e-24, 1.40426202589e-23, 9.98447837103e-24, 8.0690404739e-24, 1.24783832368e-23, 1.1331859108e-23, 8.64743092302e-24, 1.27492496727e-23, 9.27801793166e-24, 6.66420541944e-24, 1.79998352826e-23, 1.69717917509e-23, 1.8695315567e-23, 1.8518640701e-23, 1.32615375222e-23, 1.16841817432e-23, 1.17287768391e-23, 1.07838729359e-23, 1.21244521142e-23, 9.36287491038e-24, 1.01690379018e-23, 1.09894532433e-23, 1.02674459332e-23, 8.89213242038e-24, 7.51974558154e-24, 7.6330386293e-24, 1.29322330594e-23, 9.57771802247e-24, 6.77097537638e-24, 9.01342451772e-24, 1.25765553987e-23, 1.28151471684e-23],
        "stdev": [3.80530627808e-06, 3.85495741284e-06, 3.48460730493e-06, 3.86634292227e-06, 4.59716648038e-06, 1.17157887871e-05, 4.60626724816e-05, 0.000135842405143, 0.000240386303631, 0.000466146273538, 0.000359496189049, 0.000308593647787, 0.000747717684135, 0.00184491963591, 0.00196640240029, 0.00238436553627, 0.00191688654013, 0.00227329065092, 0.00193317071535, 0.00204883748665, 0.00180674099829, 0.0015437224647, 0.00115224160254, 0.00117819465231, 0.00126338272821, 0.000908418383915, 0.00034722907003, 0.000257797626546, 0.000212600250961, 0.00025374093093, 0.00027045852039, 0.000149050028995, 0.00018218542391, 0.000190417034901, 0.00022134349274, 0.000163340140716, 0.000185956028872, 0.000164576471434, 0.000244313850999, 0.000244939146796, 0.000176954665221, 0.000163939213962, 0.00014590228966, 9.08469010028e-05, 7.27283404558e-05, 6.53683455312e-05, 0.000115014663606, 0.000107450556243, 0.000107716237835, 0.000110818153189, 7.77157692937e-05, 6.0920996475e-05, 5.46158917132e-05, 5.91700299992e-05, 6.69674263918e-05, 5.62397181056e-05, 5.43553142052e-05, 2.59921562247e-05, 1.72063319042e-05, 1.10101491373e-05, 1.18495545394e-05, 8.28590327728e-06, 7.86304644862e-06, 3.81296263186e-06, 3.99518921768e-06, 8.38118182855e-07, 1.77258471012e-07, 1.12241082206e-07, 9.74422462718e-08, 8.59857394175e-08, 1.18349881006e-07, 1.00696041727e-07, 1.17197181737e-07, 9.82897958579e-08, 9.39544264611e-08, 6.71438655786e-08, 5.56771198035e-08, 4.80455319973e-08, 2.9999682738e-08, 1.69885403523e-08, 1.19908678542e-08, 1.09600373221e-08, 9.62625712475e-09, 1.17603349281e-08, 8.08227973437e-09, 5.67691493814e-09, 4.94847807175e-09, 4.2699550562e-09, 3.87880882968e-09, 3.41364625456e-09, 3.43839290373e-09, 2.43936204569e-09, 1.92422899836e-09, 1.75837711058e-09, 1.70119551779e-09, 1.68969116476e-09, 1.65143188013e-09, 1.47074907808e-09, 1.53416934712e-09, 1.68932789979e-09, 1.46910750232e-09, 1.50865309134e-09, 1.56202795143e-09, 1.48522683041e-09, 1.85496484839e-09, 1.94576377233e-09, 1.66138269808e-09, 1.57251078825e-09, 1.96484184478e-09, 1.67024305497e-09, 1.33873778729e-09, 1.32728228408e-09, 9.82577463837e-10, 8.84452955319e-10, 4.81369333283e-10, 1.21399945652e-10, 5.04637607743e-12, 4.20646590477e-12, 4.086049641e-12, 4.00418587176e-12, 3.90924228752e-12, 3.80617369219e-12, 3.74571164016e-12, 3.68059012087e-12, 3.61962239695e-12, 3.56494412983e-12, 3.53918652198e-12, 3.51099791601e-12]
    },
    "mfcc": {
        "mean": [-798.133544922, 170.68031311, -70.192565918, -21.8648700714, 8.65058517456, -20.7764701843, -30.8030567169, -10.0650815964, -7.58106088638, -12.6465101242, -2.84368157387, 0.343341320753, -3.9588227272],
        "cov": [[4447.91162109, 2089.79638672, -951.264404297, -180.583374023, -348.93737793, -400.926879883, -564.431274414, -385.099029541, -58.2516441345, -131.451293945, -179.237106323, 22.247089386, -13.8339138031], [2089.79638672, 1973.90454102, 364.902862549, -154.44859314, -229.999679565, -482.505554199, -477.03427124, -302.346038818, -155.338088989, -175.580596924, -151.51612854, -21.9400177002, -19.9216499329], [-951.264404297, 364.902862549, 1126.33581543, 207.060577393, 64.6016159058, -163.615875244, -123.34400177, -67.93800354, -114.251930237, -112.072555542, -76.2712478638, -47.7318840027, -7.66781139374], [-180.583374023, -154.44859314, 207.060577393, 426.266021729, 218.973297119, -14.2439374924, -114.115608215, -62.9250831604, -26.6647014618, -58.7888183594, -59.0557327271, -12.3976974487, -1.97629201412], [-348.93737793, -229.999679565, 64.6016159058, 218.973297119, 274.6746521, 55.1790542603, -38.6146354675, -16.1229305267, -18.5204219818, -18.3724365234, -0.071833640337, -11.6599588394, -17.1015796661], [-400.926879883, -482.505554199, -163.615875244, -14.2439374924, 55.1790542603, 256.85357666, 180.82244873, 59.4524421692, 42.2810134888, 56.6706924438, 32.5680999756, -1.33643233776, -4.06751585007], [-564.431274414, -477.03427124, -123.34400177, -114.115608215, -38.6146354675, 180.82244873, 298.285095215, 167.435134888, 38.7461509705, 63.6874694824, 73.8050537109, 5.8603553772, 5.86317634583], [-385.099029541, -302.346038818, -67.93800354, -62.9250831604, -16.1229305267, 59.4524421692, 167.435134888, 176.064941406, 49.2877082825, 35.0344581604, 56.4433784485, 4.47202062607, 6.06434631348], [-58.2516441345, -155.338088989, -114.251930237, -26.6647014618, -18.5204219818, 42.2810134888, 38.7461509705, 49.2877082825, 103.502326965, 66.6386642456, 23.1400489807, 13.9305429459, 9.87586116791], [-131.451293945, -175.580596924, -112.072555542, -58.7888183594, -18.3724365234, 56.6706924438, 63.6874694824, 35.0344581604, 66.6386642456, 114.585296631, 70.8788070679, 19.4971580505, 11.5648479462], [-179.237106323, -151.51612854, -76.2712478638, -59.0557327271, -0.071833640337, 32.5680999756, 73.8050537109, 56.4433784485, 23.1400489807, 70.8788070679, 108.774703979, 36.1324043274, 11.2695646286], [22.247089386, -21.9400177002, -47.7318840027, -12.3976974487, -11.6599588394, -1.33643233776, 5.8603553772, 4.47202062607, 13.9305429459, 19.4971580505, 36.1324043274, 68.8881225586, 32.3065757751], [-13.8339138031, -19.9216499329, -7.66781139374, -1.97629201412, -17.1015796661, -4.06751585007, 5.86317634583, 6.06434631348, 9.87586116791, 11.5648479462, 11.2695646286, 32.3065757751, 59.4185218811]],
        "icov": [[0.00477740075439, -0.00659062154591, 0.00669774692506, -0.00538498815149, 0.00421865470707, -0.00324364705011, 0.00210395641625, -0.000931178859901, 0.00031428335933, 0.000200286012841, 0.000194643245777, 0.000242881360464, 0.000207203629543], [-0.00659062154591, 0.0107950363308, -0.00945840682834, 0.00859112106264, -0.00526636978611, 0.0061204219237, -0.00179842254147, 0.00260977540165, -5.67900679016e-05, 0.000546706549358, 2.91551714326e-05, -0.000434686196968, 9.82287601801e-05], [0.00669774692506, -0.00945840682834, 0.0106159197167, -0.00827064737678, 0.00584449898452, -0.00387188210152, 0.00231439224444, -0.00133751204703, 0.00122075551189, 0.000187979763723, 0.00038659456186, 0.00102102232631, -5.96639729338e-05], [-0.00538498815149, 0.00859112106264, -0.00827064737678, 0.0120211392641, -0.00842229370028, 0.00490758521482, -0.00110817688983, 0.00224114884622, -0.00111375923734, 0.000873312237673, 0.00207528984174, -0.00110212119762, -0.00102754822001], [0.00421865470707, -0.00526636978611, 0.00584449898452, -0.00842229370028, 0.012415564619, -0.00673561822623, 0.00650648260489, -0.0032947040163, 0.00258334772661, 0.00107608397957, -0.00338196498342, 0.00120792910457, 0.00184297957458], [-0.00324364705011, 0.0061204219237, -0.00387188210152, 0.00490758521482, -0.00673561822623, 0.0164985284209, -0.0124496221542, 0.00968823488802, -0.00410021701828, -9.87656603684e-05, 0.00244486914016, 0.000117671806947, 0.000563924608286], [0.00210395641625, -0.00179842254147, 0.00231439224444, -0.00110817688983, 0.00650648260489, -0.0124496221542, 0.021844226867, -0.0155189521611, 0.00862007029355, -0.00350162643008, -0.000485842756461, -0.00041281778249, 0.000162905664183], [-0.000931178859901, 0.00260977540165, -0.00133751204703, 0.00224114884622, -0.0032947040163, 0.00968823488802, -0.0155189521611, 0.0234929937869, -0.012959449552, 0.0105207525194, -0.00756548205391, 0.00429467111826, -0.00138518982567], [0.00031428335933, -5.67900679016e-05, 0.00122075551189, -0.00111375923734, 0.00258334772661, -0.00410021701828, 0.00862007029355, -0.012959449552, 0.0260907188058, -0.0187567006797, 0.0111313257366, -0.00539989210665, 0.00124849914573], [0.000200286012841, 0.000546706549358, 0.000187979763723, 0.000873312237673, 0.00107608397957, -9.87656603684e-05, -0.00350162643008, 0.0105207525194, -0.0187567006797, 0.031869776547, -0.0201370324939, 0.00704613886774, -0.00323926005512], [0.000194643245777, 2.91551714326e-05, 0.00038659456186, 0.00207528984174, -0.00338196498342, 0.00244486914016, -0.000485842756461, -0.00756548205391, 0.0111313257366, -0.0201370324939, 0.0291644185781, -0.0130439400673, 0.00381800322793], [0.000242881360464, -0.000434686196968, 0.00102102232631, -0.00110212119762, 0.00120792910457, 0.000117671806947, -0.00041281778249, 0.00429467111826, -0.00539989210665, 0.00704613886774, -0.0130439400673, 0.0265630409122, -0.0124785481021], [0.000207203629543, 9.82287601801e-05, -5.96639729338e-05, -0.00102754822001, 0.00184297957458, 0.000563924608286, 0.000162905664183, -0.00138518982567, 0.00124849914573, -0.00323926005512, 0.00381800322793, -0.0124785481021, 0.0240469686687]]
    },
    "spectral_contrast_coeffs": {
        "max": [-0.326388418674, -0.397526323795, -0.568291008472, -0.598317086697, -0.462622821331, -0.622185349464],
        "mean": [-0.650524735451, -0.763534605503, -0.822355866432, -0.822745680809, -0.721307039261, -0.781116843224],
        "min": [-0.962171018124, -0.95820325613, -0.972726583481, -0.961708664894, -0.959957182407, -0.961095571518],
        "stdev": [0.122029140592, 0.116944871843, 0.0608083568513, 0.0515625625849, 0.0633981451392, 0.0484205447137]
    },
    "spectral_contrast_valleys": {
        "max": [-7.2953877449, -4.84718990326, -5.42777204514, -5.73142433167, -7.64227676392, -12.0250511169],
        "mean": [-9.40065002441, -7.28022813797, -7.71829938889, -7.57146501541, -9.5344619751, -13.1220340729],
        "min": [-27.2861366272, -27.200378418, -27.1747932434, -27.1443157196, -27.2584667206, -27.2409610748],
        "stdev": [0.980771124363, 1.19697833061, 1.10295569897, 1.08561789989, 0.864635229111, 0.6795399189]
    }
},
"rhythm": {
    "beats_count": 63,
    "beats_loudness": {
        "max": 0.0863108485937,
        "mean": 0.0214359462261,
        "min": 2.6383308068e-05,
        "stdev": 0.0217078365386
    },
    "bpm": 126.569244385,
    "bpm_histogram_first_peak_bpm": 126,
    "bpm_histogram_first_peak_weight": 0.473684251308,
    "bpm_histogram_second_peak_bpm": 120,
    "bpm_histogram_second_peak_spread": 0.428571403027,
    "bpm_histogram_second_peak_weight": 0.129032254219,
    "danceability": 1.16684007645,
    "onset_rate": 4.1015625,
    "beats_loudness_band_ratio": {
        "max": [0.194163918495, 0.888015210629, 0.924521446228, 0.728863537312, 0.658990740776, 0.248998478055],
        "mean": [0.021987400949, 0.218275740743, 0.396102368832, 0.205279886723, 0.184298411012, 0.00872967019677],
        "min": [0.000338287936756, 0.0070652263239, 0.0517799369991, 0.00153935933486, 0.000324404798448, 0.000118526542792],
        "stdev": [0.0390274338424, 0.249620750546, 0.25789269805, 0.186395853758, 0.191220894456, 0.0335864387453]
    },
    "beats_position": [0.348299324512, 0.731428563595, 1.11455774307, 1.50929701328, 1.89242625237, 2.27555561066, 2.67029476166, 3.07664394379, 3.49460315704, 3.90095233917, 4.29569149017, 4.69043064117, 5.07355976105, 5.47990942001, 5.87464857101, 6.28099775314, 6.6989569664, 7.10530614853, 7.59292507172, 8.06893444061, 8.56816291809, 9.03256225586, 9.50857162476, 9.98458003998, 10.4954195023, 10.95981884, 11.4590473175, 11.9350566864, 12.3994560242, 12.8638544083, 13.328253746, 13.7810430527, 14.2454423904, 14.6982307434, 15.0929698944, 15.4993190765, 15.9056682587, 16.3236274719, 16.7764167786, 17.2292060852, 17.6471652985, 18.1347846985, 18.6340141296, 19.1448516846, 19.6556911469, 20.154920578, 20.6657600403, 21.1882076263, 21.7106571198, 22.2331066132, 22.7323360443, 23.2315635681, 23.7307929993, 24.2416324615, 24.7524719238, 25.2516994476, 25.7277088165, 26.2037181854, 26.6797275543, 27.1673469543, 27.6433563232, 28.1193637848, 28.5953731537],
