{
"metadata": {
    "version": {
        "essentia": "2.1-beta5",
        "essentia_git_sha": "Undefined",
        "extractor": "music 2.0"
    },
    "audio_properties": {
        "analysis": {
            "equal_loudness": 0,
            "length": 48.7502937317,
            "sample_rate": 44100,
            "start_time": 61.4980506897,
            "downmix": "mix"
        },
        "bit_rate": 192000,
        "length": 166.556732178,
        "lossless": 0,
        "number_channels": 2,
        "replay_gain": -7.12887573242,
        "sample_rate": 44100,
        "codec": "mp3",
        "md5_encoded": "a4fc5da66ad3766217569134c259d1ee"
    },
    "tags": {
        "file_name": "Austria_Falter Im Wind_The Milestones.mp3",
        "encoding": ["Lavf58.29.100"]
    }
},
"lowlevel": {
    "average_loudness": 0.90734565258,
    "barkbands_crest": {
        "max": 24.3935756683,
        "mean": 8.24028015137,
        "min": 2.33302307129,
        "stdev": 3.93623065948
    },
    "barkbands_flatness_db": {
        "max": 0.269938290119,
        "mean": 0.133243963122,
        "min": 0.0601284429431,
        "stdev": 0.0300085395575
    },
    "barkbands_kurtosis": {
        "max": 16.8745346069,
        "mean": 0.589461743832,
        "min": -1.7482303381,
        "stdev": 1.80847215652
    },
    "barkbands_skewness": {
        "max": 3.16828608513,
        "mean": 0.730546951294,
        "min": -1.87538003922,
        "stdev": 0.667816996574
    },
    "barkbands_spread": {
        "max": 61.3498191833,
        "mean": 23.684381485,
        "min": 2.44427609444,
        "stdev": 8.45547485352
    },
    "dissonance": {
        "max": 0.5,
        "mean": 0.467345565557,
        "min": 0.335443615913,
        "stdev": 0.0225547514856
    },
    "dynamic_complexity": 1.69309878349,
    "erbbands_crest": {
        "max": 31.3762550354,
        "mean": 10.266617775,
        "min": 2.32627058029,
        "stdev": 6.38780641556
    },
    "erbbands_flatness_db": {
        "max": 0.345377266407,
        "mean": 0.183797433972,
        "min": 0.10580920428,
        "stdev": 0.0404409989715
    },
    "erbbands_kurtosis": {
        "max": 20.7001552582,
        "mean": 0.67501950264,
        "min": -1.57948064804,
        "stdev": 2.55124425888
    },
    "erbbands_skewness": {
        "max": 3.32500600815,
        "mean": 0.227992802858,
        "min": -2.10506844521,
        "stdev": 0.688660025597
    },
    "erbbands_spread": {
        "max": 97.1133651733,
        "mean": 32.3667755127,
        "min": 3.18038272858,
        "stdev": 16.2541275024
    },
    "hfc": {
        "max": 88.2935943604,
        "mean": 29.059595108,
        "min": 0.24589844048,
        "stdev": 14.7619991302
    },
    "loudness_ebu128": {
        "integrated": -15.9435043335,
        "loudness_range": 2.69265270233,
        "momentary": {
            "max": -13.0516490936,
            "mean": -16.1619319916,
            "min": -19.727355957,
            "stdev": 1.38474690914
        },
        "short_term": {
            "max": -13.9657344818,
            "mean": -16.0045757294,
            "min": -17.7697067261,
            "stdev": 0.829758524895
        }
    },
    "melbands_crest": {
        "max": 31.8005886078,
        "mean": 11.7126779556,
        "min": 3.49000549316,
        "stdev": 4.77218103409
    },
    "melbands_flatness_db": {
        "max": 0.297304153442,
        "mean": 0.157269492745,
        "min": 0.0606613717973,
        "stdev": 0.0346534140408
    },
    "melbands_kurtosis": {
        "max": 32.7753181458,
        "mean": 4.06089019775,
        "min": -1.63072168827,
        "stdev": 5.09158277512
    },
    "melbands_skewness": {
        "max": 5.15201044083,
        "mean": 1.50615227222,
        "min": -1.03447496891,
        "stdev": 1.0872887373
    },
    "melbands_spread": {
        "max": 74.4906311035,
        "mean": 30.3249588013,
        "min": 4.53703784943,
        "stdev": 10.7549180984
    },
    "pitch_salience": {
        "max": 0.855784475803,
        "mean": 0.561607480049,
        "min": 0.213430672884,
        "stdev": 0.102982930839
    },
    "silence_rate_20dB": {
        "max": 1,
        "mean": 1,
        "min": 1,
        "stdev": 0
    },
    "silence_rate_30dB": {
        "max": 1,
        "mean": 0.999524056911,
        "min": 0,
        "stdev": 0.0218115318567
    },
    "silence_rate_60dB": {
        "max": 0,
        "mean": 0,
        "min": 0,
        "stdev": 0
    },
    "spectral_centroid": {
        "max": 2794.80419922,
        "mean": 1564.70324707,
        "min": 551.731201172,
        "stdev": 410.357757568
    },
    "spectral_complexity": {
        "max": 46,
        "mean": 24.031414032,
        "min": 0,
        "stdev": 5.95748186111
    },
    "spectral_decrease": {
        "max": -5.34084824977e-11,
        "mean": -7.30914084812e-09,
        "min": -2.71614144509e-08,
        "stdev": 3.57524831962e-09
    },
    "spectral_energy": {
        "max": 0.108655482531,
        "mean": 0.030222216621,
        "min": 0.000223879775149,
        "stdev": 0.0146081745625
    },
    "spectral_energyband_high": {
        "max": 0.0036786433775,
        "mean": 0.000784400326665,
        "min": 1.50315272549e-05,
        "stdev": 0.000512747850735
    },
    "spectral_energyband_low": {
        "max": 0.0305126905441,
        "mean": 0.00492775673047,
        "min": 4.40015101049e-05,
        "stdev": 0.00423193909228
    },
    "spectral_energyband_middle_high": {
        "max": 0.0820953547955,
        "mean": 0.0131217492744,
        "min": 5.06713658979e-05,
        "stdev": 0.0121117401868
    },
    "spectral_energyband_middle_low": {
        "max": 0.078666113317,
        "mean": 0.0126330470666,
        "min": 0.000126499813632,
        "stdev": 0.00852585025132
    },
    "spectral_entropy": {
        "max": 8.3093919754,
        "mean": 7.61215686798,
        "min": 6.52368879318,
        "stdev": 0.278922200203
    },
    "spectral_flux": {
        "max": 0.267907857895,
        "mean": 0.0903213918209,
        "min": 0.0307685527951,
        "stdev": 0.0323105640709
    },
    "spectral_kurtosis": {
        "max": 13.1965904236,
        "mean": 3.20881748199,
        "min": -0.557238340378,
        "stdev": 1.84982943535
    },
    "spectral_rms": {
        "max": 0.0102958902717,
        "mean": 0.00526919728145,
        "min": 0.000467353500426,
        "stdev": 0.00131175864954
    },
    "spectral_rolloff": {
        "max": 6869.09179688,
        "mean": 1705.37084961,
        "min": 236.865234375,
        "stdev": 719.646484375
    },
    "spectral_skewness": {
        "max": 2.4749314785,
        "mean": 1.23561751842,
        "min": 0.397817224264,
        "stdev": 0.291849344969
    },
    "spectral_spread": {
        "max": 8610156,
        "mean": 3833901.25,
        "min": 2388449,
        "stdev": 751478.375
    },
    "spectral_strongpeak": {
        "max": 10.1575832367,
        "mean": 1.98529112339,
        "min": 0.0051730973646,
        "stdev": 2.15735960007
    },
    "zerocrossingrate": {
        "max": 0.1572265625,
        "mean": 0.0642358288169,
        "min": 0.015625,
        "stdev": 0.0157965086401
    },
    "barkbands": {
        "max": [0.000323093583575, 0.0172122307122, 0.0147569663823, 0.0393982715905, 0.026751069352, 0.0241575799882, 0.0212498698384, 0.0161928404123, 0.0318872220814, 0.0767990201712, 0.0150301028043, 0.0174119509757, 0.0260031707585, 0.0191610045731, 0.0128178196028, 0.0221212748438, 0.0069869523868, 0.00679713301361, 0.00744650932029, 0.00523735536262, 0.00182630727068, 0.00122523691971, 0.00115851056762, 0.000735468347557, 0.000129715161165, 9.00969007489e-06, 1.70571482272e-07],
        "mean": [1.49857823999e-05, 0.00180584250484, 0.00221124244854, 0.00227817287669, 0.00268648588099, 0.0018437532708, 0.00166609103326, 0.00116286508273, 0.00239239749499, 0.00502137467265, 0.000617411104031, 0.00091129419161, 0.00196183449589, 0.00102778209839, 0.00137003441341, 0.000662647071294, 0.000558985571843, 0.000586295907851, 0.000382899917895, 0.000482842733618, 0.000220060435822, 0.000173846274265, 0.000114759328426, 5.57312741876e-05, 1.05346589407e-05, 2.03268587029e-06, 1.16751863732e-09],
        "min": [1.64740165953e-09, 2.0312891138e-06, 3.79144830731e-06, 1.23852441902e-05, 4.29554311268e-05, 2.19338417082e-05, 1.35369409691e-05, 9.86580380413e-06, 1.17583267638e-05, 4.17402407038e-06, 7.95598623426e-07, 2.59740204456e-06, 1.23645158965e-05, 1.21679249787e-06, 4.74992111776e-06, 1.27837693071e-05, 4.96314214615e-06, 3.56607165486e-06, 4.10495022152e-06, 1.24920131839e-06, 4.54540577266e-06, 3.58843021786e-06, 4.71971043225e-06, 8.21918661131e-07, 5.38007327577e-07, 2.41646944232e-07, 2.77802329751e-11],
        "stdev": [1.93001505977e-05, 0.00230356561951, 0.0023750490509, 0.00327132386155, 0.00245124846697, 0.00195998698473, 0.00227766716853, 0.00165996560827, 0.00474399374798, 0.0103393346071, 0.00113290536683, 0.00143765483517, 0.00315434508957, 0.00196935725398, 0.00173161912244, 0.00157519371714, 0.000659006822389, 0.000685664068442, 0.000544312177226, 0.000521362875588, 0.00019888591487, 0.000143227531225, 0.000118629155622, 6.16712568444e-05, 1.04694181573e-05, 9.8197006082e-07, 5.93690119288e-09]
    },
    "erbbands": {
        "max": [0.233734115958, 4.99114608765, 18.1444454193, 60.6768951416, 179.30116272, 66.0615386963, 227.155548096, 161.190231323, 318.88381958, 300.835174561, 443.842193604, 914.442687988, 2081.10253906, 3059.09350586, 835.906433105, 528.29284668, 1205.32324219, 1274.28869629, 803.722106934, 1120.09509277, 1038.32702637, 404.555877686, 475.329193115, 445.909729004, 186.192337036, 243.432434082, 106.763725281, 61.2353363037, 62.2016448975, 47.5308456421, 29.2107868195, 19.199672699, 8.71607494354, 2.71556830406, 0.245820522308, 0.0653387606144, 0.013031359762, 0.000353781651938, 6.82203171891e-05, 0.000129098480102],
        "mean": [0.0209426060319, 0.530919313431, 2.55657839775, 4.80691814423, 9.08875083923, 7.34327745438, 14.1584177017, 15.1680688858, 23.7742767334, 20.138425827, 32.8394241333, 59.940158844, 65.2763519287, 175.313964844, 37.9868087769, 38.8279914856, 87.4375152588, 64.206703186, 84.8765640259, 37.3809700012, 37.3746299744, 28.9212970734, 32.93491745, 23.9726657867, 21.1759033203, 25.640296936, 13.3610887527, 6.03479003906, 6.68966627121, 4.66583013535, 2.9860932827, 1.61860454082, 0.689196288586, 0.202241912484, 0.037231862545, 0.013492369093, 0.00308316084556, 9.36007345445e-05, 2.1562411348e-05, 3.74246446881e-05],
        "min": [0.000124827580294, 0.000924736319575, 0.00871921051294, 0.0524832755327, 0.06362118572, 0.177051842213, 0.189722880721, 0.190055564046, 0.213820695877, 0.221027389169, 0.336863040924, 0.278074920177, 0.203000858426, 0.0433341562748, 0.0726791620255, 0.134560883045, 0.585871577263, 0.111693248153, 0.114709377289, 0.353204041719, 0.833990871906, 0.316489517689, 0.182128474116, 0.305699318647, 0.0803885608912, 0.0738015249372, 0.161499068141, 0.145260944963, 0.111991889775, 0.236971378326, 0.072903290391, 0.0274867005646, 0.0105133187026, 0.0072042378597, 0.002671033144, 0.000928992696572, 0.000419437303208, 1.57058238983e-05, 5.63807998333e-06, 2.68570556727e-06],
        "stdev": [0.0243677329272, 0.660245895386, 2.80620217323, 5.42065811157, 12.3871202469, 6.82010936737, 15.8331871033, 17.3712406158, 33.1565132141, 24.7189483643, 41.6372451782, 123.158203125, 150.603729248, 392.75088501, 47.8040237427, 56.1626358032, 134.734436035, 131.075164795, 110.312141418, 62.2086791992, 77.1806869507, 35.955116272, 36.648059845, 29.9295787811, 21.8163280487, 28.389251709, 12.8025436401, 4.52901601791, 5.73432254791, 4.26479482651, 3.24189710617, 1.75431370735, 0.770964026451, 0.216746225953, 0.0254318714142, 0.00601655151695, 0.00185147719458, 5.15363062732e-05, 7.70884344092e-06, 1.72368181666e-05]
    },
    "gfcc": {
        "mean": [24.6363677979, 107.906867981, -153.908737183, 41.9781532288, -70.0881347656, 14.683968544, -36.5194969177, -0.192569464445, -21.9228115082, -6.50947093964, -13.8679561615, -8.46191883087, -9.05045318604],
        "cov": [[438.29574585, 98.5376358032, -97.368560791, 47.2384605408, -6.92440986633, 67.4015960693, 69.6011734009, 4.81549930573, 12.5671901703, -22.4855823517, 88.532043457, -96.6355819702, 21.591381073], [98.5376358032, 200.387771606, -20.15001297, -58.9349403381, 120.174110413, 16.0588092804, 104.223060608, 24.7731590271, -5.95096969604, 6.16707515717, 16.0007209778, -29.6867256165, -11.6781053543], [-97.368560791, -20.15001297, 282.938842773, 107.200546265, -44.5033912659, 45.1579742432, -53.7082633972, -5.81517028809, 38.8132858276, -5.73245191574, -59.3746032715, 69.1306838989, -18.4790763855], [47.2384605408, -58.9349403381, 107.200546265, 257.13104248, -19.7492752075, -26.2588214874, -96.7545700073, -1.17346811295, 40.885181427, -8.99418354034, 24.5654525757, 11.9219121933, 11.3586492538], [-6.92440986633, 120.174110413, -44.5033912659, -19.7492752075, 204.957473755, 24.6950798035, 87.5103683472, 41.4359130859, -8.12474060059, 17.1776447296, 1.0400635004, -4.23720550537, -1.25166416168], [67.4015960693, 16.0588092804, 45.1579742432, -26.2588214874, 24.6950798035, 193.692489624, 114.045448303, 5.0652346611, -3.09366822243, -5.96312046051, 3.11571455002, -20.0213928223, 0.816358208656], [69.6011734009, 104.223060608, -53.7082633972, -96.7545700073, 87.5103683472, 114.045448303, 191.152984619, 43.4098396301, -28.943862915, 5.38595342636, 15.325507164, -36.6831626892, -4.15473937988], [4.81549930573, 24.7731590271, -5.81517028809, -1.17346811295, 41.4359130859, 5.0652346611, 43.4098396301, 69.7958297729, 30.5997676849, 7.50359582901, 7.88147306442, 3.77972507477, 7.59571075439], [12.5671901703, -5.95096969604, 38.8132858276, 40.885181427, -8.12474060059, -3.09366822243, -28.943862915, 30.5997676849, 85.2768707275, 19.8200073242, -6.11941385269, 11.8154478073, 11.3503751755], [-22.4855823517, 6.16707515717, -5.73245191574, -8.99418354034, 17.1776447296, -5.96312046051, 5.38595342636, 7.50359582901, 19.8200073242, 75.026763916, 30.6803894043, 8.62235069275, -13.9311361313], [88.532043457, 16.0007209778, -59.3746032715, 24.5654525757, 1.0400635004, 3.11571455002, 15.325507164, 7.88147306442, -6.11941385269, 30.6803894043, 100.015487671, -7.07262468338, 1.782741189], [-96.6355819702, -29.6867256165, 69.1306838989, 11.9219121933, -4.23720550537, -20.0213928223, -36.6831626892, 3.77972507477, 11.8154478073, 8.62235069275, -7.07262468338, 96.0871047974, 21.8521728516], [21.591381073, -11.6781053543, -18.4790763855, 11.3586492538, -1.25166416168, 0.816358208656, -4.15473937988, 7.59571075439, 11.3503751755, -13.9311361313, 1.782741189, 21.8521728516, 81.4498748779]],
        "icov": [[0.0065845772624, -0.00639052968472, 0.00378333451226, -0.00338932685554, 0.00429914798588, -0.00409696670249, 0.00130243168678, -0.000287256843876, -0.00146376399789, 0.00184805353638, -0.00229426333681, 0.00230402383022, -0.00117824517656], [-0.00639052968472, 0.0272029582411, -0.0160614270717, 0.0112745761871, -0.0173140615225, 0.0178595222533, -0.0163578558713, 0.0135846138, -0.0103361736983, 0.00774306757376, -0.0123368995264, 0.00828950479627, -0.0013574543409], [0.00378333451226, -0.0160614270717, 0.0199972838163, -0.0118636051193, 0.0126764439046, -0.0150349969044, 0.00966086331755, -0.00892067328095, 0.00559541443363, -0.00629884330556, 0.0148181263357, -0.01297076419, 0.00585429556668], [-0.00338932685554, 0.0112745761871, -0.0118636051193, 0.0134771177545, -0.00975650828332, 0.00776050100103, -0.00125754950568, 0.00426264572889, -0.00515735475346, 0.00574590358883, -0.0109433075413, 0.00742602674291, -0.00279675167985], [0.00429914798588, -0.0173140615225, 0.0126764439046, -0.00975650828332, 0.0186429116875, -0.0111804045737, 0.00626850826666, -0.0111189642921, 0.00788880698383, -0.00744372606277, 0.0111610116437, -0.0074938768521, 0.00176343903877], [-0.00409696670249, 0.0178595222533, -0.0150349969044, 0.00776050100103, -0.0111804045737, 0.0241967532784, -0.0212373603135, 0.0163032412529, -0.0115638058633, 0.00773407611996, -0.0112266102806, 0.00757052376866, -0.00271572032943], [0.00130243168678, -0.0163578558713, 0.00966086331755, -0.00125754950568, 0.00626850826666, -0.0212373603135, 0.0325799435377, -0.0233407635242, 0.0169251412153, -0.00838854257017, 0.00840181764215, -0.00213676015846, 0.000420356926043], [-0.000287256843876, 0.0135846138, -0.00892067328095, 0.00426264572889, -0.0111189642921, 0.0163032412529, -0.0233407635242, 0.0391659885645, -0.0231761652976, 0.0108669446781, -0.0126437144354, 0.00350291887298, -0.00134650338441], [-0.00146376399789, -0.0103361736983, 0.00559541443363, -0.00515735475346, 0.00788880698383, -0.0115638058633, 0.0169251412153, -0.0231761652976, 0.0307287108153, -0.0148713048548, 0.0132593875751, -0.00376458349638, -0.00194942613598], [0.00184805353638, 0.00774306757376, -0.00629884330556, 0.00574590358883, -0.00744372606277, 0.00773407611996, -0.00838854257017, 0.0108669446781, -0.0148713048548, 0.0260770414025, -0.0164792127907, 0.00337451673113, 0.00274463254027], [-0.00229426333681, -0.0123368995264, 0.0148181263357, -0.0109433075413, 0.0111610116437, -0.0112266102806, 0.00840181764215, -0.0126437144354, 0.0132593875751, -0.0164792127907, 0.0303631387651, -0.0122969290242, 0.00358727551065], [0.00230402383022, 0.00828950479627, -0.01297076419, 0.00742602674291, -0.0074938768521, 0.00757052376866, -0.00213676015846, 0.00350291887298, -0.00376458349638, 0.00337451673113, -0.0122969290242, 0.0253982357681, -0.0094704600051], [-0.00117824517656, -0.0013574543409, 0.00585429556668, -0.00279675167985, 0.00176343903877, -0.00271572032943, 0.000420356926043, -0.00134650338441, -0.00194942613598, 0.00274463254027, 0.00358727551065, -0.0094704600051, 0.0175181683153]]
    },
    "melbands": {
        "max": [0.00346191599965, 0.00807709340006, 0.0144056444988, 0.0068749669008, 0.00617851503193, 0.00331842293963, 0.00455757137388, 0.0028194184415, 0.00368948886171, 0.0049535902217, 0.0103961154819, 0.0132845090702, 0.00248805619776, 0.00221779267304, 0.00169979943894, 0.00288231344894, 0.00207274942659, 0.00129442417528, 0.00073864532169, 0.00220724451356, 0.00139864324592, 0.000577180588152, 0.000368098058971, 0.000444352132035, 0.000437409093138, 0.000317384663504, 0.000124345315271, 0.000175571694854, 0.000107198233309, 3.99994387408e-05, 3.16125588142e-05, 4.06541548728e-05, 2.48195265158e-05, 2.73904097412e-05, 1.96491691895e-05, 1.24860362121e-05, 1.36175358421e-05, 6.46049602437e-06, 4.38340066466e-06, 1.54128667873e-06],
        "mean": [0.000341037724866, 0.00111765624024, 0.001016043243, 0.000571479147766, 0.00046799069969, 0.000339726131642, 0.000364132894902, 0.000226265183301, 0.00030280451756, 0.000352720584488, 0.000323674961692, 0.000756179739255, 0.00011142904259, 0.000107492407551, 0.000150069536176, 0.000178923946805, 0.000106224913907, 0.000134061061544, 7.01938697603e-05, 4.21977238148e-05, 4.24105819548e-05, 2.53940543189e-05, 3.68012879335e-05, 2.81713546428e-05, 1.7869999283e-05, 1.54430508701e-05, 1.6074955056e-05, 1.62009273481e-05, 1.00336546893e-05, 4.19970911025e-06, 3.12767906507e-06, 3.83086808142e-06, 3.14984799843e-06, 2.465704938e-06, 1.81615894235e-06, 1.24990299355e-06, 8.86008422185e-07, 5.24697952642e-07, 2.94168529535e-07, 1.24792336464e-07],
        "min": [1.41646307839e-06, 8.22986112325e-06, 8.97498830454e-06, 8.29419059301e-06, 7.45317129258e-06, 4.25494999945e-06, 3.14539556712e-06, 2.6206671464e-06, 2.43065073846e-06, 1.6091615862e-06, 9.6158123597e-07, 1.64323708418e-07, 1.68868268702e-07, 3.24956175746e-07, 8.44968724323e-07, 1.08945039301e-06, 1.10100849326e-07, 1.44622845255e-07, 4.25658186032e-07, 4.38232007127e-07, 1.11933809421e-06, 3.42056040381e-07, 1.24648821043e-07, 1.84555901228e-07, 2.71750565162e-07, 9.96807614229e-08, 3.69119312893e-08, 3.93443571056e-08, 9.61584802894e-08, 1.19794961506e-07, 6.57871694898e-08, 4.52724115974e-08, 1.02022482906e-07, 1.30366714757e-07, 4.17646752737e-08, 2.83181691429e-08, 9.77778569222e-09, 5.79226977493e-09, 9.65073354564e-09, 4.83571582777e-09],
        "stdev": [0.000413871515775, 0.00115281902254, 0.00120470591355, 0.000577127502766, 0.000496478111017, 0.000379995733965, 0.000500109861605, 0.000271264318144, 0.000432264379924, 0.00069934676867, 0.000761597417295, 0.00170485023409, 0.000158654351253, 0.000166738769622, 0.000229357057833, 0.000300214451272, 0.000228059943765, 0.000182901509106, 7.88984034443e-05, 0.000114258953545, 9.44513594732e-05, 4.20908581873e-05, 3.78794356948e-05, 3.97068506572e-05, 2.61930799752e-05, 2.27263026318e-05, 1.76131106855e-05, 1.86665420188e-05, 1.22236779134e-05, 3.55292058885e-06, 2.69424776889e-06, 3.41327927345e-06, 2.86118734039e-06, 2.46492368206e-06, 2.0927004698e-06, 1.34843071464e-06, 1.03251659311e-06, 6.07803826824e-07, 3.37124902217e-07, 1.33812193326e-07]
    },
    "melbands128": {
        "max": [0.000248296390055, 0.00104554893915, 0.00497752288356, 0.0106670241803, 0.011486068368, 0.00684427469969, 0.0127712246031, 0.0261012036353, 0.0222597643733, 0.00640499731526, 0.00387945631519, 0.00542447576299, 0.00996720418334, 0.00827555637807, 0.00454156007618, 0.00468747969717, 0.0088445385918, 0.00878821779042, 0.00471654860303, 0.00545861525461, 0.00610830588266, 0.00531751383096, 0.00705406628549, 0.0071122739464, 0.0113167986274, 0.00632132031024, 0.0144130224362, 0.020267477259, 0.00804293714464, 0.0235737692565, 0.0147456126288, 0.00466356985271, 0.00278803380206, 0.00445389933884, 0.00442687934265, 0.00309366127476, 0.00203785067424, 0.0032658544369, 0.00508020119742, 0.00539717497304, 0.00357486470602, 0.00863966345787, 0.00230037397705, 0.00360997347161, 0.00185430329293, 0.00290018320084, 0.00212598545477, 0.00126299983822, 0.00173183879815, 0.00274026789702, 0.00366431637667, 0.00114967930131, 0.0033152801916, 0.00131335109472, 0.00122726452537, 0.00106748298276, 0.000687714782543, 0.000675675051752, 0.000686616345774, 0.00108656450175, 0.000841889239382, 0.000772738072556, 0.000381799181923, 0.0010038636392, 0.00122858339455, 0.00047922815429, 0.000311262381729, 0.000182803196367, 0.000199564456125, 0.000384766870411, 0.000278579129372, 0.000264701957349, 0.000217477791011, 0.000184918259038, 7.95987798483e-05, 0.000103807411506, 4.89817757625e-05, 5.53425779799e-05, 3.49332258338e-05, 2.47589741775e-05, 6.44746833132e-05, 7.71491977503e-05, 4.72821920994e-05, 3.33430762112e-05, 5.46626688447e-05, 2.50043049164e-05, 3.36027296726e-05, 5.3524512623e-05, 2.38134671235e-05, 2.20142374019e-05, 2.21987156692e-05, 1.23854160847e-05, 1.19116166388e-05, 1.91418948816e-05, 1.41641294249e-05, 7.45260331314e-06, 9.44463135966e-06, 7.71895429352e-06, 4.07753168474e-06, 5.89641877013e-06, 2.71565886578e-06, 1.40197687415e-06, 9.00511167856e-07, 6.6704518531e-07, 2.15971994066e-07, 1.2578136932e-07, 9.24651146761e-08, 1.15139620505e-07, 2.55776967606e-07, 1.70899298269e-07, 9.86304939943e-08, 8.82217889853e-08, 7.30635036916e-08, 1.15731717543e-08, 1.04381214783e-09, 9.11047126628e-10, 8.48138170806e-10, 8.10069122892e-10, 7.77670594587e-10, 7.50418505113e-10, 7.32107319212e-10, 7.15724368661e-10, 7.01029401196e-10, 6.88212986599e-10, 6.79842626639e-10, 6.69950317445e-10, 6.64218235968e-10, 6.59491183885e-10],
        "mean": [1.16069868454e-05, 7.88913384895e-05, 0.000366216438124, 0.0010399480816, 0.00140892900527, 0.000956100062467, 0.000857820617966, 0.00127783499192, 0.000941476959269, 0.000484136544401, 0.000332172319759, 0.000472912652185, 0.000524273549672, 0.000437379290815, 0.000346632587025, 0.000285803776933, 0.000290537398541, 0.000493676110636, 0.000290581898298, 0.000180995659321, 0.000199521688046, 0.000326489302097, 0.000194697102415, 0.000412342546042, 0.000562474247999, 0.000189405298443, 0.000264377536951, 0.000274250429356, 0.000251026853221, 0.00130464520771, 0.000733714958187, 9.86788072623e-05, 0.000100263452623, 6.6520551627e-05, 0.000162822689163, 9.44761777646e-05, 7.55811852287e-05, 6.22088191449e-05, 0.000315237557516, 0.00019768315542, 9.62107005762e-05, 0.000245033937972, 7.49036771595e-05, 6.69831279083e-05, 8.318653272e-05, 0.000161892006872, 0.000199659814825, 3.57825374522e-05, 3.46883025486e-05, 5.58864085178e-05, 3.37265482813e-05, 3.42469138559e-05, 7.05477505107e-05, 2.81199791061e-05, 2.39993642026e-05, 2.03378913284e-05, 2.42100868491e-05, 5.9718186094e-05, 2.7351654353e-05, 2.35133775277e-05, 3.1163886888e-05, 2.9925857234e-05, 2.21413793042e-05, 1.24323369164e-05, 1.47679966176e-05, 1.44352025018e-05, 1.87718324014e-05, 1.12154830276e-05, 1.15961138363e-05, 2.90951302304e-05, 1.78793579835e-05, 8.7186563178e-06, 1.19499636639e-05, 1.21381935969e-05, 4.85217788082e-06, 4.49096160082e-06, 3.8448442865e-06, 2.95734184874e-06, 2.9791021916e-06, 3.23119093082e-06, 3.48033177033e-06, 4.4427033572e-06, 4.16002330894e-06, 2.69925772045e-06, 2.72181682703e-06, 2.36297546508e-06, 2.60360297943e-06, 2.17754200094e-06, 1.67089547176e-06, 1.72476347871e-06, 1.33374362576e-06, 1.13364137633e-06, 1.02456317563e-06, 9.93939693217e-07, 7.20154332612e-07, 5.9760992599e-07, 5.01267152231e-07, 3.79236951176e-07, 3.28488596324e-07, 2.37268636738e-07, 1.58309703124e-07, 1.1191609417e-07, 7.23838127215e-08, 4.93702820847e-08, 3.11759649207e-08, 2.35076509369e-08, 2.18095816962e-08, 2.23768594765e-08, 2.5893834632e-08, 2.3118946757e-08, 1.76054175682e-08, 1.38647129333e-08, 1.07524416038e-08, 1.43277489872e-09, 6.87397101046e-12, 5.89931358971e-12, 5.66451312939e-12, 5.46690600775e-12, 5.30203268442e-12, 5.16066009371e-12, 5.04115976394e-12, 4.93648741676e-12, 4.83297039541e-12, 4.74213897317e-12, 4.67946037822e-12, 4.62710729107e-12, 4.58823647478e-12, 4.55523943219e-12],
        "min": [2.80384548912e-10, 8.47592076525e-08, 2.6823471444e-07, 7.12708299488e-07, 5.81299161695e-07, 2.23413394451e-06, 2.83107283394e-06, 6.12794792687e-06, 5.19629884366e-06, 3.85346493204e-06, 7.57549685204e-07, 2.23193774218e-06, 2.94520805255e-06, 3.27823067892e-06, 2.70642249234e-06, 2.74016770163e-07, 2.11850738197e-06, 1.64916298218e-06, 2.14675424104e-06, 1.17092395158e-06, 6.38608923964e-07, 1.85265605523e-06, 6.15748660948e-07, 9.87765702121e-07, 5.05540640461e-07, 8.08721779322e-07, 5.98367876137e-07, 5.1170769666e-07, 5.23360426996e-07, 1.18524823733e-07, 9.15400235613e-08, 9.44572633443e-08, 8.56078088418e-08, 2.48066612585e-07, 5.27681550011e-07, 3.11132282604e-07, 6.20808222607e-08, 3.13652378736e-07, 2.63522593968e-07, 2.56755356531e-07, 5.11038138029e-07, 1.40223278322e-07, 2.91359185667e-08, 1.41449802982e-07, 1.66284394254e-07, 1.28719179315e-07, 1.12762755577e-07, 2.3959754003e-07, 5.27809959294e-07, 5.6181556829e-07, 1.24963491999e-07, 2.77153901607e-07, 4.2700406766e-07, 5.28783800746e-07, 3.33041754175e-07, 2.25859878356e-07, 2.29503072546e-07, 7.58067315587e-08, 1.03014500041e-07, 1.66036059568e-07, 2.05450277235e-07, 1.68160866565e-07, 2.44655609549e-07, 2.68315744734e-07, 1.30649823404e-07, 4.81892321602e-08, 1.08331601467e-08, 1.47912242454e-08, 2.65839794622e-08, 1.01822131171e-07, 3.26440243725e-08, 9.49874134903e-09, 4.94362950576e-08, 1.68614036511e-07, 6.74657485433e-08, 9.25884435787e-08, 1.05663758632e-07, 6.81267238178e-08, 5.18714848852e-08, 5.16758902336e-08, 1.93847338181e-08, 5.22532737079e-08, 8.32195112821e-08, 9.07722395027e-08, 8.94291574127e-08, 2.66060293796e-08, 5.5762047424e-08, 6.77868072785e-08, 3.64915457851e-08, 7.16108639054e-09, 1.75762853161e-08, 1.85668689312e-08, 1.61230300222e-08, 6.29867269453e-09, 5.04946617852e-09, 4.62801708068e-09, 6.0081966069e-09, 6.64807497941e-09, 1.24873800189e-08, 9.97149740556e-09, 4.70496441807e-09, 3.48485129642e-09, 3.1132836309e-09, 1.47445322618e-09, 2.26320318042e-09, 1.15857690108e-09, 2.34656494236e-09, 2.25163176992e-09, 1.55863744133e-09, 8.39904479299e-10, 8.99387064823e-10, 8.25010823546e-11, 2.60872947593e-13, 1.32401048133e-13, 1.15861896357e-13, 9.75020235448e-14, 9.72429195544e-14, 8.20960934325e-14, 9.49597456332e-14, 9.43981627892e-14, 1.16109202873e-13, 8.02322347015e-14, 1.22112132146e-13, 1.01073615894e-13, 9.39940399819e-14, 1.06776627741e-13, 9.95287023371e-14, 9.4185008642e-14],
        "stdev": [1.58080983965e-05, 0.000107436411781, 0.000506568292622, 0.0014245059574, 0.00173790939152, 0.000984762096778, 0.00100941641722, 0.00199995236471, 0.00142976618372, 0.000543759670109, 0.00039127774653, 0.000605858338531, 0.000680444005411, 0.000567408686038, 0.000475430540973, 0.000462742493255, 0.000541801331565, 0.000838170701172, 0.000476991321193, 0.000371529866243, 0.000375474017346, 0.000515176681802, 0.000444776407676, 0.00105702062137, 0.00146705342922, 0.000491518934723, 0.000883299217094, 0.00136491656303, 0.000550687254872, 0.00301877316087, 0.00186679698527, 0.000239071814576, 0.000200677008252, 0.000203755684197, 0.000267656927463, 0.000215418374864, 0.000186228164239, 0.000155205561896, 0.000614565040451, 0.000376113690436, 0.000256703962805, 0.000770950457081, 0.00018677492335, 0.000255225459114, 0.000204307827516, 0.000325666827848, 0.000295364414342, 8.95140619832e-05, 8.76309204614e-05, 0.00015250936849, 0.000176545319846, 9.67732776189e-05, 0.000211673424928, 6.7283413955e-05, 6.29158239462e-05, 6.96491333656e-05, 4.57891037513e-05, 7.26720681996e-05, 4.38262832176e-05, 5.73074939894e-05, 6.47485503578e-05, 5.55486258236e-05, 3.48225075868e-05, 3.83401820727e-05, 6.01371575613e-05, 3.24525499309e-05, 2.47650496021e-05, 1.67620528373e-05, 2.32313595916e-05, 4.83051990159e-05, 2.92311960948e-05, 1.82510484592e-05, 1.92197385331e-05, 1.97017197934e-05, 5.54081043447e-06, 5.72477165406e-06, 3.81418635698e-06, 3.10622272082e-06, 3.28581450049e-06, 3.15337547363e-06, 3.99360669689e-06, 4.95591257277e-06, 4.24722293246e-06, 3.10038694806e-06, 3.10545283355e-06, 2.59781404566e-06, 3.017163408e-06, 3.04186710309e-06, 2.18508967009e-06, 2.20573292609e-06, 1.66475422247e-06, 1.31897820665e-06, 1.19086359973e-06, 1.28219107864e-06, 9.98396103569e-07, 7.54255552238e-07, 6.18013075382e-07, 4.88733348902e-07, 3.97027946519e-07, 3.21529341818e-07, 1.94684631083e-07, 1.24935283452e-07, 7.39217540513e-08, 4.66636933538e-08, 2.16111075702e-08, 1.30898945017e-08, 1.0408869322e-08, 1.10569580158e-08, 1.91199465149e-08, 1.61589035486e-08, 8.99462548887e-09, 1.1274045697e-08, 9.82260939253e-09, 1.58841073628e-09, 3.66427374554e-11, 3.18471429783e-11, 2.965259982e-11, 2.82351815539e-11, 2.70690570653e-11, 2.61374411697e-11, 2.54939819255e-11, 2.49427527244e-11, 2.43590026622e-11, 2.39225288884e-11, 2.35853749725e-11, 2.32406507233e-11, 2.30288895592e-11, 2.28659868817e-11]
    },
    "mfcc": {
        "mean": [-598.980407715, 119.368995667, -18.8306541443, 22.1637039185, -7.63409805298, 8.53181934357, -5.317050457, 4.25530195236, -6.72064971924, 3.17825865746, -5.04362010956, -3.00367569923, -5.30589056015],
        "cov": [[617.270629883, -43.5308227539, -54.7580986023, -24.399723053, -23.3862895966, -4.90475797653, 102.428649902, -13.2210073471, -57.0885543823, 82.6576690674, 30.1387805939, 6.35350465775, -15.1743202209], [-43.5308227539, 338.755279541, -175.784896851, -39.3930206299, -22.0874652863, 26.6061935425, 114.473510742, 37.6579322815, 21.4614582062, 49.9276771545, 45.6354255676, -18.4826450348, -10.7799167633], [-54.7580986023, -175.784896851, 372.565063477, 36.4061737061, 29.6497879028, 46.6450004578, -117.664222717, 19.4534225464, 32.9855422974, -71.5387496948, -20.4315013885, 40.0009803772, 7.03838443756], [-24.399723053, -39.3930206299, 36.4061737061, 190.022644043, 88.1709594727, -46.8693656921, -68.2370223999, -13.6102981567, -0.500427722931, -25.4315109253, -27.2174549103, 31.7441997528, 40.4852561951], [-23.3862895966, -22.0874652863, 29.6497879028, 88.1709594727, 117.208961487, 9.0940656662, -39.5707130432, 9.35259628296, 22.5601406097, -12.3969564438, -9.11595535278, 17.9285621643, 21.8447990417], [-4.90475797653, 26.6061935425, 46.6450004578, -46.8693656921, 9.0940656662, 124.347801208, 64.9647064209, 31.6546993256, 24.5739421844, 10.1266918182, 27.6087875366, -4.00248908997, -18.7474689484], [102.428649902, 114.473510742, -117.664222717, -68.2370223999, -39.5707130432, 64.9647064209, 216.183685303, 46.0159645081, -16.3757820129, 68.4758605957, 40.704120636, -23.5695800781, -16.0362110138], [-13.2210073471, 37.6579322815, 19.4534225464, -13.6102981567, 9.35259628296, 31.6546993256, 46.0159645081, 87.5283432007, 42.9699211121, 6.47384881973, 4.84011983871, -11.899023056, -2.62604570389], [-57.0885543823, 21.4614582062, 32.9855422974, -0.500427722931, 22.5601406097, 24.5739421844, -16.3757820129, 42.9699211121, 104.630599976, 15.451716423, -11.4209079742, -16.5726165771, -1.70177912712], [82.6576690674, 49.9276771545, -71.5387496948, -25.4315109253, -12.3969564438, 10.1266918182, 68.4758605957, 6.47384881973, 15.451716423, 90.8532867432, 37.1161079407, -6.52050542831, -8.93914985657], [30.1387805939, 45.6354255676, -20.4315013885, -27.2174549103, -9.11595535278, 27.6087875366, 40.704120636, 4.84011983871, -11.4209079742, 37.1161079407, 88.5544509888, 42.2240333557, -5.05602502823], [6.35350465775, -18.4826450348, 40.0009803772, 31.7441997528, 17.9285621643, -4.00248908997, -23.5695800781, -11.899023056, -16.5726165771, -6.52050542831, 42.2240333557, 96.5561523438, 26.1941146851], [-15.1743202209, -10.7799167633, 7.03838443756, 40.4852561951, 21.8447990417, -18.7474689484, -16.0362110138, -2.62604570389, -1.70177912712, -8.93914985657, -5.05602502823, 26.1941146851, 72.9697952271]],
        "icov": [[0.00221538939513, 0.000633788411506, -0.00019556391635, 0.000105888138933, -0.000278635590803, 0.000437970244093, -0.0008960373234, -9.35452917474e-05, 0.00133825163357, -0.00232318975031, 0.000529263401404, -0.000417497387389, 0.000443247030489], [0.000633788411506, 0.00514966249466, 0.00235698209144, -0.00067087559728, 0.000833952741232, -0.000549231888726, -0.00128418498207, -0.00107664812822, -0.00156747095753, 0.000703520548996, -0.00225999765098, 0.000301143096294, 0.000110635402962], [-0.00019556391635, 0.00235698209144, 0.00608961004764, -0.00127109198365, 0.00211777514778, -0.00446765404195, 0.00325523153879, -0.0029578616377, -0.000739610812161, 0.00176838901825, 0.000245275878115, -0.0019497515168, 0.000168780636159], [0.000105888138933, -0.00067087559728, -0.00127109198365, 0.0111867198721, -0.00815676245838, 0.00442105159163, -0.000571862154175, 0.00102407555096, 0.000836061604787, -0.000399988086428, 0.00265794154257, -0.00217704172246, -0.0017360515194], [-0.000278635590803, 0.000833952741232, 0.00211777514778, -0.00815676245838, 0.0168557073921, -0.00642783008516, 0.0037335571833, -0.00302149704657, -0.00140573456883, -0.000420672033215, 0.000151427288074, -0.000838637410197, -0.00137197272852], [0.000437970244093, -0.000549231888726, -0.00446765404195, 0.00442105159163, -0.00642783008516, 0.0175955183804, -0.00844552647322, 0.00316349882632, -0.0044195977971, 0.00397067377344, -0.00481898291036, 0.00153790425975, 0.00218811817467], [-0.0008960373234, -0.00128418498207, 0.00325523153879, -0.000571862154175, 0.0037335571833, -0.00844552647322, 0.0147683536634, -0.00851518008858, 0.00705333286896, -0.00722078373656, 0.00186080415733, 0.000476554880152, -0.00148339092266], [-9.35452917474e-05, -0.00107664812822, -0.0029578616377, 0.00102407555096, -0.00302149704657, 0.00316349882632, -0.00851518008858, 0.0212055165321, -0.00989788491279, 0.00580104580149, -0.0030036191456, 0.00200328556821, -0.000299689592794], [0.00133825163357, -0.00156747095753, -0.000739610812161, 0.000836061604787, -0.00140573456883, -0.0044195977971, 0.00705333286896, -0.00989788491279, 0.0196330267936, -0.0107030076906, 0.0057183438912, 0.000506713928189, -0.000505552336108], [-0.00232318975031, 0.000703520548996, 0.00176838901825, -0.000399988086428, -0.000420672033215, 0.00397067377344, -0.00722078373656, 0.00580104580149, -0.0107030076906, 0.0252280961722, -0.0112244552001, 0.00359917408787, 0.000211357953958], [0.000529263401404, -0.00225999765098, 0.000245275878115, 0.00265794154257, 0.000151427288074, -0.00481898291036, 0.00186080415733, -0.0030036191456, 0.0057183438912, -0.0112244552001, 0.0259890016168, -0.0134565494955, 0.00268485769629], [-0.000417497387389, 0.000301143096294, -0.0019497515168, -0.00217704172246, -0.000838637410197, 0.00153790425975, 0.000476554880152, 0.00200328556821, 0.000506713928189, 0.00359917408787, -0.0134565494955, 0.0202767662704, -0.00558184273541], [0.000443247030489, 0.000110635402962, 0.000168780636159, -0.0017360515194, -0.00137197272852, 0.00218811817467, -0.00148339092266, -0.000299689592794, -0.000505552336108, 0.000211357953958, 0.00268485769629, -0.00558184273541, 0.0175997130573]]
    },
    "spectral_contrast_coeffs": {
        "max": [-0.497016251087, -0.541605710983, -0.444819480181, -0.56389349699, -0.608305692673, -0.657796502113],
        "mean": [-0.700079381466, -0.755681276321, -0.729099750519, -0.743074893951, -0.767914950848, -0.725012123585],
        "min": [-0.916474640369, -0.935152053833, -0.917627453804, -0.871170461178, -0.869928777218, -0.797462105751],
        "stdev": [0.060655798763, 0.0622378997505, 0.0796279758215, 0.0586474575102, 0.0492372661829, 0.0190774649382]
    },
    "spectral_contrast_valleys": {
        "max": [-5.00664424896, -4.74964570999, -5.54382610321, -5.8509683609, -6.10722494125, -8.79812908173],
        "mean": [-6.49634742737, -6.28249120712, -6.97949171066, -7.2092089653, -7.13205718994, -10.1647768021],
        "min": [-8.48350143433, -7.64764499664, -10.0606813431, -9.26841545105, -9.11390972137, -11.7959651947],
        "stdev": [0.487688362598, 0.412510544062, 0.441695183516, 0.323249965906, 0.314949989319, 0.448705434799]
    }
},
"rhythm": {
    "beats_count": 76,
    "beats_loudness": {
        "max": 0.0752576962113,
        "mean": 0.0371588245034,
        "min": 0.00880092941225,
        "stdev": 0.0114496666938
    },
    "bpm": 94.2090911865,
    "bpm_histogram_first_peak_bpm": 94,
    "bpm_histogram_first_peak_weight": 0.546666622162,
    "bpm_histogram_second_peak_bpm": 0,
    "bpm_histogram_second_peak_spread": 0,
    "bpm_histogram_second_peak_weight": 0,
    "danceability": 1.0695579052,
    "onset_rate": 3.6298828125,
    "beats_loudness_band_ratio": {
        "max": [0.628294289112, 0.626024484634, 0.594094276428, 0.690862774849, 0.399781167507, 0.144456982613],
        "mean": [0.265510171652, 0.181082054973, 0.194047838449, 0.228724658489, 0.122369579971, 0.054886110127],
        "min": [0.0214167181402, 0.0313149690628, 0.0264369975775, 0.0127461738884, 0.0214125197381, 0.0060052825138],
        "stdev": [0.141290739179, 0.119836397469, 0.136770859361, 0.174070805311, 0.0890239998698, 0.0296869408339]
    },
    "beats_position": [0.638548731804, 1.28870749474, 1.95047616959, 2.60063481331, 3.25079369545, 3.88934230804, 4.52789115906, 5.17804956436, 5.8282084465, 6.46675729752, 7.10530614853, 7.73224496841, 8.35918331146, 8.98612213135, 9.62467098236, 10.2748298645, 10.9133787155, 11.5403175354, 12.1672563553, 12.7941951752, 13.4443531036, 14.0945119858, 14.7446708679, 15.3832197189, 16.0217685699, 16.6603164673, 17.298866272, 17.9258041382, 18.5527439117, 19.1912918091, 19.8414516449, 20.4916095734, 21.1301574707, 21.7687072754, 22.4072551727, 23.0458049774, 23.6843528748, 24.3112926483, 24.9382305145, 25.5651702881, 26.2037181854, 26.830657959, 27.4575958252, 28.0845336914, 28.7230834961, 29.3500213623, 29.9769611359, 30.6155090332, 31.2540588379, 31.8809967041, 32.5079345703, 33.1348762512, 33.7618141174, 34.4119720459, 35.0505218506, 35.6890678406, 36.3392295837, 36.9777755737, 37.6163253784, 38.2432632446, 38.8818130493, 39.520362854, 40.1589126587, 40.7858505249, 41.4243965149, 42.0513381958, 42.678276062, 43.3168258667, 43.9553718567, 44.5939216614, 45.2208595276, 45.8478012085, 46.4863471985, 47.1365089417, 47.7750549316, 48.4136047363],
