{
"metadata": {
    "version": {
        "essentia": "2.1-beta5",
        "essentia_git_sha": "Undefined",
        "extractor": "music 2.0"
    },
    "audio_properties": {
        "analysis": {
            "equal_loudness": 0,
            "length": 12.7477550507,
            "sample_rate": 44100,
            "start_time": 0,
            "downmix": "mix"
        },
        "bit_rate": 192000,
        "length": 174.126434326,
        "lossless": 0,
        "number_channels": 2,
        "replay_gain": -5.1945514679,
        "sample_rate": 44100,
        "codec": "mp3",
        "md5_encoded": "a564e62a8641815b9496cc343a596909"
    },
    "tags": {
        "file_name": "United KingdomUK_Beg, Steal Or Borrow_The New Seekers.mp3",
        "encoding": ["Lavf58.29.100"]
    }
},
"lowlevel": {
    "average_loudness": 0.9144718647,
    "barkbands_crest": {
        "max": 22.4174690247,
        "mean": 7.64942741394,
        "min": 3.10771560669,
        "stdev": 3.2618803978
    },
    "barkbands_flatness_db": {
        "max": 0.36366891861,
        "mean": 0.165308713913,
        "min": 0.0715748816729,
        "stdev": 0.0368017293513
    },
    "barkbands_kurtosis": {
        "max": 10.229839325,
        "mean": 1.07812678814,
        "min": -1.3968514204,
        "stdev": 1.86162424088
    },
    "barkbands_skewness": {
        "max": 2.87079286575,
        "mean": 0.0347826741636,
        "min": -1.98230981827,
        "stdev": 0.881378948689
    },
    "barkbands_spread": {
        "max": 44.5603561401,
        "mean": 12.2840747833,
        "min": 1.76313352585,
        "stdev": 6.44349718094
    },
    "dissonance": {
        "max": 0.499999940395,
        "mean": 0.467228323221,
        "min": 0.227095797658,
        "stdev": 0.0380917899311
    },
    "dynamic_complexity": 4.68428277969,
    "erbbands_crest": {
        "max": 27.2877464294,
        "mean": 9.67865562439,
        "min": 3.44514489174,
        "stdev": 3.82195401192
    },
    "erbbands_flatness_db": {
        "max": 0.408965975046,
        "mean": 0.250257819891,
        "min": 0.0934912711382,
        "stdev": 0.0421621650457
    },
    "erbbands_kurtosis": {
        "max": 11.4794483185,
        "mean": 0.924119889736,
        "min": -1.6843931675,
        "stdev": 1.65199053288
    },
    "erbbands_skewness": {
        "max": 2.54486298561,
        "mean": -0.119819156826,
        "min": -2.32845401764,
        "stdev": 0.686228334904
    },
    "erbbands_spread": {
        "max": 47.5256271362,
        "mean": 15.3748903275,
        "min": 2.70536851883,
        "stdev": 9.11715984344
    },
    "hfc": {
        "max": 168.052185059,
        "mean": 18.5098323822,
        "min": 1.17654835137e-16,
        "stdev": 23.1644992828
    },
    "loudness_ebu128": {
        "integrated": -19.4517116547,
        "loudness_range": 7.90572357178,
        "momentary": {
            "max": -12.1942672729,
            "mean": -21.3679351807,
            "min": -27.7729358673,
            "stdev": 4.22533607483
        },
        "short_term": {
            "max": -17.4436759949,
            "mean": -20.9749031067,
            "min": -26.3376331329,
            "stdev": 3.15132260323
        }
    },
    "melbands_crest": {
        "max": 28.7843513489,
        "mean": 9.31724643707,
        "min": 1.92738389969,
        "stdev": 4.60113716125
    },
    "melbands_flatness_db": {
        "max": 0.411621570587,
        "mean": 0.197701588273,
        "min": 0.00569518422708,
        "stdev": 0.0445458963513
    },
    "melbands_kurtosis": {
        "max": 20.1153125763,
        "mean": 1.50385069847,
        "min": -1.71972382069,
        "stdev": 2.81606531143
    },
    "melbands_skewness": {
        "max": 4.36223125458,
        "mean": 0.40955939889,
        "min": -1.75511598587,
        "stdev": 1.03172516823
    },
    "melbands_spread": {
        "max": 137.167922974,
        "mean": 22.5400524139,
        "min": 2.85844945908,
        "stdev": 11.4534597397
    },
    "pitch_salience": {
        "max": 0.906921446323,
        "mean": 0.678235411644,
        "min": 0.326392918825,
        "stdev": 0.128274232149
    },
    "silence_rate_20dB": {
        "max": 1,
        "mean": 1,
        "min": 1,
        "stdev": 0
    },
    "silence_rate_30dB": {
        "max": 1,
        "mean": 0.976363658905,
        "min": 0,
        "stdev": 0.151913926005
    },
    "silence_rate_60dB": {
        "max": 1,
        "mean": 0.238181814551,
        "min": 0,
        "stdev": 0.425972312689
    },
    "spectral_centroid": {
        "max": 10804.1738281,
        "mean": 1496.22729492,
        "min": 536.11932373,
        "stdev": 613.883544922
    },
    "spectral_complexity": {
        "max": 37,
        "mean": 19.3854541779,
        "min": 0,
        "stdev": 5.0636472702
    },
    "spectral_decrease": {
        "max": -1.87947109745e-29,
        "mean": -5.25696552955e-09,
        "min": -6.37129318193e-08,
        "stdev": 8.05232502898e-09
    },
    "spectral_energy": {
        "max": 0.255624383688,
        "mean": 0.0215198881924,
        "min": 1.07425744204e-20,
        "stdev": 0.0324038863182
    },
    "spectral_energyband_high": {
        "max": 0.000858540588524,
        "mean": 7.53925050958e-05,
        "min": 7.63997261568e-21,
        "stdev": 9.61785262916e-05
    },
    "spectral_energyband_low": {
        "max": 0.0179513171315,
        "mean": 0.00166671350598,
        "min": 7.15465980797e-23,
        "stdev": 0.00287186703645
    },
    "spectral_energyband_middle_high": {
        "max": 0.0662780031562,
        "mean": 0.00855649169534,
        "min": 1.60864626864e-21,
        "stdev": 0.010468098335
    },
    "spectral_energyband_middle_low": {
        "max": 0.231975913048,
        "mean": 0.0118538523093,
        "min": 3.96422193868e-22,
        "stdev": 0.0257733557373
    },
    "spectral_entropy": {
        "max": 9.81566238403,
        "mean": 7.30160808563,
        "min": 5.6176533699,
        "stdev": 0.311866104603
    },
    "spectral_flux": {
        "max": 0.431253403425,
        "mean": 0.0713889971375,
        "min": 1.03646390082e-10,
        "stdev": 0.048781927675
    },
    "spectral_kurtosis": {
        "max": 58.4105491638,
        "mean": 13.9337921143,
        "min": -1.19748532772,
        "stdev": 7.6086025238
    },
    "spectral_rms": {
        "max": 0.0157920755446,
        "mean": 0.00382887152955,
        "min": 3.23736935696e-12,
        "stdev": 0.00251689390279
    },
    "spectral_rolloff": {
        "max": 18733.8867188,
        "mean": 1842.73303223,
        "min": 387.59765625,
        "stdev": 1151.02661133
    },
    "spectral_skewness": {
        "max": 5.59770679474,
        "mean": 2.47056412697,
        "min": -0.00475103454664,
        "stdev": 0.739307463169
    },
    "spectral_spread": {
        "max": 40730580,
        "mean": 2339001.5,
        "min": 1202128.375,
        "stdev": 1737051.75
    },
    "spectral_strongpeak": {
        "max": 10.8119812012,
        "mean": 1.45571422577,
        "min": 0,
        "stdev": 1.61944961548
    },
    "zerocrossingrate": {
        "max": 0.49609375,
        "mean": 0.0637650936842,
        "min": 0.02294921875,
        "stdev": 0.03206134215
    },
    "barkbands": {
        "max": [0.000435858150013, 0.00824978947639, 0.0125448405743, 0.01025217399, 0.0185109823942, 0.149740934372, 0.136149078608, 0.118246234953, 0.11103309691, 0.0305607337505, 0.0316316634417, 0.0420400612056, 0.0271047502756, 0.0202256049961, 0.00917536392808, 0.0108944326639, 0.0165782645345, 0.00257302564569, 0.00163594726473, 0.000896965619177, 0.000188168982277, 0.000179546696017, 6.61517624394e-05, 2.61462118942e-05, 2.62888011093e-06, 2.6029649689e-06, 1.98345287572e-06],
        "mean": [2.51481355917e-06, 0.000659168697894, 0.000757261295803, 0.0005784612149, 0.00116788945161, 0.00192824145779, 0.00253243697807, 0.00217088754289, 0.00262949289754, 0.00188510504086, 0.00147597014438, 0.00149712630082, 0.00090781232575, 0.000869102426805, 0.00076950941002, 0.00069406098919, 0.000594215467572, 0.000195722823264, 0.000106395178591, 6.12693329458e-05, 2.02602859645e-05, 8.04540104582e-06, 4.30279396824e-06, 2.01810621547e-06, 1.3635221876e-06, 1.24885445985e-06, 1.91423197293e-08],
        "min": [1.6174269153e-23, 4.13325501448e-23, 6.28658342335e-25, 5.61543377861e-23, 3.55150070468e-23, 7.16742168415e-23, 4.13089474265e-23, 7.7977284894e-23, 7.25759605868e-23, 7.78819589422e-23, 7.60159431808e-23, 1.71658632087e-22, 1.52145166788e-22, 6.91225294921e-23, 1.49526401018e-22, 1.26106711085e-22, 1.70323702731e-22, 2.29154576149e-22, 3.04663054576e-22, 2.03862875112e-22, 4.22485577574e-22, 5.52199604429e-22, 7.79084836013e-22, 8.08360940953e-22, 1.1207898452e-21, 1.61140771095e-21, 2.47306222664e-21],
        "stdev": [1.87156238098e-05, 0.00125876348466, 0.00154784496408, 0.00122772424947, 0.00191831868142, 0.00904384627938, 0.0108101554215, 0.00763587048277, 0.0103946141899, 0.00453533232212, 0.00346205360256, 0.00445365533233, 0.00221964926459, 0.00170023727696, 0.00111952307634, 0.000952908245381, 0.00159473298118, 0.000251834862866, 0.000164655255503, 8.80078878254e-05, 2.76051287074e-05, 1.40185629789e-05, 6.65494735586e-06, 2.2750516564e-06, 2.53030549402e-07, 2.02839530061e-07, 8.42304359594e-08]
    },
    "erbbands": {
        "max": [0.106314592063, 2.48303151131, 13.1452236176, 25.2988052368, 54.6448364258, 41.0091285706, 201.96585083, 1668.83789062, 1505.38293457, 1714.95068359, 4475.45654297, 1875.79138184, 745.433898926, 1384.05187988, 1060.28869629, 1941.64233398, 1444.41308594, 1046.50183105, 248.674240112, 676.555847168, 440.504302979, 645.202026367, 491.589752197, 105.644371033, 111.521255493, 52.2281799316, 14.3260307312, 9.6241979599, 6.34647321701, 3.79221081734, 2.00310754776, 0.958608686924, 0.313044726849, 0.0489169918001, 0.0183398108929, 0.0109045626596, 0.00472750794142, 0.0014482208062, 0.000294180237688, 0.000293046439765],
        "mean": [0.00672524515539, 0.194313079119, 0.862242817879, 1.39559614658, 2.94129824638, 3.32444477081, 7.99080276489, 16.9389781952, 34.0181159973, 42.9432220459, 59.1762695312, 58.1261291504, 51.3366851807, 57.5584793091, 61.9733505249, 67.0577926636, 45.8601341248, 47.9866981506, 32.5017051697, 49.0989456177, 34.2067985535, 28.4362049103, 17.110250473, 6.81629943848, 4.45415592194, 3.08724808693, 1.64291250706, 0.538654923439, 0.314241558313, 0.174683630466, 0.119693286717, 0.0595591589808, 0.025973206386, 0.0147348698229, 0.0102485045791, 0.00614847615361, 0.00231133541092, 0.000200648180908, 1.60320960276e-05, 2.5711093258e-05],
        "min": [2.69132239387e-21, 3.49329439453e-21, 2.30331773714e-21, 7.74010476754e-20, 1.86513847741e-19, 1.34138309393e-19, 2.10543948599e-19, 6.41071488776e-19, 7.82327726114e-19, 1.13130214676e-18, 1.54439138838e-18, 1.28364079485e-18, 2.7703705601e-18, 2.04283915517e-18, 5.22636864685e-18, 7.68117021685e-18, 6.01711857086e-18, 3.5210191816e-18, 4.57589077034e-18, 9.56602201092e-18, 7.1956143701e-18, 7.37626399843e-18, 1.27917923078e-17, 1.71289186351e-17, 1.27775457761e-17, 7.93226171897e-18, 1.40299890405e-17, 1.83789126177e-17, 1.57861613098e-17, 2.29802470501e-17, 2.04776518115e-17, 1.30103723031e-17, 1.67921320487e-17, 1.4493771012e-17, 7.38519010442e-18, 6.20742884157e-18, 2.77560868132e-18, 1.49232016202e-18, 3.68083921304e-19, 3.22423499793e-20],
        "stdev": [0.0119221536443, 0.377999871969, 1.83289253712, 2.85018634796, 5.30664634705, 5.66883039474, 20.4557685852, 91.594329834, 141.22819519, 128.035095215, 275.623840332, 202.854614258, 115.210693359, 159.964508057, 129.88583374, 195.358291626, 109.599769592, 90.3519439697, 29.9364509583, 85.2668991089, 40.5020332336, 67.2285614014, 39.7880172729, 8.77371120453, 7.90009307861, 4.69509124756, 2.19170975685, 0.861049056053, 0.526865124702, 0.307882457972, 0.187165543437, 0.0826492831111, 0.0218755714595, 0.00401423731819, 0.00201049004681, 0.00112467503641, 0.000440033298219, 6.49854409858e-05, 2.03379058803e-05, 3.74074224965e-05]
    },
    "gfcc": {
        "mean": [-65.6051559448, 102.452354431, -176.346252441, -10.5782833099, -41.1833686829, 3.61935424805, -42.2610626221, 9.93856430054, -19.7603435516, 4.88614940643, -16.6371936798, 2.83951330185, -11.7001037598],
        "cov": [[8332.45019531, 2908.00610352, 660.003967285, 865.824707031, -566.38104248, -583.53918457, 460.949584961, -319.530853271, -231.752716064, -286.111755371, 41.0876274109, -397.869110107, -46.0734596252], [2908.00610352, 1719.06420898, 841.828125, 543.641723633, -302.007049561, -419.688568115, 295.959503174, -227.938644409, -135.574707031, -150.166030884, 54.0043029785, -274.909057617, -31.8509178162], [660.003967285, 841.828125, 683.541381836, 425.442596436, -150.427001953, -235.442703247, 152.529876709, -139.399871826, -71.6818161011, -70.1138153076, 17.5614070892, -147.565628052, -21.0068149567], [865.824707031, 543.641723633, 425.442596436, 579.348632812, -41.0847587585, -102.834358215, 168.857437134, -69.6101760864, -44.6841239929, -66.5006408691, -6.85640239716, -63.7982711792, 0.536505162716], [-566.38104248, -302.007049561, -150.427001953, -41.0847587585, 221.754928589, 144.465698242, -58.7597961426, 74.9728240967, 42.1551475525, 30.0938415527, -9.10008621216, 72.8748397827, 23.0005474091], [-583.53918457, -419.688568115, -235.442703247, -102.834358215, 144.465698242, 273.392608643, 48.2057228088, 96.5355911255, 51.3998298645, 62.415927887, -5.804936409, 59.8072128296, 8.02537536621], [460.949584961, 295.959503174, 152.529876709, 168.857437134, -58.7597961426, 48.2057228088, 320.686798096, 35.1758651733, -6.50107097626, -6.94045209885, 54.2471885681, -69.8715438843, -6.44115209579], [-319.530853271, -227.938644409, -139.399871826, -69.6101760864, 74.9728240967, 96.5355911255, 35.1758651733, 117.554862976, 50.8361053467, 36.0115356445, 6.52022647858, 40.6880912781, 5.4862704277], [-231.752716064, -135.574707031, -71.6818161011, -44.6841239929, 42.1551475525, 51.3998298645, -6.50107097626, 50.8361053467, 69.1214370728, 33.545211792, -0.911551952362, 21.6143760681, 7.20641279221], [-286.111755371, -150.166030884, -70.1138153076, -66.5006408691, 30.0938415527, 62.415927887, -6.94045209885, 36.0115356445, 33.545211792, 94.5862731934, 30.812286377, 23.5669651031, -3.39004278183], [41.0876274109, 54.0043029785, 17.5614070892, -6.85640239716, -9.10008621216, -5.804936409, 54.2471885681, 6.52022647858, -0.911551952362, 30.812286377, 71.015045166, 9.87062740326, -1.09234547615], [-397.869110107, -274.909057617, -147.565628052, -63.7982711792, 72.8748397827, 59.8072128296, -69.8715438843, 40.6880912781, 21.6143760681, 23.5669651031, 9.87062740326, 99.0693130493, 30.6297531128], [-46.0734596252, -31.8509178162, -21.0068149567, 0.536505162716, 23.0005474091, 8.02537536621, -6.44115209579, 5.4862704277, 7.20641279221, -3.39004278183, -1.09234547615, 30.6297531128, 45.23595047]],
        "icov": [[0.00222292426042, -0.00726081710309, 0.00779011147097, -0.00352446641773, 0.00362097402103, -0.00279082497582, 0.00286951614544, -0.00197893404402, 0.000738205388188, -0.000151164145791, 0.000303673092276, -0.000230213525356, 0.000147985600051], [-0.00726081710309, 0.0266393851489, -0.0264333002269, 0.0109129296616, -0.0122848646715, 0.0112011274323, -0.010392899625, 0.00764383003116, -0.00220320071094, 0.00172790733632, -0.00345345563255, 0.00539178820327, -0.00244442839175], [0.00779011147097, -0.0264333002269, 0.0329665727913, -0.0147793488577, 0.0119876256213, -0.00779984192923, 0.00954926386476, -0.00495626032352, 0.00223532458767, -0.00194394343998, 0.000666996464133, 0.00203124550171, 0.000195244967472], [-0.00352446641773, 0.0109129296616, -0.0147793488577, 0.010535906069, -0.00807385891676, 0.00612022262067, -0.00877888593823, 0.00562091218308, -0.00144524720963, -0.000683025398757, 0.00525599438697, -0.00624670600519, 0.00272926618345], [0.00362097402103, -0.0122848646715, 0.0119876256213, -0.00807385891676, 0.0181908458471, -0.0133132087067, 0.0125649990514, -0.0106848180294, 0.00124424463138, 0.00342789571732, -0.00567039707676, 0.00186720455531, -0.00444413814694], [-0.00279082497582, 0.0112011274323, -0.00779984192923, 0.00612022262067, -0.0133132087067, 0.0200993884355, -0.0150658003986, 0.00872122403234, -0.00169494678266, -0.00688874861225, 0.00995761435479, -0.00474291015416, 0.0045556765981], [0.00286951614544, -0.010392899625, 0.00954926386476, -0.00877888593823, 0.0125649990514, -0.0150658003986, 0.0204948447645, -0.0147463968024, 0.0030554891564, 0.00648726709187, -0.0156819447875, 0.0135806947947, -0.00844053830951], [-0.00197893404402, 0.00764383003116, -0.00495626032352, 0.00562091218308, -0.0106848180294, 0.00872122403234, -0.0147463968024, 0.0278201848269, -0.0108289513737, -0.00372556340881, 0.00808652490377, -0.00962808262557, 0.00757043063641], [0.000738205388188, -0.00220320071094, 0.00223532458767, -0.00144524720963, 0.00124424463138, -0.00169494678266, 0.0030554891564, -0.0108289513737, 0.0251956749707, -0.00601599225774, 0.00164054369088, 0.00326561694965, -0.00496401777491], [-0.000151164145791, 0.00172790733632, -0.00194394343998, -0.000683025398757, 0.00342789571732, -0.00688874861225, 0.00648726709187, -0.00372556340881, -0.00601599225774, 0.0219523794949, -0.0161006357521, 0.00668877549469, -0.00129150296561], [0.000303673092276, -0.00345345563255, 0.000666996464133, 0.00525599438697, -0.00567039707676, 0.00995761435479, -0.0156819447875, 0.00808652490377, 0.00164054369088, -0.0161006357521, 0.0387652292848, -0.024289291352, 0.0119426446036], [-0.000230213525356, 0.00539178820327, 0.00203124550171, -0.00624670600519, 0.00186720455531, -0.00474291015416, 0.0135806947947, -0.00962808262557, 0.00326561694965, 0.00668877549469, -0.024289291352, 0.0456817932427, -0.0239643473178], [0.000147985600051, -0.00244442839175, 0.000195244967472, 0.00272926618345, -0.00444413814694, 0.0045556765981, -0.00844053830951, 0.00757043063641, -0.00496401777491, -0.00129150296561, 0.0119426446036, -0.0239643473178, 0.0371345467865]]
    },
    "melbands": {
        "max": [0.00160445587244, 0.00499926833436, 0.00401273323223, 0.00228572078049, 0.00632843934, 0.0344217643142, 0.0241153668612, 0.0152188474312, 0.0433538518846, 0.0102032953873, 0.00368761690333, 0.00561191421002, 0.0049009504728, 0.00559460232034, 0.00233615702018, 0.00243752263486, 0.00234295381233, 0.000417465227656, 0.000702681951225, 0.000990137457848, 0.000522008806001, 0.000856408441905, 0.00135293707717, 7.6460710261e-05, 0.000105234423245, 9.49815221247e-05, 2.67836148851e-05, 4.23985038651e-05, 1.01909072328e-05, 3.71809619537e-06, 6.26229439149e-06, 3.47988998328e-06, 3.82497819373e-06, 1.45441072164e-06, 1.10552309707e-06, 1.18559933071e-06, 3.95523613861e-07, 2.62107221261e-07, 8.99243204344e-08, 2.51760727821e-08],
        "mean": [0.000121034558106, 0.00038709200453, 0.000296985905152, 0.00021648038819, 0.000251711520832, 0.000401888828492, 0.000533771701157, 0.000451308325864, 0.000545917369891, 0.000333965959726, 0.000243789574597, 0.000224263378186, 0.00020729714015, 0.000186319506611, 0.000126992497826, 8.47725241329e-05, 9.22083709156e-05, 5.02953043906e-05, 5.88322218391e-05, 6.06021421845e-05, 3.5938781366e-05, 2.80343247141e-05, 2.87076290988e-05, 8.76682770468e-06, 4.96058464705e-06, 3.72979320673e-06, 2.01673788069e-06, 2.09886252378e-06, 1.31138460802e-06, 4.38268330072e-07, 2.54115803955e-07, 1.93394285475e-07, 1.21462448988e-07, 8.58646131974e-08, 7.45116466305e-08, 4.91340905739e-08, 3.05281240287e-08, 1.83016428679e-08, 1.42949563298e-08, 1.16094822644e-08],
        "min": [1.76184383899e-23, 2.22582370055e-24, 1.92522797651e-23, 1.01401663816e-23, 6.77649898044e-24, 1.48680590666e-23, 1.10925250203e-23, 1.31394557751e-23, 1.32833148164e-23, 8.75723168356e-24, 1.37399406405e-23, 7.71367046901e-24, 1.27358145826e-23, 2.14320712625e-23, 1.98701582246e-23, 9.1073541857e-24, 6.58591294675e-24, 6.8322722353e-24, 1.26185890632e-23, 9.86299773593e-24, 8.25159866458e-24, 5.64518645651e-24, 1.3022914987e-23, 1.16852711602e-23, 1.41112385359e-23, 1.27091321513e-23, 6.93956126271e-24, 4.57886897143e-24, 7.4268461659e-24, 1.31839759292e-23, 9.7037764174e-24, 8.66362939285e-24, 1.12065193654e-23, 1.38735437011e-23, 1.20401994029e-23, 1.14831555299e-23, 6.10729644163e-24, 1.17294615703e-23, 1.32198154578e-23, 1.15563350006e-23],
        "stdev": [0.000215460720938, 0.000761705858167, 0.000520483008586, 0.000338909390848, 0.000605187320616, 0.00203541480005, 0.0022418841254, 0.00133211095817, 0.00278653856367, 0.00111889280379, 0.00056483031949, 0.000669808359817, 0.000477161549497, 0.000550425611436, 0.000279779575067, 0.000183734213351, 0.00019220066315, 5.42833950021e-05, 9.11492825253e-05, 0.000100548255432, 4.46667836513e-05, 6.42272207187e-05, 0.00010986837151, 1.09483862616e-05, 7.56306644689e-06, 7.0621094892e-06, 3.14565590998e-06, 3.3738356251e-06, 1.8786728333e-06, 6.1509877014e-07, 4.91057278396e-07, 3.32966493488e-07, 2.43187628257e-07, 1.44668774738e-07, 1.20228420997e-07, 7.94768055812e-08, 3.93558963196e-08, 1.72413727739e-08, 7.52723394726e-09, 2.94226354391e-09]
    },
    "melbands128": {
        "max": [0.000257127685472, 0.000520420086104, 0.00254583358765, 0.00544645637274, 0.00761322677135, 0.00545948836952, 0.0057553104125, 0.00627606827766, 0.00686400197446, 0.00264966720715, 0.00235035154037, 0.00786223169416, 0.0102377235889, 0.00431698886678, 0.0333826541901, 0.067580036819, 0.0423045940697, 0.0419890545309, 0.0575070939958, 0.0131286541, 0.028493097052, 0.007962516509, 0.0808715745807, 0.0454462021589, 0.022449541837, 0.0114606721327, 0.00493207247928, 0.00674000103027, 0.00266505847685, 0.00923578441143, 0.01011967659, 0.00782911293209, 0.00969565566629, 0.00729640433565, 0.00761505262926, 0.0124545218423, 0.00805570371449, 0.00234738341533, 0.00667012250051, 0.00613681832328, 0.00303752487525, 0.00210908264853, 0.0026885450352, 0.00415848800912, 0.00106431846507, 0.000701877521351, 0.000626035674941, 0.000550832366571, 0.00166643015109, 0.00240345695056, 0.00173409387935, 0.00113952637184, 0.0014164892491, 0.000535309314728, 0.00075900106458, 0.00190500286408, 0.000499917892739, 0.00353349745274, 0.000552372774109, 0.00016149248404, 0.000136817543535, 8.55690668686e-05, 0.000184758115211, 0.000115804097732, 6.07558285992e-05, 0.000105680439447, 0.000222761344048, 5.45769435121e-05, 1.68020669662e-05, 3.46855595126e-05, 5.91431999055e-05, 5.04642230226e-05, 3.18188249366e-05, 1.52120292114e-05, 1.01755658761e-05, 9.47547596297e-06, 5.68243012822e-06, 6.81120764057e-06, 7.4785734796e-06, 5.87580962019e-06, 5.26134726897e-06, 2.30988189287e-06, 3.81329778065e-06, 5.41015651834e-06, 3.12702331939e-06, 2.02066462407e-06, 1.41229577366e-06, 1.30307773816e-06, 1.83020551958e-06, 1.70929376964e-06, 2.13319594877e-06, 5.13113207035e-07, 1.30796070152e-06, 4.3042695097e-07, 2.15406942061e-07, 4.18939976043e-07, 2.1702867059e-07, 1.31024066263e-07, 1.38543526873e-07, 6.63271535473e-08, 3.40405037491e-08, 3.1527235933e-08, 2.74793166e-08, 3.35371943549e-08, 3.03757055065e-08, 2.90029564809e-08, 2.59177763695e-08, 2.60258001816e-08, 2.36855353108e-08, 2.60796948481e-08, 1.99121963362e-08, 2.59487933363e-08, 2.06218242482e-08, 1.82517521097e-08, 1.49086680779e-08, 1.20820873306e-08, 9.9849746249e-09, 9.3598178097e-09, 9.0522149776e-09, 8.7991125497e-09, 8.57536086585e-09, 8.38569746975e-09, 8.22940027234e-09, 8.07873856701e-09, 7.93772247931e-09, 7.86060105895e-09, 7.80086306662e-09, 7.76357733656e-09],
        "mean": [1.75068657882e-06, 1.84699929378e-05, 0.000130088374135, 0.000388487125747, 0.000476119312225, 0.000338516372722, 0.000257134030107, 0.000312757358188, 0.000327969028149, 0.000181509501999, 0.000152403212269, 0.000256413128227, 0.000310872943373, 0.000209267775062, 0.000244573806413, 0.000646617088933, 0.000613299489487, 0.000457069923868, 0.000518789573107, 0.000503311050124, 0.000430191867054, 0.000265484297415, 0.000670865585562, 0.000689170090482, 0.000393755180994, 0.000156494192197, 0.000216224434553, 0.000354330200935, 0.000123504374642, 0.000271515076747, 0.000228676799452, 0.000191850820556, 0.000248154945439, 0.00019707105821, 0.000118796422612, 0.00024597265292, 0.000193393439986, 8.40034044813e-05, 0.000128211060655, 9.68512613326e-05, 6.88811487635e-05, 7.5598807598e-05, 9.45763895288e-05, 0.000117357849376, 4.46035373898e-05, 4.18847739638e-05, 4.73564614367e-05, 4.23531710112e-05, 7.17277871445e-05, 8.69029317982e-05, 5.30731995241e-05, 4.41907504865e-05, 3.99267482862e-05, 3.12579832098e-05, 2.89940053335e-05, 2.54678725469e-05, 1.87117784662e-05, 5.92785472691e-05, 1.60946201504e-05, 8.73616681929e-06, 9.71626104729e-06, 7.28428722141e-06, 6.07369611316e-06, 4.19959587816e-06, 3.1688857689e-06, 3.78137838197e-06, 4.49735625807e-06, 2.20873130274e-06, 1.018803232e-06, 2.23706888391e-06, 2.29550414588e-06, 1.84538669146e-06, 2.17234878619e-06, 1.04944183477e-06, 6.12552696566e-07, 4.57127470099e-07, 3.84128981068e-07, 2.79270579995e-07, 2.35993937281e-07, 2.03247083164e-07, 2.54477157569e-07, 1.51410588956e-07, 1.44089085552e-07, 1.23502147176e-07, 9.81376615528e-08, 9.0469576719e-08, 7.99844812605e-08, 8.14159051288e-08, 7.99095900561e-08, 6.4008162326e-08, 5.74370311313e-08, 4.04202467053e-08, 4.33722426862e-08, 3.2201420197e-08, 2.22296954178e-08, 1.95910203615e-08, 1.76824030973e-08, 1.58247175364e-08, 1.53461403585e-08, 1.27681420992e-08, 1.19157368417e-08, 1.10777103046e-08, 1.17544827205e-08, 1.20047545238e-08, 1.15777858412e-08, 1.12845306433e-08, 1.13419416081e-08, 1.10696092293e-08, 1.06495594565e-08, 1.06990523108e-08, 9.59392831845e-09, 8.80249828583e-09, 7.71331620797e-09, 6.26325569186e-09, 3.48314843635e-09, 1.43321166046e-09, 5.76142411557e-10, 2.07653044065e-11, 1.97549979847e-11, 1.92138145672e-11, 1.87419454956e-11, 1.83348110999e-11, 1.79893079599e-11, 1.76555211423e-11, 1.73726900921e-11, 1.72011363486e-11, 1.70748953171e-11, 1.69880654682e-11],
        "min": [1.55961666381e-23, 2.8799415228e-23, 1.50043994746e-23, 2.96403579135e-24, 2.97423857317e-25, 2.84670219803e-25, 1.03690543732e-23, 3.62211669302e-23, 1.79644864254e-23, 4.49147896035e-24, 8.73683805144e-24, 4.71796920928e-24, 6.77261778479e-24, 8.98876472582e-24, 1.14118480261e-23, 2.21583770756e-23, 1.73296379902e-23, 7.66871328602e-24, 5.22833499926e-24, 1.35371308126e-23, 1.89342915119e-23, 5.85680273307e-24, 1.81410603173e-23, 1.30955154338e-23, 3.47839065371e-24, 7.22475104603e-24, 1.90067215648e-23, 1.68507473559e-23, 6.02461080255e-24, 9.50517516249e-24, 6.59054553242e-24, 8.22488546775e-24, 2.91092316711e-24, 2.92995025548e-23, 1.99430568608e-23, 2.117899364e-23, 2.18830109772e-23, 1.42969395484e-23, 3.0014680696e-23, 4.60203702736e-24, 9.00351721361e-24, 5.95239453099e-24, 4.41266150073e-24, 8.24468193217e-24, 8.09900851082e-24, 7.65329421077e-24, 3.83801459103e-24, 8.27915515372e-24, 2.29570829649e-23, 1.14846709317e-23, 6.91676081597e-24, 7.92992248668e-24, 1.09034571494e-23, 6.34038117329e-24, 6.79169875236e-24, 2.24348629621e-24, 3.74638642473e-24, 2.48269247018e-23, 8.30373684839e-24, 8.6965611802e-24, 1.44651467815e-23, 9.62704391715e-24, 1.41193843136e-23, 1.19431845e-23, 2.19530302711e-23, 1.5758703539e-23, 4.07934686346e-24, 7.69493423365e-24, 8.70631307871e-24, 4.21082315509e-24, 3.15749505367e-24, 4.73394679805e-24, 8.90312046393e-24, 8.36573027149e-24, 3.95266329626e-24, 1.76848399677e-23, 1.29068128056e-23, 1.12888046575e-23, 6.30088961309e-24, 1.30217703498e-23, 1.11292812053e-23, 4.93430721279e-24, 7.16978558474e-24, 1.29981053115e-23, 1.44027605057e-23, 9.67202476597e-24, 1.51121641851e-23, 1.9220174704e-23, 9.74407064358e-24, 7.83541616137e-24, 1.5004793905e-23, 1.25032378773e-23, 6.47688921421e-24, 4.94123025609e-24, 6.39835337793e-24, 9.72776883297e-24, 1.44774356567e-23, 9.2778577929e-24, 1.56600296615e-23, 1.20343807649e-23, 1.63823817038e-23, 9.44159297353e-24, 9.64094522402e-24, 9.92900409445e-24, 6.86518824543e-24, 7.78640186675e-24, 6.12680773283e-24, 9.90236268396e-24, 1.62423446936e-23, 9.9050093123e-24, 7.36015823155e-24, 8.52652536752e-24, 8.84440160245e-24, 7.88227213256e-24, 1.02881393324e-23, 1.04200707968e-23, 1.61071244681e-23, 1.11714789528e-23, 8.39292940664e-24, 1.28096677405e-23, 1.28873208415e-23, 1.06584298525e-23, 8.34187038455e-24, 1.07751741667e-23, 6.43320801373e-24, 9.39604098941e-24, 1.11113290977e-23, 1.3854494288e-23],
        "stdev": [1.11148701762e-05, 4.39328832726e-05, 0.000256844970863, 0.000809155113529, 0.0011266671354, 0.000676219060551, 0.000635301228613, 0.000655193871353, 0.000656449643429, 0.000388165557524, 0.000313056196319, 0.000649230205454, 0.000972899433691, 0.000477200082969, 0.00156434078235, 0.00428622262552, 0.00290727848187, 0.00287429965101, 0.0035919174552, 0.00121923326515, 0.00187416991685, 0.000694078451488, 0.00467769755051, 0.00385082606226, 0.00164152891375, 0.000797107582912, 0.000588905299082, 0.000991560518742, 0.000291982229101, 0.00109863234684, 0.000887637317646, 0.00062929833075, 0.000748169259168, 0.000647367269266, 0.000448655395303, 0.0010042329086, 0.00064940773882, 0.000247142772423, 0.000456194218714, 0.000344469677657, 0.000208266355912, 0.000164204102475, 0.000230320365517, 0.0003229957656, 9.04427070054e-05, 5.29386488779e-05, 5.51336961507e-05, 6.99453376001e-05, 0.000164499419043, 0.000221598660573, 0.000118730749818, 7.39945826354e-05, 8.66297268658e-05, 4.87336037622e-05, 6.3687301008e-05, 0.000116788301966, 4.60038791061e-05, 0.000307676731609, 4.16800321545e-05, 1.54335266416e-05, 1.50429686983e-05, 1.03494530777e-05, 1.21531284094e-05, 8.39498898131e-06, 6.08772734267e-06, 9.13600888452e-06, 1.23639338199e-05, 5.84314011576e-06, 1.82183373454e-06, 4.21768254455e-06, 4.63094556835e-06, 4.21734739575e-06, 3.82697317036e-06, 1.900191819e-06, 9.55127234192e-07, 9.01900591543e-07, 7.83030543516e-07, 5.88805789903e-07, 6.05661000463e-07, 4.48749005955e-07, 5.36045092758e-07, 2.47327619718e-07, 2.84571797238e-07, 2.99887659594e-07, 2.37720712448e-07, 1.74926285013e-07, 1.3891823869e-07, 1.45672004237e-07, 1.43958288845e-07, 1.19770035667e-07, 1.15354588104e-07, 5.87005075658e-08, 8.31033446502e-08, 4.41193854783e-08, 2.15532107717e-08, 2.38571420397e-08, 1.83220514316e-08, 1.21383525453e-08, 1.14921707706e-08, 5.94642379781e-09, 4.51234605237e-09, 4.23093071689e-09, 4.3186356713e-09, 4.39367608962e-09, 3.96572108485e-09, 4.13827150325e-09, 3.93143517741e-09, 3.84244147611e-09, 3.47910811271e-09, 3.54011198134e-09, 3.12781645029e-09, 3.02081715198e-09, 2.63137267531e-09, 2.07754080606e-09, 1.29271426896e-09, 6.51361187209e-10, 4.87889506573e-10, 3.98650445987e-10, 3.85563331262e-10, 3.74782815893e-10, 3.65252078582e-10, 3.57173429721e-10, 3.50516338177e-10, 3.44099443383e-10, 3.38092359664e-10, 3.34807376268e-10, 3.3226271734e-10, 3.3067462657e-10]
    },
    "mfcc": {
        "mean": [-696.574035645, 149.773803711, -70.2153778076, -6.00485610962, 2.36423587799, -4.47787237167, -9.94516468048, -0.477339655161, -0.996797859669, -0.785857856274, -1.61265480518, 3.49853229523, 1.12437546253],
        "cov": [[4790.35839844, 1852.58947754, 1179.39367676, 1252.30969238, -589.37322998, 45.7258262634, 266.110717773, -2.59889626503, -169.74395752, 175.172851562, -278.911956787, -38.0688285828, 95.7972793579], [1852.58947754, 1100.2833252, 669.011291504, 536.052124023, -246.130752563, -62.2230186462, 96.9779815674, -100.91733551, -130.509353638, 61.5182914734, -106.105186462, -38.3948326111, 23.1584682465], [1179.39367676, 669.011291504, 812.384887695, 667.540649414, -236.525543213, 23.3115730286, 97.5598678589, -59.4882926941, -99.5382766724, 66.985168457, -123.068092346, -30.6508846283, 36.6921272278], [1252.30969238, 536.052124023, 667.540649414, 762.121398926, -132.847503662, 40.8731956482, 98.9367675781, -13.0226783752, -59.6029548645, 41.1202812195, -136.520965576, -8.37312602997, 68.0200119019], [-589.37322998, -246.130752563, -236.525543213, -132.847503662, 279.696105957, 26.2198753357, -88.7829666138, 5.6388168335, 48.1570968628, -66.1550521851, 18.8156986237, 1.01004803181, -15.3475036621], [45.7258262634, -62.2230186462, 23.3115730286, 40.8731956482, 26.2198753357, 132.551986694, 68.2779998779, 41.0554351807, 33.2382278442, 39.8223381042, 2.17842459679, 9.16164493561, 13.681230545], [266.110717773, 96.9779815674, 97.5598678589, 98.9367675781, -88.7829666138, 68.2779998779, 174.444213867, 67.0179977417, 10.9675045013, 77.4747009277, 16.6934738159, 25.5421924591, 25.7403736115], [-2.59889626503, -100.91733551, -59.4882926941, -13.0226783752, 5.6388168335, 41.0554351807, 67.0179977417, 113.3387146, 62.5741462708, 25.3393192291, 9.23969554901, 18.2244052887, 13.266907692], [-169.74395752, -130.509353638, -99.5382766724, -59.6029548645, 48.1570968628, 33.2382278442, 10.9675045013, 62.5741462708, 100.947868347, 27.4180107117, 14.8398265839, 9.40222167969, 3.50822639465], [175.172851562, 61.5182914734, 66.985168457, 41.1202812195, -66.1550521851, 39.8223381042, 77.4747009277, 25.3393192291, 27.4180107117, 105.535690308, 35.1622161865, 11.2067213058, 1.98878109455], [-278.911956787, -106.105186462, -123.068092346, -136.520965576, 18.8156986237, 2.17842459679, 16.6934738159, 9.23969554901, 14.8398265839, 35.1622161865, 96.5220184326, 34.9790840149, -9.95387268066], [-38.0688285828, -38.3948326111, -30.6508846283, -8.37312602997, 1.01004803181, 9.16164493561, 25.5421924591, 18.2244052887, 9.40222167969, 11.2067213058, 34.9790840149, 63.0448951721, 28.3346481323], [95.7972793579, 23.1584682465, 36.6921272278, 68.0200119019, -15.3475036621, 13.681230545, 25.7403736115, 13.266907692, 3.50822639465, 1.98878109455, -9.95387268066, 28.3346481323, 63.0204200745]],
        "icov": [[0.00238625239581, -0.00449096458033, 0.00471104774624, -0.00404888531193, 0.00410833535716, -0.00441034324467, 0.00443462654948, -0.00413170596585, 0.00233176141046, -0.00200996664353, 0.00228264578618, -0.00157588231377, 0.00166933424771], [-0.00449096458033, 0.0108010051772, -0.0103215500712, 0.00762834725901, -0.00805983506143, 0.0103163644671, -0.010084473528, 0.00927702058107, -0.00393954804167, 0.00276914588176, -0.00316978059709, 0.00318982056342, -0.00320581416599], [0.00471104774624, -0.0103215500712, 0.0174527261406, -0.0135833797976, 0.011410664767, -0.01122071594, 0.0102998260409, -0.00677459035069, 0.00583166163415, -0.00500117102638, 0.00450084824115, -0.00232068193145, 0.00515275262296], [-0.00404888531193, 0.00762834725901, -0.0135833797976, 0.0138115575537, -0.00974608585238, 0.00859010219574, -0.00880315620452, 0.00568691361696, -0.00342372572049, 0.00198844517581, 0.000620463863015, 0.000550473167095, -0.00550877302885], [0.00410833535716, -0.00805983506143, 0.011410664767, -0.00974608585238, 0.0156035432592, -0.0122206164524, 0.011055287905, -0.00615286594257, 0.000613803626038, 0.00215835915878, -6.49352368782e-05, -0.00182569527533, 0.00453348876908], [-0.00441034324467, 0.0103163644671, -0.01122071594, 0.00859010219574, -0.0122206164524, 0.0225299336016, -0.0149455126375, 0.00862760096788, -0.00519609823823, -0.00095954554854, -0.000276715698419, 0.00287397555076, -0.00442080479115], [0.00443462654948, -0.010084473528, 0.0102998260409, -0.00880315620452, 0.011055287905, -0.0149455126375, 0.0261161979288, -0.0181461628526, 0.0101585285738, -0.0095150899142, 0.00137328833807, -0.00417542597279, 0.00138835457619], [-0.00413170596585, 0.00927702058107, -0.00677459035069, 0.00568691361696, -0.00615286594257, 0.00862760096788, -0.0181461628526, 0.0294879097492, -0.0162846297026, 0.00739602744579, -0.00176715769339, 0.00109767948743, -0.00158913910855], [0.00233176141046, -0.00393954804167, 0.00583166163415, -0.00342372572049, 0.000613803626038, -0.00519609823823, 0.0101585285738, -0.0162846297026, 0.0258687436581, -0.0138446297497, 0.00669138273224, -0.00231841742061, -0.00014420314983], [-0.00200996664353, 0.00276914588176, -0.00500117102638, 0.00198844517581, 0.00215835915878, -0.00095954554854, -0.0095150899142, 0.00739602744579, -0.0138446297497, 0.028901964426, -0.0162447374314, 0.00582439033315, 0.000540820939932], [0.00228264578618, -0.00316978059709, 0.00450084824115, 0.000620463863015, -6.49352368782e-05, -0.000276715698419, 0.00137328833807, -0.00176715769339, 0.00669138273224, -0.0162447374314, 0.0319923274219, -0.0174208842218, 0.00728598516434], [-0.00157588231377, 0.00318982056342, -0.00232068193145, 0.000550473167095, -0.00182569527533, 0.00287397555076, -0.00417542597279, 0.00109767948743, -0.00231841742061, 0.00582439033315, -0.0174208842218, 0.0325197167695, -0.0150413718075], [0.00166933424771, -0.00320581416599, 0.00515275262296, -0.00550877302885, 0.00453348876908, -0.00442080479115, 0.00138835457619, -0.00158913910855, -0.00014420314983, 0.000540820939932, 0.00728598516434, -0.0150413718075, 0.0271898768842]]
    },
    "spectral_contrast_coeffs": {
        "max": [-0.399072408676, -0.319477677345, -0.454943239689, -0.623725712299, -0.615057468414, -0.640064179897],
        "mean": [-0.726282179356, -0.765654504299, -0.769298791885, -0.791088402271, -0.745805382729, -0.793679058552],
        "min": [-0.954804420471, -0.954869627953, -0.960548460484, -0.964082539082, -0.957529902458, -0.963183701038],
        "stdev": [0.0934247970581, 0.0987804159522, 0.0891173928976, 0.0580199882388, 0.0452810265124, 0.0394764058292]
    },
    "spectral_contrast_valleys": {
        "max": [-5.69324016571, -4.95050287247, -5.4315495491, -5.49217557907, -6.78090763092, -10.0847234726],
        "mean": [-8.10874080658, -6.88226318359, -7.05602073669, -6.97324323654, -8.14600658417, -11.4406690598],
        "min": [-27.1522598267, -27.4310188293, -27.2979373932, -27.0016765594, -27.28399086, -27.1752719879],
        "stdev": [1.6832395792, 1.24631094933, 1.07684981823, 1.03794920444, 1.04590141773, 0.76261395216]
    }
},
"rhythm": {
    "beats_count": 30,
    "beats_loudness": {
        "max": 0.235162183642,
        "mean": 0.0307680759579,
        "min": 0.00179097964428,
        "stdev": 0.0483924597502
    },
    "bpm": 138.09954834,
    "bpm_histogram_first_peak_bpm": 140,
    "bpm_histogram_first_peak_weight": 0.428571462631,
    "bpm_histogram_second_peak_bpm": 167,
    "bpm_histogram_second_peak_spread": 0,
    "bpm_histogram_second_peak_weight": 0.172413796186,
    "danceability": 0.909656345844,
    "onset_rate": 1.80259752274,
    "beats_loudness_band_ratio": {
        "max": [0.321688741446, 0.868448317051, 0.807601869106, 0.621945738792, 0.607039093971, 0.0268459487706],
        "mean": [0.0795935839415, 0.122855648398, 0.246371462941, 0.315598577261, 0.273282140493, 0.0112054347992],
        "min": [0.000285388989141, 0.00247750384733, 0.0383925400674, 0.00348462467082, 0.00951913557947, 0.000413760193624],
        "stdev": [0.103061720729, 0.189042568207, 0.206522926688, 0.158388391137, 0.204354584217, 0.00620795832947]
    },
    "beats_position": [0.359909296036, 0.731428563595, 1.09133780003, 1.46285712719, 1.82276642323, 2.18267560005, 2.54258489609, 2.90249419212, 3.25079369545, 3.59909296036, 3.94739222527, 4.29569149017, 4.74848079681, 5.20126962662, 5.65405893326, 6.10684776306, 6.54802703857, 6.98920631409, 7.4303855896, 7.85995435715, 8.28952407837, 8.73070240021, 9.17188167572, 9.6014509201, 10.0426301956, 10.47219944, 10.9017686844, 11.3313379288, 11.7609071732, 12.1904764175],
