{
"metadata": {
    "version": {
        "essentia": "2.1-beta5",
        "essentia_git_sha": "Undefined",
        "extractor": "music 2.0"
    },
    "audio_properties": {
        "analysis": {
            "equal_loudness": 0,
            "length": 12.7477550507,
            "sample_rate": 44100,
            "start_time": 0,
            "downmix": "mix"
        },
        "bit_rate": 192000,
        "length": 166.556732178,
        "lossless": 0,
        "number_channels": 2,
        "replay_gain": -5.90355682373,
        "sample_rate": 44100,
        "codec": "mp3",
        "md5_encoded": "a4fc5da66ad3766217569134c259d1ee"
    },
    "tags": {
        "file_name": "Austria_Falter Im Wind_The Milestones.mp3",
        "encoding": ["Lavf58.29.100"]
    }
},
"lowlevel": {
    "average_loudness": 0.894779682159,
    "barkbands_crest": {
        "max": 22.8071651459,
        "mean": 9.04873466492,
        "min": 2.79097032547,
        "stdev": 3.62236213684
    },
    "barkbands_flatness_db": {
        "max": 0.243575364351,
        "mean": 0.143180847168,
        "min": 0.0563831590116,
        "stdev": 0.0353480093181
    },
    "barkbands_kurtosis": {
        "max": 12.2136182785,
        "mean": 1.0481351614,
        "min": -1.63458561897,
        "stdev": 2.05689239502
    },
    "barkbands_skewness": {
        "max": 3.4955868721,
        "mean": 1.03281152248,
        "min": -2.18116140366,
        "stdev": 0.769929409027
    },
    "barkbands_spread": {
        "max": 60.5457305908,
        "mean": 23.7561645508,
        "min": 4.371301651,
        "stdev": 8.52223014832
    },
    "dissonance": {
        "max": 0.498984664679,
        "mean": 0.470501333475,
        "min": 0.387013524771,
        "stdev": 0.0208098068833
    },
    "dynamic_complexity": 2.73656916618,
    "erbbands_crest": {
        "max": 29.9549980164,
        "mean": 10.8380117416,
        "min": 2.32229375839,
        "stdev": 7.35837030411
    },
    "erbbands_flatness_db": {
        "max": 0.314841389656,
        "mean": 0.174218088388,
        "min": 0.112339280546,
        "stdev": 0.0390141047537
    },
    "erbbands_kurtosis": {
        "max": 10.4456129074,
        "mean": 0.510689556599,
        "min": -1.50699353218,
        "stdev": 1.96466875076
    },
    "erbbands_skewness": {
        "max": 2.59645032883,
        "mean": 0.060085657984,
        "min": -1.55689764023,
        "stdev": 0.599361479282
    },
    "erbbands_spread": {
        "max": 88.2897491455,
        "mean": 36.8434410095,
        "min": 5.74713039398,
        "stdev": 17.2382583618
    },
    "hfc": {
        "max": 84.3547515869,
        "mean": 25.8985404968,
        "min": 1.16507661359e-16,
        "stdev": 16.2840423584
    },
    "loudness_ebu128": {
        "integrated": -16.8889560699,
        "loudness_range": 4.47541046143,
        "momentary": {
            "max": -13.5895748138,
            "mean": -17.7161884308,
            "min": -28.2942676544,
            "stdev": 2.87624597549
        },
        "short_term": {
            "max": -15.1274662018,
            "mean": -17.1595535278,
            "min": -20.9354248047,
            "stdev": 1.6782425642
        }
    },
    "melbands_crest": {
        "max": 30.4633216858,
        "mean": 13.699552536,
        "min": 1.88552951813,
        "stdev": 4.89402675629
    },
    "melbands_flatness_db": {
        "max": 0.275305211544,
        "mean": 0.174665287137,
        "min": 0.0101992376149,
        "stdev": 0.049618486315
    },
    "melbands_kurtosis": {
        "max": 55.7663917542,
        "mean": 6.62020111084,
        "min": -1.23608493805,
        "stdev": 7.65884113312
    },
    "melbands_skewness": {
        "max": 6.79209375381,
        "mean": 2.05501294136,
        "min": -0.57879781723,
        "stdev": 1.31344461441
    },
    "melbands_spread": {
        "max": 145.334350586,
        "mean": 27.9413051605,
        "min": 6.77649831772,
        "stdev": 14.3667373657
    },
    "pitch_salience": {
        "max": 0.913913428783,
        "mean": 0.529892325401,
        "min": 0.262873977423,
        "stdev": 0.118717096746
    },
    "silence_rate_20dB": {
        "max": 1,
        "mean": 1,
        "min": 1,
        "stdev": 0
    },
    "silence_rate_30dB": {
        "max": 1,
        "mean": 0.98727273941,
        "min": 0,
        "stdev": 0.112095236778
    },
    "silence_rate_60dB": {
        "max": 1,
        "mean": 0.0563636347651,
        "min": 0,
        "stdev": 0.23062415421
    },
    "spectral_centroid": {
        "max": 11031.2714844,
        "mean": 1444.71313477,
        "min": 630.708618164,
        "stdev": 615.408630371
    },
    "spectral_complexity": {
        "max": 50,
        "mean": 21.5054550171,
        "min": 0,
        "stdev": 6.46296977997
    },
    "spectral_decrease": {
        "max": 1.65685451027e-29,
        "mean": -8.70953797971e-09,
        "min": -5.52056178549e-08,
        "stdev": 6.58110232976e-09
    },
    "spectral_energy": {
        "max": 0.215729922056,
        "mean": 0.035220913589,
        "min": 1.05050637247e-20,
        "stdev": 0.0260155238211
    },
    "spectral_energyband_high": {
        "max": 0.00574801815674,
        "mean": 0.00081110058818,
        "min": 7.38965839192e-21,
        "stdev": 0.000789957877714
    },
    "spectral_energyband_low": {
        "max": 0.107456564903,
        "mean": 0.0105280615389,
        "min": 3.0262480839e-23,
        "stdev": 0.0140709578991
    },
    "spectral_energyband_middle_high": {
        "max": 0.0812869518995,
        "mean": 0.0125514268875,
        "min": 1.7803396611e-21,
        "stdev": 0.0139593034983
    },
    "spectral_energyband_middle_low": {
        "max": 0.162690296769,
        "mean": 0.0136080542579,
        "min": 2.4040645896e-22,
        "stdev": 0.0117764342576
    },
    "spectral_entropy": {
        "max": 9.80714702606,
        "mean": 7.56160354614,
        "min": 6.7223405838,
        "stdev": 0.337962061167
    },
    "spectral_flux": {
        "max": 0.359508603811,
        "mean": 0.0860146060586,
        "min": 1.02494214504e-10,
        "stdev": 0.0454889684916
    },
    "spectral_kurtosis": {
        "max": 12.2487792969,
        "mean": 3.36800122261,
        "min": -1.17955064774,
        "stdev": 2.09640979767
    },
    "spectral_rms": {
        "max": 0.0145075228065,
        "mean": 0.00544812809676,
        "min": 3.20138143425e-12,
        "stdev": 0.00216327770613
    },
    "spectral_rolloff": {
        "max": 18927.6855469,
        "mean": 1699.63439941,
        "min": 193.798828125,
        "stdev": 1666.90625
    },
    "spectral_skewness": {
        "max": 2.96030306816,
        "mean": 1.30920171738,
        "min": -0.0165765974671,
        "stdev": 0.359803944826
    },
    "spectral_spread": {
        "max": 39608752,
        "mean": 4177341,
        "min": 2580707.75,
        "stdev": 1681162
    },
    "spectral_strongpeak": {
        "max": 9.5629119873,
        "mean": 1.61045563221,
        "min": 0,
        "stdev": 2.17805838585
    },
    "zerocrossingrate": {
        "max": 0.49609375,
        "mean": 0.064654648304,
        "min": 0.02685546875,
        "stdev": 0.0424287579954
    },
    "barkbands": {
        "max": [0.00091496919049, 0.0690271481872, 0.0390732102096, 0.0776482820511, 0.0630514249206, 0.0275317877531, 0.0130995903164, 0.00935060810298, 0.013869789429, 0.0725436359644, 0.00539452256635, 0.00885270349681, 0.00534455291927, 0.00625743484125, 0.00897287484258, 0.00271196337417, 0.00577144417912, 0.00347566255368, 0.00270319008268, 0.00126628240105, 0.00309540284798, 0.00245384708978, 0.00151478708722, 0.00051179464208, 0.000101916361018, 1.04619475678e-05, 2.86845966002e-06],
        "mean": [2.9952816476e-05, 0.00433648144826, 0.00412608776242, 0.00449876254424, 0.00452452572063, 0.00165859877598, 0.00153231387958, 0.000421734875999, 0.000541678222362, 0.00755875138566, 0.000331116141751, 0.000524893694092, 0.000508486060426, 0.000281806511339, 0.00163488159887, 0.000363430735888, 0.000864397559781, 0.000326707260683, 0.000286801077891, 0.000141247292049, 0.00022973016894, 0.000281194981653, 0.000142562683322, 5.98336773692e-05, 1.20676841107e-05, 2.86560043605e-06, 6.56728049719e-09],
        "min": [3.67775532876e-25, 2.72703692909e-23, 1.51216066529e-24, 1.58597329551e-24, 1.53585601557e-23, 5.58136445384e-23, 4.76949121383e-23, 4.50983670025e-23, 5.36444789974e-23, 9.6423818975e-23, 1.12252230997e-22, 8.59696196889e-23, 1.49116294321e-22, 6.19352872044e-23, 2.180681648e-22, 1.30574099811e-22, 2.68390018463e-22, 1.71756021699e-22, 2.77666997465e-22, 4.85489133906e-22, 3.10658725621e-22, 5.81896620305e-22, 6.00843973775e-22, 7.0026851866e-22, 1.04366999531e-21, 1.68235692676e-21, 2.36157883841e-21],
        "stdev": [7.19227464288e-05, 0.00772383296862, 0.00656829867512, 0.00613918714225, 0.00503434520215, 0.00217625731602, 0.00168928888161, 0.00105044769589, 0.00139046739787, 0.0124274529517, 0.000553836696781, 0.000807392410934, 0.000690584070981, 0.000615703116637, 0.00191333389375, 0.000299296167213, 0.000690137443598, 0.00030966324266, 0.000261385808699, 0.000139470546856, 0.00027537974529, 0.000286647293251, 0.000176464935066, 7.82354691182e-05, 1.29716354422e-05, 1.38206314659e-06, 1.22161907257e-07]
    },
    "erbbands": {
        "max": [0.618749141693, 19.8120231628, 56.9575576782, 152.617431641, 346.369720459, 131.150421143, 167.937484741, 311.41796875, 187.893463135, 121.953163147, 265.586791992, 408.710693359, 1152.91162109, 3003.09545898, 175.575485229, 437.249633789, 283.813232422, 311.267181396, 486.509185791, 164.975372314, 150.135299683, 244.511398315, 274.309753418, 156.549591064, 94.9470367432, 71.2012634277, 87.8491287231, 123.837394714, 101.913551331, 55.2169532776, 40.2363586426, 14.5347223282, 7.83233356476, 1.88860654831, 0.419839680195, 0.070028975606, 0.0142618278041, 0.00181679916568, 0.000416972936364, 0.000245070521487],
        "mean": [0.0496866852045, 1.24483001232, 5.06074285507, 9.78654289246, 19.1615161896, 11.3208036423, 12.6445474625, 12.7720012665, 21.9243202209, 12.5055923462, 12.1723270416, 13.6317396164, 53.2032203674, 293.677368164, 24.7320747375, 23.0732269287, 26.1650485992, 18.3163585663, 86.4501113892, 37.8686714172, 22.4211368561, 33.9240570068, 28.7830715179, 13.3115711212, 14.8814897537, 7.17301845551, 8.44344139099, 9.62960147858, 11.4960355759, 6.26161289215, 3.75016641617, 1.80258858204, 0.75530564785, 0.223963901401, 0.0500827506185, 0.0184093825519, 0.00455903774127, 0.000137934053782, 2.54578681051e-05, 4.25816142524e-05],
        "min": [1.24628188849e-21, 4.28062533874e-21, 1.80261759793e-21, 5.01602242673e-21, 4.24739715426e-21, 4.67364445482e-20, 1.36157198775e-19, 5.87063574113e-19, 9.89401794215e-19, 3.68898073822e-19, 1.4240813804e-18, 1.09887656335e-18, 1.84025724648e-18, 4.33466546497e-18, 4.41578003661e-18, 3.55799043267e-18, 6.83004189838e-18, 3.99583781041e-18, 9.69486366313e-18, 9.11384951933e-18, 7.75103471856e-18, 1.52906569618e-17, 1.08566843284e-17, 1.05262604153e-17, 1.62318958547e-17, 2.56348979376e-17, 1.1097088657e-17, 1.71618867456e-17, 1.86968378318e-17, 1.90290120591e-17, 1.92607367815e-17, 1.16344260101e-17, 1.37355607189e-17, 1.12460928366e-17, 8.22912691464e-18, 7.08309878164e-18, 2.85862142567e-18, 1.27580284495e-18, 3.34847675045e-19, 3.34480691197e-20],
        "stdev": [0.0883054658771, 2.19803261757, 8.56677436829, 12.0545110703, 23.7439918518, 13.3541088104, 14.0753974915, 20.0506134033, 24.6133537292, 12.5444440842, 31.2341575623, 32.4803199768, 106.597518921, 511.515716553, 29.6190433502, 34.3591117859, 36.1407279968, 32.6613540649, 105.389038086, 27.1699733734, 17.0978374481, 25.0449848175, 23.9118118286, 11.850979805, 13.6310310364, 6.9126329422, 8.83362674713, 11.4607334137, 12.3357896805, 7.21182394028, 4.55269575119, 2.21460938454, 1.01691043377, 0.266471117735, 0.0397719927132, 0.00749825546518, 0.00293074245565, 0.000109465625428, 2.14065657929e-05, 2.97588503599e-05]
    },
    "gfcc": {
        "mean": [9.20559883118, 100.5, -142.798721313, 48.4773445129, -63.1967277527, 17.1801013947, -42.7741012573, -4.22730922699, -22.5978126526, -11.1430559158, -21.7402496338, -1.77240276337, -8.76345062256],
        "cov": [[10489.7626953, 1919.75708008, -473.761322021, 633.135253906, -409.717498779, 186.303771973, -58.0116157532, -122.952430725, -3.41121077538, -405.625579834, -27.1822452545, -130.016571045, 117.165878296], [1919.75708008, 707.963500977, 78.3600616455, 98.9557647705, 99.4033966064, 67.7335281372, 110.473587036, -6.47321987152, 37.5870323181, -121.863548279, -3.94586849213, -7.85908317566, 48.5583839417], [-473.761322021, 78.3600616455, 245.042129517, 88.4210128784, 109.338615417, 35.5817565918, 78.4182281494, 31.8183670044, 28.1784381866, -3.84374284744, 12.1404428482, -8.17953681946, -18.1140079498], [633.135253906, 98.9557647705, 88.4210128784, 346.996490479, -52.8625679016, -27.1590919495, -47.9010620117, -32.786151886, 33.5480194092, -54.7326583862, 60.9686584473, -35.9341278076, -19.2718772888], [-409.717498779, 99.4033966064, 109.338615417, -52.8625679016, 233.116638184, 67.9197158813, 107.171607971, 54.2053451538, 22.1995239258, 14.529920578, -44.088634491, 29.5752544403, 9.51033878326], [186.303771973, 67.7335281372, 35.5817565918, -27.1590919495, 67.9197158813, 202.271011353, 161.73399353, 66.8255157471, 56.050945282, -20.0925121307, -11.987610817, -11.0038576126, 69.6839599609], [-58.0116157532, 110.473587036, 78.4182281494, -47.9010620117, 107.171607971, 161.73399353, 204.43296814, 72.5799026489, 54.5477294922, -29.5670280457, -14.0903320312, 8.60833644867, 67.7062835693], [-122.952430725, -6.47321987152, 31.8183670044, -32.786151886, 54.2053451538, 66.8255157471, 72.5799026489, 74.2861557007, 40.3717803955, 18.3275699615, -8.72592830658, 10.2378139496, 20.4698524475], [-3.41121077538, 37.5870323181, 28.1784381866, 33.5480194092, 22.1995239258, 56.050945282, 54.5477294922, 40.3717803955, 80.3561630249, 9.06539821625, 23.3856449127, 2.82958889008, 26.0075263977], [-405.625579834, -121.863548279, -3.84374284744, -54.7326583862, 14.529920578, -20.0925121307, -29.5670280457, 18.3275699615, 9.06539821625, 140.237442017, 25.5779190063, 24.2476463318, -49.4187698364], [-27.1822452545, -3.94586849213, 12.1404428482, 60.9686584473, -44.088634491, -11.987610817, -14.0903320312, -8.72592830658, 23.3856449127, 25.5779190063, 86.9503936768, 12.3464069366, -4.2615480423], [-130.016571045, -7.85908317566, -8.17953681946, -35.9341278076, 29.5752544403, -11.0038576126, 8.60833644867, 10.2378139496, 2.82958889008, 24.2476463318, 12.3464069366, 62.9655570984, 15.5725593567], [117.165878296, 48.5583839417, -18.1140079498, -19.2718772888, 9.51033878326, 69.6839599609, 67.7062835693, 20.4698524475, 26.0075263977, -49.4187698364, -4.2615480423, 15.5725593567, 101.119430542]],
        "icov": [[0.00150599388871, -0.00506417592987, 0.00384790403768, -0.0032277777791, 0.00377683434635, -0.00411113491282, 0.00220275949687, -0.00356215937063, 0.00340459984727, -0.0012460508151, 0.003075130051, -0.00169936567545, 0.001391769154], [-0.00506417592987, 0.0190938822925, -0.0126530770212, 0.0104858828709, -0.0138086434454, 0.0140507537872, -0.00854382105172, 0.0135448034853, -0.0124308187515, 0.00586703745648, -0.0107824364677, 0.00563431810588, -0.00423227995634], [0.00384790403768, -0.0126530770212, 0.0180054772645, -0.010899846442, 0.0058938972652, -0.0078604426235, 0.000845644273795, -0.0105635318905, 0.00990235805511, -0.00317659811117, 0.00553332455456, -0.00174797081854, 0.0056034186855], [-0.0032277777791, 0.0104858828709, -0.010899846442, 0.0127574047074, -0.00758490152657, 0.00724391359836, -0.000819060893264, 0.0088220667094, -0.0108774583787, 0.00604920927435, -0.00962263438851, 0.00447459984571, -0.0016732821241], [0.00377683434635, -0.0138086434454, 0.0058938972652, -0.00758490152657, 0.0195461641997, -0.0109744053334, 0.00332983350381, -0.00987807754427, 0.00793620850891, -0.00512342620641, 0.0139976460487, -0.00977852288634, 0.00491034565493], [-0.00411113491282, 0.0140507537872, -0.0078604426235, 0.00724391359836, -0.0109744053334, 0.0295784305781, -0.0193638000637, 0.00648315716535, -0.00966831948608, -6.63583050482e-05, -0.00826145615429, 0.0127404062077, -0.00956537481397], [0.00220275949687, -0.00854382105172, 0.000845644273795, -0.000819060893264, 0.00332983350381, -0.0193638000637, 0.0268255230039, -0.0104107232764, 0.00277383043431, 0.00312010291964, 0.00224707718007, -0.00569006381556, 0.000505175383296], [-0.00356215937063, 0.0135448034853, -0.0105635318905, 0.0088220667094, -0.00987807754427, 0.00648315716535, -0.0104107232764, 0.0399829670787, -0.02000891231, -0.000157692484208, -0.00176867365371, 0.000579192943405, -0.00234425836243], [0.00340459984727, -0.0124308187515, 0.00990235805511, -0.0108774583787, 0.00793620850891, -0.00966831948608, 0.00277383043431, -0.02000891231, 0.0333663076162, -0.0068646967411, 0.000900607032236, -0.000528174219653, -0.00198253314011], [-0.0012460508151, 0.00586703745648, -0.00317659811117, 0.00604920927435, -0.00512342620641, -6.63583050482e-05, 0.00312010291964, -0.000157692484208, -0.0068646967411, 0.017636667937, -0.00845231860876, -0.00367982732132, 0.00827602669597], [0.003075130051, -0.0107824364677, 0.00553332455456, -0.00962263438851, 0.0139976460487, -0.00826145615429, 0.00224707718007, -0.00176867365371, 0.000900607032236, -0.00845231860876, 0.0279752891511, -0.0106875095516, 0.00246458966285], [-0.00169936567545, 0.00563431810588, -0.00174797081854, 0.00447459984571, -0.00977852288634, 0.0127404062077, -0.00569006381556, 0.000579192943405, -0.000528174219653, -0.00367982732132, -0.0106875095516, 0.0291546303779, -0.0109671894461], [0.001391769154, -0.00423227995634, 0.0056034186855, -0.0016732821241, 0.00491034565493, -0.00956537481397, 0.000505175383296, -0.00234425836243, -0.00198253314011, 0.00827602669597, 0.00246458966285, -0.0109671894461, 0.0236075017601]]
    },
    "melbands": {
        "max": [0.0124321924523, 0.0282953083515, 0.0341606624424, 0.016769291833, 0.00509968632832, 0.00635680556297, 0.00296285864897, 0.00109421205707, 0.00227152206935, 0.00227019097656, 0.0057663358748, 0.0128920925781, 0.000680432713125, 0.000901526771486, 0.000753890606575, 0.000447615253506, 0.000705577200279, 0.000668903056066, 0.000482261588331, 0.000176443281816, 0.000179060312803, 0.00012671330478, 0.000665300874971, 0.000138714822242, 0.000149245737703, 7.83547802712e-05, 5.06898468302e-05, 4.37292692368e-05, 3.42658240697e-05, 0.000102648875327, 5.89604096604e-05, 5.3785777709e-05, 5.11039870617e-05, 2.70659656962e-05, 2.62002213276e-05, 1.51516333062e-05, 7.18979663361e-06, 6.53300412523e-06, 2.89200352199e-06, 1.35668869916e-06],
        "mean": [0.000816304062027, 0.00233182893135, 0.00203207833692, 0.00112891907338, 0.000418334442656, 0.000287743197987, 0.000341192207998, 0.000115618422569, 0.000103625381598, 7.93062426965e-05, 0.000257086969214, 0.00126149610151, 6.61041995045e-05, 5.69731273572e-05, 6.09210619587e-05, 4.28875173384e-05, 2.91561063932e-05, 0.000121119155665, 8.87789865374e-05, 3.26370100083e-05, 2.69217089226e-05, 2.82227738353e-05, 5.52839992451e-05, 1.15750854093e-05, 1.00987426777e-05, 1.1308026842e-05, 7.03381692801e-06, 4.21397771788e-06, 5.33754382559e-06, 5.67318875255e-06, 5.33078946319e-06, 6.5716935751e-06, 4.66927122034e-06, 3.21049878949e-06, 2.24635596169e-06, 1.50037726598e-06, 9.51582251218e-07, 5.79903428388e-07, 3.14788678679e-07, 1.41625804417e-07],
        "min": [8.95004348829e-24, 2.31613900508e-24, 7.51106515335e-25, 1.41122147513e-24, 4.62985541832e-24, 1.4530909382e-23, 1.30928782718e-23, 4.51842881545e-24, 1.32968390477e-23, 5.93985400918e-24, 9.10878991255e-24, 1.71719336512e-23, 1.44930424809e-23, 1.02728393752e-23, 1.30991315722e-23, 1.38626937082e-23, 6.31873877436e-24, 1.38345850164e-23, 1.42183879349e-23, 1.15640342831e-23, 7.97181652277e-24, 1.88399831907e-23, 8.44784438083e-24, 9.49820794297e-24, 8.35205221225e-24, 9.60745097885e-24, 1.4253198789e-23, 1.78719530413e-23, 6.65575829687e-24, 6.97720018308e-24, 1.10715578863e-23, 1.0793105764e-23, 1.12069366728e-23, 9.31778756534e-24, 1.14166450893e-23, 8.46908288299e-24, 6.74825302687e-24, 9.46817837489e-24, 9.97974441674e-24, 9.34695254187e-24],
        "stdev": [0.00142101454549, 0.00373066915199, 0.00240331469104, 0.00126800360158, 0.00045697207679, 0.000426996411989, 0.000384806917282, 0.000113341855467, 0.000277916173218, 0.000199269823497, 0.000526984105818, 0.0021975019481, 9.13610710995e-05, 8.39448912302e-05, 7.78496760176e-05, 5.85556226724e-05, 7.03908299329e-05, 0.000145647572936, 9.1703965154e-05, 2.68293806585e-05, 2.34960152738e-05, 2.09985846595e-05, 5.4521857237e-05, 1.15485026981e-05, 1.02196236185e-05, 1.07322648546e-05, 6.4483638198e-06, 4.46464264314e-06, 5.26173334947e-06, 8.18029820948e-06, 6.41615906716e-06, 6.90966408001e-06, 5.46120509171e-06, 4.02380601372e-06, 2.87977536573e-06, 1.83141503385e-06, 1.21305993162e-06, 8.238251894e-07, 4.15611850713e-07, 1.68829899394e-07]
    },
    "melbands128": {
        "max": [0.000911556358915, 0.00359614240006, 0.0135221080855, 0.0413497202098, 0.0388225466013, 0.0186055768281, 0.0271289739758, 0.0444004014134, 0.0395451672375, 0.0138306068256, 0.00695944018662, 0.00499677611515, 0.00761302700266, 0.00490637402982, 0.008973127231, 0.0068951388821, 0.00216437759809, 0.005638289731, 0.00299715995789, 0.00190938438755, 0.000511347723659, 0.00118161737919, 0.00441151950508, 0.00273914332502, 0.0050775562413, 0.00222937297076, 0.0037433411926, 0.011624276638, 0.0022161283996, 0.020844342187, 0.0156136183068, 0.000628772540949, 0.000236100633629, 0.000236286388827, 0.00165715510957, 0.00091371423332, 0.0027180116158, 0.000653003167827, 0.00111558148637, 0.00104214751627, 0.000335444812663, 0.00174569070805, 0.000623884960078, 0.00151783798356, 0.000271195254754, 0.000674432842061, 0.00233637867495, 0.000374248600565, 0.000260554021224, 0.000449568440672, 0.000223667782848, 0.000102740748844, 0.000325464148773, 0.000262503250269, 0.000399210926844, 0.000108736967377, 0.000201200411539, 0.00127567374147, 0.000594388402533, 0.000127506849822, 0.000146213002154, 0.000239153843722, 9.06612622202e-05, 0.000296280137263, 9.02009196579e-05, 7.24956116755e-05, 0.000180999690201, 7.64382639318e-05, 6.29895585007e-05, 5.42178568139e-05, 8.12976504676e-05, 3.91147150367e-05, 5.52365781914e-05, 5.47629824723e-05, 6.9876507041e-05, 0.000114507805847, 0.000119448581245, 7.51890329411e-05, 5.24106580997e-05, 7.50359831727e-05, 4.36759546574e-05, 0.000103770500573, 0.000108526764961, 2.90089974442e-05, 9.42054612096e-05, 2.7786636565e-05, 4.97665787407e-05, 3.22100167978e-05, 3.5102271795e-05, 2.41425896093e-05, 1.5149526007e-05, 1.63852128026e-05, 1.26297090901e-05, 1.19923324746e-05, 1.10855035018e-05, 9.75855800789e-06, 6.18772264716e-06, 3.77799938178e-06, 4.24351628681e-06, 1.79805931566e-06, 2.15125169234e-06, 1.38065286137e-06, 1.09460552267e-06, 8.93361971066e-07, 4.22457105742e-07, 1.66799154044e-07, 1.55367388288e-07, 9.91808306594e-08, 2.14880444105e-07, 1.86128033874e-07, 1.04412606561e-07, 9.82463319588e-08, 9.79953398428e-08, 1.56528763284e-08, 1.50657495368e-08, 1.45285907749e-08, 1.40250406844e-08, 1.35485027641e-08, 1.31166304485e-08, 1.27299442099e-08, 1.23733006063e-08, 1.20902168277e-08, 1.18390106607e-08, 1.15842908599e-08, 1.14006288854e-08, 1.12537330565e-08, 1.11099893729e-08, 1.10670290709e-08],
        "mean": [2.55695758824e-05, 0.000190336009837, 0.000868334667757, 0.00250279041938, 0.00290497113019, 0.00174421817064, 0.00184207502753, 0.00237046252005, 0.00206323619932, 0.00115675129928, 0.000463109026896, 0.000333302537911, 0.000451706553577, 0.000455037574284, 0.000306664063828, 0.000184790827916, 0.000206602155231, 0.000528881850187, 0.000298657949315, 9.38618250075e-05, 4.03216254199e-05, 8.22955917101e-05, 0.000134789879667, 8.72070304467e-05, 9.52457558014e-05, 4.85232121719e-05, 0.000107727704744, 0.000183871074114, 0.000144412508234, 0.0020941386465, 0.00144972396083, 4.20271462644e-05, 1.90712926269e-05, 1.53402925207e-05, 6.13047159277e-05, 6.26953333267e-05, 6.92373359925e-05, 3.37611309078e-05, 8.83396205609e-05, 6.75241535646e-05, 1.56756032084e-05, 3.76366915589e-05, 2.53090001934e-05, 3.26143235725e-05, 1.83486845344e-05, 0.000103476842924, 0.000338398473104, 2.65988510364e-05, 2.54896003753e-05, 6.43845778541e-05, 2.71836215688e-05, 9.28944155021e-06, 2.63961210294e-05, 3.14616190735e-05, 4.04892416555e-05, 9.14196698432e-06, 1.87529349205e-05, 0.000115971321065, 3.46419219568e-05, 1.04598493635e-05, 1.24663438328e-05, 1.07111973193e-05, 1.24542602862e-05, 8.34317415865e-06, 9.5973491625e-06, 7.06481478119e-06, 2.01329403353e-05, 7.43989585317e-06, 4.43701492259e-06, 3.88426451536e-06, 5.21270021636e-06, 2.88985575025e-06, 5.47615900359e-06, 6.98745543559e-06, 3.18683214573e-06, 4.95550739288e-06, 8.44923306431e-06, 4.69153292215e-06, 4.7983917284e-06, 6.02721638643e-06, 3.58155580216e-06, 9.96667949948e-06, 7.19714216757e-06, 2.6217701361e-06, 4.39701761934e-06, 2.66888787337e-06, 3.53251198248e-06, 2.50119774137e-06, 1.91119852389e-06, 2.6060458822e-06, 1.38792495363e-06, 1.40984275276e-06, 1.02143928871e-06, 1.144169687e-06, 6.9712638151e-07, 7.14185432571e-07, 5.72337455651e-07, 3.69247572962e-07, 3.76098086008e-07, 2.33606186839e-07, 1.81423615686e-07, 1.26124831468e-07, 9.91082629298e-08, 6.66152217832e-08, 4.52305890519e-08, 3.48254296512e-08, 3.25865450179e-08, 3.15082751001e-08, 3.32337108944e-08, 3.0915316529e-08, 2.55490366641e-08, 2.05723988955e-08, 1.71383724989e-08, 2.21533413836e-09, 3.53502747907e-11, 3.31342384086e-11, 3.20022099098e-11, 3.09433347001e-11, 2.99830299477e-11, 2.91273116737e-11, 2.83408851942e-11, 2.77029250234e-11, 2.7128511243e-11, 2.65684401562e-11, 2.61637950888e-11, 2.58413863224e-11, 2.55381202297e-11, 2.54233578634e-11],
        "min": [2.23926426335e-25, 1.08902176968e-23, 1.30304848963e-23, 4.79219747059e-24, 7.56288641229e-25, 8.96114335287e-25, 1.21393998451e-24, 5.25313422232e-25, 3.51292580085e-25, 2.09266925525e-25, 2.0746079397e-24, 7.28950232685e-24, 4.52574234491e-24, 2.51912179068e-24, 7.45778686832e-24, 2.43899920013e-23, 3.07321307567e-23, 4.50960264522e-24, 2.35499237681e-24, 2.24755425469e-24, 7.13543148118e-24, 7.631628146e-24, 1.64338690774e-23, 1.67411051564e-23, 5.82316609851e-24, 2.06144303448e-24, 3.60039982561e-24, 1.18105572603e-23, 1.07303266354e-23, 1.54340541443e-23, 2.20223585229e-23, 1.56936666905e-23, 1.06401314349e-23, 1.85282427159e-23, 1.27119775726e-23, 7.56993843435e-24, 4.47429244224e-24, 1.65633984603e-23, 1.43865746577e-23, 1.76845402006e-23, 1.64788609702e-23, 3.03760357886e-24, 4.49723212293e-24, 1.15056325437e-23, 3.32528261276e-24, 1.48932126854e-23, 2.83127732465e-23, 6.7380301784e-24, 1.50701005439e-23, 1.13083715634e-23, 1.08681508907e-23, 1.30860751354e-23, 5.66243490021e-24, 1.96849451225e-24, 2.03842983195e-23, 2.82230892279e-23, 8.92482439401e-24, 9.44569110593e-24, 5.8643892084e-24, 1.09936255286e-23, 1.35528417664e-23, 4.81110804421e-24, 5.72549091894e-24, 1.09289089576e-23, 9.85339414327e-24, 5.34623065597e-24, 1.27434547004e-23, 1.5461845714e-23, 9.78140821908e-24, 1.8828355381e-23, 2.70020840079e-23, 9.14696446948e-24, 1.24194363945e-23, 3.74763637484e-24, 4.27736160029e-24, 6.40587003906e-24, 7.40083189982e-24, 1.12208537569e-23, 9.6097623413e-24, 1.45449763497e-23, 1.17321776184e-23, 7.18891782827e-24, 1.17010199793e-23, 1.01803746219e-23, 1.36242289452e-23, 1.05495212936e-23, 9.84007028258e-24, 3.30404351897e-24, 1.32995763951e-23, 1.56988763279e-23, 8.96029473575e-24, 6.81904777108e-24, 6.77810431238e-24, 5.59255681236e-24, 6.20335563963e-24, 1.12650970208e-23, 8.47535511604e-24, 1.08006504296e-23, 8.5509453457e-24, 1.24887985673e-23, 8.06945462587e-24, 1.093635896e-23, 7.71298810432e-24, 4.5089068699e-24, 1.01846265822e-23, 1.1589079828e-23, 8.20068321518e-24, 1.57189102395e-23, 1.12714197409e-23, 1.35151594587e-23, 1.17528915281e-23, 1.0325107721e-23, 8.26718734493e-24, 7.40751512941e-24, 6.38285541658e-24, 9.86686394323e-24, 1.20065434413e-23, 1.12137547976e-23, 8.6410308945e-24, 1.02718430439e-23, 1.04103780629e-23, 1.07396912032e-23, 1.39666829305e-23, 7.40020948857e-24, 8.12099564197e-24, 9.94610975432e-24, 1.11432464099e-23, 1.33053508569e-23],
        "stdev": [6.73325484968e-05, 0.000448752194643, 0.00159062328748, 0.00461134687066, 0.00551655702293, 0.00251367758028, 0.0024934632238, 0.00341258384287, 0.00282161263749, 0.00143252580892, 0.000705332728103, 0.000465370510938, 0.00058122043265, 0.000632818206213, 0.000586695561651, 0.00040173745947, 0.000275308644632, 0.000661756785121, 0.000369530753233, 0.000148722319864, 6.20301725576e-05, 0.000147104859934, 0.00051846151473, 0.000248784461292, 0.000365519314073, 0.000180594623089, 0.000397765077651, 0.000964119331911, 0.000235696948948, 0.00358426431194, 0.0026691632811, 6.76375275361e-05, 2.20599631575e-05, 2.24005907512e-05, 0.00012472041999, 8.4423860244e-05, 0.000192990191863, 6.48485365673e-05, 0.000137346563861, 0.000129336098325, 2.91153828584e-05, 0.000102903708466, 6.77543503116e-05, 0.000127861989313, 2.56741404883e-05, 0.000135349371703, 0.00046106101945, 4.02390869567e-05, 2.81913653453e-05, 6.56037955196e-05, 3.48054600181e-05, 9.71901863522e-06, 3.02851240122e-05, 3.91718094761e-05, 5.22390000697e-05, 1.27190387502e-05, 2.58713571384e-05, 0.000121779310575, 4.12285844504e-05, 1.38385330501e-05, 1.45083140524e-05, 1.42924473039e-05, 1.18850384752e-05, 1.61622483574e-05, 1.24122998386e-05, 7.71382201492e-06, 2.34020062635e-05, 8.69054656505e-06, 5.75261356062e-06, 4.56222642242e-06, 7.10793938197e-06, 3.90961895391e-06, 6.80182347423e-06, 7.47336252971e-06, 5.23924518347e-06, 8.93034211913e-06, 1.29818636196e-05, 6.95202879797e-06, 7.34914192435e-06, 7.94284369476e-06, 4.93314018968e-06, 1.25669757836e-05, 1.02476142274e-05, 3.958054549e-06, 6.84482529323e-06, 3.7065253764e-06, 5.37909636478e-06, 3.61799288839e-06, 3.15703459819e-06, 3.26828171637e-06, 1.89464208233e-06, 1.96398696062e-06, 1.47120704241e-06, 1.48139633893e-06, 1.08385984277e-06, 1.11764109079e-06, 8.53638709941e-07, 5.77535445245e-07, 5.44956094473e-07, 3.21803526049e-07, 2.35492819911e-07, 1.65561004906e-07, 1.31512067014e-07, 7.27447897475e-08, 4.02586870507e-08, 2.08002344237e-08, 1.61951749789e-08, 1.56743400481e-08, 2.16971276501e-08, 1.89788931237e-08, 1.34740645308e-08, 1.72852914204e-08, 1.65464868473e-08, 2.59262633584e-09, 6.41581399119e-10, 6.18745332748e-10, 5.97300098271e-10, 5.77004888314e-10, 5.58611989998e-10, 5.42143052673e-10, 5.26953869429e-10, 5.14897458004e-10, 5.04199182405e-10, 4.93350915676e-10, 4.85528450778e-10, 4.79272066478e-10, 4.73149908142e-10, 4.71320760198e-10]
    },
    "mfcc": {
        "mean": [-616.093994141, 112.839576721, -12.2603139877, 27.7988872528, 2.7140045166, 15.6145191193, -11.8957719803, 8.05007266998, -2.77670145035, -5.2074842453, -9.07324886322, -7.18911743164, -5.82915830612],
        "cov": [[5142.75878906, 684.336120605, 269.287536621, 303.94720459, -14.7829446793, 128.693069458, -27.8392887115, 237.999328613, -9.12363910675, -59.181438446, -70.2903060913, -66.2283554077, -37.9375572205], [684.336120605, 597.123291016, -31.8619251251, 30.6940383911, 63.6900405884, 84.8912506104, 70.0933837891, 124.24559021, 74.9153671265, 21.968290329, 0.765968978405, -79.1935882568, -8.66151618958], [269.287536621, -31.8619251251, 215.894317627, 97.4915542603, 15.357711792, 25.1946029663, 26.6513824463, 50.948513031, -0.351039588451, 12.0873641968, 14.5383739471, 25.2973117828, -8.28486061096], [303.94720459, 30.6940383911, 97.4915542603, 233.702133179, 71.2415084839, 0.981746733189, -32.4023208618, 4.33348846436, -56.9330787659, -36.4498901367, 7.73793363571, 46.8742446899, 3.81984329224], [-14.7829446793, 63.6900405884, 15.357711792, 71.2415084839, 92.4930953979, 30.3049621582, 9.60818099976, 26.311630249, 16.0311393738, 17.1250228882, 4.97832298279, 5.8935790062, 1.88117492199], [128.693069458, 84.8912506104, 25.1946029663, 0.981746733189, 30.3049621582, 98.753364563, 64.0322494507, 67.5469589233, 64.8934555054, 34.2124786377, 15.1868066788, -13.9240198135, -0.84382379055], [-27.8392887115, 70.0933837891, 26.6513824463, -32.4023208618, 9.60818099976, 64.0322494507, 106.400772095, 70.5253677368, 62.3140716553, 39.5027427673, 10.3028774261, -26.5474185944, -3.727414608], [237.999328613, 124.24559021, 50.948513031, 4.33348846436, 26.311630249, 67.5469589233, 70.5253677368, 157.601028442, 100.359268188, 36.3210792542, -15.0354318619, -69.46824646, -12.5190553665], [-9.12363910675, 74.9153671265, -0.351039588451, -56.9330787659, 16.0311393738, 64.8934555054, 62.3140716553, 100.359268188, 150.749801636, 57.4910011292, -7.74930095673, -57.5120506287, -5.67743206024], [-59.181438446, 21.968290329, 12.0873641968, -36.4498901367, 17.1250228882, 34.2124786377, 39.5027427673, 36.3210792542, 57.4910011292, 86.7263641357, 20.3360996246, -16.2127685547, -1.62662029266], [-70.2903060913, 0.765968978405, 14.5383739471, 7.73793363571, 4.97832298279, 15.1868066788, 10.3028774261, -15.0354318619, -7.74930095673, 20.3360996246, 78.5212478638, 59.2482872009, 17.056438446], [-66.2283554077, -79.1935882568, 25.2973117828, 46.8742446899, 5.8935790062, -13.9240198135, -26.5474185944, -69.46824646, -57.5120506287, -16.2127685547, 59.2482872009, 149.509109497, 38.6964988708], [-37.9375572205, -8.66151618958, -8.28486061096, 3.81984329224, 1.88117492199, -0.84382379055, -3.727414608, -12.5190553665, -5.67743206024, -1.62662029266, 17.056438446, 38.6964988708, 57.6583824158]],
        "icov": [[0.000337767036399, -0.000441387383034, -0.000294877303531, -0.00034856601269, 0.000923271465581, -0.000706706370693, 0.00077515700832, -0.000454163120594, 0.000315769575536, -0.000203209085157, 0.000525284500327, -0.000227541051572, 7.03742407495e-05], [-0.000441387383034, 0.00300631066784, 0.00148768385407, -9.32861221372e-05, -0.00204640044831, 3.50631999027e-05, -0.00150824536104, -0.000958466844168, 3.94037888327e-05, 0.000820964109153, -0.00177813845221, 0.00142071559094, -0.000257638079347], [-0.000294877303531, 0.00148768385407, 0.00843462627381, -0.00404199073091, 0.00213550357148, 0.000357550365152, -0.00259387423284, -0.00348183559254, 0.000936360098422, -0.00224975124002, -0.000279495085124, -0.00189823878463, 0.00190646830015], [-0.00034856601269, -9.32861221372e-05, -0.00404199073091, 0.0112055847421, -0.00901477970183, 3.67380525859e-05, 0.00267624948174, -0.00155603222083, 0.00312612205744, 0.00420678500086, -0.000821290246677, -0.000894762342796, -0.000166743964655], [0.000923271465581, -0.00204640044831, 0.00213550357148, -0.00901477970183, 0.0221897680312, -0.00560251576826, 0.00242383219302, -0.00140724144876, -0.000511083635502, -0.00659906957299, 0.00376146193594, -0.00235761934891, 0.000482405157527], [-0.000706706370693, 3.50631999027e-05, 0.000357550365152, 3.67380525859e-05, -0.00560251576826, 0.0240270141512, -0.0102725680918, -0.00121335557196, -0.00554982246831, 0.000779287191108, -0.00409160321578, -0.000840084860101, 0.00044579783571], [0.00077515700832, -0.00150824536104, -0.00259387423284, 0.00267624948174, 0.00242383219302, -0.0102725680918, 0.0216264910996, -0.00535619584844, 0.00151672260836, -0.0026600912679, -9.80731856544e-05, -0.000220209258259, -9.7493384601e-06], [-0.000454163120594, -0.000958466844168, -0.00348183559254, -0.00155603222083, -0.00140724144876, -0.00121335557196, -0.00535619584844, 0.0198371578008, -0.00897924043238, 0.00166776834521, -8.68171555339e-05, 0.00572781683877, -0.00150654732715], [0.000315769575536, 3.94037888327e-05, 0.000936360098422, 0.00312612205744, -0.000511083635502, -0.00554982246831, 0.00151672260836, -0.00897924043238, 0.0179489068687, -0.00562941795215, 0.0022089346312, 0.000306796166115, -0.00102577242069], [-0.000203209085157, 0.000820964109153, -0.00224975124002, 0.00420678500086, -0.00659906957299, 0.000779287191108, -0.0026600912679, 0.00166776834521, -0.00562941795215, 0.0208744704723, -0.00758735602722, 0.00315565429628, -3.42828716384e-05], [0.000525284500327, -0.00177813845221, -0.000279495085124, -0.000821290246677, 0.00376146193594, -0.00409160321578, -9.80731856544e-05, -8.68171555339e-05, 0.0022089346312, -0.00758735602722, 0.0239954739809, -0.010416990146, -0.000218696455704], [-0.000227541051572, 0.00142071559094, -0.00189823878463, -0.000894762342796, -0.00235761934891, -0.000840084860101, -0.000220209258259, 0.00572781683877, 0.000306796166115, 0.00315565429628, -0.010416990146, 0.0169948022813, -0.00706074340269], [7.03742407495e-05, -0.000257638079347, 0.00190646830015, -0.000166743964655, 0.000482405157527, 0.00044579783571, -9.7493384601e-06, -0.00150654732715, -0.00102577242069, -3.42828716384e-05, -0.000218696455704, -0.00706074340269, 0.0220005922019]]
    },
    "spectral_contrast_coeffs": {
        "max": [-0.493626862764, -0.576263964176, -0.49026954174, -0.636240363121, -0.657805681229, -0.643468916416],
        "mean": [-0.677506923676, -0.761635243893, -0.716920316219, -0.753280460835, -0.764912545681, -0.714213430882],
        "min": [-0.94697535038, -0.975134670734, -0.960087358952, -0.94707942009, -0.960020899773, -0.963300943375],
        "stdev": [0.0675366893411, 0.0652953088284, 0.0961649566889, 0.0543135404587, 0.0448250323534, 0.0336690731347]
    },
    "spectral_contrast_valleys": {
        "max": [-5.02286958694, -5.15050077438, -5.86426734924, -5.78242826462, -6.09964609146, -8.77324104309],
        "mean": [-6.5809545517, -6.77342510223, -7.39933490753, -7.47710561752, -7.46409797668, -10.3104200363],
        "min": [-27.3541355133, -27.0803337097, -27.2397537231, -27.7011566162, -27.198474884, -27.1610679626],
        "stdev": [1.47559654713, 1.25151622295, 1.22004508972, 1.17822921276, 1.16914594173, 1.0434871912]
    }
},
"rhythm": {
    "beats_count": 19,
    "beats_loudness": {
        "max": 0.0768579095602,
        "mean": 0.0377475842834,
        "min": 0.00129764911253,
        "stdev": 0.0193892214447
    },
    "bpm": 94.9709472656,
    "bpm_histogram_first_peak_bpm": 96,
    "bpm_histogram_first_peak_weight": 0.428571462631,
    "bpm_histogram_second_peak_bpm": 89,
    "bpm_histogram_second_peak_spread": 0.25,
    "bpm_histogram_second_peak_weight": 0.166666671634,
    "danceability": 0.854633510113,
    "onset_rate": 4.23218536377,
    "beats_loudness_band_ratio": {
        "max": [0.704199612141, 0.503161907196, 0.315299093723, 0.450944304466, 0.224409461021, 0.0819687992334],
        "mean": [0.428419023752, 0.227032378316, 0.127598464489, 0.1259393543, 0.109266661108, 0.0466551855206],
        "min": [0.191731095314, 0.049639351666, 0.0351057872176, 0.0301256235689, 0.042587351054, 0.0110789639875],
        "stdev": [0.132547065616, 0.106833510101, 0.0793468207121, 0.108082957566, 0.0558610260487, 0.020505072549]
    },
    "beats_position": [0.66176867485, 1.33514738083, 1.99691605568, 2.62385487556, 3.25079369545, 3.87773227692, 4.52789115906, 5.20126962662, 5.87464857101, 6.52480697632, 7.14013576508, 7.77868461609, 8.40562343597, 9.03256225586, 9.65950107574, 10.2864398956, 10.9249887466, 11.5635375977, 12.1904764175],
