{
"metadata": {
    "version": {
        "essentia": "2.1-beta5",
        "essentia_git_sha": "Undefined",
        "extractor": "music 2.0"
    },
    "audio_properties": {
        "analysis": {
            "equal_loudness": 0,
            "length": 32.4963264465,
            "sample_rate": 44100,
            "start_time": 110.248344421,
            "downmix": "mix"
        },
        "bit_rate": 192000,
        "length": 227.694869995,
        "lossless": 0,
        "number_channels": 2,
        "replay_gain": 2.68543815613,
        "sample_rate": 44100,
        "codec": "mp3",
        "md5_encoded": "55c661e10f2c5b12e157ebad5ce576b0"
    },
    "tags": {
        "file_name": "Spain_Amanece_Jaime Morey.mp3",
        "encoding": ["Lavf58.29.100"]
    }
},
"lowlevel": {
    "average_loudness": 0.919532120228,
    "barkbands_crest": {
        "max": 22.8220424652,
        "mean": 8.85941886902,
        "min": 3.01020002365,
        "stdev": 3.56899881363
    },
    "barkbands_flatness_db": {
        "max": 0.3757827878,
        "mean": 0.188898608088,
        "min": 0.0966607406735,
        "stdev": 0.0338150188327
    },
    "barkbands_kurtosis": {
        "max": 112.986587524,
        "mean": 1.59603404999,
        "min": -1.82416725159,
        "stdev": 7.70993852615
    },
    "barkbands_skewness": {
        "max": 7.93500900269,
        "mean": 0.740008533001,
        "min": -1.46739041805,
        "stdev": 0.945499241352
    },
    "barkbands_spread": {
        "max": 39.0553321838,
        "mean": 15.0160512924,
        "min": 0.880623817444,
        "stdev": 6.02907323837
    },
    "dissonance": {
        "max": 0.49922695756,
        "mean": 0.447760790586,
        "min": 0.274442911148,
        "stdev": 0.0358007028699
    },
    "dynamic_complexity": 3.06954979897,
    "erbbands_crest": {
        "max": 28.6840267181,
        "mean": 9.58625411987,
        "min": 3.75842213631,
        "stdev": 3.78291630745
    },
    "erbbands_flatness_db": {
        "max": 0.360052913427,
        "mean": 0.23352612555,
        "min": 0.105309955776,
        "stdev": 0.0352163985372
    },
    "erbbands_kurtosis": {
        "max": 9.46301174164,
        "mean": 0.345240801573,
        "min": -1.7191722393,
        "stdev": 1.44339835644
    },
    "erbbands_skewness": {
        "max": 2.65833234787,
        "mean": 0.19650682807,
        "min": -2.8685529232,
        "stdev": 0.655863344669
    },
    "erbbands_spread": {
        "max": 76.1290740967,
        "mean": 20.552652359,
        "min": 4.92942047119,
        "stdev": 7.87379932404
    },
    "hfc": {
        "max": 78.0717544556,
        "mean": 19.5965919495,
        "min": 0.162806034088,
        "stdev": 15.7217626572
    },
    "loudness_ebu128": {
        "integrated": -26.9561481476,
        "loudness_range": 4.37763404846,
        "momentary": {
            "max": -22.4390506744,
            "mean": -27.782119751,
            "min": -38.8246154785,
            "stdev": 2.89253330231
        },
        "short_term": {
            "max": -23.9318313599,
            "mean": -27.2878055573,
            "min": -31.0826148987,
            "stdev": 1.62805986404
        }
    },
    "melbands_crest": {
        "max": 29.3598384857,
        "mean": 11.9969186783,
        "min": 3.81653547287,
        "stdev": 5.15187931061
    },
    "melbands_flatness_db": {
        "max": 0.489371776581,
        "mean": 0.244820788503,
        "min": 0.119224347174,
        "stdev": 0.0493336133659
    },
    "melbands_kurtosis": {
        "max": 147.894943237,
        "mean": 3.72058534622,
        "min": -1.53832435608,
        "stdev": 10.9656095505
    },
    "melbands_skewness": {
        "max": 7.61615610123,
        "mean": 1.25502586365,
        "min": -0.853008449078,
        "stdev": 1.09259366989
    },
    "melbands_spread": {
        "max": 70.7026824951,
        "mean": 21.985206604,
        "min": 0.614062488079,
        "stdev": 10.3887987137
    },
    "pitch_salience": {
        "max": 0.841298043728,
        "mean": 0.552974045277,
        "min": 0.166442751884,
        "stdev": 0.109105229378
    },
    "silence_rate_20dB": {
        "max": 1,
        "mean": 1,
        "min": 1,
        "stdev": 0
    },
    "silence_rate_30dB": {
        "max": 1,
        "mean": 1,
        "min": 1,
        "stdev": 0
    },
    "silence_rate_60dB": {
        "max": 1,
        "mean": 0.0292648114264,
        "min": 0,
        "stdev": 0.168548971415
    },
    "spectral_centroid": {
        "max": 2590.03149414,
        "mean": 1114.65893555,
        "min": 145.850814819,
        "stdev": 393.959716797
    },
    "spectral_complexity": {
        "max": 39,
        "mean": 19.4475383759,
        "min": 1,
        "stdev": 7.72023105621
    },
    "spectral_decrease": {
        "max": -5.81519034315e-11,
        "mean": -5.90993343152e-09,
        "min": -2.22339693323e-08,
        "stdev": 3.62903551654e-09
    },
    "spectral_energy": {
        "max": 0.0890275463462,
        "mean": 0.0240829158574,
        "min": 0.000234245540923,
        "stdev": 0.0149602368474
    },
    "spectral_energyband_high": {
        "max": 0.000409731408581,
        "mean": 4.74049084005e-05,
        "min": 1.47491334701e-06,
        "stdev": 5.69269941479e-05
    },
    "spectral_energyband_low": {
        "max": 0.0210752692074,
        "mean": 0.00388762983494,
        "min": 2.19863886741e-06,
        "stdev": 0.00383087294176
    },
    "spectral_energyband_middle_high": {
        "max": 0.0623983554542,
        "mean": 0.00879755616188,
        "min": 7.76448086981e-06,
        "stdev": 0.00889556203038
    },
    "spectral_energyband_middle_low": {
        "max": 0.0707784891129,
        "mean": 0.0116652669385,
        "min": 0.000151582062244,
        "stdev": 0.0096700694412
    },
    "spectral_entropy": {
        "max": 7.90563678741,
        "mean": 6.99768781662,
        "min": 5.8234500885,
        "stdev": 0.29036295414
    },
    "spectral_flux": {
        "max": 0.203978389502,
        "mean": 0.0749923661351,
        "min": 0.0101099265739,
        "stdev": 0.0343703813851
    },
    "spectral_kurtosis": {
        "max": 39.4116287231,
        "mean": 13.6930904388,
        "min": 0.480726003647,
        "stdev": 6.6796298027
    },
    "spectral_rms": {
        "max": 0.00931966397911,
        "mean": 0.00458855275065,
        "min": 0.000478050438687,
        "stdev": 0.00156226975378
    },
    "spectral_rolloff": {
        "max": 3316.11328125,
        "mean": 1283.29284668,
        "min": 107.666015625,
        "stdev": 582.901611328
    },
    "spectral_skewness": {
        "max": 4.92270565033,
        "mean": 2.25956964493,
        "min": 0.278185039759,
        "stdev": 0.706525623798
    },
    "spectral_spread": {
        "max": 5617259,
        "mean": 2115232,
        "min": 1242165.25,
        "stdev": 524935.25
    },
    "spectral_strongpeak": {
        "max": 8.24546146393,
        "mean": 1.44936919212,
        "min": 0.0226560626179,
        "stdev": 1.33515512943
    },
    "zerocrossingrate": {
        "max": 0.08154296875,
        "mean": 0.0435107052326,
        "min": 0.00439453125,
        "stdev": 0.0142940059304
    },
    "barkbands": {
        "max": [7.87761673564e-05, 0.0154589246958, 0.00863425154239, 0.0188040994108, 0.0282805971801, 0.026136001572, 0.0625647380948, 0.0582551658154, 0.0572362542152, 0.0428395196795, 0.0276827756315, 0.028314134106, 0.0290678869933, 0.0140428440645, 0.00895740184933, 0.00730730034411, 0.00904211588204, 0.00514874188229, 0.00264415680431, 0.000917780736927, 0.000141158423503, 6.88537838869e-05, 5.55680198886e-05, 2.23723145609e-05, 1.94024937628e-06, 1.29302702589e-06, 3.43961943372e-08],
        "mean": [4.89182912133e-06, 0.00226259068586, 0.00145762343891, 0.000424501486123, 0.00167108979076, 0.00139855709858, 0.00248047569767, 0.00265013170429, 0.00274294405244, 0.00178334931843, 0.000979417236522, 0.00151081918739, 0.0011462608818, 0.000984666170552, 0.000499673944432, 0.000665184750687, 0.000649145338684, 0.000489099242259, 0.00020125201263, 5.54652433493e-05, 1.41280161188e-05, 4.87087891088e-06, 3.67857956007e-06, 1.49950926698e-06, 8.11824520497e-07, 8.00797920419e-07, 1.30382538099e-09],
        "min": [1.17269980393e-08, 5.82839220442e-07, 3.8662398083e-07, 7.00891575889e-07, 1.6715930542e-05, 3.71607416128e-06, 3.24643451677e-06, 7.03919522493e-06, 1.92682546185e-06, 1.42822318594e-06, 8.29930399959e-07, 8.75838679804e-07, 9.90926423583e-07, 4.38629058408e-07, 5.5022064771e-07, 2.52981834592e-07, 3.90884878243e-07, 2.33781079828e-07, 1.23709682498e-07, 1.41070330528e-07, 1.7317314871e-07, 1.7307489486e-07, 1.33414260972e-07, 7.19714989827e-08, 6.30583585348e-08, 4.90552167776e-08, 3.41415506977e-10],
        "stdev": [8.09330504126e-06, 0.0026155388914, 0.00148877687752, 0.000737407070119, 0.00256905239075, 0.00224824296311, 0.00505904853344, 0.00515607651323, 0.00460184784606, 0.00342895719223, 0.00220039300621, 0.00240528187715, 0.00198908988386, 0.0015152284177, 0.00088157976279, 0.00101828947663, 0.000991877983324, 0.000678774609696, 0.000331056653522, 8.31732904771e-05, 2.0255221898e-05, 7.52064806875e-06, 5.41263079867e-06, 1.87629689208e-06, 1.85141828979e-07, 1.42522466717e-07, 1.8829697801e-09]
    },
    "erbbands": {
        "max": [0.217091247439, 4.39195346832, 13.0486402512, 34.8935699463, 72.4885482788, 76.4790267944, 246.700180054, 311.557830811, 445.898834229, 844.655029297, 1101.77490234, 1825.28515625, 787.604064941, 1011.52130127, 504.077667236, 768.750183105, 1612.17468262, 795.73614502, 676.38671875, 550.201660156, 535.070922852, 509.05178833, 317.191253662, 140.163589478, 72.8298110962, 27.0516338348, 9.94269371033, 4.62588357925, 2.17729687691, 3.37609386444, 1.77336454391, 0.893432617188, 0.191553279757, 0.0381147228181, 0.0120320282876, 0.00677490793169, 0.00282314210199, 0.000267287716269, 4.74144617328e-05, 0.000102254496596],
        "mean": [0.0193400550634, 0.650417804718, 2.03893661499, 1.22740745544, 2.6371216774, 5.48862504959, 10.5271615982, 13.1304273605, 23.8682556152, 48.9015808105, 64.3044662476, 57.3674736023, 58.6610641479, 53.1307029724, 38.8625679016, 53.3126411438, 49.2637138367, 48.58543396, 40.0189666748, 28.4105243683, 41.4691963196, 40.3812255859, 28.8884048462, 15.5062093735, 6.67122602463, 2.44131660461, 1.02103614807, 0.3404276371, 0.205081984401, 0.130782738328, 0.0945675373077, 0.0483907870948, 0.0183347761631, 0.00913234241307, 0.00620658509433, 0.00382457650267, 0.00155757868197, 9.94399015326e-05, 1.48851950144e-05, 2.85112764686e-05],
        "min": [1.70852908923e-05, 0.000264317350229, 0.000760919996537, 0.00647182017565, 0.0530590899289, 0.040869217366, 0.0157002657652, 0.0368330664933, 0.0478727817535, 0.0793299376965, 0.158805727959, 0.0599178522825, 0.0696432441473, 0.0563190281391, 0.0375841371715, 0.0382190831006, 0.0382801443338, 0.0330278091133, 0.0362827070057, 0.0370184592903, 0.0189248528332, 0.0239306725562, 0.0155514217913, 0.00789601262659, 0.0073694717139, 0.00696659181267, 0.00632544793189, 0.00597343128175, 0.00687576644123, 0.00494729168713, 0.00357871665619, 0.00204381113872, 0.000852636236232, 0.00088218197925, 0.000350259651896, 0.000167087258887, 0.000111296954856, 2.37822987401e-05, 1.68078838669e-06, 3.69624160612e-07],
        "stdev": [0.0233973059803, 0.750258266926, 2.20764040947, 1.54095470905, 3.41272139549, 8.2994222641, 20.9774341583, 24.1709594727, 38.0083847046, 83.3403701782, 107.485610962, 109.401573181, 78.3773040771, 95.3011779785, 57.7771186829, 78.8362426758, 87.1622161865, 74.9557037354, 62.0779266357, 45.8233985901, 63.8755569458, 58.3633499146, 40.3357162476, 21.2548503876, 10.173242569, 3.42242503166, 1.37580692768, 0.524147927761, 0.305143505335, 0.203603386879, 0.151410743594, 0.0731489360332, 0.0174798574299, 0.00357125373557, 0.00143196771387, 0.000818658212665, 0.000324024178553, 2.60358410742e-05, 8.31642500998e-06, 1.79202543222e-05]
    },
    "gfcc": {
        "mean": [-41.425327301, 146.898147583, -150.065811157, -1.66872859001, -39.3174781799, -2.22367954254, -33.8133430481, 15.9304504395, -19.4825687408, -3.56025242805, -13.1375522614, -0.625154554844, -14.7096967697],
        "cov": [[1934.19519043, 133.210128784, -1020.46295166, 133.802581787, 138.306488037, -229.890380859, 153.409622192, -80.5549468994, 182.129104614, -26.1931648254, 207.696411133, -93.0031051636, -16.2061462402], [133.210128784, 248.000473022, 133.529144287, -30.8153324127, 128.733230591, 21.4751834869, 24.5929222107, 66.3454437256, 46.1693382263, 12.8904533386, 14.9462900162, -9.79590892792, -2.47891139984], [-1020.46295166, 133.529144287, 897.246154785, 80.2727584839, 37.934299469, 255.361099243, 13.4364757538, 99.2276535034, -52.0339355469, 39.0287322998, -96.3941268921, 49.2612762451, 3.68158507347], [133.802581787, -30.8153324127, 80.2727584839, 332.489379883, 105.666976929, 111.184890747, 98.678894043, -9.86966323853, 22.9661922455, 22.357049942, 25.2673778534, -0.0571874119341, -0.214431703091], [138.306488037, 128.733230591, 37.934299469, 105.666976929, 273.202392578, 87.5417861938, 30.4175281525, 74.4103088379, 65.2236328125, 23.0192642212, 13.5543823242, -10.1242723465, -20.466791153], [-229.890380859, 21.4751834869, 255.361099243, 111.184890747, 87.5417861938, 245.466156006, 138.389846802, 56.394859314, -13.4588117599, 22.4549198151, 6.35546255112, 9.9513759613, -29.7150535583], [153.409622192, 24.5929222107, 13.4364757538, 98.678894043, 30.4175281525, 138.389846802, 230.164154053, 65.4802398682, -9.46406650543, -2.65257310867, 52.0824394226, -0.580064535141, -30.589132309], [-80.5549468994, 66.3454437256, 99.2276535034, -9.86966323853, 74.4103088379, 56.394859314, 65.4802398682, 117.13924408, 31.2014350891, -0.918666899204, 1.70479226112, 13.6745252609, -17.1030769348], [182.129104614, 46.1693382263, -52.0339355469, 22.9661922455, 65.2236328125, -13.4588117599, -9.46406650543, 31.2014350891, 130.426757812, 52.6082305908, 13.5585899353, -17.2729492188, -3.16652798653], [-26.1931648254, 12.8904533386, 39.0287322998, 22.357049942, 23.0192642212, 22.4549198151, -2.65257310867, -0.918666899204, 52.6082305908, 90.2392196655, 24.881269455, -15.9719057083, -2.74758028984], [207.696411133, 14.9462900162, -96.3941268921, 25.2673778534, 13.5543823242, 6.35546255112, 52.0824394226, 1.70479226112, 13.5585899353, 24.881269455, 91.4247589111, 10.0357933044, -10.3104104996], [-93.0031051636, -9.79590892792, 49.2612762451, -0.0571874119341, -10.1242723465, 9.9513759613, -0.580064535141, 13.6745252609, -17.2729492188, -15.9719057083, 10.0357933044, 74.0863418579, 28.1820030212], [-16.2061462402, -2.47891139984, 3.68158507347, -0.214431703091, -20.466791153, -29.7150535583, -30.589132309, -17.1030769348, -3.16652798653, -2.74758028984, -10.3104104996, 28.1820030212, 60.5187568665]],
        "icov": [[0.0152365956455, -0.0204164944589, 0.0170994009823, -0.010477444157, 0.00368055514991, 0.00163493689615, -0.00764316273853, 0.0113442549482, -0.0138559890911, 0.0121524557471, -0.00849070213735, 0.00362409232184, 0.000249331642408], [-0.0204164944589, 0.0415970012546, -0.0301188528538, 0.0210534334183, -0.0159382261336, 0.00687405653298, 0.00115440331865, -0.00840892735869, 0.012477745302, -0.0100925257429, 0.00365055142902, 0.000554193509743, -0.0051059210673], [0.0170994009823, -0.0301188528538, 0.0261319875717, -0.0165628958493, 0.0113290352747, -0.00666239531711, -0.00079863879364, 0.00482428260148, -0.0101336808875, 0.00776703748852, -0.00305087747984, 0.00049559265608, 0.00228854687884], [-0.010477444157, 0.0210534334183, -0.0165628958493, 0.0162371583283, -0.0109233185649, 0.00384946889244, -0.0033075788524, 0.00156125007197, 0.00439685955644, -0.00444705132395, 0.0018710938748, -0.000605113920756, -0.0032841488719], [0.00368055514991, -0.0159382261336, 0.0113290352747, -0.0109233185649, 0.0171477012336, -0.0112159689888, 0.0104564167559, -0.00991127919406, 0.000563383451663, -0.00129028025549, 0.00240857480094, -0.000961430894677, 0.00321006262675], [0.00163493689615, 0.00687405653298, -0.00666239531711, 0.00384946889244, -0.0112159689888, 0.0206121075898, -0.016321292147, 0.0110467579216, -0.00476336106658, 0.00261584157124, -0.00347427115776, 0.000286142865662, 0.00148256332614], [-0.00764316273853, 0.00115440331865, -0.00079863879364, -0.0033075788524, 0.0104564167559, -0.016321292147, 0.0253786928952, -0.0219680443406, 0.013643191196, -0.00819877069443, 0.00320324138738, -0.000565319845919, 0.00132970465347], [0.0113442549482, -0.00840892735869, 0.00482428260148, 0.00156125007197, -0.00991127919406, 0.0110467579216, -0.0219680443406, 0.0368511006236, -0.0212497767061, 0.0159549601376, -0.00795503612608, -0.00134260882623, 0.00267073255964], [-0.0138559890911, 0.012477745302, -0.0101336808875, 0.00439685955644, 0.000563383451663, -0.00476336106658, 0.013643191196, -0.0212497767061, 0.0306543372571, -0.0234024301171, 0.0127920228988, -0.00421434873715, 0.000858268642332], [0.0121524557471, -0.0100925257429, 0.00776703748852, -0.00444705132395, -0.00129028025549, 0.00261584157124, -0.00819877069443, 0.0159549601376, -0.0234024301171, 0.0344618782401, -0.0199189260602, 0.011779608205, -0.00497329980135], [-0.00849070213735, 0.00365055142902, -0.00305087747984, 0.0018710938748, 0.00240857480094, -0.00347427115776, 0.00320324138738, -0.00795503612608, 0.0127920228988, -0.0199189260602, 0.0301176421344, -0.0143371801823, 0.00812013819814], [0.00362409232184, 0.000554193509743, 0.00049559265608, -0.000605113920756, -0.000961430894677, 0.000286142865662, -0.000565319845919, -0.00134260882623, -0.00421434873715, 0.011779608205, -0.0143371801823, 0.0268945619464, -0.0145413149148], [0.000249331642408, -0.0051059210673, 0.00228854687884, -0.0032841488719, 0.00321006262675, 0.00148256332614, 0.00132970465347, 0.00267073255964, 0.000858268642332, -0.00497329980135, 0.00812013819814, -0.0145413149148, 0.0274450257421]]
    },
    "melbands": {
        "max": [0.00265373056754, 0.00608577812091, 0.00759007548913, 0.00371399288997, 0.00858209189028, 0.00612837728113, 0.00953065697104, 0.0075825760141, 0.00716127175838, 0.0107777100056, 0.00472202571109, 0.0040667867288, 0.00221218098886, 0.00414786860347, 0.00182770984247, 0.00306970160455, 0.00135802070145, 0.00148028635886, 0.000748907623347, 0.000390895147575, 0.000842385517899, 0.00071278528776, 0.000422156357672, 0.000179833557922, 0.000145320824231, 0.000117968455015, 5.28626405867e-05, 1.41990130942e-05, 8.52141329233e-06, 4.43138014816e-06, 2.06682807402e-06, 1.46182708249e-06, 1.51820040628e-06, 1.9108701963e-06, 8.55519544984e-07, 1.23743723179e-06, 4.52576955468e-07, 1.25931478578e-07, 1.08006098287e-07, 1.73138001713e-08],
        "mean": [0.000395483803004, 0.000998941482976, 0.000266976130661, 0.00027474356466, 0.000366165681044, 0.000286420283373, 0.00042103845044, 0.000578967330512, 0.000509142933879, 0.000365370273357, 0.000302555825328, 0.000230963662034, 0.000122607205412, 0.000168014012161, 0.000112631918455, 0.0001211783092, 8.56192345964e-05, 7.40719551686e-05, 3.83835758839e-05, 3.71056084987e-05, 4.89479098178e-05, 4.30907530244e-05, 3.04436307488e-05, 2.10910457099e-05, 1.1885400454e-05, 6.82084282744e-06, 2.71591443379e-06, 1.35291054448e-06, 7.81943924721e-07, 2.81005071656e-07, 1.46680505964e-07, 1.15589955385e-07, 8.50685211162e-08, 7.23160979987e-08, 5.422636562e-08, 4.56306707974e-08, 2.39859883067e-08, 1.26364794184e-08, 9.9625729888e-09, 6.778094086e-09],
        "min": [1.53844837314e-07, 2.94324934202e-07, 1.43475142522e-06, 3.58008992407e-06, 6.11320785993e-07, 8.37500635953e-07, 7.68554684782e-07, 1.19361823181e-06, 1.04694288439e-06, 3.41239058343e-07, 3.57496787728e-07, 2.29773831961e-07, 1.20529733749e-07, 1.11676804693e-07, 8.22305921133e-08, 9.47891152236e-08, 3.63810741533e-08, 5.17783682596e-08, 3.71034651891e-08, 3.1483683216e-08, 1.5183127644e-08, 2.2784876208e-08, 1.59357114171e-08, 9.57142010094e-09, 5.19987519709e-09, 4.7328470032e-09, 5.50841638969e-09, 3.64084606908e-09, 3.90106658088e-09, 2.89595547542e-09, 1.4094223566e-09, 2.8886819603e-09, 2.12058193227e-09, 2.59047072682e-09, 2.20491180869e-09, 1.25410659635e-09, 1.28682686729e-09, 5.58101620474e-10, 6.22754958712e-10, 7.39973415875e-10],
        "stdev": [0.000445565383416, 0.0010696289828, 0.000319931976264, 0.000314107892336, 0.000723038800061, 0.00048977159895, 0.000756876484957, 0.000944575644098, 0.000850286218338, 0.000691600725986, 0.000434203277109, 0.000419419724494, 0.000216862099478, 0.000308646733174, 0.000180103001185, 0.000217794600758, 0.000142867327668, 0.000125177655718, 6.70994486427e-05, 5.67568349652e-05, 8.08136319392e-05, 6.91711247782e-05, 4.96106804349e-05, 2.76438986475e-05, 1.78012815013e-05, 1.22003611978e-05, 4.63637252324e-06, 1.93807886717e-06, 1.08981612357e-06, 4.53807984968e-07, 2.40820526187e-07, 1.83717730806e-07, 1.31195392328e-07, 1.13019083869e-07, 8.76395418459e-08, 7.8886863264e-08, 3.5727044434e-08, 1.21082601723e-08, 9.16762132874e-09, 2.16820561505e-09]
    },
    "melbands128": {
        "max": [5.8945366618e-05, 0.00112799264025, 0.00469389371574, 0.00968332961202, 0.00898744352162, 0.00392071949318, 0.00631616637111, 0.0106069371104, 0.00807607732713, 0.00286757177673, 0.00461628194898, 0.0132888741791, 0.0116543285549, 0.00606041681021, 0.00997412484139, 0.00682629598305, 0.00515410955995, 0.00988643988967, 0.025128800422, 0.00925874710083, 0.0140663310885, 0.0212595835328, 0.00962412450463, 0.013937804848, 0.0224515162408, 0.0123669877648, 0.00723344320431, 0.00410116789863, 0.0147228864953, 0.00662035308778, 0.00775675335899, 0.00678663281724, 0.00415091356263, 0.00219472520985, 0.00739394174889, 0.00460491143167, 0.00268935179338, 0.00389754609205, 0.00148154608905, 0.00888295099139, 0.00378000224009, 0.00447667203844, 0.00207302020863, 0.00320154312067, 0.00323237362318, 0.00264225690626, 0.00112449354492, 0.00120146712288, 0.00190528749954, 0.000868172384799, 0.000842988374643, 0.00078650820069, 0.00147829786874, 0.00216442742385, 0.000791601429228, 0.00149989721831, 0.00116844591685, 0.000817126652692, 0.000633656862192, 0.000644317595288, 0.000294994417345, 0.000236854844843, 0.000302672822727, 0.000254779180977, 0.000338780344464, 0.00016090059944, 6.04831802775e-05, 7.27765946067e-05, 8.34833917907e-05, 2.91837077384e-05, 1.70931907633e-05, 3.82484904549e-05, 1.17692043204e-05, 1.762967986e-05, 6.36349386696e-06, 7.22245886209e-06, 5.36161542186e-06, 6.07959691479e-06, 1.81786253961e-06, 1.76648916295e-06, 2.31746594181e-06, 1.96631822291e-06, 1.99994724426e-06, 2.04564116757e-06, 2.28537192015e-06, 2.70721875495e-06, 1.43503518757e-06, 1.24711323224e-06, 9.48175738813e-07, 1.64011999004e-06, 2.03670879273e-06, 8.93896810794e-07, 7.07083415818e-07, 6.57276189031e-07, 3.3514459119e-07, 2.30350053698e-07, 1.86283614312e-07, 1.38449181009e-07, 2.27455288382e-07, 6.58684982113e-08, 4.27326618535e-08, 3.1127594724e-08, 3.82441989188e-08, 3.44837580712e-08, 3.07223224638e-08, 2.24233431823e-08, 2.77649974123e-08, 2.65965347523e-08, 2.363229612e-08, 2.68329429787e-08, 2.37555308757e-08, 2.91502857408e-08, 1.85548731935e-08, 2.29631460513e-08, 1.32673134701e-08, 2.80359979676e-09, 4.41247122174e-10, 1.63667968067e-10, 1.60388521908e-10, 1.51281404071e-10, 1.50466722415e-10, 1.46113524058e-10, 1.42414344206e-10, 1.37765285291e-10, 1.37032385439e-10, 1.35364011666e-10, 1.34657965334e-10, 1.3389565845e-10],
        "mean": [3.47694867742e-06, 4.07657680626e-05, 0.000381099205697, 0.00138606061228, 0.00133430224378, 0.000550854194444, 0.000198862107936, 0.000240179302637, 0.000280801992631, 0.000217175547732, 0.000295706180623, 0.000451039028121, 0.000396077084588, 0.000239292989136, 0.000299351580907, 0.000298559374642, 0.000281488813926, 0.00036406860454, 0.000743845128454, 0.000447404803708, 0.00058709201403, 0.000748118851334, 0.000401994795538, 0.000461295363493, 0.000301939959172, 0.000410071574152, 0.000293129851343, 0.000197720291908, 0.000463545351522, 0.000213035877096, 0.000191084443941, 0.000177870766493, 8.65288020577e-05, 8.10346755316e-05, 0.000225607363973, 0.000179124224815, 9.24914638745e-05, 0.000167023434187, 5.69655348954e-05, 0.000100513236248, 0.000157476228196, 0.000128324783873, 6.04184642725e-05, 6.40055222902e-05, 0.000130975648062, 6.71470552334e-05, 2.47893422056e-05, 4.22909361077e-05, 4.26602600783e-05, 3.28722053382e-05, 3.31089431711e-05, 3.8222198782e-05, 7.06312202965e-05, 4.2316471081e-05, 2.96161033475e-05, 5.59590916964e-05, 4.18483177782e-05, 2.47905627475e-05, 3.19991631841e-05, 2.86008562398e-05, 2.03662129934e-05, 1.66729296325e-05, 1.10363680506e-05, 9.71855024545e-06, 1.49104680531e-05, 5.68266841583e-06, 3.11378289553e-06, 3.9677283894e-06, 2.40243957705e-06, 1.47127843775e-06, 1.17423780921e-06, 1.69187421761e-06, 7.92516118509e-07, 8.13277836187e-07, 3.8855645812e-07, 2.60576030087e-07, 2.31437667253e-07, 2.5967460715e-07, 1.01023786669e-07, 7.80600473149e-08, 1.1609721895e-07, 1.18152300388e-07, 1.46690624092e-07, 6.33414458662e-08, 5.91420281637e-08, 6.39369091004e-08, 9.70275593204e-08, 5.56655663786e-08, 4.26852118096e-08, 5.64669306868e-08, 6.22600992983e-08, 3.63300998174e-08, 2.94038091653e-08, 2.55339056565e-08, 2.19200213536e-08, 1.16791847304e-08, 1.08523527942e-08, 1.20255263525e-08, 1.14226690329e-08, 7.89347875951e-09, 7.42933359277e-09, 6.06115646562e-09, 6.79458000974e-09, 7.26355686709e-09, 7.05700031745e-09, 6.8811880638e-09, 6.66815491712e-09, 7.36297822712e-09, 6.15623507727e-09, 6.76866385163e-09, 6.16409412402e-09, 5.79278358614e-09, 5.39640909736e-09, 4.80639084088e-09, 1.7647485695e-09, 2.82520951078e-10, 6.82798869528e-12, 5.86822907975e-12, 5.78300558482e-12, 5.70476218348e-12, 5.60865329874e-12, 5.55530621504e-12, 5.43986340348e-12, 5.35209983971e-12, 5.3556976562e-12, 5.34529929e-12, 5.32797547401e-12, 5.27429792549e-12],
        "min": [1.34519076433e-10, 2.389817233e-08, 5.99035345772e-08, 1.30564643541e-07, 6.37726031982e-08, 1.16471603917e-07, 3.01752237419e-07, 4.2344186113e-07, 4.53070583717e-07, 9.10487074179e-07, 4.09017673064e-07, 4.34345253097e-07, 4.34973088659e-07, 1.37104180453e-07, 3.53000245923e-07, 1.59660217491e-07, 4.47842097628e-07, 4.04537729537e-07, 2.51957487762e-07, 4.07785961443e-07, 6.34608568362e-07, 2.61000081991e-07, 1.83880757731e-07, 1.17753387485e-07, 1.51912530555e-07, 1.70375727748e-07, 2.34913400732e-07, 1.13641441146e-07, 6.77591671661e-08, 1.31470784481e-07, 1.42930844049e-07, 1.07990977938e-07, 1.53778891843e-08, 3.81956049011e-08, 2.1618927093e-08, 5.17899891861e-08, 8.4895852126e-08, 5.63175781565e-08, 4.83704987175e-08, 1.93832105921e-09, 5.66410705005e-08, 3.88898264703e-08, 1.02232722288e-09, 9.70165281444e-09, 9.28110850396e-08, 2.88601391674e-08, 1.114163517e-08, 2.32531913724e-08, 4.54353319412e-08, 1.34439224198e-08, 2.45922482378e-09, 9.33127264346e-09, 1.1794269561e-08, 2.71598676882e-09, 8.11854805605e-10, 1.54946899755e-08, 1.53592765173e-08, 1.30967325873e-09, 1.39309663805e-09, 3.65331487284e-10, 2.32693886382e-09, 9.82319448006e-10, 8.4505719089e-10, 2.64376076586e-09, 3.85965126526e-09, 1.04399466849e-09, 1.78116388305e-09, 1.65601332647e-09, 1.86873316821e-09, 8.38322578023e-10, 2.28340613084e-09, 6.75855316157e-10, 3.72493924594e-10, 2.26906249345e-09, 8.91964418992e-11, 2.410879274e-10, 5.17002329836e-10, 1.83461162928e-10, 3.10275555249e-11, 5.38759419022e-11, 1.15161401248e-10, 7.93948448652e-11, 4.6733505954e-10, 6.21120238575e-11, 2.52503972592e-11, 3.25127806622e-11, 1.27536731176e-10, 2.05353425237e-11, 3.34617819564e-11, 8.69794791747e-11, 5.11627684663e-11, 2.97445852671e-11, 9.85335493753e-11, 1.63317623314e-11, 1.59968375352e-11, 2.94878739482e-11, 1.11556024834e-11, 7.83009074246e-12, 4.18206337616e-11, 2.65047428449e-11, 4.6243221058e-11, 1.4509672977e-11, 3.05967647052e-11, 6.08135625191e-11, 4.02908956199e-11, 9.4116908711e-11, 4.00951494228e-11, 2.76194345172e-11, 1.22518748619e-11, 2.55066280597e-11, 7.39466994581e-12, 1.0681357708e-11, 2.66030919516e-10, 3.18177567626e-11, 2.40028153603e-11, 1.43630571846e-12, 9.44571569399e-13, 9.40543433067e-13, 7.95025720604e-13, 8.99185185945e-13, 1.04773004508e-12, 8.88252633339e-13, 9.8256548297e-13, 8.1448199964e-13, 1.04985052769e-12, 8.88389459653e-13, 9.4827531244e-13, 9.168643492e-13],
        "stdev": [5.68267114431e-06, 8.60590225784e-05, 0.000514577608556, 0.00168050313368, 0.00156384205911, 0.000558701111004, 0.000318478210829, 0.000442167103756, 0.000402852077968, 0.000312990392558, 0.000472983054351, 0.00113831227645, 0.000926349079236, 0.00043928771629, 0.00075851631118, 0.000602333981078, 0.000538734486327, 0.000754291249905, 0.0020503026899, 0.000949950481299, 0.00134204723872, 0.00181409891229, 0.000901237770449, 0.00126475223806, 0.00102930248249, 0.000983032630756, 0.000557896099053, 0.000378460070351, 0.00107693660539, 0.000546483322978, 0.000569957657717, 0.000486042059492, 0.000277429178823, 0.000186229255632, 0.000535343831871, 0.000393883732613, 0.000200486450922, 0.000339514401276, 0.000109322631033, 0.000383400823921, 0.000325838045683, 0.000299687933875, 0.000164559765835, 0.000199569505639, 0.000260732660536, 0.000159168514074, 6.2773557147e-05, 8.41692308313e-05, 0.000115117276437, 8.26038522064e-05, 7.79222173151e-05, 7.38848539186e-05, 0.000151321524754, 0.000110393462819, 6.32446972304e-05, 0.000119923504826, 8.56001206557e-05, 6.63335013087e-05, 6.3787381805e-05, 5.70921874896e-05, 3.37810743076e-05, 2.58503278019e-05, 2.21218706429e-05, 1.97169629246e-05, 3.23823878716e-05, 1.33229550556e-05, 6.27397412245e-06, 7.61979572417e-06, 4.93106426802e-06, 2.9427528716e-06, 1.9240317215e-06, 3.01757131638e-06, 1.33720925533e-06, 1.41689463362e-06, 7.05585307514e-07, 6.41116173483e-07, 3.96460535512e-07, 5.31088858224e-07, 1.99615215024e-07, 1.52896348027e-07, 2.37959341121e-07, 2.08171798022e-07, 2.51111174521e-07, 1.25860964317e-07, 1.44278175185e-07, 1.41169110179e-07, 1.50469020355e-07, 1.03769863813e-07, 8.25020762818e-08, 1.27085769464e-07, 1.15671241474e-07, 6.6848087954e-08, 5.50605641081e-08, 4.79485358085e-08, 3.54812534908e-08, 1.48262451205e-08, 1.31276101101e-08, 1.36404301188e-08, 1.77429235748e-08, 6.41733288731e-09, 4.74741668199e-09, 4.03283229033e-09, 4.46673276144e-09, 4.41132419482e-09, 4.33873026395e-09, 3.58365381814e-09, 4.11913614329e-09, 3.88126331075e-09, 3.61318819309e-09, 3.83052389807e-09, 3.36770100695e-09, 3.52307538698e-09, 2.82548850983e-09, 2.57312859908e-09, 1.29953159345e-09, 3.09507225404e-10, 1.48762599461e-11, 8.86005505074e-12, 8.66062516841e-12, 8.29315002088e-12, 8.15205455224e-12, 7.9536516262e-12, 7.77466199059e-12, 7.57524945549e-12, 7.49566120978e-12, 7.40743143907e-12, 7.36168938309e-12, 7.32031969763e-12]
    },
    "mfcc": {
        "mean": [-682.118347168, 189.514633179, -46.0570983887, 10.5779018402, 3.11967515945, -10.9980583191, -2.82731318474, 10.7270755768, -3.02512598038, 2.17946839333, 2.40758919716, 2.91291213036, -1.41645228863],
        "cov": [[2784.60131836, -168.79095459, -1180.10791016, 214.870651245, -197.353744507, -22.7782917023, -86.4476470947, -0.991968095303, -230.578018188, 190.069396973, 45.4705619812, 67.5279388428, -33.9116249084], [-168.79095459, 384.178131104, 69.8738021851, -74.7961196899, 125.589477539, -71.9733352661, 6.68755102158, 16.711769104, 65.8282623291, -11.7759971619, 56.0333366394, 9.82306194305, 13.8823900223], [-1180.10791016, 69.8738021851, 772.155029297, 3.22011852264, 60.3489112854, 121.915718079, 120.790794373, 51.4812278748, 118.796607971, -42.245098114, -14.8508863449, 3.0190205574, 37.1838493347], [214.870651245, -74.7961196899, 3.22011852264, 205.437225342, 64.918296814, 77.8901290894, 32.0085868835, 26.7443618774, 14.0826969147, 40.3204841614, 4.9883518219, 19.9240531921, 10.453130722], [-197.353744507, 125.589477539, 60.3489112854, 64.918296814, 270.695831299, 51.6311149597, -16.0387897491, 13.8845872879, 76.0000305176, 12.2319326401, 44.4513473511, 22.5845069885, 9.61123847961], [-22.7782917023, -71.9733352661, 121.915718079, 77.8901290894, 51.6311149597, 188.283905029, 103.2449646, 37.1881370544, 31.2013339996, 51.2979202271, 28.7820568085, 38.9501113892, 18.0099258423], [-86.4476470947, 6.68755102158, 120.790794373, 32.0085868835, -16.0387897491, 103.2449646, 239.423751831, 126.314979553, 10.3610305786, 28.1044025421, 42.9704551697, 41.1451759338, 14.2900056839], [-0.991968095303, 16.711769104, 51.4812278748, 26.7443618774, 13.8845872879, 37.1881370544, 126.314979553, 165.802886963, 48.3488845825, -14.6656608582, 39.7645225525, 44.6374320984, 14.9610614777], [-230.578018188, 65.8282623291, 118.796607971, 14.0826969147, 76.0000305176, 31.2013339996, 10.3610305786, 48.3488845825, 126.981628418, 1.88154160976, 24.0105075836, 21.7214164734, 15.159116745], [190.069396973, -11.7759971619, -42.245098114, 40.3204841614, 12.2319326401, 51.2979202271, 28.1044025421, -14.6656608582, 1.88154160976, 139.691421509, 53.1457252502, 9.16120624542, -1.61478102207], [45.4705619812, 56.0333366394, -14.8508863449, 4.9883518219, 44.4513473511, 28.7820568085, 42.9704551697, 39.7645225525, 24.0105075836, 53.1457252502, 112.001609802, 46.6025314331, 9.11261940002], [67.5279388428, 9.82306194305, 3.0190205574, 19.9240531921, 22.5845069885, 38.9501113892, 41.1451759338, 44.6374320984, 21.7214164734, 9.16120624542, 46.6025314331, 86.4155044556, 30.4443359375], [-33.9116249084, 13.8823900223, 37.1838493347, 10.453130722, 9.61123847961, 18.0099258423, 14.2900056839, 14.9610614777, 15.159116745, -1.61478102207, 9.11261940002, 30.4443359375, 67.1059570312]],
        "icov": [[0.0037270502653, -0.00353408581577, 0.00530760921538, -0.0044319187291, 0.00452262535691, -0.00494226161391, 0.00433960277587, -0.00447366666049, 0.00393599411473, -0.00310814310797, 0.0021750011947, -0.00257841637358, 0.00102635624353], [-0.00353408581577, 0.00869690347463, -0.00533292070031, 0.00595604395494, -0.00730403838679, 0.00879816990346, -0.00673985946923, 0.00586967356503, -0.00558450864628, 0.00294151715934, -0.00386651908047, 0.00261468440294, -0.00207523652352], [0.00530760921538, -0.00533292070031, 0.00960659515113, -0.00612444477156, 0.0065850187093, -0.00826203636825, 0.00489731272683, -0.00535483984277, 0.00359810143709, -0.00325535493903, 0.00342320930213, -0.00268020690419, 0.000701497774571], [-0.0044319187291, 0.00595604395494, -0.00612444477156, 0.0126295508817, -0.00795606989413, 0.00483721634373, -0.00519923074171, 0.00386616983451, -0.00436194473878, 0.00153906608466, -0.000674832495861, 0.00245266454294, -0.00195768848062], [0.00452262535691, -0.00730403838679, 0.0065850187093, -0.00795606989413, 0.0126228034496, -0.00948646105826, 0.00786911137402, -0.00574894854799, 0.00311044533737, -0.0024954546243, 0.000948513974436, -0.00264757522382, 0.00204074312933], [-0.00494226161391, 0.00879816990346, -0.00826203636825, 0.00483721634373, -0.00948646105826, 0.0201994646341, -0.0121524864808, 0.00954640097916, -0.00753813656047, 0.00162091862876, -0.00298081152141, 0.000336048891768, -0.00210186676122], [0.00433960277587, -0.00673985946923, 0.00489731272683, -0.00519923074171, 0.00786911137402, -0.0121524864808, 0.0180283691734, -0.0150250848383, 0.00974924210459, -0.00585092138499, 0.00266658188775, -0.00296029401943, 0.00196646642871], [-0.00447366666049, 0.00586967356503, -0.00535483984277, 0.00386616983451, -0.00574894854799, 0.00954640097916, -0.0150250848383, 0.0216271318495, -0.0115118054673, 0.00847241375595, -0.00593369593844, 0.000958309276029, -0.0012955609709], [0.00393599411473, -0.00558450864628, 0.00359810143709, -0.00436194473878, 0.00311044533737, -0.00753813656047, 0.00974924210459, -0.0115118054673, 0.0186771452427, -0.00523906759918, 0.00284339045174, -0.00363123859279, 0.000814176397398], [-0.00310814310797, 0.00294151715934, -0.00325535493903, 0.00153906608466, -0.0024954546243, 0.00162091862876, -0.00585092138499, 0.00847241375595, -0.00523906759918, 0.0150238787755, -0.00892595946789, 0.00502441637218, -0.000858045183122], [0.0021750011947, -0.00386651908047, 0.00342320930213, -0.000674832495861, 0.000948513974436, -0.00298081152141, 0.00266658188775, -0.00593369593844, 0.00284339045174, -0.00892595946789, 0.0192372296005, -0.00927357189357, 0.00226427754387], [-0.00257841637358, 0.00261468440294, -0.00268020690419, 0.00245266454294, -0.00264757522382, 0.000336048891768, -0.00296029401943, 0.000958309276029, -0.00363123859279, 0.00502441637218, -0.00927357189357, 0.0224848110229, -0.00803540088236], [0.00102635624353, -0.00207523652352, 0.000701497774571, -0.00195768848062, 0.00204074312933, -0.00210186676122, 0.00196646642871, -0.0012955609709, 0.000814176397398, -0.000858045183122, 0.00226427754387, -0.00803540088236, 0.0190413501114]]
    },
    "spectral_contrast_coeffs": {
        "max": [-0.369686841965, -0.464062422514, -0.533937871456, -0.53689044714, -0.49333781004, -0.588977396488],
        "mean": [-0.700124144554, -0.733018100262, -0.720766484737, -0.749867141247, -0.702132165432, -0.707700908184],
        "min": [-0.903662383556, -0.900097966194, -0.884452164173, -0.888646245003, -0.884279251099, -0.893634021282],
        "stdev": [0.0744365900755, 0.0751887485385, 0.0589131526649, 0.0550969466567, 0.0628822669387, 0.0390199273825]
    },
    "spectral_contrast_valleys": {
        "max": [-5.79852724075, -4.87538576126, -5.42567396164, -5.75784826279, -6.69057130814, -11.5671691895],
        "mean": [-7.02951574326, -6.41431713104, -7.05399656296, -7.60660362244, -8.53980350494, -12.9602985382],
        "min": [-9.84916400909, -8.66297340393, -9.5057849884, -10.7158985138, -10.9193897247, -13.9351825714],
        "stdev": [0.610909819603, 0.565208256245, 0.611315131187, 0.754296958447, 0.839587271214, 0.374231040478]
    }
},
"rhythm": {
    "beats_count": 47,
    "beats_loudness": {
        "max": 0.0727894604206,
        "mean": 0.0295883342624,
        "min": 0.00209207832813,
        "stdev": 0.0163504630327
    },
    "bpm": 117.453842163,
    "bpm_histogram_first_peak_bpm": 117,
    "bpm_histogram_first_peak_weight": 0,
    "bpm_histogram_second_peak_bpm": 85,
    "bpm_histogram_second_peak_spread": 0.357142865658,
    "bpm_histogram_second_peak_weight": 0.195652171969,
    "danceability": 1.01627504826,
    "onset_rate": 2.09179663658,
    "beats_loudness_band_ratio": {
        "max": [0.956280469894, 0.536527216434, 0.779100418091, 0.696657538414, 0.435206770897, 0.0976370945573],
        "mean": [0.231032133102, 0.128950849175, 0.333561509848, 0.21459338069, 0.115965090692, 0.0109222745523],
        "min": [0.000721141404938, 0.00916858110577, 0.0165183320642, 0.00799882505089, 0.00204054941423, 0.000440782401711],
        "stdev": [0.211494669318, 0.11352404952, 0.191708728671, 0.162861779332, 0.0966431200504, 0.0157521627843]
    },
    "beats_position": [0.510838985443, 1.02167797089, 1.53251695633, 2.04335594177, 2.55419492722, 3.06503391266, 3.5758728981, 4.08671188354, 4.59755086899, 5.10838985443, 5.61922883987, 6.19972801208, 6.78022670746, 7.36072540283, 8.0224943161, 8.68426322937, 9.42730140686, 10.1587295532, 10.9133787155, 11.656416893, 12.3994560242, 13.1541042328, 13.9319725037, 14.7214508057, 15.4993190765, 16.2887973785, 17.0666656494, 17.8561439514, 18.6340141296, 19.4351024628, 20.2245807648, 21.0140590668, 21.8035373688, 22.616235733, 23.4289340973, 24.2416324615, 25.0427207947, 25.7509288788, 26.470746994, 27.1789569855, 27.8871650696, 28.5837631226, 29.291973114, 29.988571167, 30.6967792511, 31.4049873352, 32.1131973267],
