{
"metadata": {
    "version": {
        "essentia": "2.1-beta5",
        "essentia_git_sha": "Undefined",
        "extractor": "music 2.0"
    },
    "audio_properties": {
        "analysis": {
            "equal_loudness": 0,
            "length": 32.4963264465,
            "sample_rate": 44100,
            "start_time": 110.248344421,
            "downmix": "mix"
        },
        "bit_rate": 192000,
        "length": 166.556732178,
        "lossless": 0,
        "number_channels": 2,
        "replay_gain": -7.14157295227,
        "sample_rate": 44100,
        "codec": "mp3",
        "md5_encoded": "a4fc5da66ad3766217569134c259d1ee"
    },
    "tags": {
        "file_name": "Austria_Falter Im Wind_The Milestones.mp3",
        "encoding": ["Lavf58.29.100"]
    }
},
"lowlevel": {
    "average_loudness": 0.954001307487,
    "barkbands_crest": {
        "max": 17.9352931976,
        "mean": 7.01821327209,
        "min": 3.07025051117,
        "stdev": 2.34170413017
    },
    "barkbands_flatness_db": {
        "max": 0.201169028878,
        "mean": 0.127308160067,
        "min": 0.0610823817551,
        "stdev": 0.0184640306979
    },
    "barkbands_kurtosis": {
        "max": 15.6214733124,
        "mean": 0.262487709522,
        "min": -1.73813521862,
        "stdev": 1.50711381435
    },
    "barkbands_skewness": {
        "max": 3.89116930962,
        "mean": 0.820585906506,
        "min": -0.921280562878,
        "stdev": 0.660028815269
    },
    "barkbands_spread": {
        "max": 69.8539199829,
        "mean": 26.1564006805,
        "min": 8.21317386627,
        "stdev": 7.49121809006
    },
    "dissonance": {
        "max": 0.499311536551,
        "mean": 0.472677081823,
        "min": 0.358341127634,
        "stdev": 0.0167614165694
    },
    "dynamic_complexity": 1.56745803356,
    "erbbands_crest": {
        "max": 25.3060073853,
        "mean": 7.91575908661,
        "min": 2.71153068542,
        "stdev": 3.66900205612
    },
    "erbbands_flatness_db": {
        "max": 0.276475161314,
        "mean": 0.173850372434,
        "min": 0.10180220753,
        "stdev": 0.0303276833147
    },
    "erbbands_kurtosis": {
        "max": 4.73621034622,
        "mean": -0.121517121792,
        "min": -1.69884192944,
        "stdev": 0.96418607235
    },
    "erbbands_skewness": {
        "max": 1.3980588913,
        "mean": -0.041072960943,
        "min": -2.13471770287,
        "stdev": 0.439557045698
    },
    "erbbands_spread": {
        "max": 102.296234131,
        "mean": 36.2142982483,
        "min": 8.32106304169,
        "stdev": 15.1456689835
    },
    "hfc": {
        "max": 94.3811569214,
        "mean": 28.9624118805,
        "min": 0.713970541954,
        "stdev": 14.0324811935
    },
    "loudness_ebu128": {
        "integrated": -15.9139862061,
        "loudness_range": 2.80278968811,
        "momentary": {
            "max": -12.9400253296,
            "mean": -16.1172008514,
            "min": -19.2366657257,
            "stdev": 1.33241140842
        },
        "short_term": {
            "max": -14.0470190048,
            "mean": -15.9836406708,
            "min": -17.817483902,
            "stdev": 0.973777294159
        }
    },
    "melbands_crest": {
        "max": 25.4067802429,
        "mean": 11.1843643188,
        "min": 3.78801321983,
        "stdev": 4.03870391846
    },
    "melbands_flatness_db": {
        "max": 0.248020857573,
        "mean": 0.153563514352,
        "min": 0.0849032849073,
        "stdev": 0.0266700536013
    },
    "melbands_kurtosis": {
        "max": 71.4374313354,
        "mean": 4.73363113403,
        "min": -1.46799337864,
        "stdev": 5.92232704163
    },
    "melbands_skewness": {
        "max": 7.54357624054,
        "mean": 1.80689013004,
        "min": -0.677724480629,
        "stdev": 1.04854547977
    },
    "melbands_spread": {
        "max": 91.1434326172,
        "mean": 31.6771678925,
        "min": 6.19671201706,
        "stdev": 10.4800424576
    },
    "pitch_salience": {
        "max": 0.809068918228,
        "mean": 0.573827505112,
        "min": 0.283254772425,
        "stdev": 0.0814351662993
    },
    "silence_rate_20dB": {
        "max": 1,
        "mean": 1,
        "min": 1,
        "stdev": 0
    },
    "silence_rate_30dB": {
        "max": 1,
        "mean": 1,
        "min": 1,
        "stdev": 0
    },
    "silence_rate_60dB": {
        "max": 0,
        "mean": 0,
        "min": 0,
        "stdev": 0
    },
    "spectral_centroid": {
        "max": 3413.13696289,
        "mean": 1649.56335449,
        "min": 684.745666504,
        "stdev": 388.414031982
    },
    "spectral_complexity": {
        "max": 48,
        "mean": 26.1277656555,
        "min": 2,
        "stdev": 5.48817586899
    },
    "spectral_decrease": {
        "max": -2.10716222249e-10,
        "mean": -7.31828064815e-09,
        "min": -2.33423751439e-08,
        "stdev": 3.03292080339e-09
    },
    "spectral_energy": {
        "max": 0.0925408229232,
        "mean": 0.0302478615195,
        "min": 0.000860050902702,
        "stdev": 0.0124354735017
    },
    "spectral_energyband_high": {
        "max": 0.00699927005917,
        "mean": 0.000912724935915,
        "min": 1.60314993991e-05,
        "stdev": 0.000660170800984
    },
    "spectral_energyband_low": {
        "max": 0.0270046722144,
        "mean": 0.00623513851315,
        "min": 7.75000662543e-05,
        "stdev": 0.00493169669062
    },
    "spectral_energyband_middle_high": {
        "max": 0.0617773942649,
        "mean": 0.0112421130762,
        "min": 0.000235658400925,
        "stdev": 0.00881438702345
    },
    "spectral_energyband_middle_low": {
        "max": 0.0715581551194,
        "mean": 0.0130901196972,
        "min": 0.00038161710836,
        "stdev": 0.0074219070375
    },
    "spectral_entropy": {
        "max": 8.61361885071,
        "mean": 7.64094495773,
        "min": 7.04828023911,
        "stdev": 0.218937456608
    },
    "spectral_flux": {
        "max": 0.232278212905,
        "mean": 0.0949173122644,
        "min": 0.0391233302653,
        "stdev": 0.0279588568956
    },
    "spectral_kurtosis": {
        "max": 14.8446445465,
        "mean": 3.04854369164,
        "min": -0.386037111282,
        "stdev": 1.76422405243
    },
    "spectral_rms": {
        "max": 0.00950177479535,
        "mean": 0.00531319482252,
        "min": 0.000916009885259,
        "stdev": 0.00113138603047
    },
    "spectral_rolloff": {
        "max": 6115.4296875,
        "mean": 1787.60827637,
        "min": 215.33203125,
        "stdev": 737.875427246
    },
    "spectral_skewness": {
        "max": 2.94382929802,
        "mean": 1.16362261772,
        "min": -0.00146203709301,
        "stdev": 0.267931759357
    },
    "spectral_spread": {
        "max": 18136396,
        "mean": 3765987.25,
        "min": 2260495.5,
        "stdev": 811663.625
    },
    "spectral_strongpeak": {
        "max": 11.0304174423,
        "mean": 1.33674955368,
        "min": 0.00866483803838,
        "stdev": 1.77029037476
    },
    "zerocrossingrate": {
        "max": 0.1318359375,
        "mean": 0.0650686174631,
        "min": 0.01318359375,
        "stdev": 0.0138806411996
    },
    "barkbands": {
        "max": [0.000190678430954, 0.0189348757267, 0.0151160955429, 0.0372825525701, 0.0397486314178, 0.0249319430441, 0.0139602925628, 0.0221161935478, 0.0160301271826, 0.0298676714301, 0.0118688363582, 0.0142100788653, 0.0232125949115, 0.0208671614528, 0.0281352289021, 0.0171818472445, 0.00697441957891, 0.00489660492167, 0.00395008409396, 0.00389637658373, 0.00219883746468, 0.00231196917593, 0.00150696653873, 0.000501737871673, 8.59494393808e-05, 5.10408244736e-06, 1.09855409391e-06],
        "mean": [1.56677142513e-05, 0.00218736310489, 0.00294544734061, 0.0028020106256, 0.0035187182948, 0.00180743285455, 0.00140882912092, 0.00170430599246, 0.00160224188585, 0.00202539283782, 0.000623728265055, 0.00130633788649, 0.00201343814842, 0.00132743117865, 0.00130503962282, 0.000594398938119, 0.000644459621981, 0.00071176799247, 0.000396953924792, 0.000658120727167, 0.000250724173384, 0.00020469215815, 0.000125958555145, 5.52395504201e-05, 1.04477703644e-05, 1.70705129676e-06, 2.14778861363e-09],
        "min": [5.06374533416e-08, 2.55727218246e-06, 1.02686444734e-05, 1.55181023729e-05, 0.000111555185867, 4.23265155405e-05, 1.28075862449e-05, 2.94861347356e-05, 3.04313634842e-05, 1.34405372592e-05, 7.41687654227e-06, 8.95676294022e-06, 2.20946858462e-05, 2.62218109128e-05, 2.36432570091e-05, 1.63127206179e-05, 3.01957061311e-05, 2.5440895115e-05, 6.16233364781e-06, 5.62055720366e-06, 4.25775760959e-06, 2.4221806143e-06, 5.00895248479e-06, 6.36045967894e-07, 3.23042684158e-07, 2.96957779256e-07, 2.5613228552e-11],
        "stdev": [1.93667783606e-05, 0.00286861765198, 0.00274691404775, 0.00368158752099, 0.00311266374774, 0.0019507817924, 0.00152267736848, 0.00242449087091, 0.00237755966373, 0.00319051137194, 0.00109816563781, 0.00171288847923, 0.0028521369677, 0.0022748792544, 0.00210496154614, 0.0011381044751, 0.000565569265746, 0.000646118249279, 0.000367699278286, 0.000674124166835, 0.000240104403929, 0.000214948639041, 0.000141860713484, 6.0966485762e-05, 1.07345922515e-05, 7.3306870263e-07, 3.09191605652e-08]
    },
    "erbbands": {
        "max": [0.298973441124, 5.23023414612, 18.4337520599, 53.0157966614, 156.507446289, 175.286361694, 128.956344604, 291.70501709, 188.66027832, 245.34967041, 451.164886475, 515.499389648, 587.23651123, 880.069213867, 444.417236328, 550.934936523, 936.088378906, 1418.32385254, 1745.03234863, 491.27557373, 1118.84069824, 268.259277344, 276.952636719, 249.616699219, 148.085586548, 223.601043701, 121.108192444, 128.161880493, 93.4668579102, 56.3307037354, 33.7382698059, 17.9266262054, 6.61531639099, 1.70450162888, 0.280482977629, 0.032154083252, 0.0101953530684, 0.000783302355558, 0.000161372474395, 0.000106480089016],
        "mean": [0.023522997275, 0.655618667603, 3.40670514107, 5.93540382385, 11.2483539581, 10.4762115479, 16.1370582581, 14.3233642578, 19.1003398895, 22.8526535034, 40.3051185608, 40.2444992065, 37.6786994934, 65.6208877563, 39.8842697144, 50.4213066101, 86.4742355347, 77.0722503662, 87.4379272461, 36.8262672424, 38.0181274414, 32.5326538086, 40.9389762878, 26.5570297241, 23.0965309143, 34.3002166748, 15.9733171463, 7.08691978455, 7.97741508484, 5.28302764893, 3.11261940002, 1.63537716866, 0.691116511822, 0.201943308115, 0.0359302870929, 0.0116102257743, 0.00255867885426, 8.01939459052e-05, 2.1602238121e-05, 3.75962772523e-05],
        "min": [0.000126408427604, 0.00245619216003, 0.0420797616243, 0.135833621025, 0.194985195994, 0.393725067377, 0.419164806604, 0.291070759296, 0.147213846445, 0.208346948028, 1.0513894558, 0.907715797424, 0.55315721035, 0.623486280441, 0.683734416962, 0.573084533215, 1.79792368412, 1.47460913658, 2.03658103943, 1.01940655708, 1.20105719566, 1.45345985889, 1.79834282398, 0.690923631191, 0.331567913294, 0.305636614561, 0.230763956904, 0.0943577587605, 0.102729856968, 0.192170858383, 0.0755751058459, 0.0184476487339, 0.0124743236229, 0.00362157425843, 0.00238735135645, 0.000994230038486, 0.000434559973655, 1.46502434291e-05, 4.74817488794e-06, 4.65123412141e-06],
        "stdev": [0.0304613038898, 0.815217673779, 3.26330447197, 5.99136018753, 14.0217409134, 10.8612155914, 16.2229213715, 17.7088222504, 20.6180381775, 25.4555149078, 48.4447402954, 61.5638046265, 56.0121574402, 102.552261353, 49.8329162598, 60.0481033325, 114.183174133, 143.825439453, 141.729202271, 42.4309120178, 71.3695220947, 28.8087711334, 35.0431175232, 23.9077758789, 19.6683864594, 35.451084137, 15.5437660217, 8.13950061798, 8.67771816254, 5.39827299118, 3.52687287331, 1.77746617794, 0.785386860371, 0.219464704394, 0.0285276472569, 0.00443080440164, 0.00158228131477, 4.85074815515e-05, 7.98069595476e-06, 1.49114530359e-05]
    },
    "gfcc": {
        "mean": [29.5788059235, 111.196220398, -154.941207886, 47.3615341187, -67.9382171631, 13.5877037048, -36.6276130676, -2.03986382484, -22.6508617401, -6.95295286179, -12.3233013153, -10.5570344925, -11.7239599228],
        "cov": [[415.927398682, 70.3054275513, -119.316703796, -18.6055450439, -17.2847957611, 87.6797561646, 75.5758132935, 23.4045848846, 10.1828603745, -1.58464074135, 97.2221069336, -99.8918533325, 46.2758979797], [70.3054275513, 181.284088135, -36.2974319458, -70.7652053833, 117.88117981, 3.00260543823, 85.4781570435, 29.5437469482, -7.87564229965, 20.6133441925, 22.0960350037, -26.2427425385, -3.23297286034], [-119.316703796, -36.2974319458, 293.36706543, 141.263000488, -41.2730255127, 25.5823497772, -73.4620361328, -19.4668922424, 36.6426925659, -9.28285503387, -67.2847900391, 71.7567443848, -34.0059165955], [-18.6055450439, -70.7652053833, 141.263000488, 211.683349609, -28.9755859375, -5.38108253479, -65.5333633423, -6.184882164, 50.938243866, -19.7219810486, -16.9873180389, 29.9364280701, 25.1495876312], [-17.2847957611, 117.88117981, -41.2730255127, -28.9755859375, 185.983154297, 5.13462591171, 57.2149429321, 35.5820579529, -1.52734649181, 30.1486549377, 6.50422382355, -1.4788351059, 5.87694597244], [87.6797561646, 3.00260543823, 25.5823497772, -5.38108253479, 5.13462591171, 162.585876465, 83.1913146973, 1.96122539043, 0.197906449437, 11.8617973328, 37.3143539429, -24.485244751, -3.08460378647], [75.5758132935, 85.4781570435, -73.4620361328, -65.5333633423, 57.2149429321, 83.1913146973, 168.382141113, 36.1125946045, -27.637802124, 22.3594303131, 48.0008583069, -44.5058403015, -10.280040741], [23.4045848846, 29.5437469482, -19.4668922424, -6.184882164, 35.5820579529, 1.96122539043, 36.1125946045, 68.3644714355, 28.323392868, 11.9405536652, 12.6100502014, -11.0813274384, 7.41971349716], [10.1828603745, -7.87564229965, 36.6426925659, 50.938243866, -1.52734649181, 0.197906449437, -27.637802124, 28.323392868, 78.405380249, 17.2220821381, -11.5639371872, 9.7322883606, 8.24245929718], [-1.58464074135, 20.6133441925, -9.28285503387, -19.7219810486, 30.1486549377, 11.8617973328, 22.3594303131, 11.9405536652, 17.2220821381, 57.9343681335, 23.8038234711, 0.772176861763, 2.76779913902], [97.2221069336, 22.0960350037, -67.2847900391, -16.9873180389, 6.50422382355, 37.3143539429, 48.0008583069, 12.6100502014, -11.5639371872, 23.8038234711, 89.7255935669, -18.742767334, 22.9344100952], [-99.8918533325, -26.2427425385, 71.7567443848, 29.9364280701, -1.4788351059, -24.485244751, -44.5058403015, -11.0813274384, 9.7322883606, 0.772176861763, -18.742767334, 94.2899246216, 5.73298168182], [46.2758979797, -3.23297286034, -34.0059165955, 25.1495876312, 5.87694597244, -3.08460378647, -10.280040741, 7.41971349716, 8.24245929718, 2.76779913902, 22.9344100952, 5.73298168182, 71.8708953857]],
        "icov": [[0.0066840806976, -0.00674183806404, 0.00386752607301, -0.00305632175878, 0.00465717259794, -0.00520485872403, 0.00355771090835, -0.00171196309384, -0.000197498797206, 0.000853974255733, -0.0024344867561, 0.00302783376537, -0.00110105704516], [-0.00674183806404, 0.0338328592479, -0.0212063789368, 0.0207508467138, -0.0224141720682, 0.0214734245092, -0.0209075547755, 0.0153469806537, -0.0182312056422, 0.0149662969634, -0.0137737933546, 0.00849290657789, -0.00802047457546], [0.00386752607301, -0.0212063789368, 0.025084875524, -0.0208435691893, 0.0157231669873, -0.0194483399391, 0.0166663359851, -0.0136968819425, 0.0163999069482, -0.0153165590018, 0.0165553428233, -0.0118158701807, 0.0117647359148], [-0.00305632175878, 0.0207508467138, -0.0208435691893, 0.0251575876027, -0.0150198023766, 0.0163180548698, -0.0141512388363, 0.0142529997975, -0.0206324663013, 0.0176041014493, -0.0152993807569, 0.0090524116531, -0.0114829130471], [0.00465717259794, -0.0224141720682, 0.0157231669873, -0.0150198023766, 0.0223231650889, -0.014599817805, 0.0121808452532, -0.01394484099, 0.0147301536053, -0.0145336603746, 0.0123357428238, -0.00708023924381, 0.00491707166657], [-0.00520485872403, 0.0214734245092, -0.0194483399391, 0.0163180548698, -0.014599817805, 0.0267488826066, -0.0213797912002, 0.0163199044764, -0.0175939816982, 0.0129715446383, -0.0141653567553, 0.00798154529184, -0.00759416492656], [0.00355771090835, -0.0209075547755, 0.0166663359851, -0.0141512388363, 0.0121808452532, -0.0213797912002, 0.0292450934649, -0.019431669265, 0.0205038134009, -0.0140944048762, 0.00913627073169, -0.00484613049775, 0.00954436790198], [-0.00171196309384, 0.0153469806537, -0.0136968819425, 0.0142529997975, -0.01394484099, 0.0163199044764, -0.019431669265, 0.0361698530614, -0.0267442464828, 0.0149534009397, -0.0136529365554, 0.00787251722068, -0.00812830310315], [-0.000197498797206, -0.0182312056422, 0.0163999069482, -0.0206324663013, 0.0147301536053, -0.0175939816982, 0.0205038134009, -0.0267442464828, 0.0428849384189, -0.0257487818599, 0.020323144272, -0.00970168225467, 0.00838276185095], [0.000853974255733, 0.0149662969634, -0.0153165590018, 0.0176041014493, -0.0145336603746, 0.0129715446383, -0.0140944048762, 0.0149534009397, -0.0257487818599, 0.0397166013718, -0.0220411550254, 0.00777504406869, -0.00726170605049], [-0.0024344867561, -0.0137737933546, 0.0165553428233, -0.0152993807569, 0.0123357428238, -0.0141653567553, 0.00913627073169, -0.0136529365554, 0.020323144272, -0.0220411550254, 0.0340925566852, -0.0102962739766, 0.00369468168356], [0.00302783376537, 0.00849290657789, -0.0118158701807, 0.0090524116531, -0.00708023924381, 0.00798154529184, -0.00484613049775, 0.00787251722068, -0.00970168225467, 0.00777504406869, -0.0102962739766, 0.0223078746349, -0.00859093479812], [-0.00110105704516, -0.00802047457546, 0.0117647359148, -0.0114829130471, 0.00491707166657, -0.00759416492656, 0.00954436790198, -0.00812830310315, 0.00838276185095, -0.00726170605049, 0.00369468168356, -0.00859093479812, 0.0241475794464]]
    },
    "melbands": {
        "max": [0.00366418762133, 0.00758955674246, 0.0132871521637, 0.00976576376706, 0.00399835500866, 0.00584083423018, 0.00300357444212, 0.00306132156402, 0.00345315807499, 0.00310825114138, 0.00338117871433, 0.00384296127595, 0.00193892885, 0.00179165415466, 0.00181259168312, 0.00268732476979, 0.00232702260837, 0.00263187498786, 0.000982535770163, 0.000573330500629, 0.00176545593422, 0.000339115416864, 0.000295463396469, 0.000353458424797, 0.000252903759247, 0.000125277903862, 0.000150068866787, 0.000159205810633, 0.000126302271383, 4.12720728491e-05, 9.02658139239e-05, 6.79323056829e-05, 3.13266973535e-05, 3.74959236069e-05, 2.30379228014e-05, 1.31436945594e-05, 1.07936602944e-05, 5.94643415752e-06, 3.21034372064e-06, 1.31738738673e-06],
        "mean": [0.000401121826144, 0.00145418930333, 0.0012554214336, 0.000766340526752, 0.000554746366106, 0.000318854523357, 0.000295679405099, 0.000286675465759, 0.000319278100505, 0.000237933316384, 0.000192440085812, 0.000284933747025, 0.000115226641356, 0.000157832197146, 0.00014770909911, 0.000191276863916, 0.000132550034323, 0.000145603014971, 6.6060856625e-05, 3.71370952053e-05, 4.52173444501e-05, 2.79980722553e-05, 4.46976337116e-05, 3.45240878232e-05, 1.95536758838e-05, 1.51235926751e-05, 2.13726543734e-05, 2.15956388274e-05, 1.19745391203e-05, 4.79597429148e-06, 3.78391200684e-06, 4.62595653516e-06, 3.62158971257e-06, 2.80969743471e-06, 1.89192894595e-06, 1.29641296098e-06, 8.7276822569e-07, 5.19301636359e-07, 2.99840792195e-07, 1.23794535511e-07],
        "min": [1.07405389826e-06, 1.6905438315e-05, 3.0854553188e-05, 2.43634731305e-05, 1.608970706e-05, 6.58367844153e-06, 2.42827832153e-06, 2.22433686758e-06, 5.64010406379e-06, 4.23125493398e-06, 2.22126823246e-06, 1.75133152425e-06, 1.98278030439e-06, 1.13926478207e-06, 1.99332771444e-06, 2.53698749475e-06, 2.28811245506e-06, 2.9202785754e-06, 2.2488434297e-06, 7.81267431194e-07, 9.47631917825e-07, 1.3593814856e-06, 2.04056891562e-06, 1.12021643872e-06, 4.52551176977e-07, 2.27929078278e-07, 2.23084725803e-07, 1.97712395789e-07, 1.25884511704e-07, 1.21599569525e-07, 3.14685273395e-08, 5.4031470853e-08, 5.13622424592e-08, 1.36950234264e-07, 4.94278609153e-08, 2.0745821061e-08, 7.15765713366e-09, 1.01151833576e-08, 4.72069539015e-09, 2.55537613292e-09],
        "stdev": [0.000519321474712, 0.00135308934841, 0.00134121335577, 0.000743665674236, 0.00053890014533, 0.000379398290534, 0.000316389399813, 0.000356710195774, 0.000359660916729, 0.00037002901081, 0.000298563216347, 0.000460111390566, 0.000164843571838, 0.00020333113207, 0.000193429703359, 0.000298749189824, 0.00025246781297, 0.000242925467319, 8.47227565828e-05, 5.22890477441e-05, 9.41121397773e-05, 2.79869273072e-05, 4.11055661971e-05, 3.66236490663e-05, 2.04108346225e-05, 1.4648276192e-05, 2.2205969799e-05, 2.27857308346e-05, 1.49098432303e-05, 4.31271882917e-06, 5.53971631234e-06, 5.55627502763e-06, 3.44726049661e-06, 3.25500081999e-06, 2.29073930313e-06, 1.444703571e-06, 9.94375113805e-07, 6.05741320214e-07, 3.48831150632e-07, 1.39297853252e-07]
    },
    "melbands128": {
        "max": [0.000137121416628, 0.0012748867739, 0.00640167901292, 0.011028887704, 0.0114623690024, 0.00742066930979, 0.0115435356274, 0.0241887960583, 0.0174787603319, 0.00877246633172, 0.0124303521588, 0.00650511449203, 0.00524376891553, 0.00766825070605, 0.00822722166777, 0.00706812273711, 0.00524361524731, 0.00492339488119, 0.00533061800525, 0.00328878872097, 0.00624529644847, 0.00841333996505, 0.00477565033361, 0.00411051185802, 0.00605661841109, 0.00507031520829, 0.004401542712, 0.00568668590859, 0.00970137305558, 0.00737163797021, 0.00387127744034, 0.00222628889605, 0.00406080624089, 0.00239237374626, 0.00353559060022, 0.00253553246148, 0.0023537625093, 0.00294125638902, 0.00384107534774, 0.00377504806966, 0.00267628626898, 0.00972682051361, 0.00264069391415, 0.00379585358314, 0.00442777294666, 0.00446705846116, 0.00481802131981, 0.000982038327493, 0.00116725463886, 0.00133986026049, 0.000595573917963, 0.00161103100982, 0.00202047103085, 0.00274163950235, 0.00100689323153, 0.00040442077443, 0.000437370385043, 0.000604905362707, 0.000429334730143, 0.000675219343975, 0.000826436153147, 0.000683802121785, 0.000429943349445, 0.000400591437938, 0.000415572663769, 0.000229575525736, 0.000194539636141, 0.000239804299781, 0.000291702133836, 0.000469153746963, 0.000391380948713, 0.000235179948504, 0.000372322101612, 0.000154192355694, 7.18201699783e-05, 6.07905203651e-05, 5.1290691772e-05, 9.23367260839e-05, 0.000103129277704, 0.000126488914248, 0.000120988486742, 6.25521279289e-05, 6.6300664912e-05, 2.5709548936e-05, 3.68058535969e-05, 3.34294818458e-05, 7.18225055607e-05, 3.93923110096e-05, 2.55374816334e-05, 1.79273538379e-05, 1.53922901518e-05, 1.74331817107e-05, 9.224331734e-06, 1.59539977176e-05, 1.13655014502e-05, 8.82000585989e-06, 7.00556847733e-06, 6.54142240819e-06, 3.42375983564e-06, 3.34091168952e-06, 2.28666294788e-06, 1.44704006289e-06, 9.02317140117e-07, 6.18633350769e-07, 1.89146874163e-07, 1.30980581048e-07, 9.42268627568e-08, 8.38000033809e-08, 1.13434268201e-07, 8.02060995397e-08, 7.52404645255e-08, 5.04085910791e-08, 4.55353834639e-08, 9.32545685117e-09, 6.63128796319e-09, 5.85240345075e-09, 5.47326006739e-09, 5.20280263316e-09, 5.02614838638e-09, 4.86199835947e-09, 4.70862770996e-09, 4.59816407172e-09, 4.50360326809e-09, 4.43596759325e-09, 4.3625787427e-09, 4.31539159962e-09, 4.26593071978e-09, 4.24991553061e-09],
        "mean": [1.20745989989e-05, 8.32641380839e-05, 0.000403466168791, 0.00129077595193, 0.00188579992391, 0.00125200534239, 0.00104979693424, 0.00158064079005, 0.00112614512909, 0.000696637667716, 0.000512427533977, 0.000601138512138, 0.000597351172473, 0.00045384792611, 0.000338944315445, 0.000239235349, 0.000213908322621, 0.000397507596062, 0.000257562089246, 0.000198556008399, 0.000316852121614, 0.000507670338266, 0.00023206185142, 0.000242252543103, 0.0003426358453, 0.000174618442543, 0.000176419780473, 0.00013056640455, 0.000232737118495, 0.000471209845273, 0.000213761653868, 0.000103829610453, 0.000118123803986, 7.61507981224e-05, 0.000240570749156, 0.000150311025209, 0.000100247139926, 6.64009203319e-05, 0.000280953740003, 0.000188052639714, 0.000124028258142, 0.000286994036287, 9.04826811166e-05, 8.26503601274e-05, 0.000138698160299, 0.000169223436387, 0.000165739853401, 3.19484024658e-05, 4.24718055001e-05, 6.06357280049e-05, 1.69540635397e-05, 3.27074703819e-05, 7.17223083484e-05, 3.53370996891e-05, 2.70311957138e-05, 1.8791979528e-05, 2.90450097964e-05, 6.86529456289e-05, 3.75548333977e-05, 2.86579943349e-05, 4.13717862102e-05, 3.21125917253e-05, 2.34915405599e-05, 1.51553504111e-05, 1.49254510688e-05, 1.33040530272e-05, 1.79282087629e-05, 1.35954878715e-05, 1.67320831679e-05, 4.21438635385e-05, 2.26294014283e-05, 1.08976028059e-05, 1.51536114572e-05, 1.38916111609e-05, 5.78701246923e-06, 5.15192641615e-06, 4.24127529186e-06, 3.26728036271e-06, 3.67970642401e-06, 4.28980138167e-06, 4.17876708525e-06, 5.13918166689e-06, 5.06916376253e-06, 3.13431928589e-06, 2.79360733657e-06, 2.77702633866e-06, 3.06128299599e-06, 2.42516557591e-06, 1.70032842561e-06, 1.6725094838e-06, 1.37385779908e-06, 1.22744734199e-06, 1.04211085272e-06, 9.84640678325e-07, 6.71861300816e-07, 5.77165621962e-07, 5.07072229539e-07, 4.00852115945e-07, 3.3277416378e-07, 2.3703573504e-07, 1.53383155066e-07, 1.11930930302e-07, 7.51516182618e-08, 4.82417377157e-08, 2.84878520773e-08, 2.17628617349e-08, 2.02018064499e-08, 2.02667198579e-08, 2.08172821203e-08, 1.89756246272e-08, 1.55723505202e-08, 1.12363158777e-08, 8.68169003354e-09, 1.08897879603e-09, 1.23390421145e-11, 1.10451309557e-11, 1.05248448845e-11, 1.01149531459e-11, 9.79620638081e-12, 9.51171606756e-12, 9.25409228414e-12, 9.04406324137e-12, 8.84942726737e-12, 8.69684532723e-12, 8.56693795764e-12, 8.47393769737e-12, 8.39519079254e-12, 8.35123376702e-12],
        "min": [6.52893472619e-09, 1.68176882198e-07, 1.15940918022e-06, 7.85419274507e-07, 9.25503911731e-07, 4.94486812386e-06, 1.18207299238e-05, 5.25890709469e-06, 5.65955906495e-06, 1.02255617094e-05, 4.84830434289e-06, 3.83642236557e-06, 6.24381664238e-06, 7.39307506592e-06, 3.02457215184e-06, 1.51575977725e-06, 9.86885424936e-07, 1.51966571593e-06, 3.6968990571e-06, 1.67384814631e-06, 8.29228838484e-07, 2.07300172406e-06, 1.4252782421e-06, 5.3745071682e-07, 3.31025802325e-07, 2.91002805852e-07, 4.70148165732e-07, 4.74112823667e-07, 1.25165297504e-06, 3.32204223241e-07, 3.57117983185e-07, 4.63968063968e-07, 4.02268369726e-07, 3.29702857016e-07, 7.1024362569e-07, 1.34627487114e-06, 5.56673342089e-07, 2.51133656093e-07, 1.0423684671e-06, 7.15137502993e-07, 3.50741260036e-07, 6.33705212749e-07, 3.55344553782e-07, 3.55931717877e-07, 4.25658754466e-07, 1.59258797794e-06, 1.48490903484e-06, 2.77147279348e-07, 4.77367052554e-07, 7.18282535672e-07, 5.46795426715e-08, 3.95201993797e-07, 4.907035418e-07, 3.33935162189e-07, 2.75629673752e-07, 3.17483767276e-07, 4.88509897423e-07, 1.27018938656e-06, 7.74344869114e-07, 6.7439191298e-07, 7.28056988919e-07, 8.16553153982e-07, 3.32967459826e-07, 1.31794124059e-07, 2.24687852324e-07, 1.89948821117e-07, 2.26184980079e-07, 2.37666355929e-07, 1.94259214936e-07, 1.92536219856e-07, 2.71394839046e-07, 1.65787326978e-07, 4.7965752259e-08, 1.14340920732e-07, 7.68989210087e-08, 1.23189593637e-07, 7.96037156192e-08, 2.56370142893e-08, 1.42665017577e-08, 2.0773374132e-08, 3.51542759347e-08, 5.93874851518e-08, 5.76172709543e-08, 3.53783029539e-08, 3.34717498163e-08, 4.96427325913e-08, 9.14192881396e-08, 4.42957457381e-08, 1.29029169571e-08, 1.17459393323e-08, 3.13986063816e-08, 2.15637303569e-08, 4.60300819682e-09, 7.01970881423e-09, 7.61528706761e-09, 1.12356044468e-08, 1.19153940048e-08, 7.76757502763e-09, 4.4908112784e-09, 3.49145312661e-09, 1.30836963486e-09, 1.8524674017e-09, 2.18880691349e-09, 1.92997129389e-09, 2.46444364915e-10, 2.30145613678e-09, 2.49973997057e-09, 1.4942838078e-09, 7.53667961373e-10, 2.00563921027e-09, 1.63806035403e-09, 2.04480626875e-10, 1.46802437827e-13, 7.56143737034e-14, 9.48293567694e-14, 1.07691416548e-13, 9.4531228277e-14, 8.59592209695e-14, 1.07876503412e-13, 8.7395761743e-14, 8.70039378541e-14, 1.03385765118e-13, 8.53157334276e-14, 7.57458738744e-14, 1.09178962258e-13, 1.19491669706e-13, 8.7627089829e-14, 7.02089889048e-14],
        "stdev": [1.5878742488e-05, 0.000128236293676, 0.000644490355626, 0.00176232482772, 0.00204086257145, 0.00112902373075, 0.00110412458889, 0.0022592546884, 0.00158548681065, 0.000804842391517, 0.000710570311639, 0.000779667578172, 0.000701018841937, 0.000591591349803, 0.000498785404488, 0.000453201471828, 0.000340939295711, 0.000478961097542, 0.000390455767047, 0.000314623815939, 0.000638172787149, 0.000831131066661, 0.000367720087525, 0.000461273099063, 0.00069222622551, 0.00043808031478, 0.000380328361643, 0.000379514327506, 0.000511274731252, 0.000893376534805, 0.000403986807214, 0.000216344415094, 0.000239587476244, 0.000192059509573, 0.000364590290701, 0.000237190368352, 0.000189510945347, 0.000176627567271, 0.000474333559396, 0.000331291637849, 0.000284590030788, 0.000873803626746, 0.000206580734812, 0.000281570741208, 0.000337587378453, 0.000402862322517, 0.000327519868733, 8.14850573079e-05, 8.80176303326e-05, 0.000106227431388, 3.92248985008e-05, 9.67537125689e-05, 0.000186914941878, 9.67352316366e-05, 4.82434334117e-05, 3.31717055815e-05, 4.59265247628e-05, 7.86577147665e-05, 5.42338602827e-05, 4.78473448311e-05, 6.87724896125e-05, 4.53879038105e-05, 3.79644552595e-05, 2.54308270087e-05, 2.69830743491e-05, 2.21979062189e-05, 1.94790045498e-05, 2.01748916879e-05, 2.95075205941e-05, 6.56914635329e-05, 3.38042736985e-05, 2.03090530704e-05, 2.91954875138e-05, 2.10455964407e-05, 7.27460064809e-06, 5.80782534598e-06, 4.59321017843e-06, 5.05001889906e-06, 6.52489279673e-06, 6.80667972119e-06, 6.67122458253e-06, 6.44471219857e-06, 5.52524898012e-06, 3.41066379406e-06, 3.31444402946e-06, 3.50918958247e-06, 4.29066449215e-06, 3.51204766957e-06, 2.30790010392e-06, 2.17437695937e-06, 1.73094963429e-06, 1.5122154764e-06, 1.22419203308e-06, 1.24573148241e-06, 8.82533925051e-07, 7.21457354302e-07, 6.36611048321e-07, 5.60915964343e-07, 4.03478367161e-07, 2.95389241955e-07, 1.84049383734e-07, 1.42356455513e-07, 9.27250027871e-08, 5.29560715279e-08, 2.11414601381e-08, 1.3248366848e-08, 1.06414947965e-08, 1.0320628796e-08, 1.2340429123e-08, 9.99771376797e-09, 7.80309683535e-09, 9.38933464312e-09, 9.02909835787e-09, 1.31613231424e-09, 1.8494818177e-10, 1.64298824545e-10, 1.53954196613e-10, 1.46550022118e-10, 1.4151547989e-10, 1.36886488256e-10, 1.32604774383e-10, 1.29434532536e-10, 1.26743629481e-10, 1.24806651125e-10, 1.22741178332e-10, 1.21356424909e-10, 1.20003423865e-10, 1.19552853728e-10]
    },
    "mfcc": {
        "mean": [-592.282897949, 120.323722839, -20.2924022675, 26.562210083, -6.18245458603, 10.1093416214, -3.93605852127, 3.84092354774, -9.13155078888, 2.6376543045, -3.67743492126, -0.552481174469, -5.01173734665],
        "cov": [[570.890380859, -29.264257431, -73.722366333, -112.060905457, -44.2819328308, -13.1367311478, 129.645492554, -18.3617839813, -24.3097076416, 113.846046448, 15.6887140274, -18.5679416656, -5.31932449341], [-29.264257431, 330.001098633, -201.074569702, -35.8655815125, -3.71302342415, -1.27704000473, 105.847167969, 13.7322292328, -2.39977192879, 64.8947296143, 33.3190422058, -3.2401304245, -2.58206748962], [-73.722366333, -201.074569702, 378.387237549, 65.1775894165, 31.8323097229, 57.2020378113, -118.409049988, 22.9428253174, 33.4188957214, -94.1695632935, -9.41584205627, 47.7877006531, 5.51460838318], [-112.060905457, -35.8655815125, 65.1775894165, 178.301589966, 69.6128158569, -20.9895153046, -85.543586731, 4.14127349854, 32.6714668274, -44.8936233521, -29.7707920074, 11.113524437, 21.1773719788], [-44.2819328308, -3.71302342415, 31.8323097229, 69.6128158569, 124.039474487, 7.32881212234, -53.968547821, 1.82931780815, 34.8440475464, -11.3011074066, -13.3199472427, 10.0413579941, 17.0775985718], [-13.1367311478, -1.27704000473, 57.2020378113, -20.9895153046, 7.32881212234, 113.7161026, 40.454284668, 18.4292545319, 6.94000768661, -2.618942976, 27.0516147614, 11.9947433472, -8.00685214996], [129.645492554, 105.847167969, -118.409049988, -85.543586731, -53.968547821, 40.454284668, 216.79057312, 19.2779369354, -32.5766639709, 90.1460189819, 31.8431396484, -13.7303190231, -2.10318684578], [-18.3617839813, 13.7322292328, 22.9428253174, 4.14127349854, 1.82931780815, 18.4292545319, 19.2779369354, 66.5414276123, 20.3263320923, -5.99438667297, 12.0536708832, 12.7948675156, 2.2388048172], [-24.3097076416, -2.39977192879, 33.4188957214, 32.6714668274, 34.8440475464, 6.94000768661, -32.5766639709, 20.3263320923, 74.720664978, 9.59203338623, -5.26117658615, 14.227473259, 9.06705188751], [113.846046448, 64.8947296143, -94.1695632935, -44.8936233521, -11.3011074066, -2.618942976, 90.1460189819, -5.99438667297, 9.59203338623, 121.111686707, 31.1772117615, -11.5492963791, 2.44204163551], [15.6887140274, 33.3190422058, -9.41584205627, -29.7707920074, -13.3199472427, 27.0516147614, 31.8431396484, 12.0536708832, -5.26117658615, 31.1772117615, 67.8688201904, 20.0913677216, -11.6777973175], [-18.5679416656, -3.2401304245, 47.7877006531, 11.113524437, 10.0413579941, 11.9947433472, -13.7303190231, 12.7948675156, 14.227473259, -11.5492963791, 20.0913677216, 68.7915878296, 13.2505636215], [-5.31932449341, -2.58206748962, 5.51460838318, 21.1773719788, 17.0775985718, -8.00685214996, -2.10318684578, 2.2388048172, 9.06705188751, 2.44204163551, -11.6777973175, 13.2505636215, 59.5635223389]],
        "icov": [[0.00267547531985, 0.00101634627208, -9.81200137176e-05, 0.0011069761822, -0.000412774068536, 0.000838842475787, -0.00120717694517, 0.000299969949992, 0.000302881322568, -0.00204375386238, 0.000572073680814, -0.000354897085344, 0.000304502929794], [0.00101634627208, 0.00563690066338, 0.00280097406358, 0.000181448762305, -0.000997989205644, 0.00022927520331, -0.00201149610803, -0.000526858726516, -0.00106421625242, 1.53085729835e-05, -0.00149930082262, -0.0010450828122, 0.000376935204258], [-9.81200137176e-05, 0.00280097406358, 0.00603411067277, -0.00073749513831, 0.000384145620046, -0.00312984152697, 0.00152573292144, -0.00129974598531, -0.000945814186707, 0.00165416952223, -0.00012199577759, -0.0024180682376, -2.17673423322e-05], [0.0011069761822, 0.000181448762305, -0.00073749513831, 0.0094401827082, -0.00383022474125, 0.00212462805212, 0.000443772616563, -0.000309308612486, -0.00145096331835, 0.000985005055554, 0.001131815603, 2.8922333513e-05, -0.0013743567979], [-0.000412774068536, -0.000997989205644, 0.000384145620046, -0.00383022474125, 0.0124588711187, -0.00334684620611, 0.00329269259237, 0.000159334973432, -0.00212419778109, -0.00180024001747, 0.00162221398205, -0.000391752226278, -0.00186326191761], [0.000838842475787, 0.00022927520331, -0.00312984152697, 0.00212462805212, -0.00334684620611, 0.0149293849245, -0.00663287239149, 0.00134152150713, -0.00375098851509, 0.00444046361372, -0.00610387464985, 0.00145906303078, 0.00116872182116], [-0.00120717694517, -0.00201149610803, 0.00152573292144, 0.000443772616563, 0.00329269259237, -0.00663287239149, 0.0139773022383, -0.00631453003734, 0.00727436179295, -0.0086594838649, 0.00406577950343, -0.00079239817569, -0.00137775426265], [0.000299969949992, -0.000526858726516, -0.00129974598531, -0.000309308612486, 0.000159334973432, 0.00134152150713, -0.00631453003734, 0.0215767472982, -0.00928549841046, 0.00691523822024, -0.00561849400401, 0.000337816192769, -0.000711784057785], [0.000302881322568, -0.00106421625242, -0.000945814186707, -0.00145096331835, -0.00212419778109, -0.00375098851509, 0.00727436179295, -0.00928549841046, 0.0242475550622, -0.0113614983857, 0.00738397380337, -0.00409531639889, 0.000428486790042], [-0.00204375386238, 1.53085729835e-05, 0.00165416952223, 0.000985005055554, -0.00180024001747, 0.00444046361372, -0.0086594838649, 0.00691523822024, -0.0113614983857, 0.0228524878621, -0.0113548580557, 0.00461813714355, -0.00259881094098], [0.000572073680814, -0.00149930082262, -0.00012199577759, 0.001131815603, 0.00162221398205, -0.00610387464985, 0.00406577950343, -0.00561849400401, 0.00738397380337, -0.0113548580557, 0.0273036491126, -0.00980523508042, 0.00553994486108], [-0.000354897085344, -0.0010450828122, -0.0024180682376, 2.8922333513e-05, -0.000391752226278, 0.00145906303078, -0.00079239817569, 0.000337816192769, -0.00409531639889, 0.00461813714355, -0.00980523508042, 0.0212541110814, -0.0058121480979], [0.000304502929794, 0.000376935204258, -2.17673423322e-05, -0.0013743567979, -0.00186326191761, 0.00116872182116, -0.00137775426265, -0.000711784057785, 0.000428486790042, -0.00259881094098, 0.00553994486108, -0.0058121480979, 0.0204128604382]]
    },
    "spectral_contrast_coeffs": {
        "max": [-0.463681221008, -0.563924312592, -0.544060766697, -0.593596696854, -0.60992962122, -0.565457701683],
        "mean": [-0.697985470295, -0.761286079884, -0.740270018578, -0.742988467216, -0.754157960415, -0.719969511032],
        "min": [-0.885883510113, -0.899608612061, -0.882292032242, -0.892081081867, -0.857327461243, -0.88025444746],
        "stdev": [0.059842351824, 0.0523518435657, 0.0593991167843, 0.0558750517666, 0.0452665090561, 0.0259903315455]
    },
    "spectral_contrast_valleys": {
        "max": [-5.27760028839, -5.01495933533, -5.46299171448, -6.03953027725, -6.10646820068, -8.87628746033],
        "mean": [-6.33352661133, -6.22874307632, -6.95714139938, -7.15495061874, -7.07717227936, -10.1878433228],
        "min": [-8.20286941528, -7.75966310501, -8.75623607635, -8.45522785187, -8.52054023743, -11.1328258514],
        "stdev": [0.430037051439, 0.390612363815, 0.460832893848, 0.314701706171, 0.307644277811, 0.465197056532]
    }
},
"rhythm": {
    "beats_count": 50,
    "beats_loudness": {
        "max": 0.06575101614,
        "mean": 0.0349672809243,
        "min": 0.0113068493083,
        "stdev": 0.0115053625777
    },
    "bpm": 94.3266143799,
    "bpm_histogram_first_peak_bpm": 96,
    "bpm_histogram_first_peak_weight": 0.550000011921,
    "bpm_histogram_second_peak_bpm": 91,
    "bpm_histogram_second_peak_spread": 0.222222208977,
    "bpm_histogram_second_peak_weight": 0.142857149243,
    "danceability": 1.07161962986,
    "onset_rate": 3.38378882408,
    "beats_loudness_band_ratio": {
        "max": [0.709350883961, 0.419420331717, 0.403046935797, 0.572691977024, 0.337478667498, 0.117348246276],
        "mean": [0.304199427366, 0.186856195331, 0.159682542086, 0.205833360553, 0.121865712106, 0.0573718175292],
        "min": [0.0579122118652, 0.0165960844606, 0.0446458011866, 0.0134665099904, 0.0266258455813, 0.0161694921553],
        "stdev": [0.157925307751, 0.102733582258, 0.0792443752289, 0.160992264748, 0.0750771611929, 0.0242242421955]
    },
    "beats_position": [0.66176867485, 1.33514738083, 2.00852608681, 2.67029476166, 3.32045340538, 3.97061228752, 4.63238096237, 5.2941493988, 5.95591831207, 6.6176867485, 7.26784563065, 7.90639448166, 8.54494285583, 9.17188167572, 9.82204055786, 10.4605894089, 11.0991382599, 11.7260770798, 12.3530158997, 12.9799547195, 13.6185035706, 14.2570514679, 14.9188203812, 15.5805892944, 16.2075271606, 16.8344669342, 17.4614048004, 18.088344574, 18.7152824402, 19.3422222137, 19.9923801422, 20.642539978, 21.2694778442, 21.9080276489, 22.5349655151, 23.1735134125, 23.8120632172, 24.4390010834, 25.0775508881, 25.7044887543, 26.3546485901, 27.0048065186, 27.6317462921, 28.2586841583, 28.8856239319, 29.5357818604, 30.1627197266, 30.8128795624, 31.4514274597, 32.0899772644],
