{
"metadata": {
    "version": {
        "essentia": "2.1-beta5",
        "essentia_git_sha": "Undefined",
        "extractor": "music 2.0"
    },
    "audio_properties": {
        "analysis": {
            "equal_loudness": 0,
            "length": 28.5489349365,
            "sample_rate": 44100,
            "start_time": 142.744674683,
            "downmix": "mix"
        },
        "bit_rate": 192000,
        "length": 171.316818237,
        "lossless": 0,
        "number_channels": 2,
        "replay_gain": -8.61290740967,
        "sample_rate": 44100,
        "codec": "mp3",
        "md5_encoded": "7bc080ba4d340f3ee1a412baaa890128"
    },
    "tags": {
        "file_name": "France_Comé-comédie_Betty Mars.mp3",
        "encoding": ["Lavf58.29.100"]
    }
},
"lowlevel": {
    "average_loudness": 0.900849103928,
    "barkbands_crest": {
        "max": 22.8290920258,
        "mean": 8.97036552429,
        "min": 2.97434067726,
        "stdev": 3.70730805397
    },
    "barkbands_flatness_db": {
        "max": 0.312455445528,
        "mean": 0.178761959076,
        "min": 0.0414319895208,
        "stdev": 0.035728700459
    },
    "barkbands_kurtosis": {
        "max": 26.0651035309,
        "mean": 0.682222008705,
        "min": -1.86589455605,
        "stdev": 2.5037009716
    },
    "barkbands_skewness": {
        "max": 3.97646999359,
        "mean": 0.53524106741,
        "min": -1.81494832039,
        "stdev": 0.740923047066
    },
    "barkbands_spread": {
        "max": 43.840965271,
        "mean": 15.9166135788,
        "min": 2.83957600594,
        "stdev": 7.91574811935
    },
    "dissonance": {
        "max": 0.499999076128,
        "mean": 0.449642181396,
        "min": 0.167335599661,
        "stdev": 0.0383794680238
    },
    "dynamic_complexity": 2.75734710693,
    "erbbands_crest": {
        "max": 27.6174983978,
        "mean": 10.7975492477,
        "min": 3.38303828239,
        "stdev": 4.34942483902
    },
    "erbbands_flatness_db": {
        "max": 0.363319694996,
        "mean": 0.24774107337,
        "min": 0.107984408736,
        "stdev": 0.036553721875
    },
    "erbbands_kurtosis": {
        "max": 10.9590892792,
        "mean": 0.474006772041,
        "min": -1.73814761639,
        "stdev": 1.48988878727
    },
    "erbbands_skewness": {
        "max": 2.98135232925,
        "mean": 0.154946774244,
        "min": -2.62153720856,
        "stdev": 0.733364343643
    },
    "erbbands_spread": {
        "max": 63.4228515625,
        "mean": 20.3638019562,
        "min": 3.52519536018,
        "stdev": 9.55608272552
    },
    "hfc": {
        "max": 148.564422607,
        "mean": 23.7215747833,
        "min": 0.0589321069419,
        "stdev": 18.42253685
    },
    "loudness_ebu128": {
        "integrated": -15.0833396912,
        "loudness_range": 4.99260139465,
        "momentary": {
            "max": -9.2835483551,
            "mean": -16.2184085846,
            "min": -38.0353317261,
            "stdev": 3.82628273964
        },
        "short_term": {
            "max": -12.2354297638,
            "mean": -15.6678028107,
            "min": -18.8221035004,
            "stdev": 1.69940173626
        }
    },
    "melbands_crest": {
        "max": 28.5724506378,
        "mean": 11.4950475693,
        "min": 3.50998783112,
        "stdev": 4.97919225693
    },
    "melbands_flatness_db": {
        "max": 0.373431563377,
        "mean": 0.21853607893,
        "min": 0.0830464661121,
        "stdev": 0.0473950989544
    },
    "melbands_kurtosis": {
        "max": 34.6456947327,
        "mean": 2.19020843506,
        "min": -1.60440051556,
        "stdev": 4.1370677948
    },
    "melbands_skewness": {
        "max": 5.24853754044,
        "mean": 1.00881767273,
        "min": -1.69426870346,
        "stdev": 0.868710041046
    },
    "melbands_spread": {
        "max": 78.2784957886,
        "mean": 24.8644142151,
        "min": 3.0849981308,
        "stdev": 11.9781141281
    },
    "pitch_salience": {
        "max": 0.874571561813,
        "mean": 0.573544383049,
        "min": 0.22433757782,
        "stdev": 0.130811586976
    },
    "silence_rate_20dB": {
        "max": 1,
        "mean": 1,
        "min": 1,
        "stdev": 0
    },
    "silence_rate_30dB": {
        "max": 1,
        "mean": 0.985377728939,
        "min": 0,
        "stdev": 0.120035149157
    },
    "silence_rate_60dB": {
        "max": 1,
        "mean": 0.0544272959232,
        "min": 0,
        "stdev": 0.226859301329
    },
    "spectral_centroid": {
        "max": 2618.83374023,
        "mean": 1401.88671875,
        "min": 478.856445312,
        "stdev": 469.301818848
    },
    "spectral_complexity": {
        "max": 47,
        "mean": 18.9813156128,
        "min": 0,
        "stdev": 8.17858123779
    },
    "spectral_decrease": {
        "max": -1.45302511342e-11,
        "mean": -6.03214234118e-09,
        "min": -4.23790105231e-08,
        "stdev": 4.83567275111e-09
    },
    "spectral_energy": {
        "max": 0.173423156142,
        "mean": 0.0249182991683,
        "min": 6.01858009759e-05,
        "stdev": 0.0197742767632
    },
    "spectral_energyband_high": {
        "max": 0.00120404618792,
        "mean": 0.000120661541587,
        "min": 2.14237161344e-06,
        "stdev": 0.000131561013404
    },
    "spectral_energyband_low": {
        "max": 0.018431449309,
        "mean": 0.00200023804791,
        "min": 2.1616046979e-06,
        "stdev": 0.00265251356177
    },
    "spectral_energyband_middle_high": {
        "max": 0.0678460896015,
        "mean": 0.0108272740617,
        "min": 1.25958249555e-05,
        "stdev": 0.00944060273468
    },
    "spectral_energyband_middle_low": {
        "max": 0.145339041948,
        "mean": 0.0122916996479,
        "min": 3.42950806953e-05,
        "stdev": 0.0140362987295
    },
    "spectral_entropy": {
        "max": 8.2144536972,
        "mean": 7.12267255783,
        "min": 6.02377271652,
        "stdev": 0.366476476192
    },
    "spectral_flux": {
        "max": 0.3729583323,
        "mean": 0.0908476859331,
        "min": 0.00450254278257,
        "stdev": 0.0451642237604
    },
    "spectral_kurtosis": {
        "max": 35.7783737183,
        "mean": 8.78919124603,
        "min": 1.69150781631,
        "stdev": 4.46992540359
    },
    "spectral_rms": {
        "max": 0.0130074331537,
        "mean": 0.00460058823228,
        "min": 0.000242317677476,
        "stdev": 0.00177344563417
    },
    "spectral_rolloff": {
        "max": 3359.1796875,
        "mean": 1628.11010742,
        "min": 193.798828125,
        "stdev": 619.971801758
    },
    "spectral_skewness": {
        "max": 4.5762720108,
        "mean": 1.76028490067,
        "min": 0.493775129318,
        "stdev": 0.580826461315
    },
    "spectral_spread": {
        "max": 6559925.5,
        "mean": 2429424.25,
        "min": 1310781.125,
        "stdev": 522512.65625
    },
    "spectral_strongpeak": {
        "max": 10.4679918289,
        "mean": 1.7720644474,
        "min": 0.00789010245353,
        "stdev": 1.5024420023
    },
    "zerocrossingrate": {
        "max": 0.099609375,
        "mean": 0.0550270341337,
        "min": 0.01171875,
        "stdev": 0.0157544203103
    },
    "barkbands": {
        "max": [0.000103595273686, 0.00979047082365, 0.00948871672153, 0.0149882342666, 0.0462636463344, 0.0271384753287, 0.133458390832, 0.11264564842, 0.0770661085844, 0.047996558249, 0.0179862361401, 0.0208424814045, 0.0343108475208, 0.0210488568991, 0.0144372563809, 0.0113626401871, 0.00889376085252, 0.00465331878513, 0.00264955544844, 0.00157243956346, 0.000578860228416, 0.000154470981215, 0.000108667751192, 2.47376719926e-05, 1.77073093255e-06, 1.00850036233e-06, 8.43423677566e-08],
        "mean": [1.65278606801e-06, 0.00103866041172, 0.000792376813479, 0.00056273379596, 0.00132539041806, 0.00230228086002, 0.00216046231799, 0.00186509103514, 0.0036033669021, 0.00206240010448, 0.00123841606546, 0.00140906393062, 0.0017758673057, 0.00150252145249, 0.000792807142716, 0.000718785449862, 0.000641611986794, 0.00048461635015, 0.000396641466068, 0.000184008240467, 3.64202533092e-05, 1.33379089675e-05, 6.30803515378e-06, 2.22842459152e-06, 6.87829697199e-07, 5.81120389143e-07, 1.12995444113e-08],
        "min": [1.1938358746e-08, 1.802829388e-07, 2.76984621905e-07, 2.96987707316e-07, 1.47170055698e-06, 3.03455453832e-06, 3.4207621411e-06, 8.12200596556e-07, 1.19282753985e-06, 1.19333901694e-06, 6.75746036904e-07, 8.94352581327e-07, 5.57751604902e-07, 6.14140446942e-07, 4.08631052551e-07, 4.48411810794e-07, 6.60822365717e-07, 4.4356431772e-07, 2.02118826564e-07, 7.29136502287e-08, 1.40039219332e-07, 1.29648370262e-07, 1.84618770049e-07, 1.58227962288e-07, 5.1646775745e-08, 3.13979882094e-08, 4.98212998634e-11],
        "stdev": [3.84739360015e-06, 0.00167942524422, 0.00114262721036, 0.00126546819229, 0.00292626814917, 0.00364401936531, 0.00659799901769, 0.00559056736529, 0.00681555597112, 0.00428397161886, 0.0017494171625, 0.00188964034896, 0.00350959785283, 0.00240248930641, 0.00142150709871, 0.00123529729899, 0.00120043102652, 0.00075194373494, 0.000439624622231, 0.000206077238545, 4.77862704429e-05, 1.81641407835e-05, 8.3057275333e-06, 2.43387398768e-06, 1.48672924638e-07, 8.69168488293e-08, 5.94025451051e-09]
    },
    "erbbands": {
        "max": [0.14565898478, 2.74522161484, 8.74244880676, 32.2878074646, 62.2277565002, 231.405044556, 143.207183838, 308.637817383, 1826.50769043, 1703.47351074, 1600.78112793, 2153.49658203, 1047.77062988, 957.326538086, 523.969970703, 566.973388672, 1692.57946777, 1420.98718262, 636.196777344, 808.851074219, 678.806884766, 623.908691406, 245.483657837, 210.817596436, 154.2940979, 58.65650177, 30.1153774261, 14.8698377609, 6.31357717514, 2.55348920822, 2.83970475197, 1.24283313751, 0.263078629971, 0.0487383455038, 0.00864741578698, 0.0052344892174, 0.00187829113565, 0.000213109524339, 9.42904516705e-05, 0.000204912386835],
        "mean": [0.00994760822505, 0.298632055521, 1.00488913059, 1.23377013206, 3.67909765244, 4.04614019394, 6.60638952255, 23.9805774689, 32.3269805908, 33.168510437, 48.1978683472, 73.6512527466, 75.4774551392, 67.9239044189, 46.118057251, 54.7029418945, 73.7218551636, 89.1714401245, 52.4277954102, 40.1896018982, 37.0516281128, 39.6687202454, 28.2713680267, 23.6166267395, 16.9748783112, 8.27955722809, 2.33563351631, 1.1145888567, 0.560590267181, 0.277068555355, 0.162013173103, 0.0746805369854, 0.0251623690128, 0.00851215794683, 0.00487881246954, 0.00288600451313, 0.00107254425529, 0.000101832287328, 1.59375413205e-05, 3.00264018733e-05],
        "min": [7.50656181481e-06, 7.98574765213e-05, 0.000372841546778, 0.00276107434183, 0.0053245886229, 0.00509410584345, 0.00674736173823, 0.0301116891205, 0.0604608878493, 0.0478991940618, 0.04995328933, 0.0315007716417, 0.0800200328231, 0.108801960945, 0.0473703853786, 0.0391732044518, 0.0236897841096, 0.0395835079253, 0.0371987186372, 0.0319207720459, 0.0251963157207, 0.034864410758, 0.0248906034976, 0.0148680536076, 0.0092366039753, 0.0042236414738, 0.00515202479437, 0.00379785872065, 0.00508201215416, 0.00557703478262, 0.00526248198003, 0.004262751434, 0.00142212992068, 0.000732003361918, 0.000292620708933, 0.000121242577734, 6.62930906401e-05, 1.69870854734e-05, 1.40001134241e-06, 1.42898670674e-07],
        "stdev": [0.0151878567412, 0.478387266397, 1.47920191288, 2.1605155468, 7.27016496658, 13.5811700821, 10.6560497284, 39.4135780334, 92.8812789917, 98.926071167, 113.654022217, 167.084793091, 125.54524231, 113.8279953, 48.9351539612, 72.5219955444, 140.251052856, 151.760848999, 79.7791290283, 69.2704391479, 58.4077835083, 72.8922424316, 43.6119232178, 26.562664032, 19.1595230103, 8.77134037018, 2.89315581322, 1.52083718777, 0.730374455452, 0.366928398609, 0.21026276052, 0.0902131274343, 0.0260548796505, 0.00348186818883, 0.000885674497113, 0.000513709150255, 0.000184956385056, 1.83979682333e-05, 1.05734306999e-05, 2.33447826758e-05]
    },
    "gfcc": {
        "mean": [-39.5389137268, 126.583061218, -172.129119873, 3.86889815331, -49.0365753174, -7.4175620079, -27.8816280365, 5.68907213211, -24.0077590942, 0.140847429633, -9.06092166901, -3.80803418159, -11.5808258057],
        "cov": [[2196.06567383, 414.471954346, -649.936889648, 136.670547485, -0.612294852734, -134.212982178, 289.157775879, -176.099777222, 130.907150269, -169.990112305, 47.1718788147, -193.287582397, 15.422419548], [414.471954346, 653.11151123, 463.024993896, 126.977287292, 191.542678833, -19.2075386047, 187.352554321, 83.9279174805, -85.2459259033, 34.0152511597, 77.1151275635, -113.297958374, -44.8535079956], [-649.936889648, 463.024993896, 953.134460449, 265.754058838, 198.791183472, 51.3580780029, 38.5870742798, 181.122406006, -146.464859009, 82.7591018677, 59.1196327209, 9.81536102295, -68.3929672241], [136.670547485, 126.977287292, 265.754058838, 491.896697998, 194.591217041, -54.8378486633, 62.1634788513, 103.535301208, -60.0914764404, -56.9115600586, 28.4195480347, 26.7407016754, -8.77268695831], [-0.612294852734, 191.542678833, 198.791183472, 194.591217041, 250.071166992, 8.41978645325, 93.7730941772, 119.064163208, -71.5293502808, 18.2516841888, 43.7988967896, -19.7059898376, -5.22814798355], [-134.212982178, -19.2075386047, 51.3580780029, -54.8378486633, 8.41978645325, 287.682128906, 130.760375977, -30.4973735809, 30.0275783539, 64.5733032227, -43.5585975647, -20.8117237091, -9.97435951233], [289.157775879, 187.352554321, 38.5870742798, 62.1634788513, 93.7730941772, 130.760375977, 267.160430908, 51.6162986755, -36.932346344, 41.6729507446, 39.4787864685, -64.1805038452, -10.2847938538], [-176.099777222, 83.9279174805, 181.122406006, 103.535301208, 119.064163208, -30.4973735809, 51.6162986755, 165.691497803, -18.0909290314, 28.5161590576, 43.611831665, 17.8144493103, -2.02660107613], [130.907150269, -85.2459259033, -146.464859009, -60.0914764404, -71.5293502808, 30.0275783539, -36.932346344, -18.0909290314, 165.997161865, 20.2339630127, -33.2559814453, 20.5231742859, 19.7754116058], [-169.990112305, 34.0152511597, 82.7591018677, -56.9115600586, 18.2516841888, 64.5733032227, 41.6729507446, 28.5161590576, 20.2339630127, 118.363189697, 44.5412597656, 3.33631467819, 0.889995217323], [47.1718788147, 77.1151275635, 59.1196327209, 28.4195480347, 43.7988967896, -43.5585975647, 39.4787864685, 43.611831665, -33.2559814453, 44.5412597656, 142.381484985, 43.0449485779, -0.461304098368], [-193.287582397, -113.297958374, 9.81536102295, 26.7407016754, -19.7059898376, -20.8117237091, -64.1805038452, 17.8144493103, 20.5231742859, 3.33631467819, 43.0449485779, 134.486785889, 45.1765670776], [15.422419548, -44.8535079956, -68.3929672241, -8.77268695831, -5.22814798355, -9.97435951233, -10.2847938538, -2.02660107613, 19.7754116058, 0.889995217323, -0.461304098368, 45.1765670776, 63.970085144]],
        "icov": [[0.0194841362536, -0.0274528060108, 0.0231491997838, -0.0155549859628, 0.00833466742188, 0.00144575152081, -0.00872887205333, 0.0137498183176, -0.0178279709071, 0.0182856004685, -0.0148748084903, 0.00983552914113, -0.00318732787855], [-0.0274528060108, 0.0529783852398, -0.0444545820355, 0.0284263491631, -0.0222708191723, 0.0102301510051, -0.00313279824331, -0.00537253683433, 0.0134810628369, -0.0179585963488, 0.0164449848235, -0.00660509709269, 0.000101873680251], [0.0231491997838, -0.0444545820355, 0.0397085174918, -0.0251791048795, 0.0191032048315, -0.00980730168521, 0.0040421183221, 0.00240942719392, -0.00927003286779, 0.0131678692997, -0.013836812228, 0.00584481470287, 0.00146334304009], [-0.0155549859628, 0.0284263491631, -0.0251791048795, 0.0200365148485, -0.0150707000867, 0.00651654833928, -0.00262234965339, -0.00294710812159, 0.00721599347889, -0.0080547677353, 0.0110461032018, -0.0078099980019, 0.00225535128266], [0.00833466742188, -0.0222708191723, 0.0191032048315, -0.0150707000867, 0.0221395697445, -0.0114055378363, 0.00949116516858, -0.0109781855717, 0.00434460071847, 0.00124530028552, -0.00587819470093, 0.00431110570207, -0.00250579160638], [0.00144575152081, 0.0102301510051, -0.00980730168521, 0.00651654833928, -0.0114055378363, 0.0210722275078, -0.021786659956, 0.0190810598433, -0.013690367341, 0.00380401243456, 0.00266844243743, -0.000492589082569, 0.00123433326371], [-0.00872887205333, -0.00313279824331, 0.0040421183221, -0.00262234965339, 0.00949116516858, -0.021786659956, 0.0323861129582, -0.0269876401871, 0.0232141073793, -0.0157016273588, 0.00425506569445, -0.00259295688011, 0.000504374678712], [0.0137498183176, -0.00537253683433, 0.00240942719392, -0.00294710812159, -0.0109781855717, 0.0190810598433, -0.0269876401871, 0.0383759960532, -0.0277547612786, 0.0187065061182, -0.0117567386478, 0.00759841641411, -0.00308649172075], [-0.0178279709071, 0.0134810628369, -0.00927003286779, 0.00721599347889, 0.00434460071847, -0.013690367341, 0.0232141073793, -0.0277547612786, 0.0361569561064, -0.0271335281432, 0.0188801549375, -0.0144725367427, 0.00545953772962], [0.0182856004685, -0.0179585963488, 0.0131678692997, -0.0080547677353, 0.00124530028552, 0.00380401243456, -0.0157016273588, 0.0187065061182, -0.0271335281432, 0.0389666333795, -0.0244059488177, 0.0167404990643, -0.009416135028], [-0.0148748084903, 0.0164449848235, -0.013836812228, 0.0110461032018, -0.00587819470093, 0.00266844243743, 0.00425506569445, -0.0117567386478, 0.0188801549375, -0.0244059488177, 0.0302354600281, -0.0215683542192, 0.0120383556932], [0.00983552914113, -0.00660509709269, 0.00584481470287, -0.0078099980019, 0.00431110570207, -0.000492589082569, -0.00259295688011, 0.00759841641411, -0.0144725367427, 0.0167404990643, -0.0215683542192, 0.0306104049087, -0.0192571934313], [-0.00318732787855, 0.000101873680251, 0.00146334304009, 0.00225535128266, -0.00250579160638, 0.00123433326371, 0.000504374678712, -0.00308649172075, 0.00545953772962, -0.009416135028, 0.0120383556932, -0.0192571934313, 0.0304467286915]]
    },
    "melbands": {
        "max": [0.00181538728066, 0.0039327503182, 0.00650648772717, 0.00716505246237, 0.00808640755713, 0.00628616567701, 0.0292422864586, 0.0222343187779, 0.0131148165092, 0.0145876873285, 0.0057398150675, 0.00447512185201, 0.00166550104041, 0.00272514135577, 0.00270475680009, 0.00436562066898, 0.00257026730105, 0.00142657314427, 0.0011014577467, 0.000974488444626, 0.00102133478504, 0.000691849447321, 0.00038433552254, 0.000244504277362, 0.000184643591638, 0.000122652258142, 7.06034115865e-05, 3.82917532988e-05, 2.07211705856e-05, 1.96254841285e-05, 7.30691499484e-06, 3.40721430803e-06, 3.06609081235e-06, 1.47749176449e-06, 1.40466727316e-06, 2.16827970689e-06, 4.25178399155e-07, 2.09438155707e-07, 1.03082513192e-07, 2.25758913786e-08],
        "mean": [0.000188624748262, 0.000485063530505, 0.000306790112518, 0.00026838251506, 0.000223721988732, 0.000532506848685, 0.000485003722133, 0.000378459342755, 0.000406517763622, 0.000494010571856, 0.000378380384063, 0.000282488501398, 0.000156893933308, 0.000153732893523, 0.000143037279486, 0.000195731219719, 0.000154613895575, 8.66025438881e-05, 5.99411796429e-05, 4.75643937534e-05, 4.11866967625e-05, 3.9121019654e-05, 3.12724187097e-05, 2.36364267039e-05, 1.86875186046e-05, 1.47671444211e-05, 9.55096402322e-06, 4.48386526841e-06, 1.58454076882e-06, 7.48133345496e-07, 5.52230005724e-07, 3.33800784347e-07, 2.08405324997e-07, 1.35961954584e-07, 9.94234383711e-08, 6.91919410656e-08, 3.55872096236e-08, 1.89905993153e-08, 9.8298542639e-09, 6.03887517769e-09],
        "min": [3.56625058373e-08, 2.31749723412e-07, 5.49174956177e-07, 4.04276050858e-07, 2.02649204084e-07, 6.21400374712e-07, 5.96470272285e-07, 1.45923067407e-07, 2.51993469647e-07, 1.67562376419e-07, 4.10770837789e-07, 4.28764451499e-07, 1.62853069696e-07, 1.11307656425e-07, 5.43591767155e-08, 7.66746595104e-08, 6.48083897659e-08, 5.14370022131e-08, 2.91038251277e-08, 3.31549330213e-08, 2.62803538931e-08, 3.62308441026e-08, 2.57147725335e-08, 1.56146153785e-08, 1.0447837262e-08, 8.76043149134e-09, 4.27453628049e-09, 2.29214114356e-09, 2.60178856237e-09, 2.50925613621e-09, 2.3129071991e-09, 2.78498335504e-09, 2.8303543953e-09, 2.82011036745e-09, 3.18535908761e-09, 2.45046782865e-09, 2.5623363431e-09, 9.65877600123e-10, 6.31226237946e-10, 6.55169918318e-10],
        "stdev": [0.000292992102914, 0.000694449758157, 0.000543882080819, 0.000565380498301, 0.000473974418128, 0.000893601449206, 0.00137336330954, 0.00111216213554, 0.000936110620387, 0.00105645437725, 0.00065466488013, 0.000515792402439, 0.000179484704859, 0.000214356303331, 0.000257410021732, 0.000412948371377, 0.000266345654381, 0.000146160004078, 0.000110611974378, 9.31844842853e-05, 7.23735938664e-05, 7.36704532756e-05, 5.78567050979e-05, 3.71960559278e-05, 2.21911468543e-05, 1.8014883608e-05, 1.0997834579e-05, 5.49150672668e-06, 2.19997150452e-06, 1.15893158181e-06, 7.7173444879e-07, 4.61658856921e-07, 3.01166608097e-07, 1.85399983366e-07, 1.28522145815e-07, 1.02406339408e-07, 4.14307663732e-08, 2.15761346567e-08, 7.29406357536e-09, 1.72973202428e-09]
    },
    "melbands128": {
        "max": [5.16615436936e-05, 0.000700520235114, 0.00298682553694, 0.00597008084878, 0.00582548417151, 0.00614880491048, 0.00805039331317, 0.00911258812994, 0.00735400198027, 0.00841649435461, 0.0161779411137, 0.0183060709387, 0.00452416855842, 0.00405186507851, 0.00685281911865, 0.0131458947435, 0.019507849589, 0.0537762269378, 0.0282933600247, 0.0321364998817, 0.0450323969126, 0.0210088826716, 0.0238624848425, 0.0210215076804, 0.0256704296917, 0.0258482731879, 0.0135624827817, 0.00819294061512, 0.0173537675291, 0.0102057754993, 0.00797711033374, 0.00293801072985, 0.0031785289757, 0.00226988550276, 0.00667701754719, 0.00326218619011, 0.00261809490621, 0.00457650655881, 0.00582907022908, 0.00803092028946, 0.0083670085296, 0.00888331513852, 0.00490027293563, 0.00216146791354, 0.00320065487176, 0.00186901551206, 0.00152605108451, 0.00272960821167, 0.00160771992523, 0.00200122711249, 0.00194937374908, 0.00170454545878, 0.00133449805435, 0.00141524756327, 0.000662785139866, 0.00104931613896, 0.00148263783194, 0.000896958925296, 0.00068087602267, 0.000568004848901, 0.000460660055978, 0.000470843835501, 0.000535394414328, 0.000327469460899, 0.000270363583695, 0.000273331446806, 0.000288962939521, 0.00014978380932, 0.000113826616143, 8.70691073942e-05, 7.37568625482e-05, 6.12074727542e-05, 3.5322173062e-05, 3.83164697269e-05, 1.97736753762e-05, 2.99472758343e-05, 1.79075432243e-05, 2.24222967518e-05, 5.66142080061e-06, 5.51581706532e-06, 6.75841738484e-06, 3.81853487852e-06, 3.96746463593e-06, 4.88282739752e-06, 2.1513919819e-06, 1.36907090109e-06, 2.69035081146e-06, 3.02311354972e-06, 1.90438288428e-06, 1.57765543918e-06, 3.23995504914e-06, 2.34242043007e-06, 5.04320780692e-07, 4.52062209888e-07, 3.95380737928e-07, 3.12532478119e-07, 1.52938866904e-07, 2.31171739529e-07, 1.18756418033e-07, 4.53193287342e-08, 5.48214416085e-08, 1.74674656961e-08, 1.93038207641e-08, 1.88286186642e-08, 1.39543336886e-08, 1.51457619779e-08, 1.43239615724e-08, 1.84323134533e-08, 1.29513795244e-08, 1.50755852246e-08, 1.09121902625e-08, 9.19942610977e-09, 9.08685926504e-09, 8.24517609743e-09, 4.27895496813e-09, 1.9279975394e-09, 1.39644784625e-09, 3.56163487591e-10, 3.62011393085e-10, 3.60918100961e-10, 3.58706758741e-10, 3.5391375941e-10, 3.48583745202e-10, 3.45144857139e-10, 3.40202588323e-10, 3.38004318978e-10, 3.34857253037e-10, 3.33714639256e-10],
        "mean": [1.27066562072e-06, 2.32039401453e-05, 0.000202445778996, 0.000617490324657, 0.000610127404798, 0.000334334908985, 0.000188476260519, 0.000346941757016, 0.0004339137231, 0.000206159631489, 0.000219873225433, 0.000234903098317, 0.000202789640753, 0.000223016366363, 0.000490506470669, 0.000764097145293, 0.000646272383165, 0.000376986630727, 0.00036457402166, 0.000356961914804, 0.00038468267303, 0.000461687450297, 0.000344493077137, 0.000463361095171, 0.000428001309047, 0.000547106843442, 0.000561254681088, 0.000251785560977, 0.000371796748368, 0.000298690225463, 0.000274151359918, 0.000209245088627, 0.000138861287269, 0.000110234323074, 0.000183954005479, 0.000161314121215, 0.000107169755211, 0.000178555521416, 0.000126620419906, 0.000135805094033, 0.000220134606934, 0.000277252227534, 0.000160022696946, 8.51442600833e-05, 0.00010957619088, 8.7820495537e-05, 6.00056337134e-05, 6.73187896609e-05, 5.26838193764e-05, 5.34939827048e-05, 4.79167974845e-05, 3.85743260267e-05, 5.56341619813e-05, 3.51747476088e-05, 2.21657501243e-05, 3.89939559682e-05, 5.95319470449e-05, 3.24158645526e-05, 2.27487380471e-05, 2.32838847296e-05, 2.59690405073e-05, 2.22877024498e-05, 1.73061325768e-05, 1.69886334334e-05, 2.25920102821e-05, 1.4562283468e-05, 1.01102441477e-05, 1.18913467304e-05, 9.71471763478e-06, 5.86067972108e-06, 5.38278663953e-06, 3.23842277794e-06, 1.72429417944e-06, 1.63266065556e-06, 9.16235592285e-07, 6.16315787738e-07, 6.73203203405e-07, 9.37343713758e-07, 4.4345873107e-07, 3.21925199387e-07, 3.74978185391e-07, 3.17385200788e-07, 2.66466599896e-07, 2.12197207361e-07, 1.54037536504e-07, 1.14597789036e-07, 1.53355216526e-07, 1.31281652216e-07, 9.07315964582e-08, 7.87364839994e-08, 8.1646383876e-08, 6.59035350736e-08, 5.00078769505e-08, 3.55095117754e-08, 2.7325461005e-08, 2.13234390145e-08, 1.8200843499e-08, 1.38413582818e-08, 9.9677874843e-09, 7.77700748245e-09, 6.52770504317e-09, 5.580893081e-09, 5.62890978273e-09, 5.62356738953e-09, 5.34626121151e-09, 5.34975885813e-09, 5.28696331159e-09, 5.26134869006e-09, 4.94085172775e-09, 4.96949414952e-09, 4.47357439981e-09, 3.97336386015e-09, 3.54048768081e-09, 2.90902124611e-09, 1.61346058736e-09, 7.41268102455e-10, 3.89715482108e-10, 4.16790343558e-12, 3.77885613426e-12, 3.69064024133e-12, 3.61171400946e-12, 3.54043942601e-12, 3.47291466418e-12, 3.41097376039e-12, 3.36715464538e-12, 3.33624751089e-12, 3.30869186216e-12, 3.28654074441e-12],
        "min": [1.61663585296e-10, 1.54394044216e-08, 9.46736822272e-09, 2.14905853113e-08, 3.71574415681e-08, 9.40781603731e-08, 1.06910405862e-07, 9.47888665337e-08, 3.32181457452e-07, 1.53749226683e-07, 2.03967005064e-07, 1.31110283519e-07, 8.06156918998e-08, 1.31820044658e-07, 2.53186584587e-07, 1.86815043435e-07, 2.34466753568e-07, 2.23639318619e-07, 2.99533468251e-07, 6.55793996884e-08, 4.96405831996e-08, 5.01417929399e-08, 4.96040613029e-08, 6.52936122947e-08, 7.02057292301e-08, 7.84277105481e-08, 1.92567796375e-07, 2.29275389785e-08, 3.45169262062e-08, 2.15831036599e-07, 1.80335007371e-07, 6.60918502149e-08, 3.44635431304e-08, 3.54359528387e-08, 8.59379838403e-08, 4.22018047175e-08, 3.24945368391e-08, 2.05935446473e-08, 1.18815517425e-08, 2.39527935264e-08, 6.81435707861e-08, 8.13478635564e-08, 4.09446627714e-08, 2.36988881852e-08, 2.77825655814e-08, 2.61965453774e-08, 3.31657545871e-08, 2.78842371415e-08, 1.52730237346e-08, 9.87474901848e-09, 1.95209395315e-08, 2.06556691751e-08, 2.23370069108e-08, 1.3351068695e-08, 1.13148690417e-08, 1.95774561007e-08, 2.07491499538e-08, 1.4142107041e-08, 5.75553960047e-09, 5.59093704666e-09, 8.18435541561e-09, 7.7447630531e-09, 1.44684610959e-08, 7.1794810097e-09, 6.9811498804e-09, 7.52791784464e-09, 5.42621414468e-09, 1.96531879659e-09, 2.69406852382e-09, 1.51901990986e-09, 1.77497472276e-09, 2.64249888637e-09, 1.45596101842e-09, 1.92360349871e-09, 2.08543871061e-09, 8.7436369256e-10, 1.21161780609e-09, 1.02882014019e-09, 1.13461029461e-09, 1.55025614568e-09, 2.06686379123e-09, 2.18359352822e-09, 1.81140535904e-09, 1.01265307251e-09, 1.99404492918e-09, 1.10370634854e-09, 1.96917104844e-09, 2.07188510792e-09, 1.48673384714e-09, 2.16693818444e-09, 1.56594281986e-09, 1.6034649164e-09, 1.96439109423e-09, 1.91393723092e-09, 1.06009145906e-09, 7.77285846798e-10, 1.07636743962e-09, 9.34505473005e-10, 6.08579742156e-10, 5.45046618949e-10, 4.45305681218e-10, 7.0806477348e-10, 8.57860338321e-10, 4.77743233862e-10, 1.72778208407e-10, 2.69071015468e-10, 1.15464304784e-10, 1.18789159065e-10, 2.48686210513e-10, 2.72395689338e-10, 1.13740038221e-10, 3.49672152344e-10, 2.40407138641e-10, 1.01717259615e-10, 1.82024145756e-10, 1.12899870008e-10, 5.53970931627e-13, 8.65064584635e-14, 3.44605020788e-14, 5.98139566306e-14, 6.73708525491e-14, 4.98085459596e-14, 6.49693176319e-14, 5.51042467678e-14, 5.70777623841e-14, 5.41715008625e-14, 5.79827188324e-14, 6.89431964209e-14],
        "stdev": [2.48900641964e-06, 4.83938456455e-05, 0.000341507431585, 0.00105413061101, 0.000981436343864, 0.000484787160531, 0.000399666605517, 0.000840568507556, 0.000918723468203, 0.000523847469594, 0.000952155271079, 0.000958723423537, 0.000392856803956, 0.000349797308445, 0.00086621241644, 0.00165734917391, 0.00209713354707, 0.0019190297462, 0.00150220026262, 0.00146790710278, 0.00161386746913, 0.00156158197206, 0.00108832039405, 0.00150516082067, 0.00161471194588, 0.00148514157627, 0.0012963413028, 0.000590549025219, 0.00124329165556, 0.000804556359071, 0.000654885778204, 0.000350936083123, 0.000239318454987, 0.000213427716517, 0.000342089741025, 0.000303745386191, 0.000248290918535, 0.000399987387937, 0.000357911456376, 0.000466590456199, 0.00065105187241, 0.000718822935596, 0.00039333497989, 0.000180224858923, 0.000257866020547, 0.000196079563466, 0.000155441157403, 0.000172031199327, 0.000119287004054, 0.000144725796417, 0.000126661354443, 8.62464585225e-05, 0.000113058267743, 8.5901345301e-05, 5.12615515618e-05, 8.72872915352e-05, 0.000165158518939, 9.03488980839e-05, 6.46457265248e-05, 5.98950209678e-05, 6.09757771599e-05, 4.68931248179e-05, 3.94855087507e-05, 3.18845268339e-05, 3.74091396225e-05, 2.66893039225e-05, 2.05799351534e-05, 2.01434068003e-05, 1.51961867232e-05, 9.05656452233e-06, 9.07248795556e-06, 5.56840268473e-06, 3.21493894262e-06, 2.98700001622e-06, 1.41900284234e-06, 1.39872906857e-06, 1.36556536745e-06, 1.84695045391e-06, 6.60936109398e-07, 5.47118361283e-07, 6.15930332515e-07, 4.81045390188e-07, 4.29603915109e-07, 3.54696794602e-07, 2.52455663485e-07, 1.7840848443e-07, 2.47179997359e-07, 2.02907912694e-07, 1.32381828166e-07, 1.18597661469e-07, 1.41569572065e-07, 1.10600232972e-07, 6.05665917419e-08, 4.46080576921e-08, 3.80804436872e-08, 2.90287918148e-08, 2.15237072609e-08, 1.53084851462e-08, 8.4155011848e-09, 4.69131800074e-09, 3.13173975641e-09, 2.14897055706e-09, 2.06141304027e-09, 2.03807304366e-09, 1.77354664288e-09, 1.75825698445e-09, 1.79892989394e-09, 1.82492143619e-09, 1.59439161873e-09, 1.63804714237e-09, 1.37828570779e-09, 1.22121435187e-09, 1.12598663726e-09, 9.76845604406e-10, 5.41598654813e-10, 2.51774989746e-10, 1.87805188068e-10, 1.27258871843e-11, 1.26103025591e-11, 1.24415269753e-11, 1.22957338755e-11, 1.21147467058e-11, 1.19145518104e-11, 1.17708993594e-11, 1.16002537437e-11, 1.15094964809e-11, 1.14169021459e-11, 1.13499331461e-11]
    },
    "mfcc": {
        "mean": [-672.431518555, 163.109130859, -59.234500885, 15.5556344986, -12.5721874237, -7.54268407822, -0.152216807008, 1.39097547531, -10.6159524918, 5.10769271851, -1.70448172092, -2.35036158562, -2.11155033112],
        "cov": [[2914.83666992, -32.007522583, -767.835510254, 52.9870109558, -382.151611328, 150.413604736, -157.056686401, 75.2091827393, -29.5712661743, 135.541107178, -97.4501953125, -69.4062423706, -30.1766223907], [-32.007522583, 673.278930664, 317.57333374, 161.781494141, 73.2054977417, -31.3344535828, 267.042266846, -25.3906803131, -22.9980220795, 121.81565094, 96.8946609497, -36.8477592468, 55.7088165283], [-767.835510254, 317.57333374, 680.040527344, 227.882873535, 171.494781494, 24.3718223572, 176.501953125, 27.9985198975, 12.2114973068, 3.82704043388, 75.0152282715, 36.4188499451, 38.2300415039], [52.9870109558, 161.781494141, 227.882873535, 626.805969238, 234.152648926, -137.894348145, 223.982574463, 120.140228271, -55.3492584229, 23.0890750885, 12.0510206223, -36.9888305664, 29.1569137573], [-382.151611328, 73.2054977417, 171.494781494, 234.152648926, 246.546875, -73.1299438477, 59.6297454834, 46.4510154724, 2.28465366364, -17.3596763611, 20.0131511688, 6.6966137886, -5.30900335312], [150.413604736, -31.3344535828, 24.3718223572, -137.894348145, -73.1299438477, 276.466705322, 50.2238731384, 3.15061879158, 90.4922866821, 43.5372390747, 6.66157102585, 23.3785648346, 4.51113080978], [-157.056686401, 267.042266846, 176.501953125, 223.982574463, 59.6297454834, 50.2238731384, 406.557098389, 67.4370117188, -31.5796470642, 110.544052124, 65.9735031128, -32.3520851135, 47.8528289795], [75.2091827393, -25.3906803131, 27.9985198975, 120.140228271, 46.4510154724, 3.15061879158, 67.4370117188, 118.12815094, 23.2881717682, -6.90901470184, 1.67052268982, 8.69517230988, 13.190738678], [-29.5712661743, -22.9980220795, 12.2114973068, -55.3492584229, 2.28465366364, 90.4922866821, -31.5796470642, 23.2881717682, 144.584609985, 36.2967720032, -0.55267226696, 15.9633903503, -1.50657963753], [135.541107178, 121.81565094, 3.82704043388, 23.0890750885, -17.3596763611, 43.5372390747, 110.544052124, -6.90901470184, 36.2967720032, 156.625259399, 59.9280281067, -25.0067043304, 11.6329526901], [-97.4501953125, 96.8946609497, 75.0152282715, 12.0510206223, 20.0131511688, 6.66157102585, 65.9735031128, 1.67052268982, -0.55267226696, 59.9280281067, 96.5469741821, 29.65376091, 12.740521431], [-69.4062423706, -36.8477592468, 36.4188499451, -36.9888305664, 6.6966137886, 23.3785648346, -32.3520851135, 8.69517230988, 15.9633903503, -25.0067043304, 29.65376091, 94.6429367065, 22.1371879578], [-30.1766223907, 55.7088165283, 38.2300415039, 29.1569137573, -5.30900335312, 4.51113080978, 47.8528289795, 13.190738678, -1.50657963753, 11.6329526901, 12.740521431, 22.1371879578, 88.5750427246]],
        "icov": [[0.00358394882642, -0.00438706995919, 0.00464887265116, -0.00522282486781, 0.00587346917018, -0.00592417549342, 0.00676521193236, -0.00651817163453, 0.00540192704648, -0.00501234550029, 0.003418055363, -0.0028744849842, 0.00263944314793], [-0.00438706995919, 0.00847103167325, -0.00676817446947, 0.00650837039575, -0.00713651115075, 0.00825349334627, -0.00976661313325, 0.00970999710262, -0.00722123263404, 0.00550531363115, -0.00544582866132, 0.00485800160095, -0.00433800555766], [0.00464887265116, -0.00676817446947, 0.00878912676126, -0.00751063181087, 0.00666194455698, -0.00861021224409, 0.0084461979568, -0.00766239920631, 0.0062519707717, -0.00448161689565, 0.00284070405178, -0.00418989080936, 0.00326880579814], [-0.00522282486781, 0.00650837039575, -0.00751063181087, 0.0119755771011, -0.0113415801898, 0.0100865373388, -0.0109124807641, 0.00648543844, -0.00627231458202, 0.00531859369949, -0.00262386491522, 0.00457556871697, -0.00440835533664], [0.00587346917018, -0.00713651115075, 0.00666194455698, -0.0113415801898, 0.0178234800696, -0.0081952624023, 0.0107476506382, -0.0101492144167, 0.00611238693818, -0.00584379164502, 0.00347659387626, -0.00521526485682, 0.00621302705258], [-0.00592417549342, 0.00825349334627, -0.00861021224409, 0.0100865373388, -0.0081952624023, 0.0166980028152, -0.0139487078413, 0.01127288118, -0.0127857858315, 0.00755089009181, -0.00417399033904, 0.00309587619267, -0.00368041172624], [0.00676521193236, -0.00976661313325, 0.0084461979568, -0.0109124807641, 0.0107476506382, -0.0139487078413, 0.0194546021521, -0.0159559436142, 0.0139477457851, -0.012522181496, 0.00570260966197, -0.0038541443646, 0.00363939045928], [-0.00651817163453, 0.00970999710262, -0.00766239920631, 0.00648543844, -0.0101492144167, 0.01127288118, -0.0159559436142, 0.0269619394094, -0.0153909977525, 0.0135411731899, -0.00859747175127, 0.00468848738819, -0.00570817803964], [0.00540192704648, -0.00722123263404, 0.0062519707717, -0.00627231458202, 0.00611238693818, -0.0127857858315, 0.0139477457851, -0.0153909977525, 0.0218024179339, -0.0145765347406, 0.00954108405858, -0.00625297566876, 0.0039983629249], [-0.00501234550029, 0.00550531363115, -0.00448161689565, 0.00531859369949, -0.00584379164502, 0.00755089009181, -0.012522181496, 0.0135411731899, -0.0145765347406, 0.0240720342845, -0.0163370557129, 0.0103103481233, -0.00460925139487], [0.003418055363, -0.00544582866132, 0.00284070405178, -0.00262386491522, 0.00347659387626, -0.00417399033904, 0.00570260966197, -0.00859747175127, 0.00954108405858, -0.0163370557129, 0.0269931796938, -0.013689394109, 0.00469429511577], [-0.0028744849842, 0.00485800160095, -0.00418989080936, 0.00457556871697, -0.00521526485682, 0.00309587619267, -0.0038541443646, 0.00468848738819, -0.00625297566876, 0.0103103481233, -0.013689394109, 0.0214695185423, -0.0076759471558], [0.00263944314793, -0.00433800555766, 0.00326880579814, -0.00440835533664, 0.00621302705258, -0.00368041172624, 0.00363939045928, -0.00570817803964, 0.0039983629249, -0.00460925139487, 0.00469429511577, -0.0076759471558, 0.0163180157542]]
    },
    "spectral_contrast_coeffs": {
        "max": [-0.348349630833, -0.413763344288, -0.50438028574, -0.558863580227, -0.543167769909, -0.618244349957],
        "mean": [-0.695786178112, -0.715830624104, -0.701091647148, -0.73847335577, -0.730467140675, -0.758727967739],
        "min": [-0.880091488361, -0.922299861908, -0.952381432056, -0.904010415077, -0.893816053867, -0.8893045187],
        "stdev": [0.0756140947342, 0.0930988565087, 0.0824448391795, 0.0648180916905, 0.0646417737007, 0.0487766340375]
    },
    "spectral_contrast_valleys": {
        "max": [-5.63945007324, -4.59292793274, -5.19035148621, -5.28552913666, -5.89390897751, -10.5397624969],
        "mean": [-7.54991436005, -6.64964056015, -7.2030339241, -7.51119041443, -7.92560195923, -11.5962619781],
        "min": [-10.2452487946, -8.87177944183, -9.65275669098, -9.95866680145, -10.3909091949, -12.4190073013],
        "stdev": [0.893710911274, 0.650287866592, 0.843400299549, 0.943073987961, 0.695490658283, 0.278624266386]
    }
},
"rhythm": {
    "beats_count": 63,
    "beats_loudness": {
        "max": 0.145693942904,
        "mean": 0.0297412015498,
        "min": 0.00018188499962,
        "stdev": 0.0232928749174
    },
    "bpm": 128.378479004,
    "bpm_histogram_first_peak_bpm": 129,
    "bpm_histogram_first_peak_weight": 0.368421077728,
    "bpm_histogram_second_peak_bpm": 152,
    "bpm_histogram_second_peak_spread": 0,
    "bpm_histogram_second_peak_weight": 0.177419349551,
    "danceability": 0.953030824661,
    "onset_rate": 1.85570693016,
    "beats_loudness_band_ratio": {
        "max": [0.651127636433, 0.70496982336, 0.765325367451, 0.842817604542, 0.458858966827, 0.106849484146],
        "mean": [0.114432647824, 0.174327760935, 0.306339114904, 0.292423009872, 0.136055275798, 0.0277106575668],
        "min": [0.0002867631556, 0.00436799274758, 0.013857181184, 0.0250125862658, 0.00275458022952, 0.000632102950476],
        "stdev": [0.136093273759, 0.185312390327, 0.189697518945, 0.181377142668, 0.124995484948, 0.0237397234887]
    },
    "beats_position": [0.359909296036, 0.743038535118, 1.1261677742, 1.48607707024, 1.8575963974, 2.22911548615, 2.60063481331, 2.97215414047, 3.33206343651, 3.70358276367, 4.07510185242, 4.55111122131, 5.02712011337, 5.50312900543, 6.01396799088, 6.51319694519, 7.01242637634, 7.52326536179, 8.03410434723, 8.53333282471, 9.04417228699, 9.55501079559, 10.0658502579, 10.5882987976, 11.1223583221, 11.6448068619, 12.1788663864, 12.7013149261, 13.2121543884, 13.722992897, 14.2338323593, 14.7446708679, 15.2206802368, 15.696688652, 16.1610889435, 16.6254863739, 17.0898857117, 17.5426750183, 18.0186843872, 18.483083725, 18.9474830627, 19.4118824005, 19.8762817383, 20.3406791687, 20.8050785065, 21.2694778442, 21.733877182, 22.1982765198, 22.5930156708, 22.9877548218, 23.3824939728, 23.7772331238, 24.1719722748, 24.5667114258, 24.9614505768, 25.3561897278, 25.7393188477, 26.1224479675, 26.5171871185, 26.9003162384, 27.2834453583, 27.6781845093, 28.0729255676],
