{
"metadata": {
    "version": {
        "essentia": "2.1-beta5",
        "essentia_git_sha": "Undefined",
        "extractor": "music 2.0"
    },
    "audio_properties": {
        "analysis": {
            "equal_loudness": 0,
            "length": 48.7502937317,
            "sample_rate": 44100,
            "start_time": 93.9943771362,
            "downmix": "mix"
        },
        "bit_rate": 192000,
        "length": 165.349304199,
        "lossless": 0,
        "number_channels": 2,
        "replay_gain": -8.18169403076,
        "sample_rate": 44100,
        "codec": "mp3",
        "md5_encoded": "6bea6628bf8f90a16dc8fd39894b99fd"
    },
    "tags": {
        "file_name": "Ireland_Ceol On Ghrá_Sandie Jones.mp3",
        "encoding": ["Lavf58.29.100"]
    }
},
"lowlevel": {
    "average_loudness": 0.944531857967,
    "barkbands_crest": {
        "max": 23.5675258636,
        "mean": 11.1435184479,
        "min": 3.43079853058,
        "stdev": 4.43381738663
    },
    "barkbands_flatness_db": {
        "max": 0.332064539194,
        "mean": 0.20731292665,
        "min": 0.0943743661046,
        "stdev": 0.0402567535639
    },
    "barkbands_kurtosis": {
        "max": 36.5122680664,
        "mean": 1.98060655594,
        "min": -1.72425043583,
        "stdev": 3.00312805176
    },
    "barkbands_skewness": {
        "max": 4.84479141235,
        "mean": 0.460749655962,
        "min": -2.24385499954,
        "stdev": 0.931467950344
    },
    "barkbands_spread": {
        "max": 56.92786026,
        "mean": 11.7080192566,
        "min": 1.36117517948,
        "stdev": 6.71101474762
    },
    "dissonance": {
        "max": 0.499581903219,
        "mean": 0.423435479403,
        "min": 0.18881765008,
        "stdev": 0.0492314994335
    },
    "dynamic_complexity": 2.50116896629,
    "erbbands_crest": {
        "max": 31.3185806274,
        "mean": 13.2644042969,
        "min": 3.70875144005,
        "stdev": 5.4613442421
    },
    "erbbands_flatness_db": {
        "max": 0.409815490246,
        "mean": 0.257532000542,
        "min": 0.140951469541,
        "stdev": 0.0463432781398
    },
    "erbbands_kurtosis": {
        "max": 32.1339416504,
        "mean": 2.032787323,
        "min": -1.75693082809,
        "stdev": 3.44036269188
    },
    "erbbands_skewness": {
        "max": 3.5465991497,
        "mean": 0.565101802349,
        "min": -2.48279523849,
        "stdev": 0.719347715378
    },
    "erbbands_spread": {
        "max": 61.7231674194,
        "mean": 16.7817249298,
        "min": 1.31455230713,
        "stdev": 10.3360147476
    },
    "hfc": {
        "max": 88.2002487183,
        "mean": 21.9316215515,
        "min": 0.157024621964,
        "stdev": 14.3159952164
    },
    "loudness_ebu128": {
        "integrated": -15.3227405548,
        "loudness_range": 3.08739566803,
        "momentary": {
            "max": -11.6529855728,
            "mean": -15.768324852,
            "min": -22.8901176453,
            "stdev": 2.10205221176
        },
        "short_term": {
            "max": -13.3677082062,
            "mean": -15.3142261505,
            "min": -18.500169754,
            "stdev": 1.00307512283
        }
    },
    "melbands_crest": {
        "max": 30.9191150665,
        "mean": 13.4859609604,
        "min": 4.23245573044,
        "stdev": 4.82117557526
    },
    "melbands_flatness_db": {
        "max": 0.403941839933,
        "mean": 0.265682339668,
        "min": 0.10235337168,
        "stdev": 0.0459566749632
    },
    "melbands_kurtosis": {
        "max": 49.7572593689,
        "mean": 2.95344519615,
        "min": -1.5683825016,
        "stdev": 4.32318878174
    },
    "melbands_skewness": {
        "max": 5.76692914963,
        "mean": 0.81710755825,
        "min": -2.0579457283,
        "stdev": 1.10746717453
    },
    "melbands_spread": {
        "max": 69.6390075684,
        "mean": 17.3247699738,
        "min": 1.8898537159,
        "stdev": 8.12343215942
    },
    "pitch_salience": {
        "max": 0.774596631527,
        "mean": 0.530507743359,
        "min": 0.216194957495,
        "stdev": 0.0947761982679
    },
    "silence_rate_20dB": {
        "max": 1,
        "mean": 1,
        "min": 1,
        "stdev": 0
    },
    "silence_rate_30dB": {
        "max": 1,
        "mean": 1,
        "min": 1,
        "stdev": 0
    },
    "silence_rate_60dB": {
        "max": 1,
        "mean": 0.00523560214788,
        "min": 0,
        "stdev": 0.0721690654755
    },
    "spectral_centroid": {
        "max": 3235.0234375,
        "mean": 942.975524902,
        "min": 297.26171875,
        "stdev": 314.293334961
    },
    "spectral_complexity": {
        "max": 43,
        "mean": 15.9619226456,
        "min": 0,
        "stdev": 4.63584852219
    },
    "spectral_decrease": {
        "max": -7.83194620269e-11,
        "mean": -7.51917017539e-09,
        "min": -2.71975189037e-08,
        "stdev": 4.20853218941e-09
    },
    "spectral_energy": {
        "max": 0.110649682581,
        "mean": 0.0303683560342,
        "min": 0.000309838418616,
        "stdev": 0.0170784592628
    },
    "spectral_energyband_high": {
        "max": 0.00242433859967,
        "mean": 5.27194752067e-05,
        "min": 1.90916875908e-06,
        "stdev": 0.00014657790598
    },
    "spectral_energyband_low": {
        "max": 0.0217097401619,
        "mean": 0.00314629054628,
        "min": 4.32059459854e-06,
        "stdev": 0.00260176742449
    },
    "spectral_energyband_middle_high": {
        "max": 0.0797045826912,
        "mean": 0.0120813809335,
        "min": 9.22665785765e-05,
        "stdev": 0.0127044124529
    },
    "spectral_energyband_middle_low": {
        "max": 0.0939192026854,
        "mean": 0.0168294776231,
        "min": 9.59746903391e-05,
        "stdev": 0.0125384870917
    },
    "spectral_entropy": {
        "max": 8.04667377472,
        "mean": 6.82391452789,
        "min": 5.58974027634,
        "stdev": 0.389183729887
    },
    "spectral_flux": {
        "max": 0.23843690753,
        "mean": 0.0876612439752,
        "min": 0.0153120560572,
        "stdev": 0.0400055535138
    },
    "spectral_kurtosis": {
        "max": 60.0241012573,
        "mean": 15.221985817,
        "min": -0.702946901321,
        "stdev": 8.2389125824
    },
    "spectral_rms": {
        "max": 0.0103899426758,
        "mean": 0.00520270038396,
        "min": 0.000549801217858,
        "stdev": 0.00159987516236
    },
    "spectral_rolloff": {
        "max": 5900.09765625,
        "mean": 1094.73046875,
        "min": 279.931640625,
        "stdev": 480.22769165
    },
    "spectral_skewness": {
        "max": 6.22902870178,
        "mean": 2.58913254738,
        "min": 0.0299674347043,
        "stdev": 0.815545260906
    },
    "spectral_spread": {
        "max": 4906448.5,
        "mean": 2266889,
        "min": 1369164.5,
        "stdev": 513381.4375
    },
    "spectral_strongpeak": {
        "max": 10.0498199463,
        "mean": 2.32292222977,
        "min": 0,
        "stdev": 1.85056221485
    },
    "zerocrossingrate": {
        "max": 0.1220703125,
        "mean": 0.0399000830948,
        "min": 0.0068359375,
        "stdev": 0.0109887411818
    },
    "barkbands": {
        "max": [0.000329029164277, 0.0124558024108, 0.00901496969163, 0.0221902094781, 0.0268550515175, 0.0463187023997, 0.0670570284128, 0.0447500757873, 0.0647080540657, 0.0965830236673, 0.0245152693242, 0.019280416891, 0.0355387181044, 0.0178163982928, 0.0184832699597, 0.00879818946123, 0.0108515387401, 0.00305939791724, 0.00167713756673, 0.00118652987294, 0.000954561750405, 0.0013624841813, 0.000474539177958, 3.83209771826e-05, 9.123997188e-06, 1.23142592656e-06, 1.06268021227e-06],
        "mean": [2.25872008741e-06, 0.00159365916625, 0.00121838867199, 0.000807099917438, 0.00183044141158, 0.00294086663052, 0.00261906441301, 0.00241608940996, 0.00374356051907, 0.0073060085997, 0.00142582354601, 0.00150507234503, 0.000854736252222, 0.000639113190118, 0.000368210283341, 0.000313717289828, 0.000410740030929, 0.000185985860298, 9.96091912384e-05, 5.3276802646e-05, 1.38347540997e-05, 1.00825945992e-05, 7.25680411051e-06, 2.0555885385e-06, 8.0930317381e-07, 6.32497403785e-07, 8.52032844278e-09],
        "min": [4.72205297086e-09, 5.5174461977e-07, 7.18032254099e-07, 4.77845730984e-07, 1.26582444864e-05, 1.7643744286e-05, 4.63675905849e-06, 2.13205521504e-06, 6.68122856951e-06, 4.01898296332e-06, 5.0542075769e-06, 1.26784243548e-06, 2.76701666735e-06, 2.84868951894e-06, 6.79718709762e-07, 1.13883788799e-06, 1.97700344984e-07, 4.47952402283e-07, 3.93529319354e-07, 2.69457046898e-07, 2.27837929856e-07, 1.82154224149e-07, 1.96171114908e-07, 2.00523629701e-07, 1.70245414211e-07, 1.71956386907e-07, 1.58788732163e-10],
        "stdev": [7.90247486293e-06, 0.00154967536218, 0.00153531122487, 0.00165180815384, 0.00272194412537, 0.00460728816688, 0.00571891712025, 0.00373766943812, 0.00699534872547, 0.0122794713825, 0.00247421534732, 0.00223718257621, 0.00193571182899, 0.00143731024582, 0.000813727208879, 0.00063008692814, 0.00101474160329, 0.000292790355161, 0.00012210746354, 9.16968638194e-05, 5.00510868733e-05, 5.14581079187e-05, 2.25579005928e-05, 3.91473486161e-06, 5.28978091552e-07, 9.58219104064e-08, 2.40440840571e-08]
    },
    "erbbands": {
        "max": [0.136500507593, 3.40787363052, 11.7188634872, 44.8136253357, 82.8498306274, 96.9864883423, 438.085205078, 362.257507324, 731.828369141, 882.825256348, 922.13671875, 2042.9675293, 3646.99438477, 1520.41589355, 703.902099609, 923.494445801, 1941.42858887, 880.854980469, 865.952209473, 423.75881958, 345.83505249, 728.975463867, 193.82144165, 99.1567687988, 62.0312995911, 51.2257919312, 69.9509124756, 33.0438728333, 60.5484352112, 34.8795166016, 10.5100364685, 2.26417136192, 0.45611128211, 0.184731811285, 0.0109057398513, 0.00610152678564, 0.00195478950627, 0.000648557615932, 0.000154360663146, 0.000128939253045],
        "mean": [0.0162862148136, 0.461410343647, 1.60464298725, 1.81647539139, 3.551476717, 5.99044132233, 18.7351207733, 22.6142082214, 37.5477371216, 43.5077819824, 59.5724830627, 81.9947357178, 205.797317505, 131.418746948, 57.8533096313, 62.5006980896, 44.8055152893, 32.6863021851, 23.2668800354, 20.1945381165, 16.9823131561, 23.6187171936, 12.0678386688, 7.46927404404, 3.80377578735, 2.22494387627, 0.803234875202, 0.508999288082, 0.384488612413, 0.266418427229, 0.199332281947, 0.0803977027535, 0.0252046491951, 0.0105294333771, 0.00531382951885, 0.00315597653389, 0.00116648653056, 0.000101098405139, 1.77683104994e-05, 3.5380024201e-05],
        "min": [2.6885600164e-05, 0.000120837037684, 0.00112973165233, 0.00535725383088, 0.0274768378586, 0.0620441511273, 0.102425202727, 0.13031513989, 0.0487937293947, 0.0978656262159, 0.118112266064, 0.165742069483, 0.29394736886, 0.329286247492, 0.18180270493, 0.136953905225, 0.26946169138, 0.193591877818, 0.0976956039667, 0.0705120638013, 0.0331146195531, 0.012603324838, 0.0249373391271, 0.0345244333148, 0.026119267568, 0.0139545556158, 0.0111633865163, 0.00899888388813, 0.00638652406633, 0.00615858659148, 0.00470233289525, 0.00461812783033, 0.00302431010641, 0.00177282933146, 0.00126995053142, 0.00063862267416, 0.000351813912857, 4.34987996414e-05, 2.39050427808e-06, 1.4078817685e-06],
        "stdev": [0.0164048504084, 0.439621895552, 1.87341976166, 2.63431954384, 6.7038731575, 9.30622005463, 35.9185142517, 37.0736541748, 69.6845932007, 83.3031082153, 95.4677505493, 152.877593994, 360.225646973, 219.321792603, 83.5201263428, 90.3193588257, 96.5385818481, 68.6676864624, 44.7004470825, 35.6852264404, 31.6255054474, 60.6399497986, 19.7933063507, 8.2382478714, 4.24618053436, 4.00999498367, 2.56664872169, 1.90782630444, 1.98526847363, 1.17797529697, 0.598102927208, 0.19295398891, 0.0429015979171, 0.0125873805955, 0.00102241127752, 0.000577899860218, 0.000203754738322, 2.18031818804e-05, 9.31679824134e-06, 1.98652742256e-05]
    },
    "gfcc": {
        "mean": [-39.6269569397, 151.344726562, -145.242843628, -6.46114826202, -46.8782081604, -0.82294857502, -28.2977237701, 12.9283437729, -20.8723430634, -6.23951530457, -9.24549484253, -0.65401238203, -10.3037948608],
        "cov": [[942.083557129, 56.7672996521, -304.585174561, 164.551086426, -41.6425437927, -66.7528533936, 89.0619125366, -32.748790741, 93.380607605, -95.3686676025, 40.0834541321, -83.9708938599, -49.7241096497], [56.7672996521, 285.469207764, 117.165672302, -166.944946289, 138.562591553, 9.09155750275, 44.6005706787, 51.9743766785, -27.9477443695, 19.5485591888, 40.9484176636, -18.2114067078, 0.658022522926], [-304.585174561, 117.165672302, 359.288391113, 57.0877113342, 9.08489513397, 49.6769485474, -29.2005748749, -2.7624130249, -14.4490346909, 16.6175117493, -30.453792572, 39.7218742371, 3.79353833199], [164.551086426, -166.944946289, 57.0877113342, 519.875915527, -60.2258071899, -26.0694484711, -71.3267440796, -74.7061843872, 100.275611877, -27.7370967865, -107.419006348, 24.3876667023, -9.89878845215], [-41.6425437927, 138.562591553, 9.08489513397, -60.2258071899, 247.617507935, 55.9011726379, 31.6709518433, 74.4195480347, -14.0832328796, 42.7586708069, 18.9691104889, 1.48851811886, 28.0317020416], [-66.7528533936, 9.09155750275, 49.6769485474, -26.0694484711, 55.9011726379, 223.115570068, 147.659881592, 26.4598693848, -23.8338432312, 15.6110525131, 21.9713954926, -8.96591091156, -6.67678356171], [89.0619125366, 44.6005706787, -29.2005748749, -71.3267440796, 31.6709518433, 147.659881592, 271.105133057, 79.3792953491, -46.8868942261, 16.2425441742, 60.1521530151, -34.1556282043, -12.7892065048], [-32.748790741, 51.9743766785, -2.7624130249, -74.7061843872, 74.4195480347, 26.4598693848, 79.3792953491, 129.523956299, 23.0381717682, 13.926486969, 37.7633056641, -0.495533794165, 5.45586204529], [93.380607605, -27.9477443695, -14.4490346909, 100.275611877, -14.0832328796, -23.8338432312, -46.8868942261, 23.0381717682, 124.778518677, 27.7345962524, -15.8376131058, 6.38132953644, -4.01758384705], [-95.3686676025, 19.5485591888, 16.6175117493, -27.7370967865, 42.7586708069, 15.6110525131, 16.2425441742, 13.926486969, 27.7345962524, 119.065666199, 36.0419921875, -0.085433229804, 10.1098566055], [40.0834541321, 40.9484176636, -30.453792572, -107.419006348, 18.9691104889, 21.9713954926, 60.1521530151, 37.7633056641, -15.8376131058, 36.0419921875, 122.478683472, 21.7200374603, -1.63602817059], [-83.9708938599, -18.2114067078, 39.7218742371, 24.3876667023, 1.48851811886, -8.96591091156, -34.1556282043, -0.495533794165, 6.38132953644, -0.085433229804, 21.7200374603, 89.2039031982, 39.9839134216], [-49.7241096497, 0.658022522926, 3.79353833199, -9.89878845215, 28.0317020416, -6.67678356171, -12.7892065048, 5.45586204529, -4.01758384705, 10.1098566055, -1.63602817059, 39.9839134216, 75.4533920288]],
        "icov": [[0.0207062568516, -0.0292779468, 0.0243972800672, -0.0163195300847, 0.00900080148131, 0.000221276291995, -0.0083069903776, 0.0145013090223, -0.0184740126133, 0.0205293558538, -0.0177199151367, 0.0121389301494, -0.0057987999171], [-0.0292779468, 0.0584708601236, -0.0448650941253, 0.0301321931183, -0.0262511856854, 0.00958072394133, 0.00203261408024, -0.00905015319586, 0.0148566383868, -0.0208927541971, 0.0195994805545, -0.0111664999276, 0.00793651025742], [0.0243972800672, -0.0448650941253, 0.0388685278594, -0.0241037979722, 0.0195950567722, -0.00757213868201, -0.00214459490962, 0.00788604374975, -0.0123694818467, 0.0172943100333, -0.0157481655478, 0.00831393431872, -0.00525373313576], [-0.0163195300847, 0.0301321931183, -0.0241037979722, 0.0194372516125, -0.0134856142104, 0.00482545560226, 0.00044320631423, -0.00322916684672, 0.00579593516886, -0.0117528624833, 0.0142643963918, -0.00935712084174, 0.00564120709896], [0.00900080148131, -0.0262511856854, 0.0195950567722, -0.0134856142104, 0.0214281529188, -0.0105457035825, 0.00731580983847, -0.0089380312711, 0.00479720951989, -0.000473922409583, -0.00298596685752, 0.00169526506215, -0.00424566771835], [0.000221276291995, 0.00958072394133, -0.00757213868201, 0.00482545560226, -0.0105457035825, 0.0149319404736, -0.0125542879105, 0.0113699808717, -0.00968374311924, 0.00599562143907, -0.00269152922556, 0.00211503379978, 0.000866996881086], [-0.0083069903776, 0.00203261408024, -0.00214459490962, 0.00044320631423, 0.00731580983847, -0.0125542879105, 0.0205677766353, -0.0211936309934, 0.0206413157284, -0.0150097981095, 0.00726316450164, -0.00402297778055, 0.00126327108592], [0.0145013090223, -0.00905015319586, 0.00788604374975, -0.00322916684672, -0.0089380312711, 0.0113699808717, -0.0211936309934, 0.0374896042049, -0.0315168984234, 0.0245664678514, -0.0177354123443, 0.0111355306581, -0.00441635027528], [-0.0184740126133, 0.0148566383868, -0.0123694818467, 0.00579593516886, 0.00479720951989, -0.00968374311924, 0.0206413157284, -0.0315168984234, 0.0416882447898, -0.0303089618683, 0.0206986218691, -0.0148693853989, 0.00682579865679], [0.0205293558538, -0.0208927541971, 0.0172943100333, -0.0117528624833, -0.000473922409583, 0.00599562143907, -0.0150097981095, 0.0245664678514, -0.0303089618683, 0.0370982475579, -0.0250714141876, 0.0178758855909, -0.00891496520489], [-0.0177199151367, 0.0195994805545, -0.0157481655478, 0.0142643963918, -0.00298596685752, -0.00269152922556, 0.00726316450164, -0.0177354123443, 0.0206986218691, -0.0250714141876, 0.0328469984233, -0.0214118137956, 0.0107193896547], [0.0121389301494, -0.0111664999276, 0.00831393431872, -0.00935712084174, 0.00169526506215, 0.00211503379978, -0.00402297778055, 0.0111355306581, -0.0148693853989, 0.0178758855909, -0.0214118137956, 0.0312447044998, -0.0156865026802], [-0.0057987999171, 0.00793651025742, -0.00525373313576, 0.00564120709896, -0.00424566771835, 0.000866996881086, 0.00126327108592, -0.00441635027528, 0.00682579865679, -0.00891496520489, 0.0107193896547, -0.0156865026802, 0.0226571559906]]
    },
    "melbands": {
        "max": [0.0024731028825, 0.00542438076809, 0.00808423478156, 0.00543511705473, 0.0115060033277, 0.00744873890653, 0.0121577270329, 0.0102854855359, 0.0102432398126, 0.0122286016122, 0.0182665660977, 0.0073975934647, 0.00309073296376, 0.00235871062614, 0.00225377758034, 0.0038261602167, 0.00201045488939, 0.00110931845848, 0.00122004724108, 0.000724441837519, 0.000488751742523, 0.000913080701139, 0.000268982199486, 0.000165002187714, 9.11293245736e-05, 2.87041839329e-05, 4.95586209581e-05, 3.9283750084e-05, 6.57236960251e-05, 1.76781595655e-05, 1.79129947355e-05, 3.66011627193e-05, 2.59032622125e-05, 1.62851429195e-05, 7.66219545767e-06, 3.49672359334e-06, 8.19417493858e-07, 2.37141748016e-07, 4.5263269044e-07, 5.69027811537e-08],
        "mean": [0.000297870574286, 0.000756437017117, 0.00038246132317, 0.000316545600072, 0.000583998975344, 0.000549432181288, 0.000560768530704, 0.000493628787808, 0.000530796998646, 0.000512739527039, 0.00107194751035, 0.000598832673859, 0.000185211581993, 0.000155448738951, 0.000156831432832, 7.15577698429e-05, 6.15733806626e-05, 3.97290095862e-05, 2.94088440569e-05, 2.56469411397e-05, 1.79996368388e-05, 2.71659700957e-05, 1.35338714244e-05, 8.47620776767e-06, 6.00062685407e-06, 2.71948488262e-06, 2.58340423898e-06, 1.20824608985e-06, 5.61394472243e-07, 3.28463613641e-07, 2.67703427426e-07, 2.23761432494e-07, 1.7369855243e-07, 1.33216147447e-07, 1.13895922027e-07, 9.57818002689e-08, 3.28516307491e-08, 1.6505277145e-08, 1.43719152135e-08, 6.85382950394e-09],
        "min": [2.30991602734e-07, 6.88682121108e-07, 1.57501779086e-06, 2.64648178927e-06, 2.01373950404e-06, 2.8574731914e-06, 9.68300014392e-07, 8.64865228323e-07, 8.82195251961e-07, 9.31212298383e-07, 1.24932932977e-06, 1.21000880426e-06, 7.00548014265e-07, 1.48551805523e-07, 2.94552449986e-07, 2.86961181928e-07, 3.30754005518e-07, 1.53336856101e-07, 5.20481222566e-08, 1.16614835122e-07, 2.01703187486e-08, 9.69246549687e-09, 2.4256605613e-08, 1.86997599627e-08, 1.92103097874e-08, 1.16039515774e-08, 1.45477452307e-08, 7.04399827356e-09, 7.45553752068e-09, 4.20814938451e-09, 3.76593201068e-09, 3.20208615179e-09, 2.47034792622e-09, 2.60380406125e-09, 2.71198774549e-09, 2.20114704241e-09, 2.6395365893e-09, 1.67689884201e-09, 1.38345301881e-09, 1.56932544737e-09],
        "stdev": [0.000291319098324, 0.000738006317988, 0.000605695415288, 0.000448894948931, 0.001030701329, 0.00084008340491, 0.00110191351268, 0.000876697187778, 0.000975768547505, 0.000991763779894, 0.0018790694885, 0.00107054074761, 0.000297916703857, 0.000240599852987, 0.000244082693825, 0.00019264673756, 0.000149642757606, 8.21150824777e-05, 6.41816805e-05, 5.21431320522e-05, 3.99843920604e-05, 7.64889846323e-05, 2.53232392424e-05, 1.2592823623e-05, 7.43833379602e-06, 3.01212457998e-06, 3.89162460124e-06, 2.73830005426e-06, 2.01222974283e-06, 1.22643530176e-06, 1.04909850052e-06, 1.16208366308e-06, 9.4384915883e-07, 5.61283229672e-07, 3.69389795196e-07, 2.80065677316e-07, 6.86372274572e-08, 2.32691732549e-08, 3.26063869238e-08, 3.85771814493e-09]
    },
    "melbands128": {
        "max": [0.000193042287719, 0.000408383377362, 0.00346176419407, 0.00726344622672, 0.00801048614085, 0.00360569055192, 0.00987727101892, 0.0111532984301, 0.00935684982687, 0.00434186588973, 0.00587119860575, 0.0125552918762, 0.0219851452857, 0.0174433104694, 0.0112075861543, 0.0163022316992, 0.0197384376079, 0.021761700511, 0.0246354155242, 0.016349837184, 0.0179797858, 0.00587234739214, 0.015987791121, 0.0197640284896, 0.0240996275097, 0.0136076277122, 0.0248834025115, 0.0368745885789, 0.0246304478496, 0.0143215823919, 0.0131148537621, 0.00568980490789, 0.00526644894853, 0.0045503238216, 0.0054220398888, 0.00503489747643, 0.00369991315529, 0.0049679800868, 0.00386467180215, 0.0106213893741, 0.00507114548236, 0.00329750496894, 0.00168712704908, 0.00446670874953, 0.00242087547667, 0.00157128914725, 0.00417805137113, 0.00137979502324, 0.0013323626481, 0.00165028497577, 0.00114434678108, 0.00146946881432, 0.00063252489781, 0.00118136184756, 0.00216517574154, 0.00193934910931, 0.00140340998769, 0.000795021245722, 0.000505536794662, 0.00035985163413, 0.000296864454867, 0.000162728509167, 0.000247072282946, 0.000145669284393, 8.50757496664e-05, 3.82983707823e-05, 6.39548452455e-05, 8.68140195962e-05, 8.19506312837e-05, 7.50671460992e-05, 5.56522827537e-05, 4.96173670399e-05, 0.000111289744382, 7.17200018698e-05, 2.18894474528e-05, 2.29096076509e-05, 2.04204534384e-05, 3.52348179149e-05, 1.48065873873e-05, 4.14258502133e-05, 2.44385446422e-05, 7.21074247849e-05, 2.62377125182e-05, 2.87629791274e-05, 2.37108106376e-05, 2.01440343517e-05, 1.24210619106e-05, 1.29824620672e-05, 1.03572037915e-05, 6.00817384111e-06, 7.61578985475e-06, 4.78205311083e-06, 1.37107736009e-06, 1.32417983423e-06, 4.82377231492e-07, 2.72624276931e-07, 2.54563786939e-07, 7.28829263608e-07, 7.44372641748e-07, 3.16762822195e-07, 1.44067328733e-07, 2.62340993373e-08, 2.6976321621e-08, 1.80923915849e-08, 1.54307464584e-08, 1.42440832462e-08, 1.78145125318e-08, 1.65653695205e-08, 1.42229383826e-08, 1.46999354911e-08, 1.23353895987e-08, 1.23552545972e-08, 9.72416369649e-09, 7.57671969609e-09, 5.91560311847e-09, 4.76453987375e-09, 5.32307309342e-09, 4.74891725943e-09, 4.68876759641e-09, 4.61590055068e-09, 4.53880888429e-09, 4.47392256575e-09, 4.39998304458e-09, 4.33656976995e-09, 4.27955937354e-09, 4.23764312529e-09, 4.20600043682e-09, 4.19383860972e-09],
        "mean": [1.87467480828e-06, 3.63976650988e-05, 0.000347725028405, 0.000925724045373, 0.000990943633951, 0.000473977794172, 0.000318779260851, 0.000444696983323, 0.000355180469342, 0.000253187899943, 0.000294566649245, 0.000493960164022, 0.000695834925864, 0.000691566732712, 0.000416969473008, 0.000525424955413, 0.000703321420588, 0.000525937823113, 0.000478689180454, 0.000433976005297, 0.00059798755683, 0.00039610901149, 0.000509482284542, 0.000713177432772, 0.000455331464764, 0.000436831440311, 0.00058964220807, 0.00127021537628, 0.00144507922232, 0.000750827835873, 0.00032314422424, 0.000188828518731, 0.00016646644508, 0.000208516590646, 0.000129505788209, 0.000137607174111, 0.000189392274478, 0.000195964006707, 0.000105283055746, 8.91331728781e-05, 6.71524103382e-05, 4.34736612078e-05, 5.24503484485e-05, 8.78821010701e-05, 4.73241016152e-05, 3.02540138364e-05, 2.73808127531e-05, 3.29998038069e-05, 2.76361552096e-05, 2.45916562562e-05, 2.8531463613e-05, 2.56269431702e-05, 1.2836058886e-05, 1.69459945027e-05, 2.30089681281e-05, 3.52829483745e-05, 2.4272412702e-05, 1.25268952615e-05, 1.06809311546e-05, 1.26463828565e-05, 7.36401398171e-06, 6.32530236544e-06, 7.93526942289e-06, 5.57702969672e-06, 3.57378917215e-06, 2.33281275541e-06, 2.36141931964e-06, 2.93789275929e-06, 2.92040431304e-06, 1.62761602951e-06, 1.13641453936e-06, 1.08182985059e-06, 8.06881189419e-07, 4.17337048475e-07, 3.32764869881e-07, 3.26673216478e-07, 3.16263708555e-07, 3.50150656914e-07, 2.48506694334e-07, 2.07427490295e-07, 2.13502588053e-07, 2.60543544073e-07, 1.87071805158e-07, 1.48457800719e-07, 1.79210104534e-07, 1.54209345737e-07, 1.02426774617e-07, 1.20869160014e-07, 1.01057992197e-07, 1.21791302377e-07, 1.39516401987e-07, 7.682587011e-08, 4.03406126281e-08, 3.94367596357e-08, 2.26874767861e-08, 1.70817457956e-08, 1.43062468538e-08, 1.59557487223e-08, 1.82331980625e-08, 1.13006528579e-08, 7.5515886877e-09, 6.0010227898e-09, 6.06391870051e-09, 6.02186167598e-09, 5.83691761591e-09, 5.80291503738e-09, 5.77093617338e-09, 5.69932323558e-09, 5.4361608548e-09, 5.49023360108e-09, 4.85453099941e-09, 4.34996794141e-09, 3.88463972101e-09, 3.11001202569e-09, 1.77618764141e-09, 6.8866196079e-10, 2.66572486307e-10, 7.96888770249e-12, 7.59966135161e-12, 7.43590258812e-12, 7.27526936264e-12, 7.14077798628e-12, 7.00867619149e-12, 6.89131087264e-12, 6.80280181145e-12, 6.73017240896e-12, 6.67553902781e-12, 6.64499054739e-12],
        "min": [6.53592596711e-11, 3.01277864878e-08, 2.07384303508e-07, 1.36992667876e-07, 2.19253365685e-07, 3.66184394807e-07, 3.99873414381e-07, 2.15461440689e-07, 1.79176637971e-07, 3.82568089208e-07, 3.60930130228e-07, 6.06917637924e-07, 4.22667710609e-07, 4.22344612616e-07, 7.31512386665e-07, 7.1664578627e-07, 3.19957621286e-07, 3.92783512382e-08, 6.52143739899e-07, 4.36236035739e-07, 1.39415647027e-07, 3.00853145063e-07, 2.1960408958e-07, 1.91086968471e-07, 1.21481690485e-07, 1.35661977652e-07, 4.07251775414e-07, 6.23003700184e-07, 5.64304116324e-07, 3.28988306819e-07, 2.23864191184e-07, 1.19102502083e-07, 2.19851699512e-07, 1.55767637011e-07, 4.24323687298e-08, 4.4613891248e-08, 3.58102703046e-08, 5.41059890224e-08, 1.29442071284e-07, 1.10731640746e-07, 4.0679282165e-08, 2.6964967148e-08, 9.19005600508e-08, 8.29975164152e-08, 3.07251504239e-08, 7.20425461509e-08, 1.54508192907e-08, 2.10858637217e-08, 2.86352221934e-08, 5.30901331786e-08, 7.51918207698e-08, 4.61811602293e-08, 9.49810274875e-09, 5.34351451975e-09, 1.15924247979e-08, 8.77755379491e-09, 7.12702163952e-09, 1.64799498492e-08, 1.26111228127e-08, 1.74835950162e-08, 1.41584433067e-08, 1.47455168076e-08, 2.04631263045e-08, 1.17462741756e-08, 5.9385056872e-09, 6.92673385316e-09, 1.12571569844e-08, 3.71860631176e-09, 9.25277454655e-09, 3.8767873356e-09, 4.37459224401e-09, 3.92361121371e-09, 3.38143602008e-09, 2.72338729346e-09, 2.31510166593e-09, 2.13178585895e-09, 1.37837319336e-09, 1.51584489405e-09, 1.71397851467e-09, 2.40617281655e-09, 1.77060899276e-09, 2.0044341742e-09, 8.66096361296e-10, 1.31827337935e-09, 1.18537279992e-09, 1.75639547351e-09, 2.08206185626e-09, 1.976556252e-09, 1.54599066882e-09, 1.39064648685e-09, 1.97312632899e-09, 1.38984879161e-09, 1.88249771327e-09, 1.9896977399e-09, 1.73178438256e-09, 1.58216384438e-09, 1.22388854606e-09, 1.2519314474e-09, 1.44525547086e-09, 1.15032361414e-09, 1.14185594313e-09, 1.45084810832e-09, 8.56802906402e-10, 6.63668897616e-10, 1.53603596509e-09, 1.13492748532e-09, 1.19452747693e-09, 1.07011477457e-09, 9.34062938107e-10, 1.01051045309e-09, 8.69429084283e-10, 9.15653664002e-10, 9.19463394311e-10, 7.57361284798e-10, 4.48882847559e-10, 8.85732667766e-11, 1.41737088646e-12, 1.02220735674e-13, 5.89713756885e-14, 6.12812345356e-14, 5.10157915261e-14, 7.31127669257e-14, 5.87449942749e-14, 5.94914200368e-14, 6.3885515259e-14, 5.45269124991e-14, 5.6189136731e-14, 5.17033620507e-14],
        "stdev": [5.15896181241e-06, 4.3360159907e-05, 0.000424734083936, 0.000931949005462, 0.00116583914496, 0.00056551565649, 0.000479027075926, 0.00102175527718, 0.000749550119508, 0.00044301582966, 0.000559784763027, 0.00103760650381, 0.00161974132061, 0.00151034083683, 0.000981795834377, 0.00123220472597, 0.00143261940684, 0.00148664601147, 0.00177832134068, 0.00112426513806, 0.00120914855506, 0.000745248631574, 0.00127671752125, 0.00202654325403, 0.00132448761724, 0.00140017492231, 0.00189384445548, 0.00289120804518, 0.00321438559331, 0.0018827872118, 0.000882560852915, 0.000463621661766, 0.000432715634815, 0.000447409402113, 0.000334331096383, 0.000358773075277, 0.00038674249663, 0.000425607286161, 0.000273537967587, 0.000412947701989, 0.000236202526139, 0.000143548168126, 0.000159790797625, 0.000313026714139, 0.000134746616823, 9.60793986451e-05, 0.000125544946059, 8.98166326806e-05, 8.01746791694e-05, 7.77784807724e-05, 7.82128190622e-05, 7.61477276683e-05, 3.84933046007e-05, 6.34070456726e-05, 0.000102344572952, 0.000131795735797, 8.29464042909e-05, 3.93205518776e-05, 3.06256042677e-05, 3.09899369313e-05, 1.57217709784e-05, 1.34858100864e-05, 1.39768690133e-05, 1.02098092611e-05, 6.1955174715e-06, 3.74440764972e-06, 4.20736614615e-06, 5.13652958034e-06, 5.72353519601e-06, 3.82496500606e-06, 3.22523374052e-06, 2.94439200843e-06, 3.20062122228e-06, 2.02957949114e-06, 1.1908232409e-06, 1.29314366859e-06, 1.43445345202e-06, 1.42342594245e-06, 1.02127751234e-06, 1.17560398394e-06, 1.00713145912e-06, 1.78246114046e-06, 1.11969018235e-06, 9.47818534769e-07, 7.99176973487e-07, 7.05743730123e-07, 4.7132229497e-07, 4.83590497424e-07, 3.93574424606e-07, 3.99543012009e-07, 4.67554315264e-07, 2.25369888085e-07, 1.04145634339e-07, 1.01035475097e-07, 3.29187734849e-08, 2.28666756641e-08, 1.96703755506e-08, 4.18839753991e-08, 5.14170821475e-08, 2.09880486324e-08, 7.04059166523e-09, 2.47469955639e-09, 2.25800667053e-09, 2.16345141801e-09, 1.94677385323e-09, 1.95171057094e-09, 1.99841054815e-09, 1.93913174407e-09, 1.83209103444e-09, 1.85603732383e-09, 1.54961399268e-09, 1.38997258148e-09, 1.22669441271e-09, 9.91154935903e-10, 5.98792071482e-10, 2.61159843751e-10, 1.79603817929e-10, 1.06948686018e-10, 1.05526740124e-10, 1.0383792437e-10, 1.02051464501e-10, 1.00558394944e-10, 9.88911938449e-11, 9.74600192216e-11, 9.61810492361e-11, 9.52149054045e-11, 9.45019756893e-11, 9.42189659625e-11]
    },
    "mfcc": {
        "mean": [-683.182556152, 192.591323853, -36.4779205322, 6.80345487595, -4.10803461075, -10.5433835983, -0.0516270808876, 11.0437078476, -5.58849191666, 3.83776164055, -2.47844529152, -2.22384548187, 0.858983039856],
        "cov": [[1303.91088867, -263.363311768, -228.432647705, 190.926879883, -118.110076904, 8.52670288086, -115.475669861, 78.3854064941, -39.2428207397, 71.6242218018, 10.1674423218, 28.6798973083, -32.9000930786], [-263.363311768, 597.477050781, -61.8876724243, -207.740142822, 90.6200485229, -96.3771362305, 182.950912476, -18.8597183228, -5.04082727432, 3.99761247635, 92.1979980469, -35.6481018066, 2.31238365173], [-228.432647705, -61.8876724243, 368.144805908, 74.9389953613, -16.2410755157, 84.6046600342, -52.995891571, 18.2355175018, 12.6882228851, -43.7176971436, -33.8534851074, 39.6085166931, 7.00338315964], [190.926879883, -207.740142822, 74.9389953613, 325.795349121, 55.0341911316, 38.5121879578, -136.54133606, -5.2628736496, 43.872543335, -19.5530834198, -47.2791366577, 42.3018226624, 7.09741258621], [-118.110076904, 90.6200485229, -16.2410755157, 55.0341911316, 219.648284912, -1.82103776932, -58.2788734436, -15.351149559, 37.9537277222, -20.6551418304, -12.3436069489, 16.257101059, 9.5319776535], [8.52670288086, -96.3771362305, 84.6046600342, 38.5121879578, -1.82103776932, 190.067367554, 44.5287361145, 10.722782135, 38.3190612793, 12.9758787155, -4.61036062241, 7.52192306519, 5.94578075409], [-115.475669861, 182.950912476, -52.995891571, -136.54133606, -58.2788734436, 44.5287361145, 319.704162598, 75.7304992676, -7.58832836151, 62.0952758789, 66.7218322754, -43.1746559143, 8.40025901794], [78.3854064941, -18.8597183228, 18.2355175018, -5.2628736496, -15.351149559, 10.722782135, 75.7304992676, 141.01725769, 25.6985816956, 12.3177776337, 8.61318683624, 3.31423473358, 9.72282123566], [-39.2428207397, -5.04082727432, 12.6882228851, 43.872543335, 37.9537277222, 38.3190612793, -7.58832836151, 25.6985816956, 119.289245605, 24.9765510559, -14.6377696991, 13.0601921082, 10.8762340546], [71.6242218018, 3.99761247635, -43.7176971436, -19.5530834198, -20.6551418304, 12.9758787155, 62.0952758789, 12.3177776337, 24.9765510559, 132.937759399, 57.3238945007, -19.2602519989, 6.79989719391], [10.1674423218, 92.1979980469, -33.8534851074, -47.2791366577, -12.3436069489, -4.61036062241, 66.7218322754, 8.61318683624, -14.6377696991, 57.3238945007, 119.143608093, 16.6811008453, -8.25360870361], [28.6798973083, -35.6481018066, 39.6085166931, 42.3018226624, 16.257101059, 7.52192306519, -43.1746559143, 3.31423473358, 13.0601921082, -19.2602519989, 16.6811008453, 96.3048400879, 30.6515884399], [-32.9000930786, 2.31238365173, 7.00338315964, 7.09741258621, 9.5319776535, 5.94578075409, 8.40025901794, 9.72282123566, 10.8762340546, 6.79989719391, -8.25360870361, 30.6515884399, 86.6106414795]],
        "icov": [[0.00214437488467, -0.00140504655428, 0.00258992076851, -0.00187515793368, 0.00230810488574, -0.00228706398048, 0.00257035368122, -0.00318611203693, 0.00273352093063, -0.0025096568279, 0.00177083618473, -0.00202040048316, 0.00154522480443], [-0.00140504655428, 0.00598304904997, -0.00294996146113, 0.00311878696084, -0.0044887829572, 0.00503384461626, -0.00509532680735, 0.0047240848653, -0.00433140480891, 0.0044772666879, -0.00518522271886, 0.0034501478076, -0.00212092068978], [0.00258992076851, -0.00294996146113, 0.00696583278477, -0.00299891945906, 0.00406686449423, -0.00531339272857, 0.00456345872954, -0.005236081779, 0.00419896934181, -0.00295104808174, 0.00353272911161, -0.0039419666864, 0.00224355398677], [-0.00187515793368, 0.00311878696084, -0.00299891945906, 0.00673793675378, -0.00370238092728, 0.0023875082843, -0.00179953989573, 0.00313357450068, -0.00376731459983, 0.00241783377714, -0.00184001354501, 0.00126220751554, -0.00137767661363], [0.00230810488574, -0.0044887829572, 0.00406686449423, -0.00370238092728, 0.00962007418275, -0.00449774553999, 0.00541946105659, -0.00448689702898, 0.00239499029703, -0.00288137421012, 0.0032852855511, -0.00303523405455, 0.00151195784565], [-0.00228706398048, 0.00503384461626, -0.00531339272857, 0.0023875082843, -0.00449774553999, 0.0119691435248, -0.00717741623521, 0.00634165108204, -0.00662534171715, 0.00417740410194, -0.00412338320166, 0.00319605111144, -0.00213163509034], [0.00257035368122, -0.00509532680735, 0.00456345872954, -0.00179953989573, 0.00541946105659, -0.00717741623521, 0.0114669837058, -0.00847869366407, 0.0053132600151, -0.00514285592362, 0.00212500127964, -0.00107836758252, 0.000947496038862], [-0.00318611203693, 0.0047240848653, -0.005236081779, 0.00313357450068, -0.00448689702898, 0.00634165108204, -0.00847869366407, 0.0151900621131, -0.00766668608412, 0.00556843914092, -0.00449675973505, 0.00332323461771, -0.00307327625342], [0.00273352093063, -0.00433140480891, 0.00419896934181, -0.00376731459983, 0.00239499029703, -0.00662534171715, 0.0053132600151, -0.00766668608412, 0.0165393091738, -0.00872508995235, 0.0076814792119, -0.00604844698682, 0.0031403969042], [-0.0025096568279, 0.0044772666879, -0.00295104808174, 0.00241783377714, -0.00288137421012, 0.00417740410194, -0.00514285592362, 0.00556843914092, -0.00872508995235, 0.0174752548337, -0.0118839619681, 0.00874882470816, -0.0056333867833], [0.00177083618473, -0.00518522271886, 0.00353272911161, -0.00184001354501, 0.0032852855511, -0.00412338320166, 0.00212500127964, -0.00449675973505, 0.0076814792119, -0.0118839619681, 0.0205735825002, -0.011379593052, 0.00685267196968], [-0.00202040048316, 0.0034501478076, -0.0039419666864, 0.00126220751554, -0.00303523405455, 0.00319605111144, -0.00107836758252, 0.00332323461771, -0.00604844698682, 0.00874882470816, -0.011379593052, 0.0204103011638, -0.0090330960229], [0.00154522480443, -0.00212092068978, 0.00224355398677, -0.00137767661363, 0.00151195784565, -0.00213163509034, 0.000947496038862, -0.00307327625342, 0.0031403969042, -0.0056333867833, 0.00685267196968, -0.0090330960229, 0.0162518210709]]
    },
    "spectral_contrast_coeffs": {
        "max": [-0.416616201401, -0.45857489109, -0.444576144218, -0.555975317955, -0.602396607399, -0.548880577087],
        "mean": [-0.698133826256, -0.703142881393, -0.667773365974, -0.750167429447, -0.743628561497, -0.796938955784],
        "min": [-0.861816227436, -0.916095137596, -0.885975658894, -0.905757427216, -0.873499751091, -0.880284547806],
        "stdev": [0.074866168201, 0.0743453279138, 0.090277440846, 0.0552701316774, 0.046284455806, 0.0460750944912]
    },
    "spectral_contrast_valleys": {
        "max": [-5.53055286407, -5.05026626587, -5.70358610153, -5.85627841949, -6.69153499603, -10.4183454514],
        "mean": [-6.93608665466, -6.48201322556, -7.16674757004, -7.79216384888, -8.38882732391, -11.6382255554],
        "min": [-9.28565597534, -8.83997631073, -9.01108932495, -9.23362636566, -10.7439880371, -13.6295251846],
        "stdev": [0.527677536011, 0.532606720924, 0.507099509239, 0.498493283987, 0.51693880558, 0.271382510662]
    }
},
"rhythm": {
    "beats_count": 65,
    "beats_loudness": {
        "max": 0.0822936370969,
        "mean": 0.0359914042056,
        "min": 0.00811926089227,
        "stdev": 0.0141992894933
    },
    "bpm": 81.4526901245,
    "bpm_histogram_first_peak_bpm": 82,
    "bpm_histogram_first_peak_weight": 0.265625,
    "bpm_histogram_second_peak_bpm": 0,
    "bpm_histogram_second_peak_spread": 0,
    "bpm_histogram_second_peak_weight": 0,
    "danceability": 1.08883595467,
    "onset_rate": 2.255859375,
    "beats_loudness_band_ratio": {
        "max": [0.568529546261, 0.635524570942, 0.849359273911, 0.800973534584, 0.275584191084, 0.0327685810626],
        "mean": [0.171882420778, 0.152104839683, 0.378695160151, 0.276117086411, 0.0800781399012, 0.00611515389755],
        "min": [0.018823903054, 0.0137847550213, 0.0151514820755, 0.0186178423464, 0.00171433167998, 0.000449252926046],
        "stdev": [0.132407620549, 0.13569869101, 0.21391569078, 0.20508800447, 0.0696729645133, 0.00568939140067]
    },
    "beats_position": [0.731428563595, 1.47446703911, 2.22911548615, 2.97215414047, 3.72680258751, 4.46984100342, 5.22448968887, 5.97913837433, 6.73378658295, 7.47682523727, 8.20825386047, 8.96290206909, 9.71755123138, 10.4489793777, 11.1687984467, 11.8886165619, 12.6316547394, 13.3746938705, 14.1061220169, 14.8491611481, 15.6038093567, 16.3468475342, 17.0898857117, 17.8329238892, 18.575963974, 19.3190021515, 20.062040329, 20.8050785065, 21.5713367462, 22.3143768311, 23.0458049774, 23.7772331238, 24.5086612701, 25.2400894165, 25.9715194702, 26.7029476166, 27.4459857941, 28.1890239716, 28.897233963, 29.6054420471, 30.3252601624, 31.0450782776, 31.776506424, 32.5079345703, 33.2509727478, 33.9824028015, 34.7138328552, 35.4452590942, 36.1766891479, 36.908115387, 37.6279373169, 38.3593635559, 39.0791816711, 39.7873916626, 40.4956016541, 41.2154197693, 41.9352378845, 42.6666641235, 43.3980941772, 44.129524231, 44.8841705322, 45.6272087097, 46.3818588257, 47.1365089417, 47.8911552429],
