{
"metadata": {
    "version": {
        "essentia": "2.1-beta5",
        "essentia_git_sha": "Undefined",
        "extractor": "music 2.0"
    },
    "audio_properties": {
        "analysis": {
            "equal_loudness": 0,
            "length": 48.7502937317,
            "sample_rate": 44100,
            "start_time": 45.2440834045,
            "downmix": "mix"
        },
        "bit_rate": 192000,
        "length": 188.058410645,
        "lossless": 0,
        "number_channels": 2,
        "replay_gain": -7.69269943237,
        "sample_rate": 44100,
        "codec": "mp3",
        "md5_encoded": "a109ff7a501df229634f63e36221296d"
    },
    "tags": {
        "file_name": "Norway_Småting_Grethe Kausland _ Benny Borg.mp3",
        "encoding": ["Lavf58.29.100"]
    }
},
"lowlevel": {
    "average_loudness": 0.9404104352,
    "barkbands_crest": {
        "max": 25.5596847534,
        "mean": 9.7137928009,
        "min": 3.09052944183,
        "stdev": 4.16249084473
    },
    "barkbands_flatness_db": {
        "max": 0.347300946712,
        "mean": 0.201911017299,
        "min": 0.102629885077,
        "stdev": 0.0397336408496
    },
    "barkbands_kurtosis": {
        "max": 166.10949707,
        "mean": 4.23560667038,
        "min": -1.76968634129,
        "stdev": 9.88997554779
    },
    "barkbands_skewness": {
        "max": 10.4013605118,
        "mean": 1.26968371868,
        "min": -2.42319393158,
        "stdev": 1.29964947701
    },
    "barkbands_spread": {
        "max": 35.2415008545,
        "mean": 11.4975786209,
        "min": 0.747420787811,
        "stdev": 6.02677965164
    },
    "dissonance": {
        "max": 0.499996781349,
        "mean": 0.442449361086,
        "min": 0.237767398357,
        "stdev": 0.0395737215877
    },
    "dynamic_complexity": 2.13895845413,
    "erbbands_crest": {
        "max": 28.9967098236,
        "mean": 10.2808799744,
        "min": 3.30653786659,
        "stdev": 4.28500461578
    },
    "erbbands_flatness_db": {
        "max": 0.41141474247,
        "mean": 0.236158281565,
        "min": 0.118088133633,
        "stdev": 0.0361239276826
    },
    "erbbands_kurtosis": {
        "max": 21.3427619934,
        "mean": 0.824189543724,
        "min": -1.79563605785,
        "stdev": 2.26058793068
    },
    "erbbands_skewness": {
        "max": 4.26507806778,
        "mean": 0.351222336292,
        "min": -2.25271630287,
        "stdev": 0.791099727154
    },
    "erbbands_spread": {
        "max": 86.7581863403,
        "mean": 21.9662246704,
        "min": 1.96086549759,
        "stdev": 10.0872564316
    },
    "hfc": {
        "max": 122.340332031,
        "mean": 18.8412780762,
        "min": 0.189140200615,
        "stdev": 14.649974823
    },
    "loudness_ebu128": {
        "integrated": -15.9767446518,
        "loudness_range": 3.66348934174,
        "momentary": {
            "max": -12.5857467651,
            "mean": -16.4751033783,
            "min": -26.0877895355,
            "stdev": 2.30698013306
        },
        "short_term": {
            "max": -13.7563905716,
            "mean": -16.1352233887,
            "min": -21.4130496979,
            "stdev": 1.47830247879
        }
    },
    "melbands_crest": {
        "max": 30.7717819214,
        "mean": 11.9472122192,
        "min": 3.72097492218,
        "stdev": 4.88095521927
    },
    "melbands_flatness_db": {
        "max": 0.427728265524,
        "mean": 0.266619443893,
        "min": 0.137693449855,
        "stdev": 0.05206245929
    },
    "melbands_kurtosis": {
        "max": 257.039001465,
        "mean": 7.25643110275,
        "min": -1.63164389133,
        "stdev": 15.5968265533
    },
    "melbands_skewness": {
        "max": 13.2287273407,
        "mean": 1.72105967999,
        "min": -2.19236707687,
        "stdev": 1.39589309692
    },
    "melbands_spread": {
        "max": 57.2442703247,
        "mean": 16.4017505646,
        "min": 0.938742220402,
        "stdev": 9.57956027985
    },
    "pitch_salience": {
        "max": 0.828424870968,
        "mean": 0.591108798981,
        "min": 0.162946164608,
        "stdev": 0.0940857902169
    },
    "silence_rate_20dB": {
        "max": 1,
        "mean": 1,
        "min": 1,
        "stdev": 0
    },
    "silence_rate_30dB": {
        "max": 1,
        "mean": 1,
        "min": 1,
        "stdev": 0
    },
    "silence_rate_60dB": {
        "max": 1,
        "mean": 0.00809138547629,
        "min": 0,
        "stdev": 0.0895849764347
    },
    "spectral_centroid": {
        "max": 2300.19775391,
        "mean": 833.279785156,
        "min": 232.030731201,
        "stdev": 374.561798096
    },
    "spectral_complexity": {
        "max": 44,
        "mean": 17.67253685,
        "min": 0,
        "stdev": 6.83707523346
    },
    "spectral_decrease": {
        "max": -7.26677884533e-11,
        "mean": -7.21756032718e-09,
        "min": -2.38944686259e-08,
        "stdev": 3.84407838894e-09
    },
    "spectral_energy": {
        "max": 0.0925319343805,
        "mean": 0.0289496816695,
        "min": 0.00029142096173,
        "stdev": 0.0155776357278
    },
    "spectral_energyband_high": {
        "max": 0.00129600602668,
        "mean": 8.23634472908e-05,
        "min": 1.63823426647e-06,
        "stdev": 0.000123783320305
    },
    "spectral_energyband_low": {
        "max": 0.0273665208369,
        "mean": 0.00281871831976,
        "min": 7.27907809051e-06,
        "stdev": 0.00296031194739
    },
    "spectral_energyband_middle_high": {
        "max": 0.0884079113603,
        "mean": 0.0078524434939,
        "min": 4.4444546802e-05,
        "stdev": 0.00910572335124
    },
    "spectral_energyband_middle_low": {
        "max": 0.0834599435329,
        "mean": 0.0190347153693,
        "min": 0.000215808031498,
        "stdev": 0.0113927014172
    },
    "spectral_entropy": {
        "max": 7.99849557877,
        "mean": 6.88321352005,
        "min": 5.58990764618,
        "stdev": 0.379201054573
    },
    "spectral_flux": {
        "max": 0.251470088959,
        "mean": 0.0866545215249,
        "min": 0.0127093922347,
        "stdev": 0.0352716743946
    },
    "spectral_kurtosis": {
        "max": 54.4868927002,
        "mean": 13.7897548676,
        "min": 0.320222139359,
        "stdev": 8.26015758514
    },
    "spectral_rms": {
        "max": 0.00950131844729,
        "mean": 0.00509821716696,
        "min": 0.00053321023006,
        "stdev": 0.00150058732834
    },
    "spectral_rolloff": {
        "max": 3251.51367188,
        "mean": 1038.02050781,
        "min": 193.798828125,
        "stdev": 541.65637207
    },
    "spectral_skewness": {
        "max": 6.00668859482,
        "mean": 2.49035429955,
        "min": 0.490663200617,
        "stdev": 0.903637945652
    },
    "spectral_spread": {
        "max": 15835793,
        "mean": 2382636.75,
        "min": 1250574.125,
        "stdev": 692052.1875
    },
    "spectral_strongpeak": {
        "max": 14.6441698074,
        "mean": 1.41100680828,
        "min": 0.0182607546449,
        "stdev": 1.53172647953
    },
    "zerocrossingrate": {
        "max": 0.08251953125,
        "mean": 0.0374142900109,
        "min": 0.0068359375,
        "stdev": 0.01378573291
    },
    "barkbands": {
        "max": [0.000128872823552, 0.01630176045, 0.0173456910998, 0.0252384450287, 0.0607634298503, 0.036323428154, 0.0494387634099, 0.0302829183638, 0.0291935801506, 0.031822565943, 0.0229427497834, 0.0326410420239, 0.0723593756557, 0.0193636827171, 0.0211926233023, 0.0133899254724, 0.0110777318478, 0.00507307518274, 0.00293962936848, 0.00113502028398, 0.000627494242508, 0.000231674013776, 0.000123682591948, 7.1194866905e-05, 8.27124586067e-06, 1.12124223506e-06, 1.61704875268e-07],
        "mean": [1.87152068065e-06, 0.0011048555607, 0.0010697132675, 0.001723873429, 0.0065546259284, 0.0035114812199, 0.00276300497353, 0.00230794842355, 0.00174159999005, 0.00187995494343, 0.00100600358564, 0.0011551855132, 0.00115514849313, 0.000738332921173, 0.000897718942724, 0.000560953223612, 0.00032571121119, 0.00019596554921, 0.000142662393046, 6.43786770524e-05, 2.94492947432e-05, 9.71107692749e-06, 5.77103855903e-06, 2.23995516535e-06, 8.24094172458e-07, 7.0899830007e-07, 9.13776343481e-09],
        "min": [2.57407917204e-09, 1.06248862153e-07, 8.57021575484e-07, 4.01494799007e-06, 2.58986874542e-05, 1.33487019411e-05, 1.09758238978e-05, 7.57540146878e-06, 8.21166395326e-06, 2.87144757749e-06, 1.7886278556e-06, 1.66831944171e-06, 2.19553271563e-06, 7.50021058593e-07, 1.50766516072e-06, 4.2955704771e-07, 3.26721504962e-07, 1.05271375617e-07, 8.88936853016e-08, 9.01660968111e-08, 1.44203752939e-07, 1.18679238881e-07, 1.17526248289e-07, 1.64569669892e-07, 1.59557231427e-07, 1.51714360186e-07, 3.87402089574e-11],
        "stdev": [4.33976765635e-06, 0.00165765627753, 0.00158079492394, 0.00216614245437, 0.0067247338593, 0.00436902279034, 0.00449622701854, 0.00330842356198, 0.00267865974456, 0.00329924817197, 0.00227539683692, 0.00292926235124, 0.00341631891206, 0.00163987220731, 0.0018448656192, 0.00130879902281, 0.000673516187817, 0.000368093897123, 0.000216615240788, 0.000104995247966, 5.16876316397e-05, 2.22533617489e-05, 1.12973220894e-05, 4.95909398524e-06, 3.93673133203e-07, 1.01073595715e-07, 6.80821621302e-09]
    },
    "erbbands": {
        "max": [0.145090311766, 4.80542373657, 16.1549930573, 54.2783699036, 173.780563354, 245.757156372, 202.884429932, 417.095703125, 548.634155273, 889.551086426, 881.080322266, 903.15435791, 929.401062012, 1840.37341309, 1217.68371582, 1554.40307617, 3973.609375, 1029.86486816, 1731.27612305, 1507.71813965, 875.944946289, 280.903442383, 181.796188354, 178.207107544, 95.4781341553, 76.9638061523, 43.5986862183, 10.0912466049, 10.8135738373, 6.5398774147, 5.10314512253, 2.06730484962, 1.21771895885, 0.178971871734, 0.0108381398022, 0.00618437444791, 0.00216649845243, 0.000208235956961, 5.66811249882e-05, 0.000114440670586],
        "mean": [0.0120557043701, 0.320992708206, 1.24720931053, 3.56681489944, 15.8319721222, 22.1623153687, 19.4054470062, 31.4065742493, 41.3968315125, 41.6794624329, 50.5385894775, 40.0812034607, 44.6488647461, 64.1741790771, 46.2633781433, 46.6854858398, 55.4094657898, 41.9769439697, 47.3992576599, 37.997127533, 30.3587093353, 16.9272251129, 11.4094829559, 9.17056941986, 5.7186999321, 3.26533031464, 2.08060574532, 0.590084910393, 0.366645663977, 0.216223537922, 0.175526276231, 0.0747812986374, 0.0269085969776, 0.0100506134331, 0.00579234817997, 0.00350894383155, 0.00130972475745, 0.000113533831609, 1.70924140548e-05, 3.3550983062e-05],
        "min": [3.91681242036e-05, 0.000367325759726, 0.00399552844465, 0.018247012049, 0.114918403327, 0.0965684354305, 0.0885140821338, 0.148586809635, 0.409453600645, 0.309896379709, 0.29007345438, 0.251695901155, 0.224683463573, 0.162204295397, 0.0804819092155, 0.0755027979612, 0.0956054255366, 0.0884201675653, 0.103001073003, 0.0437800511718, 0.0286520030349, 0.0209285411984, 0.00700627313927, 0.00474171433598, 0.00510398531333, 0.00512335309759, 0.00398458307609, 0.00551104173064, 0.00392606528476, 0.00412123696879, 0.00356578174978, 0.00285831280053, 0.00286913174205, 0.00189156341366, 0.00111964996904, 0.000607176043559, 0.000257083011093, 6.4378924435e-05, 2.48259152613e-06, 1.61601485615e-06],
        "stdev": [0.0162265338004, 0.46794116497, 1.70996546745, 3.99933886528, 17.1797866821, 25.7387905121, 21.534822464, 45.8183708191, 61.6404190063, 58.1533508301, 68.6631164551, 63.0325737, 65.4895706177, 133.587219238, 104.015518188, 101.802200317, 175.881484985, 84.7730941772, 104.679389954, 77.9518051147, 72.7284240723, 30.501367569, 19.4840641022, 15.5128679276, 8.83957386017, 5.4283823967, 3.4743373394, 1.11894500256, 0.831816613674, 0.495005726814, 0.360155701637, 0.157757982612, 0.0587990507483, 0.00947803072631, 0.0010715512326, 0.00060629833024, 0.000219999550609, 1.96546534426e-05, 8.30302724353e-06, 1.82767635124e-05]
    },
    "gfcc": {
        "mean": [-37.6942749023, 153.683700562, -137.842025757, -0.127589255571, -49.7383499146, -11.1120223999, -41.4737739563, -1.64116632938, -27.8720016479, -4.51528549194, -17.4289360046, -8.43987178802, -10.8000392914],
        "cov": [[1761.30505371, 49.5989341736, -855.325134277, 368.376800537, 162.301971436, -90.841468811, 236.44380188, -57.8587493896, 138.889831543, -9.00537967682, 132.765914917, -61.9804039001, 21.4439735413], [49.5989341736, 303.829620361, 162.392410278, -135.560134888, 113.944969177, 33.7379875183, 74.384147644, 74.8108062744, -19.291973114, 21.6916370392, 37.0519065857, 3.05882334709, 33.6275749207], [-855.325134277, 162.392410278, 821.465759277, -63.3184432983, -145.070114136, 119.322868347, -88.5379257202, 20.9708747864, -24.0846824646, -46.5576477051, -60.1190872192, 78.5515518188, 2.59908103943], [368.376800537, -135.560134888, -63.3184432983, 439.407043457, -2.08069086075, -39.5636749268, -14.3365068436, -46.5102157593, 105.089424133, -39.4672737122, -14.7928724289, 33.5014915466, -9.37959098816], [162.301971436, 113.944969177, -145.070114136, -2.08069086075, 288.404022217, -3.54395031929, 6.09697294235, 65.4578704834, -0.79903280735, 40.4331130981, 14.1556682587, -27.7249755859, 20.328912735], [-90.841468811, 33.7379875183, 119.322868347, -39.5636749268, -3.54395031929, 292.888000488, 127.928871155, -7.04537153244, -0.23520681262, 6.63647174835, 22.3713550568, 22.0982379913, -24.7683734894], [236.44380188, 74.384147644, -88.5379257202, -14.3365068436, 6.09697294235, 127.928871155, 263.981903076, 53.6802978516, -34.2649917603, 49.5667991638, 68.6064987183, -0.851447463036, 16.8288879395], [-57.8587493896, 74.8108062744, 20.9708747864, -46.5102157593, 65.4578704834, -7.04537153244, 53.6802978516, 135.487823486, 23.6017112732, 28.2888813019, 11.1185789108, 7.78767967224, 23.1787376404], [138.889831543, -19.291973114, -24.0846824646, 105.089424133, -0.79903280735, -0.23520681262, -34.2649917603, 23.6017112732, 129.238204956, 6.52084064484, -14.3497819901, 15.7258281708, -8.02083873749], [-9.00537967682, 21.6916370392, -46.5576477051, -39.4672737122, 40.4331130981, 6.63647174835, 49.5667991638, 28.2888813019, 6.52084064484, 95.092376709, 37.585811615, -13.3082447052, 5.89034891129], [132.765914917, 37.0519065857, -60.1190872192, -14.7928724289, 14.1556682587, 22.3713550568, 68.6064987183, 11.1185789108, -14.3497819901, 37.585811615, 84.0798721313, 13.5250082016, 2.63965940475], [-61.9804039001, 3.05882334709, 78.5515518188, 33.5014915466, -27.7249755859, 22.0982379913, -0.851447463036, 7.78767967224, 15.7258281708, -13.3082447052, 13.5250082016, 81.2638473511, 17.65076828], [21.4439735413, 33.6275749207, 2.59908103943, -9.37959098816, 20.328912735, -24.7683734894, 16.8288879395, 23.1787376404, -8.02083873749, 5.89034891129, 2.63965940475, 17.65076828, 65.0489654541]],
        "icov": [[0.0252281557769, -0.0341545008123, 0.0289924517274, -0.0200119204819, 0.00920892227441, 0.00163386901841, -0.0109554305673, 0.0195721220225, -0.0228318050504, 0.0241271555424, -0.0200431663543, 0.0152096441016, -0.00941363349557], [-0.0341545008123, 0.0640504732728, -0.0486782565713, 0.0365581773221, -0.0266682393849, 0.00784104410559, -0.000717112445273, -0.0168827455491, 0.0161190107465, -0.0215443763882, 0.0174927879125, -0.0180494952947, 0.0110117821023], [0.0289924517274, -0.0486782565713, 0.0406782142818, -0.0285897944123, 0.0198115166277, -0.00566710904241, -0.00181237503421, 0.0147484131157, -0.0160203371197, 0.0208511315286, -0.0166867729276, 0.0148496935144, -0.0104922084138], [-0.0200119204819, 0.0365581773221, -0.0285897944123, 0.0252181887627, -0.0165594480932, 0.00649222964421, -0.00278198882006, -0.00637436378747, 0.0052610328421, -0.0108472434804, 0.011183205992, -0.0125617645681, 0.00770062534139], [0.00920892227441, -0.0266682393849, 0.0198115166277, -0.0165594480932, 0.0208422057331, -0.0104646990076, 0.0125107485801, -0.00589491147548, 0.00692429346964, -0.00245765037835, -0.000172883243067, 0.00562126981094, -0.00450502056628], [0.00163386901841, 0.00784104410559, -0.00566710904241, 0.00649222964421, -0.0104646990076, 0.0141607522964, -0.016772871837, 0.0124138249084, -0.0146386697888, 0.00993965007365, -0.0059043969959, -0.000184279400855, 0.00273323943838], [-0.0109554305673, -0.000717112445273, -0.00181237503421, -0.00278198882006, 0.0125107485801, -0.016772871837, 0.030897801742, -0.0253133140504, 0.0298932325095, -0.0237218029797, 0.0129456771538, -0.00595963839442, 0.0013092624722], [0.0195721220225, -0.0168827455491, 0.0147484131157, -0.00637436378747, -0.00589491147548, 0.0124138249084, -0.0253133140504, 0.0370005257428, -0.0344121865928, 0.026233939454, -0.0196608416736, 0.0107079679146, -0.00802580453455], [-0.0228318050504, 0.0161190107465, -0.0160203371197, 0.0052610328421, 0.00692429346964, -0.0146386697888, 0.0298932325095, -0.0344121865928, 0.0493862554431, -0.036467730999, 0.0284911934286, -0.0172584597021, 0.0103016635403], [0.0241271555424, -0.0215443763882, 0.0208511315286, -0.0108472434804, -0.00245765037835, 0.00993965007365, -0.0237218029797, 0.026233939454, -0.036467730999, 0.0468545146286, -0.0319317728281, 0.0195786505938, -0.0106277111918], [-0.0200431663543, 0.0174927879125, -0.0166867729276, 0.011183205992, -0.000172883243067, -0.0059043969959, 0.0129456771538, -0.0196608416736, 0.0284911934286, -0.0319317728281, 0.041667111218, -0.0210875775665, 0.0117417881265], [0.0152096441016, -0.0180494952947, 0.0148496935144, -0.0125617645681, 0.00562126981094, -0.000184279400855, -0.00595963839442, 0.0107079679146, -0.0172584597021, 0.0195786505938, -0.0210875775665, 0.0292030796409, -0.013157797046], [-0.00941363349557, 0.0110117821023, -0.0104922084138, 0.00770062534139, -0.00450502056628, 0.00273323943838, 0.0013092624722, -0.00802580453455, 0.0103016635403, -0.0106277111918, 0.0117417881265, -0.013157797046, 0.0246094539762]]
    },
    "melbands": {
        "max": [0.00274622673169, 0.00762381451204, 0.0120659358799, 0.0152764609084, 0.00655992422253, 0.00839314796031, 0.00971741322428, 0.0078641269356, 0.00756071321666, 0.00582421431318, 0.00451858527958, 0.00741227157414, 0.0031572075095, 0.00422975234687, 0.00309995585121, 0.00790696404874, 0.00178300286643, 0.00335929729044, 0.00168686348479, 0.00153941649478, 0.00126043858472, 0.000431397522334, 0.000253669655649, 0.000273174402537, 0.00014508413733, 9.64124701568e-05, 3.0856088415e-05, 7.0558344305e-05, 2.72641827905e-05, 1.15582342914e-05, 5.87316253586e-06, 7.83201630838e-06, 4.43391900262e-06, 2.99749149235e-06, 3.13725740853e-06, 1.56186661115e-06, 1.29707927954e-06, 1.14670444873e-06, 5.08075856942e-07, 4.57349571548e-08],
        "mean": [0.000211641774513, 0.000590191455558, 0.000958335876931, 0.00151339918375, 0.000699626980349, 0.000697664567269, 0.000636107753962, 0.000473147723824, 0.000390527304262, 0.00024470500648, 0.000221460475586, 0.000264758913545, 0.000154395849677, 0.000139968076837, 0.000105960825749, 0.000112522080599, 7.24515557522e-05, 7.42119373172e-05, 5.86612113693e-05, 4.10929569625e-05, 3.51320522896e-05, 1.78932496055e-05, 1.25054293676e-05, 9.73310307018e-06, 7.16270460543e-06, 4.98095914736e-06, 2.53868461186e-06, 2.05622200156e-06, 1.62738365361e-06, 5.17774083164e-07, 2.79125970337e-07, 2.21536865297e-07, 1.51370898038e-07, 1.01270941855e-07, 1.04925902633e-07, 7.45215515963e-08, 3.51647138075e-08, 1.9805073137e-08, 1.21635803652e-08, 6.98241198194e-09],
        "min": [3.16986685789e-08, 7.46838054511e-07, 5.33642651135e-06, 8.29233522381e-06, 4.74941771245e-06, 3.38454606208e-06, 4.60708361061e-06, 2.72382931144e-06, 1.77786500899e-06, 1.28298540858e-06, 9.82272467809e-07, 4.01336421874e-07, 2.39724840867e-07, 2.2034015501e-07, 1.47230210246e-07, 1.63394147989e-07, 9.49199829847e-08, 6.70441693273e-08, 7.08550444983e-08, 3.09499448292e-08, 2.65165027713e-08, 1.82534041215e-08, 5.28114973974e-09, 5.26172705406e-09, 3.05855785143e-09, 4.03823996464e-09, 2.28170771166e-09, 2.5164836881e-09, 2.10498507514e-09, 2.81662382307e-09, 2.55941379201e-09, 2.02656336157e-09, 2.03302397139e-09, 2.21693308156e-09, 2.19459117545e-09, 1.73341663245e-09, 1.69152847285e-09, 2.13239470526e-09, 1.48734458083e-09, 1.67162195197e-09],
        "stdev": [0.000303869775962, 0.000732713262551, 0.000936840486247, 0.00168559036683, 0.000729423656594, 0.000968588399701, 0.000962026941124, 0.000632092298474, 0.000525414652657, 0.000406260951422, 0.000334801705321, 0.000565545575228, 0.000343981140759, 0.000365444342606, 0.000239651461015, 0.00035327844671, 0.000155365269165, 0.000178337591933, 0.00012282084208, 9.26276188693e-05, 9.63239217526e-05, 3.4589535062e-05, 2.4926264814e-05, 1.94467502297e-05, 1.32665436468e-05, 8.28646170703e-06, 3.68962423636e-06, 3.89959814129e-06, 2.90881871479e-06, 9.55848008743e-07, 6.46936143767e-07, 5.41309589153e-07, 3.47676291312e-07, 2.30702156045e-07, 2.20825526753e-07, 1.51725828346e-07, 8.11905636056e-08, 4.81715787259e-08, 2.40628423853e-08, 2.80823697629e-09]
    },
    "melbands128": {
        "max": [7.57194502512e-05, 0.000350457441527, 0.00345908920281, 0.0104975178838, 0.0109625272453, 0.00840419251472, 0.0129859521985, 0.0156844295561, 0.0205427259207, 0.0233417470008, 0.0153796840459, 0.0109365452081, 0.0102844284847, 0.00766438292339, 0.0144885256886, 0.0161634143442, 0.016308631748, 0.0161366611719, 0.0155526902527, 0.0160109009594, 0.0100839296356, 0.0105203725398, 0.014709119685, 0.00470969360322, 0.00869927927852, 0.00720855360851, 0.0104926116765, 0.00692133186385, 0.00517020747066, 0.00876513961703, 0.0144171947613, 0.00464135129005, 0.00620429776609, 0.00932392012328, 0.0101187014952, 0.00957724172622, 0.0053536882624, 0.00412614550442, 0.00604147603735, 0.0221275575459, 0.00423838896677, 0.00646884506568, 0.00339484075084, 0.00404484244063, 0.00499879522249, 0.00507133221254, 0.00419573346153, 0.00340729788877, 0.001751112286, 0.00507544074208, 0.0028736020904, 0.00239430111833, 0.00273253070191, 0.00282524432987, 0.00140433269553, 0.000334152544383, 0.000585534668062, 0.000604382832535, 0.000225859606871, 0.000395769427996, 0.00036888293107, 0.000738800736144, 0.000336678698659, 0.000260727625573, 0.000181335126399, 0.000108264379378, 0.000188067730051, 7.82596980571e-05, 4.47725942649e-05, 9.33979317779e-05, 0.000143293727888, 0.0001068769634, 5.63785033592e-05, 4.70278428111e-05, 5.63996618439e-05, 1.62316227943e-05, 8.74883880897e-06, 6.47168553769e-06, 1.08919803097e-05, 1.35544278237e-05, 1.32407585625e-05, 9.62543890637e-06, 4.28000748798e-06, 5.9038488871e-06, 1.02363765109e-05, 3.66708354704e-06, 1.66062602602e-06, 2.44153147833e-06, 2.66653455583e-06, 6.95637254466e-06, 2.14509782381e-06, 1.67831501585e-06, 1.81130610599e-06, 1.64382549883e-06, 1.02189903828e-06, 1.33135029046e-06, 1.44298144278e-06, 6.88531315518e-07, 7.80643802045e-07, 3.83480227129e-07, 9.7804239374e-08, 2.28230394583e-08, 2.14247908303e-08, 1.85291177957e-08, 1.767218194e-08, 1.77910859378e-08, 2.37567103767e-08, 1.98091640868e-08, 1.85163333555e-08, 1.53340788955e-08, 1.28786474818e-08, 1.34635662619e-08, 1.02053414608e-08, 8.96221585833e-09, 5.48565459724e-09, 2.25620033767e-09, 1.40393863202e-09, 7.40784766862e-10, 7.07340463979e-10, 6.87990164838e-10, 6.67164656853e-10, 6.50178022532e-10, 6.3725813515e-10, 6.2698607417e-10, 6.18607332026e-10, 6.10541173174e-10, 6.04895911138e-10, 5.996000918e-10],
        "mean": [1.47687762819e-06, 2.74580997939e-05, 0.000261738430709, 0.000628493551631, 0.000670865119901, 0.000491894490551, 0.000586798065342, 0.000988689251244, 0.00164206884801, 0.00196865014732, 0.0011385200778, 0.00069847679697, 0.000686716695782, 0.000521738897078, 0.00063928111922, 0.000918366364203, 0.000639142584987, 0.000665595231112, 0.000500752241351, 0.000434537651017, 0.000466798053822, 0.000555965001695, 0.000351308262907, 0.000268555653747, 0.000277950515738, 0.000193770116311, 0.000266024260782, 0.000200946335099, 0.000183538519195, 0.000362736318493, 0.000258364190813, 0.000145499885548, 0.000182583709829, 0.000107881962322, 0.000162125652423, 0.000147664512042, 0.000124011086882, 5.35825856787e-05, 0.000134493326186, 0.000163944045198, 7.24551573512e-05, 0.000107872991066, 6.79937147652e-05, 6.1109305534e-05, 5.92839423916e-05, 7.88047909737e-05, 9.69564498519e-05, 4.42579657829e-05, 4.97711262142e-05, 6.29951973679e-05, 3.05375870084e-05, 3.0301809602e-05, 4.4178977987e-05, 3.33490534103e-05, 2.54021488217e-05, 1.383082963e-05, 1.31661790874e-05, 1.80694187293e-05, 9.51191577769e-06, 7.80166919867e-06, 1.07203004518e-05, 1.02883914224e-05, 8.72556120157e-06, 5.79524976274e-06, 5.31928480996e-06, 4.95986068927e-06, 5.55924270884e-06, 2.52247627941e-06, 1.68808276158e-06, 2.53178768617e-06, 2.14109149965e-06, 1.81274492661e-06, 1.86245188161e-06, 1.90866921912e-06, 8.78491960066e-07, 5.74792693442e-07, 3.20722023162e-07, 2.63763467956e-07, 3.00035821965e-07, 2.60789533968e-07, 2.39304824845e-07, 2.07549888387e-07, 1.6489153154e-07, 1.38436831776e-07, 1.59201277938e-07, 1.02196160867e-07, 8.58575290863e-08, 8.26642647667e-08, 1.07378433256e-07, 1.25176867982e-07, 9.32386754471e-08, 5.57192159079e-08, 4.82923177003e-08, 3.71565107571e-08, 2.59983785611e-08, 2.23754206274e-08, 1.90609341644e-08, 1.47288172769e-08, 1.38744624678e-08, 9.82997860888e-09, 7.33795380015e-09, 6.39421582349e-09, 6.60842225386e-09, 6.7265655268e-09, 6.37960928529e-09, 6.32876462348e-09, 6.36284269717e-09, 6.33389785065e-09, 6.06139316517e-09, 6.14024608936e-09, 5.43614664394e-09, 4.93575624816e-09, 4.37731983993e-09, 3.47960438241e-09, 1.98577199129e-09, 7.93925591935e-10, 3.1175134696e-10, 5.27729596134e-12, 4.88395088261e-12, 4.7616064737e-12, 4.64683196436e-12, 4.55316296818e-12, 4.45905725538e-12, 4.38063604488e-12, 4.32333032221e-12, 4.27601790781e-12, 4.24510947228e-12, 4.21696835437e-12],
        "min": [2.24576940377e-10, 2.05421173405e-08, 2.56382328701e-08, 3.87750276332e-08, 8.79043398072e-08, 4.29430571103e-07, 7.82063295901e-07, 1.27575685838e-06, 3.82464577342e-06, 1.0666929029e-06, 8.20568800464e-07, 2.88320052277e-06, 1.23642792005e-06, 5.56384065931e-07, 1.1471970538e-06, 1.13953694836e-06, 6.25312281954e-07, 9.00790325886e-07, 7.35017238185e-07, 1.05725268895e-06, 3.43300627037e-07, 7.29092221263e-07, 6.0286504322e-07, 2.24857259923e-07, 3.55236210225e-07, 1.91276342321e-07, 4.92543676955e-07, 1.91886627476e-07, 3.86970668842e-07, 3.12542141501e-07, 1.02132190705e-07, 2.15468503484e-07, 6.63181012328e-08, 6.72442084237e-08, 3.32171765649e-08, 7.38696641633e-08, 3.48069946199e-08, 3.90273484641e-08, 3.38495880214e-08, 3.21592850128e-08, 5.72204044147e-08, 5.43084617277e-08, 2.69635709316e-08, 5.89575499532e-09, 1.33608066832e-08, 5.6930137049e-08, 8.61200391e-08, 7.93341925487e-09, 2.61024428738e-08, 2.3719954001e-08, 2.57411674198e-08, 8.78955663808e-09, 5.12073272674e-09, 3.27806652933e-08, 1.71753153921e-08, 7.35467553525e-09, 3.03749558839e-09, 5.26866772432e-09, 3.8451912765e-09, 2.54756660212e-09, 3.92258048265e-09, 3.56152063397e-09, 2.57979659857e-09, 1.5958724342e-09, 1.58363988589e-09, 2.60304888755e-09, 1.83484794025e-09, 2.42862685518e-09, 1.21483079152e-09, 1.50682821776e-09, 2.18954299136e-09, 1.62670221737e-09, 1.76859804579e-09, 1.74437209122e-09, 1.56271207086e-09, 1.73293157602e-09, 1.470240929e-09, 1.34661259921e-09, 1.66364499954e-09, 1.30584421054e-09, 1.41944522802e-09, 1.27719401721e-09, 1.303954833e-09, 2.12849582404e-09, 1.89237692183e-09, 1.79171333325e-09, 1.43972522793e-09, 1.46298329007e-09, 1.1808471978e-09, 1.80976822417e-09, 1.04527442257e-09, 1.63056557145e-09, 1.4313938923e-09, 6.51347475955e-10, 1.71448233388e-09, 1.47937950778e-09, 1.71260028381e-09, 1.16211662515e-09, 1.19689624878e-09, 1.19040655111e-09, 1.78796377703e-09, 4.1929190675e-10, 5.96674515352e-11, 8.45482295286e-10, 1.39170497349e-09, 9.05706842858e-10, 1.16417098184e-09, 1.2749712397e-09, 1.13215326003e-09, 8.91470897102e-10, 7.80212894291e-10, 7.05393632394e-10, 7.02709834766e-10, 9.88624071496e-10, 5.96741323022e-10, 1.40272071736e-10, 2.10507257242e-13, 1.13293387529e-13, 5.43824628884e-14, 6.6252674191e-14, 6.70216378056e-14, 6.57260771958e-14, 6.94063201551e-14, 6.91876704583e-14, 6.47381928338e-14, 7.57950017853e-14, 5.87281552599e-14, 6.49371642613e-14],
        "stdev": [3.09539018417e-06, 4.18547861045e-05, 0.000390224653529, 0.000999761279672, 0.00102044281084, 0.000745390134398, 0.000827225914691, 0.00130874081515, 0.00198248936795, 0.00282380124554, 0.00155212997925, 0.000948457338382, 0.00095662905369, 0.00067414145451, 0.00112135859672, 0.00171631609555, 0.00110246241093, 0.00147315207869, 0.00118764978833, 0.000844787457027, 0.000882526161149, 0.000968384498265, 0.000710064545274, 0.000500885304064, 0.000597168633249, 0.000473693769891, 0.00063191523077, 0.000414952985011, 0.000450812018244, 0.000865384703502, 0.000829245371278, 0.000394510454498, 0.000550118624233, 0.000478372443467, 0.000702247198205, 0.00046486305655, 0.000391346664401, 0.000203624513233, 0.000380135141313, 0.00088036863599, 0.000255222083069, 0.000370740366634, 0.000198567140615, 0.000188833335415, 0.000248814350925, 0.000248086085776, 0.000298276601825, 0.00015597154561, 0.000148500796058, 0.000194671039935, 0.000108447129605, 0.000110239045171, 0.000157070593559, 0.000146520644194, 7.45569850551e-05, 3.0428480386e-05, 3.52879033017e-05, 4.90222482767e-05, 2.21274567593e-05, 2.21125374082e-05, 2.74646827165e-05, 3.53060604539e-05, 2.24265313591e-05, 1.42329135997e-05, 1.1842063941e-05, 1.00942725112e-05, 1.29706277221e-05, 5.04975105287e-06, 3.26164877151e-06, 6.25798702458e-06, 5.27858219357e-06, 5.778339073e-06, 4.22455013904e-06, 4.24713834946e-06, 2.39569317273e-06, 1.26895577068e-06, 7.88617228409e-07, 6.61161834614e-07, 8.4744601736e-07, 7.44857857171e-07, 7.16190641015e-07, 5.70672909816e-07, 3.78604966045e-07, 3.68948292362e-07, 5.53698441763e-07, 2.59122202806e-07, 1.86505346278e-07, 1.96542103481e-07, 2.46166223405e-07, 3.38606298556e-07, 1.96199664515e-07, 1.21367108363e-07, 1.20334476605e-07, 9.27635355197e-08, 6.35543671024e-08, 5.78674068663e-08, 5.41294902234e-08, 3.24132471974e-08, 3.48917126303e-08, 1.67744733659e-08, 4.61699167786e-09, 2.44698972196e-09, 2.46427878103e-09, 2.43653985876e-09, 2.22498197644e-09, 2.10295403313e-09, 2.17804441149e-09, 2.06928607582e-09, 2.00987448906e-09, 1.95921368018e-09, 1.697731844e-09, 1.54474466552e-09, 1.37382327736e-09, 1.11497577837e-09, 6.35189290055e-10, 2.79017031701e-10, 1.70690322987e-10, 2.35794127279e-11, 2.25737935289e-11, 2.19534702917e-11, 2.13018786638e-11, 2.07670044355e-11, 2.03494512907e-11, 2.00195728051e-11, 1.97495284016e-11, 1.94958025418e-11, 1.93144927135e-11, 1.91541418143e-11]
    },
    "mfcc": {
        "mean": [-681.670776367, 194.163497925, -30.5034866333, 15.5261297226, -1.8241995573, -8.30617427826, -7.406665802, -5.91267633438, -9.03631401062, 0.914494037628, -9.57400035858, -5.6859498024, -4.4677362442],
        "cov": [[2558.83569336, -388.331939697, -942.402709961, 401.433807373, -141.19291687, 152.82762146, 2.02943587303, 89.9563980103, -59.097743988, 168.537811279, 27.921421051, 123.079879761, -30.3440074921], [-388.331939697, 585.122924805, 57.0287971497, -176.671676636, 70.2387771606, -101.677345276, 176.095367432, -16.5569152832, 53.741771698, 24.6460895538, 16.1620063782, -16.5417098999, 67.9321594238], [-942.402709961, 57.0287971497, 855.459655762, -99.0064239502, -27.3542728424, 76.9457550049, -77.7770004272, 81.1504898071, 11.7487754822, -99.4096221924, -6.08317232132, -36.2175178528, -13.5578794479], [401.433807373, -176.671676636, -99.0064239502, 355.659210205, 64.6712417603, -35.5498085022, -91.2444229126, -3.66521430016, 11.8366365433, -9.93477153778, -22.6539554596, 40.3025932312, -6.00897073746], [-141.19291687, 70.2387771606, -27.3542728424, 64.6712417603, 259.746063232, -20.9145183563, -78.6079101562, -10.4575662613, 28.3703269958, -16.3450298309, -6.9410738945, -0.904115259647, -9.58925914764], [152.82762146, -101.677345276, 76.9457550049, -35.5498085022, -20.9145183563, 229.562164307, 45.9732208252, 62.0353851318, -5.99280834198, 3.75494098663, 45.3584594727, 10.2733097076, -14.2797403336], [2.02943587303, 176.095367432, -77.7770004272, -91.2444229126, -78.6079101562, 45.9732208252, 290.001403809, 32.1030960083, 7.27989816666, 62.6024627686, 21.4521522522, 10.8831310272, 49.2231636047], [89.9563980103, -16.5569152832, 81.1504898071, -3.66521430016, -10.4575662613, 62.0353851318, 32.1030960083, 134.569351196, 34.1980743408, -1.464848876, 22.9033145905, 20.7672252655, 2.80323314667], [-59.097743988, 53.741771698, 11.7487754822, 11.8366365433, 28.3703269958, -5.99280834198, 7.27989816666, 34.1980743408, 99.5174942017, 23.8789825439, 5.35636949539, 11.0177984238, 11.0656652451], [168.537811279, 24.6460895538, -99.4096221924, -9.93477153778, -16.3450298309, 3.75494098663, 62.6024627686, -1.464848876, 23.8789825439, 126.843971252, 32.0091743469, 0.729947805405, 13.2994127274], [27.921421051, 16.1620063782, -6.08317232132, -22.6539554596, -6.9410738945, 45.3584594727, 21.4521522522, 22.9033145905, 5.35636949539, 32.0091743469, 91.8770523071, 23.7777748108, 2.91762757301], [123.079879761, -16.5417098999, -36.2175178528, 40.3025932312, -0.904115259647, 10.2733097076, 10.8831310272, 20.7672252655, 11.0177984238, 0.729947805405, 23.7777748108, 80.8200454712, 19.8682403564], [-30.3440074921, 67.9321594238, -13.5578794479, -6.00897073746, -9.58925914764, -14.2797403336, 49.2231636047, 2.80323314667, 11.0656652451, 13.2994127274, 2.91762757301, 19.8682403564, 74.7759246826]],
        "icov": [[0.00324042560533, -0.00269242469221, 0.00413841707632, -0.00372763373889, 0.00398956844583, -0.00475199054927, 0.00425358302891, -0.00498188380152, 0.00419192388654, -0.00419150665402, 0.00352893420495, -0.00244026910514, 0.00183849153109], [-0.00269242469221, 0.00675496691838, -0.00413705222309, 0.00487012648955, -0.00563153112307, 0.00678724562749, -0.00686879968271, 0.00519603025168, -0.00536615913734, 0.00446248520166, -0.00476206140593, 0.00275118043646, -0.00323209515773], [0.00413841707632, -0.00413705222309, 0.00696020619944, -0.0046082935296, 0.00572660192847, -0.00690876226872, 0.00655150460079, -0.00739411916584, 0.00524745229632, -0.00436589261517, 0.00470983795822, -0.00236288574524, 0.00215299101546], [-0.00372763373889, 0.00487012648955, -0.0046082935296, 0.00863713212311, -0.00599488522857, 0.00667398236692, -0.00500050839037, 0.00572101492435, -0.00560269644484, 0.00482728797942, -0.00342750619166, 0.000969005515799, -0.00264875381254], [0.00398956844583, -0.00563153112307, 0.00572660192847, -0.00599488522857, 0.0106375161558, -0.00739285396412, 0.00799274910241, -0.00630796002224, 0.004466264043, -0.00500785699114, 0.00496050901711, -0.00283169629984, 0.00300763198175], [-0.00475199054927, 0.00678724562749, -0.00690876226872, 0.00667398236692, -0.00739285396412, 0.0146110020578, -0.00930014811456, 0.00582929281518, -0.00618966575712, 0.00690084602684, -0.00858410540968, 0.00382947316393, -0.00205900566652], [0.00425358302891, -0.00686879968271, 0.00655150460079, -0.00500050839037, 0.00799274910241, -0.00930014811456, 0.0134734995663, -0.00853162631392, 0.00709861144423, -0.00807312782854, 0.00665663694963, -0.00380228552967, 0.000587737187743], [-0.00498188380152, 0.00519603025168, -0.00739411916584, 0.00572101492435, -0.00630796002224, 0.00582929281518, -0.00853162631392, 0.0185745097697, -0.0106119588017, 0.00771685270593, -0.00700531946495, 0.00209728791378, -0.00248494022526], [0.00419192388654, -0.00536615913734, 0.00524745229632, -0.00560269644484, 0.004466264043, -0.00618966575712, 0.00709861144423, -0.0106119588017, 0.0190900862217, -0.00904942397028, 0.00617096945643, -0.00454317778349, 0.00194385205396], [-0.00419150665402, 0.00446248520166, -0.00436589261517, 0.00482728797942, -0.00500785699114, 0.00690084602684, -0.00807312782854, 0.00771685270593, -0.00904942397028, 0.0171182751656, -0.00924489367753, 0.00571958068758, -0.00332239503041], [0.00352893420495, -0.00476206140593, 0.00470983795822, -0.00342750619166, 0.00496050901711, -0.00858410540968, 0.00665663694963, -0.00700531946495, 0.00617096945643, -0.00924489367753, 0.0197060909122, -0.0078351367265, 0.00325834145769], [-0.00244026910514, 0.00275118043646, -0.00236288574524, 0.000969005515799, -0.00283169629984, 0.00382947316393, -0.00380228552967, 0.00209728791378, -0.00454317778349, 0.00571958068758, -0.0078351367265, 0.0189424175769, -0.00612000562251], [0.00183849153109, -0.00323209515773, 0.00215299101546, -0.00264875381254, 0.00300763198175, -0.00205900566652, 0.000587737187743, -0.00248494022526, 0.00194385205396, -0.00332239503041, 0.00325834145769, -0.00612000562251, 0.0187341254205]]
    },
    "spectral_contrast_coeffs": {
        "max": [-0.388422369957, -0.459727108479, -0.474270999432, -0.526862204075, -0.611684918404, -0.611213564873],
        "mean": [-0.645460307598, -0.73747843504, -0.722728312016, -0.758952796459, -0.766192555428, -0.794172525406],
        "min": [-0.841744542122, -0.913540363312, -0.884119331837, -0.879487812519, -0.892140924931, -0.905061066151],
        "stdev": [0.0795968770981, 0.0707836821675, 0.0690413117409, 0.0573427714407, 0.0469013862312, 0.0503525286913]
    },
    "spectral_contrast_valleys": {
        "max": [-5.23374652863, -4.61612081528, -5.39403915405, -5.63544940948, -6.44389915466, -10.1665916443],
        "mean": [-6.72210788727, -6.16361999512, -7.23946046829, -7.60608959198, -8.28072357178, -11.6149330139],
        "min": [-9.33355998993, -7.89457654953, -9.19428730011, -10.2370977402, -10.5079135895, -12.2460660934],
        "stdev": [0.655237019062, 0.531808435917, 0.63089132309, 0.714199602604, 0.733592510223, 0.290687322617]
    }
},
"rhythm": {
    "beats_count": 113,
    "beats_loudness": {
        "max": 0.0717680305243,
        "mean": 0.0365146063268,
        "min": 0.00194968550932,
        "stdev": 0.015191742219
    },
    "bpm": 140.287506104,
    "bpm_histogram_first_peak_bpm": 140,
    "bpm_histogram_first_peak_weight": 0.558823525906,
    "bpm_histogram_second_peak_bpm": 133,
    "bpm_histogram_second_peak_spread": 0.100000023842,
    "bpm_histogram_second_peak_weight": 0.0803571417928,
    "danceability": 1.24256980419,
    "onset_rate": 2.419921875,
    "beats_loudness_band_ratio": {
        "max": [0.680054187775, 0.926452875137, 0.767376720905, 0.846637547016, 0.36775842309, 0.0764194279909],
        "mean": [0.219666704535, 0.348002314568, 0.235228851438, 0.194357588887, 0.0857866033912, 0.00857587624341],
        "min": [0.00594387901947, 0.0142022324726, 0.0118949776515, 0.00417361408472, 0.00117764947936, 0.000356531410944],
        "stdev": [0.138429507613, 0.206173554063, 0.12526153028, 0.168158367276, 0.0879837200046, 0.0105775203556]
    },
