{
"metadata": {
    "version": {
        "essentia": "2.1-beta5",
        "essentia_git_sha": "Undefined",
        "extractor": "music 2.0"
    },
    "audio_properties": {
        "analysis": {
            "equal_loudness": 0,
            "length": 36.1302490234,
            "sample_rate": 44100,
            "start_time": 158.998641968,
            "downmix": "mix"
        },
        "bit_rate": 192000,
        "length": 195.152130127,
        "lossless": 0,
        "number_channels": 2,
        "replay_gain": -7.96509933472,
        "sample_rate": 48000,
        "codec": "mp3",
        "md5_encoded": "9888016f3da9922a84db52b16df5963c"
    },
    "tags": {
        "file_name": "Switzerland_C_est La Chanson De Mon Amour_Véronique Müller.mp3",
        "encoding": ["Lavf58.29.100"]
    }
},
"lowlevel": {
    "average_loudness": 0.92984521389,
    "barkbands_crest": {
        "max": 26.9049739838,
        "mean": 10.8192491531,
        "min": 3.11794924736,
        "stdev": 4.91536188126
    },
    "barkbands_flatness_db": {
        "max": 0.677910745144,
        "mean": 0.220592603087,
        "min": 0.116444081068,
        "stdev": 0.0455215312541
    },
    "barkbands_kurtosis": {
        "max": 21440.3828125,
        "mean": 17.4352703094,
        "min": -1.7085570097,
        "stdev": 543.152954102
    },
    "barkbands_skewness": {
        "max": 132.917144775,
        "mean": 1.25887846947,
        "min": -0.968557238579,
        "stdev": 3.52441120148
    },
    "barkbands_spread": {
        "max": 65.1221084595,
        "mean": 10.7699728012,
        "min": 0.0209209322929,
        "stdev": 6.29604244232
    },
    "dissonance": {
        "max": 0.500000119209,
        "mean": 0.426085203886,
        "min": 0.197767302394,
        "stdev": 0.0525246113539
    },
    "dynamic_complexity": 2.23115038872,
    "erbbands_crest": {
        "max": 29.9962501526,
        "mean": 11.590464592,
        "min": 2.1253054142,
        "stdev": 5.03961753845
    },
    "erbbands_flatness_db": {
        "max": 0.390679359436,
        "mean": 0.264344990253,
        "min": 0.0629951059818,
        "stdev": 0.0394091904163
    },
    "erbbands_kurtosis": {
        "max": 18.3538093567,
        "mean": 1.05711460114,
        "min": -1.76616501808,
        "stdev": 2.03508710861
    },
    "erbbands_skewness": {
        "max": 4.21106719971,
        "mean": 0.667713224888,
        "min": -1.62125301361,
        "stdev": 0.675511360168
    },
    "erbbands_spread": {
        "max": 143.7159729,
        "mean": 20.5951976776,
        "min": 4.48612117767,
        "stdev": 10.8691186905
    },
    "hfc": {
        "max": 109.493156433,
        "mean": 21.8791160583,
        "min": 2.09400623135e-05,
        "stdev": 14.4690618515
    },
    "loudness_ebu128": {
        "integrated": -15.5517520905,
        "loudness_range": 2.74291610718,
        "momentary": {
            "max": -12.5333557129,
            "mean": -16.1643409729,
            "min": -32.547744751,
            "stdev": 2.67230916023
        },
        "short_term": {
            "max": -14.0560312271,
            "mean": -15.6888074875,
            "min": -19.7654247284,
            "stdev": 1.12791287899
        }
    },
    "melbands_crest": {
        "max": 39.9922676086,
        "mean": 13.3725852966,
        "min": 3.13812065125,
        "stdev": 6.28923940659
    },
    "melbands_flatness_db": {
        "max": 0.668267250061,
        "mean": 0.250310927629,
        "min": 0.093897588551,
        "stdev": 0.0776267126203
    },
    "melbands_kurtosis": {
        "max": 38832.203125,
        "mean": 31.3624134064,
        "min": -1.18582141399,
        "stdev": 983.71270752
    },
    "melbands_skewness": {
        "max": 184.852355957,
        "mean": 1.64023029804,
        "min": -0.498496413231,
        "stdev": 4.823179245
    },
    "melbands_spread": {
        "max": 91.9022293091,
        "mean": 15.9124069214,
        "min": 0.0228206273168,
        "stdev": 8.86630249023
    },
    "pitch_salience": {
        "max": 0.876369833946,
        "mean": 0.562514841557,
        "min": 0.00235758395866,
        "stdev": 0.153545320034
    },
    "silence_rate_20dB": {
        "max": 1,
        "mean": 1,
        "min": 1,
        "stdev": 0
    },
    "silence_rate_30dB": {
        "max": 1,
        "mean": 1,
        "min": 1,
        "stdev": 0
    },
    "silence_rate_60dB": {
        "max": 1,
        "mean": 0.0173410400748,
        "min": 0,
        "stdev": 0.130539745092
    },
    "spectral_centroid": {
        "max": 3444.14404297,
        "mean": 1072.68041992,
        "min": 234.088012695,
        "stdev": 594.588317871
    },
    "spectral_complexity": {
        "max": 55,
        "mean": 18.9049453735,
        "min": 0,
        "stdev": 10.3796272278
    },
    "spectral_decrease": {
        "max": -2.04056186553e-13,
        "mean": -7.09257985676e-09,
        "min": -2.24850218444e-08,
        "stdev": 3.87791576628e-09
    },
    "spectral_energy": {
        "max": 0.0893761813641,
        "mean": 0.0287535618991,
        "min": 7.72956127548e-07,
        "stdev": 0.0153156230226
    },
    "spectral_energyband_high": {
        "max": 0.0043128314428,
        "mean": 0.000301732303342,
        "min": 1.05148285912e-10,
        "stdev": 0.000454159831861
    },
    "spectral_energyband_low": {
        "max": 0.0325991362333,
        "mean": 0.00220863614231,
        "min": 1.18593117548e-08,
        "stdev": 0.00304460572079
    },
    "spectral_energyband_middle_high": {
        "max": 0.0514694154263,
        "mean": 0.00774970836937,
        "min": 2.80356848847e-11,
        "stdev": 0.00833350978792
    },
    "spectral_energyband_middle_low": {
        "max": 0.0800534710288,
        "mean": 0.0188093930483,
        "min": 4.90971117928e-11,
        "stdev": 0.0151896988973
    },
    "spectral_entropy": {
        "max": 8.70854949951,
        "mean": 6.88884878159,
        "min": 4.70202541351,
        "stdev": 0.623976767063
    },
    "spectral_flux": {
        "max": 0.235728368163,
        "mean": 0.0720977038145,
        "min": 0.00111729081254,
        "stdev": 0.0355122461915
    },
    "spectral_kurtosis": {
        "max": 61.4827957153,
        "mean": 8.94951629639,
        "min": -1.08940815926,
        "stdev": 7.28510713577
    },
    "spectral_rms": {
        "max": 0.00933789461851,
        "mean": 0.00507521582767,
        "min": 2.74609465123e-05,
        "stdev": 0.00151474028826
    },
    "spectral_rolloff": {
        "max": 5706.29882812,
        "mean": 1188.42248535,
        "min": 21.533203125,
        "stdev": 768.362121582
    },
    "spectral_skewness": {
        "max": 6.28370523453,
        "mean": 1.88020086288,
        "min": -0.158383309841,
        "stdev": 0.775824964046
    },
    "spectral_spread": {
        "max": 11023501,
        "mean": 2479382.5,
        "min": 1438321.25,
        "stdev": 701682.25
    },
    "spectral_strongpeak": {
        "max": 6.77863693237,
        "mean": 1.7214384079,
        "min": 0,
        "stdev": 1.2735247612
    },
    "zerocrossingrate": {
        "max": 0.14599609375,
        "mean": 0.0444125831127,
        "min": 0,
        "stdev": 0.0237357057631
    },
    "barkbands": {
        "max": [0.000154547771672, 0.0151276756078, 0.0193134918809, 0.0376400649548, 0.0627530068159, 0.0510789602995, 0.0387031435966, 0.0706273466349, 0.0568050667644, 0.0114977341145, 0.0307049322873, 0.0237669423223, 0.014973513782, 0.0127399181947, 0.00976525712758, 0.0140615757555, 0.00812324974686, 0.00620800955221, 0.0024589963723, 0.00269898376428, 0.0016918356996, 0.00236263684928, 0.00080479029566, 0.000804242154118, 3.6088116758e-05, 2.0719510303e-06, 1.654696689e-06],
        "mean": [3.335958354e-06, 0.00109884981066, 0.000906291825231, 0.000937793578487, 0.00579286646098, 0.00343461427838, 0.00147063576151, 0.00251921080053, 0.00440723076463, 0.000773550535087, 0.00128448463511, 0.00116160069592, 0.0012058619177, 0.000887451693416, 0.000924573570956, 0.000670834386256, 0.000392688729335, 0.000381883670343, 0.000137583469041, 0.000169345526956, 0.000100243778434, 6.06799549132e-05, 2.33886075875e-05, 7.88024590292e-06, 6.22968627795e-07, 5.13575635352e-08, 8.25552781691e-09],
        "min": [4.81472139935e-10, 9.39109234821e-10, 2.15549245119e-11, 4.80726309454e-12, 2.57183961627e-11, 6.33123935223e-12, 3.85721402735e-12, 4.14313288538e-12, 3.86999373519e-12, 2.62141697238e-12, 1.65865455051e-12, 4.14953228028e-12, 2.32991057003e-12, 3.10653000719e-12, 2.87827357434e-12, 3.58189844972e-12, 2.4529427968e-12, 1.20048502389e-12, 2.22751266217e-12, 4.414310497e-12, 6.27361400676e-12, 8.14010751166e-12, 9.23126852737e-12, 1.87374456229e-11, 2.12913402187e-11, 1.73480414062e-11, 2.22063999133e-11],
        "stdev": [5.61845490665e-06, 0.00211076135747, 0.00125687639229, 0.00298461737111, 0.00915220938623, 0.00520233111456, 0.00427263975143, 0.00497017148882, 0.00746844569221, 0.00127158814576, 0.00221909349784, 0.00222661392763, 0.00180840399116, 0.00157383177429, 0.00131668511312, 0.00109934317879, 0.000736706657335, 0.000483948620968, 0.000216985092266, 0.000222635280807, 0.000182199626579, 0.000139283496537, 6.01438841841e-05, 3.89066735806e-05, 2.11992892218e-06, 8.87361295554e-08, 4.33860840587e-08]
    },
    "erbbands": {
        "max": [0.232234165072, 4.24065351486, 15.543381691, 48.1606636047, 159.193466187, 287.496734619, 369.281433105, 536.253845215, 385.484100342, 1206.45935059, 986.108093262, 1163.37744141, 805.725402832, 1083.14160156, 1114.71240234, 922.584350586, 621.624633789, 576.285583496, 600.21270752, 549.443786621, 602.937255859, 409.010650635, 376.728912354, 134.292984009, 118.805084229, 129.257659912, 72.8848419189, 91.7495117188, 96.3227539062, 46.9379386902, 25.6390800476, 19.9815502167, 8.98268985748, 1.15270781517, 0.0713737234473, 0.0076789134182, 0.00618349621072, 0.00107665639371, 0.00024119084992, 0.000101603101939],
        "mean": [0.0101046543568, 0.316378444433, 1.12332689762, 1.73785793781, 6.10414171219, 22.4579620361, 31.3607368469, 34.2367324829, 16.4725875854, 44.6256828308, 46.8557281494, 112.259544373, 49.2961006165, 34.5677604675, 60.3169555664, 41.223449707, 51.4166107178, 48.4406318665, 55.4445533752, 38.3110771179, 35.0180168152, 23.4425430298, 23.7885780334, 10.5952415466, 6.32188129425, 7.31371164322, 5.82931661606, 3.43089175224, 2.37203288078, 1.14365923405, 0.623980879784, 0.272346526384, 0.0833249241114, 0.0156601704657, 0.000971387140453, 0.000224042945774, 0.000120204960695, 2.97017231787e-05, 1.63275381055e-05, 3.38830614055e-05],
        "min": [3.4299924323e-07, 4.70138218134e-07, 1.30155584088e-07, 4.98248446945e-08, 6.51520863926e-08, 9.29388050963e-08, 1.06611750539e-07, 4.8011251863e-08, 5.51075274302e-08, 9.23305165657e-08, 9.37797182132e-08, 8.13046625581e-08, 4.55166997426e-08, 1.08975676483e-07, 7.38517087484e-08, 1.80024940732e-07, 1.2190126597e-07, 1.78636682335e-07, 1.81597314963e-07, 1.27780666048e-07, 1.92418156075e-07, 1.26981078097e-07, 6.72357032272e-08, 9.54063779091e-08, 1.37093863373e-07, 1.71685428541e-07, 2.74119457799e-07, 2.4174033797e-07, 2.99966643524e-07, 2.85663929844e-07, 2.70962999593e-07, 3.66809388197e-07, 3.20905030549e-07, 2.55291496387e-07, 1.46908675447e-07, 4.69996699337e-08, 4.12673486494e-08, 1.3240919472e-08, 4.70828975807e-09, 2.31128627348e-09],
        "stdev": [0.0172006972134, 0.595576167107, 1.56982052326, 3.97868466377, 13.8838672638, 38.4969825745, 58.4627761841, 57.2235336304, 37.8855667114, 84.2326049805, 90.8150177002, 195.088317871, 64.2798690796, 61.8072891235, 98.3121948242, 70.9672775269, 77.7863311768, 75.7562561035, 81.5110092163, 58.4443092346, 56.2839012146, 40.8344688416, 30.2750835419, 14.9103546143, 10.2877292633, 9.81699085236, 7.82519960403, 7.58120250702, 5.38563299179, 2.8212594986, 1.64756417274, 1.11368787289, 0.414513379335, 0.054469037801, 0.0028785795439, 0.000344351923559, 0.000211947757634, 4.15830036218e-05, 9.62892227108e-06, 1.74370616151e-05]
    },
    "gfcc": {
        "mean": [-53.0016822815, 150.677078247, -176.837020874, 17.1562213898, -62.0624389648, -12.3442735672, -22.7028160095, -16.2135543823, -7.54661846161, -16.5218830109, -4.56096601486, -12.1494197845, -0.291731804609],
        "cov": [[2578.68896484, -157.045654297, -1000.2454834, 393.931030273, -234.185455322, 149.357391357, 69.062461853, -195.041992188, 259.924224854, -199.356811523, 127.227577209, -257.688903809, 86.7829360962], [-157.045654297, 1191.38037109, 1174.00634766, -88.7304000854, 363.356536865, -276.685394287, 58.7428703308, 156.864822388, -165.518951416, 47.2428703308, -114.90750885, 1.82838833332, -83.9948959351], [-1000.2454834, 1174.00634766, 2167.57470703, 14.9065952301, 373.078094482, -135.611526489, -120.191238403, 337.525939941, -309.408294678, 101.134506226, -171.534225464, 101.679786682, -129.588378906], [393.931030273, -88.7304000854, 14.9065952301, 461.111633301, -45.9549636841, 185.494018555, -24.9589939117, -43.8930892944, 114.585899353, -106.740943909, 37.1674728394, -77.1741256714, -17.0984668732], [-234.185455322, 363.356536865, 373.078094482, -45.9549636841, 267.054046631, -71.23072052, 48.8683624268, 77.1125793457, -66.7718429565, 71.354133606, -50.879070282, 41.6097183228, -48.1087989807], [149.357391357, -276.685394287, -135.611526489, 185.494018555, -71.23072052, 352.531280518, -12.8304538727, -15.8266534805, 92.0437088013, -53.0155830383, 37.189704895, -41.0818061829, -23.6323451996], [69.062461853, 58.7428703308, -120.191238403, -24.9589939117, 48.8683624268, -12.8304538727, 177.961120605, 21.6726799011, 22.5523509979, 34.0383300781, -14.4900751114, -9.01349639893, -14.4844264984], [-195.041992188, 156.864822388, 337.525939941, -43.8930892944, 77.1125793457, -15.8266534805, 21.6726799011, 191.621887207, -22.0044193268, 61.1323623657, -17.571559906, 6.73333501816, -12.345785141], [259.924224854, -165.518951416, -309.408294678, 114.585899353, -66.7718429565, 92.0437088013, 22.5523509979, -22.0044193268, 185.297912598, -16.0434989929, 52.8178787231, -43.2371177673, -2.03941249847], [-199.356811523, 47.2428703308, 101.134506226, -106.740943909, 71.354133606, -53.0155830383, 34.0383300781, 61.1323623657, -16.0434989929, 138.555145264, 7.05264282227, 43.3796157837, -3.43584060669], [127.227577209, -114.90750885, -171.534225464, 37.1674728394, -50.879070282, 37.189704895, -14.4900751114, -17.571559906, 52.8178787231, 7.05264282227, 110.016410828, 0.0616067349911, 43.3295402527], [-257.688903809, 1.82838833332, 101.679786682, -77.1741256714, 41.6097183228, -41.0818061829, -9.01349639893, 6.73333501816, -43.2371177673, 43.3796157837, 0.0616067349911, 115.476837158, 12.2572374344], [86.7829360962, -83.9948959351, -129.588378906, -17.0984668732, -48.1087989807, -23.6323451996, -14.4844264984, -12.345785141, -2.03941249847, -3.43584060669, 43.3295402527, 12.2572374344, 114.679466248]],
        "icov": [[0.000946392421611, -0.00152749044355, 0.00126943842042, -0.0010986556299, 0.00110277847853, -0.000575449608732, 0.000613968295511, -0.000584123132285, 0.000577039725613, -0.000600923143793, 0.000244593044044, 0.000240822060732, -0.000331490009557], [-0.00152749044355, 0.00895515177399, -0.0064762509428, 0.00435025524348, -0.006915663369, 0.00435156608, -0.00498885614797, 0.00450761523098, -0.00438279518858, 0.00543246744201, -0.0031687032897, 0.00480266334489, -0.000335164135322], [0.00126943842042, -0.0064762509428, 0.00616683671251, -0.00426457589492, 0.00420309277251, -0.00283454288729, 0.0048013953492, -0.00533778732643, 0.00498113082722, -0.00415889825672, 0.00294823641889, -0.0038730064407, 0.00110356346704], [-0.0010986556299, 0.00435025524348, -0.00426457589492, 0.00677338289097, -0.00383701059036, 0.000621687679086, -0.00274013914168, 0.00373150920495, -0.00483511900529, 0.00504483887926, -0.00268433894962, 0.0032813011203, -0.000488668563776], [0.00110277847853, -0.006915663369, 0.00420309277251, -0.00383701059036, 0.0119582051411, -0.00273191323504, 0.00196078675799, -0.00372206955217, 0.00406271871179, -0.00622666021809, 0.00322142313235, -0.00493534794077, 0.00177422561683], [-0.000575449608732, 0.00435156608, -0.00283454288729, 0.000621687679086, -0.00273191323504, 0.00624005589634, -0.0022486646194, 0.00134375307243, -0.00261873030104, 0.00313602876849, -0.00228551519103, 0.00222555664368, 0.00118588947225], [0.000613968295511, -0.00498885614797, 0.0048013953492, -0.00274013914168, 0.00196078675799, -0.0022486646194, 0.0105500239879, -0.00428276602179, 0.00241082138382, -0.00471452390775, 0.0036491912324, -0.00246866582893, 0.000915759475902], [-0.000584123132285, 0.00450761523098, -0.00533778732643, 0.00373150920495, -0.00372206955217, 0.00134375307243, -0.00428276602179, 0.0120911933482, -0.00471324194223, 0.000520572124515, -0.00195194187108, 0.0048631792888, -0.0021060956642], [0.000577039725613, -0.00438279518858, 0.00498113082722, -0.00483511900529, 0.00406271871179, -0.00261873030104, 0.00241082138382, -0.00471324194223, 0.0133169554174, -0.00441726529971, -0.000727891048882, -0.00184403453022, 0.00279940338805], [-0.000600923143793, 0.00543246744201, -0.00415889825672, 0.00504483887926, -0.00622666021809, 0.00313602876849, -0.00471452390775, 0.000520572124515, -0.00441726529971, 0.0162880476564, -0.00535157136619, 0.000762591313105, 0.000330888957251], [0.000244593044044, -0.0031687032897, 0.00294823641889, -0.00268433894962, 0.00322142313235, -0.00228551519103, 0.0036491912324, -0.00195194187108, -0.000727891048882, -0.00535157136619, 0.0157982055098, -0.00318921497092, -0.00424493616447], [0.000240822060732, 0.00480266334489, -0.0038730064407, 0.0032813011203, -0.00493534794077, 0.00222555664368, -0.00246866582893, 0.0048631792888, -0.00184403453022, 0.000762591313105, -0.00318921497092, 0.016105985269, -0.00247834855691], [-0.000331490009557, -0.000335164135322, 0.00110356346704, -0.000488668563776, 0.00177422561683, 0.00118588947225, 0.000915759475902, -0.0021060956642, 0.00279940338805, 0.000330888957251, -0.00424493616447, -0.00247834855691, 0.0127055700868]]
    },
    "melbands": {
        "max": [0.00272932043299, 0.00624615047127, 0.0138715757057, 0.0100404694676, 0.013104358688, 0.0114032179117, 0.00641554454342, 0.015661245212, 0.0103304143995, 0.00822388287634, 0.00423624645919, 0.00399106135592, 0.00429893704131, 0.00364263425581, 0.00181423686445, 0.00159132841509, 0.00102575018536, 0.00133666885085, 0.000731681182515, 0.000953219714575, 0.000694917049259, 0.000543932663277, 0.000444606732344, 0.00028739174013, 0.000135605849209, 0.000117553987366, 8.12410798972e-05, 9.03477703105e-05, 6.17172991042e-05, 4.3933672714e-05, 5.72334283788e-05, 7.00838281773e-05, 4.10415850638e-05, 2.0139688786e-05, 1.26219474623e-05, 1.66880345205e-05, 1.16773899208e-05, 8.68226470629e-06, 2.49452364187e-06, 4.0802100898e-07],
        "mean": [0.000194661741261, 0.00053601997206, 0.000452732259873, 0.000939934689086, 0.00121198152192, 0.000687285501044, 0.000280982640106, 0.000547909468878, 0.000335014978191, 0.000764582189731, 0.000228198681725, 0.000128526618937, 0.000178013156983, 0.000163675984368, 8.09534540167e-05, 0.000131942899316, 8.15462335595e-05, 9.07178036869e-05, 6.26206674497e-05, 4.64791373815e-05, 3.86225256079e-05, 2.44871953328e-05, 2.15937452595e-05, 1.73770968104e-05, 7.79439596954e-06, 4.63641617898e-06, 4.21087906943e-06, 5.32810599907e-06, 4.4269704631e-06, 2.30908108279e-06, 1.87368721072e-06, 1.48447031734e-06, 8.75626824381e-07, 5.28850819137e-07, 3.65599731822e-07, 2.71907282468e-07, 1.24538360069e-07, 6.29883274428e-08, 3.15093089398e-08, 6.08072214803e-09],
        "min": [3.08698594464e-10, 1.15181050461e-11, 3.31525540527e-12, 4.66617022798e-12, 3.77062920817e-12, 1.06707448867e-12, 7.74459055913e-13, 1.0009443361e-12, 7.80360422548e-13, 4.58406750059e-13, 1.99519098617e-13, 4.44453203624e-13, 2.0713117365e-13, 3.62622909131e-13, 4.6901203624e-13, 2.77554699059e-13, 3.14521412387e-13, 2.75151537839e-13, 1.66671946969e-13, 2.2483047596e-13, 2.23807043319e-13, 1.52414837478e-13, 6.49118616931e-14, 5.82663054632e-14, 7.89662186009e-14, 8.09448198031e-14, 1.20551409567e-13, 1.10504839871e-13, 1.64050874664e-13, 1.88127792966e-13, 1.20590291767e-13, 1.57037767122e-13, 1.82376805173e-13, 1.50544114392e-13, 1.49045923173e-13, 1.60189271787e-13, 2.53465109144e-13, 2.24675218209e-13, 2.05534699503e-13, 2.17916464496e-13],
        "stdev": [0.000361286773114, 0.000786641670857, 0.00112661300227, 0.00144007487688, 0.00213203416206, 0.00114288262557, 0.000716703187209, 0.000990326167084, 0.000754631590098, 0.00133941753302, 0.00031342136208, 0.000241122397711, 0.000288173789158, 0.000295770936646, 0.000168851795024, 0.000189012775081, 0.000140334494063, 0.000147216866026, 9.31825343287e-05, 7.78645626269e-05, 6.66834384901e-05, 4.64018921775e-05, 3.1051778933e-05, 2.30317218666e-05, 1.23723739307e-05, 8.65843412612e-06, 7.27565884517e-06, 7.76665910962e-06, 5.76507591177e-06, 4.38146798842e-06, 4.65040056952e-06, 3.5073530853e-06, 2.14423175748e-06, 1.38019527185e-06, 9.61238470154e-07, 8.95850121196e-07, 5.93666186433e-07, 3.66703062582e-07, 1.14815591701e-07, 1.93919600378e-08]
    },
    "melbands128": {
        "max": [8.62684464664e-05, 0.00140147458296, 0.004000749439, 0.00905593670905, 0.00695444643497, 0.0108250994235, 0.0113917486742, 0.0267227310687, 0.0180002432317, 0.0131355887279, 0.0225559938699, 0.0273030027747, 0.0169836562127, 0.0113553591073, 0.0122098075226, 0.0246131476015, 0.0104772830382, 0.0100641604513, 0.0161894336343, 0.01415646635, 0.029177211225, 0.0163169056177, 0.0165280029178, 0.018858930096, 0.0129079306498, 0.0182073265314, 0.011487768963, 0.00442562997341, 0.00343365338631, 0.00302274897695, 0.00782326515764, 0.00752074690536, 0.00741379382089, 0.00725870300084, 0.00790699757636, 0.00633863080293, 0.00326520041563, 0.00196094135754, 0.00236716214567, 0.00219665956683, 0.00234987773001, 0.00355313182808, 0.00143003219273, 0.00165123934858, 0.00287864217535, 0.00242354674265, 0.00183777103666, 0.00108694948722, 0.00122074584942, 0.00078217079863, 0.00155425805133, 0.00179936969653, 0.00100791023578, 0.00118819891941, 0.000557321414817, 0.000968817912508, 0.00082239753101, 0.000554230005946, 0.000435953174019, 0.000482641276903, 0.000415783259086, 0.000372319220332, 0.000264275004156, 0.000164792159921, 0.000137049748446, 0.000171101550222, 0.000164268320077, 0.000165210134583, 0.00011793358135, 0.00010601838585, 7.7903008787e-05, 0.000118770542031, 0.000150947234943, 5.68714058318e-05, 7.7475218859e-05, 5.29069075128e-05, 5.84605331824e-05, 9.04648404685e-05, 7.5311108958e-05, 6.44931642455e-05, 0.000112884794362, 4.6196844778e-05, 4.15672620875e-05, 4.54230175819e-05, 4.86174612888e-05, 2.41228080995e-05, 2.70595191978e-05, 1.52765114763e-05, 1.41690270539e-05, 1.97190584004e-05, 2.58341569861e-05, 1.94717049453e-05, 2.10262078326e-05, 1.06417028292e-05, 7.9119554357e-06, 1.178207458e-05, 9.99096391752e-06, 4.2917617975e-06, 3.01421823679e-06, 1.33641299271e-06, 5.39401696642e-07, 3.79983788434e-07, 2.35008798199e-07, 5.23391356921e-08, 1.57519899346e-08, 4.8416911369e-08, 2.57323993225e-08, 2.02081658074e-08, 1.02840909122e-08, 1.22216627929e-08, 1.16552945073e-08, 2.02231369428e-08, 5.35768407417e-08, 1.02646788847e-08, 9.31901666945e-09, 8.41872083157e-09, 8.4672890921e-09, 7.67278596214e-09, 7.40603800509e-09, 7.2385906158e-09, 7.06245373294e-09, 6.90977319806e-09, 6.75970524e-09, 6.66355148837e-09, 6.57461818321e-09, 6.49387610352e-09, 6.44170894404e-09, 6.405060482e-09],
        "mean": [2.92803952107e-06, 2.70148848358e-05, 0.000188750418602, 0.000666236912366, 0.000668141583446, 0.000393851834815, 0.000229152923566, 0.000624014530331, 0.000552050652914, 0.000655899988487, 0.00137191824615, 0.00175886391662, 0.00110991625115, 0.000555142760277, 0.0010333963437, 0.000583372951951, 0.00011822169472, 0.000231666810578, 0.000478756672237, 0.000440282659838, 0.00070387404412, 0.000540502660442, 0.00021367125737, 0.000201070026378, 0.000651763286442, 0.00133720273152, 0.000267663242994, 0.000120995813631, 0.000107981999463, 0.000101195757452, 0.000157969858265, 0.000144388148328, 0.000120734330267, 0.000279488565866, 0.000210692422115, 0.000130742191686, 6.74663824611e-05, 7.72481434979e-05, 8.67446287884e-05, 0.000110542969196, 0.000177934547537, 0.000104302765976, 7.35933499527e-05, 6.77215211908e-05, 8.6687032308e-05, 0.00010528027633, 8.52097509778e-05, 6.4257212216e-05, 5.50132317585e-05, 3.93819536839e-05, 4.88917066832e-05, 4.86501485284e-05, 4.61370291305e-05, 3.1633197068e-05, 2.47489188041e-05, 2.7989201044e-05, 1.94126841961e-05, 1.84697946679e-05, 1.95026859728e-05, 3.43717074429e-05, 1.32339800984e-05, 1.09300090116e-05, 1.0386379472e-05, 5.82556640438e-06, 5.3625099099e-06, 4.64867252958e-06, 4.21754202762e-06, 4.4236753638e-06, 4.30239242633e-06, 3.76423668058e-06, 3.18967727253e-06, 9.08249876375e-06, 5.67936967855e-06, 3.34550600201e-06, 2.90443472295e-06, 2.28479416364e-06, 2.11221981772e-06, 1.94298991119e-06, 1.87782359262e-06, 1.76189348622e-06, 1.64349739862e-06, 1.39755104556e-06, 9.98114728645e-07, 8.71690019721e-07, 7.34901959731e-07, 5.46608987406e-07, 4.89127671699e-07, 4.17701841116e-07, 3.1899932651e-07, 3.64757056559e-07, 3.5149318478e-07, 2.22237275693e-07, 1.87726485024e-07, 1.25902147374e-07, 8.49860413155e-08, 7.53733004899e-08, 5.99291851699e-08, 4.05190405672e-08, 4.00303150627e-08, 2.23167120339e-08, 8.81746320402e-09, 3.59513174786e-09, 1.90423721236e-09, 6.58548326982e-10, 2.53290527441e-10, 2.28222746257e-10, 3.79933640104e-10, 3.44806516672e-10, 2.58995658253e-10, 2.79811757098e-10, 2.83380346966e-10, 3.41334654985e-10, 4.53086734797e-10, 2.65799160459e-10, 2.47965786793e-10, 3.2966568364e-10, 2.31542979234e-10, 1.41205059798e-11, 1.18196841203e-11, 1.12644685246e-11, 1.08695118878e-11, 1.14198693904e-11, 1.02577816033e-11, 8.01937075773e-12, 7.85921328017e-12, 7.69730980343e-12, 7.59748514101e-12, 7.54993637053e-12],
        "min": [4.41610081836e-10, 2.63911253962e-10, 2.49866349833e-10, 9.77916705946e-12, 1.47371229803e-11, 6.6875424469e-12, 2.04449781757e-12, 2.3629739658e-12, 5.19683688444e-12, 4.83200892493e-12, 4.18889228859e-12, 5.42762362832e-12, 3.42069818651e-12, 2.12769146919e-12, 4.0135960961e-13, 1.02251909197e-12, 1.22525286358e-12, 2.82987744566e-13, 8.90566862876e-13, 1.00786707539e-12, 1.21699102618e-12, 6.09545020794e-13, 7.61126296538e-13, 8.95842102756e-13, 6.00668169717e-13, 2.04529237513e-13, 2.29756291032e-13, 1.64446107014e-13, 1.41603430912e-13, 6.39532318162e-13, 4.32996195322e-13, 3.10912889401e-13, 1.00403118165e-13, 2.91140104646e-13, 1.94353051448e-13, 3.57483031892e-13, 5.94649329777e-13, 7.58403160151e-13, 1.45555090333e-13, 1.02605701984e-13, 3.50977168335e-13, 4.82798805275e-13, 3.36103107151e-13, 2.529913399e-13, 1.01077397049e-13, 3.73218247756e-13, 3.6665259045e-13, 1.32787986336e-13, 9.48804701256e-14, 1.40574468841e-13, 2.99746745437e-13, 2.32050191779e-13, 2.06668002481e-13, 2.47721846291e-13, 2.08788417328e-13, 1.65143425193e-13, 6.64342577261e-14, 8.48635330303e-14, 5.88858321371e-14, 3.86252241671e-14, 6.97068745499e-14, 5.58636422982e-14, 8.32088372271e-14, 9.98740139527e-14, 3.73696909463e-14, 6.7648659027e-14, 1.32600744621e-13, 8.5219232658e-14, 1.17557913816e-13, 1.74376870365e-13, 4.60661273938e-14, 7.99918128697e-14, 2.75581667946e-13, 7.76433835303e-14, 1.80186513496e-13, 2.62466914522e-13, 1.45009370722e-13, 1.4908918284e-13, 9.03840533233e-14, 1.30789706864e-13, 1.31054753638e-13, 1.48885854275e-13, 2.51857779424e-13, 1.80524513524e-13, 1.35853825477e-13, 1.84206193051e-13, 1.31550518634e-13, 1.08546323514e-13, 1.77729711373e-13, 1.54085308423e-13, 1.57686187783e-13, 1.2174195842e-13, 2.17405873035e-13, 2.59894509342e-13, 3.14301265136e-13, 2.18219241505e-13, 1.98620322121e-13, 2.3815912892e-13, 2.04545880017e-13, 1.35414398336e-13, 2.92862874793e-13, 1.74301680944e-13, 1.3269394535e-13, 1.08333291339e-13, 8.80574300001e-14, 8.02581200283e-14, 7.95883812413e-14, 8.49874234573e-14, 5.99617740443e-14, 5.26013457238e-14, 8.21078976836e-14, 8.12905650996e-14, 7.87849806553e-14, 5.57303599699e-14, 9.56831117701e-14, 1.04733177697e-13, 9.45131898634e-14, 8.66896344206e-14, 7.99721142715e-14, 7.09498784593e-14, 9.12687148622e-14, 6.04059242405e-14, 8.81905158167e-14, 7.79343359595e-14, 6.13034267989e-14, 2.12559648566e-14, 2.16958426187e-15, 1.10696466093e-16],
        "stdev": [4.26161614087e-06, 5.62250934308e-05, 0.000370306748664, 0.00132780801505, 0.00106519868132, 0.000582724169362, 0.000516365049407, 0.00207925867289, 0.00159064331092, 0.00139579665847, 0.00261656846851, 0.00382459023967, 0.00259707146324, 0.00105898140464, 0.00184377341066, 0.00156872230582, 0.000468530197395, 0.000853669771459, 0.00167253194377, 0.00103147153277, 0.00165023515001, 0.00132601778023, 0.000940386671573, 0.00111700233538, 0.00139102735557, 0.00256973435171, 0.000633025134448, 0.000311669107759, 0.000229720171774, 0.000221998430789, 0.000421024451498, 0.000378925527912, 0.000310527946567, 0.000594874320086, 0.000524775648955, 0.000359655270586, 0.000172530199052, 0.000187444718904, 0.000209420730243, 0.000206304554013, 0.000274920108495, 0.000224589181016, 0.000163919248735, 0.000152356442413, 0.000223877985263, 0.000225711861276, 0.000159777875524, 0.0001196602243, 0.000112742141937, 8.55649777805e-05, 9.49451932684e-05, 9.79566175374e-05, 9.75367802312e-05, 7.1738853876e-05, 5.3150979511e-05, 5.72851895413e-05, 4.8093002988e-05, 4.2021209083e-05, 3.15726247209e-05, 5.92314827372e-05, 2.64060345216e-05, 2.39712499024e-05, 2.17524848267e-05, 1.12252428153e-05, 1.19138612718e-05, 1.02942676676e-05, 1.05264334707e-05, 1.01054747574e-05, 8.71265820024e-06, 6.96690131008e-06, 6.50575566397e-06, 1.76596859092e-05, 9.46414547798e-06, 6.14585815129e-06, 5.93365439272e-06, 4.73132877232e-06, 4.76763489132e-06, 5.27682823304e-06, 5.07979757458e-06, 4.6698269216e-06, 4.82077666675e-06, 3.07238838104e-06, 2.65157541435e-06, 2.30414070757e-06, 2.10107714338e-06, 1.52191648795e-06, 1.45422404785e-06, 1.22870892483e-06, 9.45320664414e-07, 1.05148274088e-06, 1.10123767172e-06, 9.09346397293e-07, 9.63846559898e-07, 5.74043610868e-07, 4.22258409571e-07, 4.75642764286e-07, 4.06686012866e-07, 1.58772664349e-07, 1.53399540181e-07, 8.42598595341e-08, 2.83839600712e-08, 1.32272770514e-08, 9.62806101512e-09, 3.02428015964e-09, 8.58410065252e-10, 1.32185806745e-09, 1.0196232747e-09, 8.67374727598e-10, 5.51581891273e-10, 5.99922389544e-10, 5.73589953312e-10, 7.59652618587e-10, 1.51294565764e-09, 5.73624869826e-10, 5.66823254999e-10, 5.81674541866e-10, 4.63557664476e-10, 1.97774990829e-10, 1.88751389518e-10, 1.84110143797e-10, 1.79862388872e-10, 1.76340220204e-10, 1.72424671763e-10, 1.68824509927e-10, 1.66572353133e-10, 1.64528668467e-10, 1.63207197756e-10, 1.6227916233e-10]
    },
    "mfcc": {
        "mean": [-676.726928711, 168.82875061, -48.8803482056, 22.0081615448, -20.5687980652, 2.28199291229, -14.2429275513, -0.113521650434, -6.44424295425, 0.29221123457, -11.1235799789, 0.247850030661, -8.85603904724],
        "cov": [[3659.47192383, -1347.0045166, -1019.19622803, -228.441864014, -322.012176514, 326.201477051, -279.451934814, 71.1734390259, -27.2741584778, 126.892082214, -12.3485507965, 142.85710144, -126.039657593], [-1347.0045166, 1862.75976562, 761.787658691, 434.393676758, 260.490264893, -284.049987793, 269.105102539, -76.322052002, 81.0829391479, 0.974174678326, -28.2317943573, -67.4535140991, -0.180530622602], [-1019.19622803, 761.787658691, 1426.26049805, 314.123748779, 476.025756836, -117.807609558, 185.893249512, 81.1014709473, 51.4901657104, 9.20107269287, -14.0610752106, -67.7857818604, 90.9000167847], [-228.441864014, 434.393676758, 314.123748779, 375.556762695, 115.925140381, -42.2656898499, 57.2383460999, 7.22129011154, 40.7329597473, 2.71726727486, -10.4482049942, -12.3195075989, 0.0274531301111], [-322.012176514, 260.490264893, 476.025756836, 115.925140381, 316.714050293, -27.057718277, 73.7395629883, 33.8294181824, 20.6717891693, 12.0270929337, 3.44290113449, -11.739575386, 51.3796386719], [326.201477051, -284.049987793, -117.807609558, -42.2656898499, -27.057718277, 253.904220581, -41.6678237915, 75.9616012573, -23.2237281799, 12.4704408646, 23.0446014404, 9.76145553589, 41.6521034241], [-279.451934814, 269.105102539, 185.893249512, 57.2383460999, 73.7395629883, -41.6678237915, 172.318283081, -2.48309493065, 38.2346000671, 13.1119356155, 0.827990949154, -0.293845653534, -13.684047699], [71.1734390259, -76.322052002, 81.1014709473, 7.22129011154, 33.8294181824, 75.9616012573, -2.48309493065, 135.448348999, 17.457868576, 27.7328357697, 8.84037303925, 3.35531020164, 44.4744224548], [-27.2741584778, 81.0829391479, 51.4901657104, 40.7329597473, 20.6717891693, -23.2237281799, 38.2346000671, 17.457868576, 110.029495239, 33.3749923706, 28.5602912903, 8.62868785858, -1.99784755707], [126.892082214, 0.974174678326, 9.20107269287, 2.71726727486, 12.0270929337, 12.4704408646, 13.1119356155, 27.7328357697, 33.3749923706, 112.163200378, 32.0513153076, 39.9025535583, -12.2485389709], [-12.3485507965, -28.2317943573, -14.0610752106, -10.4482049942, 3.44290113449, 23.0446014404, 0.827990949154, 8.84037303925, 28.5602912903, 32.0513153076, 105.490127563, 35.7964324951, 13.5747852325], [142.85710144, -67.4535140991, -67.7857818604, -12.3195075989, -11.739575386, 9.76145553589, -0.293845653534, 3.35531020164, 8.62868785858, 39.9025535583, 35.7964324951, 125.86290741, 5.82199144363], [-126.039657593, -0.180530622602, 90.9000167847, 0.0274531301111, 51.3796386719, 41.6521034241, -13.684047699, 44.4744224548, -1.99784755707, -12.2485389709, 13.5747852325, 5.82199144363, 141.284759521]],
        "icov": [[0.000496719323564, 0.000224973962759, 0.000198634515982, -0.000165348639712, -7.85686497693e-05, -0.000345952168573, 0.000352431583451, -6.62436577841e-05, -0.000188072313904, -0.000468482525321, 0.000455655710539, -0.000318270147545, 0.000427254039096], [0.000224973962759, 0.00123700883705, -0.000107620202471, -0.000990058411844, 2.71381668426e-05, 0.000621807295829, -0.000964168109931, 0.000481505150674, 3.15834477078e-05, -0.00049976905575, 0.000140868796734, 0.000319078186294, -0.000235989879002], [0.000198634515982, -0.000107620202471, 0.00189225957729, -0.000571544806007, -0.00205919565633, 0.000434439396486, -0.000439876981545, -0.000941246049479, 0.00022915637237, -0.000210103811696, 0.000100497964013, 0.000510441197548, -0.000211477265111], [-0.000165348639712, -0.000990058411844, -0.000571544806007, 0.00422566290945, -0.0003272688773, -0.000590805779211, 0.000742200820241, -0.000141838434502, -0.00116242747754, 0.000667212123517, 0.000398886913899, -0.000491728016641, 0.000651195587125], [-7.85686497693e-05, 2.71381668426e-05, -0.00205919565633, -0.0003272688773, 0.00664067035541, -8.02063295851e-05, -0.000812489306554, 0.000187392666703, 0.000222544258577, -0.000477050605696, -0.000212010869291, -0.00016287562903, -0.0012852557702], [-0.000345952168573, 0.000621807295829, 0.000434439396486, -0.000590805779211, -8.02063295851e-05, 0.00647931592539, -0.000780428526923, -0.00298855337314, 0.00196373369545, -0.00011317757162, -0.00164773617871, 0.000907522218768, -0.00146417843644], [0.000352431583451, -0.000964168109931, -0.000439876981545, 0.000742200820241, -0.000812489306554, -0.000780428526923, 0.00896282680333, -1.75914265128e-05, -0.00243502785452, -0.000106529820187, 0.000771286664531, -0.00118260993622, 0.00192616821732], [-6.62436577841e-05, 0.000481505150674, -0.000941246049479, -0.000141838434502, 0.000187392666703, -0.00298855337314, -1.75914265128e-05, 0.011443419382, -0.00195824401453, -0.00257484707981, 0.00114967406262, 0.00050163542619, -0.00262594176456], [-0.000188072313904, 3.15834477078e-05, 0.00022915637237, -0.00116242747754, 0.000222544258577, 0.00196373369545, -0.00243502785452, -0.00195824401453, 0.0123599069193, -0.00239442382008, -0.00326794222929, 0.00101260596421, -0.000354766991222], [-0.000468482525321, -0.00049976905575, -0.000210103811696, 0.000667212123517, -0.000477050605696, -0.00011317757162, -0.000106529820187, -0.00257484707981, -0.00239442382008, 0.0128977177665, -0.00239216210321, -0.00309591786936, 0.00216524675488], [0.000455655710539, 0.000140868796734, 0.000100497964013, 0.000398886913899, -0.000212010869291, -0.00164773617871, 0.000771286664531, 0.00114967406262, -0.00326794222929, -0.00239216210321, 0.0125508280471, -0.00282291136682, -0.000725565303583], [-0.000318270147545, 0.000319078186294, 0.000510441197548, -0.000491728016641, -0.00016287562903, 0.000907522218768, -0.00118260993622, 0.00050163542619, 0.00101260596421, -0.00309591786936, -0.00282291136682, 0.010386954993, -0.00150346732698], [0.000427254039096, -0.000235989879002, -0.000211477265111, 0.000651195587125, -0.0012852557702, -0.00146417843644, 0.00192616821732, -0.00262594176456, -0.000354766991222, 0.00216524675488, -0.000725565303583, -0.00150346732698, 0.00982126966119]]
    },
    "spectral_contrast_coeffs": {
        "max": [-0.304250448942, -0.385100692511, -0.425512939692, -0.546073257923, -0.562461674213, -0.403407335281],
        "mean": [-0.641695976257, -0.681664168835, -0.692491531372, -0.741726577282, -0.746604681015, -0.685843467712],
        "min": [-0.972225427628, -0.956731975079, -0.939303636551, -0.940654337406, -0.928711533546, -0.913168311119],
        "stdev": [0.0969113186002, 0.112166337669, 0.0944858491421, 0.0729750394821, 0.063286036253, 0.0697344765067]
    },
    "spectral_contrast_valleys": {
        "max": [-5.60307693481, -5.43094491959, -5.20320892334, -5.17693424225, -5.78158712387, -8.96101379395],
        "mean": [-7.4473156929, -6.83832263947, -7.42105579376, -7.73490381241, -8.2126531601, -12.3055534363],
        "min": [-16.2582263947, -16.5792751312, -16.6816368103, -16.6532440186, -16.0680084229, -17.6638565063],
        "stdev": [0.9911891222, 0.694340229034, 0.996618807316, 1.15921199322, 1.0363932848, 0.882793724537]
    }
},
"rhythm": {
    "beats_count": 68,
    "beats_loudness": {
        "max": 0.067172601819,
        "mean": 0.0311890412122,
        "min": 0.00162017846014,
        "stdev": 0.0140025727451
    },
    "bpm": 117.393127441,
    "bpm_histogram_first_peak_bpm": 117,
    "bpm_histogram_first_peak_weight": 0.629629611969,
    "bpm_histogram_second_peak_bpm": 101,
    "bpm_histogram_second_peak_spread": 0.549999952316,
    "bpm_histogram_second_peak_weight": 0.134328365326,
    "danceability": 0.885713100433,
    "onset_rate": 1.85380601883,
    "beats_loudness_band_ratio": {
        "max": [0.909575521946, 0.789115786552, 0.823280155659, 0.679623961449, 0.460962831974, 0.0680411532521],
        "mean": [0.154988020658, 0.267361342907, 0.292620718479, 0.17784948647, 0.111359588802, 0.0151294907555],
        "min": [0.00125398533419, 0.00690609915182, 0.013578504324, 0.00535440770909, 0.00170836411417, 0.000449155602837],
        "stdev": [0.204537764192, 0.213125735521, 0.193617239594, 0.174173474312, 0.130040809512, 0.0169361829758]
    },
