{
"metadata": {
    "version": {
        "essentia": "2.1-beta5",
        "essentia_git_sha": "Undefined",
        "extractor": "music 2.0"
    },
    "audio_properties": {
        "analysis": {
            "equal_loudness": 0,
            "length": 32.4963264465,
            "sample_rate": 44100,
            "start_time": 12.7477550507,
            "downmix": "mix"
        },
        "bit_rate": 192000,
        "length": 174.126434326,
        "lossless": 0,
        "number_channels": 2,
        "replay_gain": -7.89300918579,
        "sample_rate": 44100,
        "codec": "mp3",
        "md5_encoded": "a564e62a8641815b9496cc343a596909"
    },
    "tags": {
        "file_name": "United KingdomUK_Beg, Steal Or Borrow_The New Seekers.mp3",
        "encoding": ["Lavf58.29.100"]
    }
},
"lowlevel": {
    "average_loudness": 0.937030434608,
    "barkbands_crest": {
        "max": 22.0735340118,
        "mean": 9.21970748901,
        "min": 3.21477103233,
        "stdev": 3.4149992466
    },
    "barkbands_flatness_db": {
        "max": 0.303829222918,
        "mean": 0.195899412036,
        "min": 0.102105528116,
        "stdev": 0.0331225804985
    },
    "barkbands_kurtosis": {
        "max": 33.6888885498,
        "mean": 2.98808670044,
        "min": -1.57495713234,
        "stdev": 4.3240981102
    },
    "barkbands_skewness": {
        "max": 5.17174863815,
        "mean": 1.1139061451,
        "min": -1.78478956223,
        "stdev": 0.927869319916
    },
    "barkbands_spread": {
        "max": 45.7952232361,
        "mean": 11.8602752686,
        "min": 1.83807933331,
        "stdev": 5.83911657333
    },
    "dissonance": {
        "max": 0.49894836545,
        "mean": 0.435555666685,
        "min": 0.290639132261,
        "stdev": 0.0371809639037
    },
    "dynamic_complexity": 2.16555404663,
    "erbbands_crest": {
        "max": 26.6704845428,
        "mean": 11.0313653946,
        "min": 3.79915595055,
        "stdev": 4.26009130478
    },
    "erbbands_flatness_db": {
        "max": 0.324034541845,
        "mean": 0.227879181504,
        "min": 0.119909614325,
        "stdev": 0.0325924754143
    },
    "erbbands_kurtosis": {
        "max": 23.4329376221,
        "mean": 0.889303565025,
        "min": -1.83209097385,
        "stdev": 2.21658968925
    },
    "erbbands_skewness": {
        "max": 3.73573327065,
        "mean": 0.55344837904,
        "min": -1.63156712055,
        "stdev": 0.705019593239
    },
    "erbbands_spread": {
        "max": 81.8065872192,
        "mean": 22.1997680664,
        "min": 3.568338871,
        "stdev": 11.3253211975
    },
    "hfc": {
        "max": 57.4415855408,
        "mean": 17.148733139,
        "min": 0.264613926411,
        "stdev": 10.1431503296
    },
    "loudness_ebu128": {
        "integrated": -15.819272995,
        "loudness_range": 4.03045272827,
        "momentary": {
            "max": -12.3584308624,
            "mean": -16.4004974365,
            "min": -27.2505149841,
            "stdev": 2.43843054771
        },
        "short_term": {
            "max": -13.9521083832,
            "mean": -16.1957817078,
            "min": -20.4917488098,
            "stdev": 1.62322795391
        }
    },
    "melbands_crest": {
        "max": 29.1093521118,
        "mean": 11.7946043015,
        "min": 3.61968612671,
        "stdev": 4.44747877121
    },
    "melbands_flatness_db": {
        "max": 0.416379481554,
        "mean": 0.262327373028,
        "min": 0.153441935778,
        "stdev": 0.0439148917794
    },
    "melbands_kurtosis": {
        "max": 85.9824981689,
        "mean": 5.73913764954,
        "min": -1.40251803398,
        "stdev": 7.48450613022
    },
    "melbands_skewness": {
        "max": 7.87795257568,
        "mean": 1.57227003574,
        "min": -1.25234556198,
        "stdev": 1.11777496338
    },
    "melbands_spread": {
        "max": 70.4251937866,
        "mean": 15.8027067184,
        "min": 2.18542337418,
        "stdev": 8.62493610382
    },
    "pitch_salience": {
        "max": 0.818098843098,
        "mean": 0.569025337696,
        "min": 0.240759953856,
        "stdev": 0.0877850204706
    },
    "silence_rate_20dB": {
        "max": 1,
        "mean": 1,
        "min": 1,
        "stdev": 0
    },
    "silence_rate_30dB": {
        "max": 1,
        "mean": 1,
        "min": 1,
        "stdev": 0
    },
    "silence_rate_60dB": {
        "max": 1,
        "mean": 0.0192719493061,
        "min": 0,
        "stdev": 0.137480661273
    },
    "spectral_centroid": {
        "max": 2534.5559082,
        "mean": 838.848937988,
        "min": 234.33102417,
        "stdev": 346.820831299
    },
    "spectral_complexity": {
        "max": 32,
        "mean": 16.8629550934,
        "min": 1,
        "stdev": 5.0322098732
    },
    "spectral_decrease": {
        "max": -1.6463309882e-10,
        "mean": -7.49956541313e-09,
        "min": -2.43770603703e-08,
        "stdev": 4.09479339325e-09
    },
    "spectral_energy": {
        "max": 0.0964991748333,
        "mean": 0.0298605263233,
        "min": 0.000645364169031,
        "stdev": 0.0161364376545
    },
    "spectral_energyband_high": {
        "max": 0.00150051189121,
        "mean": 6.33978488622e-05,
        "min": 2.60091042037e-06,
        "stdev": 9.85823498922e-05
    },
    "spectral_energyband_low": {
        "max": 0.0239078681916,
        "mean": 0.00442600948736,
        "min": 3.35746481142e-05,
        "stdev": 0.00367445405573
    },
    "spectral_energyband_middle_high": {
        "max": 0.0385720022023,
        "mean": 0.00573009205982,
        "min": 7.56138324505e-05,
        "stdev": 0.00569054903463
    },
    "spectral_energyband_middle_low": {
        "max": 0.0922424718738,
        "mean": 0.0209733564407,
        "min": 0.000478097703308,
        "stdev": 0.0150552093983
    },
    "spectral_entropy": {
        "max": 7.95298910141,
        "mean": 6.93179798126,
        "min": 5.88426828384,
        "stdev": 0.30993270874
    },
    "spectral_flux": {
        "max": 0.207369431853,
        "mean": 0.080975599587,
        "min": 0.0086083561182,
        "stdev": 0.0306340008974
    },
    "spectral_kurtosis": {
        "max": 41.7700042725,
        "mean": 12.0334539413,
        "min": -0.0925152301788,
        "stdev": 6.26543283463
    },
    "spectral_rms": {
        "max": 0.00970286224037,
        "mean": 0.00518171722069,
        "min": 0.000793488230556,
        "stdev": 0.00151062675286
    },
    "spectral_rolloff": {
        "max": 3488.37890625,
        "mean": 932.800415039,
        "min": 150.732421875,
        "stdev": 511.884429932
    },
    "spectral_skewness": {
        "max": 4.96415662766,
        "mean": 2.31117367744,
        "min": 0.103475898504,
        "stdev": 0.688831210136
    },
    "spectral_spread": {
        "max": 6314095,
        "mean": 2434813.75,
        "min": 1498278.75,
        "stdev": 481481.3125
    },
    "spectral_strongpeak": {
        "max": 9.28837680817,
        "mean": 1.45383942127,
        "min": 0.0192158836871,
        "stdev": 1.23062884808
    },
    "zerocrossingrate": {
        "max": 0.09033203125,
        "mean": 0.0357943959534,
        "min": 0.00439453125,
        "stdev": 0.0127601847053
    },
    "barkbands": {
        "max": [0.000222840928473, 0.0187455192208, 0.0126754175872, 0.016433654353, 0.0580699406564, 0.0463717989624, 0.0511081218719, 0.0691540166736, 0.0267790444195, 0.0316876284778, 0.015647996217, 0.0110446009785, 0.0170323774219, 0.0152578428388, 0.00911359582096, 0.00454802950844, 0.00793819688261, 0.00357902911492, 0.00211610109545, 0.00102248496842, 0.000696708564647, 0.000328949041432, 0.000186491699424, 4.67022800876e-05, 1.76590185674e-06, 1.33074593123e-06, 1.07830874185e-06],
        "mean": [2.27985970014e-06, 0.00237058009952, 0.00135547865648, 0.00170489365701, 0.00588778778911, 0.00384506513365, 0.00241822982207, 0.00406087422743, 0.00168901321013, 0.00207717414014, 0.000619231548626, 0.000886673340574, 0.000536684470717, 0.000886816706043, 0.000447702099336, 0.000281066371826, 0.000345760723576, 0.000237063606619, 0.000118119336548, 5.33781458216e-05, 2.1858355467e-05, 7.16937256584e-06, 4.55630242868e-06, 1.66046868344e-06, 7.62987497183e-07, 6.78699564105e-07, 9.86429782301e-09],
        "min": [3.03611602526e-09, 5.58699548492e-06, 4.22287939728e-06, 7.1147151175e-06, 2.04718307941e-05, 1.65509263752e-05, 1.19811302284e-05, 1.04923637991e-05, 1.32810532705e-06, 6.05234845352e-06, 3.40280757882e-06, 4.47430102213e-06, 9.58002715379e-07, 5.49120068172e-06, 1.90786045096e-06, 9.88935084933e-07, 8.68325059855e-07, 5.02870875607e-07, 2.79321596963e-07, 3.814895706e-07, 2.77180504327e-07, 2.56011333022e-07, 2.16252999508e-07, 2.74870160411e-07, 3.02555349663e-07, 3.27850329995e-07, 9.45728287349e-11],
        "stdev": [6.62231377646e-06, 0.0024929177016, 0.00160263071302, 0.00206119357608, 0.00799548160285, 0.00513936113566, 0.00411849981174, 0.00653905188665, 0.00284570176154, 0.00341143622063, 0.00133820180781, 0.00141463521868, 0.00138257769868, 0.00189226446673, 0.000887103902642, 0.000450886931503, 0.000629011949059, 0.000356021308107, 0.000203909454285, 7.73948049755e-05, 4.06625658798e-05, 1.77059464477e-05, 1.13438891276e-05, 2.85066289507e-06, 1.45987471001e-07, 9.81841381531e-08, 3.08573149255e-08]
    },
    "erbbands": {
        "max": [0.187179043889, 5.19800186157, 17.2212924957, 27.4841766357, 142.931640625, 248.819412231, 537.410095215, 409.793182373, 496.468658447, 1334.03125, 617.109680176, 596.266967773, 1263.91223145, 524.174316406, 735.232910156, 555.641540527, 884.933349609, 861.702575684, 702.797363281, 290.267822266, 260.949768066, 272.871582031, 246.193984985, 262.902099609, 69.5210647583, 48.9761123657, 28.6957645416, 24.5949382782, 12.8308773041, 7.28769826889, 4.58093833923, 1.68945014477, 0.486639171839, 0.0460998751223, 0.0109570315108, 0.00641430728137, 0.00233323941939, 0.000699166906998, 0.000158322611242, 0.00010902579379],
        "mean": [0.0228664055467, 0.672232627869, 1.84808862209, 3.54602813721, 8.95148658752, 20.3384532928, 36.3311347961, 27.6777133942, 34.719367981, 69.4333648682, 69.033996582, 36.6394805908, 77.3174133301, 32.9825935364, 30.0243740082, 40.4645881653, 28.5327396393, 45.2072868347, 28.9714927673, 19.1438808441, 16.6357383728, 16.2987651825, 14.9257059097, 9.61297416687, 3.87778830528, 2.67960548401, 1.56562030315, 0.459455192089, 0.275546967983, 0.186100304127, 0.12114584446, 0.0539281331003, 0.0198906883597, 0.00867632869631, 0.00562885310501, 0.0033647606615, 0.00125224038493, 0.000109454238554, 1.7280168322e-05, 3.42736530001e-05],
        "min": [0.000104194929008, 0.00326893222518, 0.00760969193652, 0.0232725255191, 0.026622813195, 0.0665044263005, 0.200541615486, 0.128207847476, 0.253035157919, 0.338906943798, 0.287949055433, 0.101491101086, 0.2799000144, 0.255845427513, 0.257231861353, 0.258346349001, 0.119922786951, 0.312738090754, 0.10371439904, 0.131825968623, 0.0709558799863, 0.0439021997154, 0.0215760283172, 0.0288209952414, 0.0134637132287, 0.0209727380425, 0.0107921939343, 0.0100998561829, 0.00820790883154, 0.00735789164901, 0.00667057838291, 0.00497201178223, 0.00406338879839, 0.00301880855113, 0.00231783022173, 0.00144729530439, 0.000579537125304, 5.83949113206e-05, 2.49236268246e-06, 1.72991587988e-06],
        "stdev": [0.0221562441438, 0.706871986389, 2.1032500267, 3.6967253685, 12.3328399658, 29.7615203857, 60.2075691223, 38.3002243042, 50.429309845, 127.243629456, 90.0782852173, 54.436920166, 133.581588745, 56.1064567566, 62.0974006653, 64.2158737183, 67.6987228394, 93.8425445557, 61.0982589722, 28.6774921417, 24.1083011627, 25.4904079437, 21.8329524994, 18.7551403046, 5.45866155624, 4.077231884, 2.4222779274, 1.14975762367, 0.655706584454, 0.474121242762, 0.295802086592, 0.111994609237, 0.0285148378462, 0.00307503459044, 0.00101909483783, 0.000573678058572, 0.000214578481973, 2.49715212703e-05, 8.79496474226e-06, 1.81882860488e-05]
    },
    "gfcc": {
        "mean": [-32.0558929443, 155.975860596, -135.163848877, 8.90114498138, -46.3968238831, -8.11954879761, -34.3515014648, 4.44149637222, -22.0805931091, -2.58685016632, -13.1557388306, -3.38228821754, -11.9396915436],
        "cov": [[1032.92797852, 122.540260315, -427.468383789, 67.2424468994, 25.0707778931, -105.258460999, 102.15322876, -43.8980674744, 82.9015045166, -69.4319839478, 60.99584198, -24.0581111908, 60.9089660645], [122.540260315, 247.860229492, 143.837677002, -109.254051208, 18.609544754, -41.433467865, 6.9335770607, 41.984500885, 32.2280387878, -15.9134693146, 7.33659505844, -21.5705528259, -3.72376227379], [-427.468383789, 143.837677002, 539.933776855, 53.4697723389, -51.4947052002, -12.9953937531, -76.9924087524, 29.2750034332, -0.937379956245, -21.4753551483, -23.0401649475, 12.9126405716, -44.5104408264], [67.2424468994, -109.254051208, 53.4697723389, 339.610870361, 37.5996665955, -49.5194473267, -35.5366401672, -23.3625144958, 9.93967437744, -43.4558410645, -5.71774291992, 42.212852478, 15.3125762939], [25.0707778931, 18.609544754, -51.4947052002, 37.5996665955, 150.905273438, 14.9771690369, -0.229721620679, 36.8834190369, 2.5705139637, 5.12046384811, -7.35615301132, 4.87731361389, 22.4650611877], [-105.258460999, -41.433467865, -12.9953937531, -49.5194473267, 14.9771690369, 227.132614136, 107.622291565, -13.1568593979, -4.0617890358, 50.9060668945, -11.5872707367, -14.0363645554, -10.4315366745], [102.15322876, 6.9335770607, -76.9924087524, -35.5366401672, -0.229721620679, 107.622291565, 153.764373779, 32.0338630676, 4.60493707657, 26.0419025421, 5.61949968338, -21.362493515, -1.15286242962], [-43.8980674744, 41.984500885, 29.2750034332, -23.3625144958, 36.8834190369, -13.1568593979, 32.0338630676, 113.924232483, 41.7996788025, -3.43360495567, -12.4967632294, 0.932562053204, 4.04211235046], [82.9015045166, 32.2280387878, -0.937379956245, 9.93967437744, 2.5705139637, -4.0617890358, 4.60493707657, 41.7996788025, 84.5100021362, 15.7733345032, -6.22915649414, -0.254482209682, 8.11672306061], [-69.4319839478, -15.9134693146, -21.4753551483, -43.4558410645, 5.12046384811, 50.9060668945, 26.0419025421, -3.43360495567, 15.7733345032, 92.2152709961, 24.3472995758, -9.71230125427, -4.88356208801], [60.99584198, 7.33659505844, -23.0401649475, -5.71774291992, -7.35615301132, -11.5872707367, 5.61949968338, -12.4967632294, -6.22915649414, 24.3472995758, 71.3380661011, 24.4127922058, 0.328604489565], [-24.0581111908, -21.5705528259, 12.9126405716, 42.212852478, 4.87731361389, -14.0363645554, -21.362493515, 0.932562053204, -0.254482209682, -9.71230125427, 24.4127922058, 69.6341934204, 27.5348834991], [60.9089660645, -3.72376227379, -44.5104408264, 15.3125762939, 22.4650611877, -10.4315366745, -1.15286242962, 4.04211235046, 8.11672306061, -4.88356208801, 0.328604489565, 27.5348834991, 61.6270484924]],
        "icov": [[0.0276341699064, -0.0367548651993, 0.0304065644741, -0.0201016664505, 0.00857699103653, 0.00471452623606, -0.0149793894961, 0.0225098039955, -0.0261557009071, 0.0249147191644, -0.0202252399176, 0.0134587334469, -0.00714854476973], [-0.0367548651993, 0.0681470632553, -0.050593521446, 0.0381817556918, -0.024446727708, 0.00455387262627, 0.00597380613908, -0.0173975396901, 0.019271293655, -0.0227915402502, 0.0198777820915, -0.0134704997763, 0.00691948411986], [0.0304065644741, -0.050593521446, 0.0415738038719, -0.0290039479733, 0.0181221868843, -0.00206518522464, -0.00628751795739, 0.0152427479625, -0.0194129943848, 0.0218387078494, -0.0183230601251, 0.0122841112316, -0.0050522913225], [-0.0201016664505, 0.0381817556918, -0.0290039479733, 0.0257354564965, -0.0164894778281, 0.0048998198472, 0.000353430776158, -0.00508297421038, 0.00739085301757, -0.0105343908072, 0.0119745936245, -0.0105872983113, 0.00487043149769], [0.00857699103653, -0.024446727708, 0.0181221868843, -0.0164894778281, 0.0220278408378, -0.00955602899194, 0.00988706853241, -0.00923848152161, 0.00628892658278, -0.000530505611096, -0.00270894821733, 0.00436447747052, -0.00443064235151], [0.00471452623606, 0.00455387262627, -0.00206518522464, 0.0048998198472, -0.00955602899194, 0.0179057084024, -0.0201586708426, 0.0179965440184, -0.0148825598881, 0.0059913652949, -0.00120301684365, -0.000743363867514, 0.00063684117049], [-0.0149793894961, 0.00597380613908, -0.00628751795739, 0.000353430776158, 0.00988706853241, -0.0201586708426, 0.035757612437, -0.0321883447468, 0.0292641222477, -0.0200134273618, 0.00975161604583, -0.00261263200082, 0.00197565113194], [0.0225098039955, -0.0173975396901, 0.0152427479625, -0.00508297421038, -0.00923848152161, 0.0179965440184, -0.0321883447468, 0.0473555885255, -0.0412795618176, 0.0283579453826, -0.015901664272, 0.00729460688308, -0.00381126906723], [-0.0261557009071, 0.019271293655, -0.0194129943848, 0.00739085301757, 0.00628892658278, -0.0148825598881, 0.0292641222477, -0.0412795618176, 0.0551204197109, -0.0366546399891, 0.0254397857934, -0.0138594526798, 0.00549346348271], [0.0249147191644, -0.0227915402502, 0.0218387078494, -0.0105343908072, -0.000530505611096, 0.0059913652949, -0.0200134273618, 0.0283579453826, -0.0366546399891, 0.0449813120067, -0.0301878284663, 0.0186635721475, -0.00842353329062], [-0.0202252399176, 0.0198777820915, -0.0183230601251, 0.0119745936245, -0.00270894821733, -0.00120301684365, 0.00975161604583, -0.015901664272, 0.0254397857934, -0.0301878284663, 0.0412845350802, -0.0249444004148, 0.0121728731319], [0.0134587334469, -0.0134704997763, 0.0122841112316, -0.0105872983113, 0.00436447747052, -0.000743363867514, -0.00261263200082, 0.00729460688308, -0.0138594526798, 0.0186635721475, -0.0249444004148, 0.0358089022338, -0.0174191016704], [-0.00714854476973, 0.00691948411986, -0.0050522913225, 0.00487043149769, -0.00443064235151, 0.00063684117049, 0.00197565113194, -0.00381126906723, 0.00549346348271, -0.00842353329062, 0.0121728731319, -0.0174191016704, 0.0271875206381]]
    },
    "melbands": {
        "max": [0.00361765082926, 0.00716175558046, 0.00621539726853, 0.00966539885849, 0.0157114937901, 0.00828592572361, 0.00644948193803, 0.016518317163, 0.00535306101665, 0.0039736321196, 0.00622675847262, 0.00213674455881, 0.00218001729809, 0.00144623161759, 0.00161070353352, 0.00121410912834, 0.0018328827573, 0.00137147842906, 0.000786384916864, 0.000337583071087, 0.000354303541826, 0.000310872594127, 0.000668362656143, 0.000115739407192, 0.000235833285842, 5.72338394704e-05, 2.22375838348e-05, 3.83921360481e-05, 2.1899213607e-05, 1.825486288e-05, 1.31166279971e-05, 8.69198811415e-06, 4.68838425149e-06, 4.75162823932e-06, 2.97808264804e-06, 2.03045101443e-06, 7.9243966411e-07, 4.4148484335e-07, 8.52973727206e-08, 1.63954290144e-08],
        "mean": [0.000438975199359, 0.000977180665359, 0.00078807369573, 0.000966788269579, 0.00128776289057, 0.000667708343826, 0.000520249828696, 0.000816155807115, 0.000515890482347, 0.000230801058933, 0.000381997437216, 0.000126819271827, 8.79084254848e-05, 0.000106049854367, 8.45296235639e-05, 4.92150538776e-05, 9.2148395197e-05, 4.81839670101e-05, 2.9631291909e-05, 2.17614560825e-05, 1.96148903342e-05, 1.57197973749e-05, 1.9852679543e-05, 1.04427635961e-05, 7.63341358834e-06, 3.03195247398e-06, 1.95125539904e-06, 1.70176394931e-06, 1.2001136156e-06, 4.44667932697e-07, 1.99002400336e-07, 1.59872996619e-07, 1.21232602623e-07, 9.61522914622e-08, 7.34847276362e-08, 5.04936394918e-08, 2.54942396083e-08, 1.46129819356e-08, 9.18920850523e-09, 6.51316023337e-09],
        "min": [9.81759512797e-07, 5.06013202539e-06, 6.43375415166e-06, 2.54080828199e-06, 5.33918910151e-06, 2.46496142609e-06, 2.57364740719e-06, 3.3160208659e-06, 7.52627499878e-07, 5.80883124712e-07, 1.12987970624e-06, 9.28835220293e-07, 5.83936014209e-07, 5.53670020054e-07, 5.92121580212e-07, 1.56885789693e-07, 5.85414511534e-07, 1.46622269881e-07, 1.64062001318e-07, 1.13267851987e-07, 5.11566220496e-08, 3.80801630229e-08, 1.99409342372e-08, 2.12641406705e-08, 1.93245632829e-08, 5.19350074057e-09, 1.18144996009e-08, 7.32687777116e-09, 4.02321376214e-09, 5.90421445068e-09, 4.43324399413e-09, 3.72944475302e-09, 4.27773638734e-09, 3.50212925326e-09, 3.20191517744e-09, 2.90792812052e-09, 3.3091800411e-09, 2.76829426049e-09, 2.50543386038e-09, 2.50283527237e-09],
        "stdev": [0.000441211013822, 0.000979648320936, 0.000818770145997, 0.00119927967899, 0.00201127119362, 0.000884317967575, 0.000752983556595, 0.00149761617649, 0.000688056985382, 0.000373321730876, 0.000660459743813, 0.000237379877944, 0.000183876501978, 0.000168362617842, 0.000157830538228, 0.000103315585875, 0.000205022646696, 0.000112760884804, 5.87463910051e-05, 3.56558011845e-05, 3.15641555062e-05, 2.4535556804e-05, 4.22742305091e-05, 1.51601198013e-05, 1.67681882886e-05, 4.79594018543e-06, 2.4739156288e-06, 2.89642798634e-06, 1.98889892999e-06, 8.71413590176e-07, 6.08560469573e-07, 4.01609213441e-07, 2.87211008754e-07, 2.57204902709e-07, 1.8420594472e-07, 1.22989987972e-07, 4.81803823504e-08, 2.50125324897e-08, 6.45674003152e-09, 1.62314828245e-09]
    },
    "melbands128": {
        "max": [0.000125254155137, 0.000390206492739, 0.00486119929701, 0.0106202289462, 0.0111321415752, 0.00712927896529, 0.00668143108487, 0.00960583612323, 0.0188670326024, 0.0145880738273, 0.0176861472428, 0.0265807323158, 0.0272335223854, 0.0147072914988, 0.00889985635877, 0.0153952408582, 0.0123138511553, 0.00970896054059, 0.0171019285917, 0.0178637895733, 0.0275367703289, 0.0109136784449, 0.00747667765245, 0.0102415708825, 0.00462932698429, 0.00785387959331, 0.00720209116116, 0.012144099921, 0.00297666969709, 0.00380264502019, 0.00318360468373, 0.00191984290723, 0.00263520330191, 0.00513979326934, 0.00294395396486, 0.00319235003553, 0.00296004768461, 0.00139933708124, 0.0041554775089, 0.00331804249436, 0.000787431374192, 0.00161294732243, 0.00324862683192, 0.00345498486422, 0.00247342605144, 0.00278193852864, 0.002091151895, 0.00163205026183, 0.000658049946651, 0.00110736873467, 0.0006520547322, 0.000918328703847, 0.000625794578809, 0.000537965795957, 0.00102583598346, 0.000278141611489, 0.000297065795166, 0.00167283881456, 0.000316600722726, 0.000201937407837, 0.000204643729376, 0.00025173893664, 0.000714197289199, 0.000127202161821, 4.7669687774e-05, 5.90163217566e-05, 0.000139026713441, 2.64444806817e-05, 2.39041819441e-05, 6.28471025266e-05, 5.27469383087e-05, 4.37068956671e-05, 3.79113516829e-05, 4.07654115406e-05, 1.82977400982e-05, 1.21582670545e-05, 3.21501574945e-05, 1.51358135554e-05, 1.24603593576e-05, 1.56964506459e-05, 8.20895274956e-06, 7.32120588509e-06, 5.16671116202e-06, 5.00748592458e-06, 6.26354130873e-06, 5.00962278238e-06, 5.79711013415e-06, 3.98843758376e-06, 3.84653321817e-06, 4.00288854507e-06, 2.48733954322e-06, 2.58514114648e-06, 1.38050961596e-06, 9.07778030523e-07, 9.42776466673e-07, 7.31730153802e-07, 4.23437768404e-07, 1.71547881678e-07, 1.06746668393e-07, 4.44869456828e-08, 2.44737883293e-08, 1.57838737636e-08, 2.16548912135e-08, 1.89118285476e-08, 1.71324963105e-08, 1.77852168548e-08, 1.59588005033e-08, 1.56785056049e-08, 1.52729526803e-08, 1.62271884818e-08, 1.29887514078e-08, 1.27300925357e-08, 1.06881552497e-08, 9.30803079058e-09, 5.49198908573e-09, 5.06510833276e-09, 5.58229062975e-09, 5.03455144241e-09, 4.87102180813e-09, 4.73367567366e-09, 4.60760096743e-09, 4.50295800647e-09, 4.41454872657e-09, 4.33445723758e-09, 4.27389501567e-09, 4.21749435375e-09, 4.1891929925e-09, 4.16240331091e-09],
        "mean": [1.81809491551e-06, 4.06373510486e-05, 0.000512731028721, 0.00138875143602, 0.00114523631055, 0.00057905819267, 0.000629637332167, 0.000941656471696, 0.000935848976951, 0.000675329240039, 0.00111985986587, 0.00173933617771, 0.00143929582555, 0.000647837121505, 0.000427258084528, 0.00087859161431, 0.000758976791985, 0.000300971354591, 0.00041549175512, 0.000862600980327, 0.00107474077959, 0.000554713944439, 0.000572216580622, 0.00027389547904, 0.000145720769069, 0.000202648749109, 0.000410826149164, 0.000573635392357, 0.000153990084073, 0.000159337374498, 0.000114621732791, 6.02213949605e-05, 8.33869053167e-05, 0.00012293033069, 6.93509864504e-05, 0.000121903867694, 0.000133891066071, 5.82319335081e-05, 8.69884825079e-05, 5.65662812733e-05, 3.16654186463e-05, 4.59161565232e-05, 0.000109638131107, 0.000120130396681, 4.26013466495e-05, 4.03470949095e-05, 4.48963146482e-05, 2.70339369308e-05, 2.4073631721e-05, 2.79461273749e-05, 1.95950597117e-05, 1.84752407222e-05, 1.91315502889e-05, 1.95609536604e-05, 2.23561055464e-05, 1.04247319541e-05, 1.08333742901e-05, 3.38175959769e-05, 1.62556170835e-05, 8.95456196304e-06, 1.13700907605e-05, 9.04319858819e-06, 1.1915102732e-05, 6.28047200735e-06, 2.76475589089e-06, 2.87776106234e-06, 3.59080286216e-06, 1.78279606189e-06, 1.37349672968e-06, 2.38349957726e-06, 1.70731539129e-06, 1.40689655836e-06, 1.4799835526e-06, 1.32530760766e-06, 6.35438766494e-07, 5.33478441866e-07, 3.10054474539e-07, 2.06757889032e-07, 1.94030462808e-07, 1.71277378058e-07, 1.68179056459e-07, 1.48858049442e-07, 1.53934806235e-07, 1.1001154121e-07, 1.03583950306e-07, 1.08589311765e-07, 9.10505733032e-08, 7.86148675047e-08, 7.49692006252e-08, 6.90187036412e-08, 5.75070444597e-08, 4.49746586639e-08, 3.76315263395e-08, 2.52992755634e-08, 1.84050499286e-08, 1.68100058318e-08, 1.39727056592e-08, 1.12523350637e-08, 9.7374446284e-09, 7.87557752346e-09, 6.62662058559e-09, 6.19705620153e-09, 6.41115027733e-09, 6.56142518096e-09, 6.2721934313e-09, 6.26327389952e-09, 6.11016570673e-09, 6.03962968526e-09, 5.8560969407e-09, 5.84093529099e-09, 5.18229636981e-09, 4.72060879275e-09, 4.1354213387e-09, 3.38134542588e-09, 1.92328108994e-09, 7.65736196673e-10, 3.03339603436e-10, 1.04166007417e-11, 9.88600867835e-12, 9.6130456026e-12, 9.36947134461e-12, 9.16460570627e-12, 8.97886279216e-12, 8.81446738515e-12, 8.69629455252e-12, 8.58893858813e-12, 8.52361150411e-12, 8.47519103508e-12],
        "min": [3.74469733e-10, 1.91192643939e-08, 7.07914580289e-08, 2.83506324195e-06, 2.93155881081e-06, 2.16856165025e-06, 2.14786155084e-06, 2.99094381262e-06, 1.15929765343e-06, 9.3598669082e-07, 1.50648679664e-06, 2.78310790236e-06, 2.39650694311e-06, 4.81335518998e-07, 1.52354186866e-06, 9.0633113814e-07, 2.50355697062e-06, 6.44144506623e-07, 4.3931393634e-07, 4.95054564453e-07, 4.03407966587e-07, 8.62295053139e-08, 2.82374855942e-07, 1.90062365846e-07, 8.82359287857e-08, 9.52195478021e-08, 8.15564476397e-07, 3.83134391768e-07, 4.3868911348e-07, 1.68812434254e-07, 1.38297608032e-07, 1.54581371703e-07, 3.65389496437e-07, 4.56953088701e-08, 3.89207812646e-08, 3.14343225227e-07, 1.82732790677e-07, 1.23784730022e-07, 6.51164588916e-09, 1.89945907891e-08, 5.90365729636e-08, 6.52684590818e-08, 8.49614991694e-08, 1.47644641402e-07, 2.07731858382e-08, 3.29277582978e-08, 3.53122189267e-08, 1.92494518103e-08, 1.03779449034e-07, 8.13325868876e-08, 4.60401636815e-08, 1.04830206737e-08, 1.84932158476e-08, 3.88819216823e-08, 7.77620741133e-08, 1.25109878013e-08, 6.19397733104e-09, 1.12008722297e-08, 1.49341197186e-08, 6.61420429537e-09, 1.83037620616e-08, 2.35520580816e-08, 2.43321736093e-08, 7.59944285278e-09, 1.43641798456e-09, 3.79458109379e-09, 5.02549424297e-09, 3.5437024426e-09, 7.77065967128e-09, 7.01266467118e-09, 4.45399761517e-09, 3.43411077353e-09, 4.15779721763e-09, 1.57337343154e-09, 2.73515166072e-09, 3.9021110787e-09, 2.46986830987e-09, 1.81480153127e-09, 1.45485268277e-09, 1.41194778092e-09, 1.75213366038e-09, 2.30635666121e-09, 3.69184616211e-09, 1.95324934005e-09, 2.40390241046e-09, 2.31350782975e-09, 1.75751468934e-09, 1.49020595863e-09, 3.13755377235e-09, 2.13308948283e-09, 1.23856513934e-09, 2.05081707172e-09, 1.40007239136e-09, 2.58329357905e-09, 1.69710157039e-09, 1.61577518032e-09, 1.6654473356e-09, 2.03037431312e-09, 1.75850778383e-09, 1.32971511579e-09, 1.50240075936e-09, 1.68692981806e-09, 1.42300760064e-09, 1.77761305675e-09, 2.09039163757e-09, 1.68005864776e-09, 1.68173119874e-09, 1.53536772185e-09, 2.10834771863e-09, 1.72374692298e-09, 1.67261093864e-09, 1.5438276213e-09, 1.46186263095e-09, 1.02787045542e-09, 5.20824994243e-10, 1.54573437383e-10, 3.34945916489e-12, 1.12917548846e-13, 6.03201774012e-14, 6.03809469329e-14, 5.88232397904e-14, 7.17817867863e-14, 6.14212253649e-14, 6.73878338656e-14, 7.31800687756e-14, 7.85110569764e-14, 7.42244942809e-14, 7.83937937352e-14],
        "stdev": [4.08823052567e-06, 5.13436170877e-05, 0.000545470800716, 0.00154768256471, 0.00142696022522, 0.000667687971145, 0.000765186385252, 0.00123474409338, 0.00155969243497, 0.00116404530127, 0.00188956351485, 0.00322526856326, 0.00276409555227, 0.00126608356368, 0.000810622877907, 0.00154974404722, 0.0013968043495, 0.000723275938071, 0.00112910207827, 0.00181583187077, 0.00247624958865, 0.000913845549803, 0.000971098779701, 0.000726976315491, 0.000355756026693, 0.000566385919228, 0.000828265736345, 0.00120764633175, 0.000301664898871, 0.00038935651537, 0.000287466013106, 0.000145840793266, 0.00020917961956, 0.000392618210753, 0.000175034816493, 0.000272778881481, 0.00025490130065, 0.000141816824907, 0.000327878515236, 0.000205873133382, 6.4701984229e-05, 0.000105235114461, 0.000310732604703, 0.000322974286973, 0.000150067629875, 0.000167269987287, 0.000125629274407, 9.56549774855e-05, 5.55340957362e-05, 6.68957582093e-05, 4.94407322549e-05, 4.42655655206e-05, 4.91832943226e-05, 4.28745770478e-05, 5.60223124921e-05, 2.22757134907e-05, 2.50093999057e-05, 0.000101766665466, 3.46180895576e-05, 1.52699503815e-05, 2.12391969399e-05, 1.80104834726e-05, 4.29454230471e-05, 1.28209194372e-05, 5.50869071958e-06, 5.53499967282e-06, 8.76524882187e-06, 2.556063464e-06, 2.33238074543e-06, 4.73837599202e-06, 3.69845542991e-06, 3.2976095099e-06, 2.87060333903e-06, 3.14256863021e-06, 1.30414093746e-06, 9.64893956734e-07, 1.16626279123e-06, 7.38426933822e-07, 5.4869815358e-07, 6.01355282015e-07, 4.45110657665e-07, 3.5720236724e-07, 3.61903431667e-07, 2.67039666824e-07, 3.06991381649e-07, 3.11712909706e-07, 2.64870436695e-07, 2.00684908691e-07, 2.07706364108e-07, 1.86174617056e-07, 1.49449334685e-07, 1.30455063641e-07, 8.07102082945e-08, 4.76531631932e-08, 3.89851209093e-08, 3.64787595686e-08, 2.41999771333e-08, 1.20290319927e-08, 8.39930347496e-09, 4.35574065705e-09, 2.60945709485e-09, 2.18474349722e-09, 2.36665953501e-09, 2.27869612068e-09, 2.11148631912e-09, 2.23895946228e-09, 1.99536898116e-09, 2.00319272281e-09, 1.87239601601e-09, 1.94107374618e-09, 1.58692359253e-09, 1.482103551e-09, 1.30971911094e-09, 1.1004266387e-09, 6.25535123699e-10, 2.94012203472e-10, 2.13884715494e-10, 1.4440283691e-10, 1.39570979774e-10, 1.35526950773e-10, 1.31879299148e-10, 1.28841812219e-10, 1.26276405998e-10, 1.23952084707e-10, 1.22239232625e-10, 1.205907596e-10, 1.19742729621e-10, 1.19013202071e-10]
    },
    "mfcc": {
        "mean": [-675.310424805, 192.455841064, -28.2494525909, 23.0182914734, -0.969226002693, -5.09909200668, -5.17971372604, 1.8845410347, -6.8625087738, 1.38015985489, -2.26328158379, 0.396481573582, -2.96418404579],
        "cov": [[1414.93591309, -82.394241333, -486.603424072, 108.35168457, -135.992019653, 14.3577327728, -37.758140564, 50.311706543, -35.6625709534, 69.7031784058, -24.58477211, -7.83298110962, -72.8561019897], [-82.394241333, 411.491516113, 80.8666152954, -124.399887085, 16.0268421173, -99.0907821655, 8.50683403015, -4.93294429779, 23.049697876, 22.3103351593, 71.0943222046, -24.7224769592, 1.4845905304], [-486.603424072, 80.8666152954, 496.197753906, 54.9836997986, 30.9329414368, 0.47838178277, -41.7240715027, 16.5297889709, -15.1524009705, -49.1138687134, 19.1634216309, 18.1904373169, 12.1818189621], [108.35168457, -124.399887085, 54.9836997986, 315.321563721, 103.467697144, -61.9326324463, -68.1336898804, 29.1648693085, -19.684343338, -55.4392089844, -44.0719795227, 25.4678993225, -6.50368022919], [-135.992019653, 16.0268421173, 30.9329414368, 103.467697144, 169.250106812, -26.2234020233, -42.2144241333, 7.12992191315, 10.695318222, -24.7372207642, -17.8929767609, -2.82206130028, 6.5681014061], [14.3577327728, -99.0907821655, 0.47838178277, -61.9326324463, -26.2234020233, 188.680709839, 69.1297531128, -8.76761627197, 11.8836507797, 25.294342041, 8.10014152527, 2.55357098579, -2.55219769478], [-37.758140564, 8.50683403015, -41.7240715027, -68.1336898804, -42.2144241333, 69.1297531128, 138.619049072, 19.2300453186, 4.78775119781, 32.7533416748, 25.0639533997, -1.425796628, -7.39898777008], [50.311706543, -4.93294429779, 16.5297889709, 29.1648693085, 7.12992191315, -8.76761627197, 19.2300453186, 100.182754517, 38.1078605652, 0.246552079916, 2.60660123825, 1.40486097336, -5.6721701622], [-35.6625709534, 23.049697876, -15.1524009705, -19.684343338, 10.695318222, 11.8836507797, 4.78775119781, 38.1078605652, 109.381950378, 42.7247276306, 9.82126617432, -4.69381380081, 9.79981231689], [69.7031784058, 22.3103351593, -49.1138687134, -55.4392089844, -24.7372207642, 25.294342041, 32.7533416748, 0.246552079916, 42.7247276306, 109.809829712, 40.8083381653, -23.6986026764, -8.86647129059], [-24.58477211, 71.0943222046, 19.1634216309, -44.0719795227, -17.8929767609, 8.10014152527, 25.0639533997, 2.60660123825, 9.82126617432, 40.8083381653, 84.2441711426, 19.0190525055, -5.98570823669], [-7.83298110962, -24.7224769592, 18.1904373169, 25.4678993225, -2.82206130028, 2.55357098579, -1.425796628, 1.40486097336, -4.69381380081, -23.6986026764, 19.0190525055, 78.6490707397, 24.3303623199], [-72.8561019897, 1.4845905304, 12.1818189621, -6.50368022919, 6.5681014061, -2.55219769478, -7.39898777008, -5.6721701622, 9.79981231689, -8.86647129059, -5.98570823669, 24.3303623199, 75.7278747559]],
        "icov": [[0.00454034516588, -0.00485088815913, 0.00578531855717, -0.00553407147527, 0.00661730440333, -0.00643223384395, 0.00709142722189, -0.00632435735315, 0.00565282069147, -0.00540516059846, 0.0041149915196, -0.00295890145935, 0.00239732046612], [-0.00485088815913, 0.0107040600851, -0.00723679969087, 0.00861960090697, -0.00895548146218, 0.0110997660086, -0.00924819242209, 0.00789179094136, -0.00757574103773, 0.00743205239996, -0.00893013458699, 0.0055814543739, -0.00278260675259], [0.00578531855717, -0.00723679969087, 0.00993309728801, -0.00790226086974, 0.00875787809491, -0.00961920246482, 0.0102299582213, -0.00885132700205, 0.00766676943749, -0.00572523241863, 0.00427348027006, -0.00354039669037, 0.00249681202695], [-0.00553407147527, 0.00861960090697, -0.00790226086974, 0.0134696224704, -0.0117273814976, 0.0107002658769, -0.0081933233887, 0.00625371513888, -0.00611826544628, 0.00655824225396, -0.00424932781607, 0.00164401438087, -0.00132400565781], [0.00661730440333, -0.00895548146218, 0.00875787809491, -0.0117273814976, 0.0183899626136, -0.0110148163512, 0.0118435015902, -0.00890655256808, 0.00681859953329, -0.0066401315853, 0.00631645135581, -0.00285893911496, 0.00240771914832], [-0.00643223384395, 0.0110997660086, -0.00961920246482, 0.0107002658769, -0.0110148163512, 0.019450198859, -0.0149796903133, 0.0114387543872, -0.0101812817156, 0.007872518152, -0.00740257510915, 0.00450444268063, -0.00272856815718], [0.00709142722189, -0.00924819242209, 0.0102299582213, -0.0081933233887, 0.0118435015902, -0.0149796903133, 0.0229314081371, -0.0141145065427, 0.011566804722, -0.0104988338426, 0.00607041595504, -0.0054550152272, 0.00381212681532], [-0.00632435735315, 0.00789179094136, -0.00885132700205, 0.00625371513888, -0.00890655256808, 0.0114387543872, -0.0141145065427, 0.0231125447899, -0.0147067466751, 0.0105919251218, -0.00745566841215, 0.00521461246535, -0.0018895661924], [0.00565282069147, -0.00757574103773, 0.00766676943749, -0.00611826544628, 0.00681859953329, -0.0101812817156, 0.011566804722, -0.0147067466751, 0.0220032930374, -0.013968385756, 0.00809083972126, -0.00569632835686, 0.000909059948754], [-0.00540516059846, 0.00743205239996, -0.00572523241863, 0.00655824225396, -0.0066401315853, 0.007872518152, -0.0104988338426, 0.0105919251218, -0.013968385756, 0.0252391733229, -0.0160198193043, 0.0118752978742, -0.0035717706196], [0.0041149915196, -0.00893013458699, 0.00427348027006, -0.00424932781607, 0.00631645135581, -0.00740257510915, 0.00607041595504, -0.00745566841215, 0.00809083972126, -0.0160198193043, 0.0284186992794, -0.0144614065066, 0.00628882460296], [-0.00295890145935, 0.0055814543739, -0.00354039669037, 0.00164401438087, -0.00285893911496, 0.00450444268063, -0.0054550152272, 0.00521461246535, -0.00569632835686, 0.0118752978742, -0.0144614065066, 0.0233907848597, -0.0085186874494], [0.00239732046612, -0.00278260675259, 0.00249681202695, -0.00132400565781, 0.00240771914832, -0.00272856815718, 0.00381212681532, -0.0018895661924, 0.000909059948754, -0.0035717706196, 0.00628882460296, -0.0085186874494, 0.01767911762]]
    },
    "spectral_contrast_coeffs": {
        "max": [-0.44295540452, -0.420464098454, -0.496897101402, -0.590610802174, -0.595205247402, -0.591420590878],
        "mean": [-0.682835757732, -0.697342634201, -0.722039163113, -0.763600051403, -0.758860886097, -0.782316327095],
        "min": [-0.887284934521, -0.899191200733, -0.888163030148, -0.928615272045, -0.875267744064, -0.876463353634],
        "stdev": [0.0728032439947, 0.0700000151992, 0.062577046454, 0.0485883131623, 0.0457854233682, 0.0355301387608]
    },
    "spectral_contrast_valleys": {
        "max": [-5.17607736588, -5.0940785408, -5.4077296257, -6.32818412781, -6.46884918213, -10.4816036224],
        "mean": [-6.47872495651, -6.4412150383, -7.20576810837, -7.68503093719, -8.17641067505, -11.6069726944],
        "min": [-8.34564781189, -8.93075370789, -9.38312625885, -9.96692848206, -10.243598938, -12.8673801422],
        "stdev": [0.49207419157, 0.56561923027, 0.54715359211, 0.536544799805, 0.556769549847, 0.205063402653]
    }
},
"rhythm": {
    "beats_count": 74,
    "beats_loudness": {
        "max": 0.084723725915,
        "mean": 0.0338823907077,
        "min": 0.00218194443733,
        "stdev": 0.0155587540939
    },
    "bpm": 139.084213257,
    "bpm_histogram_first_peak_bpm": 140,
    "bpm_histogram_first_peak_weight": 0.476923048496,
    "bpm_histogram_second_peak_bpm": 133,
    "bpm_histogram_second_peak_spread": 0,
    "bpm_histogram_second_peak_weight": 0.0821917802095,
    "danceability": 0.945004045963,
    "onset_rate": 2.33789038658,
    "beats_loudness_band_ratio": {
        "max": [0.795284628868, 0.836850225925, 0.799910187721, 0.543272733688, 0.44046625495, 0.0551525130868],
        "mean": [0.234292730689, 0.326876223087, 0.301815181971, 0.139002099633, 0.0728093311191, 0.00692704180256],
        "min": [0.0123160118237, 0.0164100080729, 0.0284023117274, 0.0130200954154, 0.00485007464886, 0.000627777073532],
        "stdev": [0.162051260471, 0.197241276503, 0.178409397602, 0.132225066423, 0.0745817050338, 0.00730661628768]
    },
    "beats_position": [0.383129239082, 0.777868449688, 1.18421769142, 1.60217678547, 2.04335594177, 2.48453521729, 2.92571425438, 3.35528349876, 3.78485250473, 4.21442174911, 4.6439909935, 5.08516979218, 5.53795909882, 5.99074840546, 6.44353723526, 6.8963265419, 7.33750534058, 7.75546455383, 8.17342376709, 8.59138298035, 9.0093421936, 9.42730140686, 9.84526062012, 10.2748298645, 10.7043991089, 11.1339683533, 11.5635375977, 11.9931058884, 12.4226751328, 12.8638544083, 13.3050336838, 13.7578229904, 14.1990022659, 14.6285715103, 15.0465307236, 15.4877090454, 15.9056682587, 16.3352375031, 16.7648067474, 17.1943759918, 17.6239452362, 18.0651245117, 18.5063037872, 18.9474830627, 19.3770523071, 19.8066215515, 20.2361907959, 20.6657600403, 21.0953292847, 21.5248966217, 21.9544658661, 22.3840351105, 22.8019943237, 23.2431735992, 23.6843528748, 24.1139221191, 24.5434913635, 24.984670639, 25.4258499146, 25.8554191589, 26.2849884033, 26.7261676788, 27.1673469543, 27.5969161987, 28.0264854431, 28.4560546875, 28.8856239319, 29.3151912689, 29.7447605133, 30.1859397888, 30.6155090332, 31.0566883087, 31.4978675842, 31.9506568909],
