{
"metadata": {
    "version": {
        "essentia": "2.1-beta5",
        "essentia_git_sha": "Undefined",
        "extractor": "music 2.0"
    },
    "audio_properties": {
        "analysis": {
            "equal_loudness": 0,
            "length": 48.7502937317,
            "sample_rate": 44100,
            "start_time": 61.4980506897,
            "downmix": "mix"
        },
        "bit_rate": 192000,
        "length": 171.316818237,
        "lossless": 0,
        "number_channels": 2,
        "replay_gain": -8.34436988831,
        "sample_rate": 44100,
        "codec": "mp3",
        "md5_encoded": "7bc080ba4d340f3ee1a412baaa890128"
    },
    "tags": {
        "file_name": "France_Comé-comédie_Betty Mars.mp3",
        "encoding": ["Lavf58.29.100"]
    }
},
"lowlevel": {
    "average_loudness": 0.85192668438,
    "barkbands_crest": {
        "max": 23.6553535461,
        "mean": 8.95219802856,
        "min": 2.82055401802,
        "stdev": 3.38604450226
    },
    "barkbands_flatness_db": {
        "max": 0.315439432859,
        "mean": 0.176962405443,
        "min": 0.0768329799175,
        "stdev": 0.0302548520267
    },
    "barkbands_kurtosis": {
        "max": 22.8911418915,
        "mean": 0.729228675365,
        "min": -1.75397741795,
        "stdev": 2.28250908852
    },
    "barkbands_skewness": {
        "max": 3.88601136208,
        "mean": 0.682392001152,
        "min": -2.07668995857,
        "stdev": 0.625870227814
    },
    "barkbands_spread": {
        "max": 47.3352165222,
        "mean": 17.4639492035,
        "min": 2.05076885223,
        "stdev": 7.1697063446
    },
    "dissonance": {
        "max": 0.499924898148,
        "mean": 0.442906558514,
        "min": 0.206844985485,
        "stdev": 0.0361548550427
    },
    "dynamic_complexity": 2.25132036209,
    "erbbands_crest": {
        "max": 30.5135440826,
        "mean": 11.079957962,
        "min": 3.65479850769,
        "stdev": 4.42758131027
    },
    "erbbands_flatness_db": {
        "max": 0.347432345152,
        "mean": 0.231132224202,
        "min": 0.123897105455,
        "stdev": 0.0299617573619
    },
    "erbbands_kurtosis": {
        "max": 16.0114059448,
        "mean": 0.332257330418,
        "min": -1.83932137489,
        "stdev": 1.78281235695
    },
    "erbbands_skewness": {
        "max": 3.59494161606,
        "mean": 0.232775479555,
        "min": -1.98924052715,
        "stdev": 0.679814696312
    },
    "erbbands_spread": {
        "max": 66.8268890381,
        "mean": 24.0929965973,
        "min": 4.31092119217,
        "stdev": 9.96533298492
    },
    "hfc": {
        "max": 85.4550247192,
        "mean": 19.4234085083,
        "min": 0.169533833861,
        "stdev": 13.766037941
    },
    "loudness_ebu128": {
        "integrated": -16.0859889984,
        "loudness_range": 4.3709821701,
        "momentary": {
            "max": -12.2921285629,
            "mean": -16.5823001862,
            "min": -22.6752338409,
            "stdev": 2.10206818581
        },
        "short_term": {
            "max": -13.1381320953,
            "mean": -16.2188854218,
            "min": -19.2678432465,
            "stdev": 1.37223994732
        }
    },
    "melbands_crest": {
        "max": 27.8867378235,
        "mean": 11.6210737228,
        "min": 4.12832689285,
        "stdev": 4.16670131683
    },
    "melbands_flatness_db": {
        "max": 0.417810469866,
        "mean": 0.227380171418,
        "min": 0.126942202449,
        "stdev": 0.0399972647429
    },
    "melbands_kurtosis": {
        "max": 39.447681427,
        "mean": 2.68378019333,
        "min": -1.55486547947,
        "stdev": 3.73616337776
    },
    "melbands_skewness": {
        "max": 5.51411104202,
        "mean": 1.23149907589,
        "min": -1.438159585,
        "stdev": 0.793715417385
    },
    "melbands_spread": {
        "max": 71.8100662231,
        "mean": 24.7235088348,
        "min": 2.2486000061,
        "stdev": 10.7803287506
    },
    "pitch_salience": {
        "max": 0.818077743053,
        "mean": 0.528056621552,
        "min": 0.231013000011,
        "stdev": 0.0901701524854
    },
    "silence_rate_20dB": {
        "max": 1,
        "mean": 1,
        "min": 1,
        "stdev": 0
    },
    "silence_rate_30dB": {
        "max": 1,
        "mean": 1,
        "min": 1,
        "stdev": 0
    },
    "silence_rate_60dB": {
        "max": 1,
        "mean": 0.000951927679125,
        "min": 0,
        "stdev": 0.030838591978
    },
    "spectral_centroid": {
        "max": 2887.4831543,
        "mean": 1316.08666992,
        "min": 246.991470337,
        "stdev": 474.616638184
    },
    "spectral_complexity": {
        "max": 42,
        "mean": 17.7415523529,
        "min": 0,
        "stdev": 4.8716211319
    },
    "spectral_decrease": {
        "max": -5.83005657639e-11,
        "mean": -5.54565504629e-09,
        "min": -2.7315813611e-08,
        "stdev": 3.43289419114e-09
    },
    "spectral_energy": {
        "max": 0.109646774828,
        "mean": 0.0226923599839,
        "min": 0.000235417261138,
        "stdev": 0.0140319960192
    },
    "spectral_energyband_high": {
        "max": 0.00199105823413,
        "mean": 0.00011538372928,
        "min": 2.56016028288e-06,
        "stdev": 0.000148768958752
    },
    "spectral_energyband_low": {
        "max": 0.0162018686533,
        "mean": 0.00251595699228,
        "min": 5.44928161617e-06,
        "stdev": 0.00231608632021
    },
    "spectral_energyband_middle_high": {
        "max": 0.0505972765386,
        "mean": 0.00816911645234,
        "min": 6.72229725751e-05,
        "stdev": 0.00738679617643
    },
    "spectral_energyband_middle_low": {
        "max": 0.0917982235551,
        "mean": 0.0124477399513,
        "min": 0.000128456376842,
        "stdev": 0.0103317284957
    },
    "spectral_entropy": {
        "max": 7.79317617416,
        "mean": 7.02363729477,
        "min": 5.76867437363,
        "stdev": 0.268205046654
    },
    "spectral_flux": {
        "max": 0.254477471113,
        "mean": 0.0809398964047,
        "min": 0.0147934993729,
        "stdev": 0.0347305722535
    },
    "spectral_kurtosis": {
        "max": 44.5179367065,
        "mean": 8.69355297089,
        "min": 0.181762456894,
        "stdev": 4.62591409683
    },
    "spectral_rms": {
        "max": 0.0103427488357,
        "mean": 0.00449920864776,
        "min": 0.000479244597955,
        "stdev": 0.00137696764432
    },
    "spectral_rolloff": {
        "max": 3660.64453125,
        "mean": 1487.30957031,
        "min": 236.865234375,
        "stdev": 680.788269043
    },
    "spectral_skewness": {
        "max": 5.15005683899,
        "mean": 1.72504115105,
        "min": 0.249697133899,
        "stdev": 0.648818433285
    },
    "spectral_spread": {
        "max": 6037514.5,
        "mean": 2492098.5,
        "min": 1697227.25,
        "stdev": 355092.96875
    },
    "spectral_strongpeak": {
        "max": 11.3987369537,
        "mean": 1.59300327301,
        "min": 0.00405536405742,
        "stdev": 1.49425685406
    },
    "zerocrossingrate": {
        "max": 0.0966796875,
        "mean": 0.0499555170536,
        "min": 0.0107421875,
        "stdev": 0.0147305093706
    },
    "barkbands": {
        "max": [6.16426041233e-05, 0.0113282389939, 0.00978589244187, 0.0280081480742, 0.0386450514197, 0.0211316980422, 0.0264071300626, 0.0637993142009, 0.0666631162167, 0.035069886595, 0.0241591967642, 0.0176616422832, 0.0363018624485, 0.0139339417219, 0.0324030183256, 0.013307319954, 0.00710424827412, 0.00703998515382, 0.00385483470745, 0.00251915631816, 0.000566968985368, 0.000705577083863, 0.000257637817413, 2.47563821176e-05, 2.25790404329e-06, 1.03826448594e-06, 2.17432528871e-07],
        "mean": [2.13537236959e-06, 0.00136780238245, 0.000872929929756, 0.000873663346283, 0.00233529461548, 0.00176746246871, 0.00168582180049, 0.00220140209422, 0.00302024628036, 0.00186424225103, 0.0012096966384, 0.000920893973671, 0.00123404327314, 0.000451764790341, 0.000678938115016, 0.000500515336171, 0.000471151812235, 0.000509308185428, 0.000436525879195, 0.000244180904701, 2.62016310444e-05, 1.12372299554e-05, 4.05919081459e-06, 1.5196927734e-06, 7.0175667588e-07, 6.16635304596e-07, 1.21472325532e-08],
        "min": [5.94560356504e-09, 1.07067876343e-06, 3.69471763406e-07, 1.19019682643e-06, 2.56266739598e-05, 1.04097780422e-05, 1.09389311547e-05, 1.10764199235e-06, 3.09978690893e-06, 9.5998220786e-06, 3.03265323964e-06, 4.50877769254e-06, 2.2425649604e-06, 2.17451474782e-06, 1.09271081783e-06, 2.0725401555e-06, 2.39772907662e-06, 1.0700424582e-06, 8.00614429863e-07, 6.84796020778e-07, 2.67011358801e-07, 3.04895451109e-07, 3.13220510861e-07, 2.18843737798e-07, 2.14413532262e-07, 1.87448449651e-07, 6.47399633902e-10],
        "stdev": [3.51881544702e-06, 0.00154045643285, 0.00107474310789, 0.00148806523066, 0.00289274053648, 0.00239984272048, 0.00271944818087, 0.00559311360121, 0.00604689586908, 0.00381530984305, 0.00221209344454, 0.00170575513039, 0.00343438866548, 0.00100432266481, 0.00143882248085, 0.00101409154013, 0.000806189200375, 0.000851132383104, 0.000505352101754, 0.000322158244671, 3.53223149432e-05, 2.35830775637e-05, 9.40184418141e-06, 1.87103444205e-06, 1.38202892686e-07, 9.22637894973e-08, 9.32474009119e-09]
    },
    "erbbands": {
        "max": [0.110964879394, 3.12384033203, 10.7125034332, 46.8208808899, 154.382263184, 149.372207642, 121.455497742, 254.829910278, 386.168060303, 989.955627441, 1321.95690918, 1519.27148438, 1472.72583008, 927.949951172, 837.604309082, 555.677246094, 1982.64221191, 991.866882324, 2150.43823242, 639.996704102, 861.444458008, 483.057220459, 494.663635254, 238.188598633, 176.475601196, 142.490432739, 31.2373752594, 19.6118450165, 27.0925064087, 14.8469867706, 6.28816080093, 1.20210886002, 0.269999474287, 0.043544139713, 0.0100333243608, 0.00553253293037, 0.00195729406551, 0.000216965578147, 5.8944850025e-05, 0.000126507060486],
        "mean": [0.0160332806408, 0.381990998983, 1.10641896725, 1.78901815414, 4.85665893555, 7.95869731903, 12.5388097763, 15.4952764511, 22.7346153259, 38.3600883484, 41.9846305847, 76.7195510864, 57.9623031616, 55.814540863, 51.781211853, 37.5772628784, 54.0474777222, 33.6115150452, 40.0773277283, 25.0484867096, 23.6268749237, 26.3075485229, 30.014793396, 25.2214298248, 19.5590648651, 11.2161931992, 2.07944273949, 0.919146537781, 0.399379014969, 0.23368024826, 0.120003961027, 0.0483021624386, 0.0176626034081, 0.00799362361431, 0.00511667039245, 0.00306501076557, 0.00113690353464, 0.000106970350316, 1.45913490996e-05, 2.70875316346e-05],
        "min": [3.89386841562e-05, 0.00044399255421, 0.00173226837069, 0.00592867191881, 0.0395821817219, 0.0953501984477, 0.0597903355956, 0.0503735207021, 0.0545031353831, 0.125991344452, 0.297402888536, 0.161227509379, 0.371805012226, 0.422534942627, 0.627680957317, 0.164899855852, 0.114421844482, 0.166610732675, 0.185651823878, 0.198509126902, 0.187088742852, 0.140412732959, 0.109325915575, 0.0571950525045, 0.0321873761714, 0.0350776389241, 0.014883200638, 0.0118379509076, 0.00923810806125, 0.00769095355645, 0.0066480548121, 0.00544068496674, 0.00294369319454, 0.00242200470529, 0.00151962810196, 0.000827239302453, 0.000320134451613, 5.46866031073e-05, 3.28074133904e-06, 3.19845116792e-06],
        "stdev": [0.0174954477698, 0.433777391911, 1.3198056221, 2.35572719574, 7.07408475876, 11.5583848953, 17.0522136688, 22.3349094391, 41.3481903076, 85.1097259521, 82.0190811157, 159.266998291, 120.5831604, 88.6480102539, 97.3702316284, 57.7477722168, 147.912322998, 73.7740325928, 90.6989822388, 37.6733512878, 44.4865264893, 45.6351776123, 50.0384178162, 31.1790485382, 23.7655925751, 14.8195714951, 2.59260964394, 1.39992928505, 0.875455081463, 0.544139564037, 0.252831459045, 0.0666763931513, 0.019323470071, 0.00269212340936, 0.000952498579863, 0.000550420198124, 0.000194422347704, 1.96248274733e-05, 7.69934649725e-06, 1.66310892382e-05]
    },
    "gfcc": {
        "mean": [-32.1229820251, 140.917739868, -156.009170532, 14.8374557495, -45.1028785706, -10.7130308151, -26.4807262421, 7.96540689468, -26.0940914154, -1.02925312519, -11.4807519913, -4.58974266052, -11.2328910828],
        "cov": [[875.474365234, 19.9465007782, -410.903839111, 122.05342865, 41.8243293762, -100.714080811, 185.881912231, 29.8674888611, 37.8179397583, -42.2160453796, 102.607933044, -43.9754295349, 23.5606460571], [19.9465007782, 264.412322998, 212.870254517, -96.7834320068, 54.312335968, 48.0661087036, 40.2294540405, 23.2465248108, -16.5635185242, 12.9779958725, -11.7718296051, -75.5659561157, -8.50889778137], [-410.903839111, 212.870254517, 502.456237793, -27.9210014343, 2.21073627472, 103.991722107, -69.2300491333, -5.58475875854, 1.10746514797, 21.473482132, -54.5058441162, -13.3488388062, -26.1073760986], [122.05342865, -96.7834320068, -27.9210014343, 280.021881104, 56.5295639038, -49.0490493774, -25.8468036652, 17.3230323792, 34.0340385437, -40.772064209, 17.4082603455, 67.3248901367, 0.461552232504], [41.8243293762, 54.312335968, 2.21073627472, 56.5295639038, 155.633361816, 34.8907928467, 16.3658237457, 41.8338737488, -10.9845018387, -10.2724142075, -0.0836394056678, -18.8676013947, 0.486661046743], [-100.714080811, 48.0661087036, 103.991722107, -49.0490493774, 34.8907928467, 239.680587769, 92.1086273193, -39.3356170654, 12.0922222137, 43.2592773438, -42.1280021667, -26.9031581879, 5.21310329437], [185.881912231, 40.2294540405, -69.2300491333, -25.8468036652, 16.3658237457, 92.1086273193, 191.722579956, 35.9338188171, -9.97567367554, 20.3098621368, 24.7865028381, -39.6911201477, 16.7669773102], [29.8674888611, 23.2465248108, -5.58475875854, 17.3230323792, 41.8338737488, -39.3356170654, 35.9338188171, 115.734092712, 31.617641449, -4.60538434982, 26.8423099518, -7.30035877228, -0.755999982357], [37.8179397583, -16.5635185242, 1.10746514797, 34.0340385437, -10.9845018387, 12.0922222137, -9.97567367554, 31.617641449, 113.338165283, 45.2597999573, 1.08808243275, 6.39319324493, -0.974133729935], [-42.2160453796, 12.9779958725, 21.473482132, -40.772064209, -10.2724142075, 43.2592773438, 20.3098621368, -4.60538434982, 45.2597999573, 102.674613953, 26.2524776459, -17.1715488434, -4.56574821472], [102.607933044, -11.7718296051, -54.5058441162, 17.4082603455, -0.0836394056678, -42.1280021667, 24.7865028381, 26.8423099518, 1.08808243275, 26.2524776459, 112.087272644, 39.6936225891, -5.67888784409], [-43.9754295349, -75.5659561157, -13.3488388062, 67.3248901367, -18.8676013947, -26.9031581879, -39.6911201477, -7.30035877228, 6.39319324493, -17.1715488434, 39.6936225891, 126.343406677, 33.0130882263], [23.5606460571, -8.50889778137, -26.1073760986, 0.461552232504, 0.486661046743, 5.21310329437, 16.7669773102, -0.755999982357, -0.974133729935, -4.56574821472, -5.67888784409, 33.0130882263, 63.6068534851]],
        "icov": [[0.0267199482769, -0.0361659452319, 0.0303652305156, -0.0204242821783, 0.00874576158822, 0.00417355354875, -0.0146321104839, 0.0205077696592, -0.0241456422955, 0.0215870551765, -0.0199018120766, 0.0123774111271, -0.00545315816998], [-0.0361659452319, 0.0685114264488, -0.0536472424865, 0.0371698997915, -0.0256612859666, 0.00562749616802, 0.00702215312049, -0.0162315927446, 0.0225498694927, -0.0216241031885, 0.021601608023, -0.010383172892, 0.00407401705161], [0.0303652305156, -0.0536472424865, 0.0458112172782, -0.0301105808467, 0.0205631610006, -0.00600046571344, -0.00484903855249, 0.0124399606138, -0.0184233225882, 0.0183483920991, -0.0187095794827, 0.010655477643, -0.00380785181187], [-0.0204242821783, 0.0371698997915, -0.0301105808467, 0.0269609708339, -0.0181606803089, 0.00599702633917, 0.00144055159763, -0.00601561041549, 0.00830212887377, -0.00976277608424, 0.0136144198477, -0.0112604880705, 0.0056656897068], [0.00874576158822, -0.0256612859666, 0.0205631610006, -0.0181606803089, 0.0253968108445, -0.0141354771331, 0.0108643118292, -0.0108063723892, 0.00597267737612, 0.000672105525155, -0.00529243564233, 0.00542551325634, -0.00327724521048], [0.00417355354875, 0.00562749616802, -0.00600046571344, 0.00599702633917, -0.0141354771331, 0.0219014380127, -0.0215334817767, 0.0203763209283, -0.0159759763628, 0.00610615359619, 0.000136035057949, -0.000864955829456, 0.00158681417815], [-0.0146321104839, 0.00702215312049, -0.00484903855249, 0.00144055159763, 0.0108643118292, -0.0215334817767, 0.0334582068026, -0.0296549387276, 0.0270240101963, -0.0173374805599, 0.00748257618397, -0.00179559574462, -0.00236253836192], [0.0205077696592, -0.0162315927446, 0.0124399606138, -0.00601561041549, -0.0108063723892, 0.0203763209283, -0.0296549387276, 0.0444921180606, -0.0368276201189, 0.0265778228641, -0.0197536498308, 0.0105991680175, -0.00378041854128], [-0.0241456422955, 0.0225498694927, -0.0184233225882, 0.00830212887377, 0.00597267737612, -0.0159759763628, 0.0270240101963, -0.0368276201189, 0.0469232015312, -0.0339611284435, 0.0235012490302, -0.0131845502183, 0.00526272319257], [0.0215870551765, -0.0216241031885, 0.0183483920991, -0.00976277608424, 0.000672105525155, 0.00610615359619, -0.0173374805599, 0.0265778228641, -0.0339611284435, 0.0402127429843, -0.0273444522172, 0.0170288719237, -0.00781960040331], [-0.0199018120766, 0.021601608023, -0.0187095794827, 0.0136144198477, -0.00529243564233, 0.000136035057949, 0.00748257618397, -0.0197536498308, 0.0235012490302, -0.0273444522172, 0.0362107306719, -0.0226504001766, 0.0136915743351], [0.0123774111271, -0.010383172892, 0.010655477643, -0.0112604880705, 0.00542551325634, -0.000864955829456, -0.00179559574462, 0.0105991680175, -0.0131845502183, 0.0170288719237, -0.0226504001766, 0.0282345693558, -0.0165458638221], [-0.00545315816998, 0.00407401705161, -0.00380785181187, 0.0056656897068, -0.00327724521048, 0.00158681417815, -0.00236253836192, -0.00378041854128, 0.00526272319257, -0.00781960040331, 0.0136915743351, -0.0165458638221, 0.0264845956117]]
    },
    "melbands": {
        "max": [0.00214894721285, 0.00461097992957, 0.0122867720202, 0.00885941367596, 0.00455538975075, 0.0050132907927, 0.00512619223446, 0.0123531147838, 0.00901381019503, 0.0103551158682, 0.0072182007134, 0.00418218551204, 0.00263034040108, 0.00220659212209, 0.00203893962316, 0.00484535098076, 0.00167521974072, 0.00375544582494, 0.00066090998007, 0.00132130435668, 0.00103096372914, 0.000618303893134, 0.000670535257086, 0.000382230180549, 0.00024523207685, 0.000211103557376, 0.000139279509312, 9.47710577748e-05, 2.23285442189e-05, 1.3297491023e-05, 1.01554396679e-05, 1.60202398547e-05, 1.28101100927e-05, 6.5983094828e-06, 4.11632254327e-06, 1.59818080192e-06, 5.80782341331e-07, 2.2675511957e-07, 9.67415303421e-08, 1.54873518454e-08],
        "mean": [0.000266605813522, 0.000565835565794, 0.000425202015322, 0.000438423128799, 0.00045296153985, 0.000354706862709, 0.000345886597643, 0.000455786677776, 0.000340827915352, 0.00049004657194, 0.000282723020064, 0.000230376492254, 0.000161228221259, 0.000121182129078, 8.50766373333e-05, 0.000132841087179, 5.07268123329e-05, 6.25089815003e-05, 3.91335597669e-05, 4.08200030506e-05, 2.26337851927e-05, 2.50436569331e-05, 3.36080520356e-05, 2.15811323869e-05, 2.07215616683e-05, 1.40041192935e-05, 1.29481049953e-05, 6.04357546763e-06, 1.36171706799e-06, 7.33900265004e-07, 4.08790896245e-07, 2.38546647324e-07, 1.63333851333e-07, 1.04704028558e-07, 7.5379404052e-08, 4.10271390194e-08, 2.43515305698e-08, 1.30280781718e-08, 8.17805823061e-09, 6.05571948142e-09],
        "min": [2.88896018219e-07, 9.3727157946e-07, 2.44931607085e-06, 4.00213002649e-06, 1.46861293615e-06, 1.22264975744e-06, 1.15962996006e-06, 6.2121944211e-07, 1.44935438584e-06, 4.99819293509e-07, 1.20389734093e-06, 1.26148643176e-06, 6.55205326439e-07, 7.06298635578e-07, 1.69918351389e-07, 2.19073129415e-07, 3.43015017279e-07, 2.7420975357e-07, 8.83411601649e-08, 1.9629851522e-07, 1.14924297634e-07, 9.38768494052e-08, 3.79346403179e-08, 4.46713919189e-08, 2.7665848279e-08, 2.35622579225e-08, 1.93282527761e-08, 1.65141234021e-08, 1.0183583754e-08, 4.94385243854e-09, 4.35777813834e-09, 4.16197787345e-09, 3.47343598328e-09, 3.90280918694e-09, 4.01113542381e-09, 2.67412914035e-09, 3.27809179801e-09, 1.98898431059e-09, 1.78146686292e-09, 2.21753571061e-09],
        "stdev": [0.000282736786176, 0.000607672787737, 0.000579362967983, 0.000537875399459, 0.000596543774009, 0.000518851156812, 0.000581305823289, 0.00110877945554, 0.000655701500364, 0.00104642473161, 0.000613564567175, 0.000400837161578, 0.000299086415907, 0.000217381704715, 0.000166124489624, 0.000409718224546, 0.000118199335702, 0.000153172833961, 6.31792790955e-05, 8.20883869892e-05, 4.57520436612e-05, 4.88838995807e-05, 6.56451666146e-05, 3.58058860002e-05, 2.77177732642e-05, 1.89699512703e-05, 1.70514322235e-05, 8.79458366398e-06, 2.03443073588e-06, 1.05587503185e-06, 7.02827946952e-07, 5.34327512014e-07, 4.17577496137e-07, 2.52622953667e-07, 1.75434408334e-07, 6.49215650128e-08, 3.53489149063e-08, 1.63359423766e-08, 5.60166446562e-09, 1.55888402187e-09]
    },
    "melbands128": {
        "max": [5.03970950376e-05, 0.000601969659328, 0.00273460010067, 0.00684381555766, 0.00695551466197, 0.00520077813417, 0.00699202856049, 0.0173746515065, 0.0181733705103, 0.0121072279289, 0.00957790575922, 0.0102015454322, 0.00613180967048, 0.00563137698919, 0.00838618539274, 0.00795484520495, 0.0120294261724, 0.00984825752676, 0.0114773483947, 0.0128538040444, 0.020974220708, 0.025747699663, 0.0101606650278, 0.0255470871925, 0.0168789178133, 0.0222777500749, 0.0128442216665, 0.0115000288934, 0.00977110024542, 0.00865334272385, 0.00694463308901, 0.00529609061778, 0.0045379572548, 0.00581215182319, 0.00584192480892, 0.00280904164538, 0.00315518002026, 0.00248485873453, 0.00364420074038, 0.00980724953115, 0.0108146937564, 0.00589588005096, 0.00150365859736, 0.00274364370853, 0.00157218449749, 0.0086571155116, 0.00324601237662, 0.00109237397555, 0.00101390120108, 0.00156404415611, 0.00230453396216, 0.00230417097919, 0.00261907000095, 0.00085426250007, 0.000614810385741, 0.00126563897356, 0.00102029647678, 0.00113149662502, 0.000760128372349, 0.00113408768084, 0.000739925191738, 0.0009452427621, 0.000508429657202, 0.000449980638223, 0.000315592566039, 0.00044104582048, 0.000338739977451, 0.000301202409901, 0.000280613166979, 0.000262968853349, 0.000197183922864, 0.000143033728818, 5.94016237301e-05, 2.23307197302e-05, 1.7622973246e-05, 1.72742529685e-05, 1.82328258234e-05, 1.58587408805e-05, 9.28074314288e-06, 1.20207278087e-05, 1.79934504558e-05, 1.58126676979e-05, 1.75934001163e-05, 1.23003128465e-05, 1.01008490674e-05, 8.92201933311e-06, 5.50219692741e-06, 4.27209670306e-06, 5.63752610105e-06, 3.62058631254e-06, 2.43155045609e-06, 1.38029383834e-06, 7.88966019627e-07, 1.05436936337e-06, 5.4565003893e-07, 3.53453202706e-07, 3.07374961039e-07, 1.42591446206e-07, 1.35987122007e-07, 7.87486413856e-08, 2.58804657705e-08, 1.49444385755e-08, 1.99721821303e-08, 1.86511925904e-08, 1.70643499331e-08, 1.61014188649e-08, 1.41562237488e-08, 2.25205258886e-08, 1.44228815557e-08, 1.53696504412e-08, 1.37145326207e-08, 1.08403073185e-08, 8.53038439885e-09, 7.44364925254e-09, 4.8015582621e-09, 2.21522422628e-09, 1.93349269928e-09, 1.0112313209e-09, 9.63990109959e-10, 9.31289267925e-10, 9.03536356844e-10, 8.78942529869e-10, 8.62854676598e-10, 8.45456649134e-10, 8.33152491442e-10, 8.23624390911e-10, 8.14019907036e-10, 8.10657596606e-10],
        "mean": [1.7449515326e-06, 4.86836288474e-05, 0.000330312526785, 0.000764420896303, 0.000663329556119, 0.000385211256798, 0.000283616886009, 0.000531261670403, 0.000514471437782, 0.000344783620676, 0.000441884127213, 0.00056010321714, 0.000424936792115, 0.000367193279089, 0.000350120972143, 0.000331610383, 0.000397988565965, 0.000313257449307, 0.000356398464646, 0.000390642759157, 0.000614344724454, 0.000344991974998, 0.000279296480585, 0.000327704532538, 0.000555196951609, 0.000600648869295, 0.000247008865699, 0.000267215451458, 0.00026608639746, 0.000283949368168, 0.000207803794183, 0.000150842388393, 0.000111801251478, 0.000246018898906, 0.000121955970826, 8.8253938884e-05, 0.000107416388346, 5.72097669647e-05, 9.0329653176e-05, 0.000134497808176, 0.000181873430847, 7.09105006536e-05, 3.82173348044e-05, 4.9707981816e-05, 3.31615301548e-05, 7.59480608394e-05, 8.8739747298e-05, 3.0695078749e-05, 2.31373524002e-05, 2.45466471824e-05, 5.03123192175e-05, 5.56924533157e-05, 1.4734967408e-05, 1.36209382617e-05, 2.32359088841e-05, 2.58426443907e-05, 2.33946066146e-05, 4.20800024585e-05, 3.17017875204e-05, 2.95650461339e-05, 1.80750175787e-05, 1.74022916326e-05, 2.73225796263e-05, 2.07229313673e-05, 1.21260263768e-05, 1.31291326397e-05, 1.62283777172e-05, 1.35046184369e-05, 1.3280998246e-05, 1.05248436739e-05, 5.91823027207e-06, 4.42969349024e-06, 1.8922602294e-06, 7.94719881014e-07, 4.86501676278e-07, 8.79659751263e-07, 7.97991503987e-07, 5.92197920923e-07, 2.63641624088e-07, 3.72553955685e-07, 1.92881714156e-07, 2.42470946432e-07, 1.70856665704e-07, 1.30984517455e-07, 1.98710921495e-07, 1.22439544725e-07, 7.73396209297e-08, 5.13632656407e-08, 1.00028685779e-07, 6.55335483657e-08, 4.6894978567e-08, 3.347908617e-08, 3.26996882904e-08, 2.45016931189e-08, 2.0674555401e-08, 1.45336960244e-08, 1.19693703837e-08, 9.20114207048e-09, 8.7711793384e-09, 7.21285076111e-09, 6.36139363408e-09, 5.6863003195e-09, 5.95063998077e-09, 5.9161657795e-09, 5.66649482892e-09, 5.62769830736e-09, 5.6328577358e-09, 5.57331469864e-09, 5.31412558402e-09, 5.2678168494e-09, 4.69787497792e-09, 4.29699653637e-09, 3.73777853113e-09, 3.05550229562e-09, 1.75035663741e-09, 7.73157371459e-10, 4.08912570471e-10, 4.91634901192e-12, 4.46806263862e-12, 4.34564667237e-12, 4.23891477475e-12, 4.14517161915e-12, 4.0619751486e-12, 3.98435581403e-12, 3.93056941161e-12, 3.88772174176e-12, 3.8545945949e-12, 3.83163683074e-12],
        "min": [4.2273376466e-10, 2.45868498894e-08, 1.28098974983e-07, 3.95163823441e-07, 6.37557150185e-07, 1.72651880348e-07, 4.28354610449e-07, 4.29657347922e-07, 9.07122512217e-07, 7.06758498836e-07, 4.60459773421e-07, 4.79688253563e-07, 5.82540167215e-08, 3.28789127479e-07, 1.43154750276e-07, 1.29871025933e-07, 7.80965123681e-08, 2.84585411237e-07, 1.03671766283e-06, 3.81314208653e-07, 1.24818271274e-07, 3.09961961875e-07, 2.16389480556e-07, 2.00287871621e-07, 2.14029896028e-07, 2.06385806223e-07, 9.45299021282e-08, 1.46012808955e-07, 4.48762648375e-07, 3.86957935916e-07, 1.62738189147e-07, 6.93890669368e-08, 1.60870001764e-07, 7.49971817982e-08, 8.77731309856e-08, 5.90675774959e-08, 8.44076879503e-08, 1.68230780417e-08, 8.59708251255e-08, 1.09378163415e-07, 4.19923971151e-08, 8.03310058473e-08, 6.5115017378e-08, 1.12442961608e-07, 9.13170268291e-08, 6.37446220253e-08, 2.62876600488e-08, 7.14193717499e-08, 3.07072980377e-08, 1.4447260277e-08, 5.97410192427e-08, 1.01924149121e-08, 7.2813857166e-09, 2.04696650741e-08, 1.36060851474e-08, 1.2423671869e-08, 8.62074056585e-09, 7.2183330424e-09, 2.51933105488e-08, 2.33810943939e-08, 2.88259620618e-08, 1.2495016577e-08, 1.19154979217e-08, 1.57484141283e-08, 8.62621174491e-09, 8.89325413311e-09, 8.33607316508e-09, 1.36090152481e-08, 1.11769953293e-08, 5.3779114495e-09, 3.15873815993e-09, 8.34620728085e-09, 6.3271214934e-09, 3.21124704605e-09, 3.39225469936e-09, 1.56548796149e-09, 5.97074556463e-10, 1.63701807665e-09, 1.34733713075e-09, 1.66730740325e-09, 2.05468086989e-09, 1.63899815941e-09, 2.12614037487e-09, 1.53867474317e-09, 1.99196237283e-09, 3.02521274698e-09, 1.83606474469e-09, 1.38727795918e-09, 1.79691495017e-09, 1.7704105959e-09, 1.62103408474e-09, 2.37545783044e-09, 1.52788204311e-09, 2.03798267151e-09, 1.98797600603e-09, 1.70796388144e-09, 1.33421140802e-09, 1.17065246386e-09, 1.14231457626e-09, 1.24270582713e-09, 1.55550028413e-09, 1.08688058553e-09, 1.4938138504e-09, 8.87958706564e-10, 1.57354607122e-09, 1.37409983392e-09, 1.43201828173e-09, 1.15866527484e-09, 1.40170763885e-09, 1.47558709696e-09, 1.3159932033e-09, 8.71651972822e-10, 8.46609893301e-10, 8.34640245806e-10, 4.04830641232e-10, 1.22151594395e-10, 2.4275694302e-11, 7.43877683518e-14, 5.77338876576e-14, 6.21915103509e-14, 6.60666928608e-14, 6.53067891107e-14, 4.91416735321e-14, 7.4380395777e-14, 6.54629887624e-14, 6.80960415009e-14, 7.32858598026e-14, 6.19339513485e-14],
        "stdev": [2.98866689263e-06, 7.84478761489e-05, 0.000384213548386, 0.000952576985583, 0.000880529114511, 0.000489848898724, 0.000413759145886, 0.000981111894362, 0.000826173403766, 0.0005472410121, 0.000757089874242, 0.00101564126089, 0.000718596507795, 0.000688264553901, 0.000624255044386, 0.000786213087849, 0.00118955795188, 0.000576120393816, 0.000758872949518, 0.0010353900725, 0.0020487094298, 0.00116588547826, 0.000690252229106, 0.00111225270666, 0.00137704063673, 0.00169588101562, 0.000798487861175, 0.000910591566935, 0.000837899337057, 0.000714240362868, 0.000420816650148, 0.000407145504141, 0.000353011506377, 0.000606262939982, 0.000425764505053, 0.000207918070373, 0.000248131982516, 0.000173014414031, 0.000282696506474, 0.000595547666308, 0.000739327922929, 0.000328531925334, 0.000128010389744, 0.000141774638905, 9.95190348476e-05, 0.000309103430482, 0.000209265752346, 7.72643688833e-05, 5.87899885431e-05, 7.80154150561e-05, 0.000129326479509, 0.000139479030622, 8.14187369542e-05, 3.58907418558e-05, 4.62757416244e-05, 8.41352011776e-05, 6.96937640896e-05, 0.000109105967567, 8.62088563736e-05, 7.70000551711e-05, 4.74545631732e-05, 4.16387920268e-05, 5.16514992341e-05, 3.86615756724e-05, 2.6291985705e-05, 2.79695850622e-05, 2.98458398902e-05, 2.57624578808e-05, 2.35738261836e-05, 2.0306206352e-05, 1.13488677016e-05, 8.91807667358e-06, 3.95557935917e-06, 1.40913641644e-06, 1.02066326235e-06, 1.56117596362e-06, 1.64743437381e-06, 1.29593047404e-06, 5.85940881592e-07, 7.7968570622e-07, 5.68261782519e-07, 6.17173611772e-07, 5.26119777078e-07, 4.23341788292e-07, 5.12762085236e-07, 3.10839936901e-07, 2.20763908487e-07, 1.58727758048e-07, 2.76132908539e-07, 1.32636060357e-07, 8.92645459771e-08, 5.89035309417e-08, 4.66400429389e-08, 4.50686705733e-08, 3.73788466845e-08, 2.14088728967e-08, 1.65068776425e-08, 9.44748546061e-09, 7.72881580957e-09, 4.15166434564e-09, 2.66446575914e-09, 2.08204520291e-09, 2.17029816341e-09, 2.08787875877e-09, 1.98683047792e-09, 1.91772775437e-09, 1.92151161649e-09, 1.98998173495e-09, 1.70368752439e-09, 1.74200587288e-09, 1.54064849767e-09, 1.39343359074e-09, 1.12780274009e-09, 9.58587764721e-10, 5.74545022669e-10, 2.63605998141e-10, 2.20880147506e-10, 3.38758188168e-11, 3.2366588576e-11, 3.12072555297e-11, 3.02919668516e-11, 2.94801405509e-11, 2.88848892721e-11, 2.83116360217e-11, 2.78845991436e-11, 2.75543043243e-11, 2.72438946403e-11, 2.70921080708e-11]
    },
    "mfcc": {
        "mean": [-670.35559082, 174.946838379, -46.5109062195, 29.3205757141, -7.68185329437, -7.71363067627, 2.46591711044, 2.7435593605, -7.45438194275, 6.16925144196, -3.58572888374, -4.57984447479, 0.725421965122],
        "cov": [[1238.58422852, -201.433700562, -495.693786621, 206.023696899, -159.303787231, -60.3942375183, 64.4178543091, 85.9461517334, -59.3391265869, 97.1218109131, -13.5064020157, 19.5053195953, 46.2914276123], [-201.433700562, 424.289520264, 166.249404907, -140.063354492, 37.2138977051, 3.95819854736, 97.4013900757, -46.8133125305, 31.9442520142, 80.5676574707, 33.3461532593, -37.3726081848, -23.5367279053], [-495.693786621, 166.249404907, 443.554840088, -73.2126846313, 54.9818954468, 97.8797073364, -38.6355361938, -21.1642742157, 46.6628036499, -25.2354698181, 14.2341308594, 16.2718601227, -9.52169036865], [206.023696899, -140.063354492, -73.2126846313, 275.725402832, 76.7211151123, -102.392684937, -25.768951416, 63.727848053, -38.5722579956, -40.3358764648, -18.197265625, 27.3175754547, 26.1739692688], [-159.303787231, 37.2138977051, 54.9818954468, 76.7211151123, 189.863601685, -7.74659061432, -31.0293922424, 23.993188858, 6.53941011429, -20.0130729675, 10.0597391129, 1.60713970661, -19.1417884827], [-60.3942375183, 3.95819854736, 97.8797073364, -102.392684937, -7.74659061432, 245.087615967, 38.6015815735, -22.0473327637, 72.7022705078, 16.5831661224, 6.72815704346, -3.16802239418, -15.3298654556], [64.4178543091, 97.4013900757, -38.6355361938, -25.768951416, -31.0293922424, 38.6015815735, 187.472854614, 35.3505859375, -3.47607254982, 58.2448768616, 1.49836874008, -11.0155010223, 11.4652605057], [85.9461517334, -46.8133125305, -21.1642742157, 63.727848053, 23.993188858, -22.0473327637, 35.3505859375, 118.843727112, 11.6124668121, -16.3673267365, -15.0873756409, 3.35172104836, 23.1449699402], [-59.3391265869, 31.9442520142, 46.6628036499, -38.5722579956, 6.53941011429, 72.7022705078, -3.47607254982, 11.6124668121, 124.066307068, 46.9645309448, -5.95313739777, -15.4142627716, -6.84208726883], [97.1218109131, 80.5676574707, -25.2354698181, -40.3358764648, -20.0130729675, 16.5831661224, 58.2448768616, -16.3673267365, 46.9645309448, 172.312026978, 52.4834823608, -37.241519928, -19.4862289429], [-13.5064020157, 33.3461532593, 14.2341308594, -18.197265625, 10.0597391129, 6.72815704346, 1.49836874008, -15.0873756409, -5.95313739777, 52.4834823608, 97.5311737061, 31.1081085205, -19.1581726074], [19.5053195953, -37.3726081848, 16.2718601227, 27.3175754547, 1.60713970661, -3.16802239418, -11.0155010223, 3.35172104836, -15.4142627716, -37.241519928, 31.1081085205, 126.722961426, 44.9947166443], [46.2914276123, -23.5367279053, -9.52169036865, 26.1739692688, -19.1417884827, -15.3298654556, 11.4652605057, 23.1449699402, -6.84208726883, -19.4862289429, -19.1581726074, 44.9947166443, 99.5478744507]],
        "icov": [[0.00511126825586, -0.00480861961842, 0.00646567717195, -0.00631772913039, 0.00670046545565, -0.00666059413925, 0.00656865444034, -0.0066630593501, 0.00571790710092, -0.00598937319592, 0.00391924893484, -0.00373046775348, 0.0014821421355], [-0.00480861961842, 0.0112139089033, -0.00866937730461, 0.00914090033621, -0.00927224848419, 0.0103541100398, -0.0116796353832, 0.0098930913955, -0.00781473051757, 0.00570110231638, -0.00516689056531, 0.00506093259901, -0.00219160085544], [0.00646567717195, -0.00866937730461, 0.0120262783021, -0.00845094490796, 0.00859790015966, -0.0107570039108, 0.010862255469, -0.00964537356049, 0.0075118415989, -0.00690774573013, 0.00502372579649, -0.00548179121688, 0.0019128274871], [-0.00631772913039, 0.00914090033621, -0.00845094490796, 0.0153723210096, -0.0120464134961, 0.0115109868348, -0.00978985149413, 0.00739498157054, -0.00691615976393, 0.00679304637015, -0.00396558409557, 0.0038647626061, -0.00254226569086], [0.00670046545565, -0.00927224848419, 0.00859790015966, -0.0120464134961, 0.0171426162124, -0.0107396701351, 0.0115555394441, -0.0111940456554, 0.00782747473568, -0.00701529346406, 0.00424787960947, -0.00496839499101, 0.00382374296896], [-0.00666059413925, 0.0103541100398, -0.0107570039108, 0.0115109868348, -0.0107396701351, 0.0177728533745, -0.0142908329144, 0.0124928299338, -0.0130908712745, 0.00979460123926, -0.00699172914028, 0.00569944828749, -0.00200109509751], [0.00656865444034, -0.0116796353832, 0.010862255469, -0.00978985149413, 0.0115555394441, -0.0142908329144, 0.0213287137449, -0.0156459119171, 0.0132290003821, -0.0124250045046, 0.00870781578124, -0.00697413785383, 0.00230460218154], [-0.0066630593501, 0.0098930913955, -0.00964537356049, 0.00739498157054, -0.0111940456554, 0.0124928299338, -0.0156459119171, 0.0232877917588, -0.0131884459406, 0.0114154685289, -0.00760996993631, 0.00736633967608, -0.00473647192121], [0.00571790710092, -0.00781473051757, 0.0075118415989, -0.00691615976393, 0.00782747473568, -0.0130908712745, 0.0132290003821, -0.0131884459406, 0.0217618793249, -0.013810669072, 0.0103163886815, -0.00651985313743, 0.00278689293191], [-0.00598937319592, 0.00570110231638, -0.00690774573013, 0.00679304637015, -0.00701529346406, 0.00979460123926, -0.0124250045046, 0.0114154685289, -0.013810669072, 0.0205340553075, -0.0143480561674, 0.0101532554254, -0.00365764205344], [0.00391924893484, -0.00516689056531, 0.00502372579649, -0.00396558409557, 0.00424787960947, -0.00699172914028, 0.00870781578124, -0.00760996993631, 0.0103163886815, -0.0143480561674, 0.0235124025494, -0.012414730154, 0.0070223803632], [-0.00373046775348, 0.00506093259901, -0.00548179121688, 0.0038647626061, -0.00496839499101, 0.00569944828749, -0.00697413785383, 0.00736633967608, -0.00651985313743, 0.0101532554254, -0.012414730154, 0.0174266975373, -0.00832287874073], [0.0014821421355, -0.00219160085544, 0.0019128274871, -0.00254226569086, 0.00382374296896, -0.00200109509751, 0.00230460218154, -0.00473647192121, 0.00278689293191, -0.00365764205344, 0.0070223803632, -0.00832287874073, 0.0155412293971]]
    },
    "spectral_contrast_coeffs": {
        "max": [-0.411852061749, -0.449445426464, -0.486891895533, -0.537408590317, -0.561796605587, -0.562223434448],
        "mean": [-0.684527695179, -0.711438000202, -0.680778980255, -0.72171074152, -0.713739275932, -0.765262186527],
        "min": [-0.947056889534, -0.892567694187, -0.878132879734, -0.85605931282, -0.890336871147, -0.875228345394],
        "stdev": [0.0698046386242, 0.0724170356989, 0.0685552433133, 0.0495266057551, 0.0551535971463, 0.0417101532221]
    },
    "spectral_contrast_valleys": {
        "max": [-5.42417430878, -4.73926305771, -5.73028087616, -6.27876138687, -6.41879653931, -10.589304924],
        "mean": [-7.00090312958, -6.59868431091, -7.50635576248, -7.86369037628, -8.06941223145, -11.6669073105],
        "min": [-9.12393379211, -8.30447292328, -9.08837413788, -9.67819213867, -9.90572452545, -12.6361923218],
        "stdev": [0.537886917591, 0.51243853569, 0.491696298122, 0.483490079641, 0.591825902462, 0.181191295385]
    }
},
"rhythm": {
    "beats_count": 104,
    "beats_loudness": {
        "max": 0.0767704546452,
        "mean": 0.0245414599776,
        "min": 0.00387380784377,
        "stdev": 0.0126326968893
    },
    "bpm": 130.207427979,
    "bpm_histogram_first_peak_bpm": 129,
    "bpm_histogram_first_peak_weight": 0.537313401699,
    "bpm_histogram_second_peak_bpm": 117,
    "bpm_histogram_second_peak_spread": 0.41666662693,
    "bpm_histogram_second_peak_weight": 0.0679611638188,
    "danceability": 0.979694783688,
    "onset_rate": 2.009765625,
    "beats_loudness_band_ratio": {
        "max": [0.59751945734, 0.725067853928, 0.864005208015, 0.729320645332, 0.762333869934, 0.159446299076],
        "mean": [0.181866079569, 0.197532966733, 0.304981678724, 0.228373020887, 0.116883091629, 0.0296941902488],
        "min": [0.00641595665365, 0.0113706924021, 0.0200291089714, 0.00808940455317, 0.00118699634913, 0.000725172576495],
        "stdev": [0.146212995052, 0.153377339244, 0.194321259856, 0.160778194666, 0.110951095819, 0.0267039779574]
    },
