{
"metadata": {
    "version": {
        "essentia": "2.1-beta5",
        "essentia_git_sha": "Undefined",
        "extractor": "music 2.0"
    },
    "audio_properties": {
        "analysis": {
            "equal_loudness": 0,
            "length": 48.7502937317,
            "sample_rate": 44100,
            "start_time": 29.0017242432,
            "downmix": "mix"
        },
        "bit_rate": 192000,
        "length": 227.694869995,
        "lossless": 0,
        "number_channels": 2,
        "replay_gain": 3.5946598053,
        "sample_rate": 44100,
        "codec": "mp3",
        "md5_encoded": "55c661e10f2c5b12e157ebad5ce576b0"
    },
    "tags": {
        "file_name": "Spain_Amanece_Jaime Morey.mp3",
        "encoding": ["Lavf58.29.100"]
    }
},
"lowlevel": {
    "average_loudness": 0.813762366772,
    "barkbands_crest": {
        "max": 21.6780261993,
        "mean": 7.85667181015,
        "min": 2.72912883759,
        "stdev": 2.89489507675
    },
    "barkbands_flatness_db": {
        "max": 0.312000900507,
        "mean": 0.178828120232,
        "min": 0.0938057377934,
        "stdev": 0.0274783987552
    },
    "barkbands_kurtosis": {
        "max": 27.4070625305,
        "mean": 0.794519782066,
        "min": -1.73998343945,
        "stdev": 2.65414953232
    },
    "barkbands_skewness": {
        "max": 4.51367759705,
        "mean": 0.625622093678,
        "min": -1.59845745564,
        "stdev": 0.76125228405
    },
    "barkbands_spread": {
        "max": 35.2146568298,
        "mean": 15.0488443375,
        "min": 2.3149793148,
        "stdev": 5.57006406784
    },
    "dissonance": {
        "max": 0.499962538481,
        "mean": 0.450767219067,
        "min": 0.299326777458,
        "stdev": 0.0320599675179
    },
    "dynamic_complexity": 2.88077926636,
    "erbbands_crest": {
        "max": 23.904209137,
        "mean": 9.22283554077,
        "min": 3.42440152168,
        "stdev": 3.37256574631
    },
    "erbbands_flatness_db": {
        "max": 0.3148663342,
        "mean": 0.230115279555,
        "min": 0.106745377183,
        "stdev": 0.0292612537742
    },
    "erbbands_kurtosis": {
        "max": 9.53126716614,
        "mean": 0.2846827209,
        "min": -1.66427373886,
        "stdev": 1.36847150326
    },
    "erbbands_skewness": {
        "max": 2.77137565613,
        "mean": 0.103723116219,
        "min": -2.33639836311,
        "stdev": 0.581010758877
    },
    "erbbands_spread": {
        "max": 50.4911193848,
        "mean": 20.1911258698,
        "min": 5.08296489716,
        "stdev": 7.46743917465
    },
    "hfc": {
        "max": 128.42048645,
        "mean": 20.1720256805,
        "min": 0.101771585643,
        "stdev": 15.588060379
    },
    "loudness_ebu128": {
        "integrated": -27.4157886505,
        "loudness_range": 4.25294494629,
        "momentary": {
            "max": -21.5753707886,
            "mean": -28.5777225494,
            "min": -44.6862487793,
            "stdev": 3.55099964142
        },
        "short_term": {
            "max": -24.541185379,
            "mean": -27.9828205109,
            "min": -35.7970199585,
            "stdev": 1.96567440033
        }
    },
    "melbands_crest": {
        "max": 25.7364521027,
        "mean": 10.4971809387,
        "min": 3.02207183838,
        "stdev": 4.20263004303
    },
    "melbands_flatness_db": {
        "max": 0.380780637264,
        "mean": 0.232214540243,
        "min": 0.10313616693,
        "stdev": 0.0441042296588
    },
    "melbands_kurtosis": {
        "max": 56.0876998901,
        "mean": 2.32698941231,
        "min": -1.52630102634,
        "stdev": 4.21250629425
    },
    "melbands_skewness": {
        "max": 4.80077886581,
        "mean": 1.11915850639,
        "min": -0.922604858875,
        "stdev": 0.823683261871
    },
    "melbands_spread": {
        "max": 52.3827629089,
        "mean": 22.2348709106,
        "min": 3.19355273247,
        "stdev": 9.03039360046
    },
    "pitch_salience": {
        "max": 0.870346665382,
        "mean": 0.59371227026,
        "min": 0.253436565399,
        "stdev": 0.100645907223
    },
    "silence_rate_20dB": {
        "max": 1,
        "mean": 1,
        "min": 1,
        "stdev": 0
    },
    "silence_rate_30dB": {
        "max": 1,
        "mean": 0.996668279171,
        "min": 0,
        "stdev": 0.0576250329614
    },
    "silence_rate_60dB": {
        "max": 1,
        "mean": 0.0675868615508,
        "min": 0,
        "stdev": 0.251037567854
    },
    "spectral_centroid": {
        "max": 2528.86157227,
        "mean": 1101.88330078,
        "min": 303.960388184,
        "stdev": 377.134124756
    },
    "spectral_complexity": {
        "max": 45,
        "mean": 20.0195140839,
        "min": 0,
        "stdev": 6.64856815338
    },
    "spectral_decrease": {
        "max": -4.23644383463e-11,
        "mean": -6.52546727764e-09,
        "min": -3.06753271673e-08,
        "stdev": 4.45403225413e-09
    },
    "spectral_energy": {
        "max": 0.122615769506,
        "mean": 0.0264582633972,
        "min": 0.000169123872183,
        "stdev": 0.0180735010654
    },
    "spectral_energyband_high": {
        "max": 0.000421835866291,
        "mean": 4.79321461171e-05,
        "min": 2.8563442811e-06,
        "stdev": 5.53719437448e-05
    },
    "spectral_energyband_low": {
        "max": 0.0487402155995,
        "mean": 0.00425652042031,
        "min": 1.23779159367e-06,
        "stdev": 0.00482593569905
    },
    "spectral_energyband_middle_high": {
        "max": 0.0762432664633,
        "mean": 0.00936469901353,
        "min": 5.4233373703e-06,
        "stdev": 0.00888454355299
    },
    "spectral_energyband_middle_low": {
        "max": 0.108004033566,
        "mean": 0.0132544832304,
        "min": 0.000107515865238,
        "stdev": 0.0111890658736
    },
    "spectral_entropy": {
        "max": 8.63677692413,
        "mean": 7.06216669083,
        "min": 5.89083003998,
        "stdev": 0.27460449934
    },
    "spectral_flux": {
        "max": 0.246952652931,
        "mean": 0.0775663182139,
        "min": 0.00558289373294,
        "stdev": 0.035411849618
    },
    "spectral_kurtosis": {
        "max": 42.6342506409,
        "mean": 13.0639944077,
        "min": 0.516038894653,
        "stdev": 6.7812166214
    },
    "spectral_rms": {
        "max": 0.0109373275191,
        "mean": 0.00475787278265,
        "min": 0.000406200560974,
        "stdev": 0.00178200495429
    },
    "spectral_rolloff": {
        "max": 3294.58007812,
        "mean": 1308.88916016,
        "min": 172.265625,
        "stdev": 485.364379883
    },
    "spectral_skewness": {
        "max": 4.99543857574,
        "mean": 2.25577783585,
        "min": 0.534326851368,
        "stdev": 0.70087403059
    },
    "spectral_spread": {
        "max": 25717168,
        "mean": 2175902.75,
        "min": 1324192.25,
        "stdev": 805261.8125
    },
    "spectral_strongpeak": {
        "max": 8.34080219269,
        "mean": 1.42769694328,
        "min": 0.0295664835721,
        "stdev": 1.40869808197
    },
    "zerocrossingrate": {
        "max": 0.09326171875,
        "mean": 0.0456678941846,
        "min": 0.01123046875,
        "stdev": 0.0136472517624
    },
    "barkbands": {
        "max": [0.000218732457142, 0.0261435192078, 0.0225851275027, 0.0193863976747, 0.0768661946058, 0.0328467860818, 0.0425500757992, 0.0474247485399, 0.054456513375, 0.0560137480497, 0.032883439213, 0.0269698239863, 0.019885411486, 0.0207316614687, 0.0222238842398, 0.0110032241791, 0.0100434320047, 0.00519662024453, 0.0017855190672, 0.00138574407902, 0.000259500957327, 0.00010553674656, 4.75126507808e-05, 1.7255975763e-05, 3.90316245102e-06, 3.05672074319e-06, 1.28407486955e-06],
        "mean": [7.23389211998e-06, 0.00247941934504, 0.00143395096529, 0.000773094245233, 0.00235753133893, 0.0026277070865, 0.00249690376222, 0.00270664528944, 0.00195423141122, 0.00166877289303, 0.00126349378843, 0.00175912398845, 0.00108962948434, 0.00139632506762, 0.000811935169622, 0.000607268128078, 0.000463702512207, 0.000290107011097, 0.000175394816324, 6.4731859311e-05, 1.63082058862e-05, 6.9936422733e-06, 4.15651402363e-06, 1.66951474512e-06, 9.97381789603e-07, 9.69668917605e-07, 2.66319943876e-09],
        "min": [1.36132471962e-09, 2.79700572037e-07, 8.60791882218e-09, 3.35049463729e-07, 5.54603775527e-06, 3.45550483871e-06, 2.26022461902e-06, 2.40922190642e-06, 3.26131385009e-06, 2.95683378226e-07, 3.84526941843e-07, 4.99881366522e-07, 3.76951987846e-07, 2.39128297608e-07, 2.01556986212e-07, 3.49273960865e-07, 1.52289800326e-07, 2.12954589074e-07, 1.98794225525e-07, 1.78123869432e-07, 2.33078907286e-07, 2.360150404e-07, 2.66540780558e-07, 2.61313232386e-07, 3.1683057955e-07, 2.1443095477e-07, 3.80234149722e-10],
        "stdev": [1.34454840008e-05, 0.00288791162893, 0.0023564370349, 0.00127344566863, 0.00351101905107, 0.00385319348425, 0.00379779632203, 0.00418897299096, 0.00312871299684, 0.00346136256121, 0.0024756975472, 0.00312276463956, 0.00181782187428, 0.00221853912808, 0.00127718620934, 0.000944488041569, 0.000827462878078, 0.000347948225681, 0.000245872855885, 8.99329315871e-05, 2.29216148e-05, 9.80197000899e-06, 5.20265848536e-06, 1.65627113802e-06, 2.84521092908e-07, 2.24946461458e-07, 3.9589078682e-08]
    },
    "erbbands": {
        "max": [0.226186186075, 7.86091518402, 31.8173027039, 29.4006443024, 93.7650604248, 426.29107666, 284.439788818, 311.230651855, 647.386352539, 737.432678223, 958.331115723, 876.437072754, 1438.19543457, 1172.23486328, 829.76776123, 902.401794434, 995.865600586, 1182.95568848, 1727.37487793, 566.97479248, 766.856323242, 604.619506836, 258.44644165, 112.118293762, 82.3695755005, 32.3271903992, 12.396402359, 7.85354757309, 4.42932748795, 2.30409884453, 1.45489060879, 0.774167060852, 0.197903707623, 0.059565808624, 0.0214678384364, 0.0209814012051, 0.00450856471434, 0.000897058402188, 0.000220880756387, 0.000143872312037],
        "mean": [0.0254651326686, 0.703811943531, 2.0182056427, 1.87400960922, 4.19649219513, 8.05592346191, 15.7892522812, 23.888250351, 30.4070053101, 46.3815460205, 60.754573822, 38.9414749146, 51.7707443237, 62.2905311584, 53.5659217834, 62.2189254761, 50.9386367798, 68.6064453125, 56.9674186707, 35.2256011963, 36.5933609009, 27.2319068909, 17.0710887909, 11.5131378174, 7.02069711685, 2.96010446548, 0.973371267319, 0.443313390017, 0.279361277819, 0.158304080367, 0.114597521722, 0.0543189048767, 0.02056084387, 0.0110327359289, 0.00746885547414, 0.00463180756196, 0.00189267564565, 0.000120090306154, 1.65118817677e-05, 3.1132458389e-05],
        "min": [7.13569488653e-06, 6.64225954097e-05, 0.000167983642314, 0.00134191918187, 0.00451978389174, 0.0131062204018, 0.0206071250141, 0.0511601231992, 0.0874369069934, 0.0409643650055, 0.057369992137, 0.07641915977, 0.0269508361816, 0.0158515553921, 0.0169022530317, 0.0178312193602, 0.0241404101253, 0.012874647975, 0.0120554799214, 0.013523189351, 0.0236318856478, 0.0149248326197, 0.0130904503167, 0.0119046689942, 0.0104435160756, 0.00715286098421, 0.0102924406528, 0.00915517564863, 0.0096263596788, 0.00762179959565, 0.00651508430019, 0.00431992253289, 0.00362838362344, 0.00264172349125, 0.00215258984827, 0.0010279698763, 0.000423798686825, 1.70864695974e-05, 1.21544405829e-06, 3.59868835176e-07],
        "stdev": [0.0314257778227, 0.830493688583, 3.14948964119, 2.53701996803, 6.56210803986, 15.3045396805, 26.3898239136, 38.5465774536, 43.0323524475, 67.0700912476, 87.8746414185, 60.2552490234, 103.971008301, 96.2639846802, 84.25025177, 94.925201416, 85.1889648438, 115.544616699, 89.5459060669, 46.0638046265, 56.9723052979, 46.600528717, 20.8774662018, 14.2772750854, 9.03052806854, 3.77250385284, 1.26035022736, 0.673928022385, 0.390846937895, 0.211547404528, 0.148458585143, 0.0693434551358, 0.0158349443227, 0.00466448348016, 0.0020208354108, 0.00128283665981, 0.000458432419691, 4.14520072809e-05, 1.12994830488e-05, 2.12120612559e-05]
    },
    "gfcc": {
        "mean": [-32.9648780823, 144.433425903, -152.128387451, -2.30352282524, -42.6551971436, -1.78876841068, -37.810344696, 8.3411283493, -20.1945114136, 1.32211685181, -12.911942482, -0.931752026081, -12.2126598358],
        "cov": [[2296.25390625, 668.981628418, -524.559204102, 235.067169189, 319.260040283, -164.635452271, 262.8046875, -55.8057899475, 146.24987793, -47.2374534607, 216.759674072, -108.170196533, -64.7293319702], [668.981628418, 592.454162598, 298.093933105, 24.8864269257, 246.379959106, 30.7408008575, 87.1441116333, 81.5703887939, 87.596572876, 3.47931098938, 37.2149925232, -22.4789829254, 15.7193641663], [-524.559204102, 298.093933105, 812.13848877, 40.0790710449, 36.9909362793, 152.569213867, -20.2527008057, 99.8052062988, 11.4719905853, 31.4714584351, -64.808631897, 34.9321708679, 44.7345123291], [235.067169189, 24.8864269257, 40.0790710449, 275.766906738, 63.8151130676, 25.0289745331, 67.1346054077, -27.3726177216, 4.1281080246, 17.7792797089, 61.1393699646, -7.2689666748, -32.3441047668], [319.260040283, 246.379959106, 36.9909362793, 63.8151130676, 315.801208496, 97.3392181396, 58.701789856, 74.662437439, 68.9393005371, 36.0877571106, 43.4312324524, 8.16066169739, -2.21359992027], [-164.635452271, 30.7408008575, 152.569213867, 25.0289745331, 97.3392181396, 201.782669067, 87.5797424316, 47.5038032532, 6.65384340286, 32.3457298279, 18.2506141663, 19.0392818451, -5.87569713593], [262.8046875, 87.1441116333, -20.2527008057, 67.1346054077, 58.701789856, 87.5797424316, 171.430206299, 38.8710174561, -4.39192152023, 2.8714632988, 57.8551445007, -11.3400316238, -30.5484542847], [-55.8057899475, 81.5703887939, 99.8052062988, -27.3726177216, 74.662437439, 47.5038032532, 38.8710174561, 110.49105072, 38.9455299377, 1.4979571104, -6.61017990112, 10.5689353943, 1.4886341095], [146.24987793, 87.596572876, 11.4719905853, 4.1281080246, 68.9393005371, 6.65384340286, -4.39192152023, 38.9455299377, 108.740531921, 42.9135932922, -0.632799565792, -5.41596508026, 5.1328830719], [-47.2374534607, 3.47931098938, 31.4714584351, 17.7792797089, 36.0877571106, 32.3457298279, 2.8714632988, 1.4979571104, 42.9135932922, 84.9887313843, 23.7137107849, -5.28015422821, -3.35662436485], [216.759674072, 37.2149925232, -64.808631897, 61.1393699646, 43.4312324524, 18.2506141663, 57.8551445007, -6.61017990112, -0.632799565792, 23.7137107849, 97.1590194702, 9.72722244263, -21.7156162262], [-108.170196533, -22.4789829254, 34.9321708679, -7.2689666748, 8.16066169739, 19.0392818451, -11.3400316238, 10.5689353943, -5.41596508026, -5.28015422821, 9.72722244263, 63.7074546814, 33.5298538208], [-64.7293319702, 15.7193641663, 44.7345123291, -32.3441047668, -2.21359992027, -5.87569713593, -30.5484542847, 1.4886341095, 5.1328830719, -3.35662436485, -21.7156162262, 33.5298538208, 65.7473297119]],
        "icov": [[0.0123921660706, -0.0186484437436, 0.0120004368946, -0.0074386135675, 0.00250473828055, 0.00348939932883, -0.00814782548696, 0.0104294754565, -0.0126318745315, 0.0112284235656, -0.0078203221783, 0.00470367399976, -0.00221365364268], [-0.0186484437436, 0.0461311116815, -0.0312124453485, 0.0212200284004, -0.0206926241517, 0.010747118853, -0.00488461693749, -0.000793121231254, 0.0040692682378, -0.00194037193432, -0.000704584410414, 0.00454800622538, -0.00266971392557], [0.0120004368946, -0.0312124453485, 0.0233794003725, -0.0158317890018, 0.0154337640852, -0.0102046979591, 0.00623620767146, -0.00359888374805, -0.000288968149107, -0.000949139590375, 0.00251007103361, -0.0033194294665, 0.000664093939122], [-0.0074386135675, 0.0212200284004, -0.0158317890018, 0.0157991871238, -0.0124006699771, 0.00828468799591, -0.00743203982711, 0.0064659952186, -0.00203394563869, 0.00204490311444, -0.00374760152772, 0.00222612521611, 0.000760825816542], [0.00250473828055, -0.0206926241517, 0.0154337640852, -0.0124006699771, 0.0218433085829, -0.017134796828, 0.0160378143191, -0.0154933324084, 0.00943748559803, -0.0111685413867, 0.00759471347556, -0.00812650378793, 0.00316418195143], [0.00348939932883, 0.010747118853, -0.0102046979591, 0.00828468799591, -0.017134796828, 0.0262795109302, -0.0242883581668, 0.0180074069649, -0.0151233496144, 0.0118972808123, -0.00959622208029, 0.0056686969474, -0.00230888742954], [-0.00814782548696, -0.00488461693749, 0.00623620767146, -0.00743203982711, 0.0160378143191, -0.0242883581668, 0.0358629226685, -0.0280593186617, 0.0240752156824, -0.0184032991529, 0.00943812914193, -0.00702630309388, 0.00479621067643], [0.0104294754565, -0.000793121231254, -0.00359888374805, 0.0064659952186, -0.0154933324084, 0.0180074069649, -0.0280593186617, 0.0410544127226, -0.0299249682575, 0.0251125320792, -0.0137792844325, 0.00735527602956, -0.00147587084211], [-0.0126318745315, 0.0040692682378, -0.000288968149107, -0.00203394563869, 0.00943748559803, -0.0151233496144, 0.0240752156824, -0.0299249682575, 0.0417903885245, -0.0325812287629, 0.0204668156803, -0.0122776962817, 0.00471214437857], [0.0112284235656, -0.00194037193432, -0.000949139590375, 0.00204490311444, -0.0111685413867, 0.0118972808123, -0.0184032991529, 0.0251125320792, -0.0325812287629, 0.0426961742342, -0.0251477211714, 0.0185454022139, -0.00830233190209], [-0.0078203221783, -0.000704584410414, 0.00251007103361, -0.00374760152772, 0.00759471347556, -0.00959622208029, 0.00943812914193, -0.0137792844325, 0.0204668156803, -0.0251477211714, 0.0352861247957, -0.0220640040934, 0.0130382329226], [0.00470367399976, 0.00454800622538, -0.0033194294665, 0.00222612521611, -0.00812650378793, 0.0056686969474, -0.00702630309388, 0.00735527602956, -0.0122776962817, 0.0185454022139, -0.0220640040934, 0.0396205298603, -0.0218889247626], [-0.00221365364268, -0.00266971392557, 0.000664093939122, 0.000760825816542, 0.00316418195143, -0.00230888742954, 0.00479621067643, -0.00147587084211, 0.00471214437857, -0.00830233190209, 0.0130382329226, -0.0218889247626, 0.0304307565093]]
    },
    "melbands": {
        "max": [0.0041641057469, 0.014039631933, 0.00818412099034, 0.0184979885817, 0.00920609664172, 0.00664752628654, 0.00904472637922, 0.00655409507453, 0.00868763495237, 0.00561763253063, 0.00684585422277, 0.00485678901896, 0.0036028905306, 0.00397699000314, 0.00473396107554, 0.00241433433257, 0.00238440581597, 0.00319746299647, 0.00129332090728, 0.000677237170748, 0.000922106963117, 0.000809637364, 0.000465776975034, 0.000159721865202, 9.48555752984e-05, 6.71704328852e-05, 8.11521531432e-05, 1.59435094247e-05, 7.54698567107e-06, 9.03060663404e-06, 5.61055503567e-06, 2.72754959951e-06, 3.36992434313e-06, 1.33969399485e-06, 6.85348140905e-07, 1.08440701752e-06, 3.20368798157e-07, 1.06941648426e-07, 1.5364940964e-07, 2.43494184815e-08],
        "mean": [0.000465968303615, 0.0010194570059, 0.000400921242544, 0.000424267200287, 0.00052900519222, 0.000522960035596, 0.00048991641961, 0.000543603033293, 0.000459701986983, 0.000249874865403, 0.000260054890532, 0.000254452606896, 0.000178508504177, 0.000206363140023, 0.000119191754493, 0.000121967117593, 0.00012374369544, 9.68056192505e-05, 5.61982524232e-05, 3.69205918105e-05, 4.35646652477e-05, 2.9922954127e-05, 1.78167283593e-05, 1.2910042642e-05, 9.02917872736e-06, 6.23951564194e-06, 3.74673118131e-06, 1.47192236e-06, 6.58600072256e-07, 3.44622037574e-07, 2.10341255524e-07, 1.62960105854e-07, 1.18319000819e-07, 7.74979582729e-08, 6.63847004034e-08, 5.44780185407e-08, 2.50109355449e-08, 1.41439926438e-08, 1.17130509736e-08, 8.25202839394e-09],
        "min": [7.34109377731e-08, 1.56105656401e-07, 4.01138720463e-07, 1.19902938422e-06, 6.91882291903e-07, 1.09972518203e-06, 8.93405001534e-07, 3.44857141954e-07, 3.68329949652e-07, 4.43414705842e-07, 1.1795206234e-07, 5.25071399693e-08, 4.98095751311e-08, 4.48603962866e-08, 5.30314707703e-08, 3.52087354827e-08, 2.16814957099e-08, 1.99136547252e-08, 1.34489441805e-08, 1.95574578754e-08, 2.69068802794e-08, 1.31724942065e-08, 8.87993145682e-09, 1.1219775331e-08, 8.12721712151e-09, 7.6397714821e-09, 5.19212317585e-09, 4.16320711238e-09, 4.99121810549e-09, 4.4460986004e-09, 3.98179711425e-09, 4.25720392272e-09, 3.80685882817e-09, 2.63863664252e-09, 3.35019234576e-09, 1.54875701153e-09, 1.93254057201e-09, 2.09266581841e-09, 1.95569138661e-09, 1.55267099178e-09],
        "stdev": [0.000527976662852, 0.00135858799331, 0.00053709076019, 0.000676194671541, 0.000860590254888, 0.000810596335214, 0.000682974699885, 0.000747424084693, 0.000663966755383, 0.000398614880396, 0.000537069223356, 0.00041093150503, 0.000312510470394, 0.000411205051932, 0.000264361704467, 0.000199011017685, 0.000225105046411, 0.0001688257762, 8.15416642581e-05, 5.60056541872e-05, 7.10575550329e-05, 5.70613519812e-05, 2.76973369182e-05, 1.56293808686e-05, 1.21514140119e-05, 8.91987474461e-06, 5.55970473215e-06, 1.95013217308e-06, 8.79078527305e-07, 5.52004337351e-07, 3.39320820331e-07, 2.35486737665e-07, 1.8854760242e-07, 1.03770275928e-07, 8.45863965537e-08, 8.4980115389e-08, 2.94839548332e-08, 1.02235357957e-08, 1.10361177974e-08, 2.95679813966e-09]
    },
    "melbands128": {
        "max": [0.00010960263171, 0.00116520887241, 0.00484492490068, 0.0170730110258, 0.0210379716009, 0.00752653833479, 0.00581888621673, 0.0131411105394, 0.0113785844296, 0.0218855142593, 0.0311338398606, 0.0166920069605, 0.0144838448614, 0.0150881102309, 0.00907920859754, 0.0135244559497, 0.0203019380569, 0.0166861545295, 0.0151967192069, 0.0128893442452, 0.0124180093408, 0.017653523013, 0.0122986482456, 0.0162578281015, 0.0059508215636, 0.0089905243367, 0.0114279109985, 0.0103031462058, 0.0198756866157, 0.00697621097788, 0.00829696841538, 0.00810610409826, 0.00709922937676, 0.00230100518093, 0.00818107463419, 0.00464110821486, 0.0018020614516, 0.00980535522103, 0.00270584737882, 0.00462825736031, 0.00346283987164, 0.00631456589326, 0.00536728417501, 0.00506491214037, 0.0042333882302, 0.00702014565468, 0.001980363857, 0.00197409512475, 0.00182661460713, 0.00134588778019, 0.0012237301562, 0.0010553834727, 0.00212276913226, 0.0015763802221, 0.00107192725409, 0.00145767629147, 0.00106687250081, 0.000779548019636, 0.00057474989444, 0.000300828076433, 0.000214421772398, 0.0002371025912, 0.00016354645777, 0.000134137255372, 0.000249529577559, 7.9489662312e-05, 6.59902507323e-05, 0.000189879036043, 7.09414816811e-05, 4.93716433994e-05, 2.75091897493e-05, 1.17893414426e-05, 8.24039125291e-06, 1.20061258713e-05, 1.29630752781e-05, 1.17883837447e-05, 8.1798834799e-06, 7.17205239198e-06, 8.65190122568e-06, 3.15737929668e-06, 3.36409311785e-06, 2.77656067738e-06, 3.18042157232e-06, 6.87728697812e-06, 1.86580086847e-06, 2.05111223295e-06, 2.54148312706e-06, 1.15592990824e-06, 8.31337729323e-07, 1.5853891e-06, 1.62823948813e-06, 1.10023108846e-06, 7.15537794349e-07, 4.73599953921e-07, 2.14967073475e-07, 1.89019175423e-07, 1.44232274124e-07, 3.80123935884e-07, 2.88074176069e-07, 1.59268225275e-07, 4.25045989516e-08, 3.71241348773e-08, 4.56566908724e-08, 4.04235578344e-08, 4.7191161201e-08, 3.55933735818e-08, 4.15787120289e-08, 4.06689792953e-08, 7.82817650702e-08, 4.90167444411e-08, 2.7636955835e-08, 3.51247138042e-08, 3.08565297757e-08, 1.90127824595e-08, 1.21990009205e-08, 6.68638788781e-09, 6.17555828697e-09, 5.99746963204e-09, 5.85644643891e-09, 5.7003552989e-09, 5.55359580545e-09, 5.40868816401e-09, 5.31424459993e-09, 5.22593479602e-09, 5.17315967841e-09, 5.0720867506e-09, 5.02768493504e-09, 5.01208630155e-09],
        "mean": [4.99743873661e-06, 5.78901162953e-05, 0.000549638876691, 0.00143463851418, 0.00130684801843, 0.00054770935094, 0.000329639675329, 0.00041452399455, 0.00042719382327, 0.000381093064789, 0.000440003816038, 0.000556376820896, 0.0005871464964, 0.000439917115727, 0.000537109968718, 0.00059959536884, 0.000424175319495, 0.000477889116155, 0.000544715905562, 0.000496076070704, 0.000543182017282, 0.000715486414265, 0.000412561930716, 0.000284685636871, 0.000196258552023, 0.000232900303672, 0.000365531508578, 0.000191791987163, 0.000272958917776, 0.000254747545114, 0.000259954103967, 0.000225478113862, 0.000188499776414, 7.79255715315e-05, 0.00029530323809, 0.000217727589188, 0.000112522480777, 0.000150303152623, 7.99905901658e-05, 0.000109588705527, 0.00010653775098, 0.000188476638868, 0.000131023218273, 7.82510760473e-05, 0.000122657424072, 9.60978941293e-05, 8.13639271655e-05, 4.98275840073e-05, 5.05920907017e-05, 4.93903862662e-05, 2.63162728515e-05, 2.98911545542e-05, 6.37387347524e-05, 3.82421458198e-05, 2.64123536908e-05, 3.91706380469e-05, 2.1051540898e-05, 1.76070498128e-05, 1.76385819941e-05, 1.59379214892e-05, 1.20137174235e-05, 1.18979378385e-05, 8.83990651346e-06, 7.13808822184e-06, 1.17749605124e-05, 4.7474695748e-06, 4.40256508227e-06, 5.14069552082e-06, 3.12278007186e-06, 2.7609485187e-06, 1.50973107793e-06, 8.75916327914e-07, 6.19909258148e-07, 8.10744722912e-07, 4.07145051895e-07, 3.27286954871e-07, 3.35758386427e-07, 2.81175914552e-07, 1.77586684913e-07, 1.5363761463e-07, 1.74869967395e-07, 1.55739328989e-07, 1.57782551469e-07, 1.17953518952e-07, 8.66662475119e-08, 7.11584817736e-08, 8.66386216103e-08, 6.59920900148e-08, 5.80015537821e-08, 7.22236492834e-08, 6.98515663089e-08, 4.57072708571e-08, 3.61000935811e-08, 2.49047307221e-08, 1.88540667523e-08, 1.49166918817e-08, 1.27359696123e-08, 1.30321158309e-08, 1.29162600615e-08, 1.04725010885e-08, 8.96826080066e-09, 7.2648651539e-09, 8.23212076284e-09, 8.77419381595e-09, 8.17021561517e-09, 8.43609271328e-09, 8.47149372873e-09, 8.58281445915e-09, 7.47880068985e-09, 8.21464851697e-09, 7.68352759195e-09, 7.16645454091e-09, 6.57949872362e-09, 5.59057244942e-09, 2.20407492257e-09, 3.48218315294e-10, 1.33709154859e-11, 1.21518854007e-11, 1.1931558172e-11, 1.17598630486e-11, 1.15311545035e-11, 1.13674703331e-11, 1.11324309146e-11, 1.08786781666e-11, 1.08581069483e-11, 1.0801881091e-11, 1.07427816642e-11, 1.06088575424e-11],
        "min": [1.03881958591e-09, 1.08272848465e-08, 2.02749728118e-08, 4.87749147737e-08, 4.10569569453e-08, 2.55555043793e-09, 1.00427534733e-07, 1.82385804237e-07, 1.68261891531e-07, 4.29922124567e-07, 1.50689047018e-07, 1.02690037806e-07, 1.7969901478e-07, 2.61316699834e-07, 2.90815705739e-07, 3.53915027063e-07, 6.42909185444e-07, 3.19663683968e-07, 5.65690996268e-08, 1.70366504904e-07, 3.53773600636e-07, 4.88322598358e-07, 1.41210406923e-07, 4.50259705076e-08, 3.24860565115e-07, 1.79102329412e-07, 1.87176624422e-07, 9.2917801453e-08, 2.38778401496e-08, 2.66043542752e-08, 1.07045954323e-08, 3.54145299752e-08, 7.44414796472e-09, 7.3167312209e-09, 3.223293632e-08, 1.53717287787e-08, 1.60097499702e-08, 3.0899421688e-08, 2.94316855332e-08, 9.43989153512e-09, 1.34401414442e-08, 1.20150991378e-08, 3.13023806875e-09, 1.76584453726e-08, 9.78705028132e-09, 1.07556763496e-08, 7.1292820536e-09, 9.77377645484e-09, 7.79734143919e-09, 1.50754981831e-08, 2.12312389891e-09, 4.25712887164e-09, 1.02199306795e-08, 2.30843717475e-08, 6.909314898e-09, 2.68679167803e-09, 4.93525220691e-09, 2.99409746995e-10, 5.15931297684e-09, 1.22485888099e-09, 6.33340890843e-09, 5.61530777432e-09, 2.57995003139e-09, 1.7556571752e-09, 5.52606538307e-09, 4.27047641693e-09, 1.87630311288e-09, 2.01626160212e-09, 1.65758295978e-09, 1.86805437785e-09, 1.17802201327e-09, 1.43317774315e-10, 7.49915851639e-10, 7.49398820776e-10, 1.80299219998e-10, 1.69687694451e-10, 2.31075505952e-10, 1.65270894192e-10, 1.61220811007e-11, 2.10841760717e-10, 4.1978875237e-11, 6.36953892408e-11, 1.58049212606e-10, 6.74791958422e-11, 8.02883367429e-12, 1.54581458744e-10, 1.60598423449e-10, 3.9761884757e-11, 3.26460802835e-11, 1.30536664811e-10, 2.8811090666e-11, 5.15116664601e-11, 7.53680312604e-11, 8.35460433474e-12, 8.96707881559e-12, 6.0249603917e-11, 8.85867507822e-12, 4.72661562667e-11, 5.44210405906e-11, 3.36086020125e-11, 1.83528942044e-10, 6.49145971351e-12, 1.60056551346e-11, 7.03806110613e-11, 2.81465233065e-11, 1.74035577616e-11, 6.29777133221e-12, 3.60117456688e-11, 2.00740483264e-11, 2.2374163286e-11, 2.98748664695e-11, 5.45247007266e-12, 3.41138839399e-10, 2.64075827178e-11, 2.38561202043e-11, 1.43114328981e-12, 9.99432849848e-13, 1.14294164411e-12, 1.00204230764e-12, 1.06292221119e-12, 1.05732176486e-12, 9.85292251433e-13, 9.99547558438e-13, 1.11106306447e-12, 1.13523621927e-12, 1.15146921945e-12, 1.14927414373e-12, 1.08145090105e-12],
        "stdev": [9.13783424039e-06, 0.000106324085209, 0.000737419177312, 0.00179113238119, 0.00206209439784, 0.000843189598527, 0.000529074517544, 0.000754224194679, 0.000781657930929, 0.000798072840553, 0.00105898850597, 0.0011827145936, 0.00118085334543, 0.000953246490099, 0.00106801930815, 0.00119873974472, 0.000849461997859, 0.000949652283452, 0.00105978385545, 0.00103628635406, 0.00106347270776, 0.00134215410799, 0.000847285322379, 0.000702414952684, 0.000440300558694, 0.000477798923384, 0.000826672825497, 0.000590381328948, 0.000948725792114, 0.000532727688551, 0.000544542737771, 0.00050895800814, 0.000528397795279, 0.000185465905815, 0.000780527596362, 0.000448903418146, 0.000210055382922, 0.000511043996084, 0.000195227563381, 0.000318691832945, 0.000221570458962, 0.000442507764092, 0.000358150311513, 0.000297632010188, 0.000262935529463, 0.000263503054157, 0.000190463586478, 0.000111179695523, 9.83044010354e-05, 9.13882104214e-05, 6.59421566525e-05, 7.63297502999e-05, 0.00012428064656, 9.10949383979e-05, 6.46927583148e-05, 9.21132304939e-05, 5.29985263711e-05, 4.54029104731e-05, 2.87341172225e-05, 2.9570532206e-05, 2.09212030313e-05, 1.76076264324e-05, 1.48425315274e-05, 1.30382641146e-05, 2.44745060627e-05, 8.02683643997e-06, 6.752682566e-06, 1.02554868135e-05, 5.55443011763e-06, 4.92527033202e-06, 2.47843399848e-06, 1.36318908517e-06, 9.87356429505e-07, 1.26654299493e-06, 7.2937814366e-07, 6.51815639685e-07, 6.59962950067e-07, 5.4757106227e-07, 3.98902386678e-07, 2.69169191824e-07, 3.06540471229e-07, 2.55562440543e-07, 2.57101106627e-07, 2.77254230241e-07, 1.66680749203e-07, 1.12680396569e-07, 1.55586107553e-07, 1.03527590056e-07, 8.25595520837e-08, 1.30637928919e-07, 1.23040351241e-07, 7.54855875584e-08, 5.7377214091e-08, 3.76402979896e-08, 2.18278017883e-08, 1.51314232255e-08, 1.23117169792e-08, 1.69704801323e-08, 1.85685369303e-08, 9.95409266125e-09, 5.54163426258e-09, 5.15494136266e-09, 5.42543787674e-09, 5.13689402126e-09, 5.24678522851e-09, 4.97348828787e-09, 5.15415043978e-09, 4.82088458043e-09, 5.05264363682e-09, 4.92409979458e-09, 4.30769642179e-09, 4.31996438621e-09, 3.40678796285e-09, 3.00872282644e-09, 1.63620161864e-09, 4.06834704814e-10, 1.90344406903e-10, 1.84862389285e-10, 1.80540526973e-10, 1.75740547115e-10, 1.71228309309e-10, 1.66735028562e-10, 1.63824898092e-10, 1.61077748362e-10, 1.59433716229e-10, 1.56352542025e-10, 1.5498687056e-10, 1.54500051641e-10]
    },
    "mfcc": {
        "mean": [-672.461181641, 186.563903809, -45.9708061218, 8.53534412384, 1.17563891411, -5.87941360474, -6.26988124847, 2.03281569481, -5.72009515762, 3.56231856346, -0.163902401924, -1.2871080637, 0.553509473801],
        "cov": [[2744.25585938, 304.920257568, -768.723205566, 389.874755859, -88.0311279297, 55.4663848877, 71.0908508301, 87.1252746582, -171.587173462, 138.57901001, 140.623062134, 75.878692627, 9.97190189362], [304.920257568, 678.320373535, 167.168762207, 19.7812366486, 219.417694092, -1.69372868538, 55.5654296875, 69.1065826416, 141.603729248, 18.768699646, 74.7578430176, 35.2857055664, 50.1012382507], [-768.723205566, 167.168762207, 693.183227539, 17.1697349548, 66.4539718628, 43.7841072083, 37.0196456909, 15.722120285, 82.3728179932, -9.44442653656, -25.0517024994, -15.7633094788, 14.6768684387], [389.874755859, 19.7812366486, 17.1697349548, 244.375274658, 39.1258468628, 40.3599700928, 34.7362136841, 15.2561264038, -41.0484924316, 32.8813323975, 27.5578765869, 14.5389127731, 18.1494922638], [-88.0311279297, 219.417694092, 66.4539718628, 39.1258468628, 254.848449707, 51.5914497375, 12.1705732346, 32.0232658386, 88.9975891113, 5.80680465698, 45.069644928, 40.8034934998, 38.8005027771], [55.4663848877, -1.69372868538, 43.7841072083, 40.3599700928, 51.5914497375, 156.269744873, 82.6046066284, 18.0429439545, 8.96424198151, 28.362657547, 43.2813796997, 34.7748069763, 17.6251869202], [71.0908508301, 55.5654296875, 37.0196456909, 34.7362136841, 12.1705732346, 82.6046066284, 197.936325073, 91.3244247437, -22.9762916565, 37.0075683594, 41.8468933105, 26.8107662201, 20.477722168], [87.1252746582, 69.1065826416, 15.722120285, 15.2561264038, 32.0232658386, 18.0429439545, 91.3244247437, 126.273200989, 27.8863430023, 8.26272583008, 23.2278022766, 23.4828281403, 16.2686576843], [-171.587173462, 141.603729248, 82.3728179932, -41.0484924316, 88.9975891113, 8.96424198151, -22.9762916565, 27.8863430023, 146.123733521, 3.95071053505, 13.1595344543, 14.7031812668, 18.712474823], [138.57901001, 18.768699646, -9.44442653656, 32.8813323975, 5.80680465698, 28.362657547, 37.0075683594, 8.26272583008, 3.95071053505, 95.9417724609, 46.2549514771, 9.89260673523, 4.17486858368], [140.623062134, 74.7578430176, -25.0517024994, 27.5578765869, 45.069644928, 43.2813796997, 41.8468933105, 23.2278022766, 13.1595344543, 46.2549514771, 99.2751312256, 46.2727012634, 12.4880914688], [75.878692627, 35.2857055664, -15.7633094788, 14.5389127731, 40.8034934998, 34.7748069763, 26.8107662201, 23.4828281403, 14.7031812668, 9.89260673523, 46.2727012634, 79.4529037476, 32.2059440613], [9.97190189362, 50.1012382507, 14.6768684387, 18.1494922638, 38.8005027771, 17.6251869202, 20.477722168, 16.2686576843, 18.712474823, 4.17486858368, 12.4880914688, 32.2059440613, 74.9951477051]],
        "icov": [[0.00325850141235, -0.0046017980203, 0.00406576367095, -0.00465185614303, 0.00454915501177, -0.00431479839608, 0.00430426886305, -0.00404077861458, 0.0035975696519, -0.00297686690465, 0.00176585931331, -0.0018938195426, 0.00112011411693], [-0.0046017980203, 0.00929792970419, -0.00611777743325, 0.00635644281283, -0.00815992895514, 0.00806713569909, -0.00763210188597, 0.0061838356778, -0.00688182841986, 0.00474487151951, -0.00447315815836, 0.00345958746038, -0.00216023111716], [0.00406576367095, -0.00611777743325, 0.00683346623555, -0.00612158328295, 0.00579706951976, -0.00591835519299, 0.00476723723114, -0.0045698909089, 0.00340692466125, -0.00349022215232, 0.00319237168878, -0.00196967623197, 0.00143034826033], [-0.00465185614303, 0.00635644281283, -0.00612158328295, 0.0119276950136, -0.00765278469771, 0.00502832932398, -0.0049621402286, 0.00439091213048, -0.00187501637265, 0.00246999249794, -0.00267350231297, 0.00299863889813, -0.00264871469699], [0.00454915501177, -0.00815992895514, 0.00579706951976, -0.00765278469771, 0.0136454328895, -0.00837493874133, 0.00731559563428, -0.006131100934, 0.00256292708218, -0.00302542024292, 0.00172405177727, -0.00349189434201, 0.000546302471776], [-0.00431479839608, 0.00806713569909, -0.00591835519299, 0.00502832932398, -0.00837493874133, 0.0175298321992, -0.0122355278581, 0.0094630876556, -0.00742175243795, 0.00420814426616, -0.0048328419216, 0.000549198070075, -0.00118647352792], [0.00430426886305, -0.00763210188597, 0.00476723723114, -0.0049621402286, 0.00731559563428, -0.0122355278581, 0.0195586010814, -0.0150217739865, 0.0107911527157, -0.00692393630743, 0.00215006107464, -0.00177594099659, -9.9414079159e-05], [-0.00404077861458, 0.0061838356778, -0.0045698909089, 0.00439091213048, -0.006131100934, 0.0094630876556, -0.0150217739865, 0.0207697395235, -0.00995433423668, 0.00595246488228, -0.00267550372519, 0.000303003122099, -0.000750112056267], [0.0035975696519, -0.00688182841986, 0.00340692466125, -0.00187501637265, 0.00256292708218, -0.00742175243795, 0.0107911527157, -0.00995433423668, 0.0179312340915, -0.00599594740197, 0.00282293814234, -0.00231057149358, -8.09515986475e-05], [-0.00297686690465, 0.00474487151951, -0.00349022215232, 0.00246999249794, -0.00302542024292, 0.00420814426616, -0.00692393630743, 0.00595246488228, -0.00599594740197, 0.0181536637247, -0.00964639149606, 0.00497988238931, -0.0015598757891], [0.00176585931331, -0.00447315815836, 0.00319237168878, -0.00267350231297, 0.00172405177727, -0.0048328419216, 0.00215006107464, -0.00267550372519, 0.00282293814234, -0.00964639149606, 0.022398384288, -0.0112476684153, 0.00394601002336], [-0.0018938195426, 0.00345958746038, -0.00196967623197, 0.00299863889813, -0.00349189434201, 0.000549198070075, -0.00177594099659, 0.000303003122099, -0.00231057149358, 0.00497988238931, -0.0112476684153, 0.0237087924033, -0.00831214245409], [0.00112011411693, -0.00216023111716, 0.00143034826033, -0.00264871469699, 0.000546302471776, -0.00118647352792, -9.9414079159e-05, -0.000750112056267, -8.09515986475e-05, -0.0015598757891, 0.00394601002336, -0.00831214245409, 0.0181950945407]]
    },
    "spectral_contrast_coeffs": {
        "max": [-0.407301306725, -0.510801553726, -0.508412957191, -0.592085003853, -0.545853614807, -0.576077699661],
        "mean": [-0.693161308765, -0.74585801363, -0.724081397057, -0.75173252821, -0.720094799995, -0.699922382832],
        "min": [-0.848016858101, -0.919755220413, -0.918999314308, -0.906123042107, -0.897532701492, -0.944159388542],
        "stdev": [0.0722292289138, 0.0680118724704, 0.0625995993614, 0.0563933998346, 0.0620964802802, 0.0438354723155]
    },
    "spectral_contrast_valleys": {
        "max": [-5.31887578964, -4.6126871109, -4.88563203812, -5.65391969681, -6.59001684189, -9.39319801331],
        "mean": [-6.98775672913, -6.23456335068, -7.0026049614, -7.3609623909, -8.41297149658, -12.8222303391],
        "min": [-10.090212822, -8.6980266571, -10.0344753265, -10.4352827072, -10.9204683304, -13.6212873459],
        "stdev": [0.862049996853, 0.593918681145, 0.614855885506, 0.657165944576, 0.714087963104, 0.351655423641]
    }
},
"rhythm": {
    "beats_count": 89,
    "beats_loudness": {
        "max": 0.114686138928,
        "mean": 0.0306937750429,
        "min": 0.000504730560351,
        "stdev": 0.0189102161676
    },
    "bpm": 113.419830322,
    "bpm_histogram_first_peak_bpm": 115,
    "bpm_histogram_first_peak_weight": 0.553571462631,
    "bpm_histogram_second_peak_bpm": 110,
    "bpm_histogram_second_peak_spread": 0.266666650772,
    "bpm_histogram_second_peak_weight": 0.125,
    "danceability": 0.916326284409,
    "onset_rate": 1.7841796875,
    "beats_loudness_band_ratio": {
        "max": [0.744688808918, 0.60039794445, 0.748051285744, 0.660840451717, 0.461690992117, 0.078403994441],
        "mean": [0.199845343828, 0.182816073298, 0.295770198107, 0.23658144474, 0.113163501024, 0.0110580790788],
        "min": [0.00151403713971, 0.0131842456758, 0.0207920949906, 0.0182131454349, 0.00348674203269, 0.0007552409661],
        "stdev": [0.157111227512, 0.144702017307, 0.15164719522, 0.156439289451, 0.0853862836957, 0.0136374719441]
    },
