{
"metadata": {
    "version": {
        "essentia": "2.1-beta5",
        "essentia_git_sha": "Undefined",
        "extractor": "music 2.0"
    },
    "audio_properties": {
        "analysis": {
            "equal_loudness": 0,
            "length": 12.7477550507,
            "sample_rate": 44100,
            "start_time": 0,
            "downmix": "mix"
        },
        "bit_rate": 192000,
        "length": 171.316818237,
        "lossless": 0,
        "number_channels": 2,
        "replay_gain": -5.80128479004,
        "sample_rate": 44100,
        "codec": "mp3",
        "md5_encoded": "7bc080ba4d340f3ee1a412baaa890128"
    },
    "tags": {
        "file_name": "France_Comé-comédie_Betty Mars.mp3",
        "encoding": ["Lavf58.29.100"]
    }
},
"lowlevel": {
    "average_loudness": 0.885582566261,
    "barkbands_crest": {
        "max": 22.725446701,
        "mean": 7.32912635803,
        "min": 1.98037242889,
        "stdev": 3.4428563118
    },
    "barkbands_flatness_db": {
        "max": 0.267134636641,
        "mean": 0.137875035405,
        "min": 0.0175444558263,
        "stdev": 0.0573800951242
    },
    "barkbands_kurtosis": {
        "max": 20.2349948883,
        "mean": 0.164479747415,
        "min": -1.79022908211,
        "stdev": 2.04771709442
    },
    "barkbands_skewness": {
        "max": 4.11836051941,
        "mean": 0.395058125257,
        "min": -2.00009965897,
        "stdev": 0.635604858398
    },
    "barkbands_spread": {
        "max": 73.719581604,
        "mean": 24.8073387146,
        "min": 2.83623576164,
        "stdev": 16.2621059418
    },
    "dissonance": {
        "max": 0.499965071678,
        "mean": 0.463106244802,
        "min": 0.287641227245,
        "stdev": 0.0349408425391
    },
    "dynamic_complexity": 8.02194309235,
    "erbbands_crest": {
        "max": 25.5544471741,
        "mean": 9.1116733551,
        "min": 2.9301533699,
        "stdev": 4.00189828873
    },
    "erbbands_flatness_db": {
        "max": 0.321606785059,
        "mean": 0.201480269432,
        "min": 0.06376632303,
        "stdev": 0.0555591993034
    },
    "erbbands_kurtosis": {
        "max": 10.8209486008,
        "mean": 0.51355022192,
        "min": -1.66714704037,
        "stdev": 1.3851300478
    },
    "erbbands_skewness": {
        "max": 2.35914111137,
        "mean": -0.109372124076,
        "min": -1.99904644489,
        "stdev": 0.656042873859
    },
    "erbbands_spread": {
        "max": 55.8248977661,
        "mean": 24.9170150757,
        "min": 5.77231836319,
        "stdev": 11.5689353943
    },
    "hfc": {
        "max": 119.585861206,
        "mean": 15.9870452881,
        "min": 1.15164836205e-16,
        "stdev": 17.0703315735
    },
    "loudness_ebu128": {
        "integrated": -18.1393375397,
        "loudness_range": 17.2590656281,
        "momentary": {
            "max": -15.0932121277,
            "mean": -25.0117931366,
            "min": -47.421836853,
            "stdev": 10.5321044922
        },
        "short_term": {
            "max": -16.8981342316,
            "mean": -21.8906593323,
            "min": -39.2666931152,
            "stdev": 6.77213144302
        }
    },
    "melbands_crest": {
        "max": 28.5300559998,
        "mean": 10.1219844818,
        "min": 1.72920382023,
        "stdev": 4.70659828186
    },
    "melbands_flatness_db": {
        "max": 0.360165417194,
        "mean": 0.184408247471,
        "min": 0.00722140166909,
        "stdev": 0.0638099983335
    },
    "melbands_kurtosis": {
        "max": 42.0694351196,
        "mean": 1.80752313137,
        "min": -1.53522598743,
        "stdev": 3.26099586487
    },
    "melbands_skewness": {
        "max": 5.56261396408,
        "mean": 1.06926059723,
        "min": -0.889600753784,
        "stdev": 0.850494801998
    },
    "melbands_spread": {
        "max": 128.315185547,
        "mean": 33.7167549133,
        "min": 3.92187714577,
        "stdev": 16.4393501282
    },
    "pitch_salience": {
        "max": 0.94979006052,
        "mean": 0.603653728962,
        "min": 0.260522842407,
        "stdev": 0.132393628359
    },
    "silence_rate_20dB": {
        "max": 1,
        "mean": 1,
        "min": 1,
        "stdev": 0
    },
    "silence_rate_30dB": {
        "max": 1,
        "mean": 1,
        "min": 1,
        "stdev": 0
    },
    "silence_rate_60dB": {
        "max": 1,
        "mean": 0.332727283239,
        "min": 0,
        "stdev": 0.471191436052
    },
    "spectral_centroid": {
        "max": 11139.0585938,
        "mean": 1624.15014648,
        "min": 372.410339355,
        "stdev": 700.704345703
    },
    "spectral_complexity": {
        "max": 36,
        "mean": 13.3509092331,
        "min": 0,
        "stdev": 9.37146282196
    },
    "spectral_decrease": {
        "max": 3.76703200345e-29,
        "mean": -4.07176514727e-09,
        "min": -2.56915004826e-08,
        "stdev": 3.84564202704e-09
    },
    "spectral_energy": {
        "max": 0.107812382281,
        "mean": 0.01681785658,
        "min": 1.03036113182e-20,
        "stdev": 0.0159136652946
    },
    "spectral_energyband_high": {
        "max": 0.00100422289688,
        "mean": 0.000126203565742,
        "min": 8.04839061975e-21,
        "stdev": 0.000183640033356
    },
    "spectral_energyband_low": {
        "max": 0.0111286854371,
        "mean": 0.00173597282264,
        "min": 1.8055418422e-23,
        "stdev": 0.00225148326717
    },
    "spectral_energyband_middle_high": {
        "max": 0.0681846812367,
        "mean": 0.00714311143383,
        "min": 1.27577261409e-21,
        "stdev": 0.00920162815601
    },
    "spectral_energyband_middle_low": {
        "max": 0.0353718921542,
        "mean": 0.00824656710029,
        "min": 2.32528048302e-22,
        "stdev": 0.00780437607318
    },
    "spectral_entropy": {
        "max": 9.80376815796,
        "mean": 7.35177898407,
        "min": 6.17146921158,
        "stdev": 0.56501865387
    },
    "spectral_flux": {
        "max": 0.236470684409,
        "mean": 0.0601418316364,
        "min": 1.01506705819e-10,
        "stdev": 0.0444342643023
    },
    "spectral_kurtosis": {
        "max": 29.6342926025,
        "mean": 8.6559715271,
        "min": -1.19751930237,
        "stdev": 5.11930131912
    },
    "spectral_rms": {
        "max": 0.0102558676153,
        "mean": 0.00336498278193,
        "min": 3.17053674981e-12,
        "stdev": 0.00225489586592
    },
    "spectral_rolloff": {
        "max": 18604.6875,
        "mean": 2236.43969727,
        "min": 236.865234375,
        "stdev": 1546.48864746
    },
    "spectral_skewness": {
        "max": 4.290807724,
        "mean": 1.87680864334,
        "min": -0.001384266885,
        "stdev": 0.73548334837
    },
    "spectral_spread": {
        "max": 40416188,
        "mean": 3403311.5,
        "min": 1859566.625,
        "stdev": 2326373.5
    },
    "spectral_strongpeak": {
        "max": 12.0185861588,
        "mean": 1.09314751625,
        "min": 0,
        "stdev": 1.6029073
    },
    "zerocrossingrate": {
        "max": 0.49609375,
        "mean": 0.0770134925842,
        "min": 0.017578125,
        "stdev": 0.0482970736921
    },
    "barkbands": {
        "max": [2.0130937628e-05, 0.00904269330204, 0.00590557977557, 0.0146088963374, 0.0188601389527, 0.013984804973, 0.0115226013586, 0.0283654984087, 0.0297066085041, 0.0510123372078, 0.0157969351858, 0.0100005725399, 0.0615734867752, 0.0021319501102, 0.00662124855444, 0.0161013398319, 0.0120026897639, 0.00513492245227, 0.00404075812548, 0.0013654907234, 0.000187358426047, 9.53484486672e-05, 2.72801062238e-05, 1.8622380594e-05, 1.84032990092e-06, 1.55752582032e-06, 6.52332175832e-07],
        "mean": [1.94384938368e-06, 0.000910748436581, 0.000484005606268, 0.00142924953252, 0.00226508709602, 0.00123403046746, 0.000604808563367, 0.00121262611356, 0.00135154020973, 0.00162652530707, 0.000750168284867, 0.000575382553507, 0.00118080421817, 0.000128443964059, 0.000457213580376, 0.000466361641884, 0.00103373685852, 0.000499335175846, 0.000379032484489, 0.000198365698452, 1.43574752656e-05, 7.05136335455e-06, 3.14703652293e-06, 1.60741274158e-06, 1.19466619708e-06, 1.08461426862e-06, 1.41820217792e-08],
        "min": [2.59663822145e-24, 1.09655736348e-23, 1.76416888818e-24, 1.59712305555e-23, 5.071806063e-23, 5.92153957774e-23, 3.09660785022e-23, 2.82943454557e-23, 4.41510933612e-23, 1.92828733687e-23, 6.36751861952e-23, 6.2623552567e-23, 6.26813981595e-23, 1.4176614279e-22, 1.36987867137e-22, 1.52613434621e-22, 1.84991517345e-22, 1.33186680912e-22, 1.70409354093e-22, 3.26838073461e-22, 4.55754353681e-22, 5.54649995727e-22, 4.57058889804e-22, 9.97012040836e-22, 1.28470721483e-21, 1.88583487561e-21, 2.41044408881e-21],
        "stdev": [2.81673533209e-06, 0.00149934634101, 0.000800356909167, 0.00199744664133, 0.00327112548985, 0.0019067885587, 0.00119777373038, 0.00292732636444, 0.00301165529527, 0.00473496690392, 0.00158049201127, 0.00113850296475, 0.00453785946593, 0.000241944377194, 0.000805157062132, 0.00113058218267, 0.00168453936931, 0.000976598937996, 0.000638464873191, 0.000313360942528, 2.14483516174e-05, 9.19024660107e-06, 3.40408564625e-06, 1.4070197949e-06, 2.03101549801e-07, 1.74980073098e-07, 2.80903744709e-08]
    },
    "erbbands": {
        "max": [0.157881319523, 2.45576548576, 6.07304286957, 24.1292934418, 63.2026634216, 77.2742462158, 137.894302368, 152.635055542, 113.369270325, 452.787536621, 482.661590576, 868.141418457, 968.31048584, 1292.22583008, 527.920532227, 501.364837646, 3284.9074707, 642.458374023, 403.755737305, 421.106994629, 570.264160156, 546.872619629, 372.45010376, 311.619781494, 99.9333190918, 65.9497680664, 22.9856643677, 7.09123468399, 3.80480718613, 2.09133601189, 0.881364881992, 0.518555521965, 0.201632142067, 0.0240953527391, 0.0150483269244, 0.00856715068221, 0.00320677249692, 0.00047581049148, 9.64490900515e-05, 0.00013089494314],
        "mean": [0.0101919658482, 0.252032011747, 0.638218104839, 2.2488462925, 5.85562181473, 7.43956422806, 12.3562431335, 10.3800754547, 8.10593223572, 18.0437850952, 22.2743377686, 36.8643341064, 30.0116443634, 51.5127067566, 38.8755874634, 23.603931427, 52.4950332642, 19.2900829315, 25.7780990601, 17.4829730988, 22.9570331573, 50.7659492493, 41.108089447, 28.7770462036, 11.0976467133, 9.66567134857, 2.14131259918, 0.438157081604, 0.220728188753, 0.159734725952, 0.0972435548902, 0.0461208857596, 0.0212737806141, 0.0128451883793, 0.00892588403076, 0.00537260388955, 0.001992209116, 0.000173337524757, 1.30860053105e-05, 2.04767147807e-05],
        "min": [6.97290890598e-22, 9.53230740223e-22, 2.03993341346e-21, 2.36495412305e-20, 1.44329549356e-19, 1.38620361693e-19, 2.95790248623e-19, 4.73715428365e-19, 3.25021829193e-19, 6.38968950755e-19, 6.68128721709e-19, 1.0767818454e-18, 5.84420835453e-19, 1.34916063379e-18, 2.71661457363e-18, 2.75102942301e-18, 2.42301177829e-18, 5.60952491044e-18, 7.31278946695e-18, 8.55264965992e-18, 1.03872758744e-17, 9.2515544118e-18, 6.8224334911e-18, 6.91487133815e-18, 1.04656785344e-17, 1.44916236511e-17, 1.74771037703e-17, 2.16444082635e-17, 2.25198333581e-17, 1.12569743976e-17, 1.23375402841e-17, 2.25021531997e-17, 1.5999982535e-17, 1.34681853393e-17, 9.65186516053e-18, 7.69000698733e-18, 3.25217927867e-18, 1.35836963555e-18, 3.27034463021e-19, 3.47990166187e-20],
        "stdev": [0.0158176440746, 0.417064130306, 0.945490121841, 3.03388524055, 8.05558776855, 13.0234107971, 19.7920207977, 17.2981948853, 13.0386171341, 41.7583808899, 46.8392486572, 80.6405639648, 89.1263122559, 118.081886292, 65.6162719727, 50.1260795593, 207.742553711, 56.9626693726, 43.4999847412, 35.6622619629, 48.9911804199, 80.9742202759, 67.5629119873, 48.6509437561, 17.3678131104, 15.3643980026, 3.14141130447, 0.607373356819, 0.312463372946, 0.224753752351, 0.105167642236, 0.0464929714799, 0.01427223254, 0.0029256248381, 0.00164363952354, 0.00100164487958, 0.000364365027053, 3.59875775757e-05, 9.79187188932e-06, 1.92388433788e-05]
    },
    "gfcc": {
        "mean": [-88.0453491211, 106.098716736, -147.037094116, 11.1314725876, -44.1909942627, -0.0506885908544, -37.7420005798, 14.1973619461, -28.6384277344, -1.27657163143, -18.0533008575, 2.82929039001, -11.6083307266],
        "cov": [[14457.5878906, 4780.39941406, -1904.90588379, 607.862243652, 201.825820923, -1740.17602539, 618.52331543, -522.323852539, -407.997070312, -1174.87927246, 203.39440918, -512.612304688, 182.349136353], [4780.39941406, 2136.52856445, -386.237121582, 148.524414062, 100.960144043, -650.405700684, 320.467346191, -231.19543457, -118.890037537, -467.028137207, 69.1548919678, -262.213195801, 96.9702072144], [-1904.90588379, -386.237121582, 802.88067627, 88.4525299072, -57.3661575317, 264.962615967, -37.0077857971, 108.809829712, 44.099319458, 112.460762024, -59.3252449036, 54.1393203735, -25.2266349792], [607.862243652, 148.524414062, 88.4525299072, 456.311889648, 84.8934020996, -218.365921021, 74.00756073, 38.8161506653, -80.3980560303, -165.011505127, 51.9570274353, 38.4288787842, -1.47313225269], [201.825820923, 100.960144043, -57.3661575317, 84.8934020996, 122.074028015, -35.6307106018, 47.21900177, 14.2681045532, -18.9027786255, -35.2580299377, 31.4145565033, -13.2844657898, -2.02601504326], [-1740.17602539, -650.405700684, 264.962615967, -218.365921021, -35.6307106018, 475.483581543, -64.1313018799, 64.4018554688, 110.69304657, 269.176300049, -66.6011276245, 35.6824569702, -39.2250595093], [618.52331543, 320.467346191, -37.0077857971, 74.00756073, 47.21900177, -64.1313018799, 168.865020752, -4.0719408989, -24.9157123566, -62.6770553589, 38.0917816162, -57.3848266602, 16.5308094025], [-522.323852539, -231.19543457, 108.809829712, 38.8161506653, 14.2681045532, 64.4018554688, -4.0719408989, 106.283531189, 21.4395008087, 53.9219284058, 6.17689847946, 39.3511505127, -11.9689655304], [-407.997070312, -118.890037537, 44.099319458, -80.3980560303, -18.9027786255, 110.69304657, -24.9157123566, 21.4395008087, 115.500274658, 111.623497009, -23.6371021271, -8.6882724762, -6.9989027977], [-1174.87927246, -467.028137207, 112.460762024, -165.011505127, -35.2580299377, 269.176300049, -62.6770553589, 53.9219284058, 111.623497009, 255.75769043, -13.7225837708, 18.4490356445, -23.5614948273], [203.39440918, 69.1548919678, -59.3252449036, 51.9570274353, 31.4145565033, -66.6011276245, 38.0917816162, 6.17689847946, -23.6371021271, -13.7225837708, 80.5330963135, 14.8208055496, -4.92556190491], [-512.612304688, -262.213195801, 54.1393203735, 38.4288787842, -13.2844657898, 35.6824569702, -57.3848266602, 39.3511505127, -8.6882724762, 18.4490356445, 14.8208055496, 105.748840332, 9.08205795288], [182.349136353, 96.9702072144, -25.2266349792, -1.47313225269, -2.02601504326, -39.2250595093, 16.5308094025, -11.9689655304, -6.9989027977, -23.5614948273, -4.92556190491, 9.08205795288, 58.333656311]],
        "icov": [[0.00164203578606, -0.00501044513658, 0.00420608371496, -0.00418728077784, 0.00436842162162, -0.00361166056246, 0.00341667188331, -0.00389544339851, 0.00343883549795, -0.00152668834198, 0.000667823827825, 0.000373918330297, 0.000659063691273], [-0.00501044513658, 0.0176911931485, -0.0134961893782, 0.0138489250094, -0.014179029502, 0.0128250457346, -0.0123321702704, 0.0140845058486, -0.0127456085756, 0.00760591961443, -0.00354124931619, 0.00185921869706, -0.00376254809089], [0.00420608371496, -0.0134961893782, 0.0132959969342, -0.0127066783607, 0.0134390098974, -0.0122130466625, 0.0101443976164, -0.0123534137383, 0.00949716567993, -0.00364950974472, 0.001679602894, 0.00173268164508, 0.00109856331255], [-0.00418728077784, 0.0138489250094, -0.0127066783607, 0.0169641580433, -0.015159712173, 0.0142241017893, -0.0128760468215, 0.0108455792069, -0.0096873017028, 0.00484459288418, 0.00034048690577, -0.00516566634178, 0.00154086400289], [0.00436842162162, -0.014179029502, 0.0134390098974, -0.015159712173, 0.0255313813686, -0.0154557293281, 0.0118813076988, -0.0151955075562, 0.00960871577263, -0.000689833541401, -0.00501574715599, 0.00689259916544, -0.00126959639601], [-0.00361166056246, 0.0128250457346, -0.0122130466625, 0.0142241017893, -0.0154557293281, 0.0224269852042, -0.0163270756602, 0.0135493138805, -0.00728116929531, -0.00626939954236, 0.0100921941921, -0.00946101732552, 0.00591788254678], [0.00341667188331, -0.0123321702704, 0.0101443976164, -0.0128760468215, 0.0118813076988, -0.0163270756602, 0.025122307241, -0.0148849198595, 0.00795826036483, 0.00268416642211, -0.0114302486181, 0.0141154723242, -0.00798161979765], [-0.00389544339851, 0.0140845058486, -0.0123534137383, 0.0108455792069, -0.0151955075562, 0.0135493138805, -0.0148849198595, 0.028171364218, -0.0109378471971, -6.23817504675e-06, 0.00206731073558, -0.00800927635282, 0.00238364795223], [0.00343883549795, -0.0127456085756, 0.00949716567993, -0.0096873017028, 0.00960871577263, -0.00728116929531, 0.00795826036483, -0.0109378471971, 0.0262406207621, -0.0153343491256, 0.00823204871267, -0.000804769864772, 0.00301352958195], [-0.00152668834198, 0.00760591961443, -0.00364950974472, 0.00484459288418, -0.000689833541401, -0.00626939954236, 0.00268416642211, -6.23817504675e-06, -0.0153343491256, 0.0267404187471, -0.0174221601337, 0.0123234046623, -0.0087575847283], [0.000667823827825, -0.00354124931619, 0.001679602894, 0.00034048690577, -0.00501574715599, 0.0100921941921, -0.0114302486181, 0.00206731073558, 0.00823204871267, -0.0174221601337, 0.0343524925411, -0.0199008882046, 0.0147592350841], [0.000373918330297, 0.00185921869706, 0.00173268164508, -0.00516566634178, 0.00689259916544, -0.00946101732552, 0.0141154723242, -0.00800927635282, -0.000804769864772, 0.0123234046623, -0.0199008882046, 0.0336387306452, -0.0174432154745], [0.000659063691273, -0.00376254809089, 0.00109856331255, 0.00154086400289, -0.00126959639601, 0.00591788254678, -0.00798161979765, 0.00238364795223, 0.00301352958195, -0.0087575847283, 0.0147592350841, -0.0174432154745, 0.0293236430734]]
    },
    "melbands": {
        "max": [0.001824756735, 0.0028322187718, 0.00577652687207, 0.00465402193367, 0.00448637874797, 0.00300994655117, 0.00180288904812, 0.00602444587275, 0.00402949890122, 0.0057784859091, 0.00575594417751, 0.00516628101468, 0.00238969852217, 0.00115639448632, 0.00235599116422, 0.00696265511215, 0.000660385936499, 0.000625505228527, 0.00042945984751, 0.0013936390169, 0.000485244672745, 0.000444685516413, 0.000898317724932, 0.000294165773084, 0.000281328771962, 0.000117666750157, 5.30987381353e-05, 5.04861782247e-05, 2.02801893465e-05, 5.99498844167e-06, 2.93008247354e-06, 2.38991083279e-06, 1.59395551691e-06, 8.35503840335e-07, 5.87071838254e-07, 3.43237189782e-07, 3.64957315924e-07, 1.77223242304e-07, 4.49663275504e-08, 1.90643110187e-08],
        "mean": [0.000175531895366, 0.000353455892764, 0.000562666566111, 0.000427210121416, 0.000453604676295, 0.000222610979108, 0.0001231511269, 0.000219292371185, 0.000175944936927, 0.000231428042753, 0.000155030793394, 0.000224909628741, 0.000108558902866, 8.71499432833e-05, 5.31784571649e-05, 0.000134490386699, 2.05471442314e-05, 3.81333484256e-05, 2.26082520385e-05, 3.59118021152e-05, 2.18783916353e-05, 4.22268894908e-05, 7.14256093488e-05, 2.02022674785e-05, 2.47569387284e-05, 8.11823701952e-06, 6.82057770973e-06, 6.47970773571e-06, 1.75672391833e-06, 2.66712532948e-07, 2.30726911354e-07, 1.33915094125e-07, 1.03817072272e-07, 7.11691541255e-08, 5.8775885492e-08, 3.88904659587e-08, 2.39123405521e-08, 1.51446482022e-08, 1.19849961067e-08, 1.02552650816e-08],
        "min": [4.30131378395e-24, 1.03011369991e-24, 8.26374317822e-24, 1.04374888456e-23, 1.00565755246e-23, 1.08252968109e-23, 5.98874839694e-24, 6.66788861101e-24, 5.68551065941e-24, 6.81031192542e-24, 2.69877362057e-24, 4.90590112045e-24, 9.48388932868e-24, 7.6648817886e-24, 4.11876348188e-24, 7.46359682889e-24, 1.14624266319e-23, 1.29418697842e-23, 1.05355466227e-23, 1.00998398121e-23, 1.36074467183e-23, 1.10146920591e-23, 4.93115571347e-24, 6.99023768727e-24, 4.97684929811e-24, 8.25408436529e-24, 8.28564353467e-24, 9.53853372359e-24, 1.10035123223e-23, 1.10068925913e-23, 1.3632691845e-23, 1.50759617804e-23, 6.70518043258e-24, 6.50109225564e-24, 5.85246636468e-24, 1.14704193706e-23, 1.46636068303e-23, 1.07004130299e-23, 1.19614797621e-23, 1.11227802026e-23],
        "stdev": [0.000276536360616, 0.000513527775183, 0.000754275359213, 0.000618107209448, 0.000690985703841, 0.000364990642993, 0.000218476328882, 0.000544588197954, 0.000369888497517, 0.000540928507689, 0.00051242049085, 0.000555569771677, 0.000209277379327, 0.000148573162733, 0.000159842966241, 0.000546498340555, 5.30708748556e-05, 6.55313924653e-05, 3.9770409785e-05, 9.06495770323e-05, 4.67469581054e-05, 6.98127842043e-05, 0.000120234719361, 3.74541195924e-05, 4.33491986769e-05, 1.3821828361e-05, 1.11803792606e-05, 1.07069772639e-05, 2.80864082924e-06, 4.84687348035e-07, 3.17475041811e-07, 1.93107325686e-07, 1.59571527547e-07, 1.00395446623e-07, 6.69393855901e-08, 4.10517486671e-08, 2.67817998889e-08, 1.15929941202e-08, 4.4894985507e-09, 2.41599806827e-09]
    },
    "melbands128": {
        "max": [1.77627371158e-05, 0.000737911846954, 0.00324106938206, 0.00528082018718, 0.00365285552107, 0.00340223615058, 0.00398720987141, 0.00925545021892, 0.00746081536636, 0.0056660734117, 0.005770358257, 0.00822124257684, 0.00676627922803, 0.00621194811538, 0.00572301633656, 0.00140927871689, 0.00215334724635, 0.00326923374087, 0.00458496809006, 0.00487300287932, 0.0118433851749, 0.00380419706926, 0.00748463813215, 0.00468816747889, 0.00697038788348, 0.00900622084737, 0.00364774605259, 0.00745469052345, 0.0178755577654, 0.00765990559012, 0.0100062927231, 0.00240462948568, 0.0044140513055, 0.00327593157999, 0.0017443492543, 0.00224232045002, 0.00196320447139, 0.0008964369772, 0.00343414116651, 0.0171667449176, 0.0120714250952, 0.00180908129551, 0.000412114488427, 0.000505685515236, 0.000274926627753, 0.00109281227924, 0.00120419927407, 0.00018695545441, 0.000923421350308, 0.000954930786975, 0.00227088853717, 0.00232360861264, 0.000581345229875, 0.00034406024497, 0.000407536688726, 0.000760759867262, 0.00110554858111, 0.00223661889322, 0.000584659224842, 0.000649490393698, 0.000579551502597, 0.000228075296036, 0.000726216181647, 0.000384886981919, 0.000167894701008, 0.000270594959147, 0.000161888136063, 7.88731049397e-05, 0.000124261699966, 0.000116248862469, 8.43498128233e-05, 9.89545806078e-05, 5.201852764e-05, 1.92555835383e-05, 1.14120957733e-05, 3.74178921447e-06, 1.49958877955e-05, 3.74670798919e-06, 5.4917354646e-06, 3.02458170154e-06, 2.15925570046e-06, 3.47172885995e-06, 1.26371207898e-06, 1.67394546224e-06, 3.06568858832e-06, 1.2125219655e-06, 6.06436515227e-07, 5.32725607627e-07, 9.24362780097e-07, 9.50836067659e-07, 4.57924755892e-07, 3.73597885073e-07, 4.33053742199e-07, 4.03154245987e-07, 3.87556127635e-07, 2.99138150694e-07, 9.99372957722e-08, 1.21046610957e-07, 4.44356622609e-08, 3.35395249351e-08, 2.4335955473e-08, 2.60190304857e-08, 2.91050135104e-08, 2.50308573868e-08, 3.38589067894e-08, 2.5534246717e-08, 2.29548504649e-08, 2.70589808338e-08, 2.32712356052e-08, 1.91726918786e-08, 1.84274515647e-08, 1.85179853673e-08, 1.46143408486e-08, 1.09583604413e-08, 9.07711150688e-09, 3.43633210775e-09, 3.46255046857e-09, 2.7310715911e-09, 2.79929368574e-09, 2.79234524392e-09, 2.7705493455e-09, 2.73701661335e-09, 2.71046540767e-09, 2.67869215698e-09, 2.64828292629e-09, 2.63319899219e-09, 2.61417820724e-09, 2.60089905169e-09],
        "mean": [1.55541624736e-06, 2.81764550891e-05, 0.000214904081076, 0.000514798564836, 0.000373179616872, 0.000229950353969, 0.000306236412143, 0.00093138194643, 0.000595140387304, 0.000223864641157, 0.000420751341153, 0.000598918762989, 0.000433429115219, 0.000314347533276, 0.000297156017041, 0.000121350887639, 8.39251661091e-05, 0.000153439090354, 0.000129278472741, 0.000189581623999, 0.00031253832276, 0.000168656973983, 0.000179110254976, 0.000124021680676, 0.000258323969319, 0.000327232875861, 6.08207337791e-05, 8.85260815267e-05, 0.000254232436419, 0.000343201478245, 0.000187878875295, 4.93598090543e-05, 7.03504774719e-05, 0.000215023363126, 7.995760825e-05, 6.85355917085e-05, 5.65370937693e-05, 1.60241597769e-05, 6.26919063507e-05, 0.00016480438353, 0.000186478500837, 3.81381796615e-05, 1.14935655802e-05, 1.34910824272e-05, 1.00180750451e-05, 4.77184912597e-05, 7.40583418519e-05, 7.7150270954e-06, 1.11058361654e-05, 1.66132631421e-05, 4.81471943203e-05, 4.91639548272e-05, 1.8859798729e-05, 1.27983394123e-05, 1.63372842508e-05, 3.04728982883e-05, 5.56590566703e-05, 0.000146193138789, 3.62576392945e-05, 2.79745527223e-05, 1.24565740407e-05, 1.62424221344e-05, 4.05563259847e-05, 2.32475140365e-05, 7.30514966563e-06, 8.53273468238e-06, 8.20537297841e-06, 4.9755371947e-06, 7.83560972195e-06, 7.34960167392e-06, 6.27535837339e-06, 7.42123393138e-06, 2.50752032116e-06, 8.14349107259e-07, 3.4602658161e-07, 2.72460397355e-07, 2.62218094349e-07, 1.40492531386e-07, 2.54128451616e-07, 3.1112173815e-07, 1.00190924002e-07, 1.0053356192e-07, 7.66691030663e-08, 9.21775438201e-08, 1.54219137016e-07, 8.31578788052e-08, 4.27735500352e-08, 3.78071582929e-08, 7.2301205023e-08, 6.23661833288e-08, 4.54682478335e-08, 3.00411855392e-08, 3.174756813e-08, 2.4004428667e-08, 2.00767953373e-08, 1.63968127964e-08, 1.42462255326e-08, 1.26914301291e-08, 1.23839143384e-08, 1.15182219318e-08, 1.05355022484e-08, 9.7054408954e-09, 1.02965458382e-08, 1.05723110266e-08, 9.88812498548e-09, 9.80115189009e-09, 1.0033182285e-08, 9.88225856702e-09, 9.48338652051e-09, 9.02440699946e-09, 8.22892243235e-09, 7.49989137461e-09, 6.67531008247e-09, 5.40638955826e-09, 3.14853543237e-09, 1.19986787173e-09, 4.67192062814e-10, 7.84363546336e-12, 7.57038442351e-12, 7.48227174663e-12, 7.39953411044e-12, 7.29657393533e-12, 7.1918825062e-12, 7.09081621544e-12, 7.01612986459e-12, 6.97130938046e-12, 6.93146451694e-12, 6.88732447809e-12],
        "min": [2.39824857847e-24, 7.43725360782e-24, 3.75157239632e-24, 8.9568746293e-25, 7.28086370829e-25, 8.68740566053e-25, 2.38026550806e-24, 1.09096631181e-23, 1.73439952587e-23, 1.00157369844e-23, 6.18584568854e-24, 8.19142987676e-24, 5.68093999932e-24, 2.10468499721e-23, 1.0434367323e-23, 8.29587584947e-24, 2.74530221449e-24, 4.4958263728e-24, 1.19363474425e-23, 6.26395869538e-24, 5.34936322263e-24, 3.81131638255e-24, 7.041911232e-24, 5.06645876935e-24, 7.49865301865e-24, 8.33408827172e-24, 3.57439897018e-24, 1.77257479277e-24, 2.15774618772e-24, 2.67629226807e-24, 4.72639069387e-24, 1.11622745238e-23, 1.09181836048e-23, 7.61744127148e-24, 6.29299390429e-24, 9.25975659057e-24, 8.51767434817e-24, 3.31292589555e-24, 1.74759097625e-24, 2.86007279872e-24, 1.36409906617e-23, 6.58329156196e-24, 5.86196030567e-24, 1.68144376662e-23, 2.03361052291e-23, 9.53942986957e-24, 8.38194294081e-24, 9.22088862491e-24, 1.07505940498e-23, 1.68413693775e-23, 5.14656877757e-24, 1.14057737971e-23, 7.10010155667e-24, 2.25207576874e-23, 1.31773936738e-23, 8.96124925745e-24, 1.06474347092e-23, 2.19926393716e-24, 3.83778621579e-24, 7.53707606676e-24, 6.68924386457e-24, 8.4924670868e-24, 3.20219881509e-24, 5.07466765593e-24, 4.62971026791e-24, 1.27125913064e-23, 6.74681651116e-24, 4.32739273662e-24, 9.15824912473e-24, 1.36870538277e-23, 6.91640977287e-24, 8.51160485236e-24, 1.38102565461e-23, 1.0411506134e-23, 8.09606527079e-24, 1.28679787609e-23, 1.32043624615e-23, 7.58270457038e-24, 1.52777713327e-23, 1.60446529953e-23, 1.86236333543e-23, 1.29166838221e-23, 1.00090237781e-23, 5.99769052973e-24, 4.36969658595e-24, 4.85468156517e-24, 8.46752724928e-24, 7.16963727889e-24, 5.13649896811e-24, 5.11642206364e-24, 7.83390864818e-24, 1.40497389397e-23, 1.59355030451e-23, 1.32183836753e-23, 1.71680887431e-23, 1.12339693583e-23, 8.04737519799e-24, 1.17540235435e-23, 1.01810751304e-23, 1.50943532836e-23, 9.74982617274e-24, 9.61930203623e-24, 1.3842039752e-23, 1.13044241035e-23, 9.09059720236e-24, 1.08839415195e-23, 8.38982208353e-24, 2.06097815875e-23, 1.46526337752e-23, 1.24138086608e-23, 6.70506999205e-24, 6.79735567391e-24, 1.19810245799e-23, 1.32677584793e-23, 9.81062052727e-24, 7.97922234895e-24, 1.39305878109e-23, 8.65792040648e-24, 1.2614767821e-23, 1.02439244676e-23, 1.0411324696e-23, 7.52186367307e-24, 1.01903205802e-23, 1.36235584134e-23, 8.74811560694e-24, 8.58807702851e-24, 6.9857735234e-24, 8.86143547597e-24],
        "stdev": [2.40410872721e-06, 6.19250713498e-05, 0.000345131149516, 0.000901365361642, 0.000629574700724, 0.000418931536842, 0.00046849611681, 0.00131721165963, 0.000850105949212, 0.000536794192158, 0.00087291240925, 0.00114800524898, 0.00087549444288, 0.000637353397906, 0.000588636670727, 0.000226931690122, 0.000201165108592, 0.000305123016005, 0.000401682336815, 0.000450921797892, 0.00105643621646, 0.000418351468397, 0.000562304398045, 0.000376972340746, 0.00062660407275, 0.000955975265242, 0.000217442720896, 0.000387227220926, 0.00142622424755, 0.000865364621859, 0.00060599797871, 0.000216146014282, 0.000265419454081, 0.000419210264226, 0.000179146169103, 0.000236337917158, 0.000181964744115, 6.58258213662e-05, 0.00024270825088, 0.000892561336514, 0.000875894038472, 0.000147189915879, 3.16248915624e-05, 3.60980993719e-05, 2.44837010541e-05, 0.000103179540019, 0.00013746850891, 1.43025918078e-05, 6.15829412709e-05, 6.35799442534e-05, 0.000131915861857, 0.00017729299725, 6.31140719634e-05, 3.14707140205e-05, 4.07246770919e-05, 7.86102755228e-05, 0.000127024541143, 0.000279052328551, 9.27591172513e-05, 7.72688217694e-05, 3.64321967936e-05, 3.63580402336e-05, 8.44887763378e-05, 4.89430931339e-05, 1.75093882717e-05, 2.02635146707e-05, 1.58297370945e-05, 1.10295850391e-05, 1.64540815604e-05, 1.47879700307e-05, 1.35910577228e-05, 1.48298558997e-05, 5.07854429088e-06, 1.81464679372e-06, 7.67554581671e-07, 4.28371521366e-07, 9.29812870254e-07, 2.7962047966e-07, 4.19745219915e-07, 4.47318285524e-07, 1.95481263177e-07, 2.44164027663e-07, 1.44894684695e-07, 1.77534914769e-07, 2.65724366955e-07, 1.32760916927e-07, 7.33578602308e-08, 5.35216102548e-08, 1.04762797548e-07, 8.45475511824e-08, 5.77730396856e-08, 3.52143736393e-08, 3.83249414426e-08, 3.42503980733e-08, 2.52768668219e-08, 1.70805325439e-08, 1.05260635763e-08, 9.8893053746e-09, 6.05389116615e-09, 4.73258499056e-09, 3.81702669472e-09, 3.49327677895e-09, 3.93674515209e-09, 3.66719365985e-09, 3.42391137664e-09, 3.24217452885e-09, 3.49277340383e-09, 3.30502070156e-09, 3.24523252715e-09, 2.94437030313e-09, 2.59680099646e-09, 2.40354292025e-09, 2.06338368614e-09, 1.66597036166e-09, 1.08605013871e-09, 4.24638130214e-10, 2.69687217003e-10, 1.16309038789e-10, 1.19223048101e-10, 1.18926493653e-10, 1.17996876159e-10, 1.16567908104e-10, 1.15437243098e-10, 1.14083992253e-10, 1.12788244022e-10, 1.12145404074e-10, 1.11334552688e-10, 1.10769365902e-10]
    },
    "mfcc": {
        "mean": [-727.028320312, 146.711608887, -40.1149253845, 16.6568546295, 2.91572880745, -8.07778072357, -0.549769937992, 6.12809371948, -2.54819583893, -0.711008369923, -5.93571949005, -2.15281295776, -0.401395082474],
        "cov": [[12166.3613281, 3773.74658203, -1602.77209473, 1869.29638672, -674.722839355, -622.759277344, 217.045059204, 299.143768311, -506.255065918, -236.321289062, -711.077758789, -236.379745483, -83.197769165], [3773.74658203, 1637.34655762, -269.198699951, 418.693908691, -229.585464478, -136.390182495, 85.253112793, 37.1775856018, -78.0704879761, -13.3089828491, -198.358886719, -105.891235352, -72.99659729], [-1602.77209473, -269.198699951, 699.637817383, -79.7452011108, 85.9184494019, 117.921295166, -3.49680733681, 18.9392414093, 115.519378662, 41.5247612, 83.1585235596, -23.0073795319, -25.4055595398], [1869.29638672, 418.693908691, -79.7452011108, 818.108154297, -29.3485107422, -249.822372437, 114.955863953, 205.293289185, -157.555755615, -122.216300964, -178.687408447, -51.3595314026, 31.3983726501], [-674.722839355, -229.585464478, 85.9184494019, -29.3485107422, 138.265487671, 28.1985969543, -5.56068849564, 12.8005399704, 14.9696140289, 1.02693140507, 44.0448265076, 22.7932014465, 10.2559051514], [-622.759277344, -136.390182495, 117.921295166, -249.822372437, 28.1985969543, 202.79347229, -6.82122516632, -65.6453170776, 90.2193527222, 78.2688064575, 85.3141784668, 18.9497184753, -31.7396335602], [217.045059204, 85.253112793, -3.49680733681, 114.955863953, -5.56068849564, -6.82122516632, 146.79258728, 57.9655036926, -30.5398693085, 11.92415905, -9.55075359344, 16.0989875793, -0.531941413879], [299.143768311, 37.1775856018, 18.9392414093, 205.293289185, 12.8005399704, -65.6453170776, 57.9655036926, 125.350296021, -29.4558238983, -55.8946037292, -49.4326667786, -4.63410329819, 17.191110611], [-506.255065918, -78.0704879761, 115.519378662, -157.555755615, 14.9696140289, 90.2193527222, -30.5398693085, -29.4558238983, 130.06199646, 67.3671417236, 42.0845146179, -3.51814317703, -14.2092523575], [-236.321289062, -13.3089828491, 41.5247612, -122.216300964, 1.02693140507, 78.2688064575, 11.92415905, -55.8946037292, 67.3671417236, 135.726593018, 71.4883422852, 1.86837911606, -23.9222660065], [-711.077758789, -198.358886719, 83.1585235596, -178.687408447, 44.0448265076, 85.3141784668, -9.55075359344, -49.4326667786, 42.0845146179, 71.4883422852, 130.336547852, 58.3921966553, -9.44473838806], [-236.379745483, -105.891235352, -23.0073795319, -51.3595314026, 22.7932014465, 18.9497184753, 16.0989875793, -4.63410329819, -3.51814317703, 1.86837911606, 58.3921966553, 98.0597381592, 32.0286407471], [-83.197769165, -72.99659729, -25.4055595398, 31.3983726501, 10.2559051514, -31.7396335602, -0.531941413879, 17.191110611, -14.2092523575, -23.9222660065, -9.44473838806, 32.0286407471, 76.9722213745]],
        "icov": [[0.00220806780271, -0.00350003805943, 0.00320319388993, -0.00320784142241, 0.0027945288457, -0.00331412395462, 0.00320782954805, -0.00275776837952, 0.00232655322179, -0.00157965894323, 0.00131658988539, -0.000998986768536, 0.000848123570904], [-0.00350003805943, 0.00664352253079, -0.00493198586628, 0.00457743741572, -0.00327386660501, 0.0052459645085, -0.0053604808636, 0.00491803372279, -0.00386932212859, 0.0019773633685, -0.000813321210444, 0.00121655978728, -0.000219621419092], [0.00320319388993, -0.00493198586628, 0.00690250424668, -0.00521336030215, 0.00368489790708, -0.00553756952286, 0.00412702746689, -0.00433686049655, 0.00123861758038, -0.000676453812048, -0.00091270566918, 0.000909271009732, 0.00094068137696], [-0.00320784142241, 0.00457743741572, -0.00521336030215, 0.0084769083187, -0.00482034962624, 0.00671971170232, -0.00468595791608, -0.000125866543385, -0.000571574084461, 0.000242332360358, 0.000818608794361, 0.000890339259058, -0.00119624030776], [0.0027945288457, -0.00327386660501, 0.00368489790708, -0.00482034962624, 0.0141815831885, -0.0051762429066, 0.00462703593075, -0.00521942926571, 0.00274772243574, -0.000962075777352, -0.00167118990794, -0.000855553138535, 0.000631186529063], [-0.00331412395462, 0.0052459645085, -0.00553756952286, 0.00671971170232, -0.0051762429066, 0.0165698081255, -0.00770611967891, 0.00661436188966, -0.00779663398862, 0.00232935370877, -0.00353892776184, 0.000826442381367, 0.00132230867166], [0.00320782954805, -0.0053604808636, 0.00412702746689, -0.00468595791608, 0.00462703593075, -0.00770611967891, 0.017244387418, -0.0118855750188, 0.00927562825382, -0.00949972681701, 0.00577915227041, -0.00634559849277, 0.00274634012021], [-0.00275776837952, 0.00491803372279, -0.00433686049655, -0.000125866543385, -0.00521942926571, 0.00661436188966, -0.0118855750188, 0.0251032970846, -0.0098810987547, 0.0103634148836, -0.00246260524727, 0.00214124028571, -0.00175912468694], [0.00232655322179, -0.00386932212859, 0.00123861758038, -0.000571574084461, 0.00274772243574, -0.00779663398862, 0.00927562825382, -0.0098810987547, 0.0214481651783, -0.0121643999591, 0.00773829314858, -0.00356491561979, 0.000788821547758], [-0.00157965894323, 0.0019773633685, -0.000676453812048, 0.000242332360358, -0.000962075777352, 0.00232935370877, -0.00949972681701, 0.0103634148836, -0.0121643999591, 0.0228016171604, -0.0158158801496, 0.00947877764702, -0.00248972745612], [0.00131658988539, -0.000813321210444, -0.00091270566918, 0.000818608794361, -0.00167118990794, -0.00353892776184, 0.00577915227041, -0.00246260524727, 0.00773829314858, -0.0158158801496, 0.0330199860036, -0.0191473718733, 0.00790199823678], [-0.000998986768536, 0.00121655978728, 0.000909271009732, 0.000890339259058, -0.000855553138535, 0.000826442381367, -0.00634559849277, 0.00214124028571, -0.00356491561979, 0.00947877764702, -0.0191473718733, 0.0255727022886, -0.0107590183616], [0.000848123570904, -0.000219621419092, 0.00094068137696, -0.00119624030776, 0.000631186529063, 0.00132230867166, 0.00274634012021, -0.00175912468694, 0.000788821547758, -0.00248972745612, 0.00790199823678, -0.0107590183616, 0.0201899465173]]
    },
    "spectral_contrast_coeffs": {
        "max": [-0.453385591507, -0.565390050411, -0.514714062214, -0.55831515789, -0.573908746243, -0.673050403595],
        "mean": [-0.711311757565, -0.77733117342, -0.739516317844, -0.771985352039, -0.753818571568, -0.803742110729],
        "min": [-0.958672642708, -0.956224024296, -0.96323466301, -0.956562638283, -0.959238052368, -0.960311114788],
        "stdev": [0.102378219366, 0.0895868092775, 0.107966266572, 0.0836134031415, 0.0810996443033, 0.0443072170019]
    },
    "spectral_contrast_valleys": {
        "max": [-5.8614358902, -5.19003677368, -6.00109481812, -6.30466508865, -6.38644599915, -10.7713766098],
        "mean": [-7.80089664459, -7.26017093658, -7.90602827072, -8.12039279938, -8.43768024445, -11.5481462479],
        "min": [-27.2281551361, -27.3182449341, -27.1512985229, -27.5001296997, -27.279132843, -27.1985454559],
        "stdev": [1.62774693966, 1.45159614086, 1.29066765308, 1.21860611439, 1.30801975727, 0.758157372475]
    }
},
"rhythm": {
    "beats_count": 24,
    "beats_loudness": {
        "max": 0.0723560452461,
        "mean": 0.0230738669634,
        "min": 2.23576262215e-05,
        "stdev": 0.0209919493645
    },
    "bpm": 115.515197754,
    "bpm_histogram_first_peak_bpm": 115,
    "bpm_histogram_first_peak_weight": 0.58333337307,
    "bpm_histogram_second_peak_bpm": 123,
    "bpm_histogram_second_peak_spread": 0.54545456171,
    "bpm_histogram_second_peak_weight": 0.217391297221,
    "danceability": 0.744327008724,
    "onset_rate": 1.64584994316,
    "beats_loudness_band_ratio": {
        "max": [0.638710558414, 0.441829144955, 0.29516479373, 0.746934950352, 0.464490294456, 0.244869306684],
        "mean": [0.254343926907, 0.152662754059, 0.154748037457, 0.246584400535, 0.183243200183, 0.0461688227952],
        "min": [0.00685194833204, 0.0207129288465, 0.0424705147743, 0.0707560107112, 0.0142938969657, 0.00222915830091],
        "stdev": [0.182851731777, 0.113874398172, 0.0652147009969, 0.180824667215, 0.121153309941, 0.0571340546012]
    },
    "beats_position": [0.522448956966, 1.05650794506, 1.57895684242, 2.11301589012, 2.63546490669, 3.15791368484, 3.68036270142, 4.20281171799, 4.71365070343, 5.22448968887, 5.73532867432, 6.23455762863, 6.72217655182, 7.22140598297, 7.69741487503, 8.17342376709, 8.66104316711, 9.17188167572, 9.65950107574, 10.1471195221, 10.6347389221, 11.1339683533, 11.6331968307, 12.144036293],
