{
"metadata": {
    "version": {
        "essentia": "2.1-beta5",
        "essentia_git_sha": "Undefined",
        "extractor": "music 2.0"
    },
    "audio_properties": {
        "analysis": {
            "equal_loudness": 0,
            "length": 29.0017242432,
            "sample_rate": 44100,
            "start_time": 0,
            "downmix": "mix"
        },
        "bit_rate": 192000,
        "length": 174.706939697,
        "lossless": 0,
        "number_channels": 2,
        "replay_gain": -6.85841369629,
        "sample_rate": 44100,
        "codec": "mp3",
        "md5_encoded": "579df45a159e8bfe9c14e442684dde9f"
    },
    "tags": {
        "file_name": "Finland_Muistathan_Päivi Paunu and Kim Floor.mp3",
        "encoding": ["Lavf58.29.100"]
    }
},
"lowlevel": {
    "average_loudness": 0.978939056396,
    "barkbands_crest": {
        "max": 22.2210178375,
        "mean": 7.25108194351,
        "min": 1.91567671299,
        "stdev": 2.93357086182
    },
    "barkbands_flatness_db": {
        "max": 0.214756056666,
        "mean": 0.119500316679,
        "min": 0.031117271632,
        "stdev": 0.0265331733972
    },
    "barkbands_kurtosis": {
        "max": 15.2668323517,
        "mean": -0.0152584109455,
        "min": -1.7568898201,
        "stdev": 1.54200267792
    },
    "barkbands_skewness": {
        "max": 3.62882447243,
        "mean": 0.558252036572,
        "min": -1.93998098373,
        "stdev": 0.573220133781
    },
    "barkbands_spread": {
        "max": 83.834197998,
        "mean": 26.1975593567,
        "min": 5.32025289536,
        "stdev": 10.8062133789
    },
    "dissonance": {
        "max": 0.499999880791,
        "mean": 0.465503036976,
        "min": 0.350494801998,
        "stdev": 0.0235033351928
    },
    "dynamic_complexity": 2.44839692116,
    "erbbands_crest": {
        "max": 23.5629367828,
        "mean": 8.56966781616,
        "min": 2.480240345,
        "stdev": 3.66525483131
    },
    "erbbands_flatness_db": {
        "max": 0.302058428526,
        "mean": 0.184902191162,
        "min": 0.0582794360816,
        "stdev": 0.0321632437408
    },
    "erbbands_kurtosis": {
        "max": 11.3589630127,
        "mean": -0.0681007131934,
        "min": -1.7188423872,
        "stdev": 1.23342096806
    },
    "erbbands_skewness": {
        "max": 2.63356637955,
        "mean": 0.120534583926,
        "min": -1.89882016182,
        "stdev": 0.628753721714
    },
    "erbbands_spread": {
        "max": 84.2044143677,
        "mean": 32.3758163452,
        "min": 7.81845903397,
        "stdev": 11.6594018936
    },
    "hfc": {
        "max": 86.8543167114,
        "mean": 26.0379085541,
        "min": 1.25863193201e-16,
        "stdev": 14.3406038284
    },
    "loudness_ebu128": {
        "integrated": -17.1937713623,
        "loudness_range": 1.06851577759,
        "momentary": {
            "max": -14.4231128693,
            "mean": -17.6479511261,
            "min": -40.8472900391,
            "stdev": 2.53338503838
        },
        "short_term": {
            "max": -16.3347892761,
            "mean": -17.16340065,
            "min": -18.2642765045,
            "stdev": 0.381912589073
        }
    },
    "melbands_crest": {
        "max": 27.7658138275,
        "mean": 10.162311554,
        "min": 1.97802174091,
        "stdev": 4.13989591599
    },
    "melbands_flatness_db": {
        "max": 0.245103403926,
        "mean": 0.129756182432,
        "min": 0.00661924341694,
        "stdev": 0.0341579578817
    },
    "melbands_kurtosis": {
        "max": 44.9883041382,
        "mean": 2.7093360424,
        "min": -1.57242250443,
        "stdev": 3.61565899849
    },
    "melbands_skewness": {
        "max": 5.52228403091,
        "mean": 1.33729243279,
        "min": -0.42452481389,
        "stdev": 0.714066743851
    },
    "melbands_spread": {
        "max": 141.723968506,
        "mean": 37.4391174316,
        "min": 6.11309146881,
        "stdev": 16.2782459259
    },
    "pitch_salience": {
        "max": 0.831538379192,
        "mean": 0.57528591156,
        "min": 0.31381124258,
        "stdev": 0.084809564054
    },
    "silence_rate_20dB": {
        "max": 1,
        "mean": 1,
        "min": 1,
        "stdev": 0
    },
    "silence_rate_30dB": {
        "max": 1,
        "mean": 1,
        "min": 1,
        "stdev": 0
    },
    "silence_rate_60dB": {
        "max": 1,
        "mean": 0.019999999553,
        "min": 0,
        "stdev": 0.140001878142
    },
    "spectral_centroid": {
        "max": 10912.9462891,
        "mean": 1870.72094727,
        "min": 533.287963867,
        "stdev": 538.697937012
    },
    "spectral_complexity": {
        "max": 50,
        "mean": 23.3199996948,
        "min": 0,
        "stdev": 6.93939304352
    },
    "spectral_decrease": {
        "max": 5.27549072875e-20,
        "mean": -5.13209741371e-09,
        "min": -2.12389483778e-08,
        "stdev": 3.30195248921e-09
    },
    "spectral_energy": {
        "max": 0.0878477916121,
        "mean": 0.0217314511538,
        "min": 1.12314777443e-20,
        "stdev": 0.0136415343732
    },
    "spectral_energyband_high": {
        "max": 0.00426614517346,
        "mean": 0.000765993143432,
        "min": 8.26169901242e-21,
        "stdev": 0.000529238779563
    },
    "spectral_energyband_low": {
        "max": 0.0180207323283,
        "mean": 0.00151729141362,
        "min": 5.07702358902e-23,
        "stdev": 0.00214019510895
    },
    "spectral_energyband_middle_high": {
        "max": 0.0464261956513,
        "mean": 0.00910387840122,
        "min": 1.5475590006e-21,
        "stdev": 0.00699512986466
    },
    "spectral_energyband_middle_low": {
        "max": 0.0665332600474,
        "mean": 0.0111280893907,
        "min": 3.06268796725e-22,
        "stdev": 0.00889357831329
    },
    "spectral_entropy": {
        "max": 9.81057357788,
        "mean": 7.6238732338,
        "min": 6.87145805359,
        "stdev": 0.281030327082
    },
    "spectral_flux": {
        "max": 0.220683589578,
        "mean": 0.0866139680147,
        "min": 1.05978663345e-10,
        "stdev": 0.0342844240367
    },
    "spectral_kurtosis": {
        "max": 16.5072517395,
        "mean": 3.62666678429,
        "min": -1.21462404728,
        "stdev": 2.0080871582
    },
    "spectral_rms": {
        "max": 0.00925770867616,
        "mean": 0.00436380086467,
        "min": 3.31021733462e-12,
        "stdev": 0.00146923551802
    },
    "spectral_rolloff": {
        "max": 19229.1503906,
        "mean": 2531.49243164,
        "min": 301.46484375,
        "stdev": 1540.22070312
    },
    "spectral_skewness": {
        "max": 2.95572733879,
        "mean": 1.30694925785,
        "min": -0.000987502629869,
        "stdev": 0.324369549751
    },
    "spectral_spread": {
        "max": 40724640,
        "mean": 3894033.5,
        "min": 1984504.625,
        "stdev": 1490755.5
    },
    "spectral_strongpeak": {
        "max": 8.44682693481,
        "mean": 1.52278590202,
        "min": 0,
        "stdev": 1.28299105167
    },
    "zerocrossingrate": {
        "max": 0.501953125,
        "mean": 0.0844656229019,
        "min": 0.0302734375,
        "stdev": 0.0363317765296
    },
    "barkbands": {
        "max": [0.000173815817107, 0.0121995210648, 0.00775931403041, 0.0202071741223, 0.0237534437329, 0.0352608934045, 0.0187982618809, 0.0224094744772, 0.0332704819739, 0.0491626560688, 0.0224597044289, 0.0166074130684, 0.0191884785891, 0.0134842256084, 0.011431301944, 0.00733323534951, 0.0120624545962, 0.00738325435668, 0.00325305806473, 0.00331675633788, 0.00169835379347, 0.00109460228123, 0.0022788727656, 0.00111072056461, 0.000322232895996, 1.11424305942e-05, 4.4011535465e-06],
        "mean": [1.08506155811e-05, 0.000802647671662, 0.000529831973836, 0.000474330940051, 0.00115008966532, 0.00276927417144, 0.00138469424564, 0.0011818833882, 0.00261812657118, 0.00211884034798, 0.00101973128039, 0.00112392019946, 0.000998895033263, 0.000838876178022, 0.000702705990989, 0.000727415084839, 0.000977864488959, 0.000802766822744, 0.000536250590812, 0.000333952455549, 0.000188326011994, 0.000150257677888, 0.00020321039483, 5.307115498e-05, 3.13293203362e-05, 2.30829004977e-06, 4.17367784777e-09],
        "min": [3.00298047373e-24, 2.42205241685e-23, 7.71260235134e-24, 3.46124144872e-23, 5.46181163702e-23, 4.10199466562e-23, 3.03461442712e-23, 5.24852510526e-24, 1.27423881605e-22, 4.11815621675e-23, 5.71907621761e-23, 1.20897389212e-22, 3.95362854646e-23, 6.9548848858e-23, 1.36825248194e-22, 1.92113265245e-22, 2.50393639969e-22, 1.43721596446e-22, 1.91566489975e-22, 4.27668835484e-22, 4.58261290529e-22, 5.73563017971e-22, 8.70316688054e-22, 8.62330638903e-22, 1.53483786751e-21, 1.57912777515e-21, 2.46815467877e-21],
        "stdev": [1.25779624796e-05, 0.00134735554457, 0.000942461541854, 0.00107288057916, 0.00161028571893, 0.00380982528441, 0.00200537592173, 0.00221761967987, 0.0038432367146, 0.00476257083938, 0.00217243586667, 0.00175591488369, 0.00152713537682, 0.00132387934718, 0.00104049814399, 0.000846968556289, 0.00124674639665, 0.000871143070981, 0.00049586314708, 0.000347512745066, 0.000170014493051, 0.00014786288375, 0.000238483844441, 8.61537773744e-05, 4.43690478278e-05, 1.31579292884e-06, 1.24419017311e-07]
    },
    "erbbands": {
        "max": [0.142066061497, 3.41475105286, 9.25249958038, 39.0244102478, 106.176353455, 62.4431419373, 121.818901062, 410.450958252, 365.292358398, 404.698150635, 471.982147217, 773.367004395, 2045.60375977, 721.65423584, 689.414978027, 706.477111816, 1032.61254883, 710.458435059, 625.127807617, 391.320098877, 427.833618164, 660.539733887, 393.149536133, 237.136962891, 217.921691895, 188.217193604, 78.977104187, 47.6407966614, 37.7523384094, 53.9391746521, 88.75365448, 41.1463928223, 12.173330307, 6.18800735474, 0.422565549612, 0.081460878253, 0.018591940403, 0.00287621212192, 0.000632759532891, 0.000106330502604],
        "mean": [0.0114831123501, 0.218636840582, 0.645480394363, 1.06380343437, 2.62957978249, 3.88704562187, 9.33543777466, 26.1082935333, 21.0549736023, 25.0016307831, 29.0178337097, 49.0884895325, 104.704971313, 36.0629272461, 40.6821517944, 48.8505172729, 51.783657074, 46.5627861023, 33.7007789612, 39.3749847412, 48.1215171814, 49.1334648132, 42.9021034241, 38.035785675, 22.0447731018, 18.0530967712, 8.76457309723, 6.0893573761, 5.30020523071, 4.49935531616, 6.7540678978, 2.10380578041, 0.676812708378, 0.607093691826, 0.0528294183314, 0.0152762178332, 0.00362893333659, 0.000114376809506, 1.95426400751e-05, 2.84187972284e-05],
        "min": [5.83613282609e-22, 5.60424598917e-21, 1.01062253445e-20, 6.91528937455e-20, 8.70414758232e-20, 2.65428377444e-19, 3.98399573767e-19, 2.35510753952e-19, 4.79442051444e-19, 2.15541696312e-19, 3.49138073157e-19, 2.51649911073e-18, 2.57330780725e-18, 1.82706867879e-18, 2.26063870558e-18, 5.17197945362e-18, 2.13181628532e-18, 2.95870903902e-18, 4.99961527989e-18, 9.40605189789e-18, 9.92118358745e-18, 1.60241610244e-17, 8.80789360872e-18, 7.68905903835e-18, 1.76796968459e-17, 1.66336723674e-17, 1.8380136845e-17, 1.61961219475e-17, 1.87630834183e-17, 2.47777816587e-17, 2.40010871877e-17, 1.40642045394e-17, 1.70037116145e-17, 1.3118823126e-17, 1.30705753352e-17, 5.65619154547e-18, 3.17398713614e-18, 1.15204514818e-18, 3.1635439809e-19, 4.1255335783e-20],
        "stdev": [0.0160094443709, 0.377853572369, 1.1701220274, 1.94983696938, 6.1127114296, 5.17355823517, 13.0652456284, 40.005115509, 35.5150146484, 35.482711792, 53.1505584717, 72.8735580444, 215.174575806, 64.0757141113, 72.2869567871, 70.3360214233, 77.6114654541, 73.1047439575, 57.7347984314, 44.8271522522, 51.7189445496, 59.7355804443, 47.9887161255, 35.7404823303, 20.5313472748, 18.5316162109, 7.66270828247, 6.021089077, 5.16561317444, 4.34727954865, 8.57778549194, 3.0498020649, 0.887798249722, 0.866749644279, 0.0478073358536, 0.00794287119061, 0.00243795081042, 0.000102883692307, 1.91138715309e-05, 1.64876528288e-05]
    },
    "gfcc": {
        "mean": [6.97665452957, 87.3833007812, -163.162017822, 35.5394325256, -76.4407501221, 11.8664684296, -42.7203826904, 10.1812505722, -17.8041667938, -5.7406244278, -7.6177687645, -1.41672587395, -8.46228981018],
        "cov": [[5431.09912109, 993.014099121, -665.92401123, 85.3969421387, -277.917877197, 18.2939300537, -80.9145584106, -21.0586147308, 75.5778579712, -198.394088745, 107.969535828, -149.080718994, 71.4872741699], [993.014099121, 446.420532227, -90.5062561035, -51.045715332, 56.4632835388, -38.4416007996, 4.40038442612, 21.1280670166, 37.4393157959, -52.4081726074, 37.9506454468, -35.1701164246, 16.5206069946], [-665.92401123, -90.5062561035, 414.495910645, 108.27734375, 19.4727916718, 77.9062423706, -67.5001602173, 4.60658740997, -29.953754425, 11.6313123703, -39.8915863037, 31.8881130219, -25.6359024048], [85.3969421387, -51.045715332, 108.27734375, 294.073486328, 7.60533189774, -5.44864034653, -38.1903839111, -34.0432167053, 18.9013977051, 5.86146259308, 0.69516825676, 14.1438121796, 10.5557775497], [-277.917877197, 56.4632835388, 19.4727916718, 7.60533189774, 212.095306396, -3.10843896866, 24.9346389771, 48.1655387878, 20.9943695068, 43.8143768311, -12.7190122604, -0.780900716782, -27.7477359772], [18.2939300537, -38.4416007996, 77.9062423706, -5.44864034653, -3.10843896866, 214.497451782, 70.4189300537, 5.79163599014, -14.4120502472, -6.72700643539, -3.202480793, -47.0207176208, -31.0210914612], [-80.9145584106, 4.40038442612, -67.5001602173, -38.1903839111, 24.9346389771, 70.4189300537, 183.577941895, 41.8624229431, -2.91415667534, 11.8055877686, 9.90948104858, -8.99193096161, -15.4303064346], [-21.0586147308, 21.1280670166, 4.60658740997, -34.0432167053, 48.1655387878, 5.79163599014, 41.8624229431, 113.448387146, 39.381313324, 2.59206604958, 2.27953338623, -2.29767417908, -2.23576307297], [75.5778579712, 37.4393157959, -29.953754425, 18.9013977051, 20.9943695068, -14.4120502472, -2.91415667534, 39.381313324, 96.4787826538, 29.0431461334, 12.0843477249, -9.38124084473, 15.3596811295], [-198.394088745, -52.4081726074, 11.6313123703, 5.86146259308, 43.8143768311, -6.72700643539, 11.8055877686, 2.59206604958, 29.0431461334, 107.127441406, 13.3592386246, 12.3147706985, -16.4346847534], [107.969535828, 37.9506454468, -39.8915863037, 0.69516825676, -12.7190122604, -3.202480793, 9.90948104858, 2.27953338623, 12.0843477249, 13.3592386246, 97.9377593994, 20.6593322754, 14.7323894501], [-149.080718994, -35.1701164246, 31.8881130219, 14.1438121796, -0.780900716782, -47.0207176208, -8.99193096161, -2.29767417908, -9.38124084473, 12.3147706985, 20.6593322754, 106.318878174, 31.3313522339], [71.4872741699, 16.5206069946, -25.6359024048, 10.5557775497, -27.7477359772, -31.0210914612, -15.4303064346, -2.23576307297, 15.3596811295, -16.4346847534, 14.7323894501, 31.3313522339, 71.8992538452]],
        "icov": [[0.00153633521404, -0.00436979020014, 0.00391485309228, -0.0028587304987, 0.00370132480748, -0.00339859467931, 0.00329743046314, -0.00340355234221, 0.00251302984543, -0.00212669814937, 0.00187288154848, -0.00158785842359, 0.0011412211461], [-0.00436979020014, 0.0157605744898, -0.0113679962233, 0.00893506594002, -0.0121812857687, 0.0106733748689, -0.00986647512764, 0.0107965143397, -0.00904929637909, 0.00895302463323, -0.00728858727962, 0.0059961299412, -0.00365924579091], [0.00391485309228, -0.0113679962233, 0.0144890062511, -0.00897960644215, 0.00965793337673, -0.0115552749485, 0.0113510293886, -0.0111320326105, 0.00852909963578, -0.00677159428596, 0.00670064566657, -0.00675592478365, 0.00423678662628], [-0.0028587304987, 0.00893506594002, -0.00897960644215, 0.00991619937122, -0.00783817190677, 0.00719409435987, -0.00678517622873, 0.00917547568679, -0.00744239101186, 0.00545912282541, -0.00449591036886, 0.00345161417499, -0.00270525645465], [0.00370132480748, -0.0121812857687, 0.00965793337673, -0.00783817190677, 0.0158525891602, -0.00836300849915, 0.00801155623049, -0.0114718573168, 0.00717488117516, -0.00878822989762, 0.00648584077135, -0.00488237198442, 0.00484250346199], [-0.00339859467931, 0.0106733748689, -0.0115552749485, 0.00719409435987, -0.00836300849915, 0.0157520193607, -0.0115375472233, 0.00938859954476, -0.00657650642097, 0.00656333379447, -0.00619829446077, 0.00789817795157, -0.00213153776713], [0.00329743046314, -0.00986647512764, 0.0113510293886, -0.00678517622873, 0.00801155623049, -0.0115375472233, 0.0162371601909, -0.0117134591565, 0.00829206965864, -0.00678078504279, 0.0046991975978, -0.00545112416148, 0.00335748540238], [-0.00340355234221, 0.0107965143397, -0.0111320326105, 0.00917547568679, -0.0114718573168, 0.00938859954476, -0.0117134591565, 0.0229044314474, -0.0140513814986, 0.00948087591678, -0.00563553255051, 0.00381529144943, -0.00193004170433], [0.00251302984543, -0.00904929637909, 0.00852909963578, -0.00744239101186, 0.00717488117516, -0.00657650642097, 0.00829206965864, -0.0140513814986, 0.0229814145714, -0.0114278243855, 0.00366653129458, 0.000127284161863, -0.00333985546604], [-0.00212669814937, 0.00895302463323, -0.00677159428596, 0.00545912282541, -0.00878822989762, 0.00656333379447, -0.00678078504279, 0.00948087591678, -0.0114278243855, 0.0189149603248, -0.00616422807798, 0.000945907901041, 0.00273693120107], [0.00187288154848, -0.00728858727962, 0.00670064566657, -0.00449591036886, 0.00648584077135, -0.00619829446077, 0.0046991975978, -0.00563553255051, 0.00366653129458, -0.00616422807798, 0.0155361043289, -0.00579421455041, 0.00067305623088], [-0.00158785842359, 0.0059961299412, -0.00675592478365, 0.00345161417499, -0.00488237198442, 0.00789817795157, -0.00545112416148, 0.00381529144943, 0.000127284161863, 0.000945907901041, -0.00579421455041, 0.0173147264868, -0.00841127429157], [0.0011412211461, -0.00365924579091, 0.00423678662628, -0.00270525645465, 0.00484250346199, -0.00213153776713, 0.00335748540238, -0.00193004170433, -0.00333985546604, 0.00273693120107, 0.00067305623088, -0.00841127429157, 0.0219985377043]]
    },
    "melbands": {
        "max": [0.00230413512327, 0.00453003682196, 0.00888076238334, 0.00631791073829, 0.00376270082779, 0.00826929230243, 0.00484032696113, 0.00431978562847, 0.00484647508711, 0.00451064249501, 0.00999169237912, 0.00268274522386, 0.00320413219742, 0.00233747367747, 0.00183681678027, 0.00163509882987, 0.00150662357919, 0.000893379095942, 0.000593890727032, 0.000591954274569, 0.000570067611989, 0.00092581519857, 0.000447989616077, 0.000426744867582, 0.000236764288275, 0.00015681059449, 0.000192840569071, 0.00013736487017, 4.95159110869e-05, 4.63168507849e-05, 3.13609343721e-05, 2.30431069213e-05, 3.74898190785e-05, 2.88240862574e-05, 4.87690449518e-05, 5.5001986766e-05, 2.19489538722e-05, 9.57414886216e-06, 4.98607232657e-06, 5.5636878642e-06],
        "mean": [0.000166585916304, 0.000327298796037, 0.000240117195062, 0.0002213682601, 0.00030238420004, 0.000582201464567, 0.000318078149576, 0.000265462789685, 0.000238421387621, 0.000357305456419, 0.000513139471877, 0.000128908708575, 0.000141635609907, 0.000138004426844, 0.000109839049401, 9.97781389742e-05, 8.33710000734e-05, 5.133806917e-05, 5.18336710229e-05, 4.30005493399e-05, 6.41948790872e-05, 5.39911816304e-05, 4.09005006077e-05, 4.05837599828e-05, 3.04196000798e-05, 1.6438702005e-05, 1.39272406159e-05, 1.09495458673e-05, 4.88207660965e-06, 4.99202451465e-06, 3.07333152705e-06, 2.71173780675e-06, 3.32388799507e-06, 2.17032629735e-06, 4.21231607106e-06, 2.57964916273e-06, 8.57429085954e-07, 4.1621933633e-07, 5.83660153097e-07, 4.41979722154e-07],
        "min": [6.0735813154e-24, 6.90751299958e-24, 1.22993370549e-23, 1.10379760775e-23, 1.4144744614e-23, 5.78872088151e-24, 7.12774797596e-24, 1.99409245698e-24, 4.16755137342e-24, 1.76873233018e-23, 1.23376094305e-23, 6.72224901599e-24, 7.50531100469e-24, 1.12384603434e-23, 9.61016544922e-24, 4.21548690076e-24, 5.71821170494e-24, 7.22182594979e-24, 1.19023270271e-23, 1.43720280626e-23, 9.72727342832e-24, 1.77396405571e-23, 1.11751242791e-23, 6.17409166105e-24, 5.78725754453e-24, 8.20820894821e-24, 1.98227098188e-23, 8.31675699763e-24, 1.10647192511e-23, 1.16686940371e-23, 8.63528877597e-24, 1.23032624267e-23, 9.08284822168e-24, 1.53873251797e-23, 1.57305869586e-23, 1.00761873956e-23, 7.86398949222e-24, 1.41807955574e-23, 7.17918644014e-24, 1.26630532081e-23],
        "stdev": [0.000254335813224, 0.000547310395632, 0.000478009489598, 0.000346726941643, 0.000397221476305, 0.00085630454123, 0.000489704951178, 0.000390833098209, 0.000448295875685, 0.00053162779659, 0.00105992588215, 0.000249042641371, 0.000282613211311, 0.000227792101214, 0.000151300540892, 0.000145654863445, 0.000141878641443, 9.76022347459e-05, 7.15287314961e-05, 5.20852154295e-05, 7.46132573113e-05, 7.5364143413e-05, 5.4394484323e-05, 4.56398520328e-05, 3.23208914779e-05, 1.61879779625e-05, 1.43072047649e-05, 1.27317916849e-05, 5.06668993694e-06, 5.14716793987e-06, 3.49462948179e-06, 2.7485202736e-06, 4.28270504926e-06, 2.51033202403e-06, 5.41093731954e-06, 3.63059484698e-06, 1.55292843829e-06, 6.75030491948e-07, 7.23114169432e-07, 6.71898931159e-07]
    },
    "melbands128": {
        "max": [0.000107571890112, 0.000596451340243, 0.0030815275386, 0.00701762270182, 0.00600386876613, 0.00430637272075, 0.00693504465744, 0.0119842290878, 0.0126565331593, 0.0061839367263, 0.00359368696809, 0.00426597008482, 0.0058727748692, 0.00619094166905, 0.00939196255058, 0.0155875543132, 0.011191659607, 0.00288107781671, 0.00493778381497, 0.00724615994841, 0.00655969977379, 0.00714527443051, 0.00787821412086, 0.00687922723591, 0.00943536125124, 0.0082212081179, 0.0164880920202, 0.0171002876014, 0.00467899115756, 0.00252755382098, 0.00560744525865, 0.00475181546062, 0.00580067373812, 0.00534055428579, 0.00281468429603, 0.00502748135477, 0.00286724371836, 0.00302856648341, 0.00412477599457, 0.00420198682696, 0.000932413851842, 0.00178211799357, 0.00308642303571, 0.00257121934555, 0.00148487195838, 0.00173754827119, 0.00231733801775, 0.0014243919868, 0.000865215843078, 0.0013723471202, 0.000957728363574, 0.000707013532519, 0.00129456887953, 0.00112364441156, 0.00176013319287, 0.00151544564869, 0.00109103019349, 0.00100415106863, 0.000768552010413, 0.000775821506977, 0.000808393931948, 0.0008780384087, 0.00052744342247, 0.000362856546417, 0.000269732408924, 0.000182528441655, 0.000468447309686, 0.000404849502956, 0.000179542490514, 0.000225859475904, 0.000201567643671, 0.000100274352008, 7.27385777282e-05, 8.37381812744e-05, 5.57544990443e-05, 9.2337904789e-05, 6.1441998696e-05, 5.24235510966e-05, 4.46587946499e-05, 6.77505522617e-05, 3.31723313138e-05, 2.6631360015e-05, 6.6546475864e-05, 7.51857733121e-05, 4.30094914918e-05, 2.5509227271e-05, 3.75693671231e-05, 3.68068467651e-05, 6.62739184918e-05, 0.000115223381727, 8.08783224784e-05, 5.15288011229e-05, 3.63467261195e-05, 3.60703561455e-05, 2.00803369808e-05, 1.01383111542e-05, 1.16347991934e-05, 7.7236618381e-06, 6.50179799777e-06, 1.01647437987e-05, 1.20519289339e-05, 5.66201697438e-06, 8.9418870175e-07, 5.55124415769e-07, 2.38477809944e-07, 1.03605337642e-07, 8.87325768417e-08, 1.35422226322e-07, 2.65554746193e-07, 3.62481870297e-07, 1.29242749836e-07, 1.43720896517e-07, 1.08686101896e-07, 2.65751634032e-08, 2.41544224622e-08, 2.2787419951e-08, 2.18074767133e-08, 2.09179056299e-08, 2.01569196889e-08, 1.95407601211e-08, 1.89760847036e-08, 1.84762072308e-08, 1.80742993905e-08, 1.77036891813e-08, 1.74367986716e-08, 1.71660552439e-08, 1.69812537365e-08, 1.68883218521e-08],
        "mean": [7.59090198699e-06, 4.86208045913e-05, 0.000214930958464, 0.000423420511652, 0.000375117670046, 0.000239181681536, 0.000183852942428, 0.000271819008049, 0.000289962539682, 0.000173835549504, 0.000214056723053, 0.000246839917963, 0.000267293595243, 0.000449162325822, 0.000570577918552, 0.000746517442167, 0.000470597267849, 0.000145236204844, 0.00023214428802, 0.000349369249307, 0.000211440914427, 0.000240842055064, 0.000246706040343, 0.000226435324294, 0.000255413062405, 0.000316536083119, 0.000803043541964, 0.00065656559309, 0.000168161292095, 9.52204063651e-05, 0.000122109864606, 0.000169708422618, 0.000170215324033, 8.96105848369e-05, 0.000122499113786, 0.000177877955139, 0.000128385305288, 6.00532766839e-05, 0.0001382825576, 0.000146939375554, 4.9765832955e-05, 0.000101554847788, 0.000108137443021, 6.30146532785e-05, 4.15207396145e-05, 5.57730672881e-05, 5.36000916327e-05, 4.42069467681e-05, 4.5463864808e-05, 8.05897288956e-05, 2.71729149972e-05, 2.42057121795e-05, 6.60040823277e-05, 7.29056919226e-05, 8.15398816485e-05, 4.66649544251e-05, 3.38086174452e-05, 5.63628309465e-05, 3.48193134414e-05, 3.01169729937e-05, 4.45435034635e-05, 4.68532016384e-05, 3.44807267538e-05, 2.76874961855e-05, 1.84401269507e-05, 1.3321521692e-05, 1.91822364286e-05, 1.3871696865e-05, 9.5732830232e-06, 1.80950737558e-05, 1.49474753925e-05, 5.00400255987e-06, 3.56031387128e-06, 5.76648972128e-06, 4.85652890347e-06, 6.35444757791e-06, 4.26848328061e-06, 2.9672371511e-06, 2.98187410408e-06, 3.24474785884e-06, 2.41172983806e-06, 1.90161915725e-06, 4.40856456407e-06, 4.12261579186e-06, 1.79668404598e-06, 1.88996045836e-06, 2.41649740929e-06, 2.47809634857e-06, 4.62319940198e-06, 5.47213312529e-06, 3.50763093593e-06, 1.56135865836e-06, 1.21486311855e-06, 8.59668830344e-07, 6.91119510066e-07, 4.36286057948e-07, 3.66775225302e-07, 3.46319950495e-07, 3.73216124672e-07, 8.93374078714e-07, 8.818291235e-07, 2.50958464676e-07, 7.80916451504e-08, 4.68568934764e-08, 2.88135542093e-08, 2.29317791423e-08, 2.44918130221e-08, 2.55269938521e-08, 2.76458305137e-08, 2.59463099894e-08, 1.9944677021e-08, 1.65454032697e-08, 1.2959397111e-08, 1.74126835173e-09, 2.34635644247e-11, 2.14862259929e-11, 2.05919968577e-11, 1.9776801724e-11, 1.90840346997e-11, 1.8519647621e-11, 1.80045145459e-11, 1.75476161379e-11, 1.71674948563e-11, 1.68181909371e-11, 1.65721776579e-11, 1.63282668636e-11, 1.61654595959e-11, 1.60734099641e-11],
        "min": [9.85457960399e-25, 4.04611175909e-24, 8.11215251123e-24, 1.0153922538e-23, 4.991981228e-24, 4.37017226908e-24, 1.4494771664e-23, 1.69908963843e-23, 6.29018832048e-24, 6.61807756687e-24, 1.75597471385e-23, 1.60448849204e-23, 1.53533899613e-23, 1.02957660397e-23, 5.29586188717e-24, 2.5630173641e-24, 5.44029798018e-24, 1.14184097711e-23, 4.79842473857e-24, 1.2185975179e-24, 1.27366484086e-24, 9.94790973769e-25, 1.76878648548e-24, 1.01281449302e-23, 1.86914107055e-23, 1.69449184153e-23, 2.46021782299e-23, 9.49774882592e-24, 7.58272113646e-24, 1.73009502745e-24, 1.04820310878e-23, 8.03643921927e-24, 7.93414210366e-24, 4.95046702843e-24, 7.76478313364e-24, 1.19166906064e-23, 2.09531064753e-23, 1.05794743422e-23, 1.60398772314e-24, 3.76454797492e-24, 4.68926137765e-24, 5.87572001201e-24, 3.92749271692e-24, 5.87042478319e-24, 9.80453998741e-24, 7.3129725165e-24, 4.75373300728e-24, 1.28339078584e-23, 1.64930020908e-23, 6.15902915093e-24, 2.12705661916e-23, 1.32637400219e-23, 9.79624511499e-24, 9.15401688597e-24, 5.47391292108e-24, 3.0224817464e-23, 1.30243404587e-23, 1.40054933093e-23, 1.15703996017e-23, 3.55754101263e-24, 8.77879046324e-24, 3.82202161946e-24, 5.01169170658e-24, 7.17829423846e-24, 5.44844533561e-24, 8.97766939719e-24, 4.30131536168e-24, 2.454924093e-23, 2.52802120665e-23, 1.10825049091e-23, 6.87281653038e-24, 8.09824568233e-24, 8.54783250057e-24, 1.28187956501e-23, 1.02382833232e-23, 1.54867169206e-23, 1.04974051979e-23, 7.230524719e-24, 7.70477448458e-24, 7.53656961806e-24, 2.2258259488e-23, 8.140709276e-24, 4.58926655259e-24, 9.40336714064e-24, 1.16159097762e-23, 1.62054701795e-23, 1.37348493322e-23, 2.03363055998e-23, 1.90582767804e-23, 8.83170094187e-24, 1.07129811618e-23, 1.28865816788e-23, 5.63101062605e-24, 3.98283959246e-24, 1.21321348306e-23, 1.38561540513e-23, 1.74863420536e-23, 9.99239774566e-24, 6.75847429762e-24, 4.65501653132e-24, 8.19208305359e-24, 1.48145064552e-23, 1.74539119818e-23, 1.97725382653e-23, 1.42679173557e-23, 1.21043109176e-23, 1.5652126853e-23, 1.0527004048e-23, 6.65723741107e-24, 8.57556490569e-24, 1.11754011693e-23, 9.01062327265e-24, 1.124804737e-23, 9.18327021492e-24, 1.28330905985e-23, 7.54255628347e-24, 7.53359009042e-24, 9.93097940216e-24, 1.00306724879e-23, 9.91285295628e-24, 9.31508887218e-24, 1.0221457709e-23, 9.76161964328e-24, 1.45722961806e-23, 1.36492563463e-23, 1.12958278862e-23, 1.31225315533e-23, 1.05023056019e-23],
        "stdev": [8.7124417405e-06, 7.34318527975e-05, 0.0003317752562, 0.000801367626991, 0.000756143068429, 0.000413927569753, 0.000346590823028, 0.000665932428092, 0.000758763228077, 0.00031830611988, 0.000330798793584, 0.0004151724861, 0.000523931346834, 0.000815187871922, 0.000967869826127, 0.00154834229033, 0.00106710440014, 0.000276015372947, 0.000375356234144, 0.000595670251641, 0.000506229000166, 0.000624699401669, 0.000652904447634, 0.000525929499418, 0.00063017080538, 0.0007040121709, 0.0016577031929, 0.00175333127845, 0.000425661797635, 0.000278967927443, 0.000385645427741, 0.000434241286712, 0.000436728412751, 0.000314589095069, 0.00028821505839, 0.000362745457096, 0.000245823699515, 0.000173707536305, 0.000255940540228, 0.000312831922201, 0.000107298605144, 0.000196543289348, 0.000246416573646, 0.000155401299708, 0.000110120105091, 0.000167459991644, 0.000149529718328, 0.000115925038699, 6.92751127644e-05, 0.000127249935758, 5.36590450793e-05, 5.26372932654e-05, 0.000102052326838, 0.00010837292939, 0.00016562017845, 0.000107159969048, 7.02458419255e-05, 0.000100425917481, 6.27633926342e-05, 6.44547617412e-05, 6.87386127538e-05, 6.88450745656e-05, 5.40676664968e-05, 4.32374399679e-05, 2.95552235912e-05, 1.8865463062e-05, 3.19319333357e-05, 2.47267635132e-05, 1.49158977365e-05, 2.43432787101e-05, 2.13189396163e-05, 9.17449233384e-06, 5.83341989113e-06, 8.36384970171e-06, 6.35149808659e-06, 8.77389084053e-06, 6.14879309069e-06, 4.86392900712e-06, 4.37001244791e-06, 4.58857402919e-06, 3.69851363757e-06, 2.67697510026e-06, 6.92209687259e-06, 7.10853237251e-06, 3.09679012389e-06, 2.82582277578e-06, 3.35258596351e-06, 3.34843502969e-06, 6.603896054e-06, 8.38096093503e-06, 5.43417127119e-06, 2.80403560282e-06, 2.32502134168e-06, 1.81914674613e-06, 1.39507756103e-06, 8.04261730991e-07, 6.73709962484e-07, 5.20229889389e-07, 4.60156087456e-07, 1.43580950862e-06, 1.46686750213e-06, 4.0677818447e-07, 8.04441810942e-08, 4.26508037776e-08, 2.15574509355e-08, 1.34307702737e-08, 1.271352712e-08, 1.44579619388e-08, 2.20791225303e-08, 2.08758912379e-08, 1.27817969542e-08, 1.50349688255e-08, 1.23044481271e-08, 2.15811235549e-09, 6.82819412123e-10, 6.44194142474e-10, 6.16491080407e-10, 5.91342808054e-10, 5.69829516905e-10, 5.52410450716e-10, 5.36446831401e-10, 5.22315191098e-10, 5.10953390709e-10, 5.00476382559e-10, 4.92931306884e-10, 4.85277207307e-10, 4.80052664287e-10, 4.77425599055e-10]
    },
    "mfcc": {
        "mean": [-613.248840332, 102.910987854, -24.7030639648, 13.3376216888, -6.82666158676, -5.68706941605, -10.1792516708, 7.35812044144, -8.56356334686, 1.5764592886, -1.86391890049, 0.809388458729, -0.129954487085],
        "cov": [[3303.45019531, 504.311035156, -229.988815308, -74.8359298706, -85.4895095825, -84.0890045166, -42.9410247803, 55.8855323792, -54.2006797791, 28.8028926849, -4.78737258911, -27.5256519318, 28.342546463], [504.311035156, 477.609100342, -156.142120361, -61.444644928, 42.2364845276, -72.9944992065, 13.9333133698, 37.0524291992, -7.83481311798, 32.2705459595, 25.2527542114, -20.4262275696, 4.61920118332], [-229.988815308, -156.142120361, 423.919830322, 9.34503650665, 51.313911438, 67.8437347412, 0.733849227428, 1.7772397995, 0.293073266745, -45.5335044861, -38.6978378296, 13.6331529617, -1.54314863682], [-74.8359298706, -61.444644928, 9.34503650665, 280.143280029, 65.9357833862, -0.0531354285777, -58.519859314, -23.6926116943, 9.94384765625, -30.8858299255, -17.2622089386, 37.442401886, 4.35597705841], [-85.4895095825, 42.2364845276, 51.313911438, 65.9357833862, 197.553375244, -0.466065824032, -34.7300758362, -13.1437444687, 11.0857439041, 17.7375812531, -0.514279484749, 9.76321411133, 9.79574298859], [-84.0890045166, -72.9944992065, 67.8437347412, -0.0531354285777, -0.466065824032, 162.110351562, 53.2530784607, -8.74754428864, 8.47228813171, 13.8233852386, 16.4757385254, 13.6480922699, -16.8928756714], [-42.9410247803, 13.9333133698, 0.733849227428, -58.519859314, -34.7300758362, 53.2530784607, 150.181213379, 60.2146453857, -5.17759418488, 29.0798168182, 30.3868751526, -6.44469022751, 11.5267105103], [55.8855323792, 37.0524291992, 1.7772397995, -23.6926116943, -13.1437444687, -8.74754428864, 60.2146453857, 108.428909302, 27.2288837433, -0.372711390257, 3.80710315704, -8.49585723877, 11.9305276871], [-54.2006797791, -7.83481311798, 0.293073266745, 9.94384765625, 11.0857439041, 8.47228813171, -5.17759418488, 27.2288837433, 99.9579696655, 36.0812225342, 6.93911552429, -1.06546258926, -3.42046689987], [28.8028926849, 32.2705459595, -45.5335044861, -30.8858299255, 17.7375812531, 13.8233852386, 29.0798168182, -0.372711390257, 36.0812225342, 120.974555969, 49.3675842285, -12.1489458084, -7.29555749893], [-4.78737258911, 25.2527542114, -38.6978378296, -17.2622089386, -0.514279484749, 16.4757385254, 30.3868751526, 3.80710315704, 6.93911552429, 49.3675842285, 100.978401184, 22.0646839142, -8.43471336365], [-27.5256519318, -20.4262275696, 13.6331529617, 37.442401886, 9.76321411133, 13.6480922699, -6.44469022751, -8.49585723877, -1.06546258926, -12.1489458084, 22.0646839142, 75.5750198364, 22.2307758331], [28.342546463, 4.61920118332, -1.54314863682, 4.35597705841, 9.79574298859, -16.8928756714, 11.5267105103, 11.9305276871, -3.42046689987, -7.29555749893, -8.43471336365, 22.2307758331, 91.3503265381]],
        "icov": [[0.000400729390094, -0.000446040154202, 2.55852955888e-05, -3.79186094506e-05, 0.00035659520654, -0.00023104736465, 0.000539454689715, -0.000425975653343, 0.000411016284488, -0.000324978725985, 0.000141415192047, 1.75321304141e-06, -0.000190870603547], [-0.000446040154202, 0.00337334047072, 0.000988898798823, 0.000754179258365, -0.00163319997955, 0.0011203144677, -0.000688134750817, -0.000551147910301, 0.000109679705929, 0.000226265809033, -0.000426797312684, 0.000117223164125, 0.000443914963398], [2.55852955888e-05, 0.000988898798823, 0.00327667663805, 0.000624945270829, -0.00137835240457, -0.00107006472535, 3.10547547997e-05, -0.000644480111077, 1.27542025439e-05, 0.00101634010207, 0.000939128047321, -0.000519275432453, 0.000292513286695], [-3.79186094506e-05, 0.000754179258365, 0.000624945270829, 0.00475949421525, -0.0017349019181, -0.000173641557922, 0.000990273081698, -6.44423489575e-05, -0.000584132852964, 0.00103277119342, 0.00061457202537, -0.00209366180934, 0.000421485397965], [0.00035659520654, -0.00163319997955, -0.00137835240457, -0.0017349019181, 0.00709672085941, -0.000664676888846, 0.0021706034895, -0.000376784621039, 0.000529165496118, -0.00235829665326, 9.15502023418e-05, 0.00011653675756, -0.00126564165112], [-0.00023104736465, 0.0011203144677, -0.00107006472535, -0.000173641557922, -0.000664676888846, 0.00954129733145, -0.00559069076553, 0.00361488619819, -0.00206139590591, 0.000301316264085, -0.000134676534799, -0.0018763623666, 0.0024653300643], [0.000539454689715, -0.000688134750817, 3.10547547997e-05, 0.000990273081698, 0.0021706034895, -0.00559069076553, 0.0149542074651, -0.0091257058084, 0.00503775151446, -0.0037490054965, -0.00188505870756, 0.00131957931444, -0.00274695502594], [-0.000425975653343, -0.000551147910301, -0.000644480111077, -6.44423489575e-05, -0.000376784621039, 0.00361488619819, -0.0091257058084, 0.016921652481, -0.00714229233563, 0.00433955760673, -0.000572095334064, 0.00126911792904, -0.000479935784824], [0.000411016284488, 0.000109679705929, 1.27542025439e-05, -0.000584132852964, 0.000529165496118, -0.00206139590591, 0.00503775151446, -0.00714229233563, 0.0148191656917, -0.00636000186205, 0.00126993795857, -0.000822042580694, 0.000118437732453], [-0.000324978725985, 0.000226265809033, 0.00101634010207, 0.00103277119342, -0.00235829665326, 0.000301316264085, -0.0037490054965, 0.00433955760673, -0.00636000186205, 0.0150490021333, -0.00641565257683, 0.00396317336708, -0.000320906139677], [0.000141415192047, -0.000426797312684, 0.000939128047321, 0.00061457202537, 9.15502023418e-05, -0.000134676534799, -0.00188505870756, -0.000572095334064, 0.00126993795857, -0.00641565257683, 0.0159969720989, -0.00732770189643, 0.00303760264069], [1.75321304141e-06, 0.000117223164125, -0.000519275432453, -0.00209366180934, 0.00011653675756, -0.0018763623666, 0.00131957931444, 0.00126911792904, -0.000822042580694, 0.00396317336708, -0.00732770189643, 0.0194229856133, -0.00572473276407], [-0.000190870603547, 0.000443914963398, 0.000292513286695, 0.000421485397965, -0.00126564165112, 0.0024653300643, -0.00274695502594, -0.000479935784824, 0.000118437732453, -0.000320906139677, 0.00303760264069, -0.00572473276407, 0.0136218322441]]
    },
    "spectral_contrast_coeffs": {
        "max": [-0.511025547981, -0.465139806271, -0.487517803907, -0.605135500431, -0.589112758636, -0.628271102905],
        "mean": [-0.713127732277, -0.740680932999, -0.715685427189, -0.744630217552, -0.729905068874, -0.737678945065],
        "min": [-0.953822433949, -0.964647710323, -0.958823740482, -0.966075956821, -0.962252378464, -0.960722208023],
        "stdev": [0.0690253004432, 0.0715915709734, 0.0723207369447, 0.051225181669, 0.0541868619621, 0.0375630483031]
    },
    "spectral_contrast_valleys": {
        "max": [-5.51329374313, -5.05258703232, -5.46347808838, -5.82754945755, -6.0791721344, -8.73652648926],
        "mean": [-7.2165389061, -6.53838825226, -7.18672275543, -7.41607189178, -7.39371156693, -10.1765260696],
        "min": [-27.235496521, -27.6274871826, -27.4127349854, -27.0599384308, -27.1740989685, -27.2185192108],
        "stdev": [0.975924134254, 0.970124125481, 0.959554791451, 0.895771384239, 0.851429879665, 0.751428902149]
    }
},
"rhythm": {
    "beats_count": 52,
    "beats_loudness": {
        "max": 0.0669118314981,
        "mean": 0.0323614962399,
        "min": 0.00364192808047,
        "stdev": 0.0120753189549
    },
    "bpm": 110.091545105,
    "bpm_histogram_first_peak_bpm": 110,
    "bpm_histogram_first_peak_weight": 0.595744669437,
    "bpm_histogram_second_peak_bpm": 105,
    "bpm_histogram_second_peak_spread": 0,
    "bpm_histogram_second_peak_weight": 0.0392156876624,
    "danceability": 1.51778614521,
    "onset_rate": 3.48115801811,
    "beats_loudness_band_ratio": {
        "max": [0.493962287903, 0.488197505474, 0.660024762154, 0.507338404655, 0.677896797657, 0.268764108419],
        "mean": [0.155858501792, 0.154321655631, 0.284925967455, 0.216217786074, 0.178070396185, 0.0583710819483],
        "min": [0.00996801070869, 0.0174418520182, 0.0638632029295, 0.0124258184806, 0.0370078571141, 0.0150581859052],
        "stdev": [0.112032823265, 0.12792147696, 0.161432310939, 0.146087497473, 0.118516087532, 0.0451966114342]
    },
    "beats_position": [0.545668900013, 1.10294783115, 1.67183673382, 2.22911548615, 2.7863945961, 3.34367346764, 3.90095233917, 4.45823097229, 5.02712011337, 5.58439922333, 6.13006782532, 6.68734693527, 7.24462556839, 7.80190467834, 8.35918331146, 8.91646194458, 9.46213150024, 10.0078001022, 10.5534696579, 11.0875282288, 11.6099767685, 12.144036293, 12.689704895, 13.235373497, 13.7694330215, 14.3151016235, 14.8607711792, 15.3948297501, 15.9288883209, 16.4745578766, 17.0202255249, 17.5542850494, 18.088344574, 18.6224040985, 19.1564617157, 19.7021312714, 20.247800827, 20.7934684753, 21.339138031, 21.8848075867, 22.4188652039, 22.9645347595, 23.5102043152, 24.0558719635, 24.589931488, 25.1472110748, 25.681268692, 26.2153282166, 26.7493877411, 27.2718353271, 27.8175048828, 28.3515644073],
