{
"metadata": {
    "version": {
        "essentia": "2.1-beta5",
        "essentia_git_sha": "Undefined",
        "extractor": "music 2.0"
    },
    "audio_properties": {
        "analysis": {
            "equal_loudness": 0,
            "length": 48.7502937317,
            "sample_rate": 44100,
            "start_time": 93.9943771362,
            "downmix": "mix"
        },
        "bit_rate": 192000,
        "length": 175.148132324,
        "lossless": 0,
        "number_channels": 2,
        "replay_gain": -7.81928634644,
        "sample_rate": 48000,
        "codec": "mp3",
        "md5_encoded": "d8005524127a7b01c3fb748a0953ff1f"
    },
    "tags": {
        "file_name": "Monaco_Comme On S_aime_Anne-Marie Godart and Peter MacLane.mp3",
        "encoding": ["Lavf58.29.100"]
    }
},
"lowlevel": {
    "average_loudness": 0.879139661789,
    "barkbands_crest": {
        "max": 21.9826755524,
        "mean": 9.19989776611,
        "min": 2.84727621078,
        "stdev": 3.47354531288
    },
    "barkbands_flatness_db": {
        "max": 0.301434189081,
        "mean": 0.189360484481,
        "min": 0.0990550369024,
        "stdev": 0.02979779616
    },
    "barkbands_kurtosis": {
        "max": 26.14503479,
        "mean": 1.44827234745,
        "min": -1.78751838207,
        "stdev": 2.92116928101
    },
    "barkbands_skewness": {
        "max": 4.16231489182,
        "mean": 0.652705907822,
        "min": -2.12551498413,
        "stdev": 0.905172407627
    },
    "barkbands_spread": {
        "max": 67.839263916,
        "mean": 14.6087827682,
        "min": 3.01441287994,
        "stdev": 6.64042711258
    },
    "dissonance": {
        "max": 0.499551415443,
        "mean": 0.446217089891,
        "min": 0.273370057344,
        "stdev": 0.0347725525498
    },
    "dynamic_complexity": 2.97508025169,
    "erbbands_crest": {
        "max": 32.2947235107,
        "mean": 11.3810071945,
        "min": 3.51456809044,
        "stdev": 5.0899066925
    },
    "erbbands_flatness_db": {
        "max": 0.365469574928,
        "mean": 0.248855993152,
        "min": 0.132953226566,
        "stdev": 0.0380607880652
    },
    "erbbands_kurtosis": {
        "max": 24.0339107513,
        "mean": 0.86757171154,
        "min": -1.74976158142,
        "stdev": 2.0965988636
    },
    "erbbands_skewness": {
        "max": 2.6314291954,
        "mean": 0.300791025162,
        "min": -3.17837762833,
        "stdev": 0.673679053783
    },
    "erbbands_spread": {
        "max": 57.3568344116,
        "mean": 20.7434082031,
        "min": 2.66848349571,
        "stdev": 9.8852519989
    },
    "hfc": {
        "max": 109.495323181,
        "mean": 24.1536273956,
        "min": 0.127012148499,
        "stdev": 19.0884571075
    },
    "loudness_ebu128": {
        "integrated": -15.8103981018,
        "loudness_range": 5.28024768829,
        "momentary": {
            "max": -11.5173492432,
            "mean": -16.7464694977,
            "min": -32.9368438721,
            "stdev": 3.20215392113
        },
        "short_term": {
            "max": -12.8429355621,
            "mean": -16.1395549774,
            "min": -22.22057724,
            "stdev": 1.8894982338
        }
    },
    "melbands_crest": {
        "max": 28.1798419952,
        "mean": 12.0799093246,
        "min": 3.52916359901,
        "stdev": 4.49131965637
    },
    "melbands_flatness_db": {
        "max": 0.390725046396,
        "mean": 0.21590551734,
        "min": 0.091991238296,
        "stdev": 0.0450402647257
    },
    "melbands_kurtosis": {
        "max": 68.4884872437,
        "mean": 3.40842008591,
        "min": -1.64428567886,
        "stdev": 5.77534914017
    },
    "melbands_skewness": {
        "max": 6.11629962921,
        "mean": 1.10046720505,
        "min": -1.72251474857,
        "stdev": 1.10290002823
    },
    "melbands_spread": {
        "max": 87.4870758057,
        "mean": 22.6091880798,
        "min": 2.51626801491,
        "stdev": 10.7046022415
    },
    "pitch_salience": {
        "max": 0.796584248543,
        "mean": 0.56729221344,
        "min": 0.233929276466,
        "stdev": 0.0999976322055
    },
    "silence_rate_20dB": {
        "max": 1,
        "mean": 1,
        "min": 1,
        "stdev": 0
    },
    "silence_rate_30dB": {
        "max": 1,
        "mean": 1,
        "min": 1,
        "stdev": 0
    },
    "silence_rate_60dB": {
        "max": 1,
        "mean": 0.038553070277,
        "min": 0,
        "stdev": 0.19252859056
    },
    "spectral_centroid": {
        "max": 3413.19042969,
        "mean": 1218.4453125,
        "min": 288.33013916,
        "stdev": 426.390899658
    },
    "spectral_complexity": {
        "max": 51,
        "mean": 19.4026660919,
        "min": 0,
        "stdev": 7.52477407455
    },
    "spectral_decrease": {
        "max": -3.98090137244e-11,
        "mean": -6.26988638786e-09,
        "min": -2.61097792276e-08,
        "stdev": 3.74495678912e-09
    },
    "spectral_energy": {
        "max": 0.107944689691,
        "mean": 0.0258547905833,
        "min": 0.000161914271303,
        "stdev": 0.0156910605729
    },
    "spectral_energyband_high": {
        "max": 0.00772995920852,
        "mean": 0.000205830292543,
        "min": 4.43951449824e-07,
        "stdev": 0.00031015323475
    },
    "spectral_energyband_low": {
        "max": 0.0333255790174,
        "mean": 0.00297975656576,
        "min": 1.32464310809e-06,
        "stdev": 0.00396197196096
    },
    "spectral_energyband_middle_high": {
        "max": 0.0868317559361,
        "mean": 0.0125676933676,
        "min": 1.8252974769e-05,
        "stdev": 0.0128227677196
    },
    "spectral_energyband_middle_low": {
        "max": 0.0583428367972,
        "mean": 0.0108315115795,
        "min": 1.84878717846e-05,
        "stdev": 0.00765159213915
    },
    "spectral_entropy": {
        "max": 8.40550231934,
        "mean": 7.12792015076,
        "min": 5.85282802582,
        "stdev": 0.281028091908
    },
    "spectral_flux": {
        "max": 0.287838339806,
        "mean": 0.0804655924439,
        "min": 0.00586590357125,
        "stdev": 0.0363017246127
    },
    "spectral_kurtosis": {
        "max": 42.2270736694,
        "mean": 7.15607595444,
        "min": -0.200317382812,
        "stdev": 4.52881288528
    },
    "spectral_rms": {
        "max": 0.010262157768,
        "mean": 0.00474709551781,
        "min": 0.000397448282456,
        "stdev": 0.00163990817964
    },
    "spectral_rolloff": {
        "max": 4909.5703125,
        "mean": 1353.67602539,
        "min": 107.666015625,
        "stdev": 561.987670898
    },
    "spectral_skewness": {
        "max": 4.96901082993,
        "mean": 1.66603088379,
        "min": -0.010366262868,
        "stdev": 0.530598819256
    },
    "spectral_spread": {
        "max": 24798702,
        "mean": 2532716.25,
        "min": 1331567.25,
        "stdev": 713519.4375
    },
    "spectral_strongpeak": {
        "max": 16.1639156342,
        "mean": 2.13072156906,
        "min": 0.0333135686815,
        "stdev": 2.05744385719
    },
    "zerocrossingrate": {
        "max": 0.1181640625,
        "mean": 0.0480035543442,
        "min": 0.00439453125,
        "stdev": 0.0148336635903
    },
    "barkbands": {
        "max": [0.000259297608864, 0.0276908203959, 0.0132703259587, 0.0310781020671, 0.0207758825272, 0.0436851494014, 0.0301432069391, 0.0325915291905, 0.0253456681967, 0.039219211787, 0.06896122545, 0.0469698235393, 0.0323628820479, 0.01762284711, 0.0275142714381, 0.0190027896315, 0.0109534077346, 0.00399342551827, 0.00333944708109, 0.00206248532049, 0.00398958800361, 0.00217126077041, 0.000664041261189, 0.000104538579762, 2.77284852928e-05, 5.79825268687e-07, 1.81059590432e-07],
        "mean": [7.51872266846e-06, 0.00159356405493, 0.000992322573438, 0.00112546910532, 0.0016342404997, 0.00183593167458, 0.00154640129767, 0.0015407508472, 0.00232764962129, 0.00243431027047, 0.00265127397142, 0.00176170060877, 0.00148017692845, 0.00112741137855, 0.00186798290815, 0.000535384111572, 0.000456231384305, 0.00036673687282, 0.000275638129096, 0.000186247227248, 5.90758645558e-05, 2.8457308872e-05, 1.43057404784e-05, 5.10700556333e-06, 9.11492179512e-07, 3.53883784499e-08, 3.41273720394e-09],
        "min": [1.38816158568e-09, 3.54791360735e-08, 3.51409681798e-07, 2.33031840935e-07, 1.43382624174e-06, 1.01590649138e-06, 4.68179848667e-07, 5.08705227276e-07, 8.63052264322e-07, 3.63443382412e-06, 3.84275836041e-07, 1.49990739828e-07, 3.03481925812e-07, 1.5199424297e-07, 5.99908844379e-07, 7.45825872173e-08, 8.68489209438e-08, 6.94286157454e-08, 1.98262156914e-07, 1.27147615103e-07, 1.48402028444e-08, 2.32600374517e-08, 1.09207407561e-08, 1.18382130765e-08, 8.1559661802e-11, 2.02663701793e-11, 2.61809601776e-11],
        "stdev": [2.07426564884e-05, 0.00284031918272, 0.00140667450614, 0.00205847807229, 0.00176447769627, 0.00391726475209, 0.00276346318424, 0.00255106878467, 0.00306805828586, 0.00424200855196, 0.00601637968794, 0.00436139665544, 0.00247978954576, 0.00196867575869, 0.0034215063788, 0.00140669872053, 0.000735119683668, 0.000450188294053, 0.000388316693716, 0.000234997656662, 0.000131822016556, 7.13655972504e-05, 2.70564178209e-05, 7.80436857895e-06, 1.38035136388e-06, 4.72267345231e-08, 7.63523555491e-09]
    },
    "erbbands": {
        "max": [0.450790673494, 7.17463493347, 16.922908783, 59.2291870117, 110.345306396, 118.39402771, 129.057418823, 471.271362305, 293.776397705, 626.951049805, 803.772155762, 784.974365234, 1666.55029297, 2737.32226562, 3681.03588867, 2219.24926758, 1672.64758301, 852.232727051, 1835.26586914, 909.943969727, 946.354553223, 428.753051758, 217.183181763, 193.613388062, 178.490325928, 127.170051575, 122.75328064, 172.454025269, 95.4654846191, 41.7267532349, 15.2383413315, 3.08772611618, 1.15997540951, 0.535194754601, 0.0545481331646, 0.00378066720441, 0.000619001220912, 0.000139202646096, 5.86774149269e-05, 0.000128496962134],
        "mean": [0.0171753540635, 0.446735233068, 1.33521318436, 2.19621086121, 4.73795843124, 5.34651470184, 9.44923400879, 16.4491825104, 20.6380996704, 27.6049118042, 39.0357780457, 54.8521232605, 61.3892669678, 99.824798584, 104.453079224, 72.4879302979, 69.4249191284, 70.9155349731, 94.481338501, 53.016582489, 27.0419902802, 25.3479576111, 20.3540039062, 19.1781921387, 11.436006546, 8.30155086517, 3.99247574806, 1.81722927094, 1.20285069942, 0.586048960686, 0.391008704901, 0.169575363398, 0.0625748261809, 0.0209130011499, 0.00182506046258, 0.000217191118281, 8.46612092573e-05, 1.72405725607e-05, 1.48303206515e-05, 3.10401337629e-05],
        "min": [5.66352809983e-07, 2.81283155346e-05, 0.000493055442348, 0.00233258190565, 0.00432098563761, 0.0053568193689, 0.0137529606, 0.00888219662011, 0.00572795374319, 0.0103448098525, 0.0185652114451, 0.0297367349267, 0.179031208158, 0.0873387157917, 0.0815560892224, 0.0818559080362, 0.0194861870259, 0.0335976965725, 0.0238880869001, 0.036091517657, 0.0167582985014, 0.00908182561398, 0.00621209107339, 0.0138319376856, 0.00634453538805, 0.00747803878039, 0.00329079828225, 0.000391155830584, 0.000838282809127, 0.00047773856204, 0.000366023305105, 0.000162826705491, 3.77028409275e-05, 7.65657296142e-06, 4.1983189476e-06, 2.62721937361e-06, 9.81899802355e-07, 2.23618314976e-07, 4.18741137764e-07, 2.68997126796e-07],
        "stdev": [0.0285469666123, 0.785890102386, 2.00206685066, 3.24759578705, 7.89650583267, 6.98126649857, 12.9965229034, 42.0560531616, 34.8777885437, 42.5269584656, 58.6596450806, 78.5017776489, 110.805107117, 186.962173462, 287.318725586, 174.045852661, 117.246459961, 99.7985839844, 173.099014282, 96.0455856323, 56.6682052612, 38.3940544128, 24.8108043671, 24.4164848328, 15.4926929474, 10.6039228439, 6.52316808701, 5.04063177109, 3.03233361244, 1.47618377209, 0.698866665363, 0.252959102392, 0.0908682867885, 0.0307473391294, 0.00273174559698, 0.0002330232237, 9.3265734904e-05, 1.85346107173e-05, 9.19153717405e-06, 1.91908220586e-05]
    },
    "gfcc": {
        "mean": [-42.2219543457, 152.754302979, -177.833908081, 24.9673042297, -58.3362693787, 0.778541088104, -23.7665042877, -8.99094104767, -7.77033090591, -17.8223552704, 0.222886145115, -19.5381755829, -2.25329041481],
        "cov": [[2748.89379883, -168.448638916, -817.260681152, 257.341583252, 21.9253540039, 121.677482605, 242.155151367, 31.0952129364, 113.406486511, -118.989585876, 117.35710907, -159.656066895, 91.8852310181], [-168.448638916, 419.860137939, 238.685699463, 35.0208740234, 89.5675811768, -91.2295227051, 41.4343032837, 23.2010536194, 69.8482894897, 4.94318199158, 58.9366378784, -4.14940500259, 19.5036735535], [-817.260681152, 238.685699463, 859.258483887, 130.153533936, 11.2737169266, 80.5894775391, -181.263900757, 106.597824097, -11.4204320908, 73.9396896362, 14.7608699799, 99.8955841064, 4.07599544525], [257.341583252, 35.0208740234, 130.153533936, 368.555145264, 7.60986375809, 69.3602371216, -28.9289360046, 50.4921722412, 79.5661010742, -43.5724868774, 71.4446105957, -33.2907066345, 68.4856033325], [21.9253540039, 89.5675811768, 11.2737169266, 7.60986375809, 239.021621704, -6.13766479492, 79.24559021, 42.1886367798, 7.91286373138, 60.8018455505, -21.2988929749, 18.8214149475, -36.3765830994], [121.677482605, -91.2295227051, 80.5894775391, 69.3602371216, -6.13766479492, 280.560211182, 42.4747962952, 14.8521909714, -5.83421754837, -15.4493713379, 15.8761901855, -18.0370693207, 2.18081665039], [242.155151367, 41.4343032837, -181.263900757, -28.9289360046, 79.24559021, 42.4747962952, 276.093963623, 20.961435318, -9.52376937866, 6.8375415802, 31.1610355377, 0.338353663683, -30.2958602905], [31.0952129364, 23.2010536194, 106.597824097, 50.4921722412, 42.1886367798, 14.8521909714, 20.961435318, 134.285751343, 20.6248130798, 24.1525363922, 19.9142036438, 13.4613656998, 18.5816268921], [113.406486511, 69.8482894897, -11.4204320908, 79.5661010742, 7.91286373138, -5.83421754837, -9.52376937866, 20.6248130798, 148.097366333, 4.50623941422, 15.5153408051, -15.0779895782, 34.9218673706], [-118.989585876, 4.94318199158, 73.9396896362, -43.5724868774, 60.8018455505, -15.4493713379, 6.8375415802, 24.1525363922, 4.50623941422, 114.208824158, 7.40382051468, 31.3016414642, -20.1869983673], [117.35710907, 58.9366378784, 14.7608699799, 71.4446105957, -21.2988929749, 15.8761901855, 31.1610355377, 19.9142036438, 15.5153408051, 7.40382051468, 129.339904785, 3.36860322952, 31.9758777618], [-159.656066895, -4.14940500259, 99.8955841064, -33.2907066345, 18.8214149475, -18.0370693207, 0.338353663683, 13.4613656998, -15.0779895782, 31.3016414642, 3.36860322952, 122.033920288, 3.42432808876], [91.8852310181, 19.5036735535, 4.07599544525, 68.4856033325, -36.3765830994, 2.18081665039, -30.2958602905, 18.5816268921, 34.9218673706, -20.1869983673, 31.9758777618, 3.42432808876, 106.003288269]],
        "icov": [[0.000766933371779, -0.000780856993515, 0.00144603080116, -0.000895517761819, 0.000357236305717, -0.000838734558783, 0.000426410377258, -0.00092387245968, 0.000398914300604, -0.000471576175187, 0.000136314178235, -0.000367942178855, 0.000175052322447], [-0.000780856993515, 0.0135552594438, -0.0100461775437, 0.00584539212286, -0.00745077291504, 0.00806367956102, -0.00710335420445, 0.00674142548814, -0.00795442145318, 0.00921735353768, -0.00771188596264, 0.00787219963968, -0.00469421129674], [0.00144603080116, -0.0100461775437, 0.0106943417341, -0.00588611001149, 0.00558346649632, -0.00718158297241, 0.00698646204546, -0.00713311135769, 0.0063852025196, -0.00787890609354, 0.00532096810639, -0.00742335570976, 0.00432825973257], [-0.000895517761819, 0.00584539212286, -0.00588611001149, 0.00782888103276, -0.00453257653862, 0.00309054204263, -0.00265283789486, 0.00285544316284, -0.00525553431362, 0.00663814367726, -0.00543057685718, 0.00472626229748, -0.00352765945718], [0.000357236305717, -0.00745077291504, 0.00558346649632, -0.00453257653862, 0.010479548946, -0.00396689679474, 0.00204615434632, -0.00488909007981, 0.00432177307084, -0.00839070230722, 0.00649192836136, -0.00486924452707, 0.00407186010852], [-0.000838734558783, 0.00806367956102, -0.00718158297241, 0.00309054204263, -0.00396689679474, 0.00921957753599, -0.00562491547316, 0.00452231103554, -0.0042912857607, 0.00575545616448, -0.00418574549258, 0.00557862920687, -0.00283629470505], [0.000426410377258, -0.00710335420445, 0.00698646204546, -0.00265283789486, 0.00204615434632, -0.00562491547316, 0.00983471423388, -0.0052276100032, 0.00440584076568, -0.00419720588252, 0.00176301284228, -0.00527278101072, 0.00431538885459], [-0.00092387245968, 0.00674142548814, -0.00713311135769, 0.00285544316284, -0.00488909007981, 0.00452231103554, -0.0052276100032, 0.0137667609379, -0.00457524461672, 0.00352508481592, -0.00387507281266, 0.00432014465332, -0.00448020827025], [0.000398914300604, -0.00795442145318, 0.0063852025196, -0.00525553431362, 0.00432177307084, -0.0042912857607, 0.00440584076568, -0.00457524461672, 0.0131356613711, -0.00718791224062, 0.005057037808, -0.00391297321767, 0.000804922543466], [-0.000471576175187, 0.00921735353768, -0.00787890609354, 0.00663814367726, -0.00839070230722, 0.00575545616448, -0.00419720588252, 0.00352508481592, -0.00718791224062, 0.0196523535997, -0.00811769627035, 0.00406622653827, -0.00166029739194], [0.000136314178235, -0.00771188596264, 0.00532096810639, -0.00543057685718, 0.00649192836136, -0.00418574549258, 0.00176301284228, -0.00387507281266, 0.005057037808, -0.00811769627035, 0.0151344509795, -0.00484263477847, 0.000480974646052], [-0.000367942178855, 0.00787219963968, -0.00742335570976, 0.00472626229748, -0.00486924452707, 0.00557862920687, -0.00527278101072, 0.00432014465332, -0.00391297321767, 0.00406622653827, -0.00484263477847, 0.0152054559439, -0.00491447653621], [0.000175052322447, -0.00469421129674, 0.00432825973257, -0.00352765945718, 0.00407186010852, -0.00283629470505, 0.00431538885459, -0.00448020827025, 0.000804922543466, -0.00166029739194, 0.000480974646052, -0.00491447653621, 0.0151649890468]]
    },
    "melbands": {
        "max": [0.00615156441927, 0.00684147141874, 0.0124905668199, 0.00460663484409, 0.00337136117741, 0.00977801345289, 0.00501693179831, 0.00710671162233, 0.00571829685941, 0.00477461889386, 0.00811544898897, 0.0104760462418, 0.00960954278708, 0.00557511253282, 0.00555386580527, 0.00396951986477, 0.00186235026922, 0.00341717083938, 0.00244721770287, 0.00194264459424, 0.00128083396703, 0.000626590859611, 0.000269576965366, 0.000192342704395, 0.000169640494278, 0.000146044723806, 9.99004696496e-05, 8.40209540911e-05, 0.000112610061478, 7.58680689614e-05, 0.000115039925731, 6.09462877037e-05, 2.81879256363e-05, 2.11951191886e-05, 1.0395571735e-05, 3.49007200384e-06, 1.92286552192e-06, 1.04249829747e-06, 5.54934388219e-07, 4.12795117199e-07],
        "mean": [0.000298194878269, 0.00067742029205, 0.00048927514581, 0.000345004693372, 0.000312746560667, 0.000360274891136, 0.000336877477821, 0.000307742826408, 0.000334284413839, 0.000348040397512, 0.000294629047858, 0.000388103246223, 0.000326131819747, 0.000237605083385, 0.000149074287037, 0.000159022587468, 0.000123803285533, 0.000138396513648, 0.000127217746922, 4.2532072257e-05, 2.79162049992e-05, 2.70283489954e-05, 2.11603710341e-05, 1.61677253345e-05, 1.58948150784e-05, 8.52846460475e-06, 6.8956424002e-06, 5.45929151485e-06, 2.95235986414e-06, 1.43635293171e-06, 8.33037859138e-07, 7.88859892964e-07, 3.83805939919e-07, 2.81637511534e-07, 2.40374504301e-07, 1.65577404232e-07, 7.94899790435e-08, 4.2933592681e-08, 3.55404417007e-08, 1.10443139079e-08],
        "min": [5.99105032251e-09, 2.58636021044e-07, 5.19622858519e-07, 1.92931892684e-07, 6.04743206623e-07, 2.28928385582e-07, 9.62418980066e-08, 1.22628463828e-07, 1.67373272575e-07, 1.25322515032e-07, 5.19127581811e-07, 3.08777060809e-07, 1.0445549492e-07, 1.79233392572e-08, 8.5295816632e-08, 3.40962778012e-08, 1.42302916117e-08, 3.17597326216e-08, 4.63036293752e-08, 4.94321739097e-09, 4.13058209858e-09, 2.57128918157e-09, 9.00151597705e-09, 3.07786574005e-09, 1.19086909223e-08, 2.3224904222e-09, 2.81152212622e-09, 4.82367434884e-09, 3.15634740566e-09, 1.91467564026e-10, 1.62517083124e-10, 3.72200964494e-10, 3.24223814463e-10, 8.09764130749e-11, 1.8219732667e-10, 1.6175634443e-10, 7.32388108493e-11, 5.64716676199e-12, 1.62281917505e-12, 1.94388409991e-13],
        "stdev": [0.000517169304658, 0.00101067207288, 0.000759610091336, 0.000419092830271, 0.000382707687095, 0.000876106554642, 0.000569884141441, 0.000479102745885, 0.000507054734044, 0.000506795884576, 0.000552703801077, 0.000763308140449, 0.000801172980573, 0.000569581752643, 0.000386920233723, 0.000276249076705, 0.000201528760954, 0.000283248256892, 0.000258094078163, 0.000122723024106, 6.44226602162e-05, 4.75640081277e-05, 2.78833686025e-05, 2.12011436815e-05, 2.18816840061e-05, 1.35347891046e-05, 9.56651183515e-06, 7.87321550888e-06, 5.12342148795e-06, 2.91635137728e-06, 3.00913893625e-06, 1.94899735106e-06, 1.12517454909e-06, 7.01600924913e-07, 4.60419272486e-07, 2.51158979836e-07, 1.30455902081e-07, 7.34943199632e-08, 5.29534212035e-08, 1.90853022275e-08]
    },
    "melbands128": {
        "max": [0.000240823137574, 0.0018699450884, 0.0091618122533, 0.0134632131085, 0.010474011302, 0.00545134115964, 0.010938052088, 0.0172905214131, 0.012096138671, 0.00610938994214, 0.00910323113203, 0.00529980985448, 0.00597456889227, 0.00493790581822, 0.0142261283472, 0.021095989272, 0.00755442585796, 0.00791436526924, 0.0118483928964, 0.0100243277848, 0.0111490171403, 0.0112339109182, 0.0080788154155, 0.00641784118488, 0.00877789501101, 0.00691254343837, 0.00959423929453, 0.0141786681488, 0.0105432085693, 0.0101808384061, 0.0222437754273, 0.0115407900885, 0.00737778795883, 0.0279078613967, 0.00937249604613, 0.010957644321, 0.0100386366248, 0.0105648431927, 0.00634431280196, 0.00830290745944, 0.0040712216869, 0.00385332712904, 0.0038960184902, 0.00362736405805, 0.00446470919997, 0.00817591976374, 0.00395976845175, 0.00561415730044, 0.00325917662121, 0.00213425466791, 0.00383692071773, 0.00259973760694, 0.00267327576876, 0.001268508262, 0.00186491361819, 0.0012695469195, 0.0006452089292, 0.000706960854586, 0.000510964018758, 0.000457676156657, 0.000339959107805, 0.000448980223155, 0.000370165187633, 0.000314237549901, 0.000274307181826, 0.000230334844673, 0.00026280109887, 0.000195849570446, 0.000145914644236, 0.000136236427352, 0.000192750565475, 0.000126579849166, 0.000163021875778, 0.000152889886522, 0.000102060985228, 5.53225945623e-05, 8.61056323629e-05, 8.38505293359e-05, 0.000160880372277, 8.91198724275e-05, 6.89761000103e-05, 5.12122896907e-05, 2.80059539364e-05, 3.09243187075e-05, 2.59267399088e-05, 1.69691575138e-05, 2.79160103673e-05, 9.14754764381e-06, 1.59102492034e-05, 6.18036256128e-06, 6.87632746121e-06, 3.50589402842e-06, 2.14752685679e-06, 4.31461330663e-06, 2.47425691668e-06, 1.84770033229e-06, 8.24005439881e-07, 6.74791181154e-07, 1.2160909364e-06, 6.48126615488e-07, 7.1009981184e-07, 3.31084663685e-07, 1.29577372832e-07, 8.30479010006e-08, 4.70819472298e-08, 1.17442686687e-08, 2.23849134784e-08, 2.20225473413e-08, 3.6690004368e-09, 2.67082511662e-09, 3.12710946027e-09, 2.18849360856e-09, 3.62236107776e-09, 3.08656367132e-09, 1.98539451546e-09, 2.37069230913e-09, 2.17513296263e-09, 8.48228098871e-10, 8.21737178303e-10, 8.01393618133e-10, 7.82022224755e-10, 7.64844632073e-10, 7.48574147114e-10, 7.34083016596e-10, 7.23036297501e-10, 7.14409753577e-10, 7.08947012207e-10, 7.04728386758e-10],
        "mean": [6.8633430601e-06, 5.61535307497e-05, 0.000326397537719, 0.000924762513023, 0.000828523072414, 0.000412101857364, 0.000361981394235, 0.000664321531076, 0.000479342532344, 0.000276717415545, 0.000291503267363, 0.000309542461764, 0.000358061690349, 0.000255801423918, 0.000353740324499, 0.000475750537589, 0.00027252334985, 0.000326481065713, 0.000412802124629, 0.000262846966507, 0.000304576853523, 0.000275212019915, 0.000368493841961, 0.000350735150278, 0.000353750481736, 0.000360866572009, 0.000279650470475, 0.000349489535438, 0.000190761667909, 0.000396873860154, 0.000523564987816, 0.000273391720839, 0.000221435184358, 0.000526405754499, 0.000190449107322, 0.00020643195603, 0.000183671931154, 0.000151302083395, 0.000105842125777, 0.000170983184944, 0.00018053529493, 0.000132250817842, 0.000139068637509, 0.00011709939281, 6.1011298385e-05, 0.00016613099433, 0.000188836056623, 0.000190037651919, 5.83513574384e-05, 3.62936116289e-05, 5.28094096808e-05, 3.43712054018e-05, 2.53388061537e-05, 2.86579452222e-05, 2.58194995695e-05, 2.81978991552e-05, 2.63523106696e-05, 2.20215497393e-05, 1.90855898836e-05, 2.02326646104e-05, 1.30148619064e-05, 1.41093960337e-05, 2.39219170908e-05, 1.40523743539e-05, 8.07437027106e-06, 8.98515554582e-06, 7.59087106417e-06, 8.90328828973e-06, 6.68136954118e-06, 4.22150333179e-06, 5.46469163965e-06, 6.78479773342e-06, 3.85895236832e-06, 2.19460730477e-06, 1.7331443587e-06, 1.49351933487e-06, 1.33511093736e-06, 1.19014202937e-06, 6.79821312133e-07, 5.63198796044e-07, 9.2302656185e-07, 8.35484343042e-07, 4.59609935888e-07, 2.90450259399e-07, 4.11910662024e-07, 3.30547578642e-07, 1.83508987561e-07, 2.76660955478e-07, 2.71363433058e-07, 1.87223989201e-07, 2.193701647e-07, 1.5000074427e-07, 8.87637341407e-08, 9.59050225902e-08, 5.92795572629e-08, 4.91096940891e-08, 3.43877175624e-08, 3.66914605365e-08, 4.87877187538e-08, 2.68745772303e-08, 1.81630834817e-08, 6.10203043649e-09, 6.07251271489e-09, 1.85576032319e-09, 8.12786393745e-10, 3.5298819423e-10, 3.74433178907e-10, 2.912373398e-10, 2.2635045227e-10, 2.1948079465e-10, 2.17029630378e-10, 2.28598306951e-10, 2.85588164228e-10, 1.83662141051e-10, 1.31681776594e-10, 1.58979010512e-10, 9.41393629716e-11, 6.06362312791e-12, 5.23703563154e-12, 4.83780550342e-12, 4.79456405134e-12, 4.79213457111e-12, 4.60003346178e-12, 4.06554564319e-12, 3.96050379992e-12, 3.84505014633e-12, 3.77556753223e-12, 3.74933244174e-12],
        "min": [1.44848771866e-10, 1.49476570011e-10, 1.24764576448e-09, 2.4402456944e-08, 5.5716682823e-08, 1.74775536266e-07, 1.71453706344e-07, 1.37277623935e-07, 2.10993547967e-07, 8.1730746615e-08, 4.31434088455e-08, 1.96549692077e-07, 2.45069117e-07, 9.71022728891e-08, 6.01392002864e-08, 4.11667571143e-08, 3.55002214292e-08, 1.04433318882e-07, 5.23816368059e-08, 3.10930161618e-08, 2.4346304528e-08, 1.01623939486e-07, 4.73681431856e-08, 7.73051880287e-08, 2.74237486053e-08, 5.88701176696e-08, 1.93435560902e-08, 1.61699045265e-08, 2.50447186545e-07, 2.28668767477e-07, 2.12415073975e-07, 2.56070222804e-08, 9.14911524319e-09, 4.72105821103e-09, 7.77035680244e-09, 1.66471600949e-08, 1.45688110464e-08, 2.86234502767e-08, 3.58597773698e-08, 1.37291129576e-08, 1.73682987992e-08, 7.81585463017e-09, 7.00435887069e-09, 6.69026778422e-10, 2.6785882401e-09, 3.34101351029e-08, 3.64624668237e-08, 7.51165352142e-09, 1.32957100885e-09, 3.42370493067e-10, 2.44408293604e-09, 1.04306776549e-08, 3.54162921212e-09, 1.8734647167e-09, 2.49392395624e-10, 1.13139574098e-10, 6.7524985603e-10, 1.37344420281e-08, 3.30851435137e-09, 1.70200276095e-09, 1.73956959948e-10, 2.36156205702e-09, 7.1370811483e-09, 3.84503096029e-09, 2.44827891294e-09, 2.11219397528e-09, 1.76463399448e-10, 7.80563183533e-11, 1.58662705196e-09, 1.9919204064e-09, 2.69339772707e-09, 2.47000775389e-09, 1.06919384457e-09, 1.12091280702e-09, 7.78321018746e-10, 9.70968305758e-11, 2.05040394385e-11, 1.89433260744e-11, 1.79140230427e-10, 2.22923068893e-10, 2.34493618967e-10, 3.32280258863e-10, 3.33442773393e-10, 2.09713177379e-10, 1.49112291958e-10, 9.34568503315e-13, 6.6226841719e-13, 3.55395227136e-11, 2.6749050891e-11, 2.1289700905e-11, 8.49929363e-11, 1.08985445668e-10, 8.12168457487e-11, 6.62855811906e-11, 1.12753686596e-11, 3.51143213898e-13, 3.26838003276e-13, 2.56085219219e-13, 3.80816065531e-13, 9.9092270305e-14, 1.85163164098e-13, 1.45745909915e-13, 1.26010855396e-13, 1.1474045184e-13, 1.14844047358e-13, 1.10545876923e-13, 1.16314862473e-13, 7.45100324755e-14, 9.55319197772e-14, 6.31251371704e-14, 1.05031319742e-13, 1.03069726961e-13, 8.13180699535e-14, 7.7305383503e-14, 9.79553894595e-14, 1.0806609649e-13, 1.02732628177e-13, 9.70312968428e-14, 7.99606827149e-14, 8.1753485546e-14, 7.76061479619e-14, 8.64393395728e-14, 7.40567885336e-14, 8.12804955719e-14, 5.94998226036e-14, 2.25911513617e-14, 3.37794664134e-15, 4.70032975374e-17],
        "stdev": [1.98422349058e-05, 0.000107361905975, 0.000582541048061, 0.00170696899295, 0.00139063748065, 0.000537047162652, 0.000568963994738, 0.00131084537134, 0.000889282149728, 0.000469279068056, 0.000481702096295, 0.000458262657048, 0.000602767744567, 0.000449610175565, 0.00100902793929, 0.00165742938407, 0.000676171155646, 0.000741406402085, 0.000973491347395, 0.000509322562721, 0.00073495315155, 0.000646634900477, 0.000771966355387, 0.000686134793796, 0.000741207739338, 0.000751262530684, 0.000739989569411, 0.00090208707843, 0.000530326797161, 0.00104957132135, 0.00128827767912, 0.000757757283282, 0.000684015161823, 0.00203253794461, 0.000634155527223, 0.000800135429017, 0.000671937945299, 0.000638376455754, 0.00028210770688, 0.000484474265249, 0.000392267684219, 0.000351228751242, 0.000302257743897, 0.000294839614071, 0.000260013504885, 0.000548743293621, 0.000426429411164, 0.000532260746695, 0.000170898390934, 0.000145813610288, 0.000209432386328, 0.000130657164846, 0.00010509036656, 7.97820102889e-05, 8.42013396323e-05, 7.53633503336e-05, 5.45354923815e-05, 4.34125577158e-05, 3.69072658941e-05, 3.92241454392e-05, 3.07224327116e-05, 2.888920244e-05, 4.10713109886e-05, 2.7534635592e-05, 2.10738817259e-05, 2.01296497835e-05, 1.53226465045e-05, 1.67590751516e-05, 1.39681242217e-05, 9.10149719857e-06, 1.11659419417e-05, 1.36613934956e-05, 7.81854760135e-06, 5.73821898797e-06, 4.14941860072e-06, 3.03054594042e-06, 3.54952180714e-06, 3.83901078749e-06, 3.82497410101e-06, 2.29032343668e-06, 2.47161642619e-06, 1.8948081788e-06, 1.67588052591e-06, 1.14970293907e-06, 1.18246100556e-06, 8.21404512408e-07, 7.44814883546e-07, 6.43816690626e-07, 6.95326434652e-07, 3.67840669924e-07, 3.91661245658e-07, 2.60415959019e-07, 1.64843214634e-07, 1.9988615918e-07, 1.20748012478e-07, 1.201568125e-07, 6.25848883828e-08, 5.9406069397e-08, 8.78800676674e-08, 4.25409716343e-08, 3.53758728977e-08, 1.52120893659e-08, 1.1270531175e-08, 4.12608258671e-09, 2.29931140794e-09, 7.70874919453e-10, 7.90416510021e-10, 6.51807774421e-10, 3.63116287039e-10, 3.53596540936e-10, 3.41955186389e-10, 3.34341082597e-10, 4.45313452779e-10, 3.59593715915e-10, 2.52316084692e-10, 2.81270312597e-10, 1.85557527677e-10, 2.85678581485e-11, 2.69946773268e-11, 2.58746721965e-11, 2.53196422162e-11, 2.4991661518e-11, 2.40953541841e-11, 2.31120018956e-11, 2.276211164e-11, 2.25034418183e-11, 2.23244825404e-11, 2.21923295712e-11]
    },
    "mfcc": {
        "mean": [-661.278015137, 164.703018188, -45.2751426697, 18.1160449982, -10.7636318207, 2.28050374985, -5.03593397141, 3.81211900711, -7.38504981995, 7.19744443893, -5.1848692894, -0.202471390367, -6.51994132996],
        "cov": [[3634.33398438, -597.166931152, -779.966125488, 9.16930198669, -195.79510498, 109.636116028, 132.813812256, 148.437469482, 25.6670303345, 134.828704834, 60.4192504883, -36.8383750916, -45.5396499634], [-597.166931152, 568.206726074, 51.345375061, 85.6672821045, 29.2564964294, -56.8715057373, -2.14697384834, -16.5395736694, -2.77961993217, 33.5439758301, -5.98345327377, 44.0551452637, 44.3035621643], [-779.966125488, 51.345375061, 838.193054199, 29.9772644043, 249.209487915, -13.9635667801, -32.4563865662, 0.522705733776, 28.727930069, -87.8524780273, -1.66053271294, 56.6306495667, 90.5236129761], [9.16930198669, 85.6672821045, 29.9772644043, 269.775878906, 77.6243896484, -32.2304573059, 2.51890897751, 18.8557529449, 13.4174795151, 32.2307891846, -19.0701141357, 46.4365844727, 51.8722419739], [-195.79510498, 29.2564964294, 249.209487915, 77.6243896484, 271.324035645, -5.9829993248, -31.6582260132, -14.9452562332, 43.3692207336, -6.73682117462, 5.730946064, 35.3587684631, 32.2881889343], [109.636116028, -56.8715057373, -13.9635667801, -32.2304573059, -5.9829993248, 187.048095703, 49.1426124573, 40.7731361389, 21.1847839355, 1.5815063715, 35.6709136963, 10.4983472824, -18.0258769989], [132.813812256, -2.14697384834, -32.4563865662, 2.51890897751, -31.6582260132, 49.1426124573, 220.873504639, 54.908000946, -4.11285686493, 34.0204582214, 23.8527183533, 23.9605426788, 14.871764183], [148.437469482, -16.5395736694, 0.522705733776, 18.8557529449, -14.9452562332, 40.7731361389, 54.908000946, 128.910018921, 32.4491500854, 0.993902504444, 16.3130702972, 8.09323787689, 23.7213687897], [25.6670303345, -2.77961993217, 28.727930069, 13.4174795151, 43.3692207336, 21.1847839355, -4.11285686493, 32.4491500854, 103.585952759, 30.1641578674, 5.03797149658, 2.69077372551, 4.24426317215], [134.828704834, 33.5439758301, -87.8524780273, 32.2307891846, -6.73682117462, 1.5815063715, 34.0204582214, 0.993902504444, 30.1641578674, 115.775093079, 20.355594635, 7.79042387009, -8.27534198761], [60.4192504883, -5.98345327377, -1.66053271294, -19.0701141357, 5.730946064, 35.6709136963, 23.8527183533, 16.3130702972, 5.03797149658, 20.355594635, 81.102432251, 32.3182449341, -1.47549283504], [-36.8383750916, 44.0551452637, 56.6306495667, 46.4365844727, 35.3587684631, 10.4983472824, 23.9605426788, 8.09323787689, 2.69077372551, 7.79042387009, 32.3182449341, 101.827545166, 36.52394104], [-45.5396499634, 44.3035621643, 90.5236129761, 51.8722419739, 32.2881889343, -18.0258769989, 14.871764183, 23.7213687897, 4.24426317215, -8.27534198761, -1.47549283504, 36.52394104, 104.80619812]],
        "icov": [[0.000475806155009, 0.000505724106915, 0.000427601218689, -9.36893193284e-05, -9.40192112466e-05, -1.29173222376e-05, -3.56415403076e-05, -0.000419290969148, 8.07052492746e-05, -0.000353639799869, -0.000138048577355, -1.43043680509e-05, -0.000231442943914], [0.000505724106915, 0.00252503249794, 0.000337582139764, -0.000441709678853, 5.86767009736e-06, 0.000409018306527, 9.18103796721e-06, -0.00022083389922, 0.000228482065722, -0.0010224514408, 5.44330141565e-05, -0.000628046051133, -0.000673725036904], [0.000427601218689, 0.000337582139764, 0.00235960143618, 0.000358882447472, -0.00176854478195, 6.86975108692e-05, -0.000109043030534, -0.000381413265131, -0.000187255136552, 0.0010214537615, -6.90439410391e-05, -0.000392903253669, -0.00128992449027], [-9.36893193284e-05, -0.000441709678853, 0.000358882447472, 0.00546589400619, -0.00171539280564, 0.000437404145487, 0.000385997176636, -0.00138842442539, 0.000805223709904, -0.00185299874283, 0.0026928121224, -0.00220452505164, -0.00137880200054], [-9.40192112466e-05, 5.86767009736e-06, -0.00176854478195, -0.00171539280564, 0.00631777755916, -0.000138733099448, 0.000362806313206, 0.00172201101668, -0.00245416793041, 0.000341807608493, -0.000986213795841, -0.000380595593015, 0.000166886879015], [-1.29173222376e-05, 0.000409018306527, 6.86975108692e-05, 0.000437404145487, -0.000138733099448, 0.00688426941633, -0.00117012357805, -0.0013621984981, -0.00124674034305, 0.000933839357458, -0.00213967054151, -0.000614467717241, 0.00155503593851], [-3.56415403076e-05, 9.18103796721e-06, -0.000109043030534, 0.000385997176636, 0.000362806313206, -0.00117012357805, 0.00596856698394, -0.00242703361437, 0.00179281004239, -0.00232529104687, 0.000226414747885, -0.00107313808985, -0.00060589244822], [-0.000419290969148, -0.00022083389922, -0.000381413265131, -0.00138842442539, 0.00172201101668, -0.0013621984981, -0.00242703361437, 0.011797664687, -0.00446454901248, 0.00267450651154, -0.00221466762014, 0.00140305061359, -0.00229101371951], [8.07052492746e-05, 0.000228482065722, -0.000187255136552, 0.000805223709904, -0.00245416793041, -0.00124674034305, 0.00179281004239, -0.00446454901248, 0.0137131782249, -0.00499805994332, 0.00160878291354, 7.37672598916e-05, 4.638532846e-05], [-0.000353639799869, -0.0010224514408, 0.0010214537615, -0.00185299874283, 0.000341807608493, 0.000933839357458, -0.00232529104687, 0.00267450651154, -0.00499805994332, 0.0133041068912, -0.00378058152273, 0.000641519902274, 0.00106942467391], [-0.000138048577355, 5.44330141565e-05, -6.90439410391e-05, 0.0026928121224, -0.000986213795841, -0.00213967054151, 0.000226414747885, -0.00221466762014, 0.00160878291354, -0.00378058152273, 0.0178917106241, -0.00643178494647, 0.00117846601643], [-1.43043680509e-05, -0.000628046051133, -0.000392903253669, -0.00220452505164, -0.000380595593015, -0.000614467717241, -0.00107313808985, 0.00140305061359, 7.37672598916e-05, 0.000641519902274, -0.00643178494647, 0.0149738714099, -0.00372511940077], [-0.000231442943914, -0.000673725036904, -0.00128992449027, -0.00137880200054, 0.000166886879015, 0.00155503593851, -0.00060589244822, -0.00229101371951, 4.638532846e-05, 0.00106942467391, 0.00117846601643, -0.00372511940077, 0.0137400813401]]
    },
    "spectral_contrast_coeffs": {
        "max": [-0.404672622681, -0.443296432495, -0.473693341017, -0.552587628365, -0.573109984398, -0.495774060488],
        "mean": [-0.688055157661, -0.723898351192, -0.693148612976, -0.728042602539, -0.74329662323, -0.71342754364],
        "min": [-0.896710395813, -0.913850843906, -0.892779588699, -0.897013068199, -0.890065670013, -0.95083630085],
        "stdev": [0.066786184907, 0.0738893970847, 0.0727639570832, 0.0610537864268, 0.0516649112105, 0.0559562891722]
    },
    "spectral_contrast_valleys": {
        "max": [-5.46627664566, -5.30128192902, -5.8623008728, -5.87705469131, -5.76066112518, -9.7034740448],
        "mean": [-7.09420824051, -6.56916236877, -7.28648519516, -7.58028316498, -7.97826576233, -11.9543895721],
        "min": [-10.3449850082, -9.50131702423, -10.1924276352, -10.8319330215, -10.8991365433, -15.3199386597],
        "stdev": [0.692450940609, 0.561130106449, 0.694686174393, 0.679623126984, 0.668151676655, 0.701855301857]
    }
},
"rhythm": {
    "beats_count": 68,
    "beats_loudness": {
        "max": 0.0869940891862,
        "mean": 0.0316604115069,
        "min": 0.000388436252251,
        "stdev": 0.0165313389152
    },
    "bpm": 86.1625442505,
    "bpm_histogram_first_peak_bpm": 86,
    "bpm_histogram_first_peak_weight": 0.421052575111,
    "bpm_histogram_second_peak_bpm": 103,
    "bpm_histogram_second_peak_spread": 0.399999976158,
    "bpm_histogram_second_peak_weight": 0.0895522385836,
    "danceability": 1.01361954212,
    "onset_rate": 2.296875,
    "beats_loudness_band_ratio": {
        "max": [0.675017297268, 0.701907932758, 0.795512259007, 0.717186272144, 0.512727797031, 0.0855988562107],
        "mean": [0.17078012228, 0.14759594202, 0.260603696108, 0.292588889599, 0.151745304465, 0.0177104379982],
        "min": [0.00389183824882, 0.0125500718132, 0.0240144971758, 0.0126800825819, 0.00178579089697, 0.000822655681986],
        "stdev": [0.139281690121, 0.156923562288, 0.166511937976, 0.196587026119, 0.131938934326, 0.0156126674265]
    },
    "beats_position": [0.673378646374, 1.35836732388, 2.04335594177, 2.71673464775, 3.30884337425, 3.90095233917, 4.46984100342, 5.05034017563, 5.61922883987, 6.19972801208, 6.78022670746, 7.36072540283, 7.94122457504, 8.52172279358, 9.29959201813, 10.077460289, 10.8437185287, 11.5983667374, 12.3414058685, 13.084444046, 13.8158731461, 14.5473012924, 15.301949501, 16.0565986633, 16.8112468719, 17.5775051117, 18.4250335693, 19.2957820892, 20.1317005157, 20.9792289734, 21.826757431, 22.616235733, 23.405714035, 24.1835823059, 24.9614505768, 25.681268692, 26.3894786835, 27.0976867676, 27.8175048828, 28.5257129669, 29.2339229584, 29.9305210114, 30.6271190643, 31.3121089935, 32.0087051392, 32.6936950684, 33.3902931213, 34.0752830505, 34.7602729797, 35.4452590942, 36.1302490234, 36.8036270142, 37.5002250671, 38.1968231201, 38.8934249878, 39.5900230408, 40.2750091553, 40.9599990845, 41.6565971375, 42.3531951904, 43.0497932434, 43.7463951111, 44.4429931641, 45.139591217, 45.83618927, 46.532787323, 47.229385376, 47.9259872437],
