{
"metadata": {
    "version": {
        "essentia": "2.1-beta5",
        "essentia_git_sha": "Undefined",
        "extractor": "music 2.0"
    },
    "audio_properties": {
        "analysis": {
            "equal_loudness": 0,
            "length": 48.7502937317,
            "sample_rate": 44100,
            "start_time": 45.2440834045,
            "downmix": "mix"
        },
        "bit_rate": 192000,
        "length": 179.629562378,
        "lossless": 0,
        "number_channels": 2,
        "replay_gain": -9.51110076904,
        "sample_rate": 44100,
        "codec": "mp3",
        "md5_encoded": "960d6fbe435cbd97cc84e045232aceb8"
    },
    "tags": {
        "file_name": "Germany_Nur Die Liebe Läßt Uns Leben_Mary Roos.mp3",
        "encoding": ["Lavf58.29.100"]
    }
},
"lowlevel": {
    "average_loudness": 0.937056601048,
    "barkbands_crest": {
        "max": 22.2568454742,
        "mean": 7.77860450745,
        "min": 2.73980569839,
        "stdev": 3.00550746918
    },
    "barkbands_flatness_db": {
        "max": 0.257074803114,
        "mean": 0.167433440685,
        "min": 0.106717593968,
        "stdev": 0.0241328887641
    },
    "barkbands_kurtosis": {
        "max": 15.4502811432,
        "mean": 0.37087905407,
        "min": -1.75307047367,
        "stdev": 1.82501375675
    },
    "barkbands_skewness": {
        "max": 3.55779147148,
        "mean": 0.558138132095,
        "min": -1.4038670063,
        "stdev": 0.695906043053
    },
    "barkbands_spread": {
        "max": 42.427772522,
        "mean": 17.0924034119,
        "min": 4.23054027557,
        "stdev": 5.72162342072
    },
    "dissonance": {
        "max": 0.499990552664,
        "mean": 0.463949561119,
        "min": 0.357519805431,
        "stdev": 0.0229438375682
    },
    "dynamic_complexity": 1.72244870663,
    "erbbands_crest": {
        "max": 26.7376461029,
        "mean": 9.37565326691,
        "min": 2.91107964516,
        "stdev": 3.7872812748
    },
    "erbbands_flatness_db": {
        "max": 0.319427907467,
        "mean": 0.230138406157,
        "min": 0.13778232038,
        "stdev": 0.02611528337
    },
    "erbbands_kurtosis": {
        "max": 9.5288066864,
        "mean": -0.076072871685,
        "min": -1.83929419518,
        "stdev": 1.1122777462
    },
    "erbbands_skewness": {
        "max": 2.27948951721,
        "mean": 0.0608541443944,
        "min": -2.55576491356,
        "stdev": 0.544872820377
    },
    "erbbands_spread": {
        "max": 58.7639541626,
        "mean": 23.1449718475,
        "min": 5.03300952911,
        "stdev": 7.49828147888
    },
    "hfc": {
        "max": 88.7828826904,
        "mean": 25.0074081421,
        "min": 0.292610645294,
        "stdev": 14.6920051575
    },
    "loudness_ebu128": {
        "integrated": -14.0085897446,
        "loudness_range": 3.73279380798,
        "momentary": {
            "max": -10.8458395004,
            "mean": -14.31980896,
            "min": -19.784078598,
            "stdev": 1.68654561043
        },
        "short_term": {
            "max": -11.646024704,
            "mean": -14.1255607605,
            "min": -16.1509056091,
            "stdev": 1.13554418087
        }
    },
    "melbands_crest": {
        "max": 27.4178562164,
        "mean": 9.23265457153,
        "min": 3.60008430481,
        "stdev": 3.58037590981
    },
    "melbands_flatness_db": {
        "max": 0.339173853397,
        "mean": 0.206785857677,
        "min": 0.12569719553,
        "stdev": 0.0365879125893
    },
    "melbands_kurtosis": {
        "max": 30.6458969116,
        "mean": 2.1132414341,
        "min": -1.81998813152,
        "stdev": 3.47735452652
    },
    "melbands_skewness": {
        "max": 4.8053689003,
        "mean": 1.13041186333,
        "min": -0.766694486141,
        "stdev": 0.760138690472
    },
    "melbands_spread": {
        "max": 75.8591918945,
        "mean": 26.154756546,
        "min": 4.67340421677,
        "stdev": 10.2644853592
    },
    "pitch_salience": {
        "max": 0.826070904732,
        "mean": 0.598532855511,
        "min": 0.29862087965,
        "stdev": 0.0840540975332
    },
    "silence_rate_20dB": {
        "max": 1,
        "mean": 1,
        "min": 1,
        "stdev": 0
    },
    "silence_rate_30dB": {
        "max": 1,
        "mean": 1,
        "min": 1,
        "stdev": 0
    },
    "silence_rate_60dB": {
        "max": 1,
        "mean": 0.000951927679125,
        "min": 0,
        "stdev": 0.0308391600847
    },
    "spectral_centroid": {
        "max": 2459.77294922,
        "mean": 1320.3458252,
        "min": 418.480834961,
        "stdev": 396.137481689
    },
    "spectral_complexity": {
        "max": 42,
        "mean": 23.6530227661,
        "min": 0,
        "stdev": 6.33756732941
    },
    "spectral_decrease": {
        "max": -6.75727460098e-11,
        "mean": -6.48573417195e-09,
        "min": -1.91806801553e-08,
        "stdev": 2.85800738631e-09
    },
    "spectral_energy": {
        "max": 0.075245320797,
        "mean": 0.0267468821257,
        "min": 0.000281577813439,
        "stdev": 0.0119309583679
    },
    "spectral_energyband_high": {
        "max": 0.00113865977619,
        "mean": 0.000125876293168,
        "min": 6.56395059195e-07,
        "stdev": 0.000121844830574
    },
    "spectral_energyband_low": {
        "max": 0.0111881149933,
        "mean": 0.0023741570767,
        "min": 7.97668508312e-06,
        "stdev": 0.00193437049165
    },
    "spectral_energyband_middle_high": {
        "max": 0.0549071542919,
        "mean": 0.0115139055997,
        "min": 0.000148320090375,
        "stdev": 0.00876759830862
    },
    "spectral_energyband_middle_low": {
        "max": 0.0651790127158,
        "mean": 0.01303343568,
        "min": 0.000122479395941,
        "stdev": 0.00768415164202
    },
    "spectral_entropy": {
        "max": 7.84508037567,
        "mean": 7.23320913315,
        "min": 6.39915466309,
        "stdev": 0.213159844279
    },
    "spectral_flux": {
        "max": 0.19717733562,
        "mean": 0.0939528644085,
        "min": 0.0239684786648,
        "stdev": 0.0289199668914
    },
    "spectral_kurtosis": {
        "max": 34.4812355042,
        "mean": 8.57664966583,
        "min": 0.638974666595,
        "stdev": 4.56443500519
    },
    "spectral_rms": {
        "max": 0.00856796745211,
        "mean": 0.00497060874477,
        "min": 0.000524127914105,
        "stdev": 0.00117794272956
    },
    "spectral_rolloff": {
        "max": 3079.24804688,
        "mean": 1549.31811523,
        "min": 258.3984375,
        "stdev": 550.601989746
    },
    "spectral_skewness": {
        "max": 4.28138780594,
        "mean": 1.72791790962,
        "min": 0.633830606937,
        "stdev": 0.509676873684
    },
    "spectral_spread": {
        "max": 8185159.5,
        "mean": 2348091.5,
        "min": 1577833.5,
        "stdev": 398983.5625
    },
    "spectral_strongpeak": {
        "max": 12.100476265,
        "mean": 1.76387739182,
        "min": 0.0232731960714,
        "stdev": 1.77301764488
    },
    "zerocrossingrate": {
        "max": 0.08740234375,
        "mean": 0.0531429424882,
        "min": 0.01171875,
        "stdev": 0.0134182600304
    },
    "barkbands": {
        "max": [4.82032555738e-05, 0.0099868979305, 0.00647026393563, 0.0126711754128, 0.0205259844661, 0.0468319952488, 0.0440701805055, 0.0244283340871, 0.0343468077481, 0.0417616069317, 0.033440336585, 0.0232454482466, 0.0304799303412, 0.0268355980515, 0.0299199204892, 0.0195850487798, 0.0117181474343, 0.00436308328062, 0.00358077022247, 0.001437835861, 0.000353886076482, 0.000233033308177, 0.000140480988193, 3.66522763215e-05, 3.05541857415e-06, 2.18037916966e-06, 1.83610688964e-06],
        "mean": [2.2797037218e-06, 0.00154567137361, 0.000642003840767, 0.000538730120752, 0.00211138185114, 0.00319048413076, 0.00310002383776, 0.00110367231537, 0.00273735751398, 0.00167703407351, 0.00205344706774, 0.000914326112252, 0.00125977711286, 0.00183135562111, 0.00104909006041, 0.00101427477784, 0.000744731165469, 0.000647009001113, 0.000330162496539, 0.000191389102838, 3.3023294236e-05, 1.58975344675e-05, 9.10111884878e-06, 3.52171878149e-06, 6.90522824698e-07, 4.71247460609e-07, 6.07052186297e-09],
        "min": [4.52974280307e-09, 2.00115073312e-06, 4.92721426326e-07, 1.38402901939e-06, 2.40067292907e-05, 2.80684253084e-05, 1.84679447557e-05, 8.208705367e-06, 3.52139904862e-05, 1.1252148397e-05, 4.89245712743e-06, 6.00276052865e-06, 7.66844550526e-06, 6.62923503114e-06, 1.02920721474e-05, 8.32290152175e-06, 4.70473287351e-06, 1.77139713742e-06, 1.41489624639e-06, 5.17509022302e-07, 2.08026307291e-07, 5.8915464507e-08, 5.37720659111e-08, 5.71694940277e-08, 1.99490379771e-08, 1.7219061732e-08, 1.68602198175e-11],
        "stdev": [3.19599030263e-06, 0.00165989017114, 0.000703061872628, 0.000867103342898, 0.00223696185276, 0.00375060667284, 0.00392343243584, 0.00160212011542, 0.00328848930076, 0.00250108167529, 0.00280734873377, 0.00178479833994, 0.00208812416531, 0.00300458283164, 0.00207911478356, 0.00181086838711, 0.00122490699869, 0.000665030325763, 0.000327131187078, 0.000202791634365, 3.84623890568e-05, 1.94168987946e-05, 1.06912957563e-05, 3.89829165215e-06, 3.53330307235e-07, 7.98508565936e-08, 4.00868316319e-08]
    },
    "erbbands": {
        "max": [0.147876188159, 2.69034099579, 6.12087106705, 20.9546794891, 62.3908691406, 97.7543487549, 297.331756592, 411.256408691, 790.096557617, 784.330993652, 234.445755005, 1014.5592041, 948.549743652, 1234.7713623, 913.030151367, 978.712097168, 1046.35510254, 823.262023926, 1491.17419434, 1094.57556152, 1235.02441406, 797.270996094, 269.468994141, 251.975799561, 84.8929367065, 84.7969055176, 19.615272522, 12.6167240143, 10.7176856995, 8.53241920471, 3.09728240967, 1.29200947285, 0.309184581041, 0.0636328980327, 0.0165836494416, 0.00990235805511, 0.00362955778837, 0.00113029778004, 0.000266857125098, 8.48519339343e-05],
        "mean": [0.016328452155, 0.429713189602, 0.93294852972, 1.16993570328, 3.22505331039, 7.51118659973, 17.5080318451, 28.7283706665, 40.9071388245, 42.8152503967, 28.0608100891, 59.0954627991, 51.9752120972, 68.4403305054, 69.637008667, 37.6721839905, 58.2038955688, 77.8858184814, 72.7380828857, 71.1134567261, 42.1855239868, 46.6408081055, 35.0866966248, 25.3493156433, 14.0061712265, 9.61542034149, 2.19254970551, 1.04435050488, 0.634534955025, 0.402361065149, 0.237411916256, 0.113001726568, 0.0367472656071, 0.0100074261427, 0.00408579735085, 0.00237067812122, 0.00086905749049, 7.6266216638e-05, 1.65274177562e-05, 3.21897496178e-05],
        "min": [7.1147311246e-05, 0.000445646612206, 0.000837502942886, 0.00922332238406, 0.0481910705566, 0.0814647451043, 0.161435618997, 0.247420951724, 0.293397784233, 0.174212142825, 0.38587346673, 0.861706256866, 0.25266212225, 0.492589592934, 0.433039903641, 0.266577988863, 0.609906673431, 0.381279140711, 0.8113270998, 0.76270031929, 0.399540513754, 0.271329522133, 0.148778945208, 0.0859345346689, 0.0543928928673, 0.0295682307333, 0.0128096537665, 0.00467153917998, 0.00145392329432, 0.00179756281432, 0.00214153109118, 0.00155906577129, 0.000559795997106, 0.00029606409953, 0.000124693324324, 7.57250163588e-05, 3.4522247006e-05, 5.49950027562e-06, 9.40192535381e-07, 4.15950665911e-07],
        "stdev": [0.0167143624276, 0.454560011625, 0.841131448746, 1.41888058186, 4.68368625641, 8.59513378143, 23.7357177734, 32.5184555054, 56.8551063538, 65.2935028076, 27.2193164825, 78.5333938599, 63.8688697815, 86.7361221313, 88.1356658936, 70.5180282593, 90.8529434204, 115.646179199, 141.023727417, 103.828720093, 74.0669174194, 79.3305969238, 35.3253555298, 24.468044281, 12.4996757507, 10.510260582, 2.29643535614, 1.33166837692, 0.795366466045, 0.534461975098, 0.25623139739, 0.124649211764, 0.0384973324835, 0.00763939041644, 0.000832287827507, 0.000450383930001, 0.000161521675182, 2.68444873655e-05, 8.84199926077e-06, 1.45651765706e-05]
    },
    "gfcc": {
        "mean": [-14.2489442825, 143.66368103, -166.817123413, 13.4658203125, -48.9531364441, -9.35907077789, -33.1455917358, 3.83499765396, -16.4264888763, -4.48697662354, -6.97521495819, -1.71304428577, -7.86153554916],
        "cov": [[831.837036133, -80.974105835, -409.324859619, 111.337173462, -12.7943544388, 6.39724636078, 119.1277771, -36.6555747986, 60.6205177307, -43.5553970337, 75.5888824463, -92.1825790405, -7.64103507996], [-80.974105835, 183.733978271, 163.26159668, -50.0965156555, 88.2526550293, 14.6883525848, 18.0399799347, 29.7419300079, -25.2378234863, 7.98340320587, 12.4467735291, 26.5851917267, 2.39396309853], [-409.324859619, 163.26159668, 443.622314453, 42.3368263245, 11.7667751312, 50.0071678162, -34.5728378296, 20.849439621, -1.11267113686, 30.0985584259, -31.0232276917, 96.1903457642, 25.6883563995], [111.337173462, -50.0965156555, 42.3368263245, 220.234375, 9.89025211334, 7.3401260376, 14.2680063248, 25.1982040405, 73.3053894043, 5.45470905304, -3.92404437065, 22.0301589966, 21.344707489], [-12.7943544388, 88.2526550293, 11.7667751312, 9.89025211334, 189.593521118, 10.8533992767, 25.2498683929, 74.4903259277, 1.44624221325, 11.3017473221, 11.0388212204, 1.27645528316, 7.43370056152], [6.39724636078, 14.6883525848, 50.0071678162, 7.3401260376, 10.8533992767, 204.040435791, 105.721595764, -41.8124084473, -26.1537208557, 21.820734024, 4.26762390137, -16.5230178833, 2.17413020134], [119.1277771, 18.0399799347, -34.5728378296, 14.2680063248, 25.2498683929, 105.721595764, 133.763320923, 17.0339660645, -10.933965683, 13.4836502075, 23.8579235077, -15.8855934143, -3.84137058258], [-36.6555747986, 29.7419300079, 20.849439621, 25.1982040405, 74.4903259277, -41.8124084473, 17.0339660645, 131.262023926, 62.6819419861, 6.38189983368, 3.34525680542, 17.3693313599, 5.57677507401], [60.6205177307, -25.2378234863, -1.11267113686, 73.3053894043, 1.44624221325, -26.1537208557, -10.933965683, 62.6819419861, 125.308708191, 28.3620872498, -6.40633010864, 13.0011863708, 13.8714933395], [-43.5553970337, 7.98340320587, 30.0985584259, 5.45470905304, 11.3017473221, 21.820734024, 13.4836502075, 6.38189983368, 28.3620872498, 71.1455841064, 23.6670379639, -5.79395103455, -2.62193846703], [75.5888824463, 12.4467735291, -31.0232276917, -3.92404437065, 11.0388212204, 4.26762390137, 23.8579235077, 3.34525680542, -6.40633010864, 23.6670379639, 77.2762985229, 11.2510299683, -17.3207092285], [-92.1825790405, 26.5851917267, 96.1903457642, 22.0301589966, 1.27645528316, -16.5230178833, -15.8855934143, 17.3693313599, 13.0011863708, -5.79395103455, 11.2510299683, 89.7742919922, 30.22082901], [-7.64103507996, 2.39396309853, 25.6883563995, 21.344707489, 7.43370056152, 2.17413020134, -3.84137058258, 5.57677507401, 13.8714933395, -2.62193846703, -17.3207092285, 30.22082901, 66.0223388672]],
        "icov": [[0.0155713902786, -0.019810192287, 0.0178407505155, -0.0129963736981, 0.00637187855318, 0.000937308592256, -0.00812653452158, 0.0118732303381, -0.0146109098569, 0.0150736384094, -0.013103287667, 0.00916356407106, -0.00640717428178], [-0.019810192287, 0.0585857480764, -0.0451146736741, 0.0315858498216, -0.0278296601027, 0.0151639524847, -0.0118255242705, 0.00236377329566, 0.00377842062153, -0.00204338692129, 0.00164762418717, 0.00144798343536, 0.0035657309927], [0.0178407505155, -0.0451146736741, 0.0409144423902, -0.0265711396933, 0.0215467438102, -0.0139004187658, 0.0099854208529, -0.0022830599919, -0.00229866872542, 0.000426962738857, -0.000431126391049, -0.00518629699945, -0.00206196354702], [-0.0129963736981, 0.0315858498216, -0.0265711396933, 0.0243144091219, -0.0154781872407, 0.00796547811478, -0.00613204715773, 0.00128374900669, -0.000751162122469, -0.00171225261874, 0.00286745862104, -0.000911412178539, 0.00210280017927], [0.00637187855318, -0.0278296601027, 0.0215467438102, -0.0154781872407, 0.0227937158197, -0.0121435411274, 0.0126282544807, -0.013818025589, 0.00793271325529, -0.00650070095435, 0.0031128465198, -0.00366704794578, -0.00132723886054], [0.000937308592256, 0.0151639524847, -0.0139004187658, 0.00796547811478, -0.0121435411274, 0.0229059066623, -0.0251970775425, 0.0194598287344, -0.0125797344372, 0.0103480052203, -0.0076890969649, 0.0103030866012, -0.0037842055317], [-0.00812653452158, -0.0118255242705, 0.0099854208529, -0.00613204715773, 0.0126282544807, -0.0251970775425, 0.0411166287959, -0.030114416033, 0.0251339133829, -0.0225079134107, 0.0142698148265, -0.014734422788, 0.00624297140166], [0.0118732303381, 0.00236377329566, -0.0022830599919, 0.00128374900669, -0.013818025589, 0.0194598287344, -0.030114416033, 0.0417815484107, -0.0331841818988, 0.0265931487083, -0.0189936812967, 0.0150637291372, -0.00645458698273], [-0.0146109098569, 0.00377842062153, -0.00229866872542, -0.000751162122469, 0.00793271325529, -0.0125797344372, 0.0251339133829, -0.0331841818988, 0.0422837585211, -0.0337516851723, 0.0243753325194, -0.0190852414817, 0.00800214894116], [0.0150736384094, -0.00204338692129, 0.000426962738857, -0.00171225261874, -0.00650070095435, 0.0103480052203, -0.0225079134107, 0.0265931487083, -0.0337516851723, 0.0489911064506, -0.0322671756148, 0.0249893330038, -0.0118253938854], [-0.013103287667, 0.00164762418717, -0.000431126391049, 0.00286745862104, 0.0031128465198, -0.0076890969649, 0.0142698148265, -0.0189936812967, 0.0243753325194, -0.0322671756148, 0.0411094017327, -0.0256343130022, 0.0161177031696], [0.00916356407106, 0.00144798343536, -0.00518629699945, -0.000911412178539, -0.00366704794578, 0.0103030866012, -0.014734422788, 0.0150637291372, -0.0190852414817, 0.0249893330038, -0.0256343130022, 0.0355481095612, -0.0167299509048], [-0.00640717428178, 0.0035657309927, -0.00206196354702, 0.00210280017927, -0.00132723886054, -0.0037842055317, 0.00624297140166, -0.00645458698273, 0.00800214894116, -0.0118253938854, 0.0161177031696, -0.0167299509048, 0.025315945968]]
    },
    "melbands": {
        "max": [0.00207902677357, 0.00281998910941, 0.00509250629693, 0.00400368263945, 0.00785378552973, 0.00907806027681, 0.0102828647941, 0.00840956997126, 0.00313864997588, 0.00565025629476, 0.00537714501843, 0.00455598486587, 0.00388239882886, 0.00263517256826, 0.00504537532106, 0.00184400007129, 0.001731202472, 0.00305869337171, 0.00199479353614, 0.00178470113315, 0.00177287682891, 0.000927808636334, 0.000307428126689, 0.000351692433469, 0.000249748263741, 9.67238884186e-05, 5.91334464843e-05, 5.32485391886e-05, 1.52993270603e-05, 1.17433000923e-05, 6.33813397144e-06, 8.0126510511e-06, 4.31098396803e-06, 5.00321584695e-06, 2.37303743233e-06, 1.16738954148e-06, 6.49172307021e-07, 3.0280835972e-07, 1.73888651034e-07, 4.56759110534e-08],
        "mean": [0.000297349586617, 0.000535996805411, 0.000272279314231, 0.000357879354851, 0.000588278577197, 0.000663829676341, 0.000612037954852, 0.000414262904087, 0.000257484702161, 0.000376230600523, 0.000259699620074, 0.000277180050034, 0.000281467539025, 9.12838513614e-05, 0.000136529153679, 0.000124575046357, 0.000146563834278, 0.000131241235067, 8.1401616626e-05, 8.7792170234e-05, 4.03153972002e-05, 4.91600330861e-05, 3.07765149046e-05, 3.59051482519e-05, 1.86550460057e-05, 1.1998881746e-05, 8.40051234263e-06, 5.61127535548e-06, 1.39735504945e-06, 7.6212853628e-07, 4.97215410178e-07, 3.31819450139e-07, 3.26529317363e-07, 1.98774372961e-07, 1.50900461904e-07, 9.21246794405e-08, 5.5881599792e-08, 2.89794179764e-08, 1.25360024583e-08, 6.33588426169e-09],
        "min": [5.46010767266e-07, 6.85795612299e-07, 2.71346380032e-06, 2.3490190415e-06, 5.48472826267e-06, 5.57487874175e-06, 4.33909281128e-06, 1.59012574841e-06, 4.22644234277e-06, 4.99730185766e-06, 1.16603428069e-06, 2.13076873479e-06, 8.72293242082e-07, 6.68490827138e-07, 6.46653518288e-07, 7.05061552253e-07, 5.83480073146e-07, 4.48372929895e-07, 8.70985900292e-07, 3.87230471688e-07, 2.8404826935e-07, 2.86640698732e-07, 1.48760165075e-07, 1.03004282437e-07, 6.5861925691e-08, 4.30975006793e-08, 2.56411674115e-08, 1.81158590351e-08, 8.32876523305e-09, 4.03166033891e-09, 2.1337469569e-09, 5.45839595745e-10, 1.51706314178e-09, 6.6739691551e-10, 1.15161935543e-09, 1.30876232074e-09, 7.51447182257e-10, 3.10641012913e-10, 3.45793366163e-10, 2.51591136813e-10],
        "stdev": [0.000315389363095, 0.000465482706204, 0.000359208497684, 0.000373635004507, 0.000714367895853, 0.000730483443476, 0.000793094572145, 0.000638688274194, 0.000278279534541, 0.000495687942021, 0.000343109044479, 0.000359970115824, 0.000377363117877, 0.000158320690389, 0.000292749202345, 0.000203704490559, 0.000222176429816, 0.000272448785836, 0.000143368990393, 0.000152410648298, 9.20015008887e-05, 9.27089276956e-05, 3.53611758328e-05, 4.22224111389e-05, 2.02270275622e-05, 1.20725526358e-05, 8.70865460456e-06, 6.62380125505e-06, 1.74747310666e-06, 1.04266894141e-06, 6.5737958721e-07, 4.42950835122e-07, 4.43791918769e-07, 2.9699492643e-07, 1.77206104013e-07, 9.73524478809e-08, 6.37543067228e-08, 3.2834645225e-08, 1.2304671948e-08, 4.10838252307e-09]
    },
    "melbands128": {
        "max": [3.10905270453e-05, 0.000561621447559, 0.00315212924033, 0.00525119807571, 0.00392164336517, 0.00314833084121, 0.00348386261612, 0.00853469129652, 0.00734209828079, 0.00494123017415, 0.00694623216987, 0.0084543954581, 0.0146798994392, 0.0166623797268, 0.0130623066798, 0.00941211730242, 0.0194291714579, 0.0111951380968, 0.00893288850784, 0.0140299461782, 0.00846446398646, 0.00229916255921, 0.00253458716907, 0.00864317920059, 0.0125708179548, 0.00830500666052, 0.00560708809644, 0.00337303965352, 0.015335845761, 0.00385401211679, 0.00949187111109, 0.00646883202717, 0.00809277687222, 0.00385625683703, 0.00378287327476, 0.00368691468611, 0.00478397030383, 0.00805615168065, 0.00625870050862, 0.00533989910036, 0.00236496329308, 0.00503063993528, 0.00220439792611, 0.00385861401446, 0.00681100878865, 0.00395121937618, 0.00764977606013, 0.00290263164788, 0.00339925778098, 0.00424502138048, 0.00230373512022, 0.00246985908598, 0.00386628159322, 0.00258890958503, 0.00131278531626, 0.00155847310089, 0.00129734561779, 0.000505467411131, 0.000374391442165, 0.000573000288568, 0.000823888811283, 0.000654800620396, 0.000532665231731, 0.000242247493588, 0.000313002557959, 0.000194882319192, 0.000161255185958, 0.000125418882817, 0.000119450603961, 0.000196227541892, 0.000129595791805, 5.90556119278e-05, 4.09005297115e-05, 3.6663008359e-05, 2.31534813793e-05, 1.77371239261e-05, 2.28388489631e-05, 1.31098104248e-05, 1.06278730527e-05, 5.20925777892e-06, 9.53234393819e-06, 1.20880031318e-05, 8.72150212672e-06, 7.34555760573e-06, 5.74022124056e-06, 7.78965750214e-06, 6.77575053487e-06, 4.4700050239e-06, 4.9642239901e-06, 1.33042954076e-06, 2.33251989812e-06, 1.21523623875e-06, 2.72623742603e-06, 1.28612123262e-06, 7.70268513861e-07, 3.39145373118e-07, 5.54942289455e-07, 4.59529957197e-07, 2.08532043189e-07, 1.34799577722e-07, 1.37129049449e-07, 2.0998321304e-08, 1.79222006125e-08, 2.0603847517e-08, 1.85606356951e-08, 1.84965625039e-08, 1.570806063e-08, 2.10795807476e-08, 1.5676972609e-08, 1.71531002735e-08, 1.7364808258e-08, 9.86887460641e-09, 1.10637357054e-08, 1.05003215012e-08, 9.74867120362e-09, 8.48981152046e-09, 8.53149995095e-09, 8.59911075679e-09, 8.34963831409e-09, 8.15356759887e-09, 7.96482435561e-09, 7.79429409903e-09, 7.66543895026e-09, 7.54050066831e-09, 7.44429939914e-09, 7.36858840611e-09, 7.30270866001e-09, 7.25746840402e-09],
        "mean": [1.88905391951e-06, 3.19693863275e-05, 0.000378253113013, 0.00087674590759, 0.000614305492491, 0.000274007761618, 0.00019045661611, 0.000318369362503, 0.000331641815137, 0.000273758836556, 0.000413518981077, 0.000592978205532, 0.000557088060305, 0.000712668115739, 0.000619377824478, 0.000630640890449, 0.000794536375906, 0.000537693733349, 0.000462292548036, 0.000619146972895, 0.000271674914984, 0.000169536549947, 0.000191643383005, 0.000431237043813, 0.000439045747044, 0.000324613036355, 0.000328809022903, 0.000164385157404, 0.000326569308527, 0.000259050808381, 0.000230348770856, 0.000356751668733, 0.000372311798856, 0.000152943946887, 0.000111500325147, 5.58265601285e-05, 7.77168606874e-05, 0.000160968847922, 0.000162430646014, 0.000116803836136, 6.29949063295e-05, 0.000233311977354, 0.000118371317512, 0.000104718405055, 0.000220455491217, 0.000111021909106, 7.76180677349e-05, 5.72290409764e-05, 8.52403391036e-05, 0.000139012161526, 8.55459002196e-05, 4.16216571466e-05, 5.31301811861e-05, 3.33973403031e-05, 2.46358813456e-05, 6.45618274575e-05, 5.73166944378e-05, 3.25819273712e-05, 1.97507561097e-05, 2.55046597886e-05, 4.72102474305e-05, 3.67603570339e-05, 1.71917527041e-05, 1.44898685903e-05, 1.77619785973e-05, 1.20800432342e-05, 8.48240961204e-06, 8.84433484316e-06, 6.68778739055e-06, 1.09554521259e-05, 6.41645556243e-06, 2.81093275589e-06, 1.70172540948e-06, 1.29126385673e-06, 8.77363902418e-07, 4.45723884468e-07, 1.15263731004e-06, 5.59904947295e-07, 4.35289990719e-07, 3.15569195664e-07, 2.87183269165e-07, 2.74745161732e-07, 5.54515679596e-07, 3.07327354676e-07, 1.93311493035e-07, 1.87701388654e-07, 2.09741315871e-07, 2.02235625579e-07, 1.5095127992e-07, 1.12500785576e-07, 9.94640672047e-08, 7.63518741564e-08, 1.01349648673e-07, 5.14641946836e-08, 3.5360582018e-08, 3.19911315216e-08, 3.23543432046e-08, 1.62513131841e-08, 1.14817222396e-08, 1.17791518761e-08, 8.42120861932e-09, 4.70636196681e-09, 4.60411886394e-09, 4.65237892655e-09, 4.3832311114e-09, 4.30643609661e-09, 4.26624202632e-09, 4.31086366603e-09, 4.09075484598e-09, 4.05993905161e-09, 3.6116873936e-09, 3.22984328172e-09, 2.85850254578e-09, 2.3111887959e-09, 1.31934463354e-09, 5.02359931431e-10, 1.74662950769e-10, 8.21159112929e-12, 7.8425712105e-12, 7.65322701046e-12, 7.47472309742e-12, 7.31684157707e-12, 7.18460013704e-12, 7.06020571867e-12, 6.96797654298e-12, 6.89464631221e-12, 6.83668616511e-12, 6.79503632181e-12],
        "min": [8.63710283849e-11, 1.7972521249e-08, 2.32293729141e-07, 6.77929619997e-07, 4.06063634273e-07, 2.75759418855e-07, 7.00144482835e-07, 7.04468732238e-07, 1.08135668597e-06, 7.0547167752e-07, 1.15006002943e-06, 1.21848438539e-06, 2.20004653784e-06, 5.00289161209e-06, 2.51057554124e-06, 9.88060492091e-07, 2.29428565035e-06, 1.35907703225e-06, 1.81009636435e-06, 1.71255442183e-06, 5.41036285995e-07, 9.10460357773e-07, 1.49883931044e-06, 1.15205148177e-06, 2.08693791137e-06, 1.238946993e-06, 5.58334932066e-07, 3.44192130797e-07, 8.36626895762e-07, 7.98586825113e-07, 3.64226679039e-07, 4.13042926084e-07, 1.92680076339e-07, 4.16960858729e-07, 2.95521886073e-07, 7.2281054031e-08, 1.81577192393e-07, 3.27240655906e-07, 3.83846895602e-07, 2.67531504505e-07, 1.21519434515e-07, 1.95609317188e-07, 4.87610698485e-08, 1.81822059631e-07, 1.99148416868e-07, 3.19787318404e-07, 2.60922035977e-07, 1.64690902693e-07, 3.64606734138e-07, 4.02989769555e-07, 3.83476752575e-08, 1.24183500816e-07, 1.47843735476e-07, 1.03861466982e-07, 8.21874479584e-08, 1.53691189553e-07, 1.40748070976e-07, 8.25878672117e-08, 4.82373891941e-08, 9.53107317514e-08, 1.29067686316e-07, 5.57909984877e-08, 5.38226494484e-08, 1.9609974089e-08, 2.39042865502e-08, 4.08515354877e-08, 1.72533489717e-08, 2.37572361783e-08, 8.868836332e-09, 1.24153558545e-08, 1.68798717226e-08, 7.974488625e-09, 4.41779945959e-09, 1.04245891919e-08, 5.3946580536e-09, 2.23834617508e-09, 3.35513417049e-09, 2.21051843496e-09, 1.30905342122e-09, 1.75134151625e-09, 2.79765099975e-10, 2.85946682999e-10, 3.9592473744e-10, 2.33517782888e-09, 1.8707109195e-09, 3.89737409012e-10, 3.74706377038e-10, 7.98900390286e-10, 7.07841785186e-10, 2.20795137729e-09, 8.89655293879e-10, 1.2371282887e-09, 1.65151103904e-09, 6.98259783327e-10, 2.77615597177e-10, 1.26113536281e-10, 2.4453417069e-10, 6.7948635607e-10, 4.47877235299e-10, 1.02810378266e-10, 1.82991705122e-10, 3.7928896135e-10, 1.78910969373e-10, 1.58280333284e-10, 1.25044807842e-10, 1.01152385079e-10, 1.28626123641e-10, 9.83675293997e-11, 1.45713552335e-10, 1.45451692357e-10, 1.39364159102e-10, 8.30772534099e-11, 1.09320975883e-10, 1.509225106e-10, 6.6518845987e-11, 3.25837100357e-11, 8.5100844557e-14, 4.76378614019e-14, 5.17999780168e-14, 3.87474273045e-14, 4.08688043802e-14, 4.53576893655e-14, 3.77349993158e-14, 3.85172477951e-14, 4.69321203265e-14, 4.55075261057e-14, 4.52220861669e-14, 4.96658175198e-14],
        "stdev": [2.7240291729e-06, 3.98026932089e-05, 0.000417713396018, 0.000961860525422, 0.000591889955103, 0.000333746225806, 0.000238856082433, 0.000553619407583, 0.00056384614436, 0.000330554990796, 0.000551661127247, 0.000828358635772, 0.000954808376264, 0.00121232355013, 0.000930002250243, 0.000955123337917, 0.00141318910755, 0.000902795640286, 0.0006901336601, 0.00117074570153, 0.000520530971698, 0.000308626302285, 0.0002775566536, 0.000661376048811, 0.000781969923992, 0.000640696031041, 0.000565088354051, 0.000259006366832, 0.000769027799834, 0.000433915294707, 0.000504677649587, 0.000582399428822, 0.000640037527774, 0.000309778843075, 0.000236673193285, 0.00018258325872, 0.000256706523942, 0.000506851123646, 0.000357497978257, 0.000285067828372, 0.000139643976581, 0.00054903421551, 0.000222480273806, 0.000269626441877, 0.000577599275857, 0.000275854428764, 0.000427021528594, 0.000144349061884, 0.000171823863639, 0.000294095196296, 0.000210060112295, 0.000116284434625, 0.000183410942554, 0.000102820027678, 6.52645685477e-05, 0.000152779917698, 0.000138312097988, 5.14158091391e-05, 3.27813540935e-05, 4.6988028771e-05, 7.60672483011e-05, 6.41777587589e-05, 3.40514088748e-05, 2.1117301003e-05, 2.47451698669e-05, 1.7880980522e-05, 1.27197954498e-05, 1.26986897158e-05, 9.63407183008e-06, 1.97361841856e-05, 1.03440315797e-05, 4.73853788208e-06, 3.02344005831e-06, 2.24964014706e-06, 1.72417003341e-06, 7.15450710231e-07, 2.49333174906e-06, 9.2388830808e-07, 9.04580133465e-07, 4.3510479486e-07, 4.64947873979e-07, 5.30432998858e-07, 9.61028149504e-07, 5.60846160624e-07, 3.21047423313e-07, 3.67286759229e-07, 4.08955457942e-07, 3.04807429075e-07, 2.39175363959e-07, 1.37608338946e-07, 1.40633048318e-07, 9.31787482727e-08, 1.6765169164e-07, 8.24534893695e-08, 4.49120491908e-08, 3.90618204449e-08, 5.02852337547e-08, 2.26824141691e-08, 1.330559396e-08, 1.5011554666e-08, 9.91990756205e-09, 1.93036742147e-09, 1.72404246435e-09, 1.7472597813e-09, 1.53192858399e-09, 1.51951262684e-09, 1.45108813854e-09, 1.48112144771e-09, 1.36966604725e-09, 1.38932210181e-09, 1.19323684267e-09, 1.01789676688e-09, 9.15390097056e-10, 7.82277298494e-10, 4.56876453336e-10, 2.66280275607e-10, 2.15833143025e-10, 1.8755624831e-10, 1.82117737557e-10, 1.77840409066e-10, 1.73723258001e-10, 1.7000444108e-10, 1.67193134337e-10, 1.64467411912e-10, 1.62369506729e-10, 1.6071804998e-10, 1.59281185463e-10, 1.58294322095e-10]
    },
    "mfcc": {
        "mean": [-644.363464355, 173.689590454, -51.8339958191, 21.9208087921, -6.15315628052, -6.97078323364, -9.05542182922, 5.05273246765, -11.0443220139, 6.16501998901, -4.16489267349, -3.80581116676, -0.908232629299],
        "cov": [[1244.61608887, -325.401641846, -384.584503174, 30.676317215, -158.3515625, 41.9661903381, 30.7657928467, 26.9059352875, -61.3744850159, 133.051330566, 6.30850601196, 14.8731031418, -42.6515884399], [-325.401641846, 352.892791748, 54.7921142578, -41.2037658691, 86.6191482544, -36.7477607727, 71.5991439819, 16.6830043793, -7.66769552231, -35.2882118225, 29.1702785492, -12.0544519424, 11.6198711395], [-384.584503174, 54.7921142578, 398.363342285, 25.4129047394, 15.6636552811, 89.9552154541, -37.5043907166, 7.01374959946, 54.5134773254, -81.3406219482, -2.99098420143, 32.6237030029, 24.4399242401], [30.676317215, -41.2037658691, 25.4129047394, 201.36315918, 80.4933319092, -61.3899345398, -60.5096549988, 35.3401679993, 46.8778991699, -1.34544575214, -11.8246517181, 40.0525550842, 55.5344200134], [-158.3515625, 86.6191482544, 15.6636552811, 80.4933319092, 153.102630615, -37.310585022, -18.0639724731, 24.7077445984, 36.760471344, 5.261469841, 0.740769863129, 6.92187452316, 29.1144866943], [41.9661903381, -36.7477607727, 89.9552154541, -61.3899345398, -37.310585022, 196.771591187, 85.4667663574, -9.36048316956, 11.9850473404, 4.52291584015, 13.0596656799, 0.590786278248, -29.2312488556], [30.7657928467, 71.5991439819, -37.5043907166, -60.5096549988, -18.0639724731, 85.4667663574, 187.419769287, 24.5513153076, -23.7188301086, 25.7030200958, 27.3717060089, -9.46376991272, -23.6704902649], [26.9059352875, 16.6830043793, 7.01374959946, 35.3401679993, 24.7077445984, -9.36048316956, 24.5513153076, 100.796257019, 36.9893417358, -5.36999940872, 10.6697044373, 16.6862506866, 20.9426860809], [-61.3744850159, -7.66769552231, 54.5134773254, 46.8778991699, 36.760471344, 11.9850473404, -23.7188301086, 36.9893417358, 136.008041382, 15.2734737396, -18.689163208, 21.326166153, 22.8001461029], [133.051330566, -35.2882118225, -81.3406219482, -1.34544575214, 5.261469841, 4.52291584015, 25.7030200958, -5.36999940872, 15.2734737396, 122.993331909, 37.5031356812, -9.98638439178, -4.15856122971], [6.30850601196, 29.1702785492, -2.99098420143, -11.8246517181, 0.740769863129, 13.0596656799, 27.3717060089, 10.6697044373, -18.689163208, 37.5031356812, 85.7869720459, 21.1331748962, -4.20392751694], [14.8731031418, -12.0544519424, 32.6237030029, 40.0525550842, 6.92187452316, 0.590786278248, -9.46376991272, 16.6862506866, 21.326166153, -9.98638439178, 21.1331748962, 86.8504180908, 41.656578064], [-42.6515884399, 11.6198711395, 24.4399242401, 55.5344200134, 29.1144866943, -29.2312488556, -23.6704902649, 20.9426860809, 22.8001461029, -4.15856122971, -4.20392751694, 41.656578064, 84.1540527344]],
        "icov": [[0.00250432523899, 0.000131403634441, 0.00253632385284, -0.00203127437271, 0.00274059758522, -0.00247267377563, 0.00146623700857, -0.00233145360835, 0.00170192739461, -0.00225095986389, 0.00161666667555, -0.00177544367034, 0.00142783334013], [0.000131403634441, 0.00652246363461, -0.00136415020097, 0.00307144783437, -0.00437695859, 0.00386956823058, -0.00439852103591, 0.00144515302964, -0.0012163980864, 0.00316528393887, -0.00338839902543, 0.00191015726887, -0.00183200207539], [0.00253632385284, -0.00136415020097, 0.00716092903167, -0.00319486134686, 0.00353662087582, -0.00612992048264, 0.00383167946711, -0.0021476703696, 0.000277511309832, 0.000515169871505, 0.00028003382613, -0.0015682579251, 0.000502481474541], [-0.00203127437271, 0.00307144783437, -0.00319486134686, 0.0118367997929, -0.00764135317877, 0.00506766187027, -0.00168083247263, 0.000694435322657, -0.00208352180198, 0.00203635566868, -0.00105472572614, -0.000421950884629, -0.00375739345327], [0.00274059758522, -0.00437695859, 0.00353662087582, -0.00764135317877, 0.0152011662722, -0.0042426539585, 0.00378645467572, -0.0035386045929, 0.000826832605526, -0.0042827357538, 0.0024481608998, -0.000915894575883, 0.0013617859222], [-0.00247267377563, 0.00386956823058, -0.00612992048264, 0.00506766187027, -0.0042426539585, 0.0142652392387, -0.00865512248129, 0.00498464005068, -0.00417292071506, 0.00312010594644, -0.00331994215958, 0.0015873061493, -0.000270357646514], [0.00146623700857, -0.00439852103591, 0.00383167946711, -0.00168083247263, 0.00378645467572, -0.00865512248129, 0.0130646796897, -0.00640129344538, 0.00414235983044, -0.00470458855852, 0.00288816029206, -0.00248867226765, 0.00231971056201], [-0.00233145360835, 0.00144515302964, -0.0021476703696, 0.000694435322657, -0.0035386045929, 0.00498464005068, -0.00640129344538, 0.0170223433524, -0.00707254186273, 0.00659232120961, -0.0065646963194, 0.00341130816378, -0.004071386531], [0.00170192739461, -0.0012163980864, 0.000277511309832, -0.00208352180198, 0.000826832605526, -0.00417292071506, 0.00414235983044, -0.00707254186273, 0.0137874903157, -0.00753382127732, 0.00786888971925, -0.00511622801423, 0.00233244244009], [-0.00225095986389, 0.00316528393887, 0.000515169871505, 0.00203635566868, -0.0042827357538, 0.00312010594644, -0.00470458855852, 0.00659232120961, -0.00753382127732, 0.0182208158076, -0.012035456486, 0.00740697141737, -0.00479588331655], [0.00161666667555, -0.00338839902543, 0.00028003382613, -0.00105472572614, 0.0024481608998, -0.00331994215958, 0.00288816029206, -0.0065646963194, 0.00786888971925, -0.012035456486, 0.0228590518236, -0.0107619678602, 0.00609028106555], [-0.00177544367034, 0.00191015726887, -0.0015682579251, -0.000421950884629, -0.000915894575883, 0.0015873061493, -0.00248867226765, 0.00341130816378, -0.00511622801423, 0.00740697141737, -0.0107619678602, 0.0218721330166, -0.0107226371765], [0.00142783334013, -0.00183200207539, 0.000502481474541, -0.00375739345327, 0.0013617859222, -0.000270357646514, 0.00231971056201, -0.004071386531, 0.00233244244009, -0.00479588331655, 0.00609028106555, -0.0107226371765, 0.0210369229317]]
    },
    "spectral_contrast_coeffs": {
        "max": [-0.381458997726, -0.511956989765, -0.536967515945, -0.568714380264, -0.572913765907, -0.634550571442],
        "mean": [-0.697353959084, -0.752774715424, -0.726073145866, -0.746774435043, -0.728981852531, -0.747668325901],
        "min": [-0.885471940041, -0.90016502142, -0.884040951729, -0.885624885559, -0.86723357439, -0.892968535423],
        "stdev": [0.0657366514206, 0.060590211302, 0.0599385276437, 0.0516238845885, 0.0478844828904, 0.0371828861535]
    },
    "spectral_contrast_valleys": {
        "max": [-5.54411220551, -4.83522796631, -5.49617671967, -5.85142421722, -6.62185621262, -10.5924491882],
        "mean": [-6.80636978149, -6.02424907684, -6.86872148514, -7.12368679047, -7.71103096008, -11.5325813293],
        "min": [-8.95341110229, -7.65823078156, -8.51715660095, -8.65990829468, -9.52902507782, -12.1972093582],
        "stdev": [0.470115154982, 0.42429703474, 0.510705053806, 0.47379308939, 0.519962906837, 0.243432492018]
    }
},
"rhythm": {
    "beats_count": 86,
    "beats_loudness": {
        "max": 0.0553328432143,
        "mean": 0.0315189398825,
        "min": 0.0101115629077,
        "stdev": 0.0102541521192
    },
    "bpm": 98.5532455444,
    "bpm_histogram_first_peak_bpm": 99,
    "bpm_histogram_first_peak_weight": 0.13793104887,
    "bpm_histogram_second_peak_bpm": 129,
    "bpm_histogram_second_peak_spread": 0.210526287556,
    "bpm_histogram_second_peak_weight": 0.176470592618,
    "danceability": 1.02688288689,
    "onset_rate": 2.666015625,
    "beats_loudness_band_ratio": {
        "max": [0.558234274387, 0.734451591969, 0.611335515976, 0.726832509041, 0.613075196743, 0.0566857755184],
        "mean": [0.13578081131, 0.252843886614, 0.24780318141, 0.227404147387, 0.165744289756, 0.0205499958247],
        "min": [0.00948444474488, 0.0337524786592, 0.0403132401407, 0.024644125253, 0.0121390651911, 0.00144234811887],
        "stdev": [0.110686451197, 0.155915349722, 0.126275509596, 0.149365440011, 0.108650527894, 0.0118526797742]
    },
