{
"metadata": {
    "version": {
        "essentia": "2.1-beta5",
        "essentia_git_sha": "Undefined",
        "extractor": "music 2.0"
    },
    "audio_properties": {
        "analysis": {
            "equal_loudness": 0,
            "length": 48.7502937317,
            "sample_rate": 44100,
            "start_time": 93.9943771362,
            "downmix": "mix"
        },
        "bit_rate": 192000,
        "length": 188.058410645,
        "lossless": 0,
        "number_channels": 2,
        "replay_gain": -7.17080497742,
        "sample_rate": 44100,
        "codec": "mp3",
        "md5_encoded": "a109ff7a501df229634f63e36221296d"
    },
    "tags": {
        "file_name": "Norway_Småting_Grethe Kausland _ Benny Borg.mp3",
        "encoding": ["Lavf58.29.100"]
    }
},
"lowlevel": {
    "average_loudness": 0.886729896069,
    "barkbands_crest": {
        "max": 21.7641029358,
        "mean": 8.94789409637,
        "min": 3.11434388161,
        "stdev": 3.42162156105
    },
    "barkbands_flatness_db": {
        "max": 0.301934182644,
        "mean": 0.183432117105,
        "min": 0.0841516926885,
        "stdev": 0.0304101463407
    },
    "barkbands_kurtosis": {
        "max": 32.4469337463,
        "mean": 2.11722230911,
        "min": -1.80150651932,
        "stdev": 3.7519338131
    },
    "barkbands_skewness": {
        "max": 4.99564504623,
        "mean": 1.07445931435,
        "min": -1.91738283634,
        "stdev": 0.857252299786
    },
    "barkbands_spread": {
        "max": 43.5559883118,
        "mean": 13.5990533829,
        "min": 2.20548844337,
        "stdev": 6.6897444725
    },
    "dissonance": {
        "max": 0.500000059605,
        "mean": 0.451968967915,
        "min": 0.261661440134,
        "stdev": 0.0331603065133
    },
    "dynamic_complexity": 1.93517661095,
    "erbbands_crest": {
        "max": 31.2440261841,
        "mean": 9.35244083405,
        "min": 3.08604979515,
        "stdev": 3.88416242599
    },
    "erbbands_flatness_db": {
        "max": 0.363568276167,
        "mean": 0.224760130048,
        "min": 0.134139567614,
        "stdev": 0.029700897634
    },
    "erbbands_kurtosis": {
        "max": 18.1666126251,
        "mean": 0.432058513165,
        "min": -1.82734644413,
        "stdev": 1.96977496147
    },
    "erbbands_skewness": {
        "max": 3.21434116364,
        "mean": 0.230703994632,
        "min": -3.45049381256,
        "stdev": 0.717989623547
    },
    "erbbands_spread": {
        "max": 69.0432128906,
        "mean": 23.8111038208,
        "min": 3.11518645287,
        "stdev": 9.20647621155
    },
    "hfc": {
        "max": 96.8206558228,
        "mean": 18.5830936432,
        "min": 0.487439006567,
        "stdev": 14.2616233826
    },
    "loudness_ebu128": {
        "integrated": -16.8573970795,
        "loudness_range": 3.94779205322,
        "momentary": {
            "max": -12.3037443161,
            "mean": -17.2696666718,
            "min": -25.9496135712,
            "stdev": 1.94911324978
        },
        "short_term": {
            "max": -13.9373855591,
            "mean": -17.0516681671,
            "min": -20.5354728699,
            "stdev": 1.32148683071
        }
    },
    "melbands_crest": {
        "max": 26.4671802521,
        "mean": 11.0273637772,
        "min": 3.74345684052,
        "stdev": 3.99530410767
    },
    "melbands_flatness_db": {
        "max": 0.391418814659,
        "mean": 0.242919772863,
        "min": 0.111775495112,
        "stdev": 0.0428141728044
    },
    "melbands_kurtosis": {
        "max": 52.573223114,
        "mean": 4.41174793243,
        "min": -1.73164141178,
        "stdev": 5.25643253326
    },
    "melbands_skewness": {
        "max": 5.63016700745,
        "mean": 1.57505047321,
        "min": -1.22826850414,
        "stdev": 0.918199241161
    },
    "melbands_spread": {
        "max": 70.833190918,
        "mean": 18.8972911835,
        "min": 2.83027219772,
        "stdev": 10.1506023407
    },
    "pitch_salience": {
        "max": 0.841737508774,
        "mean": 0.602731347084,
        "min": 0.260119318962,
        "stdev": 0.0813173279166
    },
    "silence_rate_20dB": {
        "max": 1,
        "mean": 1,
        "min": 1,
        "stdev": 0
    },
    "silence_rate_30dB": {
        "max": 1,
        "mean": 1,
        "min": 1,
        "stdev": 0
    },
    "silence_rate_60dB": {
        "max": 1,
        "mean": 0.007615421433,
        "min": 0,
        "stdev": 0.0869342312217
    },
    "spectral_centroid": {
        "max": 2341.88012695,
        "mean": 952.125732422,
        "min": 298.669647217,
        "stdev": 400.784729004
    },
    "spectral_complexity": {
        "max": 45,
        "mean": 19.4612083435,
        "min": 1,
        "stdev": 6.56037330627
    },
    "spectral_decrease": {
        "max": -8.89015042138e-11,
        "mean": -6.44768194391e-09,
        "min": -2.07837000943e-08,
        "stdev": 3.29001892396e-09
    },
    "spectral_energy": {
        "max": 0.0832119956613,
        "mean": 0.0260205678642,
        "min": 0.000379747420084,
        "stdev": 0.0134957907721
    },
    "spectral_energyband_high": {
        "max": 0.00160900969058,
        "mean": 0.00010121709056,
        "min": 3.05378284793e-06,
        "stdev": 0.000158463517437
    },
    "spectral_energyband_low": {
        "max": 0.0184556748718,
        "mean": 0.00254274974577,
        "min": 5.8480345615e-06,
        "stdev": 0.00246167858131
    },
    "spectral_energyband_middle_high": {
        "max": 0.0563459955156,
        "mean": 0.0073734712787,
        "min": 0.000157493181177,
        "stdev": 0.00745490798727
    },
    "spectral_energyband_middle_low": {
        "max": 0.0622661039233,
        "mean": 0.016673354432,
        "min": 0.000202627721592,
        "stdev": 0.00914028566331
    },
    "spectral_entropy": {
        "max": 8.41899871826,
        "mean": 7.0472278595,
        "min": 5.90505456924,
        "stdev": 0.297424286604
    },
    "spectral_flux": {
        "max": 0.208688825369,
        "mean": 0.0854397714138,
        "min": 0.0167090967298,
        "stdev": 0.030226258561
    },
    "spectral_kurtosis": {
        "max": 42.7953910828,
        "mean": 11.2363300323,
        "min": 0.630880832672,
        "stdev": 6.11310386658
    },
    "spectral_rms": {
        "max": 0.00901012960821,
        "mean": 0.004865413066,
        "min": 0.000608675007243,
        "stdev": 0.00130909006111
    },
    "spectral_rolloff": {
        "max": 3294.58007812,
        "mean": 1182.33752441,
        "min": 236.865234375,
        "stdev": 583.229858398
    },
    "spectral_skewness": {
        "max": 5.40274143219,
        "mean": 2.18763303757,
        "min": 0.495681107044,
        "stdev": 0.721866250038
    },
    "spectral_spread": {
        "max": 19206214,
        "mean": 2419034.5,
        "min": 1404358.875,
        "stdev": 620755.75
    },
    "spectral_strongpeak": {
        "max": 10.5388040543,
        "mean": 1.24124419689,
        "min": 0.0199262630194,
        "stdev": 1.283005476
    },
    "zerocrossingrate": {
        "max": 0.08837890625,
        "mean": 0.0414125695825,
        "min": 0.01318359375,
        "stdev": 0.0140066919848
    },
    "barkbands": {
        "max": [3.78564182029e-05, 0.0123059013858, 0.0148539636284, 0.0127279367298, 0.0417234711349, 0.0345925875008, 0.0436077639461, 0.0330556817353, 0.0268007665873, 0.021113852039, 0.0233758036047, 0.0265553649515, 0.0252783354372, 0.0150945233181, 0.022230129689, 0.0119790406898, 0.00814897473902, 0.00480776512995, 0.00302891572937, 0.00215246179141, 0.000722524244338, 0.000600848987233, 0.000164617711562, 4.64507902507e-05, 5.55834640181e-06, 1.39679548283e-06, 1.14291106001e-06],
        "mean": [1.77423748937e-06, 0.000953880720772, 0.00108027015813, 0.00140395958442, 0.00550052104518, 0.00275462074205, 0.00242408365011, 0.00235135364346, 0.00186970178038, 0.00149108888581, 0.000795061059762, 0.000984368030913, 0.000944492407143, 0.000635049771518, 0.000913628202397, 0.000789457408246, 0.000495965301525, 0.000293990917271, 0.000192783860257, 8.19207416498e-05, 3.9206166548e-05, 1.27906350826e-05, 6.55885423839e-06, 2.33384548665e-06, 9.18779107906e-07, 8.00499890374e-07, 9.75265468384e-09],
        "min": [8.32343260981e-09, 1.17184049486e-06, 4.12877000144e-07, 6.88123179771e-07, 4.58527902083e-05, 3.93615300709e-05, 8.71564498084e-06, 1.05317249108e-05, 1.17194826998e-06, 1.4651005813e-06, 1.50065648086e-06, 4.83575149701e-06, 5.83111886954e-06, 5.53060499442e-06, 3.21521747537e-06, 2.02817909667e-06, 1.1383092442e-06, 1.13605187835e-06, 4.61884326342e-07, 3.57514494453e-07, 2.76878978411e-07, 2.1956502394e-07, 2.06163932148e-07, 3.41432951245e-07, 5.18855529208e-07, 5.01872762015e-07, 3.46908855808e-11],
        "stdev": [2.48717287832e-06, 0.00136634125374, 0.00146193290129, 0.00166828138754, 0.00485004112124, 0.00286919111386, 0.00386055116542, 0.00310630025342, 0.00295380875468, 0.00209099939093, 0.00183393980842, 0.00220716162585, 0.00193437316921, 0.00111452257261, 0.00173633650411, 0.00149283150677, 0.000867078313604, 0.000494826526847, 0.000313791650115, 0.000137087554322, 7.25701756892e-05, 3.37777601089e-05, 1.22438132166e-05, 4.0209342842e-06, 2.40844229893e-07, 1.14897190429e-07, 3.1002173273e-08]
    },
    "erbbands": {
        "max": [0.100839219987, 3.50792002678, 13.0024423599, 26.564950943, 143.133117676, 137.605697632, 286.877990723, 262.885131836, 647.343017578, 506.975708008, 663.918701172, 748.145446777, 587.86529541, 612.190551758, 1280.40319824, 1314.51403809, 1407.84387207, 820.002380371, 1302.14477539, 717.197875977, 696.721923828, 331.505523682, 271.509216309, 157.515274048, 161.097946167, 133.185241699, 40.151008606, 21.762676239, 13.9778270721, 6.34630155563, 6.02231884003, 1.85180687904, 0.655587673187, 0.102025359869, 0.0119353523478, 0.00772134633735, 0.00253945006989, 0.000744291464798, 0.000165385237779, 9.82329947874e-05],
        "mean": [0.0106179183349, 0.279707551003, 1.19418275356, 3.01448607445, 12.7073125839, 18.3612728119, 18.3535518646, 23.9239788055, 36.0531768799, 35.7991104126, 53.8523635864, 43.7367858887, 39.5229988098, 46.8614997864, 39.5315132141, 39.7843933105, 44.0935401917, 36.3379135132, 46.2962989807, 42.6083106995, 41.8098373413, 25.8786678314, 18.5153388977, 11.4736528397, 8.89010047913, 4.02204656601, 2.71276259422, 0.792258441448, 0.447318822145, 0.278320819139, 0.201484873891, 0.0801095739007, 0.0272661019117, 0.0108232367784, 0.00662169139832, 0.00398404989392, 0.0014705696376, 0.00012544375204, 1.62537908182e-05, 3.04833574774e-05],
        "min": [3.52895294782e-05, 0.000362454418791, 0.000919847458135, 0.00374875357375, 0.0214786604047, 0.165244281292, 0.441689878702, 0.404598206282, 0.177551165223, 0.154083803296, 0.19068005681, 0.0306056085974, 0.0307633336633, 0.0633868724108, 0.117478519678, 0.258057445288, 0.377580732107, 0.325568258762, 0.185381501913, 0.226376250386, 0.152411282063, 0.08111949265, 0.071799390018, 0.0388993136585, 0.0230243969709, 0.0214597471058, 0.0109857600182, 0.00973492953926, 0.00667676283047, 0.00676079653203, 0.00646604411304, 0.00562005955726, 0.00501126423478, 0.00481844320893, 0.00370356300846, 0.00208583311178, 0.00075265270425, 6.36091353954e-05, 2.49502886618e-06, 1.8297968154e-06],
        "stdev": [0.0135360164568, 0.383392840624, 1.47567725182, 3.18792200089, 13.2974720001, 17.8862762451, 20.6100292206, 26.5308914185, 55.3107376099, 44.3947868347, 67.5628585815, 67.5077819824, 56.8422622681, 68.7387008667, 85.4691162109, 86.0003662109, 94.5709228516, 60.0164451599, 93.7972717285, 71.0767822266, 78.6774749756, 41.449432373, 30.5008602142, 16.6393718719, 15.5030984879, 7.04141807556, 4.47829627991, 1.80290901661, 1.0120036602, 0.669187128544, 0.380843192339, 0.140780955553, 0.0437511578202, 0.00578034296632, 0.00120796903502, 0.000696986622643, 0.000241165529587, 2.7229947591e-05, 8.55949474499e-06, 1.6140867956e-05]
    },
    "gfcc": {
        "mean": [-28.4132270813, 148.967590332, -145.055328369, 4.94862699509, -48.3355789185, -11.6608076096, -41.8470497131, 0.612123012543, -26.4681434631, -4.19375371933, -17.2653675079, -7.28345346451, -11.524561882],
        "cov": [[1295.90734863, -9.25570964813, -589.065429688, 326.961029053, 96.8504714966, -49.973274231, 178.874328613, -69.5205459595, 109.283409119, -70.6299514771, 21.6085071564, -98.5524978638, -1.67633187771], [-9.25570964813, 250.014404297, 171.951202393, -89.3306655884, 89.9074401855, 5.70462083817, 43.4140052795, 58.923210144, -37.4723396301, 8.90089797974, 15.8888616562, -24.9111785889, -2.43929457664], [-589.065429688, 171.951202393, 574.763366699, -65.4987258911, -66.7039031982, 76.9195404053, -49.472038269, 25.4969120026, -31.9478282928, 19.275056839, -16.4851284027, 36.6684608459, -15.2379169464], [326.961029053, -89.3306655884, -65.4987258911, 365.294494629, 59.5302429199, -20.9151973724, 0.828307032585, -27.4005622864, 99.3533477783, -14.3130016327, -33.973449707, -1.08302164078, 9.46029090881], [96.8504714966, 89.9074401855, -66.7039031982, 59.5302429199, 246.213729858, -32.6433982849, -9.78346633911, 79.2455062866, 4.12378644943, 16.1041545868, 2.43302226067, -8.53063869476, 26.928396225], [-49.973274231, 5.70462083817, 76.9195404053, -20.9151973724, -32.6433982849, 208.992355347, 100.496627808, -32.0181922913, -18.8747196198, -6.05509090424, 14.5404615402, 20.6767158508, -20.4659099579], [178.874328613, 43.4140052795, -49.472038269, 0.828307032585, -9.78346633911, 100.496627808, 185.9271698, 16.5953140259, -37.1520347595, 3.38719439507, 28.2862205505, -18.553565979, -6.80099058151], [-69.5205459595, 58.923210144, 25.4969120026, -27.4005622864, 79.2455062866, -32.0181922913, 16.5953140259, 121.125236511, 21.607421875, 19.5031700134, 8.07360172272, -1.01783108711, 13.8853979111], [109.283409119, -37.4723396301, -31.9478282928, 99.3533477783, 4.12378644943, -18.8747196198, -37.1520347595, 21.607421875, 121.711341858, 22.9058494568, -10.7404413223, 7.54345989227, 5.91763877869], [-70.6299514771, 8.90089797974, 19.275056839, -14.3130016327, 16.1041545868, -6.05509090424, 3.38719439507, 19.5031700134, 22.9058494568, 81.0941543579, 31.2230472565, 6.87406253815, 10.6620159149], [21.6085071564, 15.8888616562, -16.4851284027, -33.973449707, 2.43302226067, 14.5404615402, 28.2862205505, 8.07360172272, -10.7404413223, 31.2230472565, 71.9094772339, 24.012878418, 1.76917147636], [-98.5524978638, -24.9111785889, 36.6684608459, -1.08302164078, -8.53063869476, 20.6767158508, -18.553565979, -1.01783108711, 7.54345989227, 6.87406253815, 24.012878418, 75.2509384155, 26.0352497101], [-1.67633187771, -2.43929457664, -15.2379169464, 9.46029090881, 26.928396225, -20.4659099579, -6.80099058151, 13.8853979111, 5.91763877869, 10.6620159149, 1.76917147636, 26.0352497101, 55.5479316711]],
        "icov": [[0.026937559247, -0.0344255492091, 0.0298318602145, -0.020461095497, 0.00826983433217, 0.00349415419623, -0.014352816157, 0.0216009058058, -0.0254201572388, 0.0254740491509, -0.0208567772061, 0.0152851575986, -0.00759053230286], [-0.0344255492091, 0.0666873753071, -0.0518918819726, 0.0383148081601, -0.02943052724, 0.00880020484328, -0.0016007112572, -0.0128084123135, 0.0164599921554, -0.0203789435327, 0.0182613674551, -0.0122029595077, 0.00894054211676], [0.0298318602145, -0.0518918819726, 0.0444692932069, -0.0312654599547, 0.0227606724948, -0.00704715307802, -0.00044999513193, 0.010953027755, -0.0148144857958, 0.0184049643576, -0.0164745785296, 0.0119085684419, -0.00728951580822], [-0.020461095497, 0.0383148081601, -0.0312654599547, 0.0282031409442, -0.0202566459775, 0.00786240026355, -0.00477306963876, -0.00200442317873, 0.00312762125395, -0.0102122426033, 0.0130606237799, -0.00979932118207, 0.00612242659554], [0.00826983433217, -0.02943052724, 0.0227606724948, -0.0202566459775, 0.0269934274256, -0.0140194008127, 0.017961088568, -0.0148971593007, 0.0120712555945, -0.00490407971665, -0.00038784040953, 0.00190189352725, -0.00490112183616], [0.00349415419623, 0.00880020484328, -0.00704715307802, 0.00786240026355, -0.0140194008127, 0.020818086341, -0.0242474675179, 0.0202612839639, -0.0190063808113, 0.012694388628, -0.0055554676801, -0.000765483593568, 0.00377656985074], [-0.014352816157, -0.0016007112572, -0.00044999513193, -0.00477306963876, 0.017961088568, -0.0242474675179, 0.0420365482569, -0.0357271544635, 0.0376124121249, -0.026925874874, 0.0134921483696, -0.00632293988019, 0.000317849830026], [0.0216009058058, -0.0128084123135, 0.010953027755, -0.00200442317873, -0.0148971593007, 0.0202612839639, -0.0357271544635, 0.0489495918155, -0.0432097278535, 0.0316063724458, -0.0217134300619, 0.0136039378121, -0.00563598051667], [-0.0254201572388, 0.0164599921554, -0.0148144857958, 0.00312762125395, 0.0120712555945, -0.0190063808113, 0.0376124121249, -0.0432097278535, 0.0564157515764, -0.0409456789494, 0.0278525836766, -0.0187526866794, 0.00766224553809], [0.0254740491509, -0.0203789435327, 0.0184049643576, -0.0102122426033, -0.00490407971665, 0.012694388628, -0.026925874874, 0.0316063724458, -0.0409456789494, 0.0504399202764, -0.0340996906161, 0.0217424575239, -0.0119050918147], [-0.0208567772061, 0.0182613674551, -0.0164745785296, 0.0130606237799, -0.00038784040953, -0.0055554676801, 0.0134921483696, -0.0217134300619, 0.0278525836766, -0.0340996906161, 0.0444764830172, -0.0270804204047, 0.0135036734864], [0.0152851575986, -0.0122029595077, 0.0119085684419, -0.00979932118207, 0.00190189352725, -0.000765483593568, -0.00632293988019, 0.0136039378121, -0.0187526866794, 0.0217424575239, -0.0270804204047, 0.0376481190324, -0.0194763690233], [-0.00759053230286, 0.00894054211676, -0.00728951580822, 0.00612242659554, -0.00490112183616, 0.00377656985074, 0.000317849830026, -0.00563598051667, 0.00766224553809, -0.0119050918147, 0.0135036734864, -0.0194763690233, 0.030506066978]]
    },
    "melbands": {
        "max": [0.00215902784839, 0.00476889265701, 0.00647538062185, 0.0108055584133, 0.00990271475166, 0.00602712901309, 0.0100721819326, 0.00526124192402, 0.00598317058757, 0.00476101506501, 0.00293824309483, 0.00291206920519, 0.0032709678635, 0.00314911548048, 0.00241451826878, 0.0026052899193, 0.00180096609984, 0.00185176508967, 0.00144402286969, 0.000901186256669, 0.000975463539362, 0.000479267066112, 0.000707906321622, 0.000273510871921, 0.000140544274473, 0.000147565777297, 6.28474372206e-05, 8.09271659818e-05, 3.95911338273e-05, 2.09810168599e-05, 1.7445487174e-05, 1.04138125607e-05, 4.79911386719e-06, 2.7805854188e-06, 3.23222684528e-06, 2.76417245004e-06, 7.82382358011e-07, 6.14231112195e-07, 2.50615443065e-07, 3.03705718352e-08],
        "mean": [0.000183645141078, 0.000547827919945, 0.00079725170508, 0.00122069672216, 0.000659520097543, 0.000533440441359, 0.000551964738406, 0.000426501326729, 0.0004226815945, 0.000263619906036, 0.000196164153749, 0.000195726723177, 0.000123087476823, 0.000125821796246, 9.14408374229e-05, 8.69690993568e-05, 6.36319964542e-05, 7.12405744707e-05, 5.70221855014e-05, 5.55776132387e-05, 4.70026861876e-05, 2.52148547588e-05, 2.52682693827e-05, 1.28326928461e-05, 8.5993005996e-06, 7.49803757571e-06, 3.88303487853e-06, 2.35299194173e-06, 2.20129459194e-06, 6.08169614225e-07, 4.14311642771e-07, 2.69102486072e-07, 1.98090418735e-07, 1.25538676343e-07, 1.23376054262e-07, 7.89511105381e-08, 3.69636197206e-08, 1.99389855737e-08, 1.21277352605e-08, 7.84013476363e-09],
        "min": [2.86356993229e-07, 5.35727167517e-07, 7.22400841369e-07, 4.67804920845e-06, 1.74498418346e-05, 8.6736636149e-06, 2.42945202444e-06, 1.8940835389e-06, 1.3215767467e-06, 1.34801879881e-07, 1.55752104547e-07, 2.53608504863e-07, 2.77943684068e-07, 6.77447530961e-07, 7.00129135112e-07, 5.42750115073e-07, 5.63320213587e-07, 1.97231941002e-07, 2.2011386136e-07, 1.08417211209e-07, 1.37643141329e-07, 6.69948718723e-08, 6.08829893167e-08, 5.69395446348e-08, 2.27181651269e-08, 1.57761679276e-08, 1.27994983501e-08, 1.0692467356e-08, 6.56611209848e-09, 5.8599289865e-09, 4.63079130597e-09, 3.22880944204e-09, 3.07123348975e-09, 3.04170511001e-09, 2.86942825056e-09, 2.84108581106e-09, 3.05260017264e-09, 2.92407786873e-09, 3.20892468153e-09, 3.16844950277e-09],
        "stdev": [0.00025344218011, 0.000612648902461, 0.000767883495428, 0.00118775572628, 0.00068490364356, 0.000577076687478, 0.000858235405758, 0.000513032719027, 0.000533193524461, 0.000427386316005, 0.000289816613076, 0.000299681996694, 0.000266359129455, 0.000280439475318, 0.00018545522471, 0.000172614934854, 0.000118327632663, 0.00014269365056, 0.000103063292045, 9.86614759313e-05, 9.38806915656e-05, 4.26877813879e-05, 5.88596667512e-05, 2.23686729441e-05, 1.36177313834e-05, 1.34955271278e-05, 6.39238396616e-06, 4.47812726634e-06, 3.89196702599e-06, 1.2299331047e-06, 1.17758975193e-06, 6.53949143725e-07, 4.66880891281e-07, 2.97540509564e-07, 2.38806023845e-07, 1.45377612171e-07, 6.73883988611e-08, 3.58939331591e-08, 1.36946836093e-08, 2.22176987918e-09]
    },
    "melbands128": {
        "max": [3.55666670657e-05, 0.000287400995148, 0.00221016048454, 0.00752083398402, 0.00632830522954, 0.00739470031112, 0.00655954470858, 0.00762030482292, 0.017305854708, 0.0186017528176, 0.00890111085027, 0.016304500401, 0.0127260545269, 0.0140579137951, 0.00795845501125, 0.00894895754755, 0.00872100982815, 0.0191812179983, 0.0105129508302, 0.00922060571611, 0.00914379116148, 0.0108305839822, 0.0119894510135, 0.00747432792559, 0.00748140318319, 0.00545796938241, 0.00955678522587, 0.00303774815984, 0.00495375925675, 0.0070110145025, 0.00446076598018, 0.00438054511324, 0.0041248369962, 0.00999717228115, 0.00615925062448, 0.00544045912102, 0.00656246114522, 0.00230652466416, 0.00633751088753, 0.00741279637441, 0.00259091774933, 0.00267228274606, 0.00299228192307, 0.00308527471498, 0.00172390392981, 0.00233108527027, 0.00486528268084, 0.00204446678981, 0.00200294866227, 0.00246947305277, 0.00135182752274, 0.00202723173425, 0.00214295019396, 0.0017869612202, 0.000766202516388, 0.000888294889592, 0.000795415660832, 0.00166467379313, 0.000657960365061, 0.000433882523794, 0.000608788221143, 0.00034859450534, 0.000249035860179, 0.000233267172007, 0.000197663961444, 0.000170009196154, 0.000283327331999, 0.000145512647578, 5.7247310906e-05, 0.000264026282821, 8.12606376712e-05, 9.89006148302e-05, 7.90397243691e-05, 7.25720601622e-05, 3.37419078278e-05, 2.94954461424e-05, 1.92214884009e-05, 2.36628548009e-05, 2.43585054704e-05, 3.48790963471e-05, 9.70243581833e-06, 7.5884099715e-06, 8.23849313747e-06, 6.2084086494e-06, 1.0549111721e-05, 5.13817803949e-06, 2.99700582218e-06, 2.88703063234e-06, 4.32457454735e-06, 7.51268271415e-06, 3.93892241846e-06, 1.27372049974e-06, 1.58959335295e-06, 1.08988388092e-06, 7.65853769735e-07, 7.88154466136e-07, 7.04996182321e-07, 4.57251900343e-07, 3.5236456597e-07, 2.39323156848e-07, 5.55234400679e-08, 2.4535788512e-08, 2.22135945194e-08, 2.60195065493e-08, 2.18160334242e-08, 2.13125765924e-08, 1.96158858046e-08, 1.96381435558e-08, 1.84547097604e-08, 2.00767296121e-08, 1.59552371315e-08, 1.28606201244e-08, 1.21683489951e-08, 1.05070050438e-08, 6.56109611086e-09, 5.00017272032e-09, 5.79947512236e-09, 5.42132161385e-09, 5.20219245459e-09, 5.00862507025e-09, 4.8776698236e-09, 4.77118833331e-09, 4.67650673741e-09, 4.59056703761e-09, 4.52245618732e-09, 4.47317338725e-09, 4.41900294135e-09, 4.39297398458e-09],
        "mean": [1.42567648709e-06, 2.50537523243e-05, 0.00022868294036, 0.000540156441275, 0.000623977277428, 0.00050813506823, 0.0004953838652, 0.000814594444819, 0.00132350344211, 0.00153779727407, 0.00093902926892, 0.000703183584847, 0.000659773068037, 0.000479864043882, 0.000492666789796, 0.000635693839286, 0.000505790812895, 0.000659238663502, 0.000429550302215, 0.00032762234332, 0.000455940695247, 0.000615240249317, 0.000365850311937, 0.000312498421408, 0.000314612640068, 0.000202898430871, 0.000242837239057, 0.000170878003701, 0.000162952797837, 0.000294008437777, 0.000153566259542, 0.000116816809168, 0.000124227241031, 0.000120617885841, 0.000147402199218, 0.000132976594614, 9.12831455935e-05, 4.9822829169e-05, 0.000136678077979, 0.000104841245047, 6.00338971708e-05, 8.6753112555e-05, 6.27029730822e-05, 5.74784971832e-05, 4.51429077657e-05, 8.36662002257e-05, 9.86676386674e-05, 3.12600895995e-05, 5.35553117516e-05, 7.16393042239e-05, 4.79945665575e-05, 4.60682495032e-05, 6.65793340886e-05, 3.6096025724e-05, 3.0152283216e-05, 2.24811938097e-05, 1.75829136424e-05, 4.28207094956e-05, 1.95094962692e-05, 1.0087778719e-05, 1.45741114466e-05, 1.27676275952e-05, 1.06438310468e-05, 7.13624740456e-06, 5.59776890441e-06, 7.81333892519e-06, 9.53884409682e-06, 4.09712674809e-06, 2.63198126049e-06, 3.0886130844e-06, 2.20071228796e-06, 2.03630315809e-06, 2.65177254732e-06, 2.66706615548e-06, 1.03431057141e-06, 6.40378516437e-07, 4.01074430556e-07, 3.04329461187e-07, 4.95096799114e-07, 4.52098902315e-07, 2.59780961187e-07, 2.14929201547e-07, 1.92528872844e-07, 1.87732695167e-07, 2.37790843016e-07, 1.20679487736e-07, 9.93601005916e-08, 9.51798213578e-08, 1.34314447564e-07, 1.39843081115e-07, 9.79233050202e-08, 5.3794153132e-08, 5.85847033108e-08, 3.83784310998e-08, 2.42308821896e-08, 2.1165254438e-08, 2.10194723849e-08, 1.44886023179e-08, 1.31463684383e-08, 1.03381738725e-08, 8.10444600319e-09, 7.26993087952e-09, 7.58754303831e-09, 7.66448682299e-09, 7.30386240377e-09, 7.33718863444e-09, 7.28513560588e-09, 7.22441351186e-09, 6.90492640842e-09, 6.93968260634e-09, 6.0899219001e-09, 5.52121903752e-09, 4.89573315221e-09, 3.96403443403e-09, 2.22739804379e-09, 8.61548443698e-10, 3.08131686833e-10, 9.42719166619e-12, 8.89039449697e-12, 8.62776777105e-12, 8.41629977516e-12, 8.23564307029e-12, 8.06640778478e-12, 7.9168373246e-12, 7.81126552329e-12, 7.72449899183e-12, 7.65105687139e-12, 7.60406928396e-12],
        "min": [6.14823747469e-10, 3.08360590395e-08, 1.81550234402e-07, 3.24146242292e-07, 1.61337879945e-07, 1.79017547453e-07, 2.18442608002e-07, 1.49998072629e-07, 6.54342159123e-07, 1.52320262714e-06, 3.84284658139e-06, 1.90259697774e-06, 4.95537460665e-06, 3.72526210413e-06, 3.01732416119e-06, 1.43135468988e-06, 3.31330170411e-06, 6.35448827779e-07, 1.05895333036e-06, 6.61810076963e-07, 1.41256168718e-06, 3.59212862122e-07, 1.03191473499e-06, 2.9597390494e-07, 6.33862811128e-08, 1.08128581644e-07, 1.44235855259e-07, 1.16494220492e-07, 2.04619226452e-07, 2.75962747764e-07, 1.74726423552e-07, 6.28853200624e-08, 1.34273491881e-07, 3.43570604855e-07, 1.48836704739e-07, 1.60749152656e-07, 1.99875600515e-07, 9.58776169568e-08, 2.47576167567e-07, 2.84982604626e-07, 3.80282116907e-08, 1.24711931448e-07, 1.31485833776e-07, 6.74888767094e-08, 5.16141831497e-08, 1.2756754586e-07, 8.54155288721e-08, 1.01179146839e-07, 1.05689963448e-07, 8.92782665574e-08, 4.2187156879e-08, 3.0193795908e-08, 7.41371763979e-08, 5.9092453597e-08, 3.42255539465e-08, 1.52180774649e-08, 4.22794386168e-08, 2.56958205824e-08, 1.92229201446e-08, 2.09565094167e-08, 2.17285247572e-08, 3.126003989e-08, 3.68305008713e-09, 9.67363344984e-09, 1.15438760773e-08, 1.12295879262e-08, 1.12678764097e-08, 9.09620023748e-09, 5.30015231703e-09, 8.13522760268e-09, 6.56582788139e-09, 3.27289551016e-09, 4.2635264208e-09, 6.41351105557e-09, 1.01559893828e-09, 2.34875319194e-09, 2.80407919107e-09, 2.50553267023e-09, 2.69588418256e-09, 1.64518632051e-09, 2.14748330229e-09, 2.64319677257e-09, 2.77150680184e-09, 1.70841729652e-09, 1.99629157649e-09, 1.30876653959e-09, 1.8587695827e-09, 1.32332722558e-09, 1.20220677857e-09, 1.94591653901e-09, 1.46396395007e-09, 1.80243941994e-09, 1.66834968063e-09, 2.04470462783e-09, 9.42435685047e-10, 1.93714377872e-09, 1.88969107029e-09, 1.57083579477e-09, 1.28693478096e-09, 1.30651733876e-09, 1.59966839774e-09, 1.07667463833e-09, 2.81856010753e-10, 1.87211357527e-09, 2.10688488878e-09, 2.24572516139e-09, 2.50642995248e-09, 2.35480501765e-09, 2.10121631206e-09, 1.83781834195e-09, 1.8371231203e-09, 1.72567360401e-09, 1.37947742118e-09, 9.16139442086e-10, 5.07044128906e-10, 5.05498004566e-11, 2.77740395786e-13, 1.28615718878e-13, 7.98561181916e-14, 7.53282595263e-14, 8.36784932795e-14, 7.56017969582e-14, 7.12204004539e-14, 7.26636903859e-14, 8.30547992035e-14, 8.02718961722e-14, 5.97592992885e-14, 5.88939839822e-14],
        "stdev": [2.10161670111e-06, 3.4360702557e-05, 0.000332661002176, 0.000815413543023, 0.00083108182298, 0.000708271923941, 0.000637499382719, 0.0010042526992, 0.001582102268, 0.00192229961976, 0.00107057229616, 0.000965002458543, 0.000886041088961, 0.000776753586251, 0.000657067401335, 0.000921000435483, 0.000737391936127, 0.0014518883545, 0.000848846160807, 0.000642946339212, 0.00078206975013, 0.000982969650067, 0.000727510196157, 0.000664696039166, 0.000643358565867, 0.000495692947879, 0.000634296040516, 0.000326165580191, 0.000342308310792, 0.000558739702683, 0.000314574950607, 0.000332980096573, 0.000335838296451, 0.00049759959802, 0.0004527400597, 0.000372237700503, 0.000331975199515, 0.00013662049605, 0.000380718091037, 0.000382198573789, 0.000153662462253, 0.000189206635696, 0.00015640516358, 0.000175219320226, 0.000118024203402, 0.000197221103008, 0.000292831420666, 9.79858814389e-05, 0.000127118473756, 0.000174282526132, 0.000125370876049, 0.000139391442644, 0.000169995400938, 0.000100559773273, 6.60863370285e-05, 6.11976938671e-05, 3.90963723476e-05, 0.000131366497953, 5.33651473233e-05, 2.53438338405e-05, 3.72864924429e-05, 3.0648894608e-05, 2.3680522645e-05, 1.61122788995e-05, 1.10998944365e-05, 1.59336614161e-05, 2.35682146013e-05, 9.57692100201e-06, 5.26160147274e-06, 1.05088292912e-05, 4.5099336603e-06, 5.56888335268e-06, 5.62268905924e-06, 6.03049738856e-06, 2.40616941483e-06, 1.55328325491e-06, 1.15575437576e-06, 9.75109514911e-07, 1.55995860496e-06, 1.75202865194e-06, 7.0318503731e-07, 5.03098021909e-07, 4.70620875603e-07, 4.64872329076e-07, 8.26465907267e-07, 3.57656631422e-07, 2.25627303507e-07, 2.25999301051e-07, 2.9545299185e-07, 3.1355534702e-07, 2.08328131635e-07, 9.62022355111e-08, 1.25422943142e-07, 7.54112008394e-08, 4.89096230183e-08, 4.13399519061e-08, 4.36803979653e-08, 2.24647962455e-08, 1.82516632918e-08, 9.41936484367e-09, 3.74002029346e-09, 2.68425592864e-09, 2.74491940289e-09, 2.76442890801e-09, 2.51762632963e-09, 2.53467247191e-09, 2.44139952699e-09, 2.39010189418e-09, 2.2748800621e-09, 2.33415309303e-09, 1.96427385468e-09, 1.67042235599e-09, 1.48110690379e-09, 1.25368582182e-09, 7.34787453105e-10, 3.25236698684e-10, 2.31248228899e-10, 1.46387874045e-10, 1.4051193542e-10, 1.35591857187e-10, 1.32012678566e-10, 1.28972568736e-10, 1.26324103955e-10, 1.23966628629e-10, 1.2217508949e-10, 1.20757306932e-10, 1.19398935183e-10, 1.18669643556e-10]
    },
    "mfcc": {
        "mean": [-668.721801758, 187.246200562, -37.3481521606, 18.7452793121, -0.726576209068, -8.57580089569, -8.44849967957, -4.10481977463, -8.84117984772, 1.79504954815, -8.62526130676, -4.13835906982, -4.35567617416],
        "cov": [[1889.44946289, -376.580200195, -635.684082031, 298.919952393, -115.964958191, 161.092437744, -34.5818901062, 97.6056900024, -1.06003975868, 133.985916138, -32.0576133728, 34.0183067322, -54.3506469727], [-376.580200195, 469.881347656, 89.1026153564, -108.161857605, 64.5912399292, -111.994056702, 144.514343262, -18.5046157837, 15.4740486145, 1.72312033176, 34.7297935486, -17.3277225494, 28.4350757599], [-635.684082031, 89.1026153564, 579.561279297, -86.9648742676, -47.3527488708, 70.7075195312, -19.7686061859, 9.99078083038, -8.18028736115, -48.8362960815, 32.8278045654, -12.2856788635, 3.38290452957], [298.919952393, -108.161857605, -86.9648742676, 305.185028076, 114.311256409, -16.7256126404, -63.885848999, -2.78177475929, 51.0956039429, 33.0043563843, -24.8762607574, 31.2195491791, 11.9131155014], [-115.964958191, 64.5912399292, -47.3527488708, 114.311256409, 235.610946655, -47.972946167, -51.5954742432, -5.8136305809, 40.4171829224, 7.73710441589, -8.16253376007, 11.0204486847, 16.1153202057], [161.092437744, -111.994056702, 70.7075195312, -16.7256126404, -47.972946167, 200.687347412, 31.0510387421, 41.3106307983, -5.36855554581, -4.9110865593, 18.0756473541, -2.60258936882, -16.6018199921], [-34.5818901062, 144.514343262, -19.7686061859, -63.885848999, -51.5954742432, 31.0510387421, 218.446395874, 41.9789886475, -8.53404808044, 20.3097171783, 14.825512886, -6.10365533829, 15.0858602524], [97.6056900024, -18.5046157837, 9.99078083038, -2.78177475929, -5.8136305809, 41.3106307983, 41.9789886475, 100.211372375, 19.4495391846, 6.44127225876, 8.64105701447, -2.52101111412, -2.74407172203], [-1.06003975868, 15.4740486145, -8.18028736115, 51.0956039429, 40.4171829224, -5.36855554581, -8.53404808044, 19.4495391846, 87.31300354, 26.7332115173, -1.80424034595, 7.98252868652, 5.0561580658], [133.985916138, 1.72312033176, -48.8362960815, 33.0043563843, 7.73710441589, -4.9110865593, 20.3097171783, 6.44127225876, 26.7332115173, 94.0487365723, 21.7960472107, 1.57151532173, 5.78106641769], [-32.0576133728, 34.7297935486, 32.8278045654, -24.8762607574, -8.16253376007, 18.0756473541, 14.825512886, 8.64105701447, -1.80424034595, 21.7960472107, 75.0506057739, 12.1632995605, -3.93951272964], [34.0183067322, -17.3277225494, -12.2856788635, 31.2195491791, 11.0204486847, -2.60258936882, -6.10365533829, -2.52101111412, 7.98252868652, 1.57151532173, 12.1632995605, 62.309135437, 20.2130737305], [-54.3506469727, 28.4350757599, 3.38290452957, 11.9131155014, 16.1153202057, -16.6018199921, 15.0858602524, -2.74407172203, 5.0561580658, 5.78106641769, -3.93951272964, 20.2130737305, 69.0826950073]],
        "icov": [[0.00431933952495, -0.00377579499036, 0.00546316662803, -0.00524436077103, 0.00609179353341, -0.00631535798311, 0.00586193194613, -0.00597956823185, 0.0048098587431, -0.00533325830474, 0.00337070878595, -0.00255492865108, 0.00216690078378], [-0.00377579499036, 0.0097473282367, -0.00615520169958, 0.00658173952252, -0.00843426119536, 0.00957803055644, -0.0106540415436, 0.00775747606531, -0.00667571322992, 0.00602084165439, -0.00596339441836, 0.00408963160589, -0.00246420316398], [0.00546316662803, -0.00615520169958, 0.00929510034621, -0.00668356195092, 0.00861238501966, -0.00951082631946, 0.0090645449236, -0.00808029435575, 0.00603350810707, -0.00574520742521, 0.00365248089656, -0.00286901858635, 0.00202088034712], [-0.00524436077103, 0.00658173952252, -0.00668356195092, 0.0120535343885, -0.0101922731847, 0.00834859348834, -0.00774588063359, 0.00793181359768, -0.00778595730662, 0.00507298810408, -0.00288153043948, 0.00132636982016, -0.00260299211368], [0.00609179353341, -0.00843426119536, 0.00861238501966, -0.0101922731847, 0.0159294661134, -0.0098213236779, 0.0116918403655, -0.00978414621204, 0.00620825309306, -0.00719459122047, 0.00521590653807, -0.00365714356303, 0.00209735939279], [-0.00631535798311, 0.00957803055644, -0.00951082631946, 0.00834859348834, -0.0098213236779, 0.0179449804127, -0.0125343268737, 0.00811123754829, -0.0081548281014, 0.00901739019901, -0.00773856183514, 0.0046785576269, -0.00218997756019], [0.00586193194613, -0.0106540415436, 0.0090645449236, -0.00774588063359, 0.0116918403655, -0.0125343268737, 0.0186515599489, -0.0125916749239, 0.00923426821828, -0.00972707010806, 0.00680736452341, -0.00449522165582, 0.00141781580169], [-0.00597956823185, 0.00775747606531, -0.00808029435575, 0.00793181359768, -0.00978414621204, 0.00811123754829, -0.0125916749239, 0.0218336544931, -0.0109870340675, 0.00862393155694, -0.00674691004679, 0.00498309405521, -0.00278125749901], [0.0048098587431, -0.00667571322992, 0.00603350810707, -0.00778595730662, 0.00620825309306, -0.0081548281014, 0.00923426821828, -0.0109870340675, 0.0215304028243, -0.0107948258519, 0.00663582328707, -0.00509759178385, 0.00291567808017], [-0.00533325830474, 0.00602084165439, -0.00574520742521, 0.00507298810408, -0.00719459122047, 0.00901739019901, -0.00972707010806, 0.00862393155694, -0.0107948258519, 0.0216444265097, -0.0106982802972, 0.00632135989144, -0.00443645427004], [0.00337070878595, -0.00596339441836, 0.00365248089656, -0.00288153043948, 0.00521590653807, -0.00773856183514, 0.00680736452341, -0.00674691004679, 0.00663582328707, -0.0106982802972, 0.0217351205647, -0.00854871422052, 0.00474387826398], [-0.00255492865108, 0.00408963160589, -0.00286901858635, 0.00132636982016, -0.00365714356303, 0.0046785576269, -0.00449522165582, 0.00498309405521, -0.00509759178385, 0.00632135989144, -0.00854871422052, 0.0226810257882, -0.00790430512279], [0.00216690078378, -0.00246420316398, 0.00202088034712, -0.00260299211368, 0.00209735939279, -0.00218997756019, 0.00141781580169, -0.00278125749901, 0.00291567808017, -0.00443645427004, 0.00474387826398, -0.00790430512279, 0.0188498962671]]
    },
    "spectral_contrast_coeffs": {
        "max": [-0.406131148338, -0.503619432449, -0.528163909912, -0.576336979866, -0.609614670277, -0.625702500343],
        "mean": [-0.659215390682, -0.743200480938, -0.741111159325, -0.76133865118, -0.75692230463, -0.785100400448],
        "min": [-0.842627048492, -0.900808930397, -0.905304610729, -0.883689761162, -0.889858901501, -0.937170863152],
        "stdev": [0.0671223178506, 0.0635031610727, 0.0594341345131, 0.0528601370752, 0.0478354692459, 0.0480832159519]
    },
    "spectral_contrast_valleys": {
        "max": [-5.39880514145, -4.69848680496, -5.23724031448, -5.76806688309, -6.2214589119, -10.2751893997],
        "mean": [-6.66093587875, -6.1220240593, -7.10072612762, -7.39893007278, -8.05780029297, -11.5386943817],
        "min": [-9.39847183228, -8.114361763, -9.05397891998, -9.10139656067, -9.87702846527, -12.030667305],
        "stdev": [0.589747846127, 0.463564246893, 0.553937733173, 0.557058095932, 0.617705285549, 0.250922769308]
    }
},
"rhythm": {
    "beats_count": 109,
    "beats_loudness": {
        "max": 0.0651606842875,
        "mean": 0.0334115773439,
        "min": 0.00609264941886,
        "stdev": 0.012322970666
    },
    "bpm": 135.047271729,
    "bpm_histogram_first_peak_bpm": 136,
    "bpm_histogram_first_peak_weight": 0.539999961853,
    "bpm_histogram_second_peak_bpm": 129,
    "bpm_histogram_second_peak_spread": 0,
    "bpm_histogram_second_peak_weight": 0.037037037313,
    "danceability": 0.99827849865,
    "onset_rate": 2.3994140625,
    "beats_loudness_band_ratio": {
        "max": [0.620619595051, 0.720936596394, 0.632143259048, 0.746548175812, 0.395945310593, 0.0634262859821],
        "mean": [0.235159352422, 0.340134292841, 0.245389655232, 0.177190303802, 0.0909387245774, 0.00965207070112],
        "min": [0.00628173490986, 0.0836806371808, 0.0291614122689, 0.0131344953552, 0.00266329711303, 0.000450531195384],
        "stdev": [0.129774838686, 0.169904083014, 0.129969865084, 0.140745028853, 0.086454257369, 0.00928914174438]
    },
