{
"metadata": {
    "version": {
        "essentia": "2.1-beta5",
        "essentia_git_sha": "Undefined",
        "extractor": "music 2.0"
    },
    "audio_properties": {
        "analysis": {
            "equal_loudness": 0,
            "length": 12.7477550507,
            "sample_rate": 44100,
            "start_time": 0,
            "downmix": "mix"
        },
        "bit_rate": 192000,
        "length": 178.259597778,
        "lossless": 0,
        "number_channels": 2,
        "replay_gain": -9.10361671448,
        "sample_rate": 44100,
        "codec": "mp3",
        "md5_encoded": "c500878f5d24ff2ec1a3c267ba63c80e"
    },
    "tags": {
        "file_name": "Netherlands_Als Het Om De Liefde Gaat_Sandra and Andres.mp3",
        "encoding": ["Lavf58.29.100"]
    }
},
"lowlevel": {
    "average_loudness": 0.842262506485,
    "barkbands_crest": {
        "max": 21.6217365265,
        "mean": 7.08857011795,
        "min": 2.5327064991,
        "stdev": 2.89032506943
    },
    "barkbands_flatness_db": {
        "max": 0.206980228424,
        "mean": 0.117130488157,
        "min": 0.0267707128078,
        "stdev": 0.0246773641557
    },
    "barkbands_kurtosis": {
        "max": 7.65195178986,
        "mean": -0.110965684056,
        "min": -1.64395868778,
        "stdev": 1.13586783409
    },
    "barkbands_skewness": {
        "max": 2.44033503532,
        "mean": 0.25187253952,
        "min": -2.29788064957,
        "stdev": 0.60865098238
    },
    "barkbands_spread": {
        "max": 69.6843185425,
        "mean": 24.7733211517,
        "min": 5.53351974487,
        "stdev": 10.2272396088
    },
    "dissonance": {
        "max": 0.499855875969,
        "mean": 0.475207179785,
        "min": 0.370018005371,
        "stdev": 0.0188534315675
    },
    "dynamic_complexity": 2.92490053177,
    "erbbands_crest": {
        "max": 23.0020618439,
        "mean": 8.16015529633,
        "min": 3.03757214546,
        "stdev": 3.46931886673
    },
    "erbbands_flatness_db": {
        "max": 0.303098380566,
        "mean": 0.189354285598,
        "min": 0.101663805544,
        "stdev": 0.0367062985897
    },
    "erbbands_kurtosis": {
        "max": 20.545091629,
        "mean": 0.386222839355,
        "min": -1.25807511806,
        "stdev": 1.54178547859
    },
    "erbbands_skewness": {
        "max": 1.57902860641,
        "mean": -0.0165653619915,
        "min": -2.6211335659,
        "stdev": 0.49926251173
    },
    "erbbands_spread": {
        "max": 63.2434043884,
        "mean": 26.8132858276,
        "min": 4.10309123993,
        "stdev": 11.307053566
    },
    "hfc": {
        "max": 117.768562317,
        "mean": 21.6255989075,
        "min": 1.10532413017e-16,
        "stdev": 18.7290992737
    },
    "loudness_ebu128": {
        "integrated": -15.9180517197,
        "loudness_range": 6.30297660828,
        "momentary": {
            "max": -11.1840858459,
            "mean": -16.9231758118,
            "min": -23.864320755,
            "stdev": 3.0114865303
        },
        "short_term": {
            "max": -13.345656395,
            "mean": -17.0683288574,
            "min": -20.1833248138,
            "stdev": 2.02504515648
        }
    },
    "melbands_crest": {
        "max": 24.8474311829,
        "mean": 9.67622852325,
        "min": 1.81434571743,
        "stdev": 3.81109166145
    },
    "melbands_flatness_db": {
        "max": 0.206073507667,
        "mean": 0.12321408093,
        "min": 0.00581840379164,
        "stdev": 0.0278462581336
    },
    "melbands_kurtosis": {
        "max": 19.7354259491,
        "mean": 1.53219246864,
        "min": -1.40311992168,
        "stdev": 2.51555585861
    },
    "melbands_skewness": {
        "max": 3.92560005188,
        "mean": 0.961597800255,
        "min": -1.49414396286,
        "stdev": 0.823391199112
    },
    "melbands_spread": {
        "max": 165.69380188,
        "mean": 39.1973495483,
        "min": 11.1050443649,
        "stdev": 15.2679672241
    },
    "pitch_salience": {
        "max": 0.867688894272,
        "mean": 0.621532738209,
        "min": 0.295669585466,
        "stdev": 0.0896923169494
    },
    "silence_rate_20dB": {
        "max": 1,
        "mean": 1,
        "min": 1,
        "stdev": 0
    },
    "silence_rate_30dB": {
        "max": 1,
        "mean": 1,
        "min": 1,
        "stdev": 0
    },
    "silence_rate_60dB": {
        "max": 1,
        "mean": 0.0672727301717,
        "min": 0,
        "stdev": 0.250493079424
    },
    "spectral_centroid": {
        "max": 10833.9609375,
        "mean": 1941.10888672,
        "min": 955.448181152,
        "stdev": 538.831298828
    },
    "spectral_complexity": {
        "max": 42,
        "mean": 23.418182373,
        "min": 0,
        "stdev": 8.30748081207
    },
    "spectral_decrease": {
        "max": -1.2573597346e-28,
        "mean": -3.94802190939e-09,
        "min": -2.12011475043e-08,
        "stdev": 3.30110538904e-09
    },
    "spectral_energy": {
        "max": 0.0887969136238,
        "mean": 0.0168622564524,
        "min": 1.05001830359e-20,
        "stdev": 0.0140788340941
    },
    "spectral_energyband_high": {
        "max": 0.00227473629639,
        "mean": 0.00054363522213,
        "min": 7.71970184074e-21,
        "stdev": 0.000381472375011
    },
    "spectral_energyband_low": {
        "max": 0.0176347903907,
        "mean": 0.00157080811914,
        "min": 7.39770722178e-23,
        "stdev": 0.00215014815331
    },
    "spectral_energyband_middle_high": {
        "max": 0.0672150626779,
        "mean": 0.0100927064195,
        "min": 1.64957444238e-21,
        "stdev": 0.0116740260273
    },
    "spectral_energyband_middle_low": {
        "max": 0.0414352416992,
        "mean": 0.00512727210298,
        "min": 3.15289276026e-22,
        "stdev": 0.00461632292718
    },
    "spectral_entropy": {
        "max": 9.80547046661,
        "mean": 7.77215003967,
        "min": 7.13698863983,
        "stdev": 0.229371771216
    },
    "spectral_flux": {
        "max": 0.234431609511,
        "mean": 0.0716589316726,
        "min": 1.02470400221e-10,
        "stdev": 0.0350932627916
    },
    "spectral_kurtosis": {
        "max": 13.3870792389,
        "mean": 3.74716663361,
        "min": -1.25751245022,
        "stdev": 2.01310873032
    },
    "spectral_rms": {
        "max": 0.00930758472532,
        "mean": 0.00374091183767,
        "min": 3.20063745472e-12,
        "stdev": 0.00156734453049
    },
    "spectral_rolloff": {
        "max": 19229.1503906,
        "mean": 2424.36547852,
        "min": 667.529296875,
        "stdev": 1563.5501709
    },
    "spectral_skewness": {
        "max": 2.3192782402,
        "mean": 1.26223540306,
        "min": -0.000591258751228,
        "stdev": 0.282996892929
    },
    "spectral_spread": {
        "max": 41540416,
        "mean": 3612152.75,
        "min": 2050974.75,
        "stdev": 1891831.125
    },
    "spectral_strongpeak": {
        "max": 13.2165594101,
        "mean": 1.49482285976,
        "min": 0,
        "stdev": 1.63685369492
    },
    "zerocrossingrate": {
        "max": 0.5087890625,
        "mean": 0.0811887457967,
        "min": 0.04541015625,
        "stdev": 0.0392375960946
    },
    "barkbands": {
        "max": [0.000257778854575, 0.0101464241743, 0.0143852476031, 0.0173650272191, 0.0186518728733, 0.00930069293827, 0.00692451000214, 0.00823116581887, 0.0150648346171, 0.0375267677009, 0.0247782468796, 0.045421436429, 0.01730671525, 0.0459417030215, 0.00847711693496, 0.0060439533554, 0.00480951089412, 0.00486193969846, 0.00249447789975, 0.00189619662706, 0.00103896332439, 0.00117788754869, 0.000815208186395, 0.000292261684081, 3.72746508219e-05, 3.19903938362e-06, 9.94551214717e-07],
        "mean": [9.83538666333e-06, 0.000681141507812, 0.000648732995614, 0.00059000228066, 0.00110413937364, 0.000630321505014, 0.000426983839134, 0.000652835005894, 0.00122777430806, 0.00131860922556, 0.000995209324174, 0.00162963429466, 0.00140848266892, 0.00190415745601, 0.000804910843726, 0.000670929206535, 0.000659136392642, 0.000513958628289, 0.000295444449876, 0.000259451422608, 0.000189307407709, 0.000126656828797, 7.30494139134e-05, 3.31480623572e-05, 7.33954402676e-06, 1.07392907012e-06, 2.38708075528e-09],
        "min": [3.50655677456e-23, 1.47408347352e-23, 2.82594052285e-23, 3.65866304103e-23, 7.3838706015e-23, 4.05355797495e-23, 1.26276183651e-23, 4.75725661228e-23, 7.83981011661e-23, 1.03125110323e-22, 5.09027298124e-23, 7.93217058249e-23, 1.8563142869e-22, 6.28400791083e-23, 8.92664019404e-23, 2.58071970258e-22, 1.37659597975e-22, 2.4401434271e-22, 3.29425032359e-22, 3.34841540661e-22, 6.60180298774e-22, 4.14480520031e-22, 7.08907012578e-22, 9.43786118813e-22, 1.10541581706e-21, 1.55214656124e-21, 2.27133173722e-21],
        "stdev": [1.829451503e-05, 0.00118406664114, 0.00109382264782, 0.00144643115345, 0.00167592777871, 0.00113372504711, 0.000592981581576, 0.000979476957582, 0.00180014932994, 0.00310541479848, 0.00239619333297, 0.0036259861663, 0.00226641306654, 0.00454973615706, 0.00114873540588, 0.000773033127189, 0.000759705901146, 0.000709637242835, 0.000317088793963, 0.000235365121625, 0.000158069611643, 0.000129920677864, 8.14544109744e-05, 3.12161064357e-05, 5.95682240601e-06, 5.00637895584e-07, 4.23542338979e-08]
    },
    "erbbands": {
        "max": [0.199363559484, 2.53052020073, 12.0986223221, 30.1175193787, 99.3836364746, 43.7980308533, 55.0134429932, 110.662063599, 121.326942444, 133.653411865, 187.363357544, 362.026031494, 780.755065918, 738.083984375, 1282.5793457, 777.080871582, 895.307434082, 1372.01489258, 1713.5645752, 367.996063232, 282.388885498, 213.352203369, 340.84197998, 150.423141479, 83.3949050903, 59.0878562927, 46.3765487671, 55.1215133667, 52.7978553772, 30.8460121155, 25.704492569, 10.826883316, 2.74978113174, 0.749026834965, 0.0979179814458, 0.019134759903, 0.00617816112936, 0.000642826897092, 0.000146533406223, 0.000111702705908],
        "mean": [0.0115257045254, 0.183793142438, 0.692943990231, 1.38847458363, 3.22816777229, 3.49904870987, 3.62346839905, 5.89521121979, 6.21511745453, 9.67290973663, 16.4077224731, 30.9016475677, 40.115447998, 38.7952461243, 52.3036689758, 54.5228004456, 66.7808380127, 67.5414047241, 82.851600647, 42.8063850403, 38.4332275391, 31.7604122162, 33.8319511414, 17.7397842407, 14.5771036148, 11.4078884125, 9.17342948914, 6.01828289032, 5.03409957886, 3.25035881996, 1.87458693981, 0.930297017097, 0.425549656153, 0.143484801054, 0.0250938814133, 0.00724790571257, 0.00168916746043, 5.4500058468e-05, 1.32842924359e-05, 2.18073582801e-05],
        "min": [3.37978228325e-22, 3.87989914501e-21, 2.19393178491e-20, 9.72743203859e-20, 8.08873360763e-20, 3.36065801895e-19, 5.92299420595e-19, 1.59904933776e-19, 1.49741766255e-19, 4.84806783006e-19, 1.03148636564e-18, 1.79301551413e-18, 2.72482496159e-18, 3.00133758509e-18, 2.0335964458e-18, 4.37505090402e-18, 8.16978994058e-18, 4.78600209055e-18, 5.01610636617e-18, 6.64157086376e-18, 1.42100000854e-17, 8.99440546606e-18, 1.25650232244e-17, 1.24464377846e-17, 1.80609195748e-17, 1.70063470119e-17, 1.89025377978e-17, 2.65302647024e-17, 1.36875925152e-17, 1.59232416809e-17, 2.382395804e-17, 1.91562589071e-17, 1.59010037573e-17, 1.21216866761e-17, 8.26832948542e-18, 5.20618006323e-18, 3.08230285063e-18, 1.32001730305e-18, 2.96088447233e-19, 3.22146168105e-20],
        "stdev": [0.0174620319158, 0.322239458561, 1.15456342697, 2.60087132454, 7.28771781921, 5.29315662384, 5.79146575928, 11.6037406921, 9.67649269104, 14.284201622, 18.8764801025, 46.2777366638, 86.2400436401, 79.6996841431, 132.27355957, 87.657989502, 106.58039093, 124.254318237, 174.245925903, 50.3571929932, 39.2099838257, 31.2224998474, 45.004611969, 19.5327682495, 13.4749355316, 9.2817440033, 7.55871629715, 5.1569185257, 5.68812131882, 3.57438564301, 2.02279901505, 0.918080866337, 0.404614150524, 0.13090570271, 0.0153126921505, 0.00262984237634, 0.00116131524555, 4.05360406148e-05, 1.01100840766e-05, 1.7601523723e-05]
    },
    "gfcc": {
        "mean": [-17.0432090759, 91.4457550049, -172.925079346, 37.7230949402, -66.752204895, 18.6150512695, -36.2731819153, 1.44390690327, -19.3178634644, -4.64497375488, -15.092338562, -7.40205669403, -7.91534376144],
        "cov": [[10164.1787109, 1522.26940918, -1157.14111328, 378.123901367, -293.753692627, 240.491088867, -130.032730103, -81.1091308594, -29.119550705, -265.467437744, 167.189849854, -281.98815918, 93.0011138916], [1522.26940918, 416.967590332, -123.799980164, 33.6086082458, 55.1697731018, 32.9082832336, -5.19326448441, -27.6966152191, -15.5251808167, -50.9556007385, 54.5408325195, -65.0683364868, 7.81221914291], [-1157.14111328, -123.799980164, 517.940307617, 189.40852356, 10.5329561234, -4.66587638855, -55.6097297668, 28.213634491, 1.26754617691, 52.7089424133, -47.8445053101, 69.2616500854, -37.0202522278], [378.123901367, 33.6086082458, 189.40852356, 272.054656982, -7.22617769241, 71.2427597046, -21.66837883, 31.581615448, 38.0386009216, -6.41788244247, 16.8335990906, -2.55549883842, 2.50199079514], [-293.753692627, 55.1697731018, 10.5329561234, -7.22617769241, 239.539810181, 68.5182495117, 55.7573280334, 25.1516304016, 4.5223865509, 0.885821759701, 22.0811767578, -12.6901578903, -19.13671875], [240.491088867, 32.9082832336, -4.66587638855, 71.2427597046, 68.5182495117, 149.136322021, 75.6556396484, 35.2616500854, 34.0855255127, -17.7374477386, 59.2171096802, -32.2320365906, 21.7135925293], [-130.032730103, -5.19326448441, -55.6097297668, -21.66837883, 55.7573280334, 75.6556396484, 127.652076721, 42.505859375, 27.363243103, -0.643596768379, 36.8105926514, -33.6438026428, 15.8631410599], [-81.1091308594, -27.6966152191, 28.213634491, 31.581615448, 25.1516304016, 35.2616500854, 42.505859375, 98.5875854492, 54.8997612, 7.87280321121, 1.65711140633, -1.8722281456, 2.52838802338], [-29.119550705, -15.5251808167, 1.26754617691, 38.0386009216, 4.5223865509, 34.0855255127, 27.363243103, 54.8997612, 86.8871536255, 13.5973987579, 18.8410053253, -3.38423275948, 13.1109714508], [-265.467437744, -50.9556007385, 52.7089424133, -6.41788244247, 0.885821759701, -17.7374477386, -0.643596768379, 7.87280321121, 13.5973987579, 84.8719100952, 1.85204982758, 35.4371604919, -12.3138103485], [167.189849854, 54.5408325195, -47.8445053101, 16.8335990906, 22.0811767578, 59.2171096802, 36.8105926514, 1.65711140633, 18.8410053253, 1.85204982758, 136.752319336, -12.0747861862, 28.3615226746], [-281.98815918, -65.0683364868, 69.2616500854, -2.55549883842, -12.6901578903, -32.2320365906, -33.6438026428, -1.8722281456, -3.38423275948, 35.4371604919, -12.0747861862, 89.3506774902, 4.66196012497], [93.0011138916, 7.81221914291, -37.0202522278, 2.50199079514, -19.13671875, 21.7135925293, 15.8631410599, 2.52838802338, 13.1109714508, -12.3138103485, 28.3615226746, 4.66196012497, 53.6697349548]],
        "icov": [[0.00189880083781, -0.005853978917, 0.00563964620233, -0.00457284180447, 0.00397541141137, -0.00472825346515, 0.00337133300491, -0.0028582692612, 0.00336273433641, -0.0017525611911, 0.0020866417326, -0.00170205277391, 0.00195529265329], [-0.005853978917, 0.021525464952, -0.0164175331593, 0.0128848180175, -0.0134392566979, 0.0151041466743, -0.00921762920916, 0.00913243740797, -0.00965883675963, 0.00596029451117, -0.00754379434511, 0.00714220805094, -0.0064297853969], [0.00563964620233, -0.0164175331593, 0.0206812489778, -0.0167465656996, 0.0111320791766, -0.0136302458122, 0.0104450788349, -0.00934626255184, 0.0115746324882, -0.00650353357196, 0.00676672067493, -0.0067092156969, 0.00718741631135], [-0.00457284180447, 0.0128848180175, -0.0167465656996, 0.0191144812852, -0.00807779747993, 0.00645554019138, -0.0048035797663, 0.00615095999092, -0.0106043126434, 0.00511452695355, -0.00522216921672, 0.00508920708671, -0.00467448681593], [0.00397541141137, -0.0134392566979, 0.0111320791766, -0.00807779747993, 0.0144115593284, -0.0131251281127, 0.00556099135429, -0.00671222107485, 0.00742866238579, -0.00344386463985, 0.00429078144953, -0.00501579977572, 0.0078074154444], [-0.00472825346515, 0.0151041466743, -0.0136302458122, 0.00645554019138, -0.0131251281127, 0.028428485617, -0.0155711965635, 0.0072704013437, -0.00947071518749, 0.00670194951817, -0.00856634788215, 0.00573773449287, -0.00774997845292], [0.00337133300491, -0.00921762920916, 0.0104450788349, -0.0048035797663, 0.00556099135429, -0.0155711965635, 0.0232551302761, -0.0105862272903, 0.00708605209365, -0.0062611931935, 0.00285957870074, 0.00254183006473, -6.32254887023e-05], [-0.0028582692612, 0.00913243740797, -0.00934626255184, 0.00615095999092, -0.00671222107485, 0.0072704013437, -0.0105862272903, 0.0234029106796, -0.0160684343427, 0.00428913533688, -0.00125838140957, 0.000792298233137, -0.000912728602998], [0.00336273433641, -0.00965883675963, 0.0115746324882, -0.0106043126434, 0.00742866238579, -0.00947071518749, 0.00708605209365, -0.0160684343427, 0.02731651254, -0.00778729934245, 0.00263199280016, -0.00121943443082, -0.000544616312254], [-0.0017525611911, 0.00596029451117, -0.00650353357196, 0.00511452695355, -0.00344386463985, 0.00670194951817, -0.0062611931935, 0.00428913533688, -0.00778729934245, 0.0194098781794, -0.00438306480646, -0.00515045691282, 0.00427332473919], [0.0020866417326, -0.00754379434511, 0.00676672067493, -0.00522216921672, 0.00429078144953, -0.00856634788215, 0.00285957870074, -0.00125838140957, 0.00263199280016, -0.00438306480646, 0.0129069192335, -0.00206309463829, -0.0016869707033], [-0.00170205277391, 0.00714220805094, -0.0067092156969, 0.00508920708671, -0.00501579977572, 0.00573773449287, 0.00254183006473, 0.000792298233137, -0.00121943443082, -0.00515045691282, -0.00206309463829, 0.0209103766829, -0.00946372747421], [0.00195529265329, -0.0064297853969, 0.00718741631135, -0.00467448681593, 0.0078074154444, -0.00774997845292, -6.32254887023e-05, -0.000912728602998, -0.000544616312254, 0.00427332473919, -0.0016869707033, -0.00946372747421, 0.0301638673991]]
    },
    "melbands": {
        "max": [0.002429316286, 0.00470132008195, 0.00783512089401, 0.00496032461524, 0.00168288254645, 0.00221128202975, 0.00159617280588, 0.00176810601261, 0.0013565615518, 0.00254497677088, 0.00434590270743, 0.00390186207369, 0.00350020104088, 0.00560536934063, 0.00118783884682, 0.00218501966447, 0.00293806381524, 0.00395839847624, 0.000784914998803, 0.000574580510147, 0.000346034881659, 0.000257309933659, 0.000297221151413, 0.000232027625316, 0.000142565026181, 9.12116593099e-05, 0.000107054031105, 4.7839632316e-05, 3.56491364073e-05, 3.84593295166e-05, 4.53487809864e-05, 3.99275231757e-05, 1.60862018674e-05, 1.78248774318e-05, 1.6244035578e-05, 1.48426788655e-05, 5.67008692087e-06, 2.31307626564e-06, 2.23103370445e-06, 4.33196390759e-07],
        "mean": [0.00014830265718, 0.000327361136442, 0.000304337561829, 0.000246793730184, 0.000133555178763, 0.00013035009033, 9.35901189223e-05, 0.000114882779599, 0.000147150829434, 0.000191572602489, 0.000200162641704, 0.000156480338774, 0.000151163781993, 0.000191462080693, 0.000112537367386, 0.000153557397425, 0.000129767504404, 0.000161941890838, 5.97517864662e-05, 5.35324506927e-05, 4.37022317783e-05, 3.22024316119e-05, 3.76261305064e-05, 2.17525139306e-05, 1.36362104968e-05, 1.0543629287e-05, 1.02448993857e-05, 6.94638447385e-06, 5.74701698497e-06, 4.72663168694e-06, 3.10969289785e-06, 3.15040983878e-06, 1.94353401639e-06, 1.72342311089e-06, 1.10867927106e-06, 7.92198534327e-07, 4.83150756736e-07, 3.23230580079e-07, 2.02154367912e-07, 9.21837255419e-08],
        "min": [4.82063117305e-24, 1.08763447889e-23, 1.56569767698e-23, 1.32664568588e-23, 1.9746456946e-23, 4.31607968238e-24, 2.29395091161e-24, 6.54628728019e-24, 7.56659524184e-24, 1.25203419595e-23, 1.42151804265e-23, 1.29053155476e-23, 7.34498606976e-24, 8.16645296278e-24, 1.52382762226e-23, 1.5801142678e-23, 8.16711560594e-24, 7.90898138509e-24, 6.77104874045e-24, 9.37847463478e-24, 1.95382024002e-23, 8.50299916875e-24, 1.00294962963e-23, 1.1942951786e-23, 8.49446132717e-24, 1.74152435979e-23, 8.78316154151e-24, 1.19305114495e-23, 8.97656025876e-24, 1.66817481065e-23, 1.53736163549e-23, 6.36723597066e-24, 9.50030631298e-24, 7.8652934793e-24, 1.39105775652e-23, 1.3563472456e-23, 1.10993605e-23, 1.25018431713e-23, 9.26743299604e-24, 1.00890489838e-23],
        "stdev": [0.000240759880398, 0.000503888644744, 0.000609974202234, 0.000415492046159, 0.000199174988666, 0.000243151371251, 0.000136950693559, 0.000180547984201, 0.000170353363501, 0.00030035659438, 0.000453522254247, 0.000344066676917, 0.000364970241208, 0.000452833250165, 0.000170279905433, 0.0002691851696, 0.000265613896772, 0.000395597919123, 9.33722039917e-05, 6.33354793536e-05, 4.83705480292e-05, 3.46973574779e-05, 4.74272128486e-05, 3.04907389364e-05, 1.6533789676e-05, 1.13889072964e-05, 1.17286926979e-05, 6.00809698881e-06, 5.08730681759e-06, 4.5857132136e-06, 3.33814205078e-06, 4.07375591749e-06, 2.01183411264e-06, 2.18089053305e-06, 1.24455129935e-06, 9.7930899301e-07, 4.7776768497e-07, 3.119558869e-07, 2.39747265596e-07, 8.07101301348e-08]
    },
    "melbands128": {
        "max": [0.000161433825269, 0.000959359575063, 0.00387872685678, 0.00492094177753, 0.006614505779, 0.00742438109592, 0.00466475775465, 0.010565132834, 0.0119634093717, 0.00438691070303, 0.00282930932008, 0.00245703663677, 0.00241150404327, 0.00278057577088, 0.00346246501431, 0.00315941707231, 0.00292326905765, 0.00171006540768, 0.00165108381771, 0.0014453206677, 0.00346749182791, 0.00214584753849, 0.00187405303586, 0.00285727786832, 0.00370300770737, 0.00607512518764, 0.00500285532326, 0.00641162879765, 0.0118755586445, 0.00706516159698, 0.00581975700334, 0.00494433194399, 0.0056017502211, 0.00754028512165, 0.0152467247099, 0.00319796614349, 0.00191977841314, 0.00209514773451, 0.00130826397799, 0.00408297078684, 0.00407856237143, 0.000951419351622, 0.00518002407625, 0.0024446209427, 0.0124397585168, 0.0028258797247, 0.00111765402835, 0.00120414094999, 0.00103924307041, 0.00053782039322, 0.000979604781605, 0.000792972685304, 0.000849665433634, 0.000707897997927, 0.000822444912046, 0.000384894461604, 0.000342937884852, 0.000829964934383, 0.000581724452786, 0.000756675028242, 0.00046211501467, 0.000184740551049, 0.000344997242792, 0.000337826029863, 0.000294465775369, 9.80908589554e-05, 8.77240818227e-05, 0.000145151745528, 0.000143965531606, 0.000106823783426, 9.20579404919e-05, 7.44879725971e-05, 7.78197136242e-05, 7.09425585228e-05, 7.26995931473e-05, 5.65336049476e-05, 3.51615635736e-05, 3.34559081239e-05, 9.1055946541e-05, 3.59472614946e-05, 6.09964808973e-05, 4.81171446154e-05, 4.44710312877e-05, 1.83256142918e-05, 2.41876605287e-05, 3.64038824046e-05, 2.4241857318e-05, 2.39423916355e-05, 2.28791850532e-05, 1.62542510225e-05, 2.4519942599e-05, 1.0734602256e-05, 7.37789150662e-06, 6.95190283295e-06, 6.1438645389e-06, 3.71090663975e-06, 2.69871179626e-06, 2.33404466599e-06, 5.01772365169e-06, 1.17446165859e-06, 8.28061331504e-07, 8.15378484731e-07, 2.74131224387e-07, 1.86468369634e-07, 1.04087405361e-07, 4.92752754155e-08, 6.4143002021e-08, 8.87085533918e-08, 3.44738388947e-08, 4.03018276529e-08, 3.38603562966e-08, 3.75781041839e-08, 2.81702678961e-08, 7.44666683872e-09, 5.26473131757e-09, 5.0648636396e-09, 4.88710094615e-09, 4.71510253064e-09, 4.55994086934e-09, 4.41985292809e-09, 4.29999680307e-09, 4.18314849426e-09, 4.08249301032e-09, 4.00939681455e-09, 3.94166876916e-09, 3.89261556322e-09, 3.84710840962e-09, 3.82804232757e-09],
        "mean": [7.74804811954e-06, 5.95740821154e-05, 0.000194614054635, 0.000339937920216, 0.000358464370947, 0.000314471573802, 0.000250868470175, 0.000330735550961, 0.000347250752384, 0.000247801654041, 0.000184206655831, 0.00015361388796, 0.000121454992041, 0.000100301120256, 0.00013770039368, 0.000147037819261, 0.000118031231978, 6.94944537827e-05, 8.5127489001e-05, 0.000100890574686, 0.000145364087075, 0.000115580449346, 0.000132636618218, 0.000191306360648, 0.000228743447224, 0.00018280891527, 0.000127731691464, 0.000237701067817, 0.000237211672356, 0.000124046156998, 0.000163008648087, 0.000149289873661, 9.09482041607e-05, 0.000182350631803, 0.000288460578304, 0.000159124305355, 0.00010916183237, 0.000107298030343, 9.70716500888e-05, 0.00018260187062, 0.000194702137378, 6.48400455248e-05, 9.61949554039e-05, 0.000127702514874, 0.000320989609463, 0.00012557626178, 5.76150632696e-05, 6.20290520601e-05, 6.31093571428e-05, 4.63584256067e-05, 5.81280692131e-05, 5.49862998014e-05, 3.54581679858e-05, 4.51845880889e-05, 4.80724520457e-05, 2.1888910851e-05, 2.32604070334e-05, 4.70642626169e-05, 3.65160631191e-05, 3.82600228477e-05, 1.84805485333e-05, 1.14126232802e-05, 1.55732432177e-05, 1.4223510334e-05, 1.17030122055e-05, 9.83756490314e-06, 9.72794077825e-06, 1.17941417557e-05, 1.03264737845e-05, 8.17111867946e-06, 6.21082062935e-06, 7.57728957979e-06, 5.58045485377e-06, 4.78349556943e-06, 6.46864373266e-06, 6.07983884038e-06, 3.06541505779e-06, 3.2919451769e-06, 3.4148490613e-06, 2.45397677645e-06, 3.59193336408e-06, 3.2065402138e-06, 2.35911056734e-06, 1.61540594945e-06, 1.91072149391e-06, 1.99106261789e-06, 1.6710713453e-06, 1.09683696792e-06, 1.18369666779e-06, 9.63993670666e-07, 9.86983991424e-07, 6.99066902143e-07, 5.85804741604e-07, 4.60030804561e-07, 4.58549692439e-07, 3.66195024526e-07, 2.9931015888e-07, 2.26263182412e-07, 2.52419368962e-07, 1.59473543704e-07, 1.13630321152e-07, 9.2553698039e-08, 4.60201619035e-08, 3.28217630852e-08, 2.13908428748e-08, 1.49565586582e-08, 1.39754572359e-08, 1.28850121683e-08, 1.17681970835e-08, 1.15086189467e-08, 1.01351185222e-08, 7.43430872419e-09, 5.98832761156e-09, 8.21761825254e-10, 1.31258996727e-11, 1.21074773471e-11, 1.16830460237e-11, 1.12812727909e-11, 1.09216073685e-11, 1.05988239019e-11, 1.03205430313e-11, 1.00540244533e-11, 9.81836400377e-12, 9.64144129117e-12, 9.48647584098e-12, 9.37362774206e-12, 9.27269892814e-12, 9.21914541235e-12],
        "min": [9.57306374313e-24, 3.00082846118e-24, 3.04094262986e-24, 7.72097453213e-24, 6.75767439266e-24, 1.76344995979e-23, 2.17300508476e-23, 1.64952172122e-23, 3.95295675251e-24, 1.0014644412e-23, 2.24153926917e-23, 1.95640407503e-23, 2.68301501959e-23, 9.69555412019e-24, 2.21850484628e-24, 1.96102222454e-24, 1.99796536959e-24, 2.22877660413e-24, 2.91938034766e-24, 5.33736701484e-24, 7.13957063435e-24, 1.21757982817e-23, 7.45867039253e-24, 3.04220421566e-24, 1.04134554093e-23, 1.72502706945e-23, 1.58209478198e-23, 1.0751801007e-23, 1.47125240951e-23, 2.07362470347e-23, 6.80900241632e-24, 9.29582173343e-24, 1.06342930754e-23, 2.76025862282e-24, 3.17540988761e-24, 1.20883751384e-23, 1.42094674958e-23, 5.90973727197e-24, 2.64870335674e-23, 2.06890321318e-23, 1.16300240755e-23, 1.23417825047e-23, 5.03822030996e-24, 1.07415418709e-23, 4.20677550978e-24, 9.76246293558e-24, 9.33943864174e-24, 2.98060680074e-24, 3.98475415788e-24, 1.71650768722e-23, 4.97044374756e-24, 1.0290886935e-23, 1.53683057433e-23, 3.48122045555e-23, 5.41989803717e-24, 4.36600274477e-24, 1.16615130363e-23, 6.7534886967e-24, 1.24139514446e-23, 1.01654288632e-23, 1.45095612282e-23, 1.04433122168e-23, 8.06630075997e-24, 7.84814522094e-24, 7.63805815124e-24, 3.0675307528e-23, 9.96491304286e-24, 8.06047344447e-24, 9.27410833702e-24, 9.07393488232e-24, 1.50076685142e-23, 1.14454803219e-23, 7.99769747135e-24, 8.12397516961e-24, 9.25415094497e-24, 2.31118274978e-23, 1.42265416013e-23, 1.45395568753e-23, 2.3058872843e-23, 6.14164147329e-24, 5.78965252624e-24, 7.1248031582e-24, 6.01388978842e-24, 8.80468008929e-24, 1.55160136369e-23, 5.5142012308e-24, 2.79691876402e-24, 1.53027040704e-23, 1.483150483e-23, 1.17213213147e-23, 1.87281211366e-23, 1.14254527213e-23, 1.10717598347e-23, 1.00816329024e-23, 1.23395594947e-23, 1.33858982885e-23, 1.40589181252e-23, 7.33084100487e-24, 9.08137068521e-24, 9.23658301262e-24, 1.30480670281e-23, 1.00917445215e-23, 7.22980922215e-24, 9.58567526242e-24, 9.13306947349e-24, 1.12982323342e-23, 7.60918189781e-24, 6.65137380796e-24, 8.38313017648e-24, 1.10792642685e-23, 1.10138763769e-23, 1.01601040521e-23, 9.41027756217e-24, 9.43419898026e-24, 1.06245309217e-23, 9.22501910061e-24, 8.94257928641e-24, 1.44316422812e-23, 1.09887811338e-23, 7.39362959976e-24, 8.21986357923e-24, 9.49828051817e-24, 9.71797906914e-24, 8.84341158201e-24, 1.11223447514e-23, 8.2611162714e-24, 7.02025700015e-24, 9.27221822629e-24],
        "stdev": [1.48853750943e-05, 9.44760176935e-05, 0.000329969887389, 0.000660622376017, 0.000661124184262, 0.000523561553564, 0.000463029020466, 0.000877142942045, 0.000861023087054, 0.000467421166832, 0.000329998758389, 0.00027815165231, 0.000224646966672, 0.000193935862626, 0.000326504785335, 0.0003120789479, 0.000239052096731, 0.000119958021969, 0.000146009799209, 0.000172266722075, 0.000338894518791, 0.000193584273802, 0.000205925534829, 0.000348822301021, 0.000424903526437, 0.000435424532043, 0.000389571621781, 0.000648025772534, 0.000884492299519, 0.000400722958148, 0.000502279610373, 0.000440564093878, 0.000388070737245, 0.000608017784543, 0.00108378159348, 0.000345955049852, 0.000228699282161, 0.000244719762122, 0.000192980558495, 0.000383390317438, 0.000437520473497, 0.000105048849946, 0.00032050992013, 0.00028003580519, 0.00103850685991, 0.000310922012432, 0.000113547117508, 0.000143100318382, 0.000123203484691, 7.41347539588e-05, 0.000101646648545, 8.19800479803e-05, 7.88194811321e-05, 7.11562606739e-05, 8.13824808574e-05, 3.51640119334e-05, 3.7032761611e-05, 9.72798807197e-05, 6.31486254861e-05, 8.39224230731e-05, 3.64263760275e-05, 1.86136203411e-05, 2.38807897404e-05, 2.62945286522e-05, 2.50464072451e-05, 1.27289786178e-05, 1.13397518362e-05, 1.69996310433e-05, 1.55666220962e-05, 1.19570313473e-05, 7.43805640013e-06, 9.72497673501e-06, 7.87342924014e-06, 6.93504307492e-06, 8.38242340251e-06, 8.05214403954e-06, 3.31221895067e-06, 3.31645583174e-06, 5.94726361669e-06, 2.80364952232e-06, 5.55883116249e-06, 5.06621836394e-06, 3.74027194994e-06, 1.91896651813e-06, 2.49214372161e-06, 3.34542187375e-06, 2.5337005809e-06, 1.46804495671e-06, 1.63588936175e-06, 1.23692689158e-06, 1.82485189271e-06, 8.10464996448e-07, 6.63986327254e-07, 5.24531003521e-07, 6.50744539143e-07, 4.30811269325e-07, 3.25954545133e-07, 2.66288679995e-07, 4.5899744805e-07, 1.69747337964e-07, 1.14022050468e-07, 1.0837848663e-07, 3.83017884076e-08, 2.61683812397e-08, 1.48476768658e-08, 8.06655098273e-09, 6.81679734882e-09, 7.10615832844e-09, 5.76038772238e-09, 5.6460485176e-09, 5.36609023882e-09, 6.8645320539e-09, 6.55345244738e-09, 1.10273901122e-09, 2.24231619383e-10, 2.15694240246e-10, 2.08124101286e-10, 2.00799266104e-10, 1.94191385194e-10, 1.88225227071e-10, 1.83120837938e-10, 1.7814438813e-10, 1.73857969687e-10, 1.70745098615e-10, 1.67860544908e-10, 1.65771382732e-10, 1.63833210887e-10, 1.63021526833e-10]
    },
    "mfcc": {
        "mean": [-630.969421387, 104.882591248, -38.1465415955, 13.952129364, -7.66033363342, 10.2798347473, -6.06144237518, 4.23756504059, -2.21753120422, 1.67771136761, -3.58091402054, -0.240726366639, -5.29102277756],
        "cov": [[4968.78857422, 583.21887207, -328.657043457, -82.0096054077, 15.8923788071, 90.6056900024, 164.202789307, 133.087493896, -72.4874267578, 127.161483765, -30.3643264771, 81.3231048584, -72.2670059204], [583.21887207, 358.168273926, -168.886459351, -25.0445594788, 25.3787879944, 14.2166376114, 46.405166626, -7.18173313141, -44.1260299683, 10.6117219925, -5.92021560669, -4.02571439743, -30.1304035187], [-328.657043457, -168.886459351, 466.950653076, 159.09602356, 63.0192604065, 7.65691518784, -53.4105606079, -9.49279308319, 25.7913379669, -36.9295539856, -4.77113342285, 7.75594139099, 41.8176002502], [-82.0096054077, -25.0445594788, 159.09602356, 156.264923096, 66.7682342529, 14.573384285, -25.3710632324, -2.49338173866, 19.3019294739, -13.7753982544, 0.909569323063, 1.9259595871, 25.303604126], [15.8923788071, 25.3787879944, 63.0192604065, 66.7682342529, 167.279891968, 41.5679092407, 37.1627731323, 39.2650794983, 10.8898973465, 4.49433755875, 13.1334142685, 31.1031074524, 20.6028633118], [90.6056900024, 14.2166376114, 7.65691518784, 14.573384285, 41.5679092407, 90.7468414307, 54.9516067505, 15.8139457703, 1.01773023605, 10.5347604752, 9.32988643646, 8.36412715912, 10.7396621704], [164.202789307, 46.405166626, -53.4105606079, -25.3710632324, 37.1627731323, 54.9516067505, 144.105987549, 41.2435531616, -12.6569900513, 44.0283508301, 14.8325681686, 21.7207603455, -7.86277961731], [133.087493896, -7.18173313141, -9.49279308319, -2.49338173866, 39.2650794983, 15.8139457703, 41.2435531616, 84.2709274292, 43.0458106995, 24.6014251709, 12.499499321, 15.4388589859, 1.20345258713], [-72.4874267578, -44.1260299683, 25.7913379669, 19.3019294739, 10.8898973465, 1.01773023605, -12.6569900513, 43.0458106995, 105.045196533, 22.8211898804, 15.5137376785, 4.60855913162, 7.70854854584], [127.161483765, 10.6117219925, -36.9295539856, -13.7753982544, 4.49433755875, 10.5347604752, 44.0283508301, 24.6014251709, 22.8211898804, 81.9834747314, 30.28191185, 11.1108283997, -12.4701433182], [-30.3643264771, -5.92021560669, -4.77113342285, 0.909569323063, 13.1334142685, 9.32988643646, 14.8325681686, 12.499499321, 15.5137376785, 30.28191185, 54.890209198, 28.3047924042, 6.02458190918], [81.3231048584, -4.02571439743, 7.75594139099, 1.9259595871, 31.1031074524, 8.36412715912, 21.7207603455, 15.4388589859, 4.60855913162, 11.1108283997, 28.3047924042, 80.3293380737, 33.0809402466], [-72.2670059204, -30.1304035187, 41.8176002502, 25.303604126, 20.6028633118, 10.7396621704, -7.86277961731, 1.20345258713, 7.70854854584, -12.4701433182, 6.02458190918, 33.0809402466, 59.8312911987]],
        "icov": [[0.000316445482895, -0.000496847031172, -1.48202552737e-05, -0.000113502610475, 0.000336057302775, -0.000434528366895, 0.000354458024958, -0.000811312056612, 0.000402825593483, -0.000599544611759, 0.000753092346713, -0.000720110430848, 0.000361010781489], [-0.000496847031172, 0.00473490497097, 0.00174661853816, -0.000941142207012, -0.00157690839842, 0.000555015460122, -0.00110834476072, 0.00201043509878, 0.000355720258085, 0.000977740972303, -0.000573420955334, 0.000668011023663, 0.0010652373312], [-1.48202552737e-05, 0.00174661853816, 0.00417469954118, -0.003671573475, -0.000476318469737, -7.75448133936e-05, 0.000167538251844, 0.000453425716842, 5.17723892699e-05, 0.000791944446974, 0.000330854818458, -0.0003940796596, 3.04394325212e-05], [-0.000113502610475, -0.000941142207012, -0.003671573475, 0.0126570574939, -0.00412312150002, -0.0005659670569, 0.00143505854066, 0.00211491296068, -0.00187148724217, -0.000316490040859, -0.000805489136837, 0.00261769117787, -0.00292139267549], [0.000336057302775, -0.00157690839842, -0.000476318469737, -0.00412312150002, 0.0104953190312, -0.00288834702224, -0.000319960701745, -0.00535553554073, 0.00154348078649, 0.000259357591858, 0.000429614447057, -0.00332442997023, 0.000308536808006], [-0.000434528366895, 0.000555015460122, -7.75448133936e-05, -0.0005659670569, -0.00288834702224, 0.0172759443521, -0.00776426168159, 0.00259281974286, -0.00166315119714, 0.00227035558783, -0.0033806944266, 0.00420558499172, -0.00442810729146], [0.000354458024958, -0.00110834476072, 0.000167538251844, 0.00143505854066, -0.000319960701745, -0.00776426168159, 0.0151570802554, -0.00690149189904, 0.00527864322066, -0.00678669661283, 0.00281189288944, -0.00365845812485, 0.00242558028549], [-0.000811312056612, 0.00201043509878, 0.000453425716842, 0.00211491296068, -0.00535553554073, 0.00259281974286, -0.00690149189904, 0.0238065309823, -0.0104442834854, 0.00132738321554, -0.00107275799382, 0.000636192446109, 0.00019264909497], [0.000402825593483, 0.000355720258085, 5.17723892699e-05, -0.00187148724217, 0.00154348078649, -0.00166315119714, 0.00527864322066, -0.0104442834854, 0.0163175724447, -0.00503213144839, -0.000692906032782, 0.000280956242932, -0.00114490406122], [-0.000599544611759, 0.000977740972303, 0.000791944446974, -0.000316490040859, 0.000259357591858, 0.00227035558783, -0.00678669661283, 0.00132738321554, -0.00503213144839, 0.0220043603331, -0.0109457625076, 0.0015199322952, 0.00342944730073], [0.000753092346713, -0.000573420955334, 0.000330854818458, -0.000805489136837, 0.000429614447057, -0.0033806944266, 0.00281189288944, -0.00107275799382, -0.000692906032782, -0.0109457625076, 0.0304043609649, -0.011419152841, 0.00264038960449], [-0.000720110430848, 0.000668011023663, -0.0003940796596, 0.00261769117787, -0.00332442997023, 0.00420558499172, -0.00365845812485, 0.000636192446109, 0.000280956242932, 0.0015199322952, -0.011419152841, 0.024233777076, -0.0134372478351], [0.000361010781489, 0.0010652373312, 3.04394325212e-05, -0.00292139267549, 0.000308536808006, -0.00442810729146, 0.00242558028549, 0.00019264909497, -0.00114490406122, 0.00342944730073, 0.00264038960449, -0.0134372478351, 0.0279297735542]]
    },
    "spectral_contrast_coeffs": {
        "max": [-0.475624412298, -0.590184509754, -0.490676164627, -0.548526406288, -0.660497546196, -0.61675465107],
        "mean": [-0.725923061371, -0.780158877373, -0.759459912777, -0.776487588882, -0.778650105, -0.72341966629],
        "min": [-0.970710337162, -0.965296924114, -0.961362600327, -0.958815157413, -0.96697217226, -0.957605838776],
        "stdev": [0.0682458877563, 0.0587627738714, 0.0704561695457, 0.0566639564931, 0.0429577566683, 0.0320337414742]
    },
    "spectral_contrast_valleys": {
        "max": [-5.84807014465, -5.40292787552, -5.61495494843, -6.00830554962, -6.30521965027, -9.50649452209],
        "mean": [-7.35203170776, -6.76496458054, -7.10002803802, -7.09475660324, -7.28639268875, -10.4883909225],
        "min": [-26.8885498047, -27.2789115906, -27.2795581818, -27.2112197876, -26.9897079468, -27.3353767395],
        "stdev": [1.3569201231, 1.25518739223, 1.25656402111, 1.2344173193, 1.15127718449, 1.01477348804]
    }
},
"rhythm": {
    "beats_count": 24,
    "beats_loudness": {
        "max": 0.0600896887481,
        "mean": 0.0203504562378,
        "min": 0.00352034647949,
        "stdev": 0.0137708969414
    },
    "bpm": 116.449958801,
    "bpm_histogram_first_peak_bpm": 117,
    "bpm_histogram_first_peak_weight": 0.384615361691,
    "bpm_histogram_second_peak_bpm": 112,
    "bpm_histogram_second_peak_spread": 0.400000035763,
    "bpm_histogram_second_peak_weight": 0.260869562626,
    "danceability": 0.921837091446,
    "onset_rate": 3.05657839775,
    "beats_loudness_band_ratio": {
        "max": [0.484986960888, 0.393349200487, 0.390943050385, 0.583894848824, 0.426801741123, 0.166039928794],
        "mean": [0.194801464677, 0.145665615797, 0.198840692639, 0.271636366844, 0.189821973443, 0.0629461333156],
        "min": [0.0288173742592, 0.00738884834573, 0.0424717031419, 0.0782892256975, 0.0447106100619, 0.022601056844],
        "stdev": [0.113085582852, 0.112149894238, 0.102162092924, 0.125912472606, 0.0905653461814, 0.0338186398149]
    },
    "beats_position": [0.510838985443, 1.03328800201, 1.55573689938, 2.06657600403, 2.57741498947, 3.08825397491, 3.59909296036, 4.1099319458, 4.62077093124, 5.14321994781, 5.66566896439, 6.18811798096, 6.6989569664, 7.20979595184, 7.75546455383, 8.28952407837, 8.82358264923, 9.35764122009, 9.89170074463, 10.4257593155, 10.95981884, 11.505487442, 12.051156044, 12.5968255997],
