{
"metadata": {
    "version": {
        "essentia": "2.1-beta5",
        "essentia_git_sha": "Undefined",
        "extractor": "music 2.0"
    },
    "audio_properties": {
        "analysis": {
            "equal_loudness": 0,
            "length": 12.7477550507,
            "sample_rate": 44100,
            "start_time": 0,
            "downmix": "mix"
        },
        "bit_rate": 192000,
        "length": 174.706939697,
        "lossless": 0,
        "number_channels": 2,
        "replay_gain": -0.430030822754,
        "sample_rate": 44100,
        "codec": "mp3",
        "md5_encoded": "3d9d2d867bc220d913dcfe9111b9f5b7"
    },
    "tags": {
        "file_name": "Italy_I Giorni Dell_ Arcobaleno_Nicola di Bari.mp3",
        "encoding": ["Lavf58.29.100"]
    }
},
"lowlevel": {
    "average_loudness": 0.908081173897,
    "barkbands_crest": {
        "max": 23.4588718414,
        "mean": 9.23798942566,
        "min": 2.20868635178,
        "stdev": 4.30076026917
    },
    "barkbands_flatness_db": {
        "max": 0.266782552004,
        "mean": 0.12970469892,
        "min": 0.0239760577679,
        "stdev": 0.0426853857934
    },
    "barkbands_kurtosis": {
        "max": 32.013343811,
        "mean": 1.7584066391,
        "min": -1.61829590797,
        "stdev": 3.79808998108
    },
    "barkbands_skewness": {
        "max": 4.56435346603,
        "mean": 1.03930103779,
        "min": -1.94842934608,
        "stdev": 0.760869085789
    },
    "barkbands_spread": {
        "max": 76.6952896118,
        "mean": 20.5936145782,
        "min": 3.67191791534,
        "stdev": 12.8027381897
    },
    "dissonance": {
        "max": 0.498876690865,
        "mean": 0.450416684151,
        "min": 0.295317143202,
        "stdev": 0.0334112271667
    },
    "dynamic_complexity": 3.91420030594,
    "erbbands_crest": {
        "max": 29.4102611542,
        "mean": 11.5785551071,
        "min": 2.83597302437,
        "stdev": 6.02746725082
    },
    "erbbands_flatness_db": {
        "max": 0.291209608316,
        "mean": 0.179673239589,
        "min": 0.0732058286667,
        "stdev": 0.0413717478514
    },
    "erbbands_kurtosis": {
        "max": 22.5347309113,
        "mean": 0.838513731956,
        "min": -1.60998928547,
        "stdev": 2.52469849586
    },
    "erbbands_skewness": {
        "max": 4.20589017868,
        "mean": 0.559186756611,
        "min": -1.39312744141,
        "stdev": 0.694693982601
    },
    "erbbands_spread": {
        "max": 64.9607543945,
        "mean": 27.7825603485,
        "min": 5.27936458588,
        "stdev": 11.7306804657
    },
    "hfc": {
        "max": 89.4074783325,
        "mean": 22.1667842865,
        "min": 1.14506096035e-16,
        "stdev": 15.2515859604
    },
    "loudness_ebu128": {
        "integrated": -23.2992630005,
        "loudness_range": 4.31853866577,
        "momentary": {
            "max": -20.5836448669,
            "mean": -25.1825351715,
            "min": -39.4496536255,
            "stdev": 4.54235696793
        },
        "short_term": {
            "max": -21.2926692963,
            "mean": -23.249370575,
            "min": -26.8294277191,
            "stdev": 1.72785425186
        }
    },
    "melbands_crest": {
        "max": 31.8132266998,
        "mean": 13.2774820328,
        "min": 1.93528151512,
        "stdev": 6.14303588867
    },
    "melbands_flatness_db": {
        "max": 0.291396260262,
        "mean": 0.157900556922,
        "min": 0.00491734826937,
        "stdev": 0.048695217818
    },
    "melbands_kurtosis": {
        "max": 44.1740379333,
        "mean": 4.09005069733,
        "min": -1.44897139072,
        "stdev": 5.06709575653
    },
    "melbands_skewness": {
        "max": 3.77657437325,
        "mean": 1.42221355438,
        "min": -0.350407779217,
        "stdev": 0.699477851391
    },
    "melbands_spread": {
        "max": 136.713180542,
        "mean": 27.1252689362,
        "min": 3.78469324112,
        "stdev": 16.3727207184
    },
    "pitch_salience": {
        "max": 0.829527616501,
        "mean": 0.546808481216,
        "min": 0.244087874889,
        "stdev": 0.111386232078
    },
    "silence_rate_20dB": {
        "max": 1,
        "mean": 1,
        "min": 1,
        "stdev": 0
    },
    "silence_rate_30dB": {
        "max": 1,
        "mean": 1,
        "min": 1,
        "stdev": 0
    },
    "silence_rate_60dB": {
        "max": 1,
        "mean": 0.178181812167,
        "min": 0,
        "stdev": 0.382666528225
    },
    "spectral_centroid": {
        "max": 10852.6328125,
        "mean": 1454.78710938,
        "min": 698.570495605,
        "stdev": 641.801025391
    },
    "spectral_complexity": {
        "max": 29,
        "mean": 16.190908432,
        "min": 0,
        "stdev": 7.69757461548
    },
    "spectral_decrease": {
        "max": 5.26856643862e-18,
        "mean": -5.7809979026e-09,
        "min": -2.32854997506e-08,
        "stdev": 4.22944346212e-09
    },
    "spectral_energy": {
        "max": 0.0959944799542,
        "mean": 0.0238294191658,
        "min": 1.05529222623e-20,
        "stdev": 0.0172733776271
    },
    "spectral_energyband_high": {
        "max": 0.00233222171664,
        "mean": 0.000472488463856,
        "min": 7.92955206915e-21,
        "stdev": 0.000443196593551
    },
    "spectral_energyband_low": {
        "max": 0.00315651507117,
        "mean": 0.000580163206905,
        "min": 6.74165641421e-23,
        "stdev": 0.000551773351617
    },
    "spectral_energyband_middle_high": {
        "max": 0.0844125449657,
        "mean": 0.00919901486486,
        "min": 1.48237692599e-21,
        "stdev": 0.0102455802262
    },
    "spectral_energyband_middle_low": {
        "max": 0.0485465601087,
        "mean": 0.0140091599897,
        "min": 3.44819028146e-22,
        "stdev": 0.0108332466334
    },
    "spectral_entropy": {
        "max": 9.7904920578,
        "mean": 7.43401622772,
        "min": 6.30992841721,
        "stdev": 0.441641688347
    },
    "spectral_flux": {
        "max": 0.229487389326,
        "mean": 0.0601935647428,
        "min": 1.02727416851e-10,
        "stdev": 0.0331448093057
    },
    "spectral_kurtosis": {
        "max": 12.5869407654,
        "mean": 4.93617963791,
        "min": -1.18907046318,
        "stdev": 1.9928072691
    },
    "spectral_rms": {
        "max": 0.00967745576054,
        "mean": 0.00437697488815,
        "min": 3.20866553813e-12,
        "stdev": 0.00202244427055
    },
    "spectral_rolloff": {
        "max": 19896.6796875,
        "mean": 2097.17602539,
        "min": 602.9296875,
        "stdev": 2008.96704102
    },
    "spectral_skewness": {
        "max": 2.7355465889,
        "mean": 1.76710939407,
        "min": 0.0437318980694,
        "stdev": 0.331712722778
    },
    "spectral_spread": {
        "max": 39823756,
        "mean": 4832888,
        "min": 3221210.75,
        "stdev": 1935547.5
    },
    "spectral_strongpeak": {
        "max": 9.01646232605,
        "mean": 1.90808022022,
        "min": 0,
        "stdev": 1.50086629391
    },
    "zerocrossingrate": {
        "max": 0.5107421875,
        "mean": 0.0774946734309,
        "min": 0.02685546875,
        "stdev": 0.0492428280413
    },
    "barkbands": {
        "max": [7.74149521021e-05, 0.000377245014533, 0.0011653827969, 0.00257741683163, 0.0248445663601, 0.0177295207977, 0.021751197055, 0.0262125134468, 0.0226666387171, 0.0741871297359, 0.0123365744948, 0.0108966650441, 0.0136469546705, 0.0188835542649, 0.00856080278754, 0.00482893548906, 0.00419096136466, 0.00669213058427, 0.00296953949146, 0.0024588285014, 0.00161531858612, 0.000806817843113, 0.000653853174299, 0.000371273665223, 7.403910422e-05, 0.000164408542332, 1.09883737665e-08],
        "mean": [1.37996430567e-05, 0.000100699166069, 0.000178371119546, 0.00037178825005, 0.00365213002078, 0.0030961248558, 0.00144641438965, 0.00258181826212, 0.00238700234331, 0.00420585134998, 0.00046728758025, 0.000950919580646, 0.000584863417316, 0.000504031195305, 0.00120877684094, 0.000269969168585, 0.00046142708743, 0.000571842654608, 0.000194685519091, 0.000183132942766, 0.000170446321135, 9.05023189262e-05, 4.91739010613e-05, 4.18863637606e-05, 2.51370074693e-05, 2.13479361264e-05, 9.85470482995e-10],
        "min": [4.03099844632e-23, 3.17996236445e-23, 6.62214256711e-24, 1.30796104203e-23, 5.21292980795e-23, 5.29064270454e-23, 9.99096880301e-23, 5.7278969447e-23, 5.35188229215e-23, 9.94750256713e-23, 4.59411733718e-23, 6.67191858583e-23, 8.10721187538e-23, 1.73019385595e-22, 1.44405671379e-22, 1.27665740048e-22, 1.80867011745e-22, 1.63907461538e-22, 1.65685049147e-22, 3.58965336283e-22, 6.1656151613e-22, 4.27196932579e-22, 5.19943801455e-22, 1.01344518732e-21, 1.46077632406e-21, 1.44090278478e-21, 2.44414119746e-21],
        "stdev": [1.11882018246e-05, 5.49933902221e-05, 0.000198053734493, 0.000440206204075, 0.00489328801632, 0.00357664073817, 0.00246757362038, 0.00380227481946, 0.00331904902123, 0.00834249146283, 0.00146444607526, 0.00117474840954, 0.00120530149434, 0.00141269038431, 0.00157963298261, 0.000457173999166, 0.000614427146502, 0.000837048282847, 0.000282153574517, 0.000267765717581, 0.000261888460955, 0.000125144229969, 6.43423045403e-05, 4.81863389723e-05, 8.31351553643e-06, 1.52032462211e-05, 1.19606613502e-09]
    },
    "erbbands": {
        "max": [0.00905342586339, 0.0982379168272, 0.78755158186, 6.75037717819, 41.4163589478, 105.715133667, 199.501907349, 190.186187744, 341.051818848, 102.685279846, 726.815246582, 282.650756836, 941.026123047, 3051.80151367, 470.503936768, 562.421386719, 366.972747803, 1365.34533691, 485.804107666, 145.250030518, 328.633514404, 193.950256348, 318.219512939, 96.5890579224, 177.141113281, 162.894760132, 65.1966247559, 59.8215293884, 36.4735946655, 11.2155170441, 27.6893177032, 14.4572887421, 5.82999277115, 2.79663014412, 0.545685768127, 1.37376368046, 0.119542635977, 0.00282722222619, 0.000102996425994, 0.000116025352327],
        "mean": [0.00214591110125, 0.0267557017505, 0.14296412468, 1.09273386002, 4.85879325867, 14.2453098297, 25.8321208954, 20.1654605865, 25.4105014801, 11.5561590195, 74.0203399658, 46.5209159851, 74.3778839111, 155.639266968, 27.7299041748, 42.6790351868, 24.8967857361, 39.2717094421, 66.4697647095, 18.6517276764, 17.669675827, 25.9154949188, 31.6512470245, 10.797077179, 11.0836353302, 8.57152557373, 7.73511075974, 4.57469987869, 3.38098049164, 1.92336475849, 1.56066000462, 0.952106297016, 0.605027675629, 0.330335110426, 0.167953789234, 0.12560556829, 0.0353482104838, 0.000990913016722, 4.15080285165e-05, 3.1016079447e-05],
        "min": [2.20995457226e-21, 2.19691900552e-21, 4.90931814719e-21, 3.35250680025e-20, 1.44629673747e-19, 1.74752153687e-19, 3.01644593558e-19, 4.73024525758e-19, 1.21826250718e-18, 1.40616102942e-18, 9.22149839066e-19, 8.52183852627e-19, 2.47774776698e-18, 2.96170612118e-18, 1.83283474805e-18, 3.27708485973e-18, 3.29581822586e-18, 7.90913705776e-18, 7.7411730713e-18, 5.57882037969e-18, 8.82513618859e-18, 1.08899634588e-17, 9.48148746104e-18, 6.25510298259e-18, 1.31563448658e-17, 1.6904019807e-17, 1.57206949274e-17, 2.73171533474e-17, 1.31287972698e-17, 1.72343030995e-17, 1.68810390753e-17, 2.02201753022e-17, 1.52735409406e-17, 1.25706323361e-17, 1.2387831211e-17, 5.03217476316e-18, 2.62009024756e-18, 1.44182006184e-18, 3.37484571742e-19, 3.63261309699e-20],
        "stdev": [0.00136262737215, 0.0144458841532, 0.137971222401, 1.21835839748, 7.80877256393, 21.2891845703, 36.2641716003, 28.6651668549, 39.8663368225, 12.0364875793, 105.352561951, 50.46144104, 116.814529419, 341.033599854, 55.5383491516, 53.9649467468, 36.7261543274, 107.884674072, 87.601348877, 18.9073600769, 29.2907714844, 32.6453666687, 42.4380187988, 12.6691217422, 15.8769884109, 13.2522411346, 11.0236167908, 6.51626014709, 5.30517053604, 2.03264427185, 2.29716229439, 1.1268042326, 0.656238973141, 0.258730232716, 0.0494765788317, 0.114576816559, 0.0159967467189, 0.000426676793722, 1.2391126802e-05, 2.02579758479e-05]
    },
    "gfcc": {
        "mean": [-6.51521635056, 72.1952514648, -141.304351807, 6.42055225372, -74.5342178345, 8.50929927826, -47.5738143921, 11.2233457565, -33.1875267029, 4.70899295807, -24.3346214294, 2.20255756378, -11.1012201309],
        "cov": [[11024.8173828, 2097.10522461, -1178.22668457, 15.8884658813, -705.926086426, -524.460754395, -410.110839844, -415.152557373, -397.340820312, -492.814208984, -184.726226807, -59.9363975525, 129.510284424], [2097.10522461, 720.072814941, -283.849365234, -107.206085205, -144.967803955, -251.5831604, -112.491630554, -169.961257935, -89.4365081787, -178.885421753, -39.3236541748, -50.7599182129, 55.9228172302], [-1178.22668457, -283.849365234, 278.901031494, 46.4543113708, 85.1522064209, 100.820709229, 31.0226516724, 86.1856842041, 35.8520507812, 91.1443862915, 3.24709916115, 13.599316597, -51.5743865967], [15.8884658813, -107.206085205, 46.4543113708, 223.411773682, -27.9193325043, 8.43551063538, 13.9856538773, -23.2014312744, -58.3069381714, -75.6955413818, 5.23869371414, 41.0973396301, 24.0302314758], [-705.926086426, -144.967803955, 85.1522064209, -27.9193325043, 136.551177979, 71.617805481, 10.721446991, 55.7175788879, 25.9807929993, 66.233505249, 2.82596230507, 13.4918174744, -24.2345352173], [-524.460754395, -251.5831604, 100.820709229, 8.43551063538, 71.617805481, 188.462615967, 48.4259757996, 71.7355499268, 42.4701423645, 99.8898468018, 1.65954041481, 0.567322313786, -33.9001235962], [-410.110839844, -112.491630554, 31.0226516724, 13.9856538773, 10.721446991, 48.4259757996, 88.2871932983, 46.9965820312, 6.39467525482, 0.0889106020331, 1.31527066231, 9.34048366547, 3.10994815826], [-415.152557373, -169.961257935, 86.1856842041, -23.2014312744, 55.7175788879, 71.7355499268, 46.9965820312, 158.048706055, 59.3863830566, 64.7795791626, -7.96882486343, 7.65336322784, -35.0223693848], [-397.340820312, -89.4365081787, 35.8520507812, -58.3069381714, 25.9807929993, 42.4701423645, 6.39467525482, 59.3863830566, 101.266479492, 88.9069595337, -3.04043245316, -37.4852180481, -28.1052780151], [-492.814208984, -178.885421753, 91.1443862915, -75.6955413818, 66.233505249, 99.8898468018, 0.0889106020331, 64.7795791626, 88.9069595337, 220.505233765, 36.007686615, -23.0809307098, -64.7095870972], [-184.726226807, -39.3236541748, 3.24709916115, 5.23869371414, 2.82596230507, 1.65954041481, 1.31527066231, -7.96882486343, -3.04043245316, 36.007686615, 68.5954742432, 28.4861488342, -6.70294618607], [-59.9363975525, -50.7599182129, 13.599316597, 41.0973396301, 13.4918174744, 0.567322313786, 9.34048366547, 7.65336322784, -37.4852180481, -23.0809307098, 28.4861488342, 85.2643280029, 29.3650951385], [129.510284424, 55.9228172302, -51.5743865967, 24.0302314758, -24.2345352173, -33.9001235962, 3.10994815826, -35.0223693848, -28.1052780151, -64.7095870972, -6.70294618607, 29.3650951385, 73.0627212524]],
        "icov": [[0.00163476716261, -0.00466155447066, 0.00468233786523, -0.00314828800038, 0.00510320812464, -0.00399178126827, 0.00401739822701, -0.00379406614229, 0.00404131272808, -0.00369372963905, 0.00508872047067, -0.00373059208505, 0.00311120226979], [-0.00466155447066, 0.019286673516, -0.0112191177905, 0.0123453773558, -0.012758041732, 0.0146328154951, -0.00792370922863, 0.0113051282242, -0.00772018544376, 0.0120040979236, -0.0132918469608, 0.0132277598605, -0.00903894845396], [0.00468233786523, -0.0112191177905, 0.0206465981901, -0.0102910446003, 0.0129506532103, -0.0105719687417, 0.0118608018383, -0.0115307923406, 0.0122939292341, -0.0117959622294, 0.0168494954705, -0.0115378964692, 0.0120695019141], [-0.00314828800038, 0.0123453773558, -0.0102910446003, 0.0150823807344, -0.00659327069297, 0.00740445451811, -0.00534044019878, 0.00803782325238, -0.00373822264373, 0.0107156867161, -0.0104520171881, 0.00740406149998, -0.0066468543373], [0.00510320812464, -0.012758041732, 0.0129506532103, -0.00659327069297, 0.0282109044492, -0.0144088035449, 0.0152180856094, -0.01312052086, 0.0144819580019, -0.0118270665407, 0.0172405410558, -0.0137857608497, 0.00998270697892], [-0.00399178126827, 0.0146328154951, -0.0105719687417, 0.00740445451811, -0.0144088035449, 0.0221975743771, -0.0129173966125, 0.00947573967278, -0.00805297028273, 0.00507968943566, -0.00878152251244, 0.00981593877077, -0.00675986800343], [0.00401739822701, -0.00792370922863, 0.0118608018383, -0.00534044019878, 0.0152180856094, -0.0129173966125, 0.0290971435606, -0.0150961298496, 0.0139305796474, -0.00514488760382, 0.00911663193256, -0.0047864979133, 0.00321422331035], [-0.00379406614229, 0.0113051282242, -0.0115307923406, 0.00803782325238, -0.01312052086, 0.00947573967278, -0.0150961298496, 0.0232016667724, -0.0175097417086, 0.00910006370395, -0.00637454446405, 0.000654023431707, -0.000425555859692], [0.00404131272808, -0.00772018544376, 0.0122939292341, -0.00373822264373, 0.0144819580019, -0.00805297028273, 0.0139305796474, -0.0175097417086, 0.0368397086859, -0.0152336657047, 0.0116271972656, 0.00374554283917, 0.000974646303803], [-0.00369372963905, 0.0120040979236, -0.0117959622294, 0.0107156867161, -0.0118270665407, 0.00507968943566, -0.00514488760382, 0.00910006370395, -0.0152336657047, 0.022426487878, -0.0184444170445, 0.00940048694611, -0.00294442870654], [0.00508872047067, -0.0132918469608, 0.0168494954705, -0.0104520171881, 0.0172405410558, -0.00878152251244, 0.00911663193256, -0.00637454446405, 0.0116271972656, -0.0184444170445, 0.0411648787558, -0.0243602357805, 0.0163897853345], [-0.00373059208505, 0.0132277598605, -0.0115378964692, 0.00740406149998, -0.0137857608497, 0.00981593877077, -0.0047864979133, 0.000654023431707, 0.00374554283917, 0.00940048694611, -0.0243602357805, 0.0374325439334, -0.021105537191], [0.00311120226979, -0.00903894845396, 0.0120695019141, -0.0066468543373, 0.00998270697892, -0.00675986800343, 0.00321422331035, -0.000425555859692, 0.000974646303803, -0.00294442870654, 0.0163897853345, -0.021105537191, 0.0333837158978]]
    },
    "melbands": {
        "max": [8.41933797346e-05, 0.000382972706575, 0.00106037245132, 0.0067221140489, 0.00554187223315, 0.00385414203629, 0.0051375455223, 0.000797877262812, 0.00572394113988, 0.002585160546, 0.00461694598198, 0.0131290815771, 0.00202779867686, 0.000985839753412, 0.000827045005281, 0.00206555472687, 0.00230310671031, 0.00068428873783, 0.000432630098658, 0.000176517292857, 0.000469761784188, 0.000153645523824, 0.000731183681637, 0.000159674644237, 8.06011812529e-05, 8.81131345523e-05, 0.000122110155644, 0.000103801183286, 2.91480428132e-05, 7.51744155423e-05, 5.27567171957e-05, 3.20608305628e-05, 1.97256067622e-05, 8.13956103229e-06, 2.50371704169e-05, 4.36948903371e-06, 9.41169673752e-06, 2.70768305199e-06, 9.27865585254e-06, 8.78843479768e-07],
        "mean": [2.5713154173e-05, 7.6049072959e-05, 0.000228625838645, 0.000808773096651, 0.000761825009249, 0.000460616138298, 0.000388097105315, 0.000139178519021, 0.000601465580985, 0.000304510060232, 0.0003629301209, 0.000658615259454, 8.13976366771e-05, 0.000111477194878, 6.44214160275e-05, 7.29042876628e-05, 6.24240201432e-05, 8.99640363059e-05, 6.54163959553e-05, 1.13198766485e-05, 2.21993159357e-05, 1.42569351738e-05, 6.22210500296e-05, 1.2534455891e-05, 7.53354288463e-06, 8.1548378148e-06, 7.56769350119e-06, 5.21194306202e-06, 4.23218398282e-06, 4.72399324281e-06, 2.29791248785e-06, 1.87021782949e-06, 1.72438376467e-06, 8.06192133496e-07, 1.06036145553e-06, 5.54543987619e-07, 5.7517939922e-07, 3.79225468805e-07, 4.67088227651e-07, 2.12929350596e-07],
        "min": [1.518519535e-23, 2.95486567776e-24, 8.84675871883e-24, 1.12721746808e-23, 9.64893322955e-24, 1.00062603983e-23, 1.99738334802e-23, 1.56412705492e-23, 6.45048525085e-24, 6.56596068231e-24, 1.3411167081e-23, 1.31142824348e-23, 6.50819200379e-24, 6.46003993413e-24, 8.03852575636e-24, 9.38358014256e-24, 1.553324867e-23, 1.23100458416e-23, 1.21960854176e-23, 4.7121564877e-24, 1.13217577441e-23, 9.79697954449e-24, 1.17524261002e-23, 7.48247190377e-24, 4.17665325055e-24, 7.94952331359e-24, 1.45476379664e-23, 9.5038269992e-24, 7.4844566778e-24, 1.61973922438e-23, 1.46776501322e-23, 7.11691454915e-24, 8.27017318346e-24, 9.24211844959e-24, 9.40070710167e-24, 9.97409065063e-24, 1.40484136534e-23, 1.10453014399e-23, 9.48768690508e-24, 1.11465257047e-23],
        "stdev": [1.38550449265e-05, 6.75841438351e-05, 0.000235674524447, 0.00131908105686, 0.000992966117337, 0.000601551262662, 0.000609876122326, 0.000127122184495, 0.000837274186779, 0.000394340400817, 0.000577694561798, 0.00146226654761, 0.000229891578783, 0.000133239067509, 7.68347017583e-05, 0.000178379254066, 0.000180690331035, 0.000120063385111, 8.2230384578e-05, 1.7295456928e-05, 4.12314911955e-05, 1.78931459232e-05, 9.89820618997e-05, 1.87843616004e-05, 1.06678617158e-05, 1.19474998428e-05, 1.36521448439e-05, 8.70546136866e-06, 5.1925749176e-06, 1.07964751805e-05, 4.58828162664e-06, 3.61797219739e-06, 2.51750793723e-06, 1.05326603261e-06, 1.92880656869e-06, 6.36361846773e-07, 7.48882371227e-07, 3.42709796541e-07, 8.87326848442e-07, 7.52945084059e-08]
    },
    "melbands128": {
        "max": [3.60502635885e-05, 7.07125582267e-05, 0.000118088486488, 0.000185500539374, 0.000207429126021, 0.000782329938374, 0.00172890303656, 0.000914781936444, 0.00250685261562, 0.0121367592365, 0.0057312999852, 0.00405303901061, 0.010148441419, 0.00356257287785, 0.00461787171662, 0.00645225122571, 0.00275950459763, 0.00963204354048, 0.00344575266354, 0.000514611427207, 0.000398054660764, 0.00535205891356, 0.0103293843567, 0.00251869461499, 0.0030423454009, 0.00276189739816, 0.0100248493254, 0.00808076746762, 0.00210994435474, 0.0212776809931, 0.0161643736064, 0.00104741356336, 0.00427404558286, 0.000756184221245, 0.00211705709808, 0.00151617685333, 0.00336978817359, 0.00022948262631, 0.000856714788824, 0.000685543345753, 0.00113942846656, 0.00768513698131, 0.00231523741968, 0.000501005619299, 4.49462932011e-05, 0.000679513439536, 0.00218202406541, 0.00032595146331, 4.41235533799e-05, 0.000514135987032, 0.00016871659318, 0.000200591195608, 0.000974673952442, 0.000341882026987, 0.000449094775831, 9.60603501881e-05, 0.000232272330322, 0.00106675282586, 0.000900673738215, 3.01861309708e-05, 0.000286261085421, 0.000245735514909, 0.000101248158899, 0.000167092541233, 0.000187567027751, 7.99986519269e-05, 0.000103001795651, 0.000379247416276, 0.000140589982038, 0.000259050488239, 0.000153157394379, 7.31006584829e-05, 4.2730509449e-05, 6.5415413701e-05, 8.020822861e-05, 0.000200010224944, 2.8037256925e-05, 1.59040337167e-05, 0.000123050951515, 3.41634913639e-05, 7.53168496885e-05, 3.60880294465e-05, 5.53448662686e-05, 1.93478335859e-05, 1.83556858246e-05, 7.87018234405e-06, 1.96676992346e-05, 1.59713181347e-05, 6.0218222643e-05, 1.05834869828e-05, 9.82276924333e-06, 5.91394518779e-06, 1.62559572345e-05, 1.62820324476e-05, 3.66179824596e-06, 3.8672978917e-06, 4.83095845993e-06, 4.16147804572e-06, 2.488352402e-05, 2.79837126982e-06, 8.18309274564e-07, 1.4973678617e-06, 6.31252021321e-07, 5.87531474139e-07, 5.79560605729e-07, 4.73910290566e-07, 2.53357939073e-06, 3.68619680557e-06, 6.33061017652e-06, 3.35261142936e-06, 1.40787017244e-06, 9.74026647782e-07, 4.57254230923e-07, 1.47531991956e-07, 1.00579578e-09, 3.58934021394e-10, 1.76666362095e-10, 1.02648445299e-10, 6.16549866717e-11, 4.16646925294e-11, 3.6730667119e-11, 3.56983158312e-11, 3.52117848768e-11, 3.44965479793e-11, 3.41821050631e-11, 3.35348276925e-11, 3.40849223845e-11, 3.35736889678e-11],
        "mean": [9.06879540707e-06, 1.16615901788e-05, 3.72818831238e-05, 4.41787378804e-05, 3.40454826073e-05, 0.000113648260594, 0.000254255806794, 0.000124542231788, 0.000270607735729, 0.00136658817064, 0.000714222725946, 0.000431256659795, 0.00121136952657, 0.00056170480093, 0.000384723884054, 0.000506674754433, 0.000225990632316, 0.000602695625275, 0.000255717430264, 2.27178807108e-05, 3.08137168759e-05, 0.000528479227796, 0.00100109819323, 0.000195376676857, 0.000233036305872, 0.000227907352382, 0.000707898056135, 0.000221193651669, 0.000127994149807, 0.00106906180736, 0.00075324968202, 4.33436944149e-05, 9.08058209461e-05, 2.74571084447e-05, 8.8929758931e-05, 0.00013982038945, 0.000162992990226, 1.65745568665e-05, 5.72593926336e-05, 3.61206548405e-05, 3.87758154829e-05, 0.000198878216906, 5.92441647314e-05, 8.02097110864e-06, 3.66127255802e-06, 7.58145979489e-05, 0.000268394302111, 3.44649415638e-05, 5.84185045227e-06, 1.56267633429e-05, 7.07265689925e-06, 9.97885945253e-06, 3.71233800252e-05, 1.54194076458e-05, 1.66753743542e-05, 3.05101821141e-06, 1.06581146611e-05, 0.000110040724394, 5.92090036662e-05, 1.59833587077e-06, 1.86412489711e-05, 1.45778276419e-05, 4.66704523205e-06, 5.34866194357e-06, 1.23463842101e-05, 5.92609194427e-06, 8.0470863395e-06, 9.92624973151e-06, 6.4152941377e-06, 5.4109264056e-06, 6.02818863626e-06, 5.49276410311e-06, 1.9133681235e-06, 5.07598178956e-06, 3.91262119592e-06, 9.32490183914e-06, 1.86139868674e-06, 8.66244931785e-07, 3.39531675309e-06, 2.4659286737e-06, 1.80358154012e-06, 1.13568830784e-06, 2.75398292615e-06, 1.73016655935e-06, 1.22782967082e-06, 5.99099962528e-07, 8.7021123818e-07, 7.36009383218e-07, 1.57566773851e-06, 6.9788188739e-07, 5.95506492118e-07, 4.26756088245e-07, 6.52151527447e-07, 7.05733782524e-07, 4.34872163169e-07, 3.61218269518e-07, 3.9828125864e-07, 2.85646137854e-07, 7.46427474496e-07, 3.41687467653e-07, 2.29842441968e-07, 1.91976042174e-07, 1.93994665665e-07, 1.92306131908e-07, 1.78454740762e-07, 1.75132669256e-07, 1.94667549636e-07, 2.08595210438e-07, 2.62154202346e-07, 2.32234910413e-07, 1.67985632515e-07, 1.64309000183e-07, 1.46492354247e-07, 2.15470130627e-08, 1.74001334174e-11, 5.73778871638e-12, 4.90452253463e-12, 4.61333098459e-12, 4.42835351722e-12, 4.35238650676e-12, 4.22576253503e-12, 4.14339916543e-12, 4.06437383749e-12, 3.97242395228e-12, 3.94641524321e-12, 3.93339527616e-12, 3.91605411293e-12, 3.87505045413e-12],
        "min": [2.27242538242e-23, 2.53431710553e-23, 8.07842712981e-24, 3.06624317403e-24, 1.14186649676e-24, 4.55396739367e-24, 6.28620851721e-24, 6.69546324395e-24, 1.9251333132e-23, 9.04471231894e-24, 1.13436999102e-23, 4.05145313628e-24, 9.96852760352e-24, 1.48009175372e-23, 1.41504149462e-23, 3.33683863617e-24, 7.14551154582e-24, 3.23129038811e-23, 2.55276651107e-23, 1.10135655657e-23, 1.60926031166e-23, 9.99247742061e-24, 4.79637922224e-24, 2.80402659799e-24, 3.77671773211e-24, 5.38886503802e-24, 1.94673516469e-23, 7.06677297229e-24, 1.52531525615e-23, 2.42217311257e-23, 4.52734018267e-24, 8.7930814674e-24, 8.17584119641e-24, 4.46918535674e-24, 2.3931651588e-24, 6.9265971226e-24, 1.40570011932e-23, 5.22389450122e-24, 9.53355522241e-24, 2.68107572338e-24, 6.66781840239e-24, 2.43589676796e-23, 1.00787582933e-23, 1.59262686393e-23, 1.80936103338e-23, 5.56241877591e-24, 1.29849471116e-23, 2.02095340746e-23, 6.74708866817e-24, 4.67894228814e-24, 1.62187741214e-24, 7.34236547383e-24, 1.73998402999e-23, 8.1811502303e-24, 6.97024874079e-24, 8.06726001483e-24, 1.544134953e-23, 1.44981416778e-23, 1.09899170935e-23, 5.01087957427e-24, 9.37170226391e-24, 7.31371877892e-24, 3.361305946e-24, 2.19710127499e-24, 6.56454862129e-24, 1.03114556942e-23, 7.74125141284e-24, 5.94635225088e-24, 2.13332080584e-23, 1.96431366778e-23, 6.9041650739e-24, 6.5468248889e-24, 5.7093259757e-24, 7.06656076871e-24, 9.37724637835e-24, 1.11992760446e-23, 2.58211055902e-23, 1.95759415059e-23, 1.29455190547e-23, 8.62211400999e-24, 8.35733679146e-24, 5.30625236859e-24, 5.87609314322e-24, 6.14955256488e-24, 1.3716140707e-23, 1.09951511856e-23, 6.10959873218e-24, 9.17729459356e-24, 8.85130965739e-24, 1.07039873586e-23, 9.75030264473e-24, 1.01607067418e-23, 9.27342676119e-24, 1.6829881985e-23, 1.25614329352e-23, 1.73121394776e-23, 7.23586451846e-24, 8.46176383151e-24, 1.15406366686e-23, 8.8577443958e-24, 6.97488960949e-24, 1.0188875387e-23, 1.74726963376e-23, 2.01294000061e-23, 1.39007925345e-23, 1.18048261858e-23, 1.13466226399e-23, 9.47276402333e-24, 6.14702347681e-24, 9.24001376869e-24, 7.15571467277e-24, 9.92693806774e-24, 8.59230137866e-24, 6.55641507092e-24, 7.57936532217e-24, 1.24604745165e-23, 1.17750600972e-23, 1.45415621597e-23, 1.04520914498e-23, 9.17679840005e-24, 8.22480263735e-24, 1.41387618929e-23, 1.03565761714e-23, 1.22173247086e-23, 9.82712428626e-24, 7.99978006414e-24, 9.79151273842e-24, 7.87217629069e-24],
        "stdev": [6.40227972326e-06, 1.03686352304e-05, 2.15920226765e-05, 2.55332979577e-05, 3.020602162e-05, 0.000131012158818, 0.000304859189782, 0.000144207166159, 0.000440701842308, 0.00236798659898, 0.00119327008724, 0.000625624379609, 0.00183917931281, 0.000744585471693, 0.000653406663332, 0.000940760946833, 0.000344019499607, 0.00107726652641, 0.000415077898651, 3.74711125914e-05, 3.53369032382e-05, 0.000753467844333, 0.00154058646876, 0.000293876539217, 0.000438244635006, 0.000381023739465, 0.00131640525069, 0.000709427986294, 0.000239514265559, 0.00235819024965, 0.00183632108383, 0.000126733531943, 0.000459712638985, 8.09390257928e-05, 0.000161234696861, 0.000174797969521, 0.000289558491204, 2.41727102548e-05, 9.00172017282e-05, 5.78479521209e-05, 0.000108751701191, 0.000645792053547, 0.000164823097293, 3.12124393531e-05, 4.9221162044e-06, 0.0001075932596, 0.000393705267925, 4.86319077027e-05, 6.45022328172e-06, 4.44395009254e-05, 1.47879454744e-05, 2.09285826713e-05, 8.38798005134e-05, 3.29272115778e-05, 3.61512029485e-05, 6.7039404712e-06, 2.46163872362e-05, 0.000171561769093, 0.000110619213956, 2.57339206655e-06, 3.13936761813e-05, 2.57490974036e-05, 1.0967966773e-05, 1.57294743985e-05, 2.61813675024e-05, 1.04421114884e-05, 1.22090805235e-05, 2.66580736934e-05, 1.4765011656e-05, 2.18028017116e-05, 1.14980948638e-05, 8.67331073096e-06, 4.00890439778e-06, 8.66684058565e-06, 9.0395924417e-06, 2.66719725914e-05, 3.01673708236e-06, 1.44692842241e-06, 9.87990097201e-06, 4.41894826508e-06, 7.40073573979e-06, 2.91486799142e-06, 6.90524757374e-06, 2.63980359705e-06, 2.17396768676e-06, 8.12455766663e-07, 1.88808758139e-06, 1.48144044942e-06, 4.27685608884e-06, 1.10511507501e-06, 1.2749395637e-06, 5.22417508364e-07, 1.13667772439e-06, 1.30295063627e-06, 5.47198226286e-07, 4.84621182295e-07, 5.2499137837e-07, 3.30949632144e-07, 2.27118789553e-06, 3.47520170862e-07, 1.1160069846e-07, 1.06355024343e-07, 8.60396127678e-08, 8.71995808893e-08, 7.80871900474e-08, 7.47929291833e-08, 1.3487586159e-07, 1.99767498543e-07, 4.3618467771e-07, 3.34228047905e-07, 1.01663317764e-07, 8.66443272685e-08, 7.27138527168e-08, 1.7397757901e-08, 4.52028137143e-11, 1.78921009952e-11, 9.1239186345e-12, 6.71552310288e-12, 5.66652887807e-12, 5.20986682614e-12, 4.95048533417e-12, 4.78724525299e-12, 4.65744370154e-12, 4.5656486404e-12, 4.48061249561e-12, 4.40643008193e-12, 4.38737110878e-12, 4.37533516362e-12]
    },
    "mfcc": {
        "mean": [-644.126831055, 112.368858337, -16.7282581329, -0.49117615819, -11.856628418, -7.27956199646, -7.82341623306, -4.53165483475, -3.81746578217, -1.29952085018, -3.64959216118, -4.98592853546, -8.56012535095],
        "cov": [[6232.92089844, 1415.99060059, -423.948822021, 133.126037598, -418.188018799, -203.948348999, -261.886657715, -88.3471755981, -303.951080322, -323.73651123, -336.430938721, -335.421173096, -447.224060059], [1415.99060059, 631.93536377, -166.924743652, -44.1475143433, -107.988967896, -98.391998291, -120.423782349, -97.9721832275, -81.6891708374, -60.5454521179, -60.5656089783, -93.1817626953, -118.452552795], [-423.948822021, -166.924743652, 148.241912842, 28.868309021, 32.2725753784, 19.6937789917, 18.623998642, 26.5841293335, 26.2092418671, 15.5480203629, 26.0757312775, 32.6527061462, 16.035987854], [133.126037598, -44.1475143433, 28.868309021, 142.576583862, -11.4426670074, -26.5543689728, 12.8426418304, 40.8002281189, -38.3352241516, -66.5945968628, -54.1057701111, -33.0551376343, -25.7683525085], [-418.188018799, -107.988967896, 32.2725753784, -11.4426670074, 115.738220215, 35.0907707214, 14.7139968872, 1.48578894138, 21.7818756104, 24.7994327545, 38.0483207703, 39.71251297, 29.4320793152], [-203.948348999, -98.391998291, 19.6937789917, -26.5543689728, 35.0907707214, 99.1315231323, 31.5946292877, -18.1571121216, 0.174904555082, 25.7498245239, 14.9415445328, -0.41952458024, 15.521982193], [-261.886657715, -120.423782349, 18.623998642, 12.8426418304, 14.7139968872, 31.5946292877, 86.9211959839, 45.0318069458, 4.09519958496, -1.11976528168, -1.02358829975, 11.5720806122, 38.980594635], [-88.3471755981, -97.9721832275, 26.5841293335, 40.8002281189, 1.48578894138, -18.1571121216, 45.0318069458, 124.807647705, 35.4288368225, -37.593952179, -41.0369682312, -20.6391029358, -6.37158060074], [-303.951080322, -81.6891708374, 26.2092418671, -38.3352241516, 21.7818756104, 0.174904555082, 4.09519958496, 35.4288368225, 120.244010925, 55.3970756531, 15.8610095978, 23.0663566589, 38.9916305542], [-323.73651123, -60.5454521179, 15.5480203629, -66.5945968628, 24.7994327545, 25.7498245239, -1.11976528168, -37.593952179, 55.3970756531, 135.146835327, 75.6718978882, 30.9060401917, 54.9570617676], [-336.430938721, -60.5656089783, 26.0757312775, -54.1057701111, 38.0483207703, 14.9415445328, -1.02358829975, -41.0369682312, 15.8610095978, 75.6718978882, 117.898292542, 75.6093139648, 39.44789505], [-335.421173096, -93.1817626953, 32.6527061462, -33.0551376343, 39.71251297, -0.41952458024, 11.5720806122, -20.6391029358, 23.0663566589, 30.9060401917, 75.6093139648, 120.563995361, 66.3991622925], [-447.224060059, -118.452552795, 16.035987854, -25.7683525085, 29.4320793152, 15.521982193, 38.980594635, -6.37158060074, 38.9916305542, 54.9570617676, 39.44789505, 66.3991622925, 148.172637939]],
        "icov": [[0.000509325007442, -0.00107839028351, 0.00043108817772, -0.000802239577752, 0.000877272628713, -0.00105756812263, 0.000620614213403, -0.000857659615576, 0.00038551108446, -0.00038922240492, 0.000578837178182, -0.000865768757649, 0.000502179551404], [-0.00107839028351, 0.00727757252753, 0.0014651180245, 0.00451423320919, -0.00103823072277, 0.00666128098965, 0.000217403518036, 0.00530957384035, -3.30670422954e-06, 0.00247778207995, -0.000763726420701, 0.00448301946744, 0.000145287092892], [0.00043108817772, 0.0014651180245, 0.0111599517986, -0.00353018636815, 0.000880129751749, -0.0021408603061, 0.00240979087539, -0.00159773707855, -0.000911534240004, -0.000706651248038, -0.00115743360948, -0.00242190109566, 0.00189286912791], [-0.000802239577752, 0.00451423320919, -0.00353018636815, 0.0155361704528, -0.0023371106945, 0.00830034352839, -0.00185960845556, 0.00226896535605, 0.00375375989825, 0.00394375249743, 0.0024169543758, 0.00510498601943, -0.000928821216803], [0.000877272628713, -0.00103823072277, 0.000880129751749, -0.0023371106945, 0.0136306881905, -0.00615685153753, 0.00293991249055, -0.00270970631391, -0.000454152439488, 1.54350873345e-05, -0.00157249800395, -0.00374551769346, 0.000574548263103], [-0.00105756812263, 0.00666128098965, -0.0021408603061, 0.00830034352839, -0.00615685153753, 0.0239934902638, -0.00989844184369, 0.0115191116929, 0.000113557958684, 0.0018547619693, 0.000351995870005, 0.00893590226769, 0.000801331305411], [0.000620614213403, 0.000217403518036, 0.00240979087539, -0.00185960845556, 0.00293991249055, -0.00989844184369, 0.0254879202694, -0.0126643404365, 0.00577736552805, -0.00142753554974, 0.000447258615168, -0.00312795024365, -0.00504231546074], [-0.000857659615576, 0.00530957384035, -0.00159773707855, 0.00226896535605, -0.00270970631391, 0.0115191116929, -0.0126643404365, 0.0237310491502, -0.00922864489257, 0.00762022892013, -1.93876021513e-05, 0.00766112841666, 0.00208137510344], [0.00038551108446, -3.30670422954e-06, -0.000911534240004, 0.00375375989825, -0.000454152439488, 0.000113557958684, 0.00577736552805, -0.00922864489257, 0.0177803784609, -0.0091056143865, 0.00648642098531, -0.00417758570984, -0.00108248111792], [-0.00038922240492, 0.00247778207995, -0.000706651248038, 0.00394375249743, 1.54350873345e-05, 0.0018547619693, -0.00142753554974, 0.00762022892013, -0.0091056143865, 0.0225867014378, -0.0142504731193, 0.0112838139758, -0.00516964215785], [0.000578837178182, -0.000763726420701, -0.00115743360948, 0.0024169543758, -0.00157249800395, 0.000351995870005, 0.000447258615168, -1.93876021513e-05, 0.00648642098531, -0.0142504731193, 0.0281024035066, -0.0154087301344, 0.00484097795561], [-0.000865768757649, 0.00448301946744, -0.00242190109566, 0.00510498601943, -0.00374551769346, 0.00893590226769, -0.00312795024365, 0.00766112841666, -0.00417758570984, 0.0112838139758, -0.0154087301344, 0.0260170437396, -0.00756149645895], [0.000502179551404, 0.000145287092892, 0.00189286912791, -0.000928821216803, 0.000574548263103, 0.000801331305411, -0.00504231546074, 0.00208137510344, -0.00108248111792, -0.00516964215785, 0.00484097795561, -0.00756149645895, 0.0135342171416]]
    },
    "spectral_contrast_coeffs": {
        "max": [-0.458252906799, -0.464479357004, -0.404785782099, -0.589073717594, -0.614054381847, -0.678154706955],
        "mean": [-0.662016689777, -0.715948104858, -0.671246647835, -0.737140476704, -0.748700141907, -0.78206384182],
        "min": [-0.971153080463, -0.97008317709, -0.956077754498, -0.969554245472, -0.959557414055, -0.961245775223],
        "stdev": [0.109085045755, 0.0870262980461, 0.0910545140505, 0.0689277723432, 0.0656077340245, 0.0414341948926]
    },
    "spectral_contrast_valleys": {
        "max": [-6.44018220901, -5.29358720779, -6.09889364243, -6.81782054901, -6.61936426163, -9.6909866333],
        "mean": [-7.54137802124, -6.84710741043, -7.61422491074, -7.92567491531, -7.98630666733, -10.1973590851],
        "min": [-27.747297287, -26.9912052155, -27.40766716, -26.9454193115, -27.2495117188, -27.1937599182],
        "stdev": [1.27672362328, 1.34476208687, 1.22339057922, 1.11838638783, 1.06051850319, 0.922242939472]
    }
},
"rhythm": {
    "beats_count": 32,
    "beats_loudness": {
        "max": 0.0534872300923,
        "mean": 0.025898296386,
        "min": 0.00105529243592,
        "stdev": 0.0160614401102
    },
    "bpm": 163.58291626,
    "bpm_histogram_first_peak_bpm": 161,
    "bpm_histogram_first_peak_weight": 0.181818187237,
    "bpm_histogram_second_peak_bpm": 152,
    "bpm_histogram_second_peak_spread": 0.222222208977,
    "bpm_histogram_second_peak_weight": 0.225806444883,
    "danceability": 0.789428174496,
    "onset_rate": 0.940485656261,
    "beats_loudness_band_ratio": {
        "max": [0.175139516592, 0.592430830002, 0.822315990925, 0.567802250385, 0.351372361183, 0.324649423361],
        "mean": [0.0534472800791, 0.254656791687, 0.305245041847, 0.21668164432, 0.132385015488, 0.0567915141582],
        "min": [0.00710095698014, 0.00770873110741, 0.012806580402, 0.0384664684534, 0.0260795149952, 0.00565439648926],
        "stdev": [0.0376181490719, 0.153381973505, 0.188961267471, 0.137656390667, 0.0936814844608, 0.0747619718313]
    },
    "beats_position": [0.348299324512, 0.719818592072, 1.07972788811, 1.43963718414, 1.79954648018, 2.14784574509, 2.50775504112, 2.86766433716, 3.22757363319, 3.59909296036, 3.97061228752, 4.34213161469, 4.71365070343, 5.10838985443, 5.4915189743, 5.87464857101, 6.24616765976, 6.6176867485, 6.98920631409, 7.36072540283, 7.75546455383, 8.15020370483, 8.54494285583, 8.93968200684, 9.33442115784, 9.72916126251, 10.1355104446, 10.5418596268, 10.95981884, 11.3777770996, 11.807346344, 12.2253055573],
