{
"metadata": {
    "version": {
        "essentia": "2.1-beta5",
        "essentia_git_sha": "Undefined",
        "extractor": "music 2.0"
    },
    "audio_properties": {
        "analysis": {
            "equal_loudness": 0,
            "length": 31.9390468597,
            "sample_rate": 44100,
            "start_time": 142.744674683,
            "downmix": "mix"
        },
        "bit_rate": 192000,
        "length": 174.706939697,
        "lossless": 0,
        "number_channels": 2,
        "replay_gain": -4.31324005127,
        "sample_rate": 44100,
        "codec": "mp3",
        "md5_encoded": "3d9d2d867bc220d913dcfe9111b9f5b7"
    },
    "tags": {
        "file_name": "Italy_I Giorni Dell_ Arcobaleno_Nicola di Bari.mp3",
        "encoding": ["Lavf58.29.100"]
    }
},
"lowlevel": {
    "average_loudness": 0.911070644855,
    "barkbands_crest": {
        "max": 24.3651256561,
        "mean": 8.80766773224,
        "min": 2.7026283741,
        "stdev": 3.88893389702
    },
    "barkbands_flatness_db": {
        "max": 0.2710724473,
        "mean": 0.147129103541,
        "min": 0.0298737119883,
        "stdev": 0.0323035903275
    },
    "barkbands_kurtosis": {
        "max": 29.5322685242,
        "mean": 3.32333016396,
        "min": -1.81298947334,
        "stdev": 3.86467647552
    },
    "barkbands_skewness": {
        "max": 5.15945196152,
        "mean": 1.29834628105,
        "min": -1.38077628613,
        "stdev": 0.877988576889
    },
    "barkbands_spread": {
        "max": 63.0500869751,
        "mean": 15.5496044159,
        "min": 3.6448662281,
        "stdev": 8.70383548737
    },
    "dissonance": {
        "max": 0.499749183655,
        "mean": 0.441970050335,
        "min": 0.254840284586,
        "stdev": 0.0410316362977
    },
    "dynamic_complexity": 2.04549694061,
    "erbbands_crest": {
        "max": 30.5893001556,
        "mean": 10.5319480896,
        "min": 3.21070766449,
        "stdev": 5.27821731567
    },
    "erbbands_flatness_db": {
        "max": 0.275554299355,
        "mean": 0.18538069725,
        "min": 0.100254230201,
        "stdev": 0.0283980909735
    },
    "erbbands_kurtosis": {
        "max": 19.433177948,
        "mean": 1.36182761192,
        "min": -1.72265434265,
        "stdev": 2.14152741432
    },
    "erbbands_skewness": {
        "max": 3.67376804352,
        "mean": 0.816234111786,
        "min": -1.71153402328,
        "stdev": 0.622036218643
    },
    "erbbands_spread": {
        "max": 77.2392272949,
        "mean": 26.9604759216,
        "min": 6.17382001877,
        "stdev": 11.6281251907
    },
    "hfc": {
        "max": 112.330024719,
        "mean": 19.9548721313,
        "min": 2.1794731353e-08,
        "stdev": 16.6362419128
    },
    "loudness_ebu128": {
        "integrated": -20.1266059875,
        "loudness_range": 5.10343551636,
        "momentary": {
            "max": -15.6952819824,
            "mean": -20.7138824463,
            "min": -26.5576210022,
            "stdev": 2.27052092552
        },
        "short_term": {
            "max": -16.8232154846,
            "mean": -20.5650119781,
            "min": -23.7918148041,
            "stdev": 1.53368508816
        }
    },
    "melbands_crest": {
        "max": 29.1135787964,
        "mean": 10.9173049927,
        "min": 2.70461010933,
        "stdev": 4.53179740906
    },
    "melbands_flatness_db": {
        "max": 0.323922753334,
        "mean": 0.183012738824,
        "min": 0.0163012426347,
        "stdev": 0.0501554980874
    },
    "melbands_kurtosis": {
        "max": 74.770942688,
        "mean": 6.33220338821,
        "min": -1.10249197483,
        "stdev": 7.07724714279
    },
    "melbands_skewness": {
        "max": 7.21835660934,
        "mean": 1.64387226105,
        "min": -0.34144064784,
        "stdev": 1.00582551956
    },
    "melbands_spread": {
        "max": 120.307518005,
        "mean": 21.0551319122,
        "min": 3.47869324684,
        "stdev": 13.8226652145
    },
    "pitch_salience": {
        "max": 0.857976853848,
        "mean": 0.620845258236,
        "min": 0.237645342946,
        "stdev": 0.111861050129
    },
    "silence_rate_20dB": {
        "max": 1,
        "mean": 1,
        "min": 1,
        "stdev": 0
    },
    "silence_rate_30dB": {
        "max": 1,
        "mean": 1,
        "min": 1,
        "stdev": 0
    },
    "silence_rate_60dB": {
        "max": 1,
        "mean": 0.00217864918523,
        "min": 0,
        "stdev": 0.0466252155602
    },
    "spectral_centroid": {
        "max": 3659.13574219,
        "mean": 1160.62487793,
        "min": 452.386352539,
        "stdev": 558.03704834
    },
    "spectral_complexity": {
        "max": 55,
        "mean": 19.9956436157,
        "min": 0,
        "stdev": 10.3839874268
    },
    "spectral_decrease": {
        "max": -1.23352610913e-19,
        "mean": -5.60506663305e-09,
        "min": -2.60138310892e-08,
        "stdev": 3.38267724942e-09
    },
    "spectral_energy": {
        "max": 0.10410939157,
        "mean": 0.0229647848755,
        "min": 2.44240912217e-12,
        "stdev": 0.0138210868463
    },
    "spectral_energyband_high": {
        "max": 0.0070401802659,
        "mean": 0.000571881770156,
        "min": 1.6415890999e-12,
        "stdev": 0.000884454348125
    },
    "spectral_energyband_low": {
        "max": 0.0189386811107,
        "mean": 0.00183645542711,
        "min": 3.55331303931e-14,
        "stdev": 0.00231932103634
    },
    "spectral_energyband_middle_high": {
        "max": 0.0561788380146,
        "mean": 0.0071888808161,
        "min": 5.17787527264e-13,
        "stdev": 0.00789621844888
    },
    "spectral_energyband_middle_low": {
        "max": 0.0909262746572,
        "mean": 0.013913477771,
        "min": 1.05361310225e-13,
        "stdev": 0.0108380364254
    },
    "spectral_entropy": {
        "max": 8.66867828369,
        "mean": 7.38318347931,
        "min": 6.27834749222,
        "stdev": 0.364776134491
    },
    "spectral_flux": {
        "max": 0.201671630144,
        "mean": 0.0677007287741,
        "min": 7.42013944546e-05,
        "stdev": 0.0317968502641
    },
    "spectral_kurtosis": {
        "max": 15.5221748352,
        "mean": 4.90392637253,
        "min": -0.656286478043,
        "stdev": 2.29970908165
    },
    "spectral_rms": {
        "max": 0.0100782010704,
        "mean": 0.00453527783975,
        "min": 4.88143214739e-08,
        "stdev": 0.00135497923475
    },
    "spectral_rolloff": {
        "max": 16838.9648438,
        "mean": 1297.8223877,
        "min": 344.53125,
        "stdev": 995.550964355
    },
    "spectral_skewness": {
        "max": 2.975720644,
        "mean": 1.70406579971,
        "min": -0.173231452703,
        "stdev": 0.475873023272
    },
    "spectral_spread": {
        "max": 9359329,
        "mean": 4115368.25,
        "min": 2154729,
        "stdev": 699804.25
    },
    "spectral_strongpeak": {
        "max": 6.3482542038,
        "mean": 1.42720043659,
        "min": 3.28816568071e-05,
        "stdev": 1.04164469242
    },
    "zerocrossingrate": {
        "max": 0.48681640625,
        "mean": 0.0551052168012,
        "min": 0.01708984375,
        "stdev": 0.0263846945018
    },
    "barkbands": {
        "max": [0.000167786565726, 0.00725252088159, 0.0115153286606, 0.00529109220952, 0.014610000886, 0.047128919512, 0.0599379390478, 0.0742654725909, 0.0123977279291, 0.0199386663735, 0.0227570291609, 0.0178853366524, 0.0137317208573, 0.00833644159138, 0.0106642898172, 0.00968569051474, 0.00642249174416, 0.00258763856255, 0.00478780828416, 0.00352454720996, 0.0025797272101, 0.00491909682751, 0.00173229153734, 0.000463938864414, 9.40260433708e-05, 0.000122340614325, 3.67598204321e-07],
        "mean": [8.62183696881e-06, 0.000827349256724, 0.000709188112523, 0.000651969166938, 0.0022231314797, 0.00432324688882, 0.00253494596109, 0.00207734154537, 0.00147756992374, 0.00214799237438, 0.00101466232445, 0.000882426218595, 0.000832813675515, 0.000631973322015, 0.000560991524253, 0.000469642021926, 0.000455476751085, 0.000254818500252, 0.000214318235521, 0.000179497656063, 0.000188983467524, 0.000154519701027, 8.76361518749e-05, 3.75152376364e-05, 1.15129687401e-05, 6.66297137286e-06, 1.11154274673e-09],
        "min": [2.7081759212e-14, 1.94497975397e-14, 2.3143551098e-15, 3.71710498617e-15, 2.07077380281e-14, 1.47624510408e-14, 3.29447832065e-15, 3.62733999196e-14, 1.91657941687e-14, 3.56745272971e-14, 1.6702671486e-14, 8.12376221523e-14, 6.31450593853e-14, 1.43661666764e-14, 1.71465031979e-14, 1.88439368954e-14, 3.27806256803e-14, 1.81863028868e-13, 4.52999759286e-14, 1.1464772545e-13, 1.58044503049e-13, 1.66375648068e-13, 1.45971071602e-13, 1.59078479556e-13, 2.12350048569e-13, 3.9273076978e-13, 3.20771865016e-13],
        "stdev": [1.04447062768e-05, 0.00111455959268, 0.00138664292172, 0.000726948550437, 0.00199281494133, 0.00538929039612, 0.00455436762422, 0.00493966741487, 0.00189297378529, 0.00300256884657, 0.00178624701221, 0.00159890518989, 0.0016615500208, 0.00122231745627, 0.00119346403517, 0.00100805656984, 0.000758939655498, 0.0003689355799, 0.000376387033612, 0.000287627743091, 0.000298386876239, 0.000335521501256, 0.000151016341988, 5.30317083758e-05, 8.46545208333e-06, 6.55033136354e-06, 9.95781146429e-09]
    },
    "erbbands": {
        "max": [0.105626702309, 2.34971451759, 14.4855718613, 8.55764389038, 58.9428939819, 43.1389503479, 116.30140686, 550.985839844, 441.623046875, 1095.49414062, 1657.27966309, 315.030334473, 475.581359863, 872.289794922, 790.53326416, 832.314880371, 604.98260498, 463.070037842, 609.125, 531.054504395, 391.919006348, 379.316650391, 155.029327393, 242.586776733, 214.395950317, 172.900894165, 101.452812195, 121.052879333, 164.096160889, 150.736984253, 57.5913887024, 18.8525295258, 5.09464120865, 1.13159668446, 0.411935389042, 0.781359016895, 0.044117514044, 0.00123400893062, 6.52297530905e-05, 0.000121065553685],
        "mean": [0.00921336002648, 0.23906455934, 0.901231706142, 1.47886383533, 4.82543945312, 7.17947387695, 15.8055315018, 38.8192062378, 42.9179420471, 33.2920875549, 49.1240119934, 29.156873703, 56.5391693115, 72.049369812, 40.2884368896, 39.8082542419, 40.2414245605, 35.7761116028, 32.0499572754, 25.1556224823, 26.6975727081, 25.3286037445, 15.8705673218, 9.52057552338, 12.017124176, 8.35646247864, 8.27663421631, 6.25584459305, 5.71750497818, 3.78577113152, 2.56281685829, 1.08991658688, 0.471011966467, 0.182150155306, 0.0636013671756, 0.0386870987713, 0.0108247250319, 0.000308307469822, 2.24123850785e-05, 2.85330370389e-05],
        "min": [9.75766451146e-13, 2.9648293369e-12, 3.62482635054e-12, 6.75984181825e-12, 4.03798175452e-11, 7.20329768056e-11, 1.18002121963e-10, 1.102212141e-10, 5.28285366841e-11, 2.07239156391e-10, 8.37209246374e-10, 4.32431451758e-10, 8.72956484876e-10, 1.11462983288e-09, 1.2408662986e-09, 3.33923355633e-09, 3.00156299815e-09, 1.19773602147e-09, 7.4076345058e-10, 7.62345298e-10, 1.40572220531e-09, 1.85935566943e-09, 8.10575606636e-09, 7.21183912589e-09, 1.38419031792e-09, 5.27672394668e-09, 6.06071903775e-09, 6.39961328375e-09, 6.26516882818e-09, 4.46876402549e-09, 5.13656228662e-09, 4.1030969733e-09, 2.16612416892e-09, 1.94560989542e-09, 1.90096316466e-09, 1.03258113171e-09, 6.90161872097e-10, 2.71778377581e-10, 5.18773322911e-11, 5.07120690926e-12],
        "stdev": [0.0101544773206, 0.337734162807, 1.77478671074, 1.37996518612, 5.74849462509, 7.24832296371, 16.1122665405, 57.5103416443, 61.3939971924, 73.8944168091, 115.171562195, 33.5174255371, 63.8584747314, 126.542694092, 61.9895820618, 67.676940918, 77.5039596558, 65.4546585083, 65.1627044678, 56.1853218079, 51.3881340027, 42.7102394104, 22.0048675537, 17.5314273834, 18.9488162994, 12.9686059952, 12.3370428085, 11.6782045364, 12.3301305771, 7.78516054153, 4.54808044434, 1.81207489967, 0.613731026649, 0.165320903063, 0.0288661383092, 0.0416109263897, 0.00512127764523, 0.000145285535837, 7.75406624598e-06, 1.665824675e-05]
    },
    "gfcc": {
        "mean": [0.0767114832997, 100.766983032, -134.768432617, 19.0774936676, -79.2361373901, 7.95696973801, -42.2002220154, 4.66950559616, -27.2733974457, 1.82470345497, -16.7067279816, 4.53636884689, -9.17506408691],
        "cov": [[2355.79614258, 211.128799438, -625.163696289, 181.249038696, 11.2437038422, 241.570739746, 197.098342896, -23.1564750671, 167.893157959, -66.453704834, 78.4329605103, -77.3636322021, 85.1201858521], [211.128799438, 343.209869385, 182.283828735, -160.919570923, 48.0173950195, -69.3237380981, 21.0899028778, 50.8917655945, -54.3770103455, 7.73581504822, -16.2234859467, 12.4954681396, -43.5796737671], [-625.163696289, 182.283828735, 643.574829102, -103.562957764, -65.6990127563, -175.680618286, -92.1683273315, 35.8783226013, -154.035736084, 56.1104812622, -74.5503616333, 54.3606071472, -88.4161148071], [181.249038696, -160.919570923, -103.562957764, 381.801818848, 5.45764493942, -3.73077964783, 10.3131446838, -37.1033325195, 119.85068512, -8.56587982178, 21.181186676, -24.074338913, 33.6857032776], [11.2437038422, 48.0173950195, -65.6990127563, 5.45764493942, 173.328063965, 14.8457355499, -41.7510604858, 26.018907547, 36.2674179077, 17.7080383301, -5.43117523193, 9.13486766815, 8.55097770691], [241.570739746, -69.3237380981, -175.680618286, -3.73077964783, 14.8457355499, 319.952697754, 144.993530273, -34.190246582, 16.4189281464, -4.89099121094, 8.4909658432, -34.9629745483, 68.8425521851], [197.098342896, 21.0899028778, -92.1683273315, 10.3131446838, -41.7510604858, 144.993530273, 206.72543335, 18.5291347504, -9.90466308594, -30.0171489716, 19.9973125458, -20.5668258667, 32.7273101807], [-23.1564750671, 50.8917655945, 35.8783226013, -37.1033325195, 26.018907547, -34.190246582, 18.5291347504, 104.721496582, 13.4387464523, -5.88599872589, 6.88342142105, 14.213640213, -13.3831291199], [167.893157959, -54.3770103455, -154.035736084, 119.85068512, 36.2674179077, 16.4189281464, -9.90466308594, 13.4387464523, 152.590301514, 20.9081382751, 30.5983142853, -21.4005641937, -3.23695755005], [-66.453704834, 7.73581504822, 56.1104812622, -8.56587982178, 17.7080383301, -4.89099121094, -30.0171489716, -5.88599872589, 20.9081382751, 91.7047805786, 17.6414699554, -12.3807163239, -34.5646286011], [78.4329605103, -16.2234859467, -74.5503616333, 21.181186676, -5.43117523193, 8.4909658432, 19.9973125458, 6.88342142105, 30.5983142853, 17.6414699554, 78.6268768311, 6.05295133591, -11.0491638184], [-77.3636322021, 12.4954681396, 54.3606071472, -24.074338913, 9.13486766815, -34.9629745483, -20.5668258667, 14.213640213, -21.4005641937, -12.3807163239, 6.05295133591, 80.2937164307, 27.3226737976], [85.1201858521, -43.5796737671, -88.4161148071, 33.6857032776, 8.55097770691, 68.8425521851, 32.7273101807, -13.3831291199, -3.23695755005, -34.5646286011, -11.0491638184, 27.3226737976, 116.100471497]],
        "icov": [[0.00210808170959, -0.00614212267101, 0.00506352074444, -0.00413839053363, 0.0049419789575, -0.0032668011263, 0.00370158720762, -0.00284461351112, 0.00307704508305, -0.00242490950041, 0.00230595795438, -0.0024781904649, 0.00157403864432], [-0.00614212267101, 0.0250721387565, -0.018560513854, 0.0163379143924, -0.0196639448404, 0.0129857156426, -0.0161684788764, 0.011249830015, -0.012856147252, 0.0100604565814, -0.00922282226384, 0.0102705182508, -0.00601603742689], [0.00506352074444, -0.018560513854, 0.0192676167935, -0.0139044895768, 0.0170168783516, -0.0096206497401, 0.0128378365189, -0.0117783760652, 0.0148154282942, -0.0124573381618, 0.0122041506693, -0.0118676135316, 0.00816168356687], [-0.00413839053363, 0.0163379143924, -0.0139044895768, 0.0155882835388, -0.0138484761119, 0.0100645022467, -0.0121659804136, 0.0110312029719, -0.0139461150393, 0.00889370497316, -0.00802017562091, 0.00902631506324, -0.00682040816173], [0.0049419789575, -0.0196639448404, 0.0170168783516, -0.0138484761119, 0.0240715350956, -0.0120915770531, 0.0159732047468, -0.0134210027754, 0.0114065604284, -0.0113195572048, 0.0107207093388, -0.0108922924846, 0.00585169019178], [-0.0032668011263, 0.0129857156426, -0.0096206497401, 0.0100645022467, -0.0120915770531, 0.0138465706259, -0.0135550349951, 0.00947176385671, -0.00838329549879, 0.0039421832189, -0.0047569880262, 0.00762814376503, -0.00669231917709], [0.00370158720762, -0.0161684788764, 0.0128378365189, -0.0121659804136, 0.0159732047468, -0.0135550349951, 0.0213397145271, -0.0130061935633, 0.0120521336794, -0.00528047606349, 0.0042385449633, -0.00561223737895, 0.00435815937817], [-0.00284461351112, 0.011249830015, -0.0117783760652, 0.0110312029719, -0.0134210027754, 0.00947176385671, -0.0130061935633, 0.0216221753508, -0.013130822219, 0.00908634066582, -0.0073800352402, 0.00506235146895, -0.00388594344258], [0.00307704508305, -0.012856147252, 0.0148154282942, -0.0139461150393, 0.0114065604284, -0.00838329549879, 0.0120521336794, -0.013130822219, 0.0240572597831, -0.0116959223524, 0.00663937302306, -0.00703789154068, 0.00694405008107], [-0.00242490950041, 0.0100604565814, -0.0124573381618, 0.00889370497316, -0.0113195572048, 0.0039421832189, -0.00528047606349, 0.00908634066582, -0.0116959223524, 0.0234413761646, -0.0121122961864, 0.00939824804664, -0.00219284160994], [0.00230595795438, -0.00922282226384, 0.0122041506693, -0.00802017562091, 0.0107207093388, -0.0047569880262, 0.0042385449633, -0.0073800352402, 0.00663937302306, -0.0121122961864, 0.0253774244338, -0.0127991111949, 0.008460463956], [-0.0024781904649, 0.0102705182508, -0.0118676135316, 0.00902631506324, -0.0108922924846, 0.00762814376503, -0.00561223737895, 0.00506235146895, -0.00703789154068, 0.00939824804664, -0.0127991111949, 0.0261646695435, -0.0123137859628], [0.00157403864432, -0.00601603742689, 0.00816168356687, -0.00682040816173, 0.00585169019178, -0.00669231917709, 0.00435815937817, -0.00388594344258, 0.00694405008107, -0.00219284160994, 0.008460463956, -0.0123137859628, 0.018500065431]]
    },
    "melbands": {
        "max": [0.00127624545712, 0.00571106886491, 0.00276543595828, 0.0031559204217, 0.00316792377271, 0.0110800862312, 0.00823387783021, 0.00955540314317, 0.0108533855528, 0.00205756002106, 0.00232752552256, 0.00366925820708, 0.00359434681013, 0.00183126772754, 0.0020842673257, 0.0014313334832, 0.000852577213664, 0.000946817919612, 0.000772375788074, 0.000780451111495, 0.000448618171504, 0.00047435198212, 0.000313866621582, 0.000113913098176, 0.000229160432355, 0.00021056526748, 0.000162397496752, 0.000108169886516, 7.31426553102e-05, 7.18137816875e-05, 7.19855452189e-05, 0.000104700076918, 0.000113110771053, 5.78907092859e-05, 3.22210289596e-05, 2.65330600087e-05, 8.45677823236e-06, 3.9918800212e-06, 3.11238522954e-06, 7.34633601951e-07],
        "mean": [0.000158086768351, 0.000418241601437, 0.000346107670339, 0.000466705067083, 0.000477117602713, 0.000887766538654, 0.000641169259325, 0.000368872191757, 0.000367111060768, 0.000193381594727, 0.000276263337582, 0.000291139673209, 0.000150242616655, 0.000101049881778, 8.81517553353e-05, 8.37815459818e-05, 6.37982157059e-05, 5.07911208842e-05, 3.78334189008e-05, 3.15534452966e-05, 3.11214207613e-05, 2.67082941718e-05, 2.0861867597e-05, 1.00183278846e-05, 7.15604801371e-06, 8.73008502822e-06, 7.62396348364e-06, 5.08213224748e-06, 4.74240687254e-06, 5.33599632035e-06, 3.0924247767e-06, 3.13989767164e-06, 3.08535868498e-06, 1.69878239831e-06, 1.6222548993e-06, 9.52315986069e-07, 5.58124497729e-07, 3.12948003511e-07, 3.02393232232e-07, 1.01939370722e-07],
        "min": [8.36376679855e-15, 2.46616522505e-15, 2.15924050727e-15, 4.20463131611e-15, 3.97711233724e-15, 2.45463265972e-15, 7.68858741305e-16, 3.54733078442e-15, 6.12304235702e-15, 2.79872348915e-15, 4.53421268291e-15, 4.72870965881e-15, 2.85117473386e-15, 8.40933208891e-15, 8.32772639368e-15, 5.58740328514e-15, 1.74717846019e-15, 9.77492750032e-16, 1.55873046421e-15, 6.37212086549e-16, 2.07108745911e-15, 1.6612175333e-15, 3.62815382121e-15, 1.00848937017e-14, 5.69284067586e-15, 4.94991919513e-16, 1.1079870694e-15, 4.47946640244e-15, 3.76499157033e-15, 4.95684951283e-15, 2.85864704677e-15, 3.05856693935e-15, 3.69527948822e-15, 1.96207622462e-15, 3.02944848772e-15, 2.39038923407e-15, 2.59847685361e-15, 1.61650096995e-15, 1.23847609482e-15, 1.52395637359e-15],
        "stdev": [0.000190977560123, 0.000698989490047, 0.000308619404677, 0.000491159211379, 0.00046405903413, 0.00123404432088, 0.000902306346688, 0.000796681619249, 0.000860585831106, 0.000228007775149, 0.000316540303174, 0.000531940138899, 0.000257906824118, 0.000188210324268, 0.000163667369634, 0.000167216043337, 0.000121288401715, 0.000106858038635, 8.40023421915e-05, 7.23135963199e-05, 5.86982932873e-05, 4.91832470289e-05, 2.89744675683e-05, 1.63403128681e-05, 1.46797137859e-05, 1.59658302437e-05, 1.1859915503e-05, 8.8470915216e-06, 7.88906982052e-06, 8.08901495475e-06, 6.86762086843e-06, 7.22258755559e-06, 6.52199832984e-06, 3.38522772836e-06, 2.74251783594e-06, 1.99878559215e-06, 8.60967190874e-07, 4.87358988721e-07, 4.3282182105e-07, 7.43916999113e-08]
    },
    "melbands128": {
        "max": [8.3517312305e-05, 0.000508962548338, 0.00208877772093, 0.00506660854444, 0.00891394261271, 0.00410340214148, 0.00216142716818, 0.00328811584041, 0.00797549262643, 0.00484206760302, 0.00236170599237, 0.00364338676445, 0.0051412479952, 0.00858048349619, 0.0173009578139, 0.020469982177, 0.0146652460098, 0.0113294357434, 0.0243350043893, 0.0154924299568, 0.0128266271204, 0.0310064852238, 0.0196225512773, 0.00463086366653, 0.00396881299093, 0.0041604237631, 0.00502927461639, 0.00470752315596, 0.00269190594554, 0.00511652044952, 0.00542529253289, 0.00373461842537, 0.00731276301667, 0.00180991203524, 0.00335857784376, 0.00381396431476, 0.00348493061028, 0.00260441238061, 0.00179198326077, 0.00301340012811, 0.00222538574599, 0.00109196687117, 0.00143490696792, 0.00148217880633, 0.00112578528933, 0.00191302737221, 0.00152634794358, 0.000971138419118, 0.000848119379953, 0.000927311717533, 0.00114790687803, 0.001117706066, 0.000901995634194, 0.000719915144145, 0.000632718729321, 0.000894323689863, 0.000425565056503, 0.000877451500855, 0.000261410343228, 0.000231731755775, 0.000165749836015, 0.000177965281182, 0.000223613868002, 0.000325725384755, 0.000343164807418, 0.00032872214797, 0.000322871812386, 0.000204548225156, 0.000202149371034, 0.000163632430485, 0.000132178465719, 0.000130166590679, 0.000143932251376, 6.85930644977e-05, 0.000129335880047, 0.000105262108264, 0.000101721932879, 0.000101067838841, 8.02715076134e-05, 5.15528299729e-05, 0.000140328425914, 9.97441165964e-05, 0.000129473875859, 9.29809830268e-05, 0.000188990030438, 8.21221401566e-05, 2.58475920418e-05, 3.67812244804e-05, 3.47572640749e-05, 5.9521633375e-05, 3.35671938956e-05, 2.32023121498e-05, 1.30409061967e-05, 9.54599363467e-06, 8.42934059619e-06, 6.14093460172e-06, 5.67532106288e-06, 3.87072304875e-06, 7.23462517271e-06, 2.36771188611e-06, 1.10187068003e-06, 7.7716413216e-07, 5.9916982309e-07, 3.36803879009e-07, 2.16158142052e-07, 1.81230518592e-07, 1.65548885889e-06, 5.02966167915e-06, 5.94102289142e-07, 2.33657061699e-07, 1.64932316693e-07, 1.79904731112e-07, 1.65519040252e-07, 2.95468947087e-08, 1.6105625722e-09, 1.85513771012e-09, 1.64532543145e-09, 1.64084290599e-09, 1.64042690542e-09, 1.61885116423e-09, 1.60824342732e-09, 1.58797208716e-09, 1.56217272451e-09, 1.5411195653e-09, 1.51890189315e-09, 1.50646617403e-09, 1.50170498259e-09, 1.4994614439e-09],
        "mean": [5.87205158809e-06, 2.7096568374e-05, 0.000184446791536, 0.000473189807963, 0.000534069200512, 0.000286639347905, 0.00026652609813, 0.000344445666997, 0.00048020289978, 0.000610530434642, 0.000336611294188, 0.000318447186146, 0.000585078611039, 0.000561680295505, 0.000731643056497, 0.00129399925936, 0.000924199470319, 0.000419489340857, 0.000424903148087, 0.000365740561392, 0.000283945759293, 0.000533875369001, 0.000430282671005, 0.000135028021759, 0.000149548199261, 0.000147509170347, 0.000438386574388, 0.000278933643131, 0.00013946252875, 0.0003636002657, 0.000336833123583, 0.000148523889948, 0.0002140251745, 6.43173843855e-05, 8.03629445727e-05, 0.000126860904857, 0.000119168602396, 6.28145062365e-05, 8.67856215336e-05, 0.000107203173684, 7.09184678271e-05, 7.37902810215e-05, 6.74338734825e-05, 6.13598676864e-05, 4.12602603319e-05, 5.28670352651e-05, 5.91411735513e-05, 3.26655463141e-05, 3.20770304825e-05, 3.44616564689e-05, 2.99441890093e-05, 2.98649010801e-05, 3.47049281118e-05, 2.89758645522e-05, 2.94387191389e-05, 2.60821670963e-05, 2.51763212873e-05, 2.50803877861e-05, 1.94050699065e-05, 1.2200927813e-05, 9.1387764769e-06, 8.96695109986e-06, 7.2487032412e-06, 6.29259102425e-06, 7.28516170057e-06, 8.1107382357e-06, 1.09752945718e-05, 8.77430920809e-06, 6.87103329255e-06, 5.75910416956e-06, 4.82757695863e-06, 5.11085818289e-06, 4.38591587226e-06, 4.32202887168e-06, 5.19085961059e-06, 7.5278667282e-06, 3.86417059417e-06, 3.24486723002e-06, 3.09757524519e-06, 2.87896864393e-06, 2.95677091344e-06, 2.99980683849e-06, 4.06960316468e-06, 3.13496434501e-06, 2.43776435127e-06, 1.76528158136e-06, 1.47092680436e-06, 1.40728593578e-06, 1.96377527573e-06, 1.46710863191e-06, 1.11420627036e-06, 8.1352328607e-07, 6.58367810047e-07, 5.85507677897e-07, 4.91513958423e-07, 3.39083101153e-07, 2.7626794008e-07, 2.32191140981e-07, 4.77948503885e-07, 1.92234125507e-07, 1.19901528706e-07, 9.11442015195e-08, 8.49736352393e-08, 7.29075395611e-08, 6.2817377966e-08, 5.83094994511e-08, 7.46217025949e-08, 8.87748612399e-08, 6.55019931628e-08, 5.81798715871e-08, 5.31691988215e-08, 5.16300211473e-08, 4.55813946587e-08, 6.00317040522e-09, 1.05602722747e-11, 7.71783158215e-12, 5.66720064973e-12, 5.07669080385e-12, 4.97104571048e-12, 4.87497368862e-12, 4.79046273136e-12, 4.70832097269e-12, 4.61474088109e-12, 4.52801338091e-12, 4.4822041044e-12, 4.44223694288e-12, 4.41727470574e-12, 4.39547356845e-12],
        "min": [1.28215580514e-14, 9.97302521328e-15, 6.96973183242e-15, 4.40208951919e-15, 2.33020373152e-15, 9.15985452567e-16, 8.48379094366e-16, 2.38526150837e-15, 4.31486757199e-15, 4.70115483001e-15, 3.86522648469e-15, 3.62740970277e-15, 4.17650685764e-15, 4.25141040468e-15, 2.98162881917e-15, 1.25337625139e-15, 4.22527297963e-16, 9.4375458071e-16, 8.66860135665e-16, 8.24175074958e-16, 5.40792674449e-15, 1.02103214935e-14, 6.92103760235e-15, 1.27897115184e-15, 1.66991624403e-15, 3.77239633235e-15, 4.27309995385e-15, 3.84229814984e-15, 5.43724424886e-15, 6.27476586315e-15, 4.06215275108e-15, 2.69030750707e-15, 1.29783383442e-15, 3.55047497072e-15, 8.13507467905e-15, 9.74874867654e-15, 9.25459304324e-15, 9.01563996662e-15, 7.05125155381e-15, 6.85063264729e-15, 5.65107941046e-15, 3.32962552928e-15, 1.60608966447e-15, 8.97092488558e-16, 1.14329807303e-15, 4.18525490804e-16, 1.4541534472e-15, 2.58043314601e-15, 9.58984021343e-16, 5.75480642991e-16, 8.82935073998e-16, 3.21522907108e-16, 1.04890874479e-15, 4.14754256601e-15, 1.67500987666e-15, 1.15951229534e-15, 1.4044244605e-15, 2.29562107035e-15, 3.09422512061e-15, 9.23156221741e-15, 9.74834294776e-15, 1.26345153889e-14, 8.92544874543e-15, 3.41001636752e-15, 3.93826989444e-16, 2.19391313922e-16, 3.78896101455e-16, 1.52125116212e-15, 9.55842376142e-16, 8.36104581108e-16, 4.19582810268e-15, 7.07788523429e-15, 5.33097337772e-15, 2.72996347208e-15, 2.30568488056e-15, 3.67741768094e-15, 8.65416526825e-15, 3.38485821843e-15, 2.11783033703e-15, 1.68373177491e-15, 1.70162883994e-15, 4.493003683e-15, 4.75092775654e-15, 4.01125157666e-15, 2.09219043796e-15, 2.25344497057e-15, 1.98475701409e-15, 1.45985016729e-15, 3.22128048621e-15, 4.57033186185e-15, 1.83007588067e-15, 1.78949177931e-15, 2.82762171222e-15, 2.58436210834e-15, 3.23014595655e-15, 9.67823339544e-16, 2.00058509526e-15, 1.07799024461e-15, 5.78081510595e-16, 1.74891000729e-15, 2.12724362593e-15, 1.24766851988e-15, 7.42795114001e-16, 4.3454535082e-15, 2.30530900969e-15, 9.97938854829e-16, 1.58303247474e-15, 3.19077035945e-15, 1.35419074805e-15, 1.49156615132e-15, 9.51419911245e-16, 1.87723232243e-15, 2.69076596365e-15, 1.92410543166e-15, 3.47098855192e-15, 4.19702834837e-15, 1.12933102912e-15, 8.14915893114e-16, 1.49837809617e-15, 1.96986088093e-15, 1.32616369837e-15, 1.46183645955e-15, 2.43601169916e-15, 1.73234564274e-15, 7.94580008479e-16, 7.45345847843e-16, 1.31260905364e-15, 1.61891755494e-15],
        "stdev": [6.34421303403e-06, 3.27916714014e-05, 0.000241462606937, 0.000717978167813, 0.00111774820834, 0.000482669100165, 0.00031272135675, 0.000418633368099, 0.000747022393625, 0.000799845147412, 0.000418780313339, 0.000410451757489, 0.000738456903491, 0.000784734962508, 0.00136466429103, 0.0023517308291, 0.00182337150909, 0.000809103774372, 0.00146153673995, 0.00107223517261, 0.000959060445894, 0.00158801604994, 0.00130099826492, 0.000342285318766, 0.00027949680225, 0.000273540732451, 0.000723489909433, 0.000433340552263, 0.000233295286307, 0.000738344853744, 0.000793345505372, 0.000317326921504, 0.000476561894175, 0.000145404948853, 0.000217667067773, 0.000278594088741, 0.000215560037759, 0.000187147496035, 0.000186085933819, 0.000263005116722, 0.000180144183105, 0.000147268889123, 0.000143629396916, 0.00014143982844, 0.000110908156785, 0.000144672696479, 0.000119624412037, 9.49546301854e-05, 8.93899996299e-05, 8.88699942152e-05, 8.11816644273e-05, 8.16796164145e-05, 8.33183439681e-05, 6.0580430727e-05, 5.78819162911e-05, 6.53741444694e-05, 5.05343086843e-05, 4.6485929488e-05, 2.95957270282e-05, 2.30177065532e-05, 1.73846947291e-05, 1.79455109901e-05, 1.70702769537e-05, 1.62348478625e-05, 1.70652911038e-05, 2.02133924176e-05, 1.95887005248e-05, 1.68481237779e-05, 1.30905709739e-05, 1.06738652903e-05, 9.92297736957e-06, 1.01745517895e-05, 9.78223488346e-06, 8.26707309898e-06, 9.68375024968e-06, 1.19689120766e-05, 7.848304449e-06, 7.59034446673e-06, 7.5585066952e-06, 6.84161204845e-06, 8.0049612734e-06, 7.72502698965e-06, 8.44849182613e-06, 6.77988646203e-06, 7.14234420229e-06, 4.15900285589e-06, 2.7526220947e-06, 2.63380047727e-06, 3.24959364661e-06, 3.47082459484e-06, 2.68995268016e-06, 1.70427961166e-06, 1.29089426082e-06, 9.07909736725e-07, 7.72045211761e-07, 6.32542480616e-07, 5.03445789946e-07, 3.43969645655e-07, 9.18481475765e-07, 2.50113203037e-07, 1.1191219329e-07, 7.27488611574e-08, 5.6904191581e-08, 3.84177774038e-08, 3.01891205368e-08, 2.73289639807e-08, 1.14459886902e-07, 2.63553687319e-07, 4.20578700755e-08, 2.8994071144e-08, 2.51128042805e-08, 2.90939414782e-08, 2.84523178351e-08, 4.90456741886e-09, 7.00600619186e-11, 7.70406655137e-11, 4.62068161511e-11, 4.44699797819e-11, 4.44415303169e-11, 4.38484630549e-11, 4.35509892038e-11, 4.29970815896e-11, 4.22962984081e-11, 4.17248492701e-11, 4.11223624597e-11, 4.07839421956e-11, 4.06524432173e-11, 4.05895803079e-11]
    },
    "mfcc": {
        "mean": [-636.164611816, 130.227233887, -6.3954744339, 9.76456737518, -14.7085208893, -1.40762472153, -10.3430452347, 0.00404420401901, -6.77541255951, -4.0407128334, -5.87317752838, -1.41035175323, -1.77641367912],
        "cov": [[2289.45288086, -322.644744873, -594.484436035, -64.0124435425, -79.7553787231, 315.001556396, 55.3725128174, 188.15222168, 103.162117004, 181.963821411, 37.8016281128, 86.6427001953, -9.26670455933], [-322.644744873, 678.507019043, 163.021682739, -77.5305099487, 3.51158046722, -166.677642822, 59.2746925354, -20.7322292328, -32.7273674011, -49.6875457764, 12.068862915, -29.3600311279, 27.7698402405], [-594.484436035, 163.021682739, 468.535980225, 85.1020278931, -72.6442947388, -74.1733703613, 11.1254529953, -53.4106788635, -44.1611557007, -45.0367698669, -19.6536006927, -16.5356140137, -5.69590234756], [-64.0124435425, -77.5305099487, 85.1020278931, 344.571228027, 58.6968955994, -80.8472671509, -115.104606628, -15.3207082748, -25.9419517517, -10.7694368362, 12.8681793213, 3.47390723228, 40.2339439392], [-79.7553787231, 3.51158046722, -72.6442947388, 58.6968955994, 206.985031128, -10.8665657043, -76.6410369873, -30.2096366882, 17.856086731, -7.84609270096, 17.3406562805, 2.82916784286, 14.0329856873], [315.001556396, -166.677642822, -74.1733703613, -80.8472671509, -10.8665657043, 237.665267944, 63.7755317688, 1.79347920418, 50.0473899841, 46.1184120178, -5.07827568054, 19.516450882, -40.1797485352], [55.3725128174, 59.2746925354, 11.1254529953, -115.104606628, -76.6410369873, 63.7755317688, 178.206924438, 42.2417182922, 27.1417884827, 10.265666008, -22.2621116638, -0.199775278568, -29.4452667236], [188.15222168, -20.7322292328, -53.4106788635, -15.3207082748, -30.2096366882, 1.79347920418, 42.2417182922, 120.376304626, 38.1884269714, 2.8401901722, -4.48208904266, 3.0828576088, 0.994910776615], [103.162117004, -32.7273674011, -44.1611557007, -25.9419517517, 17.856086731, 50.0473899841, 27.1417884827, 38.1884269714, 102.503341675, 22.273065567, -17.7157974243, -7.51065635681, -24.026506424], [181.963821411, -49.6875457764, -45.0367698669, -10.7694368362, -7.84609270096, 46.1184120178, 10.265666008, 2.8401901722, 22.273065567, 105.109321594, 44.8916053772, 16.1230449677, -12.2320156097], [37.8016281128, 12.068862915, -19.6536006927, 12.8681793213, 17.3406562805, -5.07827568054, -22.2621116638, -4.48208904266, -17.7157974243, 44.8916053772, 112.329360962, 47.7168922424, 3.73491191864], [86.6427001953, -29.3600311279, -16.5356140137, 3.47390723228, 2.82916784286, 19.516450882, -0.199775278568, 3.0828576088, -7.51065635681, 16.1230449677, 47.7168922424, 102.507759094, 29.0656204224], [-9.26670455933, 27.7698402405, -5.69590234756, 40.2339439392, 14.0329856873, -40.1797485352, -29.4452667236, 0.994910776615, -24.026506424, -12.2320156097, 3.73491191864, 29.0656204224, 82.2034225464]],
        "icov": [[0.00114660733379, -0.000459593749838, 0.00139300106093, -0.000623582745902, 0.000949699024204, -0.00149294279981, 0.00070947338827, -0.00138314766809, 0.000422864890425, -0.00122940447181, 0.000708073261194, -0.000724369077943, 0.000229878365644], [-0.000459593749838, 0.00276634260081, -0.00136205088347, 0.00126323860604, -0.00117731792852, 0.00256851222366, -0.00198604445904, 0.00120654609054, -0.000633044226561, 0.00105141766835, -0.0016265984159, 0.00136570469476, -0.00140612490941], [0.00139300106093, -0.00136205088347, 0.00493855401874, -0.00214579096064, 0.00272954348475, -0.00161603977904, 0.000402704667067, -7.48547518015e-06, 0.000499466725159, -0.000532972684596, 0.00115831685252, -0.00126947707031, 0.0013609911548], [-0.000623582745902, 0.00126323860604, -0.00214579096064, 0.00500826956704, -0.00165896420367, 0.00193751824554, 0.00142104865517, -7.14783600415e-05, -8.01957139629e-05, 0.000122745143017, -0.000581618980505, 0.000754781824071, -0.00160249962937], [0.000949699024204, -0.00117731792852, 0.00272954348475, -0.00165896420367, 0.0081849200651, -0.00183956103865, 0.00298304948956, 0.0011808918789, -0.00274611450732, 0.000868141360115, -0.000817814085167, -0.000444770150352, -0.000215322099393], [-0.00149294279981, 0.00256851222366, -0.00161603977904, 0.00193751824554, -0.00183956103865, 0.0098014306277, -0.00370663893409, 0.00383328576572, -0.00265548448078, 6.06581452303e-05, -0.00034869092633, -0.000621104554739, 0.00110276706982], [0.00070947338827, -0.00198604445904, 0.000402704667067, 0.00142104865517, 0.00298304948956, -0.00370663893409, 0.0113338120282, -0.00417243735865, 0.000277600222034, -0.00168599537574, 0.00285851466469, -0.00208043912426, 0.00230855355039], [-0.00138314766809, 0.00120654609054, -7.48547518015e-06, -7.14783600415e-05, 0.0011808918789, 0.00383328576572, -0.00417243735865, 0.014101954177, -0.00607311120257, 0.00339285610244, -0.00267630559392, 0.00118051667232, -0.00208823592402], [0.000422864890425, -0.000633044226561, 0.000499466725159, -8.01957139629e-05, -0.00274611450732, -0.00265548448078, 0.000277600222034, -0.00607311120257, 0.0159240569919, -0.00453975237906, 0.00482321763411, -0.00114515714813, 0.00384369445965], [-0.00122940447181, 0.00105141766835, -0.000532972684596, 0.000122745143017, 0.000868141360115, 6.06581452303e-05, -0.00168599537574, 0.00339285610244, -0.00453975237906, 0.0160739980638, -0.00822095200419, 0.00228000828065, -0.000722018419765], [0.000708073261194, -0.0016265984159, 0.00115831685252, -0.000581618980505, -0.000817814085167, -0.00034869092633, 0.00285851466469, -0.00267630559392, 0.00482321763411, -0.00822095200419, 0.0170680936426, -0.00821027718484, 0.00433368887752], [-0.000724369077943, 0.00136570469476, -0.00126947707031, 0.000754781824071, -0.000444770150352, -0.000621104554739, -0.00208043912426, 0.00118051667232, -0.00114515714813, 0.00228000828065, -0.00821027718484, 0.0160659328103, -0.00729058682919], [0.000229878365644, -0.00140612490941, 0.0013609911548, -0.00160249962937, -0.000215322099393, 0.00110276706982, 0.00230855355039, -0.00208823592402, 0.00384369445965, -0.000722018419765, 0.00433368887752, -0.00729058682919, 0.0183693990111]]
    },
    "spectral_contrast_coeffs": {
        "max": [-0.47831171751, -0.419128596783, -0.472645461559, -0.556827306747, -0.59256875515, -0.547529280186],
        "mean": [-0.675730705261, -0.706685245037, -0.706361234188, -0.769714474678, -0.771778941154, -0.753824412823],
        "min": [-0.891719698906, -0.944657683372, -0.964706897736, -0.938653588295, -0.924877643585, -0.911977648735],
        "stdev": [0.0681035220623, 0.0892691984773, 0.0785281658173, 0.0501877516508, 0.0454470403492, 0.0489522218704]
    },
    "spectral_contrast_valleys": {
        "max": [-5.7978758812, -4.88974428177, -5.13265228271, -4.96616220474, -5.94271755219, -9.10390663147],
        "mean": [-7.00870895386, -6.48810338974, -7.27673578262, -7.71962499619, -7.7519659996, -10.3611688614],
        "min": [-19.2509746552, -18.4223384857, -17.7540531158, -18.4848365784, -17.7705059052, -19.2534637451],
        "stdev": [0.667462766171, 0.673344910145, 0.85193502903, 0.931998431683, 0.75290286541, 0.472046107054]
    }
},
"rhythm": {
    "beats_count": 68,
    "beats_loudness": {
        "max": 0.06904104352,
        "mean": 0.0263296496123,
        "min": 0.00691097183153,
        "stdev": 0.015343869105
    },
    "bpm": 111.080734253,
    "bpm_histogram_first_peak_bpm": 110,
    "bpm_histogram_first_peak_weight": 0.555555582047,
    "bpm_histogram_second_peak_bpm": 140,
    "bpm_histogram_second_peak_spread": 0.466666638851,
    "bpm_histogram_second_peak_weight": 0.119402982295,
    "danceability": 0.970179915428,
    "onset_rate": 1.94049215317,
    "beats_loudness_band_ratio": {
        "max": [0.5149564147, 0.913819909096, 0.699163496494, 0.676707744598, 0.335819780827, 0.337632626295],
        "mean": [0.127740710974, 0.32059404254, 0.3095087111, 0.20574246347, 0.0671336129308, 0.0411306321621],
        "min": [0.00397101789713, 0.013052473776, 0.00868833065033, 0.00101044645999, 0.00233478751034, 0.00317136081867],
        "stdev": [0.100360058248, 0.197370812297, 0.184075891972, 0.158897578716, 0.0796767622232, 0.0638728365302]
    },
    "beats_position": [0.429569154978, 0.870748281479, 1.31192743778, 1.75310659409, 2.18267560005, 2.62385487556, 3.06503391266, 3.50621318817, 3.95900225639, 4.40018129349, 4.82975053787, 5.25931978226, 5.6888885498, 6.11845779419, 6.54802703857, 6.97759628296, 7.40716552734, 7.81351470947, 8.2198638916, 8.62621307373, 9.0093421936, 9.39247131348, 9.76399040222, 10.1355104446, 10.5070295334, 10.8901586533, 11.261677742, 11.6331968307, 12.0047159195, 12.3762359619, 12.7477550507, 13.1076641083, 13.5952835083, 14.0829019547, 14.5705213547, 15.0697498322, 15.5689792633, 16.0565986633, 16.5442180634, 17.0434455872, 17.5310649872, 17.9838542938, 18.4366436005, 18.9010429382, 19.4234924316, 19.9459400177, 20.4683895111, 21.0140590668, 21.5597267151, 22.0937862396, 22.6394557953, 23.1967334747, 23.7540130615, 24.3112926483, 24.8685703278, 25.4142398834, 25.948299408, 26.4823570251, 27.0280265808, 27.5736961365, 28.1193637848, 28.6534233093, 29.1874828339, 29.7215423584, 30.2672100067, 30.7896595001, 31.3004989624, 31.8113365173],
