{
"metadata": {
    "version": {
        "essentia": "2.1-beta5",
        "essentia_git_sha": "Undefined",
        "extractor": "music 2.0"
    },
    "audio_properties": {
        "analysis": {
            "equal_loudness": 0,
            "length": 32.4963264465,
            "sample_rate": 44100,
            "start_time": 77.7520217896,
            "downmix": "mix"
        },
        "bit_rate": 192000,
        "length": 183.042907715,
        "lossless": 0,
        "number_channels": 2,
        "replay_gain": -1.54613113403,
        "sample_rate": 44100,
        "codec": "mp3",
        "md5_encoded": "0f566da5a40c44d068b09d06e8e5a168"
    },
    "tags": {
        "file_name": "Yugoslavia_Muzika I Ti_Tereza.mp3",
        "encoding": ["Lavf58.29.100"]
    }
},
"lowlevel": {
    "average_loudness": 0.948126375675,
    "barkbands_crest": {
        "max": 26.1363811493,
        "mean": 12.3175468445,
        "min": 3.00914788246,
        "stdev": 5.09507894516
    },
    "barkbands_flatness_db": {
        "max": 0.395234167576,
        "mean": 0.255383819342,
        "min": 0.0704288482666,
        "stdev": 0.0435042530298
    },
    "barkbands_kurtosis": {
        "max": 77.4605865479,
        "mean": 6.08669710159,
        "min": -1.79262161255,
        "stdev": 9.39854335785
    },
    "barkbands_skewness": {
        "max": 7.31070756912,
        "mean": 1.60745847225,
        "min": -1.03399956226,
        "stdev": 1.17724871635
    },
    "barkbands_spread": {
        "max": 29.1228218079,
        "mean": 8.28861999512,
        "min": 0.815895915031,
        "stdev": 5.19440984726
    },
    "dissonance": {
        "max": 0.500000059605,
        "mean": 0.420614391565,
        "min": 0.255295574665,
        "stdev": 0.0448183119297
    },
    "dynamic_complexity": 2.99792432785,
    "erbbands_crest": {
        "max": 30.3446521759,
        "mean": 13.2578840256,
        "min": 3.42635774612,
        "stdev": 5.61883592606
    },
    "erbbands_flatness_db": {
        "max": 0.40155094862,
        "mean": 0.292345076799,
        "min": 0.147687152028,
        "stdev": 0.035389598459
    },
    "erbbands_kurtosis": {
        "max": 28.9890956879,
        "mean": 1.7953697443,
        "min": -1.85346710682,
        "stdev": 3.96373176575
    },
    "erbbands_skewness": {
        "max": 4.60579872131,
        "mean": 0.909727036953,
        "min": -1.6417940855,
        "stdev": 0.941268205643
    },
    "erbbands_spread": {
        "max": 44.716003418,
        "mean": 18.0154876709,
        "min": 2.4302611351,
        "stdev": 8.00601196289
    },
    "hfc": {
        "max": 68.295501709,
        "mean": 14.2063426971,
        "min": 0.337727874517,
        "stdev": 11.1628456116
    },
    "loudness_ebu128": {
        "integrated": -22.993686676,
        "loudness_range": 4.40114784241,
        "momentary": {
            "max": -18.3803405762,
            "mean": -23.8950119019,
            "min": -33.6740722656,
            "stdev": 3.03048014641
        },
        "short_term": {
            "max": -21.2424526215,
            "mean": -23.4329891205,
            "min": -26.720495224,
            "stdev": 1.55768883228
        }
    },
    "melbands_crest": {
        "max": 32.0908279419,
        "mean": 15.4611644745,
        "min": 4.16279172897,
        "stdev": 5.90507125854
    },
    "melbands_flatness_db": {
        "max": 0.434592604637,
        "mean": 0.297890305519,
        "min": 0.130372181535,
        "stdev": 0.0494474209845
    },
    "melbands_kurtosis": {
        "max": 91.9574203491,
        "mean": 8.85607147217,
        "min": -1.39289832115,
        "stdev": 11.7041597366
    },
    "melbands_skewness": {
        "max": 8.25905323029,
        "mean": 1.90338599682,
        "min": -0.670032501221,
        "stdev": 1.23185503483
    },
    "melbands_spread": {
        "max": 48.8971633911,
        "mean": 11.4815349579,
        "min": 1.01631081104,
        "stdev": 8.04154396057
    },
    "pitch_salience": {
        "max": 0.831209719181,
        "mean": 0.528565227985,
        "min": 0.110308364034,
        "stdev": 0.126687705517
    },
    "silence_rate_20dB": {
        "max": 1,
        "mean": 1,
        "min": 1,
        "stdev": 0
    },
    "silence_rate_30dB": {
        "max": 1,
        "mean": 1,
        "min": 1,
        "stdev": 0
    },
    "silence_rate_60dB": {
        "max": 1,
        "mean": 0.0221270527691,
        "min": 0,
        "stdev": 0.147097989917
    },
    "spectral_centroid": {
        "max": 2133.14868164,
        "mean": 710.016174316,
        "min": 260.54196167,
        "stdev": 329.338317871
    },
    "spectral_complexity": {
        "max": 42,
        "mean": 14.3447542191,
        "min": 0,
        "stdev": 6.22594165802
    },
    "spectral_decrease": {
        "max": -6.79937148251e-11,
        "mean": -6.1154104003e-09,
        "min": -2.74495768338e-08,
        "stdev": 4.36629887801e-09
    },
    "spectral_energy": {
        "max": 0.109795615077,
        "mean": 0.0243695117533,
        "min": 0.000287256378215,
        "stdev": 0.0173321571201
    },
    "spectral_energyband_high": {
        "max": 0.000226719115744,
        "mean": 1.75912755367e-05,
        "min": 2.88754677058e-06,
        "stdev": 2.58692180068e-05
    },
    "spectral_energyband_low": {
        "max": 0.00659768935293,
        "mean": 0.000744234246667,
        "min": 3.39409052685e-06,
        "stdev": 0.0008065138245
    },
    "spectral_energyband_middle_high": {
        "max": 0.0335234701633,
        "mean": 0.00393686955795,
        "min": 9.80617915047e-05,
        "stdev": 0.00462319795042
    },
    "spectral_energyband_middle_low": {
        "max": 0.104131065309,
        "mean": 0.0199419204146,
        "min": 0.000171564650373,
        "stdev": 0.0162577405572
    },
    "spectral_entropy": {
        "max": 8.23637485504,
        "mean": 6.57574272156,
        "min": 5.40195465088,
        "stdev": 0.410025656223
    },
    "spectral_flux": {
        "max": 0.270402193069,
        "mean": 0.0783303156495,
        "min": 0.0149226142094,
        "stdev": 0.0425598621368
    },
    "spectral_kurtosis": {
        "max": 62.8077545166,
        "mean": 17.358631134,
        "min": 0.891525030136,
        "stdev": 9.80716705322
    },
    "spectral_rms": {
        "max": 0.0103497672826,
        "mean": 0.0045552989468,
        "min": 0.000529386568815,
        "stdev": 0.00173908285797
    },
    "spectral_rolloff": {
        "max": 2906.98242188,
        "mean": 877.667175293,
        "min": 236.865234375,
        "stdev": 535.653442383
    },
    "spectral_skewness": {
        "max": 6.21360731125,
        "mean": 2.73476409912,
        "min": 0.229612901807,
        "stdev": 0.930535078049
    },
    "spectral_spread": {
        "max": 16995810,
        "mean": 1946903.75,
        "min": 1120180.375,
        "stdev": 537599
    },
    "spectral_strongpeak": {
        "max": 8.41269493103,
        "mean": 1.5032954216,
        "min": 0.0303249750286,
        "stdev": 1.12825024128
    },
    "zerocrossingrate": {
        "max": 0.08056640625,
        "mean": 0.0317630246282,
        "min": 0.01025390625,
        "stdev": 0.0126028647646
    },
    "barkbands": {
        "max": [0.00010374696285, 0.00355320121162, 0.00367434136569, 0.00559603702277, 0.0608878880739, 0.0672624856234, 0.053125385195, 0.0804030448198, 0.0865432322025, 0.0232881978154, 0.0174799524248, 0.0152799207717, 0.00643540779129, 0.0109015991911, 0.014340993017, 0.0115813398734, 0.00672832597047, 0.00556683773175, 0.00137296773028, 0.000432996253949, 7.31383697712e-05, 1.55156194523e-05, 7.16995054972e-06, 2.65398466581e-06, 7.61145543038e-07, 5.83550786359e-07, 6.18449064405e-07],
        "mean": [4.03786361858e-06, 0.00034327126923, 0.000301082181977, 0.000434158311691, 0.00423058215529, 0.00638331333175, 0.0032501691021, 0.00337532511912, 0.00193696166389, 0.000970198307186, 0.000522125163116, 0.000675104907714, 0.000322058913298, 0.000300278887153, 0.000311651936499, 0.000405850500101, 0.000318414677167, 0.000204982905416, 5.12764927407e-05, 2.14098381548e-05, 4.36394793724e-06, 1.22169660699e-06, 7.53723327307e-07, 7.5720561199e-07, 1.90904117403e-07, 1.68406588674e-09, 1.8176978811e-09],
        "min": [4.00338295847e-09, 3.42028613431e-07, 2.75543868611e-07, 6.66898756663e-07, 4.85729333377e-06, 2.58205836872e-05, 1.85989720194e-05, 9.23463448999e-06, 6.72825763104e-06, 3.28437727148e-06, 2.36784717345e-06, 4.45017531092e-06, 2.45187743531e-06, 1.40797453696e-06, 1.70532564425e-06, 9.26269080992e-07, 9.84895109468e-07, 3.9395240492e-07, 5.29595979515e-07, 3.45578285987e-07, 3.35936363172e-07, 3.78367303711e-07, 2.63762075292e-07, 3.43012999338e-07, 4.72545984564e-08, 7.42405165122e-11, 1.03261538209e-10],
        "stdev": [7.12445398676e-06, 0.000413044152083, 0.000433790934039, 0.000685689912643, 0.00660216389224, 0.00969401095062, 0.00592988170683, 0.00802727323025, 0.00547246076167, 0.00184527109377, 0.00135337049142, 0.00133634370286, 0.000652892689686, 0.000743124866858, 0.000931316462811, 0.000958661315963, 0.00073121272726, 0.000493781233672, 0.000103938436951, 4.18020390498e-05, 7.05235515852e-06, 1.2704498431e-06, 3.36509600629e-07, 2.10093986652e-07, 6.8521487151e-08, 2.21053184646e-08, 2.34166144253e-08]
    },
    "erbbands": {
        "max": [0.0230876617134, 1.07437157631, 4.88358402252, 9.42396450043, 91.3343963623, 278.256530762, 433.810028076, 841.592285156, 978.392089844, 1197.96264648, 2027.09020996, 1631.19470215, 525.494689941, 770.275512695, 820.884277344, 714.440063477, 347.924835205, 458.535736084, 1095.83410645, 921.158081055, 679.028564453, 320.218994141, 399.471496582, 132.740447998, 28.002664566, 16.4659614563, 5.055996418, 1.93874633312, 0.582903325558, 0.629752218723, 0.156562328339, 0.0674681961536, 0.0395554788411, 0.0105002876371, 0.0044020684436, 0.00234241131693, 0.00108495296445, 0.000385887309676, 9.36871219892e-05, 0.000125339152873],
        "mean": [0.00231771962717, 0.102349899709, 0.406829982996, 0.741047799587, 3.85147953033, 15.9700994492, 31.8491611481, 61.5621643066, 59.044254303, 55.7872123718, 61.9450836182, 49.0211753845, 29.7875156403, 27.9896030426, 23.5792980194, 29.9213027954, 16.3408718109, 16.8044757843, 16.9870567322, 17.187292099, 21.2066040039, 16.5796527863, 13.3449487686, 4.71641874313, 1.75367581844, 1.05065643787, 0.372184157372, 0.105829559267, 0.0499814525247, 0.0286587905139, 0.0208268184215, 0.0177869033068, 0.0106981405988, 0.00436290726066, 0.000223439070396, 2.66528986685e-05, 1.1946608538e-05, 3.26452186528e-06, 1.23527752294e-05, 2.78707811958e-05],
        "min": [1.40737747643e-05, 0.000213906212593, 0.00144260749221, 0.00362628954463, 0.0167543627322, 0.0142182586715, 0.053376801312, 0.336717545986, 0.386030554771, 0.550180971622, 0.584337770939, 0.401376336813, 0.111174374819, 0.197827965021, 0.194096028805, 0.212057232857, 0.184892252088, 0.129047885537, 0.171061098576, 0.206220909953, 0.108669787645, 0.0608677938581, 0.0257631130517, 0.0308888610452, 0.0215518549085, 0.0172199551016, 0.0200103018433, 0.0115503780544, 0.0127292154357, 0.00932813249528, 0.00719453208148, 0.0071180164814, 0.00401479657739, 0.00163424026687, 7.53442000132e-05, 5.34115997652e-06, 1.00329521047e-06, 2.2993209825e-07, 5.53594702524e-07, 1.16492265079e-06],
        "stdev": [0.00240689190105, 0.124494582415, 0.565192162991, 0.978401243687, 5.78743648529, 26.1884593964, 55.2722206116, 108.156982422, 102.562919617, 115.331428528, 162.574859619, 120.170143127, 54.4468765259, 60.2861289978, 52.7168617249, 59.9458847046, 28.2708110809, 34.0333213806, 49.0346717834, 50.8938789368, 51.14503479, 36.8849906921, 31.5863895416, 10.3002300262, 3.20671367645, 2.04987406731, 0.592109084129, 0.161279663444, 0.0532508082688, 0.0256707351655, 0.007543573156, 0.00560492323712, 0.00303990999237, 0.0012139066821, 0.000170970961335, 8.84072942426e-05, 4.11752262153e-05, 1.46288430187e-05, 9.05739943846e-06, 1.96946402866e-05]
    },
    "gfcc": {
        "mean": [-96.2108306885, 183.399261475, -161.236541748, 2.47998380661, -64.034828186, -16.1898174286, -41.455696106, -12.8121700287, -2.94412016869, -24.1745128632, 10.0149097443, -18.9653186798, 7.99817562103],
        "cov": [[1290.87634277, 48.9437713623, -646.075195312, -155.287338257, 328.588928223, -437.258361816, 104.415779114, 90.2274627686, -126.061782837, -19.8609580994, 2.00158786774, -24.9684238434, -69.1567382812], [48.9437713623, 154.559906006, 156.755340576, 22.3999481201, 24.5928115845, 54.8067512512, 24.1235466003, -1.45642626286, 21.5971679688, -12.9605302811, 2.4449660778, -9.48737621307, -8.06825351715], [-646.075195312, 156.755340576, 736.321044922, 135.696228027, -197.326873779, 244.408050537, -48.541885376, -63.420715332, 99.3947067261, -2.07711482048, 9.27631759644, 28.9123573303, 24.6975536346], [-155.287338257, 22.3999481201, 135.696228027, 253.9765625, 51.6509895325, 87.8045272827, -10.498998642, 12.7509002686, 39.0084838867, 2.0992333889, -26.5030555725, 0.191322699189, 9.39398479462], [328.588928223, 24.5928115845, -197.326873779, 51.6509895325, 225.344650269, -39.9192886353, 8.96493911743, 42.2141265869, 5.46907758713, 11.0639429092, -2.29682779312, 7.21702241898, -6.03316402435], [-437.258361816, 54.8067512512, 244.408050537, 87.8045272827, -39.9192886353, 323.109100342, 33.9625968933, -19.213640213, 61.7266616821, 26.1137809753, -9.4745426178, -13.6821479797, 27.7102336884], [104.415779114, 24.1235466003, -48.541885376, -10.498998642, 8.96493911743, 33.9625968933, 131.35218811, 57.9443511963, -23.3188247681, 2.34951758385, -8.03135204315, -35.8688201904, -24.4270172119], [90.2274627686, -1.45642626286, -63.420715332, 12.7509002686, 42.2141265869, -19.213640213, 57.9443511963, 104.244667053, 27.8070011139, -11.3798418045, -10.1612844467, -4.78534460068, -21.8443126678], [-126.061782837, 21.5971679688, 99.3947067261, 39.0084838867, 5.46907758713, 61.7266616821, -23.3188247681, 27.8070011139, 99.8882141113, 33.422088623, -4.1995844841, 13.4783258438, 18.9478244781], [-19.8609580994, -12.9605302811, -2.07711482048, 2.0992333889, 11.0639429092, 26.1137809753, 2.34951758385, -11.3798418045, 33.422088623, 81.015007019, 38.0729255676, 2.26890277863, 11.2040719986], [2.00158786774, 2.4449660778, 9.27631759644, -26.5030555725, -2.29682779312, -9.4745426178, -8.03135204315, -10.1612844467, -4.1995844841, 38.0729255676, 95.2965393066, 50.8487014771, -4.27978086472], [-24.9684238434, -9.48737621307, 28.9123573303, 0.191322699189, 7.21702241898, -13.6821479797, -35.8688201904, -4.78534460068, 13.4783258438, 2.26890277863, 50.8487014771, 86.7296829224, 30.4565315247], [-69.1567382812, -8.06825351715, 24.6975536346, 9.39398479462, -6.03316402435, 27.7102336884, -24.4270172119, -21.8443126678, 18.9478244781, 11.2040719986, -4.27978086472, 30.4565315247, 74.8115158081]],
        "icov": [[0.00974715221673, -0.00931019242853, 0.00338324904442, 0.00250533153303, -0.00858550146222, 0.0109806852415, -0.00754100969061, 0.00214882567525, 0.00332248862833, -0.00483146263286, 0.0051164845936, -0.00390108674765, 0.00174332177266], [-0.00931019242853, 0.0278976857662, -0.0100155575201, 0.000261688837782, -0.00240070186555, -0.00747070228681, -0.00381610612385, 0.00825566332787, -0.0148086575791, 0.0199695974588, -0.0163717698306, 0.0146449003369, -0.00472481548786], [0.00338324904442, -0.0100155575201, 0.00749678583816, -0.00210191914812, 0.00377897010185, 0.00167323404457, -0.00021894540987, 0.00107963825576, -0.000308173533995, -0.00329336454161, 0.00373953557573, -0.00577483931556, 0.00290133152157], [0.00250533153303, 0.000261688837782, -0.00210191914812, 0.00715757859871, -0.0064582163468, 0.00203831493855, -0.00132578040939, -0.00108275096864, 0.00226763868704, -0.00186023220886, 0.00306408549659, -0.000481159368064, 0.000189903192222], [-0.00858550146222, -0.00240070186555, 0.00377897010185, -0.0064582163468, 0.021351730451, -0.0117579773068, 0.0128790466115, -0.00817411765456, 0.00186381721869, -0.00478232931346, 0.00224802852608, -0.00477321818471, 0.0015794208739], [0.0109806852415, -0.00747070228681, 0.00167323404457, 0.00203831493855, -0.0117579773068, 0.0189084336162, -0.0153137305751, 0.00887326616794, -0.00360418553464, -0.000671417801641, 0.00197625765577, -0.000509359058924, -0.000490669859573], [-0.00754100969061, -0.00381610612385, -0.00021894540987, -0.00132578040939, 0.0128790466115, -0.0153137305751, 0.0337841212749, -0.0273602064699, 0.021849853918, -0.0157529227436, 0.00574931688607, 0.00022327809711, -0.00032769140671], [0.00214882567525, 0.00825566332787, 0.00107963825576, -0.00108275096864, -0.00817411765456, 0.00887326616794, -0.0273602064699, 0.039890948683, -0.0319790020585, 0.0241418275982, -0.0107037192211, 0.00336460536346, 0.00392652768642], [0.00332248862833, -0.0148086575791, -0.000308173533995, 0.00226763868704, 0.00186381721869, -0.00360418553464, 0.021849853918, -0.0319790020585, 0.0479946546257, -0.0366658419371, 0.0239462852478, -0.015049861744, 0.00140553608071], [-0.00483146263286, 0.0199695974588, -0.00329336454161, -0.00186023220886, -0.00478232931346, -0.000671417801641, -0.0157529227436, 0.0241418275982, -0.0366658419371, 0.0520939007401, -0.0366103500128, 0.0265396926552, -0.0106373364106], [0.0051164845936, -0.0163717698306, 0.00373953557573, 0.00306408549659, 0.00224802852608, 0.00197625765577, 0.00574931688607, -0.0107037192211, 0.0239462852478, -0.0366103500128, 0.0458829477429, -0.0348662883043, 0.0157831329852], [-0.00390108674765, 0.0146449003369, -0.00577483931556, -0.000481159368064, -0.00477321818471, -0.000509359058924, 0.00022327809711, 0.00336460536346, -0.015049861744, 0.0265396926552, -0.0348662883043, 0.04328090325, -0.0189785175025], [0.00174332177266, -0.00472481548786, 0.00290133152157, 0.000189903192222, 0.0015794208739, -0.000490669859573, -0.00032769140671, 0.00392652768642, 0.00140553608071, -0.0106373364106, 0.0157831329852, -0.0189785175025, 0.0247022490948]]
    },
    "melbands": {
        "max": [0.000531312951352, 0.00198407564312, 0.00291922548786, 0.0113651594147, 0.0162424519658, 0.0163823347539, 0.0125082321465, 0.0154492333531, 0.0189433433115, 0.00889071449637, 0.00271371146664, 0.00313255493529, 0.00257539493032, 0.00165369501337, 0.00095946714282, 0.000737675873097, 0.000942145241424, 0.00198407890275, 0.00100058561657, 0.0012040376896, 0.00101873697713, 0.000406974024372, 0.000484838674311, 0.000266450515483, 0.000117051546113, 2.31709891523e-05, 2.65526341536e-05, 1.21487164506e-05, 4.39929272034e-06, 1.94047038349e-06, 1.01930265828e-06, 4.09547624258e-07, 2.98590379089e-07, 3.39346030387e-07, 9.05563126707e-08, 4.42509460186e-08, 4.54169395425e-08, 3.05606278062e-08, 1.55501247434e-08, 8.33588043037e-09],
        "mean": [5.58509600523e-05, 0.000185666533071, 0.000218722008867, 0.000656625779811, 0.00111065385863, 0.00136016786564, 0.000841418746859, 0.000660237157717, 0.000474060681881, 0.000293879507808, 0.000142093776958, 0.000114330199722, 7.25596983102e-05, 7.55885776016e-05, 5.39467037015e-05, 3.29269460053e-05, 3.14948774758e-05, 2.66529277724e-05, 2.1374948119e-05, 2.86820995825e-05, 2.41932029894e-05, 1.73459357029e-05, 1.66011013789e-05, 8.03404145699e-06, 3.42444013768e-06, 1.28537942601e-06, 9.56976350608e-07, 6.52650498978e-07, 2.77363085388e-07, 1.05940664241e-07, 4.41349818914e-08, 2.94218569508e-08, 1.88872135709e-08, 1.48507659503e-08, 1.22084955478e-08, 1.09603943699e-08, 1.07128910187e-08, 7.76366970712e-09, 6.01091842967e-09, 2.78794276554e-09],
        "min": [8.70908962725e-08, 4.37785189433e-07, 1.06284892354e-06, 1.20033962503e-06, 1.52627569605e-06, 7.33316164769e-06, 5.66445442018e-06, 2.51941105489e-06, 2.43637850872e-06, 1.50356368067e-06, 3.74420920934e-07, 5.76207867198e-07, 5.5990153669e-07, 4.98884162425e-07, 3.18756463003e-07, 2.006222104e-07, 1.59069543315e-07, 2.25579356083e-07, 1.39618776984e-07, 1.81062333127e-07, 8.25224546475e-08, 4.90179807855e-08, 2.65799968702e-08, 2.34355059803e-08, 1.68790350585e-08, 1.37766855701e-08, 9.54007628451e-09, 8.10135247775e-09, 1.06646798059e-08, 7.51475592864e-09, 4.7010533244e-09, 4.73293626513e-09, 5.40163247464e-09, 3.5458733727e-09, 2.52690135483e-09, 1.87273374586e-09, 2.5517037372e-09, 2.35304797869e-09, 1.77403025603e-09, 6.71565802968e-10],
        "stdev": [6.39612262603e-05, 0.000234940365772, 0.000290795986075, 0.000980306882411, 0.00180539372377, 0.00221153534949, 0.00138283870183, 0.00144214159809, 0.00135683408007, 0.00073980394518, 0.000276698090602, 0.000254623737419, 0.00018013578665, 0.000144017845741, 9.96948147076e-05, 7.50485633034e-05, 6.83334365021e-05, 8.5777748609e-05, 6.8948524131e-05, 7.0567955845e-05, 7.12347828085e-05, 4.27171762567e-05, 4.14113565057e-05, 2.07076373044e-05, 8.14984923636e-06, 2.41109387389e-06, 2.01810348699e-06, 1.32917807605e-06, 4.70456029689e-07, 1.79957794444e-07, 6.98520636888e-08, 3.38881775974e-08, 1.84372836998e-08, 1.30519408614e-08, 4.76726791376e-09, 4.15261913744e-09, 3.88617182878e-09, 2.63333754802e-09, 1.85198145708e-09, 9.98630400595e-10]
    },
    "melbands128": {
        "max": [5.09580022481e-05, 4.89465564897e-05, 0.000501352013089, 0.00241076480597, 0.00311640789732, 0.00138012366369, 0.00145949923899, 0.00350762787275, 0.0108203161508, 0.0134928058833, 0.0215904340148, 0.0286284461617, 0.0191516149789, 0.0208302494138, 0.0243787672371, 0.0248798113316, 0.0290615335107, 0.0181187484413, 0.0187905021012, 0.0222230702639, 0.0317845903337, 0.0251416172832, 0.0310283228755, 0.0353039242327, 0.0119702769443, 0.013163395226, 0.00593787059188, 0.00532675115392, 0.00529418699443, 0.00525532569736, 0.00660140626132, 0.00359226204455, 0.00408648885787, 0.00444438727573, 0.00328419427387, 0.00239948322996, 0.00386138190515, 0.00171870086342, 0.000662980368361, 0.00170563685242, 0.00134001998231, 0.00196252134629, 0.00113595963921, 0.00269556092098, 0.00253208214417, 0.0043028248474, 0.00235358159989, 0.00154272746295, 0.00250846613199, 0.00323831383139, 0.00141216081101, 0.00176547968294, 0.00171287055127, 0.00181790930219, 0.000825049297418, 0.00085402285913, 0.00056952360319, 0.000793445389718, 0.000712331500836, 0.00106200797018, 0.000381565449061, 0.0002098724799, 0.000164698096341, 0.000127163628349, 5.08788980369e-05, 3.30942129949e-05, 3.07269110635e-05, 3.74835035473e-05, 4.01808320021e-05, 2.26405609283e-05, 2.87847142317e-05, 1.58014245244e-05, 9.01390558283e-06, 4.96764369018e-06, 3.55696397492e-06, 3.07565869662e-06, 2.24656218961e-06, 9.22152196381e-07, 1.28187139126e-06, 1.04354626274e-06, 5.00455655583e-07, 4.81849610878e-07, 3.25585119754e-07, 3.0249395877e-07, 5.15596923378e-07, 5.36670825113e-07, 2.40031567955e-07, 1.15143009793e-07, 4.80670081515e-08, 1.27836159436e-07, 6.54360192698e-08, 4.67785277181e-08, 4.63043399179e-08, 5.84835433415e-08, 6.71884166081e-08, 6.39851194251e-08, 3.93488868156e-08, 2.50408085378e-08, 2.74021232372e-08, 1.88887518959e-08, 1.65358180482e-08, 1.30821362632e-08, 5.3615969442e-09, 5.03660180229e-09, 4.78593831232e-09, 4.56692639261e-09, 4.37817160304e-09, 4.17787582307e-09, 4.00964772496e-09, 3.85829723726e-09, 3.69491148788e-09, 3.55661433638e-09, 3.41979644602e-09, 3.30162563955e-09, 3.19612780686e-09, 3.09119618791e-09, 2.98657321096e-09, 2.88951640393e-09, 2.81238166089e-09, 2.73648614879e-09, 2.67709210355e-09, 2.61202437457e-09, 2.56200860527e-09, 2.52446707982e-09, 2.46851694641e-09, 2.4497970319e-09, 2.43737963146e-09, 2.42042075271e-09],
        "mean": [1.52328823333e-06, 2.79090249933e-06, 4.18549061578e-05, 0.000221808935748, 0.000251588498941, 0.000115223199828, 8.95075645531e-05, 0.000285710470052, 0.000347945373505, 0.000506183539983, 0.000917596684303, 0.0013298324775, 0.00111034454312, 0.000867019058205, 0.00142664962914, 0.00165526859928, 0.00129592500161, 0.000578345323447, 0.000451755186077, 0.000565417052712, 0.000893423741218, 0.000596640806179, 0.000430012441939, 0.000317787518725, 0.000322182691889, 0.000325441884343, 0.000119301599625, 0.000151388783706, 0.000105493309093, 0.00014803391241, 0.000111730019853, 5.97333892074e-05, 6.28419729765e-05, 9.88887404674e-05, 5.2336105e-05, 6.31196016911e-05, 0.000128969710204, 3.57268218067e-05, 2.99059629469e-05, 3.23619678966e-05, 4.09706372011e-05, 2.18889290409e-05, 2.90098378173e-05, 4.28889215982e-05, 1.87847053894e-05, 2.59933258349e-05, 3.34901778842e-05, 1.83311913133e-05, 1.7576630853e-05, 2.11139686144e-05, 3.45921798726e-05, 3.44401159964e-05, 1.67503239936e-05, 2.65905346168e-05, 2.33155224123e-05, 1.48204053403e-05, 1.22576884678e-05, 2.07340635825e-05, 1.60260533448e-05, 1.30157231979e-05, 7.32783337298e-06, 5.01112481288e-06, 4.71080875286e-06, 2.8650265449e-06, 1.40616873523e-06, 1.13114651867e-06, 1.29052205011e-06, 1.23283962239e-06, 7.80517723342e-07, 7.63856121466e-07, 6.35369588053e-07, 7.09185371761e-07, 3.69085341845e-07, 1.89821250274e-07, 1.51829937067e-07, 1.34147981612e-07, 7.00087170458e-08, 5.12727886814e-08, 4.33009006429e-08, 3.41668169312e-08, 3.09770165074e-08, 2.81349485931e-08, 2.32639738584e-08, 1.80817707474e-08, 1.51840975349e-08, 1.39890694584e-08, 1.7084520465e-08, 1.18575025354e-08, 1.34736559687e-08, 1.02127843959e-08, 1.03091331027e-08, 1.12509868089e-08, 1.22398562397e-08, 1.11495381816e-08, 9.23116338925e-09, 9.01738772541e-09, 7.16326020722e-09, 6.61844534733e-09, 6.58753807059e-09, 5.4604392119e-09, 4.4499754992e-09, 2.73900591097e-09, 8.29148277814e-11, 1.43099880903e-11, 1.35725111705e-11, 1.29954441305e-11, 1.24300474427e-11, 1.19801312967e-11, 1.15340697063e-11, 1.10704865414e-11, 1.06486555684e-11, 1.0246218804e-11, 9.89352350045e-12, 9.5638288955e-12, 9.27393144917e-12, 8.98076665118e-12, 8.69683665361e-12, 8.41629023418e-12, 8.20693166204e-12, 8.02166926633e-12, 7.86878288223e-12, 7.7298315318e-12, 7.56438574973e-12, 7.42390784264e-12, 7.31813915023e-12, 7.27469039868e-12, 7.24550324252e-12, 7.18722997783e-12],
        "min": [6.37284461313e-11, 7.48782991167e-09, 2.30753993691e-08, 1.69901994695e-07, 1.06445867232e-07, 1.35644114607e-07, 3.12097114374e-07, 4.49463755103e-07, 1.1731625591e-06, 1.46446768667e-06, 5.9305779132e-07, 2.57140470694e-07, 9.67444975686e-07, 1.05757749225e-06, 1.3128341152e-06, 4.2062411012e-06, 6.8927056418e-07, 5.24591598605e-07, 9.76415435616e-07, 6.60630234961e-07, 2.44966884111e-07, 8.1903112914e-07, 4.1589910893e-07, 4.44425467094e-07, 1.68364721276e-07, 2.56124565112e-07, 5.42577424767e-07, 1.56881270641e-07, 1.36861643796e-07, 1.62723353014e-07, 3.60815903377e-07, 5.4687923523e-08, 1.08686272426e-07, 3.40107533248e-08, 1.05568325637e-07, 8.32477979884e-08, 1.73764931333e-07, 5.02700636673e-08, 6.19965092596e-08, 2.26850275453e-07, 3.9781355099e-08, 3.44296289256e-08, 3.95133419318e-08, 7.86406033626e-08, 2.6422117827e-08, 6.47049702707e-08, 6.05948926591e-08, 1.13534213142e-08, 4.27255066882e-08, 5.63045041702e-08, 1.8044687522e-08, 3.85212857168e-08, 1.7715629852e-08, 1.07176587605e-08, 1.83269364129e-08, 2.16280540144e-08, 6.30680574432e-09, 9.60131352201e-09, 1.34486635162e-08, 1.38762352719e-08, 8.03843303032e-09, 8.02505084607e-09, 7.07129688138e-09, 9.47184730649e-09, 3.47576056825e-09, 1.88535453916e-09, 7.5428472357e-09, 2.68260036407e-09, 6.65362875907e-10, 9.32059984748e-10, 3.27629257058e-09, 2.97000712912e-09, 5.17826981294e-09, 2.69397903985e-09, 1.41203626569e-09, 3.62770036233e-09, 1.87762072557e-09, 9.20256426618e-10, 1.14343901014e-09, 1.9878005908e-09, 2.02969641094e-09, 1.19069221149e-09, 1.25989740862e-09, 7.60197294003e-10, 5.00130103998e-10, 3.68974906184e-10, 4.13766965135e-10, 3.50250051184e-10, 4.05118466551e-10, 6.0175704697e-11, 2.53863929878e-10, 2.67377675556e-10, 5.39961519941e-10, 3.87556431392e-10, 2.91921736784e-10, 3.67467223317e-10, 1.56402890639e-10, 3.650455771e-10, 1.11295049565e-10, 1.24796853407e-10, 3.52670836978e-10, 3.54702140055e-12, 6.81952595522e-13, 2.43435832473e-13, 2.47962620489e-13, 3.75563566791e-13, 2.17830866734e-13, 3.10279037706e-13, 3.34543780482e-13, 2.86092574327e-13, 2.61257622524e-13, 3.22278770511e-13, 3.69160702441e-13, 3.86686776349e-13, 3.01840556672e-13, 3.04008554441e-13, 2.35612581962e-13, 3.32036210592e-13, 3.37513871018e-13, 3.37740360852e-13, 3.30498025865e-13, 3.44770761419e-13, 3.6948981201e-13, 2.65710196901e-13, 3.40773443535e-13, 3.78331941513e-13, 3.97644780601e-13, 3.93355459967e-13],
        "stdev": [2.48096284849e-06, 3.5386935906e-06, 4.93674924655e-05, 0.000276464910712, 0.000365513464203, 0.000160125593538, 0.000140076954267, 0.00045858087833, 0.000642706581857, 0.00112045148853, 0.00171229185071, 0.00278081442229, 0.00248797959648, 0.00205296603963, 0.00329517945647, 0.00321650551632, 0.00298043945804, 0.00126381579321, 0.00124815059826, 0.00160975579638, 0.00248852791265, 0.00203175237402, 0.00186443340499, 0.00178223045077, 0.000919624173548, 0.0010498148622, 0.000412341149058, 0.000386889092624, 0.000328613154124, 0.000390028086258, 0.000361200538464, 0.000227824697504, 0.000251021439908, 0.000273861194728, 0.000200904847588, 0.000147189450217, 0.000325917615555, 0.000104022888991, 6.86239873176e-05, 0.000100346915133, 0.000118097719678, 0.000113040608994, 6.97203286109e-05, 0.000121977442177, 0.000100886973087, 0.000140551812365, 0.000113879199489, 8.17688778625e-05, 0.000104223392555, 0.000129290085169, 8.2108846982e-05, 9.3114838819e-05, 7.54190405132e-05, 0.00012134067947, 7.32996413717e-05, 5.28134187334e-05, 4.16609436797e-05, 6.44330866635e-05, 5.03101255163e-05, 4.97554865433e-05, 2.36642536038e-05, 1.66818990692e-05, 1.19541546155e-05, 7.66209632275e-06, 3.82663029086e-06, 2.40481244873e-06, 2.79598316411e-06, 2.90944035441e-06, 2.36212349591e-06, 2.04960565497e-06, 1.83930001185e-06, 1.50356004269e-06, 7.95435369128e-07, 3.87386023704e-07, 2.974855704e-07, 2.64717357368e-07, 1.33449859163e-07, 8.89161384521e-08, 8.187007694e-08, 5.4077741396e-08, 4.29501092469e-08, 3.39199495158e-08, 2.2506046804e-08, 2.10931023759e-08, 2.15010196314e-08, 1.92725018167e-08, 1.24864900641e-08, 7.51244755293e-09, 7.00399693798e-09, 6.73916566996e-09, 6.21925178024e-09, 6.14139095134e-09, 6.42713882115e-09, 6.14022477308e-09, 5.2170703313e-09, 4.84964512992e-09, 4.08782652173e-09, 3.38477312845e-09, 3.4205753785e-09, 2.95014701557e-09, 2.17389461987e-09, 1.93010363247e-09, 2.33799174465e-10, 1.90793811305e-10, 1.81317419412e-10, 1.73030173523e-10, 1.65791574913e-10, 1.58277974061e-10, 1.51861884179e-10, 1.4608277088e-10, 1.39983608038e-10, 1.3468251514e-10, 1.29534910576e-10, 1.25058324807e-10, 1.21011492493e-10, 1.17003698397e-10, 1.13091591647e-10, 1.09439964036e-10, 1.06489005114e-10, 1.03635454385e-10, 1.01347756576e-10, 9.89325912859e-11, 9.70198157924e-11, 9.55626897059e-11, 9.34639518557e-11, 9.2757461434e-11, 9.22839166195e-11, 9.16518250182e-11]
    },
    "mfcc": {
        "mean": [-721.248718262, 201.451568604, -29.2735996246, 5.3623752594, -2.01513147354, -16.9352703094, -16.4842643738, -7.15124845505, -10.227807045, -5.4146900177, -10.16056633, 2.3423705101, -1.21202683449],
        "cov": [[1482.35839844, 140.549316406, -1042.54089355, 239.720962524, -50.4993209839, -310.721588135, 118.138496399, -37.5095748901, -40.8833961487, -6.93901443481, 2.8172955513, -28.8305644989, -80.7425994873], [140.549316406, 188.854248047, 35.1022453308, -22.4637317657, 5.20408773422, -15.9887113571, 11.0726509094, 12.3328866959, -15.7771863937, 11.3533430099, 15.3121795654, -8.14679718018, -1.25085675716], [-1042.54089355, 35.1022453308, 1009.90515137, -106.826530457, 33.4222793579, 249.70930481, -78.7992248535, 48.057144165, 28.3575057983, 4.79760932922, 15.1140079498, 27.0857257843, 59.6282157898], [239.720962524, -22.4637317657, -106.826530457, 215.125915527, 53.9921760559, -53.4627456665, 10.3983392715, 10.1571006775, 17.3793373108, -22.7471504211, 2.5914413929, 32.0400772095, -13.9272012711], [-50.4993209839, 5.20408773422, 33.4222793579, 53.9921760559, 172.780990601, 75.5826263428, -36.3152046204, 19.4215660095, 35.6536445618, -10.8002767563, 2.26131057739, 36.3841781616, 19.3505020142], [-310.721588135, -15.9887113571, 249.70930481, -53.4627456665, 75.5826263428, 213.077728271, 17.9606895447, 0.108252674341, 48.5823707581, 33.1715888977, -0.26555237174, 12.4189081192, 29.0315990448], [118.138496399, 11.0726509094, -78.7992248535, 10.3983392715, -36.3152046204, 17.9606895447, 121.114585876, 34.5360870361, 1.85349559784, 30.6945762634, 17.1413421631, -3.27592206001, -2.49630260468], [-37.5095748901, 12.3328866959, 48.057144165, 10.1571006775, 19.4215660095, 0.108252674341, 34.5360870361, 109.987487793, 44.3304672241, -3.05795836449, 19.5463523865, 16.291223526, 1.17898106575], [-40.8833961487, -15.7771863937, 28.3575057983, 17.3793373108, 35.6536445618, 48.5823707581, 1.85349559784, 44.3304672241, 115.718139648, 50.6336212158, -11.2042751312, 11.1778841019, 11.2854719162], [-6.93901443481, 11.3533430099, 4.79760932922, -22.7471504211, -10.8002767563, 33.1715888977, 30.6945762634, -3.05795836449, 50.6336212158, 107.629142761, 25.0805244446, -20.4415664673, -3.37863850594], [2.8172955513, 15.3121795654, 15.1140079498, 2.5914413929, 2.26131057739, -0.26555237174, 17.1413421631, 19.5463523865, -11.2042751312, 25.0805244446, 85.7353134155, 20.6614761353, -24.911441803], [-28.8305644989, -8.14679718018, 27.0857257843, 32.0400772095, 36.3841781616, 12.4189081192, -3.27592206001, 16.291223526, 11.1778841019, -20.4415664673, 20.6614761353, 107.603851318, 59.1574440002], [-80.7425994873, -1.25085675716, 59.6282157898, -13.9272012711, 19.3505020142, 29.0315990448, -2.49630260468, 1.17898106575, 11.2854719162, -3.37863850594, -24.911441803, 59.1574440002, 115.341430664]],
        "icov": [[0.00987308844924, -0.0106836939231, 0.0101272175089, -0.00917915999889, 0.00532207684591, -0.00261418265291, 0.000572036020458, 4.8712878197e-05, -0.000350710120983, 0.00121489528101, -0.00111634621862, 0.00136841868516, -0.000644283660222], [-0.0106836939231, 0.0178295690566, -0.0119899967685, 0.011495902203, -0.00855203717947, 0.00613515637815, -0.00328696519136, 0.000725964317098, 0.000692944217008, -0.0020413857419, 0.000738591770642, -0.000870674673934, 0.000591473828536], [0.0101272175089, -0.0119899967685, 0.0132955824956, -0.0111109428108, 0.0092675248161, -0.00885456241667, 0.00653409073129, -0.00499669276178, 0.00322632887401, -0.000546925992239, -0.000748328515328, 0.00111542339437, -0.00145471782889], [-0.00917915999889, 0.011495902203, -0.0111109428108, 0.0176193956286, -0.0117565952241, 0.0104732979089, -0.0083970008418, 0.00632503023371, -0.00586981792003, 0.00281935720704, 0.000216119675315, -0.00296826870181, 0.00288633746095], [0.00532207684591, -0.00855203717947, 0.0092675248161, -0.0117565952241, 0.0194202978164, -0.0154173439369, 0.0140147237107, -0.010176030919, 0.00558097008616, -0.00214544869959, 0.000167995865922, -0.00101298803929, -0.00160101451911], [-0.00261418265291, 0.00613515637815, -0.00885456241667, 0.0104732979089, -0.0154173439369, 0.0232537761331, -0.0178940482438, 0.0152883743867, -0.0129107013345, 0.00553336599842, -0.00261731096543, 0.00114009296522, 0.00054396543419], [0.000572036020458, -0.00328696519136, 0.00653409073129, -0.0083970008418, 0.0140147237107, -0.0178940482438, 0.0275384970009, -0.0195823851973, 0.0155486073345, -0.0118590444326, 0.00396035518497, -0.00221320148557, -0.000956373289227], [4.8712878197e-05, 0.000725964317098, -0.00499669276178, 0.00632503023371, -0.010176030919, 0.0152883743867, -0.0195823851973, 0.0291312392801, -0.0219252072275, 0.015718376264, -0.0106936357915, 0.00414598779753, -0.00130399945192], [-0.000350710120983, 0.000692944217008, 0.00322632887401, -0.00586981792003, 0.00558097008616, -0.0129107013345, 0.0155486073345, -0.0219252072275, 0.0320452786982, -0.0220062676817, 0.0149637851864, -0.00826410483569, 0.00394968036562], [0.00121489528101, -0.0020413857419, -0.000546925992239, 0.00281935720704, -0.00214544869959, 0.00553336599842, -0.0118590444326, 0.015718376264, -0.0220062676817, 0.0281786695123, -0.0163781382143, 0.0110100880265, -0.00620435457677], [-0.00111634621862, 0.000738591770642, -0.000748328515328, 0.000216119675315, 0.000167995865922, -0.00261731096543, 0.00396035518497, -0.0106936357915, 0.0149637851864, -0.0163781382143, 0.0269686020911, -0.0144391693175, 0.011751617305], [0.00136841868516, -0.000870674673934, 0.00111542339437, -0.00296826870181, -0.00101298803929, 0.00114009296522, -0.00221320148557, 0.00414598779753, -0.00826410483569, 0.0110100880265, -0.0144391693175, 0.0231673493981, -0.0140636181459], [-0.000644283660222, 0.000591473828536, -0.00145471782889, 0.00288633746095, -0.00160101451911, 0.00054396543419, -0.000956373289227, -0.00130399945192, 0.00394968036562, -0.00620435457677, 0.011751617305, -0.0140636181459, 0.0186331905425]]
    },
    "spectral_contrast_coeffs": {
        "max": [-0.338313817978, -0.452008277178, -0.487010627985, -0.581497311592, -0.610482037067, -0.598354637623],
        "mean": [-0.634109079838, -0.685479044914, -0.739819824696, -0.772070348263, -0.76827019453, -0.746768653393],
        "min": [-0.873281121254, -0.917022824287, -0.895642518997, -0.897401273251, -0.884278774261, -0.918047726154],
        "stdev": [0.0906069651246, 0.0807486325502, 0.0581384785473, 0.0477693639696, 0.0521009117365, 0.0319176092744]
    },
    "spectral_contrast_valleys": {
        "max": [-5.9542798996, -5.05059862137, -5.6305809021, -6.02468252182, -6.69814968109, -10.8767251968],
        "mean": [-7.39225625992, -6.40915441513, -7.41870117188, -8.01297664642, -8.78327274323, -12.8501777649],
        "min": [-9.97962284088, -8.08528137207, -9.23250675201, -9.68040847778, -9.96670150757, -13.7786588669],
        "stdev": [0.536762177944, 0.461349904537, 0.575293958187, 0.676706016064, 0.67729729414, 0.309870809317]
    }
},
"rhythm": {
    "beats_count": 57,
    "beats_loudness": {
        "max": 0.0717707127333,
        "mean": 0.0289125945419,
        "min": 0.00524183129892,
        "stdev": 0.0178690217435
    },
    "bpm": 106.460746765,
    "bpm_histogram_first_peak_bpm": 105,
    "bpm_histogram_first_peak_weight": 0.518518567085,
    "bpm_histogram_second_peak_bpm": 110,
    "bpm_histogram_second_peak_spread": 0,
    "bpm_histogram_second_peak_weight": 0.0357142873108,
    "danceability": 0.947414815426,
    "onset_rate": 2.39941382408,
    "beats_loudness_band_ratio": {
        "max": [0.702416300774, 0.946609139442, 0.881098091602, 0.298055797815, 0.467088490725, 0.0305063668638],
        "mean": [0.104912884533, 0.469934165478, 0.334937721491, 0.0776177570224, 0.0595160536468, 0.00299323955551],
        "min": [0.0022865855135, 0.033564645797, 0.0277214255184, 0.00543772615492, 0.00123553641606, 0.000153179673362],
        "stdev": [0.138166204095, 0.266094952822, 0.209744021297, 0.0621387511492, 0.0902604982257, 0.00510098272935]
    },
    "beats_position": [0.580498874187, 1.17260766029, 1.74149656296, 2.31038546562, 2.89088439941, 3.45977306366, 4.01705217361, 4.57433080673, 5.13160991669, 5.6888885498, 6.24616765976, 6.81505680084, 7.38394546509, 7.95283412933, 8.52172279358, 9.0906124115, 9.64789104462, 10.2167797089, 10.7856683731, 11.354557991, 11.9350566864, 12.5039453506, 13.0728340149, 13.6417226791, 14.2106122971, 14.7795009613, 15.3483896255, 15.9056682587, 16.4745578766, 17.0434455872, 17.600725174, 18.1580047607, 18.7268924713, 19.2957820892, 19.853061676, 20.4103393555, 20.9676189423, 21.5248966217, 22.0937862396, 22.6626758575, 23.219953537, 23.7772331238, 24.3461227417, 24.9034004211, 25.4606800079, 26.0295696259, 26.5868473053, 27.1441268921, 27.7014045715, 28.2586841583, 28.8159637451, 29.3616313934, 29.9189109802, 30.4645805359, 31.0218582153, 31.5791378021, 32.1480255127],
