{
"metadata": {
    "version": {
        "essentia": "2.1-beta5",
        "essentia_git_sha": "Undefined",
        "extractor": "music 2.0"
    },
    "audio_properties": {
        "analysis": {
            "equal_loudness": 0,
            "length": 32.4963264465,
            "sample_rate": 44100,
            "start_time": 12.7477550507,
            "downmix": "mix"
        },
        "bit_rate": 192000,
        "length": 188.058410645,
        "lossless": 0,
        "number_channels": 2,
        "replay_gain": -7.25382995605,
        "sample_rate": 44100,
        "codec": "mp3",
        "md5_encoded": "a109ff7a501df229634f63e36221296d"
    },
    "tags": {
        "file_name": "Norway_Småting_Grethe Kausland _ Benny Borg.mp3",
        "encoding": ["Lavf58.29.100"]
    }
},
"lowlevel": {
    "average_loudness": 0.387840121984,
    "barkbands_crest": {
        "max": 25.4474449158,
        "mean": 11.2646884918,
        "min": 3.66015458107,
        "stdev": 4.26575708389
    },
    "barkbands_flatness_db": {
        "max": 0.367109298706,
        "mean": 0.215865597129,
        "min": 0.105243757367,
        "stdev": 0.0489425845444
    },
    "barkbands_kurtosis": {
        "max": 280.082672119,
        "mean": 10.655629158,
        "min": -1.41618454456,
        "stdev": 18.7222099304
    },
    "barkbands_skewness": {
        "max": 13.0214796066,
        "mean": 1.93003153801,
        "min": -1.76074934006,
        "stdev": 1.4797359705
    },
    "barkbands_spread": {
        "max": 41.7202186584,
        "mean": 8.09031105042,
        "min": 0.711728334427,
        "stdev": 5.24931764603
    },
    "dissonance": {
        "max": 0.499689459801,
        "mean": 0.421450465918,
        "min": 0.147003158927,
        "stdev": 0.044508498162
    },
    "dynamic_complexity": 4.16406965256,
    "erbbands_crest": {
        "max": 29.8103733063,
        "mean": 11.5867776871,
        "min": 3.97166347504,
        "stdev": 4.404920578
    },
    "erbbands_flatness_db": {
        "max": 0.381054848433,
        "mean": 0.231231361628,
        "min": 0.0793966576457,
        "stdev": 0.0365123152733
    },
    "erbbands_kurtosis": {
        "max": 91.3099517822,
        "mean": 2.83837723732,
        "min": -1.8306530714,
        "stdev": 6.81728792191
    },
    "erbbands_skewness": {
        "max": 7.3312253952,
        "mean": 1.02398324013,
        "min": -3.027967453,
        "stdev": 1.05756855011
    },
    "erbbands_spread": {
        "max": 115.193336487,
        "mean": 19.7841529846,
        "min": 2.70205521584,
        "stdev": 11.1501598358
    },
    "hfc": {
        "max": 68.6442337036,
        "mean": 7.68724775314,
        "min": 0.0485392957926,
        "stdev": 10.38692379
    },
    "loudness_ebu128": {
        "integrated": -19.6065006256,
        "loudness_range": 9.49323654175,
        "momentary": {
            "max": -12.6117105484,
            "mean": -21.4840106964,
            "min": -31.3560123444,
            "stdev": 4.12512922287
        },
        "short_term": {
            "max": -14.2168579102,
            "mean": -20.6636562347,
            "min": -28.6542549133,
            "stdev": 3.26337838173
        }
    },
    "melbands_crest": {
        "max": 31.2166023254,
        "mean": 13.988155365,
        "min": 4.3308095932,
        "stdev": 5.12099933624
    },
    "melbands_flatness_db": {
        "max": 0.451967835426,
        "mean": 0.297367542982,
        "min": 0.159588322043,
        "stdev": 0.0587245263159
    },
    "melbands_kurtosis": {
        "max": 215.332565308,
        "mean": 11.384847641,
        "min": -1.73239386082,
        "stdev": 16.4740886688
    },
    "melbands_skewness": {
        "max": 8.16979598999,
        "mean": 2.01425457001,
        "min": -1.14120090008,
        "stdev": 1.29110002518
    },
    "melbands_spread": {
        "max": 45.4167861938,
        "mean": 10.6844997406,
        "min": 0.625337660313,
        "stdev": 7.20761728287
    },
    "pitch_salience": {
        "max": 0.894095242023,
        "mean": 0.570393681526,
        "min": 0.160238623619,
        "stdev": 0.103434644639
    },
    "silence_rate_20dB": {
        "max": 1,
        "mean": 1,
        "min": 1,
        "stdev": 0
    },
    "silence_rate_30dB": {
        "max": 1,
        "mean": 0.999286234379,
        "min": 0,
        "stdev": 0.0267073269933
    },
    "silence_rate_60dB": {
        "max": 1,
        "mean": 0.198429688811,
        "min": 0,
        "stdev": 0.398811638355
    },
    "spectral_centroid": {
        "max": 2533.07177734,
        "mean": 642.080078125,
        "min": 209.855453491,
        "stdev": 315.52746582
    },
    "spectral_complexity": {
        "max": 26,
        "mean": 10.2933616638,
        "min": 0,
        "stdev": 4.86200332642
    },
    "spectral_decrease": {
        "max": -2.06101368611e-11,
        "mean": -3.64677132936e-09,
        "min": -3.04974960841e-08,
        "stdev": 3.80218923013e-09
    },
    "spectral_energy": {
        "max": 0.121330685914,
        "mean": 0.0144610023126,
        "min": 8.21901121526e-05,
        "stdev": 0.0152152972296
    },
    "spectral_energyband_high": {
        "max": 0.000390458997572,
        "mean": 1.74080378201e-05,
        "min": 9.02623185084e-08,
        "stdev": 3.66182357538e-05
    },
    "spectral_energyband_low": {
        "max": 0.0204026419669,
        "mean": 0.00152246595826,
        "min": 7.27730184735e-06,
        "stdev": 0.00226315460168
    },
    "spectral_energyband_middle_high": {
        "max": 0.0475388765335,
        "mean": 0.00212369579822,
        "min": 2.26533484238e-06,
        "stdev": 0.00478810584173
    },
    "spectral_energyband_middle_low": {
        "max": 0.115133009851,
        "mean": 0.0114136720076,
        "min": 5.17626467627e-05,
        "stdev": 0.0129448017105
    },
    "spectral_entropy": {
        "max": 7.96659040451,
        "mean": 6.60237932205,
        "min": 5.34502267838,
        "stdev": 0.417482823133
    },
    "spectral_flux": {
        "max": 0.219663783908,
        "mean": 0.0494948886335,
        "min": 0.0034544726368,
        "stdev": 0.0312268938869
    },
    "spectral_kurtosis": {
        "max": 53.7194480896,
        "mean": 16.6204929352,
        "min": -0.38664150238,
        "stdev": 7.55240345001
    },
    "spectral_rms": {
        "max": 0.0108798621222,
        "mean": 0.00332636502571,
        "min": 0.000283170404145,
        "stdev": 0.00174459628761
    },
    "spectral_rolloff": {
        "max": 3703.7109375,
        "mean": 756.197875977,
        "min": 172.265625,
        "stdev": 461.639892578
    },
    "spectral_skewness": {
        "max": 5.86203575134,
        "mean": 3.0559296608,
        "min": 0.244823351502,
        "stdev": 0.827567815781
    },
    "spectral_spread": {
        "max": 16942682,
        "mean": 2768753,
        "min": 1357224.75,
        "stdev": 1003972.75
    },
    "spectral_strongpeak": {
        "max": 7.13788986206,
        "mean": 0.924368679523,
        "min": 0.00778894219548,
        "stdev": 1.00417160988
    },
    "zerocrossingrate": {
        "max": 0.07861328125,
        "mean": 0.0303285047412,
        "min": 0.0068359375,
        "stdev": 0.0124466940761
    },
    "barkbands": {
        "max": [1.89199581655e-05, 0.00442042155191, 0.00674461713061, 0.018412752077, 0.0259679015726, 0.043445225805, 0.0491597801447, 0.0668371170759, 0.0273418258876, 0.0338698253036, 0.0382696650922, 0.0382920764387, 0.010469106026, 0.00945400539786, 0.0113222924992, 0.00571291195229, 0.00727313058451, 0.00365129974671, 0.00119883427396, 0.000350491638528, 0.000272077333648, 9.11663373699e-05, 7.88567122072e-05, 4.26809929195e-05, 2.34594926951e-06, 1.23896563764e-06, 3.25517000022e-08],
        "mean": [1.2833376104e-06, 0.000339665974025, 0.000617467681877, 0.0011990997009, 0.00272133108228, 0.00204109004699, 0.00319804647006, 0.00125419732649, 0.000880245468579, 0.000451308384072, 0.000450091261882, 0.000315329642035, 0.00015403269208, 0.000179096328793, 0.000161294214195, 0.000126026730868, 0.000217548993533, 9.54321294557e-05, 3.37979909091e-05, 1.42565386341e-05, 5.40609698874e-06, 1.68209408002e-06, 9.94863285086e-07, 7.16994748018e-07, 8.1167377175e-07, 7.66240304984e-07, 9.79801395573e-09],
        "min": [3.67158747849e-09, 6.95769699632e-07, 2.706528619e-07, 1.01069440461e-06, 4.79105074191e-06, 2.61184618466e-06, 2.84176593368e-07, 5.41170606994e-07, 2.89876140869e-07, 8.17729315372e-08, 6.60186003643e-08, 9.15571973792e-08, 2.33186568721e-07, 9.40656477155e-08, 1.02959724302e-07, 8.75705197245e-08, 3.29201341742e-08, 2.16049933499e-08, 8.3660708583e-08, 2.01964631685e-08, 1.24862387096e-08, 1.14136362583e-08, 8.14718870146e-09, 8.90166607093e-09, 1.86585147333e-08, 1.61265312215e-08, 5.30698818224e-10],
        "stdev": [1.50656455844e-06, 0.000484103482449, 0.000966411142144, 0.00229305936955, 0.00348363118246, 0.00315149710514, 0.00810292828828, 0.00395300565287, 0.00214890134521, 0.00142862647772, 0.00222691032104, 0.00160214863718, 0.000485524331452, 0.00072948000161, 0.000578605628107, 0.000388150074286, 0.00076919735875, 0.000286493101157, 9.22927792999e-05, 3.25322398567e-05, 1.82255280379e-05, 5.61193110116e-06, 3.40395217791e-06, 1.61098728313e-06, 1.45866962953e-07, 1.10440183221e-07, 4.64338878459e-09]
    },
    "erbbands": {
        "max": [0.0579553246498, 1.37413132191, 7.06191253662, 46.7964668274, 101.781211853, 129.114059448, 430.357208252, 384.924865723, 884.11340332, 672.981079102, 1271.7755127, 743.100830078, 547.073059082, 1316.34973145, 1525.69104004, 1884.14074707, 407.736541748, 561.93548584, 427.703430176, 430.273010254, 319.527191162, 435.618682861, 173.715393066, 141.714797974, 27.8136024475, 19.4957771301, 14.2162075043, 6.57476329803, 4.24324703217, 2.59477472305, 2.27262115479, 1.38383364677, 0.372424960136, 0.0632346868515, 0.012060848996, 0.00657985592261, 0.00241453526542, 0.000205921038287, 6.21580620646e-05, 0.000138118281029],
        "mean": [0.00454637221992, 0.100487284362, 0.609884083271, 2.58735442162, 5.93780899048, 9.60612010956, 13.5186262131, 17.8819828033, 47.6489334106, 31.8264579773, 26.6875743866, 20.5441551208, 14.0271024704, 18.9976291656, 16.0898933411, 13.5334272385, 7.81587791443, 9.46935462952, 8.05981254578, 7.17430257797, 7.72273492813, 11.8503875732, 5.93248701096, 4.22693634033, 1.0994836092, 0.658797800541, 0.403934925795, 0.111678369343, 0.0613683946431, 0.0389212332666, 0.0285941436887, 0.0171653199941, 0.011257908307, 0.00838117208332, 0.00621360819787, 0.00376355531625, 0.00142120791133, 0.000121151351777, 9.54574352363e-06, 1.65505025507e-05],
        "min": [4.42952623416e-05, 0.000468634651043, 0.000951677793637, 0.0032566934824, 0.0140421157703, 0.0131685109809, 0.064329944551, 0.0382994189858, 0.00863823108375, 0.00899033620954, 0.0200074464083, 0.0122678251937, 0.00728723034263, 0.00410143146291, 0.00483252527192, 0.0053444262594, 0.0118827112019, 0.00676013436168, 0.00965172983706, 0.00776161067188, 0.00390667887405, 0.00188324984629, 0.00152917020023, 0.00350155169144, 0.00228580227122, 0.00069267390063, 0.000855736958329, 0.000422950979555, 0.000198377339984, 0.000590239360463, 0.000210839396459, 0.000148211562191, 0.000180377202923, 0.000222301285248, 0.000115734233987, 9.15034252102e-05, 2.74149024335e-05, 2.80044378087e-06, 3.7624559468e-07, 1.96102206473e-07],
        "stdev": [0.00588972819969, 0.14750315249, 0.935761928558, 4.92011642456, 9.71414375305, 14.2782926559, 23.4964733124, 28.2902946472, 124.09564209, 67.6486282349, 77.5033874512, 51.8789825439, 30.6061344147, 65.1156463623, 69.7339630127, 68.8748474121, 22.1176891327, 37.389125824, 27.3568115234, 19.9385261536, 23.3935394287, 41.672668457, 17.9389057159, 12.369228363, 2.16024446487, 1.47759640217, 1.17392134666, 0.375628888607, 0.21981716156, 0.135592073202, 0.102429404855, 0.0486644394696, 0.0175904929638, 0.00286394520663, 0.00114951573778, 0.000674118055031, 0.000235271058045, 2.02030932996e-05, 7.75106491346e-06, 1.75083878275e-05]
    },
    "gfcc": {
        "mean": [-103.628845215, 144.269348145, -109.24924469, -6.36238765717, -52.3503913879, -9.69738674164, -51.9562683105, 6.61310958862, -28.7406902313, -0.115706220269, -18.9104423523, -3.32810306549, -12.0491695404],
        "cov": [[2624.57080078, 647.819763184, -1201.29345703, -107.137031555, 324.759765625, -421.108612061, 338.0574646, 207.757537842, 189.201538086, -63.6653671265, 212.795806885, -47.2580566406, 125.153831482], [647.819763184, 456.905975342, -8.8175573349, -144.523117065, 116.873184204, -58.3239746094, 61.5826721191, 26.1745033264, 20.4902992249, -66.4104309082, 43.2029647827, -57.9855461121, 28.4641399384], [-1201.29345703, -8.8175573349, 1079.65808105, 122.208930969, -180.564880371, 156.761962891, -214.278244019, -187.817764282, -98.1482162476, -52.7100906372, -121.482269287, -19.9153060913, -61.0638961792], [-107.137031555, -144.523117065, 122.208930969, 322.397186279, 1.45744824409, -75.1401596069, -35.6619224548, -11.6797275543, 28.9588985443, 18.4957485199, -20.5605068207, 26.2892742157, 3.94179272652], [324.759765625, 116.873184204, -180.564880371, 1.45744824409, 175.822235107, -5.53715419769, 24.9305915833, 50.296787262, 14.5346641541, 3.06909918785, 26.4028148651, -15.8862667084, 19.2697143555], [-421.108612061, -58.3239746094, 156.761962891, -75.1401596069, -5.53715419769, 307.173095703, 57.0351600647, -52.0835227966, -56.5409584045, 58.8345489502, -23.9490203857, 2.6753718853, -29.137550354], [338.0574646, 61.5826721191, -214.278244019, -35.6619224548, 24.9305915833, 57.0351600647, 190.600830078, 71.3761749268, 17.446264267, 40.0032272339, 44.8936080933, -0.488885194063, 17.249212265], [207.757537842, 26.1745033264, -187.817764282, -11.6797275543, 50.296787262, -52.0835227966, 71.3761749268, 172.304641724, 92.5739898682, 23.9739055634, 28.5524616241, 9.17598628998, 1.69204032421], [189.201538086, 20.4902992249, -98.1482162476, 28.9588985443, 14.5346641541, -56.5409584045, 17.446264267, 92.5739898682, 130.763092041, 41.3849601746, 19.9831504822, 11.9800348282, -3.78954410553], [-63.6653671265, -66.4104309082, -52.7100906372, 18.4957485199, 3.06909918785, 58.8345489502, 40.0032272339, 23.9739055634, 41.3849601746, 104.074478149, 36.0877723694, 13.5217895508, -6.85171461105], [212.795806885, 43.2029647827, -121.482269287, -20.5605068207, 26.4028148651, -23.9490203857, 44.8936080933, 28.5524616241, 19.9831504822, 36.0877723694, 89.2852706909, 32.9824523926, 6.77639579773], [-47.2580566406, -57.9855461121, -19.9153060913, 26.2892742157, -15.8862667084, 2.6753718853, -0.488885194063, 9.17598628998, 11.9800348282, 13.5217895508, 32.9824523926, 81.1113510132, 28.0090923309], [125.153831482, 28.4641399384, -61.0638961792, 3.94179272652, 19.2697143555, -29.137550354, 17.249212265, 1.69204032421, -3.78954410553, -6.85171461105, 6.77639579773, 28.0090923309, 77.5614624023]],
        "icov": [[0.0157077033073, -0.0206234324723, 0.0170498732477, -0.0105721494183, 0.0029380931519, 0.0043609784916, -0.00995517056435, 0.0140336537734, -0.0146927880123, 0.0134785277769, -0.00986696314067, 0.00528412824497, -0.00157410348766], [-0.0206234324723, 0.042155764997, -0.0298219062388, 0.0237302426249, -0.0190653000027, 0.00206361967139, -0.000879355124198, -0.0094306403771, 0.00709826080129, -0.00775641715154, 0.00534432334825, -0.00108627509326, -0.00137704645749], [0.0170498732477, -0.0298219062388, 0.024699119851, -0.0182502865791, 0.0136624248698, -0.0024966953788, -0.000391341920476, 0.0100617902353, -0.0101694175974, 0.0124236559495, -0.00936276651919, 0.00592654664069, -0.00138080841862], [-0.0105721494183, 0.0237302426249, -0.0182502865791, 0.0197164639831, -0.0160534474999, 0.00793477986008, -0.00658368039876, -0.000716456910595, 0.00205642497167, -0.00829763058573, 0.00909578613937, -0.0069129592739, 0.00249843369238], [0.0029380931519, -0.0190653000027, 0.0136624248698, -0.0160534474999, 0.0282277017832, -0.0143950507045, 0.0191697701812, -0.0117588564754, 0.00932900048792, -0.00114611838944, -0.00456455536187, 0.00616467976943, -0.00407232251018], [0.0043609784916, 0.00206361967139, -0.0024966953788, 0.00793477986008, -0.0143950507045, 0.0191101320088, -0.0196238737553, 0.0134676890448, -0.00653377780691, -0.0030592943076, 0.00709998281673, -0.0078426450491, 0.00628512585536], [-0.00995517056435, -0.000879355124198, -0.000391341920476, -0.00658368039876, 0.0191697701812, -0.0196238737553, 0.034953430295, -0.0247547514737, 0.0213226620108, -0.0123526426032, 0.000945960171521, 0.00298554985784, -0.00416540214792], [0.0140336537734, -0.0094306403771, 0.0100617902353, -0.000716456910595, -0.0117588564754, 0.0134676890448, -0.0247547514737, 0.0329301953316, -0.0280448496342, 0.0160375181586, -0.0071691009216, 0.00129611743614, 0.00174670072738], [-0.0146927880123, 0.00709826080129, -0.0101694175974, 0.00205642497167, 0.00932900048792, -0.00653377780691, 0.0213226620108, -0.0280448496342, 0.0404333136976, -0.0288121849298, 0.0185830667615, -0.0122081805021, 0.00630539609119], [0.0134785277769, -0.00775641715154, 0.0124236559495, -0.00829763058573, -0.00114611838944, -0.0030592943076, -0.0123526426032, 0.0160375181586, -0.0288121849298, 0.0422019734979, -0.0294748302549, 0.0183085445315, -0.00888308137655], [-0.00986696314067, 0.00534432334825, -0.00936276651919, 0.00909578613937, -0.00456455536187, 0.00709998281673, 0.000945960171521, -0.0071691009216, 0.0185830667615, -0.0294748302549, 0.043569099158, -0.0280404351652, 0.014497497119], [0.00528412824497, -0.00108627509326, 0.00592654664069, -0.0069129592739, 0.00616467976943, -0.0078426450491, 0.00298554985784, 0.00129611743614, -0.0122081805021, 0.0183085445315, -0.0280404351652, 0.0359626933932, -0.0177968274802], [-0.00157410348766, -0.00137704645749, -0.00138080841862, 0.00249843369238, -0.00407232251018, 0.00628512585536, -0.00416540214792, 0.00174670072738, 0.00630539609119, -0.00888308137655, 0.014497497119, -0.0177968274802, 0.023668948561]]
    },
    "melbands": {
        "max": [0.000711649423465, 0.00290560279973, 0.00759798893705, 0.00699780089781, 0.0115173365921, 0.00783694814891, 0.0116239506751, 0.00896389503032, 0.00831436738372, 0.0049413992092, 0.00265172077343, 0.00574762141332, 0.00616867747158, 0.00370289036073, 0.00269279582426, 0.000612613221165, 0.00119956745766, 0.000612983945757, 0.00124880380463, 0.000173615524545, 0.000498617824633, 0.000394916016376, 0.000359150435543, 0.000225017225603, 0.000122729805298, 2.90546340693e-05, 1.12999350677e-05, 1.7465055862e-05, 9.44348630583e-06, 7.41493613532e-06, 3.0219960081e-06, 2.66036818175e-06, 1.80219717549e-06, 1.4287771819e-06, 1.47091077451e-06, 9.15187797546e-07, 7.82626841556e-07, 2.75655878568e-07, 1.08524311315e-07, 3.4747223765e-08],
        "mean": [6.69846922392e-05, 0.000274131132755, 0.000544704496861, 0.000541791319847, 0.000481300230604, 0.00042032651254, 0.000711544125807, 0.000324867316522, 0.000205784774153, 0.000122448487673, 6.66368941893e-05, 7.50320905354e-05, 6.07607071288e-05, 3.73872826458e-05, 2.58270574705e-05, 1.57318336278e-05, 1.71639367181e-05, 1.22459969134e-05, 1.18859652503e-05, 7.18926003174e-06, 9.5258192232e-06, 1.14018921522e-05, 9.93742196442e-06, 4.50371499028e-06, 3.36268840329e-06, 8.73173348737e-07, 5.25842551724e-07, 4.13222380757e-07, 3.09898922524e-07, 1.13323594064e-07, 4.79233932538e-08, 3.53557751964e-08, 2.89370554185e-08, 1.82341999277e-08, 1.69670393291e-08, 1.31712996065e-08, 9.54777501505e-09, 7.81833975338e-09, 7.30084570577e-09, 6.93093404891e-09],
        "min": [1.6411175352e-07, 5.03625301462e-07, 8.75259331679e-07, 1.06240349851e-06, 2.07198536373e-06, 4.41103878757e-07, 6.84210732516e-08, 1.10795646435e-07, 1.14804691975e-07, 5.03776647065e-08, 3.29106164543e-08, 1.50205767824e-08, 1.30532393783e-08, 1.20545724513e-08, 1.93355145228e-08, 1.83410051591e-08, 1.10244755547e-08, 1.42846072748e-08, 8.20064371965e-09, 7.54806528391e-09, 2.21563656311e-09, 2.13390949355e-09, 1.23105181604e-09, 1.04190078787e-09, 3.16042725323e-09, 3.22287618815e-09, 5.00513297474e-10, 4.51806120294e-10, 7.30015659034e-10, 2.78323114555e-10, 2.19312526473e-10, 6.8280971155e-11, 2.73212980018e-10, 3.09814118804e-10, 1.38758449175e-10, 5.5965811846e-11, 1.04892136643e-10, 1.00176096585e-10, 1.64089228316e-10, 1.9672664886e-10],
        "stdev": [8.5754909378e-05, 0.000389734370401, 0.000865240872372, 0.000724640965927, 0.000747810059693, 0.000667122192681, 0.00182339095045, 0.000756828929298, 0.000553012476303, 0.0003375945671, 0.000152602398884, 0.000267638417426, 0.000307193840854, 0.000179215989192, 0.000124196492834, 4.75997621834e-05, 7.11439934094e-05, 4.40484509454e-05, 4.97680121043e-05, 1.49982624862e-05, 3.40582118952e-05, 4.00410935981e-05, 3.94094386138e-05, 1.40655447467e-05, 1.03461452454e-05, 2.05708920475e-06, 1.01784053186e-06, 1.13545377189e-06, 9.2185706535e-07, 4.63284891339e-07, 1.6419836868e-07, 1.34625139481e-07, 1.05140536277e-07, 6.44041335818e-08, 7.06415761442e-08, 3.36439853754e-08, 2.83247079125e-08, 1.40938043458e-08, 5.19221865503e-09, 1.83092541128e-09]
    },
    "melbands128": {
        "max": [1.23915324366e-05, 0.000308809918351, 0.00122651923448, 0.00302195455879, 0.0045148730278, 0.00441031483933, 0.0116753662005, 0.0127584161237, 0.0122057097033, 0.0123394886032, 0.00916742440313, 0.00971530657262, 0.0197678878903, 0.0145229753107, 0.00781526323408, 0.0152117135003, 0.0205663461238, 0.0216569118202, 0.0146243898198, 0.0101510602981, 0.016043163836, 0.024682212621, 0.00714457873255, 0.00516798812896, 0.00742320297286, 0.0102812796831, 0.00588851980865, 0.0029161721468, 0.000816901156213, 0.0107113979757, 0.00559762259945, 0.00977750681341, 0.0121648926288, 0.00366123882122, 0.00682464009151, 0.00499324966222, 0.00969176180661, 0.00470430776477, 0.0027157664299, 0.000701497134287, 0.00125597824808, 0.00253028073348, 0.00231220247224, 0.00197135750204, 0.00152633083053, 0.000897497986443, 0.00154049042612, 0.00243862345815, 0.000982253113762, 0.000507596414536, 0.000231883954257, 0.000227644122788, 0.000721070158761, 0.00121758668683, 0.000635439995676, 0.000695255468599, 0.00140488753095, 0.000985143124126, 0.00023145697196, 0.000104393533547, 0.000455680128653, 0.000422469427576, 0.000349724927219, 9.45165375015e-05, 6.50228757877e-05, 3.19687424053e-05, 3.78756449209e-05, 2.05978303711e-05, 1.26832501337e-05, 2.01407328859e-05, 2.61479053734e-05, 2.45255323534e-05, 2.9385830203e-05, 1.2104867892e-05, 1.40487227327e-05, 1.03647344076e-05, 3.9495062083e-06, 3.79373523174e-06, 4.39065070168e-06, 2.50538414548e-06, 3.22597702507e-06, 2.52740073847e-06, 3.10591849484e-06, 2.54760857388e-06, 1.91614822143e-06, 1.65978030964e-06, 1.34104925564e-06, 1.67886571489e-06, 2.409185754e-06, 1.23356812765e-06, 5.9809991626e-07, 9.16850694921e-07, 1.17278329981e-06, 9.39242340792e-07, 5.21638298778e-07, 3.58078835916e-07, 2.87270580657e-07, 2.25569067425e-07, 1.15897947239e-07, 7.4612792389e-08, 6.78514027186e-08, 2.82161618514e-08, 2.13641886404e-08, 2.24834550977e-08, 1.84199375752e-08, 1.87242292782e-08, 2.12064339422e-08, 1.80299100094e-08, 1.94026466005e-08, 1.95473965903e-08, 1.48491476892e-08, 1.30121966535e-08, 1.28583117487e-08, 9.21983822622e-09, 5.0088493353e-09, 2.70334932218e-09, 1.22063537056e-09, 8.50742115643e-11, 8.25789159276e-11, 8.06077149473e-11, 7.86137474562e-11, 7.67404681468e-11, 7.52574252916e-11, 7.40171257618e-11, 7.29368301866e-11, 7.19576412345e-11, 7.1435239668e-11, 7.10571740337e-11],
        "mean": [1.08165841084e-06, 1.88064987015e-05, 7.84919975558e-05, 0.000187307858141, 0.00026360078482, 0.000320135790389, 0.000504255003762, 0.000619955942966, 0.000624843931291, 0.000473277672427, 0.000553259858862, 0.000550676661078, 0.000473871274153, 0.000390966219129, 0.000312630611006, 0.000463395554107, 0.000719503790606, 0.000928332447074, 0.000474730186397, 0.000312690972351, 0.00026603974402, 0.000269768410362, 0.000191466344404, 0.000149141196744, 0.000148849809193, 9.38230368774e-05, 0.000107137049781, 5.58510000701e-05, 3.33642310579e-05, 8.83059328771e-05, 7.64561846154e-05, 7.67248784541e-05, 7.52557461965e-05, 3.61701459042e-05, 3.20073304465e-05, 4.1178533138e-05, 4.12628905906e-05, 2.25928088184e-05, 2.18832992687e-05, 1.20552631415e-05, 9.35274147196e-06, 2.92815020657e-05, 1.72111795109e-05, 1.21830062199e-05, 1.27076900753e-05, 1.07248806671e-05, 1.49137613334e-05, 1.19307842397e-05, 1.03598285932e-05, 1.00691840998e-05, 5.5953237279e-06, 5.5535242609e-06, 1.10173023131e-05, 1.08580024971e-05, 6.88080808686e-06, 8.86408270162e-06, 1.75268360181e-05, 1.78350637725e-05, 3.8336356738e-06, 1.87348553027e-06, 4.39521181761e-06, 6.89969692758e-06, 4.84701922687e-06, 2.13181397157e-06, 1.19899732454e-06, 7.49484513562e-07, 8.01663134098e-07, 5.39314385151e-07, 4.56004556781e-07, 4.81639858663e-07, 4.04568964996e-07, 3.76939880198e-07, 4.16490451016e-07, 3.09560107326e-07, 1.79164302949e-07, 1.38809056693e-07, 6.74534632594e-08, 4.92831055965e-08, 4.55246329523e-08, 5.01690422539e-08, 3.62866039438e-08, 2.72508131616e-08, 3.45561730342e-08, 3.10359702382e-08, 2.29603074331e-08, 2.01913401554e-08, 1.62750239951e-08, 1.4912407309e-08, 1.84569106665e-08, 1.6767858213e-08, 1.56846233779e-08, 1.14961311581e-08, 1.02734638574e-08, 9.97161198057e-09, 8.64542659684e-09, 8.23731749477e-09, 7.52345208355e-09, 7.40266292709e-09, 7.51708117974e-09, 7.14944814462e-09, 6.95500279591e-09, 6.82019507536e-09, 6.97986113352e-09, 7.12710956918e-09, 7.1102963517e-09, 6.97573154795e-09, 6.8918724061e-09, 6.73667122086e-09, 6.50571241323e-09, 6.60883703318e-09, 5.93794347026e-09, 5.35803090784e-09, 4.79861528291e-09, 3.83379683555e-09, 2.14229656237e-09, 8.4362122843e-10, 3.53586271373e-10, 2.52807909155e-12, 2.1841484784e-12, 2.13602269553e-12, 2.08912921684e-12, 2.04826780537e-12, 2.00612334904e-12, 1.96597881204e-12, 1.94649157903e-12, 1.92903549037e-12, 1.91584660462e-12, 1.90153101598e-12],
        "min": [4.36353037037e-10, 5.35247013378e-10, 6.87198280502e-08, 2.05011204457e-07, 1.81606083061e-07, 1.02437603289e-07, 1.35637051812e-07, 3.92662116155e-07, 6.71809971209e-07, 5.44415627246e-07, 1.09861680642e-07, 1.03709645316e-07, 2.34442083524e-07, 2.88441384555e-07, 9.42682092386e-08, 7.18533144095e-08, 3.74737538777e-08, 4.07089437715e-08, 4.31523901057e-08, 7.58997060757e-08, 4.48917916174e-08, 5.15230809128e-08, 4.38179732498e-08, 2.34458266135e-08, 4.02113613518e-08, 3.08745526922e-08, 1.26226069597e-08, 7.43081995935e-09, 1.81308141833e-08, 6.76232980723e-09, 9.47779188465e-09, 2.70299738148e-09, 4.89183893393e-09, 1.06865654104e-08, 8.49234726985e-09, 7.75053266011e-09, 1.04753317132e-09, 3.62157437372e-09, 1.06906261621e-08, 1.25140502405e-08, 2.18346429826e-09, 3.44885719983e-09, 5.44388845114e-09, 6.13730355425e-09, 3.27887672569e-09, 5.66149438441e-09, 4.41826975006e-09, 2.4690500755e-09, 5.41354738814e-09, 7.01785518586e-09, 4.76114303538e-09, 2.08815786884e-09, 1.50491163975e-09, 2.46123144088e-09, 1.20685150762e-09, 2.1993942223e-09, 1.44280809522e-09, 6.14756412443e-10, 1.31675026438e-09, 2.02567318475e-09, 1.10360542926e-09, 1.90024510016e-10, 8.55476356421e-10, 1.71145841943e-09, 2.72072164798e-09, 1.79456838278e-09, 4.55347565209e-10, 7.67143848446e-10, 4.88261098219e-10, 1.773804853e-10, 2.85092005559e-10, 3.8378153433e-10, 8.67954041972e-10, 5.18567133678e-10, 2.56321713854e-10, 3.18632620289e-10, 2.6107929707e-10, 3.049966113e-10, 2.0003639023e-10, 1.73892428235e-10, 3.45060542639e-11, 3.9393866641e-11, 8.72072830616e-11, 1.7104186123e-10, 6.22820295337e-10, 3.90381282855e-10, 1.65612912273e-10, 2.08702846671e-10, 1.65387384343e-10, 6.51706119625e-11, 5.26388550803e-11, 5.50361076157e-11, 5.052374491e-11, 1.68031991099e-10, 7.35605396041e-11, 6.52490353414e-11, 7.02488206494e-11, 2.290974771e-10, 9.44673436698e-11, 1.84717144358e-10, 2.51592524592e-10, 1.98317445799e-10, 1.37633252018e-10, 9.05832839293e-11, 9.03519897788e-11, 1.44467271479e-10, 2.10595971217e-10, 1.0159828534e-10, 2.81754369835e-10, 1.09559715467e-10, 6.27699003886e-11, 6.79704209583e-11, 9.05395203254e-11, 1.23421148301e-10, 5.18234379021e-11, 1.23459168236e-11, 6.70281798815e-12, 1.38436327289e-13, 6.64896672334e-14, 5.98658153757e-14, 7.90354720147e-14, 7.00311255384e-14, 7.74802517609e-14, 8.77357268867e-14, 6.94026067627e-14, 7.15639976749e-14, 8.01881551069e-14, 6.47320128814e-14],
        "stdev": [1.31966385197e-06, 3.13874334097e-05, 0.000119083626487, 0.000313780590659, 0.000512528524268, 0.000531099154614, 0.00117943540681, 0.00120203359984, 0.00121197185945, 0.000884785840753, 0.000956617412157, 0.00101522228215, 0.00105207064189, 0.00081750046229, 0.00059476174647, 0.00107543158811, 0.00207158573903, 0.00304668303579, 0.00154710875358, 0.000828320917208, 0.00103355280589, 0.00128732237499, 0.000550162512809, 0.000417906820076, 0.000449996849056, 0.000541389046703, 0.000333570875227, 0.000152371067088, 7.69234175095e-05, 0.000421994074713, 0.000321656814776, 0.000500612834003, 0.000510010344442, 0.00019344293105, 0.000226838441449, 0.000243665213929, 0.000315739336656, 0.000161615098477, 9.74723443505e-05, 3.49177862518e-05, 5.27011106897e-05, 0.000148801220348, 9.97435345198e-05, 9.56505537033e-05, 8.03006623755e-05, 4.85611963086e-05, 7.60914481361e-05, 8.71316515259e-05, 4.7482073569e-05, 2.73252353509e-05, 1.81908653758e-05, 1.90463651961e-05, 4.22164048359e-05, 5.96376303292e-05, 3.32454510499e-05, 4.63328833575e-05, 9.09659720492e-05, 9.12005925784e-05, 1.64792290889e-05, 7.8287348515e-06, 1.98269826797e-05, 2.97309507005e-05, 2.20601014007e-05, 8.33172816783e-06, 4.53340589956e-06, 2.20230799641e-06, 2.2963806714e-06, 1.40951260619e-06, 1.11129088509e-06, 1.31734498154e-06, 1.44435318816e-06, 1.52355153205e-06, 1.73520118096e-06, 1.03284367015e-06, 8.34340596612e-07, 5.99589498052e-07, 2.79368975953e-07, 2.1052889565e-07, 1.80874479838e-07, 1.80786699389e-07, 1.49747464206e-07, 1.36785530458e-07, 1.41253437391e-07, 1.22951774983e-07, 8.82721735707e-08, 7.22187607494e-08, 6.0922332068e-08, 6.50860556561e-08, 1.02117425627e-07, 5.4270216765e-08, 3.35817702535e-08, 3.1397025424e-08, 3.62072682947e-08, 3.34830403403e-08, 2.16953424115e-08, 1.82889490219e-08, 1.2825109863e-08, 1.01525836627e-08, 5.92967008828e-09, 3.62665142362e-09, 3.19759418943e-09, 2.51981857602e-09, 2.49013454301e-09, 2.49290210697e-09, 2.46462694697e-09, 2.34555952439e-09, 2.43512543463e-09, 2.31595342903e-09, 2.1376835857e-09, 2.22191509636e-09, 1.87254789452e-09, 1.60779856095e-09, 1.50631229712e-09, 1.17146825573e-09, 6.87365608876e-10, 2.70181932382e-10, 1.59864399496e-10, 4.96235821532e-12, 4.80403434047e-12, 4.67722258493e-12, 4.56077320007e-12, 4.45587317044e-12, 4.36924238109e-12, 4.29201726243e-12, 4.22974719486e-12, 4.17611908596e-12, 4.14211677111e-12, 4.12308338513e-12]
    },
    "mfcc": {
        "mean": [-758.995544434, 192.406311035, -6.24462366104, 9.87110996246, 6.79989480972, -15.2821531296, -10.4651298523, -8.07582569122, -7.39029026031, -2.80186629295, -6.46591377258, -5.41866064072, -2.47040915489],
        "cov": [[3307.58178711, 555.593505859, -1516.43371582, 235.341781616, -196.344711304, -345.942657471, 83.8343276978, 164.215591431, 83.8921737671, 166.58001709, 20.1575126648, 176.445541382, 136.308197021], [555.593505859, 595.869567871, -88.1044387817, -121.100059509, 43.1269989014, -74.0123977661, 71.0140609741, 30.6559429169, 4.84590482712, 37.7901306152, -27.0036964417, -12.8693695068, 38.9224624634], [-1516.43371582, -88.1044387817, 1078.40893555, -5.19831562042, 90.9325256348, 200.778121948, -76.8201904297, -77.2813644409, -57.5363349915, -103.500236511, -41.6701698303, -96.7621231079, -60.3036727905], [235.341781616, -121.100059509, -5.19831562042, 351.417175293, 55.6020355225, -90.9302368164, -81.4459838867, -0.185723796487, 8.63882255554, -11.7705144882, -16.3491172791, 27.9162502289, -10.6318016052], [-196.344711304, 43.1269989014, 90.9325256348, 55.6020355225, 178.061981201, -2.06041574478, -43.5427970886, -14.363776207, -8.56983375549, -15.6075792313, -15.4866304398, -14.298910141, -13.9536705017], [-345.942657471, -74.0123977661, 200.778121948, -90.9302368164, -2.06041574478, 234.439102173, 78.9176864624, -37.0544929504, -13.1106643677, -9.90956401825, -3.70425581932, -41.3442001343, 7.92524290085], [83.8343276978, 71.0140609741, -76.8201904297, -81.4459838867, -43.5427970886, 78.9176864624, 167.657302856, 20.611371994, -6.37862014771, 34.135925293, 3.37180829048, -24.366060257, 14.7184820175], [164.215591431, 30.6559429169, -77.2813644409, -0.185723796487, -14.363776207, -37.0544929504, 20.611371994, 92.5879058838, 37.880531311, 9.36299610138, 21.0691871643, 23.2052516937, 17.1160488129], [83.8921737671, 4.84590482712, -57.5363349915, 8.63882255554, -8.56983375549, -13.1106643677, -6.37862014771, 37.880531311, 95.3048629761, 49.1237945557, 13.3731546402, 11.8188333511, 19.3373622894], [166.58001709, 37.7901306152, -103.500236511, -11.7705144882, -15.6075792313, -9.90956401825, 34.135925293, 9.36299610138, 49.1237945557, 123.64214325, 51.2843132019, -3.75199437141, 20.7531414032], [20.1575126648, -27.0036964417, -41.6701698303, -16.3491172791, -15.4866304398, -3.70425581932, 3.37180829048, 21.0691871643, 13.3731546402, 51.2843132019, 94.3823547363, 46.2974357605, 21.4333877563], [176.445541382, -12.8693695068, -96.7621231079, 27.9162502289, -14.298910141, -41.3442001343, -24.366060257, 23.2052516937, 11.8188333511, -3.75199437141, 46.2974357605, 119.993270874, 51.8862457275], [136.308197021, 38.9224624634, -60.3036727905, -10.6318016052, -13.9536705017, 7.92524290085, 14.7184820175, 17.1160488129, 19.3373622894, 20.7531414032, 21.4333877563, 51.8862457275, 104.658569336]],
        "icov": [[0.00603456795216, -0.00778007647023, 0.00844572950155, -0.00801438838243, 0.00798733346164, -0.00778187578544, 0.00749178417027, -0.00701037514955, 0.00588166480884, -0.00487407576293, 0.00398103147745, -0.00268430495635, 0.00122852728236], [-0.00778007647023, 0.0127425268292, -0.0111974738538, 0.0116625484079, -0.0116623314098, 0.0121728312224, -0.0113392462954, 0.00873972661793, -0.00722289597616, 0.00509580411017, -0.00329070421867, 0.00321951997466, -0.00278271874413], [0.00844572950155, -0.0111974738538, 0.0133691187948, -0.0114935226738, 0.0110293878242, -0.0126723796129, 0.0119501454756, -0.00981256645173, 0.00842064712197, -0.00575012061745, 0.00472939806059, -0.00256720092148, 0.00194301456213], [-0.00801438838243, 0.0116625484079, -0.0114935226738, 0.0148799074814, -0.0121076647192, 0.012295646593, -0.00983401667327, 0.00909232720733, -0.00765066128224, 0.00516274245456, -0.00302609126084, 0.00217357487418, -0.00172755797394], [0.00798733346164, -0.0116623314098, 0.0110293878242, -0.0121076647192, 0.017749061808, -0.0118490448222, 0.0123866694048, -0.00949771981686, 0.00838094670326, -0.00640128646046, 0.0050272224471, -0.00282953749411, 0.00222858530469], [-0.00778187578544, 0.0121728312224, -0.0126723796129, 0.012295646593, -0.0118490448222, 0.020721597597, -0.0166197419167, 0.0140149472281, -0.0109291505069, 0.0092109022662, -0.00703740026802, 0.00537024158984, -0.00457654194906], [0.00749178417027, -0.0113392462954, 0.0119501454756, -0.00983401667327, 0.0123866694048, -0.0166197419167, 0.0226964782923, -0.0150490030646, 0.0130317974836, -0.0112390574068, 0.00769298151135, -0.00251510017551, 0.00201778532937], [-0.00701037514955, 0.00873972661793, -0.00981256645173, 0.00909232720733, -0.00949771981686, 0.0140149472281, -0.0150490030646, 0.0274796783924, -0.0173601619899, 0.0139740249142, -0.012102666311, 0.00463076587766, -0.00293610082008], [0.00588166480884, -0.00722289597616, 0.00842064712197, -0.00765066128224, 0.00838094670326, -0.0109291505069, 0.0130317974836, -0.0173601619899, 0.0260992962867, -0.0169497262686, 0.0114395162091, -0.00556682609022, 0.00100787042174], [-0.00487407576293, 0.00509580411017, -0.00575012061745, 0.00516274245456, -0.00640128646046, 0.0092109022662, -0.0112390574068, 0.0139740249142, -0.0169497262686, 0.0263419318944, -0.0188485700637, 0.0108939819038, -0.00422403216362], [0.00398103147745, -0.00329070421867, 0.00472939806059, -0.00302609126084, 0.0050272224471, -0.00703740026802, 0.00769298151135, -0.012102666311, 0.0114395162091, -0.0188485700637, 0.0278367474675, -0.0134244840592, 0.00313564157113], [-0.00268430495635, 0.00321951997466, -0.00256720092148, 0.00217357487418, -0.00282953749411, 0.00537024158984, -0.00251510017551, 0.00463076587766, -0.00556682609022, 0.0108939819038, -0.0134244840592, 0.0198441334069, -0.00836767069995], [0.00122852728236, -0.00278271874413, 0.00194301456213, -0.00172755797394, 0.00222858530469, -0.00457654194906, 0.00201778532937, -0.00293610082008, 0.00100787042174, -0.00422403216362, 0.00313564157113, -0.00836767069995, 0.0149315111339]]
    },
    "spectral_contrast_coeffs": {
        "max": [-0.413463503122, -0.443911403418, -0.439623773098, -0.59457719326, -0.558595955372, -0.643534600735],
        "mean": [-0.667996823788, -0.711747407913, -0.745459020138, -0.777828812599, -0.781446456909, -0.84245377779],
        "min": [-0.928508758545, -0.957588374615, -0.917054951191, -0.917614161968, -0.922513604164, -0.953232288361],
        "stdev": [0.0792990326881, 0.0755357146263, 0.0640274360776, 0.0556387752295, 0.0620902590454, 0.0342247635126]
    },
    "spectral_contrast_valleys": {
        "max": [-5.69175577164, -5.00450134277, -6.31760025024, -6.80549192429, -7.08445644379, -10.45657444],
        "mean": [-7.22592687607, -6.9705324173, -8.13554668427, -8.61506080627, -9.26417827606, -11.8162155151],
        "min": [-9.93561935425, -9.46566009521, -10.8674154282, -10.528544426, -10.7263002396, -12.1133728027],
        "stdev": [0.643776834011, 0.801783263683, 0.810283958912, 0.723813414574, 0.624112904072, 0.140835255384]
    }
},
"rhythm": {
    "beats_count": 71,
    "beats_loudness": {
        "max": 0.104005031288,
        "mean": 0.0161630474031,
        "min": 0.000602477986831,
        "stdev": 0.0161973237991
    },
    "bpm": 144.517105103,
    "bpm_histogram_first_peak_bpm": 144,
    "bpm_histogram_first_peak_weight": 0.5,
    "bpm_histogram_second_peak_bpm": 157,
    "bpm_histogram_second_peak_spread": 0.153846144676,
    "bpm_histogram_second_peak_weight": 0.157142862678,
    "danceability": 0.811080932617,
    "onset_rate": 1.56884753704,
    "beats_loudness_band_ratio": {
        "max": [0.70419895649, 0.949551045895, 0.89715141058, 0.791389107704, 0.222791641951, 0.25511816144],
        "mean": [0.208056494594, 0.390327185392, 0.33650803566, 0.104175172746, 0.046206433326, 0.00708231050521],
        "min": [0.00241295294836, 0.0345484502614, 0.0182052068412, 0.00257155182771, 0.000730460917111, 0.000319439714076],
        "stdev": [0.173599720001, 0.237792953849, 0.228188112378, 0.154401153326, 0.0557353757322, 0.0298781450838]
    },
    "beats_position": [0.406349211931, 0.824308395386, 1.24226760864, 1.66022670269, 2.07818579674, 2.49614500999, 2.91410422325, 3.36689329147, 3.8196823597, 4.27247142792, 4.67882061005, 5.0967798233, 5.52634906769, 5.95591831207, 6.37387752533, 6.80344676971, 7.22140598297, 7.63936471939, 8.05732440948, 8.46367359161, 8.91646194458, 9.36925125122, 9.83365058899, 10.2864398956, 10.774058342, 11.2732877731, 11.7725172043, 12.2833557129, 12.7941951752, 13.3050336838, 13.7462129593, 14.1873922348, 14.6285715103, 15.0349206924, 15.4412698746, 15.8476190567, 16.2539672852, 16.6487064362, 17.0550556183, 17.4614048004, 17.8445339203, 18.2276649475, 18.6224040985, 19.0171432495, 19.4002723694, 19.7834014893, 20.1665306091, 20.549659729, 20.9211788177, 21.3043079376, 21.6758270264, 22.0589561462, 22.4420852661, 22.825214386, 23.2083435059, 23.7772331238, 24.3112926483, 24.8569602966, 25.4026298523, 25.9366893768, 26.470746994, 27.0048065186, 27.5388660431, 28.0845336914, 28.6766433716, 29.2687530518, 29.8492507935, 30.4297504425, 31.0102481842, 31.5907478333, 32.171245575],
