{
"metadata": {
    "version": {
        "essentia": "2.1-beta5",
        "essentia_git_sha": "Undefined",
        "extractor": "music 2.0"
    },
    "audio_properties": {
        "analysis": {
            "equal_loudness": 0,
            "length": 50.0390014648,
            "sample_rate": 44100,
            "start_time": 110.248344421,
            "downmix": "mix"
        },
        "bit_rate": 192000,
        "length": 160.310577393,
        "lossless": 0,
        "number_channels": 2,
        "replay_gain": -9.45511627197,
        "sample_rate": 48000,
        "codec": "mp3",
        "md5_encoded": "0ee71ce7453e9dd3dec1b652da703058"
    },
    "tags": {
        "file_name": "Sweden_Härliga Sommardag_Family Four.mp3",
        "encoding": ["Lavf58.29.100"]
    }
},
"lowlevel": {
    "average_loudness": 0.965734064579,
    "barkbands_crest": {
        "max": 26.3763332367,
        "mean": 8.15740871429,
        "min": 2.52816605568,
        "stdev": 3.54992723465
    },
    "barkbands_flatness_db": {
        "max": 0.343439787626,
        "mean": 0.137405529618,
        "min": 0.0589513257146,
        "stdev": 0.0304517224431
    },
    "barkbands_kurtosis": {
        "max": 56.6541023254,
        "mean": 0.476552248001,
        "min": -1.92201375961,
        "stdev": 2.2060675621
    },
    "barkbands_skewness": {
        "max": 7.59268760681,
        "mean": 0.213366627693,
        "min": -1.82064080238,
        "stdev": 0.720553100109
    },
    "barkbands_spread": {
        "max": 152.003128052,
        "mean": 20.5293598175,
        "min": 3.81731295586,
        "stdev": 11.4366044998
    },
    "dissonance": {
        "max": 0.500000059605,
        "mean": 0.466522872448,
        "min": 0.325337678194,
        "stdev": 0.0272930618376
    },
    "dynamic_complexity": 2.01438903809,
    "erbbands_crest": {
        "max": 31.7767944336,
        "mean": 9.90804767609,
        "min": 2.60329318047,
        "stdev": 4.40566205978
    },
    "erbbands_flatness_db": {
        "max": 0.326112091541,
        "mean": 0.209284603596,
        "min": 0.0848832502961,
        "stdev": 0.0382994450629
    },
    "erbbands_kurtosis": {
        "max": 21.3457832336,
        "mean": 1.01075923443,
        "min": -1.68895077705,
        "stdev": 1.87247276306
    },
    "erbbands_skewness": {
        "max": 2.14471030235,
        "mean": 0.224562749267,
        "min": -1.63522148132,
        "stdev": 0.543071985245
    },
    "erbbands_spread": {
        "max": 108.572769165,
        "mean": 22.8593711853,
        "min": 3.49580717087,
        "stdev": 12.4356241226
    },
    "hfc": {
        "max": 106.642669678,
        "mean": 29.9755077362,
        "min": 2.98712990343e-07,
        "stdev": 16.0110034943
    },
    "loudness_ebu128": {
        "integrated": -13.9076442719,
        "loudness_range": 1.50042152405,
        "momentary": {
            "max": -11.2691926956,
            "mean": -14.3757314682,
            "min": -93.1080703735,
            "stdev": 5.11599349976
        },
        "short_term": {
            "max": -12.8581485748,
            "mean": -13.9142360687,
            "min": -15.3115243912,
            "stdev": 0.529286026955
        }
    },
    "melbands_crest": {
        "max": 39.4577140808,
        "mean": 10.1072015762,
        "min": 3.42819833755,
        "stdev": 4.44674491882
    },
    "melbands_flatness_db": {
        "max": 0.303893148899,
        "mean": 0.149120986462,
        "min": 0.0359159372747,
        "stdev": 0.0367484427989
    },
    "melbands_kurtosis": {
        "max": 118.566467285,
        "mean": 1.75955963135,
        "min": -1.51201868057,
        "stdev": 5.0275015831
    },
    "melbands_skewness": {
        "max": 10.5784482956,
        "mean": 0.756633877754,
        "min": -1.45660352707,
        "stdev": 0.99747800827
    },
    "melbands_spread": {
        "max": 210.122558594,
        "mean": 33.31665802,
        "min": 4.32470750809,
        "stdev": 13.6684360504
    },
    "pitch_salience": {
        "max": 0.881562829018,
        "mean": 0.596258401871,
        "min": 0.027782747522,
        "stdev": 0.0948769748211
    },
    "silence_rate_20dB": {
        "max": 1,
        "mean": 1,
        "min": 1,
        "stdev": 0
    },
    "silence_rate_30dB": {
        "max": 1,
        "mean": 1,
        "min": 1,
        "stdev": 0
    },
    "silence_rate_60dB": {
        "max": 1,
        "mean": 0.00974025949836,
        "min": 0,
        "stdev": 0.0982109457254
    },
    "spectral_centroid": {
        "max": 5100.20996094,
        "mean": 1736.6138916,
        "min": 484.247039795,
        "stdev": 442.908477783
    },
    "spectral_complexity": {
        "max": 50,
        "mean": 25.0667896271,
        "min": 0,
        "stdev": 6.80984830856
    },
    "spectral_decrease": {
        "max": -2.30321989557e-18,
        "mean": -6.12340178563e-09,
        "min": -2.89416295374e-08,
        "stdev": 3.35249716876e-09
    },
    "spectral_energy": {
        "max": 0.114327900112,
        "mean": 0.0258300043643,
        "min": 3.57870191814e-11,
        "stdev": 0.0139251900837
    },
    "spectral_energyband_high": {
        "max": 0.0047215288505,
        "mean": 0.00061532529071,
        "min": 2.30537255952e-11,
        "stdev": 0.000502517737914
    },
    "spectral_energyband_low": {
        "max": 0.0218943636864,
        "mean": 0.00205974909477,
        "min": 5.13232945726e-12,
        "stdev": 0.00233880640008
    },
    "spectral_energyband_middle_high": {
        "max": 0.0691047981381,
        "mean": 0.015530818142,
        "min": 2.15022812923e-12,
        "stdev": 0.0111361443996
    },
    "spectral_energyband_middle_low": {
        "max": 0.0978972241282,
        "mean": 0.00814893096685,
        "min": 3.24762975843e-13,
        "stdev": 0.0073025659658
    },
    "spectral_entropy": {
        "max": 9.07014846802,
        "mean": 7.55884790421,
        "min": 6.68952894211,
        "stdev": 0.29855298996
    },
    "spectral_flux": {
        "max": 0.291886925697,
        "mean": 0.089965261519,
        "min": 4.79905747852e-06,
        "stdev": 0.0342742502689
    },
    "spectral_kurtosis": {
        "max": 16.5592575073,
        "mean": 4.22086763382,
        "min": -0.610739469528,
        "stdev": 2.46779179573
    },
    "spectral_rms": {
        "max": 0.0105612222105,
        "mean": 0.0048346943222,
        "min": 1.86853327477e-07,
        "stdev": 0.00135118828621
    },
    "spectral_rolloff": {
        "max": 18324.7558594,
        "mean": 1966.27966309,
        "min": 21.533203125,
        "stdev": 1122.72717285
    },
    "spectral_skewness": {
        "max": 2.73342990875,
        "mean": 1.31662666798,
        "min": 0.155529156327,
        "stdev": 0.333757668734
    },
    "spectral_spread": {
        "max": 14785936,
        "mean": 3235622.75,
        "min": 1954581.625,
        "stdev": 946094.75
    },
    "spectral_strongpeak": {
        "max": 12.1163406372,
        "mean": 2.3929541111,
        "min": 0,
        "stdev": 2.0188794136
    },
    "zerocrossingrate": {
        "max": 0.67919921875,
        "mean": 0.0708904638886,
        "min": 0.0009765625,
        "stdev": 0.0340466909111
    },
    "barkbands": {
        "max": [0.000239369546762, 0.0147097818553, 0.00832347758114, 0.0375077277422, 0.0548074021935, 0.0195617713034, 0.0615282282233, 0.0147935086861, 0.0219641607255, 0.0285971742123, 0.0347742363811, 0.0604844018817, 0.0444822534919, 0.0242348667234, 0.0257434193045, 0.0192303042859, 0.00677589373663, 0.00743107451126, 0.00494613172486, 0.00255364156328, 0.00122182746418, 0.00167725014035, 0.00292034191079, 0.000907359644771, 7.70962142269e-05, 1.12730622277e-05, 4.49709375516e-07],
        "mean": [1.34676502057e-05, 0.00108367297798, 0.000624261796474, 0.00106720707845, 0.0016900235787, 0.000993112334982, 0.00159822707064, 0.000890763534699, 0.00147775909863, 0.00139521609526, 0.00264288089238, 0.00373537861742, 0.00234571052715, 0.0021482380107, 0.00122713984456, 0.000545785529539, 0.000464932207251, 0.000706158287358, 0.000370648951503, 0.000363942963304, 0.000185897879419, 0.000134426285513, 8.17090622149e-05, 3.67692991858e-05, 5.50390086573e-06, 1.18638104141e-06, 1.15613263407e-09],
        "min": [8.38596813518e-12, 7.64827383284e-14, 1.12297341158e-15, 1.56627403376e-15, 6.86446850696e-15, 1.75712817506e-14, 1.77719658786e-14, 1.85944399526e-14, 5.58392308087e-14, 5.46790125113e-14, 6.29342498254e-14, 1.21898042875e-13, 5.36966440279e-14, 4.91883586e-14, 8.68694696797e-14, 2.66852322574e-13, 2.97599862505e-13, 1.21541638516e-13, 3.72285779678e-13, 6.30452070757e-13, 3.43178014218e-13, 8.08475465394e-13, 1.03440986245e-12, 1.11306699534e-12, 2.8344156449e-12, 3.53538422496e-12, 6.11405934561e-12],
        "stdev": [1.99954229174e-05, 0.00149624363985, 0.000861911568791, 0.00207423977554, 0.00278033106588, 0.001564306207, 0.00337441754527, 0.00141396315303, 0.00192074489314, 0.00230932515115, 0.00407989881933, 0.00580964703113, 0.00348832132295, 0.00291655166075, 0.00221463572234, 0.00100376200862, 0.000539053464308, 0.000746635778341, 0.000354518007953, 0.000314642675221, 0.000158185954206, 0.000140234667924, 0.00013637036318, 6.02271138632e-05, 7.19822855899e-06, 7.93464266735e-07, 9.84965176087e-09]
    },
    "erbbands": {
        "max": [0.152817130089, 4.05862188339, 10.1607084274, 62.2291908264, 217.849563599, 156.593414307, 117.831672668, 178.750701904, 358.516876221, 1031.55004883, 339.890625, 320.887054443, 1156.8996582, 1291.20361328, 1573.23254395, 2326.48901367, 2393.19726562, 1546.19812012, 1313.6192627, 1681.70874023, 501.256866455, 396.424194336, 505.85824585, 387.85345459, 106.111808777, 157.713165283, 76.2669372559, 40.7560310364, 69.7027893066, 69.912109375, 90.5696563721, 37.5235900879, 6.16874361038, 1.47466123104, 0.239826247096, 0.0724027231336, 0.0165859814733, 0.00345529615879, 7.30835745344e-05, 0.000130291111418],
        "mean": [0.012092157267, 0.30153387785, 0.836706101894, 1.96485710144, 5.55903482437, 5.55383825302, 5.02050924301, 9.40112400055, 16.4352722168, 27.3140029907, 20.6485595703, 28.8812732697, 46.8554344177, 71.6747436523, 129.552490234, 121.330490112, 103.901420593, 121.350669861, 75.8900222778, 54.1904754639, 29.3510093689, 28.4475059509, 35.8706893921, 29.282365799, 17.2331981659, 15.2833967209, 10.4537620544, 6.35768842697, 5.271525383, 3.02272391319, 2.30260252953, 1.14943623543, 0.415777951479, 0.108658075333, 0.0211568698287, 0.00811363849789, 0.00165096623823, 5.37100931979e-05, 1.79608614417e-05, 3.24927314068e-05],
        "min": [7.10925276981e-11, 7.55896994303e-12, 4.03809494523e-12, 7.24239982222e-12, 1.14371021334e-11, 2.26617093146e-11, 8.4150297841e-11, 1.40788811165e-10, 1.2329801069e-10, 2.90037605044e-10, 4.53794363198e-10, 1.02326391804e-09, 1.09432662931e-09, 1.71599057186e-09, 2.86134049787e-09, 6.05861183445e-09, 3.21021120797e-09, 1.5402727982e-09, 4.05956468441e-09, 8.91206930476e-09, 1.31294779493e-08, 1.3980146818e-08, 7.13922032602e-09, 9.70096092345e-09, 1.94243394702e-08, 2.90584214468e-08, 2.24100169532e-08, 1.47168943698e-08, 2.7606803954e-08, 4.09549230085e-08, 2.82232655024e-08, 2.61438231064e-08, 2.5403732451e-08, 3.0514893723e-08, 1.68805271983e-08, 9.04920138822e-09, 7.22025950139e-09, 3.34845640104e-09, 9.04968600057e-10, 5.70652136656e-11],
        "stdev": [0.0140845840797, 0.420752555132, 1.16943073273, 3.45147323608, 11.2747297287, 9.01292228699, 7.33610200882, 15.4177751541, 32.2910690308, 51.4107551575, 28.6181488037, 37.0756912231, 77.5733642578, 107.267715454, 178.73878479, 186.5834198, 148.207077026, 164.376983643, 109.333724976, 91.4829711914, 42.6434822083, 30.0012378693, 39.3775482178, 27.3385620117, 13.7123689651, 12.7858362198, 9.32355308533, 5.48759365082, 5.48739051819, 3.97324037552, 4.04289913177, 2.07324290276, 0.629907667637, 0.152129620314, 0.0196641925722, 0.00464448239654, 0.00148244213779, 8.31893194118e-05, 7.82021652412e-06, 1.67888265423e-05]
    },
    "gfcc": {
        "mean": [-0.224210530519, 105.324775696, -173.984008789, 31.7864055634, -64.2784500122, 18.1633205414, -29.2888031006, -2.30484604836, -22.5973091125, -5.13559103012, -7.48124408722, -7.01865386963, -10.3599491119],
        "cov": [[10260.2949219, 1906.40319824, -976.809265137, 309.484069824, -429.524230957, 30.6028957367, -204.339523315, -263.09753418, -141.032592773, -295.982177734, 13.9946660995, -249.870452881, -59.495891571], [1906.40319824, 695.602233887, -70.964225769, -32.3938064575, 89.4374542236, -43.4703941345, 5.4651017189, -52.3101043701, -66.3810958862, -32.5592842102, 6.21428489685, -50.5535697937, -42.263343811], [-976.809265137, -70.964225769, 459.087310791, 102.8621521, 14.8446722031, -46.5481452942, -60.3854789734, 41.3194160461, -16.7503356934, 50.4251098633, -43.7269821167, 34.6030044556, -26.379693985], [309.484069824, -32.3938064575, 102.8621521, 231.589920044, -62.1921386719, 19.8179244995, -51.058555603, 7.02671861649, 19.5038375854, -11.9015865326, -10.7186565399, -24.0405578613, 15.0201530457], [-429.524230957, 89.4374542236, 14.8446722031, -62.1921386719, 260.958648682, 31.8762512207, 57.3117866516, 15.6666221619, -0.448262631893, 39.1626663208, -1.98179376125, 5.7742228508, -4.03278779984], [30.6028957367, -43.4703941345, -46.5481452942, 19.8179244995, 31.8762512207, 174.769241333, 93.9664993286, 6.32689619064, 10.6270017624, -32.41147995, 34.2931404114, -18.6132202148, 14.012383461], [-204.339523315, 5.4651017189, -60.3854789734, -51.058555603, 57.3117866516, 93.9664993286, 182.436676025, 35.1081542969, -18.1232299805, -1.16555261612, 41.9392166138, -6.69142580032, 0.383518368006], [-263.09753418, -52.3101043701, 41.3194160461, 7.02671861649, 15.6666221619, 6.32689619064, 35.1081542969, 78.6749725342, 33.7091255188, 16.1442451477, 1.10251903534, 12.4844055176, -3.06744885445], [-141.032592773, -66.3810958862, -16.7503356934, 19.5038375854, -0.448262631893, 10.6270017624, -18.1232299805, 33.7091255188, 100.190925598, 23.4201335907, 7.02713298798, 5.30987167358, 7.9207983017], [-295.982177734, -32.5592842102, 50.4251098633, -11.9015865326, 39.1626663208, -32.41147995, -1.16555261612, 16.1442451477, 23.4201335907, 113.889595032, 8.03263092041, 10.7578029633, 2.63001966476], [13.9946660995, 6.21428489685, -43.7269821167, -10.7186565399, -1.98179376125, 34.2931404114, 41.9392166138, 1.10251903534, 7.02713298798, 8.03263092041, 82.0301589966, 13.12803936, 5.29568386078], [-249.870452881, -50.5535697937, 34.6030044556, -24.0405578613, 5.7742228508, -18.6132202148, -6.69142580032, 12.4844055176, 5.30987167358, 10.7578029633, 13.12803936, 82.8663101196, 9.62667560577], [-59.495891571, -42.263343811, -26.379693985, 15.0201530457, -4.03278779984, 14.012383461, 0.383518368006, -3.06744885445, 7.9207983017, 2.63001966476, 5.29568386078, 9.62667560577, 64.402671814]],
        "icov": [[0.00169539637864, -0.00515361735597, 0.00438412418589, -0.00330106238835, 0.00370946130715, -0.00363375572488, 0.00333291292191, -0.00198845635168, 0.00227321940474, -0.00183345971163, 0.0021030085627, -0.00174608081579, 0.0015415828675], [-0.00515361735597, 0.0176333580166, -0.0130639458075, 0.00974585209042, -0.0123162623495, 0.0121827470139, -0.0102827623487, 0.00683130463585, -0.00617830781266, 0.0063427425921, -0.00724683422595, 0.00638638110831, -0.00370649877004], [0.00438412418589, -0.0130639458075, 0.0150347352028, -0.0104301888496, 0.00909440498799, -0.00981815718114, 0.0100163295865, -0.00759350461885, 0.0084376251325, -0.00657615857199, 0.00675655156374, -0.00639285892248, 0.00598310073838], [-0.00330106238835, 0.00974585209042, -0.0104301888496, 0.0131403235719, -0.00578658049926, 0.00508494209498, -0.00425088172778, 0.00267147622071, -0.0052694552578, 0.00417583622038, -0.00473856879398, 0.00612737890333, -0.00535571109504], [0.00370946130715, -0.0123162623495, 0.00909440498799, -0.00578658049926, 0.0134656401351, -0.00975757464767, 0.0064059086144, -0.00473463814706, 0.00456788390875, -0.00620853342116, 0.00633637188002, -0.0045398673974, 0.00297100748867], [-0.00363375572488, 0.0121827470139, -0.00981815718114, 0.00508494209498, -0.00975757464767, 0.0194844715297, -0.0136816734448, 0.00798423960805, -0.00834169611335, 0.00831048376858, -0.00711633218452, 0.0059130191803, -0.00457035237923], [0.00333291292191, -0.0102827623487, 0.0100163295865, -0.00425088172778, 0.0064059086144, -0.0136816734448, 0.0199663285166, -0.012745664455, 0.0108359949663, -0.00538748782128, 0.000556223618332, -0.00208439049311, 0.00323029048741], [-0.00198845635168, 0.00683130463585, -0.00759350461885, 0.00267147622071, -0.00473463814706, 0.00798423960805, -0.012745664455, 0.0249572526664, -0.0123255448416, 0.00323584885336, -0.000370184803614, -6.98298463249e-05, -0.000431811378803], [0.00227321940474, -0.00617830781266, 0.0084376251325, -0.0052694552578, 0.00456788390875, -0.00834169611335, 0.0108359949663, -0.0123255448416, 0.0198522713035, -0.00623227842152, 0.00125351443421, -0.0023486725986, 0.0022409427911], [-0.00183345971163, 0.0063427425921, -0.00657615857199, 0.00417583622038, -0.00620853342116, 0.00831048376858, -0.00538748782128, 0.00323584885336, -0.00623227842152, 0.0145690673962, -0.00527375843376, 0.00337994494475, -0.00310971145518], [0.0021030085627, -0.00724683422595, 0.00675655156374, -0.00473856879398, 0.00633637188002, -0.00711633218452, 0.000556223618332, -0.000370184803614, 0.00125351443421, -0.00527375843376, 0.0195813253522, -0.0070012290962, 0.00248156161979], [-0.00174608081579, 0.00638638110831, -0.00639285892248, 0.00612737890333, -0.0045398673974, 0.0059130191803, -0.00208439049311, -6.98298463249e-05, -0.0023486725986, 0.00337994494475, -0.0070012290962, 0.0180343315005, -0.00500056240708], [0.0015415828675, -0.00370649877004, 0.00598310073838, -0.00535571109504, 0.00297100748867, -0.00457035237923, 0.00323029048741, -0.000431811378803, 0.0022409427911, -0.00310971145518, 0.00248156161979, -0.00500056240708, 0.0197543054819]]
    },
    "melbands": {
        "max": [0.00276288250461, 0.00501729501411, 0.0163779966533, 0.0141027960926, 0.00316932378337, 0.00480455765501, 0.00780217908323, 0.00913415569812, 0.0031364148017, 0.00269708177075, 0.00578664243221, 0.00487343268469, 0.00486513506621, 0.0074725933373, 0.00780075415969, 0.00511585595086, 0.00253483303823, 0.002258192515, 0.00252892286517, 0.00200240151025, 0.00057847663993, 0.000495276239235, 0.00029184287996, 0.000487226789119, 0.00035132150515, 0.000150395251694, 0.000113076181151, 0.00013714421948, 7.58013920859e-05, 2.99743187497e-05, 2.51759756793e-05, 5.03388691868e-05, 4.14907663071e-05, 3.78132572223e-05, 6.09422495472e-05, 3.95357565139e-05, 1.78357440745e-05, 5.66855896977e-06, 2.40604299506e-06, 9.82136839411e-07],
        "mean": [0.000207333694561, 0.00044149014866, 0.000476881716168, 0.000396672752686, 0.000189308309928, 0.000210374491871, 0.0002815927146, 0.00028279464459, 0.000165471210494, 0.000200014314032, 0.000232486971072, 0.000270766264293, 0.000397073163185, 0.000446241698228, 0.000224957650062, 0.000258472311543, 0.000217613152927, 0.000126366139739, 9.67806117842e-05, 4.72521096526e-05, 3.05654211843e-05, 2.93481552944e-05, 2.89938652713e-05, 3.38038189511e-05, 2.29950455832e-05, 1.2606036762e-05, 1.25583346744e-05, 9.47231546888e-06, 7.72092516854e-06, 4.01867100663e-06, 3.40381211572e-06, 3.31524711328e-06, 2.0847653559e-06, 1.49916525061e-06, 1.42505757594e-06, 9.91568526842e-07, 6.01134274802e-07, 3.30645661961e-07, 1.5141931442e-07, 6.69000712605e-08],
        "min": [1.15502258365e-12, 9.83440085992e-16, 1.07254625798e-15, 1.19615239954e-15, 2.50607445291e-15, 3.33635986473e-15, 2.2479286685e-15, 1.91655370942e-15, 4.13282833317e-15, 7.25157442232e-15, 5.11019254595e-15, 6.67151101345e-15, 8.29478443532e-15, 1.74557379862e-14, 6.28497642181e-15, 3.79980293039e-15, 2.6826124245e-15, 6.93956560103e-15, 6.19335922066e-15, 2.07877081027e-14, 1.38657167413e-14, 1.7844268611e-14, 6.10779068178e-15, 6.07353031664e-15, 5.83152410976e-15, 1.39421106428e-14, 1.50454278078e-14, 1.77246540063e-14, 1.60359244194e-14, 7.74493469168e-15, 7.18531103486e-15, 1.46279777841e-14, 1.46504597326e-14, 2.15267443492e-14, 1.52215496745e-14, 1.26050928525e-14, 1.78515547884e-14, 1.04493812962e-14, 1.78098299454e-14, 2.6006721936e-14],
        "stdev": [0.000265054986812, 0.000578484789003, 0.000868540257215, 0.000693232228514, 0.000254917657003, 0.000345351872966, 0.000555828562938, 0.000485313503304, 0.000244160764851, 0.000267917785095, 0.000393947237171, 0.000416571769165, 0.000556403480005, 0.000742554198951, 0.000437764218077, 0.000391314970329, 0.000314408011036, 0.000204130294151, 0.000186617049621, 9.16289864108e-05, 4.73807194794e-05, 3.54373150913e-05, 3.31724040734e-05, 4.27570921602e-05, 2.33130394918e-05, 1.28918063638e-05, 1.25583273984e-05, 9.36556352826e-06, 7.92911941971e-06, 3.83368933399e-06, 3.09716870106e-06, 3.58573038284e-06, 2.65436460722e-06, 2.14795545617e-06, 2.62882872448e-06, 1.87643968275e-06, 1.08108861241e-06, 5.42506029433e-07, 2.27570552624e-07, 9.41614288763e-08]
    },
    "melbands128": {
        "max": [0.000171907275217, 0.000638421683107, 0.00352186686359, 0.00852981209755, 0.00686211278662, 0.00528162717819, 0.0103535512462, 0.0229203216732, 0.0244629196823, 0.0141773112118, 0.00801482237875, 0.00443079508841, 0.00457038078457, 0.00601975806057, 0.00611260905862, 0.0101845487952, 0.0118266353384, 0.00728641916066, 0.025045754388, 0.0127213997766, 0.00587949063629, 0.00432779779658, 0.00516843330115, 0.00588878244162, 0.00336461979896, 0.00517990719527, 0.00818169023842, 0.00770990364254, 0.00752454902977, 0.00930079072714, 0.0110011547804, 0.00843688007444, 0.00861323904246, 0.0118653746322, 0.0104351313785, 0.0145629253238, 0.00979246757925, 0.0152787109837, 0.00962027255446, 0.0129794310778, 0.00553899817169, 0.0111155156046, 0.00410189805552, 0.00430952850729, 0.00593149801716, 0.0047575365752, 0.00547485053539, 0.0058890064247, 0.0028051561676, 0.00651647988707, 0.00353357358836, 0.00223105330952, 0.0014928636374, 0.000879822473507, 0.000906345958356, 0.00089303200366, 0.000488647841848, 0.000309658818878, 0.000747253536247, 0.00104729062878, 0.00107510248199, 0.000867506780196, 0.000907075533178, 0.000228656383115, 0.00026954250643, 0.000299450388411, 0.000133263485623, 0.000200430295081, 0.000133347173687, 0.000171871826751, 0.000258095824393, 0.000170404862729, 0.000230987323448, 0.00013303423475, 0.000110208071419, 7.06871796865e-05, 5.23364724359e-05, 4.69917358714e-05, 4.91476130264e-05, 3.09901879518e-05, 7.81300186645e-05, 6.73876565997e-05, 3.75743838958e-05, 5.32491430931e-05, 5.09928140673e-05, 5.09323399456e-05, 3.60207122867e-05, 7.18343508197e-05, 8.07976612123e-05, 3.50208028976e-05, 4.48261234851e-05, 5.03277624375e-05, 3.30153379764e-05, 2.00994418265e-05, 1.37518254633e-05, 1.17989147839e-05, 4.3082168304e-06, 5.19925970366e-06, 3.40627002515e-06, 2.52432960224e-06, 2.35583161157e-06, 1.11455528895e-06, 6.59089153032e-07, 4.92713070344e-07, 3.60740216365e-07, 2.14063248904e-07, 1.69317090126e-07, 4.20754048491e-07, 1.3935783727e-07, 8.2244319799e-08, 8.2958507619e-08, 8.13411631384e-08, 5.68386013811e-08, 6.10989800975e-08, 5.96869469405e-08, 4.71857433126e-08, 1.73266609949e-08, 3.18142068245e-10, 2.92796703549e-10, 2.74033129521e-10, 2.60158172782e-10, 2.50867354668e-10, 2.43433856406e-10, 2.39954695003e-10, 2.33653235648e-10, 2.28683488812e-10, 2.26828125727e-10, 2.25155658007e-10],
        "mean": [9.01108433027e-06, 3.83713486372e-05, 0.000239044587943, 0.000619394122623, 0.000508027151227, 0.000273323152214, 0.000309902156005, 0.000643903098535, 0.000604732253123, 0.000346972199623, 0.000321622646879, 0.000202140086913, 0.000155731278937, 0.000163979755598, 0.000195432643523, 0.000252161582466, 0.000233505503275, 0.000231344718486, 0.000432273955084, 0.000319540587952, 0.000209220903344, 0.000180213944986, 0.000150930733071, 0.000169752558577, 0.000140730277053, 0.000230066521908, 0.000296423007967, 0.000215415435378, 0.000213555962546, 0.000165647201356, 0.0003198235936, 0.000424388243118, 0.000322422711179, 0.000399558339268, 0.000677593110595, 0.000375757808797, 0.000211378486711, 0.000289563962724, 0.000150380001287, 0.000216831540456, 0.000277693354292, 0.000348133908119, 0.00019710745255, 0.000165088931681, 0.000186039935215, 9.95352893369e-05, 8.4938154032e-05, 0.00012371315097, 8.87251371751e-05, 6.0843929532e-05, 3.99087221012e-05, 3.48416106135e-05, 3.62423525075e-05, 2.63204274233e-05, 2.41934085352e-05, 3.67282882507e-05, 2.51401943387e-05, 2.30982859648e-05, 3.46550368704e-05, 3.25701039401e-05, 3.59982986993e-05, 3.11967851303e-05, 2.96633697872e-05, 1.868641084e-05, 1.64542379935e-05, 1.27893626996e-05, 8.52686389408e-06, 1.46180582306e-05, 1.26189288494e-05, 1.11558392746e-05, 9.41058169701e-06, 8.36975232232e-06, 1.01612467915e-05, 7.68336758483e-06, 4.94842879561e-06, 3.53917880602e-06, 4.06061690228e-06, 3.97347093894e-06, 3.12555903292e-06, 2.89250920105e-06, 4.04042657465e-06, 3.10002633341e-06, 2.33589048548e-06, 2.10028792935e-06, 1.89540946849e-06, 1.36012590701e-06, 1.40508814184e-06, 1.61171726631e-06, 1.49202355715e-06, 1.19613230254e-06, 1.26359566366e-06, 8.69796622283e-07, 7.00716384472e-07, 6.01723058935e-07, 5.52962717393e-07, 4.38112977008e-07, 2.5464643727e-07, 2.10388492405e-07, 1.68562181102e-07, 1.08544632837e-07, 1.03389943718e-07, 5.01994215085e-08, 4.21591401789e-08, 2.43240823039e-08, 1.9579568189e-08, 1.33397790592e-08, 1.56782427041e-08, 1.52081174321e-08, 1.40795997083e-08, 1.33194806295e-08, 1.1352917717e-08, 6.88156021056e-09, 5.15832088155e-09, 5.45134382079e-10, 5.00778828127e-11, 4.20202969642e-11, 1.59629844065e-11, 4.12314626885e-12, 3.92443803149e-12, 3.81361262014e-12, 3.71450266379e-12, 3.63366520033e-12, 3.56266860631e-12, 3.49790335585e-12, 3.41913975431e-12, 3.32890204117e-12, 3.27395337403e-12, 3.25198071596e-12],
        "min": [3.36358783708e-12, 1.06683574735e-12, 1.79843593902e-14, 4.75098503714e-16, 4.93821902315e-16, 4.2208096454e-16, 1.05750581157e-15, 7.29953935702e-16, 8.13810515118e-16, 6.71929637717e-16, 3.56280480582e-16, 9.64501170445e-16, 1.8757584851e-15, 3.00036031752e-15, 1.34636776351e-15, 3.92921670042e-16, 8.01863009518e-16, 1.34451678476e-15, 4.40517864835e-15, 1.12159825359e-15, 9.23900128426e-16, 1.43265469221e-15, 4.90243188113e-15, 5.39759506012e-15, 4.44576296146e-15, 4.75919606865e-15, 2.77473636312e-15, 3.90026950827e-15, 4.62122583649e-15, 3.02348325819e-15, 4.98815415649e-15, 3.77141885633e-15, 6.83865348383e-15, 6.33577679931e-15, 7.06163363665e-15, 1.15592045213e-14, 7.27630185515e-15, 3.98283235074e-15, 2.91625206344e-15, 3.20517966043e-15, 2.799818491e-15, 1.96000882896e-15, 1.02544730858e-15, 3.54001919602e-15, 4.26496759052e-15, 8.9275764922e-15, 4.08809017048e-15, 4.64543403812e-15, 6.3825381002e-15, 1.25445011976e-14, 1.84145166021e-14, 8.04394155722e-15, 9.99612210768e-15, 1.03018264627e-14, 1.21744096331e-14, 1.5113354768e-14, 7.11656838196e-15, 6.07079312967e-15, 6.08902720793e-15, 5.67307135039e-15, 7.49756888383e-15, 4.81881194154e-15, 4.14992018749e-15, 2.76586919871e-15, 5.21158493083e-15, 1.03553657213e-14, 1.4868118401e-14, 1.00590151511e-14, 6.89325407464e-15, 1.13030981805e-14, 1.9004761347e-14, 1.73376853103e-14, 1.29598641321e-14, 1.20235378186e-14, 8.9498636231e-15, 1.02244584733e-14, 5.30818141517e-15, 5.53172357435e-15, 6.48597437558e-15, 1.00787035849e-14, 1.5697868488e-14, 1.02906413927e-14, 1.52272383477e-14, 7.59886131883e-15, 1.41696059047e-14, 1.94024365395e-14, 1.36175335466e-14, 1.22422154675e-14, 1.18032601244e-14, 1.51286809821e-14, 8.06578145474e-15, 1.29059784371e-14, 1.57923092734e-14, 1.67005284927e-14, 2.12341385116e-14, 1.45368946373e-14, 5.91361346082e-15, 6.8254410404e-15, 1.73008309068e-14, 1.72853640852e-14, 2.71871724623e-14, 1.64108110375e-14, 1.77152214474e-14, 2.04708906754e-14, 1.57179058994e-14, 2.19027456626e-14, 1.02405351587e-14, 7.65805282821e-15, 1.07131626026e-14, 1.46146099102e-14, 2.44067749545e-14, 2.16842755367e-14, 2.82471122231e-14, 1.70639107092e-14, 9.29178371886e-15, 1.92064060104e-14, 2.0466845246e-14, 3.27551232123e-14, 3.19668946804e-14, 2.74468795402e-14, 1.43452602092e-14, 1.96760908619e-14, 1.56662809353e-14, 1.59640248747e-14, 1.30063391359e-14, 5.44421151837e-15, 5.58194341664e-16, 1.2085661306e-17],
        "stdev": [1.38957229865e-05, 5.35432918696e-05, 0.000296431680908, 0.000923557439819, 0.000799962494057, 0.00037674815394, 0.000590019684751, 0.00129266653676, 0.00132876099087, 0.000711588538252, 0.000565597554669, 0.000323938700603, 0.000281185202766, 0.000328673137119, 0.000395803246647, 0.000543545174878, 0.000666200008709, 0.000586488517001, 0.00124257721473, 0.000681352685206, 0.000431533728261, 0.00036599842133, 0.00032029763679, 0.00034345043241, 0.000285189831629, 0.000430663931184, 0.000628293666523, 0.000534281192813, 0.000495318206958, 0.000389404565794, 0.000761062488891, 0.000861622800585, 0.000738241884392, 0.00103123195004, 0.00136421620846, 0.000954642193392, 0.000565938418731, 0.000789212353993, 0.000441328622401, 0.000597441510763, 0.000491736107506, 0.00085055117961, 0.000399749376811, 0.000391059991671, 0.000435602589278, 0.0002464002755, 0.000259378168266, 0.000306836649543, 0.000233651167946, 0.000187843717868, 0.000125747435959, 8.64745306899e-05, 8.20329878479e-05, 5.0707221817e-05, 4.62557145511e-05, 5.72879580432e-05, 3.66103522538e-05, 3.42204766639e-05, 6.18809426669e-05, 5.46038972971e-05, 7.32536936994e-05, 5.68921823287e-05, 4.71284110972e-05, 2.73088808171e-05, 2.59619537246e-05, 2.23042934522e-05, 1.2425883142e-05, 2.06683725992e-05, 1.59716400958e-05, 1.45401572809e-05, 1.44213545354e-05, 1.25929418573e-05, 1.55449379236e-05, 1.0482342077e-05, 6.99142219673e-06, 4.88549812871e-06, 4.78785977975e-06, 4.68663711217e-06, 3.88621674574e-06, 3.18151137435e-06, 5.01850672663e-06, 4.30196269008e-06, 3.25777887156e-06, 3.35331878887e-06, 2.93607217827e-06, 2.24201016863e-06, 2.29571310228e-06, 2.99725570585e-06, 3.38886934514e-06, 2.29167108046e-06, 2.2034603262e-06, 2.22964104069e-06, 1.48579999859e-06, 1.14311581001e-06, 1.17001172839e-06, 9.01640589746e-07, 3.84339301718e-07, 3.68593020994e-07, 2.72325053174e-07, 2.00911856041e-07, 1.82357311473e-07, 8.17564611566e-08, 5.45724638812e-08, 3.30728511244e-08, 2.32158434699e-08, 1.30200525916e-08, 1.32420749921e-08, 1.78567880482e-08, 1.06581321546e-08, 9.1717264894e-09, 8.20673307089e-09, 9.3985255134e-09, 7.90509524506e-09, 1.73190350949e-09, 1.28568466984e-09, 1.01661334906e-09, 3.73245961915e-10, 9.7489395029e-12, 8.61299399857e-12, 8.21618727914e-12, 7.90865289924e-12, 7.68081605262e-12, 7.49068428813e-12, 7.3719945079e-12, 7.2226738479e-12, 7.10519533834e-12, 7.0454996004e-12, 7.00067304474e-12]
    },
    "mfcc": {
        "mean": [-616.147644043, 121.368278503, -40.4798965454, 13.2640790939, -13.1974668503, 12.5969018936, 0.571351051331, 5.96457576752, -10.5340938568, 2.72516274452, -2.42124795914, 1.35576879978, -5.80192232132],
        "cov": [[4826.16259766, 545.057189941, -238.119155884, 5.83397817612, -103.338638306, 109.363990784, 9.66557407379, 111.514602661, -52.165512085, 16.9874763489, -12.4104299545, -3.07715845108, -55.2531204224], [545.057189941, 680.002929688, -154.440948486, 52.12266922, 48.2603492737, 19.3436584473, 80.6099090576, 3.6337351799, -41.3485946655, 23.0827331543, 22.1038475037, -6.20887327194, -34.6345710754], [-238.119155884, -154.440948486, 420.961334229, 104.293670654, 25.1897239685, -39.3389968872, -48.1714630127, -24.3712368011, 2.42392373085, -28.217124939, -25.1619033813, 1.32498002052, 29.3976249695], [5.83397817612, 52.12266922, 104.293670654, 177.791778564, 58.5039787292, -27.0725746155, -30.4931297302, -44.3936576843, 6.43708467484, 10.165971756, -17.9596977234, -7.53666973114, 11.1361789703], [-103.338638306, 48.2603492737, 25.1897239685, 58.5039787292, 165.801895142, 20.4888191223, -40.151927948, -14.8161468506, 15.6568822861, 17.1209030151, -5.79551267624, -9.4289932251, -7.0129275322], [109.363990784, 19.3436584473, -39.3389968872, -27.0725746155, 20.4888191223, 113.295608521, 70.0337219238, 23.1438274384, 10.418797493, 13.1999759674, 17.1147212982, 3.55775237083, -8.48088169098], [9.66557407379, 80.6099090576, -48.1714630127, -30.4931297302, -40.151927948, 70.0337219238, 192.523544312, 50.1666603088, -5.96682739258, 20.5706005096, 28.8586730957, -1.86841130257, -10.3242311478], [111.514602661, 3.6337351799, -24.3712368011, -44.3936576843, -14.8161468506, 23.1438274384, 50.1666603088, 129.495437622, 7.40698766708, -12.8017282486, 25.8040275574, 3.54201722145, -4.65572214127], [-52.165512085, -41.3485946655, 2.42392373085, 6.43708467484, 15.6568822861, 10.418797493, -5.96682739258, 7.40698766708, 77.6762237549, 27.5443992615, -1.2504119873, -4.90975046158, 4.37162399292], [16.9874763489, 23.0827331543, -28.217124939, 10.165971756, 17.1209030151, 13.1999759674, 20.5706005096, -12.8017282486, 27.5443992615, 92.1156539917, 17.5672359467, 1.00729763508, -2.29799079895], [-12.4104299545, 22.1038475037, -25.1619033813, -17.9596977234, -5.79551267624, 17.1147212982, 28.8586730957, 25.8040275574, -1.2504119873, 17.5672359467, 75.8445129395, 26.225189209, -2.65757989883], [-3.07715845108, -6.20887327194, 1.32498002052, -7.53666973114, -9.4289932251, 3.55775237083, -1.86841130257, 3.54201722145, -4.90975046158, 1.00729763508, 26.225189209, 71.6053619385, 26.5379085541], [-55.2531204224, -34.6345710754, 29.3976249695, 11.1361789703, -7.0129275322, -8.48088169098, -10.3242311478, -4.65572214127, 4.37162399292, -2.29799079895, -2.65757989883, 26.5379085541, 73.3694839478]],
        "icov": [[0.00027496664552, -0.000246602896368, 5.77609353059e-05, -0.000209487072425, 0.000477316440083, -0.000577953527682, 0.000480229267851, -0.000403682410251, 0.000201220507734, -0.000227867669309, 0.000283023255179, -4.21366348746e-05, 0.00012645724928], [-0.000246602896368, 0.00225107464939, 0.000871834752616, -0.000922907842323, -0.00115607073531, 0.000965306768194, -0.00141941790935, 0.000303154345602, 0.000974013411906, 9.16239223443e-05, -0.000440480856923, -0.000125506398035, 0.000462536117993], [5.77609353059e-05, 0.000871834752616, 0.00340749137104, -0.00221886346117, -0.000205641466891, 0.000431986583862, -0.000159397663083, -0.000213489503949, 0.000272289384156, 0.00091007881565, 0.000205362390261, -0.000141649419675, -0.000508217723109], [-0.000209487072425, -0.000922907842323, -0.00221886346117, 0.00916688516736, -0.00291273975745, 0.00236531114206, -0.000893644057214, 0.00242481171153, -0.0010863043135, -0.000447478640126, 0.000281090848148, 0.000550102326088, -0.00121070584282], [0.000477316440083, -0.00115607073531, -0.000205641466891, -0.00291273975745, 0.00953807588667, -0.00490620406345, 0.0042299805209, -0.00133545568679, -0.000229319557548, -0.0017525870353, 0.000496615073644, 0.000793455110397, 0.000883041240741], [-0.000577953527682, 0.000965306768194, 0.000431986583862, 0.00236531114206, -0.00490620406345, 0.0150481909513, -0.00670941360295, 0.00122559769079, -0.00225187232718, 0.00107696093619, -0.0011428456055, -0.00125598930754, 0.000473278982099], [0.000480229267851, -0.00141941790935, -0.000159397663083, -0.000893644057214, 0.0042299805209, -0.00670941360295, 0.010204738006, -0.00328086223453, 0.00183356599882, -0.00269981403835, -0.000564804067835, 0.00149923376739, -8.89101738721e-06], [-0.000403682410251, 0.000303154345602, -0.000213489503949, 0.00242481171153, -0.00133545568679, 0.00122559769079, -0.00328086223453, 0.0109351091087, -0.00273230555467, 0.003472995013, -0.00355641497299, 0.000567377486732, -0.000259616732365], [0.000201220507734, 0.000974013411906, 0.000272289384156, -0.0010863043135, -0.000229319557548, -0.00225187232718, 0.00183356599882, -0.00273230555467, 0.0165779385716, -0.00576969608665, 0.00140199926682, 0.00136616174132, -0.001142326626], [-0.000227867669309, 9.16239223443e-05, 0.00091007881565, -0.000447478640126, -0.0017525870353, 0.00107696093619, -0.00269981403835, 0.003472995013, -0.00576969608665, 0.0149566391483, -0.00407318165526, 0.000323028012644, -7.97814209363e-05], [0.000283023255179, -0.000440480856923, 0.000205362390261, 0.000281090848148, 0.000496615073644, -0.0011428456055, -0.000564804067835, -0.00355641497299, 0.00140199926682, -0.00407318165526, 0.0188516657799, -0.00745286745951, 0.00265792151913], [-4.21366348746e-05, -0.000125506398035, -0.000141649419675, 0.000550102326088, 0.000793455110397, -0.00125598930754, 0.00149923376739, 0.000567377486732, 0.00136616174132, 0.000323028012644, -0.00745286745951, 0.0197635143995, -0.00742983724922], [0.00012645724928, 0.000462536117993, -0.000508217723109, -0.00121070584282, 0.000883041240741, 0.000473278982099, -8.89101738721e-06, -0.000259616732365, -0.001142326626, -7.97814209363e-05, 0.00265792151913, -0.00742983724922, 0.0173012316227]]
    },
    "spectral_contrast_coeffs": {
        "max": [-0.477018356323, -0.510136604309, -0.491477012634, -0.56177097559, -0.579061508179, -0.564191699028],
        "mean": [-0.720224440098, -0.762920081615, -0.709883630276, -0.741669297218, -0.754765272141, -0.687231421471],
        "min": [-0.936911821365, -0.957687497139, -0.954992711544, -0.949464917183, -0.946394503117, -0.931625902653],
        "stdev": [0.0613913051784, 0.063874207437, 0.0771663859487, 0.0614674091339, 0.0455630794168, 0.0421926639974]
    },
    "spectral_contrast_valleys": {
        "max": [-5.5698633194, -4.87108802795, -5.33716630936, -5.46427583694, -6.11040592194, -9.05245494843],
        "mean": [-7.07624578476, -6.59169149399, -6.90265321732, -7.16558504105, -7.32513999939, -10.9711380005],
        "min": [-19.733335495, -18.2186031342, -17.8275432587, -17.9074039459, -16.8503551483, -18.2193489075],
        "stdev": [1.26707923412, 1.12709999084, 1.10874664783, 1.0845580101, 0.961493968964, 0.918061673641]
    }
},
"rhythm": {
    "beats_count": 76,
    "beats_loudness": {
        "max": 0.072306394577,
        "mean": 0.0377918034792,
        "min": 0.0103668859228,
        "stdev": 0.0151641257107
    },
    "bpm": 89.55859375,
    "bpm_histogram_first_peak_bpm": 89,
    "bpm_histogram_first_peak_weight": 0.411764681339,
    "bpm_histogram_second_peak_bpm": 117,
    "bpm_histogram_second_peak_spread": 0,
    "bpm_histogram_second_peak_weight": 0.0933333337307,
    "danceability": 1.57007789612,
    "onset_rate": 2.51745176315,
    "beats_loudness_band_ratio": {
        "max": [0.615638315678, 0.295675486326, 0.441861480474, 0.762310922146, 0.590632617474, 0.159764096141],
        "mean": [0.144903764129, 0.0798819363117, 0.140777125955, 0.446952074766, 0.173847362399, 0.0436686575413],
        "min": [0.00407021259889, 0.0108222514391, 0.0301190447062, 0.07769061625, 0.0149391759187, 0.0058206692338],
        "stdev": [0.128131330013, 0.0590241216123, 0.0870715901256, 0.168537318707, 0.122537769377, 0.0349987000227]
    },
