{
"metadata": {
    "version": {
        "essentia": "2.1-beta5",
        "essentia_git_sha": "Undefined",
        "extractor": "music 2.0"
    },
    "audio_properties": {
        "analysis": {
            "equal_loudness": 0,
            "length": 24.984670639,
            "sample_rate": 44100,
            "start_time": 207.737319946,
            "downmix": "mix"
        },
        "bit_rate": 192000,
        "length": 232.745223999,
        "lossless": 0,
        "number_channels": 2,
        "replay_gain": 2.36441230774,
        "sample_rate": 48000,
        "codec": "mp3",
        "md5_encoded": "547763f17ab3e515759f6c7a5c339721"
    },
    "tags": {
        "file_name": "Luxembourg_Children, Kinder, Enfants_Margo, Franck, Diane, Ireen, Malcolm _ Chris.mp3",
        "encoding": ["Lavf58.29.100"]
    }
},
"lowlevel": {
    "average_loudness": 0.305994689465,
    "barkbands_crest": {
        "max": 16.2051639557,
        "mean": 6.025785923,
        "min": 2.24061846733,
        "stdev": 1.88405573368
    },
    "barkbands_flatness_db": {
        "max": 0.161021441221,
        "mean": 0.0800930410624,
        "min": 0.035843025893,
        "stdev": 0.0149574512616
    },
    "barkbands_kurtosis": {
        "max": 12.1745462418,
        "mean": 1.24695074558,
        "min": -1.76610779762,
        "stdev": 1.89421021938
    },
    "barkbands_skewness": {
        "max": 2.06155109406,
        "mean": -0.652409493923,
        "min": -3.26259756088,
        "stdev": 1.06836330891
    },
    "barkbands_spread": {
        "max": 79.2343215942,
        "mean": 25.7785778046,
        "min": 9.45665454865,
        "stdev": 9.63514709473
    },
    "dissonance": {
        "max": 0.499999701977,
        "mean": 0.488229125738,
        "min": 0.42155867815,
        "stdev": 0.0119101824239
    },
    "dynamic_complexity": 5.68132400513,
    "erbbands_crest": {
        "max": 20.3330345154,
        "mean": 5.60670804977,
        "min": 2.65772557259,
        "stdev": 2.79822492599
    },
    "erbbands_flatness_db": {
        "max": 0.230911284685,
        "mean": 0.14178660512,
        "min": 0.0812018364668,
        "stdev": 0.0435873828828
    },
    "erbbands_kurtosis": {
        "max": 8.8793888092,
        "mean": 0.124225951731,
        "min": -1.35708773136,
        "stdev": 0.783902227879
    },
    "erbbands_skewness": {
        "max": 1.63571703434,
        "mean": -0.222342789173,
        "min": -2.34845232964,
        "stdev": 0.507098197937
    },
    "erbbands_spread": {
        "max": 71.6055374146,
        "mean": 30.9435901642,
        "min": 9.79348182678,
        "stdev": 9.50719833374
    },
    "hfc": {
        "max": 189.806335449,
        "mean": 15.7824773788,
        "min": 1.04158523176e-16,
        "stdev": 24.3290805817
    },
    "loudness_ebu128": {
        "integrated": -26.8542346954,
        "loudness_range": 8.59407615662,
        "momentary": {
            "max": -23.4997425079,
            "mean": -139.703552246,
            "min": -300.691009521,
            "stdev": 132.703262329
        },
        "short_term": {
            "max": -25.0460205078,
            "mean": -121.241340637,
            "min": -300.691009521,
            "stdev": 127.373100281
        }
    },
    "melbands_crest": {
        "max": 27.4516906738,
        "mean": 5.42012310028,
        "min": 1.54524207115,
        "stdev": 3.90648841858
    },
    "melbands_flatness_db": {
        "max": 0.253322780132,
        "mean": 0.0560067594051,
        "min": 0.00251861754805,
        "stdev": 0.0465449728072
    },
    "melbands_kurtosis": {
        "max": 37.0549545288,
        "mean": 0.265567600727,
        "min": -1.70757317543,
        "stdev": 2.41182780266
    },
    "melbands_skewness": {
        "max": 6.02503490448,
        "mean": 0.488007426262,
        "min": -1.16480457783,
        "stdev": 0.683669924736
    },
    "melbands_spread": {
        "max": 195.699020386,
        "mean": 79.9389419556,
        "min": 15.0970802307,
        "stdev": 46.8093986511
    },
    "pitch_salience": {
        "max": 0.869640111923,
        "mean": 0.72316044569,
        "min": 0.283275485039,
        "stdev": 0.106120646
    },
    "silence_rate_20dB": {
        "max": 1,
        "mean": 1,
        "min": 1,
        "stdev": 0
    },
    "silence_rate_30dB": {
        "max": 1,
        "mean": 1,
        "min": 1,
        "stdev": 0
    },
    "silence_rate_60dB": {
        "max": 1,
        "mean": 0.53760445118,
        "min": 0,
        "stdev": 0.49858134985
    },
    "spectral_centroid": {
        "max": 11965.1308594,
        "mean": 5935.40332031,
        "min": 1079.95007324,
        "stdev": 4303.90429688
    },
    "spectral_complexity": {
        "max": 51,
        "mean": 14.8662948608,
        "min": 0,
        "stdev": 16.4597816467
    },
    "spectral_decrease": {
        "max": 2.65627532011e-28,
        "mean": -1.93871829701e-09,
        "min": -1.60332369603e-08,
        "stdev": 2.7917452794e-09
    },
    "spectral_energy": {
        "max": 0.0708764493465,
        "mean": 0.00874868873507,
        "min": 1.00026193572e-20,
        "stdev": 0.0125788301229
    },
    "spectral_energyband_high": {
        "max": 0.0261509083211,
        "mean": 0.000835965503938,
        "min": 6.86769773188e-21,
        "stdev": 0.00184869300574
    },
    "spectral_energyband_low": {
        "max": 0.00967960059643,
        "mean": 0.000558805360924,
        "min": 1.11832432355e-23,
        "stdev": 0.00143574224785
    },
    "spectral_energyband_middle_high": {
        "max": 0.0414675585926,
        "mean": 0.00489727966487,
        "min": 1.0431480597e-21,
        "stdev": 0.00714153796434
    },
    "spectral_energyband_middle_low": {
        "max": 0.0318168029189,
        "mean": 0.00289449491538,
        "min": 1.32545330685e-22,
        "stdev": 0.00490517262369
    },
    "spectral_entropy": {
        "max": 9.82898235321,
        "mean": 8.73034667969,
        "min": 7.45655250549,
        "stdev": 0.90999764204
    },
    "spectral_flux": {
        "max": 0.180855318904,
        "mean": 0.0417053662241,
        "min": 6.1899568804e-11,
        "stdev": 0.0455271191895
    },
    "spectral_kurtosis": {
        "max": 7.29543399811,
        "mean": 1.69080114365,
        "min": -1.27891755104,
        "stdev": 2.60227704048
    },
    "spectral_rms": {
        "max": 0.00831551291049,
        "mean": 0.00197166320868,
        "min": 3.12388418085e-12,
        "stdev": 0.00215587555431
    },
    "spectral_rolloff": {
        "max": 19853.6132812,
        "mean": 9605.04394531,
        "min": 968.994140625,
        "stdev": 7726.66064453
    },
    "spectral_skewness": {
        "max": 2.01944065094,
        "mean": 0.813992798328,
        "min": -0.109919428825,
        "stdev": 0.704579353333
    },
    "spectral_spread": {
        "max": 43125956,
        "mean": 19255330,
        "min": 2836643.25,
        "stdev": 17892400
    },
    "spectral_strongpeak": {
        "max": 14.0083560944,
        "mean": 0.724283277988,
        "min": 0,
        "stdev": 1.34663081169
    },
    "zerocrossingrate": {
        "max": 0.7529296875,
        "mean": 0.272549808025,
        "min": 0.0546875,
        "stdev": 0.194810628891
    },
    "barkbands": {
        "max": [0.000392778252717, 0.00319507950917, 0.00712714064866, 0.014158051461, 0.00936853606254, 0.00961011089385, 0.00766297942027, 0.00940335262567, 0.018289508298, 0.0199833419174, 0.0145913986489, 0.00923094060272, 0.0117485476658, 0.0168340783566, 0.00929398369044, 0.0155615983531, 0.0150823816657, 0.0168263260275, 0.00550603820011, 0.00973874889314, 0.00442585442215, 0.00674491701648, 0.0075348932296, 0.00348541629501, 0.00178678904194, 0.00152479868848, 2.4155688152e-06],
        "mean": [1.04066584754e-05, 7.27010992705e-05, 0.000313226832077, 0.000255871156696, 0.000432171014836, 0.000332267140038, 0.000176876463229, 0.000408103194786, 0.000790442514699, 0.000831700570416, 0.000467834761366, 0.0003852857335, 0.000412443041569, 0.000541999179404, 0.000492269871756, 0.000554289028514, 0.000544382608496, 0.000428739615018, 0.000333516974933, 0.000292021373753, 0.000193377709365, 0.000172923333594, 0.00011802296649, 8.99676451809e-05, 6.13660595263e-05, 3.64203879144e-05, 6.22807831974e-08],
        "min": [1.29652716388e-25, 7.87353835765e-25, 4.519927947e-25, 7.60261837786e-25, 6.12695130551e-24, 5.07183603971e-24, 6.66839663743e-24, 3.97637251076e-24, 1.62338597057e-23, 1.13944662649e-23, 1.36784725987e-23, 1.44840889096e-23, 1.79564621323e-23, 3.22130688004e-23, 3.60966531249e-23, 2.88396250461e-23, 5.99546404871e-23, 7.83139644174e-23, 9.22212540103e-23, 1.41801647842e-22, 2.24313948929e-22, 3.12773579667e-22, 3.6515661959e-22, 5.19354970432e-22, 7.30894194215e-22, 1.2359090113e-21, 1.80553938726e-21],
        "stdev": [2.74697886198e-05, 0.000256892351899, 0.000921529019251, 0.000816488987766, 0.00102448195685, 0.000820330344141, 0.000537121144589, 0.000954546325374, 0.00183143583126, 0.00203009694815, 0.00108050694689, 0.000818363099825, 0.00091265514493, 0.00114360800944, 0.0008642191533, 0.00114369078074, 0.00118585000746, 0.00125322665554, 0.000549054588191, 0.00063099199906, 0.000374374823878, 0.000413217087043, 0.000416934257373, 0.000229859666433, 0.000173983178684, 0.000120176729979, 1.21650344909e-07]
    },
    "erbbands": {
        "max": [0.027502881363, 0.965725302696, 7.3744931221, 23.411359787, 40.8982315063, 42.1819953918, 68.106338501, 85.6899337769, 84.2448501587, 144.843399048, 200.50680542, 555.143798828, 792.251098633, 421.053833008, 379.854614258, 331.523193359, 640.161315918, 953.737060547, 468.704376221, 653.844604492, 643.839477539, 607.223999023, 803.096374512, 413.262237549, 214.709854126, 443.801055908, 182.091964722, 220.096160889, 195.139587402, 286.008666992, 197.959472656, 91.8933868408, 44.6111412048, 22.6604938507, 12.9833087921, 8.90124893188, 2.20373630524, 0.0491168126464, 0.0016610857565, 0.000214184794459],
        "mean": [0.00115690310486, 0.0238648038357, 0.259076654911, 0.778906106949, 0.88975417614, 1.49317622185, 2.62005519867, 2.51195955276, 2.21000409126, 6.06694555283, 9.34929275513, 17.8312416077, 31.6616363525, 15.1285114288, 20.3156986237, 17.3547420502, 19.8639354706, 26.3767261505, 24.2092018127, 31.6958312988, 29.3826179504, 28.569814682, 23.3614425659, 19.3628807068, 14.4043951035, 13.8667201996, 10.0298547745, 6.98022317886, 6.09190893173, 4.78142499924, 3.28656339645, 2.27887010574, 1.23516154289, 0.715085625648, 0.423132091761, 0.222545564175, 0.0601776093245, 0.00157216622028, 5.63565445191e-05, 1.64465782291e-05],
        "min": [3.7975697713e-23, 1.55357332663e-22, 1.00292347416e-21, 3.31627632981e-21, 1.17443474955e-20, 1.86687232552e-20, 2.27322253962e-20, 5.36009094902e-20, 9.70807148861e-20, 1.31220326385e-19, 1.2968629409e-19, 3.11338710898e-19, 3.5066070587e-19, 5.4459674185e-19, 5.15384496626e-19, 7.12076465762e-19, 1.08526758111e-18, 1.7711204569e-18, 1.86221454904e-18, 2.47027667169e-18, 2.61209244502e-18, 3.95964534989e-18, 4.85840355521e-18, 3.63247018862e-18, 5.37619917992e-18, 7.14103947482e-18, 8.27733996383e-18, 7.45802666608e-18, 1.00226281906e-17, 9.19624167142e-18, 9.48522879895e-18, 9.35862136157e-18, 9.30833705213e-18, 7.99420431196e-18, 5.65423898563e-18, 3.75944696214e-18, 2.28815714341e-18, 9.5529755115e-19, 2.33481111223e-19, 2.31134441831e-20],
        "stdev": [0.00296181836165, 0.0816105753183, 0.773849010468, 2.18521857262, 2.43169522285, 3.7751057148, 6.43123149872, 6.3057346344, 5.8290143013, 14.8648262024, 19.981086731, 42.6475791931, 80.8218078613, 35.0574264526, 40.1698112488, 35.4946708679, 44.9018173218, 57.044128418, 41.5842933655, 62.5960617065, 55.6702613831, 58.4048423767, 60.5981636047, 32.3814888, 24.6540336609, 30.2573566437, 19.5798892975, 14.702747345, 14.2915725708, 15.8599376678, 10.7504005432, 5.62144851685, 3.39786100388, 2.04166436195, 1.2128816843, 0.71288138628, 0.202113360167, 0.00476506305858, 0.000154974724865, 2.7861815397e-05]
    },
    "gfcc": {
        "mean": [-535.074462891, 22.4819641113, -97.4040527344, 13.9439687729, -40.2258453369, 11.3973989487, -24.3599262238, 8.77347373962, -16.6887969971, 1.37952876091, -14.8211460114, 0.204300358891, -7.71313619614],
        "cov": [[384576.75, 12136.0673828, -50303.1171875, 7276.88427734, -21217.0820312, 5728.2109375, -12871.1738281, 4495.60644531, -8923.65722656, 605.651367188, -7767.4921875, -64.4656448364, -4101.36767578], [12136.0673828, 761.485229492, -1395.08422852, 243.687240601, -668.489318848, 99.5046691895, -418.072875977, 98.4722976685, -312.969299316, -59.031829834, -266.262634277, -51.173122406, -167.149185181], [-50303.1171875, -1395.08422852, 7271.60498047, -836.264709473, 2789.13500977, -826.099975586, 1645.73608398, -619.455932617, 1060.60266113, -167.295227051, 929.039550781, -17.5924243927, 443.072631836], [7276.88427734, 243.687240601, -836.264709473, 227.768478394, -387.276031494, 101.360237122, -250.956756592, 82.7601547241, -175.541213989, 1.4561560154, -172.961914062, 3.16369509697, -93.623085022], [-21217.0820312, -668.489318848, 2789.13500977, -387.276031494, 1230.0300293, -300.111297607, 716.82635498, -237.663894653, 495.31918335, -29.8594875336, 413.929321289, 11.4168891907, 224.067062378], [5728.2109375, 99.5046691895, -826.099975586, 101.360237122, -300.111297607, 185.255386353, -155.881881714, 90.2345962524, -118.830253601, 26.4922237396, -105.434669495, 15.0919895172, -47.1325035095], [-12871.1738281, -418.072875977, 1645.73608398, -250.956756592, 716.82635498, -155.881881714, 485.418823242, -134.273178101, 302.94418335, -12.1892642975, 264.717163086, 4.83948802948, 141.31401062], [4495.60644531, 98.4722976685, -619.455932617, 82.7601547241, -237.663894653, 90.2345962524, -134.273178101, 94.8140258789, -79.6036453247, 14.1848344803, -94.1890716553, 8.71569824219, -42.7447013855], [-8923.65722656, -312.969299316, 1060.60266113, -175.541213989, 495.31918335, -118.830253601, 302.94418335, -79.6036453247, 266.786773682, 4.74872684479, 192.342529297, 6.24987888336, 113.909927368], [605.651367188, -59.031829834, -167.295227051, 1.4561560154, -29.8594875336, 26.4922237396, -12.1892642975, 14.1848344803, 4.74872684479, 54.2534675598, 7.24382019043, 13.6642217636, 7.68369436264], [-7767.4921875, -266.262634277, 929.039550781, -172.961914062, 413.929321289, -105.434669495, 264.717163086, -94.1890716553, 192.342529297, 7.24382019043, 199.604797363, 6.22676801682, 98.6284790039], [-64.4656448364, -51.173122406, -17.5924243927, 3.16369509697, 11.4168891907, 15.0919895172, 4.83948802948, 8.71569824219, 6.24987888336, 13.6642217636, 6.22676801682, 38.5155944824, 11.5592918396], [-4101.36767578, -167.149185181, 443.072631836, -93.623085022, 224.067062378, -47.1325035095, 141.31401062, -42.7447013855, 113.909927368, 7.68369436264, 98.6284790039, 11.5592918396, 87.6745300293]],
        "icov": [[0.000444171513664, -0.000841139350086, 0.000867611495778, -0.000903405132703, 0.0017349004047, -0.000953736947849, 0.00180605356582, -0.00216115964577, 0.00224927952513, -0.00121831870638, 0.0014905706048, -8.57505074237e-05, 0.000432965432992], [-0.000841139350086, 0.00587700773031, -0.000954325310886, 0.00073162955232, -0.00270230975002, 0.00346939382143, -0.00361575814895, 0.0054140817374, -0.00353985512629, 0.00723015051335, -0.00254930811934, 0.0026413903106, 0.00118415965699], [0.000867611495778, -0.000954325310886, 0.00379423052073, -0.00306803383864, 0.000337298755767, 0.00043375272071, 0.00150044914335, -0.00255151162855, 0.00512615777552, 0.000914474774618, 0.00207040132955, -9.35434582061e-05, 0.00296805310063], [-0.000903405132703, 0.00073162955232, -0.00306803383864, 0.0170265156776, -0.00149226258509, -0.000604264205322, -0.000584302528296, 0.00547928316519, -0.00646604737267, -0.000629330461379, 0.00667810160667, -0.00405480666086, 0.00140064174775], [0.0017349004047, -0.00270230975002, 0.000337298755767, -0.00149226258509, 0.0220979619771, -0.00440973229706, 0.000889389484655, -0.00360279018059, 0.000674805545714, -0.00610475288704, 0.00977391935885, -0.00401193508878, -0.000135779075208], [-0.000953736947849, 0.00346939382143, 0.00043375272071, -0.000604264205322, -0.00440973229706, 0.0177281554788, -0.00975891761482, -0.00154575449415, -0.000252311263466, 0.00385792111047, -0.00392429623753, -0.00135181820951, -0.000479711627122], [0.00180605356582, -0.00361575814895, 0.00150044914335, -0.000584302528296, 0.000889389484655, -0.00975891761482, 0.0286930110306, -0.012767445296, 0.00792671646923, -0.00568378157914, -0.000562987232115, 0.00265427841805, -0.000122247758554], [-0.00216115964577, 0.0054140817374, -0.00255151162855, 0.00547928316519, -0.00360279018059, -0.00154575449415, -0.012767445296, 0.049166675657, -0.0245961919427, 0.00731317652389, 0.00832910463214, -0.00696551892906, 0.00375906121917], [0.00224927952513, -0.00353985512629, 0.00512615777552, -0.00646604737267, 0.000674805545714, -0.000252311263466, 0.00792671646923, -0.0245961919427, 0.0374343246222, -0.00761480024084, -0.00339136156254, 0.00532573880628, -0.00582276564091], [-0.00121831870638, 0.00723015051335, 0.000914474774618, -0.000629330461379, -0.00610475288704, 0.00385792111047, -0.00568378157914, 0.00731317652389, -0.00761480024084, 0.0370578542352, -0.012026255019, -0.00332801649347, 0.0025139353238], [0.0014905706048, -0.00254930811934, 0.00207040132955, 0.00667810160667, 0.00977391935885, -0.00392429623753, -0.000562987232115, 0.00832910463214, -0.00339136156254, -0.012026255019, 0.0438302718103, -0.00479795737192, -0.00379789783619], [-8.57505074237e-05, 0.0026413903106, -9.35434582061e-05, -0.00405480666086, -0.00401193508878, -0.00135181820951, 0.00265427841805, -0.00696551892906, 0.00532573880628, -0.00332801649347, -0.00479795737192, 0.035751722753, -0.00692442152649], [0.000432965432992, 0.00118415965699, 0.00296805310063, 0.00140064174775, -0.000135779075208, -0.000479711627122, -0.000122247758554, 0.00375906121917, -0.00582276564091, 0.0025139353238, -0.00379789783619, -0.00692442152649, 0.0350625962019]]
    },
    "melbands": {
        "max": [0.000569936004467, 0.00272397138178, 0.00503070931882, 0.0016123119276, 0.00207787123509, 0.00187601870857, 0.00148833775893, 0.00185387814417, 0.00148236972746, 0.00311075802892, 0.00395426992327, 0.00154400267638, 0.00160326226614, 0.00141714746132, 0.000919903279282, 0.0011437946232, 0.00166533945594, 0.000903789536096, 0.00068234174978, 0.00137021078262, 0.000607888156082, 0.000920309568755, 0.00164625036996, 0.000293823628454, 0.000387953856261, 0.000198953173822, 0.000130454762257, 0.000426075799624, 0.000194824227947, 9.37248405535e-05, 0.000138645977131, 9.69173415797e-05, 0.000151668602484, 0.00016210998001, 0.00013405898062, 7.04535705154e-05, 4.74626103824e-05, 3.37281198881e-05, 1.79107064469e-05, 2.07354150916e-05],
        "mean": [1.54215795192e-05, 0.000106798761408, 0.000132341316203, 8.00646012067e-05, 9.30330425035e-05, 5.80325358897e-05, 3.37334240612e-05, 7.33451233828e-05, 8.58084385982e-05, 0.000113541769679, 0.000156957117724, 5.81144377065e-05, 6.57574564684e-05, 5.08648445248e-05, 4.32017986896e-05, 3.81586287403e-05, 5.20607463841e-05, 3.89016095141e-05, 3.77243195544e-05, 4.45990008302e-05, 3.31259834638e-05, 2.89632807835e-05, 3.17988888128e-05, 1.54211484187e-05, 1.58481379913e-05, 1.11623003249e-05, 9.05284923647e-06, 9.38570155995e-06, 6.95754624758e-06, 4.65954872197e-06, 3.98544034397e-06, 3.58639545084e-06, 2.91011906484e-06, 2.50165385296e-06, 1.97197459784e-06, 1.55877808083e-06, 1.29445618313e-06, 9.0380143547e-07, 6.8070113457e-07, 5.68743587337e-07],
        "min": [6.72476311569e-25, 1.09574968824e-24, 8.86885155734e-25, 1.23535075416e-24, 9.67750498268e-25, 9.83932303409e-25, 1.3845316483e-24, 1.08661270681e-24, 9.48998781512e-25, 2.06558060993e-24, 1.30174641554e-24, 1.66513450127e-24, 1.65475171125e-24, 2.13713068847e-24, 1.42483889068e-24, 1.53404721668e-24, 2.83423030712e-24, 2.3074625212e-24, 2.70944848634e-24, 2.58476172331e-24, 3.06668355563e-24, 2.98385158286e-24, 3.18504602078e-24, 3.56862016962e-24, 2.31435696829e-24, 3.40894801708e-24, 4.27138952881e-24, 4.32542334537e-24, 4.1891062088e-24, 4.40517205529e-24, 3.87414363163e-24, 4.33867581415e-24, 5.15490664291e-24, 4.29880126197e-24, 5.24309655894e-24, 5.36397529317e-24, 4.74893436639e-24, 5.72095339102e-24, 5.30817127274e-24, 6.43907003912e-24],
        "stdev": [4.66959354526e-05, 0.000302409316646, 0.000356352509698, 0.000186797376955, 0.000223620838369, 0.000143165161717, 9.89195032162e-05, 0.000181255833013, 0.000188943522517, 0.000263040012214, 0.000404459162382, 0.000143151104567, 0.00014293489221, 0.000108082938823, 9.19593803701e-05, 8.32172081573e-05, 0.000116566036013, 7.12932815077e-05, 6.67918138788e-05, 9.7046555311e-05, 6.42426093691e-05, 6.64115214022e-05, 0.000111252840725, 2.90149309876e-05, 2.76098926406e-05, 1.95044194697e-05, 1.65490182553e-05, 2.39401088038e-05, 1.52111397256e-05, 8.71198699315e-06, 9.09028403839e-06, 8.03106559033e-06, 8.099099432e-06, 9.37480035645e-06, 7.30786769054e-06, 3.84653958463e-06, 3.28107194036e-06, 2.54862720794e-06, 1.88641479326e-06, 1.67259554473e-06]
    },
    "melbands128": {
        "max": [0.000133933048346, 0.000175719789695, 0.00062173709739, 0.00193080469035, 0.00407328037545, 0.00380273465998, 0.00490995449945, 0.00825166236609, 0.00417295424268, 0.00227348529734, 0.00298438966274, 0.0043116286397, 0.00317389937118, 0.00320743117481, 0.00255151232705, 0.00103849940933, 0.00078517512884, 0.00241792364977, 0.00285322754644, 0.00214246171527, 0.00324679003097, 0.00284706079401, 0.0019761826843, 0.00341805955395, 0.00699054542929, 0.00202725641429, 0.00580517668277, 0.00749024841934, 0.00293931574561, 0.00310802436434, 0.00336839654483, 0.00400303956121, 0.00321620493196, 0.00166030565742, 0.00147754186764, 0.0024434805382, 0.00143276108429, 0.00105053011794, 0.00265520694666, 0.00310303736478, 0.0010876263259, 0.00377063988708, 0.00271852151491, 0.00336103979498, 0.000850414042361, 0.00153180491179, 0.000819320674054, 0.000978390802629, 0.00152566074394, 0.00212575914338, 0.00205283099785, 0.00198347214609, 0.00060411542654, 0.0011718836613, 0.0031375112012, 0.000755126820877, 0.00070411444176, 0.00235105212778, 0.00288353930227, 0.000383763603168, 0.000457010319224, 0.000454555061879, 0.000854886311572, 0.000283024593955, 0.000804274633992, 0.000196637600311, 0.000321800034726, 0.000200664144359, 0.000246257026447, 0.000235688276007, 0.000221609254368, 0.00127906247508, 0.000215260268305, 0.000240670284256, 7.63766729506e-05, 0.000146256934386, 9.29779489525e-05, 0.00017205439508, 0.000118260366435, 0.000174388347659, 8.39330459712e-05, 0.000181499912287, 0.000196058943402, 0.000167048623553, 0.000193783213035, 0.000174585409695, 0.000177164693014, 0.000261617562501, 0.00018081588496, 7.07380459062e-05, 7.21899268683e-05, 8.72755699675e-05, 5.29660719621e-05, 6.32588125882e-05, 3.8258247514e-05, 3.3667034586e-05, 3.48355606548e-05, 3.07531845465e-05, 2.32098082051e-05, 3.31628034473e-05, 1.80748593266e-05, 2.63477031694e-05, 2.03833169508e-05, 2.20116617129e-05, 1.87494042621e-05, 1.51112535605e-05, 1.64250195667e-05, 2.20912388613e-05, 1.57686845341e-05, 2.25767253141e-05, 2.15952204599e-05, 1.86187025975e-05, 4.75010710943e-06, 6.89641524332e-07, 1.56548516372e-08, 1.26281474166e-08, 2.87033969926e-08, 1.19584333547e-08, 1.14985736488e-08, 1.11130384894e-08, 1.06990425408e-08, 1.03162349774e-08, 1.00324824004e-08, 9.82731851451e-09, 9.64124602376e-09, 9.52942169619e-09, 9.44220435173e-09, 9.37633171105e-09],
        "mean": [4.94112191518e-06, 6.19842012384e-06, 1.6171596144e-05, 3.93965892727e-05, 9.43980849115e-05, 0.000173892753082, 0.000176006724359, 0.000104812344944, 9.09137161216e-05, 6.4983338234e-05, 8.13466031104e-05, 0.000107052765088, 8.29817217891e-05, 9.99414041871e-05, 6.02795771556e-05, 3.59767618647e-05, 3.23224885506e-05, 3.22386913467e-05, 3.50505579263e-05, 7.21272008377e-05, 9.69956308836e-05, 6.34923999314e-05, 7.04788908479e-05, 0.000120144883113, 0.00013153225882, 7.83807554399e-05, 0.000155356683536, 0.0002247945813, 9.93168796413e-05, 5.22985756106e-05, 4.74171647511e-05, 5.52231140318e-05, 6.95167836966e-05, 8.01520145615e-05, 4.24293539254e-05, 5.20116918779e-05, 4.57906862721e-05, 2.85779260594e-05, 5.78288163524e-05, 4.63380383735e-05, 2.89295167022e-05, 3.30216535076e-05, 5.17684675287e-05, 7.16217327863e-05, 3.57141507266e-05, 3.47945169779e-05, 3.71410060325e-05, 3.17672493111e-05, 3.87196923839e-05, 5.22363443451e-05, 4.34095090895e-05, 4.43079807155e-05, 2.50086177402e-05, 2.92891418212e-05, 4.72941865155e-05, 2.08127858059e-05, 2.13870116568e-05, 4.29549399996e-05, 3.36568409693e-05, 1.22535066112e-05, 1.45901758515e-05, 1.63849745149e-05, 1.88674621313e-05, 1.45771891766e-05, 1.32524146466e-05, 1.03414331534e-05, 1.10605224108e-05, 9.549114111e-06, 7.46071691538e-06, 1.01768928289e-05, 7.96412859927e-06, 1.1424670447e-05, 8.38026335259e-06, 5.95355140831e-06, 4.90142565468e-06, 5.83685277888e-06, 3.74434443984e-06, 3.30145144289e-06, 4.12089457313e-06, 4.83933627038e-06, 3.24800544149e-06, 3.54467033503e-06, 3.19830110129e-06, 2.45392129727e-06, 3.17109993375e-06, 2.6733894174e-06, 2.33615855905e-06, 2.0378975023e-06, 2.08558617487e-06, 1.8055397959e-06, 1.5007183265e-06, 1.42932697145e-06, 1.76316564193e-06, 1.24140399294e-06, 1.10675478027e-06, 1.01578723388e-06, 8.77618731465e-07, 7.24024005194e-07, 6.8028214173e-07, 6.73123736306e-07, 5.91750335843e-07, 5.44700299088e-07, 5.55725875984e-07, 5.16056445576e-07, 5.09579592745e-07, 4.07623588217e-07, 4.30652193018e-07, 3.48856076471e-07, 3.8320956719e-07, 3.99387204197e-07, 4.0978025595e-07, 3.43849279716e-07, 1.69482547108e-07, 1.39885862893e-08, 3.40726974413e-10, 1.10095554895e-09, 2.12159445567e-09, 6.0295456128e-11, 1.59295129171e-11, 1.78342358242e-11, 1.39218992237e-11, 1.19357258452e-11, 1.14099736603e-11, 1.10217061172e-11, 1.05965835065e-11, 1.00595868441e-11, 9.74898894252e-12, 9.65127023439e-12],
        "min": [1.52253128343e-26, 1.70614885885e-25, 8.17855364533e-26, 3.38191356897e-26, 2.78643840177e-25, 1.53041234284e-25, 2.327976356e-25, 3.68847496239e-25, 4.06258879542e-25, 3.59464340898e-25, 7.03396577566e-26, 9.9820597728e-26, 2.13537941726e-25, 1.61120316267e-25, 4.70914067246e-25, 2.79564292942e-25, 3.61124794496e-25, 3.32219501118e-25, 3.77387803006e-25, 9.90903713747e-26, 2.59550078263e-25, 3.45275937961e-25, 3.8302687658e-25, 8.26486907994e-25, 2.77405451815e-25, 4.96413108539e-25, 4.14576185193e-25, 6.84556582345e-25, 5.48705613262e-25, 1.18200709228e-24, 6.46093302328e-25, 6.17805341913e-25, 3.30721429607e-25, 6.22678431547e-25, 8.85514805734e-25, 7.65147105461e-25, 7.10131304981e-25, 8.59776739587e-25, 8.28002704224e-25, 9.67336740723e-25, 5.60894007286e-25, 4.91630047655e-25, 8.66115631391e-25, 2.9627697682e-25, 1.24217311909e-24, 9.25621776055e-25, 1.09068401794e-24, 1.51985560899e-24, 1.15439252325e-24, 1.26484813695e-24, 8.2993630091e-25, 1.20407123597e-24, 1.00519042847e-24, 1.5735208303e-24, 1.59181392305e-24, 1.25279049662e-24, 9.25299230552e-25, 1.90165984978e-24, 1.86887459334e-24, 1.79714228794e-24, 1.72157848512e-24, 1.67051926581e-24, 1.60358974282e-24, 1.28303976246e-24, 1.3714705769e-24, 2.45951112194e-24, 1.63279268327e-24, 1.7610670871e-24, 1.75081090925e-24, 2.23824806259e-24, 2.44289495027e-24, 1.78090319177e-24, 2.26179339124e-24, 2.60778758706e-24, 1.2149580095e-24, 2.57557997402e-24, 2.13305957455e-24, 1.66650633039e-24, 1.87338904709e-24, 2.52562082124e-24, 2.35993380152e-24, 2.35555207363e-24, 1.80167409662e-24, 2.89066778286e-24, 2.12886914542e-24, 2.69355510847e-24, 2.24413809254e-24, 3.17223590576e-24, 2.90344949889e-24, 3.11693833402e-24, 2.089452527e-24, 2.68195727544e-24, 3.02965718575e-24, 3.1856096619e-24, 3.67334894896e-24, 3.36217093198e-24, 3.12922227882e-24, 3.35404527023e-24, 2.98605447693e-24, 2.84634799948e-24, 4.36599091185e-24, 3.72776654636e-24, 3.33952194653e-24, 3.7280339702e-24, 3.70365737937e-24, 4.59991183608e-24, 2.71738363819e-24, 4.03768554133e-24, 4.446265792e-24, 3.14396056712e-24, 4.47511127986e-24, 4.31452404867e-24, 4.28911957208e-24, 4.02041303738e-24, 3.96995394401e-24, 4.83465948653e-24, 4.67858611745e-24, 3.75314499054e-24, 5.11502104668e-24, 4.52577744922e-24, 3.98946681293e-24, 4.37979282225e-24, 5.29911751613e-24, 4.49507813823e-24, 5.1706448124e-24, 5.20248126638e-24, 4.75948104226e-24, 4.5799359058e-24],
        "stdev": [1.129841894e-05, 1.5493702449e-05, 5.12188307766e-05, 0.000158929236932, 0.000334294018103, 0.000506417069118, 0.000509523961227, 0.000370385154383, 0.000266860675765, 0.000177942813025, 0.000231081983657, 0.0003310838365, 0.000236998123, 0.000295923207887, 0.00018225403619, 9.17262441362e-05, 7.76667366154e-05, 0.000133808483952, 0.00016914117441, 0.000194122359972, 0.000283181725536, 0.000186505305464, 0.000191742743482, 0.000359395402484, 0.000443858909421, 0.000218214452616, 0.000493593746796, 0.000682893733028, 0.000274809222901, 0.000182589006727, 0.000188564998098, 0.000196012042579, 0.000194684733287, 0.000184075310244, 0.000106719875475, 0.000164007593412, 0.000123118268675, 7.38066155463e-05, 0.00017934088828, 0.000147912782268, 8.24809176265e-05, 0.000131760636577, 0.000150269508595, 0.000191510043805, 8.33196027088e-05, 8.91236413736e-05, 8.11691570561e-05, 7.12295586709e-05, 9.7250129329e-05, 0.000150283827679, 0.000108401094622, 0.000131104854518, 5.52358251298e-05, 6.39171776129e-05, 0.000177871756023, 5.29573044332e-05, 5.08785160491e-05, 0.000148118153447, 0.000166424419149, 2.80567001028e-05, 3.62346254406e-05, 3.88758198824e-05, 4.315572005e-05, 2.60005363089e-05, 3.49471229129e-05, 1.99656169571e-05, 2.65611270152e-05, 2.08868113987e-05, 1.74660344783e-05, 2.20523379539e-05, 1.79271100933e-05, 5.45417497051e-05, 1.86342531379e-05, 1.70384482772e-05, 8.90048522706e-06, 1.23675645227e-05, 7.71151644585e-06, 8.62551951286e-06, 9.94817946776e-06, 1.25427886815e-05, 6.90951355864e-06, 1.01066416391e-05, 9.86299801298e-06, 7.62452373237e-06, 1.03772081275e-05, 1.02292078736e-05, 9.23223524296e-06, 1.09371349026e-05, 8.4445309767e-06, 4.91792161483e-06, 3.99617147195e-06, 4.03241256208e-06, 4.09779477195e-06, 3.66193376067e-06, 3.05476123685e-06, 3.09140091304e-06, 2.68954613603e-06, 2.17432466343e-06, 1.91942217498e-06, 2.17290767068e-06, 1.777927082e-06, 1.70246050857e-06, 1.63701417932e-06, 1.56303997301e-06, 1.51865731368e-06, 1.24922701161e-06, 1.33907747113e-06, 1.23438962873e-06, 1.27609803258e-06, 1.44857312989e-06, 1.51707877194e-06, 1.26138741052e-06, 5.52250924102e-07, 4.8940435704e-08, 7.87912346478e-10, 1.74527492458e-09, 3.53190632296e-09, 3.79627634883e-10, 3.50903472945e-10, 3.40401429266e-10, 3.26239063542e-10, 3.14175713223e-10, 3.05517250387e-10, 2.99266306181e-10, 2.9360727738e-10, 2.9021146597e-10, 2.87560780743e-10, 2.85557216761e-10]
    },
    "mfcc": {
        "mean": [-900.535949707, 41.0632209778, -23.3850250244, 2.0244910717, -5.08628511429, 0.304576694965, -2.75566196442, 3.12710928917, 0.9274071455, 1.17357432842, -2.4204890728, -1.52393126488, -2.97547364235],
        "cov": [[100163.71875, 10739.2011719, -5888.74414062, 523.860107422, -1466.96276855, -133.501525879, -768.721435547, 652.270690918, 64.1579208374, 334.264129639, -753.226013184, -518.474853516, -927.153381348], [10739.2011719, 1538.29077148, -523.814025879, 140.913757324, -134.618286133, -25.3123626709, -82.0606765747, 99.0891647339, -13.5679178238, 25.5789833069, -105.319267273, -77.3895111084, -131.489318848], [-5888.74414062, -523.814025879, 820.344970703, 124.097267151, 140.893814087, -15.0581436157, 58.9713401794, -21.9538726807, -48.1771354675, -68.9971618652, 19.3627700806, -20.905040741, 11.1506690979], [523.860107422, 140.913757324, 124.097267151, 147.256149292, 28.0244541168, -9.64991474152, -17.9453144073, 5.43691110611, -5.46729803085, -25.7180175781, -14.1151237488, -15.1624164581, -20.0883178711], [-1466.96276855, -134.618286133, 140.893814087, 28.0244541168, 85.0792999268, 8.81728458405, 1.48542308807, 3.03300237656, 8.50135803223, -11.5748376846, 1.95003509521, 4.98205804825, 14.8052120209], [-133.501525879, -25.3123626709, -15.0581436157, -9.64991474152, 8.81728458405, 55.591884613, 27.0871582031, 12.1833553314, 15.7137269974, -5.57628250122, 13.6939601898, 5.61068916321, 15.1011543274], [-768.721435547, -82.0606765747, 58.9713401794, -17.9453144073, 1.48542308807, 27.0871582031, 63.1184425354, 9.62234687805, 2.63586378098, -8.78572940826, 14.015291214, 1.60939741135, 8.34150695801], [652.270690918, 99.0891647339, -21.9538726807, 5.43691110611, 3.03300237656, 12.1833553314, 9.62234687805, 64.2385101318, 25.059015274, 0.396833300591, -0.0995634198189, 0.11593259871, -1.24465036392], [64.1579208374, -13.5679178238, -48.1771354675, -5.46729803085, 8.50135803223, 15.7137269974, 2.63586378098, 25.059015274, 54.1556129456, 11.4392147064, 5.94668769836, 9.58693313599, 13.3528108597], [334.264129639, 25.5789833069, -68.9971618652, -25.7180175781, -11.5748376846, -5.57628250122, -8.78572940826, 0.396833300591, 11.4392147064, 44.4732131958, -0.160744845867, 1.36937725544, -5.76856851578], [-753.226013184, -105.319267273, 19.3627700806, -14.1151237488, 1.95003509521, 13.6939601898, 14.015291214, -0.0995634198189, 5.94668769836, -0.160744845867, 48.7950248718, 15.4828252792, 13.9434766769], [-518.474853516, -77.3895111084, -20.905040741, -15.1624164581, 4.98205804825, 5.61068916321, 1.60939741135, 0.11593259871, 9.58693313599, 1.36937725544, 15.4828252792, 34.2107429504, 19.5601520538], [-927.153381348, -131.489318848, 11.1506690979, -20.0883178711, 14.8052120209, 15.1011543274, 8.34150695801, -1.24465036392, 13.3528108597, -5.76856851578, 13.9434766769, 19.5601520538, 46.2897911072]],
        "icov": [[6.65734987706e-05, -0.000292528100545, 0.000249496224569, -0.000125093312818, 0.000295595731586, -0.000117199429951, 0.000191264276509, -0.000137945869938, -2.32080037676e-05, 0.000103561214928, 9.46984291659e-05, 0.000275048339972, 0.000168456230313], [-0.000292528100545, 0.00354846054688, 0.000506032723933, -0.00235415180214, -8.3865787019e-05, -0.000160608135047, -0.00034575117752, -0.00294631719589, 0.00240683672018, -0.000932824390475, 0.00141898286529, 0.000735745998099, 0.00159043096937], [0.000249496224569, 0.000506032723933, 0.00502773700282, -0.00426074536517, -0.00255604670383, 0.00221366528422, -0.00291577866301, -0.0024784905836, 0.00355513417162, 0.00132201658562, -0.000206058684853, 0.00464012706652, 0.00116922240704], [-0.000125093312818, -0.00235415180214, -0.00426074536517, 0.0147493844852, -0.002713103313, -0.000423869787483, 0.0043458645232, 0.00390628119931, -0.00548893027008, 0.00606642430648, -0.00124870927539, -0.00251983595081, 0.00234265136532], [0.000295595731586, -8.3865787019e-05, -0.00255604670383, -0.002713103313, 0.0230175498873, -0.00670576235279, 0.00715909572318, -0.00310656381771, -0.00335725396872, -0.000357476295903, 0.00477060955018, -0.00151278625708, -0.00130106450524], [-0.000117199429951, -0.000160608135047, 0.00221366528422, -0.000423869787483, -0.00670576235279, 0.0305033661425, -0.0139992395416, 0.000364766718121, -0.00428840145469, 0.0035887255799, -0.00601895945147, 0.00325353443623, -0.00667223148048], [0.000191264276509, -0.00034575117752, -0.00291577866301, 0.0043458645232, 0.00715909572318, -0.0139992395416, 0.0284703131765, -0.00464444840327, -0.000113767520816, 0.00287332222797, -0.000997137860395, 0.000998954987153, 0.00272819050588], [-0.000137945869938, -0.00294631719589, -0.0024784905836, 0.00390628119931, -0.00310656381771, 0.000364766718121, -0.00464444840327, 0.0264785233885, -0.013808593154, 0.00286675267853, -0.00223801867105, -0.00322821736336, -3.76939242415e-05], [-2.32080037676e-05, 0.00240683672018, 0.00355513417162, -0.00548893027008, -0.00335725396872, -0.00428840145469, -0.000113767520816, -0.013808593154, 0.0331912152469, -0.00946611166, 0.000710794527549, 0.000130735541461, -0.0057678562589], [0.000103561214928, -0.000932824390475, 0.00132201658562, 0.00606642430648, -0.000357476295903, 0.0035887255799, 0.00287332222797, 0.00286675267853, -0.00946611166, 0.0320868268609, -0.00195015314966, 0.000268890435109, 0.00744460243732], [9.46984291659e-05, 0.00141898286529, -0.000206058684853, -0.00124870927539, 0.00477060955018, -0.00601895945147, -0.000997137860395, -0.00223801867105, 0.000710794527549, -0.00195015314966, 0.0292145460844, -0.00945242401212, 0.000738554401323], [0.000275048339972, 0.000735745998099, 0.00464012706652, -0.00251983595081, -0.00151278625708, 0.00325353443623, 0.000998954987153, -0.00322821736336, 0.000130735541461, 0.000268890435109, -0.00945242401212, 0.0480484776199, -0.0129169151187], [0.000168456230313, 0.00159043096937, 0.00116922240704, 0.00234265136532, -0.00130106450524, -0.00667223148048, 0.00272819050588, -3.76939242415e-05, -0.0057678562589, 0.00744460243732, 0.000738554401323, -0.0129169151187, 0.0401572175324]]
    },
    "spectral_contrast_coeffs": {
        "max": [-0.537749111652, -0.610216140747, -0.590817332268, -0.626034319401, -0.657596707344, -0.68419611454],
        "mean": [-0.836565196514, -0.867556810379, -0.854605793953, -0.864319682121, -0.862324714661, -0.84075987339],
        "min": [-0.985888123512, -0.984199643135, -0.977118909359, -0.974150836468, -0.971031904221, -0.965487360954],
        "stdev": [0.120164453983, 0.0940778702497, 0.10587952286, 0.0913542807102, 0.0887312665582, 0.102724030614]
    },
    "spectral_contrast_valleys": {
        "max": [-5.83085918427, -5.21956825256, -5.73307085037, -5.6180729866, -5.78639650345, -7.63268756866],
        "mean": [-15.9438037872, -15.4266424179, -15.4740161896, -15.459813118, -15.4336099625, -17.0644245148],
        "min": [-28.3526153564, -27.979642868, -27.921913147, -27.7516670227, -27.5412139893, -27.4278907776],
        "stdev": [9.53251934052, 9.94324302673, 9.93422603607, 9.92816543579, 9.96054267883, 8.60964679718]
    }
},
"rhythm": {
    "beats_count": 45,
    "beats_loudness": {
        "max": 0.0567192919552,
        "mean": 0.0138887949288,
        "min": 0,
        "stdev": 0.0172500051558
    },
    "bpm": 104.066101074,
    "bpm_histogram_first_peak_bpm": 103,
    "bpm_histogram_first_peak_weight": 0.333333313465,
    "bpm_histogram_second_peak_bpm": 115,
    "bpm_histogram_second_peak_spread": 0.619047641754,
    "bpm_histogram_second_peak_weight": 0.181818187237,
    "danceability": 0.828386425972,
    "onset_rate": 1.80026781559,
    "beats_loudness_band_ratio": {
        "max": [0.824196398258, 0.166775494814, 0.435337990522, 0.71507948637, 0.537770450115, 0.699640274048],
        "mean": [0.0754574686289, 0.0341107323766, 0.0980424582958, 0.160581946373, 0.177368834615, 0.100349023938],
        "min": [0, 0, 0, 0, 0, 0],
        "stdev": [0.155630975962, 0.0490021333098, 0.116959869862, 0.169509470463, 0.181767374277, 0.120618268847]
    },
    "beats_position": [0.53405892849, 1.06811785698, 1.60217678547, 2.12462592125, 2.6470746994, 3.1811337471, 3.7151927948, 4.23764181137, 4.76009082794, 5.28253936768, 5.80498838425, 6.32743740082, 6.84988641739, 7.38394546509, 7.91800451279, 8.47528362274, 8.98612213135, 9.49696159363, 10.0078001022, 10.5070295334, 11.0062580109, 11.5170974731, 12.0279359818, 12.538775444, 13.0496139526, 13.5488433838, 14.0480718613, 14.5473012924, 15.1277999878, 15.7082986832, 16.2887973785, 16.8692970276, 17.4381847382, 17.995464325, 18.5527439117, 19.1100215912, 19.6556911469, 20.2013607025, 20.8050785065, 21.3971881866, 21.9892959595, 22.5697956085, 23.1502952576, 23.7307929993, 24.3112926483],
