{
"metadata": {
    "version": {
        "essentia": "2.1-beta5",
        "essentia_git_sha": "Undefined",
        "extractor": "music 2.0"
    },
    "audio_properties": {
        "analysis": {
            "equal_loudness": 0,
            "length": 12.7477550507,
            "sample_rate": 44100,
            "start_time": 0,
            "downmix": "mix"
        },
        "bit_rate": 192000,
        "length": 232.745223999,
        "lossless": 0,
        "number_channels": 2,
        "replay_gain": 31.8044300079,
        "sample_rate": 48000,
        "codec": "mp3",
        "md5_encoded": "547763f17ab3e515759f6c7a5c339721"
    },
    "tags": {
        "file_name": "Luxembourg_Children, Kinder, Enfants_Margo, Franck, Diane, Ireen, Malcolm _ Chris.mp3",
        "encoding": ["Lavf58.29.100"]
    }
},
"lowlevel": {
    "average_loudness": 9.74102222244e-05,
    "barkbands_crest": {
        "max": 23.0946426392,
        "mean": 6.90704917908,
        "min": 2.95263195038,
        "stdev": 1.97264134884
    },
    "barkbands_flatness_db": {
        "max": 0.269205987453,
        "mean": 0.0798794403672,
        "min": 0.0225919894874,
        "stdev": 0.0236256755888
    },
    "barkbands_kurtosis": {
        "max": 55.1098442078,
        "mean": 3.50222086906,
        "min": -1.58131921291,
        "stdev": 3.46349477768
    },
    "barkbands_skewness": {
        "max": 6.17319440842,
        "mean": -1.5930134058,
        "min": -2.81856846809,
        "stdev": 1.01818275452
    },
    "barkbands_spread": {
        "max": 87.8759231567,
        "mean": 26.6972007751,
        "min": 2.40389251709,
        "stdev": 8.07998752594
    },
    "dissonance": {
        "max": 0.499999910593,
        "mean": 0.488168656826,
        "min": 0,
        "stdev": 0.0281494837254
    },
    "dynamic_complexity": 11.8597488403,
    "erbbands_crest": {
        "max": 23.3038349152,
        "mean": 4.01031923294,
        "min": 2.06270217896,
        "stdev": 2.2337231636
    },
    "erbbands_flatness_db": {
        "max": 0.249753132463,
        "mean": 0.104586698115,
        "min": 0.0375516340137,
        "stdev": 0.0241201315075
    },
    "erbbands_kurtosis": {
        "max": 7.03884506226,
        "mean": 0.187397405505,
        "min": -1.35203540325,
        "stdev": 0.646722316742
    },
    "erbbands_skewness": {
        "max": 2.27230191231,
        "mean": -0.563890576363,
        "min": -2.70467567444,
        "stdev": 0.431069374084
    },
    "erbbands_spread": {
        "max": 94.6750488281,
        "mean": 36.4712944031,
        "min": 12.338133812,
        "stdev": 6.58190774918
    },
    "hfc": {
        "max": 1116.79943848,
        "mean": 26.5901851654,
        "min": 1.06550835386e-16,
        "stdev": 139.145324707
    },
    "loudness_ebu128": {
        "integrated": -44.0073852539,
        "loudness_range": 7.12493896484,
        "momentary": {
            "max": -41.5820846558,
            "mean": -278.65737915,
            "min": -300.691009521,
            "stdev": 69.9745788574
        },
        "short_term": {
            "max": -48.685585022,
            "mean": -273.855377197,
            "min": -300.691009521,
            "stdev": 75.0703964233
        }
    },
    "melbands_crest": {
        "max": 29.2929229736,
        "mean": 3.30136489868,
        "min": 1.50846159458,
        "stdev": 3.74228048325
    },
    "melbands_flatness_db": {
        "max": 0.36990454793,
        "mean": 0.0203880313784,
        "min": 0.00285095814615,
        "stdev": 0.051247086376
    },
    "melbands_kurtosis": {
        "max": 67.380859375,
        "mean": -0.0266643967479,
        "min": -1.74730694294,
        "stdev": 6.28910112381
    },
    "melbands_skewness": {
        "max": 6.47615861893,
        "mean": 0.19420465827,
        "min": -0.42079654336,
        "stdev": 0.844506561756
    },
    "melbands_spread": {
        "max": 228.884017944,
        "mean": 124.849159241,
        "min": 2.57051205635,
        "stdev": 30.6523094177
    },
    "pitch_salience": {
        "max": 0.980026721954,
        "mean": 0.778686463833,
        "min": 0.344284594059,
        "stdev": 0.0565306805074
    },
    "silence_rate_20dB": {
        "max": 1,
        "mean": 0.976363658905,
        "min": 0,
        "stdev": 0.151913419366
    },
    "silence_rate_30dB": {
        "max": 1,
        "mean": 0.958181798458,
        "min": 0,
        "stdev": 0.200173467398
    },
    "silence_rate_60dB": {
        "max": 1,
        "mean": 0.934545457363,
        "min": 0,
        "stdev": 0.247326165438
    },
    "spectral_centroid": {
        "max": 11769.8046875,
        "mean": 10263.8125,
        "min": 318.423797607,
        "stdev": 2627.60766602
    },
    "spectral_complexity": {
        "max": 57,
        "mean": 2.04909086227,
        "min": 0,
        "stdev": 8.47001838684
    },
    "spectral_decrease": {
        "max": 2.00641828825e-28,
        "mean": -6.16405548826e-09,
        "min": -3.83352016797e-07,
        "stdev": 3.79760116687e-08
    },
    "spectral_energy": {
        "max": 1.52977061272,
        "mean": 0.0256763678044,
        "min": 9.92469231958e-21,
        "stdev": 0.153833702207
    },
    "spectral_energyband_high": {
        "max": 0.121706105769,
        "mean": 0.00110619200859,
        "min": 6.99755701011e-21,
        "stdev": 0.00816976185888
    },
    "spectral_energyband_low": {
        "max": 0.010450547561,
        "mean": 0.000155905305292,
        "min": 1.03233643384e-23,
        "stdev": 0.00082885241136
    },
    "spectral_energyband_middle_high": {
        "max": 0.433623403311,
        "mean": 0.00548177957535,
        "min": 9.89341435072e-22,
        "stdev": 0.0374619737267
    },
    "spectral_energyband_middle_low": {
        "max": 1.42434728146,
        "mean": 0.0188710056245,
        "min": 1.25322381397e-22,
        "stdev": 0.126216977835
    },
    "spectral_entropy": {
        "max": 9.82465553284,
        "mean": 9.62719154358,
        "min": 6.21455526352,
        "stdev": 0.608939051628
    },
    "spectral_flux": {
        "max": 1.0063791275,
        "mean": 0.0285266041756,
        "min": 6.31798224848e-11,
        "stdev": 0.128004640341
    },
    "spectral_kurtosis": {
        "max": 14.8059310913,
        "mean": -0.734945714474,
        "min": -1.27042269707,
        "stdev": 1.79902124405
    },
    "spectral_rms": {
        "max": 0.0386323593557,
        "mean": 0.0010646393057,
        "min": 3.11169189374e-12,
        "stdev": 0.00489046610892
    },
    "spectral_rolloff": {
        "max": 19789.0136719,
        "mean": 17508.3652344,
        "min": 236.865234375,
        "stdev": 4250.05761719
    },
    "spectral_skewness": {
        "max": 3.21890711784,
        "mean": 0.131651163101,
        "min": -0.102326124907,
        "stdev": 0.476819336414
    },
    "spectral_spread": {
        "max": 42953944,
        "mean": 37643272,
        "min": 3291586,
        "stdev": 9558802
    },
    "spectral_strongpeak": {
        "max": 18.6443443298,
        "mean": 0.370650410652,
        "min": 0,
        "stdev": 2.02509307861
    },
    "zerocrossingrate": {
        "max": 0.76708984375,
        "mean": 0.470166027546,
        "min": 0.0185546875,
        "stdev": 0.108723498881
    },
    "barkbands": {
        "max": [0.0173200406134, 0.00434765126556, 0.00125453004148, 0.00515987863764, 0.47250944376, 0.158447727561, 1.17358195782, 0.820012748241, 0.34680557251, 0.161620527506, 0.0653909817338, 0.0386297851801, 0.288653045893, 0.109832949936, 0.170148685575, 0.110103979707, 0.0416365414858, 0.055064920336, 0.0196041259915, 0.018326131627, 0.00502818310633, 0.0118403173983, 0.0166910905391, 0.0578916706145, 0.0327680371702, 0.0114644747227, 0.000139707670314],
        "mean": [0.000229531884543, 5.07122640556e-05, 1.97965182451e-05, 3.90112909372e-05, 0.00613813567907, 0.000588760827668, 0.00549616012722, 0.00389133463614, 0.00256716180593, 0.000945670180954, 0.000323765852954, 0.000308374350425, 0.00118601240683, 0.000450157356681, 0.000705902115442, 0.000585077505093, 0.000245569943218, 0.000606115267146, 0.000115730370453, 0.000208404380828, 6.97083669365e-05, 0.000103064819996, 0.000144426812767, 0.00029325360083, 0.000253979145782, 0.00010885620577, 1.55103430188e-06],
        "min": [1.4831243224e-25, 1.59714593251e-24, 4.28529704796e-25, 5.65477042626e-25, 5.55669401232e-24, 5.13775325695e-24, 4.01315236161e-24, 6.70912710369e-24, 1.5419406575e-23, 1.1546396931e-23, 8.77110143599e-24, 1.80847009388e-23, 2.1660869324e-23, 2.04398372827e-23, 3.47971152241e-23, 5.13150610967e-23, 5.14000939914e-23, 7.25673967128e-23, 1.0001752216e-22, 1.70381775515e-22, 1.88683903875e-22, 2.74143225221e-22, 2.90723112452e-22, 4.9032019382e-22, 7.91625932114e-22, 1.27963467513e-21, 1.88804419102e-21],
        "stdev": [0.00139016355388, 0.000284893147182, 0.000107902662421, 0.000279878848232, 0.0419264286757, 0.00740654813126, 0.0601034685969, 0.0438895151019, 0.0244994163513, 0.00824703462422, 0.00317464978434, 0.00254819635302, 0.0138458926231, 0.00504750618711, 0.00872105453163, 0.00614377390593, 0.0021973059047, 0.00433282367885, 0.000976696144789, 0.00136303307954, 0.000428315717727, 0.000752926396672, 0.00101740413811, 0.00324620981701, 0.00231359014288, 0.00079607218504, 9.69732354861e-06]
    },
    "erbbands": {
        "max": [0.240905299783, 0.651456534863, 1.40194368362, 13.6489686966, 344.682098389, 2567.47387695, 4219.30224609, 495.564239502, 13686.8457031, 21009.7460938, 7532.50537109, 6620.88232422, 4242.98681641, 7260.25537109, 1285.04101562, 5038.86914062, 9875.52929688, 5711.83886719, 3580.60668945, 8395.93261719, 7297.77783203, 1941.54016113, 3299.00219727, 1066.31286621, 399.791259766, 963.315490723, 419.839935303, 237.861022949, 450.135101318, 352.314147949, 601.108215332, 1215.52160645, 859.89074707, 473.175384521, 179.334075928, 68.9811706543, 18.5552864075, 0.420837700367, 0.0173477139324, 0.00294874212705],
        "mean": [0.00231655477546, 0.0103665329516, 0.0256566442549, 0.144994050264, 3.9012606144, 24.1656284332, 25.9087696075, 4.73573970795, 57.0051040649, 112.784812927, 58.8726272583, 57.3635177612, 26.4319705963, 33.5157470703, 13.2588062286, 23.0605487823, 43.5891265869, 26.622926712, 21.2297725677, 39.898727417, 32.8916664124, 17.4238185883, 35.4814147949, 12.7085723877, 4.96480178833, 10.8388834, 4.25591039658, 2.60637831688, 3.28217601776, 4.41930675507, 4.42241001129, 6.39531564713, 4.31673145294, 3.07355880737, 1.6356369257, 0.697430729866, 0.168742030859, 0.00596366450191, 0.00034654175397, 5.7299144828e-05],
        "min": [5.92573253123e-23, 3.44884106016e-22, 1.37974392604e-21, 3.45032018067e-21, 7.3080663949e-21, 1.56087786054e-20, 4.14122286808e-20, 4.94071748704e-20, 8.02778332118e-20, 8.67886881355e-20, 2.25230734245e-19, 3.02710105585e-19, 3.12684895646e-19, 5.56189109448e-19, 8.01283190236e-19, 9.39812936878e-19, 1.25818027899e-18, 1.41483774045e-18, 1.94247526349e-18, 2.60368766961e-18, 3.20434301026e-18, 3.72601397614e-18, 3.86595597858e-18, 5.0748303994e-18, 5.70555354852e-18, 7.56259635758e-18, 8.2601767933e-18, 9.96966464315e-18, 9.91091496732e-18, 1.0202037048e-17, 1.04906411909e-17, 8.41522600886e-18, 7.81069594742e-18, 7.91506959712e-18, 5.14823647491e-18, 3.75346313759e-18, 2.22104384441e-18, 8.85295840849e-19, 1.96477276993e-19, 2.62657503337e-20],
        "stdev": [0.0147499069571, 0.0524378791451, 0.128503769636, 0.887817502022, 25.9155006409, 176.857666016, 257.442443848, 36.8664970398, 680.928161621, 1162.96826172, 527.296630859, 517.271362305, 218.418838501, 358.307769775, 98.5675811768, 239.128616333, 475.966888428, 289.510650635, 214.582595825, 471.719665527, 370.733978271, 139.600692749, 257.461395264, 82.1439819336, 30.0460224152, 72.3110733032, 26.6668357849, 16.8860836029, 25.3215389252, 28.1917247772, 35.1926460266, 71.2299346924, 46.5029067993, 29.7550125122, 14.1007461548, 5.29494380951, 1.21421384811, 0.0342143699527, 0.00186975765973, 0.000301938678604]
    },
    "gfcc": {
        "mean": [-1158.1685791, 2.82689619064, -9.01435947418, 0.206908032298, -5.90857887268, 0.0438362248242, -4.05503940582, 0.719115018845, -2.62399458885, 0.0938765630126, -1.58694779873, 0.196497023106, -1.23120629787],
        "cov": [[128644.273438, 3963.47998047, -10794.5175781, 199.755233765, -7099.99267578, -42.6014633179, -4916.67724609, 868.360656738, -3142.53344727, 124.30040741, -1867.66137695, 230.100524902, -1457.09020996], [3963.47998047, 334.201416016, -352.81350708, -24.6226291656, -201.27583313, -63.7958946228, -167.144317627, -9.38239765167, -111.812591553, -3.37143206596, -34.0369262695, -7.39952421188, -59.5909461975], [-10794.5175781, -352.81350708, 978.379760742, 12.4746055603, 589.541809082, 24.5338668823, 398.405761719, -72.4429779053, 265.942779541, -10.4363489151, 154.696731567, -15.0752573013, 125.865341187], [199.755233765, -24.6226291656, 12.4746055603, 28.0129795074, -13.3905572891, 10.9389333725, -13.4661455154, 8.28815555573, -2.3800008297, 1.73122656345, -9.21064090729, 5.940513134, 4.17303276062], [-7099.99267578, -201.27583313, 589.541809082, -13.3905572891, 404.737182617, -5.70595169067, 270.981079102, -53.2563438416, 171.576660156, -7.39504098892, 101.331977844, -15.2693281174, 78.8632202148], [-42.6014633179, -63.7958946228, 24.5338668823, 10.9389333725, -5.70595169067, 43.0749588013, 13.2567462921, 13.9626016617, 1.100867033, 1.69576394558, -1.70897364616, 2.56447100639, 4.54362297058], [-4916.67724609, -167.144317627, 398.405761719, -13.4661455154, 270.981079102, 13.2567462921, 204.446502686, -27.9632930756, 118.211105347, -0.270461291075, 73.3063964844, -11.5833654404, 52.5385093689], [868.360656738, -9.38239765167, -72.4429779053, 8.28815555573, -53.2563438416, 13.9626016617, -27.9632930756, 24.541015625, -15.8721075058, 1.55468952656, -16.7128181458, 6.76910686493, -3.31022667885], [-3142.53344727, -111.812591553, 265.942779541, -2.3800008297, 171.576660156, 1.100867033, 118.211105347, -15.8721075058, 87.0406951904, -2.76054120064, 40.4745597839, -2.18764138222, 40.8555107117], [124.30040741, -3.37143206596, -10.4363489151, 1.73122656345, -7.39504098892, 1.69576394558, -0.270461291075, 1.55468952656, -2.76054120064, 9.25958442688, 1.99796772003, -1.27582490444, -3.57256555557], [-1867.66137695, -34.0369262695, 154.696731567, -9.21064090729, 101.331977844, -1.70897364616, 73.3063964844, -16.7128181458, 40.4745597839, 1.99796772003, 41.4104499817, -6.68204212189, 15.4713983536], [230.100524902, -7.39952421188, -15.0752573013, 5.940513134, -15.2693281174, 2.56447100639, -11.5833654404, 6.76910686493, -2.18764138222, -1.27582490444, -6.68204212189, 6.676030159, 1.85626888275], [-1457.09020996, -59.5909461975, 125.865341187, 4.17303276062, 78.8632202148, 4.54362297058, 52.5385093689, -3.31022667885, 40.8555107117, -3.57256555557, 15.4713983536, 1.85626888275, 24.1111030579]],
        "icov": [[0.00261771143414, -0.00372821767814, 0.0102679254487, -0.00565787078813, 0.00760761834681, -0.0131285255775, 0.0211113356054, -0.00369876273908, -0.00207584793679, -0.008624474518, 0.0113267619163, -0.000546815746929, 0.0224530883133], [-0.00372821767814, 0.0192143246531, -0.0150445513427, 0.0132066756487, -0.00950799975544, 0.0337600521743, -0.0208446774632, 0.00659297360107, 0.0182940065861, 0.0207743383944, -0.0297622997314, 0.0180007405579, -0.0407117828727], [0.0102679254487, -0.0150445513427, 0.0704429447651, -0.0593540817499, 0.00778673496097, -0.0754403546453, 0.0904074236751, 0.00859147589654, -0.0561739467084, -0.0104407733306, 0.0113622741774, -0.00206410139799, 0.10531026125], [-0.00565787078813, 0.0132066756487, -0.0593540817499, 0.128332078457, -0.0125938756391, 0.0400407388806, -0.0189988315105, -0.0217078011483, 0.0824568867683, -0.0499123781919, 0.0219286736101, -0.0239997468889, -0.108921475708], [0.00760761834681, -0.00950799975544, 0.00778673496097, -0.0125938756391, 0.115258343518, 0.00598890986294, -0.0119902594015, 0.0195069331676, 0.0139479124919, -0.0119783179834, 0.044680390507, 0.0258935336024, -0.00760803557932], [-0.0131285255775, 0.0337600521743, -0.0754403546453, 0.0400407388806, 0.00598890986294, 0.150356933475, -0.14485244453, -0.0081543866545, 0.0812848135829, 0.046956345439, -0.0457401461899, 0.0312124397606, -0.160299658775], [0.0211113356054, -0.0208446774632, 0.0904074236751, -0.0189988315105, -0.0119902594015, -0.14485244453, 0.290624052286, -0.062759667635, -0.0512217432261, -0.0891235098243, 0.0541479475796, 0.0264468882233, 0.217061161995], [-0.00369876273908, 0.00659297360107, 0.00859147589654, -0.0217078011483, 0.0195069331676, -0.0081543866545, -0.062759667635, 0.148119598627, -0.0241590570658, 0.0134974382818, -0.0257123187184, -0.0436733067036, -0.0907019972801], [-0.00207584793679, 0.0182940065861, -0.0561739467084, 0.0824568867683, 0.0139479124919, 0.0812848135829, -0.0512217432261, -0.0241590570658, 0.249558478594, -0.0596255399287, 0.0344936214387, -0.00963140465319, -0.207003667951], [-0.008624474518, 0.0207743383944, -0.0104407733306, -0.0499123781919, -0.0119783179834, 0.046956345439, -0.0891235098243, 0.0134974382818, -0.0596255399287, 0.221318036318, -0.0995591655374, 0.0466368719935, 0.013794013299], [0.0113267619163, -0.0297622997314, 0.0113622741774, 0.0219286736101, 0.044680390507, -0.0457401461899, 0.0541479475796, -0.0257123187184, 0.0344936214387, -0.0995591655374, 0.185321435332, -0.0271526891738, 0.0987690538168], [-0.000546815746929, 0.0180007405579, -0.00206410139799, -0.0239997468889, 0.0258935336024, 0.0312124397606, 0.0264468882233, -0.0436733067036, -0.00963140465319, 0.0466368719935, -0.0271526891738, 0.353061378002, -0.114354752004], [0.0224530883133, -0.0407117828727, 0.10531026125, -0.108921475708, -0.00760803557932, -0.160299658775, 0.217061161995, -0.0907019972801, -0.207003667951, 0.013794013299, 0.0987690538168, -0.114354752004, 0.634747445583]]
    },
    "melbands": {
        "max": [0.00226766779087, 0.000674108101521, 0.00693303812295, 0.103836067021, 0.131974771619, 0.0141602586955, 0.235856413841, 0.210122451186, 0.0471838414669, 0.0417945683002, 0.021984288469, 0.0304382182658, 0.00433081202209, 0.00566297350451, 0.0413622222841, 0.00860098283738, 0.0128518380225, 0.00468914862722, 0.0178593639284, 0.00790968630463, 0.00852965004742, 0.00203329348005, 0.00290420791134, 0.00268769776449, 0.00101212121081, 0.00056222040439, 0.000339823891409, 0.000766352633946, 0.000336638215231, 0.000128293177113, 0.000139979689266, 0.000222477887291, 0.000280379405012, 0.000160388124641, 0.000303861073917, 0.000445810845122, 0.000832947494928, 0.000679956865497, 0.000431635649875, 0.000370652618585],
        "mean": [2.78261577478e-05, 1.28952142404e-05, 9.27678702283e-05, 0.000968499807641, 0.00109171215445, 0.00010350451339, 0.000942017300986, 0.00122785719577, 0.000445982703241, 0.00034727723687, 0.00012565223733, 0.000140949327033, 4.0736515075e-05, 3.50160262315e-05, 0.000143633005791, 5.56295381102e-05, 5.03326737089e-05, 2.67421401077e-05, 6.13529118709e-05, 4.12657136621e-05, 3.62104656233e-05, 1.45818103192e-05, 2.66304305114e-05, 3.03325523419e-05, 8.11288737168e-06, 3.34095670951e-06, 4.6284221753e-06, 7.95148025645e-06, 2.96835332847e-06, 1.61347304584e-06, 1.40041038321e-06, 1.5419433339e-06, 2.54305336966e-06, 2.42942405748e-06, 2.42915984927e-06, 2.87518332698e-06, 4.29809369962e-06, 2.95138579531e-06, 2.94296569336e-06, 2.46932791015e-06],
        "min": [7.44806672146e-25, 1.0239223251e-24, 9.72826226547e-25, 8.65766560441e-25, 1.39182092028e-24, 1.09519935915e-24, 9.23863207882e-25, 8.47688136468e-25, 2.02045973831e-24, 1.76750971411e-24, 1.31875346779e-24, 1.90496991014e-24, 1.61071749552e-24, 2.16744838799e-24, 1.33863759438e-24, 1.81980271187e-24, 2.17111501348e-24, 2.50025519605e-24, 2.67723022368e-24, 3.09055350054e-24, 2.91074015138e-24, 3.24232757769e-24, 2.92323215824e-24, 2.23390321394e-24, 3.46682595284e-24, 3.78453455482e-24, 2.92773635679e-24, 3.94061068492e-24, 4.50559049865e-24, 4.17052932334e-24, 5.16657626228e-24, 4.33704878853e-24, 4.44698049998e-24, 4.57005187309e-24, 4.44380454597e-24, 4.25823961195e-24, 4.79679100764e-24, 5.56348649914e-24, 5.3576691391e-24, 5.50419098034e-24],
        "stdev": [0.000160084906383, 6.27577901469e-05, 0.000632482930087, 0.00645308056846, 0.00953975319862, 0.000914872740395, 0.0113108791411, 0.0125591680408, 0.00399559317157, 0.00320634595118, 0.00108944100793, 0.00149439030793, 0.000308509275783, 0.000316496036248, 0.00186709826812, 0.000531209458131, 0.000603347085416, 0.000260544358753, 0.00083800900029, 0.000437824666733, 0.000420078809839, 0.000123082863865, 0.000200698821573, 0.000216580505366, 5.89222509007e-05, 2.79506220977e-05, 3.05855428451e-05, 5.37144187547e-05, 2.01454167836e-05, 1.03643351395e-05, 9.36229116633e-06, 1.20957147374e-05, 1.94933709281e-05, 1.46136881085e-05, 1.79165726877e-05, 2.85291298496e-05, 4.94332307426e-05, 3.37925921485e-05, 2.91032265523e-05, 2.35902971326e-05]
    },
    "melbands128": {
        "max": [0.0058357892558, 0.00258961645886, 0.00149443896953, 0.000966744788457, 0.000698327785358, 0.000637090648524, 0.00113512948155, 0.00331513746642, 0.025929953903, 0.102386280894, 0.187602043152, 0.212475329638, 0.205143272877, 0.034812245518, 0.00219962280244, 0.0117296334356, 0.117882847786, 0.400800943375, 0.331615269184, 0.395231366158, 0.340473413467, 0.133739769459, 0.0305225886405, 0.14251421392, 0.0498064309359, 0.0713014379144, 0.0632570162416, 0.00985580217093, 0.0161657482386, 0.0399844273925, 0.045158546418, 0.0121091911569, 0.00415402604267, 0.00903731584549, 0.0100327208638, 0.00702979043126, 0.00222885701805, 0.0557277426124, 0.0662323758006, 0.00299484608695, 0.00896245054901, 0.0204308778048, 0.01439844165, 0.0231416746974, 0.00215548393317, 0.00375937228091, 0.00954338349402, 0.0316539891064, 0.0175515785813, 0.0233894679695, 0.00363516295329, 0.0128797227517, 0.0191003661603, 0.00279955938458, 0.00473329005763, 0.00190204498358, 0.00270270626061, 0.00358433974907, 0.00530770793557, 0.00483897794038, 0.00512249022722, 0.00152838218492, 0.000849982141517, 0.0015044772299, 0.00165201502386, 0.000355323165422, 0.000134622794576, 0.000166896672454, 0.000618526770268, 0.000700965407304, 0.00109329854604, 0.00115867913701, 0.000332943134708, 0.000247888383456, 0.000167632460943, 0.000131748063723, 0.000237610642216, 0.000170766754309, 0.000117932264402, 0.000157529604621, 0.00013253580255, 0.000286787311779, 0.000367039232515, 0.000360910577001, 0.000298180268146, 0.000179727067007, 0.000180114599061, 0.00014766115055, 0.000256351631833, 0.000492021907121, 0.00040001803427, 0.000457951478893, 0.000944939849433, 0.00100989011116, 0.000683747173753, 0.000872944307048, 0.000755918037612, 0.000407017912949, 0.000561622204259, 0.000443701981567, 0.000612562929746, 0.000264723465079, 0.000453905959148, 0.000269325362751, 0.000175829525688, 0.000249580218224, 0.000137140217703, 0.000127488441649, 0.000121354671137, 0.000166560072103, 0.000150121981278, 0.000113477486593, 3.44559266523e-05, 4.56537100035e-06, 1.46141076129e-06, 1.77140975666e-06, 2.20582546717e-06, 6.5518872816e-07, 5.44980139239e-07, 4.32209532164e-07, 3.4700238416e-07, 2.87354140482e-07, 3.50152987494e-07, 2.83353529085e-07, 2.36697360378e-07, 3.42011048815e-07, 1.99693772629e-07, 1.96127075469e-07],
        "mean": [7.52974665374e-05, 2.41881480179e-05, 1.70084131241e-05, 1.72469881363e-05, 1.31281412905e-05, 9.29789166548e-06, 9.66214702203e-06, 2.4943428798e-05, 0.000300183659419, 0.00085665640654, 0.00142538873479, 0.00194954290055, 0.000968927459326, 0.00010676466627, 1.15095836009e-05, 5.37024061487e-05, 0.000511364312842, 0.00131649547257, 0.00114787416533, 0.00142182025593, 0.00129151355941, 0.000567490526009, 0.000169791848748, 0.00057097239187, 0.000392975052819, 0.00029619212728, 0.000170450148289, 7.3813018389e-05, 0.000108270760393, 0.000183778160135, 0.00016250621411, 4.05081664212e-05, 2.32955553656e-05, 4.68769067083e-05, 4.55756417068e-05, 3.20192993968e-05, 1.09010516098e-05, 0.000174384433194, 0.000241530622588, 2.98832419503e-05, 3.03739780065e-05, 5.18786946486e-05, 5.0707567425e-05, 5.9823243646e-05, 1.76148751052e-05, 1.94196363736e-05, 3.1433217373e-05, 7.14563793736e-05, 6.73400936648e-05, 5.8916175476e-05, 1.84282507689e-05, 4.96985958307e-05, 5.51756093046e-05, 2.1243293304e-05, 1.42285398397e-05, 1.27822286231e-05, 1.7736441805e-05, 1.61481129908e-05, 3.21435036312e-05, 4.17919254687e-05, 3.91776120523e-05, 1.39792191476e-05, 8.57823397382e-06, 7.05177853888e-06, 6.21001845502e-06, 2.5974509299e-06, 2.21249888455e-06, 2.59016587734e-06, 5.08222956341e-06, 7.05746742824e-06, 1.02232643258e-05, 7.55290648158e-06, 3.8363305066e-06, 2.13601720134e-06, 1.7935848291e-06, 1.49630363921e-06, 1.65686049058e-06, 1.57849183324e-06, 1.30440287194e-06, 1.34254150908e-06, 1.14720944566e-06, 1.6227818378e-06, 2.41484463004e-06, 2.75906268143e-06, 2.6240702482e-06, 2.29434795074e-06, 2.52354607255e-06, 2.31655099014e-06, 2.33872970057e-06, 2.6565526241e-06, 2.27033729061e-06, 2.68248027169e-06, 4.18909075961e-06, 5.49314881937e-06, 3.31699584422e-06, 3.20400044984e-06, 3.00382816931e-06, 2.35359448197e-06, 3.22079404214e-06, 3.03904357679e-06, 2.65284097622e-06, 1.9272465579e-06, 3.07409800371e-06, 2.01896068575e-06, 1.54062001911e-06, 2.0438244519e-06, 1.12378336325e-06, 1.1315453321e-06, 1.20915308344e-06, 1.20996003261e-06, 1.17414106171e-06, 9.13589985885e-07, 4.55131896615e-07, 4.98354495448e-08, 1.5810309506e-08, 1.91254603266e-08, 2.25455600855e-08, 7.64112684237e-09, 7.11586345403e-09, 5.62911495194e-09, 4.7632946476e-09, 4.18786294532e-09, 3.71257602438e-09, 3.48096040881e-09, 2.94538460288e-09, 2.75107003844e-09, 2.30597585471e-09, 2.29986141242e-09],
        "min": [1.8392161042e-26, 3.77423794785e-25, 4.35397509348e-26, 3.71649332959e-25, 1.04508502265e-25, 2.36263989025e-25, 6.5494393958e-26, 1.85975117045e-25, 2.36096799817e-25, 2.94623006673e-25, 1.5891102502e-25, 1.4582450053e-25, 2.02848580637e-25, 4.10263803099e-25, 1.57755146579e-25, 1.64872570141e-25, 4.74537502599e-25, 2.50957706676e-25, 2.97015301324e-25, 2.26070772142e-25, 3.38571310519e-25, 4.68443453498e-25, 3.37847826462e-25, 3.92471464464e-25, 5.0171928281e-25, 5.74816268275e-25, 2.91892438605e-25, 5.98344291292e-25, 4.25299270085e-25, 5.7869761184e-25, 4.76277433933e-25, 2.51556994445e-25, 7.43991581616e-25, 4.53693135077e-25, 4.90931116893e-25, 5.18791218875e-25, 8.33140062262e-25, 8.57976164571e-25, 5.72158300063e-25, 1.0916549085e-24, 4.0461533715e-25, 8.31066344157e-25, 9.17312211102e-25, 9.97163768764e-25, 1.00704651958e-24, 1.02005917464e-24, 8.60782833064e-25, 3.76590560454e-25, 1.02708427682e-24, 6.38365029255e-25, 1.47016940209e-24, 1.12078172388e-24, 1.19484057731e-24, 6.95035021749e-25, 9.3099431325e-25, 9.46120721107e-25, 1.57663988771e-24, 1.06396027009e-24, 9.79925876086e-25, 1.19735684638e-24, 1.11872269831e-24, 1.28041147514e-24, 1.28142999318e-24, 1.44584280532e-24, 1.38546191252e-24, 1.60312441349e-24, 1.93458295966e-24, 1.65001548899e-24, 1.16579462017e-24, 1.67307754173e-24, 1.30157533133e-24, 1.78884564058e-24, 2.69088658924e-24, 1.67004555484e-24, 1.79757083662e-24, 2.05910761177e-24, 1.78477590717e-24, 2.57192025106e-24, 2.26368113539e-24, 2.48402911609e-24, 2.48501598109e-24, 2.73124984075e-24, 2.56105842526e-24, 2.79848425849e-24, 2.15016957315e-24, 2.60762449006e-24, 1.87846615587e-24, 2.92928863784e-24, 1.90666043906e-24, 3.2569390566e-24, 1.68989191471e-24, 2.3190988112e-24, 2.97665381874e-24, 3.26332153296e-24, 3.46165851948e-24, 3.61070116574e-24, 3.77841496635e-24, 3.22225895626e-24, 3.66152905159e-24, 3.49680187837e-24, 4.26343662759e-24, 3.64214437257e-24, 3.66785926592e-24, 3.1108193372e-24, 4.38378603615e-24, 3.99421181127e-24, 4.14141917264e-24, 4.49610720728e-24, 3.88525947064e-24, 3.92678313654e-24, 3.81533326228e-24, 4.27631951503e-24, 4.18200724951e-24, 4.27204073348e-24, 4.49881260576e-24, 4.94794109581e-24, 4.3506041799e-24, 4.28295107423e-24, 4.62150690336e-24, 3.81659425644e-24, 4.88748555705e-24, 3.74558651978e-24, 4.87713017995e-24, 4.65531274859e-24, 4.6633394083e-24, 4.70664116668e-24, 4.2361566342e-24, 4.85836791218e-24],
        "stdev": [0.000461138610262, 0.000163090866408, 9.7116586403e-05, 8.79664366948e-05, 6.69528162689e-05, 5.20144421898e-05, 6.38977435301e-05, 0.000185978758964, 0.00215746252798, 0.00620843609795, 0.0117961047217, 0.0164884738624, 0.011376532726, 0.00159005424939, 0.000102820929897, 0.00060439488152, 0.00596640259027, 0.0186563208699, 0.0155616691336, 0.0184224843979, 0.0164711438119, 0.00743986153975, 0.00185392505955, 0.00795649271458, 0.00387666956522, 0.00414506299421, 0.00273384246975, 0.000666022242513, 0.00102922762744, 0.00196494581178, 0.00225866143592, 0.0005607472267, 0.000225528987357, 0.000492995546665, 0.000482870062115, 0.000408300722484, 0.000105304112367, 0.00249053817242, 0.00308197666891, 0.000218492234126, 0.00040124298539, 0.000882784370333, 0.000646045955364, 0.000999988056719, 0.000152552398504, 0.00019389668887, 0.000435676862253, 0.00135814095847, 0.00094498693943, 0.00101006100886, 0.00019612860342, 0.000672340102028, 0.000843007175718, 0.00020340939227, 0.000206813783734, 0.000118920761452, 0.000163686359883, 0.000167254242115, 0.000293002725812, 0.000351255439455, 0.00032487307908, 0.000105713050289, 5.72617391299e-05, 7.29030070943e-05, 7.60799230193e-05, 2.02791779884e-05, 1.30430462377e-05, 1.59394312504e-05, 3.84097475035e-05, 5.22639675182e-05, 7.09301966708e-05, 6.12369694863e-05, 2.41819179791e-05, 1.59409992193e-05, 1.13728083306e-05, 9.99765143206e-06, 1.27465245896e-05, 1.11854569695e-05, 8.93992910278e-06, 9.85750921245e-06, 8.40004031488e-06, 1.43747747643e-05, 2.10377020267e-05, 2.26700594794e-05, 1.91400940821e-05, 1.54063818627e-05, 1.58430739248e-05, 1.39552839755e-05, 1.67314046848e-05, 2.53168964264e-05, 2.16440112126e-05, 2.64119353233e-05, 4.88729274366e-05, 6.40610523988e-05, 3.86715910281e-05, 4.03472695325e-05, 3.60209305654e-05, 2.39941073232e-05, 3.27793241013e-05, 3.01584514091e-05, 3.03419819829e-05, 1.76100402314e-05, 2.96172438539e-05, 1.94537915377e-05, 1.26749800984e-05, 1.75878176378e-05, 9.21765877138e-06, 8.80683091964e-06, 9.31264003157e-06, 9.63347247307e-06, 8.73433782544e-06, 6.73929753248e-06, 3.32162494487e-06, 3.23913923239e-07, 1.1048464188e-07, 1.22777549905e-07, 1.34562256449e-07, 5.01281576248e-08, 4.75808406009e-08, 3.83429679118e-08, 3.23187592244e-08, 2.8499842486e-08, 2.64188084742e-08, 2.4784466035e-08, 2.10154613711e-08, 2.16499049799e-08, 1.70770420027e-08, 1.64686770887e-08]
    },
    "mfcc": {
        "mean": [-1213.01696777, 7.51190519333, 0.393375694752, 0.191425919533, -0.30479580164, -0.953383207321, -0.576703131199, -0.25169506669, -0.819860100746, -0.106145769358, -0.343755096197, -0.342388540506, -0.545697927475],
        "cov": [[33899.2148438, 4615.35107422, 44.9011573792, 55.6616325378, -299.923858643, -711.639831543, -417.812286377, -142.629196167, -511.965454102, -60.4598007202, -212.178619385, -236.982070923, -346.736480713], [4615.35107422, 804.170166016, -26.7705402374, 25.1139602661, -40.2006759644, -107.210266113, -57.4015617371, -50.6745681763, -112.96736145, -19.9110603333, -37.428943634, -22.0552635193, -48.4954681396], [44.9011573792, -26.7705402374, 87.4095916748, 2.1991045475, 20.2592163086, 13.208155632, 2.36393380165, 7.11614084244, 4.89692258835, 1.57704114914, -3.00897836685, 3.86225795746, -2.07074213028], [55.6616325378, 25.1139602661, 2.1991045475, 25.7317085266, 7.52133750916, -3.71897864342, -10.9733686447, -8.35350227356, -1.91400110722, -5.69778442383, -2.54683923721, -0.642598092556, 2.60288882256], [-299.923858643, -40.2006759644, 20.2592163086, 7.52133750916, 19.6297283173, 7.97856712341, -2.23369216919, 2.94043707848, 8.37918949127, -2.48507976532, -4.84384059906, 0.737606585026, 3.14127826691], [-711.639831543, -107.210266113, 13.208155632, -3.71897864342, 7.97856712341, 28.7670154572, 15.3795661926, 3.86472558975, 14.880443573, 2.74756383896, 7.87392807007, 2.29572224617, 4.88397455215], [-417.812286377, -57.4015617371, 2.36393380165, -10.9733686447, -2.23369216919, 15.3795661926, 28.3991641998, 3.41844964027, 1.12943863869, 6.65547561646, 10.4137134552, 4.99077272415, 2.04454731941], [-142.629196167, -50.6745681763, 7.11614084244, -8.35350227356, 2.94043707848, 3.86472558975, 3.41844964027, 15.6154785156, 12.9111251831, 3.43470168114, -0.94899314642, -1.93788528442, 0.400085240602], [-511.965454102, -112.96736145, 4.89692258835, -1.91400110722, 8.37918949127, 14.880443573, 1.12943863869, 12.9111251831, 29.1141357422, 2.58157444, 3.41759753227, -2.33781313896, 4.08476114273], [-60.4598007202, -19.9110603333, 1.57704114914, -5.69778442383, -2.48507976532, 2.74756383896, 6.65547561646, 3.43470168114, 2.58157444, 9.81159210205, 3.14602637291, -0.899419784546, 0.395027160645], [-212.178619385, -37.428943634, -3.00897836685, -2.54683923721, -4.84384059906, 7.87392807007, 10.4137134552, -0.94899314642, 3.41759753227, 3.14602637291, 11.8979101181, 3.76762533188, 2.81581258774], [-236.982070923, -22.0552635193, 3.86225795746, -0.642598092556, 0.737606585026, 2.29572224617, 4.99077272415, -1.93788528442, -2.33781313896, -0.899419784546, 3.76762533188, 9.89431858063, 4.33882665634], [-346.736480713, -48.4954681396, -2.07074213028, 2.60288882256, 3.14127826691, 4.88397455215, 2.04454731941, 0.400085240602, 4.08476114273, 0.395027160645, 2.81581258774, 4.33882665634, 7.10013628006]],
        "icov": [[0.000457110960269, -0.00235494435765, -0.00248782942072, 0.00104655080941, 0.002791660605, 0.00447167130187, 0.000759219401516, -0.00133530166931, -0.00228901905939, 0.000749945640564, -0.00359760667197, 0.00582568906248, -0.000183425712748], [-0.00235494435765, 0.0216442439705, 0.0136290565133, -0.0124137876555, -0.0154619636014, -0.0117020057514, 0.00277989869937, 0.00867411214858, 0.035896718502, -0.00434524565935, 0.0154987387359, -0.027852056548, 0.0454210825264], [-0.00248782942072, 0.0136290565133, 0.036970410496, -0.0126798888668, -0.0425269640982, -0.0418560728431, 0.0121063087136, -0.0165554694831, 0.0321096554399, -0.0205150172114, 0.00713592162356, -0.0589463301003, 0.0479398742318], [0.00104655080941, -0.0124137876555, -0.0126798888668, 0.0907365903258, -0.0272848512977, 0.0272231809795, 0.00630992231891, 0.0481003113091, -0.0316729918122, 0.0266524795443, -0.0296700205654, 0.0543851554394, -0.086552798748], [0.002791660605, -0.0154619636014, -0.0425269640982, -0.0272848512977, 0.170578807592, 0.00556172057986, -0.0243173651397, 0.00798072014004, -0.0616228878498, 0.0248970836401, 0.0892881974578, 0.0284408312291, -0.0631424859166], [0.00447167130187, -0.0117020057514, -0.0418560728431, 0.0272231809795, 0.00556172057986, 0.17810164392, -0.0517620444298, 0.0547535009682, -0.0600864998996, 0.0364614203572, -0.0518770031631, 0.107148945332, -0.00925541110337], [0.000759219401516, 0.00277989869937, 0.0121063087136, 0.00630992231891, -0.0243173651397, -0.0517620444298, 0.123680911958, -0.0629012212157, 0.0791603773832, -0.0413174070418, -0.0836547240615, -0.0286702569574, 0.0790287107229], [-0.00133530166931, 0.00867411214858, -0.0165554694831, 0.0481003113091, 0.00798072014004, 0.0547535009682, -0.0629012212157, 0.20730304718, -0.10499741137, 0.00176371226553, 0.0826849117875, 0.0211459994316, -0.0485940873623], [-0.00228901905939, 0.035896718502, 0.0321096554399, -0.0316729918122, -0.0616228878498, -0.0600864998996, 0.0791603773832, -0.10499741137, 0.210264980793, -0.0189423188567, -0.0703676939011, -0.00905877258629, 0.119619891047], [0.000749945640564, -0.00434524565935, -0.0205150172114, 0.0266524795443, 0.0248970836401, 0.0364614203572, -0.0413174070418, 0.00176371226553, -0.0189423188567, 0.162533670664, -0.0233672372997, 0.0788540840149, -0.0701716542244], [-0.00359760667197, 0.0154987387359, 0.00713592162356, -0.0296700205654, 0.0892881974578, -0.0518770031631, -0.0836547240615, 0.0826849117875, -0.0703676939011, -0.0233672372997, 0.2840487957, -0.0960398390889, -0.0534382201731], [0.00582568906248, -0.027852056548, -0.0589463301003, 0.0543851554394, 0.0284408312291, 0.107148945332, -0.0286702569574, 0.0211459994316, -0.00905877258629, 0.0788540840149, -0.0960398390889, 0.315427482128, -0.175931543112], [-0.000183425712748, 0.0454210825264, 0.0479398742318, -0.086552798748, -0.0631424859166, -0.00925541110337, 0.0790287107229, -0.0485940873623, 0.119619891047, -0.0701716542244, -0.0534382201731, -0.175931543112, 0.565904557705]]
    },
    "spectral_contrast_coeffs": {
        "max": [-0.302874535322, -0.330761045218, -0.457902759314, -0.530538022518, -0.61818677187, -0.657035589218],
        "mean": [-0.930851221085, -0.938195228577, -0.941573917866, -0.943636834621, -0.944412648678, -0.946580350399],
        "min": [-0.986522912979, -0.982320547104, -0.977081179619, -0.976483345032, -0.969658076763, -0.965433299541],
        "stdev": [0.119892522693, 0.0977349877357, 0.0733694434166, 0.0680346190929, 0.057736042887, 0.0469773374498]
    },
    "spectral_contrast_valleys": {
        "max": [-5.88245868683, -4.76527166367, -5.60217809677, -5.61115884781, -5.21992826462, -6.48958301544],
        "mean": [-25.5893650055, -25.5121440887, -25.5800476074, -25.5899658203, -25.5802059174, -25.7464084625],
        "min": [-27.9878044128, -28.1049480438, -28.1061420441, -27.7470626831, -27.5726013184, -27.4851989746],
        "stdev": [5.42246341705, 5.64128398895, 5.48845100403, 5.44422483444, 5.50916051865, 4.95795297623]
    }
},
"rhythm": {
    "beats_count": 21,
    "beats_loudness": {
        "max": 0.655184090137,
        "mean": 0.0327592045069,
        "min": 0,
        "stdev": 0.142794072628
    },
    "bpm": 98.6808166504,
    "bpm_histogram_first_peak_bpm": 99,
    "bpm_histogram_first_peak_weight": 0,
    "bpm_histogram_second_peak_bpm": 91,
    "bpm_histogram_second_peak_spread": 0,
    "bpm_histogram_second_peak_weight": 0.300000011921,
    "danceability": 2.18840718269,
    "onset_rate": 0.313495218754,
    "beats_loudness_band_ratio": {
        "max": [0.00414220662788, 0.0519343093038, 0.27388805151, 0.365062713623, 0.280847460032, 0.04845347628],
        "mean": [0.000207110337215, 0.00259671546519, 0.0136944027618, 0.0182531364262, 0.0140423728153, 0.00242267386056],
        "min": [0, 0, 0, 0, 0, 0],
        "stdev": [0.000902772939298, 0.0113188205287, 0.059692516923, 0.0795635730028, 0.0612092837691, 0.0105601903051]
    },
    "beats_position": [0.53405892849, 1.07972788811, 1.62539684772, 2.17106580734, 2.70512461662, 3.27401351929, 3.84290242195, 4.45823097229, 5.07355976105, 5.6888885498, 6.29260778427, 6.8963265419, 7.50004529953, 8.10376358032, 8.70748329163, 9.36925125122, 10.0310201645, 10.6927890778, 11.3429479599, 12.0047159195, 12.6548748016],
    "bpm_histogram": [0, 0, 0, 0, 0, 0, 0, 0, 0, 0, 0, 0, 0, 0, 0, 0, 0, 0, 0, 0, 0, 0, 0, 0, 0, 0, 0, 0, 0, 0, 0, 0, 0, 0, 0, 0, 0, 0, 0, 0, 0, 0, 0, 0, 0, 0, 0, 0, 0, 0, 0, 0, 0, 0, 0, 0, 0, 0, 0, 0, 0, 0, 0, 0, 0, 0, 0, 0, 0, 0, 0, 0, 0, 0, 0, 0, 0, 0, 0, 0, 0, 0, 0, 0, 0, 0, 0, 0, 0, 0, 0, 0.20000000298, 0.10000000149, 0, 0, 0, 0, 0, 0.15000000596, 0.25, 0, 0, 0, 0, 0, 0.10000000149, 0, 0, 0, 0, 0.15000000596, 0, 0.0500000007451, 0, 0, 0, 0, 0, 0, 0, 0, 0, 0, 0, 0, 0, 0, 0, 0, 0, 0, 0, 0, 0, 0, 0, 0, 0, 0, 0, 0, 0, 0, 0, 0, 0, 0, 0, 0, 0, 0, 0, 0, 0, 0, 0, 0, 0, 0, 0, 0, 0, 0, 0, 0, 0, 0, 0, 0, 0, 0, 0, 0, 0, 0, 0, 0, 0, 0, 0, 0, 0, 0, 0, 0, 0, 0, 0, 0, 0, 0, 0, 0, 0, 0, 0, 0, 0, 0, 0, 0, 0, 0, 0, 0, 0, 0, 0, 0, 0, 0, 0, 0, 0, 0, 0, 0, 0, 0, 0, 0, 0, 0, 0, 0, 0, 0, 0, 0, 0, 0, 0, 0, 0, 0, 0, 0, 0, 0, 0, 0, 0, 0, 0, 0, 0, 0, 0, 0, 0]
},
"tonal": {
    "chords_changes_rate": 0.0253623183817,
    "chords_number_rate": 0.0144927538931,
    "chords_strength": {
        "max": 0.560655415058,
        "mean": -0.767063617706,
        "min": -1,
        "stdev": 0.535062074661
    },
    "hpcp_crest": {
        "max": 35.7859153748,
        "mean": 1.24982476234,
        "min": 0,
