{
"metadata": {
    "version": {
        "essentia": "2.1-beta5",
        "essentia_git_sha": "Undefined",
        "extractor": "music 2.0"
    },
    "audio_properties": {
        "analysis": {
            "equal_loudness": 0,
            "length": 35.9909286499,
            "sample_rate": 44100,
            "start_time": 126.490699768,
            "downmix": "mix"
        },
        "bit_rate": 192000,
        "length": 179.768890381,
        "lossless": 0,
        "number_channels": 1,
        "replay_gain": -8.2819480896,
        "sample_rate": 48000,
        "codec": "mp3",
        "md5_encoded": "c375eeec0d0dc768de2b25683e2d7d54"
    },
    "tags": {
        "file_name": "Turkey_Di Dai Di Dai Dai (Aşık oldum)_MFÖ.mp3",
        "encoding": ["Lavf58.29.100"]
    }
},
"lowlevel": {
    "average_loudness": 0.982287287712,
    "barkbands_crest": {
        "max": 24.5574302673,
        "mean": 7.55780220032,
        "min": 2.2919793129,
        "stdev": 3.89417481422
    },
    "barkbands_flatness_db": {
        "max": 0.280234783888,
        "mean": 0.13818576932,
        "min": 0.0759284496307,
        "stdev": 0.0293909274042
    },
    "barkbands_kurtosis": {
        "max": 54.3189620972,
        "mean": 0.262081444263,
        "min": -1.93607211113,
        "stdev": 3.11754822731
    },
    "barkbands_skewness": {
        "max": 6.83964252472,
        "mean": 0.352646797895,
        "min": -2.41045093536,
        "stdev": 0.964816987514
    },
    "barkbands_spread": {
        "max": 99.2458953857,
        "mean": 34.3359031677,
        "min": 3.51432347298,
        "stdev": 14.5897054672
    },
    "dissonance": {
        "max": 0.500000119209,
        "mean": 0.477490961552,
        "min": 0.310624748468,
        "stdev": 0.0186767466366
    },
    "dynamic_complexity": 2.12135195732,
    "erbbands_crest": {
        "max": 23.1220531464,
        "mean": 7.73451471329,
        "min": 2.72717833519,
        "stdev": 3.09751534462
    },
    "erbbands_flatness_db": {
        "max": 0.288015186787,
        "mean": 0.197774395347,
        "min": 0.12487103045,
        "stdev": 0.028197336942
    },
    "erbbands_kurtosis": {
        "max": 11.8164510727,
        "mean": 0.310931116343,
        "min": -1.76730382442,
        "stdev": 1.4788775444
    },
    "erbbands_skewness": {
        "max": 2.58489131927,
        "mean": -0.131374672055,
        "min": -3.07059717178,
        "stdev": 0.699020683765
    },
    "erbbands_spread": {
        "max": 95.5377120972,
        "mean": 33.2888298035,
        "min": 9.72015666962,
        "stdev": 13.2760620117
    },
    "hfc": {
        "max": 236.388900757,
        "mean": 29.1187648773,
        "min": 0.891660034657,
        "stdev": 27.6740150452
    },
    "loudness_ebu128": {
        "integrated": -19.5818119049,
        "loudness_range": 1.31443405151,
        "momentary": {
            "max": -16.2037277222,
            "mean": -19.7745952606,
            "min": -26.4178714752,
            "stdev": 1.35157084465
        },
        "short_term": {
            "max": -18.578496933,
            "mean": -19.6035575867,
            "min": -20.6187381744,
            "stdev": 0.443180382252
        }
    },
    "melbands_crest": {
        "max": 31.5292510986,
        "mean": 11.2226362228,
        "min": 2.6702144146,
        "stdev": 5.63696670532
    },
    "melbands_flatness_db": {
        "max": 0.355246275663,
        "mean": 0.125656411052,
        "min": 0.0312847234309,
        "stdev": 0.053369127214
    },
    "melbands_kurtosis": {
        "max": 125.097366333,
        "mean": 4.08136367798,
        "min": -1.71574783325,
        "stdev": 9.68229484558
    },
    "melbands_skewness": {
        "max": 9.41069316864,
        "mean": 1.45129919052,
        "min": -0.57784986496,
        "stdev": 1.32860827446
    },
    "melbands_spread": {
        "max": 201.29258728,
        "mean": 53.9574508667,
        "min": 2.25995063782,
        "stdev": 30.092420578
    },
    "pitch_salience": {
        "max": 0.854396820068,
        "mean": 0.555838882923,
        "min": 0.129922226071,
        "stdev": 0.112254694104
    },
    "silence_rate_20dB": {
        "max": 1,
        "mean": 1,
        "min": 1,
        "stdev": 0
    },
    "silence_rate_30dB": {
        "max": 1,
        "mean": 0.998710513115,
        "min": 0,
        "stdev": 0.0358863398433
    },
    "silence_rate_60dB": {
        "max": 1,
        "mean": 0.0225660856813,
        "min": 0,
        "stdev": 0.148515149951
    },
    "spectral_centroid": {
        "max": 4473.65283203,
        "mean": 2327.35180664,
        "min": 641.665405273,
        "stdev": 662.150390625
    },
    "spectral_complexity": {
        "max": 56,
        "mean": 22.0857505798,
        "min": 1,
        "stdev": 9.35321807861
    },
    "spectral_decrease": {
        "max": -2.68093020006e-10,
        "mean": -3.8598018115e-09,
        "min": -4.1171698939e-08,
        "stdev": 3.29653926379e-09
    },
    "spectral_energy": {
        "max": 0.161804139614,
        "mean": 0.0172089636326,
        "min": 0.00110887933988,
        "stdev": 0.0141342291608
    },
    "spectral_energyband_high": {
        "max": 0.0235158037394,
        "mean": 0.00230133906007,
        "min": 1.79960952664e-05,
        "stdev": 0.00323589728214
    },
    "spectral_energyband_low": {
        "max": 0.139069020748,
        "mean": 0.00447657471523,
        "min": 5.37153719051e-05,
        "stdev": 0.00881565921009
    },
    "spectral_energyband_middle_high": {
        "max": 0.0420082621276,
        "mean": 0.00665461504832,
        "min": 0.000205686112167,
        "stdev": 0.00538045540452
    },
    "spectral_energyband_middle_low": {
        "max": 0.0773406550288,
        "mean": 0.00408779410645,
        "min": 0.000140003816341,
        "stdev": 0.0055002165027
    },
    "spectral_entropy": {
        "max": 8.47016143799,
        "mean": 7.78984880447,
        "min": 6.62794446945,
        "stdev": 0.278532981873
    },
    "spectral_flux": {
        "max": 0.294936060905,
        "mean": 0.0814782083035,
        "min": 0.0192222017795,
        "stdev": 0.0389404147863
    },
    "spectral_kurtosis": {
        "max": 15.1073856354,
        "mean": 1.53382909298,
        "min": -1.10443329811,
        "stdev": 1.62815713882
    },
    "spectral_rms": {
        "max": 0.0125641431659,
        "mean": 0.00385037390515,
        "min": 0.0010401122272,
        "stdev": 0.00140137597919
    },
    "spectral_rolloff": {
        "max": 8807.08007812,
        "mean": 3252.78344727,
        "min": 64.599609375,
        "stdev": 1823.04492188
    },
    "spectral_skewness": {
        "max": 2.84562373161,
        "mean": 0.807838082314,
        "min": -0.0444053970277,
        "stdev": 0.345699727535
    },
    "spectral_spread": {
        "max": 7268279.5,
        "mean": 3886441.75,
        "min": 1788069,
        "stdev": 757493.8125
    },
    "spectral_strongpeak": {
        "max": 11.7714004517,
        "mean": 1.19859230518,
        "min": 0,
        "stdev": 1.48269796371
    },
    "zerocrossingrate": {
        "max": 0.29443359375,
        "mean": 0.100995197892,
        "min": 0.00830078125,
        "stdev": 0.0423619858921
    },
    "barkbands": {
        "max": [0.00205034343526, 0.109472110868, 0.0499652475119, 0.0369580648839, 0.0337777882814, 0.00553984753788, 0.00666600000113, 0.0128092495725, 0.0185560360551, 0.00935392081738, 0.00924205128103, 0.00966496393085, 0.0110647538677, 0.0144534865394, 0.0166427902877, 0.0237209517509, 0.0147063815966, 0.00970120448619, 0.00788649730384, 0.0116836410016, 0.00827842857689, 0.0100103281438, 0.0125715853646, 0.00574736809358, 0.000282662105747, 9.66387688095e-07, 8.22874085316e-07],
        "mean": [0.000105145976704, 0.00281894649379, 0.00133293890394, 0.00057434575865, 0.000754259061068, 0.000448371341918, 0.00031611675513, 0.000560519460123, 0.00127743755002, 0.000532726873644, 0.000664590741508, 0.000494794978295, 0.000701628508978, 0.000996355316602, 0.000571337295696, 0.00065734499367, 0.000668589200359, 0.00061815965455, 0.000504419906065, 0.000514512124937, 0.000472009414807, 0.000746819365304, 0.000626619264949, 0.00024399466929, 6.96853021509e-06, 3.96215726894e-09, 1.17016529799e-09],
        "min": [2.37351429178e-07, 8.72173404787e-06, 2.10363486985e-06, 3.82345888283e-07, 3.93662321585e-06, 4.12075451095e-06, 1.23247377815e-06, 1.55560292114e-06, 8.8015676738e-06, 1.28779629449e-06, 1.19238859497e-06, 1.61167804436e-06, 6.70315648676e-06, 3.7466475078e-06, 1.84227576483e-06, 4.03698959417e-06, 5.76103275307e-06, 6.28122097623e-06, 5.49396872884e-06, 1.75826517079e-06, 4.67115341962e-06, 2.59954845205e-06, 1.90122273125e-06, 9.82445953923e-07, 1.3136450816e-09, 5.07723932341e-11, 4.68561231481e-11],
        "stdev": [0.000187470199307, 0.00693125743419, 0.0029912609607, 0.00244595110416, 0.00193470728118, 0.000542995054275, 0.000502323498949, 0.00115006172564, 0.00199289619923, 0.000775522261392, 0.000966175924987, 0.000878821709193, 0.00104708597064, 0.00143955624662, 0.00107081513852, 0.00135820661671, 0.00109035964124, 0.000859105144627, 0.000720161537174, 0.000733812106773, 0.000788661534898, 0.000968753185589, 0.00120914098807, 0.000488380144816, 1.77080000867e-05, 2.52259209077e-08, 2.09205381907e-08]
    },
    "erbbands": {
        "max": [2.30799508095, 30.1049480438, 54.854927063, 68.4537200928, 208.615036011, 42.8491744995, 58.1679458618, 58.6920967102, 114.520545959, 146.056167603, 256.262298584, 537.939880371, 479.346740723, 207.080200195, 415.716796875, 362.062988281, 584.813232422, 791.639404297, 730.315246582, 960.624511719, 1112.5637207, 584.906494141, 509.698913574, 392.167022705, 599.707397461, 301.336151123, 357.230743408, 327.628662109, 276.639404297, 398.692962646, 418.391326904, 189.959945679, 83.7613754272, 7.58649682999, 0.235792174935, 0.0145538747311, 0.00192247878294, 0.000605441513471, 0.000167397636687, 0.000192389226868],
        "mean": [0.0753688141704, 0.652496576309, 1.64290428162, 1.58135223389, 2.75773382187, 1.97307312489, 2.96697044373, 3.80383682251, 3.82540631294, 7.82758665085, 15.173169136, 28.1132793427, 22.7967891693, 18.6221408844, 26.6501350403, 19.5885124207, 32.1837692261, 44.0217247009, 37.8392753601, 37.9254646301, 32.9651794434, 36.5555763245, 40.0509605408, 22.7064361572, 30.4727973938, 24.9255542755, 17.9434947968, 21.7081565857, 26.5552635193, 22.9895210266, 16.4511585236, 7.67464780807, 2.6518702507, 0.245372638106, 0.00772770773619, 0.000618930964265, 0.000111153283797, 3.08357812173e-05, 1.97466633836e-05, 2.60232136498e-05],
        "min": [0.000252831174294, 0.00158086360898, 0.00725762126967, 0.0052617653273, 0.00963280163705, 0.0115766208619, 0.0328369662166, 0.0603680461645, 0.0317953675985, 0.0376328714192, 0.147640809417, 0.2042889148, 0.188967838883, 0.185091465712, 0.169384390116, 0.197407707572, 0.346787929535, 0.300626724958, 0.315404474735, 0.293656766415, 0.341838270426, 0.384272247553, 0.562547206879, 0.437450289726, 0.375653028488, 0.184131935239, 0.167896643281, 0.192122504115, 0.12783023715, 0.0460510775447, 0.0598552562296, 0.0315113775432, 0.00899493973702, 0.000599090126343, 2.69627216767e-05, 5.83563041801e-06, 2.36735968429e-06, 5.40895371159e-07, 9.90886405816e-07, 1.48556762269e-06],
        "stdev": [0.198125302792, 1.63583374023, 3.69397497177, 4.92034196854, 11.6158514023, 3.14375519753, 4.28463602066, 4.87528181076, 6.05200815201, 13.8751306534, 26.1639881134, 46.556224823, 40.6484222412, 23.0213680267, 36.3872451782, 31.7400588989, 47.7967910767, 66.2780838013, 57.4334487915, 70.9284667969, 66.3193206787, 51.8636398315, 52.4377822876, 31.6338386536, 43.6974525452, 31.6830730438, 32.0058441162, 32.5959281921, 33.4898643494, 38.4145812988, 33.1637916565, 15.2472848892, 5.93437147141, 0.520989060402, 0.0162755139172, 0.00117145373952, 0.000188248450286, 4.86545395688e-05, 2.0989575205e-05, 2.19911726163e-05]
    },
    "gfcc": {
        "mean": [-17.9184360504, 100.581108093, -177.699310303, 71.177947998, -76.391708374, 27.9954109192, -19.8704204559, -6.25231838226, 7.85547590256, -22.3898887634, 5.58596754074, -15.7601108551, -0.291518062353],
        "cov": [[1934.04211426, -791.945739746, -98.0928039551, 143.316314697, -231.849594116, 117.198379517, -96.3151016235, -40.961555481, -118.50717926, 9.09749794006, -122.202651978, -47.2495574951, -88.8352355957], [-791.945739746, 931.497802734, 95.3623504639, -179.446670532, 202.72354126, -113.328285217, 140.661514282, 27.0617008209, 88.8081283569, -33.5828857422, 108.343101501, 21.8029079437, 56.1080131531], [-98.0928039551, 95.3623504639, 485.739227295, 153.404296875, -59.3584480286, 37.4639472961, -62.5121994019, 36.6367683411, 4.50103139877, -32.8435173035, -12.0324335098, 1.52744615078, -1.73666632175], [143.316314697, -179.446670532, 153.404296875, 285.304382324, 96.0693969727, 24.5304260254, -46.9960784912, 1.62262833118, 23.0921592712, 9.20016860962, -51.7683753967, -11.4016094208, -1.2941827774], [-231.849594116, 202.72354126, -59.3584480286, 96.0693969727, 321.468688965, 41.5449447632, 69.1138305664, 31.2796344757, 74.1288146973, 24.9242515564, 34.3162117004, 2.83465218544, 39.6150588989], [117.198379517, -113.328285217, 37.4639472961, 24.5304260254, 41.5449447632, 172.231552124, 56.9105834961, 26.7182731628, -24.6071109772, 22.1275157928, 17.6682415009, -1.361754179, -5.6143655777], [-96.3151016235, 140.661514282, -62.5121994019, -46.9960784912, 69.1138305664, 56.9105834961, 194.02015686, 37.5567932129, 15.1493358612, 18.0299263, 43.4968261719, 5.77914619446, -1.51615607738], [-40.961555481, 27.0617008209, 36.6367683411, 1.62262833118, 31.2796344757, 26.7182731628, 37.5567932129, 94.6981124878, 40.5182723999, 9.56606006622, 21.1681632996, 3.01778006554, 9.13756847382], [-118.50717926, 88.8081283569, 4.50103139877, 23.0921592712, 74.1288146973, -24.6071109772, 15.1493358612, 40.5182723999, 112.311286926, 36.9878158569, 6.00605964661, 19.1934127808, 22.7110862732], [9.09749794006, -33.5828857422, -32.8435173035, 9.20016860962, 24.9242515564, 22.1275157928, 18.0299263, 9.56606006622, 36.9878158569, 79.0036849976, 33.8886680603, 7.48716688156, 15.3748588562], [-122.202651978, 108.343101501, -12.0324335098, -51.7683753967, 34.3162117004, 17.6682415009, 43.4968261719, 21.1681632996, 6.00605964661, 33.8886680603, 91.8071594238, 38.9097213745, 11.9585018158], [-47.2495574951, 21.8029079437, 1.52744615078, -11.4016094208, 2.83465218544, -1.361754179, 5.77914619446, 3.01778006554, 19.1934127808, 7.48716688156, 38.9097213745, 72.2411422729, 34.8516197205], [-88.8352355957, 56.1080131531, -1.73666632175, -1.2941827774, 39.6150588989, -5.6143655777, -1.51615607738, 9.13756847382, 22.7110862732, 15.3748588562, 11.9585018158, 34.8516197205, 71.1975784302]],
        "icov": [[0.000872911012266, 6.75316914567e-05, 0.000613208627328, -0.000783589028288, 0.000776618893724, -0.00071631296305, 0.000249995151535, -0.000405555299949, 0.00049231533194, -0.000418136449298, 0.000768764526583, -0.000434944900917, 0.000622456893325], [6.75316914567e-05, 0.00914801564068, -0.00802550558001, 0.0106820315123, -0.00935024395585, 0.00894214399159, -0.00608970597386, 0.005821517203, -0.00360778719187, 0.00474292319268, -0.0056462478824, 0.00513029564172, -0.00353195890784], [0.000613208627328, -0.00802550558001, 0.0123019395396, -0.0148414839059, 0.0133473854512, -0.011396006681, 0.00637615704909, -0.00443374644965, -0.0021507514175, 0.00371812982485, -0.00294587900862, 0.00129498529714, -0.000756420136895], [-0.000783589028288, 0.0106820315123, -0.0148414839059, 0.0243416056037, -0.019891217351, 0.0142699433491, -0.00635036779568, 0.00379198114388, 0.00406577205285, -0.0070483526215, 0.00897041615099, -0.00501799583435, 0.00343049014919], [0.000776618893724, -0.00935024395585, 0.0133473854512, -0.019891217351, 0.0221676323563, -0.0152372401208, 0.00540448352695, -0.00125762366224, -0.00914976373315, 0.00932366307825, -0.0107321124524, 0.00877399370074, -0.00654486985877], [-0.00071631296305, 0.00894214399159, -0.011396006681, 0.0142699433491, -0.0152372401208, 0.0206193700433, -0.00845676288009, 0.000402315927204, 0.00748392054811, -0.00684566050768, 0.00389205385, -0.00336731062271, 0.00199872232042], [0.000249995151535, -0.00608970597386, 0.00637615704909, -0.00635036779568, 0.00540448352695, -0.00845676288009, 0.0116758923978, -0.00569354556501, 0.00173015124165, -0.00256884703413, 0.00186696730088, -0.00319109018892, 0.00370777095668], [-0.000405555299949, 0.005821517203, -0.00443374644965, 0.00379198114388, -0.00125762366224, 0.000402315927204, -0.00569354556501, 0.0231135021895, -0.0169423688203, 0.0150747457519, -0.0178530272096, 0.0155806643888, -0.00996826216578], [0.00049231533194, -0.00360778719187, -0.0021507514175, 0.00406577205285, -0.00914976373315, 0.00748392054811, 0.00173015124165, -0.0169423688203, 0.0349204093218, -0.0300673339516, 0.0299949850887, -0.0261356830597, 0.0144806178287], [-0.000418136449298, 0.00474292319268, 0.00371812982485, -0.0070483526215, 0.00932366307825, -0.00684566050768, -0.00256884703413, 0.0150747457519, -0.0300673339516, 0.0471713989973, -0.0398728586733, 0.0309127420187, -0.0210441146046], [0.000768764526583, -0.0056462478824, -0.00294587900862, 0.00897041615099, -0.0107321124524, 0.00389205385, 0.00186696730088, -0.0178530272096, 0.0299949850887, -0.0398728586733, 0.0568398237228, -0.0411266721785, 0.0237365905195], [-0.000434944900917, 0.00513029564172, 0.00129498529714, -0.00501799583435, 0.00877399370074, -0.00336731062271, -0.00319109018892, 0.0155806643888, -0.0261356830597, 0.0309127420187, -0.0411266721785, 0.0495728552341, -0.0275573953986], [0.000622456893325, -0.00353195890784, -0.000756420136895, 0.00343049014919, -0.00654486985877, 0.00199872232042, 0.00370777095668, -0.00996826216578, 0.0144806178287, -0.0210441146046, 0.0237365905195, -0.0275573953986, 0.0322348475456]]
    },
    "melbands": {
        "max": [0.0210714004934, 0.0332801192999, 0.0166086517274, 0.00908211246133, 0.00199851533398, 0.00120539369527, 0.0015287877759, 0.00161185278557, 0.00221662037075, 0.0032414230518, 0.00238081859425, 0.000910662463866, 0.00145585252903, 0.00133193167858, 0.0011457054643, 0.00106320192572, 0.00136378756724, 0.00153975735884, 0.00154149206355, 0.00207911920734, 0.00148230127525, 0.00050351821119, 0.0012449931819, 0.000596649770159, 0.000372907525161, 0.000306157482555, 0.00068435020512, 0.000195751024876, 0.000295414589345, 0.000152434862684, 0.0002383672836, 0.000174504253664, 0.000192774416064, 0.000211130769458, 0.000292609271128, 0.000136718910653, 0.000124624246382, 8.25487077236e-05, 1.42405642691e-05, 2.14311148738e-06],
        "mean": [0.000735262699891, 0.000837047526147, 0.000325895671267, 0.000169205770362, 0.000100732177089, 8.5329535068e-05, 5.9136084019e-05, 9.79225151241e-05, 0.00013955833856, 0.000176538946107, 0.000110866007162, 7.28115410311e-05, 9.8889839137e-05, 5.5829568737e-05, 6.23287050985e-05, 7.04262347426e-05, 8.43398447614e-05, 6.82605677866e-05, 4.31617627328e-05, 4.83275216538e-05, 3.51464295818e-05, 3.24599932355e-05, 4.58309550595e-05, 3.14627177431e-05, 1.59634073498e-05, 2.05110372917e-05, 2.26989504881e-05, 1.46817437781e-05, 1.10122155093e-05, 9.7257352536e-06, 1.40769980135e-05, 1.52547827383e-05, 1.3885329281e-05, 1.30528451336e-05, 1.06655770651e-05, 5.89080036661e-06, 4.16501507061e-06, 2.24337463806e-06, 5.71051998577e-07, 4.87454059339e-08],
        "min": [2.74182684734e-06, 6.10303595749e-06, 1.50221569584e-06, 5.94738935433e-07, 1.07478297195e-06, 1.41719976909e-06, 2.59426428784e-07, 3.23751095266e-07, 1.03628326542e-06, 1.31381261781e-06, 7.13029237431e-07, 2.6480086035e-07, 1.97045665118e-07, 3.61430409157e-07, 3.81871018362e-07, 5.85044233503e-07, 2.19012463276e-07, 3.12840654715e-07, 1.12129399099e-07, 3.58105580744e-07, 2.35911585378e-07, 2.21514909526e-07, 2.21939899347e-07, 2.40447292299e-07, 2.07134490893e-07, 2.53926600635e-07, 1.75385096668e-07, 4.65038603181e-08, 8.34690254692e-08, 7.23697084482e-08, 1.07354246381e-07, 7.64860885738e-08, 2.4292477363e-08, 2.63606061424e-08, 3.58505971576e-08, 2.60472567959e-08, 1.47510847981e-08, 7.69145369617e-09, 1.17580878367e-09, 8.36682893107e-12],
        "stdev": [0.00182618841063, 0.00182326766662, 0.00110213819426, 0.000504997617099, 0.000142751669046, 0.000106803483504, 8.86406342033e-05, 0.000179755559657, 0.000223692375585, 0.000289583724225, 0.000203113202588, 9.38430821407e-05, 0.000138478237204, 0.000102954480099, 0.00010391935939, 0.000106957508251, 0.000126578961499, 0.000112788940896, 8.82818276295e-05, 0.000103592603409, 7.53848653403e-05, 4.78127803945e-05, 8.06216121418e-05, 4.65059456474e-05, 2.60438391706e-05, 3.01841864712e-05, 3.58552606485e-05, 2.04382722586e-05, 2.17425676965e-05, 1.69570394064e-05, 2.15727322939e-05, 1.94972199097e-05, 2.05540218303e-05, 2.44700440817e-05, 2.21410209633e-05, 1.20659860841e-05, 8.61893568072e-06, 5.40804558113e-06, 1.18945672511e-06, 1.24962483028e-07]
    },
    "melbands128": {
        "max": [0.0020379840862, 0.0191161818802, 0.0357942655683, 0.0621061250567, 0.0412874668837, 0.0209670569748, 0.0119431978092, 0.0241106096655, 0.0254896320403, 0.00639318488538, 0.0020100036636, 0.00415660208091, 0.00285996682942, 0.00147440284491, 0.00181753817014, 0.00122647162061, 0.00251393998042, 0.00184084987268, 0.00197081640363, 0.00255984812975, 0.00301334890537, 0.00471601635218, 0.00369141041301, 0.00358610600233, 0.00622836360708, 0.0030150806997, 0.0078794490546, 0.0023562326096, 0.00187944981735, 0.00147816771641, 0.00140916276723, 0.0024767506402, 0.00289860647172, 0.00275483238511, 0.0031111817807, 0.00120474747382, 0.00161366001703, 0.00210623629391, 0.00240998272784, 0.00208491832018, 0.00136579980608, 0.00353046320379, 0.0019900475163, 0.00196413835511, 0.00293257506564, 0.0026898519136, 0.00272475043312, 0.00208472157829, 0.00266875978559, 0.00264833471738, 0.00338464905508, 0.00236740056425, 0.00352529692464, 0.000774471496698, 0.000323131040204, 0.000743968936149, 0.00125337892678, 0.00319576472975, 0.00109078385867, 0.000764205062296, 0.000941594887991, 0.000759768299758, 0.000310425151838, 0.000633172166999, 0.00102908280678, 0.000326012581354, 0.000689299136866, 0.00144494196866, 0.000635142496321, 0.000435028050561, 0.000322963722283, 0.000324866356095, 0.000247963704169, 0.000627247383818, 0.000525353243575, 0.000177933761734, 0.000214961313759, 0.000268363888608, 0.00038147775922, 0.000306519534206, 0.000306589179672, 0.000235183935729, 0.000359761354048, 0.000251794059295, 0.000360030680895, 0.000343765859725, 0.000326416833559, 0.000341537583154, 0.000396816962166, 0.000323596032104, 0.000180854884093, 0.000216567699681, 0.000168135476997, 0.00013742975716, 0.000108439446194, 0.00013725986355, 0.000120631455502, 3.58812467312e-05, 1.58364837262e-05, 1.3348374523e-05, 3.22055666402e-06, 1.03373076854e-06, 1.36063846412e-07, 1.51975072527e-08, 1.12079288073e-08, 1.12429505705e-08, 1.74428684829e-08, 7.54046158846e-09, 7.58016938107e-09, 6.80359324434e-09, 6.26448981578e-09, 5.81557024759e-09, 5.38199307343e-09, 5.01563857114e-09, 4.72812589081e-09, 4.47446479868e-09, 4.228357664e-09, 4.01370137126e-09, 3.85587384244e-09, 3.68482089286e-09, 3.5474951865e-09, 3.43577855055e-09, 3.33476291026e-09, 3.23214943698e-09, 3.16569659375e-09, 3.10479331134e-09, 3.06480307799e-09, 3.04218406022e-09],
        "mean": [8.49915522849e-05, 0.00053755933186, 0.00102724507451, 0.00108602177352, 0.000967572850641, 0.000559120788239, 0.000283421191853, 0.000314615579555, 0.000308058602968, 0.000151483414811, 8.82271051523e-05, 9.86526429188e-05, 9.62907724897e-05, 0.000116284289106, 9.12033865461e-05, 6.72261958243e-05, 5.83041910431e-05, 5.57542480237e-05, 5.74977384531e-05, 8.38068226585e-05, 0.000121008102724, 0.000142397882883, 9.19793601497e-05, 0.000199244183023, 0.000229607787332, 0.000123383128084, 0.000173127758899, 8.91052477527e-05, 9.78477328317e-05, 5.96956670051e-05, 5.3490683058e-05, 0.000111873567221, 0.000129558160552, 5.73063116462e-05, 8.00780690042e-05, 4.23874043918e-05, 4.14820133301e-05, 5.12775150128e-05, 9.35285643209e-05, 6.83953476255e-05, 4.58104768768e-05, 0.000106250576209, 7.6409050962e-05, 7.10377789801e-05, 0.000113724352559, 5.66206690564e-05, 3.64220395568e-05, 3.3746513509e-05, 4.30799664173e-05, 7.5690644735e-05, 3.91382491216e-05, 3.2564450521e-05, 5.31057194166e-05, 2.84154648398e-05, 1.49314055307e-05, 3.36701050401e-05, 3.54599469574e-05, 7.28816303308e-05, 3.31639384967e-05, 3.0915321986e-05, 4.06089748139e-05, 2.53139005508e-05, 9.22048184293e-06, 1.50912337631e-05, 2.38189149968e-05, 1.46818601934e-05, 2.24263894779e-05, 3.04493241856e-05, 1.74721262738e-05, 2.12641571125e-05, 1.68913411471e-05, 1.03145421235e-05, 9.18024670682e-06, 1.243249244e-05, 1.16518767754e-05, 8.4527891886e-06, 9.4532242656e-06, 1.11295357783e-05, 1.47049922816e-05, 1.72658565134e-05, 1.54847093654e-05, 1.32038167067e-05, 1.69370905496e-05, 1.47397395267e-05, 1.07197765828e-05, 1.14672966447e-05, 1.51480562636e-05, 1.37724782689e-05, 1.05428725874e-05, 8.67892231327e-06, 6.25645043328e-06, 4.97189967064e-06, 5.32634294359e-06, 4.45111072622e-06, 3.24346228808e-06, 2.9632060432e-06, 2.1718969947e-06, 1.0637052128e-06, 5.73124054881e-07, 3.28862597598e-07, 7.06826597252e-08, 3.1791902444e-09, 3.90794369087e-10, 3.61481192201e-11, 2.2229839497e-11, 4.19299733823e-11, 5.82380879632e-11, 1.33502958688e-10, 4.10590866862e-11, 8.77792890458e-12, 7.99899122633e-12, 7.57354508968e-12, 7.15495631493e-12, 6.75166606651e-12, 6.44123816784e-12, 6.169208807e-12, 5.90460536368e-12, 5.61830963697e-12, 5.4274336761e-12, 5.23366246175e-12, 5.06422421359e-12, 4.93612529323e-12, 4.81895079396e-12, 4.69459844263e-12, 4.5446550169e-12, 4.34963783741e-12, 4.23720910789e-12, 4.20032064685e-12],
        "min": [7.11024217281e-09, 2.28311591854e-07, 9.14055135581e-07, 1.39062944982e-06, 1.55045597694e-06, 1.16860621802e-06, 3.51560572653e-07, 1.25283634134e-07, 2.49287637644e-07, 4.44219097062e-07, 9.91352635538e-08, 1.44994487528e-07, 1.68062115335e-07, 1.07659434434e-06, 1.06191208715e-07, 4.64762699437e-08, 1.49831166141e-07, 1.58245754278e-07, 5.67619373726e-08, 9.37966433412e-08, 1.93583289843e-07, 5.6884090327e-08, 8.01380650728e-08, 5.95860228714e-07, 7.71984787207e-07, 3.03318330452e-07, 9.14040398925e-08, 6.93641410976e-08, 7.14672268032e-08, 1.10157273525e-07, 6.36776320562e-08, 5.54129329089e-08, 1.50818522116e-07, 5.03795796192e-08, 7.7870424775e-08, 6.12996444715e-08, 2.43288891255e-08, 2.0479893692e-07, 1.40729582654e-07, 2.71064877211e-08, 6.97387818605e-08, 4.70859617963e-08, 2.83294063763e-08, 4.34570139873e-08, 7.20006454458e-08, 3.33007577069e-08, 3.12106607225e-08, 1.2310829689e-08, 7.62300373935e-08, 1.3171001001e-07, 5.66228450793e-08, 4.66270364541e-08, 6.87887649065e-08, 3.62226586503e-08, 4.78370161261e-08, 4.15872172255e-08, 7.61615694955e-08, 4.42350511776e-08, 2.25221050698e-08, 1.01804829455e-07, 1.02708604288e-07, 9.78664616014e-08, 3.38468169048e-08, 4.96835781405e-08, 4.75638870512e-08, 4.06834850253e-08, 4.21505319537e-08, 3.28734977018e-08, 3.1477839002e-08, 3.68502171e-08, 3.09668131138e-08, 6.59345733567e-09, 6.52215970121e-09, 1.17687442014e-08, 8.55749604511e-09, 7.98983457173e-09, 4.68882266347e-09, 1.05998871902e-08, 4.49409256476e-08, 4.57327224979e-08, 2.00896010938e-08, 3.07253706922e-08, 2.62425761122e-08, 9.49890566204e-09, 9.23386878071e-09, 1.19160059597e-08, 2.57167798168e-08, 3.13312149558e-08, 7.41694794471e-09, 1.46386360811e-08, 2.53972132214e-08, 1.95897325028e-08, 1.55439661143e-08, 1.26030981207e-08, 8.26335444515e-09, 5.65622881865e-09, 4.55712534375e-09, 2.22717200238e-09, 1.20692422723e-09, 7.50011441841e-11, 4.44078020884e-12, 1.96240145986e-13, 1.69341903239e-13, 1.56705120343e-13, 1.31553025851e-13, 1.42424158404e-13, 1.25973463974e-13, 2.83381933371e-13, 1.7540477534e-13, 1.48945593814e-13, 1.51444910215e-13, 1.93027207716e-13, 1.36377698414e-13, 1.43505080865e-13, 1.46222240587e-13, 1.49238707872e-13, 1.66715721631e-13, 1.16165798226e-13, 1.23010190358e-13, 1.32486117346e-13, 1.44162391985e-13, 1.45237798567e-13, 1.34315667854e-13, 1.39506231545e-13, 1.23753492263e-13, 4.63111774136e-14, 6.5285356636e-15, 2.58255342829e-16],
        "stdev": [0.000172375453985, 0.00151060952339, 0.00282814516686, 0.00293754506856, 0.00233082449995, 0.00125270092394, 0.000891155854333, 0.00143754377495, 0.00140854646452, 0.00038296013372, 0.00013110099826, 0.000202772891498, 0.000180204122444, 0.000165202902281, 0.000133660898427, 0.00012147869711, 0.00012451056682, 0.000110699926154, 0.000118813179142, 0.00019331711519, 0.000299564941088, 0.00035517354263, 0.00022752089717, 0.000358346733265, 0.000498242676258, 0.000251845805906, 0.000533412909135, 0.000180221060873, 0.000183302836376, 0.000106014667836, 0.00010984128312, 0.000195656903088, 0.000223611306865, 0.000148491206346, 0.000196741209948, 0.000105780854938, 0.000117294948723, 0.000133947192808, 0.000182341507752, 0.000151588828885, 0.000113009904453, 0.000257153209532, 0.000167257967405, 0.000140823394759, 0.000232116741245, 0.000133646826725, 0.000103100675915, 0.000105887331301, 0.000121018201753, 0.000180245377123, 0.000138082468766, 0.000121935772768, 0.000150344625581, 6.08844820817e-05, 2.8166521588e-05, 6.91590976203e-05, 6.9879090006e-05, 0.000185343888006, 6.72466048854e-05, 5.79723309784e-05, 7.09653031663e-05, 4.78512120026e-05, 1.79407415999e-05, 3.59153054887e-05, 5.55463375349e-05, 3.05178982671e-05, 4.68255384476e-05, 6.75015471643e-05, 3.9626374928e-05, 3.82057733077e-05, 2.95519257634e-05, 2.22941180255e-05, 2.1216685127e-05, 3.70689194824e-05, 2.98677277897e-05, 1.70769853867e-05, 1.85884800885e-05, 2.19063713303e-05, 2.75407546724e-05, 2.82014407276e-05, 2.50063167186e-05, 2.10215530387e-05, 2.9828199331e-05, 2.53300495388e-05, 2.12907671084e-05, 2.49798777077e-05, 3.12317752105e-05, 2.97359383694e-05, 2.52205554716e-05, 2.12698723772e-05, 1.45319672811e-05, 1.18650941658e-05, 1.11331746666e-05, 1.00495190054e-05, 7.52754658606e-06, 7.58059832151e-06, 6.14866212345e-06, 2.34651292885e-06, 1.24329710616e-06, 8.47860405884e-07, 1.7279656106e-07, 4.01566317976e-08, 5.31670263371e-09, 5.44917722056e-10, 3.07272707278e-10, 4.6513412566e-10, 6.13408934758e-10, 3.32757377208e-10, 2.11150666396e-10, 1.72816636002e-10, 1.59134760924e-10, 1.47740583656e-10, 1.36735706091e-10, 1.27443389175e-10, 1.20141785409e-10, 1.13710013627e-10, 1.07470074506e-10, 1.02018414549e-10, 9.80143188833e-11, 9.3676753854e-11, 9.01901470174e-11, 8.73555811021e-11, 8.47944769955e-11, 8.21900394965e-11, 8.05027572381e-11, 7.89578194493e-11, 7.79438596998e-11, 7.73704850188e-11]
    },
    "mfcc": {
        "mean": [-622.046813965, 86.6909561157, -21.4053077698, 26.8212528229, -11.327290535, 22.1898708344, -11.0051784515, 21.95753479, -5.81117725372, 13.4815263748, -0.749065995216, 5.66639947891, -8.44299983978],
        "cov": [[2138.94433594, -902.858093262, -25.3493843079, -104.378448486, -115.570594788, 61.7981491089, -16.9429244995, -67.6109771729, -33.4528694153, -16.2897834778, -10.0428037643, -90.4372406006, -49.8863105774], [-902.858093262, 1043.7052002, -106.808731079, -13.8119382858, -2.45083093643, -76.1929550171, 54.8481636047, 73.2396621704, 7.02288627625, -7.50088882446, 56.1351013184, 20.9107017517, 21.6328964233], [-25.3493843079, -106.808731079, 541.323364258, 42.1124382019, 13.1304550171, -38.1805305481, -31.1408157349, 7.19005727768, -1.47695660591, -29.8022098541, -70.5270080566, 61.6049041748, 2.8820271492], [-104.378448486, -13.8119382858, 42.1124382019, 261.846588135, 121.377593994, 36.6061553955, -47.0777015686, 4.90914440155, 45.1843605042, 23.156539917, -32.4653434753, 27.1206073761, 16.4437942505], [-115.570594788, -2.45083093643, 13.1304550171, 121.377593994, 255.752075195, 46.1726074219, -12.0302305222, 4.58366918564, 49.3954124451, 23.4527740479, -11.758190155, 16.3973274231, 7.61765098572], [61.7981491089, -76.1929550171, -38.1805305481, 36.6061553955, 46.1726074219, 144.415649414, 56.9075317383, 12.1603517532, 17.9936656952, 24.4776859283, 21.0957450867, -9.94085597992, -6.36964082718], [-16.9429244995, 54.8481636047, -31.1408157349, -47.0777015686, -12.0302305222, 56.9075317383, 177.252838135, 43.9857215881, -4.06045150757, 18.3386058807, 50.4992637634, -4.54021310806, -1.82196807861], [-67.6109771729, 73.2396621704, 7.19005727768, 4.90914440155, 4.58366918564, 12.1603517532, 43.9857215881, 99.0896148682, 17.144952774, 6.49278211594, 10.4112949371, 8.40570259094, 7.89330148697], [-33.4528694153, 7.02288627625, -1.47695660591, 45.1843605042, 49.3954124451, 17.9936656952, -4.06045150757, 17.144952774, 102.074539185, 28.4944076538, 4.61455631256, 21.2250041962, 9.78328609467], [-16.2897834778, -7.50088882446, -29.8022098541, 23.156539917, 23.4527740479, 24.4776859283, 18.3386058807, 6.49278211594, 28.4944076538, 73.4747009277, 28.7572479248, 5.13407278061, 6.27479887009], [-10.0428037643, 56.1351013184, -70.5270080566, -32.4653434753, -11.758190155, 21.0957450867, 50.4992637634, 10.4112949371, 4.61455631256, 28.7572479248, 94.8754653931, 12.5284786224, 6.23990297318], [-90.4372406006, 20.9107017517, 61.6049041748, 27.1206073761, 16.3973274231, -9.94085597992, -4.54021310806, 8.40570259094, 21.2250041962, 5.13407278061, 12.5284786224, 89.1519851685, 34.5780906677], [-49.8863105774, 21.6328964233, 2.8820271492, 16.4437942505, 7.61765098572, -6.36964082718, -1.82196807861, 7.89330148697, 9.78328609467, 6.27479887009, 6.23990297318, 34.5780906677, 82.8650970459]],
        "icov": [[0.000821068999358, 0.000732218788471, 6.55143667245e-05, 0.000120632495964, 0.000260393338976, 4.73425984637e-07, 7.59652721172e-06, -1.22400861073e-05, -0.000160108931595, 0.000336416414939, -0.000401779747335, 0.000596860831138, 2.89833824354e-05], [0.000732218788471, 0.00182402762584, 0.000322262727423, -9.88224128378e-05, 8.77996499185e-05, 0.00101766583975, -0.000380647281418, -0.000771803897806, -0.00019309266645, 0.00074326840695, -0.000994482892565, 0.000426986021921, -2.84418129013e-05], [6.55143667245e-05, 0.000322262727423, 0.00245101214387, -0.000143751967698, -8.75545265444e-06, 0.000533635320608, -0.000376574345864, -0.000394164409954, 0.000281830667518, 0.000300803716527, 0.00185227126349, -0.00219183089212, 0.000688761298079], [0.000120632495964, -9.88224128378e-05, -0.000143751967698, 0.00596356811002, -0.00194064772222, -0.00170918670483, 0.0016767923953, -0.000446466758149, -0.000591683259699, -0.00153791846242, 0.00197712797672, -0.00115552719217, -0.000433966313722], [0.000260393338976, 8.77996499185e-05, -8.75545265444e-06, -0.00194064772222, 0.00549366744235, -0.00119565275963, 5.54447215109e-05, 0.000315505254548, -0.00149732804857, -0.000280922773527, 0.000345264445059, -3.81676800316e-05, 8.14617742435e-05], [4.73425984637e-07, 0.00101766583975, 0.000533635320608, -0.00170918670483, -0.00119565275963, 0.0103486580774, -0.00357650546357, -0.00018191387062, -0.000750322884414, -0.000641500810161, -0.00129422126338, 0.00128792936448, 0.000596495170612], [7.59652721172e-06, -0.000380647281418, -0.000376574345864, 0.0016767923953, 5.54447215109e-05, -0.00357650546357, 0.00906247738749, -0.00320438644849, 0.00104928936344, -0.000776934728492, -0.00302114360966, 0.000423365738243, -5.43860551261e-06], [-1.22400861073e-05, -0.000771803897806, -0.000394164409954, -0.000446466758149, 0.000315505254548, -0.00018191387062, -0.00320438644849, 0.0124992039055, -0.00209511630237, 0.000237552914768, 0.000521023292094, -0.00013627797307, -0.000760627153795], [-0.000160108931595, -0.00019309266645, 0.000281830667518, -0.000591683259699, -0.00149732804857, -0.000750322884414, 0.00104928936344, -0.00209511630237, 0.0129749905318, -0.00426327483729, 0.000763303192798, -0.00273221428506, 0.000237834072323], [0.000336416414939, 0.00074326840695, 0.000300803716527, -0.00153791846242, -0.000280922773527, -0.000641500810161, -0.000776934728492, 0.000237552914768, -0.00426327483729, 0.0187462065369, -0.00581917678937, 0.00142048846465, -0.000830717501231], [-0.000401779747335, -0.000994482892565, 0.00185227126349, 0.00197712797672, 0.000345264445059, -0.00129422126338, -0.00302114360966, 0.000521023292094, 0.000763303192798, -0.00581917678937, 0.0173694938421, -0.00491139478981, 0.000405705883168], [0.000596860831138, 0.000426986021921, -0.00219183089212, -0.00115552719217, -3.81676800316e-05, 0.00128792936448, 0.000423365738243, -0.00013627797307, -0.00273221428506, 0.00142048846465, -0.00491139478981, 0.0173503067344, -0.00597693445161], [2.89833824354e-05, -2.84418129013e-05, 0.000688761298079, -0.000433966313722, 8.14617742435e-05, 0.000596495170612, -5.43860551261e-06, -0.000760627153795, 0.000237834072323, -0.000830717501231, 0.000405705883168, -0.00597693445161, 0.0147638786584]]
    },
    "spectral_contrast_coeffs": {
        "max": [-0.516629576683, -0.539876401424, -0.494816035032, -0.509347677231, -0.534359335899, -0.533838152885],
        "mean": [-0.756435036659, -0.762933015823, -0.744030833244, -0.750893771648, -0.746698915958, -0.654231131077],
        "min": [-0.887602567673, -0.896665215492, -0.902635335922, -0.878375411034, -0.873499631882, -0.778700590134],
        "stdev": [0.0599424727261, 0.05969594419, 0.0641490146518, 0.054955419153, 0.0501952134073, 0.0429529994726]
    },
    "spectral_contrast_valleys": {
        "max": [-5.7066245079, -5.27724981308, -5.46651077271, -5.52967691422, -5.48759222031, -8.26656341553],
        "mean": [-7.08104753494, -7.00014877319, -7.45330619812, -7.47275447845, -7.36686992645, -10.5369987488],
        "min": [-8.92011356354, -8.73553562164, -9.55264091492, -9.32201480865, -9.1395149231, -12.7901058197],
        "stdev": [0.490083158016, 0.519676506519, 0.573381245136, 0.567989051342, 0.62954968214, 0.825557112694]
    }
},
"rhythm": {
    "beats_count": 63,
    "beats_loudness": {
        "max": 0.0856357812881,
        "mean": 0.0351635403931,
        "min": 0.0126218926162,
        "stdev": 0.0168599430472
    },
    "bpm": 105.309165955,
    "bpm_histogram_first_peak_bpm": 105,
    "bpm_histogram_first_peak_weight": 0.38983052969,
    "bpm_histogram_second_peak_bpm": 110,
    "bpm_histogram_second_peak_spread": 0,
    "bpm_histogram_second_peak_weight": 0.0161290317774,
    "danceability": 2.37726378441,
    "onset_rate": 4.55523395538,
    "beats_loudness_band_ratio": {
        "max": [0.83368897438, 0.227632626891, 0.318100005388, 0.363323509693, 0.409130454063, 0.595469117165],
        "mean": [0.396181970835, 0.0511139929295, 0.0862968713045, 0.120073653758, 0.130672395229, 0.241311579943],
        "min": [0.033832360059, 0.0042146043852, 0.00753627996892, 0.0197928976268, 0.0171133577824, 0.0182597860694],
        "stdev": [0.239236667752, 0.0444434657693, 0.0648956596851, 0.0950450673699, 0.0862265005708, 0.160586059093]
    },
    "beats_position": [0.510838985443, 1.02167797089, 1.54412698746, 2.08979582787, 2.6470746994, 3.20435357094, 3.78485250473, 4.3653512001, 4.93424034119, 5.50312900543, 6.06040811539, 6.6176867485, 7.19818592072, 7.77868461609, 8.35918331146, 8.91646194458, 9.4853515625, 10.0542402267, 10.623128891, 11.1920175552, 11.7609071732, 12.3181858063, 12.8870744705, 13.4559631348, 14.0248527527, 14.6053514481, 15.1858501434, 15.7547388077, 16.3236274719, 16.904127121, 17.4846248627, 18.0535144806, 18.6107940674, 19.179681778, 19.7485713959, 20.3174591064, 20.8863487244, 21.4552383423, 22.0241260529, 22.5930156708, 23.1619052887, 23.7307929993, 24.3112926483, 24.89179039, 25.4490699768, 26.0179595947, 26.5868473053, 27.1673469543, 27.7362346649, 28.3051242828, 28.8740139008, 29.4429016113, 30.0234012604, 30.5922889709, 31.1611785889, 31.7300682068, 32.2989578247, 32.8678436279, 33.4367332458, 34.0056228638, 34.5745124817, 35.1550102234, 35.7355079651],
