{
"metadata": {
    "version": {
        "essentia": "2.1-beta5",
        "essentia_git_sha": "Undefined",
        "extractor": "music 2.0"
    },
    "audio_properties": {
        "analysis": {
            "equal_loudness": 0,
            "length": 28.7695236206,
            "sample_rate": 44100,
            "start_time": 191.4949646,
            "downmix": "mix"
        },
        "bit_rate": 192000,
        "length": 220.287704468,
        "lossless": 0,
        "number_channels": 2,
        "replay_gain": 0.875497817993,
        "sample_rate": 44100,
        "codec": "mp3",
        "md5_encoded": "a6d26b0abadaeac7ea3f2867b2c7ee7a"
    },
    "tags": {
        "file_name": "Israel_Olé Olé_Izhar Cohen.mp3",
        "encoding": ["Lavf58.29.100"]
    }
},
"lowlevel": {
    "average_loudness": 0.519450604916,
    "barkbands_crest": {
        "max": 21.4875984192,
        "mean": 7.35813617706,
        "min": 2.31922078133,
        "stdev": 3.00970578194
    },
    "barkbands_flatness_db": {
        "max": 0.22007355094,
        "mean": 0.114001564682,
        "min": 0.045556910336,
        "stdev": 0.0346108488739
    },
    "barkbands_kurtosis": {
        "max": 9.86439228058,
        "mean": 1.35534083843,
        "min": -1.77040624619,
        "stdev": 1.78483402729
    },
    "barkbands_skewness": {
        "max": 3.15874958038,
        "mean": -0.289801210165,
        "min": -2.23125076294,
        "stdev": 1.25278937817
    },
    "barkbands_spread": {
        "max": 60.3533706665,
        "mean": 23.6477680206,
        "min": 7.77883195877,
        "stdev": 6.86074256897
    },
    "dissonance": {
        "max": 0.499999821186,
        "mean": 0.479706346989,
        "min": 0.366145044565,
        "stdev": 0.0213872157037
    },
    "dynamic_complexity": 4.72387361526,
    "erbbands_crest": {
        "max": 22.2004871368,
        "mean": 6.41960096359,
        "min": 2.52796363831,
        "stdev": 3.54155349731
    },
    "erbbands_flatness_db": {
        "max": 0.275441676378,
        "mean": 0.16218085587,
        "min": 0.0812142714858,
        "stdev": 0.0535290017724
    },
    "erbbands_kurtosis": {
        "max": 5.3214635849,
        "mean": 0.0176068041474,
        "min": -1.47228014469,
        "stdev": 0.727008700371
    },
    "erbbands_skewness": {
        "max": 1.87499821186,
        "mean": -0.0322260484099,
        "min": -1.94316279888,
        "stdev": 0.592109143734
    },
    "erbbands_spread": {
        "max": 78.6191558838,
        "mean": 32.7155342102,
        "min": 10.8592576981,
        "stdev": 10.0310230255
    },
    "hfc": {
        "max": 142.226821899,
        "mean": 18.1587238312,
        "min": 1.05408439403e-16,
        "stdev": 20.3354034424
    },
    "loudness_ebu128": {
        "integrated": -24.3733310699,
        "loudness_range": 6.54692459106,
        "momentary": {
            "max": -21.2046318054,
            "mean": -123.681152344,
            "min": -300.691009521,
            "stdev": 130.78237915
        },
        "short_term": {
            "max": -23.103219986,
            "mean": -106.576560974,
            "min": -300.691009521,
            "stdev": 123.661857605
        }
    },
    "melbands_crest": {
        "max": 26.4562778473,
        "mean": 7.35082864761,
        "min": 1.50649547577,
        "stdev": 5.28997898102
    },
    "melbands_flatness_db": {
        "max": 0.232144981623,
        "mean": 0.0766099095345,
        "min": 0.00311381882057,
        "stdev": 0.0583237744868
    },
    "melbands_kurtosis": {
        "max": 39.8842468262,
        "mean": 1.37805700302,
        "min": -1.59538602829,
        "stdev": 3.66730856895
    },
    "melbands_skewness": {
        "max": 5.63251876831,
        "mean": 0.76998347044,
        "min": -0.377293974161,
        "stdev": 0.885321378708
    },
    "melbands_spread": {
        "max": 176.790237427,
        "mean": 69.4411087036,
        "min": 8.68459606171,
        "stdev": 48.4051589966
    },
    "pitch_salience": {
        "max": 0.909596562386,
        "mean": 0.681555986404,
        "min": 0.234013587236,
        "stdev": 0.122960954905
    },
    "silence_rate_20dB": {
        "max": 1,
        "mean": 1,
        "min": 1,
        "stdev": 0
    },
    "silence_rate_30dB": {
        "max": 1,
        "mean": 1,
        "min": 1,
        "stdev": 0
    },
    "silence_rate_60dB": {
        "max": 1,
        "mean": 0.438709676266,
        "min": 0,
        "stdev": 0.496227681637
    },
    "spectral_centroid": {
        "max": 11885.2880859,
        "mean": 5249.61572266,
        "min": 729.638122559,
        "stdev": 4359.96533203
    },
    "spectral_complexity": {
        "max": 54,
        "mean": 16.5241928101,
        "min": 0,
        "stdev": 15.226190567
    },
    "spectral_decrease": {
        "max": 2.28596304745e-28,
        "mean": -3.45206552232e-09,
        "min": -2.93223685333e-08,
        "stdev": 4.20555501535e-09
    },
    "spectral_energy": {
        "max": 0.116372749209,
        "mean": 0.0146759431809,
        "min": 9.8306263743e-21,
        "stdev": 0.0174583382905
    },
    "spectral_energyband_high": {
        "max": 0.0199883598834,
        "mean": 0.000899380072951,
        "min": 6.8362026685e-21,
        "stdev": 0.00151975196786
    },
    "spectral_energyband_low": {
        "max": 0.0300496295094,
        "mean": 0.00130683416501,
        "min": 9.66791953382e-24,
        "stdev": 0.00335615663789
    },
    "spectral_energyband_middle_high": {
        "max": 0.0671387687325,
        "mean": 0.00674228742719,
        "min": 1.05533917923e-21,
        "stdev": 0.00844680704176
    },
    "spectral_energyband_middle_low": {
        "max": 0.0914057120681,
        "mean": 0.00668561598286,
        "min": 1.40181832413e-22,
        "stdev": 0.0106261968613
    },
    "spectral_entropy": {
        "max": 9.82867431641,
        "mean": 8.49929904938,
        "min": 7.11953353882,
        "stdev": 0.994137644768
    },
    "spectral_flux": {
        "max": 0.276514738798,
        "mean": 0.0540436729789,
        "min": 6.16136794362e-11,
        "stdev": 0.0518176965415
    },
    "spectral_kurtosis": {
        "max": 8.61320877075,
        "mean": 1.01040399075,
        "min": -1.2718360424,
        "stdev": 1.97844135761
    },
    "spectral_rms": {
        "max": 0.0106552522629,
        "mean": 0.00277234846726,
        "min": 3.09691053184e-12,
        "stdev": 0.00257527385838
    },
    "spectral_rolloff": {
        "max": 19789.0136719,
        "mean": 8302.97949219,
        "min": 322.998046875,
        "stdev": 7948.35546875
    },
    "spectral_skewness": {
        "max": 2.04170012474,
        "mean": 0.666520833969,
        "min": -0.111804068089,
        "stdev": 0.535948753357
    },
    "spectral_spread": {
        "max": 43031856,
        "mean": 17132648,
        "min": 2348744.75,
        "stdev": 17614278
    },
    "spectral_strongpeak": {
        "max": 7.57283115387,
        "mean": 1.09970414639,
        "min": 0,
        "stdev": 1.49393558502
    },
    "zerocrossingrate": {
        "max": 0.53076171875,
        "mean": 0.233723297715,
        "min": 0.03125,
        "stdev": 0.201889336109
    },
    "barkbands": {
        "max": [0.000335654709488, 0.0047554303892, 0.0148970913142, 0.0385415889323, 0.0573321282864, 0.0459373816848, 0.00474133482203, 0.0189376659691, 0.0261924918741, 0.0579469427466, 0.0111436657608, 0.00443009473383, 0.0213393811136, 0.00929674692452, 0.00505582010373, 0.00623085536063, 0.00337742036209, 0.00325515936129, 0.00292209582403, 0.00600149901584, 0.00623409729451, 0.00824587792158, 0.00641082646325, 0.00237737898715, 0.000580282940064, 1.24942778257e-06, 1.37373683629e-06],
        "mean": [1.38315526783e-05, 0.000180674396688, 0.000431372754974, 0.00113938201685, 0.00166985753458, 0.000848220020998, 0.000317657948472, 0.000420546159148, 0.00187503884081, 0.00157382700127, 0.000819158332888, 0.000447096215794, 0.00174570886884, 0.000658600532915, 0.000268531410256, 0.000326688721543, 0.000269607611699, 0.000259521155385, 0.000297311868053, 0.000438741233665, 0.000244054943323, 0.000238125532633, 0.000116864772281, 5.50183794985e-05, 2.05060332519e-05, 1.61504343232e-09, 1.78162196107e-09],
        "min": [4.60106512607e-26, 2.14689047559e-24, 7.50470693446e-25, 3.83501820149e-25, 7.52071035842e-24, 4.38896135812e-24, 1.61783400697e-24, 5.64233314662e-24, 5.43026130289e-24, 8.32393642073e-24, 8.28717471369e-24, 1.94681373523e-23, 2.16674405353e-23, 3.17071470583e-23, 2.70442281129e-23, 2.74247178156e-23, 5.87470269699e-23, 8.15517651168e-23, 9.49182432275e-23, 1.54042762229e-22, 1.90622191917e-22, 3.01569735329e-22, 3.46745136176e-22, 4.56474653107e-22, 8.62111322949e-22, 1.13725197128e-21, 1.87465238732e-21],
        "stdev": [3.07990630972e-05, 0.000356386444764, 0.00116592890117, 0.00359200779349, 0.00547309778631, 0.0022655162029, 0.000536224222742, 0.00133333227132, 0.00318110315129, 0.00489864358678, 0.00132070516702, 0.000690943503287, 0.0030460592825, 0.00127070816234, 0.000470905186376, 0.000539500324521, 0.000378444616217, 0.000385811610613, 0.000385145336622, 0.000587781600188, 0.000386254076147, 0.000509440491442, 0.000350399699528, 0.000145276091644, 3.73726434191e-05, 3.54673481695e-08, 3.89946599455e-08]
    },
    "erbbands": {
        "max": [0.117194958031, 1.12803840637, 11.8136024475, 81.8632736206, 162.464645386, 330.553985596, 116.904220581, 490.378997803, 79.4361877441, 287.394805908, 235.504211426, 753.481689453, 1386.77575684, 789.983764648, 402.470825195, 215.217147827, 816.715881348, 617.298950195, 375.324493408, 274.844329834, 245.420227051, 227.199035645, 226.668685913, 122.852149963, 170.782119751, 250.129608154, 172.253417969, 260.360168457, 327.17477417, 364.913452148, 147.284133911, 73.1240615845, 30.4033622742, 9.48443984985, 1.75552272797, 0.0431545488536, 0.00262045068666, 0.000855440506712, 0.000203097821213, 0.000136901915539],
        "mean": [0.00469469139352, 0.0466094315052, 0.364309310913, 2.65110778809, 4.05218791962, 6.99313259125, 4.56125020981, 8.27968120575, 5.25461959839, 6.85456609726, 10.5889644623, 48.1874580383, 53.1150588989, 28.1546459198, 38.8743515015, 17.9595775604, 67.8540115356, 49.5744781494, 24.7335281372, 16.6330413818, 15.2312393188, 16.1274375916, 15.9288053513, 13.2329397202, 17.7966251373, 19.6230792999, 12.7761268616, 8.81749534607, 8.51968193054, 6.34523391724, 2.92973613739, 1.6399564743, 0.685415565968, 0.361639171839, 0.068012997508, 0.00165583088528, 0.000102424055513, 1.70427447301e-05, 1.21005759866e-05, 1.94026470126e-05],
        "min": [5.80018437153e-23, 5.09210395896e-22, 1.94677462035e-21, 2.52735241669e-21, 9.09989065908e-21, 1.21260929638e-20, 4.11536636535e-20, 4.91973844187e-20, 6.94946098114e-20, 9.5339486772e-20, 1.25666480656e-19, 2.58098316445e-19, 4.28672626427e-19, 4.7479593304e-19, 7.65716026559e-19, 1.11156892606e-18, 1.07647837352e-18, 1.6537640007e-18, 1.69930329195e-18, 2.25939855505e-18, 2.60630941856e-18, 3.97733460729e-18, 4.50308522795e-18, 4.35938203527e-18, 5.63328608712e-18, 6.28288715218e-18, 8.06377847328e-18, 7.80499998173e-18, 1.03120512423e-17, 9.26621122508e-18, 1.05969214919e-17, 7.67437410093e-18, 8.78684517085e-18, 7.31012098229e-18, 5.99651681053e-18, 3.98414395809e-18, 1.96547812235e-18, 9.32422698491e-19, 2.32084416759e-19, 2.67375066236e-20],
        "stdev": [0.0109401578084, 0.0883084014058, 0.913120448589, 7.99874258041, 10.426653862, 29.0478782654, 9.08906936646, 23.6466884613, 8.98796463013, 17.6581535339, 23.3749408722, 83.2308425903, 127.744857788, 65.9414520264, 57.987991333, 25.4853630066, 112.847007751, 80.5888442993, 38.8815841675, 27.122964859, 23.1055011749, 22.4988574982, 24.3435592651, 17.5257434845, 22.6773357391, 26.0902709961, 17.5610713959, 15.7101573944, 17.2194061279, 17.5229663849, 8.3609161377, 4.29916620255, 1.95961630344, 0.654487133026, 0.130565822124, 0.00315108103678, 0.000193549072719, 3.70628404198e-05, 1.54611516336e-05, 2.24233881454e-05]
    },
    "gfcc": {
        "mean": [-465.403625488, 57.0536155701, -117.064292908, 29.0404930115, -55.1368141174, 14.5580234528, -21.3714675903, -2.77469730377, -13.2058534622, -9.41929244995, -3.08476209641, -13.8073759079, 1.54395592213],
        "cov": [[369170.75, 26953.5214844, -52761.046875, 13474.4267578, -25365.1855469, 6639.21630859, -9741.05078125, -1526.97436523, -6236.25683594, -4409.04785156, -1427.26538086, -6414.39892578, 707.488220215], [26953.5214844, 2346.90307617, -3537.15405273, 1053.8795166, -1814.51831055, 436.39630127, -732.846801758, -198.518066406, -498.366485596, -361.22366333, -104.977226257, -504.26751709, 28.9790725708], [-52761.046875, -3537.15405273, 8198.54882812, -1799.38879395, 3638.80151367, -983.235778809, 1347.80725098, 99.2941055298, 808.804260254, 605.000732422, 182.490142822, 902.04309082, -150.687133789], [13474.4267578, 1053.8795166, -1799.38879395, 586.100708008, -911.364196777, 232.404098511, -383.224609375, -70.0827102661, -226.963409424, -180.48866272, -64.5909729004, -237.584854126, 13.0193157196], [-25365.1855469, -1814.51831055, 3638.80151367, -911.364196777, 1794.80712891, -449.193847656, 670.859130859, 113.702964783, 426.1769104, 296.82409668, 94.1877975464, 431.710113525, -46.5822906494], [6639.21630859, 436.39630127, -983.235778809, 232.404098511, -449.193847656, 175.430358887, -145.300598145, -14.2501449585, -115.203262329, -72.1773147583, -22.0008392334, -111.909248352, 7.71241044998], [-9741.05078125, -732.846801758, 1347.80725098, -383.224609375, 670.859130859, -145.300598145, 335.729980469, 45.6156539917, 163.577148438, 120.928688049, 42.1093406677, 165.980300903, -7.72231817245], [-1526.97436523, -198.518066406, 99.2941055298, -70.0827102661, 113.702964783, -14.2501449585, 45.6156539917, 84.1981658936, 63.9411811829, 31.338312149, 4.11693191528, 32.2804031372, 8.98431396484], [-6236.25683594, -498.366485596, 808.804260254, -226.963409424, 426.1769104, -115.203262329, 163.577148438, 63.9411811829, 157.938964844, 82.3831787109, 28.2176437378, 113.249092102, -3.05132436752], [-4409.04785156, -361.22366333, 605.000732422, -180.48866272, 296.82409668, -72.1773147583, 120.928688049, 31.338312149, 82.3831787109, 93.6624069214, 32.5412139893, 80.9516677856, -9.69173145294], [-1427.26538086, -104.977226257, 182.490142822, -64.5909729004, 94.1877975464, -22.0008392334, 42.1093406677, 4.11693191528, 28.2176437378, 32.5412139893, 39.9386405945, 37.0591583252, -3.03629183769], [-6414.39892578, -504.26751709, 902.04309082, -237.584854126, 431.710113525, -111.909248352, 165.980300903, 32.2804031372, 113.249092102, 80.9516677856, 37.0591583252, 144.929244995, -0.0717167928815], [707.488220215, 28.9790725708, -150.687133789, 13.0193157196, -46.5822906494, 7.71241044998, -7.72231817245, 8.98431396484, -3.05132436752, -9.69173145294, -3.03629183769, -0.0717167928815, 36.2005615234]],
        "icov": [[0.000584822206292, -0.00126132566947, 0.00101383356377, -0.00153519515879, 0.00291890883818, -0.00170659867581, 0.000900363898836, -0.00078239425784, 0.00171752751339, -0.000729262595996, 0.000350989663275, 0.000773613341153, -0.00116120220628], [-0.00126132566947, 0.00796917825937, -0.00307866651565, -0.000133740017191, -0.00455734040588, 0.00428229663521, -0.000732203654479, 0.00319040496834, -0.00129749602638, 0.00560080492869, -0.00761945685372, 0.00768859125674, -0.00145405996591], [0.00101383356377, -0.00307866651565, 0.00460074888542, -0.00388675811701, 0.000860026164446, 0.000286857306492, -0.000486830191221, 0.00157743948512, 0.00379793043248, -0.00430378085002, 0.00481791095808, -0.00477590225637, 0.00331210019067], [-0.00153519515879, -0.000133740017191, -0.00388675811701, 0.0201210826635, -0.00445257825777, -0.002171310829, 0.00442283274606, 0.00128619570751, -0.00924439541996, 0.00690835807472, 0.00297591765411, -0.00239470531233, 0.00336748780683], [0.00291890883818, -0.00455734040588, 0.000860026164446, -0.00445257825777, 0.0277569703758, -0.00750010227785, 0.00208065309562, -0.00882609002292, 0.00555083854124, 0.000586120819207, -0.00166469230317, 0.00754580879584, -0.00776690151542], [-0.00170659867581, 0.00428229663521, 0.000286857306492, -0.002171310829, -0.00750010227785, 0.0323553234339, -0.0133392913267, -0.00354300811887, 0.00635088514537, -0.000477644731291, -0.00120675959624, -0.00696694338694, 0.0136819323525], [0.000900363898836, -0.000732203654479, -0.000486830191221, 0.00442283274606, 0.00208065309562, -0.0133392913267, 0.0206934809685, 0.00146184570622, -0.00161993771326, 0.00120859639719, -0.00311214337125, 0.00844020955265, -0.0111137926579], [-0.00078239425784, 0.00319040496834, 0.00157743948512, 0.00128619570751, -0.00882609002292, -0.00354300811887, 0.00146184570622, 0.0301122479141, -0.0167563762516, -0.00520616071299, 0.00730093568563, -0.00192866509315, -0.00112113298383], [0.00171752751339, -0.00129749602638, 0.00379793043248, -0.00924439541996, 0.00555083854124, 0.00635088514537, -0.00161993771326, -0.0167563762516, 0.0379918925464, -0.00369786703959, -0.00469871796668, 0.000243817092269, -0.00197269325145], [-0.000729262595996, 0.00560080492869, -0.00430378085002, 0.00690835807472, 0.000586120819207, -0.000477644731291, 0.00120859639719, -0.00520616071299, -0.00369786703959, 0.0398435555398, -0.0210620239377, 0.00900406669825, 0.000382054538932], [0.000350989663275, -0.00761945685372, 0.00481791095808, 0.00297591765411, -0.00166469230317, -0.00120675959624, -0.00311214337125, 0.00730093568563, -0.00469871796668, -0.0210620239377, 0.0539876259863, -0.0284829698503, 0.0123005332425], [0.000773613341153, 0.00768859125674, -0.00477590225637, -0.00239470531233, 0.00754580879584, -0.00696694338694, 0.00844020955265, -0.00192866509315, 0.000243817092269, 0.00900406669825, -0.0284829698503, 0.0586473345757, -0.0266611650586], [-0.00116120220628, -0.00145405996591, 0.00331210019067, 0.00336748780683, -0.00776690151542, 0.0136819323525, -0.0111137926579, -0.00112113298383, -0.00197269325145, 0.000382054538932, 0.0123005332425, -0.0266611650586, 0.0499707646668]]
    },
    "melbands": {
        "max": [0.00124239223078, 0.00445135589689, 0.0130818672478, 0.0148047348484, 0.00521680340171, 0.0099726356566, 0.00120936147869, 0.00388547219336, 0.00307047786191, 0.00437952764332, 0.00774096604437, 0.00441380403936, 0.0011245412752, 0.000632169889286, 0.000777633162215, 0.00289482600056, 0.00107643427327, 0.000842620211188, 0.000527475611307, 0.000498392793816, 0.000205546704819, 0.000266762712272, 0.000240345994825, 0.000153290078742, 0.000110807937745, 0.000105738254206, 0.000154040943016, 0.000178576505277, 0.000111067514808, 0.00017972716887, 0.000136447328259, 0.000182258721907, 0.000218214117922, 0.000184572723811, 8.86677662493e-05, 7.55132641643e-05, 3.41656850651e-05, 2.57278024947e-05, 1.50849509737e-05, 6.42766599412e-06],
        "mean": [4.60820629087e-05, 0.000176314002601, 0.000472297775559, 0.000401604222134, 0.000193132713321, 0.000176668414497, 7.5394527812e-05, 8.18913831608e-05, 9.70394467004e-05, 0.00031652484904, 0.000272362085525, 0.000126782280859, 0.000119500531582, 6.43445819151e-05, 5.60420885449e-05, 0.000203120609513, 7.61244809837e-05, 4.55562440038e-05, 1.9664708816e-05, 2.66077604465e-05, 1.47778300743e-05, 1.64771190612e-05, 1.58987786563e-05, 1.15275333883e-05, 1.0515217582e-05, 1.12437764983e-05, 1.47339633259e-05, 1.29861336973e-05, 8.76866488397e-06, 6.05547938903e-06, 4.64271488454e-06, 4.67530981041e-06, 4.78965739603e-06, 2.95883774015e-06, 1.6357412278e-06, 1.44705859384e-06, 8.06986577118e-07, 5.05502157466e-07, 3.5373159335e-07, 2.99909828527e-07],
        "min": [7.35825194917e-25, 1.25707263083e-24, 7.45722293138e-25, 1.18377867666e-24, 1.29794154218e-24, 1.14312394104e-24, 1.04498708064e-24, 1.40423690067e-24, 9.69830132829e-25, 1.14417549263e-24, 1.75831790684e-24, 1.75566634812e-24, 1.98252834775e-24, 2.23998651481e-24, 1.6157050686e-24, 1.78695375492e-24, 2.82872228306e-24, 2.1599958218e-24, 2.02200117251e-24, 2.41064118887e-24, 3.07884719914e-24, 3.50098757434e-24, 2.42526903663e-24, 3.34994910998e-24, 2.59103415358e-24, 3.44364014754e-24, 2.79283128124e-24, 3.58386727319e-24, 3.77314734765e-24, 3.78487849817e-24, 3.64548795951e-24, 4.89020870489e-24, 5.02315503882e-24, 4.59562201047e-24, 4.36228642104e-24, 4.89929204379e-24, 3.81268978939e-24, 4.97686901964e-24, 5.38673077484e-24, 5.49758979229e-24],
        "stdev": [9.59646204137e-05, 0.000418196257669, 0.00130686862394, 0.00137036922388, 0.000459835602669, 0.000484607327962, 0.000128271422, 0.00024366620346, 0.000223494178499, 0.000550696742721, 0.000693854410201, 0.000356567557901, 0.000184606105904, 9.50586763793e-05, 8.9200642833e-05, 0.000377365562599, 0.000135194160976, 8.35397731862e-05, 4.01203942602e-05, 4.54087894468e-05, 2.31376507145e-05, 2.47362622758e-05, 2.35622374021e-05, 1.75909917743e-05, 1.49379920913e-05, 1.52825450641e-05, 1.99240203074e-05, 1.77829824679e-05, 1.19877558973e-05, 1.00057977761e-05, 8.90091450856e-06, 9.40897643886e-06, 1.13887263069e-05, 8.80939205672e-06, 4.73097179565e-06, 4.1858388613e-06, 2.05159358302e-06, 1.60756792411e-06, 7.74524323788e-07, 5.11887662924e-07]
    },
    "melbands128": {
        "max": [0.000199578687898, 0.000780261820182, 0.00201948871836, 0.00198296783492, 0.00411321409047, 0.00822523701936, 0.0189582780004, 0.0164809376001, 0.017908224836, 0.0251904278994, 0.0252238623798, 0.00792858563364, 0.00340100377798, 0.0115003986284, 0.017053950578, 0.00489010242745, 0.00142271537334, 0.00121895514894, 0.00131094316021, 0.00275678862818, 0.0079579744488, 0.0040104710497, 0.00225755362771, 0.00980958528817, 0.00917017832398, 0.00746945850551, 0.00255243945867, 0.00815374683589, 0.0196606367826, 0.0056861913763, 0.00290054525249, 0.00299710826948, 0.00183167052455, 0.00271780765615, 0.00116660562344, 0.000760628201533, 0.00131004059222, 0.000968174717855, 0.00142432621215, 0.00308865215629, 0.00600496353582, 0.00291270646267, 0.00181527331006, 0.00215268833563, 0.00211746059358, 0.000782180053648, 0.000249076110777, 0.00103589892387, 0.000658859731629, 0.000601640087552, 0.000752792460844, 0.000757747329772, 0.000321398343658, 0.000245958799496, 0.000180534945684, 0.000461125775473, 0.000343534455169, 0.0003386210592, 0.000424553378252, 0.000517136999406, 0.000182238523848, 0.000112082539999, 0.00023130288173, 0.000109683256596, 0.000204584386665, 0.000171227249666, 0.000179829716217, 0.000259184627794, 0.000288645591354, 0.000298820144963, 0.000172277039383, 0.000403530721087, 0.000153139902977, 0.000136663613375, 0.000164916098583, 0.000203170551686, 0.000192886393052, 0.000166096535395, 0.000151155909407, 0.000206122043892, 0.000169510181877, 0.000214393134229, 0.000260010245256, 0.000232063495787, 0.000345847860444, 0.000300792424241, 0.000144403747981, 0.000127862265799, 7.86084856372e-05, 0.000109549931949, 9.85419828794e-05, 8.64703033585e-05, 4.72927604278e-05, 3.71086571249e-05, 3.06817564706e-05, 3.4522068745e-05, 2.58555119217e-05, 2.50655084528e-05, 1.76590583578e-05, 1.53125583893e-05, 6.3755978772e-06, 5.12379847351e-06, 9.07336288947e-06, 4.58612976217e-06, 4.66359928453e-08, 8.19424261778e-09, 8.55211013118e-09, 8.54638759762e-09, 8.34632540858e-09, 8.15389267217e-09, 7.90340681789e-09, 7.67412711156e-09, 7.47053174877e-09, 7.18914394682e-09, 7.00234048523e-09, 6.80355993765e-09, 6.62346177904e-09, 6.39812558489e-09, 6.21587403771e-09, 6.06789374302e-09, 5.93059690246e-09, 5.80496006819e-09, 5.68603208961e-09, 5.61909008212e-09, 5.52527179565e-09, 5.47318723676e-09, 5.39450084602e-09, 5.36269251228e-09],
        "mean": [9.73159148998e-06, 3.38535901392e-05, 5.87035574426e-05, 7.44827702874e-05, 0.000102103069366, 0.00025822193129, 0.000588658091146, 0.000503000686876, 0.000360659993021, 0.000431902764831, 0.000447705155239, 0.00019726670871, 0.000113017951662, 0.000181887298822, 0.000238071501371, 0.000136871880386, 9.33423289098e-05, 6.27304834779e-05, 5.7327808463e-05, 6.56114061712e-05, 0.000117823205073, 6.6468375735e-05, 6.41334045213e-05, 0.000145683588926, 0.000330022798153, 0.000459910486825, 0.000141139011248, 0.000256813276792, 0.000413524190662, 0.00011244318739, 5.36238294444e-05, 6.72613386996e-05, 0.000111117646156, 0.000196663066163, 7.52244523028e-05, 2.49195018114e-05, 3.39411890309e-05, 4.5991029765e-05, 6.21852959739e-05, 0.000162753203767, 0.000322860374581, 0.000125823949929, 4.21361073677e-05, 6.82327518007e-05, 7.11146421963e-05, 3.89020206057e-05, 1.89917063835e-05, 1.99886380869e-05, 1.95445754798e-05, 1.83534502867e-05, 3.40215738106e-05, 2.92690110655e-05, 1.15725006253e-05, 1.16722649182e-05, 1.25396909425e-05, 1.88004323718e-05, 1.80608603841e-05, 1.44216082845e-05, 1.47194650708e-05, 1.97237441171e-05, 9.40075460676e-06, 6.71092857374e-06, 1.27468556457e-05, 9.3345042842e-06, 1.19641636047e-05, 8.66318623594e-06, 1.32696295623e-05, 1.52632419486e-05, 1.53507535288e-05, 1.37186598295e-05, 1.07845380626e-05, 1.60846848303e-05, 1.06607412818e-05, 6.5789713517e-06, 7.28700661057e-06, 6.1938771978e-06, 5.50803633814e-06, 5.51698349227e-06, 4.18394392909e-06, 4.3769664444e-06, 4.04562979384e-06, 5.21121592101e-06, 5.19259538123e-06, 4.88779505758e-06, 4.40529538537e-06, 3.4419192616e-06, 2.58705722445e-06, 1.72363252204e-06, 1.52378663643e-06, 1.566913852e-06, 1.56544308538e-06, 1.47100604408e-06, 1.17751483231e-06, 7.14828331638e-07, 6.71935538321e-07, 5.67145661989e-07, 4.87798047288e-07, 3.71282339984e-07, 3.80075931616e-07, 3.10143462912e-07, 3.20213473515e-07, 2.72282619562e-07, 3.3211824757e-07, 1.69053919308e-07, 5.5458437842e-10, 1.21804302755e-11, 1.14638428958e-11, 1.12419570181e-11, 1.09004810386e-11, 1.05678842413e-11, 1.01773312e-11, 9.87037881983e-12, 9.5737012068e-12, 9.24040705064e-12, 9.00088684141e-12, 8.75037108744e-12, 8.53209430191e-12, 8.21991433253e-12, 8.01433832492e-12, 7.8659136496e-12, 7.70264754757e-12, 7.57854889955e-12, 7.41453166225e-12, 7.27994314137e-12, 7.19585979345e-12, 7.15367261955e-12, 7.08397706814e-12, 7.02826989316e-12],
        "min": [2.15141566523e-26, 1.94261040823e-25, 2.7010535765e-25, 3.45765475456e-25, 5.40658048737e-25, 2.77686680728e-25, 6.05508923249e-26, 1.79074876752e-25, 3.43945647303e-25, 2.09085314954e-25, 1.20323129633e-25, 1.63081140981e-25, 1.09582591193e-25, 2.12880869895e-25, 3.29404056547e-25, 4.30232313148e-25, 4.65195614544e-25, 2.1504188039e-25, 2.59571303552e-25, 4.57642567199e-25, 2.91541296895e-25, 8.52521672124e-26, 2.87065472682e-25, 3.96706981923e-25, 4.37839003034e-25, 2.77790662456e-25, 2.74267905476e-25, 8.59607824746e-25, 3.24716940871e-25, 6.16420595201e-25, 3.84932394748e-25, 2.15929225648e-25, 6.11513929675e-25, 2.92713149769e-25, 5.08897128186e-25, 3.64690076009e-25, 2.45255992617e-25, 7.72983304566e-25, 6.17717383922e-25, 7.19490153545e-25, 6.57853492792e-25, 9.31599270956e-25, 7.04307342133e-25, 6.62032187615e-25, 8.10220398914e-25, 1.10899900158e-24, 1.21289227862e-24, 1.33545118797e-24, 7.89467736472e-25, 1.12595497509e-24, 1.23763766192e-24, 1.47760343005e-24, 1.4736070607e-24, 1.51492710188e-24, 1.25517758972e-24, 1.47963336637e-24, 1.58255269602e-24, 1.79326030342e-24, 1.39248257736e-24, 1.61462955536e-24, 1.34554081755e-24, 1.94125534241e-24, 1.51018545619e-24, 1.57422695942e-24, 1.39508463506e-24, 1.55132859531e-24, 2.45592259369e-24, 2.24334844277e-24, 1.5810318708e-24, 1.49590411558e-24, 1.84992004073e-24, 1.36315943422e-24, 2.00406425047e-24, 2.05499173e-24, 2.76967446658e-24, 2.43925159618e-24, 2.49146314405e-24, 1.75273671594e-24, 2.15960671616e-24, 2.28231126896e-24, 2.51228374714e-24, 2.45523174875e-24, 2.62142856983e-24, 3.00158675373e-24, 2.08358714895e-24, 2.48199168559e-24, 2.56682914e-24, 3.0137679494e-24, 2.14729358351e-24, 2.81573349104e-24, 1.94502254766e-24, 2.94378218204e-24, 2.55750579017e-24, 2.2485089736e-24, 3.13233157408e-24, 3.58018723707e-24, 2.68596981644e-24, 3.82581091282e-24, 3.10464393682e-24, 3.47623035812e-24, 2.96847688103e-24, 3.3647150084e-24, 3.64623224978e-24, 3.32137577913e-24, 3.57342078265e-24, 4.11619455634e-24, 4.46350043062e-24, 4.09300717332e-24, 4.58130181846e-24, 4.19285882012e-24, 4.39522215269e-24, 3.59438318349e-24, 4.31453233171e-24, 3.99686120062e-24, 4.40290723563e-24, 4.68335359833e-24, 4.50317895087e-24, 5.13864743079e-24, 5.03589987561e-24, 4.69958520031e-24, 5.59488474089e-24, 4.8717103111e-24, 5.03175598927e-24, 4.60986607741e-24, 5.11611638004e-24, 4.56218022455e-24, 4.82990423299e-24, 5.27259325148e-24],
        "stdev": [2.19868798013e-05, 8.93882388482e-05, 0.000137225710205, 0.000147239741636, 0.000268873176537, 0.000711503322236, 0.00185551249888, 0.00158125476446, 0.000998651841655, 0.00173251517117, 0.00216368515976, 0.000556220707949, 0.000237846063101, 0.000533263431862, 0.000775108055677, 0.000349560577888, 0.000170830957359, 0.000124348254758, 0.000128553030663, 0.000165847683093, 0.000483935145894, 0.000262451882008, 0.000186512377695, 0.000505136267748, 0.000690352637321, 0.000951920286752, 0.000317806465318, 0.000834638660308, 0.00160767312627, 0.000366114079952, 0.000185816796147, 0.000200878785108, 0.000243037604378, 0.000345757987816, 0.000152401000378, 6.33871459286e-05, 9.21547107282e-05, 9.25423155422e-05, 0.00013822800247, 0.000334271840984, 0.000716604525223, 0.00036324080429, 0.00013018635218, 0.000192928971956, 0.000188098696526, 8.00883935881e-05, 3.32891904691e-05, 5.69411349716e-05, 5.41410518053e-05, 4.24922363891e-05, 6.60093646729e-05, 5.91234929743e-05, 2.54587357631e-05, 2.23975766858e-05, 2.28138451348e-05, 3.65503037756e-05, 3.12634110742e-05, 2.88670435111e-05, 2.87976872642e-05, 4.29628744314e-05, 1.76081666723e-05, 1.22037472465e-05, 2.30617188208e-05, 1.43259167089e-05, 2.30556997849e-05, 1.60595755005e-05, 2.33890696109e-05, 2.78001753031e-05, 2.6179888664e-05, 2.59398002527e-05, 1.90319951798e-05, 2.78283314401e-05, 1.74864271685e-05, 1.15615175673e-05, 1.31687211251e-05, 1.21220518849e-05, 1.08491331048e-05, 1.06290744952e-05, 9.321320249e-06, 1.00155602922e-05, 8.72084638104e-06, 1.15375050882e-05, 1.11707413453e-05, 1.23599793369e-05, 1.42103044709e-05, 1.20520808196e-05, 7.00439522916e-06, 5.84297367823e-06, 4.47580396212e-06, 4.86316275783e-06, 5.2311388572e-06, 4.22959828938e-06, 3.02307353195e-06, 1.88883620922e-06, 1.75807520009e-06, 1.94867197933e-06, 1.7713429088e-06, 1.11576230211e-06, 8.22299000447e-07, 7.05112086052e-07, 5.70015856738e-07, 4.66977752467e-07, 6.46175976726e-07, 3.76362123689e-07, 2.42598630074e-09, 2.32648941778e-10, 2.4278912214e-10, 2.42616787771e-10, 2.36933056508e-10, 2.31467456313e-10, 2.24356408451e-10, 2.17845519401e-10, 2.12063269722e-10, 2.04074854238e-10, 1.98767946546e-10, 1.93125695991e-10, 1.88012772018e-10, 1.81615333883e-10, 1.76441777855e-10, 1.72242733965e-10, 1.68344060913e-10, 1.64775082467e-10, 1.61402169407e-10, 1.59500454511e-10, 1.56838222964e-10, 1.5535561726e-10, 1.53123874691e-10, 1.52222207062e-10]
    },
    "mfcc": {
        "mean": [-851.718444824, 56.2978019714, -18.4355239868, 5.90778255463, -11.6001081467, 5.02530145645, 0.15564109385, 0.270497560501, -2.86404871941, 0.306110620499, -2.23502182961, -3.81519770622, -4.88512372971],
        "cov": [[101845.226562, 13725.8398438, -3820.47412109, 1568.58422852, -2894.67724609, 1333.7322998, 100.856376648, -20.86095047, -831.763793945, 12.5107450485, -605.398742676, -1026.94104004, -1223.0111084], [13725.8398438, 2143.28955078, -374.01550293, 295.348510742, -344.853149414, 199.860321045, 19.8254203796, -31.6604423523, -156.854278564, -14.640007019, -88.2543716431, -153.799911499, -194.060287476], [-3820.47412109, -374.01550293, 603.606750488, 80.6397094727, 160.596221924, 10.970705986, -12.3287782669, -38.9732055664, -46.8582382202, -50.5956039429, -0.876726925373, 20.4870796204, 24.3809356689], [1568.58422852, 295.348510742, 80.6397094727, 129.733840942, 1.86752390862, 30.1268539429, -14.3416757584, -14.0281305313, -29.7151489258, -15.1586866379, -24.9263114929, -24.6755218506, -28.4395866394], [-2894.67724609, -344.853149414, 160.596221924, 1.86752390862, 168.952087402, -48.9495735168, -21.2677288055, 1.53624427319, 21.0170001984, -6.36662340164, 13.2773513794, 35.9502334595, 30.855474472], [1333.7322998, 199.860321045, 10.970705986, 30.1268539429, -48.9495735168, 75.3680419922, 26.5892295837, -2.42333817482, -30.3625717163, -8.57407283783, -9.25829029083, -22.5393543243, -23.9433574677], [100.856376648, 19.8254203796, -12.3287782669, -14.3416757584, -21.2677288055, 26.5892295837, 57.8638572693, 5.82793426514, -3.45295357704, 2.89098477364, 5.37715291977, -10.2772188187, -9.19376277924], [-20.86095047, -31.6604423523, -38.9732055664, -14.0281305313, 1.53624427319, -2.42333817482, 5.82793426514, 44.8505554199, 22.3614120483, 4.01246786118, -0.931773602962, 3.77317690849, 1.00543379784], [-831.763793945, -156.854278564, -46.8582382202, -29.7151489258, 21.0170001984, -30.3625717163, -3.45295357704, 22.3614120483, 63.7142906189, 21.7717456818, 6.12726449966, 10.587231636, 14.9543027878], [12.5107450485, -14.640007019, -50.5956039429, -15.1586866379, -6.36662340164, -8.57407283783, 2.89098477364, 4.01246786118, 21.7717456818, 37.6683425903, 12.0894861221, 2.85073208809, 2.17598176003], [-605.398742676, -88.2543716431, -0.876726925373, -24.9263114929, 13.2773513794, -9.25829029083, 5.37715291977, -0.931773602962, 6.12726449966, 12.0894861221, 34.3842735291, 21.2737102509, 7.77168941498], [-1026.94104004, -153.799911499, 20.4870796204, -24.6755218506, 35.9502334595, -22.5393543243, -10.2772188187, 3.77317690849, 10.587231636, 2.85073208809, 21.2737102509, 50.2686157227, 29.4720973969], [-1223.0111084, -194.060287476, 24.3809356689, -28.4395866394, 30.855474472, -23.9433574677, -9.19376277924, 1.00543379784, 14.9543027878, 2.17598176003, 7.77168941498, 29.4720973969, 51.194984436]],
        "icov": [[0.00013821880566, -0.00064225832466, 0.000333288480761, -0.000289503921522, 0.000680389814079, -0.000344984204276, 0.000398656731704, -0.000303151173284, 6.17658079136e-05, -2.03977069759e-05, 0.000191640603589, -8.11737845652e-05, 5.44363538211e-05], [-0.00064225832466, 0.00529840728268, 6.35045580566e-05, -0.00331335794181, -0.00118662568275, 0.000338276062394, -0.00160810851958, 0.00133706256747, 0.00285661662929, -0.000919659563806, 1.30296739371e-05, -0.000134015499498, 0.00270842830651], [0.000333288480761, 6.35045580566e-05, 0.00510962028056, -0.00528581114486, -0.00031039363239, -0.00345221743919, 0.000709876883775, 0.000939951278269, 0.00326738227159, 0.00168056029361, 0.000204852825846, -9.63089696597e-05, 0.000513033708557], [-0.000289503921522, -0.00331335794181, -0.00528581114486, 0.0231766719371, -0.00696251075715, -0.00106481544208, 0.00349883874878, 0.00212462712079, -0.00449263770133, 4.70185368613e-05, 0.00487534794956, 0.00145647418685, -6.67087224429e-05], [0.000680389814079, -0.00118662568275, -0.00031039363239, -0.00696251075715, 0.0174955260009, 0.00389431649819, 0.00196154601872, -0.00327167287469, -0.000124169469927, 0.000452750246041, -0.000134954068926, -0.00444858055562, 0.00232771527953], [-0.000344984204276, 0.000338276062394, -0.00345221743919, -0.00106481544208, 0.00389431649819, 0.0288080666214, -0.0112302461639, -0.00347012514248, 0.00590700656176, 0.000155401154188, -0.000285043206532, 0.00137064000592, 0.000793041428551], [0.000398656731704, -0.00160810851958, 0.000709876883775, 0.00349883874878, 0.00196154601872, -0.0112302461639, 0.0262347366661, -0.00378850032575, -0.000278491294011, -0.000581255357247, -0.00623181508854, 0.00602228567004, 0.000969865650404], [-0.000303151173284, 0.00133706256747, 0.000939951278269, 0.00212462712079, -0.00327167287469, -0.00347012514248, -0.00378850032575, 0.0313897766173, -0.0126430084929, 0.00433985702693, 0.00472874566913, -0.00544815789908, 0.00353812007234], [6.17658079136e-05, 0.00285661662929, 0.00326738227159, -0.00449263770133, -0.000124169469927, 0.00590700656176, -0.000278491294011, -0.0126430084929, 0.0359353721142, -0.0161205697805, 0.00502958428115, 0.00134901457932, -6.39766803943e-05], [-2.03977069759e-05, -0.000919659563806, 0.00168056029361, 4.70185368613e-05, 0.000452750246041, 0.000155401154188, -0.000581255357247, 0.00433985702693, -0.0161205697805, 0.0428345687687, -0.0174438152462, 0.00531848985702, -0.00266282586381], [0.000191640603589, 1.30296739371e-05, 0.000204852825846, 0.00487534794956, -0.000134954068926, -0.000285043206532, -0.00623181508854, 0.00472874566913, 0.00502958428115, -0.0174438152462, 0.0557330064476, -0.0259142071009, 0.0117043955252], [-8.11737845652e-05, -0.000134015499498, -9.63089696597e-05, 0.00145647418685, -0.00444858055562, 0.00137064000592, 0.00602228567004, -0.00544815789908, 0.00134901457932, 0.00531848985702, -0.0259142071009, 0.0464049428701, -0.0204822458327], [5.44363538211e-05, 0.00270842830651, 0.000513033708557, -6.67087224429e-05, 0.00232771527953, 0.000793041428551, 0.000969865650404, 0.00353812007234, -6.39766803943e-05, -0.00266282586381, 0.0117043955252, -0.0204822458327, 0.0400378406048]]
    },
    "spectral_contrast_coeffs": {
        "max": [-0.446075022221, -0.524260044098, -0.509919941425, -0.501022338867, -0.495025008917, -0.565941572189],
        "mean": [-0.799519062042, -0.842143714428, -0.810552239418, -0.824192523956, -0.825061500072, -0.804703772068],
        "min": [-0.983616948128, -0.985579788685, -0.978374421597, -0.975735902786, -0.969595432281, -0.965225458145],
        "stdev": [0.139284864068, 0.106786981225, 0.131280735135, 0.119479969144, 0.112666681409, 0.120768807828]
    },
    "spectral_contrast_valleys": {
        "max": [-5.69981622696, -4.7139544487, -5.71946573257, -5.80151987076, -5.96903133392, -8.05375099182],
        "mean": [-14.5913791656, -14.1374540329, -14.4021892548, -14.5336742401, -14.5268163681, -16.2886543274],
        "min": [-28.0678806305, -27.8646469116, -27.9969444275, -27.8167495728, -27.5347709656, -27.4223060608],
        "stdev": [9.55599689484, 9.85076332092, 9.69336509705, 9.5745306015, 9.59449672699, 8.27431201935]
    }
},
"rhythm": {
    "beats_count": 64,
    "beats_loudness": {
        "max": 0.0792395249009,
        "mean": 0.0217052809894,
        "min": 0,
        "stdev": 0.0229061264545
    },
    "bpm": 136.556564331,
    "bpm_histogram_first_peak_bpm": 136,
    "bpm_histogram_first_peak_weight": 0.485714316368,
    "bpm_histogram_second_peak_bpm": 157,
    "bpm_histogram_second_peak_spread": 0,
    "bpm_histogram_second_peak_weight": 0.126984134316,
    "danceability": 0.834704637527,
    "onset_rate": 1.70250415802,
    "beats_loudness_band_ratio": {
        "max": [0.602103948593, 0.672742605209, 0.700839281082, 0.619321882725, 0.571605622768, 0.203114137053],
        "mean": [0.139537811279, 0.077919267118, 0.139275237918, 0.158880367875, 0.0949346572161, 0.0571568086743],
        "min": [0, 0, 0, 0, 0, 0],
        "stdev": [0.186755463481, 0.11226413399, 0.159882232547, 0.168085336685, 0.131289377809, 0.0559420064092]
    },
    "beats_position": [0.476009070873, 0.9287981987, 1.369977355, 1.8111563921, 2.2523355484, 2.69351458549, 3.11147379875, 3.56426286697, 4.00544214249, 4.43501138687, 4.87619018555, 5.30575942993, 5.73532867432, 6.15328788757, 6.57124710083, 7.01242637634, 7.46521520615, 7.89478445053, 8.33596324921, 8.77714252472, 9.21832180023, 9.64789104462, 10.077460289, 10.5186395645, 10.95981884, 11.4009971619, 11.8189563751, 12.2601356506, 12.7013149261, 13.1424942017, 13.5604534149, 14.0016326904, 14.4428119659, 14.9304304123, 15.4064397812, 15.8824491501, 16.3584575653, 16.8344669342, 17.3104763031, 17.786485672, 18.2624931335, 18.7733325958, 19.2841720581, 19.7834014893, 20.2826309204, 20.7818584442, 21.2346477509, 21.6874370575, 22.1402263641, 22.5697956085, 22.9993648529, 23.4289340973, 23.8585033417, 24.2880725861, 24.7060317993, 25.1239910126, 25.5071201324, 25.8902492523, 26.2733783722, 26.6565074921, 27.0396366119, 27.4227657318, 27.8058948517, 28.1890239716],
