{
"metadata": {
    "version": {
        "essentia": "2.1-beta5",
        "essentia_git_sha": "Undefined",
        "extractor": "music 2.0"
    },
    "audio_properties": {
        "analysis": {
            "equal_loudness": 0,
            "length": 32.4963264465,
            "sample_rate": 44100,
            "start_time": 12.7477550507,
            "downmix": "mix"
        },
        "bit_rate": 192000,
        "length": 232.745223999,
        "lossless": 0,
        "number_channels": 2,
        "replay_gain": 4.78840827942,
        "sample_rate": 48000,
        "codec": "mp3",
        "md5_encoded": "547763f17ab3e515759f6c7a5c339721"
    },
    "tags": {
        "file_name": "Luxembourg_Children, Kinder, Enfants_Margo, Franck, Diane, Ireen, Malcolm _ Chris.mp3",
        "encoding": ["Lavf58.29.100"]
    }
},
"lowlevel": {
    "average_loudness": 0.394325613976,
    "barkbands_crest": {
        "max": 23.736164093,
        "mean": 6.95969057083,
        "min": 2.01255488396,
        "stdev": 3.88702702522
    },
    "barkbands_flatness_db": {
        "max": 0.299480736256,
        "mean": 0.09462274611,
        "min": 0.0169030763209,
        "stdev": 0.0487785488367
    },
    "barkbands_kurtosis": {
        "max": 72.5743026733,
        "mean": 1.36837637424,
        "min": -1.72915530205,
        "stdev": 4.11814069748
    },
    "barkbands_skewness": {
        "max": 6.70367574692,
        "mean": 0.218855604529,
        "min": -4.96409273148,
        "stdev": 1.04656624794
    },
    "barkbands_spread": {
        "max": 127.930969238,
        "mean": 23.8240089417,
        "min": 1.52550208569,
        "stdev": 16.3380680084
    },
    "dissonance": {
        "max": 0.499978423119,
        "mean": 0.477362573147,
        "min": 0.212312102318,
        "stdev": 0.0359700247645
    },
    "dynamic_complexity": 8.71482181549,
    "erbbands_crest": {
        "max": 25.7425823212,
        "mean": 7.87742376328,
        "min": 2.24683904648,
        "stdev": 3.94663381577
    },
    "erbbands_flatness_db": {
        "max": 0.353459775448,
        "mean": 0.176513686776,
        "min": 0.0369616672397,
        "stdev": 0.0518368184566
    },
    "erbbands_kurtosis": {
        "max": 28.8312091827,
        "mean": 0.968102991581,
        "min": -1.58361017704,
        "stdev": 2.23236894608
    },
    "erbbands_skewness": {
        "max": 3.19442725182,
        "mean": 0.12374663353,
        "min": -3.76031255722,
        "stdev": 0.728559494019
    },
    "erbbands_spread": {
        "max": 99.7821350098,
        "mean": 26.6058139801,
        "min": 3.66051912308,
        "stdev": 17.0161457062
    },
    "hfc": {
        "max": 579.961669922,
        "mean": 16.0019493103,
        "min": 1.0960996105e-16,
        "stdev": 41.9203033447
    },
    "loudness_ebu128": {
        "integrated": -30.9491252899,
        "loudness_range": 13.128862381,
        "momentary": {
            "max": -21.4742355347,
            "mean": -39.1617507935,
            "min": -300.691009521,
            "stdev": 24.996006012
        },
        "short_term": {
            "max": -27.0798435211,
            "mean": -33.4530296326,
            "min": -44.4799041748,
            "stdev": 4.65015554428
        }
    },
    "melbands_crest": {
        "max": 30.0475311279,
        "mean": 8.92195606232,
        "min": 1.74620187283,
        "stdev": 5.82400417328
    },
    "melbands_flatness_db": {
        "max": 0.380266696215,
        "mean": 0.111567169428,
        "min": 0.00417532818392,
        "stdev": 0.0676994174719
    },
    "melbands_kurtosis": {
        "max": 113.278022766,
        "mean": 3.19619321823,
        "min": -1.87225294113,
        "stdev": 8.14482688904
    },
    "melbands_skewness": {
        "max": 9.61610984802,
        "mean": 0.900495529175,
        "min": -0.98330026865,
        "stdev": 1.25456166267
    },
    "melbands_spread": {
        "max": 277.412506104,
        "mean": 43.8764152527,
        "min": 1.96559846401,
        "stdev": 35.8462944031
    },
    "pitch_salience": {
        "max": 0.954321026802,
        "mean": 0.711782336235,
        "min": 0.222619861364,
        "stdev": 0.126581668854
    },
    "silence_rate_20dB": {
        "max": 1,
        "mean": 1,
        "min": 1,
        "stdev": 0
    },
    "silence_rate_30dB": {
        "max": 1,
        "mean": 0.981441855431,
        "min": 0,
        "stdev": 0.134960070252
    },
    "silence_rate_60dB": {
        "max": 1,
        "mean": 0.503925740719,
        "min": 0,
        "stdev": 0.499984771013
    },
    "spectral_centroid": {
        "max": 11316.5751953,
        "mean": 2333.23706055,
        "min": 311.22543335,
        "stdev": 1440.60717773
    },
    "spectral_complexity": {
        "max": 55,
        "mean": 11.6595287323,
        "min": 0,
        "stdev": 11.3154716492
    },
    "spectral_decrease": {
        "max": 9.92538529269e-29,
        "mean": -2.13020134865e-09,
        "min": -8.34234299418e-08,
        "stdev": 6.10044015303e-09
    },
    "spectral_energy": {
        "max": 0.367463797331,
        "mean": 0.00949129927903,
        "min": 1.01256673201e-20,
        "stdev": 0.0265094526112
    },
    "spectral_energyband_high": {
        "max": 0.0230680722743,
        "mean": 0.000608912436292,
        "min": 7.29278859517e-21,
        "stdev": 0.00205480796285
    },
    "spectral_energyband_low": {
        "max": 0.0104645956308,
        "mean": 0.000129749809275,
        "min": 2.26820671207e-23,
        "stdev": 0.000564437068533
    },
    "spectral_energyband_middle_high": {
        "max": 0.27646958828,
        "mean": 0.00612885458395,
        "min": 1.21606990422e-21,
        "stdev": 0.0202713049948
    },
    "spectral_energyband_middle_low": {
        "max": 0.215823799372,
        "mean": 0.00278330198489,
        "min": 1.94685393558e-22,
        "stdev": 0.00989622157067
    },
    "spectral_entropy": {
        "max": 9.82353496552,
        "mean": 7.92419052124,
        "min": 5.71674633026,
        "stdev": 0.55028450489
    },
    "spectral_flux": {
        "max": 0.56153345108,
        "mean": 0.0489845648408,
        "min": 6.33159427665e-11,
        "stdev": 0.0594684779644
    },
    "spectral_kurtosis": {
        "max": 25.3506889343,
        "mean": 4.50794935226,
        "min": -1.42781543732,
        "stdev": 2.99114966393
    },
    "spectral_rms": {
        "max": 0.0189341306686,
        "mean": 0.00211728503928,
        "min": 3.14303986483e-12,
        "stdev": 0.00218561734073
    },
    "spectral_rolloff": {
        "max": 19336.8164062,
        "mean": 3385.4375,
        "min": 236.865234375,
        "stdev": 3088.45654297
    },
    "spectral_skewness": {
        "max": 4.08416795731,
        "mean": 1.54421365261,
        "min": -0.248813197017,
        "stdev": 0.529576301575
    },
    "spectral_spread": {
        "max": 48860204,
        "mean": 5310803,
        "min": 2048972.5,
        "stdev": 5488630.5
    },
    "spectral_strongpeak": {
        "max": 13.7838106155,
        "mean": 0.896067619324,
        "min": 0,
        "stdev": 1.58729064465
    },
    "zerocrossingrate": {
        "max": 0.658203125,
        "mean": 0.119142018259,
        "min": 0.01123046875,
        "stdev": 0.0861597508192
    },
    "barkbands": {
        "max": [0.000707059632987, 0.00346635933965, 0.00714712962508, 0.00282859173603, 0.00566179817542, 0.0462896749377, 0.0338881537318, 0.211340427399, 0.0783299654722, 0.0497438535094, 0.0630963221192, 0.166686192155, 0.0681819468737, 0.106125123799, 0.0581994727254, 0.0358038246632, 0.0619065612555, 0.025266001001, 0.00546973478049, 0.018862305209, 0.00763869052753, 0.00337973074056, 0.00610932242125, 0.00634708954021, 0.0109020126984, 0.00336370267905, 1.22958886095e-06],
        "mean": [2.35742008954e-05, 4.1937440983e-05, 4.79209229525e-05, 4.55064982816e-05, 0.000293723162031, 0.0005118426634, 0.000224077128223, 0.000598190468736, 0.000835711311083, 0.000770654878579, 0.000789358979091, 0.000805894727819, 0.00066042272374, 0.000828954507597, 0.00067470635986, 0.000593560223933, 0.000497167697176, 0.000404551450629, 0.000160378418514, 0.000188156351214, 0.0001016269307, 6.24255553703e-05, 7.73737338022e-05, 0.000103104823211, 0.000116569004604, 3.37320016115e-05, 1.831822658e-07],
        "min": [6.22796316949e-25, 2.56130869138e-24, 1.47261920963e-24, 5.28135424209e-25, 9.59315839697e-24, 1.82759129336e-23, 8.43700464314e-24, 1.09650419425e-23, 1.05672627754e-23, 2.31842749056e-23, 1.32530209799e-23, 3.39802276686e-23, 4.61835114419e-23, 5.32142216379e-23, 5.43703383153e-23, 5.79051167465e-23, 6.1302759598e-23, 1.10610983795e-22, 1.42503948618e-22, 2.34500654949e-22, 2.38681668234e-22, 3.59147695681e-22, 4.75293415939e-22, 6.64107235739e-22, 9.20354753739e-22, 1.40810737571e-21, 1.99273221781e-21],
        "stdev": [5.47816598555e-05, 0.000183853320777, 0.00033677459578, 0.00017378499615, 0.000744750082958, 0.00294286524877, 0.00132521765772, 0.00621064612642, 0.00447774119675, 0.00350701692514, 0.00472070928663, 0.0062121716328, 0.00355102890171, 0.00475756125525, 0.00296561094001, 0.00232511921786, 0.00250183627941, 0.00158320215996, 0.000436296890257, 0.000943012011703, 0.000313416647259, 0.000154762077727, 0.000353695300873, 0.000471976440167, 0.000779866764788, 0.000222454269533, 1.42268746117e-07]
    },
    "erbbands": {
        "max": [0.031968139112, 1.0312513113, 6.88070678711, 8.26513576508, 7.65567350388, 31.4758453369, 112.53742981, 550.018066406, 167.878707886, 1551.81689453, 5233.81640625, 1650.43322754, 1473.23840332, 2060.98632812, 4049.70410156, 7879.89501953, 3573.83129883, 5239.16455078, 3478.5612793, 1788.94787598, 2893.2253418, 2841.49389648, 1421.20788574, 885.248718262, 226.166625977, 863.782653809, 358.55178833, 267.383300781, 123.397903442, 120.849067688, 206.916824341, 73.578414917, 148.877960205, 137.370223999, 83.2311096191, 25.848531723, 5.74751663208, 0.131911993027, 0.0044326079078, 0.000535194587428],
        "mean": [0.000858371146023, 0.0111016510054, 0.0500011257827, 0.128931373358, 0.259922862053, 1.24447464943, 2.35486650467, 5.0323843956, 2.85515809059, 7.18843841553, 15.4815273285, 19.6720104218, 23.1699733734, 25.5631771088, 32.9577713013, 34.3008995056, 32.369972229, 43.2923851013, 36.9171485901, 32.7526664734, 34.0292778015, 26.936378479, 21.6929988861, 14.715262413, 6.66907644272, 8.94046974182, 5.97975301743, 3.11151623726, 2.27921414375, 2.31369161606, 2.16103839874, 1.58030366898, 2.08415579796, 1.38345050812, 0.781358122826, 0.248177498579, 0.0443809740245, 0.00142823602073, 5.78778817726e-05, 1.74634024006e-05],
        "min": [1.53530015262e-22, 9.25474953263e-22, 4.47967213598e-21, 6.38952473382e-21, 7.52196528466e-21, 3.3901525654e-20, 6.62120534104e-20, 1.32595384906e-19, 1.42685243545e-19, 2.92951028718e-19, 3.74110785097e-19, 3.10275783811e-19, 4.34318418451e-19, 7.55308801983e-19, 1.09968544259e-18, 1.44162226228e-18, 2.24391352719e-18, 2.73508965261e-18, 3.21657142805e-18, 3.34390761154e-18, 3.59850739344e-18, 4.06460836577e-18, 5.34479526797e-18, 8.53886304065e-18, 7.50813478605e-18, 1.10601724134e-17, 1.23122914231e-17, 9.78632585064e-18, 1.0476251557e-17, 1.20166363927e-17, 1.25026331267e-17, 1.2593146538e-17, 1.14086818035e-17, 8.45607963213e-18, 7.36125646058e-18, 4.84916560213e-18, 2.62021142952e-18, 9.69310507715e-19, 2.73396323941e-19, 2.81612185515e-20],
        "stdev": [0.0019065545639, 0.0551623515785, 0.334418237209, 0.537048399448, 0.703853964806, 3.53104376793, 8.14843273163, 32.91355896, 11.8193655014, 56.7153892517, 157.702423096, 102.474502563, 99.3369979858, 133.776062012, 206.747329712, 269.789001465, 178.232574463, 258.81930542, 174.27986145, 120.386764526, 143.563613892, 116.06803894, 81.2483062744, 51.6562576294, 15.7554302216, 44.8551979065, 22.3892478943, 9.15212154388, 5.60798931122, 7.83783578873, 10.7274646759, 5.88353633881, 10.8298282623, 8.747423172, 5.53494501114, 1.64809954166, 0.298362642527, 0.00714887585491, 0.000267484312644, 4.79370974062e-05]
    },
    "gfcc": {
        "mean": [-124.218223572, 35.4682388306, -152.457702637, 13.8811941147, -60.8095092773, 19.2332324982, -41.0665893555, 12.7538251877, -25.5834445953, 7.34294557571, -18.0599975586, 3.28761506081, -9.65110397339],
        "cov": [[39300.3671875, 879.862976074, -6403.72363281, 136.652786255, -1998.87084961, 705.081665039, -1438.65246582, 638.052978516, -598.357727051, 145.34274292, -263.998046875, 73.2984008789, 110.475524902], [879.862976074, 841.809936523, 6.70932197571, -262.539428711, -96.3931121826, -220.641586304, -6.30809783936, -103.485877991, -173.185852051, -110.938972473, 8.06615543365, -91.3170394897, -64.6408615112], [-6403.72363281, 6.70932197571, 2055.46166992, 79.4105300903, 234.770599365, -121.680587769, 90.9882049561, -115.828338623, -40.7702522278, -64.396774292, 13.632604599, -74.9117050171, -96.7280502319], [136.652786255, -262.539428711, 79.4105300903, 529.269836426, 99.1079559326, 125.060279846, -17.1987228394, -19.0462245941, 67.6548461914, 31.3623905182, -68.8863220215, -2.27170610428, -26.1013946533], [-1998.87084961, -96.3931121826, 234.770599365, 99.1079559326, 253.885986328, 15.3039646149, 77.7104797363, -38.2021102905, 45.6317329407, 11.0018768311, -17.5279388428, -11.330737114, -13.2286214828], [705.081665039, -220.641586304, -121.680587769, 125.060279846, 15.3039646149, 250.992919922, 28.6450138092, 27.7825450897, 17.4963531494, 33.3766784668, -34.434223175, -24.8086719513, -10.1329832077], [-1438.65246582, -6.30809783936, 90.9882049561, -17.1987228394, 77.7104797363, 28.6450138092, 201.967453003, -26.2040843964, 14.712179184, -8.99770736694, 0.917821645737, -23.7913417816, -23.0325069427], [638.052978516, -103.485877991, -115.828338623, -19.0462245941, -38.2021102905, 27.7825450897, -26.2040843964, 106.896240234, 35.1234130859, 20.700334549, 3.00199389458, 13.3943986893, 21.0563735962], [-598.357727051, -173.185852051, -40.7702522278, 67.6548461914, 45.6317329407, 17.4963531494, 14.712179184, 35.1234130859, 145.487808228, 44.5226325989, -1.00005376339, 31.4740562439, 16.5327587128], [145.34274292, -110.938972473, -64.396774292, 31.3623905182, 11.0018768311, 33.3766784668, -8.99770736694, 20.700334549, 44.5226325989, 76.771270752, 2.77762556076, 17.6023788452, 6.15641736984], [-263.998046875, 8.06615543365, 13.632604599, -68.8863220215, -17.5279388428, -34.434223175, 0.917821645737, 3.00199389458, -1.00005376339, 2.77762556076, 82.9643325806, 24.9567909241, 19.6271057129], [73.2984008789, -91.3170394897, -74.9117050171, -2.27170610428, -11.330737114, -24.8086719513, -23.7913417816, 13.3943986893, 31.4740562439, 17.6023788452, 24.9567909241, 91.3341903687, 32.2195892334], [110.475524902, -64.6408615112, -96.7280502319, -26.1013946533, -13.2286214828, -10.1329832077, -23.0325069427, 21.0563735962, 16.5327587128, 6.15641736984, 19.6271057129, 32.2195892334, 74.4002151489]],
        "icov": [[0.000339859048836, -0.000608449219726, 0.000764547206927, -0.000558858620934, 0.00124836049508, -0.000893673859537, 0.00137682887726, -0.00121261132881, 0.00125950877555, -0.000641372869723, 0.000532389967702, -0.000436016416643, 0.000455876433989], [-0.000608449219726, 0.00445253448561, -0.00095071393298, 0.00181456818245, -0.00168966711499, 0.00413524406031, -0.00228933896869, 0.00406368542463, -0.000756517925765, 0.00270246039145, -0.000909910886548, 0.00347153330222, 0.00125763844699], [0.000764547206927, -0.00095071393298, 0.00241064862348, -0.00127813685685, 0.00231807515956, -0.00135924655478, 0.00312622729689, -0.00235115969554, 0.00311166420579, -0.000930957554374, 0.00075583148282, -0.00031312200008, 0.00190647004638], [-0.000558858620934, 0.00181456818245, -0.00127813685685, 0.0039529777132, -0.0026401556097, 0.000694404472597, -0.00123331614304, 0.00347763765603, -0.00295476312749, 0.00147442729212, 0.000755200569984, 0.000724905054085, 0.00041202318971], [0.00124836049508, -0.00168966711499, 0.00231807515956, -0.0026401556097, 0.0105858352035, -0.00277996435761, 0.00322318426333, -0.00243914476596, 0.00324852671474, -0.00294324057177, 0.00282261380926, -0.000805878255051, 0.00108358031139], [-0.000893673859537, 0.00413524406031, -0.00135924655478, 0.000694404472597, -0.00277996435761, 0.00994969345629, -0.00482253078371, 0.00288785528392, -0.00123840745073, 0.000590084295254, -0.00048582686577, 0.00479919696227, 0.000223029361223], [0.00137682887726, -0.00228933896869, 0.00312622729689, -0.00123331614304, 0.00322318426333, -0.00482253078371, 0.0121605517343, -0.00351945520379, 0.00366369774565, -0.00106671475805, 0.00119615637232, -0.000721466494724, 0.00354626472108], [-0.00121261132881, 0.00406368542463, -0.00235115969554, 0.00347763765603, -0.00243914476596, 0.00288785528392, -0.00351945520379, 0.018141258508, -0.00717790331692, 0.00219283578917, -0.00152833899483, 0.00342696160078, -0.00243696500547], [0.00125950877555, -0.000756517925765, 0.00311166420579, -0.00295476312749, 0.00324852671474, -0.00123840745073, 0.00366369774565, -0.00717790331692, 0.0162401739508, -0.00620642956346, 0.00239221681841, -0.00281517882831, 0.00154879281763], [-0.000641372869723, 0.00270246039145, -0.000930957554374, 0.00147442729212, -0.00294324057177, 0.000590084295254, -0.00106671475805, 0.00219283578917, -0.00620642956346, 0.0197399836034, -0.00252279918641, 0.000160582145327, 0.0015551764518], [0.000532389967702, -0.000909910886548, 0.00075583148282, 0.000755200569984, 0.00282261380926, -0.00048582686577, 0.00119615637232, -0.00152833899483, 0.00239221681841, -0.00252279918641, 0.0166018400341, -0.00410670228302, -0.00201896950603], [-0.000436016416643, 0.00347153330222, -0.00031312200008, 0.000724905054085, -0.000805878255051, 0.00479919696227, -0.000721466494724, 0.00342696160078, -0.00281517882831, 0.000160582145327, -0.00410670228302, 0.0183060411364, -0.00340399565175], [0.000455876433989, 0.00125763844699, 0.00190647004638, 0.00041202318971, 0.00108358031139, 0.000223029361223, 0.00354626472108, -0.00243696500547, 0.00154879281763, 0.0015551764518, -0.00201896950603, -0.00340399565175, 0.0200241915882]]
    },
    "melbands": {
        "max": [0.000592848286033, 0.00262875435874, 0.00126967718825, 0.00145214190707, 0.00313995499164, 0.0109867891297, 0.0024756975472, 0.0162511430681, 0.0361810028553, 0.009098501876, 0.00780216092244, 0.00757057173178, 0.00951160024852, 0.0205231625587, 0.011802858673, 0.00764342257753, 0.0116511210799, 0.00519017223269, 0.00568361626938, 0.00347354123369, 0.00458274316043, 0.00334030529484, 0.0016173197655, 0.000985549413599, 0.000749877770431, 0.000245773000643, 0.000376329408027, 0.00065844738856, 0.000342631043168, 0.000368090753909, 6.1036356783e-05, 6.41690930934e-05, 7.10909080226e-05, 8.78757127794e-05, 0.000153905784828, 5.79917214054e-05, 5.09879864694e-05, 0.00010697961261, 0.000150258420035, 0.00010836146248],
        "mean": [1.07816258605e-05, 2.32055990637e-05, 2.32703350775e-05, 4.99883390148e-05, 8.38113628561e-05, 0.000106535590021, 4.3482217734e-05, 8.93263568287e-05, 0.000133122681291, 0.000120913551655, 0.000114946102258, 0.0001006017701, 0.00011019759404, 8.74209727044e-05, 9.30246533244e-05, 5.99567465542e-05, 8.25327806524e-05, 5.77179198444e-05, 4.71877647215e-05, 3.9903097786e-05, 4.11888249801e-05, 2.97984825011e-05, 2.02706960408e-05, 1.85966673598e-05, 1.14443018902e-05, 4.87909210278e-06, 4.83549456476e-06, 6.32421415503e-06, 4.33873037764e-06, 2.44472857958e-06, 1.53946655246e-06, 1.30780040308e-06, 1.11808708425e-06, 1.38339157729e-06, 1.35921948186e-06, 9.22740468923e-07, 9.7178985925e-07, 1.44410137182e-06, 1.45665876516e-06, 1.08832546175e-06],
        "min": [1.67867529871e-24, 3.38107953345e-24, 1.43553347797e-24, 2.3764450547e-24, 1.77132681481e-24, 3.78061036625e-24, 2.11275528093e-24, 2.63123588582e-24, 3.75922671369e-24, 1.77934913579e-24, 2.07821323125e-24, 2.25835454934e-24, 2.34331743263e-24, 4.21209834874e-24, 4.02947271045e-24, 3.59756820939e-24, 4.31632975129e-24, 4.81417237439e-24, 3.28531911652e-24, 4.27640116214e-24, 3.91503936424e-24, 4.08643201768e-24, 3.24173632645e-24, 5.15885015857e-24, 6.05982200349e-24, 4.73306366827e-24, 6.51120505801e-24, 7.00082104517e-24, 7.22994490623e-24, 5.32669017692e-24, 6.198881615e-24, 5.80157024236e-24, 6.0008440012e-24, 6.00658335872e-24, 6.19174163495e-24, 6.26624441985e-24, 6.56169452253e-24, 8.35038377144e-24, 6.94922165336e-24, 6.27249535366e-24],
        "stdev": [3.35533331963e-05, 0.000135241920361, 8.61130101839e-05, 0.000132175860927, 0.000256949686445, 0.00066212634556, 0.000181736191735, 0.000732215179596, 0.00121462205425, 0.000627067696769, 0.000507826625835, 0.000537301355507, 0.000657098193187, 0.000700212607626, 0.000618441670667, 0.000314939155942, 0.000520859786775, 0.000287688017124, 0.000204951313208, 0.000162540847668, 0.000203058691113, 0.000142284799949, 7.50947510824e-05, 6.71764428262e-05, 4.28871535405e-05, 1.28303163365e-05, 1.7385400497e-05, 3.50985574187e-05, 1.92582247109e-05, 1.10885775939e-05, 3.2974851365e-06, 3.16120235766e-06, 3.15549482366e-06, 5.53797462999e-06, 7.71191025706e-06, 3.37409096574e-06, 3.83780343327e-06, 7.16514523447e-06, 9.20137063076e-06, 6.95208427715e-06]
    },
    "melbands128": {
        "max": [0.000225672221859, 0.000152664768393, 0.000536738953087, 0.00225505023263, 0.00330848991871, 0.00340378005058, 0.00190368434414, 0.00122593715787, 0.000751469167881, 0.00193272426259, 0.00229035178199, 0.0024793157354, 0.00260938028805, 0.00959076732397, 0.0144083425403, 0.019693762064, 0.00478820735589, 0.0019423798658, 0.00580918043852, 0.0290089510381, 0.0191239714622, 0.0783644467592, 0.0369037501514, 0.0322028845549, 0.0193379912525, 0.0189666971564, 0.0114617170766, 0.0126425037161, 0.0132256811485, 0.0166905298829, 0.0159079264849, 0.0176387559623, 0.0178233217448, 0.027652349323, 0.0198893137276, 0.0412599258125, 0.0253685396165, 0.0214644428343, 0.0113874748349, 0.0108472369611, 0.00819466356188, 0.008210378699, 0.0135258249938, 0.0263222232461, 0.00702256476507, 0.00868589058518, 0.00829127337784, 0.0125605436042, 0.0045474646613, 0.00477930111811, 0.00667928624898, 0.00385964475572, 0.00697989342734, 0.00889650546014, 0.00641328142956, 0.00300490693189, 0.00340622663498, 0.00167167908512, 0.00224489043467, 0.00228374451399, 0.00142592797056, 0.00261461595073, 0.0022248304449, 0.000672014837619, 0.000731767213438, 0.00049545802176, 0.000165879784618, 0.000183639422175, 0.000749920320231, 0.000803568167612, 0.000802446738817, 0.00170477922074, 0.000511113088578, 0.000538312306162, 0.000172702464624, 0.000326273322571, 0.000743826618418, 6.15934768575e-05, 6.55647309031e-05, 4.17997835029e-05, 5.12764818268e-05, 8.35166647448e-05, 9.02574684005e-05, 5.85890375078e-05, 8.94803015399e-05, 7.16905706213e-05, 0.000143248049426, 0.000223265800742, 0.000203870920814, 0.000146397447679, 8.4072475147e-05, 4.84631709696e-05, 4.30315340054e-05, 6.43792154733e-05, 7.66360462876e-05, 0.000100635334093, 0.00014022400137, 0.000152624823386, 0.000177247871761, 0.000233278275118, 0.00019800287555, 0.000118265714264, 0.000129307663883, 0.00016193970805, 0.000153652305016, 0.000131416338263, 8.90706069185e-05, 5.67195638723e-05, 5.73221295781e-05, 3.35685253958e-05, 4.95781423524e-05, 3.44957043126e-05, 1.28078190755e-05, 1.3034315316e-06, 1.35808608803e-08, 2.32230394914e-08, 4.23995700771e-08, 4.06502076444e-09, 2.03726546744e-09, 2.41366415743e-09, 1.79831227687e-09, 1.8100396737e-09, 4.76682471273e-10, 4.75547601297e-10, 4.28780733142e-10, 4.01918054393e-10, 3.93551330413e-10, 3.89562077041e-10],
        "mean": [9.09781283553e-06, 6.14492500972e-06, 1.08011845441e-05, 2.07036136999e-05, 2.44617804128e-05, 2.3665415938e-05, 2.88054015982e-05, 1.81052782864e-05, 2.13224193431e-05, 4.05192222388e-05, 7.68257596064e-05, 8.58077255543e-05, 6.29414134892e-05, 0.00010927553376, 0.000142880191561, 8.89264119905e-05, 4.43232493126e-05, 3.10919676849e-05, 4.18605195591e-05, 8.6251697212e-05, 0.000102844125649, 0.000128432133351, 0.000137103241286, 0.000139337411383, 0.000137595096021, 0.00010748256318, 9.57488446147e-05, 0.000132379253046, 0.000113315865747, 9.48196175159e-05, 9.88150568446e-05, 0.000106689672975, 0.000114890855912, 0.000116186725791, 7.91471029515e-05, 8.34728925838e-05, 9.12194736884e-05, 0.000106331754068, 8.51624135976e-05, 6.30861395621e-05, 4.84271040477e-05, 5.67567876715e-05, 0.000117746072647, 7.28864979465e-05, 4.39615396317e-05, 6.69667715556e-05, 5.72106146137e-05, 4.47224010713e-05, 4.45332516392e-05, 4.53339307569e-05, 3.89266715501e-05, 3.34372416546e-05, 4.06906037824e-05, 4.54720757261e-05, 4.13212583226e-05, 2.54773058259e-05, 2.51444325841e-05, 1.7233833205e-05, 2.16342596104e-05, 1.97340959858e-05, 1.83673982974e-05, 1.78108730324e-05, 1.5329947928e-05, 9.20331603993e-06, 6.00603425482e-06, 4.86957651447e-06, 3.8776238398e-06, 4.03342892241e-06, 5.11312600793e-06, 5.88089051234e-06, 5.9354338191e-06, 7.67921301303e-06, 5.17478065376e-06, 3.97236090066e-06, 2.75737193078e-06, 2.50508014688e-06, 2.46469062404e-06, 1.60184026754e-06, 1.46214324559e-06, 1.35975335525e-06, 1.33887999709e-06, 1.31201795739e-06, 1.18440993901e-06, 9.78191110335e-07, 1.21245932405e-06, 1.2539267118e-06, 1.45941260143e-06, 1.57806528023e-06, 1.4504819319e-06, 1.17419256185e-06, 9.09134428184e-07, 8.94085530945e-07, 8.38407117953e-07, 8.59266719999e-07, 1.0850817489e-06, 1.38052894272e-06, 1.52512552631e-06, 1.55769339472e-06, 1.63306037848e-06, 1.37030883707e-06, 9.35017396841e-07, 1.11169390493e-06, 1.13916405553e-06, 1.11280701276e-06, 9.974595514e-07, 6.96105928455e-07, 5.42848624718e-07, 4.6751517857e-07, 4.47015054306e-07, 3.2428337704e-07, 2.9764069609e-07, 2.34401881016e-07, 1.09744838994e-07, 9.69575442156e-09, 1.18992893317e-09, 3.37306271803e-09, 6.11765083036e-09, 2.85716200699e-10, 9.64559890293e-11, 7.87525600288e-11, 4.34068614386e-11, 2.63827033137e-11, 1.10239335022e-11, 4.66455823619e-12, 3.85438556072e-12, 2.60478856366e-12, 1.93955940718e-12, 1.8362540221e-12],
        "min": [5.05877763072e-25, 7.71347108441e-25, 3.87610355654e-25, 6.27050742418e-25, 8.55431496506e-25, 7.3707770882e-25, 1.09106267117e-24, 2.52825014395e-25, 1.78193090497e-25, 1.28662779768e-24, 3.4995053047e-25, 1.57451435131e-25, 2.94139114463e-25, 1.17398309497e-24, 6.36933591839e-25, 9.71513562001e-25, 9.17029601683e-25, 1.14033916344e-24, 1.27546985321e-24, 1.26916537547e-24, 1.01640398764e-24, 1.02000878615e-24, 1.17393250927e-24, 3.78418819558e-25, 6.49059715155e-25, 1.13259254935e-24, 1.13270486342e-24, 1.08498607562e-24, 1.87559844927e-24, 2.09906716371e-24, 1.45913846423e-24, 8.97301176519e-25, 2.59434026964e-24, 2.055530522e-24, 2.46066147836e-24, 1.20850700084e-24, 2.27357798709e-24, 1.9631160586e-24, 2.3136213555e-24, 1.41513363357e-24, 2.23949978763e-24, 1.09139399275e-24, 2.56496900598e-24, 2.31793169149e-24, 3.36108467052e-24, 1.18803487706e-24, 3.11694148947e-24, 8.57879726325e-25, 1.3913768902e-24, 2.70592641962e-24, 3.15221185497e-24, 1.54665853875e-24, 2.38168092174e-24, 1.76032398012e-24, 2.69165237597e-24, 3.19572640858e-24, 2.29729390691e-24, 1.69506565895e-24, 2.24340543797e-24, 2.85075733751e-24, 3.32495681321e-24, 5.10777535926e-24, 3.8944575888e-24, 2.32013655772e-24, 4.02071674883e-24, 2.97655363341e-24, 1.97884259239e-24, 2.19198058164e-24, 3.82968540316e-24, 2.94226796353e-24, 5.47458581943e-24, 3.54323107581e-24, 3.34035103935e-24, 4.24122427665e-24, 3.72258254692e-24, 4.3169115362e-24, 2.74511801546e-24, 3.38472919843e-24, 5.42360962773e-24, 4.04293580508e-24, 4.40860793897e-24, 3.05766233953e-24, 3.52440924904e-24, 4.48732797427e-24, 4.21351238191e-24, 4.01108712376e-24, 3.59969182295e-24, 4.85392899186e-24, 5.28959714829e-24, 4.82128080001e-24, 3.69314738553e-24, 4.1334335337e-24, 4.05974445882e-24, 4.05825863931e-24, 4.4417156423e-24, 5.82391946067e-24, 5.85443733365e-24, 5.04209637802e-24, 4.94115689203e-24, 5.15725547625e-24, 4.96647617164e-24, 6.12251554064e-24, 4.596900754e-24, 5.56985102893e-24, 4.49223429467e-24, 6.25510728159e-24, 4.877470179e-24, 6.03398641441e-24, 5.77542029222e-24, 5.89197804084e-24, 5.68851148629e-24, 6.09930370294e-24, 6.29006407488e-24, 5.99908996898e-24, 4.84581713517e-24, 4.57939711381e-24, 5.6476394195e-24, 5.9872751992e-24, 5.35978131417e-24, 5.94238861926e-24, 6.9194358433e-24, 5.71085873244e-24, 6.84812360633e-24, 7.03868321318e-24, 7.72200320675e-24, 4.83670736944e-24, 6.8705319892e-24, 5.4213231144e-24],
        "stdev": [1.8527111024e-05, 1.02836202132e-05, 3.25595210597e-05, 0.000115112168714, 0.000173206848558, 0.000163562828675, 0.000123998703202, 7.04169142409e-05, 6.99085794622e-05, 0.000143644181662, 0.000248583615758, 0.00027473087539, 0.000233058133745, 0.000678365293425, 0.00104053155519, 0.000807624775916, 0.000269842916168, 0.000142016651807, 0.000265103735728, 0.000937314063776, 0.000877208542079, 0.00215134466998, 0.00146759673953, 0.00119000009727, 0.000955124036409, 0.000850494485348, 0.000565208669286, 0.000794315477833, 0.000634900992736, 0.000741983123589, 0.000800606561825, 0.000852325989399, 0.000840627064463, 0.00119480327703, 0.000696199480444, 0.00116643111687, 0.000940817873925, 0.00097545114113, 0.000579610990826, 0.000504587893374, 0.000307980139041, 0.000397271563997, 0.000876892881934, 0.000744616729207, 0.000222769536776, 0.000477742112707, 0.000343284133123, 0.000352206756361, 0.000243638583925, 0.000246913084993, 0.000256362400251, 0.000150599298649, 0.000247941876296, 0.000333800358931, 0.00028934533475, 0.000133871450089, 0.000127519029775, 6.59822544549e-05, 0.000111566710984, 0.000102494057501, 8.18869521026e-05, 9.32403781917e-05, 9.83090285445e-05, 3.66458953067e-05, 2.82012042589e-05, 1.80513616215e-05, 7.93379240349e-06, 1.00302613646e-05, 2.675289943e-05, 3.02735170408e-05, 3.54724979843e-05, 6.74044858897e-05, 2.61902423517e-05, 1.88163157873e-05, 8.61320040713e-06, 1.14676522571e-05, 2.05907490454e-05, 3.36630409947e-06, 3.04211198454e-06, 2.64774894276e-06, 3.27294310409e-06, 3.69506597053e-06, 3.88781518268e-06, 2.53839471043e-06, 4.38640427092e-06, 3.90854393117e-06, 6.90748402121e-06, 1.01902815004e-05, 9.09003665583e-06, 6.54110544929e-06, 3.85897146771e-06, 3.4126862829e-06, 3.13497139359e-06, 3.76485604647e-06, 4.72873853141e-06, 6.23389860266e-06, 8.51917593536e-06, 9.32394505071e-06, 1.02608873931e-05, 1.04091004687e-05, 7.07776325726e-06, 7.19082208889e-06, 7.71832583268e-06, 8.65307993081e-06, 8.09989069239e-06, 5.35233357368e-06, 4.03096873924e-06, 3.23166659655e-06, 3.14589419759e-06, 2.12313943848e-06, 2.16970056499e-06, 1.70193447957e-06, 7.18528212929e-07, 5.83478971805e-08, 9.91303816811e-10, 2.59540300362e-09, 5.0181383493e-09, 3.20985710234e-10, 2.1739691991e-10, 1.88512580546e-10, 1.09276906968e-10, 9.18339709832e-11, 3.53838069955e-11, 1.85648232898e-11, 1.75240759404e-11, 1.70828785145e-11, 1.68016798391e-11, 1.6659564353e-11]
    },
    "mfcc": {
        "mean": [-742.789367676, 74.159324646, -35.3162345886, -2.77329206467, -2.93717479706, 1.42480540276, -2.40213894844, 0.869021236897, -0.0370746329427, 2.23645162582, -1.4015853405, -1.28291499615, -2.39291620255],
        "cov": [[18791.4277344, -80.7337799072, -2812.19750977, -879.569824219, -342.412689209, -292.874023438, -281.666290283, 55.3182373047, -3.46784520149, 56.9939613342, -189.432952881, 142.305953979, 54.4477806091], [-80.7337799072, 1167.89782715, 125.377189636, -91.9159393311, -148.131347656, -208.066757202, 83.6225891113, -79.16065979, -195.758789062, -31.3736248016, -39.9883384705, -133.679794312, -78.1066513062], [-2812.19750977, 125.377189636, 1210.27697754, 230.41897583, 178.925384521, 13.2105569839, 81.3255233765, -25.4265365601, -60.5130958557, 17.0561962128, 13.0628824234, -76.6798019409, -85.2601318359], [-879.569824219, -91.9159393311, 230.41897583, 366.643066406, 112.218551636, 88.278213501, -25.1744613647, 3.17029476166, 21.302280426, -1.69143223763, -9.37424564362, 8.44549274445, -25.5132808685], [-342.412689209, -148.131347656, 178.925384521, 112.218551636, 217.167953491, 48.728187561, -20.1551856995, -15.4626111984, 36.3403167725, 3.4712202549, 1.85760009289, 9.37112617493, -14.3869361877], [-292.874023438, -208.066757202, 13.2105569839, 88.278213501, 48.728187561, 226.643814087, 39.5250015259, 21.8199386597, 68.2448730469, 13.024805069, 29.5774860382, 14.3719882965, -7.2409620285], [-281.666290283, 83.6225891113, 81.3255233765, -25.1744613647, -20.1551856995, 39.5250015259, 151.85218811, 8.03673362732, -16.5312690735, 11.0502262115, 7.45046806335, -33.4516296387, -22.9252300262], [55.3182373047, -79.16065979, -25.4265365601, 3.17029476166, -15.4626111984, 21.8199386597, 8.03673362732, 74.5981521606, 22.6692237854, 2.07835412025, 7.66556453705, 9.41668701172, 5.87240362167], [-3.46784520149, -195.758789062, -60.5130958557, 21.302280426, 36.3403167725, 68.2448730469, -16.5312690735, 22.6692237854, 132.214981079, 26.0715885162, 21.570098877, 32.8423194885, 11.510881424], [56.9939613342, -31.3736248016, 17.0561962128, -1.69143223763, 3.4712202549, 13.024805069, 11.0502262115, 2.07835412025, 26.0715885162, 65.6074829102, 11.559088707, 3.68139624596, -13.310667038], [-189.432952881, -39.9883384705, 13.0628824234, -9.37424564362, 1.85760009289, 29.5774860382, 7.45046806335, 7.66556453705, 21.570098877, 11.559088707, 73.3689880371, 10.692565918, 10.9739027023], [142.305953979, -133.679794312, -76.6798019409, 8.44549274445, 9.37112617493, 14.3719882965, -33.4516296387, 9.41668701172, 32.8423194885, 3.68139624596, 10.692565918, 78.8466491699, 36.0264358521], [54.4477806091, -78.1066513062, -85.2601318359, -25.5132808685, -14.3869361877, -7.2409620285, -22.9252300262, 5.87240362167, 11.510881424, -13.310667038, 10.9739027023, 36.0264358521, 70.8682479858]],
        "icov": [[9.52600021265e-05, 3.06373038939e-07, 0.000219806068344, 0.000137251729029, -0.000110125780338, 3.25946384692e-05, 9.78233874775e-05, -0.000105198094388, 0.000133350171382, -0.000186344026588, 0.000184699791134, -8.32799269119e-05, 0.000219417925109], [3.06373038939e-07, 0.00163942179643, -9.00300892681e-06, -0.000171537132701, 0.000851860560942, 0.00107468815986, -0.000634589116089, 0.00116696441546, 0.00095664721448, 0.00041784910718, -0.000322934472933, 0.00122106436174, 0.00106717331801], [0.000219806068344, -9.00300892681e-06, 0.00175994809251, -0.000365855870768, -0.00117763213348, 0.000474461441627, -0.000434435118223, -0.000261632085312, 0.000912091694772, -0.000751196639612, -0.000256520346738, 0.000467575184302, 0.00101018510759], [0.000137251729029, -0.000171537132701, -0.000365855870768, 0.00428488571197, -0.0012885350734, -0.00172963680234, 0.00148459768388, -0.000727106758859, 0.000361832208, 0.000103223756014, 0.00138136255555, -0.00105661957059, 0.00119398895185], [-0.000110125780338, 0.000851860560942, -0.00117763213348, -0.0012885350734, 0.00725563475862, -0.000213253981201, 0.000502470124047, 0.00254484056495, -0.00160644447897, 0.00114994891919, -4.08473424613e-05, -0.000166174126207, 0.00111336819828], [3.25946384692e-05, 0.00107468815986, 0.000474461441627, -0.00172963680234, -0.000213253981201, 0.00756294233724, -0.00298265879974, 0.000119118536531, -0.00215986068361, 0.000882819236722, -0.00216226023622, 0.000189786267583, 0.0016172361793], [9.78233874775e-05, -0.000634589116089, -0.000434435118223, 0.00148459768388, 0.000502470124047, -0.00298265879974, 0.00932414736599, -0.0016287304461, 0.00121786491945, -0.00168898550328, 0.000101820616692, 0.00208666082472, 0.00059415877331], [-0.000105198094388, 0.00116696441546, -0.000261632085312, -0.000727106758859, 0.00254484056495, 0.000119118536531, -0.0016287304461, 0.0160208698362, -0.00210065441206, 0.0013657574309, -0.000922569539398, -0.000122764700791, 0.000267810682999], [0.000133350171382, 0.00095664721448, 0.000912091694772, 0.000361832208, -0.00160644447897, -0.00215986068361, 0.00121786491945, -0.00210065441206, 0.012790392153, -0.0042495271191, -0.00115415686741, -0.00151648803148, 0.000274699123111], [-0.000186344026588, 0.00041784910718, -0.000751196639612, 0.000103223756014, 0.00114994891919, 0.000882819236722, -0.00168898550328, 0.0013657574309, -0.0042495271191, 0.0191153436899, -0.00270161940716, -0.00195851153694, 0.00509571796283], [0.000184699791134, -0.000322934472933, -0.000256520346738, 0.00138136255555, -4.08473424613e-05, -0.00216226023622, 0.000101820616692, -0.000922569539398, -0.00115415686741, -0.00270161940716, 0.0164459943771, -0.00109872687608, -0.00273703341372], [-8.32799269119e-05, 0.00122106436174, 0.000467575184302, -0.00105661957059, -0.000166174126207, 0.000189786267583, 0.00208666082472, -0.000122764700791, -0.00151648803148, -0.00195851153694, -0.00109872687608, 0.0210654642433, -0.00839744694531], [0.000219417925109, 0.00106717331801, 0.00101018510759, 0.00119398895185, 0.00111336819828, 0.0016172361793, 0.00059415877331, 0.000267810682999, 0.000274699123111, 0.00509571796283, -0.00273703341372, -0.00839744694531, 0.0229299571365]]
    },
    "spectral_contrast_coeffs": {
        "max": [-0.453856855631, -0.363539040089, -0.415702939034, -0.499182611704, -0.591899573803, -0.673501610756],
        "mean": [-0.762217223644, -0.81511759758, -0.814878165722, -0.826094508171, -0.819835543633, -0.792110264301],
        "min": [-0.976327478886, -0.979695141315, -0.982684969902, -0.974916219711, -0.964691340923, -0.963408529758],
        "stdev": [0.100643716753, 0.0964602455497, 0.0873751193285, 0.0679132193327, 0.0556892417371, 0.0474009811878]
    },
    "spectral_contrast_valleys": {
        "max": [-6.62880945206, -5.24819087982, -5.20198631287, -5.45164251328, -4.93817567825, -7.4888458252],
        "mean": [-9.18877315521, -8.27606010437, -8.24316501617, -8.18328380585, -8.37577342987, -10.9319086075],
        "min": [-27.7306194305, -27.8046665192, -27.8140697479, -27.5333595276, -27.4671840668, -27.3667201996],
        "stdev": [2.70515680313, 2.90245914459, 3.00761389732, 3.06998801231, 2.98320865631, 2.58494114876]
    }
},
"rhythm": {
    "beats_count": 56,
    "beats_loudness": {
        "max": 0.280872523785,
        "mean": 0.0221376549453,
        "min": 0,
        "stdev": 0.0505801849067
    },
    "bpm": 111.968963623,
    "bpm_histogram_first_peak_bpm": 112,
    "bpm_histogram_first_peak_weight": 0.590909123421,
    "bpm_histogram_second_peak_bpm": 101,
    "bpm_histogram_second_peak_spread": 0.75,
    "bpm_histogram_second_peak_weight": 0.127272725105,
    "danceability": 1.1698782444,
    "onset_rate": 2.70703101158,
    "beats_loudness_band_ratio": {
        "max": [0.857766151428, 0.730969548225, 0.684834897518, 0.864905953407, 0.621513128281, 0.865441560745],
        "mean": [0.142961844802, 0.0785368829966, 0.118687987328, 0.286325365305, 0.261710077524, 0.120155379176],
        "min": [0, 0, 0, 0, 0, 0],
        "stdev": [0.250362843275, 0.13101311028, 0.139409005642, 0.202904373407, 0.186307504773, 0.125038564205]
    },
    "beats_position": [0.557278871536, 1.11455774307, 1.67183673382, 2.22911548615, 2.7863945961, 3.30884337425, 3.83129239082, 4.35374164581, 4.85297060013, 5.35219955444, 5.85142850876, 6.43192720413, 7.00081634521, 7.61614513397, 8.2198638916, 8.83519268036, 9.45052146912, 10.0658502579, 10.6579589844, 11.2500677109, 11.8305664062, 12.3994560242, 12.9683446884, 13.5604534149, 14.1293420792, 14.6982307434, 15.2787294388, 15.8592290878, 16.4513378143, 17.0434455872, 17.6471652985, 18.2508831024, 18.8546028137, 19.5279808044, 20.2013607025, 20.8050785065, 21.3971881866, 21.9892959595, 22.5697956085, 23.1502952576, 23.7307929993, 24.2532424927, 24.7873020172, 25.3097496033, 25.8438091278, 26.3778686523, 26.9119262695, 27.4459857941, 27.9800453186, 28.5141029358, 29.0481624603, 29.5706119537, 30.0930614471, 30.6271190643, 31.17278862, 31.7300682068],
