{
"metadata": {
    "version": {
        "essentia": "2.1-beta5",
        "essentia_git_sha": "Undefined",
        "extractor": "music 2.0"
    },
    "audio_properties": {
        "analysis": {
            "equal_loudness": 0,
            "length": 23.7656230927,
            "sample_rate": 44100,
            "start_time": 178.735595703,
            "downmix": "mix"
        },
        "bit_rate": 192000,
        "length": 202.52444458,
        "lossless": 0,
        "number_channels": 2,
        "replay_gain": 0.91086769104,
        "sample_rate": 44100,
        "codec": "mp3",
        "md5_encoded": "8e592e28cd0e9467072934d8333c0280"
    },
    "tags": {
        "file_name": "Austria_Kinder Dieser Welt_Gary Lux.mp3",
        "encoding": ["Lavf58.29.100"]
    }
},
"lowlevel": {
    "average_loudness": 0.702320218086,
    "barkbands_crest": {
        "max": 25.6261844635,
        "mean": 7.98288059235,
        "min": 2.48252010345,
        "stdev": 3.65144944191
    },
    "barkbands_flatness_db": {
        "max": 0.251124978065,
        "mean": 0.104993969202,
        "min": 0.0504536516964,
        "stdev": 0.0308842621744
    },
    "barkbands_kurtosis": {
        "max": 59.3451957703,
        "mean": 2.45245933533,
        "min": -1.27975320816,
        "stdev": 4.41520738602
    },
    "barkbands_skewness": {
        "max": 7.10801744461,
        "mean": 0.295094758272,
        "min": -2.27051305771,
        "stdev": 1.54082393646
    },
    "barkbands_spread": {
        "max": 49.4657287598,
        "mean": 20.373506546,
        "min": 1.51769971848,
        "stdev": 7.62476682663
    },
    "dissonance": {
        "max": 0.499944210052,
        "mean": 0.475442528725,
        "min": 0.360804408789,
        "stdev": 0.0242696404457
    },
    "dynamic_complexity": 3.59965610504,
    "erbbands_crest": {
        "max": 33.6907577515,
        "mean": 7.0959072113,
        "min": 2.65225577354,
        "stdev": 4.34936952591
    },
    "erbbands_flatness_db": {
        "max": 0.353911399841,
        "mean": 0.158779680729,
        "min": 0.0835127085447,
        "stdev": 0.0474446341395
    },
    "erbbands_kurtosis": {
        "max": 44.5083999634,
        "mean": 0.173320114613,
        "min": -1.4581720829,
        "stdev": 2.58651328087
    },
    "erbbands_skewness": {
        "max": 4.9556479454,
        "mean": 0.121804974973,
        "min": -1.87705099583,
        "stdev": 0.752008318901
    },
    "erbbands_spread": {
        "max": 73.7163391113,
        "mean": 33.3678131104,
        "min": 1.78748619556,
        "stdev": 11.8607492447
    },
    "hfc": {
        "max": 164.226669312,
        "mean": 16.9187068939,
        "min": 1.07860646108e-16,
        "stdev": 18.3004264832
    },
    "loudness_ebu128": {
        "integrated": -25.1422863007,
        "loudness_range": 7.05215835571,
        "momentary": {
            "max": -21.2520847321,
            "mean": -96.0682296753,
            "min": -300.691009521,
            "stdev": 119.239562988
        },
        "short_term": {
            "max": -23.8855876923,
            "mean": -71.1271972656,
            "min": -300.691009521,
            "stdev": 100.540565491
        }
    },
    "melbands_crest": {
        "max": 28.9592685699,
        "mean": 8.51258087158,
        "min": 1.47210168839,
        "stdev": 5.72710132599
    },
    "melbands_flatness_db": {
        "max": 0.29073497653,
        "mean": 0.105206184089,
        "min": 0.00256313267164,
        "stdev": 0.072458691895
    },
    "melbands_kurtosis": {
        "max": 122.260818481,
        "mean": 4.40062522888,
        "min": -1.59006464481,
        "stdev": 8.4747543335
    },
    "melbands_skewness": {
        "max": 8.57067489624,
        "mean": 1.27996945381,
        "min": -1.39088559151,
        "stdev": 1.27060294151
    },
    "melbands_spread": {
        "max": 160.089263916,
        "mean": 53.7150268555,
        "min": 2.12748646736,
        "stdev": 49.0489959717
    },
    "pitch_salience": {
        "max": 0.894056260586,
        "mean": 0.676309704781,
        "min": 0.13178896904,
        "stdev": 0.118735171854
    },
    "silence_rate_20dB": {
        "max": 1,
        "mean": 1,
        "min": 1,
        "stdev": 0
    },
    "silence_rate_30dB": {
        "max": 1,
        "mean": 1,
        "min": 1,
        "stdev": 0
    },
    "silence_rate_60dB": {
        "max": 1,
        "mean": 0.301463425159,
        "min": 0,
        "stdev": 0.458895206451
    },
    "spectral_centroid": {
        "max": 11715.9101562,
        "mean": 4132.82324219,
        "min": 433.5809021,
        "stdev": 4172.36181641
    },
    "spectral_complexity": {
        "max": 49,
        "mean": 17.910243988,
        "min": 0,
        "stdev": 13.3159837723
    },
    "spectral_decrease": {
        "max": 1.86306470211e-28,
        "mean": -3.87313336958e-09,
        "min": -2.54006309319e-08,
        "stdev": 4.05816891202e-09
    },
    "spectral_energy": {
        "max": 0.107603095472,
        "mean": 0.0161526743323,
        "min": 9.96097840661e-21,
        "stdev": 0.0166990105063
    },
    "spectral_energyband_high": {
        "max": 0.0218026898801,
        "mean": 0.000628237787168,
        "min": 6.83412421565e-21,
        "stdev": 0.00137402536348
    },
    "spectral_energyband_low": {
        "max": 0.0160975605249,
        "mean": 0.00080520415213,
        "min": 9.46590961093e-24,
        "stdev": 0.0017853389727
    },
    "spectral_energyband_middle_high": {
        "max": 0.0467670597136,
        "mean": 0.00481793051586,
        "min": 1.03725833582e-21,
        "stdev": 0.00500844279304
    },
    "spectral_energyband_middle_low": {
        "max": 0.0596060305834,
        "mean": 0.0102685401216,
        "min": 1.66066946178e-22,
        "stdev": 0.0125458342955
    },
    "spectral_entropy": {
        "max": 9.82418727875,
        "mean": 8.25324058533,
        "min": 6.69807529449,
        "stdev": 0.965095758438
    },
    "spectral_flux": {
        "max": 0.214427784085,
        "mean": 0.0536269247532,
        "min": 6.29666180307e-11,
        "stdev": 0.0419396720827
    },
    "spectral_kurtosis": {
        "max": 14.3870201111,
        "mean": 2.7998585701,
        "min": -1.26560795307,
        "stdev": 2.83057618141
    },
    "spectral_rms": {
        "max": 0.0102459080517,
        "mean": 0.00316650536843,
        "min": 3.11737528153e-12,
        "stdev": 0.00239414698444
    },
    "spectral_rolloff": {
        "max": 19702.8808594,
        "mean": 6442.37841797,
        "min": 366.064453125,
        "stdev": 7478.08935547
    },
    "spectral_skewness": {
        "max": 2.525349617,
        "mean": 1.09236705303,
        "min": -0.095115929842,
        "stdev": 0.689684212208
    },
    "spectral_spread": {
        "max": 42962924,
        "mean": 13724898,
        "min": 2487051,
        "stdev": 16163503
    },
    "spectral_strongpeak": {
        "max": 6.80923223495,
        "mean": 0.930637538433,
        "min": 0,
        "stdev": 0.974721312523
    },
    "zerocrossingrate": {
        "max": 0.52685546875,
        "mean": 0.18809594214,
        "min": 0.0185546875,
        "stdev": 0.18963727355
    },
    "barkbands": {
        "max": [0.000163415796123, 0.00376951135695, 0.00840649008751, 0.0249533168972, 0.0202935785055, 0.0449292100966, 0.0277421381325, 0.0242283213884, 0.0272258482873, 0.0183058623224, 0.0190384238958, 0.0137195624411, 0.00857416540384, 0.010799462907, 0.00357039947994, 0.00657634390518, 0.00766500644386, 0.00391160137951, 0.00475825555623, 0.00587909994647, 0.00632356619462, 0.00942923501134, 0.00395009387285, 0.00103963282891, 0.000574956124183, 0.00046184589155, 4.78652566471e-07],
        "mean": [1.14379108709e-05, 0.000140256335726, 0.000331736024236, 0.000721005373634, 0.00261931261048, 0.00274128303863, 0.00165209767874, 0.00144055567216, 0.000996832037345, 0.000513013452291, 0.000440661591711, 0.000637782330159, 0.000358122226316, 0.000604179804213, 0.000444193952717, 0.00052237015916, 0.000516210217029, 0.000372011360014, 0.000347478839103, 0.000196631808649, 0.000173032385646, 0.000168203594512, 8.85477784323e-05, 5.72614590055e-05, 3.79256489396e-05, 2.04918687814e-05, 4.97125860477e-08],
        "min": [5.3187294857e-25, 8.11008618869e-25, 2.23084120103e-25, 8.47785856613e-25, 7.92645070983e-24, 5.08324217954e-24, 6.25835896624e-24, 4.13297836096e-24, 6.35711567411e-24, 1.10868231337e-23, 7.43740743569e-24, 1.72443605486e-23, 1.02119669234e-23, 2.35952398828e-23, 3.5258715605e-23, 3.35632263278e-23, 4.10677137617e-23, 8.29759935278e-23, 9.12626617927e-23, 1.54428155491e-22, 2.26402776876e-22, 2.67479761331e-22, 3.50132037898e-22, 5.95737506742e-22, 8.26038594398e-22, 1.27115516508e-21, 1.96759428785e-21],
        "stdev": [2.00059294002e-05, 0.000372483656975, 0.000698532210663, 0.00238792249002, 0.00391388358548, 0.00513144489378, 0.00312617211603, 0.002988306107, 0.00215755705722, 0.00136414973531, 0.00106547446921, 0.00141205987893, 0.000644528772682, 0.00100789067801, 0.000526819087099, 0.00069775240263, 0.00073145434726, 0.000454931578133, 0.000466151424916, 0.000349258276401, 0.000347209337633, 0.000516988919117, 0.000221523499931, 0.000107322390249, 6.99833180988e-05, 4.62731404696e-05, 6.58523688912e-08]
    },
    "erbbands": {
        "max": [0.0666418448091, 0.979344785213, 8.04182434082, 42.9067611694, 63.8897590637, 109.251525879, 220.761795044, 432.382659912, 203.960678101, 610.934020996, 467.390228271, 383.710784912, 713.253845215, 310.104400635, 506.644805908, 506.86126709, 326.84197998, 396.926574707, 457.204071045, 331.071960449, 442.020507812, 537.576599121, 233.240127563, 194.766403198, 198.061248779, 252.9765625, 244.373596191, 281.860168457, 329.432617188, 246.077575684, 101.532783508, 27.1119689941, 20.4279460907, 7.73520183563, 3.70233607292, 2.72209787369, 0.690911531448, 0.0144298579544, 0.000549448770471, 0.000162990138051],
        "mean": [0.00302128586918, 0.0393175408244, 0.301109611988, 1.53528511524, 3.91339898109, 10.0152740479, 16.6671447754, 24.3666038513, 17.9971923828, 37.1094779968, 31.1061878204, 16.6340274811, 21.8210334778, 15.3469676971, 19.1357650757, 23.7485141754, 17.1590957642, 26.6493453979, 26.3999233246, 23.3966140747, 32.3023681641, 34.0889625549, 21.1001853943, 19.3443832397, 14.7855186462, 9.10929012299, 6.90795183182, 6.78195095062, 6.37602567673, 4.28230810165, 2.16726779938, 1.30397284031, 0.894897162914, 0.514164149761, 0.229858294129, 0.13485082984, 0.0273684393615, 0.000716370239388, 3.46874803654e-05, 2.23859988182e-05],
        "min": [3.73864533267e-23, 2.39297080714e-22, 1.68559658286e-21, 4.63214721071e-21, 6.43612432521e-21, 2.24472552128e-20, 4.81408873683e-20, 3.82814825404e-20, 1.13522719631e-19, 7.92469916852e-20, 1.9474009431e-19, 2.322255803e-19, 4.73285346145e-19, 5.87755510695e-19, 7.75580465557e-19, 9.92290205517e-19, 7.14775556101e-19, 1.47330803603e-18, 1.78722731779e-18, 2.33679184791e-18, 2.95028006858e-18, 2.90827769823e-18, 3.88223696099e-18, 4.92877387787e-18, 6.20534641438e-18, 7.79111079206e-18, 8.77486511404e-18, 1.00664985416e-17, 8.7639231689e-18, 8.54243067064e-18, 1.06958804173e-17, 1.06081413697e-17, 9.3680917524e-18, 7.98500110046e-18, 5.90675489277e-18, 4.25442811838e-18, 2.41425813945e-18, 9.29369678247e-19, 2.46554519859e-19, 2.63681381683e-20],
        "stdev": [0.00795110687613, 0.10073594749, 0.623558580875, 4.65547132492, 8.1791229248, 16.6123466492, 27.9290676117, 50.4506340027, 29.5654830933, 71.2510223389, 60.6256141663, 33.3234062195, 51.9282264709, 27.5346641541, 38.6088867188, 50.5636672974, 27.6747760773, 41.5756950378, 38.3573188782, 28.1561164856, 44.4540138245, 48.1330947876, 26.21235466, 24.1138496399, 19.6080341339, 15.2270002365, 13.542219162, 15.296664238, 17.9675712585, 13.4870681763, 5.56755828857, 2.40525484085, 1.81060230732, 0.94929933548, 0.442775130272, 0.299047768116, 0.0621992722154, 0.00136668398045, 5.61148408451e-05, 2.39546116063e-05]
    },
    "gfcc": {
        "mean": [-334.534484863, 49.0047492981, -116.996414185, 15.2854986191, -55.3956794739, 1.96872293949, -38.2174911499, 5.62588882446, -20.1281204224, 1.96866083145, -14.3090877533, 2.02883625031, -8.79194355011],
        "cov": [[318059.28125, 17007.1113281, -38989.1875, 5438.54882812, -18995.9902344, 467.234313965, -13360.5546875, 1819.86779785, -6884.12304688, 641.414428711, -4936.93554688, 622.078796387, -3028.71191406], [17007.1113281, 1761.0345459, -1576.92614746, 318.085571289, -1057.47668457, -286.69821167, -857.804992676, -38.7105865479, -371.224029541, -92.5884857178, -251.621368408, -31.9518489838, -200.619018555], [-38989.1875, -1576.92614746, 5634.92724609, -533.752990723, 2223.37158203, -320.907653809, 1402.56201172, -311.213867188, 808.573730469, -143.101608276, 563.743286133, -115.833961487, 316.340789795], [5438.54882812, 318.085571289, -533.752990723, 213.109146118, -319.170928955, -22.7801361084, -266.299316406, 18.453453064, -110.671829224, 2.69238042831, -91.445022583, -2.60577988625, -55.0644416809], [-18995.9902344, -1057.47668457, 2223.37158203, -319.170928955, 1234.46569824, 24.788356781, 836.481262207, -83.251121521, 412.817138672, -20.5540924072, 303.458709717, -32.5172042847, 189.161621094], [467.234313965, -286.69821167, -320.907653809, -22.7801361084, 24.788356781, 189.405700684, 96.1047668457, 66.183631897, -14.9316673279, 46.188709259, 0.674426674843, 30.0188560486, 10.388417244], [-13360.5546875, -857.804992676, 1402.56201172, -266.299316406, 836.481262207, 96.1047668457, 702.837585449, -23.4606590271, 291.354064941, -11.2584495544, 221.473724365, -7.39932203293, 130.18107605], [1819.86779785, -38.7105865479, -311.213867188, 18.453453064, -83.251121521, 66.183631897, -23.4606590271, 80.2951660156, -22.0048408508, 34.0235862732, -29.6520271301, 21.542470932, -10.4563941956], [-6884.12304688, -371.224029541, 808.573730469, -110.671829224, 412.817138672, -14.9316673279, 291.354064941, -22.0048408508, 200.53553772, 6.14941692352, 117.147888184, -10.5005273819, 74.3216705322], [641.414428711, -92.5884857178, -143.101608276, 2.69238042831, -20.5540924072, 46.188709259, -11.2584495544, 34.0235862732, 6.14941692352, 68.0640029907, 8.08887958527, 19.205997467, 1.60905265808], [-4936.93554688, -251.621368408, 563.743286133, -91.445022583, 303.458709717, 0.674426674843, 221.473724365, -29.6520271301, 117.147888184, 8.08887958527, 119.447166443, 7.05801105499, 55.8361244202], [622.078796387, -31.9518489838, -115.833961487, -2.60577988625, -32.5172042847, 30.0188560486, -7.39932203293, 21.542470932, -10.5005273819, 19.205997467, 7.05801105499, 46.3344612122, 15.864238739], [-3028.71191406, -200.619018555, 316.340789795, -55.0644416809, 189.161621094, 10.388417244, 130.18107605, -10.4563941956, 74.3216705322, 1.60905265808, 55.8361244202, 15.864238739, 74.4057006836]],
        "icov": [[0.00109522452112, -0.00293599674478, 0.00268436572514, -0.00292932381853, 0.0034743915312, -0.00287072523497, 0.00415131868795, -0.00391344446689, 0.00370808364823, -0.00293523911387, 0.00256177061237, -0.00234362669289, 0.00177615822759], [-0.00293599674478, 0.010798426345, -0.00662516243756, 0.00759698171169, -0.00884606409818, 0.0117735834792, -0.0098479129374, 0.00972666032612, -0.00866750907153, 0.0110939545557, -0.00974574312568, 0.00669964728877, -0.00286037405021], [0.00268436572514, -0.00662516243756, 0.00787591189146, -0.00757492613047, 0.00686167925596, -0.00406739069149, 0.00971421133727, -0.00853061955422, 0.00864551495761, -0.00657037738711, 0.00630924711004, -0.00650453055277, 0.00540100550279], [-0.00292932381853, 0.00759698171169, -0.00757492613047, 0.0172582194209, -0.00918922200799, 0.00536284502596, -0.00659510726109, 0.00890243984759, -0.0109209548682, 0.00907970126718, -0.00671864673495, 0.0077321943827, -0.00426973681897], [0.0034743915312, -0.00884606409818, 0.00686167925596, -0.00918922200799, 0.0207418967038, -0.0105504821986, 0.00823910720646, -0.0120604755357, 0.0104038501158, -0.0100482869893, 0.00481720548123, -0.00232704402879, 0.000938643235713], [-0.00287072523497, 0.0117735834792, -0.00406739069149, 0.00536284502596, -0.0105504821986, 0.0314208641648, -0.0187524221838, 0.00623333081603, -0.00057222583564, 0.00333706894889, -0.00575680052862, 0.00377532653511, -0.00371188600548], [0.00415131868795, -0.0098479129374, 0.00971421133727, -0.00659510726109, 0.00823910720646, -0.0187524221838, 0.0327140316367, -0.0201357472688, 0.00903032999486, -9.99638505164e-05, 0.000264725676971, -0.00755501259118, 0.0102463467047], [-0.00391344446689, 0.00972666032612, -0.00853061955422, 0.00890243984759, -0.0120604755357, 0.00623333081603, -0.0201357472688, 0.0439131334424, -0.0202632211149, 0.000574177829549, 0.00589536316693, -0.00252130255103, -0.00268209748901], [0.00370808364823, -0.00866750907153, 0.00864551495761, -0.0109209548682, 0.0104038501158, -0.00057222583564, 0.00903032999486, -0.0202632211149, 0.0388131067157, -0.0165728926659, 0.0015587550588, -0.00017155968817, -0.0018313061446], [-0.00293523911387, 0.0110939545557, -0.00657037738711, 0.00907970126718, -0.0100482869893, 0.00333706894889, -9.99638505164e-05, 0.000574177829549, -0.0165728926659, 0.0406079925597, -0.0215519405901, 0.00384448724799, 0.00145128939766], [0.00256177061237, -0.00974574312568, 0.00630924711004, -0.00671864673495, 0.00481720548123, -0.00575680052862, 0.000264725676971, 0.00589536316693, 0.0015587550588, -0.0215519405901, 0.0473984666169, -0.0201900303364, 0.00277116242796], [-0.00234362669289, 0.00669964728877, -0.00650453055277, 0.0077321943827, -0.00232704402879, 0.00377532653511, -0.00755501259118, -0.00252130255103, -0.00017155968817, 0.00384448724799, -0.0201900303364, 0.0461208820343, -0.0202985424548], [0.00177615822759, -0.00286037405021, 0.00540100550279, -0.00426973681897, 0.000938643235713, -0.00371188600548, 0.0102463467047, -0.00268209748901, -0.0018313061446, 0.00145128939766, 0.00277116242796, -0.0202985424548, 0.0357781387866]]
    },
    "melbands": {
        "max": [0.000854919431731, 0.00301506533287, 0.00772270420566, 0.00485553825274, 0.00704281590879, 0.0091526536271, 0.00340097816661, 0.00559650827199, 0.0033159207087, 0.0028727944009, 0.00356121873483, 0.00158364349045, 0.00254571042024, 0.00181148212869, 0.00189650570974, 0.000910590984859, 0.000897218182217, 0.00103769032285, 0.000367588596418, 0.000334011216182, 0.000601454405114, 0.000679417920765, 0.000233928425587, 0.000162157652085, 0.00016984710237, 0.000230753837968, 0.000186834440683, 0.000165864403243, 0.000118142525025, 0.000211210586713, 0.000193400817807, 0.00017561246932, 0.000211493636016, 0.000106505423901, 6.85422710376e-05, 2.46415711445e-05, 1.4700633983e-05, 1.76656994881e-05, 8.58301973494e-06, 6.06239609624e-06],
        "mean": [3.31005612679e-05, 0.000132251283503, 0.000330459763063, 0.000469375605462, 0.000583136279602, 0.000532242062036, 0.000301038642647, 0.000403675745474, 0.000232577105635, 0.000108000618638, 0.000112084308057, 6.3962994318e-05, 6.49530411465e-05, 6.94372502039e-05, 5.07228869537e-05, 3.71813548554e-05, 5.10839672643e-05, 4.51690102636e-05, 3.43082756444e-05, 2.62129233306e-05, 3.8987644075e-05, 3.73236944142e-05, 2.04305324587e-05, 1.71672472788e-05, 1.5466408513e-05, 1.38642872116e-05, 7.93733397586e-06, 5.31913019586e-06, 3.92448009734e-06, 4.64321328764e-06, 3.61455340681e-06, 3.84227769246e-06, 2.86562226393e-06, 2.19351568376e-06, 1.27882935885e-06, 9.73768351287e-07, 7.03046566741e-07, 6.37792652469e-07, 5.32497665517e-07, 4.08629801996e-07],
        "min": [5.17661077021e-25, 1.03829576522e-24, 1.34636862846e-24, 9.16042243652e-25, 1.57824216282e-24, 9.3804722278e-25, 1.74758939853e-24, 7.77215937753e-25, 1.65187404528e-24, 9.73544287186e-25, 2.06141049397e-24, 1.57089530399e-24, 1.92236527917e-24, 2.29432759269e-24, 1.54168299581e-24, 1.63883052603e-24, 2.24228387498e-24, 2.57357094251e-24, 2.70354248196e-24, 2.77079090198e-24, 3.47869949275e-24, 2.03681755804e-24, 3.65986731609e-24, 3.10953724101e-24, 3.40603120388e-24, 3.28164854673e-24, 4.20768309425e-24, 4.34137529617e-24, 4.46462534628e-24, 3.58290959605e-24, 4.16645840664e-24, 4.06564198295e-24, 4.76219827365e-24, 4.49699546466e-24, 5.32300935193e-24, 5.15787709864e-24, 5.63853951453e-24, 5.79904391532e-24, 5.60952599929e-24, 6.30044666769e-24],
        "stdev": [8.56654660311e-05, 0.000264837144641, 0.000860985077452, 0.000760272145271, 0.000915256969165, 0.00105471478309, 0.000493501895107, 0.000735961715691, 0.000451241707196, 0.000231585814618, 0.000271545635769, 0.0001278030104, 0.000152514548972, 0.000175869514351, 0.000111445609946, 6.43326275167e-05, 8.61253720359e-05, 7.95588712208e-05, 4.15787035308e-05, 3.3004587749e-05, 5.92177748331e-05, 5.8059431467e-05, 2.67081413767e-05, 2.14957181015e-05, 2.02408627956e-05, 1.9636216166e-05, 1.29038953673e-05, 9.89871023194e-06, 7.90989906818e-06, 9.77465333563e-06, 9.08279525902e-06, 9.89106956695e-06, 1.09171578515e-05, 6.15540466242e-06, 3.62599598702e-06, 1.85552698895e-06, 1.3177452729e-06, 1.34659205742e-06, 1.06172331016e-06, 7.48005675177e-07]
    },
    "melbands128": {
        "max": [7.63138450566e-05, 0.000509529199917, 0.00139323575422, 0.00179392669816, 0.00389641104266, 0.00397113710642, 0.0096089374274, 0.0140122547746, 0.00777811044827, 0.00742554524913, 0.0083310091868, 0.00893860496581, 0.010511662811, 0.0153606114909, 0.00888006389141, 0.0149267055094, 0.00450620427728, 0.00442381296307, 0.0100525179878, 0.0109111601487, 0.00669691246003, 0.0091885169968, 0.00411555776373, 0.00673587992787, 0.00449939630926, 0.00299808685668, 0.0113509157673, 0.00263989716768, 0.00670707644895, 0.00188684929162, 0.000871392956469, 0.00429246528074, 0.00412633083761, 0.000572789809667, 0.0044588688761, 0.00187160470523, 0.00257106288336, 0.00418927753344, 0.00211870274507, 0.00074854871491, 0.00183978257701, 0.00138343439903, 0.00150984339416, 0.00127644313034, 0.00299702119082, 0.000721736752894, 0.000302221247694, 0.000465122342575, 0.000487692246679, 0.000882723776158, 0.000287553208182, 0.000450827559689, 0.0013077405747, 0.000579402199946, 0.000390049361158, 0.00143113045488, 0.000481117953314, 0.000345484673744, 0.000365479907487, 0.000441134092398, 0.000250443903496, 0.000247975665843, 0.000234562539845, 0.000258964835666, 0.000305483379634, 0.000474714499433, 0.000162644850207, 0.000218427085201, 0.000312121846946, 0.000135282374686, 0.000178180722287, 0.000160992000019, 0.000231114288908, 9.63990169112e-05, 0.000188414065633, 0.000311914860504, 0.000180565693881, 0.000202816692763, 0.000215782827581, 0.000218265267904, 0.000168583253981, 0.000194917069166, 0.000192578459973, 0.000280839420157, 0.000170374449226, 0.000116460352729, 0.000151885062223, 7.9107034253e-05, 8.95687044249e-05, 4.92982908327e-05, 3.23061467498e-05, 2.7071841032e-05, 2.79969081021e-05, 1.36676117108e-05, 1.17604604384e-05, 1.79599792318e-05, 2.33399059653e-05, 1.1192243619e-05, 1.10963255793e-05, 7.20222942618e-06, 8.37281822896e-06, 7.69887174101e-06, 8.27650455903e-06, 5.76507454753e-06, 3.42554449162e-06, 7.00405689713e-06, 4.18189574702e-06, 6.10428105574e-06, 5.62918967262e-06, 7.33731485525e-06, 6.43855901217e-06, 4.81094684801e-06, 8.58747512211e-07, 8.23206249834e-08, 1.98580725197e-08, 1.50553631784e-08, 1.60535673643e-08, 8.58916882063e-10, 7.81000819572e-10, 7.47558903669e-10, 7.07643998954e-10, 6.70582533946e-10, 6.6085648065e-10, 6.25982321534e-10, 6.18279538678e-10, 6.06500294431e-10, 6.15697326456e-10, 6.03513516939e-10],
        "mean": [6.17744626652e-06, 1.94941876543e-05, 4.12192384829e-05, 6.4820778789e-05, 0.000111853536509, 0.000181009454536, 0.000294276891509, 0.000379850564059, 0.000390934204916, 0.000372662005248, 0.000598974875174, 0.000675172545016, 0.0005822548992, 0.000489608559292, 0.000509314879309, 0.000667051179335, 0.000287889444735, 0.00016317202244, 0.000364634615835, 0.00052079744637, 0.000332335795974, 0.00036708364496, 0.000177683919901, 0.000193531232071, 6.07807996857e-05, 8.43426969368e-05, 0.000177860405529, 6.86485436745e-05, 0.000136634582304, 5.04126910528e-05, 4.30330219388e-05, 7.34525528969e-05, 8.08190525277e-05, 3.07536756736e-05, 8.87891219463e-05, 7.42854026612e-05, 5.05471434735e-05, 6.95339986123e-05, 3.24697102769e-05, 2.77058770735e-05, 3.67348584405e-05, 5.33997917955e-05, 5.16756954312e-05, 4.30928048445e-05, 6.58197386656e-05, 4.39537034254e-05, 2.41386514972e-05, 3.99146483687e-05, 3.27028574247e-05, 3.39957769029e-05, 1.76973371708e-05, 2.409525041e-05, 5.84330809943e-05, 3.51085873262e-05, 1.79762664629e-05, 5.61475026188e-05, 3.47090754076e-05, 1.49756069732e-05, 1.97863828362e-05, 2.06534114113e-05, 1.57933391165e-05, 1.5599784092e-05, 1.55898615048e-05, 1.36840935738e-05, 1.84318068932e-05, 1.7850599761e-05, 7.51901188778e-06, 8.20899185783e-06, 8.28448264656e-06, 6.99943711879e-06, 6.01489819019e-06, 4.00026738134e-06, 3.85946623283e-06, 3.649410246e-06, 4.17074579673e-06, 5.28559758095e-06, 4.49884191767e-06, 4.04117417929e-06, 3.22596088154e-06, 3.40437895829e-06, 4.25711095886e-06, 3.97105077354e-06, 3.08373341795e-06, 2.86663544102e-06, 2.55416330219e-06, 2.3558468456e-06, 2.20997958422e-06, 1.58458487931e-06, 1.21334778669e-06, 1.04524792732e-06, 9.88013312053e-07, 1.00324552932e-06, 8.82499421095e-07, 6.5193660248e-07, 6.38956862531e-07, 6.04867466336e-07, 6.79155789385e-07, 6.05990749136e-07, 5.96773020334e-07, 4.30777902238e-07, 4.3390934934e-07, 3.97191712409e-07, 4.05739655207e-07, 3.2354483892e-07, 2.25717784019e-07, 1.99032456294e-07, 1.83024724265e-07, 2.08542431324e-07, 2.78860397884e-07, 2.49249097806e-07, 2.44353032031e-07, 1.41883504057e-07, 4.66916354469e-08, 4.69335192932e-09, 2.25941709786e-10, 1.07131092886e-09, 1.71792347015e-09, 5.78412708355e-12, 3.89113611124e-12, 3.81827989365e-12, 3.71931348567e-12, 3.64580934886e-12, 3.56711210049e-12, 3.4812361327e-12, 3.46567674732e-12, 3.45293476971e-12, 3.4439783924e-12, 3.40102143497e-12],
        "min": [2.38569441184e-26, 1.88728734643e-25, 3.85205124917e-26, 8.00945761251e-26, 5.71052859415e-25, 1.5387277996e-25, 2.86748621769e-25, 2.59319262493e-25, 3.6676685095e-25, 2.89674087784e-25, 3.88047088773e-25, 1.8829039915e-25, 3.71596331367e-25, 2.28316683791e-25, 2.53391145354e-25, 3.89461269857e-25, 9.36508155154e-25, 2.8759972873e-25, 7.59699872999e-25, 8.80887446272e-26, 5.29580518779e-25, 4.42291728414e-25, 5.89931188346e-25, 5.06285061818e-25, 4.13453093783e-25, 3.10330928277e-25, 6.19853224823e-25, 8.81721075033e-25, 6.84891453799e-25, 6.08436287461e-25, 3.77604936971e-25, 9.76645792442e-25, 6.37460008582e-25, 5.4098098867e-25, 6.7270103832e-25, 1.41456239967e-24, 8.77151006594e-25, 1.07839593162e-24, 6.81537069319e-25, 1.1799920457e-24, 7.5099454639e-25, 1.33948857808e-24, 9.3194242545e-25, 1.17682920651e-24, 7.94966540716e-25, 6.00559856449e-25, 1.38813979947e-24, 1.28156597307e-24, 1.23204375064e-24, 1.70176999057e-24, 1.27451690924e-24, 1.24853508507e-24, 2.3852992295e-24, 1.56154345657e-24, 1.63669971412e-24, 1.07416379147e-24, 1.41698903442e-24, 1.98914077708e-24, 1.42332358749e-24, 1.15802325557e-24, 1.28167039854e-24, 4.51323988564e-25, 2.30177937002e-24, 1.61230142961e-24, 1.46235011419e-24, 1.98583899976e-24, 2.14991772931e-24, 5.7987937478e-25, 2.40705482997e-24, 2.81748831212e-24, 2.71527797122e-24, 2.51130516518e-24, 2.46807085441e-24, 3.07673127698e-24, 2.81206548505e-24, 2.04907921752e-24, 1.56176749306e-24, 2.26036575022e-24, 2.3814653655e-24, 2.4332369262e-24, 2.63967097826e-24, 2.38330853901e-24, 3.60877397855e-24, 3.24286577805e-24, 2.97097027314e-24, 1.78038254358e-24, 3.04249471369e-24, 3.56281375892e-24, 3.70759813402e-24, 3.08440827409e-24, 1.94579208147e-24, 3.70667280018e-24, 2.772234123e-24, 3.46723773823e-24, 4.13736206101e-24, 3.63097449658e-24, 4.0385710377e-24, 2.85974009664e-24, 3.54457095606e-24, 4.0554621274e-24, 4.32264063853e-24, 4.40061007268e-24, 4.81436091215e-24, 3.428401327e-24, 4.43231675904e-24, 3.98244792302e-24, 4.07751355071e-24, 3.38161438115e-24, 4.37654823735e-24, 4.68807729743e-24, 3.21316161509e-24, 4.05966557273e-24, 4.31242883411e-24, 4.10139118702e-24, 4.93647736914e-24, 5.00637991167e-24, 5.22521071564e-24, 5.21944098698e-24, 4.63300139561e-24, 5.05265370351e-24, 4.2081552275e-24, 5.50064860045e-24, 5.40932296231e-24, 4.93840613405e-24, 5.38496372642e-24, 4.67358276715e-24, 5.02948446429e-24, 5.39360885308e-24],
        "stdev": [1.0501234101e-05, 5.61194283364e-05, 0.000125925711473, 0.000187729936442, 0.00028009651578, 0.00038669994683, 0.00100138306152, 0.00122167728841, 0.00089071050752, 0.00084070826415, 0.00114545435645, 0.00124590552878, 0.00113343517296, 0.00115579983685, 0.00111452373676, 0.00175643875264, 0.000572031771298, 0.000374943745555, 0.000896152574569, 0.00121696956921, 0.000736275862437, 0.0010560171213, 0.000398802745622, 0.000548076815903, 0.000241378496867, 0.000231304336921, 0.000625722808763, 0.000169306062162, 0.000468724814709, 0.000132124201627, 8.55827966006e-05, 0.000197991364985, 0.000264792703092, 6.1400620325e-05, 0.000317822006764, 0.000211951177334, 0.000175406021299, 0.00020614269306, 8.7522319518e-05, 5.81173590035e-05, 0.000102103433164, 0.000112998895929, 0.000126621758682, 0.000114000235044, 0.000195128042833, 7.92152786744e-05, 3.93846203224e-05, 5.85673114983e-05, 4.66964593215e-05, 5.8983638155e-05, 2.99982657452e-05, 3.66962522094e-05, 0.000110641914944, 5.97590660618e-05, 3.33385250997e-05, 0.000111514636956, 5.62219065614e-05, 2.95493828162e-05, 3.29556096403e-05, 3.54276053258e-05, 2.58779018623e-05, 2.30653768085e-05, 2.36749438045e-05, 2.51464716712e-05, 3.19211612805e-05, 3.11208932544e-05, 1.27998810058e-05, 1.48247263496e-05, 1.85242242878e-05, 1.17507652249e-05, 1.21790162666e-05, 9.73353780864e-06, 1.09281645564e-05, 6.348894658e-06, 9.21395712794e-06, 1.30899670694e-05, 9.84692542261e-06, 9.69050870481e-06, 9.35437765293e-06, 1.00401666714e-05, 1.04336450022e-05, 1.04599139377e-05, 1.1456088032e-05, 1.30184380396e-05, 9.48183605942e-06, 6.52157814329e-06, 6.49393359708e-06, 4.84706060888e-06, 4.0565364543e-06, 2.72033298643e-06, 1.9911765321e-06, 1.93844152818e-06, 1.74604974745e-06, 1.31823344418e-06, 1.27081409573e-06, 1.38198686273e-06, 1.57166937242e-06, 1.27244879877e-06, 1.2866526049e-06, 8.81775292783e-07, 8.6043274905e-07, 7.71442330461e-07, 7.81006974648e-07, 6.42673967377e-07, 4.68432375555e-07, 4.79065988657e-07, 4.10298241604e-07, 4.78257277337e-07, 6.56689564948e-07, 6.1714780486e-07, 6.32010937807e-07, 3.4345762856e-07, 1.0164038855e-07, 1.02887360853e-08, 1.03120134654e-09, 1.40342670818e-09, 2.27912733131e-09, 2.86231385815e-11, 2.47480386878e-11, 2.37012406229e-11, 2.2456926943e-11, 2.13045223824e-11, 2.09895798658e-11, 1.99107987042e-11, 1.96644350109e-11, 1.92963856699e-11, 1.95701128913e-11, 1.91930551313e-11]
    },
    "mfcc": {
        "mean": [-794.770446777, 71.1133346558, -22.7303409576, 7.30679750443, -7.13410615921, -6.15690088272, -11.3783216476, -2.62235689163, -5.57012462616, -3.96878480911, -1.98040187359, -3.09672689438, -2.39220404625],
        "cov": [[83311.671875, 12125.7177734, -3423.73339844, 1437.43615723, -1076.34326172, -1160.89221191, -2170.87915039, -612.411376953, -1032.0559082, -738.461303711, -309.66784668, -662.457458496, -530.647705078], [12125.7177734, 2641.99633789, -161.289276123, 401.624450684, -122.642425537, -309.582489014, -436.121917725, -145.63104248, -281.368835449, -164.490402222, -94.2508087158, -157.425872803, -105.287994385], [-3423.73339844, -161.289276123, 859.276733398, 178.16204834, 132.020599365, -90.4384384155, -68.3915939331, -83.97706604, -69.6264343262, -50.0307235718, -2.07249927521, -70.7361984253, -47.9469947815], [1437.43615723, 401.624450684, 178.16204834, 199.810668945, 41.1183776855, -73.2686691284, -106.876968384, -54.2799720764, -66.188873291, -37.9750556946, -17.2564945221, -49.5970878601, -32.318321228], [-1076.34326172, -122.642425537, 132.020599365, 41.1183776855, 104.322517395, 4.65016794205, 2.72208738327, -25.3226337433, 2.65009117126, -2.59431910515, 2.87877082825, -6.94425487518, -3.87485980988], [-1160.89221191, -309.582489014, -90.4384384155, -73.2686691284, 4.65016794205, 92.5123443604, 90.5532150269, 38.2419433594, 42.609992981, 27.144361496, 12.5393533707, 36.0262145996, 23.6997776031], [-2170.87915039, -436.121917725, -68.3915939331, -106.876968384, 2.72208738327, 90.5532150269, 165.780029297, 69.9343414307, 64.8001174927, 37.883190155, 12.0681943893, 49.6845169067, 35.5654296875], [-612.411376953, -145.63104248, -83.97706604, -54.2799720764, -25.3226337433, 38.2419433594, 69.9343414307, 80.1711502075, 42.5517692566, 22.3366508484, 1.55148172379, 24.1947937012, 18.2926464081], [-1032.0559082, -281.368835449, -69.6264343262, -66.188873291, 2.65009117126, 42.609992981, 64.8001174927, 42.5517692566, 80.0533905029, 33.6699409485, 9.67279243469, 26.1544761658, 20.6473083496], [-738.461303711, -164.490402222, -50.0307235718, -37.9750556946, -2.59431910515, 27.144361496, 37.883190155, 22.3366508484, 33.6699409485, 51.702129364, 21.6949367523, 17.6631031036, 9.52675533295], [-309.66784668, -94.2508087158, -2.07249927521, -17.2564945221, 2.87877082825, 12.5393533707, 12.0681943893, 1.55148172379, 9.67279243469, 21.6949367523, 44.1948242188, 21.9912624359, 7.31805324554], [-662.457458496, -157.425872803, -70.7361984253, -49.5970878601, -6.94425487518, 36.0262145996, 49.6845169067, 24.1947937012, 26.1544761658, 17.6631031036, 21.9912624359, 56.8161468506, 32.7035179138], [-530.647705078, -105.287994385, -47.9469947815, -32.318321228, -3.87485980988, 23.6997776031, 35.5654296875, 18.2926464081, 20.6473083496, 9.52675533295, 7.31805324554, 32.7035179138, 53.1793899536]],
        "icov": [[7.86388845881e-05, -0.000246178300586, 0.000332487543346, -0.000219153080252, 0.000290362047963, -0.000196477340069, 0.00030112839886, 0.000137347815325, -0.000325298227835, 0.000618830090389, -0.000530437624548, 0.000342064682627, 0.000202043491299], [-0.000246178300586, 0.00231232633814, 8.77974380273e-05, -0.00125103013124, -9.37308286666e-05, 0.00309777772054, -0.000131408596644, -0.00121175090317, 0.00355568015948, -0.000828360964078, 0.00194539234508, -0.000589703267906, -0.000579362909775], [0.000332487543346, 8.77974380273e-05, 0.00421300111338, -0.00319781969301, -7.994868065e-05, 0.00292006973177, 8.52649682201e-05, 0.000527779513504, 0.000849263451528, 0.00456512160599, -0.00370823219419, 0.00343199959025, 0.0010530652944], [-0.000219153080252, -0.00125103013124, -0.00319781969301, 0.0140574732795, -0.00595230376348, -0.000705640821252, 0.0027269013226, -0.00183447485324, 0.00232258671895, -0.00332638598047, 0.0023294929415, -1.46379279613e-05, -0.000933151342906], [0.000290362047963, -9.37308286666e-05, -7.994868065e-05, -0.00595230376348, 0.0172004923224, -0.00350886117667, -0.000865540758241, 0.00699791358784, -0.00512753846124, 0.00320534664206, -0.00203770864755, 0.00170859426726, 0.000657387950923], [-0.000196477340069, 0.00309777772054, 0.00292006973177, -0.000705640821252, -0.00350886117667, 0.0320575833321, -0.0113647282124, -0.000974400783889, 0.00437416275963, -0.000867795606609, 0.000298248429317, -0.0029504597187, 4.55585251302e-07], [0.00030112839886, -0.000131408596644, 8.52649682201e-05, 0.0027269013226, -0.000865540758241, -0.0113647282124, 0.022839255631, -0.00924338493496, -0.00072220392758, -3.7698471715e-05, 0.00230864901096, -0.0036053925287, -0.00042789048166], [0.000137347815325, -0.00121175090317, 0.000527779513504, -0.00183447485324, 0.00699791358784, -0.000974400783889, -0.00924338493496, 0.0269611719996, -0.0097376620397, -0.00106225861236, 0.00209446833469, -0.000846195325721, 0.00038744462654], [-0.000325298227835, 0.00355568015948, 0.000849263451528, 0.00232258671895, -0.00512753846124, 0.00437416275963, -0.00072220392758, -0.0097376620397, 0.0321329347789, -0.0107787540182, 0.00523766130209, -0.00118817051407, -0.00305443187244], [0.000618830090389, -0.000828360964078, 0.00456512160599, -0.00332638598047, 0.00320534664206, -0.000867795606609, -3.7698471715e-05, -0.00106225861236, -0.0107787540182, 0.0411429703236, -0.0205806624144, 0.00784835219383, 0.00246033258736], [-0.000530437624548, 0.00194539234508, -0.00370823219419, 0.0023294929415, -0.00203770864755, 0.000298248429317, 0.00230864901096, 0.00209446833469, 0.00523766130209, -0.0205806624144, 0.0418159775436, -0.0203703325242, 0.00251122191548], [0.000342064682627, -0.000589703267906, 0.00343199959025, -1.46379279613e-05, 0.00170859426726, -0.0029504597187, -0.0036053925287, -0.000846195325721, -0.00118817051407, 0.00784835219383, -0.0203703325242, 0.0453190542758, -0.0165383201092], [0.000202043491299, -0.000579362909775, 0.0010530652944, -0.000933151342906, 0.000657387950923, 4.55585251302e-07, -0.00042789048166, 0.00038744462654, -0.00305443187244, 0.00246033258736, 0.00251122191548, -0.0165383201092, 0.0308263283223]]
    },
    "spectral_contrast_coeffs": {
        "max": [-0.424586683512, -0.489078462124, -0.535408854485, -0.578148245811, -0.670740962029, -0.62475168705],
        "mean": [-0.744459033012, -0.78690379858, -0.806542634964, -0.826546430588, -0.823389232159, -0.804852068424],
        "min": [-0.981507003307, -0.98351341486, -0.9799503088, -0.972745418549, -0.970356822014, -0.96615177393],
        "stdev": [0.159845456481, 0.134289443493, 0.108291879296, 0.0934744700789, 0.0887128710747, 0.0962091386318]
    },
    "spectral_contrast_valleys": {
        "max": [-5.66314172745, -5.15186595917, -5.45608997345, -5.91919612885, -5.57757472992, -8.22338294983],
        "mean": [-12.8121042252, -12.1476373672, -12.5110721588, -12.503993988, -12.5166692734, -14.5821819305],
        "min": [-28.2474079132, -28.1156673431, -27.9509410858, -27.6246128082, -27.5657100677, -27.4616909027],
        "stdev": [8.70408916473, 9.06761264801, 8.87411403656, 8.86879730225, 8.87731742859, 7.65364408493]
    }
},
"rhythm": {
    "beats_count": 43,
    "beats_loudness": {
        "max": 0.0913349464536,
        "mean": 0.022618919611,
        "min": 0,
        "stdev": 0.0215885713696
    },
    "bpm": 119.513298035,
    "bpm_histogram_first_peak_bpm": 120,
    "bpm_histogram_first_peak_weight": 0.416666686535,
    "bpm_histogram_second_peak_bpm": 96,
    "bpm_histogram_second_peak_spread": 0.222222208977,
    "bpm_histogram_second_peak_weight": 0.166666671634,
    "danceability": 0.857372879982,
    "onset_rate": 2.10285186768,
    "beats_loudness_band_ratio": {
        "max": [0.421579062939, 0.517878055573, 0.511884748936, 0.749525785446, 0.574651479721, 0.21527262032],
        "mean": [0.0727900713682, 0.192202061415, 0.154202014208, 0.16619771719, 0.158058300614, 0.0732465088367],
        "min": [0, 0, 0, 0, 0, 0],
        "stdev": [0.0945939198136, 0.186951711774, 0.134167119861, 0.192473590374, 0.150020137429, 0.0556449443102]
    },
    "beats_position": [0.510838985443, 1.02167797089, 1.53251695633, 2.03174591064, 2.53097510338, 3.04181408882, 3.54104304314, 4.04027223587, 4.53950119019, 5.0387301445, 5.54956912994, 6.04879808426, 6.54802703857, 7.05886602402, 7.5464849472, 8.04571437836, 8.54494285583, 9.05578231812, 9.55501079559, 10.0542402267, 10.5418596268, 11.0410881042, 11.5403175354, 12.051156044, 12.5736055374, 13.084444046, 13.6301136017, 14.1757822037, 14.7214508057, 15.2555103302, 15.8011789322, 16.3352375031, 16.8692970276, 17.4033565521, 18.0419044495, 18.6804523468, 19.3073921204, 19.9343299866, 20.5612697601, 21.1882076263, 21.8151473999, 22.4420852661, 23.0690250397],
