{
"metadata": {
    "version": {
        "essentia": "2.1-beta5",
        "essentia_git_sha": "Undefined",
        "extractor": "music 2.0"
    },
    "audio_properties": {
        "analysis": {
            "equal_loudness": 0,
            "length": 32.4963264465,
            "sample_rate": 44100,
            "start_time": 29.0017242432,
            "downmix": "mix"
        },
        "bit_rate": 192000,
        "length": 220.287704468,
        "lossless": 0,
        "number_channels": 2,
        "replay_gain": 4.03727149963,
        "sample_rate": 44100,
        "codec": "mp3",
        "md5_encoded": "a6d26b0abadaeac7ea3f2867b2c7ee7a"
    },
    "tags": {
        "file_name": "Israel_Olé Olé_Izhar Cohen.mp3",
        "encoding": ["Lavf58.29.100"]
    }
},
"lowlevel": {
    "average_loudness": 0.95236313343,
    "barkbands_crest": {
        "max": 21.5066833496,
        "mean": 8.92090511322,
        "min": 2.57508897781,
        "stdev": 3.72761869431
    },
    "barkbands_flatness_db": {
        "max": 0.28677919507,
        "mean": 0.151501819491,
        "min": 0.0473293624818,
        "stdev": 0.0358144491911
    },
    "barkbands_kurtosis": {
        "max": 35.8019256592,
        "mean": 3.04742288589,
        "min": -1.85763442516,
        "stdev": 5.08214569092
    },
    "barkbands_skewness": {
        "max": 4.7255525589,
        "mean": 1.45417165756,
        "min": -1.49607586861,
        "stdev": 0.941667556763
    },
    "barkbands_spread": {
        "max": 82.9562835693,
        "mean": 23.9243679047,
        "min": 3.20339441299,
        "stdev": 11.8565359116
    },
    "dissonance": {
        "max": 0.499999970198,
        "mean": 0.45796468854,
        "min": 0.222378790379,
        "stdev": 0.0342558994889
    },
    "dynamic_complexity": 3.5990152359,
    "erbbands_crest": {
        "max": 29.535785675,
        "mean": 8.79962253571,
        "min": 2.13424110413,
        "stdev": 4.92187929153
    },
    "erbbands_flatness_db": {
        "max": 0.285100728273,
        "mean": 0.17973382771,
        "min": 0.0660305097699,
        "stdev": 0.0375675149262
    },
    "erbbands_kurtosis": {
        "max": 16.5912742615,
        "mean": 0.285217821598,
        "min": -1.74690425396,
        "stdev": 2.23127031326
    },
    "erbbands_skewness": {
        "max": 3.71795773506,
        "mean": 0.377325206995,
        "min": -3.18163633347,
        "stdev": 0.8732162714
    },
    "erbbands_spread": {
        "max": 118.407363892,
        "mean": 43.0583343506,
        "min": 9.24547481537,
        "stdev": 17.3387126923
    },
    "hfc": {
        "max": 269.646881104,
        "mean": 20.3403587341,
        "min": 0.00122335413471,
        "stdev": 19.6502799988
    },
    "loudness_ebu128": {
        "integrated": -28.5810623169,
        "loudness_range": 4.05554771423,
        "momentary": {
            "max": -25.4556522369,
            "mean": -29.5428695679,
            "min": -70.0490951538,
            "stdev": 4.63341903687
        },
        "short_term": {
            "max": -27.1145305634,
            "mean": -28.8388175964,
            "min": -34.6523208618,
            "stdev": 1.70463645458
        }
    },
    "melbands_crest": {
        "max": 32.9939880371,
        "mean": 12.3430700302,
        "min": 3.79529571533,
        "stdev": 4.68606567383
    },
    "melbands_flatness_db": {
        "max": 0.327148735523,
        "mean": 0.167174652219,
        "min": 0.0401371903718,
        "stdev": 0.0490383431315
    },
    "melbands_kurtosis": {
        "max": 84.7595443726,
        "mean": 10.6277484894,
        "min": -1.67622315884,
        "stdev": 10.411904335
    },
    "melbands_skewness": {
        "max": 7.21196746826,
        "mean": 2.47468972206,
        "min": -0.30671942234,
        "stdev": 1.17059874535
    },
    "melbands_spread": {
        "max": 164.220870972,
        "mean": 26.3669986725,
        "min": 3.60164117813,
        "stdev": 18.1027507782
    },
    "pitch_salience": {
        "max": 0.845575094223,
        "mean": 0.596537351608,
        "min": 0.217157617211,
        "stdev": 0.102977178991
    },
    "silence_rate_20dB": {
        "max": 1,
        "mean": 1,
        "min": 1,
        "stdev": 0
    },
    "silence_rate_30dB": {
        "max": 1,
        "mean": 0.999286234379,
        "min": 0,
        "stdev": 0.026707328856
    },
    "silence_rate_60dB": {
        "max": 1,
        "mean": 0.0742326900363,
        "min": 0,
        "stdev": 0.262145906687
    },
    "spectral_centroid": {
        "max": 4084.90234375,
        "mean": 1455.29321289,
        "min": 315.742462158,
        "stdev": 633.753112793
    },
    "spectral_complexity": {
        "max": 51,
        "mean": 18.3918628693,
        "min": 0,
        "stdev": 9.27038669586
    },
    "spectral_decrease": {
        "max": -2.43854957928e-13,
        "mean": -5.34292254883e-09,
        "min": -4.52578774457e-08,
        "stdev": 4.29989244211e-09
    },
    "spectral_energy": {
        "max": 0.179493591189,
        "mean": 0.0220103822649,
        "min": 1.09072141186e-06,
        "stdev": 0.017384275794
    },
    "spectral_energyband_high": {
        "max": 0.0320821516216,
        "mean": 0.00117883400526,
        "min": 1.07052969156e-07,
        "stdev": 0.0022249170579
    },
    "spectral_energyband_low": {
        "max": 0.0539784356952,
        "mean": 0.00323871104047,
        "min": 3.80302566327e-07,
        "stdev": 0.00501264631748
    },
    "spectral_energyband_middle_high": {
        "max": 0.0428216159344,
        "mean": 0.00451868353412,
        "min": 1.04377470223e-07,
        "stdev": 0.00467404490337
    },
    "spectral_energyband_middle_low": {
        "max": 0.147477149963,
        "mean": 0.0144036710262,
        "min": 2.52876589002e-07,
        "stdev": 0.0134201385081
    },
    "spectral_entropy": {
        "max": 8.52984428406,
        "mean": 7.53099298477,
        "min": 6.21659421921,
        "stdev": 0.363603234291
    },
    "spectral_flux": {
        "max": 0.365562528372,
        "mean": 0.0786093920469,
        "min": 0.000653110851999,
        "stdev": 0.0453470498323
    },
    "spectral_kurtosis": {
        "max": 11.8589792252,
        "mean": 2.39139413834,
        "min": -1.24998390675,
        "stdev": 1.94808983803
    },
    "spectral_rms": {
        "max": 0.0132331289351,
        "mean": 0.00426383549348,
        "min": 3.26208282786e-05,
        "stdev": 0.00181471777614
    },
    "spectral_rolloff": {
        "max": 9043.9453125,
        "mean": 1700.9041748,
        "min": 64.599609375,
        "stdev": 1265.04724121
    },
    "spectral_skewness": {
        "max": 2.38986802101,
        "mean": 1.14873158932,
        "min": -0.0377495959401,
        "stdev": 0.433101177216
    },
    "spectral_spread": {
        "max": 19751026,
        "mean": 4458746.5,
        "min": 1909796.25,
        "stdev": 1075357.625
    },
    "spectral_strongpeak": {
        "max": 6.95538854599,
        "mean": 1.05938851833,
        "min": 0,
        "stdev": 1.08124005795
    },
    "zerocrossingrate": {
        "max": 0.279296875,
        "mean": 0.0652460157871,
        "min": 0.0068359375,
        "stdev": 0.0276093557477
    },
    "barkbands": {
        "max": [0.00153755245265, 0.00765444338322, 0.0414959155023, 0.0508686862886, 0.0533644556999, 0.0586843490601, 0.0567080155015, 0.0413127355278, 0.0279474332929, 0.0431147068739, 0.0187842268497, 0.0189225170761, 0.0134617090225, 0.0101209636778, 0.00962791126221, 0.005460745655, 0.00403350125998, 0.0045653982088, 0.00729635963216, 0.00657742423937, 0.0106763402, 0.00955434516072, 0.00785425305367, 0.0168980099261, 0.0043852138333, 9.56258872975e-07, 1.00461443253e-06],
        "mean": [5.91772186453e-05, 0.000739888520911, 0.00126225373242, 0.00223683658987, 0.0038963991683, 0.00170943443663, 0.00328422524035, 0.00158762268256, 0.0013933563605, 0.000887741218321, 0.000472900748719, 0.000507900724187, 0.000639249454252, 0.000388331565773, 0.000355723313987, 0.00026190909557, 0.000418016657932, 0.000260643166257, 0.000315521814628, 0.00029526653816, 0.000377991294954, 0.000335316784913, 0.000162027732586, 0.000107679123175, 5.49436117581e-05, 2.46418263572e-09, 2.72510813915e-09],
        "min": [9.31340604637e-09, 8.1997285406e-08, 2.4864492687e-08, 2.35695960527e-08, 6.70674111802e-08, 3.39999033372e-08, 1.27650396919e-08, 5.76617553705e-09, 6.64877708445e-09, 4.64568516989e-09, 1.92561366852e-09, 4.00096222819e-09, 2.39032060811e-09, 2.73136113726e-09, 3.07269121258e-09, 5.8809557224e-09, 4.35635350016e-09, 8.0231030708e-09, 6.13050410436e-09, 8.44822434232e-09, 1.24655326061e-08, 1.2192840515e-08, 1.66759477338e-08, 1.71564735751e-08, 1.53630619337e-08, 2.81304923799e-10, 2.57767307499e-10],
        "stdev": [0.000101909186924, 0.0009503197507, 0.00243647629395, 0.00410619797185, 0.00424588611349, 0.00294492999092, 0.00635873014107, 0.00400775298476, 0.00300823058933, 0.00231403438374, 0.00116444868036, 0.00116218242329, 0.00128897186369, 0.000736230227631, 0.000723549223039, 0.00045856073848, 0.000522854446899, 0.000369375920855, 0.000517180596944, 0.000561497174203, 0.000765258679166, 0.00061466061743, 0.00039473711513, 0.000540906970855, 0.000184912991244, 3.60384611042e-08, 3.78902953457e-08]
    },
    "erbbands": {
        "max": [0.214225664735, 1.87953364849, 30.1314926147, 121.423278809, 137.626937866, 310.590606689, 116.57484436, 653.480285645, 892.866394043, 1008.91241455, 714.044372559, 576.669311523, 1415.66259766, 609.825866699, 582.789794922, 856.219299316, 664.422241211, 600.15234375, 582.418518066, 453.273071289, 362.778411865, 232.653427124, 222.589141846, 344.714202881, 252.378646851, 299.395050049, 358.019134521, 444.707519531, 320.237304688, 272.25769043, 277.320007324, 329.115814209, 290.768951416, 81.5515213013, 15.117275238, 0.372007280588, 0.0200591683388, 0.00253197760321, 0.00056144350674, 0.000239572502323],
        "mean": [0.0168281998485, 0.191449448466, 1.11657905579, 5.26178026199, 9.39184093475, 15.4604568481, 11.4982194901, 15.2180557251, 33.4589958191, 61.3543624878, 26.4901943207, 29.1957893372, 31.4770336151, 25.823059082, 20.6169128418, 21.3678016663, 29.0060195923, 24.2092952728, 18.8051376343, 15.7201089859, 19.1265621185, 20.9185199738, 15.7470903397, 12.071972847, 18.7650852203, 14.0935964584, 14.5793991089, 14.8305711746, 12.5113048553, 7.52259778976, 4.28470897675, 2.56576275826, 1.6843098402, 0.965265214443, 0.195791766047, 0.00464546587318, 0.000252961093793, 3.43806896126e-05, 1.87394289242e-05, 2.84247944364e-05],
        "min": [3.9126593947e-06, 1.60906638484e-05, 4.64621443825e-05, 9.46222062339e-05, 6.32355367998e-05, 0.000281974556856, 0.000217206281377, 0.000209986596019, 0.000293067685561, 0.000140206422657, 0.000146938706166, 0.000164081284311, 0.000155020898092, 9.71714325715e-05, 0.000124592508655, 0.000229558208957, 0.000120603741379, 0.000121080738609, 0.000174686094397, 0.000288441544399, 0.000316231162287, 0.000315312237944, 0.000472591113066, 0.000433948414866, 0.000408507912653, 0.000450196966995, 0.000410258304328, 0.000483082636492, 0.000398144882638, 0.000403777201427, 0.000493424828164, 0.000352436647518, 0.000364941864973, 0.000263329362497, 4.65238299512e-05, 2.60984074885e-06, 6.60618809434e-07, 2.02254128112e-07, 3.48240760673e-08, 1.00797059588e-08],
        "stdev": [0.0256539583206, 0.243604883552, 1.89073944092, 9.82524967194, 11.6367263794, 19.8547496796, 12.3823099136, 30.8621902466, 74.6774673462, 130.345291138, 55.1406173706, 62.0606536865, 71.5836868286, 61.8052253723, 42.2335281372, 46.5478172302, 54.7264251709, 47.4706687927, 35.2364501953, 34.5633544922, 29.7393474579, 24.9133090973, 19.7519855499, 18.4480895996, 30.7441043854, 25.579662323, 30.2996482849, 29.6278648376, 22.5658111572, 15.5319480896, 11.4853658676, 10.5556240082, 9.46629619598, 3.30460691452, 0.688354074955, 0.0162488874048, 0.000827902345918, 0.000101205267129, 2.47725602094e-05, 2.29969391512e-05]
    },
    "gfcc": {
        "mean": [-23.5609283447, 111.780639648, -146.707794189, 56.9248962402, -87.6245193481, 12.853509903, -42.8926620483, -4.43652629852, -16.0257358551, -14.2508296967, -2.88774871826, -17.9863414764, 1.1437779665],
        "cov": [[7107.46191406, 66.5118713379, -459.219818115, 136.206222534, -471.219696045, 8.5500831604, -71.2044219971, -176.676376343, -114.07585907, -70.2827072144, -119.112991333, -164.421264648, 14.8790149689], [66.5118713379, 585.410461426, 26.8645839691, -105.928077698, 88.211555481, -94.7204589844, 42.1882476807, -70.2033233643, 43.6006965637, -97.7688751221, 51.2252388, -20.8013134003, -5.6336183548], [-459.219818115, 26.8645839691, 621.446533203, 67.9942398071, -22.0117816925, 34.5147399902, -119.883773804, 39.0167236328, -81.6299591064, 5.4940662384, -23.922416687, 33.498840332, -6.68863582611], [136.206222534, -105.928077698, 67.9942398071, 314.192687988, 80.8645401001, -49.5462036133, -37.353225708, -11.3838663101, 17.4639225006, 4.44530153275, -68.3511734009, -34.2791671753, 19.4910316467], [-471.219696045, 88.211555481, -22.0117816925, 80.8645401001, 327.067077637, 28.6531944275, -70.4731521606, 69.976852417, 23.3777332306, 0.912191152573, -34.758769989, -35.6651306152, 12.0128469467], [8.5500831604, -94.7204589844, 34.5147399902, -49.5462036133, 28.6531944275, 214.297561646, 55.027557373, 32.7123413086, -68.9403839111, 17.4968910217, -3.6104426384, -14.0635709763, -7.77650308609], [-71.2044219971, 42.1882476807, -119.883773804, -37.353225708, -70.4731521606, 55.027557373, 240.578277588, -24.4808483124, -27.1333732605, -22.4462661743, 39.1301116943, 1.72125279903, -8.39707756042], [-176.676376343, -70.2033233643, 39.0167236328, -11.3838663101, 69.976852417, 32.7123413086, -24.4808483124, 146.843551636, 2.59297704697, 37.5787658691, 5.5449924469, 3.92641115189, 3.4558699131], [-114.07585907, 43.6006965637, -81.6299591064, 17.4639225006, 23.3777332306, -68.9403839111, -27.1333732605, 2.59297704697, 149.443161011, 29.2882022858, 5.87422275543, -4.24919176102, -1.60172069073], [-70.2827072144, -97.7688751221, 5.4940662384, 4.44530153275, 0.912191152573, 17.4968910217, -22.4462661743, 37.5787658691, 29.2882022858, 93.4088592529, 10.2577953339, -0.162263974547, 1.5523775816], [-119.112991333, 51.2252388, -23.922416687, -68.3511734009, -34.758769989, -3.6104426384, 39.1301116943, 5.5449924469, 5.87422275543, 10.2577953339, 97.0332107544, 41.2551231384, -17.3963241577], [-164.421264648, -20.8013134003, 33.498840332, -34.2791671753, -35.6651306152, -14.0635709763, 1.72125279903, 3.92641115189, -4.24919176102, -0.162263974547, 41.2551231384, 90.0810928345, 14.2966871262], [14.8790149689, -5.6336183548, -6.68863582611, 19.4910316467, 12.0128469467, -7.77650308609, -8.39707756042, 3.4558699131, -1.60172069073, 1.5523775816, -17.3963241577, 14.2966871262, 58.1785545349]],
        "icov": [[0.00034488804522, -0.00103029853199, 0.000938622863032, -0.00107473030221, 0.0015620108461, -0.000970178109128, 0.00114125269465, -0.000678119482473, 0.00078468141146, -0.000438080605818, 0.000698689080309, -0.000228004690143, 0.00033103156602], [-0.00103029853199, 0.00869284570217, -0.0052432436496, 0.0067549906671, -0.00838072039187, 0.00620096549392, -0.00582487229258, 0.00520836003125, -0.00475868536159, 0.00602280814201, -0.00655050342903, 0.00559904845431, -0.00397770898417], [0.000938622863032, -0.0052432436496, 0.00592799810693, -0.00528192101046, 0.0065012271516, -0.00465931929648, 0.00558353355154, -0.00391541281715, 0.00437060603872, -0.00303485407494, 0.00411305995658, -0.00399044156075, 0.00318837584928], [-0.00107473030221, 0.0067549906671, -0.00528192101046, 0.01019585412, -0.00857711676508, 0.00675670709461, -0.00605631293729, 0.00506041571498, -0.00400530127808, 0.00298414193094, -0.00225562672131, 0.00440809503198, -0.00354226003401], [0.0015620108461, -0.00838072039187, 0.0065012271516, -0.00857711676508, 0.0141303325072, -0.00810440536588, 0.00847588758916, -0.00750059681013, 0.00424901209772, -0.00312349456362, 0.00551072880626, -0.00302411033772, 0.00266913324594], [-0.000970178109128, 0.00620096549392, -0.00465931929648, 0.00675670709461, -0.00810440536588, 0.0121144521981, -0.00702927121893, 0.00335326930508, -0.000333835807396, 0.000940159487072, -0.00285612652078, 0.00421469751745, -0.0017957779346], [0.00114125269465, -0.00582487229258, 0.00558353355154, -0.00605631293729, 0.00847588758916, -0.00702927121893, 0.0113043403253, -0.00373803847469, 0.0040392242372, -0.00125304947142, 0.00114708347246, -0.00208899378777, 0.00197991752066], [-0.000678119482473, 0.00520836003125, -0.00391541281715, 0.00506041571498, -0.00750059681013, 0.00335326930508, -0.00373803847469, 0.0123544028029, -0.00270277750678, -0.000136507413117, -0.00417919456959, 0.00265074986964, -0.00271595176309], [0.00078468141146, -0.00475868536159, 0.00437060603872, -0.00400530127808, 0.00424901209772, -0.000333835807396, 0.0040392242372, -0.00270277750678, 0.0126493563876, -0.00677612330765, 0.00340896449052, -0.00262978719547, 0.0031990618445], [-0.000438080605818, 0.00602280814201, -0.00303485407494, 0.00298414193094, -0.00312349456362, 0.000940159487072, -0.00125304947142, -0.000136507413117, -0.00677612330765, 0.0193995013833, -0.00787227507681, 0.00583781627938, -0.00454824836925], [0.000698689080309, -0.00655050342903, 0.00411305995658, -0.00225562672131, 0.00551072880626, -0.00285612652078, 0.00114708347246, -0.00417919456959, 0.00340896449052, -0.00787227507681, 0.0235871020705, -0.0129478294402, 0.00984833668917], [-0.000228004690143, 0.00559904845431, -0.00399044156075, 0.00440809503198, -0.00302411033772, 0.00421469751745, -0.00208899378777, 0.00265074986964, -0.00262978719547, 0.00583781627938, -0.0129478294402, 0.0219432953745, -0.0100983530283], [0.00033103156602, -0.00397770898417, 0.00318837584928, -0.00354226003401, 0.00266913324594, -0.0017957779346, 0.00197991752066, -0.00271595176309, 0.0031990618445, -0.00454824836925, 0.00984833668917, -0.0100983530283, 0.0235636495054]]
    },
    "melbands": {
        "max": [0.00196790392511, 0.0114769320935, 0.0189935155213, 0.0126806711778, 0.0056015891023, 0.0134663907811, 0.0132824946195, 0.00926412921399, 0.00712680909783, 0.00375030469149, 0.00733862956986, 0.00263280933723, 0.00256703933701, 0.00113259861246, 0.00197573937476, 0.00158048910089, 0.00121475034393, 0.000873508688528, 0.000489785452373, 0.000428847764852, 0.000480749353301, 0.000304564338876, 0.000290597236017, 0.000295802834444, 0.000314075965434, 0.000229307988775, 0.000248784170253, 0.000239108820097, 0.000214529209188, 0.000331507588271, 0.000231545374845, 0.000204955533263, 0.000152262102347, 0.000139152107295, 0.000123674064525, 0.00024753404432, 0.000179138893145, 0.000249158445513, 8.96113779163e-05, 6.33577947156e-05],
        "mean": [0.000178617105121, 0.000523055845406, 0.00100511219352, 0.000885592366103, 0.000479035050375, 0.000342198443832, 0.000557155988645, 0.000610205752309, 0.000194362743059, 0.000191602346604, 0.00015688088024, 0.000105297571281, 7.19884992577e-05, 5.35153631063e-05, 6.29564674455e-05, 6.15478420514e-05, 4.13879279222e-05, 2.9917275242e-05, 2.14962910832e-05, 1.77492565854e-05, 2.46818672167e-05, 2.25700132432e-05, 1.87572404684e-05, 1.15829379865e-05, 8.88307931746e-06, 1.36593953357e-05, 1.20120230349e-05, 8.59198098624e-06, 8.38388586999e-06, 9.71216104517e-06, 8.31489614939e-06, 7.55227347327e-06, 5.57795692657e-06, 3.57405770046e-06, 2.45289720624e-06, 2.06170329875e-06, 1.36020560149e-06, 1.2643156424e-06, 8.96197889233e-07, 8.25458641884e-07],
        "min": [3.88926366668e-08, 3.07950607237e-08, 1.70378271491e-08, 1.2607241473e-08, 1.066813482e-08, 5.58844037712e-09, 3.87786824874e-09, 1.30855459801e-09, 1.18462895049e-09, 9.17393494504e-10, 6.44806208427e-10, 3.88998638856e-10, 3.05785285981e-10, 3.80543818679e-10, 3.80132397781e-10, 2.34595565196e-10, 2.10651829313e-10, 2.57093651923e-10, 3.15079295987e-10, 4.00948746426e-10, 3.59045820852e-10, 3.03652075706e-10, 2.86614260103e-10, 3.39566069707e-10, 2.96500490826e-10, 2.30591823414e-10, 3.15263481987e-10, 2.48642051393e-10, 2.4848836877e-10, 2.03293160084e-10, 2.28800395297e-10, 1.71387723458e-10, 1.27659605109e-10, 2.31656957506e-10, 2.77026401818e-10, 2.02954583695e-10, 1.51601148302e-10, 2.29952112907e-10, 2.46700992967e-10, 2.0956493485e-10],
        "stdev": [0.00023681994935, 0.000806846306659, 0.00159013422672, 0.000989202177152, 0.000536661653314, 0.000650822301395, 0.00116548896767, 0.00132435490377, 0.000467142788693, 0.000415165704908, 0.000365718180547, 0.000272520410363, 0.000169827020727, 0.000112771602289, 0.000137543887831, 0.000131039807457, 8.33661688375e-05, 5.82362736168e-05, 4.3837029807e-05, 3.45074149664e-05, 3.95381903218e-05, 2.97424248856e-05, 2.48459073191e-05, 1.84530708793e-05, 1.52845914272e-05, 2.35863062699e-05, 2.14984338527e-05, 1.73366806848e-05, 1.78977752512e-05, 2.11425394809e-05, 1.6681420675e-05, 1.38221548696e-05, 1.05877525129e-05, 8.02245176601e-06, 6.2322606027e-06, 7.99178269517e-06, 5.79232255404e-06, 7.96388940216e-06, 3.56078908226e-06, 2.77825802186e-06]
    },
    "melbands128": {
        "max": [0.000633170129731, 0.00167603057344, 0.00316848256625, 0.00410684803501, 0.009252499789, 0.0240886770189, 0.0283008776605, 0.0215958915651, 0.013713452965, 0.0144360903651, 0.0235977750272, 0.0103479875252, 0.00462597981095, 0.00705613614991, 0.0162309743464, 0.0264176297933, 0.0100580789149, 0.0249876230955, 0.0187136866152, 0.019076442346, 0.0174548532814, 0.00815141107887, 0.0123341912404, 0.0117736281827, 0.00728038046509, 0.00785738788545, 0.0095510724932, 0.0118285436183, 0.00810649152845, 0.00518451118842, 0.00297887297347, 0.00439324462786, 0.00513712735847, 0.00189003604464, 0.00224155443721, 0.00184238934889, 0.0052951676771, 0.00330245052464, 0.00290989759378, 0.00282375700772, 0.00229158578441, 0.00265536271036, 0.001937550609, 0.00114471837878, 0.00100256432779, 0.00131901272107, 0.00164311693516, 0.000698640476912, 0.000833145109937, 0.00143319542985, 0.000295001082122, 0.000502261624206, 0.00110113073606, 0.000477971014334, 0.000591268821154, 0.00061911175726, 0.000364651234122, 0.000460442126496, 0.000405635189964, 0.000307782407617, 0.000353771931259, 0.000564087589737, 0.00035827618558, 0.000425604026532, 0.000328680500388, 0.000393566966522, 0.00046034247498, 0.000477177585708, 0.000431888358435, 0.00022300244018, 0.000346521614119, 0.00050260318676, 0.000245895585977, 0.000274871126749, 0.000456826848676, 0.000321046274621, 0.000490892445669, 0.000299179955618, 0.00025261004339, 0.000268210831564, 0.000269435025984, 0.000172598432982, 0.000207104108995, 0.000142304299516, 0.000186280318303, 0.000207467746804, 0.000123165125842, 0.000130119573441, 0.000125244245282, 0.000238094522501, 0.000204519747058, 0.000313625234412, 0.000222774790018, 0.000116834540677, 0.000155463989358, 0.000299756007735, 0.000302026135614, 0.00018196250312, 0.000108995605842, 7.46930381865e-05, 7.70025726524e-05, 5.77507344133e-05, 5.44851536688e-05, 5.10378995386e-05, 2.72442292726e-07, 8.4016313906e-09, 7.560301718e-09, 7.02833036215e-09, 6.63449117866e-09, 6.33714591913e-09, 6.0268612323e-09, 5.7667866038e-09, 5.56734569557e-09, 5.38493560853e-09, 5.16706633036e-09, 4.99845453916e-09, 4.82473483387e-09, 4.69847494244e-09, 4.56292870155e-09, 4.44166836644e-09, 4.35004032795e-09, 4.24295043544e-09, 4.17594403501e-09, 4.1117438343e-09, 4.01178734677e-09, 3.9844580968e-09, 3.95710841872e-09, 3.94136900894e-09],
        "mean": [3.61684142263e-05, 0.00011646492203, 0.000219496359932, 0.000331777846441, 0.000408999971114, 0.000714798807167, 0.00110400642734, 0.00107102643233, 0.000920370337553, 0.000850968062878, 0.000970093999058, 0.000588359253015, 0.000317523314152, 0.000385062332498, 0.000315110315569, 0.000338340672897, 0.000398963253247, 0.000616575125605, 0.000665006344207, 0.00090315338457, 0.000438662158558, 0.00017805522657, 0.000179570197361, 0.000176352070412, 0.000176185334567, 0.000199349437025, 0.000236356412643, 0.000139924566611, 9.32560797082e-05, 0.000148508654092, 8.32716905279e-05, 7.31884065317e-05, 9.16796998354e-05, 4.710767098e-05, 6.05715722486e-05, 4.76233726658e-05, 5.94695302425e-05, 5.35184080945e-05, 7.99652916612e-05, 6.33828021819e-05, 4.77478133689e-05, 7.75682419771e-05, 3.94904964196e-05, 2.61688765022e-05, 2.69696738542e-05, 3.33248754032e-05, 3.3429107134e-05, 1.27758748931e-05, 2.00101421797e-05, 2.9536535294e-05, 9.89355703496e-06, 1.54438912432e-05, 2.41555717366e-05, 2.69755637419e-05, 3.19188002322e-05, 1.93460018636e-05, 1.60088893608e-05, 2.63543752226e-05, 1.62582364283e-05, 1.171923941e-05, 1.2350094039e-05, 1.08196700239e-05, 8.23600203148e-06, 8.2397582446e-06, 9.85063797998e-06, 1.32696404762e-05, 1.73850221472e-05, 1.38863597385e-05, 9.71907957137e-06, 1.06406432678e-05, 8.61762055138e-06, 7.87309727457e-06, 7.55827704779e-06, 7.96961194283e-06, 9.98720042844e-06, 1.00909846878e-05, 9.88969077298e-06, 8.16056126496e-06, 7.96136828285e-06, 8.51459208207e-06, 8.30736644275e-06, 6.87743295202e-06, 6.36918275632e-06, 5.69835674469e-06, 4.77260391563e-06, 3.82420512324e-06, 3.45183048012e-06, 2.48325159191e-06, 2.31868853007e-06, 2.42332816924e-06, 2.3686534405e-06, 1.94960489353e-06, 1.58723139521e-06, 1.36068945267e-06, 1.1467858485e-06, 1.32464037961e-06, 1.452019319e-06, 9.424134646e-07, 9.6712415143e-07, 7.29549867629e-07, 8.99114354524e-07, 7.46158491438e-07, 9.22502238154e-07, 5.22055927377e-07, 1.75843006822e-09, 2.42063556699e-11, 1.88417302593e-11, 1.76759579196e-11, 1.68228504044e-11, 1.61068953314e-11, 1.53964965777e-11, 1.48355217e-11, 1.44553449072e-11, 1.40354108544e-11, 1.3627967678e-11, 1.33237500893e-11, 1.28731157678e-11, 1.24547056696e-11, 1.21581503545e-11, 1.19878221932e-11, 1.18189997719e-11, 1.16423407373e-11, 1.14279835595e-11, 1.12024096596e-11, 1.10572670811e-11, 1.10670509215e-11, 1.1029383136e-11, 1.09098789031e-11],
        "min": [1.27992894061e-09, 1.24005019586e-08, 2.71989755163e-08, 1.81312422853e-08, 2.38581954193e-08, 1.54043000578e-08, 2.11241033554e-08, 6.68338184795e-09, 6.378507722e-10, 3.11927772501e-09, 5.83477621774e-09, 6.42628572578e-09, 3.32611893583e-09, 4.06332034686e-09, 9.89998638623e-10, 2.04770933543e-09, 4.03575040053e-09, 5.72426106515e-10, 8.70618743765e-10, 7.88879961355e-10, 1.25955490482e-09, 6.9166694594e-10, 8.28093593697e-10, 5.31291288741e-10, 6.86147139106e-10, 3.15590220623e-10, 4.36645136714e-10, 3.66621732972e-10, 4.57569038215e-10, 3.81076559197e-10, 1.87309126543e-10, 7.59695917285e-11, 2.81970446991e-10, 9.03026264876e-11, 6.19552187331e-11, 2.87954105005e-10, 2.44694237095e-10, 2.470229854e-10, 2.74931299948e-10, 1.97825950066e-10, 1.51510567981e-10, 1.35346261976e-10, 2.35371666601e-10, 1.79314035842e-10, 2.48111559076e-10, 6.45225747831e-11, 1.08574690905e-10, 1.28285798651e-10, 1.72147476829e-10, 1.65979494038e-10, 1.36469710532e-10, 2.95313357102e-10, 9.48897835307e-11, 1.82548295924e-10, 3.18523485365e-10, 1.46787970667e-10, 1.16481740919e-10, 1.56039930976e-10, 7.0618698389e-11, 1.8588101891e-10, 1.22050702878e-10, 2.33537911232e-10, 1.16407689044e-10, 1.64180946616e-10, 1.45529560625e-10, 1.18387535886e-10, 5.6699426404e-11, 1.90443799619e-10, 1.70415459522e-10, 2.4670668286e-10, 2.01809347011e-10, 1.25766091985e-10, 6.93984036904e-11, 1.91610990963e-10, 1.35091396403e-10, 1.54259438556e-10, 1.08669837018e-10, 1.34388444817e-10, 9.23525700358e-11, 1.46252121525e-10, 1.28105387409e-10, 1.37785477472e-10, 1.057773244e-10, 7.32215330035e-11, 8.41063260704e-11, 1.27616653356e-10, 1.39931538579e-10, 2.02845504282e-10, 1.6720798357e-10, 1.83775314411e-10, 8.18233189537e-11, 1.55117182987e-10, 1.82227039014e-10, 1.81731671378e-10, 9.66768540223e-11, 1.15016551838e-10, 1.52479098792e-10, 1.40150238637e-10, 2.09216755032e-10, 1.98052865774e-10, 1.19597637349e-10, 1.44660949886e-10, 1.87903748117e-10, 6.42867217793e-11, 1.88275740484e-12, 9.65090420774e-13, 9.56268050856e-13, 1.38457702335e-12, 1.0698960164e-12, 1.01499136786e-12, 1.09956163098e-12, 9.92628830694e-13, 1.19902297726e-12, 8.86710518379e-13, 1.12151401447e-12, 9.78634274312e-13, 1.30926302785e-12, 9.51975802875e-13, 1.0515125012e-12, 1.02507715857e-12, 6.89705345787e-13, 8.70161635889e-13, 7.15795153185e-13, 1.07018051105e-12, 1.18532538385e-12, 9.70964302884e-13, 1.18701901607e-12, 1.39903681088e-12],
        "stdev": [5.88303082623e-05, 0.000215436695726, 0.000330764392857, 0.000446168793133, 0.000654306786601, 0.0014406213304, 0.00229647639208, 0.00183927034959, 0.0012836640235, 0.00117113837041, 0.00143566029146, 0.000823140726425, 0.000396444171201, 0.000571587414015, 0.000773681036662, 0.00101061211899, 0.000914880423807, 0.00200303643942, 0.00151490280405, 0.00225533940829, 0.00151284772437, 0.000484748830786, 0.000673156813718, 0.000684680242557, 0.000534324615728, 0.000675218354445, 0.000684958591592, 0.000496740045492, 0.000384628947359, 0.000515021383762, 0.000260052707745, 0.000217988796066, 0.000297660881188, 0.000132232860778, 0.000211230566492, 0.000129673193442, 0.000226123869652, 0.000195427899598, 0.000188684236491, 0.000190835780813, 0.000175172986928, 0.000244338443736, 0.000105533530586, 6.87050705892e-05, 6.94915070198e-05, 8.39207641548e-05, 9.01367602637e-05, 4.15193571826e-05, 5.79229854338e-05, 9.20185120776e-05, 2.17915167013e-05, 3.36054436048e-05, 6.10640927334e-05, 4.99221896462e-05, 6.18597914581e-05, 3.95710303565e-05, 2.75127258647e-05, 4.30796280853e-05, 3.03431188513e-05, 2.25659841817e-05, 2.26954325626e-05, 2.77222952718e-05, 1.69585564436e-05, 1.90253449546e-05, 1.9014798454e-05, 2.82759338006e-05, 3.95964161726e-05, 3.10023278871e-05, 2.79495889117e-05, 1.97901717911e-05, 2.06675777008e-05, 2.37892963924e-05, 1.77430792974e-05, 1.89407128346e-05, 2.45346018346e-05, 2.25322983169e-05, 2.47130155913e-05, 1.7437756469e-05, 1.7650956579e-05, 1.9083970983e-05, 1.62603646459e-05, 1.28206766021e-05, 1.31036385937e-05, 1.11840599857e-05, 1.05326807898e-05, 9.93461253529e-06, 8.0256631918e-06, 6.83238795318e-06, 6.4259534156e-06, 8.05010586191e-06, 7.49791115595e-06, 9.82500114333e-06, 7.16571821613e-06, 4.46957983513e-06, 5.12254655405e-06, 9.59781027632e-06, 9.42652332014e-06, 6.29650003248e-06, 3.96467567043e-06, 2.73098612524e-06, 3.0246010283e-06, 2.79036112261e-06, 3.15712986776e-06, 2.07384937312e-06, 1.04173505378e-08, 3.1712318882e-10, 2.84216289392e-10, 2.64507027392e-10, 2.49865683699e-10, 2.38613490078e-10, 2.27173446721e-10, 2.17419179882e-10, 2.09895448244e-10, 2.02873870481e-10, 1.9489314329e-10, 1.88472834561e-10, 1.8200273233e-10, 1.7718795875e-10, 1.72112657459e-10, 1.67542507645e-10, 1.64061625396e-10, 1.60078880707e-10, 1.57488175279e-10, 1.55036872229e-10, 1.51320442288e-10, 1.50290446754e-10, 1.49259743454e-10, 1.48662152033e-10]
    },
    "mfcc": {
        "mean": [-641.301513672, 108.264472961, 4.22233819962, 25.7451515198, -7.70688486099, 2.85216259956, -9.09427452087, -1.94073522091, -5.26608276367, -6.51705694199, -1.16047418118, -0.774759113789, -3.88126564026],
        "cov": [[7648.93164062, -277.392883301, -227.728347778, -22.1912994385, -409.000976562, 76.7926483154, -137.272003174, -121.512054443, -55.66040802, -31.7404556274, -33.0024795532, -135.724990845, -212.513259888], [-277.392883301, 643.672790527, -13.8492441177, -63.7171363831, 49.1114578247, -51.0891075134, 3.19735097885, 40.7520217896, -29.9487285614, -80.5879669189, -6.52020215988, 45.2745437622, 48.5066070557], [-227.728347778, -13.8492441177, 579.740600586, 13.7223243713, -21.0522022247, -10.6447505951, 18.2313041687, -18.6695652008, -37.3327865601, -68.2617416382, -37.9873428345, 5.32143449783, -2.17144060135], [-22.1912994385, -63.7171363831, 13.7223243713, 325.207244873, 91.4692840576, -9.47913265228, -68.8654403687, -25.7520599365, 48.7860336304, -2.19329857826, -22.8454914093, -29.9951648712, 6.42581129074], [-409.000976562, 49.1114578247, -21.0522022247, 91.4692840576, 419.944030762, -36.0970535278, -38.9189796448, -28.8806285858, 68.4209823608, 38.0232849121, -26.6795253754, -12.5190238953, 33.0224227905], [76.7926483154, -51.0891075134, -10.6447505951, -9.47913265228, -36.0970535278, 157.861022949, 39.0045013428, 2.85435533524, -1.83879137039, 31.0843353271, -2.63563036919, -36.7340545654, -51.7084770203], [-137.272003174, 3.19735097885, 18.2313041687, -68.8654403687, -38.9189796448, 39.0045013428, 235.86517334, 60.2406082153, -10.1522455215, 13.3361301422, 1.95309174061, 8.28307151794, -37.3977394104], [-121.512054443, 40.7520217896, -18.6695652008, -25.7520599365, -28.8806285858, 2.85435533524, 60.2406082153, 97.3446884155, -3.71710729599, -23.4881057739, 6.45178031921, 11.7067775726, 4.28134346008], [-55.66040802, -29.9487285614, -37.3327865601, 48.7860336304, 68.4209823608, -1.83879137039, -10.1522455215, -3.71710729599, 103.478630066, 42.889995575, -15.2892742157, -10.1339912415, -1.89081382751], [-31.7404556274, -80.5879669189, -68.2617416382, -2.19329857826, 38.0232849121, 31.0843353271, 13.3361301422, -23.4881057739, 42.889995575, 135.12677002, 14.2708702087, -15.5787572861, -20.8435668945], [-33.0024795532, -6.52020215988, -37.9873428345, -22.8454914093, -26.6795253754, -2.63563036919, 1.95309174061, 6.45178031921, -15.2892742157, 14.2708702087, 83.2595291138, 24.2308139801, 10.784948349], [-135.724990845, 45.2745437622, 5.32143449783, -29.9951648712, -12.5190238953, -36.7340545654, 8.28307151794, 11.7067775726, -10.1339912415, -15.5787572861, 24.2308139801, 106.423713684, 46.2248001099], [-212.513259888, 48.5066070557, -2.17144060135, 6.42581129074, 33.0224227905, -51.7084770203, -37.3977394104, 4.28134346008, -1.89081382751, -20.8435668945, 10.784948349, 46.2248001099, 118.300369263]],
        "icov": [[0.000156161986524, 4.16682923969e-05, 9.10270246095e-05, 1.40758456837e-05, 0.000147261947859, 2.81102747977e-05, 8.6406012997e-05, 0.000192703926587, 1.38116529342e-05, 0.000119128191727, 6.98414514773e-05, 7.85497904872e-05, 0.000240020002821], [4.16682923969e-05, 0.00187141646165, 0.000182736592251, 0.00040727716987, -0.000381612131605, 0.000186640478205, 6.26018372714e-05, -0.000454856926808, 0.000262130401097, 0.00101875443943, 0.000284520938294, -0.000385858002119, -0.000178378846613], [9.10270246095e-05, 0.000182736592251, 0.00202739494853, -0.000101189660199, 8.02959621069e-05, 6.28762500128e-05, -0.000368383363821, 0.000883799453732, 0.000494455511216, 0.00106325233355, 0.000858928018715, -0.00020153108926, 0.000183611919056], [1.40758456837e-05, 0.00040727716987, -0.000101189660199, 0.00383399799466, -0.000575578655116, -5.49504839e-05, 0.00081376300659, 0.000237223517615, -0.0015376053052, 0.000928888795897, 0.000173574881046, 0.000766238372307, -0.000142644770676], [0.000147261947859, -0.000381612131605, 8.02959621069e-05, -0.000575578655116, 0.00320220948197, 0.000543211237527, -7.02920897311e-06, 0.000837158644572, -0.00136897026096, -0.000717406917829, 0.000682053039782, 0.000553381629288, -0.000661891710479], [2.81102747977e-05, 0.000186640478205, 6.28762500128e-05, -5.49504839e-05, 0.000543211237527, 0.00814862642437, -0.000789718527813, -0.00029584846925, 0.000681129051372, -0.00153701449744, 0.000101431738585, 0.00177552213427, 0.002186315367], [8.6406012997e-05, 6.26018372714e-05, -0.000368383363821, 0.00081376300659, -7.02920897311e-06, -0.000789718527813, 0.0060957390815, -0.0037980650086, 0.00053421757184, -0.00125214166474, 0.000603112508543, -0.00112517701928, 0.001972428523], [0.000192703926587, -0.000454856926808, 0.000883799453732, 0.000237223517615, 0.000837158644572, -0.00029584846925, -0.0037980650086, 0.0144192576408, -0.00186498905532, 0.00352723919787, -0.00113611039706, 0.00016406114446, -0.000918358506169], [1.38116529342e-05, 0.000262130401097, 0.000494455511216, -0.0015376053052, -0.00136897026096, 0.000681129051372, 0.00053421757184, -0.00186498905532, 0.0137992594391, -0.00446384306997, 0.00293670990504, -0.000436708302004, 0.000263127672952], [0.000119128191727, 0.00101875443943, 0.00106325233355, 0.000928888795897, -0.000717406917829, -0.00153701449744, -0.00125214166474, 0.00352723919787, -0.00446384306997, 0.011782345362, -0.0027745901607, 0.000610245740972, 0.000789399899077], [6.98414514773e-05, 0.000284520938294, 0.000858928018715, 0.000173574881046, 0.000682053039782, 0.000101431738585, 0.000603112508543, -0.00113611039706, 0.00293670990504, -0.0027745901607, 0.0147795472294, -0.0031205075793, -0.000469141348731], [7.85497904872e-05, -0.000385858002119, -0.00020153108926, 0.000766238372307, 0.000553381629288, 0.00177552213427, -0.00112517701928, 0.00016406114446, -0.000436708302004, 0.000610245740972, -0.0031205075793, 0.013250907883, -0.00427868310362], [0.000240020002821, -0.000178378846613, 0.000183611919056, -0.000142644770676, -0.000661891710479, 0.002186315367, 0.001972428523, -0.000918358506169, 0.000263127672952, 0.000789399899077, -0.000469141348731, -0.00427868310362, 0.0126235624775]]
    },
    "spectral_contrast_coeffs": {
        "max": [-0.475461065769, -0.375919759274, -0.494452476501, -0.576101481915, -0.48567199707, -0.509588241577],
        "mean": [-0.687078893185, -0.733691811562, -0.74215734005, -0.762626767159, -0.744501948357, -0.719399750233],
        "min": [-0.921766340733, -0.942714631557, -0.942622542381, -0.912934482098, -0.916362762451, -0.910779178143],
        "stdev": [0.0695455521345, 0.0878436490893, 0.0822998285294, 0.0660959109664, 0.0664261952043, 0.0619374401867]
    },
    "spectral_contrast_valleys": {
        "max": [-5.1515994072, -4.30937433243, -5.27015590668, -5.85160017014, -5.4473156929, -7.27081441879],
        "mean": [-6.81155776978, -6.70883369446, -7.72204685211, -7.98848390579, -7.87327671051, -10.3798780441],
        "min": [-11.2461662292, -11.5539693832, -12.3959999084, -12.3410596848, -12.0260744095, -13.5291528702],
        "stdev": [0.885222613811, 0.857863068581, 0.87101572752, 0.903022229671, 0.926732063293, 0.921261072159]
    }
},
"rhythm": {
    "beats_count": 75,
    "beats_loudness": {
        "max": 0.0874681994319,
        "mean": 0.0313065908849,
        "min": 1.14877263968e-06,
        "stdev": 0.021043876186
    },
    "bpm": 139.597457886,
    "bpm_histogram_first_peak_bpm": 140,
    "bpm_histogram_first_peak_weight": 0.363636374474,
    "bpm_histogram_second_peak_bpm": 152,
    "bpm_histogram_second_peak_spread": 0,
    "bpm_histogram_second_peak_weight": 0.0540540553629,
    "danceability": 1.34367918968,
    "onset_rate": 3.81445288658,
    "beats_loudness_band_ratio": {
        "max": [0.763285279274, 0.611945152283, 0.769226133823, 0.447656989098, 0.305322766304, 0.257482558489],
        "mean": [0.289484322071, 0.245835140347, 0.269377201796, 0.111248217523, 0.0810762569308, 0.0611520707607],
        "min": [0.00900162290782, 0.0494139268994, 0.0244599319994, 0.00379344262183, 0.00237945024855, 0.00294076302089],
        "stdev": [0.188641622663, 0.125145792961, 0.182702630758, 0.0926673263311, 0.0679981186986, 0.0508226566017]
    },
