{
"metadata": {
    "version": {
        "essentia": "2.1-beta5",
        "essentia_git_sha": "Undefined",
        "extractor": "music 2.0"
    },
    "audio_properties": {
        "analysis": {
            "equal_loudness": 0,
            "length": 48.7502937317,
            "sample_rate": 44100,
            "start_time": 61.4980506897,
            "downmix": "mix"
        },
        "bit_rate": 192000,
        "length": 160.043548584,
        "lossless": 0,
        "number_channels": 2,
        "replay_gain": -13.1046276093,
        "sample_rate": 48000,
        "codec": "mp3",
        "md5_encoded": "7808121fc1d0a2964daf928714745f9f"
    },
    "tags": {
        "file_name": "Norway_La Det Swinge_Bobbysocks.mp3",
        "encoding": ["Lavf58.29.100"]
    }
},
"lowlevel": {
    "average_loudness": 0.94888985157,
    "barkbands_crest": {
        "max": 18.3437080383,
        "mean": 6.71108436584,
        "min": 2.04238033295,
        "stdev": 2.57043290138
    },
    "barkbands_flatness_db": {
        "max": 0.17981043458,
        "mean": 0.0949119329453,
        "min": 0.04096512869,
        "stdev": 0.0231217388064
    },
    "barkbands_kurtosis": {
        "max": 11.7762928009,
        "mean": 0.0275636631995,
        "min": -1.756716609,
        "stdev": 1.53536856174
    },
    "barkbands_skewness": {
        "max": 3.31528902054,
        "mean": 0.613742887974,
        "min": -2.51806616783,
        "stdev": 0.676843345165
    },
    "barkbands_spread": {
        "max": 78.1422042847,
        "mean": 27.9519538879,
        "min": 7.54032325745,
        "stdev": 8.70954799652
    },
    "dissonance": {
        "max": 0.499999970198,
        "mean": 0.477078348398,
        "min": 0.231941193342,
        "stdev": 0.0155125102028
    },
    "dynamic_complexity": 1.7250636816,
    "erbbands_crest": {
        "max": 23.3589096069,
        "mean": 7.40705156326,
        "min": 2.47154545784,
        "stdev": 3.27328157425
    },
    "erbbands_flatness_db": {
        "max": 0.261415988207,
        "mean": 0.151820972562,
        "min": 0.0727262124419,
        "stdev": 0.0290024261922
    },
    "erbbands_kurtosis": {
        "max": 5.17965507507,
        "mean": -0.266026258469,
        "min": -1.59869158268,
        "stdev": 0.887224733829
    },
    "erbbands_skewness": {
        "max": 1.57879388332,
        "mean": -0.0894267559052,
        "min": -1.83509218693,
        "stdev": 0.512313842773
    },
    "erbbands_spread": {
        "max": 96.4359207153,
        "mean": 35.950466156,
        "min": 8.25488948822,
        "stdev": 12.6374502182
    },
    "hfc": {
        "max": 134.115203857,
        "mean": 27.986782074,
        "min": 0.801729202271,
        "stdev": 17.6312141418
    },
    "loudness_ebu128": {
        "integrated": -10.6548709869,
        "loudness_range": 2.61328411102,
        "momentary": {
            "max": -6.66551399231,
            "mean": -10.9414405823,
            "min": -15.3028755188,
            "stdev": 1.6011402607
        },
        "short_term": {
            "max": -8.60237216949,
            "mean": -10.6698303223,
            "min": -12.8755521774,
            "stdev": 0.924376487732
        }
    },
    "melbands_crest": {
        "max": 23.0243911743,
        "mean": 8.92903137207,
        "min": 3.22907233238,
        "stdev": 3.22691869736
    },
    "melbands_flatness_db": {
        "max": 0.248959228396,
        "mean": 0.124419175088,
        "min": 0.0236222036183,
        "stdev": 0.0323114208877
    },
    "melbands_kurtosis": {
        "max": 45.7916069031,
        "mean": 3.22040295601,
        "min": -1.64643609524,
        "stdev": 4.47450733185
    },
    "melbands_skewness": {
        "max": 5.63866519928,
        "mean": 1.490493536,
        "min": -0.519391179085,
        "stdev": 0.881862580776
    },
    "melbands_spread": {
        "max": 187.209442139,
        "mean": 38.9856796265,
        "min": 7.95729255676,
        "stdev": 16.7151165009
    },
    "pitch_salience": {
        "max": 0.844702839851,
        "mean": 0.636072397232,
        "min": 0.382818311453,
        "stdev": 0.077302031219
    },
    "silence_rate_20dB": {
        "max": 1,
        "mean": 1,
        "min": 1,
        "stdev": 0
    },
    "silence_rate_30dB": {
        "max": 1,
        "mean": 1,
        "min": 1,
        "stdev": 0
    },
    "silence_rate_60dB": {
        "max": 0,
        "mean": 0,
        "min": 0,
        "stdev": 0
    },
    "spectral_centroid": {
        "max": 4803.27197266,
        "mean": 1948.04528809,
        "min": 652.538696289,
        "stdev": 482.681335449
    },
    "spectral_complexity": {
        "max": 57,
        "mean": 27.9352684021,
        "min": 0,
        "stdev": 8.34374427795
    },
    "spectral_decrease": {
        "max": -8.09299224858e-11,
        "mean": -4.91296248128e-09,
        "min": -1.52096699679e-08,
        "stdev": 2.33005792438e-09
    },
    "spectral_energy": {
        "max": 0.0640213117003,
        "mean": 0.021081155166,
        "min": 0.000378168188035,
        "stdev": 0.010039197281
    },
    "spectral_energyband_high": {
        "max": 0.0170097798109,
        "mean": 0.00118101632688,
        "min": 2.27863729378e-05,
        "stdev": 0.00137780583464
    },
    "spectral_energyband_low": {
        "max": 0.0273922346532,
        "mean": 0.00239180610515,
        "min": 8.0407344285e-06,
        "stdev": 0.00282914633863
    },
    "spectral_energyband_middle_high": {
        "max": 0.0396985933185,
        "mean": 0.00929477997124,
        "min": 0.000259889202425,
        "stdev": 0.00689334003255
    },
    "spectral_energyband_middle_low": {
        "max": 0.03977740556,
        "mean": 0.00912776403129,
        "min": 8.32065416034e-05,
        "stdev": 0.00516114011407
    },
    "spectral_entropy": {
        "max": 8.8492193222,
        "mean": 7.76459217072,
        "min": 7.10234308243,
        "stdev": 0.213494196534
    },
    "spectral_flux": {
        "max": 0.200199306011,
        "mean": 0.0820876657963,
        "min": 0.0230239927769,
        "stdev": 0.028461791575
    },
    "spectral_kurtosis": {
        "max": 12.5328607559,
        "mean": 4.05501937866,
        "min": -0.455474615097,
        "stdev": 1.39627945423
    },
    "spectral_rms": {
        "max": 0.00790315214545,
        "mean": 0.00441018026322,
        "min": 0.000607408059295,
        "stdev": 0.00105702492874
    },
    "spectral_rolloff": {
        "max": 10809.6679688,
        "mean": 2423.20703125,
        "min": 258.3984375,
        "stdev": 1149.82873535
    },
    "spectral_skewness": {
        "max": 3.02660894394,
        "mean": 1.36434161663,
        "min": 0.36544290185,
        "stdev": 0.22311770916
    },
    "spectral_spread": {
        "max": 22916226,
        "mean": 4140096.75,
        "min": 2599514,
        "stdev": 1041093.25
    },
    "spectral_strongpeak": {
        "max": 9.9253578186,
        "mean": 1.46123886108,
        "min": 0,
        "stdev": 1.57599318027
    },
    "zerocrossingrate": {
        "max": 0.36328125,
        "mean": 0.0828098058701,
        "min": 0.025390625,
        "stdev": 0.0266111660749
    },
    "barkbands": {
        "max": [0.000945628446061, 0.00926111638546, 0.00910014659166, 0.0204463154078, 0.0150098893791, 0.0185637567192, 0.0123774446547, 0.0128776682541, 0.0170538462698, 0.0214370470494, 0.0156380832195, 0.0287362579256, 0.0186357460916, 0.0239328388125, 0.0165767800063, 0.0142738446593, 0.00695008086041, 0.00895847938955, 0.00696254940704, 0.0061051803641, 0.00470346398652, 0.00694994768128, 0.00795239862055, 0.00318794860505, 0.0021734428592, 0.00142464484088, 7.46203795643e-06],
        "mean": [5.70161610085e-05, 0.000762930023484, 0.00077081361087, 0.00131265749224, 0.00256208470091, 0.00154354737606, 0.00121877994388, 0.00106849905569, 0.00119552831165, 0.00116176530719, 0.00090578943491, 0.00121570355259, 0.000880176201463, 0.0010634198552, 0.0008919161628, 0.000655657262541, 0.000543299713172, 0.000908730668016, 0.000864757690579, 0.000591529416852, 0.000312776683131, 0.000224581090151, 0.000160972427693, 9.90079279291e-05, 7.29449748178e-05, 3.62194914487e-05, 5.72112597297e-08],
        "min": [2.71936713148e-08, 2.98800864584e-06, 2.83639991494e-07, 1.08849837943e-06, 6.845722055e-06, 4.44363786301e-06, 1.11250010377e-05, 5.39182292414e-06, 1.05097733467e-05, 1.52906413859e-05, 4.31017497249e-06, 1.38563736982e-05, 6.47739034321e-06, 1.45095627886e-05, 1.45198973769e-05, 1.38610876093e-05, 5.10445897817e-06, 2.47700954787e-05, 3.46074994013e-05, 8.93115156941e-06, 3.98157999371e-06, 1.52266204623e-06, 3.03188085127e-06, 1.63855406754e-06, 1.05114020243e-06, 3.57712536925e-07, 9.34638737932e-12],
        "stdev": [9.08148795133e-05, 0.00100312824361, 0.000955726252869, 0.002105954336, 0.00172374420799, 0.00196798774414, 0.00130942475516, 0.00120956008323, 0.00171722227242, 0.0020692627877, 0.00175599125214, 0.00204543885775, 0.00162961578462, 0.0017677503638, 0.00142096111085, 0.00111282698344, 0.000617876066826, 0.000983892008662, 0.000779266469181, 0.000592397002038, 0.000386830739444, 0.000435507012298, 0.000341861741617, 0.00021814891079, 0.000132423869218, 6.0537691752e-05, 2.78037617818e-07]
    },
    "erbbands": {
        "max": [0.395746737719, 1.75495123863, 7.38250589371, 54.9789276123, 44.7432556152, 74.5540313721, 97.1008148193, 212.599243164, 162.32270813, 198.600128174, 260.721221924, 389.101623535, 509.679077148, 495.569213867, 811.742004395, 909.921142578, 716.114013672, 860.128234863, 1006.21392822, 843.483093262, 592.610656738, 483.233428955, 448.303131104, 354.714355469, 259.995178223, 317.033477783, 284.387573242, 130.425765991, 241.481674194, 288.369689941, 172.879898071, 72.6319046021, 53.9952011108, 27.9688587189, 13.8028087616, 5.53933525085, 2.99008798599, 0.301562815905, 0.00539034698159, 0.00027945623151],
        "mean": [0.0235488004982, 0.168556019664, 0.69468742609, 3.29732394218, 5.42860937119, 9.2095708847, 10.5335330963, 14.3054275513, 16.7916946411, 19.1921520233, 23.6260490417, 21.8944396973, 39.8026657104, 39.0883369446, 38.2865982056, 42.9723472595, 40.0329971313, 50.2046813965, 48.8114395142, 43.7583274841, 37.7874298096, 34.4301834106, 47.282585144, 49.2501449585, 36.651424408, 26.9892520905, 17.3607311249, 9.43817710876, 8.49000549316, 5.90525722504, 4.41514968872, 2.6647298336, 1.35590445995, 0.846153259277, 0.512732446194, 0.199967473745, 0.0622884109616, 0.00441079353914, 0.000103970909549, 3.28067944793e-05],
        "min": [9.9922544905e-05, 0.000439495779574, 0.00133206357714, 0.00626543210819, 0.0118124401197, 0.0187619552016, 0.00919604115188, 0.049774967134, 0.134930208325, 0.234632879496, 0.182032287121, 0.518579423428, 0.379307478666, 0.381320714951, 0.485601663589, 0.551674664021, 0.36001598835, 0.771907448769, 0.764110803604, 1.20094275475, 0.50474178791, 0.376640915871, 1.44086360931, 3.12415552139, 1.94080162048, 0.472669482231, 0.175920575857, 0.133601441979, 0.0745198503137, 0.0883868709207, 0.0918365940452, 0.0423995777965, 0.0187589079142, 0.0117404973134, 0.0081656947732, 0.00297456164844, 0.000393660244299, 1.13913229143e-05, 3.31820547217e-06, 5.14899056725e-06],
        "stdev": [0.0392903424799, 0.199497297406, 0.769168913364, 5.22141075134, 4.75558280945, 7.67137384415, 9.25695610046, 20.0220794678, 19.2059555054, 19.2005653381, 25.4241733551, 29.0845584869, 63.6700935364, 62.0121383667, 65.6216583252, 74.702583313, 66.7650680542, 80.1603851318, 71.611618042, 63.7061080933, 55.0769348145, 37.3339157104, 49.7734031677, 43.2934112549, 30.4938735962, 26.4476985931, 21.0047950745, 12.5443906784, 16.5469284058, 12.918012619, 8.79443454742, 5.25590133667, 3.30930829048, 1.59267473221, 0.934624791145, 0.325559228659, 0.109880067408, 0.00943323690444, 0.000181944531505, 1.91740455193e-05]
    },
    "gfcc": {
        "mean": [35.1660423279, 76.8547058105, -141.534957886, 33.6553878784, -64.6603317261, 6.50785112381, -45.0554695129, 11.7065830231, -34.123134613, 3.18747019768, -18.0267982483, 0.910635888577, -14.9964742661],
        "cov": [[1223.28710938, -455.91619873, 27.0707607269, -14.3833055496, 7.59218025208, 138.680282593, 30.1838932037, -34.7726821899, -44.7334403992, 82.175453186, -73.2961502075, 62.1292266846, -50.4338150024], [-455.91619873, 487.573577881, -16.0385360718, 3.02838420868, 52.8251190186, -82.3209228516, 15.0012664795, -0.478381454945, 2.09688091278, -50.1866531372, 41.238910675, -58.9153327942, 27.8395061493], [27.0707607269, -16.0385360718, 404.439361572, 70.4239883423, -1.49179720879, 5.51180744171, -82.3223648071, 47.5087203979, -0.442137956619, 11.6865148544, -45.3938560486, 33.8934707642, -22.5348625183], [-14.3833055496, 3.02838420868, 70.4239883423, 137.26701355, 23.8862724304, -32.8387832642, -41.8066101074, -3.91882061958, 33.8913040161, -3.54834890366, -22.3502483368, 15.755115509, 1.3609597683], [7.59218025208, 52.8251190186, -1.49179720879, 23.8862724304, 112.510162354, 18.1405773163, 5.12576389313, 5.26985454559, -8.74710655212, 15.0710897446, 0.171183183789, -1.59708440304, 5.94205379486], [138.680282593, -82.3209228516, 5.51180744171, -32.8387832642, 18.1405773163, 122.350097656, 61.4797325134, -9.84209346771, -30.9078941345, 10.2541685104, 6.83145475388, 5.23986911774, -6.45587682724], [30.1838932037, 15.0012664795, -82.3223648071, -41.8066101074, 5.12576389313, 61.4797325134, 119.497375488, 10.5078439713, -33.0643005371, 0.485899716616, 17.3668937683, -8.43638420105, 2.36418914795], [-34.7726821899, -0.478381454945, 47.5087203979, -3.91882061958, 5.26985454559, -9.84209346771, 10.5078439713, 78.7621688843, 29.1920490265, 4.04515743256, -5.24161577225, 3.9673075676, 3.46690106392], [-44.7334403992, 2.09688091278, -0.442137956619, 33.8913040161, -8.74710655212, -30.9078941345, -33.0643005371, 29.1920490265, 83.0602798462, 14.4249973297, -7.40743112564, 7.24887943268, 3.01080155373], [82.175453186, -50.1866531372, 11.6865148544, -3.54834890366, 15.0710897446, 10.2541685104, 0.485899716616, 4.04515743256, 14.4249973297, 67.2702713013, 17.0099029541, 7.25771760941, -3.46063828468], [-73.2961502075, 41.238910675, -45.3938560486, -22.3502483368, 0.171183183789, 6.83145475388, 17.3668937683, -5.24161577225, -7.40743112564, 17.0099029541, 68.2029724121, 5.07551860809, 3.10420942307], [62.1292266846, -58.9153327942, 33.8934707642, 15.755115509, -1.59708440304, 5.23986911774, -8.43638420105, 3.9673075676, 7.24887943268, 7.25771760941, 5.07551860809, 64.7883987427, 10.2971315384], [-50.4338150024, 27.8395061493, -22.5348625183, 1.3609597683, 5.94205379486, -6.45587682724, 2.36418914795, 3.46690106392, 3.01080155373, -3.46063828468, 3.10420942307, 10.2971315384, 51.4015541077]],
        "icov": [[0.00162345019635, 0.00069859722862, 0.000496300577652, -0.000122441459098, 3.98509400839e-05, -0.00107357429806, 0.000232896520174, 7.1505222877e-05, 0.00122130149975, -0.00206017750315, 0.00235636043362, -0.00131752039306, 0.00119175645523], [0.00069859722862, 0.00786746945232, -0.00545391859487, 0.00393716944382, -0.00765296583995, 0.00955723598599, -0.00955394282937, 0.00875199213624, -0.0082244835794, 0.00871049333364, -0.00757008092478, 0.00680776732042, -0.00397518463433], [0.000496300577652, -0.00545391859487, 0.0101935351267, -0.00652622897178, 0.0078502157703, -0.011335353367, 0.013634567149, -0.0135852163658, 0.0129731176421, -0.0101606240496, 0.00931827630848, -0.00738295866176, 0.00551287084818], [-0.000122441459098, 0.00393716944382, -0.00652622897178, 0.0147291338071, -0.00864607188851, 0.00942674372345, -0.00816773343831, 0.0115726189688, -0.0127207590267, 0.00810253992677, -0.00341282295994, 0.0019825308118, -0.00262552057393], [3.98509400839e-05, -0.00765296583995, 0.0078502157703, -0.00864607188851, 0.0193562153727, -0.0136397741735, 0.0128975948319, -0.0137335378677, 0.0143485041335, -0.0137085448951, 0.00933513697237, -0.00620303675532, 0.00315238838084], [-0.00107357429806, 0.00955723598599, -0.011335353367, 0.00942674372345, -0.0136397741735, 0.0290635321289, -0.0231295544654, 0.0183826442808, -0.0150548294187, 0.0137557378039, -0.0124104358256, 0.00853143725544, -0.00554937589914], [0.000232896520174, -0.00955394282937, 0.013634567149, -0.00816773343831, 0.0128975948319, -0.0231295544654, 0.0332700423896, -0.023285234347, 0.0220031049103, -0.0146240303293, 0.0108604114503, -0.00874941237271, 0.00606457423419], [7.1505222877e-05, 0.00875199213624, -0.0135852163658, 0.0115726189688, -0.0137335378677, 0.0183826442808, -0.023285234347, 0.0357159040868, -0.0253017898649, 0.014477821067, -0.0102540114895, 0.00825565680861, -0.00695163477212], [0.00122130149975, -0.0082244835794, 0.0129731176421, -0.0127207590267, 0.0143485041335, -0.0150548294187, 0.0220031049103, -0.0253017898649, 0.0371785610914, -0.020224807784, 0.0142358699813, -0.0104011986405, 0.0065066376701], [-0.00206017750315, 0.00871049333364, -0.0101606240496, 0.00810253992677, -0.0137085448951, 0.0137557378039, -0.0146240303293, 0.014477821067, -0.020224807784, 0.0341356173158, -0.0192782748491, 0.00985984690487, -0.00572767341509], [0.00235636043362, -0.00757008092478, 0.00931827630848, -0.00341282295994, 0.00933513697237, -0.0124104358256, 0.0108604114503, -0.0102540114895, 0.0142358699813, -0.0192782748491, 0.0315296500921, -0.0128782633692, 0.00668578641489], [-0.00131752039306, 0.00680776732042, -0.00738295866176, 0.0019825308118, -0.00620303675532, 0.00853143725544, -0.00874941237271, 0.00825565680861, -0.0104011986405, 0.00985984690487, -0.0128782633692, 0.0264192763716, -0.00987660326064], [0.00119175645523, -0.00397518463433, 0.00551287084818, -0.00262552057393, 0.00315238838084, -0.00554937589914, 0.00606457423419, -0.00695163477212, 0.0065066376701, -0.00572767341509, 0.00668578641489, -0.00987660326064, 0.0251999609172]]
    },
    "melbands": {
        "max": [0.00296725891531, 0.00335441203788, 0.00741808116436, 0.00366143812425, 0.00258551654406, 0.00432482082397, 0.00266189011745, 0.00244349357672, 0.00194700236898, 0.00261969328858, 0.00277088489383, 0.00222636177205, 0.00235602306202, 0.00420034164563, 0.00153641914949, 0.00247380137444, 0.0017462548567, 0.00231220549904, 0.0018625096418, 0.00122837699018, 0.000683149381075, 0.000574221543502, 0.000321380095556, 0.000522339716554, 0.00029750430258, 0.000370919995476, 0.000266346032731, 0.000218904708163, 0.000237640066189, 7.37598529668e-05, 8.6485146312e-05, 0.0001705505274, 0.00011873418407, 0.000198662135517, 0.00012316282664, 8.05178133305e-05, 5.10649297212e-05, 4.11933106079e-05, 3.57880380761e-05, 2.24225877901e-05],
        "mean": [0.000211119418964, 0.000349377602106, 0.000597196281888, 0.00053297233535, 0.000386044965126, 0.000315398530802, 0.000258642336121, 0.000223737195483, 0.000176521964022, 0.000154708570335, 0.000204840820516, 0.000162720083608, 0.000123359917779, 0.000137843308039, 8.94499607966e-05, 0.000101840902062, 8.93601390999e-05, 7.98601467977e-05, 7.39991737646e-05, 4.58348840766e-05, 4.1572831833e-05, 3.6239871406e-05, 3.29837748723e-05, 4.5960125135e-05, 3.95906972699e-05, 3.26393892465e-05, 2.20211531996e-05, 1.6781506929e-05, 1.26482400447e-05, 6.65130619382e-06, 4.78111724078e-06, 5.10511563334e-06, 3.91049479731e-06, 3.05884987029e-06, 2.62641106019e-06, 2.11699716601e-06, 1.43615363868e-06, 9.80756340141e-07, 7.59950069096e-07, 6.94749871855e-07],
        "min": [9.32711202495e-07, 7.48003344597e-07, 1.67774658166e-06, 1.77687343239e-06, 3.62435201851e-07, 1.12589032142e-06, 2.13907378566e-06, 1.72788907093e-06, 1.48678645928e-06, 1.50750940975e-06, 1.41809005072e-06, 1.56037924626e-06, 1.35452955874e-06, 1.62809874382e-06, 3.85919037171e-07, 9.02208910247e-07, 1.13330077056e-06, 9.77208856057e-07, 1.29526051751e-06, 1.41988823543e-06, 3.36990240157e-07, 3.30040620611e-07, 4.3936015004e-07, 1.45021203934e-06, 2.11707856579e-06, 1.21060998026e-06, 7.60965576774e-07, 1.98947191166e-07, 1.34013831143e-07, 4.59912214978e-08, 6.64502266545e-08, 2.95490441005e-08, 2.49849598788e-08, 3.25405835611e-08, 5.29137658134e-08, 3.68508565884e-08, 1.72388538999e-08, 1.25787824601e-08, 7.39574801401e-09, 8.17919776352e-09],
        "stdev": [0.000306551606627, 0.000367461325368, 0.00077441992471, 0.000401524681365, 0.000300372747006, 0.000420443888288, 0.00027678348124, 0.000217228531255, 0.00018766708672, 0.000223933646339, 0.000335212302161, 0.000264965521637, 0.000229759782087, 0.000266003393335, 0.000162076641573, 0.000193627303815, 0.000153306900756, 0.000142338496516, 0.000132421322633, 8.31530996948e-05, 6.4278683567e-05, 4.57289352198e-05, 3.6837074731e-05, 5.43305613974e-05, 3.71505011572e-05, 3.12338925141e-05, 2.20914935198e-05, 1.85415628948e-05, 1.71471747308e-05, 7.98053770268e-06, 7.12778637535e-06, 1.0348442629e-05, 7.88843408372e-06, 7.44202043279e-06, 5.54527059649e-06, 4.0834702304e-06, 3.08106245939e-06, 2.59344324149e-06, 1.67648943261e-06, 1.29821660266e-06]
    },
    "melbands128": {
        "max": [0.000820984016173, 0.00350489863195, 0.00404949625954, 0.00290041370317, 0.00319776753895, 0.0059408750385, 0.0142856296152, 0.00796288251877, 0.0046946676448, 0.00490564340726, 0.00550292478874, 0.00329958624206, 0.00413542473689, 0.00423347949982, 0.00637730117887, 0.00611682515591, 0.00447709253058, 0.00355192529969, 0.00438130367547, 0.0032720011659, 0.00430790521204, 0.00429107621312, 0.00285112252459, 0.00292252073996, 0.0029336058069, 0.00429897848517, 0.00688271550462, 0.00344144785777, 0.00742052402347, 0.0047165681608, 0.00341263436712, 0.00496615562588, 0.00492587639019, 0.00616169022396, 0.00778643740341, 0.00538148311898, 0.00359896174632, 0.00334432628006, 0.00224242778495, 0.00264017074369, 0.00483761262149, 0.00325395492837, 0.00304928119294, 0.00480850506574, 0.00641501601785, 0.00259837904014, 0.00223803543486, 0.00372761627659, 0.00255730049685, 0.00219758925959, 0.00175624329131, 0.00264221290126, 0.00150950695388, 0.000967517844401, 0.000801652960945, 0.00107661704533, 0.000561293796636, 0.000394882052206, 0.000735485751648, 0.00104514730629, 0.000859032152221, 0.00156971917022, 0.000652519229334, 0.000553180987481, 0.00106685701758, 0.000672306166962, 0.000215833206312, 0.000317980331602, 0.000433823268395, 0.000317186233588, 0.000395003415179, 0.000316015677527, 0.00030983806937, 0.000437302485807, 0.000201443006517, 0.000111633751658, 9.27747532842e-05, 0.000112511144835, 0.000101157791505, 0.000142117161886, 0.000248658499913, 0.000235253304709, 0.000127217324916, 0.000163209013408, 0.000130564149003, 0.000196728622541, 0.000290600175504, 0.000255721184658, 0.000167568650795, 8.69911818882e-05, 0.000154949273565, 0.000113777270599, 6.24503591098e-05, 5.47926101717e-05, 5.97701437073e-05, 6.47378110443e-05, 4.95575186505e-05, 3.56005621143e-05, 6.58806820866e-05, 3.48588037014e-05, 2.18114528252e-05, 2.53037815128e-05, 3.18043748848e-05, 3.31021619786e-05, 1.58065304277e-05, 1.27095017888e-05, 1.65763376572e-05, 1.1009771697e-05, 1.17769550343e-05, 7.411815659e-06, 1.0180042409e-05, 8.02881186246e-06, 1.27996127048e-05, 9.04358512344e-06, 9.36861397349e-06, 1.22574510897e-06, 3.1194340977e-07, 4.42594538796e-09, 4.31383950783e-09, 4.21807078155e-09, 4.12745926326e-09, 4.04182332048e-09, 3.96238641898e-09, 3.89642673682e-09, 3.84072107451e-09, 3.79630060721e-09, 3.76382436329e-09, 3.7433154354e-09],
        "mean": [5.01754402649e-05, 0.000187604411622, 0.000271781958872, 0.000271163095022, 0.000257253588643, 0.000439332361566, 0.000731121923309, 0.000568717485294, 0.000518402492162, 0.000575845246203, 0.000519734574482, 0.000448425300419, 0.000370994210243, 0.000265957583906, 0.00032104543061, 0.000347935449099, 0.00028724555159, 0.000225891722948, 0.000255465274677, 0.000182172021596, 0.000230238802033, 0.000288331822958, 0.000144424760947, 0.000114412832772, 9.1459514806e-05, 0.000181627561687, 0.000270234449999, 0.000142673496157, 0.000258296407992, 0.000139954659971, 0.000151734318933, 0.000156389127369, 0.000103432161268, 9.81651028269e-05, 0.000186470133485, 0.000135019232403, 8.09668417787e-05, 0.000124164507724, 5.49843753106e-05, 7.60102193453e-05, 0.000120015865832, 0.000125900260173, 8.68402930791e-05, 5.65176051168e-05, 0.000120953838632, 7.01095050317e-05, 5.1369483117e-05, 0.000100038269011, 6.94915215718e-05, 4.44566649094e-05, 4.3582633225e-05, 4.13587185903e-05, 5.83477667533e-05, 3.26463778038e-05, 2.7281443181e-05, 4.88573605253e-05, 3.06517249555e-05, 1.89454585779e-05, 3.98182237404e-05, 4.94801279274e-05, 4.79007831018e-05, 4.29249921581e-05, 3.41183804267e-05, 3.53421710315e-05, 5.59624786547e-05, 3.2316056604e-05, 1.83831289178e-05, 2.49534969043e-05, 2.28967510338e-05, 1.8871811335e-05, 1.58359634952e-05, 1.79468715942e-05, 1.312625227e-05, 1.40070287671e-05, 7.90691410657e-06, 6.57098371448e-06, 6.218947874e-06, 5.98549604547e-06, 3.86576266465e-06, 4.17637374994e-06, 6.14047257841e-06, 4.63532160211e-06, 4.54565633845e-06, 4.08522464568e-06, 3.26338386003e-06, 2.92071922559e-06, 3.26901590597e-06, 2.82784208139e-06, 2.55177064901e-06, 2.4371793188e-06, 2.44708644459e-06, 1.98038605959e-06, 1.72027262124e-06, 1.46568129367e-06, 1.27178213916e-06, 1.00057263808e-06, 1.0168901099e-06, 7.5556175716e-07, 7.94359948486e-07, 7.20508751328e-07, 7.10447238816e-07, 6.66252390147e-07, 7.0265798513e-07, 7.27070244011e-07, 6.13680128936e-07, 4.98176859764e-07, 3.94224969114e-07, 3.69753394125e-07, 3.38164994673e-07, 3.11032806621e-07, 2.80772752603e-07, 2.32878377915e-07, 1.99017335945e-07, 1.59579670367e-07, 1.0073640766e-07, 1.96216429771e-08, 2.27940355479e-09, 1.41180522134e-11, 7.92113943882e-12, 7.68860322631e-12, 7.48475587065e-12, 7.29873800287e-12, 7.13600662935e-12, 6.97771137745e-12, 6.76441931982e-12, 6.51708808447e-12, 6.37287575142e-12, 6.32373710688e-12],
        "min": [1.20890968347e-08, 1.07706540575e-07, 4.58355629007e-07, 4.64971719794e-07, 2.48152190352e-07, 1.07967949248e-07, 5.90172021475e-07, 5.81628228247e-07, 2.91049047974e-07, 1.89682452856e-06, 8.60150862536e-07, 3.98087138365e-07, 4.47712906748e-08, 2.57019934224e-07, 8.68502922913e-07, 6.80942434883e-07, 1.63629329109e-06, 1.05326216726e-06, 1.02667638657e-06, 7.78152525527e-07, 8.15373823571e-07, 5.85644102102e-07, 3.65503694866e-07, 3.42421060395e-07, 8.80910704382e-07, 8.14356553747e-07, 1.81822855438e-07, 5.43653015939e-07, 1.99899389486e-07, 4.07726815865e-07, 9.34191916713e-07, 5.04541958435e-07, 3.51350337269e-07, 2.10309465842e-07, 9.36765104598e-07, 5.50438869595e-07, 2.39754342601e-07, 1.04782756694e-07, 2.1514023274e-07, 2.86324365106e-07, 4.1299497866e-07, 4.01644768999e-07, 2.82246276129e-07, 1.69486298773e-07, 2.88297741236e-07, 4.00211632723e-07, 3.77562628273e-07, 3.57490932856e-07, 4.70567897537e-07, 3.91687024148e-07, 4.27896253541e-07, 3.2068342648e-07, 5.02017599047e-07, 5.92629305629e-08, 2.90673426662e-07, 3.46256143757e-07, 4.52948825114e-07, 1.89528861938e-07, 1.81097860263e-07, 6.57235375456e-07, 1.15185923732e-06, 6.65584138915e-07, 8.5381941517e-07, 1.01880903003e-06, 3.17134464467e-07, 6.08845937222e-07, 4.25916283575e-07, 2.83001838852e-07, 3.51036845814e-07, 9.94311335489e-08, 1.9780203786e-07, 9.74995089109e-08, 9.92414683765e-08, 1.13399799773e-07, 4.13737168969e-08, 1.71699667817e-08, 5.21076977122e-08, 3.26822586771e-08, 2.3298076357e-08, 3.00164870737e-08, 3.39123822357e-08, 1.6569737582e-08, 1.57993618188e-08, 9.97359972388e-09, 2.06900754307e-08, 2.34178543224e-08, 2.17162519078e-08, 3.11266354913e-08, 3.93585466441e-08, 3.37377734638e-08, 2.90767143696e-08, 2.83475998231e-08, 1.57370170228e-08, 1.53494585931e-08, 3.77453401867e-09, 5.37954614188e-09, 9.81646852694e-09, 6.03936811672e-09, 6.22545792694e-09, 6.96831126135e-09, 6.2805196599e-09, 6.14952577749e-09, 5.7845745971e-09, 9.49168743603e-09, 8.44260750199e-09, 3.12034842409e-09, 4.06889455462e-09, 5.02972596905e-09, 4.62518245925e-09, 3.37250916083e-09, 2.67689026501e-09, 2.20851781307e-09, 1.0430064451e-10, 1.02290204085e-10, 4.80485063629e-13, 4.29145176968e-14, 3.14851565501e-14, 3.2192788203e-14, 2.73866351689e-14, 2.78814464057e-14, 2.87466414334e-14, 2.47542465042e-14, 2.534076261e-14, 2.70175066808e-14, 1.8710678284e-14, 8.28911100864e-15, 1.02074394638e-15, 3.18406765539e-17],
        "stdev": [8.39685817482e-05, 0.000346271524904, 0.000434911373304, 0.000316385034239, 0.000302175467368, 0.000585924484767, 0.00129071925767, 0.000838240317535, 0.00051547633484, 0.00056338252034, 0.000574867124669, 0.000397437048377, 0.000380387966288, 0.000411145447288, 0.00055036006961, 0.000574806123041, 0.000441865384346, 0.000300616084132, 0.000383199105272, 0.000271661876468, 0.000301948661217, 0.000420070864493, 0.000212932282011, 0.000201600007131, 0.000192312247236, 0.000321006897138, 0.000596859259531, 0.000289624906145, 0.000596565718297, 0.000320421007928, 0.000343958789017, 0.000381064077374, 0.000329152069753, 0.000314238510327, 0.000400238786824, 0.000411033106502, 0.000226658899919, 0.000281922460999, 0.000167525067809, 0.000208770943573, 0.00030528526986, 0.000272697536275, 0.00022627254657, 0.000197534041945, 0.000321923347656, 0.000173305816134, 0.000127181323478, 0.000238017411903, 0.000161155257956, 0.0001064575481, 0.000121954544738, 0.000113624053483, 0.000121626930195, 7.20692187315e-05, 4.74853659398e-05, 8.45742906677e-05, 4.29675528721e-05, 2.73184487014e-05, 6.55799085507e-05, 7.75382650318e-05, 7.90157282609e-05, 9.2595735623e-05, 4.99212437717e-05, 4.6663768444e-05, 8.71027441463e-05, 4.22312732553e-05, 2.25114526984e-05, 3.32190829795e-05, 3.11122566927e-05, 2.66655606538e-05, 2.44172060775e-05, 2.93214743579e-05, 2.39128567046e-05, 2.56459043158e-05, 1.29010595629e-05, 1.0198596101e-05, 9.98686209641e-06, 9.89735417534e-06, 6.78092737871e-06, 9.37558525038e-06, 1.32028217195e-05, 1.1903945051e-05, 1.00432662293e-05, 8.55816324474e-06, 7.34083869247e-06, 7.92809714767e-06, 9.1977935881e-06, 7.65700042393e-06, 5.75541662329e-06, 4.8636225074e-06, 5.47294985154e-06, 4.3929471758e-06, 3.52434835804e-06, 3.30735633725e-06, 3.05768207909e-06, 3.13848704536e-06, 2.76368200502e-06, 1.94762583305e-06, 2.16134412767e-06, 1.48400022226e-06, 1.23622521642e-06, 1.32332888825e-06, 1.65066182944e-06, 1.64301002314e-06, 1.1615038602e-06, 8.446368156e-07, 7.99169526999e-07, 6.55133874261e-07, 5.93838535679e-07, 5.11288476446e-07, 4.66945266453e-07, 3.7028985389e-07, 4.26101934181e-07, 3.27021353996e-07, 2.64340627609e-07, 4.63042511001e-08, 1.10781988027e-08, 1.66675048763e-10, 1.34056946099e-10, 1.30992897085e-10, 1.28133573196e-10, 1.2542723804e-10, 1.22934717961e-10, 1.20826404437e-10, 1.18950654882e-10, 1.17448412107e-10, 1.16413753637e-10, 1.15776631338e-10]
    },
    "mfcc": {
        "mean": [-598.519348145, 104.821296692, -20.0048160553, 23.7792434692, -3.62864995003, -4.69143772125, -1.30701708794, 0.830684900284, -9.64556312561, 1.4964594841, -3.61861157417, -5.41255426407, -3.43462562561],
        "cov": [[1220.81152344, -405.145263672, -72.8893585205, -102.287086487, -65.6000289917, 146.835800171, 37.415977478, -19.3632583618, 33.512424469, -32.300655365, 17.0936870575, 11.6457128525, 13.2819213867], [-405.145263672, 422.566009521, -28.0432796478, 42.8828048706, 20.7654666901, -58.0276985168, 41.6267547607, -0.208199888468, -23.6824436188, 25.7591133118, -9.37203788757, -14.0483503342, -21.4731941223], [-72.8893585205, -28.0432796478, 321.32333374, 42.0591697693, 67.322052002, -18.3833007812, -49.3538131714, 8.92875766754, 21.7263526917, -35.7834510803, 11.2299585342, 8.11995887756, 2.76943063736], [-102.287086487, 42.8828048706, 42.0591697693, 160.883239746, 65.9851608276, -28.4164676666, -61.0593185425, -8.80369758606, 21.6505870819, -23.5723190308, 0.630940318108, 4.54106330872, 9.26273345947], [-65.6000289917, 20.7654666901, 67.322052002, 65.9851608276, 132.259002686, -6.627617836, -43.8537979126, -10.8638238907, 15.0674962997, -7.34442281723, -0.991768419743, 0.920204997063, 8.31962299347], [146.835800171, -58.0276985168, -18.3833007812, -28.4164676666, -6.627617836, 113.269943237, 49.4025917053, -2.74642586708, -4.10249137878, -14.9905195236, 1.05797302723, 2.53319311142, 6.16423940659], [37.415977478, 41.6267547607, -49.3538131714, -61.0593185425, -43.8537979126, 49.4025917053, 149.763580322, 14.8350095749, -19.9723415375, 20.8882904053, -7.33381652832, -3.52266216278, -9.22404575348], [-19.3632583618, -0.208199888468, 8.92875766754, -8.80369758606, -10.8638238907, -2.74642586708, 14.8350095749, 72.1949539185, 17.6565055847, -5.09998416901, 0.148985475302, -7.34211778641, 4.74187040329], [33.512424469, -23.6824436188, 21.7263526917, 21.6505870819, 15.0674962997, -4.10249137878, -19.9723415375, 17.6565055847, 76.5298080444, 1.68919622898, -3.6684179306, -0.246479198337, 4.95578718185], [-32.300655365, 25.7591133118, -35.7834510803, -23.5723190308, -7.34442281723, -14.9905195236, 20.8882904053, -5.09998416901, 1.68919622898, 82.4399871826, 6.68621730804, -9.66750717163, -11.9963598251], [17.0936870575, -9.37203788757, 11.2299585342, 0.630940318108, -0.991768419743, 1.05797302723, -7.33381652832, 0.148985475302, -3.6684179306, 6.68621730804, 66.5915298462, 16.7039871216, -1.33023905754], [11.6457128525, -14.0483503342, 8.11995887756, 4.54106330872, 0.920204997063, 2.53319311142, -3.52266216278, -7.34211778641, -0.246479198337, -9.66750717163, 16.7039871216, 52.2745361328, 18.6431121826], [13.2819213867, -21.4731941223, 2.76943063736, 9.26273345947, 8.31962299347, 6.16423940659, -9.22404575348, 4.74187040329, 4.95578718185, -11.9963598251, -1.33023905754, 18.6431121826, 52.508140564]],
        "icov": [[0.00144962954801, 0.00120114232413, 0.000346557091689, 0.000362483027857, 0.000185631593922, -0.000903115374967, -0.000349621026544, 0.000721094256733, -0.000845151604153, 0.000527242547832, -0.000443901371909, 0.000232930440689, 9.86488012131e-05], [0.00120114232413, 0.00414782343432, 0.000588322640397, -0.000897605437785, -0.000619804777671, 0.00136640190613, -0.00223964522593, 0.000510247133207, 0.000271049677394, 0.000157457194291, -0.000201095579541, 0.000491005950607, 0.000848979980219], [0.000346557091689, 0.000588322640397, 0.00394458789378, 0.00025879291934, -0.00189377367496, 0.000575867074076, 9.7778502095e-05, -0.000404999271268, -0.000768432859331, 0.00178421265446, -0.000838831416331, -0.000268589414191, 0.000739707029425], [0.000362483027857, -0.000897605437785, 0.00025879291934, 0.00975948292762, -0.00339866802096, 0.000792970764451, 0.00209345226176, 0.00115127151366, -0.00232397322543, 0.00271162204444, -0.000615230528638, 4.26560873166e-05, -0.000676724943332], [0.000185631593922, -0.000619804777671, -0.00189377367496, -0.00339866802096, 0.0111619923264, -0.00208449107595, 0.0020208300557, 0.00127020548098, -0.000698035990354, -0.0015026468318, 0.000563185079955, 0.000628322304692, -0.00137079646811], [-0.000903115374967, 0.00136640190613, 0.000575867074076, 0.000792970764451, -0.00208449107595, 0.0139279263094, -0.00569461937994, 0.00173780566547, -0.000343538704328, 0.00363775505684, -0.00128606369253, 0.00123193825129, -0.0014515875373], [-0.000349621026544, -0.00223964522593, 9.7778502095e-05, 0.00209345226176, 0.0020208300557, -0.00569461937994, 0.0119111612439, -0.00321985408664, 0.00206483225338, -0.00310236215591, 0.00209039938636, -0.00183693564031, 0.00133111001924], [0.000721094256733, 0.000510247133207, -0.000404999271268, 0.00115127151366, 0.00127020548098, 0.00173780566547, -0.00321985408664, 0.0173201020807, -0.00531569030136, 0.00294020096771, -0.00220981193706, 0.00439022714272, -0.00313179567456], [-0.000845151604153, 0.000271049677394, -0.000768432859331, -0.00232397322543, -0.000698035990354, -0.000343538704328, 0.00206483225338, -0.00531569030136, 0.0164474863559, -0.00303924153559, 0.00214344379492, -0.0011616217671, -1.11423414637e-05], [0.000527242547832, 0.000157457194291, 0.00178421265446, 0.00271162204444, -0.0015026468318, 0.00363775505684, -0.00310236215591, 0.00294020096771, -0.00303924153559, 0.0162076931447, -0.00342621095479, 0.00313425553031, 0.0011492370395], [-0.000443901371909, -0.000201095579541, -0.000838831416331, -0.000615230528638, 0.000563185079955, -0.00128606369253, 0.00209039938636, -0.00220981193706, 0.00214344379492, -0.00342621095479, 0.0178462043405, -0.00722937611863, 0.00284518697299], [0.000232930440689, 0.000491005950607, -0.000268589414191, 4.26560873166e-05, 0.000628322304692, 0.00123193825129, -0.00183693564031, 0.00439022714272, -0.0011616217671, 0.00313425553031, -0.00722937611863, 0.0258945208043, -0.00936616025865], [9.86488012131e-05, 0.000848979980219, 0.000739707029425, -0.000676724943332, -0.00137079646811, -0.0014515875373, 0.00133111001924, -0.00313179567456, -1.11423414637e-05, 0.0011492370395, 0.00284518697299, -0.00936616025865, 0.0240126978606]]
    },
    "spectral_contrast_coeffs": {
        "max": [-0.507300615311, -0.563483595848, -0.520809233189, -0.579849898815, -0.639761865139, -0.644295454025],
        "mean": [-0.695897102356, -0.763962984085, -0.744853079319, -0.765949010849, -0.760300934315, -0.761846601963],
        "min": [-0.90077149868, -0.945146620274, -0.924404203892, -0.889566898346, -0.866401910782, -0.926672339439],
        "stdev": [0.053546693176, 0.0519447289407, 0.0615384057164, 0.0531351007521, 0.0372046865523, 0.0321791693568]
    },
    "spectral_contrast_valleys": {
        "max": [-5.38269233704, -4.84396791458, -5.60328865051, -5.94356822968, -5.67032432556, -7.72663640976],
        "mean": [-6.75257492065, -6.38223743439, -6.99286079407, -7.16385793686, -6.89965391159, -9.77609539032],
        "min": [-9.44386196136, -7.78067302704, -8.20724391937, -8.43516159058, -8.32418441772, -11.3511047363],
        "stdev": [0.461044698954, 0.414917737246, 0.452293336391, 0.385950982571, 0.381077617407, 0.560915410519]
    }
},
"rhythm": {
    "beats_count": 120,
    "beats_loudness": {
        "max": 0.0604169629514,
        "mean": 0.0289368517697,
        "min": 0.0095021892339,
        "stdev": 0.0105575053021
    },
    "bpm": 148.238616943,
    "bpm_histogram_first_peak_bpm": 148,
    "bpm_histogram_first_peak_weight": 0.301724135876,
    "bpm_histogram_second_peak_bpm": 161,
    "bpm_histogram_second_peak_spread": 0.33333337307,
    "bpm_histogram_second_peak_weight": 0.01680672355,
    "danceability": 1.1283223629,
    "onset_rate": 3.4658203125,
    "beats_loudness_band_ratio": {
        "max": [0.771772801876, 0.541187942028, 0.499715685844, 0.685010671616, 0.423250705004, 0.362371325493],
        "mean": [0.287269532681, 0.189064756036, 0.162288293242, 0.164526879787, 0.140403822064, 0.0972537770867],
        "min": [0.0304604675621, 0.0131421927363, 0.0324217826128, 0.0205925237387, 0.0218575391918, 0.0261967182159],
        "stdev": [0.154790401459, 0.0968701466918, 0.0997406840324, 0.12633676827, 0.0868853703141, 0.0534868612885]
    },
