{
"metadata": {
    "version": {
        "essentia": "2.1-beta5",
        "essentia_git_sha": "Undefined",
        "extractor": "music 2.0"
    },
    "audio_properties": {
        "analysis": {
            "equal_loudness": 0,
            "length": 12.7477550507,
            "sample_rate": 44100,
            "start_time": 0,
            "downmix": "mix"
        },
        "bit_rate": 192000,
        "length": 179.768890381,
        "lossless": 0,
        "number_channels": 1,
        "replay_gain": -4.9337978363,
        "sample_rate": 48000,
        "codec": "mp3",
        "md5_encoded": "c375eeec0d0dc768de2b25683e2d7d54"
    },
    "tags": {
        "file_name": "Turkey_Di Dai Di Dai Dai (Aşık oldum)_MFÖ.mp3",
        "encoding": ["Lavf58.29.100"]
    }
},
"lowlevel": {
    "average_loudness": 0.797417402267,
    "barkbands_crest": {
        "max": 21.03698349,
        "mean": 8.08267211914,
        "min": 2.18025493622,
        "stdev": 3.46334123611
    },
    "barkbands_flatness_db": {
        "max": 0.280216366053,
        "mean": 0.156637221575,
        "min": 0.0377025231719,
        "stdev": 0.042554333806
    },
    "barkbands_kurtosis": {
        "max": 25.6943302155,
        "mean": 2.24628162384,
        "min": -1.90052437782,
        "stdev": 4.32691574097
    },
    "barkbands_skewness": {
        "max": 4.60339307785,
        "mean": 0.757987499237,
        "min": -4.45878553391,
        "stdev": 1.23340892792
    },
    "barkbands_spread": {
        "max": 91.016494751,
        "mean": 25.3166160583,
        "min": 2.75762414932,
        "stdev": 20.4046955109
    },
    "dissonance": {
        "max": 0.499928176403,
        "mean": 0.467353403568,
        "min": 0.336008906364,
        "stdev": 0.0287331100553
    },
    "dynamic_complexity": 3.47686028481,
    "erbbands_crest": {
        "max": 28.3949565887,
        "mean": 8.39554595947,
        "min": 2.53049516678,
        "stdev": 3.6837439537
    },
    "erbbands_flatness_db": {
        "max": 0.308539867401,
        "mean": 0.214704185724,
        "min": 0.0924009755254,
        "stdev": 0.039308834821
    },
    "erbbands_kurtosis": {
        "max": 12.6010551453,
        "mean": 0.693357110023,
        "min": -1.78587377071,
        "stdev": 2.04442048073
    },
    "erbbands_skewness": {
        "max": 2.34583306313,
        "mean": 0.128893181682,
        "min": -3.20583057404,
        "stdev": 0.939737260342
    },
    "erbbands_spread": {
        "max": 119.901481628,
        "mean": 32.0423469543,
        "min": 6.30322599411,
        "stdev": 18.3769302368
    },
    "hfc": {
        "max": 578.257751465,
        "mean": 27.2249069214,
        "min": 1.13381103932e-16,
        "stdev": 57.1311416626
    },
    "loudness_ebu128": {
        "integrated": -22.9592552185,
        "loudness_range": 5.55342292786,
        "momentary": {
            "max": -16.4362411499,
            "mean": -24.1888542175,
            "min": -35.041229248,
            "stdev": 3.27816820145
        },
        "short_term": {
            "max": -20.1218929291,
            "mean": -24.0526390076,
            "min": -26.4166030884,
            "stdev": 1.54451191425
        }
    },
    "melbands_crest": {
        "max": 29.9543647766,
        "mean": 10.7247686386,
        "min": 1.00042879581,
        "stdev": 5.12436676025
    },
    "melbands_flatness_db": {
        "max": 0.341078162193,
        "mean": 0.157540038228,
        "min": -1.46687000324e-07,
        "stdev": 0.0739894136786
    },
    "melbands_kurtosis": {
        "max": 63.7080154419,
        "mean": 5.65595817566,
        "min": -1.69453692436,
        "stdev": 7.5978102684
    },
    "melbands_skewness": {
        "max": 6.15075492859,
        "mean": 1.6104477644,
        "min": -1.73073542118,
        "stdev": 1.27473604679
    },
    "melbands_spread": {
        "max": 197.071762085,
        "mean": 39.2690658569,
        "min": 3.80591750145,
        "stdev": 35.9399185181
    },
    "pitch_salience": {
        "max": 0.997745573521,
        "mean": 0.623064100742,
        "min": 0.265864938498,
        "stdev": 0.114004395902
    },
    "silence_rate_20dB": {
        "max": 1,
        "mean": 1,
        "min": 1,
        "stdev": 0
    },
    "silence_rate_30dB": {
        "max": 1,
        "mean": 0.981818199158,
        "min": 0,
        "stdev": 0.133608564734
    },
    "silence_rate_60dB": {
        "max": 1,
        "mean": 0.134545460343,
        "min": 0,
        "stdev": 0.341235667467
    },
    "spectral_centroid": {
        "max": 11659.8925781,
        "mean": 1914.02526855,
        "min": 360.226806641,
        "stdev": 1471.88769531
    },
    "spectral_complexity": {
        "max": 53,
        "mean": 17.3236370087,
        "min": 0,
        "stdev": 11.6067724228
    },
    "spectral_decrease": {
        "max": 1.13542381351e-28,
        "mean": -3.92631793744e-09,
        "min": -8.02296256097e-08,
        "stdev": 5.94714988367e-09
    },
    "spectral_energy": {
        "max": 0.350151777267,
        "mean": 0.0172882042825,
        "min": 1.04368221319e-20,
        "stdev": 0.0269726905972
    },
    "spectral_energyband_high": {
        "max": 0.0807419493794,
        "mean": 0.00249461899512,
        "min": 7.49569099111e-21,
        "stdev": 0.00812175311148
    },
    "spectral_energyband_low": {
        "max": 0.103364065289,
        "mean": 0.00188105192501,
        "min": 4.97361528395e-23,
        "stdev": 0.00796324759722
    },
    "spectral_energyband_middle_high": {
        "max": 0.0338950455189,
        "mean": 0.00436765700579,
        "min": 1.34627471615e-21,
        "stdev": 0.00538923591375
    },
    "spectral_energyband_middle_low": {
        "max": 0.234553292394,
        "mean": 0.00891847815365,
        "min": 2.61630704817e-22,
        "stdev": 0.0147739723325
    },
    "spectral_entropy": {
        "max": 9.82000637054,
        "mean": 7.56341266632,
        "min": 6.14896583557,
        "stdev": 0.571096718311
    },
    "spectral_flux": {
        "max": 0.493159741163,
        "mean": 0.0687151104212,
        "min": 6.67519720055e-11,
        "stdev": 0.0552153512836
    },
    "spectral_kurtosis": {
        "max": 23.7978649139,
        "mean": 3.24627590179,
        "min": -1.23109960556,
        "stdev": 3.5187330246
    },
    "spectral_rms": {
        "max": 0.0184827353805,
        "mean": 0.00355440354906,
        "min": 3.1909661545e-12,
        "stdev": 0.00205737003125
    },
    "spectral_rolloff": {
        "max": 19422.9492188,
        "mean": 2870.92333984,
        "min": 215.33203125,
        "stdev": 2862.54052734
    },
    "spectral_skewness": {
        "max": 3.5966553688,
        "mean": 1.13240623474,
        "min": -0.185571283102,
        "stdev": 0.656039297581
    },
    "spectral_spread": {
        "max": 40544688,
        "mean": 4079255.75,
        "min": 1767842.375,
        "stdev": 4239327
    },
    "spectral_strongpeak": {
        "max": 10.847661972,
        "mean": 0.953641235828,
        "min": 0,
        "stdev": 1.19990873337
    },
    "zerocrossingrate": {
        "max": 0.71337890625,
        "mean": 0.0918474793434,
        "min": 0.013671875,
        "stdev": 0.0799283832312
    },
    "barkbands": {
        "max": [0.00325284060091, 0.0984857082367, 0.0416435226798, 0.0997300297022, 0.115178525448, 0.0184623543173, 0.00426085665822, 0.0195496790111, 0.0270987562835, 0.00922664068639, 0.00296786869876, 0.0258558504283, 0.00446299184114, 0.00857884250581, 0.00525200646371, 0.00583281414583, 0.00656347395852, 0.00808872934431, 0.00820628739893, 0.00609940756112, 0.0203308649361, 0.0278632584959, 0.0308758039027, 0.00890715233982, 0.000405534286983, 1.31005174353e-06, 1.89725483324e-06],
        "mean": [0.000118527401355, 0.000938527926337, 0.000578710867558, 0.00095425726613, 0.00295630469918, 0.00176242855377, 0.000469004822662, 0.00109579088166, 0.00134710525163, 0.000632086535916, 0.000211960694287, 0.000721151474863, 0.000430192798376, 0.000447497994173, 0.000411463988712, 0.00038348781527, 0.000370018969988, 0.000370061577996, 0.000408602092648, 0.000369430490537, 0.000601321051363, 0.000579154642764, 0.00080736388918, 0.000314529956086, 9.23400511965e-06, 6.09519723582e-09, 4.25962820572e-09],
        "min": [6.1521045299e-24, 1.35827443279e-23, 1.01824966577e-23, 5.17015808522e-24, 2.43191586029e-23, 8.05017092104e-24, 1.98090199267e-23, 1.75839699015e-23, 2.14099405586e-23, 4.38268999281e-23, 4.24158328725e-23, 7.34156115125e-23, 3.72159994177e-23, 8.29117613174e-23, 8.34727234626e-23, 1.13363325805e-22, 6.48116633915e-23, 1.31212597517e-22, 2.12150925461e-22, 2.47189880195e-22, 2.86146608486e-22, 2.99200350579e-22, 5.48576195897e-22, 7.78511807451e-22, 9.84565355608e-22, 1.45838868823e-21, 2.16189650958e-21],
        "stdev": [0.000251999939792, 0.00606686295941, 0.00282971304841, 0.00550250010565, 0.00745048094541, 0.00238858256489, 0.000679353601299, 0.00214816164225, 0.00255067530088, 0.00117029610556, 0.000327408313751, 0.00203586439602, 0.000647031527478, 0.000826977950055, 0.000719190109521, 0.00064715166809, 0.000623283733148, 0.000771412742324, 0.000820387154818, 0.000773329054937, 0.00188107066788, 0.00210941000842, 0.00317427096888, 0.000994231551886, 3.16466357617e-05, 5.65624702631e-08, 8.08189568602e-08]
    },
    "erbbands": {
        "max": [3.21855783463, 24.0278263092, 36.6016197205, 156.516311646, 665.690063477, 201.543289185, 246.65222168, 107.617294312, 67.725227356, 57.4985046387, 537.403625488, 461.218933105, 591.764770508, 319.200622559, 84.3370666504, 1322.11889648, 250.701766968, 367.44732666, 363.660186768, 325.546081543, 259.77444458, 188.092483521, 390.182037354, 691.870361328, 308.714813232, 275.596832275, 484.400726318, 1089.34814453, 987.064086914, 837.443115234, 904.44921875, 341.11831665, 95.4172821045, 9.10382080078, 0.321184724569, 0.0233818683773, 0.00606285221875, 0.00200317800045, 0.000767721270677, 0.000573707802687],
        "mean": [0.0292600207031, 0.20505027473, 0.649446725845, 1.86474406719, 8.73349475861, 7.636739254, 13.8877515793, 12.4283380508, 9.13316631317, 6.63716363907, 30.6505393982, 27.0860919952, 33.5154190063, 15.1478424072, 10.4901208878, 35.2890853882, 21.2665863037, 24.2045650482, 22.7121086121, 19.9926147461, 21.5039215088, 18.2954673767, 20.6094722748, 20.1720981598, 22.3349323273, 16.2909240723, 21.0901088715, 24.8360233307, 20.1541614532, 24.9488220215, 21.3725891113, 10.4849729538, 3.01801872253, 0.309063017368, 0.0101444758475, 0.000777253997512, 0.000134870468173, 3.65803280147e-05, 2.11879487324e-05, 2.63076599367e-05],
        "min": [4.76875782563e-22, 3.02743358407e-21, 1.17806456995e-20, 1.99825106346e-20, 3.06240615837e-20, 6.36075847789e-20, 5.42225357205e-20, 6.78184058482e-20, 3.57003294162e-19, 3.72967854135e-19, 4.21029063977e-19, 6.45313115861e-19, 1.24016118332e-18, 1.52491728201e-18, 1.70924031605e-18, 2.7983933713e-18, 2.27873348828e-18, 3.7717748484e-18, 4.23681868391e-18, 4.96604250037e-18, 6.46812597856e-18, 4.55988234395e-18, 5.9528453965e-18, 5.71535812032e-18, 9.98781877605e-18, 1.11499397079e-17, 9.10597393272e-18, 1.40186401225e-17, 1.08707017311e-17, 1.24058869094e-17, 1.52512418056e-17, 1.47594316463e-17, 1.21310726945e-17, 9.52159414022e-18, 7.54013344086e-18, 5.61413065209e-18, 2.26513153708e-18, 1.13840163116e-18, 2.87856966163e-19, 2.92980716747e-20],
        "stdev": [0.191793039441, 1.31538212299, 2.81865596771, 9.85613918304, 37.0852088928, 14.0890216827, 27.5892562866, 16.699344635, 11.8357181549, 8.1014175415, 59.0392875671, 42.998210907, 72.7079696655, 30.4167251587, 14.104426384, 101.717079163, 31.5967540741, 44.7806739807, 42.1473579407, 31.1856956482, 34.2305183411, 27.5286941528, 40.3176002502, 47.0528068542, 42.1743240356, 34.267780304, 57.3705406189, 88.8938369751, 76.7509689331, 96.0326385498, 80.8440246582, 34.4305000305, 9.62582683563, 0.962902247906, 0.0320257693529, 0.00239027780481, 0.000442130141892, 0.000127911072923, 5.43542846572e-05, 4.8438039812e-05]
    },
    "gfcc": {
        "mean": [-76.822052002, 116.567085266, -171.419906616, 53.7969284058, -82.8102493286, 9.25893306732, -28.8315429688, -16.5926513672, -0.00278154714033, -24.6583442688, 6.31698942184, -19.1208610535, 2.0736246109],
        "cov": [[28385.2890625, 1678.24597168, -3237.79077148, 1489.20239258, -1988.80151367, 263.14251709, -588.781677246, -355.569061279, -116.469146729, -623.251953125, -19.1552200317, -473.824920654, 33.0767707825], [1678.24597168, 2547.39575195, -163.405593872, -741.396972656, 18.2360248566, -692.823120117, -88.4908370972, -368.901947021, -63.1692199707, -264.528076172, 156.950561523, -158.580413818, 24.8611927032], [-3237.79077148, -163.405593872, 1558.00219727, 133.846984863, -12.9609518051, 51.7209625244, -10.0141458511, 33.3666343689, -127.279510498, 29.8154716492, -42.01512146, 38.8298454285, -31.4879894257], [1489.20239258, -741.396972656, 133.846984863, 622.591796875, -168.327667236, 332.250762939, -1.64235329628, 118.921661377, 15.0118026733, 44.5078620911, -70.7649993896, 19.525976181, -20.4122714996], [-1988.80151367, 18.2360248566, -12.9609518051, -168.327667236, 300.038482666, -50.3750648499, 100.795608521, 19.4542217255, 50.2680358887, 34.5478668213, 6.64032411575, 26.508644104, 3.03235602379], [263.14251709, -692.823120117, 51.7209625244, 332.250762939, -50.3750648499, 360.548858643, 29.651096344, 130.888763428, 19.0552768707, 78.5944976807, -38.3849143982, 46.2099723816, 8.13463401794], [-588.781677246, -88.4908370972, -10.0141458511, -1.64235329628, 100.795608521, 29.651096344, 125.984390259, 51.1963539124, 35.4967727661, 19.8030395508, -10.3345193863, 17.5190105438, -0.664808511734], [-355.569061279, -368.901947021, 33.3666343689, 118.921661377, 19.4542217255, 130.888763428, 51.1963539124, 145.437927246, 56.0827865601, 55.7264633179, -17.3351974487, 34.4956893921, 5.69916963577], [-116.469146729, -63.1692199707, -127.279510498, 15.0118026733, 50.2680358887, 19.0552768707, 35.4967727661, 56.0827865601, 96.6641387939, 43.7097740173, 6.94499158859, 20.932100296, 5.01711082458], [-623.251953125, -264.528076172, 29.8154716492, 44.5078620911, 34.5478668213, 78.5944976807, 19.8030395508, 55.7264633179, 43.7097740173, 94.6020584106, 21.9437522888, 36.1850585938, 15.141418457], [-19.1552200317, 156.950561523, -42.01512146, -70.7649993896, 6.64032411575, -38.3849143982, -10.3345193863, -17.3351974487, 6.94499158859, 21.9437522888, 70.6204376221, 20.6668815613, 10.399687767], [-473.824920654, -158.580413818, 38.8298454285, 19.525976181, 26.508644104, 46.2099723816, 17.5190105438, 34.4956893921, 20.932100296, 36.1850585938, 20.6668815613, 63.93932724, 21.2113723755], [33.0767707825, 24.8611927032, -31.4879894257, -20.4122714996, 3.03235602379, 8.13463401794, -0.664808511734, 5.69916963577, 5.01711082458, 15.141418457, 10.399687767, 21.2113723755, 59.9429779053]],
        "icov": [[0.000313436437864, -0.000335387623636, 0.00065043696668, -0.000924284453504, 0.00145435030572, -0.000255871709669, -0.000128372048493, 5.49446340301e-05, -7.02176839695e-05, 0.000956442730967, -0.000427646678872, 0.000743900600355, -0.000477181165479], [-0.000335387623636, 0.00344405858777, -0.00175666611176, 0.00213490775786, -0.00137983460445, 0.000753246131353, -0.000851273071021, 0.00314219784923, -0.00599253876135, 0.0081029413268, -0.00871601887047, 0.00660736905411, -0.00415085814893], [0.00065043696668, -0.00175666611176, 0.00265929149464, -0.00263930228539, 0.00279735215008, 9.44406783674e-05, 0.000166948884726, -0.00169521570206, 0.00428328290582, -0.0024563560728, 0.00320079550147, -0.00220374320634, 0.00136299047153], [-0.000924284453504, 0.00213490775786, -0.00263930228539, 0.0075855506584, -0.00200391793624, -0.00264894939028, -0.000317756523145, 0.00143113511149, -0.00403376575559, 0.000895889243111, -3.23422136717e-05, 0.000224568197154, 0.00117997231428], [0.00145435030572, -0.00137983460445, 0.00279735215008, -0.00200391793624, 0.0134045779705, -0.00128693971783, -0.00508600659668, 0.00177259591874, -0.00257521029562, 0.00268382229842, -8.7147076556e-05, 0.00185360305477, -0.00127475371119], [-0.000255871709669, 0.000753246131353, 9.44406783674e-05, -0.00264894939028, -0.00128693971783, 0.0094044841826, -0.000345131324138, -0.00377440359443, 0.00449564494193, -0.00485127372667, 0.00179570773616, -0.00257211085409, -0.000431999738794], [-0.000128372048493, -0.000851273071021, 0.000166948884726, -0.000317756523145, -0.00508600659668, -0.000345131324138, 0.0135314017534, -0.00471290014684, 0.00103445351124, -0.00146808743011, 0.00376092270017, -0.0032950444147, 0.00210341578349], [5.49446340301e-05, 0.00314219784923, -0.00169521570206, 0.00143113511149, 0.00177259591874, -0.00377440359443, -0.00471290014684, 0.0196553375572, -0.0140902893618, 0.00759512744844, -0.00649806624278, 0.00547485658899, -0.00478431768715], [-7.02176839695e-05, -0.00599253876135, 0.00428328290582, -0.00403376575559, -0.00257521029562, 0.00449564494193, 0.00103445351124, -0.0140902893618, 0.0349638238549, -0.0270829368383, 0.0197364017367, -0.0177810732275, 0.0110543770716], [0.000956442730967, 0.0081029413268, -0.0024563560728, 0.000895889243111, 0.00268382229842, -0.00485127372667, -0.00146808743011, 0.00759512744844, -0.0270829368383, 0.0539017766714, -0.0379046536982, 0.0237769186497, -0.0182756371796], [-0.000427646678872, -0.00871601887047, 0.00320079550147, -3.23422136717e-05, -8.7147076556e-05, 0.00179570773616, 0.00376092270017, -0.00649806624278, 0.0197364017367, -0.0379046536982, 0.0522605516016, -0.03285709396, 0.0164241772145], [0.000743900600355, 0.00660736905411, -0.00220374320634, 0.000224568197154, 0.00185360305477, -0.00257211085409, -0.0032950444147, 0.00547485658899, -0.0177810732275, 0.0237769186497, -0.03285709396, 0.0475251935422, -0.0201683081686], [-0.000477181165479, -0.00415085814893, 0.00136299047153, 0.00117997231428, -0.00127475371119, -0.000431999738794, 0.00210341578349, -0.00478431768715, 0.0110543770716, -0.0182756371796, 0.0164241772145, -0.0201683081686, 0.0283648986369]]
    },
    "melbands": {
        "max": [0.0258456766605, 0.0166731365025, 0.0475339144468, 0.0303153768182, 0.00863866414875, 0.00226358580403, 0.000980595359579, 0.000779861700721, 0.00412614922971, 0.00345122022554, 0.00290788570419, 0.00139135692734, 0.000288281327812, 0.00243625068106, 0.00187566620298, 0.000555594277103, 0.000827233598102, 0.000607568363193, 0.000331429677317, 0.000522737333085, 0.000359492318239, 0.000313097465551, 0.000225359995966, 0.000591171206906, 0.000649619614705, 0.00026051705936, 0.000279510393739, 0.000196363442228, 0.000279436586425, 0.000493690429721, 0.000606173998676, 0.000627121014986, 0.000443725526566, 0.000677601783536, 0.000726459955331, 0.000230993813602, 0.000211748134461, 9.17090874282e-05, 2.61062305071e-05, 4.03014746553e-06],
        "mean": [0.000263616937445, 0.000312834599754, 0.000544297334272, 0.000622963707428, 0.000431834661867, 0.000287404545816, 0.000133708657813, 8.41469518491e-05, 0.000249580509262, 0.000180226372322, 0.000163409698871, 5.82411339565e-05, 3.07272202917e-05, 7.67308665672e-05, 6.63629616611e-05, 4.53301872767e-05, 4.32050146628e-05, 3.54931180482e-05, 2.84638499579e-05, 2.65553771897e-05, 2.59888875007e-05, 1.91411763808e-05, 1.620574767e-05, 2.21686550503e-05, 1.5113138943e-05, 1.52882112161e-05, 1.49190818775e-05, 1.00574152384e-05, 1.19571232062e-05, 1.42943772516e-05, 1.46029960888e-05, 1.1892792827e-05, 1.03186830529e-05, 1.59851806529e-05, 1.42291037264e-05, 7.75937678554e-06, 5.50950744582e-06, 2.43262411459e-06, 7.30447425212e-07, 6.45696474066e-08],
        "min": [5.85446928252e-24, 6.25227250993e-24, 5.66880021885e-24, 5.247990652e-24, 2.06519722353e-24, 1.61806060726e-24, 5.04206679573e-24, 3.68010041502e-24, 3.13491864342e-24, 3.70937898752e-24, 6.3419135356e-24, 5.29286934333e-24, 5.79540292781e-24, 7.25758343691e-24, 5.61938084415e-24, 5.78926558997e-24, 6.54698897197e-24, 5.86426851268e-24, 5.78067686686e-24, 6.26822524958e-24, 7.20272368297e-24, 3.99610823289e-24, 5.0152163371e-24, 6.11108415726e-24, 3.40572670357e-24, 6.89852156298e-24, 7.4750960543e-24, 6.30349403736e-24, 5.18786446267e-24, 5.26058915509e-24, 6.85214995239e-24, 6.26206345705e-24, 5.41251824341e-24, 7.64710717469e-24, 9.25487906359e-24, 6.96028700528e-24, 8.46602131381e-24, 8.03221565798e-24, 8.67621645745e-24, 7.43599537467e-24],
        "stdev": [0.00170808064286, 0.00133283401374, 0.00271105556749, 0.00186351919547, 0.000816413783468, 0.000370767578715, 0.000173777691089, 0.000110226763354, 0.000461285701022, 0.000322086620145, 0.000358483026503, 0.000126878425363, 4.26815822721e-05, 0.000207383622183, 0.000151560961967, 6.88258805894e-05, 8.32228979561e-05, 6.83351536281e-05, 4.71693856525e-05, 4.58674985566e-05, 4.42394884885e-05, 3.12374977511e-05, 2.74149297184e-05, 5.41828703717e-05, 4.20430951635e-05, 2.91715659841e-05, 3.35230361088e-05, 2.36870782828e-05, 3.23348904203e-05, 4.46888479928e-05, 5.31783116458e-05, 4.91338360007e-05, 3.54736439476e-05, 6.70673689456e-05, 5.64981201023e-05, 2.58691725321e-05, 1.89271067939e-05, 8.16248484625e-06, 2.46665013037e-06, 2.45115415964e-07]
    },
    "melbands128": {
        "max": [0.0031011546962, 0.0260774120688, 0.0419701002538, 0.0400740280747, 0.0174774024636, 0.0218594707549, 0.0220202635974, 0.0672471001744, 0.0833836942911, 0.0313207022846, 0.00490210577846, 0.012978900224, 0.0109901111573, 0.00365045596845, 0.00298184342682, 0.00343282613903, 0.0021491360385, 0.00181227177382, 0.00081068626605, 0.00100006826688, 0.000584839493968, 0.00450445804745, 0.00711558992043, 0.00386001449078, 0.0028843160253, 0.00287376530468, 0.00762097397819, 0.00307628628798, 0.000358685065294, 0.0025999431964, 0.00133487349376, 0.000524272909388, 0.00044084948604, 0.000291146570817, 0.000526444928255, 0.00325671955943, 0.00727855134755, 0.000749012397137, 0.00111283920705, 0.00059892446734, 0.000436008325778, 0.00184767867904, 0.000555963080842, 0.00217767897993, 0.000454536406323, 0.000532275415026, 0.00123666785657, 0.000389932538383, 0.000383015692933, 0.000910077651497, 0.000658218865283, 0.000331360963173, 0.000718344759662, 0.000558704952709, 0.00114153686445, 0.000185719662113, 0.000337949139066, 0.000581641448662, 0.000188503312529, 0.000266428600298, 0.0011832609307, 0.000327144371113, 0.00170357362367, 0.000447305385023, 0.000411904475186, 0.000290637806756, 0.000386007479392, 0.00064885331085, 0.000326066103298, 0.000243205169681, 0.000294992380077, 0.000281752698356, 0.000322188134305, 0.000461304938653, 0.0005470130709, 0.000532847247086, 0.000680109485984, 0.00111344631296, 0.000523571565282, 0.000633934047073, 0.000984143349342, 0.000646986474749, 0.000280696025584, 0.000533975136932, 0.000519063672982, 0.000590210256632, 0.000956814910751, 0.0011143242009, 0.000936096475925, 0.000403069716413, 0.000321118888678, 0.00023815894383, 0.000416628783569, 0.000311037438223, 0.00012517326104, 0.000118633208331, 9.57797747105e-05, 6.096236757e-05, 3.79712219001e-05, 1.79662511073e-05, 2.65693688561e-06, 7.66240555095e-06, 4.358619492e-07, 8.13430034441e-09, 8.15112866093e-09, 2.25464109604e-08, 8.70563781064e-08, 7.658971235e-09, 7.35824068343e-09, 8.09955480463e-09, 8.15635470275e-09, 8.18796586088e-09, 8.1979045774e-09, 8.22941537137e-09, 8.1909492522e-09, 8.17508993833e-09, 8.16812839588e-09, 8.17146705856e-09, 8.21346279878e-09, 8.2078770447e-09, 8.1698807719e-09, 8.13676059863e-09, 8.18524004131e-09, 8.19116596773e-09, 8.15234368901e-09, 8.17777134898e-09, 8.16439005291e-09, 8.16837086859e-09],
        "mean": [7.8124438005e-05, 0.000235236686422, 0.000335766089847, 0.000331224437105, 0.000335417978931, 0.00026782072382, 0.000272879755357, 0.000587796326727, 0.00105219508987, 0.000673149945214, 0.000317545811413, 0.000368112756405, 0.00058934034314, 0.00034495559521, 0.00025106954854, 0.000311121810228, 0.000163402772159, 0.000115138427645, 7.05396232661e-05, 5.74271325604e-05, 5.36260922672e-05, 0.000250109907938, 0.000356227799784, 0.000127104663989, 0.000156022273586, 0.000155915127834, 0.000343691062881, 0.000149106417666, 3.53586801793e-05, 7.82184870332e-05, 5.81880667596e-05, 3.40612314176e-05, 3.83464102924e-05, 1.61374537129e-05, 2.95530062431e-05, 0.000109992288344, 0.000143776385812, 3.05152443616e-05, 5.97437283432e-05, 3.81918980565e-05, 2.67847335635e-05, 8.31168581499e-05, 3.40332699125e-05, 3.65611085726e-05, 3.04028963001e-05, 3.36632656399e-05, 4.54334876849e-05, 2.75555066764e-05, 1.86536690308e-05, 3.08441631205e-05, 3.04844234051e-05, 1.76967041625e-05, 2.51897909038e-05, 3.06955807901e-05, 2.77169965557e-05, 1.14039175969e-05, 1.83332685992e-05, 2.1388006644e-05, 1.3112186025e-05, 1.14729709821e-05, 3.50071204593e-05, 1.4837028175e-05, 1.55413508764e-05, 1.53520377353e-05, 1.59415103553e-05, 1.15459051813e-05, 1.65272977029e-05, 2.30239020311e-05, 1.24319158203e-05, 7.6509804785e-06, 1.05083190647e-05, 1.10757473522e-05, 9.33992942009e-06, 1.21977200251e-05, 1.48056924445e-05, 1.50414052769e-05, 1.26611876112e-05, 1.5707430066e-05, 1.55109046318e-05, 1.16684705063e-05, 1.66861791513e-05, 8.72149848874e-06, 8.36166236695e-06, 1.12079233077e-05, 1.09147795229e-05, 1.40227339216e-05, 1.71678366314e-05, 2.07379925996e-05, 1.44476816786e-05, 1.02562953543e-05, 7.52592450226e-06, 6.53808365314e-06, 8.79689469002e-06, 5.96207246417e-06, 3.3787839584e-06, 3.04837635667e-06, 2.42525970862e-06, 1.23140591768e-06, 8.31878082863e-07, 4.22515284981e-07, 7.1112815192e-08, 2.50279423852e-08, 1.37677635959e-09, 6.35775390667e-11, 5.07286330997e-11, 1.35964919878e-10, 2.99651664593e-10, 1.42745315568e-10, 6.36541305776e-11, 2.15963583822e-11, 2.05857726698e-11, 2.02789538634e-11, 1.99968340497e-11, 1.97373280914e-11, 1.94644179247e-11, 1.92736573229e-11, 1.90717407145e-11, 1.87486397935e-11, 1.86904346167e-11, 1.85541165765e-11, 1.83701769074e-11, 1.82401350968e-11, 1.82667041215e-11, 1.81970879337e-11, 1.79321679034e-11, 1.76308238842e-11, 1.74367378175e-11, 1.74055995311e-11],
        "min": [6.75716114003e-25, 2.70081144551e-24, 4.68806507008e-24, 3.82335716098e-24, 4.59797991572e-24, 3.13626522899e-24, 1.95197477882e-24, 3.48919055393e-24, 1.10424414247e-24, 4.58133573948e-24, 2.69934554473e-24, 1.36565746089e-24, 1.11650797132e-24, 9.6048923085e-25, 8.60074830402e-25, 1.98791370394e-24, 3.35219026381e-24, 2.07683292188e-24, 2.97143826487e-24, 1.30072474206e-24, 1.03199789419e-24, 3.33554450985e-24, 2.73770390625e-24, 1.72307791248e-24, 3.77586694562e-24, 1.13328674695e-24, 1.93467427031e-24, 5.02936455744e-24, 4.01886410899e-24, 4.73700245077e-24, 6.74341178749e-24, 3.60517874498e-24, 5.08834847618e-24, 2.36186197479e-24, 3.69940541909e-24, 2.55370880542e-24, 5.26267450889e-24, 3.7821821716e-24, 1.23066945633e-24, 3.73104702443e-24, 3.92438105508e-24, 2.34343733949e-24, 3.21934293193e-24, 4.82541088128e-24, 5.88157375436e-24, 1.76994492772e-24, 1.44943103776e-24, 3.97060869856e-24, 3.37670608859e-24, 5.3134657127e-24, 2.73383296578e-24, 3.51079705969e-24, 7.27742723298e-24, 3.59851444805e-24, 3.09900811729e-24, 4.61787538218e-24, 3.3110925828e-24, 4.77538763356e-24, 3.82313509663e-24, 3.78806786281e-24, 5.03694314415e-24, 3.35843370345e-24, 2.53740975583e-24, 4.0027244093e-24, 3.49171057009e-24, 4.39750511615e-24, 6.21761035618e-24, 4.21563481218e-24, 4.66106117801e-24, 6.75639880457e-24, 4.93695305226e-24, 3.81842954133e-24, 5.06800888103e-24, 3.73460557597e-24, 5.0129523063e-24, 4.35979283172e-24, 4.96004379982e-24, 4.45662038024e-24, 7.10539560221e-24, 6.73460967751e-24, 5.27737690401e-24, 4.91580211367e-24, 2.11462981165e-24, 5.45178497825e-24, 5.87207310805e-24, 4.36923391903e-24, 8.303115226e-24, 6.37578288414e-24, 7.43972353131e-24, 4.89753525055e-24, 6.25796414136e-24, 5.65446622177e-24, 8.21664423787e-24, 7.82568398438e-24, 4.22860920749e-24, 6.55200218302e-24, 4.86834542491e-24, 6.61388201015e-24, 8.62449005904e-24, 5.41598094835e-24, 7.22044149891e-24, 5.24880672861e-24, 5.78484481345e-24, 6.22582397593e-24, 5.69309989574e-24, 6.46108635812e-24, 7.07399578274e-24, 7.55443731757e-24, 9.64086239363e-24, 8.77076538125e-24, 6.14277506641e-24, 4.34328276183e-24, 6.6273932253e-24, 7.66382550385e-24, 5.84001892845e-24, 5.38793142114e-24, 7.59376045597e-24, 8.20288729255e-24, 8.55096585609e-24, 7.65270966483e-24, 6.29139133336e-24, 8.08609170236e-24, 8.03043914322e-24, 7.63367129575e-24, 6.70877211628e-24, 7.54839306531e-24, 6.66391117432e-24, 8.42314277931e-24],
        "stdev": [0.000214728876017, 0.00149054382928, 0.00263069034554, 0.0020871956367, 0.00141686561983, 0.00139743066393, 0.00148713868111, 0.00352618214674, 0.00463375076652, 0.00184166536201, 0.000546637398656, 0.000839684100356, 0.00135881104507, 0.00054809107678, 0.000404093472753, 0.000512776663527, 0.000248229829594, 0.000223088747589, 0.000122294193716, 0.000103425853013, 8.10571873444e-05, 0.000521107402164, 0.000756010296755, 0.000281333050225, 0.000329707632773, 0.000360111822374, 0.000884641835, 0.000346636166796, 5.66066337342e-05, 0.000212566606933, 0.000145382902701, 5.78126964683e-05, 6.22363731964e-05, 2.89553754556e-05, 5.78817744099e-05, 0.000321570667438, 0.000502932991367, 7.22325057723e-05, 0.000134689864353, 6.90982560627e-05, 5.36875959369e-05, 0.000215099062189, 6.94793925504e-05, 0.000129362713778, 6.03489861533e-05, 7.13651606929e-05, 0.000115869574074, 5.86420828768e-05, 3.80765595764e-05, 6.19756392553e-05, 6.0418726207e-05, 4.12797053286e-05, 5.61458437005e-05, 6.20131395408e-05, 7.71736013121e-05, 2.5110966817e-05, 3.76265779778e-05, 4.9058417062e-05, 2.6842672014e-05, 2.58223590208e-05, 0.000110038636194, 2.97393089568e-05, 9.21316750464e-05, 4.07341613027e-05, 4.05182545364e-05, 2.88082719635e-05, 4.16585753555e-05, 6.82101963321e-05, 3.31040027959e-05, 2.19482299144e-05, 2.67589239229e-05, 2.88929186354e-05, 2.81822613033e-05, 4.10119391745e-05, 4.58899958176e-05, 4.47377569799e-05, 4.733804235e-05, 7.39132665331e-05, 5.32525300514e-05, 4.52114290965e-05, 8.00398993306e-05, 4.11471810366e-05, 2.77650651697e-05, 4.12952140323e-05, 3.9850398025e-05, 5.94992234255e-05, 8.51200602483e-05, 8.65707042976e-05, 6.37004632154e-05, 3.94466078433e-05, 2.92798340524e-05, 2.42949499807e-05, 3.36207231157e-05, 2.42461865128e-05, 1.17753552331e-05, 1.07513042167e-05, 8.38866526465e-06, 4.4666676331e-06, 3.16863429362e-06, 1.43614715853e-06, 2.39111926703e-07, 3.40971865853e-07, 2.10480255447e-08, 5.18633413993e-10, 4.27572921513e-10, 1.3487765349e-09, 3.89598797668e-09, 5.02422159432e-10, 3.50789730597e-10, 3.46325329525e-10, 3.48167189523e-10, 3.49192064153e-10, 3.49433343372e-10, 3.50686535366e-10, 3.489959155e-10, 3.48284512341e-10, 3.47962630931e-10, 3.48107209724e-10, 3.49881040806e-10, 3.49639289743e-10, 3.48016060414e-10, 3.46600109724e-10, 3.48664402905e-10, 3.4891611822e-10, 3.47269157874e-10, 3.48364975755e-10, 3.47800954703e-10, 3.47970180448e-10]
    },
    "mfcc": {
        "mean": [-674.260131836, 109.657844543, -19.7727584839, 23.9562606812, -16.7936038971, 11.838886261, -16.5934410095, 7.76708078384, -14.7028961182, 9.07537841797, -10.1028223038, 3.73328399658, -11.481926918],
        "cov": [[11435.0429688, -205.443634033, -170.329269409, 299.829742432, -363.117858887, 188.646514893, -185.368759155, 169.87739563, -75.4453887939, 127.257499695, -153.657745361, -19.369468689, -266.092651367], [-205.443634033, 3049.27197266, -307.470092773, -64.0871887207, -155.437240601, -374.431060791, -178.887145996, -254.03477478, -374.462554932, -125.639930725, -98.3799972534, -165.46812439, -119.016967773], [-170.329269409, -307.470092773, 1283.47277832, 187.904754639, 88.4471206665, 35.8170013428, 79.6131362915, -4.0023393631, -23.4994850159, -46.1908493042, -13.2568445206, -52.5332145691, -14.0387973785], [299.829742432, -64.0871887207, 187.904754639, 190.16796875, 8.3918170929, 44.8357887268, -0.293119817972, 38.1031913757, 2.97839188576, 25.5274085999, -10.5255889893, 3.55262565613, -14.9838504791], [-363.117858887, -155.437240601, 88.4471206665, 8.3918170929, 102.291236877, 35.4952278137, 24.565990448, 7.67833900452, 32.289855957, -4.05568599701, 19.3945465088, 14.8099861145, 17.3449840546], [188.646514893, -374.431060791, 35.8170013428, 44.8357887268, 35.4952278137, 152.951293945, 46.6677894592, 58.6599197388, 52.8364715576, 33.857421875, 6.20678377151, 32.5926132202, 10.5966434479], [-185.368759155, -178.887145996, 79.6131362915, -0.293119817972, 24.565990448, 46.6677894592, 93.3570709229, 35.6110420227, 37.2183227539, 6.66441965103, -0.450654685497, 8.94462490082, 14.3769073486], [169.87739563, -254.03477478, -4.0023393631, 38.1031913757, 7.67833900452, 58.6599197388, 35.6110420227, 114.378517151, 70.4179916382, 30.8601036072, 9.25559711456, 27.9150257111, 14.2364006042], [-75.4453887939, -374.462554932, -23.4994850159, 2.97839188576, 32.289855957, 52.8364715576, 37.2183227539, 70.4179916382, 142.597595215, 36.8584899902, 22.3998908997, 35.3819236755, 28.4521484375], [127.257499695, -125.639930725, -46.1908493042, 25.5274085999, -4.05568599701, 33.857421875, 6.66441965103, 30.8601036072, 36.8584899902, 79.0032806396, 8.13088035583, 16.6449928284, 2.99253892899], [-153.657745361, -98.3799972534, -13.2568445206, -10.5255889893, 19.3945465088, 6.20678377151, -0.450654685497, 9.25559711456, 22.3998908997, 8.13088035583, 67.0432281494, 28.5528507233, 17.2695674896], [-19.369468689, -165.46812439, -52.5332145691, 3.55262565613, 14.8099861145, 32.5926132202, 8.94462490082, 27.9150257111, 35.3819236755, 16.6449928284, 28.5528507233, 76.0442962646, 34.8250999451], [-266.092651367, -119.016967773, -14.0387973785, -14.9838504791, 17.3449840546, 10.5966434479, 14.3769073486, 14.2364006042, 28.4521484375, 2.99253892899, 17.2695674896, 34.8250999451, 65.481010437]],
        "icov": [[0.000127072795294, 2.3932872864e-05, -1.0141679013e-05, -6.07653855695e-05, 0.000409098749515, -0.000208806828596, 0.000299988634652, -0.000187960686162, 5.66006237932e-05, -1.90428108908e-05, 0.00018396647647, -0.000182151023182, 0.000468860787805], [2.3932872864e-05, 0.000674985465594, 0.000220356974751, -0.00031006426434, 5.11627185915e-05, 0.00107770168688, 4.93129255119e-06, 0.000158255294082, 0.00111809256487, 0.000115050628665, 0.000301715248497, 0.000291419739369, 0.000351303548086], [-1.0141679013e-05, 0.000220356974751, 0.00124202913139, -0.00148816709407, -0.000766685756389, 0.000512560538482, -0.00122344819829, 0.000482219358673, 0.000471274572192, 0.000815021863673, -0.00025959557388, 0.00108360941522, -0.000180887291208], [-6.07653855695e-05, -0.00031006426434, -0.00148816709407, 0.00833954755217, -0.000501352827996, -0.00187691964675, 0.00256362650543, -0.00302663189359, 0.000865172769409, -0.00251651671715, 0.00143589044455, -0.001446672366, 0.0014402451925], [0.000409098749515, 5.11627185915e-05, -0.000766685756389, -0.000501352827996, 0.0146650532261, -0.00343182054348, -0.000336766941473, 0.00194096879568, -0.00270539103076, 0.00227655284107, -0.00249725254253, -0.00057513761567, -0.000164948738529], [-0.000208806828596, 0.00107770168688, 0.000512560538482, -0.00187691964675, -0.00343182054348, 0.0128913167864, -0.00402903556824, -0.00181029806845, 0.00143217039295, -0.00207490171306, 0.00135584082454, -0.00225945981219, 0.0012083578622], [0.000299988634652, 4.93129255119e-06, -0.00122344819829, 0.00256362650543, -0.000336766941473, -0.00402903556824, 0.0165294203907, -0.00381452892907, -0.00128686905373, 8.09893099358e-05, 0.00241510313936, 0.000415138405515, -0.000808563956525], [-0.000187960686162, 0.000158255294082, 0.000482219358673, -0.00302663189359, 0.00194096879568, -0.00181029806845, -0.00381452892907, 0.0164896547794, -0.00584786664695, -0.00038677509292, -0.000633817980997, -0.00104822358117, -0.000750810431782], [5.66006237932e-05, 0.00111809256487, 0.000471274572192, 0.000865172769409, -0.00270539103076, 0.00143217039295, -0.00128686905373, -0.00584786664695, 0.0146309323609, -0.00332482880913, -0.000563406734727, -0.000340392754879, -0.00127567525487], [-1.90428108908e-05, 0.000115050628665, 0.000815021863673, -0.00251651671715, 0.00227655284107, -0.00207490171306, 8.09893099358e-05, -0.00038677509292, -0.00332482880913, 0.0170939080417, -0.00148052896839, -0.000530787161551, 0.000865898677148], [0.00018396647647, 0.000301715248497, -0.00025959557388, 0.00143589044455, -0.00249725254253, 0.00135584082454, 0.00241510313936, -0.000633817980997, -0.000563406734727, -0.00148052896839, 0.0197898074985, -0.00664653768763, 0.000246586248977], [-0.000182151023182, 0.000291419739369, 0.00108360941522, -0.001446672366, -0.00057513761567, -0.00225945981219, 0.000415138405515, -0.00104822358117, -0.000340392754879, -0.000530787161551, -0.00664653768763, 0.023400137201, -0.0101744355634], [0.000468860787805, 0.000351303548086, -0.000180887291208, 0.0014402451925, -0.000164948738529, 0.0012083578622, -0.000808563956525, -0.000750810431782, -0.00127567525487, 0.000865898677148, 0.000246586248977, -0.0101744355634, 0.0241559222341]]
    },
    "spectral_contrast_coeffs": {
        "max": [-0.394708573818, -0.544467449188, -0.487485855818, -0.614673435688, -0.603941679001, -0.539563417435],
        "mean": [-0.681163668633, -0.771743118763, -0.763074100018, -0.792740523815, -0.776244401932, -0.685768127441],
        "min": [-0.971767485142, -0.997853636742, -0.998906552792, -0.985997140408, -0.989274442196, -0.961415052414],
        "stdev": [0.110091216862, 0.0787385031581, 0.0792935192585, 0.060069758445, 0.0573200248182, 0.0582744255662]
    },
    "spectral_contrast_valleys": {
        "max": [-5.34460783005, -5.22284603119, -5.60738182068, -5.55923557281, -5.4714550972, -8.01840877533],
        "mean": [-7.80817127228, -7.19149255753, -7.84534978867, -8.01992511749, -8.05979156494, -11.3914003372],
        "min": [-27.7805271149, -27.430519104, -27.8095760345, -27.7239112854, -27.4995212555, -27.3095989227],
        "stdev": [2.4671049118, 2.51596927643, 2.44222950935, 2.43275713921, 2.45581889153, 2.20002365112]
    }
},
"rhythm": {
    "beats_count": 21,
    "beats_loudness": {
        "max": 0.109528824687,
        "mean": 0.0271783079952,
        "min": 0.00203156401403,
        "stdev": 0.0286362729967
    },
    "bpm": 104.952384949,
    "bpm_histogram_first_peak_bpm": 105,
    "bpm_histogram_first_peak_weight": 0.5,
    "bpm_histogram_second_peak_bpm": 96,
    "bpm_histogram_second_peak_spread": 0.5,
    "bpm_histogram_second_peak_weight": 0.10000000149,
    "danceability": 1.2657841444,
    "onset_rate": 4.07543802261,
    "beats_loudness_band_ratio": {
        "max": [0.673501193523, 0.522816538811, 0.610840976238, 0.533245027065, 0.5733756423, 0.763214766979],
        "mean": [0.141340002418, 0.214545458555, 0.206936448812, 0.188439518213, 0.158495813608, 0.145578846335],
        "min": [0.0120571432635, 0.00531160878018, 0.0114710712805, 0.00947987195104, 0.00929887406528, 0.011823293753],
        "stdev": [0.152803868055, 0.150836378336, 0.14572045207, 0.128859713674, 0.147276431322, 0.189922586083]
    },
    "beats_position": [0.615328788757, 1.23065757751, 1.8575963974, 2.48453521729, 3.08825397491, 3.66875267029, 4.2492518425, 4.81814050674, 5.38702917099, 5.94430828094, 6.51319694519, 7.07047605515, 7.63936471939, 8.20825386047, 8.77714252472, 9.35764122009, 9.92653083801, 10.4954195023, 11.0759181976, 11.656416893, 12.2369155884],
