{
"metadata": {
    "version": {
        "essentia": "2.1-beta5",
        "essentia_git_sha": "Undefined",
        "extractor": "music 2.0"
    },
    "audio_properties": {
        "analysis": {
            "equal_loudness": 0,
            "length": 39.3113822937,
            "sample_rate": 44100,
            "start_time": 146.239273071,
            "downmix": "mix"
        },
        "bit_rate": 192000,
        "length": 185.573883057,
        "lossless": 0,
        "number_channels": 2,
        "replay_gain": 2.86393165588,
        "sample_rate": 44100,
        "codec": "mp3",
        "md5_encoded": "0f653efbc2e49a0b3cbc683f2bf2dabe"
    },
    "tags": {
        "file_name": "Germany_Für Alle_Wind.mp3",
        "encoding": ["Lavf58.29.100"]
    }
},
"lowlevel": {
    "average_loudness": 0.977059066296,
    "barkbands_crest": {
        "max": 19.4169540405,
        "mean": 6.69203710556,
        "min": 2.56119513512,
        "stdev": 2.66798377037
    },
    "barkbands_flatness_db": {
        "max": 0.213957056403,
        "mean": 0.128033578396,
        "min": 0.057085711509,
        "stdev": 0.0247564427555
    },
    "barkbands_kurtosis": {
        "max": 9.64149856567,
        "mean": 0.349402874708,
        "min": -1.7900147438,
        "stdev": 1.31929624081
    },
    "barkbands_skewness": {
        "max": 2.74654221535,
        "mean": 0.489909052849,
        "min": -2.17880487442,
        "stdev": 0.748820066452
    },
    "barkbands_spread": {
        "max": 77.0453720093,
        "mean": 20.46134758,
        "min": 6.08588504791,
        "stdev": 9.40816402435
    },
    "dissonance": {
        "max": 0.49999794364,
        "mean": 0.473812311888,
        "min": 0.336724430323,
        "stdev": 0.0228212419897
    },
    "dynamic_complexity": 1.87794446945,
    "erbbands_crest": {
        "max": 26.2286663055,
        "mean": 7.25859022141,
        "min": 2.67447566986,
        "stdev": 3.17278456688
    },
    "erbbands_flatness_db": {
        "max": 0.274347782135,
        "mean": 0.188370212913,
        "min": 0.0811398997903,
        "stdev": 0.0383563525975
    },
    "erbbands_kurtosis": {
        "max": 6.64140319824,
        "mean": -0.0529301017523,
        "min": -1.65392434597,
        "stdev": 1.00389456749
    },
    "erbbands_skewness": {
        "max": 2.06291151047,
        "mean": 0.121553227305,
        "min": -1.90055394173,
        "stdev": 0.493033111095
    },
    "erbbands_spread": {
        "max": 100.053329468,
        "mean": 28.580532074,
        "min": 6.61960935593,
        "stdev": 11.3407859802
    },
    "hfc": {
        "max": 111.722320557,
        "mean": 35.9912414551,
        "min": 1.08880718622e-16,
        "stdev": 15.5161495209
    },
    "loudness_ebu128": {
        "integrated": -25.5486392975,
        "loudness_range": 1.46276855469,
        "momentary": {
            "max": -24.1252861023,
            "mean": -31.3704986572,
            "min": -300.691009521,
            "stdev": 34.3966140747
        },
        "short_term": {
            "max": -24.4641475677,
            "mean": -25.6217517853,
            "min": -29.3848972321,
            "stdev": 0.614386260509
        }
    },
    "melbands_crest": {
        "max": 23.3035354614,
        "mean": 8.32753372192,
        "min": 1.60257661343,
        "stdev": 3.61193490028
    },
    "melbands_flatness_db": {
        "max": 0.2502643466,
        "mean": 0.122891008854,
        "min": 0.00331995286979,
        "stdev": 0.0413105785847
    },
    "melbands_kurtosis": {
        "max": 24.9416427612,
        "mean": 2.29249405861,
        "min": -1.584374547,
        "stdev": 2.77013349533
    },
    "melbands_skewness": {
        "max": 4.22910881042,
        "mean": 1.14749443531,
        "min": -0.465343803167,
        "stdev": 0.790970206261
    },
    "melbands_spread": {
        "max": 153.432449341,
        "mean": 34.4069061279,
        "min": 7.72897386551,
        "stdev": 23.3594551086
    },
    "pitch_salience": {
        "max": 0.869951367378,
        "mean": 0.655658483505,
        "min": 0.369513869286,
        "stdev": 0.108100965619
    },
    "silence_rate_20dB": {
        "max": 1,
        "mean": 1,
        "min": 1,
        "stdev": 0
    },
    "silence_rate_30dB": {
        "max": 1,
        "mean": 1,
        "min": 1,
        "stdev": 0
    },
    "silence_rate_60dB": {
        "max": 1,
        "mean": 0.0442739091814,
        "min": 0,
        "stdev": 0.205703169107
    },
    "spectral_centroid": {
        "max": 11610.6103516,
        "mean": 2048.12915039,
        "min": 492.480194092,
        "stdev": 1465.06567383
    },
    "spectral_complexity": {
        "max": 59,
        "mean": 31.5867767334,
        "min": 0,
        "stdev": 11.5358982086
    },
    "spectral_decrease": {
        "max": 1.24963643384e-18,
        "mean": -6.42775344062e-09,
        "min": -1.22046817097e-08,
        "stdev": 2.23090435014e-09
    },
    "spectral_energy": {
        "max": 0.0497132278979,
        "mean": 0.0275243334472,
        "min": 1.00802022747e-20,
        "stdev": 0.00903969164938
    },
    "spectral_energyband_high": {
        "max": 0.0121869053692,
        "mean": 0.00113622588105,
        "min": 7.18920441828e-21,
        "stdev": 0.00108949281275
    },
    "spectral_energyband_low": {
        "max": 0.0161918103695,
        "mean": 0.00115319201723,
        "min": 1.58045994664e-23,
        "stdev": 0.00149815226905
    },
    "spectral_energyband_middle_high": {
        "max": 0.0342458039522,
        "mean": 0.0133641092107,
        "min": 1.23042338616e-21,
        "stdev": 0.0067619048059
    },
    "spectral_energyband_middle_low": {
        "max": 0.0394036136568,
        "mean": 0.0126621490344,
        "min": 1.37066526035e-22,
        "stdev": 0.00878006499261
    },
    "spectral_entropy": {
        "max": 9.83198261261,
        "mean": 7.77614021301,
        "min": 6.79882287979,
        "stdev": 0.42293342948
    },
    "spectral_flux": {
        "max": 0.166776627302,
        "mean": 0.0893813446164,
        "min": 6.48645234747e-11,
        "stdev": 0.0267824586481
    },
    "spectral_kurtosis": {
        "max": 13.311712265,
        "mean": 4.22378253937,
        "min": -1.22462058067,
        "stdev": 1.87446689606
    },
    "spectral_rms": {
        "max": 0.00696424534544,
        "mean": 0.00502725830302,
        "min": 3.135975854e-12,
        "stdev": 0.00125687080435
    },
    "spectral_rolloff": {
        "max": 19466.015625,
        "mean": 2997.13378906,
        "min": 581.396484375,
        "stdev": 3446.31225586
    },
    "spectral_skewness": {
        "max": 2.32592701912,
        "mean": 1.41969311237,
        "min": -0.0674186572433,
        "stdev": 0.327281802893
    },
    "spectral_spread": {
        "max": 42152856,
        "mean": 4591000.5,
        "min": 2381560,
        "stdev": 5508793.5
    },
    "spectral_strongpeak": {
        "max": 15.3926877975,
        "mean": 1.65446949005,
        "min": 0,
        "stdev": 1.34060788155
    },
    "zerocrossingrate": {
        "max": 0.52734375,
        "mean": 0.0897636190057,
        "min": 0.0322265625,
        "stdev": 0.0682301223278
    },
    "barkbands": {
        "max": [3.35151562467e-05, 0.0016128589632, 0.00533067155629, 0.0185106936842, 0.0191895570606, 0.027773424983, 0.0200043991208, 0.0252608787268, 0.0266128946096, 0.0174346677959, 0.0233138762414, 0.0158052090555, 0.0120203597471, 0.0163430739194, 0.0107044652104, 0.013265401125, 0.010050480254, 0.00918976496905, 0.00378632126376, 0.00434609176591, 0.00305668218061, 0.00434742029756, 0.00237961648963, 0.00489138159901, 0.00391822587699, 0.00124285859056, 4.93713514516e-07],
        "mean": [1.22394374102e-06, 0.000149936415255, 0.000552396872081, 0.000803135626484, 0.00165234564338, 0.00357499043457, 0.00251567922533, 0.001463112887, 0.00193322903942, 0.00155416002963, 0.00200630002655, 0.0013209595345, 0.00119031406939, 0.00129913329147, 0.00140793551691, 0.00132491858676, 0.00163614680059, 0.00113781203981, 0.000569563126191, 0.000539744331036, 0.000329940812662, 0.00023246492492, 0.00016669742763, 9.17915895116e-05, 5.80279847782e-05, 1.2381160559e-05, 4.2345478235e-09],
        "min": [5.06818085271e-25, 3.1595677857e-24, 1.84161037717e-24, 1.73784696635e-24, 1.25569301171e-23, 1.04498305745e-23, 1.57207609072e-23, 1.33378803252e-23, 2.22941179493e-23, 1.9409922573e-23, 1.41075198456e-23, 2.921870111e-23, 4.13290476024e-23, 4.82633242859e-23, 3.56757043241e-23, 7.03371796487e-23, 8.28224748847e-23, 1.34567667123e-22, 1.35385873654e-22, 1.78368910139e-22, 2.49506606902e-22, 3.52360588887e-22, 3.80525624264e-22, 5.67697376446e-22, 8.21193044686e-22, 1.306952537e-21, 1.87543796656e-21],
        "stdev": [3.48276716977e-06, 0.000209134173929, 0.000732417509425, 0.0015837297542, 0.00212801154703, 0.0040958635509, 0.00316416169517, 0.002070866758, 0.0023126907181, 0.00183261360507, 0.00291374558583, 0.00145421817433, 0.00129765924066, 0.00146003311966, 0.00148086366244, 0.00151390000246, 0.00132914388087, 0.00108711188659, 0.000479891023133, 0.000478096830193, 0.000331906543579, 0.000244222872425, 0.000206189928576, 0.000207502351259, 0.000181560477358, 4.0791266656e-05, 1.90324769278e-08]
    },
    "erbbands": {
        "max": [0.0265881717205, 0.505647540092, 4.53388261795, 40.6986999512, 59.618057251, 95.6000137329, 201.754455566, 333.172363281, 356.41192627, 536.824523926, 342.854187012, 705.293701172, 724.296569824, 842.224731445, 1046.94934082, 701.631103516, 489.451690674, 661.732543945, 532.835388184, 405.397186279, 740.776672363, 602.625183105, 670.622619629, 216.555740356, 193.658172607, 282.371673584, 127.919372559, 144.132049561, 164.73348999, 115.969215393, 76.7357788086, 78.4713058472, 78.4026565552, 56.288684845, 16.2522277832, 8.27227306366, 1.66553544998, 0.0541564561427, 0.00166618172079, 0.000196589389816],
        "mean": [0.00202649016865, 0.0503117144108, 0.515254855156, 1.93076241016, 3.46767377853, 6.5072350502, 19.1173610687, 26.0376281738, 37.0466079712, 34.5125198364, 37.3510704041, 38.5211105347, 52.5972595215, 64.0183410645, 59.8404121399, 57.1002464294, 56.6492729187, 67.4339752197, 64.0925445557, 75.8385925293, 77.5819778442, 94.3220825195, 69.2605819702, 40.5948257446, 26.0492687225, 24.0257282257, 15.6605625153, 11.5929117203, 8.61699295044, 6.62407684326, 4.46293783188, 2.42506575584, 1.28476572037, 0.801858961582, 0.32804363966, 0.083886474371, 0.0195269435644, 0.00113482738379, 4.57506394014e-05, 3.77630349249e-05],
        "min": [1.36401308033e-22, 6.0190788839e-22, 4.10840334637e-21, 5.89351484601e-21, 1.08790656838e-20, 1.92869971423e-20, 5.04546827939e-20, 5.51105464198e-20, 2.03707003568e-19, 2.27822316954e-19, 4.00625826988e-19, 5.89080654036e-19, 6.76293252849e-19, 1.08068438014e-18, 9.98136201098e-19, 1.36667514929e-18, 1.84428168695e-18, 2.75757242166e-18, 2.48966413089e-18, 3.76562558772e-18, 3.97441548691e-18, 4.24556901402e-18, 5.47548484167e-18, 7.64024628322e-18, 7.28253120014e-18, 1.03930495951e-17, 1.02685556041e-17, 9.52830009344e-18, 1.22362569812e-17, 1.38862167783e-17, 1.2840610026e-17, 1.20733983535e-17, 9.76727753549e-18, 7.38161172109e-18, 6.56655716273e-18, 3.95098890478e-18, 2.3327942908e-18, 1.0354942625e-18, 2.64090645447e-19, 2.58219711663e-20],
        "stdev": [0.0034311208874, 0.0655807033181, 0.638984382153, 3.40038013458, 4.6450958252, 9.42076396942, 26.0351352692, 33.4460334778, 46.1038322449, 45.2485389709, 43.6013565063, 49.3657341003, 69.6958694458, 84.5414505005, 81.2022476196, 60.0605278015, 56.8773994446, 72.0244979858, 69.2380981445, 71.3411865234, 78.2730331421, 79.0261764526, 69.2720870972, 32.1090240479, 21.4645748138, 23.516046524, 15.0060033798, 11.935508728, 9.22727775574, 7.40608119965, 5.60667800903, 4.21178388596, 3.47947621346, 2.61588311195, 0.954323589802, 0.282952010632, 0.0549026504159, 0.00236700451933, 6.62023812765e-05, 1.34139472721e-05]
    },
    "gfcc": {
        "mean": [-13.8082723618, 64.1606292725, -169.517868042, 16.98320961, -76.0823898315, 3.02447652817, -49.0891647339, 4.07002782822, -25.9144821167, -4.08226108551, -17.5538825989, -0.030284030363, -10.8943214417],
        "cov": [[54349.0703125, 5321.18212891, -5912.65429688, 1168.19384766, -2834.90405273, 8.12372493744, -2060.18798828, 10.2890605927, -1051.06225586, -371.749176025, -759.272583008, -156.979904175, -517.143554688], [5321.18212891, 2071.62231445, 317.910980225, 348.149658203, -200.211532593, -218.874664307, -199.912384033, -29.0006923676, -49.1569480896, -185.519363403, -0.191069379449, -38.4897918701, -70.0539474487], [-5912.65429688, 317.910980225, 1712.52893066, 140.261489868, 334.29473877, -70.8021697998, 175.186248779, 32.7530670166, 96.4635467529, 15.3816537857, 102.14427948, 20.0043983459, -16.2125110626], [1168.19384766, 348.149658203, 140.261489868, 240.590377808, -6.87983131409, -36.8536109924, -55.64220047, 8.50507736206, -3.49207019806, -24.5128955841, -3.39748430252, -1.51173341274, -22.0858402252], [-2834.90405273, -200.211532593, 334.29473877, -6.87983131409, 243.037780762, 19.5176696777, 122.465255737, 11.9531898499, 56.4479370117, 12.6421051025, 36.6030921936, 10.25278759, 30.0967979431], [8.12372493744, -218.874664307, -70.8021697998, -36.8536109924, 19.5176696777, 146.840423584, 53.9884109497, 3.51539850235, -28.3773670197, 23.2128982544, -25.012506485, -5.95362281799, -10.0648422241], [-2060.18798828, -199.912384033, 175.186248779, -55.64220047, 122.465255737, 53.9884109497, 162.207321167, 11.931385994, 37.0690689087, 10.4854030609, 22.1731987, -1.59949541092, 14.3780050278], [10.2890605927, -29.0006923676, 32.7530670166, 8.50507736206, 11.9531898499, 3.51539850235, 11.931385994, 68.8038635254, 18.1154403687, 11.1739177704, 0.532088220119, 7.89638185501, -5.08638238907], [-1051.06225586, -49.1569480896, 96.4635467529, -3.49207019806, 56.4479370117, -28.3773670197, 37.0690689087, 18.1154403687, 83.7932662964, 14.3123998642, 27.166223526, -0.378207325935, 12.4925813675], [-371.749176025, -185.519363403, 15.3816537857, -24.5128955841, 12.6421051025, 23.2128982544, 10.4854030609, 11.1739177704, 14.3123998642, 79.206817627, 11.719455719, 1.92625069618, -9.81071853638], [-759.272583008, -0.191069379449, 102.14427948, -3.39748430252, 36.6030921936, -25.012506485, 22.1731987, 0.532088220119, 27.166223526, 11.719455719, 65.4270553589, 28.5866107941, 18.2459907532], [-156.979904175, -38.4897918701, 20.0043983459, -1.51173341274, 10.25278759, -5.95362281799, -1.59949541092, 7.89638185501, -0.378207325935, 1.92625069618, 28.5866107941, 56.9308280945, 28.5217247009], [-517.143554688, -70.0539474487, -16.2125110626, -22.0858402252, 30.0967979431, -10.0648422241, 14.3780050278, -5.08638238907, 12.4925813675, -9.81071853638, 18.2459907532, 28.5217247009, 61.1891555786]],
        "icov": [[0.00163630116731, -0.00402882602066, 0.00448954384774, -0.0039429073222, 0.00546858273447, -0.0053548370488, 0.00599968386814, -0.0052856290713, 0.0047489986755, -0.00434145564213, 0.00447101378813, -0.00376619282179, 0.00232004048303], [-0.00402882602066, 0.0110411774367, -0.0113547323272, 0.008729910478, -0.0125003913417, 0.013831439428, -0.014447777532, 0.0130227375776, -0.0114216562361, 0.0128393275663, -0.0120399463922, 0.0101646762341, -0.00512292049825], [0.00448954384774, -0.0113547323272, 0.0134152323008, -0.0111295096576, 0.0135384434834, -0.0140697006136, 0.0156513564289, -0.014532876201, 0.0132148936391, -0.0125863095745, 0.0118768047541, -0.0109532633796, 0.00747011089697], [-0.0039429073222, 0.008729910478, -0.0111295096576, 0.0159069783986, -0.0147539097816, 0.0121773006395, -0.011756002903, 0.011920388788, -0.0121412510052, 0.0106536494568, -0.00991181191057, 0.00787568371743, -0.00405164575204], [0.00546858273447, -0.0125003913417, 0.0135384434834, -0.0147539097816, 0.0283666662872, -0.0182493962348, 0.0156386662275, -0.0173368435353, 0.0136563004926, -0.0133444126695, 0.0139916604385, -0.0113191241398, 0.00427446747199], [-0.0053548370488, 0.013831439428, -0.0140697006136, 0.0121773006395, -0.0182493962348, 0.0299481078982, -0.0254709292203, 0.0171570144594, -0.0100713819265, 0.0112625788897, -0.0103157591075, 0.010645695962, -0.00546457944438], [0.00599968386814, -0.014447777532, 0.0156513564289, -0.011756002903, 0.0156386662275, -0.0254709292203, 0.0368967875838, -0.0208348017186, 0.0141956983134, -0.0124815078452, 0.0123114790767, -0.0102625032887, 0.00799889490008], [-0.0052856290713, 0.0130227375776, -0.014532876201, 0.011920388788, -0.0173368435353, 0.0171570144594, -0.0208348017186, 0.0345723107457, -0.0205089151859, 0.0124478116632, -0.0100670605898, 0.00546744419262, -0.00355498772115], [0.0047489986755, -0.0114216562361, 0.0132148936391, -0.0121412510052, 0.0136563004926, -0.0100713819265, 0.0141956983134, -0.0205089151859, 0.0345390327275, -0.0158310718834, 0.00717762857676, -0.00420055026188, 0.00299280346371], [-0.00434145564213, 0.0128393275663, -0.0125863095745, 0.0106536494568, -0.0133444126695, 0.0112625788897, -0.0124815078452, 0.0124478116632, -0.0158310718834, 0.0319953635335, -0.0180960483849, 0.0110674742609, -0.000498979235999], [0.00447101378813, -0.0120399463922, 0.0118768047541, -0.00991181191057, 0.0139916604385, -0.0103157591075, 0.0123114790767, -0.0100670605898, 0.00717762857676, -0.0180960483849, 0.0419243089855, -0.0256864074618, 0.00636828690767], [-0.00376619282179, 0.0101646762341, -0.0109532633796, 0.00787568371743, -0.0113191241398, 0.010645695962, -0.0102625032887, 0.00546744419262, -0.00420055026188, 0.0110674742609, -0.0256864074618, 0.0425308942795, -0.019601020962], [0.00232004048303, -0.00512292049825, 0.00747011089697, -0.00405164575204, 0.00427446747199, -0.00546457944438, 0.00799889490008, -0.00355498772115, 0.00299280346371, -0.000498979235999, 0.00636828690767, -0.019601020962, 0.0319725982845]]
    },
    "melbands": {
        "max": [0.000327559420839, 0.00190678332001, 0.0066708154045, 0.0049866209738, 0.00527125131339, 0.00649012625217, 0.00459731835872, 0.00642066402361, 0.00342969014309, 0.00401672720909, 0.00353238149546, 0.0030818535015, 0.00337419100106, 0.00222866958939, 0.00172761827707, 0.00165629864205, 0.00141508004162, 0.000946060114074, 0.00108187971637, 0.000819309148937, 0.00113772146869, 0.000743959681131, 0.000676235184073, 0.000389787834138, 0.000183581607416, 0.000132654779009, 0.000124276601127, 0.000205301694223, 8.26951290946e-05, 8.93887045095e-05, 0.000102699566924, 8.90283699846e-05, 9.00764134713e-05, 6.3123399741e-05, 4.22026460001e-05, 4.55932276964e-05, 5.35518374818e-05, 5.36451334483e-05, 6.25273532933e-05, 3.89702036045e-05],
        "mean": [2.86997528747e-05, 0.000211748119909, 0.000364405277651, 0.000352378177922, 0.00056512322044, 0.000645609106869, 0.000556954124477, 0.000354529067408, 0.000337802717695, 0.000239686691202, 0.000257513514953, 0.000245042290771, 0.000222337650484, 0.00013734390086, 0.000160401672474, 0.000115463742986, 0.000127458843053, 9.55411596806e-05, 0.000117109484563, 9.36905125855e-05, 9.00846862351e-05, 0.000106738320028, 6.93476540619e-05, 4.86751960125e-05, 3.19315076922e-05, 1.81740197149e-05, 1.97408407985e-05, 1.50734140334e-05, 1.00348579508e-05, 8.31555644254e-06, 6.15205590293e-06, 5.08019456902e-06, 4.02991372539e-06, 3.52717120222e-06, 2.73942350759e-06, 1.91403478311e-06, 1.28260796828e-06, 9.09593723009e-07, 7.97735765445e-07, 6.33543322692e-07],
        "min": [1.37758562942e-24, 1.81725528279e-24, 1.41248069435e-24, 1.29232357063e-24, 1.6216385845e-24, 1.42620490195e-24, 3.87313191751e-24, 2.56166427043e-24, 2.69954552097e-24, 3.16121650499e-24, 3.16801983865e-24, 3.38179700245e-24, 2.08877686763e-24, 3.56473384637e-24, 3.4728418061e-24, 5.09269352205e-24, 4.31825930506e-24, 3.71764861639e-24, 2.90165720691e-24, 4.80669949504e-24, 3.8598478943e-24, 3.44411149193e-24, 3.23605771122e-24, 6.02503244871e-24, 5.63485277309e-24, 4.85188899756e-24, 5.30877277918e-24, 5.51964082117e-24, 5.65163973315e-24, 5.6512764627e-24, 5.20097138661e-24, 6.72444283816e-24, 6.28245708917e-24, 6.68985523178e-24, 6.21591391081e-24, 5.64615596657e-24, 7.62871014952e-24, 6.17395794913e-24, 5.23639479112e-24, 5.01333293169e-24],
        "stdev": [4.06659746659e-05, 0.000253105798038, 0.000567436043639, 0.000470869272249, 0.000712050066795, 0.000756569264922, 0.000675031042192, 0.000488611694891, 0.000411497167079, 0.000312868069159, 0.000345771783032, 0.000319453829434, 0.000305704132188, 0.000163517150213, 0.00017867598217, 0.00013809511438, 0.00014541335986, 0.000114103517262, 0.000122139870655, 0.000102840363979, 0.000101244419056, 9.30152236833e-05, 6.54201503494e-05, 4.81432689412e-05, 2.74893609458e-05, 1.64073553606e-05, 1.67635607795e-05, 1.72099971678e-05, 9.98499035632e-06, 8.83700249688e-06, 6.9487196015e-06, 5.50020104129e-06, 4.61603349322e-06, 4.26104770668e-06, 3.46881984115e-06, 2.7516953196e-06, 2.58692421085e-06, 2.27441751122e-06, 3.06515062221e-06, 1.91610365619e-06]
    },
    "melbands128": {
        "max": [3.25372711814e-05, 0.00022405287018, 0.000482671253849, 0.00101965677459, 0.00233304221183, 0.0034188744612, 0.00910853687674, 0.00947702117264, 0.00692418264225, 0.00747985579073, 0.0073385941796, 0.00639475509524, 0.00845362618566, 0.00938192941248, 0.0124297831208, 0.00856769643724, 0.00895014032722, 0.0056656957604, 0.0083275847137, 0.00784762203693, 0.00970856100321, 0.00296433037147, 0.00530709605664, 0.00573095213622, 0.00721420068294, 0.0053840233013, 0.00596517557278, 0.00654919352382, 0.00435778265819, 0.0025172161404, 0.00633871648461, 0.00563123635948, 0.00487371347845, 0.00524812471122, 0.00296753807925, 0.00494193937629, 0.00215433863923, 0.00364779820666, 0.00179143389687, 0.00192977790721, 0.00325851351954, 0.00160125934053, 0.00284631736577, 0.00357615249231, 0.0015750072198, 0.00185307406355, 0.00260718702339, 0.00265412963927, 0.000897629652172, 0.000880590989254, 0.00152519124094, 0.00119439815171, 0.000984339509159, 0.00274095963687, 0.00137876311783, 0.00156657537445, 0.000939672172535, 0.0016499661142, 0.000972791342065, 0.0014434417244, 0.000433739885921, 0.000892978277989, 0.000329034985043, 0.000299176113913, 0.000182112242328, 0.000154105189722, 0.000203846037039, 0.000247341755312, 0.000259462278336, 0.00029689722578, 0.000382982369047, 0.000264114321908, 0.000131420732941, 0.000127133083879, 9.37470831559e-05, 0.000194719759747, 0.000110215914901, 0.00011442349205, 0.000150451451191, 7.82771821832e-05, 7.70450933487e-05, 8.69964351295e-05, 0.000146984239109, 9.00953527889e-05, 6.18088743067e-05, 6.58856515656e-05, 8.1123347627e-05, 7.68093377701e-05, 4.85804885102e-05, 6.25883767498e-05, 7.99055196694e-05, 3.49611837009e-05, 5.85619491176e-05, 4.23874262196e-05, 5.77659993724e-05, 8.30101416796e-05, 3.2567881135e-05, 4.42679556727e-05, 9.50712201302e-05, 0.00011043716222, 5.16125910508e-05, 4.01622746722e-05, 2.98661125271e-05, 3.67042594007e-05, 2.30235091294e-05, 1.30665048346e-05, 9.60949819273e-06, 1.22424717119e-05, 1.44395280586e-05, 2.57519313891e-05, 9.76396495389e-06, 7.9310275396e-06, 3.16445766657e-06, 1.01373359485e-06, 6.12753808582e-07, 1.03477972857e-07, 1.14069358403e-08, 2.4045696545e-09, 2.27733498726e-09, 2.18160733922e-09, 2.11082351598e-09, 2.03838346202e-09, 2.01279948264e-09, 1.94448057655e-09, 1.91471660749e-09, 1.88794313516e-09, 1.85548898468e-09, 1.87167303878e-09],
        "mean": [1.09598090603e-06, 9.02870579012e-06, 2.96109719784e-05, 8.5114785179e-05, 0.000210843878449, 0.000284277775791, 0.000409224565374, 0.000373707123799, 0.000320450548315, 0.000381097081117, 0.000362293998478, 0.000278664781945, 0.000701156794094, 0.000862745684572, 0.000456122070318, 0.000641142542008, 0.000764258147683, 0.000422376499046, 0.000521826557815, 0.000348166853655, 0.000339541875292, 0.000155056244694, 0.00041153060738, 0.000446323159849, 0.000180376286153, 0.00019566687115, 0.000235710002016, 0.000326603156282, 0.000219756693696, 0.0001326843485, 0.000320697610732, 0.000349428184563, 0.000155404617544, 0.000223841430852, 0.000104095961433, 0.000123348858324, 0.000148971565068, 0.000224470131798, 0.000106809551653, 0.000105945771793, 0.000136220696731, 9.32434413699e-05, 0.000138686562423, 0.00014569448831, 9.24960622797e-05, 8.37997649796e-05, 9.24675987335e-05, 0.000150565218064, 0.000108513835585, 7.88029065006e-05, 0.00011102706776, 8.50970754982e-05, 7.48582169763e-05, 9.93020876194e-05, 0.000108172083856, 0.000127803577925, 8.75472978805e-05, 5.20446810697e-05, 7.16898503015e-05, 8.50203068694e-05, 3.57231583621e-05, 3.27409834426e-05, 4.47680467914e-05, 2.72203596978e-05, 2.10159851122e-05, 1.82259464054e-05, 1.5072198039e-05, 2.01885359274e-05, 2.19022313104e-05, 1.71805349964e-05, 1.45684416566e-05, 1.5606652596e-05, 1.11944709715e-05, 8.4303173935e-06, 8.5903047875e-06, 1.03203110484e-05, 6.82705922372e-06, 6.9444354267e-06, 6.07688070886e-06, 5.22413029103e-06, 5.74579235035e-06, 4.68292182632e-06, 4.23347182732e-06, 3.97946450903e-06, 3.97688700104e-06, 3.58187185157e-06, 3.48472190126e-06, 3.0403934943e-06, 2.93871607937e-06, 2.30568525694e-06, 2.05438141165e-06, 1.76329137958e-06, 1.74666922703e-06, 1.2010887076e-06, 1.07971345642e-06, 1.0728633697e-06, 8.30939370644e-07, 7.3162686931e-07, 8.85458462108e-07, 7.80927678079e-07, 6.76902402574e-07, 6.67197298299e-07, 4.80154540128e-07, 5.06245669385e-07, 3.91317428239e-07, 2.46590673214e-07, 2.25662773801e-07, 1.49291395246e-07, 1.34327976298e-07, 1.01596839386e-07, 1.04763060449e-07, 7.50003295025e-08, 5.95542637427e-08, 3.71551855949e-08, 2.33681802797e-08, 3.99542399165e-09, 1.13002419921e-10, 8.17059527675e-12, 7.50071012245e-12, 7.35200615665e-12, 7.19706325786e-12, 7.10847613411e-12, 6.96931835159e-12, 6.80403216408e-12, 6.74536468348e-12, 6.73169592985e-12, 6.70810369058e-12, 6.64981958387e-12],
        "min": [4.78053622054e-26, 9.18042992123e-25, 5.83340797825e-25, 4.40746399204e-25, 1.44312725026e-24, 5.96440079675e-25, 5.6704613627e-25, 3.82784918149e-25, 7.41826355646e-25, 8.41768524235e-25, 4.68030090384e-25, 3.15388759275e-25, 5.41630122588e-25, 1.57565420601e-24, 6.49851534288e-25, 1.24254802523e-24, 9.83894536693e-25, 1.88718011065e-24, 6.93783543227e-25, 1.17274349867e-24, 1.34652206191e-24, 1.29016495137e-24, 1.73894683567e-24, 1.01254399262e-24, 1.34247707901e-24, 5.43679435308e-25, 1.21715952308e-24, 1.08904535662e-24, 1.57115848771e-24, 2.26390083315e-24, 2.38266640623e-24, 1.66885772753e-24, 1.324766067e-24, 1.63843609558e-24, 1.77909354486e-24, 1.51719251318e-24, 1.10517381505e-24, 1.25112254884e-24, 1.39933570787e-24, 1.76249906685e-24, 2.93544293619e-24, 2.02229226219e-24, 2.01265021256e-24, 3.06028135773e-24, 2.05553407187e-24, 1.82051406719e-24, 1.04869462828e-24, 8.53187187231e-25, 2.85792709706e-24, 2.71559055735e-24, 2.88502348308e-24, 2.71063217213e-24, 1.64180699684e-24, 2.19242234374e-24, 1.77066555216e-24, 5.7075915664e-25, 9.7084224137e-25, 2.45165899771e-24, 3.44997706719e-24, 1.91332335548e-24, 3.35258429983e-24, 2.86722421726e-24, 3.12961217333e-24, 2.45483376842e-24, 3.04429114719e-24, 2.62463962814e-24, 1.7329619452e-24, 2.54615506782e-24, 3.62902246027e-24, 3.35386028235e-24, 3.54313286263e-24, 2.62947573992e-24, 4.15447363733e-24, 3.56926388011e-24, 3.63068577349e-24, 3.18326595615e-24, 4.6396522819e-24, 4.36817447884e-24, 3.42215867623e-24, 4.69199280853e-24, 4.64419809287e-24, 4.17471068057e-24, 3.08587082221e-24, 4.89649040428e-24, 4.35980900337e-24, 4.55667594758e-24, 4.71046516992e-24, 2.66966662532e-24, 4.27543875183e-24, 4.5503256173e-24, 4.60688615534e-24, 3.0355653595e-24, 3.78725099735e-24, 5.54738584807e-24, 5.39003412989e-24, 5.39470260872e-24, 3.07304473275e-24, 4.18291365069e-24, 3.2567538715e-24, 4.415353883e-24, 4.36601378882e-24, 4.27513188494e-24, 4.0749773629e-24, 6.66180491571e-24, 3.69948982721e-24, 5.7894616219e-24, 4.90405913024e-24, 4.82707537779e-24, 3.62499926965e-24, 5.9131790721e-24, 5.41324517873e-24, 4.91474622335e-24, 5.05990254637e-24, 6.34048135863e-24, 5.38293674832e-24, 5.66117430048e-24, 6.57059050696e-24, 6.04942639448e-24, 4.65908547587e-24, 7.05892696173e-24, 5.21784591023e-24, 4.6634806144e-24, 5.01150671869e-24, 6.20007831699e-24, 6.06774137812e-24, 6.31109471219e-24, 6.34401427219e-24, 5.65592206457e-24],
        "stdev": [3.32887907462e-06, 2.52296104009e-05, 5.29266799276e-05, 0.000126036524307, 0.000294568861136, 0.000406482286053, 0.000768284546211, 0.000746033736505, 0.000495701504406, 0.000615459808614, 0.000658750941511, 0.000505180563778, 0.00108931632712, 0.00125238415785, 0.000974921917077, 0.00114404899068, 0.00114908302203, 0.000634565076325, 0.000964197039139, 0.00053589505842, 0.0007183458074, 0.000257801351836, 0.00061027664924, 0.000654880364891, 0.00039445963921, 0.000381747231586, 0.000482905918034, 0.000575934827793, 0.000369927700376, 0.000202111128601, 0.000587616872508, 0.000705969752744, 0.000325994333252, 0.000459144968772, 0.000169753548107, 0.000258495507296, 0.000213580031414, 0.000322343606967, 0.000164029261214, 0.000168068843777, 0.000199615809834, 0.000156691443408, 0.000208277953789, 0.000210638594581, 0.000141598255141, 0.000140432020999, 0.00016361042799, 0.000190955222934, 0.000131056556711, 0.00011756495951, 0.000153873043018, 0.000112362307846, 0.000117847623187, 0.000169694787473, 0.00013530421711, 0.000154778652359, 0.000106477207737, 8.32505465951e-05, 9.29621164687e-05, 0.000135885667987, 4.7821438784e-05, 5.17829284945e-05, 4.67331010441e-05, 3.12090342049e-05, 2.11247952393e-05, 1.97376521101e-05, 2.02360297408e-05, 2.27662185353e-05, 2.28881581279e-05, 2.25121166295e-05, 2.37800559262e-05, 2.38679494942e-05, 1.31371161842e-05, 1.06497273009e-05, 1.01783198261e-05, 1.5552928744e-05, 8.49507523526e-06, 8.3215190898e-06, 8.5330912043e-06, 6.5066424213e-06, 6.61171861793e-06, 5.67343295188e-06, 6.11484983892e-06, 5.22521941093e-06, 4.5667620725e-06, 4.56990119346e-06, 5.04620038555e-06, 4.49031767857e-06, 3.90612513002e-06, 3.6521084894e-06, 3.26976669385e-06, 2.65973358182e-06, 3.42470752912e-06, 2.61709533333e-06, 2.42170085585e-06, 3.26191616296e-06, 1.82111625691e-06, 2.27853865908e-06, 3.7417889871e-06, 3.75286504095e-06, 2.21146433432e-06, 1.94390463548e-06, 1.55031989379e-06, 1.72386774011e-06, 1.18163563911e-06, 7.09371022367e-07, 5.26657402133e-07, 4.98586985032e-07, 4.91956200221e-07, 6.70238989642e-07, 3.53933813813e-07, 2.42823148255e-07, 1.36648878879e-07, 6.9034612693e-08, 4.51613040298e-08, 7.83119791237e-09, 5.84463588638e-10, 5.92815310729e-11, 5.54834025945e-11, 5.31590223229e-11, 5.14350853575e-11, 4.96733661148e-11, 4.90463711311e-11, 4.73882218188e-11, 4.66646200847e-11, 4.60102893285e-11, 4.52221697589e-11, 4.56099671919e-11]
    },
    "mfcc": {
        "mean": [-615.582214355, 91.8664550781, -39.7363777161, 4.21623563766, -12.9832639694, -8.48020458221, -15.6166915894, -1.25067698956, -8.03109741211, -6.74028873444, -7.26479816437, -2.97002625465, -3.06249451637],
        "cov": [[19920.7519531, 2550.8046875, -1133.66577148, 157.601593018, -370.320465088, -207.686737061, -451.52911377, -44.1507568359, -231.708450317, -174.27796936, -194.593902588, -84.3703079224, -103.752456665], [2550.8046875, 1455.07019043, 498.045593262, 355.692962646, 60.9012489319, -128.698532104, -88.6845855713, 51.7250595093, -80.1704177856, -74.2052536011, -29.6799278259, -7.1720457077, 22.8691062927], [-1133.66577148, 498.045593262, 911.405151367, 307.263641357, 158.698135376, -21.2834873199, 27.4178924561, 26.6520938873, -33.3755149841, -12.5694580078, 36.4503326416, 13.1349039078, 29.3322429657], [157.601593018, 355.692962646, 307.263641357, 299.418426514, 101.715591431, -42.6767883301, -32.2986602783, 22.825876236, -21.8425216675, -14.2681398392, 0.423269182444, 8.91184520721, 26.3935012817], [-370.320465088, 60.9012489319, 158.698135376, 101.715591431, 117.693557739, -2.37692666054, 5.60765123367, 13.3990745544, 2.20515918732, -2.68344330788, 3.07016968727, 1.94037353992, 15.038772583], [-207.686737061, -128.698532104, -21.2834873199, -42.6767883301, -2.37692666054, 110.937294006, 55.387638092, 2.24762272835, 13.1696367264, 12.6697425842, 12.9734630585, -8.42655754089, -20.8089237213], [-451.52911377, -88.6845855713, 27.4178924561, -32.2986602783, 5.60765123367, 55.387638092, 98.344329834, 23.6565380096, 19.0682621002, 4.73000478745, 11.7695541382, 6.85918140411, -8.10688495636], [-44.1507568359, 51.7250595093, 26.6520938873, 22.825876236, 13.3990745544, 2.24762272835, 23.6565380096, 74.0375289917, 15.4183197021, -5.25403022766, -2.47598195076, -1.17551743984, 2.78602361679], [-231.708450317, -80.1704177856, -33.3755149841, -21.8425216675, 2.20515918732, 13.1696367264, 19.0682621002, 15.4183197021, 57.5074386597, 21.2657318115, 4.78067970276, 1.8139654398, -5.58728218079], [-174.27796936, -74.2052536011, -12.5694580078, -14.2681398392, -2.68344330788, 12.6697425842, 4.73000478745, -5.25403022766, 21.2657318115, 60.9307060242, 28.8202934265, 3.98467254639, -13.5405740738], [-194.593902588, -29.6799278259, 36.4503326416, 0.423269182444, 3.07016968727, 12.9734630585, 11.7695541382, -2.47598195076, 4.78067970276, 28.8202934265, 60.6321220398, 21.1661720276, -6.6896944046], [-84.3703079224, -7.1720457077, 13.1349039078, 8.91184520721, 1.94037353992, -8.42655754089, 6.85918140411, -1.17551743984, 1.8139654398, 3.98467254639, 21.1661720276, 52.0113182068, 20.4365615845], [-103.752456665, 22.8691062927, 29.3322429657, 26.3935012817, 15.038772583, -20.8089237213, -8.10688495636, 2.78602361679, -5.58728218079, -13.5405740738, -6.6896944046, 20.4365615845, 63.0723381042]],
        "icov": [[0.00010989484872, -0.000272750679869, 0.000268328352831, -6.19055717834e-05, 0.000133259949507, -0.000206042313948, 0.000239691507886, 4.76446803077e-05, 0.000154348701471, 4.70672739539e-06, 8.60658401507e-05, -9.01026578504e-05, 0.000162745636771], [-0.000272750679869, 0.0019399211742, -0.00110756035428, -0.000952378322836, 0.000581569969654, 0.00115226057824, -6.45798354526e-05, -0.000959391240031, 0.000320588238537, 0.000749948958401, -3.57652934326e-05, 0.000318749720464, 0.000119451891806], [0.000268328352831, -0.00110756035428, 0.00281634740531, -0.00147589191329, -0.00112593651284, -0.000252196681686, -0.00106781709474, 0.000697043957189, 0.000955110241193, 3.31270530296e-05, -0.00127858296037, 0.00047852852731, -3.08987218887e-05], [-6.19055717834e-05, -0.000952378322836, -0.00147589191329, 0.00803594570607, -0.00455917790532, 7.64294818509e-05, 0.00236061005853, -0.00141648878343, 0.000616923265625, -0.000830928678624, 0.000635832373518, -0.00139362469781, -0.000559355074074], [0.000133259949507, 0.000581569969654, -0.00112593651284, -0.00455917790532, 0.0143715487793, -0.00065398029983, -0.000327045680024, -0.000520743138622, -0.00163415214047, 0.000629978778306, 2.6112778869e-05, 0.00141165673267, -0.00168583483901], [-0.000206042313948, 0.00115226057824, -0.000252196681686, 7.64294818509e-05, -0.00065398029983, 0.015023955144, -0.00838457792997, 0.0013641997939, 3.11321491608e-05, -0.000329282018356, -0.00242114951834, 0.00379221094772, 0.00174980598968], [0.000239691507886, -6.45798354526e-05, -0.00106781709474, 0.00236061005853, -0.000327045680024, -0.00838457792997, 0.0191086679697, -0.00545687973499, -0.00226558395661, 0.00207686726935, 0.000216125074076, -0.00457490934059, 0.00168577872682], [4.76446803077e-05, -0.000959391240031, 0.000697043957189, -0.00141648878343, -0.000520743138622, 0.0013641997939, -0.00545687973499, 0.0175169669092, -0.00539683271199, 0.00227559171617, -0.000680210243445, 0.00202086777426, -0.000922575651202], [0.000154348701471, 0.000320588238537, 0.000955110241193, 0.000616923265625, -0.00163415214047, 3.11321491608e-05, -0.00226558395661, -0.00539683271199, 0.0247434973717, -0.0091548692435, 0.00349127314985, -0.00176569446921, 0.000951344729401], [4.70672739539e-06, 0.000749948958401, 3.31270530296e-05, -0.000830928678624, 0.000629978778306, -0.000329282018356, 0.00207686726935, 0.00227559171617, -0.0091548692435, 0.0268301796168, -0.0123329311609, 0.00207106233574, 0.00294557539746], [8.60658401507e-05, -3.57652934326e-05, -0.00127858296037, 0.000635832373518, 2.6112778869e-05, -0.00242114951834, 0.000216125074076, -0.000680210243445, 0.00349127314985, -0.0123329311609, 0.0284489560872, -0.0126114422455, 0.00450123474002], [-9.01026578504e-05, 0.000318749720464, 0.00047852852731, -0.00139362469781, 0.00141165673267, 0.00379221094772, -0.00457490934059, 0.00202086777426, -0.00176569446921, 0.00207106233574, -0.0126114422455, 0.0295287445188, -0.0102831535041], [0.000162745636771, 0.000119451891806, -3.08987218887e-05, -0.000559355074074, -0.00168583483901, 0.00174980598968, 0.00168577872682, -0.000922575651202, 0.000951344729401, 0.00294557539746, 0.00450123474002, -0.0102831535041, 0.0220903307199]]
    },
    "spectral_contrast_coeffs": {
        "max": [-0.447195112705, -0.482972174883, -0.523869276047, -0.6059653759, -0.617481946945, -0.636901974678],
        "mean": [-0.674923598766, -0.75192117691, -0.748845815659, -0.772189617157, -0.763395607471, -0.743790328503],
        "min": [-0.979015827179, -0.98228174448, -0.984832346439, -0.984725594521, -0.98000395298, -0.971990048885],
        "stdev": [0.0815429762006, 0.0862305313349, 0.0789622291923, 0.0584719106555, 0.0555503852665, 0.0514753311872]
    },
    "spectral_contrast_valleys": {
        "max": [-5.52876329422, -4.9859213829, -5.3394818306, -5.33897542953, -5.61919927597, -7.54180002213],
        "mean": [-8.06837654114, -6.89709377289, -7.29296779633, -7.42773532867, -7.42980575562, -10.319981575],
        "min": [-27.8866100311, -27.8114185333, -27.6599464417, -27.6930561066, -27.5382003784, -27.3685626984],
        "stdev": [3.380443573, 3.39323616028, 3.32384967804, 3.3110909462, 3.25590920448, 2.7777056694]
    }
},
"rhythm": {
    "beats_count": 61,
    "beats_loudness": {
        "max": 0.0440573953092,
        "mean": 0.0291568264365,
        "min": 0,
        "stdev": 0.00817706156522
    },
    "bpm": 91.5496826172,
    "bpm_histogram_first_peak_bpm": 92,
    "bpm_histogram_first_peak_weight": 0.225000023842,
    "bpm_histogram_second_peak_bpm": 103,
    "bpm_histogram_second_peak_spread": 0.555555582047,
    "bpm_histogram_second_peak_weight": 0.0666666701436,
    "danceability": 1.09942889214,
    "onset_rate": 1.67840731144,
    "beats_loudness_band_ratio": {
        "max": [0.308682858944, 0.477403730154, 0.561240315437, 0.56609338522, 0.58116132021, 0.802222788334],
        "mean": [0.0835635587573, 0.166002333164, 0.215103000402, 0.237530127168, 0.242604672909, 0.0933001935482],
        "min": [0, 0, 0, 0, 0, 0],
        "stdev": [0.0775300338864, 0.133439168334, 0.13917376101, 0.13274410367, 0.16412641108, 0.10130879283]
    },
    "beats_position": [0.615328788757, 1.24226760864, 1.88081634045, 2.53097510338, 3.16952371597, 3.80807256699, 4.45823097229, 5.10838985443, 5.7701587677, 6.43192720413, 7.08208608627, 7.73224496841, 8.38240337372, 9.03256225586, 9.69433116913, 10.3560991287, 11.0062580109, 11.656416893, 12.3065757751, 12.9567346573, 13.6068935394, 14.268661499, 14.9304304123, 15.5805892944, 16.2307472229, 16.8925170898, 17.5542850494, 18.2160549164, 18.877822876, 19.5279808044, 20.1665306091, 20.8282985687, 21.4900684357, 22.1518363953, 22.8019943237, 23.4521541595, 24.1255321503, 24.7989120483, 25.5071201324, 26.2153282166, 26.8887062073, 27.5504760742, 28.2238540649, 28.8391838074, 29.4545116425, 30.0582313538, 30.6735591888, 31.2540588379, 31.8345565796, 32.4150543213, 32.9955558777, 33.5876655579, 34.1797714233, 34.7486610413, 35.3175506592, 35.8400001526, 36.362449646, 36.8965072632, 37.4305648804, 37.9646263123, 38.4986839294],
