{
"metadata": {
    "version": {
        "essentia": "2.1-beta5",
        "essentia_git_sha": "Undefined",
        "extractor": "music 2.0"
    },
    "audio_properties": {
        "analysis": {
            "equal_loudness": 0,
            "length": 48.7502937317,
            "sample_rate": 44100,
            "start_time": 77.7520217896,
            "downmix": "mix"
        },
        "bit_rate": 192000,
        "length": 179.559906006,
        "lossless": 0,
        "number_channels": 2,
        "replay_gain": -7.02850341797,
        "sample_rate": 44100,
        "codec": "mp3",
        "md5_encoded": "3f0faf6ce6d0d5372b8432a8e6ffcf7b"
    },
    "tags": {
        "file_name": "Ireland_Wait Until The Weekend Comes_Maria Christian.mp3",
        "encoding": ["Lavf58.29.100"]
    }
},
"lowlevel": {
    "average_loudness": 0.8389955163,
    "barkbands_crest": {
        "max": 26.1093330383,
        "mean": 8.76195716858,
        "min": 2.96137928963,
        "stdev": 3.85854291916
    },
    "barkbands_flatness_db": {
        "max": 0.360572904348,
        "mean": 0.195842534304,
        "min": 0.0881928578019,
        "stdev": 0.0327331200242
    },
    "barkbands_kurtosis": {
        "max": 124.934242249,
        "mean": 2.65201067924,
        "min": -1.88514745235,
        "stdev": 7.024538517
    },
    "barkbands_skewness": {
        "max": 9.14427757263,
        "mean": 1.24130141735,
        "min": -2.696870327,
        "stdev": 1.07739698887
    },
    "barkbands_spread": {
        "max": 80.5371780396,
        "mean": 18.9506397247,
        "min": 0.791095793247,
        "stdev": 10.3218460083
    },
    "dissonance": {
        "max": 0.500000059605,
        "mean": 0.459282904863,
        "min": 0.2506300807,
        "stdev": 0.0275615248829
    },
    "dynamic_complexity": 3.35109639168,
    "erbbands_crest": {
        "max": 28.07147789,
        "mean": 8.89006900787,
        "min": 2.6460750103,
        "stdev": 3.93070363998
    },
    "erbbands_flatness_db": {
        "max": 0.345103263855,
        "mean": 0.23390071094,
        "min": 0.137987345457,
        "stdev": 0.0294278003275
    },
    "erbbands_kurtosis": {
        "max": 32.0972099304,
        "mean": 0.0216005630791,
        "min": -1.88237833977,
        "stdev": 2.2745320797
    },
    "erbbands_skewness": {
        "max": 5.29034852982,
        "mean": 0.314067095518,
        "min": -3.84139561653,
        "stdev": 0.804126024246
    },
    "erbbands_spread": {
        "max": 107.873176575,
        "mean": 34.245300293,
        "min": 5.29932308197,
        "stdev": 13.4840421677
    },
    "hfc": {
        "max": 115.98563385,
        "mean": 14.7258443832,
        "min": 0.205269128084,
        "stdev": 16.1918582916
    },
    "loudness_ebu128": {
        "integrated": -19.1791572571,
        "loudness_range": 7.006483078,
        "momentary": {
            "max": -14.2311382294,
            "mean": -20.5090656281,
            "min": -31.6827354431,
            "stdev": 3.57034444809
        },
        "short_term": {
            "max": -16.812828064,
            "mean": -20.0964241028,
            "min": -26.717874527,
            "stdev": 2.75789189339
        }
    },
    "melbands_crest": {
        "max": 30.480430603,
        "mean": 11.1387825012,
        "min": 3.41521048546,
        "stdev": 4.65936946869
    },
    "melbands_flatness_db": {
        "max": 0.411995589733,
        "mean": 0.216407895088,
        "min": 0.0549369044602,
        "stdev": 0.0498814247549
    },
    "melbands_kurtosis": {
        "max": 130.17137146,
        "mean": 7.89631891251,
        "min": -1.85650122166,
        "stdev": 12.0943555832
    },
    "melbands_skewness": {
        "max": 8.72706317902,
        "mean": 2.05206942558,
        "min": -0.631190359592,
        "stdev": 1.24058175087
    },
    "melbands_spread": {
        "max": 211.620407104,
        "mean": 26.3754577637,
        "min": 0.958103060722,
        "stdev": 23.2568454742
    },
    "pitch_salience": {
        "max": 0.873422324657,
        "mean": 0.60381102562,
        "min": 0.116416104138,
        "stdev": 0.101435996592
    },
    "silence_rate_20dB": {
        "max": 1,
        "mean": 1,
        "min": 1,
        "stdev": 0
    },
    "silence_rate_30dB": {
        "max": 1,
        "mean": 1,
        "min": 1,
        "stdev": 0
    },
    "silence_rate_60dB": {
        "max": 1,
        "mean": 0.116135172546,
        "min": 0,
        "stdev": 0.32038885355
    },
    "spectral_centroid": {
        "max": 5114.52294922,
        "mean": 1420.85131836,
        "min": 324.543426514,
        "stdev": 689.305175781
    },
    "spectral_complexity": {
        "max": 50,
        "mean": 16.4493103027,
        "min": 1,
        "stdev": 8.18930625916
    },
    "spectral_decrease": {
        "max": -8.27142937476e-11,
        "mean": -3.30641314328e-09,
        "min": -2.04268442161e-08,
        "stdev": 2.82979573107e-09
    },
    "spectral_energy": {
        "max": 0.0835505798459,
        "mean": 0.0138148395345,
        "min": 0.000337969919201,
        "stdev": 0.0118088768795
    },
    "spectral_energyband_high": {
        "max": 0.0170088615268,
        "mean": 0.00048974447418,
        "min": 5.94965570144e-07,
        "stdev": 0.00130035693292
    },
    "spectral_energyband_low": {
        "max": 0.0348775684834,
        "mean": 0.00106648204383,
        "min": 9.79847209237e-06,
        "stdev": 0.00252281152643
    },
    "spectral_energyband_middle_high": {
        "max": 0.039760876447,
        "mean": 0.00492397742346,
        "min": 2.10676007555e-05,
        "stdev": 0.00636433623731
    },
    "spectral_energyband_middle_low": {
        "max": 0.066645860672,
        "mean": 0.00795174948871,
        "min": 0.000126852377434,
        "stdev": 0.0071785566397
    },
    "spectral_entropy": {
        "max": 8.33496665955,
        "mean": 7.25715065002,
        "min": 5.79191255569,
        "stdev": 0.356064379215
    },
    "spectral_flux": {
        "max": 0.241519063711,
        "mean": 0.0617867894471,
        "min": 0.00563393812627,
        "stdev": 0.0333434119821
    },
    "spectral_kurtosis": {
        "max": 29.1700325012,
        "mean": 4.06248855591,
        "min": -1.36345970631,
        "stdev": 3.57186841965
    },
    "spectral_rms": {
        "max": 0.009028442204,
        "mean": 0.00337063753977,
        "min": 0.000574218400288,
        "stdev": 0.00145488511771
    },
    "spectral_rolloff": {
        "max": 8311.81640625,
        "mean": 1720.70385742,
        "min": 236.865234375,
        "stdev": 1355.64074707
    },
    "spectral_skewness": {
        "max": 3.68977308273,
        "mean": 1.15042185783,
        "min": -0.74821805954,
        "stdev": 0.514919936657
    },
    "spectral_spread": {
        "max": 13546574,
        "mean": 2971052,
        "min": 1573321.125,
        "stdev": 857642.9375
    },
    "spectral_strongpeak": {
        "max": 11.6069421768,
        "mean": 1.09253191948,
        "min": 0.0185534935445,
        "stdev": 1.30523002148
    },
    "zerocrossingrate": {
        "max": 0.2841796875,
        "mean": 0.0597292780876,
        "min": 0.01416015625,
        "stdev": 0.0336345471442
    },
    "barkbands": {
        "max": [0.00069145654561, 0.0034033274278, 0.0102710118517, 0.0398761108518, 0.0176119040698, 0.0324499756098, 0.0274017956108, 0.0149096557871, 0.0164019893855, 0.0212713945657, 0.023425642401, 0.0132222995162, 0.014611880295, 0.0140893235803, 0.00801464542747, 0.0181960519403, 0.0176164563745, 0.00740136019886, 0.0120734469965, 0.00609300797805, 0.00487532513216, 0.00704707298428, 0.00492185773328, 0.00534475035965, 1.02966373561e-06, 7.95386426944e-07, 7.85232884937e-07],
        "mean": [2.79437572317e-05, 0.000206739729038, 0.000398162839701, 0.000822903530207, 0.0015408731997, 0.0020264852792, 0.0013465185184, 0.00110241211951, 0.000814927916508, 0.000817302963696, 0.000880430918187, 0.000518060463946, 0.000430473388406, 0.000354154850356, 0.000294939120067, 0.000249265605817, 0.000467212172225, 0.000325655797496, 0.000508423661813, 0.000328118680045, 0.000104659979115, 9.26883731154e-05, 9.13692201721e-05, 6.51279478916e-05, 9.87916304318e-10, 8.4801587974e-10, 8.57217075101e-10],
        "min": [3.53154616661e-09, 1.47322805333e-06, 6.80522759922e-07, 4.63587582544e-07, 1.27043840621e-05, 6.73116392136e-06, 7.59477700285e-07, 4.68909320261e-07, 9.79779542831e-07, 3.30699947426e-07, 3.80898779184e-09, 3.21567540595e-07, 5.73593410991e-07, 6.49651710205e-08, 4.39306631961e-07, 8.17191647684e-08, 6.25478890015e-07, 3.49348056261e-07, 6.07910124018e-07, 2.45438457114e-07, 8.64441460635e-08, 5.52462608994e-09, 6.49706919376e-08, 3.83909899426e-08, 1.06125750549e-11, 1.52397434949e-11, 2.2369226263e-11],
        "stdev": [5.21524561918e-05, 0.00038885010872, 0.00087598193204, 0.00261827209033, 0.00151204236317, 0.0026596407406, 0.00221879174933, 0.0016726241447, 0.00138029665686, 0.00180555111729, 0.00215859129094, 0.00120538438205, 0.00108257273678, 0.000859011954162, 0.000581647444051, 0.00079760508379, 0.00115695851855, 0.000719873874914, 0.00111741304863, 0.000699986703694, 0.000281784625258, 0.00038018374471, 0.000377725926228, 0.000316938792821, 2.24658460724e-08, 1.73582161977e-08, 1.71391114634e-08]
    },
    "erbbands": {
        "max": [0.124461106956, 0.777974307537, 7.70270252228, 86.3542251587, 63.9494132996, 67.8903961182, 115.219772339, 345.145507812, 462.35055542, 235.313339233, 384.920928955, 484.438446045, 509.055969238, 1205.22155762, 479.40032959, 675.148803711, 455.592956543, 516.645324707, 520.945739746, 442.771820068, 598.979003906, 1160.31359863, 480.430633545, 776.87902832, 442.770233154, 267.315917969, 278.511657715, 159.461486816, 205.939025879, 228.375518799, 145.614456177, 151.496994019, 49.1035461426, 1.3402081728, 0.0588075481355, 0.00607391772792, 0.00145778583828, 0.000499990303069, 0.000113820853585, 0.000100839708466],
        "mean": [0.00541728828102, 0.0524626895785, 0.362874299288, 1.88297760487, 3.74937415123, 5.22074747086, 10.3667802811, 17.4123783112, 20.336473465, 20.5765018463, 24.7201938629, 19.0775527954, 22.4657554626, 35.3667259216, 22.0109062195, 24.0393772125, 19.4044837952, 19.7521972656, 16.1894207001, 15.107629776, 15.7763690948, 25.3319396973, 20.449924469, 23.3757991791, 23.9684333801, 13.9827375412, 6.59757471085, 3.60123276711, 3.42075872421, 2.87713932991, 2.58300685883, 2.24199199677, 0.453744709492, 0.0124194836244, 0.000680870027281, 9.66637744568e-05, 2.51752462646e-05, 7.76639990363e-06, 9.60180932452e-06, 1.75216191565e-05],
        "min": [3.72115355276e-05, 0.000404697260819, 0.000670099339914, 0.00199783127755, 0.0134512363002, 0.0557291693985, 0.0788090825081, 0.0492468513548, 0.0312143173069, 0.0774879381061, 0.0878785476089, 0.028906725347, 0.0286428891122, 0.0410498045385, 0.0256415009499, 0.0181694254279, 0.0523307211697, 0.0512746870518, 0.0491057150066, 0.0174626987427, 0.0413417182863, 0.031323608011, 0.0287615358829, 0.0239158906043, 0.0303893070668, 0.0125966751948, 0.00487423315644, 0.00406994996592, 0.00235719862394, 0.00233021657914, 0.00228357734159, 0.00163195747882, 0.000232925987802, 8.09170251159e-06, 1.40710199048e-06, 7.91627883245e-07, 4.25592418196e-07, 1.04034860726e-07, 2.00463190936e-07, 4.06064145864e-07],
        "stdev": [0.0127171156928, 0.091538310051, 0.737980306149, 5.82514858246, 5.2524433136, 5.52041625977, 14.0053768158, 26.0033340454, 36.5754508972, 27.4970855713, 36.8923568726, 32.2365036011, 46.6070671082, 89.8731307983, 42.7977752686, 55.0472297668, 41.6912574768, 38.6789932251, 35.4375839233, 27.9758548737, 32.4019737244, 72.7104187012, 44.6636314392, 59.4300498962, 49.4157943726, 27.1297874451, 14.685590744, 11.441028595, 13.4957704544, 11.7497367859, 10.7724723816, 9.96321201324, 2.63054132462, 0.0711007416248, 0.00343351555057, 0.000395438750274, 8.10734927654e-05, 2.2607126084e-05, 1.04237615233e-05, 1.51974863911e-05]
    },
    "gfcc": {
        "mean": [-75.6457748413, 150.330169678, -181.436325073, 47.2169342041, -78.8518600464, -14.1857862473, -27.8641395569, -22.5221633911, 1.24968445301, -32.1977844238, 10.3255367279, -18.2600269318, -3.76101326942],
        "cov": [[3898.37329102, -805.259643555, -637.713623047, 35.7405548096, -325.736816406, 242.696502686, 186.663757324, 172.288589478, -78.2015686035, 74.9571151733, 45.6033401489, -167.490280151, -93.0518722534], [-805.259643555, 827.833251953, 14.042224884, -231.891494751, 335.34564209, -175.088424683, 58.5823402405, -46.610874176, 20.2724475861, -89.136505127, -7.82468938828, 2.34556508064, -7.80144882202], [-637.713623047, 14.042224884, 551.432067871, 215.191574097, -53.3299293518, 104.55330658, -95.3894500732, -34.7589988708, 30.887966156, -19.8600826263, -30.4432220459, 52.4499435425, 20.9111251831], [35.7405548096, -231.891494751, 215.191574097, 318.689300537, -52.982170105, 44.4958877563, -45.5141334534, 5.77009010315, 34.0801353455, 0.832090437412, -44.6261253357, 30.5838356018, -5.47847890854], [-325.736816406, 335.34564209, -53.3299293518, -52.982170105, 283.329315186, -94.9422531128, 22.012052536, 5.19925308228, -0.023297701031, -37.2515602112, 5.41217184067, 8.1725063324, -4.97952127457], [242.696502686, -175.088424683, 104.55330658, 44.4958877563, -94.9422531128, 284.29083252, 40.5988960266, -13.6770601273, -25.539018631, 35.0705718994, -10.0254678726, -34.3498497009, -5.76425933838], [186.663757324, 58.5823402405, -95.3894500732, -45.5141334534, 22.012052536, 40.5988960266, 139.462600708, 4.03408241272, -33.9535942078, 17.6569633484, 2.82255387306, -27.5630397797, -16.8657245636], [172.288589478, -46.610874176, -34.7589988708, 5.77009010315, 5.19925308228, -13.6770601273, 4.03408241272, 103.108108521, 32.0295028687, -5.22612714767, 17.3504676819, -1.75467991829, 4.21302223206], [-78.2015686035, 20.2724475861, 30.887966156, 34.0801353455, -0.023297701031, -25.539018631, -33.9535942078, 32.0295028687, 113.488449097, 7.22257184982, -37.1833534241, 34.3685531616, -15.1849422455], [74.9571151733, -89.136505127, -19.8600826263, 0.832090437412, -37.2515602112, 35.0705718994, 17.6569633484, -5.22612714767, 7.22257184982, 83.7616424561, 39.9642677307, -9.54231643677, 4.81634998322], [45.6033401489, -7.82468938828, -30.4432220459, -44.6261253357, 5.41217184067, -10.0254678726, 2.82255387306, 17.3504676819, -37.1833534241, 39.9642677307, 110.077972412, 11.3202943802, 15.841170311], [-167.490280151, 2.34556508064, 52.4499435425, 30.5838356018, 8.1725063324, -34.3498497009, -27.5630397797, -1.75467991829, 34.3685531616, -9.54231643677, 11.3202943802, 84.6553497314, 10.7336759567], [-93.0518722534, -7.80144882202, 20.9111251831, -5.47847890854, -4.97952127457, -5.76425933838, -16.8657245636, 4.21302223206, -15.1849422455, 4.81634998322, 15.841170311, 10.7336759567, 75.6190795898]],
        "icov": [[0.000555548351258, 0.00016149340081, 0.000816489045974, -0.000506140757352, 0.000469653721666, -0.000451067084214, -0.000287080329144, -0.000458867405541, -0.000133637411636, 0.000634215713944, -0.000571618555114, 0.000596369442064, 0.000363771745469], [0.00016149340081, 0.0120526598766, -0.00623399252072, 0.00808017514646, -0.00960851553828, 0.00471633253619, -0.0112442839891, 0.0121944583952, -0.0166049990803, 0.0157863423228, -0.0103412345052, 0.0106966374442, -0.00340087851509], [0.000816489045974, -0.00623399252072, 0.0080288015306, -0.00708917947486, 0.00583621533588, -0.00482761114836, 0.00691265007481, -0.0055924244225, 0.00743277836591, -0.00552637549117, 0.00340469391085, -0.00528320297599, 0.00137863890268], [-0.000506140757352, 0.00808017514646, -0.00708917947486, 0.0113432332873, -0.00690113799646, 0.00394944287837, -0.00627092365175, 0.0060018049553, -0.00841369759291, 0.00648242095485, -0.00210884585977, 0.00399093003944, -0.00112056278158], [0.000469653721666, -0.00960851553828, 0.00583621533588, -0.00690113799646, 0.0128055475652, -0.00298845814541, 0.00710878055543, -0.0094844205305, 0.0118060540408, -0.00921871606261, 0.00600968627259, -0.00726577918977, 0.00293242372572], [-0.000451067084214, 0.00471633253619, -0.00482761114836, 0.00394944287837, -0.00298845814541, 0.00768523011357, -0.00605390034616, 0.00466871028766, -0.00500151049346, 0.0033662233036, -0.00220142188482, 0.00492058647797, -0.00112469447777], [-0.000287080329144, -0.0112442839891, 0.00691265007481, -0.00627092365175, 0.00710878055543, -0.00605390034616, 0.0219941344112, -0.0148630784824, 0.0221347417682, -0.0207334905863, 0.0149706564844, -0.0126864090562, 0.00629100110382], [-0.000458867405541, 0.0121944583952, -0.0055924244225, 0.0060018049553, -0.0094844205305, 0.00466871028766, -0.0148630784824, 0.0305562466383, -0.030282407999, 0.0265579037368, -0.0221234615892, 0.017953094095, -0.0082975924015], [-0.000133637411636, -0.0166049990803, 0.00743277836591, -0.00841369759291, 0.0118060540408, -0.00500151049346, 0.0221347417682, -0.030282407999, 0.0496153123677, -0.038714248687, 0.0326822809875, -0.0283694155514, 0.0120869847015], [0.000634215713944, 0.0157863423228, -0.00552637549117, 0.00648242095485, -0.00921871606261, 0.0033662233036, -0.0207334905863, 0.0265579037368, -0.038714248687, 0.0499551557004, -0.0333413369954, 0.0249744225293, -0.0095637794584], [-0.000571618555114, -0.0103412345052, 0.00340469391085, -0.00210884585977, 0.00600968627259, -0.00220142188482, 0.0149706564844, -0.0221234615892, 0.0326822809875, -0.0333413369954, 0.0357753112912, -0.0218499675393, 0.00622841669247], [0.000596369442064, 0.0106966374442, -0.00528320297599, 0.00399093003944, -0.00726577918977, 0.00492058647797, -0.0126864090562, 0.017953094095, -0.0283694155514, 0.0249744225293, -0.0218499675393, 0.0316791906953, -0.00755249755457], [0.000363771745469, -0.00340087851509, 0.00137863890268, -0.00112056278158, 0.00293242372572, -0.00112469447777, 0.00629100110382, -0.0082975924015, 0.0120869847015, -0.0095637794584, 0.00622841669247, -0.00755249755457, 0.0176348686218]]
    },
    "melbands": {
        "max": [0.00101825315505, 0.00350250420161, 0.0133338924497, 0.00381073448807, 0.00334488670342, 0.007297066506, 0.00647268630564, 0.00296121346764, 0.00280581042171, 0.00318155507557, 0.00260773184709, 0.00471957912669, 0.0020014194306, 0.00179997901432, 0.00218798406422, 0.00151528860442, 0.00121439062059, 0.000978268799372, 0.00064374395879, 0.00163856847212, 0.000447816448286, 0.00116168137174, 0.000597584410571, 0.000544734823052, 0.000785813143011, 0.000336039374815, 0.000333076459356, 0.000231723650359, 0.000160525392857, 0.000121256583952, 9.92641944322e-05, 0.000112491514301, 0.000178260641405, 0.000102022706415, 0.000107099556772, 0.000112303845526, 0.000103873557237, 5.07322365593e-05, 5.59331567729e-07, 9.94879911786e-09],
        "mean": [5.27290467289e-05, 0.000164837780176, 0.000370024790755, 0.00032168746111, 0.000334297132213, 0.000398886797484, 0.000304929068079, 0.00022240531689, 0.000202311668545, 0.000112847636046, 0.000110251487058, 0.000139896321343, 8.90351948328e-05, 5.54855396331e-05, 5.4884920246e-05, 4.32548622484e-05, 3.64867737517e-05, 2.60814704234e-05, 2.30443674809e-05, 2.11860515265e-05, 1.79885228135e-05, 2.83692806988e-05, 1.86317120097e-05, 1.64095381479e-05, 1.96452911041e-05, 1.68928581843e-05, 1.57713202498e-05, 8.01247551863e-06, 4.8176270866e-06, 2.45335399995e-06, 1.92263610188e-06, 1.97357553589e-06, 1.69678446582e-06, 1.56805526785e-06, 1.46489196595e-06, 1.51115841618e-06, 1.35630955356e-06, 4.15235234641e-07, 2.21481011309e-09, 9.35257774004e-12],
        "min": [3.78367417397e-07, 5.50675679278e-07, 7.57522286676e-07, 1.83232828022e-06, 2.79872074316e-06, 1.12922703011e-06, 4.40824067027e-07, 2.83327864281e-07, 1.20006262705e-07, 1.00840765072e-07, 9.64087121247e-08, 3.9344463687e-08, 1.32318622725e-09, 5.05512716131e-08, 9.3233552434e-08, 4.96677046158e-08, 2.37076225318e-08, 4.02449309433e-08, 3.91987491355e-08, 7.47305684001e-09, 3.52235929313e-08, 3.79594489175e-08, 1.5545507992e-08, 1.77524945855e-08, 4.37632596828e-09, 1.63172479972e-08, 1.36644571214e-08, 7.15682357821e-09, 1.62568891682e-09, 2.23584192827e-10, 1.70909883468e-10, 2.02242320113e-11, 1.26578997284e-10, 1.29431265705e-09, 6.89549195521e-10, 9.28932430977e-10, 7.60773111175e-10, 5.89160621331e-12, 1.16709268118e-13, 7.22529810504e-14],
        "stdev": [0.000107557025331, 0.000332845695084, 0.00092188216513, 0.000333153060637, 0.000409864791436, 0.00055612239521, 0.00051138800336, 0.000312289485009, 0.000301907944959, 0.000202996176085, 0.000239785891608, 0.000354602903826, 0.000202803174034, 0.000124013022287, 0.000134897782118, 0.000122089622892, 7.92507416918e-05, 6.73340691719e-05, 4.53921493317e-05, 6.94927730365e-05, 3.53044561052e-05, 7.72259008954e-05, 4.45925361419e-05, 3.78740951419e-05, 5.59356121812e-05, 3.72472059098e-05, 3.63521976396e-05, 1.59762112162e-05, 1.09285729195e-05, 6.73050544719e-06, 6.96376673659e-06, 7.66325138102e-06, 7.68338304624e-06, 6.30731710771e-06, 6.30731074125e-06, 6.34439174974e-06, 6.65572724756e-06, 2.58579552792e-06, 2.05187404845e-08, 2.17063103602e-10]
    },
    "melbands128": {
        "max": [0.000306091213133, 0.00103186070919, 0.00145341374446, 0.00144665664993, 0.0034094452858, 0.00617590546608, 0.0212689135224, 0.017933415249, 0.0060342582874, 0.00444935820997, 0.00396415917203, 0.00474745128304, 0.00537470914423, 0.00688814371824, 0.0110892662778, 0.00994566269219, 0.0103031517938, 0.0108380597085, 0.00552856130525, 0.00313414330594, 0.00520437769592, 0.00531133823097, 0.00435528252274, 0.00432266481221, 0.00324162724428, 0.00554224895313, 0.00184246955905, 0.00485401647165, 0.00566408410668, 0.00495497370139, 0.00976612605155, 0.00686570769176, 0.00219649891369, 0.00347962160595, 0.00110902625602, 0.00373709597625, 0.00373503752053, 0.00474378606305, 0.00197068555281, 0.00194949004799, 0.00283609051257, 0.00347085297108, 0.00106174277607, 0.00340982829221, 0.00284825172275, 0.00196143612266, 0.0013204497518, 0.00120115303434, 0.000585421686992, 0.000955702911597, 0.00296355900355, 0.00218891445547, 0.000588311813772, 0.000876850273926, 0.00151072070003, 0.00170443893876, 0.00362378614955, 0.000773056002799, 0.00122225354426, 0.000957776326686, 0.00124811136629, 0.00104122119956, 0.00124207523186, 0.00105067295954, 0.00123977579642, 0.000638979894575, 0.000910672126338, 0.000631559290923, 0.000590763287619, 0.000525022682268, 0.000447460362921, 0.000339578022249, 0.000271981902188, 0.000243632603087, 0.000337545934599, 0.000131697393954, 8.49779025884e-05, 0.000143328565173, 0.000126060855109, 0.0001469644194, 0.000122691621073, 0.000119679432828, 0.00017522451526, 0.000198982452275, 0.000217083579628, 0.000128704414237, 8.70228977874e-05, 0.000106362087536, 0.000177303270902, 9.53629350988e-05, 0.000137106573675, 0.000146826787386, 0.000100095960079, 0.000132237604703, 0.000154950597789, 0.000106235544081, 2.63752590399e-05, 4.42225285724e-07, 1.46173322335e-08, 1.23470789148e-08, 1.08321565051e-08, 9.64533874992e-09, 8.74594707767e-09, 8.03869859567e-09, 7.42379180352e-09, 6.90527190983e-09, 6.43467812367e-09, 6.01308336456e-09, 5.6608158161e-09, 5.35204813801e-09, 5.06523312183e-09, 4.81844830702e-09, 4.59855664658e-09, 4.3703534125e-09, 4.16817869109e-09, 3.99664745743e-09, 3.86316933998e-09, 3.72997366327e-09, 3.59516172388e-09, 3.49980888714e-09, 3.39346262201e-09, 3.29087246342e-09, 3.22071169734e-09, 3.16337622763e-09, 3.10944514581e-09, 3.06884473389e-09, 3.00830871325e-09, 3.01289238003e-09],
        "mean": [1.56802616402e-05, 4.16648144892e-05, 6.10698189121e-05, 8.71253287187e-05, 0.000133632391226, 0.000219276931603, 0.000393820257159, 0.000391537585529, 0.000385699677281, 0.000328613037709, 0.000273065670626, 0.000270463875495, 0.000360127800377, 0.000403486425057, 0.000392032932723, 0.00040350141353, 0.000386507454095, 0.000251870718785, 0.000275069265626, 0.000208730518352, 0.000225507086725, 0.000158703667694, 0.00025760490098, 0.000171632214915, 9.63753045653e-05, 0.000119697288028, 5.70997508476e-05, 0.000141700380482, 0.00011651236855, 9.09942900762e-05, 0.000182335264981, 0.000175747569301, 5.23724302184e-05, 7.09705855115e-05, 2.69390147878e-05, 6.2560524384e-05, 7.78398971306e-05, 6.61442900309e-05, 2.97190235869e-05, 3.41568775184e-05, 6.31041257293e-05, 2.82618293568e-05, 2.95608133456e-05, 5.09170822625e-05, 2.67378254648e-05, 2.22205071623e-05, 2.12995437323e-05, 3.02359057969e-05, 1.91573344637e-05, 1.30135003928e-05, 2.83068166027e-05, 2.37828899117e-05, 7.08256357029e-06, 1.91951439774e-05, 3.32097479259e-05, 2.62323592324e-05, 3.25246910506e-05, 1.24631569633e-05, 1.67978760146e-05, 2.39827822952e-05, 1.48387962327e-05, 1.00447832665e-05, 2.33735008806e-05, 2.10347352549e-05, 1.59912506206e-05, 1.50917057908e-05, 1.95048123715e-05, 1.91138205992e-05, 1.60201689141e-05, 9.116358342e-06, 6.96759661878e-06, 8.466710824e-06, 6.97867562849e-06, 3.55012230102e-06, 3.06703600472e-06, 2.71664725915e-06, 1.99933606382e-06, 2.04854200092e-06, 1.8583500605e-06, 1.95174379769e-06, 1.82367477919e-06, 2.15396335079e-06, 1.86880026831e-06, 1.60992192377e-06, 1.6094242028e-06, 1.56281612362e-06, 1.55957866355e-06, 1.55163343152e-06, 1.46117213262e-06, 1.40404176818e-06, 1.42734393194e-06, 1.65815004038e-06, 1.43596889757e-06, 1.48242600062e-06, 1.27057660393e-06, 7.54180007334e-07, 1.65649623796e-07, 2.37379005341e-09, 3.00143729315e-11, 1.13248672592e-11, 1.00228367272e-11, 9.12625617439e-12, 8.39989189316e-12, 7.83211689948e-12, 7.35299494903e-12, 6.92720837289e-12, 6.55597364591e-12, 6.20551440095e-12, 5.90861908012e-12, 5.63072722129e-12, 5.37064446735e-12, 5.15005139229e-12, 4.95128200592e-12, 4.74804830869e-12, 4.56712966057e-12, 4.40532853252e-12, 4.20110777763e-12, 4.01430841693e-12, 3.89067250639e-12, 3.79894119634e-12, 3.70171645073e-12, 3.61350641249e-12, 3.53687131666e-12, 3.4676120482e-12, 3.42307454083e-12, 3.38599265813e-12, 3.34292966572e-12, 3.32951960273e-12],
        "min": [2.34945152222e-09, 2.6514365814e-08, 2.63454946747e-08, 1.5594834224e-07, 1.33762142696e-07, 3.71074406758e-07, 2.66629967882e-07, 2.64875723133e-07, 3.10598977649e-07, 4.15805715193e-07, 1.94550764832e-07, 1.0800047221e-06, 8.12893219404e-08, 1.7038955491e-07, 2.64266105887e-07, 1.18812479855e-08, 3.93382215691e-08, 1.75326832164e-07, 5.18737728328e-08, 4.62738292129e-08, 2.70567994676e-08, 2.78403717857e-08, 3.48538939932e-08, 2.8207214342e-08, 3.13730836865e-08, 1.69328409072e-08, 3.79332831812e-08, 2.89525026176e-08, 4.19617869341e-08, 2.82200440793e-09, 1.28103472274e-09, 6.80777045847e-10, 1.02880211295e-10, 2.60649002382e-10, 7.22797766084e-10, 3.35369221283e-09, 3.00838109979e-09, 1.26231523012e-08, 4.13822531797e-10, 3.68037111897e-09, 1.48885972995e-10, 7.82888254225e-10, 2.73333522482e-10, 8.50684966913e-10, 1.08912467933e-09, 5.64411746506e-11, 1.33753774723e-09, 9.27989951549e-09, 2.83768036846e-10, 9.23031873157e-10, 5.44451317364e-10, 1.13716730477e-10, 7.41683797711e-11, 2.10993028604e-10, 5.87788318018e-10, 4.8313353318e-09, 2.56742700017e-11, 9.57090406928e-10, 3.72419961536e-09, 4.65322447241e-09, 2.11649989201e-10, 5.5987034453e-11, 3.08242598113e-11, 1.32838892664e-10, 3.99360633452e-09, 4.72375027982e-09, 9.98537519337e-09, 7.02712887879e-10, 2.21396279088e-09, 6.56400628296e-11, 9.08575881198e-10, 2.28585220197e-10, 1.00262187441e-09, 1.19746192129e-11, 2.10584622656e-11, 3.50441654862e-11, 3.52096390238e-12, 3.88194901571e-12, 1.29075092628e-12, 1.02897052857e-12, 1.2767971359e-12, 1.17046259837e-12, 1.27087099525e-12, 5.48970461103e-12, 8.84779402521e-12, 3.83562496001e-12, 1.50356255224e-11, 6.15980302789e-13, 9.19071763139e-12, 2.51338099638e-12, 3.16891413284e-12, 7.0790963369e-11, 1.51839183588e-11, 1.11559537649e-11, 8.68837553986e-12, 3.2570010057e-12, 1.44983797103e-13, 1.27633174212e-13, 9.63666334773e-14, 8.39602977529e-14, 7.06791667294e-14, 4.87869835676e-14, 4.19196368427e-14, 6.16085619478e-14, 6.2272649331e-14, 4.95904281994e-14, 8.53903604184e-14, 7.17179205021e-14, 5.44805289749e-14, 6.13133336962e-14, 6.80631088599e-14, 7.11625514917e-14, 7.30741693284e-14, 7.91304887826e-14, 9.7256587278e-14, 7.26766059443e-14, 7.44101706792e-14, 6.11653672047e-14, 6.28215470096e-14, 8.59282669975e-14, 6.99748283406e-14, 6.19952968627e-14, 6.70968068974e-14, 6.59343388806e-14, 7.31827725048e-14, 8.24684423398e-14, 7.58916448565e-14, 8.16850452838e-14],
        "stdev": [2.94794699585e-05, 0.000107368927274, 0.000147797749378, 0.000155439323862, 0.000263574300334, 0.000513342558406, 0.00136106391437, 0.00113802880514, 0.000525559007656, 0.000410227192333, 0.000342862185789, 0.000394383823732, 0.000577884202357, 0.000686996907461, 0.000746060279198, 0.000762536481488, 0.00082472176291, 0.000630421680398, 0.000464819662739, 0.000328472087858, 0.000470527797006, 0.000341365026543, 0.000431998632848, 0.000351006514393, 0.000218816669076, 0.00030431241612, 0.000148566818098, 0.000412212888477, 0.000330177281285, 0.000323158252286, 0.000608407834079, 0.000586695270613, 0.000158618669957, 0.000200102876988, 7.36208967282e-05, 0.000209220917895, 0.000243142887484, 0.000226829433814, 0.00010730609938, 0.000116222603538, 0.000219071866013, 0.000123580786749, 7.351142267e-05, 0.000157114147441, 0.00011554719822, 9.42719343584e-05, 7.09673695383e-05, 7.52434571041e-05, 4.37204435002e-05, 4.41315860371e-05, 0.000119807984447, 9.76683368208e-05, 2.1256686523e-05, 4.75249689771e-05, 9.35562566156e-05, 8.94044424058e-05, 0.000173392807483, 4.16039183619e-05, 6.28546840744e-05, 6.9464185799e-05, 5.75549711357e-05, 4.20085452788e-05, 8.56299884617e-05, 7.65580334701e-05, 6.60736768623e-05, 4.60196097265e-05, 6.33353556623e-05, 6.04573579039e-05, 5.05871284986e-05, 3.01431573462e-05, 2.05416381505e-05, 2.08680048672e-05, 1.94895546883e-05, 1.14675303848e-05, 1.12929983516e-05, 7.6396172517e-06, 6.51678192298e-06, 8.11619884189e-06, 7.14271300239e-06, 8.91723720997e-06, 7.53627728045e-06, 8.16514784674e-06, 9.65490289673e-06, 8.0660729509e-06, 7.79829224484e-06, 6.51552181807e-06, 6.34280058875e-06, 6.99999600329e-06, 6.94655091138e-06, 6.34551543044e-06, 6.78263995724e-06, 7.23166795069e-06, 5.99622990194e-06, 7.73843294155e-06, 7.40442965252e-06, 4.91143828185e-06, 1.24967891679e-06, 2.043723768e-08, 4.39535269292e-10, 2.69391314811e-10, 2.36330149894e-10, 2.10446285398e-10, 1.90827673108e-10, 1.75403108704e-10, 1.61990365566e-10, 1.50680176669e-10, 1.40414666006e-10, 1.31219105026e-10, 1.23534280028e-10, 1.16798418159e-10, 1.10541673037e-10, 1.05157361985e-10, 1.00358603372e-10, 9.5380668641e-11, 9.09704880869e-11, 8.72280372932e-11, 8.43164149611e-11, 8.14119119341e-11, 7.84707090973e-11, 7.63890964373e-11, 7.40685290879e-11, 7.18304998815e-11, 7.02987043577e-11, 6.90477050536e-11, 6.78706812973e-11, 6.69843208678e-11, 6.56645987585e-11, 6.57628118628e-11]
    },
    "mfcc": {
        "mean": [-690.82598877, 154.718795776, -42.5439414978, 44.0190200806, -29.0231933594, 7.50250053406, -29.7045249939, 16.2779045105, -31.923034668, 15.739315033, -24.519077301, 10.2457609177, -13.0349082947],
        "cov": [[4035.92236328, -569.449768066, -745.070617676, 24.9316635132, -679.168945312, 244.945419312, -90.3718795776, 308.009124756, -271.882446289, 492.821502686, -162.258071899, 168.650817871, -118.389450073], [-569.449768066, 834.35546875, -217.876403809, -132.415496826, 205.502105713, -196.674301147, 160.555633545, -74.0890960693, 73.3332748413, -107.098876953, 62.4637641907, -100.326759338, 66.989906311], [-745.070617676, -217.876403809, 670.778198242, 67.1171035767, 86.5211486816, 145.024032593, -82.6339492798, 2.34183287621, 54.5796852112, -98.3255767822, 22.7656536102, 34.9599075317, -55.2039985657], [24.9316635132, -132.415496826, 67.1171035767, 260.463195801, 51.235118866, -14.156457901, -62.9741210938, 34.4028015137, 1.16312634945, -11.4822149277, -4.50172948837, 3.86803102493, -3.26072835922], [-679.168945312, 205.502105713, 86.5211486816, 51.235118866, 294.5546875, -91.8860321045, 6.64656877518, -20.6763591766, 48.9231910706, -88.3717575073, 27.9498634338, -31.6415023804, 22.5099105835], [244.945419312, -196.674301147, 145.024032593, -14.156457901, -91.8860321045, 259.878234863, 3.39002871513, 23.1079177856, 14.1658725739, 20.4653873444, 7.47657966614, 31.7262916565, -42.8461112976], [-90.3718795776, 160.555633545, -82.6339492798, -62.9741210938, 6.64656877518, 3.39002871513, 219.818313599, -39.7876625061, -28.8783283234, 32.031452179, -34.9498100281, -13.9322500229, 19.2450504303], [308.009124756, -74.0890960693, 2.34183287621, 34.4028015137, -20.6763591766, 23.1079177856, -39.7876625061, 139.823852539, 8.04192352295, 10.8118553162, 6.64568090439, 16.9329605103, -10.4057264328], [-271.882446289, 73.3332748413, 54.5796852112, 1.16312634945, 48.9231910706, 14.1658725739, -28.8783283234, 8.04192352295, 139.099777222, -48.574344635, 35.1788825989, -21.8058395386, -12.9046106339], [492.821502686, -107.098876953, -98.3255767822, -11.4822149277, -88.3717575073, 20.4653873444, 32.031452179, 10.8118553162, -48.574344635, 173.534851074, -36.2872695923, 18.2664966583, -19.394493103], [-162.258071899, 62.4637641907, 22.7656536102, -4.50172948837, 27.9498634338, 7.47657966614, -34.9498100281, 6.64568090439, 35.1788825989, -36.2872695923, 115.403991699, 2.96229672432, 9.87861347198], [168.650817871, -100.326759338, 34.9599075317, 3.86803102493, -31.6415023804, 31.7262916565, -13.9322500229, 16.9329605103, -21.8058395386, 18.2664966583, 2.96229672432, 87.3215332031, 2.20849204063], [-118.389450073, 66.989906311, -55.2039985657, -3.26072835922, 22.5099105835, -42.8461112976, 19.2450504303, -10.4057264328, -12.9046106339, -19.394493103, 9.87861347198, 2.20849204063, 98.3471221924]],
        "icov": [[0.00179912021849, -0.00102660758421, 0.00186844193377, -0.000873947166838, 0.00204133265652, -0.00208715372719, 0.00201968452893, -0.00274317502044, 0.00195862911642, -0.00236917706206, 0.00167774676811, -0.00212136167102, 0.0014917794615], [-0.00102660758421, 0.00386679079384, -0.000304058805341, 0.00176671461668, -0.00248747691512, 0.00265722558834, -0.00332002714276, 0.00177185959183, -0.0022312826477, 0.0026069493033, -0.00256949430332, 0.00273875170387, -0.000999750220217], [0.00186844193377, -0.000304058805341, 0.00446180673316, -0.0009265873814, 0.000851984601468, -0.00335111399181, 0.00225043855608, -0.00237276218832, 0.00170048477594, -0.00105459429324, 0.00171382143162, -0.00283371401019, 0.0024903556332], [-0.000873947166838, 0.00176671461668, -0.0009265873814, 0.00546083040535, -0.00248523359187, 0.00166330218781, -0.000542490277439, 0.000444059813162, -0.00092901638709, 0.00131344341207, -0.000749337836169, 0.00171261222567, -0.000973985646851], [0.00204133265652, -0.00248747691512, 0.000851984601468, -0.00248523359187, 0.00825988780707, -0.000751922023483, 0.00194347125944, -0.00297778262757, 0.0014731369447, -0.00173504685517, 0.00170586036984, -0.00223936047405, 0.0013641162077], [-0.00208715372719, 0.00265722558834, -0.00335111399181, 0.00166330218781, -0.000751922023483, 0.00908421725035, -0.00453014438972, 0.00261243293062, -0.00371800269932, 0.00294229271822, -0.00353289302438, 0.00213709287345, -0.000456486624898], [0.00201968452893, -0.00332002714276, 0.00225043855608, -0.000542490277439, 0.00194347125944, -0.00453014438972, 0.00976958591491, -0.00202679075301, 0.00370814441703, -0.004356644582, 0.0045838849619, -0.00262411101721, 0.000619227415882], [-0.00274317502044, 0.00177185959183, -0.00237276218832, 0.000444059813162, -0.00297778262757, 0.00261243293062, -0.00202679075301, 0.0123178148642, -0.0037112950813, 0.00329234125093, -0.00282466295175, 0.00205252319574, -0.00190674338955], [0.00195862911642, -0.0022312826477, 0.00170048477594, -0.00092901638709, 0.0014731369447, -0.00371800269932, 0.00370814441703, -0.0037112950813, 0.0119280992076, -0.00146978406701, 0.000473725405755, -0.000595118035562, 0.00296715111472], [-0.00236917706206, 0.0026069493033, -0.00105459429324, 0.00131344341207, -0.00173504685517, 0.00294229271822, -0.004356644582, 0.00329234125093, -0.00146978406701, 0.011991944164, -0.00159602065105, 0.00208259024657, -1.07529767774e-05], [0.00167774676811, -0.00256949430332, 0.00171382143162, -0.000749337836169, 0.00170586036984, -0.00353289302438, 0.0045838849619, -0.00282466295175, 0.000473725405755, -0.00159602065105, 0.0128513881937, -0.00365150370635, 0.000120130556752], [-0.00212136167102, 0.00273875170387, -0.00283371401019, 0.00171261222567, -0.00223936047405, 0.00213709287345, -0.00262411101721, 0.00205252319574, -0.000595118035562, 0.00208259024657, -0.00365150370635, 0.0169768948108, -0.00346060958691], [0.0014917794615, -0.000999750220217, 0.0024903556332, -0.000973985646851, 0.0013641162077, -0.000456486624898, 0.000619227415882, -0.00190674338955, 0.00296715111472, -1.07529767774e-05, 0.000120130556752, -0.00346060958691, 0.0136292781681]]
    },
    "spectral_contrast_coeffs": {
        "max": [-0.430763751268, -0.482496261597, -0.431353777647, -0.460276991129, -0.524935126305, -0.352712452412],
        "mean": [-0.673132121563, -0.747001349926, -0.7444216609, -0.767484247684, -0.743874311447, -0.568530142307],
        "min": [-0.924684524536, -0.9252820611, -0.909857690334, -0.901132524014, -0.872460544109, -0.917194008827],
        "stdev": [0.0622199997306, 0.0586550906301, 0.0698263645172, 0.0550661608577, 0.0638101175427, 0.0624443441629]
    },
    "spectral_contrast_valleys": {
        "max": [-5.58142852783, -4.47471475601, -5.81930112839, -6.29391670227, -5.77740573883, -9.69986438751],
        "mean": [-7.32414674759, -6.64239501953, -7.67482233047, -8.0809135437, -8.01706027985, -13.9146375656],
        "min": [-9.2672252655, -9.08185386658, -11.6169557571, -11.463186264, -11.3357372284, -16.4587974548],
        "stdev": [0.632866442204, 0.710617244244, 0.847582757473, 0.857933878899, 0.902099788189, 1.11577606201]
    }
},
"rhythm": {
    "beats_count": 98,
    "beats_loudness": {
        "max": 0.0631245598197,
        "mean": 0.0196253955364,
        "min": 0.000863546680193,
        "stdev": 0.0163314994425
    },
    "bpm": 120.105743408,
    "bpm_histogram_first_peak_bpm": 120,
    "bpm_histogram_first_peak_weight": 0.294117689133,
    "bpm_histogram_second_peak_bpm": 129,
    "bpm_histogram_second_peak_spread": 0.5,
    "bpm_histogram_second_peak_weight": 0.0618556700647,
    "danceability": 0.990695357323,
    "onset_rate": 2.748046875,
    "beats_loudness_band_ratio": {
        "max": [0.718403637409, 0.876943469048, 0.651873707771, 0.533979535103, 0.430784791708, 0.843217909336],
        "mean": [0.225576460361, 0.322454750538, 0.252154201269, 0.133807986975, 0.0853793770075, 0.0670802593231],
        "min": [0.00696099968627, 0.0301167555153, 0.0226408652961, 0.00589143484831, 0.00557023612782, 0.00159128510859],
        "stdev": [0.190757155418, 0.192110970616, 0.152457267046, 0.115697905421, 0.075364023447, 0.122250013053]
    },
