{
"metadata": {
    "version": {
        "essentia": "2.1-beta5",
        "essentia_git_sha": "Undefined",
        "extractor": "music 2.0"
    },
    "audio_properties": {
        "analysis": {
            "equal_loudness": 0,
            "length": 12.7477550507,
            "sample_rate": 44100,
            "start_time": 0,
            "downmix": "mix"
        },
        "bit_rate": 192000,
        "length": 202.52444458,
        "lossless": 0,
        "number_channels": 2,
        "replay_gain": 6.78692817688,
        "sample_rate": 44100,
        "codec": "mp3",
        "md5_encoded": "8e592e28cd0e9467072934d8333c0280"
    },
    "tags": {
        "file_name": "Austria_Kinder Dieser Welt_Gary Lux.mp3",
        "encoding": ["Lavf58.29.100"]
    }
},
"lowlevel": {
    "average_loudness": 0.0618116520345,
    "barkbands_crest": {
        "max": 22.497379303,
        "mean": 7.17520523071,
        "min": 2.58297848701,
        "stdev": 3.16915774345
    },
    "barkbands_flatness_db": {
        "max": 0.266579568386,
        "mean": 0.0907998085022,
        "min": 0.0412826016545,
        "stdev": 0.0332601442933
    },
    "barkbands_kurtosis": {
        "max": 43.4063301086,
        "mean": 2.75319242477,
        "min": -1.63092243671,
        "stdev": 3.25021648407
    },
    "barkbands_skewness": {
        "max": 4.04894304276,
        "mean": -0.865533411503,
        "min": -2.24324059486,
        "stdev": 1.33036935329
    },
    "barkbands_spread": {
        "max": 97.8885955811,
        "mean": 22.1917724609,
        "min": 1.7232735157,
        "stdev": 10.105430603
    },
    "dissonance": {
        "max": 0.499980121851,
        "mean": 0.484055966139,
        "min": 0.270248264074,
        "stdev": 0.0299520734698
    },
    "dynamic_complexity": 4.35264158249,
    "erbbands_crest": {
        "max": 27.4741954803,
        "mean": 5.68109750748,
        "min": 2.65084862709,
        "stdev": 3.91544413567
    },
    "erbbands_flatness_db": {
        "max": 0.301700085402,
        "mean": 0.142126888037,
        "min": 0.0809113159776,
        "stdev": 0.056623056531
    },
    "erbbands_kurtosis": {
        "max": 26.3325271606,
        "mean": 0.409875541925,
        "min": -1.83278536797,
        "stdev": 1.51189053059
    },
    "erbbands_skewness": {
        "max": 4.55621194839,
        "mean": -0.168149754405,
        "min": -1.607391119,
        "stdev": 0.723403453827
    },
    "erbbands_spread": {
        "max": 121.309432983,
        "mean": 30.3747196198,
        "min": 4.39998102188,
        "stdev": 12.4383306503
    },
    "hfc": {
        "max": 102.236106873,
        "mean": 13.8779621124,
        "min": 1.03777636282e-16,
        "stdev": 24.0122489929
    },
    "loudness_ebu128": {
        "integrated": -30.1776027679,
        "loudness_range": 12.6483860016,
        "momentary": {
            "max": -27.8066043854,
            "mean": -189.295761108,
            "min": -300.691009521,
            "stdev": 132.032669067
        },
        "short_term": {
            "max": -28.6674938202,
            "mean": -161.808853149,
            "min": -300.691009521,
            "stdev": 132.133392334
        }
    },
    "melbands_crest": {
        "max": 28.8409690857,
        "mean": 5.51288700104,
        "min": 1.50357067585,
        "stdev": 5.63562250137
    },
    "melbands_flatness_db": {
        "max": 0.346655577421,
        "mean": 0.0532828606665,
        "min": 0.00251569179818,
        "stdev": 0.0707900375128
    },
    "melbands_kurtosis": {
        "max": 62.1849746704,
        "mean": 0.933805942535,
        "min": -1.433557868,
        "stdev": 5.33595609665
    },
    "melbands_skewness": {
        "max": 5.36688423157,
        "mean": 0.40432330966,
        "min": -0.419866025448,
        "stdev": 0.845001995564
    },
    "melbands_spread": {
        "max": 165.149932861,
        "mean": 89.8963317871,
        "min": 1.74631583691,
        "stdev": 52.6364860535
    },
    "pitch_salience": {
        "max": 0.917764008045,
        "mean": 0.760509073734,
        "min": 0.257865816355,
        "stdev": 0.086018525064
    },
    "silence_rate_20dB": {
        "max": 1,
        "mean": 1,
        "min": 1,
        "stdev": 0
    },
    "silence_rate_30dB": {
        "max": 1,
        "mean": 1,
        "min": 1,
        "stdev": 0
    },
    "silence_rate_60dB": {
        "max": 1,
        "mean": 0.690909087658,
        "min": 0,
        "stdev": 0.462119102478
    },
    "spectral_centroid": {
        "max": 11775.4023438,
        "mean": 7410.15527344,
        "min": 326.140838623,
        "stdev": 4442.75
    },
    "spectral_complexity": {
        "max": 56,
        "mean": 11.8309087753,
        "min": 0,
        "stdev": 19.1322307587
    },
    "spectral_decrease": {
        "max": 9.08446325598e-20,
        "mean": -1.78267600681e-09,
        "min": -1.38211770917e-08,
        "stdev": 3.01940739078e-09
    },
    "spectral_energy": {
        "max": 0.0614374317229,
        "mean": 0.00798700470477,
        "min": 9.60339323612e-21,
        "stdev": 0.0135057345033
    },
    "spectral_energyband_high": {
        "max": 0.00363928847946,
        "mean": 0.000449595565442,
        "min": 6.69297359893e-21,
        "stdev": 0.000799608940724
    },
    "spectral_energyband_low": {
        "max": 0.000260165747022,
        "mean": 3.5961438698e-05,
        "min": 6.9882615907e-24,
        "stdev": 5.71486925764e-05
    },
    "spectral_energyband_middle_high": {
        "max": 0.0576447173953,
        "mean": 0.00628269650042,
        "min": 1.1623058907e-21,
        "stdev": 0.0113947875798
    },
    "spectral_energyband_middle_low": {
        "max": 0.0464465916157,
        "mean": 0.00128599104937,
        "min": 1.34267937845e-22,
        "stdev": 0.0033381448593
    },
    "spectral_entropy": {
        "max": 9.82797241211,
        "mean": 9.00519180298,
        "min": 6.18147945404,
        "stdev": 1.00690567493
    },
    "spectral_flux": {
        "max": 0.156013712287,
        "mean": 0.0337731167674,
        "min": 6.35355865142e-11,
        "stdev": 0.0483566969633
    },
    "spectral_kurtosis": {
        "max": 15.1612911224,
        "mean": 1.3567763567,
        "min": -1.26927232742,
        "stdev": 3.47742700577
    },
    "spectral_rms": {
        "max": 0.00774202542379,
        "mean": 0.00158052437473,
        "min": 3.06090916502e-12,
        "stdev": 0.00230090040714
    },
    "spectral_rolloff": {
        "max": 20671.875,
        "mean": 12311.4267578,
        "min": 452.197265625,
        "stdev": 7970.08056641
    },
    "spectral_skewness": {
        "max": 3.09444022179,
        "mean": 0.654367268085,
        "min": -0.0857618525624,
        "stdev": 0.841789186001
    },
    "spectral_spread": {
        "max": 43455336,
        "mean": 25789544,
        "min": 2418053,
        "stdev": 18041966
    },
    "spectral_strongpeak": {
        "max": 7.94991970062,
        "mean": 0.700681507587,
        "min": 0,
        "stdev": 1.31923365593
    },
    "zerocrossingrate": {
        "max": 0.53173828125,
        "mean": 0.33644798398,
        "min": 0.0107421875,
        "stdev": 0.200649052858
    },
    "barkbands": {
        "max": [0.000272738689091, 0.000152760301717, 0.00013071441208, 0.000363409577403, 0.00391123024747, 0.00913805793971, 0.0410573557019, 0.00671596638858, 0.0130709158257, 0.0141312293708, 0.00709066074342, 0.0386447496712, 0.0101993065327, 0.00801853276789, 0.00661961175501, 0.0081107635051, 0.00934884790331, 0.00413594860584, 0.00274893944152, 0.00270166317932, 0.0016606481513, 0.000702762044966, 0.00070835952647, 0.000361547165085, 0.00053784402553, 0.000262115412625, 9.39488472795e-07],
        "mean": [1.01789455584e-05, 1.64671582752e-05, 9.08206675376e-06, 1.05155677375e-05, 9.96939270408e-05, 9.67317391769e-05, 0.000276750681223, 0.000219839537749, 0.000468182086479, 0.000548517738935, 0.000397623283789, 0.00161670544185, 0.000598597340286, 0.000627315370366, 0.000679991091602, 0.00069705536589, 0.000511203659698, 0.000309382827254, 0.000250643613981, 0.000183559313882, 0.000161152813234, 8.99509177543e-05, 5.03646260768e-05, 2.81669854303e-05, 2.14867704926e-05, 7.76272463554e-06, 8.71971224115e-08],
        "min": [1.66762385047e-25, 6.46796276003e-25, 8.43671651169e-25, 3.2148014597e-25, 5.47629054785e-24, 5.087742631e-24, 4.31970134279e-24, 7.24431479648e-24, 1.47191189722e-23, 1.28904305311e-23, 1.55479246383e-23, 1.16293054232e-23, 2.33034717884e-23, 2.80347376427e-23, 4.20388425568e-23, 3.53875618344e-23, 6.0669253804e-23, 5.9626953978e-23, 1.03126776398e-22, 1.19237991898e-22, 2.0178119109e-22, 2.76119290234e-22, 3.80639699861e-22, 5.44373649865e-22, 7.9110965105e-22, 1.22363630461e-21, 1.76285254596e-21],
        "stdev": [2.50500434049e-05, 2.9027916753e-05, 1.86747602129e-05, 2.73648420261e-05, 0.000379800534574, 0.000484416726977, 0.00225122482516, 0.000662293634377, 0.00121237291023, 0.00135539181065, 0.000860392407048, 0.00442887144163, 0.0012910499936, 0.00126250274479, 0.0013431198895, 0.00144212925807, 0.00109130784404, 0.000608692644164, 0.000481595343444, 0.000355237483745, 0.00030770819285, 0.000163304037414, 9.41756661632e-05, 5.21334004588e-05, 4.80480448459e-05, 1.96917280846e-05, 1.53814369241e-07]
    },
    "erbbands": {
        "max": [0.00406375201419, 0.0363720282912, 0.118075892329, 0.471249610186, 2.71668744087, 19.3649559021, 103.726646423, 25.3925304413, 286.663513184, 675.994750977, 186.146682739, 336.369598389, 299.547546387, 387.18270874, 562.890625, 1505.79211426, 480.249969482, 397.170532227, 428.382049561, 381.831390381, 498.196533203, 458.239654541, 264.982208252, 126.809890747, 123.002914429, 126.566902161, 80.564743042, 52.5270080566, 29.9619808197, 34.6971893311, 13.1010971069, 8.86809062958, 5.13890504837, 8.36837673187, 3.88857007027, 1.49587655067, 0.47704398632, 0.0114451013505, 0.000342518207617, 8.46588372951e-05],
        "mean": [0.000476051674923, 0.00375655293465, 0.0102537740022, 0.0263682119548, 0.0966781377792, 0.389696598053, 0.899327933788, 0.66712719202, 2.5331788063, 4.84518146515, 5.74760532379, 10.8956537247, 13.9160909653, 18.5080280304, 30.4726238251, 61.4305763245, 29.098192215, 31.7960147858, 34.8915023804, 36.1145095825, 38.5906715393, 27.8571357727, 18.5315132141, 13.9293527603, 11.4671115875, 8.78406429291, 7.53624916077, 5.27638292313, 3.43749523163, 2.26708269119, 1.28609967232, 0.728120625019, 0.400721132755, 0.264543622732, 0.139168709517, 0.0550885684788, 0.0102714300156, 0.000430738582509, 1.93487339857e-05, 1.1900507161e-05],
        "min": [3.36216651436e-23, 1.0274966933e-22, 1.71263525108e-21, 3.29372192562e-21, 8.45507590662e-21, 1.22273369627e-20, 3.0264696844e-20, 5.13464675048e-20, 5.67403248711e-20, 1.58676635189e-19, 2.00515055756e-19, 3.10034893307e-19, 4.99217199855e-19, 7.32698492024e-19, 8.37062215548e-19, 6.73953365691e-19, 1.22877731694e-18, 1.06621213154e-18, 2.24316844425e-18, 2.74397646752e-18, 3.32717457493e-18, 3.58136738396e-18, 3.96118390583e-18, 5.36406278598e-18, 5.89880775503e-18, 6.29069904589e-18, 7.98601853262e-18, 8.71090337318e-18, 9.8170043252e-18, 1.14185335246e-17, 1.01079775134e-17, 9.35008403047e-18, 9.20783874361e-18, 7.27395333719e-18, 6.02061299536e-18, 4.04125498913e-18, 1.95883213972e-18, 9.41404122184e-19, 2.1902819797e-19, 2.47374792221e-20],
        "stdev": [0.000818739179522, 0.00664726598188, 0.0185614544898, 0.0588308610022, 0.340886890888, 1.67572152615, 5.86349868774, 1.98418605328, 16.6142978668, 35.02602005, 16.5618534088, 29.2210731506, 31.3320846558, 44.1168136597, 69.0870819092, 173.360824585, 60.9967308044, 63.166305542, 70.0702896118, 70.7919158936, 81.8341598511, 57.2900085449, 36.3756561279, 26.6384525299, 22.0721740723, 17.0990810394, 14.2788524628, 10.1052732468, 6.23055744171, 4.35054397583, 2.37051296234, 1.36525821686, 0.73776781559, 0.586118638515, 0.335171252489, 0.142016008496, 0.0282281190157, 0.000825314840768, 3.28906317009e-05, 1.96402688744e-05]
    },
    "gfcc": {
        "mean": [-764.666015625, 15.4882364273, -71.0995025635, 3.43953800201, -27.6707324982, 7.3540225029, -15.1965923309, 5.83102083206, -9.93652439117, 3.40022993088, -7.8535823822, 1.89553105831, -3.88625216484],
        "cov": [[374982.6875, 11181.1318359, -53892.7148438, 2663.08911133, -20458.3554688, 5799.37304688, -11197.6757812, 4398.37890625, -7302.31445312, 2545.46606445, -5739.87890625, 1433.94702148, -2785.1550293], [11181.1318359, 720.661010742, -1470.95849609, -67.4484939575, -661.111206055, 32.1961746216, -384.632385254, 76.3144607544, -234.607452393, 38.3147888184, -203.638092041, 7.02758407593, -112.441795349], [-53892.7148438, -1470.95849609, 8124.71240234, -385.547210693, 2818.33081055, -950.599243164, 1501.30249023, -648.174133301, 1010.41131592, -360.433959961, 789.70904541, -197.824813843, 361.906707764], [2663.08911133, -67.4484939575, -385.547210693, 140.189468384, -130.316421509, 65.1602020264, -81.4055023193, 58.296043396, -49.9376716614, 33.3429412842, -32.7038383484, 28.2725505829, -13.3616552353], [-20458.3554688, -661.111206055, 2818.33081055, -130.316421509, 1182.87744141, -266.713745117, 648.565612793, -234.57421875, 405.608215332, -144.002502441, 325.926757812, -78.5486297607, 166.5287323], [5799.37304688, 32.1961746216, -950.599243164, 65.1602020264, -266.713745117, 208.224349976, -111.990783691, 79.991645813, -116.236495972, 40.9187355042, -71.7626037598, 30.1228618622, -27.7671394348], [-11197.6757812, -384.632385254, 1501.30249023, -81.4055023193, 648.565612793, -111.990783691, 398.625976562, -118.446418762, 213.219451904, -78.8331451416, 179.882125854, -49.0320510864, 94.2716674805], [4398.37890625, 76.3144607544, -648.174133301, 58.296043396, -234.57421875, 79.991645813, -118.446418762, 85.1985244751, -69.888130188, 43.289516449, -69.2817153931, 17.3836860657, -29.4812507629], [-7302.31445312, -234.607452393, 1010.41131592, -49.9376716614, 405.608215332, -116.236495972, 213.219451904, -69.888130188, 192.209564209, -31.7970714569, 115.391548157, -28.9519329071, 58.4782485962], [2545.46606445, 38.3147888184, -360.433959961, 33.3429412842, -144.002502441, 40.9187355042, -78.8331451416, 43.289516449, -31.7970714569, 46.0811920166, -35.0497322083, 9.40401363373, -20.2298946381], [-5739.87890625, -203.638092041, 789.70904541, -32.7038383484, 325.926757812, -71.7626037598, 179.882125854, -69.2817153931, 115.391548157, -35.0497322083, 112.36164856, -12.4263963699, 48.2494125366], [1433.94702148, 7.02758407593, -197.824813843, 28.2725505829, -78.5486297607, 30.1228618622, -49.0320510864, 17.3836860657, -28.9519329071, 9.40401363373, -12.4263963699, 32.4432449341, -2.00464081764], [-2785.1550293, -112.441795349, 361.906707764, -13.3616552353, 166.5287323, -27.7671394348, 94.2716674805, -29.4812507629, 58.4782485962, -20.2298946381, 48.2494125366, -2.00464081764, 40.5331764221]],
        "icov": [[0.00164330122061, -0.00333334249444, 0.0047107427381, -0.00192386098206, 0.00584313971922, -0.00499484641477, 0.00808690581471, -0.00536251580343, 0.00540355732664, -0.00334701640531, 0.00109589821659, -0.00141753617208, -3.33792627316e-06], [-0.00333334249444, 0.0181478578597, -0.00727284280583, 0.0131251066923, -0.0104670189321, 0.0203576181084, -0.0147128896788, 0.0141127295792, -0.00799622572958, 0.0119828740135, 0.00292393937707, 0.00446978071705, 0.00625332677737], [0.0047107427381, -0.00727284280583, 0.0156463161111, -0.00440658070147, 0.015419526957, -0.00841745454818, 0.0205618292093, -0.0116134630516, 0.0153844850138, -0.00951296556741, 0.00488976575434, -0.00634253211319, 0.00389668578282], [-0.00192386098206, 0.0131251066923, -0.00440658070147, 0.0242983680218, -0.013253598474, 0.0115465447307, 0.000905432156287, -0.00568943237886, 0.00302575202659, 0.00316758081317, -1.21676366689e-05, -0.00217281351797, 0.0048108403571], [0.00584313971922, -0.0104670189321, 0.015419526957, -0.013253598474, 0.0488313212991, -0.0175203606486, 0.00941205583513, -0.00637854961678, 0.00432875752449, 0.00155854562763, -0.00439123157412, 0.00289899855852, -0.00883151963353], [-0.00499484641477, 0.0203576181084, -0.00841745454818, 0.0115465447307, -0.0175203606486, 0.0445216819644, -0.0372156985104, 0.0214912183583, -0.00928308814764, 0.00845426879823, 0.00371991051361, -0.00525195803493, 0.00981844030321], [0.00808690581471, -0.0147128896788, 0.0205618292093, 0.000905432156287, 0.00941205583513, -0.0372156985104, 0.0849908515811, -0.0481407269835, 0.0364494584501, -0.0108068957925, -0.00865202024579, 0.0135154537857, -0.012291809544], [-0.00536251580343, 0.0141127295792, -0.0116134630516, -0.00568943237886, -0.00637854961678, 0.0214912183583, -0.0481407269835, 0.0814287588, -0.0326669551432, -0.00392799405381, 0.0211719125509, -0.00331214163452, 0.00441499520093], [0.00540355732664, -0.00799622572958, 0.0153844850138, 0.00302575202659, 0.00432875752449, -0.00928308814764, 0.0364494584501, -0.0326669551432, 0.0520185157657, -0.0269627012312, -0.00203660037369, -0.00115578470286, -0.00606866972521], [-0.00334701640531, 0.0119828740135, -0.00951296556741, 0.00316758081317, 0.00155854562763, 0.00845426879823, -0.0108068957925, -0.00392799405381, -0.0269627012312, 0.0704165920615, -0.0167736820877, 0.0157225225121, 0.00569475581869], [0.00109589821659, 0.00292393937707, 0.00488976575434, -1.21676366689e-05, -0.00439123157412, 0.00371991051361, -0.00865202024579, 0.0211719125509, -0.00203660037369, -0.0167736820877, 0.0682199150324, -0.0280919410288, 0.00783240422606], [-0.00141753617208, 0.00446978071705, -0.00634253211319, -0.00217281351797, 0.00289899855852, -0.00525195803493, 0.0135154537857, -0.00331214163452, -0.00115578470286, 0.0157225225121, -0.0280919410288, 0.0715007632971, -0.0319505706429], [-3.33792627316e-06, 0.00625332677737, 0.00389668578282, 0.0048108403571, -0.00883151963353, 0.00981844030321, -0.012291809544, 0.00441499520093, -0.00606866972521, 0.00569475581869, 0.00783240422606, -0.0319505706429, 0.0840860456228]]
    },
    "melbands": {
        "max": [3.84219820262e-05, 4.44501856691e-05, 0.000129708249005, 0.000718890398275, 0.00274341134354, 0.000828164513223, 0.00537980347872, 0.00598832592368, 0.00144379283302, 0.00235863146372, 0.00152805389371, 0.0017655112315, 0.00127754930872, 0.00567409163341, 0.00285726319999, 0.00103620812297, 0.000868116796482, 0.000758416426834, 0.000588121707551, 0.000470852537546, 0.000654652540106, 0.000543403555639, 0.000311874202453, 0.000161599076819, 0.000107250889414, 0.000141122596688, 0.000114151131129, 9.05735651031e-05, 5.96648387727e-05, 3.49022157025e-05, 3.34516553266e-05, 2.07496232179e-05, 1.52582178998e-05, 2.2079275368e-05, 8.82340373209e-06, 5.80186451771e-06, 6.34589241599e-06, 3.15000329465e-06, 6.9034772423e-06, 6.56158226775e-06],
        "mean": [5.03381670569e-06, 5.38915219295e-06, 5.80373216508e-06, 1.72807158378e-05, 2.83027020487e-05, 1.58651000675e-05, 4.54322434962e-05, 5.16691288794e-05, 4.79207301396e-05, 7.15295900591e-05, 7.06082792021e-05, 7.60383190936e-05, 6.94177942933e-05, 0.000209553356399, 8.09630073491e-05, 6.14105229033e-05, 5.78603358008e-05, 5.55257029191e-05, 5.09690689796e-05, 4.71332932648e-05, 4.4703920139e-05, 3.04236436932e-05, 2.0061239411e-05, 1.42141343531e-05, 1.09248703666e-05, 9.17379838938e-06, 7.03586783857e-06, 5.46531919099e-06, 4.88691466671e-06, 3.76184902962e-06, 2.83190934169e-06, 2.02970068131e-06, 1.49926131598e-06, 1.16176772735e-06, 7.71163911395e-07, 5.4568795349e-07, 4.03236413149e-07, 2.85994275373e-07, 2.41930706579e-07, 2.15847990148e-07],
        "min": [2.28823255752e-25, 7.99334118422e-25, 7.96225266898e-25, 1.16686727378e-24, 1.2332128425e-24, 1.1707621759e-24, 9.49819689892e-25, 1.70433457738e-24, 1.18270691051e-24, 1.88369078165e-24, 2.1924489678e-24, 1.94598456353e-24, 2.1286500393e-24, 1.22041002444e-24, 2.39745932314e-24, 2.675874369e-24, 1.55530534174e-24, 2.74463424651e-24, 3.59218226156e-24, 3.06432150886e-24, 3.04119624864e-24, 3.18849886497e-24, 3.81895334497e-24, 2.84682269653e-24, 3.82457161234e-24, 3.30809550301e-24, 3.64549663698e-24, 3.7987585058e-24, 4.06651998514e-24, 3.61385227063e-24, 3.78869934597e-24, 4.57595846912e-24, 5.16321689811e-24, 4.75522198224e-24, 4.57458664001e-24, 4.70839441004e-24, 4.67299072705e-24, 5.55301003189e-24, 5.98842417511e-24, 5.88521119199e-24],
        "stdev": [8.32322621136e-06, 9.23221341509e-06, 1.28047731778e-05, 7.26116195437e-05, 0.000162793905474, 5.27620977664e-05, 0.00033288783743, 0.000315178651363, 0.00013389797823, 0.000196194392629, 0.000163075936143, 0.000190698570805, 0.000152167398483, 0.000596206751652, 0.000220851376071, 0.000131239823531, 0.000117779381981, 0.000114719368867, 0.000102020509075, 9.53432681854e-05, 9.83325007837e-05, 6.45359032205e-05, 4.12517474615e-05, 2.81365082628e-05, 2.13704825001e-05, 1.813435847e-05, 1.40351567097e-05, 1.0858800124e-05, 9.31238173507e-06, 7.18528644938e-06, 5.61311389902e-06, 3.72741669707e-06, 2.82569726551e-06, 2.28972953664e-06, 1.43603438119e-06, 1.02688500192e-06, 7.75558305577e-07, 5.28233783825e-07, 5.10296843004e-07, 4.92733192914e-07]
    },
    "melbands128": {
        "max": [8.8322092779e-05, 4.24146383011e-05, 5.16518957738e-05, 6.57855925965e-05, 5.68575560465e-05, 8.71437441674e-05, 0.000102347010397, 0.000246062088991, 0.000326298497384, 0.000962833233643, 0.00153452903032, 0.00178357213736, 0.00500382808968, 0.00294608296826, 0.000672359368764, 0.000474288652185, 0.00111990212463, 0.00856100022793, 0.0157053954899, 0.00855131261051, 0.00245521566831, 0.00190221471712, 0.00247720070183, 0.00210213777609, 0.00331164174713, 0.00455678626895, 0.00326834619045, 0.00238558556885, 0.00424083508551, 0.00383056863211, 0.00194892834406, 0.00158706260845, 0.00167022738606, 0.00165897549596, 0.00513328006491, 0.010992041789, 0.00889290310442, 0.00224906811491, 0.00163740105927, 0.00101406022441, 0.00159262714442, 0.00100308633409, 0.000911554670893, 0.00162162503693, 0.00157170242164, 0.00143645470962, 0.000867040071171, 0.000868748757057, 0.00072157982504, 0.000655785668641, 0.000559167936444, 0.000821891706437, 0.000957724929322, 0.000820453686174, 0.00104172958527, 0.000467308127554, 0.000332742056344, 0.000367113185348, 0.00037087048986, 0.000243775109993, 0.000294679775834, 0.000175706576556, 0.000139423791552, 0.000173797481693, 0.000139863346703, 0.000226259362535, 9.8229284049e-05, 9.91237975541e-05, 0.000197162720724, 8.07015239843e-05, 0.000111161352834, 9.24191554077e-05, 5.65877489862e-05, 9.30536334636e-05, 5.27344636794e-05, 4.78875590488e-05, 3.95521274186e-05, 4.15553186031e-05, 4.95642889291e-05, 2.99144721794e-05, 2.69341926469e-05, 1.96968831006e-05, 1.72736999957e-05, 2.14183201024e-05, 2.44493730861e-05, 3.6151464883e-05, 2.06710901693e-05, 1.37843062475e-05, 9.04598346096e-06, 1.09714774226e-05, 9.98630639515e-06, 9.52450773184e-06, 7.17838520359e-06, 7.88923989603e-06, 6.6744319156e-06, 2.97870633403e-06, 3.79217613045e-06, 2.93861035061e-06, 3.72405088456e-06, 1.27826779135e-05, 1.04271939563e-05, 5.62569903195e-06, 5.56386885364e-06, 3.32247782353e-06, 4.00557655666e-06, 9.12908035389e-06, 5.47326135347e-06, 5.63539515497e-06, 2.36421260524e-06, 3.975006166e-06, 2.96984717352e-06, 2.69098313765e-06, 1.4918684883e-06, 8.38783691393e-08, 1.77718764149e-08, 2.17866187313e-08, 3.27807399003e-08, 5.86107962164e-09, 2.19408380353e-09, 2.08248995825e-09, 2.03279615363e-09, 1.90711646475e-09, 1.81316317516e-09, 1.8616926889e-09, 1.87065918311e-09, 1.82872084142e-09, 1.75156744664e-09, 1.74505709882e-09],
        "mean": [4.88850673719e-06, 3.89790011468e-06, 5.43352962268e-06, 6.55434268992e-06, 5.37470259587e-06, 4.44954912382e-06, 5.2064187912e-06, 5.10405152454e-06, 7.16068780093e-06, 1.92043917195e-05, 2.22571761697e-05, 2.40590634348e-05, 3.84290942748e-05, 2.26436313824e-05, 1.17566814879e-05, 1.204959608e-05, 2.2233423806e-05, 5.00146597915e-05, 7.95301457401e-05, 5.24507231603e-05, 3.87327745557e-05, 4.60651026515e-05, 4.94215273648e-05, 4.63641736133e-05, 7.17876682756e-05, 8.49451607792e-05, 6.45613690722e-05, 6.03317384957e-05, 8.26545874588e-05, 9.35771968216e-05, 6.51615337119e-05, 5.8366873418e-05, 5.50867443962e-05, 6.81486708345e-05, 0.000209384379559, 0.000301826483337, 0.000124458980281, 6.29987625871e-05, 5.78329163545e-05, 5.97820981056e-05, 6.166548701e-05, 6.51456648484e-05, 5.70165575482e-05, 5.56526429136e-05, 5.44820868527e-05, 5.78456383664e-05, 5.34788596269e-05, 5.10557074449e-05, 5.09678247909e-05, 4.64808108518e-05, 4.51822743344e-05, 4.96039465361e-05, 4.68317557534e-05, 4.35964502685e-05, 3.82404359698e-05, 2.80960884993e-05, 2.51975507126e-05, 2.26365809795e-05, 1.75129935087e-05, 1.62770611496e-05, 1.47838618432e-05, 1.21501825561e-05, 1.10735199996e-05, 1.06533407234e-05, 1.05051021819e-05, 9.28876033868e-06, 8.52078210301e-06, 7.32569606043e-06, 6.89262697051e-06, 6.29390206086e-06, 5.67666847928e-06, 4.8509541557e-06, 4.7379676289e-06, 5.26665053258e-06, 4.65671791972e-06, 3.79929406336e-06, 3.45283297065e-06, 3.02614830616e-06, 2.93258085549e-06, 2.39312066697e-06, 2.16376975004e-06, 1.87140426533e-06, 1.66046083905e-06, 1.50694813783e-06, 1.31361639433e-06, 1.27309317577e-06, 1.13706209959e-06, 8.77979289271e-07, 7.63812806781e-07, 6.95853032084e-07, 5.71899079205e-07, 5.16053944466e-07, 4.68792961783e-07, 4.12196186517e-07, 3.55254485385e-07, 3.24051342204e-07, 2.63841627657e-07, 2.43030967795e-07, 2.394434091e-07, 2.48928216706e-07, 2.29667080021e-07, 2.13298676499e-07, 1.985166449e-07, 1.63639171546e-07, 1.575782278e-07, 1.50031439716e-07, 1.24213869412e-07, 1.18268907556e-07, 8.92217073556e-08, 7.68826211583e-08, 6.76719125181e-08, 5.39193933946e-08, 2.58873900094e-08, 3.25937610235e-09, 5.52049295166e-10, 2.07901829086e-09, 3.03681257918e-09, 2.24989627623e-11, 8.17264658726e-12, 6.57977752144e-12, 6.47656797984e-12, 6.25996216669e-12, 6.04374970209e-12, 6.0837216341e-12, 6.11875003789e-12, 6.08209229508e-12, 5.91262542399e-12, 5.85694947403e-12],
        "min": [1.68149338104e-26, 7.61242884929e-26, 3.97302399344e-25, 4.09523549584e-26, 2.83403876183e-25, 3.29104190796e-25, 1.3971601774e-25, 1.38556712684e-25, 2.70243704131e-25, 2.22531350476e-25, 5.89233921587e-26, 1.77168890197e-25, 2.18214457083e-25, 6.52614322394e-25, 1.74645126946e-25, 1.01833739943e-25, 2.53463967076e-25, 5.75079106868e-25, 5.34434084106e-25, 8.03421403987e-25, 6.52926908527e-25, 7.25241393279e-25, 3.45071129948e-25, 2.50131769308e-25, 9.07792829343e-25, 6.16564513013e-25, 5.24021366677e-25, 9.8615531344e-25, 1.04376336016e-24, 5.13025730342e-25, 4.37468928662e-25, 7.44725813903e-25, 9.91466122269e-25, 1.14277950465e-24, 1.11041865538e-24, 6.07357668084e-25, 3.48361394828e-25, 7.30392802901e-25, 7.33820157015e-25, 9.85289242773e-25, 4.64052505788e-25, 9.14517769953e-25, 8.35092098571e-25, 6.7250766879e-25, 1.30927471237e-24, 7.37004936401e-25, 1.12056813979e-24, 1.70388867375e-24, 5.56446803932e-25, 1.0543911901e-24, 1.28312397336e-24, 1.3562892446e-24, 1.51494652758e-24, 9.4289408279e-25, 1.41271646515e-24, 1.30753941559e-24, 1.47805623621e-24, 1.19805193144e-24, 1.23400160479e-24, 2.08025066176e-24, 1.55598849529e-24, 1.16545491694e-24, 1.86815475776e-24, 2.80478291838e-24, 1.27249505874e-24, 1.799267282e-24, 2.15675261741e-24, 2.07161145155e-24, 1.99435475323e-24, 2.27565367735e-24, 2.46830475167e-24, 1.81038331823e-24, 2.08695696553e-24, 1.59137364005e-24, 1.70946355377e-24, 2.06822980207e-24, 2.64831492163e-24, 3.15477841393e-24, 1.8859607289e-24, 2.76165648434e-24, 2.46673215745e-24, 2.54451463157e-24, 2.30934494053e-24, 2.90289256309e-24, 1.89920905616e-24, 2.75499317349e-24, 3.03828397139e-24, 3.05866458731e-24, 2.77264295017e-24, 3.60686375187e-24, 2.68377954413e-24, 2.85650556971e-24, 2.99544369664e-24, 3.14713632391e-24, 3.85337134627e-24, 3.70360886443e-24, 3.08997368778e-24, 3.6252292226e-24, 3.73869581977e-24, 3.94175729424e-24, 3.0692684556e-24, 3.90671254296e-24, 4.79244911721e-24, 4.4011453148e-24, 4.0415915861e-24, 3.8776197472e-24, 3.56891757018e-24, 5.32459732894e-24, 4.32953291626e-24, 3.21845112468e-24, 3.41629704527e-24, 4.62488401689e-24, 3.44775129615e-24, 4.31152361622e-24, 5.27427865281e-24, 4.48950246935e-24, 4.8279044706e-24, 3.60668744146e-24, 3.68851756088e-24, 3.46936569052e-24, 5.36285708284e-24, 4.64751643626e-24, 5.07782664943e-24, 5.84681930389e-24, 5.60814509828e-24, 4.46604845135e-24, 5.70803894914e-24, 4.90114902236e-24],
        "stdev": [9.61318073678e-06, 6.94800337442e-06, 9.8294694908e-06, 1.21303264677e-05, 9.95011760097e-06, 1.00698935057e-05, 1.30203652589e-05, 1.53540913743e-05, 2.51052606473e-05, 9.75671646302e-05, 0.000115818213089, 0.000120440774481, 0.000283279659925, 0.000150514155393, 4.1704151954e-05, 3.46871311194e-05, 8.30754361232e-05, 0.000413128116634, 0.000811684003565, 0.000453649292467, 0.0001419170585, 0.000154940964421, 0.000197532703169, 0.000134116780828, 0.00023023824906, 0.000300234591123, 0.000211481485167, 0.000162275639013, 0.000262841698714, 0.000318247359246, 0.00017087123706, 0.000146594204125, 0.000145821119077, 0.000181231618626, 0.000628773646895, 0.00103358062916, 0.000571667682379, 0.00018666946562, 0.000146808510181, 0.000136819930049, 0.000159276707564, 0.000148208026076, 0.000131192835397, 0.000141838900163, 0.000131162902107, 0.000144461184391, 0.000122670360724, 0.000115658498544, 0.000115241608, 9.8630633147e-05, 0.000100672150438, 0.000115528309834, 0.000116491115477, 0.000108004496724, 9.62658741628e-05, 6.43616367597e-05, 5.510911069e-05, 5.1958795666e-05, 3.99009295506e-05, 3.45401276718e-05, 3.26391527778e-05, 2.72324959951e-05, 2.39789787884e-05, 2.26564388868e-05, 2.16987173189e-05, 2.08559358725e-05, 1.78398895514e-05, 1.57781014423e-05, 1.55812213052e-05, 1.31250762934e-05, 1.25021615531e-05, 1.01921750684e-05, 9.50923367782e-06, 1.1076118426e-05, 9.68985386862e-06, 7.65708136896e-06, 7.07807930667e-06, 6.22197467237e-06, 6.53261304251e-06, 4.78048195873e-06, 4.22476341555e-06, 3.53462314706e-06, 3.16786713483e-06, 3.05331832351e-06, 2.79372306977e-06, 2.87383636532e-06, 2.27701434596e-06, 1.75068407771e-06, 1.4839791902e-06, 1.40478130106e-06, 1.15853515581e-06, 1.04374487364e-06, 9.48162039549e-07, 8.42961981107e-07, 7.24191238533e-07, 6.33661386473e-07, 5.1893255204e-07, 4.58258483604e-07, 4.82456471218e-07, 7.06328194156e-07, 5.92035178215e-07, 5.04570721205e-07, 4.80201606479e-07, 3.42090999084e-07, 3.93845965618e-07, 4.98032193263e-07, 3.89502957887e-07, 3.67965753867e-07, 2.2266085864e-07, 2.27303331712e-07, 1.77437811999e-07, 1.6145236259e-07, 8.58088498035e-08, 7.12062808716e-09, 1.47395762262e-09, 3.50261197823e-09, 5.33089972166e-09, 2.71400651952e-10, 9.89131970774e-11, 8.86916304288e-11, 8.65763294389e-11, 8.12288500351e-11, 7.72303193619e-11, 7.92928084303e-11, 7.96735385999e-11, 7.78902289889e-11, 7.46082778891e-11, 7.43317282725e-11]
    },
    "mfcc": {
        "mean": [-1016.08477783, 30.9526176453, -20.8076591492, -3.09789133072, -5.92558050156, -0.0708500668406, -2.15847086906, 0.883395016193, 0.617814481258, 0.572021007538, 0.109149158001, -0.428316771984, -0.0848570764065],
        "cov": [[95939.34375, 10645.4462891, -8841.79589844, -1406.41174316, -2211.20751953, 178.664474487, -659.47454834, 464.880126953, 368.707702637, 218.681930542, 16.1615219116, 49.1198005676, 122.02671051], [10645.4462891, 1947.57788086, -761.061218262, -139.879928589, -295.655914307, -91.2717208862, -168.788665771, -18.3575305939, -29.3293170929, 31.6860771179, -3.47470164299, -89.3389968872, -79.9954681396], [-8841.79589844, -761.061218262, 1142.58227539, 212.080413818, 202.137985229, -80.9497451782, -7.21684646606, -85.0154266357, -79.4045791626, -32.3689956665, 12.0006666183, -53.5379333496, -32.1916770935], [-1406.41174316, -139.879928589, 212.080413818, 116.788604736, 47.8684310913, -39.8371009827, -18.832157135, -20.6613864899, -11.2782840729, -9.00648498535, 0.542443215847, -7.40960216522, 0.276286274195], [-2211.20751953, -295.655914307, 202.137985229, 47.8684310913, 83.0613937378, 0.400218367577, 3.63372802734, -8.8366394043, -7.22232961655, -10.3010778427, 0.643082439899, 6.34566688538, 2.41998243332], [178.664474487, -91.2717208862, -80.9497451782, -39.8371009827, 0.400218367577, 57.3656768799, 40.3623085022, 21.0771541595, 8.55395412445, -4.80852603912, -3.5258936882, 11.3331918716, 9.33287239075], [-659.47454834, -168.788665771, -7.21684646606, -18.832157135, 3.63372802734, 40.3623085022, 85.9992141724, 22.2691707611, 6.55441474915, -3.53382492065, -13.6756429672, 10.1795463562, 7.15323257446], [464.880126953, -18.3575305939, -85.0154266357, -20.6613864899, -8.8366394043, 21.0771541595, 22.2691707611, 34.1430130005, 11.440331459, -4.71555328369, -4.53560066223, 6.93971061707, 3.90661907196], [368.707702637, -29.3293170929, -79.4045791626, -11.2782840729, -7.22232961655, 8.55395412445, 6.55441474915, 11.440331459, 40.7927703857, 13.7347574234, 5.08866214752, 10.3851976395, 8.85163497925], [218.681930542, 31.6860771179, -32.3689956665, -9.00648498535, -10.3010778427, -4.80852603912, -3.53382492065, -4.71555328369, 13.7347574234, 29.7400074005, 7.70419216156, 6.03298997879, -1.26483035088], [16.1615219116, -3.47470164299, 12.0006666183, 0.542443215847, 0.643082439899, -3.5258936882, -13.6756429672, -4.53560066223, 5.08866214752, 7.70419216156, 24.1968154907, 3.80498409271, 2.71374440193], [49.1198005676, -89.3389968872, -53.5379333496, -7.40960216522, 6.34566688538, 11.3331918716, 10.1795463562, 6.93971061707, 10.3851976395, 6.03298997879, 3.80498409271, 31.8853569031, 17.9003772736], [122.02671051, -79.9954681396, -32.1916770935, 0.276286274195, 2.41998243332, 9.33287239075, 7.15323257446, 3.90661907196, 8.85163497925, -1.26483035088, 2.71374440193, 17.9003772736, 29.9482402802]],
        "icov": [[0.000137838243973, -0.000476114480989, 0.000585849804338, -0.000608147995081, 0.000869876123033, -0.000816166226286, 0.000591173069552, -0.000587068672758, 5.03235150973e-06, 0.000136296104756, -0.00027482965379, -8.04507944849e-05, -0.0010013586143], [-0.000476114480989, 0.00446986081079, -0.000373129703803, 0.00214982638136, 0.00277270819061, 0.00505527993664, 0.000910222530365, 0.00341031095013, 0.00316389417276, -0.000995474634692, 0.00101538340095, 0.00483466219157, 0.00703798094764], [0.000585849804338, -0.000373129703803, 0.00675889058039, -0.00393330352381, 0.000179890077561, 0.0012148283422, 0.000604311237112, 0.00161961349659, 0.00482330890372, 0.000189511658391, -0.00492143444717, 0.00785696879029, -0.00249884766527], [-0.000608147995081, 0.00214982638136, -0.00393330352381, 0.0209783613682, -0.010631127283, 0.0162795316428, -0.00367288012058, 0.00302637787536, -0.00214028684422, 0.00307068997063, 0.00253609986976, 0.00233462196775, -0.000795725674834], [0.000869876123033, 0.00277270819061, 0.000179890077561, -0.010631127283, 0.0512774400413, -0.0152361532673, 0.0169743038714, -0.00192875985522, 0.000347881898051, 0.00595414312556, 0.0046155564487, -0.0115947313607, 0.00761583354324], [-0.000816166226286, 0.00505527993664, 0.0012148283422, 0.0162795316428, -0.0152361532673, 0.0517834015191, -0.0185510516167, -0.00043632320012, 0.00345704494976, 0.00596789037809, -0.00662042340264, 0.00943815428764, 0.00175497669261], [0.000591173069552, 0.000910222530365, 0.000604311237112, -0.00367288012058, 0.0169743038714, -0.0185510516167, 0.03017873317, -0.0107138911262, 0.00128464144655, -0.00438394350931, 0.013092732057, -0.00310696801171, -0.000589368341025], [-0.000587068672758, 0.00341031095013, 0.00161961349659, 0.00302637787536, -0.00192875985522, -0.00043632320012, -0.0107138911262, 0.0562794581056, -0.0104724280536, 0.0159016512334, 0.000376383046387, -0.00156981893815, 0.0133949648589], [5.03235150973e-06, 0.00316389417276, 0.00482330890372, -0.00214028684422, 0.000347881898051, 0.00345704494976, 0.00128464144655, -0.0104724280536, 0.0439688451588, -0.0207869727165, -0.00627766503021, 0.0108834411949, -0.00622102012858], [0.000136296104756, -0.000995474634692, 0.000189511658391, 0.00307068997063, 0.00595414312556, 0.00596789037809, -0.00438394350931, 0.0159016512334, -0.0207869727165, 0.0565985254943, -0.0116032352671, -0.0175683256239, 0.013679347001], [-0.00027482965379, 0.00101538340095, -0.00492143444717, 0.00253609986976, 0.0046155564487, -0.00662042340264, 0.013092732057, 0.000376383046387, -0.00627766503021, -0.0116032352671, 0.0570120178163, -0.00902499072254, -0.00137399882078], [-8.04507944849e-05, 0.00483466219157, 0.00785696879029, 0.00233462196775, -0.0115947313607, 0.00943815428764, -0.00310696801171, -0.00156981893815, 0.0108834411949, -0.0175683256239, -0.00902499072254, 0.0754070952535, -0.0276042055339], [-0.0010013586143, 0.00703798094764, -0.00249884766527, -0.000795725674834, 0.00761583354324, 0.00175497669261, -0.000589368341025, 0.0133949648589, -0.00622102012858, 0.013679347001, -0.00137399882078, -0.0276042055339, 0.0698631107807]]
    },
    "spectral_contrast_coeffs": {
        "max": [-0.482849389315, -0.48383924365, -0.541387617588, -0.611007869244, -0.681213974953, -0.683316230774],
        "mean": [-0.87872004509, -0.89868581295, -0.885902583599, -0.901882231236, -0.898394525051, -0.877006053925],
        "min": [-0.982543170452, -0.982682943344, -0.982355177402, -0.972783207893, -0.969569265842, -0.965220570564],
        "stdev": [0.118538670242, 0.0916491523385, 0.0997977480292, 0.078923471272, 0.0777393579483, 0.103972397745]
    },
    "spectral_contrast_valleys": {
        "max": [-6.92789649963, -5.24832010269, -5.28485107422, -5.27418088913, -5.71130943298, -8.75821304321],
        "mean": [-19.592622757, -19.02866745, -19.0498065948, -19.0127353668, -19.1076374054, -20.2908687592],
        "min": [-28.05818367, -28.0965557098, -28.0256252289, -27.6680393219, -27.5371780396, -27.3974895477],
        "stdev": [9.24923038483, 9.96626377106, 10.0195150375, 10.0272798538, 9.9294052124, 8.49116134644]
    }
},
"rhythm": {
    "beats_count": 22,
    "beats_loudness": {
        "max": 0.036923751235,
        "mean": 0.00802626088262,
        "min": 0,
        "stdev": 0.0121558047831
    },
    "bpm": 105.940887451,
    "bpm_histogram_first_peak_bpm": 105,
    "bpm_histogram_first_peak_weight": 0.571428537369,
    "bpm_histogram_second_peak_bpm": 99,
    "bpm_histogram_second_peak_spread": 0,
    "bpm_histogram_second_peak_weight": 0.142857149243,
    "danceability": 0.74489480257,
    "onset_rate": 0.862111866474,
    "beats_loudness_band_ratio": {
        "max": [0.0867646336555, 0.738225340843, 0.618677139282, 0.676711320877, 0.493155539036, 0.149582728744],
        "mean": [0.0101728485897, 0.046390414238, 0.0733398795128, 0.160718813539, 0.132333114743, 0.0410935953259],
        "min": [0, 0, 0, 0, 0, 0],
        "stdev": [0.020863449201, 0.153104349971, 0.133580282331, 0.202635407448, 0.183994054794, 0.0580517500639]
    },
    "beats_position": [0.603718817234, 1.20743763447, 1.82276642323, 2.42648530006, 3.01859402657, 3.61070299149, 4.20281171799, 4.77170038223, 5.34058952332, 5.90947818756, 6.47836732864, 7.04725599289, 7.61614513397, 8.16181373596, 8.70748329163, 9.26476192474, 9.82204055786, 10.379319191, 10.9365987778, 11.4938774109, 12.0279359818, 12.5619955063],
