{
"metadata": {
    "version": {
        "essentia": "2.1-beta5",
        "essentia_git_sha": "Undefined",
        "extractor": "music 2.0"
    },
    "audio_properties": {
        "analysis": {
            "equal_loudness": 0,
            "length": 32.4963264465,
            "sample_rate": 44100,
            "start_time": 110.248344421,
            "downmix": "mix"
        },
        "bit_rate": 192000,
        "length": 173.058319092,
        "lossless": 0,
        "number_channels": 2,
        "replay_gain": -9.82363128662,
        "sample_rate": 44100,
        "codec": "mp3",
        "md5_encoded": "1c62846ad06eb610f488eb86b87fb9a2"
    },
    "tags": {
        "file_name": "Finland_Eläköön Elämä_Sonja Lumme.mp3",
        "encoding": ["Lavf58.29.100"]
    }
},
"lowlevel": {
    "average_loudness": 0.89463031292,
    "barkbands_crest": {
        "max": 22.7519779205,
        "mean": 7.4929933548,
        "min": 2.5776925087,
        "stdev": 3.02596282959
    },
    "barkbands_flatness_db": {
        "max": 0.308453589678,
        "mean": 0.149425759912,
        "min": 0.069357290864,
        "stdev": 0.0290767494589
    },
    "barkbands_kurtosis": {
        "max": 86.5720291138,
        "mean": 0.98119020462,
        "min": -1.86483597755,
        "stdev": 4.65686416626
    },
    "barkbands_skewness": {
        "max": 5.96829462051,
        "mean": 0.729040801525,
        "min": -3.55567741394,
        "stdev": 0.850780248642
    },
    "barkbands_spread": {
        "max": 75.3407897949,
        "mean": 22.6480064392,
        "min": 1.47484242916,
        "stdev": 9.6736125946
    },
    "dissonance": {
        "max": 0.500000119209,
        "mean": 0.470850020647,
        "min": 0.342146903276,
        "stdev": 0.0219835992903
    },
    "dynamic_complexity": 2.36960721016,
    "erbbands_crest": {
        "max": 25.9400062561,
        "mean": 8.79696846008,
        "min": 2.82088541985,
        "stdev": 3.84062385559
    },
    "erbbands_flatness_db": {
        "max": 0.294137835503,
        "mean": 0.201432749629,
        "min": 0.108123622835,
        "stdev": 0.0309920329601
    },
    "erbbands_kurtosis": {
        "max": 33.9766731262,
        "mean": 0.164515838027,
        "min": -1.70143508911,
        "stdev": 2.24450063705
    },
    "erbbands_skewness": {
        "max": 5.06278085709,
        "mean": 0.174836531281,
        "min": -2.52325344086,
        "stdev": 0.69072586298
    },
    "erbbands_spread": {
        "max": 108.921875,
        "mean": 31.602437973,
        "min": 6.59339809418,
        "stdev": 12.788441658
    },
    "hfc": {
        "max": 87.4097518921,
        "mean": 25.6741371155,
        "min": 0.511024594307,
        "stdev": 17.3104858398
    },
    "loudness_ebu128": {
        "integrated": -14.5077428818,
        "loudness_range": 5.00199890137,
        "momentary": {
            "max": -11.0081577301,
            "mean": -15.0733575821,
            "min": -22.16680336,
            "stdev": 2.38503670692
        },
        "short_term": {
            "max": -11.8066186905,
            "mean": -14.8974885941,
            "min": -20.0162467957,
            "stdev": 1.84075546265
        }
    },
    "melbands_crest": {
        "max": 27.4437236786,
        "mean": 9.88653850555,
        "min": 3.55967593193,
        "stdev": 3.71257781982
    },
    "melbands_flatness_db": {
        "max": 0.387316912413,
        "mean": 0.140482142568,
        "min": 0.0208707116544,
        "stdev": 0.0463374182582
    },
    "melbands_kurtosis": {
        "max": 81.6922073364,
        "mean": 3.907132864,
        "min": -1.67035889626,
        "stdev": 6.5353474617
    },
    "melbands_skewness": {
        "max": 6.05476665497,
        "mean": 1.42705309391,
        "min": -1.67217969894,
        "stdev": 0.949180960655
    },
    "melbands_spread": {
        "max": 230.913421631,
        "mean": 34.1932754517,
        "min": 1.47259616852,
        "stdev": 18.9665298462
    },
    "pitch_salience": {
        "max": 0.874634385109,
        "mean": 0.610655844212,
        "min": 0.271173685789,
        "stdev": 0.0828046873212
    },
    "silence_rate_20dB": {
        "max": 1,
        "mean": 1,
        "min": 1,
        "stdev": 0
    },
    "silence_rate_30dB": {
        "max": 1,
        "mean": 1,
        "min": 1,
        "stdev": 0
    },
    "silence_rate_60dB": {
        "max": 1,
        "mean": 0.0128479655832,
        "min": 0,
        "stdev": 0.112619549036
    },
    "spectral_centroid": {
        "max": 4450.55761719,
        "mean": 1776.64294434,
        "min": 262.331085205,
        "stdev": 565.881713867
    },
    "spectral_complexity": {
        "max": 53,
        "mean": 24.7508926392,
        "min": 0,
        "stdev": 9.58615779877
    },
    "spectral_decrease": {
        "max": -5.54172957523e-11,
        "mean": -4.74359795888e-09,
        "min": -1.84730932773e-08,
        "stdev": 2.86720114318e-09
    },
    "spectral_energy": {
        "max": 0.0769720375538,
        "mean": 0.0202321596444,
        "min": 0.00031454974669,
        "stdev": 0.0121560906991
    },
    "spectral_energyband_high": {
        "max": 0.0102028949186,
        "mean": 0.000965423183516,
        "min": 7.40083351047e-06,
        "stdev": 0.000978625845164
    },
    "spectral_energyband_low": {
        "max": 0.01914280653,
        "mean": 0.00135731825139,
        "min": 3.56700729753e-06,
        "stdev": 0.00180485739838
    },
    "spectral_energyband_middle_high": {
        "max": 0.048121124506,
        "mean": 0.0100147817284,
        "min": 3.14781682391e-05,
        "stdev": 0.00873378943652
    },
    "spectral_energyband_middle_low": {
        "max": 0.0449399352074,
        "mean": 0.00883359462023,
        "min": 4.31762127846e-05,
        "stdev": 0.00624639960006
    },
    "spectral_entropy": {
        "max": 8.87381267548,
        "mean": 7.6158413887,
        "min": 6.00538396835,
        "stdev": 0.293662160635
    },
    "spectral_flux": {
        "max": 0.185146346688,
        "mean": 0.0806178450584,
        "min": 0.011295706965,
        "stdev": 0.0318620540202
    },
    "spectral_kurtosis": {
        "max": 14.3562965393,
        "mean": 3.30618023872,
        "min": -1.12751567364,
        "stdev": 1.93678808212
    },
    "spectral_rms": {
        "max": 0.00866571813822,
        "mean": 0.00423297751695,
        "min": 0.000553965510335,
        "stdev": 0.00134930398781
    },
    "spectral_rolloff": {
        "max": 10163.671875,
        "mean": 2212.35864258,
        "min": 258.3984375,
        "stdev": 1311.12084961
    },
    "spectral_skewness": {
        "max": 3.10538101196,
        "mean": 1.21341991425,
        "min": 0.142624378204,
        "stdev": 0.357953548431
    },
    "spectral_spread": {
        "max": 21106908,
        "mean": 3702358.5,
        "min": 2221465,
        "stdev": 1180051
    },
    "spectral_strongpeak": {
        "max": 10.1012735367,
        "mean": 1.58221042156,
        "min": 0.0302141848952,
        "stdev": 1.56061959267
    },
    "zerocrossingrate": {
        "max": 0.326171875,
        "mean": 0.0772003680468,
        "min": 0.01220703125,
        "stdev": 0.0328482873738
    },
    "barkbands": {
        "max": [0.000138771545608, 0.00183595088311, 0.00718106841668, 0.0170267913491, 0.0183125212789, 0.0175011791289, 0.0204966273159, 0.0105549935251, 0.0208271965384, 0.0289189238101, 0.0241993684322, 0.00925979483873, 0.0103377010673, 0.0100816842169, 0.0221951138228, 0.0096688605845, 0.00937904138118, 0.00822682492435, 0.0073484131135, 0.00401011714712, 0.00193612126168, 0.00154626183212, 0.00193360750563, 0.00470298202708, 0.00227813073434, 1.75862551259e-05, 7.18383148524e-07],
        "mean": [6.54379300613e-06, 0.000143100056448, 0.000553404097445, 0.00116981298197, 0.00200869399123, 0.00184510729741, 0.00125283515081, 0.00076911324868, 0.00130706676282, 0.00236326595768, 0.00124283973128, 0.000673688366078, 0.00100556341931, 0.000632673793007, 0.00146440183744, 0.000701461569406, 0.000635544303805, 0.000736741756555, 0.000502869312186, 0.000548136304133, 0.000276691047475, 0.000122554556583, 0.000112558656838, 0.000111886896775, 4.53312677564e-05, 2.78524680652e-07, 1.38102340674e-09],
        "min": [1.04287050107e-08, 2.56936488086e-07, 1.5269308733e-06, 4.61962713416e-07, 6.77447405906e-06, 4.82783752886e-06, 1.40515680869e-06, 3.50518666892e-06, 4.99305497215e-06, 2.29213219427e-06, 1.18759567158e-06, 1.11966335226e-06, 4.51944458746e-07, 2.70647291245e-07, 6.05191530667e-07, 7.18797707577e-07, 2.77739854937e-06, 1.07939069949e-06, 1.10263658826e-06, 1.24514485833e-06, 4.62073728613e-07, 6.20683351826e-07, 7.9538352793e-08, 8.57155413314e-08, 8.1769147009e-10, 9.52867212217e-12, 1.30483037569e-11],
        "stdev": [1.07847799882e-05, 0.000193196494365, 0.000739403534681, 0.00188587710727, 0.00204403069802, 0.00229988270439, 0.0017147816252, 0.000931798538659, 0.00190543348435, 0.0036064425949, 0.00271100807004, 0.00106644199695, 0.00143696239684, 0.00112589495257, 0.00237908726558, 0.00109545025043, 0.000871942320373, 0.000840514083393, 0.000551151752006, 0.00059948512353, 0.000309567374643, 0.000150972395204, 0.000185286029591, 0.000306470115902, 0.000154277018737, 1.40691884098e-06, 1.96741112291e-08]
    },
    "erbbands": {
        "max": [0.0452915541828, 0.461200863123, 5.27275085449, 42.0813865662, 59.8878097534, 90.5689697266, 122.513008118, 163.562469482, 188.993423462, 374.809692383, 296.548187256, 467.638641357, 934.77911377, 1083.12133789, 502.857849121, 452.756286621, 506.471496582, 578.467041016, 1104.39611816, 813.548156738, 650.528137207, 340.239807129, 508.810516357, 523.361999512, 261.818908691, 219.865432739, 140.439163208, 53.9943656921, 55.3405036926, 67.1254119873, 59.9509048462, 111.995315552, 61.9415435791, 33.6555633545, 10.7762308121, 0.480150341988, 0.0152365490794, 0.00127973209601, 0.000216716929572, 9.51841575443e-05],
        "mean": [0.00297299795784, 0.0435381233692, 0.472279280424, 2.71297216415, 4.73090791702, 7.31128978729, 10.4629955292, 16.2541255951, 18.6984291077, 15.753698349, 18.15599823, 32.5047264099, 48.9234199524, 83.5380630493, 40.6405982971, 30.6214981079, 47.6838645935, 34.8992729187, 79.9594421387, 41.9298934937, 42.8565483093, 33.8299217224, 39.8328704834, 32.2406730652, 24.4824085236, 27.2478885651, 16.8824634552, 7.02381801605, 4.64110994339, 3.99937653542, 2.97354769707, 2.55483317375, 1.67637526989, 0.754171311855, 0.186074540019, 0.00954057183117, 0.000337015459081, 3.42645143974e-05, 1.78094942385e-05, 2.69688334811e-05],
        "min": [3.3276457998e-06, 9.52033005888e-05, 0.00132269819733, 0.0088442703709, 0.00806244555861, 0.0249313544482, 0.0238172691315, 0.030955132097, 0.0286574810743, 0.0238614715636, 0.143722504377, 0.106194093823, 0.0804368108511, 0.0513927526772, 0.0705271288753, 0.0365454927087, 0.0268521010876, 0.022783242166, 0.0219657868147, 0.0444147251546, 0.0594369731843, 0.154616072774, 0.054063078016, 0.0806324779987, 0.0707978010178, 0.0488062351942, 0.0266145151109, 0.0191261116415, 0.0231665503234, 0.0264378115535, 0.00433107838035, 0.000800280249678, 0.00195084803272, 0.000158385402756, 3.05277972075e-05, 7.92756691226e-06, 1.69635427483e-06, 5.46325225059e-07, 6.7457779096e-07, 6.13503800651e-07],
        "stdev": [0.00466748792678, 0.0540147796273, 0.597633123398, 4.19999599457, 6.00573348999, 8.40624523163, 14.1044454575, 20.6247520447, 23.8243751526, 21.3913898468, 22.1210517883, 43.5179176331, 76.5481796265, 140.70135498, 63.5293998718, 47.9966239929, 66.3736801147, 49.9709014893, 129.006576538, 65.2282104492, 66.6841659546, 41.4330329895, 47.8504257202, 36.9648208618, 24.9823093414, 30.0988616943, 18.4491786957, 7.29055500031, 5.91499662399, 5.44112348557, 5.27617120743, 6.53367996216, 4.92068815231, 2.45884156227, 0.683340370655, 0.0359802991152, 0.00112253171392, 8.9276865765e-05, 1.67842117662e-05, 1.59610244737e-05]
    },
    "gfcc": {
        "mean": [-8.00298881531, 106.258483887, -175.720626831, 42.7702407837, -83.5342559814, 6.62221670151, -45.3290786743, -2.45259070396, -22.1075534821, -21.131193161, -3.42915916443, -22.1665000916, 3.71052455902],
        "cov": [[2252.45654297, -524.782470703, -552.32244873, 3.61983013153, -132.082382202, 204.42829895, -24.7823791504, -99.8691482544, -60.967716217, -30.7231311798, -9.20460700989, -101.236351013, 24.4855747223], [-524.782470703, 710.844177246, 4.74437093735, -8.78116798401, 137.787734985, -159.846221924, 139.16192627, -102.46546936, 96.7839431763, -75.0133895874, 73.0185546875, -47.9271278381, 12.036775589], [-552.32244873, 4.74437093735, 906.445251465, 83.6301269531, -63.2356491089, 29.923789978, -241.663101196, 203.108261108, -125.156028748, 97.4064865112, -97.9560699463, 123.274734497, -28.3595180511], [3.61983013153, -8.78116798401, 83.6301269531, 179.5834198, 10.5587949753, -23.0202217102, -2.36491322517, -8.35517215729, 35.0083999634, -22.8193435669, -5.26146841049, 20.4800987244, -8.012591362], [-132.082382202, 137.787734985, -63.2356491089, 10.5587949753, 158.737533569, 8.72036457062, 42.7851791382, 7.53101539612, 8.95173931122, -16.6274375916, 1.3081510067, -23.4349002838, 9.05962657928], [204.42829895, -159.846221924, 29.923789978, -23.0202217102, 8.72036457062, 187.257369995, 16.0621242523, 21.4913578033, -49.0637779236, 15.6155109406, -34.2259254456, -8.56629085541, -5.03051519394], [-24.7823791504, 139.16192627, -241.663101196, -2.36491322517, 42.7851791382, 16.0621242523, 203.120193481, -78.9712905884, 56.9772491455, -51.576713562, 42.7650604248, -48.1318130493, -0.627399623394], [-99.8691482544, -102.46546936, 203.108261108, -8.35517215729, 7.53101539612, 21.4913578033, -78.9712905884, 184.621307373, -31.5781326294, 44.6781654358, -44.3267288208, 31.3824462891, 0.480670690536], [-60.967716217, 96.7839431763, -125.156028748, 35.0083999634, 8.95173931122, -49.0637779236, 56.9772491455, -31.5781326294, 144.093307495, -31.8072681427, 21.3972358704, -10.9160766602, 1.39754939079], [-30.7231311798, -75.0133895874, 97.4064865112, -22.8193435669, -16.6274375916, 15.6155109406, -51.576713562, 44.6781654358, -31.8072681427, 104.887825012, 1.35822439194, 25.9037475586, -9.93261051178], [-9.20460700989, 73.0185546875, -97.9560699463, -5.26146841049, 1.3081510067, -34.2259254456, 42.7650604248, -44.3267288208, 21.3972358704, 1.35822439194, 96.3751907349, -3.62762665749, 2.07380723953], [-101.236351013, -47.9271278381, 123.274734497, 20.4800987244, -23.4349002838, -8.56629085541, -48.1318130493, 31.3824462891, -10.9160766602, 25.9037475586, -3.62762665749, 86.1297988892, 7.98242235184], [24.4855747223, 12.036775589, -28.3595180511, -8.012591362, 9.05962657928, -5.03051519394, -0.627399623394, 0.480670690536, 1.39754939079, -9.93261051178, 2.07380723953, 7.98242235184, 67.502746582]],
        "icov": [[0.00107068801299, -0.000726753962226, 0.00179877318442, -0.00158587726764, 0.0019728152547, -0.00209174561314, 0.00196763547137, -0.000682133540977, 0.00110121420585, -0.000164021388628, 0.000221138834604, 0.000550959492102, -0.000207712859265], [-0.000726753962226, 0.00754349585623, -0.00624092668295, 0.00553535204381, -0.00790814682841, 0.00753956567496, -0.00653422996402, 0.00514114182442, -0.00422266079113, 0.00233915587887, -0.0027380688116, 0.00280283484608, -0.00133623345755], [0.00179877318442, -0.00624092668295, 0.00907208025455, -0.00710682524368, 0.00837207399309, -0.00792039465159, 0.00827365275472, -0.00593323120847, 0.00557558238506, -0.00225271331146, 0.00305123743601, -0.00301783089526, 0.00164968252648], [-0.00158587726764, 0.00553535204381, -0.00710682524368, 0.0123402029276, -0.00806838739663, 0.00725629925728, -0.00632682116702, 0.00514364335686, -0.0059624761343, 0.00344287115149, -0.00177919853013, -0.000325358676491, 0.000318628037348], [0.0019728152547, -0.00790814682841, 0.00837207399309, -0.00806838739663, 0.0170222185552, -0.00960385613143, 0.00702843768522, -0.00718797603622, 0.00575491553172, -0.00216377014294, 0.00292216450907, -0.000409475469496, -0.000108533044113], [-0.00209174561314, 0.00753956567496, -0.00792039465159, 0.00725629925728, -0.00960385613143, 0.0162508226931, -0.0105494540185, 0.00501640327275, -0.00280700903386, 0.0010264206212, 2.4281504011e-05, 0.00203067041002, -0.000717391900253], [0.00196763547137, -0.00653422996402, 0.00827365275472, -0.00632682116702, 0.00702843768522, -0.0105494540185, 0.0167954619974, -0.003514949698, 0.00258583994582, 0.000235633997363, -0.000322513456922, -3.82120342692e-05, 0.00162361131515], [-0.000682133540977, 0.00514114182442, -0.00593323120847, 0.00514364335686, -0.00718797603622, 0.00501640327275, -0.003514949698, 0.0121263731271, -0.00394431035966, -0.00031424354529, 0.000263666996034, 0.00122859573457, -0.00144988845568], [0.00110121420585, -0.00422266079113, 0.00557558238506, -0.0059624761343, 0.00575491553172, -0.00280700903386, 0.00258583994582, -0.00394431035966, 0.0128316385671, -0.000526453077327, 0.00168647186365, -0.00167308049276, 0.000861674663611], [-0.000164021388628, 0.00233915587887, -0.00225271331146, 0.00344287115149, -0.00216377014294, 0.0010264206212, 0.000235633997363, -0.00031424354529, -0.000526453077327, 0.0141638740897, -0.00391980819404, -0.00138967763633, 0.00185574498028], [0.000221138834604, -0.0027380688116, 0.00305123743601, -0.00177919853013, 0.00292216450907, 2.4281504011e-05, -0.000322513456922, 0.000263666996034, 0.00168647186365, -0.00391980819404, 0.0152822975069, -0.00267983786762, 0.000319186947308], [0.000550959492102, 0.00280283484608, -0.00301783089526, -0.000325358676491, -0.000409475469496, 0.00203067041002, -3.82120342692e-05, 0.00122859573457, -0.00167308049276, -0.00138967763633, -0.00267983786762, 0.0183052644134, -0.00406111124903], [-0.000207712859265, -0.00133623345755, 0.00164968252648, 0.000318628037348, -0.000108533044113, -0.000717391900253, 0.00162361131515, -0.00144988845568, 0.000861674663611, 0.00185574498028, 0.000319186947308, -0.00406111124903, 0.0165708940476]]
    },
    "melbands": {
        "max": [0.000485744822072, 0.00244593108073, 0.0065067820251, 0.00441996380687, 0.00350307277404, 0.00333916535601, 0.00292794848792, 0.00341398757882, 0.00240765488707, 0.00340768019669, 0.00459600193426, 0.00478251744062, 0.00263810693286, 0.00130541599356, 0.00146758335177, 0.00114659208339, 0.000966770458035, 0.00166677683592, 0.00231397058815, 0.000604192493483, 0.000996339600533, 0.00045112715452, 0.000395520124584, 0.000554822094273, 0.000489504600409, 0.000201863076654, 0.000171817009686, 0.000203309289645, 0.000141330136103, 6.54110626783e-05, 3.85573293897e-05, 3.27893540089e-05, 3.80766177841e-05, 4.22897974204e-05, 3.68339024135e-05, 4.71218045277e-05, 7.8893477621e-05, 4.56711204606e-05, 3.81732643291e-05, 2.92450204142e-05],
        "mean": [3.24360626109e-05, 0.000207917997614, 0.000508831231855, 0.000437805050751, 0.000358304590918, 0.00036114314571, 0.000284763460513, 0.000166162935784, 0.000148142309627, 0.000209039193578, 0.000248674448812, 0.000350534945028, 0.000149008832523, 8.15180610516e-05, 8.55290272739e-05, 0.000101577665191, 5.69532967347e-05, 0.000122170211398, 8.71842494234e-05, 4.35962720076e-05, 5.12736769451e-05, 3.47741588484e-05, 3.59159203072e-05, 3.45409280271e-05, 2.52078189078e-05, 1.81320920092e-05, 1.65327237482e-05, 1.84340460692e-05, 1.22779474623e-05, 6.25027178103e-06, 3.22951655107e-06, 2.63166043624e-06, 2.2707122298e-06, 2.23672100219e-06, 1.69660597749e-06, 1.64759228483e-06, 1.50082485106e-06, 1.22270319025e-06, 9.19911371966e-07, 5.6483975186e-07],
        "min": [5.29701580376e-08, 5.58435829134e-07, 2.06357549359e-06, 1.54559199927e-06, 5.42212319488e-07, 6.98402061516e-07, 3.57458503686e-07, 2.10106009035e-07, 1.21562300137e-06, 5.52651499675e-07, 3.31418249289e-07, 1.93973519913e-07, 2.12407087474e-07, 1.79019593816e-07, 6.06612005072e-08, 4.10895388825e-08, 3.44547004261e-08, 2.27215384285e-08, 4.17351913029e-08, 5.15654186017e-08, 5.14862854573e-08, 1.62192151265e-07, 7.8026246797e-08, 4.59058533409e-08, 6.37452899355e-08, 3.61640353219e-08, 6.00336278467e-08, 2.68626294542e-08, 1.88083113528e-08, 1.27520065618e-08, 1.03461070822e-08, 9.35505450883e-09, 3.42118244845e-09, 5.71838487673e-09, 1.23274335184e-09, 1.28993291743e-11, 4.224663952e-10, 3.77667203066e-10, 6.4174839054e-11, 1.01868871411e-12],
        "stdev": [4.6148776164e-05, 0.000253264501225, 0.000704947742634, 0.000479245383758, 0.000428575091064, 0.000449759536423, 0.000360846112017, 0.000212067956454, 0.000183131007361, 0.000298420141917, 0.000398225791287, 0.000593755452428, 0.00028338553966, 0.000125075443066, 0.00012478158169, 0.000147821629071, 9.71444605966e-05, 0.000201180679142, 0.000160502648214, 6.45989566692e-05, 9.19689409784e-05, 4.8933969083e-05, 4.63575852336e-05, 4.07383522543e-05, 3.25574947055e-05, 1.9464197976e-05, 1.8818767785e-05, 2.23207898671e-05, 1.53720720846e-05, 7.57446559874e-06, 3.89053411709e-06, 3.65995015272e-06, 3.01976706396e-06, 3.37278811458e-06, 2.99378939417e-06, 3.60040007763e-06, 4.22992252425e-06, 3.61941761184e-06, 2.82134033114e-06, 2.00494514502e-06]
    },
    "melbands128": {
        "max": [7.58115056669e-05, 0.000274834310403, 0.000836129591335, 0.000899766746443, 0.00231189769693, 0.00454435450956, 0.0102245183662, 0.00797440204769, 0.00741629535332, 0.00627015158534, 0.00598130607978, 0.00412044068798, 0.00554708298296, 0.00767422700301, 0.00552120897919, 0.00487822946161, 0.00421461090446, 0.00459715211764, 0.00802978593856, 0.00483320141211, 0.00202015694231, 0.0022579850629, 0.00449023442343, 0.00242684572004, 0.00459033995867, 0.00689027551562, 0.00645842310041, 0.00809584651142, 0.00693468516693, 0.0100945560262, 0.00841408409178, 0.00778343668208, 0.00370064331219, 0.00344948237762, 0.00151254842058, 0.00296945078298, 0.00274745817296, 0.00305993575603, 0.00240935757756, 0.00226552365348, 0.00244691688567, 0.00367235974409, 0.00135224102996, 0.00158501951955, 0.00171963742469, 0.00296465330757, 0.0037843582686, 0.00419776607305, 0.00209814286791, 0.00120389973745, 0.000996381044388, 0.000901474268176, 0.00173926143907, 0.00250672991388, 0.00118428026326, 0.000550971599296, 0.000738898292184, 0.00093462067889, 0.00093457166804, 0.00120136665646, 0.00101014017127, 0.000577860570047, 0.00128364504781, 0.000346263987012, 0.000218215893256, 0.000444456556579, 0.000528436154127, 0.000241753848968, 0.000267160037765, 0.000454860768514, 0.000407417624956, 0.000411157147028, 0.000343779742252, 0.000190919672605, 0.000162677533808, 9.68573076534e-05, 7.81473208917e-05, 5.80310588703e-05, 6.99992160662e-05, 4.4854466978e-05, 4.84074080305e-05, 6.51649024803e-05, 4.51746454928e-05, 3.77056858269e-05, 5.42074085388e-05, 4.37334711023e-05, 5.91598654864e-05, 4.77123794553e-05, 4.02655241487e-05, 4.50520383311e-05, 7.01225289959e-05, 7.0568814408e-05, 6.27422123216e-05, 9.22121180338e-05, 7.88578327047e-05, 5.60161897738e-05, 6.9388144766e-05, 6.3000145019e-05, 4.48012724519e-05, 4.38592578575e-05, 2.43487138505e-05, 4.34002540715e-05, 3.60293743142e-05, 1.96393175429e-05, 9.43104441831e-06, 5.75297372052e-06, 1.33287380777e-06, 7.73340900651e-07, 1.09871685083e-07, 1.91908370084e-07, 2.75188387633e-08, 4.38349800902e-09, 4.20230250597e-09, 4.01204758305e-09, 3.83884612987e-09, 3.69362829211e-09, 3.54598306274e-09, 3.42759753913e-09, 3.29894644935e-09, 3.19943604943e-09, 3.11014147769e-09, 3.014918315e-09, 2.94730462258e-09, 2.88519097502e-09, 2.82968870557e-09, 2.80268230846e-09, 2.7712632189e-09, 2.75128497762e-09],
        "mean": [4.4430375965e-06, 1.88767262443e-05, 3.83947408409e-05, 6.87445572112e-05, 0.000151618180098, 0.000315271259751, 0.000581059022807, 0.00054359366186, 0.000446546502644, 0.000474917527754, 0.00041146503645, 0.000315761251841, 0.00035288016079, 0.000385893537896, 0.000399461510824, 0.000331329880282, 0.000284484267468, 0.000307269860059, 0.000256103579886, 0.000146289166878, 0.000142234144732, 0.000140322867082, 0.000159962088219, 0.000126143466332, 0.000217922177399, 0.000253813603194, 0.000170104554854, 0.00024055026006, 0.000276002974715, 0.00046601696522, 0.00034651401802, 0.000201635702979, 0.000132697256049, 0.000127558698296, 6.99163210811e-05, 7.45049474062e-05, 8.66997870617e-05, 5.89453229622e-05, 0.000111473935249, 0.000122546349303, 0.000109029031591, 5.26015719515e-05, 4.92227300128e-05, 6.52789894957e-05, 5.96439458604e-05, 0.000154854802531, 0.000178255955689, 8.34789534565e-05, 5.34776918357e-05, 3.84436170862e-05, 4.14061323681e-05, 4.84102711198e-05, 5.50795302843e-05, 5.38979111298e-05, 4.37292474089e-05, 2.96753969451e-05, 2.70460004685e-05, 3.78210133931e-05, 3.64024599548e-05, 4.12093650084e-05, 3.07068876282e-05, 3.2665731851e-05, 3.59136101906e-05, 1.90170576388e-05, 1.55437410285e-05, 1.84154705494e-05, 2.1544730771e-05, 1.2724051885e-05, 1.49037732626e-05, 2.19662160816e-05, 1.86813176697e-05, 1.80284951057e-05, 1.43638635564e-05, 1.2015275388e-05, 8.0141971921e-06, 7.27395172362e-06, 5.20639605384e-06, 3.40483552463e-06, 3.26277358909e-06, 2.73484511126e-06, 2.35390484704e-06, 2.86191993837e-06, 2.46028275797e-06, 2.14959663936e-06, 2.21110644816e-06, 2.18693026e-06, 2.53112671089e-06, 1.74106412487e-06, 1.72105649199e-06, 1.49111542669e-06, 1.63051720392e-06, 1.6575703512e-06, 1.7690522327e-06, 1.51864821873e-06, 1.38298003094e-06, 1.19447929592e-06, 1.26019438085e-06, 1.12305531275e-06, 1.01539194475e-06, 8.32155421904e-07, 4.65542626671e-07, 5.9589541479e-07, 5.4692145568e-07, 3.45927162471e-07, 1.55632022825e-07, 7.98897801246e-08, 2.78086655925e-08, 1.1897095753e-08, 1.59355240115e-09, 6.20978435339e-10, 4.53458486038e-11, 8.13471599109e-12, 7.80608910844e-12, 7.49365326735e-12, 7.21311812363e-12, 6.96516932672e-12, 6.72038596647e-12, 6.50224188728e-12, 6.29632544019e-12, 6.12661484045e-12, 5.96974076075e-12, 5.82584328002e-12, 5.70174549935e-12, 5.59231480568e-12, 5.50521390627e-12, 5.44781494222e-12, 5.39235366429e-12, 5.36182773528e-12],
        "min": [7.65283447723e-10, 7.8599571296e-09, 3.11849284174e-08, 1.57501119702e-07, 4.22068495709e-07, 5.03458863932e-07, 7.20581965652e-07, 1.0287323704e-07, 3.77000077378e-07, 4.43802008476e-07, 5.22405571246e-07, 6.55709413877e-07, 3.32353465637e-07, 4.42746596718e-07, 8.27065889553e-07, 2.8358655868e-07, 3.83846725072e-07, 1.15879437601e-07, 9.28014856072e-08, 5.6901622969e-08, 1.19249136787e-07, 3.73566365397e-07, 2.17989395424e-07, 1.40809532923e-07, 1.52074093762e-07, 3.4804702409e-07, 1.59436552849e-07, 1.5318985902e-07, 8.78760602063e-08, 6.09236820992e-08, 5.06583646143e-08, 3.30176099794e-08, 5.99068599172e-08, 2.05177613566e-07, 1.66429671822e-07, 2.31641390513e-08, 1.92669684651e-08, 1.19865370962e-08, 5.57096555553e-08, 2.24086100786e-08, 2.11014068441e-08, 2.76629776863e-08, 2.72433240411e-08, 5.35221067466e-09, 4.09808453838e-09, 1.15843334925e-08, 4.37074341164e-08, 1.93277003291e-08, 3.15414467877e-08, 3.10481347299e-08, 2.55148560058e-08, 5.4175231412e-08, 1.17025429347e-08, 3.81656590775e-08, 5.53833778838e-08, 9.58646282356e-08, 1.1064683747e-07, 6.46108233582e-08, 3.37263479366e-08, 1.31535990988e-08, 2.88812849192e-08, 3.03626492837e-08, 6.51247802352e-08, 2.00284357987e-08, 2.00204510747e-08, 1.34633415527e-08, 1.63452913426e-08, 2.82923888761e-08, 2.39872104402e-08, 8.17982215295e-09, 1.57402020307e-08, 1.58200545997e-08, 1.42221274757e-08, 1.22884546983e-08, 1.08846736069e-08, 8.39557667831e-09, 8.07429234584e-09, 5.93377880165e-09, 5.0758237613e-09, 4.39639302741e-09, 2.43223863272e-09, 6.412044673e-09, 1.76158101994e-10, 2.16647352835e-10, 3.86668164154e-09, 3.99663591111e-09, 2.29494157011e-09, 1.33673061509e-09, 3.74590219954e-10, 2.09997592232e-11, 1.16022460736e-11, 1.25475905707e-11, 1.02271845506e-11, 1.41086670125e-10, 9.16163034326e-10, 3.54070245345e-10, 1.7869010438e-10, 4.49981510386e-11, 2.37327709568e-11, 8.70737423136e-12, 3.12348427288e-13, 9.73869016029e-14, 9.84806447545e-14, 1.05159987435e-13, 1.1856436514e-13, 5.06698192247e-14, 7.20564626304e-14, 5.44761548967e-14, 6.10578685593e-14, 6.14923964613e-14, 5.62300348699e-14, 4.23782543617e-14, 4.79354918389e-14, 5.06954470536e-14, 4.53471963213e-14, 4.97662790155e-14, 3.91690159311e-14, 3.76859899895e-14, 3.80182844028e-14, 2.4375990389e-14, 3.44641985306e-14, 5.37210419649e-14, 4.1762125984e-14, 3.45142344609e-14, 4.27979896802e-14, 4.90545307825e-14, 4.66579188208e-14, 4.40515205151e-14],
        "stdev": [7.30375904823e-06, 3.4751745261e-05, 6.80842276779e-05, 9.67970336205e-05, 0.00022791538504, 0.000438067771029, 0.000978784286417, 0.000875861733221, 0.00066830846481, 0.000636286684312, 0.000566952046938, 0.000448767852504, 0.000593809876591, 0.000683970283717, 0.000600621046033, 0.000525304232724, 0.000498264969792, 0.000501122092828, 0.000511816644575, 0.000264767091721, 0.000237344851485, 0.000210919577512, 0.000273691955954, 0.000224041796173, 0.000362985854736, 0.000481420516735, 0.00049921637401, 0.000583421904594, 0.000582569628023, 0.00102700502612, 0.000770519603975, 0.000633720832411, 0.000327702175127, 0.000254632730503, 0.000125599501189, 0.000186734585441, 0.000208349068998, 0.000162336596986, 0.000232580423472, 0.000216491869651, 0.000216990767512, 0.000155241272296, 0.000110323737317, 0.00016042162315, 0.000148101389641, 0.000337066652719, 0.000372516835341, 0.000259735214058, 0.000169840248418, 9.32454640861e-05, 8.73123644851e-05, 9.67738305917e-05, 0.000142294738907, 0.00015367672313, 9.75554212346e-05, 5.10123572894e-05, 5.45750954188e-05, 6.4359017415e-05, 7.6652118878e-05, 8.07216056273e-05, 5.83818255109e-05, 5.201440581e-05, 7.55574510549e-05, 2.80309541267e-05, 2.35540228459e-05, 2.53767975664e-05, 3.68462242477e-05, 2.25456042244e-05, 2.61832301476e-05, 3.83462756872e-05, 3.44705404132e-05, 3.38062127412e-05, 2.47948973993e-05, 2.15334894165e-05, 1.20648510347e-05, 1.12157367766e-05, 7.63230855227e-06, 5.09010487804e-06, 5.51716402697e-06, 4.22027687819e-06, 3.96155201088e-06, 5.4959409681e-06, 4.03212061428e-06, 3.29128897647e-06, 3.56378609467e-06, 3.39521807291e-06, 4.74838816444e-06, 3.48866933564e-06, 3.15408601637e-06, 3.21391985381e-06, 3.69635358766e-06, 4.1671451072e-06, 4.51923551736e-06, 4.76611239719e-06, 4.09575523008e-06, 3.71294322576e-06, 4.18494209953e-06, 3.67177563021e-06, 3.17255830851e-06, 2.76301489066e-06, 1.58809200457e-06, 2.39355154008e-06, 2.10676239476e-06, 1.28691476675e-06, 6.59054137486e-07, 3.22456372714e-07, 1.19298292134e-07, 6.11385146954e-08, 8.45690451001e-09, 7.14971593041e-09, 7.76383346501e-10, 1.19300472279e-10, 1.14464313028e-10, 1.09373038404e-10, 1.0475213752e-10, 1.00847115381e-10, 9.69166136233e-11, 9.37187341621e-11, 9.02693961247e-11, 8.7588679365e-11, 8.51654441414e-11, 8.26207852134e-11, 8.07835742744e-11, 7.91071860795e-11, 7.76094188915e-11, 7.6865694365e-11, 7.60002061284e-11, 7.54810935977e-11]
    },
    "mfcc": {
        "mean": [-619.413513184, 108.315124512, -26.9260215759, 16.9299278259, -9.19038772583, -8.01416969299, -6.64476490021, -1.34908568859, -9.82070541382, -0.6262601614, -12.7951173782, -5.71065282822, -9.33851909637],
        "cov": [[2893.13256836, -705.529174805, -565.601867676, -301.037872314, -177.338790894, 157.210327148, 57.7315750122, -54.612247467, -33.9106750488, 54.0531768799, -85.0619888306, -22.37890625, -55.0717124939], [-705.529174805, 689.843139648, -29.1840515137, 128.720153809, 4.50644159317, -11.4639797211, -0.80484443903, 4.50531387329, -23.9261188507, 21.0516090393, 9.05929374695, 15.2676782608, -22.2628707886], [-565.601867676, -29.1840515137, 745.122619629, 61.2825660706, 168.481781006, -104.539978027, -32.5023841858, -18.6439189911, 31.5130805969, -108.37979126, 45.1604690552, -16.9881019592, 41.9909210205], [-301.037872314, 128.720153809, 61.2825660706, 235.663635254, 26.6581497192, -19.5383033752, -57.4938964844, 26.2836532593, -6.61838722229, -15.7625436783, -1.82648694515, 31.4005279541, 20.5878734589], [-177.338790894, 4.50644159317, 168.481781006, 26.6581497192, 199.790039062, -70.1315612793, 13.4439020157, -4.73087501526, 44.9526672363, -27.0250473022, 10.430390358, -19.7247447968, 24.2745094299], [157.210327148, -11.4639797211, -104.539978027, -19.5383033752, -70.1315612793, 188.295516968, 22.6812725067, 26.8451786041, -18.3115825653, 24.0857200623, -7.32725524902, -3.65559768677, -33.254940033], [57.7315750122, -0.80484443903, -32.5023841858, -57.4938964844, 13.4439020157, 22.6812725067, 153.907211304, -4.18850660324, 0.239696115255, 8.57493019104, 7.75053691864, -19.9815349579, -12.3373832703], [-54.612247467, 4.50531387329, -18.6439189911, 26.2836532593, -4.73087501526, 26.8451786041, -4.18850660324, 105.413970947, 24.260055542, 19.2955608368, -7.81279373169, 8.62018013, -12.5624313354], [-33.9106750488, -23.9261188507, 31.5130805969, -6.61838722229, 44.9526672363, -18.3115825653, 0.239696115255, 24.260055542, 101.295158386, 7.91363859177, 5.92821979523, -22.4830570221, 0.573699533939], [54.0531768799, 21.0516090393, -108.37979126, -15.7625436783, -27.0250473022, 24.0857200623, 8.57493019104, 19.2955608368, 7.91363859177, 100.909431458, -4.20606851578, 7.08959102631, -24.959695816], [-85.0619888306, 9.05929374695, 45.1604690552, -1.82648694515, 10.430390358, -7.32725524902, 7.75053691864, -7.81279373169, 5.92821979523, -4.20606851578, 78.8086853027, 8.8742685318, 13.3081512451], [-22.37890625, 15.2676782608, -16.9881019592, 31.4005279541, -19.7247447968, -3.65559768677, -19.9815349579, 8.62018013, -22.4830570221, 7.08959102631, 8.8742685318, 84.8621139526, 17.9079589844], [-55.0717124939, -22.2628707886, 41.9909210205, 20.5878734589, 24.2745094299, -33.254940033, -12.3373832703, -12.5624313354, 0.573699533939, -24.959695816, 13.3081512451, 17.9079589844, 72.895324707]],
        "icov": [[0.000652442453429, 0.000627274042927, 0.000441346346634, 0.000308204151224, 2.18899513129e-05, -0.000224466202781, -6.62704360366e-06, 0.000412063207477, 4.20825708716e-05, 0.000118677788123, 0.000368834327674, -0.000116167670058, 0.000304914719891], [0.000627274042927, 0.00232745497487, 0.00054199056467, -0.000833377765957, -6.86226703692e-05, 2.86192898784e-05, -0.000307537877234, 0.000589966832194, 0.00042643933557, -0.000228296194109, -4.71752973681e-05, -8.75181576703e-05, 0.00114200240932], [0.000441346346634, 0.00054199056467, 0.00232195947319, -4.31020343967e-05, -0.00129938567989, 0.000237814485445, 0.000392849004129, 0.000187068537343, 5.56690429221e-05, 0.00174818059895, -0.00075569661567, 0.000119297212223, 0.00052030797815], [0.000308204151224, -0.000833377765957, -4.31020343967e-05, 0.00615121377632, -0.000823316222522, -0.000236505205976, 0.00189428729936, -0.00147003179882, 0.000589318049606, 0.000703285157215, 0.000678856042214, -0.00141359935515, -0.00104108883534], [2.18899513129e-05, -6.86226703692e-05, -0.00129938567989, -0.000823316222522, 0.00781016377732, 0.00177155598067, -0.00150577374734, 0.000196145803784, -0.00261347857304, 4.58108006569e-05, 0.00035419309279, 0.00112997367978, -0.00134307716507], [-0.000224466202781, 2.86192898784e-05, 0.000237814485445, -0.000236505205976, 0.00177155598067, 0.00706613622606, -0.000932899245527, -0.00185088161379, 0.000966273422819, -0.0001502342202, -0.000518280547112, 0.000700458593201, 0.00178923818748], [-6.62704360366e-06, -0.000307537877234, 0.000392849004129, 0.00189428729936, -0.00150577374734, -0.000932899245527, 0.00779075361788, -0.000202612340217, 0.00078135158401, -0.000113937247079, -0.00108331197407, 0.00114786764607, 0.000369877729099], [0.000412063207477, 0.000589966832194, 0.000187068537343, -0.00147003179882, 0.000196145803784, -0.00185088161379, -0.000202612340217, 0.0121097275987, -0.00366623932496, -0.00123228132725, 0.00140093639493, -0.00212596962228, 0.00181529473048], [4.20825708716e-05, 0.00042643933557, 5.56690429221e-05, 0.000589318049606, -0.00261347857304, 0.000966273422819, 0.00078135158401, -0.00366623932496, 0.0132511090487, -0.00174937397242, -0.00143192627002, 0.00364315789193, -0.000561806606129], [0.000118677788123, -0.000228296194109, 0.00174818059895, 0.000703285157215, 4.58108006569e-05, -0.0001502342202, -0.000113937247079, -0.00123228132725, -0.00174937397242, 0.0133426235989, -0.000509680190589, -0.00203559501097, 0.00367430807091], [0.000368834327674, -4.71752973681e-05, -0.00075569661567, 0.000678856042214, 0.00035419309279, -0.000518280547112, -0.00108331197407, 0.00140093639493, -0.00143192627002, -0.000509680190589, 0.0143510941416, -0.00203438685276, -0.0020719547756], [-0.000116167670058, -8.75181576703e-05, 0.000119297212223, -0.00141359935515, 0.00112997367978, 0.000700458593201, 0.00114786764607, -0.00212596962228, 0.00364315789193, -0.00203559501097, -0.00203438685276, 0.0153143014759, -0.00412928732112], [0.000304914719891, 0.00114200240932, 0.00052030797815, -0.00104108883534, -0.00134307716507, 0.00178923818748, 0.000369877729099, 0.00181529473048, -0.000561806606129, 0.00367430807091, -0.0020719547756, -0.00412928732112, 0.0185859147459]]
    },
    "spectral_contrast_coeffs": {
        "max": [-0.454059273005, -0.567284584045, -0.510126233101, -0.611205399036, -0.609074890614, -0.541561245918],
        "mean": [-0.670030295849, -0.760457336903, -0.726794421673, -0.759229421616, -0.764020323753, -0.739865720272],
        "min": [-0.9332716465, -0.916526079178, -0.8948969841, -0.886306881905, -0.875308930874, -0.875881552696],
        "stdev": [0.0621771998703, 0.0541301630437, 0.0648584961891, 0.0529127195477, 0.0385770052671, 0.0589052550495]
    },
    "spectral_contrast_valleys": {
        "max": [-5.64420700073, -5.00363779068, -5.59905672073, -6.00109815598, -5.96258020401, -7.61435937881],
        "mean": [-7.1754565239, -6.47172212601, -7.1370434761, -7.3362288475, -7.14956903458, -10.3369817734],
        "min": [-9.3409576416, -9.0686044693, -9.69962596893, -10.117272377, -9.58962249756, -13.8705606461],
        "stdev": [0.550708353519, 0.517035007477, 0.635299503803, 0.668201029301, 0.619598686695, 0.881194412708]
    }
},
"rhythm": {
    "beats_count": 74,
    "beats_loudness": {
        "max": 0.04908516258,
        "mean": 0.0265281163156,
        "min": 0.00517612462863,
        "stdev": 0.0121474405751
    },
    "bpm": 137.182006836,
    "bpm_histogram_first_peak_bpm": 136,
    "bpm_histogram_first_peak_weight": 0.434782624245,
    "bpm_histogram_second_peak_bpm": 144,
    "bpm_histogram_second_peak_spread": 0,
    "bpm_histogram_second_peak_weight": 0.0547945201397,
    "danceability": 0.961672186852,
    "onset_rate": 3.16845679283,
    "beats_loudness_band_ratio": {
        "max": [0.432398080826, 0.721206843853, 0.660995364189, 0.690975189209, 0.433887004852, 0.345280826092],
        "mean": [0.155679658055, 0.218025237322, 0.198712915182, 0.225724458694, 0.175566494465, 0.0721287727356],
        "min": [0.018343962729, 0.0243733078241, 0.00932536553591, 0.00556383188814, 0.00314237503335, 0.00252518081106],
        "stdev": [0.106599934399, 0.144216641784, 0.118111252785, 0.162720873952, 0.103782042861, 0.0508207678795]
    },
