{
"metadata": {
    "version": {
        "essentia": "2.1-beta5",
        "essentia_git_sha": "Undefined",
        "extractor": "music 2.0"
    },
    "audio_properties": {
        "analysis": {
            "equal_loudness": 0,
            "length": 12.7477550507,
            "sample_rate": 44100,
            "start_time": 0,
            "downmix": "mix"
        },
        "bit_rate": 192000,
        "length": 182.357910156,
        "lossless": 0,
        "number_channels": 2,
        "replay_gain": -0.869216918945,
        "sample_rate": 48000,
        "codec": "mp3",
        "md5_encoded": "3c13a593ba2f7e02ed043f08665e1efc"
    },
    "tags": {
        "file_name": "Sweden_Bra Vibrationer_Kikki Danielsson.mp3",
        "encoding": ["Lavf58.29.100"]
    }
},
"lowlevel": {
    "average_loudness": 0.901938617229,
    "barkbands_crest": {
        "max": 21.7506446838,
        "mean": 6.88717794418,
        "min": 2.88602805138,
        "stdev": 2.98498511314
    },
    "barkbands_flatness_db": {
        "max": 0.251232683659,
        "mean": 0.122148104012,
        "min": 0.0179382860661,
        "stdev": 0.038511749357
    },
    "barkbands_kurtosis": {
        "max": 16.7228450775,
        "mean": -0.187835052609,
        "min": -1.81189930439,
        "stdev": 2.34278821945
    },
    "barkbands_skewness": {
        "max": 3.63595724106,
        "mean": 0.605511426926,
        "min": -1.93641149998,
        "stdev": 0.748144447803
    },
    "barkbands_spread": {
        "max": 98.9156417847,
        "mean": 38.7813491821,
        "min": 4.54171800613,
        "stdev": 24.4497623444
    },
    "dissonance": {
        "max": 0.499868512154,
        "mean": 0.478903740644,
        "min": 0.416932463646,
        "stdev": 0.015316857025
    },
    "dynamic_complexity": 8.56492137909,
    "erbbands_crest": {
        "max": 21.3835277557,
        "mean": 6.60104179382,
        "min": 2.18663549423,
        "stdev": 3.19879579544
    },
    "erbbands_flatness_db": {
        "max": 0.278756827116,
        "mean": 0.164555042982,
        "min": 0.0829287618399,
        "stdev": 0.0442546419799
    },
    "erbbands_kurtosis": {
        "max": 5.06146430969,
        "mean": -0.386233896017,
        "min": -1.60174393654,
        "stdev": 0.796001672745
    },
    "erbbands_skewness": {
        "max": 2.41207885742,
        "mean": -0.196467548609,
        "min": -1.3370167017,
        "stdev": 0.618301033974
    },
    "erbbands_spread": {
        "max": 92.3359603882,
        "mean": 42.6872329712,
        "min": 15.1393108368,
        "stdev": 15.1071271896
    },
    "hfc": {
        "max": 71.0819778442,
        "mean": 19.2915649414,
        "min": 1.2006612618e-16,
        "stdev": 15.8416748047
    },
    "loudness_ebu128": {
        "integrated": -23.2481155396,
        "loudness_range": 7.2842502594,
        "momentary": {
            "max": -20.6093502045,
            "mean": -30.1872711182,
            "min": -55.5609054565,
            "stdev": 12.8797931671
        },
        "short_term": {
            "max": -22.3282699585,
            "mean": -24.8774147034,
            "min": -44.2149505615,
            "stdev": 3.94049859047
        }
    },
    "melbands_crest": {
        "max": 25.95520401,
        "mean": 10.7450933456,
        "min": 1.88010799885,
        "stdev": 4.05513954163
    },
    "melbands_flatness_db": {
        "max": 0.263483911753,
        "mean": 0.117848679423,
        "min": 0.00578941684216,
        "stdev": 0.0399966277182
    },
    "melbands_kurtosis": {
        "max": 45.3964729309,
        "mean": 4.21268701553,
        "min": -1.24017262459,
        "stdev": 5.23308372498
    },
    "melbands_skewness": {
        "max": 6.10138607025,
        "mean": 1.82929670811,
        "min": -0.0442982725799,
        "stdev": 0.790386021137
    },
    "melbands_spread": {
        "max": 158.097015381,
        "mean": 47.1889152527,
        "min": 4.86829376221,
        "stdev": 26.5310134888
    },
    "pitch_salience": {
        "max": 0.881875038147,
        "mean": 0.624280750751,
        "min": 0.307732999325,
        "stdev": 0.0861907824874
    },
    "silence_rate_20dB": {
        "max": 1,
        "mean": 1,
        "min": 1,
        "stdev": 0
    },
    "silence_rate_30dB": {
        "max": 1,
        "mean": 1,
        "min": 1,
        "stdev": 0
    },
    "silence_rate_60dB": {
        "max": 1,
        "mean": 0.236363634467,
        "min": 0,
        "stdev": 0.424850106239
    },
    "spectral_centroid": {
        "max": 10846.5595703,
        "mean": 2067.80175781,
        "min": 636.56060791,
        "stdev": 727.768310547
    },
    "spectral_complexity": {
        "max": 48,
        "mean": 19.4327278137,
        "min": 0,
        "stdev": 12.8505535126
    },
    "spectral_decrease": {
        "max": 3.14618260619e-29,
        "mean": -3.99652444472e-09,
        "min": -1.72017724509e-08,
        "stdev": 3.46354744885e-09
    },
    "spectral_energy": {
        "max": 0.0687707588077,
        "mean": 0.0168336182833,
        "min": 1.07716154069e-20,
        "stdev": 0.0143476705998
    },
    "spectral_energyband_high": {
        "max": 0.00326633849181,
        "mean": 0.00062877626624,
        "min": 8.16934801288e-21,
        "stdev": 0.000669488857966
    },
    "spectral_energyband_low": {
        "max": 0.0224320963025,
        "mean": 0.00152888183948,
        "min": 6.5459128868e-23,
        "stdev": 0.00255604996346
    },
    "spectral_energyband_middle_high": {
        "max": 0.0248031038791,
        "mean": 0.00550730060786,
        "min": 1.44642112556e-21,
        "stdev": 0.004819995258
    },
    "spectral_energyband_middle_low": {
        "max": 0.0588725544512,
        "mean": 0.0101444134489,
        "min": 2.45582800137e-22,
        "stdev": 0.0103399632499
    },
    "spectral_entropy": {
        "max": 9.79355239868,
        "mean": 7.83967399597,
        "min": 6.86994218826,
        "stdev": 0.461335986853
    },
    "spectral_flux": {
        "max": 0.202502578497,
        "mean": 0.0621319524944,
        "min": 1.03786396144e-10,
        "stdev": 0.0431384034455
    },
    "spectral_kurtosis": {
        "max": 10.6776924133,
        "mean": 2.67899107933,
        "min": -1.20491945744,
        "stdev": 2.12199473381
    },
    "spectral_rms": {
        "max": 0.00819105748087,
        "mean": 0.00343176303431,
        "min": 3.24174237801e-12,
        "stdev": 0.00215546926484
    },
    "spectral_rolloff": {
        "max": 18174.0234375,
        "mean": 3938.18823242,
        "min": 258.3984375,
        "stdev": 3157.11108398
    },
    "spectral_skewness": {
        "max": 2.44738602638,
        "mean": 1.11365830898,
        "min": 0.00909289717674,
        "stdev": 0.290692657232
    },
    "spectral_spread": {
        "max": 40822700,
        "mean": 4905706,
        "min": 2341462.25,
        "stdev": 2753509.75
    },
    "spectral_strongpeak": {
        "max": 7.4098367691,
        "mean": 1.02872931957,
        "min": 0,
        "stdev": 1.21021223068
    },
    "zerocrossingrate": {
        "max": 0.646484375,
        "mean": 0.116068005562,
        "min": 0.02880859375,
        "stdev": 0.0751566886902
    },
    "barkbands": {
        "max": [0.000131282533403, 0.00230375584215, 0.0114051690325, 0.0152213461697, 0.0125750340521, 0.0294022522867, 0.0183867197484, 0.0503627918661, 0.0129492785782, 0.00680740829557, 0.00327385426499, 0.00876048021019, 0.00908645335585, 0.00320075289346, 0.00440783286467, 0.00530231744051, 0.0070499368012, 0.00837560277432, 0.00339968083426, 0.002223278163, 0.00162556383293, 0.000692322151735, 0.000970783643425, 0.000839286367409, 0.000506010896061, 7.10757390721e-08, 5.68320892569e-08],
        "mean": [6.89254966346e-06, 0.000162187308888, 0.000559958396479, 0.00120866973884, 0.00201079947874, 0.00170158513356, 0.00111897150055, 0.0030939092394, 0.000707274652086, 0.000477819266962, 0.000324874941725, 0.000369469518773, 0.000727118400391, 0.000417576724431, 0.000424250785727, 0.000541233806871, 0.000950138899498, 0.000747437530663, 0.000517042528372, 0.000277246668702, 0.000172145286342, 0.000120991142467, 9.02774991118e-05, 6.79321310599e-05, 3.78205731977e-05, 2.19589746386e-09, 7.37048311272e-10],
        "min": [1.92270299053e-23, 2.59749934202e-23, 2.96627603799e-23, 1.12793044057e-23, 4.48418957004e-23, 2.31604607726e-23, 1.94745776128e-23, 2.1236280719e-23, 1.06299991477e-22, 1.01961944385e-22, 9.44752946738e-23, 6.07646744191e-23, 1.23774598436e-22, 1.66753507601e-22, 1.03266758187e-22, 1.05885340942e-22, 9.24035187448e-23, 2.77554360749e-22, 2.22591253417e-22, 2.13845196737e-22, 6.23524898626e-22, 4.37131228353e-22, 6.57592532083e-22, 7.40394048511e-22, 1.28699821836e-21, 1.97796575141e-21, 2.53459529576e-21],
        "stdev": [1.30627877297e-05, 0.000311435840558, 0.00105283991434, 0.00226287846453, 0.00217285612598, 0.00319243478589, 0.00221841689199, 0.00509818270802, 0.00128353468608, 0.000710930326022, 0.000466131430585, 0.000705178244971, 0.00116614997387, 0.000548023206647, 0.000576092104893, 0.000664338702336, 0.00107685371768, 0.000949689012486, 0.000589514209423, 0.000324556807755, 0.000209739155252, 0.000139335767017, 0.000122987781651, 8.82194726728e-05, 6.67631902616e-05, 6.47447651048e-09, 2.52691156888e-09]
    },
    "erbbands": {
        "max": [0.0689686760306, 0.656362712383, 9.51507568359, 41.3081893921, 37.4397354126, 53.3210258484, 82.931098938, 303.801391602, 285.448913574, 743.706726074, 506.299072266, 394.108551025, 273.03225708, 91.8115081787, 190.032501221, 433.43270874, 452.083618164, 208.46546936, 274.969451904, 354.344818115, 316.662384033, 239.974914551, 582.094177246, 258.009094238, 173.501052856, 135.187423706, 62.2501487732, 44.6347770691, 28.0549869537, 39.8883171082, 20.9100704193, 21.0102424622, 13.2257061005, 6.91395950317, 2.68561244011, 0.146447122097, 0.00394577533007, 0.000288785638986, 8.26511532068e-05, 9.24573396333e-05],
        "mean": [0.00391022581607, 0.0449363924563, 0.44777032733, 3.03499555588, 3.64385581017, 7.62855482101, 9.85966396332, 16.0567207336, 16.5112686157, 46.8862380981, 44.6823348999, 21.799577713, 17.3505153656, 9.07445049286, 15.6803388596, 19.4252185822, 32.6167564392, 25.2872447968, 23.2651252747, 25.6323986053, 36.0536499023, 40.4831199646, 46.0055046082, 28.4068050385, 22.7492713928, 14.7988834381, 7.97313547134, 6.26845550537, 4.64508152008, 3.15146708488, 2.49455523491, 1.73658263683, 0.951369643211, 0.598128080368, 0.17492043972, 0.00772884720936, 0.000261596753262, 2.69725314865e-05, 1.41886976053e-05, 2.20310612349e-05],
        "min": [1.10144197758e-21, 5.23755294622e-21, 3.18130949402e-20, 2.83030089407e-20, 1.98202543107e-19, 6.59322918799e-20, 9.49119054812e-20, 2.21584625503e-19, 2.04986535654e-19, 3.58780491708e-19, 6.98079690919e-19, 1.62982084428e-18, 3.54399991338e-18, 3.75784967637e-18, 3.46606212889e-18, 2.42172034255e-18, 5.64918118977e-18, 8.02767617544e-18, 6.8306167889e-18, 5.12390371642e-18, 5.31169232703e-18, 5.9634180055e-18, 9.0179892125e-18, 1.51226532707e-17, 1.24172589885e-17, 1.19137136178e-17, 1.89510353971e-17, 2.39059233669e-17, 1.33991951675e-17, 2.35036224216e-17, 1.80803732085e-17, 1.60615181552e-17, 1.26319322098e-17, 1.27598532099e-17, 9.70714646804e-18, 8.11289645805e-18, 3.66958081962e-18, 1.36794766326e-18, 4.03874837338e-19, 3.22016921135e-20],
        "stdev": [0.00781843904406, 0.0846285670996, 0.849194765091, 5.46729278564, 4.65254592896, 9.02779388428, 12.4748268127, 33.5531463623, 30.8056755066, 84.9158325195, 66.3524703979, 36.9869232178, 27.1274681091, 10.7086210251, 22.8606853485, 34.8240623474, 53.4645957947, 30.479385376, 30.3981056213, 31.8505954742, 41.8183822632, 42.7411842346, 58.9123268127, 31.6595535278, 26.9267425537, 18.3438663483, 9.02493572235, 7.70776176453, 5.44553136826, 4.18018865585, 3.28939437866, 2.23474693298, 1.35394573212, 1.00142109394, 0.333119779825, 0.0151274120435, 0.000457068003016, 3.80463352485e-05, 1.25637443489e-05, 1.84525215445e-05]
    },
    "gfcc": {
        "mean": [-74.6982803345, 82.6490478516, -154.329788208, 48.3006782532, -82.3375701904, 11.571721077, -56.5332489014, 7.11576843262, -22.2771930695, -9.30770969391, -6.53915882111, -17.7271099091, -4.30868673325],
        "cov": [[27054.2695312, 4844.92285156, -4749.43652344, -359.032409668, -606.387329102, -2211.88305664, -243.363952637, -1264.91345215, 407.748168945, -1271.03527832, 408.056030273, -880.000732422, -130.90335083], [4844.92285156, 1262.56994629, -959.124084473, -144.770553589, -33.9934921265, -588.392700195, -13.5334997177, -280.75881958, 153.134048462, -281.113037109, 137.188293457, -176.900238037, 1.18481445312], [-4749.43652344, -959.124084473, 1191.96398926, 149.481735229, 75.8006668091, 560.191772461, 16.0028209686, 291.739990234, -125.054832458, 304.635742188, -100.262237549, 193.264831543, 18.8488273621], [-359.032409668, -144.770553589, 149.481735229, 141.713088989, 38.9618377686, 126.804115295, 15.8859004974, 31.8977050781, -27.1222286224, 32.3282051086, -24.2350387573, 24.4796543121, 10.0538654327], [-606.387329102, -33.9934921265, 75.8006668091, 38.9618377686, 133.824691772, 50.3382339478, 28.2510890961, 24.6142063141, -6.12817621231, 14.7404232025, -11.7782020569, 12.3586368561, 7.65077400208], [-2211.88305664, -588.392700195, 560.191772461, 126.804115295, 50.3382339478, 396.312683105, 21.7817020416, 154.748413086, -89.3447494507, 160.431671143, -80.0009002686, 91.4425125122, 7.1373000145], [-243.363952637, -13.5334997177, 16.0028209686, 15.8859004974, 28.2510890961, 21.7817020416, 62.0022926331, 15.185333252, 17.2881526947, 3.60084724426, 3.2537021637, 3.34893131256, 5.87429237366], [-1264.91345215, -280.75881958, 291.739990234, 31.8977050781, 24.6142063141, 154.748413086, 15.185333252, 136.278701782, -19.9988288879, 87.5415878296, -32.904499054, 49.0686073303, -1.5349009037], [407.748168945, 153.134048462, -125.054832458, -27.1222286224, -6.12817621231, -89.3447494507, 17.2881526947, -19.9988288879, 79.7802124023, -20.3931026459, 33.2621879578, -17.0179405212, 1.56326699257], [-1271.03527832, -281.113037109, 304.635742188, 32.3282051086, 14.7404232025, 160.431671143, 3.60084724426, 87.5415878296, -20.3931026459, 127.643440247, -11.2262525558, 58.4379043579, 5.49653291702], [408.056030273, 137.188293457, -100.262237549, -24.2350387573, -11.7782020569, -80.0009002686, 3.2537021637, -32.904499054, 33.2621879578, -11.2262525558, 60.0350227356, 4.28480148315, 4.37216472626], [-880.000732422, -176.900238037, 193.264831543, 24.4796543121, 12.3586368561, 91.4425125122, 3.34893131256, 49.0686073303, -17.0179405212, 58.4379043579, 4.28480148315, 71.96118927, 20.1962165833], [-130.90335083, 1.18481445312, 18.8488273621, 10.0538654327, 7.65077400208, 7.1373000145, 5.87429237366, -1.5349009037, 1.56326699257, 5.49653291702, 4.37216472626, 20.1962165833, 40.7249488831]],
        "icov": [[0.000447387370514, -0.00167040282395, 0.00139396986924, -0.00112427491695, 0.00158977531828, -0.00107905210461, 0.000743532611523, -0.000392909452785, 0.000882706721313, -0.000531793164555, 0.000630164227914, -0.000351702823536, 0.00103206839412], [-0.00167040282395, 0.0102936876938, -0.00517092272639, 0.00384192820638, -0.00718067167327, 0.00631486531347, -0.00176058651414, 0.00229514925741, -0.00474595651031, 0.00463602598757, -0.00738980667666, 0.00657563749701, -0.00655231298879], [0.00139396986924, -0.00517092272639, 0.00868942867965, -0.00367083773017, 0.00465234229341, -0.00503764860332, 0.00246516452171, -0.00333722541109, 0.00384461949579, -0.00583565887064, 0.0045024366118, -0.00574631802738, 0.00404947064817], [-0.00112427491695, 0.00384192820638, -0.00367083773017, 0.0142933623865, -0.00571922352538, -0.00352340587415, -0.00200714799576, 0.00253499182872, -0.00295975594781, 0.00454899575561, -0.00311593036167, 0.00154605333228, -0.00441076420248], [0.00158977531828, -0.00718067167327, 0.00465234229341, -0.00571922352538, 0.0150312818587, -0.00390570564196, -0.00145417393651, -0.00217217649333, 0.00412966450676, -0.00259078084491, 0.00487072579563, -0.00309740076773, 0.00377046293579], [-0.00107905210461, 0.00631486531347, -0.00503764860332, -0.00352340587415, -0.00390570564196, 0.0201013013721, -0.00660465471447, 0.000173270513187, 0.00321446475573, -0.00697493925691, 0.00665525300428, -0.00114750617649, -0.00160808628425], [0.000743532611523, -0.00176058651414, 0.00246516452171, -0.00200714799576, -0.00145417393651, -0.00660465471447, 0.0241282880306, -0.00355285103433, -0.0062166522257, 0.00505899032578, -0.00580697879195, 0.00417585344985, -0.0022794357501], [-0.000392909452785, 0.00229514925741, -0.00333722541109, 0.00253499182872, -0.00217217649333, 0.000173270513187, -0.00355285103433, 0.0202880688012, -0.00542672304437, -0.00397219695151, 0.00629947753623, -0.0039253490977, 0.00325864669867], [0.000882706721313, -0.00474595651031, 0.00384461949579, -0.00295975594781, 0.00412966450676, 0.00321446475573, -0.0062166522257, -0.00542672304437, 0.0256991311908, -0.00735994242132, -0.00323860533535, 0.00092159525957, 0.00117717834655], [-0.000531793164555, 0.00463602598757, -0.00583565887064, 0.00454899575561, -0.00259078084491, -0.00697493925691, 0.00505899032578, -0.00397219695151, -0.00735994242132, 0.0324328541756, -0.0170492939651, 0.00489539373666, -0.00412882072851], [0.000630164227914, -0.00738980667666, 0.0045024366118, -0.00311593036167, 0.00487072579563, 0.00665525300428, -0.00580697879195, 0.00629947753623, -0.00323860533535, -0.0170492939651, 0.0489072464406, -0.027680631727, 0.0108216600493], [-0.000351702823536, 0.00657563749701, -0.00574631802738, 0.00154605333228, -0.00309740076773, -0.00114750617649, 0.00417585344985, -0.0039253490977, 0.00092159525957, 0.00489539373666, -0.027680631727, 0.0489231050014, -0.0209973435849], [0.00103206839412, -0.00655231298879, 0.00404947064817, -0.00441076420248, 0.00377046293579, -0.00160808628425, -0.0022794357501, 0.00325864669867, 0.00117717834655, -0.00412882072851, 0.0108216600493, -0.0209973435849, 0.0370659977198]]
    },
    "melbands": {
        "max": [0.000603185442742, 0.00372684607282, 0.00595538783818, 0.00206947722472, 0.00275923451409, 0.00625562621281, 0.00410125590861, 0.0102699613199, 0.00403571268544, 0.00258340733126, 0.00135678157676, 0.000387550186133, 0.000479663489386, 0.00100461335387, 0.000828373013064, 0.00122655986343, 0.00035151548218, 0.000425703532528, 0.000333490141202, 0.000479308859212, 0.000518475659192, 0.000360252684914, 0.000426050595706, 0.000332747906214, 0.000202326540602, 0.000178117348696, 7.40572795621e-05, 7.8864984971e-05, 3.10183604597e-05, 4.29414940299e-05, 3.40326441801e-05, 1.9951377908e-05, 1.49127172335e-05, 2.73804107565e-05, 1.27952971525e-05, 2.12959730561e-05, 8.31660690892e-06, 1.03306729216e-05, 6.57018244965e-06, 5.78762274017e-06],
        "mean": [3.94111593778e-05, 0.000211696067709, 0.000507826393005, 0.000373918650439, 0.00038150101318, 0.000350637128577, 0.000245743227424, 0.00058344763238, 0.000321171653923, 0.000120896183944, 8.22752190288e-05, 3.38619101967e-05, 4.64598815597e-05, 4.82539471705e-05, 5.16391191923e-05, 7.65915465308e-05, 4.26937476732e-05, 3.71793539671e-05, 2.62705525529e-05, 4.47078964498e-05, 4.62261159555e-05, 4.5799457439e-05, 4.10633656429e-05, 4.14693931816e-05, 1.99311325559e-05, 2.0269637389e-05, 1.04199925772e-05, 9.80163804343e-06, 4.89012654725e-06, 4.3401455514e-06, 3.5658026718e-06, 2.84280849883e-06, 1.91339631783e-06, 1.63895288097e-06, 1.46723459693e-06, 1.29530769755e-06, 9.65790491136e-07, 6.74649982102e-07, 6.14027783286e-07, 4.68794354447e-07],
        "min": [9.23427717219e-24, 1.20651629063e-23, 1.08515224917e-23, 1.04657702979e-23, 2.83774783789e-24, 4.85249089843e-24, 3.21675428487e-24, 3.74640654069e-24, 6.53472139603e-24, 1.26214171295e-23, 1.82371798632e-23, 1.55984543347e-23, 1.29338715235e-23, 8.15356376445e-24, 5.86488224647e-24, 1.51021551179e-23, 1.50648561966e-23, 1.17348905111e-23, 7.5085555896e-24, 7.16220068713e-24, 5.71481920862e-24, 5.54879514807e-24, 8.20316102728e-24, 1.07312724796e-23, 1.23370816826e-23, 8.4715038971e-24, 8.80563382212e-24, 7.20362613985e-24, 1.03238297664e-23, 1.40072792904e-23, 1.44595932008e-23, 7.27365726671e-24, 8.53575504011e-24, 1.40840543891e-23, 8.96433449245e-24, 1.14066028899e-23, 9.11681814998e-24, 7.66947374793e-24, 1.07308796269e-23, 1.06277431633e-23],
        "stdev": [7.57907400839e-05, 0.000369019428035, 0.000828201125842, 0.00040421722224, 0.000451065658126, 0.000695178110618, 0.000470812927233, 0.00108662911225, 0.000475486158393, 0.000234732346144, 0.000133707668283, 4.34618341387e-05, 6.72916867188e-05, 8.10906494735e-05, 7.9805853602e-05, 0.000131223743665, 5.49485048396e-05, 4.90903839818e-05, 3.44538966601e-05, 5.68209252378e-05, 6.25541360932e-05, 5.26215590071e-05, 5.8795325458e-05, 4.9863338063e-05, 2.47339248745e-05, 2.67646028078e-05, 1.13105625132e-05, 1.24613570733e-05, 5.57645307708e-06, 5.62838704354e-06, 4.78842366647e-06, 3.44348768522e-06, 2.32735601458e-06, 2.39282940129e-06, 1.97175950234e-06, 2.1210594241e-06, 1.20066545151e-06, 9.98534574137e-07, 9.54473875936e-07, 8.46549596645e-07]
    },
    "melbands128": {
        "max": [8.46959082992e-05, 0.000510624086019, 0.000956600822974, 0.00127682322636, 0.00362363783643, 0.00616587139666, 0.010056453757, 0.00603254511952, 0.0041437339969, 0.00259496504441, 0.00360750965774, 0.0045803450048, 0.00288124103099, 0.0058563137427, 0.00850283540785, 0.00745600508526, 0.00432629417628, 0.00735740270466, 0.00623535411432, 0.00846573524177, 0.0210851803422, 0.00619064364582, 0.0073569342494, 0.00103845633566, 0.00348893553019, 0.00362816895358, 0.00119771633763, 0.00246382132173, 0.00040179170901, 0.000644859741442, 0.000385897117667, 0.000386632134905, 0.000712313281838, 0.00137673085555, 0.00064320419915, 0.00185587292071, 0.0017202438321, 0.000270813616225, 0.00245213182643, 0.00115847610869, 0.00213986169547, 0.00131311139558, 0.000356629607268, 0.000593661796302, 0.000777946435846, 0.000751481740735, 0.000636623066384, 0.000406029867008, 0.000390252389479, 0.00119942997117, 0.000901855528355, 0.000577066617552, 0.000161286749062, 0.00142326147761, 0.00115352869034, 0.000466688681627, 0.000229026103625, 0.000965226034168, 0.000584593741223, 0.00125893845689, 0.000479074922623, 0.000451351108495, 0.000232963939197, 0.000242626323598, 0.000423703866545, 0.000289662362775, 0.00024405545264, 0.000157598842634, 7.22137701814e-05, 0.000313511380227, 0.000122740791994, 0.000150988707901, 4.6235993068e-05, 4.96466818731e-05, 0.000105764615, 6.29494534223e-05, 0.000117006566143, 3.1401290471e-05, 6.7759938247e-05, 5.52923011128e-05, 2.9358696338e-05, 2.75463917205e-05, 2.72543456958e-05, 1.6617572328e-05, 1.96689506993e-05, 5.38066451554e-05, 2.41503912548e-05, 1.53452619998e-05, 1.96125092771e-05, 1.44782597999e-05, 3.31948867824e-05, 2.52176942013e-05, 1.93224932445e-05, 9.19821832213e-06, 1.02597696241e-05, 1.02734938991e-05, 1.81400882866e-05, 8.03286548035e-06, 6.46564330964e-06, 1.03308011603e-05, 8.07573178463e-06, 6.41964425085e-06, 1.11251110866e-05, 4.29247711509e-06, 4.77363118989e-06, 2.76289119938e-06, 4.34817678752e-07, 3.47730089167e-09, 3.75428299559e-10, 3.58103380282e-10, 3.35577704513e-10, 3.31619343097e-10, 3.16423387492e-10, 3.00428182332e-10, 2.81054013396e-10, 2.86767387614e-10, 2.7693800031e-10, 2.67211308635e-10, 2.56691945477e-10, 2.47854903268e-10, 2.43095016339e-10, 2.42722481003e-10, 2.33540076167e-10, 2.34489039297e-10, 2.29349012004e-10, 2.25548330013e-10, 2.24157511997e-10, 2.22993151722e-10],
        "mean": [5.42093357581e-06, 2.68019357463e-05, 4.98132758366e-05, 7.06561622792e-05, 0.000116138238809, 0.000340420578141, 0.000702686607838, 0.000490464270115, 0.000344437401509, 0.000286477676127, 0.000449218496215, 0.000533436133992, 0.000299853621982, 0.00028054259019, 0.000388732179999, 0.000392835703678, 0.000276287755696, 0.000204948111787, 0.000221980415517, 0.000518457440194, 0.000916694814805, 0.000363955041394, 0.000331031857058, 9.67867672443e-05, 0.000156154477736, 0.000117973955639, 5.64723050047e-05, 0.000129673149786, 3.83556434826e-05, 3.95929891965e-05, 2.77550079772e-05, 2.85776768578e-05, 4.49894687335e-05, 7.57810121286e-05, 2.24373179663e-05, 5.67849274375e-05, 6.33986564935e-05, 1.7462645701e-05, 8.13337173895e-05, 7.81590424594e-05, 7.94559382484e-05, 6.4087784267e-05, 3.1859446608e-05, 4.20851974923e-05, 3.76912248612e-05, 3.35818294843e-05, 4.58917056676e-05, 1.71826941369e-05, 2.0057472284e-05, 3.7604913814e-05, 6.27515983069e-05, 3.82723737857e-05, 1.16862011055e-05, 6.89943772159e-05, 8.43459565658e-05, 2.87024777208e-05, 1.91515118786e-05, 6.29031128483e-05, 3.13274977088e-05, 4.04141828767e-05, 5.61638444196e-05, 2.88302180707e-05, 1.82282856258e-05, 2.03492163564e-05, 1.82772037078e-05, 2.20798483497e-05, 2.14160882024e-05, 1.01160576378e-05, 6.92498088029e-06, 1.27187495309e-05, 8.59450301505e-06, 1.17251938718e-05, 4.44600209448e-06, 3.22698429045e-06, 5.0970375014e-06, 5.09486153533e-06, 4.15263639297e-06, 2.47797538577e-06, 4.12277813666e-06, 3.88073158319e-06, 2.6734446692e-06, 2.44883767664e-06, 2.62041862698e-06, 1.52247650931e-06, 1.77232766418e-06, 1.93634127754e-06, 1.54675035446e-06, 1.15459386052e-06, 1.85142778264e-06, 1.20367792533e-06, 1.35516233968e-06, 1.36718222166e-06, 1.13551641334e-06, 8.41151972963e-07, 1.09460813746e-06, 6.56977931612e-07, 6.31733939827e-07, 5.17243336162e-07, 6.86645933001e-07, 6.16671172793e-07, 5.5576754221e-07, 3.88253425854e-07, 4.59000375486e-07, 2.72970169135e-07, 2.01846845016e-07, 1.08250887365e-07, 1.78876291557e-08, 8.79885886373e-11, 6.46837097773e-12, 5.58131665884e-12, 5.21018124477e-12, 6.27166677966e-12, 5.3402395353e-12, 4.76910178016e-12, 5.07857688195e-12, 5.02896942839e-12, 3.92914737204e-12, 3.48314909901e-12, 3.43687903658e-12, 3.2922015808e-12, 3.18656039056e-12, 3.15787587052e-12, 3.13083283257e-12, 3.00622807897e-12, 2.7837220376e-12, 2.41347393459e-12, 2.21688075883e-12, 2.17910650462e-12],
        "min": [9.48373392308e-24, 1.05539160377e-23, 8.796412827e-24, 7.35832886311e-24, 1.69442021296e-23, 1.22055967135e-23, 2.47487931567e-24, 8.7046485822e-24, 2.74397724371e-23, 1.0455300536e-23, 9.51805351398e-25, 5.94793726966e-25, 2.21041862757e-24, 6.73542535969e-24, 7.50220604817e-24, 1.15888212788e-24, 3.51076747741e-24, 2.47729046903e-24, 4.49818191146e-24, 3.88934261469e-24, 3.98017521476e-24, 2.51408037785e-24, 8.55108970725e-24, 7.44690295441e-24, 7.52846249454e-24, 1.12673050424e-23, 3.23387343426e-23, 1.10864689351e-23, 1.60017436953e-23, 2.08306373974e-23, 8.1672718004e-24, 2.07430691038e-23, 1.38744366917e-23, 6.76271284726e-24, 1.19749219519e-23, 7.34300602889e-24, 4.46936640032e-24, 3.65345466579e-24, 7.86704869481e-24, 1.46653060367e-23, 1.96565252251e-23, 9.51922556407e-24, 1.18646762738e-23, 2.57168465775e-23, 8.72757051352e-24, 1.11177023049e-23, 1.08504520075e-23, 6.35448995058e-24, 7.6687117083e-24, 4.7576461518e-24, 8.23842153202e-24, 8.70840908213e-24, 3.73746519676e-24, 7.62687289247e-24, 3.4131266133e-24, 6.62748631089e-24, 4.87622575092e-24, 7.71620271251e-24, 1.18445161445e-23, 4.04676454149e-24, 3.91525077897e-24, 2.22582153118e-23, 2.07040425771e-23, 6.29662029787e-24, 4.47880433219e-24, 1.02060449446e-23, 6.91242050327e-24, 1.35069647716e-23, 4.3789503188e-24, 1.26187902227e-23, 6.22175739796e-24, 5.42219007253e-24, 6.79687052446e-24, 1.14170592412e-23, 1.35954481439e-23, 1.318846297e-23, 1.80585896428e-23, 9.94637560045e-24, 2.03196480129e-23, 8.30981265508e-24, 1.01660449636e-23, 4.60362894866e-24, 5.15977036482e-24, 5.49997333551e-24, 1.45790156978e-23, 1.78639129709e-23, 1.50742026206e-23, 6.39380480595e-24, 5.5268801977e-24, 1.4710794912e-23, 9.72120156594e-24, 1.24634516776e-23, 9.85281590823e-24, 1.1308617688e-23, 6.00056119457e-24, 5.85486450183e-24, 8.95900179273e-24, 9.24872121536e-24, 1.0343488969e-23, 1.08039013254e-23, 1.28369710053e-23, 7.75088734879e-24, 1.28529517495e-23, 1.19653562246e-23, 8.42494532648e-24, 1.12894838668e-23, 1.13884251681e-23, 1.56165302935e-23, 1.7785102611e-23, 1.34611335307e-23, 8.36656804177e-24, 1.05026897771e-23, 1.40029926202e-23, 1.24967849951e-23, 9.52479492206e-24, 8.07411206066e-24, 1.07445316537e-23, 1.16235980146e-23, 1.5684056787e-23, 1.01115165312e-23, 1.39277195126e-23, 1.43989061313e-23, 9.80285182507e-24, 7.96177747889e-24, 7.99861176114e-24, 7.86160161026e-24, 7.09029917107e-24, 9.59703722604e-24],
        "stdev": [1.08289932541e-05, 5.97752368776e-05, 0.000106707884697, 0.000147005179315, 0.000291173346341, 0.000615312717855, 0.00132464291528, 0.000907097011805, 0.000476265558973, 0.000380394631065, 0.000594909186475, 0.000671081943437, 0.00043981304043, 0.000558397267014, 0.000966741295997, 0.000803963746876, 0.000463333213702, 0.000695970724337, 0.000530799734406, 0.00096583517734, 0.00201084045693, 0.000633605755866, 0.000726805708837, 0.000152595719555, 0.000334733835189, 0.000327480403939, 0.000108753316454, 0.000247677962761, 5.66892122151e-05, 6.66785490466e-05, 4.23377059633e-05, 5.13113445777e-05, 7.69783728174e-05, 0.000156711132149, 4.21572804044e-05, 0.000141328535392, 0.000144729812746, 2.9539289244e-05, 0.000198142777663, 0.000158147406182, 0.000206522847293, 0.000145582656842, 5.11030812049e-05, 7.27499500499e-05, 9.4586146588e-05, 6.32445589872e-05, 8.42804074637e-05, 3.445632683e-05, 3.89080851164e-05, 8.28543561511e-05, 9.51678885031e-05, 6.5421925683e-05, 1.81007635547e-05, 0.000139619020047, 0.000135374109959, 5.88946932112e-05, 2.81022494164e-05, 0.000106804473035, 6.42952509224e-05, 0.00010397326696, 7.63071220717e-05, 5.24623646925e-05, 3.12885204039e-05, 3.06359397655e-05, 3.8731519453e-05, 3.85132552765e-05, 3.38877289323e-05, 1.87955029105e-05, 8.19325214252e-06, 2.87866932922e-05, 1.35621694426e-05, 1.86273264262e-05, 6.14870123172e-06, 5.24060124008e-06, 9.11209281185e-06, 7.32323542252e-06, 9.73990427156e-06, 3.78820141123e-06, 7.00823738953e-06, 6.0185179791e-06, 4.11864584748e-06, 3.58070224138e-06, 3.88495664083e-06, 2.13317457565e-06, 2.87940838462e-06, 3.84695340472e-06, 2.68717394647e-06, 1.66175368577e-06, 2.99631824419e-06, 1.94883523363e-06, 3.00830447486e-06, 2.48967512562e-06, 1.88144463209e-06, 1.25933115669e-06, 1.4990348518e-06, 1.11630060928e-06, 1.22159656257e-06, 8.35997468585e-07, 1.13486646569e-06, 1.14712452159e-06, 1.00947022474e-06, 8.35978084979e-07, 9.11449149044e-07, 5.851306355e-07, 4.21432929443e-07, 2.48967410243e-07, 4.58740920806e-08, 3.05570901915e-10, 1.77109160671e-11, 1.60016201678e-11, 1.50398495741e-11, 1.50914281072e-11, 1.40843864349e-11, 1.3432622202e-11, 1.25973910123e-11, 1.28528698101e-11, 1.23667603935e-11, 1.19096702986e-11, 1.14606249838e-11, 1.1045853468e-11, 1.08178604963e-11, 1.07806133812e-11, 1.04148460689e-11, 1.04074691573e-11, 1.0191722466e-11, 1.00395733393e-11, 9.98142454106e-12, 9.9300420317e-12]
    },
    "mfcc": {
        "mean": [-691.051391602, 89.2545547485, -11.1556777954, 18.8942680359, 2.25127291679, -8.75480937958, -10.1884946823, -4.36638021469, -8.13547801971, -2.87141346931, -1.53199577332, 0.33168566227, -5.30574846268],
        "cov": [[26971.6796875, 3807.97460938, -3781.3125, 694.730102539, -1089.00280762, -942.747436523, -1277.39196777, -350.540466309, -952.28137207, -388.890167236, -307.673522949, -15.3368692398, -489.541717529], [3807.97460938, 916.356689453, -647.942382812, 142.267837524, -156.029876709, -219.940139771, -236.763183594, -70.5830459595, -165.304718018, -59.6106834412, -57.4475440979, 23.7741336823, -34.8404006958], [-3781.3125, -647.942382812, 856.105102539, -125.115310669, 180.898620605, 196.906478882, 230.700668335, 54.0326843262, 163.663635254, 59.2186393738, 58.1354179382, 0.561704158783, 86.7808609009], [694.730102539, 142.267837524, -125.115310669, 105.652641296, -5.08121728897, -20.0264644623, -30.4706134796, 3.85044717789, -24.4780025482, -8.48044300079, -11.1935176849, 3.67108845711, -13.9936952591], [-1089.00280762, -156.029876709, 180.898620605, -5.08121728897, 128.889968872, 76.363067627, 84.003364563, 23.7928752899, 56.4320220947, 18.0051040649, 15.5326538086, -4.43426942825, 14.9484806061], [-942.747436523, -219.940139771, 196.906478882, -20.0264644623, 76.363067627, 141.684280396, 95.5504608154, 20.7081890106, 55.1884651184, 22.6884803772, 13.2262449265, -13.3401346207, 6.65573167801], [-1277.39196777, -236.763183594, 230.700668335, -30.4706134796, 84.003364563, 95.5504608154, 137.979446411, 33.4655227661, 68.7842636108, 21.0981693268, 21.5310974121, -8.11737823486, 13.8786258698], [-350.540466309, -70.5830459595, 54.0326843262, 3.85044717789, 23.7928752899, 20.7081890106, 33.4655227661, 53.568687439, 29.9626522064, 8.07420253754, 6.35519123077, 3.54363012314, 6.44944381714], [-952.28137207, -165.304718018, 163.663635254, -24.4780025482, 56.4320220947, 55.1884651184, 68.7842636108, 29.9626522064, 88.3277130127, 32.2285995483, 14.1885080338, -5.98114156723, 18.6445236206], [-388.890167236, -59.6106834412, 59.2186393738, -8.48044300079, 18.0051040649, 22.6884803772, 21.0981693268, 8.07420253754, 32.2285995483, 49.4727706909, 20.2530975342, -3.29410815239, 4.29789876938], [-307.673522949, -57.4475440979, 58.1354179382, -11.1935176849, 15.5326538086, 13.2262449265, 21.5310974121, 6.35519123077, 14.1885080338, 20.2530975342, 49.9855690002, 13.9037866592, 6.88517141342], [-15.3368692398, 23.7741336823, 0.561704158783, 3.67108845711, -4.43426942825, -13.3401346207, -8.11737823486, 3.54363012314, -5.98114156723, -3.29410815239, 13.9037866592, 48.9412727356, 21.6181488037], [-489.541717529, -34.8404006958, 86.7808609009, -13.9936952591, 14.9484806061, 6.65573167801, 13.8786258698, 6.44944381714, 18.6445236206, 4.29789876938, 6.88517141342, 21.6181488037, 69.991859436]],
        "icov": [[0.000162641212228, -0.000376766052796, 0.000253613048699, -0.000153375978698, 0.000522919173818, -0.000428200262832, 0.000298549042782, -6.26954715699e-05, 6.80415760144e-05, 0.000396897434257, -0.000206657394301, 0.000137316339533, 0.000415932416217], [-0.000376766052796, 0.0042378064245, 0.000807825708762, -0.00173664314207, -0.00168118893635, 0.00283626932651, 0.000340518803569, 0.00165430363268, 0.000985992606729, -0.00135488680098, 0.00146106723696, -0.000990674714558, -0.00202232855372], [0.000253613048699, 0.000807825708762, 0.00412777252495, 0.000963754602708, -0.000606941990554, -0.00113326346036, -0.00127224915195, 0.000782857474405, -0.000924157619011, 0.000446476624347, -0.000790354795754, -2.72839733952e-05, -0.0020267968066], [-0.000153375978698, -0.00173664314207, 0.000963754602708, 0.0143611002713, -0.00366872991435, -0.00143585319165, 0.000449034676421, -0.00427745934576, 0.00159838958643, -0.00122600968461, 0.00130289013032, -0.00127861450892, 0.000880569161382], [0.000522919173818, -0.00168118893635, -0.000606941990554, -0.00366872991435, 0.0171633660793, -0.00445360131562, -0.00358111411333, 0.000107363310235, -0.00364383356646, 0.00257036974654, -0.00182513217442, 0.000785652548075, 0.00104734883644], [-0.000428200262832, 0.00283626932651, -0.00113326346036, -0.00143585319165, -0.00445360131562, 0.0171940587461, -0.00716750416905, 0.0019782744348, 0.000435568887042, -0.00356547022238, 0.00242590950802, 0.000815369014163, -0.000297564431094], [0.000298549042782, 0.000340518803569, -0.00127224915195, 0.000449034676421, -0.00358111411333, -0.00716750416905, 0.0232460014522, -0.00438122404739, -0.00481248600408, 0.0043730600737, -0.00379331316799, 0.00169096305035, 0.00202982639894], [-6.26954715699e-05, 0.00165430363268, 0.000782857474405, -0.00427745934576, 0.000107363310235, 0.0019782744348, -0.00438122404739, 0.0262021832168, -0.00764945801347, 0.00109621498268, 0.000363662053132, -0.00346558657475, -0.00019260965928], [6.80415760144e-05, 0.000985992606729, -0.000924157619011, 0.00159838958643, -0.00364383356646, 0.000435568887042, -0.00481248600408, -0.00764945801347, 0.0292896144092, -0.0126634733751, 0.00373284122907, 0.00205710832961, -0.00319912051782], [0.000396897434257, -0.00135488680098, 0.000446476624347, -0.00122600968461, 0.00257036974654, -0.00356547022238, 0.0043730600737, 0.00109621498268, -0.0126634733751, 0.0334759056568, -0.0132327564061, 0.00466557685286, 0.00130320433527], [-0.000206657394301, 0.00146106723696, -0.000790354795754, 0.00130289013032, -0.00182513217442, 0.00242590950802, -0.00379331316799, 0.000363662053132, 0.00373284122907, -0.0132327564061, 0.0302081592381, -0.0107283229008, 0.00156029721256], [0.000137316339533, -0.000990674714558, -2.72839733952e-05, -0.00127861450892, 0.000785652548075, 0.000815369014163, 0.00169096305035, -0.00346558657475, 0.00205710832961, 0.00466557685286, -0.0107283229008, 0.0294135641307, -0.00887979008257], [0.000415932416217, -0.00202232855372, -0.0020267968066, 0.000880569161382, 0.00104734883644, -0.000297564431094, 0.00202982639894, -0.00019260965928, -0.00319912051782, 0.00130320433527, 0.00156029721256, -0.00887979008257, 0.0216600783169]]
    },
    "spectral_contrast_coeffs": {
        "max": [-0.478729248047, -0.532496809959, -0.617842257023, -0.591197609901, -0.618588984013, -0.578061521053],
        "mean": [-0.698814570904, -0.769898831844, -0.793223977089, -0.793277204037, -0.778204679489, -0.750931382179],
        "min": [-0.968829393387, -0.948719918728, -0.967696607113, -0.954246222973, -0.960144460201, -0.959545493126],
        "stdev": [0.0973570421338, 0.0875294730067, 0.0710604637861, 0.069295860827, 0.0718888342381, 0.0795286297798]
    },
    "spectral_contrast_valleys": {
        "max": [-5.72822523117, -4.75566864014, -6.00121068954, -6.04635667801, -5.84614133835, -8.35891151428],
        "mean": [-7.82815694809, -7.20129060745, -8.08792304993, -8.08323287964, -7.86297512054, -10.7503490448],
        "min": [-27.4029312134, -27.2732620239, -27.0512142181, -27.2567176819, -27.3731079102, -27.2100696564],
        "stdev": [1.67259562016, 1.92077660561, 1.74888134003, 1.75342309475, 1.69356846809, 1.17409431934]
    }
},
"rhythm": {
    "beats_count": 20,
    "beats_loudness": {
        "max": 0.0474243909121,
        "mean": 0.0258837752044,
        "min": 9.27851306187e-06,
        "stdev": 0.0167398434132
    },
    "bpm": 98.8482589722,
    "bpm_histogram_first_peak_bpm": 99,
    "bpm_histogram_first_peak_weight": 0,
    "bpm_histogram_second_peak_bpm": 94,
    "bpm_histogram_second_peak_spread": 0,
    "bpm_histogram_second_peak_weight": 0.263157904148,
    "danceability": 0.828617334366,
    "onset_rate": 2.58633565903,
    "beats_loudness_band_ratio": {
        "max": [0.546902000904, 0.376221001148, 0.579827427864, 0.19146899879, 0.254121512175, 0.464148163795],
        "mean": [0.312980502844, 0.149544686079, 0.208330631256, 0.103780411184, 0.116005301476, 0.152942821383],
        "min": [0.0825266763568, 0.042773399502, 0.0598017089069, 0.0346631482244, 0.0398083515465, 0.0358039848506],
        "stdev": [0.108067058027, 0.0854149386287, 0.139147654176, 0.0456236302853, 0.0576887726784, 0.144678607583]
    },
    "beats_position": [0.615328788757, 1.25387752056, 1.89242625237, 2.53097510338, 3.16952371597, 3.80807256699, 4.42340135574, 5.0387301445, 5.64244890213, 6.24616765976, 6.84988641739, 7.45360517502, 8.06893444061, 8.68426322937, 9.287981987, 9.89170074463, 10.4954195023, 11.0991382599, 11.7028570175, 12.3065757751],
