{
"metadata": {
    "version": {
        "essentia": "2.1-beta5",
        "essentia_git_sha": "Undefined",
        "extractor": "music 2.0"
    },
    "audio_properties": {
        "analysis": {
            "equal_loudness": 0,
            "length": 29.0017242432,
            "sample_rate": 44100,
            "start_time": 0,
            "downmix": "mix"
        },
        "bit_rate": 192000,
        "length": 220.287704468,
        "lossless": 0,
        "number_channels": 2,
        "replay_gain": 7.43761634827,
        "sample_rate": 44100,
        "codec": "mp3",
        "md5_encoded": "a6d26b0abadaeac7ea3f2867b2c7ee7a"
    },
    "tags": {
        "file_name": "Israel_Olé Olé_Izhar Cohen.mp3",
        "encoding": ["Lavf58.29.100"]
    }
},
"lowlevel": {
    "average_loudness": 0.0221181698143,
    "barkbands_crest": {
        "max": 25.1999702454,
        "mean": 6.41029024124,
        "min": 2.44408130646,
        "stdev": 3.03175139427
    },
    "barkbands_flatness_db": {
        "max": 0.367069810629,
        "mean": 0.10045260936,
        "min": 0.01536109671,
        "stdev": 0.041869841516
    },
    "barkbands_kurtosis": {
        "max": 98.7062149048,
        "mean": 1.96756136417,
        "min": -1.82761251926,
        "stdev": 3.91514158249
    },
    "barkbands_skewness": {
        "max": 8.11065673828,
        "mean": -0.633780300617,
        "min": -2.98434829712,
        "stdev": 1.27183973789
    },
    "barkbands_spread": {
        "max": 99.2344665527,
        "mean": 24.2670269012,
        "min": 1.04229056835,
        "stdev": 11.7192783356
    },
    "dissonance": {
        "max": 0.499999910593,
        "mean": 0.487459093332,
        "min": 0.189912378788,
        "stdev": 0.0231335777789
    },
    "dynamic_complexity": 11.9010877609,
    "erbbands_crest": {
        "max": 24.3724441528,
        "mean": 5.4854221344,
        "min": 2.05497193336,
        "stdev": 3.08694934845
    },
    "erbbands_flatness_db": {
        "max": 0.370115727186,
        "mean": 0.158719167113,
        "min": 0.0577903985977,
        "stdev": 0.0655636414886
    },
    "erbbands_kurtosis": {
        "max": 17.1205863953,
        "mean": 0.284587949514,
        "min": -1.79336607456,
        "stdev": 1.46888566017
    },
    "erbbands_skewness": {
        "max": 3.66241955757,
        "mean": -0.247898191214,
        "min": -3.71593403816,
        "stdev": 0.578035414219
    },
    "erbbands_spread": {
        "max": 93.7756652832,
        "mean": 31.7521343231,
        "min": 4.11286306381,
        "stdev": 15.2607936859
    },
    "hfc": {
        "max": 156.970626831,
        "mean": 12.0785570145,
        "min": 1.07593605736e-16,
        "stdev": 23.1710166931
    },
    "loudness_ebu128": {
        "integrated": -31.7151679993,
        "loudness_range": 19.1923141479,
        "momentary": {
            "max": -27.9889259338,
            "mean": -147.449584961,
            "min": -300.691009521,
            "stdev": 127.253196716
        },
        "short_term": {
            "max": -28.7852611542,
            "mean": -130.895202637,
            "min": -300.691009521,
            "stdev": 124.353675842
        }
    },
    "melbands_crest": {
        "max": 28.8119087219,
        "mean": 5.32325839996,
        "min": 1.49693155289,
        "stdev": 4.40237903595
    },
    "melbands_flatness_db": {
        "max": 0.427071303129,
        "mean": 0.0642282962799,
        "min": 0.00210375734605,
        "stdev": 0.0656586736441
    },
    "melbands_kurtosis": {
        "max": 83.4135818481,
        "mean": 1.73590350151,
        "min": -1.88026666641,
        "stdev": 7.39024496078
    },
    "melbands_skewness": {
        "max": 7.97432041168,
        "mean": 0.578004479408,
        "min": -0.742919683456,
        "stdev": 1.18557047844
    },
    "melbands_spread": {
        "max": 276.689239502,
        "mean": 77.4324264526,
        "min": 1.25587689877,
        "stdev": 50.7842102051
    },
    "pitch_salience": {
        "max": 0.939126729965,
        "mean": 0.760875344276,
        "min": 0.172085568309,
        "stdev": 0.0863380357623
    },
    "silence_rate_20dB": {
        "max": 1,
        "mean": 1,
        "min": 1,
        "stdev": 0
    },
    "silence_rate_30dB": {
        "max": 1,
        "mean": 1,
        "min": 1,
        "stdev": 0
    },
    "silence_rate_60dB": {
        "max": 1,
        "mean": 0.711199998856,
        "min": 0,
        "stdev": 0.453202962875
    },
    "spectral_centroid": {
        "max": 11975.5273438,
        "mean": 5864.80029297,
        "min": 283.038391113,
        "stdev": 4375.06396484
    },
    "spectral_complexity": {
        "max": 64,
        "mean": 12.0679998398,
        "min": 0,
        "stdev": 19.405872345
    },
    "spectral_decrease": {
        "max": 2.89023343789e-28,
        "mean": -1.26651289456e-09,
        "min": -1.5916709728e-08,
        "stdev": 2.3304707053e-09
    },
    "spectral_energy": {
        "max": 0.0731119737029,
        "mean": 0.00587567640468,
        "min": 9.96155436342e-21,
        "stdev": 0.0108770160004
    },
    "spectral_energyband_high": {
        "max": 0.0061860778369,
        "mean": 0.000463669304736,
        "min": 6.9524538563e-21,
        "stdev": 0.0009159190231
    },
    "spectral_energyband_low": {
        "max": 0.000765097734984,
        "mean": 3.89029555663e-05,
        "min": 1.1771119737e-23,
        "stdev": 6.86775383656e-05
    },
    "spectral_energyband_middle_high": {
        "max": 0.0665924996138,
        "mean": 0.00474139722064,
        "min": 1.0511620787e-21,
        "stdev": 0.0092165581882
    },
    "spectral_energyband_middle_low": {
        "max": 0.00898011866957,
        "mean": 0.000675857358146,
        "min": 1.56534010211e-22,
        "stdev": 0.00125952635426
    },
    "spectral_entropy": {
        "max": 9.83720684052,
        "mean": 8.6845741272,
        "min": 5.43952512741,
        "stdev": 0.991548597813
    },
    "spectral_flux": {
        "max": 0.192356154323,
        "mean": 0.0307873077691,
        "min": 6.26583646079e-11,
        "stdev": 0.0435296818614
    },
    "spectral_kurtosis": {
        "max": 15.3340072632,
        "mean": 1.44958734512,
        "min": -1.34070754051,
        "stdev": 2.83953785896
    },
    "spectral_rms": {
        "max": 0.00844563543797,
        "mean": 0.00137527636252,
        "min": 3.11746527031e-12,
        "stdev": 0.00195984286256
    },
    "spectral_rolloff": {
        "max": 19638.28125,
        "mean": 9466.55566406,
        "min": 215.33203125,
        "stdev": 7915.57080078
    },
    "spectral_skewness": {
        "max": 3.07586169243,
        "mean": 0.724088907242,
        "min": -0.354775428772,
        "stdev": 0.692527711391
    },
    "spectral_spread": {
        "max": 43032372,
        "mean": 19036934,
        "min": 1476987.5,
        "stdev": 18129490
    },
    "spectral_strongpeak": {
        "max": 5.72011089325,
        "mean": 0.456996291876,
        "min": 0,
        "stdev": 0.787472605705
    },
    "zerocrossingrate": {
        "max": 0.533203125,
        "mean": 0.265796095133,
        "min": 0.0009765625,
        "stdev": 0.19926469028
    },
    "barkbands": {
        "max": [0.000325816799887, 0.000416331517044, 0.000485595635837, 0.000353226612788, 0.00520517956465, 0.00755603564903, 0.00633996725082, 0.00353454332799, 0.00498078484088, 0.00724653573707, 0.00638898648322, 0.00574410427362, 0.0066504268907, 0.0132760507986, 0.00964076537639, 0.0142002003267, 0.012255446054, 0.00951940845698, 0.00564390746877, 0.00370394741185, 0.00254180748016, 0.00219035497867, 0.000833694182802, 0.000987522653304, 0.000470643688459, 8.97939944622e-09, 9.15169273696e-09],
        "mean": [1.20374770631e-05, 1.79507787834e-05, 9.78600837698e-06, 1.04751479739e-05, 3.82807993446e-05, 0.000106730913103, 8.48422787385e-05, 0.000113521316962, 0.000247473217314, 0.000281384651316, 0.000323379528709, 0.000382278405596, 0.000461648276541, 0.000609197362792, 0.000659657642245, 0.000711416243576, 0.000593611155637, 0.000383767473977, 0.000263802707195, 0.000205917196581, 0.00016552337911, 9.75152288447e-05, 5.03351911902e-05, 3.2780058973e-05, 1.23632853501e-05, 7.84887765892e-10, 9.52405598831e-10],
        "min": [1.66398005264e-26, 1.15146082031e-24, 6.56420724173e-25, 3.47709130119e-25, 5.33545639373e-24, 3.84966251672e-24, 2.92584447113e-24, 4.67566417665e-24, 6.00335731205e-24, 1.07631700703e-23, 1.09997604998e-23, 1.66255796323e-23, 2.35600472201e-23, 1.74862805224e-23, 3.89400075945e-23, 5.11916737848e-23, 4.89518168404e-23, 6.98927291038e-23, 9.18370661277e-23, 1.3344244855e-22, 2.25364686412e-22, 2.58458979108e-22, 3.66570586498e-22, 5.3147076322e-22, 8.34536431261e-22, 1.15581526939e-21, 1.88121813343e-21],
        "stdev": [2.78318184428e-05, 3.58061042789e-05, 2.34932867897e-05, 2.36383475567e-05, 0.000163595701451, 0.000546575291082, 0.000291371281492, 0.000273827725323, 0.000566325732507, 0.000642724742647, 0.00074050494004, 0.000816631421912, 0.000991277047433, 0.00134008750319, 0.00137796544004, 0.00162382330745, 0.00141050189268, 0.000900306273252, 0.000580050400458, 0.000435635098256, 0.000347751105437, 0.000205035918043, 0.000101203564554, 7.45469878893e-05, 3.4806336771e-05, 8.70644167872e-10, 1.00304475836e-09]
    },
    "erbbands": {
        "max": [0.0136194322258, 0.0852531790733, 0.356845736504, 1.05834925175, 7.46487379074, 22.4761714935, 23.9970531464, 79.5413818359, 29.286901474, 109.276542664, 101.892463684, 156.254058838, 126.94442749, 302.076751709, 255.32623291, 275.976318359, 327.040130615, 478.041564941, 534.588623047, 449.628692627, 1004.40838623, 730.464477539, 676.351623535, 347.60546875, 199.620544434, 169.139511108, 136.529296875, 99.9327468872, 82.9632034302, 38.8047180176, 23.4548587799, 19.0167675018, 14.6375522614, 9.50821781158, 1.5815050602, 0.0365062206984, 0.00177003885619, 0.000205840653507, 7.4472198321e-05, 0.000107916814159],
        "mean": [0.000541388348211, 0.00402861181647, 0.0109590683132, 0.0258547663689, 0.061383869499, 0.148692682385, 0.426300048828, 1.02995121479, 0.970821380615, 1.75719666481, 3.11534523964, 5.59409236908, 7.60795307159, 11.0601215363, 13.5639343262, 16.5237693787, 20.7811832428, 29.4120254517, 33.910369873, 35.9615783691, 39.1372146606, 33.3059043884, 22.8570098877, 16.1036510468, 11.7119159698, 9.61954498291, 7.71842050552, 5.77839040756, 3.78088355064, 2.21440577507, 1.30036878586, 0.817520618439, 0.469781726599, 0.236557886004, 0.0335513353348, 0.000839698594064, 5.56306949875e-05, 9.88374358712e-06, 6.08016762271e-06, 8.68347706273e-06],
        "min": [6.11982323726e-23, 3.72118007845e-22, 9.9384468226e-22, 2.26898489496e-21, 7.48584479532e-21, 1.86623982316e-20, 2.60997406778e-20, 4.72619078011e-20, 7.16329104689e-20, 1.421026499e-19, 1.66413862919e-19, 2.76499905599e-19, 2.73267490561e-19, 5.3997771361e-19, 8.6353199515e-19, 9.38713303651e-19, 1.22547676289e-18, 1.47253948184e-18, 2.01464553117e-18, 2.71203199303e-18, 3.03531361516e-18, 3.61678891215e-18, 3.77473201909e-18, 4.99015067932e-18, 5.81105340462e-18, 6.70951630646e-18, 9.09960629636e-18, 8.84955125155e-18, 8.5091060453e-18, 8.43799994548e-18, 1.00782370616e-17, 9.80964076338e-18, 8.60265190077e-18, 6.42648694729e-18, 5.94059443804e-18, 3.64686354487e-18, 2.14444278378e-18, 8.60661781822e-19, 2.25763231765e-19, 2.51884267497e-20],
        "stdev": [0.00111474248115, 0.00811634305865, 0.0232681408525, 0.0576328970492, 0.247264131904, 0.698552489281, 1.77968859673, 5.54021310806, 2.21700692177, 5.36150312424, 7.16606664658, 13.7992734909, 16.008731842, 25.2659320831, 29.3853359222, 34.9341773987, 43.9561386108, 62.481842041, 71.9787826538, 73.9942855835, 90.9453201294, 78.7999267578, 54.8905334473, 36.0205917358, 25.2746963501, 20.3378791809, 16.3471717834, 12.3004636765, 8.05327796936, 4.50086212158, 2.60502052307, 1.74359679222, 1.12870490551, 0.659258902073, 0.105130836368, 0.00250271172263, 0.000140864591231, 2.04736243177e-05, 1.11576673589e-05, 1.60941508511e-05]
    },
    "gfcc": {
        "mean": [-606.699401855, 39.8793296814, -107.145690918, 23.2518424988, -45.1347579956, 11.8367843628, -23.283536911, 3.11202788353, -5.47176504135, -4.82048892975, -0.311752349138, -7.26050138474, 3.06432557106],
        "cov": [[322411.65625, 18430.6074219, -53998.1289062, 10751.1679688, -21185.7363281, 6023.19238281, -10645.3691406, 1428.04907227, -2314.28076172, -2444.84741211, 94.6935882568, -3694.52270508, 1834.54626465], [18430.6074219, 1631.96691895, -2989.76489258, 589.057495117, -1315.2298584, 225.585372925, -678.179077148, 43.6100883484, -173.077896118, -179.403610229, 18.2315807343, -226.560577393, 96.5316925049], [-53998.1289062, -2989.76489258, 9475.28417969, -1693.11071777, 3369.31860352, -1001.66900635, 1662.3963623, -182.904144287, 343.785583496, 402.362579346, -22.674036026, 654.855712891, -352.357025146], [10751.1679688, 589.057495117, -1693.11071777, 560.432983398, -713.61541748, 227.982330322, -374.087982178, 58.3463401794, -81.077293396, -52.208026886, -26.5751972198, -129.597259521, 21.9919166565], [-21185.7363281, -1315.2298584, 3369.31860352, -713.61541748, 1553.25292969, -376.14151001, 752.525390625, -112.349868774, 185.307861328, 176.281707764, -16.8092670441, 223.302810669, -108.362411499], [6023.19238281, 225.585372925, -1001.66900635, 227.982330322, -376.14151001, 205.990356445, -156.944000244, 36.2141227722, -42.0425567627, -28.5161342621, -5.86930656433, -80.3621139526, 22.5233917236], [-10645.3691406, -678.179077148, 1662.3963623, -374.087982178, 752.525390625, -156.944000244, 472.995483398, -58.2989273071, 76.9580001831, 82.3391418457, 6.97383213043, 103.808486938, -55.7174301147], [1428.04907227, 43.6100883484, -182.904144287, 58.3463401794, -112.349868774, 36.2141227722, -58.2989273071, 51.5904006958, 0.867658555508, -10.0015277863, 5.00645923615, -6.73595428467, 5.30725622177], [-2314.28076172, -173.077896118, 343.785583496, -81.077293396, 185.307861328, -42.0425567627, 76.9580001831, 0.867658555508, 64.3454437256, 27.269613266, 3.19062328339, 23.6221237183, -7.38104486465], [-2444.84741211, -179.403610229, 402.362579346, -52.208026886, 176.281707764, -28.5161342621, 82.3391418457, -10.0015277863, 27.269613266, 59.4129486084, -9.17887401581, 17.222984314, -23.2487106323], [94.6935882568, 18.2315807343, -22.674036026, -26.5751972198, -16.8092670441, -5.86930656433, 6.97383213043, 5.00645923615, 3.19062328339, -9.17887401581, 38.6442451477, 15.6875324249, 14.6369438171], [-3694.52270508, -226.560577393, 654.855712891, -129.597259521, 223.302810669, -80.3621139526, 103.808486938, -6.73595428467, 23.6221237183, 17.222984314, 15.6875324249, 80.0224914551, -6.03514671326], [1834.54626465, 96.5316925049, -352.357025146, 21.9919166565, -108.362411499, 22.5233917236, -55.7174301147, 5.30725622177, -7.38104486465, -23.2487106323, 14.6369438171, -6.03514671326, 49.5396842957]],
        "icov": [[0.000709129904862, -0.000330988143105, 0.0024733885657, -0.00101176765747, 0.00192665064242, -0.00177587696817, 0.00195345585234, -0.00170395174064, 0.000955809315201, 0.000706380757038, -0.0003375573433, -0.000254250247963, 0.000369996967493], [-0.000330988143105, 0.00353757035919, -0.00121691264212, -0.000128371029859, 0.000841062050313, 0.00401095068082, 0.000415741087636, 0.00292205926962, 0.000797334185336, 0.00184446573257, -0.00291488785297, 0.00577282952145, -0.000514989951625], [0.0024733885657, -0.00121691264212, 0.00996246561408, -0.002736259019, 0.00577500881627, -0.00493686040863, 0.00609617261216, -0.00734555115923, 0.00434178765863, 0.00104015844408, 0.000219280118472, -0.00592746259645, 0.00571922352538], [-0.00101176765747, -0.000128371029859, -0.002736259019, 0.00818036869168, -0.00194075820036, 2.89728723146e-05, -0.00154181732796, 0.00102989806328, -0.00106553093065, -0.00430259481072, 0.00447067106143, -0.00318998727016, 0.00463408231735], [0.00192665064242, 0.000841062050313, 0.00577500881627, -0.00194075820036, 0.0147084435448, -0.00170164101291, -0.000201704955543, 0.00127045460977, -0.00492126308382, -6.15103490418e-05, 0.00382318673655, -0.000772114493884, -0.000451325817266], [-0.00177587696817, 0.00401095068082, -0.00493686040863, 2.89728723146e-05, -0.00170164101291, 0.0215040519834, -0.00806097127497, 0.000640705227852, 0.00068974646274, -0.00344587140717, -0.000171351915924, 0.00720971217379, -0.000397790310672], [0.00195345585234, 0.000415741087636, 0.00609617261216, -0.00154181732796, -0.000201704955543, -0.00806097127497, 0.0185066219419, -0.0027072285302, 0.00678001111373, 0.00381304835901, -0.00964864622802, 0.00640724599361, 0.00165320583619], [-0.00170395174064, 0.00292205926962, -0.00734555115923, 0.00102989806328, 0.00127045460977, 0.000640705227852, -0.0027072285302, 0.0369021259248, -0.0138306999579, 0.00192859163508, -0.00239322939888, -0.00078985223081, -0.000351923779817], [0.000955809315201, 0.000797334185336, 0.00434178765863, -0.00106553093065, -0.00492126308382, 0.00068974646274, 0.00678001111373, -0.0138306999579, 0.0342523828149, -0.00470920512453, -0.00816710852087, 0.0059836152941, -0.00153029919602], [0.000706380757038, 0.00184446573257, 0.00104015844408, -0.00430259481072, -6.15103490418e-05, -0.00344587140717, 0.00381304835901, 0.00192859163508, -0.00470920512453, 0.0343014523387, -0.00237935432233, 0.00892568845302, 0.00225590635091], [-0.0003375573433, -0.00291488785297, 0.000219280118472, 0.00447067106143, 0.00382318673655, -0.000171351915924, -0.00964864622802, -0.00239322939888, -0.00816710852087, -0.00237935432233, 0.04563678056, -0.0231697075069, -0.00303941243328], [-0.000254250247963, 0.00577282952145, -0.00592746259645, -0.00318998727016, -0.000772114493884, 0.00720971217379, 0.00640724599361, -0.00078985223081, 0.0059836152941, 0.00892568845302, -0.0231697075069, 0.0607358887792, -0.0209279637784], [0.000369996967493, -0.000514989951625, 0.00571922352538, 0.00463408231735, -0.000451325817266, -0.000397790310672, 0.00165320583619, -0.000351923779817, -0.00153029919602, 0.00225590635091, -0.00303941243328, -0.0209279637784, 0.0463790111244]]
    },
    "melbands": {
        "max": [0.000124124475406, 0.000140787713462, 0.000239607441472, 0.00116499012802, 0.000739561102819, 0.00162383390125, 0.000759139948059, 0.000955720723141, 0.000833909143694, 0.000935070216656, 0.000703612109646, 0.00118178047705, 0.000922416744288, 0.000609357841313, 0.00076185510261, 0.000785006617662, 0.00101418711711, 0.00101181655191, 0.000729677849449, 0.000758274574764, 0.00131642678753, 0.00085543730529, 0.000847321352921, 0.000350433023414, 0.000306698202621, 0.000180166010978, 0.000142758610309, 0.000112771245767, 9.0026325779e-05, 7.30421379558e-05, 7.45616052882e-05, 6.08962327533e-05, 2.31312405958e-05, 2.5394205295e-05, 1.30965036078e-05, 1.10600321932e-05, 1.2952016732e-05, 1.06980687633e-05, 9.853037227e-06, 9.81566336122e-06],
        "mean": [5.64357105759e-06, 5.73519582758e-06, 5.3113899412e-06, 7.30962619855e-06, 1.39488856803e-05, 2.22883008973e-05, 1.54999870574e-05, 2.01654511329e-05, 2.76878927252e-05, 3.58568140655e-05, 3.79212651751e-05, 4.36074842582e-05, 4.52708045486e-05, 4.14986207034e-05, 4.50610168627e-05, 4.6938595915e-05, 5.57595449209e-05, 5.38002132089e-05, 5.01343674841e-05, 4.85331802338e-05, 4.50064435427e-05, 3.63907711289e-05, 2.48647102126e-05, 1.68998667505e-05, 1.2775462892e-05, 9.05366596271e-06, 7.50646904635e-06, 6.10546157986e-06, 5.00924852531e-06, 3.9896913222e-06, 3.13635359817e-06, 2.30825162362e-06, 1.49000049987e-06, 1.1235204056e-06, 7.68042980326e-07, 5.98884355441e-07, 4.57794357089e-07, 3.38408568723e-07, 2.60340073055e-07, 1.89294155462e-07],
        "min": [5.68876194963e-25, 8.95899765121e-25, 6.73342924577e-25, 1.14420527213e-24, 6.36564404935e-25, 1.15737855899e-24, 1.13070756622e-24, 1.48414703126e-24, 1.28921486702e-24, 1.29743174082e-24, 1.15640421717e-24, 1.92655886374e-24, 2.26285736739e-24, 2.21696400372e-24, 2.78294448751e-24, 1.95953758832e-24, 2.26401107646e-24, 2.69453053498e-24, 2.88679664518e-24, 3.09350265704e-24, 2.8879328021e-24, 3.00866165276e-24, 2.94463060194e-24, 3.1715746431e-24, 3.56599760154e-24, 2.84719247508e-24, 3.53462105346e-24, 3.91211269028e-24, 3.32556660269e-24, 4.53855305158e-24, 4.11670771036e-24, 3.8657903835e-24, 4.36215270912e-24, 4.08102555946e-24, 4.97572083259e-24, 5.69700515166e-24, 5.66203810317e-24, 5.14209633067e-24, 5.81629314787e-24, 4.26421996647e-24],
        "stdev": [1.0802405086e-05, 1.12464604172e-05, 1.25354499687e-05, 3.58688885171e-05, 5.58124484087e-05, 0.000114678550744, 4.14369496866e-05, 5.41298650205e-05, 6.37257398921e-05, 8.66281989147e-05, 8.10569690657e-05, 0.000101998906757, 0.000103917795059, 8.75645855558e-05, 9.76312439889e-05, 0.000101515033748, 0.000121380922792, 0.000118366493552, 0.000104027269117, 0.000106343599327, 0.000109072760097, 8.89041111805e-05, 6.13040829194e-05, 3.88296393794e-05, 2.94360579574e-05, 2.02018400159e-05, 1.64591074281e-05, 1.3137836504e-05, 1.07573969217e-05, 8.57538725541e-06, 6.9644256655e-06, 5.14091834702e-06, 3.02190051116e-06, 2.37759923039e-06, 1.55919565259e-06, 1.25123438011e-06, 1.01123737295e-06, 8.17488057692e-07, 6.607758678e-07, 5.91203956901e-07]
    },
    "melbands128": {
        "max": [0.000167627760675, 0.000116358954983, 0.000142970820889, 0.000145536076161, 0.000105703205918, 0.000282975612208, 0.000225987139856, 0.000171712919837, 0.00067724857945, 0.00144950009417, 0.00142090604641, 0.000744591874536, 0.00107258558273, 0.0026130466722, 0.00297142844647, 0.000651379581541, 0.000347424909705, 0.000386677653296, 0.00257401308045, 0.00141347269528, 0.000821218302008, 0.00118238315918, 0.00140309275594, 0.00156748341396, 0.00187313975766, 0.00109909137245, 0.000837337691337, 0.000764086144045, 0.00146157387644, 0.00200615264475, 0.00216116756201, 0.0016885206569, 0.00190067954827, 0.000872321310453, 0.000945477979258, 0.00105805101339, 0.00115326698869, 0.000940013444051, 0.000947212509345, 0.00119803799316, 0.000887300644536, 0.00182385870721, 0.00105030182749, 0.0020556896925, 0.00201395712793, 0.00107065204065, 0.00099525495898, 0.00135523546487, 0.00122507999185, 0.000950604269747, 0.00119817513041, 0.00107788853347, 0.00170571904164, 0.00144275301136, 0.00141473754775, 0.00133499572985, 0.000988562824205, 0.000849709787872, 0.000815189734567, 0.000920959166251, 0.000355028401827, 0.000453102140455, 0.000433893699665, 0.000314209522912, 0.00050477538025, 0.000220597386942, 0.000203763775062, 0.000168550934177, 0.000207153469091, 0.000148532679304, 0.000157516697072, 0.000157062357175, 9.67872183537e-05, 0.000115322523925, 0.00012722624524, 9.13160693017e-05, 7.37866430427e-05, 7.89082914707e-05, 7.88159595686e-05, 0.000111018242023, 7.67711462686e-05, 4.43124918093e-05, 4.3643580284e-05, 2.24635678023e-05, 2.38957672991e-05, 2.627705544e-05, 3.91983812733e-05, 1.77416914084e-05, 1.23385771076e-05, 2.56964485743e-05, 1.2159972357e-05, 1.22686224131e-05, 2.14681931539e-05, 1.22062365335e-05, 1.44936102515e-05, 1.45999965753e-05, 1.21132788991e-05, 1.40911179187e-05, 1.45515014083e-05, 5.46846013094e-06, 6.42997247269e-06, 1.70740386238e-05, 7.94061361375e-06, 3.94373637391e-06, 8.99275178767e-08, 1.85104231942e-09, 6.74665392997e-11, 6.38476632675e-11, 6.1636716564e-11, 5.75497045852e-11, 5.66032637428e-11, 5.45292075382e-11, 5.07340176814e-11, 5.11688573457e-11, 4.90596417657e-11, 4.9755696091e-11, 4.59479398973e-11, 4.30904305293e-11, 4.08894966497e-11, 3.87055838769e-11, 3.95685290089e-11, 3.9136898583e-11, 3.71585713588e-11, 3.73353015171e-11, 3.677745955e-11, 3.90297169583e-11, 3.85578999285e-11, 3.76994338525e-11],
        "mean": [5.8210921452e-06, 4.53121811006e-06, 5.99563554715e-06, 6.9557822826e-06, 5.7584438764e-06, 4.78105812363e-06, 5.15440797244e-06, 5.1754427659e-06, 5.91041725784e-06, 7.19382751413e-06, 8.46483362693e-06, 8.42484769237e-06, 9.87255134532e-06, 2.74600206467e-05, 3.02471762552e-05, 1.38985724334e-05, 1.33852481667e-05, 1.47432892845e-05, 1.95659486053e-05, 1.95340289793e-05, 1.98720135813e-05, 2.39520595642e-05, 2.66489896603e-05, 3.34488613589e-05, 3.9307269617e-05, 3.34260730597e-05, 3.65402011084e-05, 3.78876466129e-05, 3.98233278247e-05, 4.18542113039e-05, 4.547896242e-05, 4.63093128928e-05, 4.87536963192e-05, 4.12242989114e-05, 3.86288083973e-05, 4.21902732342e-05, 4.51305531897e-05, 4.56753696199e-05, 4.49141844001e-05, 4.37621238234e-05, 4.7264580644e-05, 5.16567961313e-05, 5.59729814995e-05, 5.8061308664e-05, 5.54029356863e-05, 5.21002220921e-05, 5.36035549885e-05, 5.20885041624e-05, 4.79377267766e-05, 4.55994813819e-05, 5.08289558638e-05, 4.82721115986e-05, 4.6570206905e-05, 4.31706394011e-05, 4.25533471571e-05, 3.64907900803e-05, 3.15750730806e-05, 2.54667338595e-05, 2.3206563128e-05, 2.16587704926e-05, 1.58221791935e-05, 1.45108715515e-05, 1.37026445373e-05, 1.26683771668e-05, 1.0495645256e-05, 8.84820656211e-06, 8.34556794871e-06, 7.87330554886e-06, 7.4714935181e-06, 6.65399056743e-06, 6.17305749984e-06, 5.88722286921e-06, 5.37922687727e-06, 4.80198559671e-06, 4.67444169772e-06, 4.09782251154e-06, 3.72600879928e-06, 3.40715951097e-06, 3.12714769279e-06, 2.80142035081e-06, 2.49098252425e-06, 2.15981390284e-06, 1.67599171164e-06, 1.45910325955e-06, 1.28269437027e-06, 1.19628225548e-06, 1.10835651412e-06, 9.08045365122e-07, 7.25511540622e-07, 6.90346269039e-07, 6.35969854557e-07, 5.74178500301e-07, 5.32325145741e-07, 4.72460840228e-07, 3.99843685273e-07, 3.68961991626e-07, 3.14521258815e-07, 3.14221125564e-07, 2.89270900566e-07, 2.14738676618e-07, 1.9121299033e-07, 2.06516034496e-07, 1.63009559628e-07, 6.34522052678e-08, 3.34179989236e-10, 1.05800047542e-11, 5.63027619319e-12, 5.1015463555e-12, 4.95263031974e-12, 4.75286997259e-12, 4.76827908755e-12, 4.62860912792e-12, 4.81967200525e-12, 4.82981016292e-12, 4.79292040084e-12, 4.71097987009e-12, 4.44255222887e-12, 4.05434236531e-12, 4.04719834035e-12, 4.07829976387e-12, 4.10695782938e-12, 4.13396834126e-12, 4.07782228123e-12, 3.98465982432e-12, 4.01810312453e-12, 4.11597578936e-12, 4.13630371274e-12, 4.03604927257e-12],
        "min": [9.28854210651e-27, 1.4581749939e-25, 6.72334624755e-26, 6.70591796822e-26, 2.06850940395e-25, 2.76564624698e-25, 2.55108840671e-25, 2.20654354559e-25, 2.40019879054e-25, 3.04022900656e-25, 2.0279486414e-25, 3.51764325069e-26, 2.54776557666e-25, 5.21346437955e-25, 3.32231260076e-25, 1.07896179141e-25, 5.73809336633e-25, 5.49959606278e-25, 4.64397287308e-25, 5.77559679985e-25, 4.01570555923e-25, 5.9717194538e-25, 4.43214744977e-25, 4.13382441428e-25, 6.07862095329e-25, 6.4571706498e-25, 6.03307902716e-25, 6.68255264777e-25, 8.06443184988e-25, 4.30324708482e-25, 5.38086164971e-25, 2.58373418268e-25, 7.02586836499e-25, 6.01470300541e-25, 6.86452757442e-25, 4.7417265443e-25, 4.12365377854e-25, 8.94556039177e-25, 6.37394188e-25, 6.15210827699e-25, 5.87953366145e-25, 5.2980667534e-25, 8.18869568486e-25, 8.04148832349e-25, 8.26927782633e-25, 8.57614669061e-25, 5.41592355872e-25, 6.97077185418e-25, 9.93840297771e-25, 6.90503952621e-25, 1.06249269298e-24, 1.53416998316e-24, 7.00409481793e-25, 1.0762404678e-24, 1.01272345847e-24, 8.64123856213e-25, 1.14792268054e-24, 1.41600926918e-24, 9.36677168603e-25, 1.73113395726e-24, 1.33215049533e-24, 2.12639074167e-24, 2.00147284239e-24, 1.68075966644e-24, 1.84527798873e-24, 1.45428539194e-24, 1.40117710644e-24, 1.68502839001e-24, 2.27612265515e-24, 2.01882048534e-24, 2.15865081396e-24, 2.00440858825e-24, 2.27452343688e-24, 1.53066941289e-24, 1.91522944064e-24, 2.53433181779e-24, 2.03813613904e-24, 2.5310744139e-24, 2.12669603084e-24, 2.98752491366e-24, 2.41589914401e-24, 1.86463939636e-24, 2.38364932692e-24, 2.63755919762e-24, 1.94688051231e-24, 3.31120184004e-24, 2.94973749023e-24, 2.57049635713e-24, 2.87819924461e-24, 2.03648229215e-24, 3.28455017435e-24, 3.4418159067e-24, 3.19222327451e-24, 2.60729908494e-24, 2.56984633574e-24, 2.50293574541e-24, 3.70185759322e-24, 3.81051687202e-24, 2.54392771906e-24, 2.83551713647e-24, 3.36994752279e-24, 3.07290747095e-24, 4.00106622368e-24, 3.89788242842e-24, 3.06589291978e-24, 3.7956732708e-24, 3.61428929957e-24, 4.12976651378e-24, 3.68584726671e-24, 3.10113291414e-24, 4.63626806862e-24, 4.23076871421e-24, 3.55300821787e-24, 4.26831257685e-24, 4.30522890063e-24, 4.99801285848e-24, 3.93489380994e-24, 3.99521169247e-24, 4.89923919011e-24, 4.56744232122e-24, 4.30914322844e-24, 4.28443965476e-24, 3.62187380274e-24, 4.9051414474e-24, 3.83495538844e-24, 5.0997790707e-24, 4.87994680781e-24, 5.49254621009e-24],
        "stdev": [1.33711391754e-05, 1.00418183138e-05, 1.25521910377e-05, 1.45144895214e-05, 1.23002873806e-05, 1.23270638142e-05, 1.21371176647e-05, 1.23217514556e-05, 2.38602624449e-05, 4.50010811619e-05, 4.44896104455e-05, 2.98441882478e-05, 3.7139194319e-05, 0.000177259993507, 0.000203525021789, 3.91944522562e-05, 3.30026778101e-05, 3.75291383534e-05, 0.000105996070488, 7.0574489655e-05, 5.12208753207e-05, 7.12492546882e-05, 7.58996757213e-05, 9.89673499134e-05, 0.000128036292153, 8.99931328604e-05, 9.15487544262e-05, 9.13133771974e-05, 0.000101677280327, 0.000116324619739, 0.000125276943436, 0.000124016878544, 0.000144257690408, 9.81249904726e-05, 9.38706943998e-05, 0.000102001496998, 0.000112517060188, 0.000113138485176, 0.000105693943624, 0.000107627092802, 0.00011447128054, 0.000127941093524, 0.00013033686264, 0.000149103201693, 0.000147667931742, 0.000126195533085, 0.000127408959088, 0.000120795884868, 0.00011184009054, 0.000109905384306, 0.000129323641886, 0.000119446129247, 0.000127045554109, 0.000120344688185, 0.000114851893159, 0.000103369326098, 8.48249474075e-05, 6.47618289804e-05, 6.09962662566e-05, 6.50749425404e-05, 3.6783683754e-05, 3.46670785802e-05, 3.44654581568e-05, 3.16047990054e-05, 2.84174511762e-05, 2.12070535781e-05, 1.98586712941e-05, 1.83843167179e-05, 1.79620801646e-05, 1.54651988851e-05, 1.43027773447e-05, 1.421019806e-05, 1.21620450955e-05, 1.10323544504e-05, 1.14857211884e-05, 9.24936284719e-06, 8.66953268996e-06, 7.87322460383e-06, 7.42584416003e-06, 7.11073107595e-06, 5.93306458541e-06, 4.93020388603e-06, 3.82669350074e-06, 3.07969435198e-06, 2.73576711152e-06, 2.61487070929e-06, 2.65893208962e-06, 2.00926001526e-06, 1.55150200953e-06, 1.57422778102e-06, 1.36728613143e-06, 1.25316910271e-06, 1.31411422899e-06, 1.06173831682e-06, 9.59746557783e-07, 9.74383965513e-07, 7.69234191011e-07, 8.78309435848e-07, 8.40556538151e-07, 5.06116123233e-07, 5.06580533965e-07, 8.15675491594e-07, 5.17662044786e-07, 2.18101547489e-07, 3.45276029989e-09, 7.30042831742e-11, 6.89033639173e-12, 6.19990907572e-12, 5.96786682572e-12, 5.63626142286e-12, 5.55751928852e-12, 5.31497155315e-12, 5.38735982908e-12, 5.36593165734e-12, 5.24310195954e-12, 5.16108293255e-12, 4.85975582692e-12, 4.54616292528e-12, 4.49643967892e-12, 4.46963212969e-12, 4.4563341732e-12, 4.43100807782e-12, 4.34262261567e-12, 4.28948153039e-12, 4.27921847262e-12, 4.32499262099e-12, 4.30788130862e-12, 4.2527982004e-12]
    },
    "mfcc": {
        "mean": [-962.091003418, 44.1121711731, -21.4902896881, 2.60796117783, -3.27500486374, 0.0847867280245, -4.17733192444, 0.96637570858, 0.207863107324, 1.09114408493, -0.530710279942, 1.02691411972, -0.430738866329],
        "cov": [[82836.7578125, 8416.67871094, -8216.98925781, -344.244873047, -1291.37817383, 274.239379883, -866.890625, 336.293579102, 251.946060181, 310.969055176, -154.205917358, 286.148956299, -100.315574646], [8416.67871094, 1888.28308105, -510.527160645, 102.96421814, -115.883346558, -85.5383529663, -154.240402222, -0.943512260914, -52.9399757385, 2.01052737236, -49.7359619141, 18.874786377, -39.1596870422], [-8216.98925781, -510.527160645, 1359.22265625, 133.538848877, 165.432128906, -93.4781341553, 56.3967285156, -0.311316519976, -70.3643798828, -38.0700950623, 21.218296051, -22.5919647217, 17.8106555939], [-344.244873047, 102.96421814, 133.538848877, 166.98197937, 45.3522148132, 11.8674583435, -10.200961113, -12.1127510071, 0.890088438988, 3.33149290085, 13.6598386765, -4.0483417511, 4.75964736938], [-1291.37817383, -115.883346558, 165.432128906, 45.3522148132, 117.221313477, -7.08613300323, -24.9888019562, -11.963183403, 7.54290628433, -5.83393335342, 7.78568267822, -0.112814858556, 10.7214660645], [274.239379883, -85.5383529663, -93.4781341553, 11.8674583435, -7.08613300323, 98.2974853516, 35.1850318909, -9.78004169464, 24.5296039581, 21.1780281067, 19.2365589142, -3.5103328228, -5.75049877167], [-866.890625, -154.240402222, 56.3967285156, -10.200961113, -24.9888019562, 35.1850318909, 78.4379882812, 9.1920375824, 1.2688472271, 4.7034034729, 6.82294178009, -5.55663156509, -5.94310426712], [336.293579102, -0.943512260914, -0.311316519976, -12.1127510071, -11.963183403, -9.78004169464, 9.1920375824, 48.076713562, -1.99922597408, -4.83025503159, -1.00148761272, 4.71258211136, 0.430754214525], [251.946060181, -52.9399757385, -70.3643798828, 0.890088438988, 7.54290628433, 24.5296039581, 1.2688472271, -1.99922597408, 38.5581550598, 16.5327396393, 8.70536231995, 1.19193983078, 0.275426983833], [310.969055176, 2.01052737236, -38.0700950623, 3.33149290085, -5.83393335342, 21.1780281067, 4.7034034729, -4.83025503159, 16.5327396393, 35.3915176392, 15.2668943405, 1.73526144028, 0.0878986790776], [-154.205917358, -49.7359619141, 21.218296051, 13.6598386765, 7.78568267822, 19.2365589142, 6.82294178009, -1.00148761272, 8.70536231995, 15.2668943405, 32.0299949646, 7.94391536713, 1.10707116127], [286.148956299, 18.874786377, -22.5919647217, -4.0483417511, -0.112814858556, -3.5103328228, -5.55663156509, 4.71258211136, 1.19193983078, 1.73526144028, 7.94391536713, 26.9916648865, 7.63415956497], [-100.315574646, -39.1596870422, 17.8106555939, 4.75964736938, 10.7214660645, -5.75049877167, -5.94310426712, 0.430754214525, 0.275426983833, 0.0878986790776, 1.10707116127, 7.63415956497, 26.3631496429]],
        "icov": [[8.81485102582e-05, -0.000265667622443, 0.000350648188032, 1.22298461065e-05, 0.000240399574977, -0.000318969337968, 0.000492235005368, -0.000727997685317, -7.32646076358e-05, -0.000263944035396, -2.60021006397e-05, -0.000154013250722, -0.000295451260172], [-0.000265667622443, 0.00187789287884, -0.000691960332915, -0.00138791941572, 0.000265573238721, 0.00141694839112, 0.000331448856741, 0.00193347490858, 0.00213145138696, -0.000604486383963, 0.001541395206, -0.000684106489643, 0.00285388506018], [0.000350648188032, -0.000691960332915, 0.00304654659703, -0.00113102630712, -0.000997445895337, 0.00104035146069, -0.000147446335177, -0.00283805234358, 0.00268325349316, -0.00144955364522, -0.00147286430001, 0.000430724845501, -0.000987955834717], [1.22298461065e-05, -0.00138791941572, -0.00113102630712, 0.00915373023599, -0.00253956019878, -0.00273510906845, -4.17723385908e-05, 0.000770442886278, -0.00187922641635, 0.00160487077665, -0.0037815652322, 0.00272913021035, -0.00310661108233], [0.000240399574977, 0.000265573238721, -0.000997445895337, -0.00253956019878, 0.0164985917509, -0.0026581750717, 0.00977738760412, -0.000431421940448, -0.00599070684984, 0.00315091968514, -0.000683115213178, -0.00125552294776, -0.00219240644947], [-0.000318969337968, 0.00141694839112, 0.00104035146069, -0.00273510906845, -0.0026581750717, 0.0214794036001, -0.0117962397635, 0.00664736889303, -0.00411489978433, -0.0017714157002, -0.00744692515582, 0.00369092333131, 0.00297316047363], [0.000492235005368, 0.000331448856741, -0.000147446335177, -4.17723385908e-05, 0.00977738760412, -0.0117962397635, 0.0284536536783, -0.00892113801092, 0.0017740855692, -0.00259604910389, 0.00227736239322, -0.000993485096842, 0.00266544963233], [-0.000727997685317, 0.00193347490858, -0.00283805234358, 0.000770442886278, -0.000431421940448, 0.00664736889303, -0.00892113801092, 0.0297718830407, -0.00234203319997, 0.00638467632234, -0.00190156709868, -0.00231124088168, 0.00176026963163], [-7.32646076358e-05, 0.00213145138696, 0.00268325349316, -0.00187922641635, -0.00599070684984, -0.00411489978433, 0.0017740855692, -0.00234203319997, 0.0448748320341, -0.017062485218, 0.00146843667608, -0.000738250033464, 0.00313090300187], [-0.000263944035396, -0.000604486383963, -0.00144955364522, 0.00160487077665, 0.00315091968514, -0.0017714157002, -0.00259604910389, 0.00638467632234, -0.017062485218, 0.0482077002525, -0.0203733183444, 0.00522283418104, -0.00420940946788], [-2.60021006397e-05, 0.001541395206, -0.00147286430001, -0.0037815652322, -0.000683115213178, -0.00744692515582, 0.00227736239322, -0.00190156709868, 0.00146843667608, -0.0203733183444, 0.0540347471833, -0.0192474909127, 0.00642344914377], [-0.000154013250722, -0.000684106489643, 0.000430724845501, 0.00272913021035, -0.00125552294776, 0.00369092333131, -0.000993485096842, -0.00231124088168, -0.000738250033464, 0.00522283418104, -0.0192474909127, 0.0502062924206, -0.0149964587763], [-0.000295451260172, 0.00285388506018, -0.000987955834717, -0.00310661108233, -0.00219240644947, 0.00297316047363, 0.00266544963233, 0.00176026963163, 0.00313090300187, -0.00420940946788, 0.00642344914377, -0.0149964587763, 0.048441439867]]
    },
    "spectral_contrast_coeffs": {
        "max": [-0.45825356245, -0.511928319931, -0.541103124619, -0.600858509541, -0.557866632938, -0.619482755661],
        "mean": [-0.856613576412, -0.886854767799, -0.885430753231, -0.886054694653, -0.876148462296, -0.845806181431],
        "min": [-0.985144197941, -0.987251281738, -0.97984200716, -0.975858390331, -0.97031211853, -0.967114746571],
        "stdev": [0.104866854846, 0.0826835185289, 0.0770348608494, 0.0742736384273, 0.081275857985, 0.105448201299]
    },
    "spectral_contrast_valleys": {
        "max": [-6.96894311905, -5.75138235092, -5.42182826996, -5.11351776123, -5.47350549698, -8.59922218323],
        "mean": [-16.465669632, -15.837015152, -15.980931282, -15.9241313934, -16.0071353912, -17.6841182709],
        "min": [-28.0732421875, -28.1464004517, -28.1498126984, -27.6825714111, -27.5947284698, -27.468963623],
        "stdev": [9.06650066376, 9.61476993561, 9.60340309143, 9.64587116241, 9.55986881256, 8.11751461029]
    }
},
"rhythm": {
    "beats_count": 48,
    "beats_loudness": {
        "max": 0.0374701879919,
        "mean": 0.00628241756931,
        "min": 0,
        "stdev": 0.0105508547276
    },
    "bpm": 102.265930176,
    "bpm_histogram_first_peak_bpm": 103,
    "bpm_histogram_first_peak_weight": 0.639999985695,
    "bpm_histogram_second_peak_bpm": 98,
    "bpm_histogram_second_peak_spread": 0.363636374474,
    "bpm_histogram_second_peak_weight": 0.148936167359,
    "danceability": 0.685804843903,
    "onset_rate": 1.34420955181,
    "beats_loudness_band_ratio": {
        "max": [0.699780166149, 0.79111546278, 0.456822067499, 0.746864497662, 0.597050905228, 0.712408900261],
        "mean": [0.0809594169259, 0.0582184828818, 0.0779181942344, 0.136457577348, 0.184855595231, 0.0828964710236],
        "min": [0, 0, 0, 0, 0, 0],
        "stdev": [0.167972907424, 0.136745795608, 0.097157612443, 0.159248739481, 0.212098836899, 0.118838533759]
    },
    "beats_position": [0.615328788757, 1.24226760864, 1.86920630932, 2.49614500999, 3.14630389214, 3.79646253586, 4.446621418, 5.06195020676, 5.67727899551, 6.28099775314, 6.88471651077, 7.47682523727, 8.06893444061, 8.66104316711, 9.24154186249, 9.82204055786, 10.3909292221, 10.95981884, 11.5287075043, 12.1324262619, 12.7361450195, 13.3746938705, 13.9900226593, 14.5937414169, 15.1974601746, 15.8127889633, 16.4165077209, 16.99700737, 17.5775051117, 18.181224823, 18.7965526581, 19.365442276, 19.9111099243, 20.45677948, 20.9908390045, 21.5132884979, 22.0473461151, 22.5697956085, 23.0922451019, 23.614692688, 24.2300224304, 24.8453502655, 25.4258499146, 26.0063495636, 26.5868473053, 27.1673469543, 27.7362346649, 28.316734314],
