{
"metadata": {
    "version": {
        "essentia": "2.1-beta5",
        "essentia_git_sha": "Undefined",
        "extractor": "music 2.0"
    },
    "audio_properties": {
        "analysis": {
            "equal_loudness": 0,
            "length": 23.010974884,
            "sample_rate": 44100,
            "start_time": 191.4949646,
            "downmix": "mix"
        },
        "bit_rate": 192000,
        "length": 214.529159546,
        "lossless": 0,
        "number_channels": 2,
        "replay_gain": 5.92868995667,
        "sample_rate": 44100,
        "codec": "mp3",
        "md5_encoded": "1632a5548b94ebf2c588bf04879a8ebd"
    },
    "tags": {
        "file_name": "Belgium_Laat Me Nu Gaan_Linda Lepomme.mp3",
        "encoding": ["Lavf58.29.100"]
    }
},
"lowlevel": {
    "average_loudness": 0.267097651958,
    "barkbands_crest": {
        "max": 11.1460456848,
        "mean": 5.74762773514,
        "min": 2.81427574158,
        "stdev": 1.29184436798
    },
    "barkbands_flatness_db": {
        "max": 0.154729411006,
        "mean": 0.0946962162852,
        "min": 0.0354910157621,
        "stdev": 0.0200845450163
    },
    "barkbands_kurtosis": {
        "max": 5.52858829498,
        "mean": 1.77373802662,
        "min": -0.690309286118,
        "stdev": 1.43523609638
    },
    "barkbands_skewness": {
        "max": 0.505654633045,
        "mean": -0.901393294334,
        "min": -2.27122592926,
        "stdev": 0.852934539318
    },
    "barkbands_spread": {
        "max": 51.7650718689,
        "mean": 18.8530025482,
        "min": 7.36543226242,
        "stdev": 7.26302814484
    },
    "dissonance": {
        "max": 0.499975711107,
        "mean": 0.493962466717,
        "min": 0.43121239543,
        "stdev": 0.0054555865936
    },
    "dynamic_complexity": 3.74305462837,
    "erbbands_crest": {
        "max": 15.0643787384,
        "mean": 5.32815885544,
        "min": 2.68786072731,
        "stdev": 2.12354516983
    },
    "erbbands_flatness_db": {
        "max": 0.260594010353,
        "mean": 0.164440125227,
        "min": 0.0820307359099,
        "stdev": 0.0587980896235
    },
    "erbbands_kurtosis": {
        "max": 3.49944972992,
        "mean": 0.43546000123,
        "min": -0.789049863815,
        "stdev": 0.581889510155
    },
    "erbbands_skewness": {
        "max": 0.842574954033,
        "mean": -0.200152501464,
        "min": -0.932769179344,
        "stdev": 0.43390840292
    },
    "erbbands_spread": {
        "max": 46.3672943115,
        "mean": 24.544801712,
        "min": 7.99197816849,
        "stdev": 10.740521431
    },
    "hfc": {
        "max": 124.733001709,
        "mean": 20.6787281036,
        "min": 1.03886466781e-16,
        "stdev": 25.0431556702
    },
    "loudness_ebu128": {
        "integrated": -29.1794471741,
        "loudness_range": 10.9745502472,
        "momentary": {
            "max": -26.0484466553,
            "mean": -147.265304565,
            "min": -300.691009521,
            "stdev": 132.852890015
        },
        "short_term": {
            "max": -27.4034252167,
            "mean": -128.728179932,
            "min": -300.691009521,
            "stdev": 127.751869202
        }
    },
    "melbands_crest": {
        "max": 10.3758306503,
        "mean": 3.87803792953,
        "min": 1.55541789532,
        "stdev": 1.60299813747
    },
    "melbands_flatness_db": {
        "max": 0.115407690406,
        "mean": 0.048632081598,
        "min": 0.00250980909914,
        "stdev": 0.0380556434393
    },
    "melbands_kurtosis": {
        "max": 2.29812479019,
        "mean": -0.173332035542,
        "min": -1.39771950245,
        "stdev": 0.976360857487
    },
    "melbands_skewness": {
        "max": 0.96810811758,
        "mean": 0.0589798130095,
        "min": -0.72087430954,
        "stdev": 0.21428526938
    },
    "melbands_spread": {
        "max": 160.302642822,
        "mean": 75.1314163208,
        "min": 19.7136650085,
        "stdev": 50.5513191223
    },
    "pitch_salience": {
        "max": 0.899464249611,
        "mean": 0.793401837349,
        "min": 0.548628985882,
        "stdev": 0.0315468497574
    },
    "silence_rate_20dB": {
        "max": 1,
        "mean": 1,
        "min": 1,
        "stdev": 0
    },
    "silence_rate_30dB": {
        "max": 1,
        "mean": 1,
        "min": 1,
        "stdev": 0
    },
    "silence_rate_60dB": {
        "max": 1,
        "mean": 0.49798387289,
        "min": 0,
        "stdev": 0.499992758036
    },
    "spectral_centroid": {
        "max": 11991.8857422,
        "mean": 6212.25830078,
        "min": 2016.74353027,
        "stdev": 4239.72558594
    },
    "spectral_complexity": {
        "max": 58,
        "mean": 20.4284267426,
        "min": 0,
        "stdev": 20.599199295
    },
    "spectral_decrease": {
        "max": 2.16602455646e-28,
        "mean": -2.14707096546e-09,
        "min": -1.33563426985e-08,
        "stdev": 2.54744780825e-09
    },
    "spectral_energy": {
        "max": 0.0605145543814,
        "mean": 0.0099791707471,
        "min": 9.75697821921e-21,
        "stdev": 0.0118620404974
    },
    "spectral_energyband_high": {
        "max": 0.00371562596411,
        "mean": 0.000677864183672,
        "min": 6.82946082339e-21,
        "stdev": 0.000814869126771
    },
    "spectral_energyband_low": {
        "max": 0.000339588994393,
        "mean": 4.03766534873e-05,
        "min": 7.7482438759e-24,
        "stdev": 5.12371989316e-05
    },
    "spectral_energyband_middle_high": {
        "max": 0.0528091453016,
        "mean": 0.00847956072539,
        "min": 1.09380721766e-21,
        "stdev": 0.0102188093588
    },
    "spectral_energyband_middle_low": {
        "max": 0.00662268465385,
        "mean": 0.000863521418069,
        "min": 1.61838563373e-22,
        "stdev": 0.00108468381222
    },
    "spectral_entropy": {
        "max": 9.82411575317,
        "mean": 8.77556610107,
        "min": 7.71716785431,
        "stdev": 0.905432522297
    },
    "spectral_flux": {
        "max": 0.168206721544,
        "mean": 0.0483043156564,
        "min": 6.32357013974e-11,
        "stdev": 0.0490166172385
    },
    "spectral_kurtosis": {
        "max": 10.1464090347,
        "mean": 2.29604268074,
        "min": -1.27643442154,
        "stdev": 3.20791530609
    },
    "spectral_rms": {
        "max": 0.00768365710974,
        "mean": 0.00219011167064,
        "min": 3.08528810139e-12,
        "stdev": 0.00222243415192
    },
    "spectral_rolloff": {
        "max": 19982.8125,
        "mean": 9882.33496094,
        "min": 2217.91992188,
        "stdev": 7862.80322266
    },
    "spectral_skewness": {
        "max": 2.15040111542,
        "mean": 0.882667720318,
        "min": -0.0880221053958,
        "stdev": 0.78751462698
    },
    "spectral_spread": {
        "max": 42789296,
        "mean": 19531088,
        "min": 2334446.5,
        "stdev": 18503300
    },
    "spectral_strongpeak": {
        "max": 16.4923725128,
        "mean": 0.926494896412,
        "min": 0,
        "stdev": 1.71478819847
    },
    "zerocrossingrate": {
        "max": 0.5302734375,
        "mean": 0.280577123165,
        "min": 0.013671875,
        "stdev": 0.194789409637
    },
    "barkbands": {
        "max": [0.000213110746699, 0.000172952393768, 8.4411163698e-05, 0.000133212161018, 0.000360892881872, 0.000737393158488, 0.000873316195793, 0.00167015683837, 0.00451988074929, 0.00466124434024, 0.00556591898203, 0.00610695593059, 0.00670813350007, 0.0130362268537, 0.0123655693606, 0.0133170112967, 0.0102130509913, 0.00715257273987, 0.0155131081119, 0.00247791712172, 0.00143646635115, 0.00105013651773, 0.000939612800721, 0.000397646916099, 0.000350004062057, 0.000322858861182, 4.26194048941e-07],
        "mean": [1.00396746348e-05, 2.15380769077e-05, 7.67999972595e-06, 1.06215748019e-05, 3.44973741448e-05, 6.84983606334e-05, 9.62265403359e-05, 0.000148647013702, 0.000363100931281, 0.000497326429468, 0.00053550809389, 0.000684293685481, 0.000852673081681, 0.00108735705726, 0.00131034606602, 0.00137598614674, 0.000952728674747, 0.000544504728168, 0.000565969443414, 0.000281877262751, 0.00023304730712, 0.000134775458719, 8.26812683954e-05, 4.26365004387e-05, 2.75318543572e-05, 9.07540925255e-06, 1.28102972674e-09],
        "min": [3.08562745862e-25, 1.32571033351e-24, 4.19497789773e-25, 2.4379152165e-25, 4.35883239357e-24, 5.45896952895e-24, 4.40637704033e-24, 5.44056540403e-24, 8.33451110116e-24, 1.51601884593e-23, 1.09412388536e-23, 1.99242125515e-23, 1.94819171746e-23, 2.41314775495e-23, 3.41191366077e-23, 3.82203645005e-23, 4.76093112638e-23, 7.72932856912e-23, 7.96850109816e-23, 1.48179417867e-22, 2.22792166824e-22, 2.68543928381e-22, 3.677914655e-22, 4.44045941286e-22, 7.96638796067e-22, 1.12731328313e-21, 1.83140756261e-21],
        "stdev": [1.90104328794e-05, 2.94657911581e-05, 1.20199565572e-05, 1.77647834789e-05, 4.94543128298e-05, 0.000101933364931, 0.000139148978633, 0.000233078040765, 0.000536196865141, 0.000691519409884, 0.000769085658249, 0.000914938515052, 0.00113819725811, 0.00152788113337, 0.00179006450344, 0.00190075847786, 0.00130875746254, 0.00078841013601, 0.00157084572129, 0.000359669764293, 0.000290026859147, 0.000168400612893, 0.000127745748614, 5.34009268449e-05, 3.91783105442e-05, 2.11999431485e-05, 1.35396778234e-08]
    },
    "erbbands": {
        "max": [0.00738644786179, 0.038430057466, 0.100291155279, 0.292025029659, 0.55769276619, 1.47370839119, 2.90093040466, 7.22341012955, 11.9291057587, 19.7979621887, 44.4972419739, 113.569564819, 138.478775024, 181.504547119, 246.078765869, 228.313812256, 297.839324951, 518.061828613, 572.10369873, 625.721191406, 726.086975098, 610.02130127, 430.52633667, 358.87600708, 924.527770996, 117.907615662, 81.142829895, 54.4347496033, 38.3372268677, 26.0023880005, 34.3151168823, 8.29009056091, 8.32103252411, 4.26455259323, 3.5400121212, 2.6723845005, 0.54687088728, 0.0108850579709, 0.000370502850274, 8.86972120497e-05],
        "mean": [0.000626143184491, 0.00481252698228, 0.00960157439113, 0.0244177430868, 0.0524805448949, 0.128987878561, 0.293331861496, 0.658650279045, 1.18393957615, 1.97702419758, 4.12449645996, 8.01204681396, 13.5300626755, 18.2114028931, 24.0278739929, 28.842042923, 38.2630767822, 52.5346565247, 63.2733154297, 73.652015686, 73.3943023682, 53.3163833618, 32.8860054016, 23.6436500549, 28.5680179596, 13.8937492371, 11.0637397766, 7.87479925156, 5.16682052612, 3.23894166946, 2.31099367142, 1.11287271976, 0.607148349285, 0.344845175743, 0.176115110517, 0.0691156387329, 0.0102848634124, 0.000241802379605, 1.83299362106e-05, 1.53980035975e-05],
        "min": [2.3765908362e-23, 2.26521371069e-22, 6.41255412062e-22, 1.32368365833e-21, 9.55970776002e-21, 1.47351110887e-20, 4.27799298184e-20, 6.95773924961e-20, 7.65281524093e-20, 1.25617806247e-19, 2.08271864402e-19, 2.45152500419e-19, 4.66166009408e-19, 5.06429439314e-19, 7.46574136606e-19, 9.84149300723e-19, 1.22138625137e-18, 1.30552013564e-18, 1.96202898599e-18, 2.27969570613e-18, 3.11862083581e-18, 3.55592620345e-18, 4.32353492265e-18, 4.84332487982e-18, 5.38841870552e-18, 6.96539759791e-18, 7.31636950464e-18, 8.53695721652e-18, 1.04411840621e-17, 9.62235466499e-18, 1.07675001963e-17, 1.03299878267e-17, 7.84994732185e-18, 5.76430198358e-18, 5.98590573763e-18, 3.96451372139e-18, 2.03274134784e-18, 8.92674912299e-19, 2.44606431968e-19, 2.73091223542e-20],
        "stdev": [0.000944678147789, 0.00655547250062, 0.0139418970793, 0.0388262011111, 0.0800443813205, 0.198555380106, 0.432118415833, 1.02751255035, 1.73923146725, 2.8093817234, 6.27066659927, 11.781665802, 19.1196727753, 24.9986114502, 33.1808509827, 37.7129440308, 49.5092201233, 71.306854248, 84.8931045532, 98.3983840942, 103.436477661, 73.1641159058, 46.3968849182, 37.6577033997, 87.9896087646, 18.1637783051, 13.9146537781, 9.84333610535, 6.48880672455, 4.21581172943, 4.01986694336, 1.40616977215, 0.784779727459, 0.474376916885, 0.279380142689, 0.147628188133, 0.0288494918495, 0.000649038120173, 2.84815414489e-05, 1.83227839443e-05]
    },
    "gfcc": {
        "mean": [-560.07019043, 14.9403114319, -115.048713684, 10.3020324707, -36.5077857971, 14.4555463791, -23.2909069061, 8.61514186859, -11.8848323822, 5.00362300873, -9.81704998016, 1.52570927143, -2.2168507576],
        "cov": [[392142.40625, 8592.04882812, -63421.8085938, 5735.72265625, -20119.0234375, 7970.27734375, -12851.5029297, 4763.81005859, -6552.58544922, 2761.6706543, -5388.74072266, 837.639831543, -1200.08752441], [8592.04882812, 282.002563477, -1394.31335449, 131.427230835, -438.177825928, 170.931045532, -285.142364502, 92.4119949341, -138.882049561, 49.087978363, -118.050880432, 9.74308776855, -17.6538772583], [-63421.8085938, -1394.31335449, 10356.9208984, -924.258666992, 3272.86083984, -1294.55944824, 2086.39257812, -771.057983398, 1058.97302246, -441.341278076, 875.145568848, -133.53755188, 190.677154541], [5735.72265625, 131.427230835, -924.258666992, 114.787590027, -289.586486816, 118.503715515, -183.847732544, 68.623046875, -97.7017669678, 37.0795440674, -74.2590560913, 9.1444683075, -17.8815250397], [-20119.0234375, -438.177825928, 3272.86083984, -289.586486816, 1058.7109375, -407.523651123, 663.881835938, -242.813796997, 339.02645874, -143.028610229, 277.008636475, -41.7969284058, 61.3603897095], [7970.27734375, 170.931045532, -1294.55944824, 118.503715515, -407.523651123, 180.97026062, -255.846878052, 100.25340271, -132.621688843, 56.2392616272, -111.56816864, 15.754322052, -23.9432430267], [-12851.5029297, -285.142364502, 2086.39257812, -183.847732544, 663.881835938, -255.846878052, 442.357177734, -148.123092651, 218.468658447, -90.5199737549, 179.718215942, -28.5740814209, 37.9508361816], [4763.81005859, 92.4119949341, -771.057983398, 68.623046875, -242.813796997, 100.25340271, -148.123092651, 76.3576889038, -72.5323104858, 36.6502571106, -64.4004745483, 10.8252296448, -17.5548057556], [-6552.58544922, -138.882049561, 1058.97302246, -97.7017669678, 339.02645874, -132.621688843, 218.468658447, -72.5323104858, 128.280685425, -40.366394043, 93.5487518311, -13.9190645218, 21.7146968842], [2761.6706543, 49.087978363, -441.341278076, 37.0795440674, -143.028610229, 56.2392616272, -90.5199737549, 36.6502571106, -40.366394043, 37.2742614746, -32.8018684387, 10.0325431824, -9.17379665375], [-5388.74072266, -118.050880432, 875.145568848, -74.2590560913, 277.008636475, -111.56816864, 179.718215942, -64.4004745483, 93.5487518311, -32.8018684387, 93.2243041992, -6.28413105011, 18.7932567596], [837.639831543, 9.74308776855, -133.53755188, 9.1444683075, -41.7969284058, 15.754322052, -28.5740814209, 10.8252296448, -13.9190645218, 10.0325431824, -6.28413105011, 15.9874944687, 2.19879412651], [-1200.08752441, -17.6538772583, 190.677154541, -17.8815250397, 61.3603897095, -23.9432430267, 37.9508361816, -17.5548057556, 21.7146968842, -9.17379665375, 18.7932567596, 2.19879412651, 18.8337650299]],
        "icov": [[0.000452830834547, -0.000798478373326, 0.00138628983404, -0.00111965392716, 0.000912529707421, -0.000869720301125, 0.00147318851668, -0.00202033179812, 0.00167734292336, -0.00160180195235, 0.000814241881017, -0.00108308554627, 0.000677225820255], [-0.000798478373326, 0.0153611898422, 0.000210052035982, -0.000804836628959, -0.00140899058897, 0.00205322145484, 0.00077596178744, 0.00978665612638, -0.00910790637136, 0.00885890703648, -0.00280577479862, 0.0102774258703, -0.00819564331323], [0.00138628983404, 0.000210052035982, 0.0130623066798, 0.00014067752636, -0.00957234576344, 0.00553344422951, -0.0057459413074, 0.00277329795063, 0.00363741884939, -0.00609297771007, -0.00018768303562, 0.000307833863189, 0.00179348897655], [-0.00111965392716, -0.000804836628959, 0.00014067752636, 0.038662713021, -0.00668069813401, -0.00358513649553, -0.00450988207012, 0.00185673532542, 0.00647166231647, 0.00515310745686, -0.0144794117659, 0.0117642777041, -0.000665645173285], [0.000912529707421, -0.00140899058897, -0.00957234576344, -0.00668069813401, 0.0489418581128, -0.00510556111112, -0.00357053638436, 0.000125622740597, -0.0113245453686, 0.00962899439037, 0.00418731989339, -0.0113278459758, 0.0036551700905], [-0.000869720301125, 0.00205322145484, 0.00553344422951, -0.00358513649553, -0.00510556111112, 0.0626268833876, -0.0161730237305, -0.00567239848897, 0.0046202968806, -0.00690847774968, 0.0100003536791, 0.00594917777926, -0.00873197708279], [0.00147318851668, 0.00077596178744, -0.0057459413074, -0.00450988207012, -0.00357053638436, -0.0161730237305, 0.0678674504161, -0.0254175439477, -0.00414675893262, 0.00894376728684, -0.0128602562472, 0.0077357199043, 0.000182066767593], [-0.00202033179812, 0.00978665612638, 0.00277329795063, 0.00185673532542, 0.000125622740597, -0.00567239848897, -0.0254175439477, 0.0872744247317, -0.0325533300638, 0.00267619313672, 0.00312161212787, -0.00756339402869, 0.0156726259738], [0.00167734292336, -0.00910790637136, 0.00363741884939, 0.00647166231647, -0.0113245453686, 0.0046202968806, -0.00414675893262, -0.0325533300638, 0.0826620683074, -0.0291515365243, -0.0082439230755, 0.0138282636181, -0.014450609684], [-0.00160180195235, 0.00885890703648, -0.00609297771007, 0.00515310745686, 0.00962899439037, -0.00690847774968, 0.00894376728684, 0.00267619313672, -0.0291515365243, 0.0829275920987, -0.0168302617967, -0.0145190916955, 0.00962805747986], [0.000814241881017, -0.00280577479862, -0.00018768303562, -0.0144794117659, 0.00418731989339, 0.0100003536791, -0.0128602562472, 0.00312161212787, -0.0082439230755, -0.0168302617967, 0.0719481408596, -0.0262872315943, -0.00211636163294], [-0.00108308554627, 0.0102774258703, 0.000307833863189, 0.0117642777041, -0.0113278459758, 0.00594917777926, 0.0077357199043, -0.00756339402869, 0.0138282636181, -0.0145190916955, -0.0262872315943, 0.108518846333, -0.0389503464103], [0.000677225820255, -0.00819564331323, 0.00179348897655, -0.000665645173285, 0.0036551700905, -0.00873197708279, 0.000182066767593, 0.0156726259738, -0.014450609684, 0.00962805747986, -0.00211636163294, -0.0389503464103, 0.0890190899372]]
    },
    "melbands": {
        "max": [6.92084649927e-05, 5.04117451783e-05, 4.54619839729e-05, 6.43087405479e-05, 8.30230274005e-05, 0.000158260954777, 0.000168312850292, 0.000220512534725, 0.000385179009754, 0.000804800249171, 0.00070635107113, 0.000724833982531, 0.000860429601744, 0.000700077682268, 0.00069473462645, 0.000689277367201, 0.00117534666788, 0.000897299789358, 0.000885635381564, 0.00105096562766, 0.000857577251736, 0.000653621682432, 0.000444884703029, 0.000412180379499, 0.00028293725336, 0.00105558801442, 0.000172903615749, 8.26024552225e-05, 5.22823465872e-05, 4.5542132284e-05, 3.23229942296e-05, 2.33809678321e-05, 2.66316965281e-05, 1.42305689224e-05, 3.01083509839e-05, 7.7900949691e-06, 5.54929511054e-06, 5.81290805712e-06, 4.20635569753e-06, 4.18452873419e-06],
        "mean": [6.55729627397e-06, 5.68013865632e-06, 4.911025826e-06, 6.16593888481e-06, 9.61363912211e-06, 1.47087494042e-05, 1.86823181139e-05, 2.33724967984e-05, 3.63912331522e-05, 5.29616190761e-05, 6.81606106809e-05, 7.20327807358e-05, 7.75176376919e-05, 7.39561583032e-05, 8.19582055556e-05, 8.6071791884e-05, 9.91000779322e-05, 9.92028217297e-05, 0.000100730532722, 9.64966093306e-05, 8.33548183437e-05, 5.84878471273e-05, 3.68175569747e-05, 2.37886397372e-05, 1.69597697095e-05, 2.67788673227e-05, 1.14483491416e-05, 8.61783701112e-06, 7.23821358406e-06, 5.58469992029e-06, 4.21594131694e-06, 3.07627487928e-06, 2.18010927711e-06, 1.63414995313e-06, 1.52291670474e-06, 8.34821150875e-07, 6.02494139912e-07, 4.39081901504e-07, 3.40675654797e-07, 2.74362861319e-07],
        "min": [3.06595030942e-25, 6.35250261275e-25, 2.90847518381e-25, 1.00477440296e-24, 1.42620509916e-24, 1.61880568639e-24, 1.05591950949e-24, 1.26953475959e-24, 1.66953062588e-24, 1.15420073144e-24, 2.21556890321e-24, 1.91972575058e-24, 1.90738086628e-24, 1.6210504887e-24, 2.5542278759e-24, 1.90353536658e-24, 1.85158986205e-24, 2.82241415683e-24, 2.5509276763e-24, 2.54142919936e-24, 3.32588096376e-24, 3.07138260282e-24, 2.42778925001e-24, 3.20466163884e-24, 3.00062631558e-24, 3.25807817174e-24, 3.97912524089e-24, 3.83766552008e-24, 2.89067823526e-24, 4.17836902301e-24, 4.5317495207e-24, 4.62243105391e-24, 4.63371925903e-24, 4.36584181714e-24, 4.91797148116e-24, 5.81041100653e-24, 5.27489633089e-24, 4.93925889269e-24, 4.33864386528e-24, 3.96155967512e-24],
        "stdev": [8.99332189874e-06, 7.64299602452e-06, 7.27069709683e-06, 9.01499515749e-06, 1.38194636747e-05, 2.24345749302e-05, 2.70279870165e-05, 3.3650889236e-05, 5.50368749828e-05, 7.87625176599e-05, 9.70691617113e-05, 0.000100187287899, 0.000110453715024, 9.95598384179e-05, 0.000110134700662, 0.000114796974231, 0.000140367570566, 0.000136766786454, 0.000138661169331, 0.000132226254209, 0.000121229291835, 8.26973700896e-05, 5.08006814925e-05, 3.63368344551e-05, 2.62860739895e-05, 9.81969424174e-05, 1.81564319064e-05, 1.14399435915e-05, 9.38743778534e-06, 7.25106701793e-06, 5.37522373634e-06, 3.92911078961e-06, 2.88649380309e-06, 2.18343575398e-06, 3.12894871968e-06, 1.0924476328e-06, 7.71084216922e-07, 5.70487770801e-07, 4.7032386874e-07, 3.91465221128e-07]
    },
    "melbands128": {
        "max": [0.000123737409012, 7.86708988016e-05, 7.23468110664e-05, 7.0957969001e-05, 5.7394587202e-05, 4.11942746723e-05, 6.7250293796e-05, 5.77422470087e-05, 6.82086028974e-05, 8.65838155732e-05, 9.07765206648e-05, 0.000115958697279, 0.000128175699501, 0.000130641070427, 0.000190012826351, 0.000323924643453, 0.000237369269598, 0.000240894951276, 0.000336800498189, 0.000265362818027, 0.000335310585797, 0.000503707909957, 0.000594629149418, 0.000772253610194, 0.000897065445315, 0.0015523948241, 0.00118661252782, 0.000739235547371, 0.000864857342094, 0.000960659235716, 0.000883749686182, 0.000875896308571, 0.00140485854354, 0.00119898549747, 0.00120887160301, 0.000635330972727, 0.000897771154996, 0.00112472346518, 0.000922691251617, 0.000830084260087, 0.000916620192584, 0.00118911685422, 0.00141357886605, 0.00257709436119, 0.0017710889224, 0.00119875266682, 0.00102973589674, 0.00102806824725, 0.00110151828267, 0.00099839491304, 0.00135609973222, 0.00136859901249, 0.00115398224443, 0.00112411170267, 0.00115124427248, 0.000764981145039, 0.000655585608911, 0.000613770214841, 0.00047012642608, 0.000710912921932, 0.000605712528341, 0.00037771492498, 0.000475745066069, 0.000293598830467, 0.000557409890462, 0.00196125614457, 0.00137164804619, 0.000361730053555, 0.000116586306831, 0.00011935094517, 0.000142630451592, 0.00010952228331, 9.42712867982e-05, 8.61301377881e-05, 6.02061409154e-05, 8.04246010375e-05, 5.02560396853e-05, 5.50554686924e-05, 3.79885495931e-05, 3.89979504689e-05, 2.43332106038e-05, 4.32516608271e-05, 2.93227676593e-05, 4.08543601225e-05, 2.57606352534e-05, 1.81634386536e-05, 1.34118654387e-05, 3.98255251639e-05, 6.77525458741e-05, 1.8777569494e-05, 8.49192292662e-06, 7.53153199184e-06, 7.99703593657e-06, 7.98600012786e-06, 5.51807534066e-06, 3.69611780116e-06, 6.5183589868e-06, 1.0410503819e-05, 5.02713555761e-06, 5.44734029972e-06, 4.70097211291e-06, 5.87155409448e-06, 3.61869251719e-06, 5.45855118617e-06, 4.25131975135e-06, 4.77376624985e-06, 4.00156113756e-06, 6.13265137872e-06, 6.76421132084e-06, 3.81112090508e-06, 6.00410567131e-06, 4.07945435654e-06, 1.10669327569e-06, 1.85471265013e-07, 1.98146099528e-09, 1.97807636937e-09, 1.99012695212e-09, 1.97872651597e-09, 1.91639260017e-09, 1.86163939819e-09, 1.82270443183e-09, 1.81233483776e-09, 1.78587711286e-09, 1.75505820987e-09, 1.75845993322e-09, 1.73070857645e-09, 1.70325409332e-09, 1.67023683773e-09],
        "mean": [5.80590085519e-06, 5.03692308484e-06, 7.46671366869e-06, 8.35503396956e-06, 5.43153373656e-06, 3.71193573301e-06, 4.87240731673e-06, 5.28656755705e-06, 5.02270131619e-06, 5.4227198234e-06, 7.31842237656e-06, 8.74470788403e-06, 9.66439802141e-06, 1.13000724014e-05, 1.43579663927e-05, 1.67984471773e-05, 1.75682616828e-05, 1.9093256924e-05, 1.97970184672e-05, 2.08652309084e-05, 2.51586097875e-05, 3.11434414471e-05, 3.66853928426e-05, 4.21057229687e-05, 5.03945411765e-05, 5.58487263334e-05, 6.37540506432e-05, 7.05151614966e-05, 7.01094468241e-05, 7.28434170014e-05, 7.12919427315e-05, 7.37164373277e-05, 7.97360480647e-05, 7.82398929005e-05, 7.68665995565e-05, 6.84529004502e-05, 7.55119763198e-05, 8.70473668328e-05, 8.16522951936e-05, 8.17154141259e-05, 8.80693842191e-05, 9.05119886738e-05, 9.86381346593e-05, 0.000105055820313, 9.90498811007e-05, 9.74398426479e-05, 0.000100635726994, 9.93308131001e-05, 0.000101727382571, 0.000101765486761, 9.39177771215e-05, 9.42716942518e-05, 8.93054166227e-05, 7.86118980614e-05, 6.99985903339e-05, 5.76595302846e-05, 4.94630112371e-05, 3.80630408472e-05, 3.43628817063e-05, 2.92929871648e-05, 2.3257207431e-05, 1.99974056159e-05, 1.77903148142e-05, 1.60502659128e-05, 1.46783495438e-05, 3.78229015041e-05, 2.56744115177e-05, 1.13332116598e-05, 9.68507538346e-06, 9.26954908209e-06, 8.66763366503e-06, 8.41621931613e-06, 7.64722881286e-06, 7.17273178452e-06, 6.54137693346e-06, 5.86308124184e-06, 5.10829568157e-06, 4.64530830868e-06, 4.1952284846e-06, 3.73479292648e-06, 3.15095394399e-06, 2.91185233436e-06, 2.52374456977e-06, 2.12714712688e-06, 1.89995625988e-06, 1.65993549217e-06, 1.49566392338e-06, 1.60501667779e-06, 1.95086659005e-06, 1.04879427454e-06, 8.68986944624e-07, 8.06058892522e-07, 7.18455339666e-07, 6.02110446835e-07, 5.36814411589e-07, 4.73968412962e-07, 4.20286426106e-07, 3.86511999295e-07, 3.47488281704e-07, 3.15846989452e-07, 2.90372156542e-07, 2.68846946483e-07, 2.56669324017e-07, 2.17633157718e-07, 1.99316104954e-07, 1.76424975962e-07, 1.61836965162e-07, 1.45452460742e-07, 1.14373158056e-07, 9.70532525457e-08, 8.75715073789e-08, 5.45164269283e-08, 1.32920217055e-08, 1.0839886766e-09, 8.35714570463e-12, 6.01133682762e-12, 5.91370095254e-12, 5.72649393182e-12, 5.70242377623e-12, 5.60460271942e-12, 5.54489570578e-12, 5.49627791196e-12, 5.41288064718e-12, 5.28418628298e-12, 5.27985597951e-12, 5.32104525372e-12, 5.33584114393e-12, 5.2570534731e-12],
        "min": [3.82381334137e-27, 1.54578539299e-25, 1.38954175321e-25, 4.94348899906e-26, 1.74637210604e-26, 2.2287139883e-25, 1.07793960024e-25, 1.03049725888e-25, 2.56064816829e-25, 3.09825268437e-25, 9.80945330895e-26, 1.04545085689e-25, 2.79437261684e-25, 1.30115235397e-25, 2.76226449888e-25, 1.08702518245e-25, 3.29872911096e-25, 2.18065387024e-25, 3.63447891254e-25, 6.09968107427e-25, 2.55050464964e-25, 4.00986922113e-25, 5.40096971418e-25, 5.63301807984e-25, 5.71559949066e-25, 4.47195978054e-25, 4.01164440468e-25, 4.81805376726e-25, 6.23812813529e-25, 6.26920038027e-25, 5.9396315504e-25, 3.93404908782e-25, 7.33377260921e-25, 7.36546263089e-25, 3.91175711123e-25, 4.324776085e-25, 6.3297863769e-25, 9.72492932814e-25, 1.05451928139e-24, 4.90189439731e-25, 4.6465273033e-25, 3.48355453719e-25, 7.00169618774e-25, 9.53157952028e-25, 6.82474482593e-25, 6.57874792036e-25, 6.91963345296e-25, 1.41814432122e-24, 1.24042490471e-24, 1.11575766599e-24, 1.13581583501e-24, 1.32214271006e-24, 1.05433774477e-24, 1.18416226027e-24, 1.66416952717e-24, 1.0769903787e-24, 1.52891814168e-24, 8.06214464629e-25, 1.16906464584e-24, 1.46233344951e-24, 1.17397589662e-24, 1.48078628659e-24, 1.28335609568e-24, 1.32509807884e-24, 1.66976077605e-24, 9.08240113477e-25, 1.42848944313e-24, 1.43406195656e-24, 2.29726254969e-24, 1.98058853879e-24, 2.10165936065e-24, 2.11784165883e-24, 2.09217587206e-24, 2.04758531218e-24, 2.13607460093e-24, 2.61960847051e-24, 2.016487232e-24, 2.68971730017e-24, 2.36307839831e-24, 2.25925838672e-24, 2.51058335745e-24, 3.02350801499e-24, 2.76989712257e-24, 2.83834678053e-24, 3.15832454091e-24, 2.36581436514e-24, 2.80062660749e-24, 2.90585059427e-24, 2.69078167074e-24, 2.94560740896e-24, 3.26362149732e-24, 3.46068822056e-24, 3.23418101113e-24, 2.59770949456e-24, 2.85775295602e-24, 3.38166605154e-24, 2.64554069504e-24, 2.74661586511e-24, 2.60662796153e-24, 3.79766632788e-24, 3.30564293445e-24, 3.57523279615e-24, 3.56228916642e-24, 3.8717833598e-24, 3.52467075643e-24, 3.84191511377e-24, 3.23510180902e-24, 4.10164441137e-24, 4.16528339832e-24, 4.62972722842e-24, 4.87161683108e-24, 4.90748830859e-24, 5.32590565475e-24, 4.89388992431e-24, 4.45468136013e-24, 4.34128733817e-24, 3.9278796532e-24, 4.36506597244e-24, 4.02458966144e-24, 5.03374786306e-24, 4.54676824904e-24, 4.42351464906e-24, 4.17200962083e-24, 4.50156139158e-24, 4.85070807279e-24, 5.0815591448e-24, 5.64776169294e-24, 6.04487151161e-24],
        "stdev": [1.01942805486e-05, 8.56531642057e-06, 1.06416800918e-05, 1.18593361549e-05, 8.22020319902e-06, 5.9624530877e-06, 8.4631747086e-06, 9.0006415121e-06, 8.75330624694e-06, 9.60558099905e-06, 1.24813850562e-05, 1.45417052408e-05, 1.63298082043e-05, 1.80435599759e-05, 2.48603155342e-05, 3.1893941923e-05, 3.04087971017e-05, 3.20340805047e-05, 3.39569523931e-05, 3.48476532963e-05, 4.30470245192e-05, 5.63285721e-05, 6.53571914881e-05, 7.3611154221e-05, 8.57819468365e-05, 0.000102454592707, 0.000112966859888, 0.000113865295134, 0.000111678207759, 0.000118047864817, 0.000113762100227, 0.000118550793559, 0.000136156420922, 0.000125572187244, 0.000127852326841, 0.000104221588117, 0.000120329299534, 0.000134334040922, 0.000128358558868, 0.000124824262457, 0.000137365044793, 0.000139764757478, 0.000158117589308, 0.000182823365321, 0.000165615347214, 0.000154449313413, 0.000155393965542, 0.000156752386829, 0.000157507514814, 0.000154860928888, 0.000144332210766, 0.000156491005328, 0.00015153887216, 0.000123265926959, 0.000112848887511, 9.32789771468e-05, 7.75508597144e-05, 5.80138002988e-05, 5.44115355297e-05, 5.11789949087e-05, 4.20519172621e-05, 3.36974226229e-05, 3.14637109113e-05, 2.72711822618e-05, 3.05802459479e-05, 0.000173413674929, 0.000102565114503, 2.09654845094e-05, 1.44242403621e-05, 1.34158626679e-05, 1.30051766973e-05, 1.28185147332e-05, 1.12649286166e-05, 1.03808506537e-05, 9.36830019782e-06, 8.64888625074e-06, 7.32781654733e-06, 6.82443351252e-06, 5.82347547606e-06, 5.2632558436e-06, 4.3248419388e-06, 4.34292860518e-06, 3.67739357898e-06, 3.15339025292e-06, 2.70103078037e-06, 2.36726168623e-06, 2.10673283618e-06, 3.01058639707e-06, 5.87055001233e-06, 1.56592204803e-06, 1.23178881495e-06, 1.1653941101e-06, 1.02960473214e-06, 8.29775501643e-07, 7.49757532503e-07, 6.41932388135e-07, 6.0841477989e-07, 6.05756099503e-07, 5.19055106452e-07, 4.85253053739e-07, 4.46496102313e-07, 4.17436638145e-07, 4.21649559712e-07, 4.0307946847e-07, 3.42817457977e-07, 3.26632772385e-07, 3.04149097019e-07, 3.25142281099e-07, 3.06367638814e-07, 2.42233994641e-07, 2.78881259419e-07, 1.82092492196e-07, 5.98566742838e-08, 8.70723848578e-09, 7.01229144195e-11, 6.2864380368e-11, 6.32313576499e-11, 6.28631036115e-11, 6.0891590381e-11, 5.9152356624e-11, 5.79138230428e-11, 5.75806659298e-11, 5.6738402171e-11, 5.57556847913e-11, 5.58635672443e-11, 5.49830909968e-11, 5.41138071852e-11, 5.30688444578e-11]
    },
    "mfcc": {
        "mean": [-903.453918457, 31.9154682159, -41.5303153992, -5.20327568054, -5.1930308342, 2.46747899055, -3.64308810234, 1.23363339901, 2.50122618675, 1.53191363811, -0.991080522537, 0.855151593685, 0.552721440792],
        "cov": [[106322.007812, 9076.85839844, -11897.6933594, -1473.3848877, -1510.33984375, 688.914245605, -1041.75244141, 354.343719482, 688.982727051, 455.33303833, -258.745330811, 236.364135742, 169.214538574], [9076.85839844, 846.039550781, -1050.44812012, -135.377761841, -130.235824585, 60.8760185242, -99.6598434448, 26.8087825775, 64.1878814697, 34.3124732971, -29.7194061279, 21.8620014191, 11.1528205872], [-11897.6933594, -1050.44812012, 1393.28735352, 172.670166016, 169.350601196, -79.1442489624, 121.100151062, -44.5079078674, -84.5525741577, -50.0769767761, 31.7757873535, -30.0611972809, -18.5862255096], [-1473.3848877, -135.377761841, 172.670166016, 46.6305847168, 24.5814628601, -9.36256122589, 17.5495147705, -4.82429981232, -14.9641122818, -6.13598012924, 4.57408714294, -6.69786930084, -1.29530537128], [-1510.33984375, -130.235824585, 169.350601196, 24.5814628601, 40.9727897644, -7.80761480331, 13.3795633316, -5.07340431213, -9.93268489838, -8.4237279892, 2.92879652977, -3.73334050179, -2.48833107948], [688.914245605, 60.8760185242, -79.1442489624, -9.36256122589, -7.80761480331, 20.947719574, -3.62916278839, 1.62098193169, 5.70909404755, 1.82922065258, -3.39518737793, 1.18910086155, 0.247777312994], [-1041.75244141, -99.6598434448, 121.100151062, 17.5495147705, 13.3795633316, -3.62916278839, 28.0677680969, 1.88367271423, -8.99961948395, -3.06062507629, 3.06321620941, -4.07927131653, -3.0456776619], [354.343719482, 26.8087825775, -44.5079078674, -4.82429981232, -5.07340431213, 1.62098193169, 1.88367271423, 19.1722736359, 6.04393291473, 4.26778507233, 0.794174551964, -0.486402362585, -0.000944233324844], [688.982727051, 64.1878814697, -84.5525741577, -14.9641122818, -9.93268489838, 5.70909404755, -8.99961948395, 6.04393291473, 22.711648941, 6.3732843399, -2.10606360435, 4.58082199097, -0.64547753334], [455.33303833, 34.3124732971, -50.0769767761, -6.13598012924, -8.4237279892, 1.82922065258, -3.06062507629, 4.26778507233, 6.3732843399, 19.6869602203, 3.67871999741, 0.270855277777, 3.26047897339], [-258.745330811, -29.7194061279, 31.7757873535, 4.57408714294, 2.92879652977, -3.39518737793, 3.06321620941, 0.794174551964, -2.10606360435, 3.67871999741, 14.9822044373, 3.30031824112, 1.23527860641], [236.364135742, 21.8620014191, -30.0611972809, -6.69786930084, -3.73334050179, 1.18910086155, -4.07927131653, -0.486402362585, 4.58082199097, 0.270855277777, 3.30031824112, 15.71824646, 4.91619491577], [169.214538574, 11.1528205872, -18.5862255096, -1.29530537128, -2.48833107948, 0.247777312994, -3.0456776619, -0.000944233324844, -0.64547753334, 3.26047897339, 1.23527860641, 4.91619491577, 15.7477531433]],
        "icov": [[0.00024169999233, -0.000493587751407, 0.00163186190184, -7.53499407438e-05, 0.000672208436299, -0.000300695304759, 1.61604439199e-05, 0.000170134517248, 0.000403582991567, -0.000352381117409, -0.000374738388928, 0.000365068699466, -0.000208763114642], [-0.000493587751407, 0.023048216477, 0.0115666454658, 0.00289007718675, 0.00216919626109, -0.00229672901332, 0.00980652309954, 0.00363813224249, 4.97075488965e-05, 0.00113996001892, 0.00823684222996, -0.00114479835611, 0.00462285848334], [0.00163186190184, 0.0115666454658, 0.0243222583085, -0.00187968311366, 0.000547642586753, 0.00192584702745, -0.0008539360133, 0.0087218452245, 0.00351164233871, -1.31326723931e-05, -0.00028586119879, 0.00360770942643, 0.00175949733239], [-7.53499407438e-05, 0.00289007718675, -0.00187968311366, 0.0447695478797, -0.00835699401796, -0.000316969119012, -0.00437856232747, -1.38265559144e-05, 0.00922691915184, -0.000226895732339, -0.00302612548694, 0.00869543105364, -0.00398755818605], [0.000672208436299, 0.00216919626109, 0.000547642586753, -0.00835699401796, 0.0549644529819, -0.00777973234653, 0.00856908597052, -0.00286223436706, -0.00128753960598, 0.0057244845666, 0.00158485921565, -1.21212278827e-05, 0.000305645895423], [-0.000300695304759, -0.00229672901332, 0.00192584702745, -0.000316969119012, -0.00777973234653, 0.0671997964382, -0.0181467402726, 0.008904193528, -0.00820422172546, 0.00341686257161, 0.00395740475506, 0.00156714150216, -0.000534570543095], [1.61604439199e-05, 0.00980652309954, -0.0008539360133, -0.00437856232747, 0.00856908597052, -0.0181467402726, 0.0764824748039, -0.0242452546954, 0.0139420200139, -0.00579576008022, 0.00600545853376, -0.00331354257651, 0.0102780992165], [0.000170134517248, 0.00363813224249, 0.0087218452245, -1.38265559144e-05, -0.00286223436706, 0.008904193528, -0.0242452546954, 0.0717510432005, -0.0179714150727, -0.0016707041068, -0.00906643271446, 0.0116465734318, -0.00270453956909], [0.000403582991567, 4.97075488965e-05, 0.00351164233871, 0.00922691915184, -0.00128753960598, -0.00820422172546, 0.0139420200139, -0.0179714150727, 0.0738896802068, -0.0198012664914, 0.0118098175153, -0.0207361895591, 0.0158282108605], [-0.000352381117409, 0.00113996001892, -1.31326723931e-05, -0.000226895732339, 0.0057244845666, 0.00341686257161, -0.00579576008022, -0.0016707041068, -0.0198012664914, 0.0722406357527, -0.0259820483625, 0.0183698348701, -0.01679061912], [-0.000374738388928, 0.00823684222996, -0.00028586119879, -0.00302612548694, 0.00158485921565, 0.00395740475506, 0.00600545853376, -0.00906643271446, 0.0118098175153, -0.0259820483625, 0.0922386273742, -0.030927753076, 0.00723931239918], [0.000365068699466, -0.00114479835611, 0.00360770942643, 0.00869543105364, -1.21212278827e-05, 0.00156714150216, -0.00331354257651, 0.0116465734318, -0.0207361895591, 0.0183698348701, -0.030927753076, 0.0911505520344, -0.0294885486364], [-0.000208763114642, 0.00462285848334, 0.00175949733239, -0.00398755818605, 0.000305645895423, -0.000534570543095, 0.0102780992165, -0.00270453956909, 0.0158282108605, -0.01679061912, 0.00723931239918, -0.0294885486364, 0.079026542604]]
    },
    "spectral_contrast_coeffs": {
        "max": [-0.650922656059, -0.728338122368, -0.72404563427, -0.706967949867, -0.702751457691, -0.659995079041],
        "mean": [-0.863069295883, -0.89390039444, -0.885509192944, -0.879528582096, -0.867663264275, -0.83225440979],
        "min": [-0.980237543583, -0.983992874622, -0.980818510056, -0.971890628338, -0.968235135078, -0.965318083763],
        "stdev": [0.0939300730824, 0.0676055699587, 0.0710674375296, 0.075764849782, 0.0849272608757, 0.114565066993]
    },
    "spectral_contrast_valleys": {
        "max": [-7.43479299545, -5.53207206726, -5.25277662277, -4.97546577454, -5.67955493927, -8.67371082306],
        "mean": [-16.6841964722, -15.7926778793, -15.5506505966, -15.387421608, -15.6329660416, -17.4335136414],
        "min": [-28.1866359711, -28.3114013672, -27.9747886658, -27.7756576538, -27.565454483, -27.4279899597],
        "stdev": [9.32841205597, 10.0923376083, 10.3208351135, 10.4518156052, 10.2514200211, 8.67044067383]
    }
},
"rhythm": {
    "beats_count": 36,
    "beats_loudness": {
        "max": 0.0366106107831,
        "mean": 0.00990720652044,
        "min": 0,
        "stdev": 0.0108862333
    },
    "bpm": 90.0282821655,
    "bpm_histogram_first_peak_bpm": 91,
    "bpm_histogram_first_peak_weight": 0.33333337307,
    "bpm_histogram_second_peak_bpm": 112,
    "bpm_histogram_second_peak_spread": 0.461538493633,
    "bpm_histogram_second_peak_weight": 0.20000000298,
    "danceability": 0.66664069891,
    "onset_rate": 0.825276553631,
    "beats_loudness_band_ratio": {
        "max": [0.0578698292375, 0.0195257309824, 0.167565494776, 0.444337040186, 0.617356240749, 0.800898492336],
        "mean": [0.00580018665642, 0.00651337159798, 0.042398866266, 0.192889615893, 0.273189425468, 0.10098144412],
        "min": [0, 0, 0, 0, 0, 0],
        "stdev": [0.00984957069159, 0.00620553828776, 0.0431203953922, 0.167953535914, 0.234704241157, 0.144767433405]
    },
    "beats_position": [0.650158703327, 1.31192743778, 1.9620860815, 2.62385487556, 3.28562355042, 3.94739222527, 4.60916090012, 5.27092981339, 5.93269824982, 6.47836732864, 7.02403593063, 7.56970500946, 8.10376358032, 8.63782310486, 9.17188167572, 9.70594120026, 10.2399997711, 10.7856683731, 11.3197278976, 11.8653964996, 12.3994560242, 12.9451246262, 13.5488433838, 14.1409521103, 14.7330608368, 15.3483896255, 15.9637184143, 16.637096405, 17.3104763031, 17.995464325, 18.6804523468, 19.3886623383, 20.0968704224, 20.8050785065, 21.5132884979, 22.221496582],
