{
"metadata": {
    "version": {
        "essentia": "2.1-beta5",
        "essentia_git_sha": "Undefined",
        "extractor": "music 2.0"
    },
    "audio_properties": {
        "analysis": {
            "equal_loudness": 0,
            "length": 48.7502937317,
            "sample_rate": 44100,
            "start_time": 110.248344421,
            "downmix": "mix"
        },
        "bit_rate": 192000,
        "length": 185.968612671,
        "lossless": 0,
        "number_channels": 2,
        "replay_gain": -11.5212879181,
        "sample_rate": 44100,
        "codec": "mp3",
        "md5_encoded": "e9ec875d139cac5ba6f4e32e17ae3432"
    },
    "tags": {
        "file_name": "Spain_La Fiesta Terminó_Paloma San Basilio.mp3",
        "encoding": ["Lavf58.29.100"]
    }
},
"lowlevel": {
    "average_loudness": 0.918219208717,
    "barkbands_crest": {
        "max": 18.785692215,
        "mean": 7.78675842285,
        "min": 2.39661431313,
        "stdev": 2.7867808342
    },
    "barkbands_flatness_db": {
        "max": 0.260342657566,
        "mean": 0.125790834427,
        "min": 0.054442577064,
        "stdev": 0.0263349488378
    },
    "barkbands_kurtosis": {
        "max": 24.9573116302,
        "mean": 0.729194521904,
        "min": -1.85701882839,
        "stdev": 2.54324412346
    },
    "barkbands_skewness": {
        "max": 3.98928284645,
        "mean": 0.559589803219,
        "min": -1.77014875412,
        "stdev": 0.880570590496
    },
    "barkbands_spread": {
        "max": 79.7574615479,
        "mean": 21.8100547791,
        "min": 3.62486004829,
        "stdev": 9.05955696106
    },
    "dissonance": {
        "max": 0.499989390373,
        "mean": 0.466760754585,
        "min": 0.323498994112,
        "stdev": 0.0219283048064
    },
    "dynamic_complexity": 2.91517186165,
    "erbbands_crest": {
        "max": 26.4616699219,
        "mean": 9.88217830658,
        "min": 2.89931797981,
        "stdev": 3.82955217361
    },
    "erbbands_flatness_db": {
        "max": 0.282094329596,
        "mean": 0.184453487396,
        "min": 0.0772439166903,
        "stdev": 0.0374820679426
    },
    "erbbands_kurtosis": {
        "max": 8.53673171997,
        "mean": 0.169873222709,
        "min": -1.64753437042,
        "stdev": 1.23310816288
    },
    "erbbands_skewness": {
        "max": 2.27966284752,
        "mean": 0.0895348191261,
        "min": -2.23076701164,
        "stdev": 0.636926114559
    },
    "erbbands_spread": {
        "max": 82.1630783081,
        "mean": 28.5732555389,
        "min": 7.13754034042,
        "stdev": 11.990527153
    },
    "hfc": {
        "max": 95.6797943115,
        "mean": 18.6992530823,
        "min": 0.0525496676564,
        "stdev": 16.0031738281
    },
    "loudness_ebu128": {
        "integrated": -14.4407186508,
        "loudness_range": 6.98844337463,
        "momentary": {
            "max": -10.0012893677,
            "mean": -15.5242271423,
            "min": -27.8931465149,
            "stdev": 3.30267739296
        },
        "short_term": {
            "max": -12.0176763535,
            "mean": -14.9756708145,
            "min": -20.5110301971,
            "stdev": 2.60623431206
        }
    },
    "melbands_crest": {
        "max": 24.6045627594,
        "mean": 9.52747249603,
        "min": 3.03858375549,
        "stdev": 3.5346865654
    },
    "melbands_flatness_db": {
        "max": 0.313817381859,
        "mean": 0.145000621676,
        "min": 0.0312021467835,
        "stdev": 0.0396225489676
    },
    "melbands_kurtosis": {
        "max": 70.8074188232,
        "mean": 2.85754871368,
        "min": -1.65466117859,
        "stdev": 5.18035936356
    },
    "melbands_skewness": {
        "max": 6.84094285965,
        "mean": 1.17367482185,
        "min": -0.673091411591,
        "stdev": 0.965296208858
    },
    "melbands_spread": {
        "max": 140.402816772,
        "mean": 35.302947998,
        "min": 4.23251390457,
        "stdev": 18.0341491699
    },
    "pitch_salience": {
        "max": 0.834371805191,
        "mean": 0.604735195637,
        "min": 0.318659096956,
        "stdev": 0.0753753706813
    },
    "silence_rate_20dB": {
        "max": 1,
        "mean": 1,
        "min": 1,
        "stdev": 0
    },
    "silence_rate_30dB": {
        "max": 1,
        "mean": 1,
        "min": 1,
        "stdev": 0
    },
    "silence_rate_60dB": {
        "max": 1,
        "mean": 0.100428365171,
        "min": 0,
        "stdev": 0.300570845604
    },
    "spectral_centroid": {
        "max": 4050.33886719,
        "mean": 1845.61096191,
        "min": 399.857940674,
        "stdev": 674.099487305
    },
    "spectral_complexity": {
        "max": 43,
        "mean": 17.8857688904,
        "min": 0,
        "stdev": 7.36458587646
    },
    "spectral_decrease": {
        "max": -1.17959721851e-11,
        "mean": -2.87858514803e-09,
        "min": -1.49928549575e-08,
        "stdev": 1.98126648421e-09
    },
    "spectral_energy": {
        "max": 0.0619417093694,
        "mean": 0.0125605370849,
        "min": 4.92867984576e-05,
        "stdev": 0.00876247044653
    },
    "spectral_energyband_high": {
        "max": 0.00729546369985,
        "mean": 0.000447873404482,
        "min": 1.18830064366e-06,
        "stdev": 0.000769031932577
    },
    "spectral_energyband_low": {
        "max": 0.0120559632778,
        "mean": 0.000634108437225,
        "min": 1.92745551431e-06,
        "stdev": 0.000931963557377
    },
    "spectral_energyband_middle_high": {
        "max": 0.0365166477859,
        "mean": 0.00747555587441,
        "min": 1.65663223015e-05,
        "stdev": 0.00694368034601
    },
    "spectral_energyband_middle_low": {
        "max": 0.0385889969766,
        "mean": 0.00444162264466,
        "min": 3.06348883896e-05,
        "stdev": 0.00375208654441
    },
    "spectral_entropy": {
        "max": 8.5517578125,
        "mean": 7.51687812805,
        "min": 6.41118192673,
        "stdev": 0.296864777803
    },
    "spectral_flux": {
        "max": 0.217794045806,
        "mean": 0.0669229626656,
        "min": 0.00789590738714,
        "stdev": 0.0318226926029
    },
    "spectral_kurtosis": {
        "max": 17.4253616333,
        "mean": 5.39160108566,
        "min": -0.47682595253,
        "stdev": 2.31233882904
    },
    "spectral_rms": {
        "max": 0.00777373369783,
        "mean": 0.00328037398867,
        "min": 0.000219282199396,
        "stdev": 0.00122202048078
    },
    "spectral_rolloff": {
        "max": 8182.6171875,
        "mean": 2286.5715332,
        "min": 258.3984375,
        "stdev": 1184.61425781
    },
    "spectral_skewness": {
        "max": 3.11684370041,
        "mean": 1.59490966797,
        "min": -0.0419647991657,
        "stdev": 0.384746313095
    },
    "spectral_spread": {
        "max": 18742880,
        "mean": 3948047.75,
        "min": 2072241.25,
        "stdev": 1200323
    },
    "spectral_strongpeak": {
        "max": 13.225353241,
        "mean": 1.76817071438,
        "min": 0.0124337095767,
        "stdev": 1.95251405239
    },
    "zerocrossingrate": {
        "max": 0.2421875,
        "mean": 0.0804883167148,
        "min": 0.01513671875,
        "stdev": 0.0289876908064
    },
    "barkbands": {
        "max": [0.000224451316171, 0.00173713732511, 0.00645302794874, 0.0129611548036, 0.0117901973426, 0.0200405586511, 0.0101596796885, 0.0094861574471, 0.0127018010244, 0.0122175617144, 0.0222092550248, 0.0124052911997, 0.0146094616503, 0.0225331038237, 0.0144742829725, 0.00810132361948, 0.00935643166304, 0.0122715774924, 0.0165896937251, 0.0123397931457, 0.00197234982625, 0.00208390899934, 0.00283819646575, 0.00141156767495, 0.000811557751149, 0.00053800776368, 5.51322500542e-07],
        "mean": [1.21933790069e-05, 0.000127675783006, 0.000267057592282, 0.000510098121595, 0.000989936990663, 0.000803563045338, 0.000658941862639, 0.000566992093809, 0.000534012913704, 0.00101791915949, 0.000903969572391, 0.000825223803986, 0.000976506678853, 0.000619730446488, 0.000607322552241, 0.00029193260707, 0.000409222207963, 0.000721177610103, 0.00111382675823, 0.000260884757154, 8.97721838555e-05, 7.89460318629e-05, 7.28109589545e-05, 4.65046505269e-05, 3.32302333845e-05, 2.10829221032e-05, 7.03025804238e-10],
        "min": [2.90635568945e-08, 4.30584748301e-07, 4.38531401414e-07, 7.04103399585e-07, 9.80127992989e-07, 4.61611932678e-07, 3.90759350921e-06, 1.55971417826e-06, 1.90301977909e-06, 1.81722805337e-06, 5.00175019624e-07, 1.67156383668e-06, 3.04361890358e-07, 4.88207774652e-07, 4.83831911424e-07, 3.98352824504e-07, 5.53196230157e-07, 4.84410634272e-07, 8.25370136681e-07, 5.26774613263e-07, 2.99968974105e-07, 1.67963079889e-07, 9.78784200356e-08, 9.2734993018e-08, 3.47823707614e-08, 3.91525318832e-08, 1.27276279793e-11],
        "stdev": [1.79730704986e-05, 0.000172879779711, 0.000521861540619, 0.00106862955727, 0.000988897518255, 0.001300465432, 0.000878135091625, 0.000881184765603, 0.000918259087484, 0.00147540948819, 0.00158182764426, 0.00153076124843, 0.0018496606499, 0.00149842642713, 0.00155303650536, 0.000605043547694, 0.000734075554647, 0.00117130042054, 0.00196463451721, 0.000546768307686, 0.00017285940703, 0.000203080693609, 0.000216486791032, 0.000107969943201, 5.90648669458e-05, 4.2055205995e-05, 1.20441345786e-08]
    },
    "erbbands": {
        "max": [0.0434794165194, 0.564797520638, 6.8755903244, 27.0221996307, 51.1366386414, 45.4218978882, 49.1901550293, 219.125839233, 135.327209473, 208.828109741, 152.070495605, 355.082427979, 447.08605957, 900.28125, 547.555297852, 627.747558594, 807.098388672, 1048.78808594, 901.272216797, 665.453796387, 437.827972412, 654.749389648, 349.15020752, 1002.20214844, 659.488647461, 280.075775146, 161.84815979, 99.5624771118, 74.5632171631, 91.7649841309, 80.3453979492, 46.80651474, 16.0258827209, 9.9670009613, 5.03625392914, 3.16090106964, 0.78067946434, 0.0177550651133, 0.000577361206524, 9.30267342483e-05],
        "mean": [0.00278142956086, 0.0351261645555, 0.248744145036, 1.09639012814, 2.52391433716, 3.40930056572, 4.36793375015, 7.31991100311, 9.07933616638, 12.8746500015, 9.52025032043, 13.8316326141, 25.0230388641, 36.5954704285, 34.792640686, 39.3775177002, 48.2082214355, 37.8735656738, 34.5898284912, 19.7620944977, 17.3942966461, 21.1427249908, 29.8136844635, 70.8501281738, 36.776222229, 12.1846256256, 5.40197658539, 3.21004676819, 2.75273966789, 2.55024337769, 1.97493422031, 1.19236493111, 0.66649967432, 0.380968242884, 0.241246446967, 0.13675364852, 0.0289114061743, 0.000684065744281, 3.21015650115e-05, 1.87540772458e-05],
        "min": [1.23043246276e-05, 0.000106247294752, 0.000692901317962, 0.0029331126716, 0.00502195162699, 0.00196765130386, 0.00194819679018, 0.00548090739176, 0.0462986081839, 0.101033560932, 0.0798195227981, 0.0533137060702, 0.0522604770958, 0.040243383497, 0.0507726818323, 0.0876419842243, 0.0281371083111, 0.0205887835473, 0.0241755414754, 0.0254957880825, 0.0182195026428, 0.0379130207002, 0.0275742616504, 0.0450809411705, 0.051588434726, 0.0267705451697, 0.0102020474151, 0.0138653852046, 0.00552494358271, 0.00505635794252, 0.00255172792822, 0.00241008540615, 0.00143576669507, 0.000478587840917, 0.000277315150015, 0.000227256226935, 5.85983143537e-05, 1.42956571381e-06, 2.17981877881e-07, 7.99385091454e-08],
        "stdev": [0.00444877846166, 0.0487465150654, 0.48469427228, 2.06741976738, 3.75752067566, 3.63922715187, 4.9151058197, 13.7781801224, 11.9830589294, 18.4410400391, 12.4428138733, 23.7668132782, 40.6857376099, 63.1029319763, 56.5000114441, 70.2033843994, 88.8418121338, 73.7652816772, 84.4746170044, 44.6416473389, 32.504070282, 38.7830696106, 38.9900856018, 119.562469482, 63.5842552185, 18.1352291107, 10.2728672028, 7.07803916931, 7.16989803314, 7.12955379486, 5.83317470551, 3.26763033867, 1.35046732426, 0.647992670536, 0.448135197163, 0.273968100548, 0.0564746111631, 0.00130842532963, 4.61842973891e-05, 1.36134967761e-05]
    },
    "gfcc": {
        "mean": [-22.0504493713, 82.2448196411, -150.322937012, 20.3054447174, -68.1310043335, 6.84827470779, -47.3695983887, 11.1433734894, -40.7783088684, -2.68630695343, -13.1498298645, -0.407529085875, -16.7084693909],
        "cov": [[2821.36938477, -831.312438965, -464.509613037, 145.715301514, 11.8765201569, 112.430747986, 65.28074646, 83.4578399658, -110.475273132, 69.9701004028, 87.566116333, -11.7430410385, -144.547286987], [-831.312438965, 591.825683594, 29.6454715729, -82.1928710938, 78.8536148071, -77.9026870728, 23.4080657959, -45.6995735168, 34.7986602783, -88.7141418457, 31.0325737, -32.5824050903, 44.0157585144], [-464.509613037, 29.6454715729, 704.731994629, 1.92119646072, -84.3019561768, 19.7122707367, -120.16608429, 41.9741134644, -0.496473968029, 102.526519775, -182.632080078, 72.800239563, 18.3685512543], [145.715301514, -82.1928710938, 1.92119646072, 209.536483765, -26.0036640167, -0.808394134045, -3.86771798134, -17.4119110107, 43.5624504089, -7.13117361069, 2.11303806305, -28.1538124084, 3.37450790405], [11.8765201569, 78.8536148071, -84.3019561768, -26.0036640167, 182.286972046, 2.4573559761, 10.0956544876, 32.555393219, -24.1207847595, -8.25524997711, 21.1630916595, -10.7822418213, -16.2178630829], [112.430747986, -77.9026870728, 19.7122707367, -0.808394134045, 2.4573559761, 121.213516235, 38.7290039062, -19.1432037354, -18.5170345306, 13.0821905136, -8.83234405518, 2.32095909119, -5.43522834778], [65.28074646, 23.4080657959, -120.16608429, -3.86771798134, 10.0956544876, 38.7290039062, 150.603668213, 9.79027080536, -55.2491493225, -26.1108455658, 63.8947982788, -15.9863853455, -20.3106060028], [83.4578399658, -45.6995735168, 41.9741134644, -17.4119110107, 32.555393219, -19.1432037354, 9.79027080536, 114.7682724, 1.36995995045, 20.302947998, -6.24062490463, 11.083073616, -14.138215065], [-110.475273132, 34.7986602783, -0.496473968029, 43.5624504089, -24.1207847595, -18.5170345306, -55.2491493225, 1.36995995045, 137.186065674, 21.8551864624, -34.3020439148, -5.62840366364, 32.4071617126], [69.9701004028, -88.7141418457, 102.526519775, -7.13117361069, -8.25524997711, 13.0821905136, -26.1108455658, 20.302947998, 21.8551864624, 110.945381165, -30.4816932678, 13.6758375168, 2.38861179352], [87.566116333, 31.0325737, -182.632080078, 2.11303806305, 21.1630916595, -8.83234405518, 63.8947982788, -6.24062490463, -34.3020439148, -30.4816932678, 135.082733154, -4.52907276154, -24.6779098511], [-11.7430410385, -32.5824050903, 72.800239563, -28.1538124084, -10.7822418213, 2.32095909119, -15.9863853455, 11.083073616, -5.62840366364, 13.6758375168, -4.52907276154, 73.1397628784, 16.2670516968], [-144.547286987, 44.0157585144, 18.3685512543, 3.37450790405, -16.2178630829, -5.43522834778, -20.3106060028, -14.138215065, 32.4071617126, 2.38861179352, -24.6779098511, 16.2670516968, 83.5320281982]],
        "icov": [[0.000826012459584, 0.000495573272929, 0.00102537113708, -0.000747906160541, 0.000303974578856, -0.000629113870673, 0.00063153821975, -0.000823235779535, 0.00103044242132, -0.000718900526408, 0.000568897579797, -0.000580366293434, 0.000907147303224], [0.000495573272929, 0.00871908571571, -0.00598720787093, 0.00582379195839, -0.00668016728014, 0.0066893203184, -0.00675409892574, 0.00700019067153, -0.00826882105321, 0.00750147365034, -0.00645698886365, 0.00693490402773, -0.00423925649375], [0.00102537113708, -0.00598720787093, 0.00973832048476, -0.0066106938757, 0.00695921061561, -0.00670937774703, 0.00776836229488, -0.00800452474505, 0.0101792262867, -0.00861873291433, 0.00973697286099, -0.00879143085331, 0.00538940401748], [-0.000747906160541, 0.00582379195839, -0.0066106938757, 0.0110634863377, -0.00498088728637, 0.00563437538221, -0.00624766666442, 0.00694949412718, -0.00982411764562, 0.00726519525051, -0.00691148033366, 0.00841207616031, -0.00437592156231], [0.000303974578856, -0.00668016728014, 0.00695921061561, -0.00498088728637, 0.0124806286767, -0.00702953431755, 0.00768819637597, -0.00910905562341, 0.00925486255437, -0.00672107795253, 0.00580411264673, -0.00528816552833, 0.00435645272955], [-0.000629113870673, 0.0066893203184, -0.00670937774703, 0.00563437538221, -0.00702953431755, 0.0171846989542, -0.0110282273963, 0.0102393571287, -0.00818993058056, 0.0053187715821, -0.00374652422033, 0.00513570522889, -0.00364243728109], [0.00063153821975, -0.00675409892574, 0.00776836229488, -0.00624766666442, 0.00768819637597, -0.0110282273963, 0.0188038758934, -0.0105440486223, 0.0123930936679, -0.00639798352495, 0.00268259178847, -0.00437775906175, 0.00377847533673], [-0.000823235779535, 0.00700019067153, -0.00800452474505, 0.00694949412718, -0.00910905562341, 0.0102393571287, -0.0105440486223, 0.0192007552832, -0.0109040345997, 0.00608896743506, -0.00574859976768, 0.00500630959868, -0.00266699236818], [0.00103044242132, -0.00826882105321, 0.0101792262867, -0.00982411764562, 0.00925486255437, -0.00818993058056, 0.0123930936679, -0.0109040345997, 0.0223773308098, -0.0114779546857, 0.0101559720933, -0.00758415786549, 0.00285445339978], [-0.000718900526408, 0.00750147365034, -0.00861873291433, 0.00726519525051, -0.00672107795253, 0.0053187715821, -0.00639798352495, 0.00608896743506, -0.0114779546857, 0.0195835195482, -0.00744385272264, 0.00717877270654, -0.00478306692094], [0.000568897579797, -0.00645698886365, 0.00973697286099, -0.00691148033366, 0.00580411264673, -0.00374652422033, 0.00268259178847, -0.00574859976768, 0.0101559720933, -0.00744385272264, 0.0210416000336, -0.0109432097524, 0.00770744588226], [-0.000580366293434, 0.00693490402773, -0.00879143085331, 0.00841207616031, -0.00528816552833, 0.00513570522889, -0.00437775906175, 0.00500630959868, -0.00758415786549, 0.00717877270654, -0.0109432097524, 0.0254942607135, -0.00943540036678], [0.000907147303224, -0.00423925649375, 0.00538940401748, -0.00437592156231, 0.00435645272955, -0.00364243728109, 0.00377847533673, -0.00266699236818, 0.00285445339978, -0.00478306692094, 0.00770744588226, -0.00943540036678, 0.0189866367728]]
    },
    "melbands": {
        "max": [0.000401727767894, 0.00238283840008, 0.00481472210959, 0.00310353864916, 0.00154892075807, 0.00455011380836, 0.00220802845433, 0.00241879443638, 0.00122369593009, 0.00190944666974, 0.00223505101167, 0.00334768975154, 0.0019907145761, 0.00140993436798, 0.00109563826118, 0.00157256075181, 0.00240950775333, 0.00139829516411, 0.000990321859717, 0.00059791241074, 0.000701872864738, 0.000796636624727, 0.000476567394799, 0.000609296606854, 0.00101378350519, 0.000871927302796, 0.000519758905284, 0.000129932974232, 0.000182297400897, 5.2018014685e-05, 6.86276107444e-05, 4.93027619086e-05, 5.62344066566e-05, 5.23144371982e-05, 5.73739780521e-05, 3.864413884e-05, 2.76677910733e-05, 1.48761100718e-05, 1.5302130123e-05, 6.11450332144e-06],
        "mean": [3.03705601254e-05, 0.000108529660793, 0.000232331294683, 0.000215331281652, 0.000154905559612, 0.000160254901857, 0.000141391530633, 0.000141902128235, 7.35089706723e-05, 8.70319272508e-05, 0.000122874494991, 0.000143628945807, 0.000115590497444, 9.98285104288e-05, 9.62805570452e-05, 9.81279445114e-05, 6.70694789733e-05, 5.37084270036e-05, 3.57391290891e-05, 2.26051852223e-05, 1.98393154278e-05, 2.04110219784e-05, 2.51153287536e-05, 3.40145197697e-05, 6.26799374004e-05, 3.43798965332e-05, 1.35938735184e-05, 6.71753650749e-06, 3.87872887586e-06, 2.0466532078e-06, 1.8094490315e-06, 1.61448269864e-06, 1.39107021369e-06, 1.4156881889e-06, 1.20865979625e-06, 8.9857110197e-07, 6.53270490147e-07, 4.88585897074e-07, 3.60173061154e-07, 3.09584635261e-07],
        "min": [1.23902779592e-07, 3.08371937763e-07, 5.80875678224e-07, 2.55974953234e-07, 5.88336277474e-08, 1.19223557249e-07, 7.18098306152e-07, 7.41773817481e-07, 6.21750928076e-07, 3.91940147892e-07, 2.153660148e-07, 1.47535189399e-07, 8.868549628e-08, 1.81437840752e-07, 1.12872719171e-07, 2.92186257411e-08, 3.89446590532e-08, 4.10741165524e-08, 4.39573213384e-08, 2.40613129421e-08, 9.51035872276e-09, 2.70408033742e-08, 3.5912471219e-08, 2.07656896123e-08, 3.75391593366e-08, 3.02402121122e-08, 2.14140136734e-08, 1.30719630675e-08, 5.49957057672e-09, 7.39130845417e-09, 6.70175825945e-09, 3.24215498892e-09, 2.56802490384e-09, 2.43129338884e-09, 1.40681077898e-09, 1.26908683562e-09, 1.31099286982e-09, 9.02586283491e-10, 2.81589446205e-10, 3.64090618765e-10],
        "stdev": [4.19159187004e-05, 0.000181026000064, 0.000399718031986, 0.000240674242377, 0.000157225949806, 0.000285447982606, 0.000185126336874, 0.000211378239328, 0.000103493650386, 0.00014427874703, 0.000206187934964, 0.000255417922745, 0.000202125156648, 0.000167581820278, 0.000162259835633, 0.000185358818271, 0.000158945549629, 0.000134676884045, 9.38386874623e-05, 4.78201327496e-05, 4.19430798502e-05, 4.25261423516e-05, 4.15658396378e-05, 5.87771755818e-05, 0.000113327107101, 7.3478797276e-05, 2.60093038378e-05, 1.09301909106e-05, 9.21023729461e-06, 4.09923222833e-06, 4.50781863037e-06, 4.22977109338e-06, 3.90597551814e-06, 4.14246551372e-06, 3.71504893337e-06, 2.69226211458e-06, 1.77041431471e-06, 1.08173776425e-06, 6.51688765174e-07, 5.43012390608e-07]
    },
    "melbands128": {
        "max": [0.000154602457769, 0.000345000560628, 0.000574150646571, 0.00106261682231, 0.00370250968263, 0.00287298997864, 0.00646399194375, 0.00727522047237, 0.00539691979066, 0.00320580322295, 0.00316917221062, 0.00184106838424, 0.00237464020029, 0.00265073077753, 0.00627453206107, 0.00553793786094, 0.00213440856896, 0.00400451244786, 0.00294826016761, 0.00320909172297, 0.00388558325358, 0.0018083404284, 0.0015019205166, 0.00359509605914, 0.00420447532088, 0.00260951695964, 0.00294607155956, 0.00452309474349, 0.00210826401599, 0.00383966532536, 0.00703085074201, 0.00476425746456, 0.00366216991097, 0.00395928649232, 0.00203529442661, 0.00289463740773, 0.00340745062567, 0.00245825760067, 0.00294615863822, 0.00358653254807, 0.00324038579129, 0.00195319531485, 0.00195324420929, 0.00623850524426, 0.000982961966656, 0.00259701884352, 0.00305088609457, 0.0015395085793, 0.00197216891684, 0.00166892586276, 0.00116594776046, 0.00170822476503, 0.000678613665514, 0.00149560568389, 0.000658416480292, 0.00159334589262, 0.00104221771471, 0.0012537969742, 0.000504809839185, 0.000636293261778, 0.00116526207421, 0.0019291281933, 0.00202596769668, 0.0022963215597, 0.00187896855641, 0.00158134580124, 0.00152400566731, 0.00053635193035, 0.000853937119246, 0.000342394923791, 0.000226387113798, 0.000278756633634, 0.000629457936157, 0.000118903793918, 0.000104613427538, 8.10135970823e-05, 5.06593460159e-05, 6.38452693238e-05, 9.09260415938e-05, 0.00010819426825, 6.14098462393e-05, 6.485562335e-05, 5.56412778678e-05, 8.82896783878e-05, 6.24676467851e-05, 6.35402539046e-05, 6.39634454274e-05, 0.00010578144429, 6.17646073806e-05, 6.41171136522e-05, 4.92409817525e-05, 4.46807898697e-05, 4.04496931878e-05, 4.13241614297e-05, 2.18815002881e-05, 3.22514570144e-05, 1.24535808936e-05, 8.09478024166e-06, 1.62314299814e-05, 2.497020796e-05, 8.46038892632e-06, 5.98941642238e-06, 8.4635694293e-06, 9.8039599834e-06, 7.05383081367e-06, 9.16935368878e-06, 9.5157420219e-06, 8.74134639162e-06, 7.23988296158e-06, 8.47507089929e-06, 4.20569767812e-06, 5.5082673498e-06, 1.96946075448e-06, 2.66783956704e-07, 5.4477795608e-09, 2.7684008419e-09, 2.67138866583e-09, 2.58895016536e-09, 2.50595721951e-09, 2.43333286853e-09, 2.3794515247e-09, 2.32879826534e-09, 2.28228214105e-09, 2.2428887636e-09, 2.2080948181e-09, 2.18300577615e-09, 2.15808038107e-09, 2.15505147061e-09],
        "mean": [7.42283100408e-06, 1.87541991181e-05, 3.63236686098e-05, 5.91658281337e-05, 9.92393615888e-05, 0.000141805547173, 0.000211327162106, 0.000268401228823, 0.000258796440903, 0.000218354296521, 0.000187304700376, 0.000159272487508, 0.000144601159263, 0.000145913028973, 0.000178666246939, 0.000165788922459, 0.000125663165818, 0.000153073648107, 0.000138546442031, 0.000147839513374, 0.00015830405755, 7.30218089302e-05, 6.33801973891e-05, 6.17935002083e-05, 9.8858596175e-05, 8.75584664755e-05, 8.51227450767e-05, 0.000169282662682, 9.32214243221e-05, 0.000143659330206, 0.000178512782441, 0.00011307427485, 0.000108565960545, 0.000135182737722, 5.95566089032e-05, 0.000111790031951, 0.000129368767375, 5.64404654142e-05, 0.000107567262603, 0.00013558381761, 9.14378542802e-05, 5.2750827308e-05, 7.11876054993e-05, 8.75722398632e-05, 2.13941693801e-05, 6.07195870543e-05, 7.40193063393e-05, 2.80300155282e-05, 2.6752892154e-05, 2.08675955946e-05, 2.34242470469e-05, 2.34805702348e-05, 1.61578991538e-05, 2.07683515328e-05, 2.26048159675e-05, 1.67919170053e-05, 1.88253470697e-05, 3.53840478056e-05, 2.16651387746e-05, 1.81716295629e-05, 2.29064626183e-05, 5.18215310876e-05, 8.17004984128e-05, 6.25908141956e-05, 3.70284942619e-05, 3.98973861593e-05, 3.05387256958e-05, 1.478474951e-05, 1.00404940895e-05, 9.46910586208e-06, 6.40292637399e-06, 5.63742196391e-06, 5.86014675719e-06, 3.12643965117e-06, 2.2723611437e-06, 2.27193663704e-06, 1.87494788406e-06, 1.58373222803e-06, 1.83423298949e-06, 2.03694798984e-06, 1.64607047282e-06, 1.48226320107e-06, 1.35878178753e-06, 1.31998729103e-06, 1.48821095536e-06, 1.48086587615e-06, 1.37096617436e-06, 1.34356491799e-06, 1.28704164126e-06, 1.01884438664e-06, 9.70535211309e-07, 8.70395638231e-07, 7.6673421745e-07, 6.89520277319e-07, 5.34078026249e-07, 5.51790151349e-07, 4.85387658955e-07, 3.97928261009e-07, 3.83141582461e-07, 3.23124908164e-07, 3.0278275176e-07, 3.12437208549e-07, 3.01073185938e-07, 3.05562622316e-07, 2.65490882612e-07, 2.61040781879e-07, 2.31636732906e-07, 2.50994645512e-07, 2.2764679386e-07, 2.63057529537e-07, 2.21990859472e-07, 1.59194925686e-07, 5.89277746599e-08, 6.61815668934e-09, 3.27584105675e-11, 4.91121336307e-12, 3.6764888009e-12, 3.27616492962e-12, 3.16914029741e-12, 3.07921223242e-12, 3.00492313324e-12, 2.93873562637e-12, 2.87693393414e-12, 2.82303889466e-12, 2.78165793351e-12, 2.7501163239e-12, 2.72319731869e-12, 2.71133029223e-12],
        "min": [2.13752393563e-09, 1.3178878433e-08, 7.79284192731e-08, 1.02069165564e-07, 1.53010205395e-07, 2.68155361027e-07, 3.56642829047e-07, 2.92604539709e-07, 5.44560123217e-07, 2.48852927598e-07, 5.52900587536e-08, 4.96829670737e-08, 7.6884511202e-08, 4.50413075725e-08, 5.81321515369e-08, 1.35069527119e-07, 2.27787438689e-07, 4.76005652672e-08, 4.6052392122e-07, 2.59218722931e-07, 8.13195057958e-08, 7.41581374086e-08, 1.22436048855e-07, 5.09749575883e-08, 7.03805653757e-08, 7.80248043952e-08, 6.12579569292e-08, 7.41624788247e-08, 1.99280094648e-07, 3.14261860979e-08, 5.11418676297e-08, 3.24386348893e-08, 7.26783682126e-08, 6.83993093276e-08, 2.85716019732e-08, 1.18695764328e-08, 1.27449704124e-08, 4.50371189231e-08, 4.27616342336e-08, 1.58406496809e-08, 7.44854133927e-09, 2.00334895339e-08, 3.32789618085e-08, 3.02551441678e-08, 3.21266071523e-08, 1.53961874361e-08, 4.05998212827e-09, 6.51496634418e-09, 2.21201670314e-08, 2.6279368015e-08, 1.823550555e-08, 2.00340437573e-08, 8.52684234331e-09, 3.98967969772e-09, 9.31480226285e-09, 1.16371792203e-08, 2.64671502492e-08, 1.95999092512e-08, 2.70598494723e-08, 1.62871369724e-08, 1.06006261547e-08, 1.90049078697e-08, 2.32400587663e-08, 2.50633167553e-08, 2.21082405716e-08, 9.11461128794e-09, 5.96231197747e-09, 5.57852430916e-09, 5.93200599752e-09, 7.06937663963e-09, 5.59820989565e-09, 4.07633837796e-09, 3.32229821431e-09, 3.49364603913e-09, 2.5963959871e-09, 3.38573657999e-09, 4.45501635582e-09, 2.02913308378e-09, 4.17146406306e-09, 3.547851124e-09, 3.2312081899e-09, 1.34600730561e-09, 9.07128760996e-10, 1.06036102121e-09, 1.63254909591e-09, 1.65560143373e-09, 7.5409067879e-10, 1.24527088641e-09, 1.14990472699e-09, 1.00773867029e-09, 8.01575805731e-10, 4.3979073161e-10, 1.01059682844e-09, 9.12721787039e-10, 8.15138345711e-10, 7.52379214486e-10, 6.02384142567e-10, 1.82830861561e-10, 3.91601577554e-11, 1.01412815645e-10, 2.52196069583e-10, 1.49719021902e-11, 2.45553178485e-11, 6.72744368893e-12, 3.77755942846e-12, 1.3260366416e-10, 3.81060377697e-10, 3.04924918648e-10, 1.0364809705e-10, 1.4178259955e-10, 4.31828656167e-10, 2.12765069452e-10, 2.94923200445e-12, 4.28988577517e-14, 4.05373231185e-14, 3.07677636895e-14, 4.21903214676e-14, 4.37421163201e-14, 3.61919627839e-14, 4.72574080833e-14, 3.86360695769e-14, 3.09577599558e-14, 3.91621786811e-14, 3.83933268749e-14, 4.26115848336e-14, 4.09232177767e-14, 4.07119677597e-14, 4.14757881902e-14],
        "stdev": [1.16330220408e-05, 3.60967169399e-05, 5.70615484321e-05, 8.47753617563e-05, 0.000230757330428, 0.000261743931333, 0.00042960990686, 0.000567512062844, 0.000415387155954, 0.000280764041236, 0.00023902276007, 0.000188992504263, 0.000198240100872, 0.000233341736021, 0.000403679121519, 0.000327699875925, 0.000191610917682, 0.000288449286018, 0.000229639961617, 0.000267530529527, 0.000321948638884, 0.000130614585942, 0.000108968430141, 0.000189760976355, 0.000243693400989, 0.000173348700628, 0.000203783638426, 0.000360155972885, 0.000204715892323, 0.000311717943987, 0.000439975992776, 0.000294620374916, 0.000307124253595, 0.000312032760121, 0.000142648801557, 0.000284729758278, 0.000322007981595, 0.000175504857907, 0.000277248647762, 0.000359992904123, 0.000239027678617, 0.000153034256073, 0.000188457968761, 0.000326532288454, 6.88490908942e-05, 0.000224047296797, 0.000262134562945, 0.000109389533463, 0.000121964156278, 7.26116268197e-05, 6.65189509164e-05, 7.83662253525e-05, 5.13997219969e-05, 6.95342532708e-05, 5.61989254493e-05, 6.21476647211e-05, 6.46119733574e-05, 8.61242806423e-05, 4.26074111601e-05, 4.36637456005e-05, 7.13137342245e-05, 0.00013296729594, 0.000174319502548, 0.000175571462023, 0.000132059009047, 0.000120598284411, 8.28764314065e-05, 3.72007671103e-05, 3.246574488e-05, 2.13084676943e-05, 1.33247312988e-05, 1.52476613948e-05, 2.507492718e-05, 7.37302252674e-06, 6.04297383688e-06, 5.00544865645e-06, 4.20362721343e-06, 4.34878347733e-06, 5.00743408338e-06, 5.76206366532e-06, 4.42894179287e-06, 4.38335655417e-06, 4.09281346947e-06, 4.08085679737e-06, 4.24049858339e-06, 4.51433743365e-06, 4.37877361037e-06, 4.78446781926e-06, 4.10852089772e-06, 3.15715851684e-06, 3.13180271405e-06, 2.77076378552e-06, 2.28319299822e-06, 2.00402337214e-06, 1.42670774039e-06, 1.60770832736e-06, 1.03196180135e-06, 8.1813811903e-07, 7.18327498817e-07, 7.59762826874e-07, 5.45218597381e-07, 5.93540107729e-07, 5.71425118778e-07, 6.15974670382e-07, 5.20084768141e-07, 5.43905628092e-07, 5.23951484865e-07, 5.46125590972e-07, 4.99125746956e-07, 5.59831619285e-07, 4.47012268978e-07, 3.35442820187e-07, 1.24715270999e-07, 1.51125920667e-08, 2.63662675026e-10, 7.07487055052e-11, 5.9793101026e-11, 5.65415526899e-11, 5.47288499242e-11, 5.31426742889e-11, 5.19651127684e-11, 5.08583244963e-11, 4.98422136896e-11, 4.89816555371e-11, 4.82217425712e-11, 4.76735699528e-11, 4.71295606708e-11, 4.70627946336e-11]
    },
    "mfcc": {
        "mean": [-655.767211914, 113.614753723, -26.0992107391, 11.6782522202, -5.46579027176, -10.0480537415, 1.70160722733, 2.592056036, -17.0782871246, -3.77976822853, -3.51524019241, -7.02019643784, -4.31729507446],
        "cov": [[3221.36669922, -960.992919922, -523.006835938, -33.9578590393, -95.5715179443, 24.3881492615, 186.711044312, 47.5393371582, -168.546356201, 80.2107543945, 125.012069702, 8.60063266754, 40.8025131226], [-960.992919922, 655.708496094, 5.07228946686, -22.1555767059, 53.5660095215, -55.2876205444, 1.47536063194, 15.3893060684, 3.84091258049, -21.0210762024, -21.3037700653, -34.0175476074, -25.6547737122], [-523.006835938, 5.07228946686, 590.536560059, 46.1679039001, 8.91465091705, 42.9331321716, -129.862884521, -69.834236145, 138.747665405, -65.3465194702, -32.2156410217, 30.9116172791, -15.6695814133], [-33.9578590393, -22.1555767059, 46.1679039001, 153.040344238, 27.6846027374, -20.355047226, -22.2113132477, -5.65885639191, 13.9686288834, 7.25378036499, -11.148182869, 26.3085365295, 6.07602548599], [-95.5715179443, 53.5660095215, 8.91465091705, 27.6846027374, 154.216445923, -14.8421354294, -46.1952018738, -15.4489297867, 41.8380203247, -8.1817073822, -15.0227737427, 19.0172576904, 10.8497610092], [24.3881492615, -55.2876205444, 42.9331321716, -20.355047226, -14.8421354294, 138.20085144, 0.567624509335, -17.2022781372, 7.47432565689, -0.099223613739, -6.15789318085, -9.85028171539, -12.5797557831], [186.711044312, 1.47536063194, -129.862884521, -22.2113132477, -46.1952018738, 0.567624509335, 231.888977051, 51.4977531433, -90.52784729, 13.7990903854, 52.0898170471, -40.3684082031, -7.45494318008], [47.5393371582, 15.3893060684, -69.834236145, -5.65885639191, -15.4489297867, -17.2022781372, 51.4977531433, 106.212875366, -40.8699035645, -2.53187203407, 16.3110771179, -20.4655590057, -11.5360040665], [-168.546356201, 3.84091258049, 138.747665405, 13.9686288834, 41.8380203247, 7.47432565689, -90.52784729, -40.8699035645, 164.983230591, 3.33304953575, -42.0628738403, 34.7965354919, 9.23030948639], [80.2107543945, -21.0210762024, -65.3465194702, 7.25378036499, -8.1817073822, -0.099223613739, 13.7990903854, -2.53187203407, 3.33304953575, 79.4856567383, 13.4561214447, -3.9103372097, -0.137473165989], [125.012069702, -21.3037700653, -32.2156410217, -11.148182869, -15.0227737427, -6.15789318085, 52.0898170471, 16.3110771179, -42.0628738403, 13.4561214447, 97.3413848877, -0.158719301224, -11.9358787537], [8.60063266754, -34.0175476074, 30.9116172791, 26.3085365295, 19.0172576904, -9.85028171539, -40.3684082031, -20.4655590057, 34.7965354919, -3.9103372097, -0.158719301224, 98.5941543579, 28.9866428375], [40.8025131226, -25.6547737122, -15.6695814133, 6.07602548599, 10.8497610092, -12.5797557831, -7.45494318008, -11.5360040665, 9.23030948639, -0.137473165989, -11.9358787537, 28.9866428375, 82.9627838135]],
        "icov": [[0.000771416060161, 0.00113732996397, 0.000598283775616, 0.000108847474621, -6.50483707432e-05, 0.000138531395351, -0.000197099943762, 9.87835155684e-05, 4.98681620229e-05, 0.00010949177522, -0.000435302965343, 5.6253222283e-05, 1.52214224727e-05], [0.00113732996397, 0.00341502716765, 0.000775410153437, 0.000567226437852, -0.000794594176114, 0.00101345975418, -0.000451601081295, 5.0069334975e-05, 0.000102260266431, 0.000391275156289, -0.000153030618094, 0.000569159630686, 0.000593955279328], [0.000598283775616, 0.000775410153437, 0.0033305042889, -0.000982732046396, 0.000840686960146, -0.000609656621236, 0.00055026850896, 0.00104941090103, -0.00224116980098, 0.00278150755912, -0.00126966228709, 0.000383058271836, 0.000576991413254], [0.000108847474621, 0.000567226437852, -0.000982732046396, 0.00775023642927, -0.00150836573448, 0.00134078448173, -0.000167463178514, -0.00041899891221, 0.00116975652054, -0.0019909129478, 0.00138930801768, -0.0019214337226, 0.000433675682871], [-6.50483707432e-05, -0.000794594176114, 0.000840686960146, -0.00150836573448, 0.00796635914594, 0.000150333595229, 0.00103792839218, 0.000531719822902, -0.00206137401983, 0.00151436659507, -0.000563279085327, -0.000155306814122, -0.000591220916249], [0.000138531395351, 0.00101345975418, -0.000609656621236, 0.00134078448173, 0.000150333595229, 0.00837517995387, -0.000594792887568, 0.00127945595887, 0.000153142478666, -0.000463554577436, 0.000947757158428, 0.000536549487151, 0.00133773859125], [-0.000197099943762, -0.000451601081295, 0.00055026850896, -0.000167463178514, 0.00103792839218, -0.000594792887568, 0.00669041648507, -0.00152250926476, 0.00154949945863, -0.000157422822667, -0.00229165726341, 0.00158080214169, -0.000817634980194], [9.87835155684e-05, 5.0069334975e-05, 0.00104941090103, -0.00041899891221, 0.000531719822902, 0.00127945595887, -0.00152250926476, 0.0117879016325, 0.000656100281049, 0.00164052459877, -0.000598200771492, 0.00109539495315, 0.00128349720035], [4.98681620229e-05, 0.000102260266431, -0.00224116980098, 0.00116975652054, -0.00206137401983, 0.000153142478666, 0.00154949945863, 0.000656100281049, 0.0108308335766, -0.00356033840217, 0.00328589510173, -0.0023879930377, 0.000117567396956], [0.00010949177522, 0.000391275156289, 0.00278150755912, -0.0019909129478, 0.00151436659507, -0.000463554577436, -0.000157422822667, 0.00164052459877, -0.00356033840217, 0.0160267204046, -0.00308639858849, 0.0015766575234, 0.000111705674499], [-0.000435302965343, -0.000153030618094, -0.00126966228709, 0.00138930801768, -0.000563279085327, 0.000947757158428, -0.00229165726341, -0.000598200771492, 0.00328589510173, -0.00308639858849, 0.0139700239524, -0.00280364230275, 0.00237222621217], [5.6253222283e-05, 0.000569159630686, 0.000383058271836, -0.0019214337226, -0.000155306814122, 0.000536549487151, 0.00158080214169, 0.00109539495315, -0.0023879930377, 0.0015766575234, -0.00280364230275, 0.0138225480914, -0.00420712912455], [1.52214224727e-05, 0.000593955279328, 0.000576991413254, 0.000433675682871, -0.000591220916249, 0.00133773859125, -0.000817634980194, 0.00128349720035, 0.000117567396956, 0.000111705674499, 0.00237222621217, -0.00420712912455, 0.0144905010238]]
    },
    "spectral_contrast_coeffs": {
        "max": [-0.51036041975, -0.563944160938, -0.537483692169, -0.576333701611, -0.538319885731, -0.617474555969],
        "mean": [-0.695694804192, -0.767375767231, -0.725037872791, -0.752977788448, -0.7385379076, -0.780259728432],
        "min": [-0.914562106133, -0.906900882721, -0.923907458782, -0.906487584114, -0.875461220741, -0.881466925144],
        "stdev": [0.0524687357247, 0.0539126731455, 0.0575016513467, 0.0578659884632, 0.0640569478273, 0.0311613436788]
    },
    "spectral_contrast_valleys": {
        "max": [-5.91672277451, -4.98540878296, -5.88326835632, -6.37905025482, -6.01583909988, -8.19798851013],
        "mean": [-7.43791913986, -6.82673454285, -7.45291233063, -7.83027172089, -7.69466495514, -10.4389715195],
        "min": [-9.37527370453, -8.67189598083, -9.7127161026, -10.1348705292, -9.86735153198, -12.8198747635],
        "stdev": [0.504610359669, 0.517553508282, 0.625224947929, 0.580732643604, 0.653486549854, 0.753867030144]
    }
},
"rhythm": {
    "beats_count": 127,
    "beats_loudness": {
        "max": 0.0399439781904,
        "mean": 0.0156700443476,
        "min": 0.0011662732577,
        "stdev": 0.00922516919672
    },
    "bpm": 156.080429077,
    "bpm_histogram_first_peak_bpm": 157,
    "bpm_histogram_first_peak_weight": 0.396551728249,
    "bpm_histogram_second_peak_bpm": 152,
    "bpm_histogram_second_peak_spread": 0.0999999642372,
    "bpm_histogram_second_peak_weight": 0.0714285746217,
    "danceability": 0.955345273018,
    "onset_rate": 3.1376953125,
    "beats_loudness_band_ratio": {
        "max": [0.592883586884, 0.646798610687, 0.588381111622, 0.683573007584, 0.592867136002, 0.616369009018],
        "mean": [0.149122461677, 0.184173688293, 0.213078022003, 0.249982014298, 0.15952283144, 0.103721514344],
        "min": [0.0105141941458, 0.0203898064792, 0.020605424419, 0.0181857254356, 0.0111288782209, 0.00638264231384],
        "stdev": [0.117960743606, 0.139236718416, 0.129486262798, 0.162557154894, 0.130267515779, 0.103386931121]
    },
