{
"metadata": {
    "version": {
        "essentia": "2.1-beta5",
        "essentia_git_sha": "Undefined",
        "extractor": "music 2.0"
    },
    "audio_properties": {
        "analysis": {
            "equal_loudness": 0,
            "length": 12.7477550507,
            "sample_rate": 44100,
            "start_time": 0,
            "downmix": "mix"
        },
        "bit_rate": 192000,
        "length": 185.573883057,
        "lossless": 0,
        "number_channels": 2,
        "replay_gain": 2.79504203796,
        "sample_rate": 44100,
        "codec": "mp3",
        "md5_encoded": "0f653efbc2e49a0b3cbc683f2bf2dabe"
    },
    "tags": {
        "file_name": "Germany_Für Alle_Wind.mp3",
        "encoding": ["Lavf58.29.100"]
    }
},
"lowlevel": {
    "average_loudness": 0.877461373806,
    "barkbands_crest": {
        "max": 20.4054355621,
        "mean": 8.31063270569,
        "min": 2.81425476074,
        "stdev": 3.40708422661
    },
    "barkbands_flatness_db": {
        "max": 0.232374772429,
        "mean": 0.123635642231,
        "min": 0.021661253646,
        "stdev": 0.0467503257096
    },
    "barkbands_kurtosis": {
        "max": 21.3972434998,
        "mean": 1.07103717327,
        "min": -1.56255149841,
        "stdev": 2.96556138992
    },
    "barkbands_skewness": {
        "max": 4.03329706192,
        "mean": 0.808862388134,
        "min": -1.99141836166,
        "stdev": 0.858718454838
    },
    "barkbands_spread": {
        "max": 79.6240463257,
        "mean": 25.7372589111,
        "min": 3.83994913101,
        "stdev": 17.8415737152
    },
    "dissonance": {
        "max": 0.499944746494,
        "mean": 0.473339468241,
        "min": 0.2591971457,
        "stdev": 0.0214392226189
    },
    "dynamic_complexity": 5.89052248001,
    "erbbands_crest": {
        "max": 26.443031311,
        "mean": 7.21905851364,
        "min": 1.96757388115,
        "stdev": 3.74616479874
    },
    "erbbands_flatness_db": {
        "max": 0.286207318306,
        "mean": 0.162018835545,
        "min": 0.0526647046208,
        "stdev": 0.0472947917879
    },
    "erbbands_kurtosis": {
        "max": 8.18497180939,
        "mean": 0.127165675163,
        "min": -1.29571437836,
        "stdev": 1.06867051125
    },
    "erbbands_skewness": {
        "max": 1.60970389843,
        "mean": 0.0943744257092,
        "min": -2.03648805618,
        "stdev": 0.590116143227
    },
    "erbbands_spread": {
        "max": 120.825378418,
        "mean": 33.2449111938,
        "min": 7.31709623337,
        "stdev": 16.0364551544
    },
    "hfc": {
        "max": 114.264564514,
        "mean": 17.0110664368,
        "min": 1.23240223331e-16,
        "stdev": 18.0181808472
    },
    "loudness_ebu128": {
        "integrated": -27.1933574677,
        "loudness_range": 2.84349250793,
        "momentary": {
            "max": -22.9379634857,
            "mean": -30.6607513428,
            "min": -47.2845153809,
            "stdev": 6.92851781845
        },
        "short_term": {
            "max": -25.4955348969,
            "mean": -27.3862419128,
            "min": -29.6544876099,
            "stdev": 1.03651571274
        }
    },
    "melbands_crest": {
        "max": 20.8107852936,
        "mean": 10.3569288254,
        "min": 1.93795084953,
        "stdev": 3.73491096497
    },
    "melbands_flatness_db": {
        "max": 0.312108039856,
        "mean": 0.156676128507,
        "min": 0.00720540108159,
        "stdev": 0.0592471137643
    },
    "melbands_kurtosis": {
        "max": 54.2431221008,
        "mean": 4.0853304863,
        "min": -1.54725766182,
        "stdev": 5.94492864609
    },
    "melbands_skewness": {
        "max": 6.43760633469,
        "mean": 1.59330141544,
        "min": -0.842094779015,
        "stdev": 0.898269712925
    },
    "melbands_spread": {
        "max": 160.528747559,
        "mean": 33.2771263123,
        "min": 4.23478317261,
        "stdev": 23.8606758118
    },
    "pitch_salience": {
        "max": 0.980905056,
        "mean": 0.635429143906,
        "min": 0.373784542084,
        "stdev": 0.0875198915601
    },
    "silence_rate_20dB": {
        "max": 1,
        "mean": 1,
        "min": 1,
        "stdev": 0
    },
    "silence_rate_30dB": {
        "max": 1,
        "mean": 0.998181819916,
        "min": 0,
        "stdev": 0.0426010973752
    },
    "silence_rate_60dB": {
        "max": 1,
        "mean": 0.198181822896,
        "min": 0,
        "stdev": 0.39863011241
    },
    "spectral_centroid": {
        "max": 11058.9296875,
        "mean": 1478.57421875,
        "min": 323.924835205,
        "stdev": 847.589904785
    },
    "spectral_complexity": {
        "max": 47,
        "mean": 18.3072719574,
        "min": 0,
        "stdev": 10.985534668
    },
    "spectral_decrease": {
        "max": 6.8135590839e-18,
        "mean": -4.55551774081e-09,
        "min": -2.73167835019e-08,
        "stdev": 4.28892921178e-09
    },
    "spectral_energy": {
        "max": 0.113464042544,
        "mean": 0.0187365487218,
        "min": 1.13725928181e-20,
        "stdev": 0.0174876172096
    },
    "spectral_energyband_high": {
        "max": 0.00668467534706,
        "mean": 0.000414903712226,
        "min": 7.63800563835e-21,
        "stdev": 0.000749015947804
    },
    "spectral_energyband_low": {
        "max": 0.0184105653316,
        "mean": 0.00109318306204,
        "min": 1.30258075822e-22,
        "stdev": 0.00190197164193
    },
    "spectral_energyband_middle_high": {
        "max": 0.0335820838809,
        "mean": 0.00644608866423,
        "min": 2.01796748689e-21,
        "stdev": 0.00654801307246
    },
    "spectral_energyband_middle_low": {
        "max": 0.0739130303264,
        "mean": 0.0112002370879,
        "min": 4.23904466975e-22,
        "stdev": 0.0119773969054
    },
    "spectral_entropy": {
        "max": 9.80488109589,
        "mean": 7.57350158691,
        "min": 6.56423902512,
        "stdev": 0.502102851868
    },
    "spectral_flux": {
        "max": 0.225262537599,
        "mean": 0.0512683279812,
        "min": 1.06642361608e-10,
        "stdev": 0.036219611764
    },
    "spectral_kurtosis": {
        "max": 27.3539123535,
        "mean": 6.17257595062,
        "min": -1.22381567955,
        "stdev": 4.40279579163
    },
    "spectral_rms": {
        "max": 0.0105212470517,
        "mean": 0.00368765532039,
        "min": 3.33094771383e-12,
        "stdev": 0.00216350215487
    },
    "spectral_rolloff": {
        "max": 19466.015625,
        "mean": 2764.31420898,
        "min": 301.46484375,
        "stdev": 3167.6875
    },
    "spectral_skewness": {
        "max": 3.69735908508,
        "mean": 1.79343557358,
        "min": -0.0284263063222,
        "stdev": 0.564118623734
    },
    "spectral_spread": {
        "max": 41114372,
        "mean": 4526237,
        "min": 1900450.625,
        "stdev": 2730409.25
    },
    "spectral_strongpeak": {
        "max": 10.1607818604,
        "mean": 0.966765701771,
        "min": 0,
        "stdev": 1.1926984787
    },
    "zerocrossingrate": {
        "max": 0.5078125,
        "mean": 0.0817338451743,
        "min": 0.01708984375,
        "stdev": 0.0579123161733
    },
    "barkbands": {
        "max": [4.04148413509e-05, 0.00285055651329, 0.00978366099298, 0.0202789120376, 0.0306894425303, 0.0151257552207, 0.027499595657, 0.00774434907362, 0.022644046694, 0.0117042195052, 0.0112148765475, 0.0193278882653, 0.00634152628481, 0.0116267446429, 0.00595287093893, 0.0188964847475, 0.014788929373, 0.0123682217672, 0.00437071826309, 0.00351733970456, 0.00232784892432, 0.00105235655792, 0.0013198988745, 0.00211857794784, 0.00194242456928, 0.000309486524202, 2.70734602736e-07],
        "mean": [1.23580923628e-06, 0.000296999583952, 0.000435388297774, 0.000745264813304, 0.00485962582752, 0.00129871850368, 0.00206667790189, 0.00097578484565, 0.0011485137511, 0.00110675313044, 0.000762539042626, 0.00133379420731, 0.000539094093256, 0.000495115760714, 0.000336967234034, 0.000812251702882, 0.000404982682085, 0.000407203449868, 0.000226106727496, 0.000128768544528, 0.00010878971807, 7.18953451724e-05, 6.82264362695e-05, 5.0031911087e-05, 4.2294326704e-05, 1.34880092446e-05, 2.80089942351e-08],
        "min": [1.63611594522e-22, 2.57447769868e-23, 1.79302514399e-23, 2.94631280838e-23, 2.33925736277e-23, 4.59205841022e-23, 8.77412750643e-23, 3.29452326946e-23, 1.66578544563e-22, 1.388482031e-22, 1.46148523865e-22, 3.48412535694e-23, 1.15667620063e-22, 7.20343034457e-23, 1.44548196457e-22, 2.35691216449e-22, 1.47769260683e-22, 1.85652456566e-22, 4.5736862815e-22, 4.36764692022e-22, 3.2771281292e-22, 4.77107619316e-22, 6.84495793907e-22, 8.77635095822e-22, 1.06988249266e-21, 1.83444123135e-21, 2.52532445094e-21],
        "stdev": [2.7636995128e-06, 0.000302507425658, 0.000942847167607, 0.00159098114818, 0.00578315975145, 0.00196966901422, 0.00327099394053, 0.00131471268833, 0.00246704765595, 0.00154250452761, 0.00123109086417, 0.00188690656796, 0.000800434791017, 0.000988549203612, 0.000707642466296, 0.00175653700717, 0.00121478596702, 0.00112976611126, 0.000410803942941, 0.00030644540675, 0.000220262547373, 0.000139147145092, 0.000133214067318, 0.000135704278364, 0.000113799549581, 2.75490037893e-05, 5.35719770767e-08]
    },
    "erbbands": {
        "max": [0.0544785670936, 0.731433987617, 7.33321046829, 43.03150177, 91.8029403687, 129.13218689, 96.7029800415, 109.030311584, 270.897247314, 380.005279541, 363.949066162, 391.246185303, 234.562362671, 459.299255371, 564.781311035, 357.275787354, 318.29296875, 725.182556152, 193.976333618, 217.286697388, 1192.15246582, 811.465637207, 889.360778809, 251.884429932, 138.859786987, 165.64402771, 130.834106445, 56.0718154907, 44.9035263062, 36.3674240112, 45.6820220947, 45.6989974976, 34.109413147, 21.7400016785, 12.8563337326, 2.52022600174, 0.614860355854, 0.0387314334512, 0.000929037574679, 0.000156653826707],
        "mean": [0.00568610150367, 0.0821915790439, 0.389526456594, 1.91067492962, 11.9639577866, 13.0828399658, 13.2557506561, 11.6229667664, 25.9381580353, 22.9536132812, 26.8508777618, 24.1729431152, 28.9138031006, 33.4747276306, 41.7369880676, 40.0192565918, 26.7447052002, 22.5346641541, 21.9302406311, 20.0839881897, 49.6777458191, 27.8177318573, 24.5978164673, 14.957816124, 8.17195320129, 5.49114179611, 5.59110116959, 3.09833312035, 2.83089900017, 2.14666008949, 1.78629744053, 1.24491274357, 0.727640330791, 0.506923139095, 0.280337899923, 0.0843188911676, 0.0231403242797, 0.00166755891405, 4.57656205981e-05, 2.49512468145e-05],
        "min": [2.04782919168e-21, 2.65686757486e-21, 1.30113822066e-20, 8.02057521763e-20, 4.91462478547e-20, 1.30555092227e-19, 7.57747265806e-20, 4.99180855606e-19, 1.70155715233e-18, 5.89397981199e-19, 1.20431520808e-18, 3.12163032567e-18, 4.00677686042e-18, 4.50786260958e-18, 6.2319774942e-18, 2.16257354883e-18, 5.79341005574e-18, 4.43490486597e-18, 5.47223319468e-18, 8.10851984543e-18, 1.32557248261e-17, 9.34316466464e-18, 1.11238024549e-17, 1.93573762925e-17, 2.43606956872e-17, 2.04792069111e-17, 1.01176728973e-17, 1.69539318852e-17, 1.6833297519e-17, 1.30377313018e-17, 2.03205271998e-17, 1.87887111281e-17, 1.51412896499e-17, 1.30324315557e-17, 7.3735392655e-18, 5.18066815878e-18, 3.78942605549e-18, 1.44835923478e-18, 3.34836508107e-19, 3.91948644201e-20],
        "stdev": [0.00502694258466, 0.0863838642836, 0.740468800068, 3.82836985588, 16.2850608826, 16.6078681946, 16.661315918, 15.1547603607, 37.9583587646, 41.2880592346, 41.6992149353, 45.2087173462, 35.4870033264, 50.5754203796, 52.2852249146, 49.5082359314, 37.3757362366, 58.3096961975, 27.2474040985, 28.2513790131, 112.811927795, 72.4162216187, 74.8050384521, 26.1066474915, 14.5706577301, 11.9214086533, 11.864569664, 5.93168783188, 5.7453622818, 4.13524103165, 3.84279203415, 3.30490803719, 1.99597251415, 1.29750561714, 0.768421769142, 0.202354043722, 0.0446634963155, 0.00270460732281, 6.34016396361e-05, 2.24673913181e-05]
    },
    "gfcc": {
        "mean": [-47.4088172913, 87.5468215942, -132.564254761, 16.1702098846, -63.2867965698, 7.75264215469, -46.4968795776, 4.58716344833, -30.647315979, -6.05421829224, -19.7639560699, 4.56954050064, -11.7634887695],
        "cov": [[24172.1210938, 5050.62402344, -2214.67285156, 466.948486328, -885.124694824, -68.444480896, -882.852355957, -425.215698242, -364.112518311, -542.998168945, -44.3232307434, -229.642913818, 32.14686203], [5050.62402344, 2778.84912109, -748.375488281, -170.996170044, 1.06963956356, -280.705108643, -82.0401077271, -309.754058838, 92.8529968262, -235.032150269, 122.393730164, -151.566009521, 131.805038452], [-2214.67285156, -748.375488281, 938.959960938, -105.603507996, 53.4780731201, 186.059753418, -59.0519332886, 133.844100952, -78.5252609253, 122.2550354, -110.353347778, 19.2484054565, -109.019927979], [466.948486328, -170.996170044, -105.603507996, 294.099884033, 15.2541408539, 6.046002388, 34.783405304, 7.03434467316, -14.7106676102, -42.5426292419, -7.26172208786, 68.9187469482, 16.8313865662], [-885.124694824, 1.06963956356, 53.4780731201, 15.2541408539, 180.585617065, -6.36032295227, 53.2005615234, 4.65989780426, 24.6765136719, -1.96777570248, 0.367653548717, 41.3484687805, 25.156917572], [-68.444480896, -280.705108643, 186.059753418, 6.046002388, -6.36032295227, 167.235366821, -46.2000236511, 51.35389328, -43.1645202637, 29.4413528442, -13.4638080597, 21.4890918732, -18.9182872772], [-882.852355957, -82.0401077271, -59.0519332886, 34.783405304, 53.2005615234, -46.2000236511, 146.699523926, -8.29352855682, 23.7717266083, -2.33409142494, 6.26689767838, 3.20301866531, 11.9694576263], [-425.215698242, -309.754058838, 133.844100952, 7.03434467316, 4.65989780426, 51.35389328, -8.29352855682, 109.052360535, -8.17838573456, 20.9150333405, -20.9576740265, 36.1976623535, -20.6232528687], [-364.112518311, 92.8529968262, -78.5252609253, -14.7106676102, 24.6765136719, -43.1645202637, 23.7717266083, -8.17838573456, 78.237953186, 3.00897908211, 33.0237998962, -2.70728158951, 18.8048324585], [-542.998168945, -235.032150269, 122.2550354, -42.5426292419, -1.96777570248, 29.4413528442, -2.33409142494, 20.9150333405, 3.00897908211, 81.7915039062, -8.77389812469, -14.070763588, -29.4276103973], [-44.3232307434, 122.393730164, -110.353347778, -7.26172208786, 0.367653548717, -13.4638080597, 6.26689767838, -20.9576740265, 33.0237998962, -8.77389812469, 73.9030227661, 17.116109848, 38.0160102844], [-229.642913818, -151.566009521, 19.2484054565, 68.9187469482, 41.3484687805, 21.4890918732, 3.20301866531, 36.1976623535, -2.70728158951, -14.070763588, 17.116109848, 98.5310134888, 29.2511310577], [32.14686203, 131.805038452, -109.019927979, 16.8313865662, 25.156917572, -18.9182872772, 11.9694576263, -20.6232528687, 18.8048324585, -29.4276103973, 38.0160102844, 29.2511310577, 70.0751266479]],
        "icov": [[0.000696720555425, -0.00170262285974, 0.00164294103161, -0.00167619565036, 0.00211685220711, -0.00157914822921, 0.00228283274919, -0.00134779897053, 0.00276091415435, -0.00214458978735, 0.00283135380596, -0.00136309000663, 0.00126008840743], [-0.00170262285974, 0.00518088229001, -0.00381990149617, 0.00465396093205, -0.00583036802709, 0.00445068720728, -0.0044590048492, 0.0046624019742, -0.00702375080436, 0.00771601404995, -0.00765217840672, 0.00460037495941, -0.00323977624066], [0.00164294103161, -0.00381990149617, 0.00628971634433, -0.00290648569353, 0.00391770107672, -0.00502264453098, 0.00585627090186, -0.00365437660366, 0.00714160688221, -0.00640518823639, 0.00863764993846, -0.00420574005693, 0.00453970488161], [-0.00167619565036, 0.00465396093205, -0.00290648569353, 0.00953701790422, -0.00487330462784, 0.00290827290155, -0.00635678088292, 0.00504971062765, -0.00686834286898, 0.00791530869901, -0.00449488637969, -0.000852561206557, -0.00172912853304], [0.00211685220711, -0.00583036802709, 0.00391770107672, -0.00487330462784, 0.0151700330898, -0.00571543211117, 0.00337114348076, -0.0030530791264, 0.00499216234311, -0.00773914018646, 0.0122976768762, -0.00898549426347, 0.0012870071223], [-0.00157914822921, 0.00445068720728, -0.00502264453098, 0.00290827290155, -0.00571543211117, 0.0143292555586, -0.00217219023034, 0.000523917376995, -0.00128648651298, 0.00418140087277, -0.010617387481, 0.00481746066362, -0.00386369903572], [0.00228283274919, -0.0044590048492, 0.00585627090186, -0.00635678088292, 0.00337114348076, -0.00217219023034, 0.0177177134901, -0.00396417081356, 0.00856861192733, -0.00574452895671, 0.0077719069086, -0.00130151887424, 0.00360305863433], [-0.00134779897053, 0.0046624019742, -0.00365437660366, 0.00504971062765, -0.0030530791264, 0.000523917376995, -0.00396417081356, 0.0200908463448, -0.00991424918175, 0.00683300103992, -0.00161484070122, -0.00416211783886, 0.000921330763958], [0.00276091415435, -0.00702375080436, 0.00714160688221, -0.00686834286898, 0.00499216234311, -0.00128648651298, 0.00856861192733, -0.00991424918175, 0.0326496735215, -0.0126603180543, 0.0018107148353, -0.00178511883132, 0.00386852025986], [-0.00214458978735, 0.00771601404995, -0.00640518823639, 0.00791530869901, -0.00773914018646, 0.00418140087277, -0.00574452895671, 0.00683300103992, -0.0126603180543, 0.0313520394266, -0.0130341099575, 0.00852212682366, 0.00158119853586], [0.00283135380596, -0.00765217840672, 0.00863764993846, -0.00449488637969, 0.0122976768762, -0.010617387481, 0.0077719069086, -0.00161484070122, 0.0018107148353, -0.0130341099575, 0.0397549495101, -0.0140010602772, -0.00315441773273], [-0.00136309000663, 0.00460037495941, -0.00420574005693, -0.000852561206557, -0.00898549426347, 0.00481746066362, -0.00130151887424, -0.00416211783886, -0.00178511883132, 0.00852212682366, -0.0140010602772, 0.0263873748481, -0.0102034378797], [0.00126008840743, -0.00323977624066, 0.00453970488161, -0.00172912853304, 0.0012870071223, -0.00386369903572, 0.00360305863433, 0.000921330763958, 0.00386852025986, 0.00158119853586, -0.00315441773273, -0.0102034378797, 0.0310110021383]]
    },
    "melbands": {
        "max": [0.000678617216181, 0.00314771896228, 0.00671827234328, 0.00777092343196, 0.00369626353495, 0.00249589770101, 0.00433147931471, 0.00356770772487, 0.00364146172069, 0.00228786258958, 0.00137261010241, 0.00170512625482, 0.00115037278738, 0.00245867739432, 0.00102160777897, 0.000757894129492, 0.00154318672139, 0.000366815627785, 0.000619292375632, 0.000326314533595, 0.00180938863195, 0.000791470520198, 0.00100389926229, 0.00055217242334, 0.000187130077393, 0.000185890603461, 0.000159999268362, 0.000116583811177, 8.37634725031e-05, 8.81045125425e-05, 3.45435946656e-05, 2.91534743155e-05, 2.22566632146e-05, 2.2002892365e-05, 2.85438163701e-05, 1.96609580598e-05, 3.02412263409e-05, 2.35333136516e-05, 2.02759274543e-05, 1.79030375875e-05],
        "mean": [7.08795851097e-05, 0.000184293458005, 0.000578374427278, 0.00106750475243, 0.000458165246528, 0.000271720753517, 0.000398353877245, 0.000245084724156, 0.000218326647882, 0.000151248488692, 0.000153242013766, 0.000146738690091, 0.000113259760838, 0.000164553668583, 6.8246437877e-05, 5.79290281166e-05, 3.98617121391e-05, 3.72470749426e-05, 2.92540553346e-05, 3.17105368595e-05, 6.31977090961e-05, 2.69127831416e-05, 2.35107236222e-05, 1.74435554072e-05, 1.18233765534e-05, 8.12211601442e-06, 4.66469100502e-06, 3.25181554217e-06, 4.00576846005e-06, 2.40557460529e-06, 1.53251505708e-06, 1.79295898306e-06, 1.12817645004e-06, 1.26215059026e-06, 1.0368725043e-06, 9.49674699768e-07, 6.68180007324e-07, 5.29512362846e-07, 4.31970079262e-07, 4.2057263272e-07],
        "min": [2.10605051543e-23, 6.65643277294e-24, 1.19547981102e-23, 6.06587453879e-24, 2.99107143508e-24, 1.28515783427e-23, 2.29580911292e-23, 5.95771224235e-24, 1.2683085542e-23, 2.12259182421e-23, 2.0251392612e-23, 1.74369467391e-23, 2.14627753066e-23, 6.21896167491e-24, 6.99211990939e-24, 1.37208202299e-23, 7.04815664379e-24, 7.76250490335e-24, 1.01452166691e-23, 1.44752158021e-23, 1.46470139301e-23, 8.40670844007e-24, 1.0748845934e-23, 8.51392568114e-24, 1.67540282758e-23, 1.62740789901e-23, 2.15068221441e-23, 1.04914106439e-23, 5.01533151079e-24, 8.28597091194e-24, 1.06877273576e-23, 1.04348146071e-23, 7.26219985092e-24, 6.93147859388e-24, 1.03705027218e-23, 1.45542091777e-23, 1.0700469039e-23, 8.60548008894e-24, 1.31596166933e-23, 1.05934411245e-23],
        "stdev": [6.70180015732e-05, 0.000312006712193, 0.000863258726895, 0.00137669558171, 0.000555379025172, 0.000352552655386, 0.000591858639382, 0.000391672190744, 0.000402028555982, 0.000285170448478, 0.000195754459128, 0.000208039011341, 0.000139522177051, 0.000238225708017, 0.000108300395368, 9.27158253035e-05, 0.000115295435535, 4.62516654807e-05, 7.28825616534e-05, 4.74520602438e-05, 0.000159361996339, 7.54430730012e-05, 7.79180045356e-05, 4.80322632939e-05, 2.04837087949e-05, 1.59687351697e-05, 1.14744607345e-05, 7.79585752753e-06, 8.16459396447e-06, 6.58515000396e-06, 3.16299565384e-06, 3.5923796986e-06, 2.53545204032e-06, 2.33981700148e-06, 2.23376150643e-06, 2.21576965487e-06, 1.96720588974e-06, 1.42338399201e-06, 1.20526203773e-06, 1.05186893506e-06]
    },
    "melbands128": {
        "max": [2.19543344429e-05, 0.000242310386966, 0.00109541625716, 0.00126523408107, 0.00204839021899, 0.00587332621217, 0.010052876547, 0.00848605949432, 0.0111265424639, 0.0130479717627, 0.00970183219761, 0.00464424677193, 0.0036330902949, 0.00421998742968, 0.00311199622229, 0.00210146745667, 0.00641902210191, 0.00491112004966, 0.0118035562336, 0.00279655912891, 0.00149117026012, 0.00227903830819, 0.00396474916488, 0.00782754737884, 0.00163097295444, 0.00232980074361, 0.00185152469203, 0.000691994733643, 0.00412084767595, 0.00137346924748, 0.00348012940958, 0.0024593709968, 0.00125788454898, 0.00206623203121, 0.00620879186317, 0.00190342054702, 0.00132619356737, 0.00188672391232, 0.000486230012029, 0.000966881460045, 0.0010736748809, 0.00145819375757, 0.00256809941493, 0.00120721047278, 0.000825501570944, 0.000368112203432, 0.000313860306051, 0.00133231340442, 0.00048941274872, 0.000139421230415, 0.000470231898362, 0.000792227277998, 0.00342820282094, 0.00223994604312, 0.000690224114805, 0.00165303109679, 0.00119852286298, 0.0010870792903, 0.00104103819467, 0.000959779194091, 0.000607759691775, 0.000233460799791, 0.000350042042555, 0.000226726595429, 0.000584461668041, 0.000276921142358, 4.63528376713e-05, 0.000197769681108, 0.000237292362726, 6.06287794653e-05, 0.000288756767986, 0.000110958470032, 0.000142909673741, 0.000104731901956, 0.000163887554663, 0.00017893894983, 2.66787628789e-05, 3.76552343369e-05, 5.00592577737e-05, 1.67277030414e-05, 4.70175036753e-05, 5.28827549715e-05, 2.55503309745e-05, 3.55538722943e-05, 2.0890705855e-05, 2.6121871997e-05, 3.35370641551e-05, 2.95273748634e-05, 3.75505696866e-05, 3.47096138285e-05, 2.33820719586e-05, 2.43831163971e-05, 3.08151866193e-05, 3.92381698475e-05, 2.34787021327e-05, 1.78586087713e-05, 2.61941531789e-05, 3.03653778246e-05, 1.13348314699e-05, 2.71527824225e-05, 1.52351340148e-05, 1.69620052475e-05, 1.47629689309e-05, 2.32467082242e-05, 9.91567503661e-06, 1.63931763382e-05, 1.22475048556e-05, 4.21969343734e-06, 3.38796212418e-06, 2.35401671489e-06, 1.78944083018e-06, 1.77658910161e-06, 3.29727413373e-06, 1.16940816497e-06, 7.67159917814e-07, 1.61299652746e-07, 9.58919788019e-09, 5.11606534914e-10, 5.988316093e-11, 4.79844879109e-11, 4.63443450283e-11, 4.45708019103e-11, 4.3494666202e-11, 4.23534575467e-11, 4.16107287515e-11, 4.20324781925e-11, 4.06233761907e-11, 4.02976471636e-11],
        "mean": [9.1488493581e-07, 2.3417889679e-05, 0.000116913332022, 0.000131461085402, 0.000143950019265, 0.000245045404881, 0.000339931604685, 0.000380004552426, 0.00134035316296, 0.00158204033505, 0.000461515737697, 0.000520995876286, 0.000508808880113, 0.000291261239909, 0.000256263068877, 0.000183500451385, 0.000457534624729, 0.000391149194911, 0.000442635180661, 0.000183912372449, 0.000195401240489, 0.000285358604742, 0.000193534477148, 0.000226136005949, 0.000110224202217, 0.00018425899907, 7.69849357312e-05, 8.99249280337e-05, 0.000320975435898, 0.000127540552057, 0.00012050922669, 0.000104987731902, 6.21599101578e-05, 0.000131986074848, 0.000287183909677, 0.000125575083075, 4.29484607594e-05, 0.00011971827189, 2.47923780989e-05, 5.93702352489e-05, 7.68910322222e-05, 3.37170895364e-05, 4.22804696427e-05, 2.49868426181e-05, 7.2191527579e-05, 2.88254050247e-05, 1.46617348946e-05, 4.62493044324e-05, 2.62255416601e-05, 8.95479934115e-06, 3.93866757804e-05, 3.551854752e-05, 9.8432697996e-05, 5.63753783354e-05, 1.9760145733e-05, 3.22253108607e-05, 2.65246108029e-05, 1.47112541526e-05, 2.90296793537e-05, 2.82370456262e-05, 1.53235232574e-05, 1.07075275082e-05, 9.99284111458e-06, 1.02500562207e-05, 1.96891433006e-05, 6.6075954237e-06, 2.54801034316e-06, 5.20207868249e-06, 5.56863824386e-06, 3.23952122017e-06, 2.60485376202e-06, 4.0944732973e-06, 3.59814566764e-06, 4.76947161587e-06, 2.70584564532e-06, 3.25193150275e-06, 1.49316292664e-06, 2.01071611627e-06, 1.30371688556e-06, 1.23037682442e-06, 2.45809587796e-06, 1.69216843915e-06, 1.07952439521e-06, 1.26232146158e-06, 9.4898922498e-07, 1.03625473002e-06, 1.731353791e-06, 9.83536210697e-07, 1.06876677819e-06, 9.46199293139e-07, 9.43303746226e-07, 1.00205318176e-06, 8.37906782181e-07, 6.50519496048e-07, 5.98953988629e-07, 5.28586042492e-07, 5.57099895104e-07, 4.38799418134e-07, 3.95732683955e-07, 4.79734012515e-07, 4.42203543116e-07, 4.4393391363e-07, 3.17050790954e-07, 3.81350361067e-07, 3.16096048891e-07, 2.84796897176e-07, 2.94260502187e-07, 1.79641645559e-07, 9.69001234807e-08, 1.12005984931e-07, 7.29308737846e-08, 9.45466069879e-08, 7.99267994012e-08, 5.57455379635e-08, 3.87123648693e-08, 7.48709716447e-09, 1.00121100299e-09, 7.29737017341e-12, 5.13216682693e-12, 4.98374258529e-12, 4.88279078628e-12, 4.86781925532e-12, 4.74203879289e-12, 4.65336493297e-12, 4.6488824075e-12, 4.63503497736e-12, 4.63427603584e-12, 4.60425577872e-12],
        "min": [6.59049425646e-23, 2.46098128257e-23, 7.8811251288e-24, 3.30013195217e-24, 2.76129084731e-24, 1.15062123564e-23, 1.92189898349e-23, 1.12939740631e-23, 2.20871902675e-24, 6.03371307411e-24, 9.60785172019e-24, 2.79856334179e-24, 2.38413210979e-24, 1.31308214953e-24, 4.40418045713e-24, 2.10351322322e-23, 3.87564112628e-23, 2.39764111613e-23, 3.54839693145e-24, 4.73173838195e-24, 8.70761548806e-24, 4.15816037878e-24, 1.04740620149e-23, 2.6495537488e-23, 1.74285011943e-23, 1.98534107075e-23, 2.79953955716e-23, 1.7989919301e-23, 1.35275193314e-23, 2.85373714125e-23, 1.42640566705e-23, 6.52412857179e-24, 3.30545656606e-23, 2.39997614441e-23, 1.8315287348e-24, 4.39016673758e-24, 6.01097849725e-24, 4.36215349798e-24, 4.62858653555e-24, 2.38247226756e-23, 9.82707932119e-24, 1.29875258979e-23, 7.04600384238e-24, 4.70683364874e-24, 2.975434437e-24, 1.21193071634e-23, 7.75872152644e-24, 1.05845553953e-23, 1.15054463725e-23, 7.05960064894e-24, 1.35362062677e-23, 2.44621065098e-23, 2.06577821959e-23, 7.05494400302e-24, 6.01222134761e-24, 8.75793771407e-24, 1.04634889122e-23, 1.0065432066e-23, 1.32701329507e-23, 9.29102861457e-24, 8.09038704999e-24, 6.45383041552e-24, 1.35092840227e-23, 2.45018808766e-23, 1.23158518579e-23, 1.81322298083e-23, 1.69273836151e-23, 1.49987954067e-23, 2.45986946201e-23, 2.84810498993e-23, 7.42470361968e-24, 4.38868683453e-24, 4.22651517621e-24, 4.83886490402e-24, 6.93578971873e-24, 5.07215789496e-24, 1.19101438498e-23, 1.00237612775e-23, 7.60444005491e-24, 1.49285000114e-23, 1.19598720635e-23, 9.29173070078e-24, 6.94420134256e-24, 7.24978002483e-24, 6.44513164631e-24, 7.53481992458e-24, 6.76065470916e-24, 6.4404880166e-24, 1.14823477363e-23, 8.77604443843e-24, 2.18720552769e-23, 1.31880385628e-23, 9.78055703817e-24, 1.17108034322e-23, 1.1521091062e-23, 4.8692313157e-24, 8.11722094254e-24, 1.24152207218e-23, 1.66598635272e-23, 1.15678271263e-23, 8.52668866173e-24, 1.18098906728e-23, 1.13300904819e-23, 1.1724262977e-23, 6.18261924744e-24, 5.83962134256e-24, 8.29820141142e-24, 1.06405921297e-23, 7.39986948952e-24, 9.23963353774e-24, 9.29639996848e-24, 1.27914844967e-23, 1.42953523603e-23, 1.21330309765e-23, 9.89907786715e-24, 1.387899473e-23, 1.30059245008e-23, 8.75291898099e-24, 7.25648534253e-24, 9.46315964181e-24, 1.09724990447e-23, 1.31896557277e-23, 1.05840615684e-23, 1.2470198016e-23, 1.08350368765e-23, 1.17938539195e-23, 1.19369043783e-23, 1.27764914063e-23],
        "stdev": [1.99309965865e-06, 2.08292840398e-05, 0.000106630905066, 0.00015245792747, 0.000254947051872, 0.00055376306409, 0.000843384594191, 0.000760261493269, 0.00189222616609, 0.0021931680385, 0.000866489426699, 0.000711085624062, 0.000675531045999, 0.000616694276687, 0.000382445403375, 0.000284494017251, 0.000835646584164, 0.00061661779182, 0.00123891548719, 0.000360865989933, 0.000285657180939, 0.000437574984971, 0.000474606204079, 0.00075347936945, 0.000189882150153, 0.000359193363693, 0.000169611957972, 0.000121029297588, 0.000537074694876, 0.000189618833247, 0.000366380991181, 0.000254868500633, 0.000108637890662, 0.000226941527217, 0.000512887723744, 0.000194301959709, 9.38830125961e-05, 0.000208383775316, 4.87673896714e-05, 9.96314993245e-05, 0.000120936230815, 0.000117759496788, 0.000186854085769, 8.63586901687e-05, 0.000112176945549, 3.9620550524e-05, 2.99758012261e-05, 0.00014760173508, 5.41963563592e-05, 1.46448610394e-05, 7.21862306818e-05, 7.11673565092e-05, 0.000282432360109, 0.00016556760238, 6.11655923421e-05, 0.000107326166471, 9.00650265976e-05, 7.23157427274e-05, 9.47707303567e-05, 9.23442275962e-05, 4.71240746265e-05, 2.60935266851e-05, 2.82471592072e-05, 2.42800142587e-05, 4.23216042691e-05, 1.77139172592e-05, 5.23861990587e-06, 1.71900737769e-05, 1.4822778212e-05, 7.2953093877e-06, 1.39687617775e-05, 1.07630958155e-05, 1.03654128907e-05, 1.13742817121e-05, 9.40490008361e-06, 1.32420209411e-05, 3.15688407682e-06, 3.72762178813e-06, 4.46210196969e-06, 2.32715160564e-06, 4.99478619531e-06, 4.74857779409e-06, 2.78269931187e-06, 3.06342622025e-06, 2.31906074077e-06, 2.5178208034e-06, 3.33102047989e-06, 2.11727910937e-06, 2.69878432846e-06, 2.54439646596e-06, 2.28887984122e-06, 2.36279197452e-06, 2.53605935541e-06, 2.30360797104e-06, 1.75802688318e-06, 1.35494997267e-06, 1.5176586885e-06, 1.59870853622e-06, 9.50760522755e-07, 1.53973883243e-06, 1.08631502371e-06, 1.06056506866e-06, 8.41972564558e-07, 1.24069288177e-06, 7.74868226472e-07, 8.98811038041e-07, 8.40731672724e-07, 4.4180623604e-07, 2.32607078487e-07, 2.84688866259e-07, 1.35324299322e-07, 1.90684687595e-07, 1.82285887718e-07, 8.83188775447e-08, 6.08728143447e-08, 1.19809238086e-08, 1.96820071352e-09, 2.30173033411e-11, 6.64099114242e-12, 6.01324675817e-12, 5.73778784901e-12, 5.67045108785e-12, 5.53254967881e-12, 5.45330317361e-12, 5.34544413941e-12, 5.26062310033e-12, 5.15047466482e-12, 5.17982531867e-12]
    },
    "mfcc": {
        "mean": [-679.418518066, 123.442344666, -13.5394115448, 8.96117591858, -1.39015996456, -2.9378516674, -6.22345542908, 4.71125650406, -7.31978225708, -8.59545993805, -9.17982673645, -3.79843568802, -3.03527760506],
        "cov": [[15526.9052734, 2655.03125, -1124.55834961, -95.2627410889, -375.543395996, -152.407806396, -365.244445801, -40.3827819824, -370.514648438, -322.559082031, -203.055374146, 17.3932247162, -14.5320148468], [2655.03125, 2046.82714844, -378.459655762, -86.3363113403, -64.0912704468, -51.1888961792, -137.311584473, -97.3985748291, -98.4368896484, -15.274222374, -61.2543678284, -32.2227935791, -31.8316040039], [-1124.55834961, -378.459655762, 584.775878906, -132.056686401, 135.528213501, 9.57907962799, 54.3219718933, -10.0935316086, 13.0290546417, 56.9706382751, 44.3902397156, -41.3050498962, -36.3748779297], [-95.2627410889, -86.3363113403, -132.056686401, 258.433563232, -29.9124145508, 27.7939853668, 0.180863529444, 62.4832420349, 30.734292984, -42.2871589661, -31.3274803162, 12.0542144775, 24.5391540527], [-375.543395996, -64.0912704468, 135.528213501, -29.9124145508, 169.599777222, 16.0292873383, 17.3713703156, 33.249546051, 17.0303440094, -9.66658973694, -7.20272397995, 5.27409029007, 21.8979873657], [-152.407806396, -51.1888961792, 9.57907962799, 27.7939853668, 16.0292873383, 93.3436126709, 30.9785556793, -1.67155790329, -0.812234580517, 5.3787689209, -0.599565386772, -11.0970945358, 0.596443831921], [-365.244445801, -137.311584473, 54.3219718933, 0.180863529444, 17.3713703156, 30.9785556793, 80.5185089111, 22.4983348846, 16.5370559692, 10.1871595383, -2.64163255692, -15.3886613846, -1.33680891991], [-40.3827819824, -97.3985748291, -10.0935316086, 62.4832420349, 33.249546051, -1.67155790329, 22.4983348846, 106.582122803, 27.9123897552, -45.6015968323, -18.6147193909, 8.88866233826, 29.3382911682], [-370.514648438, -98.4368896484, 13.0290546417, 30.734292984, 17.0303440094, -0.812234580517, 16.5370559692, 27.9123897552, 50.1651039124, 10.2943077087, -0.817959785461, -0.536274254322, 3.32458090782], [-322.559082031, -15.274222374, 56.9706382751, -42.2871589661, -9.66658973694, 5.3787689209, 10.1871595383, -45.6015968323, 10.2943077087, 80.5161819458, 30.5371665955, -17.5530033112, -30.6501312256], [-203.055374146, -61.2543678284, 44.3902397156, -31.3274803162, -7.20272397995, -0.599565386772, -2.64163255692, -18.6147193909, -0.817959785461, 30.5371665955, 59.465877533, 10.9113836288, -17.9176921844], [17.3932247162, -32.2227935791, -41.3050498962, 12.0542144775, 5.27409029007, -11.0970945358, -15.3886613846, 8.88866233826, -0.536274254322, -17.5530033112, 10.9113836288, 52.8142738342, 23.5653381348], [-14.5320148468, -31.8316040039, -36.3748779297, 24.5391540527, 21.8979873657, 0.596443831921, -1.33680891991, 29.3382911682, 3.32458090782, -30.6501312256, -17.9176921844, 23.5653381348, 62.2044830322]],
        "icov": [[0.000114619208034, -7.87842436694e-05, 0.000107714724436, 0.000119753363833, 0.000123358302517, -1.24446623886e-05, 0.000233339727856, -0.000262100744294, 0.00056543352548, 0.000200806549401, 0.000204682946787, 2.9213176731e-06, 0.000214107509237], [-7.87842436694e-05, 0.000807963020634, 0.000543839181773, 0.000237051164731, -0.000526295683812, 0.000158523092978, 0.000745021330658, 0.0002064997243, 0.000628263282124, -0.000464111479232, 0.00052291440079, 0.000758275389671, 0.000323021668009], [0.000107714724436, 0.000543839181773, 0.00353012676351, 0.00101181492209, -0.00267263595015, 0.00074234692147, -0.0003646001569, -0.000192234889255, 0.00148436950985, -0.000417531147832, -0.00148747395724, 0.00282232859172, 0.00120243628044], [0.000119753363833, 0.000237051164731, 0.00101181492209, 0.00655615935102, 0.001728324336, -0.00299879116938, 0.00225597596727, -0.00293660769239, -0.00297184474766, 0.00135672627948, 0.00231679342687, -0.000641869963147, 0.000746282516047], [0.000123358302517, -0.000526295683812, -0.00267263595015, 0.001728324336, 0.00990809407085, -0.00283838040195, 0.00112407584675, -0.00270196609199, -0.00276042032056, 0.000768156314734, 0.00258875289001, -0.00294996448793, -0.00225814175792], [-1.24446623886e-05, 0.000158523092978, 0.00074234692147, -0.00299879116938, -0.00283838040195, 0.014679107815, -0.00632014777511, 0.00303965015337, 0.0035859006457, -0.000220115936827, -0.00239521847107, 0.00341908982955, -0.00130100967363], [0.000233339727856, 0.000745021330658, -0.0003646001569, 0.00225597596727, 0.00112407584675, -0.00632014777511, 0.0202632434666, -0.00629081903026, -0.00105106958654, -0.00327358511277, 0.003341344418, 0.00301544764079, 0.000663237646222], [-0.000262100744294, 0.0002064997243, -0.000192234889255, -0.00293660769239, -0.00270196609199, 0.00303965015337, -0.00629081903026, 0.0215570926666, -0.0108771137893, 0.0120066283271, -0.00387948239222, 0.00259887217544, -0.00389453629032], [0.00056543352548, 0.000628263282124, 0.00148436950985, -0.00297184474766, -0.00276042032056, 0.0035859006457, -0.00105106958654, -0.0108771137893, 0.0366439558566, -0.0123777240515, 0.00369786191732, -0.00072928017471, 0.00182291981764], [0.000200806549401, -0.000464111479232, -0.000417531147832, 0.00135672627948, 0.000768156314734, -0.000220115936827, -0.00327358511277, 0.0120066283271, -0.0123777240515, 0.0296439826488, -0.0109066693112, 0.00673526059836, 0.00260344496928], [0.000204682946787, 0.00052291440079, -0.00148747395724, 0.00231679342687, 0.00258875289001, -0.00239521847107, 0.003341344418, -0.00387948239222, 0.00369786191732, -0.0109066693112, 0.0302227977663, -0.0139624010772, 0.00796810537577], [2.9213176731e-06, 0.000758275389671, 0.00282232859172, -0.000641869963147, -0.00294996448793, 0.00341908982955, 0.00301544764079, 0.00259887217544, -0.00072928017471, 0.00673526059836, -0.0139624010772, 0.0332895070314, -0.0111383516341], [0.000214107509237, 0.000323021668009, 0.00120243628044, 0.000746282516047, -0.00225814175792, -0.00130100967363, 0.000663237646222, -0.00389453629032, 0.00182291981764, 0.00260344496928, 0.00796810537577, -0.0111383516341, 0.027058724314]]
    },
    "spectral_contrast_coeffs": {
        "max": [-0.444850832224, -0.584759294987, -0.537395119667, -0.521998465061, -0.62559056282, -0.64411431551],
        "mean": [-0.673586189747, -0.797932684422, -0.755314946175, -0.769776761532, -0.773064315319, -0.780614316463],
        "min": [-0.988451719284, -0.984783649445, -0.958269715309, -0.970260620117, -0.95950293541, -0.957176089287],
        "stdev": [0.0787249729037, 0.0663263648748, 0.0706835985184, 0.0730951055884, 0.0603460259736, 0.0612876191735]
    },
    "spectral_contrast_valleys": {
        "max": [-5.59360122681, -5.03914737701, -5.82626104355, -5.89095783234, -5.85877847672, -8.07657337189],
        "mean": [-7.49853610992, -6.84392642975, -7.5048828125, -7.96924114227, -8.20800685883, -10.7872667313],
        "min": [-26.9813098907, -26.7769603729, -27.3383731842, -27.0335712433, -27.1128101349, -27.3786773682],
        "stdev": [1.91181349754, 1.84623908997, 1.73283970356, 1.61065256596, 1.483050704, 1.36596310139]
    }
},
"rhythm": {
    "beats_count": 18,
    "beats_loudness": {
        "max": 0.0467053502798,
        "mean": 0.0246426071972,
        "min": 0.000144911216921,
        "stdev": 0.0154619254172
    },
    "bpm": 89.5050506592,
    "bpm_histogram_first_peak_bpm": 91,
    "bpm_histogram_first_peak_weight": 0.399999976158,
    "bpm_histogram_second_peak_bpm": 86,
    "bpm_histogram_second_peak_spread": 0,
    "bpm_histogram_second_peak_weight": 0.117647059262,
    "danceability": 0.971337676048,
    "onset_rate": 3.05657839775,
    "beats_loudness_band_ratio": {
        "max": [0.458837002516, 0.56427526474, 0.439984470606, 0.427340447903, 0.662474215031, 0.300194084644],
        "mean": [0.180876418948, 0.252607762814, 0.172572761774, 0.204666346312, 0.187378674746, 0.10134998709],
        "min": [0.0236789248884, 0.0291484389454, 0.0183029510081, 0.0267261825502, 0.0232553798705, 0.00280146673322],
        "stdev": [0.115739375353, 0.148788481951, 0.114764124155, 0.10682760179, 0.195028066635, 0.102521665394]
    },
    "beats_position": [0.66176867485, 1.34675729275, 2.03174591064, 2.71673464775, 3.39011335373, 4.06349182129, 4.76009082794, 5.45668935776, 6.13006782532, 6.79183673859, 7.45360517502, 8.10376358032, 8.76553249359, 9.42730140686, 10.077460289, 10.7392292023, 11.4009971619, 12.0627660751],
