{
"metadata": {
    "version": {
        "essentia": "2.1-beta5",
        "essentia_git_sha": "Undefined",
        "extractor": "music 2.0"
    },
    "audio_properties": {
        "analysis": {
            "equal_loudness": 0,
            "length": 23.8236732483,
            "sample_rate": 44100,
            "start_time": 191.4949646,
            "downmix": "mix"
        },
        "bit_rate": 192000,
        "length": 215.34185791,
        "lossless": 0,
        "number_channels": 2,
        "replay_gain": 8.42050743103,
        "sample_rate": 44100,
        "codec": "mp3",
        "md5_encoded": "aac3a82ab76af2bfbffa21610fb55c6d"
    },
    "tags": {
        "file_name": "Greece_Miazoume_Takis Biniaris.mp3",
        "encoding": ["Lavf58.29.100"]
    }
},
"lowlevel": {
    "average_loudness": 0.00538021000102,
    "barkbands_crest": {
        "max": 21.0116043091,
        "mean": 6.5795006752,
        "min": 2.66038370132,
        "stdev": 2.38393616676
    },
    "barkbands_flatness_db": {
        "max": 0.187528550625,
        "mean": 0.0830126479268,
        "min": 0.0457908920944,
        "stdev": 0.0184283275157
    },
    "barkbands_kurtosis": {
        "max": 12.708855629,
        "mean": 2.6320207119,
        "min": -1.06635272503,
        "stdev": 1.68648386002
    },
    "barkbands_skewness": {
        "max": 2.89919805527,
        "mean": -1.18746268749,
        "min": -2.32447099686,
        "stdev": 1.08685958385
    },
    "barkbands_spread": {
        "max": 48.7452163696,
        "mean": 22.7886486053,
        "min": 5.28075170517,
        "stdev": 6.57593917847
    },
    "dissonance": {
        "max": 0.5,
        "mean": 0.490588128567,
        "min": 0.37324899435,
        "stdev": 0.0146583225578
    },
    "dynamic_complexity": 6.23206806183,
    "erbbands_crest": {
        "max": 23.3526191711,
        "mean": 4.69799995422,
        "min": 2.49462604523,
        "stdev": 2.7682621479
    },
    "erbbands_flatness_db": {
        "max": 0.242244035006,
        "mean": 0.130342230201,
        "min": 0.0775508508086,
        "stdev": 0.0481952019036
    },
    "erbbands_kurtosis": {
        "max": 6.20045661926,
        "mean": 0.21836514771,
        "min": -1.40409111977,
        "stdev": 0.60447281599
    },
    "erbbands_skewness": {
        "max": 2.23730039597,
        "mean": -0.323226034641,
        "min": -1.01111614704,
        "stdev": 0.552279651165
    },
    "erbbands_spread": {
        "max": 46.8865852356,
        "mean": 31.0178775787,
        "min": 9.95700550079,
        "stdev": 8.58279705048
    },
    "hfc": {
        "max": 113.973083496,
        "mean": 10.43055439,
        "min": 1.06404411183e-16,
        "stdev": 21.0402069092
    },
    "loudness_ebu128": {
        "integrated": -31.6387042999,
        "loudness_range": 14.7187309265,
        "momentary": {
            "max": -28.24467659,
            "mean": -218.234649658,
            "min": -300.691009521,
            "stdev": 122.470741272
        },
        "short_term": {
            "max": -30.5981197357,
            "mean": -209.168838501,
            "min": -300.691009521,
            "stdev": 124.700157166
        }
    },
    "melbands_crest": {
        "max": 24.2179756165,
        "mean": 3.86588191986,
        "min": 1.56384170055,
        "stdev": 3.47472715378
    },
    "melbands_flatness_db": {
        "max": 0.238847181201,
        "mean": 0.0336274318397,
        "min": 0.00282199191861,
        "stdev": 0.0476319119334
    },
    "melbands_kurtosis": {
        "max": 18.6362457275,
        "mean": -0.179480656981,
        "min": -1.44671773911,
        "stdev": 2.36371278763
    },
    "melbands_skewness": {
        "max": 3.43029665947,
        "mean": 0.189540296793,
        "min": -0.351468443871,
        "stdev": 0.50993257761
    },
    "melbands_spread": {
        "max": 161.162902832,
        "mean": 100.991233826,
        "min": 6.10433244705,
        "stdev": 48.1142578125
    },
    "pitch_salience": {
        "max": 0.86856085062,
        "mean": 0.777467191219,
        "min": 0.338553011417,
        "stdev": 0.0601829662919
    },
    "silence_rate_20dB": {
        "max": 1,
        "mean": 1,
        "min": 1,
        "stdev": 0
    },
    "silence_rate_30dB": {
        "max": 1,
        "mean": 0.999026298523,
        "min": 0,
        "stdev": 0.0311892181635
    },
    "silence_rate_60dB": {
        "max": 1,
        "mean": 0.7468354702,
        "min": 0,
        "stdev": 0.434819847345
    },
    "spectral_centroid": {
        "max": 11891.953125,
        "mean": 8349.58789062,
        "min": 766.625854492,
        "stdev": 4058.58935547
    },
    "spectral_complexity": {
        "max": 61,
        "mean": 9.92794513702,
        "min": 0,
        "stdev": 17.4059581757
    },
    "spectral_decrease": {
        "max": 2.71258541908e-28,
        "mean": -1.48857814963e-09,
        "min": -3.62337146953e-08,
        "stdev": 3.37983308007e-09
    },
    "spectral_energy": {
        "max": 0.145864382386,
        "mean": 0.00656432705,
        "min": 9.93083882083e-21,
        "stdev": 0.0143827181309
    },
    "spectral_energyband_high": {
        "max": 0.00504512619227,
        "mean": 0.000404127000365,
        "min": 6.96200843861e-21,
        "stdev": 0.000900631828699
    },
    "spectral_energyband_low": {
        "max": 0.00367529923096,
        "mean": 9.8583244835e-05,
        "min": 8.29410170129e-24,
        "stdev": 0.000373753340682
    },
    "spectral_energyband_middle_high": {
        "max": 0.0473524667323,
        "mean": 0.00349643151276,
        "min": 1.05855874147e-21,
        "stdev": 0.00744042126462
    },
    "spectral_energyband_middle_low": {
        "max": 0.131973132491,
        "mean": 0.00263586849906,
        "min": 1.02968038651e-22,
        "stdev": 0.00983846280724
    },
    "spectral_entropy": {
        "max": 9.83211517334,
        "mean": 9.23331642151,
        "min": 6.96646404266,
        "stdev": 0.864178717136
    },
    "spectral_flux": {
        "max": 0.216781541705,
        "mean": 0.0254440456629,
        "min": 6.25361845641e-11,
        "stdev": 0.0445718094707
    },
    "spectral_kurtosis": {
        "max": 9.51624488831,
        "mean": 0.601123392582,
        "min": -1.29634308815,
        "stdev": 2.7973074913
    },
    "spectral_rms": {
        "max": 0.0119292382151,
        "mean": 0.00124464207329,
        "min": 3.11265531579e-12,
        "stdev": 0.0022034435533
    },
    "spectral_rolloff": {
        "max": 20112.0117188,
        "mean": 13906.3583984,
        "min": 667.529296875,
        "stdev": 7340.62646484
    },
    "spectral_skewness": {
        "max": 2.55274581909,
        "mean": 0.481292247772,
        "min": -0.115797549486,
        "stdev": 0.745057761669
    },
    "spectral_spread": {
        "max": 43484712,
        "mean": 29227700,
        "min": 2735194,
        "stdev": 17013918
    },
    "spectral_strongpeak": {
        "max": 6.12143754959,
        "mean": 0.434201389551,
        "min": 0,
        "stdev": 0.872001647949
    },
    "zerocrossingrate": {
        "max": 0.52783203125,
        "mean": 0.378503084183,
        "min": 0.005859375,
        "stdev": 0.184174790978
    },
    "barkbands": {
        "max": [0.000154373119585, 0.000769164296798, 0.00253827543929, 0.00104887597263, 0.004533582367, 0.00388550269417, 0.00802095513791, 0.0976591110229, 0.0330289565027, 0.00560721801594, 0.00463817222044, 0.00515383156016, 0.00785135664046, 0.0158041603863, 0.00903732143342, 0.00806283392012, 0.00957195367664, 0.00476632965729, 0.00283652404323, 0.00238628452644, 0.00203008553945, 0.00150285696145, 0.000926152744796, 0.000504897034261, 0.000363293016562, 0.000435637455666, 6.21674462309e-06],
        "mean": [4.75417755297e-06, 2.6683721444e-05, 5.49666365259e-05, 3.37570199918e-05, 0.000106102466816, 9.65553699643e-05, 0.000162961980095, 0.00153358967509, 0.000601243576966, 0.00030795839848, 0.000187496072613, 0.0002967332548, 0.000379287230317, 0.000496057618875, 0.000470870174468, 0.00047042008373, 0.000396273826482, 0.000290112220682, 0.000169092440046, 0.000163526579854, 0.000132993984153, 7.91809652583e-05, 4.44173383585e-05, 2.84440666292e-05, 2.15620802919e-05, 9.21581249713e-06, 6.53849099308e-08],
        "min": [1.38946570209e-25, 8.05200876974e-25, 4.32023273922e-25, 3.901314565e-25, 1.242244511e-24, 4.2950959823e-24, 4.10789455633e-24, 6.17670515723e-24, 1.01816644095e-23, 6.66056640409e-24, 5.9504843043e-24, 1.57076737047e-23, 1.36293186757e-23, 2.16288273717e-23, 2.35046644514e-23, 4.41994505346e-23, 4.573321386e-23, 6.06269834812e-23, 1.0305103944e-22, 1.45472602598e-22, 1.95590942769e-22, 2.46778460834e-22, 3.37177906848e-22, 5.33379226009e-22, 7.45969490197e-22, 1.14206601704e-21, 1.80344679803e-21],
        "stdev": [1.27112889459e-05, 7.67200690461e-05, 0.000249849254033, 0.000147533151903, 0.000435240304796, 0.000363179162377, 0.000684896134771, 0.00671516219154, 0.00234039709903, 0.000707873492502, 0.000477206427604, 0.000742125092074, 0.000873165612575, 0.00121552031487, 0.00113264855463, 0.00112990918569, 0.000916661228985, 0.00067234254675, 0.000408694380894, 0.000386072177207, 0.000310939823976, 0.000187843426829, 0.000105561128294, 6.55268886476e-05, 5.00480018673e-05, 2.97637088806e-05, 2.51719171729e-07]
    },
    "erbbands": {
        "max": [0.0173149649054, 0.218762174249, 2.5432305336, 3.17234659195, 5.84186172485, 16.2589969635, 31.8474941254, 38.0519180298, 119.913261414, 821.794555664, 1703.25622559, 856.693237305, 220.530715942, 176.759490967, 158.973510742, 205.663299561, 413.011779785, 527.388122559, 637.923522949, 473.227905273, 532.392272949, 599.354980469, 325.990844727, 209.726882935, 148.836120605, 133.931243896, 89.4500656128, 78.3311309814, 57.1411247253, 33.9228134155, 25.1852207184, 15.1923913956, 7.90624475479, 4.25479269028, 3.11000180244, 2.64805459976, 0.597833812237, 0.0126137975603, 0.000897749327123, 0.000176534085767],
        "mean": [0.000694684335031, 0.00737819820642, 0.0586684271693, 0.0806410834193, 0.142510399222, 0.360572904348, 0.776009678841, 0.893489658833, 2.42180871964, 12.35206604, 31.0114250183, 15.7384328842, 9.9915266037, 8.74279022217, 8.77840709686, 12.6001930237, 17.1157283783, 22.2959136963, 27.4651203156, 24.2580375671, 26.1550292969, 22.6620521545, 16.8411140442, 10.4824838638, 8.07436561584, 7.86587381363, 6.15073728561, 4.73565769196, 3.00127339363, 1.89818811417, 1.17763257027, 0.710222780704, 0.412770271301, 0.266698211432, 0.142077371478, 0.0649424120784, 0.0113286469132, 0.000381992576877, 1.82279527507e-05, 9.97834740701e-06],
        "min": [3.38303125422e-23, 2.15593741644e-22, 1.52251517859e-21, 3.2541519558e-21, 8.15169853124e-21, 5.71678415385e-21, 2.34658005058e-20, 3.95320439173e-20, 6.16218730949e-20, 1.02049840857e-19, 1.37463019694e-19, 2.82026221724e-19, 3.32908065756e-19, 4.99025604145e-19, 5.04914044432e-19, 6.87600191437e-19, 9.21396380925e-19, 1.52152077502e-18, 1.61210439332e-18, 2.11370289106e-18, 3.14230012162e-18, 3.04710342044e-18, 4.2364266003e-18, 5.73064110932e-18, 5.15350892413e-18, 7.59547844129e-18, 6.39487003633e-18, 8.67825703594e-18, 9.5969428494e-18, 1.002802968e-17, 8.61896638399e-18, 8.87587875608e-18, 8.18867943705e-18, 7.51552481764e-18, 5.62912412787e-18, 3.08307853925e-18, 2.2450054056e-18, 8.32653808172e-19, 2.32734425624e-19, 2.59903153456e-20],
        "stdev": [0.00190259504598, 0.0237688906491, 0.261270999908, 0.343325525522, 0.602012217045, 1.48950493336, 3.06827044487, 3.36232805252, 10.4719963074, 56.3341293335, 135.144897461, 64.6617050171, 23.8316822052, 20.5495815277, 20.7829742432, 31.2125816345, 38.8111839294, 52.1087760925, 62.7214584351, 57.9082641602, 62.4512176514, 52.1611061096, 38.1020698547, 25.3549785614, 19.3011798859, 18.4980373383, 14.4557952881, 11.2482833862, 7.13830661774, 4.47177505493, 2.80342292786, 1.67852807045, 0.944133520126, 0.60415160656, 0.35169133544, 0.201374799013, 0.0357481725514, 0.000942813407164, 4.85322634631e-05, 2.12209579331e-05]
    },
    "gfcc": {
        "mean": [-882.705566406, 9.11077308655, -57.275177002, 4.65669298172, -20.3938770294, 6.68778610229, -12.2023115158, 5.98126173019, -5.61056995392, 3.76176118851, -5.91528511047, 0.670604526997, -2.59672522545],
        "cov": [[336073.03125, 8503.76464844, -49657.7382812, 4040.72583008, -17816.2246094, 5764.56347656, -10688.2255859, 5259.40136719, -4883.34082031, 3283.0925293, -5196.61230469, 520.348022461, -2336.12597656], [8503.76464844, 471.790588379, -1034.59814453, 42.5172576904, -464.187805176, 60.8719940186, -309.590270996, 141.079849243, -99.7584381104, 82.381477356, -154.48248291, -34.0919837952, -113.825279236], [-49657.7382812, -1034.59814453, 7649.51171875, -671.256347656, 2632.64672852, -937.433410645, 1534.7512207, -756.776794434, 737.219604492, -483.73135376, 735.45300293, -127.559860229, 281.199493408], [4040.72583008, 42.5172576904, -671.256347656, 91.2224349976, -207.529525757, 96.2532348633, -108.39932251, 53.9514083862, -65.5988540649, 35.5659942627, -50.9870758057, 20.3995990753, -8.54856109619], [-17816.2246094, -464.187805176, 2632.64672852, -207.529525757, 959.574157715, -294.767700195, 571.508850098, -277.582275391, 255.141418457, -176.053573608, 275.309936523, -24.9557094574, 127.493606567], [5764.56347656, 60.8719940186, -937.433410645, 96.2532348633, -294.767700195, 142.753723145, -164.149047852, 88.1105422974, -95.1406173706, 54.624080658, -80.9793319702, 25.8270893097, -17.9753627777], [-10688.2255859, -309.590270996, 1534.7512207, -108.39932251, 571.508850098, -164.149047852, 363.745605469, -169.742019653, 153.73387146, -107.460594177, 173.318389893, -8.22448348999, 86.5592803955], [5259.40136719, 141.079849243, -756.776794434, 53.9514083862, -277.582275391, 88.1105422974, -169.742019653, 93.7979507446, -74.6995315552, 52.0084686279, -86.4955673218, 3.91571140289, -41.5803146362], [-4883.34082031, -99.7584381104, 737.219604492, -65.5988540649, 255.141418457, -95.1406173706, 153.73387146, -74.6995315552, 83.6655731201, -45.670135498, 76.3187484741, -12.0643405914, 28.4422512054], [3283.0925293, 82.381477356, -483.73135376, 35.5659942627, -176.053573608, 54.624080658, -107.460594177, 52.0084686279, -45.670135498, 39.1786613464, -48.9750137329, 5.68305635452, -23.762014389], [-5196.61230469, -154.48248291, 735.45300293, -50.9870758057, 275.309936523, -80.9793319702, 173.318389893, -86.4955673218, 76.3187484741, -48.9750137329, 94.035949707, 1.56992805004, 45.88539505], [520.348022461, -34.0919837952, -127.559860229, 20.3995990753, -24.9557094574, 25.8270893097, -8.22448348999, 3.91571140289, -12.0643405914, 5.68305635452, 1.56992805004, 17.7446975708, 12.1743535995], [-2336.12597656, -113.825279236, 281.199493408, -8.54856109619, 127.493606567, -17.9753627777, 86.5592803955, -41.5803146362, 28.4422512054, -23.762014389, 45.88539505, 12.1743535995, 38.8869018555]],
        "icov": [[0.000778796675149, -0.00185737141874, 0.00150616862811, -0.00216028024442, 0.00406307913363, -0.00210672128014, 0.00218046060763, -0.00398899707943, 0.00214319163933, -0.00161897065118, 0.00181305874139, -0.00241184607148, 0.00262824189849], [-0.00185737141874, 0.0173091012985, -0.00590859074146, 0.0010946393013, 0.000282582390355, 0.0121685164049, 0.0037646999117, 0.00697037717327, -0.00875502079725, 0.00995705835521, -0.00630515487865, 0.0182785782963, 2.76064838545e-05], [0.00150616862811, -0.00590859074146, 0.0172345153987, 0.00638957228512, -0.0217332281172, 0.0198171399534, -0.00272675277665, -0.011288523674, 0.0139299007133, -0.00422946736217, -0.00215540570207, 0.00529064889997, 0.0124937705696], [-0.00216028024442, 0.0010946393013, 0.00638957228512, 0.0662198066711, -0.0152929024771, -0.00468588061631, -0.0238104052842, 0.0280140135437, 0.0094160977751, 0.0165001582354, -0.0164065789431, 0.0116807650775, -0.0083964234218], [0.00406307913363, 0.000282582390355, -0.0217332281172, -0.0152929024771, 0.118048973382, -0.0553809888661, 0.000352013012161, -0.000504612748045, -0.00980404950678, 0.0165339037776, 0.0124722002074, -0.0187378656119, -0.00681994669139], [-0.00210672128014, 0.0121685164049, 0.0198171399534, -0.00468588061631, -0.0553809888661, 0.128354072571, -0.0301923267543, -0.0325289182365, 0.0498312674463, -0.0180460102856, 0.00171360606328, 0.0112605839968, -0.0149704627693], [0.00218046060763, 0.0037646999117, -0.00272675277665, -0.0238104052842, 0.000352013012161, -0.0301923267543, 0.0988979488611, -0.0114233475178, -0.0306350328028, 0.0388878844678, -0.0353652946651, 0.020141730085, -0.00937672238797], [-0.00398899707943, 0.00697037717327, -0.011288523674, 0.0280140135437, -0.000504612748045, -0.0325289182365, -0.0114233475178, 0.142282322049, -0.0336709655821, -0.00740063842386, 0.0414410494268, 7.98023320385e-05, 0.00391601398587], [0.00214319163933, -0.00875502079725, 0.0139299007133, 0.0094160977751, -0.00980404950678, 0.0498312674463, -0.0306350328028, -0.0336709655821, 0.144543230534, -0.0319380350411, -0.0401194021106, 0.0242599472404, 0.00633942289278], [-0.00161897065118, 0.00995705835521, -0.00422946736217, 0.0165001582354, 0.0165339037776, -0.0180460102856, 0.0388878844678, -0.00740063842386, -0.0319380350411, 0.194813668728, -0.0544173941016, -0.0046434411779, 0.0171392597258], [0.00181305874139, -0.00630515487865, -0.00215540570207, -0.0164065789431, 0.0124722002074, 0.00171360606328, -0.0353652946651, 0.0414410494268, -0.0401194021106, -0.0544173941016, 0.188907966018, -0.0898293703794, -0.0133151682094], [-0.00241184607148, 0.0182785782963, 0.00529064889997, 0.0116807650775, -0.0187378656119, 0.0112605839968, 0.020141730085, 7.98023320385e-05, 0.0242599472404, -0.0046434411779, -0.0898293703794, 0.245632991195, -0.0966742560267], [0.00262824189849, 2.76064838545e-05, 0.0124937705696, -0.0083964234218, -0.00681994669139, -0.0149704627693, -0.00937672238797, 0.00391601398587, 0.00633942289278, 0.0171392597258, -0.0133151682094, -0.0966742560267, 0.183809265494]]
    },
    "melbands": {
        "max": [0.000174140746822, 0.000920555728953, 0.000547128205653, 0.000759111077059, 0.00103878276423, 0.000789345998783, 0.00182230526116, 0.0142384218052, 0.0123155480251, 0.0045129135251, 0.00110008369666, 0.000709831016138, 0.000581170141231, 0.000617062556557, 0.000769999111071, 0.000736388727091, 0.00110209535342, 0.00134386122227, 0.000791233556811, 0.000651135342196, 0.000669299450237, 0.000683669000864, 0.000495383166708, 0.000207040502573, 0.000185257304111, 0.000131726934342, 8.8012071501e-05, 8.9730900072e-05, 6.04990091233e-05, 5.75414524064e-05, 4.33527384303e-05, 3.96418690798e-05, 2.28691405937e-05, 1.84355776582e-05, 1.44432469824e-05, 1.20990816868e-05, 8.47406590765e-06, 7.17525017535e-06, 3.73108468921e-06, 3.62518062502e-06],
        "mean": [6.8895556069e-06, 2.21699756366e-05, 1.61693351401e-05, 1.79298403964e-05, 2.65546623268e-05, 1.93137784663e-05, 3.43561405316e-05, 0.000203615854844, 0.000227502911002, 8.81000669324e-05, 4.79432128486e-05, 3.57251410605e-05, 2.70576765615e-05, 3.22223495459e-05, 3.41022714565e-05, 3.88691732951e-05, 4.22802913818e-05, 4.61323324998e-05, 3.46902525052e-05, 3.11963522108e-05, 3.04585901176e-05, 2.4635633963e-05, 1.80018214451e-05, 1.25176838992e-05, 8.04159662948e-06, 6.06056755714e-06, 5.43569149158e-06, 5.16949012308e-06, 3.96781979362e-06, 3.22312939716e-06, 2.59748048848e-06, 1.77881406671e-06, 1.28065789795e-06, 9.61695036494e-07, 7.133629083e-07, 5.13117129231e-07, 4.01042512976e-07, 2.97957512885e-07, 2.41529903633e-07, 2.19674362256e-07],
        "min": [5.04599068848e-25, 9.09273817085e-25, 1.07726835356e-24, 4.66580607774e-25, 6.40952838151e-25, 9.39981016682e-25, 7.15522577622e-25, 1.10978352375e-24, 9.28396495681e-25, 1.63551829631e-24, 1.47262887318e-24, 1.63729421942e-24, 1.35665991062e-24, 1.6091163051e-24, 1.39083504136e-24, 1.70372991549e-24, 1.95110210144e-24, 1.85908127963e-24, 1.41608312628e-24, 3.12205074434e-24, 2.49238354751e-24, 2.6715042768e-24, 3.21998822015e-24, 2.41120956315e-24, 4.13194455874e-24, 3.28084035873e-24, 3.0121450653e-24, 4.27751227272e-24, 3.47988160082e-24, 3.8376852416e-24, 4.30302955642e-24, 4.36897990582e-24, 4.27788422064e-24, 4.1219279974e-24, 3.80190921626e-24, 5.12434025498e-24, 4.47418634045e-24, 5.26148924538e-24, 5.77026942494e-24, 5.3133012352e-24],
        "stdev": [1.83468127943e-05, 9.31745453272e-05, 6.83400503476e-05, 7.46730147512e-05, 0.000105604762211, 7.13886111043e-05, 0.000152552689542, 0.000920592108741, 0.000972984998953, 0.000346219283529, 0.000115895636554, 8.45437753014e-05, 6.59292272758e-05, 7.95362793724e-05, 8.45239701448e-05, 8.89088332769e-05, 0.00010248052422, 0.00010814495181, 8.7191714556e-05, 7.5653057138e-05, 7.37761874916e-05, 5.74549303565e-05, 4.23323981522e-05, 2.92063250527e-05, 2.01295733859e-05, 1.47793125507e-05, 1.30463677124e-05, 1.23627914945e-05, 9.43715895119e-06, 7.81671042205e-06, 6.24884614808e-06, 4.32393289884e-06, 3.05676690004e-06, 2.292714953e-06, 1.71258591308e-06, 1.25682674934e-06, 9.53448136443e-07, 7.10822348537e-07, 5.34337630143e-07, 5.15753015407e-07]
    },
    "melbands128": {
        "max": [8.45396134537e-05, 0.000163979595527, 0.000181299736141, 0.000372924201656, 0.0012693250319, 0.0011263564229, 0.000641481019557, 0.000617448822595, 0.000495501793921, 0.000934417941608, 0.000887678470463, 0.00158825353719, 0.00114635494538, 0.00115572940558, 0.00117174512707, 0.000608518079389, 0.00201853504404, 0.00340176397003, 0.00142755091656, 0.00398424454033, 0.0304820276797, 0.027339886874, 0.00986035633832, 0.0103136766702, 0.00894769653678, 0.0030521072913, 0.00170500914101, 0.00194025388919, 0.000956087373197, 0.00149426981807, 0.00105413200799, 0.00103642954491, 0.000780519621912, 0.000644328712951, 0.00101295986678, 0.000856111582834, 0.000967167026829, 0.00110733893234, 0.00100727914833, 0.00132101878989, 0.00134013802744, 0.00114848697558, 0.00135182216763, 0.00211518560536, 0.00254886806943, 0.000928770052269, 0.0011445202399, 0.00127312319819, 0.000711404834874, 0.00090798625024, 0.000826146453619, 0.000801020534709, 0.000752669933718, 0.000761337229051, 0.000572378688958, 0.000858592917211, 0.000677721458487, 0.000626572931651, 0.000519575667568, 0.000317588099279, 0.000362779886927, 0.000237806874793, 0.000263420690317, 0.000244791357545, 0.000150492240209, 0.000160949595738, 0.000167512174812, 0.000128920277348, 0.000116414186778, 0.000173944863491, 0.000145549493027, 8.81786254467e-05, 0.000109348649858, 6.05473505857e-05, 8.70816511451e-05, 7.05784623278e-05, 6.13807424088e-05, 6.75677656545e-05, 5.47119489056e-05, 5.49593860342e-05, 3.83663173125e-05, 5.37498490303e-05, 3.31032497343e-05, 2.74676658591e-05, 2.97280930681e-05, 2.33507071243e-05, 1.93032137759e-05, 3.2912917959e-05, 1.46635147757e-05, 1.43643192132e-05, 1.96803575818e-05, 1.22205974549e-05, 9.43698705669e-06, 9.43278973864e-06, 7.13177678335e-06, 1.02336616692e-05, 9.55545692705e-06, 4.51220466857e-06, 4.34346156908e-06, 4.25634061685e-06, 5.00325995745e-06, 3.93384652853e-06, 4.89595822728e-06, 4.36695245298e-06, 2.99600219478e-06, 3.96480390918e-06, 3.34931110046e-06, 4.62943762614e-06, 4.25415919381e-06, 6.3338925429e-06, 5.10702056999e-06, 3.87236059396e-06, 6.46136243176e-07, 1.01666877583e-07, 2.92047790396e-08, 4.42743406381e-08, 3.82303362301e-08, 2.48033789063e-08, 2.57091308242e-08, 2.59061572194e-08, 2.55599026389e-08, 2.51802614315e-08, 2.50011229497e-08, 2.45260451948e-08, 2.42666207129e-08, 2.40007782537e-08, 2.40411797137e-08, 2.39843647165e-08],
        "mean": [3.10280188387e-06, 5.44802969671e-06, 7.41914936953e-06, 1.15607681437e-05, 3.04947770928e-05, 2.31455414905e-05, 1.46508900798e-05, 1.86407305591e-05, 1.01161695056e-05, 1.97154513444e-05, 1.75171880983e-05, 3.00822957797e-05, 2.72302313533e-05, 2.42152709689e-05, 2.18807235797e-05, 1.30439066197e-05, 2.27371328947e-05, 5.34297723789e-05, 2.74463109236e-05, 6.14677119302e-05, 0.000366670457879, 0.000441159034381, 0.000140245087096, 0.000113774403872, 0.000119105548947, 6.79463482811e-05, 4.42019736511e-05, 5.07843251398e-05, 4.5588320063e-05, 3.92172405554e-05, 3.28118076141e-05, 2.68755939032e-05, 2.47448588198e-05, 2.80591611954e-05, 3.22692139889e-05, 3.21122643072e-05, 3.52699535142e-05, 3.19271348417e-05, 3.50816262653e-05, 3.89756569348e-05, 4.21592994826e-05, 3.45661756e-05, 3.72990907636e-05, 4.93428524351e-05, 5.21823858435e-05, 4.61058043584e-05, 3.86125138903e-05, 3.51581256837e-05, 3.21665684169e-05, 3.24081338476e-05, 2.9256729249e-05, 3.33404859703e-05, 3.04766763293e-05, 2.9931357858e-05, 2.84524248855e-05, 2.55126706179e-05, 2.044060966e-05, 1.76761896e-05, 1.85191493074e-05, 1.54399895109e-05, 1.23753115986e-05, 1.02544099718e-05, 9.02753617993e-06, 7.31798536435e-06, 6.65738343741e-06, 5.73058741793e-06, 6.26056544206e-06, 5.15117335453e-06, 5.21876654602e-06, 5.77064247409e-06, 5.48879916096e-06, 4.59283774035e-06, 4.4922021516e-06, 3.76179423256e-06, 3.56906684829e-06, 3.4280590171e-06, 2.97392443827e-06, 2.79133655567e-06, 2.66855431619e-06, 2.29899046644e-06, 1.8444483203e-06, 1.60956847139e-06, 1.44493276366e-06, 1.26499719499e-06, 1.13598935059e-06, 1.0158639725e-06, 8.9722584562e-07, 8.51683523706e-07, 7.08851359832e-07, 6.20985474598e-07, 5.52965673251e-07, 4.82209145503e-07, 4.44771359298e-07, 4.22010174361e-07, 3.60441134717e-07, 3.18523120768e-07, 2.94554894253e-07, 2.48274659498e-07, 2.42575453058e-07, 2.34031858781e-07, 2.39752722564e-07, 2.10626467378e-07, 2.06393011126e-07, 1.81282004519e-07, 1.52192114911e-07, 1.47907769588e-07, 1.27737038724e-07, 1.27576910813e-07, 1.11324716556e-07, 1.09886556743e-07, 8.36782234614e-08, 5.83748267502e-08, 2.22252936055e-08, 2.89621659988e-09, 2.31040422904e-10, 1.17524778798e-09, 2.06337191777e-09, 2.90980017859e-11, 2.78888440119e-11, 2.81448406247e-11, 2.77717172176e-11, 2.74240040399e-11, 2.7148460563e-11, 2.66238715102e-11, 2.63627470548e-11, 2.61932506934e-11, 2.63097287012e-11, 2.61855086225e-11],
        "min": [2.1535723601e-27, 1.47435366825e-25, 2.51976200061e-25, 2.09148818257e-25, 1.85579984013e-25, 1.98970651361e-25, 2.09857634432e-25, 2.49970447253e-25, 2.44139384657e-25, 1.29308625122e-25, 3.0351171879e-25, 1.20650087826e-25, 1.16662432928e-25, 3.59354541321e-25, 4.14385478069e-25, 1.83170371401e-25, 4.27799416813e-25, 1.35133537068e-25, 3.2253549395e-25, 2.70265003376e-25, 1.19325812233e-25, 3.49595296543e-25, 3.90111488458e-25, 7.18097814048e-25, 4.73024615294e-25, 4.22867704952e-25, 2.16815362964e-25, 2.33609521383e-25, 4.84317405671e-25, 3.0513632852e-25, 4.18488688764e-25, 4.11520778995e-25, 4.06820795026e-25, 2.59953827136e-25, 5.32009372203e-25, 3.4418366143e-25, 4.549679343e-25, 3.3357459159e-25, 3.71183683158e-25, 5.99977036151e-25, 9.21608544807e-25, 4.15571086706e-25, 6.55902442558e-25, 5.43711532086e-25, 5.14406729964e-25, 8.38942035612e-25, 1.18702957245e-24, 5.66630012143e-25, 1.39135825336e-24, 1.05927305581e-24, 7.80314534085e-25, 1.26297291597e-24, 1.38000960177e-24, 7.41546704455e-25, 8.15267432378e-25, 1.08478107039e-24, 1.30307081439e-24, 1.23537481441e-24, 1.2896886766e-24, 1.24357038897e-24, 9.20819782509e-25, 9.82450625413e-25, 1.45548771457e-24, 1.36559464784e-24, 1.61395458625e-24, 1.79009973221e-24, 1.56268582577e-24, 1.76254876509e-24, 2.03546683095e-24, 1.68751290743e-24, 1.99478764065e-24, 2.19199635885e-24, 1.92782971866e-24, 1.90322139994e-24, 1.71400167334e-24, 2.21166128072e-24, 2.67023657733e-24, 2.45464365294e-24, 2.54836604773e-24, 2.15671139942e-24, 2.22562352709e-24, 2.34866512071e-24, 2.3521660854e-24, 3.02394997431e-24, 2.3676815989e-24, 2.87029249175e-24, 3.1553116839e-24, 2.83704732941e-24, 2.10551491832e-24, 3.08832240469e-24, 2.74125042766e-24, 3.16614294134e-24, 2.92452312911e-24, 2.67757909742e-24, 2.96732553854e-24, 2.87499134173e-24, 3.20902640623e-24, 2.97229122072e-24, 3.61795198075e-24, 3.89818219556e-24, 2.17296213129e-24, 3.31675029321e-24, 3.2809241752e-24, 2.93123179947e-24, 3.81552377219e-24, 3.74062064038e-24, 3.039504142e-24, 4.49094016835e-24, 3.51225250806e-24, 3.73798584495e-24, 3.41482148095e-24, 3.41598465636e-24, 3.99760667418e-24, 3.6893001109e-24, 4.45574395577e-24, 4.00444491494e-24, 4.50121547607e-24, 4.52532858736e-24, 3.99833518723e-24, 4.77152418727e-24, 5.13645163646e-24, 3.74695834889e-24, 4.72935878303e-24, 4.7948204331e-24, 5.04969508069e-24, 4.54527611864e-24, 4.18460733505e-24, 4.73838453508e-24],
        "stdev": [8.03220154921e-06, 1.54349891091e-05, 2.01819530048e-05, 3.71800124412e-05, 0.000134475674713, 0.000104991064291, 6.26804830972e-05, 8.27388867037e-05, 4.30355721619e-05, 8.99308070075e-05, 7.51044062781e-05, 0.000136557267979, 0.000112694382551, 0.00010780847515, 9.52416376094e-05, 4.46681224275e-05, 0.000110525223135, 0.000270547432592, 0.000118024618132, 0.000331254908815, 0.00188502587844, 0.00205478910357, 0.00069745501969, 0.000602518848609, 0.000630767433904, 0.000248246273259, 0.000144387115142, 0.000144294390338, 0.000111179026135, 0.000110086788482, 8.97666250239e-05, 7.8359611507e-05, 6.88532163622e-05, 7.37500886316e-05, 9.1156718554e-05, 8.67970302352e-05, 0.000104326245491, 9.55191280809e-05, 9.45971987676e-05, 9.77158561e-05, 0.00011006614659, 9.65305152931e-05, 0.000107140032924, 0.000140250805998, 0.000155419897055, 0.000116157338198, 0.00010755542462, 0.000106312945718, 8.75118712429e-05, 8.67534326972e-05, 7.82399874879e-05, 9.19021476875e-05, 8.16943793325e-05, 8.17286054371e-05, 7.1922026109e-05, 6.45200998406e-05, 5.48125099158e-05, 4.62380303361e-05, 4.77771209262e-05, 3.74982955691e-05, 3.13510827255e-05, 2.72812576441e-05, 2.48225969699e-05, 1.99333680939e-05, 1.76568210009e-05, 1.50676469275e-05, 1.72886084329e-05, 1.31521737785e-05, 1.37414508572e-05, 1.54100653162e-05, 1.40091688081e-05, 1.20303484437e-05, 1.23311092466e-05, 9.1072079158e-06, 9.32684542931e-06, 9.02680130821e-06, 7.59117119742e-06, 7.08170637154e-06, 6.9599964263e-06, 5.77743685426e-06, 4.78340143673e-06, 4.21653521698e-06, 3.59040473086e-06, 3.19327568832e-06, 2.94396454592e-06, 2.57902138401e-06, 2.19437652049e-06, 2.25750909522e-06, 1.72847592239e-06, 1.58107627612e-06, 1.47993182509e-06, 1.2238791669e-06, 1.1072019106e-06, 1.04762102637e-06, 8.8827351874e-07, 8.30496219351e-07, 7.35009564323e-07, 6.06673552284e-07, 5.52478752525e-07, 5.66527887713e-07, 5.88873888319e-07, 5.21639947237e-07, 5.29026465301e-07, 4.61344654923e-07, 3.82883627026e-07, 4.17579769874e-07, 3.49277144096e-07, 3.98963209136e-07, 3.66953145203e-07, 4.15133172282e-07, 3.00886796367e-07, 1.98626736392e-07, 5.88710840077e-08, 8.3658493466e-09, 1.37070910178e-09, 3.43874129172e-09, 5.65440672062e-09, 7.73653696662e-10, 8.01780530857e-10, 8.07917066581e-10, 7.97127974739e-10, 7.85272069592e-10, 7.79693476449e-10, 7.64866281422e-10, 7.56781970424e-10, 7.48492656744e-10, 7.49747985918e-10, 7.47980344329e-10]
    },
    "mfcc": {
        "mean": [-1071.5213623, 19.4474639893, -18.3302574158, -2.22802782059, -3.18432378769, -0.0479903593659, -2.43377900124, 0.446462959051, 1.97390842438, 1.57581865788, 0.973916292191, 1.11726474762, -0.279074430466],
        "cov": [[88507.8828125, 8814.7578125, -8043.328125, -974.75189209, -1425.24072266, -89.1367416382, -1113.59692383, 194.376800537, 879.171875, 712.712280273, 482.313873291, 505.022705078, -162.725479126], [8814.7578125, 1175.33618164, -637.491149902, -88.0635452271, -123.029594421, -91.6687088013, -176.490859985, -19.2700004578, 84.1072006226, 75.8639678955, 99.9085388184, 60.3181610107, -47.5594749451], [-8043.328125, -637.491149902, 905.768371582, 103.244003296, 149.56427002, -54.603603363, 62.6769142151, -44.2786941528, -86.3032073975, -63.313129425, -5.51304626465, -43.4918556213, -10.9892148972], [-974.75189209, -88.0635452271, 103.244003296, 28.2080688477, 14.4386196136, -1.38686978817, 9.21166229248, -4.1884894371, -12.6512861252, -7.90290689468, -5.14575576782, -5.1357665062, 0.310654044151], [-1425.24072266, -123.029594421, 149.56427002, 14.4386196136, 38.2672805786, -5.6671128273, 14.4740076065, -6.01531887054, -13.166973114, -12.6868753433, -3.67260861397, -9.25683784485, -1.08851730824], [-89.1367416382, -91.6687088013, -54.603603363, -1.38686978817, -5.6671128273, 35.2968406677, 23.1187744141, 11.793381691, -0.237515479326, -1.99948012829, -18.6081371307, -2.93969678879, 10.9378461838], [-1113.59692383, -176.490859985, 62.6769142151, 9.21166229248, 14.4740076065, 23.1187744141, 39.6350212097, 9.80112838745, -8.95737743378, -9.942943573, -19.6533985138, -10.4095392227, 8.76286125183], [194.376800537, -19.2700004578, -44.2786941528, -4.1884894371, -6.01531887054, 11.793381691, 9.80112838745, 14.4390735626, 5.63593864441, 1.70309436321, -6.4494304657, -0.68444108963, 2.72172355652], [879.171875, 84.1072006226, -86.3032073975, -12.6512861252, -13.166973114, -0.237515479326, -8.95737743378, 5.63593864441, 16.9676418304, 9.26205539703, 4.59345245361, 3.91284155846, -2.58536672592], [712.712280273, 75.8639678955, -63.313129425, -7.90290689468, -12.6868753433, -1.99948012829, -9.942943573, 1.70309436321, 9.26205539703, 12.8353290558, 6.02083015442, 4.13108873367, -2.98551726341], [482.313873291, 99.9085388184, -5.51304626465, -5.14575576782, -3.67260861397, -18.6081371307, -19.6533985138, -6.4494304657, 4.59345245361, 6.02083015442, 20.4557533264, 6.71441793442, -7.77805233002], [505.022705078, 60.3181610107, -43.4918556213, -5.1357665062, -9.25683784485, -2.93969678879, -10.4095392227, -0.68444108963, 3.91284155846, 4.13108873367, 6.71441793442, 10.7307825089, 0.365521341562], [-162.725479126, -47.5594749451, -10.9892148972, 0.310654044151, -1.08851730824, 10.9378461838, 8.76286125183, 2.72172355652, -2.58536672592, -2.98551726341, -7.77805233002, 0.365521341562, 11.306520462]],
        "icov": [[0.000314436561894, -0.00126411847305, 0.00192926125601, -0.000337748817401, 0.000465485121822, 0.000440620642621, -0.000593455915805, -0.000328937167069, 1.3981385564e-05, -0.000185316966963, -0.00088220712496, 0.000489008845761, 0.00058171764249], [-0.00126411847305, 0.0135786673054, -0.00133139267564, -0.000820232031401, -0.0011041960679, 0.0131080392748, 0.0107468636706, 0.00842656567693, -0.00254251691513, -0.000528358970769, -0.00687005883083, -0.00390443718061, 0.00918680988252], [0.00192926125601, -0.00133139267564, 0.0260046552867, -0.0154440458864, -0.0120678432286, 0.0291451588273, -0.0120583269745, 0.0095396200195, 0.0137311751023, 0.00227714958601, -0.0208130013198, 0.00781530234963, 0.0147282602265], [-0.000337748817401, -0.000820232031401, -0.0154440458864, 0.0736319869757, 0.0131187522784, -0.0156676229089, 0.0124796405435, -0.00731644500047, 0.015577797778, -0.00630201632157, 0.0264941025525, -0.0081371339038, 0.00355106662028], [0.000465485121822, -0.0011041960679, -0.0120678432286, 0.0131187522784, 0.0869564712048, -0.00560215581208, -0.00312711065635, 0.00751095917076, -0.0220464430749, 0.0243996251374, 0.00105514237657, 0.0103660933673, 0.00616404507309], [0.000440620642621, 0.0131080392748, 0.0291451588273, -0.0156676229089, -0.00560215581208, 0.141914665699, -0.0460473336279, 0.00931478012353, 0.0211021862924, -0.00840815901756, 0.01724393107, -0.00908935815096, 0.000617114652414], [-0.000593455915805, 0.0107468636706, -0.0120583269745, 0.0124796405435, -0.00312711065635, -0.0460473336279, 0.127369984984, -0.0493175312877, -0.00413385219872, -0.00117114291061, 0.0168197918683, 0.0214397851378, -0.00837402977049], [-0.000328937167069, 0.00842656567693, 0.0095396200195, -0.00731644500047, 0.00751095917076, 0.00931478012353, -0.0493175312877, 0.155748710036, -0.0511522516608, 0.00645683379844, 0.00105482619256, -0.0109003074467, 0.0237129367888], [1.3981385564e-05, -0.00254251691513, 0.0137311751023, 0.015577797778, -0.0220464430749, 0.0211021862924, -0.00413385219872, -0.0511522516608, 0.178384020925, -0.0487155839801, -0.00989823043346, 0.0155883030966, 0.016017857939], [-0.000185316966963, -0.000528358970769, 0.00227714958601, -0.00630201632157, 0.0243996251374, -0.00840815901756, -0.00117114291061, 0.00645683379844, -0.0487155839801, 0.17199420929, -0.0299521479756, 0.0055072051473, 0.0208264477551], [-0.00088220712496, -0.00687005883083, -0.0208130013198, 0.0264941025525, 0.00105514237657, 0.01724393107, 0.0168197918683, 0.00105482619256, -0.00989823043346, -0.0299521479756, 0.177811264992, -0.0663852989674, 0.0218732990324], [0.000489008845761, -0.00390443718061, 0.00781530234963, -0.0081371339038, 0.0103660933673, -0.00908935815096, 0.0214397851378, -0.0109003074467, 0.0155883030966, 0.0055072051473, -0.0663852989674, 0.181974098086, -0.0523000769317], [0.00058171764249, 0.00918680988252, 0.0147282602265, 0.00355106662028, 0.00616404507309, 0.000617114652414, -0.00837402977049, 0.0237129367888, 0.016017857939, 0.0208264477551, 0.0218732990324, -0.0523000769317, 0.176355525851]]
    },
    "spectral_contrast_coeffs": {
        "max": [-0.585240900517, -0.503198742867, -0.637247085571, -0.693579077721, -0.690106749535, -0.676744103432],
        "mean": [-0.909239828587, -0.914077937603, -0.916353523731, -0.916567742825, -0.911623418331, -0.895510673523],
        "min": [-0.983727693558, -0.986212611198, -0.979284524918, -0.975330471992, -0.96947324276, -0.966441631317],
        "stdev": [0.0873133987188, 0.0892626717687, 0.0721668079495, 0.0703426524997, 0.0753684490919, 0.0985633954406]
    },
    "spectral_contrast_valleys": {
        "max": [-5.98111867905, -4.79169034958, -5.2354593277, -5.20961380005, -5.60413885117, -8.52213573456],
        "mean": [-21.4296207428, -20.9880809784, -20.9742927551, -20.8941860199, -20.9977054596, -21.8981113434],
        "min": [-28.3276042938, -28.2118587494, -28.0008125305, -27.7848529816, -27.6734733582, -27.4488830566],
        "stdev": [8.74392700195, 9.39070606232, 9.46416473389, 9.55140399933, 9.43245506287, 8.07270240784]
    }
},
"rhythm": {
    "beats_count": 56,
    "beats_loudness": {
        "max": 0.0466485135257,
        "mean": 0.00545848207548,
        "min": 0,
        "stdev": 0.0112005705014
    },
    "bpm": 144.138916016,
    "bpm_histogram_first_peak_bpm": 144,
    "bpm_histogram_first_peak_weight": 0.405405402184,
    "bpm_histogram_second_peak_bpm": 152,
    "bpm_histogram_second_peak_spread": 0,
    "bpm_histogram_second_peak_weight": 0.20000000298,
    "danceability": 0.629543304443,
    "onset_rate": 0.251727670431,
    "beats_loudness_band_ratio": {
        "max": [0.0953744575381, 0.118358619511, 0.7022138834, 0.381447523832, 0.536603152752, 0.206605926156],
        "mean": [0.0049018478021, 0.00744095304981, 0.0607354082167, 0.0806958004832, 0.118191041052, 0.0399815477431],
        "min": [0, 0, 0, 0, 0, 0],
        "stdev": [0.0146391168237, 0.0207908041775, 0.143680498004, 0.131097137928, 0.191742375493, 0.067719206214]
    },
    "beats_position": [0.406349211931, 0.824308395386, 1.24226760864, 1.66022670269, 2.07818579674, 2.49614500999, 2.92571425438, 3.32045340538, 3.72680258751, 4.13315200806, 4.55111122131, 4.96907043457, 5.38702917099, 5.80498838425, 6.23455762863, 6.66412687302, 7.0936961174, 7.5464849472, 7.99927425385, 8.45206356049, 8.90485286713, 9.34603118896, 9.78721046448, 10.22838974, 10.6347389221, 11.0410881042, 11.4474372864, 11.8537864685, 12.2601356506, 12.6664848328, 13.0728340149, 13.4907932281, 13.9087524414, 14.3267116547, 14.7446708679, 15.15102005, 15.545759201, 15.9404983521, 16.3352375031, 16.7299766541, 17.1247158051, 17.5194549561, 17.9141941071, 18.3089332581, 18.7036724091, 19.0984115601, 19.5279808044, 19.9459400177, 20.363899231, 20.7818584442, 21.1998176575, 21.6177768707, 22.035736084, 22.4536952972, 22.8716545105, 23.2896137238],
