{
"metadata": {
    "version": {
        "essentia": "2.1-beta5",
        "essentia_git_sha": "Undefined",
        "extractor": "music 2.0"
    },
    "audio_properties": {
        "analysis": {
            "equal_loudness": 0,
            "length": 32.4963264465,
            "sample_rate": 44100,
            "start_time": 110.248344421,
            "downmix": "mix"
        },
        "bit_rate": 192000,
        "length": 220.287704468,
        "lossless": 0,
        "number_channels": 2,
        "replay_gain": 1.84739112854,
        "sample_rate": 44100,
        "codec": "mp3",
        "md5_encoded": "a6d26b0abadaeac7ea3f2867b2c7ee7a"
    },
    "tags": {
        "file_name": "Israel_Olé Olé_Izhar Cohen.mp3",
        "encoding": ["Lavf58.29.100"]
    }
},
"lowlevel": {
    "average_loudness": 0.965500771999,
    "barkbands_crest": {
        "max": 21.1485271454,
        "mean": 8.38572311401,
        "min": 2.76773142815,
        "stdev": 3.4263818264
    },
    "barkbands_flatness_db": {
        "max": 0.261913716793,
        "mean": 0.138931110501,
        "min": 0.059519328177,
        "stdev": 0.0256423652172
    },
    "barkbands_kurtosis": {
        "max": 34.0869178772,
        "mean": 1.51681733131,
        "min": -1.8683848381,
        "stdev": 3.12993454933
    },
    "barkbands_skewness": {
        "max": 5.40509366989,
        "mean": 1.1350158453,
        "min": -1.17454767227,
        "stdev": 0.716249167919
    },
    "barkbands_spread": {
        "max": 82.8333816528,
        "mean": 24.1726341248,
        "min": 4.52431631088,
        "stdev": 10.0139818192
    },
    "dissonance": {
        "max": 0.499955058098,
        "mean": 0.462260872126,
        "min": 0.338184177876,
        "stdev": 0.0257437769324
    },
    "dynamic_complexity": 1.88613557816,
    "erbbands_crest": {
        "max": 28.253786087,
        "mean": 9.32015037537,
        "min": 2.58772563934,
        "stdev": 4.54178380966
    },
    "erbbands_flatness_db": {
        "max": 0.276186078787,
        "mean": 0.179489552975,
        "min": 0.108761884272,
        "stdev": 0.0266472324729
    },
    "erbbands_kurtosis": {
        "max": 10.9895429611,
        "mean": -0.0395436771214,
        "min": -1.66462421417,
        "stdev": 1.33436453342
    },
    "erbbands_skewness": {
        "max": 3.01490831375,
        "mean": 0.457430660725,
        "min": -2.00119924545,
        "stdev": 0.615595042706
    },
    "erbbands_spread": {
        "max": 115.781745911,
        "mean": 39.4160270691,
        "min": 9.08942317963,
        "stdev": 13.497713089
    },
    "hfc": {
        "max": 142.987380981,
        "mean": 25.7309093475,
        "min": 0.40400609374,
        "stdev": 17.521894455
    },
    "loudness_ebu128": {
        "integrated": -25.8229103088,
        "loudness_range": 2.68522071838,
        "momentary": {
            "max": -23.1680450439,
            "mean": -26.0510139465,
            "min": -29.9959907532,
            "stdev": 1.43093800545
        },
        "short_term": {
            "max": -24.2569694519,
            "mean": -25.8570518494,
            "min": -27.976020813,
            "stdev": 0.940628170967
        }
    },
    "melbands_crest": {
        "max": 26.8996734619,
        "mean": 11.2454471588,
        "min": 3.46552276611,
        "stdev": 4.26400375366
    },
    "melbands_flatness_db": {
        "max": 0.283057242632,
        "mean": 0.139537662268,
        "min": 0.0295068379492,
        "stdev": 0.0386673472822
    },
    "melbands_kurtosis": {
        "max": 74.9814224243,
        "mean": 6.59480857849,
        "min": -1.40777230263,
        "stdev": 7.02152824402
    },
    "melbands_skewness": {
        "max": 6.4024605751,
        "mean": 1.94900405407,
        "min": -0.0892798379064,
        "stdev": 0.92273080349
    },
    "melbands_spread": {
        "max": 155.061981201,
        "mean": 29.8312530518,
        "min": 4.16380548477,
        "stdev": 16.1590328217
    },
    "pitch_salience": {
        "max": 0.849805295467,
        "mean": 0.597770094872,
        "min": 0.289295345545,
        "stdev": 0.0921517238021
    },
    "silence_rate_20dB": {
        "max": 1,
        "mean": 1,
        "min": 1,
        "stdev": 0
    },
    "silence_rate_30dB": {
        "max": 1,
        "mean": 0.999286234379,
        "min": 0,
        "stdev": 0.0267071630806
    },
    "silence_rate_60dB": {
        "max": 1,
        "mean": 0.00713775865734,
        "min": 0,
        "stdev": 0.0841815322638
    },
    "spectral_centroid": {
        "max": 4053.12353516,
        "mean": 1595.10754395,
        "min": 424.799041748,
        "stdev": 540.6171875
    },
    "spectral_complexity": {
        "max": 57,
        "mean": 23.7394714355,
        "min": 0,
        "stdev": 8.84589290619
    },
    "spectral_decrease": {
        "max": -6.55302548336e-11,
        "mean": -5.84389692193e-09,
        "min": -3.77799658224e-08,
        "stdev": 4.02757471818e-09
    },
    "spectral_energy": {
        "max": 0.148729234934,
        "mean": 0.0243901014328,
        "min": 0.000283971661702,
        "stdev": 0.0162348710001
    },
    "spectral_energyband_high": {
        "max": 0.0203214846551,
        "mean": 0.00143810547888,
        "min": 1.51137010107e-05,
        "stdev": 0.00194087240379
    },
    "spectral_energyband_low": {
        "max": 0.0575128123164,
        "mean": 0.00322898477316,
        "min": 2.25178482651e-05,
        "stdev": 0.00539618218318
    },
    "spectral_energyband_middle_high": {
        "max": 0.0367861799896,
        "mean": 0.00736472662538,
        "min": 6.60533260088e-05,
        "stdev": 0.00578567106277
    },
    "spectral_energyband_middle_low": {
        "max": 0.114606626332,
        "mean": 0.0145271690562,
        "min": 0.0001627633319,
        "stdev": 0.0127649810165
    },
    "spectral_entropy": {
        "max": 8.7188949585,
        "mean": 7.68674087524,
        "min": 6.62517261505,
        "stdev": 0.267055541277
    },
    "spectral_flux": {
        "max": 0.327460646629,
        "mean": 0.0898692011833,
        "min": 0.0233648195863,
        "stdev": 0.0378860235214
    },
    "spectral_kurtosis": {
        "max": 10.6446657181,
        "mean": 1.95438015461,
        "min": -1.20160841942,
        "stdev": 1.41255033016
    },
    "spectral_rms": {
        "max": 0.0120458165184,
        "mean": 0.00464950548485,
        "min": 0.000526351155713,
        "stdev": 0.00147559086327
    },
    "spectral_rolloff": {
        "max": 9625.34179688,
        "mean": 1920.46484375,
        "min": 258.3984375,
        "stdev": 1228.44335938
    },
    "spectral_skewness": {
        "max": 2.50408911705,
        "mean": 1.06729590893,
        "min": -0.0213743168861,
        "stdev": 0.320604026318
    },
    "spectral_spread": {
        "max": 21616744,
        "mean": 4419686.5,
        "min": 2928945.25,
        "stdev": 901087.9375
    },
    "spectral_strongpeak": {
        "max": 6.21724128723,
        "mean": 1.3956592083,
        "min": 0.00967776495963,
        "stdev": 1.12326717377
    },
    "zerocrossingrate": {
        "max": 0.27197265625,
        "mean": 0.072292111814,
        "min": 0.02099609375,
        "stdev": 0.0274561997503
    },
    "barkbands": {
        "max": [0.000599914172199, 0.00623832968995, 0.0173011291772, 0.0647312551737, 0.0357213094831, 0.0404075793922, 0.0406775586307, 0.0310703925788, 0.0381065234542, 0.0328688882291, 0.0202986747026, 0.00994983781129, 0.00900469347835, 0.0130630489439, 0.00935716927052, 0.00404987437651, 0.00399519084021, 0.0028403995093, 0.00255898595788, 0.00529281934723, 0.00923069659621, 0.00823768880218, 0.00532428640872, 0.00344446534291, 0.00238217972219, 7.34558852855e-06, 6.74155307934e-06],
        "mean": [4.04495767725e-05, 0.000453620799817, 0.00105262419675, 0.00283078383654, 0.00289514963515, 0.00230133277364, 0.00163993483875, 0.001618502778, 0.00236486690119, 0.00213192566298, 0.00127053342294, 0.000533061975148, 0.000778390094638, 0.000762667623349, 0.00051342183724, 0.000382811529562, 0.000432178552728, 0.000322951760609, 0.000339326594258, 0.00051632913528, 0.00038048546412, 0.000419339223299, 0.000222742615733, 0.000132116198074, 5.45533948753e-05, 6.51999698675e-09, 6.20950091346e-09],
        "min": [9.97042270967e-09, 1.7261454559e-06, 1.13899147891e-06, 2.09425684261e-06, 3.71735477529e-05, 1.8663069568e-05, 7.2989309956e-06, 1.24978450913e-05, 4.42600003225e-06, 3.13077771352e-06, 6.84456608724e-07, 2.10738289752e-06, 1.46631623466e-06, 6.97059817867e-07, 1.00618508441e-05, 4.54178962173e-06, 7.01496082911e-06, 4.06366598327e-06, 6.92394951329e-06, 3.0680778309e-06, 2.34720891967e-06, 2.66355300482e-06, 1.87293471754e-06, 9.79509877652e-07, 5.10683719313e-07, 1.79401896117e-10, 2.87493723272e-10],
        "stdev": [6.40771759208e-05, 0.000626527820714, 0.0018694793107, 0.00590610690415, 0.00263653649017, 0.00402790540829, 0.00286227255128, 0.00315678259358, 0.00457668490708, 0.00395320402458, 0.00217391876504, 0.000823596375994, 0.00105123198591, 0.00116051244549, 0.000788308272604, 0.000492902996484, 0.000430745596532, 0.000299986248137, 0.000312178424792, 0.000509389035869, 0.000579342304263, 0.000644406536594, 0.000435819063568, 0.000262520741671, 0.000145497862832, 1.96308619138e-07, 1.80183661769e-07]
    },
    "erbbands": {
        "max": [0.194679617882, 1.49160015583, 13.2950706482, 147.54989624, 153.422042847, 129.428848267, 144.308914185, 438.507080078, 270.250244141, 549.354675293, 538.977600098, 1074.40270996, 1267.63696289, 1156.97265625, 528.983032227, 384.828918457, 481.016265869, 647.47064209, 362.218353271, 669.463928223, 239.297851562, 144.504364014, 106.787376404, 97.0454788208, 173.161758423, 210.019607544, 247.901779175, 446.734466553, 278.767883301, 273.208618164, 136.646240234, 70.2950820923, 57.4812088013, 42.3479957581, 7.96287059784, 0.184489428997, 0.0133241498843, 0.00438946066424, 0.000975886709057, 0.000171666193637],
        "mean": [0.0125944213942, 0.112930610776, 0.878009676933, 6.53994131088, 8.32602787018, 10.9148874283, 11.9717359543, 20.4536361694, 20.2390823364, 34.9725723267, 38.9477386475, 58.0746688843, 58.7324028015, 66.0017547607, 36.8467407227, 26.4045162201, 37.8143997192, 39.7839508057, 25.1441802979, 31.7823867798, 20.2844486237, 22.3668785095, 18.7126617432, 13.7140960693, 22.7148857117, 25.3381958008, 15.794426918, 15.8011379242, 15.7666625977, 10.2844734192, 5.78515005112, 3.58089566231, 1.76063156128, 0.981843173504, 0.17900814116, 0.00433674268425, 0.000256763887592, 3.88473526982e-05, 2.16246808122e-05, 3.20830768032e-05],
        "min": [8.22354049888e-05, 0.00155309238471, 0.004009002354, 0.0193409584463, 0.0573141649365, 0.083346426487, 0.152583286166, 0.123559847474, 0.330316215754, 0.345848619938, 0.245338320732, 0.0959281474352, 0.120764516294, 0.0417061969638, 0.0631229951978, 0.0769692510366, 0.0697275102139, 0.0306053236127, 0.155627116561, 0.303402841091, 0.611353039742, 0.4405785501, 0.367002546787, 0.275372922421, 0.27062100172, 0.149039626122, 0.119045399129, 0.0764735788107, 0.0810921788216, 0.0594277568161, 0.0438470989466, 0.0169924348593, 0.0242561791092, 0.0129615217447, 0.00104969355743, 3.55960401066e-05, 4.52734866485e-06, 1.2143366348e-06, 1.23830898247e-06, 2.12304439628e-06],
        "stdev": [0.0198925547302, 0.149774283171, 1.42663753033, 12.8679332733, 12.9348115921, 10.554605484, 13.9802398682, 41.4903335571, 26.5099277496, 65.3782958984, 59.0172080994, 121.94670105, 126.113342285, 111.985939026, 55.8666381836, 33.907169342, 49.2031936646, 59.0831489563, 30.6988620758, 52.7459068298, 23.3126354218, 19.8117656708, 15.6885042191, 12.2115240097, 21.197687149, 24.8762378693, 19.3535518646, 26.1040916443, 23.9016551971, 19.8972511292, 10.872130394, 6.46453714371, 4.13315677643, 2.56474709511, 0.470292627811, 0.0110270380974, 0.000654751027469, 0.000133071502205, 3.0730960134e-05, 2.05936066777e-05]
    },
    "gfcc": {
        "mean": [10.5017871857, 105.999809265, -159.46661377, 51.5679206848, -92.2788009644, 16.6159133911, -41.7413635254, -5.70775556564, -18.2314109802, -15.9734420776, -5.80633163452, -20.7153282166, 2.45102953911],
        "cov": [[1485.63684082, -312.343414307, -98.734664917, 73.5735931396, -99.460067749, 136.367935181, 92.5604171753, -3.303576231, -67.2726974487, 14.9906301498, -46.5917930603, -32.9014816284, -0.404217362404], [-312.343414307, 386.667449951, 32.4995880127, -36.8319740295, 74.5790481567, -93.4573745728, 33.9608764648, -23.8133201599, 46.56690979, -37.1587104797, 43.8073120117, -26.2892990112, -0.397780686617], [-98.734664917, 32.4995880127, 343.596679688, 59.9207801819, 9.31382846832, 9.59893512726, -132.675933838, 41.4728164673, -6.06099891663, 15.51521492, -16.5219707489, 16.7031364441, -16.2243518829], [73.5735931396, -36.8319740295, 59.9207801819, 150.989349365, 41.0146789551, 5.79857540131, -23.3403835297, -20.8946857452, 17.2125644684, 1.56506955624, -12.9419298172, 1.94258785248, -0.87772756815], [-99.460067749, 74.5790481567, 9.31382846832, 41.0146789551, 121.730857849, -0.240495428443, -38.8196754456, 22.3084335327, 21.2070522308, -1.24912285805, -2.66921806335, -11.2151155472, -0.0939744338393], [136.367935181, -93.4573745728, 9.59893512726, 5.79857540131, -0.240495428443, 136.108917236, 56.0068588257, 1.73166823387, -55.0205116272, -4.49977636337, -1.60127770901, 8.48326587677, -8.35284900665], [92.5604171753, 33.9608764648, -132.675933838, -23.3403835297, -38.8196754456, 56.0068588257, 212.507125854, -31.666437149, -38.0763931274, -23.5786838531, 20.5580997467, -8.71839809418, 2.64385414124], [-3.303576231, -23.8133201599, 41.4728164673, -20.8946857452, 22.3084335327, 1.73166823387, -31.666437149, 104.296409607, 25.3029975891, 15.460401535, -10.4932851791, -4.71215057373, -1.91542458534], [-67.2726974487, 46.56690979, -6.06099891663, 17.2125644684, 21.2070522308, -55.0205116272, -38.0763931274, 25.3029975891, 110.730270386, 22.5273094177, -2.81187105179, -8.99582958221, 0.218974128366], [14.9906301498, -37.1587104797, 15.51521492, 1.56506955624, -1.24912285805, -4.49977636337, -23.5786838531, 15.460401535, 22.5273094177, 66.0416946411, 6.94690227509, 7.23230934143, 2.7386841774], [-46.5917930603, 43.8073120117, -16.5219707489, -12.9419298172, -2.66921806335, -1.60127770901, 20.5580997467, -10.4932851791, -2.81187105179, 6.94690227509, 59.0185203552, 24.0716686249, -2.70752859116], [-32.9014816284, -26.2892990112, 16.7031364441, 1.94258785248, -11.2151155472, 8.48326587677, -8.71839809418, -4.71215057373, -8.99582958221, 7.23230934143, 24.0716686249, 64.8414001465, 17.8421726227], [-0.404217362404, -0.397780686617, -16.2243518829, -0.87772756815, -0.0939744338393, -8.35284900665, 2.64385414124, -1.91542458534, 0.218974128366, 2.7386841774, -2.70752859116, 17.8421726227, 52.4003753662]],
        "icov": [[0.000985745689832, -4.14366331825e-05, 0.000693383568432, -0.00118223053869, 0.00139927817509, -0.00102783367038, 0.000359103578376, -0.000662410166115, 0.000490757636726, -0.000415596703533, 0.000273260870017, 0.000795462343376, -0.000238552718656], [-4.14366331825e-05, 0.014976574108, -0.00999667216092, 0.010665406473, -0.0155917713419, 0.0117849782109, -0.0111364470795, 0.00897440873086, -0.00693437550217, 0.007882732898, -0.0103987790644, 0.00608238764107, -0.00305397785269], [0.000693383568432, -0.00999667216092, 0.0120210219175, -0.0101747587323, 0.0128220031038, -0.00939011201262, 0.0108898179606, -0.00853333156556, 0.00638048350811, -0.00545658171177, 0.00689738756046, -0.00414201524109, 0.00317106978036], [-0.00118223053869, 0.010665406473, -0.0101747587323, 0.0185348410159, -0.0165217313915, 0.00880472362041, -0.00942575838417, 0.0113890105858, -0.00805390812457, 0.00558730354533, -0.00467410869896, 0.00177772610914, -0.00160744518507], [0.00139927817509, -0.0155917713419, 0.0128220031038, -0.0165217313915, 0.0294769536704, -0.0154412202537, 0.0152204632759, -0.0133402692154, 0.00706828664988, -0.00674030743539, 0.00777077488601, -0.00171459512785, 0.00122962973546], [-0.00102783367038, 0.0117849782109, -0.00939011201262, 0.00880472362041, -0.0154412202537, 0.0218939427286, -0.0130304181948, 0.00606579147279, -0.00051246304065, 0.00462821312249, -0.00561113702133, 0.000826620555017, 0.000851956487168], [0.000359103578376, -0.0111364470795, 0.0108898179606, -0.00942575838417, 0.0152204632759, -0.0130304181948, 0.0175153017044, -0.00703209126368, 0.00597467552871, -0.00372642697766, 0.00365860830061, -0.000960733741522, 0.000627452100161], [-0.000662410166115, 0.00897440873086, -0.00853333156556, 0.0113890105858, -0.0133402692154, 0.00606579147279, -0.00703209126368, 0.0191629752517, -0.00811045058072, 0.00300492998213, -0.00364018138498, 0.00285727204755, -0.00167419796344], [0.000490757636726, -0.00693437550217, 0.00638048350811, -0.00805390812457, 0.00706828664988, -0.00051246304065, 0.00597467552871, -0.00811045058072, 0.0176950823516, -0.0076555237174, 0.00481761293486, -0.00155430473387, 0.0022291818168], [-0.000415596703533, 0.007882732898, -0.00545658171177, 0.00558730354533, -0.00674030743539, 0.00462821312249, -0.00372642697766, 0.00300492998213, -0.0076555237174, 0.0223627109081, -0.00913201738149, 0.00285514444113, -0.00309653859586], [0.000273260870017, -0.0103987790644, 0.00689738756046, -0.00467410869896, 0.00777077488601, -0.00561113702133, 0.00365860830061, -0.00364018138498, 0.00481761293486, -0.00913201738149, 0.0322767533362, -0.0160034354776, 0.00835631601512], [0.000795462343376, 0.00608238764107, -0.00414201524109, 0.00177772610914, -0.00171459512785, 0.000826620555017, -0.000960733741522, 0.00285727204755, -0.00155430473387, 0.00285514444113, -0.0160034354776, 0.0274807959795, -0.0112455217168], [-0.000238552718656, -0.00305397785269, 0.00317106978036, -0.00160744518507, 0.00122962973546, 0.000851956487168, 0.000627452100161, -0.00167419796344, 0.0022291818168, -0.00309653859586, 0.00835631601512, -0.0112455217168, 0.0244722366333]]
    },
    "melbands": {
        "max": [0.00176180317067, 0.0061547732912, 0.0235696174204, 0.00886475294828, 0.00424242345616, 0.00894965138286, 0.00606140587479, 0.00667004100978, 0.00466473819688, 0.00636706361547, 0.00636097136885, 0.00521109253168, 0.00231415173039, 0.00140123453457, 0.000864933070261, 0.000678775773849, 0.0014688197989, 0.000665189116262, 0.000676021096297, 0.000572722696234, 0.00029166607419, 0.000167691876413, 0.000153725210112, 0.000182747884537, 9.0915702458e-05, 0.000126060898765, 0.000189932587091, 0.000157001122716, 0.000145794212585, 0.000227720418479, 0.000247127376497, 0.000168602142367, 0.000172511630808, 0.000136783593916, 8.97580612218e-05, 6.78689975757e-05, 5.20583089383e-05, 4.64690419903e-05, 4.1808350943e-05, 3.84408776881e-05],
        "mean": [0.000118467229186, 0.000428726430982, 0.00113771855831, 0.000664261751808, 0.000445507059339, 0.000455207948107, 0.000323432002915, 0.00037616273039, 0.000356412958354, 0.000341280567227, 0.000284156994894, 0.000265397218755, 0.000154966066475, 5.53159916308e-05, 8.80605002749e-05, 7.06525752321e-05, 7.61842820793e-05, 4.09620042774e-05, 3.88756925531e-05, 3.55292104359e-05, 2.29478646361e-05, 2.33341306739e-05, 2.2152225938e-05, 1.42711578519e-05, 1.01103396446e-05, 1.39161247716e-05, 1.92341940419e-05, 1.58760558406e-05, 9.63682850852e-06, 9.2234395197e-06, 9.12723680813e-06, 9.42280894378e-06, 7.20542493582e-06, 5.0606631703e-06, 3.31877504323e-06, 2.81736242869e-06, 1.90143714462e-06, 1.26036366055e-06, 9.83350105344e-07, 8.10950780306e-07],
        "min": [4.45744149147e-07, 2.7314486033e-06, 6.16356237515e-06, 8.13271253719e-06, 6.7428386501e-06, 2.97168935504e-06, 4.77342155136e-06, 2.099361609e-06, 1.77769948095e-06, 5.37522794275e-07, 6.04017600381e-07, 1.77989932126e-07, 1.45119400941e-07, 2.73092979342e-07, 1.82545875305e-07, 1.02633364918e-07, 4.76631427659e-08, 1.26982314441e-07, 8.54561562846e-07, 3.27891939378e-07, 5.28758960172e-07, 3.04755388925e-07, 3.16084481256e-07, 1.96139851028e-07, 4.7056694541e-08, 2.41073905727e-07, 6.80166323264e-08, 7.30144691374e-08, 7.33820471055e-08, 5.52813688159e-08, 3.96716082207e-08, 4.13692191614e-08, 4.02190032389e-08, 2.46663294234e-08, 2.76944032152e-08, 1.5683474075e-08, 6.74591227323e-09, 1.85305850664e-08, 1.54121284623e-08, 7.04403868568e-09],
        "stdev": [0.00017115654191, 0.000670201727189, 0.00212085526437, 0.000678207958117, 0.000449954561191, 0.000861739914399, 0.000470884959213, 0.000727552338503, 0.000547855393961, 0.000719854258932, 0.000633931020275, 0.000475219741929, 0.00026213095407, 9.36458236538e-05, 0.000103968384792, 9.46839281823e-05, 0.00012245409016, 5.61811466468e-05, 6.02326690569e-05, 5.32796002517e-05, 3.01206255244e-05, 2.31686753978e-05, 2.24621162488e-05, 1.51775220729e-05, 1.01302102848e-05, 1.36487706186e-05, 1.86960696738e-05, 1.64581470017e-05, 1.19393898785e-05, 1.45110661833e-05, 1.54167519213e-05, 1.38242858156e-05, 1.25989845401e-05, 1.06486622826e-05, 6.76270110489e-06, 4.82399036628e-06, 3.74988758267e-06, 2.92877621177e-06, 2.58436375589e-06, 2.2351964617e-06]
    },
    "melbands128": {
        "max": [0.000414022884797, 0.00144118419848, 0.00261814147234, 0.0024846624583, 0.00421919673681, 0.0112214013934, 0.0341704189777, 0.029919212684, 0.014533823356, 0.0122337620705, 0.00719192065299, 0.00527866696939, 0.00451337778941, 0.0127327749506, 0.0127629647031, 0.0171829368919, 0.0037547510583, 0.00662731379271, 0.0178967993706, 0.00753807555884, 0.0108042145148, 0.00994626712054, 0.00907014589757, 0.0115198642015, 0.0129192918539, 0.00895394850522, 0.00606232695282, 0.012511536479, 0.00578471692279, 0.0107215801254, 0.00576846906915, 0.00586109608412, 0.00467517413199, 0.00205823290162, 0.00199438398704, 0.00272606848739, 0.00129720149562, 0.00118066836149, 0.00192500732373, 0.00159468792845, 0.00132343138102, 0.0019263146678, 0.00239827530459, 0.00234741088934, 0.00123116641771, 0.00110809644684, 0.00155565852765, 0.00118666444905, 0.00146255409345, 0.00185554556083, 0.000701093114913, 0.000309188500978, 0.000623535481282, 0.000774694199208, 0.000486078148242, 0.000194431122509, 0.000205728501896, 0.000310981296934, 0.000236803520238, 0.000215335807297, 0.000231729325606, 0.000308451650199, 0.000204405398108, 0.000148857739987, 0.000153627872351, 0.000120497134048, 0.000253678997979, 0.000269742275123, 0.000302395026665, 0.00028119928902, 0.00019310337666, 0.000255052553257, 0.000214006475289, 0.000222789312829, 0.000170477229403, 0.000191404222278, 0.000256809289567, 0.000472132844152, 0.000264852133114, 0.000153696819325, 0.000189053316717, 0.000250869255979, 0.0002524133306, 0.000158432056196, 0.000302750326227, 0.000203885138035, 0.000148519393406, 0.000127336621517, 0.000119886426546, 8.35023383843e-05, 5.28859818587e-05, 9.82780038612e-05, 5.24479946762e-05, 7.41195544833e-05, 4.74017615488e-05, 5.70230731682e-05, 5.5430802604e-05, 5.54475082026e-05, 5.12061706104e-05, 3.38275167451e-05, 4.02383993787e-05, 4.05810169468e-05, 4.4920561777e-05, 2.77435719909e-05, 3.4591650433e-07, 7.56316964612e-08, 6.67326744974e-08, 5.99243108468e-08, 5.45385283601e-08, 5.01773769201e-08, 4.65368117375e-08, 4.37007585674e-08, 4.11221208196e-08, 3.89429004599e-08, 3.68481387625e-08, 3.51190223569e-08, 3.36266055001e-08, 3.22288116195e-08, 3.09660990183e-08, 2.99610327659e-08, 2.91372952432e-08, 2.83920904565e-08, 2.75998441879e-08, 2.68920476998e-08, 2.64970285713e-08, 2.61803609902e-08, 2.58133354691e-08, 2.56894008288e-08],
        "mean": [2.77098552033e-05, 9.58727978286e-05, 0.000146822727402, 0.000180185073987, 0.000237180967815, 0.000636743847281, 0.00145789398812, 0.00125373806804, 0.000775840191636, 0.000602567335591, 0.000652603805065, 0.000465876189992, 0.000341976003256, 0.000488067133119, 0.00047452133731, 0.000469913502457, 0.000320622290019, 0.000259873049799, 0.00036500825081, 0.000445677404059, 0.000362648192095, 0.000228177726967, 0.00033803639235, 0.000493083789479, 0.000479381735204, 0.000194280146388, 0.000225377603783, 0.000388208922232, 0.000210703336052, 0.000286571419565, 0.000281602871837, 0.000232043734286, 0.000182783755008, 6.95563358022e-05, 3.90673303627e-05, 5.47519302927e-05, 7.54322099965e-05, 7.64464421081e-05, 0.000117951276479, 8.31248762552e-05, 4.64941367682e-05, 7.08684892743e-05, 8.3131082647e-05, 8.24852468213e-05, 5.04166964674e-05, 2.96508824249e-05, 3.45606749761e-05, 2.88553601422e-05, 4.24390746048e-05, 6.32665760349e-05, 2.78744319075e-05, 1.90805913007e-05, 1.81738560059e-05, 2.70969685516e-05, 2.95285008178e-05, 1.99883725145e-05, 1.9000031898e-05, 3.00986757793e-05, 2.0572617359e-05, 1.28496494654e-05, 1.49762227011e-05, 1.48081071529e-05, 1.01753812487e-05, 8.41037945065e-06, 1.02470794445e-05, 1.11061735879e-05, 1.91691724467e-05, 1.91521194211e-05, 1.65603578353e-05, 2.3858015993e-05, 1.71199208125e-05, 1.15726579679e-05, 1.08086887849e-05, 8.54329027788e-06, 9.1705342129e-06, 9.53154994932e-06, 9.25381300476e-06, 8.85263034434e-06, 9.1591182354e-06, 9.21715400182e-06, 9.76295723376e-06, 9.4603828984e-06, 8.58142266225e-06, 6.78050582792e-06, 6.37924995317e-06, 5.88071316088e-06, 4.51000778412e-06, 3.63812182513e-06, 3.14866133522e-06, 3.22969185618e-06, 2.91743049274e-06, 2.79432561001e-06, 2.48329502028e-06, 1.96217706616e-06, 1.51121889758e-06, 1.28272392885e-06, 1.31928345581e-06, 1.00028194083e-06, 1.11479664611e-06, 8.28049394386e-07, 8.72877535585e-07, 7.47785691146e-07, 8.68751101279e-07, 4.38455430185e-07, 1.69706748654e-09, 6.6104392793e-11, 5.73785845226e-11, 5.20041301688e-11, 4.77475073368e-11, 4.4223374962e-11, 4.12017017726e-11, 3.88689740116e-11, 3.68056002342e-11, 3.50178393227e-11, 3.33089007765e-11, 3.19048849839e-11, 3.0614531743e-11, 2.93799880258e-11, 2.83517306854e-11, 2.75394169275e-11, 2.68569888551e-11, 2.62309791943e-11, 2.554442248e-11, 2.49188655821e-11, 2.46095002016e-11, 2.43754547796e-11, 2.41029314563e-11, 2.39325052831e-11],
        "min": [2.82152440301e-10, 3.71507695718e-08, 1.7161791277e-07, 1.04781884147e-06, 1.26973395709e-06, 5.03126670992e-07, 1.4315428416e-06, 1.39187113746e-06, 5.52362052986e-06, 4.12818280893e-06, 1.47586865751e-06, 1.59235344199e-06, 1.37325491778e-06, 1.98264683604e-06, 1.22029700833e-06, 6.53163425568e-08, 1.28511760522e-06, 1.09921802505e-06, 8.19799083729e-07, 4.0977610638e-07, 8.79096887729e-07, 6.52184439787e-07, 4.55952971379e-07, 8.59196589431e-08, 3.21654283653e-07, 1.54301417865e-07, 2.77546376992e-07, 1.55443444783e-07, 8.20179195671e-08, 2.58292534028e-08, 7.47350767938e-08, 2.87980288505e-08, 9.21689675693e-08, 3.20674224952e-08, 2.82282872632e-08, 3.36540750823e-08, 1.15567637238e-07, 1.39359073614e-07, 7.28115807647e-08, 1.80582091502e-08, 2.10593427141e-08, 1.9762371295e-08, 2.68046598251e-08, 4.89126747993e-08, 1.15990532734e-08, 2.01004191069e-09, 4.01313045018e-08, 2.81580714301e-08, 5.51967396234e-08, 5.01668893094e-08, 1.9505709048e-08, 3.64015555476e-08, 9.32594446112e-09, 4.32711155796e-09, 7.77303768018e-08, 2.63817625523e-08, 1.43616091464e-07, 4.6769930151e-09, 7.28143021433e-08, 4.91550729009e-08, 6.42482902435e-08, 4.55247528564e-09, 3.70664055005e-09, 5.58666113371e-10, 5.52079548743e-10, 1.64750044718e-08, 5.15400131462e-08, 2.9313556027e-08, 4.21897139447e-09, 1.66859024375e-08, 3.14009724889e-08, 2.05186298508e-10, 3.96866468577e-08, 8.64607763162e-09, 1.9565893794e-08, 1.97635618981e-09, 2.40603731383e-10, 1.20677035031e-09, 3.11950132392e-09, 3.26629212566e-08, 3.77608913027e-08, 2.6229537653e-08, 2.58334154069e-08, 2.42921363025e-08, 3.01336449127e-08, 1.90206321804e-08, 7.68952990171e-09, 3.09285086431e-09, 1.05475832513e-08, 1.10629487793e-08, 1.06897939389e-08, 4.07367251043e-09, 3.54216878051e-10, 1.24530452617e-09, 2.27262408892e-09, 7.95849786073e-09, 2.73987899035e-09, 7.46131323393e-10, 4.28079016679e-10, 9.1079330744e-09, 4.08099110061e-09, 6.2247846877e-09, 1.99876559748e-09, 2.0060042169e-11, 1.5733769539e-12, 9.27666797546e-13, 7.89769129001e-13, 7.11004497465e-13, 5.69580786616e-13, 6.65256857848e-13, 6.27057054284e-13, 6.82903820298e-13, 5.94000922668e-13, 6.68958757746e-13, 7.47846392018e-13, 7.39474345472e-13, 6.60702558202e-13, 7.94265749091e-13, 5.69576232966e-13, 8.30934496557e-13, 7.10081299315e-13, 8.40243835881e-13, 7.52464334331e-13, 7.06841377963e-13, 7.44060629082e-13, 8.00578678871e-13, 9.39977045852e-13, 8.2679398267e-13],
        "stdev": [4.41510928795e-05, 0.000166948913829, 0.000240161680267, 0.000250597280683, 0.000384675193345, 0.00116931367666, 0.00295104179531, 0.00274211610667, 0.00127433461603, 0.000712636858225, 0.000740194169339, 0.000488915771712, 0.000469262333354, 0.000917018158361, 0.00115181948058, 0.00117776519619, 0.000429967825767, 0.000546211260371, 0.00106114847586, 0.000931357324589, 0.00107196113095, 0.000589879695326, 0.00072567112511, 0.0011188921053, 0.00130115146749, 0.000658593431581, 0.000594258948695, 0.00118773779832, 0.000483805401018, 0.000763499003369, 0.000622879655566, 0.000522567541339, 0.00040904872003, 0.000149963583681, 0.000117424344353, 0.000146595528349, 0.000132219560328, 0.000135901063913, 0.000211434642551, 0.000163288699696, 0.000113432310172, 0.000169174876646, 0.000174631757545, 0.000184766482562, 0.000103228507214, 6.21408544248e-05, 8.34295497043e-05, 6.57197379041e-05, 9.97269307845e-05, 0.000143044031574, 5.20776666235e-05, 3.24531465594e-05, 3.61302736565e-05, 5.87332142459e-05, 4.70342529297e-05, 2.54467577179e-05, 2.45886349148e-05, 3.9534032112e-05, 2.76934424619e-05, 1.72050913534e-05, 1.99035857804e-05, 2.37143249251e-05, 1.39097728606e-05, 1.20866161524e-05, 1.36272656164e-05, 1.5338177036e-05, 2.64441423496e-05, 2.72006909654e-05, 2.48682918027e-05, 3.13025448122e-05, 2.18048717215e-05, 1.76558969542e-05, 1.61193565873e-05, 1.34908132168e-05, 1.30710523081e-05, 1.53655055328e-05, 1.82581898116e-05, 1.93166524696e-05, 1.73266107595e-05, 1.44913183249e-05, 1.44180276038e-05, 1.66504960362e-05, 1.52900065586e-05, 1.22780629681e-05, 1.42099897857e-05, 1.29121244754e-05, 1.02230596895e-05, 9.60069064604e-06, 6.6525708462e-06, 6.2154385887e-06, 4.75496699437e-06, 5.72430462853e-06, 4.56121961179e-06, 4.66413439426e-06, 3.21899233313e-06, 2.80502536043e-06, 3.47810578205e-06, 3.1134186429e-06, 3.13665373142e-06, 2.30784871746e-06, 2.25732173931e-06, 2.3349307412e-06, 2.47632078754e-06, 1.18714558539e-06, 1.06600683836e-08, 2.02081729128e-09, 1.78316994504e-09, 1.6013278481e-09, 1.45745848723e-09, 1.34096223015e-09, 1.24368704224e-09, 1.16790743743e-09, 1.09902453804e-09, 1.04079223018e-09, 9.84814785276e-10, 9.38602529033e-10, 8.98726371101e-10, 8.61381965755e-10, 8.27655277646e-10, 8.00768895637e-10, 7.78746622743e-10, 7.58830831504e-10, 7.37667371631e-10, 7.18773818242e-10, 7.08205605271e-10, 6.99733271325e-10, 6.89943546739e-10, 6.866150426e-10]
    },
    "mfcc": {
        "mean": [-602.376953125, 102.223960876, -4.66014671326, 17.4899692535, -13.3057146072, 4.08412981033, -8.55740833282, -2.25229382515, -5.34597682953, -2.4619987011, -5.01544952393, -5.52512550354, -5.71006393433],
        "cov": [[1653.90112305, -406.740234375, -78.9735107422, -45.1759414673, -169.597808838, 115.648262024, 101.06590271, 21.8728675842, 12.3109960556, 81.6999969482, -34.2159080505, -33.5856781006, -60.8648338318], [-406.740234375, 408.007415771, -16.5363197327, 25.7540912628, 34.8330192566, -65.0894622803, -12.0784416199, -2.32580304146, -8.46100616455, -17.0406970978, 25.6824131012, 11.9038515091, 18.7546901703], [-78.9735107422, -16.5363197327, 292.547821045, 18.4898891449, 74.496963501, -11.2967014313, -18.8227462769, -11.4630155563, -5.08472490311, -40.5721092224, -6.69098615646, 21.7792301178, 9.64414691925], [-45.1759414673, 25.7540912628, 18.4898891449, 139.273376465, 53.0085983276, 3.7094244957, -45.014995575, -17.5661296844, 13.7333688736, -3.94373559952, 1.20456039906, 3.6180138588, 7.69367170334], [-169.597808838, 34.8330192566, 74.496963501, 53.0085983276, 261.076080322, -57.8125724792, -82.3874130249, -23.6797885895, 23.8639812469, -5.90895652771, 4.92280197144, 20.3809185028, 12.6931066513], [115.648262024, -65.0894622803, -11.2967014313, 3.7094244957, -57.8125724792, 135.515838623, 59.8101997375, 15.9892244339, -21.4159107208, 1.63291156292, -11.274392128, -14.0550394058, -16.5117435455], [101.06590271, -12.0784416199, -18.8227462769, -45.014995575, -82.3874130249, 59.8101997375, 159.889434814, 44.6794815063, -23.4851894379, 1.66993546486, -4.73270702362, -12.2630996704, -28.0844802856], [21.8728675842, -2.32580304146, -11.4630155563, -17.5661296844, -23.6797885895, 15.9892244339, 44.6794815063, 75.5303039551, 0.810944914818, -0.848714888096, 1.41930043697, 3.2066514492, -4.12694168091], [12.3109960556, -8.46100616455, -5.08472490311, 13.7333688736, 23.8639812469, -21.4159107208, -23.4851894379, 0.810944914818, 73.4624023438, 26.0894985199, -0.0679448395967, -4.98918771744, 0.126934558153], [81.6999969482, -17.0406970978, -40.5721092224, -3.94373559952, -5.90895652771, 1.63291156292, 1.66993546486, -0.848714888096, 26.0894985199, 82.4381561279, 7.93812704086, -8.22967624664, -12.0577869415], [-34.2159080505, 25.6824131012, -6.69098615646, 1.20456039906, 4.92280197144, -11.274392128, -4.73270702362, 1.41930043697, -0.0679448395967, 7.93812704086, 62.0235824585, 19.9442119598, 2.32380795479], [-33.5856781006, 11.9038515091, 21.7792301178, 3.6180138588, 20.3809185028, -14.0550394058, -12.2630996704, 3.2066514492, -4.98918771744, -8.22967624664, 19.9442119598, 53.7746086121, 19.4405994415], [-60.8648338318, 18.7546901703, 9.64414691925, 7.69367170334, 12.6931066513, -16.5117435455, -28.0844802856, -4.12694168091, 0.126934558153, -12.0577869415, 2.32380795479, 19.4405994415, 78.6223068237]],
        "icov": [[0.000910053378902, 0.000821962661576, 0.000108994718175, -0.000123562014778, 0.000357102806447, -5.22310037923e-05, -0.000307456997689, 6.45756372251e-05, -4.22178527515e-05, -0.000636745418888, 0.000235096027609, -0.000157244372531, 0.000266449351329], [0.000821962661576, 0.00363018549979, 0.000434756657341, -0.000902859552298, 0.000116833842185, 0.00159142620396, -0.000933215254918, -3.228276546e-05, 0.000632993411273, -3.43380997947e-05, -0.000827242038213, 0.000204705225769, -0.000246754731052], [0.000108994718175, 0.000434756657341, 0.00410983432084, -0.000155163288582, -0.00105582061224, -7.13021881893e-06, -0.000405005586799, 0.000560262706131, -0.000192807201529, 0.00182166637387, 0.000583484477829, -0.00142296438571, 0.00015971258108], [-0.000123562014778, -0.000902859552298, -0.000155163288582, 0.00892760884017, -0.00132164137904, -0.0025454480201, 0.0022647595033, 0.000873465964105, -0.00162079196889, 0.000716353009921, -0.000156610796694, -7.3993964179e-05, -6.58380013192e-05], [0.000357102806447, 0.000116833842185, -0.00105582061224, -0.00132164137904, 0.00550386402756, 0.00121788436081, 0.00158614187967, 4.63154101453e-05, -0.000739999522921, -0.000398499221774, 0.000378255179385, -0.00120758067351, 0.000671132293064], [-5.22310037923e-05, 0.00159142620396, -7.13021881893e-06, -0.0025454480201, 0.00121788436081, 0.0109622506425, -0.00329329469241, -0.000605947163422, 0.00270903506316, -0.000563618261367, 0.000669607659802, 0.00128677487373, 0.000298531638691], [-0.000307456997689, -0.000933215254918, -0.000405005586799, 0.0022647595033, 0.00158614187967, -0.00329329469241, 0.0110653517768, -0.00474380655214, 0.00172198622022, -0.00022066650854, 0.000106732564745, 0.000596062047407, 0.00238140346482], [6.45756372251e-05, -3.228276546e-05, 0.000560262706131, 0.000873465964105, 4.63154101453e-05, -0.000605947163422, -0.00474380655214, 0.0165858324617, -0.00257467082702, 0.00107223528903, -0.000116238858027, -0.00241308566183, -0.000286454742309], [-4.22178527515e-05, 0.000632993411273, -0.000192807201529, -0.00162079196889, -0.000739999522921, 0.00270903506316, 0.00172198622022, -0.00257467082702, 0.0177530832589, -0.00565194245428, 0.000492829538416, 0.00226429081522, -0.000302971660858], [-0.000636745418888, -3.43380997947e-05, 0.00182166637387, 0.000716353009921, -0.000398499221774, -0.000563618261367, -0.00022066650854, 0.00107223528903, -0.00565194245428, 0.0160590689629, -0.00275318464264, 0.0011571967043, 0.00141237187199], [0.000235096027609, -0.000827242038213, 0.000583484477829, -0.000156610796694, 0.000378255179385, 0.000669607659802, 0.000106732564745, -0.000116238858027, 0.000492829538416, -0.00275318464264, 0.0196365118027, -0.00800102297217, 0.00140962214209], [-0.000157244372531, 0.000204705225769, -0.00142296438571, -7.3993964179e-05, -0.00120758067351, 0.00128677487373, 0.000596062047407, -0.00241308566183, 0.00226429081522, 0.0011571967043, -0.00800102297217, 0.0253793206066, -0.00530245853588], [0.000266449351329, -0.000246754731052, 0.00015971258108, -6.58380013192e-05, 0.000671132293064, 0.000298531638691, 0.00238140346482, -0.000286454742309, -0.000302971660858, 0.00141237187199, 0.00140962214209, -0.00530245853588, 0.0152475312352]]
    },
    "spectral_contrast_coeffs": {
        "max": [-0.485884279013, -0.422580689192, -0.438952803612, -0.582237005234, -0.564112603664, -0.54027557373],
        "mean": [-0.667998015881, -0.735432565212, -0.724205195904, -0.756854832172, -0.751304090023, -0.717266380787],
        "min": [-0.84491121769, -0.902063071728, -0.894314825535, -0.883242428303, -0.866918087006, -0.844257116318],
        "stdev": [0.0550568029284, 0.0710099861026, 0.078318297863, 0.0551329515874, 0.0533485226333, 0.0458175428212]
    },
    "spectral_contrast_valleys": {
        "max": [-5.23639154434, -4.20741987228, -5.71418380737, -6.02208805084, -5.80387544632, -7.80761909485],
        "mean": [-6.81325483322, -6.38817834854, -7.21639060974, -7.48131418228, -7.37259674072, -9.91922664642],
        "min": [-8.78350830078, -8.12893486023, -9.11700439453, -9.68220233917, -9.07879066467, -11.6002588272],
        "stdev": [0.463881254196, 0.475010365248, 0.545243442059, 0.536522507668, 0.575340569019, 0.638179898262]
    }
},
"rhythm": {
    "beats_count": 74,
    "beats_loudness": {
        "max": 0.0743517801166,
        "mean": 0.0370905064046,
        "min": 0.00341505627148,
        "stdev": 0.0172433741391
    },
    "bpm": 138.714187622,
    "bpm_histogram_first_peak_bpm": 140,
    "bpm_histogram_first_peak_weight": 0.492957770824,
    "bpm_histogram_second_peak_bpm": 133,
    "bpm_histogram_second_peak_spread": 0,
    "bpm_histogram_second_peak_weight": 0.0136986300349,
    "danceability": 1.27071583271,
    "onset_rate": 3.59912085533,
    "beats_loudness_band_ratio": {
        "max": [0.771094918251, 0.533644497395, 0.644739687443, 0.586896657944, 0.300865024328, 0.184587106109],
        "mean": [0.308286726475, 0.225658625364, 0.213023334742, 0.163186147809, 0.0776511579752, 0.0653732866049],
        "min": [0.054851450026, 0.0690013766289, 0.0317707173526, 0.0144692771137, 0.0152806304395, 0.0146349873394],
        "stdev": [0.170540586114, 0.107058413327, 0.13062480092, 0.135561317205, 0.0563336871564, 0.0385584682226]
    },
