{
"metadata": {
    "version": {
        "essentia": "2.1-beta5",
        "essentia_git_sha": "Undefined",
        "extractor": "music 2.0"
    },
    "audio_properties": {
        "analysis": {
            "equal_loudness": 0,
            "length": 23.1502952576,
            "sample_rate": 44100,
            "start_time": 175.240997314,
            "downmix": "mix"
        },
        "bit_rate": 192000,
        "length": 198.414520264,
        "lossless": 0,
        "number_channels": 2,
        "replay_gain": -6.70492362976,
        "sample_rate": 48000,
        "codec": "mp3",
        "md5_encoded": "3c351380a327eddad9dac16bb8e32b69"
    },
    "tags": {
        "file_name": "Italy_Magic, Oh Magic_Al Bano and Romina Power.mp3",
        "encoding": ["Lavf58.29.100"]
    }
},
"lowlevel": {
    "average_loudness": 0.876237630844,
    "barkbands_crest": {
        "max": 25.1727619171,
        "mean": 7.06828165054,
        "min": 2.93849396706,
        "stdev": 3.06806087494
    },
    "barkbands_flatness_db": {
        "max": 0.272998631001,
        "mean": 0.183718368411,
        "min": 0.0782302990556,
        "stdev": 0.024881195277
    },
    "barkbands_kurtosis": {
        "max": 28.7463169098,
        "mean": 1.49761688709,
        "min": -1.42581355572,
        "stdev": 2.2262840271
    },
    "barkbands_skewness": {
        "max": 5.39409780502,
        "mean": 0.607239723206,
        "min": -1.42616629601,
        "stdev": 0.882265865803
    },
    "barkbands_spread": {
        "max": 42.564491272,
        "mean": 14.5782394409,
        "min": 5.27083730698,
        "stdev": 5.32400274277
    },
    "dissonance": {
        "max": 0.499999910593,
        "mean": 0.470685124397,
        "min": 0.361815214157,
        "stdev": 0.0290868487209
    },
    "dynamic_complexity": 2.28384304047,
    "erbbands_crest": {
        "max": 28.4117527008,
        "mean": 8.26989459991,
        "min": 2.10898518562,
        "stdev": 3.37153792381
    },
    "erbbands_flatness_db": {
        "max": 0.311790794134,
        "mean": 0.243032708764,
        "min": 0.021232875064,
        "stdev": 0.0275356229395
    },
    "erbbands_kurtosis": {
        "max": 9.36397171021,
        "mean": 0.625480294228,
        "min": -1.27815270424,
        "stdev": 1.20326340199
    },
    "erbbands_skewness": {
        "max": 2.80613517761,
        "mean": 0.446323394775,
        "min": -1.52248179913,
        "stdev": 0.568790793419
    },
    "erbbands_spread": {
        "max": 95.4083099365,
        "mean": 22.4567508698,
        "min": 8.84425926208,
        "stdev": 8.83664608002
    },
    "hfc": {
        "max": 132.461349487,
        "mean": 22.228105545,
        "min": 1.23540962704e-06,
        "stdev": 14.6383342743
    },
    "loudness_ebu128": {
        "integrated": -17.724861145,
        "loudness_range": 3.84962749481,
        "momentary": {
            "max": -14.0819721222,
            "mean": -18.2198925018,
            "min": -25.7578544617,
            "stdev": 2.1088681221
        },
        "short_term": {
            "max": -15.798997879,
            "mean": -17.935344696,
            "min": -21.2963562012,
            "stdev": 1.40087866783
        }
    },
    "melbands_crest": {
        "max": 33.5249214172,
        "mean": 8.43720722198,
        "min": 2.8133482933,
        "stdev": 4.11761140823
    },
    "melbands_flatness_db": {
        "max": 0.290238857269,
        "mean": 0.163374036551,
        "min": 0.0558921955526,
        "stdev": 0.0492721311748
    },
    "melbands_kurtosis": {
        "max": 107.412124634,
        "mean": 3.17310523987,
        "min": -1.31581163406,
        "stdev": 4.81746339798
    },
    "melbands_skewness": {
        "max": 9.32922840118,
        "mean": 0.991298079491,
        "min": -0.709579348564,
        "stdev": 0.929804384708
    },
    "melbands_spread": {
        "max": 93.3785247803,
        "mean": 25.686384201,
        "min": 6.06590986252,
        "stdev": 11.336180687
    },
    "pitch_salience": {
        "max": 0.866105914116,
        "mean": 0.686328351498,
        "min": 0.0962114185095,
        "stdev": 0.108569085598
    },
    "silence_rate_20dB": {
        "max": 1,
        "mean": 1,
        "min": 1,
        "stdev": 0
    },
    "silence_rate_30dB": {
        "max": 1,
        "mean": 0.998997986317,
        "min": 0,
        "stdev": 0.0316386930645
    },
    "silence_rate_60dB": {
        "max": 1,
        "mean": 0.0160320643336,
        "min": 0,
        "stdev": 0.125599876046
    },
    "spectral_centroid": {
        "max": 4022.76806641,
        "mean": 1721.83227539,
        "min": 512.219604492,
        "stdev": 704.514526367
    },
    "spectral_complexity": {
        "max": 50,
        "mean": 26.1833667755,
        "min": 0,
        "stdev": 8.58631801605
    },
    "spectral_decrease": {
        "max": -9.15077009731e-16,
        "mean": -4.8835264721e-09,
        "min": -3.4795689885e-08,
        "stdev": 3.69510178011e-09
    },
    "spectral_energy": {
        "max": 0.136792063713,
        "mean": 0.0204477068037,
        "min": 3.56577523064e-09,
        "stdev": 0.0148117085919
    },
    "spectral_energyband_high": {
        "max": 0.0170585513115,
        "mean": 0.000638250086922,
        "min": 8.62110730027e-11,
        "stdev": 0.00107675453182
    },
    "spectral_energyband_low": {
        "max": 0.0549565181136,
        "mean": 0.00113105715718,
        "min": 1.65879843195e-09,
        "stdev": 0.00298248161562
    },
    "spectral_energyband_middle_high": {
        "max": 0.0418440401554,
        "mean": 0.00790635775775,
        "min": 2.53672881312e-11,
        "stdev": 0.00552960950881
    },
    "spectral_energyband_middle_low": {
        "max": 0.107838638127,
        "mean": 0.0117193721235,
        "min": 8.50648024242e-11,
        "stdev": 0.0125833097845
    },
    "spectral_entropy": {
        "max": 8.81707191467,
        "mean": 7.60209989548,
        "min": 6.79090023041,
        "stdev": 0.306526213884
    },
    "spectral_flux": {
        "max": 0.317865133286,
        "mean": 0.082364462316,
        "min": 9.28285517148e-05,
        "stdev": 0.0315399579704
    },
    "spectral_kurtosis": {
        "max": 12.5880384445,
        "mean": 3.33483743668,
        "min": -0.547611951828,
        "stdev": 2.23766493797
    },
    "spectral_rms": {
        "max": 0.0115523012355,
        "mean": 0.0042101838626,
        "min": 1.86515558198e-06,
        "stdev": 0.00149108865298
    },
    "spectral_rolloff": {
        "max": 6912.15820312,
        "mean": 1936.7590332,
        "min": 21.533203125,
        "stdev": 973.627380371
    },
    "spectral_skewness": {
        "max": 2.37432575226,
        "mean": 1.16656553745,
        "min": 0.0699354335666,
        "stdev": 0.350213170052
    },
    "spectral_spread": {
        "max": 10183502,
        "mean": 2903162.75,
        "min": 1807099,
        "stdev": 569019.8125
    },
    "spectral_strongpeak": {
        "max": 10.3582363129,
        "mean": 1.30486321449,
        "min": 0,
        "stdev": 1.03567039967
    },
    "zerocrossingrate": {
        "max": 0.23095703125,
        "mean": 0.0727123171091,
        "min": 0.00048828125,
        "stdev": 0.0282628741115
    },
    "barkbands": {
        "max": [0.00039748637937, 0.00496145524085, 0.0223525799811, 0.05160176754, 0.0225811637938, 0.0310052894056, 0.0246286131442, 0.0376190245152, 0.0408157631755, 0.0249453838915, 0.00909146852791, 0.0103698940948, 0.018482323736, 0.0254281796515, 0.0136890662834, 0.0086163142696, 0.0118461512029, 0.00813734624535, 0.00256473920308, 0.00482586212456, 0.0045859804377, 0.00614761607721, 0.0053221527487, 0.00241967337206, 5.95168330619e-06, 5.84545750826e-06, 6.20068522039e-06],
        "mean": [2.27742366405e-05, 0.00023718016746, 0.000370055786334, 0.000967905041762, 0.00210628565401, 0.00170605175663, 0.00130804290529, 0.00219480949454, 0.00259117665701, 0.00154589931481, 0.000800479669124, 0.000896010431461, 0.000856161350384, 0.000951599096879, 0.00074789323844, 0.000761868257541, 0.000711751286872, 0.000500049325638, 0.000309939438011, 0.000418168201577, 0.000176634057425, 0.000127629362396, 9.46747095441e-05, 4.46548910986e-05, 6.61925980694e-09, 6.47282805133e-09, 6.86616274947e-09],
        "min": [2.85512724574e-09, 6.2959665259e-11, 3.01078086073e-11, 2.8487492313e-12, 2.65395136423e-11, 1.37367114211e-11, 9.40355172202e-12, 4.89169859133e-12, 4.43118371857e-12, 2.65214477983e-12, 3.48618876822e-12, 2.94306072568e-12, 2.67283114044e-12, 3.34483525946e-12, 7.35456996952e-13, 1.56190295073e-12, 9.27562714137e-13, 2.22926841917e-12, 2.62384883785e-12, 4.09107686963e-12, 3.81097757518e-12, 6.00508445053e-12, 7.56466764229e-12, 6.26158153105e-12, 1.10885137877e-11, 2.08511801575e-11, 2.94743951468e-11],
        "stdev": [4.27426821261e-05, 0.000449118117103, 0.00110389955807, 0.00302896671928, 0.00304892053828, 0.00252584624104, 0.00230851978995, 0.00409932713956, 0.00494345743209, 0.00246273679659, 0.00103117711842, 0.00108183256816, 0.00132922269404, 0.00175439426675, 0.00104222970549, 0.000875617144629, 0.000808034266811, 0.0006236298359, 0.000284437381197, 0.000567239010707, 0.000271366239758, 0.000343250430888, 0.000279930565739, 0.000117881339975, 1.88284047908e-07, 1.84925269764e-07, 1.96161877852e-07]
    },
    "erbbands": {
        "max": [0.118782140315, 1.29580080509, 16.845287323, 123.354682922, 101.997306824, 114.477813721, 82.2137527466, 323.140106201, 381.545440674, 582.836547852, 758.66809082, 1264.14208984, 823.157775879, 658.856689453, 450.03125, 512.932739258, 984.137756348, 956.926452637, 956.157409668, 343.849731445, 468.932342529, 528.094299316, 482.654602051, 124.670539856, 183.18687439, 251.19593811, 151.697799683, 240.727127075, 257.546051025, 183.65687561, 154.669296265, 83.9126205444, 19.5990219116, 0.571920454502, 0.042262185365, 0.0233388207853, 0.0108216982335, 0.00385304144584, 0.00088468962349, 0.000156352340127],
        "mean": [0.00537851406261, 0.0608831197023, 0.345193982124, 2.13173699379, 4.62528896332, 7.2219824791, 8.90298461914, 16.1640262604, 21.3127307892, 31.8983364105, 42.9380874634, 64.1410140991, 61.706489563, 27.95154953, 40.6322021484, 37.3481330872, 40.5499610901, 49.2342262268, 42.6572647095, 39.2865943909, 41.9770011902, 38.3843040466, 30.8626899719, 16.807390213, 18.2939796448, 19.8485984802, 9.74613380432, 6.04647779465, 4.62274551392, 3.73160862923, 2.54698562622, 1.6295491457, 0.308544784784, 0.00930091645569, 0.000557893654332, 0.000106331070128, 3.59533878509e-05, 1.219645128e-05, 1.41445589179e-05, 2.56931216427e-05],
        "min": [3.64875134551e-08, 1.97139407021e-08, 3.64047032519e-08, 2.13300879182e-08, 5.97954610271e-08, 8.40388381107e-08, 1.11874641107e-07, 1.1266320854e-07, 1.23167424704e-07, 1.41224276717e-07, 1.09958676831e-07, 9.7970570323e-08, 5.49862377852e-08, 1.03851519384e-07, 1.73369897993e-07, 1.06898184526e-07, 1.0725013766e-07, 2.01693993063e-07, 6.26563760875e-08, 8.64846256832e-08, 5.14546911745e-08, 6.99890634337e-08, 1.042056752e-07, 1.0495445224e-07, 1.81048221748e-07, 1.93516555669e-07, 1.02262887935e-07, 2.11536374195e-07, 1.90265510014e-07, 2.19849397354e-07, 2.04741496646e-07, 1.46452762806e-07, 1.12006738107e-07, 9.5350578988e-08, 8.79703705436e-08, 5.42881437582e-08, 3.902341561e-08, 1.83836199596e-08, 6.05981842483e-09, 3.4622041345e-10],
        "stdev": [0.0105259157717, 0.118570417166, 0.899785280228, 6.79316663742, 8.72370433807, 11.31208992, 11.8175239563, 26.2065296173, 35.1661148071, 59.1174583435, 77.4745635986, 128.951431274, 90.5109863281, 43.2408676147, 56.0742225647, 43.4025611877, 59.5344276428, 76.9569244385, 62.740737915, 43.8223686218, 45.3400611877, 43.4224357605, 40.7463378906, 13.3418588638, 20.9103240967, 27.5280990601, 13.6506004333, 11.258597374, 12.818944931, 10.059709549, 7.56952095032, 4.13096666336, 0.922793865204, 0.027413783595, 0.0019075073069, 0.000756198365707, 0.000343781488482, 0.00012219909695, 2.91208034469e-05, 1.7770260456e-05]
    },
    "gfcc": {
        "mean": [-36.2216453552, 122.783157349, -206.869491577, 41.1369400024, -82.269241333, 1.93760037422, -21.3413715363, -19.2763900757, 6.39304304123, -29.3663845062, 7.99219322205, -17.7927284241, -1.61454296112],
        "cov": [[2663.3605957, 605.82208252, 232.722457886, 69.2727432251, -247.675033569, -119.245651245, -35.3836212158, -33.1200523376, -77.8620986938, -152.612518311, 30.3746356964, -152.923950195, -84.6916046143], [605.82208252, 1376.66345215, 1035.95861816, -91.1239089966, -254.983978271, -310.21762085, -61.3331871033, -52.5202674866, -163.004928589, -244.314880371, 57.0562400818, -149.62979126, -107.680549622], [232.722457886, 1035.95861816, 1060.3807373, -29.3228588104, -265.981567383, -223.642242432, -71.5632400513, -28.3280467987, -172.638183594, -177.821029663, 41.1765556335, -111.423713684, -89.6381988525], [69.2727432251, -91.1239089966, -29.3228588104, 101.837692261, 28.9246482849, 41.9847221375, -1.43479430676, -9.52531433105, -3.05481672287, 21.9219150543, -7.90609312057, 5.30809593201, 1.88893437386], [-247.675033569, -254.983978271, -265.981567383, 28.9246482849, 185.591293335, 87.8819885254, 39.5815124512, 17.4568119049, 52.1886062622, 49.387878418, -23.2625427246, 23.9204883575, 8.9566192627], [-119.245651245, -310.21762085, -223.642242432, 41.9847221375, 87.8819885254, 139.809371948, 48.4019470215, 18.4542942047, 34.2528800964, 51.7936096191, -17.3459014893, 26.5336990356, 17.2406253815], [-35.3836212158, -61.3331871033, -71.5632400513, -1.43479430676, 39.5815124512, 48.4019470215, 86.9910583496, 35.3338699341, 10.1635007858, 9.02022838593, -0.689676165581, 0.233972027898, -18.2150993347], [-33.1200523376, -52.5202674866, -28.3280467987, -9.52531433105, 17.4568119049, 18.4542942047, 35.3338699341, 66.8112106323, 29.9897575378, 10.1697349548, 7.66774749756, -0.505023479462, -9.39981365204], [-77.8620986938, -163.004928589, -172.638183594, -3.05481672287, 52.1886062622, 34.2528800964, 10.1635007858, 29.9897575378, 74.5813522339, 46.1412200928, -5.89607810974, 21.7194786072, 15.2326049805], [-152.612518311, -244.314880371, -177.821029663, 21.9219150543, 49.387878418, 51.7936096191, 9.02022838593, 10.1697349548, 46.1412200928, 85.7923126221, 10.8324184418, 29.9358634949, 21.1044025421], [30.3746356964, 57.0562400818, 41.1765556335, -7.90609312057, -23.2625427246, -17.3459014893, -0.689676165581, 7.66774749756, -5.89607810974, 10.8324184418, 47.2073554993, 12.9455356598, -1.62396633625], [-152.923950195, -149.62979126, -111.423713684, 5.30809593201, 23.9204883575, 26.5336990356, 0.233972027898, -0.505023479462, 21.7194786072, 29.9358634949, 12.9455356598, 60.9135322571, 36.3412895203], [-84.6916046143, -107.680549622, -89.6381988525, 1.88893437386, 8.9566192627, 17.2406253815, -18.2150993347, -9.39981365204, 15.2326049805, 21.1044025421, -1.62396633625, 36.3412895203, 60.1127281189]],
        "icov": [[0.000792628969066, -0.00098414788954, 0.00140457763337, -0.00155576237012, 0.0016909239348, -0.000709757790901, 0.000598283833824, -0.000619140919298, 0.000136697577545, 0.000819043896627, -0.000666668289341, 0.00139775767457, 0.00034802974551], [-0.00098414788954, 0.0189573615789, -0.0146821690723, 0.00196586432867, -0.00853419397026, 0.0136052677408, -0.0151029461995, 0.0241979435086, -0.026164105162, 0.0293303597718, -0.0289490818977, 0.022183123976, -0.0106667233631], [0.00140457763337, -0.0146821690723, 0.0147616351023, -0.00373167381622, 0.00921396352351, -0.00895956344903, 0.0126715209335, -0.0200121700764, 0.0225291792303, -0.0186960604042, 0.0191874094307, -0.0136305196211, 0.00932869780809], [-0.00155576237012, 0.00196586432867, -0.00373167381622, 0.0163363181055, -0.00468800636008, -0.00327781727538, 0.00173472252209, 0.0018652647268, 0.00343522173353, -0.00611317763105, 0.00379146402702, -0.00395680544898, 0.00147786270827], [0.0016909239348, -0.00853419397026, 0.00921396352351, -0.00468800636008, 0.0161622464657, -0.00830115750432, 0.00501981144771, -0.00952761340886, 0.00731612276286, -0.00943754706532, 0.0121919820085, -0.00704167596996, 0.0070315990597], [-0.000709757790901, 0.0136052677408, -0.00895956344903, -0.00327781727538, -0.00830115750432, 0.0273799933493, -0.0177708417177, 0.0149174658582, -0.0151891065761, 0.015791900456, -0.0151275414973, 0.01395141799, -0.0100923320279], [0.000598283833824, -0.0151029461995, 0.0126715209335, 0.00173472252209, 0.00501981144771, -0.0177708417177, 0.034244608134, -0.0298876017332, 0.0278138518333, -0.0231792125851, 0.0235003437847, -0.0208477769047, 0.017009831965], [-0.000619140919298, 0.0241979435086, -0.0200121700764, 0.0018652647268, -0.00952761340886, 0.0149174658582, -0.0298876017332, 0.060089096427, -0.0522909499705, 0.0438610985875, -0.0470587685704, 0.0345768965781, -0.0142685715109], [0.000136697577545, -0.026164105162, 0.0225291792303, 0.00343522173353, 0.00731612276286, -0.0151891065761, 0.0278138518333, -0.0522909499705, 0.0761897712946, -0.058237079531, 0.0538203306496, -0.0400021709502, 0.0171056948602], [0.000819043896627, 0.0293303597718, -0.0186960604042, -0.00611317763105, -0.00943754706532, 0.015791900456, -0.0231792125851, 0.0438610985875, -0.058237079531, 0.0816731825471, -0.0657567456365, 0.0439966097474, -0.0195725467056], [-0.000666668289341, -0.0289490818977, 0.0191874094307, 0.00379146402702, 0.0121919820085, -0.0151275414973, 0.0235003437847, -0.0470587685704, 0.0538203306496, -0.0657567456365, 0.0869893953204, -0.0562468208373, 0.0237829554826], [0.00139775767457, 0.022183123976, -0.0136305196211, -0.00395680544898, -0.00704167596996, 0.01395141799, -0.0208477769047, 0.0345768965781, -0.0400021709502, 0.0439966097474, -0.0562468208373, 0.0704298913479, -0.0317653529346], [0.00034802974551, -0.0106667233631, 0.00932869780809, 0.00147786270827, 0.0070315990597, -0.0100923320279, 0.017009831965, -0.0142685715109, 0.0171056948602, -0.0195725467056, 0.0237829554826, -0.0317653529346, 0.0390357337892]]
    },
    "melbands": {
        "max": [0.00109391962178, 0.00743015576154, 0.0197402779013, 0.00721694808453, 0.00273368088529, 0.00664402497932, 0.00577174592763, 0.00709774438292, 0.00731374835595, 0.00745337922126, 0.00404448295012, 0.00270193675533, 0.00120317621622, 0.000950997520704, 0.00112925819121, 0.00173840450589, 0.00228765350766, 0.00163742597215, 0.000934738491196, 0.000517190666869, 0.000650023343042, 0.000488571124151, 0.000616797362454, 0.000254260667134, 8.22816436994e-05, 0.000112027759315, 0.00020434128237, 0.000208458513953, 0.000126609505969, 0.000103378944914, 0.000162883326993, 0.0001434070291, 0.00012599650654, 9.97777460725e-05, 0.000106090992631, 5.92856886215e-05, 4.98604604218e-05, 1.77421316039e-05, 3.61104042668e-07, 5.48425873603e-08],
        "mean": [5.73963479837e-05, 0.000167186139151, 0.000432437169366, 0.000412852095906, 0.000342946994351, 0.000361525279004, 0.000310163974063, 0.000390128523577, 0.000355593627319, 0.000405214028433, 0.000299170147628, 0.000109345317469, 0.000120551325381, 0.000110093067633, 8.63379100338e-05, 8.9085973741e-05, 9.33734627324e-05, 6.97025243426e-05, 5.42552479601e-05, 5.48525968043e-05, 4.81414899696e-05, 4.16501752625e-05, 3.3310152503e-05, 2.18263521674e-05, 1.24939087982e-05, 1.13443693408e-05, 1.53832079377e-05, 1.26570666907e-05, 6.54621726426e-06, 4.28452995038e-06, 3.22260484609e-06, 2.72615488939e-06, 2.21516165766e-06, 1.96394830709e-06, 1.50224263962e-06, 1.2262008795e-06, 9.14444228783e-07, 2.68940027581e-07, 5.68384983524e-09, 6.10830760972e-11],
        "min": [3.70562358576e-10, 1.9575384716e-11, 4.49916839895e-12, 5.77525397297e-12, 3.91372481298e-12, 2.50253377049e-12, 1.9618267514e-12, 1.46697790634e-12, 9.19266073852e-13, 5.76581208993e-13, 2.74353321094e-13, 4.12762597539e-13, 5.48016872767e-13, 3.97687498167e-13, 1.49016622609e-13, 3.65702124616e-13, 3.65611864785e-13, 1.07524578163e-13, 7.03299519859e-14, 1.35265645798e-13, 4.11387334517e-14, 7.00089197226e-14, 8.7186646249e-14, 9.81940968966e-14, 7.83643169886e-14, 1.16360737777e-13, 1.51438865788e-13, 1.2388046589e-13, 6.36020844823e-14, 5.87278638805e-14, 1.52734229886e-13, 1.13182006085e-13, 1.10333685005e-13, 1.19179161982e-13, 1.04208749106e-13, 1.37462645975e-13, 7.26013284322e-14, 6.99746115001e-14, 8.36400244311e-14, 8.2104719616e-14],
        "stdev": [0.000104554201243, 0.000409183703596, 0.00112688238733, 0.000664683058858, 0.000466539117042, 0.000557017279789, 0.000521970563568, 0.000758545764256, 0.000654495495837, 0.000834028294776, 0.000455505680293, 0.000201122602448, 0.000157244634465, 0.000129229898448, 0.000108898973849, 0.00014297105372, 0.000165821038536, 0.000117053074064, 7.30732645025e-05, 6.06710964348e-05, 5.44629947399e-05, 4.59357906948e-05, 4.79787304357e-05, 2.57433348452e-05, 1.04122073026e-05, 1.17804011097e-05, 2.22966900765e-05, 1.96540950128e-05, 9.9980570667e-06, 6.9359898589e-06, 7.01578255757e-06, 7.55208611736e-06, 6.34831849311e-06, 5.41399595022e-06, 5.00008763993e-06, 3.14903354592e-06, 2.44925649895e-06, 8.39272672692e-07, 1.80404793326e-08, 1.734967503e-09]
    },
    "melbands128": {
        "max": [0.000254994112765, 0.000907775654923, 0.0015713343164, 0.00269809947349, 0.00356356264092, 0.0137216532603, 0.0283271893859, 0.0220738202333, 0.00792134832591, 0.0103021040559, 0.00925135798752, 0.00581885734573, 0.00215875753202, 0.00602298974991, 0.00998200196773, 0.00555680925027, 0.00589459668845, 0.0109037850052, 0.00397414248437, 0.00871483702213, 0.0156011423096, 0.00625974778086, 0.0136280097067, 0.0070923641324, 0.0149814411998, 0.0125292865559, 0.0117806680501, 0.00698499381542, 0.00746917398646, 0.00536037888378, 0.00499416375533, 0.0015017130645, 0.00189499277622, 0.00329188467003, 0.00176885456312, 0.00182722485624, 0.00308624096215, 0.00162176520098, 0.00227756542154, 0.00433102855459, 0.00322082731873, 0.00178488669917, 0.00220160372555, 0.00671633565798, 0.00253004068509, 0.00309569807723, 0.00285623851232, 0.00165810540784, 0.00110737339128, 0.00100452103652, 0.000682202982716, 0.00139802577905, 0.00116886082105, 0.000841528584715, 0.000607465102803, 0.000512066471856, 0.000957772368565, 0.001344014192, 0.00104172388092, 0.000958775868639, 0.0003470282536, 0.000252009427641, 0.000141572367284, 0.000102753576357, 9.1369052825e-05, 0.000116012677609, 0.000199056448764, 0.000246014184086, 0.000413676782046, 0.000341968348948, 0.000451535219327, 0.000395118928282, 0.000253479811363, 0.00014193028619, 0.000121563236462, 0.000196402164875, 0.000107457948616, 0.000146868784213, 0.000133719659061, 0.000259701657342, 0.00011981233547, 0.000158657931024, 0.000258382351603, 0.000108783715405, 0.000115296999866, 0.000141235999763, 7.96813619672e-05, 0.000168382146512, 0.000123224934214, 5.70061711187e-05, 9.9957389466e-05, 6.05456807534e-05, 5.03448864038e-05, 6.41970254947e-05, 3.30187467625e-05, 3.71474088752e-05, 1.02387293737e-05, 8.95846653748e-07, 6.05199446113e-08, 5.89085473734e-08, 5.66532349922e-08, 5.46094724996e-08, 5.21548066956e-08, 4.98855001752e-08, 4.77036898872e-08, 4.5638877566e-08, 4.37153744315e-08, 4.19085743886e-08, 4.01265900507e-08, 3.8582133044e-08, 3.70453889786e-08, 3.55927731732e-08, 3.42765531514e-08, 3.30575353757e-08, 3.19451274322e-08, 3.08797361015e-08, 2.99087119515e-08, 2.90582313767e-08, 2.82044201327e-08, 2.74406737333e-08, 2.67774904472e-08, 2.61914330224e-08, 2.56475534144e-08, 2.5245844526e-08, 2.48863898378e-08, 2.45831124346e-08, 2.43542999101e-08, 2.42187372379e-08],
        "mean": [1.59993505804e-05, 3.83723418054e-05, 6.68273496558e-05, 0.000108067702968, 0.000124826925457, 0.000209173915209, 0.000438261107774, 0.000470155006042, 0.000497767177876, 0.000352407747414, 0.000396961229853, 0.000474283471704, 0.000259284977801, 0.000276870152447, 0.000362349906936, 0.000425101054134, 0.000387635460356, 0.000302756845485, 0.000190756865777, 0.000329722999595, 0.000583224988077, 0.000320604740409, 0.00034446635982, 0.000318193575367, 0.000463447504444, 0.00042897433741, 0.000297310965834, 0.000382181431632, 0.000191941377125, 0.000120036340377, 8.30780772958e-05, 7.07486688043e-05, 0.000113931964734, 0.000184117699973, 0.000102335368865, 9.22016188269e-05, 0.000110976259748, 7.24401033949e-05, 8.53816818562e-05, 9.22258259379e-05, 9.60393663263e-05, 7.19817326171e-05, 9.25792992348e-05, 0.000117088937259, 6.79421718814e-05, 6.23345476924e-05, 6.77759962855e-05, 5.35691542609e-05, 4.88485711685e-05, 4.95983767905e-05, 6.10232491454e-05, 5.46741466678e-05, 4.52422100352e-05, 4.38910246885e-05, 5.58945212106e-05, 3.91107532778e-05, 3.31564115186e-05, 3.51124253939e-05, 3.29708673235e-05, 3.15552024404e-05, 2.03417566809e-05, 1.57362319442e-05, 1.56554397108e-05, 1.08716121758e-05, 8.34338425193e-06, 1.03815400507e-05, 1.41897062349e-05, 1.40201609611e-05, 1.63924905792e-05, 1.61735479196e-05, 1.34913352667e-05, 1.08566691779e-05, 8.03063903732e-06, 5.53190284336e-06, 5.01522163177e-06, 4.69403266834e-06, 3.7804384192e-06, 3.37968867825e-06, 3.1649765333e-06, 3.08419953399e-06, 2.89307831736e-06, 2.5341937544e-06, 2.3287257136e-06, 2.0693028091e-06, 2.19177263716e-06, 2.38141433329e-06, 1.69475072198e-06, 1.60482557021e-06, 1.53667940594e-06, 1.40098177326e-06, 1.25730230138e-06, 1.22229732824e-06, 1.09825214167e-06, 1.04139439827e-06, 7.24455048839e-07, 4.35898016349e-07, 1.69291993757e-07, 1.41373304174e-08, 1.0573121545e-10, 6.59058155272e-11, 6.31745628032e-11, 6.08019537496e-11, 5.79563896874e-11, 5.53656079316e-11, 5.28969992808e-11, 5.05698989628e-11, 4.84188106276e-11, 4.64097545116e-11, 4.44358751184e-11, 4.27126077562e-11, 4.10213737978e-11, 3.94200991294e-11, 3.7959177468e-11, 3.66031233101e-11, 3.536847204e-11, 3.41967530681e-11, 3.31238647622e-11, 3.21854799756e-11, 3.12542353109e-11, 3.04072843293e-11, 2.96693225543e-11, 2.90214484389e-11, 2.84282718893e-11, 2.79718071622e-11, 2.75276988704e-11, 2.71043916478e-11, 2.68065864645e-11, 2.66507198254e-11],
        "min": [1.13018550074e-09, 4.4049497383e-10, 2.7872620878e-11, 2.74435023317e-11, 2.09737713308e-11, 1.32444003681e-11, 3.82863445808e-12, 1.44597701868e-12, 4.4789580031e-12, 5.44638553007e-12, 4.3806854845e-12, 2.5024904024e-12, 3.0657596687e-12, 2.79123490814e-12, 2.55415350328e-12, 2.45733034615e-12, 1.67938492973e-12, 1.94696429118e-12, 2.16776141308e-12, 1.53144456751e-12, 1.26239014901e-12, 8.09297832742e-13, 8.69204448001e-13, 1.10631252423e-12, 5.52413041525e-13, 5.45066758655e-13, 1.51247287264e-13, 1.70366216794e-13, 4.10276006961e-13, 5.39369438869e-13, 3.52278590413e-13, 2.91001652029e-13, 6.64458993469e-13, 6.67854714673e-13, 4.12627370423e-13, 4.06674964971e-13, 2.03221689693e-13, 1.58150998807e-13, 8.52921859117e-14, 1.30807894356e-13, 5.33598176495e-13, 5.40871221508e-13, 3.59039566741e-13, 3.40062776116e-13, 1.40859342961e-13, 5.94430104098e-14, 6.19696487051e-14, 3.05885687873e-14, 7.53922884409e-14, 1.80738873846e-13, 1.75676259564e-13, 4.82323396175e-14, 5.32274419852e-14, 2.54790339624e-14, 3.43398744228e-14, 1.17491059199e-13, 5.38891881694e-14, 4.22796461741e-14, 1.64116983892e-13, 5.10811689171e-14, 1.07641997258e-13, 1.16669410135e-13, 5.01239945817e-14, 8.76395446015e-14, 8.63972793048e-14, 1.02602022473e-13, 1.64758492765e-13, 1.1875040068e-13, 1.55559132199e-13, 1.77678943607e-13, 1.41324912927e-13, 6.6952262419e-14, 9.65950680987e-14, 5.41399641318e-14, 4.91245194208e-14, 4.13460837291e-14, 4.37271983759e-14, 1.52360925525e-13, 1.48411597139e-13, 1.90593133181e-13, 1.47786690112e-13, 6.79363724022e-14, 6.9041431914e-14, 1.24066081302e-13, 1.16856800928e-13, 1.68099990308e-13, 9.64687653219e-14, 7.62802839015e-14, 1.09713338403e-13, 9.55039134798e-14, 1.91437374308e-13, 1.32743859307e-13, 8.5354127737e-14, 6.32865206638e-14, 7.55571346049e-14, 6.14378678683e-14, 4.63843780009e-14, 1.26786818891e-13, 6.35448115026e-14, 9.67183080044e-14, 5.04195582583e-14, 7.94341399298e-14, 1.07897015161e-13, 8.55391942716e-14, 6.09473273716e-14, 1.38962666786e-13, 9.05447862954e-14, 5.48747177797e-14, 5.07763725814e-14, 1.04222281304e-13, 1.22928807433e-13, 9.63763980731e-14, 8.24466498761e-14, 9.33356107788e-14, 8.92607995438e-14, 9.21313535445e-14, 1.02765601476e-13, 9.30593357365e-14, 8.5739012732e-14, 1.17007830291e-13, 1.04074911124e-13, 9.1629686423e-14, 6.48808128534e-14, 8.80188256265e-14, 5.81068735337e-14, 2.5631091623e-14, 2.80440305682e-15, 1.87068946937e-16],
        "stdev": [3.23634121742e-05, 8.80319930729e-05, 0.000138295727083, 0.000228665041504, 0.000300251471344, 0.000663021230139, 0.00155536900274, 0.00135002110619, 0.000947783584706, 0.000801645976026, 0.000703610538039, 0.000807648233604, 0.000383756356314, 0.000473839958431, 0.00076032965444, 0.000720717362128, 0.000614712189417, 0.000869750219863, 0.000430563901318, 0.0006794949295, 0.0013925404055, 0.000704503909219, 0.00104959635064, 0.000716241891496, 0.00121689343359, 0.00120542349759, 0.000724982703105, 0.000675889546983, 0.000520738598425, 0.000318811507896, 0.000218817483983, 9.47892622207e-05, 0.000173462627572, 0.000363623927115, 0.000193452186068, 0.000145779762533, 0.000210207508644, 0.000120122102089, 0.00018254412862, 0.000203527437407, 0.000222498420044, 0.000139670271892, 0.000194606589503, 0.00033568800427, 0.000178705740836, 0.000140561460285, 0.000136699003633, 9.77135860012e-05, 8.05980016594e-05, 7.42100237403e-05, 8.05612653494e-05, 7.8872020822e-05, 7.0287816925e-05, 6.28762281849e-05, 6.82476966176e-05, 5.5883112509e-05, 6.41476508463e-05, 7.07386716385e-05, 5.86814785493e-05, 6.69319997542e-05, 2.80847143586e-05, 1.84153832379e-05, 1.69762897713e-05, 1.12922371045e-05, 9.62061858445e-06, 1.22222172649e-05, 1.98837788048e-05, 2.30867626669e-05, 3.49608781107e-05, 2.91861524602e-05, 3.01031632262e-05, 2.3160220735e-05, 1.67184534803e-05, 9.52729897108e-06, 8.7075832198e-06, 9.25748463487e-06, 6.31530838291e-06, 7.19564468454e-06, 6.76482022754e-06, 9.60162014962e-06, 7.01388080415e-06, 7.64058131608e-06, 9.83780864772e-06, 5.27873726242e-06, 5.32844842382e-06, 7.39697043173e-06, 3.9004289647e-06, 7.5685156844e-06, 5.43574378753e-06, 3.47323793903e-06, 4.35484662376e-06, 2.99764269585e-06, 2.66954702965e-06, 3.11244411932e-06, 1.9065187189e-06, 1.54792985541e-06, 5.58373926651e-07, 5.04210788677e-08, 1.91698346086e-09, 1.86359039311e-09, 1.7922516804e-09, 1.72759551109e-09, 1.64994851115e-09, 1.57815238655e-09, 1.50913548325e-09, 1.44381728795e-09, 1.38296751828e-09, 1.32580557644e-09, 1.26942789613e-09, 1.22057197682e-09, 1.17195686489e-09, 1.12599740643e-09, 1.08435616042e-09, 1.04579445104e-09, 1.01060748658e-09, 9.76903558048e-10, 9.46180245265e-10, 9.19274711908e-10, 8.92264206964e-10, 8.68102312257e-10, 8.47120540381e-10, 8.28583868184e-10, 8.11377132148e-10, 7.9866813163e-10, 7.87297949056e-10, 7.77708564215e-10, 7.70469743561e-10, 7.66177787881e-10]
    },
    "mfcc": {
        "mean": [-639.731445312, 126.020675659, -61.4653816223, 25.7559127808, -35.8883628845, 16.1957454681, -29.2800884247, 21.2427864075, -24.1091175079, 18.9781284332, -21.2383003235, 13.8966856003, -14.7107667923],
        "cov": [[1840.45483398, 218.314468384, 68.1414413452, 137.278717041, -119.546264648, 13.0041999817, -60.8602981567, 60.4612503052, -127.374938965, 95.7334213257, -92.6781768799, 55.6260910034, -73.4347763062], [218.314468384, 1317.4239502, 992.690734863, 176.975189209, -35.085018158, -319.081237793, 33.0113449097, -3.77885103226, -213.531555176, -32.6657829285, -71.9318771362, -108.786231995, -22.8369941711], [68.1414413452, 992.690734863, 1103.21350098, 181.305786133, -61.8882865906, -263.108795166, 29.5949649811, -30.0826072693, -200.573822021, -60.8564453125, -76.2866973877, -88.4979553223, -34.3464889526], [137.278717041, 176.975189209, 181.305786133, 106.295654297, 5.86487531662, -30.6139335632, 6.99128437042, -6.36808633804, -43.1463165283, -2.06019330025, -21.1289100647, -9.53211402893, -2.37406396866], [-119.546264648, -35.085018158, -61.8882865906, 5.86487531662, 87.2910003662, 26.4267044067, -3.6127038002, -7.5119638443, 23.5896854401, -2.64373087883, 4.19101428986, -5.55791807175, 6.31955957413], [13.0041999817, -319.081237793, -263.108795166, -30.6139335632, 26.4267044067, 156.048248291, 14.2758245468, 5.86317968369, 54.4151077271, 10.2159729004, 18.7937431335, 22.0869655609, -7.9894194603], [-60.8602981567, 33.0113449097, 29.5949649811, 6.99128437042, -3.6127038002, 14.2758245468, 77.2231445312, 28.9829826355, -6.90116834641, 12.8256044388, 8.7287940979, 1.13931906223, 2.9217903614], [60.4612503052, -3.77885103226, -30.0826072693, -6.36808633804, -7.5119638443, 5.86317968369, 28.9829826355, 74.0055236816, 15.4186487198, 21.5367984772, 4.53521871567, 9.06288719177, 10.1576938629], [-127.374938965, -213.531555176, -200.573822021, -43.1463165283, 23.5896854401, 54.4151077271, -6.90116834641, 15.4186487198, 90.6928024292, 13.8507461548, 21.2796077728, 15.0077447891, -0.473920553923], [95.7334213257, -32.6657829285, -60.8564453125, -2.06019330025, -2.64373087883, 10.2159729004, 12.8256044388, 21.5367984772, 13.8507461548, 68.7900390625, 17.7428531647, 17.2061805725, -0.0398805066943], [-92.6781768799, -71.9318771362, -76.2866973877, -21.1289100647, 4.19101428986, 18.7937431335, 8.7287940979, 4.53521871567, 21.2796077728, 17.7428531647, 49.2555236816, 16.2492218018, 4.44515752792], [55.6260910034, -108.786231995, -88.4979553223, -9.53211402893, -5.55791807175, 22.0869655609, 1.13931906223, 9.06288719177, 15.0077447891, 17.2061805725, 16.2492218018, 54.5050506592, 21.0038738251], [-73.4347763062, -22.8369941711, -34.3464889526, -2.37406396866, 6.31955957413, -7.9894194603, 2.9217903614, 10.1576938629, -0.473920553923, -0.0398805066943, 4.44515752792, 21.0038738251, 84.9442367554]],
        "icov": [[0.00165962136816, -0.000812203390524, 0.000882975524291, -0.00175574759487, 0.00193631683942, -0.00191139592789, 0.00292998948134, -0.00205143471248, 0.00281520280987, -0.00220882566646, 0.00306939729489, -0.00264323782176, 0.00185267755296], [-0.000812203390524, 0.00398120516911, -0.00229320907965, 0.000179063499672, -0.00246418244205, 0.00429464876652, -0.00200199335814, -0.000344550033333, 0.00102589011658, 9.77420568233e-05, -0.0018672789447, 0.00369032821618, -0.000665742671117], [0.000882975524291, -0.00229320907965, 0.00430411286652, -0.00329947611317, 0.00241125351749, 0.000522531452589, 0.000258132437011, -0.000239982298808, 0.00254474068061, 0.000715988571756, 0.00202208710834, -0.00126181682572, 0.00190523033962], [-0.00175574759487, 0.000179063499672, -0.00329947611317, 0.0175551660359, -0.00543782068416, -0.00073437805986, -0.00278114713728, 0.00258143735118, 0.000110268003482, -0.000456643814687, 0.000694499583915, -1.16627813895e-06, -0.00222638715059], [0.00193631683942, -0.00246418244205, 0.00241125351749, -0.00543782068416, 0.017270937562, -0.00500585976988, 0.00355873955414, 0.000288326642476, -0.00200407532975, -0.00154087378178, 0.00264603295363, 8.23014124762e-05, -0.000248873024248], [-0.00191139592789, 0.00429464876652, 0.000522531452589, -0.00073437805986, -0.00500585976988, 0.0184065867215, -0.0086440583691, 0.00253483676352, -0.00289595476352, 0.00367763731629, -0.00337220053189, 0.00322915846482, 0.00115437770728], [0.00292998948134, -0.00200199335814, 0.000258132437011, -0.00278114713728, 0.00355873955414, -0.0086440583691, 0.023482400924, -0.0107450988144, 0.00766228418797, -0.00545533839613, 0.00123090134002, -0.00351996230893, 0.0022669704631], [-0.00205143471248, -0.000344550033333, -0.000239982298808, 0.00258143735118, 0.000288326642476, 0.00253483676352, -0.0107450988144, 0.0219950154424, -0.00915885064751, -0.00115225452464, -0.000560128421057, 0.00178480602335, -0.00439826911315], [0.00281520280987, 0.00102589011658, 0.00254474068061, 0.000110268003482, -0.00200407532975, -0.00289595476352, 0.00766228418797, -0.00915885064751, 0.0283842682838, -0.00469877198339, 0.00154508196283, -0.00318244285882, 0.00531218852848], [-0.00220882566646, 9.77420568233e-05, 0.000715988571756, -0.000456643814687, -0.00154087378178, 0.00367763731629, -0.00545533839613, -0.00115225452464, -0.00469877198339, 0.0225592516363, -0.00909580476582, -0.000869920710102, -0.000145090962178], [0.00306939729489, -0.0018672789447, 0.00202208710834, 0.000694499583915, 0.00264603295363, -0.00337220053189, 0.00123090134002, -0.000560128421057, 0.00154508196283, -0.00909580476582, 0.033471211791, -0.0105816880241, 0.00336842681281], [-0.00264323782176, 0.00369032821618, -0.00126181682572, -1.16627813895e-06, 8.23014124762e-05, 0.00322915846482, -0.00351996230893, 0.00178480602335, -0.00318244285882, -0.000869920710102, -0.0105816880241, 0.0326651670039, -0.00913938321173], [0.00185267755296, -0.000665742671117, 0.00190523033962, -0.00222638715059, -0.000248873024248, 0.00115437770728, 0.0022669704631, -0.00439826911315, 0.00531218852848, -0.000145090962178, 0.00336842681281, -0.00913938321173, 0.0165914613754]]
    },
    "spectral_contrast_coeffs": {
        "max": [-0.457598239183, -0.558360397816, -0.516560196877, -0.591934084892, -0.626800358295, -0.503570437431],
        "mean": [-0.703699350357, -0.765002667904, -0.763376951218, -0.785259962082, -0.779243469238, -0.604620695114],
        "min": [-0.937992811203, -0.944631397724, -0.94218069315, -0.938551962376, -0.937899589539, -0.91735881567],
        "stdev": [0.083391174674, 0.0763502791524, 0.0749821290374, 0.0525710619986, 0.0395922698081, 0.0362688936293]
    },
    "spectral_contrast_valleys": {
        "max": [-5.56252145767, -4.866502285, -5.59448719025, -5.55615139008, -5.82225608826, -9.65205097198],
        "mean": [-7.58364343643, -6.44664239883, -6.76241779327, -7.05633687973, -7.11746692657, -12.0324773788],
        "min": [-17.1343021393, -16.5912017822, -16.6687107086, -16.4792881012, -15.893702507, -17.3861522675],
        "stdev": [0.978566646576, 0.728967905045, 0.567160129547, 0.849169611931, 0.625518321991, 0.539127647877]
    }
},
"rhythm": {
    "beats_count": 55,
    "beats_loudness": {
        "max": 0.0760410502553,
        "mean": 0.0243107788265,
        "min": 0.00432511838153,
        "stdev": 0.0183962825686
    },
    "bpm": 136.04876709,
    "bpm_histogram_first_peak_bpm": 136,
    "bpm_histogram_first_peak_weight": 0.526315808296,
    "bpm_histogram_second_peak_bpm": 167,
    "bpm_histogram_second_peak_spread": 0,
    "bpm_histogram_second_peak_weight": 0.148148149252,
    "danceability": 1.00725352764,
    "onset_rate": 1.640625,
    "beats_loudness_band_ratio": {
        "max": [0.5016502738, 0.630198776722, 0.619677484035, 0.44508689642, 0.571255207062, 0.572967410088],
        "mean": [0.104552462697, 0.186306625605, 0.264997512102, 0.210971191525, 0.222924873233, 0.0742766782641],
        "min": [0.00233924225904, 0.00175324489828, 0.0415894947946, 0.0748756974936, 0.0128336986527, 0.00673814117908],
        "stdev": [0.116954877973, 0.186403378844, 0.161513909698, 0.0967449769378, 0.205918699503, 0.0833141803741]
    },
    "beats_position": [0.371519267559, 0.766258478165, 1.16099774837, 1.53251695633, 1.89242625237, 2.2523355484, 2.61224484444, 2.97215414047, 3.32045340538, 3.66875267029, 4.01705217361, 4.3653512001, 4.72526073456, 5.08516979218, 5.44507932663, 5.80498838425, 6.17650794983, 6.57124710083, 6.96598625183, 7.4303855896, 7.87156438828, 8.32435321808, 8.76553249359, 9.2067117691, 9.63628101349, 10.0658502579, 10.4838094711, 10.9017686844, 11.3313379288, 11.749297142, 12.2136955261, 12.6780948639, 13.1424942017, 13.5952835083, 14.0596818924, 14.512471199, 14.9536504745, 15.3948297501, 15.8476190567, 16.2887973785, 16.7415866852, 17.1827659607, 17.6239452362, 18.0535144806, 18.483083725, 18.9242630005, 19.3306121826, 19.7369613647, 20.1433105469, 20.5612697601, 20.9792289734, 21.3855781555, 21.7803173065, 22.1750564575, 22.5814056396],
