{
"metadata": {
    "version": {
        "essentia": "2.1-beta5",
        "essentia_git_sha": "Undefined",
        "extractor": "music 2.0"
    },
    "audio_properties": {
        "analysis": {
            "equal_loudness": 0,
            "length": 17.2640361786,
            "sample_rate": 44100,
            "start_time": 162.481628418,
            "downmix": "mix"
        },
        "bit_rate": 192000,
        "length": 179.768890381,
        "lossless": 0,
        "number_channels": 1,
        "replay_gain": -7.74272155762,
        "sample_rate": 48000,
        "codec": "mp3",
        "md5_encoded": "c375eeec0d0dc768de2b25683e2d7d54"
    },
    "tags": {
        "file_name": "Turkey_Di Dai Di Dai Dai (Aşık oldum)_MFÖ.mp3",
        "encoding": ["Lavf58.29.100"]
    }
},
"lowlevel": {
    "average_loudness": 0.980843067169,
    "barkbands_crest": {
        "max": 24.0032672882,
        "mean": 7.22716140747,
        "min": 2.42127633095,
        "stdev": 4.10703229904
    },
    "barkbands_flatness_db": {
        "max": 0.271644055843,
        "mean": 0.138113960624,
        "min": 0.0779681056738,
        "stdev": 0.0281487461179
    },
    "barkbands_kurtosis": {
        "max": 25.8818340302,
        "mean": 0.200178205967,
        "min": -1.77493619919,
        "stdev": 2.71712803841
    },
    "barkbands_skewness": {
        "max": 4.98782730103,
        "mean": 0.244118481874,
        "min": -3.98372936249,
        "stdev": 0.951941668987
    },
    "barkbands_spread": {
        "max": 75.2262802124,
        "mean": 30.4414272308,
        "min": 4.5592675209,
        "stdev": 14.0156145096
    },
    "dissonance": {
        "max": 0.499983906746,
        "mean": 0.484248042107,
        "min": 0.365984022617,
        "stdev": 0.0152485752478
    },
    "dynamic_complexity": 2.01997852325,
    "erbbands_crest": {
        "max": 24.0977363586,
        "mean": 7.11224508286,
        "min": 2.95742988586,
        "stdev": 2.82862734795
    },
    "erbbands_flatness_db": {
        "max": 0.290231585503,
        "mean": 0.209452822804,
        "min": 0.125425308943,
        "stdev": 0.0346244126558
    },
    "erbbands_kurtosis": {
        "max": 8.34503078461,
        "mean": 0.188875600696,
        "min": -1.55185115337,
        "stdev": 1.28889894485
    },
    "erbbands_skewness": {
        "max": 1.5009137392,
        "mean": -0.179432481527,
        "min": -2.47724986076,
        "stdev": 0.572171926498
    },
    "erbbands_spread": {
        "max": 82.0799484253,
        "mean": 30.0912723541,
        "min": 10.2927293777,
        "stdev": 11.2057256699
    },
    "hfc": {
        "max": 341.465637207,
        "mean": 35.6589355469,
        "min": 0.197630882263,
        "stdev": 31.5387458801
    },
    "loudness_ebu128": {
        "integrated": -19.3834400177,
        "loudness_range": 0.959390640259,
        "momentary": {
            "max": -16.1784515381,
            "mean": -19.6285076141,
            "min": -25.6661376953,
            "stdev": 1.55718171597
        },
        "short_term": {
            "max": -18.6268005371,
            "mean": -19.4206409454,
            "min": -20.1916751862,
            "stdev": 0.332139879465
        }
    },
    "melbands_crest": {
        "max": 32.2675857544,
        "mean": 10.35704422,
        "min": 2.76931786537,
        "stdev": 5.90866613388
    },
    "melbands_flatness_db": {
        "max": 0.352162241936,
        "mean": 0.112296395004,
        "min": 0.0290638078004,
        "stdev": 0.0532407388091
    },
    "melbands_kurtosis": {
        "max": 91.3603820801,
        "mean": 3.38933801651,
        "min": -1.63143336773,
        "stdev": 8.28454113007
    },
    "melbands_skewness": {
        "max": 8.75255489349,
        "mean": 1.28513872623,
        "min": -1.17670655251,
        "stdev": 1.2879601717
    },
    "melbands_spread": {
        "max": 222.17918396,
        "mean": 51.0155982971,
        "min": 3.26686811447,
        "stdev": 27.9715862274
    },
    "pitch_salience": {
        "max": 0.88510376215,
        "mean": 0.589066326618,
        "min": 0.11288626492,
        "stdev": 0.14377643168
    },
    "silence_rate_20dB": {
        "max": 1,
        "mean": 1,
        "min": 1,
        "stdev": 0
    },
    "silence_rate_30dB": {
        "max": 1,
        "mean": 1,
        "min": 1,
        "stdev": 0
    },
    "silence_rate_60dB": {
        "max": 1,
        "mean": 0.00939597282559,
        "min": 0,
        "stdev": 0.0964760705829
    },
    "spectral_centroid": {
        "max": 4854.96582031,
        "mean": 2508.75830078,
        "min": 494.142669678,
        "stdev": 591.675598145
    },
    "spectral_complexity": {
        "max": 56,
        "mean": 28.4818782806,
        "min": 0,
        "stdev": 11.5154972076
    },
    "spectral_decrease": {
        "max": -1.60117231973e-11,
        "mean": -4.10624689806e-09,
        "min": -2.62563677467e-08,
        "stdev": 2.93343238589e-09
    },
    "spectral_energy": {
        "max": 0.113367088139,
        "mean": 0.0187322963029,
        "min": 7.83580544521e-05,
        "stdev": 0.0128911687061
    },
    "spectral_energyband_high": {
        "max": 0.0464157983661,
        "mean": 0.00267070531845,
        "min": 1.15717257358e-05,
        "stdev": 0.00370840658434
    },
    "spectral_energyband_low": {
        "max": 0.0757809877396,
        "mean": 0.00371577590704,
        "min": 4.90031709433e-07,
        "stdev": 0.0078339278698
    },
    "spectral_energyband_middle_high": {
        "max": 0.0596901923418,
        "mean": 0.00896183867007,
        "min": 6.35510950815e-05,
        "stdev": 0.0067750136368
    },
    "spectral_energyband_middle_low": {
        "max": 0.0568009652197,
        "mean": 0.00383409182541,
        "min": 2.82815994979e-06,
        "stdev": 0.00487149273977
    },
    "spectral_entropy": {
        "max": 8.4830121994,
        "mean": 7.85584163666,
        "min": 6.96829080582,
        "stdev": 0.227613270283
    },
    "spectral_flux": {
        "max": 0.261699795723,
        "mean": 0.0865001901984,
        "min": 0.0261303056031,
        "stdev": 0.0341552123427
    },
    "spectral_kurtosis": {
        "max": 11.337012291,
        "mean": 1.7831056118,
        "min": -0.720441818237,
        "stdev": 1.55441153049
    },
    "spectral_rms": {
        "max": 0.0105167506263,
        "mean": 0.00407699309289,
        "min": 0.000276490289252,
        "stdev": 0.0012859061826
    },
    "spectral_rolloff": {
        "max": 8828.61328125,
        "mean": 3423.89453125,
        "min": 64.599609375,
        "stdev": 1608.30981445
    },
    "spectral_skewness": {
        "max": 2.84415888786,
        "mean": 0.822295188904,
        "min": -0.0843053981662,
        "stdev": 0.270505905151
    },
    "spectral_spread": {
        "max": 8648173,
        "mean": 3607092,
        "min": 2222601.5,
        "stdev": 736709.6875
    },
    "spectral_strongpeak": {
        "max": 15.3621768951,
        "mean": 1.29531228542,
        "min": 0.0189949758351,
        "stdev": 1.48253464699
    },
    "zerocrossingrate": {
        "max": 0.29150390625,
        "mean": 0.108333550394,
        "min": 0.00732421875,
        "stdev": 0.0401608012617
    },
    "barkbands": {
        "max": [0.00237720552832, 0.067618265748, 0.0367625877261, 0.0269447881728, 0.0180659778416, 0.00726249488071, 0.00578527711332, 0.00855987519026, 0.0318999402225, 0.0112318843603, 0.00894072279334, 0.0129083637148, 0.0114425392821, 0.0158947110176, 0.0116665037349, 0.0163799189031, 0.00635455409065, 0.00743681844324, 0.00406541861594, 0.00754380365834, 0.00784246437252, 0.00626110006124, 0.0231231898069, 0.0136720910668, 0.000373634480638, 2.54298981872e-07, 4.96004304296e-08],
        "mean": [0.000103174206743, 0.00244636763819, 0.000877396611031, 0.000710244232323, 0.000499327783473, 0.000345416483469, 0.000376180745661, 0.000451683852589, 0.00121976481751, 0.000907420238946, 0.000665538769681, 0.0007697326364, 0.000958722550422, 0.000928886642214, 0.000793460174464, 0.00102158694062, 0.000947713910136, 0.000924950698391, 0.000665948376991, 0.000789577607065, 0.000525350333191, 0.000853850040585, 0.000640207726974, 0.000297359976685, 1.24352818602e-05, 6.17053030894e-09, 7.45178085904e-10],
        "min": [3.2394004279e-07, 2.45725544801e-07, 7.07308274173e-08, 3.58302436609e-08, 1.29439428065e-07, 1.18276545891e-07, 2.44698696861e-07, 5.99798738676e-07, 1.31712408802e-06, 9.83599875326e-07, 3.36873995366e-07, 4.97306018588e-06, 9.51413858274e-06, 6.01590136284e-06, 4.18309855377e-06, 5.6922863223e-06, 1.76006267338e-06, 6.19093543719e-06, 1.7578470306e-06, 4.15913518736e-06, 1.61064599524e-06, 4.51295318271e-06, 2.35288575823e-06, 4.01599805855e-07, 5.72474778693e-09, 7.98034555105e-11, 5.37652179722e-11],
        "stdev": [0.000195552260266, 0.0063870982267, 0.00248944573104, 0.00207418296486, 0.00116765580606, 0.000687811465468, 0.00063720025355, 0.00096187600866, 0.00224654446356, 0.00141706981231, 0.00098929728847, 0.00129297212698, 0.00107210571878, 0.00140519370325, 0.00111068179831, 0.00153669598512, 0.000898598576896, 0.00102454808075, 0.00069035415072, 0.00091414002236, 0.000724523095414, 0.00109445268754, 0.00138575932942, 0.000800656212959, 3.31845076289e-05, 1.67094480474e-08, 2.02300887153e-09]
    },
    "erbbands": {
        "max": [1.8195463419, 17.5359725952, 46.0735816956, 50.6737365723, 123.448524475, 20.2387447357, 34.1507606506, 73.8286361694, 56.2447280884, 158.492324829, 196.046478271, 689.889831543, 572.930847168, 249.646835327, 412.936859131, 477.797546387, 381.260437012, 622.375915527, 828.786987305, 1202.28369141, 620.463500977, 310.385681152, 383.800170898, 340.76184082, 280.634674072, 369.173217773, 292.060516357, 415.140167236, 258.347473145, 343.950042725, 730.378967285, 561.039733887, 79.1901473999, 9.79219341278, 0.544766843319, 0.0294349920005, 0.0032393631991, 0.000891475647222, 0.000336702069035, 0.000211813647184],
        "mean": [0.0610756985843, 0.570358216763, 1.13089132309, 1.67396056652, 2.22477221489, 1.46862971783, 2.02398061752, 3.18610858917, 3.64232778549, 9.18291473389, 11.6965589523, 28.3122882843, 29.4962692261, 24.8070373535, 29.0390834808, 32.0669708252, 46.6646194458, 38.1229743958, 47.9371643066, 55.572479248, 49.2080917358, 52.1015663147, 55.9823875427, 36.6502609253, 36.0727081299, 39.0782051086, 20.9044075012, 26.1218128204, 30.4261264801, 24.5606193542, 16.5545845032, 8.96091747284, 3.28267097473, 0.387706488371, 0.0121000139043, 0.000854229438119, 0.000136152928462, 3.64550505765e-05, 2.26130141527e-05, 2.9133318094e-05],
        "min": [1.17152558232e-05, 4.01222569053e-05, 8.22589208838e-05, 0.0001094264735, 0.000146378239151, 0.000470667670015, 0.00109943409916, 0.000900440034457, 0.00318446778692, 0.00436520949006, 0.0187120400369, 0.0281826797873, 0.0370314009488, 0.017753392458, 0.0428933538496, 0.229154184461, 0.436957627535, 0.651169121265, 0.376304596663, 0.431944519281, 0.357257902622, 0.14521881938, 0.333060473204, 0.157374590635, 0.146679833531, 0.174565687776, 0.0622710064054, 0.0926569774747, 0.126489251852, 0.11902808398, 0.0493824966252, 0.0187040548772, 0.00405352888629, 0.000365800282452, 1.54137305799e-05, 2.68076519205e-06, 1.09950633487e-06, 3.33124688723e-07, 4.76988702758e-07, 1.6978452777e-07],
        "stdev": [0.181622892618, 1.4925750494, 3.02811193466, 4.09723377228, 7.49309635162, 2.42360115051, 3.75667977333, 6.67175102234, 5.31079912186, 18.1414985657, 20.4388790131, 55.9865150452, 47.6137886047, 33.6797180176, 42.4751663208, 46.4331436157, 47.9402313232, 56.2763366699, 74.9233779907, 83.1605300903, 67.0018234253, 48.2643737793, 55.8934860229, 40.9808273315, 37.4568443298, 44.509185791, 27.6066970825, 38.1487312317, 39.6604194641, 38.247303009, 39.5155143738, 26.9642047882, 8.14817428589, 0.992441236973, 0.0346775315702, 0.00209094607271, 0.000267168245045, 6.33500167169e-05, 2.48388987529e-05, 2.21581303776e-05]
    },
    "gfcc": {
        "mean": [-12.3254985809, 83.3283004761, -194.31098938, 66.2263183594, -76.7659225464, 27.6638393402, -19.5795726776, -4.45688056946, 6.4120516777, -22.0381851196, 5.6184668541, -15.6830406189, -0.537874996662],
        "cov": [[1695.63110352, -577.410644531, 88.8432235718, 50.8725318909, -334.143310547, 93.6756973267, -123.177955627, 54.8360595703, -42.5208091736, 21.4352626801, -116.962303162, -24.5939121246, -22.580198288], [-577.410644531, 1187.33349609, 651.092102051, 211.761383057, 254.10144043, -74.7104721069, 66.3346328735, -83.9137496948, 27.0184993744, -82.6155700684, 39.1488647461, -8.93320083618, -61.9236297607], [88.8432235718, 651.092102051, 1004.57849121, 413.60824585, 87.6329193115, 85.1641235352, -104.235496521, -37.0915412903, -16.3565616608, -18.9879837036, -6.66788196564, 2.52997684479, -53.0513839722], [50.8725318909, 211.761383057, 413.60824585, 312.457611084, 140.671615601, 46.3429679871, -51.8244857788, -26.0318775177, 27.9311962128, 11.9351978302, -3.43050074577, 15.541677475, -4.1084856987], [-334.143310547, 254.10144043, 87.6329193115, 140.671615601, 284.513061523, 51.3244285583, 35.6962471008, -1.29895138741, 57.1119155884, 21.1989517212, 51.8610877991, 26.745098114, 31.2249794006], [93.6756973267, -74.7104721069, 85.1641235352, 46.3429679871, 51.3244285583, 145.38331604, 41.2559127808, 44.1484336853, 3.20846271515, 36.8566131592, 27.3208503723, 13.1176939011, 6.81373596191], [-123.177955627, 66.3346328735, -104.235496521, -51.8244857788, 35.6962471008, 41.2559127808, 207.413742065, 47.5714149475, 34.6712188721, 1.76935279369, 28.4756221771, -3.92438960075, -22.0965747833], [54.8360595703, -83.9137496948, -37.0915412903, -26.0318775177, -1.29895138741, 44.1484336853, 47.5714149475, 90.8730926514, 42.6052284241, 30.8859806061, 19.8330574036, 8.60719776154, 12.0224962234], [-42.5208091736, 27.0184993744, -16.3565616608, 27.9311962128, 57.1119155884, 3.20846271515, 34.6712188721, 42.6052284241, 115.453720093, 44.1353416443, 18.2445201874, 26.3755722046, 19.297410965], [21.4352626801, -82.6155700684, -18.9879837036, 11.9351978302, 21.1989517212, 36.8566131592, 1.76935279369, 30.8859806061, 44.1353416443, 88.2583084106, 53.7560272217, 29.13996315, 36.0061416626], [-116.962303162, 39.1488647461, -6.66788196564, -3.43050074577, 51.8610877991, 27.3208503723, 28.4756221771, 19.8330574036, 18.2445201874, 53.7560272217, 92.1064682007, 48.6586608887, 25.4687519073], [-24.5939121246, -8.93320083618, 2.52997684479, 15.541677475, 26.745098114, 13.1176939011, -3.92438960075, 8.60719776154, 26.3755722046, 29.13996315, 48.6586608887, 68.4145507812, 39.1248970032], [-22.580198288, -61.9236297607, -53.0513839722, -4.1084856987, 31.2249794006, 6.81373596191, -22.0965747833, 12.0224962234, 19.297410965, 36.0061416626, 25.4687519073, 39.1248970032, 76.1966323853]],
        "icov": [[0.00125356798526, -0.000515203806572, 0.00107818492688, -0.00206044688821, 0.00265551987104, -0.00202028546482, 0.000898096535821, -0.000997044029646, 0.00016902013158, -0.000547755975276, 0.00140306761023, -0.000574776611757, 0.000144756937516], [-0.000515203806572, 0.00796988047659, -0.00946645252407, 0.00956201087683, -0.00989193841815, 0.0101842954755, -0.00572933396325, 0.00504078529775, -0.00251224357635, 0.00363685260527, -0.00391680421308, 0.00215977639891, 5.2946707001e-05], [0.00107818492688, -0.00946645252407, 0.014455197379, -0.0165559407324, 0.014443250373, -0.0142298843712, 0.00810096878558, -0.0062427953817, 0.0020678723231, -0.000947556225583, 0.00118115008809, -0.000753377040382, 0.000401982397307], [-0.00206044688821, 0.00956201087683, -0.0165559407324, 0.0261209383607, -0.0207282267511, 0.0148692196235, -0.00731707224622, 0.0080097950995, -0.00160152453464, -0.00350762647577, 0.00440779048949, -0.00399110186845, 0.00345981819555], [0.00265551987104, -0.00989193841815, 0.014443250373, -0.0207282267511, 0.0254868101329, -0.0192574597895, 0.00799133535475, -0.00348393619061, -0.00428181514144, 0.00576468603685, -0.00634671421722, 0.00606106733903, -0.00679931417108], [-0.00202028546482, 0.0101842954755, -0.0142298843712, 0.0148692196235, -0.0192574597895, 0.0282676424831, -0.0110240550712, -0.000305156572722, 0.0057563544251, -0.00623958045617, 0.0020974711515, -0.00380667019635, 0.00353140966035], [0.000898096535821, -0.00572933396325, 0.00810096878558, -0.00731707224622, 0.00799133535475, -0.0110240550712, 0.0124905528501, -0.00549132376909, -0.00214299932122, 0.00269055669196, -0.00262461602688, 0.00148516485933, 0.00244136364199], [-0.000997044029646, 0.00504078529775, -0.0062427953817, 0.0080097950995, -0.00348393619061, -0.000305156572722, -0.00549132376909, 0.0243980344385, -0.0118138482794, 0.005852074828, -0.0090354103595, 0.00810299441218, -0.00501455646008], [0.00016902013158, -0.00251224357635, 0.0020678723231, -0.00160152453464, -0.00428181514144, 0.0057563544251, -0.00214299932122, -0.0118138482794, 0.0241728983819, -0.0200743749738, 0.0188576225191, -0.0164242833853, 0.00733856437728], [-0.000547755975276, 0.00363685260527, -0.000947556225583, -0.00350762647577, 0.00576468603685, -0.00623958045617, 0.00269055669196, 0.005852074828, -0.0200743749738, 0.0451318621635, -0.0358029194176, 0.022506903857, -0.0158353280276], [0.00140306761023, -0.00391680421308, 0.00118115008809, 0.00440779048949, -0.00634671421722, 0.0020974711515, -0.00262461602688, -0.0090354103595, 0.0188576225191, -0.0358029194176, 0.0520694479346, -0.0351319089532, 0.0141480993479], [-0.000574776611757, 0.00215977639891, -0.000753377040382, -0.00399110186845, 0.00606106733903, -0.00380667019635, 0.00148516485933, 0.00810299441218, -0.0164242833853, 0.022506903857, -0.0351319089532, 0.0467195920646, -0.0208683311939], [0.000144756937516, 5.2946707001e-05, 0.000401982397307, 0.00345981819555, -0.00679931417108, 0.00353140966035, 0.00244136364199, -0.00501455646008, 0.00733856437728, -0.0158353280276, 0.0141480993479, -0.0208683311939, 0.0292566455901]]
    },
    "melbands": {
        "max": [0.0173552855849, 0.0190200489014, 0.0123349949718, 0.00488987984136, 0.00119012384675, 0.00153445976321, 0.000787631317507, 0.00175145349931, 0.00216263462789, 0.00501864124089, 0.00285113393329, 0.00117021356709, 0.00135000876617, 0.000989552238025, 0.00196855980903, 0.00137478276156, 0.00124563777354, 0.00166344607715, 0.000751021609176, 0.00157826580107, 0.000585692410823, 0.000366612192011, 0.000510657089762, 0.000374387018383, 0.000284452486085, 0.000172759755515, 0.000297815451631, 0.000247948657488, 0.000278402876575, 0.000151905667735, 0.000291351170745, 0.000159656294272, 0.000155772169819, 0.000229258366744, 0.000376551528461, 0.000530998280738, 0.000249456992606, 7.24712954252e-05, 2.55720333371e-05, 4.35522497355e-06],
        "mean": [0.000624293345027, 0.000653079594485, 0.000321707688272, 0.000121647186461, 7.37132359063e-05, 7.06107239239e-05, 5.89619485254e-05, 0.000104622311483, 0.000111022534838, 0.000176705070771, 0.00014883869153, 0.000103869024315, 0.000101152720163, 7.85350639489e-05, 0.000106144660094, 8.46250040922e-05, 7.18018927728e-05, 8.56148035382e-05, 5.819967555e-05, 7.97976244939e-05, 5.07351178385e-05, 4.79174232169e-05, 6.51412046864e-05, 4.26042061008e-05, 2.76952978311e-05, 2.52815098065e-05, 2.88963365165e-05, 2.44837774517e-05, 1.27003695525e-05, 1.1692287444e-05, 1.70039056684e-05, 1.83916890819e-05, 1.4278182789e-05, 1.37734332384e-05, 1.0277383808e-05, 6.91003288011e-06, 4.79358550365e-06, 2.75250454251e-06, 8.71000679581e-07, 9.92159314706e-08],
        "min": [1.02048574036e-07, 4.52639525861e-08, 1.9610173041e-08, 1.9934670803e-08, 3.66480357172e-08, 2.19293898596e-08, 4.94090883763e-08, 5.84883075305e-08, 1.65392265217e-07, 1.85198189229e-07, 1.87358423887e-07, 7.47013899627e-08, 7.47113091393e-08, 4.53387855259e-07, 6.5710457875e-07, 1.17628349017e-06, 6.55597204968e-07, 4.02158264023e-07, 4.07780504474e-07, 5.38035351383e-07, 2.5787312552e-07, 1.11494188104e-07, 2.54542555922e-07, 3.09034106749e-07, 1.02968655824e-07, 7.52806954551e-08, 1.88398175283e-07, 8.83864501589e-08, 3.63865666486e-08, 3.74955604343e-08, 5.8563333738e-08, 7.14447025985e-08, 4.9990809714e-08, 6.65284005663e-08, 2.6086862448e-08, 1.86732016516e-08, 6.42264330608e-09, 2.90444868156e-09, 8.09457167961e-10, 2.10440623261e-11],
        "stdev": [0.00168216170277, 0.00155946123414, 0.000854793936014, 0.000306984118652, 0.000130354659632, 0.000142030636198, 8.59944630065e-05, 0.000203815565328, 0.000199191388674, 0.00034051691182, 0.000242321912083, 0.000150558902533, 0.000148021819768, 0.000135984519147, 0.000148310107761, 0.000102812635305, 0.000113784597488, 0.000143514815136, 8.05189047242e-05, 0.000129512278363, 7.14678317308e-05, 5.13182058057e-05, 6.38460551272e-05, 5.10671525262e-05, 3.42102102877e-05, 2.5582692615e-05, 3.55447773472e-05, 3.02780990751e-05, 1.97285808099e-05, 1.59854225785e-05, 2.82627552224e-05, 2.4985478376e-05, 1.9336141122e-05, 2.38347874983e-05, 2.32920756389e-05, 2.34173367062e-05, 1.36749376907e-05, 6.97771929481e-06, 2.36622986449e-06, 3.14954007763e-07]
    },
    "melbands128": {
        "max": [0.00168650830165, 0.0122711090371, 0.0278884489089, 0.0324971340597, 0.0283227749169, 0.0135678714141, 0.00761075224727, 0.0172085929662, 0.0144731365144, 0.00274715432897, 0.00108385842759, 0.00211242586374, 0.00150577072054, 0.00203181337565, 0.00242110341787, 0.00213135848753, 0.00129130948335, 0.000692613131832, 0.00134557951242, 0.00293433340266, 0.00277289259247, 0.00258655054495, 0.00208294088952, 0.00556990690529, 0.00747947627679, 0.00808120984584, 0.00553560582921, 0.00324218580499, 0.00340137723833, 0.00278262537904, 0.00109057757072, 0.00149946729653, 0.00185736780986, 0.0021366213914, 0.00207909033634, 0.00138100294862, 0.0022313722875, 0.00394227262586, 0.00168179383036, 0.00108202570118, 0.00228852010332, 0.00272855092771, 0.00133954104967, 0.00276241125539, 0.00346598564647, 0.00290527404286, 0.00102787918877, 0.000849273405038, 0.00109898240771, 0.00445744255558, 0.00205211574212, 0.00209039938636, 0.00107983429916, 0.000890422496013, 0.000678033335134, 0.000742301053833, 0.000479305977933, 0.00112528912723, 0.000747635727748, 0.000569530355278, 0.000442885037046, 0.000727947684936, 0.000534058315679, 0.000330515613314, 0.000375391187845, 0.000229177792789, 0.000295928592095, 0.000601053819992, 0.000351398368366, 0.000546723080333, 0.00046268713777, 0.000353709590854, 0.000813890714198, 0.000213666557102, 0.000226002535783, 0.000123747668113, 0.000200830967515, 0.000311088428134, 0.000399844197091, 0.000491439423058, 0.000223276510951, 0.000273160840152, 0.000174488261109, 0.000227316602832, 0.000175166380359, 0.000280247360934, 0.000382591155358, 0.000226996242418, 0.000366955704521, 0.000533811456989, 0.000480602146126, 0.000544701120816, 0.00065260467818, 0.0001450892305, 0.000139681113069, 0.000114995600597, 8.06538737379e-05, 5.16703403264e-05, 4.95159220009e-05, 1.98675079446e-05, 8.50072137837e-06, 3.81866220778e-06, 2.45294859269e-06, 6.91357948668e-09, 1.99207548235e-08, 2.87361871187e-07, 3.23696696114e-08, 1.32827535637e-08, 2.24765295265e-09, 2.76068556904e-10, 2.68797289982e-10, 2.62152299868e-10, 2.60404947605e-10, 2.46491438372e-10, 2.47069420478e-10, 2.49566672883e-10, 2.35738262244e-10, 2.28010318959e-10, 2.26453425456e-10, 2.21773696629e-10, 2.1243987125e-10, 2.0756217578e-10, 2.07308573086e-10, 2.01822239476e-10, 2.00749639134e-10, 2.01125546773e-10, 1.9966306386e-10, 1.98314753508e-10],
        "mean": [8.02366703283e-05, 0.000418928917497, 0.000871597381774, 0.00098698597867, 0.000677529838867, 0.000395041221054, 0.000317273661494, 0.0003801806306, 0.000221415073611, 7.91993443272e-05, 7.7164855611e-05, 7.72010171204e-05, 5.23183261976e-05, 9.76631999947e-05, 8.74112447491e-05, 4.06106410082e-05, 5.43701971765e-05, 5.12074948347e-05, 7.19603704056e-05, 0.00012082685862, 0.000110353859782, 0.000100829194707, 5.81717176829e-05, 0.000181069815881, 0.000239111832343, 0.000132102097268, 0.000157836897415, 0.000130561966216, 0.000180219270987, 0.000115612208901, 6.01063620707e-05, 0.000105720777356, 0.00012868574413, 6.88812142471e-05, 9.09424561542e-05, 6.80722514517e-05, 8.12710204627e-05, 9.63060228969e-05, 0.000142891061842, 0.000107969361125, 6.07429319643e-05, 6.945370842e-05, 4.85223426949e-05, 8.15311504994e-05, 0.000124449696159, 8.08902768767e-05, 5.43852293049e-05, 3.73515977117e-05, 6.19819766143e-05, 0.000105720508145, 7.60951224947e-05, 6.43067760393e-05, 6.30109498161e-05, 4.00898352382e-05, 3.48371686414e-05, 4.95524400321e-05, 4.50883526355e-05, 9.7562733572e-05, 5.35053950443e-05, 4.23628625867e-05, 5.07960794494e-05, 3.66136227967e-05, 2.37744898186e-05, 2.55764734902e-05, 3.38353493134e-05, 2.02772025659e-05, 2.29632514674e-05, 3.15386496368e-05, 2.29627712542e-05, 3.83455844712e-05, 2.76620576187e-05, 1.65208057297e-05, 1.4603055206e-05, 1.08041558633e-05, 1.26079357869e-05, 1.04918426587e-05, 1.24487387438e-05, 1.20557915579e-05, 1.7662632672e-05, 2.29707948165e-05, 1.76832872967e-05, 1.79436647159e-05, 1.55592933879e-05, 1.41272357723e-05, 1.28618758026e-05, 1.33910270961e-05, 1.50688165377e-05, 1.26251452457e-05, 1.0130100236e-05, 8.46233615448e-06, 7.41412168281e-06, 6.08459276918e-06, 6.93348920322e-06, 4.49936942459e-06, 3.9351034502e-06, 3.52257325176e-06, 2.60233377958e-06, 1.45463661738e-06, 9.31610657062e-07, 6.05133209319e-07, 1.47734340317e-07, 1.03863051493e-08, 4.00571309456e-09, 4.37833415357e-11, 6.06538153036e-11, 4.86803430899e-10, 1.43239489714e-10, 2.65147181988e-10, 7.103981986e-11, 5.47320999286e-12, 4.60749450745e-12, 4.46034788965e-12, 4.29414056397e-12, 4.08876795269e-12, 3.9361916504e-12, 3.82510169372e-12, 3.70728404572e-12, 3.53252409963e-12, 3.42597326376e-12, 3.32745788388e-12, 3.23109291059e-12, 3.16073187588e-12, 3.11138051087e-12, 3.03993765924e-12, 2.91911959015e-12, 2.74515479792e-12, 2.64711321439e-12, 2.62057064417e-12],
        "min": [3.76959761184e-08, 1.18639306379e-07, 8.52614547853e-08, 6.14412059008e-08, 4.56389912529e-08, 3.28581748477e-08, 2.26626930555e-08, 1.65371858429e-08, 1.31397790426e-08, 1.46626577546e-08, 2.62326924627e-08, 4.04021776035e-08, 4.30053006539e-08, 2.90961299498e-08, 1.4904676604e-08, 1.70201666094e-08, 4.13415932599e-08, 6.43010338308e-08, 5.0712603894e-08, 2.72588600581e-08, 6.36395824927e-08, 1.29577088614e-07, 1.70959964407e-07, 1.74556419097e-07, 1.63369989536e-07, 1.98697449605e-07, 3.76733453322e-08, 1.90589858562e-07, 1.71840440544e-07, 1.02534166047e-07, 3.085090583e-08, 3.17627595336e-08, 5.39333981919e-08, 9.56888754899e-08, 9.52480618821e-08, 5.41417719546e-08, 4.74226851566e-07, 4.0396716372e-07, 4.7103299039e-07, 1.05566539332e-06, 3.85762092492e-07, 2.39108175037e-07, 1.65019315546e-07, 3.6827140093e-07, 2.28169966476e-07, 1.65756972592e-07, 1.77223256514e-07, 3.88965624154e-08, 2.64818339701e-07, 4.77399510146e-07, 4.21254469529e-07, 1.61557906608e-07, 8.38067961695e-08, 3.19107122948e-08, 6.4124414223e-08, 3.56609888286e-08, 1.21012945442e-07, 1.22551952586e-07, 3.46828187503e-07, 2.40527270989e-07, 1.57713984095e-07, 8.25967561013e-08, 3.856938946e-08, 3.51662734488e-08, 6.01211027629e-08, 1.01037478828e-07, 5.90612962981e-08, 6.64278445583e-08, 2.19457405137e-07, 1.70744328898e-07, 3.54411646697e-08, 1.24245058686e-08, 1.33466571128e-08, 1.8682447589e-08, 1.40459146536e-08, 2.18865441326e-08, 2.98337745619e-08, 1.03405009e-08, 3.9462452861e-08, 6.88851145014e-08, 6.10257089306e-09, 3.0312168775e-08, 3.5989575764e-08, 3.41570434159e-08, 2.73575437859e-08, 2.03052294978e-08, 4.57135307386e-08, 2.44373623559e-08, 1.84699189276e-08, 1.3449912295e-08, 2.1570864206e-08, 1.22790977386e-08, 6.93893076331e-09, 6.62466792534e-09, 5.69702507391e-09, 4.29685087511e-09, 1.16058551658e-09, 1.40694089712e-09, 9.86396964109e-10, 2.82439488464e-10, 5.55650274056e-12, 2.02634892373e-13, 1.95027316779e-13, 1.90490405025e-13, 1.39293687262e-13, 1.84512710557e-13, 2.09302437578e-13, 3.25845795658e-13, 3.00177146594e-13, 2.18859449335e-13, 1.9750213021e-13, 2.13583260778e-13, 2.11711954933e-13, 2.36204095562e-13, 1.80460843751e-13, 1.51841335187e-13, 1.61074373783e-13, 1.64710991157e-13, 1.7190873833e-13, 1.71486035008e-13, 1.60790353471e-13, 1.89459017051e-13, 2.11844363124e-13, 1.52529464753e-13, 1.47979122445e-13, 4.56436476885e-14, 7.664217534e-15, 2.00005389973e-16],
        "stdev": [0.000161383373779, 0.00138832069933, 0.00255963858217, 0.00264800689183, 0.00190338597167, 0.00107420934364, 0.000764018041082, 0.00121112645138, 0.000858687330037, 0.000191017257748, 0.000135568421683, 0.000183609212399, 0.000130387983518, 0.0002077727695, 0.000211532547837, 0.000112441994133, 0.000101683348475, 8.1352685811e-05, 0.000152086911839, 0.000300378596876, 0.000293821358355, 0.00025043261121, 0.000138631672598, 0.00042815314373, 0.000578608596697, 0.000352735922206, 0.000376148615032, 0.000262543529971, 0.000346327520674, 0.000234382823692, 0.00012112033437, 0.000182223724551, 0.000214402622078, 0.000172133324668, 0.000233847400523, 0.000145934463944, 0.000172798681888, 0.000247619638685, 0.000180780814844, 0.000130140528199, 0.000143133511301, 0.000169045015355, 9.5581941423e-05, 0.000181278141099, 0.000246239971602, 0.000199391957722, 0.000113799069368, 7.61464470997e-05, 0.000102341997263, 0.000232882477576, 0.000152339969645, 0.000137399954838, 0.000109708824311, 6.75681367284e-05, 6.12238509348e-05, 7.64837459428e-05, 5.58609899599e-05, 0.000113830807095, 6.9638430432e-05, 6.75615447108e-05, 7.20999596524e-05, 5.5629061535e-05, 4.70353807032e-05, 3.77229480364e-05, 4.28189377999e-05, 2.75575421256e-05, 3.37609490089e-05, 5.51496923435e-05, 3.66917993233e-05, 5.75030608161e-05, 4.03834346798e-05, 3.1123021472e-05, 3.65036903531e-05, 1.84036543942e-05, 2.0208701244e-05, 1.47034907059e-05, 1.95126795006e-05, 2.17618107854e-05, 3.62248174497e-05, 4.45589867013e-05, 2.87031525659e-05, 3.02060871036e-05, 2.2577611162e-05, 2.31176672969e-05, 2.07236207643e-05, 2.58383915934e-05, 2.93385655823e-05, 2.65491926257e-05, 2.38876236835e-05, 2.50900793617e-05, 2.35609168158e-05, 2.39087385125e-05, 2.81728480331e-05, 1.15048851512e-05, 1.12890338642e-05, 9.64057016972e-06, 7.15016085451e-06, 4.19110619987e-06, 3.11537655762e-06, 1.61632397067e-06, 5.16539216733e-07, 1.53523615154e-07, 9.05093102688e-08, 3.98650418232e-10, 8.12655553961e-10, 1.05908917192e-08, 1.57780810639e-09, 8.55183257542e-10, 1.89964211028e-10, 1.25696354367e-11, 1.13658535708e-11, 1.10153457536e-11, 1.08257743048e-11, 1.02776381156e-11, 1.01947131292e-11, 1.01881775585e-11, 9.6657100726e-12, 9.35405572444e-12, 9.24213830467e-12, 9.03123235918e-12, 8.68410638538e-12, 8.47743663462e-12, 8.42889733704e-12, 8.2188995193e-12, 8.162215695e-12, 8.15667845766e-12, 8.09656248296e-12, 8.0435502009e-12]
    },
    "mfcc": {
        "mean": [-610.875, 72.1687545776, -37.425163269, 20.944065094, -14.3921289444, 19.3605155945, -9.71021366119, 21.7986392975, -5.21393537521, 13.0160140991, -1.51778960228, 6.67939853668, -6.01871871948],
        "cov": [[1845.88745117, -808.816772461, 28.5385456085, -243.332305908, -185.416854858, -115.002067566, -97.4108352661, -59.9761161804, 59.0504875183, 2.54160666466, -4.91502857208, -77.9493255615, -51.844959259], [-808.816772461, 1031.65234375, 361.157958984, 299.997467041, 145.161102295, 86.2578201294, 56.3915901184, 77.2054214478, -46.2620277405, -50.5304298401, 60.71352005, 5.62100124359, 27.9924468994], [28.5385456085, 361.157958984, 934.867431641, 283.823516846, 223.19052124, 88.4283294678, 10.5797510147, -2.9847342968, -25.3403759003, -74.1390457153, 26.2519416809, 3.98957252502, 15.5060863495], [-243.332305908, 299.997467041, 283.823516846, 317.884857178, 180.517532349, 99.9911880493, -22.1363372803, 24.5700244904, -7.45133543015, -15.0093374252, -2.54211521149, 26.5228538513, 3.67841911316], [-185.416854858, 145.161102295, 223.19052124, 180.517532349, 320.611755371, 92.8786010742, 2.86939024925, -21.4775829315, 10.5160303116, -24.2310695648, -6.97411966324, 27.3247337341, 32.8214988708], [-115.002067566, 86.2578201294, 88.4283294678, 99.9911880493, 92.8786010742, 132.541107178, 42.2222671509, 34.3246192932, 2.4743449688, 11.7013568878, 20.7489871979, 26.5874385834, -4.42353487015], [-97.4108352661, 56.3915901184, 10.5797510147, -22.1363372803, 2.86939024925, 42.2222671509, 141.986587524, 36.9579238892, -4.71993112564, 9.52940940857, 40.5160255432, -4.35752296448, 7.11231374741], [-59.9761161804, 77.2054214478, -2.9847342968, 24.5700244904, -21.4775829315, 34.3246192932, 36.9579238892, 104.093391418, 21.4957752228, 24.8272171021, 21.8621673584, 19.907585144, 8.42719078064], [59.0504875183, -46.2620277405, -25.3403759003, -7.45133543015, 10.5160303116, 2.4743449688, -4.71993112564, 21.4957752228, 81.3274841309, 36.2157669067, 4.5506567955, 11.251657486, 14.8525524139], [2.54160666466, -50.5304298401, -74.1390457153, -15.0093374252, -24.2310695648, 11.7013568878, 9.52940940857, 24.8272171021, 36.2157669067, 84.5071105957, 22.8121871948, 13.9536457062, 3.97543954849], [-4.91502857208, 60.71352005, 26.2519416809, -2.54211521149, -6.97411966324, 20.7489871979, 40.5160255432, 21.8621673584, 4.5506567955, 22.8121871948, 94.518196106, 11.8523855209, 5.66089439392], [-77.9493255615, 5.62100124359, 3.98957252502, 26.5228538513, 27.3247337341, 26.5874385834, -4.35752296448, 19.907585144, 11.251657486, 13.9536457062, 11.8523855209, 91.9221038818, 37.8185653687], [-51.844959259, 27.9924468994, 15.5060863495, 3.67841911316, 32.8214988708, -4.42353487015, 7.11231374741, 8.42719078064, 14.8525524139, 3.97543954849, 5.66089439392, 37.8185653687, 87.192565918]],
        "icov": [[0.00114405935165, 0.0010093760211, -0.000530168414116, 0.000147947095684, 0.000422649784014, 3.54515104846e-05, 0.000731857900973, -0.000328589667333, -0.000702934630681, 0.000644047860987, -0.000894125143532, 0.000967260508332, -1.20964405141e-05], [0.0010093760211, 0.0025744815357, -0.000549838005099, -0.00152365863323, 0.000408003921621, 0.00057560717687, 0.000152342137881, -0.00134259578772, 0.000109750770207, 0.00140816776548, -0.00182818120811, 0.00145502190571, -0.000666623702273], [-0.000530168414116, -0.000549838005099, 0.00193160434719, -0.0013292466756, -0.000541215238627, 4.94066516694e-05, -0.000553875695914, 0.00039342493983, 0.000106826773845, 0.00101458688732, -0.000374244758859, -0.000116732546303, -0.000202291223104], [0.000147947095684, -0.00152365863323, -0.0013292466756, 0.00875874515623, -0.00255884882063, -0.00340293487534, 0.00329521577805, -0.00159248639829, 0.000869280309416, -0.00140552909579, 0.00140257924795, -0.000568973191548, 0.00119143887423], [0.000422649784014, 0.000408003921621, -0.000541215238627, -0.00255884882063, 0.00661121681333, -0.00326819485053, -0.000389273714973, 0.0032821437344, -0.00254891696386, 0.00181333941873, 0.00024091063824, 0.000352438597474, -0.00243237637915], [3.54515104846e-05, 0.00057560717687, 4.94066516694e-05, -0.00340293487534, -0.00326819485053, 0.0153026599437, -0.00430571381003, -0.0030760448426, 0.00107070640661, -0.00170535943471, -0.000968864129391, -0.00344288349152, 0.00407773209736], [0.000731857900973, 0.000152342137881, -0.000553875695914, 0.00329521577805, -0.000389273714973, -0.00430571381003, 0.0113836815581, -0.0032791828271, 0.00135773431975, 0.000224552539294, -0.00344536686316, 0.00326909171417, -0.00177355704363], [-0.000328589667333, -0.00134259578772, 0.00039342493983, -0.00159248639829, 0.0032821437344, -0.0030760448426, -0.0032791828271, 0.0152607373893, -0.00405372679234, -0.00141399365384, 0.000358429155312, -0.00238996138796, -0.000597814098001], [-0.000702934630681, 0.000109750770207, 0.000106826773845, 0.000869280309416, -0.00254891696386, 0.00107070640661, 0.00135773431975, -0.00405372679234, 0.0180280506611, -0.00739253358915, 0.000835523707792, 0.000199000991415, -0.00208847061731], [0.000644047860987, 0.00140816776548, 0.00101458688732, -0.00140552909579, 0.00181333941873, -0.00170535943471, 0.000224552539294, -0.00141399365384, -0.00739253358915, 0.0189036950469, -0.00462336651981, -0.000263964990154, -2.89960116788e-05], [-0.000894125143532, -0.00182818120811, -0.000374244758859, 0.00140257924795, 0.00024091063824, -0.000968864129391, -0.00344536686316, 0.000358429155312, 0.000835523707792, -0.00462336651981, 0.0148451197892, -0.00253548752517, 0.000373614515411], [0.000967260508332, 0.00145502190571, -0.000116732546303, -0.000568973191548, 0.000352438597474, -0.00344288349152, 0.00326909171417, -0.00238996138796, 0.000199000991415, -0.000263964990154, -0.00253548752517, 0.01668189466, -0.0072830170393], [-1.20964405141e-05, -0.000666623702273, -0.000202291223104, 0.00119143887423, -0.00243237637915, 0.00407773209736, -0.00177355704363, -0.000597814098001, -0.00208847061731, -2.89960116788e-05, 0.000373614515411, -0.0072830170393, 0.0164780598134]]
    },
    "spectral_contrast_coeffs": {
        "max": [-0.496658444405, -0.521122038364, -0.526222109795, -0.579809010029, -0.580116510391, -0.531787157059],
        "mean": [-0.759930193424, -0.78380471468, -0.763956189156, -0.767332017422, -0.752926886082, -0.648301124573],
        "min": [-0.910065770149, -0.905661821365, -0.898619115353, -0.920381307602, -0.874548196793, -0.780873060226],
        "stdev": [0.069538898766, 0.0602435208857, 0.059785682708, 0.0484877750278, 0.0428031049669, 0.0359266512096]
    },
    "spectral_contrast_valleys": {
        "max": [-5.77453899384, -5.50960540771, -5.46090078354, -5.6220164299, -5.5141711235, -8.0793132782],
        "mean": [-7.47432279587, -6.93507957458, -7.11200428009, -7.07613134384, -6.9831533432, -10.3743696213],
        "min": [-10.2907295227, -9.57110309601, -9.3013343811, -8.66388607025, -9.04553222656, -13.0447416306],
        "stdev": [0.76589179039, 0.478831470013, 0.627024412155, 0.657944083214, 0.706608533859, 0.818716883659]
    }
},
"rhythm": {
    "beats_count": 29,
    "beats_loudness": {
        "max": 0.0618119575083,
        "mean": 0.0283183064312,
        "min": 0.0050631640479,
        "stdev": 0.0147938281298
    },
    "bpm": 105.146217346,
    "bpm_histogram_first_peak_bpm": 105,
    "bpm_histogram_first_peak_weight": 0.294117629528,
    "bpm_histogram_second_peak_bpm": 98,
    "bpm_histogram_second_peak_spread": 0,
    "bpm_histogram_second_peak_weight": 0.214285716414,
    "danceability": 1.71681690216,
    "onset_rate": 3.70463705063,
    "beats_loudness_band_ratio": {
        "max": [0.879063487053, 0.200336307287, 0.302395761013, 0.44607591629, 0.441616952419, 0.435807287693],
        "mean": [0.285486966372, 0.04827670753, 0.111632294953, 0.159960135818, 0.183540955186, 0.231451809406],
        "min": [0.00158984097652, 0.0017248634249, 0.0201083607972, 0.016087513417, 0.0112375915051, 0.0264416523278],
        "stdev": [0.272398412228, 0.054437212646, 0.0892819985747, 0.132044479251, 0.116757020354, 0.115613237023]
    },
    "beats_position": [0.522448956966, 1.04489791393, 1.5673469305, 2.08979582787, 2.61224484444, 3.15791368484, 3.72680258751, 4.29569149017, 4.86458063126, 5.4334692955, 6.00235795975, 6.58285713196, 7.1517457962, 7.70902490616, 8.27791404724, 8.84680271149, 9.42730140686, 9.99619007111, 10.5650787354, 11.1339683533, 11.7028570175, 12.294965744, 12.8870744705, 13.5024032593, 14.117732048, 14.7330608368, 15.3483896255, 15.9637184143, 16.5674381256],
