{
"metadata": {
    "version": {
        "essentia": "2.1-beta5",
        "essentia_git_sha": "Undefined",
        "extractor": "music 2.0"
    },
    "audio_properties": {
        "analysis": {
            "equal_loudness": 0,
            "length": 81.2466201782,
            "sample_rate": 44100,
            "start_time": 93.9943771362,
            "downmix": "mix"
        },
        "bit_rate": 192000,
        "length": 232.745223999,
        "lossless": 0,
        "number_channels": 2,
        "replay_gain": 2.7531414032,
        "sample_rate": 48000,
        "codec": "mp3",
        "md5_encoded": "547763f17ab3e515759f6c7a5c339721"
    },
    "tags": {
        "file_name": "Luxembourg_Children, Kinder, Enfants_Margo, Franck, Diane, Ireen, Malcolm _ Chris.mp3",
        "encoding": ["Lavf58.29.100"]
    }
},
"lowlevel": {
    "average_loudness": 0.944677770138,
    "barkbands_crest": {
        "max": 22.0467948914,
        "mean": 7.86104297638,
        "min": 2.27452945709,
        "stdev": 3.29009413719
    },
    "barkbands_flatness_db": {
        "max": 0.190628826618,
        "mean": 0.094518199563,
        "min": 0.0328026264906,
        "stdev": 0.0237209219486
    },
    "barkbands_kurtosis": {
        "max": 18.3649291992,
        "mean": 0.627189338207,
        "min": -1.85162305832,
        "stdev": 1.78109622002
    },
    "barkbands_skewness": {
        "max": 4.09297990799,
        "mean": 0.613309025764,
        "min": -3.90336346626,
        "stdev": 0.744622826576
    },
    "barkbands_spread": {
        "max": 84.1807174683,
        "mean": 26.9547481537,
        "min": 5.04618120193,
        "stdev": 13.4988698959
    },
    "dissonance": {
        "max": 0.500000059605,
        "mean": 0.470885127783,
        "min": 0.337053060532,
        "stdev": 0.020934458822
    },
    "dynamic_complexity": 2.50574469566,
    "erbbands_crest": {
        "max": 29.0542755127,
        "mean": 9.19903469086,
        "min": 2.57585382462,
        "stdev": 4.38889741898
    },
    "erbbands_flatness_db": {
        "max": 0.280598312616,
        "mean": 0.161080047488,
        "min": 0.0763393342495,
        "stdev": 0.0358194597065
    },
    "erbbands_kurtosis": {
        "max": 36.6068611145,
        "mean": 0.626144468784,
        "min": -1.66870975494,
        "stdev": 2.26993489265
    },
    "erbbands_skewness": {
        "max": 2.36772108078,
        "mean": 0.251662880182,
        "min": -5.14418029785,
        "stdev": 0.791133761406
    },
    "erbbands_spread": {
        "max": 113.450149536,
        "mean": 34.4367332458,
        "min": 5.01019906998,
        "stdev": 16.5519313812
    },
    "hfc": {
        "max": 524.99206543,
        "mean": 35.6203613281,
        "min": 0.593588173389,
        "stdev": 42.7123069763
    },
    "loudness_ebu128": {
        "integrated": -26.7369365692,
        "loudness_range": 3.40072631836,
        "momentary": {
            "max": -22.4164161682,
            "mean": -27.2036190033,
            "min": -36.2046661377,
            "stdev": 2.13545393944
        },
        "short_term": {
            "max": -24.7237987518,
            "mean": -26.8924655914,
            "min": -29.8353672028,
            "stdev": 1.13581502438
        }
    },
    "melbands_crest": {
        "max": 28.4559307098,
        "mean": 10.2979621887,
        "min": 2.77410411835,
        "stdev": 3.86899757385
    },
    "melbands_flatness_db": {
        "max": 0.264105051756,
        "mean": 0.122910842299,
        "min": 0.0268662143499,
        "stdev": 0.0321000814438
    },
    "melbands_kurtosis": {
        "max": 49.0091209412,
        "mean": 3.55249023438,
        "min": -1.87453341484,
        "stdev": 4.42077589035
    },
    "melbands_skewness": {
        "max": 5.9798412323,
        "mean": 1.36048161983,
        "min": -1.28290855885,
        "stdev": 0.975971579552
    },
    "melbands_spread": {
        "max": 254.982711792,
        "mean": 39.9268989563,
        "min": 5.60645914078,
        "stdev": 30.6980381012
    },
    "pitch_salience": {
        "max": 0.831006228924,
        "mean": 0.618978738785,
        "min": 0.261278688908,
        "stdev": 0.0785218849778
    },
    "silence_rate_20dB": {
        "max": 1,
        "mean": 1,
        "min": 1,
        "stdev": 0
    },
    "silence_rate_30dB": {
        "max": 1,
        "mean": 1,
        "min": 1,
        "stdev": 0
    },
    "silence_rate_60dB": {
        "max": 1,
        "mean": 0.0374285727739,
        "min": 0,
        "stdev": 0.189814209938
    },
    "spectral_centroid": {
        "max": 5939.83642578,
        "mean": 1909.30126953,
        "min": 553.043334961,
        "stdev": 642.286010742
    },
    "spectral_complexity": {
        "max": 56,
        "mean": 24.1025714874,
        "min": 3,
        "stdev": 9.93111515045
    },
    "spectral_decrease": {
        "max": -1.35623900999e-10,
        "mean": -4.66336480542e-09,
        "min": -2.19452136463e-08,
        "stdev": 2.88070234333e-09
    },
    "spectral_energy": {
        "max": 0.0975353047252,
        "mean": 0.0208314973861,
        "min": 0.000590292853303,
        "stdev": 0.0132333924994
    },
    "spectral_energyband_high": {
        "max": 0.0690516531467,
        "mean": 0.00241743307561,
        "min": 5.68248105992e-06,
        "stdev": 0.00567711191252
    },
    "spectral_energyband_low": {
        "max": 0.018876934424,
        "mean": 0.00159875897225,
        "min": 2.04956522794e-05,
        "stdev": 0.00219205464236
    },
    "spectral_energyband_middle_high": {
        "max": 0.0515903457999,
        "mean": 0.00967684853822,
        "min": 0.000146001213579,
        "stdev": 0.00899563916028
    },
    "spectral_energyband_middle_low": {
        "max": 0.0471305586398,
        "mean": 0.00811194628477,
        "min": 0.000328456342686,
        "stdev": 0.00549192493781
    },
    "spectral_entropy": {
        "max": 8.80712890625,
        "mean": 7.85173845291,
        "min": 7.00654888153,
        "stdev": 0.270222961903
    },
    "spectral_flux": {
        "max": 0.235474675894,
        "mean": 0.0890936926007,
        "min": 0.0144000919536,
        "stdev": 0.0350604243577
    },
    "spectral_kurtosis": {
        "max": 15.0270767212,
        "mean": 3.193110466,
        "min": -1.06641554832,
        "stdev": 1.53659629822
    },
    "spectral_rms": {
        "max": 0.00975481420755,
        "mean": 0.00426311185583,
        "min": 0.000758877780754,
        "stdev": 0.00146603409667
    },
    "spectral_rolloff": {
        "max": 11412.5976562,
        "mean": 2623.8059082,
        "min": 322.998046875,
        "stdev": 1788.7635498
    },
    "spectral_skewness": {
        "max": 3.12726736069,
        "mean": 1.30406069756,
        "min": -0.356490641832,
        "stdev": 0.338819414377
    },
    "spectral_spread": {
        "max": 13792508,
        "mean": 4819839,
        "min": 2565187.5,
        "stdev": 1339103.875
    },
    "spectral_strongpeak": {
        "max": 17.6244182587,
        "mean": 1.73742973804,
        "min": 0.0311687346548,
        "stdev": 1.86542594433
    },
    "zerocrossingrate": {
        "max": 0.35400390625,
        "mean": 0.0953455641866,
        "min": 0.0283203125,
        "stdev": 0.0449598878622
    },
    "barkbands": {
        "max": [0.00102268275805, 0.00653341365978, 0.0138799324632, 0.0164971891791, 0.0243763104081, 0.0195878185332, 0.0102162631229, 0.0201070941985, 0.0238395892084, 0.0418468602002, 0.0189942065626, 0.0389654226601, 0.0344268977642, 0.0203726142645, 0.0100858751684, 0.0106670334935, 0.0167891010642, 0.00979938171804, 0.00852957554162, 0.00768784247339, 0.0231446474791, 0.0234713070095, 0.0283702835441, 0.0373327285051, 0.00886180717498, 0.00372949172743, 3.8298076106e-06],
        "mean": [3.1108094845e-05, 0.000222241345909, 0.000837236468215, 0.00100119854324, 0.00163546809927, 0.00120349426288, 0.000650309608318, 0.00114517833572, 0.00159204984084, 0.00166243454441, 0.0010160888778, 0.00209144945256, 0.00142806430813, 0.00113351643085, 0.000537050364073, 0.000318837002851, 0.00052585627418, 0.00050395342987, 0.000583465152886, 0.000553126854356, 0.000424418220064, 0.000511392427143, 0.000558140396606, 0.000390285480535, 0.000192651932593, 8.23461086839e-05, 1.43917787909e-07],
        "min": [3.02918579109e-08, 1.2939459566e-06, 8.83897371295e-07, 1.94257336261e-06, 1.35970121846e-05, 1.34212677949e-05, 5.7650695453e-06, 7.03581645212e-06, 6.38499932393e-06, 4.83230905957e-06, 2.45694354817e-06, 2.76805303656e-06, 8.14996610643e-07, 3.08071457766e-06, 5.19431887369e-06, 1.22712970096e-06, 5.80851565246e-06, 4.64853792437e-06, 4.88363639306e-06, 2.51180608757e-06, 1.47958076013e-06, 9.08240906483e-07, 6.96511676779e-07, 4.46820905609e-07, 2.5050596264e-07, 1.8572293925e-07, 3.10175857221e-10],
        "stdev": [5.34284263267e-05, 0.000478112982819, 0.00149677100126, 0.00139699596912, 0.00185045076068, 0.00158086547162, 0.000940728466958, 0.001848922926, 0.00225663557649, 0.00292484066449, 0.00182227243204, 0.00416265334934, 0.00337027898058, 0.00187496468425, 0.000787309138104, 0.000636754033621, 0.000947133870795, 0.000708955863956, 0.000710921769496, 0.000721277319826, 0.00107840879355, 0.00150049000513, 0.00198149657808, 0.0014070298057, 0.000570563366637, 0.000175387496711, 1.57131879064e-07]
    },
    "erbbands": {
        "max": [0.0685832425952, 1.94988191128, 10.5821027756, 36.5455169678, 96.1420974731, 98.8174209595, 135.039886475, 230.977828979, 211.313735962, 334.00302124, 486.922119141, 700.416625977, 1157.19506836, 1535.89758301, 1053.6998291, 1938.72692871, 1432.17126465, 1131.07006836, 598.851379395, 600.463256836, 518.541809082, 748.61895752, 536.541748047, 554.707092285, 422.482269287, 409.78894043, 655.420654297, 1193.76879883, 881.909606934, 1182.1418457, 845.213623047, 1287.23144531, 220.075378418, 118.64516449, 71.5943222046, 34.0337982178, 2.98109436035, 0.0599274411798, 0.00296034174971, 0.000454015797004],
        "mean": [0.0031649323646, 0.0729497820139, 0.727361857891, 2.52197313309, 4.76709938049, 5.2864689827, 6.95528793335, 9.70106124878, 9.44840717316, 15.3807029724, 28.0109634399, 37.3501014709, 58.4594345093, 41.2395095825, 42.7370758057, 93.0674285889, 69.6843185425, 67.9132003784, 34.0699729919, 25.4136810303, 21.1538982391, 26.8323936462, 27.4303531647, 29.6225337982, 29.5875492096, 25.1951007843, 18.6756134033, 17.3229122162, 18.1395435333, 17.5026779175, 15.7491731644, 10.8501329422, 4.80111885071, 2.31780290604, 1.32064652443, 0.540861845016, 0.126124098897, 0.00337269133888, 0.000129945939989, 4.01320539822e-05],
        "min": [5.96067220613e-05, 0.000718261580914, 0.0037050715182, 0.00599424960092, 0.0361899249256, 0.0367317087948, 0.0749956145883, 0.108932562172, 0.192734062672, 0.308398127556, 0.168116509914, 0.17252856493, 0.178239166737, 0.251816272736, 0.312963098288, 0.12088971585, 0.13087464869, 0.288266837597, 0.304677277803, 0.162190556526, 0.164605855942, 0.34458386898, 0.182723343372, 0.223858773708, 0.157347515225, 0.112371973693, 0.0774218738079, 0.0501773580909, 0.0298989284784, 0.0330997444689, 0.0184248797596, 0.0121866259724, 0.00578462937847, 0.00350498454645, 0.00160577823408, 0.000790609163232, 0.00042064403533, 5.13262093591e-05, 3.66921426576e-06, 1.07753623979e-06],
        "stdev": [0.00501883542165, 0.1440166682, 1.23442065716, 3.42920041084, 6.19643497467, 6.76686573029, 9.80391025543, 13.8357725143, 14.8016357422, 25.4201412201, 41.9953727722, 56.7921867371, 92.2020645142, 75.3683319092, 73.0546035767, 185.323242188, 143.572479248, 103.024940491, 46.7208518982, 37.9472427368, 34.6415519714, 45.2800598145, 38.5235595703, 38.3001785278, 36.1317138672, 33.648891449, 36.0645294189, 51.4489555359, 54.8071060181, 56.7291717529, 55.6723327637, 43.2979774475, 15.2399702072, 7.07740688324, 3.92950558662, 1.24788939953, 0.258162409067, 0.00622670771554, 0.000222726550419, 4.08486193919e-05]
    },
    "gfcc": {
        "mean": [23.9888038635, 61.2517051697, -142.064071655, 25.3098220825, -77.3590545654, 14.3093032837, -45.325843811, 6.88679790497, -37.5736846924, -1.00666821003, -23.147977829, -5.20087432861, -20.0951042175],
        "cov": [[2147.4387207, -633.094482422, 8.13261413574, 67.5296936035, -58.4952430725, 230.023162842, 39.0944023132, 63.1457977295, -90.493522644, 49.5277519226, -72.3794784546, 12.3908777237, -63.2068519592], [-633.094482422, 635.64453125, -226.853469849, -170.40512085, 124.009780884, -114.628723145, 75.641960144, -18.7925167084, 6.81486463547, -54.2241516113, 72.2406463623, -51.6252708435, 12.6729326248], [8.13261413574, -226.853469849, 513.272338867, 204.79864502, -77.9048995972, 5.56261444092, -128.839675903, 27.8683261871, 20.794462204, 41.6076927185, -93.091178894, 47.7680854797, -8.91449832916], [67.5296936035, -170.40512085, 204.79864502, 303.559265137, -16.5285453796, -49.2718696594, -83.2754440308, 0.730631649494, 66.0824127197, 9.34339904785, -45.1957626343, 23.5663719177, 13.5396137238], [-58.4952430725, 124.009780884, -77.9048995972, -16.5285453796, 155.706680298, -4.5490322113, 18.52917099, 9.84595394135, -19.9610290527, 8.46027374268, -0.29424738884, -2.44758605957, -6.17484807968], [230.023162842, -114.628723145, 5.56261444092, -49.2718696594, -4.5490322113, 209.009506226, 74.79662323, -8.85172843933, -32.0123062134, 1.17191076279, 32.6690673828, 0.523059546947, -7.2764248848], [39.0944023132, 75.641960144, -128.839675903, -83.2754440308, 18.52917099, 74.79662323, 162.518203735, 16.2457389832, -42.3372154236, -17.0380058289, 45.1668319702, -7.03276443481, -12.982219696], [63.1457977295, -18.7925167084, 27.8683261871, 0.730631649494, 9.84595394135, -8.85172843933, 16.2457389832, 97.0978469849, 24.0587062836, 3.64220786095, -18.8994350433, 8.31518173218, 4.48302650452], [-90.493522644, 6.81486463547, 20.794462204, 66.0824127197, -19.9610290527, -32.0123062134, -42.3372154236, 24.0587062836, 118.130615234, 16.6389598846, -11.1512422562, -9.08660697937, 20.2295341492], [49.5277519226, -54.2241516113, 41.6076927185, 9.34339904785, 8.46027374268, 1.17191076279, -17.0380058289, 3.64220786095, 16.6389598846, 72.5180435181, -5.8091173172, 6.09452724457, -6.52297306061], [-72.3794784546, 72.2406463623, -93.091178894, -45.1957626343, -0.29424738884, 32.6690673828, 45.1668319702, -18.8994350433, -11.1512422562, -5.8091173172, 93.690032959, 7.87320518494, 1.5804246664], [12.3908777237, -51.6252708435, 47.7680854797, 23.5663719177, -2.44758605957, 0.523059546947, -7.03276443481, 8.31518173218, -9.08660697937, 6.09452724457, 7.87320518494, 61.8611183167, 14.0162029266], [-63.2068519592, 12.6729326248, -8.91449832916, 13.5396137238, -6.17484807968, -7.2764248848, -12.982219696, 4.48302650452, 20.2295341492, -6.52297306061, 1.5804246664, 14.0162029266, 60.7300987244]],
        "icov": [[0.000893859716598, 0.000352979404852, 0.00103576586116, -0.000794201390818, 0.000687293300871, -0.00120821781456, 0.000643459614366, -0.00119166146033, 0.00123931188136, -0.0007982426323, 0.00103562360164, -0.000174972141394, 0.000851268181577], [0.000352979404852, 0.00717956572771, -0.00356017332524, 0.00537586165592, -0.00722428364679, 0.00681177573279, -0.00528435222805, 0.00395422568545, -0.00505553977564, 0.00575045635924, -0.00589714199305, 0.00525609822944, -0.00294980499893], [0.00103576586116, -0.00356017332524, 0.00859872158617, -0.00677042687312, 0.00742815900594, -0.00749994814396, 0.00702608888969, -0.00602937210351, 0.0066059413366, -0.00622614659369, 0.00766028650105, -0.00571670057252, 0.00464709335938], [-0.000794201390818, 0.00537586165592, -0.00677042687312, 0.0112299798056, -0.00797576177865, 0.00807386729866, -0.00562438555062, 0.00670641567558, -0.0092192562297, 0.00719795422629, -0.00569969881326, 0.00317729264498, -0.00372774037533], [0.000687293300871, -0.00722428364679, 0.00742815900594, -0.00797576177865, 0.0164843760431, -0.00902815442532, 0.0071566128172, -0.00755113828927, 0.00937109254301, -0.00930208340287, 0.00884204078466, -0.00624107569456, 0.00486266287044], [-0.00120821781456, 0.00681177573279, -0.00749994814396, 0.00807386729866, -0.00902815442532, 0.015936203301, -0.0104455817491, 0.00771476235241, -0.00750957615674, 0.0070463581942, -0.00965499039739, 0.00658083055168, -0.00540012586862], [0.000643459614366, -0.00528435222805, 0.00702608888969, -0.00562438555062, 0.0071566128172, -0.0104455817491, 0.0171782821417, -0.00922744814306, 0.00890324823558, -0.00481869839132, 0.00337799522094, -0.00409642467275, 0.00526140863076], [-0.00119166146033, 0.00395422568545, -0.00602937210351, 0.00670641567558, -0.00755113828927, 0.00771476235241, -0.00922744814306, 0.0185994226485, -0.0104626165703, 0.00586568377912, -0.00211815931834, 0.000703005411197, -0.00362653681077], [0.00123931188136, -0.00505553977564, 0.0066059413366, -0.0092192562297, 0.00937109254301, -0.00750957615674, 0.00890324823558, -0.0104626165703, 0.0204315315932, -0.0098716840148, 0.00502611277625, 0.00011360264034, 7.53643835196e-05], [-0.0007982426323, 0.00575045635924, -0.00622614659369, 0.00719795422629, -0.00930208340287, 0.0070463581942, -0.00481869839132, 0.00586568377912, -0.0098716840148, 0.02224435471, -0.00675054313615, 0.00267731165513, -0.00087877723854], [0.00103562360164, -0.00589714199305, 0.00766028650105, -0.00569969881326, 0.00884204078466, -0.00965499039739, 0.00337799522094, -0.00211815931834, 0.00502611277625, -0.00675054313615, 0.0231942422688, -0.0103903505951, 0.00471945526078], [-0.000174972141394, 0.00525609822944, -0.00571670057252, 0.00317729264498, -0.00624107569456, 0.00658083055168, -0.00409642467275, 0.000703005411197, 0.00011360264034, 0.00267731165513, -0.0103903505951, 0.0260639581829, -0.00909542664886], [0.000851268181577, -0.00294980499893, 0.00464709335938, -0.00372774037533, 0.00486266287044, -0.00540012586862, 0.00526140863076, -0.00362653681077, 7.53643835196e-05, -0.00087877723854, 0.00471945526078, -0.00909542664886, 0.022577771917]]
    },
    "melbands": {
        "max": [0.00111187121365, 0.00394806778058, 0.00634707324207, 0.00591787090525, 0.0041833082214, 0.00462846690789, 0.00279691955075, 0.00377178844064, 0.00346588273533, 0.00434854766354, 0.00600854819641, 0.00683557987213, 0.00274511170574, 0.00527854589745, 0.00382845033891, 0.00455827033147, 0.00249681295827, 0.00104769610334, 0.000936220691074, 0.00101240596268, 0.000759463815484, 0.00110190175474, 0.000518484099302, 0.000671293528285, 0.000495377345942, 0.000355060765287, 0.000351495633367, 0.000312856020173, 0.000404644029913, 0.000595623394474, 0.00078131898772, 0.000540908775292, 0.000450355204521, 0.000728807703126, 0.000568318704609, 0.000587787246332, 0.000879675382748, 0.000161396514159, 0.00013854035933, 9.73824062385e-05],
        "mean": [4.54813343822e-05, 0.000301271094941, 0.000496617867611, 0.000366176507669, 0.000238420412643, 0.000224754738156, 0.000142530378071, 0.000181677896762, 0.000238161024754, 0.000235657440498, 0.000287361996016, 0.000161112227943, 0.000129988664412, 0.000227293974604, 0.000179273774847, 0.000152680411702, 0.000126205690322, 5.73575707676e-05, 3.96483919758e-05, 2.65713788394e-05, 2.64386817435e-05, 3.05805660901e-05, 2.38361226366e-05, 2.35275165323e-05, 2.41937996179e-05, 2.04108855542e-05, 2.14379433601e-05, 1.54910703714e-05, 1.19704018289e-05, 1.02283429442e-05, 9.97850111162e-06, 1.0622325135e-05, 9.22033632378e-06, 9.94843048829e-06, 9.40879999689e-06, 7.83212453825e-06, 6.16603983872e-06, 3.48145863427e-06, 2.42652754423e-06, 1.78267771389e-06],
        "min": [4.21795931516e-07, 2.10142366086e-06, 1.09191205411e-06, 3.35167442245e-06, 1.90898526853e-06, 2.44930197368e-06, 2.47335901804e-06, 3.31876049131e-06, 1.29352724798e-06, 9.15269424695e-07, 8.11455151961e-07, 6.91353420734e-07, 5.91631419411e-07, 3.56098894372e-07, 2.62154912889e-07, 1.38377515668e-07, 5.17408125233e-07, 4.36552852534e-07, 2.2328867999e-07, 9.46999847429e-08, 2.03747902106e-07, 2.35960200712e-07, 1.43195094893e-07, 2.16544151499e-07, 1.34619725145e-07, 1.13903823262e-07, 4.39283880382e-08, 7.62074705563e-08, 4.44797159105e-08, 4.31070290574e-08, 2.45073579208e-08, 1.39342315464e-08, 1.57892561248e-08, 1.69162213126e-08, 9.27079302215e-09, 8.3310967014e-09, 6.4793073129e-09, 3.22339599457e-09, 4.18842605043e-09, 2.57208387922e-09],
        "stdev": [8.57059203554e-05, 0.000474232569104, 0.000597434525844, 0.00043151245336, 0.000307460315526, 0.000309318536893, 0.000213694627746, 0.000306884583551, 0.000348840694642, 0.000357136974344, 0.000469781371066, 0.000320711522363, 0.000228203469305, 0.000446335616289, 0.000348144676536, 0.000390528293792, 0.000207249599043, 8.82478052517e-05, 5.91565913055e-05, 5.21622860106e-05, 4.95075764775e-05, 5.87301328778e-05, 3.51933704223e-05, 3.51913331542e-05, 3.31786832248e-05, 2.68401545327e-05, 2.7417052479e-05, 2.27168857236e-05, 2.26209394896e-05, 2.545067764e-05, 3.19053615385e-05, 3.28198293573e-05, 2.80198619294e-05, 3.48833273165e-05, 3.3723845263e-05, 3.03698452626e-05, 2.62883168034e-05, 1.13699843496e-05, 7.54082520871e-06, 5.68172845306e-06]
    },
    "melbands128": {
        "max": [0.000341215374647, 0.000400648306822, 0.00117304397281, 0.00410929182544, 0.00499255629256, 0.00776911526918, 0.00919099710882, 0.00756200077012, 0.0125914365053, 0.00779048027471, 0.00657317787409, 0.00805963948369, 0.00538592133671, 0.00573170231655, 0.00575181189924, 0.0079332375899, 0.00682742148638, 0.00301768141799, 0.00410088803619, 0.00581425521523, 0.00811553094536, 0.00694170920178, 0.0060909553431, 0.00864146277308, 0.00865467637777, 0.00648583006114, 0.0056929057464, 0.0103304535151, 0.0112109323964, 0.0138250160962, 0.00546799739823, 0.0056468336843, 0.0034972068388, 0.00783303938806, 0.00490422779694, 0.0108619499952, 0.0102480538189, 0.00586437713355, 0.00475821923465, 0.00634951516986, 0.00900309719145, 0.00375076499768, 0.00371624855325, 0.00465880054981, 0.00192535377573, 0.00202747434378, 0.0024247369729, 0.00204258481972, 0.00174372713082, 0.00196629832499, 0.00144210876897, 0.00172161718365, 0.000925974687561, 0.0013407189399, 0.00346804247238, 0.00155779265333, 0.000900630082469, 0.00139057694469, 0.000857670034748, 0.00112097617239, 0.00102362560574, 0.000915475422516, 0.000951017253101, 0.000693675247021, 0.000563803594559, 0.000404206017265, 0.000844147929456, 0.000369443092495, 0.000501314527355, 0.000428804312833, 0.000561125692911, 0.000496079213917, 0.000536934297998, 0.000625169603154, 0.000477334455354, 0.000680552737322, 0.000573904660996, 0.000987623003311, 0.000848627241794, 0.000813717197161, 0.00083562679356, 0.000571298995055, 0.000727065897081, 0.000494565174449, 0.000731192354579, 0.00107066263445, 0.000817193533294, 0.000702596094925, 0.000740517221857, 0.000651578127872, 0.000713807996362, 0.000812089245301, 0.000906541827135, 0.00136487395503, 0.000431424763519, 0.000202772018383, 0.000276494887657, 0.000135125796078, 0.000183295225725, 0.000127787308884, 0.000105049039121, 0.000104127946543, 0.000211049846257, 0.000161954274517, 9.56207513809e-05, 7.61153860367e-05, 8.77960119396e-05, 0.000110386448796, 7.23193370504e-05, 2.72383185802e-05, 2.85979185719e-05, 2.06619279197e-05, 8.50125161378e-06, 7.12714609108e-07, 2.20565627984e-08, 2.69381761342e-08, 4.92942220376e-08, 1.89757436431e-08, 1.7582651779e-08, 1.67522333783e-08, 1.61877302673e-08, 1.56603174872e-08, 1.52618415683e-08, 1.48749705886e-08, 1.45604541757e-08, 1.44042173744e-08, 1.42427092342e-08, 1.41403582177e-08],
        "mean": [1.28823085106e-05, 1.48754361362e-05, 4.7563436965e-05, 0.000124081998365, 0.000278313556919, 0.000453691551229, 0.000520451460034, 0.000485685101012, 0.000513149483595, 0.000371741363779, 0.00028118287446, 0.000215704349102, 0.000233657905483, 0.000260984903434, 0.000207083037822, 0.000233342900174, 0.000185461743968, 9.93595895125e-05, 0.000123448495287, 0.000178792237421, 0.000201912931516, 0.000210774713196, 0.00026351667475, 0.000230643883697, 0.000251482648309, 0.000205389806069, 0.000268651609076, 0.000399894895963, 0.000192653547856, 0.00013557645434, 0.000169884355273, 0.000166782527231, 0.000110893677629, 0.000125452657812, 0.000131236360176, 0.000297351449262, 0.000327294692397, 0.000147754748468, 0.000106347506517, 0.000163573422469, 0.000192208492081, 9.05949709704e-05, 0.000122051096696, 0.000173801003257, 5.50787844986e-05, 4.14245587308e-05, 4.29823594459e-05, 4.17877381551e-05, 3.67453430954e-05, 3.45058433595e-05, 2.54738988588e-05, 1.97543231479e-05, 1.4731965166e-05, 3.13845375786e-05, 4.93342267873e-05, 2.60074593825e-05, 2.15984346141e-05, 1.9719987904e-05, 2.68127132586e-05, 2.87738130282e-05, 1.9881344997e-05, 2.04277130251e-05, 3.23293534166e-05, 2.22891958401e-05, 1.70540661202e-05, 1.98463130801e-05, 2.31904978136e-05, 2.22594590014e-05, 2.1256160835e-05, 2.02415885724e-05, 1.45269741552e-05, 1.36854205266e-05, 1.42059698192e-05, 1.09306683953e-05, 1.02617732409e-05, 1.13587966553e-05, 9.15463351703e-06, 1.0070622011e-05, 9.49162040342e-06, 1.07744854176e-05, 1.08730746433e-05, 1.08936965262e-05, 9.35077059694e-06, 8.32047862787e-06, 1.00981915239e-05, 9.42524184211e-06, 1.05296257971e-05, 9.75269085757e-06, 9.55552059168e-06, 9.08034508029e-06, 7.88217130321e-06, 7.71168106439e-06, 7.26231837689e-06, 6.66367532176e-06, 5.26491749042e-06, 3.84181339541e-06, 3.12423139803e-06, 2.8469244171e-06, 2.63140645984e-06, 2.11073052014e-06, 1.77139611424e-06, 1.66115432876e-06, 1.86894942544e-06, 1.88455317129e-06, 1.559104021e-06, 1.20122331282e-06, 1.12131408514e-06, 9.82482220024e-07, 8.61937166974e-07, 9.05831257114e-07, 8.47096544021e-07, 6.84621795699e-07, 3.55229701654e-07, 2.85780608067e-08, 8.38542735249e-10, 2.64535748862e-09, 4.98702590335e-09, 1.14925728656e-10, 1.55967426474e-11, 1.40878463409e-11, 1.30131331058e-11, 1.08194148085e-11, 9.31549976046e-12, 8.55458846122e-12, 7.96874632253e-12, 7.11411918958e-12, 6.63127538991e-12, 6.52762566222e-12],
        "min": [1.98925587114e-09, 5.76522047879e-08, 4.22501500452e-08, 1.47493679492e-07, 9.74588374447e-08, 5.53604365905e-07, 8.17083446236e-07, 7.16744580131e-07, 8.80391667124e-07, 1.04807918433e-06, 5.72999738324e-07, 3.06769123881e-07, 5.08210064254e-07, 9.12454027002e-07, 2.51742193313e-07, 4.1504716819e-07, 7.36196511752e-07, 3.58770250841e-07, 1.81657313192e-07, 7.70886146029e-08, 5.38792221505e-07, 1.47370926129e-07, 3.2417113971e-07, 1.29169848151e-07, 6.70526034696e-08, 2.06946623393e-07, 8.73744312457e-08, 2.13112400616e-07, 2.06705550454e-07, 5.47048557564e-08, 1.09474584065e-07, 1.4160572448e-07, 1.16534231154e-07, 7.95449750512e-08, 8.58622541955e-08, 1.76496598669e-07, 9.72917604258e-08, 7.77759794346e-08, 1.69885101542e-08, 1.99248653132e-08, 9.99834455229e-08, 8.18640231159e-08, 1.3261914944e-07, 2.50726458262e-07, 7.70518795434e-08, 9.25204375335e-08, 1.09668164328e-07, 4.53460344829e-08, 1.58906644288e-07, 5.9520175455e-08, 4.71014445225e-08, 8.68575185109e-08, 5.58124817474e-08, 7.97042147838e-08, 1.42394839031e-07, 7.79314177635e-08, 8.9362906408e-08, 1.20024793659e-07, 7.93427048507e-08, 4.96681842321e-08, 8.55449400206e-08, 4.82754884956e-08, 8.44154470769e-08, 8.17990013502e-08, 7.57748352953e-08, 3.60178020742e-08, 4.86666316135e-08, 3.93062613568e-08, 3.3911373265e-08, 4.11029184022e-08, 4.22990318327e-08, 4.17063219516e-08, 3.6629376865e-08, 2.37272903547e-08, 2.55383092451e-08, 2.63970800773e-08, 1.98140028829e-08, 2.53802507899e-08, 1.11104805356e-08, 1.28783188558e-08, 1.25792993799e-08, 1.23048717882e-08, 9.56497991922e-09, 1.28174999503e-08, 1.25899122239e-08, 2.22304326059e-08, 9.74234115603e-09, 8.88382434283e-09, 6.57312737573e-09, 8.99434926538e-09, 6.26572926876e-09, 7.95689558686e-09, 9.93248328029e-09, 8.66230998042e-09, 2.59486765408e-09, 1.87266957496e-09, 3.00588265389e-09, 2.67087751915e-09, 3.9439225219e-09, 2.64709942854e-09, 1.89652271665e-09, 1.79121206756e-09, 2.09787232031e-09, 1.84296977679e-09, 1.63802760245e-09, 1.185208931e-09, 1.26816268597e-09, 9.39393340893e-10, 1.56905188842e-09, 7.17581494225e-10, 1.66767100129e-09, 1.16045162368e-09, 1.18681886541e-09, 4.4604447913e-10, 1.61681995917e-12, 1.18072674034e-12, 1.18325737663e-12, 8.42652174166e-13, 8.40693996623e-13, 8.5923786532e-13, 7.87041981067e-13, 7.03791463042e-13, 7.89690524344e-13, 7.61315652447e-13, 5.64475441216e-13, 2.34944008692e-13, 2.61090469042e-14, 9.00409151942e-16],
        "stdev": [1.9914647055e-05, 2.36121468333e-05, 9.76870869636e-05, 0.000296325975796, 0.000531061552465, 0.000822603411507, 0.00078857090557, 0.000697234063409, 0.000773646403104, 0.000569763767999, 0.000451286177849, 0.000369899440557, 0.00040361849824, 0.000468424870633, 0.000369342567865, 0.000484588934341, 0.000397032679757, 0.000208490353543, 0.000243473608862, 0.000378705182811, 0.000467204343295, 0.000464414217276, 0.000494792067911, 0.000489628000651, 0.000556016748305, 0.000478350411868, 0.000479895068565, 0.00077741581481, 0.000520324916579, 0.000513815728482, 0.000399027194362, 0.000394078495447, 0.000249808334047, 0.000416915019741, 0.000355424155714, 0.000781896873377, 0.000891226227395, 0.000432059779996, 0.000313643948175, 0.000519131543115, 0.000665674277116, 0.000278265273664, 0.000255977502093, 0.000380333396606, 0.000130060696392, 0.000114989874419, 0.000103200087324, 9.00092927623e-05, 7.25320787751e-05, 8.87537244125e-05, 7.2496564826e-05, 6.15217286395e-05, 3.52082133759e-05, 7.16341310181e-05, 0.000143366516568, 6.81021774653e-05, 4.7768742661e-05, 4.46309350082e-05, 5.22160589753e-05, 5.63241264899e-05, 4.47022430308e-05, 3.86543761124e-05, 5.40123073733e-05, 3.55581069016e-05, 3.1118393963e-05, 3.11552139465e-05, 3.90252425859e-05, 3.56169293809e-05, 3.53321047442e-05, 3.08161543217e-05, 2.75258462352e-05, 2.44426610152e-05, 2.97661299555e-05, 2.58777836279e-05, 2.41192065005e-05, 2.72895395028e-05, 2.79397481791e-05, 3.5870965803e-05, 3.28528039972e-05, 3.55053052772e-05, 3.63202198059e-05, 3.44360050804e-05, 3.31343326252e-05, 2.69809952442e-05, 3.1865973142e-05, 3.621137148e-05, 4.18259878643e-05, 3.78206023015e-05, 3.53542964149e-05, 3.58879515261e-05, 2.99391394947e-05, 3.5225697502e-05, 3.06182373606e-05, 3.37992896675e-05, 2.14726496779e-05, 1.37815195558e-05, 1.08669737529e-05, 8.80001152836e-06, 8.90726096259e-06, 6.9088850978e-06, 5.62657942282e-06, 5.36703510079e-06, 7.54365873945e-06, 7.32783701096e-06, 4.77885487271e-06, 3.38428662872e-06, 2.99869566334e-06, 2.92248842015e-06, 2.14461010728e-06, 1.98348470803e-06, 1.79321637006e-06, 1.50335290527e-06, 7.65037043493e-07, 6.38477644088e-08, 1.2146977868e-09, 2.60683830078e-09, 5.0669588525e-09, 3.71685848766e-10, 3.05633518494e-10, 2.87315171654e-10, 2.81900114363e-10, 2.66477090394e-10, 2.58385562946e-10, 2.5136293047e-10, 2.46054815412e-10, 2.43426057089e-10, 2.407041233e-10, 2.38975617073e-10]
    },
    "mfcc": {
        "mean": [-609.08416748, 90.8548278809, -13.4003725052, 9.38316059113, -11.3847465515, -0.8034299016, -2.63686394691, 0.524034798145, -10.5682649612, 0.711953222752, -4.86799573898, -5.42089605331, -9.16397094727],
        "cov": [[2209.66894531, -604.558654785, -39.6885032654, -126.353591919, -66.523147583, 105.621696472, 115.378135681, 60.4120445251, 18.4920558929, 25.7972793579, 32.6507873535, -10.6717653275, -2.57970786095], [-604.558654785, 708.368774414, -328.438110352, -79.8211288452, -39.3971977234, -78.5321884155, 87.0406646729, -1.21016359329, -50.100276947, 24.9223747253, -9.79758548737, -5.17544031143, -4.21963596344], [-39.6885032654, -328.438110352, 539.207336426, 104.429756165, 73.2778015137, 26.6160202026, -114.054603577, -14.4196128845, 51.4705619812, -41.4391326904, -0.420093595982, 8.02111816406, 1.16357195377], [-126.353591919, -79.8211288452, 104.429756165, 298.271514893, 89.739906311, -48.1861228943, -115.37286377, -35.9103431702, 48.5097732544, -31.9812889099, -11.1936712265, 14.7690477371, -4.21010398865], [-66.523147583, -39.3971977234, 73.2778015137, 89.739906311, 159.010467529, -2.95473074913, -71.9035263062, -27.2807865143, 37.3482170105, -7.71338033676, -5.21267843246, 0.907512307167, -1.64108550549], [105.621696472, -78.5321884155, 26.6160202026, -48.1861228943, -2.95473074913, 131.73085022, 51.541519165, 2.70745968819, -17.5966529846, -2.14019155502, 12.21733284, 2.59096598625, -3.55409407616], [115.378135681, 87.0406646729, -114.054603577, -115.37286377, -71.9035263062, 51.541519165, 202.597335815, 57.8652610779, -42.1610374451, -5.02459764481, 4.61191082001, 3.39054346085, 20.2177238464], [60.4120445251, -1.21016359329, -14.4196128845, -35.9103431702, -27.2807865143, 2.70745968819, 57.8652610779, 94.5548248291, 3.90652632713, -2.23160600662, 3.38533353806, -1.30910348892, 17.001291275], [18.4920558929, -50.100276947, 51.4705619812, 48.5097732544, 37.3482170105, -17.5966529846, -42.1610374451, 3.90652632713, 104.040512085, 14.6697902679, 0.708335101604, -2.42370057106, -7.96550703049], [25.7972793579, 24.9223747253, -41.4391326904, -31.9812889099, -7.71338033676, -2.14019155502, -5.02459764481, -2.23160600662, 14.6697902679, 82.3261566162, 14.9845571518, -9.55949783325, -14.4021339417], [32.6507873535, -9.79758548737, -0.420093595982, -11.1936712265, -5.21267843246, 12.21733284, 4.61191082001, 3.38533353806, 0.708335101604, 14.9845571518, 62.5806617737, 14.9982156754, -2.19915032387], [-10.6717653275, -5.17544031143, 8.02111816406, 14.7690477371, 0.907512307167, 2.59096598625, 3.39054346085, -1.30910348892, -2.42370057106, -9.55949783325, 14.9982156754, 68.2052764893, 20.7344417572], [-2.57970786095, -4.21963596344, 1.16357195377, -4.21010398865, -1.64108550549, -3.55409407616, 20.2177238464, 17.001291275, -7.96550703049, -14.4021339417, -2.19915032387, 20.7344417572, 66.1985702515]],
        "icov": [[0.000775178603362, 0.000998971052468, 0.000499370624311, 0.000247307529207, -1.58498878591e-05, 0.000175005814526, -0.000552582321689, -1.07921050585e-05, -0.00017121010751, -0.000124337035231, -0.000168728234712, 5.51310586161e-05, 0.000210849160794], [0.000998971052468, 0.00353441946208, 0.00171184376813, 0.00059679831611, -0.000513962528203, 0.00184291531332, -0.00159108522348, 0.000516493455507, 0.000327975838445, -0.000312887190375, -3.68229266314e-05, -0.000123304678709, 0.000720365671441], [0.000499370624311, 0.00171184376813, 0.00331654190086, 8.50751166581e-05, -0.000422633340349, -0.000393236405216, 0.000827110023238, -0.000324190477841, -0.000674283131957, 0.00118348852266, -0.000217005610466, -5.62708628422e-05, 6.15148674115e-05], [0.000247307529207, 0.00059679831611, 8.50751166581e-05, 0.00540551124141, -0.00170348247048, 0.00141936202999, 0.00137702864595, 0.000518217100762, -0.00119769573212, 0.00199217838235, 0.000216048472794, -0.00115810311399, 0.000529503566213], [-1.58498878591e-05, -0.000513962528203, -0.000422633340349, -0.00170348247048, 0.0088601289317, -0.00178360880818, 0.00202622590587, 0.000968287640717, -0.00207559275441, 0.000393442547647, 0.000264149188297, 0.000532989040948, -0.00120022927877], [0.000175005814526, 0.00184291531332, -0.000393236405216, 0.00141936202999, -0.00178360880818, 0.0110525628552, -0.00411607092246, 0.00174429896288, 0.00130972161423, -3.88378430216e-05, -0.00148604856804, -0.000436148198787, 0.00181615189649], [-0.000552582321689, -0.00159108522348, 0.000827110023238, 0.00137702864595, 0.00202622590587, -0.00411607092246, 0.010663472116, -0.00455556344241, 0.000977346906438, 0.00163497729227, 0.000354606687324, -0.000387792912079, -0.00170088140294], [-1.07921050585e-05, 0.000516493455507, -0.000324190477841, 0.000518217100762, 0.000968287640717, 0.00174429896288, -0.00455556344241, 0.0144332470372, -0.00250939722173, 0.000448383041658, -0.00105362280738, 0.00145051593427, -0.00282038399018], [-0.00017121010751, 0.000327975838445, -0.000674283131957, -0.00119769573212, -0.00207559275441, 0.00130972161423, 0.000977346906438, -0.00250939722173, 0.0126784034073, -0.00313281593844, 0.000255024438957, -0.000200724593014, 0.00123008340597], [-0.000124337035231, -0.000312887190375, 0.00118348852266, 0.00199217838235, 0.000393442547647, -3.88378430216e-05, 0.00163497729227, 0.000448383041658, -0.00313281593844, 0.0155497137457, -0.00374044338241, 0.00164036569186, 0.0018422594294], [-0.000168728234712, -3.68229266314e-05, -0.000217005610466, 0.000216048472794, 0.000264149188297, -0.00148604856804, 0.000354606687324, -0.00105362280738, 0.000255024438957, -0.00374044338241, 0.0186130329967, -0.00510967848822, 0.00153337453958], [5.51310586161e-05, -0.000123304678709, -5.62708628422e-05, -0.00115810311399, 0.000532989040948, -0.000436148198787, -0.000387792912079, 0.00145051593427, -0.000200724593014, 0.00164036569186, -0.00510967848822, 0.0180992614478, -0.00584866479039], [0.000210849160794, 0.000720365671441, 6.15148674115e-05, 0.000529503566213, -0.00120022927877, 0.00181615189649, -0.00170088140294, -0.00282038399018, 0.00123008340597, 0.0018422594294, 0.00153337453958, -0.00584866479039, 0.0189360007644]]
    },
    "spectral_contrast_coeffs": {
        "max": [-0.423718839884, -0.530084550381, -0.493997365236, -0.576174676418, -0.635204017162, -0.5473960042],
        "mean": [-0.683256745338, -0.762324631214, -0.728672802448, -0.763953387737, -0.776183724403, -0.760481357574],
        "min": [-0.856507480145, -0.914011001587, -0.903017938137, -0.891010940075, -0.884433865547, -0.869669675827],
        "stdev": [0.0620210207999, 0.0577773153782, 0.0678646191955, 0.0517814606428, 0.0374915860593, 0.0351290218532]
    },
    "spectral_contrast_valleys": {
        "max": [-5.59005498886, -5.20411157608, -5.23295927048, -5.82153987885, -5.30461215973, -6.91165542603],
        "mean": [-7.15831661224, -6.55996751785, -7.1179599762, -7.40065479279, -7.07392406464, -9.59640884399],
        "min": [-9.05714035034, -8.49601173401, -9.20197296143, -9.26891994476, -8.95084762573, -12.0883131027],
        "stdev": [0.502459168434, 0.456479907036, 0.610540032387, 0.509060323238, 0.565645933151, 0.796937584877]
    }
},
"rhythm": {
    "beats_count": 154,
    "beats_loudness": {
        "max": 0.0675730705261,
        "mean": 0.0321619398892,
        "min": 0.00721455784515,
        "stdev": 0.0115997586399
    },
    "bpm": 114.280258179,
    "bpm_histogram_first_peak_bpm": 115,
    "bpm_histogram_first_peak_weight": 0.405405402184,
    "bpm_histogram_second_peak_bpm": 120,
    "bpm_histogram_second_peak_spread": 0,
    "bpm_histogram_second_peak_weight": 0.0326797403395,
    "danceability": 1.1803689003,
    "onset_rate": 4.0734333992,
    "beats_loudness_band_ratio": {
        "max": [0.560903728008, 0.605694115162, 0.679771602154, 0.765387892723, 0.438982337713, 0.795289754868],
        "mean": [0.195487350225, 0.135518282652, 0.194070413709, 0.266065955162, 0.124753825366, 0.147597625852],
        "min": [0.0109715042636, 0.0201100837439, 0.0224349815398, 0.0100865429267, 0.0189739838243, 0.0311986021698],
        "stdev": [0.117629155517, 0.108068645, 0.125184386969, 0.183487340808, 0.068359144032, 0.123246818781]
    },
