{
"metadata": {
    "version": {
        "essentia": "2.1-beta5",
        "essentia_git_sha": "Undefined",
        "extractor": "music 2.0"
    },
    "audio_properties": {
        "analysis": {
            "equal_loudness": 0,
            "length": 39.5900001526,
            "sample_rate": 44100,
            "start_time": 142.744674683,
            "downmix": "mix"
        },
        "bit_rate": 192000,
        "length": 182.357910156,
        "lossless": 0,
        "number_channels": 2,
        "replay_gain": -1.96559524536,
        "sample_rate": 48000,
        "codec": "mp3",
        "md5_encoded": "3c13a593ba2f7e02ed043f08665e1efc"
    },
    "tags": {
        "file_name": "Sweden_Bra Vibrationer_Kikki Danielsson.mp3",
        "encoding": ["Lavf58.29.100"]
    }
},
"lowlevel": {
    "average_loudness": 0.939381062984,
    "barkbands_crest": {
        "max": 25.9650688171,
        "mean": 7.48063802719,
        "min": 2.33468031883,
        "stdev": 3.01798653603
    },
    "barkbands_flatness_db": {
        "max": 0.315312087536,
        "mean": 0.141782715917,
        "min": 0.0582548230886,
        "stdev": 0.025176377967
    },
    "barkbands_kurtosis": {
        "max": 25.6825866699,
        "mean": -0.0292409975082,
        "min": -1.79739677906,
        "stdev": 1.626906991
    },
    "barkbands_skewness": {
        "max": 5.22397708893,
        "mean": 0.508325815201,
        "min": -2.08312702179,
        "stdev": 0.732518494129
    },
    "barkbands_spread": {
        "max": 119.107139587,
        "mean": 24.4941253662,
        "min": 4.89365005493,
        "stdev": 8.07650947571
    },
    "dissonance": {
        "max": 0.499942153692,
        "mean": 0.474314153194,
        "min": 0.376174449921,
        "stdev": 0.0162460301071
    },
    "dynamic_complexity": 2.43106651306,
    "erbbands_crest": {
        "max": 29.4646720886,
        "mean": 8.71479701996,
        "min": 2.60516500473,
        "stdev": 4.34388446808
    },
    "erbbands_flatness_db": {
        "max": 0.307212471962,
        "mean": 0.19341981411,
        "min": 0.089558839798,
        "stdev": 0.0334662534297
    },
    "erbbands_kurtosis": {
        "max": 15.1600246429,
        "mean": -0.116716183722,
        "min": -1.74047350883,
        "stdev": 1.47259294987
    },
    "erbbands_skewness": {
        "max": 3.25656175613,
        "mean": -0.056473877281,
        "min": -2.81717038155,
        "stdev": 0.538407802582
    },
    "erbbands_spread": {
        "max": 96.1689758301,
        "mean": 32.7765617371,
        "min": 5.02571296692,
        "stdev": 11.4435396194
    },
    "hfc": {
        "max": 104.358764648,
        "mean": 28.8183116913,
        "min": 1.10981730908e-16,
        "stdev": 17.2600975037
    },
    "loudness_ebu128": {
        "integrated": -21.7417125702,
        "loudness_range": 1.92531204224,
        "momentary": {
            "max": -18.9433879852,
            "mean": -26.6220378876,
            "min": -300.691009521,
            "stdev": 34.0062637329
        },
        "short_term": {
            "max": -20.27384758,
            "mean": -21.8552036285,
            "min": -26.0207805634,
            "stdev": 0.797872900963
        }
    },
    "melbands_crest": {
        "max": 39.1298980713,
        "mean": 9.67692279816,
        "min": 1.64791572094,
        "stdev": 4.09648370743
    },
    "melbands_flatness_db": {
        "max": 0.275501310825,
        "mean": 0.124508872628,
        "min": 0.00279722968116,
        "stdev": 0.0344193950295
    },
    "melbands_kurtosis": {
        "max": 62.0107727051,
        "mean": 2.49944019318,
        "min": -1.81523358822,
        "stdev": 3.68082356453
    },
    "melbands_skewness": {
        "max": 7.76152038574,
        "mean": 1.33717417717,
        "min": -0.95576608181,
        "stdev": 0.810587048531
    },
    "melbands_spread": {
        "max": 202.545791626,
        "mean": 39.009727478,
        "min": 6.26472520828,
        "stdev": 22.2071228027
    },
    "pitch_salience": {
        "max": 0.888792216778,
        "mean": 0.610563993454,
        "min": 0.0395930074155,
        "stdev": 0.0894618034363
    },
    "silence_rate_20dB": {
        "max": 1,
        "mean": 1,
        "min": 1,
        "stdev": 0
    },
    "silence_rate_30dB": {
        "max": 1,
        "mean": 1,
        "min": 1,
        "stdev": 0
    },
    "silence_rate_60dB": {
        "max": 1,
        "mean": 0.0463071502745,
        "min": 0,
        "stdev": 0.210149466991
    },
    "spectral_centroid": {
        "max": 11528.8652344,
        "mean": 2081.00415039,
        "min": 628.649353027,
        "stdev": 1482.0513916
    },
    "spectral_complexity": {
        "max": 50,
        "mean": 25.9202804565,
        "min": 0,
        "stdev": 8.77740383148
    },
    "spectral_decrease": {
        "max": 1.31909529859e-28,
        "mean": -5.10031172851e-09,
        "min": -1.68262097588e-08,
        "stdev": 2.67710764668e-09
    },
    "spectral_energy": {
        "max": 0.0705674216151,
        "mean": 0.0218636728823,
        "min": 1.0126000131e-20,
        "stdev": 0.0113383354619
    },
    "spectral_energyband_high": {
        "max": 0.0133552746847,
        "mean": 0.000894710421562,
        "min": 7.19213994011e-21,
        "stdev": 0.00131784088444
    },
    "spectral_energyband_low": {
        "max": 0.0162872597575,
        "mean": 0.00137238961179,
        "min": 9.0510713267e-24,
        "stdev": 0.00195338344201
    },
    "spectral_energyband_middle_high": {
        "max": 0.061262819916,
        "mean": 0.00981786847115,
        "min": 1.17858858563e-21,
        "stdev": 0.00740979379043
    },
    "spectral_energyband_middle_low": {
        "max": 0.0498221553862,
        "mean": 0.01072712522,
        "min": 2.46745114106e-22,
        "stdev": 0.00684276502579
    },
    "spectral_entropy": {
        "max": 9.8249912262,
        "mean": 7.70670604706,
        "min": 6.92272520065,
        "stdev": 0.406594216824
    },
    "spectral_flux": {
        "max": 0.202534258366,
        "mean": 0.0834245383739,
        "min": 6.30109922573e-11,
        "stdev": 0.0316580161452
    },
    "spectral_kurtosis": {
        "max": 14.5797557831,
        "mean": 3.70395874977,
        "min": -1.26460552216,
        "stdev": 2.00968790054
    },
    "spectral_rms": {
        "max": 0.0082973651588,
        "mean": 0.00440106634051,
        "min": 3.14309147285e-12,
        "stdev": 0.00140035117511
    },
    "spectral_rolloff": {
        "max": 19250.6835938,
        "mean": 2836.03027344,
        "min": 21.533203125,
        "stdev": 2765.0715332
    },
    "spectral_skewness": {
        "max": 3.15882301331,
        "mean": 1.29481565952,
        "min": -0.0493669137359,
        "stdev": 0.343561559916
    },
    "spectral_spread": {
        "max": 42322056,
        "mean": 4633072,
        "min": 2273947,
        "stdev": 5830979.5
    },
    "spectral_strongpeak": {
        "max": 13.5829496384,
        "mean": 1.8175778389,
        "min": 0,
        "stdev": 1.90931522846
    },
    "zerocrossingrate": {
        "max": 0.62060546875,
        "mean": 0.0928352624178,
        "min": 0.0009765625,
        "stdev": 0.0716924443841
    },
    "barkbands": {
        "max": [8.69032810442e-05, 0.00211212737486, 0.006394256372, 0.0197233296931, 0.0124724479392, 0.0225884225219, 0.0171765871346, 0.0318661183119, 0.0239456947893, 0.0220643803477, 0.0146418018267, 0.0211039967835, 0.0377844013274, 0.0526403412223, 0.0160618163645, 0.0209825839847, 0.0203372724354, 0.0061448821798, 0.00619028508663, 0.00531859602779, 0.00377375050448, 0.00304217543453, 0.0062439981848, 0.00458594504744, 0.0026521589607, 8.6818181444e-06, 2.53408893514e-06],
        "mean": [5.53161680727e-06, 0.000151069427375, 0.00046705067507, 0.00122032733634, 0.00174051546492, 0.00237754965201, 0.0014252132969, 0.00168563274201, 0.00189093581866, 0.00118198082782, 0.000712912762538, 0.000798294204287, 0.00139384681825, 0.000931559596211, 0.000815718143713, 0.00119641586207, 0.00116596324369, 0.000962872290984, 0.000629731162917, 0.000365675572539, 0.000186019053217, 0.000155900794198, 0.000190037273569, 0.000145138357766, 6.77788411849e-05, 1.05474891043e-08, 2.8048987577e-09],
        "min": [7.93597028881e-25, 2.87899244425e-24, 1.0977217419e-24, 4.59774463796e-25, 4.16495444332e-24, 1.30023367614e-23, 7.13919986972e-24, 9.0100410933e-24, 2.24989756601e-23, 2.33780096776e-23, 1.79790882408e-23, 4.46232045248e-23, 2.43937927331e-23, 3.52441690099e-23, 5.47901953326e-23, 6.25665021463e-23, 8.62883068728e-23, 1.55433189528e-22, 1.16557417299e-22, 1.54275103853e-22, 1.98595682402e-22, 2.85110916159e-22, 3.47373195675e-22, 6.35851626509e-22, 8.05704865218e-22, 1.41603788905e-21, 2.15855789877e-21],
        "stdev": [9.34569470701e-06, 0.000222396483878, 0.000745226629078, 0.00192587787751, 0.00148068985436, 0.00256113754585, 0.001751797623, 0.00269547686912, 0.00293337530456, 0.00172328180633, 0.00136169767939, 0.001509085414, 0.00336096552201, 0.00289131794125, 0.0013798129512, 0.00194385380019, 0.00157298659906, 0.000906326982658, 0.000622430816293, 0.000395206559915, 0.000276770908386, 0.00027487493935, 0.000457004847704, 0.000318048842018, 0.000168990285601, 2.21747640694e-07, 6.33755163904e-08]
    },
    "erbbands": {
        "max": [0.0412414819002, 0.637127816677, 5.23324918747, 43.5782585144, 39.22240448, 60.8593292236, 105.422821045, 250.287277222, 222.947799683, 438.903625488, 930.935424805, 611.746032715, 549.864257812, 923.315673828, 620.894104004, 1055.50695801, 1680.92114258, 2868.38793945, 993.674926758, 535.107299805, 1431.83276367, 804.333618164, 444.995758057, 396.772460938, 310.205688477, 319.260375977, 270.372589111, 149.179580688, 109.030693054, 155.727600098, 222.636123657, 164.695205688, 41.2968940735, 39.2947654724, 15.9139642715, 0.635030031204, 0.0181943923235, 0.0016916571185, 0.000365965504898, 9.52839109232e-05],
        "mean": [0.00297163333744, 0.0432693697512, 0.388172656298, 2.86814451218, 3.7980325222, 6.17748117447, 12.5377254486, 20.6384544373, 20.1333560944, 24.1429672241, 45.4751548767, 47.1582221985, 34.3379669189, 36.1765480042, 32.6575393677, 35.792755127, 61.6752243042, 55.1910209656, 46.5219459534, 41.9252967834, 78.0201950073, 58.2803421021, 50.7251205444, 41.4108810425, 27.65782547, 19.2849597931, 9.56337070465, 6.3100976944, 5.36715602875, 5.10331201553, 5.69143104553, 3.88920307159, 1.89514863491, 1.12030696869, 0.283530205488, 0.011117211543, 0.000422679935582, 4.70942177344e-05, 2.10957077798e-05, 2.97352435155e-05],
        "min": [1.41350608731e-22, 6.49149019337e-22, 1.44714036476e-21, 4.81056215246e-21, 8.9357954739e-21, 1.02500473345e-20, 2.96832179539e-20, 9.95669290018e-20, 1.52941533509e-19, 3.49905877711e-19, 3.55449616327e-19, 4.94563223234e-19, 7.15332713942e-19, 8.84068201423e-19, 1.31156537835e-18, 2.37734851334e-18, 1.70270724357e-18, 1.95741579972e-18, 1.9227974639e-18, 2.72834337433e-18, 4.9091122083e-18, 4.90725684219e-18, 7.54915053672e-18, 6.19272157028e-18, 7.4249088359e-18, 7.47692608872e-18, 9.09084728086e-18, 1.05309505293e-17, 1.09845780316e-17, 1.2244600752e-17, 1.11562436513e-17, 1.11488991147e-17, 1.19248673211e-17, 8.47195653681e-18, 5.34741660333e-18, 4.50204959783e-18, 2.29508519463e-18, 1.0247810328e-18, 2.72271978693e-19, 3.00575882669e-20],
        "stdev": [0.00478602992371, 0.0617534779012, 0.580360412598, 4.42183256149, 4.45917606354, 5.92675876617, 12.8928480148, 24.7931518555, 22.0515995026, 33.5810089111, 72.521484375, 75.3046875, 50.4568557739, 56.9661216736, 54.6041984558, 55.2880783081, 148.042938232, 166.632095337, 83.8242340088, 54.8603401184, 121.332229614, 69.2740783691, 48.4048347473, 38.1829032898, 25.6205768585, 21.2850341797, 13.7032384872, 10.4787807465, 9.47896385193, 10.3014745712, 13.7224874496, 10.5176849365, 3.42333889008, 2.37748861313, 0.950761854649, 0.0342811942101, 0.00118932093028, 0.000113517489808, 2.07025859709e-05, 1.56695168698e-05]
    },
    "gfcc": {
        "mean": [-24.8437175751, 91.6721420288, -170.875213623, 37.7429580688, -83.2412261963, 6.85392093658, -55.5935401917, 5.1188120842, -20.5377922058, -18.3197727203, -1.53185486794, -18.6242599487, -0.391487121582],
        "cov": [[42657.875, 3139.72924805, -5424.30957031, 1314.96130371, -2820.98925781, 329.624145508, -1892.37414551, 124.038543701, -699.599853516, -612.103637695, -66.2723922729, -652.623168945, -30.0716457367], [3139.72924805, 764.155639648, -385.350067139, 115.785270691, -112.661209106, -86.5369796753, -116.396606445, -11.6678199768, -41.5251197815, -115.759757996, 39.3629188538, -109.040435791, 0.155402109027], [-5424.30957031, -385.350067139, 1108.26513672, -46.7754898071, 332.371490479, 11.1746788025, 190.319076538, -21.3335762024, 54.5911941528, 120.401275635, -40.3803100586, 107.477088928, -17.7996406555], [1314.96130371, 115.785270691, -46.7754898071, 195.712646484, -69.7309036255, 15.2538881302, -63.7789421082, -20.1474914551, -17.0219154358, -9.28699207306, -18.7218780518, -8.6865196228, -4.51859855652], [-2820.98925781, -112.661209106, 332.371490479, -69.7309036255, 315.957489014, -6.31569671631, 128.136672974, 4.33798360825, 40.5796661377, 23.5409507751, 15.2253017426, 26.0446109772, 11.8038434982], [329.624145508, -86.5369796753, 11.1746788025, 15.2538881302, -6.31569671631, 149.55241394, 35.3391685486, -37.4247169495, -47.1045684814, 35.1885223389, -3.41000652313, 2.20481085777, -17.6489601135], [-1892.37414551, -116.396606445, 190.319076538, -63.7789421082, 128.136672974, 35.3391685486, 197.757324219, -17.1664943695, 23.6287574768, 33.4360580444, 11.7822580338, 16.9935054779, -11.0691328049], [124.038543701, -11.6678199768, -21.3335762024, -20.1474914551, 4.33798360825, -37.4247169495, -17.1664943695, 147.560409546, 59.7129554749, -29.8103733063, -35.4313545227, -0.776503801346, 15.9252462387], [-699.599853516, -41.5251197815, 54.5911941528, -17.0219154358, 40.5796661377, -47.1045684814, 23.6287574768, 59.7129554749, 113.297866821, -9.77947711945, -2.57905650139, 6.77417564392, 5.07791805267], [-612.103637695, -115.759757996, 120.401275635, -9.28699207306, 23.5409507751, 35.1885223389, 33.4360580444, -29.8103733063, -9.77947711945, 99.9891738892, 23.9953346252, 26.3124065399, -7.20229578018], [-66.2723922729, 39.3629188538, -40.3803100586, -18.7218780518, 15.2253017426, -3.41000652313, 11.7822580338, -35.4313545227, -2.57905650139, 23.9953346252, 88.8286437988, 9.88701057434, 3.43870091438], [-652.623168945, -109.040435791, 107.477088928, -8.6865196228, 26.0446109772, 2.20481085777, 16.9935054779, -0.776503801346, 6.77417564392, 26.3124065399, 9.88701057434, 76.4060134888, 27.0195789337], [-30.0716457367, 0.155402109027, -17.7996406555, -4.51859855652, 11.8038434982, -17.6489601135, -11.0691328049, 15.9252462387, 5.07791805267, -7.20229578018, 3.43870091438, 27.0195789337, 58.3431968689]],
        "icov": [[0.000756325374823, -0.00145928876009, 0.00186365004629, -0.00184235721827, 0.00265190936625, -0.00291974539869, 0.00256016501226, -0.00177686824463, 0.00115599425044, -0.000399593176553, 0.000179640599526, 9.21224345802e-05, 0.000167388163391], [-0.00145928876009, 0.00559414504096, -0.00344138382934, 0.00192994589452, -0.00504157785326, 0.00710081635043, -0.00501224491745, 0.00320641696453, -0.000847282004543, 0.00286146719009, -0.00274197990075, 0.00309933070093, -0.0011724018259], [0.00186365004629, -0.00344138382934, 0.00669874064624, -0.00490862457082, 0.00466262316331, -0.0064674760215, 0.00587454298511, -0.00386797264218, 0.00259214174002, -0.00266556348652, 0.00250443047844, -0.00213243672624, 0.00218913285062], [-0.00184235721827, 0.00192994589452, -0.00490862457082, 0.0117296446115, -0.00567321386188, 0.00522421533242, -0.00420304201543, 0.00592646654695, -0.00440484657884, 0.000169837934664, 0.00214429874904, -0.00188265822362, -8.09674165794e-05], [0.00265190936625, -0.00504157785326, 0.00466262316331, -0.00567321386188, 0.0156019860879, -0.0102638732642, 0.00658681523055, -0.0066022076644, 0.00359774986282, -3.89358938264e-05, -0.00150197814219, 0.00235305656679, -0.00216533290222], [-0.00291974539869, 0.00710081635043, -0.0064674760215, 0.00522421533242, -0.0102638732642, 0.0215833820403, -0.0123496530578, 0.0069314725697, -5.53048594156e-05, -0.000338221143465, -0.000163106436958, 0.00033390961471, 0.00109623826575], [0.00256016501226, -0.00501224491745, 0.00587454298511, -0.00420304201543, 0.00658681523055, -0.0123496530578, 0.017318315804, -0.00467490265146, 0.00164577597752, -0.00180510070641, 0.000622994557489, -0.000105459570477, 0.00193902302999], [-0.00177686824463, 0.00320641696453, -0.00386797264218, 0.00592646654695, -0.0066022076644, 0.0069314725697, -0.00467490265146, 0.0151706635952, -0.00845083314925, 0.00140717555769, 0.00435780407861, -0.000748614256736, -0.00224173860624], [0.00115599425044, -0.000847282004543, 0.00259214174002, -0.00440484657884, 0.00359774986282, -5.53048594156e-05, 0.00164577597752, -0.00845083314925, 0.0164271537215, 0.00071843189653, -0.00260033877566, 0.00102886732202, 0.00125783623662], [-0.000399593176553, 0.00286146719009, -0.00266556348652, 0.000169837934664, -3.89358938264e-05, -0.000338221143465, -0.00180510070641, 0.00140717555769, 0.00071843189653, 0.0170742515475, -0.00651376647875, -0.00051760225324, 0.000834202393889], [0.000179640599526, -0.00274197990075, 0.00250443047844, 0.00214429874904, -0.00150197814219, -0.000163106436958, 0.000622994557489, 0.00435780407861, -0.00260033877566, -0.00651376647875, 0.0183605179191, -0.0055319275707, 0.00111524574459], [9.21224345802e-05, 0.00309933070093, -0.00213243672624, -0.00188265822362, 0.00235305656679, 0.00033390961471, -0.000105459570477, -0.000748614256736, 0.00102886732202, -0.00051760225324, -0.0055319275707, 0.0255488604307, -0.0126073248684], [0.000167388163391, -0.0011724018259, 0.00218913285062, -8.09674165794e-05, -0.00216533290222, 0.00109623826575, 0.00193902302999, -0.00224173860624, 0.00125783623662, 0.000834202393889, 0.00111524574459, -0.0126073248684, 0.025406844914]]
    },
    "melbands": {
        "max": [0.000433832581621, 0.00223459582776, 0.00651608360931, 0.00252519594505, 0.0029035275802, 0.00499809719622, 0.00340407178737, 0.00404995959252, 0.00793730001897, 0.0033575319685, 0.0027690930292, 0.00394761143252, 0.00211877399124, 0.00231448141858, 0.00221426156349, 0.00478053279221, 0.00498748291284, 0.00211664428934, 0.00113310734741, 0.0010777459247, 0.00189855496865, 0.00123766879551, 0.000485334108816, 0.000428536179243, 0.000367292872397, 0.000244222232141, 0.000217591747059, 0.000185783603229, 0.000273435784038, 7.02892648405e-05, 9.4522118161e-05, 6.69813234708e-05, 6.58219141769e-05, 0.000100919984106, 0.000152911539772, 0.000134009314934, 8.48180789035e-05, 2.5318500775e-05, 3.90821842302e-05, 3.20447979902e-05],
        "mean": [3.39659891324e-05, 0.000187394893146, 0.000495893589687, 0.000350029091351, 0.000406790379202, 0.000458254129626, 0.000311954296194, 0.000264074391453, 0.000388550601201, 0.00027367824805, 0.000165680990904, 0.000147309241584, 0.000114347240014, 9.24365740502e-05, 0.00011147785699, 0.000139939656947, 9.18828955037e-05, 7.30344472686e-05, 5.3652387578e-05, 6.1354963691e-05, 0.000101004588942, 6.34666939732e-05, 4.47735037596e-05, 5.2159295592e-05, 3.07935260935e-05, 2.45265709964e-05, 1.432254885e-05, 1.18488242151e-05, 6.53340975987e-06, 4.20331343776e-06, 3.43458441421e-06, 2.85465330307e-06, 3.19645073432e-06, 2.76048353953e-06, 3.46530100614e-06, 2.9006018849e-06, 2.08917185773e-06, 1.29631973778e-06, 1.1962207509e-06, 8.67166818352e-07],
        "min": [1.67715279716e-24, 6.20744193911e-25, 1.3149235481e-24, 1.11370031675e-24, 1.18858007856e-24, 2.32897298315e-24, 2.16424580993e-24, 3.92771714785e-24, 2.54292113254e-24, 2.8534150099e-24, 3.6632116919e-24, 3.6876332478e-24, 2.72175096938e-24, 3.72386878462e-24, 5.00405356086e-24, 3.17936425011e-24, 3.54972379549e-24, 2.49092829636e-24, 4.39905246682e-24, 3.23818881895e-24, 4.87851502527e-24, 5.02950773569e-24, 4.23315146858e-24, 6.51489377161e-24, 4.19709303103e-24, 4.58459294616e-24, 4.93185503866e-24, 3.62770782357e-24, 5.03891569085e-24, 4.48918455841e-24, 6.15648783552e-24, 5.47336821262e-24, 4.94794701227e-24, 6.5184270796e-24, 6.21357533265e-24, 5.60194938473e-24, 6.2493604299e-24, 7.52094543897e-24, 6.53254926753e-24, 6.18169115259e-24],
        "stdev": [5.00754940731e-05, 0.000263219844783, 0.000687761232257, 0.000321780651575, 0.000382776721381, 0.000526426243596, 0.000337113451678, 0.000336850382155, 0.000607570982538, 0.000437913491623, 0.000251757883234, 0.000245215254836, 0.000207562770811, 0.000183532203664, 0.000239501008764, 0.000356376724085, 0.00028651667526, 0.000144767560414, 8.84612600203e-05, 9.59344179137e-05, 0.000160156851052, 9.11527531571e-05, 5.04987656313e-05, 5.3476793255e-05, 3.25893342961e-05, 2.60692540905e-05, 1.4882596588e-05, 1.36406597449e-05, 1.19137503134e-05, 6.43940529699e-06, 6.11298082731e-06, 5.03908950122e-06, 6.36003051113e-06, 6.18359263171e-06, 8.22366928332e-06, 8.66424215928e-06, 5.42417228644e-06, 2.3764287107e-06, 2.3052598408e-06, 2.04704520002e-06]
    },
    "melbands128": {
        "max": [6.89712978783e-05, 0.000281407264993, 0.000582631619181, 0.00125249661505, 0.002128143562, 0.00404555024579, 0.010423486121, 0.00793134607375, 0.00528044393286, 0.00404274929315, 0.00419760122895, 0.00325056863949, 0.00443830620497, 0.00584549689665, 0.00798006635159, 0.0090466523543, 0.00472151068971, 0.00631852867082, 0.00451814150438, 0.00816236715764, 0.00257677631453, 0.00605743052438, 0.0153100099415, 0.0084838848561, 0.00776609964669, 0.00486926129088, 0.00652704946697, 0.00496393255889, 0.00202884967439, 0.00711130350828, 0.00481561524794, 0.00315876491368, 0.00394500279799, 0.00296209519729, 0.00582474516705, 0.00396884884685, 0.00460351025686, 0.00329528003931, 0.00668079033494, 0.00727500487119, 0.0073257018812, 0.0114368125796, 0.0081555377692, 0.00165341002867, 0.00393501855433, 0.00290527800098, 0.00296570849605, 0.00227057491429, 0.00130490597803, 0.00189834379125, 0.00218300241977, 0.00243541901, 0.00449164584279, 0.00278278789483, 0.00427864026278, 0.0015596721787, 0.00121118978132, 0.00102742633317, 0.000614030461293, 0.00103697553277, 0.00080284307478, 0.000692356901709, 0.000626293185633, 0.000655003357679, 0.000673611299135, 0.000542602036148, 0.000404649559641, 0.000683613063302, 0.000190732767805, 0.000748751044739, 0.000212184881093, 0.000164836630574, 0.000385558465496, 0.000438306014985, 6.73878312227e-05, 0.000106145496829, 9.04452244868e-05, 0.000117381860036, 9.47902299231e-05, 0.000100682045741, 6.97055511409e-05, 7.95576124801e-05, 0.000113341731776, 0.000102559322841, 8.81871819729e-05, 0.00013895133452, 9.85938095255e-05, 0.00012766297732, 0.000239573229919, 0.000152609325596, 0.000158950933837, 0.000208047393244, 0.000196221328224, 0.00010580856906, 7.17590155546e-05, 3.57783901563e-05, 3.39810103469e-05, 3.10122195515e-05, 5.52723722649e-05, 3.76145580958e-05, 3.65223859262e-05, 2.90319603664e-05, 4.80064591102e-05, 4.75756423839e-05, 2.37128751905e-05, 8.16092688183e-06, 1.19833555345e-06, 6.53779750337e-08, 7.96860888386e-08, 6.63376553689e-08, 6.69355131322e-08, 5.71893110646e-08, 6.08881123298e-08, 3.75102615635e-08, 3.91335746031e-08, 1.27553887452e-08, 1.23075380998e-08, 1.19000302945e-08, 1.16066241063e-08, 1.12430917909e-08, 1.09724558328e-08, 1.06641966369e-08, 1.04580983873e-08, 1.02698747284e-08, 1.01169099764e-08, 9.98711779943e-09, 9.88390258527e-09, 9.83168124691e-09],
        "mean": [4.12123472415e-06, 1.79535400093e-05, 4.16287512053e-05, 7.32465850888e-05, 0.000104700557131, 0.000282733468339, 0.00064557621954, 0.000529239885509, 0.000333389121806, 0.000362259423127, 0.000329820089974, 0.00035491710878, 0.000443352619186, 0.000452152249636, 0.000454297172837, 0.000525500625372, 0.000314022938255, 0.000292927783448, 0.000251021818258, 0.000306999369059, 0.000188748716027, 0.000361813756172, 0.0004548355937, 0.00034599378705, 0.000386429746868, 0.000168490412761, 0.000202039867872, 0.000174105865881, 0.000108454449219, 0.000208814788493, 0.000112139947305, 0.000121522178233, 0.000152679625899, 6.22811276116e-05, 0.000106793777377, 9.65503277257e-05, 9.12359901122e-05, 6.04037159064e-05, 0.000186127770576, 0.000137123948662, 9.45394858718e-05, 0.000207526871236, 8.56818005559e-05, 3.99105883844e-05, 6.68406137265e-05, 7.73125502747e-05, 9.22536564758e-05, 4.06962899433e-05, 3.79586526833e-05, 7.11481261533e-05, 5.03820701852e-05, 6.18297053734e-05, 0.00011961243581, 0.000101838923001, 0.000103000107629, 4.61361996713e-05, 4.30450272688e-05, 6.34569296381e-05, 3.44490035786e-05, 3.14278368023e-05, 6.75590417814e-05, 5.66253256693e-05, 2.88124883809e-05, 2.61223085545e-05, 2.7516780392e-05, 2.64947302639e-05, 2.3573415092e-05, 1.17045728985e-05, 1.06747029349e-05, 2.01673356059e-05, 1.26893119159e-05, 7.65694312577e-06, 7.05691445546e-06, 7.68440804677e-06, 3.57911085302e-06, 4.60663295598e-06, 4.43973476649e-06, 3.28416831508e-06, 3.19448281516e-06, 3.85353223464e-06, 2.51392316386e-06, 2.05399601327e-06, 4.21266668127e-06, 3.40411929756e-06, 2.36521191255e-06, 2.60314573097e-06, 2.77840445051e-06, 3.29522458742e-06, 3.96257837565e-06, 3.16174396175e-06, 2.84742759504e-06, 2.84351835944e-06, 3.03101228383e-06, 2.1310631837e-06, 1.55692100634e-06, 1.22414712678e-06, 1.38899247304e-06, 1.07691653284e-06, 1.36075948376e-06, 1.12226950932e-06, 1.02781427813e-06, 7.64444337165e-07, 7.87102294453e-07, 5.36876086699e-07, 2.61364561993e-07, 1.29974409901e-07, 2.07856416523e-08, 2.05199274239e-10, 7.16853243432e-11, 5.87947260322e-11, 5.63007140908e-11, 5.22647584933e-11, 5.43956997501e-11, 4.04478464611e-11, 4.01546851325e-11, 2.00246815657e-11, 2.24954811723e-11, 1.34872547158e-11, 1.20195832454e-11, 1.0398136345e-11, 1.1722753844e-11, 1.20186959343e-11, 1.19782300398e-11, 9.43982305518e-12, 8.98521101272e-12, 8.6238290814e-12, 8.40250351936e-12, 8.33758843216e-12],
        "min": [3.32025934374e-25, 3.3074775784e-25, 4.8877737871e-25, 8.06249075902e-25, 2.74150759632e-25, 7.17973962885e-25, 7.53833903307e-25, 2.11930514372e-25, 2.04809195809e-25, 5.08526807295e-25, 2.00349913024e-25, 5.46912532424e-25, 9.49833692173e-25, 2.32931741954e-25, 6.80574412496e-25, 5.38033804328e-25, 1.18819126874e-24, 4.43086111346e-25, 2.0383467649e-24, 1.43728721437e-24, 1.5166461284e-24, 7.22787099091e-25, 1.40696024573e-24, 2.39465275325e-24, 6.04772521594e-25, 5.72517182471e-25, 1.67377903629e-24, 1.19155349252e-24, 1.13540592316e-24, 6.54099599567e-25, 2.23972974058e-24, 1.46542233299e-24, 2.53052206335e-25, 1.867380688e-24, 1.52342411991e-24, 1.36402126476e-24, 2.27604929109e-24, 2.52033387546e-24, 2.22354152595e-24, 1.34940278472e-24, 1.61153731922e-24, 1.21422732709e-24, 1.58039920435e-24, 1.88488117275e-24, 1.49724557355e-24, 1.08102550084e-24, 2.00689586669e-24, 2.75072839422e-24, 1.99107841668e-24, 1.48981312332e-24, 2.44826196544e-24, 2.39130818023e-24, 3.28357080354e-24, 2.1656416993e-24, 2.14164652272e-24, 2.68960705685e-24, 1.84828019612e-24, 3.02462247824e-24, 1.23828354179e-24, 2.59579453471e-24, 4.53912260915e-24, 4.17698457213e-24, 2.20787336786e-24, 2.02359368547e-24, 2.20907440859e-24, 3.37118682327e-24, 1.3211250795e-24, 4.32672733245e-24, 2.2168756513e-24, 2.1803113567e-24, 2.43052778064e-24, 1.95087274013e-24, 3.10243709843e-24, 4.18598153075e-24, 2.52112727231e-24, 3.83523780064e-24, 3.35119117148e-24, 2.13648323088e-24, 4.44191680183e-24, 3.5095640701e-24, 4.59999663862e-24, 2.66490782191e-24, 4.26538432517e-24, 3.84627238698e-24, 3.00991357501e-24, 4.03438139743e-24, 5.32955768631e-24, 3.55395130108e-24, 4.7811143693e-24, 5.30277309756e-24, 4.75943449947e-24, 4.44737650815e-24, 3.74996903653e-24, 4.04731634969e-24, 5.62680678628e-24, 5.41590640099e-24, 4.95213665254e-24, 6.10193179304e-24, 5.73569167931e-24, 3.99684463455e-24, 4.99964935043e-24, 5.47413025226e-24, 4.61311145117e-24, 4.00636776339e-24, 4.21521237716e-24, 3.73224135984e-24, 6.54685880992e-24, 5.06804911294e-24, 5.13130195247e-24, 6.58235873394e-24, 6.75309821055e-24, 6.16480124617e-24, 4.66144456441e-24, 4.95399718098e-24, 4.79065564195e-24, 5.8558549167e-24, 6.59091669147e-24, 4.87120938442e-24, 5.3911598344e-24, 6.27203544776e-24, 6.79597043416e-24, 6.09586979141e-24, 7.04150417977e-24, 7.02698519481e-24, 6.42144609763e-24, 8.06964868565e-24, 6.2012556919e-24, 6.28246852766e-24],
        "stdev": [7.60923148846e-06, 3.58420547855e-05, 6.74150942359e-05, 0.000115795708552, 0.000191162383999, 0.000456381530967, 0.00105823820923, 0.000843699323013, 0.000496174325235, 0.000436511647422, 0.00040509365499, 0.000381832069252, 0.00056126707932, 0.000622954801656, 0.000647247303277, 0.000789063225966, 0.000420371681685, 0.000485667260364, 0.000398209434934, 0.00060253078118, 0.000284199108137, 0.00062372017419, 0.00102256913669, 0.000716798880603, 0.000829622149467, 0.000386999978218, 0.000448589998996, 0.000398399512051, 0.000199392714421, 0.000422279699706, 0.000275136262644, 0.000271030177828, 0.00035000857315, 0.000188137899386, 0.000353974668542, 0.000233283746638, 0.000193207844859, 0.000206801312743, 0.000535650295205, 0.000507403688971, 0.000409173924709, 0.000760526920203, 0.000438323855633, 9.84533398878e-05, 0.00021971091337, 0.000205896081752, 0.000228272474487, 0.000139438532642, 7.75662556407e-05, 0.000146748818224, 0.000128117229906, 0.000185078999493, 0.000303850800265, 0.000195075394004, 0.000256458733929, 9.35811622185e-05, 7.96240419731e-05, 9.8350305052e-05, 5.29211829416e-05, 6.66879932396e-05, 8.91526287887e-05, 7.38388844184e-05, 4.61141353298e-05, 4.39133109467e-05, 4.68887083116e-05, 4.21575314249e-05, 3.31546762027e-05, 2.25294079428e-05, 1.533527211e-05, 3.74633491447e-05, 1.65372402989e-05, 1.08918475235e-05, 1.85027784028e-05, 1.83246884262e-05, 5.28152304469e-06, 7.83640280133e-06, 9.40822974371e-06, 7.63575280871e-06, 6.22479819867e-06, 7.6397200246e-06, 5.30851684744e-06, 4.63876585854e-06, 9.98619634629e-06, 7.86959662946e-06, 5.3668009059e-06, 6.64893605062e-06, 6.76926038068e-06, 7.58172518545e-06, 1.01078985608e-05, 8.49598836794e-06, 8.91602576303e-06, 1.04583104985e-05, 9.36860760703e-06, 6.01936972089e-06, 3.60835383617e-06, 2.63575543613e-06, 2.56115026787e-06, 2.28644103117e-06, 3.0463083931e-06, 2.36157666222e-06, 2.12989812098e-06, 1.88338935914e-06, 2.65032190327e-06, 2.36146820498e-06, 1.00057832242e-06, 4.22166976932e-07, 6.28859027074e-08, 1.76702541488e-09, 1.99854954808e-09, 1.66715585781e-09, 1.66855029793e-09, 1.44533995883e-09, 1.53103596467e-09, 9.88759629728e-10, 1.0202489964e-09, 4.05187550179e-10, 4.48857784274e-10, 3.00222346983e-10, 2.86934864757e-10, 2.72235678445e-10, 2.73264966211e-10, 2.72414257818e-10, 2.66827560047e-10, 2.48580406259e-10, 2.44823800122e-10, 2.41689057656e-10, 2.39194497542e-10, 2.37930397606e-10]
    },
    "mfcc": {
        "mean": [-620.824279785, 97.0217819214, -25.5952358246, 10.1560144424, -1.33190274239, -16.1190509796, -11.7483310699, -0.766852080822, -13.0118970871, -1.49290013313, -7.58806991577, -3.32057952881, -4.7042593956],
        "cov": [[13112.1289062, 1552.32580566, -291.518951416, 130.010742188, -16.6773433685, -210.362503052, -189.113769531, -12.202747345, -223.237792969, -22.2947444916, -134.202087402, -77.4318695068, -79.5627288818], [1552.32580566, 705.984191895, -117.000801086, 103.139389038, 50.1474380493, -105.007011414, -2.02674436569, 7.98666238785, -66.0254440308, 16.6683712006, -27.2721939087, -16.8130073547, -23.9869728088], [-291.518951416, -117.000801086, 380.424438477, 58.6975517273, 13.7648000717, 75.3339920044, -8.56085968018, -32.9380989075, 20.1898593903, -53.1328849792, 14.5552845001, 29.0511264801, 0.645919144154], [130.010742188, 103.139389038, 58.6975517273, 163.573944092, 41.0266914368, -11.9839487076, -28.3309173584, -1.00233435631, 11.4424104691, -24.6393985748, -1.40851414204, 16.3036937714, 0.390294015408], [-16.6773433685, 50.1474380493, 13.7648000717, 41.0266914368, 149.324005127, -41.9499816895, -18.4075088501, 14.3616409302, 10.9396133423, 12.8933258057, -16.5910491943, -4.79878330231, -4.05548143387], [-210.362503052, -105.007011414, 75.3339920044, -11.9839487076, -41.9499816895, 217.317001343, 85.6829147339, -43.7722015381, -36.193862915, -26.3460540771, 28.3029594421, -10.3593702316, -11.2686052322], [-189.113769531, -2.02674436569, -8.56085968018, -28.3309173584, -18.4075088501, 85.6829147339, 124.604553223, -12.7059698105, -21.0445976257, 4.3542470932, 13.5884866714, -14.9105434418, -7.01081418991], [-12.202747345, 7.98666238785, -32.9380989075, -1.00233435631, 14.3616409302, -43.7722015381, -12.7059698105, 93.3622741699, 44.6758384705, 16.9449615479, -9.05246448517, 0.4748878479, 3.85507535934], [-223.237792969, -66.0254440308, 20.1898593903, 11.4424104691, 10.9396133423, -36.193862915, -21.0445976257, 44.6758384705, 113.644348145, 6.16488933563, 3.76791119576, -1.63146853447, 2.13739800453], [-22.2947444916, 16.6683712006, -53.1328849792, -24.6393985748, 12.8933258057, -26.3460540771, 4.3542470932, 16.9449615479, 6.16488933563, 82.2941436768, 9.32681655884, -4.07555580139, -5.15153503418], [-134.202087402, -27.2721939087, 14.5552845001, -1.40851414204, -16.5910491943, 28.3029594421, 13.5884866714, -9.05246448517, 3.76791119576, 9.32681655884, 65.789855957, 21.4614009857, -8.2316160202], [-77.4318695068, -16.8130073547, 29.0511264801, 16.3036937714, -4.79878330231, -10.3593702316, -14.9105434418, 0.4748878479, -1.63146853447, -4.07555580139, 21.4614009857, 63.5420265198, 17.6195888519], [-79.5627288818, -23.9869728088, 0.645919144154, 0.390294015408, -4.05548143387, -11.2686052322, -7.01081418991, 3.85507535934, 2.13739800453, -5.15153503418, -8.2316160202, 17.6195888519, 62.1202545166]],
        "icov": [[0.000112749301479, -0.000269958632998, 7.60482544138e-06, 9.55130672082e-05, 8.87056303327e-05, -0.000108243300929, 0.000280237465631, -1.47528407979e-05, 6.15367898718e-05, 4.72076644655e-05, 0.000111203073175, 4.25825783168e-05, 6.2641040131e-05], [-0.000269958632998, 0.00283721555024, 0.000423299585236, -0.00204376713373, -0.000231370024267, 0.00170267163776, -0.00163046899252, -0.000321521278238, 0.00165451539215, -0.000292444892693, -0.000158346229, 0.000533831946086, 0.000634359428659], [7.60482544138e-06, 0.000423299585236, 0.00368272466585, -0.000962560414337, -0.00068401201861, -0.0013443332864, 0.00055773591157, 0.00108146574348, -0.00109928834718, 0.00143589067739, 0.000245256436756, -0.00162035867106, 0.000497253844514], [9.55130672082e-05, -0.00204376713373, -0.000962560414337, 0.00913424231112, -0.00201296037994, -0.00133115437347, 0.0021491390653, 0.000413074303651, -0.00189176248387, 0.00229504681192, -0.00012368534226, -0.00204089120962, -5.22986410942e-05], [8.87056303327e-05, -0.000231370024267, -0.00068401201861, -0.00201296037994, 0.00817917007953, 0.00123627029825, -2.1154542992e-05, -0.000544067239389, 0.000224018702284, -0.00187625992112, 0.00172568333801, 0.000811546633486, 0.000668823602609], [-0.000108243300929, 0.00170267163776, -0.0013443332864, -0.00133115437347, 0.00123627029825, 0.00960866268724, -0.00581329595298, 0.000992139452137, 0.00265601254068, 0.00163416657597, -0.00286986655556, 0.00254180119373, 0.000590133538935], [0.000280237465631, -0.00163046899252, 0.00055773591157, 0.0021491390653, -2.1154542992e-05, -0.00581329595298, 0.0132407573983, -0.00055521732429, 0.000223704322707, -0.00088569271611, -0.0010012476705, 0.00169442896731, -0.000511509308126], [-1.47528407979e-05, -0.000321521278238, 0.00108146574348, 0.000413074303651, -0.000544067239389, 0.000992139452137, -0.00055521732429, 0.0150871360675, -0.00612865108997, -0.00170666631311, 0.00243219034746, -0.00189103512093, -8.33757803775e-05], [6.15367898718e-05, 0.00165451539215, -0.00109928834718, -0.00189176248387, 0.000224018702284, 0.00265601254068, 0.000223704322707, -0.00612865108997, 0.0136940255761, -7.17557995813e-05, -0.00287356204353, 0.00341761764139, -0.000184259464731], [4.72076644655e-05, -0.000292444892693, 0.00143589067739, 0.00229504681192, -0.00187625992112, 0.00163416657597, -0.00088569271611, -0.00170666631311, -7.17557995813e-05, 0.0155816255137, -0.00390702206641, 0.000802053837106, 0.0006475042901], [0.000111203073175, -0.000158346229, 0.000245256436756, -0.00012368534226, 0.00172568333801, -0.00286986655556, -0.0010012476705, 0.00243219034746, -0.00287356204353, -0.00390702206641, 0.0219950359315, -0.00967296678573, 0.00484070228413], [4.25825783168e-05, 0.000533831946086, -0.00162035867106, -0.00204089120962, 0.000811546633486, 0.00254180119373, 0.00169442896731, -0.00189103512093, 0.00341761764139, 0.000802053837106, -0.00967296678573, 0.0233894456178, -0.00685396743938], [6.2641040131e-05, 0.000634359428659, 0.000497253844514, -5.22986410942e-05, 0.000668823602609, 0.000590133538935, -0.000511509308126, -8.33757803775e-05, -0.000184259464731, 0.0006475042901, 0.00484070228413, -0.00685396743938, 0.0191618259996]]
    },
    "spectral_contrast_coeffs": {
        "max": [-0.455254077911, -0.534908473492, -0.570320725441, -0.580774605274, -0.604927241802, -0.602489411831],
        "mean": [-0.665643572807, -0.750415682793, -0.750686109066, -0.76088809967, -0.752177596092, -0.748168230057],
        "min": [-0.983049571514, -0.977318167686, -0.971924602985, -0.972885608673, -0.966200113297, -0.964191317558],
        "stdev": [0.0759387016296, 0.0681739449501, 0.0660575553775, 0.0629833638668, 0.0532048903406, 0.0540087707341]
    },
    "spectral_contrast_valleys": {
        "max": [-5.68878078461, -4.76673698425, -5.45661258698, -5.99421072006, -5.9810051918, -7.69261598587],
        "mean": [-7.76995658875, -6.82699489594, -7.60406017303, -7.65215301514, -7.55564403534, -10.5970277786],
        "min": [-27.6942501068, -27.8107089996, -27.8825263977, -27.6759777069, -27.4408226013, -27.3912677765],
        "stdev": [3.18393278122, 3.31699609756, 3.1867249012, 3.16330528259, 3.18162965775, 2.78577613831]
    }
},
"rhythm": {
    "beats_count": 64,
    "beats_loudness": {
        "max": 0.0529801286757,
        "mean": 0.0303219277412,
        "min": 0,
        "stdev": 0.0103957084939
    },
    "bpm": 98.4108428955,
    "bpm_histogram_first_peak_bpm": 98,
    "bpm_histogram_first_peak_weight": 0.147540986538,
    "bpm_histogram_second_peak_bpm": 103,
    "bpm_histogram_second_peak_spread": 0,
    "bpm_histogram_second_peak_weight": 0.0317460335791,
    "danceability": 1.21116685867,
    "onset_rate": 3.45945334435,
    "beats_loudness_band_ratio": {
        "max": [0.573679327965, 0.530511200428, 0.614593029022, 0.66255325079, 0.454139202833, 0.372680008411],
        "mean": [0.162570521235, 0.163560464978, 0.219833940268, 0.192265152931, 0.19851540029, 0.0807168930769],
        "min": [0, 0, 0, 0, 0, 0],
        "stdev": [0.120166942477, 0.108246929944, 0.132056310773, 0.140501573682, 0.115491397679, 0.0596448592842]
    },
    "beats_position": [0.592108845711, 1.18421769142, 1.78793644905, 2.36843538284, 2.94893407822, 3.54104304314, 4.13315200806, 4.72526073456, 5.32897949219, 5.93269824982, 6.54802703857, 7.17496585846, 7.80190467834, 8.4172334671, 9.03256225586, 9.64789104462, 10.2632198334, 10.8785486221, 11.4938774109, 12.0975961685, 12.7013149261, 13.3166437149, 13.9319725037, 14.5356912613, 15.15102005, 15.7547388077, 16.3700675964, 16.9853973389, 17.600725174, 18.2160549164, 18.8313827515, 19.4467124939, 20.062040329, 20.6657600403, 21.2810878754, 21.8964176178, 22.5001354218, 23.1038551331, 23.707572937, 24.3112926483, 24.9266204834, 25.5419502258, 26.1456680298, 26.7493877411, 27.3647155762, 27.9800453186, 28.5837631226, 29.1874828339, 29.7912006378, 30.3949203491, 30.9986381531, 31.6023578644, 32.2060775757, 32.8097953796, 33.4135131836, 34.0172348022, 34.6209526062, 35.2246704102, 35.8400001526, 36.455329895, 37.0822677612, 37.7092056274, 38.3361434937, 38.9514732361],
