{
"metadata": {
    "version": {
        "essentia": "2.1-beta5",
        "essentia_git_sha": "Undefined",
        "extractor": "music 2.0"
    },
    "audio_properties": {
        "analysis": {
            "equal_loudness": 0,
            "length": 23.7191829681,
            "sample_rate": 44100,
            "start_time": 158.998641968,
            "downmix": "mix"
        },
        "bit_rate": 192000,
        "length": 182.741043091,
        "lossless": 0,
        "number_channels": 2,
        "replay_gain": -5.71267318726,
        "sample_rate": 44100,
        "codec": "mp3",
        "md5_encoded": "c2a1e5de95fcac0ff67c029d8ab7c345"
    },
    "tags": {
        "file_name": "Portugal_Penso Em Ti, Eu Sei_Adelaïde.mp3",
        "encoding": ["Lavf58.29.100"]
    }
},
"lowlevel": {
    "average_loudness": 0.977754354477,
    "barkbands_crest": {
        "max": 23.4828205109,
        "mean": 9.50900363922,
        "min": 2.5194246769,
        "stdev": 4.51577615738
    },
    "barkbands_flatness_db": {
        "max": 0.28735357523,
        "mean": 0.129910483956,
        "min": 0.028443178162,
        "stdev": 0.0354555249214
    },
    "barkbands_kurtosis": {
        "max": 11.4981517792,
        "mean": 0.49890729785,
        "min": -1.68874180317,
        "stdev": 1.55180716515
    },
    "barkbands_skewness": {
        "max": 2.20682191849,
        "mean": 0.167345881462,
        "min": -1.97045564651,
        "stdev": 0.538674533367
    },
    "barkbands_spread": {
        "max": 90.3422851562,
        "mean": 20.8890209198,
        "min": 3.45391798019,
        "stdev": 8.86859226227
    },
    "dissonance": {
        "max": 0.5,
        "mean": 0.44878205657,
        "min": 0.310246706009,
        "stdev": 0.0403624810278
    },
    "dynamic_complexity": 0.64577716589,
    "erbbands_crest": {
        "max": 29.4710178375,
        "mean": 13.3110513687,
        "min": 2.7751853466,
        "stdev": 6.05989456177
    },
    "erbbands_flatness_db": {
        "max": 0.332274734974,
        "mean": 0.208894222975,
        "min": 0.0667263716459,
        "stdev": 0.0339744240046
    },
    "erbbands_kurtosis": {
        "max": 13.0633659363,
        "mean": 1.01480555534,
        "min": -1.52192592621,
        "stdev": 1.80326914787
    },
    "erbbands_skewness": {
        "max": 3.12687826157,
        "mean": 0.461360603571,
        "min": -2.30384516716,
        "stdev": 0.737174093723
    },
    "erbbands_spread": {
        "max": 94.9554748535,
        "mean": 22.1222171783,
        "min": 6.39339160919,
        "stdev": 10.1495018005
    },
    "hfc": {
        "max": 243.16192627,
        "mean": 36.18227005,
        "min": 1.11276332937e-16,
        "stdev": 20.2761993408
    },
    "loudness_ebu128": {
        "integrated": -17.3130168915,
        "loudness_range": 1.64289474487,
        "momentary": {
            "max": -14.6054115295,
            "mean": -17.3939056396,
            "min": -20.2909069061,
            "stdev": 0.841590821743
        },
        "short_term": {
            "max": -16.2440948486,
            "mean": -17.4818115234,
            "min": -18.4521102905,
            "stdev": 0.51329690218
        }
    },
    "melbands_crest": {
        "max": 29.8153419495,
        "mean": 11.3328495026,
        "min": 2.15235066414,
        "stdev": 5.48957824707
    },
    "melbands_flatness_db": {
        "max": 0.291128754616,
        "mean": 0.151176601648,
        "min": 0.00473789963871,
        "stdev": 0.054815210402
    },
    "melbands_kurtosis": {
        "max": 15.9936523438,
        "mean": 1.22290897369,
        "min": -1.53929710388,
        "stdev": 2.18089747429
    },
    "melbands_skewness": {
        "max": 3.50371599197,
        "mean": 0.626060783863,
        "min": -0.774126946926,
        "stdev": 0.592661440372
    },
    "melbands_spread": {
        "max": 167.469833374,
        "mean": 36.5481834412,
        "min": 6.03711795807,
        "stdev": 16.3484687805
    },
    "pitch_salience": {
        "max": 0.889484167099,
        "mean": 0.540536165237,
        "min": 0.204874023795,
        "stdev": 0.143839210272
    },
    "silence_rate_20dB": {
        "max": 1,
        "mean": 1,
        "min": 1,
        "stdev": 0
    },
    "silence_rate_30dB": {
        "max": 1,
        "mean": 1,
        "min": 1,
        "stdev": 0
    },
    "silence_rate_60dB": {
        "max": 1,
        "mean": 0.00488758552819,
        "min": 0,
        "stdev": 0.0697402134538
    },
    "spectral_centroid": {
        "max": 11058.390625,
        "mean": 1922.42175293,
        "min": 896.61151123,
        "stdev": 676.400024414
    },
    "spectral_complexity": {
        "max": 61,
        "mean": 25.696969986,
        "min": 0,
        "stdev": 12.6606960297
    },
    "spectral_decrease": {
        "max": -2.70699715279e-29,
        "mean": -6.38503916406e-09,
        "min": -1.91050286702e-08,
        "stdev": 2.19385287714e-09
    },
    "spectral_energy": {
        "max": 0.0800178349018,
        "mean": 0.0273804534227,
        "min": 1.04533326246e-20,
        "stdev": 0.008952899836
    },
    "spectral_energyband_high": {
        "max": 0.023190472275,
        "mean": 0.00135301321279,
        "min": 7.67929681432e-21,
        "stdev": 0.00179937609937
    },
    "spectral_energyband_low": {
        "max": 0.0256998613477,
        "mean": 0.00276738055982,
        "min": 6.5901951204e-23,
        "stdev": 0.00260452134535
    },
    "spectral_energyband_middle_high": {
        "max": 0.0623576454818,
        "mean": 0.0146172754467,
        "min": 1.35109562816e-21,
        "stdev": 0.00769914872944
    },
    "spectral_energyband_middle_low": {
        "max": 0.044006831944,
        "mean": 0.0113662835211,
        "min": 2.70486469961e-22,
        "stdev": 0.00752599863335
    },
    "spectral_entropy": {
        "max": 9.80621528625,
        "mean": 7.3787355423,
        "min": 6.15980100632,
        "stdev": 0.515453279018
    },
    "spectral_flux": {
        "max": 0.280793309212,
        "mean": 0.0877664387226,
        "min": 6.7990911512e-11,
        "stdev": 0.0317524187267
    },
    "spectral_kurtosis": {
        "max": 11.8336267471,
        "mean": 3.85620498657,
        "min": -1.22817420959,
        "stdev": 1.8414670229
    },
    "spectral_rms": {
        "max": 0.00883550662547,
        "mean": 0.00509688491002,
        "min": 3.19348909296e-12,
        "stdev": 0.000856970611494
    },
    "spectral_rolloff": {
        "max": 18949.21875,
        "mean": 2183.31420898,
        "min": 624.462890625,
        "stdev": 1624.60668945
    },
    "spectral_skewness": {
        "max": 2.38978886604,
        "mean": 1.28704190254,
        "min": -0.00689790211618,
        "stdev": 0.288742631674
    },
    "spectral_spread": {
        "max": 42366188,
        "mean": 3645630.5,
        "min": 2193506.5,
        "stdev": 1935611.625
    },
    "spectral_strongpeak": {
        "max": 11.9035434723,
        "mean": 2.97604823112,
        "min": 0,
        "stdev": 1.78876698017
    },
    "zerocrossingrate": {
        "max": 0.501953125,
        "mean": 0.0791091993451,
        "min": 0.025390625,
        "stdev": 0.0422383919358
    },
    "barkbands": {
        "max": [0.0022065571975, 0.0126805109903, 0.0183673705906, 0.0135058350861, 0.0140636852011, 0.0100696012378, 0.0272443331778, 0.0135649628937, 0.0347065851092, 0.0600567236543, 0.0333204306662, 0.0209689289331, 0.0222747549415, 0.0177791453898, 0.0180670060217, 0.027299111709, 0.0081354463473, 0.0093401344493, 0.00903737451881, 0.0102161215618, 0.00598556315526, 0.00285607855767, 0.00328950490803, 0.0045752255246, 0.0114342924207, 0.00565667450428, 4.16017246607e-06],
        "mean": [0.000137027804158, 0.00148809188977, 0.000803944072686, 0.000722493685316, 0.00177938188426, 0.00063956977101, 0.000589153438341, 0.000855134276208, 0.00262737087905, 0.00579135119915, 0.000785307784099, 0.000871063733939, 0.00160954205785, 0.00274643185548, 0.000921118131373, 0.000989905674942, 0.00080282788258, 0.00086051231483, 0.000587867863942, 0.000878221762832, 0.000357250246452, 0.000169413382537, 0.000154019129695, 0.000114410970127, 7.92105274741e-05, 1.96348537429e-05, 2.21343967155e-07],
        "min": [4.59414092412e-24, 2.43070464326e-23, 2.39637893869e-23, 2.15850897677e-23, 4.17987890279e-23, 3.25256533564e-23, 3.22172024315e-23, 4.61333998418e-23, 5.43459719797e-23, 5.32592371966e-23, 2.66656600754e-23, 6.74035384708e-23, 1.19691050493e-22, 7.83726682905e-23, 1.49100062719e-22, 6.72640489301e-23, 9.37875531149e-23, 1.71422933071e-22, 1.73595986118e-22, 3.47765480425e-22, 3.94596302727e-22, 6.11457977348e-22, 5.30261193328e-22, 9.58588633004e-22, 9.00869662188e-22, 1.58002422406e-21, 2.21923329306e-21],
        "stdev": [0.000216256972635, 0.00142337428406, 0.00117145653348, 0.00110242608935, 0.00153907341883, 0.000919457757846, 0.00165446219034, 0.00132238073274, 0.00475305737928, 0.00737534230575, 0.00240149814636, 0.00117321196012, 0.00322664831765, 0.00318847992457, 0.00156674801838, 0.0024819332175, 0.00127657479607, 0.000865276437253, 0.00066162092844, 0.000934407697059, 0.00044339694432, 0.000279075029539, 0.000268820411293, 0.000299608538626, 0.000649280555081, 0.000233845043113, 3.05386095079e-07]
    },
    "erbbands": {
        "max": [0.529373884201, 2.23456335068, 15.3076028824, 35.6318473816, 29.3616428375, 63.0676651001, 57.8299636841, 91.322807312, 262.650512695, 599.579284668, 316.867340088, 870.604309082, 2055.56738281, 1293.22070312, 368.965118408, 933.089904785, 950.616149902, 981.785949707, 448.879730225, 1622.63110352, 1518.9119873, 552.195922852, 638.206298828, 322.21270752, 653.770874023, 691.229003906, 516.022399902, 88.1892166138, 105.413398743, 113.673156738, 100.775062561, 102.290359497, 103.304504395, 102.589767456, 112.233444214, 45.3132781982, 2.77222919464, 0.0696236267686, 0.00382394623011, 0.000543864443898],
        "mean": [0.0412366241217, 0.33479487896, 0.945817828178, 1.81282496452, 4.54819059372, 5.6798415184, 5.25968170166, 5.11185884476, 7.18285894394, 14.7595748901, 18.585308075, 60.1139984131, 231.074050903, 53.6514015198, 32.8008384705, 37.1995277405, 68.3071136475, 161.740066528, 57.0968780518, 58.7519683838, 50.7009429932, 46.651096344, 50.7172966003, 34.6458320618, 28.7534866333, 40.6159095764, 23.9701423645, 10.2939138412, 6.3347864151, 5.07934474945, 4.35881948471, 2.90871071815, 1.63633239269, 0.845316588879, 0.60181760788, 0.173505678773, 0.0144221438095, 0.000720596115571, 4.6880057198e-05, 3.81838763133e-05],
        "min": [6.56699970678e-22, 6.00052891438e-21, 2.64598130447e-20, 4.77736967246e-20, 9.70161947984e-20, 1.06995702374e-19, 1.25754588316e-19, 2.0600705681e-19, 4.65814457648e-19, 1.18963368278e-18, 9.76096387267e-19, 1.17852795588e-18, 1.13541075286e-18, 1.84986970558e-18, 1.64844130026e-18, 2.74137353693e-18, 5.24949454882e-18, 4.442805268e-18, 5.94349329249e-18, 5.05531555439e-18, 3.20608339826e-18, 6.52195475692e-18, 9.24361678665e-18, 7.42235036626e-18, 1.10073743021e-17, 1.7776400877e-17, 1.3293393804e-17, 2.00318874881e-17, 1.7291709434e-17, 1.99709573642e-17, 1.38875882437e-17, 1.82286023199e-17, 1.46780519632e-17, 9.20131642448e-18, 7.49529197986e-18, 4.84372234011e-18, 3.23302922031e-18, 1.21708108647e-18, 2.94515537449e-19, 3.36076891285e-20],
        "stdev": [0.052669942379, 0.322955816984, 1.2433142662, 2.7561109066, 4.31873989105, 5.36512470245, 6.47240114212, 8.12393856049, 16.882390976, 39.05701828, 27.9308853149, 100.270759583, 264.74017334, 99.0475616455, 44.5237846375, 50.902721405, 121.712036133, 169.490066528, 54.641872406, 119.852500916, 107.329086304, 69.613571167, 54.0620918274, 36.3782272339, 34.2882461548, 47.8931808472, 28.3010025024, 12.5227622986, 10.1648330688, 8.65214729309, 7.75600528717, 6.3568277359, 5.3509516716, 5.42215156555, 5.92364549637, 1.98429322243, 0.147729173303, 0.00359206553549, 0.0001888324623, 2.78715087916e-05]
    },
    "gfcc": {
        "mean": [15.7066555023, 88.6649551392, -160.2552948, 35.7698402405, -62.2886695862, 20.5162258148, -25.2983665466, 11.4160461426, -26.7363147736, -3.68961787224, -10.9483327866, -15.0888414383, -4.79930114746],
        "cov": [[6699.94628906, 130.774520874, -787.854553223, 297.805908203, -326.771759033, 141.804534912, -334.066741943, 96.3688964844, -43.2371482849, 15.0676956177, -98.4339675903, 32.2341918945, -12.3241233826], [130.774520874, 1271.03820801, 474.334594727, 0.327332377434, 178.81413269, -174.109405518, 288.296325684, -74.6872024536, -138.255554199, -110.215911865, 57.4396247864, -256.540924072, -18.0102310181], [-787.854553223, 474.334594727, 690.936584473, 11.5863389969, 38.3299636841, -106.837814331, 82.7850952148, 8.79657840729, -83.0600662231, -32.4750976562, 12.6781206131, -48.4076766968, -22.0619258881], [297.805908203, 0.327332377434, 11.5863389969, 144.20135498, 12.9040775299, -0.659539699554, -66.3466796875, 5.77208423615, 15.4075498581, -3.13376522064, -27.5487308502, 18.2966175079, -4.6591258049], [-326.771759033, 178.81413269, 38.3299636841, 12.9040775299, 172.56010437, -19.8912620544, 34.8178520203, -30.5674819946, -22.9196739197, -5.52832698822, -1.43247580528, -59.7555007935, 6.49685144424], [141.804534912, -174.109405518, -106.837814331, -0.659539699554, -19.8912620544, 118.412956238, -3.52527785301, 6.75486946106, 6.71686458588, 0.691758096218, -24.5881881714, 15.3692998886, 8.43809700012], [-334.066741943, 288.296325684, 82.7850952148, -66.3466796875, 34.8178520203, -3.52527785301, 262.438934326, -21.2690753937, -63.3705749512, -39.5583839417, 33.3186607361, -94.8740615845, -17.3774242401], [96.3688964844, -74.6872024536, 8.79657840729, 5.77208423615, -30.5674819946, 6.75486946106, -21.2690753937, 71.4319381714, 28.6795215607, 5.18072414398, -25.984539032, 20.8658008575, 20.5426521301], [-43.2371482849, -138.255554199, -83.0600662231, 15.4075498581, -22.9196739197, 6.71686458588, -63.3705749512, 28.6795215607, 99.524848938, 19.4583892822, -21.2409381866, 40.6128044128, 16.3684368134], [15.0676956177, -110.215911865, -32.4750976562, -3.13376522064, -5.52832698822, 0.691758096218, -39.5583839417, 5.18072414398, 19.4583892822, 74.428527832, 25.9846420288, 24.2452697754, -9.87449932098], [-98.4339675903, 57.4396247864, 12.6781206131, -27.5487308502, -1.43247580528, -24.5881881714, 33.3186607361, -25.984539032, -21.2409381866, 25.9846420288, 117.658065796, 19.3834438324, -34.589630127], [32.2341918945, -256.540924072, -48.4076766968, 18.2966175079, -59.7555007935, 15.3692998886, -94.8740615845, 20.8658008575, 40.6128044128, 24.2452697754, 19.3834438324, 133.283416748, -1.8629745245], [-12.3241233826, -18.0102310181, -22.0619258881, -4.6591258049, 6.49685144424, 8.43809700012, -17.3774242401, 20.5426521301, 16.3684368134, -9.87449932098, -34.589630127, -1.8629745245, 82.2420654297]],
        "icov": [[0.000585535832215, -0.00136023981031, 0.00137731991708, -0.000812462938484, 0.00161478540394, -0.000944073835853, 0.00120484817307, -0.00149016000796, 0.00187858985737, -0.00117958488408, 0.000837694038637, -0.000696513219737, 0.000530429999344], [-0.00136023981031, 0.00616640131921, -0.00435043498874, 0.000664198829327, -0.00447700126097, 0.00444330694154, -0.00384730007499, 0.00416597025469, -0.00466301431879, 0.00541017670184, -0.00419240165502, 0.005634855479, -0.00199654186144], [0.00137731991708, -0.00435043498874, 0.00569978961721, -0.00179480423685, 0.00387031771243, -0.0012654743623, 0.00281041162089, -0.00500932568684, 0.00624022493139, -0.00353353098035, 0.00316102639772, -0.00341568677686, 0.00193604966626], [-0.000812462938484, 0.000664198829327, -0.00179480423685, 0.0102889742702, -0.00331382569857, 0.000265428214334, 0.00103115697857, 0.00148492329754, -0.00289845000952, 0.0018838722026, 0.00137314887252, -0.00124154891819, 0.00155910127796], [0.00161478540394, -0.00447700126097, 0.00387031771243, -0.00331382569857, 0.0122904805467, -0.00252697034739, 0.00337890302762, -0.00136893510353, 0.00525344954804, -0.00496356701478, 0.00270833959803, 0.0001816109434, -4.20342803409e-05], [-0.000944073835853, 0.00444330694154, -0.0012654743623, 0.000265428214334, -0.00252697034739, 0.0142558477819, -0.00422011269256, 0.00271108234301, -0.00136718014255, 0.00289822439663, 0.000334910524543, 0.00189886626322, -0.00152081937995], [0.00120484817307, -0.00384730007499, 0.00281041162089, 0.00103115697857, 0.00337890302762, -0.00422011269256, 0.0101153068244, -0.00462109129876, 0.00499073136598, -2.67679315584e-05, -0.000566421484109, 0.00170806539245, 0.00241196807474], [-0.00149016000796, 0.00416597025469, -0.00500932568684, 0.00148492329754, -0.00136893510353, 0.00271108234301, -0.00462109129876, 0.0239257570356, -0.00897025968879, 0.00109777261969, 0.00123552978039, 0.000675064511597, -0.00524126272649], [0.00187858985737, -0.00466301431879, 0.00624022493139, -0.00289845000952, 0.00525344954804, -0.00136718014255, 0.00499073136598, -0.00897025968879, 0.0216541327536, -0.0066657634452, 0.00540514243767, -0.00545566808432, 0.000830163422506], [-0.00117958488408, 0.00541017670184, -0.00353353098035, 0.0018838722026, -0.00496356701478, 0.00289822439663, -2.67679315584e-05, 0.00109777261969, -0.0066657634452, 0.0228739790618, -0.00908263586462, 0.00560236815363, 0.000361699116183], [0.000837694038637, -0.00419240165502, 0.00316102639772, 0.00137314887252, 0.00270833959803, 0.000334910524543, -0.000566421484109, 0.00123552978039, 0.00540514243767, -0.00908263586462, 0.0175806004554, -0.00922246091068, 0.00447548460215], [-0.000696513219737, 0.005634855479, -0.00341568677686, -0.00124154891819, 0.0001816109434, 0.00189886626322, 0.00170806539245, 0.000675064511597, -0.00545566808432, 0.00560236815363, -0.00922246091068, 0.0203826837242, -0.00153250456788], [0.000530429999344, -0.00199654186144, 0.00193604966626, 0.00155910127796, -4.20342803409e-05, -0.00152081937995, 0.00241196807474, -0.00524126272649, 0.000830163422506, 0.000361699116183, 0.00447548460215, -0.00153250456788, 0.0161131471395]]
    },
    "melbands": {
        "max": [0.00412094872445, 0.00580074591562, 0.00569020817056, 0.00239241705276, 0.00216514850035, 0.0026128962636, 0.00428937841207, 0.00605919910595, 0.00279058050364, 0.00615204963833, 0.0106262126938, 0.00509566394612, 0.00260991067626, 0.00291007035412, 0.00119558291044, 0.00308902049437, 0.00223815906793, 0.00073463737499, 0.00133810332045, 0.00255185598508, 0.00158200645819, 0.000654794392176, 0.000575241399929, 0.000546860450413, 0.000330317066982, 0.000358717225026, 0.000451747473562, 0.000430167536251, 0.00052882503951, 5.8090849052e-05, 5.46574337932e-05, 6.32828086964e-05, 6.41741717118e-05, 5.83041473874e-05, 5.41552872164e-05, 7.45334327803e-05, 5.59010659344e-05, 7.20875395928e-05, 6.4649459091e-05, 0.000104083985207],
        "mean": [0.000391953188227, 0.000482013332658, 0.000389163324144, 0.000379008066375, 0.000203265706659, 0.000118921881949, 0.000113839087135, 0.00016483773652, 0.000141602286021, 0.000436450034613, 0.00115986878518, 0.000209880367038, 9.96555172605e-05, 0.000105190389149, 7.26581856725e-05, 0.000203301373404, 0.000325890170643, 8.99748702068e-05, 7.22345648683e-05, 8.00024572527e-05, 5.45911643712e-05, 4.82944160467e-05, 5.14704443049e-05, 3.47315944964e-05, 2.80788590317e-05, 1.81593750312e-05, 2.58255513472e-05, 2.71084936685e-05, 1.83326064871e-05, 8.16562715045e-06, 5.05104435433e-06, 3.5922942061e-06, 3.04145555674e-06, 2.71892417913e-06, 2.59669036495e-06, 2.15288059735e-06, 1.61216007655e-06, 1.20325455555e-06, 8.37448283164e-07, 6.82922802753e-07],
        "min": [7.14466036491e-24, 1.21752965661e-23, 1.00889977078e-23, 7.45213467993e-24, 4.33107592819e-24, 5.07297791587e-24, 6.92050553869e-24, 1.39577640691e-23, 8.11255088598e-24, 7.46078138432e-24, 5.9993246551e-24, 7.90607679923e-24, 4.28482540774e-24, 8.6091411924e-24, 8.72231827761e-24, 1.01510968383e-23, 7.48634047765e-24, 7.88787304499e-24, 7.42763660452e-24, 5.64557457608e-24, 3.15044500376e-24, 5.99603076639e-24, 7.11344040572e-24, 8.88959228826e-24, 5.29062463962e-24, 7.95638324802e-24, 7.87063958965e-24, 1.2783587999e-23, 8.50145536795e-24, 6.93930014975e-24, 1.08118199112e-23, 1.00155019038e-23, 1.04342576713e-23, 1.02859029118e-23, 6.0544443387e-24, 8.66175505934e-24, 1.24565854323e-23, 9.21539105326e-24, 8.08107375814e-24, 7.62004135703e-24],
        "stdev": [0.000405138620408, 0.00052716769278, 0.000449384882813, 0.000317391008139, 0.000235079060076, 0.000193415820831, 0.000273584970273, 0.000397303898353, 0.000233679849771, 0.000746440840885, 0.00134432478808, 0.000399425916839, 0.000194414824364, 0.000142920878716, 9.5580566267e-05, 0.000412052148022, 0.000384789542295, 9.47975859162e-05, 0.000130257685669, 0.000211418737308, 0.000110036417027, 7.91191487224e-05, 5.93690419919e-05, 4.02501864301e-05, 3.3401818655e-05, 2.25692620006e-05, 3.21194456774e-05, 3.22171508742e-05, 2.56838284258e-05, 8.98908183444e-06, 7.03443356542e-06, 6.03709304414e-06, 5.22464824826e-06, 4.7702565098e-06, 4.56211046185e-06, 4.44668739874e-06, 3.61634283763e-06, 3.71759279005e-06, 3.44917611983e-06, 5.21606716575e-06]
    },
    "melbands128": {
        "max": [0.00215346459299, 0.00506897363812, 0.0062896325253, 0.00435020681471, 0.00604259688407, 0.00974242761731, 0.00800040457398, 0.00587838049978, 0.00329749216326, 0.00241779489443, 0.00426577497274, 0.00456906249747, 0.00292975781485, 0.00181976007298, 0.00140013964847, 0.00468649435788, 0.00795157253742, 0.00485049188137, 0.00988048501313, 0.0113893840462, 0.00461213989183, 0.00252121523954, 0.00508416863158, 0.00270691653714, 0.00589144974947, 0.0126994289458, 0.0106698377058, 0.0193460006267, 0.0111438957974, 0.00339800934307, 0.009610934183, 0.00937603414059, 0.0020997475367, 0.0023072513286, 0.00172965636011, 0.00660041812807, 0.00482261087745, 0.00170408643316, 0.00119423284195, 0.00391237763688, 0.00540505582467, 0.00289856409654, 0.00332496338524, 0.00317658809945, 0.00125323294196, 0.00137336493935, 0.00178726669401, 0.00208029849455, 0.00264842738397, 0.00490887556225, 0.00383127923124, 0.00474977912381, 0.00189650629181, 0.000712589244358, 0.00129450263921, 0.00117594946641, 0.00121313054115, 0.00069625483593, 0.000978526892141, 0.00111191859469, 0.00102024164516, 0.000474529399071, 0.000431308813859, 0.000504780560732, 0.000335639546392, 0.000260533968685, 0.00111475691665, 0.000386090803659, 0.000679630902596, 0.00102784030605, 0.000712994136848, 0.000393846130464, 0.000828269985504, 0.000727845472284, 0.000150790801854, 7.4934818258e-05, 8.46628681757e-05, 6.83347316226e-05, 7.0463414886e-05, 4.03497397201e-05, 8.0627942225e-05, 6.061561362e-05, 6.21892904746e-05, 6.51600130368e-05, 9.37391596381e-05, 7.87416865933e-05, 6.48853601888e-05, 8.36820690893e-05, 6.82763420627e-05, 5.34897371836e-05, 8.11716672615e-05, 8.33486192278e-05, 0.000108305866888, 5.31089899596e-05, 3.6904715671e-05, 4.99874586239e-05, 0.000128165323986, 6.07579750067e-05, 6.82634927216e-05, 6.05666355113e-05, 5.90818563069e-05, 0.000115181559522, 0.000152245745994, 0.000191177634406, 0.000153509230586, 0.000112290785182, 0.000114624432172, 0.000184233533219, 6.44425235805e-05, 3.0248591429e-05, 2.69584979833e-05, 1.10089795271e-05, 2.62783260041e-06, 1.74432258859e-07, 2.99388736025e-09, 6.31529744055e-08, 1.40059611908e-07, 2.19516604893e-09, 1.97773442068e-09, 1.88286941594e-09, 1.83070036908e-09, 1.77192371886e-09, 1.72151293221e-09, 1.68113145627e-09, 1.65264602003e-09, 1.62422120198e-09, 1.61859292636e-09, 1.6086106891e-09],
        "mean": [0.000110305969429, 0.000327167363139, 0.000470324768685, 0.000590680458117, 0.000525026000105, 0.000368987588445, 0.000353664450813, 0.000359056954039, 0.000510381709319, 0.000392052228563, 0.000295866368106, 0.000280158186797, 0.000186902674614, 9.98757459456e-05, 9.33819028432e-05, 0.000154207402375, 0.000131528053316, 8.07750620879e-05, 0.000120670418255, 0.000194402557099, 0.000168544080225, 0.000129304520669, 0.000169029983226, 9.36388678383e-05, 0.000233909129747, 0.000590486743022, 0.000878273451235, 0.0018874485977, 0.000689348147716, 0.000122476980323, 0.000141557989991, 0.000107413907244, 6.58144927002e-05, 0.000135946902446, 9.18481091503e-05, 0.000103413265606, 0.000116597278975, 5.46685987501e-05, 4.6944423957e-05, 0.000141658849316, 0.000320541090332, 0.000142680917634, 0.000407189800171, 0.000413524947362, 7.31599866413e-05, 5.43739588466e-05, 6.2779050495e-05, 6.3887120632e-05, 8.13633814687e-05, 8.5156840214e-05, 8.35242826724e-05, 7.44293502066e-05, 4.93036532134e-05, 4.80446942674e-05, 5.91980278841e-05, 4.84491174575e-05, 4.04729507864e-05, 3.97647163481e-05, 6.597347965e-05, 5.58033716516e-05, 2.70607015409e-05, 2.12924405787e-05, 3.68455148418e-05, 2.84512243525e-05, 1.77786459972e-05, 1.61373063747e-05, 1.99143742066e-05, 1.92992265511e-05, 2.66250735876e-05, 3.74472692783e-05, 2.400410267e-05, 2.29534671234e-05, 2.97245314869e-05, 1.47833634401e-05, 9.92929381027e-06, 9.30497026275e-06, 6.72369105814e-06, 5.75443664275e-06, 5.17560874869e-06, 3.91463618143e-06, 3.73457601199e-06, 3.4243510072e-06, 3.27543784806e-06, 2.99040539176e-06, 2.87807279165e-06, 2.74696253655e-06, 2.71096541837e-06, 2.58784007201e-06, 2.70563828053e-06, 2.44322791332e-06, 2.38658390117e-06, 1.99015585167e-06, 1.94632002604e-06, 1.71122792381e-06, 1.33392063617e-06, 1.22389235457e-06, 1.29690999984e-06, 9.80282493401e-07, 9.32539080623e-07, 7.61556975704e-07, 4.20355235065e-07, 7.31848103896e-07, 8.5363586777e-07, 9.03311217826e-07, 7.3894614161e-07, 5.52780591079e-07, 4.54220725032e-07, 4.5766435619e-07, 2.79520378399e-07, 1.65195089608e-07, 1.1227488983e-07, 5.24320604711e-08, 1.33942386071e-08, 6.56374898877e-10, 5.87314502587e-11, 3.6454936847e-09, 7.44371764227e-09, 1.01666747937e-11, 5.99191139414e-12, 5.7915976702e-12, 5.64728125374e-12, 5.50739965785e-12, 5.36887244731e-12, 5.25786705841e-12, 5.18548225192e-12, 5.1165282948e-12, 5.08828439452e-12, 5.05669551371e-12],
        "min": [1.97283549055e-25, 5.67441296419e-24, 6.29099374746e-24, 1.07839928428e-23, 1.0800540778e-23, 9.70845199599e-24, 8.82762410871e-24, 1.14390976483e-23, 1.1059598755e-23, 4.15720822366e-24, 5.10449212017e-24, 2.53356563664e-24, 3.13031366789e-24, 6.6880629398e-24, 3.88918839238e-24, 1.85254083387e-24, 2.37266325552e-24, 1.10927743003e-23, 6.08126363732e-24, 1.11396263272e-23, 8.03017566368e-24, 5.32331306338e-24, 5.56663484302e-24, 8.94365134838e-24, 7.29817585251e-24, 8.15046117451e-24, 6.65409932239e-24, 3.41006701628e-24, 5.95421956069e-24, 1.01458138368e-23, 5.15886238592e-24, 4.89003476106e-24, 2.94210683869e-24, 3.43664255688e-24, 1.25117907073e-23, 9.06987855954e-24, 4.29698648746e-24, 5.60961119627e-24, 1.15346547364e-23, 7.74281414629e-24, 7.52034827127e-24, 3.90011253819e-24, 4.12821797983e-24, 7.77125810395e-24, 4.23819465635e-24, 6.20002901319e-24, 9.92791309982e-24, 5.42123712856e-24, 6.87824468227e-24, 7.46626081216e-24, 4.78796089309e-24, 2.7756741482e-24, 3.84993782918e-24, 3.36413519564e-24, 1.28781720271e-24, 3.34813906863e-24, 5.82794107357e-24, 4.58763913254e-24, 6.96898025245e-24, 8.90987390214e-24, 4.08794741948e-24, 5.49919354651e-24, 4.8946850961e-24, 4.60490493118e-24, 7.14516760247e-24, 8.68630204413e-24, 8.09649125568e-24, 6.42923215477e-24, 7.82648704478e-24, 7.01276913244e-24, 1.11948623678e-23, 1.81802667043e-23, 8.24237924718e-24, 7.08383997797e-24, 6.59861321289e-24, 7.75933604909e-24, 3.88945226635e-24, 1.03085116653e-23, 8.32326194466e-24, 1.31654053546e-23, 1.24347568622e-23, 5.53914895693e-24, 8.4994003853e-24, 6.19534515156e-24, 8.89130727187e-24, 1.01020131239e-23, 8.69893091836e-24, 6.44427454894e-24, 4.37910966871e-24, 5.83272117622e-24, 7.47625331325e-24, 8.96178883831e-24, 5.83498875689e-24, 1.60487945151e-23, 1.10137470037e-23, 9.97683036455e-24, 7.98003093138e-24, 6.31122881854e-24, 8.60833576542e-24, 6.70663193665e-24, 8.27669469656e-24, 7.11268941014e-24, 8.24807561178e-24, 6.41151591656e-24, 7.34087925989e-24, 6.06677660123e-24, 5.38687119209e-24, 7.21102565514e-24, 7.12041630271e-24, 9.26417105619e-24, 7.56376402005e-24, 8.78785289732e-24, 9.60850016385e-24, 9.64836051653e-24, 4.09901001038e-24, 1.10579263698e-23, 7.20472817853e-24, 1.09875055457e-23, 9.13930384123e-24, 1.06531933938e-23, 7.93565592774e-24, 7.83911434129e-24, 9.10817065674e-24, 6.32413537181e-24, 1.03051739948e-23, 9.34223436479e-24, 1.01162954506e-23, 8.49505691715e-24],
        "stdev": [0.000190729551832, 0.000506738491822, 0.000551482022274, 0.000614959280938, 0.000713588902727, 0.000567673007026, 0.000662827049382, 0.000520789879374, 0.000567039765883, 0.000394889997551, 0.000327484827721, 0.000425365200499, 0.000275637954473, 0.000152603228344, 0.000170354134752, 0.000339002872352, 0.000389068212826, 0.000252004363574, 0.000466457568109, 0.0006388197653, 0.000395233713789, 0.000211953811231, 0.000390105269616, 0.000247562798904, 0.00062253390206, 0.00151500175707, 0.00132293091156, 0.00258921645582, 0.00126754457597, 0.000271378754405, 0.000703371188138, 0.000555665174033, 0.000125923965243, 0.000281877350062, 0.00017540762201, 0.000253216072451, 0.000217616863665, 0.00010975614714, 9.6519215731e-05, 0.000401681580115, 0.000806232914329, 0.000285888439976, 0.00066401658114, 0.000567686918657, 0.000124415062601, 0.000111253044452, 0.000135207155836, 0.000137045775773, 0.000212651051697, 0.000277116487268, 0.000314965087455, 0.000281585846096, 0.000127246516058, 8.93324686331e-05, 0.00012619503832, 9.37866134336e-05, 8.94625773071e-05, 7.49915270717e-05, 8.89808361535e-05, 8.85934205144e-05, 5.59013642487e-05, 3.67289649148e-05, 5.53158060939e-05, 4.39456744061e-05, 3.26859371853e-05, 2.07198645512e-05, 4.64225158794e-05, 3.21961306327e-05, 4.70152554044e-05, 6.62067104713e-05, 4.90422607982e-05, 3.51136513927e-05, 5.30734650965e-05, 3.41665690939e-05, 1.43297402246e-05, 1.06014076664e-05, 1.02120447991e-05, 8.17655563878e-06, 7.85184602137e-06, 6.5277736212e-06, 7.02164834365e-06, 6.28615543974e-06, 5.65467553315e-06, 5.55208998776e-06, 5.71736381971e-06, 5.27725615029e-06, 5.29918679604e-06, 4.92281424158e-06, 5.01502017869e-06, 4.57293435829e-06, 5.66242260902e-06, 4.01920715376e-06, 5.32292460775e-06, 3.8785678953e-06, 2.83213626062e-06, 3.12481188303e-06, 5.2712721299e-06, 3.51286371369e-06, 3.75302033717e-06, 3.71201690541e-06, 2.58591239799e-06, 5.84442886975e-06, 7.90140074969e-06, 9.06956574909e-06, 8.05127820058e-06, 5.90347235629e-06, 5.13202530783e-06, 6.55745998301e-06, 3.25014616465e-06, 1.5608461581e-06, 1.17705644698e-06, 5.40806809113e-07, 1.31830049099e-07, 7.91827758917e-09, 2.23467730431e-10, 4.8296850963e-09, 1.0351627111e-08, 7.72043123876e-11, 6.19060913642e-11, 5.89425938613e-11, 5.73097229395e-11, 5.54719915835e-11, 5.38967447061e-11, 5.26340603046e-11, 5.17426483604e-11, 5.0853890543e-11, 5.06756511753e-11, 5.03631650273e-11]
    },
    "mfcc": {
        "mean": [-610.01751709, 105.964630127, -28.7237110138, 18.1598072052, -7.98540496826, 2.6771030426, 11.9580802917, 4.88103342056, -1.86409902573, 15.5458965302, -5.23754167557, -0.907715559006, -15.0562782288],
        "cov": [[2903.68286133, -440.623840332, -320.256378174, -82.755531311, 106.492073059, 43.4390716553, -284.469055176, 46.5321502686, 76.4623413086, -122.022163391, -26.9387187958, 53.9285583496, 205.415466309], [-440.623840332, 1251.40087891, 383.533447266, 323.566345215, -40.2538490295, -74.2538604736, 329.383026123, -45.6636505127, -84.1266403198, 200.717437744, -35.5136833191, -52.9894371033, -290.671966553], [-320.256378174, 383.533447266, 488.633239746, 137.587371826, -18.5411052704, -60.6199226379, 79.5418014526, 6.21527338028, -55.7196006775, 50.1350135803, -20.329076767, -30.1102905273, -56.7268333435], [-82.755531311, 323.566345215, 137.587371826, 213.008804321, 40.1729850769, -26.6359062195, 57.6207504272, -18.8188076019, -29.4246444702, 37.1821250916, -28.9018955231, 6.01419210434, -30.5148296356], [106.492073059, -40.2538490295, -18.5411052704, 40.1729850769, 171.928848267, -13.6360235214, -76.507194519, -25.9861068726, 32.583770752, -41.5353393555, -38.1788215637, 23.5193557739, 19.5954456329], [43.4390716553, -74.2538604736, -60.6199226379, -26.6359062195, -13.6360235214, 96.7667999268, 22.7372913361, 18.0184135437, -2.75138759613, -16.7182979584, 27.1331787109, -10.6413879395, -3.33469963074], [-284.469055176, 329.383026123, 79.5418014526, 57.6207504272, -76.507194519, 22.7372913361, 245.306900024, -11.0059547424, -47.3404121399, 92.1531600952, 16.3442153931, -51.4421577454, -127.520271301], [46.5321502686, -45.6636505127, 6.21527338028, -18.8188076019, -25.9861068726, 18.0184135437, -11.0059547424, 81.9086380005, 10.1294975281, -18.0864048004, -2.56123423576, -9.37835121155, 32.0677452087], [76.4623413086, -84.1266403198, -55.7196006775, -29.4246444702, 32.583770752, -2.75138759613, -47.3404121399, 10.1294975281, 159.938079834, -7.24146175385, -18.0098838806, -17.2104167938, -76.3271102905], [-122.022163391, 200.717437744, 50.1350135803, 37.1821250916, -41.5353393555, -16.7182979584, 92.1531600952, -18.0864048004, -7.24146175385, 112.009155273, 3.89309883118, -13.4860668182, -77.0416412354], [-26.9387187958, -35.5136833191, -20.329076767, -28.9018955231, -38.1788215637, 27.1331787109, 16.3442153931, -2.56123423576, -18.0098838806, 3.89309883118, 70.7668914795, 6.62010812759, 3.64694666862], [53.9285583496, -52.9894371033, -30.1102905273, 6.01419210434, 23.5193557739, -10.6413879395, -51.4421577454, -9.37835121155, -17.2104167938, -13.4860668182, 6.62010812759, 73.4768829346, 60.4763946533], [205.415466309, -290.671966553, -56.7268333435, -30.5148296356, 19.5954456329, -3.33469963074, -127.520271301, 32.0677452087, -76.3271102905, -77.0416412354, 3.64694666862, 60.4763946533, 261.845214844]],
        "icov": [[0.000422974932007, -0.000116234936286, 0.000233639613725, -3.75595959667e-06, -5.12336664542e-05, -0.000268305098871, 0.000458118447568, -8.6744868895e-05, -0.000141992844874, -6.76921627019e-05, 0.000101252233435, 0.000161864969414, -0.000276628183201], [-0.000116234936286, 0.0031020520255, -0.000613518466707, -0.00288441590965, -0.000122139419545, 0.00159412517678, -0.0015712036984, -0.00110590539407, 0.00184428552166, -0.00118172424845, 0.000267781259026, -0.000809427408967, 0.00283850939013], [0.000233639613725, -0.000613518466707, 0.00332772778347, -0.00121679552831, 0.000149264742504, 0.00159922346938, 0.000758437498007, -0.00124284555204, 0.00105138332583, 0.00018265255494, -0.00040960762999, 0.00150505686179, 0.000263854628429], [-3.75595959667e-06, -0.00288441590965, -0.00121679552831, 0.0101776085794, -0.00226853787899, -0.00143273791764, -0.000598539365456, 0.00138136325404, -0.0011058539385, -0.000136875067255, 0.00186586449854, -0.00140434061177, -0.00264995894395], [-5.12336664542e-05, -0.000122139419545, 0.000149264742504, -0.00226853787899, 0.00985889695585, -0.0012464717729, 0.00200584623963, 0.00384901673533, -0.00159928097855, 0.00294523616321, 0.00407784245908, -0.00154926418327, 0.000125781225506], [-0.000268305098871, 0.00159412517678, 0.00159922346938, -0.00143273791764, -0.0012464717729, 0.0160914603621, -0.00354508846067, -0.00439252285287, 0.0018271941226, 0.00289986049756, -0.00554815726355, 0.00125594367273, 0.00244230940007], [0.000458118447568, -0.0015712036984, 0.000758437498007, -0.000598539365456, 0.00200584623963, -0.00354508846067, 0.0120188854635, -0.00020377994224, 0.00369065883569, -0.00397467007861, -0.000345943524735, 0.00412252405658, 0.0026329960674], [-8.6744868895e-05, -0.00110590539407, -0.00124284555204, 0.00138136325404, 0.00384901673533, -0.00439252285287, -0.00020377994224, 0.0175713375211, -0.00453542545438, 0.00212280661799, 0.00285428692587, 0.0021386416629, -0.00509421573952], [-0.000141992844874, 0.00184428552166, 0.00105138332583, -0.0011058539385, -0.00159928097855, 0.0018271941226, 0.00369065883569, -0.00453542545438, 0.0131756756455, -0.00121790508274, 0.00106408994179, 0.000910636561457, 0.0080105792731], [-6.76921627019e-05, -0.00118172424845, 0.00018265255494, -0.000136875067255, 0.00294523616321, 0.00289986049756, -0.00397467007861, 0.00212280661799, -0.00121790508274, 0.0167471170425, -0.00025664473651, -0.00213725748472, 0.00145537732169], [0.000101252233435, 0.000267781259026, -0.00040960762999, 0.00186586449854, 0.00407784245908, -0.00554815726355, -0.000345943524735, 0.00285428692587, 0.00106408994179, -0.00025664473651, 0.0201078206301, -0.00408710259944, 0.00035124659189], [0.000161864969414, -0.000809427408967, 0.00150505686179, -0.00140434061177, -0.00154926418327, 0.00125594367273, 0.00412252405658, 0.0021386416629, 0.000910636561457, -0.00213725748472, -0.00408710259944, 0.0210918225348, -0.00416328525171], [-0.000276628183201, 0.00283850939013, 0.000263854628429, -0.00264995894395, 0.000125781225506, 0.00244230940007, 0.0026329960674, -0.00509421573952, 0.0080105792731, 0.00145537732169, 0.00035124659189, -0.00416328525171, 0.0125832045451]]
    },
    "spectral_contrast_coeffs": {
        "max": [-0.584306180477, -0.544698417187, -0.411775827408, -0.489640235901, -0.521534621716, -0.604297995567],
        "mean": [-0.735262334347, -0.756789088249, -0.648941159248, -0.705173015594, -0.71292757988, -0.710039496422],
        "min": [-0.978372514248, -0.975270807743, -0.969840466976, -0.961781203747, -0.965517103672, -0.963048160076],
        "stdev": [0.051368419081, 0.0633977726102, 0.108439035714, 0.082808971405, 0.0744309723377, 0.0356908962131]
    },
    "spectral_contrast_valleys": {
        "max": [-5.52152872086, -5.33189868927, -5.55119037628, -5.41722202301, -5.63245773315, -7.36493825912],
        "mean": [-6.95114135742, -6.9343919754, -7.39417362213, -7.64864730835, -7.48625659943, -10.6891679764],
        "min": [-26.9700984955, -26.9478855133, -26.9756298065, -27.4206142426, -27.3258285522, -27.2715320587],
        "stdev": [1.21980988979, 1.1244726181, 1.23758327961, 1.41239905357, 1.38907074928, 1.28596615791]
    }
},
"rhythm": {
    "beats_count": 38,
    "beats_loudness": {
        "max": 0.0705076605082,
        "mean": 0.0311442706734,
        "min": 0.016375914216,
        "stdev": 0.0109750637785
    },
    "bpm": 118.429374695,
    "bpm_histogram_first_peak_bpm": 117,
    "bpm_histogram_first_peak_weight": 0.357142865658,
    "bpm_histogram_second_peak_bpm": 105,
    "bpm_histogram_second_peak_spread": 0.399999976158,
    "bpm_histogram_second_peak_weight": 0.162162154913,
    "danceability": 1.20701909065,
    "onset_rate": 1.68557369709,
    "beats_loudness_band_ratio": {
        "max": [0.335669606924, 0.239179000258, 0.792647361755, 0.744542896748, 0.576480269432, 0.33583843708],
        "mean": [0.146006941795, 0.0792367979884, 0.27999907732, 0.354530930519, 0.191670611501, 0.0934166461229],
        "min": [0.00109115685336, 0.00328745064326, 0.0295380502939, 0.0278257708997, 0.00565493106842, 0.0144291678444],
        "stdev": [0.0954591035843, 0.0483763925731, 0.196654483676, 0.18682526052, 0.172539457679, 0.0784151032567]
    },
    "beats_position": [0.789478421211, 1.59056687355, 2.39165520668, 3.1811337471, 3.95900225639, 4.72526073456, 5.4915189743, 6.17650794983, 6.84988641739, 7.51165533066, 8.17342376709, 8.83519268036, 9.50857162476, 10.1703395844, 10.7508392334, 11.3313379288, 11.8886165619, 12.4575052261, 13.0263938904, 13.5952835083, 14.1641721725, 14.7330608368, 15.2903394699, 15.8592290878, 16.3700675964, 16.8809070587, 17.391746521, 17.9025840759, 18.4018135071, 18.9010429382, 19.4002723694, 19.8994998932, 20.4103393555, 20.9211788177, 21.43201828, 21.942855835, 22.4420852661, 22.9529247284],
