{
"metadata": {
    "version": {
        "essentia": "2.1-beta5",
        "essentia_git_sha": "Undefined",
        "extractor": "music 2.0"
    },
    "audio_properties": {
        "analysis": {
            "equal_loudness": 0,
            "length": 48.7502937317,
            "sample_rate": 44100,
            "start_time": 93.9943771362,
            "downmix": "mix"
        },
        "bit_rate": 192000,
        "length": 197.683105469,
        "lossless": 0,
        "number_channels": 2,
        "replay_gain": -5.05314445496,
        "sample_rate": 48000,
        "codec": "mp3",
        "md5_encoded": "0407f6f1cb55f9017cb3c87a9c59ba3c"
    },
    "tags": {
        "file_name": "Romania_Change_Hotel FM.mp3",
        "encoding": ["Lavf58.29.100"]
    }
},
"lowlevel": {
    "average_loudness": 0.801261723042,
    "barkbands_crest": {
        "max": 23.7298736572,
        "mean": 10.6759958267,
        "min": 3.45097661018,
        "stdev": 3.90774941444
    },
    "barkbands_flatness_db": {
        "max": 0.286135405302,
        "mean": 0.139993488789,
        "min": 0.0323106944561,
        "stdev": 0.0444003120065
    },
    "barkbands_kurtosis": {
        "max": 83.6291809082,
        "mean": 3.69391775131,
        "min": -1.87262749672,
        "stdev": 5.33167743683
    },
    "barkbands_skewness": {
        "max": 7.94058179855,
        "mean": 1.44266629219,
        "min": -1.88364231586,
        "stdev": 0.960488021374
    },
    "barkbands_spread": {
        "max": 82.8336257935,
        "mean": 19.2859745026,
        "min": 2.1527132988,
        "stdev": 11.5685014725
    },
    "dissonance": {
        "max": 0.499945789576,
        "mean": 0.448609411716,
        "min": 0.21878272295,
        "stdev": 0.0356551036239
    },
    "dynamic_complexity": 3.03498291969,
    "erbbands_crest": {
        "max": 28.0723552704,
        "mean": 10.483877182,
        "min": 2.76405835152,
        "stdev": 4.56597471237
    },
    "erbbands_flatness_db": {
        "max": 0.293446421623,
        "mean": 0.162328705192,
        "min": 0.046265553683,
        "stdev": 0.0444977767766
    },
    "erbbands_kurtosis": {
        "max": 33.8850059509,
        "mean": 1.50843775272,
        "min": -1.70667791367,
        "stdev": 3.00106072426
    },
    "erbbands_skewness": {
        "max": 4.67477464676,
        "mean": 0.683050334454,
        "min": -2.17547392845,
        "stdev": 0.852620482445
    },
    "erbbands_spread": {
        "max": 114.327934265,
        "mean": 32.1461601257,
        "min": 4.28866195679,
        "stdev": 16.7244338989
    },
    "hfc": {
        "max": 99.1790466309,
        "mean": 17.2855091095,
        "min": 0.197438359261,
        "stdev": 15.140583992
    },
    "loudness_ebu128": {
        "integrated": -18.8578834534,
        "loudness_range": 6.70797920227,
        "momentary": {
            "max": -14.5681333542,
            "mean": -19.5414829254,
            "min": -29.1790676117,
            "stdev": 2.59472250938
        },
        "short_term": {
            "max": -15.3364295959,
            "mean": -19.3071136475,
            "min": -24.7714214325,
            "stdev": 2.06936335564
        }
    },
    "melbands_crest": {
        "max": 33.421836853,
        "mean": 15.3067312241,
        "min": 4.87727737427,
        "stdev": 5.81797075272
    },
    "melbands_flatness_db": {
        "max": 0.388568520546,
        "mean": 0.213502109051,
        "min": 0.0469287745655,
        "stdev": 0.0521985031664
    },
    "melbands_kurtosis": {
        "max": 187.287948608,
        "mean": 9.5618391037,
        "min": -1.64579510689,
        "stdev": 12.3828649521
    },
    "melbands_skewness": {
        "max": 10.4981451035,
        "mean": 2.18404173851,
        "min": -0.628278851509,
        "stdev": 1.39204037189
    },
    "melbands_spread": {
        "max": 204.191879272,
        "mean": 20.2422084808,
        "min": 1.38578617573,
        "stdev": 14.0059242249
    },
    "pitch_salience": {
        "max": 0.860856056213,
        "mean": 0.5333507061,
        "min": 0.153367385268,
        "stdev": 0.116485461593
    },
    "silence_rate_20dB": {
        "max": 1,
        "mean": 1,
        "min": 1,
        "stdev": 0
    },
    "silence_rate_30dB": {
        "max": 1,
        "mean": 0.998096168041,
        "min": 0,
        "stdev": 0.0435912869871
    },
    "silence_rate_60dB": {
        "max": 1,
        "mean": 0.0380771048367,
        "min": 0,
        "stdev": 0.191382527351
    },
    "spectral_centroid": {
        "max": 4410.05029297,
        "mean": 1148.45800781,
        "min": 355.023590088,
        "stdev": 527.06817627
    },
    "spectral_complexity": {
        "max": 45,
        "mean": 16.1480255127,
        "min": 1,
        "stdev": 7.34797620773
    },
    "spectral_decrease": {
        "max": -5.42325698238e-11,
        "mean": -6.69929134389e-09,
        "min": -3.40252945819e-08,
        "stdev": 4.75041295189e-09
    },
    "spectral_energy": {
        "max": 0.137415260077,
        "mean": 0.0268524643034,
        "min": 0.000222594593652,
        "stdev": 0.0190662648529
    },
    "spectral_energyband_high": {
        "max": 0.00714132608846,
        "mean": 0.00049029715592,
        "min": 2.26256224778e-06,
        "stdev": 0.000734236848075
    },
    "spectral_energyband_low": {
        "max": 0.0682425945997,
        "mean": 0.00912652164698,
        "min": 9.13764438337e-07,
        "stdev": 0.00830440688878
    },
    "spectral_energyband_middle_high": {
        "max": 0.0369449593127,
        "mean": 0.0048876455985,
        "min": 4.496123438e-05,
        "stdev": 0.00546930963174
    },
    "spectral_energyband_middle_low": {
        "max": 0.106727138162,
        "mean": 0.013208036311,
        "min": 0.000149524232256,
        "stdev": 0.0136042945087
    },
    "spectral_entropy": {
        "max": 8.64325046539,
        "mean": 7.44547271729,
        "min": 6.19846582413,
        "stdev": 0.39737072587
    },
    "spectral_flux": {
        "max": 0.292828857899,
        "mean": 0.0823428556323,
        "min": 0.00693425768986,
        "stdev": 0.0447999797761
    },
    "spectral_kurtosis": {
        "max": 24.646156311,
        "mean": 4.99239253998,
        "min": -0.658265113831,
        "stdev": 2.89344716072
    },
    "spectral_rms": {
        "max": 0.0115785868838,
        "mean": 0.00478813564405,
        "min": 0.000466010154923,
        "stdev": 0.00180866604205
    },
    "spectral_rolloff": {
        "max": 10572.8027344,
        "mean": 1097.27966309,
        "min": 86.1328125,
        "stdev": 1011.15802002
    },
    "spectral_skewness": {
        "max": 3.84724521637,
        "mean": 1.70906174183,
        "min": 0.215896829963,
        "stdev": 0.481277495623
    },
    "spectral_spread": {
        "max": 13128036,
        "mean": 4422197.5,
        "min": 2119786.75,
        "stdev": 1305473.625
    },
    "spectral_strongpeak": {
        "max": 9.50641059875,
        "mean": 0.987277507782,
        "min": 0,
        "stdev": 1.29862940311
    },
    "zerocrossingrate": {
        "max": 0.2705078125,
        "mean": 0.0473342314363,
        "min": 0.0048828125,
        "stdev": 0.025679377839
    },
    "barkbands": {
        "max": [0.00892287772149, 0.0523583739996, 0.021329568699, 0.0276839360595, 0.0442623607814, 0.0356492958963, 0.055754058063, 0.0641318187118, 0.078806899488, 0.0282226540148, 0.0218985062093, 0.0336163565516, 0.0152392489836, 0.0230873953551, 0.00815011374652, 0.0110943578184, 0.00947240646929, 0.0061310227029, 0.00477412901819, 0.00353009835817, 0.00208538840525, 0.00222369725816, 0.00288490089588, 0.0021186391823, 0.0017320268089, 0.000742720789276, 0.000281510932837],
        "mean": [0.000706388673279, 0.00649384781718, 0.00135726574808, 0.0012148123933, 0.00271246349439, 0.00141613115557, 0.00165772496257, 0.00284286797978, 0.00284754531458, 0.0012873809319, 0.000590452342294, 0.000776433560532, 0.000517856271472, 0.000436738482676, 0.000316500692861, 0.0002993287344, 0.000344127416611, 0.000229864512221, 0.000227534226724, 0.000166039812029, 8.01021233201e-05, 0.000119652009744, 8.33088706713e-05, 6.28473062534e-05, 3.71418973373e-05, 2.20170804823e-05, 6.12553640167e-06],
        "min": [1.09990470065e-08, 4.51237099242e-07, 1.93407032612e-07, 1.57143148272e-07, 1.21891152958e-05, 1.31467513711e-05, 2.20237689064e-06, 5.12738824909e-06, 1.03056845546e-06, 6.97832047081e-06, 1.63405559306e-06, 2.97488918477e-06, 1.88719059224e-06, 2.44109605774e-06, 1.60000013238e-06, 1.38335099109e-06, 1.03890340597e-06, 6.20505261395e-07, 6.6918119046e-07, 4.79579284729e-07, 3.22647537132e-07, 4.65550868967e-07, 2.79552381244e-07, 7.1348942754e-08, 3.04788407846e-08, 8.82967388094e-09, 1.36288619279e-10],
        "stdev": [0.000895983888768, 0.00711173238233, 0.0022030940745, 0.00203994568437, 0.00424705725163, 0.00253483001143, 0.00350900925696, 0.00669657345861, 0.00646359147504, 0.00251114135608, 0.00154363259207, 0.00206598849036, 0.00110657874029, 0.000979523523711, 0.000597865495365, 0.000827051757369, 0.000824304239359, 0.000454377121059, 0.000409572239732, 0.000328055757564, 0.000156066234922, 0.000203594332561, 0.000178275586222, 0.000116866634926, 7.5129319157e-05, 5.44930844626e-05, 1.98444449779e-05]
    },
    "erbbands": {
        "max": [2.30974841118, 9.13974189758, 22.9485569, 66.504737854, 150.909103394, 208.252105713, 281.915802002, 324.659515381, 942.00604248, 1555.6385498, 1661.44091797, 2274.88378906, 1391.12670898, 716.871459961, 916.670166016, 1637.140625, 786.581481934, 760.95111084, 789.661987305, 242.7865448, 768.589355469, 408.524749756, 322.554534912, 226.546981812, 289.742980957, 157.192016602, 81.1105422974, 94.7791290283, 80.0243911743, 78.8362121582, 96.0450592041, 59.3822212219, 22.9058647156, 24.9538974762, 8.13710021973, 2.22671699524, 1.71217548847, 0.597370862961, 0.0478662215173, 0.00137108447962],
        "mean": [0.269350856543, 1.11884355545, 1.64086723328, 3.09232759476, 6.37616062164, 9.14304447174, 12.5483150482, 10.4196357727, 21.6832065582, 27.9765396118, 77.21509552, 71.3568191528, 45.1076164246, 31.8864459991, 28.2703418732, 31.5596885681, 24.1192913055, 24.9898796082, 20.1702728271, 13.9167747498, 17.2999095917, 17.5985946655, 14.7896785736, 10.8479013443, 11.6087560654, 8.12569141388, 4.12258195877, 2.95567846298, 3.95119929314, 3.76210165024, 2.23804879189, 1.61977159977, 0.864977419376, 0.493835061789, 0.22550457716, 0.0890706181526, 0.0372167639434, 0.0117029035464, 0.0011611932423, 6.46694170428e-05],
        "min": [9.40623885981e-06, 0.000133678287966, 0.000344132306054, 0.00175701931585, 0.0113195246086, 0.0295696873218, 0.0303397867829, 0.129893109202, 0.0816070064902, 0.0999693349004, 0.209486231208, 0.15857963264, 0.172899797559, 0.155445173383, 0.155842989683, 0.101120114326, 0.11686360836, 0.152977451682, 0.127704292536, 0.162155836821, 0.0881750881672, 0.070011459291, 0.0433658435941, 0.0297526586801, 0.0293395556509, 0.0172218829393, 0.0153115410358, 0.0140885617584, 0.0153414234519, 0.0113635268062, 0.0066934209317, 0.00300919241272, 0.00110149884131, 0.000513259321451, 0.000142712437082, 5.71731688979e-05, 1.60735235113e-05, 3.07198979499e-06, 3.59950860229e-07, 2.80205654235e-07],
        "stdev": [0.315019011497, 1.33024573326, 2.26779556274, 4.51962137222, 12.5739936829, 14.7296085358, 21.9965000153, 19.8325157166, 43.9924926758, 72.7115249634, 171.594024658, 165.036453247, 100.906890869, 56.0770988464, 65.0918807983, 87.6184463501, 49.7379760742, 52.0811691284, 39.5496635437, 24.9183216095, 49.6552734375, 40.1529579163, 29.4197349548, 18.0428409576, 22.5336418152, 15.496052742, 7.22643756866, 6.26278781891, 7.1851644516, 6.09164810181, 5.09008264542, 3.51224040985, 1.55596601963, 1.02401208878, 0.445624649525, 0.187240973115, 0.102542541921, 0.0354992188513, 0.00367016810924, 0.000116354349302]
    },
    "gfcc": {
        "mean": [-5.10314702988, 104.255867004, -113.182670593, 25.8728542328, -60.4355659485, 15.0375518799, -30.8404998779, 13.187713623, -15.2051668167, 1.29130399227, -10.8536863327, -1.30314588547, -10.7976312637],
        "cov": [[3699.56738281, -971.888244629, 219.231750488, -11.0064058304, 118.886352539, 189.457641602, 155.006103516, 149.783126831, -54.3838691711, 86.72265625, -129.634674072, 65.7351913452, -268.423950195], [-971.888244629, 1005.98773193, -135.878982544, -44.5572814941, 49.3634185791, -35.0014152527, 128.899551392, -3.44725179672, 119.688056946, -63.1213226318, 143.138061523, -65.2907562256, 70.2508163452], [219.231750488, -135.878982544, 485.660797119, -2.8807246685, 61.3722953796, 62.2401924133, -18.4765262604, 3.95866966248, -19.2372074127, 62.6794776917, -58.9388809204, 29.296131134, -36.8814239502], [-11.0064058304, -44.5572814941, -2.8807246685, 392.682983398, 104.488510132, -12.4354000092, -22.759885788, 8.81876659393, 20.1472167969, 18.6213989258, 1.09779393673, 29.0497360229, 67.1694641113], [118.886352539, 49.3634185791, 61.3722953796, 104.488510132, 287.31451416, 7.60727453232, 46.544757843, 52.4528465271, 19.7732906342, 47.7444801331, 9.9527387619, 27.1303138733, 13.6095209122], [189.457641602, -35.0014152527, 62.2401924133, -12.4354000092, 7.60727453232, 293.853942871, 165.786224365, 22.4832782745, 20.7225856781, 38.1234779358, 49.6206207275, -5.56474256516, -39.1022987366], [155.006103516, 128.899551392, -18.4765262604, -22.759885788, 46.544757843, 165.786224365, 286.653076172, 51.5259590149, 46.1296730042, 20.0205898285, 76.7937316895, 9.48839092255, -38.5213470459], [149.783126831, -3.44725179672, 3.95866966248, 8.81876659393, 52.4528465271, 22.4832782745, 51.5259590149, 153.690933228, 68.9688720703, 15.9903011322, 21.0187664032, 13.9791126251, 7.71924495697], [-54.3838691711, 119.688056946, -19.2372074127, 20.1472167969, 19.7732906342, 20.7225856781, 46.1296730042, 68.9688720703, 159.410873413, 22.2809429169, 28.3085746765, 1.34694635868, 27.2291107178], [86.72265625, -63.1213226318, 62.6794776917, 18.6213989258, 47.7444801331, 38.1234779358, 20.0205898285, 15.9903011322, 22.2809429169, 92.824760437, 13.1517915726, 12.7076425552, 4.86546802521], [-129.634674072, 143.138061523, -58.9388809204, 1.09779393673, 9.9527387619, 49.6206207275, 76.7937316895, 21.0187664032, 28.3085746765, 13.1517915726, 122.341712952, 11.7992048264, 16.4683132172], [65.7351913452, -65.2907562256, 29.296131134, 29.0497360229, 27.1303138733, -5.56474256516, 9.48839092255, 13.9791126251, 1.34694635868, 12.7076425552, 11.7992048264, 86.4345474243, 26.6238079071], [-268.423950195, 70.2508163452, -36.8814239502, 67.1694641113, 13.6095209122, -39.1022987366, -38.5213470459, 7.71924495697, 27.2291107178, 4.86546802521, 16.4683132172, 26.6238079071, 100.613128662]],
        "icov": [[0.000497345870826, 0.000408191728638, 2.82773507934e-05, -6.39494173811e-05, -0.000181634546607, 8.46774310048e-06, -0.000239569068071, -0.000335995166097, -0.000111622772238, -1.2991933545e-05, 0.000185653960216, -0.000290862924885, 0.00113423902076], [0.000408191728638, 0.00249465438537, -0.000379629025701, 0.000496244698297, -0.000996312475763, 0.000999962445349, -0.00146069191396, 0.000953678623773, -0.00157548813149, 0.00215947395191, -0.00217669736594, 0.00227976334281, -0.00115733710118], [2.82773507934e-05, -0.000379629025701, 0.00287199718878, 2.27810705837e-05, -0.000300378684187, -0.00106501474511, 0.000890747120138, -0.000291309668683, 0.000378061842639, -0.00197689724155, 0.00189512758516, -0.00175513816066, 0.00151571491733], [-6.39494173811e-05, 0.000496244698297, 2.27810705837e-05, 0.0033661685884, -0.00137000612449, -0.000112911227916, -7.0636374403e-06, 0.000668189080898, -0.000514812127221, 0.000590401876252, -0.000248094438575, 0.000359638535883, -0.00261232932098], [-0.000181634546607, -0.000996312475763, -0.000300378684187, -0.00137000612449, 0.00509441969916, 0.000431833439507, -0.000517950800713, -0.00166902807541, 0.00115904165432, -0.00270143407397, 0.000944719591644, -0.00116835697554, 0.000395551382098], [8.46774310048e-06, 0.000999962445349, -0.00106501474511, -0.000112911227916, 0.000431833439507, 0.00627547968179, -0.00379396043718, 0.00059828691883, -0.000442252756329, -0.000567109615076, -0.00199205172248, 0.00216218130663, -0.000207595439861], [-0.000239569068071, -0.00146069191396, 0.000890747120138, -7.0636374403e-06, -0.000517950800713, -0.00379396043718, 0.00782786309719, -0.00126995495521, -0.000291065021884, -0.000564110698178, -0.00130087824073, -0.00275384658016, 0.00344970775768], [-0.000335995166097, 0.000953678623773, -0.000291309668683, 0.000668189080898, -0.00166902807541, 0.00059828691883, -0.00126995495521, 0.0097687151283, -0.00432483758777, 0.00150527327787, -0.00159445439931, 0.000553329417016, -0.00168035959359], [-0.000111622772238, -0.00157548813149, 0.000378061842639, -0.000514812127221, 0.00115904165432, -0.000442252756329, -0.000291065021884, -0.00432483758777, 0.009889613837, -0.00317445956171, 0.00118933641352, -0.000104700644442, -0.00151365553029], [-1.2991933545e-05, 0.00215947395191, -0.00197689724155, 0.000590401876252, -0.00270143407397, -0.000567109615076, -0.000564110698178, 0.00150527327787, -0.00317445956171, 0.0161500778049, -0.0037702487316, 0.00173697364517, -0.00261213490739], [0.000185653960216, -0.00217669736594, 0.00189512758516, -0.000248094438575, 0.000944719591644, -0.00199205172248, -0.00130087824073, -0.00159445439931, 0.00118933641352, -0.0037702487316, 0.014130900614, -0.00380889582448, 0.000153142958879], [-0.000290862924885, 0.00227976334281, -0.00175513816066, 0.000359638535883, -0.00116835697554, 0.00216218130663, -0.00275384658016, 0.000553329417016, -0.000104700644442, 0.00173697364517, -0.00380889582448, 0.017233254388, -0.00734212016687], [0.00113423902076, -0.00115733710118, 0.00151571491733, -0.00261232932098, 0.000395551382098, -0.000207595439861, 0.00344970775768, -0.00168035959359, -0.00151365553029, -0.00261213490739, 0.000153142958879, -0.00734212016687, 0.0198420137167]]
    },
    "melbands": {
        "max": [0.0174390841275, 0.00870359130204, 0.0114544481039, 0.0113212401047, 0.00754519645125, 0.00753264361992, 0.0129570057616, 0.016956133768, 0.014766392298, 0.0125681394711, 0.00690611219034, 0.00301122898236, 0.00365987489931, 0.00421221228316, 0.00235273269936, 0.00132441497408, 0.00187061331235, 0.00151582399849, 0.000542904308531, 0.000547666102648, 0.00101233471651, 0.000388840213418, 0.000480006157886, 0.000247893709457, 0.000177797061042, 0.00019439769676, 0.000189832790056, 9.88756364677e-05, 6.13563752268e-05, 4.54346372862e-05, 6.33678137092e-05, 4.82244759041e-05, 4.16053626395e-05, 5.1475748478e-05, 6.07463553024e-05, 0.00010086682596, 3.22474224959e-05, 1.84863311006e-05, 1.50954638229e-05, 2.35372353927e-05],
        "mean": [0.00207173475064, 0.00104478816502, 0.0006198938936, 0.000580851221457, 0.000426420127042, 0.000243755159318, 0.000337630219292, 0.000347821129253, 0.000656541495118, 0.000404970749514, 0.00021638078033, 0.000130156462546, 9.11175593501e-05, 9.64110004134e-05, 5.62006316613e-05, 5.31187324668e-05, 4.43202443421e-05, 3.2732001273e-05, 1.99255300686e-05, 1.85049339052e-05, 2.11978313018e-05, 1.6961237634e-05, 1.82823805517e-05, 1.10656128527e-05, 8.24637299957e-06, 9.00946633919e-06, 6.93904394211e-06, 5.07180629938e-06, 2.70883106168e-06, 1.8475076331e-06, 1.6627561763e-06, 2.06592380891e-06, 2.6236375561e-06, 1.85001135833e-06, 1.29369504975e-06, 1.12909015115e-06, 9.38268954087e-07, 6.35105948277e-07, 4.65579120146e-07, 3.9956265141e-07],
        "min": [1.08820046307e-07, 1.78784247851e-07, 4.96975587794e-07, 1.70325392901e-06, 9.36167793952e-07, 3.0214519029e-06, 6.23165192337e-07, 1.05004380657e-06, 1.49520155901e-06, 3.32948957293e-07, 6.46046373731e-07, 5.44831664229e-07, 4.03448723318e-07, 3.23516047729e-07, 2.6850705126e-07, 1.87909435567e-07, 2.264541763e-07, 1.25564525888e-07, 1.3750549499e-07, 1.18778118008e-07, 8.66323830451e-08, 6.97989150922e-08, 2.87093140372e-08, 1.57811577139e-08, 2.1895138147e-08, 2.44795934634e-08, 1.46821896863e-08, 8.36028579698e-09, 8.03440958208e-09, 6.90086210398e-09, 5.70062486105e-09, 7.95281174248e-09, 9.41059674631e-09, 4.88590190528e-09, 3.06586800392e-09, 3.06597414124e-09, 1.28219268536e-09, 6.74310218773e-10, 6.59728216501e-10, 2.79087891686e-10],
        "stdev": [0.00231073074974, 0.00113164715003, 0.000931059010327, 0.000982429250143, 0.000681013334543, 0.000455494242487, 0.00067969202064, 0.000854450801853, 0.00142057531048, 0.000943256833125, 0.000487530982355, 0.00024004750594, 0.000235142200836, 0.000257515464909, 0.000133725596243, 0.000112123459985, 9.76279698079e-05, 7.16537906555e-05, 3.52575407305e-05, 4.73132895422e-05, 6.41171936877e-05, 3.79287484975e-05, 4.44845572929e-05, 2.2633732442e-05, 1.4394558093e-05, 1.71567808138e-05, 1.59177543537e-05, 1.00416618807e-05, 4.98981262353e-06, 3.70954467144e-06, 3.77886431124e-06, 4.14417127104e-06, 4.2001993279e-06, 3.19783066516e-06, 2.9550999443e-06, 3.46555634678e-06, 1.81511131814e-06, 1.19291223655e-06, 8.72279827036e-07, 9.04569446902e-07]
    },
    "melbands128": {
        "max": [0.00831417459995, 0.0231780465692, 0.024179764092, 0.0137003604323, 0.0126844458282, 0.00891130696982, 0.0159367583692, 0.014224909246, 0.0182800665498, 0.0161816515028, 0.0140926297754, 0.0110827740282, 0.0111435092986, 0.0151537824422, 0.0106092682108, 0.0149740250781, 0.0161563418806, 0.0198917742819, 0.0187624190003, 0.0306242257357, 0.0269779060036, 0.0200005583465, 0.0281623974442, 0.0222561825067, 0.0276046097279, 0.0153377261013, 0.0212688110769, 0.0105428351089, 0.00457477243617, 0.00400799605995, 0.00438612513244, 0.00241185631603, 0.00752054527402, 0.00413761800155, 0.00312552484684, 0.00924433209002, 0.00510728498921, 0.0036846504081, 0.0031509923283, 0.0024713401217, 0.00205277348869, 0.00303789996542, 0.0021115122363, 0.00513199716806, 0.00266822706908, 0.00305432057939, 0.00116703438107, 0.00124350888655, 0.000638215104118, 0.0005662808544, 0.00105648522731, 0.000948676839471, 0.00248288502917, 0.001582477591, 0.000845097412821, 0.000562683213502, 0.00120724306908, 0.00109699484892, 0.00114899070468, 0.000604700937402, 0.000411390908994, 0.000221213311306, 0.000399289885536, 0.000215528052649, 0.000270449410891, 0.000419766642153, 0.000447179249022, 0.000465999444714, 0.000293428747682, 0.000298879836919, 0.000162369178724, 0.000177429014002, 6.36056865915e-05, 7.48314050725e-05, 6.01245301368e-05, 6.07300426054e-05, 5.09358287673e-05, 6.4314903284e-05, 6.34414027445e-05, 8.66084956215e-05, 5.12059014e-05, 7.12027831469e-05, 5.02572656842e-05, 5.84447043366e-05, 6.03663247603e-05, 5.98360566073e-05, 4.02743098675e-05, 7.53886270104e-05, 5.89975388721e-05, 0.000117923154903, 0.000112877649372, 0.000153672081069, 6.41092847218e-05, 2.92512686428e-05, 2.40099961957e-05, 2.97229780699e-05, 2.07481716643e-05, 1.31342085297e-05, 1.19616370284e-05, 2.09576646739e-05, 2.34758390434e-05, 2.97745209537e-05, 1.98275083676e-05, 1.07691548692e-05, 8.04754927231e-06, 6.27128702035e-06, 4.37417111243e-06, 4.59232342109e-06, 3.98686961489e-06, 4.55163717561e-06, 4.8278311624e-06, 4.42740974904e-06, 6.10512415733e-06, 6.72859550832e-06, 1.27839066408e-05, 4.34162984675e-06, 4.54591054222e-06, 4.51307278126e-06, 4.37073595094e-06, 1.48845037984e-06, 1.10345808935e-06, 1.63913978213e-06, 7.71753946083e-07, 4.43779093473e-08, 7.7608923732e-09, 7.63181962071e-09, 7.54612639042e-09, 7.49084438922e-09],
        "mean": [0.000654276052956, 0.0024253516458, 0.00257187709212, 0.00161447480787, 0.000903464795556, 0.000648855115287, 0.000617218145635, 0.000599479244556, 0.000634827185422, 0.000669490545988, 0.000478039873997, 0.00041430525016, 0.000484644609969, 0.000344241503626, 0.000209694742807, 0.000195245709619, 0.000269163021585, 0.000437544076703, 0.000324267311953, 0.000245922361501, 0.000335478049237, 0.000686487881467, 0.000729379011318, 0.0005729982513, 0.000589058268815, 0.000225254465477, 0.000256715487922, 0.000240676716203, 0.000152015083586, 0.000176896952325, 9.83769496088e-05, 8.36461476865e-05, 0.00011136312969, 6.98968142387e-05, 9.50028188527e-05, 0.000119518743304, 8.09930716059e-05, 3.49616457243e-05, 5.96828394919e-05, 5.18706110597e-05, 4.42921955255e-05, 6.89756707288e-05, 4.24744357588e-05, 3.81463105441e-05, 2.77160961559e-05, 3.35224103765e-05, 3.84370032407e-05, 1.52030424942e-05, 1.33144112624e-05, 2.15925174416e-05, 1.97818790184e-05, 1.33701332743e-05, 2.31666090258e-05, 2.47724037763e-05, 1.82276053238e-05, 1.0145725355e-05, 2.07466982829e-05, 2.75320453511e-05, 1.22017245303e-05, 1.13587757369e-05, 1.30835205709e-05, 9.00166287465e-06, 8.17094223748e-06, 8.08430104371e-06, 8.11353129393e-06, 8.97474365047e-06, 1.04533946796e-05, 7.22721233615e-06, 6.36792174191e-06, 5.69150142837e-06, 6.17488922217e-06, 4.0170111788e-06, 2.97318069897e-06, 2.72712759397e-06, 1.98388988792e-06, 2.07557081922e-06, 1.65258632023e-06, 1.46484649122e-06, 1.63862921454e-06, 1.9007325136e-06, 1.86003353519e-06, 2.02060709853e-06, 2.78440029433e-06, 2.70961709248e-06, 2.62816820396e-06, 1.98071165869e-06, 1.63269999121e-06, 1.43028080402e-06, 1.3018474192e-06, 1.1532431472e-06, 1.16355363389e-06, 1.14698570997e-06, 1.02378578504e-06, 9.9218084415e-07, 8.61430521581e-07, 6.84560973241e-07, 6.09250321304e-07, 5.22800405633e-07, 4.44821466772e-07, 4.57635849216e-07, 4.32689347463e-07, 3.95337906411e-07, 3.59638619329e-07, 2.80006247522e-07, 2.89381802077e-07, 1.90368069752e-07, 1.52233425865e-07, 1.67302829368e-07, 1.49918307102e-07, 1.50835361978e-07, 1.21677047105e-07, 1.00867616482e-07, 9.77867884444e-08, 1.30693337042e-07, 1.68651851595e-07, 1.19656277775e-07, 7.02279976394e-08, 5.82243728786e-08, 5.42878169085e-08, 3.15068788836e-08, 2.61613894992e-08, 2.2635122221e-08, 1.35982167748e-08, 5.45538558772e-10, 1.32172033734e-11, 1.29605874644e-11, 1.27927946014e-11, 1.27170791259e-11],
        "min": [1.60785795789e-09, 7.26348359237e-09, 2.89618604654e-08, 9.2751371028e-08, 2.77048073372e-08, 8.23839911845e-08, 2.90790183044e-08, 5.667448022e-08, 2.46010358751e-07, 9.16461488032e-07, 1.14243118787e-06, 2.66163084461e-07, 3.29796137066e-07, 2.34881682104e-07, 4.3454764409e-07, 1.3340823557e-07, 2.46444500362e-07, 8.81119319729e-08, 1.6463349084e-07, 1.95652461343e-07, 1.49240264591e-07, 7.82123720455e-07, 6.14082921402e-07, 9.20344547239e-08, 1.20208838439e-07, 1.18998386256e-07, 1.83199034609e-07, 2.64299842456e-07, 3.35102413374e-07, 3.88131525142e-07, 2.73496823411e-07, 1.17745678097e-07, 6.02969834063e-08, 8.75245333987e-08, 7.67439658489e-08, 1.34453813416e-07, 5.20235339252e-08, 3.70158943497e-08, 3.16888382201e-08, 6.25191702852e-08, 1.25424364228e-07, 9.05866315293e-08, 1.33540524416e-07, 7.74477584287e-08, 3.29524958431e-08, 8.96059191291e-08, 5.23858467716e-08, 4.07901836752e-08, 7.6766696111e-08, 8.64868354711e-08, 4.16514218671e-08, 2.03037551216e-08, 4.38646097223e-08, 2.83416525804e-08, 1.99573548798e-08, 2.23303491254e-08, 1.57898689679e-08, 2.31832952835e-08, 7.63400187509e-09, 1.2213618561e-08, 1.79065189343e-08, 1.36712010601e-08, 1.12483027337e-08, 1.4861193165e-08, 1.51627617129e-08, 1.74763616911e-08, 1.01645190043e-08, 9.26366006126e-09, 7.31455251923e-09, 7.33708516165e-09, 4.4673891253e-09, 5.85526294117e-09, 5.87784931838e-09, 3.83582898777e-09, 6.85290757474e-09, 4.66915306419e-09, 2.63337907036e-09, 1.83637471896e-09, 3.78094222597e-09, 2.43370634756e-09, 4.73021932734e-09, 3.88630017056e-09, 2.56148591227e-09, 5.00105867829e-09, 1.93843785468e-09, 2.31352226265e-09, 1.667291194e-09, 2.40902053861e-09, 1.46454270933e-09, 1.58906643399e-09, 1.28861743498e-09, 8.33114077725e-10, 4.71426897519e-10, 8.48597636605e-10, 5.79174874726e-10, 4.36030933582e-10, 6.09915007388e-10, 2.97338653699e-10, 3.10508868617e-10, 4.4388670517e-10, 1.09356454447e-10, 2.00204186562e-10, 1.72871647552e-10, 2.08392556683e-11, 3.57333884704e-11, 8.20844017757e-11, 6.11804426565e-11, 7.21986428975e-11, 6.18207915415e-11, 5.5432197027e-11, 5.09145364758e-11, 7.40640784379e-13, 2.43558541391e-11, 3.02877757596e-11, 1.17336678568e-11, 1.64851760714e-11, 1.74219330368e-12, 3.25485027385e-13, 9.87018694315e-14, 1.33159447553e-13, 1.66208152384e-13, 1.4199532934e-13, 1.73783513621e-13, 1.60772613213e-13, 9.85759800068e-14, 3.88893629214e-14, 5.62724093871e-15, 2.36689328127e-16],
        "stdev": [0.00083614961477, 0.00296743889339, 0.00325044221245, 0.00195340183564, 0.00125190103427, 0.00105139799416, 0.000961352488957, 0.00109086814336, 0.00150253716856, 0.00127108755987, 0.000907648587599, 0.000776717090048, 0.000992332119495, 0.000739650393371, 0.000476008513942, 0.0006689542206, 0.000765173521359, 0.00100683071651, 0.000929060799535, 0.0010957311606, 0.00127402460203, 0.00162644137163, 0.00233545829542, 0.0016793385148, 0.00182153703645, 0.000727202685084, 0.000885902089067, 0.000778160640039, 0.000346826738678, 0.000413672911236, 0.000282524270006, 0.000241933434154, 0.000415719929151, 0.000264306989266, 0.0003029507061, 0.000464230339276, 0.000313355674734, 0.000139239535201, 0.000186910896446, 0.000168619691976, 0.000146027537994, 0.000216968663153, 0.000123426812934, 0.000150652267621, 9.18535370147e-05, 0.000115484617709, 8.4742634499e-05, 5.15227038704e-05, 3.17638878187e-05, 5.1772894949e-05, 7.98950495664e-05, 5.3547159041e-05, 0.00012703720131, 8.75895348145e-05, 5.53828831471e-05, 3.15615834552e-05, 7.52497944632e-05, 8.75412952155e-05, 4.32570996054e-05, 3.77120159101e-05, 3.49873298546e-05, 1.8142945919e-05, 2.09625650314e-05, 1.6901314666e-05, 1.86956476682e-05, 2.43577924266e-05, 2.2347410777e-05, 2.28024291573e-05, 1.80811985047e-05, 1.48953840835e-05, 1.47495884448e-05, 1.00005554486e-05, 5.97799225943e-06, 6.2438571149e-06, 4.41984275312e-06, 4.26747828897e-06, 3.82750386052e-06, 3.8488192331e-06, 3.94819744542e-06, 4.56081897937e-06, 4.25220196121e-06, 4.66763867735e-06, 4.93231300425e-06, 4.78951733385e-06, 4.90740831083e-06, 3.67003826796e-06, 3.07604045702e-06, 3.26493500324e-06, 3.19511741509e-06, 3.56249120159e-06, 3.80313053938e-06, 4.45315117759e-06, 2.70865530183e-06, 1.92115680875e-06, 1.53799317104e-06, 1.55348584485e-06, 1.20906565826e-06, 1.00265310721e-06, 8.77585193848e-07, 9.61316914072e-07, 9.60382863013e-07, 1.06002960365e-06, 8.60555076088e-07, 6.01693898261e-07, 6.06099661127e-07, 4.06666259778e-07, 3.25975719306e-07, 3.87242380384e-07, 3.46997012457e-07, 3.57615618896e-07, 3.18734350913e-07, 3.10153041028e-07, 3.04625274339e-07, 4.02776947794e-07, 5.67736435642e-07, 3.50507832536e-07, 2.32061083238e-07, 2.16208860593e-07, 2.14657475794e-07, 1.05535512773e-07, 9.3124732814e-08, 9.30734174176e-08, 5.44923359769e-08, 2.86020029883e-09, 2.5929591807e-10, 2.56885263061e-10, 2.54963661295e-10, 2.53640913828e-10]
    },
    "mfcc": {
        "mean": [-649.453369141, 134.554656982, 4.90646505356, 16.3390903473, -0.522440195084, 2.19243526459, -1.73205304146, 9.00630569458, -1.30606746674, 8.56115722656, 4.24130821228, -0.535776555538, 0.334758341312],
        "cov": [[3519.03442383, -797.744812012, -38.1734046936, -29.2827262878, -17.5617179871, 90.485206604, 114.936943054, 169.184020996, -3.0554087162, 128.500457764, 170.61807251, -55.5004005432, -35.9291877747], [-797.744812012, 869.655944824, -73.605796814, -56.5366401672, -43.2955932617, -36.974155426, 29.042263031, 49.7398376465, -13.141251564, 53.2864685059, 30.8595714569, 23.1943187714, 34.171081543], [-38.1734046936, -73.605796814, 375.655639648, -55.7378387451, -2.31978058815, 67.1189651489, 1.27593398094, -16.7768917084, 20.2602863312, -18.967672348, 19.5222625732, 13.0352125168, -9.74962806702], [-29.2827262878, -56.5366401672, -55.7378387451, 368.267059326, 139.266799927, -19.8491897583, -37.2000617981, -28.4236125946, 47.7484741211, -41.3737182617, -72.6594772339, 40.7896308899, 41.6056556702], [-17.5617179871, -43.2955932617, -2.31978058815, 139.266799927, 238.636322021, -18.8968276978, -24.0228214264, -39.4741325378, 53.2567672729, -11.1501150131, -43.2147979736, 45.0883026123, 15.4769382477], [90.485206604, -36.974155426, 67.1189651489, -19.8491897583, -18.8968276978, 230.818466187, 101.08404541, 35.0118141174, 5.9794588089, 35.7263183594, 61.6042289734, -10.9232616425, -5.49652004242], [114.936943054, 29.042263031, 1.27593398094, -37.2000617981, -24.0228214264, 101.08404541, 211.181518555, 67.1823959351, -25.4982948303, 52.9048652649, 51.427947998, -1.56219530106, 17.9052085876], [169.184020996, 49.7398376465, -16.7768917084, -28.4236125946, -39.4741325378, 35.0118141174, 67.1823959351, 176.692993164, 12.3414993286, 72.9526138306, 64.7777175903, 0.872317373753, 18.6507225037], [-3.0554087162, -13.141251564, 20.2602863312, 47.7484741211, 53.2567672729, 5.9794588089, -25.4982948303, 12.3414993286, 123.796760559, 18.8631668091, 8.40446090698, 24.1765193939, 12.9510173798], [128.500457764, 53.2864685059, -18.967672348, -41.3737182617, -11.1501150131, 35.7263183594, 52.9048652649, 72.9526138306, 18.8631668091, 154.925979614, 67.7861099243, 7.89993286133, 5.17712974548], [170.61807251, 30.8595714569, 19.5222625732, -72.6594772339, -43.2147979736, 61.6042289734, 51.427947998, 64.7777175903, 8.40446090698, 67.7861099243, 121.909011841, 3.62853002548, -0.694277405739], [-55.5004005432, 23.1943187714, 13.0352125168, 40.7896308899, 45.0883026123, -10.9232616425, -1.56219530106, 0.872317373753, 24.1765193939, 7.89993286133, 3.62853002548, 100.595283508, 25.7168083191], [-35.9291877747, 34.171081543, -9.74962806702, 41.6056556702, 15.4769382477, -5.49652004242, 17.9052085876, 18.6507225037, 12.9510173798, 5.17712974548, -0.694277405739, 25.7168083191, 84.8577346802]],
        "icov": [[0.000440374948084, 0.000455340341432, 0.000100406454294, -5.7544097217e-05, -8.33588419482e-05, 0.000143696350278, -0.0001026707032, -0.000286826048978, 0.000121342403872, -0.000150467822095, -0.000618193706032, 0.000186353077879, 8.11903737485e-05], [0.000455340341432, 0.00172495900188, 0.000313607568387, 0.000133929919684, 6.84844271746e-05, 0.00039842305705, -0.000181009760126, -0.000405433616834, 0.000222720002057, -0.000431720778579, -0.000703123223502, -0.000129095758894, -0.000365120999049], [0.000100406454294, 0.000313607568387, 0.00313800573349, 0.000716807902791, -0.000126975151943, -0.00102135061752, 0.000261853536358, 0.000188979538507, -0.000567070906982, 0.000692872621585, -0.000360735342838, -0.000679228571244, 3.26982444676e-05], [-5.7544097217e-05, 0.000133929919684, 0.000716807902791, 0.00429527787492, -0.0017665696796, -0.000750889186747, 0.000441901065642, -0.000412563007558, -0.000764228519984, 0.000635980628431, 0.00198997184634, -0.000726825965103, -0.00151652633213], [-8.33588419482e-05, 6.84844271746e-05, -0.000126975151943, -0.0017665696796, 0.00635525165126, 0.000185220807907, -0.000454422464827, 0.00122880539857, -0.00191910786089, -0.000732170650735, 0.00135974294972, -0.00179770973045, 0.000360875972547], [0.000143696350278, 0.00039842305705, -0.00102135061752, -0.000750889186747, 0.000185220807907, 0.00668963091448, -0.00301775033586, 0.00038673329982, -0.000661349273287, -4.45332443633e-05, -0.00278948829509, 0.00106007838622, 0.000862061860971], [-0.0001026707032, -0.000181009760126, 0.000261853536358, 0.000441901065642, -0.000454422464827, -0.00301775033586, 0.00748449238017, -0.00162841717247, 0.00218973774463, -0.000968420179561, -0.000132458939333, -0.000233402097365, -0.00169655459467], [-0.000286826048978, -0.000405433616834, 0.000188979538507, -0.000412563007558, 0.00122880539857, 0.00038673329982, -0.00162841717247, 0.00873200595379, -0.00112461938988, -0.00211856723763, -0.00224649580196, 0.000324597640429, -0.00132470729295], [0.000121342403872, 0.000222720002057, -0.000567070906982, -0.000764228519984, -0.00191910786089, -0.000661349273287, 0.00218973774463, -0.00112461938988, 0.0104670664296, -0.00131378252991, -0.00123221881222, -0.000909858557861, -0.00088811799651], [-0.000150467822095, -0.000431720778579, 0.000692872621585, 0.000635980628431, -0.000732170650735, -4.45332443633e-05, -0.000968420179561, -0.00211856723763, -0.00131378252991, 0.0100003182888, -0.00356955663301, -0.00044074683683, 0.00037331666681], [-0.000618193706032, -0.000703123223502, -0.000360735342838, 0.00198997184634, 0.00135974294972, -0.00278948829509, -0.000132458939333, -0.00224649580196, -0.00123221881222, -0.00356955663301, 0.015757817775, -0.00187734584324, 0.000200991518795], [0.000186353077879, -0.000129095758894, -0.000679228571244, -0.000726825965103, -0.00179770973045, 0.00106007838622, -0.000233402097365, 0.000324597640429, -0.000909858557861, -0.00044074683683, -0.00187734584324, 0.0124146072194, -0.002828292083], [8.11903737485e-05, -0.000365120999049, 3.26982444676e-05, -0.00151652633213, 0.000360875972547, 0.000862061860971, -0.00169655459467, -0.00132470729295, -0.00088811799651, 0.00037331666681, 0.000200991518795, -0.002828292083, 0.0143238455057]]
    },
    "spectral_contrast_coeffs": {
        "max": [-0.3840239048, -0.470295667648, -0.529027223587, -0.549795746803, -0.588121235371, -0.642671704292],
        "mean": [-0.735335528851, -0.726745426655, -0.744008183479, -0.781412601471, -0.778320848942, -0.77682608366],
        "min": [-0.893812477589, -0.91387617588, -0.89192456007, -0.904071986675, -0.909042239189, -0.87836676836],
        "stdev": [0.0847586244345, 0.0763448625803, 0.0700598880649, 0.0535685345531, 0.0533232986927, 0.0380303710699]
    },
    "spectral_contrast_valleys": {
        "max": [-5.11465787888, -4.93655347824, -5.43294429779, -5.88772201538, -5.99566745758, -8.06298542023],
        "mean": [-6.54987859726, -6.60380029678, -7.38340806961, -7.78245830536, -7.90305948257, -10.3820495605],
        "min": [-10.2103481293, -8.68304443359, -9.1965675354, -9.41544532776, -9.74955844879, -13.1043672562],
        "stdev": [0.731774747372, 0.596307635307, 0.586879849434, 0.591794848442, 0.706318080425, 0.883742451668]
    }
},
"rhythm": {
    "beats_count": 113,
    "beats_loudness": {
        "max": 0.115995563567,
        "mean": 0.0342725217342,
        "min": 0.00381966889836,
        "stdev": 0.0191358588636
    },
    "bpm": 139.939193726,
    "bpm_histogram_first_peak_bpm": 140,
    "bpm_histogram_first_peak_weight": 0.276785731316,
    "bpm_histogram_second_peak_bpm": 0,
    "bpm_histogram_second_peak_spread": 0,
    "bpm_histogram_second_peak_weight": 0,
    "danceability": 1.01586103439,
    "onset_rate": 3.650390625,
    "beats_loudness_band_ratio": {
        "max": [0.895136415958, 0.674328863621, 0.877248108387, 0.527544736862, 0.640321850777, 0.170626968145],
        "mean": [0.362229764462, 0.164918377995, 0.286275476217, 0.109694264829, 0.0845957249403, 0.038465667516],
        "min": [0.00143052614294, 0.0108193485066, 0.019410494715, 0.0105745643377, 0.00379772461019, 0.00165638141334],
        "stdev": [0.198793843389, 0.137845531106, 0.195198372006, 0.107300952077, 0.100455142558, 0.0304924268275]
    },
