{
"metadata": {
    "version": {
        "essentia": "2.1-beta5",
        "essentia_git_sha": "Undefined",
        "extractor": "music 2.0"
    },
    "audio_properties": {
        "analysis": {
            "equal_loudness": 0,
            "length": 48.7502937317,
            "sample_rate": 44100,
            "start_time": 12.7477550507,
            "downmix": "mix"
        },
        "bit_rate": 192000,
        "length": 193.445465088,
        "lossless": 0,
        "number_channels": 2,
        "replay_gain": -5.67691802979,
        "sample_rate": 48000,
        "codec": "mp3",
        "md5_encoded": "204795b46fcbfd22debaaffbb371147c"
    },
    "tags": {
        "file_name": "Ireland_Lipstick_Jedward.mp3",
        "encoding": ["Lavf58.29.100"]
    }
},
"lowlevel": {
    "average_loudness": 0.965413987637,
    "barkbands_crest": {
        "max": 25.4186248779,
        "mean": 10.8431797028,
        "min": 2.90613913536,
        "stdev": 5.11109542847
    },
    "barkbands_flatness_db": {
        "max": 0.300740927458,
        "mean": 0.122434489429,
        "min": 0.0267391093075,
        "stdev": 0.0508535429835
    },
    "barkbands_kurtosis": {
        "max": 161.79800415,
        "mean": 4.6608672142,
        "min": -1.84722340107,
        "stdev": 11.1834993362
    },
    "barkbands_skewness": {
        "max": 11.7038383484,
        "mean": 1.51106035709,
        "min": -2.53069734573,
        "stdev": 1.40603601933
    },
    "barkbands_spread": {
        "max": 114.530509949,
        "mean": 23.8983707428,
        "min": 1.38791227341,
        "stdev": 15.5835514069
    },
    "dissonance": {
        "max": 0.499963760376,
        "mean": 0.467884212732,
        "min": 0.174530565739,
        "stdev": 0.0311991274357
    },
    "dynamic_complexity": 3.20138645172,
    "erbbands_crest": {
        "max": 27.1868591309,
        "mean": 8.66985034943,
        "min": 2.31698584557,
        "stdev": 4.41633605957
    },
    "erbbands_flatness_db": {
        "max": 0.337065607309,
        "mean": 0.141983956099,
        "min": 0.0491046719253,
        "stdev": 0.0437342375517
    },
    "erbbands_kurtosis": {
        "max": 47.1424217224,
        "mean": 1.12545692921,
        "min": -1.66577482224,
        "stdev": 3.08250379562
    },
    "erbbands_skewness": {
        "max": 4.75237369537,
        "mean": 0.358187973499,
        "min": -2.37809109688,
        "stdev": 0.784720778465
    },
    "erbbands_spread": {
        "max": 138.091888428,
        "mean": 36.0157546997,
        "min": 2.93877577782,
        "stdev": 20.3889255524
    },
    "hfc": {
        "max": 105.07598877,
        "mean": 18.9156322479,
        "min": 0.586047589779,
        "stdev": 17.6175918579
    },
    "loudness_ebu128": {
        "integrated": -17.7635345459,
        "loudness_range": 2.74457740784,
        "momentary": {
            "max": -13.8517551422,
            "mean": -18.1195755005,
            "min": -23.0737838745,
            "stdev": 1.76791143417
        },
        "short_term": {
            "max": -16.0292987823,
            "mean": -17.8087463379,
            "min": -20.0708599091,
            "stdev": 0.95476102829
        }
    },
    "melbands_crest": {
        "max": 36.5699615479,
        "mean": 15.6124486923,
        "min": 3.73565673828,
        "stdev": 7.04061746597
    },
    "melbands_flatness_db": {
        "max": 0.42099866271,
        "mean": 0.198485955596,
        "min": 0.0400875136256,
        "stdev": 0.0658296942711
    },
    "melbands_kurtosis": {
        "max": 324.936981201,
        "mean": 14.8325691223,
        "min": -1.63425052166,
        "stdev": 29.1251831055
    },
    "melbands_skewness": {
        "max": 15.2656421661,
        "mean": 2.62299704552,
        "min": -0.557772517204,
        "stdev": 2.08180570602
    },
    "melbands_spread": {
        "max": 204.391067505,
        "mean": 23.9494075775,
        "min": 0.864804208279,
        "stdev": 17.2362995148
    },
    "pitch_salience": {
        "max": 0.85161036253,
        "mean": 0.534416377544,
        "min": 0.0728038176894,
        "stdev": 0.147000610828
    },
    "silence_rate_20dB": {
        "max": 1,
        "mean": 1,
        "min": 1,
        "stdev": 0
    },
    "silence_rate_30dB": {
        "max": 1,
        "mean": 0.99857211113,
        "min": 0,
        "stdev": 0.0377604216337
    },
    "silence_rate_60dB": {
        "max": 1,
        "mean": 0.0247501190752,
        "min": 0,
        "stdev": 0.155366167426
    },
    "spectral_centroid": {
        "max": 4703.52490234,
        "mean": 1324.21630859,
        "min": 285.099700928,
        "stdev": 556.314880371
    },
    "spectral_complexity": {
        "max": 50,
        "mean": 17.7677288055,
        "min": 1,
        "stdev": 9.04146671295
    },
    "spectral_decrease": {
        "max": -1.66612154628e-10,
        "mean": -7.039226535e-09,
        "min": -3.37946595153e-08,
        "stdev": 5.64306645856e-09
    },
    "spectral_energy": {
        "max": 0.132756605744,
        "mean": 0.0282834134996,
        "min": 0.00069402018562,
        "stdev": 0.0223922673613
    },
    "spectral_energyband_high": {
        "max": 0.00871100649238,
        "mean": 0.000652068934869,
        "min": 6.19292313786e-06,
        "stdev": 0.000839035725221
    },
    "spectral_energyband_low": {
        "max": 0.0622138977051,
        "mean": 0.0131928762421,
        "min": 4.84782394778e-05,
        "stdev": 0.0135851586238
    },
    "spectral_energyband_middle_high": {
        "max": 0.0773281902075,
        "mean": 0.0061760940589,
        "min": 0.000165289340657,
        "stdev": 0.00848646648228
    },
    "spectral_energyband_middle_low": {
        "max": 0.0992281958461,
        "mean": 0.00943856779486,
        "min": 0.000176336281584,
        "stdev": 0.0124508971348
    },
    "spectral_entropy": {
        "max": 8.82143878937,
        "mean": 7.73320102692,
        "min": 5.90660142899,
        "stdev": 0.375237941742
    },
    "spectral_flux": {
        "max": 0.285740852356,
        "mean": 0.0947351381183,
        "min": 0.0170401260257,
        "stdev": 0.0488332957029
    },
    "spectral_kurtosis": {
        "max": 15.6035118103,
        "mean": 4.3342871666,
        "min": -1.04095160961,
        "stdev": 2.21167707443
    },
    "spectral_rms": {
        "max": 0.0113806258887,
        "mean": 0.0048382487148,
        "min": 0.000822856556624,
        "stdev": 0.00204571406357
    },
    "spectral_rolloff": {
        "max": 12058.59375,
        "mean": 1387.96496582,
        "min": 64.599609375,
        "stdev": 1566.15710449
    },
    "spectral_skewness": {
        "max": 3.30525159836,
        "mean": 1.64076006413,
        "min": 0.187754809856,
        "stdev": 0.37239870429
    },
    "spectral_spread": {
        "max": 21923992,
        "mean": 4992151,
        "min": 1997432.375,
        "stdev": 1924678.75
    },
    "spectral_strongpeak": {
        "max": 11.7659111023,
        "mean": 0.720536410809,
        "min": 0,
        "stdev": 1.09456515312
    },
    "zerocrossingrate": {
        "max": 0.35009765625,
        "mean": 0.0586458072066,
        "min": 0.00390625,
        "stdev": 0.0407390706241
    },
    "barkbands": {
        "max": [0.00948784407228, 0.0590459294617, 0.0258124936372, 0.0327196493745, 0.0218442045152, 0.0335859805346, 0.0346431396902, 0.0928051620722, 0.0780247971416, 0.0741013288498, 0.0325861461461, 0.0160033218563, 0.0223164130002, 0.021631103009, 0.0169601645321, 0.0223226659, 0.00881399400532, 0.0043203048408, 0.00314437178895, 0.00308036757633, 0.00155127851758, 0.00183932040818, 0.00242014392279, 0.00466542271897, 0.00161509588361, 0.000901055813301, 0.000151359970914],
        "mean": [0.000847619317938, 0.0089704412967, 0.00253020506352, 0.00153759669047, 0.00150337256491, 0.000885060639121, 0.00083224393893, 0.00255264900625, 0.00156705279369, 0.00146812014282, 0.000815232982859, 0.000834861013573, 0.000600345490966, 0.000846244685818, 0.00057495071087, 0.000433859211626, 0.000268648407655, 0.00026664280449, 0.000207962584682, 0.000200312497327, 9.82979036053e-05, 7.77324748924e-05, 0.000113742862595, 0.000127531675389, 7.96699096099e-05, 3.62140162906e-05, 6.80889161231e-06],
        "min": [3.51099316731e-07, 1.04426444523e-05, 1.48711478687e-06, 1.51103392909e-06, 1.07669293357e-05, 3.61474576493e-06, 6.23954110779e-06, 4.36552682004e-06, 2.6414684271e-06, 2.8139047572e-06, 3.85623388865e-06, 6.67277299726e-06, 2.53031294051e-06, 2.81061466012e-06, 3.18460001836e-06, 2.19135458224e-07, 1.94367976292e-06, 3.93907384932e-06, 2.07592461265e-06, 1.51847643792e-06, 1.34123717999e-06, 8.26657185371e-07, 3.49188042037e-07, 2.63900858499e-07, 7.76562814053e-08, 2.83527459288e-08, 8.20207624042e-10],
        "stdev": [0.00114182906691, 0.0121776014566, 0.00362489675172, 0.00397065002471, 0.00214827945456, 0.00157531525474, 0.00206497800536, 0.0081838844344, 0.00452624261379, 0.00416402379051, 0.00184365047608, 0.00180805928539, 0.00162742682733, 0.00180949398782, 0.00129615655169, 0.00116741028614, 0.000505324453115, 0.000415430171415, 0.000293801072985, 0.000298226426821, 0.000148513296153, 0.00012848287588, 0.000191658211406, 0.000229873534408, 0.000151464453666, 7.33911365387e-05, 1.53116779984e-05]
    },
    "erbbands": {
        "max": [2.75099515915, 10.0155410767, 23.6328811646, 72.5020599365, 74.0187072754, 72.0255355835, 325.074584961, 318.599273682, 630.797851562, 1881.37219238, 1591.54321289, 1371.18310547, 2372.43261719, 1230.92590332, 575.590026855, 824.14050293, 1007.2432251, 872.528503418, 1041.07458496, 1496.50061035, 774.333374023, 402.405487061, 269.930236816, 174.795669556, 99.2770462036, 116.877189636, 100.559303284, 43.3205451965, 68.7594909668, 84.8345413208, 76.3666152954, 130.394073486, 43.271270752, 19.4036540985, 12.5443935394, 6.98156118393, 1.35950398445, 0.183478787541, 0.0313679538667, 0.00128837197553],
        "mean": [0.354437500238, 1.64426064491, 2.50200843811, 5.07200860977, 4.00062417984, 5.18448448181, 7.1917219162, 7.28967094421, 11.8602132797, 37.1852912903, 43.9726753235, 35.5771713257, 45.2860717773, 32.2481956482, 36.7470283508, 33.5136566162, 29.2645454407, 37.7184867859, 34.5073051453, 31.3995933533, 20.5211830139, 15.4361696243, 15.3464460373, 11.7911539078, 9.58790016174, 9.22046375275, 5.99878883362, 2.9632229805, 2.57241010666, 3.20003700256, 3.29016184807, 2.9584903717, 1.88642144203, 0.989146590233, 0.521851420403, 0.196888387203, 0.0576514005661, 0.0115282442421, 0.00135584257077, 7.68624304328e-05],
        "min": [0.000285236019408, 0.00224768440239, 0.00475158030167, 0.00864791497588, 0.0107467304915, 0.0364976376295, 0.0820187404752, 0.0597033761442, 0.109602965415, 0.112876072526, 0.195828318596, 0.220235913992, 0.253547221422, 0.157615751028, 0.197499200702, 0.311305433512, 0.190857857466, 0.134253442287, 0.184488102794, 0.087143689394, 0.0236734375358, 0.108782701194, 0.233620688319, 0.0779259130359, 0.114777125418, 0.0760793164372, 0.0543992072344, 0.048166975379, 0.0271929111332, 0.0130994198844, 0.00862512923777, 0.00687173195183, 0.00343108735979, 0.00120812631212, 0.000448120175861, 0.000181474300916, 4.76106542919e-05, 8.12165490061e-06, 1.52222901306e-06, 1.62846652074e-06],
        "stdev": [0.522070646286, 2.33458995819, 3.28888273239, 9.41201019287, 8.28918838501, 7.4919924736, 12.3564147949, 13.3408765793, 33.1454963684, 132.472442627, 110.066551208, 96.6482162476, 122.647003174, 81.9931335449, 77.912322998, 70.528465271, 74.5407943726, 75.0259170532, 72.3058242798, 74.8937072754, 44.0429534912, 27.9551353455, 23.6000995636, 17.1551914215, 12.4869594574, 13.3733921051, 9.45600223541, 4.15453338623, 4.13628816605, 5.67430830002, 5.66577672958, 5.53363609314, 3.30248641968, 1.75845777988, 1.11618483067, 0.438909351826, 0.112941257656, 0.0215745009482, 0.00307132164016, 0.00011239288142]
    },
    "gfcc": {
        "mean": [6.16812515259, 85.7423782349, -109.441940308, 25.9397258759, -50.9470176697, 24.4790306091, -32.3567810059, 15.8948421478, -18.3723716736, 3.49233269691, -11.7861862183, -1.5662946701, -11.5989494324],
        "cov": [[2865.24829102, -943.901733398, 23.9341564178, 1.20646417141, 99.3423614502, 47.1640205383, 44.8899917603, 152.895584106, -52.6779747009, 3.69028687477, -134.928741455, -42.3554267883, -84.6565322876], [-943.901733398, 1172.37207031, -246.685028076, -19.5525493622, 51.5721168518, -90.9590301514, 162.495285034, -56.4593772888, 54.8327445984, -60.6119613647, 115.778442383, -32.2274971008, 43.6381874084], [23.9341564178, -246.685028076, 718.560302734, 97.7530517578, -30.4840736389, 60.433631897, -82.3836364746, 46.842010498, 25.2446079254, 17.9472312927, -43.3784866333, 69.4967346191, -55.1598548889], [1.20646417141, -19.5525493622, 97.7530517578, 268.712524414, 111.396606445, 8.74125099182, -36.8713645935, 7.2564868927, 11.6926727295, 8.01197052002, -19.7475204468, 3.64420795441, 41.2101593018], [99.3423614502, 51.5721168518, -30.4840736389, 111.396606445, 256.952423096, 60.9718856812, 57.025188446, 30.852891922, 23.5278701782, 34.886631012, 9.56675720215, -12.1400156021, 46.453792572], [47.1640205383, -90.9590301514, 60.433631897, 8.74125099182, 60.9718856812, 221.231338501, 100.695625305, 12.592505455, -17.314201355, 41.3991012573, 17.8250236511, -6.51696062088, -1.83473396301], [44.8899917603, 162.495285034, -82.3836364746, -36.8713645935, 57.025188446, 100.695625305, 252.970092773, 77.6015930176, 29.8657493591, 31.9649181366, 79.3245391846, -0.458590567112, 12.5301656723], [152.895584106, -56.4593772888, 46.842010498, 7.2564868927, 30.852891922, 12.592505455, 77.6015930176, 153.293762207, 63.2472305298, 24.4049854279, 21.2138366699, 13.5094881058, -0.0455420278013], [-52.6779747009, 54.8327445984, 25.2446079254, 11.6926727295, 23.5278701782, -17.314201355, 29.8657493591, 63.2472305298, 127.069862366, 23.247385025, 14.4204435349, 14.7869119644, 13.0346059799], [3.69028687477, -60.6119613647, 17.9472312927, 8.01197052002, 34.886631012, 41.3991012573, 31.9649181366, 24.4049854279, 23.247385025, 89.899559021, 33.605430603, 5.20748567581, 7.40400648117], [-134.928741455, 115.778442383, -43.3784866333, -19.7475204468, 9.56675720215, 17.8250236511, 79.3245391846, 21.2138366699, 14.4204435349, 33.605430603, 128.866439819, 37.7827835083, 18.1700172424], [-42.3554267883, -32.2274971008, 69.4967346191, 3.64420795441, -12.1400156021, -6.51696062088, -0.458590567112, 13.5094881058, 14.7869119644, 5.20748567581, 37.7827835083, 82.0894241333, 20.135925293], [-84.6565322876, 43.6381874084, -55.1598548889, 41.2101593018, 46.453792572, -1.83473396301, 12.5301656723, -0.0455420278013, 13.0346059799, 7.40400648117, 18.1700172424, 20.135925293, 83.7390289307]],
        "icov": [[0.000625616754405, 0.000638763711322, 9.69769171206e-05, 1.04770151665e-05, -0.000481931259856, 0.000489117519464, -0.000709195272066, -0.000209100762731, 0.000200531503651, 0.000438106013462, 0.000293166493066, 0.000149650135427, 0.000572845165152], [0.000638763711322, 0.00221211113967, 4.17267483499e-06, -5.16898689966e-05, -0.000854227051605, 0.00161272077821, -0.00218118331395, 0.00142465776298, -0.000937078148127, 0.00206366111524, -0.00129047466908, 0.00152631965466, 0.000233928556554], [9.69769171206e-05, 4.17267483499e-06, 0.00232571712695, -0.00102724984754, 0.000373859220417, -0.00115123204887, 0.000864018104039, -0.000907300331164, -0.000268615753157, -0.000417670526076, 0.00109418970533, -0.00273943250068, 0.00227102334611], [1.04770151665e-05, -5.16898689966e-05, -0.00102724984754, 0.0055856150575, -0.00234308070503, 0.000150124105858, 0.00110571843106, -0.000274544378044, 0.000145502111991, 0.000275832164334, 0.000103396283521, 0.000851575518027, -0.00252470257692], [-0.000481931259856, -0.000854227051605, 0.000373859220417, -0.00234308070503, 0.0065295714885, -0.00177715171594, 0.000121603814478, -0.000753779779188, -0.000336159282597, -0.00192544993479, 0.000514926679898, 0.000681146222632, -0.00237543904223], [0.000489117519464, 0.00161272077821, -0.00115123204887, 0.000150124105858, -0.00177715171594, 0.0084786163643, -0.00519854295999, 0.00223500607535, 0.0013072026195, -0.00119952834211, 0.000159091199748, 0.00156974978745, 0.000263169757091], [-0.000709195272066, -0.00218118331395, 0.000864018104039, 0.00110571843106, 0.000121603814478, -0.00519854295999, 0.0105089107528, -0.00485688215122, 0.000109995366074, -0.000621021201368, -0.00305616715923, 3.88514963561e-05, -0.000620221253484], [-0.000209100762731, 0.00142465776298, -0.000907300331164, -0.000274544378044, -0.000753779779188, 0.00223500607535, -0.00485688215122, 0.0120506417006, -0.00500020897016, 0.000430844025686, -0.000850690761581, 0.000402110163122, 0.000612201285549], [0.000200531503651, -0.000937078148127, -0.000268615753157, 0.000145502111991, -0.000336159282597, 0.0013072026195, 0.000109995366074, -0.00500020897016, 0.011787767522, -0.00327891693451, 0.00173085322604, -0.00166142126545, -0.000882541527972], [0.000438106013462, 0.00206366111524, -0.000417670526076, 0.000275832164334, -0.00192544993479, -0.00119952834211, -0.000621021201368, 0.000430844025686, -0.00327891693451, 0.0168127641082, -0.00577341485769, 0.00320322229527, -0.000402035890147], [0.000293166493066, -0.00129047466908, 0.00109418970533, 0.000103396283521, 0.000514926679898, 0.000159091199748, -0.00305616715923, -0.000850690761581, 0.00173085322604, -0.00577341485769, 0.0151807721704, -0.00818607676774, 0.000728915503714], [0.000149650135427, 0.00152631965466, -0.00273943250068, 0.000851575518027, 0.000681146222632, 0.00156974978745, 3.88514963561e-05, 0.000402110163122, -0.00166142126545, 0.00320322229527, -0.00818607676774, 0.0207459274679, -0.0064536863938], [0.000572845165152, 0.000233928556554, 0.00227102334611, -0.00252470257692, -0.00237543904223, 0.000263169757091, -0.000620221253484, 0.000612201285549, -0.000882541527972, -0.000402035890147, 0.000728915503714, -0.0064536863938, 0.0181207824498]]
    },
    "melbands": {
        "max": [0.0198635030538, 0.00931083131582, 0.012081168592, 0.00489360745996, 0.00938821211457, 0.00693160155788, 0.00815441645682, 0.0217481181026, 0.012793045491, 0.00742884911597, 0.0124843548983, 0.00579589419067, 0.00296616205014, 0.00212968629785, 0.00273147341795, 0.00263543892652, 0.00192378426436, 0.00191963126417, 0.00147634919267, 0.00198611500673, 0.000716281647328, 0.000558935571462, 0.000310276489472, 0.000264021975454, 0.000145653568325, 9.92210552795e-05, 0.00014023607946, 9.23809348023e-05, 8.93263277248e-05, 3.31449409714e-05, 2.50477187365e-05, 4.17273586208e-05, 4.71191597171e-05, 4.54078472103e-05, 4.54706278106e-05, 5.68517825741e-05, 9.33682313189e-05, 3.31336705131e-05, 2.08974724956e-05, 1.68265632965e-05],
        "mean": [0.00283612380736, 0.00158755062148, 0.000824178336188, 0.000302130822092, 0.000264682370471, 0.000173412190634, 0.000166125726537, 0.000476881366922, 0.000358346878784, 0.0002064343862, 0.000228754637646, 0.000134839981911, 0.000115391419968, 9.40831669141e-05, 8.71483789524e-05, 5.05358439113e-05, 7.65227523516e-05, 5.93579243287e-05, 4.58524264104e-05, 3.61307465937e-05, 2.11837759707e-05, 1.60183572007e-05, 1.45477833939e-05, 1.22951996673e-05, 9.31193244469e-06, 7.35514322514e-06, 6.45795535092e-06, 6.19765978627e-06, 4.35019228462e-06, 2.2981651e-06, 1.50219477746e-06, 1.37307984005e-06, 1.6229718085e-06, 1.81786833764e-06, 1.84986549812e-06, 1.95830580196e-06, 1.76484854819e-06, 1.42313558626e-06, 9.89007730823e-07, 7.7853133007e-07],
        "min": [3.00191618408e-06, 4.07491188525e-06, 2.21452296501e-06, 2.00681597562e-06, 2.92456479656e-06, 1.12421616905e-06, 1.44215823639e-06, 9.76560045274e-07, 6.6019561018e-07, 4.10485966995e-07, 7.69217251673e-07, 4.32538740824e-07, 5.40991436537e-07, 7.41696169371e-07, 4.23138430961e-07, 2.50189856388e-07, 2.3959421469e-07, 2.99054335073e-07, 2.18223888737e-07, 3.3199853533e-08, 2.69681859066e-08, 7.43600949704e-08, 1.65954375575e-07, 1.42844967854e-07, 4.40360246046e-08, 7.32086391508e-08, 7.43760466548e-08, 4.51772343979e-08, 2.04132284409e-08, 3.09986454283e-08, 2.12403037381e-08, 1.70085119322e-08, 7.72362085399e-09, 6.80539979925e-09, 3.64569507916e-09, 4.41711911492e-09, 3.63324104136e-09, 2.49063147884e-09, 1.7256804874e-09, 6.85046908089e-10],
        "stdev": [0.0038817031309, 0.00174162723124, 0.00150843465235, 0.000481038121507, 0.000408875959693, 0.000320326857036, 0.000446838443168, 0.00171365658753, 0.000883972796146, 0.000564550457057, 0.000642096798401, 0.000371425994672, 0.000247777323239, 0.000199613539735, 0.00021025526803, 0.000148612947669, 0.000163025659276, 0.000136352842674, 0.000105323895696, 0.000104301529063, 4.62146635982e-05, 3.2100120734e-05, 2.45912215178e-05, 1.98526886379e-05, 1.44565319715e-05, 1.02920239442e-05, 9.53063317866e-06, 9.74234444584e-06, 7.47455078454e-06, 3.61892966794e-06, 2.25329517889e-06, 2.27741747949e-06, 2.86384170067e-06, 3.34480137099e-06, 3.27346856466e-06, 3.43796705238e-06, 3.53248515239e-06, 2.58212276094e-06, 1.68574069903e-06, 1.4857299675e-06]
    },
    "melbands128": {
        "max": [0.00787668768317, 0.0247211623937, 0.0278913453221, 0.0162888504565, 0.0127295413986, 0.0140348225832, 0.0164746157825, 0.0146536007524, 0.00794162973762, 0.00551338307559, 0.00419975770637, 0.00774586480111, 0.0151754803956, 0.0071821869351, 0.00707031413913, 0.00955795962363, 0.016776073724, 0.00950516574085, 0.00545376492664, 0.0298832133412, 0.0377091579139, 0.0251731202006, 0.0125319939107, 0.0321420989931, 0.0110109895468, 0.0121330348775, 0.0105247255415, 0.0181400496513, 0.018910869956, 0.0114413741976, 0.0055370577611, 0.00785989314318, 0.00406844262034, 0.00423668930307, 0.00390595733188, 0.0027948806528, 0.00499782711267, 0.0043123960495, 0.00448109116405, 0.00388405751437, 0.00391149846837, 0.00178796355613, 0.00299120135605, 0.00353349698707, 0.00417033629492, 0.00402374658734, 0.00306542939506, 0.00265751662664, 0.00186404504348, 0.00571274664253, 0.00342657440342, 0.00214610411786, 0.000918048375752, 0.00121378549375, 0.00147394661326, 0.000603605934884, 0.000954150105827, 0.000497278233524, 0.00056710455101, 0.000389197433833, 0.00041750408127, 0.000511276361067, 0.000218593428144, 0.000322964740917, 0.000263350259047, 0.000124688012875, 0.000112230649393, 0.000192399471416, 0.000306275527691, 0.000133221037686, 0.000108190084575, 0.00023676789715, 0.00015595217701, 0.000148707084008, 9.51108813751e-05, 6.03478038101e-05, 3.92784531869e-05, 2.77774161077e-05, 3.1404710171e-05, 3.70477609977e-05, 4.03521044063e-05, 4.65163575427e-05, 4.07745319535e-05, 5.69005642319e-05, 5.42177913303e-05, 6.04570195719e-05, 5.92399155721e-05, 5.17572116223e-05, 5.66634262213e-05, 8.64347312017e-05, 5.27514239366e-05, 7.11869361112e-05, 7.00664095348e-05, 0.000135304610012, 8.3763647126e-05, 4.07387124142e-05, 4.47722850367e-05, 2.26642532652e-05, 2.4784134439e-05, 2.01762668439e-05, 3.64754996554e-05, 2.30348523473e-05, 2.06450713449e-05, 3.15855431836e-05, 2.15602321987e-05, 1.43498009493e-05, 1.96127166419e-05, 1.15377215479e-05, 2.72157813015e-05, 1.16025930765e-05, 1.24219113786e-05, 6.73539898344e-06, 3.80317419513e-06, 3.77382934857e-06, 3.15335159939e-06, 3.35063236889e-06, 1.35026550652e-06, 1.37272002121e-06, 1.31304170736e-06, 1.01629098026e-06, 9.28325448513e-07, 1.39488224704e-06, 7.48327408928e-07, 5.32525561425e-08, 1.58617279311e-08, 1.56767647752e-08, 1.55488493192e-08, 1.54662345153e-08],
        "mean": [0.000699786411133, 0.0029952574987, 0.00392965786159, 0.00223936187103, 0.00114955741446, 0.00137816963252, 0.00113657303154, 0.000639514124487, 0.000369898596546, 0.000237236265093, 0.000285993999569, 0.000345543812728, 0.000247990450589, 0.000191039711353, 0.000142654098454, 0.000165987352375, 0.00023802605574, 0.000141162265209, 0.000104519443994, 0.000413012341596, 0.000778803834692, 0.000371571455617, 0.000278150808299, 0.000373080198187, 0.0002365931432, 0.000130849002744, 0.000144831690704, 0.000284163746983, 0.000271196855465, 0.000132513043354, 0.000101799392723, 9.78649259196e-05, 0.000102924343082, 0.000151549989823, 0.00010078723426, 6.93560650689e-05, 9.15140044526e-05, 0.000101587102108, 7.65026197769e-05, 5.70486772631e-05, 4.68131984235e-05, 3.50029658875e-05, 7.20180687495e-05, 0.000106302504719, 7.86316595622e-05, 4.86515637022e-05, 3.6397803342e-05, 5.1840172091e-05, 4.60642913822e-05, 4.15201793658e-05, 3.75963900296e-05, 2.77915969491e-05, 2.22770577238e-05, 1.80043844011e-05, 1.83361862582e-05, 1.60008621606e-05, 1.42552380566e-05, 1.36230355565e-05, 1.49956995301e-05, 1.55018424266e-05, 1.28114452309e-05, 9.2840018624e-06, 9.52722348302e-06, 9.40796689974e-06, 9.00482245925e-06, 7.20057369108e-06, 6.34773050479e-06, 6.72101168675e-06, 6.72934902468e-06, 5.71588361709e-06, 6.10167990089e-06, 6.71047655487e-06, 5.70194515603e-06, 3.79262883143e-06, 2.92976369565e-06, 2.61897389464e-06, 1.85771239103e-06, 1.55211796482e-06, 1.5157031612e-06, 1.37354368235e-06, 1.35728180339e-06, 1.33826461024e-06, 1.46450759075e-06, 1.55644534061e-06, 1.89051786492e-06, 1.82532642157e-06, 1.77953404545e-06, 1.83918768926e-06, 1.81527855148e-06, 1.87988746347e-06, 1.96864425561e-06, 2.04912589652e-06, 1.84637849543e-06, 1.72037084667e-06, 1.7917848254e-06, 1.57745535034e-06, 1.33935554913e-06, 1.20478046028e-06, 9.7695817658e-07, 9.07667924821e-07, 8.22122444788e-07, 7.49763671593e-07, 7.26983330424e-07, 7.13878137049e-07, 6.39567986127e-07, 4.78099764223e-07, 4.1700826614e-07, 3.5561487266e-07, 3.41129066328e-07, 3.07404206978e-07, 2.55659898585e-07, 1.89298560827e-07, 1.56406869678e-07, 1.6282088211e-07, 1.41843685242e-07, 1.07088823142e-07, 6.91721808721e-08, 5.46394716139e-08, 5.09366522294e-08, 4.13686898071e-08, 3.50123912085e-08, 3.21935651471e-08, 1.90972659908e-08, 5.78137704377e-10, 1.34163522306e-11, 1.31314074198e-11, 1.29577824165e-11, 1.28769139449e-11],
        "min": [1.90557614133e-09, 1.12340080705e-06, 2.22999915422e-06, 1.85916883311e-06, 2.1848736651e-06, 6.14900500295e-07, 8.95779805887e-07, 7.05959678271e-07, 3.54658396873e-07, 8.96547021512e-07, 3.19554402495e-07, 1.01807654573e-06, 7.54147208681e-07, 3.22355219851e-07, 4.46971455403e-07, 8.00998662953e-08, 1.64416547932e-07, 2.27739946013e-07, 3.54522654789e-07, 1.95642940071e-07, 3.2171925568e-07, 3.05970615955e-07, 1.16113326953e-07, 1.21917921092e-07, 2.6112243745e-07, 3.22924279317e-07, 7.0996030388e-08, 2.96959910884e-07, 1.66787700095e-07, 1.89911730786e-07, 2.45724692149e-07, 1.72821458477e-07, 1.31428976147e-07, 4.1556359065e-07, 3.9934801066e-07, 2.35793422121e-07, 2.76847117675e-07, 1.84212751719e-07, 2.04175563567e-07, 2.12101312513e-07, 2.03485100769e-07, 1.87771703963e-07, 1.85570186773e-07, 2.84139986206e-07, 2.4996526804e-07, 2.53678820172e-07, 1.90517738474e-07, 1.55314964445e-07, 1.62495751965e-07, 5.49043370768e-08, 1.26021353353e-08, 1.33497879418e-08, 1.10976428047e-08, 3.24422195774e-08, 6.73618956171e-08, 3.57536293905e-08, 8.45528376203e-08, 7.01452691487e-08, 6.04304446483e-08, 7.68963914766e-08, 5.07118329551e-08, 2.92028072835e-08, 3.82128604315e-08, 1.23798669094e-08, 2.18602611568e-08, 4.23484216583e-08, 4.43343957102e-08, 3.46396120676e-08, 4.18106083089e-08, 4.2798468769e-08, 3.94086789868e-08, 1.94324609737e-08, 1.18830980611e-08, 1.03721182754e-08, 2.01017655854e-08, 2.42597479883e-08, 4.99112262631e-09, 1.29574626584e-08, 9.79434222614e-09, 1.06373851949e-08, 4.24791490872e-09, 7.74963648809e-09, 5.25491339332e-09, 6.17540774073e-09, 4.07623179655e-09, 3.13298542665e-09, 3.09294900802e-09, 3.02125702234e-09, 3.42844908019e-09, 2.0418311486e-09, 2.96070012951e-09, 2.45892839423e-09, 1.43339151659e-09, 2.11655626359e-09, 2.35223929224e-09, 1.75426295712e-09, 1.8873733687e-09, 1.35948297064e-09, 1.25835153408e-09, 9.68861657569e-10, 7.12310765927e-10, 5.44979283923e-10, 5.90190452066e-10, 4.44225572993e-10, 5.60578583553e-10, 3.43582023943e-10, 2.89052726199e-10, 2.75820422058e-10, 2.1719906429e-10, 1.97637878285e-10, 9.92225329677e-11, 1.01419338205e-10, 8.96449650623e-11, 6.64293065e-11, 4.95927951483e-11, 3.03363931198e-11, 3.67011490643e-11, 4.46726965316e-13, 1.7750574231e-13, 1.77562690029e-13, 1.37907819387e-13, 1.39686127791e-13, 1.2800410688e-13, 1.24623252798e-13, 9.97180446939e-14, 3.08178741586e-14, 4.21267558801e-15, 1.97480199468e-16],
        "stdev": [0.0010559046641, 0.00481877475977, 0.0056991558522, 0.00338481226936, 0.00167513510678, 0.00190091959666, 0.002169362735, 0.00175977719482, 0.00078116817167, 0.000452126841992, 0.000447049125796, 0.000568675808609, 0.000516036467161, 0.000414015696151, 0.000318784936098, 0.000417843810283, 0.000847990158945, 0.000491278187837, 0.000273908721283, 0.00170205929317, 0.00302630662918, 0.00136191188358, 0.000843017420266, 0.00151557149366, 0.00081416789908, 0.000509605801199, 0.000463393371319, 0.000918297562748, 0.000968717678916, 0.000560039479751, 0.000344062835211, 0.000312738819048, 0.000293379387585, 0.000414494832512, 0.000314308417728, 0.000198568784981, 0.000281051470665, 0.000301158841467, 0.00026839930797, 0.000217636494199, 0.000189543396118, 0.000102305129985, 0.000184660864761, 0.000268305448117, 0.00024429988116, 0.000172818923602, 0.000125196485897, 0.000151058993652, 0.000126071463455, 0.000170308805536, 0.000144689824083, 8.43514790176e-05, 6.09285889368e-05, 4.83319854538e-05, 5.46345836483e-05, 4.04956044804e-05, 3.63867948181e-05, 2.97430724459e-05, 3.32613308274e-05, 3.05877038045e-05, 2.69797492365e-05, 2.15457093873e-05, 1.76015782927e-05, 2.0575012968e-05, 1.91284689208e-05, 1.24957423395e-05, 1.04928903966e-05, 1.2773321032e-05, 1.45909389175e-05, 9.86003306025e-06, 1.14254999062e-05, 1.44778932736e-05, 1.2253537534e-05, 8.53282563185e-06, 6.02199042987e-06, 5.13860504725e-06, 3.4281133594e-06, 2.54340056927e-06, 2.61459308604e-06, 2.45611067839e-06, 2.39754535869e-06, 2.42011833507e-06, 2.72019110525e-06, 2.93259745376e-06, 3.90224522562e-06, 3.71586179426e-06, 3.62587820746e-06, 3.40519000019e-06, 3.49084416484e-06, 3.83948690796e-06, 3.69184863303e-06, 3.72199724552e-06, 3.67069583262e-06, 4.2156575546e-06, 3.57040562449e-06, 3.05506819132e-06, 2.74319563687e-06, 2.15471959564e-06, 1.81888071893e-06, 1.61598973136e-06, 1.66398922374e-06, 1.57420925007e-06, 1.68779502019e-06, 1.85107694506e-06, 1.53155804128e-06, 1.09609311494e-06, 1.02656372292e-06, 8.39311496748e-07, 9.51674905991e-07, 7.36156778203e-07, 6.50246363421e-07, 4.11111500398e-07, 3.13459622703e-07, 3.59258592653e-07, 2.73008851082e-07, 2.13552425521e-07, 1.3905889773e-07, 1.32977675094e-07, 1.26782254029e-07, 1.04987471161e-07, 9.19230558338e-08, 9.32486514671e-08, 5.951718407e-08, 2.98114999353e-09, 3.56718043992e-10, 3.52517376401e-10, 3.49630852048e-10, 3.47768008835e-10]
    },
    "mfcc": {
        "mean": [-639.718200684, 119.846328735, 3.17759275436, 11.8954820633, 9.64061832428, 7.00685024261, 5.7065410614, 9.425740242, 0.762643635273, 11.6395797729, 0.190277963877, 2.56058907509, -0.371865004301],
        "cov": [[2779.8815918, -732.040405273, -265.120605469, -22.5783119202, 10.2482442856, -62.5055885315, 96.4612579346, 43.7164382935, 72.0798339844, 117.495986938, -52.8163719177, -74.5565032959, -58.6447563171], [-732.040405273, 898.743835449, -160.825454712, 35.008190155, -107.583015442, -1.14874851704, 30.3146152496, 43.8424835205, -29.7788963318, -9.89326095581, 40.5093765259, 30.3107337952, 26.949678421], [-265.120605469, -160.825454712, 619.801940918, 14.1262083054, 61.4765815735, 6.72575283051, -68.4863433838, 32.0939445496, -1.24838995934, -73.3413925171, 32.1116523743, 45.4854507446, 46.7137680054], [-22.5783119202, 35.008190155, 14.1262083054, 257.168670654, 109.516937256, -20.2802772522, -25.7172298431, -3.65245628357, 36.850402832, -12.8241796494, -20.9178409576, 11.2222452164, 16.1665000916], [10.2482442856, -107.583015442, 61.4765815735, 109.516937256, 223.065612793, 35.9110031128, -27.8431110382, -16.9770069122, 39.5426330566, 0.986833393574, -20.8943424225, -8.01608943939, -4.08613157272], [-62.5055885315, -1.14874851704, 6.72575283051, -20.2802772522, 35.9110031128, 186.990158081, 83.2701644897, -9.49343109131, 15.2884178162, 11.9443149567, 13.3352556229, -17.9433021545, -9.74428939819], [96.4612579346, 30.3146152496, -68.4863433838, -25.7172298431, -27.8431110382, 83.2701644897, 223.271469116, 42.6458892822, 7.50173044205, 51.7396011353, 30.3159141541, 19.6195392609, 2.05686283112], [43.7164382935, 43.8424835205, 32.0939445496, -3.65245628357, -16.9770069122, -9.49343109131, 42.6458892822, 127.001487732, 34.040096283, 24.6268405914, 27.6335067749, 35.5196685791, 27.258184433], [72.0798339844, -29.7788963318, -1.24838995934, 36.850402832, 39.5426330566, 15.2884178162, 7.50173044205, 34.040096283, 119.85105896, 44.0178070068, 13.5556488037, 3.55310034752, -4.33124351501], [117.495986938, -9.89326095581, -73.3413925171, -12.8241796494, 0.986833393574, 11.9443149567, 51.7396011353, 24.6268405914, 44.0178070068, 112.905708313, 37.9439582825, 15.3791685104, -7.96578025818], [-52.8163719177, 40.5093765259, 32.1116523743, -20.9178409576, -20.8943424225, 13.3352556229, 30.3159141541, 27.6335067749, 13.5556488037, 37.9439582825, 85.0113220215, 39.0479431152, 18.1141319275], [-74.5565032959, 30.3107337952, 45.4854507446, 11.2222452164, -8.01608943939, -17.9433021545, 19.6195392609, 35.5196685791, 3.55310034752, 15.3791685104, 39.0479431152, 80.3270263672, 44.5604705811], [-58.6447563171, 26.949678421, 46.7137680054, 16.1665000916, -4.08613157272, -9.74428939819, 2.05686283112, 27.258184433, -4.33124351501, -7.96578025818, 18.1141319275, 44.5604705811, 79.5542526245]],
        "icov": [[0.000585300324019, 0.000559425330721, 0.000300679414067, -0.000137271592394, 0.000143937839312, 0.000307898531901, -0.000254519720329, -0.000442720513092, -3.15426477755e-05, -0.000292703392915, 4.82512987219e-05, 0.000601877574809, -8.24687522254e-05], [0.000559425330721, 0.00193866842892, 0.000791704223957, -0.000761446252, 0.00086325412849, -8.02799040684e-05, -2.33314985962e-05, -0.0010202099802, 0.000361970975064, 0.000332764029736, -0.000849521835335, 0.000379442150006, -0.000135904672788], [0.000300679414067, 0.000791704223957, 0.00251241517253, 3.11418007186e-05, -0.000472045183415, -0.000312683609081, 0.000614962773398, -0.0010802061297, -5.23429080204e-05, 0.00200579827651, -0.00157457822934, -0.000689515203703, -0.000293744349619], [-0.000137271592394, -0.000761446252, 3.11418007186e-05, 0.00586834922433, -0.00306862872094, 0.00121924770065, -0.000378516269848, 0.000823138048872, -0.00178012682591, 0.00104083539918, 0.00118204974569, -0.00114978302736, -0.000952403934207], [0.000143937839312, 0.00086325412849, -0.000472045183415, -0.00306862872094, 0.00733673106879, -0.00210358900949, 0.00109416386113, 0.000307340931613, -0.000945219537243, -0.00120913074352, 0.00148956058547, -0.000278962339507, 0.000344576081261], [0.000307898531901, -8.02799040684e-05, -0.000312683609081, 0.00121924770065, -0.00210358900949, 0.00830592215061, -0.0039207120426, 0.00149268773384, -0.00135767715983, 0.000827566138469, -0.00185909064021, 0.00355300446972, -0.00086863944307], [-0.000254519720329, -2.33314985962e-05, 0.000614962773398, -0.000378516269848, 0.00109416386113, -0.0039207120426, 0.0073790345341, -0.00223374995403, 0.00143744167872, -0.00209263106808, 7.17641378287e-05, -0.00224300054833, 0.000795393250883], [-0.000442720513092, -0.0010202099802, -0.0010802061297, 0.000823138048872, 0.000307340931613, 0.00149268773384, -0.00223374995403, 0.0117554347962, -0.00361985969357, -0.000329462258378, -9.96834787657e-05, -0.00233373255469, -0.00218538870104], [-3.15426477755e-05, 0.000361970975064, -5.23429080204e-05, -0.00178012682591, -0.000945219537243, -0.00135767715983, 0.00143744167872, -0.00361985969357, 0.0121457949281, -0.0044969972223, -0.000572350865696, 0.00100399390794, 0.00101383065339], [-0.000292703392915, 0.000332764029736, 0.00200579827651, 0.00104083539918, -0.00120913074352, 0.000827566138469, -0.00209263106808, -0.000329462258378, -0.0044969972223, 0.0159148238599, -0.00637557869777, -0.00206197076477, 0.00244382373057], [4.82512987219e-05, -0.000849521835335, -0.00157457822934, 0.00118204974569, 0.00148956058547, -0.00185909064021, 7.17641378287e-05, -9.96834787657e-05, -0.000572350865696, -0.00637557869777, 0.0202368497849, -0.00769673334435, -7.74170111981e-05], [0.000601877574809, 0.000379442150006, -0.000689515203703, -0.00114978302736, -0.000278962339507, 0.00355300446972, -0.00224300054833, -0.00233373255469, 0.00100399390794, -0.00206197076477, -0.00769673334435, 0.025718094781, -0.0105725331232], [-8.24687522254e-05, -0.000135904672788, -0.000293744349619, -0.000952403934207, 0.000344576081261, -0.00086863944307, 0.000795393250883, -0.00218538870104, 0.00101383065339, 0.00244382373057, -7.74170111981e-05, -0.0105725331232, 0.0198003258556]]
    },
    "spectral_contrast_coeffs": {
        "max": [-0.479925751686, -0.384073257446, -0.512129426003, -0.593036472797, -0.635318040848, -0.717710494995],
        "mean": [-0.746537089348, -0.763768196106, -0.77825820446, -0.803583681583, -0.80477899313, -0.803784787655],
        "min": [-0.909827411175, -0.932189285755, -0.92168956995, -0.907737493515, -0.886703312397, -0.896452665329],
        "stdev": [0.063057333231, 0.0867000445724, 0.0739888846874, 0.0565108396113, 0.0407641753554, 0.0277423579246]
    },
    "spectral_contrast_valleys": {
        "max": [-5.11375570297, -5.18632411957, -5.17127084732, -5.53333950043, -6.01276302338, -8.06198120117],
        "mean": [-6.58149147034, -6.65450143814, -7.08506393433, -7.34475135803, -7.55494832993, -9.91395950317],
        "min": [-8.60184669495, -8.62754821777, -8.72066307068, -9.33191776276, -9.35409641266, -12.4901351929],
        "stdev": [0.580093443394, 0.49517506361, 0.53238016367, 0.548903107643, 0.620583951473, 0.821179926395]
    }
},
"rhythm": {
    "beats_count": 111,
    "beats_loudness": {
        "max": 0.120028838515,
        "mean": 0.0458532720804,
        "min": 0.00790383573622,
        "stdev": 0.0190433897078
    },
    "bpm": 138.138565063,
    "bpm_histogram_first_peak_bpm": 140,
    "bpm_histogram_first_peak_weight": 0.514018714428,
    "bpm_histogram_second_peak_bpm": 129,
    "bpm_histogram_second_peak_spread": 0.5,
    "bpm_histogram_second_peak_weight": 0.00909090880305,
    "danceability": 1.5061879158,
    "onset_rate": 3.3427734375,
    "beats_loudness_band_ratio": {
        "max": [0.943166851997, 0.321265131235, 0.703427910805, 0.464115560055, 0.419282615185, 0.209255293012],
        "mean": [0.576698720455, 0.067750506103, 0.14399138093, 0.130449965596, 0.0768938809633, 0.031464535743],
        "min": [0.146941497922, 0.00414104107767, 0.00982312578708, 0.00381007208489, 0.00121325952932, 0.00155407679267],
        "stdev": [0.207362994552, 0.0662561357021, 0.135484442115, 0.120932415128, 0.0764737874269, 0.0305483322591]
    },
