{
"metadata": {
    "version": {
        "essentia": "2.1-beta5",
        "essentia_git_sha": "Undefined",
        "extractor": "music 2.0"
    },
    "audio_properties": {
        "analysis": {
            "equal_loudness": 0,
            "length": 24.7873020172,
            "sample_rate": 44100,
            "start_time": 175.240997314,
            "downmix": "mix"
        },
        "bit_rate": 192000,
        "length": 200.051513672,
        "lossless": 0,
        "number_channels": 2,
        "replay_gain": -5.9079284668,
        "sample_rate": 48000,
        "codec": "mp3",
        "md5_encoded": "423c5004ce8a413e9fe3922c5d50e590"
    },
    "tags": {
        "file_name": "Estonia_Rockefeller Street_Getter Jaani.mp3",
        "encoding": ["Lavf58.29.100"]
    }
},
"lowlevel": {
    "average_loudness": 0.926831245422,
    "barkbands_crest": {
        "max": 23.8287239075,
        "mean": 11.7438392639,
        "min": 2.65545535088,
        "stdev": 4.57270240784
    },
    "barkbands_flatness_db": {
        "max": 0.2914532125,
        "mean": 0.14224049449,
        "min": 0.0178561247885,
        "stdev": 0.0592669844627
    },
    "barkbands_kurtosis": {
        "max": 31.6053504944,
        "mean": 3.53249073029,
        "min": -1.56056714058,
        "stdev": 4.86948680878
    },
    "barkbands_skewness": {
        "max": 4.73587226868,
        "mean": 1.48620772362,
        "min": -1.9342341423,
        "stdev": 1.05284500122
    },
    "barkbands_spread": {
        "max": 85.4032211304,
        "mean": 21.1257724762,
        "min": 1.87001287937,
        "stdev": 15.1889724731
    },
    "dissonance": {
        "max": 0.500000059605,
        "mean": 0.476877897978,
        "min": 0.335676670074,
        "stdev": 0.0220983363688
    },
    "dynamic_complexity": 3.56711483002,
    "erbbands_crest": {
        "max": 30.3481845856,
        "mean": 11.0571880341,
        "min": 2.61562275887,
        "stdev": 5.32383871078
    },
    "erbbands_flatness_db": {
        "max": 0.371281057596,
        "mean": 0.190840288997,
        "min": 0.0509067699313,
        "stdev": 0.0848629698157
    },
    "erbbands_kurtosis": {
        "max": 19.9418468475,
        "mean": 1.97125005722,
        "min": -1.46040904522,
        "stdev": 3.05726242065
    },
    "erbbands_skewness": {
        "max": 3.85877203941,
        "mean": 0.79063129425,
        "min": -1.22203576565,
        "stdev": 0.909728765488
    },
    "erbbands_spread": {
        "max": 100.152481079,
        "mean": 26.2177772522,
        "min": 4.27857112885,
        "stdev": 16.3902168274
    },
    "hfc": {
        "max": 164.748840332,
        "mean": 20.7283573151,
        "min": 1.11545040905e-16,
        "stdev": 23.6757907867
    },
    "loudness_ebu128": {
        "integrated": -17.2964496613,
        "loudness_range": 3.0290517807,
        "momentary": {
            "max": -13.3089017868,
            "mean": -18.2086524963,
            "min": -43.5720062256,
            "stdev": 3.41015911102
        },
        "short_term": {
            "max": -15.573718071,
            "mean": -17.4393959045,
            "min": -20.0766029358,
            "stdev": 1.01904928684
        }
    },
    "melbands_crest": {
        "max": 32.9145812988,
        "mean": 15.8423910141,
        "min": 1.72838771343,
        "stdev": 6.28875017166
    },
    "melbands_flatness_db": {
        "max": 0.318871796131,
        "mean": 0.181472271681,
        "min": 0.00389172206633,
        "stdev": 0.0476027615368
    },
    "melbands_kurtosis": {
        "max": 85.0373916626,
        "mean": 10.0797023773,
        "min": -1.60845017433,
        "stdev": 11.4202013016
    },
    "melbands_skewness": {
        "max": 8.18719577789,
        "mean": 2.33049869537,
        "min": -1.22764611244,
        "stdev": 1.40335738659
    },
    "melbands_spread": {
        "max": 144.181472778,
        "mean": 23.1500511169,
        "min": 2.22599864006,
        "stdev": 17.8154277802
    },
    "pitch_salience": {
        "max": 0.858956217766,
        "mean": 0.585807442665,
        "min": 0.143980681896,
        "stdev": 0.142254009843
    },
    "silence_rate_20dB": {
        "max": 1,
        "mean": 1,
        "min": 1,
        "stdev": 0
    },
    "silence_rate_30dB": {
        "max": 1,
        "mean": 0.996258199215,
        "min": 0,
        "stdev": 0.0610562674701
    },
    "silence_rate_60dB": {
        "max": 1,
        "mean": 0.0879326462746,
        "min": 0,
        "stdev": 0.283196985722
    },
    "spectral_centroid": {
        "max": 11185.5273438,
        "mean": 1654.94580078,
        "min": 476.219482422,
        "stdev": 843.780944824
    },
    "spectral_complexity": {
        "max": 48,
        "mean": 16.2768936157,
        "min": 0,
        "stdev": 7.24539804459
    },
    "spectral_decrease": {
        "max": 1.0278926447e-28,
        "mean": -4.65903449154e-09,
        "min": -3.39722951992e-08,
        "stdev": 4.64476013207e-09
    },
    "spectral_energy": {
        "max": 0.142392322421,
        "mean": 0.0194644294679,
        "min": 1.05421883014e-20,
        "stdev": 0.0193935465068
    },
    "spectral_energyband_high": {
        "max": 0.00830914732069,
        "mean": 0.000719749950804,
        "min": 7.61312963546e-21,
        "stdev": 0.00102333805989
    },
    "spectral_energyband_low": {
        "max": 0.0459186471999,
        "mean": 0.00583376223221,
        "min": 4.60956354925e-23,
        "stdev": 0.00943856500089
    },
    "spectral_energyband_middle_high": {
        "max": 0.122556276619,
        "mean": 0.0086458530277,
        "min": 1.34741511872e-21,
        "stdev": 0.0141074880958
    },
    "spectral_energyband_middle_low": {
        "max": 0.0528514869511,
        "mean": 0.00480010174215,
        "min": 3.05312899257e-22,
        "stdev": 0.00555944442749
    },
    "spectral_entropy": {
        "max": 9.81593132019,
        "mean": 7.78743553162,
        "min": 6.85776042938,
        "stdev": 0.342216461897
    },
    "spectral_flux": {
        "max": 0.335116863251,
        "mean": 0.0776811316609,
        "min": 6.66369806557e-11,
        "stdev": 0.0492380820215
    },
    "spectral_kurtosis": {
        "max": 14.8402194977,
        "mean": 4.88857126236,
        "min": -1.21745622158,
        "stdev": 2.27167677879
    },
    "spectral_rms": {
        "max": 0.0117864049971,
        "mean": 0.00391655461863,
        "min": 3.20703316334e-12,
        "stdev": 0.00191057194024
    },
    "spectral_rolloff": {
        "max": 19509.0820312,
        "mean": 1740.32299805,
        "min": 64.599609375,
        "stdev": 1717.77734375
    },
    "spectral_skewness": {
        "max": 2.77509975433,
        "mean": 1.73242652416,
        "min": -0.0344478748739,
        "stdev": 0.350692659616
    },
    "spectral_spread": {
        "max": 41379252,
        "mean": 5043939,
        "min": 2651650.75,
        "stdev": 3196227.25
    },
    "spectral_strongpeak": {
        "max": 13.3872394562,
        "mean": 1.26872420311,
        "min": 0,
        "stdev": 1.9163069725
    },
    "zerocrossingrate": {
        "max": 0.67236328125,
        "mean": 0.0737085416913,
        "min": 0.01611328125,
        "stdev": 0.0491125918925
    },
    "barkbands": {
        "max": [0.00580991059542, 0.0434111133218, 0.0304841734469, 0.0238908790052, 0.0129213687032, 0.00370939890854, 0.0129136443138, 0.0453177914023, 0.034463789314, 0.0648478791118, 0.114248424768, 0.0827803462744, 0.0262563973665, 0.0450772233307, 0.0349558182061, 0.0220625028014, 0.0140621578321, 0.003290978726, 0.00352972885594, 0.00205118139274, 0.00540533848107, 0.00187955820002, 0.00156490411609, 0.0011808630079, 0.00110371876508, 0.000528379168827, 0.0002926820016],
        "mean": [0.000216286804061, 0.00436924444512, 0.000961428042501, 0.000519733817782, 0.000395634793676, 0.000183712487342, 0.000458157679532, 0.000676964060403, 0.00209740549326, 0.00179284531623, 0.00218868348747, 0.000738522910979, 0.000893916236237, 0.000834851525724, 0.000916926132049, 0.000562793109566, 0.000399645243306, 0.000237514337641, 0.000220096073463, 0.000161725023645, 0.000158000199008, 8.79506042111e-05, 0.000122444427689, 0.000115129631013, 8.48599665915e-05, 4.79782720504e-05, 2.19558114622e-05],
        "min": [4.61692322707e-24, 1.77994867008e-23, 2.38644209174e-24, 6.96625710461e-24, 1.95822397714e-23, 2.50300989833e-23, 1.96349845892e-23, 1.38978611274e-23, 4.847194013e-23, 2.7341079627e-23, 1.53081503661e-23, 3.75211024169e-23, 5.58376511534e-23, 7.10370822873e-23, 6.98063078139e-23, 6.17077229214e-23, 1.10519942936e-22, 7.05825406337e-23, 2.28046687272e-22, 1.9374714133e-22, 3.86507966716e-22, 4.33327126498e-22, 4.38122088137e-22, 7.69647333283e-22, 9.11052102048e-22, 1.30655863666e-21, 2.1396121104e-21],
        "stdev": [0.000431105989264, 0.00787211582065, 0.00337632303126, 0.00194451981224, 0.00110917526763, 0.000318342645187, 0.00112285127398, 0.00184021552559, 0.003692709608, 0.00456950813532, 0.0090640084818, 0.00458628032357, 0.00237921555527, 0.00313708907925, 0.00258724275045, 0.0015621909406, 0.00103688624222, 0.000335271906806, 0.000350064074155, 0.000269521202426, 0.000432823202573, 0.000130040905788, 0.000197418310563, 0.000169701015693, 0.000141711541801, 7.6316006016e-05, 3.45334410667e-05]
    },
    "erbbands": {
        "max": [2.01623272896, 8.51629066467, 29.2926139832, 60.626335144, 66.1279067993, 35.9029121399, 25.0816078186, 35.0000228882, 210.859848022, 642.659912109, 494.313262939, 922.856384277, 1026.63903809, 2258.88500977, 4871.12792969, 4237.57714844, 1222.82556152, 2679.87866211, 1217.33605957, 1306.93469238, 991.401550293, 504.179779053, 157.194458008, 147.485778809, 174.174484253, 133.806381226, 327.974060059, 213.364395142, 105.064353943, 37.2057304382, 57.7149848938, 35.4166870117, 21.0682506561, 13.9808206558, 7.59683990479, 2.92388105392, 0.806193053722, 0.356961846352, 0.0563443861902, 0.00201686960645],
        "mean": [0.173655718565, 0.796746850014, 1.06256270409, 1.61460793018, 1.54007029533, 1.3318271637, 1.06336522102, 1.88097465038, 5.41252660751, 11.261762619, 16.9882698059, 46.7117271423, 57.0682220459, 65.2933654785, 70.7116088867, 36.0519256592, 37.0062713623, 50.9444007874, 35.5881271362, 49.1006889343, 29.3289241791, 21.3319339752, 11.7401742935, 13.3557748795, 10.2598924637, 7.46044158936, 7.61055278778, 4.77466773987, 3.18959283829, 3.1975607872, 3.54254150391, 2.74532556534, 1.76693487167, 1.09215450287, 0.519956588745, 0.209609299898, 0.0778214558959, 0.0301198083907, 0.00415985565633, 0.000153404267621],
        "min": [6.50475264913e-22, 2.26919714272e-21, 3.85623362078e-21, 1.22684496163e-20, 3.31908773415e-20, 8.8677438742e-20, 1.49166772331e-19, 2.19176987083e-19, 3.38602351243e-19, 4.04067699667e-19, 3.63719380351e-19, 9.49258408895e-19, 1.37759031446e-18, 7.83981725448e-19, 1.05224446311e-18, 1.4930291592e-18, 2.33086468523e-18, 3.74372515383e-18, 4.6170264622e-18, 4.02042947643e-18, 4.66209208915e-18, 5.17065720541e-18, 4.66845310807e-18, 8.48979055081e-18, 1.04406108259e-17, 1.01866647235e-17, 1.33655620038e-17, 1.45281238228e-17, 1.42041982406e-17, 1.4437342405e-17, 1.40468254747e-17, 1.39324594832e-17, 1.19279130002e-17, 9.38229609788e-18, 6.83695381958e-18, 3.91078379111e-18, 2.77906029923e-18, 1.13154120195e-18, 3.13978089136e-19, 3.14613396158e-20],
        "stdev": [0.318851977587, 1.49700498581, 3.21395421028, 5.6085267067, 5.25711536407, 3.49354434013, 2.22982239723, 3.24868488312, 16.859495163, 30.1296615601, 29.4536151886, 82.7608718872, 102.741958618, 161.507415771, 308.563446045, 204.982223511, 91.2548294067, 174.052520752, 96.4125976562, 122.83493042, 73.7440414429, 45.9602775574, 15.1434926987, 18.6006717682, 17.6748657227, 13.0404424667, 19.1731147766, 11.5209732056, 5.18809175491, 4.96237134933, 5.97832298279, 4.27141952515, 2.60246562958, 1.76412713528, 0.934846878052, 0.368277549744, 0.115334890783, 0.0465000234544, 0.00664655957371, 0.000222434551688]
    },
    "gfcc": {
        "mean": [-35.7360229492, 25.5691356659, -154.554275513, -12.1885709763, -65.5895233154, 12.8571157455, -31.9582157135, 16.8306293488, -17.3326568604, 2.18739962578, -18.0527458191, -0.528671145439, -11.7482175827],
        "cov": [[17388.9375, 901.888671875, 1684.39111328, 1911.75708008, 1216.7088623, 1059.69421387, 117.137672424, 263.540496826, 94.5606384277, 251.262954712, 272.583770752, 362.1065979, 54.6662139893], [901.888671875, 1253.53063965, 1432.93493652, 865.924743652, 660.857299805, 325.821044922, 127.343605042, 25.4901714325, -4.29524755478, -18.1971645355, 103.861968994, 123.502754211, 17.0082035065], [1684.39111328, 1432.93493652, 3983.08666992, 2265.55859375, 1952.52636719, 853.030883789, 321.181976318, 17.7612838745, 179.477005005, 175.524734497, 415.610015869, 429.004547119, 120.46043396], [1911.75708008, 865.924743652, 2265.55859375, 1573.94885254, 1176.18688965, 541.417907715, 149.431289673, 5.60325241089, 103.504890442, 118.451133728, 258.159088135, 248.829620361, 86.2380905151], [1216.7088623, 660.857299805, 1952.52636719, 1176.18688965, 1162.00427246, 537.298583984, 229.751602173, 32.1664886475, 113.89617157, 102.571029663, 236.740646362, 231.961914062, 84.8134002686], [1059.69421387, 325.821044922, 853.030883789, 541.417907715, 537.298583984, 401.188018799, 149.398422241, 12.3227968216, 49.3794822693, 62.7526855469, 121.92993927, 103.377120972, 37.02394104], [117.137672424, 127.343605042, 321.181976318, 149.431289673, 229.751602173, 149.398422241, 172.808486938, 55.0906867981, 40.7798805237, 14.2134752274, 44.0177612305, 41.6923294067, 29.8202648163], [263.540496826, 25.4901714325, 17.7612838745, 5.60325241089, 32.1664886475, 12.3227968216, 55.0906867981, 116.042526245, 49.0583152771, -1.23183679581, -9.10819816589, 15.7748088837, 3.99575948715], [94.5606384277, -4.29524755478, 179.477005005, 103.504890442, 113.89617157, 49.3794822693, 40.7798805237, 49.0583152771, 108.713020325, 48.0357093811, 36.5445976257, 27.9290618896, 9.81976985931], [251.262954712, -18.1971645355, 175.524734497, 118.451133728, 102.571029663, 62.7526855469, 14.2134752274, -1.23183679581, 48.0357093811, 84.0165557861, 60.2705192566, 38.5596122742, 8.3766746521], [272.583770752, 103.861968994, 415.610015869, 258.159088135, 236.740646362, 121.92993927, 44.0177612305, -9.10819816589, 36.5445976257, 60.2705192566, 128.491531372, 77.5666503906, 21.9779109955], [362.1065979, 123.502754211, 429.004547119, 248.829620361, 231.961914062, 103.377120972, 41.6923294067, 15.7748088837, 27.9290618896, 38.5596122742, 77.5666503906, 127.421844482, 50.6645011902], [54.6662139893, 17.0082035065, 120.46043396, 86.2380905151, 84.8134002686, 37.02394104, 29.8202648163, 3.99575948715, 9.81976985931, 8.3766746521, 21.9779109955, 50.6645011902, 78.3089065552]],
        "icov": [[9.56443618634e-05, -5.80050118515e-06, 0.000149044280988, -0.000249396573054, 2.83053777821e-05, -0.000313036114676, 0.000186479344848, -0.000341194856446, 0.000192941748537, -0.00019686226733, 0.000115658374853, -0.000206810465897, 0.000141819604323], [-5.80050118515e-06, 0.00173163530417, -0.000637589255348, -0.000557357212529, 0.000713211891707, -0.000457089190604, -0.000386661035009, -0.000540165870916, 0.000775241758674, 0.00157376145944, -3.96944742533e-05, -2.18080404011e-05, 0.000600679079071], [0.000149044280988, -0.000637589255348, 0.00284625845961, -0.00207475805655, -0.00240464904346, 0.000583991059102, -0.000461337040178, 0.000751502870116, -0.000419708580012, -0.000338187703164, 0.000573619734496, -0.00223894277588, 0.00178293453064], [-0.000249396573054, -0.000557357212529, -0.00207475805655, 0.00548013206571, -0.00181245862041, -0.000315003999276, 0.00276183034293, -0.000287056813249, -0.000123388890643, -0.000588659662753, -0.00120315700769, 0.00212388648652, -0.00243145786226], [2.83053777821e-05, 0.000713211891707, -0.00240464904346, -0.00181245862041, 0.00881064031273, -0.00348793622106, -0.00241045979783, -0.000173503693077, -0.00110189989209, 0.00191101175733, -0.00129871803802, -0.000841791916173, -0.000603438296821], [-0.000313036114676, -0.000457089190604, 0.000583991059102, -0.000315003999276, -0.00348793622106, 0.00944769382477, -0.00464694900438, 0.00257307873107, 0.000445517478511, -0.00205289921723, -0.000529171898961, 0.000410908833146, 0.000761882518418], [0.000186479344848, -0.000386661035009, -0.000461337040178, 0.00276183034293, -0.00241045979783, -0.00464694900438, 0.0140961110592, -0.006401989609, 0.000132755958475, 0.000838605628815, -0.00208243634552, 0.00292998552322, -0.00402901973575], [-0.000341194856446, -0.000540165870916, 0.000751502870116, -0.000287056813249, -0.000173503693077, 0.00257307873107, -0.006401989609, 0.0168173518032, -0.00873064156622, 0.00354333873838, 0.00384028954431, -0.00486616464332, 0.00285306712613], [0.000192941748537, 0.000775241758674, -0.000419708580012, -0.000123388890643, -0.00110189989209, 0.000445517478511, 0.000132755958475, -0.00873064156622, 0.0186805538833, -0.00986288487911, -0.00064290757291, 0.00271942839026, -0.00101029698271], [-0.00019686226733, 0.00157376145944, -0.000338187703164, -0.000588659662753, 0.00191101175733, -0.00205289921723, 0.000838605628815, 0.00354333873838, -0.00986288487911, 0.0261452887207, -0.00841376185417, -0.00255616055802, 0.00182001537178], [0.000115658374853, -3.96944742533e-05, 0.000573619734496, -0.00120315700769, -0.00129871803802, -0.000529171898961, -0.00208243634552, 0.00384028954431, -0.00064290757291, -0.00841376185417, 0.0202836506069, -0.00767785776407, 0.00287964427844], [-0.000206810465897, -2.18080404011e-05, -0.00223894277588, 0.00212388648652, -0.000841791916173, 0.000410908833146, 0.00292998552322, -0.00486616464332, 0.00271942839026, -0.00255616055802, -0.00767785776407, 0.0219083111733, -0.0109827741981], [0.000141819604323, 0.000600679079071, 0.00178293453064, -0.00243145786226, -0.000603438296821, 0.000761882518418, -0.00402901973575, 0.00285306712613, -0.00101029698271, 0.00182001537178, 0.00287964427844, -0.0109827741981, 0.0203869976103]]
    },
    "melbands": {
        "max": [0.0146285891533, 0.0109985563904, 0.00929416436702, 0.00363536737859, 0.000972963869572, 0.000817350170109, 0.00299552595243, 0.0089787626639, 0.00307117216289, 0.00641067884862, 0.00632540415972, 0.008415219374, 0.0181993115693, 0.00897662434727, 0.00569927040488, 0.00301943393424, 0.00556980865076, 0.00180063408334, 0.00350838014856, 0.00170779996552, 0.00135782849975, 0.000752731168177, 0.000102084821265, 0.000244878407102, 0.000144631616422, 0.000184350472409, 0.000118359792395, 8.36362305563e-05, 0.000169096834725, 0.000257310864981, 0.000137623632327, 6.82071986375e-05, 3.61939564755e-05, 2.98523664242e-05, 4.14893256675e-05, 2.89459712803e-05, 2.72036122624e-05, 1.87380319403e-05, 1.3401248907e-05, 1.38042032631e-05],
        "mean": [0.00137044407893, 0.000693711976055, 0.000277758168522, 9.79504693532e-05, 4.11298424297e-05, 4.18863382947e-05, 8.36385952425e-05, 0.000130665415782, 0.000155234665726, 0.000312576798024, 0.000290118478006, 0.000260647415416, 0.000298769125948, 8.72779564816e-05, 8.45175745781e-05, 8.9131804998e-05, 9.43878112594e-05, 5.04446616105e-05, 7.26453145035e-05, 5.23435992363e-05, 3.13691998599e-05, 2.59180396824e-05, 9.25608765101e-06, 1.23854333651e-05, 1.06660027086e-05, 8.02123940957e-06, 6.18444801148e-06, 4.58330259789e-06, 4.72280680697e-06, 4.25650932812e-06, 2.28656790568e-06, 1.79947960532e-06, 1.63288291333e-06, 1.83615804872e-06, 2.09089694181e-06, 1.90869195649e-06, 1.60956392392e-06, 1.3171285218e-06, 9.55580162554e-07, 9.16215924462e-07],
        "min": [6.19957857361e-24, 3.26339430538e-24, 3.36058926587e-24, 4.13117186949e-24, 4.91940563029e-24, 5.56790924781e-24, 5.40801345321e-24, 4.86099836886e-24, 2.78222958232e-24, 7.09893956456e-24, 6.44677168814e-24, 2.88381337045e-24, 3.1172787275e-24, 4.07153911265e-24, 5.39897231837e-24, 5.47638166128e-24, 6.20731690466e-24, 6.31370978609e-24, 4.46992136396e-24, 4.84169257593e-24, 5.96755367657e-24, 5.49790770323e-24, 4.45088299488e-24, 3.71491757993e-24, 6.83144945338e-24, 6.91803324861e-24, 5.4979112531e-24, 6.77246316805e-24, 7.48430994968e-24, 8.29131386686e-24, 5.5268659982e-24, 6.87140210278e-24, 7.84862721495e-24, 7.43262693861e-24, 7.18271185953e-24, 6.19514399203e-24, 8.34418963561e-24, 6.97638213433e-24, 6.78568920999e-24, 7.94307831999e-24],
        "stdev": [0.00247859442607, 0.00143048202153, 0.000907862209715, 0.000297770195175, 8.59118299559e-05, 7.34255445423e-05, 0.000242140391492, 0.000383522099582, 0.0002625240013, 0.000560952757951, 0.00055862456793, 0.000665085448418, 0.00130691425875, 0.000509538454935, 0.000341765669873, 0.000232062855503, 0.000362530641723, 0.000146995706018, 0.000219405032112, 0.000138986375532, 9.04515836737e-05, 6.67031927151e-05, 1.17078998301e-05, 1.90270293388e-05, 1.61011885211e-05, 1.56152873387e-05, 1.12023572001e-05, 8.37746119942e-06, 1.03328457044e-05, 1.65122783073e-05, 5.76038701183e-06, 3.35896379511e-06, 2.44294574259e-06, 3.10683708449e-06, 3.79746120416e-06, 3.13994996759e-06, 2.65688208856e-06, 2.03676222554e-06, 1.38915163461e-06, 1.59964963586e-06]
    },
    "melbands128": {
        "max": [0.00392679963261, 0.0179085358977, 0.0204695686698, 0.0122446026653, 0.014490804635, 0.0157524682581, 0.0141645986587, 0.0116335339844, 0.00708739180118, 0.00375920068473, 0.00222989497706, 0.00116271385923, 0.000989621970803, 0.000842087785713, 0.000954954710323, 0.000621332903393, 0.00326054450125, 0.00479665445164, 0.00275869481266, 0.00709150964394, 0.017756504938, 0.00663924403489, 0.00399185530841, 0.00398683268577, 0.00843734014779, 0.011896523647, 0.0112339109182, 0.00445379270241, 0.0186122562736, 0.0138008324429, 0.0085170911625, 0.0320354476571, 0.0337051041424, 0.0154882250354, 0.0188581701368, 0.0156341195107, 0.0192106235772, 0.00551704037935, 0.00745232030749, 0.00477475114167, 0.00679221889004, 0.0086445659399, 0.0120073026046, 0.00773085234687, 0.00319640501402, 0.0029631475918, 0.00469320639968, 0.00813187099993, 0.00400063022971, 0.00455507496372, 0.0029202408623, 0.00326754618436, 0.00207301368937, 0.00358473253436, 0.00215534749441, 0.00124458468053, 0.000554136931896, 0.00013466872042, 0.000221559675992, 0.000161494448548, 0.000478178146295, 0.000332289462676, 0.000340385595337, 0.000248884753091, 0.000223456110689, 0.000307175941998, 0.000214531188249, 0.000228656543186, 0.000236270512687, 0.000241266243393, 0.000167418678757, 8.88478534762e-05, 0.000167268139194, 0.000260856002569, 0.00058981066104, 0.000560862361453, 0.000220348709263, 0.000263867521426, 0.000175670982571, 4.78661386296e-05, 8.71972733876e-05, 0.000180675750016, 4.57327842014e-05, 6.3773659349e-05, 3.53586183337e-05, 3.58971374226e-05, 4.44348661404e-05, 3.95374117943e-05, 7.01243698131e-05, 4.84931006213e-05, 6.16683682892e-05, 4.56879497506e-05, 2.4832537747e-05, 3.97559706471e-05, 3.43410029018e-05, 2.12148188439e-05, 2.55265022133e-05, 2.56607781921e-05, 1.06670022433e-05, 1.12220459414e-05, 2.05628221011e-05, 2.14820574911e-05, 1.28287538246e-05, 1.30968519443e-05, 8.0433619587e-06, 6.60959904053e-06, 1.05672188511e-05, 6.972580195e-06, 4.13507359553e-06, 4.64635604658e-06, 4.85196869704e-06, 2.82062319457e-06, 3.13686496156e-06, 2.1469800231e-06, 4.66960455014e-06, 4.31567968917e-06, 3.8437378862e-06, 2.1400235255e-06, 2.0015490918e-06, 2.26975453188e-06, 1.63477375281e-06, 1.76871037638e-06, 1.1518957308e-06, 3.84445613122e-08, 5.47839462683e-09, 4.65328042765e-09, 4.30073088253e-09, 4.13759515538e-09],
        "mean": [0.000205941512831, 0.00145074888133, 0.0019692145288, 0.00105238088872, 0.000544040114619, 0.000475292443298, 0.000342028943123, 0.000238308814005, 0.000150052204845, 8.29744385555e-05, 7.83391587902e-05, 4.30865220551e-05, 3.28471396642e-05, 3.37852543453e-05, 4.12369336118e-05, 3.83939186577e-05, 7.19102099538e-05, 0.000102161153336, 7.83384530223e-05, 0.00013369100634, 0.000163746022736, 0.000106879233499, 0.000131194989081, 0.000224701754632, 0.000293329154374, 0.000384929677239, 0.000292438315228, 0.000249590957537, 0.000326164910803, 0.000255553080933, 0.000170585059095, 0.000397602008888, 0.000429288542364, 0.000122595680295, 6.59059587633e-05, 8.76236808836e-05, 0.000113324684207, 7.03899277141e-05, 8.97039135452e-05, 6.03446096648e-05, 9.6060874057e-05, 0.000119677919429, 9.87175735645e-05, 9.33128394536e-05, 3.82442449336e-05, 3.936648136e-05, 6.46716725896e-05, 6.78751021042e-05, 8.91930612852e-05, 6.32605006103e-05, 4.79790942336e-05, 3.96443174395e-05, 2.73412952083e-05, 2.85054175038e-05, 3.76509415219e-05, 2.78341685771e-05, 1.5339039237e-05, 8.86382713361e-06, 7.46560999687e-06, 8.31440775073e-06, 1.34163947223e-05, 1.50088899318e-05, 1.23846011775e-05, 8.96045003174e-06, 8.31850138638e-06, 8.17422551336e-06, 8.04689989309e-06, 6.7614382715e-06, 5.6365652199e-06, 5.51468156118e-06, 4.34611183664e-06, 4.11249811805e-06, 4.93949846714e-06, 4.58469912701e-06, 4.65153334517e-06, 5.77577793592e-06, 3.01500949718e-06, 2.59999342234e-06, 2.36402070186e-06, 1.74669787611e-06, 1.99038618121e-06, 1.69720829035e-06, 1.65202550306e-06, 1.53738380959e-06, 1.73444948359e-06, 1.66886263742e-06, 1.87862440271e-06, 2.20807805817e-06, 2.16232524508e-06, 1.95470693143e-06, 1.99168130166e-06, 2.00104909709e-06, 1.5212483504e-06, 1.71677504568e-06, 1.578962042e-06, 1.36718972499e-06, 1.35246659738e-06, 1.09937570869e-06, 8.62046306338e-07, 9.72929910859e-07, 9.22584320051e-07, 9.9865201264e-07, 7.74015575189e-07, 6.59089721466e-07, 5.72259693854e-07, 4.80427331695e-07, 4.9408868108e-07, 4.0184812633e-07, 3.59045543519e-07, 2.91042596245e-07, 2.88600801923e-07, 2.07290256071e-07, 2.17518888235e-07, 2.28606211294e-07, 3.49279986267e-07, 2.95304971587e-07, 2.23522093279e-07, 1.78194639489e-07, 1.61504246421e-07, 1.29630862489e-07, 1.1697726876e-07, 1.0032482578e-07, 6.16941946419e-08, 1.85229187544e-09, 8.14617644174e-12, 7.20435083118e-12, 6.78107223151e-12, 6.59922420529e-12],
        "min": [1.7053549443e-25, 5.2111362538e-24, 5.35111962143e-24, 3.85892768805e-24, 1.75083812495e-24, 1.59139395322e-24, 1.26194867869e-24, 2.87237942328e-24, 1.56407806666e-24, 2.85647776236e-24, 6.39543340929e-24, 1.70067288227e-24, 3.16504642468e-24, 2.21003662168e-24, 2.27463959665e-24, 2.49399874021e-24, 4.40866828682e-24, 1.13819296874e-24, 4.84970266956e-24, 1.29269088399e-24, 2.62176699116e-24, 1.59200324966e-24, 1.2420449785e-25, 2.58873067974e-24, 4.62488086145e-24, 3.90446350052e-24, 6.56913032542e-24, 3.10280648255e-24, 2.4590157173e-24, 2.43489274524e-24, 1.56014717277e-24, 1.98879190334e-24, 1.50616877368e-24, 1.36969120252e-24, 1.38110897805e-24, 1.12203532246e-24, 2.41093464512e-24, 2.89359327352e-24, 3.10621692546e-24, 3.30776635079e-24, 5.05631677912e-24, 2.93158698409e-24, 1.16210610379e-24, 3.88170289125e-24, 5.31888203168e-24, 2.97327946622e-24, 1.46488511871e-24, 2.87513964758e-24, 4.58837632306e-24, 3.36250856445e-24, 2.81587292221e-24, 1.82734284162e-24, 1.85590078968e-24, 6.81176264062e-24, 1.03187360915e-23, 1.83077261162e-24, 3.84978873447e-24, 4.09698027127e-24, 3.29287561513e-24, 4.63453060247e-24, 4.26820844721e-24, 2.06172662998e-24, 4.66586494649e-24, 5.89526404094e-24, 5.77204712299e-24, 7.496149963e-24, 3.03663663261e-24, 3.16813382905e-24, 4.78895682999e-24, 4.68730894691e-24, 3.1322929199e-24, 7.06960498294e-24, 5.52344865276e-24, 2.95449057439e-24, 8.4449050851e-24, 6.51940211168e-24, 4.58915256219e-24, 2.34379745449e-24, 3.54061876292e-24, 5.19290133954e-24, 5.20128969198e-24, 5.10468617996e-24, 5.02638818524e-24, 3.84913003561e-24, 7.98125445464e-24, 5.93231171006e-24, 6.36515258901e-24, 4.81362490492e-24, 5.93129960152e-24, 9.89876311165e-24, 6.4949730616e-24, 5.30040414826e-24, 4.3504215586e-24, 4.41253331083e-24, 6.95859726522e-24, 6.40400398859e-24, 5.47916910129e-24, 3.29454228101e-24, 8.45795205561e-24, 5.44350075546e-24, 8.62579167953e-24, 6.45528586389e-24, 7.10939828244e-24, 5.6206430216e-24, 6.60647223966e-24, 5.42899794215e-24, 8.97537933398e-24, 6.10795316833e-24, 6.01764476633e-24, 5.33984877125e-24, 5.27776936231e-24, 7.09286454673e-24, 8.41172480657e-24, 5.83290774182e-24, 8.57458987362e-24, 7.76351148986e-24, 6.3370304866e-24, 7.50990611947e-24, 9.88244236838e-24, 5.62224440924e-24, 7.59398764791e-24, 7.73317978805e-24, 8.98456088606e-24, 8.27158839992e-24, 7.17243221307e-24, 7.72573609655e-24, 8.51577477111e-24, 7.14528119844e-24],
        "stdev": [0.000398762902478, 0.00271923164837, 0.00380272208713, 0.00207181437872, 0.00158682721667, 0.00166238623206, 0.00127181923017, 0.000865881680511, 0.000534343882464, 0.000303745386191, 0.000198169931537, 0.000104842059955, 7.81282506068e-05, 7.48200327507e-05, 8.07765682111e-05, 6.6345121013e-05, 0.000252192781772, 0.000389904977055, 0.000179668160854, 0.000380832381779, 0.00066852348391, 0.000288618466584, 0.000271346129011, 0.000475791690405, 0.000617235316895, 0.000810597848613, 0.000690520973876, 0.000510954821948, 0.00118169072084, 0.000958597636782, 0.000500445370562, 0.00186012650374, 0.002328309929, 0.000726159021724, 0.000629023648798, 0.000712183245923, 0.000998084666207, 0.000274979945971, 0.00040451696259, 0.000236252046307, 0.000351636408595, 0.000446677644504, 0.000555722392164, 0.000568605202716, 0.000147521510371, 0.000158582464792, 0.000315011013299, 0.00036188136437, 0.000318283622619, 0.000237227097386, 0.000183790267329, 0.000165748162544, 0.000111004927021, 0.000143287266837, 0.000152616456035, 8.45111717354e-05, 3.2586936868e-05, 1.32300710902e-05, 1.32933118948e-05, 1.42133549161e-05, 2.91634951282e-05, 3.26703047904e-05, 2.61934110313e-05, 1.87845798791e-05, 1.82405201485e-05, 2.24290415645e-05, 1.98389698198e-05, 1.50974974531e-05, 1.35810632855e-05, 1.61379339261e-05, 1.11051404019e-05, 9.53680410021e-06, 1.25473707158e-05, 1.21069788293e-05, 2.1639829356e-05, 3.42865168932e-05, 9.85301903711e-06, 9.57487191044e-06, 7.54709026296e-06, 4.02555633627e-06, 4.90490901939e-06, 5.9541966948e-06, 2.67109999186e-06, 2.89108606921e-06, 3.18391494147e-06, 3.43891338161e-06, 3.63228991773e-06, 4.48853779744e-06, 5.03357023263e-06, 4.25781763624e-06, 3.74578348783e-06, 3.93021855416e-06, 2.77210801869e-06, 3.46240744875e-06, 2.88193996312e-06, 2.36836172007e-06, 2.3305965442e-06, 1.82860901532e-06, 1.32567765831e-06, 1.56343196522e-06, 1.67729410805e-06, 2.03372246688e-06, 1.4010513496e-06, 1.37465724492e-06, 1.01467776403e-06, 8.92445825684e-07, 1.11120073143e-06, 8.61549096953e-07, 5.87140789321e-07, 5.0659923545e-07, 5.09504275215e-07, 3.2549428397e-07, 3.34114389489e-07, 3.45776641097e-07, 5.37877554052e-07, 5.05123068706e-07, 3.92228542978e-07, 2.99571837559e-07, 2.79277713844e-07, 2.34470917349e-07, 2.06682301496e-07, 1.82734581244e-07, 1.14422384456e-07, 4.75823291879e-09, 1.67496780334e-10, 1.4229399603e-10, 1.31527067015e-10, 1.26544177914e-10]
    },
    "mfcc": {
        "mean": [-669.056518555, 77.8496704102, -38.1820755005, -19.1568012238, -14.4007358551, -10.4939317703, -5.44958782196, 5.16059017181, 4.06299448013, 7.33655500412, -0.132508471608, -0.792631030083, -3.80380511284],
        "cov": [[6938.12744141, 306.525390625, 1147.11462402, 1013.58624268, 1135.79333496, 757.288879395, 517.898925781, 347.20916748, 190.296600342, 235.705596924, 35.1430664062, 221.872589111, 383.315185547], [306.525390625, 870.671569824, 718.971740723, 509.614715576, 466.7265625, 297.530151367, 224.293212891, 209.547653198, 39.7033538818, 7.30734539032, 45.2818832397, 15.0984783173, 62.8775100708], [1147.11462402, 718.971740723, 2090.49926758, 1508.23852539, 1464.7989502, 952.005187988, 558.677612305, 369.167480469, 79.9220275879, 64.548576355, 84.6348495483, 174.815368652, 322.708312988], [1013.58624268, 509.614715576, 1508.23852539, 1277.05737305, 1145.57775879, 695.547607422, 424.437835693, 283.906677246, 77.5566558838, 47.4554023743, 38.722984314, 136.137939453, 258.101409912], [1135.79333496, 466.7265625, 1464.7989502, 1145.57775879, 1220.94458008, 759.442626953, 457.372528076, 300.847808838, 89.8667144775, 71.5270690918, 38.1831550598, 161.733566284, 292.337005615], [757.288879395, 297.530151367, 952.005187988, 695.547607422, 759.442626953, 605.71472168, 344.150085449, 192.611694336, 58.7676734924, 66.0028839111, 26.9769554138, 96.5043640137, 192.684249878], [517.898925781, 224.293212891, 558.677612305, 424.437835693, 457.372528076, 344.150085449, 289.806182861, 159.826950073, 56.7516708374, 43.5661468506, 17.8609409332, 56.0685195923, 118.388252258], [347.20916748, 209.547653198, 369.167480469, 283.906677246, 300.847808838, 192.611694336, 159.826950073, 183.189788818, 78.0316467285, 34.9394760132, 29.4566860199, 42.5175094604, 80.334197998], [190.296600342, 39.7033538818, 79.9220275879, 77.5566558838, 89.8667144775, 58.7676734924, 56.7516708374, 78.0316467285, 108.797332764, 41.0785980225, 4.81135416031, 12.8066196442, 36.4683609009], [235.705596924, 7.30734539032, 64.548576355, 47.4554023743, 71.5270690918, 66.0028839111, 43.5661468506, 34.9394760132, 41.0785980225, 83.2547149658, 24.057352066, 21.453458786, 25.9292240143], [35.1430664062, 45.2818832397, 84.6348495483, 38.722984314, 38.1831550598, 26.9769554138, 17.8609409332, 29.4566860199, 4.81135416031, 24.057352066, 88.2720794678, 33.6060905457, 2.00905752182], [221.872589111, 15.0984783173, 174.815368652, 136.137939453, 161.733566284, 96.5043640137, 56.0685195923, 42.5175094604, 12.8066196442, 21.453458786, 33.6060905457, 95.9666290283, 65.9223861694], [383.315185547, 62.8775100708, 322.708312988, 258.101409912, 292.337005615, 192.684249878, 118.388252258, 80.334197998, 36.4683609009, 25.9292240143, 2.00905752182, 65.9223861694, 144.283218384]],
        "icov": [[0.000189560349099, -2.98936174659e-06, 0.000113147114462, -8.33563171909e-05, -0.000116939911095, -9.75810144155e-06, -8.57155609992e-05, -3.31002192979e-05, 1.71311439772e-05, -0.00036414762144, 6.98349977029e-05, -8.29111231724e-05, -0.000169506340171], [-2.98936174659e-06, 0.00203343178146, -0.000702916644514, -3.95106653741e-05, 0.000207851320738, 0.00021751029999, -0.000286873837467, -0.00199564779177, 0.00062127324054, 0.000331220537191, -0.000274197052931, 0.000918240344618, 0.000767272489611], [0.000113147114462, -0.000702916644514, 0.00555147835985, -0.00335488258861, -0.00218110415153, -0.00257610832341, 0.00077028357191, -0.000224648945732, 0.000908655230887, 0.000961067213211, -0.00251217535697, 0.000815520412289, 0.000203038114705], [-8.33563171909e-05, -3.95106653741e-05, -0.00335488258861, 0.00737868621945, -0.00413466384634, 0.00213591684587, -0.000575873884372, 0.000499867892358, -0.000795133702923, 0.000579103711061, 0.00088463164866, 0.000301582098473, 0.000208870318602], [-0.000116939911095, 0.000207851320738, -0.00218110415153, -0.00413466384634, 0.0114654861391, -0.00420252047479, -0.000188644888112, -0.00208875304088, 0.000321721920045, -0.000436560745584, 0.00220903707668, -0.00301168626174, -0.00246341573074], [-9.75810144155e-06, 0.00021751029999, -0.00257610832341, 0.00213591684587, -0.00420252047479, 0.0118245985359, -0.00618818961084, 0.00226941960864, 0.000469541089842, -0.00280988751911, 0.000533934740815, 0.000966890889686, -0.00165320734959], [-8.57155609992e-05, -0.000286873837467, 0.00077028357191, -0.000575873884372, -0.000188644888112, -0.00618818961084, 0.0139247169718, -0.00583954015747, 0.000636249838863, -0.000343215855537, 0.000641652964987, 0.000583180633839, -0.000242440233706], [-3.31002192979e-05, -0.00199564779177, -0.000224648945732, 0.000499867892358, -0.00208875304088, 0.00226941960864, -0.00583954015747, 0.0184560734779, -0.00893467385322, 0.0014344714582, -0.00349503615871, -0.000284249195829, -0.00153819366824], [1.71311439772e-05, 0.00062127324054, 0.000908655230887, -0.000795133702923, 0.000321721920045, 0.000469541089842, 0.000636249838863, -0.00893467385322, 0.0171223692596, -0.00650004250929, 0.00203758641146, 0.00146970443893, -0.00161203055177], [-0.00036414762144, 0.000331220537191, 0.000961067213211, 0.000579103711061, -0.000436560745584, -0.00280988751911, -0.000343215855537, 0.0014344714582, -0.00650004250929, 0.0188462361693, -0.00522035406902, -0.000339478399837, 0.000241396701313], [6.98349977029e-05, -0.000274197052931, -0.00251217535697, 0.00088463164866, 0.00220903707668, 0.000533934740815, 0.000641652964987, -0.00349503615871, 0.00203758641146, -0.00522035406902, 0.0176043994725, -0.00788940768689, 0.00398357165977], [-8.29111231724e-05, 0.000918240344618, 0.000815520412289, 0.000301582098473, -0.00301168626174, 0.000966890889686, 0.000583180633839, -0.000284249195829, 0.00146970443893, -0.000339478399837, -0.00788940768689, 0.0202368199825, -0.00749954255298], [-0.000169506340171, 0.000767272489611, 0.000203038114705, 0.000208870318602, -0.00246341573074, -0.00165320734959, -0.000242440233706, -0.00153819366824, -0.00161203055177, 0.000241396701313, 0.00398357165977, -0.00749954255298, 0.0182084795088]]
    },
    "spectral_contrast_coeffs": {
        "max": [-0.473807096481, -0.486497461796, -0.431817293167, -0.579189836979, -0.617973923683, -0.667908132076],
        "mean": [-0.745832026005, -0.74879693985, -0.741460978985, -0.793880820274, -0.799225747585, -0.796517431736],
        "min": [-0.972786307335, -0.982724845409, -0.984507799149, -0.984058439732, -0.974586904049, -0.966047763824],
        "stdev": [0.0815920829773, 0.078353151679, 0.0806670486927, 0.0649892091751, 0.0398357622325, 0.0315771251917]
    },
    "spectral_contrast_valleys": {
        "max": [-5.46016645432, -5.29325723648, -5.57688522339, -5.81882381439, -5.99992370605, -8.18589687347],
        "mean": [-8.70998096466, -7.1907453537, -7.25396442413, -7.41243743896, -7.66171646118, -10.0426826477],
        "min": [-27.793598175, -27.7941951752, -27.2962284088, -27.329536438, -27.4322795868, -27.3304729462],
        "stdev": [2.56703805923, 1.70656168461, 1.74211907387, 1.70457196236, 1.71560442448, 1.64076936245]
    }
},
"rhythm": {
    "beats_count": 62,
    "beats_loudness": {
        "max": 0.171291917562,
        "mean": 0.0331977754831,
        "min": 0.000600309402216,
        "stdev": 0.0306520815939
    },
    "bpm": 129.99432373,
    "bpm_histogram_first_peak_bpm": 129,
    "bpm_histogram_first_peak_weight": 0.240000009537,
    "bpm_histogram_second_peak_bpm": 178,
    "bpm_histogram_second_peak_spread": 0,
    "bpm_histogram_second_peak_weight": 0.24590164423,
    "danceability": 1.26087701321,
    "onset_rate": 2.98400187492,
    "beats_loudness_band_ratio": {
        "max": [0.908192098141, 0.22906948626, 0.87205094099, 0.906607091427, 0.743043839931, 0.228755399585],
        "mean": [0.151789680123, 0.0157211720943, 0.294697612524, 0.36549526453, 0.148246988654, 0.0506672225893],
        "min": [5.83187193115e-06, 0.000150760024553, 0.00359236937948, 0.0122622493654, 0.0162746477872, 0.0033175770659],
        "stdev": [0.235269024968, 0.0362910144031, 0.279784083366, 0.233230412006, 0.137338921428, 0.0394843369722]
    },
    "beats_position": [0.406349211931, 0.835918366909, 1.27709746361, 1.71827661991, 2.18267560005, 2.63546490669, 3.08825397491, 3.55265307426, 4.01705217361, 4.48145103455, 4.94585037231, 5.41024923325, 5.87464857101, 6.32743740082, 6.78022670746, 7.24462556839, 7.70902490616, 8.17342376709, 8.63782310486, 9.10222244263, 9.56662082672, 10.0194101334, 10.47219944, 10.9365987778, 11.4009971619, 11.8653964996, 12.3297958374, 12.7941951752, 13.2585935593, 13.5952835083, 13.9319725037, 14.268661499, 14.6053514481, 14.9420404434, 15.2903394699, 15.6270294189, 15.9753284454, 16.3120174408, 16.6487064362, 16.9737873077, 17.298866272, 17.6239452362, 17.9374141693, 18.2508831024, 18.575963974, 18.9010429382, 19.2261219025, 19.5395908356, 19.8646717072, 20.1781406403, 20.5032196045, 20.8399085999, 21.1882076263, 21.5365066528, 21.8731975555, 22.2098865509, 22.5465755463, 22.8716545105, 23.2083435059, 23.5450344086, 23.8933334351, 24.2300224304],
