{
"metadata": {
    "version": {
        "essentia": "2.1-beta5",
        "essentia_git_sha": "Undefined",
        "extractor": "music 2.0"
    },
    "audio_properties": {
        "analysis": {
            "equal_loudness": 0,
            "length": 22.9761447906,
            "sample_rate": 44100,
            "start_time": 191.483352661,
            "downmix": "mix"
        },
        "bit_rate": 192000,
        "length": 214.482727051,
        "lossless": 0,
        "number_channels": 2,
        "replay_gain": -7.47542762756,
        "sample_rate": 48000,
        "codec": "mp3",
        "md5_encoded": "eb46f872eb57b6ace45aab5a213c0155"
    },
    "tags": {
        "file_name": "Ukraine_Angel_Mika Newton.mp3",
        "encoding": ["Lavf58.29.100"]
    }
},
"lowlevel": {
    "average_loudness": 0.829125881195,
    "barkbands_crest": {
        "max": 25.4156284332,
        "mean": 14.2793188095,
        "min": 3.69701313972,
        "stdev": 5.43229198456
    },
    "barkbands_flatness_db": {
        "max": 0.496455609798,
        "mean": 0.220166653395,
        "min": 0.0219839736819,
        "stdev": 0.12719489634
    },
    "barkbands_kurtosis": {
        "max": 111.317123413,
        "mean": 13.2970228195,
        "min": -1.92265307903,
        "stdev": 19.5762691498
    },
    "barkbands_skewness": {
        "max": 8.09069538116,
        "mean": 1.75795376301,
        "min": -4.27042579651,
        "stdev": 1.75848305225
    },
    "barkbands_spread": {
        "max": 115.488609314,
        "mean": 15.1096506119,
        "min": 0.346419870853,
        "stdev": 18.0239582062
    },
    "dissonance": {
        "max": 0.499999821186,
        "mean": 0.440092176199,
        "min": 0.155429720879,
        "stdev": 0.0616778992116
    },
    "dynamic_complexity": 3.46580529213,
    "erbbands_crest": {
        "max": 33.7165336609,
        "mean": 18.8329257965,
        "min": 2.99224090576,
        "stdev": 9.00233650208
    },
    "erbbands_flatness_db": {
        "max": 0.55357760191,
        "mean": 0.282772481441,
        "min": 0.0547567866743,
        "stdev": 0.137154176831
    },
    "erbbands_kurtosis": {
        "max": 123.775665283,
        "mean": 16.7874088287,
        "min": -1.7226369381,
        "stdev": 25.0925979614
    },
    "erbbands_skewness": {
        "max": 8.42419147491,
        "mean": 2.16700005531,
        "min": -4.09665584564,
        "stdev": 1.96867418289
    },
    "erbbands_spread": {
        "max": 92.7771148682,
        "mean": 16.9750137329,
        "min": 0.471069902182,
        "stdev": 18.5798091888
    },
    "hfc": {
        "max": 225.919113159,
        "mean": 30.2929191589,
        "min": 0.000110558597953,
        "stdev": 25.3421058655
    },
    "loudness_ebu128": {
        "integrated": -14.0457801819,
        "loudness_range": 7.20115661621,
        "momentary": {
            "max": -8.20728397369,
            "mean": -15.3780508041,
            "min": -29.8078746796,
            "stdev": 3.36114287376
        },
        "short_term": {
            "max": -9.60491752625,
            "mean": -14.6530761719,
            "min": -17.9212551117,
            "stdev": 2.52844429016
        }
    },
    "melbands_crest": {
        "max": 34.7732810974,
        "mean": 18.2110977173,
        "min": 4.65762376785,
        "stdev": 6.68955469131
    },
    "melbands_flatness_db": {
        "max": 0.512860417366,
        "mean": 0.247842758894,
        "min": 0.0605515018106,
        "stdev": 0.109603442252
    },
    "melbands_kurtosis": {
        "max": 136.229904175,
        "mean": 18.1055793762,
        "min": -1.86355996132,
        "stdev": 24.1631126404
    },
    "melbands_skewness": {
        "max": 9.31322288513,
        "mean": 1.85937106609,
        "min": -2.55118131638,
        "stdev": 1.60020720959
    },
    "melbands_spread": {
        "max": 248.078979492,
        "mean": 19.6837406158,
        "min": 0.518913984299,
        "stdev": 25.7660121918
    },
    "pitch_salience": {
        "max": 0.872129499912,
        "mean": 0.471428275108,
        "min": 0.106444865465,
        "stdev": 0.187497422099
    },
    "silence_rate_20dB": {
        "max": 1,
        "mean": 1,
        "min": 1,
        "stdev": 0
    },
    "silence_rate_30dB": {
        "max": 1,
        "mean": 0.998990893364,
        "min": 0,
        "stdev": 0.0317499898374
    },
    "silence_rate_60dB": {
        "max": 1,
        "mean": 0.0474268421531,
        "min": 0,
        "stdev": 0.212550625205
    },
    "spectral_centroid": {
        "max": 6167.93261719,
        "mean": 1437.9597168,
        "min": 563.673278809,
        "stdev": 536.642822266
    },
    "spectral_complexity": {
        "max": 34,
        "mean": 11.035317421,
        "min": 0,
        "stdev": 5.12721538544
    },
    "spectral_decrease": {
        "max": -1.62464256593e-14,
        "mean": -6.30037666483e-09,
        "min": -2.85313603854e-08,
        "stdev": 5.20077803046e-09
    },
    "spectral_energy": {
        "max": 0.119269154966,
        "mean": 0.0265267323703,
        "min": 7.13457950496e-08,
        "stdev": 0.0214493405074
    },
    "spectral_energyband_high": {
        "max": 0.0256892498583,
        "mean": 0.000639585661702,
        "min": 3.64898000704e-09,
        "stdev": 0.00179424195085
    },
    "spectral_energyband_low": {
        "max": 0.0429827272892,
        "mean": 0.0028491828125,
        "min": 2.66376531943e-10,
        "stdev": 0.0067290533334
    },
    "spectral_energyband_middle_high": {
        "max": 0.117856197059,
        "mean": 0.0190054345876,
        "min": 4.01304554032e-08,
        "stdev": 0.021710941568
    },
    "spectral_energyband_middle_low": {
        "max": 0.0692618042231,
        "mean": 0.00441570067778,
        "min": 2.96754461004e-08,
        "stdev": 0.00787040218711
    },
    "spectral_entropy": {
        "max": 8.98042488098,
        "mean": 7.10889291763,
        "min": 4.63095092773,
        "stdev": 1.01993238926
    },
    "spectral_flux": {
        "max": 0.249807998538,
        "mean": 0.0761587843299,
        "min": 0.00216369377449,
        "stdev": 0.0428993850946
    },
    "spectral_kurtosis": {
        "max": 35.6689453125,
        "mean": 8.16641712189,
        "min": -1.08139252663,
        "stdev": 7.12210702896
    },
    "spectral_rms": {
        "max": 0.0107870362699,
        "mean": 0.00466361362487,
        "min": 8.34300044517e-06,
        "stdev": 0.00203234679066
    },
    "spectral_rolloff": {
        "max": 13221.3867188,
        "mean": 1756.3548584,
        "min": 64.599609375,
        "stdev": 1693.3560791
    },
    "spectral_skewness": {
        "max": 4.77754020691,
        "mean": 2.15594935417,
        "min": -0.0682690069079,
        "stdev": 0.89789056778
    },
    "spectral_spread": {
        "max": 15269072,
        "mean": 4686703,
        "min": 1849526.75,
        "stdev": 2147439.25
    },
    "spectral_strongpeak": {
        "max": 14.3719139099,
        "mean": 3.81202578545,
        "min": 0.00048795551993,
        "stdev": 3.42518758774
    },
    "zerocrossingrate": {
        "max": 0.4638671875,
        "mean": 0.0731525123119,
        "min": 0.01416015625,
        "stdev": 0.0464230999351
    },
    "barkbands": {
        "max": [0.00580378854647, 0.0375662818551, 0.00545697379857, 0.0094569157809, 0.00522255385295, 0.0188368726522, 0.0385812819004, 0.0607294812799, 0.0622212849557, 0.0523744039237, 0.0820135325193, 0.0613231696188, 0.0470346175134, 0.015959167853, 0.0286266524345, 0.00952977314591, 0.00530940666795, 0.00188420864288, 0.00216647936031, 0.000868145842105, 0.00127362459898, 0.00201238994487, 0.0048468708992, 0.012154141441, 0.00648236321285, 0.00300455815159, 0.000463691336336],
        "mean": [0.000338393991115, 0.00228996784426, 0.000173403706867, 0.000117551040603, 0.000189427548321, 0.000332043098751, 0.000462083931779, 0.000700927863363, 0.00177309231367, 0.00136999716051, 0.00920545589179, 0.00607652263716, 0.00060567521723, 0.000598103040829, 0.000997440773062, 0.000250148208579, 0.000187669487786, 0.00010495990864, 8.94408076419e-05, 5.54405232833e-05, 6.77110656397e-05, 7.47261365177e-05, 0.000106289990072, 0.000178362723091, 0.000109560598503, 5.50775730517e-05, 1.7261469111e-05],
        "min": [6.51299760651e-12, 3.06522446314e-11, 1.29842553376e-10, 2.83007089985e-10, 1.07789355219e-09, 1.43043121792e-09, 1.3941542365e-09, 3.56103968535e-09, 1.54274140129e-08, 1.40662193004e-08, 2.22682161599e-09, 3.537740767e-09, 1.37219446916e-09, 2.63017296831e-09, 2.63147414969e-09, 1.75825454196e-09, 8.52473824864e-09, 6.30798835388e-09, 2.75515804615e-10, 4.98245278369e-10, 3.83688858463e-10, 2.78801715048e-09, 1.31198454878e-10, 1.08737220617e-10, 8.66379051834e-11, 4.01500672986e-11, 2.75028003843e-11],
        "stdev": [0.000880724692252, 0.00571216316894, 0.000520210596733, 0.000436135829659, 0.000526715652086, 0.0013774529798, 0.00246075005271, 0.00293609057553, 0.00490796472877, 0.00411161454394, 0.0164479725063, 0.0099967578426, 0.00237087300047, 0.00123119819909, 0.0028492284473, 0.000581517757382, 0.000490204896778, 0.000165263350937, 0.00013358972501, 6.79095028318e-05, 0.000104640756035, 0.000166172671015, 0.000320926192217, 0.000837261613924, 0.000417928851675, 0.000173894193722, 4.55676454294e-05]
    },
    "erbbands": {
        "max": [2.20906305313, 4.41548109055, 5.66848325729, 22.0400428772, 17.4807415009, 17.6797847748, 39.3065719604, 237.607315063, 543.804504395, 860.536560059, 1371.38696289, 1240.98999023, 2226.57519531, 1844.22583008, 4880.46728516, 1587.57519531, 2268.65527344, 656.223937988, 788.492919922, 843.598632812, 315.415557861, 378.357299805, 97.0541229248, 138.811172485, 42.0064620972, 29.1500034332, 34.2896461487, 84.8107452393, 75.8398971558, 74.0420150757, 153.473739624, 230.901992798, 259.550354004, 111.762542725, 20.838508606, 14.8891239166, 5.01875066757, 0.616881728172, 0.131625965238, 0.00297139491886],
        "mean": [0.121276557446, 0.29104334116, 0.226991504431, 0.318314313889, 0.55855101347, 0.599571585655, 0.992736935616, 3.62267422676, 5.65864038467, 9.72465610504, 19.694524765, 37.8458366394, 57.3652915955, 53.2186508179, 554.222106934, 178.694442749, 40.018497467, 29.8494434357, 47.5072517395, 31.8123397827, 12.639134407, 9.89980697632, 6.10155057907, 5.4125418663, 3.82320404053, 2.44759321213, 2.58776712418, 2.86582970619, 2.64700484276, 2.71448731422, 3.16559553146, 3.33749747276, 3.17839837074, 1.52040851116, 0.572787940502, 0.278754889965, 0.0907908976078, 0.0264003500342, 0.00333800073713, 0.000121771867271],
        "min": [8.95772733767e-10, 1.09552305005e-08, 1.36428511155e-07, 6.61583669626e-07, 1.66573738625e-06, 3.99505552195e-06, 7.54621351007e-06, 1.30849566631e-05, 1.72479140019e-05, 4.75031483802e-05, 7.71057311795e-05, 0.000304523360683, 0.000581619504374, 0.000261246837908, 7.20388343325e-05, 0.000159365983563, 7.83686191426e-05, 9.52345799305e-05, 0.000173921696842, 0.000107425810711, 0.000104323640699, 0.000404409569455, 0.000480489776237, 6.11113428022e-05, 1.69949726114e-05, 2.17791639443e-05, 4.33924606114e-06, 9.53388152993e-05, 7.16725116945e-05, 7.82283223089e-06, 4.07236484534e-06, 3.57395310857e-06, 8.9485308763e-07, 8.56355370615e-07, 6.06077492193e-07, 2.08138700941e-07, 6.88898396106e-08, 2.17894022825e-08, 4.03357658385e-09, 4.22903073671e-10],
        "stdev": [0.318358391523, 0.695506095886, 0.558354914188, 1.06970858574, 1.61103820801, 1.74309968948, 3.0406229496, 16.0564193726, 26.8506641388, 47.7340621948, 71.4905853271, 93.0578384399, 163.653427124, 107.211502075, 954.565368652, 275.516418457, 109.873352051, 50.9085578918, 108.673210144, 80.221031189, 24.6882400513, 25.4223499298, 9.71364879608, 7.69729232788, 4.8010225296, 2.94858169556, 3.71716952324, 5.12232971191, 5.76169204712, 6.25382709503, 10.0931167603, 14.6899852753, 16.4079971313, 6.80486059189, 1.82673406601, 0.935123562813, 0.27748927474, 0.0601283945143, 0.0103228343651, 0.00026984437136]
    },
    "gfcc": {
        "mean": [-60.2441749573, 12.7684421539, -175.556930542, -35.4482040405, -69.8723449707, 23.4738349915, -25.1153812408, 13.1856937408, -18.4581050873, -1.47226977348, -12.744260788, 2.16508293152, -14.8553380966],
        "cov": [[7310.47558594, 2064.67089844, 4953.16455078, 2980.33618164, 1092.10339355, 464.093475342, 172.430770874, 501.580291748, 266.984924316, 880.466491699, -250.348770142, 351.947753906, 593.069702148], [2064.67089844, 1314.19628906, 1733.29931641, 1068.70336914, 409.189178467, 117.200386047, 154.955764771, 244.263214111, 73.777671814, 292.579193115, -87.949180603, 238.936553955, 336.70526123], [4953.16455078, 1733.29931641, 4659.37792969, 2773.09106445, 849.185546875, 415.865722656, 146.057540894, 452.723388672, 215.600402832, 710.313293457, -255.544189453, 313.751495361, 539.497436523], [2980.33618164, 1068.70336914, 2773.09106445, 1977.05615234, 583.096557617, 242.631790161, 24.2378864288, 269.897613525, 203.134628296, 495.086517334, -204.473953247, 114.859199524, 290.977233887], [1092.10339355, 409.189178467, 849.185546875, 583.096557617, 533.536499023, 275.61907959, 100.021369934, 26.4718551636, 109.358306885, 184.389572144, 86.8427734375, 65.5113754272, 44.0281944275], [464.093475342, 117.200386047, 415.865722656, 242.631790161, 275.61907959, 362.72265625, 142.483963013, -29.8971691132, 45.2286529541, 72.8384399414, 148.103881836, 19.5638561249, -19.8337898254], [172.430770874, 154.955764771, 146.057540894, 24.2378864288, 100.021369934, 142.483963013, 197.18132019, 28.286272049, -21.3796749115, 5.98800420761, 64.8716583252, 59.7554893494, 36.6739006042], [501.580291748, 244.263214111, 452.723388672, 269.897613525, 26.4718551636, -29.8971691132, 28.286272049, 169.665802002, 39.5133399963, 68.3937759399, -75.8566131592, 53.7991256714, 101.838691711], [266.984924316, 73.777671814, 215.600402832, 203.134628296, 109.358306885, 45.2286529541, -21.3796749115, 39.5133399963, 137.826309204, 90.999710083, 17.4730987549, -30.7834720612, -9.71472454071], [880.466491699, 292.579193115, 710.313293457, 495.086517334, 184.389572144, 72.8384399414, 5.98800420761, 68.3937759399, 90.999710083, 233.297393799, -26.9925193787, 7.36392736435, 46.933971405], [-250.348770142, -87.949180603, -255.544189453, -204.473953247, 86.8427734375, 148.103881836, 64.8716583252, -75.8566131592, 17.4730987549, -26.9925193787, 197.374465942, 7.6606593132, -82.9966964722], [351.947753906, 238.936553955, 313.751495361, 114.859199524, 65.5113754272, 19.5638561249, 59.7554893494, 53.7991256714, -30.7834720612, 7.36392736435, 7.6606593132, 155.818481445, 119.412658691], [593.069702148, 336.70526123, 539.497436523, 290.977233887, 44.0281944275, -19.8337898254, 36.6739006042, 101.838691711, -9.71472454071, 46.933971405, -82.9966964722, 119.412658691, 193.277618408]],
        "icov": [[0.000562879373319, -0.000109335909656, -0.000485463941004, 0.000168695973116, -0.000346481305314, -7.26728376321e-06, 0.000151486688992, -0.000147560698679, 0.000206726152101, -0.000591226154938, 9.19634112506e-05, 7.83467985457e-05, -0.000163372984389], [-0.000109335909656, 0.0026877662167, 7.58526730351e-05, -0.000765328994021, -0.000855106860399, 0.00135965761729, -0.00133631145582, -0.000591887277551, 0.000481691909954, -0.000910474918783, -0.00131712784059, -0.000357320619514, -0.00260612904094], [-0.000485463941004, 7.58526730351e-05, 0.00232729385607, -0.00234384695068, 0.000451481173513, -0.000812574871816, 7.23845078028e-05, -0.000781889364589, 0.000923248997424, -0.000467700097943, -0.000324283086229, -0.00104053213727, -0.000734451052267], [0.000168695973116, -0.000765328994021, -0.00234384695068, 0.00511768832803, -0.00114925566595, -0.00132159166969, 0.00143019750249, 0.000252590165474, -0.00162833055947, -0.0012867138721, 0.00338763231412, 0.00097422831459, 0.000458524329588], [-0.000346481305314, -0.000855106860399, 0.000451481173513, -0.00114925566595, 0.00583076570183, -0.00241718650796, -0.000513593084179, 0.00188615254592, -0.00257410947233, -0.000293714139843, -0.000119079108117, -0.00265337293968, 0.00208029523492], [-7.26728376321e-06, 0.00135965761729, -0.000812574871816, -0.00132159166969, -0.00241718650796, 0.0104840649292, -0.00530832214281, 0.00173444964457, 0.000413501111325, 0.00112726306543, -0.00690731406212, 0.00328712281771, -0.00161866145208], [0.000151486688992, -0.00133631145582, 7.23845078028e-05, 0.00143019750249, -0.000513593084179, -0.00530832214281, 0.0112228775397, -0.00412404397503, 0.00356316776015, -0.000475144421216, -0.000557081424631, -0.000204338517506, -0.000694834510796], [-0.000147560698679, -0.000591887277551, -0.000781889364589, 0.000252590165474, 0.00188615254592, 0.00173444964457, -0.00412404397503, 0.0138765545562, -0.00657880026847, 0.000378642696887, 0.00378541718237, -0.00254248199053, -0.000720904325135], [0.000206726152101, 0.000481691909954, 0.000923248997424, -0.00162833055947, -0.00257410947233, 0.000413501111325, 0.00356316776015, -0.00657880026847, 0.0162373427302, -0.00367616210133, -0.00623672408983, 0.00590159697458, -0.00279553048313], [-0.000591226154938, -0.000910474918783, -0.000467700097943, -0.0012867138721, -0.000293714139843, 0.00112726306543, -0.000475144421216, 0.000378642696887, -0.00367616210133, 0.0124625815079, -0.000621950719506, 0.00168862647843, 0.00219470541924], [9.19634112506e-05, -0.00131712784059, -0.000324283086229, 0.00338763231412, -0.000119079108117, -0.00690731406212, -0.000557081424631, 0.00378541718237, -0.00623672408983, -0.000621950719506, 0.0192147009075, -0.00932893529534, 0.00909931771457], [7.83467985457e-05, -0.000357320619514, -0.00104053213727, 0.00097422831459, -0.00265337293968, 0.00328712281771, -0.000204338517506, -0.00254248199053, 0.00590159697458, 0.00168862647843, -0.00932893529534, 0.0215637534857, -0.0133021529764], [-0.000163372984389, -0.00260612904094, -0.000734451052267, 0.000458524329588, 0.00208029523492, -0.00161866145208, -0.000694834510796, -0.000720904325135, -0.00279553048313, 0.00219470541924, 0.00909931771457, -0.0133021529764, 0.0228991881013]]
    },
    "melbands": {
        "max": [0.0140392165631, 0.00290925242007, 0.00343416910619, 0.00123653025366, 0.0013336809352, 0.00460299570113, 0.00758373271674, 0.00788297597319, 0.00988997053355, 0.00839771609753, 0.0108494497836, 0.00745595805347, 0.0118103949353, 0.00869294349104, 0.00452022906393, 0.00284290593117, 0.00130846723914, 0.00134588463698, 0.00289348838851, 0.000891511153895, 0.000411944056395, 0.000429717707448, 8.59497231431e-05, 0.000152931257617, 0.000139996263897, 5.77019236516e-05, 1.94359272427e-05, 2.70366763289e-05, 3.27282032231e-05, 2.37472158915e-05, 5.84093322686e-05, 4.54203873232e-05, 4.32822198491e-05, 5.25655159436e-05, 8.16008323454e-05, 0.000123561912915, 0.000144457677379, 0.000209754347452, 0.000138262519613, 7.51656625653e-05],
        "mean": [0.00082042068243, 0.000187466430361, 6.1741535319e-05, 4.29169922427e-05, 3.34330070473e-05, 7.84625808592e-05, 8.80051738932e-05, 0.000114755319373, 0.000176136643859, 0.000256925297435, 0.0002793748572, 0.000127010091092, 0.00146075966768, 0.00102861027699, 0.000196083579795, 5.18975903105e-05, 5.58145729883e-05, 6.96097195032e-05, 7.84808944445e-05, 2.23314054892e-05, 1.27182292999e-05, 1.15252560136e-05, 6.11200175626e-06, 4.86421959067e-06, 4.37745802628e-06, 3.01500040223e-06, 2.06101231015e-06, 1.55806048951e-06, 1.60771628543e-06, 1.59109242759e-06, 1.70523037468e-06, 1.51773838297e-06, 1.37771860409e-06, 1.55619864017e-06, 1.77519711997e-06, 1.94335302695e-06, 2.07540415431e-06, 2.35752577282e-06, 1.7527173668e-06, 1.13416376735e-06],
        "min": [7.39911864417e-12, 4.9144906894e-11, 1.40935471626e-10, 1.96930527441e-10, 2.55742010902e-10, 2.93405244545e-10, 2.62821264752e-10, 6.13611050859e-10, 5.87004556074e-10, 2.29509611316e-09, 2.92672219793e-09, 1.10351194849e-09, 2.47055265135e-10, 3.27256721722e-10, 3.97049365608e-10, 6.77521788672e-11, 2.03016534139e-10, 2.98824714973e-10, 1.69156758045e-10, 1.45530351658e-10, 1.07543307593e-10, 2.61115157274e-10, 8.93134677327e-10, 1.59800631061e-10, 3.23149978998e-11, 5.77698262491e-12, 2.29170710186e-11, 1.1077518243e-11, 9.35132938966e-13, 1.72451777251e-12, 9.2780678973e-11, 6.24297905039e-11, 5.5613551958e-12, 2.60070849405e-12, 2.27232468952e-12, 2.29277859719e-12, 2.06286550342e-12, 5.04344125057e-13, 6.17358540591e-13, 7.53285942737e-13],
        "stdev": [0.0020892363973, 0.000398088828661, 0.000188235309906, 0.000121427205158, 0.000101951518445, 0.000324599706801, 0.000416961032897, 0.000524365459569, 0.000616915232968, 0.000666160194669, 0.000819307402708, 0.000430676707765, 0.00249298079871, 0.00162803241983, 0.000520130386576, 0.000204363983357, 0.000105044229713, 0.000159551258548, 0.000260626809904, 5.60196094739e-05, 3.29720314767e-05, 3.39240177709e-05, 8.32353453006e-06, 1.0403206943e-05, 7.20336629456e-06, 4.60092223875e-06, 2.42237001657e-06, 2.13146199712e-06, 2.46529157266e-06, 2.38351026383e-06, 3.37584879162e-06, 3.31265164277e-06, 3.32861873176e-06, 3.62021046385e-06, 5.20003095517e-06, 7.89565001469e-06, 9.57344036578e-06, 1.26375580294e-05, 8.27445637697e-06, 5.12228507432e-06]
    },
    "melbands128": {
        "max": [0.00530487950891, 0.0224099103361, 0.0150919109583, 0.00538166146725, 0.00294054439291, 0.00277874106541, 0.00523315602913, 0.00378928845748, 0.00184981769416, 0.00129419262521, 0.00104428967461, 0.00220956839621, 0.00144467479549, 0.00421712081879, 0.00794205628335, 0.00754663348198, 0.00951210316271, 0.0110180042684, 0.0125635452569, 0.0143312476575, 0.0102815441787, 0.0190716441721, 0.0108717074618, 0.0176108498126, 0.0113969761878, 0.0174907743931, 0.0195177122951, 0.0197341870517, 0.0128895249218, 0.0113090062514, 0.0132750915363, 0.0151915792376, 0.0182391833514, 0.0381881967187, 0.0162132289261, 0.00853060837835, 0.0092151761055, 0.00753504876047, 0.0128589589149, 0.00472129695117, 0.00492755137384, 0.00185414240696, 0.00270809349604, 0.00241673272103, 0.0043018325232, 0.00225746026263, 0.0036759278737, 0.00747797265649, 0.00222144485451, 0.000822041125502, 0.00174717733171, 0.000942470796872, 0.000394138711272, 0.00117311440408, 0.000948578992393, 0.000763776246458, 0.000565972353797, 0.000125463542645, 0.00015883204469, 0.000186745048268, 0.000342781393556, 0.000105987179268, 9.30371243157e-05, 0.000341350270901, 0.000110481487354, 0.000127501567476, 7.36975416658e-05, 4.69272490591e-05, 2.05373144126e-05, 2.18643144763e-05, 3.53638606612e-05, 5.343403609e-05, 8.01491260063e-05, 2.86427839455e-05, 2.90344123641e-05, 2.61539444182e-05, 3.52742026735e-05, 5.49418582523e-05, 6.56268312014e-05, 5.58254032512e-05, 4.66523233627e-05, 4.61760937469e-05, 4.25908438046e-05, 5.50359400222e-05, 6.33697054582e-05, 3.50873888237e-05, 7.67593373894e-05, 7.17306320439e-05, 7.6502088632e-05, 9.36732685659e-05, 0.000157757531269, 0.000142557837535, 0.000163903881912, 0.000174684872036, 0.000142033459269, 0.000159699018695, 0.000360609963536, 0.000242004505708, 8.53944075061e-05, 0.000179316833965, 0.000117588067951, 8.85376284714e-05, 8.374236495e-05, 4.88047771796e-05, 2.3730484827e-05, 2.10682519537e-05, 3.70932903024e-05, 2.9039754736e-05, 3.03995475406e-05, 2.68096500804e-05, 3.34220894729e-05, 2.56377807091e-05, 1.36003955049e-05, 9.39580604609e-06, 7.41132498661e-06, 9.00188024389e-06, 4.49696108262e-06, 2.90552043225e-06, 3.52896245204e-06, 9.49314289755e-06, 3.76384309675e-06, 3.48197113453e-06, 1.47130526784e-06, 6.96622706187e-08, 2.13968087692e-09, 2.1103965242e-09, 2.0871551154e-09, 2.07288275433e-09],
        "mean": [0.000324050546624, 0.0011966744205, 0.000909183174372, 0.000342987157637, 0.000124740879983, 7.93187136878e-05, 6.36124241282e-05, 5.70451629756e-05, 5.85174529988e-05, 4.71260682389e-05, 2.93380817311e-05, 2.52830941463e-05, 2.43442318606e-05, 5.15067440574e-05, 9.63235361269e-05, 7.43981217965e-05, 9.09534937819e-05, 8.31858342281e-05, 9.65181316133e-05, 9.97106253635e-05, 0.00013360271987, 0.000136775692226, 0.000180005779839, 0.000218608038267, 0.000220349815208, 0.000266362971161, 0.000350286223693, 0.000355105759809, 0.000143284007208, 9.59821772994e-05, 0.000105350787635, 0.000209998092032, 0.000799633620773, 0.00374456471764, 0.001218163874, 0.000274437799817, 0.000338268844644, 0.000247514981311, 6.64396357024e-05, 4.81712704641e-05, 6.48660061415e-05, 2.86911817966e-05, 4.53814536741e-05, 8.79136132426e-05, 4.62865973532e-05, 5.86817623116e-05, 9.44390412769e-05, 0.000129261752591, 4.16323928221e-05, 1.54744102474e-05, 2.95901281788e-05, 1.81028972293e-05, 7.10108133717e-06, 1.52643533511e-05, 1.34824476845e-05, 1.27564817376e-05, 7.58348051022e-06, 6.42029863229e-06, 5.51706898477e-06, 5.56217446501e-06, 4.9269738156e-06, 3.73242187379e-06, 5.90040826864e-06, 4.24856762038e-06, 2.67085079031e-06, 3.15721740662e-06, 3.04183618027e-06, 2.65971857516e-06, 1.73633554823e-06, 1.35820562264e-06, 1.32504953854e-06, 1.89694173969e-06, 1.81132713806e-06, 1.38051552767e-06, 1.53342625708e-06, 1.76568175903e-06, 1.47672813e-06, 1.63496247296e-06, 1.86508339084e-06, 1.58425427799e-06, 1.58013972396e-06, 1.44578677919e-06, 1.43495867633e-06, 1.24194434648e-06, 1.51114420532e-06, 1.44249872847e-06, 1.58947375439e-06, 1.7694858343e-06, 1.75842183125e-06, 1.75519005552e-06, 2.00123508876e-06, 1.95164989236e-06, 1.93212690647e-06, 2.08636447496e-06, 2.1505886707e-06, 2.18740342461e-06, 2.59097737398e-06, 2.42953933594e-06, 1.57726503858e-06, 1.62367211942e-06, 1.27956900542e-06, 1.13530916224e-06, 8.1727188217e-07, 6.83609869156e-07, 5.65016421206e-07, 4.70430961741e-07, 7.89151044955e-07, 4.64244351406e-07, 4.92039589517e-07, 4.33310560766e-07, 3.80562340752e-07, 2.56008632959e-07, 2.40872168433e-07, 2.89728831149e-07, 2.95856267485e-07, 2.4723354386e-07, 1.88829602621e-07, 1.47603529399e-07, 1.32421192234e-07, 1.28740921923e-07, 7.42394021813e-08, 7.01857345575e-08, 2.82173537869e-08, 8.32029445341e-10, 5.49097226021e-12, 5.33250830645e-12, 5.23459704402e-12, 5.19395073825e-12],
        "min": [4.34464015328e-13, 5.70351231521e-12, 5.51174383912e-12, 1.55388306389e-11, 5.44752680465e-11, 6.30255014844e-11, 5.5360611928e-11, 1.47334311418e-10, 1.62364510725e-10, 1.8350418407e-10, 2.26810126236e-10, 2.60630322879e-10, 2.58837007383e-10, 2.54957888135e-10, 2.90796942082e-10, 3.2331376465e-10, 2.94501173448e-10, 2.19599255447e-10, 2.44573500341e-10, 5.14747688918e-10, 8.54313952914e-10, 7.96155585903e-10, 4.1831013653e-10, 4.55992493764e-10, 1.43194289759e-09, 3.2312001963e-09, 4.00946342793e-09, 3.0657101302e-09, 1.93876315002e-09, 1.32287703014e-09, 8.8921947583e-10, 4.42537007039e-10, 1.58786941928e-10, 1.33798500057e-10, 2.01891406371e-10, 3.77126552209e-10, 5.61916180253e-10, 4.65814109507e-10, 2.80445028311e-10, 9.77750658215e-11, 1.67523269562e-11, 1.36270682238e-11, 1.4458338693e-10, 3.72202574317e-10, 2.8229635296e-10, 2.8533847507e-10, 3.23705451333e-10, 1.5835933953e-10, 1.11371259437e-10, 1.32424349264e-10, 1.56560611697e-10, 1.54758636461e-10, 9.36861213607e-11, 6.51330656076e-11, 1.89001328477e-10, 8.9980689566e-11, 2.64810562367e-10, 1.6555087301e-09, 6.96118218624e-10, 2.97510099889e-10, 1.41397379916e-10, 7.99490473824e-11, 4.67808153326e-11, 1.87135723584e-11, 5.90317291577e-12, 5.50651971937e-12, 2.75872662388e-12, 1.31072479259e-11, 3.53321226443e-11, 2.63254799904e-11, 1.09051448427e-11, 3.38205093271e-12, 9.2722975565e-13, 3.64700619964e-13, 1.05677782063e-12, 9.12238600631e-13, 1.8507790786e-12, 4.61287431863e-12, 7.19354090184e-11, 6.46969353091e-11, 1.63299859746e-11, 1.61752850697e-11, 4.49045314821e-12, 5.97727596585e-12, 4.82338257876e-12, 2.42978618996e-12, 1.90009054497e-12, 2.73544533379e-12, 1.78283299582e-12, 2.82523527143e-12, 1.56471038383e-12, 2.43759504769e-12, 2.90390281266e-12, 2.74206872486e-12, 9.31200429266e-13, 5.40011882866e-13, 4.13831919037e-13, 4.95853141533e-13, 3.83184857542e-13, 9.90239791207e-13, 6.50406594901e-13, 5.55199929e-13, 1.1680216256e-12, 3.67114568996e-13, 7.94099378268e-13, 7.7686771946e-13, 6.09109876253e-13, 3.31677746249e-13, 2.33351071756e-13, 2.82081270234e-13, 5.19294188813e-13, 2.36072907099e-13, 1.22119233671e-13, 1.66901093098e-13, 1.936993453e-13, 1.89089846211e-13, 1.96039555032e-13, 1.20502634021e-13, 1.24946426361e-13, 1.00284736841e-13, 9.68619986736e-14, 1.02687173001e-13, 9.94552544161e-14, 9.11764899149e-14, 6.91187084238e-14, 2.62262406887e-14, 3.37836592265e-15, 1.19886144914e-16],
        "stdev": [0.00084789050743, 0.00319657078944, 0.00232454598881, 0.000790419406258, 0.000296375510516, 0.000252492405707, 0.000237120169913, 0.000205996693694, 0.000171143532498, 0.000148559731315, 9.55447176239e-05, 9.62771446211e-05, 7.45643701521e-05, 0.000252027472015, 0.000536205305252, 0.000343228806742, 0.000473699124996, 0.000507942575496, 0.000692549219821, 0.00069722085027, 0.000669806730002, 0.000820395187475, 0.000762387411669, 0.000877561571542, 0.000656205113046, 0.00102044001687, 0.00146917602979, 0.00120774342213, 0.000745199096855, 0.00057601777371, 0.000491568469442, 0.000980098964646, 0.00208953721449, 0.00717373052612, 0.00255878083408, 0.00103087222669, 0.00120426039211, 0.000848905532621, 0.000500658585224, 0.000260056141997, 0.000344495347235, 0.000118303949421, 0.000141236974741, 0.000183003590791, 0.000202528841328, 0.000228516757488, 0.000339249003446, 0.00060319743352, 0.000157929374836, 5.16965737916e-05, 0.000105502913357, 4.88899568154e-05, 2.07639113796e-05, 7.45932993595e-05, 5.61353626836e-05, 5.66033377254e-05, 2.71854914899e-05, 9.93652702164e-06, 1.21550847325e-05, 1.298884672e-05, 2.05882515729e-05, 8.16286137706e-06, 8.35481932882e-06, 1.4397315681e-05, 7.13111512596e-06, 6.61667263557e-06, 6.41911810817e-06, 4.4954886107e-06, 2.49912545769e-06, 2.08623987419e-06, 2.14623128159e-06, 3.17186254506e-06, 3.80485403184e-06, 2.55609029409e-06, 2.65084077e-06, 2.92625281872e-06, 2.65324570137e-06, 3.1759761896e-06, 3.94459448216e-06, 3.87445879824e-06, 3.52026245309e-06, 3.53283962795e-06, 3.68804467143e-06, 3.27072939399e-06, 3.98398333346e-06, 3.42119869856e-06, 4.22955963586e-06, 4.45196928922e-06, 5.13279564984e-06, 6.43338125883e-06, 7.88867509982e-06, 8.62985052663e-06, 8.85995359567e-06, 1.02375488495e-05, 1.06057859739e-05, 1.10994033093e-05, 1.66315985553e-05, 1.38735958899e-05, 6.38997880742e-06, 8.53009078128e-06, 6.0149818637e-06, 5.58326155442e-06, 3.71431156054e-06, 2.89508034257e-06, 1.64717766893e-06, 1.59223168339e-06, 3.13481109515e-06, 1.71555063844e-06, 1.78608581791e-06, 1.66182303474e-06, 1.58479883794e-06, 1.1377582041e-06, 7.83399968896e-07, 8.12001587747e-07, 7.45532645396e-07, 6.2310721205e-07, 4.63987589683e-07, 3.56056062856e-07, 3.44929787843e-07, 6.11321752331e-07, 2.82715859612e-07, 2.80743563508e-07, 1.00493394939e-07, 3.92997367982e-09, 6.80338979597e-11, 6.71055155888e-11, 6.63681887225e-11, 6.59147667004e-11]
    },
    "mfcc": {
        "mean": [-702.650024414, 70.1197357178, -50.7979011536, -40.9512786865, -23.5334014893, -7.47163677216, -3.73555326462, 10.9734840393, -2.51481056213, 6.6417016983, -0.445138663054, 1.70855391026, 3.26173424721],
        "cov": [[5844.234375, 1379.59716797, 3278.78222656, 2222.30371094, 1119.55126953, 821.120117188, 551.806396484, -95.874420166, 984.941589355, -12.2404556274, 156.011886597, 94.3409042358, -81.7780761719], [1379.59716797, 949.951660156, 804.496704102, 624.045471191, 244.121170044, 181.019744873, 210.242980957, 55.9949264526, 361.756744385, -101.714935303, -55.7715873718, 9.85056781769, 21.7490234375], [3278.78222656, 804.496704102, 3185.3359375, 1930.28845215, 1090.52416992, 782.048522949, 466.854125977, -44.2161216736, 718.521972656, 111.397453308, 153.92086792, 115.123687744, -11.3206453323], [2222.30371094, 624.045471191, 1930.28845215, 1457.33520508, 761.199768066, 497.086364746, 273.545013428, -56.1145706177, 515.246398926, 76.4002990723, 130.755310059, 69.0972671509, -34.6279373169], [1119.55126953, 244.121170044, 1090.52416992, 761.199768066, 677.364929199, 426.618469238, 188.754730225, 10.2230072021, 162.812133789, 141.522079468, 113.396934509, 107.521583557, 127.679039001], [821.120117188, 181.019744873, 782.048522949, 497.086364746, 426.618469238, 470.351165771, 247.76550293, 20.8397502899, 86.4406814575, 105.769355774, 111.185699463, 87.7141113281, 101.782783508], [551.806396484, 210.242980957, 466.854125977, 273.545013428, 188.754730225, 247.76550293, 243.584106445, 62.3062705994, 91.658493042, 17.6064071655, 35.5717010498, 42.242351532, 54.0281028748], [-95.874420166, 55.9949264526, -44.2161216736, -56.1145706177, 10.2230072021, 20.8397502899, 62.3062705994, 142.133834839, -6.64451980591, -11.1534471512, -55.6020317078, 14.8562602997, 65.463760376], [984.941589355, 361.756744385, 718.521972656, 515.246398926, 162.812133789, 86.4406814575, 91.658493042, -6.64451980591, 365.830718994, -39.5863265991, 0.168811008334, -23.8514842987, -102.767440796], [-12.2404556274, -101.714935303, 111.397453308, 76.4002990723, 141.522079468, 105.769355774, 17.6064071655, -11.1534471512, -39.5863265991, 181.422393799, 97.1938247681, 53.9793167114, 49.3029556274], [156.011886597, -55.7715873718, 153.92086792, 130.755310059, 113.396934509, 111.185699463, 35.5717010498, -55.6020317078, 0.168811008334, 97.1938247681, 164.291412354, 56.5582351685, 2.34476041794], [94.3409042358, 9.85056781769, 115.123687744, 69.0972671509, 107.521583557, 87.7141113281, 42.242351532, 14.8562602997, -23.8514842987, 53.9793167114, 56.5582351685, 91.9856491089, 75.6638336182], [-81.7780761719, 21.7490234375, -11.3206453323, -34.6279373169, 127.679039001, 101.782783508, 54.0281028748, 65.463760376, -102.767440796, 49.3029556274, 2.34476041794, 75.6638336182, 185.693466187]],
        "icov": [[0.000546877679881, -0.000273064651992, -0.000230180419749, -9.534144192e-05, -0.000126118698972, -0.000118100135296, -0.000168029102497, 0.000444709643489, -0.000456284557004, 0.000245883740718, -5.62638742849e-05, -0.000162181837368, 3.35642398568e-05], [-0.000273064651992, 0.00275317206979, 0.000592711963691, -0.00104660692159, 0.000510407669935, 0.000238123597228, -0.00132429366931, 0.000370924040908, -0.00216533546336, 0.000891984906048, 0.000876619888004, 2.31694480135e-06, -0.00227586878464], [-0.000230180419749, 0.000592711963691, 0.00218228669837, -0.00176388234831, -0.000572935037781, -0.000463400298031, -0.00105562084354, 0.000674728304148, -0.00118277885485, -0.000155363159138, 0.00131833378691, -0.00081599666737, 5.3047297115e-05], [-9.534144192e-05, -0.00104660692159, -0.00176388234831, 0.00629610847682, -0.00355894910172, -9.83732825262e-05, 0.000512462924235, 0.000922208360862, -0.00201277132146, 0.00028394247056, -0.00101794232614, -0.000222844551899, 0.00208826735616], [-0.000126118698972, 0.000510407669935, -0.000572935037781, -0.00355894910172, 0.00901099480689, -0.00358303659596, 0.00288679660298, -0.0012873421656, 0.000530128425453, -0.00173537491355, -0.00031746464083, 0.00064151850529, -0.00493508763611], [-0.000118100135296, 0.000238123597228, -0.000463400298031, -9.83732825262e-05, -0.00358303659596, 0.010563492775, -0.00766407186165, 0.00134841958061, 0.00194486184046, -0.000833630387206, -0.00158645550255, 0.000674776092637, -0.000655689334963], [-0.000168029102497, -0.00132429366931, -0.00105562084354, 0.000512462924235, 0.00288679660298, -0.00766407186165, 0.0144316907972, -0.00599029567093, 1.44972864291e-05, 0.00153877586126, -0.00280523416586, 0.000679551390931, -0.000400888966396], [0.000444709643489, 0.000370924040908, 0.000674728304148, 0.000922208360862, -0.0012873421656, 0.00134841958061, -0.00599029567093, 0.0142153939232, -0.0034275315702, -0.00121911230963, 0.00603216420859, -0.00243185576983, -0.00341545999981], [-0.000456284557004, -0.00216533546336, -0.00118277885485, -0.00201277132146, 0.000530128425453, 0.00194486184046, 1.44972864291e-05, -0.0034275315702, 0.0121914828196, -0.000247579824645, -0.000549564603716, 0.00046701109386, 0.00600826041773], [0.000245883740718, 0.000891984906048, -0.000155363159138, 0.00028394247056, -0.00173537491355, -0.000833630387206, 0.00153877586126, -0.00121911230963, -0.000247579824645, 0.0107740359381, -0.00526167685166, -0.00026292813709, -0.0011445262935], [-5.62638742849e-05, 0.000876619888004, 0.00131833378691, -0.00101794232614, -0.00031746464083, -0.00158645550255, -0.00280523416586, 0.00603216420859, -0.000549564603716, -0.00526167685166, 0.0161462724209, -0.00911423098296, 0.00414331490174], [-0.000162181837368, 2.31694480135e-06, -0.00081599666737, -0.000222844551899, 0.00064151850529, 0.000674776092637, 0.000679551390931, -0.00243185576983, 0.00046701109386, -0.00026292813709, -0.00911423098296, 0.025098932907, -0.0100979702547], [3.35642398568e-05, -0.00227586878464, 5.3047297115e-05, 0.00208826735616, -0.00493508763611, -0.000655689334963, -0.000400888966396, -0.00341545999981, 0.00600826041773, -0.0011445262935, 0.00414331490174, -0.0100979702547, 0.0188238564879]]
    },
    "spectral_contrast_coeffs": {
        "max": [-0.557721734047, -0.416568160057, -0.363879650831, -0.442428469658, -0.628450393677, -0.69948887825],
        "mean": [-0.781540572643, -0.717096865177, -0.642093479633, -0.752282321453, -0.785081923008, -0.79459643364],
        "min": [-0.976568281651, -0.936741292477, -0.886455953121, -0.931258320808, -0.869254827499, -0.883715867996],
        "stdev": [0.0695678293705, 0.0814850330353, 0.126225784421, 0.0908931419253, 0.0488065853715, 0.0201799366623]
    },
    "spectral_contrast_valleys": {
        "max": [-5.31936979294, -5.81534814835, -5.64435815811, -6.59334373474, -6.35017347336, -7.27633666992],
        "mean": [-9.30354976654, -7.64131832123, -7.47569561005, -7.93922710419, -8.19330024719, -10.3012495041],
        "min": [-13.9470233917, -12.1520290375, -12.198554039, -12.6654529572, -13.5060558319, -14.9951095581],
        "stdev": [2.18860793114, 1.01420474052, 0.898726046085, 0.701142191887, 0.884504497051, 1.00651431084]
    }
},
"rhythm": {
    "beats_count": 40,
    "beats_loudness": {
        "max": 0.0686763897538,
        "mean": 0.0253930129111,
        "min": 0.00198251754045,
        "stdev": 0.0169051866978
    },
    "bpm": 125.867927551,
    "bpm_histogram_first_peak_bpm": 126,
    "bpm_histogram_first_peak_weight": 0.333333313465,
    "bpm_histogram_second_peak_bpm": 115,
    "bpm_histogram_second_peak_spread": 0.272727310658,
    "bpm_histogram_second_peak_weight": 0.205128207803,
    "danceability": 0.848250329494,
    "onset_rate": 3.17560362816,
    "beats_loudness_band_ratio": {
        "max": [0.625748515129, 0.703921079636, 0.946307659149, 0.99331510067, 0.6953368783, 0.923736512661],
        "mean": [0.0765807032585, 0.0270368270576, 0.208897709846, 0.516077518463, 0.117237880826, 0.0771110504866],
        "min": [7.82897643603e-07, 3.84573149859e-06, 0.00214078021236, 0.00573596265167, 0.00610820017755, 0.000688665197231],
        "stdev": [0.153616711497, 0.109367869794, 0.238323822618, 0.348733067513, 0.155305594206, 0.178556829691]
    },
    "beats_position": [0.696598649025, 1.39319729805, 2.07818579674, 2.76317453384, 3.43655323982, 4.1099319458, 4.79492044449, 5.47990942001, 6.15328788757, 6.81505680084, 7.47682523727, 8.15020370483, 8.82358264923, 9.34603118896, 9.86848068237, 10.3909292221, 10.866938591, 11.354557991, 11.8305664062, 12.2833557129, 12.7477550507, 13.2121543884, 13.7462129593, 14.268661499, 14.7911109924, 15.3135595322, 15.8360090256, 16.3700675964, 16.904127121, 17.426574707, 17.9025840759, 18.3785934448, 18.8546028137, 19.3422222137, 19.8182315826, 20.3058490753, 20.7818584442, 21.2578678131, 21.733877182, 22.2098865509],
