{
"metadata": {
    "version": {
        "essentia": "2.1-beta5",
        "essentia_git_sha": "Undefined",
        "extractor": "music 2.0"
    },
    "audio_properties": {
        "analysis": {
            "equal_loudness": 0,
            "length": 32.4963264465,
            "sample_rate": 44100,
            "start_time": 142.744674683,
            "downmix": "mix"
        },
        "bit_rate": 192000,
        "length": 207.818603516,
        "lossless": 0,
        "number_channels": 2,
        "replay_gain": -5.67369270325,
        "sample_rate": 48000,
        "codec": "mp3",
        "md5_encoded": "706c35e16cf13e0f32ca811f430380e8"
    },
    "tags": {
        "file_name": "San Marino_Stand By_Senit.mp3",
        "encoding": ["Lavf58.29.100"]
    }
},
"lowlevel": {
    "average_loudness": 0.960732161999,
    "barkbands_crest": {
        "max": 23.0400924683,
        "mean": 10.5792274475,
        "min": 3.12268877029,
        "stdev": 3.80146169662
    },
    "barkbands_flatness_db": {
        "max": 0.337892264128,
        "mean": 0.148789256811,
        "min": 0.0496631301939,
        "stdev": 0.0479143671691
    },
    "barkbands_kurtosis": {
        "max": 80.232673645,
        "mean": 4.79518032074,
        "min": -1.92669177055,
        "stdev": 8.85214042664
    },
    "barkbands_skewness": {
        "max": 8.25856971741,
        "mean": 1.52259457111,
        "min": -0.743026375771,
        "stdev": 1.24726831913
    },
    "barkbands_spread": {
        "max": 94.2489852905,
        "mean": 19.481918335,
        "min": 1.16626024246,
        "stdev": 12.5242595673
    },
    "dissonance": {
        "max": 0.499911308289,
        "mean": 0.448555380106,
        "min": 0.220980063081,
        "stdev": 0.0401661992073
    },
    "dynamic_complexity": 1.88756763935,
    "erbbands_crest": {
        "max": 31.0385150909,
        "mean": 11.8635559082,
        "min": 2.78378820419,
        "stdev": 5.81036090851
    },
    "erbbands_flatness_db": {
        "max": 0.326662540436,
        "mean": 0.171640023589,
        "min": 0.06587087363,
        "stdev": 0.0418057516217
    },
    "erbbands_kurtosis": {
        "max": 41.1067810059,
        "mean": 2.00142168999,
        "min": -1.85494446754,
        "stdev": 3.62992572784
    },
    "erbbands_skewness": {
        "max": 5.32453155518,
        "mean": 0.775195300579,
        "min": -1.52263915539,
        "stdev": 0.855676829815
    },
    "erbbands_spread": {
        "max": 141.63684082,
        "mean": 32.6316757202,
        "min": 5.12455463409,
        "stdev": 19.4315299988
    },
    "hfc": {
        "max": 202.518493652,
        "mean": 24.1886310577,
        "min": 0.177013576031,
        "stdev": 18.3580112457
    },
    "loudness_ebu128": {
        "integrated": -17.1322422028,
        "loudness_range": 2.16276168823,
        "momentary": {
            "max": -14.7055196762,
            "mean": -17.3741817474,
            "min": -21.3462810516,
            "stdev": 1.48452115059
        },
        "short_term": {
            "max": -15.9591407776,
            "mean": -17.3012542725,
            "min": -18.8954334259,
            "stdev": 0.773432672024
        }
    },
    "melbands_crest": {
        "max": 31.823507309,
        "mean": 14.8121767044,
        "min": 5.02611303329,
        "stdev": 5.43239450455
    },
    "melbands_flatness_db": {
        "max": 0.405512303114,
        "mean": 0.204995244741,
        "min": 0.0774431526661,
        "stdev": 0.0551571026444
    },
    "melbands_kurtosis": {
        "max": 360.365203857,
        "mean": 12.4218244553,
        "min": -1.35503697395,
        "stdev": 22.8251132965
    },
    "melbands_skewness": {
        "max": 16.1619434357,
        "mean": 2.30934119225,
        "min": -0.430627405643,
        "stdev": 1.7760488987
    },
    "melbands_spread": {
        "max": 119.265327454,
        "mean": 21.4222393036,
        "min": 0.984471440315,
        "stdev": 12.7701778412
    },
    "pitch_salience": {
        "max": 0.826869428158,
        "mean": 0.500211536884,
        "min": 0.10779440403,
        "stdev": 0.106749512255
    },
    "silence_rate_20dB": {
        "max": 1,
        "mean": 1,
        "min": 1,
        "stdev": 0
    },
    "silence_rate_30dB": {
        "max": 1,
        "mean": 1,
        "min": 1,
        "stdev": 0
    },
    "silence_rate_60dB": {
        "max": 1,
        "mean": 0.000713775865734,
        "min": 0,
        "stdev": 0.0267070475966
    },
    "spectral_centroid": {
        "max": 3470.5559082,
        "mean": 1040.51477051,
        "min": 256.27532959,
        "stdev": 450.652923584
    },
    "spectral_complexity": {
        "max": 39,
        "mean": 17.6409702301,
        "min": 1,
        "stdev": 6.66269397736
    },
    "spectral_decrease": {
        "max": -7.60102675246e-11,
        "mean": -8.01651900417e-09,
        "min": -2.91389827822e-08,
        "stdev": 4.33625846341e-09
    },
    "spectral_energy": {
        "max": 0.114155158401,
        "mean": 0.032450158149,
        "min": 0.000302936503431,
        "stdev": 0.0172399915755
    },
    "spectral_energyband_high": {
        "max": 0.0228944700211,
        "mean": 0.000862253713422,
        "min": 3.58443980986e-06,
        "stdev": 0.00178366282489
    },
    "spectral_energyband_low": {
        "max": 0.0748605877161,
        "mean": 0.00776004930958,
        "min": 4.91966966365e-06,
        "stdev": 0.00826680567116
    },
    "spectral_energyband_middle_high": {
        "max": 0.0538400709629,
        "mean": 0.00765483733267,
        "min": 4.75650995213e-05,
        "stdev": 0.008076232858
    },
    "spectral_energyband_middle_low": {
        "max": 0.0943309217691,
        "mean": 0.0181460734457,
        "min": 0.000248339492828,
        "stdev": 0.0141802178696
    },
    "spectral_entropy": {
        "max": 8.79199790955,
        "mean": 7.46484804153,
        "min": 5.45021820068,
        "stdev": 0.43084436655
    },
    "spectral_flux": {
        "max": 0.309088498354,
        "mean": 0.0926969796419,
        "min": 0.0145828947425,
        "stdev": 0.0457818433642
    },
    "spectral_kurtosis": {
        "max": 21.6153106689,
        "mean": 3.92661499977,
        "min": -1.2293394804,
        "stdev": 2.40151166916
    },
    "spectral_rms": {
        "max": 0.0105532407761,
        "mean": 0.00544236181304,
        "min": 0.000543643080164,
        "stdev": 0.00142807466909
    },
    "spectral_rolloff": {
        "max": 9711.47460938,
        "mean": 1247.8034668,
        "min": 107.666015625,
        "stdev": 1245.21166992
    },
    "spectral_skewness": {
        "max": 3.81547546387,
        "mean": 1.62374317646,
        "min": -0.0261019617319,
        "stdev": 0.432354271412
    },
    "spectral_spread": {
        "max": 13836322,
        "mean": 4948494,
        "min": 2534757.25,
        "stdev": 1564361.125
    },
    "spectral_strongpeak": {
        "max": 7.28337144852,
        "mean": 1.39875400066,
        "min": 0.0205155313015,
        "stdev": 1.34446597099
    },
    "zerocrossingrate": {
        "max": 0.25146484375,
        "mean": 0.0536656305194,
        "min": 0.01025390625,
        "stdev": 0.0286602638662
    },
    "barkbands": {
        "max": [0.00977168977261, 0.0639633461833, 0.0175257362425, 0.0444135703146, 0.0829526931047, 0.0664801448584, 0.0532323159277, 0.0233387071639, 0.0570727884769, 0.0685336366296, 0.0342597179115, 0.0267224330455, 0.0285360217094, 0.0155047550797, 0.00719185825437, 0.00537601299584, 0.00465142773464, 0.00641208980232, 0.00317493244074, 0.00261446158402, 0.00122589454986, 0.00326002552174, 0.0100180581212, 0.0101118339226, 0.00535349501297, 0.00118069187738, 4.7630215704e-05],
        "mean": [0.000219549096073, 0.00328905158676, 0.00280100153759, 0.00299030868337, 0.00432110764086, 0.00374474935234, 0.00143233919516, 0.000968173495494, 0.00370041630231, 0.0025457306765, 0.00108041462954, 0.000915370881557, 0.00148640165571, 0.000563362555113, 0.000485732918605, 0.000313595024636, 0.00023195896938, 0.00018588398234, 0.000247641146416, 0.000128533240058, 9.02371175471e-05, 0.000183884243597, 0.000224899835302, 0.000200077352929, 7.24915735191e-05, 2.66669339908e-05, 6.148084708e-07],
        "min": [1.13261195978e-08, 5.55333826924e-07, 1.02929917034e-07, 2.67227278528e-06, 2.35605893977e-05, 2.09226091101e-05, 6.88823638484e-06, 1.04976447801e-06, 7.16350359653e-06, 2.96534426525e-06, 2.64557706942e-06, 3.31399860443e-06, 3.85140901926e-06, 2.7288556339e-06, 1.94415179067e-06, 1.95303368855e-06, 1.07860864773e-06, 1.56553744546e-06, 4.78267679682e-07, 5.99136967594e-07, 4.91156129101e-07, 6.73645899951e-07, 1.48949663981e-06, 3.5792527342e-07, 1.15310655247e-07, 8.93445140093e-09, 5.42419303917e-11],
        "stdev": [0.000862817105372, 0.00643183430657, 0.00288340705447, 0.00493161333725, 0.00694173201919, 0.00627102330327, 0.0044356090948, 0.00194656988606, 0.00710683967918, 0.00547050125897, 0.00287586916238, 0.00231107138097, 0.00238375086337, 0.00117441581097, 0.000697398558259, 0.000474717089674, 0.000422642100602, 0.000399542826926, 0.000346972839907, 0.000209132776945, 0.000120041309856, 0.000304296991089, 0.000568416493479, 0.000691095250659, 0.000282731401967, 8.45832255436e-05, 2.4694950298e-06]
    },
    "erbbands": {
        "max": [3.64277744293, 8.60328006744, 20.0103702545, 84.1259689331, 109.013801575, 333.110473633, 502.036071777, 702.157104492, 830.475891113, 720.329162598, 610.160888672, 1556.7532959, 2525.16503906, 1111.64916992, 1184.44189453, 1130.97351074, 1581.60900879, 835.678405762, 455.225250244, 289.719451904, 302.967376709, 200.034088135, 207.533782959, 350.943389893, 93.829246521, 174.881774902, 78.5005264282, 56.1333999634, 101.455513, 216.926513672, 314.632202148, 209.669052124, 171.180267334, 65.9046859741, 34.9581413269, 8.67670536041, 1.74273180962, 0.356422513723, 0.00867524463683, 0.000348748260876],
        "mean": [0.0935173854232, 0.756467282772, 2.878064394, 7.13438987732, 9.57705211639, 14.5964126587, 30.8263969421, 30.7325344086, 23.8656768799, 19.1267414093, 23.365234375, 87.675491333, 94.7314834595, 54.1447067261, 51.1178283691, 35.3457756042, 66.3646774292, 40.6817245483, 31.3419914246, 18.8506011963, 15.8258695602, 11.9379138947, 9.45963191986, 14.1832475662, 9.47546672821, 6.13919210434, 4.09956264496, 3.7107758522, 6.01949644089, 7.52010440826, 6.04452085495, 4.89339399338, 2.83316683769, 1.05811727047, 0.407591998577, 0.148789703846, 0.0419147983193, 0.00550892576575, 0.000148047780385, 4.47343809356e-05],
        "min": [2.76674763882e-05, 0.000456353474874, 0.0044892760925, 0.0200231987983, 0.0703960135579, 0.160444289446, 0.242424085736, 0.347284018993, 0.348692715168, 0.0706428661942, 0.115260004997, 0.252655386925, 0.23495657742, 0.10309754312, 0.100712157786, 0.217774719, 0.201508611441, 0.19192288816, 0.157056882977, 0.107845425606, 0.128207802773, 0.0981377661228, 0.0729581192136, 0.0494207926095, 0.0231108535081, 0.0258007589728, 0.0159515440464, 0.0236741453409, 0.0257176738232, 0.0359956808388, 0.0328061431646, 0.015379184857, 0.00341208651662, 0.00224894052371, 0.000245438393904, 5.38836793567e-05, 2.65476974164e-05, 3.05420553559e-06, 3.41982809005e-06, 2.03849208447e-06],
        "stdev": [0.296320974827, 1.12755322456, 2.6490521431, 9.57387638092, 14.3982830048, 28.8297309875, 55.7932624817, 62.2287788391, 66.7099456787, 39.5304603577, 46.809463501, 174.776580811, 188.956069946, 108.857673645, 110.42388916, 80.0702209473, 105.456611633, 72.8218307495, 45.5155944824, 26.3249759674, 22.5899333954, 19.1475963593, 16.5319080353, 24.4466838837, 12.071764946, 10.915189743, 6.41036891937, 4.92108154297, 10.1368207932, 14.9853286743, 16.5076808929, 14.6780433655, 10.7858982086, 4.19888830185, 1.54912805557, 0.511556744576, 0.135789513588, 0.0175727214664, 0.000469167134725, 3.08937087539e-05]
    },
    "gfcc": {
        "mean": [16.9757728577, 95.2313156128, -119.133430481, 23.5345954895, -68.8767700195, 24.6359577179, -42.4348449707, 0.0682604983449, -25.0688076019, -4.82129764557, -17.0196170807, -1.43267607689, -14.5887269974],
        "cov": [[1616.41540527, -403.051727295, -76.8629989624, 108.57674408, 17.8962364197, 188.735275269, 169.045318604, 280.190582275, 33.1113739014, 62.5710945129, -23.3786792755, 36.9314994812, -96.0918502808], [-403.051727295, 649.680358887, -103.348602295, -9.97798347473, 162.087265015, -29.8063621521, 144.90562439, 28.939491272, 80.0992355347, 8.24548912048, 67.9967727661, -35.8723869324, 54.6504898071], [-76.8629989624, -103.348602295, 561.591796875, 18.4428863525, -15.5349702835, 29.1408920288, -132.433029175, 22.0638694763, -0.895839691162, 50.4424324036, -25.8996601105, 62.2962608337, 15.9217729568], [108.57674408, -9.97798347473, 18.4428863525, 276.318756104, 132.34828186, 53.9126434326, 51.1482086182, 45.5089645386, 48.6363449097, 52.9888114929, 36.7597694397, -1.33382940292, -11.0867538452], [17.8962364197, 162.087265015, -15.5349702835, 132.34828186, 288.501953125, 70.5732803345, 100.228248596, 59.8663597107, 19.7360706329, 68.994354248, 21.1501522064, -9.51356697083, -16.9836654663], [188.735275269, -29.8063621521, 29.1408920288, 53.9126434326, 70.5732803345, 270.338806152, 161.2293396, 25.8506889343, 11.8816041946, -13.0384206772, 37.5537185669, 5.26054286957, -36.2535018921], [169.045318604, 144.90562439, -132.433029175, 51.1482086182, 100.228248596, 161.2293396, 300.39440918, 97.0699996948, 18.5572605133, 3.61034536362, 47.3817176819, -20.3135204315, -42.8335647583], [280.190582275, 28.939491272, 22.0638694763, 45.5089645386, 59.8663597107, 25.8506889343, 97.0699996948, 224.007766724, 80.2985458374, 72.8683624268, 22.6979541779, 4.76361322403, -4.35032224655], [33.1113739014, 80.0992355347, -0.895839691162, 48.6363449097, 19.7360706329, 11.8816041946, 18.5572605133, 80.2985458374, 144.616989136, 50.0478973389, 30.6873321533, 29.8444252014, 39.7897567749], [62.5710945129, 8.24548912048, 50.4424324036, 52.9888114929, 68.994354248, -13.0384206772, 3.61034536362, 72.8683624268, 50.0478973389, 142.987380981, 45.1096076965, 20.9879817963, 15.7551088333], [-23.3786792755, 67.9967727661, -25.8996601105, 36.7597694397, 21.1501522064, 37.5537185669, 47.3817176819, 22.6979541779, 30.6873321533, 45.1096076965, 124.84210968, 32.7294616699, 24.4180183411], [36.9314994812, -35.8723869324, 62.2962608337, -1.33382940292, -9.51356697083, 5.26054286957, -20.3135204315, 4.76361322403, 29.8444252014, 20.9879817963, 32.7294616699, 99.2552871704, 47.8927001953], [-96.0918502808, 54.6504898071, 15.9217729568, -11.0867538452, -16.9836654663, -36.2535018921, -42.8335647583, -4.35032224655, 39.7897567749, 15.7551088333, 24.4180183411, 47.8927001953, 123.29460907]],
        "icov": [[0.00130039628129, 0.000540237349924, 0.000655382347759, -0.000386737287045, 0.000362867751392, -0.000938221171964, 0.000192698396859, -0.00191607733723, 0.00063328986289, -0.000363029685104, 0.000865783484187, -0.00115187233314, 0.000546048569959], [0.000540237349924, 0.00461112428457, -0.00099297426641, 0.00207651592791, -0.00352787366137, 0.00317186908796, -0.00365581130609, 0.00132410880178, -0.00383153953589, 0.00246128835715, -0.00287996837869, 0.00328055978753, -0.00186646962538], [0.000655382347759, -0.00099297426641, 0.00343900662847, -0.00114730175119, 0.00149831932504, -0.00315197650343, 0.00327098881826, -0.00264681456611, 0.00250730803236, -0.00203473190777, 0.00243440363556, -0.00325961573981, 0.000961109413765], [-0.000386737287045, 0.00207651592791, -0.00114730175119, 0.00638549728319, -0.00410292902961, 0.00182303995825, -0.0017842638772, 0.001912302454, -0.0038887464907, 0.00124265113845, -0.0029971417971, 0.00289765116759, -0.000516808824614], [0.000362867751392, -0.00352787366137, 0.00149831932504, -0.00410292902961, 0.00872056186199, -0.00394533667713, 0.00195522676222, -0.00237295450643, 0.00455115782097, -0.0049583944492, 0.0041373539716, -0.00327274994925, 0.00153754558414], [-0.000938221171964, 0.00317186908796, -0.00315197650343, 0.00182303995825, -0.00394533667713, 0.0106335943565, -0.00745789520442, 0.00459866877645, -0.00507486332208, 0.0042113722302, -0.00463713891804, 0.00329992338084, -0.000675473886076], [0.000192698396859, -0.00365581130609, 0.00327098881826, -0.0017842638772, 0.00195522676222, -0.00745789520442, 0.0116004617885, -0.00569615140557, 0.00467998208478, -0.00129253859632, 0.00138722138945, -0.00312835723162, 0.0026885936968], [-0.00191607733723, 0.00132410880178, -0.00264681456611, 0.001912302454, -0.00237295450643, 0.00459866877645, -0.00569615140557, 0.0119305886328, -0.00672723352909, -0.000856975791976, -0.00208374066278, 0.00402836129069, -0.000970676133875], [0.00063328986289, -0.00383153953589, 0.00250730803236, -0.0038887464907, 0.00455115782097, -0.00507486332208, 0.00467998208478, -0.00672723352909, 0.0153209930286, -0.00440378021449, 0.00355697819032, -0.00571022881195, -0.000826386618428], [-0.000363029685104, 0.00246128835715, -0.00203473190777, 0.00124265113845, -0.0049583944492, 0.0042113722302, -0.00129253859632, -0.000856975791976, -0.00440378021449, 0.0138067314401, -0.00631344970316, 0.00232696696185, -0.000920009275433], [0.000865783484187, -0.00287996837869, 0.00243440363556, -0.0029971417971, 0.0041373539716, -0.00463713891804, 0.00138722138945, -0.00208374066278, 0.00355697819032, -0.00631344970316, 0.0147672714666, -0.00665439944714, 0.00030135011184], [-0.00115187233314, 0.00328055978753, -0.00325961573981, 0.00289765116759, -0.00327274994925, 0.00329992338084, -0.00312835723162, 0.00402836129069, -0.00571022881195, 0.00232696696185, -0.00665439944714, 0.0190760735422, -0.00664213346317], [0.000546048569959, -0.00186646962538, 0.000961109413765, -0.000516808824614, 0.00153754558414, -0.000675473886076, 0.0026885936968, -0.000970676133875, -0.000826386618428, -0.000920009275433, 0.00030135011184, -0.00664213346317, 0.0130105772987]]
    },
    "melbands": {
        "max": [0.0236727166921, 0.0098334280774, 0.0147692523897, 0.0119090490043, 0.0203187540174, 0.0142560927197, 0.012315669097, 0.00635272264481, 0.00578676443547, 0.0105126015842, 0.0128116402775, 0.00525875762105, 0.00525616994128, 0.0033756326884, 0.00212632329203, 0.00292613636702, 0.00144926994108, 0.000744668242987, 0.000644668703899, 0.000472541840281, 0.00044175965013, 0.000290573429083, 0.000215958352783, 0.000229089462664, 0.00030031739152, 0.000142770339153, 7.57694288041e-05, 0.000155700545292, 6.94102491252e-05, 3.02890621242e-05, 3.92814981751e-05, 6.26238979748e-05, 9.28454392124e-05, 0.000141379161505, 0.000210577418329, 0.000148998966324, 0.000127775361761, 0.000139318231959, 7.58824535296e-05, 5.29523786099e-05],
        "mean": [0.000875627039932, 0.00135689275339, 0.00132675224449, 0.000790450489148, 0.00103976717219, 0.000675303977914, 0.000343122548657, 0.00021135287534, 0.000215026477235, 0.000584069464821, 0.000471880688565, 0.000226620119065, 0.000158267779625, 0.000126034748973, 8.14879022073e-05, 0.000167316800798, 6.04220513196e-05, 5.03152805322e-05, 2.98466329696e-05, 2.49872882705e-05, 1.71925112227e-05, 1.38273744597e-05, 7.97547181719e-06, 9.12728319236e-06, 1.20243266792e-05, 8.54584413901e-06, 4.85115378979e-06, 3.83185488317e-06, 2.74866556538e-06, 1.96966311705e-06, 2.17427350435e-06, 3.03527463075e-06, 4.29729243479e-06, 4.16620378019e-06, 3.54867847818e-06, 3.26403664985e-06, 2.89459239866e-06, 2.20839888243e-06, 1.28900182972e-06, 7.55893154292e-07],
        "min": [3.10195844122e-07, 2.98653191066e-07, 3.8682687773e-06, 9.62725971476e-06, 5.44713202544e-06, 9.02372084965e-06, 1.60222725754e-06, 5.66474341213e-07, 6.43228361241e-07, 1.11554390969e-06, 4.39891806536e-07, 3.20145488786e-07, 3.06926438043e-07, 4.47397951575e-07, 5.75076285259e-07, 3.04406910345e-07, 3.02862758872e-07, 2.37523437363e-07, 9.80468755074e-08, 1.75548152015e-07, 6.08719190609e-08, 6.46643059099e-08, 5.02475359099e-08, 2.62369006521e-08, 2.98768689788e-08, 1.21095409256e-08, 2.08485513298e-08, 1.28346560047e-08, 8.21467160961e-09, 1.23644623429e-08, 1.35036213322e-08, 1.55526898027e-08, 1.03814938868e-08, 2.4332351245e-08, 2.1556104457e-08, 1.37363374009e-08, 4.9851016648e-09, 2.21155382896e-09, 2.25278329324e-09, 6.53862852751e-10],
        "stdev": [0.00213275337592, 0.00116372318007, 0.00168560643215, 0.00117027456872, 0.00181964004878, 0.00126801826991, 0.000976983690634, 0.000415635498939, 0.000497672066558, 0.0011244675843, 0.000965390587226, 0.000485770200612, 0.000392294634366, 0.000305825757096, 0.000171259613126, 0.000260186963715, 0.000126809914946, 8.37718034745e-05, 4.41823467554e-05, 3.95939241571e-05, 2.94216879411e-05, 2.40920744545e-05, 1.5735751731e-05, 1.92939442059e-05, 2.18531731662e-05, 1.33276580527e-05, 7.01091039446e-06, 8.17220279714e-06, 5.14434941579e-06, 2.51239293902e-06, 3.24970665133e-06, 5.33313914275e-06, 7.52606092647e-06, 9.20794900594e-06, 1.04535329228e-05, 8.79631897988e-06, 9.66272727965e-06, 8.58735529619e-06, 5.4422894209e-06, 3.11066037284e-06]
    },
    "melbands128": {
        "max": [0.00872510764748, 0.0364599563181, 0.0263373441994, 0.0124623253942, 0.0113649368286, 0.00848589837551, 0.0185120329261, 0.0237523019314, 0.0153294848278, 0.0124398209155, 0.0245480574667, 0.0391713418067, 0.0207606125623, 0.0166551005095, 0.0247833542526, 0.0177559778094, 0.0193742532283, 0.0234465897083, 0.0162839386612, 0.0122529258952, 0.00838185939938, 0.00773585122079, 0.0102014606819, 0.0144951455295, 0.0178671963513, 0.0178447589278, 0.0164847671986, 0.0259474236518, 0.00887413136661, 0.0105535145849, 0.00884999614209, 0.00893124565482, 0.00989364460111, 0.00617967592552, 0.00797667726874, 0.00730974879116, 0.00343806645833, 0.00325173954479, 0.00443179951981, 0.00862392690033, 0.0044183046557, 0.00377210811712, 0.00215061986819, 0.0016683699796, 0.00153528049123, 0.0015216593165, 0.000937107077334, 0.00153842731379, 0.000903342966922, 0.000901506049559, 0.000829004857223, 0.000438508403022, 0.000589817413129, 0.000647945911624, 0.000817595748231, 0.000358640187187, 0.000482557719806, 0.000595440389588, 0.000421326316427, 0.000286478199996, 0.000381866528187, 0.000572758261114, 0.000756601570174, 0.000307186477585, 0.000355618423782, 0.000229986922932, 0.000166138575878, 0.000114805770863, 0.000117493618745, 0.000132115659653, 0.000304777291603, 0.000162182550412, 0.000123507561511, 0.000135636975756, 5.92368123762e-05, 7.10859530955e-05, 3.23634849337e-05, 3.73861330445e-05, 4.56586276414e-05, 5.78666949878e-05, 7.76520610088e-05, 9.65618382907e-05, 9.58659002208e-05, 0.000114488175313, 0.000110790264443, 0.000157054601004, 0.000206672630156, 0.000196796885575, 0.000278121500742, 0.000226302436204, 0.000143332887092, 0.00016639957903, 0.000177895446541, 0.000145983533002, 0.000209056292078, 0.000172273837961, 0.000108538784843, 0.000142232602229, 9.912106907e-05, 7.12250475772e-05, 5.29636163265e-05, 7.35557914595e-05, 4.34412722825e-05, 5.28666314494e-05, 5.06587166456e-05, 2.55594586633e-05, 2.47674579441e-05, 1.20361964946e-05, 2.1082443709e-05, 1.20948052427e-05, 1.8666672986e-05, 8.14449504105e-06, 4.99864336234e-06, 5.08632410856e-06, 5.50167942492e-06, 6.14919508735e-06, 1.9819165118e-06, 1.38331557764e-07, 9.71071543177e-08, 1.2984985176e-07, 1.05724048183e-07, 1.99127811129e-07, 8.52307238119e-08, 1.58098085734e-08, 1.55307127159e-08, 1.53063925978e-08, 1.51290393546e-08, 1.50236765251e-08],
        "mean": [0.000197417248273, 0.000725257908925, 0.00111219915561, 0.00125835230574, 0.00139215006493, 0.00138419796713, 0.00144317082595, 0.00150820310228, 0.000895470147952, 0.000576995429583, 0.000784998293966, 0.0011314417934, 0.00117783935275, 0.000826799543574, 0.000835779472254, 0.000464186596218, 0.000370704103261, 0.0003883879981, 0.000225305615459, 0.000177427456947, 0.000250328244874, 0.000158094349899, 0.000140760137583, 0.00031852335087, 0.000632097304333, 0.000699354102835, 0.000508995028213, 0.000485097785713, 0.000406095816288, 0.0002778347407, 0.000157516871695, 0.000122189303511, 0.000154632740305, 0.000198648776859, 0.000148446692037, 0.000117258088721, 6.24732274446e-05, 5.51313387405e-05, 9.31202084757e-05, 0.000196487089852, 0.000202563678613, 9.57174852374e-05, 5.96935897192e-05, 4.10520624428e-05, 4.02289588237e-05, 6.06941102888e-05, 5.2555657021e-05, 3.01017389575e-05, 1.85858862096e-05, 2.23616862058e-05, 3.2258722058e-05, 2.01266593649e-05, 1.49996285472e-05, 1.64406137628e-05, 2.0151184799e-05, 1.38589239214e-05, 8.0495410657e-06, 8.94299500942e-06, 7.07175286152e-06, 8.04002775112e-06, 8.50931155583e-06, 9.80916320259e-06, 1.39810917972e-05, 1.13275518743e-05, 1.15635293696e-05, 9.24607138586e-06, 6.48107243251e-06, 4.95038602821e-06, 4.50942161478e-06, 4.58898193756e-06, 4.03952708439e-06, 3.31061141878e-06, 3.28073110722e-06, 2.62357116299e-06, 2.13006251215e-06, 2.07776110983e-06, 1.72029092482e-06, 2.04743719223e-06, 2.23348297368e-06, 2.32194065575e-06, 2.57933083958e-06, 3.44637123817e-06, 3.90846435039e-06, 4.6094633035e-06, 4.34195408161e-06, 4.26228962169e-06, 3.96750738219e-06, 4.26422548117e-06, 3.62949867849e-06, 3.00588476421e-06, 2.97318024423e-06, 3.73003263121e-06, 2.98604186355e-06, 2.83831491288e-06, 2.8729996302e-06, 2.6408249596e-06, 1.98703992282e-06, 1.73031162376e-06, 1.37382164667e-06, 1.04632965758e-06, 8.14260715742e-07, 7.28634802272e-07, 6.52397886824e-07, 5.48875050299e-07, 4.42426880909e-07, 3.70161245655e-07, 3.05784226384e-07, 2.78495946304e-07, 2.51387263006e-07, 2.25330055059e-07, 2.02456419629e-07, 1.579169151e-07, 1.20714830132e-07, 8.62680096247e-08, 9.18375420156e-08, 7.15949113328e-08, 2.18370601601e-08, 5.76671377317e-10, 6.94550639224e-10, 7.74255159985e-10, 5.92941640232e-10, 5.81047987502e-10, 3.31976446333e-10, 2.02956020046e-11, 1.61113396929e-11, 1.57781426813e-11, 1.55476968106e-11, 1.54375297268e-11],
        "min": [3.64763941274e-10, 1.18105472069e-08, 1.60831675089e-07, 1.10132624798e-07, 1.15584157356e-07, 3.85641740763e-08, 7.81070127687e-07, 1.43240890793e-06, 2.29975580623e-06, 1.65761287008e-06, 2.66847166586e-07, 2.82117071038e-07, 4.91849505124e-07, 3.52156462213e-06, 3.97321718992e-06, 2.0147631119e-07, 4.96492475577e-07, 5.91527054894e-07, 5.75437752559e-07, 1.7832434196e-07, 1.85082029702e-07, 1.22244642853e-07, 9.47618445934e-08, 2.86516410597e-07, 2.16139397935e-07, 3.00497049466e-07, 2.46506090207e-07, 1.90837667446e-07, 1.14012507879e-07, 1.61630453022e-07, 5.35353592568e-08, 1.06246851317e-07, 1.0773986503e-07, 2.99930036363e-08, 1.54109443429e-07, 1.31212274823e-07, 1.71715882402e-07, 1.06115273013e-07, 1.38248978487e-07, 1.28951398892e-07, 1.85091238336e-07, 1.56350054681e-07, 2.17268592451e-07, 1.15672484924e-07, 1.00071332554e-07, 1.34384166017e-07, 9.67308153577e-08, 5.88935229473e-08, 3.76234083888e-08, 3.13123784679e-08, 8.41141201136e-08, 7.71936328192e-08, 3.2538661543e-08, 4.35930402887e-08, 4.84456634808e-08, 1.88094482212e-08, 2.45878943872e-08, 3.51696662904e-08, 2.95654718485e-08, 3.12482946185e-08, 3.09557037781e-08, 1.12670495156e-08, 1.73853340613e-08, 1.4138970883e-08, 6.05988503821e-09, 1.05296527053e-08, 6.08239680844e-09, 1.97341165631e-08, 2.32727010996e-08, 6.74005384838e-09, 7.22544246656e-09, 1.3194987325e-08, 5.77817926839e-09, 3.33573813016e-09, 1.16615934687e-08, 9.50755918439e-09, 1.17268603717e-08, 1.34152013942e-08, 9.75169012207e-09, 9.31594623665e-09, 1.13899654153e-08, 2.00282510576e-08, 1.29191288778e-08, 5.13327247376e-09, 1.31908253209e-08, 1.08041975366e-08, 8.56077164713e-09, 1.83731696524e-08, 7.29107840769e-09, 4.95902696684e-09, 1.13927081102e-08, 3.17059534183e-09, 7.56071827368e-09, 2.58908761097e-09, 2.46932607695e-09, 2.8314057765e-09, 1.7792799456e-09, 1.50385381925e-09, 3.82944898014e-10, 6.54202469974e-10, 1.57182122873e-09, 1.74180739276e-10, 3.27472337441e-12, 1.94230770356e-10, 1.00437748396e-10, 4.00437183412e-11, 8.43421513186e-11, 6.59299073669e-11, 5.58928181515e-11, 5.22102049094e-11, 4.56433779661e-11, 4.64039293102e-11, 6.36293656653e-11, 4.65353172663e-11, 1.40931418011e-12, 2.67564209721e-13, 2.4740661451e-13, 1.60614495879e-13, 1.26478729291e-13, 1.43869210165e-13, 1.35798693796e-13, 1.31158023895e-13, 1.30228781318e-13, 1.45353225441e-13, 1.02112965978e-13, 3.70622518678e-14, 5.39836713065e-15, 1.88635931419e-16],
        "stdev": [0.000804162991699, 0.00280293263495, 0.00277409236878, 0.00180270324927, 0.00142342725303, 0.00148720201105, 0.00214819679968, 0.0025910534896, 0.00165032641962, 0.00118080701213, 0.00191296415869, 0.00267526763491, 0.00257942033932, 0.00151948560961, 0.00201344373636, 0.00136064202525, 0.0013315314427, 0.00145113817416, 0.00101240235381, 0.000451576343039, 0.000542969675735, 0.00048283371143, 0.000494252657518, 0.001200656523, 0.00171833531931, 0.00164289504755, 0.00140372093301, 0.00153380644042, 0.00108397752047, 0.000789942161646, 0.000509424193297, 0.000560505548492, 0.000558383297175, 0.000528159143869, 0.00048426471767, 0.000454975990579, 0.000218096654862, 0.0002112800139, 0.000246447540121, 0.000451824511401, 0.000360280188033, 0.000339251098922, 0.000182639327249, 0.000100400422525, 0.000126200582599, 0.000132823028252, 9.99515395961e-05, 7.04880294506e-05, 4.96063075843e-05, 5.76813326916e-05, 6.33619201835e-05, 3.53193718183e-05, 3.55087213393e-05, 4.05338832934e-05, 5.73730285396e-05, 2.82323344436e-05, 2.25385392696e-05, 2.99136117974e-05, 1.80447714229e-05, 1.8887940314e-05, 2.37399708567e-05, 3.39241341862e-05, 4.45396217401e-05, 2.36777323153e-05, 2.9539978641e-05, 1.99121168407e-05, 1.30265234475e-05, 8.93430478754e-06, 9.73897658696e-06, 9.17207671591e-06, 1.36519047373e-05, 8.23081063572e-06, 7.72412840888e-06, 7.2984421422e-06, 3.56784335054e-06, 3.4672655147e-06, 2.47231628236e-06, 3.14690487357e-06, 3.67075017493e-06, 4.41564588982e-06, 5.07036656927e-06, 7.41287431083e-06, 7.79996662459e-06, 8.64947014634e-06, 8.50914693729e-06, 9.59458975558e-06, 9.90836178971e-06, 1.2690323274e-05, 1.19929591165e-05, 9.83190966508e-06, 7.76363958721e-06, 1.12366606118e-05, 1.01649811768e-05, 9.32853163249e-06, 1.23666386571e-05, 1.08484819066e-05, 7.5232992458e-06, 7.82388906373e-06, 6.24533140581e-06, 4.7151538638e-06, 3.27884959006e-06, 3.35349682246e-06, 2.69826091426e-06, 2.32805291489e-06, 1.87855505374e-06, 1.3799054841e-06, 1.14813133223e-06, 9.16341207358e-07, 9.70696760305e-07, 7.90621356828e-07, 8.36201081711e-07, 5.88484112996e-07, 4.25322156161e-07, 2.98062786896e-07, 3.01045673723e-07, 2.51819756159e-07, 8.20498158305e-08, 5.54407275644e-09, 6.03606675753e-09, 7.59907425874e-09, 5.53539614145e-09, 6.78346712135e-09, 3.952022265e-09, 4.32247265758e-10, 4.15081774507e-10, 4.09089540021e-10, 4.04354300043e-10, 4.0154130021e-10]
    },
    "mfcc": {
        "mean": [-625.12097168, 122.640304565, 6.7103099823, 5.31216192245, 0.018848085776, 12.3858938217, -6.34061479568, 6.75609064102, -10.6431074142, 2.65107536316, -4.23516607285, -8.32751846313, -7.91774940491],
        "cov": [[1802.91967773, -427.925476074, -200.455001831, 3.46903657913, -53.3023605347, -10.321182251, 151.203430176, 190.775283813, 138.801376343, 194.949264526, 79.94921875, 117.318557739, 88.4610366821], [-427.925476074, 613.614624023, -130.210906982, 32.0397415161, 4.51978826523, -22.2118034363, 46.8157653809, 1.38188922405, 50.5243988037, 29.1568222046, 13.8832941055, 13.4755735397, 44.4817008972], [-200.455001831, -130.210906982, 496.285095215, -61.163520813, 73.9334640503, -1.83463585377, -65.0481567383, -18.8947353363, -21.2621002197, -61.1595306396, -23.4812602997, -2.41359567642, -6.74524497986], [3.46903657913, 32.0397415161, -61.163520813, 254.448745728, 86.4963150024, -4.16658401489, 28.4170589447, -21.414768219, 54.7536392212, 27.2313709259, 26.4068908691, 67.9375076294, 37.8410072327], [-53.3023605347, 4.51978826523, 73.9334640503, 86.4963150024, 197.032943726, 20.0203342438, -14.5452384949, -24.1004905701, 45.7996444702, -3.45727300644, 4.30742835999, 39.5437278748, 34.1466293335], [-10.321182251, -22.2118034363, -1.83463585377, -4.16658401489, 20.0203342438, 245.456588745, 101.161560059, 87.2808227539, -30.5591106415, 26.3116264343, 42.4167556763, -43.8411178589, -18.7508182526], [151.203430176, 46.8157653809, -65.0481567383, 28.4170589447, -14.5452384949, 101.161560059, 246.929794312, 91.3055801392, 15.9861192703, 91.5456619263, 49.0797309875, 25.5159606934, 17.5475444794], [190.775283813, 1.38188922405, -18.8947353363, -21.414768219, -24.1004905701, 87.2808227539, 91.3055801392, 191.945877075, 15.5395088196, 70.8339538574, 48.3102836609, -5.3241648674, 2.00187635422], [138.801376343, 50.5243988037, -21.2621002197, 54.7536392212, 45.7996444702, -30.5591106415, 15.9861192703, 15.5395088196, 159.853240967, 60.3797607422, 12.8075246811, 63.1635055542, 46.9910697937], [194.949264526, 29.1568222046, -61.1595306396, 27.2313709259, -3.45727300644, 26.3116264343, 91.5456619263, 70.8339538574, 60.3797607422, 151.67678833, 47.3441696167, 46.5584831238, 35.435798645], [79.94921875, 13.8832941055, -23.4812602997, 26.4068908691, 4.30742835999, 42.4167556763, 49.0797309875, 48.3102836609, 12.8075246811, 47.3441696167, 98.4567489624, 28.1060523987, 13.6515655518], [117.318557739, 13.4755735397, -2.41359567642, 67.9375076294, 39.5437278748, -43.8411178589, 25.5159606934, -5.3241648674, 63.1635055542, 46.5584831238, 28.1060523987, 157.320037842, 67.2554855347], [88.4610366821, 44.4817008972, -6.74524497986, 37.8410072327, 34.1466293335, -18.7508182526, 17.5475444794, 2.00187635422, 46.9910697937, 35.435798645, 13.6515655518, 67.2554855347, 111.052497864]],
        "icov": [[0.00117787264753, 0.0011297876481, 0.000618419551756, 0.000332987459842, 6.2683786382e-05, 0.000526361225639, -0.00039463059511, -0.000855464371853, -0.00075415946776, -0.000396787858335, -0.000231762809562, -0.000162689510034, -0.00074656913057], [0.0011297876481, 0.00292337406427, 0.00104703952093, 0.000384239305276, -8.45814793138e-05, 0.000809433462564, -0.000801880727522, -0.000710811349563, -0.00118699145969, -0.000138075309223, -0.000451669737231, 0.000318168051308, -0.00142687780317], [0.000618419551756, 0.00104703952093, 0.00290169357322, 0.0011432179017, -0.00132273603231, 0.000315659708576, 1.24305017835e-06, -0.000709865940735, -0.000266194227152, 0.000581276020966, -4.38134193246e-05, -0.000476684974274, -0.000431456632214], [0.000332987459842, 0.000384239305276, 0.0011432179017, 0.00576606858522, -0.0023447163403, 0.000222791786655, -0.000721062126104, 0.000628000125289, -0.000872272939887, 0.000115434144391, -0.00106397864874, -0.00139604043216, -0.000144781326526], [6.2683786382e-05, -8.45814793138e-05, -0.00132273603231, -0.0023447163403, 0.00770587939769, -0.00182310922537, 0.000808671524283, 0.000853654928505, -0.00175198144279, 0.000519036722835, 0.000208379919059, -0.000555538048502, -0.00123129994608], [0.000526361225639, 0.000809433462564, 0.000315659708576, 0.000222791786655, -0.00182310922537, 0.00694925012067, -0.00249927164987, -0.00227995682508, 0.00083062966587, 0.000202684517717, -0.00188199360855, 0.00216707237996, -0.000127518709633], [-0.00039463059511, -0.000801880727522, 1.24305017835e-06, -0.000721062126104, 0.000808671524283, -0.00249927164987, 0.00691868923604, -0.000892213138286, 0.00085904984735, -0.00260883825831, 7.12018518243e-05, -0.00106542592403, 0.000238969558268], [-0.000855464371853, -0.000710811349563, -0.000709865940735, 0.000628000125289, 0.000853654928505, -0.00227995682508, -0.000892213138286, 0.00888867303729, -0.000385371153243, -0.00203577848151, -0.00180671992712, 0.000852591590956, 0.000560763117392], [-0.00075415946776, -0.00118699145969, -0.000266194227152, -0.000872272939887, -0.00175198144279, 0.00083062966587, 0.00085904984735, -0.000385371153243, 0.00996739324182, -0.00298205204308, 0.0010780863231, -0.00150897807907, -0.000577347178478], [-0.000396787858335, -0.000138075309223, 0.000581276020966, 0.000115434144391, 0.000519036722835, 0.000202684517717, -0.00260883825831, -0.00203577848151, -0.00298205204308, 0.0123695302755, -0.00248313159682, -0.00101297500078, -0.001075541717], [-0.000231762809562, -0.000451669737231, -4.38134193246e-05, -0.00106397864874, 0.000208379919059, -0.00188199360855, 7.12018518243e-05, -0.00180671992712, 0.0010780863231, -0.00248313159682, 0.0140054663643, -0.00235194666311, 0.000403760612244], [-0.000162689510034, 0.000318168051308, -0.000476684974274, -0.00139604043216, -0.000555538048502, 0.00216707237996, -0.00106542592403, 0.000852591590956, -0.00150897807907, -0.00101297500078, -0.00235194666311, 0.0111937448382, -0.00438967812806], [-0.00074656913057, -0.00142687780317, -0.000431456632214, -0.000144781326526, -0.00123129994608, -0.000127518709633, 0.000238969558268, 0.000560763117392, -0.000577347178478, -0.001075541717, 0.000403760612244, -0.00438967812806, 0.0136996395886]]
    },
    "spectral_contrast_coeffs": {
        "max": [-0.313833594322, -0.420543283224, -0.465174078941, -0.581050634384, -0.624949216843, -0.604167401791],
        "mean": [-0.655721783638, -0.724463939667, -0.713634371758, -0.76526427269, -0.79166072607, -0.762664556503],
        "min": [-0.873351812363, -0.927009344101, -0.886881947517, -0.923006355762, -0.878378629684, -0.867711126804],
        "stdev": [0.104206606746, 0.0821578353643, 0.086025044322, 0.0484462790191, 0.0425594598055, 0.0389367938042]
    },
    "spectral_contrast_valleys": {
        "max": [-4.85896205902, -5.20553636551, -5.54017353058, -6.23872184753, -6.31379795074, -7.20552492142],
        "mean": [-6.70618486404, -6.66293001175, -7.22047948837, -7.42828416824, -7.71608448029, -9.96804428101],
        "min": [-9.69546890259, -8.72800636292, -9.09892177582, -9.1505279541, -9.7354259491, -12.1327133179],
        "stdev": [0.70384824276, 0.557532250881, 0.550100266933, 0.535976171494, 0.570894420147, 0.667251765728]
    }
},
"rhythm": {
    "beats_count": 80,
    "beats_loudness": {
        "max": 0.0836817622185,
        "mean": 0.0387635491788,
        "min": 0.00727170566097,
        "stdev": 0.0183011349291
    },
    "bpm": 149.916854858,
    "bpm_histogram_first_peak_bpm": 152,
    "bpm_histogram_first_peak_weight": 0.479452073574,
    "bpm_histogram_second_peak_bpm": 140,
    "bpm_histogram_second_peak_spread": 0.33333337307,
    "bpm_histogram_second_peak_weight": 0.0506329126656,
    "danceability": 1.09921109676,
    "onset_rate": 3.04540991783,
    "beats_loudness_band_ratio": {
        "max": [0.822811663151, 0.96933400631, 0.824094593525, 0.822066485882, 0.185292541981, 0.111185602844],
        "mean": [0.342899560928, 0.224387601018, 0.2114354074, 0.175641313195, 0.0512962527573, 0.0352177545428],
        "min": [0.00195801374502, 0.00732944719493, 0.00456605525687, 0.00621303962544, 0.000815861450974, 0.00180402537808],
        "stdev": [0.222902357578, 0.21723665297, 0.20104804635, 0.171147748828, 0.0452424623072, 0.0231933426112]
    },
