{
"metadata": {
    "version": {
        "essentia": "2.1-beta5",
        "essentia_git_sha": "Undefined",
        "extractor": "music 2.0"
    },
    "audio_properties": {
        "analysis": {
            "equal_loudness": 0,
            "length": 32.4963264465,
            "sample_rate": 44100,
            "start_time": 45.2440834045,
            "downmix": "mix"
        },
        "bit_rate": 192000,
        "length": 200.481109619,
        "lossless": 0,
        "number_channels": 2,
        "replay_gain": -3.38785743713,
        "sample_rate": 48000,
        "codec": "mp3",
        "md5_encoded": "28f0756c7f0ea685f090876d9f803035"
    },
    "tags": {
        "file_name": "United KingdomUK_I Can_Blue.mp3",
        "encoding": ["Lavf58.29.100"]
    }
},
"lowlevel": {
    "average_loudness": 0.910005807877,
    "barkbands_crest": {
        "max": 24.4967937469,
        "mean": 8.77938365936,
        "min": 2.00922870636,
        "stdev": 4.89916563034
    },
    "barkbands_flatness_db": {
        "max": 0.275154858828,
        "mean": 0.0755378678441,
        "min": 0.011352927424,
        "stdev": 0.0411310270429
    },
    "barkbands_kurtosis": {
        "max": 62.6856460571,
        "mean": 1.87117099762,
        "min": -1.73259663582,
        "stdev": 4.51217889786
    },
    "barkbands_skewness": {
        "max": 7.3332452774,
        "mean": 1.0703971386,
        "min": -1.95099902153,
        "stdev": 0.969632863998
    },
    "barkbands_spread": {
        "max": 94.5224990845,
        "mean": 31.3292007446,
        "min": 3.08189344406,
        "stdev": 15.8207359314
    },
    "dissonance": {
        "max": 0.499999970198,
        "mean": 0.475900918245,
        "min": 0.292285293341,
        "stdev": 0.0201884936541
    },
    "dynamic_complexity": 2.7653439045,
    "erbbands_crest": {
        "max": 29.8356800079,
        "mean": 7.99312973022,
        "min": 2.32394337654,
        "stdev": 4.73177099228
    },
    "erbbands_flatness_db": {
        "max": 0.317397803068,
        "mean": 0.120093390346,
        "min": 0.0435436517,
        "stdev": 0.041619297117
    },
    "erbbands_kurtosis": {
        "max": 18.5977897644,
        "mean": 0.644342422485,
        "min": -1.47833490372,
        "stdev": 2.11390805244
    },
    "erbbands_skewness": {
        "max": 3.29570174217,
        "mean": 0.409447818995,
        "min": -2.40077733994,
        "stdev": 0.698691368103
    },
    "erbbands_spread": {
        "max": 131.936080933,
        "mean": 39.6413841248,
        "min": 2.90630865097,
        "stdev": 17.0487041473
    },
    "hfc": {
        "max": 148.782211304,
        "mean": 33.3256797791,
        "min": 0.168589472771,
        "stdev": 23.43724823
    },
    "loudness_ebu128": {
        "integrated": -18.6933021545,
        "loudness_range": 3.6696434021,
        "momentary": {
            "max": -15.3695058823,
            "mean": -19.3596363068,
            "min": -29.5953521729,
            "stdev": 2.64740753174
        },
        "short_term": {
            "max": -16.6700172424,
            "mean": -18.825717926,
            "min": -21.956205368,
            "stdev": 1.24038267136
        }
    },
    "melbands_crest": {
        "max": 32.5503616333,
        "mean": 12.5062551498,
        "min": 3.08513188362,
        "stdev": 6.49064064026
    },
    "melbands_flatness_db": {
        "max": 0.375278413296,
        "mean": 0.131944060326,
        "min": 0.0241215992719,
        "stdev": 0.0576578639448
    },
    "melbands_kurtosis": {
        "max": 241.741973877,
        "mean": 9.26599311829,
        "min": -1.4065438509,
        "stdev": 16.7758617401
    },
    "melbands_skewness": {
        "max": 14.4264259338,
        "mean": 2.07104659081,
        "min": -1.93756067753,
        "stdev": 1.67679226398
    },
    "melbands_spread": {
        "max": 124.507919312,
        "mean": 33.8596496582,
        "min": 1.90390145779,
        "stdev": 18.7547588348
    },
    "pitch_salience": {
        "max": 0.828697025776,
        "mean": 0.600153684616,
        "min": 0.169210031629,
        "stdev": 0.123760916293
    },
    "silence_rate_20dB": {
        "max": 1,
        "mean": 1,
        "min": 1,
        "stdev": 0
    },
    "silence_rate_30dB": {
        "max": 1,
        "mean": 0.984296917915,
        "min": 0,
        "stdev": 0.124323643744
    },
    "silence_rate_60dB": {
        "max": 1,
        "mean": 0.0535331889987,
        "min": 0,
        "stdev": 0.225097119808
    },
    "spectral_centroid": {
        "max": 3864.015625,
        "mean": 1776.37487793,
        "min": 484.5234375,
        "stdev": 587.242919922
    },
    "spectral_complexity": {
        "max": 61,
        "mean": 25.0628128052,
        "min": 0,
        "stdev": 10.8205375671
    },
    "spectral_decrease": {
        "max": -3.73588451841e-11,
        "mean": -7.34137683978e-09,
        "min": -4.16149212867e-08,
        "stdev": 6.71874245128e-09
    },
    "spectral_energy": {
        "max": 0.161563143134,
        "mean": 0.0307308342308,
        "min": 0.000156292473548,
        "stdev": 0.0266766119748
    },
    "spectral_energyband_high": {
        "max": 0.0134259639308,
        "mean": 0.00189532444347,
        "min": 8.20724835648e-06,
        "stdev": 0.00176869903225
    },
    "spectral_energyband_low": {
        "max": 0.133563548326,
        "mean": 0.0106311775744,
        "min": 6.11670941453e-07,
        "stdev": 0.0201545394957
    },
    "spectral_energyband_middle_high": {
        "max": 0.0613986775279,
        "mean": 0.00917226169258,
        "min": 3.55008451152e-05,
        "stdev": 0.00993279460818
    },
    "spectral_energyband_middle_low": {
        "max": 0.128517329693,
        "mean": 0.00989142712206,
        "min": 0.000116649331176,
        "stdev": 0.0113264583051
    },
    "spectral_entropy": {
        "max": 8.69200706482,
        "mean": 8.06213378906,
        "min": 6.93219995499,
        "stdev": 0.267916113138
    },
    "spectral_flux": {
        "max": 0.333147317171,
        "mean": 0.101350143552,
        "min": 0.0208661872894,
        "stdev": 0.04911788553
    },
    "spectral_kurtosis": {
        "max": 9.54978370667,
        "mean": 2.87683677673,
        "min": -0.51482462883,
        "stdev": 1.16996252537
    },
    "spectral_rms": {
        "max": 0.0125547833741,
        "mean": 0.00499407807365,
        "min": 0.000390487461118,
        "stdev": 0.0022451011464
    },
    "spectral_rolloff": {
        "max": 9259.27734375,
        "mean": 2394.90527344,
        "min": 86.1328125,
        "stdev": 1854.8293457
    },
    "spectral_skewness": {
        "max": 2.5352499485,
        "mean": 1.41193819046,
        "min": 0.262222409248,
        "stdev": 0.260413467884
    },
    "spectral_spread": {
        "max": 10303744,
        "mean": 5956538,
        "min": 2845455.75,
        "stdev": 1241515.25
    },
    "spectral_strongpeak": {
        "max": 9.81817150116,
        "mean": 1.13867819309,
        "min": 0,
        "stdev": 1.37078106403
    },
    "zerocrossingrate": {
        "max": 0.24462890625,
        "mean": 0.0996707156301,
        "min": 0.01025390625,
        "stdev": 0.0422632992268
    },
    "barkbands": {
        "max": [0.00564569514245, 0.129856288433, 0.0358254574239, 0.0290150269866, 0.0506544224918, 0.0875310823321, 0.069587662816, 0.0425081439316, 0.0311659313738, 0.0356139466166, 0.0286598671228, 0.0248532295227, 0.0271261930466, 0.0394678190351, 0.0198239516467, 0.0041012656875, 0.00523994583637, 0.00368160894141, 0.00289694359526, 0.00395097862929, 0.0017821402289, 0.00510691711679, 0.00755643472075, 0.00394753040746, 0.0019786732737, 0.0010374673875, 0.000489342783112],
        "mean": [0.000375270639779, 0.0080530019477, 0.00148215261288, 0.00145047553815, 0.00215241545811, 0.00140081276186, 0.00166529079434, 0.00124312518165, 0.00174170709215, 0.00173792778514, 0.00169603829272, 0.000885735847987, 0.00127359176986, 0.00104653241578, 0.000976304523647, 0.000345182954334, 0.000414904963691, 0.000370959576685, 0.000352145958459, 0.000358921359293, 0.000286551337922, 0.000326219771523, 0.000317362428177, 0.000300963438349, 0.000257931562373, 0.000171360690729, 4.79215668747e-05],
        "min": [8.21098655734e-09, 3.2971630759e-08, 2.5112962021e-07, 7.12014184501e-07, 4.96277652928e-06, 4.71135126645e-06, 1.03590482468e-05, 9.71732424659e-06, 7.60683360568e-06, 1.01302257463e-05, 3.35287836606e-06, 4.91129367219e-06, 2.10055134175e-07, 5.3629867125e-07, 4.14551777794e-07, 7.03039006567e-07, 9.64370883594e-07, 5.21080039562e-07, 1.24193911688e-06, 1.45801470808e-06, 6.54766722619e-07, 1.18596517495e-06, 6.39229597255e-07, 4.54990271237e-07, 1.33054726348e-07, 2.0468554851e-08, 1.12761085191e-10],
        "stdev": [0.000637846358586, 0.0178364850581, 0.00369722652249, 0.00309798005037, 0.00452737649903, 0.00362657313235, 0.00463299080729, 0.00273485458456, 0.00297577981837, 0.0037795023527, 0.0028051151894, 0.00175046105869, 0.00260997842997, 0.0026074256748, 0.00183025677688, 0.000389281776734, 0.000476048444398, 0.000385688850656, 0.000345463049598, 0.000364461971913, 0.000267274968792, 0.000334439537255, 0.000474229280371, 0.000332850671839, 0.00027552593383, 0.000200492824661, 7.38342932891e-05]
    },
    "erbbands": {
        "max": [5.08610725403, 26.1130027771, 37.1452598572, 86.2644577026, 180.112579346, 169.665267944, 860.276489258, 415.280456543, 1141.33642578, 876.738708496, 859.450683594, 732.717346191, 1110.37683105, 1434.45861816, 2181.93774414, 904.127502441, 931.999206543, 2306.76318359, 905.766784668, 379.812286377, 233.475250244, 328.689453125, 220.683761597, 126.128890991, 252.851608276, 158.002822876, 105.71194458, 67.0729370117, 205.456207275, 116.405509949, 278.877960205, 114.047729492, 46.2816619873, 32.118347168, 11.8141107559, 4.65406656265, 2.06432628632, 0.732171654701, 0.0859039127827, 0.00338764069602],
        "mean": [0.302322924137, 1.534324646, 1.66557717323, 3.78396081924, 6.27311563492, 7.39210128784, 9.05891895294, 11.4225273132, 18.5556182861, 24.7816181183, 34.796459198, 40.3200416565, 34.1311759949, 87.1160812378, 51.05493927, 35.8670883179, 52.9105224609, 65.9429016113, 56.1099510193, 29.3846797943, 20.4554862976, 23.2767963409, 22.2395153046, 15.2925519943, 20.0619163513, 16.404548645, 12.8590946198, 11.3637876511, 12.0499601364, 9.90786647797, 9.02380657196, 6.20685815811, 5.2676692009, 3.37336540222, 1.59273684025, 0.717337429523, 0.301672965288, 0.0893604159355, 0.00831476133317, 0.000251217657933],
        "min": [1.97279314307e-06, 8.17681575427e-06, 0.000202816430829, 0.00148091721348, 0.00595822185278, 0.0187585875392, 0.0401823110878, 0.0374535284936, 0.162341013551, 0.187008813024, 0.389163285494, 0.20803822577, 0.375338882208, 0.301917225122, 0.367550194263, 0.116376757622, 0.0118655683473, 0.027740592137, 0.0269193779677, 0.0248364042491, 0.0436965785921, 0.0548973381519, 0.0349502451718, 0.0438184402883, 0.0533327683806, 0.0825107544661, 0.032180391252, 0.0286753196269, 0.0336051397026, 0.0365528799593, 0.0184925496578, 0.016356986016, 0.00691112596542, 0.00189758045599, 0.000417890143581, 0.000115001632366, 3.74936680601e-05, 8.80719653651e-06, 1.08121855646e-06, 1.10032885914e-06],
        "stdev": [0.664612710476, 3.50927209854, 3.55424547195, 8.60855197906, 14.0053005219, 14.7341508865, 27.6120166779, 27.0400886536, 59.5028152466, 53.3243179321, 65.4034042358, 67.0279006958, 69.323059082, 156.837188721, 101.02394104, 66.0046386719, 95.8677749634, 153.202316284, 97.0127029419, 40.810092926, 21.0137290955, 27.4651679993, 22.9139156342, 14.6866226196, 21.3496189117, 16.1756248474, 12.699968338, 10.1624279022, 12.6088132858, 11.0902757645, 14.9628858566, 7.9668097496, 5.77042627335, 3.58164858818, 1.72070848942, 0.807995736599, 0.374022305012, 0.112690038979, 0.0135360732675, 0.000399995944463]
    },
    "gfcc": {
        "mean": [50.3576469421, 44.5298957825, -110.986953735, 17.8919467926, -58.5215530396, 20.6100616455, -33.8883552551, 10.618221283, -22.9305686951, 6.63298177719, -15.6661996841, 4.10954380035, -11.6859989166],
        "cov": [[2855.921875, -504.25869751, 594.344360352, -117.568656921, 255.609817505, -13.4205732346, 155.420898438, 151.571044922, -24.299659729, 38.1020774841, -88.0452194214, 71.691078186, -54.6648368835], [-504.25869751, 687.815673828, -86.0131454468, 79.1906280518, 44.5446968079, 20.502368927, -21.0720806122, -47.0898094177, 67.9517822266, -8.43033695221, 70.3176879883, -22.3579788208, -9.68243789673], [594.344360352, -86.0131454468, 798.753295898, 258.006500244, 217.240509033, 28.1866455078, 46.1123809814, 138.402023315, 34.1572952271, 55.3859939575, 1.92680799961, 59.2634315491, -43.8165130615], [-117.568656921, 79.1906280518, 258.006500244, 382.7081604, 122.22013092, 60.8218955994, -33.7896232605, 25.5024642944, 43.6856536865, 17.077337265, 9.63898181915, 2.05408740044, 9.73795318604], [255.609817505, 44.5446968079, 217.240509033, 122.22013092, 245.891555786, 84.6955718994, 55.2363433838, 40.0486335754, 34.696975708, 29.1044006348, 17.4231433868, 17.1529312134, -6.00584077835], [-13.4205732346, 20.502368927, 28.1866455078, 60.8218955994, 84.6955718994, 196.019302368, 85.647567749, 26.116651535, 22.9193382263, 15.9588003159, 13.2290697098, 1.31480765343, 7.24263381958], [155.420898438, -21.0720806122, 46.1123809814, -33.7896232605, 55.2363433838, 85.647567749, 147.381881714, 63.5872192383, 20.7343788147, 14.020362854, 9.28845405579, 7.37346124649, 2.57096147537], [151.571044922, -47.0898094177, 138.402023315, 25.5024642944, 40.0486335754, 26.116651535, 63.5872192383, 116.923736572, 38.5929298401, 38.6906585693, -1.66107296944, 16.0673274994, 0.192702293396], [-24.299659729, 67.9517822266, 34.1572952271, 43.6856536865, 34.696975708, 22.9193382263, 20.7343788147, 38.5929298401, 104.693893433, 46.6583595276, 19.9967880249, 0.819767534733, 10.1448726654], [38.1020774841, -8.43033695221, 55.3859939575, 17.077337265, 29.1044006348, 15.9588003159, 14.020362854, 38.6906585693, 46.6583595276, 74.3618011475, 30.913816452, 17.2766456604, 3.20240020752], [-88.0452194214, 70.3176879883, 1.92680799961, 9.63898181915, 17.4231433868, 13.2290697098, 9.28845405579, -1.66107296944, 19.9967880249, 30.913816452, 76.7134475708, 32.9063186646, 1.32398617268], [71.691078186, -22.3579788208, 59.2634315491, 2.05408740044, 17.1529312134, 1.31480765343, 7.37346124649, 16.0673274994, 0.819767534733, 17.2766456604, 32.9063186646, 56.6434059143, 14.0285005569], [-54.6648368835, -9.68243789673, -43.8165130615, 9.73795318604, -6.00584077835, 7.24263381958, 2.57096147537, 0.192702293396, 10.1448726654, 3.20240020752, 1.32398617268, 14.0285005569, 53.838394165]],
        "icov": [[0.000615769298747, 0.000285436399281, -0.000316693913192, 0.000435353897046, -0.000636966549791, 0.000310104427626, -0.000431752967415, 0.000190170743736, -0.000121538279927, -0.00014363968512, 0.000968345673755, -0.00079455669038, 0.000461900752271], [0.000285436399281, 0.00226078764535, 6.70583904139e-05, -5.52834717382e-05, -0.000776476459578, 0.000196426815819, 0.000173796463059, 0.000324601394823, -0.00180962157901, 0.00198207632639, -0.00251271156594, 0.00131646741647, 0.000580332591198], [-0.000316693913192, 6.70583904139e-05, 0.00332599622197, -0.00211523938924, -0.00123363209423, 0.000900427403394, -0.000316624180414, -0.0020958466921, 0.000406756793382, -0.000569034076761, 0.00143759488128, -0.00349086639471, 0.00337529391982], [0.000435353897046, -5.52834717382e-05, -0.00211523938924, 0.00547314528376, -0.00146856892388, -0.00195843935944, 0.00347011885606, -0.000749337195884, -0.00114920292981, 0.00157606310677, -0.00129078340251, 0.00269438768737, -0.00289026368409], [-0.000636966549791, -0.000776476459578, -0.00123363209423, -0.00146856892388, 0.00770443398505, -0.00200594565831, -0.00153733312618, 0.00142300664447, -0.000359529454727, -0.0011245975038, -0.000442461925559, 4.09757967645e-06, -0.000182680014404], [0.000310104427626, 0.000196426815819, 0.000900427403394, -0.00195843935944, -0.00200594565831, 0.0089022545144, -0.00604284415022, 0.00153995573055, 0.000313639000524, -0.00159522949252, 0.000888697104529, -0.000584898341913, 0.000465278426418], [-0.000431752967415, 0.000173796463059, -0.000316624180414, 0.00347011885606, -0.00153733312618, -0.00604284415022, 0.0156595259905, -0.00833351258188, -0.000673188653309, 0.00471181469038, -0.00512136798352, 0.00389683386311, -0.00241186609492], [0.000190170743736, 0.000324601394823, -0.0020958466921, -0.000749337195884, 0.00142300664447, 0.00153995573055, -0.00833351258188, 0.0189917646348, -0.00351530639455, -0.00704718288034, 0.00659053074196, -0.0045547937043, 0.00106917554513], [-0.000121538279927, -0.00180962157901, 0.000406756793382, -0.00114920292981, -0.000359529454727, 0.000313639000524, -0.000673188653309, -0.00351530639455, 0.0172107759863, -0.00946882739663, -0.000732709711883, 0.00422557676211, -0.00371038424782], [-0.00014363968512, 0.00198207632639, -0.000569034076761, 0.00157606310677, -0.0011245975038, -0.00159522949252, 0.00471181469038, -0.00704718288034, -0.00946882739663, 0.0278451368213, -0.0119805047289, 0.0020582776051, -0.000761938630603], [0.000968345673755, -0.00251271156594, 0.00143759488128, -0.00129078340251, -0.000442461925559, 0.000888697104529, -0.00512136798352, 0.00659053074196, -0.000732709711883, -0.0119805047289, 0.031233727932, -0.0211196653545, 0.00757251540199], [-0.00079455669038, 0.00131646741647, -0.00349086639471, 0.00269438768737, 4.09757967645e-06, -0.000584898341913, 0.00389683386311, -0.0045547937043, 0.00422557676211, 0.0020582776051, -0.0211196653545, 0.0386955067515, -0.0144710922614], [0.000461900752271, 0.000580332591198, 0.00337529391982, -0.00289026368409, -0.000182680014404, 0.000465278426418, -0.00241186609492, 0.00106917554513, -0.00371038424782, -0.000761938630603, 0.00757251540199, -0.0144710922614, 0.0267745479941]]
    },
    "melbands": {
        "max": [0.0393178090453, 0.0176035277545, 0.0131109943613, 0.0129314847291, 0.0247603226453, 0.0104473344982, 0.0147133646533, 0.00805303547531, 0.00561071094126, 0.00428937003016, 0.00562979048118, 0.00610477896407, 0.00521917501464, 0.00424904003739, 0.0036164522171, 0.00298544112593, 0.00421339087188, 0.00157014268916, 0.00156904000323, 0.000333287607646, 0.000303362874547, 0.00036753230961, 0.000266209157417, 0.00015207073011, 0.000121041208331, 0.000182876683539, 0.000233050814131, 8.07409087429e-05, 0.00010674593068, 5.9479396441e-05, 5.22833288414e-05, 0.000151241838466, 6.34853568044e-05, 6.76225536154e-05, 0.000164452110766, 0.000134570131195, 6.6984044679e-05, 4.01200886699e-05, 3.2643925806e-05, 2.61180593952e-05],
        "mean": [0.00248757121153, 0.00123489077669, 0.000721409451216, 0.000497672706842, 0.000310581264785, 0.000258201354882, 0.000313966156682, 0.000259840715444, 0.000296461133985, 0.000250266457442, 0.000165495104739, 0.000351087277522, 0.000195267537492, 9.81275734375e-05, 9.36537981033e-05, 0.000142990655149, 0.00011607115448, 8.62572342157e-05, 6.62140009808e-05, 2.45056326094e-05, 2.36362575379e-05, 2.41632933466e-05, 2.35760780924e-05, 1.59751234605e-05, 1.14711383503e-05, 1.45154872371e-05, 1.33627036121e-05, 1.05309500213e-05, 8.52362609294e-06, 6.55436178931e-06, 6.65767993269e-06, 7.10540643922e-06, 5.8651226027e-06, 5.3218263929e-06, 5.24419647263e-06, 4.48801984021e-06, 3.55507836503e-06, 3.72914360014e-06, 3.37286337526e-06, 2.6768054795e-06],
        "min": [1.57671600221e-08, 8.39287679355e-08, 3.66267556728e-07, 8.55397161104e-07, 1.33622938847e-06, 8.26849884561e-07, 2.37039193962e-06, 2.42705391429e-06, 2.1692185328e-06, 1.11114582069e-06, 1.7327444084e-06, 1.12460043056e-06, 8.81097491856e-07, 8.1664921936e-07, 1.5120832586e-08, 3.04983807098e-08, 5.10293034495e-08, 4.37900382622e-08, 2.49898057803e-08, 4.85223878854e-08, 5.20050882358e-08, 6.96407624901e-08, 3.00043687673e-08, 2.1592155619e-08, 3.60010972145e-08, 5.58760007152e-08, 2.79769523104e-08, 6.23601863481e-08, 1.81328818627e-08, 1.72449965419e-08, 1.72044387625e-08, 1.28209887151e-08, 3.40839854118e-08, 1.41508103013e-08, 9.60195745137e-09, 8.80198403053e-09, 5.9364517746e-09, 4.31051017102e-09, 2.39770203692e-09, 1.02876618335e-09],
        "stdev": [0.00551178958267, 0.00239701056853, 0.00145290012006, 0.00107801693957, 0.000820772082079, 0.000628428184427, 0.000915103126317, 0.000555060221814, 0.000560158689041, 0.00042899363325, 0.000361611746484, 0.000652909395285, 0.000335214717779, 0.000196205088287, 0.000235541898292, 0.000297139777103, 0.000297904887702, 0.000152526248712, 0.000126489147078, 2.85982314381e-05, 2.54840633716e-05, 3.01585714624e-05, 2.75409565802e-05, 1.61669740919e-05, 1.20861986943e-05, 1.51800559252e-05, 1.60062172654e-05, 1.08939457277e-05, 9.28968074732e-06, 6.63417040414e-06, 6.15595445197e-06, 7.81132075645e-06, 6.39052859697e-06, 6.46324315312e-06, 8.88763315743e-06, 7.64703145251e-06, 4.38581719209e-06, 4.27623035648e-06, 3.60559806722e-06, 2.92035133498e-06]
    },
    "melbands128": {
        "max": [0.00547909364104, 0.0420966520905, 0.0654030144215, 0.0344535112381, 0.0203399434686, 0.0190027095377, 0.0200220830739, 0.0118138035759, 0.0216934159398, 0.0178255755454, 0.00947823096067, 0.0147123988718, 0.0356648042798, 0.0322554558516, 0.0138453887776, 0.0113042369485, 0.0320427343249, 0.0245592407882, 0.0202786587179, 0.0130324736238, 0.0153659749776, 0.0166415367275, 0.00774833839387, 0.0100423227996, 0.00676119793206, 0.00901783816516, 0.00735960062593, 0.0106930108741, 0.0101702148095, 0.0117745539173, 0.00912530627102, 0.00666443724185, 0.00367042422295, 0.0163896717131, 0.00670972466469, 0.00152345665265, 0.0052943546325, 0.00709573319182, 0.00525485957041, 0.00301983486861, 0.00539859430864, 0.00836341176182, 0.00816175527871, 0.00542165385559, 0.00117947265971, 0.00343282148242, 0.00392609089613, 0.00322215724736, 0.000966368650552, 0.000661681755446, 0.000411512184655, 0.000414520705817, 0.000452835782198, 0.000469420541776, 0.000422758719651, 0.000552999670617, 0.00048281045747, 0.000502076931298, 0.000512349884957, 0.000369219284039, 0.000192318591871, 0.000134002897539, 0.000170374638401, 0.000209120917134, 0.000190049016965, 0.000331614195602, 0.000377965741791, 0.000293233257253, 0.000469815306133, 0.000215624633711, 0.00010988455324, 0.000143346187542, 0.000245532253757, 8.24081071187e-05, 8.03275761427e-05, 7.62154450058e-05, 9.47746084421e-05, 5.02724287799e-05, 9.29048910621e-05, 7.22123659216e-05, 0.000280193111394, 0.000111003078928, 8.82060849108e-05, 7.41320691304e-05, 8.82006497704e-05, 5.12712758791e-05, 9.33851406444e-05, 0.000194507301785, 0.000189005790162, 0.000249748118222, 0.000253090227488, 9.91736451397e-05, 9.29899979383e-05, 8.63319510245e-05, 6.67099593556e-05, 4.65895209345e-05, 5.42668021808e-05, 4.81517017761e-05, 2.53312500718e-05, 5.08470075147e-05, 3.02281496261e-05, 3.25765213347e-05, 2.07287121157e-05, 1.91734397958e-05, 1.7126372768e-05, 1.97325243789e-05, 2.09336303669e-05, 1.07787382149e-05, 1.07321711766e-05, 1.06302986751e-05, 9.54507413553e-06, 7.63205935073e-06, 1.09621732918e-05, 9.64871742326e-06, 1.25591932374e-05, 8.98217967915e-06, 7.74059481046e-06, 8.48200943437e-06, 7.10708809493e-06, 4.38560573457e-06, 4.15980093749e-06, 3.37247229254e-06, 2.57584611063e-06, 2.18775880967e-07, 3.20425797007e-09, 3.15859005617e-09, 3.12954173687e-09, 3.1092808328e-09],
        "mean": [0.00034389377106, 0.00241034268402, 0.00374072417617, 0.00205328175798, 0.000833418103866, 0.000783148978371, 0.000776135886554, 0.000709687941708, 0.000637054501567, 0.000520062458236, 0.00041158075328, 0.000260455184616, 0.000318879232509, 0.000319130980643, 0.000266400369583, 0.000219367109821, 0.000211634091102, 0.000331975927111, 0.000473733845865, 0.000234022678342, 0.000177445224836, 0.000238576787524, 0.000369997142116, 0.000280059874058, 0.000239962188061, 0.00029062203248, 0.000141102762427, 0.000125168531667, 0.000179294947884, 0.0003472501121, 0.000449799292255, 0.000301785796182, 0.000145478275954, 0.000165194331203, 9.75715593086e-05, 7.9240067862e-05, 8.88993236003e-05, 0.000112397319754, 7.44875942473e-05, 0.000102328594949, 0.000188347272342, 0.000155548608745, 0.000120073011203, 0.000102279729617, 5.85771886108e-05, 8.83089742274e-05, 0.000110385022708, 8.57370250742e-05, 3.68764813174e-05, 2.33592163568e-05, 2.51382170973e-05, 2.31217418332e-05, 2.13028997678e-05, 2.52078025369e-05, 2.60008982877e-05, 2.39422042796e-05, 2.22619764827e-05, 2.37300373556e-05, 2.51842502621e-05, 2.19599096454e-05, 1.52776683535e-05, 1.1387163795e-05, 1.19146670841e-05, 1.14957847472e-05, 1.09061438707e-05, 1.47358405229e-05, 1.69892773556e-05, 1.44378182085e-05, 1.3450177903e-05, 1.03415250123e-05, 9.73053101916e-06, 1.16580049507e-05, 9.69737902778e-06, 7.87206045061e-06, 7.19047420716e-06, 6.63014998281e-06, 6.2696049099e-06, 5.98086671744e-06, 6.9095726758e-06, 7.07843128112e-06, 7.23983384887e-06, 7.46692376197e-06, 6.01139799983e-06, 5.79154220759e-06, 5.54549205845e-06, 5.53160953132e-06, 5.30937177246e-06, 4.745588285e-06, 5.19038167113e-06, 5.66525795875e-06, 5.29284761797e-06, 3.88133639717e-06, 3.62412106369e-06, 3.54043777406e-06, 3.54491521648e-06, 3.53961013388e-06, 3.82286998502e-06, 3.91450566894e-06, 3.25116093336e-06, 3.39418556905e-06, 2.89796139441e-06, 2.76222885986e-06, 2.04875459531e-06, 1.7592333279e-06, 2.02350383915e-06, 1.58754335189e-06, 1.33491232646e-06, 1.24183202388e-06, 1.24760458675e-06, 1.22614767406e-06, 1.0059612805e-06, 9.11817494398e-07, 8.9807895165e-07, 9.58890609581e-07, 1.11852602913e-06, 8.1892903836e-07, 6.22304753506e-07, 5.32330830083e-07, 4.01361091917e-07, 2.35636719026e-07, 1.70323630755e-07, 1.23944460029e-07, 7.18542025879e-08, 1.96355287585e-09, 6.87704016997e-12, 6.54224374327e-12, 6.35759110287e-12, 6.29195046759e-12],
        "min": [3.44704220723e-09, 8.19359158299e-09, 6.57939791537e-09, 8.06218292126e-09, 5.36481756797e-08, 1.47481102886e-07, 4.87127138626e-08, 3.31526820219e-07, 2.89381489438e-07, 1.06689789448e-07, 6.32483875052e-07, 6.93905121807e-07, 1.46650108945e-06, 3.81910695069e-07, 4.18778824951e-07, 2.1929351135e-07, 8.64846242621e-07, 8.80218749444e-07, 1.27448242893e-06, 4.49193919394e-07, 6.30841270777e-07, 4.04601422588e-07, 2.46568760076e-07, 5.42805707937e-07, 4.12429244534e-07, 2.62313619714e-07, 2.33763842061e-07, 4.8717458867e-07, 6.13829456597e-07, 7.6020069173e-07, 5.01874637848e-07, 2.88636385903e-07, 2.20218325353e-07, 3.97235027094e-07, 2.10119310395e-07, 3.29691403067e-07, 1.88370083976e-08, 3.37825878383e-09, 6.64370558567e-09, 1.59384967446e-08, 2.66611515087e-08, 6.70711131079e-08, 7.11434253731e-08, 2.45947493482e-08, 3.43879626996e-08, 5.9655448581e-08, 4.2149125079e-08, 1.57396051748e-08, 2.53583731791e-08, 2.45224089923e-08, 6.20861584366e-08, 6.5342732114e-08, 2.49912179839e-08, 5.62483606359e-08, 8.61405027308e-08, 9.95626976419e-08, 2.52575720339e-08, 1.3027710466e-08, 3.8557601556e-08, 4.81551545306e-08, 1.69573581843e-08, 7.13681158615e-09, 1.27941106598e-08, 3.98171380311e-08, 8.01705297704e-08, 7.55706608402e-08, 3.05505736264e-08, 9.95036764095e-09, 2.77477436583e-08, 4.2166956149e-08, 1.09146057525e-07, 3.20174677881e-08, 2.8339783853e-08, 1.16040999032e-08, 1.24422188108e-08, 2.55963410467e-08, 1.28545485367e-08, 1.43919081097e-08, 1.77275669699e-08, 2.44736781951e-08, 3.30562310857e-09, 9.21484843985e-09, 2.907042429e-08, 2.91273849484e-08, 2.16919033846e-08, 2.07933972263e-08, 9.67170166177e-09, 6.11035977371e-09, 6.87698209489e-09, 1.5784891616e-08, 1.03663140294e-08, 5.9342415426e-09, 5.83097836682e-09, 5.63543567367e-09, 3.98321464701e-09, 3.55464702118e-09, 3.65477403896e-09, 3.38487771145e-09, 2.42376119175e-09, 1.71226088863e-09, 1.2559626672e-09, 6.03154304279e-10, 3.0654204175e-10, 4.15809608967e-10, 2.58680549203e-10, 3.39376332592e-10, 1.72369979401e-10, 1.29511817937e-10, 6.63901503217e-11, 9.06443461957e-11, 6.0755359077e-11, 3.78429128312e-11, 7.73102068474e-11, 6.68297153728e-11, 3.80818154788e-11, 9.8806542375e-13, 6.77438248727e-13, 5.21669621563e-13, 2.88335653097e-13, 2.60910596513e-13, 3.30268120794e-13, 2.71111285548e-13, 2.61217344413e-13, 2.54927752085e-13, 1.75068469378e-13, 8.3854791329e-14, 9.26157767692e-15, 5.35964703117e-16],
        "stdev": [0.000601418840233, 0.0051990095526, 0.00892803166062, 0.00466202478856, 0.00176047882996, 0.00201637321152, 0.00195988896303, 0.00145940179937, 0.0015973058762, 0.00133810238913, 0.00080988346599, 0.000605344772339, 0.0010974915931, 0.00125152035616, 0.000742087257095, 0.000611561292317, 0.0012119805906, 0.00122122990433, 0.00134447740857, 0.000602745974902, 0.00070801586844, 0.000696412695106, 0.000820323824883, 0.000700612028595, 0.000535762461368, 0.000632110401057, 0.000395398732508, 0.000427346676588, 0.000584078719839, 0.000909112859517, 0.000908844056539, 0.000579493236728, 0.000305233406834, 0.000593329488765, 0.000295820471365, 0.000160037743626, 0.000211786609725, 0.000406642066082, 0.000264807778876, 0.000216930013266, 0.000492342631333, 0.000491567305289, 0.000456383248093, 0.000402406265493, 0.000116705065011, 0.000213634833926, 0.000308421760565, 0.000211251463043, 6.77815914969e-05, 3.98547781515e-05, 3.76215248252e-05, 3.0348324799e-05, 3.03005836031e-05, 3.36350203725e-05, 3.5123219277e-05, 3.94293456338e-05, 3.76403622795e-05, 3.70070301869e-05, 3.90224668081e-05, 2.91082233161e-05, 1.93365103769e-05, 1.47316850416e-05, 1.49664356286e-05, 1.53588334797e-05, 1.38164650707e-05, 1.78377686098e-05, 2.48919695878e-05, 1.90887694771e-05, 2.16148346226e-05, 1.49363977471e-05, 1.17628324006e-05, 1.48605049617e-05, 1.45979165609e-05, 9.62378180702e-06, 8.33003559819e-06, 7.68999689171e-06, 7.80867776484e-06, 6.19931688561e-06, 7.64252126828e-06, 7.93867457105e-06, 1.04082901089e-05, 9.293597941e-06, 7.28696340957e-06, 7.16118165656e-06, 6.93527181284e-06, 6.58124281472e-06, 7.7061695265e-06, 8.70762596605e-06, 9.68588938122e-06, 1.19187161545e-05, 1.22882875075e-05, 5.96890049565e-06, 5.46151613889e-06, 4.9969853535e-06, 4.363302196e-06, 4.494579116e-06, 4.96380607728e-06, 4.78418087368e-06, 3.36837388204e-06, 4.5130932449e-06, 3.26299050357e-06, 3.3020128285e-06, 2.30679052038e-06, 2.01442890102e-06, 2.30921500588e-06, 2.03248487196e-06, 1.71760814283e-06, 1.52165807776e-06, 1.48365120367e-06, 1.49159359353e-06, 1.31364163281e-06, 1.23756444737e-06, 1.29318925701e-06, 1.28203805616e-06, 1.47172352172e-06, 1.05161063857e-06, 8.69663324465e-07, 8.63899401793e-07, 7.3063893069e-07, 4.55897549045e-07, 3.8200249719e-07, 3.25421495972e-07, 2.08111458733e-07, 9.26378884714e-09, 8.60389398616e-11, 8.47949210847e-11, 8.40058161922e-11, 8.34554439444e-11]
    },
    "mfcc": {
        "mean": [-596.973937988, 87.4303131104, 1.43088066578, 5.03368759155, 0.183682695031, 6.09108781815, 2.06101536751, 3.38923859596, 0.632796227932, 2.94699072838, 0.934795558453, -0.972422361374, -0.577918946743],
        "cov": [[2335.64160156, -197.119750977, 97.0852127075, -17.1303081512, 27.6464061737, -34.30493927, 98.5436019897, 68.3839492798, 98.688659668, 19.7516288757, 10.0177927017, -7.80479764938, -19.1599445343], [-197.119750977, 500.944244385, -35.332233429, -1.17457914352, 24.9060993195, 11.9994058609, -8.91665840149, 12.8370828629, -34.4107627869, 2.07118535042, 46.6498146057, 41.0773582458, -3.34112477303], [97.0852127075, -35.332233429, 462.905395508, 224.663757324, 165.397705078, 27.5266933441, 45.0693359375, 62.8245201111, 41.0369491577, 26.8043479919, 34.9369659424, 49.3056678772, 56.0144767761], [-17.1303081512, -1.17457914352, 224.663757324, 295.949768066, 183.825042725, 29.7130641937, 1.92779159546, 15.9266281128, 20.0052490234, 14.0496034622, 3.04311585426, 26.3453826904, 47.4823493958], [27.6464061737, 24.9060993195, 165.397705078, 183.825042725, 233.557861328, 85.9042739868, 25.4147968292, 30.8786811829, 25.310503006, 25.4586963654, 17.5571746826, 24.7210102081, 35.3024978638], [-34.30493927, 11.9994058609, 27.5266933441, 29.7130641937, 85.9042739868, 150.856872559, 52.9166526794, 40.0382003784, 20.8665180206, 30.7512722015, 15.8728065491, 6.25891876221, 3.51267194748], [98.5436019897, -8.91665840149, 45.0693359375, 1.92779159546, 25.4147968292, 52.9166526794, 135.258895874, 63.2894477844, 31.9528045654, 10.824587822, 21.3155937195, 9.91071891785, 13.9347782135], [68.3839492798, 12.8370828629, 62.8245201111, 15.9266281128, 30.8786811829, 40.0382003784, 63.2894477844, 86.0544662476, 41.7639694214, 20.2776374817, 22.064447403, 15.499792099, 8.20765113831], [98.688659668, -34.4107627869, 41.0369491577, 20.0052490234, 25.310503006, 20.8665180206, 31.9528045654, 41.7639694214, 101.724533081, 56.4059333801, 15.7592229843, 2.46426105499, 4.0133099556], [19.7516288757, 2.07118535042, 26.8043479919, 14.0496034622, 25.4586963654, 30.7512722015, 10.824587822, 20.2776374817, 56.4059333801, 75.8685913086, 32.5694122314, 10.6311454773, 9.01668548584], [10.0177927017, 46.6498146057, 34.9369659424, 3.04311585426, 17.5571746826, 15.8728065491, 21.3155937195, 22.064447403, 15.7592229843, 32.5694122314, 64.2447357178, 34.8667449951, 17.2812309265], [-7.80479764938, 41.0773582458, 49.3056678772, 26.3453826904, 24.7210102081, 6.25891876221, 9.91071891785, 15.499792099, 2.46426105499, 10.6311454773, 34.8667449951, 62.2087402344, 35.346031189], [-19.1599445343, -3.34112477303, 56.0144767761, 47.4823493958, 35.3024978638, 3.51267194748, 13.9347782135, 8.20765113831, 4.0133099556, 9.01668548584, 17.2812309265, 35.346031189, 70.5585479736]],
        "icov": [[0.000491171900649, 0.000183793410542, -5.53181307623e-05, 0.000206648212043, -0.00031266734004, 0.000410934939282, -0.000319718266837, -0.000104611921415, -0.000377337273676, 0.000151908840053, -8.63179739099e-05, -9.23030893318e-05, 0.000327650486724], [0.000183793410542, 0.00252083130181, 0.000560291635338, -9.96975868475e-05, -0.000672718102578, 0.000391532463254, 0.0002647562942, -0.0010645390721, 0.00123404618353, -0.000175718450919, -0.00155897531658, -0.00143930339254, 0.00123530218843], [-5.53181307623e-05, 0.000560291635338, 0.00422200001776, -0.00249169976451, -0.000941474165302, 0.00102517427877, -0.000268437841441, -0.00223265565, 0.000296211714158, -6.40135331196e-05, -0.00112765410449, -0.00110416940879, -0.000110047796625], [0.000206648212043, -9.96975868475e-05, -0.00249169976451, 0.00916135776788, -0.00602722121403, 0.00160966557451, 0.000616083096247, 0.000824562623166, -0.000587903952692, -0.000233917045989, 0.00260703661479, -0.00020849709108, -0.00188851484563], [-0.00031266734004, -0.000672718102578, -0.000941474165302, -0.00602722121403, 0.012022905983, -0.00583574641496, 0.000762880372349, 0.000521076202858, -0.00084817642346, 0.000799490779173, -0.00105272291694, 0.0004791963147, -0.00128563528415], [0.000410934939282, 0.000391532463254, 0.00102517427877, 0.00160966557451, -0.00583574641496, 0.0120793916285, -0.00355286290869, -0.00307528814301, 0.00313855661079, -0.00560349971056, 0.00166912120767, -0.000497480214108, 0.00198883842677], [-0.000319718266837, 0.0002647562942, -0.000268437841441, 0.000616083096247, 0.000762880372349, -0.00355286290869, 0.0132271051407, -0.00738097447902, -0.00198457250372, 0.00429726019502, -0.00346273928881, 0.0025769630447, -0.00311334477738], [-0.000104611921415, -0.0010645390721, -0.00223265565, 0.000824562623166, 0.000521076202858, -0.00307528814301, -0.00738097447902, 0.0239942874759, -0.00820429250598, 0.003539880272, -0.00197625812143, -0.00261911237612, 0.00150805560406], [-0.000377337273676, 0.00123404618353, 0.000296211714158, -0.000587903952692, -0.00084817642346, 0.00313855661079, -0.00198457250372, -0.00820429250598, 0.0234183855355, -0.0181844197214, 0.00499869370833, 8.4665553004e-05, 0.00145593448542], [0.000151908840053, -0.000175718450919, -6.40135331196e-05, -0.000233917045989, 0.000799490779173, -0.00560349971056, 0.00429726019502, 0.003539880272, -0.0181844197214, 0.0335099063814, -0.0153479902074, 0.00407868996263, -0.00267242011614], [-8.63179739099e-05, -0.00155897531658, -0.00112765410449, 0.00260703661479, -0.00105272291694, 0.00166912120767, -0.00346273928881, -0.00197625812143, 0.00499869370833, -0.0153479902074, 0.0331350229681, -0.0148363271728, 0.00139466789551], [-9.23030893318e-05, -0.00143930339254, -0.00110416940879, -0.00020849709108, 0.0004791963147, -0.000497480214108, 0.0025769630447, -0.00261911237612, 8.4665553004e-05, 0.00407868996263, -0.0148363271728, 0.0330480188131, -0.0129431849346], [0.000327650486724, 0.00123530218843, -0.000110047796625, -0.00188851484563, -0.00128563528415, 0.00198883842677, -0.00311334477738, 0.00150805560406, 0.00145593448542, -0.00267242011614, 0.00139466789551, -0.0129431849346, 0.0230629537255]]
    },
    "spectral_contrast_coeffs": {
        "max": [-0.448065042496, -0.431972593069, -0.50911962986, -0.619877636433, -0.688802659512, -0.669057071209],
        "mean": [-0.730420768261, -0.775130450726, -0.767993927002, -0.797572731972, -0.807832419872, -0.783200860023],
        "min": [-0.924901664257, -0.930903196335, -0.904294908047, -0.925597071648, -0.889212846756, -0.859096229076],
        "stdev": [0.0750822126865, 0.0675458833575, 0.0681296736002, 0.0489290468395, 0.0273153949529, 0.0256594996899]
    },
    "spectral_contrast_valleys": {
        "max": [-4.849796772, -4.43411779404, -5.16108560562, -5.55455780029, -5.7222661972, -7.82198429108],
        "mean": [-6.79864692688, -6.4348077774, -6.83019781113, -7.02000665665, -6.98435258865, -9.11485767365],
        "min": [-9.59764671326, -8.15745925903, -8.58023548126, -9.63815498352, -9.44283676147, -12.2105760574],
        "stdev": [0.76399242878, 0.534769833088, 0.521110355854, 0.462141335011, 0.50694257021, 0.666204452515]
    }
},
"rhythm": {
    "beats_count": 49,
    "beats_loudness": {
        "max": 0.104309625924,
        "mean": 0.0406951755285,
        "min": 0.00147663301323,
        "stdev": 0.0247617922723
    },
    "bpm": 92.1382446289,
    "bpm_histogram_first_peak_bpm": 92,
    "bpm_histogram_first_peak_weight": 0.375,
    "bpm_histogram_second_peak_bpm": 0,
    "bpm_histogram_second_peak_spread": 0,
    "bpm_histogram_second_peak_weight": 0,
    "danceability": 1.09735834599,
    "onset_rate": 3.35302710533,
    "beats_loudness_band_ratio": {
        "max": [0.967210590839, 0.358067244291, 0.815254747868, 0.832957923412, 0.433735251427, 0.268985837698],
        "mean": [0.220166087151, 0.0983108505607, 0.182263061404, 0.283391147852, 0.125269919634, 0.116777062416],
        "min": [0.0146638611332, 0.00460007973015, 0.00351474573836, 0.00403168657795, 0.00408746581525, 0.00211576139554],
        "stdev": [0.261286705732, 0.0800183191895, 0.152182132006, 0.223178133368, 0.0918801501393, 0.0679684355855]
    },
    "beats_position": [0.650158703327, 1.31192743778, 1.98530614376, 2.6470746994, 3.30884337425, 3.98222208023, 4.6439909935, 5.2941493988, 5.95591831207, 6.6176867485, 7.2910656929, 7.96444416046, 8.63782310486, 9.29959201813, 9.96135997772, 10.6115188599, 11.261677742, 11.9118366241, 12.5619955063, 13.2005443573, 13.8390922546, 14.4892511368, 15.1277999878, 15.7779588699, 16.4281177521, 17.0782756805, 17.7168254852, 18.3553733826, 18.9939231873, 19.6440811157, 20.2942390442, 20.94439888, 21.5945568085, 22.2447166443, 22.8832645416, 23.5218143463, 24.1719722748, 24.8105201721, 25.4490699768, 26.0992279053, 26.7493877411, 27.3995456696, 28.0380954742, 28.6882534027, 29.3384113312, 29.9769611359, 30.6155090332, 31.265668869, 31.9158267975],
