{
"metadata": {
    "version": {
        "essentia": "2.1-beta5",
        "essentia_git_sha": "Undefined",
        "extractor": "music 2.0"
    },
    "audio_properties": {
        "analysis": {
            "equal_loudness": 0,
            "length": 48.7502937317,
            "sample_rate": 44100,
            "start_time": 12.7477550507,
            "downmix": "mix"
        },
        "bit_rate": 192000,
        "length": 194.20010376,
        "lossless": 0,
        "number_channels": 2,
        "replay_gain": -4.96233558655,
        "sample_rate": 48000,
        "codec": "mp3",
        "md5_encoded": "f3d0646a395fc926256cade9a77020c4"
    },
    "tags": {
        "file_name": "Italy_Madness Of Love_Raphael Gualazzi.mp3",
        "encoding": ["Lavf58.29.100"]
    }
},
"lowlevel": {
    "average_loudness": 0.681119143963,
    "barkbands_crest": {
        "max": 26.1361293793,
        "mean": 13.188246727,
        "min": 3.16784763336,
        "stdev": 5.04089927673
    },
    "barkbands_flatness_db": {
        "max": 0.374357312918,
        "mean": 0.191025197506,
        "min": 0.0371217876673,
        "stdev": 0.055095538497
    },
    "barkbands_kurtosis": {
        "max": 154.256698608,
        "mean": 13.2023954391,
        "min": -1.91537296772,
        "stdev": 15.8862285614
    },
    "barkbands_skewness": {
        "max": 10.5398721695,
        "mean": 2.333548069,
        "min": -3.8499815464,
        "stdev": 1.67587339878
    },
    "barkbands_spread": {
        "max": 105.721839905,
        "mean": 11.076333046,
        "min": 0.72677642107,
        "stdev": 14.1761674881
    },
    "dissonance": {
        "max": 0.499351203442,
        "mean": 0.428082406521,
        "min": 0.173356890678,
        "stdev": 0.0474188439548
    },
    "dynamic_complexity": 4.52474117279,
    "erbbands_crest": {
        "max": 30.2381420135,
        "mean": 11.5986385345,
        "min": 3.13049077988,
        "stdev": 4.91393613815
    },
    "erbbands_flatness_db": {
        "max": 0.339444726706,
        "mean": 0.187766313553,
        "min": 0.03681621328,
        "stdev": 0.0472278296947
    },
    "erbbands_kurtosis": {
        "max": 40.8740196228,
        "mean": 3.41117191315,
        "min": -1.71224153042,
        "stdev": 4.46622467041
    },
    "erbbands_skewness": {
        "max": 4.51999998093,
        "mean": 1.07839691639,
        "min": -3.26660919189,
        "stdev": 1.10925519466
    },
    "erbbands_spread": {
        "max": 138.145431519,
        "mean": 25.9254322052,
        "min": 2.15612030029,
        "stdev": 16.311504364
    },
    "hfc": {
        "max": 181.8462677,
        "mean": 10.7793540955,
        "min": 0.0780070871115,
        "stdev": 16.1580257416
    },
    "loudness_ebu128": {
        "integrated": -20.4132823944,
        "loudness_range": 7.07502365112,
        "momentary": {
            "max": -13.6486692429,
            "mean": -21.9659118652,
            "min": -33.9621582031,
            "stdev": 3.81172680855
        },
        "short_term": {
            "max": -16.6220645905,
            "mean": -21.4063091278,
            "min": -26.0818080902,
            "stdev": 2.59597325325
        }
    },
    "melbands_crest": {
        "max": 31.2853298187,
        "mean": 16.0050201416,
        "min": 3.51205134392,
        "stdev": 5.38323736191
    },
    "melbands_flatness_db": {
        "max": 0.49014082551,
        "mean": 0.271257013083,
        "min": 0.0427573807538,
        "stdev": 0.0732362121344
    },
    "melbands_kurtosis": {
        "max": 219.51335144,
        "mean": 19.2474975586,
        "min": -1.85917377472,
        "stdev": 23.7115573883
    },
    "melbands_skewness": {
        "max": 10.6873273849,
        "mean": 2.71820878983,
        "min": -1.28157269955,
        "stdev": 1.76322841644
    },
    "melbands_spread": {
        "max": 228.938735962,
        "mean": 14.109834671,
        "min": 0.884321033955,
        "stdev": 25.3451099396
    },
    "pitch_salience": {
        "max": 0.887256801128,
        "mean": 0.532563269138,
        "min": 0.0873043760657,
        "stdev": 0.129165932536
    },
    "silence_rate_20dB": {
        "max": 1,
        "mean": 1,
        "min": 1,
        "stdev": 0
    },
    "silence_rate_30dB": {
        "max": 1,
        "mean": 0.995716333389,
        "min": 0,
        "stdev": 0.0653094053268
    },
    "silence_rate_60dB": {
        "max": 1,
        "mean": 0.133745834231,
        "min": 0,
        "stdev": 0.340375691652
    },
    "spectral_centroid": {
        "max": 4793.25390625,
        "mean": 743.223693848,
        "min": 208.972061157,
        "stdev": 719.595825195
    },
    "spectral_complexity": {
        "max": 34,
        "mean": 9.03664875031,
        "min": 0,
        "stdev": 5.17979240417
    },
    "spectral_decrease": {
        "max": -2.63178437376e-11,
        "mean": -4.89351670296e-09,
        "min": -3.61139171901e-08,
        "stdev": 5.00669061765e-09
    },
    "spectral_energy": {
        "max": 0.140497565269,
        "mean": 0.0194469615817,
        "min": 0.00010941792425,
        "stdev": 0.0198517628014
    },
    "spectral_energyband_high": {
        "max": 0.0225549060851,
        "mean": 0.000324931694195,
        "min": 8.68381960117e-07,
        "stdev": 0.00138663942926
    },
    "spectral_energyband_low": {
        "max": 0.0436464697123,
        "mean": 0.00322872772813,
        "min": 5.39072061656e-07,
        "stdev": 0.00560413999483
    },
    "spectral_energyband_middle_high": {
        "max": 0.0700044482946,
        "mean": 0.00233482057229,
        "min": 1.59052488016e-05,
        "stdev": 0.00633725663647
    },
    "spectral_energyband_middle_low": {
        "max": 0.127555519342,
        "mean": 0.0141743095592,
        "min": 4.17872033722e-05,
        "stdev": 0.016750022769
    },
    "spectral_entropy": {
        "max": 8.67548847198,
        "mean": 7.00555562973,
        "min": 5.29745960236,
        "stdev": 0.557804048061
    },
    "spectral_flux": {
        "max": 0.331264346838,
        "mean": 0.054329790175,
        "min": 0.00650035729632,
        "stdev": 0.0349527932703
    },
    "spectral_kurtosis": {
        "max": 36.6604194641,
        "mean": 7.90272188187,
        "min": -0.879575252533,
        "stdev": 4.50683403015
    },
    "spectral_rms": {
        "max": 0.0117077231407,
        "mean": 0.00385893206112,
        "min": 0.000326724955812,
        "stdev": 0.00202022190206
    },
    "spectral_rolloff": {
        "max": 10723.5351562,
        "mean": 969.218078613,
        "min": 86.1328125,
        "stdev": 1600.61572266
    },
    "spectral_skewness": {
        "max": 4.91242313385,
        "mean": 2.23952293396,
        "min": 0.161426588893,
        "stdev": 0.658917665482
    },
    "spectral_spread": {
        "max": 15271384,
        "mean": 4255690.5,
        "min": 1413281.375,
        "stdev": 1515438.5
    },
    "spectral_strongpeak": {
        "max": 12.8510456085,
        "mean": 0.949704885483,
        "min": 0,
        "stdev": 1.18981742859
    },
    "zerocrossingrate": {
        "max": 0.3212890625,
        "mean": 0.0392370373011,
        "min": 0.0029296875,
        "stdev": 0.0445134304464
    },
    "barkbands": {
        "max": [0.00470971409231, 0.0391611419618, 0.0114910686389, 0.0187379661947, 0.0529880449176, 0.12130895257, 0.0445251278579, 0.0620755143464, 0.0549064390361, 0.0552150160074, 0.0218100771308, 0.0182031095028, 0.0542140752077, 0.00861510820687, 0.0047357538715, 0.00234126904979, 0.00523910997435, 0.00174972601235, 0.00466229580343, 0.00532399397343, 0.00449284957722, 0.00470199948177, 0.00634718267247, 0.00475722085685, 0.00137867906597, 0.00057380204089, 0.000169135528267],
        "mean": [0.000132753615617, 0.0022194229532, 0.000454694993095, 0.00097399164224, 0.00544008333236, 0.00270473677665, 0.00153840554412, 0.00153118616436, 0.00153919472359, 0.000836951949168, 0.000439744704636, 0.000225977753871, 0.000602860935032, 0.000135738402605, 7.99461777206e-05, 5.25674367964e-05, 9.99603944365e-05, 3.64226070815e-05, 5.99574086664e-05, 4.19072639488e-05, 5.6010318076e-05, 5.36994448339e-05, 7.085892139e-05, 8.11703357613e-05, 2.58121526713e-05, 1.03035836219e-05, 2.62301296061e-06],
        "min": [4.52646453653e-09, 9.30754922024e-08, 9.67423474663e-08, 8.02710360404e-07, 3.48027538166e-06, 5.29373801328e-06, 1.28238025354e-06, 1.01716727841e-06, 9.75862462838e-07, 9.08052584236e-07, 5.92440926539e-07, 1.58832222041e-06, 1.24500991205e-06, 4.92656795359e-07, 3.90426123431e-07, 2.63212939444e-07, 3.14107865051e-07, 2.90225443678e-07, 2.38419517018e-07, 1.69277825535e-07, 1.79856556315e-07, 1.60708523822e-07, 1.10965331146e-07, 4.5163112361e-08, 2.46367068968e-08, 7.7765855977e-09, 2.45094888829e-10],
        "stdev": [0.000400461896788, 0.00476841675118, 0.000957461015787, 0.00215745973401, 0.00763662951067, 0.00833429116756, 0.00327364448458, 0.0049791354686, 0.00479898881167, 0.00312753207982, 0.00155569682829, 0.000815033214167, 0.00339641561732, 0.00045845384011, 0.000245903473115, 0.000144132558489, 0.000307169393636, 9.98842078843e-05, 0.000215052699787, 0.000210862242966, 0.000254514801782, 0.000237517771893, 0.000378669879865, 0.000390182394767, 0.000100938290416, 3.38159479725e-05, 9.40154768614e-06]
    },
    "erbbands": {
        "max": [1.32672858238, 9.25325298309, 9.04843902588, 48.9573364258, 121.612228394, 247.038604736, 864.594299316, 1033.05969238, 523.581665039, 1616.18969727, 1391.61535645, 1475.32910156, 1184.35791016, 1365.12988281, 1053.53955078, 1126.71838379, 2936.94970703, 642.452697754, 149.696609497, 316.264678955, 62.0806121826, 279.038146973, 103.312042236, 166.768920898, 236.030029297, 246.097976685, 249.489227295, 158.970794678, 166.211395264, 181.531921387, 205.611160278, 115.876464844, 64.9882354736, 17.580575943, 8.49930381775, 2.52120757103, 1.4248855114, 0.2461168468, 0.0291888322681, 0.001118333661],
        "mean": [0.0603242665529, 0.506532490253, 0.568669199944, 2.24620127678, 8.80536079407, 21.5943202972, 23.3403053284, 20.2796516418, 20.9259243011, 32.902179718, 27.9528617859, 38.2803649902, 33.7928581238, 16.9984302521, 15.6509046555, 12.2788553238, 27.5103988647, 11.8903951645, 4.315325737, 4.29748868942, 3.18737959862, 5.10282373428, 2.53591752052, 2.74078989029, 2.53053236008, 2.10374975204, 2.32707762718, 2.08434987068, 1.90840423107, 2.04875707626, 1.98461675644, 1.74034571648, 1.25450253487, 0.397235572338, 0.139781996608, 0.0518837720156, 0.0174977909774, 0.0041814702563, 0.000481398135889, 3.61881866411e-05],
        "min": [3.61908951163e-06, 3.75197196263e-05, 0.000500897760503, 0.00361757958308, 0.020873317495, 0.00863089412451, 0.0189083572477, 0.023290026933, 0.0360679663718, 0.0403302833438, 0.0345175974071, 0.0335483290255, 0.044494394213, 0.0479226596653, 0.0431870669127, 0.0827834606171, 0.0800145491958, 0.0513323768973, 0.0359572395682, 0.022800302133, 0.0204756129533, 0.0221352893859, 0.0178183298558, 0.0180137865245, 0.0107991918921, 0.00935421697795, 0.00780643103644, 0.00563716236502, 0.00515915220603, 0.00477258535102, 0.00318867154419, 0.00130956491921, 0.000771028338932, 0.000380913959816, 0.00016040551418, 4.373352931e-05, 1.16425590022e-05, 2.41198813455e-06, 2.15798650061e-07, 1.4352625044e-07],
        "stdev": [0.132449626923, 1.09383070469, 0.909377813339, 4.87410354614, 16.122133255, 35.5430984497, 60.9981536865, 67.032951355, 42.9617385864, 95.5466003418, 93.3712921143, 128.574523926, 92.6817779541, 66.1298294067, 65.9646148682, 46.7894020081, 158.362457275, 40.7548484802, 10.8134794235, 13.4742517471, 6.31891489029, 16.7080554962, 6.93332481384, 8.18881607056, 10.426905632, 10.1904449463, 11.3493814468, 9.06029605865, 8.30014324188, 9.97010993958, 10.8755588531, 8.74289608002, 5.92196989059, 1.68045914173, 0.497125774622, 0.16195987165, 0.0683988854289, 0.0136937778443, 0.00164067733567, 5.72741701035e-05]
    },
    "gfcc": {
        "mean": [-71.3167114258, 111.440185547, -97.8288650513, 11.0353593826, -65.9594116211, 7.99039793015, -42.1244087219, -0.574189841747, -20.5456447601, -2.37049341202, -12.3658399582, 1.1135032177, -8.97172355652],
        "cov": [[4595.59228516, -1205.57910156, -215.923965454, -565.491943359, -506.708679199, -301.680755615, -152.646789551, 111.262275696, -48.3270072937, 63.1185340881, -86.3254013062, 200.093307495, -151.649765015], [-1205.57910156, 1556.45849609, -76.5050048828, -172.308120728, 365.351043701, 24.2064533234, 123.780029297, -12.0901632309, 199.675537109, -78.3182296753, 84.1174697876, -35.6839561462, 43.3605194092], [-215.923965454, -76.5050048828, 1133.7208252, 391.439666748, 164.95640564, 206.718338013, -44.7983589172, 10.5438928604, 26.6161727905, 49.4505996704, -29.6487998962, 72.4238815308, 12.4983663559], [-565.491943359, -172.308120728, 391.439666748, 692.193054199, 149.855133057, 244.313323975, 37.8388404846, 16.1744346619, 46.55235672, 67.4029922485, 71.0830078125, -30.8829135895, 76.3501434326], [-506.708679199, 365.351043701, 164.95640564, 149.855133057, 365.374084473, 159.365844727, 115.536361694, 57.1674804688, 90.3947906494, 51.4679374695, 63.60679245, 14.8354978561, 38.7993621826], [-301.680755615, 24.2064533234, 206.718338013, 244.313323975, 159.365844727, 285.158813477, 146.789352417, 65.3718566895, 61.8587608337, 60.3757705688, 60.9113883972, 23.405664444, 33.3132286072], [-152.646789551, 123.780029297, -44.7983589172, 37.8388404846, 115.536361694, 146.789352417, 266.40637207, 87.0445251465, 53.3049888611, 44.2384567261, 52.0778694153, 17.732460022, 16.2773761749], [111.262275696, -12.0901632309, 10.5438928604, 16.1744346619, 57.1674804688, 65.3718566895, 87.0445251465, 117.655220032, 55.6149253845, 47.9216194153, 35.2954101562, 31.0589637756, 10.6466846466], [-48.3270072937, 199.675537109, 26.6161727905, 46.55235672, 90.3947906494, 61.8587608337, 53.3049888611, 55.6149253845, 150.956161499, 58.3222465515, 60.1821327209, 21.9259033203, 22.0031471252], [63.1185340881, -78.3182296753, 49.4505996704, 67.4029922485, 51.4679374695, 60.3757705688, 44.2384567261, 47.9216194153, 58.3222465515, 128.553634644, 53.8241424561, 24.2746295929, 6.92317581177], [-86.3254013062, 84.1174697876, -29.6487998962, 71.0830078125, 63.60679245, 60.9113883972, 52.0778694153, 35.2954101562, 60.1821327209, 53.8241424561, 116.31502533, 24.9269447327, 34.5450172424], [200.093307495, -35.6839561462, 72.4238815308, -30.8829135895, 14.8354978561, 23.405664444, 17.732460022, 31.0589637756, 21.9259033203, 24.2746295929, 24.9269447327, 104.315879822, 18.0171642303], [-151.649765015, 43.3605194092, 12.4983663559, 76.3501434326, 38.7993621826, 33.3132286072, 16.2773761749, 10.6466846466, 22.0031471252, 6.92317581177, 34.5450172424, 18.0171642303, 80.6518707275]],
        "icov": [[0.000419504271122, 0.000377255084459, -2.13519397221e-05, 0.000288604147499, 0.000118887335702, 0.000255710270721, 3.19804530591e-05, -0.000303925917251, -0.000549730961211, 0.000180082395673, -8.80105581018e-05, -0.000553288962692, 0.00048273766879], [0.000377255084459, 0.00209035654552, -0.000245909293881, 0.00123686343431, -0.00163890467957, 0.000657782540657, -0.0006183955702, 0.00124456523918, -0.00302508333698, 0.00240469770506, -0.00128655286971, 0.000743503158446, -6.61756639602e-05], [-2.13519397221e-05, -0.000245909293881, 0.0015970824752, -0.000955885159783, -0.000298523082165, -0.00087146757869, 0.000925413449295, -7.24774945411e-05, 0.000265215465333, -0.000529093202204, 0.0016512008151, -0.00178789149504, 0.000741054536775], [0.000288604147499, 0.00123686343431, -0.000955885159783, 0.00390361947939, -0.000761579896789, -0.00184547260869, 0.000418962707045, 0.000922692299355, -0.00143558927812, 0.000642768514808, -0.00189689081162, 0.00285701989196, -0.00223658466712], [0.000118887335702, -0.00163890467957, -0.000298523082165, -0.000761579896789, 0.0060095214285, -0.00152021611575, -0.000229997764109, -0.00161975924857, 0.000932568509597, -0.00202982453629, 0.000426481099566, -0.000578979845159, -0.000264476315351], [0.000255710270721, 0.000657782540657, -0.00087146757869, -0.00184547260869, -0.00152021611575, 0.0093180090189, -0.00397583283484, -0.000480802875245, -0.00107349688187, 0.00048607061035, -0.00117708079051, -0.000995523761958, 0.000735384295695], [3.19804530591e-05, -0.0006183955702, 0.000925413449295, 0.000418962707045, -0.000229997764109, -0.00397583283484, 0.00753074977547, -0.00377567694522, 0.00129131332505, -0.000794392661192, 7.99526460469e-05, -0.000181059411261, 0.000306080124574], [-0.000303925917251, 0.00124456523918, -7.24774945411e-05, 0.000922692299355, -0.00161975924857, -0.000480802875245, -0.00377567694522, 0.0155288251117, -0.00452697835863, -0.000668767257594, -0.000533442129381, -0.000959649216384, -0.000677617324982], [-0.000549730961211, -0.00302508333698, 0.000265215465333, -0.00143558927812, 0.000932568509597, -0.00107349688187, 0.00129131332505, -0.00452697835863, 0.0147510236129, -0.00559399509802, -0.00111172546167, -0.000773226376623, -0.000652840535622], [0.000180082395673, 0.00240469770506, -0.000529093202204, 0.000642768514808, -0.00202982453629, 0.00048607061035, -0.000794392661192, -0.000668767257594, -0.00559399509802, 0.0147321596742, -0.00528774503618, 0.000210261219763, 0.00202302867547], [-8.80105581018e-05, -0.00128655286971, 0.0016512008151, -0.00189689081162, 0.000426481099566, -0.00117708079051, 7.99526460469e-05, -0.000533442129381, -0.00111172546167, -0.00528774503618, 0.0162206795067, -0.00352396559902, -0.00300191226415], [-0.000553288962692, 0.000743503158446, -0.00178789149504, 0.00285701989196, -0.000578979845159, -0.000995523761958, -0.000181059411261, -0.000959649216384, -0.000773226376623, 0.000210261219763, -0.00352396559902, 0.0153872650117, -0.00474982475862], [0.00048273766879, -6.61756639602e-05, 0.000741054536775, -0.00223658466712, -0.000264476315351, 0.000735384295695, 0.000306080124574, -0.000677617324982, -0.000652840535622, 0.00202302867547, -0.00300191226415, -0.00474982475862, 0.0175471678376]]
    },
    "melbands": {
        "max": [0.0115152355283, 0.00589745491743, 0.00727079482749, 0.00952476076782, 0.0253608394414, 0.0207580123097, 0.0079949516803, 0.0159311424941, 0.00989446043968, 0.00971018522978, 0.00631804019213, 0.00644726352766, 0.00295286648907, 0.00220685685053, 0.00864223670214, 0.00619037402794, 0.00109745725058, 0.000354983203579, 0.000395929324441, 0.000236036052229, 8.43829329824e-05, 0.000248666503467, 0.000276681530522, 5.05524840264e-05, 0.00013597655925, 0.000227161275689, 0.00018456489488, 0.000150872598169, 0.000142544042319, 0.000131632870762, 0.000107638254121, 9.73206624622e-05, 0.000104962346086, 0.000105348393845, 0.000112325215014, 0.000114105911052, 7.20467796782e-05, 5.50480945094e-05, 2.98024733638e-05, 1.20055610751e-05],
        "mean": [0.000614335527644, 0.000442475313321, 0.000542832887731, 0.00109647866338, 0.000890589202754, 0.000471127073979, 0.000314017932396, 0.000364356150385, 0.00022180666565, 0.000238475520746, 0.000162300639204, 6.73027825542e-05, 5.58978390472e-05, 2.75527600024e-05, 4.33510540461e-05, 6.2193685153e-05, 1.66991412698e-05, 6.59827674099e-06, 6.10632423559e-06, 4.64861250293e-06, 3.74134879166e-06, 5.49518290427e-06, 3.94132757719e-06, 1.53484654675e-06, 2.22787298298e-06, 2.39791620515e-06, 1.19074172744e-06, 1.40717770591e-06, 1.42179294471e-06, 1.40990186992e-06, 1.13160740511e-06, 1.10974167455e-06, 9.75318243945e-07, 1.20620791222e-06, 1.14034196486e-06, 1.09052348307e-06, 1.07767561985e-06, 1.00041859241e-06, 5.5537782373e-07, 2.57793715264e-07],
        "min": [2.74742202322e-08, 6.94075410479e-08, 1.0345058854e-06, 1.09624591005e-06, 5.66278515635e-07, 5.85359146044e-07, 4.47307655804e-07, 4.72538431495e-07, 2.69229957439e-07, 1.52643266915e-07, 1.0577404197e-07, 1.54278822606e-07, 6.07616357229e-08, 1.34372484695e-07, 1.52662494202e-07, 9.72125704379e-08, 7.16985013582e-08, 4.96474115153e-08, 3.39372157043e-08, 1.51790899849e-08, 2.56650327657e-08, 2.0988345284e-08, 1.57546971025e-08, 1.27202870459e-08, 1.02941779545e-08, 7.70631380931e-09, 5.53444001739e-09, 4.80483830501e-09, 3.88717991129e-09, 3.44388206841e-09, 2.8088398274e-09, 2.53021270602e-09, 2.00520133831e-09, 2.05816541587e-09, 1.77621761743e-09, 8.52177550748e-10, 6.22456586274e-10, 5.08155073575e-10, 3.53184093083e-10, 2.11825418317e-10],
        "stdev": [0.00133172201458, 0.000760096299928, 0.000941301055718, 0.00150694756303, 0.00192176620476, 0.00147607398685, 0.000643517239951, 0.00108370697126, 0.000744686694816, 0.000803615723271, 0.000472579704365, 0.000310125236865, 0.000206410521059, 0.000103407117422, 0.000269996438874, 0.000376196258003, 5.90836025367e-05, 1.97022891371e-05, 2.06963140954e-05, 1.37968872878e-05, 7.69943562773e-06, 1.61306124937e-05, 1.58305483637e-05, 3.33847970069e-06, 6.94199115969e-06, 1.08009226096e-05, 5.95540996073e-06, 7.03727937434e-06, 7.31889576855e-06, 6.50471520203e-06, 5.02855209561e-06, 4.6110076255e-06, 4.83710118715e-06, 6.01992405791e-06, 6.26804785497e-06, 6.16762281425e-06, 5.33770707989e-06, 4.85429791297e-06, 2.54327983384e-06, 1.0548994851e-06]
    },
    "melbands128": {
        "max": [0.0025266376324, 0.0099977850914, 0.0192493535578, 0.0138465780765, 0.00453857611865, 0.00765761639923, 0.0116637730971, 0.010750355199, 0.0172048900276, 0.0108207706362, 0.0196530576795, 0.0244004782289, 0.0425258055329, 0.0542298778892, 0.0397652238607, 0.0169747062027, 0.0100664794445, 0.0148571077734, 0.00785852223635, 0.0311266891658, 0.0189828258008, 0.0204274151474, 0.0180703345686, 0.0216997209936, 0.0144851393998, 0.0138126090169, 0.00773785728961, 0.0104401493445, 0.0190752409399, 0.0154417743906, 0.00345111358911, 0.00291688391007, 0.00339440233074, 0.00726063316688, 0.00109284953214, 0.00497754151002, 0.00201097060926, 0.0139196235687, 0.010523673147, 0.0162236671895, 0.00808990560472, 0.00470715900883, 0.00179234263487, 0.00210345163941, 0.00104553380515, 0.000393103575334, 0.000717092363629, 0.000708376930561, 0.000805849616881, 0.000626595981885, 0.000252587778959, 0.00016080851492, 0.000162578842719, 0.000198333320441, 0.000236521751503, 0.000308008427965, 0.000898091879208, 0.000673892500345, 0.000299782957882, 4.73336403957e-05, 9.07676076167e-05, 8.4562387201e-05, 0.000117793402751, 0.000207974182558, 0.000309314840706, 0.000347477907781, 0.000151783504407, 0.000169188773725, 0.000328016874846, 0.000258373940596, 0.000171156731085, 0.000161567004398, 0.000133028122946, 0.000141167110996, 0.000287296512397, 0.000143653582199, 0.000105982478999, 0.000106713072455, 0.000136265996844, 8.97648351383e-05, 8.32031437312e-05, 0.000119835473015, 9.81671037152e-05, 0.000148566046846, 0.000113493340905, 0.00012441482977, 0.000122370474855, 0.000133431341965, 0.000102808538941, 0.000187207624549, 0.000147357568494, 0.00012184757361, 7.11594329914e-05, 9.24159903661e-05, 0.000102967649582, 8.26993782539e-05, 6.39222416794e-05, 5.03941228089e-05, 3.62990467693e-05, 4.32852866652e-05, 2.3577011234e-05, 1.66117151821e-05, 9.48880006035e-06, 1.21307530208e-05, 1.68514307006e-05, 7.762560017e-06, 3.83574570151e-06, 3.81479776479e-06, 4.68988355351e-06, 4.28378370998e-06, 7.24698384147e-06, 5.87300428379e-06, 7.99900772108e-06, 5.21811443832e-06, 1.90253035726e-06, 1.95694406102e-06, 1.71243527802e-06, 1.91889171219e-06, 2.08121832657e-06, 8.41623716497e-07, 4.79528125652e-07, 6.53352913105e-07, 7.76019987825e-07, 2.50091982679e-08, 1.52179893687e-10, 1.53127788227e-10, 1.49142531658e-10, 1.47223594427e-10],
        "mean": [8.15953317215e-05, 0.000377204181859, 0.00100178306457, 0.000777804700192, 0.000298527505947, 0.000255942926742, 0.000426611979492, 0.000495077867527, 0.000915237877052, 0.00109226803761, 0.00132450461388, 0.00106084696017, 0.000763110350817, 0.00071997474879, 0.000452360603958, 0.000355530442903, 0.000345523381839, 0.000310550327413, 0.000247646821663, 0.000436054862803, 0.000392869114876, 0.000229314769967, 0.000187728845049, 0.000215436928556, 0.00029665249167, 0.000213812250877, 0.000181757030077, 0.000197961097001, 0.00010582604591, 7.00507880538e-05, 5.32205885975e-05, 5.90426025155e-05, 6.23469532002e-05, 5.83183100389e-05, 1.41018981594e-05, 2.74049143627e-05, 2.95275349345e-05, 4.14955393353e-05, 4.62445605081e-05, 8.12895013951e-05, 7.3142517067e-05, 2.07337307074e-05, 1.56256410264e-05, 1.72923500941e-05, 6.31177181276e-06, 5.05310572407e-06, 5.85358975513e-06, 5.97690313953e-06, 5.86023497817e-06, 6.96960432833e-06, 4.37224070993e-06, 2.73281148111e-06, 2.65439621217e-06, 4.2009878598e-06, 6.28321367913e-06, 4.75722254123e-06, 5.8447299125e-06, 5.90025820202e-06, 2.76744594885e-06, 1.21221739846e-06, 1.56883015734e-06, 1.20833317396e-06, 2.64395657723e-06, 2.24040422836e-06, 2.1599878437e-06, 3.26571580445e-06, 1.88721287486e-06, 9.29084308154e-07, 1.04783941879e-06, 1.50445976033e-06, 1.44311832173e-06, 1.38099244396e-06, 1.33378421197e-06, 1.4456087456e-06, 1.48495882968e-06, 1.45705485011e-06, 1.40744589316e-06, 1.1899932133e-06, 1.04105606624e-06, 1.11640156319e-06, 1.18679417938e-06, 1.08146696221e-06, 9.93663093141e-07, 8.49628293054e-07, 1.07449557163e-06, 1.23816516862e-06, 1.26638008169e-06, 1.12600650937e-06, 1.16282171803e-06, 1.09285929284e-06, 1.15051045668e-06, 1.09332461307e-06, 9.97807205749e-07, 1.01598652691e-06, 1.18040486541e-06, 1.16741455258e-06, 9.64850755736e-07, 7.72961755047e-07, 6.07155016041e-07, 4.25224413902e-07, 2.85800410893e-07, 2.39464128526e-07, 2.07181244605e-07, 1.74056978608e-07, 1.65593462498e-07, 1.26764618358e-07, 1.00535530123e-07, 9.66363629118e-08, 8.74487469105e-08, 8.17900271954e-08, 6.6950157418e-08, 5.88313433525e-08, 5.51668115634e-08, 4.7078259513e-08, 4.29404707347e-08, 3.64539900488e-08, 2.93425301834e-08, 2.51900580395e-08, 2.43048372539e-08, 1.31945299131e-08, 1.03380282113e-08, 8.89930795722e-09, 5.53477530474e-09, 1.73568173722e-10, 2.69469212569e-12, 2.52905574087e-12, 2.4357766238e-12, 2.41143585135e-12],
        "min": [8.60743420983e-10, 4.31705693416e-09, 6.10579897753e-09, 2.81989382955e-08, 1.78821615293e-08, 5.91389905935e-08, 3.29274882915e-08, 4.8703026323e-07, 3.07328946292e-07, 2.58560049815e-07, 7.02522626739e-08, 1.23262054785e-07, 1.09137779702e-07, 2.10608405382e-07, 2.14085247308e-07, 1.5046295232e-07, 1.17033181368e-07, 1.58693481467e-07, 1.0468036038e-07, 1.0206752421e-07, 2.88618764444e-08, 8.57234851992e-08, 8.89767051149e-08, 7.9417844745e-08, 4.49598331898e-08, 3.63444385698e-08, 1.60159352447e-08, 8.19753651626e-08, 5.43281615251e-08, 1.06347670226e-07, 3.41978569907e-08, 8.47314112207e-08, 2.64987090048e-08, 2.00380672055e-08, 7.39697583185e-08, 6.22437426046e-08, 9.15573892257e-08, 4.45229879631e-08, 1.47920022897e-08, 2.41976181314e-08, 2.9479991781e-08, 2.94871345119e-08, 1.79951697987e-08, 3.43339934261e-08, 1.68575144954e-08, 1.46363925424e-08, 1.27391563964e-08, 1.41586102842e-08, 1.07149018547e-08, 9.42610522969e-09, 1.0023485153e-08, 1.58779780435e-08, 1.14473337476e-08, 5.3860809146e-09, 1.14919052052e-08, 9.92189619353e-09, 6.28927177004e-09, 1.32027562216e-08, 8.23562729124e-09, 7.32313409912e-09, 7.9671007569e-09, 3.46801409812e-09, 8.15583511837e-09, 6.03128258447e-09, 4.89414375693e-09, 3.18769366459e-09, 4.92497065352e-09, 3.67136632207e-09, 3.57136653584e-09, 2.43726305804e-09, 3.23027937732e-09, 2.46761744371e-09, 2.24869101118e-09, 3.88772763982e-10, 8.52397263884e-10, 2.02579131248e-09, 1.36970201847e-09, 1.73626468758e-09, 9.27858012645e-10, 1.53602197628e-09, 1.53780677081e-09, 1.14608778023e-09, 8.07074351794e-10, 1.11185538554e-09, 1.20642007495e-09, 1.13345777208e-09, 1.19091059236e-09, 9.15012676739e-10, 7.45476680386e-10, 1.04572961401e-09, 6.23358475949e-10, 5.11688635907e-10, 5.75916647705e-10, 6.45846709446e-10, 3.81600306909e-10, 4.93165508431e-10, 3.23668508662e-10, 1.89799176376e-10, 1.66880648189e-10, 2.55723331399e-10, 1.94076379967e-10, 1.63143554222e-10, 9.85226761285e-11, 6.22887019741e-11, 9.42727909625e-11, 9.04677305291e-11, 3.68467513445e-11, 6.14480272221e-11, 3.9939614116e-11, 4.1861777933e-11, 3.06464298383e-11, 1.67251195532e-11, 1.72868819953e-11, 1.78779109572e-11, 1.30186443223e-11, 7.20125521714e-12, 5.87404387284e-12, 2.37758190956e-13, 1.6675379068e-13, 1.33681436689e-13, 1.63109570338e-13, 1.70948812831e-13, 1.4936016562e-13, 1.7227678431e-13, 1.16349827993e-13, 4.21000277554e-14, 4.70698919295e-15, 1.24449296689e-16],
        "stdev": [0.000225778028835, 0.000830362725537, 0.00231761927716, 0.00165033130907, 0.000527196039911, 0.000597227597609, 0.00117474526633, 0.00109404278919, 0.00217452668585, 0.00187257386278, 0.00261862296611, 0.00262290728278, 0.00252306950279, 0.00315656210296, 0.00220313784666, 0.000979200820439, 0.000819903623778, 0.00102233176585, 0.000649669789709, 0.00161359808408, 0.00146922131535, 0.00120942608919, 0.000976080540568, 0.00109315931331, 0.00122782785911, 0.00101609446574, 0.000622300605755, 0.000684942526277, 0.000742035044823, 0.000588645343669, 0.000231133730267, 0.000218707122258, 0.00025173308677, 0.000427784776548, 5.44195245311e-05, 0.000167232952663, 0.00010823408229, 0.000408183026593, 0.00037110914127, 0.000678231357597, 0.000505190051626, 0.000153903427417, 6.37763805571e-05, 8.90834562597e-05, 3.52160022885e-05, 1.92942170543e-05, 2.53311191045e-05, 3.06272268062e-05, 2.88903283945e-05, 3.0148674341e-05, 1.50183113874e-05, 8.43549332785e-06, 8.93138621905e-06, 1.18895086416e-05, 1.5921483282e-05, 1.75595087057e-05, 3.74695446226e-05, 3.30575312546e-05, 1.24349753605e-05, 4.04863703807e-06, 4.23266828875e-06, 3.51612197846e-06, 9.79897231446e-06, 9.89213913272e-06, 1.12254356281e-05, 1.82755902642e-05, 8.73708722793e-06, 5.1633160183e-06, 8.08537879493e-06, 8.56960650708e-06, 7.50428534957e-06, 7.71587747295e-06, 7.49256332711e-06, 7.8065904745e-06, 8.60365798871e-06, 7.17127204553e-06, 6.56854399494e-06, 5.6486937865e-06, 5.24007145941e-06, 4.95499079989e-06, 4.6257869144e-06, 5.0141770771e-06, 5.08148332301e-06, 4.85851342091e-06, 5.29084354639e-06, 6.06697312833e-06, 6.80407265463e-06, 6.42075747237e-06, 6.56050951875e-06, 6.62439560983e-06, 7.31041473045e-06, 6.33869467492e-06, 5.11605730935e-06, 5.05444040755e-06, 6.25654320174e-06, 6.04242086411e-06, 4.74133412354e-06, 3.83977703677e-06, 2.91730407298e-06, 2.08384699363e-06, 1.27366160996e-06, 1.04068249129e-06, 8.32083685509e-07, 6.98325607118e-07, 6.58979729451e-07, 4.60374479871e-07, 3.04932228801e-07, 2.91611058856e-07, 2.84729679834e-07, 2.82363771476e-07, 2.80351144966e-07, 2.48440585437e-07, 2.89456636438e-07, 1.9524173922e-07, 1.29034958718e-07, 1.13868857454e-07, 1.06072512551e-07, 1.00989240082e-07, 9.83030830071e-08, 4.63381439886e-08, 3.73185535807e-08, 3.48516806525e-08, 2.81480669884e-08, 1.04219033403e-09, 7.0625194061e-12, 6.99903589946e-12, 6.92489858858e-12, 6.87880785319e-12]
    },
    "mfcc": {
        "mean": [-722.832641602, 149.692428589, 17.4957199097, 8.11498737335, -0.66986823082, 2.25633478165, -9.55516529083, 0.104216597974, -7.52356481552, -3.35786032677, -3.77018737793, -0.89504802227, -3.75877046585],
        "cov": [[4502.24316406, -924.134399414, -329.919006348, -404.817840576, -496.533416748, -450.579345703, -318.064117432, -48.6872749329, -153.697341919, -95.0587844849, 90.9199981689, -28.2332420349, -153.440643311], [-924.134399414, 1597.35144043, -299.037811279, -140.742462158, 93.1344833374, 0.431124150753, -51.6848564148, 123.148216248, 40.6505088806, -1.64212036133, 79.764465332, 6.02274465561, 45.3528213501], [-329.919006348, -299.037811279, 882.658569336, 248.443054199, 253.01499939, 182.952301025, 49.0447387695, 14.817902565, 48.2778205872, -8.08446121216, -33.6628265381, 27.3879432678, 22.8172206879], [-404.817840576, -140.742462158, 248.443054199, 303.157684326, 185.362075806, 145.355651855, 84.8280639648, 4.48492860794, 51.0493392944, 47.5111694336, -7.05159950256, 31.629858017, 36.5765686035], [-496.533416748, 93.1344833374, 253.01499939, 185.362075806, 345.129211426, 144.161758423, 54.1569290161, 16.539894104, 55.5337181091, 35.2004623413, 7.469435215, 38.1080780029, 54.7871589661], [-450.579345703, 0.431124150753, 182.952301025, 145.355651855, 144.161758423, 258.345916748, 134.062057495, 74.4476928711, 67.5935134888, 71.1529998779, 30.762878418, 59.9940223694, 41.7996559143], [-318.064117432, -51.6848564148, 49.0447387695, 84.8280639648, 54.1569290161, 134.062057495, 213.797653198, 77.4894256592, 58.3050117493, 68.3258132935, 13.5971593857, 36.2164115906, 44.7457923889], [-48.6872749329, 123.148216248, 14.817902565, 4.48492860794, 16.539894104, 74.4476928711, 77.4894256592, 158.457183838, 50.7035865784, 30.970993042, 35.1941452026, 28.1585884094, 22.4028396606], [-153.697341919, 40.6505088806, 48.2778205872, 51.0493392944, 55.5337181091, 67.5935134888, 58.3050117493, 50.7035865784, 104.947319031, 50.9006004333, 27.1688156128, 23.4716148376, 33.9894714355], [-95.0587844849, -1.64212036133, -8.08446121216, 47.5111694336, 35.2004623413, 71.1529998779, 68.3258132935, 30.970993042, 50.9006004333, 119.03414917, 54.041683197, 37.6628913879, 31.4639587402], [90.9199981689, 79.764465332, -33.6628265381, -7.05159950256, 7.469435215, 30.762878418, 13.5971593857, 35.1941452026, 27.1688156128, 54.041683197, 116.088012695, 52.5511207581, 17.1501369476], [-28.2332420349, 6.02274465561, 27.3879432678, 31.629858017, 38.1080780029, 59.9940223694, 36.2164115906, 28.1585884094, 23.4716148376, 37.6628913879, 52.5511207581, 101.246551514, 37.4425506592], [-153.440643311, 45.3528213501, 22.8172206879, 36.5765686035, 54.7871589661, 41.7996559143, 44.7457923889, 22.4028396606, 33.9894714355, 31.4639587402, 17.1501369476, 37.4425506592, 89.8865356445]],
        "icov": [[0.000421898090281, 0.000343581690686, 3.62627179129e-05, 0.000253588252235, 9.0928580903e-05, 0.000460197450593, 0.000463179690996, -0.000512303260621, 9.97400202323e-05, 1.54418503371e-05, -0.000569316791371, -0.000121174183732, 0.000178113041329], [0.000343581690686, 0.00117608066648, 0.000430872751167, 0.000681062985677, -0.000642712053377, 0.000141850527143, 0.000888789771125, -0.00115998496767, -9.22262406675e-05, 0.000371260539396, -0.000914388394449, 0.000318351172609, -0.000274185935268], [3.62627179129e-05, 0.000430872751167, 0.00191108952276, -0.000628802343272, -0.000919084937777, -0.000846679904498, 0.000630316673778, -0.000426380720455, -0.000360115460353, 0.0010062122019, 0.000126957602333, 3.66214612768e-06, 0.000119883516163], [0.000253588252235, 0.000681062985677, -0.000628802343272, 0.00689495261759, -0.00227276491933, -0.00129645166453, -0.000457260699477, 0.000795467407443, -0.000683866790496, -0.00100205489434, 0.000567574752495, -0.000161819625646, 2.9187904147e-05], [9.0928580903e-05, -0.000642712053377, -0.000919084937777, -0.00227276491933, 0.0058645317331, -0.00132269272581, 0.000633775664028, 0.000792295322753, -0.000581800413784, 0.000107206251414, 2.71348744718e-05, -0.000182682444574, -0.00158135883976], [0.000460197450593, 0.000141850527143, -0.000846679904498, -0.00129645166453, -0.00132269272581, 0.009770183824, -0.00282360520214, -0.00214004726149, -0.000335398071911, -0.00165738502983, -0.000540565408301, -0.00251871836372, 0.00151755812112], [0.000463179690996, 0.000888789771125, 0.000630316673778, -0.000457260699477, 0.000633775664028, -0.00282360520214, 0.00972380675375, -0.00347582157701, -0.00051949248882, -0.00246368627995, 0.00134826428257, 3.70244538317e-06, -0.00187915493734], [-0.000512303260621, -0.00115998496767, -0.000426380720455, 0.000795467407443, 0.000792295322753, -0.00214004726149, -0.00347582157701, 0.0106861181557, -0.0031252654735, 0.00132652139291, -0.000974171794951, -0.000261155917542, 8.65810361574e-05], [9.97400202323e-05, -9.22262406675e-05, -0.000360115460353, -0.000683866790496, -0.000581800413784, -0.000335398071911, -0.00051949248882, -0.0031252654735, 0.0152721824124, -0.00401371484622, -0.00088604784105, 0.00117470719852, -0.00255569256842], [1.54418503371e-05, 0.000371260539396, 0.0010062122019, -0.00100205489434, 0.000107206251414, -0.00165738502983, -0.00246368627995, 0.00132652139291, -0.00401371484622, 0.0156134562567, -0.00592473661527, 0.000150871244841, -0.001287459163], [-0.000569316791371, -0.000914388394449, 0.000126957602333, 0.000567574752495, 2.71348744718e-05, -0.000540565408301, 0.00134826428257, -0.000974171794951, -0.00088604784105, -0.00592473661527, 0.0157289654016, -0.00637769466266, 0.00109733990394], [-0.000121174183732, 0.000318351172609, 3.66214612768e-06, -0.000161819625646, -0.000182682444574, -0.00251871836372, 3.70244538317e-06, -0.000261155917542, 0.00117470719852, 0.000150871244841, -0.00637769466266, 0.0163556020707, -0.00504983915016], [0.000178113041329, -0.000274185935268, 0.000119883516163, 2.9187904147e-05, -0.00158135883976, 0.00151755812112, -0.00187915493734, 8.65810361574e-05, -0.00255569256842, -0.001287459163, 0.00109733990394, -0.00504983915016, 0.0160084683448]]
    },
    "spectral_contrast_coeffs": {
        "max": [-0.317193329334, -0.438677370548, -0.490558236837, -0.5539752841, -0.628797411919, -0.649976015091],
        "mean": [-0.639783799648, -0.726733267307, -0.771406531334, -0.812617778778, -0.809916317463, -0.799793839455],
        "min": [-0.884742081165, -0.931994557381, -0.919117331505, -0.915889501572, -0.902032494545, -0.883038401604],
        "stdev": [0.118299894035, 0.0865679085255, 0.0764199569821, 0.0576545521617, 0.0515804439783, 0.0355350784957]
    },
    "spectral_contrast_valleys": {
        "max": [-5.52752351761, -5.38217926025, -6.01965856552, -6.2928276062, -5.84932422638, -7.7785449028],
        "mean": [-7.39092111588, -7.07710933685, -7.86197328568, -8.36976528168, -8.77390289307, -10.9969139099],
        "min": [-10.4927349091, -8.86454963684, -9.3323431015, -9.93773365021, -10.1816530228, -13.1032657623],
        "stdev": [0.773177802563, 0.690804481506, 0.606715083122, 0.518597066402, 0.618728518486, 0.955021381378]
    }
},
"rhythm": {
    "beats_count": 116,
    "beats_loudness": {
        "max": 0.127451851964,
        "mean": 0.0252330247313,
        "min": 0.0011348312255,
        "stdev": 0.0230315029621
    },
    "bpm": 143.520431519,
    "bpm_histogram_first_peak_bpm": 144,
    "bpm_histogram_first_peak_weight": 0.345454573631,
    "bpm_histogram_second_peak_bpm": 136,
    "bpm_histogram_second_peak_spread": 0,
    "bpm_histogram_second_peak_weight": 0.0260869562626,
    "danceability": 1.13743913174,
    "onset_rate": 3.5068359375,
    "beats_loudness_band_ratio": {
        "max": [0.970630824566, 0.936551630497, 0.811153650284, 0.661679983139, 0.294399857521, 0.920695185661],
        "mean": [0.388649374247, 0.343555361032, 0.20475640893, 0.0820121094584, 0.0196285713464, 0.0406593978405],
        "min": [0.00263860984705, 0.0211544111371, 0.00420537451282, 0.00140497065149, 0.000486177683342, 0.00021855912928],
        "stdev": [0.30489602685, 0.245486035943, 0.18966165185, 0.119202770293, 0.0363277420402, 0.144990667701]
    },
