{
"metadata": {
    "version": {
        "essentia": "2.1-beta5",
        "essentia_git_sha": "Undefined",
        "extractor": "music 2.0"
    },
    "audio_properties": {
        "analysis": {
            "equal_loudness": 0,
            "length": 22.9064846039,
            "sample_rate": 44100,
            "start_time": 175.240997314,
            "downmix": "mix"
        },
        "bit_rate": 192000,
        "length": 198.170715332,
        "lossless": 0,
        "number_channels": 2,
        "replay_gain": -5.4667301178,
        "sample_rate": 48000,
        "codec": "mp3",
        "md5_encoded": "1824db15a769f19af700cf5533f1dce3"
    },
    "tags": {
        "file_name": "Finland_Da Da Dam_Paradise Oskar.mp3",
        "encoding": ["Lavf58.29.100"]
    }
},
"lowlevel": {
    "average_loudness": 0.923922300339,
    "barkbands_crest": {
        "max": 20.5809688568,
        "mean": 10.5533571243,
        "min": 3.43122196198,
        "stdev": 3.35353016853
    },
    "barkbands_flatness_db": {
        "max": 0.257734358311,
        "mean": 0.168812096119,
        "min": 0.0566410459578,
        "stdev": 0.0387685671449
    },
    "barkbands_kurtosis": {
        "max": 38.0893478394,
        "mean": 5.64381122589,
        "min": -1.74206018448,
        "stdev": 5.56294298172
    },
    "barkbands_skewness": {
        "max": 5.45331764221,
        "mean": 1.92288255692,
        "min": -0.392120361328,
        "stdev": 1.00787377357
    },
    "barkbands_spread": {
        "max": 42.5827903748,
        "mean": 11.8343696594,
        "min": 3.32453870773,
        "stdev": 5.91350412369
    },
    "dissonance": {
        "max": 0.500000059605,
        "mean": 0.470665127039,
        "min": 0.343283653259,
        "stdev": 0.0260155629367
    },
    "dynamic_complexity": 2.86794376373,
    "erbbands_crest": {
        "max": 25.9377803802,
        "mean": 8.92192935944,
        "min": 2.67027974129,
        "stdev": 3.86660385132
    },
    "erbbands_flatness_db": {
        "max": 0.334032028913,
        "mean": 0.196574792266,
        "min": 0.0463169701397,
        "stdev": 0.0745893344283
    },
    "erbbands_kurtosis": {
        "max": 7.81420993805,
        "mean": 0.98772084713,
        "min": -1.71138978004,
        "stdev": 1.69254994392
    },
    "erbbands_skewness": {
        "max": 2.65684127808,
        "mean": 0.836316943169,
        "min": -0.988890767097,
        "stdev": 0.611236155033
    },
    "erbbands_spread": {
        "max": 101.445983887,
        "mean": 29.1872787476,
        "min": 7.15359354019,
        "stdev": 18.3809013367
    },
    "hfc": {
        "max": 154.071014404,
        "mean": 20.8569450378,
        "min": 0.000116274997708,
        "stdev": 21.0007896423
    },
    "loudness_ebu128": {
        "integrated": -16.7426757812,
        "loudness_range": 8.36676311493,
        "momentary": {
            "max": -12.0642328262,
            "mean": -17.8744258881,
            "min": -32.2532730103,
            "stdev": 3.24435019493
        },
        "short_term": {
            "max": -12.9065628052,
            "mean": -17.4373989105,
            "min": -22.3703727722,
            "stdev": 2.68141818047
        }
    },
    "melbands_crest": {
        "max": 29.5376262665,
        "mean": 13.4813175201,
        "min": 4.85136556625,
        "stdev": 4.04539632797
    },
    "melbands_flatness_db": {
        "max": 0.360325783491,
        "mean": 0.219144806266,
        "min": 0.0514064319432,
        "stdev": 0.0452592633665
    },
    "melbands_kurtosis": {
        "max": 98.9290466309,
        "mean": 13.7831878662,
        "min": -1.02173912525,
        "stdev": 14.2572212219
    },
    "melbands_skewness": {
        "max": 8.54833126068,
        "mean": 2.6832420826,
        "min": -0.0648546144366,
        "stdev": 1.4828389883
    },
    "melbands_spread": {
        "max": 83.4532089233,
        "mean": 13.2639112473,
        "min": 2.78526115417,
        "stdev": 8.66903400421
    },
    "pitch_salience": {
        "max": 0.869436442852,
        "mean": 0.616217553616,
        "min": 0.256049722433,
        "stdev": 0.120827741921
    },
    "silence_rate_20dB": {
        "max": 1,
        "mean": 1,
        "min": 1,
        "stdev": 0
    },
    "silence_rate_30dB": {
        "max": 1,
        "mean": 0.997975707054,
        "min": 0,
        "stdev": 0.0449463948607
    },
    "silence_rate_60dB": {
        "max": 1,
        "mean": 0.0141700403765,
        "min": 0,
        "stdev": 0.118191599846
    },
    "spectral_centroid": {
        "max": 3415.28515625,
        "mean": 1080.83630371,
        "min": 344.252655029,
        "stdev": 429.693786621
    },
    "spectral_complexity": {
        "max": 55,
        "mean": 19.7631587982,
        "min": 0,
        "stdev": 9.05283927917
    },
    "spectral_decrease": {
        "max": -2.2457369284e-14,
        "mean": -6.43461151029e-09,
        "min": -3.06232834646e-08,
        "stdev": 3.59679952489e-09
    },
    "spectral_energy": {
        "max": 0.125845834613,
        "mean": 0.0261774975806,
        "min": 9.53057721631e-08,
        "stdev": 0.0149562349543
    },
    "spectral_energyband_high": {
        "max": 0.0185007061809,
        "mean": 0.000411572225858,
        "min": 3.17747805845e-09,
        "stdev": 0.00122033222578
    },
    "spectral_energyband_low": {
        "max": 0.0634653270245,
        "mean": 0.00629865843803,
        "min": 7.62130969445e-10,
        "stdev": 0.0072320071049
    },
    "spectral_energyband_middle_high": {
        "max": 0.0586056821048,
        "mean": 0.00768936891109,
        "min": 4.1575521692e-08,
        "stdev": 0.0085613373667
    },
    "spectral_energyband_middle_low": {
        "max": 0.088356718421,
        "mean": 0.0130712101236,
        "min": 5.90002251499e-08,
        "stdev": 0.0102054951712
    },
    "spectral_entropy": {
        "max": 8.62403678894,
        "mean": 7.55880594254,
        "min": 6.85651731491,
        "stdev": 0.252932369709
    },
    "spectral_flux": {
        "max": 0.256919533014,
        "mean": 0.0810300335288,
        "min": 0.00377701432444,
        "stdev": 0.0396583490074
    },
    "spectral_kurtosis": {
        "max": 18.6334533691,
        "mean": 5.69302845001,
        "min": -0.219023227692,
        "stdev": 2.26508545876
    },
    "spectral_rms": {
        "max": 0.011080452241,
        "mean": 0.00486406777054,
        "min": 9.64267837844e-06,
        "stdev": 0.00137109961361
    },
    "spectral_rolloff": {
        "max": 7450.48828125,
        "mean": 1055.32373047,
        "min": 107.666015625,
        "stdev": 840.841003418
    },
    "spectral_skewness": {
        "max": 3.26778650284,
        "mean": 1.82466864586,
        "min": 0.631881713867,
        "stdev": 0.311035126448
    },
    "spectral_spread": {
        "max": 23319186,
        "mean": 4024274,
        "min": 2178023.25,
        "stdev": 1506971.375
    },
    "spectral_strongpeak": {
        "max": 17.3904056549,
        "mean": 1.07486510277,
        "min": 0.00154784938786,
        "stdev": 1.27613866329
    },
    "zerocrossingrate": {
        "max": 0.2060546875,
        "mean": 0.0471552163363,
        "min": 0.00537109375,
        "stdev": 0.02276189439
    },
    "barkbands": {
        "max": [0.0064343623817, 0.0509256012738, 0.019539821893, 0.0434564501047, 0.0319485813379, 0.0281825251877, 0.00782598741353, 0.0351006239653, 0.0566640160978, 0.0252186376601, 0.0154291512445, 0.0262999497354, 0.0303572844714, 0.0171888954937, 0.0135815134272, 0.00878888741136, 0.00383335910738, 0.0059789926745, 0.0182303059846, 0.00265110842884, 0.0040060239844, 0.00739743793383, 0.00536886975169, 0.0025430500973, 0.00066568487091, 0.000313666008878, 0.000265666778432],
        "mean": [0.000169070684933, 0.00368182663806, 0.00163252046332, 0.00168830703478, 0.00165181595366, 0.000966712308582, 0.000306417234242, 0.00148631678894, 0.00579936197028, 0.00279010739177, 0.00125546846539, 0.000720304204151, 0.000997720169835, 0.000850102340337, 0.000411151297158, 0.000301637774101, 0.000314588804031, 0.000297581515042, 0.00039310491411, 9.09636510187e-05, 6.84299811837e-05, 0.00010403458873, 9.51252513914e-05, 5.28146374563e-05, 3.10972063744e-05, 1.61376810865e-05, 4.78623269373e-06],
        "min": [9.19306124281e-12, 1.15792396504e-10, 2.69527178354e-10, 2.36552860633e-10, 3.39526295967e-10, 7.5719747139e-10, 1.99342986562e-09, 1.09646880464e-09, 3.27675557799e-08, 2.87911952057e-08, 4.46952119759e-09, 6.37953023741e-09, 2.3304029817e-09, 1.89025151087e-09, 2.45466358351e-09, 4.15639522799e-09, 8.08007105668e-10, 9.6863173038e-10, 9.355901609e-10, 1.12523523832e-09, 1.01752462012e-09, 7.80181308446e-10, 2.29105637239e-10, 3.83253956349e-10, 2.60346300074e-10, 1.93516674907e-10, 1.85535420361e-10],
        "stdev": [0.00037504528882, 0.00462428759784, 0.00243315449916, 0.00341818691231, 0.00293912529014, 0.00216928077862, 0.00049416848924, 0.00285132136196, 0.00780061073601, 0.00370244961232, 0.00184789218474, 0.00136671226937, 0.00219817669131, 0.00161252927501, 0.000813993799966, 0.000587596266996, 0.000406623701565, 0.00051140243886, 0.00141581322532, 0.000166917525348, 0.000199811853236, 0.000399909302359, 0.000426859594882, 0.000170192288351, 6.52852686471e-05, 3.74734700017e-05, 1.79680591827e-05]
    },
    "erbbands": {
        "max": [2.33314585686, 8.58893680573, 19.1715717316, 65.9946899414, 190.872940063, 106.007446289, 345.597076416, 150.789352417, 37.9556007385, 168.205184937, 1508.85388184, 1442.40930176, 1006.80133057, 887.735595703, 463.321472168, 1053.18200684, 1112.70483398, 812.048034668, 467.539611816, 673.856384277, 540.091552734, 208.479354858, 301.592437744, 1019.80316162, 543.922912598, 133.529754639, 156.476654053, 215.91355896, 212.607391357, 261.275695801, 138.368499756, 79.6934967041, 24.0259151459, 6.83425807953, 5.07103824615, 1.76870560646, 0.619237959385, 0.290839493275, 0.0394252538681, 0.000843046756927],
        "mean": [0.132488310337, 0.733363926411, 1.73327028751, 4.03591060638, 5.91094589233, 4.65206766129, 8.96383857727, 6.16901493073, 3.53842258453, 9.96966743469, 57.0265235901, 127.619842529, 113.968658447, 68.4221420288, 43.2616119385, 31.3932952881, 42.2236366272, 47.0020256042, 25.7964267731, 20.5570278168, 17.978811264, 17.825925827, 16.6746349335, 21.7307376862, 13.1583366394, 4.49580717087, 2.84770989418, 2.9343187809, 3.58581256866, 3.53542757034, 2.55714964867, 1.36297118664, 0.738354206085, 0.395076572895, 0.199556618929, 0.0765573531389, 0.0271218772978, 0.00888595916331, 0.000743016891647, 4.75066844956e-05],
        "min": [6.58235288498e-09, 3.8695159077e-08, 2.58677232523e-07, 6.38150595478e-07, 9.12239613626e-07, 1.10290807243e-06, 2.37077779275e-06, 7.97027860244e-06, 2.39710661845e-05, 3.08239359583e-05, 5.54884827579e-05, 0.000565569964238, 0.0015233597951, 0.000255032413406, 0.000218975430471, 0.000269297859631, 0.000133261390147, 4.76098430227e-05, 0.000195357366465, 0.000117414623674, 0.000199312518816, 5.72095123061e-05, 5.75582598685e-05, 3.60573394573e-05, 6.73911854392e-05, 4.97346045449e-05, 5.23204507772e-05, 2.59424086835e-05, 2.48016531259e-05, 1.54909248522e-05, 8.39474159875e-06, 8.74924353411e-06, 5.51799575987e-06, 3.39651569448e-06, 1.59434785019e-06, 6.92299238381e-07, 3.81280159445e-07, 1.33176740746e-07, 2.65703725688e-08, 2.64213428913e-09],
        "stdev": [0.200743824244, 0.858377635479, 2.38612103462, 6.8468542099, 13.2813587189, 8.71364974976, 21.9712429047, 11.6268444061, 4.42175149918, 14.5116376877, 101.781204224, 171.366668701, 151.63444519, 88.7842636108, 55.6276626587, 63.4159965515, 81.2468261719, 73.5974121094, 38.6913871765, 49.3299865723, 35.3548622131, 23.9320259094, 28.089717865, 76.2810974121, 40.054851532, 7.38106441498, 7.11833286285, 10.0057573318, 13.138001442, 15.7625932693, 11.2686519623, 5.30610084534, 1.90763688087, 0.807199239731, 0.456505984068, 0.172661662102, 0.0684834346175, 0.0260885842144, 0.00272969342768, 6.57726704958e-05]
    },
    "gfcc": {
        "mean": [-19.598236084, 72.7778091431, -152.803253174, -2.60249400139, -66.7809448242, 13.7572851181, -29.8131561279, 13.4336986542, -18.2577285767, -4.37068796158, -18.734041214, -3.9418797493, -12.9756526947],
        "cov": [[2775.03344727, -69.7789993286, 797.262145996, 268.933929443, 23.5606384277, 132.511108398, -129.489700317, 10.4730939865, -94.6723709106, -23.3687057495, 19.2894210815, 73.0510635376, -71.9084854126], [-69.7789993286, 3057.59716797, 2634.06347656, 1989.54443359, 1226.07177734, 633.476196289, 201.438491821, -173.84425354, 176.358154297, -33.5976257324, 342.70791626, -68.221321106, 170.573852539], [797.262145996, 2634.06347656, 3956.59375, 2296.62060547, 1396.15112305, 734.992919922, -62.5202445984, -206.48828125, 58.1301994324, 99.2893066406, 253.433609009, 57.2134246826, 130.011917114], [268.933929443, 1989.54443359, 2296.62060547, 1692.9609375, 946.636352539, 491.551025391, 59.4895896912, -163.144454956, 96.258644104, 26.7490673065, 212.809280396, 12.9466171265, 140.04347229], [23.5606384277, 1226.07177734, 1396.15112305, 946.636352539, 701.905944824, 348.058502197, 117.842079163, -40.2852058411, 68.9071960449, 47.5311508179, 120.742828369, -5.68055343628, 70.9071655273], [132.511108398, 633.476196289, 734.992919922, 491.551025391, 348.058502197, 320.416870117, 140.242507935, 36.2879905701, 56.7338943481, 25.9875125885, 61.0330123901, -21.6053447723, 21.0060310364], [-129.489700317, 201.438491821, -62.5202445984, 59.4895896912, 117.842079163, 140.242507935, 243.931121826, 89.14818573, 66.4294967651, 18.608001709, 15.490275383, -31.7499217987, 8.7741689682], [10.4730939865, -173.84425354, -206.48828125, -163.144454956, -40.2852058411, 36.2879905701, 89.14818573, 116.210861206, 31.8753089905, 28.7041912079, -20.9387187958, -19.4178676605, -25.7299060822], [-94.6723709106, 176.358154297, 58.1301994324, 96.258644104, 68.9071960449, 56.7338943481, 66.4294967651, 31.8753089905, 86.9685211182, 20.2072715759, 26.8587245941, -18.7085437775, 10.7527370453], [-23.3687057495, -33.5976257324, 99.2893066406, 26.7490673065, 47.5311508179, 25.9875125885, 18.608001709, 28.7041912079, 20.2072715759, 75.2958831787, 3.27350354195, 20.1088008881, 9.36555194855], [19.2894210815, 342.70791626, 253.433609009, 212.809280396, 120.742828369, 61.0330123901, 15.490275383, -20.9387187958, 26.8587245941, 3.27350354195, 88.2355880737, 7.79184436798, 23.9603424072], [73.0510635376, -68.221321106, 57.2134246826, 12.9466171265, -5.68055343628, -21.6053447723, -31.7499217987, -19.4178676605, -18.7085437775, 20.1088008881, 7.79184436798, 66.8381729126, 29.9208908081], [-71.9084854126, 170.573852539, 130.011917114, 140.04347229, 70.9071655273, 21.0060310364, 8.7741689682, -25.7299060822, 10.7527370453, 9.36555194855, 23.9603424072, 29.9208908081, 67.1028289795]],
        "icov": [[0.000541729445104, 0.000232530423091, -0.00027494612732, -0.000346588727552, 0.000527871015947, -0.000120389326185, -5.46601149836e-05, -0.000748801510781, 0.000392097892473, 0.000772221828811, -0.000496713095345, -0.000695778871886, 0.000762389507145], [0.000232530423091, 0.00373117229901, -0.00110807735473, -0.00107442855369, -0.00168570980895, 0.000741738884244, -0.00188375613652, 0.00112798565533, -0.00134602969047, 0.00417334353551, -0.00571383815259, 0.00461891992018, -0.00300433114171], [-0.00027494612732, -0.00110807735473, 0.0030627772212, -0.00191973161418, -0.00182882102672, -0.00218447786756, 0.00360828218982, -0.000596548488829, 0.00117881351616, -0.00272123795003, 0.00260006426834, -0.0029351208359, 0.00308146094903], [-0.000346588727552, -0.00107442855369, -0.00191973161418, 0.00720124132931, -0.00210236245766, -0.00158336665481, -0.000374224415282, 0.00505511509255, -0.0029882309027, 0.000479627633467, -0.0004435198789, 0.00105825439095, -0.00414685159922], [0.000527871015947, -0.00168570980895, -0.00182882102672, -0.00210236245766, 0.0112905874848, -0.000458609691123, -0.00342232221738, -0.00154195027426, 0.00247418647632, -0.00370460073464, 0.0010750539368, -0.000210382713703, 0.000681319099385], [-0.000120389326185, 0.000741738884244, -0.00218447786756, -0.00158336665481, -0.000458609691123, 0.0131962392479, -0.00618867715821, -0.0051646255888, 0.000618757912889, 0.00219638296403, -0.00184261461254, 0.00268677063286, -0.000240843030042], [-5.46601149836e-05, -0.00188375613652, 0.00360828218982, -0.000374224415282, -0.00342232221738, -0.00618867715821, 0.0138344783336, -0.00576308416203, -0.00138752558269, -0.00149211613461, 0.00364063517191, -0.00283899181522, 0.0004512857995], [-0.000748801510781, 0.00112798565533, -0.000596548488829, 0.00505511509255, -0.00154195027426, -0.0051646255888, -0.00576308416203, 0.0260647516698, -0.00672679208219, -0.00587244564667, -0.000210594836972, 0.00392860500142, 0.00115098955575], [0.000392097892473, -0.00134602969047, 0.00117881351616, -0.0029882309027, 0.00247418647632, 0.000618757912889, -0.00138752558269, -0.00672679208219, 0.0217796172947, -0.00662234332412, -0.00271149049513, 0.0044047893025, -0.00097344716778], [0.000772221828811, 0.00417334353551, -0.00272123795003, 0.000479627633467, -0.00370460073464, 0.00219638296403, -0.00149211613461, -0.00587244564667, -0.00662234332412, 0.0264978036284, -0.00499169668183, -0.00410582264885, -0.00336312083527], [-0.000496713095345, -0.00571383815259, 0.00260006426834, -0.0004435198789, 0.0010750539368, -0.00184261461254, 0.00364063517191, -0.000210594836972, -0.00271149049513, -0.00499169668183, 0.0269248392433, -0.0109783234075, 0.00517653115094], [-0.000695778871886, 0.00461891992018, -0.0029351208359, 0.00105825439095, -0.000210382713703, 0.00268677063286, -0.00283899181522, 0.00392860500142, 0.0044047893025, -0.00410582264885, -0.0109783234075, 0.0361189097166, -0.0200677737594], [0.000762389507145, -0.00300433114171, 0.00308146094903, -0.00414685159922, 0.000681319099385, -0.000240843030042, 0.0004512857995, 0.00115098955575, -0.00097344716778, -0.00336312083527, 0.00517653115094, -0.0200677737594, 0.0335034802556]]
    },
    "melbands": {
        "max": [0.0170481614769, 0.00892535597086, 0.0169976297766, 0.00817842129618, 0.00923577137291, 0.00396564649418, 0.00086426269263, 0.00241294060834, 0.0150322588161, 0.00879776570946, 0.00504568265751, 0.00394903915003, 0.00175279076211, 0.00123496772721, 0.00448169512674, 0.00102587032598, 0.00144642265514, 0.00113628536928, 0.00140472245403, 0.000450775958598, 0.000815023202449, 0.000212361628655, 0.000339100690326, 0.000315428915201, 0.000933206116315, 0.000518913147971, 0.000214021623833, 8.80478692125e-05, 0.000122582976473, 6.32564260741e-05, 0.000146225516801, 0.000118867719721, 0.000156617810717, 0.000122576297144, 9.59135722951e-05, 6.7364788265e-05, 4.62567477371e-05, 1.90655900951e-05, 8.788143532e-06, 6.75905312164e-06],
        "mean": [0.00109560647979, 0.00091641722247, 0.000769544858485, 0.000366954016499, 0.000291773816571, 0.000146919934195, 5.4817108321e-05, 0.000135437847348, 0.000564049754757, 0.000822584086563, 0.000555878388695, 0.000278688792605, 0.000161130068591, 8.33222657093e-05, 9.91702981992e-05, 9.06633504201e-05, 8.6948115495e-05, 4.39591058239e-05, 2.96462967526e-05, 2.14258179767e-05, 2.18206514546e-05, 1.85665212484e-05, 1.61012012541e-05, 1.43418164953e-05, 1.83807005669e-05, 1.30285679916e-05, 5.03019464304e-06, 2.46411673288e-06, 1.81518453246e-06, 1.46649767885e-06, 1.80731501587e-06, 2.00631052394e-06, 2.05000515052e-06, 1.97214262698e-06, 1.61924424447e-06, 1.01113175788e-06, 7.63250113778e-07, 5.5067704352e-07, 3.82014007982e-07, 3.17441049447e-07],
        "min": [2.81940130964e-11, 1.18380374947e-10, 1.16965465091e-10, 7.16951081836e-11, 7.46170208954e-11, 1.78841552678e-10, 3.86505993877e-10, 3.22036258771e-10, 5.70920144494e-10, 4.53099069375e-09, 7.55093410021e-09, 8.93821516801e-10, 6.46922571068e-10, 8.37938274323e-10, 4.09773742716e-10, 1.88798088274e-10, 7.86717427315e-11, 3.4116467984e-10, 1.52246007468e-10, 2.34437691482e-10, 2.26511254198e-10, 6.01224556251e-11, 4.19100205928e-11, 4.51920098565e-11, 2.56127792586e-11, 4.07469058494e-11, 6.15013803773e-11, 2.17576946043e-11, 3.43588664464e-11, 1.75593688895e-11, 1.63011895649e-11, 1.51716243735e-11, 1.26988341717e-11, 5.92090092233e-12, 4.12557661644e-12, 5.74613837415e-12, 4.68720808694e-12, 3.90986808901e-12, 3.30204808809e-12, 2.67021474376e-12],
        "stdev": [0.00148136005737, 0.00108473142609, 0.00134978804272, 0.00067524262704, 0.000653905095533, 0.000291468633804, 7.45301003917e-05, 0.000212712649954, 0.00101030478254, 0.00108865008224, 0.000747163780034, 0.000371066766093, 0.00022325234022, 0.000104383376311, 0.000344567612046, 0.000118991891213, 0.000149793879245, 8.37729021441e-05, 6.81212695781e-05, 3.91186222259e-05, 5.01915164932e-05, 2.40819517785e-05, 2.68816129392e-05, 2.70424243354e-05, 6.9578003604e-05, 4.36750051449e-05, 1.28994470288e-05, 4.15836439061e-06, 5.12841234013e-06, 3.43479564435e-06, 6.95958851793e-06, 7.59024032959e-06, 8.16761257738e-06, 9.18798014027e-06, 7.45622628529e-06, 4.29422789239e-06, 2.80579206446e-06, 1.5187021063e-06, 8.06368063877e-07, 6.88616523803e-07]
    },
    "melbands128": {
        "max": [0.00641729077324, 0.0230689588934, 0.0243922490627, 0.0116374529898, 0.00950315687805, 0.00965451449156, 0.0123620787635, 0.0273582506925, 0.0217665508389, 0.00863480102271, 0.00589740090072, 0.0133705008775, 0.0171724613756, 0.0129753630608, 0.0031921484042, 0.000606569345109, 0.000614653050434, 0.000958430930041, 0.00246510654688, 0.00288384198211, 0.00350842042826, 0.00976904481649, 0.0262483842671, 0.0195888504386, 0.0139306383207, 0.00996206048876, 0.00827799271792, 0.00748061668128, 0.00489133270457, 0.00612578587607, 0.00304535683244, 0.00495710456744, 0.00177455262747, 0.00233420100994, 0.00126702687703, 0.00120251846965, 0.00499762827531, 0.0101443845779, 0.00802792143077, 0.00101877644192, 0.00167384173255, 0.00277019315399, 0.00298439245671, 0.00331564806402, 0.00346646783873, 0.000477750145365, 0.000448120641522, 0.00155719381291, 0.00247093033977, 0.00148448371328, 0.000524677045178, 0.000675219460391, 0.000548858253751, 0.00177746312693, 0.000227623982937, 0.000280903273961, 0.000436652073404, 0.000410103180911, 0.000473223422887, 0.000327206013026, 0.000644835119601, 0.000445428944658, 0.000590857875068, 0.00206420267932, 0.00192428438459, 0.000678994460031, 0.000888556882273, 0.000366547465092, 0.000123080026242, 9.24654232222e-05, 0.000123711477499, 5.47794115846e-05, 0.000132671004394, 0.000156103444169, 9.15107884794e-05, 5.04232666572e-05, 8.31840807223e-05, 0.000143183744512, 0.000188805381185, 0.000165564764757, 0.000124682555906, 0.000112847243145, 0.000109162647277, 0.000154942783411, 0.00018952616665, 0.000221915484872, 0.000156412410433, 0.000133892594022, 0.000154143286636, 0.00010361130262, 7.46053774492e-05, 7.61390474509e-05, 6.7904991738e-05, 4.23585115641e-05, 5.46352421225e-05, 2.62203957391e-05, 1.49423585754e-05, 1.533422801e-05, 1.34393494591e-05, 7.65353161114e-06, 6.61481999487e-06, 8.60885211296e-06, 1.02350240923e-05, 6.03441640123e-06, 8.05230774859e-06, 7.07112758391e-06, 4.9279688028e-06, 3.47357649844e-06, 3.01259274238e-06, 3.02789567286e-06, 3.08543826577e-06, 4.08907999372e-06, 3.38799554811e-06, 2.17837759919e-06, 2.36976347878e-06, 2.20297351916e-06, 3.57347653335e-06, 4.36279196947e-06, 4.32177012044e-06, 8.47068804433e-07, 9.66808784142e-07, 6.67175697799e-07, 5.79032871428e-07, 4.48840502543e-08, 4.34927337201e-11, 4.29381634415e-11, 4.25124692394e-11, 4.22899076868e-11],
        "mean": [0.000161672287504, 0.0010773872491, 0.00154453422874, 0.00105055549648, 0.000852963479701, 0.000795792613644, 0.00080786208855, 0.000856594648212, 0.000600570754614, 0.00032429076964, 0.000216019485379, 0.000255213468336, 0.000326334149577, 0.000330819340888, 0.000149368890561, 4.79032132716e-05, 4.0201783122e-05, 5.76542224735e-05, 6.61747908453e-05, 8.58163475641e-05, 0.000145756828715, 0.000347308116034, 0.000544774346054, 0.000887436501216, 0.000893669785, 0.000762708194088, 0.000770074664615, 0.000550042663235, 0.000374124763766, 0.000306968257064, 0.000242454916588, 0.000221295500523, 0.000161786229, 0.000118311865663, 9.60418401519e-05, 7.02696852386e-05, 6.42169325147e-05, 0.000111694360385, 0.000118565811135, 7.35015128157e-05, 8.70225194376e-05, 0.000108033440483, 9.46262225625e-05, 7.27138540242e-05, 6.37778721284e-05, 3.37467972713e-05, 2.98022951029e-05, 2.60126562353e-05, 3.36873927154e-05, 2.9408131013e-05, 1.70093444467e-05, 1.64832163136e-05, 1.99721034733e-05, 2.81274842564e-05, 1.81332052307e-05, 1.76049361471e-05, 1.78203354153e-05, 1.80211845873e-05, 1.47938071677e-05, 1.36834914883e-05, 1.58474649652e-05, 1.29851632664e-05, 1.35340933411e-05, 2.45661758527e-05, 1.96853343368e-05, 1.15984230433e-05, 1.03838947325e-05, 6.05832792644e-06, 4.01591796617e-06, 2.98407053378e-06, 2.61496325038e-06, 2.0613849756e-06, 1.87333387203e-06, 1.88473757134e-06, 1.60579179465e-06, 1.41037355661e-06, 1.4020930621e-06, 1.55297425408e-06, 1.89320110167e-06, 2.07419748222e-06, 1.9108865672e-06, 2.00923227567e-06, 2.08560823012e-06, 2.13925750359e-06, 1.93651999325e-06, 1.87419595932e-06, 2.10314897231e-06, 1.97968142857e-06, 1.6146100279e-06, 1.37420613555e-06, 1.08144683963e-06, 9.17744728213e-07, 8.61493560933e-07, 7.46870341573e-07, 7.47565366055e-07, 6.10081372088e-07, 5.09510925895e-07, 4.5658313752e-07, 3.83401044246e-07, 3.42065987979e-07, 3.36751185159e-07, 3.23574738559e-07, 2.85826189383e-07, 2.41361192366e-07, 2.32398264188e-07, 2.07733904745e-07, 1.66822275105e-07, 1.40963962281e-07, 1.27965876118e-07, 1.15281814317e-07, 9.80858132493e-08, 8.99134704468e-08, 7.6903631907e-08, 7.54107674084e-08, 9.33003860837e-08, 7.68279733165e-08, 7.29393292431e-08, 6.03177667813e-08, 4.32000142325e-08, 1.79219838969e-08, 9.87908777006e-09, 7.92062415655e-09, 3.7523824048e-09, 1.86433812832e-10, 3.70762535257e-12, 3.54277024384e-12, 3.44740989228e-12, 3.41861326573e-12],
        "min": [7.01143179974e-12, 7.79018863306e-12, 3.03509908178e-12, 5.2967848857e-11, 1.02434130622e-10, 1.3872566984e-10, 1.34816727226e-10, 1.10692621735e-10, 9.06922939525e-11, 7.32267094183e-11, 5.53503631817e-11, 5.80778897197e-11, 7.46537137664e-11, 9.77313785455e-11, 1.54681129017e-10, 2.23507684582e-10, 3.10670184023e-10, 4.49913051259e-10, 4.53294485281e-10, 3.09240411056e-10, 3.13227110915e-10, 1.96457849988e-10, 2.6705193612e-10, 1.31446076246e-09, 2.17689910542e-09, 5.32256061447e-09, 1.1354869045e-08, 9.68499858089e-09, 2.86895240897e-09, 4.66256144804e-10, 6.58490817429e-10, 4.70122274443e-10, 7.01496305489e-10, 7.14878989339e-10, 6.70627886556e-10, 1.10493636463e-09, 7.57064466672e-10, 1.67886649027e-10, 3.96253113655e-10, 3.76766368104e-10, 8.75274852596e-11, 1.02861521384e-11, 8.03709269276e-12, 9.64638091627e-11, 3.76497027998e-10, 3.71144392997e-10, 3.53845952539e-10, 1.78759021474e-10, 2.85986529597e-11, 1.12468173663e-10, 3.35777350369e-10, 2.58795179731e-10, 2.70620248433e-10, 2.36465097503e-10, 6.05749686522e-11, 7.52863604792e-11, 9.26408082191e-12, 1.99550185404e-11, 6.57319060293e-11, 6.26363821921e-11, 5.72694738854e-11, 1.74837366806e-11, 1.44438011898e-11, 2.99165553441e-11, 4.40966395343e-11, 2.6650716356e-11, 5.23138685149e-11, 5.99780017319e-11, 6.56685469891e-11, 6.25605955928e-11, 1.4931189965e-11, 7.02993999818e-12, 1.05987614518e-11, 5.34935498675e-11, 4.64138276424e-11, 1.06686083579e-11, 1.12504458874e-11, 8.76098239094e-12, 1.69181890719e-11, 2.28459872548e-11, 1.96139927217e-11, 8.01853115157e-12, 1.37553510249e-11, 1.14779149726e-11, 1.6373125078e-11, 6.73660866674e-12, 2.89682080407e-12, 2.04398433942e-12, 3.2681973447e-12, 7.79370491755e-12, 2.43683285356e-12, 6.86698224325e-12, 8.16000392256e-12, 4.80577773757e-12, 2.39767060373e-12, 2.39180940678e-12, 5.99591166647e-12, 3.21350758503e-12, 2.7398825396e-12, 3.79093718222e-12, 3.16730474313e-12, 2.03867998871e-12, 2.94572222517e-12, 1.57428096167e-12, 1.91402709654e-12, 1.85738143615e-12, 8.55307307184e-13, 1.30558487198e-12, 1.06841196047e-12, 1.28031515511e-12, 9.08154898938e-13, 1.44132232191e-12, 1.4372047389e-12, 9.95447864763e-13, 8.42440321062e-13, 1.37347219101e-12, 1.0726412163e-12, 8.89736364012e-13, 1.98731818762e-13, 1.96376254017e-13, 1.63253389756e-13, 1.36589212705e-13, 1.74732976569e-13, 1.66105370018e-13, 1.0986720702e-13, 3.99573156138e-14, 6.38061067672e-15, 2.31228294958e-16],
        "stdev": [0.000362541235518, 0.00181430147495, 0.00207510963082, 0.00120844249614, 0.00119122164324, 0.00120958965272, 0.0014507669257, 0.00194178766105, 0.00156013609376, 0.000671572983265, 0.000522935006302, 0.000696926203091, 0.00097737275064, 0.00085684179794, 0.000297534745187, 8.546411118e-05, 6.83563775965e-05, 9.37854347285e-05, 0.000143996308907, 0.000203265604796, 0.000283161352854, 0.00080783246085, 0.00140779570211, 0.00187930383254, 0.00140850979369, 0.00120995554607, 0.0012325263815, 0.000925025669858, 0.000583306187764, 0.000513990351465, 0.000385801366065, 0.000425236125011, 0.000254859682173, 0.000195239117602, 0.00014328447287, 0.000104597558675, 0.000185255557881, 0.000552288547624, 0.000482012430439, 0.000108595988422, 0.00014426560665, 0.000205152231501, 0.000221512455028, 0.000217313878238, 0.000222704940825, 4.37310263806e-05, 3.99796881538e-05, 6.59120923956e-05, 0.000127398670884, 9.87832463579e-05, 2.66059851128e-05, 2.99304138025e-05, 3.85127168556e-05, 0.000112613022793, 2.18067234528e-05, 2.60753422481e-05, 3.26795998262e-05, 3.86100036849e-05, 3.03638662444e-05, 2.69385564025e-05, 4.09479507653e-05, 2.62292160187e-05, 4.01382349082e-05, 0.000133793582791, 9.8766759038e-05, 4.34025096183e-05, 4.50469196949e-05, 2.30083187489e-05, 8.12710459286e-06, 4.51789583167e-06, 5.20669163961e-06, 3.52721986019e-06, 6.43496105113e-06, 6.00006478635e-06, 3.96717541662e-06, 2.94380947707e-06, 3.88236685467e-06, 5.59851878279e-06, 8.47246246849e-06, 9.1063675427e-06, 7.42306110624e-06, 8.20123113954e-06, 7.54825714466e-06, 8.39632048155e-06, 9.42864608078e-06, 1.01320074464e-05, 1.04323844425e-05, 9.70263681666e-06, 8.37958486954e-06, 5.79016614211e-06, 4.73644149679e-06, 4.29876081398e-06, 4.01496163249e-06, 2.58229965766e-06, 2.7628573207e-06, 1.91253184312e-06, 1.30675869059e-06, 1.19310777791e-06, 8.92069976999e-07, 7.7065971027e-07, 7.02922761775e-07, 7.32146133942e-07, 7.49333764816e-07, 5.85829923239e-07, 6.1076775637e-07, 5.13209386099e-07, 4.22544133016e-07, 3.49129265942e-07, 2.90568067385e-07, 2.83896412157e-07, 2.4700426593e-07, 2.55308634678e-07, 2.26873936526e-07, 2.08696249615e-07, 2.44629234203e-07, 2.12627710994e-07, 2.48029067507e-07, 2.49083029757e-07, 1.97788423861e-07, 7.30017148953e-08, 5.56636656768e-08, 4.09529121725e-08, 2.40632331838e-08, 2.00324756783e-09, 4.7815982944e-12, 4.71584707049e-12, 4.67040425431e-12, 4.64293057126e-12]
    },
    "mfcc": {
        "mean": [-653.579956055, 114.203269958, -32.9262542725, -11.0700588226, -15.0839471817, -5.26412057877, -4.64453649521, 10.1349925995, 0.711083769798, 6.46325445175, 2.60424876213, -5.17303609848, -8.57763385773],
        "cov": [[2506.97436523, -511.590484619, -116.465118408, -310.428741455, -233.910812378, -206.02243042, -90.7423095703, 44.8127250671, -135.269699097, -33.1283988953, 39.585811615, -147.511825562, -66.2528762817], [-511.590484619, 1648.37133789, 1562.03405762, 1200.31335449, 1054.52416992, 744.265136719, 437.805236816, 185.828399658, 49.964630127, 133.528381348, 27.9008998871, 138.803512573, 134.42817688], [-116.465118408, 1562.03405762, 2709.27294922, 1638.43444824, 1558.64160156, 987.012756348, 472.123565674, 124.962371826, 16.432882309, 78.1737365723, -33.648021698, 106.767959595, 230.73336792], [-310.428741455, 1200.31335449, 1638.43444824, 1295.66638184, 1054.2088623, 731.036804199, 342.67175293, 98.5203094482, 43.8134994507, 54.8765983582, -29.5272254944, 101.793487549, 162.48500061], [-233.910812378, 1054.52416992, 1558.64160156, 1054.2088623, 1031.38989258, 636.787780762, 316.397064209, 89.3442306519, 25.1848392487, 68.4462509155, -14.5145740509, 81.9922790527, 136.659790039], [-206.02243042, 744.265136719, 987.012756348, 731.036804199, 636.787780762, 529.840942383, 281.616149902, 117.874961853, 80.7208175659, 76.2215118408, 7.47684288025, 87.6779403687, 104.591690063], [-90.7423095703, 437.805236816, 472.123565674, 342.67175293, 316.397064209, 281.616149902, 260.105194092, 112.494308472, 89.3048629761, 75.8191604614, 40.1806488037, 68.9264450073, 56.0812034607], [44.8127250671, 185.828399658, 124.962371826, 98.5203094482, 89.3442306519, 117.874961853, 112.494308472, 120.864776611, 48.58070755, 66.2094650269, 36.0697898865, 25.9972915649, 9.94843673706], [-135.269699097, 49.964630127, 16.432882309, 43.8134994507, 25.1848392487, 80.7208175659, 89.3048629761, 48.58070755, 142.50289917, 56.4963874817, 31.9239864349, 52.278377533, 30.1504268646], [-33.1283988953, 133.528381348, 78.1737365723, 54.8765983582, 68.4462509155, 76.2215118408, 75.8191604614, 66.2094650269, 56.4963874817, 99.7446289062, 49.2956123352, 38.9639778137, 8.80939483643], [39.585811615, 27.9008998871, -33.648021698, -29.5272254944, -14.5145740509, 7.47684288025, 40.1806488037, 36.0697898865, 31.9239864349, 49.2956123352, 68.7702102661, 24.7955646515, 1.94433319569], [-147.511825562, 138.803512573, 106.767959595, 101.793487549, 81.9922790527, 87.6779403687, 68.9264450073, 25.9972915649, 52.278377533, 38.9639778137, 24.7955646515, 79.6177062988, 34.7313346863], [-66.2528762817, 134.42817688, 230.73336792, 162.48500061, 136.659790039, 104.591690063, 56.0812034607, 9.94843673706, 30.1504268646, 8.80939483643, 1.94433319569, 34.7313346863, 68.1249237061]],
        "icov": [[0.00058453908423, 0.000382345053367, -0.000329293281538, -0.000155235175043, 0.000290893542115, 0.00025663379347, -0.00022471450211, -0.000816557731014, 0.000589900533669, 7.82849092502e-05, -0.00072080217069, 0.000733606575523, 1.60369575042e-06], [0.000382345053367, 0.00301985791884, 5.78003309784e-05, -0.00181567354593, -0.000902409316041, 0.000351111375494, -0.00153502344619, -0.00160268729087, 0.00196473486722, -0.000861333333887, -0.000623230473138, -0.00108461081982, 0.00112914084457], [-0.000329293281538, 5.78003309784e-05, 0.00341504672542, -0.000366729829693, -0.00410095555708, -0.00110597570892, -6.9582296419e-05, 0.000643203908112, 0.000614885182586, 9.77996023721e-05, 2.45208866545e-05, 0.000868346483912, -0.00196632742882], [-0.000155235175043, -0.00181567354593, -0.000366729829693, 0.0077744894661, -0.00295996502973, -0.00516925705597, 0.00190772069618, 0.00132803467568, -0.000751833547838, 0.00214046170004, 0.000982992118225, -2.48999331234e-05, -0.00171878945548], [0.000290893542115, -0.000902409316041, -0.00410095555708, -0.00295996502973, 0.0126056103036, -0.00190659146756, -0.00154376553837, 0.00261433096603, 0.0015041094739, -0.00320202228613, 0.000495708954986, 0.00111250393093, 0.000709225307219], [0.00025663379347, 0.000351111375494, -0.00110597570892, -0.00516925705597, -0.00190659146756, 0.017701998353, -0.00472279917449, -0.00576207740232, -0.00230200332589, -0.000538489141036, 0.00272162654437, -0.00233192578889, -0.000792346778326], [-0.00022471450211, -0.00153502344619, -6.9582296419e-05, 0.00190772069618, -0.00154376553837, -0.00472279917449, 0.0152400312945, -0.00582864042372, -0.00454071490094, 0.00298143108375, -0.00345419859514, -0.00192291720305, -0.000147880535224], [-0.000816557731014, -0.00160268729087, 0.000643203908112, 0.00132803467568, 0.00261433096603, -0.00576207740232, -0.00582864042372, 0.0222642291337, -8.85765184648e-05, -0.0084937158972, -0.000407582090702, 0.00391360279173, 0.00132535968442], [0.000589900533669, 0.00196473486722, 0.000614885182586, -0.000751833547838, 0.0015041094739, -0.00230200332589, -0.00454071490094, -8.85765184648e-05, 0.0148736387491, -0.0053331060335, 0.000141463999171, -0.0027934035752, -0.00379770575091], [7.82849092502e-05, -0.000861333333887, 9.77996023721e-05, 0.00214046170004, -0.00320202228613, -0.000538489141036, 0.00298143108375, -0.0084937158972, -0.0053331060335, 0.0259256456047, -0.01119572483, -0.00460413470864, 0.00404996797442], [-0.00072080217069, -0.000623230473138, 2.45208866545e-05, 0.000982992118225, 0.000495708954986, 0.00272162654437, -0.00345419859514, -0.000407582090702, 0.000141463999171, -0.01119572483, 0.0272944383323, -0.00447910837829, -0.00127895991318], [0.000733606575523, -0.00108461081982, 0.000868346483912, -2.48999331234e-05, 0.00111250393093, -0.00233192578889, -0.00192291720305, 0.00391360279173, -0.0027934035752, -0.00460413470864, -0.00447910837829, 0.0258446354419, -0.00888458825648], [1.60369575042e-06, 0.00112914084457, -0.00196632742882, -0.00171878945548, 0.000709225307219, -0.000792346778326, -0.000147880535224, 0.00132535968442, -0.00379770575091, 0.00404996797442, -0.00127895991318, -0.00888458825648, 0.0286567099392]]
    },
    "spectral_contrast_coeffs": {
        "max": [-0.310075491667, -0.438156068325, -0.581453800201, -0.619319200516, -0.538105249405, -0.602278053761],
        "mean": [-0.714846372604, -0.718401432037, -0.761302888393, -0.815164864063, -0.799295246601, -0.776192903519],
        "min": [-0.974992752075, -0.926363229752, -0.88810056448, -0.905874013901, -0.908504903316, -0.930402874947],
        "stdev": [0.0968762114644, 0.0834237262607, 0.0590517781675, 0.0376806817949, 0.042623616755, 0.0363572202623]
    },
    "spectral_contrast_valleys": {
        "max": [-5.11906862259, -5.58373689651, -5.17340183258, -5.96798181534, -5.70949459076, -8.04386711121],
        "mean": [-7.77644777298, -6.75696229935, -6.74545240402, -7.11712551117, -7.55884790421, -10.3137598038],
        "min": [-12.9227256775, -12.1084928513, -11.8329381943, -12.9324436188, -13.1577072144, -14.5675640106],
        "stdev": [1.917927742, 0.510913729668, 0.822056889534, 0.623262047768, 0.61508256197, 0.756743133068]
    }
},
"rhythm": {
    "beats_count": 51,
    "beats_loudness": {
        "max": 0.0906007289886,
        "mean": 0.0282724853605,
        "min": 0.00655051739886,
        "stdev": 0.0145058250055
    },
    "bpm": 144.137878418,
    "bpm_histogram_first_peak_bpm": 144,
    "bpm_histogram_first_peak_weight": 0.565217375755,
    "bpm_histogram_second_peak_bpm": 129,
    "bpm_histogram_second_peak_spread": 0.549999952316,
    "bpm_histogram_second_peak_weight": 0.180000007153,
    "danceability": 0.835980176926,
    "onset_rate": 2.26894950867,
    "beats_loudness_band_ratio": {
        "max": [0.906170368195, 0.426680892706, 0.784017086029, 0.561887145042, 0.268279880285, 0.306486099958],
        "mean": [0.329527646303, 0.0988487228751, 0.316573828459, 0.189317047596, 0.0667143240571, 0.0337284617126],
        "min": [5.51830162294e-05, 0.000373140443116, 0.0139691121876, 0.0145586831495, 0.00588255748153, 0.0028363969177],
        "stdev": [0.325995177031, 0.10980772227, 0.236753553152, 0.150150626898, 0.060539085418, 0.0500439144671]
    },
    "beats_position": [0.429569154978, 0.859138309956, 1.28870749474, 1.70666658878, 2.11301589012, 2.53097510338, 2.94893407822, 3.35528349876, 3.76163268089, 4.17959165573, 4.58594083786, 4.99229001999, 5.41024923325, 5.8282084465, 6.23455762863, 6.64090681076, 7.05886602402, 7.47682523727, 7.8831744194, 8.3011341095, 8.71909236908, 9.14866161346, 9.57823085785, 10.0078001022, 10.5070295334, 11.0062580109, 11.505487442, 11.9698867798, 12.4342851639, 12.8986845016, 13.3746938705, 13.8507022858, 14.3267116547, 14.7911109924, 15.2439002991, 15.6850786209, 16.1378688812, 16.5906581879, 17.0434455872, 17.4846248627, 17.9258041382, 18.3785934448, 18.8197727203, 19.272562027, 19.7369613647, 20.2013607025, 20.6541500092, 21.1185474396, 21.5713367462, 22.035736084, 22.5001354218],
