{
"metadata": {
    "version": {
        "essentia": "2.1-beta5",
        "essentia_git_sha": "Undefined",
        "extractor": "music 2.0"
    },
    "audio_properties": {
        "analysis": {
            "equal_loudness": 0,
            "length": 32.4963264465,
            "sample_rate": 44100,
            "start_time": 93.9943771362,
            "downmix": "mix"
        },
        "bit_rate": 192000,
        "length": 214.482727051,
        "lossless": 0,
        "number_channels": 2,
        "replay_gain": -5.85991859436,
        "sample_rate": 48000,
        "codec": "mp3",
        "md5_encoded": "eb46f872eb57b6ace45aab5a213c0155"
    },
    "tags": {
        "file_name": "Ukraine_Angel_Mika Newton.mp3",
        "encoding": ["Lavf58.29.100"]
    }
},
"lowlevel": {
    "average_loudness": 0.893300175667,
    "barkbands_crest": {
        "max": 25.8592700958,
        "mean": 13.0652084351,
        "min": 2.14166164398,
        "stdev": 5.45704936981
    },
    "barkbands_flatness_db": {
        "max": 0.374800771475,
        "mean": 0.144489854574,
        "min": 0.011434270069,
        "stdev": 0.0681513249874
    },
    "barkbands_kurtosis": {
        "max": 155.236846924,
        "mean": 5.88369131088,
        "min": -1.96087729931,
        "stdev": 11.4611387253
    },
    "barkbands_skewness": {
        "max": 10.1381845474,
        "mean": 0.987520396709,
        "min": -3.78863883018,
        "stdev": 1.69433760643
    },
    "barkbands_spread": {
        "max": 123.498939514,
        "mean": 24.8150253296,
        "min": 0.874590337276,
        "stdev": 20.685956955
    },
    "dissonance": {
        "max": 0.499725103378,
        "mean": 0.44113227725,
        "min": 0.234046757221,
        "stdev": 0.0491087585688
    },
    "dynamic_complexity": 3.9440612793,
    "erbbands_crest": {
        "max": 33.3590126038,
        "mean": 15.2706928253,
        "min": 2.34347820282,
        "stdev": 7.54098844528
    },
    "erbbands_flatness_db": {
        "max": 0.381123900414,
        "mean": 0.176924645901,
        "min": 0.042929712683,
        "stdev": 0.072985701263
    },
    "erbbands_kurtosis": {
        "max": 101.159568787,
        "mean": 6.25306749344,
        "min": -1.73091030121,
        "stdev": 11.7045717239
    },
    "erbbands_skewness": {
        "max": 6.93056774139,
        "mean": 0.957278013229,
        "min": -4.69098567963,
        "stdev": 1.44974291325
    },
    "erbbands_spread": {
        "max": 121.20905304,
        "mean": 28.2438049316,
        "min": 1.01151108742,
        "stdev": 23.1772060394
    },
    "hfc": {
        "max": 238.701873779,
        "mean": 26.2933807373,
        "min": 0.333424091339,
        "stdev": 28.1169719696
    },
    "loudness_ebu128": {
        "integrated": -18.0911083221,
        "loudness_range": 5.74661159515,
        "momentary": {
            "max": -13.1218156815,
            "mean": -19.1898040771,
            "min": -29.5834980011,
            "stdev": 3.29430699348
        },
        "short_term": {
            "max": -15.1947059631,
            "mean": -18.5001506805,
            "min": -24.2096767426,
            "stdev": 2.06299495697
        }
    },
    "melbands_crest": {
        "max": 36.0950012207,
        "mean": 18.0730991364,
        "min": 3.84006762505,
        "stdev": 7.14878463745
    },
    "melbands_flatness_db": {
        "max": 0.485061079264,
        "mean": 0.211095944047,
        "min": 0.0358569771051,
        "stdev": 0.0808930024505
    },
    "melbands_kurtosis": {
        "max": 370.806488037,
        "mean": 12.1364164352,
        "min": -1.89539086819,
        "stdev": 24.373462677
    },
    "melbands_skewness": {
        "max": 14.4650964737,
        "mean": 1.66259992123,
        "min": -3.30104374886,
        "stdev": 2.18236780167
    },
    "melbands_spread": {
        "max": 292.954193115,
        "mean": 30.6765003204,
        "min": 0.733413219452,
        "stdev": 32.0806159973
    },
    "pitch_salience": {
        "max": 0.827306449413,
        "mean": 0.485823303461,
        "min": 0.0754448547959,
        "stdev": 0.146918952465
    },
    "silence_rate_20dB": {
        "max": 1,
        "mean": 1,
        "min": 1,
        "stdev": 0
    },
    "silence_rate_30dB": {
        "max": 1,
        "mean": 0.998572468758,
        "min": 0,
        "stdev": 0.0377558544278
    },
    "silence_rate_60dB": {
        "max": 1,
        "mean": 0.0756602436304,
        "min": 0,
        "stdev": 0.264452069998
    },
    "spectral_centroid": {
        "max": 6525.00830078,
        "mean": 1447.46704102,
        "min": 346.364746094,
        "stdev": 788.494140625
    },
    "spectral_complexity": {
        "max": 39,
        "mean": 10.4875087738,
        "min": 1,
        "stdev": 5.63865566254
    },
    "spectral_decrease": {
        "max": -1.31672950321e-10,
        "mean": -5.80947823181e-09,
        "min": -3.49988660275e-08,
        "stdev": 5.23890664184e-09
    },
    "spectral_energy": {
        "max": 0.141974657774,
        "mean": 0.0243112016469,
        "min": 0.000599281222094,
        "stdev": 0.0213359184563
    },
    "spectral_energyband_high": {
        "max": 0.0256720688194,
        "mean": 0.00091717048781,
        "min": 1.90626121821e-06,
        "stdev": 0.00218460569158
    },
    "spectral_energyband_low": {
        "max": 0.0750034973025,
        "mean": 0.00615469459444,
        "min": 9.49444529397e-06,
        "stdev": 0.00969454366714
    },
    "spectral_energyband_middle_high": {
        "max": 0.108882158995,
        "mean": 0.0109785264358,
        "min": 3.24006105075e-05,
        "stdev": 0.0166347362101
    },
    "spectral_energyband_middle_low": {
        "max": 0.127478629351,
        "mean": 0.00666893506423,
        "min": 0.000122735320474,
        "stdev": 0.0107315555215
    },
    "spectral_entropy": {
        "max": 8.93855762482,
        "mean": 7.5077381134,
        "min": 5.40268325806,
        "stdev": 0.6839594841
    },
    "spectral_flux": {
        "max": 0.346949636936,
        "mean": 0.0841465815902,
        "min": 0.0127742020413,
        "stdev": 0.0532973520458
    },
    "spectral_kurtosis": {
        "max": 25.1123809814,
        "mean": 4.64987945557,
        "min": -1.19085788727,
        "stdev": 3.47711157799
    },
    "spectral_rms": {
        "max": 0.0117691066116,
        "mean": 0.00442097568884,
        "min": 0.000764633645304,
        "stdev": 0.00204284535721
    },
    "spectral_rolloff": {
        "max": 12510.7910156,
        "mean": 2034.41955566,
        "min": 64.599609375,
        "stdev": 2353.47363281
    },
    "spectral_skewness": {
        "max": 3.82972812653,
        "mean": 1.73770403862,
        "min": -0.221919462085,
        "stdev": 0.605889797211
    },
    "spectral_spread": {
        "max": 14988821,
        "mean": 5977515.5,
        "min": 2375304.5,
        "stdev": 2163029.75
    },
    "spectral_strongpeak": {
        "max": 14.0160970688,
        "mean": 2.30353808403,
        "min": 0,
        "stdev": 2.91608834267
    },
    "zerocrossingrate": {
        "max": 0.41943359375,
        "mean": 0.0795772969723,
        "min": 0.001953125,
        "stdev": 0.061542276293
    },
    "barkbands": {
        "max": [0.0100632235408, 0.0644500777125, 0.0214276909828, 0.0161487516016, 0.00929248053581, 0.0364617183805, 0.124968364835, 0.0921597778797, 0.110746793449, 0.0832579210401, 0.0833297520876, 0.0930214524269, 0.0308108422905, 0.0425808168948, 0.0414359308779, 0.0132269887254, 0.0137000540271, 0.00587299698964, 0.00408111931756, 0.000645338965114, 0.0026359569747, 0.00143344094977, 0.0067978980951, 0.0142327714711, 0.0104239908978, 0.00371334864758, 0.000546288967598],
        "mean": [0.000732026819605, 0.00492064421996, 0.000399710785132, 0.000272871257039, 0.000421530596213, 0.00112799007911, 0.00144612998702, 0.00161263777409, 0.00118756282609, 0.0016161861131, 0.00234861997887, 0.00308594922535, 0.000648113666102, 0.00117249216419, 0.0014810108114, 0.000395581038902, 0.000249850243563, 0.00013426746591, 0.000109832057205, 6.8181536335e-05, 9.01050880202e-05, 0.000100611781818, 0.000135010312079, 0.000247159798164, 0.000179852548172, 8.9445435151e-05, 3.78442819056e-05],
        "min": [2.614668837e-08, 3.52037864104e-06, 9.19365220398e-07, 8.14138161331e-07, 1.85466717539e-06, 3.67683924196e-06, 7.42591225844e-07, 9.59233375397e-07, 1.94743302018e-06, 2.23923279918e-06, 1.0196933431e-07, 5.3978806136e-07, 6.76944182487e-07, 7.66831135479e-07, 5.69228063796e-07, 1.68092540775e-07, 2.64081904788e-07, 2.94090824582e-07, 4.18439782379e-07, 5.82192569709e-07, 5.17949274581e-07, 3.37524397764e-07, 1.38590593224e-07, 1.16712122633e-07, 6.90264272407e-08, 2.24950511551e-08, 7.84645182161e-10],
        "stdev": [0.00132281507831, 0.00828275177628, 0.00100345688406, 0.000674522074405, 0.000826857110951, 0.00352111901157, 0.00555907795206, 0.00532463705167, 0.00587575649843, 0.00621114578098, 0.00813625194132, 0.0099286371842, 0.00217506173067, 0.00329183018766, 0.00449659721926, 0.00120746961329, 0.000909144582693, 0.000336833123583, 0.000245168397669, 8.7077038188e-05, 0.000145905520185, 0.000180941729923, 0.000373095594114, 0.000987832783721, 0.000579566287342, 0.00023689684167, 7.77309469413e-05]
    },
    "erbbands": {
        "max": [3.65211987495, 7.2288813591, 16.5241947174, 52.5270385742, 18.1672973633, 53.3455162048, 218.55909729, 323.603118896, 1002.39294434, 1522.13452148, 1407.48547363, 2591.29858398, 1539.75097656, 3157.30761719, 3655.99951172, 2894.93310547, 1492.0032959, 2346.93334961, 2711.03491211, 1409.89453125, 725.47454834, 501.157623291, 274.730224609, 307.605377197, 101.461433411, 38.3473510742, 53.691078186, 128.462387085, 47.9446907043, 71.3042144775, 256.623321533, 281.292022705, 321.439178467, 198.885513306, 44.8964729309, 23.4682388306, 5.70912694931, 0.610502839088, 0.159697666764, 0.00421865843236],
        "mean": [0.256510138512, 0.640495538712, 0.518407523632, 0.729725778103, 1.18675494194, 1.36280238628, 3.59766101837, 11.5330133438, 17.1025943756, 29.9191322327, 32.7986297607, 28.1592388153, 48.1298446655, 49.7288360596, 126.139511108, 116.540214539, 37.7966384888, 48.8453521729, 89.7979125977, 44.8416519165, 18.5262050629, 11.8867301941, 8.01510047913, 6.75242233276, 4.24260377884, 3.2123773098, 3.41127228737, 3.85259342194, 3.47800683975, 3.54297614098, 4.02104091644, 4.58404397964, 4.33556318283, 2.43016886711, 0.968844771385, 0.430056899786, 0.15715560317, 0.0497814416885, 0.00743785779923, 0.000216159649426],
        "min": [6.88468862791e-05, 0.000978308031335, 0.0016363132745, 0.00785842631012, 0.0120692513883, 0.00347854499705, 0.00897434633225, 0.044934373349, 0.0618041604757, 0.0480079054832, 0.0562515929341, 0.0865372270346, 0.0913457944989, 0.0481478907168, 0.0759884417057, 0.0869929492474, 0.0635878443718, 0.0557286627591, 0.0873209685087, 0.0324123315513, 0.0140706831589, 0.0160997621715, 0.0191506370902, 0.0108035830781, 0.0229604206979, 0.0298864915967, 0.0248573813587, 0.0114799179137, 0.0117615740746, 0.00721191521734, 0.00323794805445, 0.00240472960286, 0.00216989219189, 0.000878764432855, 0.000441542622866, 0.000144643476233, 3.29864524247e-05, 3.55243719241e-06, 4.93266213653e-07, 9.39021049362e-07],
        "stdev": [0.463545382023, 1.00999808311, 0.925948679447, 1.98477590084, 2.03899002075, 3.20065426826, 14.4780874252, 37.2642974854, 61.901222229, 100.794616699, 110.457138062, 141.985183716, 149.518356323, 191.921508789, 412.623962402, 361.208190918, 102.598022461, 146.831970215, 249.879928589, 113.534042358, 49.4555282593, 36.4216804504, 18.2205734253, 17.4184799194, 7.12078905106, 4.04667472839, 5.03431987762, 6.73659944534, 6.07860708237, 6.92290449142, 12.4026651382, 17.7155170441, 17.8243427277, 9.36133384705, 2.74087786674, 1.33225500584, 0.38347196579, 0.0919073969126, 0.017052648589, 0.000441338459495]
    },
    "gfcc": {
        "mean": [-14.1651773453, 56.3452835083, -103.280227661, 9.30185222626, -49.0991020203, 30.3381347656, -25.7593898773, 15.5495128632, -13.9693927765, 11.6500701904, -10.7158317566, 3.24939346313, -8.12009525299],
        "cov": [[3309.47509766, -1247.71191406, -229.852279663, -330.687927246, 257.731781006, 92.7237701416, -13.4967508316, -80.7782821655, -85.3308563232, -25.296415329, -165.562713623, 19.6225700378, -157.320205688], [-1247.71191406, 1437.61682129, -180.737350464, 120.636428833, 101.955215454, -8.14780712128, 119.923377991, 112.894218445, 180.16986084, 114.207496643, 213.530044556, 0.40420332551, 113.272445679], [-229.852279663, -180.737350464, 1087.44396973, 350.431060791, -270.070892334, -77.9300003052, -61.0188331604, -13.7098464966, -69.7526626587, -2.44816184044, -19.0458431244, 87.8442764282, 31.6843605042], [-330.687927246, 120.636428833, 350.431060791, 519.142456055, -56.3413047791, -83.9835357666, -81.5685958862, 50.0707817078, 68.736656189, 23.3153648376, 34.0654563904, 51.8204536438, 51.3600463867], [257.731781006, 101.955215454, -270.070892334, -56.3413047791, 448.806640625, 140.459091187, 87.7218399048, 37.2659339905, 25.0712757111, 18.1955738068, -0.428192585707, -5.08798742294, 9.27852725983], [92.7237701416, -8.14780712128, -77.9300003052, -83.9835357666, 140.459091187, 344.903533936, 163.0337677, -10.6996307373, -58.8507194519, 7.60861682892, 25.5634479523, -35.7813262939, -11.6864652634], [-13.4967508316, 119.923377991, -61.0188331604, -81.5685958862, 87.7218399048, 163.0337677, 225.406524658, 48.226360321, -19.4791049957, -4.28748369217, 13.0317564011, -22.5523529053, -6.15144872665], [-80.7782821655, 112.894218445, -13.7098464966, 50.0707817078, 37.2659339905, -10.6996307373, 48.226360321, 200.318618774, 97.3696212769, -6.28712701797, -4.26583003998, -9.34969425201, 19.445941925], [-85.3308563232, 180.16986084, -69.7526626587, 68.736656189, 25.0712757111, -58.8507194519, -19.4791049957, 97.3696212769, 214.918273926, 86.4940185547, 59.4603691101, -9.58245372772, -2.44286036491], [-25.296415329, 114.207496643, -2.44816184044, 23.3153648376, 18.1955738068, 7.60861682892, -4.28748369217, -6.28712701797, 86.4940185547, 160.102859497, 95.630355835, -9.77041053772, -34.4205856323], [-165.562713623, 213.530044556, -19.0458431244, 34.0654563904, -0.428192585707, 25.5634479523, 13.0317564011, -4.26583003998, 59.4603691101, 95.630355835, 164.659042358, 39.305305481, -4.14998626709], [19.6225700378, 0.40420332551, 87.8442764282, 51.8204536438, -5.08798742294, -35.7813262939, -22.5523529053, -9.34969425201, -9.58245372772, -9.77041053772, 39.305305481, 130.733154297, 57.8068580627], [-157.320205688, 113.272445679, 31.6843605042, 51.3600463867, 9.27852725983, -11.6864652634, -6.15144872665, 19.445941925, -2.44286036491, -34.4205856323, -4.14998626709, 57.8068580627, 141.536743164]],
        "icov": [[0.000561451306567, 0.00050428690156, 7.51532934373e-05, 0.000173479289515, -0.000353832554538, 4.81715505884e-05, -0.000125828941236, 3.69020708604e-05, -0.000176194633241, -0.00025786011247, 0.000212363884202, -0.000444263074314, 0.000279261439573], [0.00050428690156, 0.00171019195113, 0.000190178659977, -0.000106175182736, -0.000543896167073, 0.000764053082094, -0.00109865900595, 1.93726045836e-05, -0.000450050807558, -4.28317471233e-05, -0.00174237333704, 0.000841076427605, -0.00117665261496], [7.51532934373e-05, 0.000190178659977, 0.00166282791179, -0.00109569728374, 0.00088455301011, -0.000115091155749, -0.000348579778802, -0.000278019346297, 0.000864983885549, -0.00107988901436, 0.000873544660863, -0.00111653620843, 0.000146192018292], [0.000173479289515, -0.000106175182736, -0.00109569728374, 0.00314923771657, -0.000467698613647, -6.09210401308e-05, 0.00116470234934, -0.000474111875519, -0.000876900856383, 0.000323672575178, -0.000403139390983, -0.000165867808391, -0.00035880523501], [-0.000353832554538, -0.000543896167073, 0.00088455301011, -0.000467698613647, 0.00357879907824, -0.00146565365139, -0.00014474002819, -0.000427961465903, 4.02190653404e-06, -0.00102079159115, 0.00167999241967, -0.00126527901739, 2.84219622699e-05], [4.81715505884e-05, 0.000764053082094, -0.000115091155749, -6.09210401308e-05, -0.00146565365139, 0.00593431992456, -0.00382456625812, 0.000632634328213, 0.00134932948276, 3.82478792744e-05, -0.00268818740733, 0.00250580906868, -0.00124679226428], [-0.000125828941236, -0.00109865900595, -0.000348579778802, 0.00116470234934, -0.00014474002819, -0.00382456625812, 0.00881441868842, -0.00272546615452, 0.00116533704568, 0.000258230866166, 0.000406055623898, -0.00044584783609, 0.00112295313738], [3.69020708604e-05, 1.93726045836e-05, -0.000278019346297, -0.000474111875519, -0.000427961465903, 0.000632634328213, -0.00272546615452, 0.00846648495644, -0.0049770497717, 0.00260505266488, 0.000537539483048, 0.000605901936069, -0.000625669315923], [-0.000176194633241, -0.000450050807558, 0.000864983885549, -0.000876900856383, 4.02190653404e-06, 0.00134932948276, 0.00116533704568, -0.0049770497717, 0.0105180107057, -0.00498116249219, -0.000835273065604, 0.000760447757784, -0.000230412784731], [-0.00025786011247, -4.28317471233e-05, -0.00107988901436, 0.000323672575178, -0.00102079159115, 3.82478792744e-05, 0.000258230866166, 0.00260505266488, -0.00498116249219, 0.0140015343204, -0.0073971496895, 0.00311230844818, 0.00142639921978], [0.000212363884202, -0.00174237333704, 0.000873544660863, -0.000403139390983, 0.00167999241967, -0.00268818740733, 0.000406055623898, 0.000537539483048, -0.000835273065604, -0.0073971496895, 0.0156291052699, -0.00763579457998, 0.002956464421], [-0.000444263074314, 0.000841076427605, -0.00111653620843, -0.000165867808391, -0.00126527901739, 0.00250580906868, -0.00044584783609, 0.000605901936069, 0.000760447757784, 0.00311230844818, -0.00763579457998, 0.0143651580438, -0.00599049776793], [0.000279261439573, -0.00117665261496, 0.000146192018292, -0.00035880523501, 2.84219622699e-05, -0.00124679226428, 0.00112295313738, -0.000625669315923, -0.000230412784731, 0.00142639921978, 0.002956464421, -0.00599049776793, 0.0113210743293]]
    },
    "melbands": {
        "max": [0.0239585116506, 0.00657635554671, 0.00768552720547, 0.00194221886341, 0.00594348553568, 0.00619660224766, 0.0200751330703, 0.0189574193209, 0.0118029471487, 0.0167213063687, 0.00760706001893, 0.0139252841473, 0.0095181632787, 0.0135890748352, 0.00627660704777, 0.00303739169613, 0.00535442912951, 0.00494284275919, 0.00371941085905, 0.00116732367314, 0.000694420887157, 0.000802087190095, 0.000490327074658, 0.000293910532491, 0.000290614640107, 9.54313800321e-05, 4.15098074882e-05, 3.05365938402e-05, 4.15467766288e-05, 6.90508750267e-05, 7.03241385054e-05, 2.86441536446e-05, 3.82127072953e-05, 4.11077817262e-05, 0.00015738082584, 0.000126322789583, 0.000186268123798, 0.000259758788161, 0.000142120072269, 0.00017947073502],
        "mean": [0.00175101193599, 0.000423578778282, 0.000141092197737, 8.98955113371e-05, 0.000113048772619, 0.000256038532825, 0.000270438409643, 0.000336942175636, 0.000255574792391, 0.000175086141098, 0.000245234725298, 0.000190471604583, 0.000350846123183, 0.000393189635361, 0.000178749221959, 5.74420992052e-05, 9.59230528679e-05, 0.000145993224578, 9.72278940026e-05, 3.9084283344e-05, 1.7817639673e-05, 1.4071588339e-05, 7.73386364017e-06, 6.6699767558e-06, 5.46244655197e-06, 3.33449111167e-06, 2.42140276896e-06, 2.0599616164e-06, 2.13472617361e-06, 2.03864374271e-06, 2.35642801272e-06, 1.97148369807e-06, 1.8762543732e-06, 1.98060888579e-06, 2.2093561256e-06, 2.48476885645e-06, 2.98177246805e-06, 3.28716828335e-06, 2.40973258769e-06, 1.95857046492e-06],
        "min": [9.53413746174e-07, 1.33036337502e-06, 2.33465902966e-06, 4.20239700816e-07, 2.24628138312e-07, 9.53700578066e-07, 5.40548569461e-07, 2.91576839118e-07, 3.36438631621e-07, 2.54179127523e-07, 2.41220988073e-07, 1.58921693583e-07, 4.54259136973e-08, 6.41687947223e-08, 1.28787803533e-07, 6.62462795731e-08, 8.4201715822e-08, 1.18770735469e-07, 3.39378232184e-08, 1.91112317083e-08, 1.59306470238e-08, 1.42115395008e-08, 1.74737859737e-08, 1.31737278863e-08, 7.52058593179e-09, 1.59812518774e-08, 1.30732331627e-08, 2.22847145182e-08, 1.30268213994e-08, 1.07396251892e-08, 5.00290253669e-09, 2.88974155715e-09, 3.88415388741e-09, 3.56558849113e-09, 1.67503488857e-09, 1.9057213585e-09, 1.20389831437e-09, 1.25201737866e-09, 1.16166154474e-09, 6.32053631655e-10],
        "stdev": [0.00303871789947, 0.000587734219152, 0.000318967795465, 0.000166938421899, 0.000407383893616, 0.000792710925452, 0.000984257319942, 0.00110708316788, 0.000911960145459, 0.000899423321243, 0.000792478153016, 0.000830365868751, 0.00115455244668, 0.00127211038489, 0.000563708366826, 0.000212786777411, 0.000322399981087, 0.000410701904912, 0.00030510374927, 0.000112831323349, 5.66792514292e-05, 5.23449780303e-05, 2.3972008421e-05, 1.80614842975e-05, 1.59243845701e-05, 6.09063545198e-06, 3.60545345757e-06, 2.69720385404e-06, 3.27720704263e-06, 3.40930182574e-06, 4.25104553869e-06, 3.51011226485e-06, 3.60384183296e-06, 3.96613540943e-06, 6.74652574162e-06, 8.5837818915e-06, 1.24533171402e-05, 1.44658370118e-05, 8.67836934049e-06, 8.07779088063e-06]
    },
    "melbands128": {
        "max": [0.00997455045581, 0.0366876423359, 0.0259279496968, 0.00816249568015, 0.00524469651282, 0.0122324600816, 0.0125528015196, 0.00586773362011, 0.00238213851117, 0.00205076043494, 0.00404060771689, 0.00383734935895, 0.00936019048095, 0.0161478407681, 0.00992566719651, 0.0119795203209, 0.0179143790156, 0.0232001747936, 0.0465219393373, 0.0166677329689, 0.0337106771767, 0.0142952920869, 0.0177428033203, 0.0387901850045, 0.0242609903216, 0.0257853325456, 0.0144831622019, 0.0149151645601, 0.0207442063838, 0.0267969388515, 0.0162068903446, 0.0234202314168, 0.0140825416893, 0.0245018787682, 0.0253628883511, 0.0179298520088, 0.0164980366826, 0.0126438988373, 0.00836473144591, 0.00585480639711, 0.0040278993547, 0.011183174327, 0.00764054851606, 0.00731247384101, 0.00680199172348, 0.010886516422, 0.0103062987328, 0.00795517489314, 0.00548750767484, 0.00271737994626, 0.00245134718716, 0.00283900741488, 0.000922362261917, 0.00143554329406, 0.00306094856933, 0.000777608423959, 0.000498598208651, 0.000791006023064, 0.00099252583459, 0.000421564851422, 0.000476068729768, 0.000378387514502, 0.000738548405934, 0.00027316910564, 0.000148765859194, 0.000118421936349, 0.000197228859179, 6.22008083155e-05, 3.85056773666e-05, 3.60582162102e-05, 4.18406489189e-05, 3.84026316169e-05, 6.37684861431e-05, 5.25164323335e-05, 5.54169455427e-05, 3.54357871402e-05, 0.000134828893351, 9.86992745311e-05, 8.74492761795e-05, 5.39289540029e-05, 4.74795269838e-05, 4.83582807647e-05, 4.50748993899e-05, 3.33644275088e-05, 4.79455738969e-05, 4.71971216029e-05, 5.21955298609e-05, 9.00523082237e-05, 0.000152341934154, 0.000255356513662, 0.00015722385433, 0.000170522907865, 0.000259475345956, 0.000163139324286, 0.000275272410363, 0.000350642221747, 0.000317148951581, 0.000298277300317, 0.000107257641503, 0.00019176810747, 0.000213554609218, 0.000230163932429, 9.85768419923e-05, 8.23000300443e-05, 6.03620355832e-05, 3.24258217006e-05, 5.34404643986e-05, 5.77200335101e-05, 6.75037081237e-05, 3.75778436137e-05, 2.41483139689e-05, 2.89513027383e-05, 1.65806031873e-05, 2.21832942771e-05, 1.58190141519e-05, 7.11080338078e-06, 8.99843143998e-06, 5.65993468626e-06, 6.06781350143e-06, 1.35045629577e-05, 5.06494734509e-06, 5.28155214852e-06, 2.3063705612e-06, 1.47207657619e-07, 7.41587735664e-10, 3.34706401484e-10, 2.57383447888e-10, 2.7712920847e-10],
        "mean": [0.000700813310686, 0.00252139638178, 0.00194601027761, 0.000775989959948, 0.000286499416688, 0.000187779703992, 0.000143270517583, 0.000138116403832, 0.000122679120977, 8.72410091688e-05, 6.73405957059e-05, 7.24337805877e-05, 9.95858208626e-05, 0.000188667923794, 0.00028170432779, 0.000261784443865, 0.000294592638966, 0.000218256449443, 0.000328014284605, 0.000341789680533, 0.000360094942153, 0.000275326921837, 0.000279264262645, 0.000180536153493, 0.000154631416081, 0.000186456309166, 0.000181042327313, 0.000281211192487, 0.000274660094874, 0.000183534779353, 0.00016492427676, 0.000196991139092, 0.000260482163867, 0.000623928382993, 0.000391151814256, 0.000349916575942, 0.000333091476932, 0.000194276086404, 6.98194271536e-05, 5.14981256856e-05, 6.5484069637e-05, 4.58613758383e-05, 8.01312999101e-05, 0.000133792680572, 0.000125542646856, 0.000151498621562, 0.000175528912223, 0.00010757491691, 6.28391717328e-05, 3.48172106897e-05, 4.75525193906e-05, 3.19071077683e-05, 8.94020649866e-06, 1.48543394971e-05, 2.80695603578e-05, 9.80141066975e-06, 7.98313976702e-06, 9.10879589355e-06, 6.6543561843e-06, 7.3131013778e-06, 7.22391814634e-06, 5.3694188864e-06, 6.46443686492e-06, 5.53512018087e-06, 3.84006489185e-06, 3.05206731355e-06, 3.38353402185e-06, 2.68072540166e-06, 2.10662346944e-06, 2.17456113205e-06, 1.86275417491e-06, 2.18641048377e-06, 2.19975095206e-06, 2.11566634789e-06, 2.04192997444e-06, 2.00860563382e-06, 2.04183834285e-06, 2.18473360292e-06, 2.44180932896e-06, 2.5636547889e-06, 1.91646608982e-06, 1.71252406744e-06, 2.02978390007e-06, 1.73515979895e-06, 1.94827430278e-06, 2.0255047275e-06, 1.98294674192e-06, 1.93118262359e-06, 2.19425714931e-06, 2.35919310398e-06, 2.58319869317e-06, 2.36505661633e-06, 2.64745085587e-06, 2.72794022749e-06, 3.45542866853e-06, 3.53381619789e-06, 3.28448095388e-06, 2.94453730021e-06, 2.32482057072e-06, 2.22620769819e-06, 2.09724862543e-06, 2.13646876546e-06, 1.51501103574e-06, 1.10082623905e-06, 9.98423615783e-07, 7.45624106457e-07, 1.34521860673e-06, 7.62350452987e-07, 6.48975913009e-07, 6.4789321641e-07, 6.35143692307e-07, 4.59808575215e-07, 3.86671956676e-07, 5.65517041196e-07, 5.50901290808e-07, 3.88735429624e-07, 3.56678839353e-07, 3.36083871844e-07, 3.30239572577e-07, 3.14462738515e-07, 1.56280179908e-07, 1.43566694533e-07, 5.61079005479e-08, 1.95824223503e-09, 3.88426660627e-12, 3.4984736462e-12, 3.30720563782e-12, 3.23459011312e-12],
        "min": [4.74284167495e-09, 2.91950961184e-08, 2.97712972497e-07, 7.30718340947e-07, 4.99765462791e-07, 3.5662242226e-07, 6.77804791849e-07, 3.13103043936e-07, 1.85086449278e-07, 2.38171878664e-07, 1.43541374342e-08, 9.15656315215e-08, 7.43036352446e-08, 1.33957925641e-07, 8.27459984976e-08, 1.00488037447e-07, 2.36657228925e-07, 9.27860952515e-08, 8.73722356687e-08, 1.14484947744e-07, 3.4025962492e-08, 7.57351230618e-08, 9.04895500753e-08, 7.828633386e-08, 8.95742502394e-08, 4.16318819418e-08, 6.75271962791e-08, 1.75380549194e-07, 1.15750324881e-07, 7.7075881677e-08, 7.89575906879e-08, 1.53138284276e-08, 2.19240714472e-08, 3.51221984829e-08, 6.68357742484e-08, 1.82887713862e-08, 2.75892872992e-08, 2.86746377753e-08, 1.95641298717e-08, 1.93319387165e-08, 2.67205511051e-08, 2.07160937293e-08, 4.0515978128e-08, 4.29665014678e-08, 1.92307485491e-08, 2.10223749519e-08, 1.88823996439e-08, 1.53588359808e-08, 1.46343293039e-08, 6.41021413728e-09, 1.43549110376e-08, 1.20668799397e-08, 7.26117432848e-09, 1.3083016448e-08, 8.12644529447e-09, 6.77770284341e-09, 7.99632537962e-09, 9.04414676484e-09, 1.16931895278e-08, 9.86765869015e-09, 8.71273542202e-09, 3.57880169943e-09, 5.34884270209e-09, 5.48781731169e-09, 6.81615297538e-09, 5.70169333969e-09, 8.01423549746e-09, 7.7913773211e-09, 9.04166785887e-09, 5.17921572296e-09, 9.71890123935e-09, 1.39575382363e-08, 7.21180359875e-09, 5.98331428847e-09, 5.71131453242e-09, 7.21131820924e-09, 6.26531537762e-09, 1.90507276621e-09, 2.75367950664e-09, 3.36439032189e-09, 2.03222860762e-09, 1.64709756945e-09, 2.37971775618e-09, 1.96164062771e-09, 3.70163921737e-09, 2.01835659297e-09, 1.50116397091e-09, 1.56703339194e-09, 1.3728761461e-09, 1.03945418939e-09, 1.65388513995e-09, 1.8415401426e-09, 1.59408453104e-09, 7.95318144675e-10, 6.29891139248e-10, 6.4551658463e-10, 1.31834121397e-09, 1.1291045876e-09, 1.02360542265e-09, 6.15587192332e-10, 6.29242657979e-10, 5.12822784238e-10, 5.72370095764e-10, 2.57955712346e-10, 3.61582125352e-10, 1.83214082794e-10, 2.28219040888e-10, 1.67277358631e-10, 1.94632046591e-10, 1.39584607761e-10, 6.14419418121e-11, 9.18387726978e-11, 7.4179898335e-11, 5.31161746531e-11, 4.59578902712e-11, 1.57663326839e-11, 2.92202095853e-11, 8.26196749903e-13, 2.27412435671e-13, 1.96147053677e-13, 1.86199878216e-13, 1.74076939387e-13, 1.77712879135e-13, 1.16302312832e-13, 1.01254162661e-13, 3.71548224045e-14, 4.84025331005e-15, 2.57315877412e-16],
        "stdev": [0.00127555627842, 0.00465951301157, 0.0034028745722, 0.00114140950609, 0.000442561344244, 0.000538857013453, 0.000455785659142, 0.000303902023006, 0.000219364796067, 0.000187541081687, 0.000203354255063, 0.000229397730436, 0.000546411960386, 0.000888263108209, 0.00113215146121, 0.00099568546284, 0.00143242196646, 0.00108943565283, 0.00183838617522, 0.00134627800435, 0.00153393426444, 0.00118233915418, 0.00120580685325, 0.0013550107833, 0.00119479594287, 0.00126625155099, 0.000864323112182, 0.00111236458179, 0.00147837027907, 0.00128311931621, 0.000972129753791, 0.00115842104424, 0.00114485772792, 0.0026628470514, 0.00206528161652, 0.00183705601376, 0.00146132148802, 0.000795539759565, 0.00039572751848, 0.000301413470879, 0.000277282844763, 0.000370618829038, 0.000421269243816, 0.000500998634379, 0.000467372767162, 0.000661079771817, 0.000805568997748, 0.000513065897394, 0.000304146262351, 0.000145824305946, 0.00018426515453, 0.000151888205437, 4.25933903898e-05, 7.14311900083e-05, 0.000170952203916, 4.36190784967e-05, 3.38763529726e-05, 4.45680889243e-05, 3.19833707181e-05, 2.46345480264e-05, 2.7329153454e-05, 2.20249621634e-05, 3.07315422106e-05, 1.72897052835e-05, 9.0720704975e-06, 6.53945789963e-06, 8.85765985004e-06, 5.45712236999e-06, 3.97349913328e-06, 3.22962227983e-06, 3.13548571285e-06, 3.39081771017e-06, 3.79619950763e-06, 4.03576132157e-06, 3.50204345523e-06, 3.29818772116e-06, 4.94872483614e-06, 4.43791805083e-06, 4.74555145047e-06, 5.22740538145e-06, 3.73293983102e-06, 3.56200348506e-06, 4.06875687986e-06, 3.52238453161e-06, 4.16872217102e-06, 4.1186776798e-06, 4.0702170736e-06, 5.2382533795e-06, 6.55631265545e-06, 9.29580619413e-06, 9.44157181948e-06, 8.84409109858e-06, 1.10736391434e-05, 1.0796139577e-05, 1.6965524992e-05, 1.85877252079e-05, 1.47350301631e-05, 1.22281944641e-05, 8.30128465168e-06, 8.79648177943e-06, 9.27233486436e-06, 1.00020606624e-05, 6.00264957029e-06, 3.89414071833e-06, 3.02116313833e-06, 2.11659357774e-06, 4.67325025966e-06, 2.72740726359e-06, 2.97175847663e-06, 2.09358654502e-06, 1.70590374182e-06, 1.37360029839e-06, 1.05717037968e-06, 1.58559134888e-06, 1.27373402847e-06, 7.74531656589e-07, 7.53017445732e-07, 6.97278551343e-07, 7.07873141437e-07, 1.01685054688e-06, 4.32642679016e-07, 4.55764507024e-07, 1.70234514485e-07, 7.91983811865e-09, 2.12330899391e-11, 1.3033190846e-11, 1.1228303877e-11, 1.13767354912e-11]
    },
    "mfcc": {
        "mean": [-671.184509277, 102.259078979, 6.47965621948, -0.85915440321, 5.13478708267, 10.658197403, 7.05803108215, 6.43510437012, 7.89668512344, 8.723072052, 4.29773950577, 5.09503412247, 4.28831768036],
        "cov": [[3216.609375, -870.829650879, -519.980651855, -273.474090576, 28.0177364349, 47.450630188, -11.1496047974, 34.1794128418, -12.8738126755, -19.7962741852, 12.2646884918, -79.6158981323, 30.2455615997], [-870.829650879, 1030.9810791, -202.754486084, 50.2178192139, 20.2971477509, 6.00372505188, 83.9543380737, 18.374753952, 49.0866241455, 57.8931350708, 82.9281158447, 84.8439559937, 32.5801391602], [-519.980651855, -202.754486084, 1078.9576416, 234.921234131, -68.0707702637, -11.6234998703, -53.181678772, -44.5214157104, -51.2590179443, -69.5356063843, -34.5559425354, 6.92484998703, 0.466193407774], [-273.474090576, 50.2178192139, 234.921234131, 432.492553711, 112.987121582, -59.0751724243, -111.402191162, -3.96483373642, 24.906791687, -19.2691631317, -6.86860847473, 50.04139328, 26.5179176331], [28.0177364349, 20.2971477509, -68.0707702637, 112.987121582, 239.496566772, 28.9725608826, 2.76328444481, 25.202539444, 52.3519325256, 7.00896501541, -0.897555708885, 32.352432251, 29.9184932709], [47.450630188, 6.00372505188, -11.6234998703, -59.0751724243, 28.9725608826, 242.462738037, 137.280517578, 0.485536575317, -28.9056549072, -2.40914559364, 28.817949295, 3.71066379547, 8.58800506592], [-11.1496047974, 83.9543380737, -53.181678772, -111.402191162, 2.76328444481, 137.280517578, 259.078308105, 62.1288833618, 19.822637558, 18.079158783, 16.0171928406, -14.8290691376, -12.1565914154], [34.1794128418, 18.374753952, -44.5214157104, -3.96483373642, 25.202539444, 0.485536575317, 62.1288833618, 149.233642578, 72.5219726562, 1.43054461479, -5.06555557251, 4.78887701035, 19.1207008362], [-12.8738126755, 49.0866241455, -51.2590179443, 24.906791687, 52.3519325256, -28.9056549072, 19.822637558, 72.5219726562, 155.761566162, 53.0164070129, -12.2184391022, -2.09425163269, -5.50666332245], [-19.7962741852, 57.8931350708, -69.5356063843, -19.2691631317, 7.00896501541, -2.40914559364, 18.079158783, 1.43054461479, 53.0164070129, 144.973846436, 72.8460540771, 24.0159091949, -6.75281715393], [12.2646884918, 82.9281158447, -34.5559425354, -6.86860847473, -0.897555708885, 28.817949295, 16.0171928406, -5.06555557251, -12.2184391022, 72.8460540771, 166.73638916, 90.9152526855, 32.5210037231], [-79.6158981323, 84.8439559937, 6.92484998703, 50.04139328, 32.352432251, 3.71066379547, -14.8290691376, 4.78887701035, -2.09425163269, 24.0159091949, 90.9152526855, 136.770233154, 57.8775672913], [30.2455615997, 32.5801391602, 0.466193407774, 26.5179176331, 29.9184932709, 8.58800506592, -12.1565914154, 19.1207008362, -5.50666332245, -6.75281715393, 32.5210037231, 57.8775672913, 109.854988098]],
        "icov": [[0.000525631010532, 0.000514691870194, 0.000317447120324, 0.000100840967207, -3.91515568481e-05, -2.70567052212e-05, 3.87645650335e-06, 1.05573990368e-05, -0.00015656434698, 0.000248489988735, -0.000466214696644, 0.000357758020982, -0.000354725605575], [0.000514691870194, 0.00168583111372, 0.000610898190644, -0.000338791171089, 0.000270246440778, 0.000228225530009, -0.00074329180643, 0.000424935627962, -0.000547706498764, 0.000265338807367, -0.000651262409519, -0.000225005089305, -0.000509950856213], [0.000317447120324, 0.000610898190644, 0.00146492186468, -0.000927087443415, 0.000801311864052, -0.000117627554573, -0.00034802700975, 0.000373140530428, -0.000147647777339, 0.000498278823216, -0.000142813456478, -4.50636362075e-05, -0.000274253019597], [0.000100840967207, -0.000338791171089, -0.000927087443415, 0.00397922983393, -0.00202112342231, 0.00022147007985, 0.0015867074253, -0.000367426458979, -0.000228374847211, 0.000293484074064, 0.000120973294543, -0.000719569157809, 0.000238656182773], [-3.91515568481e-05, 0.000270246440778, 0.000801311864052, -0.00202112342231, 0.00618163216859, -0.00132095662411, -0.000284315028694, 0.000414531270508, -0.0020191250369, 0.000162458556588, 0.000871972239111, -0.00118085031863, -0.000995999551378], [-2.70567052212e-05, 0.000228225530009, -0.000117627554573, 0.00022147007985, -0.00132095662411, 0.0069168987684, -0.00403829617426, 0.00129655445926, 0.00117635761853, 0.000594078854192, -0.00114920118358, 0.000400858087232, -0.000742229749449], [3.87645650335e-06, -0.00074329180643, -0.00034802700975, 0.0015867074253, -0.000284315028694, -0.00403829617426, 0.00781787000597, -0.00338626629673, 6.48728382657e-05, -0.000661764410324, -0.000135709153255, 0.000690350774676, 0.00132451904938], [1.05573990368e-05, 0.000424935627962, 0.000373140530428, -0.000367426458979, 0.000414531270508, 0.00129655445926, -0.00338626629673, 0.0110694300383, -0.00560560775921, 0.00260296813212, -0.000764640863054, -3.4535969462e-05, -0.00243390956894], [-0.00015656434698, -0.000547706498764, -0.000147647777339, -0.000228374847211, -0.0020191250369, 0.00117635761853, 6.48728382657e-05, -0.00560560775921, 0.0123310843483, -0.00577386142686, 0.00334106944501, -0.000569694093429, 0.00127635407262], [0.000248489988735, 0.000265338807367, 0.000498278823216, 0.000293484074064, 0.000162458556588, 0.000594078854192, -0.000661764410324, 0.00260296813212, -0.00577386142686, 0.0125296181068, -0.00691855931655, 0.00157582666725, 0.000861642940436], [-0.000466214696644, -0.000651262409519, -0.000142813456478, 0.000120973294543, 0.000871972239111, -0.00114920118358, -0.000135709153255, -0.000764640863054, 0.00334106944501, -0.00691855931655, 0.0143442321569, -0.00841883011162, 0.000194626511075], [0.000357758020982, -0.000225005089305, -4.50636362075e-05, -0.000719569157809, -0.00118085031863, 0.000400858087232, 0.000690350774676, -3.4535969462e-05, -0.000569694093429, 0.00157582666725, -0.00841883011162, 0.0158018805087, -0.00524991657585], [-0.000354725605575, -0.000509950856213, -0.000274253019597, 0.000238656182773, -0.000995999551378, -0.000742229749449, 0.00132451904938, -0.00243390956894, 0.00127635407262, 0.000861642940436, 0.000194626511075, -0.00524991657585, 0.0130201186985]]
    },
    "spectral_contrast_coeffs": {
        "max": [-0.429234653711, -0.376149207354, -0.383760690689, -0.508371531963, -0.6485440135, -0.673631429672],
        "mean": [-0.790373623371, -0.731742322445, -0.711581349373, -0.750542640686, -0.805550098419, -0.801598191261],
        "min": [-0.923045217991, -0.93004244566, -0.92078769207, -0.899316132069, -0.894654929638, -0.869412899017],
        "stdev": [0.0614461041987, 0.103878296912, 0.107321955264, 0.0918525904417, 0.0448478534818, 0.0280790701509]
    },
    "spectral_contrast_valleys": {
        "max": [-5.29491424561, -5.46914434433, -5.7791595459, -6.14015197754, -6.08464097977, -7.42305469513],
        "mean": [-7.21460056305, -7.24132394791, -7.66708087921, -8.08857631683, -8.06459712982, -9.93259048462],
        "min": [-9.53610038757, -8.89033603668, -9.70065593719, -10.1594963074, -10.0298242569, -12.7094097137],
        "stdev": [0.625982999802, 0.565460503101, 0.601758301258, 0.619061231613, 0.709077000618, 0.909593164921]
    }
},
"rhythm": {
    "beats_count": 46,
    "beats_loudness": {
        "max": 0.105495885015,
        "mean": 0.0352155938745,
        "min": 0.00553474854678,
        "stdev": 0.0251872967929
    },
    "bpm": 88.7791900635,
    "bpm_histogram_first_peak_bpm": 89,
    "bpm_histogram_first_peak_weight": 0.078947365284,
    "bpm_histogram_second_peak_bpm": 76,
    "bpm_histogram_second_peak_spread": 0.33333337307,
    "bpm_histogram_second_peak_weight": 0.0888888910413,
    "danceability": 1.05379927158,
    "onset_rate": 4.36816358566,
    "beats_loudness_band_ratio": {
        "max": [0.937605202198, 0.487111061811, 0.890290796757, 0.91493076086, 0.58182913065, 0.398142665625],
        "mean": [0.346072822809, 0.0797867700458, 0.179058536887, 0.225653499365, 0.115618489683, 0.086365416646],
        "min": [0.00726510956883, 0.00212013931014, 0.00136310374364, 0.000926452165004, 0.00147063308395, 0.000702123681549],
        "stdev": [0.280980378389, 0.111319243908, 0.225620508194, 0.249389275908, 0.140765145421, 0.103730134666]
    },
    "beats_position": [0.708208620548, 1.42802715302, 2.13623571396, 2.82122445107, 3.49460315704, 4.1679816246, 4.85297060013, 5.52634906769, 6.19972801208, 6.87310647964, 7.5464849472, 8.2198638916, 8.893242836, 9.56662082672, 10.2399997711, 10.9133787155, 11.5867567062, 12.2601356506, 12.9567346573, 13.722992897, 14.4892511368, 15.2787294388, 16.0682086945, 16.8460769653, 17.6239452362, 18.3089332581, 18.9939231873, 19.6789112091, 20.3406791687, 21.0140590668, 21.6874370575, 22.3724250793, 23.0458049774, 23.7191829681, 24.40417099, 25.0775508881, 25.7509288788, 26.4243087769, 27.0976867676, 27.7710647583, 28.4444446564, 29.1178226471, 29.7912006378, 30.4645805359, 31.1379585266, 31.8113365173],
