{
"metadata": {
    "version": {
        "essentia": "2.1-beta5",
        "essentia_git_sha": "Undefined",
        "extractor": "music 2.0"
    },
    "audio_properties": {
        "analysis": {
            "equal_loudness": 0,
            "length": 32.4963264465,
            "sample_rate": 44100,
            "start_time": 77.7520217896,
            "downmix": "mix"
        },
        "bit_rate": 192000,
        "length": 195.964813232,
        "lossless": 0,
        "number_channels": 2,
        "replay_gain": -4.96803855896,
        "sample_rate": 48000,
        "codec": "mp3",
        "md5_encoded": "23412ac84ce8f608ac4b9ae7175329aa"
    },
    "tags": {
        "file_name": "Cyprus_San Aggelos S_agapisa_Christos Mylordos.mp3",
        "encoding": ["Lavf58.29.100"]
    }
},
"lowlevel": {
    "average_loudness": 0.854990005493,
    "barkbands_crest": {
        "max": 25.3418216705,
        "mean": 10.6926383972,
        "min": 3.42468428612,
        "stdev": 4.33807945251
    },
    "barkbands_flatness_db": {
        "max": 0.295357018709,
        "mean": 0.110718742013,
        "min": 0.026949474588,
        "stdev": 0.0388465002179
    },
    "barkbands_kurtosis": {
        "max": 82.343788147,
        "mean": 3.4128074646,
        "min": -1.79606151581,
        "stdev": 6.89358901978
    },
    "barkbands_skewness": {
        "max": 8.2372303009,
        "mean": 1.34412384033,
        "min": -2.56242179871,
        "stdev": 1.17957508564
    },
    "barkbands_spread": {
        "max": 73.7998580933,
        "mean": 23.5651073456,
        "min": 1.85549616814,
        "stdev": 10.4252681732
    },
    "dissonance": {
        "max": 0.499688059092,
        "mean": 0.461906164885,
        "min": 0.323608964682,
        "stdev": 0.0274413246661
    },
    "dynamic_complexity": 3.02586150169,
    "erbbands_crest": {
        "max": 31.864736557,
        "mean": 11.8039140701,
        "min": 2.61371231079,
        "stdev": 6.52102708817
    },
    "erbbands_flatness_db": {
        "max": 0.252480268478,
        "mean": 0.143207475543,
        "min": 0.036599650979,
        "stdev": 0.0405165143311
    },
    "erbbands_kurtosis": {
        "max": 25.248041153,
        "mean": 1.82032692432,
        "min": -1.45785331726,
        "stdev": 3.07696652412
    },
    "erbbands_skewness": {
        "max": 3.7977449894,
        "mean": 0.723889052868,
        "min": -3.56354165077,
        "stdev": 0.874317705631
    },
    "erbbands_spread": {
        "max": 123.034240723,
        "mean": 33.7679405212,
        "min": 5.10878419876,
        "stdev": 17.0832672119
    },
    "hfc": {
        "max": 114.354408264,
        "mean": 27.8721580505,
        "min": 0.279022753239,
        "stdev": 21.2049465179
    },
    "loudness_ebu128": {
        "integrated": -17.8731098175,
        "loudness_range": 6.34786510468,
        "momentary": {
            "max": -13.8281736374,
            "mean": -18.7423973083,
            "min": -30.2111988068,
            "stdev": 2.92405819893
        },
        "short_term": {
            "max": -14.9252338409,
            "mean": -18.3294715881,
            "min": -22.3210010529,
            "stdev": 2.27141857147
        }
    },
    "melbands_crest": {
        "max": 31.56366539,
        "mean": 14.3824644089,
        "min": 4.17521953583,
        "stdev": 4.85526990891
    },
    "melbands_flatness_db": {
        "max": 0.350128561258,
        "mean": 0.179846987128,
        "min": 0.0392192974687,
        "stdev": 0.0414362847805
    },
    "melbands_kurtosis": {
        "max": 251.943099976,
        "mean": 10.2843761444,
        "min": -1.84439373016,
        "stdev": 17.7168731689
    },
    "melbands_skewness": {
        "max": 13.7370634079,
        "mean": 2.17342305183,
        "min": -0.808638930321,
        "stdev": 1.67869722843
    },
    "melbands_spread": {
        "max": 207.726364136,
        "mean": 27.1363639832,
        "min": 1.64870345592,
        "stdev": 21.9747486115
    },
    "pitch_salience": {
        "max": 0.795762956142,
        "mean": 0.527337491512,
        "min": 0.153464004397,
        "stdev": 0.104984894395
    },
    "silence_rate_20dB": {
        "max": 1,
        "mean": 1,
        "min": 1,
        "stdev": 0
    },
    "silence_rate_30dB": {
        "max": 1,
        "mean": 0.998572468758,
        "min": 0,
        "stdev": 0.0377558842301
    },
    "silence_rate_60dB": {
        "max": 1,
        "mean": 0.0385438986123,
        "min": 0,
        "stdev": 0.192501530051
    },
    "spectral_centroid": {
        "max": 4912.84960938,
        "mean": 1285.41333008,
        "min": 300.379211426,
        "stdev": 539.34161377
    },
    "spectral_complexity": {
        "max": 41,
        "mean": 18.9214839935,
        "min": 0,
        "stdev": 7.27090930939
    },
    "spectral_decrease": {
        "max": -7.38026098568e-11,
        "mean": -7.88164644661e-09,
        "min": -3.49021753721e-08,
        "stdev": 5.29217691891e-09
    },
    "spectral_energy": {
        "max": 0.140314459801,
        "mean": 0.0322752855718,
        "min": 0.000303855456877,
        "stdev": 0.0215105712414
    },
    "spectral_energyband_high": {
        "max": 0.0171987339854,
        "mean": 0.00108886510134,
        "min": 4.86548015033e-06,
        "stdev": 0.00133009243291
    },
    "spectral_energyband_low": {
        "max": 0.0891303569078,
        "mean": 0.00971315894276,
        "min": 4.59303691969e-06,
        "stdev": 0.011263997294
    },
    "spectral_energyband_middle_high": {
        "max": 0.0864215567708,
        "mean": 0.0118143139407,
        "min": 0.000102238976979,
        "stdev": 0.0151932016015
    },
    "spectral_energyband_middle_low": {
        "max": 0.0585430786014,
        "mean": 0.0112605532631,
        "min": 0.000109755637823,
        "stdev": 0.00799053627998
    },
    "spectral_entropy": {
        "max": 8.64993286133,
        "mean": 7.6856174469,
        "min": 6.44693660736,
        "stdev": 0.323824822903
    },
    "spectral_flux": {
        "max": 0.270214378834,
        "mean": 0.0890725255013,
        "min": 0.0101371752098,
        "stdev": 0.0416466556489
    },
    "spectral_kurtosis": {
        "max": 10.870718956,
        "mean": 3.61907935143,
        "min": -0.470398426056,
        "stdev": 1.39540600777
    },
    "spectral_rms": {
        "max": 0.0117000918835,
        "mean": 0.00526443682611,
        "min": 0.000544467009604,
        "stdev": 0.00194262363948
    },
    "spectral_rolloff": {
        "max": 8764.01367188,
        "mean": 1299.58569336,
        "min": 64.599609375,
        "stdev": 1107.69396973
    },
    "spectral_skewness": {
        "max": 2.95961093903,
        "mean": 1.58693146706,
        "min": -0.134430736303,
        "stdev": 0.324019372463
    },
    "spectral_spread": {
        "max": 11378838,
        "mean": 5511412,
        "min": 3146138.5,
        "stdev": 1161510
    },
    "spectral_strongpeak": {
        "max": 12.9422950745,
        "mean": 1.88379406929,
        "min": 0,
        "stdev": 2.39505815506
    },
    "zerocrossingrate": {
        "max": 0.2783203125,
        "mean": 0.066454000771,
        "min": 0.013671875,
        "stdev": 0.0337764881551
    },
    "barkbands": {
        "max": [0.00927143543959, 0.0822767391801, 0.0247350260615, 0.0259784311056, 0.0507288351655, 0.0136157646775, 0.0107233384624, 0.0193668268621, 0.0241066887975, 0.0531440712512, 0.0807387530804, 0.00800012052059, 0.00987332221121, 0.012042561546, 0.00595151819289, 0.0049291504547, 0.00252074422315, 0.0012728854781, 0.00153442064766, 0.00145450176205, 0.00270703714341, 0.00831875018775, 0.00542202359065, 0.00305504282005, 0.00110887445044, 0.000506288663018, 0.000493347528391],
        "mean": [0.000695683178492, 0.00668057287112, 0.00149599136785, 0.0019720569253, 0.00327071081847, 0.00118177104741, 0.000610115181189, 0.000482226343593, 0.00225580180995, 0.00350808724761, 0.00491716898978, 0.000470422994113, 0.000719631265383, 0.00116057437845, 0.000462640658952, 0.000423437944846, 0.000373866525479, 0.000212812446989, 0.000208307785215, 0.000218120127101, 0.000162267111591, 0.000181624025572, 0.000220268091653, 0.00015461401199, 0.000142666176544, 5.69573130633e-05, 3.68936962332e-05],
        "min": [7.0055805601e-09, 5.81625982932e-08, 7.11144309662e-07, 2.11087876778e-06, 1.15015918709e-05, 4.4890598474e-06, 7.18461024007e-06, 2.55126860793e-06, 4.7439930313e-06, 3.20165213452e-06, 1.77053993866e-06, 2.26285965255e-06, 3.57936346518e-06, 2.10199209505e-06, 2.44434977503e-06, 2.54337555816e-06, 3.21341235576e-06, 1.46667525769e-06, 1.49911397784e-06, 1.06858135496e-06, 1.24402174606e-06, 1.30484477268e-06, 5.08900882323e-07, 3.34014231385e-07, 1.32339920356e-07, 1.79514003662e-08, 4.16940509895e-10],
        "stdev": [0.00105960294604, 0.00918275583535, 0.00212571048178, 0.00259815063328, 0.00368854636326, 0.00135083729401, 0.000917045807, 0.00114518660121, 0.00369786866941, 0.00723847700283, 0.0126720955595, 0.000713167886715, 0.00123046373483, 0.00168881879654, 0.000712596112862, 0.000588594703004, 0.00034463708289, 0.000183805372217, 0.000219821507926, 0.000234165621805, 0.00022625955171, 0.000447782978881, 0.000397261115722, 0.000217666849494, 0.000164165292517, 7.49958926463e-05, 6.1916114646e-05]
    },
    "erbbands": {
        "max": [3.68689155579, 15.3126888275, 25.7754631042, 45.2925643921, 99.7685394287, 282.178405762, 232.222427368, 80.2743911743, 188.165908813, 193.920822144, 525.007873535, 646.485046387, 1366.09631348, 2008.84143066, 3197.3215332, 404.562316895, 510.949951172, 813.663269043, 340.132781982, 416.036590576, 167.66897583, 104.655403137, 86.0369873047, 94.580696106, 98.9257736206, 85.7031478882, 79.4634399414, 140.331039429, 256.720916748, 285.419311523, 154.910690308, 113.073730469, 28.8853321075, 12.8191490173, 10.445274353, 2.63795828819, 0.802385270596, 0.451408088207, 0.103625945747, 0.00238972017542],
        "mean": [0.272740274668, 1.18025267124, 1.63190114498, 4.5772767067, 9.36413002014, 10.6125679016, 10.6161737442, 9.27795600891, 9.02757167816, 9.12804508209, 14.5524559021, 43.2603111267, 118.280593872, 116.37046051, 168.081375122, 27.0526332855, 34.3950538635, 65.1602783203, 23.6372566223, 32.67029953, 21.8873157501, 19.3986530304, 11.5254182816, 12.2262792587, 9.55766582489, 10.9663801193, 7.67050457001, 6.28976726532, 6.28472471237, 6.55600261688, 6.13144302368, 3.8610227108, 2.38396453857, 1.76247417927, 0.938763558865, 0.297039866447, 0.0916145890951, 0.0434319637716, 0.00666461791843, 0.000185010198038],
        "min": [1.73153439391e-05, 0.000253806152614, 0.00250492733903, 0.0119184236974, 0.0267707090825, 0.0449183210731, 0.024305941537, 0.0498755536973, 0.144965663552, 0.0466899052262, 0.1951251477, 0.152892172337, 0.249697729945, 0.163008719683, 0.0949929878116, 0.169167175889, 0.21675363183, 0.167192816734, 0.110997535288, 0.180420190096, 0.201049551368, 0.191568613052, 0.0867132917047, 0.0824265182018, 0.0731038749218, 0.048569329083, 0.0511582121253, 0.0327636450529, 0.0532592311502, 0.0271134730428, 0.0140918157995, 0.00770287727937, 0.00342062325217, 0.00175974005833, 0.000514286512043, 0.000120240496472, 2.33708869928e-05, 6.41813358015e-06, 7.30986926101e-07, 4.24517907049e-07],
        "stdev": [0.374454408884, 1.73590600491, 2.21671009064, 5.22421216965, 9.85438632965, 17.3833427429, 15.035826683, 10.52983284, 13.9836807251, 14.0138092041, 33.7957229614, 70.2417144775, 207.871322632, 258.82699585, 452.943786621, 33.9624824524, 52.7855110168, 93.4840011597, 32.2590255737, 52.1833000183, 21.2513008118, 16.9908027649, 8.96467208862, 11.8468523026, 10.5057172775, 11.356338501, 8.79754257202, 11.1370000839, 14.9016046524, 15.687376976, 10.8782634735, 6.36985349655, 2.87974309921, 1.93724989891, 1.18961167336, 0.38232216239, 0.123316988349, 0.0662406533957, 0.0116225611418, 0.0002631022071]
    },
    "gfcc": {
        "mean": [31.9102344513, 68.8786087036, -107.929679871, 21.740026474, -54.0225524902, 21.7966747284, -36.0136108398, 4.79601573944, -26.5185909271, -6.03006982803, -19.9308376312, -0.644006192684, -9.38796806335],
        "cov": [[3560.63989258, -812.975952148, 517.538146973, -138.145324707, 898.124572754, 621.622436523, 646.606567383, 600.30255127, 50.1027946472, 256.123199463, 143.126480103, 182.614562988, 261.273651123], [-812.975952148, 628.906188965, -251.348144531, 24.7894115448, -137.602172852, -166.610748291, -128.770492554, -112.441062927, -12.1859235764, -73.9392547607, 22.1798534393, -40.8171234131, -34.6003303528], [517.538146973, -251.348144531, 481.129943848, 51.5271644592, 289.110534668, 106.268104553, 85.2690734863, 145.570846558, 44.5063552856, 100.83164978, 15.0104627609, 30.1777420044, 53.1275520325], [-138.145324707, 24.7894115448, 51.5271644592, 230.266311646, 48.858997345, 30.0450077057, -14.9298715591, -8.77804374695, 21.541595459, 18.8982219696, 7.28122472763, 16.0488624573, 17.3488197327], [898.124572754, -137.602172852, 289.110534668, 48.858997345, 611.68572998, 296.865234375, 264.875366211, 273.004669189, 42.6661109924, 106.324829102, 94.6392211914, 101.843582153, 135.156387329], [621.622436523, -166.610748291, 106.268104553, 30.0450077057, 296.865234375, 343.119018555, 281.905517578, 168.429367065, -5.67922687531, 39.8434066772, 43.1003799438, 55.7724761963, 79.0054702759], [646.606567383, -128.770492554, 85.2690734863, -14.9298715591, 264.875366211, 281.905517578, 326.897247314, 182.764526367, -13.3644542694, 27.2531394958, 39.9201278687, 53.5117683411, 84.3278808594], [600.30255127, -112.441062927, 145.570846558, -8.77804374695, 273.004669189, 168.429367065, 182.764526367, 219.517990112, 43.3071784973, 72.3067855835, 44.4538993835, 37.3903198242, 68.7387771606], [50.1027946472, -12.1859235764, 44.5063552856, 21.541595459, 42.6661109924, -5.67922687531, -13.3644542694, 43.3071784973, 78.2075805664, 46.4847259521, 7.63048410416, 0.0196944642812, 2.82375884056], [256.123199463, -73.9392547607, 100.83164978, 18.8982219696, 106.324829102, 39.8434066772, 27.2531394958, 72.3067855835, 46.4847259521, 104.904563904, 31.3302879333, -3.33998680115, 19.1041812897], [143.126480103, 22.1798534393, 15.0104627609, 7.28122472763, 94.6392211914, 43.1003799438, 39.9201278687, 44.4538993835, 7.63048410416, 31.3302879333, 63.9590682983, 41.6301612854, 29.4101009369], [182.614562988, -40.8171234131, 30.1777420044, 16.0488624573, 101.843582153, 55.7724761963, 53.5117683411, 37.3903198242, 0.0196944642812, -3.33998680115, 41.6301612854, 101.342178345, 57.5277137756], [261.273651123, -34.6003303528, 53.1275520325, 17.3488197327, 135.156387329, 79.0054702759, 84.3278808594, 68.7387771606, 2.82375884056, 19.1041812897, 29.4101009369, 57.5277137756, 91.1621704102]],
        "icov": [[0.000858650833834, 0.000744421267882, 0.000179231414222, 0.00047166182776, -0.000436111207819, 0.00015764622367, -0.000463085249066, -0.000888203270733, 0.000507355958689, -0.000799264584202, -0.000198867099243, -0.000132576329634, -0.00046494131675], [0.000744421267882, 0.00380561011843, 0.00138516200241, -0.000430614862125, -0.00138820079155, 0.00211444147862, -0.00086972839199, -4.91560458613e-05, -0.000829927099403, 0.00268015591428, -0.00484605599195, 0.00350414332934, -0.00153100665193], [0.000179231414222, 0.00138516200241, 0.00429533142596, -0.000686399813276, -0.00226722657681, 0.00131500128191, 0.000169835489942, -0.000923006678931, 0.000755287881475, -0.00211888318881, 0.00217678840272, -0.000251220277278, 0.000276957987808], [0.00047166182776, -0.000430614862125, -0.000686399813276, 0.00570646999404, -0.000350184098352, -0.00227849837393, 0.00121445138939, 0.00144034239929, -0.00131261930801, -0.00144084019121, 0.00101574987639, -0.00105070811696, -0.00123886822257], [-0.000436111207819, -0.00138820079155, -0.00226722657681, -0.000350184098352, 0.00674146274105, -0.00335344788618, 0.00140656880103, -0.0037450643722, 0.000231909085414, -0.000194525928237, -0.00212097610347, -0.00142480188515, -0.00183791236486], [0.00015764622367, 0.00211444147862, 0.00131500128191, -0.00227849837393, -0.00335344788618, 0.0136518087238, -0.0100055178627, 0.00129710207693, 0.000455538625829, 0.0002533972729, -0.00149057328235, 0.00119833974168, 0.00109328434337], [-0.000463085249066, -0.00086972839199, 0.000169835489942, 0.00121445138939, 0.00140656880103, -0.0100055178627, 0.0156415179372, -0.0070090922527, 0.00370281841606, 0.00184190960135, 0.000894086668268, -0.00015932226961, -0.00261953659356], [-0.000888203270733, -4.91560458613e-05, -0.000923006678931, 0.00144034239929, -0.0037450643722, 0.00129710207693, -0.0070090922527, 0.0195495802909, -0.00849497225136, -0.00068229943281, -0.0023418944329, 0.00317324697971, -0.00187907682266], [0.000507355958689, -0.000829927099403, 0.000755287881475, -0.00131261930801, 0.000231909085414, 0.000455538625829, 0.00370281841606, -0.00849497225136, 0.0231952592731, -0.0108655504882, 0.00675435876474, -0.00547759188339, 0.00311825680546], [-0.000799264584202, 0.00268015591428, -0.00211888318881, -0.00144084019121, -0.000194525928237, 0.0002533972729, 0.00184190960135, -0.00068229943281, -0.0108655504882, 0.0270789917558, -0.0176914706826, 0.0133504951373, -0.00435903435573], [-0.000198867099243, -0.00484605599195, 0.00217678840272, 0.00101574987639, -0.00212097610347, -0.00149057328235, 0.000894086668268, -0.0023418944329, 0.00675435876474, -0.0176914706826, 0.0402676127851, -0.0191606357694, 0.00524257961661], [-0.000132576329634, 0.00350414332934, -0.000251220277278, -0.00105070811696, -0.00142480188515, 0.00119833974168, -0.00015932226961, 0.00317324697971, -0.00547759188339, 0.0133504951373, -0.0191606357694, 0.0268586464226, -0.0125108789653], [-0.00046494131675, -0.00153100665193, 0.000276957987808, -0.00123886822257, -0.00183791236486, 0.00109328434337, -0.00261953659356, -0.00187907682266, 0.00311825680546, -0.00435903435573, 0.00524257961661, -0.0125108789653, 0.0244332272559]]
    },
    "melbands": {
        "max": [0.0272482577711, 0.0125838499516, 0.0100871631876, 0.0114382058382, 0.00669689942151, 0.00180745346006, 0.00244462606497, 0.0021956700366, 0.00392627948895, 0.0040034246631, 0.00711625814438, 0.00861685909331, 0.0128210987896, 0.00298968655989, 0.000863400229719, 0.00117767893244, 0.00138218339998, 0.000546902476344, 0.000411593646277, 0.000459540635347, 0.000218189350562, 0.00013508311531, 0.000142377524753, 8.07518299553e-05, 9.70533947111e-05, 7.63675780036e-05, 5.63874091313e-05, 6.56825359329e-05, 5.21356669196e-05, 6.59205761622e-05, 8.43599555083e-05, 0.000154527195264, 0.000161380216014, 0.00014115968952, 9.80373588391e-05, 8.2845959696e-05, 6.57212658552e-05, 2.53962170973e-05, 1.23408817672e-05, 1.1034835552e-05],
        "mean": [0.00214085797779, 0.00108415691648, 0.000945764302742, 0.000708938692696, 0.000406455568736, 0.000214198313188, 0.000134127825731, 9.33724950301e-05, 0.000129880689201, 0.000314404896926, 0.000589531846344, 0.000428369559813, 0.000722958473489, 7.80858827056e-05, 5.10815261805e-05, 9.49271416175e-05, 0.000121068740555, 3.73309849238e-05, 3.52007518813e-05, 3.66466083506e-05, 2.54256829066e-05, 2.22134676733e-05, 1.20396662169e-05, 1.05610661194e-05, 9.77516265266e-06, 7.91438287706e-06, 5.57549174118e-06, 7.79266792961e-06, 5.2792556744e-06, 3.67292318515e-06, 3.48165804098e-06, 3.3725434605e-06, 3.85046178053e-06, 3.542637387e-06, 3.43289366356e-06, 3.30474540533e-06, 2.04283219318e-06, 1.66377458299e-06, 1.5000437088e-06, 1.50402740928e-06],
        "min": [2.07101535921e-08, 6.18414105702e-07, 2.45045907832e-06, 2.64015329776e-06, 1.14370436677e-06, 9.7855797776e-07, 2.04349157684e-06, 4.06655630059e-07, 1.60362094448e-06, 1.03960996967e-06, 8.45108047542e-07, 4.27107096357e-07, 2.78269368437e-07, 3.61274430816e-07, 4.09681092606e-07, 3.14292094572e-07, 2.35038413621e-07, 1.46280314084e-07, 2.05235352269e-07, 2.69852307611e-07, 2.01325264015e-07, 1.75373671141e-07, 6.60482157855e-08, 6.68428725703e-08, 4.73116728017e-08, 4.52792292549e-08, 4.78419970307e-08, 2.12440678382e-08, 2.60882391245e-08, 2.15619504473e-08, 1.16620588742e-08, 2.12689563739e-08, 2.25429399592e-08, 1.32707240752e-08, 6.43244080223e-09, 5.75773695388e-09, 3.4091194312e-09, 1.85965276511e-09, 2.16137041598e-09, 1.13470044472e-09],
        "stdev": [0.00290005095303, 0.00138585420791, 0.000995381968096, 0.000801530375611, 0.000569794734474, 0.000240764231421, 0.000201252711122, 0.00014946659212, 0.000301193882478, 0.000516352185514, 0.0010719881393, 0.001039776369, 0.0019482470816, 0.000147037688293, 7.69803446019e-05, 0.000150758336531, 0.000178871545359, 6.20560458628e-05, 5.15973406436e-05, 5.95496749156e-05, 2.65320595645e-05, 2.0368177502e-05, 1.19811502373e-05, 9.68896983977e-06, 1.06607603811e-05, 9.89005184238e-06, 5.91483785684e-06, 8.89048260433e-06, 6.92623916621e-06, 5.46491719433e-06, 6.85134364176e-06, 8.67277958605e-06, 9.15443615668e-06, 8.42453027872e-06, 6.36697632217e-06, 5.55301585337e-06, 3.61197544407e-06, 2.23987831305e-06, 1.63916649853e-06, 1.74150170551e-06]
    },
    "melbands128": {
        "max": [0.00819816347212, 0.0327390506864, 0.0372340939939, 0.0231822263449, 0.0139083173126, 0.0130014298484, 0.00821777433157, 0.0152906980366, 0.0110912583768, 0.0122353807092, 0.0209462866187, 0.0126591054723, 0.0115693965927, 0.00430731661618, 0.00275603635237, 0.00306978449225, 0.00492705730721, 0.0039198724553, 0.00283742649481, 0.00347764231265, 0.00378158804961, 0.00604450702667, 0.0065472475253, 0.00680046947673, 0.00627856468782, 0.00635970663279, 0.00860034395009, 0.0136572122574, 0.0153899518773, 0.0166050568223, 0.0156325660646, 0.0199508983642, 0.0260488130152, 0.0176344402134, 0.00212453771383, 0.00152153510135, 0.00216879788786, 0.000694863498211, 0.00226357183419, 0.00221616611816, 0.00206311000511, 0.00469431607053, 0.00250199367292, 0.00178523908835, 0.00128417031374, 0.00111307029147, 0.00119311211165, 0.000977210467681, 0.000905539956875, 0.00126550754067, 0.000656247604638, 0.000721501710359, 0.00030108820647, 0.000452752836281, 0.00038969446905, 0.000207772405702, 0.000215264066355, 0.000366487161955, 9.5027819043e-05, 5.90264244238e-05, 0.000162229480338, 0.000134506364702, 0.000164619195857, 0.00020642542222, 0.000139791984111, 0.000128355066408, 0.000214692670852, 6.23296655249e-05, 5.78190374654e-05, 0.000185957906069, 9.3641836429e-05, 0.000131916604005, 9.94409128907e-05, 0.000100888311863, 0.000127008534037, 0.00010783666221, 8.54492027429e-05, 0.000118110401672, 9.56332951318e-05, 7.3383540439e-05, 0.000184562275535, 0.000172563610249, 0.000113700647489, 0.000132026034407, 0.000268924981356, 0.00019700951816, 9.45228166529e-05, 0.000107872583612, 0.000135819107527, 9.49437890085e-05, 0.000115803683002, 7.45517609175e-05, 7.83919385867e-05, 8.12188081909e-05, 6.00332932663e-05, 3.95999595639e-05, 3.0636707379e-05, 1.64039956871e-05, 1.69500581251e-05, 1.55628204084e-05, 1.87679015653e-05, 1.06514044091e-05, 2.91212545562e-05, 2.37203621509e-05, 2.27015880228e-05, 1.3425112229e-05, 1.46927313835e-05, 7.340747743e-06, 5.34669243279e-06, 6.14195414528e-06, 3.14189446726e-06, 3.07709660774e-06, 2.9771078971e-06, 2.89786498797e-06, 3.26277222484e-06, 4.30296631748e-06, 4.74045828014e-06, 4.39912628281e-06, 7.31504633222e-06, 7.020772955e-06, 2.19691560233e-06, 1.93994810616e-06, 1.00587158158e-06, 6.42449506927e-08, 2.5480961785e-10, 2.50636539301e-10, 2.47027787115e-10, 2.44604170252e-10],
        "mean": [0.000638535479084, 0.00238059600815, 0.00282493862323, 0.00163390277885, 0.000795928004663, 0.000791470694821, 0.000886352441739, 0.00103687809315, 0.00101386918686, 0.000631953822449, 0.000587143120356, 0.00052476482233, 0.000368635752238, 0.000249099190114, 0.000194227541215, 0.000215534775634, 0.00018616952002, 9.78453535936e-05, 9.34644776862e-05, 0.000123308665934, 6.7111417593e-05, 8.23011869215e-05, 0.000148225823068, 0.000150477717398, 0.000230206831475, 0.000309205934172, 0.000670936191455, 0.000717925198842, 0.000450768158771, 0.000343163119396, 0.000378206867026, 0.000619019381702, 0.00128824915737, 0.000257482577581, 5.28685159225e-05, 6.85082777636e-05, 5.64343717997e-05, 2.91649539577e-05, 6.52806265862e-05, 7.85813754192e-05, 6.82836325723e-05, 0.000171894294908, 0.000153001150466, 8.59127758304e-05, 4.72650535812e-05, 2.63812034973e-05, 2.8503325666e-05, 1.93052910618e-05, 3.87250111089e-05, 7.81728158472e-05, 2.14257106563e-05, 1.77061028808e-05, 2.36232590396e-05, 3.06197034661e-05, 2.79355954262e-05, 2.18359255086e-05, 1.56556161528e-05, 1.64536959346e-05, 9.07683624973e-06, 7.50055369281e-06, 1.01521882243e-05, 1.383367362e-05, 1.0705756722e-05, 8.9742916316e-06, 7.04060266798e-06, 9.29679936235e-06, 7.55915789341e-06, 4.7546350288e-06, 4.35291258327e-06, 7.7229578892e-06, 8.50339620229e-06, 7.8409566413e-06, 6.17604473518e-06, 5.17212629347e-06, 3.58035731551e-06, 3.4961383335e-06, 3.4515965126e-06, 4.59255124952e-06, 2.93870789392e-06, 3.214745675e-06, 3.3879421153e-06, 3.2455498058e-06, 3.8442353798e-06, 4.1954012886e-06, 3.3871008327e-06, 4.05479067922e-06, 3.32442550643e-06, 3.0808878364e-06, 3.28540431838e-06, 3.56752912012e-06, 4.64791582999e-06, 2.58006775766e-06, 2.33806827055e-06, 2.11576002584e-06, 1.80709980668e-06, 1.86060549368e-06, 1.40399185966e-06, 1.74999263436e-06, 1.56784096816e-06, 1.21336711345e-06, 1.72328145709e-06, 1.31254273583e-06, 1.7314971501e-06, 1.21149025745e-06, 1.11800682134e-06, 8.16012232008e-07, 7.70326494148e-07, 5.79763025144e-07, 4.76234475855e-07, 4.19519437855e-07, 2.85401256406e-07, 2.67130445764e-07, 2.70314814088e-07, 2.67587893177e-07, 2.92982576866e-07, 3.28642926206e-07, 3.62347520877e-07, 3.93278014599e-07, 3.9817035713e-07, 2.53538246398e-07, 1.2337734745e-07, 8.39940028641e-08, 4.29686686232e-08, 1.35821920377e-09, 4.53664406388e-12, 4.31603103951e-12, 4.19039542648e-12, 4.14760760459e-12],
        "min": [5.87125681406e-10, 2.03516936637e-09, 1.63039235446e-08, 2.3580629005e-08, 8.83899673454e-08, 3.29243107444e-07, 1.32477407533e-06, 7.5437446867e-07, 2.61256263911e-06, 2.07072071134e-06, 9.95110667645e-07, 1.426818244e-06, 3.79295073571e-07, 1.04333061302e-07, 3.75680230036e-07, 6.52858830108e-07, 7.4780786008e-07, 3.90885304569e-07, 2.81319898932e-07, 2.11633803815e-07, 1.57914044507e-07, 2.43824018753e-07, 4.61586921574e-07, 3.29869067173e-07, 1.7888166326e-07, 1.18837746754e-07, 2.81242591882e-07, 1.82475247357e-07, 2.20116675109e-07, 9.7601962068e-08, 6.82405953967e-08, 9.45167926147e-08, 1.13542668601e-07, 1.10150544685e-07, 4.79308788215e-08, 8.82631496779e-08, 1.49501587998e-07, 7.06904259573e-08, 1.44221615983e-07, 1.91263595184e-07, 1.79383548016e-07, 1.58556062502e-07, 1.08555354927e-07, 8.28387243246e-08, 6.3631823366e-08, 9.76424416876e-08, 9.51095415758e-08, 6.54598864003e-08, 1.15030630354e-07, 1.69375468317e-07, 9.01709285017e-08, 7.40819103839e-08, 6.98313513681e-08, 7.976292693e-08, 8.42190175376e-08, 7.55984004286e-08, 3.90583352328e-08, 3.26000133555e-08, 4.88070668325e-08, 2.8585160905e-08, 3.80386175891e-08, 1.35400020085e-08, 2.90248163282e-08, 3.25679501145e-08, 2.25108252039e-08, 2.88882890942e-08, 2.56195988868e-08, 2.18155928877e-08, 1.60093165391e-08, 2.51080667368e-08, 1.44578748973e-08, 1.4844770746e-08, 1.66838134419e-08, 1.1669664346e-08, 3.71556758694e-08, 2.31704664344e-08, 6.72990685402e-09, 6.36560493206e-09, 6.18413276143e-09, 5.33098765132e-09, 7.87109666334e-09, 1.35721593963e-08, 1.16857155064e-08, 1.65835896127e-08, 1.10730233871e-08, 1.38518796433e-08, 8.70359784244e-09, 5.89726756317e-09, 2.05096162276e-09, 4.08356415349e-09, 4.97850116687e-09, 6.54286003154e-09, 5.75105119083e-09, 3.43534045655e-09, 1.28988963954e-09, 2.35471997456e-09, 1.31631672229e-09, 8.3582568644e-10, 2.0517603172e-09, 1.93379157132e-09, 8.34886770829e-10, 1.18505227853e-09, 1.05771802428e-09, 5.7701099454e-10, 6.11965700337e-10, 3.32961269667e-10, 1.4747218724e-10, 2.44114284342e-10, 1.84489840072e-10, 8.39660008189e-11, 9.78872469193e-11, 7.27975041359e-11, 4.39627882709e-11, 5.34293442822e-11, 5.15814300994e-11, 4.17035087019e-11, 1.80744117589e-11, 6.98711975864e-13, 2.37738783737e-13, 1.83304245263e-13, 1.2679625145e-13, 1.91808876182e-13, 1.95001417899e-13, 1.65193081653e-13, 9.9059053061e-14, 4.2305765282e-14, 7.13318039212e-15, 3.49282770828e-16],
        "stdev": [0.000976431008894, 0.00336814136244, 0.00407016603276, 0.00255176587962, 0.00123413198162, 0.00110565207433, 0.00110970018432, 0.00146877090447, 0.00115647818893, 0.000917033816222, 0.00125130265951, 0.00097853760235, 0.000659374170937, 0.000401532946853, 0.000285866961349, 0.000325105065713, 0.000353215553332, 0.000242577953031, 0.000192530496861, 0.000228621836868, 0.00016572070308, 0.00027797286748, 0.000457226124126, 0.000412886525737, 0.000592877273448, 0.000775137741584, 0.00141990813427, 0.00170881522354, 0.00147103192285, 0.00134989130311, 0.00162735802587, 0.00186167971697, 0.00382918538526, 0.00101501343306, 0.000114304908493, 0.000132680259412, 0.000137625305797, 7.02935867594e-05, 0.000155843124958, 0.000207833305467, 0.000203213872737, 0.000383045349736, 0.000277505925624, 0.000213792809518, 0.000127482693642, 6.754554488e-05, 8.32786608953e-05, 5.81938620599e-05, 8.10311394162e-05, 0.000167862875969, 5.28206765011e-05, 4.04505371989e-05, 3.39251237165e-05, 3.97863987018e-05, 3.60420854122e-05, 2.71440821962e-05, 2.09286208701e-05, 2.64616392087e-05, 9.62397189141e-06, 8.34300590213e-06, 1.28333049361e-05, 1.80093429663e-05, 1.6317681002e-05, 1.56353416969e-05, 1.04521031972e-05, 1.59793980856e-05, 1.57768681674e-05, 6.75683349982e-06, 6.12308167547e-06, 1.35211002998e-05, 1.15363618534e-05, 1.58777711476e-05, 1.20726108435e-05, 8.99066617421e-06, 6.63559376335e-06, 6.63690479996e-06, 6.42843224341e-06, 1.00698771348e-05, 7.20014668332e-06, 7.08771176505e-06, 1.04512537291e-05, 9.63264210441e-06, 8.36619165057e-06, 1.01013711173e-05, 1.18646130431e-05, 1.08049098344e-05, 7.25153086023e-06, 6.89011494615e-06, 7.09592995918e-06, 7.00757709637e-06, 8.92329353519e-06, 4.81271536046e-06, 4.19617026637e-06, 4.07421885029e-06, 3.57594240086e-06, 3.08919948111e-06, 1.98536918106e-06, 2.10641815102e-06, 1.96502082872e-06, 1.47153139096e-06, 2.22258404392e-06, 1.52026950673e-06, 2.51548817687e-06, 1.87975865629e-06, 1.65584867773e-06, 1.18191439924e-06, 1.13255475753e-06, 7.98312214556e-07, 6.75790943205e-07, 6.6863600523e-07, 3.99203571533e-07, 3.98729071094e-07, 3.84369656103e-07, 3.85575219752e-07, 4.17333581026e-07, 5.02909074385e-07, 5.95097731093e-07, 6.47088654659e-07, 7.17360421731e-07, 5.43593614566e-07, 2.37890802168e-07, 1.78847230359e-07, 9.94025413092e-08, 4.75638151087e-09, 9.48132371226e-12, 9.3234534676e-12, 9.20250854686e-12, 9.12554927457e-12]
    },
    "mfcc": {
        "mean": [-617.430786133, 106.673522949, 5.2031712532, 9.71390247345, 7.07852983475, 9.03731441498, 1.7257822752, 8.20150375366, -0.789320766926, 1.31118857861, -6.3496670723, -6.89258241653, -6.30068874359],
        "cov": [[2801.65991211, -369.17300415, -88.6508255005, -110.180030823, 315.401672363, 152.14213562, 625.139709473, 301.110412598, 389.147644043, 283.011230469, 93.1345672607, 100.844955444, 93.7198562622], [-369.17300415, 455.429321289, -122.261474609, 5.33221769333, 2.88620972633, -80.5653381348, -39.9387397766, -23.7557506561, -69.5956497192, -33.7539520264, 10.5879487991, -6.60694885254, -12.0554962158], [-88.6508255005, -122.261474609, 233.274032593, 47.8942565918, 15.526512146, 12.7151632309, -34.125087738, -45.8735847473, 19.6570358276, -7.01019048691, 13.7047080994, 9.43796634674, -7.69703531265], [-110.180030823, 5.33221769333, 47.8942565918, 171.578598022, 88.8612442017, 7.19922351837, -29.9158000946, -23.7483234406, 11.0338993073, -15.8317623138, -11.4484329224, 19.4096298218, 37.9440155029], [315.401672363, 2.88620972633, 15.526512146, 88.8612442017, 320.372497559, 62.5235595703, 162.422195435, 63.5774841309, 128.911056519, 69.6480102539, 25.034444809, 66.8913192749, 73.9304656982], [152.14213562, -80.5653381348, 12.7151632309, 7.19922351837, 62.5235595703, 151.801635742, 144.254379272, 83.8697891235, 65.7202529907, 37.4741706848, -9.23900127411, 6.73887205124, 26.252368927], [625.139709473, -39.9387397766, -34.125087738, -29.9158000946, 162.422195435, 144.254379272, 405.429412842, 192.447525024, 180.776367188, 116.922904968, 20.7556800842, 38.5645294189, 47.2923698425], [301.110412598, -23.7557506561, -45.8735847473, -23.7483234406, 63.5774841309, 83.8697891235, 192.447525024, 188.979934692, 98.7301025391, 41.8009529114, -8.20991134644, 2.24186897278, 41.3089981079], [389.147644043, -69.5956497192, 19.6570358276, 11.0338993073, 128.911056519, 65.7202529907, 180.776367188, 98.7301025391, 172.579162598, 88.9814376831, 24.4240951538, 31.8981018066, 34.4894752502], [283.011230469, -33.7539520264, -7.01019048691, -15.8317623138, 69.6480102539, 37.4741706848, 116.922904968, 41.8009529114, 88.9814376831, 125.75402832, 47.7668533325, 19.1571865082, -0.391105771065], [93.1345672607, 10.5879487991, 13.7047080994, -11.4484329224, 25.034444809, -9.23900127411, 20.7556800842, -8.20991134644, 24.4240951538, 47.7668533325, 93.8405838013, 37.4509887695, -22.248380661], [100.844955444, -6.60694885254, 9.43796634674, 19.4096298218, 66.8913192749, 6.73887205124, 38.5645294189, 2.24186897278, 31.8981018066, 19.1571865082, 37.4509887695, 73.165687561, 22.630279541], [93.7198562622, -12.0554962158, -7.69703531265, 37.9440155029, 73.9304656982, 26.252368927, 47.2923698425, 41.3089981079, 34.4894752502, -0.391105771065, -22.248380661, 22.630279541, 100.996284485]],
        "icov": [[0.000787975324783, 0.000749024620745, 0.000506726501044, 0.000304244138533, -0.00025090915733, 0.000836537685245, -0.000954058545176, 2.29662873608e-05, -0.000454360910226, -0.000290192198008, -0.000334016018314, 7.78490539233e-06, -0.000235193088884], [0.000749024620745, 0.00391415553167, 0.00206408509985, -0.000340485043125, -0.00101416150574, 0.00251648738049, -0.00177535426337, 1.4787062355e-05, 0.00105335109401, 0.000596629804932, -0.00155244639609, 0.000935933669098, 6.18123813183e-05], [0.000506726501044, 0.00206408509985, 0.00657038530335, -0.00125505856704, -0.00018305638514, -0.00023350934498, -0.000511544698384, 0.00221761525609, -0.00242468668148, 0.00191172922496, -0.00208492367528, 0.000844598398544, 0.000462494092062], [0.000304244138533, -0.000340485043125, -0.00125505856704, 0.00893363635987, -0.00276951841079, -0.00094408536097, 0.0014907384757, 0.000926990876906, -0.000980996526778, 0.000776019121986, 0.00105787382927, -0.000589995877817, -0.00187619531062], [-0.00025090915733, -0.00101416150574, -0.00018305638514, -0.00276951841079, 0.00692915730178, -0.000742503092624, -0.000904632383026, 0.00093472795561, -0.00278757675551, -0.000831068202388, 0.000201709219255, -0.00283555896021, -0.00207109586336], [0.000836537685245, 0.00251648738049, -0.00023350934498, -0.00094408536097, -0.000742503092624, 0.0129714692011, -0.00482680276036, -0.00225281482562, 0.00154724891763, -0.00113505672198, 0.00102105922997, 0.000624219421297, -0.000233280152315], [-0.000954058545176, -0.00177535426337, -0.000511544698384, 0.0014907384757, -0.000904632383026, -0.00482680276036, 0.00997328478843, -0.0045180846937, -0.00274858693592, -0.00231753103435, 0.00164133566432, -0.00236266921274, 0.000989714753814], [2.29662873608e-05, 1.4787062355e-05, 0.00221761525609, 0.000926990876906, 0.00093472795561, -0.00225281482562, -0.0045180846937, 0.0135656958446, -0.00480483612046, 0.00330674927682, -0.00108421209734, 0.00349902641028, -0.00309964548796], [-0.000454360910226, 0.00105335109401, -0.00242468668148, -0.000980996526778, -0.00278757675551, 0.00154724891763, -0.00274858693592, -0.00480483612046, 0.0184032581747, -0.00685099232942, 0.000801686954219, -0.0012731088791, -0.000227451368119], [-0.000290192198008, 0.000596629804932, 0.00191172922496, 0.000776019121986, -0.000831068202388, -0.00113505672198, -0.00231753103435, 0.00330674927682, -0.00685099232942, 0.0180792547762, -0.00800731312484, 0.00417005456984, 0.000541998131666], [-0.000334016018314, -0.00155244639609, -0.00208492367528, 0.00105787382927, 0.000201709219255, 0.00102105922997, 0.00164133566432, -0.00108421209734, 0.000801686954219, -0.00800731312484, 0.0210556872189, -0.0116160651669, 0.00576651282609], [7.78490539233e-06, 0.000935933669098, 0.000844598398544, -0.000589995877817, -0.00283555896021, 0.000624219421297, -0.00236266921274, 0.00349902641028, -0.0012731088791, 0.00417005456984, -0.0116160651669, 0.0246169697493, -0.00564480759203], [-0.000235193088884, 6.18123813183e-05, 0.000462494092062, -0.00187619531062, -0.00207109586336, -0.000233280152315, 0.000989714753814, -0.00309964548796, -0.000227451368119, 0.000541998131666, 0.00576651282609, -0.00564480759203, 0.015863077715]]
    },
    "spectral_contrast_coeffs": {
        "max": [-0.378195017576, -0.544328808784, -0.416174203157, -0.576019763947, -0.668661057949, -0.654492974281],
        "mean": [-0.707758545876, -0.77043145895, -0.701590001583, -0.765386760235, -0.782619357109, -0.785434365273],
        "min": [-0.888621926308, -0.912493288517, -0.902655184269, -0.889515757561, -0.882373690605, -0.855164647102],
        "stdev": [0.101267278194, 0.0625086128712, 0.0982483103871, 0.0478297285736, 0.0346327982843, 0.0350011885166]
    },
    "spectral_contrast_valleys": {
        "max": [-5.01336622238, -5.05581521988, -6.01770591736, -6.38128614426, -6.02224349976, -8.0441160202],
        "mean": [-6.54185628891, -6.76126718521, -7.27649593353, -7.46666669846, -7.51423597336, -9.64361190796],
        "min": [-9.22477149963, -8.51836967468, -9.14539146423, -9.43329906464, -9.29752731323, -12.5164384842],
        "stdev": [0.841386914253, 0.485811859369, 0.550953388214, 0.544867932796, 0.569089591503, 0.751832783222]
    }
},
"rhythm": {
    "beats_count": 86,
    "beats_loudness": {
        "max": 0.094947449863,
        "mean": 0.0357406884432,
        "min": 0.00142518698703,
        "stdev": 0.0205837152898
    },
    "bpm": 162.58757019,
    "bpm_histogram_first_peak_bpm": 161,
    "bpm_histogram_first_peak_weight": 0.196969687939,
    "bpm_histogram_second_peak_bpm": 167,
    "bpm_histogram_second_peak_spread": 0,
    "bpm_histogram_second_peak_weight": 0.164705887437,
    "danceability": 0.862525105476,
    "onset_rate": 2.67626929283,
    "beats_loudness_band_ratio": {
        "max": [0.923708021641, 0.91341894865, 0.673399269581, 0.69059419632, 0.181445986032, 0.85495108366],
        "mean": [0.404210239649, 0.187065348029, 0.179516077042, 0.186446726322, 0.0493241511285, 0.0602667070925],
        "min": [0.0137472050264, 0.00348577345721, 0.00625784089789, 0.00360419787467, 0.00280214496888, 0.00479708472267],
        "stdev": [0.223028019071, 0.19059984386, 0.177747279406, 0.166017577052, 0.0324892178178, 0.107295721769]
    },
