{
"metadata": {
    "version": {
        "essentia": "2.1-beta5",
        "essentia_git_sha": "Undefined",
        "extractor": "music 2.0"
    },
    "audio_properties": {
        "analysis": {
            "equal_loudness": 0,
            "length": 32.4963264465,
            "sample_rate": 44100,
            "start_time": 12.7477550507,
            "downmix": "mix"
        },
        "bit_rate": 192000,
        "length": 194.559997559,
        "lossless": 0,
        "number_channels": 2,
        "replay_gain": -5.67103004456,
        "sample_rate": 48000,
        "codec": "mp3",
        "md5_encoded": "e881ad4c376ed79829caa45347b5673f"
    },
    "tags": {
        "file_name": "Belarus_I Love Belarus_Anastasiya Vinnikova.mp3",
        "encoding": ["Lavf58.29.100"]
    }
},
"lowlevel": {
    "average_loudness": 0.940752923489,
    "barkbands_crest": {
        "max": 25.7882480621,
        "mean": 11.4775428772,
        "min": 2.65634846687,
        "stdev": 5.20131397247
    },
    "barkbands_flatness_db": {
        "max": 0.313118904829,
        "mean": 0.118481248617,
        "min": 0.0210415497422,
        "stdev": 0.0524505414069
    },
    "barkbands_kurtosis": {
        "max": 125.464202881,
        "mean": 8.07614803314,
        "min": -1.94976913929,
        "stdev": 13.6527175903
    },
    "barkbands_skewness": {
        "max": 9.46034431458,
        "mean": 2.18525052071,
        "min": -1.24580717087,
        "stdev": 1.57467198372
    },
    "barkbands_spread": {
        "max": 120.314308167,
        "mean": 29.7481517792,
        "min": 1.3948392868,
        "stdev": 21.402097702
    },
    "dissonance": {
        "max": 0.499999970198,
        "mean": 0.4647372365,
        "min": 0.310617029667,
        "stdev": 0.0252369642258
    },
    "dynamic_complexity": 2.40723609924,
    "erbbands_crest": {
        "max": 28.3712615967,
        "mean": 10.5339889526,
        "min": 2.22220492363,
        "stdev": 6.01011610031
    },
    "erbbands_flatness_db": {
        "max": 0.240449234843,
        "mean": 0.117650218308,
        "min": 0.0425747036934,
        "stdev": 0.0355362519622
    },
    "erbbands_kurtosis": {
        "max": 39.5250816345,
        "mean": 0.676317811012,
        "min": -1.86862981319,
        "stdev": 3.52525424957
    },
    "erbbands_skewness": {
        "max": 5.155585289,
        "mean": 0.465340584517,
        "min": -5.79771900177,
        "stdev": 1.19202208519
    },
    "erbbands_spread": {
        "max": 141.463882446,
        "mean": 61.5937042236,
        "min": 8.72277069092,
        "stdev": 26.9487838745
    },
    "hfc": {
        "max": 262.658081055,
        "mean": 26.9745903015,
        "min": 0.18218550086,
        "stdev": 28.4509773254
    },
    "loudness_ebu128": {
        "integrated": -17.2108821869,
        "loudness_range": 1.92267799377,
        "momentary": {
            "max": -14.3676242828,
            "mean": -17.4386177063,
            "min": -21.461057663,
            "stdev": 1.4246327877
        },
        "short_term": {
            "max": -15.6416454315,
            "mean": -17.2663974762,
            "min": -18.5257472992,
            "stdev": 0.590763151646
        }
    },
    "melbands_crest": {
        "max": 33.1727218628,
        "mean": 15.3194313049,
        "min": 4.00756978989,
        "stdev": 5.61001300812
    },
    "melbands_flatness_db": {
        "max": 0.395183980465,
        "mean": 0.194351911545,
        "min": 0.0593366064131,
        "stdev": 0.0623419471085
    },
    "melbands_kurtosis": {
        "max": 336.732421875,
        "mean": 34.9301300049,
        "min": -1.25317800045,
        "stdev": 44.1185417175
    },
    "melbands_skewness": {
        "max": 14.6194219589,
        "mean": 4.16054105759,
        "min": -0.242681086063,
        "stdev": 2.47857809067
    },
    "melbands_spread": {
        "max": 208.71257019,
        "mean": 23.8772144318,
        "min": 1.09076869488,
        "stdev": 24.7646198273
    },
    "pitch_salience": {
        "max": 0.825305938721,
        "mean": 0.532805562019,
        "min": 0.1409599334,
        "stdev": 0.119593903422
    },
    "silence_rate_20dB": {
        "max": 1,
        "mean": 1,
        "min": 1,
        "stdev": 0
    },
    "silence_rate_30dB": {
        "max": 1,
        "mean": 0.998572468758,
        "min": 0,
        "stdev": 0.0377559363842
    },
    "silence_rate_60dB": {
        "max": 1,
        "mean": 0.00142755173147,
        "min": 0,
        "stdev": 0.0377559438348
    },
    "spectral_centroid": {
        "max": 5218.36962891,
        "mean": 1357.41027832,
        "min": 244.492431641,
        "stdev": 801.238464355
    },
    "spectral_complexity": {
        "max": 47,
        "mean": 15.4332618713,
        "min": 0,
        "stdev": 8.83102703094
    },
    "spectral_decrease": {
        "max": -2.29512121114e-11,
        "mean": -7.75025643662e-09,
        "min": -4.34424975992e-08,
        "stdev": 5.80449510679e-09
    },
    "spectral_energy": {
        "max": 0.166907191277,
        "mean": 0.0316979326308,
        "min": 0.000103147984191,
        "stdev": 0.0224538724869
    },
    "spectral_energyband_high": {
        "max": 0.0326388888061,
        "mean": 0.00202223309316,
        "min": 1.59050523507e-05,
        "stdev": 0.00331526761875
    },
    "spectral_energyband_low": {
        "max": 0.114978656173,
        "mean": 0.00991639588028,
        "min": 4.53227876278e-05,
        "stdev": 0.0135875502601
    },
    "spectral_energyband_middle_high": {
        "max": 0.0505627319217,
        "mean": 0.0033633785788,
        "min": 1.28892725115e-05,
        "stdev": 0.00520214345306
    },
    "spectral_energyband_middle_low": {
        "max": 0.0942698866129,
        "mean": 0.0176803637296,
        "min": 3.95329843741e-05,
        "stdev": 0.0166806057096
    },
    "spectral_entropy": {
        "max": 8.87124538422,
        "mean": 7.85580825806,
        "min": 6.10934495926,
        "stdev": 0.410575538874
    },
    "spectral_flux": {
        "max": 0.320625215769,
        "mean": 0.0930667296052,
        "min": 0.0230903644115,
        "stdev": 0.0490045621991
    },
    "spectral_kurtosis": {
        "max": 6.25150299072,
        "mean": 1.77466011047,
        "min": -1.28619682789,
        "stdev": 1.2531068325
    },
    "spectral_rms": {
        "max": 0.0127607323229,
        "mean": 0.00526561075822,
        "min": 0.000317225756589,
        "stdev": 0.00178833806422
    },
    "spectral_rolloff": {
        "max": 13652.0507812,
        "mean": 1648.89685059,
        "min": 64.599609375,
        "stdev": 2228.64477539
    },
    "spectral_skewness": {
        "max": 2.09431862831,
        "mean": 1.13120448589,
        "min": -0.563737750053,
        "stdev": 0.385456770658
    },
    "spectral_spread": {
        "max": 19478992,
        "mean": 6835491,
        "min": 3904763.75,
        "stdev": 1881385.875
    },
    "spectral_strongpeak": {
        "max": 9.47799777985,
        "mean": 1.03655385971,
        "min": 0,
        "stdev": 1.15976679325
    },
    "zerocrossingrate": {
        "max": 0.4013671875,
        "mean": 0.079785361886,
        "min": 0.01220703125,
        "stdev": 0.0513322092593
    },
    "barkbands": {
        "max": [0.0151983033866, 0.10628670454, 0.0224427394569, 0.00958052556962, 0.0933801978827, 0.0421854220331, 0.0229325722903, 0.0185035653412, 0.0626226067543, 0.0579936131835, 0.0162755418569, 0.00323763326742, 0.00634222244844, 0.00486475322396, 0.00476404093206, 0.00379200000316, 0.002910686424, 0.0025904532522, 0.00189719558693, 0.00380126619712, 0.00390753848478, 0.00685674929991, 0.012194997631, 0.0175342783332, 0.0102695785463, 0.00551565689966, 0.0011994993547],
        "mean": [0.000887962349225, 0.00684345187619, 0.00151750224177, 0.00154281756841, 0.00968878250569, 0.00195815344341, 0.000795270549133, 0.000873808923643, 0.00151372468099, 0.00186306622345, 0.000229752040468, 0.000288804178126, 0.000124380443594, 0.000230845689657, 0.000340661819791, 0.000285981834168, 0.000266182149062, 0.000162722630193, 0.000163489181432, 0.000212816914427, 0.00022358392016, 0.000347456196323, 0.000529736105818, 0.000461400486529, 0.000228872799198, 8.83305328898e-05, 2.83725767076e-05],
        "min": [1.09828334871e-07, 1.26604190882e-05, 6.29670921626e-06, 1.12374118544e-05, 1.54070330609e-05, 4.56277746252e-07, 3.61877653177e-07, 1.09327197606e-06, 2.2501553758e-06, 2.59155126514e-06, 1.23112010897e-06, 2.10598886952e-06, 8.84499399945e-07, 8.45673582717e-07, 1.24913026411e-06, 1.02588353457e-06, 7.35710216304e-07, 4.26075104087e-07, 8.87142164174e-07, 6.13451788922e-07, 3.88831495002e-07, 5.98107305905e-07, 1.5354653442e-06, 3.49791389453e-06, 1.58125374128e-06, 9.75966827355e-07, 1.41955540656e-08],
        "stdev": [0.00170483905822, 0.0125969098881, 0.00144755328074, 0.00133965769783, 0.015149670653, 0.00398653652519, 0.00132202159148, 0.00155069213361, 0.00518875895068, 0.00547087052837, 0.000803492497653, 0.000411852059187, 0.000258396117715, 0.000456149486126, 0.000563031062484, 0.000466064899229, 0.000344194850186, 0.000215068750549, 0.000188581369002, 0.000234168910538, 0.00027443151339, 0.000548886193428, 0.00105178286321, 0.00132323661819, 0.000722956028767, 0.000255931110587, 6.40203143121e-05]
    },
    "erbbands": {
        "max": [4.35566949844, 18.6644954681, 26.6822795868, 23.1061191559, 157.533203125, 510.996398926, 547.418029785, 211.019973755, 505.829925537, 324.485565186, 503.472747803, 1476.89294434, 2363.61230469, 500.17364502, 549.869445801, 149.466064453, 190.43132019, 212.154708862, 272.743530273, 305.40914917, 142.352279663, 147.487823486, 105.306549072, 61.3076515198, 163.080337524, 167.342697144, 197.927368164, 161.439239502, 248.119689941, 460.760040283, 364.233825684, 379.093444824, 266.378417969, 116.969833374, 67.5565032959, 24.4787139893, 9.2523059845, 1.70256257057, 0.305951744318, 0.00721590220928],
        "mean": [0.235011383891, 1.37657737732, 1.81703495979, 4.3004155159, 12.704199791, 37.1389732361, 37.8488426208, 10.2711515427, 13.5946578979, 10.5189609528, 20.7809505463, 32.1972541809, 81.3028945923, 17.5864028931, 9.71026992798, 12.9652576447, 6.45963335037, 11.6489248276, 12.9286727905, 20.6567134857, 16.6568164825, 11.9995508194, 9.26579380035, 7.74077177048, 9.56311607361, 9.85927677155, 9.31263446808, 9.29528045654, 11.567691803, 14.3885059357, 15.4530439377, 10.9797754288, 6.837059021, 3.11023235321, 1.36736345291, 0.414689481258, 0.150712862611, 0.0450943857431, 0.00499996030703, 0.000184400414582],
        "min": [0.000274632737273, 0.0033703900408, 0.0196490306407, 0.0514915548265, 0.0624012760818, 0.0476559139788, 0.0165634322912, 0.00337055698037, 0.00446695229039, 0.0110312970355, 0.037664026022, 0.0521112009883, 0.0565134845674, 0.074867002666, 0.062524266541, 0.132980719209, 0.0492914132774, 0.0453902706504, 0.0351146385074, 0.105864524841, 0.03628885746, 0.0385071411729, 0.0292323697358, 0.0230669751763, 0.0469699762762, 0.0319786891341, 0.0250109620392, 0.0120954122394, 0.0160783231258, 0.0365748032928, 0.0446793325245, 0.0866992026567, 0.0583288781345, 0.0262424517423, 0.00751856015995, 0.0040872907266, 0.00120109785348, 0.000339655874996, 1.55217167048e-05, 4.38005781689e-06],
        "stdev": [0.514225482941, 2.27015328407, 1.52714061737, 3.11777067184, 22.5434875488, 65.6185073853, 71.7242660522, 16.7544193268, 24.5614833832, 18.7082958221, 37.420124054, 114.427177429, 224.186248779, 42.0519332886, 28.2168521881, 18.6795043945, 9.7251739502, 20.441652298, 20.0038166046, 38.0753326416, 21.9409332275, 14.5877733231, 11.6353549957, 8.13477611542, 12.7317714691, 10.4823827744, 11.1885633469, 11.6625814438, 17.2840270996, 26.8859462738, 32.5271263123, 28.9350185394, 20.9200057983, 9.44570350647, 4.65267705917, 1.30553758144, 0.433495253325, 0.0877438187599, 0.0134561117738, 0.000415504619014]
    },
    "gfcc": {
        "mean": [31.7957839966, 58.4838676453, -78.7821350098, 43.4384765625, -60.4369773865, 20.7091636658, -37.6919212341, 2.71749019623, -18.4919147491, -0.548130989075, -19.1964759827, 3.80507254601, -9.4496717453],
        "cov": [[1652.21826172, -316.349639893, -413.3074646, -372.906097412, -17.0734081268, -155.40612793, 90.6941070557, 278.828826904, 52.0209197998, 70.5598220825, -69.5576095581, -31.8480911255, 18.1766967773], [-316.349639893, 620.088439941, -294.389343262, -25.716217041, 21.3689975739, -108.904251099, 12.1568984985, -3.11862826347, 33.3432998657, -10.8091106415, 16.7530536652, -11.9411401749, 31.0350666046], [-413.3074646, -294.389343262, 861.185974121, 237.803909302, -21.1337604523, 106.465126038, -135.073074341, -297.985076904, -51.9767875671, -66.7978515625, 43.2818260193, 87.2910003662, -15.7827787399], [-372.906097412, -25.716217041, 237.803909302, 302.564117432, -4.20706939697, 46.3481826782, -52.5452079773, -135.454055786, -23.6676845551, -0.42488515377, 53.4185028076, 37.8168907166, -8.4494228363], [-17.0734081268, 21.3689975739, -21.1337604523, -4.20706939697, 126.442268372, -17.3108654022, 34.4595375061, 25.3935909271, 1.93559741974, 31.742641449, 3.83094549179, 18.7321434021, -0.755649745464], [-155.40612793, -108.904251099, 106.465126038, 46.3481826782, -17.3108654022, 195.848129272, 36.8601226807, -12.450138092, -11.6459751129, -16.6172714233, 3.46681809425, -16.6231269836, -8.29541397095], [90.6941070557, 12.1568984985, -135.073074341, -52.5452079773, 34.4595375061, 36.8601226807, 146.974502563, 73.4888153076, -2.34590554237, 32.5731048584, -8.97958278656, -17.9111251831, -3.99658751488], [278.828826904, -3.11862826347, -297.985076904, -135.454055786, 25.3935909271, -12.450138092, 73.4888153076, 251.028259277, 57.5352897644, 50.330909729, -31.2180557251, -49.0587158203, -1.29119241238], [52.0209197998, 33.3432998657, -51.9767875671, -23.6676845551, 1.93559741974, -11.6459751129, -2.34590554237, 57.5352897644, 90.9976806641, 2.29646945, -5.86621427536, -5.52608394623, 9.45234203339], [70.5598220825, -10.8091106415, -66.7978515625, -0.42488515377, 31.742641449, -16.6172714233, 32.5731048584, 50.330909729, 2.29646945, 102.884422302, 44.3192558289, 11.1732006073, -11.9095659256], [-69.5576095581, 16.7530536652, 43.2818260193, 53.4185028076, 3.83094549179, 3.46681809425, -8.97958278656, -31.2180557251, -5.86621427536, 44.3192558289, 88.8169555664, 40.0905952454, 3.31034779549], [-31.8480911255, -11.9411401749, 87.2910003662, 37.8168907166, 18.7321434021, -16.6231269836, -17.9111251831, -49.0587158203, -5.52608394623, 11.1732006073, 40.0905952454, 82.7562255859, 21.7103748322], [18.1766967773, 31.0350666046, -15.7827787399, -8.4494228363, -0.755649745464, -8.29541397095, -3.99658751488, -1.29119241238, 9.45234203339, -11.9095659256, 3.31034779549, 21.7103748322, 53.89478302]],
        "icov": [[0.00145233958028, 0.00132241239771, 0.000524178904016, 0.00112581427675, 0.000548099516891, 0.00138847879134, -0.000542105175555, -4.86639037263e-05, -0.000467298697913, -0.000324544322211, 1.95209977392e-05, -0.000127146777231, -0.000681030156557], [0.00132241239771, 0.00390130374581, 0.00187775166705, 0.000775731226895, -0.000329663889715, 0.00229834485799, -0.0007910541608, 0.00177744461689, -0.00166509090923, 0.00105032150168, -0.0016961392248, 0.00112058850937, -0.0015110791428], [0.000524178904016, 0.00187775166705, 0.00356981460936, -0.000195166227059, -0.000612357340287, -0.000603643187787, 0.00113842578139, 0.00313141103834, -0.00119965162594, 0.00066482584225, -0.000109219945443, -0.00139471772127, 0.000740519608371], [0.00112581427675, 0.000775731226895, -0.000195166227059, 0.00606067152694, 2.7390953619e-05, -7.77697423473e-05, 0.000465274206363, 0.00185706058983, -0.000718164839782, -0.0011570607312, -0.00159428769257, 1.68553306139e-05, 9.54324641498e-05], [0.000548099516891, -0.000329663889715, -0.000612357340287, 2.7390953619e-05, 0.0102916425094, 0.00129373220261, -0.00250642001629, -0.00139521807432, 0.000194289212232, -0.00299017014913, 0.00267668790184, -0.00367322098464, 0.000574520498049], [0.00138847879134, 0.00229834485799, -0.000603643187787, -7.77697423473e-05, 0.00129373220261, 0.00908900052309, -0.00413126824424, -0.000918964215089, -0.000307421170874, 0.00239787343889, -0.00263867736794, 0.00291230087169, -0.0013192956103], [-0.000542105175555, -0.0007910541608, 0.00113842578139, 0.000465274206363, -0.00250642001629, -0.00413126824424, 0.0110926292837, -0.00075812562136, 0.0017687540967, -0.00266656465828, 0.00166008272208, -0.000469340535346, 0.000365707965102], [-4.86639037263e-05, 0.00177744461689, 0.00313141103834, 0.00185706058983, -0.00139521807432, -0.000918964215089, -0.00075812562136, 0.0118905771524, -0.00552038708702, -0.00400110892951, 0.00162388209719, 0.00270669162273, -0.000837358878925], [-0.000467298697913, -0.00166509090923, -0.00119965162594, -0.000718164839782, 0.000194289212232, -0.000307421170874, 0.0017687540967, -0.00552038708702, 0.0145845431834, 0.000951475754846, 1.79398793989e-05, -0.000590697338339, -0.0015039597638], [-0.000324544322211, 0.00105032150168, 0.00066482584225, -0.0011570607312, -0.00299017014913, 0.00239787343889, -0.00266656465828, -0.00400110892951, 0.000951475754846, 0.0202371068299, -0.0119076967239, -4.49124199804e-05, 0.00460605416447], [1.95209977392e-05, -0.0016961392248, -0.000109219945443, -0.00159428769257, 0.00267668790184, -0.00263867736794, 0.00166008272208, 0.00162388209719, 1.79398793989e-05, -0.0119076967239, 0.0232821572572, -0.00887538772076, -7.67474102759e-06], [-0.000127146777231, 0.00112058850937, -0.00139471772127, 1.68553306139e-05, -0.00367322098464, 0.00291230087169, -0.000469340535346, 0.00270669162273, -0.000590697338339, -4.49124199804e-05, -0.00887538772076, 0.0232919193804, -0.00932523421943], [-0.000681030156557, -0.0015110791428, 0.000740519608371, 9.54324641498e-05, 0.000574520498049, -0.0013192956103, 0.000365707965102, -0.000837358878925, -0.0015039597638, 0.00460605416447, -7.67474102759e-06, -0.00932523421943, 0.0247369278222]]
    },
    "melbands": {
        "max": [0.0343964546919, 0.0112375328317, 0.00597577309236, 0.0249640159309, 0.019642315805, 0.00566577818245, 0.00661020632833, 0.00311406585388, 0.00366830546409, 0.0108654927462, 0.011698178947, 0.00241341046058, 0.00238763773814, 0.000423343357397, 0.000316028832458, 0.000763935619034, 0.000478144473163, 0.00045632335241, 0.000336964149028, 0.000369164976291, 0.000178884874913, 0.000167062316905, 0.00015753331536, 9.34680865612e-05, 4.75385677419e-05, 8.32111181808e-05, 0.000174625223735, 9.79554242804e-05, 0.00010977905913, 0.000105974781036, 0.000108878492028, 0.00013616598153, 0.000162440614076, 0.000274565682048, 0.000245026836637, 0.00021709491557, 0.000237155487412, 0.000233644226682, 9.85869046417e-05, 0.000106009007141],
        "mean": [0.00206351536326, 0.0012581422925, 0.000889409682713, 0.00184628064744, 0.00148900249042, 0.000255134829786, 0.000197332235985, 0.000122648591059, 0.000161796808243, 0.000232330799918, 0.000405139056966, 6.88612126396e-05, 3.02915632346e-05, 3.32351664838e-05, 2.31976027862e-05, 1.18667385323e-05, 2.36526975641e-05, 1.8729322619e-05, 2.67834784609e-05, 2.47725001827e-05, 1.9764269382e-05, 1.40072670547e-05, 9.41763664741e-06, 7.12776136425e-06, 5.98798123974e-06, 6.56939118926e-06, 6.91914056006e-06, 6.46264697934e-06, 5.94601578996e-06, 5.35647268407e-06, 5.41646750207e-06, 6.23312416792e-06, 7.24100664229e-06, 8.32444857224e-06, 9.26270604396e-06, 7.71559643908e-06, 6.38454412183e-06, 5.40299197382e-06, 3.12977431349e-06, 2.45551586886e-06],
        "min": [3.038642717e-06, 8.60333148012e-06, 9.18594741961e-06, 3.94820699512e-06, 8.55494079133e-07, 7.22188104874e-08, 6.5833660301e-08, 1.27020882701e-07, 3.75248248474e-07, 2.96821809798e-07, 2.89930454755e-07, 3.21267521031e-07, 1.81290033652e-07, 2.38741421299e-07, 2.29898688531e-07, 9.23473848502e-08, 7.99360648784e-08, 4.88040399205e-08, 1.16598627642e-07, 1.16400173056e-07, 3.26047207011e-08, 4.24557242695e-08, 2.58885588522e-08, 2.49514275907e-08, 1.40239988511e-08, 4.90968830036e-08, 1.30379174124e-08, 2.53698928532e-08, 1.63814029008e-08, 9.27322485467e-09, 7.2479826585e-09, 8.59398863184e-09, 1.32636550632e-08, 2.41975204318e-08, 2.97316979925e-08, 1.61501301221e-08, 4.02666486821e-08, 3.85197722608e-08, 3.93056751591e-08, 1.67548268593e-08],
        "stdev": [0.00406497064978, 0.00128081720322, 0.000783784256782, 0.00335576944053, 0.00261801923625, 0.00045699349721, 0.000343815452652, 0.000226622767514, 0.000294107740046, 0.000843700137921, 0.00112101028208, 0.000188534526387, 0.000111571069283, 4.64833065053e-05, 3.26288427459e-05, 2.83921508526e-05, 4.51222913398e-05, 3.32055933541e-05, 4.49568979093e-05, 4.39100003859e-05, 2.70210821327e-05, 1.81779341801e-05, 1.34544734465e-05, 8.88361955731e-06, 6.65026254865e-06, 8.69591804076e-06, 9.65843173617e-06, 6.9123357207e-06, 7.00357804817e-06, 6.83409916746e-06, 7.23503717381e-06, 8.98619509826e-06, 1.3208141354e-05, 1.59224418894e-05, 1.93476680579e-05, 1.90978280443e-05, 1.77987840289e-05, 1.74501983565e-05, 9.09194022825e-06, 8.04723822512e-06]
    },
    "melbands128": {
        "max": [0.0123091954738, 0.0367394462228, 0.0491992458701, 0.0262572709471, 0.0158304814249, 0.00907037593424, 0.00542113976553, 0.00547128729522, 0.02189232409, 0.0399755388498, 0.0361614786088, 0.0335657857358, 0.0271025281399, 0.0179044473916, 0.00324626406655, 0.0103242164478, 0.0156501345336, 0.00329326046631, 0.00295281643048, 0.00586659554392, 0.00436190795153, 0.00635173916817, 0.00546722626314, 0.00224953377619, 0.0116272354499, 0.0242888014764, 0.0150019470602, 0.0221940372139, 0.013049416244, 0.00325981294736, 0.00353219569661, 0.00313764763996, 0.00412136502564, 0.00159449200146, 0.000836111372337, 0.000548594805878, 0.000891564995982, 0.000572565884795, 0.000538894499186, 0.000206553333555, 0.00174850015901, 0.000554753642064, 0.000509998644702, 0.00118224974722, 0.0007612889749, 0.000829523662105, 0.000536210485734, 0.000412867841078, 0.000732703832909, 0.000887984992005, 0.000530986289959, 0.000444727629656, 0.0003438765998, 0.000364643492503, 0.00059234071523, 0.000178635498742, 0.000242515525315, 0.000372998125385, 0.000260628090473, 0.00011050926696, 9.4207454822e-05, 0.000189892598428, 9.79691540124e-05, 7.93456856627e-05, 4.92669496452e-05, 8.02615832072e-05, 0.000186944613233, 0.000327119691065, 0.000169615086634, 0.000174989298102, 9.20612728805e-05, 8.29929122119e-05, 0.000155608373461, 8.1213984231e-05, 0.000250972429058, 0.000130960499519, 7.47468220652e-05, 0.000103244587081, 0.000175011882675, 8.83633547346e-05, 9.40973914112e-05, 0.000217705819523, 0.000163434058777, 0.00022112550505, 0.000368605484255, 0.000292226817692, 0.000274473713944, 0.000362698861863, 0.000378589611501, 0.00036248631659, 0.000270094722509, 0.000257772306213, 0.00026487163268, 0.000275334401522, 0.000198073830688, 0.000438763119746, 0.000298407830996, 0.000172343745362, 0.000101283621916, 0.00010271051724, 9.65388317127e-05, 0.000123114907183, 0.000190498627489, 0.000122831625049, 0.000104869795905, 4.45337391284e-05, 7.57946108934e-05, 6.82719401084e-05, 2.86372960545e-05, 3.86062529287e-05, 6.6789893026e-05, 4.34063731518e-05, 2.82115379378e-05, 2.73043024208e-05, 2.08696383197e-05, 1.82290496014e-05, 9.33459705266e-06, 8.47522642289e-06, 9.03025465959e-06, 1.78236350621e-05, 9.60056877375e-06, 4.83328403789e-06, 4.92422668685e-06, 3.1102064213e-07, 3.74011133175e-09, 3.24191606893e-09, 2.96339752737e-09, 2.81848056005e-09],
        "mean": [0.000623326050118, 0.00186623225454, 0.00289483834058, 0.00206207996234, 0.000978219904937, 0.000786434742622, 0.000904169981368, 0.000678505806718, 0.00112316966988, 0.00209552654997, 0.00210891501047, 0.00220354343764, 0.00146461685654, 0.000443198601715, 0.000125009537442, 0.000222778471652, 0.000239663058892, 0.000217235123273, 0.000115357026516, 9.15891505429e-05, 0.000137139271828, 0.000167085541761, 0.000213068080484, 8.58657949721e-05, 0.000127483595861, 0.000303897599224, 0.000435808062321, 0.000577713362873, 0.000215184278204, 5.94820266997e-05, 3.59011319233e-05, 3.06220681523e-05, 2.91629130516e-05, 3.42421517416e-05, 1.97929821297e-05, 4.04083293688e-05, 4.43004682893e-05, 1.986193638e-05, 1.37164679472e-05, 1.05652770799e-05, 1.31639199026e-05, 1.03989186755e-05, 2.46581912506e-05, 3.394477244e-05, 1.34445499498e-05, 1.70753246493e-05, 2.19785815716e-05, 2.35978495766e-05, 3.06330875901e-05, 3.3170759707e-05, 2.30668756558e-05, 1.81803279702e-05, 1.47981691043e-05, 2.29337929341e-05, 2.68170333584e-05, 9.18739260669e-06, 7.215050573e-06, 1.05857170638e-05, 9.9544549812e-06, 8.5237006715e-06, 6.62250340611e-06, 5.7159327298e-06, 7.84594067227e-06, 5.20979801877e-06, 4.92549406772e-06, 5.8537498262e-06, 9.35797743296e-06, 5.60868693356e-06, 7.11360144123e-06, 6.98780286257e-06, 5.80453070143e-06, 6.93828087606e-06, 6.48363038636e-06, 5.65509435546e-06, 5.12160386279e-06, 6.0406200646e-06, 4.91471155328e-06, 5.11057396579e-06, 5.27177780896e-06, 6.06829371463e-06, 5.88426019021e-06, 6.34538037048e-06, 6.99816473571e-06, 7.14758289178e-06, 7.66082939663e-06, 7.89290970715e-06, 8.68863935466e-06, 8.9456771093e-06, 9.76099272521e-06, 9.12059658731e-06, 8.21996854938e-06, 7.32223088562e-06, 6.85241047904e-06, 6.07703987043e-06, 6.30475778962e-06, 6.53251254334e-06, 5.1536776482e-06, 4.00097951569e-06, 3.03176284433e-06, 2.82458904621e-06, 2.49976778832e-06, 2.41523298428e-06, 2.33697528529e-06, 2.14343504013e-06, 1.50923233377e-06, 1.08291476408e-06, 9.18754722079e-07, 7.81198480126e-07, 6.0066719243e-07, 6.10087681707e-07, 6.38251037799e-07, 4.94754885949e-07, 4.21676901396e-07, 4.08933999552e-07, 5.07818697315e-07, 4.0189368633e-07, 3.39702040719e-07, 2.82065030888e-07, 2.23153520551e-07, 1.61853748182e-07, 1.03399969476e-07, 8.93117402256e-08, 6.50146887438e-08, 2.53843501774e-09, 8.12387136728e-12, 7.54635416655e-12, 7.22374460596e-12, 7.07386102819e-12],
        "min": [5.47859784206e-08, 6.43541227419e-07, 3.52491474587e-06, 5.89874207435e-06, 8.67712969921e-06, 3.05606636175e-06, 2.17881233766e-06, 7.0787164077e-06, 1.60146430517e-06, 3.89292154068e-06, 2.50205152952e-06, 1.3820881577e-06, 4.78770857626e-07, 6.01096132868e-08, 4.2680454726e-08, 9.08346748929e-08, 9.81912435805e-08, 3.85192251429e-08, 4.6434301737e-08, 1.46196796891e-07, 1.21448053392e-07, 1.60284898243e-07, 2.5471993581e-07, 8.41974667765e-08, 1.29105870883e-07, 1.47616006529e-07, 1.33136552449e-07, 2.61917534772e-07, 1.87587843925e-07, 7.95563792622e-08, 2.07822495213e-07, 2.12992112836e-08, 5.40997930898e-08, 4.79412349819e-08, 1.00645337398e-07, 1.24266279045e-07, 1.49216887735e-07, 1.22443054806e-07, 7.51479873884e-08, 7.54314797291e-08, 9.34932629093e-08, 1.2299494756e-07, 7.45567163563e-08, 4.98254486558e-08, 4.29804885016e-08, 4.46702586032e-08, 2.13753317269e-08, 4.69184122665e-08, 7.61007896699e-08, 5.91354556434e-08, 1.05406577688e-07, 2.36760353545e-08, 1.50492187601e-08, 4.61267219976e-08, 5.09006525817e-08, 3.03154479298e-08, 3.99126669492e-08, 2.51094682824e-08, 9.62027879581e-09, 3.33463745505e-08, 3.47950042112e-08, 1.17118288401e-08, 3.23167426153e-09, 1.06051674109e-08, 3.55752547421e-08, 5.32218109583e-08, 4.88784337449e-08, 7.37739380696e-09, 1.0421169705e-08, 7.33773841688e-09, 2.88341865939e-08, 3.54852289774e-08, 1.61551358957e-08, 1.069473754e-08, 1.99770369136e-08, 1.29032127205e-08, 2.02984939968e-09, 3.76877284936e-09, 8.03710431541e-09, 9.84412640292e-09, 1.28486457029e-08, 3.57070639723e-09, 8.34395663674e-09, 1.20306866691e-08, 2.17127453794e-08, 1.60489985745e-08, 1.72960987754e-08, 5.657729929e-08, 2.58794532471e-08, 1.89757258795e-08, 1.75357293131e-08, 1.48918424259e-08, 1.24387709022e-08, 3.11825978372e-08, 5.699449801e-08, 3.11288310684e-08, 2.33336567845e-08, 3.55415217257e-08, 2.8857389367e-08, 3.24804041441e-08, 9.81769865405e-09, 6.14083939254e-09, 7.31003435561e-09, 8.01568589281e-09, 7.14702341753e-09, 7.29005877886e-09, 4.0433327797e-09, 3.8437755201e-09, 4.67512784041e-09, 2.21958429414e-09, 3.04194158751e-09, 2.21183404925e-09, 1.65501345961e-09, 1.4445971086e-09, 2.08969419546e-09, 2.74164135838e-09, 6.38489094928e-10, 5.1341170898e-11, 2.52215159565e-13, 1.9268245853e-13, 2.21064228663e-13, 1.46847920109e-13, 1.43774342475e-13, 1.38093041776e-13, 1.13408502695e-13, 3.78433178891e-14, 6.8675364603e-15, 3.1062834287e-16],
        "stdev": [0.00135088560637, 0.00442995177582, 0.00577865540981, 0.00313529488631, 0.000972279813141, 0.0007242494612, 0.00072710699169, 0.000658034114167, 0.00211446802132, 0.00543756270781, 0.00419325521216, 0.00476573919877, 0.00316709722392, 0.00120774540119, 0.000260784989223, 0.000609240320046, 0.000651793496218, 0.000385649647797, 0.000205789969186, 0.000254424579907, 0.000365918065654, 0.000390120520024, 0.000457932561403, 0.000241776797338, 0.000660694437101, 0.00158157071564, 0.00139410840347, 0.00183819083031, 0.000811121426523, 0.000209471429116, 0.000135081878398, 0.000141942175105, 0.000182982126717, 0.000104482212919, 4.5788641728e-05, 6.70169683872e-05, 8.0725607404e-05, 4.41698357463e-05, 2.71477583738e-05, 1.72509735421e-05, 5.84940426052e-05, 2.3458744181e-05, 4.76066197734e-05, 8.70577277965e-05, 4.7303201427e-05, 4.1579540266e-05, 4.14820824517e-05, 4.57083333458e-05, 7.52069827286e-05, 8.62694869284e-05, 4.75919005112e-05, 3.48564899468e-05, 2.93039247481e-05, 3.8302710891e-05, 4.68103135063e-05, 1.51683525473e-05, 1.16483797683e-05, 2.18346722249e-05, 1.82115636562e-05, 1.3634624338e-05, 9.58558757702e-06, 9.84897906164e-06, 1.12230491141e-05, 6.80770108374e-06, 6.04826436756e-06, 7.57948282626e-06, 1.81488285307e-05, 1.21799876069e-05, 1.08650074253e-05, 1.02758003777e-05, 6.88888667355e-06, 9.11353072297e-06, 8.97082645679e-06, 7.43013060855e-06, 9.9213420981e-06, 8.92788102647e-06, 6.56309703118e-06, 8.12506277725e-06, 8.75946989254e-06, 8.14368468127e-06, 9.07203775569e-06, 1.13764235721e-05, 1.22451974676e-05, 1.43056004163e-05, 1.77727179107e-05, 1.63413460541e-05, 1.71133415279e-05, 1.95808916033e-05, 2.26534430112e-05, 2.06453842111e-05, 2.01100610866e-05, 2.05379255931e-05, 1.8815499061e-05, 1.81431314559e-05, 1.76369321707e-05, 2.45541577897e-05, 1.76501998794e-05, 1.28193905766e-05, 8.92376829142e-06, 8.56762289914e-06, 7.68206064095e-06, 8.48567106004e-06, 9.88921419776e-06, 8.30564295029e-06, 5.45287093701e-06, 3.54720691575e-06, 3.70088059753e-06, 3.06141828332e-06, 1.64214100096e-06, 1.91343860934e-06, 2.74606418316e-06, 1.7555279328e-06, 1.222949777e-06, 1.05572166831e-06, 1.05728804556e-06, 8.50878620895e-07, 5.97583039053e-07, 5.24826646142e-07, 5.04754439135e-07, 6.74054092542e-07, 3.90452811416e-07, 2.52123186328e-07, 2.7068693953e-07, 1.51684247385e-08, 1.07001345284e-10, 9.44435155081e-11, 8.74638556025e-11, 8.38517241752e-11]
    },
    "mfcc": {
        "mean": [-621.153564453, 89.8412322998, 35.5862236023, 25.8343296051, 9.20586109161, 15.6645336151, -5.3435921669, 7.15627527237, 0.39107337594, 3.8214430809, -6.72870397568, -1.62635362148, -2.29079604149],
        "cov": [[1821.29589844, -62.6712226868, -662.100646973, -199.214538574, -222.93649292, -381.996429443, 3.6839864254, 8.6888628006, 193.316696167, 181.777404785, 47.5294265747, -30.2905464172, 53.7247924805], [-62.6712226868, 516.564208984, -303.28213501, 8.40143585205, -56.0208587646, -95.5428009033, -33.5007209778, -9.54368972778, 21.7938747406, 36.819442749, -21.5649032593, -0.840342998505, 13.992272377], [-662.100646973, -303.28213501, 824.225891113, 79.6446151733, 168.298812866, 279.5440979, -53.4625740051, -17.0349807739, -176.600982666, -165.847747803, -30.4879989624, -21.2110214233, -77.215423584], [-199.214538574, 8.40143585205, 79.6446151733, 226.151809692, 44.2349472046, 57.0336494446, -17.1198406219, -46.3293037415, -58.8488578796, -67.5864105225, -5.99731111526, 28.2234210968, 26.9356422424], [-222.93649292, -56.0208587646, 168.298812866, 44.2349472046, 139.23677063, 49.5848922729, -39.822227478, -0.983305215836, -36.4088401794, -39.5029640198, -13.831609726, 6.2327246666, -2.65095591545], [-381.996429443, -95.5428009033, 279.5440979, 57.0336494446, 49.5848922729, 237.873443604, 34.6887512207, -0.812748849392, -84.7313079834, -76.4549865723, -8.03689098358, -8.5581445694, -29.9119110107], [3.6839864254, -33.5007209778, -53.4625740051, -17.1198406219, -39.822227478, 34.6887512207, 136.465744019, 2.89138174057, 16.7068099976, 18.2768115997, 27.0943641663, 18.5286540985, 14.8264007568], [8.6888628006, -9.54368972778, -17.0349807739, -46.3293037415, -0.983305215836, -0.812748849392, 2.89138174057, 80.9738922119, 39.6250076294, 25.3398456573, 0.348036617041, -15.4669542313, -16.3234367371], [193.316696167, 21.7938747406, -176.600982666, -58.8488578796, -36.4088401794, -84.7313079834, 16.7068099976, 39.6250076294, 127.810661316, 76.3939208984, 19.1371059418, -7.34101343155, 1.75601315498], [181.777404785, 36.819442749, -165.847747803, -67.5864105225, -39.5029640198, -76.4549865723, 18.2768115997, 25.3398456573, 76.3939208984, 119.449516296, 33.1511039734, 0.696953296661, 7.21483516693], [47.5294265747, -21.5649032593, -30.4879989624, -5.99731111526, -13.831609726, -8.03689098358, 27.0943641663, 0.348036617041, 19.1371059418, 33.1511039734, 66.3908309937, 24.0769920349, 19.0862064362], [-30.2905464172, -0.840342998505, -21.2110214233, 28.2234210968, 6.2327246666, -8.5581445694, 18.5286540985, -15.4669542313, -7.34101343155, 0.696953296661, 24.0769920349, 71.5880050659, 43.7264022827], [53.7247924805, 13.992272377, -77.215423584, 26.9356422424, -2.65095591545, -29.9119110107, 14.8264007568, -16.3234367371, 1.75601315498, 7.21483516693, 19.0862064362, 43.7264022827, 82.7983169556]],
        "icov": [[0.0013378218282, 0.00102053198498, 0.000834462000057, 0.000412869645515, 0.00109921221156, 0.00121079478413, 0.000550526485313, 0.000425367121352, 0.000167181002325, 2.38906995946e-05, -0.000382187281502, 0.00106083822902, -0.00041651976062], [0.00102053198498, 0.00361344544217, 0.00211435975507, 2.71602038993e-06, 0.00103129516356, 0.000611963274423, 0.00148651155178, 0.000365709449397, 0.00127087766305, -0.000306042755255, 0.000600284140091, 0.000487612618599, 0.000361920887372], [0.000834462000057, 0.00211435975507, 0.00461980141699, 0.00074981385842, -0.00147043424658, -0.00177903880831, 0.00188286462799, 0.000274770136457, 0.0023639111314, 0.00164390797727, -0.00122861901764, 0.000271361379419, 0.00213936972432], [0.000412869645515, 2.71602038993e-06, 0.00074981385842, 0.00669167516753, -0.000887009315193, -0.00117826194037, 0.00118614756502, 0.00257110432722, -7.20971293049e-05, 0.00278029427864, -0.000777446432039, -0.000926861655898, -0.00147762882989], [0.00109921221156, 0.00103129516356, -0.00147043424658, -0.000887009315193, 0.011949012056, 0.000647413311526, 0.00305994739756, -0.000942571612541, -0.000598329002969, -0.000299799750792, 0.0013109332649, -0.000931040791329, -0.00185923452955], [0.00121079478413, 0.000611963274423, -0.00177903880831, -0.00117826194037, 0.000647413311526, 0.0109577411786, -0.00404210761189, -0.00218672445044, 0.00322312559001, 0.0013520445209, -0.00122579291929, 0.00246209464967, 0.000903356412891], [0.000550526485313, 0.00148651155178, 0.00188286462799, 0.00118614756502, 0.00305994739756, -0.00404210761189, 0.0114152412862, 0.00085495156236, -0.00126022833865, -7.53104322939e-05, -0.00204644491896, -0.00208881124854, -0.000868075760081], [0.000425367121352, 0.000365709449397, 0.000274770136457, 0.00257110432722, -0.000942571612541, -0.00218672445044, 0.00085495156236, 0.0173893943429, -0.00581929367036, -0.00100428983569, 0.000745883095078, 0.00119274796452, 0.000946120417211], [0.000167181002325, 0.00127087766305, 0.0023639111314, -7.20971293049e-05, -0.000598329002969, 0.00322312559001, -0.00126022833865, -0.00581929367036, 0.0180022828281, -0.00533863436431, -0.00142842787318, 0.00169338379055, 0.00164675374981], [2.38906995946e-05, -0.000306042755255, 0.00164390797727, 0.00278029427864, -0.000299799750792, 0.0013520445209, -7.53104322939e-05, -0.00100428983569, -0.00533863436431, 0.0186316389591, -0.00717934593558, 0.000589400122408, 0.000792527920566], [-0.000382187281502, 0.000600284140091, -0.00122861901764, -0.000777446432039, 0.0013109332649, -0.00122579291929, -0.00204644491896, 0.000745883095078, -0.00142842787318, -0.00717934593558, 0.0226869340986, -0.00635950639844, -0.00184895703569], [0.00106083822902, 0.000487612618599, 0.000271361379419, -0.000926861655898, -0.000931040791329, 0.00246209464967, -0.00208881124854, 0.00119274796452, 0.00169338379055, 0.000589400122408, -0.00635950639844, 0.0247147548944, -0.0104206781834], [-0.00041651976062, 0.000361920887372, 0.00213936972432, -0.00147762882989, -0.00185923452955, 0.000903356412891, -0.000868075760081, 0.000946120417211, 0.00164675374981, 0.000792527920566, -0.00184895703569, -0.0104206781834, 0.0211967118084]]
    },
    "spectral_contrast_coeffs": {
        "max": [-0.413408696651, -0.541732132435, -0.515344381332, -0.651637852192, -0.683487951756, -0.646082639694],
        "mean": [-0.702835440636, -0.768414318562, -0.772755086422, -0.812767148018, -0.812963366508, -0.771358191967],
        "min": [-0.943594813347, -0.934965074062, -0.914613842964, -0.897080123425, -0.892337739468, -0.880891442299],
        "stdev": [0.0865029767156, 0.0628412440419, 0.0786983966827, 0.041540902108, 0.0305722691119, 0.0289708245546]
    },
    "spectral_contrast_valleys": {
        "max": [-5.0280919075, -5.00464916229, -5.76856994629, -6.06272745132, -6.2596821785, -7.26474046707],
        "mean": [-6.2514462471, -6.89170885086, -7.49546575546, -7.65702104568, -7.41465139389, -9.24067783356],
        "min": [-7.67200899124, -8.98044109344, -9.23931121826, -9.87924861908, -10.230635643, -11.1284513474],
        "stdev": [0.347444683313, 0.603736996651, 0.594993770123, 0.557692885399, 0.579522073269, 0.592608273029]
    }
},
"rhythm": {
    "beats_count": 72,
    "beats_loudness": {
        "max": 0.094395942986,
        "mean": 0.0393542572856,
        "min": 0.0125275915489,
        "stdev": 0.0182147547603
    },
    "bpm": 134.106811523,
    "bpm_histogram_first_peak_bpm": 133,
    "bpm_histogram_first_peak_weight": 0.514705896378,
    "bpm_histogram_second_peak_bpm": 148,
    "bpm_histogram_second_peak_spread": 0.333333313465,
    "bpm_histogram_second_peak_weight": 0.0281690135598,
    "danceability": 1.18894565105,
    "onset_rate": 3.90673804283,
    "beats_loudness_band_ratio": {
        "max": [0.906798481941, 0.828174412251, 0.777700424194, 0.374483436346, 0.167903885245, 0.298571318388],
        "mean": [0.395449280739, 0.341435074806, 0.162980794907, 0.0647258237004, 0.0452982187271, 0.075386531651],
        "min": [0.0994495078921, 0.0289551541209, 0.006534058135, 0.00213485397398, 0.00208241026849, 0.0113403238356],
        "stdev": [0.197022393346, 0.253043264151, 0.171631708741, 0.0835295766592, 0.0449339300394, 0.0480468645692]
    },
