{
"metadata": {
    "version": {
        "essentia": "2.1-beta5",
        "essentia_git_sha": "Undefined",
        "extractor": "music 2.0"
    },
    "audio_properties": {
        "analysis": {
            "equal_loudness": 0,
            "length": 32.4963264465,
            "sample_rate": 44100,
            "start_time": 77.7404098511,
            "downmix": "mix"
        },
        "bit_rate": 192000,
        "length": 190.960922241,
        "lossless": 0,
        "number_channels": 2,
        "replay_gain": -4.73634719849,
        "sample_rate": 48000,
        "codec": "mp3",
        "md5_encoded": "72b182290f3d3dd0387ceca7d04b0925"
    },
    "tags": {
        "file_name": "Spain_Que Me Quiten Lo Bailao_Lucía Pérez.mp3",
        "encoding": ["Lavf58.29.100"]
    }
},
"lowlevel": {
    "average_loudness": 0.971418023109,
    "barkbands_crest": {
        "max": 22.8330059052,
        "mean": 9.39149284363,
        "min": 2.65009093285,
        "stdev": 3.76607084274
    },
    "barkbands_flatness_db": {
        "max": 0.265414446592,
        "mean": 0.103365235031,
        "min": 0.0198261458427,
        "stdev": 0.0413247309625
    },
    "barkbands_kurtosis": {
        "max": 60.074848175,
        "mean": 4.98609972,
        "min": -1.84596014023,
        "stdev": 7.13269138336
    },
    "barkbands_skewness": {
        "max": 7.02044153214,
        "mean": 1.69559514523,
        "min": -0.959065198898,
        "stdev": 1.13536524773
    },
    "barkbands_spread": {
        "max": 102.535598755,
        "mean": 25.2568817139,
        "min": 2.46353244781,
        "stdev": 14.0496444702
    },
    "dissonance": {
        "max": 0.499947458506,
        "mean": 0.460644692183,
        "min": 0.314597755671,
        "stdev": 0.0286633633077
    },
    "dynamic_complexity": 2.17543578148,
    "erbbands_crest": {
        "max": 25.2205028534,
        "mean": 10.070851326,
        "min": 2.68445968628,
        "stdev": 4.52538824081
    },
    "erbbands_flatness_db": {
        "max": 0.262148559093,
        "mean": 0.11891592294,
        "min": 0.0351701825857,
        "stdev": 0.0382885970175
    },
    "erbbands_kurtosis": {
        "max": 11.0475168228,
        "mean": 0.617139220238,
        "min": -1.73270702362,
        "stdev": 1.67775309086
    },
    "erbbands_skewness": {
        "max": 3.06286168098,
        "mean": 0.601688504219,
        "min": -2.11506962776,
        "stdev": 0.644960343838
    },
    "erbbands_spread": {
        "max": 132.945419312,
        "mean": 41.5767631531,
        "min": 8.65489768982,
        "stdev": 19.4754161835
    },
    "hfc": {
        "max": 191.203842163,
        "mean": 25.1293334961,
        "min": 0.32474052906,
        "stdev": 21.1563816071
    },
    "loudness_ebu128": {
        "integrated": -18.5341358185,
        "loudness_range": 1.28342247009,
        "momentary": {
            "max": -15.5590877533,
            "mean": -18.7309150696,
            "min": -23.2024593353,
            "stdev": 1.35391438007
        },
        "short_term": {
            "max": -17.8575782776,
            "mean": -18.6174869537,
            "min": -20.127073288,
            "stdev": 0.466498494148
        }
    },
    "melbands_crest": {
        "max": 33.2149353027,
        "mean": 13.3976774216,
        "min": 4.26467895508,
        "stdev": 5.6511092186
    },
    "melbands_flatness_db": {
        "max": 0.373639911413,
        "mean": 0.18886885047,
        "min": 0.0631379112601,
        "stdev": 0.0560573861003
    },
    "melbands_kurtosis": {
        "max": 195.088012695,
        "mean": 14.1016626358,
        "min": -1.50480318069,
        "stdev": 17.7437572479
    },
    "melbands_skewness": {
        "max": 11.6534166336,
        "mean": 2.57780337334,
        "min": -0.321893870831,
        "stdev": 1.5648034811
    },
    "melbands_spread": {
        "max": 141.197540283,
        "mean": 23.0867481232,
        "min": 1.61420536041,
        "stdev": 15.5092096329
    },
    "pitch_salience": {
        "max": 0.876347184181,
        "mean": 0.558836877346,
        "min": 0.213805064559,
        "stdev": 0.103138647974
    },
    "silence_rate_20dB": {
        "max": 1,
        "mean": 1,
        "min": 1,
        "stdev": 0
    },
    "silence_rate_30dB": {
        "max": 1,
        "mean": 0.9935759902,
        "min": 0,
        "stdev": 0.0798920094967
    },
    "silence_rate_60dB": {
        "max": 1,
        "mean": 0.00571020692587,
        "min": 0,
        "stdev": 0.0753495246172
    },
    "spectral_centroid": {
        "max": 3728.72070312,
        "mean": 1255.49194336,
        "min": 230.659439087,
        "stdev": 578.92199707
    },
    "spectral_complexity": {
        "max": 46,
        "mean": 17.453962326,
        "min": 2,
        "stdev": 7.071434021
    },
    "spectral_decrease": {
        "max": -2.09202932755e-10,
        "mean": -7.60502505415e-09,
        "min": -4.02375981423e-08,
        "stdev": 5.74429215305e-09
    },
    "spectral_energy": {
        "max": 0.163350120187,
        "mean": 0.0309824366122,
        "min": 0.00081903510727,
        "stdev": 0.0228697620332
    },
    "spectral_energyband_high": {
        "max": 0.0170530825853,
        "mean": 0.00106175546534,
        "min": 1.10189102998e-05,
        "stdev": 0.00125080533326
    },
    "spectral_energyband_low": {
        "max": 0.103452533484,
        "mean": 0.0114838602021,
        "min": 5.25981740793e-05,
        "stdev": 0.0148650528863
    },
    "spectral_energyband_middle_high": {
        "max": 0.0701602846384,
        "mean": 0.00625800527632,
        "min": 3.6521909351e-05,
        "stdev": 0.00805189087987
    },
    "spectral_energyband_middle_low": {
        "max": 0.141849294305,
        "mean": 0.0133070191368,
        "min": 0.000536486739293,
        "stdev": 0.0119030447677
    },
    "spectral_entropy": {
        "max": 8.74899673462,
        "mean": 7.65845775604,
        "min": 6.33309030533,
        "stdev": 0.366997629404
    },
    "spectral_flux": {
        "max": 0.290578216314,
        "mean": 0.0968273431063,
        "min": 0.0216862894595,
        "stdev": 0.0494306385517
    },
    "spectral_kurtosis": {
        "max": 13.2640914917,
        "mean": 4.35124444962,
        "min": -1.04902493954,
        "stdev": 1.84096181393
    },
    "spectral_rms": {
        "max": 0.0126240234822,
        "mean": 0.00517531251535,
        "min": 0.000893900811207,
        "stdev": 0.0018555104034
    },
    "spectral_rolloff": {
        "max": 11821.7285156,
        "mean": 1393.57312012,
        "min": 64.599609375,
        "stdev": 1405.95178223
    },
    "spectral_skewness": {
        "max": 2.93838405609,
        "mean": 1.75466966629,
        "min": 0.0779304355383,
        "stdev": 0.336127668619
    },
    "spectral_spread": {
        "max": 26296304,
        "mean": 6158191.5,
        "min": 2940074.5,
        "stdev": 1732234.625
    },
    "spectral_strongpeak": {
        "max": 11.5175704956,
        "mean": 1.15112328529,
        "min": 0,
        "stdev": 1.47256505489
    },
    "zerocrossingrate": {
        "max": 0.29248046875,
        "mean": 0.0735230967402,
        "min": 0.0107421875,
        "stdev": 0.0352323688567
    },
    "barkbands": {
        "max": [0.0170621741563, 0.0886873006821, 0.024753049016, 0.0141523461789, 0.0274867769331, 0.0646841078997, 0.0358727537096, 0.0627814680338, 0.125504568219, 0.0410196781158, 0.0617143809795, 0.0227380860597, 0.0509377457201, 0.0204450599849, 0.0288801454008, 0.0194518957287, 0.0122981248423, 0.00389810558408, 0.00561014097184, 0.00434979563579, 0.00242817262188, 0.00114130647853, 0.00274820299819, 0.00973508041352, 0.0033825149294, 0.00225378759205, 0.00135319551919],
        "mean": [0.00121044216212, 0.00752479070798, 0.00176749902312, 0.00189830677118, 0.00329268048517, 0.00285076000728, 0.00130064622499, 0.00172261707485, 0.00191937724594, 0.0014763190411, 0.00100259040482, 0.000649992842227, 0.000461965653813, 0.000471627980005, 0.000697976443917, 0.000566297094338, 0.000399182696128, 0.00025031104451, 0.000352958333679, 0.00022333819652, 0.000149312400026, 0.000100383163954, 0.000120687574963, 0.000170676968992, 0.000150319654495, 0.000182053583558, 6.93264446454e-05],
        "min": [6.96691628832e-08, 1.81093055289e-05, 2.12007080336e-06, 1.94689346245e-06, 1.321209038e-05, 2.30275727517e-05, 4.68483813165e-06, 4.36226582679e-06, 1.37083645768e-06, 5.07036565978e-06, 1.32497461891e-06, 3.31045339408e-06, 5.37621872354e-07, 2.95419658869e-06, 3.50431059815e-06, 2.78900347439e-06, 2.24579139285e-06, 1.43738225233e-06, 2.39148698711e-06, 7.55371502237e-07, 2.84052521238e-06, 1.42827161653e-06, 1.0053480537e-06, 2.01967645808e-06, 5.60769024105e-07, 5.2161288977e-07, 1.98848315591e-08],
        "stdev": [0.00239559798501, 0.0123668117449, 0.00257602264173, 0.0019947513938, 0.00350230094045, 0.00464015640318, 0.0028203825932, 0.00451280921698, 0.00614006025717, 0.00328932353295, 0.00369406794198, 0.00172760616988, 0.00173439632636, 0.00136610679328, 0.00182753102854, 0.00125905871391, 0.000686533981934, 0.000390481873183, 0.000616725010332, 0.000410786771681, 0.000195799395442, 0.000134538538987, 0.000169164632098, 0.000432317669038, 0.000230720383115, 0.000281287328107, 0.00011562580039]
    },
    "erbbands": {
        "max": [4.70534181595, 15.1931991577, 24.2995071411, 40.1280174255, 88.6445236206, 109.178527832, 309.473449707, 757.635314941, 631.101867676, 1384.50646973, 954.713684082, 2908.375, 1373.3248291, 1836.28417969, 2269.22436523, 780.445922852, 1758.63317871, 1159.53442383, 1517.63769531, 640.32220459, 1309.46325684, 386.490905762, 207.37663269, 381.542785645, 284.300964355, 293.14151001, 154.465301514, 51.2274742126, 47.8597946167, 52.6407470703, 85.6564712524, 198.073898315, 147.956558228, 65.611579895, 11.7237920761, 9.49224090576, 4.48851013184, 1.14026772976, 0.282102167606, 0.00862521119416],
        "mean": [0.330201476812, 1.24182295799, 2.02158904076, 4.83512163162, 7.8475189209, 11.1697626114, 19.3393535614, 21.8048343658, 17.0078372955, 29.1621608734, 40.2869720459, 39.3236503601, 40.2020301819, 55.1951789856, 36.4825286865, 26.6109390259, 22.1865386963, 27.2684307098, 31.3493156433, 31.3250083923, 34.510055542, 21.0970478058, 14.8330373764, 16.1903591156, 16.6437835693, 11.9812202454, 7.7561917305, 4.62235212326, 3.75957465172, 3.04600119591, 3.63135886192, 3.32147169113, 2.9728782177, 1.8675327301, 1.03316509724, 0.697046399117, 0.312062829733, 0.100708425045, 0.0129360044375, 0.000403676996939],
        "min": [0.000461780466139, 0.00256507564336, 0.00547984754667, 0.00894468370825, 0.0182530656457, 0.0489848963916, 0.143048420548, 0.224587514997, 0.28962507844, 0.18575489521, 0.0682888627052, 0.0296312142164, 0.125081971288, 0.212743207812, 0.1472286731, 0.141401872039, 0.05406665802, 0.117318093777, 0.204869166017, 0.117498919368, 0.18824377656, 0.128287956119, 0.0829814299941, 0.165396228433, 0.118083454669, 0.0441800132394, 0.133280411363, 0.0834529325366, 0.0567391328514, 0.0412708744407, 0.026505401358, 0.035941362381, 0.0362739488482, 0.00778517406434, 0.00454911170527, 0.00287786172703, 0.000661696481984, 0.00012903320021, 8.62781689648e-06, 5.28863847649e-06],
        "stdev": [0.635315358639, 1.97741758823, 2.74079608917, 5.15988636017, 9.13803100586, 13.1930074692, 28.1971111298, 43.8817367554, 34.1851768494, 82.2178192139, 101.301361084, 129.779312134, 96.4096298218, 134.64944458, 116.05708313, 61.5275230408, 67.055557251, 76.7734527588, 96.1353149414, 56.531539917, 82.6596755981, 31.9799308777, 20.3383178711, 27.2279205322, 31.1513843536, 24.0951099396, 11.3210697174, 5.96108198166, 5.27798128128, 4.44835329056, 5.0697851181, 8.25423431396, 7.15755033493, 3.61483621597, 1.3879390955, 1.05425679684, 0.525349497795, 0.148119315505, 0.0229112561792, 0.000709288695361]
    },
    "gfcc": {
        "mean": [38.4355049133, 65.0028839111, -86.2577362061, 16.7170410156, -45.7565727234, 11.0215425491, -37.9804077148, 14.2338228226, -23.149312973, 2.41290307045, -16.6505184174, 4.95280742645, -7.11714506149],
        "cov": [[2036.16210938, -579.825256348, -131.247558594, -118.541770935, 98.3538131714, -1.50377094746, 219.980361938, 16.6883239746, -5.92271709442, 39.199180603, -19.1780986786, 0.818731963634, -32.9057731628], [-579.825256348, 736.399047852, 38.4930152893, 118.826942444, 15.9464664459, -12.1532907486, -61.9857826233, 25.0680999756, 27.4394950867, -84.5207748413, 43.6619682312, -56.65858078, 13.3004550934], [-131.247558594, 38.4930152893, 718.378173828, 70.5880661011, 66.7692718506, -2.87102937698, -74.288269043, -21.0791969299, 47.2714729309, -20.6027145386, -20.0175800323, 26.2677898407, -72.1834487915], [-118.541770935, 118.826942444, 70.5880661011, 275.113891602, 23.8762893677, 21.5953674316, -38.2152099609, 23.1200485229, 13.1528100967, -34.0159950256, 9.41948223114, -11.1764507294, 6.08283185959], [98.3538131714, 15.9464664459, 66.7692718506, 23.8762893677, 175.851959229, 41.6139831543, 70.8580551147, -2.3721241951, 0.644214332104, 1.3300640583, -8.09995365143, 13.5213756561, 11.6335382462], [-1.50377094746, -12.1532907486, -2.87102937698, 21.5953674316, 41.6139831543, 160.50567627, 56.5936508179, -22.9691181183, -32.4383773804, 8.31465148926, -7.69831943512, -10.702548027, 11.0926408768], [219.980361938, -61.9857826233, -74.288269043, -38.2152099609, 70.8580551147, 56.5936508179, 147.822265625, 6.42809581757, -20.953086853, 26.6635875702, -1.52181792259, 8.78434562683, 13.1925945282], [16.6883239746, 25.0680999756, -21.0791969299, 23.1200485229, -2.3721241951, -22.9691181183, 6.42809581757, 107.690132141, 57.4168434143, -24.2047996521, -8.24956226349, -5.59354448318, -1.32162642479], [-5.92271709442, 27.4394950867, 47.2714729309, 13.1528100967, 0.644214332104, -32.4383773804, -20.953086853, 57.4168434143, 116.46622467, -2.01540160179, 4.94771814346, 3.22413086891, -7.85021352768], [39.199180603, -84.5207748413, -20.6027145386, -34.0159950256, 1.3300640583, 8.31465148926, 26.6635875702, -24.2047996521, -2.01540160179, 110.508071899, 28.5675201416, 11.9530792236, 0.518853664398], [-19.1780986786, 43.6619682312, -20.0175800323, 9.41948223114, -8.09995365143, -7.69831943512, -1.52181792259, -8.24956226349, 4.94771814346, 28.5675201416, 96.9434509277, 23.7639141083, 13.9408454895], [0.818731963634, -56.65858078, 26.2677898407, -11.1764507294, 13.5213756561, -10.702548027, 8.78434562683, -5.59354448318, 3.22413086891, 11.9530792236, 23.7639141083, 87.9089279175, 25.7300300598], [-32.9057731628, 13.3004550934, -72.1834487915, 6.08283185959, 11.6335382462, 11.0926408768, 13.1925945282, -1.32162642479, -7.85021352768, 0.518853664398, 13.9408454895, 25.7300300598, 70.8734741211]],
        "icov": [[0.000823701615445, 0.000708375300746, 5.80768464715e-05, -4.10283573729e-05, -0.000271011143923, 0.000493244966492, -0.00119408860337, 0.000173445951077, -0.000268419506028, 0.000593135715462, -0.000489815836772, 0.000619853031822, 0.000342202431057], [0.000708375300746, 0.00249422271736, -5.0266738981e-05, -0.000397399591748, -0.000699573312886, 0.00053419789765, -0.00053739111172, 0.0001693139493, -0.000493287283462, 0.00192273897119, -0.00198290194385, 0.0022462925408, -0.000516038562637], [5.80768464715e-05, -5.0266738981e-05, 0.00209194025956, -0.000313958909828, -0.00122701353393, -0.00038402582868, 0.00127760984469, 0.000769841251895, -0.000847997609526, 0.00015944209008, 0.00044083056855, -0.00150430935901, 0.0025963219814], [-4.10283573729e-05, -0.000397399591748, -0.000313958909828, 0.00453655607998, -0.000971045752522, -0.00116918992717, 0.00187360774726, -0.00147700041998, 0.000438632181613, 0.000542355293874, -0.00080618361244, 0.000459298054921, -0.000651059206575], [-0.000271011143923, -0.000699573312886, -0.00122701353393, -0.000971045752522, 0.00879724696279, -0.000464164389996, -0.00479195918888, 0.00113550107926, -0.000980363111012, 0.000120344062452, 0.00129765900783, -0.000911071896553, -0.00165307021234], [0.000493244966492, 0.00053419789765, -0.00038402582868, -0.00116918992717, -0.000464164389996, 0.00866117049009, -0.00411957222968, 0.00179824465886, 0.000815698818769, 0.000281722983345, 0.000151970409206, 0.00225900602527, -0.00140277273022], [-0.00119408860337, -0.00053739111172, 0.00127760984469, 0.00187360774726, -0.00479195918888, -0.00411957222968, 0.0145098585635, -0.00389212463051, 0.0027410609182, -0.0030207792297, 0.000416349823354, -0.0018156763399, 0.000247719202889], [0.000173445951077, 0.0001693139493, 0.000769841251895, -0.00147700041998, 0.00113550107926, 0.00179824465886, -0.00389212463051, 0.015483497642, -0.00800120271742, 0.00347636174411, 0.000961665238719, 0.000616075471044, 0.000180463423021], [-0.000268419506028, -0.000493287283462, -0.000847997609526, 0.000438632181613, -0.000980363111012, 0.000815698818769, 0.0027410609182, -0.00800120271742, 0.0136808212847, -0.002290769713, -0.000612602452748, -0.000661377969664, 0.000333168689394], [0.000593135715462, 0.00192273897119, 0.00015944209008, 0.000542355293874, 0.000120344062452, 0.000281722983345, -0.0030207792297, 0.00347636174411, -0.002290769713, 0.0129902102053, -0.00458255130798, 0.00113552482799, 0.000733985449187], [-0.000489815836772, -0.00198290194385, 0.00044083056855, -0.00080618361244, 0.00129765900783, 0.000151970409206, 0.000416349823354, 0.000961665238719, -0.000612602452748, -0.00458255130798, 0.0141128562391, -0.00461362116039, -0.000768856494687], [0.000619853031822, 0.0022462925408, -0.00150430935901, 0.000459298054921, -0.000911071896553, 0.00225900602527, -0.0018156763399, 0.000616075471044, -0.000661377969664, 0.00113552482799, -0.00461362116039, 0.0171111300588, -0.00694596860558], [0.000342202431057, -0.000516038562637, 0.0025963219814, -0.000651059206575, -0.00165307021234, -0.00140277273022, 0.000247719202889, 0.000180463423021, 0.000333168689394, 0.000733985449187, -0.000768856494687, -0.00694596860558, 0.0202181544155]]
    },
    "melbands": {
        "max": [0.0322848185897, 0.0126119423658, 0.00626143720001, 0.00727339787409, 0.00803139526397, 0.0149924373254, 0.00848499685526, 0.0164049379528, 0.0135684274137, 0.0156817063689, 0.00682809250429, 0.00772532634437, 0.00983715988696, 0.00348075828515, 0.000731898879167, 0.00668093794957, 0.0020938271191, 0.00233208597638, 0.0018090546364, 0.000524849165231, 0.00185807829257, 0.000601643230766, 0.000421784003265, 0.000188352511032, 0.000371448084479, 0.000314396660542, 0.000142370772664, 0.00019485388475, 0.000136449889396, 3.9120153815e-05, 3.52449496859e-05, 3.40618571499e-05, 1.99183505174e-05, 3.85596395063e-05, 3.70813322661e-05, 8.25251700007e-05, 0.000139704454341, 0.000119344738778, 7.06131540937e-05, 5.49923424842e-05],
        "mean": [0.00250557879917, 0.00123390264343, 0.000890131515916, 0.000714165507816, 0.000628362060525, 0.000496580905747, 0.000266838324023, 0.000330958544509, 0.000334706826834, 0.000249579170486, 0.000199446483748, 0.00022569016437, 0.000139458439662, 8.34556049085e-05, 4.36935588368e-05, 5.33520105819e-05, 4.75148408441e-05, 4.54491746495e-05, 4.6041146561e-05, 3.41238446708e-05, 4.28635248682e-05, 2.12263166759e-05, 1.7203778043e-05, 1.22852998174e-05, 1.28831716211e-05, 1.40358915814e-05, 8.17247018858e-06, 7.8052516983e-06, 5.41566259926e-06, 3.01717477669e-06, 2.55217173617e-06, 2.20272636398e-06, 1.75108073108e-06, 1.67082032476e-06, 2.0137804313e-06, 2.12149393519e-06, 2.0150034743e-06, 2.17953174797e-06, 1.78686480012e-06, 1.51730955622e-06],
        "min": [5.4852471294e-06, 5.61977731195e-06, 1.90614412077e-06, 3.26096301251e-06, 6.6006441557e-06, 4.40226767751e-06, 1.60001491167e-06, 2.08018536796e-06, 3.75437139155e-07, 1.88245110166e-07, 4.90631009598e-07, 6.91004174769e-07, 2.82675273411e-07, 3.92097490476e-07, 3.30111532776e-07, 6.28329459573e-08, 2.38626796545e-07, 2.08330192208e-07, 2.40964453724e-07, 9.03308716715e-08, 2.64894083557e-07, 1.43244520245e-07, 6.51237499483e-08, 8.0733876473e-08, 8.44711394166e-08, 8.34321838283e-08, 2.65445141423e-08, 2.10667110423e-08, 7.57510747462e-08, 4.31370423826e-08, 2.8181039724e-08, 3.5106712204e-08, 1.9144135166e-08, 2.20683133989e-08, 1.62257229874e-08, 1.34230573323e-08, 2.31191119582e-08, 3.02487848103e-08, 9.91208448653e-09, 5.86683990278e-09],
        "stdev": [0.00438176095486, 0.00152255466674, 0.00085021473933, 0.000804406998213, 0.000812558166217, 0.00092613772722, 0.00051661656471, 0.000938287179451, 0.000949523993768, 0.000806480122264, 0.000488075311296, 0.000559508160222, 0.000501511909533, 0.000236845895415, 7.99134286353e-05, 0.000221292473725, 0.000141391981742, 0.000144575824379, 0.000116568211524, 5.74914738536e-05, 0.000115568414913, 3.73853981728e-05, 3.12804550049e-05, 1.88421636267e-05, 2.498737922e-05, 2.85042915493e-05, 1.44245668707e-05, 1.72449599631e-05, 8.80055722519e-06, 4.28053317592e-06, 3.67331017515e-06, 3.36715697813e-06, 2.44137208938e-06, 2.69668612418e-06, 2.68851954388e-06, 3.94482594857e-06, 5.6762883105e-06, 5.57238308829e-06, 3.85889870813e-06, 2.86366230284e-06]
    },
    "melbands128": {
        "max": [0.0153004657477, 0.0452444180846, 0.0389871522784, 0.0275897346437, 0.0128604136407, 0.0115492800251, 0.00954079162329, 0.0065834550187, 0.0119169298559, 0.0123759917915, 0.00720467278734, 0.00766521180049, 0.0140660628676, 0.0166258979589, 0.0262766927481, 0.0147085264325, 0.0164542663842, 0.0105925090611, 0.0079691214487, 0.0209406539798, 0.0237616654485, 0.0111244758591, 0.0168975889683, 0.0444294847548, 0.0270255468786, 0.0200155116618, 0.0221760980785, 0.0107694789767, 0.0114402472973, 0.0129264742136, 0.0137695018202, 0.0127619579434, 0.0197419524193, 0.00741114094853, 0.00513361534104, 0.0061943330802, 0.00274790613912, 0.00103073520586, 0.00173880753573, 0.00286326161586, 0.0145303085446, 0.0039483262226, 0.00424837693572, 0.00360533944331, 0.00204539089464, 0.00404750322923, 0.0075461785309, 0.00251982267946, 0.00220552738756, 0.00115999137051, 0.00106682197656, 0.0017993565416, 0.00380497565493, 0.00262067466974, 0.00158864748664, 0.000533074897248, 0.000569312367588, 0.00116327218711, 0.000736145011615, 0.000350519927451, 0.000282601598883, 0.000505016534589, 0.000743533717468, 0.000600368017331, 0.000856938248035, 0.000537134357728, 0.000581879226957, 0.000407534302212, 0.000180225644726, 0.000356947683031, 0.000393896742025, 0.000328203313984, 0.000198596084374, 0.000313587574055, 0.000163738950505, 7.49771133997e-05, 4.46577032562e-05, 5.06291726197e-05, 4.33629684267e-05, 4.42526070401e-05, 5.15730571351e-05, 3.78399490728e-05, 4.82353534608e-05, 3.13158307108e-05, 4.16945076722e-05, 4.12270492234e-05, 5.21338988619e-05, 3.55361407856e-05, 3.1203362596e-05, 4.85903910885e-05, 8.45153772389e-05, 7.41475596442e-05, 0.000123809339129, 0.000134446236189, 0.000165937672136, 0.000188224788872, 0.000107598505565, 9.83791978797e-05, 7.62685667723e-05, 6.29758942523e-05, 9.00517625269e-05, 6.69353466947e-05, 3.0527367926e-05, 2.10050548048e-05, 1.47860937432e-05, 1.17495928862e-05, 1.4772814211e-05, 2.75307374977e-05, 1.83742322406e-05, 2.65313119598e-05, 1.55811758304e-05, 1.5606823581e-05, 1.96512955881e-05, 1.64996945387e-05, 1.60446070367e-05, 1.78597092599e-05, 1.27556431835e-05, 1.17890103866e-05, 1.05713615994e-05, 1.21145621961e-05, 7.16607883078e-06, 1.28560332087e-05, 2.97841711472e-06, 2.3759670853e-07, 1.27597070687e-08, 1.27680976902e-08, 1.27687549423e-08, 1.27642127978e-08],
        "mean": [0.00109185813926, 0.00305428961292, 0.00297364848666, 0.00173837214243, 0.00104242528323, 0.000864637841005, 0.0010306230979, 0.000862110522576, 0.000721216609236, 0.000873558339663, 0.000552327197511, 0.000517457898241, 0.000701235781889, 0.000704817473888, 0.000506387616042, 0.000421712553361, 0.000251324439887, 0.00023597368272, 0.000267780356808, 0.000361570972018, 0.000330422248226, 0.000330251903506, 0.000355083349859, 0.000324782420648, 0.00022953536245, 0.000216377156903, 0.000297378981486, 0.000155764093506, 0.000140330186696, 0.000301153922919, 0.000209041376365, 0.000175532026333, 0.000184402728337, 5.71332166146e-05, 8.97138597793e-05, 0.00010116797057, 6.59016004647e-05, 2.09744339372e-05, 5.03571391164e-05, 4.85414057039e-05, 4.64286204078e-05, 7.18239316484e-05, 5.61469496461e-05, 3.1825635233e-05, 2.44654165726e-05, 4.63547912659e-05, 7.95352170826e-05, 2.98381291941e-05, 3.98053234676e-05, 5.81879285164e-05, 1.99747082661e-05, 2.20542788156e-05, 6.3848834543e-05, 4.00232347602e-05, 2.48504966294e-05, 1.86766774277e-05, 1.61705447681e-05, 2.70912496489e-05, 1.3168570149e-05, 8.56596125232e-06, 1.37393171826e-05, 1.32355844471e-05, 1.18853140521e-05, 1.33159646794e-05, 1.40534566526e-05, 1.2347772099e-05, 1.80139504664e-05, 7.98865676188e-06, 4.50164861832e-06, 9.58690725383e-06, 9.55656923907e-06, 6.100201972e-06, 5.0467760957e-06, 6.55436497254e-06, 3.83768929169e-06, 3.19141236105e-06, 2.42009150497e-06, 2.69223141913e-06, 2.703754717e-06, 2.2724630071e-06, 2.31109993365e-06, 2.05109358831e-06, 2.07679136111e-06, 1.65361143445e-06, 1.63468780556e-06, 1.50960227074e-06, 1.82981091257e-06, 1.70312841874e-06, 1.82346673228e-06, 2.48108517553e-06, 2.27130453823e-06, 1.93571145246e-06, 1.98812631425e-06, 1.95321081264e-06, 2.09134145734e-06, 2.17602450903e-06, 2.34168282987e-06, 1.95172833628e-06, 1.85509202311e-06, 1.64946357017e-06, 1.54742133418e-06, 1.57615443186e-06, 1.38951850204e-06, 1.18758703138e-06, 1.07218647827e-06, 9.65049366641e-07, 1.20292554584e-06, 1.73592093233e-06, 9.29652230752e-07, 1.29005695726e-06, 1.01042371625e-06, 9.61419573287e-07, 9.69478492152e-07, 9.51606068611e-07, 1.15929196909e-06, 8.84905205112e-07, 7.07216031515e-07, 6.8502549766e-07, 5.6055779396e-07, 4.11915209497e-07, 2.84853541643e-07, 3.33550559617e-07, 1.31079616494e-07, 3.8089895682e-09, 1.63305809847e-11, 1.60039898001e-11, 1.58279032242e-11, 1.57586339811e-11],
        "min": [4.82836739479e-08, 1.57949699542e-07, 6.17440855422e-06, 1.70472537775e-06, 1.56366331794e-06, 9.09471566501e-07, 1.27535463434e-06, 4.93950096825e-07, 8.2131077761e-07, 9.4729898592e-07, 9.50634387209e-07, 1.28667102217e-06, 8.67481674049e-07, 2.72234046861e-06, 2.99661360259e-06, 5.48130799416e-07, 6.72230839882e-07, 4.43426102947e-07, 4.86803116928e-07, 2.62560064357e-07, 2.68053895525e-07, 4.6509254048e-07, 2.52929311273e-07, 1.327907313e-07, 4.87050080267e-08, 2.22834756869e-07, 1.80273758588e-07, 4.48753887383e-08, 3.54541782599e-07, 4.19043942657e-07, 3.25573523696e-07, 8.97608174455e-08, 1.43596523117e-07, 3.42606142567e-07, 1.32280334242e-07, 2.84160364572e-07, 2.00541833806e-07, 1.45607415902e-07, 6.66135662186e-08, 9.5219945706e-08, 2.87774337693e-08, 5.64388997759e-08, 5.86711621509e-08, 1.31933290959e-07, 1.06380397824e-07, 1.95980817352e-07, 1.22049812035e-07, 7.47542188151e-08, 1.65134991903e-07, 1.21107049722e-07, 5.69944944573e-08, 5.55539543257e-08, 1.22884173948e-07, 1.10423989952e-07, 6.90548986881e-08, 5.44182263695e-08, 1.08980977132e-07, 5.78232928206e-08, 4.62548399582e-08, 7.4195021682e-08, 8.98050913634e-08, 6.1035507315e-08, 2.76319713777e-08, 4.25630624079e-08, 6.07807635333e-08, 3.66294656828e-08, 1.83935604525e-08, 2.57328558462e-08, 3.10099217415e-08, 3.00168956358e-08, 1.48405954192e-08, 1.59432929081e-08, 3.71901514029e-08, 3.15361958769e-08, 3.57222944558e-08, 1.63679079179e-08, 3.24642321914e-08, 1.65123577034e-08, 2.32305943371e-08, 1.49783936365e-08, 2.40361401893e-08, 1.84536670389e-08, 1.44062832774e-08, 1.69623355362e-08, 1.12511600037e-08, 1.80088530755e-08, 4.56835591578e-09, 1.03404973473e-08, 6.14150641454e-09, 8.60065174635e-09, 7.07481540019e-09, 1.47070453593e-08, 1.50392143183e-08, 1.47210110768e-08, 8.93180018835e-09, 1.28328192517e-08, 1.62507358681e-08, 1.70702829649e-08, 7.07225522589e-09, 4.60532767477e-09, 2.57274956894e-09, 5.36247624083e-09, 2.05533989828e-09, 4.06907574302e-09, 4.01006383655e-09, 2.77007883298e-09, 2.76007439126e-09, 1.62851332419e-09, 2.90955060045e-09, 2.44462272647e-09, 1.70597902471e-09, 9.07694142072e-10, 1.00299590855e-09, 7.37625294178e-10, 1.54241108774e-09, 1.64429703187e-09, 3.47818329693e-10, 4.14756631817e-11, 2.04087072762e-13, 2.13672815877e-13, 2.42167776717e-13, 2.03369114084e-13, 2.39253712328e-13, 2.07086355442e-13, 1.51817753789e-13, 6.07543326086e-14, 9.6694824863e-15, 4.07238194447e-16],
        "stdev": [0.00219104997814, 0.00633978564292, 0.00526492809877, 0.00283983256668, 0.00155337154865, 0.00122904602904, 0.00123077759054, 0.000899798236787, 0.00109909800813, 0.00118057010695, 0.000822435540613, 0.000798745197244, 0.00125486159232, 0.00133043585811, 0.00135947682429, 0.00117758405395, 0.000804508046713, 0.00056560075609, 0.000777587410994, 0.00130010372959, 0.00132510287222, 0.00100089295302, 0.00130294275004, 0.00180770771112, 0.00106472743209, 0.000980673590675, 0.0011539630359, 0.0005405957927, 0.000495717395097, 0.000819928594865, 0.000781974929851, 0.00078043481335, 0.00086295127403, 0.000308678107103, 0.000361010461347, 0.000353966664989, 0.000187342826393, 6.42473169137e-05, 0.000140453790664, 0.000180985807674, 0.000435375841334, 0.000261105946265, 0.000231635945966, 0.000153408691403, 9.90757107502e-05, 0.000190225444385, 0.000374384544557, 0.000139567389851, 0.000124669808429, 0.000134925663588, 5.97784019192e-05, 6.86385974404e-05, 0.000223518072744, 0.00012561470794, 8.03117000032e-05, 4.86044737045e-05, 3.58026918548e-05, 7.04831836629e-05, 3.55855772796e-05, 1.93944179046e-05, 2.64758855337e-05, 3.01565978589e-05, 3.21629195241e-05, 3.78742697649e-05, 4.55700828752e-05, 3.64226580132e-05, 4.95043314004e-05, 2.48435790127e-05, 1.0539509276e-05, 2.91195428872e-05, 3.01159434457e-05, 1.79428498086e-05, 1.10847204269e-05, 1.45908315972e-05, 8.03309376352e-06, 6.24327140031e-06, 4.01741499445e-06, 4.55109784525e-06, 5.09263600179e-06, 3.7873560359e-06, 4.55723466075e-06, 3.64527113561e-06, 3.60995386472e-06, 2.60743513536e-06, 2.81515963252e-06, 2.79663800029e-06, 3.34042761096e-06, 2.78149400401e-06, 2.70788814305e-06, 3.83087581213e-06, 3.68308724319e-06, 4.36430218542e-06, 5.92789456277e-06, 5.52739265913e-06, 6.52834160064e-06, 6.97905034031e-06, 5.36958623343e-06, 4.8766864893e-06, 4.14277565142e-06, 3.31341971105e-06, 4.07383322454e-06, 2.96032908409e-06, 2.19400908463e-06, 1.84721852747e-06, 1.67885912106e-06, 1.30182388602e-06, 1.75111142653e-06, 3.07673576572e-06, 1.59546095801e-06, 2.40850954469e-06, 1.73027399342e-06, 1.74049318957e-06, 1.71835426954e-06, 1.92012612388e-06, 2.08257961276e-06, 1.372756401e-06, 1.12404086394e-06, 1.08981203084e-06, 9.73193550635e-07, 9.19926833376e-07, 5.91187699683e-07, 8.4368178932e-07, 3.05680771362e-07, 1.23605907731e-08, 3.47985557037e-10, 3.47929574041e-10, 3.47791906385e-10, 3.47591622152e-10]
    },
    "mfcc": {
        "mean": [-622.178588867, 114.259078979, 14.1890039444, 15.0348310471, 13.9208917618, -1.40891623497, 2.1047949791, 4.2719669342, 2.88646197319, 2.65463805199, -5.55118846893, -0.833602547646, -0.586644172668],
        "cov": [[2027.93212891, -460.240753174, -350.664733887, -47.5542449951, -164.290771484, 35.0943832397, 99.6751327515, 42.2945976257, 12.4130191803, 114.768447876, 14.1981754303, -71.1038513184, 22.0673179626], [-460.240753174, 520.55291748, 76.3230056763, 37.603427887, 79.7197799683, -33.2194366455, -5.84660625458, 17.2463626862, -12.1390600204, -6.35594320297, -10.1740703583, 16.7691955566, -7.12460803986], [-350.664733887, 76.3230056763, 506.237091064, 86.2778015137, 143.702651978, -1.1793718338, -64.9050216675, 14.0270023346, -15.664557457, -64.8687591553, 42.17811203, 62.6367950439, -12.1312580109], [-47.5542449951, 37.603427887, 86.2778015137, 199.689468384, 77.8652877808, -20.9673404694, -16.0150241852, 24.8983955383, 6.22429609299, -14.8764715195, 0.927340805531, 28.246257782, 6.70756053925], [-164.290771484, 79.7197799683, 143.702651978, 77.8652877808, 163.800674438, -2.44512915611, -23.302236557, 37.9836463928, 14.1572904587, -9.02068042755, -3.07216763496, 17.2305011749, 0.660563528538], [35.0943832397, -33.2194366455, -1.1793718338, -20.9673404694, -2.44512915611, 186.944763184, 88.5149917603, -13.7776994705, 11.8902959824, -5.36614608765, -5.88931846619, -17.9569416046, 2.97531747818], [99.6751327515, -5.84660625458, -64.9050216675, -16.0150241852, -23.302236557, 88.5149917603, 150.018554688, 0.650218248367, -1.72310185432, 14.8563213348, -19.7687683105, -17.1268348694, 6.91813898087], [42.2945976257, 17.2463626862, 14.0270023346, 24.8983955383, 37.9836463928, -13.7776994705, 0.650218248367, 114.753067017, 38.5034751892, 4.70738792419, -4.86991739273, -6.69993782043, 2.71607255936], [12.4130191803, -12.1390600204, -15.664557457, 6.22429609299, 14.1572904587, 11.8902959824, -1.72310185432, 38.5034751892, 88.9982147217, 27.1852893829, 0.566857159138, -13.8747348785, -2.65252637863], [114.768447876, -6.35594320297, -64.8687591553, -14.8764715195, -9.02068042755, -5.36614608765, 14.8563213348, 4.70738792419, 27.1852893829, 91.3824234009, 15.3662538528, -20.5110931396, -1.23475599289], [14.1981754303, -10.1740703583, 42.17811203, 0.927340805531, -3.07216763496, -5.88931846619, -19.7687683105, -4.86991739273, 0.566857159138, 15.3662538528, 81.4688568115, 28.1162471771, -9.20698833466], [-71.1038513184, 16.7691955566, 62.6367950439, 28.246257782, 17.2305011749, -17.9569416046, -17.1268348694, -6.69993782043, -13.8747348785, -20.5110931396, 28.1162471771, 86.2033843994, 25.4187240601], [22.0673179626, -7.12460803986, -12.1312580109, 6.70756053925, 0.660563528538, 2.97531747818, 6.91813898087, 2.71607255936, -2.65252637863, -1.23475599289, -9.20698833466, 25.4187240601, 78.7498474121]],
        "icov": [[0.000779741560109, 0.000616628152784, 0.000286609254545, -0.000228749602684, 0.000326735083945, -1.22303554235e-05, -0.000254389713518, -0.000605392444413, 0.000505223521031, -0.000709708139766, -0.00027667163522, 0.000278605060885, -0.000174512475496], [0.000616628152784, 0.00263606850058, 0.000154993467731, -0.000101738791273, -0.000790792808402, 0.000480996299302, -0.000578682404011, -0.000541902962141, 0.000795720785391, -0.000727100647055, 0.000190025093616, -0.000161755015142, 0.000246055831667], [0.000286609254545, 0.000154993467731, 0.00349662522785, -0.00026352511486, -0.00250843446702, -0.000553344783839, 0.00072496564826, -0.00013019470498, 0.000551550299861, 0.0016486174427, -0.00176029570866, -0.000846692069899, 0.000589469796978], [-0.000228749602684, -0.000101738791273, -0.00026352511486, 0.00654213642702, -0.0028099862393, 0.000822302303277, -0.000401876459364, -0.000176976711373, -0.000552620505914, 0.000784588570241, 0.000301564141409, -0.00148180767428, -1.77838956006e-06], [0.000326735083945, -0.000790792808402, -0.00250843446702, -0.0028099862393, 0.0111471740529, -0.00121947471052, 0.00127371470444, -0.00269083841704, -0.000258734711679, -0.00217884918675, 0.00227329484187, -0.000583161832765, 3.44368636434e-05], [-1.22303554235e-05, 0.000480996299302, -0.000553344783839, 0.000822302303277, -0.00121947471052, 0.00876776315272, -0.0057019116357, 0.00214026751928, -0.00255060335621, 0.00249315123074, -0.00161420996301, 0.00211304053664, -0.000919866783079], [-0.000254389713518, -0.000578682404011, 0.00072496564826, -0.000401876459364, 0.00127371470444, -0.0057019116357, 0.0111605701968, -0.00156071479432, 0.00216668285429, -0.00253004487604, 0.00266994303092, -0.00099503970705, 0.000109605374746], [-0.000605392444413, -0.000541902962141, -0.00013019470498, -0.000176976711373, -0.00269083841704, 0.00214026751928, -0.00156071479432, 0.0120972022414, -0.00557828275487, 0.00212103780359, -0.000430017855251, 0.00137672026176, -0.000872067234013], [0.000505223521031, 0.000795720785391, 0.000551550299861, -0.000552620505914, -0.000258734711679, -0.00255060335621, 0.00216668285429, -0.00557828275487, 0.0159387085587, -0.00519180856645, 0.000443527242169, 0.00060486944858, 0.000475113891298], [-0.000709708139766, -0.000727100647055, 0.0016486174427, 0.000784588570241, -0.00217884918675, 0.00249315123074, -0.00253004487604, 0.00212103780359, -0.00519180856645, 0.016824753955, -0.00603417633101, 0.00433192169294, -0.0016213824274], [-0.00027667163522, 0.000190025093616, -0.00176029570866, 0.000301564141409, 0.00227329484187, -0.00161420996301, 0.00266994303092, -0.000430017855251, 0.000443527242169, -0.00603417633101, 0.0181922242045, -0.00792216788977, 0.00422442285344], [0.000278605060885, -0.000161755015142, -0.000846692069899, -0.00148180767428, -0.000583161832765, 0.00211304053664, -0.00099503970705, 0.00137672026176, 0.00060486944858, 0.00433192169294, -0.00792216788977, 0.0192595962435, -0.00718642910942], [-0.000174512475496, 0.000246055831667, 0.000589469796978, -1.77838956006e-06, 3.44368636434e-05, -0.000919866783079, 0.000109605374746, -0.000872067234013, 0.000475113891298, -0.0016213824274, 0.00422442285344, -0.00718642910942, 0.0157195702195]]
    },
    "spectral_contrast_coeffs": {
        "max": [-0.483460992575, -0.46201890707, -0.467413425446, -0.566598415375, -0.63263463974, -0.698186278343],
        "mean": [-0.724748671055, -0.739038169384, -0.746241867542, -0.777972817421, -0.781208872795, -0.811957001686],
        "min": [-0.89547753334, -0.903825998306, -0.905944645405, -0.91589152813, -0.876238107681, -0.93459635973],
        "stdev": [0.0646024346352, 0.0774995833635, 0.0751128792763, 0.0564536675811, 0.0473257601261, 0.0285871103406]
    },
    "spectral_contrast_valleys": {
        "max": [-4.91150045395, -5.16312742233, -5.82900524139, -6.01076173782, -5.98861885071, -7.36727046967],
        "mean": [-6.32337236404, -6.62905883789, -7.28615236282, -7.54054927826, -7.58990001678, -9.55609035492],
        "min": [-8.54630947113, -8.18768405914, -8.85911083221, -8.86346054077, -9.29198741913, -11.3261365891],
        "stdev": [0.629078090191, 0.443907320499, 0.517044007778, 0.490812182426, 0.546276032925, 0.598990678787]
    }
},
"rhythm": {
    "beats_count": 53,
    "beats_loudness": {
        "max": 0.105586364865,
        "mean": 0.0605781748891,
        "min": 0.0221879519522,
        "stdev": 0.0220034066588
    },
    "bpm": 99.0575180054,
    "bpm_histogram_first_peak_bpm": 99,
    "bpm_histogram_first_peak_weight": 0.0196078419685,
    "bpm_histogram_second_peak_bpm": 105,
    "bpm_histogram_second_peak_spread": 0,
    "bpm_histogram_second_peak_weight": 0.0192307699472,
    "danceability": 1.66960859299,
    "onset_rate": 4.73730421066,
    "beats_loudness_band_ratio": {
        "max": [0.910040318966, 0.81744748354, 0.458392202854, 0.379797339439, 0.150221481919, 0.105008080602],
        "mean": [0.640674293041, 0.139480650425, 0.0857193097472, 0.0783905014396, 0.0431870892644, 0.0319105349481],
        "min": [0.0251925699413, 0.0115585941821, 0.00836204364896, 0.00449214782566, 0.002888526069, 0.00449258042499],
        "stdev": [0.174725696445, 0.130504265428, 0.0927570611238, 0.0874635577202, 0.0370399542153, 0.0215795561671]
    },
    "beats_position": [0.545668900013, 1.11455774307, 1.69505667686, 2.29877543449, 2.90249419212, 3.50621318817, 4.1099319458, 4.72526073456, 5.34058952332, 5.94430828094, 6.54802703857, 7.1517457962, 7.75546455383, 8.35918331146, 8.96290206909, 9.57823085785, 10.1935596466, 10.7972784042, 11.4009971619, 12.0047159195, 12.6084346771, 13.2121543884, 13.8158731461, 14.4195919037, 15.0233106613, 15.6270294189, 16.2307472229, 16.8460769653, 17.4614048004, 18.0651245117, 18.6688423157, 19.272562027, 19.8762817383, 20.4799995422, 21.0837192535, 21.6990470886, 22.3143768311, 22.918094635, 23.5218143463, 24.1255321503, 24.7292518616, 25.3329696655, 25.9366893768, 26.5404071808, 27.1441268921, 27.747844696, 28.3631744385, 28.9785022736, 29.5822219849, 30.1859397888, 30.7896595001, 31.3933773041, 32.0087051392],
