{
"metadata": {
    "version": {
        "essentia": "2.1-beta5",
        "essentia_git_sha": "Undefined",
        "extractor": "music 2.0"
    },
    "audio_properties": {
        "analysis": {
            "equal_loudness": 0,
            "length": 33.3786849976,
            "sample_rate": 44100,
            "start_time": 146.239273071,
            "downmix": "mix"
        },
        "bit_rate": 192000,
        "length": 179.641189575,
        "lossless": 0,
        "number_channels": 2,
        "replay_gain": -5.06650924683,
        "sample_rate": 48000,
        "codec": "mp3",
        "md5_encoded": "54e9e16d0254127b781c1d44acc6cc40"
    },
    "tags": {
        "file_name": "Switzerland_In Love For A While_Anna Rossinelli.mp3",
        "encoding": ["Lavf58.29.100"]
    }
},
"lowlevel": {
    "average_loudness": 0.74364310503,
    "barkbands_crest": {
        "max": 24.9338054657,
        "mean": 12.711605072,
        "min": 3.615878582,
        "stdev": 4.34629583359
    },
    "barkbands_flatness_db": {
        "max": 0.37185677886,
        "mean": 0.178351432085,
        "min": 0.0296794455498,
        "stdev": 0.0573025420308
    },
    "barkbands_kurtosis": {
        "max": 190.707321167,
        "mean": 6.13392591476,
        "min": -1.86554419994,
        "stdev": 12.1330776215
    },
    "barkbands_skewness": {
        "max": 11.1958618164,
        "mean": 1.46831274033,
        "min": -1.67067587376,
        "stdev": 1.49233341217
    },
    "barkbands_spread": {
        "max": 106.26108551,
        "mean": 15.5542068481,
        "min": 0.785539269447,
        "stdev": 12.7183446884
    },
    "dissonance": {
        "max": 0.499999940395,
        "mean": 0.437680393457,
        "min": 0.203106880188,
        "stdev": 0.0520931631327
    },
    "dynamic_complexity": 3.61641860008,
    "erbbands_crest": {
        "max": 30.5030040741,
        "mean": 13.1144781113,
        "min": 3.45932555199,
        "stdev": 5.07086038589
    },
    "erbbands_flatness_db": {
        "max": 0.355429053307,
        "mean": 0.211839109659,
        "min": 0.0656434372067,
        "stdev": 0.0569631978869
    },
    "erbbands_kurtosis": {
        "max": 30.8562011719,
        "mean": 3.25951957703,
        "min": -1.77156317234,
        "stdev": 3.56306314468
    },
    "erbbands_skewness": {
        "max": 4.75502443314,
        "mean": 0.886816978455,
        "min": -1.70374774933,
        "stdev": 0.937267363071
    },
    "erbbands_spread": {
        "max": 127.989273071,
        "mean": 21.7799434662,
        "min": 4.03973579407,
        "stdev": 15.4776611328
    },
    "hfc": {
        "max": 206.228805542,
        "mean": 20.4244556427,
        "min": 1.43058427327e-08,
        "stdev": 22.9211711884
    },
    "loudness_ebu128": {
        "integrated": -18.159576416,
        "loudness_range": 7.07667541504,
        "momentary": {
            "max": -14.2855510712,
            "mean": -19.7126522064,
            "min": -34.2249145508,
            "stdev": 4.04794406891
        },
        "short_term": {
            "max": -15.3616027832,
            "mean": -19.2874336243,
            "min": -25.9164905548,
            "stdev": 2.79571604729
        }
    },
    "melbands_crest": {
        "max": 31.6370639801,
        "mean": 15.3807830811,
        "min": 5.06419754028,
        "stdev": 4.91887569427
    },
    "melbands_flatness_db": {
        "max": 0.432600975037,
        "mean": 0.230101138353,
        "min": 0.0125649962574,
        "stdev": 0.0625478029251
    },
    "melbands_kurtosis": {
        "max": 253.412872314,
        "mean": 11.0640506744,
        "min": -1.48507142067,
        "stdev": 20.7720222473
    },
    "melbands_skewness": {
        "max": 12.7022209167,
        "mean": 1.9507124424,
        "min": -1.21663749218,
        "stdev": 1.77505087852
    },
    "melbands_spread": {
        "max": 155.935882568,
        "mean": 19.6953659058,
        "min": 1.00826072693,
        "stdev": 15.3210124969
    },
    "pitch_salience": {
        "max": 0.870290160179,
        "mean": 0.532073318958,
        "min": 0.138565182686,
        "stdev": 0.140528514981
    },
    "silence_rate_20dB": {
        "max": 1,
        "mean": 1,
        "min": 1,
        "stdev": 0
    },
    "silence_rate_30dB": {
        "max": 1,
        "mean": 0.999305069447,
        "min": 0,
        "stdev": 0.0263522136956
    },
    "silence_rate_60dB": {
        "max": 1,
        "mean": 0.088950663805,
        "min": 0,
        "stdev": 0.28467208147
    },
    "spectral_centroid": {
        "max": 3986.34277344,
        "mean": 1117.98498535,
        "min": 231.618347168,
        "stdev": 532.995544434
    },
    "spectral_complexity": {
        "max": 40,
        "mean": 13.7762336731,
        "min": 0,
        "stdev": 6.67148208618
    },
    "spectral_decrease": {
        "max": -7.24176851504e-20,
        "mean": -5.58023671715e-09,
        "min": -2.6590111446e-08,
        "stdev": 4.76333417154e-09
    },
    "spectral_energy": {
        "max": 0.108568787575,
        "mean": 0.0229137074202,
        "min": 1.57090345506e-12,
        "stdev": 0.0196778848767
    },
    "spectral_energyband_high": {
        "max": 0.0216273404658,
        "mean": 0.00053924228996,
        "min": 1.17053209573e-12,
        "stdev": 0.00121448421851
    },
    "spectral_energyband_low": {
        "max": 0.0635140314698,
        "mean": 0.00560112530366,
        "min": 5.12433926672e-14,
        "stdev": 0.00961820594966
    },
    "spectral_energyband_middle_high": {
        "max": 0.0730021819472,
        "mean": 0.00886822119355,
        "min": 2.60687711652e-13,
        "stdev": 0.0128004588187
    },
    "spectral_energyband_middle_low": {
        "max": 0.0716916695237,
        "mean": 0.00822718720883,
        "min": 6.23292243556e-14,
        "stdev": 0.00814796704799
    },
    "spectral_entropy": {
        "max": 8.97105693817,
        "mean": 7.21301555634,
        "min": 5.56485128403,
        "stdev": 0.510998010635
    },
    "spectral_flux": {
        "max": 0.276193350554,
        "mean": 0.0762372240424,
        "min": 0.000153658649651,
        "stdev": 0.049773581326
    },
    "spectral_kurtosis": {
        "max": 25.3474388123,
        "mean": 6.22386550903,
        "min": -1.16095817089,
        "stdev": 2.96074199677
    },
    "spectral_rms": {
        "max": 0.0102917822078,
        "mean": 0.00430244393647,
        "min": 3.91482899431e-08,
        "stdev": 0.00196053716354
    },
    "spectral_rolloff": {
        "max": 16451.3671875,
        "mean": 1250.83996582,
        "min": 64.599609375,
        "stdev": 1120.36413574
    },
    "spectral_skewness": {
        "max": 4.12554550171,
        "mean": 2.00720334053,
        "min": 0.248466417193,
        "stdev": 0.478510588408
    },
    "spectral_spread": {
        "max": 16937440,
        "mean": 4379819,
        "min": 2154814.75,
        "stdev": 1513564.75
    },
    "spectral_strongpeak": {
        "max": 12.8125,
        "mean": 1.60964632034,
        "min": 0,
        "stdev": 2.03897881508
    },
    "zerocrossingrate": {
        "max": 0.5732421875,
        "mean": 0.0497436113656,
        "min": 0.0029296875,
        "stdev": 0.032030172646
    },
    "barkbands": {
        "max": [0.000986949424259, 0.0566174164414, 0.0497593432665, 0.00465260166675, 0.0651141256094, 0.03604901582, 0.0475075952709, 0.0247531868517, 0.0273184347898, 0.0322628840804, 0.041267927736, 0.0479412935674, 0.0560012608767, 0.0558538846672, 0.0149795776233, 0.0133743649349, 0.00928735546768, 0.00648002419621, 0.00373933976516, 0.00283023971133, 0.00432903366163, 0.00261114002205, 0.00437949225307, 0.0157928820699, 0.0027581830509, 0.000692682282533, 0.000673694361467],
        "mean": [5.90001109231e-05, 0.0042167599313, 0.00119114597328, 0.000229801094974, 0.00165387080051, 0.000851341639645, 0.00207312218845, 0.000943677907344, 0.00201053917408, 0.0017386006657, 0.00150472577661, 0.00119529874064, 0.00190272380132, 0.00134894659277, 0.000360640668077, 0.000321949046338, 0.000294526980724, 0.0002889171883, 0.000141844822792, 0.000145921600051, 0.000123153848108, 4.2575160478e-05, 7.40919422242e-05, 0.000107127903902, 7.27067235857e-05, 1.09971251732e-05, 9.65399340203e-06],
        "min": [4.04650745962e-14, 2.36519059682e-14, 6.3314882715e-15, 5.25587628365e-15, 1.12871739611e-14, 1.53946933733e-14, 9.31764194067e-15, 3.82167840329e-15, 1.2505149741e-14, 1.51722269459e-14, 1.09330455794e-14, 7.69258043224e-15, 2.24452533247e-14, 3.0900639442e-14, 3.50635793729e-14, 1.42587002183e-14, 2.97444936791e-14, 1.49343089436e-14, 5.80226310249e-14, 9.29142152757e-14, 7.81830045041e-14, 9.75816785232e-14, 5.93057097572e-14, 1.26412592959e-13, 1.77863461264e-13, 2.46673720946e-13, 3.21899896061e-13],
        "stdev": [0.000125726903207, 0.00794653873891, 0.00372532219626, 0.000411551009165, 0.00428551295772, 0.00268405023962, 0.00448349490762, 0.00242222752422, 0.00332155707292, 0.00285688461736, 0.00412154383957, 0.00392201542854, 0.00611221650615, 0.00413211481646, 0.00112398457713, 0.00109716237057, 0.000891505449545, 0.000710866588634, 0.000315064244205, 0.000276755425148, 0.000306355708744, 0.000141666925629, 0.000237937900238, 0.000581043947022, 0.000228059114306, 3.53835457645e-05, 4.64051154268e-05]
    },
    "erbbands": {
        "max": [1.39971506596, 13.4025659561, 48.4131774902, 32.1069946289, 79.2922897339, 289.958465576, 430.859802246, 312.394287109, 792.207397461, 524.966674805, 604.414306641, 703.90826416, 942.550109863, 1530.96411133, 1733.53149414, 2464.99536133, 2419.95654297, 1977.60571289, 2719.17236328, 624.758789062, 911.680114746, 481.923492432, 390.196411133, 277.128204346, 101.044883728, 89.9295120239, 232.142669678, 134.590591431, 102.098945618, 149.850494385, 117.434608459, 296.788391113, 229.594741821, 50.3362617493, 20.4000434875, 3.63076758385, 1.52890264988, 0.243520110846, 0.192956745625, 0.00355545245111],
        "mean": [0.11357935518, 0.971241116524, 1.54873764515, 1.05426621437, 1.80740058422, 7.43161058426, 6.22999620438, 8.1795167923, 25.8512477875, 28.1238956451, 21.0447540283, 41.8779525757, 52.5170402527, 67.950668335, 57.7917556763, 49.970993042, 91.9326705933, 86.5664672852, 28.730178833, 13.920996666, 19.9184932709, 16.7720623016, 15.1651105881, 12.7977466583, 5.3839058876, 7.20280742645, 6.49423837662, 3.63969039917, 1.73711693287, 1.24124407768, 2.3630092144, 2.27278137207, 1.72178542614, 0.730074703693, 0.600688278675, 0.072069644928, 0.0180305503309, 0.00706786708906, 0.00249814544804, 7.21719261492e-05],
        "min": [1.25519679286e-12, 3.48508700197e-12, 7.13040433989e-12, 1.33249071499e-11, 2.71268632557e-11, 3.65841940075e-11, 7.2124445305e-11, 1.42141312609e-10, 1.46915535293e-10, 9.46030476179e-11, 1.23546881059e-10, 2.81372508626e-10, 4.2765982422e-10, 5.04610520036e-10, 3.66722346934e-10, 3.96066929254e-10, 9.12488085092e-10, 1.04616304508e-09, 2.13840056773e-09, 1.28162125357e-09, 1.08580622271e-09, 1.49071832656e-09, 1.11753672982e-09, 1.02395603108e-09, 4.06480005211e-09, 4.51286208403e-09, 4.36978808693e-09, 3.15438697385e-09, 3.11897108141e-09, 2.39760233889e-09, 1.67737335133e-09, 2.95762103697e-09, 1.98716576527e-09, 2.48534148817e-09, 9.77937286706e-10, 9.63927049291e-10, 4.23395152271e-10, 2.30179930671e-10, 4.47182429975e-11, 3.86247457629e-12],
        "stdev": [0.211423262954, 1.89906442165, 3.96502447128, 2.18394827843, 4.33968257904, 21.8010463715, 20.9031944275, 24.6089401245, 62.5032234192, 58.9339599609, 43.7855110168, 67.5014648438, 87.6010055542, 141.527206421, 148.017730713, 168.206832886, 280.722381592, 230.193145752, 100.297119141, 34.2722702026, 68.898727417, 47.1433143616, 38.6895446777, 29.496963501, 9.13931179047, 13.2326221466, 14.3103952408, 10.1301450729, 5.30153417587, 5.87608003616, 7.20942258835, 10.5987129211, 9.35522937775, 2.5772049427, 2.06894397736, 0.223517090082, 0.0652946606278, 0.0219993609935, 0.0129826022312, 0.000228209304623]
    },
    "gfcc": {
        "mean": [-42.0085945129, 80.259979248, -134.353729248, -4.43849134445, -67.6736602783, 17.6340904236, -34.7267723083, 9.91170978546, -27.0427036285, -1.93333923817, -8.06284427643, -8.17325973511, -9.61796379089],
        "cov": [[7659.59472656, -440.977783203, 43.7509880066, 990.91394043, 992.84161377, 563.152282715, 581.997131348, 412.595916748, 549.638549805, 1013.50170898, 490.46282959, 442.089172363, 34.4997673035], [-440.977783203, 1400.35571289, 895.214172363, 455.876831055, 240.668991089, 154.05255127, -41.9209823608, -174.546524048, -183.365570068, -119.299674988, 233.504440308, -153.407104492, 64.6975479126], [43.7509880066, 895.214172363, 1825.78393555, 860.953674316, 444.490783691, 378.979064941, -129.146179199, -85.1667785645, 17.3959026337, 48.8187255859, 225.20375061, -10.5940504074, -5.49086713791], [990.91394043, 455.876831055, 860.953674316, 978.992858887, 664.681518555, 339.261047363, 114.560562134, 92.1125030518, 202.735351562, 297.511291504, 217.595748901, 108.112991333, 32.9365997314], [992.84161377, 240.668991089, 444.490783691, 664.681518555, 708.73815918, 334.092437744, 208.549942017, 161.509979248, 256.71395874, 374.378295898, 174.64453125, 141.157958984, 12.718755722], [563.152282715, 154.05255127, 378.979064941, 339.261047363, 334.092437744, 362.442810059, 153.335876465, 52.7043647766, 83.3074569702, 193.093200684, 120.922164917, 39.9554634094, 1.22883307934], [581.997131348, -41.9209823608, -129.146179199, 114.560562134, 208.549942017, 153.335876465, 259.88671875, 94.7881164551, 73.1403503418, 180.295806885, 83.1258239746, 65.2458190918, -5.99675798416], [412.595916748, -174.546524048, -85.1667785645, 92.1125030518, 161.509979248, 52.7043647766, 94.7881164551, 208.069244385, 193.332794189, 156.349243164, 2.99609160423, 98.8901672363, -18.1562271118], [549.638549805, -183.365570068, 17.3959026337, 202.735351562, 256.71395874, 83.3074569702, 73.1403503418, 193.332794189, 362.393920898, 271.265594482, -0.869549632072, 158.147628784, -28.9182052612], [1013.50170898, -119.299674988, 48.8187255859, 297.511291504, 374.378295898, 193.093200684, 180.295806885, 156.349243164, 271.265594482, 411.223144531, 136.814254761, 171.481796265, -3.09225392342], [490.46282959, 233.504440308, 225.20375061, 217.595748901, 174.64453125, 120.922164917, 83.1258239746, 2.99609160423, -0.869549632072, 136.814254761, 273.166870117, 29.0326976776, 44.9877357483], [442.089172363, -153.407104492, -10.5940504074, 108.112991333, 141.157958984, 39.9554634094, 65.2458190918, 98.8901672363, 158.147628784, 171.481796265, 29.0326976776, 172.211486816, 6.77466869354], [34.4997673035, 64.6975479126, -5.49086713791, 32.9365997314, 12.718755722, 1.22883307934, -5.99675798416, -18.1562271118, -28.9182052612, -3.09225392342, 44.9877357483, 6.77466869354, 72.6470108032]],
        "icov": [[0.000218328612391, 7.8629978816e-05, 6.98080621078e-05, -0.000222565678996, 9.75040384219e-05, -5.8962355979e-05, -6.49330540909e-05, -8.69490759214e-05, 0.000149898944073, -0.000372353679268, -0.000166895551956, -7.8593933722e-05, 4.38115348516e-05], [7.8629978816e-05, 0.0017201686278, -0.000683160498738, 4.22284356318e-05, -0.0009520163876, 0.000680376077071, -0.00080014357809, 0.000877391081303, -0.000397127441829, 0.000976865761913, -0.00101267755963, 0.00128345889971, -0.000940735277254], [6.98080621078e-05, -0.000683160498738, 0.00223249010742, -0.0015876024263, 0.000489535741508, -0.00220199814066, 0.00255063828081, 9.79483738774e-05, 0.000212165803532, 0.000676995667163, -0.000818445521872, -0.0013921338832, 0.00240027322434], [-0.000222565678996, 4.22284356318e-05, -0.0015876024263, 0.00489244423807, -0.00369226606563, 0.000790301943198, -0.000388033979107, 0.000447915255791, -0.000786909135059, 0.000581448955927, -0.000142585122376, 0.000411117973272, -0.00179559539538], [9.75040384219e-05, -0.0009520163876, 0.000489535741508, -0.00369226606563, 0.00795594789088, -0.00198142416775, -0.00105653924402, -0.00171471270733, -9.53614362516e-05, -0.0032629549969, 0.000989071791992, -0.000251920544542, -0.0001284636528], [-5.8962355979e-05, 0.000680376077071, -0.00220199814066, 0.000790301943198, -0.00198142416775, 0.00811103451997, -0.00436107069254, 0.000600268715061, 0.000181843497558, -0.00174634426367, 0.000575685873628, 0.00271804025397, -0.00171485263854], [-6.49330540909e-05, -0.00080014357809, 0.00255063828081, -0.000388033979107, -0.00105653924402, -0.00436107069254, 0.0110549395904, -0.00293878209777, 0.00338531215675, -0.00173420074861, -0.00124103447888, -0.00209026411176, 0.00378616363741], [-8.69490759214e-05, 0.000877391081303, 9.79483738774e-05, 0.000447915255791, -0.00171471270733, 0.000600268715061, -0.00293878209777, 0.0121897161007, -0.00620141951367, 0.00279331440106, -0.000835216545966, -0.000852141180076, 0.000405224593123], [0.000149898944073, -0.000397127441829, 0.000212165803532, -0.000786909135059, -9.53614362516e-05, 0.000181843497558, 0.00338531215675, -0.00620141951367, 0.0116747124121, -0.00655922899023, 0.00276697683148, -0.00266390573233, 0.00230149482377], [-0.000372353679268, 0.000976865761913, 0.000676995667163, 0.000581448955927, -0.0032629549969, -0.00174634426367, -0.00173420074861, 0.00279331440106, -0.00655922899023, 0.0140247251838, -0.00474596070126, -0.00356548093259, 0.0015076554846], [-0.000166895551956, -0.00101267755963, -0.000818445521872, -0.000142585122376, 0.000989071791992, 0.000575685873628, -0.00124103447888, -0.000835216545966, 0.00276697683148, -0.00474596070126, 0.00804176274687, 0.000543376256246, -0.00364140840247], [-7.8593933722e-05, 0.00128345889971, -0.0013921338832, 0.000411117973272, -0.000251920544542, 0.00271804025397, -0.00209026411176, -0.000852141180076, -0.00266390573233, -0.00356548093259, 0.000543376256246, 0.0137519938871, -0.00461579393595], [4.38115348516e-05, -0.000940735277254, 0.00240027322434, -0.00179559539538, -0.0001284636528, -0.00171485263854, 0.00378616363741, 0.000405224593123, 0.00230149482377, 0.0015076554846, -0.00364140840247, -0.00461579393595, 0.0197087489069]]
    },
    "melbands": {
        "max": [0.015326725319, 0.0177060030401, 0.00497458735481, 0.0109860543162, 0.0126746874303, 0.0072004138492, 0.0111295487732, 0.00521370908245, 0.00464486051351, 0.00492695067078, 0.00454918202013, 0.00638075685129, 0.00687634851784, 0.00493544852361, 0.00478944089264, 0.00735828094184, 0.0038139638491, 0.00606015091762, 0.00113657361362, 0.000749947386794, 0.00124340620823, 0.000703227415215, 0.000531974656042, 0.000303621927742, 0.000276306236628, 8.4325503849e-05, 6.94851769367e-05, 8.18851985969e-05, 0.00017242996546, 0.000118584597658, 8.04861265351e-05, 6.18467965978e-05, 6.14435703028e-05, 9.13813710213e-05, 7.36488073017e-05, 6.2360195443e-05, 0.000259051215835, 0.000197661822313, 7.8700199083e-05, 2.90523639705e-05],
        "mean": [0.00113284424879, 0.000946307554841, 0.00019392426475, 0.000331585557433, 0.000259937456576, 0.000184142045327, 0.000411596818594, 0.000289948220598, 0.000174311149749, 0.000284551410004, 0.000258227722952, 0.000268562347628, 0.000203598247026, 0.000144488469232, 0.000132118992042, 0.000223350492888, 0.000147924060002, 4.3992557039e-05, 2.38709144469e-05, 1.67982161656e-05, 2.44331495196e-05, 1.66975187312e-05, 1.65206001839e-05, 1.24692569443e-05, 1.06240950117e-05, 3.58733154826e-06, 3.60213653039e-06, 5.21415677213e-06, 4.51865207651e-06, 2.78868083115e-06, 1.80783206361e-06, 1.02421722659e-06, 6.48243940304e-07, 6.92849653205e-07, 1.1792458281e-06, 1.56347266511e-06, 1.42224848787e-06, 1.38506015901e-06, 7.29560269974e-07, 5.61433807889e-07],
        "min": [1.08318598706e-14, 3.91880174212e-15, 2.72063340416e-15, 2.29425417093e-15, 2.35476133425e-15, 3.14712338695e-15, 2.20812341393e-15, 9.14707173971e-16, 1.10881462059e-15, 1.86010573975e-15, 2.12980463005e-15, 2.04084605355e-15, 1.36589896684e-15, 7.18119667819e-16, 1.516389193e-15, 2.30717777613e-15, 1.86626028115e-15, 3.7084906611e-15, 2.73684561477e-15, 7.62995102788e-16, 1.43104236499e-15, 1.25721479295e-15, 2.03082417148e-15, 4.40943382424e-16, 7.340039708e-16, 2.40801175454e-15, 2.54675659833e-15, 3.2781197851e-15, 3.41679178406e-15, 1.36238526242e-15, 2.17967369482e-15, 2.12524483993e-15, 1.38992516227e-15, 1.2816997626e-15, 8.79884273081e-16, 1.30918862872e-15, 1.89019129125e-15, 1.35059043451e-15, 1.42431374702e-15, 2.30756211733e-15],
        "stdev": [0.00214712927118, 0.00181684293784, 0.00036459317198, 0.000864532019477, 0.000777658773586, 0.000565153779462, 0.000945832114667, 0.000616922683548, 0.000342316867318, 0.000477297871839, 0.000438961928012, 0.000568857823964, 0.0005482826964, 0.000435477704741, 0.000423301506089, 0.000703557685483, 0.000435259717051, 0.000204724099603, 7.77817986091e-05, 5.46010705875e-05, 9.61467449088e-05, 5.44337417523e-05, 4.81542228954e-05, 3.10459836328e-05, 2.66583265329e-05, 6.30662407275e-06, 6.59841089146e-06, 1.0512564586e-05, 1.04779792309e-05, 7.84537587606e-06, 5.18928027304e-06, 3.20512094731e-06, 2.77333288068e-06, 3.57787689609e-06, 3.78529307454e-06, 4.65152106699e-06, 8.47307001095e-06, 7.87751196185e-06, 3.61480965694e-06, 1.8063429934e-06]
    },
    "melbands128": {
        "max": [0.000971902627498, 0.00903121847659, 0.0278619136661, 0.0200865902007, 0.0240227207541, 0.0227725058794, 0.00669215852395, 0.00229645753279, 0.00972426310182, 0.0146181248128, 0.0228735692799, 0.0283627547324, 0.0210869703442, 0.0110489139333, 0.0075361635536, 0.0142959291115, 0.0225699022412, 0.0183760933578, 0.0148567622527, 0.00902990065515, 0.010702948086, 0.00909222476184, 0.00619349675253, 0.00406897393987, 0.00417611375451, 0.0100910020992, 0.0104254735634, 0.00655522430316, 0.00382630899549, 0.0103287054226, 0.010593813844, 0.010350106284, 0.0140697462484, 0.00970010925084, 0.00607790891081, 0.00846202671528, 0.0147856622934, 0.00667710276321, 0.0103662060574, 0.0134183214977, 0.0148260453716, 0.00949025154114, 0.00902914442122, 0.0047840513289, 0.012396578677, 0.00660826265812, 0.00401638727635, 0.00224740477279, 0.00262634316459, 0.00064125447534, 0.000938253186177, 0.00233761314303, 0.00281743751839, 0.00235330266878, 0.00127902976237, 0.00141532067209, 0.00094412494218, 0.000795260362793, 0.00100958661642, 0.000797290471382, 0.00055535271531, 0.000906058994588, 0.000711155531462, 0.000456254841993, 0.00019421846082, 8.70527728694e-05, 0.000164026452694, 0.000148191291373, 0.000134602814796, 9.10047674552e-05, 0.000162241398357, 0.000171810810571, 0.000332304363837, 0.000366327556549, 0.000129903710331, 0.000240466979449, 0.000232048216276, 0.000201773509616, 0.00013060629135, 5.49823016627e-05, 6.95035487297e-05, 6.52973467368e-05, 8.01063579274e-05, 3.35373879352e-05, 0.000116156748845, 8.94204567885e-05, 9.26538850763e-05, 0.000127587612951, 6.78753640386e-05, 5.66122034797e-05, 8.07509131846e-05, 9.37373770284e-05, 0.000111556146294, 0.000257651059655, 0.00038239362766, 0.000266664748779, 0.000140307718539, 0.000129825013573, 9.31335307541e-05, 5.16034306202e-05, 4.11085493397e-05, 2.74213089142e-05, 3.73782131646e-05, 4.47536112915e-05, 5.23745911778e-05, 1.83492102224e-05, 1.15119919428e-05, 7.64349351812e-06, 3.51321727976e-06, 4.35213996752e-06, 7.78161665949e-06, 6.11203495282e-06, 4.17870478486e-06, 4.57878286397e-06, 3.49335573446e-06, 2.13362091017e-06, 1.40317320074e-06, 2.9812485991e-06, 4.51243568023e-06, 1.8251419533e-05, 2.75171669273e-06, 1.93861478692e-06, 1.18124307846e-06, 1.17045090064e-07, 3.65219001708e-08, 3.57054581457e-08, 3.51220812433e-08, 3.47912241239e-08],
        "mean": [5.5681586673e-05, 0.00072956411168, 0.00180791318417, 0.00151420768816, 0.000941858161241, 0.000514719577041, 0.000206434808206, 0.000101818019175, 0.000133017878397, 0.000346624467056, 0.000481104594655, 0.000360054022167, 0.000192095772945, 0.000146149162902, 0.000150031628436, 0.000211365899304, 0.000313728029141, 0.000532121339347, 0.00042610859964, 0.000311133480864, 0.00022555704345, 0.000185057098861, 0.000125950784422, 0.000215429521631, 0.00026965860161, 0.000295068428386, 0.000378295575501, 0.000223119306611, 0.000183068812476, 0.000288704060949, 0.000316271674819, 0.000201851071324, 0.000237463871599, 0.000150131323608, 0.000157699294505, 0.000144953752169, 0.000122677782201, 8.85492627276e-05, 0.000153430912178, 0.000268463627435, 0.000217360342504, 0.000188738515135, 0.00022210458701, 7.00455566403e-05, 5.28788623342e-05, 3.64250518032e-05, 4.32659653598e-05, 2.44834573095e-05, 1.5571635231e-05, 1.54405188368e-05, 1.42433409565e-05, 2.04344505619e-05, 2.93004559353e-05, 2.70660457318e-05, 1.28134515762e-05, 1.71549891093e-05, 1.60844574566e-05, 1.99762853299e-05, 1.54665194714e-05, 1.31020533445e-05, 8.61548232933e-06, 1.64146367752e-05, 1.44894838741e-05, 8.80626157596e-06, 4.27067789133e-06, 2.5518959319e-06, 3.8581233639e-06, 4.0152690417e-06, 3.05609091811e-06, 3.52711458618e-06, 5.88165858062e-06, 5.8882974372e-06, 4.51322330264e-06, 4.97307246405e-06, 3.57870999323e-06, 2.61270201918e-06, 2.53364078162e-06, 2.47697562372e-06, 1.72289662714e-06, 1.1008646652e-06, 1.21315804336e-06, 8.718266713e-07, 8.365108215e-07, 5.82304210184e-07, 5.37047810667e-07, 6.54320274407e-07, 7.84697249401e-07, 7.18685100765e-07, 7.81631229074e-07, 1.76271487362e-06, 2.34383787756e-06, 1.09971279016e-06, 1.1591458815e-06, 1.3760990214e-06, 1.65118831319e-06, 1.56863825396e-06, 1.38544828587e-06, 1.05047308807e-06, 7.62721640513e-07, 5.38683821105e-07, 4.59371705119e-07, 3.90939447925e-07, 8.75001774148e-07, 1.35885431973e-06, 9.30245221298e-07, 2.1891675317e-07, 1.84040757745e-07, 1.06731313565e-07, 9.07909694092e-08, 7.77520625661e-08, 6.86806700401e-08, 5.43974714162e-08, 4.88910991692e-08, 4.88268980803e-08, 5.37470938866e-08, 6.10336030604e-08, 4.38369021083e-08, 3.52829552241e-08, 8.4404774725e-08, 2.02946594641e-07, 4.20320382943e-08, 1.41129925524e-08, 8.43332426115e-09, 3.39624245393e-10, 2.85486322082e-11, 2.78082435551e-11, 2.73044139382e-11, 2.70466114782e-11],
        "min": [1.87531010821e-14, 1.31915335724e-14, 8.14007810267e-15, 5.10809740995e-15, 3.77263604268e-15, 3.02798100314e-15, 2.59228123112e-15, 2.69790856898e-15, 2.83880868811e-15, 2.33033205701e-15, 1.85784437354e-15, 2.0610465188e-15, 2.42599002885e-15, 2.75630005575e-15, 3.32271458747e-15, 3.44431379034e-15, 2.61311464173e-15, 2.0029629285e-15, 1.73175621368e-15, 9.46796911298e-16, 4.56798833344e-16, 8.47117121153e-16, 1.14461076234e-15, 1.39607811548e-15, 1.85381461429e-15, 1.97245110768e-15, 2.1000377747e-15, 2.30789351897e-15, 1.94600673907e-15, 2.10727927112e-15, 2.20230027418e-15, 1.65507379157e-15, 1.41879808022e-15, 1.21038615295e-15, 3.93775611602e-16, 5.539648944e-16, 1.21290004085e-15, 1.49308572843e-15, 1.67739596847e-15, 2.08497308197e-15, 2.6184600549e-15, 2.61552466222e-15, 7.71732512337e-16, 1.37099408178e-15, 5.22457291053e-15, 4.00841528684e-15, 2.15236619963e-15, 3.5362215238e-15, 3.04909541693e-15, 5.23582351977e-16, 3.52058391917e-16, 9.82473303762e-16, 1.29499595641e-15, 1.89912685357e-15, 1.17918908247e-15, 3.71140985427e-16, 1.92456071187e-15, 3.39560410192e-15, 1.49645808423e-15, 6.46072580573e-16, 2.12182865018e-16, 4.98583656847e-16, 5.71893034943e-16, 1.0880009035e-15, 4.17666467047e-16, 1.24982855977e-15, 4.95881844091e-15, 3.91457970639e-15, 9.54445936449e-16, 1.93720966663e-15, 4.01335475947e-15, 2.83966292084e-15, 4.76496012786e-15, 3.88446810864e-15, 1.45008059515e-15, 1.655055898e-15, 9.33463342159e-16, 1.20495148368e-15, 2.08396490101e-15, 3.46019925799e-15, 3.41504456685e-15, 1.03185341876e-15, 4.39968526911e-16, 1.87244256287e-15, 1.91867002124e-15, 6.59742792369e-16, 1.75238432469e-15, 8.9307247019e-16, 8.97004397131e-16, 7.13798793937e-16, 7.02645381725e-16, 1.5096297642e-15, 2.26198115685e-15, 2.53567677211e-15, 1.0016607176e-15, 1.23241028012e-15, 1.86086637534e-15, 1.02578231011e-15, 6.06846908302e-16, 2.17001624867e-15, 2.83651873454e-15, 3.05183726258e-15, 3.63709700683e-16, 9.41782370372e-16, 1.38483438838e-15, 7.5105569694e-16, 1.05237310955e-15, 7.58834476951e-16, 2.15226984963e-15, 2.4047430544e-15, 1.4424721217e-15, 2.26508595612e-15, 8.77964896422e-16, 6.45477910505e-16, 1.24884409573e-15, 2.22721299547e-15, 1.77653619863e-15, 2.07372067279e-15, 2.37179622561e-15, 9.94352411452e-16, 7.66153053374e-16, 1.78192375169e-15, 1.26350867127e-15, 1.66385254692e-15, 7.24398987755e-16, 3.65878766772e-16, 5.16130592859e-17, 3.44696881512e-17],
        "stdev": [0.000121443270473, 0.00137893087231, 0.00378281460144, 0.00299309333786, 0.00220158998854, 0.00158689240925, 0.000449781393399, 0.00020262322505, 0.00041907231207, 0.000993283698335, 0.00159062072635, 0.0013357057469, 0.000897333200555, 0.000523952534422, 0.000492189254146, 0.00103569403291, 0.00113381317351, 0.00144661206286, 0.00111940712668, 0.000879752682522, 0.000771159131546, 0.00061278679641, 0.00036703288788, 0.000435458583524, 0.000507172895595, 0.000748054124415, 0.00092448038049, 0.000510779966135, 0.000385035993531, 0.000700670119841, 0.000964781735092, 0.000726220139768, 0.000934763811529, 0.000616831530351, 0.000554195896257, 0.000641299993731, 0.000817624852061, 0.000450881547295, 0.000650940113701, 0.00116043700837, 0.00110367743764, 0.000670265522785, 0.000855063379277, 0.000317141762935, 0.000419090996729, 0.000226853546337, 0.000204096126254, 0.000111552850285, 9.16834178497e-05, 4.36905575043e-05, 6.37472694507e-05, 0.000137094961246, 0.000137348702992, 0.0001636910456, 7.09788509994e-05, 8.3034268755e-05, 7.92632563389e-05, 7.085067773e-05, 6.98417934473e-05, 5.98926308157e-05, 3.18658239848e-05, 6.18652557023e-05, 5.06238211528e-05, 3.28919923049e-05, 1.06190154838e-05, 6.67593258186e-06, 1.0948826457e-05, 1.03978336483e-05, 9.18086698221e-06, 8.35009541333e-06, 1.54267854668e-05, 1.77818965312e-05, 1.56664191309e-05, 1.60151557793e-05, 1.06682937258e-05, 9.93685262074e-06, 1.1531877135e-05, 9.66959305515e-06, 6.24278254691e-06, 3.27208090312e-06, 4.25717553298e-06, 3.123293709e-06, 3.9517726691e-06, 2.01382545129e-06, 3.46512911165e-06, 3.71162059309e-06, 4.00707540393e-06, 4.02224895879e-06, 3.24060897583e-06, 5.54253620066e-06, 7.69053258409e-06, 4.44062561655e-06, 4.76767536384e-06, 8.30593762657e-06, 1.21598504847e-05, 9.6276653494e-06, 7.51751758798e-06, 5.78868684897e-06, 4.16286547988e-06, 2.29962415688e-06, 1.93609798771e-06, 1.54513998041e-06, 3.08744893118e-06, 5.00703481521e-06, 3.69242025045e-06, 8.30219789805e-07, 6.54160203339e-07, 3.53914003881e-07, 2.7603149988e-07, 2.66304823526e-07, 2.89653343089e-07, 2.35919301872e-07, 2.03035043e-07, 1.87887465586e-07, 1.62375940249e-07, 1.69216363588e-07, 1.24184154515e-07, 1.43544923503e-07, 3.9856590206e-07, 1.2020992699e-06, 2.22434920261e-07, 9.97410722903e-08, 5.63801236808e-08, 4.11576461801e-09, 9.62367519008e-10, 9.40853950304e-10, 9.25487519954e-10, 9.16771214499e-10]
    },
    "mfcc": {
        "mean": [-685.478759766, 122.237297058, -13.676861763, -14.2873697281, -8.55792713165, -7.01244497299, 7.14048194885, -0.0896089226007, -6.77186393738, 5.01449251175, -6.83264398575, 5.76248884201, -8.95820903778],
        "cov": [[6829.86669922, -787.384216309, -641.178466797, 689.139343262, 268.933319092, 609.704040527, 302.694458008, 92.6195526123, 474.048492432, 229.036270142, 757.35333252, 661.141052246, 616.274780273], [-787.384216309, 955.448120117, 602.979980469, 180.904006958, 251.498565674, 105.680381775, 218.703125, -53.1332588196, -179.711120605, -1.85142588615, -186.934844971, 16.8983459473, -33.1585731506], [-641.178466797, 602.979980469, 1469.75195312, 463.997253418, 622.587341309, 313.728820801, 231.624328613, 3.03096723557, -188.064346313, 39.7074813843, -175.307754517, 87.7226257324, 69.3656768799], [689.139343262, 180.904006958, 463.997253418, 747.667175293, 551.391845703, 380.843017578, 174.887817383, 66.660369873, 140.874343872, 72.9899520874, 171.412750244, 264.790496826, 243.643997192], [268.933319092, 251.498565674, 622.587341309, 551.391845703, 660.123413086, 367.072143555, 166.130096436, 53.237285614, 98.2261810303, 105.215019226, 107.756454468, 219.960494995, 187.129440308], [609.704040527, 105.680381775, 313.728820801, 380.843017578, 367.072143555, 489.006347656, 188.310562134, 58.2198219299, 137.114868164, 99.7838287354, 214.908355713, 166.018234253, 199.847396851], [302.694458008, 218.703125, 231.624328613, 174.887817383, 166.130096436, 188.310562134, 427.050537109, -22.1545352936, -89.6934051514, 58.3551750183, -28.4060306549, 106.948020935, 42.8890914917], [92.6195526123, -53.1332588196, 3.03096723557, 66.660369873, 53.237285614, 58.2198219299, -22.1545352936, 132.627182007, 107.202209473, 22.6395626068, 94.9407043457, 23.4580478668, 48.0113563538], [474.048492432, -179.711120605, -188.064346313, 140.874343872, 98.2261810303, 137.114868164, -89.6934051514, 107.202209473, 280.591156006, 65.1259918213, 227.719573975, 85.3773498535, 122.570571899], [229.036270142, -1.85142588615, 39.7074813843, 72.9899520874, 105.215019226, 99.7838287354, 58.3551750183, 22.6395626068, 65.1259918213, 114.889213562, 75.4933929443, 63.5848846436, 53.537525177], [757.35333252, -186.934844971, -175.307754517, 171.412750244, 107.756454468, 214.908355713, -28.4060306549, 94.9407043457, 227.719573975, 75.4933929443, 373.736572266, 166.292999268, 196.572494507], [661.141052246, 16.8983459473, 87.7226257324, 264.790496826, 219.960494995, 166.018234253, 106.948020935, 23.4580478668, 85.3773498535, 63.5848846436, 166.292999268, 277.477996826, 188.09173584], [616.274780273, -33.1585731506, 69.3656768799, 243.643997192, 187.129440308, 199.847396851, 42.8890914917, 48.0113563538, 122.570571899, 53.537525177, 196.572494507, 188.09173584, 262.204223633]],
        "icov": [[0.000265117152594, 0.000189739526832, 9.89307300188e-05, -0.000192603692994, 0.000180408853339, -0.000152648601215, -0.000146943129948, 0.000140115385875, -4.69288170279e-06, -0.000126434504637, -6.71595043968e-05, -0.00032702772296, -0.000147405400639], [0.000189739526832, 0.00175565935206, -0.000291600910714, -0.000207119956031, -0.000115555732918, -0.00024860247504, -0.000467080477392, 0.000189099067939, 0.000376412732294, 5.39547399967e-05, 0.000384246377507, -0.000281962187728, 8.66158952704e-05], [9.89307300188e-05, -0.000291600910714, 0.0022511286661, -0.000180235161679, -0.00174733949825, -0.00111675693188, 0.000710710010026, -0.00147604919039, 0.0025892846752, -0.000376395619242, 0.00105138216168, 0.000106544095615, -0.000443402706878], [-0.000192603692994, -0.000207119956031, -0.000180235161679, 0.00474399793893, -0.0028788622003, -0.00051159854047, -0.00049090385437, -0.000144284669659, -0.00131420406979, 0.00221314420924, 0.000352479779394, -0.00100565468892, -0.000763176940382], [0.000180408853339, -0.000115555732918, -0.00174733949825, -0.0028788622003, 0.00715264165774, -0.00133650156204, 0.000289648014586, 0.000515977328178, -0.00187540112529, -0.00224211812019, 0.000832927878946, -0.00195015792269, 0.000579796906095], [-0.000152648601215, -0.00024860247504, -0.00111675693188, -0.00051159854047, -0.00133650156204, 0.00712296087295, -0.00268518226221, 0.0016021655174, -0.00217280816287, -0.000194293024833, -0.0034763047006, 0.00276797940023, -0.00155521777924], [-0.000146943129948, -0.000467080477392, 0.000710710010026, -0.00049090385437, 0.000289648014586, -0.00268518226221, 0.00502614490688, -0.00150349643081, 0.00353528582491, -0.00219879555516, 0.00152949767653, -0.00188912695739, 0.000852342054714], [0.000140115385875, 0.000189099067939, -0.00147604919039, -0.000144284669659, 0.000515977328178, 0.0016021655174, -0.00150349643081, 0.0126281278208, -0.00602255994454, 0.000893199292477, -0.00231517176144, 0.00157156575006, -0.000195350308786], [-4.69288170279e-06, 0.000376412732294, 0.0025892846752, -0.00131420406979, -0.00187540112529, -0.00217280816287, 0.00353528582491, -0.00602255994454, 0.0140153812245, -0.0036171018146, -0.00221450068057, 0.00044210953638, -0.00035623786971], [-0.000126434504637, 5.39547399967e-05, -0.000376395619242, 0.00221314420924, -0.00224211812019, -0.000194293024833, -0.00219879555516, 0.000893199292477, -0.0036171018146, 0.0137800453231, -0.00104320864193, -0.000808986602351, 0.000531049678102], [-6.71595043968e-05, 0.000384246377507, 0.00105138216168, 0.000352479779394, 0.000832927878946, -0.0034763047006, 0.00152949767653, -0.00231517176144, -0.00221450068057, -0.00104320864193, 0.00981718208641, -0.00304957432672, -0.00209441198967], [-0.00032702772296, -0.000281962187728, 0.000106544095615, -0.00100565468892, -0.00195015792269, 0.00276797940023, -0.00188912695739, 0.00157156575006, 0.00044210953638, -0.000808986602351, -0.00304957432672, 0.0107597997412, -0.00453118653968], [-0.000147405400639, 8.66158952704e-05, -0.000443402706878, -0.000763176940382, 0.000579796906095, -0.00155521777924, 0.000852342054714, -0.000195350308786, -0.00035623786971, 0.000531049678102, -0.00209441198967, -0.00453118653968, 0.0105443093926]]
    },
    "spectral_contrast_coeffs": {
        "max": [-0.244699165225, -0.470200955868, -0.451704204082, -0.51779282093, -0.603436231613, -0.657663464546],
        "mean": [-0.67564958334, -0.700756072998, -0.712015628815, -0.75536608696, -0.782199263573, -0.801502227783],
        "min": [-0.972614645958, -0.975542068481, -0.944061160088, -0.953704476357, -0.92427444458, -0.925509572029],
        "stdev": [0.135338932276, 0.0796358436346, 0.0797103345394, 0.0772238001227, 0.0579849854112, 0.0333815142512]
    },
    "spectral_contrast_valleys": {
        "max": [-5.48428344727, -5.40209007263, -5.61551523209, -6.01262187958, -6.19898891449, -7.63380098343],
        "mean": [-8.023645401, -7.18674278259, -7.40617609024, -8.00456619263, -8.24607849121, -10.5324888229],
        "min": [-19.0699520111, -18.2139396667, -18.7529125214, -18.2861480713, -18.0947151184, -19.3890705109],
        "stdev": [1.54130387306, 0.825243771076, 0.840231120586, 0.970211088657, 0.895230710506, 0.910583078861]
    }
},
"rhythm": {
    "beats_count": 76,
    "beats_loudness": {
        "max": 0.0768704339862,
        "mean": 0.0299127344042,
        "min": 0.00140054046642,
        "stdev": 0.0217823907733
    },
    "bpm": 128.881378174,
    "bpm_histogram_first_peak_bpm": 129,
    "bpm_histogram_first_peak_weight": 0.511111140251,
    "bpm_histogram_second_peak_bpm": 167,
    "bpm_histogram_second_peak_spread": 0,
    "bpm_histogram_second_peak_weight": 0.213333338499,
    "danceability": 1.04108560085,
    "onset_rate": 3.35426831245,
    "beats_loudness_band_ratio": {
        "max": [0.958793222904, 0.906466245651, 0.825465798378, 0.697775065899, 0.258471697569, 0.611640393734],
        "mean": [0.246164649725, 0.140781283379, 0.298090577126, 0.253843486309, 0.0545144788921, 0.0409552045166],
        "min": [2.05319720408e-05, 0.000725617166609, 0.00783265288919, 0.00412370357662, 0.000969824846834, 0.00190012448002],
        "stdev": [0.281734079123, 0.205641150475, 0.24720607698, 0.203047826886, 0.0617391169071, 0.081484131515]
    },
