{
"metadata": {
    "version": {
        "essentia": "2.1-beta5",
        "essentia_git_sha": "Undefined",
        "extractor": "music 2.0"
    },
    "audio_properties": {
        "analysis": {
            "equal_loudness": 0,
            "length": 32.4963264465,
            "sample_rate": 44100,
            "start_time": 93.9943771362,
            "downmix": "mix"
        },
        "bit_rate": 192000,
        "length": 216.769897461,
        "lossless": 0,
        "number_channels": 2,
        "replay_gain": -10.952381134,
        "sample_rate": 48000,
        "codec": "mp3",
        "md5_encoded": "aaa288027cc82ed5d1373a01f25ac0d4"
    },
    "tags": {
        "file_name": "Albania_Feel The Passion_Aurela Gaçe.mp3",
        "encoding": ["Lavf58.29.100"]
    }
},
"lowlevel": {
    "average_loudness": 0.865172386169,
    "barkbands_crest": {
        "max": 24.8953170776,
        "mean": 10.5714435577,
        "min": 2.72725391388,
        "stdev": 4.95691347122
    },
    "barkbands_flatness_db": {
        "max": 0.255795627832,
        "mean": 0.107937812805,
        "min": 0.0295280888677,
        "stdev": 0.0379857309163
    },
    "barkbands_kurtosis": {
        "max": 74.1735687256,
        "mean": 3.66382622719,
        "min": -1.88699948788,
        "stdev": 5.35276174545
    },
    "barkbands_skewness": {
        "max": 7.42235612869,
        "mean": 1.25405180454,
        "min": -1.86858594418,
        "stdev": 1.12995111942
    },
    "barkbands_spread": {
        "max": 102.391799927,
        "mean": 24.1510982513,
        "min": 2.14863562584,
        "stdev": 15.3181533813
    },
    "dissonance": {
        "max": 0.499267965555,
        "mean": 0.45873144269,
        "min": 0.285925865173,
        "stdev": 0.0324848480523
    },
    "dynamic_complexity": 2.50656175613,
    "erbbands_crest": {
        "max": 32.6380653381,
        "mean": 11.0078086853,
        "min": 2.58105492592,
        "stdev": 6.70762586594
    },
    "erbbands_flatness_db": {
        "max": 0.28954410553,
        "mean": 0.141264081001,
        "min": 0.0464330911636,
        "stdev": 0.0464485213161
    },
    "erbbands_kurtosis": {
        "max": 38.6196250916,
        "mean": 2.14690470695,
        "min": -1.74328172207,
        "stdev": 4.89253759384
    },
    "erbbands_skewness": {
        "max": 5.08992004395,
        "mean": 0.790465056896,
        "min": -3.19634723663,
        "stdev": 0.872586548328
    },
    "erbbands_spread": {
        "max": 133.435638428,
        "mean": 39.1979064941,
        "min": 2.83270454407,
        "stdev": 21.9797859192
    },
    "hfc": {
        "max": 241.1275177,
        "mean": 28.3336143494,
        "min": 0.619252502918,
        "stdev": 28.0626106262
    },
    "loudness_ebu128": {
        "integrated": -12.3377485275,
        "loudness_range": 5.08203983307,
        "momentary": {
            "max": -8.50504493713,
            "mean": -12.7791910172,
            "min": -17.7382965088,
            "stdev": 1.88237130642
        },
        "short_term": {
            "max": -8.82077407837,
            "mean": -12.6832170486,
            "min": -14.9144325256,
            "stdev": 1.55546438694
        }
    },
    "melbands_crest": {
        "max": 32.1947479248,
        "mean": 13.6919336319,
        "min": 4.54137516022,
        "stdev": 5.05177593231
    },
    "melbands_flatness_db": {
        "max": 0.380976378918,
        "mean": 0.170507892966,
        "min": 0.041564706713,
        "stdev": 0.0490396097302
    },
    "melbands_kurtosis": {
        "max": 149.000961304,
        "mean": 10.3478717804,
        "min": -1.68359136581,
        "stdev": 13.8085327148
    },
    "melbands_skewness": {
        "max": 10.1951875687,
        "mean": 2.06973719597,
        "min": -2.16690731049,
        "stdev": 1.63532745838
    },
    "melbands_spread": {
        "max": 239.097702026,
        "mean": 26.7785377502,
        "min": 1.7413713932,
        "stdev": 21.6987018585
    },
    "pitch_salience": {
        "max": 0.828438282013,
        "mean": 0.536904990673,
        "min": 0.171720966697,
        "stdev": 0.114878952503
    },
    "silence_rate_20dB": {
        "max": 1,
        "mean": 1,
        "min": 1,
        "stdev": 0
    },
    "silence_rate_30dB": {
        "max": 1,
        "mean": 1,
        "min": 1,
        "stdev": 0
    },
    "silence_rate_60dB": {
        "max": 0,
        "mean": 0,
        "min": 0,
        "stdev": 0
    },
    "spectral_centroid": {
        "max": 4790.30224609,
        "mean": 1318.53564453,
        "min": 360.08404541,
        "stdev": 598.504760742
    },
    "spectral_complexity": {
        "max": 50,
        "mean": 18.4354038239,
        "min": 2,
        "stdev": 6.76527357101
    },
    "spectral_decrease": {
        "max": -2.0241441856e-10,
        "mean": -6.61674981473e-09,
        "min": -2.82409189367e-08,
        "stdev": 4.66280747347e-09
    },
    "spectral_energy": {
        "max": 0.109530746937,
        "mean": 0.0275430865586,
        "min": 0.000820126384497,
        "stdev": 0.0189457777888
    },
    "spectral_energyband_high": {
        "max": 0.0294027458876,
        "mean": 0.00144096615259,
        "min": 1.50888927237e-05,
        "stdev": 0.00284130708314
    },
    "spectral_energyband_low": {
        "max": 0.0974245741963,
        "mean": 0.00594118284062,
        "min": 6.63004757371e-05,
        "stdev": 0.0106338635087
    },
    "spectral_energyband_middle_high": {
        "max": 0.0923673808575,
        "mean": 0.00962440762669,
        "min": 6.02921427344e-05,
        "stdev": 0.0151369273663
    },
    "spectral_energyband_middle_low": {
        "max": 0.0600054822862,
        "mean": 0.011075313203,
        "min": 0.00028725140146,
        "stdev": 0.00977727398276
    },
    "spectral_entropy": {
        "max": 8.71658420563,
        "mean": 7.74958992004,
        "min": 6.51205062866,
        "stdev": 0.37351372838
    },
    "spectral_flux": {
        "max": 0.281456708908,
        "mean": 0.0924412608147,
        "min": 0.0232958719134,
        "stdev": 0.0443234182894
    },
    "spectral_kurtosis": {
        "max": 13.4799308777,
        "mean": 3.16775584221,
        "min": -1.20377349854,
        "stdev": 1.93177258968
    },
    "spectral_rms": {
        "max": 0.0103372754529,
        "mean": 0.00491330539808,
        "min": 0.000894496100955,
        "stdev": 0.00165249151178
    },
    "spectral_rolloff": {
        "max": 13888.9160156,
        "mean": 1678.45605469,
        "min": 86.1328125,
        "stdev": 1750.13293457
    },
    "spectral_skewness": {
        "max": 2.9956946373,
        "mean": 1.45721268654,
        "min": -0.397223621607,
        "stdev": 0.436754912138
    },
    "spectral_spread": {
        "max": 13640784,
        "mean": 5773269,
        "min": 3192723.75,
        "stdev": 1598095.5
    },
    "spectral_strongpeak": {
        "max": 13.3526916504,
        "mean": 1.95594441891,
        "min": 0,
        "stdev": 2.6422867775
    },
    "zerocrossingrate": {
        "max": 0.31787109375,
        "mean": 0.0754337012768,
        "min": 0.01220703125,
        "stdev": 0.0408197380602
    },
    "barkbands": {
        "max": [0.00167688156944, 0.061864554882, 0.0345068238676, 0.0141682289541, 0.0474031977355, 0.0297168847173, 0.0124216638505, 0.0261037349701, 0.0377378165722, 0.0506293997169, 0.0462551340461, 0.0890259072185, 0.0138041023165, 0.00925224740058, 0.0136486021802, 0.00393964536488, 0.00386550743133, 0.00190944725182, 0.00389827718027, 0.00417296588421, 0.00220707571134, 0.00766262225807, 0.0142905181274, 0.0195101629943, 0.00498087890446, 0.00416741799563, 0.000807080476079],
        "mean": [8.75068435562e-05, 0.00350406626239, 0.00189545645844, 0.00103502010461, 0.00435992656276, 0.00144939485472, 0.000895037024748, 0.00144463428296, 0.00172386551276, 0.000930921232793, 0.00100226537324, 0.00555598037317, 0.000405570986914, 0.000308387127006, 0.000502334791236, 0.000239521716139, 0.000280611973722, 0.000160715251695, 0.000205305725103, 0.000228102886467, 0.000179836686584, 0.000246343348408, 0.000326217588736, 0.000352172530256, 0.00012115129357, 8.36507388158e-05, 1.90823975572e-05],
        "min": [7.95775445539e-09, 2.32029606195e-06, 5.69318672206e-06, 4.33608920503e-06, 4.43256139988e-05, 1.91217914107e-05, 1.0915879102e-05, 1.00036049844e-05, 1.57038775797e-05, 3.79797529604e-06, 7.31463069314e-06, 3.21000129588e-06, 1.86666829904e-06, 3.22072173731e-06, 1.22835206184e-06, 2.02764067581e-06, 2.85786927634e-06, 1.97339022634e-06, 3.04548484564e-06, 1.98260363504e-06, 1.58456964527e-06, 2.02923251891e-06, 1.43509532791e-06, 9.40211577927e-07, 6.2931900402e-07, 1.74548276277e-07, 1.41662825914e-09],
        "stdev": [0.000215604464756, 0.00798469409347, 0.00306189246476, 0.00144487456419, 0.00588245783001, 0.00258541665971, 0.00122535403352, 0.0028002911713, 0.00346364290453, 0.00271833129227, 0.00366948964074, 0.0134604526684, 0.000947038643062, 0.000543785572518, 0.000967111729551, 0.000335294433171, 0.000398576317821, 0.000169164108229, 0.000243493443122, 0.000334210868459, 0.000231124009588, 0.000493627332617, 0.000926828710362, 0.00140868045855, 0.00028755585663, 0.000193664091057, 5.56858576601e-05]
    },
    "erbbands": {
        "max": [1.49403226376, 17.1084690094, 47.6347618103, 35.5115585327, 119.694137573, 165.774490356, 452.49609375, 148.425888062, 207.043609619, 309.501251221, 918.879699707, 942.645629883, 1625.90429688, 1202.52929688, 2009.96191406, 3881.73388672, 904.459350586, 323.004577637, 642.966369629, 336.992706299, 152.778488159, 270.718658447, 91.634437561, 134.073806763, 183.466506958, 172.92074585, 100.013519287, 122.228103638, 307.642181396, 269.987579346, 390.058929443, 612.418457031, 222.400466919, 93.1232147217, 16.2896366119, 15.4478759766, 7.32539606094, 1.88799750805, 0.146800875664, 0.00238568847999],
        "mean": [0.0808958187699, 0.85246771574, 2.25292134285, 2.91448330879, 9.20510005951, 13.5356054306, 19.8381614685, 8.13658046722, 13.6571292877, 11.8190479279, 49.0559577942, 30.7810707092, 27.2774333954, 31.2203197479, 69.5782165527, 215.722366333, 47.0747642517, 13.2783660889, 23.5701255798, 20.8599948883, 12.6148509979, 18.3320293427, 8.56896686554, 9.80353832245, 12.0931167603, 9.67659091949, 7.63826417923, 7.65759801865, 8.46775913239, 9.52332305908, 9.12570858002, 8.50673866272, 4.83578252792, 1.85579299927, 0.659814298153, 0.364713996649, 0.149351045489, 0.0381831005216, 0.00310153397731, 0.000103566198959],
        "min": [0.000123529403936, 0.00295788864605, 0.0111264232546, 0.0573538318276, 0.0764399245381, 0.138838633895, 0.098344296217, 0.175353303552, 0.30435025692, 0.340278118849, 0.557809710503, 0.452777117491, 0.252439320087, 0.458219587803, 0.249670833349, 0.108140036464, 0.0864506363869, 0.142727792263, 0.120685949922, 0.2771679461, 0.183990985155, 0.231720730662, 0.190559923649, 0.260467082262, 0.100382603705, 0.096777074039, 0.0742150843143, 0.0690469890833, 0.0746439024806, 0.0848141461611, 0.0338431447744, 0.026557944715, 0.012608169578, 0.00809175800532, 0.00371356331743, 0.00105553050525, 0.000277918443317, 5.45062903257e-05, 2.49180993706e-06, 2.43108593168e-06],
        "stdev": [0.201001152396, 1.96092247963, 4.02245855331, 3.58340740204, 13.2611761093, 21.0868034363, 38.8297424316, 11.5142097473, 19.9415493011, 22.5286216736, 84.2853317261, 64.5350570679, 85.3842315674, 76.1949996948, 183.509506226, 541.868530273, 108.550506592, 24.8115139008, 40.5664710999, 30.8839836121, 15.2235689163, 26.9998245239, 8.6042137146, 9.99366283417, 14.8568744659, 12.5816354752, 9.40525436401, 10.8744621277, 16.941778183, 22.8320407867, 26.7921981812, 35.588508606, 18.3735980988, 5.42262458801, 1.21641850471, 0.713462352753, 0.376760184765, 0.108194962144, 0.00905697420239, 0.000195152213564]
    },
    "gfcc": {
        "mean": [31.3870563507, 69.8493347168, -105.55229187, 23.3469829559, -63.7566680908, 20.8187046051, -37.1543617249, 6.64625310898, -27.7555370331, -0.91565823555, -18.5555038452, 0.502832651138, -14.7824735641],
        "cov": [[1302.29309082, -580.923339844, 11.2267246246, 11.8207979202, 173.106246948, 151.509475708, 82.9167175293, -37.0523452759, -83.2301025391, 69.9688186646, 31.0761699677, 104.313446045, -37.9972419739], [-580.923339844, 726.168701172, -105.120758057, -27.3984146118, 22.4005851746, -137.022964478, -3.78878736496, 43.2996444702, 9.99782752991, -63.0302505493, 31.0710105896, -49.7062110901, 51.6554908752], [11.2267246246, -105.120758057, 666.337524414, -32.5872879028, -8.56582069397, -85.6288528442, -33.079914093, 80.2442169189, 96.5084228516, 25.5692443848, -94.1522216797, -13.3193778992, -15.7814798355], [11.8207979202, -27.3984146118, -32.5872879028, 270.484893799, -9.47301292419, 64.9414215088, -2.49437880516, 4.04124832153, 38.7954559326, 0.75819092989, -12.4870901108, 3.25052428246, 2.75632858276], [173.106246948, 22.4005851746, -8.56582069397, -9.47301292419, 278.742370605, 33.5006866455, 86.9377746582, 20.6181716919, -44.4367904663, 47.3226509094, 33.7028770447, 52.8623809814, -14.0022726059], [151.509475708, -137.022964478, -85.6288528442, 64.9414215088, 33.5006866455, 242.938659668, 89.7802810669, -19.0649261475, -10.7622003555, 7.48205280304, 34.1669883728, 16.703584671, -4.20485544205], [82.9167175293, -3.78878736496, -33.079914093, -2.49437880516, 86.9377746582, 89.7802810669, 141.378173828, 28.2309341431, -3.01279401779, 22.8443870544, 19.9888820648, 20.9496479034, -14.0685377121], [-37.0523452759, 43.2996444702, 80.2442169189, 4.04124832153, 20.6181716919, -19.0649261475, 28.2309341431, 124.370536804, 59.2031211853, -0.0163585878909, -8.17381381989, 0.459946066141, 7.44055366516], [-83.2301025391, 9.99782752991, 96.5084228516, 38.7954559326, -44.4367904663, -10.7622003555, -3.01279401779, 59.2031211853, 107.321617126, 7.16653728485, -23.7431945801, -19.7367591858, 0.731130719185], [69.9688186646, -63.0302505493, 25.5692443848, 0.75819092989, 47.3226509094, 7.48205280304, 22.8443870544, -0.0163585878909, 7.16653728485, 90.943977356, 22.6636981964, 15.269405365, -18.4196376801], [31.0761699677, 31.0710105896, -94.1522216797, -12.4870901108, 33.7028770447, 34.1669883728, 19.9888820648, -8.17381381989, -23.7431945801, 22.6636981964, 89.6708679199, 26.2567977905, 4.64099979401], [104.313446045, -49.7062110901, -13.3193778992, 3.25052428246, 52.8623809814, 16.703584671, 20.9496479034, 0.459946066141, -19.7367591858, 15.269405365, 26.2567977905, 75.1474304199, 18.3052520752], [-37.9972419739, 51.6554908752, -15.7814798355, 2.75632858276, -14.0022726059, -4.20485544205, -14.0685377121, 7.44055366516, 0.731130719185, -18.4196376801, 4.64099979401, 18.3052520752, 65.0218048096]],
        "icov": [[0.00150570936967, 0.00129275815561, -1.47930804815e-05, -0.000121276752907, -0.000776371336542, 0.000182851843419, -0.000423846970079, -5.94601006014e-05, 0.000636184995528, 0.000325951114064, -0.000512337777764, -0.000283619447146, -0.000184226955753], [0.00129275815561, 0.00359968305565, 0.000266978924628, -0.000429959676694, -0.00153569027316, 0.00238794088364, -0.00183101813309, 1.28714909806e-05, -6.89851221978e-05, 0.00216246955097, -0.00265236804262, 0.0028109184932, -0.00258381082676], [-1.47930804815e-05, 0.000266978924628, 0.00226730573922, 0.000568755844142, -0.000386254047044, 0.000247610587394, 0.000668277440127, -0.000768274418078, -0.00154864578508, -0.000702373974491, 0.00208958610892, -0.00044962472748, 0.000266665243544], [-0.000121276752907, -0.000429959676694, 0.000568755844142, 0.00466772541404, -0.000265814946033, -0.00203924090602, 0.00171580608003, 0.000197826957447, -0.00245862081647, -0.000442859512987, 0.00178369448986, -0.00136434531305, 0.000529340235516], [-0.000776371336542, -0.00153569027316, -0.000386254047044, -0.000265814946033, 0.00662400014699, -0.000332932366291, -0.00211128592491, -0.00174842076376, 0.00333675742149, -0.00276765576564, 0.000747834390495, -0.00326071633026, 0.00187506678049], [0.000182851843419, 0.00238794088364, 0.000247610587394, -0.00203924090602, -0.000332932366291, 0.00877075176686, -0.00635737273842, 0.00220828480087, -0.000759290123824, 0.00259801978245, -0.00406260835007, 0.00281044887379, -0.00253311125562], [-0.000423846970079, -0.00183101813309, 0.000668277440127, 0.00171580608003, -0.00211128592491, -0.00635737273842, 0.0144386524335, -0.00381989777088, -0.000234949940932, -0.00245442683809, 0.00264224759303, -0.00314142275602, 0.00399491284043], [-5.94601006014e-05, 1.28714909806e-05, -0.000768274418078, 0.000197826957447, -0.00174842076376, 0.00220828480087, -0.00381989777088, 0.0139362802729, -0.00823209714144, 0.00260213320144, -0.00156024098396, -5.09243591296e-06, -0.00195228296798], [0.000636184995528, -6.89851221978e-05, -0.00154864578508, -0.00245862081647, 0.00333675742149, -0.000759290123824, -0.000234949940932, -0.00823209714144, 0.0189622398466, -0.00402719387785, 0.00159410573542, 0.00217062444426, -0.000363360944903], [0.000325951114064, 0.00216246955097, -0.000702373974491, -0.000442859512987, -0.00276765576564, 0.00259801978245, -0.00245442683809, 0.00260213320144, -0.00402719387785, 0.0165892224759, -0.00623591057956, 0.000119851029012, 0.00222011865117], [-0.000512337777764, -0.00265236804262, 0.00208958610892, 0.00178369448986, 0.000747834390495, -0.00406260835007, 0.00264224759303, -0.00156024098396, 0.00159410573542, -0.00623591057956, 0.0190308075398, -0.00644354661927, 0.0015590559924], [-0.000283619447146, 0.0028109184932, -0.00044962472748, -0.00136434531305, -0.00326071633026, 0.00281044887379, -0.00314142275602, -5.09243591296e-06, 0.00217062444426, 0.000119851029012, -0.00644354661927, 0.0232505891472, -0.00972583517432], [-0.000184226955753, -0.00258381082676, 0.000266665243544, 0.000529340235516, 0.00187506678049, -0.00253311125562, 0.00399491284043, -0.00195228296798, -0.000363360944903, 0.00222011865117, 0.0015590559924, -0.00972583517432, 0.0219542887062]]
    },
    "melbands": {
        "max": [0.0142443450168, 0.0239300671965, 0.00617656670511, 0.0126929460093, 0.0126255135983, 0.00330924312584, 0.00297045055777, 0.00372339552268, 0.00920431222767, 0.0050657344982, 0.00800517387688, 0.00453065149486, 0.0064482181333, 0.0135976886377, 0.0086252419278, 0.00107863987796, 0.000598687503953, 0.00130877865013, 0.00102762959432, 0.000380326702725, 0.00016819308803, 0.00033058738336, 7.41118128644e-05, 0.000115357564937, 0.000107109270175, 0.000161956544616, 0.000142641642014, 0.000103057944216, 9.18151272344e-05, 5.40027940588e-05, 7.50724357204e-05, 0.000160066134413, 0.00017507832672, 0.000192881881958, 0.000219704306801, 0.000375463016098, 0.000339867459843, 0.000188991674804, 0.000127273800899, 6.35355172562e-05],
        "mean": [0.000860018772073, 0.00115623220336, 0.000680257566273, 0.000866840593517, 0.000679099117406, 0.000211498190765, 0.000189193073311, 0.000140704141813, 0.000453096290585, 0.000171936844708, 0.000140091404319, 0.000127506777062, 0.000163474571309, 0.000548486190382, 0.000393837486627, 2.41359120992e-05, 2.24969535338e-05, 3.52141869371e-05, 4.37912240159e-05, 1.79815397132e-05, 1.24905336634e-05, 2.08368837775e-05, 8.62515389599e-06, 7.58510668675e-06, 7.70686347096e-06, 8.82915719558e-06, 8.50752894621e-06, 6.01812280365e-06, 4.89652438773e-06, 4.37653352492e-06, 4.40264011559e-06, 4.71891144116e-06, 4.9344416766e-06, 5.47199897483e-06, 5.02004286318e-06, 5.56949680686e-06, 5.0842068049e-06, 3.66287895304e-06, 2.43664703703e-06, 1.24020289149e-06],
        "min": [9.80918343885e-07, 7.12723249308e-06, 1.2568276361e-05, 1.00353172456e-05, 3.70775842384e-06, 4.48384571428e-06, 3.3961164263e-06, 2.1863636448e-06, 5.94556513533e-06, 1.81260577392e-06, 6.37496725631e-07, 1.94392191588e-06, 9.17320562621e-07, 4.29525414347e-07, 2.74644321507e-07, 1.16048681775e-07, 2.38831404431e-07, 2.34285877809e-07, 1.33139749892e-07, 2.07264733376e-07, 9.36819191111e-08, 2.16483400095e-07, 1.17578743186e-07, 6.68960637995e-08, 1.77714724714e-07, 8.90067113346e-08, 3.88565872811e-08, 6.93572914656e-08, 5.53307799578e-08, 3.68853747545e-08, 3.91219820983e-08, 3.69147095114e-08, 4.4642504804e-08, 3.57659750705e-08, 1.70539919964e-08, 2.01824494894e-08, 1.46135397117e-08, 9.84132952908e-09, 6.59221432997e-09, 6.88138657168e-09],
        "stdev": [0.00200884463266, 0.00217526243068, 0.000759627844673, 0.00124735117424, 0.00122212083079, 0.000298857630696, 0.000272287375992, 0.000309543538606, 0.00078227778431, 0.000371260306565, 0.000444276636699, 0.000317951577017, 0.000530042918399, 0.00157632713672, 0.00106135441456, 6.84926999384e-05, 4.53399006801e-05, 6.52971793897e-05, 8.88151116669e-05, 2.76932096313e-05, 1.69569611899e-05, 3.23907479469e-05, 9.37634922593e-06, 8.72493183124e-06, 8.2689739429e-06, 1.11858716991e-05, 1.23820864246e-05, 8.56078077049e-06, 7.19561694495e-06, 5.61417391509e-06, 6.77492289469e-06, 8.99650967767e-06, 1.15116745292e-05, 1.38494215207e-05, 1.39769226735e-05, 2.16089847527e-05, 2.24639552471e-05, 1.47861164805e-05, 8.88212343853e-06, 3.3467808862e-06]
    },
    "melbands128": {
        "max": [0.00157071102876, 0.0111652417108, 0.0240438878536, 0.0340611673892, 0.0310888718814, 0.0131464069709, 0.00772100128233, 0.00857926253229, 0.0159248579293, 0.0232223812491, 0.0104353222996, 0.0141934948042, 0.022707361728, 0.00868821423501, 0.0057315803133, 0.00131603889167, 0.00326610635966, 0.00538846710697, 0.00260013667867, 0.00438421033323, 0.00767615716904, 0.0101461512968, 0.0161138791591, 0.013411546126, 0.00997580867261, 0.00473209749907, 0.0165009647608, 0.0152135379612, 0.0179254990071, 0.00463569024578, 0.00770075246692, 0.0130845122039, 0.0104741435498, 0.0130178816617, 0.0205540116876, 0.0251040067524, 0.0194150619209, 0.0172693803906, 0.00220291572623, 0.00239013927057, 0.00162069778889, 0.00179889227729, 0.00115994072985, 0.000645919761155, 0.00176887062844, 0.00212523853406, 0.00268065324053, 0.00223403493874, 0.000930135545786, 0.000550861179363, 0.000669058645144, 0.000654875882901, 0.000392401329009, 0.000198625552002, 0.000189972022781, 0.000650399306323, 0.000389322143747, 0.000129829364596, 0.000109711960249, 0.00012176400196, 0.00014767749235, 0.000167700141901, 0.000168765473063, 8.3162150986e-05, 0.00019124323444, 0.000261155422777, 0.000127302861074, 0.000311671581585, 0.000187729878235, 0.000151468804688, 0.000129260006361, 0.000168418104295, 0.000282968423562, 6.95620838087e-05, 5.3753159591e-05, 8.69365467224e-05, 6.98199728504e-05, 9.2423746537e-05, 7.56445006118e-05, 8.47878982313e-05, 9.70417022472e-05, 0.000249580625677, 0.000213022780372, 0.000205884905881, 0.000124814992887, 0.000264050264377, 0.000263118301518, 0.000318928214256, 0.000230446094065, 0.000287183269393, 0.000271478114882, 0.000418497656938, 0.000776243687142, 0.000402923120419, 0.00049820553977, 0.000396980758524, 0.000223169583478, 0.000214130821405, 0.00020570869674, 0.000140661883052, 9.73207279458e-05, 4.4753527618e-05, 3.15060715366e-05, 2.10119560506e-05, 2.11512597161e-05, 2.48995620495e-05, 1.15386083053e-05, 4.03612357331e-05, 3.09545175696e-05, 1.99038477149e-05, 2.56782277575e-05, 1.99007590709e-05, 1.32602899612e-05, 4.41441043222e-05, 2.28251246881e-05, 1.64926605066e-05, 1.01451287264e-05, 1.31910037453e-05, 7.46958266973e-06, 6.38609617454e-06, 1.94327185454e-06, 2.25531198339e-06, 1.56016130859e-06, 2.16531191199e-07, 3.07443173142e-08, 3.10127497016e-08, 3.10367731515e-08, 3.10084793398e-08],
        "mean": [8.0881130998e-05, 0.00053132121684, 0.00118683779147, 0.0014927550219, 0.00128979468718, 0.000852079072502, 0.000527829746716, 0.000550305994693, 0.00100436445791, 0.00101565825753, 0.000644051760901, 0.000771917402744, 0.000803549890406, 0.000431887456216, 0.000132595101604, 8.51128643262e-05, 0.000269695272436, 0.00021397441742, 8.81316882442e-05, 0.000105639352114, 0.000155233035912, 0.000274809455732, 0.000599525403231, 0.000546847644728, 0.000117356255942, 6.81564415572e-05, 0.000120326112665, 0.000107729640149, 0.000233143859077, 0.000106285609945, 9.24922060221e-05, 0.000155632267706, 0.000148015184095, 0.000140450385516, 0.000427424325608, 0.000731152365915, 0.000618780206423, 0.000604082248174, 4.85370546812e-05, 2.1605830625e-05, 2.29245670198e-05, 2.16708667722e-05, 2.00585764105e-05, 1.75296627276e-05, 4.30856671301e-05, 3.17915037158e-05, 2.94976816804e-05, 7.74980071583e-05, 2.63486654148e-05, 1.61500702234e-05, 2.15316922549e-05, 1.4369334167e-05, 1.50930709424e-05, 1.08539015855e-05, 8.04354294814e-06, 3.30328548444e-05, 2.0319070245e-05, 6.38221217741e-06, 6.59663010083e-06, 6.78145488564e-06, 7.91006368672e-06, 6.98088342688e-06, 9.86675149761e-06, 5.29119097337e-06, 9.29834277485e-06, 9.65699382505e-06, 7.57195493861e-06, 1.05892549982e-05, 8.57046870806e-06, 5.2544405662e-06, 6.71885209158e-06, 5.61557726542e-06, 6.26532755632e-06, 4.21675986217e-06, 4.28570137956e-06, 4.12760027757e-06, 4.68258440378e-06, 4.49480785392e-06, 4.07733659813e-06, 4.66821848022e-06, 4.751382221e-06, 4.77394996778e-06, 4.59111652162e-06, 5.05885782331e-06, 4.958532827e-06, 5.62770310353e-06, 5.73518536839e-06, 5.04525269207e-06, 4.60573892269e-06, 5.33478259968e-06, 5.56356235393e-06, 5.50540244149e-06, 5.91730577071e-06, 4.86451199322e-06, 4.96310258313e-06, 4.2761498662e-06, 3.28444525621e-06, 2.84853717858e-06, 2.83923418465e-06, 1.9630499537e-06, 1.59414423706e-06, 1.10756843696e-06, 8.29574332784e-07, 7.32668752335e-07, 7.30533372462e-07, 6.69128041864e-07, 5.78754679736e-07, 6.57793350456e-07, 6.59388831536e-07, 6.52782489396e-07, 5.20481194144e-07, 5.05791888372e-07, 4.41830252385e-07, 4.64067881012e-07, 4.3274499717e-07, 3.51135668097e-07, 2.7321382845e-07, 2.1698659225e-07, 1.53969182293e-07, 1.02434796645e-07, 4.56620519174e-08, 2.61638248844e-08, 1.55517163591e-08, 8.00058352901e-10, 2.77573467683e-11, 2.76018565643e-11, 2.74475199513e-11, 2.7346966705e-11],
        "min": [2.40134201412e-09, 6.99878057731e-08, 2.38696117094e-07, 5.8497118971e-07, 1.61695561474e-06, 3.58470310857e-06, 9.14256872875e-07, 1.25790791117e-06, 2.84885368274e-06, 3.38197446581e-06, 1.4660791976e-06, 1.21041341572e-06, 2.03864374271e-06, 1.41259374686e-06, 1.13122564471e-06, 3.74672481485e-07, 1.21905236483e-06, 5.09953906658e-07, 1.57302125103e-07, 3.70224704227e-08, 4.84658244204e-07, 1.21187861168e-06, 3.22843698086e-06, 1.94023755284e-06, 4.24155189194e-07, 1.65220598092e-07, 1.54368478889e-07, 3.97226131099e-07, 3.09798082299e-07, 5.24274980762e-07, 6.31672605778e-07, 2.66915378688e-07, 3.31052007141e-07, 4.42040487769e-07, 3.36486749575e-07, 2.81098692767e-07, 8.52294377296e-08, 3.43041250517e-07, 3.1569948078e-07, 8.54439647924e-08, 3.19485984335e-08, 1.41126662356e-07, 1.54446539113e-07, 1.26657226929e-07, 1.53434839945e-07, 1.24648963151e-07, 7.00782507579e-08, 8.54657997706e-08, 1.07741477962e-07, 3.91513594877e-08, 1.07698078011e-07, 8.260280282e-08, 5.76112739736e-08, 5.72377274466e-08, 4.67003609117e-08, 2.28758480603e-07, 1.09422614969e-07, 8.76294663499e-08, 5.09584801023e-08, 3.29560840839e-08, 5.64322668595e-08, 5.30157961975e-08, 9.29921526449e-08, 3.03220240028e-08, 1.19429486745e-07, 5.17616420836e-08, 3.22296926925e-08, 3.24676960872e-08, 1.7270828323e-08, 4.92639919969e-08, 6.09921571026e-08, 1.82434529705e-08, 4.50961934462e-08, 4.11831457825e-08, 2.49692977405e-08, 2.30948469238e-08, 3.09407042209e-08, 4.59531293018e-08, 3.9642383598e-08, 2.35174830721e-08, 3.66225556547e-08, 3.73100768059e-08, 4.68901859563e-08, 4.36898375256e-08, 3.74456554653e-08, 3.17087689439e-08, 1.89879276746e-08, 1.92582643166e-08, 1.41582852109e-08, 1.56666946083e-08, 1.70737770588e-08, 1.51967718409e-08, 2.10192414585e-08, 1.11523972279e-08, 1.46054679462e-08, 1.11107079093e-08, 8.73189964778e-09, 4.82247930478e-09, 6.62486465686e-09, 7.22942106179e-09, 6.91442592071e-09, 5.89743942569e-09, 3.12302428362e-09, 2.70211941711e-09, 5.21594722969e-09, 2.77780998204e-09, 1.57938284673e-09, 1.58521118454e-09, 1.65508007299e-09, 1.8363490728e-09, 7.67607255536e-10, 7.75145780896e-10, 6.68034627616e-10, 5.34032706945e-10, 5.51597489906e-10, 4.55072951544e-10, 7.67754471109e-11, 7.70188979867e-13, 5.64960167678e-14, 6.54797600147e-14, 5.18013264933e-14, 4.61858368662e-14, 4.69142479313e-14, 4.73394279777e-14, 4.05886973608e-14, 1.1541921661e-14, 1.61077682717e-15, 1.29114860041e-16],
        "stdev": [0.000205932141398, 0.00146725366358, 0.00306303263642, 0.00348107959144, 0.00257744151168, 0.0012833076762, 0.00074038823368, 0.00079181313049, 0.00157971354201, 0.00186104991008, 0.0012924639741, 0.00163401977625, 0.00183856976219, 0.000877211568877, 0.000294398516417, 0.000133435198222, 0.000429388368502, 0.000380929704988, 0.000186334174941, 0.000291199132334, 0.000518625834957, 0.000792624487076, 0.00118611985818, 0.0012158685131, 0.000507357704919, 0.000230468445807, 0.000667291868012, 0.000558974104933, 0.000798068591394, 0.000300423183944, 0.000352443923475, 0.000803298316896, 0.000734982546419, 0.000679831020534, 0.00168528291397, 0.00279387040064, 0.00202444754541, 0.00198525679298, 0.000129882115289, 0.000112579306006, 8.5470477643e-05, 9.9861252238e-05, 6.39529753244e-05, 4.2838662921e-05, 7.97756074462e-05, 9.55687501119e-05, 0.000104724247649, 0.000195682267076, 5.60471271456e-05, 3.88726803067e-05, 4.18866802647e-05, 3.31573501171e-05, 2.92415243166e-05, 1.83848496818e-05, 1.43405268318e-05, 6.11622017459e-05, 3.70230154658e-05, 9.64667469816e-06, 8.94736422197e-06, 1.03291813502e-05, 1.19603728308e-05, 1.10230330392e-05, 1.28927385958e-05, 7.31890304451e-06, 1.49114894157e-05, 1.57762915478e-05, 1.18081352412e-05, 2.20449746848e-05, 1.40729935083e-05, 8.84920154931e-06, 1.01129198811e-05, 1.05638791865e-05, 1.66823465406e-05, 6.3926340772e-06, 5.65011396247e-06, 6.2769872784e-06, 6.67133872412e-06, 7.10234917278e-06, 7.47580270399e-06, 8.07413198345e-06, 8.21454705147e-06, 1.14521835712e-05, 1.17962072181e-05, 1.26202785395e-05, 1.20459699247e-05, 1.59322480613e-05, 1.53283253894e-05, 1.45566418723e-05, 1.30353237182e-05, 1.71879109985e-05, 1.99753230845e-05, 2.33787268371e-05, 3.21364714182e-05, 2.21247846639e-05, 2.31898393395e-05, 2.16705993807e-05, 1.31860106194e-05, 1.10080572995e-05, 1.22496849144e-05, 7.28433451513e-06, 5.01244448969e-06, 2.84178554466e-06, 1.97623853637e-06, 1.51719621044e-06, 1.42773012612e-06, 1.40353233746e-06, 1.03243166905e-06, 1.5800210349e-06, 1.36181506605e-06, 1.28484430206e-06, 1.29312695663e-06, 1.37160566283e-06, 1.08127142084e-06, 1.5776198552e-06, 1.25811345697e-06, 1.03263982965e-06, 7.8933152281e-07, 7.59331157951e-07, 5.02109230638e-07, 3.59469026989e-07, 1.48683980683e-07, 1.23955373965e-07, 8.49197974162e-08, 7.79323894307e-09, 8.23159873597e-10, 8.29858293194e-10, 8.30312762989e-10, 8.2947426705e-10]
    },
    "mfcc": {
        "mean": [-616.547119141, 105.10370636, 12.9285860062, 9.6560459137, -0.296685129404, 6.67816114426, 1.86225640774, 6.11797714233, -2.80831432343, 1.04250431061, -5.56915569305, -2.2479300499, -1.2460064888],
        "cov": [[1309.76269531, -532.386169434, -219.692520142, -32.2083435059, 19.4174633026, 183.834976196, 126.827674866, 40.763671875, -25.9055557251, -66.1032791138, -51.676525116, 87.1542816162, 119.265861511], [-532.386169434, 698.245605469, -63.9851112366, 50.240524292, 18.9707508087, -167.146484375, 17.2228050232, -26.9348373413, -2.4578897953, 11.6872186661, -0.701862156391, -33.1546669006, -31.1651535034], [-219.692520142, -63.9851112366, 505.998260498, -2.03120112419, 22.5665531158, -44.7900543213, -125.693069458, -0.242327734828, 58.7859535217, 62.4449615479, 50.296295166, -50.9847602844, -105.269729614], [-32.2083435059, 50.240524292, -2.03120112419, 196.307342529, 48.7328186035, -9.56976127625, -22.6905841827, 2.6562731266, 22.4199810028, 1.34663534164, 19.4940299988, 13.2437696457, 11.1264362335], [19.4174633026, 18.9707508087, 22.5665531158, 48.7328186035, 118.737342834, 0.712517619133, 14.2253055573, 13.5135993958, 16.105134964, 8.37080764771, 1.63131046295, 13.4264631271, 9.55937767029], [183.834976196, -167.146484375, -44.7900543213, -9.56976127625, 0.712517619133, 201.70916748, 78.6486434937, 22.9278507233, -0.867523372173, -10.3697490692, 1.61765253544, 26.4710464478, 43.1362228394], [126.827674866, 17.2228050232, -125.693069458, -22.6905841827, 14.2253055573, 78.6486434937, 160.194000244, 36.4415893555, -5.42203235626, -9.2571144104, -14.084197998, 44.9293060303, 70.5404434204], [40.763671875, -26.9348373413, -0.242327734828, 2.6562731266, 13.5135993958, 22.9278507233, 36.4415893555, 111.86491394, 43.2103004456, 16.3862171173, -0.759385049343, 12.5923175812, 17.065486908], [-25.9055557251, -2.4578897953, 58.7859535217, 22.4199810028, 16.105134964, -0.867523372173, -5.42203235626, 43.2103004456, 89.1167907715, 36.8291473389, 20.4837303162, -4.45196247101, -10.3967065811], [-66.1032791138, 11.6872186661, 62.4449615479, 1.34663534164, 8.37080764771, -10.3697490692, -9.2571144104, 16.3862171173, 36.8291473389, 85.8831939697, 33.4169464111, -4.94462203979, -18.6831073761], [-51.676525116, -0.701862156391, 50.296295166, 19.4940299988, 1.63131046295, 1.61765253544, -14.084197998, -0.759385049343, 20.4837303162, 33.4169464111, 74.6487808228, 21.6133956909, -6.59352397919], [87.1542816162, -33.1546669006, -50.9847602844, 13.2437696457, 13.4264631271, 26.4710464478, 44.9293060303, 12.5923175812, -4.45196247101, -4.94462203979, 21.6133956909, 81.591468811, 55.8372879028], [119.265861511, -31.1651535034, -105.269729614, 11.1264362335, 9.55937767029, 43.1362228394, 70.5404434204, 17.065486908, -10.3967065811, -18.6831073761, -6.59352397919, 55.8372879028, 111.211250305]],
        "icov": [[0.00145928841084, 0.001197820995, 0.000496155407745, -5.88453476666e-05, -0.000376072217477, 0.000130396045279, -0.000762278679758, 0.00010216361261, -0.000197756045964, 0.000382398517104, 0.000591431104112, -0.000487972865812, 2.16270127567e-05], [0.001197820995, 0.00321782985702, 0.000730743689928, -0.000766148441471, -0.000448709004559, 0.00243330537342, -0.0026681041345, 0.000590767769609, -0.000118080657558, 0.000244220573222, -0.000257064268226, 0.000910131435376, 0.000639763660729], [0.000496155407745, 0.000730743689928, 0.00337216327898, 0.000515577092301, -0.00116360059474, -2.14636384044e-05, 0.00140991422813, -8.53617821122e-05, -0.00113960087765, -0.000599121849518, -0.00114105362445, 0.000337137316819, 0.00159614672884], [-5.88453476666e-05, -0.000766148441471, 0.000515577092301, 0.00667056627572, -0.00268216663972, -0.000785833224654, 0.0026908305008, 4.23875280831e-05, -0.00169257109519, 0.00102445087396, -0.00151141209062, -0.000527858908754, -0.00131956476253], [-0.000376072217477, -0.000448709004559, -0.00116360059474, -0.00268216663972, 0.0103820264339, 0.000265155831585, -0.00146406900603, -0.000167374877492, -0.000659919576719, -0.000936404860113, 0.00181947031524, -0.00171433319338, 0.000153158136527], [0.000130396045279, 0.00243330537342, -2.14636384044e-05, -0.000785833224654, 0.000265155831585, 0.00876731239259, -0.00531565211713, 0.000140729316627, 3.78944569093e-05, 0.00096322275931, -0.0018270543078, 0.00171498768032, -0.00027701392537], [-0.000762278679758, -0.0026681041345, 0.00140991422813, 0.0026908305008, -0.00146406900603, -0.00531565211713, 0.014841507189, -0.00277851126157, 9.85734150163e-05, -0.00157646555454, 0.0020311884582, -0.00344773009419, -0.00406880676746], [0.00010216361261, 0.000590767769609, -8.53617821122e-05, 4.23875280831e-05, -0.000167374877492, 0.000140729316627, -0.00277851126157, 0.0127590997145, -0.00647988636047, -0.000850235577673, 0.0022016284056, -0.00117408996448, -0.000293354125461], [-0.000197756045964, -0.000118080657558, -0.00113960087765, -0.00169257109519, -0.000659919576719, 3.78944569093e-05, 9.85734150163e-05, -0.00647988636047, 0.018222367391, -0.00469822715968, -0.00250809127465, 0.00221115490422, -0.000101174890005], [0.000382398517104, 0.000244220573222, -0.000599121849518, 0.00102445087396, -0.000936404860113, 0.00096322275931, -0.00157646555454, -0.000850235577673, -0.00469822715968, 0.017572009936, -0.00698883831501, 0.00203209090978, 0.000904209213331], [0.000591431104112, -0.000257064268226, -0.00114105362445, -0.00151141209062, 0.00181947031524, -0.0018270543078, 0.0020311884582, 0.0022016284056, -0.00250809127465, -0.00698883831501, 0.0224948078394, -0.0106380591169, 0.00255717802793], [-0.000487972865812, 0.000910131435376, 0.000337137316819, -0.000527858908754, -0.00171433319338, 0.00171498768032, -0.00344773009419, -0.00117408996448, 0.00221115490422, 0.00203209090978, -0.0106380591169, 0.0248548369855, -0.00956231821328], [2.16270127567e-05, 0.000639763660729, 0.00159614672884, -0.00131956476253, 0.000153158136527, -0.00027701392537, -0.00406880676746, -0.000293354125461, -0.000101174890005, 0.000904209213331, 0.00255717802793, -0.00956231821328, 0.0186061225832]]
    },
    "spectral_contrast_coeffs": {
        "max": [-0.42043954134, -0.457649827003, -0.482060104609, -0.604844689369, -0.667266130447, -0.611481964588],
        "mean": [-0.70578032732, -0.749279439449, -0.74104654789, -0.79237985611, -0.799382686615, -0.779357671738],
        "min": [-0.969978451729, -0.917980968952, -0.902877271175, -0.889651238918, -0.873065173626, -0.877753853798],
        "stdev": [0.0736058577895, 0.0732061713934, 0.0776413306594, 0.0411639921367, 0.0306748226285, 0.0344493165612]
    },
    "spectral_contrast_valleys": {
        "max": [-4.94519996643, -5.07602405548, -5.76068496704, -6.10599279404, -5.69432783127, -7.36212491989],
        "mean": [-6.49132680893, -6.60033941269, -7.05469465256, -7.53795719147, -7.43953895569, -9.50557327271],
        "min": [-8.25731658936, -8.26939105988, -8.80288028717, -9.00979137421, -9.05456733704, -11.6702423096],
        "stdev": [0.503747701645, 0.418516397476, 0.495314568281, 0.501807272434, 0.524996638298, 0.616864740849]
    }
},
"rhythm": {
    "beats_count": 52,
    "beats_loudness": {
        "max": 0.0728220492601,
        "mean": 0.0359025150537,
        "min": 0.0107929008082,
        "stdev": 0.0147071462125
    },
    "bpm": 98.5616989136,
    "bpm_histogram_first_peak_bpm": 99,
    "bpm_histogram_first_peak_weight": 0.155555546284,
    "bpm_histogram_second_peak_bpm": 94,
    "bpm_histogram_second_peak_spread": 0.16666662693,
    "bpm_histogram_second_peak_weight": 0.0980392172933,
    "danceability": 1.01580905914,
    "onset_rate": 3.75292944908,
    "beats_loudness_band_ratio": {
        "max": [0.880832195282, 0.780678331852, 0.425604999065, 0.871002078056, 0.206102117896, 0.475301206112],
        "mean": [0.395253807306, 0.226940557361, 0.120468579233, 0.191855102777, 0.0500502996147, 0.0907519683242],
        "min": [0.042411070317, 0.00685944641009, 0.0123636638746, 0.00451800320297, 0.00375838973559, 0.00772876385599],
        "stdev": [0.257462143898, 0.194373100996, 0.102240510285, 0.253623068333, 0.0416143760085, 0.0938851386309]
    },
    "beats_position": [0.615328788757, 1.24226760864, 1.8575963974, 2.48453521729, 3.11147379875, 3.75002264977, 4.38857126236, 5.0387301445, 5.67727899551, 6.31582736969, 6.9543762207, 7.58131504059, 8.19664382935, 8.8119726181, 9.42730140686, 10.0310201645, 10.6347389221, 11.2500677109, 11.8653964996, 12.4691152573, 13.0728340149, 13.6649427414, 14.2570514679, 14.8607711792, 15.4760990143, 16.0798187256, 16.6951465607, 17.298866272, 17.9141941071, 18.5063037872, 19.1100215912, 19.7137413025, 20.3174591064, 20.9327888489, 21.548116684, 22.1518363953, 22.7555541992, 23.3592739105, 23.9629936218, 24.5667114258, 25.1704311371, 25.774148941, 26.3778686523, 26.9931964874, 27.6085262299, 28.2122440338, 28.8159637451, 29.4196815491, 30.0234012604, 30.6387290955, 31.2540588379, 31.8577766418],
