{
"metadata": {
    "version": {
        "essentia": "2.1-beta5",
        "essentia_git_sha": "Undefined",
        "extractor": "music 2.0"
    },
    "audio_properties": {
        "analysis": {
            "equal_loudness": 0,
            "length": 20.9211788177,
            "sample_rate": 44100,
            "start_time": 178.735595703,
            "downmix": "mix"
        },
        "bit_rate": 192000,
        "length": 199.679992676,
        "lossless": 0,
        "number_channels": 2,
        "replay_gain": -4.37906646729,
        "sample_rate": 48000,
        "codec": "mp3",
        "md5_encoded": "baea0a7ba5433c58e1cd8dba82e99e02"
    },
    "tags": {
        "file_name": "Sweden_Popular_Eric Saade.mp3",
        "encoding": ["Lavf58.29.100"]
    }
},
"lowlevel": {
    "average_loudness": 0.967473089695,
    "barkbands_crest": {
        "max": 22.5576610565,
        "mean": 10.0507106781,
        "min": 2.12948465347,
        "stdev": 4.16359949112
    },
    "barkbands_flatness_db": {
        "max": 0.303443461657,
        "mean": 0.122983761132,
        "min": 0.0103479484096,
        "stdev": 0.0854982808232
    },
    "barkbands_kurtosis": {
        "max": 23.473657608,
        "mean": 2.63385868073,
        "min": -1.55056464672,
        "stdev": 4.00803995132
    },
    "barkbands_skewness": {
        "max": 4.22029304504,
        "mean": 1.39044690132,
        "min": -0.393093585968,
        "stdev": 0.8717045784
    },
    "barkbands_spread": {
        "max": 81.4907684326,
        "mean": 28.2785167694,
        "min": 2.39331221581,
        "stdev": 20.6067142487
    },
    "dissonance": {
        "max": 0.499999582767,
        "mean": 0.479793190956,
        "min": 0.385424941778,
        "stdev": 0.0180548913777
    },
    "dynamic_complexity": 1.88712739944,
    "erbbands_crest": {
        "max": 26.412109375,
        "mean": 9.13083076477,
        "min": 2.65208435059,
        "stdev": 4.26254177094
    },
    "erbbands_flatness_db": {
        "max": 0.370923191309,
        "mean": 0.179661735892,
        "min": 0.0537386015058,
        "stdev": 0.101351700723
    },
    "erbbands_kurtosis": {
        "max": 14.1939125061,
        "mean": 1.19608855247,
        "min": -1.47978389263,
        "stdev": 2.32239794731
    },
    "erbbands_skewness": {
        "max": 3.19164133072,
        "mean": 0.886203110218,
        "min": -0.785614490509,
        "stdev": 0.807893514633
    },
    "erbbands_spread": {
        "max": 88.1893768311,
        "mean": 29.9520359039,
        "min": 5.36187791824,
        "stdev": 16.9653091431
    },
    "hfc": {
        "max": 123.238868713,
        "mean": 41.2202949524,
        "min": 6.64606204737e-07,
        "stdev": 24.9918365479
    },
    "loudness_ebu128": {
        "integrated": -15.9559364319,
        "loudness_range": 3.53044128418,
        "momentary": {
            "max": -12.1072120667,
            "mean": -16.5675582886,
            "min": -32.8569564819,
            "stdev": 2.56502723694
        },
        "short_term": {
            "max": -13.2134580612,
            "mean": -15.9983778,
            "min": -18.1967926025,
            "stdev": 1.10927891731
        }
    },
    "melbands_crest": {
        "max": 30.5462017059,
        "mean": 13.9045581818,
        "min": 3.54777622223,
        "stdev": 5.21663236618
    },
    "melbands_flatness_db": {
        "max": 0.303871005774,
        "mean": 0.160420805216,
        "min": 0.0392871871591,
        "stdev": 0.0623114742339
    },
    "melbands_kurtosis": {
        "max": 47.9269752502,
        "mean": 7.96839666367,
        "min": -0.476656675339,
        "stdev": 6.94435167313
    },
    "melbands_skewness": {
        "max": 6.49226665497,
        "mean": 2.21949839592,
        "min": 0.447819590569,
        "stdev": 0.954565405846
    },
    "melbands_spread": {
        "max": 95.4768295288,
        "mean": 28.1331768036,
        "min": 2.88843178749,
        "stdev": 19.9120750427
    },
    "pitch_salience": {
        "max": 0.88006144762,
        "mean": 0.623152077198,
        "min": 0.216359362006,
        "stdev": 0.116307489574
    },
    "silence_rate_20dB": {
        "max": 1,
        "mean": 1,
        "min": 1,
        "stdev": 0
    },
    "silence_rate_30dB": {
        "max": 1,
        "mean": 1,
        "min": 1,
        "stdev": 0
    },
    "silence_rate_60dB": {
        "max": 1,
        "mean": 0.017738359049,
        "min": 0,
        "stdev": 0.1319989115
    },
    "spectral_centroid": {
        "max": 3452.23510742,
        "mean": 1765.55859375,
        "min": 894.054260254,
        "stdev": 560.758239746
    },
    "spectral_complexity": {
        "max": 54,
        "mean": 29.6019954681,
        "min": 0,
        "stdev": 9.74418640137
    },
    "spectral_decrease": {
        "max": -2.92291614809e-17,
        "mean": -7.10911463031e-09,
        "min": -2.55201335619e-08,
        "stdev": 3.92289845053e-09
    },
    "spectral_energy": {
        "max": 0.106125488877,
        "mean": 0.0305702649057,
        "min": 1.70599478988e-10,
        "stdev": 0.0165085047483
    },
    "spectral_energyband_high": {
        "max": 0.0113399587572,
        "mean": 0.00225819693878,
        "min": 4.47222016364e-11,
        "stdev": 0.0023133456707
    },
    "spectral_energyband_low": {
        "max": 0.048211582005,
        "mean": 0.00667422171682,
        "min": 1.05886436771e-12,
        "stdev": 0.00938520487398
    },
    "spectral_energyband_middle_high": {
        "max": 0.0419724993408,
        "mean": 0.010262362659,
        "min": 7.11022837829e-11,
        "stdev": 0.00576306506991
    },
    "spectral_energyband_middle_low": {
        "max": 0.0677971467376,
        "mean": 0.0122884130105,
        "min": 6.12527598087e-11,
        "stdev": 0.00979774817824
    },
    "spectral_entropy": {
        "max": 8.58218860626,
        "mean": 7.90781974792,
        "min": 7.0340051651,
        "stdev": 0.384534686804
    },
    "spectral_flux": {
        "max": 0.267001986504,
        "mean": 0.103150352836,
        "min": 0.00145273981616,
        "stdev": 0.0363641791046
    },
    "spectral_kurtosis": {
        "max": 17.2408313751,
        "mean": 4.98474836349,
        "min": 1.14714384079,
        "stdev": 2.91444134712
    },
    "spectral_rms": {
        "max": 0.0101753165945,
        "mean": 0.0052336785011,
        "min": 4.07968769878e-07,
        "stdev": 0.00155987357721
    },
    "spectral_rolloff": {
        "max": 11326.4648438,
        "mean": 2295.17382812,
        "min": 107.666015625,
        "stdev": 1445.59521484
    },
    "spectral_skewness": {
        "max": 2.99032592773,
        "mean": 1.71085953712,
        "min": 0.993276536465,
        "stdev": 0.425600588322
    },
    "spectral_spread": {
        "max": 9281355,
        "mean": 5120079.5,
        "min": 2266848,
        "stdev": 1718212.625
    },
    "spectral_strongpeak": {
        "max": 6.33145284653,
        "mean": 1.22431385517,
        "min": 2.36106898228e-05,
        "stdev": 1.10578858852
    },
    "zerocrossingrate": {
        "max": 0.28564453125,
        "mean": 0.0936325341463,
        "min": 0.03662109375,
        "stdev": 0.0402004271746
    },
    "barkbands": {
        "max": [0.00237458292395, 0.0460062809289, 0.0311138685793, 0.0124438880011, 0.00972225796431, 0.0273394454271, 0.00485184416175, 0.021820500493, 0.0640910938382, 0.0290194991976, 0.0184625405818, 0.00808517355472, 0.0189793203026, 0.0100779375061, 0.00489392969757, 0.00351355108432, 0.0036903959699, 0.00362360198051, 0.00397586403415, 0.00545145850629, 0.00384201458655, 0.00402492377907, 0.00192308158148, 0.00213544047438, 0.00186768639833, 0.00120579579379, 0.000699032680131],
        "mean": [0.000181243900442, 0.00497636385262, 0.00123847078066, 0.000498948909808, 0.000639045494609, 0.000942575454246, 0.000360360805644, 0.00142550829332, 0.00705653475598, 0.00333349895664, 0.00172799546272, 0.00089359539561, 0.00135285768192, 0.000840030261315, 0.000660019286443, 0.000433577544754, 0.000495915883221, 0.000544875802007, 0.000395992828999, 0.000526488118339, 0.000396791700041, 0.000359343073796, 0.000323188636685, 0.000318451144267, 0.000312692398438, 0.00022262033599, 0.000113253641757],
        "min": [8.07371097061e-13, 3.78614159339e-13, 8.93114385616e-14, 9.69218127522e-14, 6.87026011168e-13, 6.96479603591e-13, 2.31637278802e-12, 3.03961803644e-12, 3.58390921107e-11, 3.70679667516e-11, 8.33481113988e-12, 1.10970113307e-11, 3.68764047076e-12, 7.14380507874e-12, 3.4066471432e-12, 1.40520472862e-12, 2.15714100228e-12, 2.16947662092e-12, 2.98978528566e-12, 1.96515611943e-12, 3.25604083626e-12, 2.2836131857e-12, 3.15469807395e-12, 5.62420813047e-12, 6.77348151526e-12, 1.40939785884e-11, 9.08476158884e-12],
        "stdev": [0.000313125958201, 0.00756262429059, 0.00360905355774, 0.0010888138786, 0.00106849253643, 0.00225943466648, 0.000431783526437, 0.00250662397593, 0.00794213823974, 0.0041841682978, 0.00191240827553, 0.000911196926609, 0.00152803445235, 0.00104295718484, 0.000598995713517, 0.000323575921357, 0.000417837203713, 0.000435557565652, 0.000398511154344, 0.000688144064043, 0.000491542101372, 0.000426516635343, 0.000358041812433, 0.000358591903932, 0.000349027308403, 0.000242087902734, 0.00012087450159]
    },
    "erbbands": {
        "max": [1.72022616863, 9.98868465424, 32.8111038208, 39.2592773438, 32.0513114929, 34.9729499817, 208.829910278, 180.553695679, 83.3870544434, 124.437049866, 652.497497559, 1261.98498535, 953.670715332, 698.760437012, 454.801879883, 304.032196045, 805.775939941, 583.201660156, 300.522521973, 182.396514893, 147.116012573, 235.122390747, 211.669845581, 146.601135254, 273.612731934, 211.125656128, 274.753753662, 103.895004272, 127.574424744, 99.9206314087, 54.8688049316, 42.8207855225, 32.0884666443, 23.5650939941, 15.4682397842, 5.91922855377, 2.50712442398, 0.783862233162, 0.120265342295, 0.0038306415081],
        "mean": [0.171876013279, 0.998714327812, 1.50865221024, 1.66062819958, 1.63409042358, 2.47557878494, 5.57607269287, 7.12413549423, 4.79614257812, 8.80536460876, 56.2958526611, 148.090011597, 148.712524414, 96.6915130615, 49.0392494202, 36.0163879395, 58.5500259399, 53.3545341492, 33.1560211182, 29.8088302612, 25.4039287567, 29.6591014862, 31.4084739685, 20.7233562469, 26.2630310059, 21.9680652618, 19.5115909576, 12.3771505356, 13.1048927307, 10.9353017807, 8.97054100037, 6.85838127136, 5.31571292877, 3.69647932053, 2.16492772102, 0.959150135517, 0.382571280003, 0.133422404528, 0.0216360650957, 0.000742537202314],
        "min": [2.50258078149e-11, 4.35975006097e-11, 8.89548296135e-11, 3.17986581511e-10, 5.36012623176e-10, 2.1735537814e-09, 6.62034826959e-09, 5.19996801174e-09, 1.58727235799e-08, 6.87307206704e-08, 1.20642823731e-07, 7.05362651843e-07, 1.49349455114e-06, 5.41635870377e-07, 5.58708052267e-07, 3.43858630458e-07, 1.82615849553e-07, 3.19792349046e-07, 2.79979389006e-07, 1.25724568534e-07, 7.23517743495e-08, 1.3318428671e-07, 1.1650665499e-07, 1.37901224662e-07, 1.4675045179e-07, 9.06044803628e-08, 9.76608163228e-08, 1.31336932441e-07, 1.03437216126e-07, 7.86059857205e-08, 9.22995369024e-08, 1.1487268381e-07, 9.09421942197e-08, 5.6287841943e-08, 6.00510361437e-08, 4.61243310212e-08, 2.53706655684e-08, 8.63416982355e-09, 1.5894642269e-09, 1.10763016814e-10],
        "stdev": [0.300649553537, 1.48654317856, 3.71819877625, 3.89111304283, 3.05174541473, 4.33835840225, 14.4049901962, 16.6506576538, 6.84453296661, 9.88753986359, 79.8884506226, 172.818862915, 180.439315796, 91.7350463867, 45.5570220947, 32.2634468079, 64.0541687012, 61.6458435059, 30.0219326019, 23.2289943695, 16.3281784058, 25.8827457428, 24.4886722565, 18.065908432, 32.3758506775, 26.204208374, 26.6473579407, 13.669711113, 15.2646093369, 13.2162809372, 9.95522212982, 7.89114332199, 5.93858528137, 4.09654760361, 2.50016593933, 1.11533284187, 0.423395216465, 0.141168683767, 0.0231932681054, 0.000784189673141]
    },
    "gfcc": {
        "mean": [27.6937255859, 14.3286905289, -153.564315796, -19.4190597534, -68.8376083374, 10.3590135574, -25.204416275, 18.6160564423, -19.852432251, 1.35828208923, -20.1774177551, 0.169575810432, -10.6729764938],
        "cov": [[8953.59960938, 834.017822266, 5036.80664062, 3233.77807617, 2115.8605957, 1036.66882324, 490.677520752, -58.1822814941, 209.090713501, 447.359649658, 388.87197876, 169.68170166, 6.45738697052], [834.017822266, 300.151855469, 674.534973145, 466.908966064, 292.807403564, 173.32673645, 91.2264175415, 10.6658802032, 33.4117240906, 57.9829406738, 51.4754829407, 7.4348487854, -1.52329683304], [5036.80664062, 674.534973145, 4239.90917969, 2736.20288086, 1772.5234375, 905.417480469, 448.267059326, -28.0866184235, 191.736114502, 402.941741943, 328.998779297, 155.952651978, 46.2063293457], [3233.77807617, 466.908966064, 2736.20288086, 1861.57128906, 1160.68786621, 634.323669434, 309.440979004, -13.5720939636, 120.708587646, 268.99118042, 213.639968872, 105.140884399, 35.6071815491], [2115.8605957, 292.807403564, 1772.5234375, 1160.68786621, 821.845336914, 410.701782227, 204.871353149, -2.28372573853, 93.4254684448, 168.07800293, 143.546279907, 70.6059951782, 24.8078365326], [1036.66882324, 173.32673645, 905.417480469, 634.323669434, 410.701782227, 300.648193359, 159.408935547, 31.390914917, 54.2003250122, 98.4952468872, 70.998878479, 29.4996986389, 10.1980047226], [490.677520752, 91.2264175415, 448.267059326, 309.440979004, 204.871353149, 159.408935547, 144.982940674, 42.058883667, 46.2548484802, 55.9623680115, 41.9948005676, 0.475391507149, -0.119337178767], [-58.1822814941, 10.6658802032, -28.0866184235, -13.5720939636, -2.28372573853, 31.390914917, 42.058883667, 71.8789596558, 37.4549064636, 12.6913518906, -2.2337911129, -6.33357286453, -4.67731285095], [209.090713501, 33.4117240906, 191.736114502, 120.708587646, 93.4254684448, 54.2003250122, 46.2548484802, 37.4549064636, 71.2191162109, 48.3610839844, 22.8537559509, 7.06700992584, 3.8936882019], [447.359649658, 57.9829406738, 402.941741943, 268.99118042, 168.07800293, 98.4952468872, 55.9623680115, 12.6913518906, 48.3610839844, 89.1636428833, 58.3493843079, 26.0979766846, 11.6678152084], [388.87197876, 51.4754829407, 328.998779297, 213.639968872, 143.546279907, 70.998878479, 41.9948005676, -2.2337911129, 22.8537559509, 58.3493843079, 80.8835678101, 42.0765762329, 20.7229766846], [169.68170166, 7.4348487854, 155.952651978, 105.140884399, 70.6059951782, 29.4996986389, 0.475391507149, -6.33357286453, 7.06700992584, 26.0979766846, 42.0765762329, 57.9158935547, 32.3236236572], [6.45738697052, -1.52329683304, 46.2063293457, 35.6071815491, 24.8078365326, 10.1980047226, -0.119337178767, -4.67731285095, 3.8936882019, 11.6678152084, 20.7229766846, 32.3236236572, 46.3275299072]],
        "icov": [[0.000350161542883, -5.15901483595e-05, -0.00039312581066, -1.76965731953e-05, -8.70556395967e-05, 5.22483642271e-05, 0.000148119142978, 3.72863687517e-05, -8.3577237092e-05, 0.000268120551482, -0.000238229637034, -4.84605516249e-05, 0.000474329397548], [-5.15901483595e-05, 0.00606903806329, 0.000366576219676, -0.00206073699519, 9.39929450396e-05, -0.000983671750873, 0.000993246911094, -0.00119901669677, -0.000810853322037, 0.00277353078127, -0.00310752913356, 0.00365885905921, -0.00032048104913], [-0.00039312581066, 0.000366576219676, 0.00709687778726, -0.0076217292808, -0.00485763791949, 0.00338705792092, -0.000779704248998, 8.03823568276e-05, 9.12275572773e-05, -0.0014265361242, -0.000547320290934, 0.000563887180761, 0.000911301875021], [-1.76965731953e-05, -0.00206073699519, -0.0076217292808, 0.0156235136092, -0.000896684534382, -0.00732647720724, 0.000140298550832, 0.00251846201718, 0.00290281139314, -0.00485045416281, 0.00338922254741, -0.0025694614742, -0.000869769370183], [-8.70556395967e-05, 9.39929450396e-05, -0.00485763791949, -0.000896684534382, 0.0159039814025, -0.00582414353266, 0.000997107592411, 0.00258772121742, -0.0071059204638, 0.0069941515103, -0.003731822595, -0.000422984419856, -0.000621016079094], [5.22483642271e-05, -0.000983671750873, 0.00338705792092, -0.00732647720724, -0.00582414353266, 0.0236171130091, -0.0119607606903, -0.00593295739964, 0.00670779589564, -0.00607517687604, 0.00611444795504, -0.00423419894651, 0.000688926375005], [0.000148119142978, 0.000993246911094, -0.000779704248998, 0.000140298550832, 0.000997107592411, -0.0119607606903, 0.0244010686874, -0.00747677590698, -0.00394923239946, 0.00470857135952, -0.0110868811607, 0.0132656954229, -0.00306157232262], [3.72863687517e-05, -0.00119901669677, 8.03823568276e-05, 0.00251846201718, 0.00258772121742, -0.00593295739964, -0.00747677590698, 0.0294178109616, -0.0157409235835, 0.0019496526802, 0.00381164485589, -0.00538867805153, 0.00369738927111], [-8.3577237092e-05, -0.000810853322037, 9.12275572773e-05, 0.00290281139314, -0.0071059204638, 0.00670779589564, -0.00394923239946, -0.0157409235835, 0.0375144816935, -0.022396678105, 0.00750018609688, -0.00026528086164, -0.00229005445726], [0.000268120551482, 0.00277353078127, -0.0014265361242, -0.00485045416281, 0.0069941515103, -0.00607517687604, 0.00470857135952, 0.0019496526802, -0.022396678105, 0.0449183508754, -0.0227058958262, 0.00516340509057, 0.000129209540319], [-0.000238229637034, -0.00310752913356, -0.000547320290934, 0.00338922254741, -0.003731822595, 0.00611444795504, -0.0110868811607, 0.00381164485589, 0.00750018609688, -0.0227058958262, 0.0421306714416, -0.0239573065192, 0.00183866696898], [-4.84605516249e-05, 0.00365885905921, 0.000563887180761, -0.0025694614742, -0.000422984419856, -0.00423419894651, 0.0132656954229, -0.00538867805153, -0.00026528086164, 0.00516340509057, -0.0239573065192, 0.0502479635179, -0.023432450369], [0.000474329397548, -0.00032048104913, 0.000911301875021, -0.000869769370183, -0.000621016079094, 0.000688926375005, -0.00306157232262, 0.00369738927111, -0.00229005445726, 0.000129209540319, 0.00183866696898, -0.023432450369, 0.0375014171004]]
    },
    "melbands": {
        "max": [0.0130534600466, 0.0129968887195, 0.00614891666919, 0.00222630077042, 0.00547310104594, 0.0037301115226, 0.00116848014295, 0.00229631992988, 0.00593718979508, 0.00992368534207, 0.00490011507645, 0.00258300546557, 0.00196423870511, 0.00111793621909, 0.00210331240669, 0.00150392053183, 0.00100152450614, 0.000648909655865, 0.000530157936737, 0.000274216465186, 0.000151753629325, 0.00029669230571, 0.000147466314957, 0.000241242494667, 0.000130480490043, 0.000141205760883, 0.000332562369294, 9.96679082164e-05, 0.000207494711503, 9.25295898924e-05, 7.45239667594e-05, 7.09522864781e-05, 8.29796408652e-05, 4.08057276218e-05, 3.1577586924e-05, 3.18921593134e-05, 3.2145770092e-05, 2.78368061117e-05, 2.38123429881e-05, 1.67690523085e-05],
        "mean": [0.00145917723421, 0.000940479279961, 0.000284798850771, 0.000144931211253, 0.000170784289367, 0.000162878466654, 7.57704983698e-05, 0.000112556779641, 0.000546165683772, 0.00100815051701, 0.000731664942577, 0.000387739681173, 0.000193220432266, 0.000103441532701, 9.56284857239e-05, 0.000148205479491, 9.03105901671e-05, 4.95955900988e-05, 5.66266025999e-05, 2.99564781017e-05, 2.83625940938e-05, 3.14613935188e-05, 2.82141518255e-05, 2.55473587458e-05, 1.56365040311e-05, 1.47396758621e-05, 2.32054717344e-05, 1.24502621475e-05, 1.20838931252e-05, 9.79818196356e-06, 6.33942363493e-06, 7.4999456956e-06, 6.94763548381e-06, 5.65182199352e-06, 5.13505938216e-06, 4.76035575048e-06, 4.14092437495e-06, 3.80592564397e-06, 3.39625717061e-06, 2.99537441606e-06],
        "min": [1.97332764278e-13, 5.02993473424e-14, 4.94907561384e-14, 9.93002406105e-14, 2.03982243965e-13, 1.20626964905e-13, 2.90667419604e-13, 7.06174485207e-13, 1.24991824616e-12, 5.15662252482e-12, 7.51867058196e-12, 2.28008150555e-12, 1.36196143339e-12, 1.68224754873e-12, 2.99727582163e-13, 5.51729831526e-13, 5.64076400606e-13, 4.94701556195e-13, 2.39387638401e-13, 1.1204534208e-13, 7.25739387748e-14, 1.43932080338e-13, 1.34913252987e-13, 8.81407441608e-14, 1.15307923257e-13, 8.71630512992e-14, 1.08950852897e-13, 4.69144918768e-14, 4.97106255627e-14, 8.03090775305e-14, 7.19320301023e-14, 5.6521498907e-14, 4.64892372916e-14, 4.50600352116e-14, 4.98557087541e-14, 6.07150099511e-14, 7.31810242288e-14, 6.73656144973e-14, 5.00145003266e-14, 4.41023628207e-14],
        "stdev": [0.00234202365391, 0.00163439696189, 0.000629573769402, 0.000251656078035, 0.000398328877054, 0.000377193879103, 0.00010302222654, 0.000162278360222, 0.000739200040698, 0.00118770333938, 0.000908939749934, 0.000377769058105, 0.000195276283193, 0.000118808267871, 0.000117035611765, 0.000166703015566, 0.000110281478555, 5.83022956562e-05, 5.99014238105e-05, 2.37425356318e-05, 1.87830009963e-05, 3.14325734507e-05, 2.03550262086e-05, 2.40995213971e-05, 1.47356322486e-05, 1.51816584548e-05, 3.59287369065e-05, 1.44758787428e-05, 1.67024736584e-05, 1.26490258481e-05, 7.58232408771e-06, 8.68806182552e-06, 9.31251088332e-06, 6.72497253618e-06, 5.87186013945e-06, 5.43492842553e-06, 5.1665333558e-06, 4.47048569185e-06, 3.7831798636e-06, 3.35311688104e-06]
    },
    "melbands128": {
        "max": [0.00223535927944, 0.0154482303187, 0.0218623373657, 0.0151969194412, 0.0181996375322, 0.0151042360812, 0.00877241976559, 0.0055352570489, 0.00302593992092, 0.00247730850242, 0.00225779064931, 0.00202389899641, 0.00782502070069, 0.011823086068, 0.00430352240801, 0.00598207209259, 0.00193144567311, 0.00102617347147, 0.00141700322274, 0.000779506925028, 0.00480431551114, 0.00692014303058, 0.00848758034408, 0.0125123783946, 0.0136942947283, 0.0216433666646, 0.0140285594389, 0.00769579317421, 0.00561150535941, 0.00285076559521, 0.00532449176535, 0.0041582477279, 0.00277645117603, 0.00108756951522, 0.00260330177844, 0.00197518989444, 0.000813774124254, 0.00165088195354, 0.00541198719293, 0.00265919882804, 0.00161963189021, 0.00273457472213, 0.00134214642458, 0.00143189064693, 0.00190402462613, 0.000930430716835, 0.000266369606834, 0.00105304224417, 0.000486894336063, 0.000260304048425, 0.000397187366616, 0.00034730223706, 0.000312879215926, 0.000184494318091, 0.000227225318667, 0.0005746386596, 0.000283894827589, 0.000259963271674, 0.000246114825131, 0.000296035490464, 0.00050758436555, 0.000229392389883, 0.000229612924159, 0.000211126665818, 0.000110412489448, 0.000114064401714, 0.000271677417913, 0.00055854889797, 0.000579821993597, 0.000246116018388, 0.000183417767403, 0.000112938498205, 0.000212641592952, 0.00029589512269, 0.000288936367724, 0.000182382471394, 6.99902011547e-05, 5.28838027094e-05, 0.00011321909551, 7.73653227952e-05, 8.9560620836e-05, 7.78910980443e-05, 7.58288588258e-05, 9.65014187386e-05, 0.000115990209451, 4.35432666563e-05, 5.63852336199e-05, 5.30899196747e-05, 4.79452392028e-05, 3.91190296796e-05, 6.90612287144e-05, 6.52776725474e-05, 3.45499101968e-05, 3.53793766408e-05, 5.47500894754e-05, 5.11989419465e-05, 3.24131360685e-05, 3.53901814378e-05, 2.95783502224e-05, 4.08855594287e-05, 2.95517820632e-05, 2.23557090067e-05, 1.98943562282e-05, 2.4922146622e-05, 3.23182357533e-05, 2.27347409236e-05, 1.56060159497e-05, 1.29302488858e-05, 1.41036261994e-05, 1.02782814793e-05, 8.82086624188e-06, 1.01004679891e-05, 9.60523630056e-06, 7.52592768549e-06, 8.02679733169e-06, 7.36775109544e-06, 6.45472846372e-06, 8.25555252959e-06, 7.44702583688e-06, 3.72552381123e-06, 5.33274942427e-06, 3.90347850043e-06, 2.16509010897e-06, 2.01545816481e-07, 1.25430226205e-08, 1.26116193044e-08, 1.2549645767e-08, 1.24952999059e-08],
        "mean": [0.000167378544575, 0.00135337549727, 0.00212755519897, 0.00146279856563, 0.000860072439536, 0.000569414463826, 0.000346315500792, 0.000224884308409, 0.000140656295116, 0.000157159505761, 0.000141211712616, 9.0949004516e-05, 0.000199051588424, 0.000249799952144, 0.000166728365002, 0.000127044535475, 6.68087450322e-05, 6.34941025055e-05, 9.42157639656e-05, 6.63009050186e-05, 0.000104156475572, 0.000287713366561, 0.000612582836766, 0.000788773875684, 0.00087019673083, 0.00121490249876, 0.00110179034527, 0.0006599984481, 0.000454238586826, 0.000350446789525, 0.000435203313828, 0.00032153839129, 0.000154138397193, 0.000119491938676, 0.000120471377159, 9.62296689977e-05, 7.7606709965e-05, 9.65873841778e-05, 9.53231938183e-05, 0.000141546304803, 0.000172897955053, 0.000141714088386, 9.03187901713e-05, 6.44869796815e-05, 6.0445338022e-05, 3.90888708353e-05, 4.2771029257e-05, 8.45916511025e-05, 4.75347114843e-05, 2.16099942918e-05, 3.21616607835e-05, 3.2354178984e-05, 2.91778160317e-05, 2.64120335487e-05, 2.72354081972e-05, 3.88775370084e-05, 2.69951669907e-05, 2.33315477089e-05, 3.1399227737e-05, 3.30845105054e-05, 2.64119353233e-05, 1.93708438019e-05, 1.595460526e-05, 1.62548203662e-05, 1.19103542602e-05, 1.2035094187e-05, 1.50606465468e-05, 3.02003754769e-05, 2.55810391536e-05, 1.30406669996e-05, 1.27662106024e-05, 1.20707118185e-05, 1.03476113509e-05, 1.1574356904e-05, 1.51450612975e-05, 1.09481306936e-05, 7.0041987783e-06, 6.59703573547e-06, 6.41634642307e-06, 5.56442864763e-06, 7.74556338001e-06, 8.39874246594e-06, 6.7324608608e-06, 7.18177034287e-06, 6.88361797074e-06, 5.60555645279e-06, 5.51558287043e-06, 4.94621872349e-06, 5.32649482921e-06, 4.6623081289e-06, 5.88086732023e-06, 4.64307458969e-06, 3.36966013492e-06, 3.87137197322e-06, 5.09868459631e-06, 3.89721890315e-06, 3.38919221576e-06, 3.71378473574e-06, 3.38493896379e-06, 3.28309147335e-06, 3.27791781274e-06, 2.94963956549e-06, 2.69650058726e-06, 2.65785979536e-06, 2.9681768865e-06, 1.94799463316e-06, 1.75697368832e-06, 1.74517765572e-06, 1.63948391219e-06, 1.62936828474e-06, 1.35060884077e-06, 1.21340258374e-06, 1.18982381991e-06, 9.62772105595e-07, 1.47462742461e-06, 1.1232042425e-06, 9.70652422438e-07, 9.29005409489e-07, 9.38404525641e-07, 6.7716553076e-07, 5.70167401293e-07, 5.74122225316e-07, 3.63887266985e-07, 1.25923609318e-08, 1.86541494057e-11, 1.8400843349e-11, 1.81677797806e-11, 1.8052235054e-11],
        "min": [1.4085885507e-13, 8.17830978178e-14, 1.31583220882e-13, 5.36899423032e-14, 3.74579619438e-14, 4.73883017787e-14, 8.08149188303e-14, 2.36567797957e-14, 3.24873930383e-14, 1.30807799488e-13, 9.84226602671e-14, 1.88896302571e-13, 2.86509856638e-13, 1.52034797512e-13, 7.71896923549e-14, 1.29250180437e-13, 1.62512391782e-13, 2.45523816122e-13, 4.37097705036e-13, 1.08147377772e-12, 6.20964597017e-13, 3.1050037758e-13, 1.04865356849e-12, 2.36177657292e-12, 3.81550997394e-12, 6.00183531346e-12, 9.21222820249e-12, 8.82827491666e-12, 5.35380897601e-12, 2.78396381469e-12, 1.48008189906e-12, 3.57915547243e-13, 5.75066578558e-13, 3.08515235928e-12, 2.24269582939e-12, 1.29583854497e-12, 5.62589525747e-13, 1.72006831521e-13, 1.56883674888e-13, 3.77008645656e-13, 6.21783657548e-13, 8.75208759632e-13, 5.9951658438e-13, 3.4895811284e-13, 5.70433999515e-13, 5.92224565828e-13, 2.90275290783e-13, 2.91252021415e-13, 1.89815882196e-13, 1.19141309774e-13, 1.11088038995e-13, 1.03745821883e-13, 4.4752131959e-14, 6.88397093235e-14, 1.08588017864e-13, 2.21164503812e-13, 6.94075602114e-14, 1.6845539178e-13, 1.6482212188e-13, 5.51155800686e-14, 9.382092e-14, 7.09997517593e-14, 1.66116374671e-13, 1.26406358796e-13, 4.78330584505e-14, 6.10642314708e-14, 1.169212703e-13, 1.62988261668e-13, 7.80221631118e-14, 9.5156413131e-14, 3.3085937012e-14, 3.26676450376e-14, 4.13685843123e-14, 4.3535619852e-14, 6.99095525935e-14, 8.46346443991e-14, 8.54406402941e-14, 8.19056397683e-14, 8.91896081187e-14, 3.75145539091e-14, 3.5053967243e-14, 8.85723311643e-14, 5.24536333422e-14, 4.91113971864e-14, 2.65261716672e-14, 4.16914190616e-14, 5.75966818727e-14, 3.99440781829e-14, 4.84138994357e-14, 5.40570023369e-14, 6.58644891557e-14, 4.45253846271e-14, 8.28707829898e-14, 8.71243588342e-14, 4.03535847316e-14, 9.53442376049e-14, 6.15293677553e-14, 6.22291321663e-14, 4.44248756976e-14, 4.57450341441e-14, 5.5678535106e-14, 3.4018059501e-14, 4.57719121936e-14, 4.80539680313e-14, 7.70152171203e-14, 5.67090489422e-14, 1.15290548918e-13, 1.06972739586e-13, 6.60027655902e-14, 6.40428126654e-14, 6.87640726695e-14, 1.0823617393e-13, 6.20946233342e-14, 7.84473329937e-14, 1.02517617334e-13, 1.10810693304e-13, 4.89528902169e-14, 3.49211965226e-14, 3.85876294568e-14, 5.56045484722e-14, 4.73677459832e-14, 5.97893587938e-14, 3.98223561602e-14, 3.20538476946e-14, 2.38274264414e-14, 7.95259074793e-15, 1.46961179849e-15, 7.73841756724e-17],
        "stdev": [0.000300965388305, 0.00255799526349, 0.00356531725265, 0.00224422547035, 0.00199942616746, 0.00166413537227, 0.000857096514665, 0.000477230380056, 0.000290664465865, 0.000303714710753, 0.000273395737167, 0.000180376955541, 0.000532771053258, 0.000816810934339, 0.000419715943281, 0.000378764321795, 0.000140343938256, 9.21739847399e-05, 0.000136305214255, 8.4562896518e-05, 0.000240517343627, 0.000653436698485, 0.00105048611294, 0.00120826077182, 0.00139644171577, 0.0019104728708, 0.0017212604871, 0.00113401759882, 0.000738004921004, 0.000443568744231, 0.00055342761334, 0.00045450340258, 0.000230838908465, 0.00014840120275, 0.000200450856937, 0.000145574478665, 8.71489901328e-05, 0.000143005512655, 0.000236674939515, 0.000212770974031, 0.000235858984524, 0.000271815166343, 0.000145470694406, 0.000100666591607, 0.000125798673253, 6.21965955361e-05, 3.82691614504e-05, 0.000112381858344, 5.87582107983e-05, 1.97126137209e-05, 3.76537936972e-05, 3.39742000506e-05, 3.11688418151e-05, 2.31076592172e-05, 2.53886137216e-05, 5.82117681915e-05, 2.92051681754e-05, 2.3721895559e-05, 3.28092100972e-05, 3.60146259482e-05, 3.79776756745e-05, 2.46404124482e-05, 1.85563585546e-05, 2.08439214475e-05, 1.29523068608e-05, 1.41358850669e-05, 2.02811188501e-05, 5.30485995114e-05, 5.19651875948e-05, 2.36042833421e-05, 1.8008015104e-05, 1.54668014147e-05, 1.6032036001e-05, 1.94039366761e-05, 2.90113766823e-05, 1.84988257388e-05, 8.59883493831e-06, 7.97971460997e-06, 1.01552705019e-05, 7.1821759775e-06, 9.3095795819e-06, 1.10796017907e-05, 9.3735561677e-06, 1.16727105706e-05, 1.0699071936e-05, 7.02863917468e-06, 7.30336341803e-06, 6.46548369332e-06, 6.8290623858e-06, 5.76936463403e-06, 7.69390135247e-06, 6.40117013972e-06, 4.29969668403e-06, 5.1331198847e-06, 7.45981606087e-06, 5.24183042216e-06, 4.45829846285e-06, 4.62637262899e-06, 3.99254622607e-06, 4.42585587734e-06, 4.078431175e-06, 3.50007030647e-06, 3.22184450852e-06, 3.27876250594e-06, 3.69175745618e-06, 2.58555314758e-06, 2.35199922827e-06, 2.18166110244e-06, 2.17165802496e-06, 1.92634342966e-06, 1.58435125286e-06, 1.53164842231e-06, 1.49280685946e-06, 1.10707253498e-06, 1.61530192599e-06, 1.27067335143e-06, 1.11869508146e-06, 1.12592829282e-06, 1.09813584004e-06, 7.84520864272e-07, 7.07914352915e-07, 6.86829707774e-07, 4.51939484947e-07, 2.22662190907e-08, 4.17299639288e-10, 4.1958964081e-10, 4.1753211999e-10, 4.1572439935e-10]
    },
    "mfcc": {
        "mean": [-611.448669434, 73.2736740112, -39.5906829834, -22.8465423584, -23.3580112457, -12.366645813, -2.00460624695, 7.12011575699, 5.87783002853, 5.87983512878, 1.63695430756, -2.58570146561, -7.15146350861],
        "cov": [[5696.97802734, 205.782287598, 2897.43823242, 2115.22558594, 1726.12133789, 1333.30480957, 830.407104492, 283.394317627, 173.494338989, 299.743347168, 258.335266113, 207.164855957, 304.836791992], [205.782287598, 154.708404541, 120.127059937, 89.5840072632, 84.4975357056, 49.4170188904, 42.3120231628, 21.9844055176, 10.8788175583, 19.4042034149, 27.8135299683, 9.55230331421, 4.33759212494], [2897.43823242, 120.127059937, 2532.11157227, 1831.96972656, 1469.17468262, 1170.73852539, 734.81439209, 243.424926758, 193.83921814, 264.285491943, 210.525588989, 222.340408325, 286.897766113], [2115.22558594, 89.5840072632, 1831.96972656, 1386.49487305, 1099.2520752, 864.347167969, 536.617553711, 172.980606079, 138.106430054, 185.947662354, 146.441955566, 162.671859741, 220.873046875], [1726.12133789, 84.4975357056, 1469.17468262, 1099.2520752, 952.536254883, 709.575744629, 433.156921387, 150.829040527, 117.90045929, 145.388931274, 118.979606628, 129.750686646, 181.447296143], [1333.30480957, 49.4170188904, 1170.73852539, 864.347167969, 709.575744629, 616.862365723, 380.498138428, 131.423553467, 106.708526611, 132.632125854, 100.022987366, 112.300193787, 141.940750122], [830.407104492, 42.3120231628, 734.81439209, 536.617553711, 433.156921387, 380.498138428, 287.430084229, 107.816246033, 72.0204467773, 96.7786407471, 71.4257965088, 71.4439315796, 86.8521347046], [283.394317627, 21.9844055176, 243.424926758, 172.980606079, 150.829040527, 131.423553467, 107.816246033, 83.9208984375, 53.5181007385, 44.4426078796, 36.1493301392, 29.6881828308, 28.6610870361], [173.494338989, 10.8788175583, 193.83921814, 138.106430054, 117.90045929, 106.708526611, 72.0204467773, 53.5181007385, 82.8499984741, 54.7041320801, 34.3085517883, 31.0653381348, 23.0984077454], [299.743347168, 19.4042034149, 264.285491943, 185.947662354, 145.388931274, 132.632125854, 96.7786407471, 44.4426078796, 54.7041320801, 88.6259689331, 58.0536575317, 34.4634590149, 29.7687854767], [258.335266113, 27.8135299683, 210.525588989, 146.441955566, 118.979606628, 100.022987366, 71.4257965088, 36.1493301392, 34.3085517883, 58.0536575317, 76.1881332397, 41.6891822815, 26.7044410706], [207.164855957, 9.55230331421, 222.340408325, 162.671859741, 129.750686646, 112.300193787, 71.4439315796, 29.6881828308, 31.0653381348, 34.4634590149, 41.6891822815, 64.3582763672, 45.2825317383], [304.836791992, 4.33759212494, 286.897766113, 220.873046875, 181.447296143, 141.940750122, 86.8521347046, 28.6610870361, 23.0984077454, 29.7687854767, 26.7044410706, 45.2825317383, 78.1184844971]],
        "icov": [[0.000454399822047, -0.000129639243823, -0.000386947969673, -0.000108981388621, -0.000165184756042, -9.47220760281e-05, 0.00025793761597, -0.000374800816644, 0.000547320814803, -0.000149602390593, -0.000354507792508, 0.000553161837161, 6.54994364595e-05], [-0.000129639243823, 0.00754618272185, 0.000503232469782, -0.00035827307147, -0.00170274544507, 0.00189381337259, -0.00133657606784, -0.000509974663146, 0.000286602356937, 0.000584155495744, -0.002760338597, 0.000318331847666, 0.00189048820175], [-0.000386947969673, 0.000503232469782, 0.0110103813931, -0.0107048694044, -0.00159313355107, -0.00215325737372, -0.0017287459923, 0.000482752628159, 0.000336956582032, -0.00137020798866, -0.00112615979742, -0.0014911344042, 0.00234198523685], [-0.000108981388621, -0.00035827307147, -0.0107048694044, 0.0225284080952, -0.00707069737837, -0.00194237718824, -0.0015963150654, 0.00370175694115, -0.000146677688463, -0.000195923290448, 0.00170313054696, 0.000104658254713, -0.00409289915115], [-0.000165184756042, -0.00170274544507, -0.00159313355107, -0.00707069737837, 0.0155681008473, -0.00595327001065, 0.00347182736732, -0.00318258884363, -0.00112805352546, 0.0034788036719, -0.0016106357798, 0.00309775024652, -0.00369094056077], [-9.47220760281e-05, 0.00189381337259, -0.00215325737372, -0.00194237718824, -0.00595327001065, 0.0238815434277, -0.0136732812971, 0.00396459084004, -0.00438674120232, 4.4318545406e-05, 0.0018063277239, -0.00333515601233, 0.000442959310021], [0.00025793761597, -0.00133657606784, -0.0017287459923, -0.0015963150654, 0.00347182736732, -0.0136732812971, 0.0298075992614, -0.0177908502519, 0.00897640455514, -0.00820516888052, 0.00296263629571, -0.000328482245095, -0.000252248399192], [-0.000374800816644, -0.000509974663146, 0.000482752628159, 0.00370175694115, -0.00318258884363, 0.00396459084004, -0.0177908502519, 0.0363671481609, -0.0176967773587, 0.00692695332691, -0.00588193675503, 0.001746776863, -0.000531649973709], [0.000547320814803, 0.000286602356937, 0.000336956582032, -0.000146677688463, -0.00112805352546, -0.00438674120232, 0.00897640455514, -0.0176967773587, 0.0316706672311, -0.0172864869237, 0.00648275529966, -0.00691040605307, 0.00314170168713], [-0.000149602390593, 0.000584155495744, -0.00137020798866, -0.000195923290448, 0.0034788036719, 4.4318545406e-05, -0.00820516888052, 0.00692695332691, -0.0172864869237, 0.0383624210954, -0.0215351525694, 0.00759953306988, -0.00199322472326], [-0.000354507792508, -0.002760338597, -0.00112615979742, 0.00170313054696, -0.0016106357798, 0.0018063277239, 0.00296263629571, -0.00588193675503, 0.00648275529966, -0.0215351525694, 0.0371892116964, -0.017965503037, 0.00417088344693], [0.000553161837161, 0.000318331847666, -0.0014911344042, 0.000104658254713, 0.00309775024652, -0.00333515601233, -0.000328482245095, 0.001746776863, -0.00691040605307, 0.00759953306988, -0.017965503037, 0.0401786267757, -0.016408123076], [6.54994364595e-05, 0.00189048820175, 0.00234198523685, -0.00409289915115, -0.00369094056077, 0.000442959310021, -0.000252248399192, -0.000531649973709, 0.00314170168713, -0.00199322472326, 0.00417088344693, -0.016408123076, 0.0315713360906]]
    },
    "spectral_contrast_coeffs": {
        "max": [-0.523872673512, -0.515910148621, -0.52476131916, -0.675302803516, -0.702590346336, -0.709635436535],
        "mean": [-0.734780073166, -0.732601344585, -0.739690601826, -0.805760979652, -0.792987644672, -0.785266876221],
        "min": [-0.924341022968, -0.921008169651, -0.905646443367, -0.938372731209, -0.932366728783, -0.915338873863],
        "stdev": [0.0745021477342, 0.0736467093229, 0.0584402680397, 0.0375110805035, 0.0264277905226, 0.0190170481801]
    },
    "spectral_contrast_valleys": {
        "max": [-5.19814538956, -5.22660541534, -4.97073745728, -5.93679189682, -5.73508310318, -7.88698005676],
        "mean": [-8.25184249878, -6.56001710892, -6.42758750916, -6.78826379776, -6.9326004982, -9.32974147797],
        "min": [-16.8374347687, -15.5344877243, -15.241150856, -15.9548816681, -15.9599142075, -17.6187000275],
        "stdev": [2.26100492477, 0.631560325623, 0.604103863239, 0.518450200558, 0.660352170467, 0.991083800793]
    }
},
"rhythm": {
    "beats_count": 39,
    "beats_loudness": {
        "max": 0.0888354405761,
        "mean": 0.0351071842015,
        "min": 0.0040318807587,
        "stdev": 0.0195074211806
    },
    "bpm": 125.274040222,
    "bpm_histogram_first_peak_bpm": 126,
    "bpm_histogram_first_peak_weight": 0.473684191704,
    "bpm_histogram_second_peak_bpm": 120,
    "bpm_histogram_second_peak_spread": 0.375,
    "bpm_histogram_second_peak_weight": 0.131578952074,
    "danceability": 1.03812563419,
    "onset_rate": 2.38859724998,
    "beats_loudness_band_ratio": {
        "max": [0.727703869343, 0.446597516537, 0.865400135517, 0.606446504593, 0.216501697898, 0.333025574684],
        "mean": [0.174357533455, 0.0566994771361, 0.337794542313, 0.256321161985, 0.10122718662, 0.0969128906727],
        "min": [1.02901567516e-05, 0.000303037872072, 0.0421733111143, 0.0255218409002, 0.028349943459, 0.00819925870746],
        "stdev": [0.199431985617, 0.0857200995088, 0.217977330089, 0.164861008525, 0.045676510781, 0.0808180868626]
    },
    "beats_position": [0.510838985443, 1.01006805897, 1.50929701328, 2.02013611794, 2.55419492722, 3.07664394379, 3.61070299149, 4.13315200806, 4.62077093124, 5.0967798233, 5.58439922333, 6.06040811539, 6.54802703857, 7.01242637634, 7.50004529953, 7.97605419159, 8.45206356049, 8.93968200684, 9.42730140686, 9.90331077576, 10.379319191, 10.8437185287, 11.3313379288, 11.807346344, 12.2833557129, 12.7593650818, 13.235373497, 13.7346029282, 14.2338323593, 14.7330608368, 15.2439002991, 15.7547388077, 16.3468475342, 16.9505672455, 17.5542850494, 18.2276649475, 18.9010429382, 19.574420929, 20.247800827],
