{
"metadata": {
    "version": {
        "essentia": "2.1-beta5",
        "essentia_git_sha": "Undefined",
        "extractor": "music 2.0"
    },
    "audio_properties": {
        "analysis": {
            "equal_loudness": 0,
            "length": 12.7477550507,
            "sample_rate": 44100,
            "start_time": 0,
            "downmix": "mix"
        },
        "bit_rate": 192000,
        "length": 183.240982056,
        "lossless": 0,
        "number_channels": 2,
        "replay_gain": -0.494424819946,
        "sample_rate": 48000,
        "codec": "mp3",
        "md5_encoded": "8ea63a531179284608b45b17f0afdf20"
    },
    "tags": {
        "file_name": "France_Sognu_Amaury Vassili.mp3",
        "encoding": ["Lavf58.29.100"]
    }
},
"lowlevel": {
    "average_loudness": 0.203021749854,
    "barkbands_crest": {
        "max": 25.7351264954,
        "mean": 12.3507061005,
        "min": 3.87046408653,
        "stdev": 4.77689027786
    },
    "barkbands_flatness_db": {
        "max": 0.376480013132,
        "mean": 0.174791261554,
        "min": 0.0772827789187,
        "stdev": 0.0651819109917
    },
    "barkbands_kurtosis": {
        "max": 161.711791992,
        "mean": 10.1882257462,
        "min": -1.17396724224,
        "stdev": 18.3106594086
    },
    "barkbands_skewness": {
        "max": 11.4726305008,
        "mean": 2.12631487846,
        "min": -0.329689621925,
        "stdev": 1.72073614597
    },
    "barkbands_spread": {
        "max": 34.9066505432,
        "mean": 11.1320466995,
        "min": 0.758670687675,
        "stdev": 6.88009881973
    },
    "dissonance": {
        "max": 0.499945938587,
        "mean": 0.472886174917,
        "min": 0.325071156025,
        "stdev": 0.0239339377731
    },
    "dynamic_complexity": 5.25454759598,
    "erbbands_crest": {
        "max": 21.892988205,
        "mean": 9.34531402588,
        "min": 3.17869925499,
        "stdev": 3.43613195419
    },
    "erbbands_flatness_db": {
        "max": 0.286128014326,
        "mean": 0.187734559178,
        "min": 0.121450789273,
        "stdev": 0.0290214307606
    },
    "erbbands_kurtosis": {
        "max": 26.0166015625,
        "mean": 1.46435189247,
        "min": -1.67708659172,
        "stdev": 2.82326388359
    },
    "erbbands_skewness": {
        "max": 4.32742643356,
        "mean": 0.766075968742,
        "min": -0.83223849535,
        "stdev": 0.776574313641
    },
    "erbbands_spread": {
        "max": 57.5424232483,
        "mean": 24.8461399078,
        "min": 6.86399888992,
        "stdev": 10.7568006516
    },
    "hfc": {
        "max": 116.448890686,
        "mean": 12.2079219818,
        "min": 8.6252031906e-05,
        "stdev": 15.9739274979
    },
    "loudness_ebu128": {
        "integrated": -19.8088912964,
        "loudness_range": 11.4144611359,
        "momentary": {
            "max": -12.3211069107,
            "mean": -23.6689834595,
            "min": -40.9741821289,
            "stdev": 5.90911102295
        },
        "short_term": {
            "max": -16.3057441711,
            "mean": -21.4703903198,
            "min": -28.0774154663,
            "stdev": 4.50671100616
        }
    },
    "melbands_crest": {
        "max": 32.7783470154,
        "mean": 16.0122299194,
        "min": 4.31950712204,
        "stdev": 5.59668970108
    },
    "melbands_flatness_db": {
        "max": 0.496755331755,
        "mean": 0.250373572111,
        "min": 0.104816183448,
        "stdev": 0.0905252695084
    },
    "melbands_kurtosis": {
        "max": 218.454788208,
        "mean": 18.4305801392,
        "min": -0.444529056549,
        "stdev": 28.4316482544
    },
    "melbands_skewness": {
        "max": 11.9769144058,
        "mean": 2.7141559124,
        "min": -0.320180982351,
        "stdev": 2.12793159485
    },
    "melbands_spread": {
        "max": 42.0583076477,
        "mean": 13.4230508804,
        "min": 0.679751396179,
        "stdev": 9.07194709778
    },
    "pitch_salience": {
        "max": 0.837640047073,
        "mean": 0.558509111404,
        "min": 0.0938865318894,
        "stdev": 0.167869672179
    },
    "silence_rate_20dB": {
        "max": 1,
        "mean": 0.95454543829,
        "min": 0,
        "stdev": 0.208298310637
    },
    "silence_rate_30dB": {
        "max": 1,
        "mean": 0.89636361599,
        "min": 0,
        "stdev": 0.304789543152
    },
    "silence_rate_60dB": {
        "max": 1,
        "mean": 0.192727267742,
        "min": 0,
        "stdev": 0.394440948963
    },
    "spectral_centroid": {
        "max": 2712.14282227,
        "mean": 914.736755371,
        "min": 157.617340088,
        "stdev": 445.574005127
    },
    "spectral_complexity": {
        "max": 41,
        "mean": 14.6709089279,
        "min": 0,
        "stdev": 9.43468666077
    },
    "spectral_decrease": {
        "max": -1.60369730462e-14,
        "mean": -1.40451845709e-08,
        "min": -3.27966006353e-07,
        "stdev": 4.03587350206e-08
    },
    "spectral_energy": {
        "max": 1.24837744236,
        "mean": 0.0541170947254,
        "min": 6.83505803067e-08,
        "stdev": 0.153528228402
    },
    "spectral_energyband_high": {
        "max": 0.00164335116278,
        "mean": 0.000112392874144,
        "min": 5.88925086475e-09,
        "stdev": 0.000185948403669
    },
    "spectral_energyband_low": {
        "max": 1.21432721615,
        "mean": 0.0434525869787,
        "min": 8.89961881967e-10,
        "stdev": 0.151254117489
    },
    "spectral_energyband_middle_high": {
        "max": 0.0202607735991,
        "mean": 0.00370522448793,
        "min": 9.74644809304e-09,
        "stdev": 0.00379794510081
    },
    "spectral_energyband_middle_low": {
        "max": 0.092156521976,
        "mean": 0.00816128030419,
        "min": 5.38192637123e-08,
        "stdev": 0.0123075097799
    },
    "spectral_entropy": {
        "max": 8.05911540985,
        "mean": 7.35678529739,
        "min": 5.5375289917,
        "stdev": 0.425519526005
    },
    "spectral_flux": {
        "max": 0.926100194454,
        "mean": 0.0984669104218,
        "min": 0.000261439447058,
        "stdev": 0.124191910028
    },
    "spectral_kurtosis": {
        "max": 31.7770462036,
        "mean": 8.39258003235,
        "min": 1.52324104309,
        "stdev": 4.30633068085
    },
    "spectral_rms": {
        "max": 0.0348988436162,
        "mean": 0.0049301572144,
        "min": 8.1659964053e-06,
        "stdev": 0.00533766997978
    },
    "spectral_rolloff": {
        "max": 5103.36914062,
        "mean": 868.414001465,
        "min": 64.599609375,
        "stdev": 690.754333496
    },
    "spectral_skewness": {
        "max": 4.51261520386,
        "mean": 2.18978571892,
        "min": 1.0239521265,
        "stdev": 0.471749782562
    },
    "spectral_spread": {
        "max": 6809897.5,
        "mean": 3403763,
        "min": 1712892.375,
        "stdev": 632496.4375
    },
    "spectral_strongpeak": {
        "max": 2.96980261803,
        "mean": 0.599141299725,
        "min": 0,
        "stdev": 0.560218691826
    },
    "zerocrossingrate": {
        "max": 0.1494140625,
        "mean": 0.0369904115796,
        "min": 0.00341796875,
        "stdev": 0.0215008538216
    },
    "barkbands": {
        "max": [0.0380424149334, 0.933993458748, 0.511595010757, 0.0827398449183, 0.0548980310559, 0.0246908925474, 0.00815364904702, 0.0106582408771, 0.021810265258, 0.0127903493121, 0.00796756707132, 0.00367092411034, 0.00370181165636, 0.00292118778452, 0.00165937375277, 0.0012728854781, 0.00193920661695, 0.00182760751341, 0.000711955013685, 0.00049161456991, 0.000862520304509, 0.000979678588919, 0.000509146368131, 0.000141724158311, 0.000120017350127, 6.35608739685e-05, 1.60753534146e-05],
        "mean": [0.00123046990484, 0.0315559618175, 0.00962388515472, 0.00231352075934, 0.00138049945235, 0.000591415620875, 0.000235468745814, 0.000542098539881, 0.00251854071394, 0.00165458582342, 0.000506345531903, 0.000358949851943, 0.000382104684832, 0.000344869447872, 0.000213845734834, 0.000151220796397, 0.000168324506376, 0.000150045336341, 6.50104266242e-05, 3.57332755812e-05, 2.69554711849e-05, 2.33533592109e-05, 1.619235627e-05, 1.30605021695e-05, 9.82559231488e-06, 4.34308731201e-06, 5.19348930084e-07],
        "min": [3.09767272597e-12, 1.83923466734e-11, 4.71103267508e-10, 5.93648630254e-10, 1.32333055625e-09, 1.56449653232e-09, 5.45489486914e-10, 4.77353934158e-09, 4.01822717322e-08, 5.59073942696e-09, 5.30435972923e-10, 1.83924597774e-10, 1.61261515252e-09, 1.12364162419e-09, 4.44965175816e-10, 2.46849762853e-10, 3.72651937086e-10, 5.51136025706e-10, 2.23037410763e-09, 4.29290658577e-10, 4.41755343417e-09, 4.82487994002e-10, 1.05945772988e-10, 1.2750427103e-10, 1.67204389223e-10, 1.92561147583e-10, 6.47839420997e-11],
        "stdev": [0.00408189743757, 0.117518231273, 0.0439649634063, 0.00650979578495, 0.00465641310439, 0.00192694517318, 0.000694225134794, 0.000952293048613, 0.00358893885277, 0.00201737368479, 0.000715057482012, 0.000496312219184, 0.000466218305519, 0.000461641320726, 0.000217203982174, 0.000188334743143, 0.000254433776718, 0.000259268097579, 9.03452310013e-05, 5.76861602894e-05, 5.58345636819e-05, 6.80303928675e-05, 4.09813401347e-05, 1.92429833987e-05, 1.55393336172e-05, 6.84463066136e-06, 1.46158618008e-06]
    },
    "erbbands": {
        "max": [36.174987793, 244.960342407, 602.553100586, 484.919036865, 95.2998657227, 227.401184082, 264.00012207, 188.920211792, 107.962379456, 182.366546631, 212.917388916, 531.997253418, 708.760986328, 477.157226562, 107.759078979, 140.802963257, 170.982223511, 166.937484741, 77.3307189941, 70.1025695801, 67.75025177, 84.4578399658, 118.848136902, 49.3276290894, 45.1596450806, 30.3080596924, 16.504114151, 45.6340675354, 33.0282249451, 44.7070579529, 7.39053201675, 4.12576818466, 1.61292624474, 1.1522308588, 1.2271105051, 0.351152092218, 0.110004290938, 0.0503339730203, 0.00210966030136, 0.00135288317688],
        "mean": [0.907049953938, 7.05497264862, 12.1305990219, 9.31718540192, 5.80166292191, 4.63684558868, 4.63302755356, 4.60805845261, 3.15845537186, 5.54267835617, 18.7414226532, 55.8288116455, 61.4381752014, 37.4876708984, 18.4311656952, 14.5875349045, 16.730255127, 19.0521221161, 13.7718982697, 9.25110054016, 8.42316532135, 9.02116012573, 9.26594829559, 4.59684991837, 2.96508383751, 1.79393672943, 1.10422968864, 1.10398566723, 0.834870755672, 0.691473066807, 0.409384846687, 0.312394201756, 0.184014290571, 0.120059512556, 0.0679251551628, 0.0222988538444, 0.00640677753836, 0.00150241795927, 9.51913971221e-05, 6.1395978264e-05],
        "min": [4.61262833484e-10, 1.11401670111e-08, 3.45601876006e-07, 1.65503297467e-06, 1.2602198467e-06, 4.09965059589e-06, 1.92951774807e-05, 6.55337044009e-06, 5.16245563631e-06, 2.56326038652e-05, 0.000251821125858, 0.00094319996424, 0.000486612232635, 5.1659597375e-05, 1.30985636133e-05, 1.07482219391e-05, 7.93932267698e-05, 6.8207111326e-05, 3.40536826116e-05, 1.38432942549e-05, 1.54712633957e-05, 2.63962047029e-05, 3.11740914185e-05, 0.000108591353637, 4.90343663841e-05, 2.44307721005e-05, 3.86816245737e-05, 0.000265841285, 3.28049209202e-05, 9.40442896535e-06, 3.66686344933e-06, 2.94483220387e-06, 1.76490038939e-06, 1.52732422976e-06, 1.28196677451e-06, 7.95731637027e-07, 2.94513370136e-07, 8.57344844007e-08, 1.18353691292e-08, 9.6356778112e-10],
        "stdev": [3.56970000267, 26.3658447266, 51.9384346008, 32.7044448853, 13.12895298, 17.9699821472, 19.9408435822, 14.1040077209, 9.22564506531, 12.6832332611, 28.6427497864, 81.1351928711, 85.35131073, 45.4763908386, 21.3408279419, 20.1055412292, 20.6874465942, 25.2831096649, 13.6386442184, 10.4081687927, 10.2726430893, 12.3361139297, 16.319688797, 7.20351028442, 4.49320268631, 2.92350459099, 1.80411732197, 2.74852252007, 2.21975493431, 2.5430264473, 0.831582725048, 0.528007924557, 0.24535100162, 0.171520769596, 0.126453578472, 0.0364037789404, 0.010563435033, 0.00333641888574, 0.00019650348986, 0.000166578960489]
    },
    "gfcc": {
        "mean": [-64.8627548218, 108.68447113, -127.193519592, 9.64708042145, -46.6256561279, 23.6143341064, -22.8103542328, 17.0666561127, -19.820104599, -4.44838428497, -22.591791153, -8.33657836914, -12.5093383789],
        "cov": [[7556.2421875, -328.446624756, -232.304199219, 231.200286865, 561.671691895, 813.57043457, 535.608520508, 775.70892334, 317.709411621, -67.579208374, 19.6659030914, 128.717056274, -25.6551704407], [-328.446624756, 1520.40307617, 928.383361816, 603.776977539, 515.231140137, -80.3157272339, -99.5238494873, -454.137756348, 23.541973114, -152.782196045, 177.031692505, -49.3804969788, 111.130470276], [-232.304199219, 928.383361816, 934.341064453, 444.867095947, 423.06427002, 33.7777824402, 29.6214561462, -234.565704346, 43.5320739746, -33.433391571, 102.208152771, -68.3761825562, 44.5324401855], [231.200286865, 603.776977539, 444.867095947, 410.284332275, 340.8046875, 67.124671936, 64.8232116699, -127.13180542, 60.7293243408, -53.0151672363, 82.0624160767, 3.52899241447, 53.3828163147], [561.671691895, 515.231140137, 423.06427002, 340.8046875, 582.073608398, 264.480712891, 248.044799805, 47.2049751282, 188.433258057, 18.6615943909, 110.399589539, 11.0019330978, 79.1368942261], [813.57043457, -80.3157272339, 33.7777824402, 67.124671936, 264.480712891, 315.621887207, 248.186538696, 246.935562134, 148.737548828, 74.441619873, 29.6304798126, 11.5966463089, 16.8029994965], [535.608520508, -99.5238494873, 29.6214561462, 64.8232116699, 248.044799805, 248.186538696, 283.031188965, 221.572372437, 155.7862854, 72.5693130493, 24.3849220276, 0.49648630619, 12.180346489], [775.70892334, -454.137756348, -234.565704346, -127.13180542, 47.2049751282, 246.935562134, 221.572372437, 361.729309082, 124.483352661, 102.357192993, -24.4307060242, 17.110370636, -19.9649791718], [317.709411621, 23.541973114, 43.5320739746, 60.7293243408, 188.433258057, 148.737548828, 155.7862854, 124.483352661, 146.757400513, 60.5555992126, 48.1443595886, 15.2852287292, 28.1068534851], [-67.579208374, -152.782196045, -33.433391571, -53.0151672363, 18.6615943909, 74.441619873, 72.5693130493, 102.357192993, 60.5555992126, 98.3467407227, 19.4883499146, 17.1851654053, 7.56507110596], [19.6659030914, 177.031692505, 102.208152771, 82.0624160767, 110.399589539, 29.6304798126, 24.3849220276, -24.4307060242, 48.1443595886, 19.4883499146, 78.2604217529, 31.8510684967, 41.2364768982], [128.717056274, -49.3804969788, -68.3761825562, 3.52899241447, 11.0019330978, 11.5966463089, 0.49648630619, 17.110370636, 15.2852287292, 17.1851654053, 31.8510684967, 79.7121200562, 35.2810134888], [-25.6551704407, 111.130470276, 44.5324401855, 53.3828163147, 79.1368942261, 16.8029994965, 12.180346489, -19.9649791718, 28.1068534851, 7.56507110596, 41.2364768982, 35.2810134888, 60.8308639526]],
        "icov": [[0.000288704701234, 5.73349607293e-05, -6.15861572442e-05, -0.000181580951903, 2.97412170767e-05, -0.000661739672069, 0.000465394608909, -0.00075633340748, -0.000272278644843, 0.00140099518467, -0.000332732975949, -0.000578241073526, 0.000536629930139], [5.73349607293e-05, 0.00635208189487, -0.0021627927199, -0.00231196125969, -0.00263937399723, 6.97865179973e-05, 0.00453668413684, 0.00145017926116, -0.00225303275511, 0.00557071063668, -0.00702122366056, 0.00549831101671, -0.00306726549752], [-6.15861572442e-05, -0.0021627927199, 0.00456169852987, -0.00193472660612, -0.00136495009065, 0.000317898346111, -0.00055448024068, 0.000689006934408, 0.00278086215258, -0.00563008431345, 0.00104444811586, 0.00226603541523, 0.00170158862602], [-0.000181580951903, -0.00231196125969, -0.00193472660612, 0.0105471936986, -0.000969622342382, -0.00120584515389, -0.00376423308626, 0.00309942802414, -0.000713637738954, 0.00287834159099, 0.00183103408199, -0.00552528863773, 0.00160823110491], [2.97412170767e-05, -0.00263937399723, -0.00136495009065, -0.000969622342382, 0.0131406662986, -0.00731164030731, -0.00640219589695, 0.0039551067166, -0.00559816835448, 0.00244609895162, 0.00194775161799, -0.00330429896712, -0.00293244654313], [-0.000661739672069, 6.97865179973e-05, 0.000317898346111, -0.00120584515389, -0.00731164030731, 0.0216977633536, -0.00406438298523, -0.010749887675, 0.00517902476713, -0.00501155341044, -0.00166685017757, 0.00285002402961, -0.00106969638728], [0.000465394608909, 0.00453668413684, -0.00055448024068, -0.00376423308626, -0.00640219589695, -0.00406438298523, 0.0227325540036, -0.00594953168184, -0.00784413516521, 0.00310240825638, -0.00250339717604, 0.00625154096633, -0.000125605671201], [-0.00075633340748, 0.00145017926116, 0.000689006934408, 0.00309942802414, 0.0039551067166, -0.010749887675, -0.00594953168184, 0.0223872903734, -0.00694055203348, -0.00452196598053, 0.00555717479438, -0.00157135329209, 0.00108380801976], [-0.000272278644843, -0.00225303275511, 0.00278086215258, -0.000713637738954, -0.00559816835448, 0.00517902476713, -0.00784413516521, -0.00694055203348, 0.0303163416684, -0.0104964971542, -0.00818736944348, 0.00333811435848, -0.00135155965108], [0.00140099518467, 0.00557071063668, -0.00563008431345, 0.00287834159099, 0.00244609895162, -0.00501155341044, 0.00310240825638, -0.00452196598053, -0.0104964971542, 0.0347166582942, -0.013286691159, -0.00208005588502, -0.00114793877583], [-0.000332732975949, -0.00702122366056, 0.00104444811586, 0.00183103408199, 0.00194775161799, -0.00166685017757, -0.00250339717604, 0.00555717479438, -0.00818736944348, -0.013286691159, 0.0424422770739, -0.0148983485997, -0.00412811944261], [-0.000578241073526, 0.00549831101671, 0.00226603541523, -0.00552528863773, -0.00330429896712, 0.00285002402961, 0.00625154096633, -0.00157135329209, 0.00333811435848, -0.00208005588502, -0.0148983485997, 0.0318079814315, -0.0149872424081], [0.000536629930139, -0.00306726549752, 0.00170158862602, 0.00160823110491, -0.00293244654313, -0.00106969638728, -0.000125605671201, 0.00108380801976, -0.00135155965108, -0.00114793877583, -0.00412811944261, -0.0149872424081, 0.036361142993]]
    },
    "melbands": {
        "max": [0.27396094799, 0.263422787189, 0.0723327472806, 0.00996529776603, 0.0111182359979, 0.00423331186175, 0.0017153423978, 0.00226511107758, 0.00169174093753, 0.00346283987164, 0.00345565145835, 0.00182780914474, 0.000602273095865, 0.000485715427203, 0.000333050760673, 0.000306296802592, 0.000313772761729, 0.000143614728586, 0.000128398925881, 7.15653877705e-05, 8.09819321148e-05, 6.44489336992e-05, 0.000128042884171, 0.000103318758192, 3.66899366782e-05, 2.64842019533e-05, 3.02931694023e-05, 2.09192676266e-05, 1.2370263903e-05, 1.94037966139e-05, 2.79683790723e-05, 2.70916771115e-05, 1.94301283045e-05, 2.28321896429e-05, 4.49477829534e-06, 3.28853616338e-06, 2.73763134828e-06, 1.16331762001e-06, 1.31057572617e-06, 9.96069957182e-07],
        "mean": [0.00866861548275, 0.0071655260399, 0.00154525914695, 0.000350331974914, 0.000170526473084, 0.00010380227468, 4.80077178509e-05, 6.68479260639e-05, 0.000184091142728, 0.000372214359231, 0.000307118170895, 0.000160200797836, 6.50094880257e-05, 4.28568127973e-05, 3.50225454895e-05, 3.91572866647e-05, 3.43516985595e-05, 2.30907317018e-05, 1.49888919623e-05, 1.05167091533e-05, 9.64477112575e-06, 9.03257296159e-06, 9.26390930545e-06, 7.77455625212e-06, 3.21114316648e-06, 2.43034151026e-06, 1.53799533109e-06, 1.12227326099e-06, 6.62182230826e-07, 6.55977999031e-07, 6.40223504433e-07, 5.01882254866e-07, 3.83466755238e-07, 3.78976011461e-07, 2.32234967257e-07, 2.14165041257e-07, 1.79794383826e-07, 1.23066300262e-07, 1.15363100406e-07, 9.76240173145e-08],
        "min": [3.96406431985e-12, 1.43439482514e-10, 2.59716442796e-10, 1.53875079345e-10, 5.83292414369e-10, 1.78021597463e-10, 8.13403303046e-11, 3.18227139084e-10, 2.79076628473e-09, 6.06647265755e-09, 2.21038565229e-09, 1.44294201587e-10, 5.00622633626e-11, 2.84551947977e-11, 7.28367990921e-11, 1.7793536089e-10, 1.22804710845e-10, 5.36413795327e-11, 2.90961647137e-11, 1.53155006039e-11, 1.85210857068e-11, 2.16356394606e-11, 4.24569476798e-11, 1.36826522334e-11, 1.0097622738e-10, 7.15188464007e-11, 1.05592982275e-11, 1.67047816552e-11, 1.25499124981e-11, 7.37462313438e-11, 1.6219221799e-10, 8.33623794994e-12, 1.10140533846e-11, 2.40664562931e-12, 2.25964776404e-12, 1.4260544785e-12, 1.99012117549e-12, 1.36090596257e-12, 9.43891124115e-13, 1.44607004322e-12],
        "stdev": [0.0327613800764, 0.0269590262324, 0.00501934951171, 0.000985623104498, 0.00073970539961, 0.000317488797009, 0.000143769648275, 0.000147594924783, 0.000284099311102, 0.000535982078873, 0.000424879195634, 0.000193569241674, 7.96572785475e-05, 6.06698049523e-05, 4.63320757262e-05, 4.98374429299e-05, 4.63148498966e-05, 2.3771854103e-05, 1.6365913325e-05, 1.30565013023e-05, 1.23162708405e-05, 1.11511926661e-05, 1.83879219549e-05, 1.46428856169e-05, 5.08310085934e-06, 3.48179628418e-06, 2.63325546257e-06, 1.91349022316e-06, 1.09289885586e-06, 1.41508314755e-06, 1.77492586317e-06, 1.55394502599e-06, 1.16478497603e-06, 1.46329296058e-06, 4.86736212224e-07, 3.77366404791e-07, 3.06803229932e-07, 1.6723967633e-07, 1.66347533082e-07, 1.46834722159e-07]
    },
    "melbands128": {
        "max": [0.0361158512533, 0.317435741425, 0.504939973354, 0.456639885902, 0.354613900185, 0.231646388769, 0.109490722418, 0.0266260690987, 0.0132387299091, 0.0141378827393, 0.0148051315919, 0.0189368166029, 0.00994998775423, 0.00725150387734, 0.00492466893047, 0.00367318373173, 0.00129535247106, 0.00269201188348, 0.00197938876227, 0.00178315746598, 0.00379376928322, 0.00241173617542, 0.00282679311931, 0.00297580868937, 0.00480779679492, 0.00420902296901, 0.00730586843565, 0.00366337015294, 0.00296925986186, 0.00200647907332, 0.00362690421753, 0.00133482250385, 0.000788064033259, 0.00068996992195, 0.000926596170757, 0.000657070719171, 0.000648104411084, 0.000399007782107, 0.000785582931712, 0.000389248714782, 0.000361579761375, 0.000645207299385, 0.000650972651783, 0.000462644122308, 0.000337891018717, 0.000159486473422, 0.000146986989421, 0.000162844837178, 0.00014660981833, 0.000103550242784, 0.000114871967526, 7.38551752875e-05, 0.000109912572952, 0.000122637342429, 0.000102843740024, 6.73770045978e-05, 0.000104149796243, 0.000329651404172, 0.000134714224259, 0.000202157258173, 0.000196242530365, 0.000153849308845, 4.31013359048e-05, 3.3816722862e-05, 4.48891805718e-05, 2.68924050033e-05, 3.64802654076e-05, 6.01910542173e-05, 3.2655771065e-05, 2.33498576563e-05, 3.95485112676e-05, 1.96184191736e-05, 1.42189192047e-05, 2.4685588869e-05, 9.68909171206e-06, 1.96609162231e-05, 2.87509465124e-05, 3.83908045478e-05, 3.16091318382e-05, 4.55460613011e-05, 5.28014097654e-05, 2.18800723815e-05, 1.8031538275e-05, 1.40424290294e-05, 4.68618018203e-05, 3.94549715566e-05, 2.47404313996e-05, 9.33564297156e-06, 6.26575319984e-06, 9.23567040445e-06, 4.01529086957e-06, 6.24629319645e-06, 4.59161901745e-06, 3.89206070395e-06, 3.05629646391e-06, 1.8735845515e-06, 1.29030695462e-06, 2.36276855503e-06, 1.5238809965e-06, 1.46835327541e-06, 2.03046101888e-06, 1.4456217059e-06, 1.96033943212e-06, 5.73492388867e-06, 7.38902656394e-07, 8.96141500561e-07, 6.54225118524e-07, 2.27338728109e-06, 1.83999998171e-06, 3.53776357542e-07, 1.27403598071e-06, 4.85282271256e-07, 3.87285922443e-07, 3.58162736802e-07, 6.66278481276e-07, 8.30452734135e-07, 3.76493801468e-07, 4.0744873786e-07, 1.94693313915e-07, 9.03444714595e-08, 3.73139528165e-08, 7.65790346691e-08, 5.79563490533e-08, 5.45030409693e-10, 5.66860669515e-10, 3.88185678046e-10, 5.11499731459e-10, 5.91362125935e-10],
        "mean": [0.000891657778993, 0.006303508766, 0.0132218599319, 0.0109732616693, 0.00722359353676, 0.00420715054497, 0.0018977165455, 0.00102708337363, 0.000501888454892, 0.000318497535773, 0.000252158730291, 0.000170901985257, 0.000144645062392, 0.000175783992745, 0.000118735646538, 5.85714333283e-05, 4.21327313234e-05, 5.00657406519e-05, 4.84471602249e-05, 5.26393741893e-05, 8.12980724731e-05, 9.64869250311e-05, 0.000184104399523, 0.000270926218946, 0.000384990911698, 0.000403992336942, 0.000381164252758, 0.000287704955554, 0.000265662325546, 0.00020533138013, 0.000115962553537, 8.2784681581e-05, 6.34460448055e-05, 5.0517872296e-05, 4.74358603242e-05, 4.08425512433e-05, 3.53564610123e-05, 3.25469336531e-05, 3.77957221644e-05, 3.44646978192e-05, 3.80625751859e-05, 4.92279214086e-05, 3.25785586028e-05, 3.09457900585e-05, 2.54020342254e-05, 2.19341127377e-05, 1.98376928893e-05, 1.56744354172e-05, 1.29281288537e-05, 1.09734955913e-05, 1.01823980003e-05, 9.94585661829e-06, 9.82839264907e-06, 9.89498948911e-06, 8.57427494338e-06, 8.33547073853e-06, 8.77163711266e-06, 1.29690070025e-05, 6.26890050626e-06, 9.05230172066e-06, 9.29054476728e-06, 6.31183183941e-06, 3.1118863717e-06, 2.6166896987e-06, 2.47954699262e-06, 2.55520740211e-06, 2.39088285525e-06, 1.87804926099e-06, 1.23670520225e-06, 1.18122841286e-06, 1.35660081924e-06, 9.578660638e-07, 6.77476691635e-07, 6.26472854037e-07, 6.05403386089e-07, 6.7992385766e-07, 6.45311786229e-07, 6.74219336361e-07, 6.14360260442e-07, 6.62800118789e-07, 5.44083718523e-07, 4.41971735654e-07, 3.79861575084e-07, 3.52696048367e-07, 4.00043063564e-07, 4.52982135357e-07, 3.57049600552e-07, 2.679487352e-07, 2.26943754456e-07, 2.02477977496e-07, 1.9842585175e-07, 2.47718759283e-07, 1.94177729895e-07, 1.97965178472e-07, 1.52731658432e-07, 1.11994872043e-07, 1.07109180192e-07, 1.55689036774e-07, 1.14291552222e-07, 9.74240208507e-08, 1.03846666377e-07, 8.43581489107e-08, 9.51109839775e-08, 1.54673784891e-07, 6.34338661598e-08, 4.38610570086e-08, 4.22058619165e-08, 5.71168641272e-08, 3.51634241724e-08, 2.38722055457e-08, 3.49368640684e-08, 2.1351761248e-08, 1.61296025425e-08, 1.45193439494e-08, 2.12596962257e-08, 1.40719995656e-08, 1.23685968134e-08, 5.61114088526e-09, 2.74786682297e-09, 1.20840948359e-09, 6.77429612406e-10, 5.80409054152e-10, 3.1005045753e-10, 1.17751242784e-11, 1.01951702289e-11, 9.19206290945e-12, 9.35726929968e-12, 9.28933319155e-12],
        "min": [2.1106599541e-12, 3.0905141727e-12, 2.2719920563e-12, 1.00419889418e-11, 8.73672315049e-11, 2.83430584558e-10, 3.86108256478e-10, 2.38130903885e-10, 9.62706026009e-11, 8.31978097526e-11, 1.80624321056e-10, 5.04737807105e-10, 8.26993140635e-10, 5.47917156091e-10, 1.08491264583e-10, 1.02474088243e-11, 3.36300882975e-11, 1.08972025847e-10, 1.06596287353e-10, 2.56624971273e-10, 2.72968814219e-10, 8.61960613996e-10, 2.42663533712e-09, 5.36607336343e-09, 7.50054152121e-09, 5.88309845284e-09, 4.18165235772e-09, 2.07189532198e-09, 3.27572885483e-10, 5.06113588539e-11, 1.75667091984e-10, 1.03288565201e-10, 2.04392978237e-11, 2.54959404283e-11, 4.40220429554e-11, 2.66098774959e-11, 6.67906572063e-12, 8.85788838112e-12, 1.3089983264e-10, 2.98196217718e-10, 1.50154652601e-10, 8.09013758762e-11, 1.66220218145e-10, 1.28874702576e-10, 3.83043874397e-11, 4.03217251255e-11, 7.00545940702e-11, 2.78282084876e-11, 1.49826488022e-11, 1.05119576238e-11, 1.70670890615e-11, 1.95242051693e-11, 1.22018948764e-11, 2.73513902499e-11, 1.38261737129e-11, 1.42966923022e-11, 4.02508963659e-11, 2.80181346873e-11, 6.86189438603e-11, 1.61541457294e-11, 5.83370808258e-12, 1.37366567773e-11, 1.21920563922e-11, 1.40220265954e-10, 2.50725856743e-10, 1.53246217799e-11, 2.25581775481e-11, 8.74101051956e-12, 6.23006334022e-12, 1.06067706701e-11, 2.80066473485e-11, 1.02451554185e-11, 1.24640913909e-11, 9.33019113358e-12, 1.7526926091e-11, 1.75324615936e-11, 3.5841850321e-11, 3.81364273494e-10, 1.53061549546e-10, 1.19599434523e-11, 5.27263519304e-12, 8.24585365267e-12, 1.08886155301e-11, 1.51997650577e-11, 7.34981953771e-12, 1.72200361609e-12, 1.63268129485e-12, 8.43020640275e-13, 3.69597148026e-12, 1.85046054001e-12, 7.92744450813e-13, 1.83868805598e-12, 1.62315744612e-12, 1.82095311052e-12, 2.39365623676e-12, 1.86970838117e-12, 9.64632453776e-13, 8.68916158643e-13, 9.83232267306e-13, 8.73444654277e-13, 1.10519427811e-12, 1.07491511352e-12, 2.64391785375e-12, 2.11881423864e-12, 9.28099502633e-13, 9.70040454212e-13, 1.56918445252e-12, 2.1484845153e-12, 1.43015547321e-12, 7.5510393294e-13, 1.35065233737e-12, 8.44835269451e-13, 6.44459312305e-13, 9.7710609135e-13, 1.32382917562e-12, 1.22450357146e-12, 3.47575538229e-13, 2.49723798498e-13, 1.89745896946e-13, 4.49574730742e-13, 3.53613134867e-13, 3.70156325296e-13, 2.99739020496e-13, 2.93114057331e-13, 1.76581622588e-13, 1.0765720997e-13, 1.39673844119e-14, 4.10214165298e-16],
        "stdev": [0.00326273636892, 0.0259726252407, 0.0522655397654, 0.0417408458889, 0.0311565622687, 0.018994813785, 0.00711881415918, 0.00252838456072, 0.00131061777938, 0.00108088087291, 0.00114800781012, 0.00102414598223, 0.000767132849433, 0.000564013433177, 0.000359068391845, 0.000246667332249, 0.000130751708639, 0.000174643922946, 0.000161866293638, 0.000139821218909, 0.000213775099837, 0.00018283422105, 0.000348102039425, 0.000466613855679, 0.000686879327986, 0.000640154234134, 0.000727500242647, 0.000473303487524, 0.00036345468834, 0.000278289953712, 0.00022581560188, 0.000142233402585, 9.70833134488e-05, 7.89289551903e-05, 7.71356571931e-05, 7.52298365114e-05, 6.66113337502e-05, 4.7579222155e-05, 6.44651881885e-05, 4.98801491631e-05, 5.65266927879e-05, 8.2850769104e-05, 5.69216426811e-05, 4.46722988272e-05, 3.47830209648e-05, 2.5891842597e-05, 2.24106224778e-05, 2.06039476325e-05, 1.73508087755e-05, 1.46686352309e-05, 1.55058060045e-05, 1.3907903849e-05, 1.50951209434e-05, 1.58503298735e-05, 1.21914617921e-05, 1.05153503682e-05, 1.48397930388e-05, 3.67715219909e-05, 1.11614726848e-05, 1.90061800822e-05, 2.12080558413e-05, 1.71051287907e-05, 5.5305567912e-06, 3.77866149393e-06, 3.94966627937e-06, 3.88466014556e-06, 4.1877528929e-06, 4.02310615755e-06, 2.29077568292e-06, 2.25524854613e-06, 2.74189983429e-06, 1.75177228812e-06, 1.19246010399e-06, 1.398923132e-06, 9.94894662654e-07, 1.50906680574e-06, 1.81096595497e-06, 2.00114254767e-06, 1.68967426362e-06, 2.71594876722e-06, 2.50093739851e-06, 1.22193887364e-06, 1.07349808331e-06, 9.54064489633e-07, 2.11753922486e-06, 2.20884794544e-06, 1.56030046128e-06, 6.92157755111e-07, 4.83197311496e-07, 5.15765805176e-07, 4.0547934077e-07, 5.2114785376e-07, 4.04317489711e-07, 3.84010263588e-07, 2.56617738614e-07, 1.86020827186e-07, 1.58759604574e-07, 2.4803711085e-07, 1.77326825224e-07, 1.65590847701e-07, 1.87818002928e-07, 1.42108476098e-07, 2.09555523156e-07, 5.13751501785e-07, 1.00416229998e-07, 7.51168656166e-08, 6.99078910316e-08, 1.66730487194e-07, 9.78907195304e-08, 4.00524449162e-08, 8.76048957821e-08, 4.16219947397e-08, 3.29828075962e-08, 2.91386665907e-08, 4.75614676532e-08, 4.11840019865e-08, 3.51036213431e-08, 2.57264876069e-08, 1.14957998676e-08, 5.74821212851e-09, 3.1512032983e-09, 4.38055813845e-09, 2.87271073596e-09, 3.98503417764e-11, 3.76309990113e-11, 3.21731218056e-11, 3.65890859277e-11, 3.86439318045e-11]
    },
    "mfcc": {
        "mean": [-707.410644531, 147.198471069, -17.6519546509, 1.92130279541, 0.806659936905, 5.68874311447, 8.41421604156, 14.5211629868, 10.7079782486, 9.21817779541, 3.44838118553, -4.69912338257, -9.10369682312],
        "cov": [[7721.0546875, -585.171630859, -596.607116699, -298.12387085, 195.061904907, 111.91394043, 379.759399414, 814.95526123, 480.806854248, 336.860595703, 235.984573364, 270.118255615, 44.5075340271], [-585.171630859, 1057.81445312, 585.69909668, 560.724182129, 441.387786865, 324.949462891, 27.7987918854, -74.6837997437, -172.077209473, -52.2302093506, -118.452728271, -104.562576294, 65.9149398804], [-596.607116699, 585.69909668, 589.93170166, 386.820159912, 245.583328247, 187.507904053, 16.9308891296, -95.9964294434, -121.727256775, -50.1814537048, -58.0743141174, -65.3003158569, 8.45760250092], [-298.12387085, 560.724182129, 386.820159912, 468.801635742, 289.992797852, 246.247146606, 25.6672649384, -14.5084018707, -97.6222076416, -40.8436279297, -73.2981948853, -59.8404045105, 40.1080093384], [195.061904907, 441.387786865, 245.583328247, 289.992797852, 341.023864746, 256.112457275, 115.978729248, 93.6058883667, 31.7986431122, 61.2496376038, -6.04617595673, 4.41589355469, 83.7594528198], [111.91394043, 324.949462891, 187.507904053, 246.247146606, 256.112457275, 264.512329102, 120.867843628, 94.3769378662, 46.0202560425, 73.6805725098, 13.2576169968, 7.04309082031, 76.4561691284], [379.759399414, 27.7987918854, 16.9308891296, 25.6672649384, 115.978729248, 120.867843628, 168.374832153, 135.099502563, 140.775650024, 109.765693665, 82.1589431763, 55.9017677307, 49.9695625305], [814.95526123, -74.6837997437, -95.9964294434, -14.5084018707, 93.6058883667, 94.3769378662, 135.099502563, 209.105148315, 160.776885986, 122.40246582, 78.3150787354, 70.9390716553, 50.3606948853], [480.806854248, -172.077209473, -121.727256775, -97.6222076416, 31.7986431122, 46.0202560425, 140.775650024, 160.776885986, 221.313095093, 146.615203857, 119.212379456, 87.208152771, 44.916519165], [336.860595703, -52.2302093506, -50.1814537048, -40.8436279297, 61.2496376038, 73.6805725098, 109.765693665, 122.40246582, 146.615203857, 154.370056152, 93.077255249, 64.8512802124, 46.6374320984], [235.984573364, -118.452728271, -58.0743141174, -73.2981948853, -6.04617595673, 13.2576169968, 82.1589431763, 78.3150787354, 119.212379456, 93.077255249, 114.08216095, 60.3619651794, 23.3891849518], [270.118255615, -104.562576294, -65.3003158569, -59.8404045105, 4.41589355469, 7.04309082031, 55.9017677307, 70.9390716553, 87.208152771, 64.8512802124, 60.3619651794, 80.156578064, 31.3759670258], [44.5075340271, 65.9149398804, 8.45760250092, 40.1080093384, 83.7594528198, 76.4561691284, 49.9695625305, 50.3606948853, 44.916519165, 46.6374320984, 23.3891849518, 31.3759670258, 81.7711029053]],
        "icov": [[0.00027483512531, 3.08497510559e-05, 1.13474097816e-05, 0.00023900186352, -0.000395423820009, 0.00020807988767, 0.000124076133943, -0.00155697518494, 0.000543210597243, 0.000203470117413, -0.000151676445967, -0.000250558805419, 0.000525796029251], [3.08497510559e-05, 0.00498425774276, -0.00121720787138, -0.00134236051235, -0.00491405697539, 0.000611202907749, -0.000684731348883, 0.001709504053, 0.00249079265632, -0.00156692427117, 0.000261092907749, 0.00227809487842, -0.000845875882078], [1.13474097816e-05, -0.00121720787138, 0.00583481276408, -0.00314965075813, -0.00131749326829, 0.000804761715699, -0.00277759996243, 0.0040513263084, 0.000972488487605, -0.000665111816488, -0.00169164617546, -0.00107895524707, 0.00245874142274], [0.00023900186352, -0.00134236051235, -0.00314965075813, 0.011837455444, -0.00232454761863, -0.00752532761544, 0.00455820932984, -0.00407585548237, 0.000595356454141, 0.00492048775777, -0.000686975370627, 0.000193736777874, 0.00160235771909], [-0.000395423820009, -0.00491405697539, -0.00131749326829, -0.00232454761863, 0.0209850240499, -0.00726000312716, -0.00172276876401, -0.00302817532793, -0.00347458012402, -0.000347325752955, 0.00494627235457, -0.00232663983479, -0.00475197704509], [0.00020807988767, 0.000611202907749, 0.000804761715699, -0.00752532761544, -0.00726000312716, 0.0238526891917, -0.00928045343608, -0.00166804261971, 0.00388238765299, -0.00701989093795, 0.00100852013566, 0.00410067522898, -0.00515611330047], [0.000124076133943, -0.000684731348883, -0.00277759996243, 0.00455820932984, -0.00172276876401, -0.00928045343608, 0.0270080361515, -0.00695228669792, -0.00944385956973, 0.00372751499526, -0.00637276796624, -0.000620775972493, 0.00187775457744], [-0.00155697518494, 0.001709504053, 0.0040513263084, -0.00407585548237, -0.00302817532793, -0.00166804261971, -0.00695228669792, 0.0278091225773, -0.00779436714947, -0.00458035897464, 0.00335908238776, -0.00185374589637, -0.000523160793819], [0.000543210597243, 0.00249079265632, 0.000972488487605, 0.000595356454141, -0.00347458012402, 0.00388238765299, -0.00944385956973, -0.00779436714947, 0.0277843344957, -0.00897300615907, -0.00692000240088, -0.00191433646251, 0.000374099647161], [0.000203470117413, -0.00156692427117, -0.000665111816488, 0.00492048775777, -0.000347325752955, -0.00701989093795, 0.00372751499526, -0.00458035897464, -0.00897300615907, 0.0254784245044, -0.00823853909969, -0.00208664708771, -0.000175284527359], [-0.000151676445967, 0.000261092907749, -0.00169164617546, -0.000686975370627, 0.00494627235457, 0.00100852013566, -0.00637276796624, 0.00335908238776, -0.00692000240088, -0.00823853909969, 0.0280599649996, -0.00654640281573, -0.000814198574517], [-0.000250558805419, 0.00227809487842, -0.00107895524707, 0.000193736777874, -0.00232663983479, 0.00410067522898, -0.000620775972493, -0.00185374589637, -0.00191433646251, -0.00208664708771, -0.00654640281573, 0.0295603331178, -0.00884162727743], [0.000525796029251, -0.000845875882078, 0.00245874142274, 0.00160235771909, -0.00475197704509, -0.00515611330047, 0.00187775457744, -0.000523160793819, 0.000374099647161, -0.000175284527359, -0.000814198574517, -0.00884162727743, 0.0239678435028]]
    },
    "spectral_contrast_coeffs": {
        "max": [-0.437179744244, -0.546867251396, -0.623788774014, -0.74115383625, -0.731533169746, -0.670415699482],
        "mean": [-0.704096972942, -0.780307471752, -0.780397891998, -0.837245821953, -0.81634759903, -0.796539068222],
        "min": [-0.921013712883, -0.918211638927, -0.899203896523, -0.925304889679, -0.905063033104, -0.844938874245],
        "stdev": [0.0869837552309, 0.0598406307399, 0.0507317148149, 0.0276644919068, 0.0292654298246, 0.0230300873518]
    },
    "spectral_contrast_valleys": {
        "max": [-5.04437112808, -4.72519874573, -5.41119670868, -6.03217315674, -6.60389184952, -9.3146314621],
        "mean": [-7.42105197906, -6.9949426651, -7.07165527344, -7.57484912872, -8.24077510834, -11.0497093201],
        "min": [-13.8072147369, -12.7359380722, -13.8586826324, -13.2700519562, -13.3008337021, -15.9928321838],
        "stdev": [1.14147675037, 0.765058934689, 0.927415251732, 0.962350308895, 0.904608845711, 0.94322437048]
    }
},
"rhythm": {
    "beats_count": 24,
    "beats_loudness": {
        "max": 0.849291682243,
        "mean": 0.0716806426644,
        "min": 0.00161522813141,
        "stdev": 0.176485747099
    },
    "bpm": 129.228607178,
    "bpm_histogram_first_peak_bpm": 129,
    "bpm_histogram_first_peak_weight": 0.363636374474,
    "bpm_histogram_second_peak_bpm": 112,
    "bpm_histogram_second_peak_spread": 0.285714268684,
    "bpm_histogram_second_peak_weight": 0.217391297221,
    "danceability": 0.86620926857,
    "onset_rate": 1.72422373295,
    "beats_loudness_band_ratio": {
        "max": [0.983596384525, 0.42579883337, 0.729602813721, 0.643864810467, 0.194181382656, 0.0326990447938],
        "mean": [0.534291148186, 0.0990748181939, 0.183837771416, 0.158624127507, 0.0484131127596, 0.00981924962252],
        "min": [0.00325606530532, 0.00025179356453, 0.00340089318343, 0.00445781089365, 0.00185466359835, 0.000162687298143],
        "stdev": [0.332297772169, 0.130479902029, 0.184265196323, 0.164549544454, 0.0544306561351, 0.00937332678586]
    },
    "beats_position": [0.568888902664, 1.14938771725, 1.72988653183, 2.29877543449, 2.87927436829, 3.43655323982, 3.99383211136, 4.57433080673, 5.10838985443, 5.64244890213, 6.17650794983, 6.71056699753, 7.24462556839, 7.72063493729, 8.19664382935, 8.66104316711, 9.12544155121, 9.58984088898, 10.0426301956, 10.4954195023, 10.95981884, 11.4242172241, 11.8886165619, 12.3530158997],
