{
"metadata": {
    "version": {
        "essentia": "2.1-beta5",
        "essentia_git_sha": "Undefined",
        "extractor": "music 2.0"
    },
    "audio_properties": {
        "analysis": {
            "equal_loudness": 0,
            "length": 32.4963264465,
            "sample_rate": 44100,
            "start_time": 12.7477550507,
            "downmix": "mix"
        },
        "bit_rate": 192000,
        "length": 200.481109619,
        "lossless": 0,
        "number_channels": 2,
        "replay_gain": -1.33030891418,
        "sample_rate": 48000,
        "codec": "mp3",
        "md5_encoded": "28f0756c7f0ea685f090876d9f803035"
    },
    "tags": {
        "file_name": "United KingdomUK_I Can_Blue.mp3",
        "encoding": ["Lavf58.29.100"]
    }
},
"lowlevel": {
    "average_loudness": 0.632456481457,
    "barkbands_crest": {
        "max": 26.4769001007,
        "mean": 10.8283853531,
        "min": 2.27020740509,
        "stdev": 4.61117553711
    },
    "barkbands_flatness_db": {
        "max": 0.364867329597,
        "mean": 0.135693863034,
        "min": 0.0167647283524,
        "stdev": 0.0544281415641
    },
    "barkbands_kurtosis": {
        "max": 174.250473022,
        "mean": 6.40066337585,
        "min": -1.90269052982,
        "stdev": 11.2148265839
    },
    "barkbands_skewness": {
        "max": 11.9131584167,
        "mean": 1.79220473766,
        "min": -4.25860595703,
        "stdev": 1.3339163065
    },
    "barkbands_spread": {
        "max": 102.669212341,
        "mean": 17.5387439728,
        "min": 1.00374126434,
        "stdev": 13.8845052719
    },
    "dissonance": {
        "max": 0.500000059605,
        "mean": 0.454039365053,
        "min": 0.28058463335,
        "stdev": 0.03650117293
    },
    "dynamic_complexity": 4.83105659485,
    "erbbands_crest": {
        "max": 33.3987922668,
        "mean": 9.97938346863,
        "min": 2.63862729073,
        "stdev": 5.10576725006
    },
    "erbbands_flatness_db": {
        "max": 0.386273384094,
        "mean": 0.167841285467,
        "min": 0.0522159971297,
        "stdev": 0.0499211438
    },
    "erbbands_kurtosis": {
        "max": 69.990524292,
        "mean": 1.97080790997,
        "min": -1.83128345013,
        "stdev": 4.12879705429
    },
    "erbbands_skewness": {
        "max": 8.03449344635,
        "mean": 0.866745591164,
        "min": -4.27402925491,
        "stdev": 0.931276857853
    },
    "erbbands_spread": {
        "max": 135.741088867,
        "mean": 34.3784141541,
        "min": 3.23968410492,
        "stdev": 20.1334953308
    },
    "hfc": {
        "max": 234.519332886,
        "mean": 13.9234046936,
        "min": 0.32265201211,
        "stdev": 21.9445781708
    },
    "loudness_ebu128": {
        "integrated": -23.1958427429,
        "loudness_range": 6.32208061218,
        "momentary": {
            "max": -15.4796285629,
            "mean": -24.5956039429,
            "min": -32.2402839661,
            "stdev": 3.58172440529
        },
        "short_term": {
            "max": -19.7519569397,
            "mean": -23.9103717804,
            "min": -28.146024704,
            "stdev": 2.4152162075
        }
    },
    "melbands_crest": {
        "max": 33.6988563538,
        "mean": 13.6572637558,
        "min": 4.17091464996,
        "stdev": 5.53438997269
    },
    "melbands_flatness_db": {
        "max": 0.4288636446,
        "mean": 0.191091865301,
        "min": 0.0294869765639,
        "stdev": 0.0651404261589
    },
    "melbands_kurtosis": {
        "max": 281.433929443,
        "mean": 13.7930860519,
        "min": -1.87600314617,
        "stdev": 21.5862922668
    },
    "melbands_skewness": {
        "max": 12.4746608734,
        "mean": 2.43720984459,
        "min": -1.56270360947,
        "stdev": 1.64838838577
    },
    "melbands_spread": {
        "max": 226.139602661,
        "mean": 20.0270137787,
        "min": 0.805601835251,
        "stdev": 20.9886131287
    },
    "pitch_salience": {
        "max": 0.838772475719,
        "mean": 0.599409878254,
        "min": 0.0839333459735,
        "stdev": 0.125879317522
    },
    "silence_rate_20dB": {
        "max": 1,
        "mean": 1,
        "min": 1,
        "stdev": 0
    },
    "silence_rate_30dB": {
        "max": 1,
        "mean": 0.97787296772,
        "min": 0,
        "stdev": 0.147096887231
    },
    "silence_rate_60dB": {
        "max": 1,
        "mean": 0.246252670884,
        "min": 0,
        "stdev": 0.430825561285
    },
    "spectral_centroid": {
        "max": 5907.88525391,
        "mean": 1067.70996094,
        "min": 282.64453125,
        "stdev": 603.822265625
    },
    "spectral_complexity": {
        "max": 40,
        "mean": 11.1763029099,
        "min": 0,
        "stdev": 6.69107580185
    },
    "spectral_decrease": {
        "max": -7.26059906642e-11,
        "mean": -4.44121672771e-09,
        "min": -5.65901281391e-08,
        "stdev": 6.72688615921e-09
    },
    "spectral_energy": {
        "max": 0.221195578575,
        "mean": 0.0180250760168,
        "min": 0.00030329709989,
        "stdev": 0.0267459917814
    },
    "spectral_energyband_high": {
        "max": 0.0297624394298,
        "mean": 0.000609186536167,
        "min": 1.78962955033e-06,
        "stdev": 0.00196246709675
    },
    "spectral_energyband_low": {
        "max": 0.147172257304,
        "mean": 0.0029668896459,
        "min": 1.3393187146e-06,
        "stdev": 0.0136377336457
    },
    "spectral_energyband_middle_high": {
        "max": 0.0923069044948,
        "mean": 0.00333556509577,
        "min": 7.68672180129e-05,
        "stdev": 0.00724091287702
    },
    "spectral_energyband_middle_low": {
        "max": 0.219075754285,
        "mean": 0.0114571833983,
        "min": 0.000132879911689,
        "stdev": 0.0180003084242
    },
    "spectral_entropy": {
        "max": 8.71533870697,
        "mean": 7.56312942505,
        "min": 5.94204711914,
        "stdev": 0.484506994486
    },
    "spectral_flux": {
        "max": 0.352278620005,
        "mean": 0.0682034492493,
        "min": 0.0115363746881,
        "stdev": 0.0492678619921
    },
    "spectral_kurtosis": {
        "max": 36.3464317322,
        "mean": 5.0725479126,
        "min": -0.866926908493,
        "stdev": 4.23676347733
    },
    "spectral_rms": {
        "max": 0.0146901523694,
        "mean": 0.00346745713614,
        "min": 0.000543966540135,
        "stdev": 0.00235842564143
    },
    "spectral_rolloff": {
        "max": 9302.34375,
        "mean": 1419.90148926,
        "min": 64.599609375,
        "stdev": 1490.01989746
    },
    "spectral_skewness": {
        "max": 4.66699838638,
        "mean": 1.76637935638,
        "min": -0.23420317471,
        "stdev": 0.587820887566
    },
    "spectral_spread": {
        "max": 23740032,
        "mean": 5007061.5,
        "min": 1779248.5,
        "stdev": 1624032.625
    },
    "spectral_strongpeak": {
        "max": 9.81400585175,
        "mean": 0.922986268997,
        "min": 0,
        "stdev": 1.2730358839
    },
    "zerocrossingrate": {
        "max": 0.34228515625,
        "mean": 0.0631294324994,
        "min": 0.005859375,
        "stdev": 0.0413555689156
    },
    "barkbands": {
        "max": [0.00717190280557, 0.141698509455, 0.0396827459335, 0.0302412752062, 0.049328815192, 0.0738959759474, 0.0651918202639, 0.216910362244, 0.0359305627644, 0.0787284076214, 0.0370499119163, 0.0214405078441, 0.0136114424095, 0.0187387894839, 0.0178177282214, 0.00602333294228, 0.00480792019516, 0.00292331608944, 0.00206315889955, 0.00410576583818, 0.00713179912418, 0.0110920928419, 0.0115470476449, 0.00998761598021, 0.00255551724695, 0.00064021005528, 0.000136421542265],
        "mean": [9.25486456254e-05, 0.0021310406737, 0.000459783215774, 0.000717496208381, 0.00303527037613, 0.00181391369551, 0.00213772640564, 0.00255413679406, 0.00108473538421, 0.00079770287266, 0.000713771849405, 0.000464322365588, 0.000320797320455, 0.000379350763978, 0.000177237336175, 0.000141138458275, 0.000167237623828, 0.000103344384115, 7.89162659203e-05, 9.76387455012e-05, 7.81677299528e-05, 0.000122124984046, 0.00014422654931, 0.000135732479976, 5.54825528525e-05, 1.84693544725e-05, 2.77075287158e-06],
        "min": [1.76920122996e-09, 1.37884427431e-07, 1.48365089103e-07, 7.01685848981e-07, 7.3325682024e-06, 2.00617432711e-06, 1.39279904943e-06, 2.95514837489e-06, 6.57027385387e-06, 2.68901288791e-07, 3.1688827562e-07, 6.28459201835e-06, 3.5042453419e-06, 2.68219832833e-06, 1.92153402168e-06, 2.20962692765e-06, 1.51650419866e-06, 1.04224193365e-06, 9.19152569168e-07, 4.44168904323e-07, 2.79545957937e-07, 2.12563037394e-07, 1.34609905444e-07, 7.65976153616e-08, 4.91077507547e-08, 1.97217424613e-08, 1.50523127296e-09],
        "stdev": [0.000484024494654, 0.0120850615203, 0.00216639740393, 0.00219283043407, 0.00457813078538, 0.00534759182483, 0.00598689774051, 0.0130326347426, 0.0028960830532, 0.00391754321754, 0.00251108570956, 0.00158450542949, 0.00108583632391, 0.00152266968507, 0.000672438298352, 0.00033431276097, 0.000407883810112, 0.000208041499718, 0.000139546478749, 0.000237533138716, 0.000242933019763, 0.000509567908011, 0.000655961222947, 0.000652480055578, 0.000146435719216, 4.6870965889e-05, 9.78814205155e-06]
    },
    "erbbands": {
        "max": [5.73245382309, 27.3722457886, 31.0779590607, 93.3352432251, 120.63973999, 252.745925903, 453.030548096, 777.185241699, 689.570739746, 1012.84014893, 5734.20214844, 1148.62329102, 677.468566895, 3082.2746582, 1502.03771973, 941.012329102, 646.304504395, 1042.1081543, 943.703552246, 237.613311768, 357.247528076, 237.879180908, 151.891235352, 80.4602966309, 137.904998779, 157.097015381, 390.509735107, 144.567565918, 358.983184814, 456.343017578, 323.803588867, 234.318344116, 170.713363647, 46.7601547241, 11.2882118225, 3.60081410408, 1.05170726776, 0.246131196618, 0.0288914795965, 0.001018863637],
        "mean": [0.0837502107024, 0.39391720295, 0.482838839293, 1.56494903564, 4.45008468628, 12.9433841705, 15.5133361816, 14.5619726181, 18.8060474396, 41.3914299011, 61.068611145, 29.5218143463, 17.8036422729, 37.1150093079, 23.371887207, 18.9308872223, 14.8834581375, 18.1058197021, 15.4107685089, 7.65261650085, 8.60846614838, 8.54137897491, 6.46625947952, 4.10035037994, 4.22566604614, 4.66962099075, 3.55338096619, 3.11039209366, 4.16373682022, 4.70100450516, 4.01665258408, 3.05777192116, 2.06707406044, 0.837026536465, 0.295026868582, 0.100549571216, 0.0294684357941, 0.00600821711123, 0.000529409968294, 3.73280454369e-05],
        "min": [5.26882104168e-06, 6.93467009114e-05, 0.000557202962227, 0.00549308676273, 0.00842384062707, 0.0112642413005, 0.01289972011, 0.0181587766856, 0.022109080106, 0.0551434829831, 0.151530876756, 0.146829605103, 0.0379129052162, 0.0142213730142, 0.0378817021847, 0.318441092968, 0.190186351538, 0.229007348418, 0.148356959224, 0.104078948498, 0.130937606096, 0.104309797287, 0.0646879896522, 0.0539817139506, 0.0591797456145, 0.0225360356271, 0.0171502213925, 0.00940668489784, 0.00810160674155, 0.00521769654006, 0.00386630673893, 0.00245325849392, 0.000895903271157, 0.000601692532655, 0.000297577411402, 9.6869742265e-05, 3.62078353646e-05, 8.9971736088e-06, 6.76667525568e-07, 4.67492100142e-07],
        "stdev": [0.474929481745, 2.27222156525, 1.9993571043, 5.53771209717, 8.47082424164, 21.1586399078, 35.664894104, 53.1903877258, 51.3114738464, 104.116928101, 338.265777588, 83.5078353882, 46.2609977722, 163.248123169, 79.8996582031, 61.9305648804, 46.8818206787, 67.9823989868, 56.9596977234, 17.9016170502, 20.1353645325, 19.1527442932, 13.0457115173, 6.66810750961, 9.00691604614, 11.2417402267, 11.9881534576, 7.90571403503, 16.9789066315, 21.7394199371, 17.5024337769, 14.5534095764, 9.56517887115, 2.41345667839, 0.764686763287, 0.255647689104, 0.0819019004703, 0.0166169703007, 0.00194295728579, 7.37192458473e-05]
    },
    "gfcc": {
        "mean": [-44.589225769, 78.1399078369, -118.844192505, 7.34687757492, -78.9752731323, 5.07103824615, -49.2020988464, 1.62278902531, -31.4817142487, -5.70446252823, -20.6203231812, -0.434226334095, -11.66726017],
        "cov": [[5051.59912109, -1348.95776367, 428.383300781, 422.685546875, -313.525543213, 47.1880531311, -219.857696533, 69.8597564697, 275.675567627, 353.919921875, 125.478134155, 66.2954788208, -133.931152344], [-1348.95776367, 1394.8638916, -51.2149734497, -197.595687866, 339.474182129, -56.2236175537, 230.010986328, -23.9399490356, 1.74152767658, -141.695877075, 34.4086875916, -15.6646108627, 115.603775024], [428.383300781, -51.2149734497, 525.377502441, 245.453552246, 49.2227325439, -4.18208360672, -46.9148139954, -0.35220977664, 38.8946838379, 57.051815033, 57.9832077026, 57.3389053345, -8.98165130615], [422.685546875, -197.595687866, 245.453552246, 499.645141602, 176.110549927, 32.8776931763, -52.5853462219, 37.0524597168, 98.0750350952, 87.8294906616, 2.79603123665, 51.155166626, -5.04839086533], [-313.525543213, 339.474182129, 49.2227325439, 176.110549927, 395.477905273, 87.1044692993, 122.153579712, 64.9250411987, 59.063911438, 3.02365922928, 6.68238353729, 33.0697250366, 40.2521133423], [47.1880531311, -56.2236175537, -4.18208360672, 32.8776931763, 87.1044692993, 198.763549805, 99.2034683228, 56.8549880981, 12.1751480103, 8.22425365448, 17.2175178528, 12.2782382965, -15.0892343521], [-219.857696533, 230.010986328, -46.9148139954, -52.5853462219, 122.153579712, 99.2034683228, 236.929107666, 80.2913131714, 35.5685958862, -23.4318256378, 18.2182540894, 3.38992023468, -0.323713302612], [69.8597564697, -23.9399490356, -0.35220977664, 37.0524597168, 64.9250411987, 56.8549880981, 80.2913131714, 123.180549622, 59.2427330017, 26.4033946991, 19.9239807129, 21.9027671814, -3.10495734215], [275.675567627, 1.74152767658, 38.8946838379, 98.0750350952, 59.063911438, 12.1751480103, 35.5685958862, 59.2427330017, 130.554763794, 62.9070854187, 27.4578590393, 20.356918335, 3.79078722], [353.919921875, -141.695877075, 57.051815033, 87.8294906616, 3.02365922928, 8.22425365448, -23.4318256378, 26.4033946991, 62.9070854187, 117.07321167, 36.7801818848, 19.9816570282, -6.36249446869], [125.478134155, 34.4086875916, 57.9832077026, 2.79603123665, 6.68238353729, 17.2175178528, 18.2182540894, 19.9239807129, 27.4578590393, 36.7801818848, 86.0807952881, 34.3730621338, 7.71191596985], [66.2954788208, -15.6646108627, 57.3389053345, 51.155166626, 33.0697250366, 12.2782382965, 3.38992023468, 21.9027671814, 20.356918335, 19.9816570282, 34.3730621338, 66.7735900879, 24.1734848022], [-133.931152344, 115.603775024, -8.98165130615, -5.04839086533, 40.2521133423, -15.0892343521, -0.323713302612, -3.10495734215, 3.79078722, -6.36249446869, 7.71191596985, 24.1734848022, 72.7303161621]],
        "icov": [[0.000359883328201, 0.00029745514621, -0.000186552555533, 2.91325704893e-05, 0.000100547695183, -4.4289186917e-05, 8.67192829901e-06, 0.000233999875491, -0.00072461576201, -0.00024153693812, -0.000305659632431, 0.000139794792631, 0.000116677249025], [0.00029745514621, 0.00242055044509, -0.000531262601726, 0.00111986871343, -0.0021503737662, 0.00158640812151, -0.00150853104424, 0.00165471597575, -0.00150202715304, 0.00178015755955, -0.00216409866698, 0.00189425190911, -0.00187048956286], [-0.000186552555533, -0.000531262601726, 0.003067152109, -0.00173584779259, 0.000472684681881, 0.000142674165545, 0.000191221071873, 0.000174033324583, 0.000957673473749, -2.95562258543e-05, -0.00146171799861, -0.00151432328857, 0.00114126957487], [2.91325704893e-05, 0.00111986871343, -0.00173584779259, 0.00520260678604, -0.00316703738645, 5.83177024964e-05, 0.00135361903813, 0.000730640487745, -0.00271977647208, -0.000478440750157, 0.00176816002931, -0.00113526242785, 0.000512232014444], [0.000100547695183, -0.0021503737662, 0.000472684681881, -0.00316703738645, 0.00695871375501, -0.00240935385227, -0.000805246818345, -0.00160944531672, 0.00053226883756, -0.00127998925745, 0.00205501029268, -0.00155811279546, -0.000821473484393], [-4.4289186917e-05, 0.00158640812151, 0.000142674165545, 5.83177024964e-05, -0.00240935385227, 0.00866568926722, -0.00375018990599, -0.000610911112744, 0.00169525737874, 0.000530542514753, -0.00232027168386, 0.000569400901441, 0.000521891110111], [8.67192829901e-06, -0.00150853104424, 0.000191221071873, 0.00135361903813, -0.000805246818345, -0.00375018990599, 0.0099040325731, -0.00433240504935, -0.00180306262337, 0.00142943102401, 7.86863893154e-06, -0.000299202336464, 0.00237570493482], [0.000233999875491, 0.00165471597575, 0.000174033324583, 0.000730640487745, -0.00160944531672, -0.000610911112744, -0.00433240504935, 0.0153096690774, -0.00562555715442, 0.000173045002157, -0.000834864214994, -0.00253800628707, 0.000511699647177], [-0.00072461576201, -0.00150202715304, 0.000957673473749, -0.00271977647208, 0.00053226883756, 0.00169525737874, -0.00180306262337, -0.00562555715442, 0.016653617844, -0.00620439415798, -0.000252727273619, 0.000129490275867, -0.000635500997305], [-0.00024153693812, 0.00178015755955, -2.95562258543e-05, -0.000478440750157, -0.00127998925745, 0.000530542514753, 0.00142943102401, 0.000173045002157, -0.00620439415798, 0.0171338021755, -0.00671667186543, 0.00188491831068, -0.000570995209273], [-0.000305659632431, -0.00216409866698, -0.00146171799861, 0.00176816002931, 0.00205501029268, -0.00232027168386, 7.86863893154e-06, -0.000834864214994, -0.000252727273619, -0.00671667186543, 0.0211575869471, -0.0100345751271, 0.00168220628984], [0.000139794792631, 0.00189425190911, -0.00151432328857, -0.00113526242785, -0.00155811279546, 0.000569400901441, -0.000299202336464, -0.00253800628707, 0.000129490275867, 0.00188491831068, -0.0100345751271, 0.0271277949214, -0.00994283985347], [0.000116677249025, -0.00187048956286, 0.00114126957487, 0.000512232014444, -0.000821473484393, 0.000521891110111, 0.00237570493482, 0.000511699647177, -0.000635500997305, -0.000570995209273, 0.00168220628984, -0.00994283985347, 0.0208187438548]]
    },
    "melbands": {
        "max": [0.0442119650543, 0.0170811060816, 0.0135878063738, 0.00957235880196, 0.011678731069, 0.015855204314, 0.0116042010486, 0.0158345494419, 0.0403965748847, 0.00713273370638, 0.00405730912462, 0.0132800079882, 0.00528651056811, 0.00281821377575, 0.00112885609269, 0.00163782748859, 0.00223488383926, 0.00181446119677, 0.00101000745781, 0.000312891468639, 0.000355285621481, 0.000294617551845, 0.000238313295995, 9.63505954132e-05, 7.10710010026e-05, 0.000116609349789, 0.000218885572394, 9.97128954623e-05, 0.000317843136145, 0.000101136305602, 9.13602925721e-05, 0.000228761389735, 0.000280182517599, 0.00031517163734, 0.000201501577976, 0.00014479093079, 0.000144844147144, 0.00015547957446, 4.71136117994e-05, 3.65465566574e-05],
        "mean": [0.000669319473673, 0.000335690187057, 0.00034732662607, 0.000610386254266, 0.000573010009248, 0.000317417521728, 0.000345393375028, 0.000462737196358, 0.00045951679931, 0.000166822472238, 8.56272454257e-05, 0.000150867330376, 8.74713659869e-05, 5.73758297833e-05, 3.13576456392e-05, 3.57377066393e-05, 3.40146652889e-05, 2.79315663647e-05, 1.19910473586e-05, 9.44039038586e-06, 1.03813890746e-05, 9.31033900997e-06, 7.46969317333e-06, 4.49257458968e-06, 3.12597398988e-06, 3.08009157379e-06, 3.11017765853e-06, 3.08654216497e-06, 2.43937620326e-06, 1.60383001457e-06, 1.85361648164e-06, 2.32351499108e-06, 2.51223150372e-06, 2.6497127692e-06, 2.40472900259e-06, 1.86745717201e-06, 1.93432833839e-06, 1.64268396929e-06, 9.08569006697e-07, 6.34043090031e-07],
        "min": [4.31192788142e-08, 2.06447197115e-07, 1.15695775094e-06, 1.68793178545e-06, 5.10089762429e-07, 4.18337123165e-07, 2.96512013165e-07, 5.53949689674e-07, 8.87723899723e-07, 8.50472645197e-07, 9.31718275865e-08, 5.00486372346e-08, 4.8702510469e-08, 7.18466196759e-07, 3.30099936718e-07, 2.43369328246e-07, 3.72633280676e-07, 1.84346546916e-07, 1.2302670882e-07, 1.35072113494e-07, 8.39320648538e-08, 9.38237647574e-08, 6.73708839827e-08, 4.05139957138e-08, 2.86291275131e-08, 3.71344199834e-08, 2.08015489278e-08, 8.46492120843e-09, 9.93367788027e-09, 5.28466692629e-09, 5.56343504599e-09, 4.01715594123e-09, 2.39277531122e-09, 2.09459494194e-09, 1.89690818608e-09, 1.65289926191e-09, 1.0464648037e-09, 5.94620297445e-10, 4.36183783536e-10, 4.33786007115e-10],
        "stdev": [0.00381679832935, 0.00145645067096, 0.000961489859037, 0.000915669254027, 0.00110852124635, 0.0010842498159, 0.000942683254834, 0.00124074728228, 0.00253186561167, 0.000483528157929, 0.000239109402173, 0.00069403112866, 0.000302558066323, 0.000203423915082, 8.97965073818e-05, 0.000125150967506, 0.000139752897667, 0.000109566120955, 3.88320841012e-05, 2.34583076235e-05, 2.58080308413e-05, 2.34117214859e-05, 1.7920638129e-05, 8.6868294602e-06, 5.30630404683e-06, 6.16820352661e-06, 9.72357429418e-06, 7.16065278539e-06, 9.3852631835e-06, 4.36912387158e-06, 4.71561997983e-06, 9.35861498874e-06, 1.18963589557e-05, 1.34916126626e-05, 1.08712210931e-05, 8.08152617537e-06, 1.00082379504e-05, 8.42267400003e-06, 2.80843801193e-06, 1.78930952188e-06]
    },
    "melbands128": {
        "max": [0.00660056201741, 0.0481828898191, 0.0736441239715, 0.0337082631886, 0.012228069827, 0.0224112607539, 0.0223129503429, 0.0193611197174, 0.0140746515244, 0.0117590548471, 0.0180775802583, 0.0149444490671, 0.0218560770154, 0.0224313978106, 0.0293352007866, 0.0136656640097, 0.0130655560642, 0.0195677690208, 0.0266167763621, 0.0143302427605, 0.0197336226702, 0.0745662599802, 0.0581287406385, 0.00887423940003, 0.012842043303, 0.0105117009953, 0.00530583225191, 0.00423074048012, 0.011187473312, 0.0256674531847, 0.0155192837119, 0.0125738475472, 0.00898880790919, 0.00786517187953, 0.00595814967528, 0.00491971243173, 0.0044625736773, 0.00135413988028, 0.00203991914168, 0.00269613042474, 0.00298034283333, 0.0025149283465, 0.00449934881181, 0.00481278914958, 0.00387814827263, 0.00203352281824, 0.00469734007493, 0.000417921954067, 0.000876038800925, 0.00061897066189, 0.000506605603732, 0.00113510980736, 0.00052989582764, 0.000807716161944, 0.000715251488145, 0.00050029513659, 0.000363211263902, 0.000506984884851, 0.000368059845641, 0.000216062791878, 0.000178379137651, 0.00013796427811, 0.00012525152124, 6.96167116985e-05, 6.31342409179e-05, 0.000173989406903, 0.000131265609525, 7.92622813606e-05, 0.00046613404993, 0.000180241957423, 0.000126236976939, 7.69323014538e-05, 0.00010728489724, 0.000654776522424, 6.84094920871e-05, 0.000209590725717, 3.94804192183e-05, 8.99515507626e-05, 9.0513509349e-05, 0.000133565205033, 0.000256650702795, 0.000258632877376, 0.000375907839043, 0.000270015734714, 0.000388278014725, 0.000257481966401, 0.000458206050098, 0.000217507404159, 0.000195933476789, 0.000261496781604, 0.000174558008439, 0.000169492981513, 0.000193549087271, 0.000192444073036, 0.00022820783488, 0.000180581584573, 0.000202892435482, 9.39084784477e-05, 4.86279823235e-05, 2.84458401438e-05, 4.56272318843e-05, 3.97677831643e-05, 2.94429246424e-05, 1.64495249919e-05, 1.78575082828e-05, 7.70780570747e-06, 8.20728291728e-06, 6.86831936036e-06, 6.556003882e-06, 7.38949529477e-06, 4.68384496344e-06, 8.24742164696e-06, 4.77834009871e-06, 2.50337529906e-06, 2.24666064241e-06, 5.10596692038e-06, 1.3395139149e-06, 2.33894479607e-06, 1.27092175717e-06, 8.49597427077e-07, 8.35566538626e-07, 1.12346901915e-06, 4.09813026181e-07, 1.69364877678e-08, 7.94534993354e-10, 7.82600595439e-10, 7.73803132681e-10, 7.69468877504e-10],
        "mean": [8.66297050379e-05, 0.000682686921209, 0.000998648465611, 0.000507263583131, 0.000218727596803, 0.000247419782681, 0.000284968060441, 0.000398815405788, 0.000396362796891, 0.000578084029257, 0.000834249949548, 0.000620521779638, 0.000550608325284, 0.000434966903413, 0.000395792070776, 0.000197130677407, 0.000143633893458, 0.000334841344738, 0.00067220319761, 0.000437018781668, 0.000329449801939, 0.00060303992359, 0.000598100479692, 0.000155617060955, 0.000163291755598, 0.00019951959257, 8.19360138848e-05, 5.84765111853e-05, 8.22701695142e-05, 0.000170181709109, 0.000165882753208, 0.00013964966638, 7.25047211745e-05, 6.55526673654e-05, 5.30982470082e-05, 5.99641280132e-05, 5.86929527344e-05, 1.95481643459e-05, 2.31902758969e-05, 3.4316766687e-05, 4.42318196292e-05, 2.89644758595e-05, 3.24165666825e-05, 3.48155917891e-05, 4.06056897191e-05, 2.49191616604e-05, 1.77125275513e-05, 1.14707727334e-05, 1.03608826976e-05, 8.16837746243e-06, 9.4530005299e-06, 1.07709147414e-05, 8.6894042397e-06, 1.044140663e-05, 1.38485420393e-05, 7.61324781706e-06, 7.1325416684e-06, 9.27559358388e-06, 6.74430111758e-06, 5.93000913796e-06, 4.46222156825e-06, 3.45794092027e-06, 3.13662303597e-06, 3.14658063871e-06, 2.80747394754e-06, 3.33299476551e-06, 3.17091939905e-06, 2.49839604294e-06, 3.57101680493e-06, 3.09964684675e-06, 3.27587599713e-06, 3.03447222905e-06, 2.47563593803e-06, 2.73068985734e-06, 1.77567733317e-06, 1.56218129632e-06, 1.40065901633e-06, 1.82023211437e-06, 1.81665552645e-06, 2.02315118258e-06, 2.39466749008e-06, 2.39862401941e-06, 2.26525480684e-06, 2.52136032941e-06, 2.74930130217e-06, 2.62474168267e-06, 2.73161754194e-06, 2.48039123107e-06, 2.36928440245e-06, 2.47223374572e-06, 1.92669313037e-06, 1.71408328242e-06, 1.64262564795e-06, 1.97160079551e-06, 2.14204283111e-06, 1.8454226165e-06, 1.60564479756e-06, 1.26029863168e-06, 8.30122189655e-07, 8.01484588919e-07, 7.32991850327e-07, 6.32127751032e-07, 4.8249557949e-07, 3.61486769407e-07, 3.29610003291e-07, 2.64552994622e-07, 2.17595271579e-07, 1.84328413866e-07, 1.71426762563e-07, 1.51732635345e-07, 1.16207523604e-07, 1.06857712012e-07, 8.70307133027e-08, 6.9031237615e-08, 7.51906341634e-08, 6.32378061027e-08, 3.53866340674e-08, 2.81259300294e-08, 1.9990116229e-08, 1.40971163631e-08, 1.21084591242e-08, 9.71064917366e-09, 5.04545916158e-09, 1.09293775419e-10, 4.03241546057e-12, 3.68277890822e-12, 3.48807029267e-12, 3.4453861205e-12],
        "min": [4.89458529263e-10, 1.40019440487e-09, 9.75859393293e-09, 1.52311692148e-08, 1.81119439446e-08, 6.16259256958e-08, 2.54273714972e-07, 2.97110091196e-07, 4.52735321232e-07, 5.44243732747e-07, 2.33693839391e-07, 2.69226063665e-07, 3.18511098385e-07, 1.39191257631e-07, 1.79195126293e-07, 7.45245642975e-08, 8.93967779803e-08, 1.18050259346e-07, 9.91593083199e-08, 1.96571505739e-07, 1.19134838883e-07, 1.6206936948e-07, 1.75699938154e-07, 1.40040242513e-07, 1.75701757144e-07, 4.99044858771e-07, 1.04736166406e-07, 2.21145306512e-08, 4.00383903809e-08, 4.98978245389e-08, 5.39811502165e-08, 5.03730461787e-08, 4.76753996281e-08, 3.21097886058e-08, 1.34211418867e-07, 1.42447760254e-07, 3.31900054107e-08, 1.30335081394e-07, 7.26661610884e-08, 1.35639425025e-07, 1.18204354749e-07, 1.27165165509e-07, 9.26614944774e-08, 8.46954080203e-08, 3.43934587477e-08, 7.28223668034e-08, 6.69224675676e-08, 1.00770947142e-07, 4.26835526923e-08, 3.47188908734e-08, 4.55385489317e-08, 6.46028368578e-08, 4.05804847503e-08, 5.47295009312e-08, 3.01657472335e-08, 4.57398101616e-08, 4.77193893289e-08, 2.5133147119e-08, 2.33750370171e-08, 2.42167743636e-08, 2.74666174249e-08, 1.795611837e-08, 1.99966105896e-08, 1.71065313026e-08, 1.30198962722e-08, 2.28922942824e-08, 2.11162767272e-08, 1.44204177488e-08, 8.12508815784e-09, 4.33700497737e-09, 7.65340235631e-09, 4.42277237056e-09, 4.76512518333e-09, 6.49319842339e-09, 3.14115156108e-09, 2.66640887148e-09, 3.84695875155e-09, 3.35078320646e-09, 3.24130056129e-09, 2.80497158833e-09, 2.38878139491e-09, 2.04286143557e-09, 1.27408772421e-09, 1.58391610938e-09, 1.47083056845e-09, 1.69259561922e-09, 1.16889609103e-09, 5.02466013241e-10, 1.03392572282e-09, 1.37758571217e-09, 9.12384945373e-10, 5.85121728847e-10, 1.15979337245e-09, 5.53651346991e-10, 5.63593005598e-10, 4.82667517065e-10, 3.26995430733e-10, 4.15411094412e-10, 2.07176803491e-10, 2.50359150078e-10, 2.48589510088e-10, 2.26700949679e-10, 3.36421501768e-10, 2.51301035536e-10, 1.02762152954e-10, 1.51849421925e-10, 1.41388026287e-10, 1.49098955404e-10, 1.3528946019e-10, 3.884294969e-11, 4.68651992214e-11, 7.90966805941e-11, 6.30352506303e-11, 7.28306165376e-11, 2.68242077855e-11, 4.22077477136e-11, 3.33493059557e-11, 7.70766317524e-13, 2.81217865834e-13, 3.8377786192e-13, 3.01931900705e-13, 3.65014957279e-13, 3.46662667105e-13, 3.27743989717e-13, 2.76890435493e-13, 7.79389438188e-14, 1.17138829019e-14, 4.36413000235e-16],
        "stdev": [0.000460575509351, 0.00383632653393, 0.00601400528103, 0.00290712714195, 0.00092853436945, 0.00121270143427, 0.00123852537945, 0.00113648979459, 0.00093362381449, 0.000970685505308, 0.00152678962331, 0.00134132977109, 0.00158364407253, 0.00143276993185, 0.00185122934636, 0.000890432100277, 0.000632730545476, 0.00121418084018, 0.00214872299694, 0.00131542142481, 0.00132026278879, 0.00402236869559, 0.0039342250675, 0.000543666363228, 0.000680367520545, 0.000692325993441, 0.000304553628666, 0.000239369604969, 0.000386596890166, 0.00111909827683, 0.000838721171021, 0.000657292956021, 0.000372865324607, 0.000375604140572, 0.000276082137134, 0.000286261492874, 0.000247237127041, 6.54253526591e-05, 0.000124582787976, 0.000157877482707, 0.000198226305656, 0.000149648301885, 0.000196325097932, 0.000200241745915, 0.000205673757591, 0.000120282529679, 0.000142856239108, 3.31389528583e-05, 3.75877061742e-05, 3.03277611238e-05, 3.05231951643e-05, 4.09798485634e-05, 2.56815983448e-05, 3.56555065082e-05, 5.11109828949e-05, 2.43214362854e-05, 2.02147966775e-05, 3.04317582049e-05, 2.02695864573e-05, 1.63921613421e-05, 1.05857970993e-05, 8.0380914369e-06, 6.16733223069e-06, 6.01474448558e-06, 5.73549050387e-06, 8.181926205e-06, 7.78321827966e-06, 5.71795953874e-06, 1.7616970581e-05, 1.012246139e-05, 9.5206341939e-06, 7.31542832e-06, 5.99299073656e-06, 1.81058367161e-05, 4.2037604544e-06, 6.62318507239e-06, 3.4717077142e-06, 5.39989423487e-06, 4.79609661852e-06, 5.76825050302e-06, 9.47355511016e-06, 1.0269235645e-05, 1.24551788758e-05, 1.21193497762e-05, 1.50064279296e-05, 1.28358824441e-05, 1.70391249412e-05, 1.27556695588e-05, 1.10427163236e-05, 1.10729542939e-05, 8.48842410051e-06, 7.8768689491e-06, 8.05478703114e-06, 1.01829800769e-05, 1.3263505025e-05, 1.01699633888e-05, 8.82847871253e-06, 5.0515127441e-06, 2.59795524471e-06, 2.22567132369e-06, 2.16229636862e-06, 1.90415232737e-06, 1.46373599819e-06, 9.80112645266e-07, 9.54651227403e-07, 6.51848836242e-07, 5.70410861656e-07, 4.83030930809e-07, 4.63252121108e-07, 4.17175812117e-07, 3.05100201103e-07, 3.8007965486e-07, 3.25410098867e-07, 1.71442394503e-07, 1.7241880812e-07, 2.16935802655e-07, 9.92822819512e-08, 1.20223049294e-07, 7.78987256922e-08, 5.97416800474e-08, 5.81016230683e-08, 5.24226244636e-08, 2.53665799477e-08, 7.59556362251e-10, 3.05065694928e-11, 3.00672819975e-11, 2.97433189189e-11, 2.9576573829e-11]
    },
    "mfcc": {
        "mean": [-687.608703613, 116.676567078, 3.80916261673, 0.156934201717, -9.31091308594, -7.56758832932, -10.2475719452, -2.77046513557, -8.67434501648, -6.76210927963, -9.65037155151, -7.38359737396, -7.27082777023],
        "cov": [[4946.70654297, -1488.24316406, 503.501953125, 126.316551208, 57.7462997437, 11.5615510941, -291.235565186, -184.690322876, -39.7462043762, 96.9776535034, 200.287277222, 241.000717163, 224.655807495], [-1488.24316406, 1443.95385742, -269.979370117, -48.575630188, -17.7026500702, 5.43814754486, 172.802642822, 117.607780457, 50.0030403137, -24.5443382263, -36.3562202454, -83.3799438477, -84.396194458], [503.501953125, -269.979370117, 480.815795898, 128.927093506, 58.1718482971, 5.90994548798, -60.7786216736, -53.4181175232, -61.2765350342, -28.6525325775, 7.9447312355, 61.9419822693, 66.8566665649], [126.316551208, -48.575630188, 128.927093506, 415.129547119, 219.938766479, 83.7595367432, -36.0007476807, 8.12075614929, 54.998916626, 23.8217277527, 9.76459693909, 46.8368034363, 75.3206558228], [57.7462997437, -17.7026500702, 58.1718482971, 219.938766479, 270.926147461, 93.9470291138, 11.3898639679, 30.0951080322, 35.9999275208, 32.2109680176, 15.8951663971, 10.0445165634, 38.4400558472], [11.5615510941, 5.43814754486, 5.90994548798, 83.7595367432, 93.9470291138, 153.059616089, 60.3188095093, 51.2135887146, 31.9266910553, 42.4573860168, 35.9403190613, -6.32519960403, -1.89200997353], [-291.235565186, 172.802642822, -60.7786216736, -36.0007476807, 11.3898639679, 60.3188095093, 170.685546875, 104.212097168, 31.4031047821, 27.2233734131, 33.2748947144, -22.8951244354, -14.3354215622], [-184.690322876, 117.607780457, -53.4181175232, 8.12075614929, 30.0951080322, 51.2135887146, 104.212097168, 167.334747314, 61.7405929565, 36.0802764893, 37.1268615723, -4.95492601395, 3.33766245842], [-39.7462043762, 50.0030403137, -61.2765350342, 54.998916626, 35.9999275208, 31.9266910553, 31.4031047821, 61.7405929565, 108.093795776, 41.2381286621, 25.6475811005, 12.1020421982, 17.2103977203], [96.9776535034, -24.5443382263, -28.6525325775, 23.8217277527, 32.2109680176, 42.4573860168, 27.2233734131, 36.0802764893, 41.2381286621, 95.4414520264, 50.1209259033, 10.1002988815, 9.45332622528], [200.287277222, -36.3562202454, 7.9447312355, 9.76459693909, 15.8951663971, 35.9403190613, 33.2748947144, 37.1268615723, 25.6475811005, 50.1209259033, 99.8361740112, 39.7787628174, 22.481678009], [241.000717163, -83.3799438477, 61.9419822693, 46.8368034363, 10.0445165634, -6.32519960403, -22.8951244354, -4.95492601395, 12.1020421982, 10.1002988815, 39.7787628174, 89.350982666, 49.1959877014], [224.655807495, -84.396194458, 66.8566665649, 75.3206558228, 38.4400558472, -1.89200997353, -14.3354215622, 3.33766245842, 17.2103977203, 9.45332622528, 22.481678009, 49.1959877014, 92.8311309814]],
        "icov": [[0.000367691187421, 0.000252281752182, -0.000139381721965, 0.000140507996548, -2.01128896151e-05, -0.000139207215398, 0.000400447810534, 0.000136397866299, -1.98778798222e-05, -0.000123348974739, -0.000565741909668, -0.000155143352458, -0.000376192532713], [0.000252281752182, 0.00110756547656, 0.000278187915683, -0.000200509064598, -3.84757822758e-06, 0.000305193272652, -0.000671892543323, -5.93703516643e-05, -0.000169700506376, 0.000383759295801, -0.000189401864191, 1.25953220049e-05, 0.000296499492833], [-0.000139381721965, 0.000278187915683, 0.00320329191163, -0.00094118306879, 9.99106305244e-06, -0.000269591342658, -0.000194909967831, -0.000117683484859, 0.00225436710753, 0.000820928195026, 7.36520887585e-05, -0.00108592549805, -0.000932522641961], [0.000140507996548, -0.000200509064598, -0.00094118306879, 0.00572668109089, -0.00346572813578, -0.00168246740941, 0.00181283045094, 0.000269135489361, -0.00216085510328, 9.61313489825e-05, 0.00107251049485, -0.00124367373064, -0.00202970555983], [-2.01128896151e-05, -3.84757822758e-06, 9.99106305244e-06, -0.00346572813578, 0.00752151012421, -0.00246021687053, -6.06504545431e-05, -0.000418965093559, 0.000498065492138, -0.000732765241992, 0.000196676686755, 0.00132148084231, -0.00107468699571], [-0.000139207215398, 0.000305193272652, -0.000269591342658, -0.00168246740941, -0.00246021687053, 0.0116620892659, -0.00353873148561, -0.000303745357087, -0.000321538042044, -0.00182480807416, -0.00220655230805, 0.00157686334569, 0.00283865537494], [0.000400447810534, -0.000671892543323, -0.000194909967831, 0.00181283045094, -6.06504545431e-05, -0.00353873148561, 0.0128539018333, -0.00567047484219, 0.000596907222643, 0.000138311253977, -0.00287291407585, 0.00212451675907, -0.00132350658532], [0.000136397866299, -5.93703516643e-05, -0.000117683484859, 0.000269135489361, -0.000418965093559, -0.000303745357087, -0.00567047484219, 0.0118768317625, -0.00459874793887, -8.21206267574e-05, -0.00144635676406, 0.000378105585696, -0.000642220315058], [-1.98778798222e-05, -0.000169700506376, 0.00225436710753, -0.00216085510328, 0.000498065492138, -0.000321538042044, 0.000596907222643, -0.00459874793887, 0.0159812793136, -0.00413509877399, 0.000606988323852, -0.00175118888728, -0.00169248494785], [-0.000123348974739, 0.000383759295801, 0.000820928195026, 9.61313489825e-05, -0.000732765241992, -0.00182480807416, 0.000138311253977, -8.21206267574e-05, -0.00413509877399, 0.0174375604838, -0.00739282881841, 0.00191674788948, 3.42142047884e-05], [-0.000565741909668, -0.000189401864191, 7.36520887585e-05, 0.00107251049485, 0.000196676686755, -0.00220655230805, -0.00287291407585, -0.00144635676406, 0.000606988323852, -0.00739282881841, 0.0201654117554, -0.00848888512701, 1.09999900815e-05], [-0.000155143352458, 1.25953220049e-05, -0.00108592549805, -0.00124367373064, 0.00132148084231, 0.00157686334569, 0.00212451675907, 0.000378105585696, -0.00175118888728, 0.00191674788948, -0.00848888512701, 0.0212689321488, -0.00710872234777], [-0.000376192532713, 0.000296499492833, -0.000932522641961, -0.00202970555983, -0.00107468699571, 0.00283865537494, -0.00132350658532, -0.000642220315058, -0.00169248494785, 3.42142047884e-05, 1.09999900815e-05, -0.00710872234777, 0.0186671409756]]
    },
    "spectral_contrast_coeffs": {
        "max": [-0.342177003622, -0.335186123848, -0.47098338604, -0.593050599098, -0.642352581024, -0.637619137764],
        "mean": [-0.643471300602, -0.743830800056, -0.782460749149, -0.825650393963, -0.823054969311, -0.801582932472],
        "min": [-0.907867014408, -0.958232522011, -0.920991778374, -0.909485161304, -0.887869536877, -0.871720194817],
        "stdev": [0.102929346263, 0.0893285349011, 0.0704128369689, 0.0510358475149, 0.0333649590611, 0.0294780936092]
    },
    "spectral_contrast_valleys": {
        "max": [-4.91547727585, -5.27214050293, -5.55189561844, -5.9989900589, -6.12693500519, -7.37455320358],
        "mean": [-7.63319444656, -6.91144657135, -7.39570903778, -7.88280487061, -8.01489257812, -10.2918586731],
        "min": [-10.0036268234, -8.68085384369, -8.78461742401, -9.16819286346, -9.75037574768, -12.9982185364],
        "stdev": [0.869012117386, 0.609218120575, 0.465467780828, 0.535743534565, 0.752455234528, 1.08252084255]
    }
},
"rhythm": {
    "beats_count": 65,
    "beats_loudness": {
        "max": 0.180640175939,
        "mean": 0.0202703457326,
        "min": 0.00144998740871,
        "stdev": 0.0308568198234
    },
    "bpm": 123.235206604,
    "bpm_histogram_first_peak_bpm": 123,
    "bpm_histogram_first_peak_weight": 0.32075470686,
    "bpm_histogram_second_peak_bpm": 112,
    "bpm_histogram_second_peak_spread": 0.333333313465,
    "bpm_histogram_second_peak_weight": 0.0625,
    "danceability": 1.13743162155,
    "onset_rate": 5.07568311691,
    "beats_loudness_band_ratio": {
        "max": [0.850819170475, 0.857798397541, 0.674117147923, 0.5334623456, 0.246645495296, 0.590216100216],
        "mean": [0.205890774727, 0.343193382025, 0.253357499838, 0.124435700476, 0.0618844181299, 0.0556873232126],
        "min": [0.0062874336727, 0.0138043025509, 0.0108934789896, 0.0034606710542, 0.00151537614875, 0.000655191019177],
        "stdev": [0.198011547327, 0.208884522319, 0.165624663234, 0.113457798958, 0.0589811913669, 0.0960710793734]
    },
    "beats_position": [0.49922901392, 0.99845802784, 1.48607707024, 1.97369611263, 2.46131515503, 2.94893407822, 3.43655323982, 3.92417216301, 4.41179132462, 4.91102027893, 5.41024923325, 5.94430828094, 6.47836732864, 7.00081634521, 7.52326536179, 8.05732440948, 8.59138298035, 9.07900238037, 9.56662082672, 10.0542402267, 10.5418596268, 11.0294780731, 11.505487442, 11.9814968109, 12.4691152573, 12.9567346573, 13.4443531036, 13.9319725037, 14.4195919037, 14.9188203812, 15.4296598434, 15.9288883209, 16.4397277832, 16.9505672455, 17.4614048004, 17.9490242004, 18.4366436005, 18.9242630005, 19.4118824005, 19.8994998932, 20.3755092621, 20.8631286621, 21.3507480621, 21.8383674622, 22.3259868622, 22.8019943237, 23.2896137238, 23.7656230927, 24.2416324615, 24.7292518616, 25.2168693542, 25.6928787231, 26.1804981232, 26.6681175232, 27.1441268921, 27.6433563232, 28.142583847, 28.6185932159, 29.0829925537, 29.5590019226, 30.0466213226, 30.5342407227, 31.0218582153, 31.5094776154, 31.9970970154],
