{
"metadata": {
    "version": {
        "essentia": "2.1-beta5",
        "essentia_git_sha": "Undefined",
        "extractor": "music 2.0"
    },
    "audio_properties": {
        "analysis": {
            "equal_loudness": 0,
            "length": 32.4963264465,
            "sample_rate": 44100,
            "start_time": 12.7477550507,
            "downmix": "mix"
        },
        "bit_rate": 192000,
        "length": 207.818603516,
        "lossless": 0,
        "number_channels": 2,
        "replay_gain": -3.33653450012,
        "sample_rate": 48000,
        "codec": "mp3",
        "md5_encoded": "706c35e16cf13e0f32ca811f430380e8"
    },
    "tags": {
        "file_name": "San Marino_Stand By_Senit.mp3",
        "encoding": ["Lavf58.29.100"]
    }
},
"lowlevel": {
    "average_loudness": 0.551384150982,
    "barkbands_crest": {
        "max": 26.5089550018,
        "mean": 11.3091993332,
        "min": 2.90805268288,
        "stdev": 5.05731153488
    },
    "barkbands_flatness_db": {
        "max": 0.398826241493,
        "mean": 0.175726488233,
        "min": 0.0506644397974,
        "stdev": 0.0617362819612
    },
    "barkbands_kurtosis": {
        "max": 267.569976807,
        "mean": 9.49056434631,
        "min": -1.91630828381,
        "stdev": 20.6030845642
    },
    "barkbands_skewness": {
        "max": 16.0315952301,
        "mean": 1.87116479874,
        "min": -3.14938664436,
        "stdev": 1.92116641998
    },
    "barkbands_spread": {
        "max": 95.9072570801,
        "mean": 14.7260580063,
        "min": 0.658117949963,
        "stdev": 14.1668424606
    },
    "dissonance": {
        "max": 0.499902278185,
        "mean": 0.438045799732,
        "min": 0.0944577008486,
        "stdev": 0.047404717654
    },
    "dynamic_complexity": 4.44955348969,
    "erbbands_crest": {
        "max": 30.9400959015,
        "mean": 10.976023674,
        "min": 3.0471599102,
        "stdev": 5.19176721573
    },
    "erbbands_flatness_db": {
        "max": 0.3173571527,
        "mean": 0.190765336156,
        "min": 0.0671375691891,
        "stdev": 0.0504751913249
    },
    "erbbands_kurtosis": {
        "max": 45.5880203247,
        "mean": 2.89674162865,
        "min": -1.77731800079,
        "stdev": 5.20032548904
    },
    "erbbands_skewness": {
        "max": 6.14964056015,
        "mean": 0.731122493744,
        "min": -4.43165063858,
        "stdev": 1.11559534073
    },
    "erbbands_spread": {
        "max": 136.47555542,
        "mean": 27.985408783,
        "min": 3.52975487709,
        "stdev": 20.5389289856
    },
    "hfc": {
        "max": 333.124908447,
        "mean": 17.8532123566,
        "min": 0.219315573573,
        "stdev": 29.4855365753
    },
    "loudness_ebu128": {
        "integrated": -20.2820796967,
        "loudness_range": 7.69704627991,
        "momentary": {
            "max": -15.6428527832,
            "mean": -22.4323577881,
            "min": -34.2189025879,
            "stdev": 4.62701797485
        },
        "short_term": {
            "max": -16.6331615448,
            "mean": -21.4835472107,
            "min": -28.3065261841,
            "stdev": 2.70953202248
        }
    },
    "melbands_crest": {
        "max": 31.6635913849,
        "mean": 14.3851041794,
        "min": 3.24033546448,
        "stdev": 6.07643508911
    },
    "melbands_flatness_db": {
        "max": 0.473423600197,
        "mean": 0.237631842494,
        "min": 0.0567414350808,
        "stdev": 0.0791940018535
    },
    "melbands_kurtosis": {
        "max": 694.145019531,
        "mean": 17.6092662811,
        "min": -1.86166417599,
        "stdev": 41.9912376404
    },
    "melbands_skewness": {
        "max": 19.9502048492,
        "mean": 2.46354317665,
        "min": -1.25469505787,
        "stdev": 2.22736620903
    },
    "melbands_spread": {
        "max": 238.679916382,
        "mean": 18.8283042908,
        "min": 0.681486964226,
        "stdev": 26.4199295044
    },
    "pitch_salience": {
        "max": 0.855017781258,
        "mean": 0.538980603218,
        "min": 0.0985546037555,
        "stdev": 0.13303309679
    },
    "silence_rate_20dB": {
        "max": 1,
        "mean": 1,
        "min": 1,
        "stdev": 0
    },
    "silence_rate_30dB": {
        "max": 1,
        "mean": 0.982869386673,
        "min": 0,
        "stdev": 0.129758179188
    },
    "silence_rate_60dB": {
        "max": 1,
        "mean": 0.164882227778,
        "min": 0,
        "stdev": 0.371073871851
    },
    "spectral_centroid": {
        "max": 5678.07910156,
        "mean": 932.933349609,
        "min": 224.246948242,
        "stdev": 721.563598633
    },
    "spectral_complexity": {
        "max": 35,
        "mean": 12.7794427872,
        "min": 0,
        "stdev": 7.27951812744
    },
    "spectral_decrease": {
        "max": -3.47315474991e-11,
        "mean": -5.95434812567e-09,
        "min": -5.67291813525e-08,
        "stdev": 6.4996306115e-09
    },
    "spectral_energy": {
        "max": 0.21901255846,
        "mean": 0.024092419073,
        "min": 0.000151202693814,
        "stdev": 0.0257339887321
    },
    "spectral_energyband_high": {
        "max": 0.0389923527837,
        "mean": 0.000762829440646,
        "min": 3.6064020037e-07,
        "stdev": 0.00318623520434
    },
    "spectral_energyband_low": {
        "max": 0.14278806746,
        "mean": 0.00578165519983,
        "min": 1.90399589428e-07,
        "stdev": 0.0114391027018
    },
    "spectral_energyband_middle_high": {
        "max": 0.0937609896064,
        "mean": 0.00500894198194,
        "min": 2.58800409938e-05,
        "stdev": 0.0089709199965
    },
    "spectral_energyband_middle_low": {
        "max": 0.137011766434,
        "mean": 0.014486736618,
        "min": 1.78680202225e-05,
        "stdev": 0.0175717137754
    },
    "spectral_entropy": {
        "max": 8.69660758972,
        "mean": 7.19502067566,
        "min": 5.47269296646,
        "stdev": 0.606152892113
    },
    "spectral_flux": {
        "max": 0.367391645908,
        "mean": 0.0640422478318,
        "min": 0.00670894514769,
        "stdev": 0.0513310171664
    },
    "spectral_kurtosis": {
        "max": 69.4990997314,
        "mean": 7.83124303818,
        "min": -1.29261660576,
        "stdev": 6.94414520264
    },
    "spectral_rms": {
        "max": 0.0146174822003,
        "mean": 0.00423172395676,
        "min": 0.00038407658576,
        "stdev": 0.0023658669088
    },
    "spectral_rolloff": {
        "max": 11520.2636719,
        "mean": 1253.81384277,
        "min": 86.1328125,
        "stdev": 1684.28820801
    },
    "spectral_skewness": {
        "max": 6.34356975555,
        "mean": 2.16584587097,
        "min": -0.351721972227,
        "stdev": 0.854506015778
    },
    "spectral_spread": {
        "max": 16976574,
        "mean": 4570345,
        "min": 1219523.625,
        "stdev": 2061104.125
    },
    "spectral_strongpeak": {
        "max": 12.9757986069,
        "mean": 1.15465390682,
        "min": 0.0248000249267,
        "stdev": 1.46043002605
    },
    "zerocrossingrate": {
        "max": 0.37939453125,
        "mean": 0.0510931797326,
        "min": 0.0048828125,
        "stdev": 0.0479528494179
    },
    "barkbands": {
        "max": [0.0171179752797, 0.129881635308, 0.0360430628061, 0.0783627033234, 0.110408581793, 0.109961360693, 0.0560678467155, 0.0189838409424, 0.0652517452836, 0.0917171910405, 0.026540312916, 0.0222856309265, 0.00616387836635, 0.00641982955858, 0.0111522916704, 0.00271292449906, 0.00139892078005, 0.00122178602032, 0.00113918399438, 0.00135849812068, 0.00187974923756, 0.00887355674058, 0.00976841058582, 0.0232898984104, 0.0134536391124, 0.00507009401917, 7.92136488599e-05],
        "mean": [0.000205657430342, 0.00291660940275, 0.00154283537995, 0.00220443867147, 0.00323350774124, 0.00340485665947, 0.000957134529017, 0.000720530573744, 0.00247294222936, 0.00304986885749, 0.00063390750438, 0.000451075233286, 0.00036282275687, 0.000262608547928, 0.000433073466411, 0.000182231218787, 0.000104129045212, 9.39327073866e-05, 6.99136871845e-05, 5.53294594283e-05, 6.05506174907e-05, 0.000128160245367, 0.000186788995052, 0.000190375110833, 0.000129282430862, 3.89808119508e-05, 8.80901666278e-07],
        "min": [3.58209156781e-10, 1.1280357981e-08, 3.89744023721e-08, 3.76376547706e-08, 1.01052069112e-06, 5.75356068566e-07, 9.67092773863e-07, 7.67380470279e-07, 1.5882092157e-06, 3.91128105548e-06, 9.06806576495e-07, 4.54024871033e-07, 1.13636770038e-06, 6.24461449661e-07, 3.29597241944e-07, 2.33047231291e-07, 2.9995925388e-07, 1.49253040149e-07, 7.60873533068e-08, 8.38785041424e-08, 5.65542137565e-08, 5.73281688787e-08, 4.00593904715e-08, 2.34583694692e-08, 1.6091100008e-08, 8.31961166625e-09, 7.21325985054e-11],
        "stdev": [0.00113442621659, 0.00896387454122, 0.00247033941559, 0.00608113221824, 0.00663854042068, 0.00680970633402, 0.00414842041209, 0.00143581081647, 0.00560914864764, 0.00861551705748, 0.001585875405, 0.00161175569519, 0.000582223932724, 0.000600331753958, 0.000980623532087, 0.00033080438152, 0.000179382332135, 0.000156531459652, 0.000118976742669, 0.00010962671513, 0.000168346683495, 0.000563116802368, 0.000737157592084, 0.00113859062549, 0.000811470730696, 0.000210149853956, 4.66440360469e-06]
    },
    "erbbands": {
        "max": [6.72187662125, 17.0996894836, 36.1776275635, 157.473434448, 290.1300354, 348.021850586, 406.149078369, 1371.0748291, 1023.78839111, 421.127075195, 503.057281494, 1364.35351562, 2624.4296875, 1319.93371582, 872.510559082, 968.739624023, 244.878997803, 370.461853027, 741.413085938, 93.848991394, 95.2791290283, 83.5920257568, 78.6229553223, 78.287399292, 68.9774093628, 55.2454109192, 80.5743637085, 192.972961426, 372.49810791, 287.185699463, 267.486297607, 357.805511475, 444.320556641, 218.822265625, 119.963401794, 26.4550819397, 7.53133773804, 0.837095439434, 0.0167019963264, 0.000872324511874],
        "mean": [0.0770345628262, 0.65819978714, 1.77983295918, 5.0386223793, 7.52939462662, 12.441573143, 13.7890930176, 37.6988525391, 18.7782058716, 16.732881546, 10.7505140305, 66.2150344849, 99.7261352539, 53.4943618774, 28.5357036591, 20.1000785828, 18.3036727905, 14.1206016541, 29.3106155396, 10.2187786102, 7.56709098816, 5.79397583008, 5.23327207565, 4.75244855881, 2.99358344078, 2.46801972389, 2.22003960609, 2.98868632317, 4.26203298569, 5.04911470413, 5.25018835068, 3.88980102539, 3.3570933342, 1.84674680233, 0.73584908247, 0.225414186716, 0.0617913864553, 0.00763359572738, 0.000182991978363, 3.67615757568e-05],
        "min": [4.41893320158e-07, 2.55171357821e-06, 5.44532995264e-05, 0.000248546915827, 0.00044169020839, 0.0029459791258, 0.0029360128101, 0.00672938348725, 0.00763591006398, 0.0179042760283, 0.0374477207661, 0.0680871754885, 0.119654044509, 0.139622434974, 0.0956861451268, 0.049758117646, 0.0591395609081, 0.0494413264096, 0.0439882874489, 0.0168013144284, 0.0202472005039, 0.0178182795644, 0.00928579736501, 0.00781708490103, 0.00422498537228, 0.00431487709284, 0.00284923426807, 0.00235823006369, 0.00194335496053, 0.00149522011634, 0.0009920806624, 0.000511514779646, 0.000387152686017, 0.000216952059418, 0.000101968144008, 2.93733010039e-05, 1.43676070365e-05, 1.19103151519e-06, 2.23939949251e-07, 2.03280492883e-07],
        "stdev": [0.409350216389, 1.56076741219, 2.52966380119, 12.4182014465, 18.3203678131, 27.7945785522, 23.5056228638, 82.278678894, 76.8645095825, 32.0092315674, 20.8630104065, 136.249084473, 304.958984375, 122.036727905, 61.5019264221, 67.4913024902, 28.2296714783, 26.4418449402, 65.176361084, 14.5038919449, 11.8961582184, 10.2619161606, 8.26339626312, 8.50969314575, 5.34910106659, 4.68573474884, 4.81406879425, 11.0778522491, 19.6975631714, 20.3276996613, 21.3296318054, 20.333486557, 20.9382801056, 11.5098562241, 4.91183996201, 1.22955930233, 0.340081572533, 0.0388619415462, 0.00086331134662, 5.68706927879e-05]
    },
    "gfcc": {
        "mean": [-48.7142982483, 105.095924377, -111.041122437, 6.86967086792, -70.8648986816, 16.9377555847, -47.3801460266, 1.77356386185, -29.007850647, -6.73503732681, -20.2153072357, -0.797901511192, -8.68154525757],
        "cov": [[7400.59570312, -809.001953125, 465.565124512, 720.674316406, -105.72883606, 523.752258301, 246.956588745, 423.244781494, 104.820793152, 223.713653564, -110.685691833, -32.5532264709, -155.147109985], [-809.001953125, 1622.29467773, -71.0925750732, -276.735076904, 338.977752686, -219.29057312, 138.66519165, -7.77591466904, 67.0764923096, -129.334106445, 249.686920166, -23.5479297638, 153.500030518], [465.565124512, -71.0925750732, 1436.03686523, 162.307647705, -107.416305542, 260.240661621, 48.2796936035, -8.21644020081, -21.7615127563, 99.1933288574, 5.1252040863, 160.964050293, -5.4852809906], [720.674316406, -276.735076904, 162.307647705, 615.763549805, 101.464820862, 178.944061279, 69.6280822754, 10.0269346237, 44.9436912537, 18.9197177887, -47.5176734924, -48.3846168518, -48.8440513611], [-105.72883606, 338.977752686, -107.416305542, 101.464820862, 479.727996826, 22.742559433, 88.9815444946, 101.926994324, 12.0209817886, 18.4688987732, 9.14846801758, -20.8776607513, -8.40210914612], [523.752258301, -219.29057312, 260.240661621, 178.944061279, 22.742559433, 362.74621582, 152.132476807, 78.1664886475, 79.0543060303, 78.9569854736, 12.936999321, 38.6138877869, -13.0683450699], [246.956588745, 138.66519165, 48.2796936035, 69.6280822754, 88.9815444946, 152.132476807, 198.984085083, 81.4194564819, 68.5466384888, 33.4893836975, 54.8359489441, 17.0540561676, 31.0303993225], [423.244781494, -7.77591466904, -8.21644020081, 10.0269346237, 101.926994324, 78.1664886475, 81.4194564819, 166.239425659, 50.9784545898, 46.9894828796, 20.1449279785, 21.436750412, 1.36767065525], [104.820793152, 67.0764923096, -21.7615127563, 44.9436912537, 12.0209817886, 79.0543060303, 68.5466384888, 50.9784545898, 119.281440735, 21.4128360748, 57.3501243591, 16.9604320526, 13.2262964249], [223.713653564, -129.334106445, 99.1933288574, 18.9197177887, 18.4688987732, 78.9569854736, 33.4893836975, 46.9894828796, 21.4128360748, 109.070304871, -1.66312050819, 27.2403926849, -7.26192951202], [-110.685691833, 249.686920166, 5.1252040863, -47.5176734924, 9.14846801758, 12.936999321, 54.8359489441, 20.1449279785, 57.3501243591, -1.66312050819, 127.845458984, 35.4759216309, 48.3878974915], [-32.5532264709, -23.5479297638, 160.964050293, -48.3846168518, -20.8776607513, 38.6138877869, 17.0540561676, 21.436750412, 16.9604320526, 27.2403926849, 35.4759216309, 105.34980011, 19.7607288361], [-155.147109985, 153.500030518, -5.4852809906, -48.8440513611, -8.40210914612, -13.0683450699, 31.0303993225, 1.36767065525, 13.2262964249, -7.26192951202, 48.3878974915, 19.7607288361, 79.0701065063]],
        "icov": [[0.000222950955504, -0.000142748423968, 2.69156771537e-05, -0.000317376106977, 0.000403489219025, -0.000133007531986, 1.8458941895e-06, -0.00078652164666, 0.000314094941132, -0.000272840377875, 0.000168661252246, 3.32679483108e-05, 0.000365042680642], [-0.000142748423968, 0.00286564766429, -0.000995394890197, 0.00157600629609, -0.00264668068849, 0.00210923794657, -0.00204138550907, 0.00196549249813, -0.00192016421352, 0.00252892915159, -0.00366374896839, 0.00273676100187, -0.00199265964329], [2.69156771537e-05, -0.000995394890197, 0.0014418293722, -0.000860472209752, 0.0010941978544, -0.0013929544948, 0.000794203544501, -0.000335778022418, 0.00163445039652, -0.00128797430079, 0.00104540295433, -0.00256685027853, 0.000743906188291], [-0.000317376106977, 0.00157600629609, -0.000860472209752, 0.00354340486228, -0.00234867050312, 0.000224947740207, -0.00116347905714, 0.00255514518358, -0.00258753309026, 0.00193698599469, -0.00103028607555, 0.00272838654928, -0.000793725310359], [0.000403489219025, -0.00264668068849, 0.0010941978544, -0.00234867050312, 0.00560344709083, -0.00130671961233, 0.000466397148557, -0.00431564263999, 0.00319166481495, -0.00270194769837, 0.00287114433013, -0.00213648122735, 0.00282075861469], [-0.000133007531986, 0.00210923794657, -0.0013929544948, 0.000224947740207, -0.00130671961233, 0.00794017501175, -0.00561365252361, 0.00120748241898, -0.00329441670328, 3.23082203977e-05, -0.00151706987526, 0.0011438234942, 0.000238820590312], [1.8458941895e-06, -0.00204138550907, 0.000794203544501, -0.00116347905714, 0.000466397148557, -0.00561365252361, 0.0127670476213, -0.00342860887758, 4.235612505e-05, -0.00142142293043, 0.000277934945188, -0.000654596602544, -0.00267040473409], [-0.00078652164666, 0.00196549249813, -0.000335778022418, 0.00255514518358, -0.00431564263999, 0.00120748241898, -0.00342860887758, 0.0133852288127, -0.00468911789358, -0.000226324351388, -0.00139379617758, -5.3428375395e-05, -0.00131894799415], [0.000314094941132, -0.00192016421352, 0.00163445039652, -0.00258753309026, 0.00319166481495, -0.00329441670328, 4.235612505e-05, -0.00468911789358, 0.0168105233461, -0.0026943362318, -0.00415669614449, -0.00236439076252, 0.00279331672937], [-0.000272840377875, 0.00252892915159, -0.00128797430079, 0.00193698599469, -0.00270194769837, 3.23082203977e-05, -0.00142142293043, -0.000226324351388, -0.0026943362318, 0.0148169659078, -0.00183837523218, 0.000523759750649, -0.00125202373601], [0.000168661252246, -0.00366374896839, 0.00104540295433, -0.00103028607555, 0.00287114433013, -0.00151706987526, 0.000277934945188, -0.00139379617758, -0.00415669614449, -0.00183837523218, 0.0194614864886, -0.00632876390591, -0.00295267230831], [3.32679483108e-05, 0.00273676100187, -0.00256685027853, 0.00272838654928, -0.00213648122735, 0.0011438234942, -0.000654596602544, -5.3428375395e-05, -0.00236439076252, 0.000523759750649, -0.00632876390591, 0.0176162235439, -0.00360644119792], [0.000365042680642, -0.00199265964329, 0.000743906188291, -0.000793725310359, 0.00282075861469, 0.000238820590312, -0.00267040473409, -0.00131894799415, 0.00279331672937, -0.00125202373601, -0.00295267230831, -0.00360644119792, 0.0203289408237]]
    },
    "melbands": {
        "max": [0.0457494668663, 0.016646116972, 0.0264120232314, 0.0288435593247, 0.0126431668177, 0.0266581214964, 0.0129772191867, 0.00366898928769, 0.00483087776229, 0.0105372071266, 0.0139971179888, 0.00574919627979, 0.00203091464937, 0.00189230660908, 0.00252714683302, 0.000809213030152, 0.000812514219433, 0.00131428486202, 0.000284107751213, 0.000252404483035, 7.07876242814e-05, 0.000108544059913, 4.96986613143e-05, 7.495405589e-05, 7.67828678363e-05, 4.77259054605e-05, 7.09026207915e-05, 4.26204351243e-05, 5.67945353396e-05, 4.32949054812e-05, 0.000164451339515, 0.000226848016609, 0.000141128737596, 0.000169509177795, 0.000142054850585, 0.000189093392692, 0.000248375057708, 0.000388733984437, 0.000186122240848, 0.000175567081897],
        "mean": [0.000743440701626, 0.000958957709372, 0.000936702184845, 0.000701766693965, 0.000543862290215, 0.000773411476985, 0.000255806895439, 0.000183938376722, 7.86497039371e-05, 0.000451613363111, 0.000496043707244, 0.000225990472245, 8.24752278277e-05, 5.97979233135e-05, 4.5673634304e-05, 3.47125569533e-05, 2.4191902412e-05, 4.95164458698e-05, 1.68401402334e-05, 1.6038726244e-05, 6.79645063428e-06, 6.64416211293e-06, 4.39201312474e-06, 4.420249752e-06, 3.81311292585e-06, 2.43923614107e-06, 1.86955594472e-06, 1.57540421242e-06, 1.40385873237e-06, 1.27186717691e-06, 1.94160043065e-06, 2.33677815231e-06, 2.61739842244e-06, 2.89750914817e-06, 3.1388797197e-06, 2.70372015621e-06, 2.25992448577e-06, 2.45211595029e-06, 1.92760694517e-06, 1.4528718566e-06],
        "min": [4.88354956474e-09, 3.21694457739e-08, 8.63959499497e-08, 1.40305274954e-07, 9.57130907864e-08, 1.29110105718e-07, 1.55313472305e-07, 2.20853152655e-07, 3.12277194325e-07, 3.46516941363e-07, 5.65374250527e-07, 5.30954594069e-07, 2.61580225924e-07, 1.53972194994e-07, 7.56692486448e-08, 9.53191516828e-08, 5.73183775998e-08, 6.24980032171e-08, 2.38644179973e-08, 1.53992818497e-08, 1.62006994486e-08, 1.67222502512e-08, 5.8879607856e-09, 7.59906271242e-09, 5.29294919005e-09, 2.64835353647e-09, 2.72654610001e-09, 2.13005457717e-09, 1.75256986701e-09, 1.11539866232e-09, 9.62957491524e-10, 1.03118580341e-09, 1.06374309361e-09, 6.36339314575e-10, 6.11956096908e-10, 3.56262630508e-10, 2.99469643528e-10, 2.91289964371e-10, 2.03294006629e-10, 1.39867326054e-10],
        "stdev": [0.00295419036411, 0.00142465403769, 0.00216594175436, 0.00156737398356, 0.000907474255655, 0.00164542079438, 0.00101336487569, 0.000352403032593, 0.000180798480869, 0.000963395868894, 0.00154502666555, 0.000543159723748, 0.000177368463483, 0.000163000906468, 0.000134007597808, 5.80216074013e-05, 5.70617012272e-05, 0.000110947221401, 2.88891078526e-05, 3.00002466247e-05, 1.03291722553e-05, 1.26170871226e-05, 6.5889198595e-06, 7.73186457081e-06, 7.11152324584e-06, 4.42194368588e-06, 4.35158835899e-06, 3.02169519273e-06, 3.13243526762e-06, 2.98798909171e-06, 8.40765005705e-06, 1.18367725008e-05, 1.07034938992e-05, 1.18333173305e-05, 1.30078178699e-05, 1.19801788969e-05, 1.37164479384e-05, 1.69191425812e-05, 1.12166544568e-05, 9.62073772826e-06]
    },
    "melbands128": {
        "max": [0.0157372392714, 0.0641445592046, 0.0564058944583, 0.0249010305852, 0.018109915778, 0.0179343055934, 0.0342414975166, 0.0373532250524, 0.0309911519289, 0.0473239831626, 0.0210858844221, 0.0244431681931, 0.0195490997285, 0.0158918015659, 0.0396331138909, 0.0358697250485, 0.0325461812317, 0.018881039694, 0.00948124099523, 0.00390397617593, 0.00607022922486, 0.00389906903729, 0.00834156014025, 0.00701348530129, 0.0148212909698, 0.0243391282856, 0.0204112417996, 0.0252568274736, 0.0284820515662, 0.0113757345825, 0.00983591098338, 0.00554649019614, 0.00203294446692, 0.00631828093901, 0.00440318835899, 0.00268037151545, 0.00536882225424, 0.00372390588745, 0.00120038574096, 0.000851368706208, 0.00148306332994, 0.000263181747869, 0.00147445080802, 0.00131452979986, 0.000951279478613, 0.00307949166745, 0.00123878836166, 0.000242312540649, 0.000138045856147, 0.000171570412931, 0.000559473410249, 0.000377053103875, 0.00014804667444, 0.000128406187287, 0.000125183811178, 0.000244330527494, 0.000168437196407, 7.76880551712e-05, 6.68457360007e-05, 0.000124734331621, 0.000114344569738, 0.000105320345028, 0.000134236586746, 0.000123013582197, 8.87020432856e-05, 6.87396386638e-05, 6.70909139444e-05, 3.57756689482e-05, 0.000143427430885, 8.32653749967e-05, 2.71201279247e-05, 8.22548390715e-05, 7.55222208682e-05, 5.15446445206e-05, 6.15786484559e-05, 4.23511155532e-05, 5.47067647858e-05, 7.82516071922e-05, 0.000120243443234, 0.000418055220507, 0.000171912222868, 0.000374970433768, 0.000202698342036, 0.000187657657079, 0.000202980227186, 0.00019615230849, 0.000193193074665, 0.000199528047233, 0.000163087592227, 0.000137372175232, 0.000231107405853, 0.000195826971321, 0.000175525463419, 0.000264989241259, 0.000312323652906, 0.000514448678587, 0.000538734951988, 0.000281279615592, 0.000175590714207, 0.00019422978221, 0.000377675518394, 0.000138148257975, 0.000147002312588, 0.000270615011686, 0.000132233006298, 9.23812549445e-05, 8.74062316143e-05, 4.87711913593e-05, 3.97662297473e-05, 5.35167710041e-05, 7.13798217475e-05, 2.61866989604e-05, 1.40980746437e-05, 1.42672188304e-05, 1.92459683603e-05, 8.52780794958e-06, 2.7499791031e-06, 5.66758231457e-08, 1.35079744723e-07, 4.47866170816e-07, 2.25737366577e-07, 1.23493791193e-07, 1.38385942705e-08, 1.01882313697e-09, 1.00909780532e-09, 9.99175409078e-10, 9.96705828982e-10, 9.93800708393e-10],
        "mean": [0.000188014499145, 0.000612446805462, 0.000859188090544, 0.00121054658666, 0.000945876119658, 0.000766880053561, 0.0010357578285, 0.00108373502735, 0.000659402634483, 0.00067424523877, 0.000723129836842, 0.000655234442092, 0.000322860985762, 0.000562788627576, 0.00117399462033, 0.000637307355646, 0.000358721212251, 0.000194804204511, 0.000112814865133, 0.000201557486434, 0.000240601759288, 5.98336773692e-05, 4.32828855992e-05, 7.2131449997e-05, 0.000449036044301, 0.000656872347463, 0.000338962039677, 0.000681618985254, 0.000364267005352, 0.000325972097926, 0.000165995326824, 4.51048690593e-05, 5.85798588872e-05, 0.000149620362208, 4.59798320662e-05, 3.40021324519e-05, 7.34303466743e-05, 3.27135094267e-05, 4.88619698444e-05, 3.9788250433e-05, 3.94610578951e-05, 8.21504090709e-06, 2.23047754844e-05, 3.75342606276e-05, 1.930594226e-05, 8.25292008813e-05, 4.4577398512e-05, 1.05166582216e-05, 6.64168464937e-06, 9.26160555537e-06, 2.52053196164e-05, 1.40489773912e-05, 4.56995257991e-06, 4.55747340311e-06, 7.66845187172e-06, 8.52440734889e-06, 3.62083187611e-06, 4.4281641749e-06, 3.83074211641e-06, 6.33669833405e-06, 3.84943314202e-06, 2.87487250716e-06, 6.63846321913e-06, 2.69857514468e-06, 2.18074001168e-06, 3.27042334902e-06, 1.76283265318e-06, 1.6074669702e-06, 2.36268965637e-06, 1.65807955455e-06, 1.14335625767e-06, 2.0559909899e-06, 1.39048427172e-06, 1.25535450479e-06, 1.39052406212e-06, 1.2096535329e-06, 1.15441309845e-06, 1.55339489538e-06, 2.02390447157e-06, 2.4705591386e-06, 2.0813847641e-06, 2.53568646258e-06, 2.37027688854e-06, 2.60006640929e-06, 2.88355317934e-06, 2.59869648289e-06, 2.9552381875e-06, 3.35427557729e-06, 3.33822845278e-06, 2.92449590233e-06, 2.65009839495e-06, 2.94452456728e-06, 2.01850093617e-06, 2.29605689128e-06, 2.22834205488e-06, 2.55471263699e-06, 2.43810154643e-06, 2.53730718214e-06, 1.9308517949e-06, 1.58956288487e-06, 1.70406451616e-06, 1.39668668453e-06, 1.21075345305e-06, 1.11927261059e-06, 7.68051449995e-07, 6.39263589619e-07, 4.92915035011e-07, 4.10321973732e-07, 3.64548895959e-07, 3.26719174382e-07, 3.06526459326e-07, 2.38377239725e-07, 1.62927307201e-07, 1.42633808764e-07, 1.26755722363e-07, 8.9156721117e-08, 3.34596741425e-08, 3.98474475638e-10, 3.22115445428e-10, 6.41961150905e-10, 4.20822904301e-10, 2.35779257229e-10, 3.58607588069e-11, 5.39766755597e-12, 4.55615579986e-12, 4.31164912801e-12, 4.18014277706e-12, 4.14556887082e-12],
        "min": [4.589855232e-11, 1.12169451505e-09, 4.94363161518e-10, 2.89725043956e-09, 2.35372565882e-09, 1.74384577889e-08, 3.17664294869e-08, 9.6696961549e-09, 1.22244800949e-08, 3.59049501242e-08, 2.62453259126e-08, 7.21369488588e-08, 7.90031577935e-08, 4.95585439353e-08, 4.21139354501e-08, 1.0209711121e-07, 2.39826540849e-08, 6.10812946888e-08, 6.08655881251e-08, 3.6099276457e-08, 1.05052414767e-07, 3.33065841573e-08, 1.86547719494e-08, 1.23550449871e-07, 1.22138729353e-07, 9.72259144305e-08, 6.7461918718e-08, 1.70893912355e-07, 1.60066178978e-07, 2.22024368668e-07, 3.70568820074e-08, 5.06277224588e-08, 7.21827859707e-08, 1.35806345725e-07, 7.77765052362e-08, 5.12929343444e-09, 9.01520635921e-09, 2.54915910602e-08, 8.10214686453e-08, 5.41495879247e-08, 1.35874875795e-08, 2.91726998114e-08, 1.10747171433e-08, 1.74991718893e-08, 1.34880266955e-08, 7.8563928696e-09, 2.18406466246e-08, 2.17654765322e-08, 4.95431118352e-09, 5.67369484727e-09, 1.03912380922e-08, 1.11724816065e-08, 4.74213512902e-09, 7.72823138817e-09, 1.30874600046e-08, 4.11582412596e-09, 5.3079980411e-09, 4.24726387394e-09, 4.35651159592e-09, 2.38881092685e-09, 2.19058948758e-09, 3.40120442921e-09, 4.27156710003e-09, 2.49232745553e-09, 2.68500266465e-09, 1.23436705302e-09, 1.79543779844e-09, 1.31872368581e-09, 1.18806819938e-09, 9.03787045203e-10, 1.22402932234e-09, 8.26610113691e-10, 8.30885082959e-10, 9.24505472177e-10, 1.34383448813e-09, 7.01618263488e-10, 4.80319839458e-10, 7.55178475309e-10, 8.32639512893e-10, 5.53716184015e-10, 5.09248532232e-10, 5.10840481027e-10, 7.18760606588e-10, 5.16767406644e-10, 5.34602861979e-10, 2.40470643398e-10, 4.72118455441e-10, 3.32593980135e-10, 4.11595396654e-10, 3.43232942068e-10, 2.41543951507e-10, 2.53195353572e-10, 2.43839559655e-10, 5.59752973139e-11, 2.09975203891e-10, 1.56284651887e-10, 1.352266632e-10, 2.72844330462e-10, 1.54141657771e-10, 1.27405183625e-10, 9.33038785123e-11, 1.17013732037e-10, 2.97193623877e-11, 6.04070057864e-11, 8.83039405486e-11, 7.79819611663e-11, 3.4981389313e-11, 2.89646154283e-11, 2.17765701305e-11, 1.93265889403e-12, 4.4439091621e-13, 4.44263847715e-13, 4.09228125562e-13, 5.26205543982e-13, 5.37716084766e-13, 3.14945687802e-13, 3.24779699662e-13, 2.26332597412e-13, 1.74936901445e-13, 2.09928699858e-13, 1.9753071249e-13, 2.46592297363e-13, 2.12036565064e-13, 2.15139700759e-13, 1.84212874447e-13, 5.03268250912e-14, 7.14949763481e-15, 3.31609375444e-16],
        "stdev": [0.00106681848411, 0.00386115768924, 0.0037941832561, 0.00247768545523, 0.0015248284908, 0.00138543627691, 0.00275569944642, 0.00303348829038, 0.00188028486446, 0.00223914999515, 0.00181966158561, 0.00159190257546, 0.000855432183016, 0.00109252193943, 0.00264534424059, 0.00196561473422, 0.00217997003347, 0.000928381399717, 0.000432698026998, 0.000410655949963, 0.000520751927979, 0.000168234022567, 0.000240371169639, 0.000279587315163, 0.00104665872641, 0.00167935073841, 0.00152588356286, 0.00269325287081, 0.00162036553957, 0.000827486161143, 0.000658114149701, 0.000250129989581, 0.000131005712319, 0.000402283709263, 0.000238202264882, 0.000160309267812, 0.000366115011275, 0.000164814322488, 0.000107896070404, 7.17214861652e-05, 8.40879947646e-05, 1.69608174474e-05, 6.99706142768e-05, 0.000112154724775, 6.76277340972e-05, 0.000225131516345, 0.000108272397483, 1.96517303266e-05, 1.23410281958e-05, 1.75010136445e-05, 5.59209256608e-05, 3.12618394673e-05, 1.11469616968e-05, 9.01671319298e-06, 1.3303236301e-05, 2.0948387828e-05, 1.04278215076e-05, 8.33605190564e-06, 6.38865276414e-06, 1.12932939373e-05, 9.73934038484e-06, 7.11829170541e-06, 1.53178807523e-05, 6.11477798884e-06, 4.89636340717e-06, 6.88016143613e-06, 3.85004432246e-06, 3.87776208299e-06, 7.37378104532e-06, 4.61073523184e-06, 2.13875250665e-06, 5.17535636391e-06, 3.77669948648e-06, 3.33718594447e-06, 3.69143776879e-06, 2.69226052296e-06, 3.2210655263e-06, 5.41841291124e-06, 8.98746384337e-06, 1.50622699948e-05, 1.05109238575e-05, 1.49659854287e-05, 1.09644779513e-05, 1.13528012662e-05, 1.2241512195e-05, 1.11870731416e-05, 1.31522956508e-05, 1.45814965435e-05, 1.43984552778e-05, 1.22929986901e-05, 1.28404044517e-05, 1.41835043905e-05, 1.08401845864e-05, 1.46175925693e-05, 1.50145424413e-05, 2.15518375626e-05, 1.87065616046e-05, 1.62117921718e-05, 1.13783107736e-05, 1.10947994472e-05, 1.38420118674e-05, 9.13444364414e-06, 8.76081321621e-06, 9.83206336969e-06, 5.17494117958e-06, 4.04212323701e-06, 3.14102499033e-06, 2.14310466617e-06, 1.91600179278e-06, 1.91419781004e-06, 2.33359492086e-06, 1.41553880439e-06, 8.58420889926e-07, 8.32709361021e-07, 7.69327698436e-07, 4.32535330219e-07, 1.74552013732e-07, 2.89406365539e-09, 4.62226346087e-09, 1.33951694181e-08, 7.69670194245e-09, 3.9979903832e-09, 4.63990540434e-10, 4.15760412209e-11, 3.83325003683e-11, 3.79952250218e-11, 3.78782838428e-11, 3.77688470776e-11]
    },
    "mfcc": {
        "mean": [-695.585144043, 141.902328491, 10.0228729248, -3.40527701378, -1.15189158916, 1.94663286209, -7.22529459, 1.92513108253, -6.44996881485, -3.38115978241, -9.80832862854, -9.53065013885, -8.33255577087],
        "cov": [[7511.71289062, -1252.85510254, 238.707260132, 328.092346191, 39.4998207092, 194.385513306, 208.449661255, 279.319519043, 182.80619812, 511.944824219, 148.876052856, -25.4860744476, 17.7702445984], [-1252.85510254, 1777.02355957, -242.591278076, -55.1997528076, 81.1868438721, -227.673904419, 104.703735352, 2.20811343193, -77.8579101562, -48.1193351746, -51.2526550293, -0.797573268414, 92.8760681152], [238.707260132, -242.591278076, 1376.20458984, 15.7107934952, -5.60814476013, 237.25642395, 24.8318557739, 51.2590446472, 5.8759393692, -87.8641815186, 27.7392635345, 104.729454041, 36.0140724182], [328.092346191, -55.1997528076, 15.7107934952, 372.225860596, 145.769104004, 82.4343032837, 52.4697875977, 22.5957374573, 32.1686515808, 24.6393222809, 10.1000652313, -9.72188663483, -7.38423204422], [39.4998207092, 81.1868438721, -5.60814476013, 145.769104004, 232.22026062, 67.65650177, 82.9072723389, 49.1607246399, 52.034526825, 29.8308963776, 35.5049629211, 19.0206031799, 27.9440097809], [194.385513306, -227.673904419, 237.25642395, 82.4343032837, 67.65650177, 265.244842529, 83.5694046021, 71.5829772949, 69.4839935303, 38.1384353638, 52.437702179, 45.3595428467, 29.4114990234], [208.449661255, 104.703735352, 24.8318557739, 52.4697875977, 82.9072723389, 83.5694046021, 182.484848022, 68.5391464233, 78.8503952026, 59.3240852356, 40.0794906616, 28.9659061432, 33.0304641724], [279.319519043, 2.20811343193, 51.2590446472, 22.5957374573, 49.1607246399, 71.5829772949, 68.5391464233, 150.675598145, 48.116027832, 55.6022338867, 39.4148712158, 43.2247390747, 40.7276306152], [182.80619812, -77.8579101562, 5.8759393692, 32.1686515808, 52.034526825, 69.4839935303, 78.8503952026, 48.116027832, 123.562614441, 54.8324279785, 45.9878768921, 26.6630134583, 26.6912841797], [511.944824219, -48.1193351746, -87.8641815186, 24.6393222809, 29.8308963776, 38.1384353638, 59.3240852356, 55.6022338867, 54.8324279785, 133.516220093, 45.0606994629, 12.729016304, 15.849946022], [148.876052856, -51.2526550293, 27.7392635345, 10.1000652313, 35.5049629211, 52.437702179, 40.0794906616, 39.4148712158, 45.9878768921, 45.0606994629, 88.2760696411, 42.9278717041, 24.9344730377], [-25.4860744476, -0.797573268414, 104.729454041, -9.72188663483, 19.0206031799, 45.3595428467, 28.9659061432, 43.2247390747, 26.6630134583, 12.729016304, 42.9278717041, 85.3488616943, 41.037071228], [17.7702445984, 92.8760681152, 36.0140724182, -7.38423204422, 27.9440097809, 29.4114990234, 33.0304641724, 40.7276306152, 26.6912841797, 15.849946022, 24.9344730377, 41.037071228, 99.2852325439]],
        "icov": [[0.000244979339186, 0.000190412465599, -0.00013052248687, -0.000203071482247, 0.000129612002638, 0.000307052367134, -0.000232099264394, -0.000244722148636, 0.000211850259802, -0.000917893194128, -4.2903720896e-05, 0.000416520982981, -0.000211365302675], [0.000190412465599, 0.00103214127012, -4.35451838712e-05, -3.95758106606e-05, -0.000297671009321, 0.00116273900494, -0.00133014365565, -0.00024243707594, 0.00103989650961, -0.000363681116141, 0.000264177622739, 0.000264726288151, -0.00110270257574], [-0.00013052248687, -4.35451838712e-05, 0.00111048982944, 9.64389837463e-05, 0.000151586049469, -0.0010945253307, 2.46439558396e-05, 7.40673021937e-06, 0.000160835625138, 0.0014438291546, 0.000167412945302, -0.00127769308165, 0.000151115527842], [-0.000203071482247, -3.95758106606e-05, 9.64389837463e-05, 0.00404217420146, -0.00257783033885, -0.0010503170779, 0.000108326748887, 0.000378900178475, 1.77581898697e-06, 0.00040413721581, 0.000631503236946, 0.000430289481301, 0.000782785296906], [0.000129612002638, -0.000297671009321, 0.000151586049469, -0.00257783033885, 0.00722696585581, -0.000375396746676, -0.00140248762909, -0.000807689444628, -0.0008395028417, 0.000337192963343, -0.00153879076242, 0.000355072552338, -0.000704836507794], [0.000307052367134, 0.00116273900494, -0.0010945253307, -0.0010503170779, -0.000375396746676, 0.00764414807782, -0.00246118521318, -0.00141933886334, -0.000334492418915, -0.00108049646951, -0.00109876471106, 0.000275850004982, -0.00115716061555], [-0.000232099264394, -0.00133014365565, 2.46439558396e-05, 0.000108326748887, -0.00140248762909, -0.00246118521318, 0.0109724439681, -0.00114080111962, -0.00475274771452, -0.00115008698776, 0.000212053768337, -0.000474964646855, 0.000830740784295], [-0.000244722148636, -0.00024243707594, 7.40673021937e-06, 0.000378900178475, -0.000807689444628, -0.00141933886334, -0.00114080111962, 0.0105376709253, -0.000394522416173, -0.00200578849763, 0.000357133889338, -0.0031619137153, -0.00135578087065], [0.000211850259802, 0.00103989650961, 0.000160835625138, 1.77581898697e-06, -0.0008395028417, -0.000334492418915, -0.00475274771452, -0.000394522416173, 0.0147605706006, -0.00268085999414, -0.00279787159525, 0.000160127994604, -0.00189423712436], [-0.000917893194128, -0.000363681116141, 0.0014438291546, 0.00040413721581, 0.000337192963343, -0.00108049646951, -0.00115008698776, -0.00200578849763, -0.00268085999414, 0.0157407168299, -0.00413730274886, 0.000177228255779, 0.000615041644778], [-4.2903720896e-05, 0.000264177622739, 0.000167412945302, 0.000631503236946, -0.00153879076242, -0.00109876471106, 0.000212053768337, 0.000357133889338, -0.00279787159525, -0.00413730274886, 0.0198978632689, -0.00798968132585, 6.17043997408e-06], [0.000416520982981, 0.000264726288151, -0.00127769308165, 0.000430289481301, 0.000355072552338, 0.000275850004982, -0.000474964646855, -0.0031619137153, 0.000160127994604, 0.000177228255779, -0.00798968132585, 0.0216072425246, -0.00554894655943], [-0.000211365302675, -0.00110270257574, 0.000151115527842, 0.000782785296906, -0.000704836507794, -0.00115716061555, 0.000830740784295, -0.00135578087065, -0.00189423712436, 0.000615041644778, 6.17043997408e-06, -0.00554894655943, 0.0146687105298]]
    },
    "spectral_contrast_coeffs": {
        "max": [-0.297856599092, -0.460809111595, -0.471273332834, -0.619705021381, -0.674153387547, -0.697642028332],
        "mean": [-0.667905509472, -0.72368735075, -0.722314894199, -0.793601751328, -0.808964848518, -0.802837908268],
        "min": [-0.885819375515, -0.940686285496, -0.913834750652, -0.904070794582, -0.896122038364, -0.887518405914],
        "stdev": [0.0913192853332, 0.0874172598124, 0.0899090394378, 0.0482532940805, 0.0391472652555, 0.0327638052404]
    },
    "spectral_contrast_valleys": {
        "max": [-5.10818433762, -5.3114771843, -5.86048460007, -6.37653446198, -6.64086437225, -7.18194675446],
        "mean": [-7.19700098038, -7.01833438873, -7.64969921112, -8.05192470551, -8.51794815063, -10.6294784546],
        "min": [-11.4230260849, -9.18729400635, -9.63151836395, -10.0468759537, -10.5843372345, -13.4740200043],
        "stdev": [1.07513999939, 0.726745784283, 0.710758209229, 0.856333434582, 0.977649867535, 1.15157926083]
    }
},
"rhythm": {
    "beats_count": 78,
    "beats_loudness": {
        "max": 0.139845326543,
        "mean": 0.0346653200686,
        "min": 0.000427461578511,
        "stdev": 0.0321088470519
    },
    "bpm": 150.53968811,
    "bpm_histogram_first_peak_bpm": 152,
    "bpm_histogram_first_peak_weight": 0.41509437561,
    "bpm_histogram_second_peak_bpm": 136,
    "bpm_histogram_second_peak_spread": 0.357142865658,
    "bpm_histogram_second_peak_weight": 0.11688311398,
    "danceability": 0.920933544636,
    "onset_rate": 3.22998023033,
    "beats_loudness_band_ratio": {
        "max": [0.942066311836, 0.984047710896, 0.726920247078, 0.680580317974, 0.750973284245, 0.933571457863],
        "mean": [0.342570185661, 0.275491446257, 0.174515485764, 0.135833546519, 0.0598570331931, 0.0580045320094],
        "min": [0.00257943989709, 0.0089010046795, 0.00405853847042, 0.000331745803123, 0.000220505491598, 0.000465244258521],
        "stdev": [0.302113801241, 0.24944370985, 0.158033505082, 0.134727820754, 0.111787393689, 0.161446288228]
    },
