{
"metadata": {
    "version": {
        "essentia": "2.1-beta5",
        "essentia_git_sha": "Undefined",
        "extractor": "music 2.0"
    },
    "audio_properties": {
        "analysis": {
            "equal_loudness": 0,
            "length": 48.7502937317,
            "sample_rate": 44100,
            "start_time": 61.4980506897,
            "downmix": "mix"
        },
        "bit_rate": 192000,
        "length": 201.491165161,
        "lossless": 0,
        "number_channels": 2,
        "replay_gain": -5.80078697205,
        "sample_rate": 48000,
        "codec": "mp3",
        "md5_encoded": "4f6c91c2dca9261204695646b250d248"
    },
    "tags": {
        "file_name": "Lithuania_C_est Ma Vie_Evelina Sašenko.mp3",
        "encoding": ["Lavf58.29.100"]
    }
},
"lowlevel": {
    "average_loudness": 0.318877875805,
    "barkbands_crest": {
        "max": 26.4486217499,
        "mean": 14.4911966324,
        "min": 3.13473153114,
        "stdev": 5.48549747467
    },
    "barkbands_flatness_db": {
        "max": 0.432258218527,
        "mean": 0.196375876665,
        "min": 0.034371830523,
        "stdev": 0.0628177374601
    },
    "barkbands_kurtosis": {
        "max": 475.122833252,
        "mean": 13.7723817825,
        "min": -1.95659053326,
        "stdev": 27.4624214172
    },
    "barkbands_skewness": {
        "max": 18.6618442535,
        "mean": 2.00484800339,
        "min": -9.23707675934,
        "stdev": 2.27220082283
    },
    "barkbands_spread": {
        "max": 98.0252838135,
        "mean": 13.367732048,
        "min": 0.228480055928,
        "stdev": 13.5790061951
    },
    "dissonance": {
        "max": 0.499813616276,
        "mean": 0.425371617079,
        "min": 0.197187498212,
        "stdev": 0.0502440333366
    },
    "dynamic_complexity": 5.46209669113,
    "erbbands_crest": {
        "max": 31.2800102234,
        "mean": 15.6932973862,
        "min": 3.52597737312,
        "stdev": 6.50635957718
    },
    "erbbands_flatness_db": {
        "max": 0.397713989019,
        "mean": 0.231113791466,
        "min": 0.0642905905843,
        "stdev": 0.0633035078645
    },
    "erbbands_kurtosis": {
        "max": 116.190757751,
        "mean": 5.78283166885,
        "min": -1.8977496624,
        "stdev": 10.5920495987
    },
    "erbbands_skewness": {
        "max": 8.44013500214,
        "mean": 1.2402523756,
        "min": -6.39269399643,
        "stdev": 1.56012785435
    },
    "erbbands_spread": {
        "max": 138.268280029,
        "mean": 24.170999527,
        "min": 1.23385643959,
        "stdev": 19.2950153351
    },
    "hfc": {
        "max": 348.202056885,
        "mean": 16.8631706238,
        "min": 0.00812098290771,
        "stdev": 24.4997310638
    },
    "loudness_ebu128": {
        "integrated": -18.4208202362,
        "loudness_range": 9.00944423676,
        "momentary": {
            "max": -11.5728111267,
            "mean": -21.5722141266,
            "min": -46.1608505249,
            "stdev": 6.15518903732
        },
        "short_term": {
            "max": -14.8152933121,
            "mean": -20.2988681793,
            "min": -32.7383041382,
            "stdev": 3.63652658463
        }
    },
    "melbands_crest": {
        "max": 32.4342002869,
        "mean": 17.4968852997,
        "min": 4.10241127014,
        "stdev": 6.57365131378
    },
    "melbands_flatness_db": {
        "max": 0.49871712923,
        "mean": 0.247329965234,
        "min": 0.0419092662632,
        "stdev": 0.068878903985
    },
    "melbands_kurtosis": {
        "max": 320.660369873,
        "mean": 21.381111145,
        "min": -1.95827484131,
        "stdev": 33.9716796875
    },
    "melbands_skewness": {
        "max": 15.0394010544,
        "mean": 2.41862201691,
        "min": -3.37207603455,
        "stdev": 2.28997087479
    },
    "melbands_spread": {
        "max": 259.432678223,
        "mean": 19.0331821442,
        "min": 0.414882898331,
        "stdev": 26.3141593933
    },
    "pitch_salience": {
        "max": 0.86379724741,
        "mean": 0.49864205718,
        "min": 0.0611767061055,
        "stdev": 0.152104094625
    },
    "silence_rate_20dB": {
        "max": 1,
        "mean": 1,
        "min": 1,
        "stdev": 0
    },
    "silence_rate_30dB": {
        "max": 1,
        "mean": 0.996192276478,
        "min": 0,
        "stdev": 0.0615878887475
    },
    "silence_rate_60dB": {
        "max": 1,
        "mean": 0.22655877471,
        "min": 0,
        "stdev": 0.418605029583
    },
    "spectral_centroid": {
        "max": 8380.68945312,
        "mean": 1108.21032715,
        "min": 280.545440674,
        "stdev": 716.468322754
    },
    "spectral_complexity": {
        "max": 29,
        "mean": 8.78200817108,
        "min": 0,
        "stdev": 5.60198307037
    },
    "spectral_decrease": {
        "max": -4.40119251807e-12,
        "mean": -4.30467839152e-09,
        "min": -4.77869335214e-08,
        "stdev": 4.9887112219e-09
    },
    "spectral_energy": {
        "max": 0.187693268061,
        "mean": 0.0177763849497,
        "min": 1.8949740479e-05,
        "stdev": 0.0202777646482
    },
    "spectral_energyband_high": {
        "max": 0.0372164323926,
        "mean": 0.000432246859418,
        "min": 3.0343958457e-08,
        "stdev": 0.00162298884243
    },
    "spectral_energyband_low": {
        "max": 0.0581184886396,
        "mean": 0.00136411003768,
        "min": 1.82146365546e-07,
        "stdev": 0.00375713827088
    },
    "spectral_energyband_middle_high": {
        "max": 0.102195344865,
        "mean": 0.00666820630431,
        "min": 6.08229186128e-07,
        "stdev": 0.012777720578
    },
    "spectral_energyband_middle_low": {
        "max": 0.182111188769,
        "mean": 0.00937727000564,
        "min": 6.23337200523e-06,
        "stdev": 0.0148469489068
    },
    "spectral_entropy": {
        "max": 8.86698722839,
        "mean": 6.89115285873,
        "min": 4.7844543457,
        "stdev": 0.622897684574
    },
    "spectral_flux": {
        "max": 0.36621466279,
        "mean": 0.0570187047124,
        "min": 0.00131804135162,
        "stdev": 0.0478033423424
    },
    "spectral_kurtosis": {
        "max": 42.2020454407,
        "mean": 7.09214639664,
        "min": -1.43076908588,
        "stdev": 4.87022256851
    },
    "spectral_rms": {
        "max": 0.013532012701,
        "mean": 0.0035562904086,
        "min": 0.000135968934046,
        "stdev": 0.00216693570837
    },
    "spectral_rolloff": {
        "max": 14104.2480469,
        "mean": 1419.52929688,
        "min": 215.33203125,
        "stdev": 1748.45849609
    },
    "spectral_skewness": {
        "max": 5.42668914795,
        "mean": 2.06653666496,
        "min": -0.76858061552,
        "stdev": 0.672546088696
    },
    "spectral_spread": {
        "max": 16753654,
        "mean": 4540071.5,
        "min": 1531039,
        "stdev": 1974009.5
    },
    "spectral_strongpeak": {
        "max": 14.3529529572,
        "mean": 2.12480545044,
        "min": 0,
        "stdev": 2.35938000679
    },
    "zerocrossingrate": {
        "max": 0.45703125,
        "mean": 0.0570712685585,
        "min": 0.009765625,
        "stdev": 0.0505927614868
    },
    "barkbands": {
        "max": [0.0148112718016, 0.0405033491552, 0.0153572764248, 0.00392818171531, 0.03813585639, 0.16026237607, 0.136498004198, 0.0506335832179, 0.0268618278205, 0.0235458835959, 0.0364489331841, 0.0737677440047, 0.0709267258644, 0.0232985969633, 0.0336766429245, 0.017702344805, 0.00439282972366, 0.00357169983909, 0.00276505341753, 0.00291125290096, 0.00133338919841, 0.00119978783187, 0.00445081247017, 0.0187045522034, 0.0137524222955, 0.00283254147507, 0.000710683874786],
        "mean": [0.000192929684999, 0.000759263290092, 0.000371975271264, 0.000172028827365, 0.00119649257977, 0.00315788341686, 0.00350726163015, 0.000710515596438, 0.00057440076489, 0.000519582943525, 0.000438651768491, 0.00246513541788, 0.000981041230261, 0.000666072766762, 0.000792702077888, 0.000395476701669, 0.00015875484678, 0.000103297323221, 0.000125004720758, 0.000115302522318, 6.39075587969e-05, 1.68832903e-05, 5.78997714911e-05, 0.000142053802847, 7.28630911908e-05, 1.61142979778e-05, 2.9080188142e-06],
        "min": [6.78097356044e-10, 3.39937966665e-09, 1.14389511197e-08, 7.80277815693e-08, 2.11598171518e-06, 6.82813833919e-07, 2.89840102141e-07, 4.84648765564e-08, 4.11377456544e-08, 2.11618171875e-08, 3.08297636309e-08, 5.04082962038e-08, 2.39344437603e-08, 1.97734379981e-08, 3.16031751879e-08, 1.56323505252e-08, 1.82889579037e-08, 1.31465043296e-08, 7.68144126084e-09, 5.91754645285e-09, 2.53674259376e-09, 2.73168554443e-09, 3.02872327218e-09, 1.53834600614e-09, 6.34660213272e-10, 1.08075071115e-09, 6.03287350631e-11],
        "stdev": [0.000976713025011, 0.00238020578399, 0.00131001265254, 0.000402238685638, 0.00283249444328, 0.00796497613192, 0.0105394721031, 0.00254306523129, 0.00185502576642, 0.00188444193918, 0.00181988859549, 0.00694007659331, 0.00578278489411, 0.00208526989445, 0.00290298461914, 0.00138692301698, 0.000450068910141, 0.000206591794267, 0.000251376623055, 0.00024566470529, 0.000148052538862, 7.11258107913e-05, 0.000278164312476, 0.000734219269361, 0.000536803738214, 0.000129814419779, 2.52855006693e-05]
    },
    "erbbands": {
        "max": [2.12120103836, 5.46868419647, 18.3566932678, 14.0645551682, 25.714548111, 187.212753296, 326.964996338, 1771.59411621, 2416.84521484, 1173.98339844, 708.378845215, 816.35546875, 513.964416504, 1040.26818848, 1753.37084961, 2598.24584961, 3470.84716797, 868.418579102, 1795.98632812, 1092.84619141, 1208.21533203, 300.558837891, 160.422271729, 124.835884094, 139.021530151, 118.29511261, 99.1219482422, 66.3793640137, 48.8659706116, 81.3103408813, 153.455551147, 391.256256104, 253.087203979, 183.799911499, 80.9024276733, 17.0762805939, 5.45553588867, 1.41512739658, 0.137647330761, 0.0034397020936],
        "mean": [0.0240779202431, 0.163065984845, 0.464626848698, 0.476522743702, 1.68182182312, 4.57367897034, 10.1515045166, 32.4187011719, 57.8550415039, 27.9542198181, 13.8264360428, 12.6225910187, 12.0515403748, 20.2948970795, 51.3651275635, 82.6640090942, 47.1400260925, 22.030166626, 55.8425865173, 24.249792099, 23.7675704956, 10.0198974609, 5.85049724579, 6.97959852219, 5.40459918976, 5.3520450592, 4.42526912689, 1.02950155735, 0.583995044231, 0.875175893307, 1.88883006573, 2.8366997242, 2.2627222538, 1.0128210783, 0.430671989918, 0.108983397484, 0.0232058763504, 0.00463570049033, 0.000542061228771, 3.7833728129e-05],
        "min": [3.42507121331e-07, 2.57141095972e-06, 5.03350711369e-05, 0.000427057646448, 0.00245349574834, 0.00806252565235, 0.0115369381383, 0.00624675303698, 0.00351572432555, 0.00584223167971, 0.0012743944535, 0.000920383085031, 0.000832128629554, 0.00186722213402, 0.00203243736178, 0.00227533304133, 0.00150645361282, 0.00114204653073, 0.00163366703782, 0.00108415319119, 0.00145326263737, 0.00102880632039, 0.000835691520479, 0.000609416107181, 0.000409015337937, 0.00028871698305, 0.000153407934704, 0.000102031197457, 9.96603848762e-05, 8.04357187008e-05, 8.05916351965e-05, 5.05154494022e-05, 1.61795105669e-05, 7.49771015762e-06, 5.50455115444e-06, 3.19823993777e-06, 2.04400521397e-06, 6.35955132111e-07, 5.12859372748e-08, 2.74177569537e-08],
        "stdev": [0.108850806952, 0.45830065012, 1.56969988346, 1.02473223209, 3.35743045807, 12.7436485291, 27.0432624817, 83.8914031982, 182.59866333, 64.6572265625, 41.3057365417, 43.1437416077, 33.7836608887, 74.8584671021, 144.233886719, 222.261138916, 259.803497314, 60.9023628235, 178.166503906, 81.7511520386, 84.0413131714, 27.5366802216, 11.702167511, 12.9111652374, 10.4664182663, 11.0032262802, 9.78290462494, 2.65541291237, 2.39299631119, 4.07513141632, 9.1127166748, 16.0943012238, 10.6431541443, 6.47345304489, 3.60521316528, 0.911892175674, 0.197738945484, 0.0416846163571, 0.00450824014843, 0.000121220909932]
    },
    "gfcc": {
        "mean": [-87.072265625, 82.1153259277, -129.320556641, -4.82504272461, -71.1755523682, -2.73780441284, -57.355922699, 3.1446056366, -35.2292671204, -2.43349170685, 2.45112109184, -8.47020435333, -1.46851098537],
        "cov": [[8615.28417969, -1287.71716309, -580.951965332, 544.28338623, 371.089813232, 490.944274902, 127.319953918, 524.976928711, 186.734558105, 467.792114258, 56.6019592285, -290.536590576, 208.523483276], [-1287.71716309, 1696.26489258, 166.034729004, 201.023971558, 312.9503479, -59.3347816467, 225.836303711, 26.9875812531, 128.581558228, -55.8525886536, 203.229232788, 56.5599632263, 67.7553787231], [-580.951965332, 166.034729004, 1356.3515625, 460.845794678, -140.37210083, 125.126800537, -102.96396637, 64.2744140625, 378.478912354, -125.598464966, -168.476882935, 363.727935791, -197.552108765], [544.28338623, 201.023971558, 460.845794678, 730.532226562, 185.909957886, 131.45475769, 25.9114532471, 127.36995697, 316.004058838, -46.4553413391, -116.592948914, 125.19329071, -52.6693649292], [371.089813232, 312.9503479, -140.37210083, 185.909957886, 426.552429199, 122.341041565, 133.323654175, 56.3679046631, -33.765007019, 66.387802124, 13.2828683853, -75.8014297485, 48.3486976624], [490.944274902, -59.3347816467, 125.126800537, 131.45475769, 122.341041565, 351.558319092, 117.998764038, -3.08806967735, 2.34776568413, 46.9767799377, -11.4454288483, -21.496175766, -28.9172039032], [127.319953918, 225.836303711, -102.96396637, 25.9114532471, 133.323654175, 117.998764038, 340.791351318, 10.3754816055, -148.569076538, 46.9363212585, 70.8403625488, -58.7612190247, 22.4075527191], [524.976928711, 26.9875812531, 64.2744140625, 127.36995697, 56.3679046631, -3.08806967735, 10.3754816055, 225.773574829, 121.640686035, 22.5501270294, 18.2473239899, 9.49789810181, 7.07269430161], [186.734558105, 128.581558228, 378.478912354, 316.004058838, -33.765007019, 2.34776568413, -148.569076538, 121.640686035, 437.306030273, -50.3029556274, -68.5362854004, 160.275924683, -71.1067199707], [467.792114258, -55.8525886536, -125.598464966, -46.4553413391, 66.387802124, 46.9767799377, 46.9363212585, 22.5501270294, -50.3029556274, 143.257354736, 57.7168235779, -68.3867492676, 33.8557090759], [56.6019592285, 203.229232788, -168.476882935, -116.592948914, 13.2828683853, -11.4454288483, 70.8403625488, 18.2473239899, -68.5362854004, 57.7168235779, 245.071884155, -49.9802284241, 70.9243164062], [-290.536590576, 56.5599632263, 363.727935791, 125.19329071, -75.8014297485, -21.496175766, -58.7612190247, 9.49789810181, 160.275924683, -68.3867492676, -49.9802284241, 224.028549194, -36.7722892761], [208.523483276, 67.7553787231, -197.552108765, -52.6693649292, 48.3486976624, -28.9172039032, 22.4075527191, 7.07269430161, -71.1067199707, 33.8557090759, 70.9243164062, -36.7722892761, 160.748260498]],
        "icov": [[0.000243733113166, 0.000233323502471, 9.92154164123e-05, -0.000197826084332, -3.08011949528e-05, -0.000183604366612, -8.87307978701e-05, -0.000335717544658, -0.000207320772461, -0.000442172487965, -7.74039654061e-05, 0.00011779932538, -0.000291510979878], [0.000233323502471, 0.00159612239804, -0.000512860715389, 0.000190749706235, -0.00151612516493, 0.000876207544934, -0.001356458175, 0.000619197497144, -0.0015425857855, 0.00079503073357, -0.00140180019662, 0.000711007684004, -0.000836408056784], [9.92154164123e-05, -0.000512860715389, 0.0022850187961, -0.00102969910949, 0.00123566295952, -0.00129004777409, 0.000802003662102, -0.000910621194635, 0.000748931313865, -0.000750035978854, 0.000592541124206, -0.00272136251442, 0.00148810388055], [-0.000197826084332, 0.000190749706235, -0.00102969910949, 0.00362841575406, -0.00185963639524, 0.000200632115593, -0.00122995558195, 0.000298103666864, -0.0024059060961, 0.00148882891517, 0.000642848666757, 0.000603372813202, -0.00067004666198], [-3.08011949528e-05, -0.00151612516493, 0.00123566295952, -0.00185963639524, 0.00555246323347, -0.00186073011719, 0.000808163604233, -0.00149711011909, 0.00202496349812, -0.00216710334644, 0.00170539796818, -0.000369798770407, 5.18409942742e-05], [-0.000183604366612, 0.000876207544934, -0.00129004777409, 0.000200632115593, -0.00186073011719, 0.00511632207781, -0.00217724801041, 0.00189943402074, -0.0012955769198, 1.02094345493e-05, -0.00074610079173, 0.00152112706564, 0.000151056025061], [-8.87307978701e-05, -0.001356458175, 0.000802003662102, -0.00122995558195, 0.000808163604233, -0.00217724801041, 0.00621765106916, -0.00169072858989, 0.00396524509415, -0.00102543889079, -0.000106005463749, -0.00154675683007, 0.00150534464046], [-0.000335717544658, 0.000619197497144, -0.000910621194635, 0.000298103666864, -0.00149711011909, 0.00189943402074, -0.00169072858989, 0.00735286111012, -0.0030372638721, 0.000444095639978, -0.00125062384177, 0.00155998778064, -0.000671198940836], [-0.000207320772461, -0.0015425857855, 0.000748931313865, -0.0024059060961, 0.00202496349812, -0.0012955769198, 0.00396524509415, -0.0030372638721, 0.00792302191257, -0.00110622064676, 0.000668689783197, -0.00347802205943, 0.00243708607741], [-0.000442172487965, 0.00079503073357, -0.000750035978854, 0.00148882891517, -0.00216710334644, 1.02094345493e-05, -0.00102543889079, 0.000444095639978, -0.00110622064676, 0.0116641260684, -0.00233865599148, 0.00228899368085, -0.000808899465483], [-7.74039654061e-05, -0.00140180019662, 0.000592541124206, 0.000642848666757, 0.00170539796818, -0.00074610079173, -0.000106005463749, -0.00125062384177, 0.000668689783197, -0.00233865599148, 0.00701871048659, -0.000384056125768, -0.00134350929875], [0.00011779932538, 0.000711007684004, -0.00272136251442, 0.000603372813202, -0.000369798770407, 0.00152112706564, -0.00154675683007, 0.00155998778064, -0.00347802205943, 0.00228899368085, -0.000384056125768, 0.0107653485611, -0.00245588505641], [-0.000291510979878, -0.000836408056784, 0.00148810388055, -0.00067004666198, 5.18409942742e-05, 0.000151056025061, 0.00150534464046, -0.000671198940836, 0.00243708607741, -0.000808899465483, -0.00134350929875, -0.00245588505641, 0.00967152602971]]
    },
    "melbands": {
        "max": [0.0149440206587, 0.00693483930081, 0.00194538361393, 0.0068257576786, 0.00933636073023, 0.0372636839747, 0.0315620452166, 0.0137683395296, 0.00458538113162, 0.0050933426246, 0.00250887754373, 0.00428984733298, 0.00521548697725, 0.0110511118546, 0.00875591114163, 0.00949462782592, 0.00180292176083, 0.00303059350699, 0.00253679603338, 0.00102684169542, 0.00141631404404, 0.000338131270837, 0.000285544607323, 0.000276259612292, 0.000121887489513, 0.000129700405523, 0.000155925023137, 0.000107696490886, 7.55011860747e-05, 3.39385514962e-05, 5.16045802215e-05, 3.3714924939e-05, 2.49867734965e-05, 8.03012226243e-05, 9.8109630926e-05, 0.000167143676663, 0.000260908011114, 0.000183469979675, 0.000211025675526, 0.000131638982566],
        "mean": [0.000225440162467, 0.000227048280067, 0.000112889218144, 0.000225975658395, 0.000332270661602, 0.000729420920834, 0.00083350361092, 0.00026000518119, 0.000101563455246, 7.83824143582e-05, 6.05772147537e-05, 8.1878657511e-05, 0.000112710826215, 0.000306112633552, 0.000157510701683, 6.24538952252e-05, 3.7630830775e-05, 9.79523319984e-05, 4.66177843919e-05, 2.37609783653e-05, 2.65983217105e-05, 9.70997916738e-06, 6.67362928652e-06, 4.84990823679e-06, 5.76096181248e-06, 4.84526026412e-06, 3.55807605956e-06, 3.47444938598e-06, 3.47442278326e-06, 1.07946732442e-06, 4.07538067293e-07, 3.12468586117e-07, 3.46483460589e-07, 5.35829713044e-07, 9.86654185908e-07, 1.44226589782e-06, 1.85014437193e-06, 1.72751219907e-06, 1.13036151106e-06, 7.71208817696e-07],
        "min": [1.38080136214e-09, 1.10321298763e-08, 8.1453151779e-08, 3.99501601578e-07, 4.12382775039e-07, 1.2984320108e-07, 6.09941395169e-08, 3.93391097475e-08, 6.64976118614e-09, 5.65167113109e-09, 4.00221411567e-09, 7.35633376436e-09, 5.56523760409e-09, 3.88579612931e-09, 4.85029305608e-09, 2.64324118149e-09, 1.84119730573e-09, 1.94691796018e-09, 1.86818982506e-09, 6.57731147324e-10, 1.16384535342e-09, 1.05387898408e-09, 6.50707598915e-10, 5.6708221452e-10, 4.4926576348e-10, 3.42443601253e-10, 1.96180058309e-10, 1.39832992407e-10, 8.35965671686e-11, 5.27485520541e-11, 5.28618815387e-11, 3.99174894528e-11, 4.9745294689e-11, 3.65911190237e-11, 4.13916470543e-11, 2.61192317774e-11, 2.06697003263e-11, 8.84486060782e-12, 8.69411400511e-12, 5.01900994723e-12],
        "stdev": [0.000827994546853, 0.000652723771054, 0.000214372936171, 0.000489732366987, 0.000850428827107, 0.0018488841597, 0.00250931386836, 0.000658490229398, 0.000313605705742, 0.000269132404355, 0.00017951746122, 0.000319199607475, 0.000325926579535, 0.000936082506087, 0.000708846549969, 0.000442329299403, 0.000113904286991, 0.00031827762723, 0.000190042861504, 8.49967036629e-05, 9.96655580821e-05, 3.15399738611e-05, 2.05955147976e-05, 1.06946108644e-05, 1.17360004879e-05, 1.00774896055e-05, 9.06542391022e-06, 8.28585052659e-06, 7.5848738561e-06, 2.890908263e-06, 1.53370547196e-06, 1.3513911199e-06, 1.65121264217e-06, 2.85002715827e-06, 5.09425262862e-06, 8.00084308139e-06, 1.08728399937e-05, 7.9428891695e-06, 6.51900518278e-06, 5.19194236404e-06]
    },
    "melbands128": {
        "max": [0.011530186981, 0.0203485935926, 0.0177838467062, 0.00701468205079, 0.0108999917284, 0.00566674116999, 0.00346634164453, 0.00215867487714, 0.00301503390074, 0.0052118645981, 0.0128989797086, 0.0138848889619, 0.0115285748616, 0.023382127285, 0.0353684648871, 0.0705315023661, 0.0712424889207, 0.041564412415, 0.012964646332, 0.0177757125348, 0.0195551179349, 0.0117018753663, 0.00732086645439, 0.00758216716349, 0.0085473228246, 0.00529669644311, 0.00780872441828, 0.00186328659765, 0.00556480139494, 0.00623560976237, 0.0073632770218, 0.00569278048351, 0.00608522631228, 0.0106461709365, 0.0212968606502, 0.0195171013474, 0.00848531536758, 0.0157406814396, 0.0195813775063, 0.0172956548631, 0.0149195622653, 0.0048640947789, 0.0040488881059, 0.0039502135478, 0.00678732944652, 0.00650312332436, 0.00843591988087, 0.00550935277715, 0.00390696898103, 0.00296769896522, 0.00234319339506, 0.00193258735817, 0.0037973402068, 0.00171618210152, 0.000520916248206, 0.000685562554281, 0.000815765873995, 0.000771263905335, 0.000409672415117, 0.000231529353186, 0.000537885935046, 0.000240162829868, 0.000286876369501, 0.00030569153023, 0.000328242516844, 0.00016408925876, 0.00013137802307, 0.000348899950041, 0.000200910959393, 0.000162443975569, 0.000155801215442, 0.00019960818463, 0.000115445458505, 0.000161959047546, 0.000123246456496, 5.0610917242e-05, 2.15893760469e-05, 3.07170303131e-05, 6.79828590364e-05, 6.36926561128e-05, 3.89429442293e-05, 2.16619810089e-05, 4.424679355e-05, 2.81536867988e-05, 3.42739040207e-05, 3.53861250915e-05, 4.69699371024e-05, 0.000332694879035, 0.00015313536278, 0.000139981522807, 0.000104729522718, 0.000204200769076, 0.000319039914757, 0.000291362754069, 0.000318826176226, 0.000221954032895, 0.000159263945534, 0.000179788155947, 0.000225100680836, 0.000284317939077, 0.000123912279378, 0.000141063574119, 0.000126591708977, 0.000142930672155, 9.40447644098e-05, 7.85866286606e-05, 7.40307732485e-05, 5.05349489686e-05, 3.17930389429e-05, 3.60485428246e-05, 2.36282958213e-05, 1.9156599592e-05, 1.68541519088e-05, 1.87165333045e-05, 2.11717215279e-05, 9.09141181182e-06, 8.77156708157e-06, 9.96117069008e-06, 9.7797219496e-06, 4.1994685489e-06, 3.97304074795e-06, 2.05528863262e-06, 9.01348983007e-07, 8.15267284793e-08, 4.56540982796e-09, 4.46858194891e-09, 4.41343672719e-09, 4.38473390929e-09],
        "mean": [0.000157061382197, 0.000208604731597, 0.000241300280322, 0.000281397893559, 0.000276111793937, 0.000152073625941, 8.31309516798e-05, 9.19137019082e-05, 0.000159490024089, 0.000245587987592, 0.000250782381045, 0.00027633580612, 0.000280014093732, 0.000490035803523, 0.000700454402249, 0.000843116664328, 0.00103840522934, 0.000960956444032, 0.000402486533858, 0.00029506633291, 0.000180281087523, 0.000148109102156, 6.72784881317e-05, 9.02944375412e-05, 9.01844978216e-05, 6.37088669464e-05, 7.92097853264e-05, 3.42807543348e-05, 7.18802693882e-05, 0.000105021434138, 7.1493719588e-05, 6.29403220955e-05, 6.82204481564e-05, 0.000107656785985, 0.000493172556162, 0.00030709154089, 0.000120127631817, 0.000174506407348, 0.00017540101544, 8.42136578285e-05, 3.03516408167e-05, 3.69346416846e-05, 2.25603780564e-05, 3.03122342302e-05, 0.000109876782517, 0.000116842245916, 8.55449907249e-05, 4.32581255154e-05, 3.55777265213e-05, 2.39630662691e-05, 1.58469392773e-05, 2.38668708334e-05, 5.26534240635e-05, 1.18976968224e-05, 7.59036311138e-06, 1.21022612802e-05, 8.43577436171e-06, 9.01304156287e-06, 5.3071239563e-06, 3.50433447238e-06, 5.21395622854e-06, 5.40437213203e-06, 4.59013745058e-06, 5.16906357007e-06, 9.4920533229e-06, 4.3420923248e-06, 2.63132915279e-06, 3.29303679791e-06, 3.97380654249e-06, 3.65648315892e-06, 3.36407083523e-06, 3.51633548235e-06, 3.37873620992e-06, 4.54079599876e-06, 2.06645972867e-06, 1.01742671177e-06, 6.8368109396e-07, 5.34296077603e-07, 3.32199789455e-07, 3.23251981627e-07, 3.54670760316e-07, 2.64195875843e-07, 3.04739245394e-07, 3.52397336201e-07, 3.9242726757e-07, 4.09619076436e-07, 5.58014846774e-07, 8.28967529287e-07, 9.82424694485e-07, 1.12172108402e-06, 1.26841553083e-06, 1.45919898387e-06, 1.86210718311e-06, 1.84729378816e-06, 1.96793143914e-06, 1.67533266904e-06, 1.82777523605e-06, 1.54500037297e-06, 1.12899874694e-06, 9.47619184899e-07, 7.90257047356e-07, 7.27478948193e-07, 7.66164987454e-07, 6.59802083192e-07, 4.61618469672e-07, 3.59055434274e-07, 3.04100126414e-07, 2.26028973316e-07, 1.58682141205e-07, 1.37841070114e-07, 9.2877648683e-08, 7.36023366699e-08, 6.71724791346e-08, 5.7310856505e-08, 5.05698913855e-08, 3.50968889506e-08, 2.92822068815e-08, 3.02863334412e-08, 2.88651165192e-08, 1.39524969356e-08, 1.10117808205e-08, 1.03378647864e-08, 5.89837645393e-09, 1.69673108896e-10, 4.67449603331e-12, 4.48727166535e-12, 4.38074099565e-12, 4.34522079776e-12],
        "min": [1.9452678357e-10, 6.0094640375e-10, 4.17715528833e-10, 3.12709191874e-10, 1.03410502383e-09, 4.42850822679e-09, 1.36045539278e-08, 3.60605731942e-08, 4.15992147396e-08, 8.34091267166e-08, 1.3355355577e-07, 6.29213374737e-08, 2.51413432295e-08, 1.9723441369e-07, 6.06880306009e-08, 1.10619033933e-08, 2.54207783712e-08, 2.0756653285e-08, 3.03163822934e-08, 4.92135114882e-08, 1.12824869447e-08, 4.44887193751e-09, 1.29034871676e-09, 2.84084000768e-09, 3.94022281469e-09, 1.08790776387e-09, 3.07452463488e-09, 1.5733473413e-09, 1.86241133626e-09, 3.7132954489e-09, 6.22469631395e-09, 2.35334463028e-09, 1.38177869147e-09, 3.26514348892e-09, 1.35501243559e-09, 4.43791936533e-09, 2.2568371616e-09, 1.80624548651e-09, 2.0739479023e-09, 1.32010380405e-09, 1.791547799e-09, 1.76155601217e-09, 1.86013304759e-09, 8.24427581758e-10, 9.1948793024e-10, 1.22199961261e-09, 1.20512622104e-09, 5.1916804189e-10, 6.36798724862e-10, 6.94052704198e-10, 1.993805121e-10, 5.62089041978e-10, 8.23506818293e-10, 3.78781145338e-10, 4.60086135856e-10, 9.12654563034e-10, 7.00820623756e-10, 4.90282814347e-10, 2.93261859241e-10, 1.30815469568e-10, 3.59179991305e-10, 1.45268824747e-10, 1.61032576163e-10, 1.90567076008e-10, 1.34614930314e-10, 2.09682521346e-10, 1.33355923526e-10, 1.18261997417e-10, 6.47731729364e-11, 6.88117132719e-11, 1.01598167379e-10, 6.51874665358e-11, 6.38295388766e-11, 4.56219333145e-11, 5.77143922931e-11, 4.0729537798e-11, 2.46981688573e-11, 1.81015064049e-11, 3.21736665088e-11, 1.30198126586e-11, 3.98996044537e-11, 3.50238449354e-11, 2.92125247603e-11, 2.86224741824e-11, 2.14366632084e-11, 8.22358847685e-12, 1.5808242302e-12, 2.04925789879e-12, 2.34945461523e-12, 2.45353442424e-11, 1.3876776464e-11, 1.46448228978e-12, 1.34971192209e-11, 2.46742752098e-12, 2.31202708888e-12, 3.45508972995e-12, 5.5921352618e-12, 1.00341462569e-11, 3.8704447633e-12, 7.98575268413e-12, 4.91236478578e-12, 4.03333312929e-12, 4.58790991309e-12, 3.34656044196e-12, 1.07086637734e-12, 9.28039437832e-13, 2.21778866973e-12, 9.47907442643e-13, 4.41971410641e-13, 8.8423593534e-13, 5.56134023381e-13, 3.71568704624e-12, 2.39742687508e-12, 2.97198854068e-12, 2.80609563363e-12, 1.08652887035e-12, 3.7575034772e-13, 1.62223872031e-13, 1.25339585173e-13, 1.15725300436e-13, 1.00747555643e-13, 1.44069882435e-13, 1.5158244126e-13, 1.28941020187e-13, 8.83318347937e-14, 3.18627875549e-14, 3.17513836641e-15, 1.29437592829e-16],
        "stdev": [0.000820152694359, 0.00110842927825, 0.000881047919393, 0.000818136672024, 0.000943814404309, 0.000500230409671, 0.000202791910851, 0.000212651735637, 0.000366126419976, 0.000531029887497, 0.000891098345164, 0.00102322921157, 0.00101689842995, 0.00167334044818, 0.00222946680151, 0.00291889673099, 0.00411798944697, 0.00358616933227, 0.00122506311163, 0.000914387463126, 0.000818856409751, 0.000610889284872, 0.000314357690513, 0.000444218982011, 0.00041555336793, 0.000303909066133, 0.000388399959775, 0.000116979332233, 0.000351085269358, 0.000463567499537, 0.000448690610938, 0.000352901639417, 0.000306596542941, 0.000556418788619, 0.00174054398667, 0.00122578686569, 0.000573770201299, 0.00101889157668, 0.00118851661682, 0.000891073257662, 0.000462131894892, 0.000189973099623, 0.000135787384352, 0.000168948317878, 0.000441743875854, 0.000539946369827, 0.000492916908115, 0.000301074323943, 0.000209298217669, 0.000133584646392, 0.000124305515783, 0.000118970259791, 0.000249339762377, 5.51945631742e-05, 3.14360258926e-05, 5.40746659681e-05, 4.09796448366e-05, 4.17869159719e-05, 1.89659258467e-05, 1.16608480312e-05, 1.73728167283e-05, 1.46525062519e-05, 1.76320190803e-05, 1.65856490639e-05, 2.70921682386e-05, 1.27279554363e-05, 1.02511703517e-05, 1.36162079798e-05, 1.24247817439e-05, 9.88321971818e-06, 1.07194455268e-05, 1.43383458635e-05, 9.42172209761e-06, 1.2532830624e-05, 8.08387449069e-06, 3.90644754589e-06, 1.94583435587e-06, 1.63944173437e-06, 1.79595645022e-06, 1.84845384865e-06, 1.58254931648e-06, 1.18841330732e-06, 1.81001655619e-06, 1.80913207259e-06, 1.94188305613e-06, 2.12799568544e-06, 2.79360119748e-06, 8.00154975877e-06, 5.90191530137e-06, 5.82507072977e-06, 6.12471330896e-06, 9.39138135436e-06, 1.23099962366e-05, 1.1360049939e-05, 1.21405282698e-05, 9.53898870648e-06, 7.07956905899e-06, 7.55916653361e-06, 6.59480156173e-06, 7.76697288529e-06, 4.67308382213e-06, 5.13734585184e-06, 5.59100499231e-06, 5.7342654145e-06, 4.12576264353e-06, 3.60252465725e-06, 2.95149266094e-06, 2.07653079087e-06, 1.28716374093e-06, 1.31059948671e-06, 8.44655289711e-07, 6.34182356407e-07, 5.95190385866e-07, 5.64156721339e-07, 5.30663214704e-07, 2.78725707403e-07, 2.54538093714e-07, 3.33743741976e-07, 2.97559097362e-07, 1.22392179946e-07, 1.0150479568e-07, 7.12775261036e-08, 4.00185946603e-08, 1.91542670613e-09, 9.96344950988e-11, 9.75255778912e-11, 9.63234700335e-11, 9.56967838306e-11]
    },
    "mfcc": {
        "mean": [-736.146911621, 125.289329529, -7.1190366745, -5.72961330414, 3.62108683586, -26.3999443054, 3.32776618004, -19.5654602051, -18.2879619598, -4.23937749863, -18.685541153, 3.03161883354, -2.76730084419],
        "cov": [[8745.31835938, -1392.75793457, -575.917053223, 250.497970581, 352.175872803, 33.3664894104, 412.045776367, -143.524093628, 620.180847168, 444.703063965, 129.145980835, 459.786254883, 34.5832366943], [-1392.75793457, 1381.44042969, -108.598480225, 130.963943481, 25.5385417938, 22.5166683197, 203.790039062, 49.6037979126, -72.707069397, -28.9735240936, 56.5428009033, 34.1424064636, -4.41342687607], [-575.917053223, -108.598480225, 1217.52990723, 149.734008789, 157.732391357, 243.263153076, -541.495056152, 478.223358154, -38.1463317871, 22.803445816, 56.333114624, 49.5765953064, 78.5317764282], [250.497970581, 130.963943481, 149.734008789, 483.975036621, 159.862091064, 121.697380066, -79.9889068604, 211.451904297, 122.060195923, 57.5700912476, 55.7792701721, 40.8949050903, 41.5274734497], [352.175872803, 25.5385417938, 157.732391357, 159.862091064, 378.207519531, 66.1480865479, -145.193466187, 127.992424011, 124.262710571, 44.430015564, 39.6362991333, 86.1637420654, 60.4088401794], [33.3664894104, 22.5166683197, 243.263153076, 121.697380066, 66.1480865479, 426.617706299, 8.54254817963, 160.561340332, 60.9815711975, 13.8385152817, 99.8461837769, -73.7605438232, 22.3317241669], [412.045776367, 203.790039062, -541.495056152, -79.9889068604, -145.193466187, 8.54254817963, 755.66204834, -277.387145996, 5.30146217346, 29.9534568787, 50.156879425, -33.2712173462, -36.6775779724], [-143.524093628, 49.6037979126, 478.223358154, 211.451904297, 127.992424011, 160.561340332, -277.387145996, 431.907775879, 49.2517929077, 50.0260047913, 50.1468696594, 14.41771698, 61.8201713562], [620.180847168, -72.707069397, -38.1463317871, 122.060195923, 124.262710571, 60.9815711975, 5.30146217346, 49.2517929077, 220.868484497, 48.6153182983, 27.3764400482, 31.4263572693, 37.1919174194], [444.703063965, -28.9735240936, 22.803445816, 57.5700912476, 44.430015564, 13.8385152817, 29.9534568787, 50.0260047913, 48.6153182983, 168.23677063, 20.459394455, 52.0747871399, 18.9896965027], [129.145980835, 56.5428009033, 56.333114624, 55.7792701721, 39.6362991333, 99.8461837769, 50.156879425, 50.1468696594, 27.3764400482, 20.459394455, 137.464309692, -4.98420190811, 38.8783836365], [459.786254883, 34.1424064636, 49.5765953064, 40.8949050903, 86.1637420654, -73.7605438232, -33.2712173462, 14.41771698, 31.4263572693, 52.0747871399, -4.98420190811, 225.339309692, 48.153968811], [34.5832366943, -4.41342687607, 78.5317764282, 41.5274734497, 60.4088401794, 22.3317241669, -36.6775779724, 61.8201713562, 37.1919174194, 18.9896965027, 38.8783836365, 48.153968811, 139.756195068]],
        "icov": [[0.000251067074714, 0.000288035545964, 0.000138616451295, -3.84405684599e-05, -5.39202628715e-05, -6.10115093878e-05, -0.000121971213957, -4.13768138969e-05, -0.000382792582968, -0.000289573421469, -0.000261710985797, -0.000544033828191, 0.000301318388665], [0.000288035545964, 0.00122488557827, 0.000336065539159, -0.000316107936669, -0.000265011418378, -3.83737497032e-05, -0.00049613189185, -0.000494041596539, 0.000212046928937, 4.82830255351e-05, -0.000535052793566, -0.00089712778572, 0.000476471352158], [0.000138616451295, 0.000336065539159, 0.00215092557482, 0.000201075003133, -0.000145370839164, -0.00088449352188, 0.000775754684582, -0.00161301076878, 0.000856034574099, -0.000114210626634, -0.000453614222351, -0.000979934935458, 8.07220785646e-05], [-3.84405684599e-05, -0.000316107936669, 0.000201075003133, 0.00325758638792, -0.000477176887216, -0.000252655911027, 2.67913237622e-05, -0.0013985884143, -0.00105583434924, -0.00017003697576, -0.000252269877819, -0.000183760043001, 0.000228467921261], [-5.39202628715e-05, -0.000265011418378, -0.000145370839164, -0.000477176887216, 0.00420679710805, -0.000251118966844, 0.000784816103987, 0.000119784272101, -0.00174987188075, -6.91043096595e-05, -0.000496923283208, -0.000968670239672, -0.000449741666671], [-6.10115093878e-05, -3.83737497032e-05, -0.00088449352188, -0.000252655911027, -0.000251118966844, 0.00399443740025, -0.000764195050579, -0.000652920571156, -0.000786910764873, 0.000322323961882, -0.00166172813624, 0.00165880133864, 0.000200841983315], [-0.000121971213957, -0.00049613189185, 0.000775754684582, 2.67913237622e-05, 0.000784816103987, -0.000764195050579, 0.0027743068058, 0.00119089824148, 3.26174194925e-05, -0.000781110720709, -0.000982548808679, 0.000109919099486, -0.000112262343464], [-4.13768138969e-05, -0.000494041596539, -0.00161301076878, -0.0013985884143, 0.000119784272101, -0.000652920571156, 0.00119089824148, 0.00613663997501, -0.00049022474559, -0.00128814217169, -0.00016539596254, 0.000863193126861, -0.000978726544417], [-0.000382792582968, 0.000212046928937, 0.000856034574099, -0.00105583434924, -0.00174987188075, -0.000786910764873, 3.26174194925e-05, -0.00049022474559, 0.00789062865078, -0.000376058858819, 0.000462221330963, 0.000474203610793, -0.00129907939117], [-0.000289573421469, 4.82830255351e-05, -0.000114210626634, -0.00017003697576, -6.91043096595e-05, 0.000322323961882, -0.000781110720709, -0.00128814217169, -0.000376058858819, 0.00775018567219, -0.000199960326427, -0.000999802723527, -2.1827274395e-05], [-0.000261710985797, -0.000535052793566, -0.000453614222351, -0.000252269877819, -0.000496923283208, -0.00166172813624, -0.000982548808679, -0.00016539596254, 0.000462221330963, -0.000199960326427, 0.0105449594557, 0.00106942327693, -0.00272444379516], [-0.000544033828191, -0.00089712778572, -0.000979934935458, -0.000183760043001, -0.000968670239672, 0.00165880133864, 0.000109919099486, 0.000863193126861, 0.000474203610793, -0.000999802723527, 0.00106942327693, 0.00749989645556, -0.00235978444107], [0.000301318388665, 0.000476471352158, 8.07220785646e-05, 0.000228467921261, -0.000449741666671, 0.000200841983315, -0.000112262343464, -0.000978726544417, -0.00129907939117, -2.1827274395e-05, -0.00272444379516, -0.00235978444107, 0.00946799386293]]
    },
    "spectral_contrast_coeffs": {
        "max": [-0.26749548316, -0.367830634117, -0.393859684467, -0.447738081217, -0.604250609875, -0.622518599033],
        "mean": [-0.663525819778, -0.657553613186, -0.709433615208, -0.744102656841, -0.763143002987, -0.804510354996],
        "min": [-0.882412552834, -0.917176425457, -0.926319181919, -0.927161872387, -0.906070590019, -0.90788179636],
        "stdev": [0.096603050828, 0.103566788137, 0.107165046036, 0.0972394794226, 0.0649667233229, 0.0404757931828]
    },
    "spectral_contrast_valleys": {
        "max": [-5.49189424515, -5.55992507935, -6.38315296173, -6.71245908737, -6.53166103363, -7.44319057465],
        "mean": [-8.32664299011, -7.65438222885, -8.28163909912, -8.76577758789, -8.84441566467, -11.2008581161],
        "min": [-11.2120790482, -10.486125946, -11.3214187622, -11.4866447449, -12.0414676666, -15.1320381165],
        "stdev": [1.20588028431, 0.825318396091, 0.747035682201, 0.807635247707, 0.927025437355, 1.15637350082]
    }
},
"rhythm": {
    "beats_count": 108,
    "beats_loudness": {
        "max": 0.0929619967937,
        "mean": 0.0198289137334,
        "min": 3.0896429962e-05,
        "stdev": 0.0204991530627
    },
    "bpm": 129.883346558,
    "bpm_histogram_first_peak_bpm": 129,
    "bpm_histogram_first_peak_weight": 0.466666638851,
    "bpm_histogram_second_peak_bpm": 108,
    "bpm_histogram_second_peak_spread": 0.47058826685,
    "bpm_histogram_second_peak_weight": 0.0841121524572,
    "danceability": 0.876573979855,
    "onset_rate": 2.8916015625,
    "beats_loudness_band_ratio": {
        "max": [0.839631974697, 0.966377973557, 0.935781002045, 0.8756904006, 0.66294747591, 0.99323374033],
        "mean": [0.104919038713, 0.260528296232, 0.267539054155, 0.251783639193, 0.0933070704341, 0.082898363471],
        "min": [4.94338128192e-05, 0.00265410006978, 0.00189510709606, 0.000206358527066, 0.000468456419185, 0.000196414184757],
        "stdev": [0.170927152038, 0.275890558958, 0.269163131714, 0.272299438715, 0.130899101496, 0.185202419758]
    },
