{
"metadata": {
    "version": {
        "essentia": "2.1-beta5",
        "essentia_git_sha": "Undefined",
        "extractor": "music 2.0"
    },
    "audio_properties": {
        "analysis": {
            "equal_loudness": 0,
            "length": 48.7502937317,
            "sample_rate": 44100,
            "start_time": 126.490699768,
            "downmix": "mix"
        },
        "bit_rate": 192000,
        "length": 197.288360596,
        "lossless": 0,
        "number_channels": 2,
        "replay_gain": -5.6007232666,
        "sample_rate": 48000,
        "codec": "mp3",
        "md5_encoded": "95d605318bbbae40013c69d9700ad238"
    },
    "tags": {
        "file_name": "Iceland_Coming Home_Sjonni_s Friends.mp3",
        "encoding": ["Lavf58.29.100"]
    }
},
"lowlevel": {
    "average_loudness": 0.962464570999,
    "barkbands_crest": {
        "max": 22.3887557983,
        "mean": 8.41763210297,
        "min": 2.96070027351,
        "stdev": 3.14076566696
    },
    "barkbands_flatness_db": {
        "max": 0.250025093555,
        "mean": 0.108182787895,
        "min": 0.0266081318259,
        "stdev": 0.0308708231896
    },
    "barkbands_kurtosis": {
        "max": 53.2111320496,
        "mean": 1.32926142216,
        "min": -1.87329125404,
        "stdev": 2.92695808411
    },
    "barkbands_skewness": {
        "max": 6.61160421371,
        "mean": 0.795465648174,
        "min": -2.35058236122,
        "stdev": 0.816655933857
    },
    "barkbands_spread": {
        "max": 93.8386459351,
        "mean": 22.5847454071,
        "min": 2.92080688477,
        "stdev": 12.6373310089
    },
    "dissonance": {
        "max": 0.500000119209,
        "mean": 0.463209688663,
        "min": 0.30560579896,
        "stdev": 0.0268682073802
    },
    "dynamic_complexity": 2.03246212006,
    "erbbands_crest": {
        "max": 30.7814674377,
        "mean": 9.70317173004,
        "min": 2.6759159565,
        "stdev": 4.18894815445
    },
    "erbbands_flatness_db": {
        "max": 0.289296686649,
        "mean": 0.165147945285,
        "min": 0.0514195561409,
        "stdev": 0.0369600281119
    },
    "erbbands_kurtosis": {
        "max": 15.2454605103,
        "mean": 1.14265418053,
        "min": -1.75672912598,
        "stdev": 2.07760691643
    },
    "erbbands_skewness": {
        "max": 3.29189062119,
        "mean": 0.442413330078,
        "min": -3.25338625908,
        "stdev": 0.691981494427
    },
    "erbbands_spread": {
        "max": 116.727478027,
        "mean": 28.9177341461,
        "min": 4.61244487762,
        "stdev": 15.8090391159
    },
    "hfc": {
        "max": 352.639160156,
        "mean": 30.6755332947,
        "min": 0.198586061597,
        "stdev": 27.2938671112
    },
    "loudness_ebu128": {
        "integrated": -17.0543613434,
        "loudness_range": 2.58580589294,
        "momentary": {
            "max": -14.1541557312,
            "mean": -17.31183815,
            "min": -23.4501304626,
            "stdev": 1.56241381168
        },
        "short_term": {
            "max": -15.3974294662,
            "mean": -17.1499614716,
            "min": -20.0142993927,
            "stdev": 0.902688443661
        }
    },
    "melbands_crest": {
        "max": 34.873134613,
        "mean": 11.2090578079,
        "min": 3.59052062035,
        "stdev": 4.58186292648
    },
    "melbands_flatness_db": {
        "max": 0.354742318392,
        "mean": 0.159934610128,
        "min": 0.0357778631151,
        "stdev": 0.0411558412015
    },
    "melbands_kurtosis": {
        "max": 110.074707031,
        "mean": 4.18353652954,
        "min": -1.88152122498,
        "stdev": 6.43741464615
    },
    "melbands_skewness": {
        "max": 9.0913476944,
        "mean": 1.41694927216,
        "min": -1.07780122757,
        "stdev": 0.997356176376
    },
    "melbands_spread": {
        "max": 234.987197876,
        "mean": 30.9811573029,
        "min": 2.22877168655,
        "stdev": 23.7407131195
    },
    "pitch_salience": {
        "max": 0.830109059811,
        "mean": 0.594163417816,
        "min": 0.140226349235,
        "stdev": 0.0867644548416
    },
    "silence_rate_20dB": {
        "max": 1,
        "mean": 1,
        "min": 1,
        "stdev": 0
    },
    "silence_rate_30dB": {
        "max": 1,
        "mean": 0.993812441826,
        "min": 0,
        "stdev": 0.0784169733524
    },
    "silence_rate_60dB": {
        "max": 1,
        "mean": 0.0038077107165,
        "min": 0,
        "stdev": 0.0615880414844
    },
    "spectral_centroid": {
        "max": 4941.31689453,
        "mean": 1352.62890625,
        "min": 391.194519043,
        "stdev": 515.860351562
    },
    "spectral_complexity": {
        "max": 42,
        "mean": 21.8681583405,
        "min": 0,
        "stdev": 6.3336391449
    },
    "spectral_decrease": {
        "max": -5.94493829165e-11,
        "mean": -7.43638439715e-09,
        "min": -4.28287343368e-08,
        "stdev": 5.36827382547e-09
    },
    "spectral_energy": {
        "max": 0.169137403369,
        "mean": 0.0308489967138,
        "min": 0.000242388530751,
        "stdev": 0.0213042758405
    },
    "spectral_energyband_high": {
        "max": 0.042910259217,
        "mean": 0.00127503450494,
        "min": 5.62404738957e-06,
        "stdev": 0.00317792454734
    },
    "spectral_energyband_low": {
        "max": 0.0940783619881,
        "mean": 0.00738812703639,
        "min": 1.2656583749e-05,
        "stdev": 0.012668993324
    },
    "spectral_energyband_middle_high": {
        "max": 0.075453132391,
        "mean": 0.00969698652625,
        "min": 5.44703652849e-05,
        "stdev": 0.00825518928468
    },
    "spectral_energyband_middle_low": {
        "max": 0.126585751772,
        "mean": 0.0134451258928,
        "min": 0.000136821370688,
        "stdev": 0.011052172631
    },
    "spectral_entropy": {
        "max": 8.7718000412,
        "mean": 7.65576791763,
        "min": 6.47762727737,
        "stdev": 0.335762917995
    },
    "spectral_flux": {
        "max": 0.330259859562,
        "mean": 0.0981271117926,
        "min": 0.0184358190745,
        "stdev": 0.0469025447965
    },
    "spectral_kurtosis": {
        "max": 17.6089401245,
        "mean": 4.26185035706,
        "min": -1.06974875927,
        "stdev": 2.24831557274
    },
    "spectral_rms": {
        "max": 0.0128457034007,
        "mean": 0.00520262261853,
        "min": 0.00048628859804,
        "stdev": 0.00174049229827
    },
    "spectral_rolloff": {
        "max": 9754.54101562,
        "mean": 1836.34545898,
        "min": 64.599609375,
        "stdev": 1677.75244141
    },
    "spectral_skewness": {
        "max": 2.9015185833,
        "mean": 1.63880717754,
        "min": -0.102539412677,
        "stdev": 0.41275498271
    },
    "spectral_spread": {
        "max": 14408056,
        "mean": 4646103,
        "min": 2234823.25,
        "stdev": 1535425.625
    },
    "spectral_strongpeak": {
        "max": 17.2666549683,
        "mean": 1.70450723171,
        "min": 0.0153248626739,
        "stdev": 1.92501199245
    },
    "zerocrossingrate": {
        "max": 0.34619140625,
        "mean": 0.0687261074781,
        "min": 0.00732421875,
        "stdev": 0.0430056601763
    },
    "barkbands": {
        "max": [0.0128586348146, 0.0810295417905, 0.0517748370767, 0.0266857296228, 0.0390424132347, 0.102880775928, 0.049383148551, 0.0528011880815, 0.049441434443, 0.0302951186895, 0.0230754185468, 0.0274225454777, 0.0484134666622, 0.0425106473267, 0.0318453609943, 0.0216915849596, 0.012202472426, 0.00704643176869, 0.00213708169758, 0.00122232025024, 0.0039485367015, 0.0101028280333, 0.0180426165462, 0.0281152781099, 0.00385853881016, 0.0011299418984, 0.000274894089671],
        "mean": [0.000513646518812, 0.00435851514339, 0.00188287009951, 0.00107796932571, 0.00190205615945, 0.0029127728194, 0.00131185841747, 0.0022835212294, 0.00317392125726, 0.0019244607538, 0.00124716828577, 0.00133213365916, 0.00143889593892, 0.00122384296264, 0.000939754536375, 0.000867565860972, 0.000662203703541, 0.000274204736343, 0.000171291365405, 0.000150945488713, 0.000128109037178, 0.000203812029213, 0.000403839105275, 0.000329889066052, 9.6165247669e-05, 3.16772784572e-05, 5.93741060584e-06],
        "min": [1.34731781287e-08, 5.39150448731e-07, 1.48147364598e-06, 1.44870500662e-06, 1.14457716336e-05, 1.00723800642e-05, 5.30016791345e-07, 8.27679741633e-06, 1.93763480638e-05, 8.15839302959e-06, 1.36596861466e-06, 7.01475755704e-06, 2.55324198406e-06, 4.72479996461e-06, 5.03981027578e-06, 7.20093612472e-06, 3.77870287593e-06, 2.43182444137e-06, 1.50598168602e-06, 1.52050267843e-06, 1.5084469851e-06, 8.82062295204e-07, 5.46040269001e-07, 3.67512257071e-07, 2.63205095052e-07, 8.4716219817e-08, 7.03259839252e-10],
        "stdev": [0.00136343890335, 0.0082797082141, 0.00494086369872, 0.00226971390657, 0.00247662863694, 0.00424670847133, 0.00248767575249, 0.00411369698122, 0.00493127619848, 0.00305183278397, 0.00222319504246, 0.00219144066796, 0.00318010244519, 0.00251576001756, 0.00199954840355, 0.00159852020442, 0.00104133156128, 0.000373597518774, 0.000149852610775, 0.000137700058986, 0.000182888339623, 0.000475928827655, 0.00133273215033, 0.00121415825561, 0.000264496804448, 7.35171852284e-05, 1.73975095095e-05]
    },
    "erbbands": {
        "max": [4.02233028412, 12.3915529251, 39.9463882446, 98.9996185303, 62.8973884583, 233.352172852, 346.171356201, 1025.62194824, 507.784240723, 866.922790527, 1451.00195312, 1466.89331055, 1638.99963379, 1186.61254883, 887.520935059, 1364.16650391, 2644.08886719, 1322.15966797, 1818.64465332, 1541.53796387, 877.247192383, 489.590179443, 341.798126221, 60.3224601746, 132.929489136, 71.3621902466, 80.7469863892, 230.227142334, 292.899108887, 597.255554199, 555.790405273, 515.435058594, 517.07220459, 58.7331085205, 17.6627044678, 5.2618393898, 2.37591958046, 0.556123137474, 0.0309210829437, 0.000849247444421],
        "mean": [0.186054781079, 0.755282759666, 1.66974878311, 3.69588637352, 3.59760427475, 7.33986330032, 16.2165679932, 24.3986816406, 19.5755290985, 22.1040267944, 64.0769577026, 71.4892349243, 70.5354995728, 57.343460083, 54.2842750549, 55.4338760376, 66.5556488037, 66.4228210449, 50.1622505188, 51.7445411682, 49.9918136597, 31.0985851288, 18.0973358154, 9.09899902344, 9.00905036926, 7.4478969574, 5.8217458725, 4.90190792084, 6.65374135971, 9.86838722229, 11.6782073975, 8.53094387054, 4.52838182449, 1.53861808777, 0.484044730663, 0.180988118052, 0.0481001585722, 0.0112797962502, 0.00101086508948, 6.43965031486e-05],
        "min": [2.87036782538e-05, 0.000490786624141, 0.00200039776973, 0.0103104468435, 0.0087217297405, 0.0293824896216, 0.0775043144822, 0.107122011483, 0.0207183621824, 0.0768157020211, 0.497522234917, 0.79657971859, 0.484691500664, 0.200441673398, 0.0792442783713, 0.335509568453, 0.132146567106, 0.241582363844, 0.348943084478, 0.182176962495, 0.500658869743, 0.194468572736, 0.153257921338, 0.0781152397394, 0.121046133339, 0.064264588058, 0.0394248403609, 0.0611301623285, 0.0320349037647, 0.0268208514899, 0.0136045301333, 0.00759777473286, 0.00571335665882, 0.00409666681662, 0.00156183296349, 0.000605291861575, 0.000118284195196, 9.28310782911e-06, 1.47131572703e-06, 2.19094954446e-06],
        "stdev": [0.407666772604, 1.27092027664, 3.69714236259, 9.10802841187, 4.82442140579, 11.3059577942, 24.295217514, 37.9761238098, 31.623550415, 43.5075149536, 112.859985352, 113.396453857, 130.242630005, 86.8217468262, 81.6904754639, 88.2821731567, 154.105697632, 119.461730957, 94.9001235962, 111.181816101, 81.2967529297, 44.0343971252, 23.4467735291, 7.1969742775, 8.04204940796, 6.9995675087, 6.59108066559, 9.42482757568, 14.4617099762, 29.1007843018, 39.6623764038, 30.3387756348, 18.0571422577, 4.54831790924, 1.22158229351, 0.416289418936, 0.122171491385, 0.0299679022282, 0.0027879094705, 7.99940607976e-05]
    },
    "gfcc": {
        "mean": [31.0245704651, 87.4459152222, -131.16394043, 16.3212528229, -66.5822143555, 21.141746521, -39.6400260925, 8.00724697113, -16.3047962189, -1.09197902679, -13.1758117676, 0.694073319435, -8.98921585083],
        "cov": [[1965.18798828, -573.138244629, 333.689605713, 81.6570281982, 73.376411438, 199.512863159, 21.5893344879, 109.521354675, 102.916015625, 90.9493255615, -35.2771186829, 72.4034576416, -34.928817749], [-573.138244629, 971.548095703, -159.352676392, 87.9982528687, 214.569534302, -71.072265625, 152.435852051, 44.7075500488, 37.989944458, 11.4399013519, 89.9268341064, -12.4321632385, 107.646202087], [333.689605713, -159.352676392, 570.172607422, 140.552474976, 22.5127830505, 84.8071517944, 34.4367637634, 46.631023407, 24.6796455383, 80.6538162231, -24.2836723328, 66.9811935425, -12.1181631088], [81.6570281982, 87.9982528687, 140.552474976, 277.232543945, 101.117645264, 57.0427474976, 33.3514404297, 58.9110565186, 68.851890564, 22.9727592468, 18.6062202454, 7.45400762558, 40.2039222717], [73.376411438, 214.569534302, 22.5127830505, 101.117645264, 278.878417969, 66.2052993774, 71.4407119751, 66.4016723633, 49.9842834473, 45.9774551392, 18.124370575, 24.3997116089, 49.8305091858], [199.512863159, -71.072265625, 84.8071517944, 57.0427474976, 66.2052993774, 214.318954468, 94.0673522949, 21.6229476929, 6.85552358627, 15.6703367233, 42.3142433167, 21.5688266754, -1.12076938152], [21.5893344879, 152.435852051, 34.4367637634, 33.3514404297, 71.4407119751, 94.0673522949, 220.198425293, 60.9499740601, -26.1324386597, 38.4606933594, 48.4302139282, 23.3993492126, 0.985748589039], [109.521354675, 44.7075500488, 46.631023407, 58.9110565186, 66.4016723633, 21.6229476929, 60.9499740601, 121.158416748, 60.7191123962, 28.8657836914, 2.89616918564, 4.56419038773, 19.7107505798], [102.916015625, 37.989944458, 24.6796455383, 68.851890564, 49.9842834473, 6.85552358627, -26.1324386597, 60.7191123962, 148.958679199, 27.5198898315, 7.63556814194, 5.67406225204, 40.3203086853], [90.9493255615, 11.4399013519, 80.6538162231, 22.9727592468, 45.9774551392, 15.6703367233, 38.4606933594, 28.8657836914, 27.5198898315, 86.8087844849, 23.8102703094, 29.2660446167, 6.07653141022], [-35.2771186829, 89.9268341064, -24.2836723328, 18.6062202454, 18.124370575, 42.3142433167, 48.4302139282, 2.89616918564, 7.63556814194, 23.8102703094, 100.912597656, 35.8677635193, 17.1011333466], [72.4034576416, -12.4321632385, 66.9811935425, 7.45400762558, 24.3997116089, 21.5688266754, 23.3993492126, 4.56419038773, 5.67406225204, 29.2660446167, 35.8677635193, 74.3371276855, 22.9095668793], [-34.928817749, 107.646202087, -12.1181631088, 40.2039222717, 49.8305091858, -1.12076938152, 0.985748589039, 19.7107505798, 40.3203086853, 6.07653141022, 17.1011333466, 22.9095668793, 83.7182617188]],
        "icov": [[0.000792375940364, 0.000476033601444, -0.00012599886395, 3.17750163958e-05, -0.000294581754133, -0.000358469318599, -7.16601498425e-05, -0.00035430220305, -0.000431849184679, -0.000225757263252, 0.000257522886386, -0.000408006162615, 0.000223227456445], [0.000476033601444, 0.00283464277163, -0.000308984017465, 1.64294015121e-05, -0.00217783893459, 0.00253070471808, -0.00270397122949, 0.00126561010256, -0.000963705359027, 0.0011849127477, -0.00259356969036, 0.00258848955855, -0.00223522400483], [-0.00012599886395, -0.000308984017465, 0.00341049209237, -0.00192876486108, 0.0012722958345, -0.00149725622032, 0.000686832529027, -0.000751210201997, 0.000676316209137, -0.00283370772377, 0.00326432660222, -0.00391699792817, 0.00144112284761], [3.17750163958e-05, 1.64294015121e-05, -0.00192876486108, 0.00587920565158, -0.00155901850667, -0.000173781721969, -0.00014273339184, -0.000580356339924, -0.00147795327939, 0.00152110832278, -0.00206016446464, 0.0028247537557, -0.00179723394103], [-0.000294581754133, -0.00217783893459, 0.0012722958345, -0.00155901850667, 0.00729528348893, -0.00343601126224, 0.00153420167044, -0.00232545658946, 0.00085841229884, -0.00354054919444, 0.0038696420379, -0.00324945035391, -0.000306267960696], [-0.000358469318599, 0.00253070471808, -0.00149725622032, -0.000173781721969, -0.00343601126224, 0.010204971768, -0.00562965543941, 0.00316441943869, -0.00190286163706, 0.00392183987424, -0.00559984892607, 0.0035670788493, -0.00123426702339], [-7.16601498425e-05, -0.00270397122949, 0.000686832529027, -0.00014273339184, 0.00153420167044, -0.00562965543941, 0.0117240007967, -0.00699851475656, 0.00546612869948, -0.00383711699396, 0.00035675149411, -0.00297404243611, 0.00252291210927], [-0.00035430220305, 0.00126561010256, -0.000751210201997, -0.000580356339924, -0.00232545658946, 0.00316441943869, -0.00699851475656, 0.0162797644734, -0.00670896610245, 0.000562984787393, 0.000233118204051, 0.0030149682425, -0.0016115733888], [-0.000431849184679, -0.000963705359027, 0.000676316209137, -0.00147795327939, 0.00085841229884, -0.00190286163706, 0.00546612869948, -0.00670896610245, 0.0128859961405, -0.00388017110527, -0.000324145861669, 0.00042470372864, -0.00312909856439], [-0.000225757263252, 0.0011849127477, -0.00283370772377, 0.00152110832278, -0.00354054919444, 0.00392183987424, -0.00383711699396, 0.000562984787393, -0.00388017110527, 0.0195184871554, -0.00538839679211, -0.00113479350694, 0.00117737869732], [0.000257522886386, -0.00259356969036, 0.00326432660222, -0.00206016446464, 0.0038696420379, -0.00559984892607, 0.00035675149411, 0.000233118204051, -0.000324145861669, -0.00538839679211, 0.019911756739, -0.0112791992724, 0.00203323201276], [-0.000408006162615, 0.00258848955855, -0.00391699792817, 0.0028247537557, -0.00324945035391, 0.0035670788493, -0.00297404243611, 0.0030149682425, 0.00042470372864, -0.00113479350694, -0.0112791992724, 0.0270444322377, -0.00933391228318], [0.000223227456445, -0.00223522400483, 0.00144112284761, -0.00179723394103, -0.000306267960696, -0.00123426702339, 0.00252291210927, -0.0016115733888, -0.00312909856439, 0.00117737869732, 0.00203323201276, -0.00933391228318, 0.0200597066432]]
    },
    "melbands": {
        "max": [0.0282557364553, 0.0167070105672, 0.0140871116892, 0.00946511700749, 0.0096935229376, 0.0220330134034, 0.007175010629, 0.0103901000693, 0.0143534988165, 0.00934503786266, 0.00794248655438, 0.00471710925922, 0.00299993599765, 0.00323426909745, 0.00483235064894, 0.00530383596197, 0.00270020868629, 0.00415121205151, 0.00279696146026, 0.00186111941002, 0.00113371270709, 0.000530477263965, 0.000627746048849, 0.000113517642603, 4.50002917205e-05, 9.0905225079e-05, 6.53986062389e-05, 5.95357632847e-05, 6.64660983603e-05, 7.66029697843e-05, 0.000159290531883, 0.000152105349116, 0.00021904798632, 0.000392873218516, 0.000360228092177, 0.000253116886597, 0.000339930353221, 0.000443971046479, 0.000137964874739, 5.21322035638e-05],
        "mean": [0.00142562179826, 0.000915036420338, 0.000613022828475, 0.000377400487196, 0.000519852270372, 0.000541713088751, 0.000298559782095, 0.000267695286311, 0.000540341832675, 0.000447682366939, 0.00034280132968, 0.000226596777793, 0.000189077822142, 0.000160905256053, 0.000132352812216, 0.000144266014104, 0.00011933229689, 8.06771713542e-05, 6.90006854711e-05, 6.21090875939e-05, 6.08487680438e-05, 3.37621531799e-05, 2.42905025516e-05, 1.21274370031e-05, 6.37719222141e-06, 7.25158633941e-06, 5.36445941179e-06, 4.75237720821e-06, 3.89649130739e-06, 2.79460141428e-06, 2.86263116323e-06, 3.44029490407e-06, 4.52482345281e-06, 5.97090638621e-06, 6.92520143275e-06, 6.12346821072e-06, 4.92007711728e-06, 3.57435760634e-06, 1.85704641353e-06, 1.10036887691e-06],
        "min": [2.92862836204e-07, 1.27060502564e-06, 1.46151569425e-06, 1.9750239062e-06, 2.49275353781e-06, 2.09466838896e-06, 2.17540019776e-07, 1.29943782667e-06, 3.20943900078e-06, 3.34418314196e-06, 2.14899387174e-06, 8.71976737926e-07, 2.01394982469e-07, 6.09717517364e-07, 7.48625041069e-07, 1.80026674457e-07, 4.50885181635e-07, 5.61793171983e-07, 2.54399765254e-07, 1.96234523742e-07, 4.77924857023e-07, 1.86899058008e-07, 1.94811576648e-07, 9.62630934964e-08, 5.43882201498e-08, 7.0931420737e-08, 8.85603412826e-08, 2.98022762024e-08, 1.33506148359e-08, 3.15583861266e-08, 2.39610908892e-08, 8.19971202048e-09, 1.35687123759e-08, 1.52235379858e-08, 6.48874776132e-09, 6.65281429946e-09, 3.9750989167e-09, 3.98135124868e-09, 3.0312432564e-09, 2.59366728095e-09],
        "stdev": [0.00288115278818, 0.00164631439839, 0.00131228077225, 0.00054386863485, 0.000703772704583, 0.000820190995, 0.00049521640176, 0.000491472019348, 0.00094000750687, 0.000718843715731, 0.000641799531877, 0.000364326580893, 0.000319154147292, 0.000258595478954, 0.000274372636341, 0.000316706049489, 0.000229504323215, 0.000177185735083, 0.000164546130691, 0.000129923020722, 0.000102453719592, 5.30512261321e-05, 4.289478602e-05, 1.2855541172e-05, 5.50945469513e-06, 6.83354210196e-06, 5.05298703501e-06, 4.8921351663e-06, 4.4176931624e-06, 3.98065049012e-06, 6.52923108646e-06, 7.52400819692e-06, 1.11931412903e-05, 1.90687369468e-05, 2.43640060944e-05, 2.09183835977e-05, 1.83316697075e-05, 1.48155977513e-05, 6.48357354294e-06, 3.30786019731e-06]
    },
    "melbands128": {
        "max": [0.0114628998563, 0.0384800545871, 0.0358384922147, 0.014583834447, 0.0150926336646, 0.0298116579652, 0.0239855572581, 0.00958716962487, 0.00608222698793, 0.0104398680851, 0.0180158298463, 0.0065562101081, 0.0131802875549, 0.0168867651373, 0.0255513675511, 0.0266529545188, 0.0121786547825, 0.00993638858199, 0.0156442690641, 0.0127064455301, 0.0213295966387, 0.0160773694515, 0.0255770161748, 0.0156272649765, 0.0137491300702, 0.0133612072095, 0.0220217108727, 0.0112123247236, 0.00296966568567, 0.00710796471685, 0.00838976167142, 0.00754164159298, 0.00596632575616, 0.00437416322529, 0.00669442955405, 0.00466424459592, 0.00688297487795, 0.00605428544804, 0.00904396735132, 0.0143122281879, 0.00921861827374, 0.00613647978753, 0.00533480430022, 0.00491605931893, 0.0102314790711, 0.00318294111639, 0.00685830507427, 0.00645357603207, 0.00442294217646, 0.00562221556902, 0.00191746430937, 0.00279320054688, 0.00286986585706, 0.00227429135703, 0.00188565568533, 0.000995858805254, 0.00139537313953, 0.00140455947258, 0.00117402011529, 0.000352404866135, 0.000269624171779, 0.000107880587166, 7.76752567617e-05, 7.09615414962e-05, 0.000101220073702, 9.71810513875e-05, 0.000167929392774, 0.000111108085548, 7.78259854997e-05, 8.71399897733e-05, 9.01459352463e-05, 8.39675412863e-05, 5.32306767127e-05, 0.000118720570754, 8.22959991638e-05, 6.21704821242e-05, 9.14248230401e-05, 0.000113956142741, 0.000189533966477, 0.000166943136719, 0.000183551819646, 0.000134741872898, 0.000149225903442, 0.000238560241996, 0.000367332104361, 0.000273916171864, 0.000637283956166, 0.000318603240885, 0.000456683541415, 0.000368568755221, 0.000326858018525, 0.000319779937854, 0.000323877407936, 0.000452021631645, 0.000300343672279, 0.000399253534852, 0.000591279938817, 0.000381486723199, 0.000157993315952, 6.9794295996e-05, 6.75841220072e-05, 5.45551010873e-05, 3.20023864333e-05, 2.33755399677e-05, 2.70246055152e-05, 1.38717095979e-05, 2.09062400245e-05, 9.50005960476e-06, 8.51765435073e-06, 8.86828820512e-06, 9.44873227127e-06, 1.03618758658e-05, 1.19234373415e-05, 3.01546720038e-06, 3.797402087e-06, 5.18172191732e-06, 7.71479608375e-06, 3.29014096678e-06, 2.44964985541e-06, 1.25125586692e-06, 8.54071629419e-07, 7.95026949163e-07, 3.94975103291e-07, 5.35241575506e-08, 8.78138450844e-10, 8.68257354902e-10, 8.6205048655e-10, 8.57934390197e-10],
        "mean": [0.000454205932328, 0.00165506626945, 0.00184599519707, 0.000998004106805, 0.000679258839227, 0.00104759831447, 0.000825994473416, 0.000450214924058, 0.000309929193463, 0.000379447214073, 0.000422063661972, 0.000389770400943, 0.000556322745979, 0.000676277268212, 0.000589504430536, 0.000488801568281, 0.000280724343611, 0.000305099238176, 0.000250129320193, 0.000217050604988, 0.000220316986088, 0.00055316509679, 0.000633204937913, 0.00044213788351, 0.00051622686442, 0.000346590095432, 0.000543518399354, 0.000346972374246, 0.00015526432253, 0.000299842620734, 0.000191467435798, 0.000203632327612, 0.000246855022851, 0.000103627004137, 0.00018434903177, 0.000180035756784, 0.000133495952468, 8.96309793461e-05, 0.000173244145117, 0.000160680385306, 0.000107425599708, 0.000173442385858, 0.000124995276565, 8.67470444064e-05, 0.000101921068563, 6.72660898999e-05, 7.96793028712e-05, 6.06887042522e-05, 6.4071304223e-05, 8.9595123427e-05, 5.26887633896e-05, 4.56958186987e-05, 6.32393566775e-05, 6.90000670147e-05, 5.71373457205e-05, 1.91408216779e-05, 2.28276549024e-05, 3.77731630579e-05, 1.99105543288e-05, 1.01994037323e-05, 1.51517342601e-05, 9.777935702e-06, 6.10997312833e-06, 5.40837618246e-06, 6.80982975609e-06, 7.60220655138e-06, 7.78824596637e-06, 5.18284832651e-06, 4.45521072834e-06, 6.2133008214e-06, 4.88378009322e-06, 3.95268079956e-06, 4.13055931858e-06, 4.20813512392e-06, 3.15488250635e-06, 2.79852179119e-06, 2.70252257906e-06, 2.50048651651e-06, 2.90649654744e-06, 3.14077033181e-06, 3.23505264532e-06, 3.36624088959e-06, 4.38594088337e-06, 4.54670635008e-06, 4.67399468107e-06, 5.37988080396e-06, 6.68811298965e-06, 6.82740892444e-06, 7.09454570824e-06, 6.94484515407e-06, 6.31435977994e-06, 6.11866335021e-06, 5.2439877436e-06, 4.96395114169e-06, 4.8457691264e-06, 3.97560916099e-06, 3.48274852513e-06, 2.67733162218e-06, 1.85065414371e-06, 1.43791589835e-06, 1.30361490847e-06, 1.11632937205e-06, 7.72504336055e-07, 5.92539606714e-07, 5.14344549174e-07, 4.132859317e-07, 3.93770989149e-07, 3.29679238575e-07, 3.34274375291e-07, 2.60890885784e-07, 2.18372335326e-07, 1.72574075918e-07, 1.33590702944e-07, 1.00464809805e-07, 1.20087506161e-07, 1.03515624517e-07, 8.20889241027e-08, 6.81106797629e-08, 5.2516995197e-08, 2.82250542938e-08, 1.54689718812e-08, 1.32800002106e-08, 6.54996235028e-09, 2.28910390643e-10, 4.70799701308e-12, 4.53548353388e-12, 4.43598413211e-12, 4.40286305678e-12],
        "min": [8.97169183389e-09, 5.22790486457e-08, 4.60700384508e-08, 7.79118991545e-08, 4.64836034553e-07, 8.82481344888e-07, 1.3579623328e-06, 5.32069520887e-07, 2.19894502607e-07, 1.51854476371e-06, 7.50376557335e-07, 4.45697168061e-07, 8.21506318971e-07, 1.79809057954e-06, 2.01075249606e-06, 4.69705412343e-07, 2.64041517539e-07, 8.43055829591e-08, 5.99319776029e-08, 3.00293351074e-07, 5.27186330146e-07, 7.82386734954e-07, 8.2296145365e-07, 7.37309335364e-07, 3.46668116435e-07, 1.15570560411e-06, 2.44582906817e-07, 6.10943743595e-07, 2.61603588569e-07, 6.93453159784e-07, 1.31245954549e-07, 1.4968301798e-07, 2.85051044102e-07, 1.81813149425e-07, 1.0753112889e-07, 6.6776976837e-07, 8.33097715258e-08, 1.72613582095e-07, 3.30410017568e-07, 5.89259272488e-08, 1.52420312816e-07, 2.20546795049e-07, 2.42241810611e-07, 1.63300484246e-07, 1.67655215932e-07, 3.21818305338e-07, 3.77285090281e-07, 1.15905038456e-07, 8.48443590939e-08, 1.82376112434e-07, 9.48342346874e-08, 7.36208178864e-08, 1.24247705457e-07, 1.64894942145e-07, 5.60401822725e-08, 4.7597826125e-08, 6.72221247555e-08, 1.47250489135e-07, 5.02494437171e-08, 6.75066900158e-08, 1.00523237734e-07, 7.83878846278e-08, 3.3919612008e-08, 2.23065050875e-08, 2.69859175006e-08, 3.31516467611e-08, 4.04406748089e-08, 2.07236379168e-08, 4.49328965146e-08, 3.91235737141e-08, 2.11052526566e-08, 1.93168006035e-08, 5.4160187446e-09, 4.80998885166e-09, 2.82740320046e-08, 1.98230605264e-08, 2.32223893448e-08, 1.42911256162e-08, 7.67852803563e-09, 3.95099375439e-09, 1.20225973621e-09, 8.24168910896e-09, 1.37521922738e-08, 1.30571162771e-08, 1.04752793106e-08, 1.02359267729e-08, 4.13425471635e-09, 2.58040588896e-09, 2.33058661259e-09, 5.97854610263e-09, 3.69283248425e-09, 2.83692003222e-09, 5.42706324325e-09, 2.74691003277e-09, 2.39821140724e-09, 2.47403608711e-09, 3.37697358965e-09, 2.44620013135e-09, 2.37132247172e-09, 2.01747596407e-09, 2.41115483135e-09, 1.14839127097e-09, 1.33525002166e-09, 3.39319933262e-10, 9.71433267161e-10, 3.38890471241e-10, 2.73500389003e-10, 8.89086193556e-10, 6.17231099564e-10, 5.77037195804e-10, 3.17161186203e-10, 1.59950261369e-10, 1.02079907027e-10, 6.52010043178e-11, 7.98679455905e-11, 6.29232707605e-11, 2.32874726447e-11, 3.62955867618e-13, 1.82848067199e-13, 1.15818189457e-13, 1.50850076245e-13, 1.63201049896e-13, 1.47048090935e-13, 1.33663032357e-13, 9.62779863971e-14, 3.65375657789e-14, 5.5444841257e-15, 2.39000722221e-16],
        "stdev": [0.0012002264848, 0.00389546272345, 0.00359513796866, 0.00162141374312, 0.001271703979, 0.00290597579442, 0.0022167537827, 0.000802936905529, 0.000459550676169, 0.00073543965118, 0.000789206300396, 0.000607608817518, 0.00103794236202, 0.00118812604342, 0.00104293122422, 0.000927541346755, 0.000551243836526, 0.000646606320515, 0.000679907097947, 0.000609227572568, 0.000633270712569, 0.00100746552926, 0.00154074921738, 0.000902989762835, 0.0011378506897, 0.000764406169765, 0.0013601804385, 0.000907238631044, 0.000272635690635, 0.000591503689066, 0.00047057212214, 0.000446975172963, 0.000532239850145, 0.000278624589555, 0.000395309412852, 0.000340566097293, 0.00036178380833, 0.00033188686939, 0.00047721125884, 0.00064649322303, 0.000362298160326, 0.000428720435593, 0.000377882941393, 0.000238680862822, 0.000406098930398, 0.000176097339136, 0.000264588044956, 0.000262013141764, 0.00021677769837, 0.000306618545437, 0.00014981708955, 0.000158124021254, 0.00015780760441, 0.000166533543961, 0.000132377288537, 4.95958411193e-05, 6.36726617813e-05, 8.47382907523e-05, 5.52303135919e-05, 2.37414860749e-05, 2.08606979868e-05, 1.12041670945e-05, 7.99590179668e-06, 6.39867403152e-06, 9.08105630515e-06, 9.12083578442e-06, 9.67400410445e-06, 6.87922511133e-06, 5.77289711146e-06, 8.2248407125e-06, 6.61730246065e-06, 5.81223321205e-06, 5.18465094501e-06, 6.10053302808e-06, 5.58099327463e-06, 4.26223095928e-06, 4.78991523778e-06, 4.96075881529e-06, 7.97253323981e-06, 8.27281019156e-06, 8.42043209559e-06, 7.68611243984e-06, 9.55524046731e-06, 1.2308040823e-05, 1.40186766657e-05, 1.54289155034e-05, 2.54693713941e-05, 2.51145011134e-05, 2.74658887065e-05, 2.50713455898e-05, 2.14576102735e-05, 2.21355367103e-05, 2.01581187866e-05, 2.04177231353e-05, 1.81393243111e-05, 1.58524781e-05, 1.72823547473e-05, 1.27664106913e-05, 6.66692994855e-06, 4.7069320317e-06, 4.22898074248e-06, 3.57521207661e-06, 2.14890656025e-06, 1.6676224277e-06, 1.4126003407e-06, 1.06590596261e-06, 1.02090052678e-06, 7.89559123859e-07, 7.9487011817e-07, 6.44059923616e-07, 6.20498383341e-07, 5.13003101332e-07, 4.19843644295e-07, 2.46291250505e-07, 2.85151145363e-07, 2.7767919164e-07, 2.73528854677e-07, 2.20997989686e-07, 1.68235303022e-07, 9.17128133437e-08, 5.17517300125e-08, 4.84236899467e-08, 2.71630220539e-08, 1.90282234414e-09, 2.79582381552e-11, 2.76517975184e-11, 2.74643068704e-11, 2.73357655955e-11]
    },
    "mfcc": {
        "mean": [-606.118469238, 118.6927948, -6.66114187241, -0.876487970352, -1.49730181694, 3.73350739479, -7.87757396698, 6.66533327103, -2.84188389778, 4.83021640778, -3.34831690788, 1.39526689053, -1.45984911919],
        "cov": [[1804.38867188, -478.054351807, 141.302993774, -60.0723152161, 110.669914246, 73.258644104, -4.98220586777, 79.0279464722, 81.4673309326, 87.4389724731, 48.39894104, 35.8458442688, 31.8796062469], [-478.054351807, 788.285827637, -223.398391724, 149.706893921, -1.74727416039, -2.57093262672, 99.8625640869, 8.3626499176, 43.6929893494, 4.55388784409, 24.7474250793, 5.45694684982, 42.0533180237], [141.302993774, -223.398391724, 488.782073975, 43.5023994446, 22.3219337463, 63.1659812927, 0.0932889804244, 18.7541999817, 14.9161653519, -0.336615055799, 37.8296356201, 8.97769927979, 15.9958410263], [-60.0723152161, 149.706893921, 43.5023994446, 261.815765381, 83.4620742798, 8.52373027802, 21.905790329, 12.894203186, 76.7937164307, 36.7603797913, -1.26811909676, 22.8078861237, 49.9773216248], [110.669914246, -1.74727416039, 22.3219337463, 83.4620742798, 236.476730347, 42.9851150513, -42.5166015625, 18.8355464935, 68.3702468872, 51.0488586426, -22.9621067047, 19.8135929108, 28.5490913391], [73.258644104, -2.57093262672, 63.1659812927, 8.52373027802, 42.9851150513, 152.253646851, 90.5234680176, 38.1017456055, 7.45038080215, 1.02690589428, 46.0370101929, 5.74418592453, 3.2681415081], [-4.98220586777, 99.8625640869, 0.0932889804244, 21.905790329, -42.5166015625, 90.5234680176, 228.705291748, 66.4471740723, 2.95284128189, -10.3424415588, 77.8488235474, 6.27031707764, -1.59739160538], [79.0279464722, 8.3626499176, 18.7541999817, 12.894203186, 18.8355464935, 38.1017456055, 66.4471740723, 98.164390564, 33.1295928955, 23.7187633514, 29.1571350098, 15.0920267105, 3.65326976776], [81.4673309326, 43.6929893494, 14.9161653519, 76.7937164307, 68.3702468872, 7.45038080215, 2.95284128189, 33.1295928955, 130.20300293, 55.629940033, 7.72758197784, 6.58714056015, 20.6258831024], [87.4389724731, 4.55388784409, -0.336615055799, 36.7603797913, 51.0488586426, 1.02690589428, -10.3424415588, 23.7187633514, 55.629940033, 88.3327484131, 14.0762891769, 17.4642105103, 10.4641294479], [48.39894104, 24.7474250793, 37.8296356201, -1.26811909676, -22.9621067047, 46.0370101929, 77.8488235474, 29.1571350098, 7.72758197784, 14.0762891769, 98.5317764282, 17.9190177917, 2.66071128845], [35.8458442688, 5.45694684982, 8.97769927979, 22.8078861237, 19.8135929108, 5.74418592453, 6.27031707764, 15.0920267105, 6.58714056015, 17.4642105103, 17.9190177917, 68.2035446167, 31.5946140289], [31.8796062469, 42.0533180237, 15.9958410263, 49.9773216248, 28.5490913391, 3.2681415081, -1.59739160538, 3.65326976776, 20.6258831024, 10.4641294479, 2.66071128845, 31.5946140289, 75.0280456543]],
        "icov": [[0.000772413623054, 0.000523729075212, 8.86612033355e-05, 0.00019345250621, -0.00018406365416, -0.000139829222462, -3.30061993736e-05, -0.000285023474135, -0.000342508021276, -0.000372860231437, -0.000328985595843, 7.96398380771e-05, -0.000555919134058], [0.000523729075212, 0.00227932003327, 0.00108268391341, -0.00103288644459, 3.08073103952e-05, 2.74970116152e-05, -0.000633293937426, 5.86396272411e-05, -0.000488926889375, 0.00016100218636, -0.000833078869618, 0.000540713430382, -0.00115835701581], [8.86612033355e-05, 0.00108268391341, 0.00290801608935, -0.00113333691843, 0.000281626387732, -0.00115969125181, 0.000804113515187, -0.000424712401582, -0.000228475022595, 0.00077748199692, -0.00150366965681, 0.000444956560386, -0.00070808979217], [0.00019345250621, -0.00103288644459, -0.00113333691843, 0.00642355252057, -0.00150157697499, 0.000866397924256, -0.00153610110283, 0.0010622687405, -0.00229797163047, -0.000797968939878, 0.0013033032883, -0.000690086453687, -0.0021038595587], [-0.00018406365416, 3.08073103952e-05, 0.000281626387732, -0.00150157697499, 0.00726232910529, -0.00377854215913, 0.00231632590294, -0.000694824557286, -0.00171307008713, -0.00193254218902, 0.00240545906126, -0.00107459013816, -0.000406866136473], [-0.000139829222462, 2.74970116152e-05, -0.00115969125181, 0.000866397924256, -0.00377854215913, 0.0115352002904, -0.00430747587234, -0.000573375611566, 0.000905985420104, 0.00114100030623, -0.00258068856783, 0.000940499186981, -0.000127072024043], [-3.30061993736e-05, -0.000633293937426, 0.000804113515187, -0.00153610110283, 0.00231632590294, -0.00430747587234, 0.00993815157562, -0.00478475168347, 0.000282531458652, 0.00221846718341, -0.00451404508203, 0.000691402063239, 0.000453428190667], [-0.000285023474135, 5.86396272411e-05, -0.000424712401582, 0.0010622687405, -0.000694824557286, -0.000573375611566, -0.00478475168347, 0.0157352816314, -0.00299930921756, -0.00233918288723, 0.000570612901356, -0.00275556161068, 0.00118343008216], [-0.000342508021276, -0.000488926889375, -0.000228475022595, -0.00229797163047, -0.00171307008713, 0.000905985420104, 0.000282531458652, -0.00299930921756, 0.0136244855821, -0.00578626478091, -0.000568552815821, 0.00306068197824, -0.00144374929368], [-0.000372860231437, 0.00016100218636, 0.00077748199692, -0.000797968939878, -0.00193254218902, 0.00114100030623, 0.00221846718341, -0.00233918288723, -0.00578626478091, 0.0186453070492, -0.00395666994154, -0.00278275762685, 0.00158314476721], [-0.000328985595843, -0.000833078869618, -0.00150366965681, 0.0013033032883, 0.00240545906126, -0.00258068856783, -0.00451404508203, 0.000570612901356, -0.000568552815821, -0.00395666994154, 0.017627120018, -0.00421242462471, 0.00098926818464], [7.96398380771e-05, 0.000540713430382, 0.000444956560386, -0.000690086453687, -0.00107459013816, 0.000940499186981, 0.000691402063239, -0.00275556161068, 0.00306068197824, -0.00278275762685, -0.00421242462471, 0.0210458002985, -0.0086216609925], [-0.000555919134058, -0.00115835701581, -0.00070808979217, -0.0021038595587, -0.000406866136473, -0.000127072024043, 0.000453428190667, 0.00118343008216, -0.00144374929368, 0.00158314476721, 0.00098926818464, -0.0086216609925, 0.0196502134204]]
    },
    "spectral_contrast_coeffs": {
        "max": [-0.450826644897, -0.446803480387, -0.477552294731, -0.540077090263, -0.617394983768, -0.66660130024],
        "mean": [-0.720330893993, -0.754165053368, -0.7327054739, -0.751666009426, -0.779455423355, -0.774208366871],
        "min": [-0.895444512367, -0.909559428692, -0.895095288754, -0.897195339203, -0.875491380692, -0.863852679729],
        "stdev": [0.0726259350777, 0.057940069586, 0.063699670136, 0.05822596699, 0.0384633429348, 0.0251691415906]
    },
    "spectral_contrast_valleys": {
        "max": [-4.91855859756, -4.67272806168, -5.13318538666, -5.88031244278, -6.09784030914, -7.25126981735],
        "mean": [-6.65600824356, -6.17811107635, -6.84088039398, -7.23840522766, -7.49247694016, -9.78994464874],
        "min": [-9.18068504333, -8.10447025299, -8.836353302, -8.99463272095, -9.41509914398, -12.1446180344],
        "stdev": [0.69222921133, 0.50432664156, 0.496330291033, 0.435786128044, 0.485602468252, 0.792158305645]
    }
},
"rhythm": {
    "beats_count": 139,
    "beats_loudness": {
        "max": 0.0984627977014,
        "mean": 0.0464780665934,
        "min": 0.0116445729509,
        "stdev": 0.0234578307718
    },
    "bpm": 184.5703125,
    "bpm_histogram_first_peak_bpm": 185,
    "bpm_histogram_first_peak_weight": 0,
    "bpm_histogram_second_peak_bpm": 178,
    "bpm_histogram_second_peak_spread": 0,
    "bpm_histogram_second_peak_weight": 0.166666671634,
    "danceability": 1.38198769093,
    "onset_rate": 3.609375,
    "beats_loudness_band_ratio": {
        "max": [0.909207522869, 0.657751560211, 0.697358012199, 0.756378829479, 0.671628654003, 0.690637230873],
        "mean": [0.296350330114, 0.159329861403, 0.220635041595, 0.20352691412, 0.0971291586757, 0.0452130399644],
        "min": [0.0147260194644, 0.0170756075531, 0.0226344428957, 0.00578124728054, 0.00657173898071, 0.00139724416658],
        "stdev": [0.225493475795, 0.121135763824, 0.145238652825, 0.169439584017, 0.0983394384384, 0.0870699957013]
    },
