{
"metadata": {
    "version": {
        "essentia": "2.1-beta5",
        "essentia_git_sha": "Undefined",
        "extractor": "music 2.0"
    },
    "audio_properties": {
        "analysis": {
            "equal_loudness": 0,
            "length": 48.7502937317,
            "sample_rate": 44100,
            "start_time": 110.248344421,
            "downmix": "mix"
        },
        "bit_rate": 192000,
        "length": 206.007461548,
        "lossless": 0,
        "number_channels": 2,
        "replay_gain": -6.04718017578,
        "sample_rate": 48000,
        "codec": "mp3",
        "md5_encoded": "9b3f5a433fbe8c8c688985f45c39c092"
    },
    "tags": {
        "file_name": "Poland_Jestem_Magdalena Tul.mp3",
        "encoding": ["Lavf58.29.100"]
    }
},
"lowlevel": {
    "average_loudness": 0.937000870705,
    "barkbands_crest": {
        "max": 26.1263904572,
        "mean": 13.3176794052,
        "min": 2.04791879654,
        "stdev": 6.00140237808
    },
    "barkbands_flatness_db": {
        "max": 0.322657495737,
        "mean": 0.123554877937,
        "min": 0.0139970593154,
        "stdev": 0.0592780150473
    },
    "barkbands_kurtosis": {
        "max": 174.370880127,
        "mean": 8.42826843262,
        "min": -1.93892896175,
        "stdev": 17.8435764313
    },
    "barkbands_skewness": {
        "max": 12.3132076263,
        "mean": 1.97710752487,
        "min": -2.02467465401,
        "stdev": 1.96786379814
    },
    "barkbands_spread": {
        "max": 111.25692749,
        "mean": 28.0389022827,
        "min": 1.47324872017,
        "stdev": 18.5484104156
    },
    "dissonance": {
        "max": 0.499945312738,
        "mean": 0.470383703709,
        "min": 0.145553871989,
        "stdev": 0.0277312509716
    },
    "dynamic_complexity": 3.51102018356,
    "erbbands_crest": {
        "max": 31.1552448273,
        "mean": 10.4335975647,
        "min": 2.19511723518,
        "stdev": 6.72387742996
    },
    "erbbands_flatness_db": {
        "max": 0.342071563005,
        "mean": 0.126814901829,
        "min": 0.0513685941696,
        "stdev": 0.0447881780565
    },
    "erbbands_kurtosis": {
        "max": 38.9443206787,
        "mean": 1.72146582603,
        "min": -1.8181438446,
        "stdev": 4.61519432068
    },
    "erbbands_skewness": {
        "max": 5.89002037048,
        "mean": 0.564005494118,
        "min": -3.30976557732,
        "stdev": 1.12845087051
    },
    "erbbands_spread": {
        "max": 132.339080811,
        "mean": 45.0710487366,
        "min": 3.97104096413,
        "stdev": 23.885635376
    },
    "hfc": {
        "max": 215.571243286,
        "mean": 28.1430072784,
        "min": 0.767731308937,
        "stdev": 29.305431366
    },
    "loudness_ebu128": {
        "integrated": -17.0274868011,
        "loudness_range": 5.82033348083,
        "momentary": {
            "max": -12.294708252,
            "mean": -17.7182388306,
            "min": -24.9617862701,
            "stdev": 2.53648138046
        },
        "short_term": {
            "max": -14.4012413025,
            "mean": -17.6361064911,
            "min": -21.485458374,
            "stdev": 1.98248231411
        }
    },
    "melbands_crest": {
        "max": 37.3495101929,
        "mean": 19.3737888336,
        "min": 3.31525349617,
        "stdev": 8.15025806427
    },
    "melbands_flatness_db": {
        "max": 0.420311152935,
        "mean": 0.193293973804,
        "min": 0.0383489914238,
        "stdev": 0.0760105997324
    },
    "melbands_kurtosis": {
        "max": 559.929077148,
        "mean": 29.4373779297,
        "min": -1.76966607571,
        "stdev": 55.5550765991
    },
    "melbands_skewness": {
        "max": 20.9648227692,
        "mean": 3.51833081245,
        "min": -1.23016548157,
        "stdev": 3.13537430763
    },
    "melbands_spread": {
        "max": 217.777832031,
        "mean": 27.2607631683,
        "min": 0.769353210926,
        "stdev": 23.4561882019
    },
    "pitch_salience": {
        "max": 0.880746781826,
        "mean": 0.451809287071,
        "min": 0.0620438195765,
        "stdev": 0.163814812899
    },
    "silence_rate_20dB": {
        "max": 1,
        "mean": 1,
        "min": 1,
        "stdev": 0
    },
    "silence_rate_30dB": {
        "max": 1,
        "mean": 0.995240390301,
        "min": 0,
        "stdev": 0.0688261017203
    },
    "silence_rate_60dB": {
        "max": 1,
        "mean": 0.0252260826528,
        "min": 0,
        "stdev": 0.15681143105
    },
    "spectral_centroid": {
        "max": 4737.09960938,
        "mean": 1647.17028809,
        "min": 510.525024414,
        "stdev": 657.80090332
    },
    "spectral_complexity": {
        "max": 53,
        "mean": 16.5640163422,
        "min": 1,
        "stdev": 8.58133602142
    },
    "spectral_decrease": {
        "max": -1.71005154481e-10,
        "mean": -8.62303117799e-09,
        "min": -4.205740467e-08,
        "stdev": 6.42823350105e-09
    },
    "spectral_energy": {
        "max": 0.159917473793,
        "mean": 0.0350979678333,
        "min": 0.000782320159487,
        "stdev": 0.0254507660866
    },
    "spectral_energyband_high": {
        "max": 0.0293270722032,
        "mean": 0.00165971601382,
        "min": 4.31770786236e-05,
        "stdev": 0.00267967185937
    },
    "spectral_energyband_low": {
        "max": 0.155744105577,
        "mean": 0.0188062321395,
        "min": 5.82830907661e-05,
        "stdev": 0.0203526169062
    },
    "spectral_energyband_middle_high": {
        "max": 0.110227420926,
        "mean": 0.0103191845119,
        "min": 5.82777902309e-05,
        "stdev": 0.0162425693125
    },
    "spectral_energyband_middle_low": {
        "max": 0.0658677220345,
        "mean": 0.00503434147686,
        "min": 0.000181758849067,
        "stdev": 0.0056392904371
    },
    "spectral_entropy": {
        "max": 8.80850315094,
        "mean": 7.98810195923,
        "min": 6.7380695343,
        "stdev": 0.283908247948
    },
    "spectral_flux": {
        "max": 0.311054825783,
        "mean": 0.0957857593894,
        "min": 0.0168168283999,
        "stdev": 0.0479608140886
    },
    "spectral_kurtosis": {
        "max": 9.44434547424,
        "mean": 2.20200514793,
        "min": -0.926655292511,
        "stdev": 1.2062574625
    },
    "spectral_rms": {
        "max": 0.0124906785786,
        "mean": 0.00542706716806,
        "min": 0.000873635639437,
        "stdev": 0.00218833633699
    },
    "spectral_rolloff": {
        "max": 11993.9941406,
        "mean": 1671.29162598,
        "min": 43.06640625,
        "stdev": 1936.78344727
    },
    "spectral_skewness": {
        "max": 2.54843854904,
        "mean": 1.2453083992,
        "min": -0.0681011527777,
        "stdev": 0.347410410643
    },
    "spectral_spread": {
        "max": 13784122,
        "mean": 6071919.5,
        "min": 3210992.25,
        "stdev": 1349575.25
    },
    "spectral_strongpeak": {
        "max": 14.5524158478,
        "mean": 1.30339765549,
        "min": 0,
        "stdev": 2.27615642548
    },
    "zerocrossingrate": {
        "max": 0.31640625,
        "mean": 0.0728059634566,
        "min": 0.00341796875,
        "stdev": 0.0467959158123
    },
    "barkbands": {
        "max": [0.0202468968928, 0.13506193459, 0.0350657179952, 0.0233602039516, 0.0151317324489, 0.0420089960098, 0.0277986861765, 0.0390340983868, 0.0287643503398, 0.0955140292645, 0.0905883833766, 0.105183646083, 0.0444593243301, 0.00722733093426, 0.015838149935, 0.0150603689253, 0.00665273237973, 0.0021161083132, 0.00322201405652, 0.00198877416551, 0.00379380770028, 0.00795271620154, 0.0135161038488, 0.0108479568735, 0.00279963458888, 0.00248579517938, 0.000905759050511],
        "mean": [0.00141362275463, 0.0152032691985, 0.0018569054082, 0.00078877073247, 0.0010220190743, 0.000670979323331, 0.000756294466555, 0.000393052643631, 0.000809566525277, 0.00310818571597, 0.0029989683535, 0.00209247670136, 0.00050856807502, 0.000240676628891, 0.000440765346866, 0.000430740008596, 0.000250213022809, 0.000171362131368, 0.000201637289138, 0.000173325082869, 0.000204960771953, 0.00029449275462, 0.000423479214078, 0.000364824547432, 0.000164758472238, 9.69084503595e-05, 1.71805440914e-05],
        "min": [5.55711636707e-08, 2.04736215892e-06, 5.43749081316e-07, 7.22361050975e-07, 3.47275772583e-06, 1.99736723516e-06, 2.86277577288e-06, 2.13104431168e-06, 5.07036338604e-06, 2.89157924271e-06, 2.01429679692e-06, 2.40214421865e-06, 1.93779555957e-06, 3.20592994285e-06, 1.68773181031e-06, 3.38115614795e-06, 3.9073120206e-06, 3.74587898477e-06, 2.41613770413e-06, 4.98975532537e-06, 6.79077857058e-06, 8.17530326458e-06, 7.99976714916e-06, 2.90111347567e-06, 8.05029003459e-07, 1.88079198438e-07, 3.33048727486e-10],
        "stdev": [0.00208981218748, 0.0184291116893, 0.00415025698021, 0.00174742320087, 0.00153936259449, 0.00143678381573, 0.00143858836964, 0.0012495929841, 0.00181247561704, 0.00762421544641, 0.00884941220284, 0.0088127721101, 0.00237963744439, 0.000471102597658, 0.0011592291994, 0.000957618758548, 0.0003634650202, 0.000211259670323, 0.000267978466582, 0.000195867542061, 0.000267150637228, 0.000612798088696, 0.00098994129803, 0.000742984819226, 0.000254213635344, 0.000183265510714, 4.10760803788e-05]
    },
    "erbbands": {
        "max": [6.06408405304, 21.3475341797, 27.4902267456, 44.6710472107, 71.3089599609, 48.3521728516, 175.962432861, 396.859375, 491.907531738, 581.38458252, 814.188903809, 404.535430908, 2682.3449707, 3516.27026367, 4059.07666016, 2215.62573242, 1767.51501465, 607.762695312, 832.241577148, 912.341247559, 799.353149414, 401.086883545, 109.850296021, 179.537002563, 101.896942139, 91.8538131714, 191.013549805, 139.018814087, 264.130371094, 405.14050293, 423.160430908, 287.670318604, 128.756774902, 41.800567627, 21.5600795746, 11.4228601456, 4.15440034866, 0.923330128193, 0.160730078816, 0.00324237416498],
        "mean": [0.659023821354, 2.49970912933, 2.4630010128, 2.54652047157, 3.04068207741, 3.22243618965, 4.44736862183, 5.61369657516, 10.5889463425, 9.09486961365, 9.74032211304, 17.6676120758, 62.2537002563, 139.085021973, 120.285583496, 53.0438537598, 25.3169784546, 13.4383592606, 21.0634040833, 20.9825019836, 23.4266395569, 13.4465837479, 9.650847435, 11.6541204453, 8.35313510895, 8.32852554321, 8.21034049988, 8.19410037994, 10.3525400162, 12.0858812332, 12.097366333, 8.80684661865, 5.27256536484, 2.28996801376, 0.97207057476, 0.517199873924, 0.153893619776, 0.0269556362182, 0.00336973252706, 0.000141520416946],
        "min": [0.000113289504952, 0.00119981577154, 0.0063635664992, 0.00898618623614, 0.0109848333523, 0.00959736295044, 0.0209914185107, 0.0262292809784, 0.0544654987752, 0.0537301115692, 0.0670837759972, 0.114869743586, 0.103756472468, 0.114548832178, 0.131920218468, 0.122814685106, 0.171066731215, 0.120426021516, 0.111653640866, 0.133244723082, 0.236541301012, 0.23892185092, 0.188298240304, 0.19265049696, 0.164552539587, 0.191983997822, 0.225961685181, 0.270000010729, 0.314599424601, 0.203310489655, 0.219618827105, 0.10091714561, 0.0382054969668, 0.015708450228, 0.00405915081501, 0.00146973028313, 0.000257640815107, 2.62075536739e-05, 2.83342365037e-06, 1.3752292034e-06],
        "stdev": [0.880421817303, 3.1188082695, 3.80820846558, 5.59754562378, 5.58679103851, 4.86445474625, 9.63492298126, 13.7867603302, 22.0713558197, 24.3894195557, 26.2999134064, 32.2824172974, 166.016708374, 317.657745361, 391.339416504, 183.151763916, 110.317199707, 26.7468242645, 53.0577430725, 49.8442802429, 45.170173645, 18.4754047394, 11.2867956161, 15.59806633, 9.94446372986, 9.16399288177, 10.2044811249, 12.0685806274, 19.9315166473, 29.7213916779, 28.8861846924, 19.1967391968, 10.2336196899, 3.65344834328, 1.6227145195, 0.966508030891, 0.290535926819, 0.0529298707843, 0.00784029439092, 0.000216860120418]
    },
    "gfcc": {
        "mean": [23.0120067596, 59.2417755127, -101.333595276, 35.7975006104, -56.1918144226, 32.9504699707, -24.5958385468, 17.7001075745, -15.7178239822, 1.6851747036, -13.763926506, 8.86079025269, -4.42351770401],
        "cov": [[2645.15991211, -820.607788086, 89.960105896, -649.513977051, 20.4500484467, 52.7258644104, -89.9567565918, 40.9518051147, -166.329650879, -99.8436203003, -135.767150879, 77.2089996338, -92.8229064941], [-820.607788086, 905.855773926, -41.0266075134, 269.56729126, 139.838378906, -3.11262202263, 159.585128784, 74.1375274658, 91.5417251587, 4.986723423, 73.1569671631, -36.1898956299, 96.0151748657], [89.960105896, -41.0266075134, 501.741912842, 93.8164978027, 59.4431991577, -47.8778572083, -23.2398662567, 50.6537628174, 20.3491954803, 45.6678314209, -26.075460434, 23.1028633118, -19.7956829071], [-649.513977051, 269.56729126, 93.8164978027, 520.587890625, 37.1846694946, -16.2471389771, 18.5092430115, -4.36661624908, 92.9847335815, 50.0996398926, 60.8529853821, -28.6034355164, 25.1680870056], [20.4500484467, 139.838378906, 59.4431991577, 37.1846694946, 198.558807373, 50.9128112793, 69.1800231934, 49.0808906555, 14.3011312485, 20.1047286987, 9.5782251358, 9.3565788269, 14.9755907059], [52.7258644104, -3.11262202263, -47.8778572083, -16.2471389771, 50.9128112793, 286.427856445, 111.936187744, 12.0640201569, 30.0628681183, -11.8972291946, 63.9447174072, 14.7037267685, 31.3819675446], [-89.9567565918, 159.585128784, -23.2398662567, 18.5092430115, 69.1800231934, 111.936187744, 184.778320312, 65.1047210693, 35.9213638306, -1.31644546986, 34.2600860596, 7.39004898071, 35.3465080261], [40.9518051147, 74.1375274658, 50.6537628174, -4.36661624908, 49.0808906555, 12.0640201569, 65.1047210693, 129.754241943, 56.0209121704, 9.90494441986, 2.82536911964, 18.0008602142, 30.3063430786], [-166.329650879, 91.5417251587, 20.3491954803, 92.9847335815, 14.3011312485, 30.0628681183, 35.9213638306, 56.0209121704, 136.477645874, 39.4807510376, 45.4907722473, 7.9482626915, 33.5407333374], [-99.8436203003, 4.986723423, 45.6678314209, 50.0996398926, 20.1047286987, -11.8972291946, -1.31644546986, 9.90494441986, 39.4807510376, 110.89654541, 49.4238166809, 16.3100013733, -10.1586313248], [-135.767150879, 73.1569671631, -26.075460434, 60.8529853821, 9.5782251358, 63.9447174072, 34.2600860596, 2.82536911964, 45.4907722473, 49.4238166809, 119.887542725, 34.329864502, 24.8769950867], [77.2089996338, -36.1898956299, 23.1028633118, -28.6034355164, 9.3565788269, 14.7037267685, 7.39004898071, 18.0008602142, 7.9482626915, 16.3100013733, 34.329864502, 72.9249420166, 27.8801879883], [-92.8229064941, 96.0151748657, -19.7956829071, 25.1680870056, 14.9755907059, 31.3819675446, 35.3465080261, 30.3063430786, 33.5407333374, -10.1586313248, 24.8769950867, 27.8801879883, 80.6219406128]],
        "icov": [[0.00077774800593, 0.000523323193192, -0.000123928737594, 0.000609352719039, -0.000527824042365, -0.000101102734334, 0.000206754542887, -0.000551022414584, 0.000187868325156, 0.000641622580588, -4.06867402489e-05, -0.000402999838116, 0.000460044917418], [0.000523323193192, 0.00258839828894, 8.40750799398e-05, -0.000211244565435, -0.00159827747848, 0.00130797876045, -0.00140278146137, -0.0004044266243, 3.38606951118e-05, 0.00113069894724, -0.0016991145676, 0.00207540695556, -0.00190373859368], [-0.000123928737594, 8.40750799398e-05, 0.00264220125973, -0.000867458758876, -0.000551375094801, -3.53323343916e-06, 0.000495641084854, -0.0010969749419, 3.6031306081e-05, -0.00091410044115, 0.00135228305589, -0.0015120417811, 0.000951049500145], [0.000609352719039, -0.000211244565435, -0.000867458758876, 0.0034835068509, -0.000618253136054, 0.000317591009662, 0.000227377691772, 0.00100436399225, -0.00151253468357, 0.000247774529271, -0.00122468743939, 0.00143246224616, -0.000290321739158], [-0.000527824042365, -0.00159827747848, -0.000551375094801, -0.000618253136054, 0.00766783393919, -0.0016333735548, -0.000947302381974, -0.00137600244489, 0.00134159892332, -0.00244892248884, 0.0018757188227, -0.00117810594384, 0.000459321017843], [-0.000101102734334, 0.00130797876045, -3.53323343916e-06, 0.000317591009662, -0.0016333735548, 0.00650060316548, -0.0039708991535, 0.00186652503908, -0.00126226409338, 0.00230908626691, -0.00399281224236, 0.00181201170199, -0.00154027936514], [0.000206754542887, -0.00140278146137, 0.000495641084854, 0.000227377691772, -0.000947302381974, -0.0039708991535, 0.01095172856, -0.00467442814261, 0.000932483235374, 2.08593683055e-05, -0.000122218611068, -0.000202765935683, 0.000359189463779], [-0.000551022414584, -0.0004044266243, -0.0010969749419, 0.00100436399225, -0.00137600244489, 0.00186652503908, -0.00467442814261, 0.0145945893601, -0.00598022621125, -0.000257754669292, 0.00232454389334, -0.00170388072729, -0.00231602974236], [0.000187868325156, 3.38606951118e-05, 3.6031306081e-05, -0.00151253468357, 0.00134159892332, -0.00126226409338, 0.000932483235374, -0.00598022621125, 0.0133116785437, -0.00339738139883, -0.00220831017941, 0.0023039134685, -0.00334307947196], [0.000641622580588, 0.00113069894724, -0.00091410044115, 0.000247774529271, -0.00244892248884, 0.00230908626691, 2.08593683055e-05, -0.000257754669292, -0.00339738139883, 0.0155007867143, -0.0069994321093, -0.00144231377635, 0.0047592590563], [-4.06867402489e-05, -0.0016991145676, 0.00135228305589, -0.00122468743939, 0.0018757188227, -0.00399281224236, -0.000122218611068, 0.00232454389334, -0.00220831017941, -0.0069994321093, 0.0183268301189, -0.0087066181004, 0.000469224469271], [-0.000402999838116, 0.00207540695556, -0.0015120417811, 0.00143246224616, -0.00117810594384, 0.00181201170199, -0.000202765935683, -0.00170388072729, 0.0023039134685, -0.00144231377635, -0.0087066181004, 0.0246125292033, -0.0104762166739], [0.000460044917418, -0.00190373859368, 0.000951049500145, -0.000290321739158, 0.000459321017843, -0.00154027936514, 0.000359189463779, -0.00231602974236, -0.00334307947196, 0.0047592590563, 0.000469224469271, -0.0104762166739, 0.0222204979509]]
    },
    "melbands": {
        "max": [0.0446913614869, 0.0135264480487, 0.00851293094456, 0.00379070593044, 0.00539514562115, 0.00834425725043, 0.00680189672858, 0.00559171522036, 0.00574966426939, 0.00333882146515, 0.0135194063187, 0.015589418821, 0.0148566784337, 0.0121522843838, 0.00385221932083, 0.0061082164757, 0.000508537283167, 0.00118406512775, 0.0015886813635, 0.0013845624635, 0.00102161720861, 0.000417404575273, 0.000220702728257, 0.000140422620461, 0.000156956884894, 0.000115898219519, 6.77765710861e-05, 6.04478227615e-05, 8.18026674096e-05, 0.000128838641103, 8.75047262525e-05, 0.000142655582749, 0.000192874111235, 0.000232713253354, 0.000274837046163, 0.000175823093741, 0.000186562043382, 0.000107273677713, 5.36242187081e-05, 3.5726086935e-05],
        "mean": [0.00494128232822, 0.0018732433673, 0.000461164338049, 0.000219305802602, 0.000154223671416, 0.000133248526254, 0.000163011573022, 9.26823122427e-05, 7.7761731518e-05, 0.000120539341879, 0.000317520229146, 0.000563220470212, 0.000414300651755, 0.000270329561317, 5.55484657525e-05, 4.81386778119e-05, 2.15912659769e-05, 3.16541991197e-05, 3.33199786837e-05, 2.70364907919e-05, 2.71142980637e-05, 1.40769370773e-05, 1.06713996502e-05, 7.53423546485e-06, 9.86905070022e-06, 6.85898612574e-06, 5.33879938303e-06, 5.51900484425e-06, 4.96825396112e-06, 5.01223621541e-06, 4.61042782263e-06, 5.54869029656e-06, 6.26453402219e-06, 7.02158513377e-06, 7.34940203984e-06, 6.03585294812e-06, 5.02732245877e-06, 3.96783934775e-06, 2.61295281234e-06, 1.68954909441e-06],
        "min": [1.09076631816e-06, 6.23817504675e-06, 1.66793483913e-06, 5.52915253138e-07, 5.11875441589e-07, 4.3245370307e-07, 6.83705820848e-07, 4.70536264174e-07, 6.91267018738e-07, 7.71939483002e-07, 4.4332273319e-07, 2.91450362511e-07, 4.38033140426e-07, 2.55124291471e-07, 3.44153932019e-07, 2.70906838296e-07, 1.99965654701e-07, 1.54205935132e-07, 1.25962174025e-07, 2.44487495138e-07, 2.57879293031e-07, 2.45495527906e-07, 1.4148069738e-07, 1.31002195758e-07, 1.00949762327e-07, 7.20933712728e-08, 7.38218162155e-08, 1.12054223678e-07, 1.32723116053e-07, 1.26988325633e-07, 1.35828344128e-07, 1.7255331386e-07, 1.42359112942e-07, 9.33140285042e-08, 1.31571482598e-07, 6.98544724287e-08, 4.15949621413e-08, 2.69245958862e-08, 1.10945199694e-08, 9.6580734521e-09],
        "stdev": [0.00620668567717, 0.00214670272544, 0.000907053239644, 0.000327988644131, 0.000315810146276, 0.000305553461658, 0.000308088317979, 0.00026617659023, 0.000207349265111, 0.000252986646956, 0.000877219368704, 0.00130064680707, 0.00122308474965, 0.00110790831968, 0.000220949077629, 0.000238803448156, 3.91649482481e-05, 8.066312148e-05, 9.16130811675e-05, 7.19711606507e-05, 5.51169505343e-05, 2.03486288228e-05, 1.53926666826e-05, 9.9068884083e-06, 1.38084451464e-05, 9.60454963206e-06, 6.31996408629e-06, 6.27084727967e-06, 6.19015963821e-06, 6.86579232934e-06, 7.76482920628e-06, 1.05524031824e-05, 1.3938468328e-05, 1.78559948836e-05, 1.84514392458e-05, 1.2470335605e-05, 1.17903246064e-05, 8.06290881883e-06, 4.64303275294e-06, 2.74347212326e-06]
    },
    "melbands128": {
        "max": [0.0168951824307, 0.0554853342474, 0.0564427003264, 0.0283532366157, 0.0123539939523, 0.0191064551473, 0.0105452053249, 0.0133899766952, 0.00817152112722, 0.00386835332029, 0.00351555994712, 0.00698567740619, 0.00622654799372, 0.0113029619679, 0.012484068051, 0.00863731931895, 0.00985097326338, 0.00844462402165, 0.00520314928144, 0.0105300405994, 0.00746962614357, 0.0113440584391, 0.00512217823416, 0.00251645501703, 0.00165544892661, 0.00737772835419, 0.0144715970382, 0.0270177219063, 0.0187167506665, 0.0299451965839, 0.0243696626276, 0.0256183370948, 0.0308894980699, 0.0275136008859, 0.0342054627836, 0.0131941987202, 0.00570224225521, 0.00555035332218, 0.007548218593, 0.00963902100921, 0.0119478097185, 0.000582205073442, 0.000855624675751, 0.000799418136012, 0.0017716580769, 0.00199312414043, 0.0031043398194, 0.00366799463518, 0.00145085004624, 0.00315506802872, 0.00183120765723, 0.00122671120334, 0.00233045010827, 0.000611860596109, 0.000491433485877, 0.000383459584555, 0.000884847948328, 0.00039669740363, 0.000173056701897, 0.000155039961101, 0.000197766421479, 0.000217111213715, 0.000196068605874, 0.000226737058256, 0.000292191747576, 0.00017969631881, 7.78959947638e-05, 0.0001015617745, 8.33439116832e-05, 9.2452923127e-05, 9.22486724448e-05, 0.000103342659713, 9.29492962314e-05, 9.86704690149e-05, 0.000274402031209, 0.000231983212871, 0.000100662065961, 0.000105761893792, 0.000156644004164, 0.000124656260596, 0.000136275979457, 0.00018785148859, 0.000267304392764, 0.000215282285353, 0.00023725599749, 0.000414587644627, 0.00027444245643, 0.000337778183166, 0.000321631872794, 0.000310900126351, 0.000204276904697, 0.000145561440149, 0.000231807134696, 0.000228228527703, 0.000165489735082, 0.000114615206257, 0.00013516524632, 0.000141079493915, 7.51411716919e-05, 6.62581587676e-05, 4.55168556073e-05, 4.86044555146e-05, 2.96796406474e-05, 4.83831317979e-05, 3.14749777317e-05, 2.15997624764e-05, 1.55934503709e-05, 1.6701338609e-05, 1.71314295585e-05, 4.77863723063e-05, 5.5853757658e-05, 1.13751639219e-05, 8.99461247172e-06, 7.56975850891e-06, 4.85719692733e-06, 5.24840106664e-06, 1.20467348097e-05, 6.95938706485e-06, 8.04865976534e-06, 7.03360728949e-06, 5.59461750527e-06, 2.19044000005e-06, 8.34512377423e-07, 5.93388840286e-08, 3.13441561595e-09, 3.1124149924e-09, 3.09719294656e-09, 3.0864903966e-09],
        "mean": [0.00133623369038, 0.00595472520217, 0.00629786541685, 0.00341466022655, 0.0014517995296, 0.000870256859343, 0.00050918222405, 0.00038545607822, 0.000309391936753, 0.000201786766411, 0.000168043421581, 0.000171551262611, 0.000169126753462, 0.000106725412479, 0.000101334335341, 0.000162368392921, 0.000193704850972, 0.000149577259435, 0.000158280236064, 9.01784078451e-05, 6.71622547088e-05, 6.85472186888e-05, 9.87987295957e-05, 5.95523015363e-05, 6.89501757734e-05, 0.000174200889887, 0.000173892607563, 0.000331514223944, 0.00041857387987, 0.000517401378602, 0.00065032672137, 0.000595870544203, 0.000260978529695, 0.000407151732361, 0.000489893544, 0.000153422573931, 6.83344769641e-05, 3.64379084203e-05, 5.95959063503e-05, 6.3630315708e-05, 4.69842998427e-05, 2.30892310356e-05, 1.74189699464e-05, 2.37911262957e-05, 2.41555226239e-05, 3.1697061786e-05, 4.11798391724e-05, 4.13595262216e-05, 2.3215157853e-05, 2.66949828074e-05, 2.63898964477e-05, 2.79391297227e-05, 3.39747784892e-05, 2.43794256676e-05, 1.79355865839e-05, 1.22531837405e-05, 1.08579779408e-05, 1.35786731335e-05, 9.44208022702e-06, 7.97782922746e-06, 6.11318091615e-06, 8.02499835117e-06, 1.04272039607e-05, 1.05930175778e-05, 9.2331383712e-06, 6.68232223688e-06, 5.46389128431e-06, 5.11737653142e-06, 5.01105796502e-06, 6.1537948568e-06, 5.3605699577e-06, 5.64779566048e-06, 4.865235951e-06, 4.48817309007e-06, 5.46548608327e-06, 5.24007873537e-06, 4.8150677685e-06, 4.62295793113e-06, 4.56563657281e-06, 4.54040855402e-06, 4.93201059726e-06, 6.26687597105e-06, 6.44290048513e-06, 6.21648086963e-06, 6.03953958489e-06, 6.74482043905e-06, 7.38050630389e-06, 7.52890991862e-06, 8.04443425295e-06, 6.68248594593e-06, 5.76266302232e-06, 5.9774993133e-06, 6.27252120466e-06, 4.95332005812e-06, 4.33438890468e-06, 4.27990198659e-06, 3.99920418204e-06, 3.47478658114e-06, 2.58423528976e-06, 2.23185520554e-06, 1.97941881197e-06, 1.58954594554e-06, 1.33816979542e-06, 1.24301095639e-06, 1.02548563063e-06, 9.76791170615e-07, 8.52465120715e-07, 8.45649992698e-07, 8.08017205145e-07, 1.08881465621e-06, 9.28777922127e-07, 6.2071234197e-07, 3.71033621605e-07, 2.75226483382e-07, 2.65668631982e-07, 2.48366490041e-07, 1.81932790611e-07, 1.42321042063e-07, 1.38782795034e-07, 1.04855601535e-07, 9.0997382074e-08, 6.94641428822e-08, 3.57997791411e-08, 9.83916503827e-10, 7.40900917007e-12, 7.20573947732e-12, 7.08730513513e-12, 7.04016142258e-12],
        "min": [1.70733400751e-08, 1.4771278245e-07, 2.47453499469e-07, 1.06374398001e-06, 1.95658003577e-06, 3.0250609484e-07, 8.31750412544e-07, 2.09145838426e-07, 5.58591580102e-07, 1.363792137e-07, 2.17580122808e-07, 4.14031319451e-07, 1.87183673006e-07, 1.59236378749e-07, 2.79115795365e-07, 1.08031322554e-07, 1.39914774877e-07, 2.21867736627e-07, 1.326632173e-07, 1.25317910715e-07, 1.58907297987e-07, 1.51135964188e-07, 2.39949713432e-07, 3.06447816456e-07, 1.99872118856e-07, 4.36781135704e-07, 1.74472461367e-07, 1.16427600005e-07, 2.50896505349e-07, 1.1504835129e-07, 8.09334110841e-08, 1.28640678554e-07, 1.69197349464e-07, 1.31638159928e-07, 1.01484999959e-07, 1.59477124839e-07, 1.27529460769e-07, 1.74479040993e-07, 5.02553696435e-08, 1.59931474286e-07, 2.24268408289e-08, 1.07163486973e-07, 1.30872081172e-07, 1.15435938142e-07, 3.62328087533e-08, 8.30466433399e-08, 4.93942167168e-08, 7.65044063655e-08, 5.85935175934e-08, 7.51448965275e-08, 7.10347336508e-08, 7.37047116672e-08, 1.12808550057e-07, 1.55020813963e-07, 1.01818905307e-07, 1.92329650872e-07, 7.60653193765e-08, 1.22916873124e-07, 5.58346542334e-08, 6.88152042017e-08, 6.77821461181e-08, 3.15704760112e-08, 8.50493577786e-08, 5.23586010104e-08, 3.4090323453e-08, 3.46127677631e-08, 6.15921393887e-08, 4.39268461605e-08, 7.26670776885e-08, 4.40436771498e-08, 8.01969122222e-08, 5.14185316547e-08, 3.79455293853e-08, 6.28678051839e-08, 7.70058150579e-08, 6.91280064302e-08, 5.46638965204e-08, 8.56321094034e-08, 1.10453413527e-07, 9.38022566288e-08, 9.5126836186e-08, 1.05653285232e-07, 7.36259124778e-08, 1.04641799226e-07, 7.67189476392e-08, 4.56906583679e-08, 7.06458322952e-08, 9.27979328935e-08, 7.71619781403e-08, 6.66656490012e-08, 5.58263515416e-08, 4.67991725372e-08, 3.99025665843e-08, 2.61370036725e-08, 2.22606857392e-08, 2.23091838336e-08, 1.73154095506e-08, 1.2995308829e-08, 5.76690695198e-09, 5.05601294165e-09, 7.63329133235e-09, 5.49819167972e-09, 4.62182336847e-09, 4.1400061157e-09, 2.19892704045e-09, 1.55565837989e-09, 1.70461778026e-09, 1.54092738569e-09, 6.85746015527e-10, 1.02164987581e-09, 5.32869970371e-10, 3.36265598699e-10, 3.29777732899e-10, 2.11483247581e-10, 1.43912368133e-10, 8.27769935929e-11, 8.21842854187e-12, 2.01689129265e-13, 1.55928126856e-13, 1.28402903544e-13, 1.36982466386e-13, 1.37622348955e-13, 1.29535501791e-13, 1.35133102082e-13, 8.33972986698e-14, 3.53587805194e-14, 5.38665901774e-15, 2.47194177799e-16],
        "stdev": [0.00200991565362, 0.00840386003256, 0.00837744865566, 0.00434789713472, 0.00196491694078, 0.00213432055898, 0.00126175722107, 0.000860620290041, 0.000618590740487, 0.000325882923789, 0.000283107568976, 0.00040351683856, 0.000401705881814, 0.000326759560267, 0.000382287456887, 0.000360238947906, 0.000541499641258, 0.000333545933245, 0.000311142910505, 0.000375520961825, 0.000299552106299, 0.000284530164208, 0.000291932024993, 0.000168266778928, 0.000153860091814, 0.000450508843642, 0.000684837053996, 0.00126815098338, 0.00150062178727, 0.00169358367566, 0.00190301681869, 0.00223681866191, 0.00134460185654, 0.00201356387697, 0.00251631741412, 0.000897619524039, 0.000326167180901, 0.000233512124396, 0.000403111538617, 0.000392643472878, 0.000372535490897, 4.78610418213e-05, 4.80897979287e-05, 6.17889018031e-05, 7.10546883056e-05, 0.000125378574012, 0.000157192960614, 0.000177476875251, 6.84998303768e-05, 0.000126239305246, 0.000100049532193, 7.49975515646e-05, 0.000110279077489, 4.95611966471e-05, 3.31416631525e-05, 2.05603719223e-05, 2.99741714116e-05, 2.69742358796e-05, 1.35720229082e-05, 1.21138355098e-05, 1.0717870282e-05, 1.66491990967e-05, 1.62885298778e-05, 1.72299714905e-05, 1.98586640181e-05, 1.06012394099e-05, 6.97035193298e-06, 7.35223693482e-06, 7.17506918591e-06, 8.56520455272e-06, 6.97883069734e-06, 8.21884623292e-06, 7.04114972905e-06, 6.6364605118e-06, 1.00348488559e-05, 9.00348277355e-06, 7.57768611948e-06, 7.43388318369e-06, 9.3737799034e-06, 9.3250801001e-06, 1.02381363831e-05, 1.2493424947e-05, 1.4494738025e-05, 1.38898576552e-05, 1.75072582351e-05, 2.08174405998e-05, 1.92941206478e-05, 1.93391624634e-05, 2.20814563363e-05, 1.98588768399e-05, 1.30762082335e-05, 1.2413775039e-05, 1.4835298316e-05, 1.36745620694e-05, 1.07372143248e-05, 9.79937522061e-06, 8.96690835361e-06, 7.30996180209e-06, 5.47659828953e-06, 4.18846275352e-06, 3.58535635314e-06, 2.82843348032e-06, 2.40269628193e-06, 2.63078300122e-06, 1.84610473752e-06, 1.83174995527e-06, 1.48585206716e-06, 1.57666863743e-06, 1.56019086717e-06, 2.84653492599e-06, 2.6054715363e-06, 1.1140210745e-06, 6.81888536747e-07, 5.50154197754e-07, 4.65803907446e-07, 4.6675617682e-07, 4.67281779493e-07, 3.47560813907e-07, 3.96385701151e-07, 2.77606631016e-07, 2.58148361354e-07, 1.70431889046e-07, 9.04960515413e-08, 3.66625974024e-09, 9.67931221285e-11, 9.60981710874e-11, 9.56380738493e-11, 9.53042367247e-11]
    },
    "mfcc": {
        "mean": [-623.927856445, 90.7071609497, 15.7512044907, 14.7334976196, 4.74789190292, 13.6398200989, 5.53248739243, 18.3443126678, 8.68204116821, 6.69084739685, -3.08973121643, 1.41922616959, 4.27520847321],
        "cov": [[2248.83813477, -394.417388916, -142.477096558, -475.430755615, -25.0550251007, -141.803421021, -7.08645105362, 29.1177845001, -41.4385108948, -37.2001991272, -146.580596924, -99.2166824341, 14.4996929169], [-394.417388916, 645.846252441, -67.8029174805, 126.91368866, 25.5886878967, -16.4280490875, 89.1500244141, 61.2859268188, 75.8907318115, 62.0497894287, 18.8417701721, -13.1293439865, -12.3530044556], [-142.477096558, -67.8029174805, 358.383087158, 101.330970764, 59.9673271179, 27.8230133057, -25.3927001953, 7.73020458221, 4.10696744919, 9.88228607178, 31.1898040771, 24.6261100769, 8.08308124542], [-475.430755615, 126.91368866, 101.330970764, 446.407012939, 64.1405792236, 13.2787923813, -26.7225646973, -25.8365421295, 14.5684528351, 14.0309228897, 55.4158401489, 45.7210845947, -28.0151557922], [-25.0550251007, 25.5886878967, 59.9673271179, 64.1405792236, 144.831130981, 32.0447731018, 10.1533555984, 12.6518564224, 19.8077716827, 11.3550710678, 11.7511606216, 13.8538627625, 25.2433204651], [-141.803421021, -16.4280490875, 27.8230133057, 13.2787923813, 32.0447731018, 173.641693115, 72.1263885498, 27.1739845276, 6.43352603912, 15.8770332336, 32.5745811462, 34.7964897156, 17.9447917938], [-7.08645105362, 89.1500244141, -25.3927001953, -26.7225646973, 10.1533555984, 72.1263885498, 148.287261963, 61.3457794189, 25.3048801422, 21.9014091492, 13.2102012634, 6.21837282181, 11.3436737061], [29.1177845001, 61.2859268188, 7.73020458221, -25.8365421295, 12.6518564224, 27.1739845276, 61.3457794189, 130.436447144, 65.9981536865, 38.2649765015, -7.00723934174, -0.454725265503, 14.0153484344], [-41.4385108948, 75.8907318115, 4.10696744919, 14.5684528351, 19.8077716827, 6.43352603912, 25.3048801422, 65.9981536865, 98.8720169067, 48.5795021057, 4.98588466644, -8.68518829346, 2.22078037262], [-37.2001991272, 62.0497894287, 9.88228607178, 14.0309228897, 11.3550710678, 15.8770332336, 21.9014091492, 38.2649765015, 48.5795021057, 92.1436157227, 33.75207901, 7.15229082108, -1.22708511353], [-146.580596924, 18.8417701721, 31.1898040771, 55.4158401489, 11.7511606216, 32.5745811462, 13.2102012634, -7.00723934174, 4.98588466644, 33.75207901, 88.8417434692, 45.5684509277, 10.2386207581], [-99.2166824341, -13.1293439865, 24.6261100769, 45.7210845947, 13.8538627625, 34.7964897156, 6.21837282181, -0.454725265503, -8.68518829346, 7.15229082108, 45.5684509277, 98.0296936035, 44.2480964661], [14.4996929169, -12.3530044556, 8.08308124542, -28.0151557922, 25.2433204651, 17.9447917938, 11.3436737061, 14.0153484344, 2.22078037262, -1.22708511353, 10.2386207581, 44.2480964661, 82.8414459229]],
        "icov": [[0.000740187999327, 0.000464169919724, 0.000167128237081, 0.000539201311767, -0.000462871888885, 0.00076081242878, -0.000426345708547, -0.00022053833527, 0.000348263507476, -0.000422832992626, 0.000651236448903, 8.09111515991e-05, 3.83279984817e-05], [0.000464169919724, 0.00247268681414, 0.0006109221722, -0.000491759565193, -0.000452910986496, 0.00138441019226, -0.00180928886402, -0.000192246574443, -0.000534590042662, -0.00101444346365, 0.000312243151711, 0.000502479088027, -0.000127713079564], [0.000167128237081, 0.0006109221722, 0.00346866133623, -0.000564606161788, -0.00119509571232, -0.00013311728253, 0.000727267644834, -0.0010571150342, 0.000449400045909, -0.000161123927683, -0.000789296813309, 0.000246238574618, -4.3682204705e-05], [0.000539201311767, -0.000491759565193, -0.000564606161788, 0.00382876000367, -0.00162809516769, 0.000403086276492, 0.000565403373912, 0.000554465397727, -0.000632460636552, 0.000524247530848, -0.000531731406227, -0.00215980480425, 0.00266380980611], [-0.000462871888885, -0.000452910986496, -0.00119509571232, -0.00162809516769, 0.00917089916766, -0.00184547575191, 0.000242566151428, 0.000633004354313, -0.00156752986368, 1.56013102242e-05, 4.99280104123e-05, 0.00135925714858, -0.0036455267109], [0.00076081242878, 0.00138441019226, -0.00013311728253, 0.000403086276492, -0.00184547575191, 0.00943619105965, -0.0049446746707, -0.000461024377728, 0.00074491079431, -0.000701153709088, -0.000688936910592, -0.00176052493043, 0.000491121725645], [-0.000426345708547, -0.00180928886402, 0.000727267644834, 0.000565403373912, 0.000242566151428, -0.0049446746707, 0.0121896443889, -0.0046130628325, 0.00110525684431, 0.000859620515257, -0.00217487476766, 0.000953141890932, -0.000223648399697], [-0.00022053833527, -0.000192246574443, -0.0010571150342, 0.000554465397727, 0.000633004354313, -0.000461024377728, -0.0046130628325, 0.0154273109511, -0.00849203765392, -0.0021042691078, 0.00399263808504, -0.00174604402855, -0.00113515951671], [0.000348263507476, -0.000534590042662, 0.000449400045909, -0.000632460636552, -0.00156752986368, 0.00074491079431, 0.00110525684431, -0.00849203765392, 0.020138733089, -0.00704072089866, 0.000139633208164, 0.00302940839902, -0.00107626593672], [-0.000422832992626, -0.00101444346365, -0.000161123927683, 0.000524247530848, 1.56013102242e-05, -0.000701153709088, 0.000859620515257, -0.0021042691078, -0.00704072089866, 0.0186751391739, -0.0078303758055, 0.000256936677033, 0.00179708329961], [0.000651236448903, 0.000312243151711, -0.000789296813309, -0.000531731406227, 4.99280104123e-05, -0.000688936910592, -0.00217487476766, 0.00399263808504, 0.000139633208164, -0.0078303758055, 0.0207130368799, -0.00804719608277, 0.00120464712381], [8.09111515991e-05, 0.000502479088027, 0.000246238574618, -0.00215980480425, 0.00135925714858, -0.00176052493043, 0.000953141890932, -0.00174604402855, 0.00302940839902, 0.000256936677033, -0.00804719608277, 0.020410604775, -0.0105463499203], [3.83279984817e-05, -0.000127713079564, -4.3682204705e-05, 0.00266380980611, -0.0036455267109, 0.000491121725645, -0.000223648399697, -0.00113515951671, -0.00107626593672, 0.00179708329961, 0.00120464712381, -0.0105463499203, 0.0197174586356]]
    },
    "spectral_contrast_coeffs": {
        "max": [-0.489685595036, -0.498182326555, -0.409304618835, -0.575486302376, -0.711245059967, -0.653334319592],
        "mean": [-0.776345074177, -0.782334923744, -0.730621039867, -0.803357481956, -0.816740989685, -0.774531185627],
        "min": [-0.948918581009, -0.923930466175, -0.92626863718, -0.907732248306, -0.884002029896, -0.86414039135],
        "stdev": [0.0618459172547, 0.0581270344555, 0.104460865259, 0.0516159273684, 0.0264469180256, 0.0321313142776]
    },
    "spectral_contrast_valleys": {
        "max": [-5.22816133499, -5.49208164215, -5.46193313599, -6.13643407822, -5.7853102684, -7.32325267792],
        "mean": [-6.5986495018, -6.88359022141, -7.20840787888, -7.49713277817, -7.32641649246, -9.4237651825],
        "min": [-8.94962596893, -8.52687358856, -8.97539997101, -9.09759998322, -8.86912059784, -11.2081394196],
        "stdev": [0.574638903141, 0.518182456493, 0.518859446049, 0.482072949409, 0.482268065214, 0.721515417099]
    }
},
"rhythm": {
    "beats_count": 104,
    "beats_loudness": {
        "max": 0.0860856994987,
        "mean": 0.0422565788031,
        "min": 0.0023936314974,
        "stdev": 0.0207969583571
    },
    "bpm": 129.145797729,
    "bpm_histogram_first_peak_bpm": 129,
    "bpm_histogram_first_peak_weight": 0.1400000453,
    "bpm_histogram_second_peak_bpm": 136,
    "bpm_histogram_second_peak_spread": 0,
    "bpm_histogram_second_peak_weight": 0.0291262138635,
    "danceability": 1.22624051571,
    "onset_rate": 4.6552734375,
    "beats_loudness_band_ratio": {
        "max": [0.983825922012, 0.338475942612, 0.467631340027, 0.896996319294, 0.272981882095, 0.495854407549],
        "mean": [0.595436513424, 0.0547238364816, 0.0772208720446, 0.180472046137, 0.0510743930936, 0.0606818236411],
        "min": [0.0231450200081, 0.000230448102229, 0.00171936221886, 0.000917633064091, 0.00201748940162, 0.00209526065737],
        "stdev": [0.254519730806, 0.0696649774909, 0.0726572871208, 0.195323899388, 0.0555420145392, 0.0845869332552]
    },
