{
"metadata": {
    "version": {
        "essentia": "2.1-beta5",
        "essentia_git_sha": "Undefined",
        "extractor": "music 2.0"
    },
    "audio_properties": {
        "analysis": {
            "equal_loudness": 0,
            "length": 28.5141048431,
            "sample_rate": 44100,
            "start_time": 175.229385376,
            "downmix": "mix"
        },
        "bit_rate": 192000,
        "length": 203.766723633,
        "lossless": 0,
        "number_channels": 2,
        "replay_gain": -3.98739242554,
        "sample_rate": 48000,
        "codec": "mp3",
        "md5_encoded": "047e35386bee0e7f8208e2332d99b8f9"
    },
    "tags": {
        "file_name": "Croatia_Celebrate_Daria.mp3",
        "encoding": ["Lavf58.29.100"]
    }
},
"lowlevel": {
    "average_loudness": 0.557181060314,
    "barkbands_crest": {
        "max": 25.5215129852,
        "mean": 9.76692771912,
        "min": 2.1605463028,
        "stdev": 4.29242086411
    },
    "barkbands_flatness_db": {
        "max": 0.286277383566,
        "mean": 0.139595985413,
        "min": 0.017107758671,
        "stdev": 0.0544900484383
    },
    "barkbands_kurtosis": {
        "max": 74.5347137451,
        "mean": 2.2369093895,
        "min": -1.89420330524,
        "stdev": 4.10370922089
    },
    "barkbands_skewness": {
        "max": 8.27132320404,
        "mean": 1.14911603928,
        "min": -2.71560120583,
        "stdev": 0.846459984779
    },
    "barkbands_spread": {
        "max": 113.332748413,
        "mean": 20.2030277252,
        "min": 2.32839465141,
        "stdev": 18.8803291321
    },
    "dissonance": {
        "max": 0.500000119209,
        "mean": 0.48077622056,
        "min": 0.362420916557,
        "stdev": 0.0182773321867
    },
    "dynamic_complexity": 3.87650060654,
    "erbbands_crest": {
        "max": 24.3116607666,
        "mean": 9.05140972137,
        "min": 2.36770796776,
        "stdev": 3.61914110184
    },
    "erbbands_flatness_db": {
        "max": 0.355100154877,
        "mean": 0.204807549715,
        "min": 0.0482359193265,
        "stdev": 0.079689361155
    },
    "erbbands_kurtosis": {
        "max": 11.9927110672,
        "mean": 1.14374196529,
        "min": -1.3908097744,
        "stdev": 1.92502164841
    },
    "erbbands_skewness": {
        "max": 2.93044447899,
        "mean": 0.833769440651,
        "min": -2.94035553932,
        "stdev": 0.706730604172
    },
    "erbbands_spread": {
        "max": 103.581588745,
        "mean": 25.4547595978,
        "min": 4.94131374359,
        "stdev": 19.4786205292
    },
    "hfc": {
        "max": 235.954879761,
        "mean": 30.0008735657,
        "min": 0.000750914448872,
        "stdev": 40.3327827454
    },
    "loudness_ebu128": {
        "integrated": -19.0040874481,
        "loudness_range": 7.84346580505,
        "momentary": {
            "max": -14.6104059219,
            "mean": -20.3469963074,
            "min": -40.16381073,
            "stdev": 3.73338532448
        },
        "short_term": {
            "max": -15.9220371246,
            "mean": -19.9863395691,
            "min": -25.7407836914,
            "stdev": 2.86580705643
        }
    },
    "melbands_crest": {
        "max": 34.7361373901,
        "mean": 13.1669645309,
        "min": 3.20970726013,
        "stdev": 6.19487333298
    },
    "melbands_flatness_db": {
        "max": 0.372051596642,
        "mean": 0.165047749877,
        "min": 0.0250268764794,
        "stdev": 0.0444566942751
    },
    "melbands_kurtosis": {
        "max": 232.701812744,
        "mean": 7.70977497101,
        "min": -1.79878771305,
        "stdev": 14.9400119781
    },
    "melbands_skewness": {
        "max": 12.7239513397,
        "mean": 1.83778309822,
        "min": -0.983708202839,
        "stdev": 1.45560264587
    },
    "melbands_spread": {
        "max": 225.372116089,
        "mean": 23.0382289886,
        "min": 1.74751007557,
        "stdev": 21.7363891602
    },
    "pitch_salience": {
        "max": 0.880310118198,
        "mean": 0.648593127728,
        "min": 0.110359378159,
        "stdev": 0.142861887813
    },
    "silence_rate_20dB": {
        "max": 1,
        "mean": 1,
        "min": 1,
        "stdev": 0
    },
    "silence_rate_30dB": {
        "max": 1,
        "mean": 0.999186336994,
        "min": 0,
        "stdev": 0.0285131949931
    },
    "silence_rate_60dB": {
        "max": 1,
        "mean": 0.0968266874552,
        "min": 0,
        "stdev": 0.295721799135
    },
    "spectral_centroid": {
        "max": 4830.77099609,
        "mean": 1606.42590332,
        "min": 595.258728027,
        "stdev": 489.465057373
    },
    "spectral_complexity": {
        "max": 53,
        "mean": 19.9332790375,
        "min": 0,
        "stdev": 9.01460838318
    },
    "spectral_decrease": {
        "max": -1.46218825351e-13,
        "mean": -5.09483877309e-09,
        "min": -2.9359528142e-08,
        "stdev": 5.90094106911e-09
    },
    "spectral_energy": {
        "max": 0.117467701435,
        "mean": 0.0219502784312,
        "min": 6.19974116489e-07,
        "stdev": 0.0247756522149
    },
    "spectral_energyband_high": {
        "max": 0.0274581108242,
        "mean": 0.00184987089597,
        "min": 1.04700585979e-08,
        "stdev": 0.00373136182316
    },
    "spectral_energyband_low": {
        "max": 0.103314094245,
        "mean": 0.00725142424926,
        "min": 4.59150995002e-10,
        "stdev": 0.01617924124
    },
    "spectral_energyband_middle_high": {
        "max": 0.0625728070736,
        "mean": 0.00820569042116,
        "min": 2.84389216176e-07,
        "stdev": 0.00981516577303
    },
    "spectral_energyband_middle_low": {
        "max": 0.0473771467805,
        "mean": 0.00558101339266,
        "min": 3.30268534299e-07,
        "stdev": 0.00596438115463
    },
    "spectral_entropy": {
        "max": 8.84412002563,
        "mean": 7.83170938492,
        "min": 7.08238506317,
        "stdev": 0.33657976985
    },
    "spectral_flux": {
        "max": 0.26311737299,
        "mean": 0.0749303847551,
        "min": 0.00149789394345,
        "stdev": 0.0449910573661
    },
    "spectral_kurtosis": {
        "max": 17.6804656982,
        "mean": 5.41805315018,
        "min": -0.962473392487,
        "stdev": 2.87841653824
    },
    "spectral_rms": {
        "max": 0.0107052614912,
        "mean": 0.00399656407535,
        "min": 2.459375537e-05,
        "stdev": 0.00233288458548
    },
    "spectral_rolloff": {
        "max": 12489.2578125,
        "mean": 2175.78344727,
        "min": 64.599609375,
        "stdev": 1878.88867188
    },
    "spectral_skewness": {
        "max": 3.25008821487,
        "mean": 1.76590311527,
        "min": 0.233327940106,
        "stdev": 0.420365303755
    },
    "spectral_spread": {
        "max": 13981960,
        "mean": 4610030.5,
        "min": 2454914.25,
        "stdev": 2317742
    },
    "spectral_strongpeak": {
        "max": 10.0569677353,
        "mean": 1.04577505589,
        "min": 0.00705428002402,
        "stdev": 1.1149276495
    },
    "zerocrossingrate": {
        "max": 0.37353515625,
        "mean": 0.0820352211595,
        "min": 0.0166015625,
        "stdev": 0.0468940585852
    },
    "barkbands": {
        "max": [0.00692746415734, 0.0964625552297, 0.0271508581936, 0.0227248445153, 0.00861734617501, 0.0317428484559, 0.0141261070967, 0.0229300092906, 0.0181452222168, 0.0430589541793, 0.0476012416184, 0.0244663935155, 0.0162145756185, 0.0190880540758, 0.0121708884835, 0.00675573013723, 0.00430638063699, 0.00424296408892, 0.00256502209231, 0.0033564530313, 0.00309063121676, 0.0050933258608, 0.00831117108464, 0.0131104402244, 0.00671001849696, 0.00247695390135, 0.000681082543451],
        "mean": [0.000335804856149, 0.00572467269376, 0.000706446298864, 0.000650102621876, 0.000377289572498, 0.000751609564759, 0.000480060174596, 0.000527595926542, 0.00184540788177, 0.0028161497321, 0.00132825889159, 0.00125321827363, 0.000593891134486, 0.000908279733267, 0.000617599231191, 0.000364136038115, 0.000278838939266, 0.000287366507109, 0.00017608050257, 0.000169887251104, 0.000155590765644, 0.000202763039852, 0.000433676788816, 0.000428811239544, 0.000290678755846, 0.000189879574464, 5.61658307561e-05],
        "min": [3.03541046465e-11, 4.84603815409e-11, 2.43636361086e-10, 7.88034748567e-10, 2.89044299606e-09, 2.26618679378e-09, 8.25773316393e-09, 2.72195102013e-08, 2.43532923605e-07, 6.76762468288e-08, 4.53363124819e-09, 4.26656505681e-08, 7.5375830022e-08, 3.71367647745e-08, 2.95309749987e-08, 1.80763848334e-08, 1.95401845815e-08, 1.71390226456e-08, 9.2601686319e-09, 3.1175473314e-09, 2.09834616349e-09, 3.09152348166e-09, 1.3132254173e-09, 7.86157139387e-10, 6.60498433724e-10, 2.62778798721e-10, 9.10106504048e-11],
        "stdev": [0.00110825244337, 0.0147287268192, 0.00218624714762, 0.00199152575806, 0.00085088837659, 0.00237618363462, 0.00117976788897, 0.00104605406523, 0.00212771049701, 0.00435393443331, 0.00273772492073, 0.00274221901782, 0.00126601522788, 0.00199024635367, 0.00131821865216, 0.000601043633651, 0.000446202553576, 0.000469037215225, 0.000254078680882, 0.000306809670292, 0.000302293017739, 0.000463419273729, 0.00100735283922, 0.00109686318319, 0.000702046614606, 0.000382004422136, 0.000106675433926]
    },
    "erbbands": {
        "max": [4.5806427002, 19.2516441345, 23.8085670471, 57.0773048401, 48.1102523804, 36.1622467041, 59.6164283752, 355.807006836, 272.894165039, 397.475585938, 332.558288574, 474.684875488, 1601.76708984, 865.346862793, 1527.16333008, 872.299194336, 893.752929688, 1025.82666016, 846.29498291, 817.946350098, 246.625457764, 262.328765869, 191.596008301, 193.944366455, 134.244674683, 188.698242188, 92.7194137573, 144.004898071, 208.070678711, 208.276046753, 258.893493652, 367.956329346, 183.932052612, 101.321815491, 42.3924179077, 15.2544193268, 4.77154588699, 1.48225808144, 0.111144661903, 0.00454680761322],
        "mean": [0.249415874481, 0.936824381351, 0.834531962872, 1.9775313139, 1.06173121929, 1.3569984436, 2.5041103363, 7.21202754974, 7.84452629089, 8.859375, 13.8831205368, 37.6196136475, 84.0979614258, 69.7302017212, 62.0832290649, 46.1538505554, 29.7508773804, 43.8246383667, 38.0786323547, 28.2069644928, 19.1394405365, 14.9123363495, 14.8386516571, 12.1393909454, 8.25175571442, 8.2149477005, 6.62786912918, 6.20422554016, 6.83801364899, 9.55388355255, 13.0721740723, 10.3237962723, 6.25368118286, 3.48450660706, 1.93798613548, 0.879297673702, 0.33571138978, 0.0914107337594, 0.00964882038534, 0.000297520688036],
        "min": [2.07407824249e-09, 1.83794739428e-08, 3.07298080315e-07, 1.94837048184e-06, 7.09074674887e-06, 9.50248886511e-06, 7.16207023288e-06, 2.52172103501e-05, 5.36387924512e-05, 0.00036840204848, 0.00113733822946, 0.00624979659915, 0.00376436323859, 0.000871154770721, 0.000622254097834, 0.00218765600584, 0.00352853559889, 0.00142914557364, 0.0022932048887, 0.00109157920815, 0.0011484560091, 0.000985198072158, 0.00115002179518, 0.000583876797464, 0.000338081386872, 0.000142601231346, 0.000124042926473, 8.93232208909e-05, 8.82036183611e-05, 9.04863700271e-05, 3.63720209862e-05, 1.60844247148e-05, 1.41221898957e-05, 9.60060879152e-06, 3.86845204048e-06, 1.5915967424e-06, 3.06991097432e-07, 8.90950317967e-08, 1.46604968165e-08, 1.99077221374e-09],
        "stdev": [0.706194460392, 2.4122877121, 2.30751252174, 5.77121162415, 3.38081502914, 3.10049366951, 5.4241309166, 24.6847572327, 21.4033164978, 23.587682724, 19.1287498474, 42.9771461487, 113.779388428, 111.240623474, 124.712608337, 94.3788528442, 62.7743721008, 86.2312316895, 85.5607299805, 57.8778877258, 25.4796104431, 22.8800125122, 22.7421779633, 18.2324104309, 12.0501718521, 15.3404626846, 11.965341568, 12.5706415176, 15.5560083389, 22.185710907, 31.1032390594, 26.5247592926, 15.8151750565, 9.00072288513, 4.47493839264, 1.82992982864, 0.702908813953, 0.178583100438, 0.018133578822, 0.0005511494237]
    },
    "gfcc": {
        "mean": [-29.6593990326, 36.0980949402, -169.74961853, -17.0369262695, -72.8274765015, 16.7580165863, -34.2061347961, 12.9242706299, -23.5449924469, -5.62215948105, -22.2265663147, -2.36923646927, -12.1705560684],
        "cov": [[9631.83984375, -422.086303711, 5218.89013672, 2215.72607422, 1666.18334961, 1227.91442871, 665.386352539, 286.336181641, 407.829284668, 875.768737793, 745.793151855, 755.464538574, 190.154541016], [-422.086303711, 546.856567383, -214.974533081, 14.180393219, 73.7709274292, 131.030288696, 196.673751831, 134.135452271, 103.718200684, 28.628326416, 38.5842399597, -22.4017868042, 50.6816711426], [5218.89013672, -214.974533081, 3745.2199707, 1654.15783691, 1098.44934082, 811.42376709, 383.640380859, 184.743743896, 277.168884277, 600.515686035, 495.555236816, 492.091552734, 121.829589844], [2215.72607422, 14.180393219, 1654.15783691, 853.204528809, 533.761413574, 436.379272461, 228.106018066, 133.930953979, 165.151992798, 291.655181885, 236.477737427, 221.99760437, 71.1850814819], [1666.18334961, 73.7709274292, 1098.44934082, 533.761413574, 463.776824951, 335.171569824, 218.803970337, 113.395637512, 135.042510986, 210.964355469, 182.499557495, 165.481781006, 55.9004745483], [1227.91442871, 131.030288696, 811.42376709, 436.379272461, 335.171569824, 398.19140625, 263.083190918, 133.904968262, 132.284515381, 183.226257324, 155.294387817, 121.99092865, 56.3304290771], [665.386352539, 196.673751831, 383.640380859, 228.106018066, 218.803970337, 263.083190918, 266.424499512, 140.144836426, 118.452194214, 115.10647583, 104.873908997, 66.6089935303, 54.8727607727], [286.336181641, 134.135452271, 184.743743896, 133.930953979, 113.395637512, 133.904968262, 140.144836426, 123.805511475, 96.3545532227, 68.006729126, 62.0896911621, 36.991809845, 43.2389984131], [407.829284668, 103.718200684, 277.168884277, 165.151992798, 135.042510986, 132.284515381, 118.452194214, 96.3545532227, 116.902687073, 90.2506637573, 74.6724319458, 52.5169334412, 39.7824859619], [875.768737793, 28.628326416, 600.515686035, 291.655181885, 210.964355469, 183.226257324, 115.10647583, 68.006729126, 90.2506637573, 167.957229614, 121.24420166, 106.489433289, 41.6386108398], [745.793151855, 38.5842399597, 495.555236816, 236.477737427, 182.499557495, 155.294387817, 104.873908997, 62.0896911621, 74.6724319458, 121.24420166, 141.787567139, 104.628311157, 36.8530006409], [755.464538574, -22.4017868042, 492.091552734, 221.99760437, 165.481781006, 121.99092865, 66.6089935303, 36.991809845, 52.5169334412, 106.489433289, 104.628311157, 120.109260559, 42.1589508057], [190.154541016, 50.6816711426, 121.829589844, 71.1850814819, 55.9004745483, 56.3304290771, 54.8727607727, 43.2389984131, 39.7824859619, 41.6386108398, 36.8530006409, 42.1589508057, 58.0172462463]],
        "icov": [[0.000541804241948, 0.000372638605768, -0.000687316642143, 0.000582489301451, -0.000651563343126, -8.57414634083e-05, -0.000446879304945, -9.08839524527e-07, 7.81801500125e-05, -3.21075349348e-05, 1.01053283288e-05, -0.000381224584999, 1.69170380104e-06], [0.000372638605768, 0.00409869384021, 0.000808132404927, -0.00100118969567, -0.00176365475636, 0.000410058506532, -0.00235718092881, -0.000274651363725, -0.000751943094656, 9.10285743885e-05, -0.00189826497808, 0.00298629631288, -0.00204904098064], [-0.000687316642143, 0.000808132404927, 0.00398521590978, -0.00524016376585, -0.00113229278941, 0.000711722939741, 5.45998409507e-06, 0.00141093181446, 0.000430397893069, -0.00111371884122, -0.000830322969705, -0.000322359817801, 0.000216865213588], [0.000582489301451, -0.00100118969567, -0.00524016376585, 0.0133852772415, -0.00239888881333, -0.00484896358103, 0.00462216837332, -0.00444615166634, -0.000175766341272, -0.00127362948842, 0.00134543259628, 7.85880693002e-05, -0.000369867600966], [-0.000651563343126, -0.00176365475636, -0.00113229278941, -0.00239888881333, 0.0135503653437, -0.000970434106421, -0.00332151958719, 0.0018323964905, -0.00254843151197, 0.000576418300625, 0.000483821553644, -0.00439180526882, 0.0028771259822], [-8.57414634083e-05, 0.000410058506532, 0.000711722939741, -0.00484896358103, -0.000970434106421, 0.0150356637314, -0.0115284919739, 0.00193501298781, 0.000913672149181, -0.00239797937684, -0.000609927577898, 0.000270296412054, 0.00146135489922], [-0.000446879304945, -0.00235718092881, 5.45998409507e-06, 0.00462216837332, -0.00332151958719, -0.0115284919739, 0.0230475477874, -0.0122122922912, 0.00143606623169, -0.000342204322806, -0.00152786460239, 0.00289703416638, -0.00233584688976], [-9.08839524527e-07, -0.000274651363725, 0.00141093181446, -0.00444615166634, 0.0018323964905, 0.00193501298781, -0.0122122922912, 0.0371592566371, -0.0197747349739, 0.00381097290665, -0.00247210124508, 0.00306835584342, -0.00688742659986], [7.81801500125e-05, -0.000751943094656, 0.000430397893069, -0.000175766341272, -0.00254843151197, 0.000913672149181, 0.00143606623169, -0.0197747349739, 0.0331685990095, -0.00972199160606, -0.00178626936395, 0.00197251932696, -0.00140473933425], [-3.21075349348e-05, 9.10285743885e-05, -0.00111371884122, -0.00127362948842, 0.000576418300625, -0.00239797937684, -0.000342204322806, 0.00381097290665, -0.00972199160606, 0.026685833931, -0.00699154241011, -0.00512631377205, -0.00113630585838], [1.01053283288e-05, -0.00189826497808, -0.000830322969705, 0.00134543259628, 0.000483821553644, -0.000609927577898, -0.00152786460239, -0.00247210124508, -0.00178626936395, -0.00699154241011, 0.029888452962, -0.0192306842655, 0.00636287499219], [-0.000381224584999, 0.00298629631288, -0.000322359817801, 7.85880693002e-05, -0.00439180526882, 0.000270296412054, 0.00289703416638, 0.00306835584342, 0.00197251932696, -0.00512631377205, -0.0192306842655, 0.0424942411482, -0.0181733258069], [1.69170380104e-06, -0.00204904098064, 0.000216865213588, -0.000369867600966, 0.0028771259822, 0.00146135489922, -0.00233584688976, -0.00688742659986, -0.00140473933425, -0.00113630585838, 0.00636287499219, -0.0181733258069, 0.0331132486463]]
    },
    "melbands": {
        "max": [0.0325639210641, 0.0124708358198, 0.00911412015557, 0.00203959341161, 0.00171689491253, 0.00731399655342, 0.00371884042397, 0.00400198251009, 0.0021655743476, 0.00297682383098, 0.00803185906261, 0.0038406921085, 0.00673761125654, 0.00369645701721, 0.00295352539979, 0.00157454865985, 0.00229449616745, 0.00161753594875, 0.000788007746451, 0.000732643471565, 0.000272859353572, 0.000358617020538, 0.000388477667002, 0.000281957240077, 0.000162924057804, 9.72606212599e-05, 8.14541490399e-05, 0.000167025602423, 8.54017853271e-05, 6.57937271171e-05, 8.15961830085e-05, 0.00012156523735, 0.00013475122978, 0.000118496260257, 0.000153431654326, 0.000273879501037, 0.000208502111491, 0.000137614813866, 0.000102299403807, 9.79843753157e-05],
        "mean": [0.00185034470633, 0.000689407810569, 0.000292362121399, 7.53750719014e-05, 8.46526309033e-05, 0.000160127150593, 0.000118962023407, 9.79082979029e-05, 0.000121201461297, 0.000266646093223, 0.00043226708658, 0.0002941013081, 0.00019872172561, 0.00016069553385, 7.91719940025e-05, 5.87286485825e-05, 8.61901426106e-05, 6.51150767226e-05, 4.03579069825e-05, 3.15195393341e-05, 2.11163060158e-05, 1.59148512466e-05, 1.37805081977e-05, 1.33147350425e-05, 9.4943361546e-06, 6.08293248661e-06, 5.49810783923e-06, 5.44669001101e-06, 4.25809639637e-06, 3.74932460545e-06, 3.50060281562e-06, 3.64465358871e-06, 4.29193414675e-06, 5.74478463022e-06, 7.78013509262e-06, 7.03695968696e-06, 6.10218648944e-06, 4.69169253847e-06, 3.38778772857e-06, 2.7627243071e-06],
        "min": [2.07717038014e-11, 7.66040078592e-11, 5.00850860785e-10, 6.23275209222e-10, 2.9724592232e-10, 5.51937051618e-10, 1.01455199797e-09, 4.1147769636e-09, 1.26971997361e-08, 4.02026572033e-08, 1.66834066562e-08, 3.3040352676e-09, 1.28363975005e-09, 4.40417169401e-09, 9.39491950902e-09, 4.59223059579e-09, 2.55410381733e-09, 4.22461976513e-09, 1.43886924597e-09, 1.19210274985e-09, 1.4254262215e-09, 7.82748588168e-10, 1.58315649479e-09, 6.78866851622e-10, 4.42225034369e-10, 3.36352723451e-10, 1.2435123764e-10, 9.3036661708e-11, 9.67924906892e-11, 4.10318966304e-11, 5.60924674764e-11, 5.59661865462e-11, 5.22516439838e-11, 4.22502692554e-11, 2.23976184821e-11, 1.24148764186e-11, 7.92371029901e-12, 1.05814315643e-11, 8.32537077472e-12, 8.01742092854e-12],
        "stdev": [0.00492906104773, 0.00159113737755, 0.000850026321132, 0.000179716080311, 0.000182478906936, 0.000531191763002, 0.000318763690302, 0.000257573847193, 0.000160913710715, 0.000307031092234, 0.000590515322983, 0.000500933267176, 0.000417967909016, 0.00036153246765, 0.000186006363947, 0.000112559842819, 0.000186954202945, 0.000159966191859, 7.72513958509e-05, 6.43717066851e-05, 2.85427213385e-05, 2.63496222033e-05, 2.52550544246e-05, 2.22087619477e-05, 1.49233756019e-05, 8.68042297952e-06, 8.83909433469e-06, 1.14549520731e-05, 7.91647562437e-06, 7.44869385017e-06, 7.31107365937e-06, 8.33107606013e-06, 1.0695461242e-05, 1.36744738484e-05, 1.90369100892e-05, 1.80902115972e-05, 1.65440742421e-05, 1.22405090224e-05, 9.08229503693e-06, 7.51769493945e-06]
    },
    "melbands128": {
        "max": [0.00669597508386, 0.0418950021267, 0.0430514961481, 0.030563691631, 0.0135865025222, 0.0139131043106, 0.0136870481074, 0.0101849902421, 0.0046115219593, 0.00222365395166, 0.00225361599587, 0.00353874149732, 0.00293752294965, 0.00193744315766, 0.00710663897917, 0.0143012609333, 0.00872003287077, 0.00224222010002, 0.00379503145814, 0.00636260397732, 0.00780631881207, 0.00530353141949, 0.00240381923504, 0.00377481477335, 0.00499556399882, 0.00601840205491, 0.00838229712099, 0.0161278676242, 0.00749731669202, 0.00833656359464, 0.00316573446617, 0.0104322424158, 0.0112887527794, 0.0107360184193, 0.00556081905961, 0.00551476981491, 0.00519470172003, 0.00585748674348, 0.00424055801705, 0.00416000559926, 0.00200177612714, 0.00130976969376, 0.00410364242271, 0.00432751653716, 0.00344416801818, 0.00351056084037, 0.00161412288435, 0.000876412086654, 0.00169140973594, 0.00186084082816, 0.00101873464882, 0.0005343760713, 0.000445653044153, 0.000511992373504, 0.000442254677182, 0.000749416009057, 0.000369336397853, 0.000662132515572, 0.00057863316033, 0.000239501183387, 0.000546756491531, 0.000650044297799, 0.00035413398291, 0.000212843253394, 0.000110299944936, 8.12277794466e-05, 0.000223519760766, 0.000160100447829, 8.12140278867e-05, 0.00020608214254, 0.000239855842665, 0.000211225662497, 0.000192045932636, 7.22844561096e-05, 8.55610560393e-05, 8.07133110357e-05, 8.61093503772e-05, 0.000133297740831, 9.46621657931e-05, 9.71900954028e-05, 0.00010600846872, 0.000174922693986, 0.000108465050289, 0.000192509207409, 0.000155043264385, 0.000138222443638, 0.000148256629473, 0.000230243778788, 0.000247590476647, 0.000248967116931, 0.000272238685284, 0.000327880203258, 0.00027661191416, 0.000245530623943, 0.000282438704744, 0.000305457186187, 0.000142706121551, 0.000148157138028, 0.000120463570056, 0.000100714918517, 9.46387081058e-05, 0.00016338781279, 0.000101466139313, 9.19907542993e-05, 5.91760945099e-05, 6.27632689429e-05, 5.03355222463e-05, 4.33616914961e-05, 4.06366452808e-05, 2.2800250008e-05, 2.00635131478e-05, 2.09734080272e-05, 2.09832596738e-05, 1.39860585477e-05, 1.78982991201e-05, 1.68519854924e-05, 1.23495456137e-05, 8.98035341379e-06, 8.46623697726e-06, 4.21159802499e-06, 3.74231331079e-06, 5.58758802072e-06, 3.73044508706e-06, 4.38807603587e-07, 1.32383295437e-08, 1.31389121805e-08, 1.3157632317e-08, 1.3159723089e-08],
        "mean": [0.000328835565597, 0.00222191680223, 0.00246965023689, 0.00122752855532, 0.000423846067861, 0.000382184894988, 0.000473566906294, 0.00022886491206, 8.0597557826e-05, 5.95881792833e-05, 7.37172740628e-05, 9.45815845625e-05, 8.07883261587e-05, 8.16807078081e-05, 0.00013873714488, 0.000248809083132, 0.000151543092215, 8.68283532327e-05, 8.28305201139e-05, 0.000106834217149, 9.81000994216e-05, 9.18179721339e-05, 0.000123487989185, 0.000142205142765, 0.000206168420846, 0.000297774269711, 0.000456659996416, 0.000447600090411, 0.000406667619245, 0.000419398711529, 0.000190463659237, 0.000180797127541, 0.000205771575565, 0.000211393082282, 0.000191863960936, 0.000146011196193, 0.000111531175207, 6.73788890708e-05, 6.88643485773e-05, 6.44888059469e-05, 4.75523302157e-05, 6.2970109866e-05, 8.82885578903e-05, 0.000107697218482, 6.80560260662e-05, 6.25546817901e-05, 5.47717572772e-05, 3.06539695885e-05, 4.11115688621e-05, 4.2868865421e-05, 2.83042245428e-05, 2.27622313105e-05, 2.02420269488e-05, 2.1134466806e-05, 2.17670840357e-05, 1.4389752323e-05, 1.16683650049e-05, 1.44234418258e-05, 1.50902296809e-05, 1.16923665701e-05, 1.40683614518e-05, 1.33649227791e-05, 1.20890608741e-05, 8.00038469606e-06, 6.08260597801e-06, 5.89709679844e-06, 6.14191912973e-06, 5.79718016525e-06, 4.69637961942e-06, 6.18002877673e-06, 5.52464462089e-06, 5.1970378081e-06, 4.91576929562e-06, 3.97360054194e-06, 3.54015264747e-06, 3.92152696804e-06, 3.82369489671e-06, 3.49200081473e-06, 3.52568190465e-06, 3.33988873535e-06, 3.49692254531e-06, 3.85894554711e-06, 3.87418504033e-06, 4.27575923823e-06, 4.63621699964e-06, 5.02230068378e-06, 6.09059179624e-06, 7.23701214156e-06, 8.50543347042e-06, 7.51010702515e-06, 7.46878504287e-06, 6.779461728e-06, 6.62620868752e-06, 5.97920643486e-06, 5.89274850427e-06, 5.68831865166e-06, 4.14727219322e-06, 3.80294818569e-06, 3.38487143381e-06, 3.2682987694e-06, 2.95381391879e-06, 2.70933583124e-06, 2.45015007749e-06, 2.35069501286e-06, 2.23707388614e-06, 2.07758671422e-06, 1.83428358014e-06, 1.61440198099e-06, 1.54603583269e-06, 1.30257649289e-06, 1.23275526676e-06, 1.2010843875e-06, 1.08798747078e-06, 8.46404191179e-07, 9.21661523989e-07, 8.08885658898e-07, 7.12323696916e-07, 5.67667541418e-07, 4.7496448019e-07, 2.66948262606e-07, 2.05428619893e-07, 1.77990045813e-07, 1.06852901638e-07, 3.67620978103e-09, 1.41728139641e-11, 1.38234207067e-11, 1.36946461116e-11, 1.3652825398e-11],
        "min": [8.7476449695e-12, 1.46665197348e-11, 1.20312301788e-11, 2.13964002765e-11, 5.9649021833e-11, 1.41272021859e-10, 1.30480862226e-10, 4.7869591624e-10, 8.03535238347e-10, 6.55785925563e-10, 5.11898634592e-10, 4.3881503986e-10, 1.85633924898e-10, 1.63146662846e-10, 5.23778131978e-10, 7.96582466656e-10, 7.12492453925e-10, 3.35090011294e-10, 2.19533946577e-09, 4.55205206862e-09, 5.51031087426e-09, 2.15219175814e-09, 1.0447374521e-08, 2.19813447444e-08, 5.93451012776e-08, 3.20719237834e-08, 2.97341653521e-08, 1.80026109575e-08, 4.13561718204e-09, 6.54234622033e-09, 1.41771905326e-09, 4.80619821719e-10, 1.18984688768e-09, 1.18761767087e-09, 4.28043112066e-09, 5.97341731634e-09, 4.05655331548e-09, 7.28507121295e-09, 1.73971645978e-08, 6.20298967746e-09, 1.59194446514e-09, 1.43986589318e-09, 2.38052266788e-09, 2.8567628263e-09, 4.11528544575e-09, 6.0567124649e-09, 2.21332507877e-09, 7.3771166953e-10, 1.50578038927e-09, 1.73923431213e-09, 1.01147601406e-09, 5.46270695345e-10, 2.04810790549e-09, 1.59077007122e-09, 6.28213092657e-10, 4.74226879987e-10, 6.52584930538e-10, 2.74844547121e-09, 1.1328306071e-09, 1.04027741976e-09, 7.1701899973e-10, 3.17856241328e-10, 6.17742801357e-10, 3.13782222428e-10, 5.13398601409e-10, 3.98879956842e-10, 1.68084129948e-10, 2.22604837341e-10, 8.54083886948e-11, 4.83715047184e-11, 6.85660139776e-11, 1.3570965185e-10, 1.32606620129e-10, 8.74538913509e-11, 6.14889389405e-11, 3.02479152836e-11, 3.12108602851e-11, 6.25045501468e-11, 4.20052256866e-11, 7.06345468227e-11, 8.64403965073e-11, 3.45507303323e-11, 2.1377125764e-11, 5.00452526642e-11, 8.67257030079e-11, 5.81372311403e-11, 2.14089111022e-11, 2.29655721523e-11, 2.37083495197e-11, 2.26981697327e-11, 1.07270138952e-11, 1.15327469796e-11, 1.0892401564e-11, 8.59697729672e-12, 4.60014621881e-12, 9.16032701082e-12, 1.38646013073e-11, 8.37453110331e-12, 9.10215999794e-12, 6.80464929195e-12, 9.46117403172e-12, 9.69488812147e-12, 4.57079339655e-12, 5.04315209385e-12, 4.58268058917e-12, 3.398762825e-12, 2.58646966692e-12, 3.94144569413e-12, 1.86607305129e-12, 3.13599753804e-12, 2.38344218494e-12, 9.90417817204e-13, 4.84334306602e-13, 2.95715220974e-13, 7.40164440155e-13, 1.05265199769e-12, 7.65347962957e-13, 2.32151483367e-13, 2.1279564211e-13, 1.4840693507e-13, 1.76368766596e-13, 1.72260521277e-13, 2.0518519338e-13, 1.97292757218e-13, 1.53040300159e-13, 4.57898625158e-14, 7.34904927982e-15, 2.16264862375e-16],
        "stdev": [0.0010929342825, 0.00669024093077, 0.00652166130021, 0.00338595872745, 0.00138436548878, 0.00116207194515, 0.00140736659523, 0.000744017772377, 0.000315850775223, 0.000159786242875, 0.000185912998859, 0.000258259213297, 0.000201682341867, 0.000201028131414, 0.000519062625244, 0.0010013153078, 0.000541989400517, 0.00021462024597, 0.000250371929724, 0.000354784453521, 0.000334785785526, 0.000204409792786, 0.000201701317565, 0.00023851984588, 0.000322127685649, 0.000426459766459, 0.000730458821636, 0.000836300139781, 0.000802962982561, 0.000985265825875, 0.00035093902261, 0.000466128491098, 0.000595387362409, 0.000582425214816, 0.000565144291613, 0.000454685854493, 0.000324250460835, 0.000268775998848, 0.000203992953175, 0.000209237245144, 0.000109815890028, 0.000114206202852, 0.000245045521297, 0.00034755966044, 0.000229020253755, 0.000227837808779, 0.000154052613652, 6.60608347971e-05, 0.000123251622426, 0.000119261043437, 7.43307318771e-05, 4.47522834293e-05, 3.20422514051e-05, 4.02079967898e-05, 4.21720142185e-05, 3.65104569937e-05, 2.15613144974e-05, 3.20569924952e-05, 3.92293768527e-05, 2.17905289901e-05, 3.09001916321e-05, 3.29880858772e-05, 2.56585553871e-05, 1.46746369865e-05, 9.66409334069e-06, 9.37983622862e-06, 1.1508274838e-05, 1.1428457583e-05, 8.24881408334e-06, 1.37572060339e-05, 1.39739759106e-05, 1.52291886479e-05, 1.15207958515e-05, 7.98406199465e-06, 7.69535108702e-06, 8.57629038364e-06, 8.23422305984e-06, 8.11826612335e-06, 8.02850172477e-06, 7.44556200516e-06, 8.52560515341e-06, 1.02374924609e-05, 9.37917502597e-06, 1.26236946016e-05, 1.20293252621e-05, 1.32345357997e-05, 1.55051620823e-05, 1.9750541469e-05, 2.35689967667e-05, 2.11336500797e-05, 2.00138474611e-05, 1.97831777768e-05, 1.84698565135e-05, 1.68317656062e-05, 1.79221497092e-05, 1.7138901967e-05, 1.12249026643e-05, 1.06475763459e-05, 9.7303000075e-06, 9.16199860512e-06, 7.94805418991e-06, 8.68797724252e-06, 6.54437417325e-06, 6.23041933068e-06, 5.46440742255e-06, 5.05812886331e-06, 4.30871978097e-06, 3.62749960914e-06, 3.43011197401e-06, 2.82369273918e-06, 2.61746890828e-06, 2.78550555777e-06, 2.52661834566e-06, 1.84654322766e-06, 1.95573579731e-06, 1.68398366895e-06, 1.48929018451e-06, 1.17245906495e-06, 9.64320861385e-07, 5.37178152626e-07, 4.29446970429e-07, 4.11944284906e-07, 2.73367135151e-07, 1.73088618993e-08, 3.7743450032e-10, 3.7460354263e-10, 3.75139502795e-10, 3.75199232794e-10]
    },
    "mfcc": {
        "mean": [-660.121520996, 85.7208786011, -46.8283309937, -28.8827934265, -19.9520301819, -8.46915626526, -5.5996131897, 8.01823425293, 1.22584724426, 2.69491457939, -3.83343410492, -6.30345964432, -8.38874435425],
        "cov": [[6539.85107422, -288.145568848, 3070.55737305, 1455.31494141, 1399.90893555, 1174.47924805, 839.051452637, 368.150848389, 179.431381226, 402.86932373, 190.563919067, 472.294494629, 662.331665039], [-288.145568848, 374.828765869, -228.307479858, -65.1989898682, -71.8886642456, 0.0925514623523, 60.854385376, 76.0206756592, 85.8700790405, 59.3568229675, 62.0509223938, 20.0409679413, -6.12756156921], [3070.55737305, -228.307479858, 2353.38452148, 1098.94885254, 1012.4552002, 792.143920898, 528.130371094, 206.267028809, 111.833656311, 242.840881348, 157.482330322, 340.097625732, 412.585083008], [1455.31494141, -65.1989898682, 1098.94885254, 603.613830566, 520.184753418, 381.182067871, 256.811279297, 106.918159485, 74.2522201538, 120.063087463, 82.5354003906, 175.282592773, 215.198318481], [1399.90893555, -71.8886642456, 1012.4552002, 520.184753418, 526.299133301, 372.874206543, 243.192977905, 106.568313599, 57.4250679016, 114.45765686, 76.8221130371, 162.503860474, 200.929763794], [1174.47924805, 0.0925514623523, 792.143920898, 381.182067871, 372.874206543, 401.13180542, 275.957336426, 136.104736328, 85.9796600342, 136.512756348, 105.319915771, 134.978591919, 167.086029053], [839.051452637, 60.854385376, 528.130371094, 256.811279297, 243.192977905, 275.957336426, 255.565093994, 136.735076904, 85.1797180176, 123.507850647, 90.0468826294, 104.665893555, 121.620231628], [368.150848389, 76.0206756592, 206.267028809, 106.918159485, 106.568313599, 136.104736328, 136.735076904, 133.401794434, 81.3389053345, 88.9635391235, 63.3533706665, 58.7729492188, 64.779624939], [179.431381226, 85.8700790405, 111.833656311, 74.2522201538, 57.4250679016, 85.9796600342, 85.1797180176, 81.3389053345, 122.908576965, 77.4235916138, 53.0828514099, 42.2699165344, 42.704208374], [402.86932373, 59.3568229675, 242.840881348, 120.063087463, 114.45765686, 136.512756348, 123.507850647, 88.9635391235, 77.4235916138, 117.138259888, 67.5244827271, 59.2748260498, 65.9718704224], [190.563919067, 62.0509223938, 157.482330322, 82.5354003906, 76.8221130371, 105.319915771, 90.0468826294, 63.3533706665, 53.0828514099, 67.5244827271, 89.9426193237, 58.4290962219, 47.2168502808], [472.294494629, 20.0409679413, 340.097625732, 175.282592773, 162.503860474, 134.978591919, 104.665893555, 58.7729492188, 42.2699165344, 59.2748260498, 58.4290962219, 106.261444092, 93.932510376], [662.331665039, -6.12756156921, 412.585083008, 215.198318481, 200.929763794, 167.086029053, 121.620231628, 64.779624939, 42.704208374, 65.9718704224, 47.2168502808, 93.932510376, 132.836700439]],
        "icov": [[0.000505785166752, 0.000142824937939, -0.000299206672935, 0.000134628833621, -0.000205890784855, -0.000229580866289, -0.000484144577058, -8.97460813576e-06, 0.000170815110323, -0.000452801992651, 0.000823655631393, 0.000153858374688, -0.000987818813883], [0.000142824937939, 0.00471162516624, 0.00163068494294, -0.00126898533199, -9.65344152064e-05, 0.000579103128985, -0.00259413616732, -0.000283339439193, -0.00144270330202, -0.00061446626205, -0.00100420613308, -0.00176402041689, 0.000800324720331], [-0.000299206672935, 0.00163068494294, 0.00493220193312, -0.00478826696053, -0.00173334032297, -0.00199543032795, -0.00126053148415, 0.00110243598465, 0.000773111300077, -0.00121587864123, 0.000850750540849, -0.00259664305486, 0.00164229748771], [0.000134628833621, -0.00126898533199, -0.00478826696053, 0.0174846537411, -0.00884284265339, 0.00220579607412, -0.00109651964158, 0.00228248653002, -0.0038130255416, 0.00235971086659, -0.000440291216364, 0.000487778801471, -0.00382562610321], [-0.000205890784855, -9.65344152064e-05, -0.00173334032297, -0.00884284265339, 0.0179989207536, -0.00548086222261, 0.00364063307643, -0.00266461563297, 0.00276514491998, -0.000694722693879, 0.00196646456607, -0.00229066889733, -0.00125678093173], [-0.000229580866289, 0.000579103128985, -0.00199543032795, 0.00220579607412, -0.00548086222261, 0.019080016762, -0.0118520697579, 0.00135157583281, -0.00140706391539, 0.000855487480294, -0.00680419616401, 0.00510569289327, -0.00288549042307], [-0.000484144577058, -0.00259413616732, -0.00126053148415, -0.00109651964158, 0.00364063307643, -0.0118520697579, 0.0260336529464, -0.0106381177902, 0.00249740225263, -0.00388091080822, 0.000165889912751, -0.00142523506656, 0.0008127039182], [-8.97460813576e-06, -0.000283339439193, 0.00110243598465, 0.00228248653002, -0.00266461563297, 0.00135157583281, -0.0106381177902, 0.0244530588388, -0.00653361715376, -0.00449503073469, -0.00115506188013, -0.000536533072591, -0.00182187254541], [0.000170815110323, -0.00144270330202, 0.000773111300077, -0.0038130255416, 0.00276514491998, -0.00140706391539, 0.00249740225263, -0.00653361715376, 0.0179389733821, -0.00763067044318, -0.000238877648371, -0.000595292891376, -0.000126818980789], [-0.000452801992651, -0.00061446626205, -0.00121587864123, 0.00235971086659, -0.000694722693879, 0.000855487480294, -0.00388091080822, -0.00449503073469, -0.00763067044318, 0.0277655925602, -0.009088604711, 0.00302988430485, -0.00234524044208], [0.000823655631393, -0.00100420613308, 0.000850750540849, -0.000440291216364, 0.00196646456607, -0.00680419616401, 0.000165889912751, -0.00115506188013, -0.000238877648371, -0.009088604711, 0.030010804534, -0.0139907198027, 0.00372962607071], [0.000153858374688, -0.00176402041689, -0.00259664305486, 0.000487778801471, -0.00229066889733, 0.00510569289327, -0.00142523506656, -0.000536533072591, -0.000595292891376, 0.00302988430485, -0.0139907198027, 0.0369072146714, -0.0174028333277], [-0.000987818813883, 0.000800324720331, 0.00164229748771, -0.00382562610321, -0.00125678093173, -0.00288549042307, 0.0008127039182, -0.00182187254541, -0.000126818980789, -0.00234524044208, 0.00372962607071, -0.0174028333277, 0.0314476639032]]
    },
    "spectral_contrast_coeffs": {
        "max": [-0.545660555363, -0.535426676273, -0.52124863863, -0.605434417725, -0.681319177151, -0.69122427702],
        "mean": [-0.7282076478, -0.767229676247, -0.759734749794, -0.819313645363, -0.80085670948, -0.791081547737],
        "min": [-0.957979440689, -0.916714191437, -0.911601543427, -0.905478537083, -0.880066990852, -0.859228909016],
        "stdev": [0.0749901384115, 0.0601565092802, 0.0593115501106, 0.0446351990104, 0.026836104691, 0.0187632367015]
    },
    "spectral_contrast_valleys": {
        "max": [-5.60127687454, -4.99621152878, -5.39213418961, -5.75479984283, -5.79949235916, -7.14449739456],
        "mean": [-8.67213058472, -6.92862272263, -6.58200120926, -7.00851106644, -7.51374721527, -9.98674297333],
        "min": [-13.4218454361, -11.3303518295, -11.6048660278, -11.4020843506, -12.1011009216, -14.9893217087],
        "stdev": [1.87063002586, 0.567543148994, 0.540472447872, 0.460192084312, 0.621494054794, 1.1617757082]
    }
},
"rhythm": {
    "beats_count": 49,
    "beats_loudness": {
        "max": 0.0991017073393,
        "mean": 0.0275260694325,
        "min": 0.00095795490779,
        "stdev": 0.028854129836
    },
    "bpm": 95.1406097412,
    "bpm_histogram_first_peak_bpm": 94,
    "bpm_histogram_first_peak_weight": 0.399999976158,
    "bpm_histogram_second_peak_bpm": 88,
    "bpm_histogram_second_peak_spread": 0.166666686535,
    "bpm_histogram_second_peak_weight": 0.104166664183,
    "danceability": 0.95245796442,
    "onset_rate": 1.22696316242,
    "beats_loudness_band_ratio": {
        "max": [0.821973919868, 0.361403107643, 0.670243084431, 0.770105361938, 0.282132893801, 0.875777602196],
        "mean": [0.184592202306, 0.0345331765711, 0.283087462187, 0.332624226809, 0.116556875408, 0.0885526686907],
        "min": [0.000206955504837, 0.0017022799002, 0.0162085089833, 0.00677711563185, 0.00855092331767, 0.0101596051827],
        "stdev": [0.245422065258, 0.0661885887384, 0.19589908421, 0.201017573476, 0.0716574713588, 0.158397272229]
    },
    "beats_position": [0.487619042397, 0.986848056316, 1.48607707024, 1.97369611263, 2.43809509277, 2.90249419212, 3.39011335373, 3.86612248421, 4.31891155243, 4.80653047562, 5.27092981339, 5.73532867432, 6.19972801208, 6.67573690414, 7.1517457962, 7.6277551651, 8.11537361145, 8.59138298035, 9.0906124115, 9.58984088898, 10.0890703201, 10.6811790466, 11.2732877731, 11.8653964996, 12.445895195, 13.0263938904, 13.6301136017, 14.2338323593, 14.8491611481, 15.5341491699, 16.2191371918, 16.904127121, 17.600725174, 18.2857131958, 18.970703125, 19.5976409912, 20.2245807648, 20.8399085999, 21.4552383423, 22.0705661774, 22.7091159821, 23.3476638794, 23.9862117767, 24.6247615814, 25.2633094788, 25.9018592834, 26.5404071808, 27.1789569855, 27.8175048828],
