{
"metadata": {
    "version": {
        "essentia": "2.1-beta5",
        "essentia_git_sha": "Undefined",
        "extractor": "music 2.0"
    },
    "audio_properties": {
        "analysis": {
            "equal_loudness": 0,
            "length": 48.7502937317,
            "sample_rate": 44100,
            "start_time": 93.9943771362,
            "downmix": "mix"
        },
        "bit_rate": 192000,
        "length": 195.163726807,
        "lossless": 0,
        "number_channels": 2,
        "replay_gain": -6.83208084106,
        "sample_rate": 48000,
        "codec": "mp3",
        "md5_encoded": "786144a7064ae08b24778b07120b2d30"
    },
    "tags": {
        "file_name": "Moldova_So Lucky_Zdob și Zdub.mp3",
        "encoding": ["Lavf58.29.100"]
    }
},
"lowlevel": {
    "average_loudness": 0.978424847126,
    "barkbands_crest": {
        "max": 22.2587413788,
        "mean": 8.85681343079,
        "min": 2.30703687668,
        "stdev": 3.42442369461
    },
    "barkbands_flatness_db": {
        "max": 0.215999573469,
        "mean": 0.0937053114176,
        "min": 0.0180928334594,
        "stdev": 0.0296482201666
    },
    "barkbands_kurtosis": {
        "max": 42.4421882629,
        "mean": 0.903028070927,
        "min": -1.88879466057,
        "stdev": 2.85439252853
    },
    "barkbands_skewness": {
        "max": 6.09982395172,
        "mean": 1.02213072777,
        "min": -2.34235358238,
        "stdev": 0.834605038166
    },
    "barkbands_spread": {
        "max": 103.215339661,
        "mean": 34.288066864,
        "min": 5.26924753189,
        "stdev": 13.2913684845
    },
    "dissonance": {
        "max": 0.500000178814,
        "mean": 0.4772131145,
        "min": 0.334679931402,
        "stdev": 0.0187194794416
    },
    "dynamic_complexity": 1.9600828886,
    "erbbands_crest": {
        "max": 30.2445163727,
        "mean": 8.41837692261,
        "min": 2.43408513069,
        "stdev": 4.39316701889
    },
    "erbbands_flatness_db": {
        "max": 0.258346110582,
        "mean": 0.128855854273,
        "min": 0.0411480776966,
        "stdev": 0.0360265560448
    },
    "erbbands_kurtosis": {
        "max": 13.8712406158,
        "mean": 0.117110125721,
        "min": -1.64014410973,
        "stdev": 1.67561161518
    },
    "erbbands_skewness": {
        "max": 3.41925096512,
        "mean": -0.0738533362746,
        "min": -2.66940999031,
        "stdev": 0.696714997292
    },
    "erbbands_spread": {
        "max": 123.703918457,
        "mean": 42.8096084595,
        "min": 8.13307285309,
        "stdev": 17.8806304932
    },
    "hfc": {
        "max": 122.217720032,
        "mean": 25.4735164642,
        "min": 1.05502414703,
        "stdev": 17.0103549957
    },
    "loudness_ebu128": {
        "integrated": -16.3781089783,
        "loudness_range": 1.31708908081,
        "momentary": {
            "max": -13.8545274734,
            "mean": -16.4757022858,
            "min": -18.7382717133,
            "stdev": 0.917498230934
        },
        "short_term": {
            "max": -15.2954235077,
            "mean": -16.3712844849,
            "min": -17.4499874115,
            "stdev": 0.47876098752
        }
    },
    "melbands_crest": {
        "max": 28.6840991974,
        "mean": 13.0810213089,
        "min": 3.24409937859,
        "stdev": 4.22543859482
    },
    "melbands_flatness_db": {
        "max": 0.317162841558,
        "mean": 0.151624113321,
        "min": 0.0408461652696,
        "stdev": 0.039340917021
    },
    "melbands_kurtosis": {
        "max": 144.125442505,
        "mean": 8.33307743073,
        "min": -1.74237847328,
        "stdev": 11.0346097946
    },
    "melbands_skewness": {
        "max": 9.98668003082,
        "mean": 2.30586647987,
        "min": -0.406692802906,
        "stdev": 1.34256577492
    },
    "melbands_spread": {
        "max": 210.629852295,
        "mean": 35.4286842346,
        "min": 2.71649765968,
        "stdev": 19.4916667938
    },
    "pitch_salience": {
        "max": 0.910731911659,
        "mean": 0.538755893707,
        "min": 0.244730859995,
        "stdev": 0.0944906249642
    },
    "silence_rate_20dB": {
        "max": 1,
        "mean": 1,
        "min": 1,
        "stdev": 0
    },
    "silence_rate_30dB": {
        "max": 1,
        "mean": 1,
        "min": 1,
        "stdev": 0
    },
    "silence_rate_60dB": {
        "max": 1,
        "mean": 0.0157068055123,
        "min": 0,
        "stdev": 0.124339185655
    },
    "spectral_centroid": {
        "max": 4754.91357422,
        "mean": 1872.30554199,
        "min": 581.940368652,
        "stdev": 486.380462646
    },
    "spectral_complexity": {
        "max": 47,
        "mean": 21.8205623627,
        "min": 1,
        "stdev": 8.80778121948
    },
    "spectral_decrease": {
        "max": -2.19016582648e-10,
        "mean": -5.75726044616e-09,
        "min": -2.35659900483e-08,
        "stdev": 3.81590004039e-09
    },
    "spectral_energy": {
        "max": 0.0981768518686,
        "mean": 0.0240397714078,
        "min": 0.00108724134043,
        "stdev": 0.0154834724963
    },
    "spectral_energyband_high": {
        "max": 0.0116691794246,
        "mean": 0.00118702673353,
        "min": 2.1231624487e-05,
        "stdev": 0.00107673578896
    },
    "spectral_energyband_low": {
        "max": 0.0583049319685,
        "mean": 0.00848916266114,
        "min": 3.05120247504e-05,
        "stdev": 0.00807975232601
    },
    "spectral_energyband_middle_high": {
        "max": 0.0640648677945,
        "mean": 0.00677431980148,
        "min": 0.000174381566467,
        "stdev": 0.00612665852532
    },
    "spectral_energyband_middle_low": {
        "max": 0.0692315176129,
        "mean": 0.00858898553997,
        "min": 0.000266935792752,
        "stdev": 0.0097925812006
    },
    "spectral_entropy": {
        "max": 8.77561473846,
        "mean": 7.86537456512,
        "min": 6.94980621338,
        "stdev": 0.255035817623
    },
    "spectral_flux": {
        "max": 0.254536658525,
        "mean": 0.0962254032493,
        "min": 0.0177503433079,
        "stdev": 0.0436518639326
    },
    "spectral_kurtosis": {
        "max": 10.6773681641,
        "mean": 3.16060304642,
        "min": -0.688828706741,
        "stdev": 1.4771502018
    },
    "spectral_rms": {
        "max": 0.00978684239089,
        "mean": 0.00460637407377,
        "min": 0.00102991412859,
        "stdev": 0.00149491394404
    },
    "spectral_rolloff": {
        "max": 9776.07421875,
        "mean": 2144.34130859,
        "min": 129.19921875,
        "stdev": 1448.17382812
    },
    "spectral_skewness": {
        "max": 2.59530806541,
        "mean": 1.31910145283,
        "min": 0.319967210293,
        "stdev": 0.290295034647
    },
    "spectral_spread": {
        "max": 15716058,
        "mean": 5178933.5,
        "min": 2490108,
        "stdev": 1427812.125
    },
    "spectral_strongpeak": {
        "max": 12.8989801407,
        "mean": 0.917140781879,
        "min": 0.0127743314952,
        "stdev": 1.46139109135
    },
    "zerocrossingrate": {
        "max": 0.3095703125,
        "mean": 0.0844324529171,
        "min": 0.013671875,
        "stdev": 0.0333493314683
    },
    "barkbands": {
        "max": [0.00128137844149, 0.0287160649896, 0.0399172529578, 0.0302223712206, 0.0422863699496, 0.0506707727909, 0.0529197901487, 0.0384621247649, 0.0558757893741, 0.0550896525383, 0.0487011671066, 0.0177662950009, 0.0113025605679, 0.00475947419181, 0.0147783365101, 0.0157505832613, 0.0315141193569, 0.0124720530584, 0.0134273786098, 0.00543324789032, 0.00158595002722, 0.00287148007192, 0.00323760975152, 0.00404435954988, 0.00154722947627, 0.000953992945142, 0.000350752146915],
        "mean": [4.5042092097e-05, 0.00362392188981, 0.00403109379113, 0.00118805712555, 0.00190851266962, 0.00155542115681, 0.000996100716293, 0.000489841506351, 0.00201658369042, 0.00118317420129, 0.000827739480883, 0.000650524511002, 0.000477323075756, 0.000337149394909, 0.000450034276582, 0.000597110134549, 0.00108668359462, 0.000599845545366, 0.000588038063142, 0.000318295671605, 0.000250851298915, 0.000236388601479, 0.000218840548769, 0.000170193001395, 0.000114499423944, 6.4600200858e-05, 1.39164721986e-05],
        "min": [1.4958931871e-08, 8.36021717987e-06, 1.26092595565e-06, 2.43025419877e-06, 1.23008112496e-05, 5.21557967659e-06, 2.59300941252e-06, 2.63079300566e-06, 1.44961104525e-05, 2.40070721702e-06, 3.03440742755e-06, 2.949443342e-06, 2.355155857e-06, 3.36394055012e-06, 3.41614668287e-06, 4.31814169133e-06, 1.48899143824e-05, 8.71897009347e-06, 5.66188919038e-06, 1.14035140086e-06, 4.11613382312e-06, 2.0824013518e-06, 1.2079165117e-06, 5.33774027645e-07, 4.02836803914e-07, 8.60971809402e-08, 1.00703001493e-10],
        "stdev": [7.73021165514e-05, 0.00396582856774, 0.00469378195703, 0.00289532123134, 0.00467280624434, 0.00263923895545, 0.00323726143688, 0.00138488330413, 0.00442790985107, 0.00298238475807, 0.00204596319236, 0.00131928932387, 0.000728914397769, 0.000447598897154, 0.000918520847335, 0.00116463960148, 0.00206748093478, 0.000904302985873, 0.00088045722805, 0.000402856327128, 0.00023628132476, 0.000272094504908, 0.00027453439543, 0.000267294002697, 0.000136080663651, 8.67291382747e-05, 2.58297823166e-05]
    },
    "erbbands": {
        "max": [1.09588372707, 6.67229890823, 30.916469574, 75.812171936, 92.1516189575, 200.233581543, 115.823730469, 543.499938965, 768.43536377, 527.920471191, 1026.05236816, 1549.71264648, 1397.71679688, 1534.62805176, 619.848083496, 838.748046875, 501.617858887, 216.407684326, 794.622314453, 656.470825195, 1074.31665039, 2205.55224609, 676.136047363, 806.288269043, 665.738342285, 280.732849121, 65.3618469238, 71.7587890625, 120.384674072, 117.300506592, 90.9061431885, 90.705406189, 53.195476532, 17.6127567291, 11.9699087143, 7.12157058716, 2.00283503532, 0.573304831982, 0.0598343387246, 0.00141393952072],
        "mean": [0.0930545628071, 0.901542007923, 3.59184789658, 5.4089679718, 3.95596647263, 8.20651626587, 7.57765769958, 14.3713254929, 15.5719118118, 11.4521274567, 18.1730690002, 43.3427391052, 45.1064300537, 33.125579834, 28.6644496918, 27.4739780426, 22.097618103, 19.6217556, 20.3137741089, 26.7913093567, 36.3000411987, 61.7462043762, 38.5390930176, 28.1586456299, 26.7405090332, 15.2783432007, 9.84206962585, 10.1486120224, 8.0453338623, 7.9531083107, 6.23729944229, 3.65520358086, 2.75105714798, 1.57130384445, 0.704653799534, 0.35145637393, 0.094269618392, 0.0243804901838, 0.00241572386585, 9.36975775403e-05],
        "min": [0.000192369931028, 0.00162193644792, 0.00772880390286, 0.00754132773727, 0.0220697186887, 0.0236180126667, 0.0860861986876, 0.0564000047743, 0.0678751766682, 0.116202808917, 0.14368750155, 0.301052689552, 0.196554392576, 0.108680933714, 0.168625816703, 0.179265066981, 0.126479253173, 0.127047359943, 0.13308827579, 0.27714073658, 0.402818500996, 0.933764696121, 0.638276398182, 0.303222209215, 0.258566826582, 0.0754590854049, 0.180282428861, 0.12628467381, 0.0787225887179, 0.0587124228477, 0.0325213856995, 0.0135416593403, 0.00937308650464, 0.00499045103788, 0.00243296823464, 0.000644624233246, 9.53920462052e-05, 1.07608148028e-05, 5.68961877434e-06, 2.57812803284e-06],
        "stdev": [0.112569622695, 0.952952444553, 4.06390953064, 8.04399967194, 9.33347225189, 20.9196720123, 10.7747716904, 27.8691120148, 49.9228897095, 27.0069503784, 43.5804634094, 100.65687561, 108.592247009, 71.9176330566, 49.8331375122, 52.3369827271, 33.9226760864, 22.0549678802, 40.2569694519, 49.4545478821, 67.1639175415, 120.285720825, 54.5506095886, 41.1423454285, 40.5624389648, 19.9070472717, 9.65686130524, 9.83766937256, 9.34077739716, 10.1396837234, 7.82113218307, 5.78749513626, 4.18980407715, 1.88222205639, 0.872410535812, 0.456033051014, 0.141431033611, 0.0419641621411, 0.00444249575958, 0.000120903976494]
    },
    "gfcc": {
        "mean": [35.6210250854, 64.4541168213, -112.595161438, 39.380859375, -53.145450592, 16.3155460358, -32.6842727661, 17.4535312653, -22.9112472534, 0.0528792515397, -15.4294862747, 5.53986644745, -12.7037382126],
        "cov": [[1523.43408203, -432.936798096, 10.7112722397, -88.7251663208, -6.70698881149, 45.4435768127, -29.4501647949, -32.4919815063, -17.5310192108, -17.7049751282, -109.523345947, 23.12068367, -39.3086509705], [-432.936798096, 1080.93774414, -431.201599121, 142.329864502, -10.4515676498, -10.1249742508, 223.010879517, -55.4185218811, -62.8234596252, -79.0990982056, 90.6867294312, -146.606918335, 17.4969844818], [10.7112722397, -431.201599121, 587.722106934, 26.1319732666, 25.5381278992, 19.1034450531, -117.655761719, 28.8379936218, -10.737903595, 75.8370285034, -18.0729980469, 40.225730896, -26.4269065857], [-88.7251663208, 142.329864502, 26.1319732666, 303.735534668, 37.2968482971, 8.51498508453, -13.4381837845, -43.0534210205, -5.06146860123, -0.524503469467, 25.4366340637, -52.3431968689, 6.55678033829], [-6.70698881149, -10.4515676498, 25.5381278992, 37.2968482971, 195.033966064, 1.4765920639, -30.8138866425, 23.0963191986, 49.9428367615, 21.005525589, -29.2052745819, 8.93767738342, -0.419437110424], [45.4435768127, -10.1249742508, 19.1034450531, 8.51498508453, 1.4765920639, 153.29347229, 68.9666137695, 24.4223365784, -42.4125099182, 0.555802464485, 5.52719593048, -16.5340175629, -3.81909394264], [-29.4501647949, 223.010879517, -117.655761719, -13.4381837845, -30.8138866425, 68.9666137695, 198.014633179, 17.5731468201, -50.0588188171, -42.2311096191, 28.6815128326, -44.2490272522, -8.99779510498], [-32.4919815063, -55.4185218811, 28.8379936218, -43.0534210205, 23.0963191986, 24.4223365784, 17.5731468201, 107.548217773, 43.9529342651, 10.8876333237, -8.49424362183, 16.452173233, -6.3250617981], [-17.5310192108, -62.8234596252, -10.737903595, -5.06146860123, 49.9428367615, -42.4125099182, -50.0588188171, 43.9529342651, 145.280014038, 21.9376010895, -13.7066326141, 26.8044261932, 10.2578716278], [-17.7049751282, -79.0990982056, 75.8370285034, -0.524503469467, 21.005525589, 0.555802464485, -42.2311096191, 10.8876333237, 21.9376010895, 95.2057800293, 23.2900104523, 4.45560598373, -8.95152378082], [-109.523345947, 90.6867294312, -18.0729980469, 25.4366340637, -29.2052745819, 5.52719593048, 28.6815128326, -8.49424362183, -13.7066326141, 23.2900104523, 91.8333969116, 7.04682159424, 3.56633901596], [23.12068367, -146.606918335, 40.225730896, -52.3431968689, 8.93767738342, -16.5340175629, -44.2490272522, 16.452173233, 26.8044261932, 4.45560598373, 7.04682159424, 110.721061707, 24.980173111], [-39.3086509705, 17.4969844818, -26.4269065857, 6.55678033829, -0.419437110424, -3.81909394264, -8.99779510498, -6.3250617981, 10.2578716278, -8.95152378082, 3.56633901596, 24.980173111, 50.3455924988]],
        "icov": [[0.000883753295057, 0.000472586747492, 0.00032055421616, -2.12268860196e-05, 3.09202587232e-05, -0.000263827329036, -0.000304804096231, 0.000652841292322, 8.46903731144e-06, -4.49833205494e-05, 0.000834789592773, -0.000160794195835, 0.000715510686859], [0.000472586747492, 0.00258856546134, 0.00123828579672, -0.000602346262895, -0.000753656669986, 0.00105877965689, -0.00169159821235, 0.000279874191619, 0.000551660428755, 0.000680687022395, -0.00155616260599, 0.00225861091167, -0.000997131108306], [0.00032055421616, 0.00123828579672, 0.00305228657089, -0.00086040829774, -0.000160083232913, -7.06980572431e-05, 0.000561883032788, -0.000816556799691, 0.00139810598921, -0.00123025651556, 0.000190330276382, -0.000138811068609, 0.00107708643191], [-2.12268860196e-05, -0.000602346262895, -0.00086040829774, 0.0047516641207, -0.00116476218682, -0.000997264753096, 0.00143035850488, 0.00162835407536, -0.000863113556989, 0.00140966882464, -0.00216147396713, 0.00260461028665, -0.00121557922103], [3.09202587232e-05, -0.000753656669986, -0.000160083232913, -0.00116476218682, 0.00673267990351, -0.000879357743543, 0.000322245934512, -0.000552054087166, -0.00175335514359, -0.00203381339088, 0.00347519502975, -0.00190746528096, 0.0010272419313], [-0.000263827329036, 0.00105877965689, -7.06980572431e-05, -0.000997264753096, -0.000879357743543, 0.00996874086559, -0.00399762811139, -0.00283992546611, 0.00321824103594, -0.00140603247564, -0.000157780508744, 0.00120023195632, -0.00229361071251], [-0.000304804096231, -0.00169159821235, 0.000561883032788, 0.00143035850488, 0.000322245934512, -0.00399762811139, 0.0112729603425, -0.00303285755217, 0.00145536777563, 0.00394282862544, -0.00342987850308, 0.00201078457758, 0.00144145789091], [0.000652841292322, 0.000279874191619, -0.000816556799691, 0.00162835407536, -0.000552054087166, -0.00283992546611, -0.00303285755217, 0.0146487029269, -0.00553031731397, -0.000643575389404, 0.00156114588026, -0.00179876247421, 0.00264434423298], [8.46903731144e-06, 0.000551660428755, 0.00139810598921, -0.000863113556989, -0.00175335514359, 0.00321824103594, 0.00145536777563, -0.00553031731397, 0.0114942239597, -0.00197969097644, 0.000593472388573, -0.000437059061369, -0.00206310045905], [-4.49833205494e-05, 0.000680687022395, -0.00123025651556, 0.00140966882464, -0.00203381339088, -0.00140603247564, 0.00394282862544, -0.000643575389404, -0.00197969097644, 0.0167402997613, -0.0080907093361, 0.0036190324463, 0.00155642384198], [0.000834789592773, -0.00155616260599, 0.000190330276382, -0.00216147396713, 0.00347519502975, -0.000157780508744, -0.00342987850308, 0.00156114588026, 0.000593472388573, -0.0080907093361, 0.0189754590392, -0.00660792179406, 0.00154919154011], [-0.000160794195835, 0.00225861091167, -0.000138811068609, 0.00260461028665, -0.00190746528096, 0.00120023195632, 0.00201078457758, -0.00179876247421, -0.000437059061369, 0.0036190324463, -0.00660792179406, 0.017006771639, -0.00835174322128], [0.000715510686859, -0.000997131108306, 0.00107708643191, -0.00121557922103, 0.0010272419313, -0.00229361071251, 0.00144145789091, 0.00264434423298, -0.00206310045905, 0.00155642384198, 0.00154919154011, -0.00835174322128, 0.0266472641379]]
    },
    "melbands": {
        "max": [0.00849105790257, 0.0113193225116, 0.0118400128558, 0.0102284261957, 0.00510051427409, 0.0115972356871, 0.0104369809851, 0.0046220254153, 0.00781507696956, 0.0085787018761, 0.00682635745034, 0.00568746821955, 0.00400179857388, 0.00230110320263, 0.00146970630158, 0.00116936920676, 0.00048357254127, 0.00106540275738, 0.00099334132392, 0.00165473576635, 0.00166853377596, 0.00277863885276, 0.00157827464864, 0.000561218126677, 0.000779070425779, 0.000768562778831, 0.000335439923219, 0.000148822306073, 5.10335048602e-05, 5.19829845871e-05, 5.02179136674e-05, 7.12601759005e-05, 5.78536637477e-05, 7.76231536292e-05, 5.35310209671e-05, 6.3411112933e-05, 6.37274279143e-05, 4.15392278228e-05, 3.11452786264e-05, 1.4827742234e-05],
        "mean": [0.000950636400376, 0.001650935621, 0.00087517069187, 0.000428729719715, 0.000289379822789, 0.000318392063491, 0.000235148341744, 0.000111769601062, 0.000180133327376, 0.000282211607555, 0.000223564056796, 0.000135142036015, 0.000110203574877, 6.94560440024e-05, 6.55374242342e-05, 4.52789536212e-05, 3.38200297847e-05, 3.01539748762e-05, 3.40275473718e-05, 3.86803258152e-05, 4.25921316491e-05, 6.51361697237e-05, 5.06802862219e-05, 2.6116900699e-05, 2.15521231439e-05, 2.45128721872e-05, 1.38895074997e-05, 8.6728396127e-06, 6.19535012447e-06, 6.31240800431e-06, 5.48187153981e-06, 4.23609571953e-06, 4.88645491714e-06, 4.26520045949e-06, 3.92584979636e-06, 2.50684092862e-06, 2.11214819501e-06, 1.9637452624e-06, 1.63842037182e-06, 1.20852268992e-06],
        "min": [1.86756756193e-06, 4.97753489981e-06, 1.27692101159e-06, 2.05762080441e-06, 3.00113993035e-06, 1.42756391597e-06, 7.33800561648e-07, 7.32629246158e-07, 8.20095920062e-07, 2.08390565604e-06, 5.08336484017e-07, 3.24564439325e-07, 4.34623558476e-07, 2.15152809346e-07, 3.52248378022e-07, 1.64365275168e-07, 2.30691441061e-07, 1.52905940354e-07, 2.84000350348e-07, 2.84422611685e-07, 4.31529656453e-07, 8.00966574843e-07, 4.71275257041e-07, 3.50841020236e-07, 2.10172871107e-07, 2.44070861299e-07, 3.20675397347e-08, 3.98176531746e-08, 9.6200288624e-08, 8.08216569226e-08, 6.26231724254e-08, 4.91721650064e-08, 3.2578714837e-08, 3.20421378319e-08, 1.82061583587e-08, 1.15729781314e-08, 6.43393294197e-09, 6.08330097407e-09, 6.07009553732e-09, 3.43889783316e-09],
        "stdev": [0.00107803195715, 0.00166274816729, 0.00128132244572, 0.0011119908886, 0.000465883960715, 0.000613527256064, 0.000730344851036, 0.000263597583398, 0.000447922328021, 0.000649069668725, 0.000554764352273, 0.000312846736051, 0.000229987577768, 0.000156794310897, 0.000118336793093, 6.78131837049e-05, 4.17568044213e-05, 6.00119456067e-05, 6.78466603858e-05, 8.1934442278e-05, 9.09434238565e-05, 0.000136687827762, 0.000107734231278, 3.47130553564e-05, 3.76399875677e-05, 4.02240402764e-05, 2.08632009162e-05, 1.14791982924e-05, 6.77856132825e-06, 6.4659848249e-06, 5.53178779228e-06, 5.20962748851e-06, 6.17865225649e-06, 5.98617407377e-06, 5.08345601702e-06, 3.74514911528e-06, 3.65192954632e-06, 3.18221532325e-06, 2.21601430894e-06, 1.44142518366e-06]
    },
    "melbands128": {
        "max": [0.00119182409253, 0.00909962039441, 0.0128530459478, 0.0112956948578, 0.014356488362, 0.0219406951219, 0.0181084498763, 0.0132359722629, 0.00956926401705, 0.0152331274003, 0.0141218965873, 0.00775035237893, 0.00407484127209, 0.00430988240987, 0.011061925441, 0.0214220769703, 0.0163021832705, 0.0166232232004, 0.0163108054549, 0.00485798530281, 0.00576024875045, 0.0112152379006, 0.0106768589467, 0.0174183975905, 0.0177795235068, 0.0141553916037, 0.0170860271901, 0.010410877876, 0.0187948215753, 0.00746867386624, 0.00957099255174, 0.0134504642338, 0.00347771402448, 0.0022093122825, 0.00440637022257, 0.00330318324268, 0.00342851155438, 0.00254867458716, 0.00130587664898, 0.00125428719912, 0.00179618434049, 0.000939228397328, 0.000796623935457, 0.000799948291387, 0.00103326176759, 0.000977566116489, 0.00384547631256, 0.00138231285382, 0.00184947310481, 0.00173514359631, 0.00345306657255, 0.00217107962817, 0.00303115393035, 0.00438425131142, 0.00215852470137, 0.00579377496615, 0.00226846174337, 0.00265456642956, 0.00182377907913, 0.000665721134283, 0.0010616016807, 0.000737400725484, 0.00117552606389, 0.00161163683515, 0.000901944178622, 0.001301258686, 0.000748697144445, 0.000752851890866, 0.000270218559308, 0.000674654729664, 8.97797726793e-05, 9.5926472568e-05, 0.000133115579956, 6.36210315861e-05, 5.61067317904e-05, 5.97334401391e-05, 0.00011929867469, 9.4783725217e-05, 7.41547410144e-05, 7.96873500803e-05, 0.00012178850011, 7.17552902643e-05, 0.000169274804648, 8.16345709609e-05, 0.000162421740242, 0.000108190477476, 0.000129184161779, 8.08026961749e-05, 6.33274539723e-05, 9.05476408661e-05, 5.19902860106e-05, 0.000107570223918, 7.02831894159e-05, 9.17889119592e-05, 6.03376684012e-05, 4.70880731882e-05, 4.31477710663e-05, 5.0940678193e-05, 4.09047061112e-05, 2.6442190574e-05, 2.21022510232e-05, 1.80568695214e-05, 1.33179755721e-05, 9.64050923358e-06, 1.6040781702e-05, 1.86358120118e-05, 2.4743092581e-05, 1.62575779541e-05, 1.96313558263e-05, 1.67362923094e-05, 9.05521119421e-06, 9.7804086181e-06, 7.28403620087e-06, 4.72289730169e-06, 1.48892640937e-05, 4.21193544753e-06, 5.6945345932e-06, 4.44500210506e-06, 4.77770527141e-06, 1.97946042135e-06, 1.39438600399e-06, 1.15732450467e-06, 5.16886188962e-07, 3.53628877292e-08, 6.75309852483e-09, 6.66840493935e-09, 6.62649801697e-09, 6.60151844301e-09],
        "mean": [3.63098588423e-05, 0.000571399810724, 0.00151360128075, 0.00136120454408, 0.00155862094834, 0.00214114948176, 0.00119886850007, 0.000476202258142, 0.000329922506353, 0.000443470285973, 0.000525432522409, 0.000302526867017, 0.000230720470427, 0.000259139516857, 0.000312280171784, 0.000386661093216, 0.000273054465652, 0.000214705898543, 0.000175846274942, 0.000127138235257, 6.89501248416e-05, 9.08252914087e-05, 0.000172139756614, 0.000302780041238, 0.000290937663522, 0.000269249459961, 0.000282385270111, 0.000216108834138, 0.000188893725863, 0.000134632544359, 9.84316429822e-05, 0.000164476587088, 0.000127341569168, 5.95385427005e-05, 6.61301528453e-05, 6.92104586051e-05, 8.08065669844e-05, 7.25388745195e-05, 5.48409043404e-05, 3.83576589229e-05, 4.09499225498e-05, 5.99351878918e-05, 2.93809371215e-05, 2.61030709225e-05, 2.57629544649e-05, 2.7940102882e-05, 4.10522625316e-05, 3.05714420392e-05, 3.23085405398e-05, 3.87072395824e-05, 3.88104672311e-05, 4.01486468036e-05, 4.09777239838e-05, 3.86908795917e-05, 5.54796170036e-05, 7.29588282411e-05, 6.72099122312e-05, 6.7892629886e-05, 3.92987894884e-05, 2.74727317446e-05, 2.87927850877e-05, 2.15224681597e-05, 1.95275333681e-05, 2.08694600587e-05, 2.60840643023e-05, 3.00059673464e-05, 2.02434348466e-05, 1.22603869386e-05, 1.22017318063e-05, 1.74710512511e-05, 6.60008117848e-06, 5.91353818891e-06, 7.38922108212e-06, 6.46551825412e-06, 4.46449985247e-06, 5.18736260346e-06, 8.70299845701e-06, 6.17695695837e-06, 4.88755586048e-06, 4.97780729347e-06, 3.6072333387e-06, 3.94815515392e-06, 5.36402285434e-06, 4.95699032399e-06, 4.78737820231e-06, 4.09416588809e-06, 4.11843939219e-06, 4.37709559264e-06, 4.13800262322e-06, 3.53663654096e-06, 2.7463790957e-06, 2.16387456931e-06, 2.16542662201e-06, 2.32497040997e-06, 1.86317083717e-06, 1.87507680494e-06, 2.05274136533e-06, 1.97942108571e-06, 1.70372493358e-06, 1.28766725993e-06, 1.71205726929e-06, 1.07322057374e-06, 8.81903815753e-07, 7.0885880632e-07, 8.28475151593e-07, 7.39440167763e-07, 7.34941465907e-07, 7.26787504846e-07, 5.74481987314e-07, 6.1725870637e-07, 3.90189399013e-07, 3.07070394001e-07, 2.62970559106e-07, 2.14867426962e-07, 2.69902159289e-07, 2.13652072034e-07, 1.80482345513e-07, 1.55452397621e-07, 1.18408912897e-07, 6.89447858804e-08, 4.73951615731e-08, 3.76511835043e-08, 2.14188471404e-08, 5.71786062942e-10, 1.01796748114e-11, 9.95744285637e-12, 9.8317742836e-12, 9.77610527253e-12],
        "min": [1.94489091498e-09, 2.41050230443e-07, 8.04745468486e-07, 3.7808840716e-06, 2.03530817089e-06, 7.67126323353e-07, 9.43175109569e-07, 6.8769304562e-07, 2.50376672284e-07, 8.75495572927e-07, 1.40777302704e-07, 1.82016776762e-07, 1.33845435357e-06, 3.98695021886e-07, 7.72499959112e-07, 1.99027979875e-07, 5.10537006448e-07, 2.32135420219e-07, 3.97533852947e-07, 3.05632624986e-07, 8.3537223361e-08, 1.81641908625e-07, 8.81177797396e-08, 2.85707045578e-07, 4.30354646141e-07, 4.48459445579e-07, 1.07602687649e-07, 1.50692216039e-07, 1.51054322828e-07, 3.84626019923e-08, 1.24810398461e-07, 2.71296528354e-07, 3.34827632287e-07, 1.64628985999e-07, 7.93842218627e-08, 1.15321043381e-07, 1.63145784882e-07, 1.93975495222e-07, 8.60107221001e-08, 8.65189093702e-08, 1.26433647551e-07, 9.28426544533e-08, 8.91030254024e-08, 1.1564324609e-07, 5.66057600793e-08, 7.4119419935e-08, 1.25573947685e-07, 8.07688351756e-08, 8.94032154974e-08, 8.12276041984e-08, 6.93498805049e-08, 2.11796901795e-07, 1.58745038448e-07, 2.08993384376e-07, 1.6485778076e-07, 1.83261377629e-07, 3.10918096602e-07, 2.25522569508e-07, 1.58383969051e-07, 2.69918501772e-07, 1.61847310665e-07, 1.68482358731e-07, 1.26996468452e-07, 7.7826513234e-08, 1.5279515253e-07, 2.86029774088e-07, 6.82081164882e-08, 1.62655346969e-08, 1.85198683056e-08, 5.56276447128e-08, 5.3637922548e-08, 1.41960780908e-08, 4.96216401302e-08, 6.27622398497e-08, 2.80586043289e-08, 4.62700846526e-08, 5.31970059114e-08, 3.35913945548e-08, 3.71029607038e-08, 4.59317561763e-08, 3.83197367171e-08, 2.44768578739e-08, 3.81826694706e-08, 2.73151261609e-08, 2.44099371827e-08, 2.23294538415e-08, 3.64232626282e-08, 1.05927338012e-08, 1.4521646996e-08, 1.24297097059e-08, 8.54666915018e-09, 6.89839252388e-09, 6.34596464266e-09, 5.70274716338e-09, 5.02003860703e-09, 4.45525305537e-09, 4.31676028256e-09, 5.31169774831e-09, 5.05896213809e-09, 4.52321247124e-09, 3.26156501806e-09, 1.47325995847e-09, 1.65904168181e-09, 1.11771558675e-09, 1.28092791929e-09, 7.10695502448e-10, 1.33966360227e-09, 1.07929176707e-09, 7.92401477767e-10, 4.08112654782e-10, 3.35924454919e-10, 1.32206343095e-10, 1.3185758041e-10, 7.02014210652e-11, 5.57469695406e-11, 3.42257541752e-11, 3.43514518046e-12, 3.47782078743e-13, 1.34948869028e-13, 1.35145014754e-13, 1.28589630263e-13, 1.14801153609e-13, 8.71374370229e-14, 1.02726753156e-13, 7.33964416479e-14, 2.86900867375e-14, 4.44763744538e-15, 1.81720688264e-16],
        "stdev": [6.70546651236e-05, 0.000768177153077, 0.00181570614222, 0.00153508235235, 0.00185424904339, 0.00249261781573, 0.00186249765102, 0.0012920940062, 0.000862500513904, 0.00150019431021, 0.00135412579402, 0.00062731851358, 0.000377892574761, 0.00036354464828, 0.000610174203757, 0.00108991132583, 0.00105151929893, 0.000947887252551, 0.000749544007704, 0.000270802789601, 0.000247436226346, 0.000357591517968, 0.000489947618917, 0.000972767360508, 0.000895775330719, 0.000892203475814, 0.00100517086685, 0.000679015764035, 0.000740275136195, 0.000416632217821, 0.000334671640303, 0.000562068831641, 0.000284399662632, 0.000163694698131, 0.000234387276578, 0.000206186770811, 0.000219442372327, 0.000167357429746, 0.000123691861518, 9.07817811822e-05, 0.00010249249317, 8.49843709148e-05, 5.01647555211e-05, 5.43101086805e-05, 5.90608651692e-05, 7.28652157704e-05, 0.000152188673383, 9.02346873772e-05, 9.36937358347e-05, 0.000116186733067, 0.000129247302539, 0.000121364610095, 0.000128154351842, 0.000150497988216, 0.000153642555233, 0.000224871560931, 0.000202740760869, 0.00021720980294, 0.00011035137868, 5.74437108298e-05, 4.83789408463e-05, 4.07839688705e-05, 4.77323046653e-05, 5.64663932892e-05, 4.73163054266e-05, 6.08744376223e-05, 4.81334791402e-05, 3.16457444569e-05, 2.0488329028e-05, 3.96960858779e-05, 8.76073863765e-06, 9.63999627857e-06, 1.04857144834e-05, 8.43121324579e-06, 5.621829132e-06, 6.40902408122e-06, 1.11359058792e-05, 7.56640474719e-06, 6.35938795313e-06, 6.51125628792e-06, 5.7213906075e-06, 5.90943045609e-06, 8.57894610817e-06, 7.21459491615e-06, 7.94196421339e-06, 6.85863597027e-06, 7.38114840715e-06, 7.23899029254e-06, 5.93916274738e-06, 5.48259640709e-06, 4.38296774519e-06, 4.35817901234e-06, 3.63638014278e-06, 4.41189786216e-06, 3.64357379112e-06, 3.34348328579e-06, 3.53069344783e-06, 3.31990304403e-06, 2.53180246546e-06, 1.94067001758e-06, 2.1408422981e-06, 1.40285112593e-06, 1.18482932976e-06, 9.57351517172e-07, 1.16067747058e-06, 1.0841065432e-06, 1.21445509649e-06, 1.00958197891e-06, 7.99410656782e-07, 1.02306250938e-06, 5.88901741594e-07, 5.3122579402e-07, 4.63958315322e-07, 3.35255180062e-07, 5.80053779231e-07, 3.63211540844e-07, 3.56527294798e-07, 3.34850398076e-07, 2.60730473656e-07, 1.42345569998e-07, 1.09084574262e-07, 8.91506175549e-08, 5.25688967912e-08, 2.34950503497e-09, 2.10222575459e-10, 2.07752232084e-10, 2.06479056075e-10, 2.05684871912e-10]
    },
    "mfcc": {
        "mean": [-608.496520996, 95.6879425049, 1.30802202225, 26.3945922852, 6.19412708282, 2.72316360474, 3.64924263954, 12.7886323929, 1.12632977962, 0.599125742912, 1.68348741531, -0.439326941967, -0.598225831985],
        "cov": [[1547.8170166, -209.154449463, -146.818939209, -75.7303161621, -85.3379745483, 73.3804397583, -15.0212755203, 16.7481002808, 13.7721996307, -17.3904724121, -48.6808929443, -14.3272352219, -42.8279571533], [-209.154449463, 662.055786133, -244.791000366, 48.7496337891, -131.234771729, 13.2009620667, 122.438270569, 22.7120170593, -19.2507724762, 25.1384162903, 31.9080104828, -4.83972644806, -34.8401641846], [-146.818939209, -244.791000366, 438.211486816, 18.8555698395, 59.4570121765, 1.04375267029, 18.9809989929, -42.1385879517, -34.8025054932, 9.76451015472, -13.2385339737, 5.22922611237, 14.5467815399], [-75.7303161621, 48.7496337891, 18.8555698395, 238.706588745, 63.5631484985, 28.6525478363, -11.1307458878, -28.4183883667, -14.9379806519, 8.66899204254, -7.92459344864, -4.36567163467, 11.0724210739], [-85.3379745483, -131.234771729, 59.4570121765, 63.5631484985, 239.829193115, 2.63696742058, -95.5601272583, -21.9252185822, 45.3410377502, 8.42280960083, -1.41997516155, 6.18587970734, 38.7556991577], [73.3804397583, 13.2009620667, 1.04375267029, 28.6525478363, 2.63696742058, 107.559257507, 63.637298584, -8.366147995, -6.1681470871, 10.1261463165, -7.49420022964, -6.18741607666, -11.1883907318], [-15.0212755203, 122.438270569, 18.9809989929, -11.1307458878, -95.5601272583, 63.637298584, 221.476226807, 23.5982875824, -34.1893348694, 27.3778438568, 11.0380754471, -7.6616358757, -32.2032775879], [16.7481002808, 22.7120170593, -42.1385879517, -28.4183883667, -21.9252185822, -8.366147995, 23.5982875824, 116.588600159, 38.0590667725, -18.3038406372, 4.45624494553, 6.31533098221, -2.04646921158], [13.7721996307, -19.2507724762, -34.8025054932, -14.9379806519, 45.3410377502, -6.1681470871, -34.1893348694, 38.0590667725, 100.065513611, 12.3940057755, 3.24536037445, 12.7946968079, 0.357782512903], [-17.3904724121, 25.1384162903, 9.76451015472, 8.66899204254, 8.42280960083, 10.1261463165, 27.3778438568, -18.3038406372, 12.3940057755, 90.8649139404, 31.7282657623, -3.63609981537, -3.23694396019], [-48.6808929443, 31.9080104828, -13.2385339737, -7.92459344864, -1.41997516155, -7.49420022964, 11.0380754471, 4.45624494553, 3.24536037445, 31.7282657623, 70.9413375854, 16.2620944977, 2.47499275208], [-14.3272352219, -4.83972644806, 5.22922611237, -4.36567163467, 6.18587970734, -6.18741607666, -7.6616358757, 6.31533098221, 12.7946968079, -3.63609981537, 16.2620944977, 62.8505821228, 15.6269493103], [-42.8279571533, -34.8401641846, 14.5467815399, 11.0724210739, 38.7556991577, -11.1883907318, -32.2032775879, -2.04646921158, 0.357782512903, -3.23694396019, 2.47499275208, 15.6269493103, 68.7197418213]],
        "icov": [[0.000856766186189, 0.000532771809958, 0.000514343963005, 9.2892718385e-05, 0.000470892060548, -0.000731169304345, 0.000217864726437, -9.25946878851e-05, 6.14576638327e-05, -0.000265593436779, 0.000492108403705, -0.000135970869451, 0.00039531668881], [0.000532771809958, 0.00287204422057, 0.00175750174094, -0.000910218339413, 0.000981829129159, 0.000332735711709, -0.0012934418628, 0.000176833986188, 0.000106218321889, -0.000418457930209, -0.000241073648795, -0.00021378348174, 0.000499381625559], [0.000514343963005, 0.00175750174094, 0.00377511139959, -0.000333952688379, -0.000454688328318, 0.000600424245931, -0.0014772702707, 0.00063570443308, 0.00118891173042, -0.0007190721808, 0.00091779709328, -0.00081011117436, 0.00025821547024], [9.2892718385e-05, -0.000910218339413, -0.000333952688379, 0.00525565678254, -0.00165063748136, -0.00154983473476, 0.000713367247954, 0.000197841975023, 0.00134915986564, -0.000547345669474, 0.000882184132934, -6.10581118963e-05, -0.00021163126803], [0.000470892060548, 0.000981829129159, -0.000454688328318, -0.00165063748136, 0.00748624745756, -0.00191055063624, 0.00235097901896, 0.000961962679867, -0.00338579434901, -0.00032975920476, -0.000665742147248, 0.00081227888586, -0.00240788748488], [-0.000731169304345, 0.000332735711709, 0.000600424245931, -0.00154983473476, -0.00191055063624, 0.0136617254466, -0.00542717380449, 0.00183516123798, -0.000776811153628, 0.000170303508639, 0.00134661083575, 5.89874653087e-05, 0.000598941056523], [0.000217864726437, -0.0012934418628, -0.0014772702707, 0.000713367247954, 0.00235097901896, -0.00542717380449, 0.00935259927064, -0.00328916846775, 0.00275621307082, -0.00291427480988, -5.07177755935e-05, -0.000305008084979, 0.0016727099428], [-9.25946878851e-05, 0.000176833986188, 0.00063570443308, 0.000197841975023, 0.000961962679867, 0.00183516123798, -0.00328916846775, 0.0127112064511, -0.00660312175751, 0.00469342106953, -0.00201846216805, 0.000848713272717, -0.00140589883085], [6.14576638327e-05, 0.000106218321889, 0.00118891173042, 0.00134915986564, -0.00338579434901, -0.000776811153628, 0.00275621307082, -0.00660312175751, 0.01660127379, -0.00523834396154, 0.00255532283336, -0.00380165223032, 0.00294036301784], [-0.000265593436779, -0.000418457930209, -0.0007190721808, -0.000547345669474, -0.00032975920476, 0.000170303508639, -0.00291427480988, 0.00469342106953, -0.00523834396154, 0.0166471805423, -0.00798808410764, 0.0034556412138, -0.000836188090034], [0.000492108403705, -0.000241073648795, 0.00091779709328, 0.000882184132934, -0.000665742147248, 0.00134661083575, -5.07177755935e-05, -0.00201846216805, 0.00255532283336, -0.00798808410764, 0.0198373440653, -0.00578355882317, 0.000570034375414], [-0.000135970869451, -0.00021378348174, -0.00081011117436, -6.10581118963e-05, 0.00081227888586, 5.89874653087e-05, -0.000305008084979, 0.000848713272717, -0.00380165223032, 0.0034556412138, -0.00578355882317, 0.0193401537836, -0.0045850626193], [0.00039531668881, 0.000499381625559, 0.00025821547024, -0.00021163126803, -0.00240788748488, 0.000598941056523, 0.0016727099428, -0.00140589883085, 0.00294036301784, -0.000836188090034, 0.000570034375414, -0.0045850626193, 0.0181957520545]]
    },
    "spectral_contrast_coeffs": {
        "max": [-0.399395167828, -0.455375641584, -0.472590327263, -0.554565191269, -0.579318642616, -0.648638248444],
        "mean": [-0.741822898388, -0.764877974987, -0.764277696609, -0.786032378674, -0.764296174049, -0.760739266872],
        "min": [-0.90720719099, -0.914760112762, -0.910364508629, -0.90939450264, -0.865112960339, -0.858459711075],
        "stdev": [0.0611949935555, 0.0705891773105, 0.0684537515044, 0.055815320462, 0.0423656627536, 0.0373673476279]
    },
    "spectral_contrast_valleys": {
        "max": [-5.28380537033, -5.00714206696, -5.58560609818, -5.90533876419, -5.97522878647, -7.88455724716],
        "mean": [-6.50130701065, -6.64438199997, -7.12660980225, -7.43623924255, -7.12674856186, -9.56101322174],
        "min": [-8.60959911346, -8.39710426331, -9.04182243347, -9.08029270172, -8.89999675751, -11.8415765762],
        "stdev": [0.485971659422, 0.494252294302, 0.582219064236, 0.487181484699, 0.436762809753, 0.686365962029]
    }
},
"rhythm": {
    "beats_count": 119,
    "beats_loudness": {
        "max": 0.0908760428429,
        "mean": 0.0392679534853,
        "min": 0.0148382196203,
        "stdev": 0.0153953097761
    },
    "bpm": 147.807022095,
    "bpm_histogram_first_peak_bpm": 148,
    "bpm_histogram_first_peak_weight": 0.3125,
    "bpm_histogram_second_peak_bpm": 133,
    "bpm_histogram_second_peak_spread": 0.5,
    "bpm_histogram_second_peak_weight": 0.0169491525739,
    "danceability": 1.8116440773,
    "onset_rate": 4.8193359375,
    "beats_loudness_band_ratio": {
        "max": [0.843860030174, 0.497012883425, 0.538750946522, 0.830735504627, 0.605751335621, 0.206939950585],
        "mean": [0.458209723234, 0.106670841575, 0.132270589471, 0.144791200757, 0.115997821093, 0.0781442075968],
        "min": [0.0232639275491, 0.010293237865, 0.0070640235208, 0.0101313767955, 0.0101074082777, 0.0156999509782],
        "stdev": [0.213236242533, 0.0913211554289, 0.116149164736, 0.161275431514, 0.103940464556, 0.0404850132763]
    },
