{
"metadata": {
    "version": {
        "essentia": "2.1-beta5",
        "essentia_git_sha": "Undefined",
        "extractor": "music 2.0"
    },
    "audio_properties": {
        "analysis": {
            "equal_loudness": 0,
            "length": 29.0017242432,
            "sample_rate": 44100,
            "start_time": 0,
            "downmix": "mix"
        },
        "bit_rate": 192000,
        "length": 199.726455688,
        "lossless": 0,
        "number_channels": 2,
        "replay_gain": -3.3124370575,
        "sample_rate": 48000,
        "codec": "mp3",
        "md5_encoded": "db2f341dea1f33f7d813c41354862bde"
    },
    "tags": {
        "file_name": "Slovakia_I_m Still Alive_TWiiNS.mp3",
        "encoding": ["Lavf58.29.100"]
    }
},
"lowlevel": {
    "average_loudness": 0.258196145296,
    "barkbands_crest": {
        "max": 26.136516571,
        "mean": 13.1196250916,
        "min": 3.27297496796,
        "stdev": 5.0515666008
    },
    "barkbands_flatness_db": {
        "max": 0.453438282013,
        "mean": 0.190538644791,
        "min": 0.0691879764199,
        "stdev": 0.0633201375604
    },
    "barkbands_kurtosis": {
        "max": 266.998046875,
        "mean": 10.2739610672,
        "min": -1.8668731451,
        "stdev": 23.2268772125
    },
    "barkbands_skewness": {
        "max": 14.1050443649,
        "mean": 1.88885784149,
        "min": -3.05735301971,
        "stdev": 1.8618491888
    },
    "barkbands_spread": {
        "max": 78.9656524658,
        "mean": 12.9907302856,
        "min": 0.443795353174,
        "stdev": 9.93204975128
    },
    "dissonance": {
        "max": 0.499857336283,
        "mean": 0.441256403923,
        "min": 0.214006751776,
        "stdev": 0.0437651090324
    },
    "dynamic_complexity": 4.73098134995,
    "erbbands_crest": {
        "max": 31.3016777039,
        "mean": 12.5318689346,
        "min": 3.5017387867,
        "stdev": 5.69669532776
    },
    "erbbands_flatness_db": {
        "max": 0.393131196499,
        "mean": 0.216478273273,
        "min": 0.0654712617397,
        "stdev": 0.0482326298952
    },
    "erbbands_kurtosis": {
        "max": 61.5494918823,
        "mean": 3.581782341,
        "min": -1.82317948341,
        "stdev": 7.17666959763
    },
    "erbbands_skewness": {
        "max": 6.57224178314,
        "mean": 1.10801184177,
        "min": -4.16464948654,
        "stdev": 1.0442135334
    },
    "erbbands_spread": {
        "max": 126.373832703,
        "mean": 25.8785400391,
        "min": 1.31580793858,
        "stdev": 16.3689861298
    },
    "hfc": {
        "max": 192.437042236,
        "mean": 12.5874652863,
        "min": 0.00017233005201,
        "stdev": 20.1409549713
    },
    "loudness_ebu128": {
        "integrated": -22.240694046,
        "loudness_range": 8.47133255005,
        "momentary": {
            "max": -15.3818559647,
            "mean": -24.2059841156,
            "min": -36.6014175415,
            "stdev": 4.26700592041
        },
        "short_term": {
            "max": -18.9466285706,
            "mean": -23.5560283661,
            "min": -29.1428604126,
            "stdev": 3.42455625534
        }
    },
    "melbands_crest": {
        "max": 33.7912139893,
        "mean": 15.669046402,
        "min": 4.59895610809,
        "stdev": 5.50475645065
    },
    "melbands_flatness_db": {
        "max": 0.573977053165,
        "mean": 0.237049847841,
        "min": 0.086970038712,
        "stdev": 0.0828804001212
    },
    "melbands_kurtosis": {
        "max": 288.722076416,
        "mean": 16.6611232758,
        "min": -1.79915058613,
        "stdev": 30.928024292
    },
    "melbands_skewness": {
        "max": 13.2822694778,
        "mean": 2.33610439301,
        "min": -1.41330826283,
        "stdev": 2.11751651764
    },
    "melbands_spread": {
        "max": 237.63822937,
        "mean": 16.5058040619,
        "min": 0.46225848794,
        "stdev": 17.2904911041
    },
    "pitch_salience": {
        "max": 0.843625366688,
        "mean": 0.515789151192,
        "min": 0.0686085373163,
        "stdev": 0.143769651651
    },
    "silence_rate_20dB": {
        "max": 1,
        "mean": 1,
        "min": 1,
        "stdev": 0
    },
    "silence_rate_30dB": {
        "max": 1,
        "mean": 0.970399975777,
        "min": 0,
        "stdev": 0.169479593635
    },
    "silence_rate_60dB": {
        "max": 1,
        "mean": 0.244000002742,
        "min": 0,
        "stdev": 0.429494410753
    },
    "spectral_centroid": {
        "max": 5663.27294922,
        "mean": 1095.52124023,
        "min": 125.034866333,
        "stdev": 586.785705566
    },
    "spectral_complexity": {
        "max": 39,
        "mean": 8.90240001678,
        "min": 0,
        "stdev": 4.58084535599
    },
    "spectral_decrease": {
        "max": -2.92404955229e-14,
        "mean": -4.77172301672e-09,
        "min": -1.28757307039e-07,
        "stdev": 9.95447990704e-09
    },
    "spectral_energy": {
        "max": 0.48979640007,
        "mean": 0.0191512908787,
        "min": 1.25991249433e-07,
        "stdev": 0.0382540374994
    },
    "spectral_energyband_high": {
        "max": 0.0234555955976,
        "mean": 0.000585053814575,
        "min": 1.3352576822e-08,
        "stdev": 0.00167165196035
    },
    "spectral_energyband_low": {
        "max": 0.483624249697,
        "mean": 0.0084937736392,
        "min": 3.01706659656e-10,
        "stdev": 0.0367206446826
    },
    "spectral_energyband_middle_high": {
        "max": 0.0499229356647,
        "mean": 0.00368762086146,
        "min": 1.54137573816e-08,
        "stdev": 0.00738214142621
    },
    "spectral_energyband_middle_low": {
        "max": 0.0775224491954,
        "mean": 0.00665699364617,
        "min": 9.81368657449e-08,
        "stdev": 0.00947302766144
    },
    "spectral_entropy": {
        "max": 8.67320823669,
        "mean": 7.12989377975,
        "min": 5.65749025345,
        "stdev": 0.530086159706
    },
    "spectral_flux": {
        "max": 0.614044904709,
        "mean": 0.0560996942222,
        "min": 0.000354952469934,
        "stdev": 0.0593343302608
    },
    "spectral_kurtosis": {
        "max": 51.5012168884,
        "mean": 7.31664991379,
        "min": -1.24685144424,
        "stdev": 7.15011310577
    },
    "spectral_rms": {
        "max": 0.0218597836792,
        "mean": 0.00344698154368,
        "min": 1.10868522825e-05,
        "stdev": 0.00260816002265
    },
    "spectral_rolloff": {
        "max": 9517.67578125,
        "mean": 1219.34594727,
        "min": 64.599609375,
        "stdev": 1244.94641113
    },
    "spectral_skewness": {
        "max": 5.67003059387,
        "mean": 1.95891976357,
        "min": -0.354635387659,
        "stdev": 0.793687224388
    },
    "spectral_spread": {
        "max": 14843007,
        "mean": 3943431.75,
        "min": 1370620,
        "stdev": 1484528
    },
    "spectral_strongpeak": {
        "max": 9.13252544403,
        "mean": 1.17812561989,
        "min": 0,
        "stdev": 1.30730414391
    },
    "zerocrossingrate": {
        "max": 0.3564453125,
        "mean": 0.049336720258,
        "min": 0.00244140625,
        "stdev": 0.0352976359427
    },
    "barkbands": {
        "max": [0.0260595083237, 0.379033058882, 0.165306642652, 0.0554386302829, 0.0280456598848, 0.0707497224212, 0.0312149617821, 0.00716901244596, 0.0353088229895, 0.049481023103, 0.0116169853136, 0.00882343854755, 0.0147161958739, 0.0169497542083, 0.0114533016458, 0.00419219117612, 0.00514975376427, 0.00445622578263, 0.00602308567613, 0.00760466232896, 0.00207780930214, 0.00212925346568, 0.00698435446247, 0.0125252772123, 0.00294428365305, 0.00181281287223, 0.000429158913903],
        "mean": [0.000282837223494, 0.00618339935318, 0.00185859657358, 0.000370540859876, 0.000533410697244, 0.00173527561128, 0.001788486843, 0.000266150775133, 0.00169885461219, 0.00210841931403, 0.000258847750956, 0.000177474314114, 0.000233778191614, 0.000323978572851, 0.000144598365296, 7.44297794881e-05, 9.88664760371e-05, 0.000129319072585, 0.000175985536771, 0.000302531494526, 5.7322151406e-05, 3.12969314109e-05, 0.000107707091956, 0.000153467131895, 4.1955976485e-05, 1.16586561489e-05, 2.12031545743e-06],
        "min": [1.13413824773e-12, 1.53837914629e-11, 1.40642372748e-10, 2.51849763266e-10, 6.74284184043e-10, 1.07147923867e-09, 1.63505153861e-09, 1.66678191249e-08, 7.54151656679e-08, 3.15636228265e-09, 5.76525105433e-10, 2.03618247263e-10, 1.66794245082e-09, 1.27550037199e-09, 7.53017592725e-10, 2.93074314817e-10, 4.97890284556e-10, 3.49430040458e-10, 7.56856000095e-09, 1.26186994187e-09, 1.07948432415e-08, 1.002664618e-09, 1.72623290662e-10, 1.40144465477e-10, 1.65895519544e-10, 1.526903326e-10, 7.96195609443e-11],
        "stdev": [0.00143851106986, 0.0283900462091, 0.0104927681386, 0.00209588045254, 0.00172326853499, 0.00594031764194, 0.00365865183994, 0.000701233861037, 0.0032616565004, 0.00563739193603, 0.00105409021489, 0.000652993796393, 0.00076283182716, 0.00134849268943, 0.000657575437799, 0.000233635262703, 0.000321048864862, 0.000515110325068, 0.000488210673211, 0.000870419666171, 0.000187684563571, 0.000139898533234, 0.000461409363197, 0.000657219090499, 0.000201190632652, 9.18056030059e-05, 1.6852742192e-05]
    },
    "erbbands": {
        "max": [13.6376895905, 100.033126831, 194.00894165, 116.157196045, 109.952285767, 98.9554672241, 320.756317139, 565.360412598, 428.276641846, 246.113006592, 240.426513672, 1007.95275879, 1655.08300781, 1216.63000488, 411.533233643, 362.937225342, 813.50213623, 208.177658081, 968.158813477, 530.069091797, 286.783996582, 359.10848999, 254.323379517, 391.335540771, 207.672821045, 253.466339111, 132.724395752, 65.266746521, 85.3408126831, 126.25705719, 204.286849976, 271.718353271, 189.277038574, 44.1468315125, 19.0801792145, 8.65098953247, 2.52728939056, 0.608204364777, 0.088457763195, 0.00201951968484],
        "mean": [0.183641031384, 1.36027359962, 2.34391355515, 1.66488730907, 1.38265061378, 1.92382264137, 6.35718870163, 17.0771694183, 29.8422241211, 8.725481987, 12.0824737549, 43.3465919495, 47.3276329041, 46.6149330139, 11.1234636307, 8.21480083466, 11.3188037872, 6.78400230408, 18.0630531311, 6.4333896637, 3.92588090897, 5.64646530151, 6.26757049561, 9.90857219696, 9.23295116425, 13.274187088, 6.34083747864, 0.991295516491, 1.01712632179, 1.8292144537, 3.44791865349, 3.6648914814, 2.17574524879, 0.748271822929, 0.171368822455, 0.0629559904337, 0.0174938291311, 0.00366712803952, 0.000392746384023, 3.33971365762e-05],
        "min": [2.41315384342e-10, 8.01693111896e-09, 1.19394456988e-07, 5.83441476465e-07, 5.53009158466e-07, 1.80099630143e-06, 1.20931435958e-05, 6.01334431849e-06, 2.32333732129e-05, 5.19745408383e-05, 0.000698387040757, 0.00195050006732, 0.000487621262437, 3.31022820319e-05, 2.45564078796e-05, 1.48713443195e-05, 8.6132909928e-05, 5.78385152039e-05, 5.92920623603e-05, 2.3113016141e-05, 2.07058037631e-05, 2.67397281277e-05, 2.45484552579e-05, 0.000367873930372, 0.000158653667313, 6.12587100477e-05, 9.2849288194e-05, 0.000660016958136, 7.62856943766e-05, 1.61888128787e-05, 4.06531808039e-06, 3.0065343708e-06, 2.17801448343e-06, 2.01271359401e-06, 9.38969094477e-07, 5.9615030068e-07, 2.67594373327e-07, 8.75298482583e-08, 1.48029259961e-08, 9.54843426548e-10],
        "stdev": [0.904645562172, 6.284907341, 12.5783863068, 7.76269769669, 5.18491983414, 6.33512544632, 22.1934680939, 55.7251281738, 60.3549385071, 17.3949890137, 20.7533664703, 77.5862426758, 134.624282837, 118.062408447, 35.757194519, 25.7648334503, 36.889793396, 20.1205482483, 71.3329849243, 26.0198326111, 13.7373113632, 18.5610847473, 23.0797042847, 31.1770114899, 25.2099246979, 35.4637947083, 17.178276062, 3.03843069077, 4.74944925308, 9.48864459991, 13.7182254791, 15.3192958832, 9.43129730225, 3.13928294182, 1.08660197258, 0.487699300051, 0.129768505692, 0.0274744536728, 0.00315518397838, 9.15486598387e-05]
    },
    "gfcc": {
        "mean": [-87.7669525146, 98.2233047485, -139.140380859, 7.05063676834, -77.3938598633, 9.0210351944, -31.5189380646, 10.6086492538, -16.7367649078, -7.30633687973, -12.9957370758, -11.6498794556, -6.33074617386],
        "cov": [[5201.77539062, -1759.94274902, -35.6872825623, 180.031311035, -636.270996094, -161.231567383, -528.819702148, -68.3657913208, -601.924865723, -193.91569519, 371.895446777, -132.7862854, 85.1985092163], [-1759.94274902, 1769.74060059, 293.273101807, 158.869049072, 610.207702637, 89.5075836182, 367.150848389, -19.4489021301, 360.699462891, 9.34771728516, -42.9230461121, 54.7499694824, 67.5747299194], [-35.6872825623, 293.273101807, 782.352294922, 120.401687622, 337.277709961, 262.983520508, 172.911590576, 102.354103088, 168.199829102, 14.2130098343, -85.9718780518, 23.3886146545, -43.8784141541], [180.031311035, 158.869049072, 120.401687622, 536.741821289, 419.681274414, 338.606292725, 254.997299194, 132.042800903, 137.438674927, -9.85321521759, -32.5213737488, 32.2648048401, -18.4614162445], [-636.270996094, 610.207702637, 337.277709961, 419.681274414, 954.778137207, 668.989196777, 565.766784668, 260.578826904, 349.690765381, 74.3319549561, -144.606338501, 9.402302742, -54.1867446899], [-161.231567383, 89.5075836182, 262.983520508, 338.606292725, 668.989196777, 856.241516113, 528.703186035, 329.97177124, 271.705627441, 88.2051696777, -141.690292358, -53.2800292969, -73.068939209], [-528.819702148, 367.150848389, 172.911590576, 254.997299194, 565.766784668, 528.703186035, 538.08001709, 255.544113159, 260.325622559, 73.8421096802, -90.1605072021, -29.5943183899, -37.9578056335], [-68.3657913208, -19.4489021301, 102.354103088, 132.042800903, 260.578826904, 329.97177124, 255.544113159, 288.207611084, 143.713897705, 38.681224823, -49.4601325989, -19.7987747192, -29.5039634705], [-601.924865723, 360.699462891, 168.199829102, 137.438674927, 349.690765381, 271.705627441, 260.325622559, 143.713897705, 299.466674805, 50.625743866, -69.2858352661, 36.5492591858, -19.5938243866], [-193.91569519, 9.34771728516, 14.2130098343, -9.85321521759, 74.3319549561, 88.2051696777, 73.8421096802, 38.681224823, 50.625743866, 115.217735291, -23.1966075897, 2.73763918877, -22.2651920319], [371.895446777, -42.9230461121, -85.9718780518, -32.5213737488, -144.606338501, -141.690292358, -90.1605072021, -49.4601325989, -69.2858352661, -23.1966075897, 150.120834351, 15.8718204498, 59.0780067444], [-132.7862854, 54.7499694824, 23.3886146545, 32.2648048401, 9.402302742, -53.2800292969, -29.5943183899, -19.7987747192, 36.5492591858, 2.73763918877, 15.8718204498, 136.898162842, 8.89277553558], [85.1985092163, 67.5747299194, -43.8784141541, -18.4614162445, -54.1867446899, -73.068939209, -37.9578056335, -29.5039634705, -19.5938243866, -22.2651920319, 59.0780067444, 8.89277553558, 93.8904266357]],
        "icov": [[0.000584235764109, 0.000515553052537, -0.000349387526512, -0.000468692218419, -0.000157219881658, -0.00017025678244, 0.000386098894523, -1.43749493873e-05, 0.000507598393597, 0.000377410819056, -0.00136585172731, 0.000586744572502, -0.000229023411521], [0.000515553052537, 0.00185821973719, -0.000524161790963, -0.00020166883769, -0.00113957712892, 0.00101038615685, -0.000746556033846, 0.0011206617346, -0.000866160320584, 0.000707798753865, -0.00119787955191, 0.000803098606411, -0.00124610029161], [-0.000349387526512, -0.000524161790963, 0.00185541657265, 0.00042153467075, -0.000273427169304, -0.000326756708091, 0.000373634247808, -0.000205930846278, -0.000586007430684, 0.000118296025903, 0.00101274903864, -0.000608214642853, 0.000644647167064], [-0.000468692218419, -0.00020166883769, 0.00042153467075, 0.00370501168072, -0.0013027228415, -0.000398948381189, -0.000555553124286, 0.000104302642285, -0.000254674814641, 0.00125005654991, 0.000272096454864, -0.00150822428986, 0.000456749723526], [-0.000157219881658, -0.00113957712892, -0.000273427169304, -0.0013027228415, 0.00510677695274, -0.00184870581143, -0.001816613134, 0.000210739439353, -0.000467077654321, -0.000446889724117, 0.00142411596607, -0.000832840916701, 0.000398591364501], [-0.00017025678244, 0.00101038615685, -0.000326756708091, -0.000398948381189, -0.00184870581143, 0.005340940319, -0.00261170067824, -0.00100004218984, -0.000880072358996, -0.00069931417238, 0.00130279618315, 0.00119879096746, -0.000367165514035], [0.000386098894523, -0.000746556033846, 0.000373634247808, -0.000555553124286, -0.001816613134, -0.00261170067824, 0.00904758647084, -0.00287476251833, -0.000656547490507, -0.00104702787939, -0.00160557683557, 0.00174594752025, 0.00038536376087], [-1.43749493873e-05, 0.0011206617346, -0.000205930846278, 0.000104302642285, 0.000210739439353, -0.00100004218984, -0.00287476251833, 0.00805065408349, -0.00227025570348, 0.000537125044502, -0.000458021590021, 0.000352350034518, -0.000249848730164], [0.000507598393597, -0.000866160320584, -0.000586007430684, -0.000254674814641, -0.000467077654321, -0.000880072358996, -0.000656547490507, -0.00227025570348, 0.00930677261204, -0.000918781850487, 0.000178670088644, -0.00225138943642, -0.000269300944638], [0.000377410819056, 0.000707798753865, 0.000118296025903, 0.00125005654991, -0.000446889724117, -0.00069931417238, -0.00104702787939, 0.000537125044502, -0.000918781850487, 0.011156049557, -0.0012374187354, -0.000565331836697, 0.00167850812431], [-0.00136585172731, -0.00119787955191, 0.00101274903864, 0.000272096454864, 0.00142411596607, 0.00130279618315, -0.00160557683557, -0.000458021590021, 0.000178670088644, -0.0012374187354, 0.0140077453107, -0.00239804480225, -0.00517192669213], [0.000586744572502, 0.000803098606411, -0.000608214642853, -0.00150822428986, -0.000832840916701, 0.00119879096746, 0.00174594752025, 0.000352350034518, -0.00225138943642, -0.000565331836697, -0.00239804480225, 0.00988404173404, -0.000453531742096], [-0.000229023411521, -0.00124610029161, 0.000644647167064, 0.000456749723526, 0.000398591364501, -0.000367165514035, 0.00038536376087, -0.000249848730164, -0.000269300944638, 0.00167850812431, -0.00517192669213, -0.000453531742096, 0.0158071238548]]
    },
    "melbands": {
        "max": [0.10001681, 0.105313301086, 0.0196927823126, 0.00689060008153, 0.00934924837202, 0.0126785561442, 0.00621156906709, 0.00218945066445, 0.00230726529844, 0.0065478454344, 0.00808463059366, 0.00552025577053, 0.00173907878343, 0.0010792092653, 0.00236206036061, 0.00127197185066, 0.000520079396665, 0.00209987838753, 0.0012509416556, 0.000216994769289, 0.000336888741003, 0.000452946231235, 0.000286590016913, 0.000349793524947, 0.000373338902136, 0.00017545594892, 0.000381467514671, 0.000222189468332, 0.000141517943121, 7.62526178733e-05, 2.74087178695e-05, 5.4322386859e-05, 5.50699842279e-05, 8.07610340416e-05, 0.00011113925575, 0.000161529664183, 0.000159716393682, 0.000168354003108, 5.51326011191e-05, 4.09769054386e-05],
        "mean": [0.00172120588832, 0.00137840514071, 0.000282679044176, 0.000117985226098, 0.000200030088308, 0.000380061945179, 0.000429174891906, 7.17079019523e-05, 0.000140049160109, 0.000256574479863, 0.000250979559496, 0.000222654271056, 3.95614770241e-05, 1.66905356309e-05, 3.34536380251e-05, 1.47954015119e-05, 1.34263827931e-05, 3.6239867768e-05, 1.0077051229e-05, 5.78191247769e-06, 4.17375485995e-06, 4.93299376103e-06, 7.10821450411e-06, 5.91177922615e-06, 8.21990306576e-06, 6.72407395541e-06, 8.07546075521e-06, 9.37224194786e-06, 5.56802251594e-06, 9.21686250877e-07, 4.09348587027e-07, 5.03605008362e-07, 7.14522343515e-07, 1.09077120669e-06, 1.93047026187e-06, 2.19009029934e-06, 2.24323116527e-06, 1.69742270373e-06, 9.92055220195e-07, 4.97295786772e-07],
        "min": [3.48303027045e-12, 5.01852621959e-11, 9.89854795352e-11, 6.27896692973e-11, 3.56396134826e-10, 1.60440036256e-10, 3.27513738352e-10, 7.88189735701e-10, 7.01400360015e-09, 1.2073034128e-08, 1.9748811475e-09, 7.80155245961e-11, 8.41638009286e-11, 2.67937651233e-11, 1.10280014287e-10, 1.69558256324e-10, 1.03759813241e-10, 1.0637334763e-10, 4.11156143854e-11, 2.30878927088e-11, 2.65816830353e-11, 2.92761058451e-11, 2.03608727101e-11, 1.36707693776e-11, 3.48002321404e-10, 2.34413793931e-10, 4.10566303177e-11, 3.91261745225e-11, 3.13209805314e-11, 1.86942225588e-10, 3.93338112081e-10, 2.38121657808e-11, 1.64981344558e-11, 5.07132270205e-12, 2.21876336748e-12, 1.57930461243e-12, 2.04916856053e-12, 1.40931862534e-12, 1.65708581839e-12, 1.77969303791e-12],
        "stdev": [0.00802279729396, 0.00651052361354, 0.00122925650794, 0.000380275945645, 0.000679632474203, 0.00119789864402, 0.000857753504533, 0.000153409971972, 0.000217521228478, 0.000496486609336, 0.000726476428099, 0.000585362606216, 0.000158410985023, 6.38216588413e-05, 0.000127625273308, 4.88872465212e-05, 4.70552840852e-05, 0.000153117463924, 5.93633230892e-05, 1.54226727318e-05, 1.76646626642e-05, 1.95227730728e-05, 2.76085447695e-05, 2.78717070614e-05, 2.83379122266e-05, 1.89725597011e-05, 2.97449969366e-05, 2.51350338658e-05, 1.59010451171e-05, 3.48843377651e-06, 1.49648906245e-06, 2.49721006185e-06, 3.46397973772e-06, 6.01690135227e-06, 7.81767903391e-06, 8.9687473519e-06, 9.85305359791e-06, 7.83006271377e-06, 3.83713950214e-06, 2.32553725255e-06]
    },
    "melbands128": {
        "max": [0.0258398260921, 0.118666596711, 0.146019160748, 0.186348766088, 0.125148460269, 0.067942276597, 0.025621118024, 0.0255528725684, 0.00958853587508, 0.00997403170913, 0.00637204386294, 0.00978412013501, 0.00798543356359, 0.0320216715336, 0.0193894263357, 0.0133143225685, 0.0122102089226, 0.0105356574059, 0.00973883457482, 0.00104115449358, 0.0024082204327, 0.00206013070419, 0.00383401825093, 0.00339750340208, 0.00916893687099, 0.009615695104, 0.0114253070205, 0.015271820128, 0.0162448696792, 0.0121688134968, 0.00825645215809, 0.00273134442978, 0.00366142508574, 0.000886778812855, 0.00284928339534, 0.00218887114897, 0.00102601479739, 0.00451331166551, 0.00271429284476, 0.00359109579585, 0.000172953077708, 0.000272572797257, 0.00029286390054, 0.00127447186969, 0.00379983568564, 0.00362743390724, 0.00237712892704, 0.00185559340753, 0.0018911465304, 0.000438444636529, 0.000480620685266, 0.000216432497837, 0.000911064096726, 0.000281787913991, 0.000147640894284, 0.000947552965954, 0.000520543544553, 0.000620927545242, 0.000684198574163, 0.000203997449717, 0.000835370388813, 0.000326072942698, 0.000886631547473, 0.000658287433907, 0.000496612279676, 0.000292593176709, 0.00034188493737, 0.000289137562504, 0.000789243844338, 0.000671108718961, 0.000479598122183, 0.000506225449499, 0.00036312622251, 0.000220846457523, 0.000144968566019, 0.000165983685292, 2.44904804276e-05, 2.4208202376e-05, 3.18837846862e-05, 4.07236548199e-05, 6.97364666848e-05, 6.71991874697e-05, 6.47238994134e-05, 6.93867259542e-05, 6.19471975369e-05, 0.000146419144585, 7.23008124623e-05, 9.81959092314e-05, 0.000155470086611, 0.000104666505649, 0.000166283469298, 0.000200584996492, 0.000199963149498, 0.000147224593093, 0.000138160554343, 0.000193230793229, 0.000210469253943, 0.000100074583315, 6.74058464938e-05, 5.80657397222e-05, 5.88114489801e-05, 4.43935823569e-05, 3.58792349289e-05, 2.24446866923e-05, 2.09480913327e-05, 2.26760785154e-05, 1.76539924723e-05, 3.53805189661e-05, 1.57434933499e-05, 1.17746621981e-05, 1.28784322442e-05, 8.94714321475e-06, 1.02975454865e-05, 4.48663513453e-06, 7.85700285633e-06, 5.82552183914e-06, 3.86680858355e-06, 2.81605252894e-06, 6.36484946881e-06, 3.74787941837e-06, 1.36729806854e-06, 9.90927901512e-07, 3.58458606797e-07, 4.6055468772e-08, 4.73354795361e-08, 4.69117935609e-08, 4.63954421548e-08, 4.60396201163e-08],
        "mean": [0.00022023038764, 0.00131577404682, 0.00258075702004, 0.0021049939096, 0.00139798840974, 0.000806985364761, 0.000337057310389, 0.00015851862554, 0.000126971906866, 0.000134859830723, 9.85090518952e-05, 7.93275976321e-05, 0.000121863864479, 0.000491626386065, 0.000447688245913, 0.000235674335272, 0.000425316859037, 0.000631791423075, 0.000220773290494, 2.76087339444e-05, 3.2332201954e-05, 5.42847446923e-05, 8.64044632181e-05, 0.000281178654404, 0.000430680403952, 0.000132896151626, 0.000164995712112, 0.000156027366756, 0.000480176066048, 0.000351897644578, 9.1284251539e-05, 3.80396741093e-05, 5.97565012868e-05, 1.51421982082e-05, 1.91721228475e-05, 1.65355759236e-05, 1.26951499624e-05, 4.21770164394e-05, 4.02803707402e-05, 2.52495829045e-05, 5.91955722484e-06, 5.16435511599e-06, 3.96809264203e-06, 1.05809031083e-05, 6.5393433033e-05, 3.69970221072e-05, 1.1749024452e-05, 9.36378455663e-06, 9.9824346762e-06, 8.08195272839e-06, 5.05763000547e-06, 3.36997322847e-06, 5.9380786297e-06, 3.65374648936e-06, 2.19004982682e-06, 5.35521985512e-06, 5.59696809432e-06, 1.11895460577e-05, 6.17046089246e-06, 1.90869104699e-06, 7.6883507063e-06, 4.91982018502e-06, 1.09252505354e-05, 5.60874741495e-06, 1.16076116683e-05, 6.54065024719e-06, 4.85354257762e-06, 4.77170488011e-06, 1.20767545013e-05, 6.51628442938e-06, 7.72048042563e-06, 1.40228539749e-05, 7.56148028813e-06, 4.32261458627e-06, 2.09424524655e-06, 8.89909074431e-07, 3.9572560695e-07, 4.09132098866e-07, 3.73964383016e-07, 4.71961868698e-07, 4.13752871964e-07, 5.28216389739e-07, 7.02659065155e-07, 6.31274588159e-07, 7.86082239301e-07, 1.10002929432e-06, 1.14858084999e-06, 1.20930917547e-06, 2.22547691919e-06, 2.23246865971e-06, 2.0157333438e-06, 2.04998787012e-06, 2.57027659245e-06, 2.30021987591e-06, 2.27928239838e-06, 1.61001344168e-06, 1.81466691629e-06, 1.2760978052e-06, 1.04282435132e-06, 8.31255988487e-07, 6.66084247314e-07, 4.23152471285e-07, 3.13682903652e-07, 2.22178059062e-07, 1.48390853383e-07, 1.35647496791e-07, 1.19345173744e-07, 1.40955037864e-07, 1.05864344846e-07, 8.78172201624e-08, 7.68837367104e-08, 5.54958781152e-08, 5.56360859605e-08, 3.98598096751e-08, 4.52276189833e-08, 2.83728418538e-08, 2.44752715872e-08, 2.17801243707e-08, 1.98320595501e-08, 1.18852341302e-08, 7.28991578214e-09, 5.79687853275e-09, 3.23979731931e-09, 1.41844092028e-10, 4.08318656664e-11, 4.02688368761e-11, 3.97297854338e-11, 3.94156374206e-11],
        "min": [4.07174809277e-13, 1.4597251359e-12, 1.07767462489e-12, 1.50781514011e-12, 4.03443944919e-11, 7.88790560646e-11, 1.26503418851e-10, 1.18275805816e-10, 4.18929509138e-11, 2.33960212315e-11, 5.70883826323e-11, 2.88598922538e-10, 5.14334685953e-10, 3.69095060071e-10, 8.50464837443e-11, 2.74449421522e-11, 3.11872250247e-10, 5.06136799139e-10, 1.45527076501e-10, 2.75086453616e-10, 6.14503004037e-10, 3.52149909233e-09, 7.49210382622e-09, 1.01434602939e-08, 1.64317235374e-08, 1.24986074823e-08, 3.26917182214e-09, 1.13554454728e-09, 3.49796941412e-10, 2.02469672972e-11, 2.90934915048e-11, 5.46077350005e-11, 1.19781781716e-10, 7.87899814836e-11, 3.08678568817e-11, 1.25837291975e-11, 1.52051825991e-11, 6.00674787687e-11, 1.64302391137e-10, 3.46337653001e-10, 7.67173477523e-11, 1.00371259915e-10, 6.81650152989e-11, 1.54788529216e-10, 1.19388735009e-10, 8.22223469865e-11, 1.21967921873e-10, 1.73457238156e-11, 1.99905422077e-11, 4.05738255493e-11, 1.89658809491e-11, 1.29858936104e-11, 1.76331501484e-11, 3.93106693031e-11, 3.6175760304e-11, 2.37355985561e-11, 3.26494976888e-11, 1.66958617071e-11, 2.30323260464e-11, 7.67844208355e-12, 1.07768186736e-11, 2.45660193576e-11, 7.4299047817e-12, 5.04559727332e-10, 9.02742269826e-10, 2.26512524015e-11, 1.93253624908e-11, 8.51677825486e-11, 2.20193325379e-11, 1.93129349318e-11, 5.98802743501e-11, 3.2286798235e-11, 3.69009996171e-11, 2.26252107327e-11, 3.87586941708e-11, 2.33294928514e-11, 1.00362322619e-10, 8.69393168568e-10, 3.19272469573e-10, 2.43821820373e-11, 3.69225830466e-11, 1.41730932546e-11, 1.56508625504e-11, 2.54289037743e-11, 7.14371660784e-12, 5.21206862392e-12, 5.48408410697e-12, 2.58119567387e-12, 2.0154388141e-12, 1.87163262319e-12, 1.18000411959e-12, 2.18742775629e-12, 1.01510922064e-12, 1.98010293058e-12, 3.11301006674e-12, 1.00109081181e-12, 1.31245860534e-12, 1.22584169378e-12, 2.08904595012e-12, 1.30889233913e-12, 1.69580853266e-12, 1.83344637215e-12, 2.16082924123e-12, 1.58007710648e-12, 5.19808588534e-13, 5.68916604365e-13, 1.28409988805e-12, 1.02742391418e-12, 1.30437685392e-12, 7.68976516578e-13, 7.68070286192e-13, 7.85698220894e-13, 7.02789063924e-13, 8.61928150381e-13, 1.49603658454e-12, 8.48452764209e-13, 5.84148723316e-13, 1.95477735019e-13, 2.51577269217e-13, 2.42397193897e-13, 2.31342641441e-13, 2.60896203729e-13, 2.18319814809e-13, 2.14670769767e-13, 1.35268424066e-13, 5.13734664347e-14, 5.73383537644e-15, 3.06005342923e-16],
        "stdev": [0.00126911443658, 0.00694979354739, 0.0124506410211, 0.00996281579137, 0.00759465852752, 0.00443623913452, 0.0016748647904, 0.000898380996659, 0.000535150291398, 0.000453355227364, 0.000381763733458, 0.000370009074686, 0.000428971805377, 0.0021730880253, 0.00184225977864, 0.000903670792468, 0.00117082020734, 0.00128364900593, 0.000631136994343, 8.11582722235e-05, 0.000121643686725, 0.000141107506352, 0.00028904620558, 0.000450330524473, 0.000796869688202, 0.000518162269145, 0.000922610983253, 0.00077772809891, 0.00167078117374, 0.00100978696719, 0.000417094764998, 0.000186878169188, 0.000296019628877, 5.87674621784e-05, 0.000120687240269, 9.47853186517e-05, 4.94344676554e-05, 0.000238098276895, 0.000150589126861, 0.000127737046569, 1.31901360874e-05, 1.69503982761e-05, 1.24337157104e-05, 5.88503207837e-05, 0.000292141194222, 0.00021380376711, 8.13063670648e-05, 8.26629911899e-05, 8.62118322402e-05, 2.38931497734e-05, 2.16835032916e-05, 1.23814315884e-05, 3.976336302e-05, 1.53271612362e-05, 7.83659288572e-06, 3.49974870915e-05, 2.69829542958e-05, 5.13741833856e-05, 3.79886078008e-05, 1.06105517261e-05, 5.67158276681e-05, 2.32530383073e-05, 6.46485204925e-05, 2.97067126667e-05, 4.16101793235e-05, 2.71144253929e-05, 2.07120738196e-05, 1.91964300029e-05, 6.01637075306e-05, 3.1135557947e-05, 3.30958864652e-05, 4.80506278109e-05, 3.19675782521e-05, 2.04240968742e-05, 9.29867928789e-06, 5.8457853811e-06, 1.46383081301e-06, 1.35789127853e-06, 1.55698558046e-06, 1.99787291422e-06, 2.5285414722e-06, 3.06269066641e-06, 3.18944626088e-06, 3.54510871148e-06, 3.88162243325e-06, 7.90060676081e-06, 6.0853362811e-06, 6.37939638182e-06, 1.00323741208e-05, 8.61045555212e-06, 9.0456505859e-06, 9.97854112939e-06, 1.06357965706e-05, 1.05607196019e-05, 1.05498074845e-05, 8.47129558679e-06, 8.98448070075e-06, 5.5618766055e-06, 4.25916323366e-06, 3.51750441041e-06, 3.27360544361e-06, 2.17153365156e-06, 1.74182400769e-06, 1.41149678257e-06, 1.14206329727e-06, 1.13921294087e-06, 9.49669185957e-07, 1.37041638482e-06, 8.47476997023e-07, 6.45665181764e-07, 6.1341035007e-07, 4.17483676074e-07, 4.64525726329e-07, 2.65897000418e-07, 3.57167351694e-07, 2.15738438669e-07, 1.94090901573e-07, 1.57477671792e-07, 2.08224605558e-07, 1.23853297396e-07, 5.26721706251e-08, 4.01214279577e-08, 2.12241832998e-08, 1.67385183492e-09, 1.33824906712e-09, 1.32627619998e-09, 1.31168087503e-09, 1.30162147727e-09]
    },
    "mfcc": {
        "mean": [-724.625183105, 129.814346313, -9.41031360626, -1.92765843868, -15.4453496933, -10.3155088425, -4.58586883545, 3.90390110016, -0.346546977758, 10.8915195465, -4.88766622543, -2.71725273132, -7.35191011429],
        "cov": [[5186.31152344, -1894.33911133, 238.658905029, -108.983535767, -57.3082847595, -658.55480957, 215.028793335, -352.472869873, -768.839355469, 141.877746582, -694.128356934, -198.022186279, -31.4751338959], [-1894.33911133, 1615.18273926, 8.27522468567, 248.428497314, 147.943786621, 339.571868896, -51.8212585449, 163.885360718, 307.039978027, -58.1193199158, 255.73348999, 99.7415313721, 65.1437683105], [238.658905029, 8.27522468567, 510.283966064, -5.02819824219, 54.3973808289, -42.1572227478, -23.7525119781, -4.22742986679, -26.7493934631, 4.54436779022, -33.0520477295, 6.445291996, -21.6934986115], [-108.983535767, 248.428497314, -5.02819824219, 377.473022461, 122.843666077, 154.994674683, 16.5004310608, 128.256774902, 69.3732528687, -32.3791122437, 50.4878921509, 39.2369346619, 25.5735721588], [-57.3082847595, 147.943786621, 54.3973808289, 122.843666077, 374.174102783, 340.540863037, 182.698989868, 279.518951416, 258.249542236, 98.9558105469, 148.96005249, 84.49269104, 18.1914138794], [-658.55480957, 339.571868896, -42.1572227478, 154.994674683, 340.540863037, 731.03338623, 255.51701355, 430.682952881, 470.651733398, 120.32169342, 366.02444458, 123.316726685, 46.2879981995], [215.028793335, -51.8212585449, -23.7525119781, 16.5004310608, 182.698989868, 255.51701355, 379.873779297, 225.04888916, 224.566879272, 167.670471191, 134.44732666, 57.9891052246, 15.4769735336], [-352.472869873, 163.885360718, -4.22742986679, 128.256774902, 279.518951416, 430.682952881, 225.04888916, 461.650177002, 384.781951904, 117.915618896, 266.169891357, 133.960235596, 27.5644950867], [-768.839355469, 307.039978027, -26.7493934631, 69.3732528687, 258.249542236, 470.651733398, 224.566879272, 384.781951904, 521.680664062, 133.089248657, 344.873718262, 129.490600586, 29.8614730835], [141.877746582, -58.1193199158, 4.54436779022, -32.3791122437, 98.9558105469, 120.32169342, 167.670471191, 117.915618896, 133.089248657, 199.281600952, 79.9605941772, 30.9750385284, 7.84920978546], [-694.128356934, 255.73348999, -33.0520477295, 50.4878921509, 148.96005249, 366.02444458, 134.44732666, 266.169891357, 344.873718262, 79.9605941772, 332.427429199, 110.638412476, 29.8679637909], [-198.022186279, 99.7415313721, 6.445291996, 39.2369346619, 84.49269104, 123.316726685, 57.9891052246, 133.960235596, 129.490600586, 30.9750385284, 110.638412476, 108.668174744, 15.8762636185], [-31.4751338959, 65.1437683105, -21.6934986115, 25.5735721588, 18.1914138794, 46.2879981995, 15.4769735336, 27.5644950867, 29.8614730835, 7.84920978546, 29.8679637909, 15.8762636185, 76.8779220581]],
        "icov": [[0.000627869623713, 0.000547051196918, -0.000224824645557, -0.00026120847906, -0.000363854924217, 3.5422086512e-05, -0.00059179920936, -4.72209103464e-05, 0.000753104803152, -0.000389287277358, 0.000677963311318, -3.86487627111e-05, -0.00049039570149], [0.000547051196918, 0.00137746764813, -0.000268005387625, -0.000702628516592, -0.000392035552068, -0.000128181593027, -0.000147918995935, 0.000530058459844, -2.34384369833e-05, -4.88154400955e-05, 0.000320247054333, -0.000285468006041, -0.000826850824524], [-0.000224824645557, -0.000268005387625, 0.00220686197281, 0.000234953593463, -0.00065111782169, 0.000286090216832, 0.000490180740599, -4.04497222917e-05, -5.67453389522e-05, -4.76062923553e-05, -0.000179936003406, -0.000251207296969, 0.000725954188965], [-0.00026120847906, -0.000702628516592, 0.000234953593463, 0.00385015201755, -0.000676869414747, -0.000448266335297, 0.000311823823722, -0.00129121926147, 0.000702398072463, 0.00119458290283, 0.000182414209121, -8.79353101482e-05, -0.000343271822203], [-0.000363854924217, -0.000392035552068, -0.00065111782169, -0.000676869414747, 0.00690836459398, -0.00210326467641, -0.000258820859017, -0.00154352094978, -0.00162858574186, -0.000662880542222, 0.00239081587642, -0.0013431472471, 0.00051063799765], [3.5422086512e-05, -0.000128181593027, 0.000286090216832, -0.000448266335297, -0.00210326467641, 0.005279335659, -0.000736693793442, -0.00138565525413, -0.000600814353675, 0.000600509287324, -0.00337046571076, 0.00214315298945, -0.000643946405035], [-0.00059179920936, -0.000147918995935, 0.000490180740599, 0.000311823823722, -0.000258820859017, -0.000736693793442, 0.00604539830238, -0.000776037515607, -0.00140811270103, -0.00273867207579, 6.62233651383e-05, 3.41639170074e-05, 0.00027742315433], [-4.72209103464e-05, 0.000530058459844, -4.04497222917e-05, -0.00129121926147, -0.00154352094978, -0.00138565525413, -0.000776037515607, 0.00893262866884, -0.00340690091252, -0.000146612830576, -0.000155422938406, -0.00370818399824, 0.000267083232757], [0.000753104803152, -2.34384369833e-05, -5.67453389522e-05, 0.000702398072463, -0.00162858574186, -0.000600814353675, -0.00140811270103, -0.00340690091252, 0.0110147241503, -0.00145225448068, -0.00508234463632, 0.000495466054417, 7.27516016923e-05], [-0.000389287277358, -4.88154400955e-05, -4.76062923553e-05, 0.00119458290283, -0.000662880542222, 0.000600509287324, -0.00273867207579, -0.000146612830576, -0.00145225448068, 0.00910840090364, -0.000929352128878, 0.000498172594234, -0.000237309679505], [0.000677963311318, 0.000320247054333, -0.000179936003406, 0.000182414209121, 0.00239081587642, -0.00337046571076, 6.62233651383e-05, -0.000155422938406, -0.00508234463632, -0.000929352128878, 0.01406862773, -0.00484884390607, -0.000994710833766], [-3.86487627111e-05, -0.000285468006041, -0.000251207296969, -8.79353101482e-05, -0.0013431472471, 0.00214315298945, 3.41639170074e-05, -0.00370818399824, 0.000495466054417, 0.000498172594234, -0.00484884390607, 0.0170055218041, -0.00133677467238], [-0.00049039570149, -0.000826850824524, 0.000725954188965, -0.000343271822203, 0.00051063799765, -0.000643946405035, 0.00027742315433, 0.000267083232757, 7.27516016923e-05, -0.000237309679505, -0.000994710833766, -0.00133677467238, 0.014600308612]]
    },
    "spectral_contrast_coeffs": {
        "max": [-0.362285494804, -0.424963057041, -0.439080864191, -0.550796985626, -0.553066134453, -0.654059529305],
        "mean": [-0.662767231464, -0.689457833767, -0.733726263046, -0.795942306519, -0.780711889267, -0.780405342579],
        "min": [-0.904468238354, -0.90009367466, -0.90479195118, -0.918238401413, -0.888654947281, -0.885512828827],
        "stdev": [0.0965247824788, 0.0911820828915, 0.0911117866635, 0.0704978182912, 0.0708494186401, 0.032682787627]
    },
    "spectral_contrast_valleys": {
        "max": [-5.08840942383, -5.16615390778, -6.22133970261, -6.81122159958, -5.86456823349, -7.46567058563],
        "mean": [-8.2824010849, -7.34543991089, -7.86591815948, -8.3762140274, -8.68502998352, -11.2619752884],
        "min": [-14.2153577805, -12.3302383423, -13.5162887573, -13.2799663544, -13.2552070618, -15.9173717499],
        "stdev": [0.875263690948, 0.57878023386, 0.55243062973, 0.644361495972, 0.733229696751, 1.05072534084]
    }
},
"rhythm": {
    "beats_count": 62,
    "beats_loudness": {
        "max": 0.256417006254,
        "mean": 0.024331074208,
        "min": 0.000808850280009,
        "stdev": 0.0482890419662
    },
    "bpm": 114.404541016,
    "bpm_histogram_first_peak_bpm": 115,
    "bpm_histogram_first_peak_weight": 0.548387110233,
    "bpm_histogram_second_peak_bpm": 172,
    "bpm_histogram_second_peak_spread": 0,
    "bpm_histogram_second_peak_weight": 0.213114753366,
    "danceability": 0.980131089687,
    "onset_rate": 2.27481603622,
    "beats_loudness_band_ratio": {
        "max": [0.993966460228, 0.553620457649, 0.910642027855, 0.554631173611, 0.250739276409, 0.56039339304],
        "mean": [0.228187695146, 0.147327288985, 0.396822929382, 0.15685120225, 0.0459383092821, 0.0514000579715],
        "min": [0.00207441370003, 0.000307818379952, 0.00268387701362, 0.00200780131854, 0.00093898497289, 0.000185342185432],
        "stdev": [0.334026962519, 0.142502889037, 0.254793047905, 0.155136078596, 0.0543145649135, 0.101956091821]
    },
    "beats_position": [0.53405892849, 1.05650794506, 1.59056687355, 2.11301589012, 2.63546490669, 3.15791368484, 3.68036270142, 4.20281171799, 4.72526073456, 5.24770975113, 5.7701587677, 6.29260778427, 6.80344676971, 7.31428575516, 7.83673477173, 8.35918331146, 8.87002277374, 9.33442115784, 9.79882049561, 10.2632198334, 10.6115188599, 10.9482088089, 11.2848978043, 11.6331968307, 11.9814968109, 12.3297958374, 12.6780948639, 13.0147848129, 13.3630838394, 13.7113828659, 14.0480718613, 14.3963718414, 14.7446708679, 15.0929698944, 15.4412698746, 15.7895689011, 16.1378688812, 16.5209980011, 16.8925170898, 17.2756462097, 17.8329238892, 18.3785934448, 18.9126529694, 19.458322525, 19.9923801422, 20.5264396667, 21.0604991913, 21.5945568085, 22.1402263641, 22.6858959198, 23.219953537, 23.7656230927, 24.2880725861, 24.7989120483, 25.3097496033, 25.8205890656, 26.3314285278, 26.8422679901, 27.3647155762, 27.8639450073, 28.3747844696, 28.8856239319],
