{
"metadata": {
    "version": {
        "essentia": "2.1-beta5",
        "essentia_git_sha": "Undefined",
        "extractor": "music 2.0"
    },
    "audio_properties": {
        "analysis": {
            "equal_loudness": 0,
            "length": 12.7477550507,
            "sample_rate": 44100,
            "start_time": 0,
            "downmix": "mix"
        },
        "bit_rate": 192000,
        "length": 198.124267578,
        "lossless": 0,
        "number_channels": 2,
        "replay_gain": -1.22879600525,
        "sample_rate": 48000,
        "codec": "mp3",
        "md5_encoded": "d555190f7809c94e3343c6028f9851ca"
    },
    "tags": {
        "file_name": "Georgia_One More Day_Eldrine.mp3",
        "encoding": ["Lavf58.29.100"]
    }
},
"lowlevel": {
    "average_loudness": 0.605775177479,
    "barkbands_crest": {
        "max": 26.3834228516,
        "mean": 15.6204032898,
        "min": 3.75795793533,
        "stdev": 5.90251922607
    },
    "barkbands_flatness_db": {
        "max": 0.533492863178,
        "mean": 0.241364747286,
        "min": 0.0759909376502,
        "stdev": 0.109312519431
    },
    "barkbands_kurtosis": {
        "max": 1418.02172852,
        "mean": 48.0966453552,
        "min": -1.72450065613,
        "stdev": 109.558807373
    },
    "barkbands_skewness": {
        "max": 31.3774185181,
        "mean": 3.76724910736,
        "min": -0.83358424902,
        "stdev": 4.15285253525
    },
    "barkbands_spread": {
        "max": 39.5843391418,
        "mean": 9.97370624542,
        "min": 0.100798472762,
        "stdev": 8.79907035828
    },
    "dissonance": {
        "max": 0.499998301268,
        "mean": 0.473835498095,
        "min": 0.359311878681,
        "stdev": 0.0237859431654
    },
    "dynamic_complexity": 7.2852730751,
    "erbbands_crest": {
        "max": 29.7341194153,
        "mean": 13.2871665955,
        "min": 3.13248729706,
        "stdev": 5.77293348312
    },
    "erbbands_flatness_db": {
        "max": 0.326891422272,
        "mean": 0.202512070537,
        "min": 0.105928823352,
        "stdev": 0.044600430876
    },
    "erbbands_kurtosis": {
        "max": 48.2617988586,
        "mean": 2.94138169289,
        "min": -1.81969892979,
        "stdev": 6.09204339981
    },
    "erbbands_skewness": {
        "max": 6.38160085678,
        "mean": 0.839872896671,
        "min": -2.22429966927,
        "stdev": 1.3813341856
    },
    "erbbands_spread": {
        "max": 65.8667373657,
        "mean": 28.3691101074,
        "min": 4.63587331772,
        "stdev": 14.745390892
    },
    "hfc": {
        "max": 120.713096619,
        "mean": 9.54956531525,
        "min": 0.000110523542389,
        "stdev": 15.290763855
    },
    "loudness_ebu128": {
        "integrated": -18.7199687958,
        "loudness_range": 8.9914150238,
        "momentary": {
            "max": -12.9477748871,
            "mean": -24.6553859711,
            "min": -40.4509277344,
            "stdev": 8.00479412079
        },
        "short_term": {
            "max": -16.317949295,
            "mean": -20.1476306915,
            "min": -33.5027084351,
            "stdev": 3.60939359665
        }
    },
    "melbands_crest": {
        "max": 34.4544372559,
        "mean": 18.7290267944,
        "min": 4.61805105209,
        "stdev": 6.46622419357
    },
    "melbands_flatness_db": {
        "max": 0.670582234859,
        "mean": 0.326747119427,
        "min": 0.0806550011039,
        "stdev": 0.140058726072
    },
    "melbands_kurtosis": {
        "max": 298.694580078,
        "mean": 49.8718986511,
        "min": -1.57168149948,
        "stdev": 65.9343566895
    },
    "melbands_skewness": {
        "max": 12.669880867,
        "mean": 3.99882459641,
        "min": -1.17698514462,
        "stdev": 3.4094440937
    },
    "melbands_spread": {
        "max": 82.8544921875,
        "mean": 13.5576133728,
        "min": 0.214159399271,
        "stdev": 14.97352314
    },
    "pitch_salience": {
        "max": 0.819845974445,
        "mean": 0.407743155956,
        "min": 0.0575355775654,
        "stdev": 0.183517336845
    },
    "silence_rate_20dB": {
        "max": 1,
        "mean": 0.921818196774,
        "min": 0,
        "stdev": 0.268456667662
    },
    "silence_rate_30dB": {
        "max": 1,
        "mean": 0.834545433521,
        "min": 0,
        "stdev": 0.371589481831
    },
    "silence_rate_60dB": {
        "max": 1,
        "mean": 0.243636369705,
        "min": 0,
        "stdev": 0.429275751114
    },
    "spectral_centroid": {
        "max": 3605.69067383,
        "mean": 863.915283203,
        "min": 100.08467865,
        "stdev": 598.888000488
    },
    "spectral_complexity": {
        "max": 28,
        "mean": 6.61090898514,
        "min": 0,
        "stdev": 6.14058732986
    },
    "spectral_decrease": {
        "max": -1.60427159296e-14,
        "mean": -2.0880840168e-08,
        "min": -3.76898213972e-07,
        "stdev": 4.85263562666e-08
    },
    "spectral_energy": {
        "max": 1.43344604969,
        "mean": 0.0796751827002,
        "min": 7.05736127316e-08,
        "stdev": 0.18441195786
    },
    "spectral_energyband_high": {
        "max": 0.000731147010811,
        "mean": 4.82368341181e-05,
        "min": 1.22522694213e-08,
        "stdev": 9.70073597273e-05
    },
    "spectral_energyband_low": {
        "max": 1.42274689674,
        "mean": 0.0739537030458,
        "min": 1.5177455126e-10,
        "stdev": 0.183171600103
    },
    "spectral_energyband_middle_high": {
        "max": 0.0445527732372,
        "mean": 0.00200843298808,
        "min": 5.02439556627e-09,
        "stdev": 0.00518327765167
    },
    "spectral_energyband_middle_low": {
        "max": 0.0686288401484,
        "mean": 0.00449547171593,
        "min": 5.34595585577e-08,
        "stdev": 0.00840182043612
    },
    "spectral_entropy": {
        "max": 8.08869075775,
        "mean": 7.09044361115,
        "min": 4.76570653915,
        "stdev": 0.593597590923
    },
    "spectral_flux": {
        "max": 1.04756033421,
        "mean": 0.120986297727,
        "min": 0.000265656941338,
        "stdev": 0.150012597442
    },
    "spectral_kurtosis": {
        "max": 42.9272155762,
        "mean": 9.64243507385,
        "min": 1.19656658173,
        "stdev": 6.04974269867
    },
    "spectral_rms": {
        "max": 0.0373963080347,
        "mean": 0.00584174273536,
        "min": 8.2977285274e-06,
        "stdev": 0.00660347007215
    },
    "spectral_rolloff": {
        "max": 5146.43554688,
        "mean": 789.837524414,
        "min": 64.599609375,
        "stdev": 955.301757812
    },
    "spectral_skewness": {
        "max": 5.00282526016,
        "mean": 2.22833538055,
        "min": 0.650766134262,
        "stdev": 0.659221768379
    },
    "spectral_spread": {
        "max": 11202535,
        "mean": 3312340.25,
        "min": 1452793.125,
        "stdev": 868685.8125
    },
    "spectral_strongpeak": {
        "max": 7.09377098083,
        "mean": 0.748420774937,
        "min": 0,
        "stdev": 0.974915385246
    },
    "zerocrossingrate": {
        "max": 0.17333984375,
        "mean": 0.0325719118118,
        "min": 0.00244140625,
        "stdev": 0.0281989015639
    },
    "barkbands": {
        "max": [0.0529031418264, 1.10812115669, 0.472863167524, 0.050613000989, 0.0291357822716, 0.0105391014367, 0.00422642752528, 0.00456791743636, 0.0114215193316, 0.0425783917308, 0.00109635677654, 0.00104869483039, 0.0011133152293, 0.00163487414829, 0.000934032374062, 0.00061795162037, 0.000565143767744, 0.000370525434846, 0.000709345738869, 0.000240899636992, 0.000476848275866, 0.000434807763668, 0.000342896877555, 0.00010795811977, 9.91482011159e-05, 3.40481456078e-05, 1.01767800516e-05],
        "mean": [0.00223960075527, 0.0553656332195, 0.0158375781029, 0.00152047921438, 0.000909734342713, 0.000228872406296, 0.000189917816897, 0.000276888109511, 0.00084206496831, 0.00160112744197, 0.000106739542389, 8.34675738588e-05, 8.93765536603e-05, 0.000112922287371, 5.66946728213e-05, 4.59562288597e-05, 4.69816113764e-05, 2.45095143327e-05, 4.1249768401e-05, 1.55739453476e-05, 1.04680430013e-05, 1.13614323709e-05, 6.40409098196e-06, 5.85890256843e-06, 4.07855441154e-06, 1.64419020621e-06, 1.37568491709e-07],
        "min": [7.5729145177e-12, 1.38842340403e-11, 8.96062113398e-11, 5.98086857817e-11, 1.10813806048e-11, 4.24957118106e-11, 7.02639946226e-10, 1.37711717585e-08, 3.79856786026e-08, 1.18576970465e-09, 2.78358197603e-10, 3.44979766975e-10, 4.90167462175e-10, 2.36671043874e-10, 3.01577041117e-10, 7.21700255113e-10, 5.00849861584e-10, 1.286001583e-10, 1.42254907853e-09, 2.26255889024e-10, 1.14138973828e-08, 2.34208902272e-10, 5.08037084623e-11, 7.0902804461e-11, 7.61652962922e-11, 6.9592671903e-11, 1.36376257509e-10],
        "stdev": [0.00544262398034, 0.144555300474, 0.0508198328316, 0.00505113741383, 0.00315227732062, 0.0010038621258, 0.000512933067512, 0.000599372724537, 0.00144097825978, 0.00516405235976, 0.000148178674863, 0.000121018645586, 0.000118625066534, 0.000213397885091, 8.31727666082e-05, 6.40376820229e-05, 7.19781310181e-05, 3.91240610043e-05, 9.88252722891e-05, 3.20422150253e-05, 2.9914537663e-05, 3.72550020984e-05, 2.38249140239e-05, 1.0264931916e-05, 9.26876873564e-06, 3.43475448972e-06, 5.4121227322e-07]
    },
    "erbbands": {
        "max": [39.124168396, 295.009307861, 578.462341309, 264.573425293, 93.1696243286, 115.720329285, 198.944961548, 80.9958343506, 63.9656219482, 89.0463256836, 135.249176025, 218.392776489, 1211.48425293, 825.517700195, 38.724029541, 44.6534156799, 53.6072845459, 72.0163574219, 65.8397216797, 27.9159984589, 30.8195705414, 37.0371170044, 19.0227012634, 30.9534721375, 25.4734039307, 9.0435552597, 8.36036300659, 22.4523773193, 16.5205383301, 21.9987754822, 5.43010663986, 3.14748859406, 0.830062448978, 0.895672917366, 1.02742683887, 0.237398818135, 0.0552200637758, 0.0156488828361, 0.000803880684543, 0.00154867733363],
        "mean": [1.58080375195, 12.3940258026, 20.588186264, 10.7142591476, 3.69209575653, 2.9911608696, 2.30663585663, 1.77831315994, 2.94258952141, 2.6643974781, 8.69728565216, 20.173833847, 49.5158538818, 20.8975925446, 4.80341291428, 3.24346446991, 4.05011749268, 4.71843004227, 4.81173372269, 2.90553283691, 2.29426503181, 2.85324549675, 1.45178616047, 2.12677931786, 1.31146907806, 0.806514441967, 0.420630812645, 0.463605582714, 0.42127802968, 0.31164970994, 0.156782850623, 0.130151435733, 0.0840122327209, 0.0528388284147, 0.0279181841761, 0.00917183607817, 0.00228865817189, 0.000372790411348, 5.41060326213e-05, 8.7044594693e-05],
        "min": [2.97522950721e-10, 4.8664876573e-09, 7.17758084079e-08, 2.01652326837e-07, 7.03667097923e-08, 2.30594618955e-08, 9.11034518936e-08, 6.48117634228e-07, 6.90787419444e-06, 3.8597274397e-05, 0.000561866152566, 0.000880527601112, 0.000218303262955, 1.916689871e-05, 8.7126481958e-06, 1.79062390089e-05, 2.05572432606e-05, 8.16548435978e-06, 1.80111219379e-05, 1.96120636247e-05, 4.58975991933e-05, 2.71519911621e-05, 9.14740212465e-06, 6.81598612573e-05, 2.99052280752e-05, 1.43472061609e-05, 5.40088221896e-05, 0.00072349893162, 5.60064618185e-05, 4.95881840834e-06, 1.49141726524e-06, 1.53252585733e-06, 1.1349579836e-06, 8.65814286044e-07, 4.91249977586e-07, 2.79163373307e-07, 1.40072671684e-07, 8.81969697275e-08, 2.05982857437e-08, 1.54695734e-09],
        "stdev": [4.39082670212, 32.5381698608, 61.3732833862, 32.1731300354, 10.752404213, 11.4048128128, 12.3622732162, 6.62418985367, 8.40475749969, 6.08218288422, 17.5474948883, 32.9365234375, 146.390304565, 71.2732620239, 6.98651456833, 4.45141935349, 5.45672559738, 7.37825727463, 8.50827312469, 3.86532688141, 2.99258351326, 4.62115716934, 2.10739946365, 4.73457860947, 3.02213978767, 1.62494003773, 0.959630012512, 1.40318036079, 1.24880707264, 1.40451788902, 0.451260149479, 0.267007291317, 0.133211374283, 0.0959193333983, 0.0815297216177, 0.0205430109054, 0.00462735164911, 0.00107351422776, 9.75996881607e-05, 0.000199041664018]
    },
    "gfcc": {
        "mean": [-119.812667847, 118.751693726, -116.057609558, 20.2355270386, -31.7740936279, 26.4490375519, -12.6036424637, 23.5484447479, -8.35807228088, -3.02212262154, -18.8645839691, -10.8368425369, -10.1994104385],
        "cov": [[8109.68408203, 509.71395874, 1709.54492188, 475.550720215, 313.237609863, 1134.44763184, 415.550689697, 189.877868652, -110.854698181, -68.1365432739, 18.3043365479, -180.822906494, 103.917068481], [509.71395874, 1014.56262207, 613.622375488, 402.04083252, 735.800964355, 78.3702468872, 115.133514404, -157.017745972, 170.247940063, -193.537307739, 153.971542358, 4.67094707489, 115.040893555], [1709.54492188, 613.622375488, 1462.54833984, 513.59967041, 864.847839355, 683.843994141, 463.653625488, 5.51147127151, 215.307815552, -18.6226577759, 103.166908264, -121.925048828, 100.128753662], [475.550720215, 402.04083252, 513.59967041, 366.089508057, 462.105957031, 213.392181396, 194.081604004, -76.7215118408, 110.498703003, -64.5791320801, 67.4118270874, -3.76173686981, 82.6630249023], [313.237609863, 735.800964355, 864.847839355, 462.105957031, 1003.10028076, 391.069976807, 375.670318604, -15.343337059, 293.926391602, -66.2126846313, 158.512939453, 1.14155507088, 126.482383728], [1134.44763184, 78.3702468872, 683.843994141, 213.392181396, 391.069976807, 673.636413574, 362.797515869, 171.779220581, 131.358612061, 96.1705551147, 29.4749660492, -67.5597610474, 46.3122253418], [415.550689697, 115.133514404, 463.653625488, 194.081604004, 375.670318604, 362.797515869, 330.166381836, 92.6505966187, 143.47618103, 44.0259056091, 42.2564125061, -39.4225654602, 54.9054107666], [189.877868652, -157.017745972, 5.51147127151, -76.7215118408, -15.343337059, 171.779220581, 92.6505966187, 185.365524292, 45.3228721619, 85.0165176392, -3.39217305183, -21.2069835663, -13.3720006943], [-110.854698181, 170.247940063, 215.307815552, 110.498703003, 293.926391602, 131.358612061, 143.47618103, 45.3228721619, 180.448043823, 39.5566520691, 74.7531890869, 15.4726867676, 34.7203826904], [-68.1365432739, -193.537307739, -18.6226577759, -64.5791320801, -66.2126846313, 96.1705551147, 44.0259056091, 85.0165176392, 39.5566520691, 122.142501831, 3.81739115715, 6.16838121414, -9.20029830933], [18.3043365479, 153.971542358, 103.166908264, 67.4118270874, 158.512939453, 29.4749660492, 42.2564125061, -3.39217305183, 74.7531890869, 3.81739115715, 85.566078186, 19.8645191193, 29.8522071838], [-180.822906494, 4.67094707489, -121.925048828, -3.76173686981, 1.14155507088, -67.5597610474, -39.4225654602, -21.2069835663, 15.4726867676, 6.16838121414, 19.8645191193, 80.5472335815, 23.5102996826], [103.917068481, 115.040893555, 100.128753662, 82.6630249023, 126.482383728, 46.3122253418, 54.9054107666, -13.3720006943, 34.7203826904, -9.20029830933, 29.8522071838, 23.5102996826, 66.0377655029]],
        "icov": [[0.000297381368, -0.000295871897833, -0.000510761805344, -0.000188709134818, 0.000718338298611, -0.000350320508005, -2.07422690437e-05, -0.000681954959873, 0.000539272441529, 0.000533511920366, -0.000330445443979, -0.000647380424198, -2.22344824579e-05], [-0.000295871897833, 0.00574065092951, -5.97134858253e-05, -0.000524820294231, -0.00311124254949, -0.000100327539258, 0.00397028261796, 0.00104361458216, -0.00311080901884, 0.00560317607597, -0.00302579789422, 0.00288249179721, -0.00308996369131], [-0.000510761805344, -5.97134858253e-05, 0.00417951354757, -0.000758761307225, -0.00258194585331, -0.00149047537707, -8.87106725713e-05, 0.00308257923461, -0.000187852099771, -0.00267579173669, 0.000384764600312, 0.00483740307391, 3.87135878555e-05], [-0.000188709134818, -0.000524820294231, -0.000758761307225, 0.0127343637869, -0.00155124103185, -0.0020396776963, -0.00333213387057, 0.00705115357414, -0.00158236187417, 0.00307516334578, 7.52123669372e-05, -0.00141171901487, -0.00324991461821], [0.000718338298611, -0.00311124254949, -0.00258194585331, -0.00155124103185, 0.00902141071856, -0.000923060055356, -0.00360218551941, -0.00214677047916, -0.00325782992877, 0.00407235044986, -0.00135818310082, -0.0049864272587, 0.000744409917388], [-0.000350320508005, -0.000100327539258, -0.00149047537707, -0.0020396776963, -0.000923060055356, 0.00771160237491, -0.00344370841049, -0.00448790146038, 0.00281993765384, -0.00472881132737, 0.00170149921905, -0.000437674461864, 0.00109857390635], [-2.07422690437e-05, 0.00397028261796, -8.87106725713e-05, -0.00333213387057, -0.00360218551941, -0.00344370841049, 0.0163951460272, -0.00257649971172, -0.00577512336895, 0.00212469068356, 0.00108132790774, 0.0066475388594, -0.00694000441581], [-0.000681954959873, 0.00104361458216, 0.00308257923461, 0.00705115357414, -0.00214677047916, -0.00448790146038, -0.00257649971172, 0.0177562925965, -0.00479479273781, -0.00230056000873, -1.87025852938e-05, 0.00435849511996, -0.000591204676311], [0.000539272441529, -0.00311080901884, -0.000187852099771, -0.00158236187417, -0.00325782992877, 0.00281993765384, -0.00577512336895, -0.00479479273781, 0.0232229046524, -0.0107556404546, -0.00602824287489, -0.00440478883684, 0.00551387388259], [0.000533511920366, 0.00560317607597, -0.00267579173669, 0.00307516334578, 0.00407235044986, -0.00472881132737, 0.00212469068356, -0.00230056000873, -0.0107556404546, 0.0290189851075, -0.00628314819187, -0.00434830831364, -0.00302241882309], [-0.000330445443979, -0.00302579789422, 0.000384764600312, 7.52123669372e-05, -0.00135818310082, 0.00170149921905, 0.00108132790774, -1.87025852938e-05, -0.00602824287489, -0.00628314819187, 0.024987462908, -0.00172484386712, -0.0027685968671], [-0.000647380424198, 0.00288249179721, 0.00483740307391, -0.00141171901487, -0.0049864272587, -0.000437674461864, 0.0066475388594, 0.00435849511996, -0.00440478883684, -0.00434830831364, -0.00172484386712, 0.0271238125861, -0.0115237738937], [-2.22344824579e-05, -0.00308996369131, 3.87135878555e-05, -0.00324991461821, 0.000744409917388, 0.00109857390635, -0.00694000441581, -0.000591204676311, 0.00551387388259, -0.00302241882309, -0.0027685968671, -0.0115237738937, 0.0300583355129]]
    },
    "melbands": {
        "max": [0.299716681242, 0.315533101559, 0.0418138615787, 0.00711113074794, 0.0074573145248, 0.00174965476617, 0.000832000689115, 0.00106823607348, 0.00123399111908, 0.00130111747421, 0.00605977606028, 0.00439171912149, 0.000127801438794, 0.000117790274089, 0.000133205743623, 9.00763698155e-05, 0.000142192104249, 0.000144485195051, 4.28706225648e-05, 3.72623508156e-05, 3.98977026634e-05, 5.26833537151e-05, 2.60894648818e-05, 1.83229603863e-05, 3.09476781695e-05, 3.24383327097e-05, 1.62054711836e-05, 7.56051031203e-06, 6.17681325821e-06, 1.16982464533e-05, 1.34180227178e-05, 9.4468205134e-06, 1.16431465358e-05, 1.14381546155e-05, 3.72646354663e-06, 1.3301691979e-06, 2.43740441874e-06, 6.83457187733e-07, 9.66166339822e-07, 6.71053783208e-07],
        "mean": [0.015176448971, 0.0122931050137, 0.00170874537434, 0.000218930421397, 8.9674256742e-05, 4.26703809353e-05, 4.15501090174e-05, 3.10048926622e-05, 8.20777422632e-05, 0.000128294079332, 0.000258554820903, 0.000103582904558, 1.45742633322e-05, 9.88418469205e-06, 8.33012109069e-06, 8.82229051058e-06, 9.13439271244e-06, 8.95890298125e-06, 4.13507677877e-06, 3.56362761522e-06, 2.37348831433e-06, 3.45040439242e-06, 1.36125197514e-06, 1.18705850127e-06, 1.83235874829e-06, 1.42106898693e-06, 5.46247861166e-07, 5.35023843895e-07, 2.51303248433e-07, 2.48439050665e-07, 2.75122602034e-07, 2.57246966839e-07, 1.78717172616e-07, 1.70328931404e-07, 8.84614337338e-08, 7.92635148628e-08, 8.04190349868e-08, 5.48066090289e-08, 5.31669321902e-08, 4.1834095299e-08],
        "min": [3.52904641274e-12, 2.87062994903e-11, 2.95430520325e-11, 2.18593784566e-12, 2.54688457824e-12, 1.61270597571e-11, 1.0838708403e-10, 4.70111782835e-10, 5.62224888867e-09, 5.31012389615e-09, 9.11336617282e-10, 5.1069818513e-11, 3.05949987567e-11, 2.38126740548e-11, 8.77259237475e-11, 2.21580757215e-11, 1.50517723285e-11, 3.01887716214e-11, 2.28539513702e-11, 3.15529789796e-11, 5.98227162252e-11, 2.87005835764e-11, 1.26741733428e-11, 5.34922019874e-12, 6.37813898918e-11, 4.71341611574e-11, 4.36942929755e-12, 1.02920822906e-11, 4.81299635563e-12, 1.6999741892e-10, 4.48135223374e-10, 5.85334428496e-12, 3.39249223331e-12, 1.31379466767e-12, 6.83258137568e-13, 8.7772307868e-13, 9.70914646424e-13, 7.72869073427e-13, 6.73350101805e-13, 7.56134629736e-13],
        "stdev": [0.040202498436, 0.0325108766556, 0.00503625301644, 0.000711431144737, 0.00045721384231, 0.000155118730618, 0.000114108246635, 7.30435931473e-05, 0.000166247526067, 0.000213630861253, 0.000774790009018, 0.000381831137929, 2.02247447305e-05, 1.44872446981e-05, 1.22782275866e-05, 1.16886358228e-05, 1.56144415087e-05, 1.74636661541e-05, 5.67239521843e-06, 4.74006310469e-06, 3.47342643181e-06, 6.26898554401e-06, 2.20045126298e-06, 1.95266306946e-06, 4.44098532171e-06, 3.6287506191e-06, 1.40734027809e-06, 1.14230772397e-06, 5.64171102724e-07, 8.02064448635e-07, 9.16181704724e-07, 7.80497316555e-07, 6.97445329934e-07, 8.55925236465e-07, 2.82463759049e-07, 1.79011891532e-07, 1.69704421182e-07, 8.84166055926e-08, 9.57558015102e-08, 8.22357151264e-08]
    },
    "melbands128": {
        "max": [0.0493026003242, 0.339435786009, 0.517781555653, 0.555733859539, 0.380315840244, 0.181237787008, 0.0577644705772, 0.0205464605242, 0.0111249322072, 0.0102871386334, 0.00737040024251, 0.0109768016264, 0.00761134922504, 0.00370300072245, 0.0020524864085, 0.001796176075, 0.00168344029225, 0.0010731976945, 0.00121770694386, 0.00101879355498, 0.00170059711672, 0.00133849657141, 0.00221537705511, 0.00244883424602, 0.00237903976813, 0.00121860671788, 0.005314163398, 0.012061371468, 0.0134354960173, 0.00738150579855, 0.000359400670277, 0.000165087054484, 0.000213765888475, 0.000190239225049, 0.000244787806878, 0.000169384569745, 0.000177183479536, 0.000188042060472, 0.000204149167985, 0.000206214623176, 8.7942549726e-05, 0.000114117377962, 0.000243201502599, 0.000218906905502, 0.000439323688624, 0.000152228501975, 0.000100715384178, 5.28137388756e-05, 3.80242963729e-05, 6.55650219414e-05, 4.19836942456e-05, 3.73365437554e-05, 5.56814484298e-05, 4.38676725025e-05, 3.15264660458e-05, 0.000123014717246, 2.12953182199e-05, 2.39359760599e-05, 4.63385185867e-05, 2.46335239353e-05, 3.36261873599e-05, 1.92870902538e-05, 3.05250541714e-05, 7.82322968007e-05, 7.49741520849e-05, 4.38783317804e-05, 1.85048938874e-05, 3.62580540241e-05, 1.94525564439e-05, 9.85785300145e-06, 1.53102882905e-05, 1.14339845823e-05, 3.70636848857e-06, 1.20052427519e-05, 6.01630836172e-06, 1.16119072118e-05, 1.51041676872e-05, 1.55725774675e-05, 1.75528402906e-05, 1.8682632799e-05, 1.19204960356e-05, 1.77728252311e-05, 1.40029769682e-05, 7.77860532253e-06, 2.83777644654e-05, 1.34875681397e-05, 2.04325133382e-05, 5.92278638578e-06, 4.36227037426e-06, 5.45034845345e-06, 2.72881538876e-06, 2.99335192722e-06, 1.61822583777e-06, 3.18237448482e-06, 2.91080664283e-06, 7.32438536488e-07, 9.36506523885e-07, 1.48997821725e-06, 7.92446996911e-07, 1.02416049685e-06, 1.41914017604e-06, 7.58694454817e-07, 1.68214387486e-06, 4.75297247249e-06, 4.95627546115e-07, 1.65018107623e-07, 4.28838831112e-07, 1.6490427015e-06, 8.04003320809e-07, 3.27875994799e-07, 7.8039863638e-07, 2.88213982458e-07, 2.3368134805e-07, 1.3880269023e-07, 1.82022546369e-07, 2.36635187889e-07, 2.25496151529e-07, 2.50527392609e-07, 6.47152020861e-08, 8.93206397734e-09, 3.03797769163e-08, 1.25919159544e-08, 8.21904588832e-09, 3.32824479088e-09, 3.27427085445e-09, 3.22620086202e-09, 3.20886317517e-09, 3.19238790958e-09],
        "mean": [0.00165182945784, 0.0109675871208, 0.0230787172914, 0.0193919781595, 0.0126000763848, 0.00672777649015, 0.00213287840597, 0.000564591202419, 0.00031784849125, 0.000211152524571, 0.0001613276836, 0.000107371066406, 8.02278227638e-05, 5.36680672667e-05, 3.44189757016e-05, 3.42585371982e-05, 5.99972700002e-05, 4.11711844208e-05, 2.34560175159e-05, 2.30337755056e-05, 3.91225330532e-05, 4.36795744463e-05, 9.84848447843e-05, 9.55284267548e-05, 0.000143424040289, 0.000118492229376, 0.000142998498632, 0.000294675002806, 0.000384028884582, 0.00011428547441, 2.49748245551e-05, 1.39612284329e-05, 1.37160322993e-05, 1.51517378981e-05, 1.22218580145e-05, 7.28202667233e-06, 7.72413932282e-06, 8.30767021398e-06, 8.48232684802e-06, 9.61785190157e-06, 9.10130438569e-06, 7.58995975048e-06, 7.20031039236e-06, 9.79088144959e-06, 1.54794888658e-05, 6.61823287373e-06, 5.30508714291e-06, 4.21212371293e-06, 3.39982670994e-06, 4.09316407968e-06, 3.96955238102e-06, 2.57479769061e-06, 2.40791678152e-06, 2.22567041419e-06, 2.35884908761e-06, 5.65049049328e-06, 1.90115918031e-06, 1.29624470446e-06, 1.33368382649e-06, 1.04113371435e-06, 1.49382947257e-06, 9.01847784007e-07, 1.05467302092e-06, 2.2546200853e-06, 3.01583349938e-06, 1.2313417983e-06, 6.49735966363e-07, 6.32818341728e-07, 4.54020380403e-07, 5.31731700448e-07, 6.3987795329e-07, 5.2984779586e-07, 2.33901843671e-07, 2.2910526809e-07, 2.08105120691e-07, 2.56789547848e-07, 2.35220866784e-07, 2.98045961244e-07, 2.6360260108e-07, 2.82698380261e-07, 2.72498283493e-07, 2.63520149701e-07, 1.94141762222e-07, 1.45099917859e-07, 1.91682261175e-07, 1.91117308646e-07, 1.72915079588e-07, 1.08650681341e-07, 8.29492847743e-08, 7.21030630757e-08, 6.77632314705e-08, 1.00068632491e-07, 6.8978565082e-08, 9.27281220697e-08, 7.84188216585e-08, 4.02824618106e-08, 4.41292371534e-08, 8.43767367087e-08, 4.88796167986e-08, 4.04470306137e-08, 5.24152881098e-08, 3.05552063651e-08, 3.69387826993e-08, 8.0709419592e-08, 2.16794209251e-08, 1.20068506249e-08, 1.29886865707e-08, 2.44408262517e-08, 1.43936436103e-08, 1.13685700853e-08, 1.58990580701e-08, 7.80036568671e-09, 5.86820503301e-09, 3.74194986108e-09, 4.51307036187e-09, 3.03072478225e-09, 2.95647195614e-09, 1.68452829463e-09, 9.15863107576e-10, 1.73229347533e-10, 2.10930523048e-10, 1.34274535935e-10, 1.11762918364e-10, 1.71424732048e-11, 1.58414253937e-11, 1.53602148362e-11, 1.50387324122e-11, 1.48553617324e-11],
        "min": [3.53816108356e-12, 2.21426999999e-12, 2.84434433472e-12, 7.19714045305e-12, 2.50203972124e-11, 5.00759295141e-11, 4.81337851521e-11, 2.1324674665e-11, 4.47781698873e-12, 4.76536290896e-13, 5.22800769689e-13, 3.59407252223e-12, 3.60640206934e-12, 5.03015055824e-13, 2.15724508569e-12, 2.09819123881e-11, 7.93789547981e-11, 1.1707895764e-10, 1.43865752644e-10, 2.88937429538e-10, 3.5078362437e-10, 1.70966774071e-09, 7.78286413095e-09, 7.54081419529e-09, 6.26352614219e-09, 4.79210005011e-09, 1.87349002978e-09, 4.21893575631e-10, 1.16748111179e-10, 2.70125935509e-11, 4.95685922863e-11, 4.89968482453e-11, 2.38509038908e-11, 2.29397386503e-11, 2.1409922446e-11, 1.93917416846e-11, 2.60807920399e-11, 1.47436146625e-10, 7.83222792178e-11, 2.28610377156e-11, 1.5219398658e-11, 9.29830691609e-12, 3.41038677333e-12, 2.51569876042e-11, 3.82603289328e-11, 1.86089407772e-11, 4.35174084268e-11, 1.47711339687e-11, 1.40060706089e-11, 3.71118968889e-11, 2.21132383238e-11, 3.94409123416e-11, 6.78511691277e-11, 7.93256293985e-11, 2.57550300531e-11, 1.57518963151e-11, 4.39325763268e-11, 9.64501308681e-12, 6.29524861059e-12, 4.8239732521e-12, 2.73551147012e-12, 9.08715463988e-12, 6.16549953453e-12, 7.73130517939e-11, 1.81772791263e-10, 7.86981504269e-12, 7.71040783304e-12, 6.87819462844e-12, 1.17217433676e-12, 3.18643744203e-12, 1.7285051862e-11, 8.51530738283e-12, 5.27132287473e-12, 2.19513426533e-12, 5.231695719e-12, 1.95369172229e-11, 2.38458176816e-11, 3.88840543097e-10, 3.87132881308e-10, 1.31006845996e-11, 4.0390273591e-12, 4.49104598996e-12, 3.3225462312e-12, 4.05689978139e-12, 2.94144006027e-12, 7.61599604996e-13, 1.4097549083e-12, 8.06685068137e-13, 4.23187472478e-13, 6.57634428684e-13, 1.06757972688e-12, 8.9406720959e-13, 7.09168130036e-13, 1.21066514019e-12, 1.05381231085e-12, 3.32396436764e-13, 1.05015508008e-12, 7.91687570535e-13, 5.74465605294e-13, 6.08894662121e-13, 8.73423295494e-13, 6.28985578899e-13, 8.8146097409e-13, 7.82271003617e-13, 3.57977617818e-13, 3.89616019569e-13, 7.52502227197e-13, 3.67376729081e-13, 4.80010454128e-13, 4.84643683692e-13, 5.26024156958e-13, 3.38627915855e-13, 4.70079433278e-13, 4.81621036455e-13, 3.48315695948e-13, 4.472106008e-13, 9.88346665794e-13, 3.72074089204e-13, 3.9153798476e-13, 3.37500616647e-13, 3.15148054137e-13, 3.14965691332e-13, 3.96581666161e-13, 3.27160716053e-13, 2.18638407617e-13, 6.26656387372e-14, 9.78616466292e-15, 3.69531861055e-16],
        "stdev": [0.00439503462985, 0.0322952307761, 0.0637725293636, 0.0519461371005, 0.0374548621476, 0.0215515140444, 0.00671321433038, 0.0018685614923, 0.00108753226232, 0.000797361892182, 0.000694661168382, 0.00060484407004, 0.000481552851852, 0.000294117227895, 0.000151583182742, 0.000124412341393, 0.00020252095419, 0.000119660813652, 8.17027903395e-05, 6.62359088892e-05, 0.000114028378448, 0.000107173102151, 0.000243972681346, 0.000206166965654, 0.000312531774398, 0.000198588066269, 0.000551155419089, 0.0011358942138, 0.00142262189183, 0.0005801593652, 4.31514781667e-05, 2.09767313208e-05, 2.26641459449e-05, 2.58039963228e-05, 2.25527310249e-05, 1.25030701383e-05, 1.25169708554e-05, 1.4356115571e-05, 1.60735889949e-05, 1.66042373166e-05, 1.37735414683e-05, 1.30761554828e-05, 1.58658931468e-05, 2.33552036661e-05, 4.19979332946e-05, 1.35849086291e-05, 9.31348495214e-06, 6.4919227043e-06, 5.01770682604e-06, 6.80086077409e-06, 5.5141554185e-06, 3.86334249924e-06, 4.47346110377e-06, 3.76798811885e-06, 3.43062561114e-06, 1.39977983054e-05, 2.76253945231e-06, 2.37003609982e-06, 3.05307708004e-06, 1.8656935481e-06, 3.36082030117e-06, 1.77732692919e-06, 2.95691893371e-06, 7.46636987969e-06, 9.88491319731e-06, 3.68564587916e-06, 1.69383281445e-06, 2.34126059695e-06, 1.3844564819e-06, 1.23045322198e-06, 1.61932393894e-06, 1.42676094583e-06, 5.02897762544e-07, 6.78967865042e-07, 5.25506663962e-07, 9.3207199825e-07, 9.68547169578e-07, 8.92484024462e-07, 1.02851379324e-06, 1.322234084e-06, 9.26047846406e-07, 9.73217083811e-07, 7.50212791445e-07, 5.4967978258e-07, 1.32342245251e-06, 9.88061742646e-07, 1.21522225527e-06, 4.03153364914e-07, 2.78492962025e-07, 2.722835859e-07, 1.89771512282e-07, 2.85343332962e-07, 1.77776655619e-07, 2.09553050468e-07, 1.88795979739e-07, 8.58332924736e-08, 8.52397050721e-08, 1.75907217681e-07, 1.0021392427e-07, 9.22726144381e-08, 1.2180798592e-07, 6.86128984739e-08, 1.32515211249e-07, 3.68808798612e-07, 4.50338895064e-08, 2.25857199609e-08, 3.28774270031e-08, 1.11721028873e-07, 4.85261573147e-08, 3.31311156287e-08, 5.16763520864e-08, 2.20099050097e-08, 1.47019401098e-08, 8.48480752325e-09, 1.31953452609e-08, 1.17791989496e-08, 1.19880425586e-08, 1.18292344808e-08, 5.00807795234e-09, 7.12677084014e-10, 1.43912415318e-09, 6.79307388118e-10, 6.54261034239e-10, 1.44564041293e-10, 1.42108477763e-10, 1.40059686071e-10, 1.39282044231e-10, 1.3854832559e-10]
    },
    "mfcc": {
        "mean": [-767.251647949, 155.473175049, -13.2965517044, 13.3647909164, 10.2326173782, 10.7653961182, 12.5577669144, 20.6216983795, 19.652048111, 15.7340908051, 8.02486228943, 2.40247011185, -4.21130371094],
        "cov": [[7201.43310547, 162.781555176, 1209.95922852, -123.497207642, 224.215026855, 481.39855957, 548.641418457, 311.566864014, 129.155303955, 366.157501221, 140.652786255, -383.111602783, -151.592224121], [162.781555176, 850.272521973, 200.150283813, 433.963439941, 532.184692383, 299.660827637, 116.002655029, 200.936416626, 28.9296207428, 16.2149581909, -41.1827697754, 42.9732437134, 72.856262207], [1209.95922852, 200.150283813, 714.713928223, 123.879440308, 316.7784729, 421.788879395, 310.374084473, 169.471847534, 162.377243042, 181.789794922, 117.154464722, -3.25779485703, -23.4072189331], [-123.497207642, 433.963439941, 123.879440308, 429.720153809, 318.203613281, 229.237548828, 46.3645896912, 109.740875244, 4.47935628891, -31.3179149628, -57.3407783508, 24.2339668274, 41.9095954895], [224.215026855, 532.184692383, 316.7784729, 318.203613281, 538.894592285, 417.507598877, 224.321563721, 243.139907837, 136.901947021, 118.15826416, 41.5619735718, 87.7794036865, 77.8076858521], [481.39855957, 299.660827637, 421.788879395, 229.237548828, 417.507598877, 533.342529297, 295.447265625, 247.516845703, 200.233657837, 177.536575317, 89.3860168457, 70.4889297485, 50.5914459229], [548.641418457, 116.002655029, 310.374084473, 46.3645896912, 224.321563721, 295.447265625, 283.394683838, 171.257827759, 170.713470459, 163.557403564, 103.126144409, 23.0241222382, 16.7665901184], [311.566864014, 200.936416626, 169.471847534, 109.740875244, 243.139907837, 247.516845703, 171.257827759, 197.240371704, 126.380119324, 116.315818787, 53.6636352539, 47.4685325623, 44.6219024658], [129.155303955, 28.9296207428, 162.377243042, 4.47935628891, 136.901947021, 200.233657837, 170.713470459, 126.380119324, 190.610015869, 133.416503906, 100.460990906, 66.8259429932, 29.4130935669], [366.157501221, 16.2149581909, 181.789794922, -31.3179149628, 118.15826416, 177.536575317, 163.557403564, 116.315818787, 133.416503906, 173.200637817, 102.082344055, 42.8311195374, 18.7655906677], [140.652786255, -41.1827697754, 117.154464722, -57.3407783508, 41.5619735718, 89.3860168457, 103.126144409, 53.6636352539, 100.460990906, 102.082344055, 133.549316406, 41.9088363647, 7.50876331329], [-383.111602783, 42.9732437134, -3.25779485703, 24.2339668274, 87.7794036865, 70.4889297485, 23.0241222382, 47.4685325623, 66.8259429932, 42.8311195374, 41.9088363647, 132.924667358, 56.6130981445], [-151.592224121, 72.856262207, -23.4072189331, 41.9095954895, 77.8076858521, 50.5914459229, 16.7665901184, 44.6219024658, 29.4130935669, 18.7655906677, 7.50876331329, 56.6130981445, 77.5867538452]],
        "icov": [[0.000305430759909, -0.000129723077407, -0.000568132963963, 0.00024554101401, 0.00028318745899, 0.000100048469903, 7.80164264143e-05, -0.000708965817466, 0.000329219503328, -0.000392195535824, 9.65665385593e-05, 0.000893768563401, -0.000235258950852], [-0.000129723077407, 0.0050618480891, 0.00019014692225, -0.00189647008665, -0.00569349667057, 0.00205147871748, 0.000362561782822, -0.000924899301026, 0.000832864665426, 0.000535161525477, -5.62964378332e-05, 0.000739632174373, -7.87347526057e-05], [-0.000568132963963, 0.00019014692225, 0.00502142263576, -0.000447878963314, -0.00151941739023, -0.00243410025723, -0.00257365033031, 0.00367933441885, 0.00036735687172, -0.000295709585771, -0.00123922340572, -0.00094180641463, 0.00275868154131], [0.00024554101401, -0.00189647008665, -0.000447878963314, 0.00749031547457, -0.00144074647687, -0.00296620768495, 0.00184272555634, -0.000963335216511, 0.000161433912581, 0.00337019190192, 0.00115539203398, 0.00100895168725, -0.00011006675777], [0.00028318745899, -0.00569349667057, -0.00151941739023, -0.00144074647687, 0.0156523436308, -0.00414682039991, -0.00205501215532, -0.00426832260564, 0.00152710452676, -0.00077320728451, 0.000418218114646, -0.00317882793024, -0.0019873927813], [0.000100048469903, 0.00205147871748, -0.00243410025723, -0.00296620768495, -0.00414682039991, 0.0110339848325, -0.00271408609115, -0.00296388892457, -0.00195076607633, -0.00143577321433, 0.00124272343237, -0.000222272297833, -0.000479418376926], [7.80164264143e-05, 0.000362561782822, -0.00257365033031, 0.00184272555634, -0.00205501215532, -0.00271408609115, 0.0187387391925, -0.00466181430966, -0.00611674040556, -0.00310953333974, -0.0018754665507, 0.00579356215894, -0.00047254373203], [-0.000708965817466, -0.000924899301026, 0.00367933441885, -0.000963335216511, -0.00426832260564, -0.00296388892457, -0.00466181430966, 0.0237082280219, -0.00486441515386, -0.00515129696578, 0.00204030936584, -0.000376151001547, -0.002133886097], [0.000329219503328, 0.000832864665426, 0.00036735687172, 0.000161433912581, 0.00152710452676, -0.00195076607633, -0.00611674040556, -0.00486441515386, 0.0201245378703, -0.00308087398298, -0.00421777553856, -0.00457007996738, 0.00060364685487], [-0.000392195535824, 0.000535161525477, -0.000295709585771, 0.00337019190192, -0.00077320728451, -0.00143577321433, -0.00310953333974, -0.00515129696578, -0.00308087398298, 0.0224042329937, -0.00623319065198, -0.0019582004752, -5.10374302394e-05], [9.65665385593e-05, -5.62964378332e-05, -0.00123922340572, 0.00115539203398, 0.000418218114646, 0.00124272343237, -0.0018754665507, 0.00204030936584, -0.00421777553856, -0.00623319065198, 0.0174577478319, -0.00303108827211, 0.000874414108694], [0.000893768563401, 0.000739632174373, -0.00094180641463, 0.00100895168725, -0.00317882793024, -0.000222272297833, 0.00579356215894, -0.000376151001547, -0.00457007996738, -0.0019582004752, -0.00303108827211, 0.018494931981, -0.00847603939474], [-0.000235258950852, -7.87347526057e-05, 0.00275868154131, -0.00011006675777, -0.0019873927813, -0.000479418376926, -0.00047254373203, -0.002133886097, 0.00060364685487, -5.10374302394e-05, 0.000874414108694, -0.00847603939474, 0.0229134522378]]
    },
    "spectral_contrast_coeffs": {
        "max": [-0.431002408266, -0.565578699112, -0.527783274651, -0.730656087399, -0.652341842651, -0.689765572548],
        "mean": [-0.696958303452, -0.799992144108, -0.796276509762, -0.850129127502, -0.814247071743, -0.801125645638],
        "min": [-0.882222354412, -0.946257770061, -0.902848958969, -0.907370328903, -0.889162778854, -0.949466764927],
        "stdev": [0.103081710637, 0.0775242000818, 0.0641445443034, 0.0287011004984, 0.0450280755758, 0.0281343478709]
    },
    "spectral_contrast_valleys": {
        "max": [-5.0192065239, -5.23817920685, -6.08526515961, -6.44450521469, -7.03691864014, -9.72418117523],
        "mean": [-7.75701332092, -7.53018379211, -7.76150560379, -8.14564800262, -8.88189411163, -11.770359993],
        "min": [-15.7634105682, -12.7280979156, -13.3832960129, -13.7103242874, -13.8286495209, -16.356338501],
        "stdev": [1.34472179413, 0.819043278694, 0.798297464848, 0.766802430153, 0.762887239456, 0.987081170082]
    }
},
"rhythm": {
    "beats_count": 23,
    "beats_loudness": {
        "max": 0.741436898708,
        "mean": 0.103342950344,
        "min": 0.000232326405239,
        "stdev": 0.177867382765
    },
    "bpm": 110.163497925,
    "bpm_histogram_first_peak_bpm": 110,
    "bpm_histogram_first_peak_weight": 0.538461565971,
    "bpm_histogram_second_peak_bpm": 126,
    "bpm_histogram_second_peak_spread": 0.199999988079,
    "bpm_histogram_second_peak_weight": 0.181818187237,
    "danceability": 0.991348326206,
    "onset_rate": 2.42958807945,
    "beats_loudness_band_ratio": {
        "max": [0.999401450157, 0.235504046082, 0.816658377647, 0.822591602802, 0.14542388916, 0.0406000241637],
        "mean": [0.58408498764, 0.0483576059341, 0.269625902176, 0.114250764251, 0.0311258789152, 0.00757602369413],
        "min": [0.0278602447361, 0.000173077685758, 0.000147939397721, 0.000242670328589, 0.000115296621516, 2.39796299866e-05],
        "stdev": [0.420157164335, 0.0783798322082, 0.31432646513, 0.192559972405, 0.0415432937443, 0.0106565039605]
    },
    "beats_position": [0.53405892849, 1.09133780003, 1.64861679077, 2.19428563118, 2.75156450272, 3.29723358154, 3.84290242195, 4.38857126236, 4.91102027893, 5.4334692955, 5.9675283432, 6.5015873909, 7.04725599289, 7.59292507172, 8.15020370483, 8.70748329163, 9.2067117691, 9.70594120026, 10.1819496155, 10.6579589844, 11.1339683533, 11.6099767685, 12.0975961685],
