{
"metadata": {
    "version": {
        "essentia": "2.1-beta5",
        "essentia_git_sha": "Undefined",
        "extractor": "music 2.0"
    },
    "audio_properties": {
        "analysis": {
            "equal_loudness": 0,
            "length": 32.4963264465,
            "sample_rate": 44100,
            "start_time": 12.7477550507,
            "downmix": "mix"
        },
        "bit_rate": 192000,
        "length": 198.066223145,
        "lossless": 0,
        "number_channels": 2,
        "replay_gain": 7.85204124451,
        "sample_rate": 48000,
        "codec": "mp3",
        "md5_encoded": "8dc2c4d85fcf90acd8ceae1d121ea0a4"
    },
    "tags": {
        "file_name": "Slovenia_No One_Maja Keuc.mp3",
        "encoding": ["Lavf58.29.100"]
    }
},
"lowlevel": {
    "average_loudness": 0.951923668385,
    "barkbands_crest": {
        "max": 23.2906761169,
        "mean": 10.6740074158,
        "min": 3.81214380264,
        "stdev": 3.90744400024
    },
    "barkbands_flatness_db": {
        "max": 0.403321802616,
        "mean": 0.211898460984,
        "min": 0.0812237784266,
        "stdev": 0.0755565240979
    },
    "barkbands_kurtosis": {
        "max": 62.2032394409,
        "mean": 6.01415157318,
        "min": -1.96922898293,
        "stdev": 8.98931884766
    },
    "barkbands_skewness": {
        "max": 6.26180648804,
        "mean": 1.52184164524,
        "min": -1.01648390293,
        "stdev": 1.30948209763
    },
    "barkbands_spread": {
        "max": 123.025566101,
        "mean": 18.8619155884,
        "min": 1.04070556164,
        "stdev": 19.6450252533
    },
    "dissonance": {
        "max": 0.499767929316,
        "mean": 0.43666985631,
        "min": 0.203888967633,
        "stdev": 0.0467820316553
    },
    "dynamic_complexity": 3.25650238991,
    "erbbands_crest": {
        "max": 31.7379493713,
        "mean": 12.0999011993,
        "min": 3.3423268795,
        "stdev": 5.5434885025
    },
    "erbbands_flatness_db": {
        "max": 0.383446633816,
        "mean": 0.196617335081,
        "min": 0.0718118473887,
        "stdev": 0.0510860495269
    },
    "erbbands_kurtosis": {
        "max": 75.5340881348,
        "mean": 3.58396267891,
        "min": -1.82330405712,
        "stdev": 7.91092824936
    },
    "erbbands_skewness": {
        "max": 7.64904546738,
        "mean": 0.638835251331,
        "min": -4.9220457077,
        "stdev": 1.49444901943
    },
    "erbbands_spread": {
        "max": 151.384506226,
        "mean": 27.8667221069,
        "min": 2.39661574364,
        "stdev": 20.2249736786
    },
    "hfc": {
        "max": 220.607635498,
        "mean": 14.3379821777,
        "min": 0.382485121489,
        "stdev": 22.5573272705
    },
    "loudness_ebu128": {
        "integrated": -33.3659248352,
        "loudness_range": 4.15730476379,
        "momentary": {
            "max": -27.4041004181,
            "mean": -34.1679954529,
            "min": -41.4955215454,
            "stdev": 2.68727755547
        },
        "short_term": {
            "max": -30.6551322937,
            "mean": -33.7015609741,
            "min": -36.4950561523,
            "stdev": 1.39361190796
        }
    },
    "melbands_crest": {
        "max": 37.1310539246,
        "mean": 19.763053894,
        "min": 4.63877439499,
        "stdev": 6.61785554886
    },
    "melbands_flatness_db": {
        "max": 0.532156527042,
        "mean": 0.29330047965,
        "min": 0.0965377092361,
        "stdev": 0.0964983999729
    },
    "melbands_kurtosis": {
        "max": 158.513381958,
        "mean": 14.318860054,
        "min": -1.69455265999,
        "stdev": 20.4509944916
    },
    "melbands_skewness": {
        "max": 10.054397583,
        "mean": 2.39851522446,
        "min": -0.467523664236,
        "stdev": 1.71616661549
    },
    "melbands_spread": {
        "max": 208.340957642,
        "mean": 20.9576225281,
        "min": 0.907141268253,
        "stdev": 24.3234062195
    },
    "pitch_salience": {
        "max": 0.832157313824,
        "mean": 0.459824979305,
        "min": 0.131191432476,
        "stdev": 0.0974618420005
    },
    "silence_rate_20dB": {
        "max": 1,
        "mean": 1,
        "min": 1,
        "stdev": 0
    },
    "silence_rate_30dB": {
        "max": 1,
        "mean": 0.998572468758,
        "min": 0,
        "stdev": 0.0377559736371
    },
    "silence_rate_60dB": {
        "max": 1,
        "mean": 0.000713775865734,
        "min": 0,
        "stdev": 0.0267075523734
    },
    "spectral_centroid": {
        "max": 5868.30664062,
        "mean": 1034.20861816,
        "min": 198.263214111,
        "stdev": 863.223876953
    },
    "spectral_complexity": {
        "max": 32,
        "mean": 10.2355461121,
        "min": 1,
        "stdev": 5.19912195206
    },
    "spectral_decrease": {
        "max": -3.1667307665e-10,
        "mean": -5.17373832665e-09,
        "min": -2.67872231063e-08,
        "stdev": 2.88859713926e-09
    },
    "spectral_energy": {
        "max": 0.113100923598,
        "mean": 0.020827382803,
        "min": 0.00134248868562,
        "stdev": 0.0120990760624
    },
    "spectral_energyband_high": {
        "max": 0.0286553129554,
        "mean": 0.000540384789929,
        "min": 1.19170991297e-07,
        "stdev": 0.00217616697773
    },
    "spectral_energyband_low": {
        "max": 0.0311613865197,
        "mean": 0.00867881346494,
        "min": 0.00015439670824,
        "stdev": 0.00432473281398
    },
    "spectral_energyband_middle_high": {
        "max": 0.087599940598,
        "mean": 0.0042847036384,
        "min": 1.19572277981e-05,
        "stdev": 0.00800671242177
    },
    "spectral_energyband_middle_low": {
        "max": 0.0495338626206,
        "mean": 0.00727222627029,
        "min": 0.00020312757988,
        "stdev": 0.00665477151051
    },
    "spectral_entropy": {
        "max": 8.70394325256,
        "mean": 6.9611158371,
        "min": 5.15309143066,
        "stdev": 0.650565505028
    },
    "spectral_flux": {
        "max": 0.321129500866,
        "mean": 0.0571056157351,
        "min": 0.0153752891347,
        "stdev": 0.0321567840874
    },
    "spectral_kurtosis": {
        "max": 104.98349762,
        "mean": 10.6810512543,
        "min": -1.51565909386,
        "stdev": 12.5259542465
    },
    "spectral_rms": {
        "max": 0.0105043975636,
        "mean": 0.00434586638585,
        "min": 0.00114444096107,
        "stdev": 0.00119702040683
    },
    "spectral_rolloff": {
        "max": 9819.140625,
        "mean": 1061.69128418,
        "min": 43.06640625,
        "stdev": 1547.7713623
    },
    "spectral_skewness": {
        "max": 7.69994974136,
        "mean": 2.30737638474,
        "min": -0.418920427561,
        "stdev": 1.12645840645
    },
    "spectral_spread": {
        "max": 16536856,
        "mean": 4124076.25,
        "min": 682665.5625,
        "stdev": 2090698.875
    },
    "spectral_strongpeak": {
        "max": 10.2002286911,
        "mean": 0.685074269772,
        "min": 0,
        "stdev": 1.34946131706
    },
    "zerocrossingrate": {
        "max": 0.29736328125,
        "mean": 0.0388401411474,
        "min": 0.00146484375,
        "stdev": 0.0388055481017
    },
    "barkbands": {
        "max": [0.01031669043, 0.026046037674, 0.00507077388465, 0.00718451756984, 0.0481834635139, 0.0195700172335, 0.0159241296351, 0.00498115830123, 0.0374826639891, 0.0431320108473, 0.0505377985537, 0.0151187386364, 0.00903046224266, 0.024183133617, 0.0271914172918, 0.0168966129422, 0.0105469468981, 0.00541692273691, 0.0112082101405, 0.00687486864626, 0.00233080959879, 0.0064278813079, 0.0105047300458, 0.0124416369945, 0.004801095929, 0.000913009629585, 2.29423167184e-05],
        "mean": [0.00283499574289, 0.00563821941614, 0.000441507436335, 0.000271782948403, 0.0030221354682, 0.0018510047812, 0.000701215933077, 0.000343611172866, 0.000746358709875, 0.000703267578501, 0.000686637940817, 0.000588451686781, 0.000240362147451, 0.0003926026111, 0.00045268482063, 0.000366858672351, 0.000418226787588, 0.000178721937118, 0.000274528196314, 0.000174363638507, 4.8045454605e-05, 7.52077976358e-05, 0.000128270490677, 0.000189293015865, 5.19719142176e-05, 6.92179264661e-06, 1.41939651144e-07],
        "min": [9.74309295998e-06, 8.95332559594e-05, 4.33658806287e-06, 7.93444030478e-07, 1.08975964395e-05, 7.47022249925e-06, 1.91459866983e-06, 2.08858637052e-06, 4.26582028012e-06, 1.13879741548e-06, 7.82928964327e-07, 1.9566753906e-07, 4.02915020459e-07, 3.69652667587e-07, 3.13835840871e-07, 1.69792514271e-07, 2.49525385243e-07, 1.52403075049e-07, 8.84428672521e-08, 4.29135518232e-08, 1.97600886764e-08, 1.33275852576e-08, 1.04360164954e-08, 7.91931320521e-09, 6.45619646633e-09, 4.12192990851e-09, 8.86691053914e-10],
        "stdev": [0.00180924264714, 0.00391013268381, 0.00058753072517, 0.000513970153406, 0.00557846855372, 0.00236263195984, 0.00146451336332, 0.000526876712684, 0.00232145003974, 0.00235478463583, 0.00284964987077, 0.00147602229845, 0.000817746040411, 0.00160837674048, 0.00164674781263, 0.00136744964402, 0.00141617807094, 0.000569201016333, 0.000914751493838, 0.000670175533742, 0.000156451977091, 0.000395402050344, 0.000680986617226, 0.000987409963273, 0.000286493479507, 4.16686125391e-05, 8.68164136136e-07]
    },
    "erbbands": {
        "max": [1.05687403679, 4.61455869675, 5.27775526047, 9.62247943878, 101.743156433, 263.341125488, 252.406433105, 181.608779907, 287.682556152, 89.7119293213, 141.789810181, 621.654052734, 1235.48217773, 2332.64208984, 1374.5612793, 771.337585449, 320.540588379, 885.45892334, 490.208343506, 1700.09008789, 1122.41760254, 727.128234863, 307.210174561, 799.434753418, 367.543243408, 148.149139404, 53.5972671509, 121.106338501, 278.477630615, 349.448852539, 341.065490723, 363.554534912, 199.881759644, 82.2053909302, 22.9094467163, 6.45668172836, 1.44941067696, 0.140139266849, 0.00490026734769, 0.000336096796673],
        "mean": [0.311639904976, 0.702662050724, 0.555457949638, 0.863033175468, 3.58335351944, 11.9807491302, 15.4879016876, 14.5418844223, 14.9735012054, 5.46471643448, 9.25116443634, 16.2949104309, 24.9775810242, 18.4542102814, 29.899356842, 25.0168437958, 11.2679681778, 22.5451221466, 14.2509298325, 31.4732913971, 20.0051727295, 23.5312976837, 11.2922525406, 13.4651060104, 14.4039764404, 6.04991006851, 2.46322822571, 1.80406343937, 2.28951716423, 3.72417259216, 3.66230177879, 4.22766017914, 2.71208524704, 0.930171489716, 0.213574901223, 0.0478861629963, 0.010458224453, 0.00124086206779, 4.60591654701e-05, 2.72018442047e-05],
        "min": [0.00333758466877, 0.017452487722, 0.0182358715683, 0.0286304112524, 0.00936775375158, 0.0365525260568, 0.2364667207, 0.0918316245079, 0.0965360403061, 0.0500068590045, 0.0705998688936, 0.126636087894, 0.0597878694534, 0.0381255932152, 0.0408012829721, 0.0220448859036, 0.0346495732665, 0.0370261259377, 0.0224469993263, 0.0229078121483, 0.0113016813993, 0.0137799791992, 0.00762831326574, 0.00490521080792, 0.00360363628715, 0.0025330260396, 0.00130906270351, 0.000730138679501, 0.000493788451422, 0.000437277747551, 0.000261183537077, 0.000181457711733, 0.000115427668788, 7.27843143977e-05, 4.39955911133e-05, 2.27644177357e-05, 8.56340284372e-06, 1.43160696098e-06, 1.74289539245e-06, 3.65042183148e-06],
        "stdev": [0.155329287052, 0.900463044643, 0.676622927189, 1.04129707813, 8.02839565277, 27.6832523346, 24.7480735779, 19.6340656281, 28.5934696198, 9.19313049316, 15.0022201538, 44.8319854736, 75.5222244263, 115.962364197, 101.07359314, 65.715171814, 27.7598114014, 79.5339736938, 39.96900177, 120.293128967, 64.9420547485, 87.4412994385, 36.5490989685, 54.1207809448, 41.0542449951, 17.3134059906, 6.12508583069, 7.23349285126, 12.7782735825, 19.8380393982, 19.9207057953, 23.5107097626, 13.5729255676, 5.20809841156, 1.09995853901, 0.283941477537, 0.0687414482236, 0.00628606136888, 0.000213018938666, 2.33045120694e-05]
    },
    "gfcc": {
        "mean": [-67.3948059082, 125.859031677, -97.1032409668, 27.1034564972, -52.0604095459, 19.7811164856, -38.2762260437, 13.2450857162, -13.8555088043, 0.365269690752, 2.91576862335, 2.67059373856, 5.47108125687],
        "cov": [[5689.37792969, -2640.99145508, -1534.42773438, 673.906799316, -449.825836182, 576.705078125, -495.89276123, 666.765258789, -130.758621216, 331.945007324, 82.6600341797, -2.98503422737, -58.5639610291], [-2640.99145508, 2237.63964844, 159.179626465, -860.223022461, 498.577575684, -406.380401611, 374.507781982, -332.154449463, 107.487380981, -221.297988892, 54.1951942444, -67.0558319092, 78.3900527954], [-1534.42773438, 159.179626465, 1209.44555664, 97.3247528076, -288.86517334, -31.8273296356, 0.894673645496, -248.376296997, -17.6009216309, -113.423538208, -164.456314087, 52.4362831116, -48.6558799744], [673.906799316, -860.223022461, 97.3247528076, 719.477661133, -194.623657227, 6.30993795395, -128.144790649, 53.1277694702, -14.4387750626, 53.0248603821, -17.0715713501, -27.6146717072, -22.1185569763], [-449.825836182, 498.577575684, -288.86517334, -194.623657227, 423.836639404, -136.722595215, 78.2181930542, 30.4064617157, 27.1988048553, -7.67546129227, 56.217010498, -26.8924026489, 25.8047428131], [576.705078125, -406.380401611, -31.8273296356, 6.30993795395, -136.722595215, 340.74130249, -2.62898421288, -12.7386646271, -22.1996707916, 46.8015365601, -49.5327224731, -2.460719347, -33.9116172791], [-495.89276123, 374.507781982, 0.894673645496, -128.144790649, 78.2181930542, -2.62898421288, 244.724685669, -78.4175109863, 37.1124076843, -30.5232276917, -32.9740219116, -17.6668930054, -9.26983833313], [666.765258789, -332.154449463, -248.376296997, 53.1277694702, 30.4064617157, -12.7386646271, -78.4175109863, 257.953582764, -18.328868866, 29.4668674469, 27.1066246033, 10.4713230133, 16.3631820679], [-130.758621216, 107.487380981, -17.6009216309, -14.4387750626, 27.1988048553, -22.1996707916, 37.1124076843, -18.328868866, 110.141654968, 16.2747631073, -7.83534669876, 1.93349289894, 8.46736431122], [331.945007324, -221.297988892, -113.423538208, 53.0248603821, -7.67546129227, 46.8015365601, -30.5232276917, 29.4668674469, 16.2747631073, 122.833457947, 28.0212669373, -4.60464096069, -18.4117851257], [82.6600341797, 54.1951942444, -164.456314087, -17.0715713501, 56.217010498, -49.5327224731, -32.9740219116, 27.1066246033, -7.83534669876, 28.0212669373, 153.0418396, -15.4218206406, 20.3268470764], [-2.98503422737, -67.0558319092, 52.4362831116, -27.6146717072, -26.8924026489, -2.460719347, -17.6668930054, 10.4713230133, 1.93349289894, -4.60464096069, -15.4218206406, 111.278038025, -10.1868648529], [-58.5639610291, 78.3900527954, -48.6558799744, -22.1185569763, 25.8047428131, -33.9116172791, -9.26983833313, 16.3631820679, 8.46736431122, -18.4117851257, 20.3268470764, -10.1868648529, 72.2663650513]],
        "icov": [[0.00154845323414, 0.000945633801166, 0.00220967642963, 0.000153417218826, 0.00165896560065, -0.000438454502728, 0.00116763135884, -0.000733286899049, 0.000190545368241, 0.000239299915847, 0.000705826736521, 0.000466918834718, 0.00118739751633], [0.000945633801166, 0.0068775205873, 0.000602987594903, 0.00569086056203, -0.00161083892453, 0.00500598782673, -0.00242445990443, 0.00477801077068, -0.00258850934915, 0.00491833826527, -0.00136597792152, 0.00419976934791, -0.000482164236018], [0.00220967642963, 0.000602987594903, 0.00489622401074, -0.000477057939861, 0.00363805191591, -0.000521885929629, 0.0024033265654, -0.000270239863312, 0.000788979465142, 0.000633636722341, 0.0024422344286, -0.000150887499331, 0.00247344234958], [0.000153417218826, 0.00569086056203, -0.000477057939861, 0.00686571653932, -0.00129102787469, 0.00514913164079, -0.00201041600667, 0.0042430520989, -0.00245820335113, 0.00356026482768, -0.00115821033251, 0.00443243142217, -0.00046424678294], [0.00165896560065, -0.00161083892453, 0.00363805191591, -0.00129102787469, 0.00702433800325, -0.000901016581338, 0.00181034463458, -0.0029060554225, 0.00116455624811, -0.00175714003853, 0.00154268881306, -0.000415810209233, 0.00202857074328], [-0.000438454502728, 0.00500598782673, -0.000521885929629, 0.00514913164079, -0.000901016581338, 0.008908781223, -0.00308924284764, 0.00514591066167, -0.00126522616483, 0.00227889697999, 5.0201346312e-05, 0.00362020009197, -0.000395032577217], [0.00116763135884, -0.00242445990443, 0.0024033265654, -0.00201041600667, 0.00181034463458, -0.00308924284764, 0.00831711757928, -0.00159910717048, -0.000149726882228, -0.000889770861249, 0.00271058897488, -0.000618304300588, 0.00285306223668], [-0.000733286899049, 0.00477801077068, -0.000270239863312, 0.0042430520989, -0.0029060554225, 0.00514591066167, -0.00159910717048, 0.0105342408642, -0.00142514856998, 0.00356377987191, -0.000815288280137, 0.00206372723915, -0.00220315926708], [0.000190545368241, -0.00258850934915, 0.000788979465142, -0.00245820335113, 0.00116455624811, -0.00126522616483, -0.000149726882228, -0.00142514856998, 0.0119663244113, -0.0049623278901, 0.00226124632172, -0.00241985358298, -0.0016084817471], [0.000239299915847, 0.00491833826527, 0.000633636722341, 0.00356026482768, -0.00175714003853, 0.00227889697999, -0.000889770861249, 0.00356377987191, -0.0049623278901, 0.0153560657054, -0.00337750161998, 0.00323712872341, 0.0030510048382], [0.000705826736521, -0.00136597792152, 0.0024422344286, -0.00115821033251, 0.00154268881306, 5.0201346312e-05, 0.00271058897488, -0.000815288280137, 0.00226124632172, -0.00337750161998, 0.0101101379842, -0.00019874231657, -0.000648670422379], [0.000466918834718, 0.00419976934791, -0.000150887499331, 0.00443243142217, -0.000415810209233, 0.00362020009197, -0.000618304300588, 0.00206372723915, -0.00241985358298, 0.00323712872341, -0.00019874231657, 0.012657975778, 0.00132695038337], [0.00118739751633, -0.000482164236018, 0.00247344234958, -0.00046424678294, 0.00202857074328, -0.000395032577217, 0.00285306223668, -0.00220315926708, -0.0016084817471, 0.0030510048382, -0.000648670422379, 0.00132695038337, 0.018136607483]]
    },
    "melbands": {
        "max": [0.00854206457734, 0.0029548658058, 0.00386250345036, 0.00959140527993, 0.00958992354572, 0.00358024379238, 0.00367993256077, 0.00110510003287, 0.00178606412373, 0.00528101623058, 0.00603804504499, 0.00919021107256, 0.00496507342905, 0.00154858874157, 0.00198185257614, 0.000897217250895, 0.00209244573489, 0.00118923606351, 0.00225266860798, 0.00154911039863, 0.00140092032962, 0.000970217399299, 0.000231788682868, 0.000291287549771, 0.000836205086671, 0.000334034353727, 0.000379917910323, 5.48347743461e-05, 3.50118498318e-05, 5.19742607139e-05, 8.09555567685e-05, 0.000151183936396, 0.000173163411091, 0.000212866347283, 0.00019406019419, 0.00022789707873, 0.000205467033084, 0.000140695323353, 0.000108664797153, 6.09121452726e-05],
        "mean": [0.00231170747429, 0.0004725434992, 0.000213721650653, 0.000532261736225, 0.000588602735661, 0.000347201857949, 0.000199173329747, 5.47682138858e-05, 8.09028570075e-05, 0.000110184439109, 0.000125203092466, 7.09674641257e-05, 8.87575297384e-05, 7.17497896403e-05, 4.644677756e-05, 2.49457862083e-05, 4.52271051472e-05, 2.05341802939e-05, 3.57191383955e-05, 3.86501997127e-05, 2.07054381463e-05, 3.04000332108e-05, 7.87569570093e-06, 9.64472110354e-06, 1.13473006422e-05, 9.16134467843e-06, 9.97581264528e-06, 2.68248913926e-06, 1.61123580256e-06, 1.09893699118e-06, 1.04308855953e-06, 1.15141176593e-06, 1.71006615801e-06, 2.16875287151e-06, 2.00578074327e-06, 2.37028734773e-06, 2.69572797151e-06, 2.06168238037e-06, 1.33651406031e-06, 5.90964987168e-07],
        "min": [3.00922256429e-05, 1.58088387252e-05, 4.59168813904e-06, 1.11441795525e-06, 3.79180937671e-06, 1.48022297708e-06, 9.38873995437e-07, 2.97827938311e-07, 4.85221391955e-07, 7.22243100881e-07, 2.15277921711e-07, 1.57548996071e-07, 1.25140971363e-07, 2.67644395535e-08, 5.86535868763e-08, 5.15734619455e-08, 5.0099654203e-08, 3.00151725696e-08, 2.93190254297e-08, 1.32370043815e-08, 1.03327710832e-08, 1.53947343762e-08, 7.53245110729e-09, 5.80707304465e-09, 3.31261995612e-09, 2.96366242658e-09, 1.70859948412e-09, 1.33937427815e-09, 7.36603666951e-10, 4.45296743923e-10, 3.36124565681e-11, 2.3061311194e-10, 1.99692526404e-10, 1.85854720502e-10, 1.4157382211e-10, 1.17500079111e-10, 9.89628309855e-11, 6.98614638361e-11, 4.13860994086e-11, 4.60001307878e-11],
        "stdev": [0.00120619905647, 0.000568313582335, 0.000327743560774, 0.00113079149742, 0.000938384619076, 0.000436259695562, 0.000371008150978, 9.74319482339e-05, 0.000146120844875, 0.00034505527583, 0.000383597187465, 0.000453726941487, 0.000337560020853, 0.000172961837961, 0.00014109404583, 8.90148148756e-05, 0.000174710934516, 7.08569787093e-05, 0.000133838795591, 0.00013334673713, 7.88910911069e-05, 0.000114321279398, 2.37305521296e-05, 3.41707491316e-05, 5.39133579878e-05, 2.77524086414e-05, 3.73942348233e-05, 6.96200868333e-06, 4.01845818487e-06, 3.58234910891e-06, 4.647356036e-06, 6.46635135126e-06, 9.53293238126e-06, 1.16569854072e-05, 1.10665678221e-05, 1.36977769216e-05, 1.50696178025e-05, 1.01549258034e-05, 7.46364003135e-06, 3.40106862495e-06]
    },
    "melbands128": {
        "max": [0.00742866238579, 0.00955591537058, 0.0114588988945, 0.00639830948785, 0.00334673002362, 0.00302908848971, 0.00196724594571, 0.0053174495697, 0.0110989464447, 0.0162516869605, 0.0204652734101, 0.0213642120361, 0.0122331129387, 0.00602409057319, 0.00590026751161, 0.00630532531068, 0.00768159236759, 0.00357191590592, 0.00195098109543, 0.00148174946662, 0.00184270204045, 0.0014788757544, 0.00200205901638, 0.00476581696421, 0.00462209479883, 0.0116917323321, 0.0101843383163, 0.0112669663504, 0.00808337610215, 0.011327878572, 0.0194473061711, 0.00910064857453, 0.00899661425501, 0.00657485192642, 0.00280465441756, 0.00232157320715, 0.00451184203848, 0.00402953429148, 0.00126165279653, 0.000879866769537, 0.00167896714993, 0.00276373908855, 0.00227827881463, 0.00620607472956, 0.0029431602452, 0.00109680148307, 0.00180893216748, 0.00263945199549, 0.00635973317549, 0.00497551821172, 0.00267865345813, 0.00204712245613, 0.00314523559064, 0.0026504737325, 0.00180665263906, 0.00219906191342, 0.000890726281796, 0.000275306287222, 0.000526254705619, 0.000537983491085, 0.00060672609834, 0.000445013836725, 0.000954708259087, 0.00143816939089, 0.000387580599636, 0.00074161455268, 0.00076478056144, 0.000688654079568, 0.000489661702886, 0.000178550748387, 0.000112375841127, 0.000113757421786, 6.40611615381e-05, 4.89375415782e-05, 5.20115754625e-05, 6.50756046525e-05, 7.18967421562e-05, 7.82162678661e-05, 0.000109828579298, 8.12592697912e-05, 9.81168850558e-05, 0.000254984071944, 0.000231428493862, 0.000256849336438, 0.000225013573072, 0.000318511854857, 0.000199017042178, 0.000145246682223, 0.000247249234235, 0.000177894093213, 0.000292700045975, 0.000294487312203, 0.000379691366106, 0.000223551192903, 0.000247443123953, 0.00016409168893, 0.000134822766995, 0.000222188231419, 0.000186623437912, 9.35448697419e-05, 0.000105033388536, 5.81217500439e-05, 3.14134304062e-05, 1.40566153277e-05, 3.43908432114e-05, 3.06276597257e-05, 3.22140404023e-05, 1.27038247228e-05, 7.79190031608e-06, 5.35399840373e-06, 9.38469474931e-06, 8.66176196723e-06, 6.42024633635e-06, 2.47831690103e-06, 1.50922676312e-06, 1.73513285517e-06, 6.71554460041e-07, 5.8906344691e-08, 1.25513807347e-07, 5.5652545683e-08, 8.73837890936e-08, 5.9259331664e-08, 3.04317282485e-08, 2.0763886166e-09, 2.04583927577e-09, 2.00935201811e-09, 1.9837280707e-09, 1.97163685378e-09],
        "mean": [0.00247691618279, 0.00321454345249, 0.00208432134241, 0.000903837848455, 0.000306519417791, 0.000235104933381, 0.00015732520842, 0.000143812547321, 0.000387367006624, 0.000431869993918, 0.000729617197067, 0.000811501173303, 0.00054134579841, 0.000355581199983, 0.000275408092421, 0.000381216930691, 0.000409706408391, 0.000104939412267, 3.1718678656e-05, 6.1274098698e-05, 6.29920396022e-05, 4.66354722448e-05, 0.000102399790194, 9.26113134483e-05, 6.87339852448e-05, 0.000160149604199, 0.000106339954073, 0.000154851382831, 0.000104657141492, 5.00104033563e-05, 8.63001550897e-05, 5.41588196938e-05, 5.95013152633e-05, 0.000170361876371, 4.82209834445e-05, 4.73287946079e-05, 9.15600103326e-05, 5.69480325794e-05, 1.16915734907e-05, 9.95021673589e-06, 3.68663859263e-05, 3.31666706188e-05, 4.02677651437e-05, 6.97724972269e-05, 1.37183878905e-05, 1.10448272608e-05, 2.35045263253e-05, 2.56389666902e-05, 4.65919438284e-05, 5.73560864723e-05, 3.50527152477e-05, 2.59965963778e-05, 1.3109172869e-05, 1.92057468666e-05, 3.51297676389e-05, 4.43405951955e-05, 1.3671277884e-05, 2.66784991254e-06, 8.7107937361e-06, 1.0605940588e-05, 1.36509470394e-05, 2.94321125693e-06, 1.27641824292e-05, 1.52078209794e-05, 6.10403822066e-06, 7.21551850802e-06, 1.26914046632e-05, 1.33177891257e-05, 9.6349785963e-06, 3.68862060895e-06, 2.27058512792e-06, 2.8940617085e-06, 1.72280829247e-06, 1.39359246987e-06, 1.27868247546e-06, 1.36907056003e-06, 7.95041103174e-07, 9.08095501018e-07, 1.17756746931e-06, 1.03929130546e-06, 1.08124015696e-06, 1.20889444588e-06, 1.33515345624e-06, 1.58898956215e-06, 2.17680394599e-06, 2.35761854128e-06, 2.13639191315e-06, 1.90859100258e-06, 2.06990466722e-06, 1.85132000752e-06, 2.3317504656e-06, 2.33072933042e-06, 2.8611207199e-06, 2.61987088379e-06, 2.85684473056e-06, 2.30015234592e-06, 1.79863604899e-06, 1.80570236807e-06, 1.52644531681e-06, 9.67982487055e-07, 8.34008176298e-07, 5.093148161e-07, 3.45545970504e-07, 2.51925769135e-07, 2.17584343432e-07, 1.99914850896e-07, 1.32734342628e-07, 8.78457058207e-08, 6.79243186141e-08, 5.28364623165e-08, 5.28522541288e-08, 4.33495159768e-08, 2.74199134509e-08, 1.78976033993e-08, 1.82347612565e-08, 1.61789728281e-08, 4.92457408185e-09, 1.38010644579e-10, 2.70532873881e-10, 1.4579093488e-10, 2.27499755145e-10, 1.34756872328e-10, 5.68871789952e-11, 1.23255060672e-11, 1.00078287671e-11, 7.4288778254e-12, 6.04037262916e-12, 5.81855440565e-12],
        "min": [5.14008524988e-06, 3.04896311718e-05, 3.10875329887e-05, 1.45244794112e-05, 2.08674055102e-06, 1.48237586473e-06, 4.98707549923e-07, 2.59014996118e-07, 5.6564431361e-07, 2.19549036728e-07, 1.08844892566e-06, 2.76242053587e-06, 1.39533972288e-06, 7.21954847904e-07, 7.50909805447e-07, 2.90169907657e-07, 8.47330227316e-07, 1.35200679097e-07, 5.76923930851e-08, 7.4995533339e-08, 1.91238115121e-07, 1.90453974369e-07, 1.1654197607e-07, 1.19957945799e-07, 2.61793360323e-07, 9.78136682761e-08, 1.28939248611e-07, 3.2607179179e-08, 9.21504152984e-08, 8.12154468122e-08, 7.91827119428e-08, 5.54192460811e-08, 2.84738117529e-08, 3.10053458463e-08, 2.44668569849e-08, 9.69349223112e-09, 1.55524588763e-08, 4.08098692617e-08, 1.39721301196e-08, 2.87947603539e-08, 6.24558005313e-09, 2.79380447665e-08, 1.02247730283e-08, 1.22147518766e-08, 1.48065160133e-08, 1.52622536831e-08, 1.04732702511e-08, 8.40071034958e-09, 9.96832483224e-09, 1.07520481407e-08, 6.58345156168e-09, 6.27500806871e-09, 5.75090641775e-09, 6.09186301403e-09, 6.50886100573e-09, 4.86011186851e-09, 2.21968576852e-09, 2.60769317251e-09, 3.5710019386e-09, 2.33760499846e-09, 3.44239281524e-09, 1.92631754992e-09, 1.54051693624e-09, 1.77645653743e-09, 1.19503740237e-09, 2.17599427366e-09, 1.11939735259e-09, 8.13055012205e-10, 8.50449266565e-10, 5.89050641597e-10, 7.55288553922e-10, 6.55528187288e-10, 5.58947776952e-10, 3.46476153323e-10, 3.9734263102e-10, 2.67624727934e-10, 2.4774723939e-10, 8.81023899668e-12, 1.02024083626e-11, 7.61062567134e-12, 6.66191320858e-12, 3.67360586395e-11, 1.05590765298e-10, 1.11983235185e-10, 1.46192308259e-10, 1.42335920827e-10, 1.14917061977e-10, 7.56673612656e-11, 7.51103138019e-11, 5.73655949132e-11, 7.03864883045e-11, 5.59300626646e-11, 5.55319540352e-11, 4.37997207947e-11, 5.74368677619e-11, 5.29524271653e-11, 3.8027029442e-11, 2.9900540377e-11, 1.00804148015e-11, 2.3122588913e-11, 3.15779798143e-11, 2.13053429066e-11, 3.48634524028e-11, 1.18676717759e-11, 5.47200132428e-12, 1.24991475503e-11, 5.41056002085e-12, 5.1538300537e-12, 3.00167724877e-12, 3.01557997323e-12, 3.46071023401e-12, 2.5671196939e-12, 3.13937591201e-12, 3.9098390324e-12, 3.1738873682e-12, 2.93013378318e-12, 2.95225714535e-12, 2.63827306356e-12, 2.45089322101e-12, 2.84308449179e-12, 1.99000711743e-12, 2.5826502395e-12, 2.36023722268e-12, 2.51882737758e-12, 1.97673648283e-12, 8.49152562502e-13, 7.1513792338e-14, 2.60132055497e-15],
        "stdev": [0.00153208442498, 0.00161637959536, 0.00199908902869, 0.0012933179969, 0.000431085529272, 0.00030830517062, 0.000204807714908, 0.000350619666278, 0.000932952680159, 0.00133803859353, 0.00202627386898, 0.00171476253308, 0.00108457449824, 0.000655119074509, 0.00055286573479, 0.000647636537906, 0.000821861554869, 0.000317172816722, 0.000103205420601, 0.000145762605825, 0.000137297276524, 9.97133392957e-05, 0.000208174678846, 0.000260322063696, 0.000209521589568, 0.000704815844074, 0.00055771676125, 0.000619220430963, 0.000364619656466, 0.000368048786186, 0.00090971053578, 0.000417344243033, 0.000449703162303, 0.000602421408985, 0.000195676781004, 0.000165352583281, 0.000330769747961, 0.000247615244007, 5.66923590668e-05, 4.70226295874e-05, 0.000155045607244, 0.000181781506399, 0.000179444061359, 0.000370265188394, 0.000111260262202, 5.64210677112e-05, 0.000107592699351, 0.00012802623678, 0.000290062249405, 0.000305882102111, 0.000158746828674, 0.000130809101393, 0.000117192073958, 0.000109410029836, 0.000158106733579, 0.000229550234508, 7.23512494005e-05, 1.17464378491e-05, 3.88572407246e-05, 4.16584625782e-05, 6.86084313202e-05, 1.75196710188e-05, 6.56306292512e-05, 9.17476936593e-05, 2.75548663922e-05, 3.57586177415e-05, 5.46149130969e-05, 6.12530129729e-05, 4.7071112931e-05, 1.30056350827e-05, 6.96737652106e-06, 1.21314487842e-05, 5.83660403208e-06, 4.44968100055e-06, 4.60421051685e-06, 4.92444314659e-06, 3.47205605067e-06, 4.01702618547e-06, 5.90829677094e-06, 5.0086759984e-06, 5.11524285685e-06, 9.09392838366e-06, 8.90704723133e-06, 1.01560217445e-05, 1.21293314805e-05, 1.3854352801e-05, 1.19622009151e-05, 1.04895143522e-05, 1.20613904073e-05, 1.02114354377e-05, 1.40769525387e-05, 1.39366738949e-05, 1.84257714864e-05, 1.55114412337e-05, 1.67159141711e-05, 1.1726194316e-05, 8.81172491063e-06, 1.00782244772e-05, 9.31349040911e-06, 5.69575922782e-06, 5.79447714699e-06, 2.83328699879e-06, 1.71874194166e-06, 1.10288419819e-06, 1.24008738567e-06, 1.37578990689e-06, 1.04610057861e-06, 5.65703032862e-07, 3.6668822645e-07, 2.59784059153e-07, 3.88848292232e-07, 3.41119431368e-07, 2.18977845634e-07, 1.09022664674e-07, 8.59411244392e-08, 7.46683852526e-08, 2.49885161452e-08, 2.09135464502e-09, 4.4721630843e-09, 1.74571190836e-09, 3.46686479524e-09, 2.17418305581e-09, 9.31992261144e-10, 8.10273445562e-11, 7.70486591195e-11, 7.5829467705e-11, 7.4946937545e-11, 7.4503313241e-11]
    },
    "mfcc": {
        "mean": [-717.351623535, 155.040557861, 19.0710964203, 15.6152095795, 17.747379303, 1.26104211807, 3.77356886864, 7.06991577148, -3.67022061348, 9.58093166351, -6.22304296494, 1.26429522038, 5.18084859848],
        "cov": [[6975.01220703, -3375.97705078, -988.809448242, -273.887329102, 225.492004395, -363.990661621, 106.839836121, -89.1307296753, -7.71736812592, 392.607910156, -106.209541321, 73.1100769043, 204.593170166], [-3375.97705078, 3044.67675781, -406.363708496, -236.651992798, -139.044998169, 12.2762985229, 23.6941413879, 52.8728523254, 48.1008033752, -207.649200439, 28.8016796112, 1.52624177933, -13.3599290848], [-988.809448242, -406.363708496, 1294.64331055, 104.208641052, -173.189178467, 232.052001953, -157.143890381, 23.9152565002, -65.3680038452, -89.1926422119, 7.51045417786, -91.2679367065, -133.616149902], [-273.887329102, -236.651992798, 104.208641052, 491.562042236, 42.5647850037, -58.8574905396, -30.3814678192, -15.0067605972, -19.2049407959, -12.2542171478, 22.8021297455, 0.505791425705, -44.3900184631], [225.492004395, -139.044998169, -173.189178467, 42.5647850037, 252.1484375, -132.871307373, 26.7385177612, -37.9839515686, -33.2209358215, 36.9951057434, -26.3793354034, 17.2900257111, 11.9504394531], [-363.990661621, 12.2762985229, 232.052001953, -58.8574905396, -132.871307373, 352.281097412, -39.3847618103, -6.54263734818, 38.0563659668, -28.372592926, 42.9987182617, -43.4440727234, -38.0527000427], [106.839836121, 23.6941413879, -157.143890381, -30.3814678192, 26.7385177612, -39.3847618103, 154.85307312, -8.86736297607, -12.3738965988, 37.7849197388, -3.55372524261, 5.68572664261, -11.5807065964], [-89.1307296753, 52.8728523254, 23.9152565002, -15.0067605972, -37.9839515686, -6.54263734818, -8.86736297607, 131.364181519, 36.6466331482, -42.0472793579, -25.2961978912, 15.4539299011, 14.9641199112], [-7.71736812592, 48.1008033752, -65.3680038452, -19.2049407959, -33.2209358215, 38.0563659668, -12.3738965988, 36.6466331482, 143.199157715, 6.03566074371, -3.46325397491, -3.29568314552, -0.923425614834], [392.607910156, -207.649200439, -89.1926422119, -12.2542171478, 36.9951057434, -28.372592926, 37.7849197388, -42.0472793579, 6.03566074371, 138.561828613, -3.09888458252, -18.8514556885, -0.566564381123], [-106.209541321, 28.8016796112, 7.51045417786, 22.8021297455, -26.3793354034, 42.9987182617, -3.55372524261, -25.2961978912, -3.46325397491, -3.09888458252, 106.724060059, 3.02538084984, -15.399684906], [73.1100769043, 1.52624177933, -91.2679367065, 0.505791425705, 17.2900257111, -43.4440727234, 5.68572664261, 15.4539299011, -3.29568314552, -18.8514556885, 3.02538084984, 91.0328140259, 31.5610961914], [204.593170166, -13.3599290848, -133.616149902, -44.3900184631, 11.9504394531, -38.0527000427, -11.5807065964, 14.9641199112, -0.923425614834, -0.566564381123, -15.399684906, 31.5610961914, 99.011428833]],
        "icov": [[0.00122677581385, 0.00169888336677, 0.0015666707186, 0.00129132077564, 0.00121141574346, 0.000967831758317, 0.000868929200806, 0.000311301875627, 0.000429800216807, -1.77502006409e-05, 0.000475017877761, 0.000463304488221, 0.000597879872657], [0.00169888336677, 0.00280769029632, 0.00244115572423, 0.00200667837635, 0.00197202526033, 0.00145950878505, 0.00124319561291, 0.000502870243508, 0.000588274851907, 0.000847040733788, 0.000592192460317, 0.000922976178117, 0.00126289727632], [0.0015666707186, 0.00244115572423, 0.00356235494837, 0.00161560217384, 0.00228904839605, 0.000784601317719, 0.00243301107548, -3.37453311658e-05, 0.00169311580248, 0.000666112056933, 0.00105687882751, 0.00127976667136, 0.0027147969231], [0.00129132077564, 0.00200667837635, 0.00161560217384, 0.00380948372185, 0.00105878442992, 0.00168933579698, 0.00148908945266, 0.000454442721093, 0.000448152015451, 0.000562389555853, -0.000142414151924, 0.000417342555011, 0.00196977308951], [0.00121141574346, 0.00197202526033, 0.00228904839605, 0.00105878442992, 0.0071095447056, 0.00253528985195, 0.00117262604181, 0.00175209692679, 0.00127749121748, -5.80679807172e-05, 0.00172996381298, 0.000219740046305, 0.0015258656349], [0.000967831758317, 0.00145950878505, 0.000784601317719, 0.00168933579698, 0.00253528985195, 0.00520705292001, 0.000912465678994, 0.0012264738325, -0.000899583334103, 0.000844815629534, -0.000901841325685, 0.00154123234097, 0.000994709320366], [0.000868929200806, 0.00124319561291, 0.00243301107548, 0.00148908945266, 0.00117262604181, 0.000912465678994, 0.00935895461589, -0.000613328476902, 0.00204986031167, -0.00185669050552, 0.000713336630724, -0.000247748685069, 0.00391810573637], [0.000311301875627, 0.000502870243508, -3.37453311658e-05, 0.000454442721093, 0.00175209692679, 0.0012264738325, -0.000613328476902, 0.0107385953888, -0.00293142348528, 0.00314645748585, 0.00239521311596, -0.000949913694058, -0.00118603138253], [0.000429800216807, 0.000588274851907, 0.00169311580248, 0.000448152015451, 0.00127749121748, -0.000899583334103, 0.00204986031167, -0.00293142348528, 0.00920427497476, -0.001508833142, 0.000626392022241, 0.000373466988094, 0.00191550492309], [-1.77502006409e-05, 0.000847040733788, 0.000666112056933, 0.000562389555853, -5.80679807172e-05, 0.000844815629534, -0.00185669050552, 0.00314645748585, -0.001508833142, 0.0111245475709, 0.000122065961477, 0.00287334155291, 9.3675320386e-05], [0.000475017877761, 0.000592192460317, 0.00105687882751, -0.000142414151924, 0.00172996381298, -0.000901841325685, 0.000713336630724, 0.00239521311596, 0.000626392022241, 0.000122065961477, 0.011360630393, -0.00152475561481, 0.00188633368816], [0.000463304488221, 0.000922976178117, 0.00127976667136, 0.000417342555011, 0.000219740046305, 0.00154123234097, -0.000247748685069, -0.000949913694058, 0.000373466988094, 0.00287334155291, -0.00152475561481, 0.0144718578085, -0.00306856259704], [0.000597879872657, 0.00126289727632, 0.0027147969231, 0.00196977308951, 0.0015258656349, 0.000994709320366, 0.00391810573637, -0.00118603138253, 0.00191550492309, 9.3675320386e-05, 0.00188633368816, -0.00306856259704, 0.0157071370631]]
    },
    "spectral_contrast_coeffs": {
        "max": [-0.450587719679, -0.496761113405, -0.477773696184, -0.531344890594, -0.528363645077, -0.665217399597],
        "mean": [-0.740191161633, -0.733092665672, -0.741277575493, -0.779773890972, -0.779582738876, -0.81185656786],
        "min": [-0.907729148865, -0.909583568573, -0.904796361923, -0.915655493736, -0.899333357811, -0.888735353947],
        "stdev": [0.0905053094029, 0.0765107497573, 0.0852304622531, 0.079448595643, 0.0779692679644, 0.0369154773653]
    },
    "spectral_contrast_valleys": {
        "max": [-5.72611713409, -5.73160600662, -6.22889184952, -6.632771492, -6.17100334167, -7.43348073959],
        "mean": [-6.6992764473, -7.21443271637, -8.0231552124, -8.55268192291, -8.85278606415, -11.0719394684],
        "min": [-7.91327762604, -8.55191612244, -10.0484313965, -10.1604671478, -10.9057826996, -14.1517534256],
        "stdev": [0.35654515028, 0.491865724325, 0.560325741768, 0.671321213245, 0.873628437519, 1.30498802662]
    }
},
"rhythm": {
    "beats_count": 57,
    "beats_loudness": {
        "max": 0.111920379102,
        "mean": 0.0240436941385,
        "min": 0.00708282506093,
        "stdev": 0.0164661239833
    },
    "bpm": 117.796607971,
    "bpm_histogram_first_peak_bpm": 117,
    "bpm_histogram_first_peak_weight": 0.47058826685,
    "bpm_histogram_second_peak_bpm": 88,
    "bpm_histogram_second_peak_spread": 0.181818246841,
    "bpm_histogram_second_peak_weight": 0.160714283586,
    "danceability": 1.04053807259,
    "onset_rate": 2.55322241783,
    "beats_loudness_band_ratio": {
        "max": [0.93770802021, 0.798528552055, 0.654118657112, 0.554274976254, 0.441941291094, 0.590438723564],
        "mean": [0.498068720102, 0.22770743072, 0.103508926928, 0.105922147632, 0.0466417819262, 0.0609842836857],
        "min": [0.0876355990767, 0.0134474579245, 0.00680478522554, 0.000940848432947, 9.64434148045e-05, 2.99022995023e-05],
        "stdev": [0.229712218046, 0.208932682872, 0.109392784536, 0.135175436735, 0.0857648774981, 0.135470360518]
    },
    "beats_position": [0.49922901392, 0.99845802784, 1.49768710136, 1.99691605568, 2.50775504112, 3.01859402657, 3.52943301201, 4.04027223587, 4.55111122131, 5.06195020676, 5.5727891922, 6.13006782532, 6.68734693527, 7.24462556839, 7.75546455383, 8.26630401611, 8.76553249359, 9.33442115784, 9.90331077576, 10.47219944, 11.0294780731, 11.5751476288, 12.1788663864, 12.7709751129, 13.3746938705, 13.9784126282, 14.5821313858, 15.2439002991, 15.9172782898, 16.602268219, 17.2872562408, 17.9606342316, 18.6456241608, 19.3422222137, 20.0272102356, 20.7121982574, 21.3971881866, 22.0821762085, 22.6278457642, 23.1851234436, 23.7424030304, 24.2184123993, 24.6944217682, 25.158821106, 25.6348285675, 26.1340579987, 26.6216773987, 27.1557369232, 27.6897945404, 28.2122440338, 28.7579135895, 29.3035831451, 29.8492507935, 30.3949203491, 30.9289798737, 31.4514274597, 31.9738769531],
