{
"metadata": {
    "version": {
        "essentia": "2.1-beta5",
        "essentia_git_sha": "Undefined",
        "extractor": "music 2.0"
    },
    "audio_properties": {
        "analysis": {
            "equal_loudness": 0,
            "length": 25.2168712616,
            "sample_rate": 44100,
            "start_time": 175.240997314,
            "downmix": "mix"
        },
        "bit_rate": 192000,
        "length": 200.481109619,
        "lossless": 0,
        "number_channels": 2,
        "replay_gain": -4.86958503723,
        "sample_rate": 48000,
        "codec": "mp3",
        "md5_encoded": "28f0756c7f0ea685f090876d9f803035"
    },
    "tags": {
        "file_name": "United KingdomUK_I Can_Blue.mp3",
        "encoding": ["Lavf58.29.100"]
    }
},
"lowlevel": {
    "average_loudness": 0.911702036858,
    "barkbands_crest": {
        "max": 24.7735004425,
        "mean": 10.0976390839,
        "min": 2.12098789215,
        "stdev": 4.60852098465
    },
    "barkbands_flatness_db": {
        "max": 0.278997629881,
        "mean": 0.124715782702,
        "min": 0.0132554285228,
        "stdev": 0.0698999464512
    },
    "barkbands_kurtosis": {
        "max": 46.4181175232,
        "mean": 3.05077409744,
        "min": -1.75331139565,
        "stdev": 5.16669988632
    },
    "barkbands_skewness": {
        "max": 6.68167161942,
        "mean": 1.34165477753,
        "min": -1.04179799557,
        "stdev": 1.07494914532
    },
    "barkbands_spread": {
        "max": 90.5248336792,
        "mean": 24.7810344696,
        "min": 2.46021056175,
        "stdev": 18.6908168793
    },
    "dissonance": {
        "max": 0.500000119209,
        "mean": 0.478292942047,
        "min": 0.364343732595,
        "stdev": 0.0200001429766
    },
    "dynamic_complexity": 2.58168578148,
    "erbbands_crest": {
        "max": 29.0821609497,
        "mean": 10.0162830353,
        "min": 2.1439666748,
        "stdev": 5.28164720535
    },
    "erbbands_flatness_db": {
        "max": 0.3449832201,
        "mean": 0.178459763527,
        "min": 0.0495289340615,
        "stdev": 0.0824759081006
    },
    "erbbands_kurtosis": {
        "max": 16.2922077179,
        "mean": 1.50396096706,
        "min": -1.58163189888,
        "stdev": 2.33665108681
    },
    "erbbands_skewness": {
        "max": 3.73689079285,
        "mean": 0.731226444244,
        "min": -1.5831707716,
        "stdev": 0.8215700984
    },
    "erbbands_spread": {
        "max": 112.691848755,
        "mean": 29.8947181702,
        "min": 5.50320672989,
        "stdev": 19.3464622498
    },
    "hfc": {
        "max": 125.820022583,
        "mean": 29.5875015259,
        "min": 0.0115727223456,
        "stdev": 20.7154922485
    },
    "loudness_ebu128": {
        "integrated": -16.6597614288,
        "loudness_range": 5.08807945251,
        "momentary": {
            "max": -12.5031814575,
            "mean": -17.4423732758,
            "min": -31.3828735352,
            "stdev": 2.7302172184
        },
        "short_term": {
            "max": -13.2250032425,
            "mean": -16.9826564789,
            "min": -19.2473125458,
            "stdev": 1.63024425507
        }
    },
    "melbands_crest": {
        "max": 30.8047580719,
        "mean": 13.8154573441,
        "min": 3.79682469368,
        "stdev": 5.61842489243
    },
    "melbands_flatness_db": {
        "max": 0.321881473064,
        "mean": 0.162907555699,
        "min": 0.0259572956711,
        "stdev": 0.0580690279603
    },
    "melbands_kurtosis": {
        "max": 233.165588379,
        "mean": 9.91594696045,
        "min": -1.47416484356,
        "stdev": 16.5626831055
    },
    "melbands_skewness": {
        "max": 13.8713035583,
        "mean": 2.21910905838,
        "min": -0.805182039738,
        "stdev": 1.5641733408
    },
    "melbands_spread": {
        "max": 154.559204102,
        "mean": 28.1424655914,
        "min": 2.59444308281,
        "stdev": 22.1925582886
    },
    "pitch_salience": {
        "max": 0.889622926712,
        "mean": 0.612267613411,
        "min": 0.174726054072,
        "stdev": 0.132648900151
    },
    "silence_rate_20dB": {
        "max": 1,
        "mean": 1,
        "min": 1,
        "stdev": 0
    },
    "silence_rate_30dB": {
        "max": 1,
        "mean": 0.988960444927,
        "min": 0,
        "stdev": 0.104488559067
    },
    "silence_rate_60dB": {
        "max": 1,
        "mean": 0.0331186763942,
        "min": 0,
        "stdev": 0.178946390748
    },
    "spectral_centroid": {
        "max": 3662.64282227,
        "mean": 1643.01208496,
        "min": 362.407623291,
        "stdev": 591.507141113
    },
    "spectral_complexity": {
        "max": 54,
        "mean": 23.393743515,
        "min": 0,
        "stdev": 9.9823846817
    },
    "spectral_decrease": {
        "max": -2.97144578908e-12,
        "mean": -6.51616138825e-09,
        "min": -3.63749741439e-08,
        "stdev": 5.72302560897e-09
    },
    "spectral_energy": {
        "max": 0.142627775669,
        "mean": 0.0272771827877,
        "min": 1.22646079035e-05,
        "stdev": 0.0228209141642
    },
    "spectral_energyband_high": {
        "max": 0.0107662007213,
        "mean": 0.00137925974559,
        "min": 1.87563017562e-07,
        "stdev": 0.00160122627858
    },
    "spectral_energyband_low": {
        "max": 0.111780762672,
        "mean": 0.00719416793436,
        "min": 8.07566069572e-10,
        "stdev": 0.0167993120849
    },
    "spectral_energyband_middle_high": {
        "max": 0.0586638897657,
        "mean": 0.0100728897378,
        "min": 4.58447948404e-06,
        "stdev": 0.00880071520805
    },
    "spectral_energyband_middle_low": {
        "max": 0.109239302576,
        "mean": 0.00954258441925,
        "min": 7.56477584218e-06,
        "stdev": 0.0109856436029
    },
    "spectral_entropy": {
        "max": 8.58123970032,
        "mean": 7.87230205536,
        "min": 6.87750339508,
        "stdev": 0.354695796967
    },
    "spectral_flux": {
        "max": 0.256677299738,
        "mean": 0.0980936214328,
        "min": 0.00547026377171,
        "stdev": 0.0453747399151
    },
    "spectral_kurtosis": {
        "max": 13.7341938019,
        "mean": 4.43171644211,
        "min": 0.443349123001,
        "stdev": 2.63672804832
    },
    "spectral_rms": {
        "max": 0.0117961456999,
        "mean": 0.00476068584248,
        "min": 0.000109386797703,
        "stdev": 0.00198688963428
    },
    "spectral_rolloff": {
        "max": 10056.0058594,
        "mean": 2031.21203613,
        "min": 86.1328125,
        "stdev": 1605.93054199
    },
    "spectral_skewness": {
        "max": 3.06692194939,
        "mean": 1.62137687206,
        "min": 0.676472485065,
        "stdev": 0.404505759478
    },
    "spectral_spread": {
        "max": 10905814,
        "mean": 5014802,
        "min": 2289924.25,
        "stdev": 1580075.375
    },
    "spectral_strongpeak": {
        "max": 10.1553211212,
        "mean": 1.40422809124,
        "min": 0.0322645716369,
        "stdev": 1.67097556591
    },
    "zerocrossingrate": {
        "max": 0.27294921875,
        "mean": 0.0833105742931,
        "min": 0.017578125,
        "stdev": 0.0407677404583
    },
    "barkbands": {
        "max": [0.00455892179161, 0.104898884892, 0.0244785342366, 0.0303041860461, 0.0485460571945, 0.0337532311678, 0.0335882976651, 0.0867394208908, 0.0349219478667, 0.0258883591741, 0.0270180627704, 0.0102430284023, 0.00961358845234, 0.025298550725, 0.0183294769377, 0.00449758768082, 0.00373259955086, 0.0028203134425, 0.00326633057557, 0.00400381349027, 0.00198759441264, 0.00302320579067, 0.00357867218554, 0.00190781441052, 0.00177377217915, 0.000692707486451, 0.00022418340086],
        "mean": [0.000286959140794, 0.00559008214623, 0.000862557208166, 0.000923691026401, 0.0016852831468, 0.000951336522121, 0.000894014548976, 0.00186632375699, 0.00233727158047, 0.00272682635114, 0.00180347729474, 0.000971821427811, 0.000803215312771, 0.00123751279898, 0.00141654571053, 0.00037583039375, 0.000388100219425, 0.000329113565385, 0.000300601852359, 0.000328746828018, 0.000234156221268, 0.000243975242483, 0.00022621449898, 0.000209820515011, 0.000166247176821, 9.40580284805e-05, 2.33902374021e-05],
        "min": [2.10169139037e-11, 1.82234616286e-10, 6.91729104552e-11, 4.27738983122e-10, 5.79754200203e-09, 9.26379328803e-08, 1.6485179799e-07, 1.98958105102e-06, 4.81532288177e-06, 2.27381769946e-06, 4.60628712062e-07, 8.22766139663e-07, 6.38357732896e-07, 9.89608750501e-08, 1.0515164206e-07, 2.94294778769e-07, 4.06503275485e-08, 1.03473269064e-07, 1.98087999337e-08, 9.29404251337e-08, 4.08084517289e-08, 3.43474404474e-08, 3.55176403843e-08, 1.20935368386e-08, 5.96588600743e-09, 3.25163496129e-09, 2.36055330838e-09],
        "stdev": [0.00053821929032, 0.0148865412921, 0.00249276100658, 0.00292873918079, 0.00419496651739, 0.00255724880844, 0.0027237276081, 0.00548894749954, 0.00343778938986, 0.00389810977504, 0.00310885440558, 0.0012513611, 0.00114797230344, 0.00231125042774, 0.00286474009044, 0.000450203282526, 0.000437335023889, 0.000348680187017, 0.000346833257936, 0.000436537142377, 0.000281345768599, 0.000319176237099, 0.000338492856827, 0.000286578404484, 0.000248010735959, 0.000118885829579, 3.35744844051e-05]
    },
    "erbbands": {
        "max": [3.65752387047, 21.3561935425, 21.1700172424, 73.6798782349, 123.672897339, 296.860015869, 347.138641357, 325.685638428, 592.594299316, 905.709716797, 2434.07641602, 714.849182129, 937.965515137, 1060.08154297, 715.303771973, 491.666107178, 411.272094727, 805.43347168, 1250.07336426, 525.351989746, 257.704315186, 235.832244873, 177.523620605, 139.378646851, 173.896743774, 205.163299561, 94.484375, 81.5572967529, 116.632240295, 110.203025818, 109.367683411, 45.8970756531, 40.8770637512, 28.5911426544, 8.08357810974, 3.37016296387, 1.4833637476, 0.373415917158, 0.0358204841614, 0.00133887236007],
        "mean": [0.19205185771, 1.12856543064, 1.06578171253, 2.37381768227, 3.60559725761, 5.96815299988, 9.62682437897, 6.59799575806, 10.539068222, 22.7219333649, 44.5299301147, 53.5815238953, 80.3798980713, 86.611076355, 60.4608001709, 38.7315063477, 35.5540809631, 61.5232810974, 92.586517334, 34.2087211609, 20.6328659058, 21.5487556458, 19.3924751282, 14.5829639435, 15.8664560318, 15.0137605667, 11.5786848068, 8.73827648163, 9.10380172729, 7.39299678802, 6.28897285461, 4.47296714783, 3.64133858681, 2.23902630806, 0.960519433022, 0.415196239948, 0.159793481231, 0.0479429252446, 0.00383117771707, 0.000126730155898],
        "min": [8.72162964072e-09, 3.22121138652e-08, 1.42836100281e-07, 1.35988943839e-06, 5.37535333933e-06, 3.40486658388e-05, 0.000122026940517, 0.000795498955995, 0.00186642748304, 0.00902182236314, 0.0626683533192, 0.115479044616, 0.0689047127962, 0.0667873248458, 0.020785337314, 0.0278158001602, 0.0285419560969, 0.0133660305291, 0.00486422562972, 0.0105201005936, 0.0131545159966, 0.00362115236931, 0.00565081695095, 0.00155799975619, 0.00165262480732, 0.00446072500199, 0.00280459993519, 0.00128987326752, 0.00121340318583, 0.00157100742217, 0.000672831840347, 0.000367445667507, 0.000174802378751, 7.02033648849e-05, 4.08016712754e-05, 1.38354535011e-05, 6.60815658193e-06, 2.0102736471e-06, 3.49442359493e-07, 3.79367079972e-08],
        "stdev": [0.520086050034, 3.04260611534, 2.58955311775, 7.53753185272, 9.76630878448, 17.5020141602, 28.6714038849, 18.4414672852, 42.5363998413, 57.6727027893, 132.966018677, 77.5587768555, 122.474021912, 130.427658081, 90.4113922119, 48.4936752319, 45.6044197083, 88.4412841797, 182.8722229, 52.4360313416, 20.2856884003, 24.832775116, 20.4439487457, 14.9095697403, 19.4688243866, 19.753194809, 14.4940624237, 10.5218935013, 11.8343858719, 10.6067581177, 9.64090251923, 5.92623376846, 5.52965593338, 3.61262059212, 1.30585646629, 0.535710155964, 0.211639687419, 0.0648986399174, 0.00553371245041, 0.000154628010932]
    },
    "gfcc": {
        "mean": [11.1493358612, 30.2303924561, -150.686218262, -8.65231609344, -72.9873580933, 9.79620075226, -37.273639679, 7.96047639847, -25.1600437164, 1.61823654175, -20.1704940796, 0.661616683006, -11.4948825836],
        "cov": [[5657.42382812, 540.889465332, 3039.36230469, 2301.92919922, 1649.5012207, 1010.87475586, 265.887023926, 55.9256248474, 68.9197311401, 352.764068604, 183.006973267, 269.988647461, 55.6587753296], [540.889465332, 741.243591309, 546.621276855, 416.038391113, 296.279327393, 111.249099731, -9.62688922882, -58.8500900269, -3.00841546059, -28.422826767, 12.4908981323, -18.8913021088, -18.3587875366], [3039.36230469, 546.621276855, 3196.09423828, 2244.40942383, 1456.78967285, 896.606811523, 135.315551758, 107.380645752, 68.9496841431, 308.427398682, 117.375816345, 203.9659729, -4.48747968674], [2301.92919922, 416.038391113, 2244.40942383, 1764.39245605, 1101.2755127, 692.691223145, 130.901321411, 73.3203735352, 52.6612892151, 228.31628418, 88.1980133057, 136.062606812, 3.27050948143], [1649.5012207, 296.279327393, 1456.78967285, 1101.2755127, 961.435180664, 594.161682129, 218.408233643, 109.519851685, 83.4787750244, 193.56590271, 52.8363609314, 103.865203857, -2.97582745552], [1010.87475586, 111.249099731, 896.606811523, 692.691223145, 594.161682129, 470.715362549, 195.186645508, 87.8560028076, 51.4369850159, 132.460220337, 35.8068008423, 71.5223770142, 1.66888105869], [265.887023926, -9.62688922882, 135.315551758, 130.901321411, 218.408233643, 195.186645508, 223.346664429, 97.4025268555, 32.9775772095, 52.2789001465, 8.84473991394, 28.8803520203, 5.23409318924], [55.9256248474, -58.8500900269, 107.380645752, 73.3203735352, 109.519851685, 87.8560028076, 97.4025268555, 120.57244873, 58.7413978577, 60.5470466614, 23.3957118988, 29.8213481903, 2.48490810394], [68.9197311401, -3.00841546059, 68.9496841431, 52.6612892151, 83.4787750244, 51.4369850159, 32.9775772095, 58.7413978577, 114.60446167, 82.876449585, 27.4658355713, 5.21474695206, -1.31098079681], [352.764068604, -28.422826767, 308.427398682, 228.31628418, 193.56590271, 132.460220337, 52.2789001465, 60.5470466614, 82.876449585, 141.02557373, 56.2543411255, 40.3138847351, 7.87934970856], [183.006973267, 12.4908981323, 117.375816345, 88.1980133057, 52.8363609314, 35.8068008423, 8.84473991394, 23.3957118988, 27.4658355713, 56.2543411255, 72.311958313, 43.0786552429, 16.6417121887], [269.988647461, -18.8913021088, 203.9659729, 136.062606812, 103.865203857, 71.5223770142, 28.8803520203, 29.8213481903, 5.21474695206, 40.3138847351, 43.0786552429, 71.6290664673, 26.966545105], [55.6587753296, -18.3587875366, -4.48747968674, 3.27050948143, -2.97582745552, 1.66888105869, 5.23409318924, 2.48490810394, -1.31098079681, 7.87934970856, 16.6417121887, 26.966545105, 48.0694389343]],
        "icov": [[0.000462908938061, 8.73876633705e-05, -0.000127054707264, -0.000225924464758, -0.000450712046586, 0.000218015542487, -0.000383124017389, 0.000847573275678, -0.000107347346784, 5.44514914509e-05, -0.000443635624833, -0.000381217047106, -0.000181084047654], [8.73876633705e-05, 0.00252007762901, -0.000467720616143, -2.67960494966e-05, -0.00171380816028, 0.0013176931534, -0.00078448781278, 0.0018629838014, -0.00160238600802, 0.00351408659481, -0.00347915105522, 0.00277883256786, -0.000317411671858], [-0.000127054707264, -0.000467720616143, 0.00381143507548, -0.00368231837638, -0.000779146968853, -0.000572722230572, 0.00239386409521, -0.00159955432173, 0.00106958881952, -0.00130847096443, 0.00193978252355, -0.00327861728147, 0.00177987816278], [-0.000225924464758, -2.67960494966e-05, -0.00368231837638, 0.00667224312201, -0.00128991773818, -0.00142463040538, 0.00053012277931, 0.00021067992202, 0.000896408164408, 4.50066181656e-05, -0.00212160870433, 0.00354040111415, -0.0018799288664], [-0.000450712046586, -0.00171380816028, -0.000779146968853, -0.00128991773818, 0.00972577184439, -0.00570685183629, -0.00147315720096, -0.000658699369524, -0.00146601162851, -0.0027257038746, 0.00474277604371, -0.00341939879581, 0.00156013818923], [0.000218015542487, 0.0013176931534, -0.000572722230572, -0.00142463040538, -0.00570685183629, 0.0143692819402, -0.00705174217001, 0.00284458394162, -0.000169539343915, -0.000676385359839, -0.000674140756018, 0.000121581026178, 0.000334331416525], [-0.000383124017389, -0.00078448781278, 0.00239386409521, 0.00053012277931, -0.00147315720096, -0.00705174217001, 0.0145370028913, -0.00972613226622, 0.00363909173757, -0.000731678621378, 0.00179506512359, 0.000281193148112, -0.0011550799245], [0.000847573275678, 0.0018629838014, -0.00159955432173, 0.00021067992202, -0.000658699369524, 0.00284458394162, -0.00972613226622, 0.0219365675002, -0.00911736022681, 0.00138788414188, -0.00181048014201, -0.00568789057434, 0.00269347545691], [-0.000107347346784, -0.00160238600802, 0.00106958881952, 0.000896408164408, -0.00146601162851, -0.000169539343915, 0.00363909173757, -0.00911736022681, 0.0222738329321, -0.0141077162698, 0.00034604468965, 0.00644777296111, -0.00127563229762], [5.44514914509e-05, 0.00351408659481, -0.00130847096443, 4.50066181656e-05, -0.0027257038746, -0.000676385359839, -0.000731678621378, 0.00138788414188, -0.0141077162698, 0.0277939252555, -0.0147241149098, 0.0031753173098, -0.000607925583608], [-0.000443635624833, -0.00347915105522, 0.00193978252355, -0.00212160870433, 0.00474277604371, -0.000674140756018, 0.00179506512359, -0.00181048014201, 0.00034604468965, -0.0147241149098, 0.0354328267276, -0.0204762313515, 0.00136854429729], [-0.000381217047106, 0.00277883256786, -0.00327861728147, 0.00354040111415, -0.00341939879581, 0.000121581026178, 0.000281193148112, -0.00568789057434, 0.00644777296111, 0.0031753173098, -0.0204762313515, 0.0418031476438, -0.0157036855817], [-0.000181084047654, -0.000317411671858, 0.00177987816278, -0.0018799288664, 0.00156013818923, 0.000334331416525, -0.0011550799245, 0.00269347545691, -0.00127563229762, -0.000607925583608, 0.00136854429729, -0.0157036855817, 0.0296579618007]]
    },
    "melbands": {
        "max": [0.0311843454838, 0.0126613667235, 0.0116062769666, 0.0119887860492, 0.00955835357308, 0.00685597071424, 0.00798296649009, 0.0107437903062, 0.0191300809383, 0.00403960375115, 0.00454152980819, 0.00434419745579, 0.00288944551721, 0.00128667778336, 0.000887100643013, 0.00102578836959, 0.00192872958723, 0.00219636783004, 0.00119324040134, 0.000473661813885, 0.000298323167954, 0.000262169662165, 0.000285365938907, 0.000172884698259, 0.000107060179289, 0.000137935159728, 0.000152184293256, 0.000138364543091, 7.3914641689e-05, 4.61329327663e-05, 4.44442666776e-05, 6.52145245112e-05, 6.07929796388e-05, 5.96574573137e-05, 7.29835810489e-05, 5.40824876225e-05, 2.55818013102e-05, 3.03544711642e-05, 2.81312895822e-05, 2.65843154921e-05],
        "mean": [0.00167923676781, 0.000867025577463, 0.000439274357632, 0.00033478467958, 0.000327986024786, 0.000156020832947, 0.000164357203175, 0.000279693311313, 0.000364173669368, 0.000343246705597, 0.000400439545047, 0.000352566537913, 0.000221538168262, 0.000128388201119, 6.72793321428e-05, 9.18506120797e-05, 0.000113321286335, 0.000157035057782, 7.29344537831e-05, 2.88925220957e-05, 2.32742786466e-05, 2.26221582125e-05, 2.0252477043e-05, 1.47435011968e-05, 1.13088308353e-05, 1.15395669127e-05, 1.10816426968e-05, 9.94039237412e-06, 7.87870067143e-06, 5.45918737771e-06, 4.92693698106e-06, 5.31924615643e-06, 4.40735448137e-06, 3.96749737774e-06, 3.67646794075e-06, 3.15141528517e-06, 2.57966212303e-06, 2.6377267659e-06, 2.20617107516e-06, 1.78778532245e-06],
        "min": [4.40599084994e-11, 9.48021522396e-11, 3.85087628452e-10, 1.288522955e-09, 3.20867732384e-09, 2.02362393509e-08, 2.89589436875e-08, 1.24197299556e-07, 5.39355653473e-07, 7.7959225564e-07, 3.50861625975e-07, 2.94306005344e-07, 6.20390352424e-08, 7.00617377447e-08, 6.3435166453e-08, 7.763200216e-08, 1.59375783682e-08, 7.6227202328e-09, 7.72574093588e-09, 2.39741559938e-08, 1.12760281112e-08, 3.00923330698e-09, 5.02375785416e-09, 4.46997994175e-09, 8.3363360659e-10, 7.89357357256e-10, 2.20203277834e-09, 2.95769897463e-09, 1.92279614453e-09, 1.1413684442e-09, 6.91631307781e-10, 6.8030703293e-10, 6.88665957593e-10, 9.91431603481e-10, 3.35372285498e-10, 3.09146153121e-10, 1.79942297174e-10, 1.25803964468e-10, 7.61470747568e-11, 5.33709430817e-11],
        "stdev": [0.00449144933373, 0.00203204806894, 0.00124156149104, 0.000897268299013, 0.000904200889636, 0.00043826669571, 0.000592483382206, 0.00071858393494, 0.00102166435681, 0.000495804648381, 0.000625501153991, 0.000530878256541, 0.000353178969817, 0.000174181419425, 9.08466608962e-05, 0.000130998480017, 0.000194208478206, 0.00032319247839, 0.000136608970934, 4.4237527618e-05, 2.37085532717e-05, 2.75806723948e-05, 2.32520105783e-05, 1.68678288901e-05, 1.24317875816e-05, 1.38996283567e-05, 1.58274997375e-05, 1.38697860166e-05, 1.06285297079e-05, 6.73641943649e-06, 6.12077519691e-06, 6.86388784743e-06, 6.30968088444e-06, 5.82040729569e-06, 5.98411861574e-06, 4.67791142e-06, 3.34684000336e-06, 4.05955734095e-06, 3.59020896212e-06, 2.91716582979e-06]
    },
    "melbands128": {
        "max": [0.00386539869942, 0.0280786659569, 0.0527126118541, 0.0289081297815, 0.011515754275, 0.0131660606712, 0.017024571076, 0.0137720229104, 0.0146267572418, 0.0128336939961, 0.0234170649201, 0.0161378569901, 0.0159096047282, 0.0118318507448, 0.00758434087038, 0.0103514771909, 0.0149296987802, 0.0117355091497, 0.0112095233053, 0.0121023040265, 0.0175328627229, 0.0243497081101, 0.0332045592368, 0.0120694506913, 0.0053669125773, 0.00528072658926, 0.00940040592104, 0.00733622070402, 0.00805987045169, 0.00597476121038, 0.00824223645031, 0.00749024935067, 0.00541590480134, 0.0053152362816, 0.0021224799566, 0.00230600079522, 0.00228119594976, 0.00100090540946, 0.00195707404055, 0.00103347667027, 0.00220312317833, 0.00199648598209, 0.0017807346303, 0.00540038663894, 0.00382436811924, 0.00464996509254, 0.00482180668041, 0.00270071835257, 0.00167505862191, 0.00137011241168, 0.00078675505938, 0.000295675214147, 0.000610637012869, 0.0003471931268, 0.000258908461547, 0.00041228858754, 0.000528480915818, 0.000378301891033, 0.000327011162881, 0.000351510912878, 0.00032983860001, 0.000220276269829, 0.000124169862829, 0.000189713478903, 0.000279130152194, 0.000209963749512, 0.000184950680705, 0.000241821748205, 0.000228978984524, 0.000192921273992, 0.000200582959224, 0.00025409826776, 0.000190795355593, 0.000127751030959, 8.51687509567e-05, 6.47441629553e-05, 6.79927470628e-05, 7.239185652e-05, 6.8368986831e-05, 7.83406576375e-05, 6.32006995147e-05, 0.000109157132101, 0.000100199918961, 6.42178565613e-05, 0.000113107489597, 0.000103597732959, 5.47769705008e-05, 7.17882794561e-05, 0.000119600175822, 9.81899866019e-05, 6.62559250486e-05, 6.56618503854e-05, 3.12041083816e-05, 2.6084975616e-05, 3.036531416e-05, 4.66082601633e-05, 4.97915643791e-05, 4.45860896434e-05, 2.93244611385e-05, 3.90001769119e-05, 5.38600797881e-05, 4.40951080236e-05, 2.21205955313e-05, 1.66024456121e-05, 1.19178221212e-05, 9.80644108495e-06, 7.5568509601e-06, 8.22855145088e-06, 8.93692595128e-06, 5.65890468351e-06, 6.56764314044e-06, 7.30890633349e-06, 6.22061043032e-06, 5.11222424393e-06, 5.57508928978e-06, 4.87411489303e-06, 4.44824172519e-06, 2.91849119094e-06, 2.27509622164e-06, 1.36046821808e-06, 9.93544745143e-07, 1.09274935767e-06, 1.06128663901e-06, 3.90413177342e-08, 2.44729947418e-09, 2.55842391716e-09, 2.62910648807e-09, 2.65844968261e-09],
        "mean": [0.000252911617281, 0.00144557573367, 0.00259595247917, 0.00158279715106, 0.000576115038712, 0.000461088202428, 0.00049258681247, 0.000446368328994, 0.000340806524036, 0.000320847786497, 0.000333976699039, 0.000343042454915, 0.000382986763725, 0.00023579869594, 0.000140432559419, 0.000105975304905, 0.000149929110194, 0.000174660337507, 0.000179941838724, 0.000243906324613, 0.000331427232595, 0.000381736230338, 0.000401159049943, 0.000296911486657, 0.000331796123646, 0.000354485615389, 0.000375828589313, 0.000441822805442, 0.000393293536035, 0.00033409750904, 0.000381218647817, 0.000297842751024, 0.000199611851713, 0.000192224339116, 0.000125896942336, 0.000131261447677, 9.22925755731e-05, 5.71660202695e-05, 5.40983128303e-05, 7.28440936655e-05, 0.000111508081318, 9.92423883872e-05, 0.000112042260298, 0.000128890911583, 0.00010237051174, 0.000227676762734, 0.000131137974677, 7.70937040215e-05, 4.21950353484e-05, 3.24524116877e-05, 2.96780308418e-05, 2.22698963626e-05, 2.00523827516e-05, 2.65076578216e-05, 2.449349995e-05, 2.19568737521e-05, 2.08794608625e-05, 2.13488820009e-05, 2.00159101951e-05, 1.81850246008e-05, 1.51156327775e-05, 1.19416081361e-05, 1.02483627415e-05, 1.16594683277e-05, 1.21180410133e-05, 1.07607620521e-05, 1.19981395983e-05, 1.16827013699e-05, 1.14281192509e-05, 9.40409699979e-06, 9.3883027148e-06, 1.08477970571e-05, 9.54517781793e-06, 7.04198873791e-06, 6.51803793517e-06, 5.49874630451e-06, 4.99328007209e-06, 4.79681102661e-06, 4.90642605655e-06, 5.0935436775e-06, 5.20408866578e-06, 5.8361893025e-06, 4.76097648061e-06, 4.16344073528e-06, 4.08843106925e-06, 4.23946994488e-06, 3.99221562475e-06, 3.35677623298e-06, 3.8821558519e-06, 3.60228204954e-06, 3.57381395588e-06, 2.8826259495e-06, 2.65071889771e-06, 2.55987811215e-06, 2.52102381637e-06, 2.68728899755e-06, 2.69447900791e-06, 2.62851449406e-06, 1.97636654775e-06, 2.27101008932e-06, 1.97960434889e-06, 1.88715193872e-06, 1.23125437312e-06, 1.18709829167e-06, 1.0702652844e-06, 9.87560838439e-07, 7.87836427207e-07, 7.55010148623e-07, 7.4955130458e-07, 6.43675036827e-07, 5.5235165064e-07, 4.95444453463e-07, 4.61387486439e-07, 4.90726790758e-07, 5.81276708544e-07, 4.56012941186e-07, 3.49214872131e-07, 2.77218248357e-07, 1.95693118599e-07, 1.00676153636e-07, 6.30232932508e-08, 4.72554084752e-08, 2.64378297032e-08, 6.77250255876e-10, 6.15834163178e-12, 6.06065805181e-12, 6.01189584226e-12, 6.00402670289e-12],
        "min": [3.04734926529e-12, 3.57345854296e-11, 4.16328811703e-11, 2.80857542084e-11, 4.58996486652e-11, 3.16165149616e-11, 2.65951205503e-10, 1.34458416623e-10, 2.82041889843e-10, 1.21630661098e-09, 2.40856845579e-09, 8.84613327035e-10, 9.26654530886e-10, 7.81712561349e-09, 8.58156212757e-09, 2.25618386196e-08, 3.87337060204e-08, 1.22114789392e-08, 4.11151717117e-08, 5.12734104063e-08, 1.5511686513e-07, 3.15409579343e-07, 8.42927931899e-07, 4.23664431537e-07, 5.04170884597e-07, 7.48683589791e-07, 3.23369135913e-07, 1.67003122442e-07, 3.12862226792e-07, 5.28386237875e-07, 1.14903812687e-07, 8.82218813558e-08, 2.25602132531e-08, 5.1922100397e-08, 1.06922747989e-07, 1.91240960845e-08, 1.07644886782e-07, 9.28580092818e-08, 8.36527025427e-09, 5.67174396338e-08, 1.38320544352e-07, 3.26753450963e-08, 9.83084902373e-09, 6.95858526356e-09, 9.73722968922e-09, 7.82295384028e-09, 5.27697663344e-09, 3.86447052136e-09, 1.29612116595e-08, 1.03614530289e-08, 2.56597374459e-08, 2.06219628041e-08, 1.09587405817e-08, 1.47331502554e-09, 1.57020285663e-09, 4.37461000757e-09, 3.17278736617e-09, 1.53340418141e-09, 1.01022132881e-08, 3.649442748e-09, 5.78754288938e-09, 2.88615953359e-09, 4.31528229816e-10, 5.09010278371e-10, 8.08417277565e-10, 6.74691247315e-10, 8.47641512536e-10, 1.1841162495e-09, 1.99562144587e-09, 4.33481295303e-09, 4.00722344196e-09, 8.74432914966e-10, 3.26511018223e-09, 1.44571921101e-09, 1.16939957717e-09, 2.44293607565e-09, 8.88457987736e-11, 5.77930092671e-10, 7.43573924655e-10, 8.52177051147e-10, 8.34632529756e-10, 4.20487006325e-10, 8.0481221687e-10, 5.55332058116e-10, 8.40717551132e-10, 1.2136947003e-09, 9.54422429977e-10, 4.19681123187e-10, 2.78539774579e-10, 3.83924891878e-10, 3.18471693461e-10, 2.7088606358e-10, 2.87631168883e-10, 1.8607361485e-10, 1.20992910135e-10, 1.02213529307e-10, 1.41785638785e-10, 1.49068923871e-10, 4.99340846449e-11, 6.03551861267e-11, 5.90581611393e-11, 4.27160702643e-11, 4.35610054972e-11, 1.15805968981e-10, 2.37907245987e-11, 2.91691081011e-11, 3.24066710966e-11, 2.34242972241e-11, 2.10152190788e-11, 2.2373755626e-11, 2.07608843311e-11, 1.97469245816e-11, 2.43365379932e-11, 2.31848255872e-11, 1.42916520632e-11, 1.22685906573e-11, 1.64955393095e-11, 1.62354227284e-11, 1.86424213198e-13, 1.98183280225e-13, 1.78127803306e-13, 1.58294398097e-13, 1.74006832164e-13, 1.86147538356e-13, 1.25019216984e-13, 5.69887629383e-14, 6.62093891133e-15, 2.92018155516e-16],
        "stdev": [0.000482975330669, 0.00388948153704, 0.00740601401776, 0.00416573928669, 0.00138173613232, 0.00138934899587, 0.00171353609767, 0.00132584653329, 0.00105656974483, 0.00105938862544, 0.00121530587785, 0.00108659628313, 0.00129426002968, 0.000789476733189, 0.000444992212579, 0.000503722869325, 0.000905043736566, 0.000760337978136, 0.000534018676262, 0.000774632149842, 0.00112993980292, 0.00141883618198, 0.00151496939361, 0.00071652646875, 0.000594736193307, 0.000588647963013, 0.000748415419366, 0.000851675693411, 0.000841869565193, 0.000572884920985, 0.000810857978649, 0.000690431508701, 0.000433407258242, 0.000429494306445, 0.00021397547971, 0.000231479178183, 0.000154344772454, 9.90348125924e-05, 0.000114378315629, 0.000117772513477, 0.000220334084588, 0.000174994260306, 0.000213678242289, 0.000423002900789, 0.000326801993651, 0.000643431732897, 0.000347299675923, 0.000217906330363, 0.000111854424176, 7.86748350947e-05, 5.69734584133e-05, 3.19470163959e-05, 3.0572162359e-05, 3.60574413207e-05, 3.2220108551e-05, 3.68335531675e-05, 4.04076672567e-05, 3.04878940369e-05, 2.93863813567e-05, 2.70473537967e-05, 2.3423892344e-05, 1.77972360689e-05, 1.16157780212e-05, 1.71283263626e-05, 2.08399633266e-05, 1.46619850057e-05, 1.88291287486e-05, 2.06031436392e-05, 2.00822232728e-05, 1.67072812474e-05, 1.63995919138e-05, 1.82889616553e-05, 1.81593331945e-05, 1.13315945782e-05, 9.84394500847e-06, 8.43946236273e-06, 6.91744526193e-06, 7.40703217161e-06, 7.08785864845e-06, 7.54393522584e-06, 6.90881188348e-06, 8.87806345418e-06, 7.93356502982e-06, 6.20128048467e-06, 7.26385997041e-06, 7.13033068678e-06, 5.93426557316e-06, 5.58943611395e-06, 7.66910034145e-06, 6.28657517154e-06, 5.80763889957e-06, 4.7794310376e-06, 3.86090050597e-06, 3.40997075909e-06, 3.63354797628e-06, 4.28188786827e-06, 4.73335830975e-06, 4.66590972792e-06, 3.19324567499e-06, 4.2514479901e-06, 4.07108609579e-06, 3.27190537064e-06, 1.91510775949e-06, 1.88660851563e-06, 1.5383027403e-06, 1.42064982356e-06, 1.13086957754e-06, 1.05970502773e-06, 1.03727427359e-06, 8.70571852829e-07, 7.85242946222e-07, 7.12570908945e-07, 6.93240565397e-07, 7.15198154921e-07, 8.12995438082e-07, 6.32018213764e-07, 5.24868255525e-07, 4.46005799404e-07, 3.26343638335e-07, 1.72350738126e-07, 1.2156657192e-07, 1.05637056436e-07, 7.29721634229e-08, 2.68579336549e-09, 7.43142769544e-11, 7.76724032314e-11, 7.98083821252e-11, 8.06940833598e-11]
    },
    "mfcc": {
        "mean": [-626.178100586, 80.176399231, -31.2405700684, -16.2018146515, -18.6711044312, -7.40128755569, -6.85814332962, -0.548835456371, -2.31293129921, 1.05278491974, -3.2656288147, -5.60415267944, -6.57524013519],
        "cov": [[4207.26904297, 22.3767166138, 1625.46887207, 1365.89160156, 1296.11071777, 1022.19104004, 637.400756836, 254.114898682, 205.077774048, 138.731124878, 58.7755241394, 157.807098389, 311.47958374], [22.3767166138, 512.933410645, 27.3411750793, 57.3025970459, 76.4815216064, 36.0297851562, 3.05326247215, 14.5183887482, -18.9207267761, -8.31416797638, -20.6407165527, -15.9628171921, -6.93281126022], [1625.46887207, 27.3411750793, 1981.32849121, 1398.26757812, 1320.42443848, 883.107543945, 508.748626709, 202.059860229, 178.07144165, 122.943382263, 84.8248672485, 136.395233154, 279.511535645], [1365.89160156, 57.3025970459, 1398.26757812, 1152.82067871, 1034.39868164, 712.904602051, 427.922943115, 180.884277344, 167.247802734, 120.200668335, 72.5300827026, 106.464561462, 223.808029175], [1296.11071777, 76.4815216064, 1320.42443848, 1034.39868164, 1089.23901367, 735.022277832, 426.661499023, 194.279937744, 191.414276123, 136.616348267, 91.5339889526, 116.100494385, 229.987350464], [1022.19104004, 36.0297851562, 883.107543945, 712.904602051, 735.022277832, 637.369445801, 388.905029297, 183.546066284, 177.45223999, 119.126243591, 74.9707183838, 92.2251968384, 153.272842407], [637.400756836, 3.05326247215, 508.748626709, 427.922943115, 426.661499023, 388.905029297, 343.647674561, 170.703323364, 139.90977478, 67.7897567749, 54.6940345764, 76.9417800903, 96.9711456299], [254.114898682, 14.5183887482, 202.059860229, 180.884277344, 194.279937744, 183.546066284, 170.703323364, 140.649398804, 95.3427963257, 43.3379211426, 34.3017807007, 41.378326416, 44.6679916382], [205.077774048, -18.9207267761, 178.07144165, 167.247802734, 191.414276123, 177.45223999, 139.90977478, 95.3427963257, 141.99331665, 79.8834915161, 56.9556846619, 57.5293731689, 52.893951416], [138.731124878, -8.31416797638, 122.943382263, 120.200668335, 136.616348267, 119.126243591, 67.7897567749, 43.3379211426, 79.8834915161, 98.6054382324, 57.5227203369, 43.186050415, 48.7514190674], [58.7755241394, -20.6407165527, 84.8248672485, 72.5300827026, 91.5339889526, 74.9707183838, 54.6940345764, 34.3017807007, 56.9556846619, 57.5227203369, 81.0878067017, 57.9035339355, 42.7375602722], [157.807098389, -15.9628171921, 136.395233154, 106.464561462, 116.100494385, 92.2251968384, 76.9417800903, 41.378326416, 57.5293731689, 43.186050415, 57.9035339355, 88.0339126587, 61.9093856812], [311.47958374, -6.93281126022, 279.511535645, 223.808029175, 229.987350464, 153.272842407, 96.9711456299, 44.6679916382, 52.893951416, 48.7514190674, 42.7375602722, 61.9093856812, 110.164627075]],
        "icov": [[0.000443786062533, 6.74505063216e-05, 0.000152365508256, -0.000332369760145, -4.66242599941e-05, -0.000470794184366, -0.000164779674378, 0.000110181565105, 0.00033925237949, -8.9569020929e-06, 0.000556469138246, -0.000352948758518, -0.000285594025627], [6.74505063216e-05, 0.00217913975939, 0.000592207943555, -0.000317995960359, -0.000908547255676, -0.000138318282552, 0.000500308466144, -0.000888835405931, 0.00111864111386, -0.000247588352067, 0.000775033200625, -0.000521311187185, 0.000663851795252], [0.000152365508256, 0.000592207943555, 0.00449593923986, -0.00369398924522, -0.00243407883681, -0.000434460758697, 0.000331825984176, 0.000359602592653, 0.00137716520112, 0.00140465563163, 0.000354982068529, -0.00157245423179, 0.000415183982113], [-0.000332369760145, -0.000317995960359, -0.00369398924522, 0.00954042840749, -0.00349408620968, 0.000281306769466, -0.00193957425654, 0.000674142269418, 0.000109619206341, -0.00172038958408, 0.000986617524177, 0.00138711219188, -0.00120645505376], [-4.66242599941e-05, -0.000908547255676, -0.00243407883681, -0.00349408620968, 0.0113422134891, -0.00544614437968, 0.00216377433389, -0.000726808153559, -0.00209116423503, 0.00100396573544, -0.00215699058026, 0.00246679177508, -0.00435225758702], [-0.000470794184366, -0.000138318282552, -0.000434460758697, 0.000281306769466, -0.00544614437968, 0.0136834643781, -0.00779858743772, 0.00111630221363, -0.00100705900695, -0.0043945540674, 0.000658358621877, 0.00119631085545, 0.00209764484316], [-0.000164779674378, 0.000500308466144, 0.000331825984176, -0.00193957425654, 0.00216377433389, -0.00779858743772, 0.0171287320554, -0.0102417031303, -0.00224401103333, 0.00484837777913, -0.000291806471068, -0.00325886369683, -0.000119400021504], [0.000110181565105, -0.000888835405931, 0.000359602592653, 0.000674142269418, -0.000726808153559, 0.00111630221363, -0.0102417031303, 0.0223311558366, -0.00811818148941, 0.00170077348594, -0.000447196274763, 0.00142224412411, -0.000205182717764], [0.00033925237949, 0.00111864111386, 0.00137716520112, 0.000109619206341, -0.00209116423503, -0.00100705900695, -0.00224401103333, -0.00811818148941, 0.0242552012205, -0.0120998956263, 0.000663175072987, -0.00553573062643, 0.00299048866145], [-8.9569020929e-06, -0.000247588352067, 0.00140465563163, -0.00172038958408, 0.00100396573544, -0.0043945540674, 0.00484837777913, 0.00170077348594, -0.0120998956263, 0.0283701103181, -0.013033464551, 0.0042500984855, -0.00507547566667], [0.000556469138246, 0.000775033200625, 0.000354982068529, 0.000986617524177, -0.00215699058026, 0.000658358621877, -0.000291806471068, -0.000447196274763, 0.000663175072987, -0.013033464551, 0.0330928191543, -0.017039809376, 0.00178272998892], [-0.000352948758518, -0.000521311187185, -0.00157245423179, 0.00138711219188, 0.00246679177508, 0.00119631085545, -0.00325886369683, 0.00142224412411, -0.00553573062643, 0.0042500984855, -0.017039809376, 0.0323286317289, -0.0131658334285], [-0.000285594025627, 0.000663851795252, 0.000415183982113, -0.00120645505376, -0.00435225758702, 0.00209764484316, -0.000119400021504, -0.000205182717764, 0.00299048866145, -0.00507547566667, 0.00178272998892, -0.0131658334285, 0.0251975376159]]
    },
    "spectral_contrast_coeffs": {
        "max": [-0.27995762229, -0.482475101948, -0.560562729836, -0.616241931915, -0.666911005974, -0.61706829071],
        "mean": [-0.679616510868, -0.762462079525, -0.765563607216, -0.798985540867, -0.804696202278, -0.780357539654],
        "min": [-0.968968629837, -0.921444416046, -0.901749312878, -0.891813695431, -0.876199007034, -0.878177940845],
        "stdev": [0.117504574358, 0.0719786956906, 0.0608643293381, 0.0517804510891, 0.0283677875996, 0.0268263239413]
    },
    "spectral_contrast_valleys": {
        "max": [-5.117374897, -4.87896490097, -5.04216861725, -5.83923101425, -5.90191316605, -7.85238313675],
        "mean": [-8.20918560028, -6.60975122452, -6.62420749664, -6.993060112, -7.13420391083, -9.55514526367],
        "min": [-13.8288612366, -9.70613765717, -9.68307685852, -10.6339626312, -11.1917076111, -13.2302694321],
        "stdev": [2.0176358223, 0.561559438705, 0.662769556046, 0.499995201826, 0.603082716465, 0.871672213078]
    }
},
"rhythm": {
    "beats_count": 40,
    "beats_loudness": {
        "max": 0.0970496088266,
        "mean": 0.0331960581243,
        "min": 0.00234417244792,
        "stdev": 0.0237011071295
    },
    "bpm": 92.8243942261,
    "bpm_histogram_first_peak_bpm": 92,
    "bpm_histogram_first_peak_weight": 0.409090936184,
    "bpm_histogram_second_peak_bpm": 105,
    "bpm_histogram_second_peak_spread": 0.533333361149,
    "bpm_histogram_second_peak_weight": 0.17948718369,
    "danceability": 1.1004704237,
    "onset_rate": 2.73500418663,
    "beats_loudness_band_ratio": {
        "max": [0.865820944309, 0.83481913805, 0.766176998615, 0.62046533823, 0.376992195845, 0.279279917479],
        "mean": [0.155943393707, 0.131488010287, 0.284964740276, 0.263559639454, 0.122066497803, 0.0851379781961],
        "min": [1.73427233676e-05, 0.000642508850433, 0.00621488736942, 0.0074784969911, 0.0192722380161, 0.0112024312839],
        "stdev": [0.247346714139, 0.165612593293, 0.218963086605, 0.196032315493, 0.0876820981503, 0.069066926837]
    },
    "beats_position": [0.626938760281, 1.26548755169, 1.91564619541, 2.55419492722, 3.20435357094, 3.85451245308, 4.5046710968, 5.14321994781, 5.79337835312, 6.43192720413, 7.08208608627, 7.73224496841, 8.37079334259, 9.0093421936, 9.65950107574, 10.3096599579, 10.9714279175, 11.6215867996, 12.2601356506, 12.8986845016, 13.5372333527, 14.1873922348, 14.8491611481, 15.4412698746, 15.9985485077, 16.5790481567, 17.1479358673, 17.7284355164, 18.2741031647, 18.8197727203, 19.3886623383, 19.9575500488, 20.5148296356, 21.0837192535, 21.640996933, 22.1982765198, 22.7555541992, 23.3244438171, 23.8933334351, 24.4622211456],
