{
"metadata": {
    "version": {
        "essentia": "2.1-beta5",
        "essentia_git_sha": "Undefined",
        "extractor": "music 2.0"
    },
    "audio_properties": {
        "analysis": {
            "equal_loudness": 0,
            "length": 19.8995018005,
            "sample_rate": 44100,
            "start_time": 175.240997314,
            "downmix": "mix"
        },
        "bit_rate": 192000,
        "length": 195.163726807,
        "lossless": 0,
        "number_channels": 2,
        "replay_gain": -6.79312515259,
        "sample_rate": 48000,
        "codec": "mp3",
        "md5_encoded": "786144a7064ae08b24778b07120b2d30"
    },
    "tags": {
        "file_name": "Moldova_So Lucky_Zdob și Zdub.mp3",
        "encoding": ["Lavf58.29.100"]
    }
},
"lowlevel": {
    "average_loudness": 0.40153837204,
    "barkbands_crest": {
        "max": 21.78881073,
        "mean": 9.2503862381,
        "min": 3.29258012772,
        "stdev": 3.34058403969
    },
    "barkbands_flatness_db": {
        "max": 0.250897377729,
        "mean": 0.138177320361,
        "min": 0.037251599133,
        "stdev": 0.0398089513183
    },
    "barkbands_kurtosis": {
        "max": 12.7134866714,
        "mean": 1.51914536953,
        "min": -1.5270011425,
        "stdev": 2.01481533051
    },
    "barkbands_skewness": {
        "max": 3.10839271545,
        "mean": 1.05822396278,
        "min": -0.608580172062,
        "stdev": 0.57520955801
    },
    "barkbands_spread": {
        "max": 60.6368789673,
        "mean": 17.9922485352,
        "min": 3.57605147362,
        "stdev": 11.3307161331
    },
    "dissonance": {
        "max": 0.499894112349,
        "mean": 0.4759798944,
        "min": 0.367913156748,
        "stdev": 0.0230049937963
    },
    "dynamic_complexity": 4.60762739182,
    "erbbands_crest": {
        "max": 25.141500473,
        "mean": 9.1313495636,
        "min": 2.93535113335,
        "stdev": 4.12695169449
    },
    "erbbands_flatness_db": {
        "max": 0.313107013702,
        "mean": 0.200360566378,
        "min": 0.068458981812,
        "stdev": 0.0489559285343
    },
    "erbbands_kurtosis": {
        "max": 11.9789609909,
        "mean": 0.607313156128,
        "min": -1.52934658527,
        "stdev": 1.5026640892
    },
    "erbbands_skewness": {
        "max": 2.36382937431,
        "mean": 0.615754425526,
        "min": -1.33112740517,
        "stdev": 0.616193473339
    },
    "erbbands_spread": {
        "max": 78.5264434814,
        "mean": 25.1383399963,
        "min": 4.88362407684,
        "stdev": 12.6305789948
    },
    "hfc": {
        "max": 103.771774292,
        "mean": 14.3767242432,
        "min": 0.000898859114386,
        "stdev": 17.4229412079
    },
    "loudness_ebu128": {
        "integrated": -17.6378498077,
        "loudness_range": 7.44301128387,
        "momentary": {
            "max": -12.9682540894,
            "mean": -18.9063205719,
            "min": -34.6857223511,
            "stdev": 3.55402421951
        },
        "short_term": {
            "max": -14.3243694305,
            "mean": -18.2247276306,
            "min": -23.058473587,
            "stdev": 2.44784212112
        }
    },
    "melbands_crest": {
        "max": 27.9368686676,
        "mean": 11.9449071884,
        "min": 4.21550941467,
        "stdev": 4.15891075134
    },
    "melbands_flatness_db": {
        "max": 0.299258321524,
        "mean": 0.170282423496,
        "min": 0.0618540756404,
        "stdev": 0.0407775603235
    },
    "melbands_kurtosis": {
        "max": 31.3879852295,
        "mean": 4.54627132416,
        "min": -1.25614356995,
        "stdev": 3.75213050842
    },
    "melbands_skewness": {
        "max": 4.87029695511,
        "mean": 1.59702515602,
        "min": -0.573394238949,
        "stdev": 0.820820093155
    },
    "melbands_spread": {
        "max": 75.0330047607,
        "mean": 22.4313087463,
        "min": 5.41880846024,
        "stdev": 12.1700572968
    },
    "pitch_salience": {
        "max": 0.866264641285,
        "mean": 0.640785396099,
        "min": 0.308962374926,
        "stdev": 0.122949235141
    },
    "silence_rate_20dB": {
        "max": 1,
        "mean": 1,
        "min": 1,
        "stdev": 0
    },
    "silence_rate_30dB": {
        "max": 1,
        "mean": 1,
        "min": 1,
        "stdev": 0
    },
    "silence_rate_60dB": {
        "max": 1,
        "mean": 0.290209800005,
        "min": 0,
        "stdev": 0.453857958317
    },
    "spectral_centroid": {
        "max": 2864.57373047,
        "mean": 1527.00048828,
        "min": 460.307159424,
        "stdev": 466.154815674
    },
    "spectral_complexity": {
        "max": 51,
        "mean": 16.9906768799,
        "min": 0,
        "stdev": 10.0536994934
    },
    "spectral_decrease": {
        "max": -1.75540368374e-13,
        "mean": -3.43818817861e-09,
        "min": -2.72496780696e-08,
        "stdev": 3.79539244477e-09
    },
    "spectral_energy": {
        "max": 0.10982991755,
        "mean": 0.0142805334181,
        "min": 7.44060571378e-07,
        "stdev": 0.0157475564629
    },
    "spectral_energyband_high": {
        "max": 0.00681555410847,
        "mean": 0.000471540755825,
        "min": 1.30207444826e-08,
        "stdev": 0.000899875478353
    },
    "spectral_energyband_low": {
        "max": 0.0380318053067,
        "mean": 0.00343803293072,
        "min": 3.8844091832e-10,
        "stdev": 0.00497778179124
    },
    "spectral_energyband_middle_high": {
        "max": 0.0361598692834,
        "mean": 0.00453035766259,
        "min": 5.62034188079e-07,
        "stdev": 0.00514058722183
    },
    "spectral_energyband_middle_low": {
        "max": 0.0955118834972,
        "mean": 0.00628701550886,
        "min": 1.76059984369e-07,
        "stdev": 0.00913672242314
    },
    "spectral_entropy": {
        "max": 8.3338098526,
        "mean": 7.65852594376,
        "min": 6.71316337585,
        "stdev": 0.271809369326
    },
    "spectral_flux": {
        "max": 0.218143388629,
        "mean": 0.0569856911898,
        "min": 0.00166383793112,
        "stdev": 0.0343701839447
    },
    "spectral_kurtosis": {
        "max": 18.6949729919,
        "mean": 5.7730050087,
        "min": 0.500272512436,
        "stdev": 2.94259309769
    },
    "spectral_rms": {
        "max": 0.0103513831273,
        "mean": 0.00321397418156,
        "min": 2.69427691819e-05,
        "stdev": 0.00189804891124
    },
    "spectral_rolloff": {
        "max": 6546.09375,
        "mean": 1714.39916992,
        "min": 236.865234375,
        "stdev": 818.249206543
    },
    "spectral_skewness": {
        "max": 3.24825191498,
        "mean": 1.72032487392,
        "min": 0.601618289948,
        "stdev": 0.511396169662
    },
    "spectral_spread": {
        "max": 13224276,
        "mean": 3661879.75,
        "min": 2189819.5,
        "stdev": 887400.4375
    },
    "spectral_strongpeak": {
        "max": 11.1071853638,
        "mean": 0.939188122749,
        "min": 0.00275018345565,
        "stdev": 1.35934937
    },
    "zerocrossingrate": {
        "max": 0.15966796875,
        "mean": 0.0631294175982,
        "min": 0.02099609375,
        "stdev": 0.0209308657795
    },
    "barkbands": {
        "max": [0.000367488275515, 0.0200925432146, 0.0261246934533, 0.00400862144306, 0.0363046973944, 0.0113121652976, 0.00866635795683, 0.036481294781, 0.0559358000755, 0.0230948999524, 0.0112860826775, 0.00822954066098, 0.00517483660951, 0.00401492696255, 0.011403801851, 0.0206982456148, 0.00542072532699, 0.00674199452624, 0.00200314470567, 0.00679618353024, 0.0017748271348, 0.00228993431665, 0.001252991613, 0.000996122602373, 0.000519622873981, 0.00101450877264, 0.000212433558772],
        "mean": [1.07878831841e-05, 0.00111386470962, 0.00209202780388, 0.000297781894915, 0.000892048410606, 0.000715429137927, 0.000283341069007, 0.000626334280241, 0.00304444483481, 0.00101234577596, 0.000839408661705, 0.000397088180762, 0.000350126065314, 0.000260356086073, 0.000186070319614, 0.000636260665487, 0.00029785692459, 0.000328918948071, 0.000266596471192, 0.000223574068514, 0.000132443892653, 0.000106933061033, 7.57458183216e-05, 5.03856499563e-05, 2.39340515691e-05, 1.43131865116e-05, 2.11242650039e-06],
        "min": [9.46019044351e-12, 4.4488284584e-11, 4.41655496897e-11, 2.95761776181e-10, 2.09345962787e-09, 2.83123546829e-09, 3.71718051895e-08, 3.49301636504e-08, 8.15502758655e-08, 2.42236296799e-07, 1.19874542293e-07, 4.03263165083e-08, 4.45691732409e-08, 1.60033177821e-08, 3.2295300656e-08, 2.59489389975e-08, 3.45350983366e-08, 7.92173260322e-09, 6.05748384785e-09, 3.5940044274e-09, 1.87575666111e-09, 1.81053139148e-09, 2.69653988028e-09, 1.84853254925e-09, 1.28619082052e-09, 9.22217413546e-10, 2.88193996445e-10],
        "stdev": [2.52243007708e-05, 0.0020345908124, 0.00310904742219, 0.000443839177024, 0.00262486492284, 0.00106883526314, 0.000636258977465, 0.00267532048747, 0.00641729775816, 0.0021442049183, 0.00133058137726, 0.000759663875215, 0.000477891153423, 0.000345381035004, 0.000459402566776, 0.00224876194261, 0.00059090112336, 0.000565240276046, 0.000351908296579, 0.000493068306241, 0.000230820704019, 0.000246094976319, 0.00016800967569, 0.000122442565043, 5.59477266506e-05, 6.48879504297e-05, 1.11587933134e-05]
    },
    "erbbands": {
        "max": [0.571754574776, 5.15458106995, 25.0307769775, 22.6409950256, 43.4300689697, 173.859985352, 110.59954071, 131.30859375, 141.0103302, 268.367767334, 715.309509277, 1177.61181641, 975.567016602, 233.475189209, 312.797454834, 431.218017578, 292.494934082, 216.642608643, 264.677581787, 498.082214355, 1354.39978027, 376.435668945, 442.958221436, 118.800674438, 118.376266479, 366.233062744, 68.0838699341, 104.07623291, 98.4487838745, 49.8150405884, 34.9455184937, 23.066614151, 16.9471530914, 6.01584625244, 3.53232359886, 4.71389245987, 1.75315368176, 0.535564541817, 0.0200829189271, 0.000478463683976],
        "mean": [0.0270326212049, 0.298667639494, 1.76729357243, 2.19848966599, 1.33228075504, 4.14169836044, 4.01979494095, 6.01324653625, 4.15236616135, 7.22252941132, 22.8897151947, 62.3823280334, 54.9524116516, 29.2899017334, 26.2943077087, 17.6311473846, 15.5647649765, 15.6393756866, 9.14808559418, 14.2769594193, 39.3080558777, 18.8460559845, 18.4711723328, 14.0748844147, 13.0756578445, 11.3454065323, 5.06396007538, 5.43878555298, 3.84467077255, 2.84916996956, 2.19496393204, 1.29429161549, 0.700205922127, 0.3259973526, 0.133775472641, 0.0691326484084, 0.0238395817578, 0.00601937901229, 0.000314295990393, 2.53958878602e-05],
        "min": [1.18158560714e-09, 1.28193322624e-08, 1.03821818698e-07, 5.66520157008e-07, 5.57777730137e-06, 5.87957447351e-06, 1.33560988615e-05, 4.43081626145e-05, 0.000412269728258, 0.000708987645339, 0.000860619766172, 0.00153226987459, 0.00374582852237, 0.00990288797766, 0.00313790910877, 0.00185796641745, 0.00239945272915, 0.00079568248475, 0.00168422458228, 0.00139279209543, 0.00150339945685, 0.00201901467517, 0.000639999518171, 0.0003240518854, 0.000214864616282, 0.000188162128325, 0.000101468547655, 7.19505478628e-05, 6.22428779025e-05, 6.99426891515e-05, 7.62980271247e-05, 3.58223805961e-05, 3.28325513692e-05, 1.45194944707e-05, 9.06941841095e-06, 4.35556466982e-06, 1.74042224899e-06, 4.70046131795e-07, 3.92999766063e-08, 4.24401891408e-09],
        "stdev": [0.0472746007144, 0.53326690197, 2.70705604553, 3.11830615997, 3.66619372368, 12.1088600159, 8.22175216675, 9.41678142548, 8.50551128387, 22.1498222351, 73.8512649536, 133.537689209, 111.135864258, 33.2250518799, 37.8577919006, 35.313709259, 21.9912776947, 19.793258667, 13.2968425751, 26.4975166321, 143.398727417, 37.1311187744, 33.206905365, 17.6901893616, 18.7164573669, 25.9056720734, 8.34577655792, 10.2232484818, 8.79884243011, 6.42609834671, 5.01870298386, 3.16066241264, 1.71329522133, 0.709902405739, 0.338268190622, 0.281789064407, 0.120925590396, 0.0326941013336, 0.00130073435139, 4.06424805988e-05]
    },
    "gfcc": {
        "mean": [-55.3737258911, 65.4305496216, -165.527130127, -2.93552327156, -72.7395477295, 5.73820304871, -33.6220016479, 12.4319753647, -26.2455196381, -7.39294672012, -22.6688232422, -3.06132650375, -13.4315471649],
        "cov": [[8580.42089844, 1917.38500977, 2519.62719727, 3187.53686523, 1117.52758789, 860.845092773, 850.785522461, 261.176422119, 99.7348709106, -2.58555245399, 356.410003662, 143.692062378, 123.81943512], [1917.38500977, 2710.92993164, 1496.88171387, 1586.20874023, 693.046447754, 193.153411865, 405.615081787, -58.0669593811, 30.04479599, -79.8515625, 314.133300781, -76.1231689453, 101.309005737], [2519.62719727, 1496.88171387, 1479.5177002, 1410.53942871, 520.304504395, 308.44430542, 317.039825439, 2.2304110527, -17.8423786163, -9.05836391449, 210.145980835, 24.4465999603, 51.8076591492], [3187.53686523, 1586.20874023, 1410.53942871, 1840.97631836, 617.413574219, 375.292907715, 424.220855713, 45.1688308716, 37.3166732788, -6.73492145538, 278.23638916, 26.7407150269, 104.835945129], [1117.52758789, 693.046447754, 520.304504395, 617.413574219, 325.771148682, 135.793045044, 181.947296143, 25.9616622925, 19.9631004333, -12.5540933609, 83.7005691528, 5.98236560822, 28.935508728], [860.845092773, 193.153411865, 308.44430542, 375.292907715, 135.793045044, 172.686004639, 117.874862671, 40.5797233582, -5.92261219025, 3.2663462162, 44.5148506165, 14.0219736099, 3.52963352203], [850.785522461, 405.615081787, 317.039825439, 424.220855713, 181.947296143, 117.874862671, 190.55696106, 51.1001281738, 18.7956199646, -6.09096002579, 58.3759269714, -7.36710071564, 12.0097990036], [261.176422119, -58.0669593811, 2.2304110527, 45.1688308716, 25.9616622925, 40.5797233582, 51.1001281738, 88.5123138428, 34.5411300659, -3.93701910973, -16.7645187378, -3.62434530258, -8.64671230316], [99.7348709106, 30.04479599, -17.8423786163, 37.3166732788, 19.9631004333, -5.92261219025, 18.7956199646, 34.5411300659, 72.7293395996, -4.63574981689, -10.1811599731, -10.3251113892, 3.07295393944], [-2.58555245399, -79.8515625, -9.05836391449, -6.73492145538, -12.5540933609, 3.2663462162, -6.09096002579, -3.93701910973, -4.63574981689, 50.6230125427, 23.8149681091, 11.5527648926, -10.7005567551], [356.410003662, 314.133300781, 210.145980835, 278.23638916, 83.7005691528, 44.5148506165, 58.3759269714, -16.7645187378, -10.1811599731, 23.8149681091, 111.917411804, 15.1328897476, 14.2178621292], [143.692062378, -76.1231689453, 24.4465999603, 26.7407150269, 5.98236560822, 14.0219736099, -7.36710071564, -3.62434530258, -10.3251113892, 11.5527648926, 15.1328897476, 47.2801132202, 9.34980964661], [123.81943512, 101.309005737, 51.8076591492, 104.835945129, 28.935508728, 3.52963352203, 12.0097990036, -8.64671230316, 3.07295393944, -10.7005567551, 14.2178621292, 9.34980964661, 49.3746070862]],
        "icov": [[0.000530423363671, 0.000349279202055, -0.000343536492437, -0.000729829247575, -0.000259708001977, -0.000230835852562, -0.000542944821063, -0.000270152493613, -0.00031847046921, 0.000354559742846, 0.000282508990495, -0.000764618918765, 0.00027681409847], [0.000349279202055, 0.00311317597516, -0.00220789387822, 8.13324513729e-05, -0.00323753640987, 0.00255186134018, -0.00147348584142, 0.00144296383951, -0.00120746402536, 0.00434843776748, -0.00508214021102, 0.00513483537361, -0.00128500559367], [-0.000343536492437, -0.00220789387822, 0.00474845338613, -0.00221078866161, 0.000811758742202, -0.00206893566065, 0.00186717417091, 1.2317650544e-05, 0.0025482007768, -0.00252136774361, 0.00397338578478, -0.00363756273873, 0.00316322315484], [-0.000729829247575, 8.13324513729e-05, -0.00221078866161, 0.00579569349065, -0.00176242890302, -0.00205023121089, -0.00105391640682, 0.000916882243473, -0.00244500348344, 0.000559510604944, -0.00540428282693, 0.00309463357553, -0.00548281054944], [-0.000259708001977, -0.00323753640987, 0.000811758742202, -0.00176242890302, 0.0143671799451, -0.00224013114348, -0.00406349776313, -0.000109170156065, -0.000665126834065, -0.00294888135977, 0.00635946681723, -0.00747331324965, 0.00188046717085], [-0.000230835852562, 0.00255186134018, -0.00206893566065, -0.00205023121089, -0.00224013114348, 0.0184196811169, -0.00475304573774, -0.0033048663754, 0.00468747224659, 0.00236452836543, -0.00173424428795, 0.00129052600823, 0.00291607459076], [-0.000542944821063, -0.00147348584142, 0.00186717417091, -0.00105391640682, -0.00406349776313, -0.00475304573774, 0.0192181412131, -0.00745078315958, 0.00195637135766, -0.00108706695028, -0.00148714717943, 0.0042932187207, 0.000663158891257], [-0.000270152493613, 0.00144296383951, 1.2317650544e-05, 0.000916882243473, -0.000109170156065, -0.0033048663754, -0.00745078315958, 0.0227579567581, -0.00947679951787, 0.00224668974988, 0.00146951281931, 0.000635710544884, 0.00238822773099], [-0.00031847046921, -0.00120746402536, 0.0025482007768, -0.00244500348344, -0.000665126834065, 0.00468747224659, 0.00195637135766, -0.00947679951787, 0.0217282027006, -0.00308783119544, 0.00430546421558, 0.00144783582073, 0.000177559515578], [0.000354559742846, 0.00434843776748, -0.00252136774361, 0.000559510604944, -0.00294888135977, 0.00236452836543, -0.00108706695028, 0.00224668974988, -0.00308783119544, 0.0335402116179, -0.0161996372044, 0.00178321101703, 0.00565137946978], [0.000282508990495, -0.00508214021102, 0.00397338578478, -0.00540428282693, 0.00635946681723, -0.00173424428795, -0.00148714717943, 0.00146951281931, 0.00430546421558, -0.0161996372044, 0.0304210800678, -0.0141122126952, 0.00417460640892], [-0.000764618918765, 0.00513483537361, -0.00363756273873, 0.00309463357553, -0.00747331324965, 0.00129052600823, 0.0042932187207, 0.000635710544884, 0.00144783582073, 0.00178321101703, -0.0141122126952, 0.0397624857724, -0.0111874192953], [0.00027681409847, -0.00128500559367, 0.00316322315484, -0.00548281054944, 0.00188046717085, 0.00291607459076, 0.000663158891257, 0.00238822773099, 0.000177559515578, 0.00565137946978, 0.00417460640892, -0.0111874192953, 0.0315947532654]]
    },
    "melbands": {
        "max": [0.00522480066866, 0.00987476948649, 0.00348571059294, 0.00848605111241, 0.0042207473889, 0.00264967558905, 0.00185920426156, 0.00451845861971, 0.00672318506986, 0.00652730371803, 0.0047025163658, 0.00114396121353, 0.00157146854326, 0.00104820972774, 0.00120569730643, 0.000524009636138, 0.000492094783112, 0.000245163100772, 0.00105107668787, 0.000630740076303, 0.00167714408599, 0.000437376147602, 0.000426889455412, 0.000254607672105, 0.000108772925159, 0.000113781410619, 0.000257278617937, 0.000202475639526, 3.67694992747e-05, 5.52900201001e-05, 5.28674718225e-05, 6.39105710434e-05, 3.9995960833e-05, 2.59955068032e-05, 2.56374078162e-05, 1.52316315507e-05, 1.66058398463e-05, 1.3287359252e-05, 7.4496151683e-06, 4.64539789391e-06],
        "mean": [0.000285036396235, 0.000740365881938, 0.000350028771209, 0.000191112063476, 0.000151507934788, 0.000133891764563, 6.46775733912e-05, 8.43169764266e-05, 0.000225205760216, 0.000425768026616, 0.000272083532764, 0.000114735186798, 0.000111179026135, 4.09221647715e-05, 4.47410529887e-05, 3.27525740431e-05, 2.8179569199e-05, 1.4353102415e-05, 1.5201361748e-05, 2.94603469229e-05, 4.54071596323e-05, 1.82830426638e-05, 1.65477758856e-05, 1.62619926414e-05, 1.04299078885e-05, 1.13402102215e-05, 8.99400492926e-06, 6.50563924864e-06, 3.02631224258e-06, 3.49870219907e-06, 2.78524498754e-06, 2.16513876694e-06, 1.97318036044e-06, 1.44353032283e-06, 1.4088241187e-06, 8.78311084307e-07, 7.56332497076e-07, 4.93982952321e-07, 3.81673373795e-07, 2.35181943253e-07],
        "min": [9.52188501657e-12, 5.71397131e-11, 2.54108595277e-10, 4.4620118711e-10, 4.1513081861e-10, 1.01554076259e-09, 6.57579457553e-09, 7.61460050569e-09, 8.01614774559e-09, 1.03335153767e-08, 1.98192147138e-08, 4.21107770876e-08, 1.34229436455e-08, 4.8271084907e-09, 4.54283188844e-09, 4.34671010296e-09, 1.12110309924e-09, 2.603762983e-09, 2.11256279137e-09, 2.03410466248e-09, 1.51215451272e-09, 2.33302910324e-09, 1.02505970379e-09, 2.68609717802e-10, 2.60586163758e-10, 2.23745313943e-10, 9.90792725641e-11, 1.33643554556e-10, 6.62855811906e-11, 4.77069772575e-11, 3.84976807377e-11, 3.11955357379e-11, 4.15872544735e-11, 4.25337057242e-11, 5.51247762715e-11, 1.95385686796e-11, 2.44618405393e-11, 2.75457261167e-11, 1.44779804465e-11, 1.0486220399e-11],
        "stdev": [0.000507745658979, 0.00111339916475, 0.000486410630401, 0.000618462392595, 0.000315460201818, 0.000205784352147, 0.000123917547171, 0.000315691519063, 0.000687759777065, 0.000903284118976, 0.000567001057789, 0.000139409836265, 0.000180900024134, 7.5069408922e-05, 9.08642250579e-05, 3.95077950088e-05, 3.85098392144e-05, 1.83055162779e-05, 4.20342512371e-05, 7.94796651462e-05, 0.000167266276549, 3.86494320992e-05, 3.77850337827e-05, 2.65966373263e-05, 1.38537652674e-05, 1.68394690263e-05, 1.91012004507e-05, 1.47475129779e-05, 5.17875196238e-06, 6.6512925514e-06, 5.22350501342e-06, 5.2607761063e-06, 4.56729276266e-06, 3.27206612383e-06, 3.31892442773e-06, 2.02207434086e-06, 1.98684256247e-06, 1.23251163586e-06, 8.96059134448e-07, 4.99383759234e-07]
    },
    "melbands128": {
        "max": [0.000227977696341, 0.0039194249548, 0.00870842766017, 0.00882374681532, 0.012195777148, 0.0126233194023, 0.00492671784014, 0.00133486476261, 0.0032416516915, 0.0109426863492, 0.0115692187101, 0.00591131858528, 0.0038646615576, 0.00331418053247, 0.00293497391976, 0.00481155095622, 0.00426362268627, 0.00134138786234, 0.00230481964536, 0.00500400876626, 0.00820962246507, 0.0139653496444, 0.0109722511843, 0.0220651123673, 0.0151955913752, 0.0124945193529, 0.0102818068117, 0.00771725084633, 0.00519879721105, 0.00165920786094, 0.00110497442074, 0.00255331257358, 0.0026081642136, 0.000592988682911, 0.00110592239071, 0.00231815339066, 0.00232439534739, 0.00202455790713, 0.000918917590752, 0.00109377678018, 0.000350330781657, 0.000759554735851, 0.000635198084638, 0.000764690164942, 0.000288340786938, 0.000207570628845, 0.00068664731225, 0.00109436735511, 0.00160469650291, 0.000362247461453, 0.00036586081842, 0.00179062143434, 0.00339387310669, 0.00102283956949, 0.000409557193052, 0.000849142496008, 0.000928312598262, 0.000569805561099, 0.000826147734188, 0.000775173248257, 0.000360847800039, 0.000335764139891, 0.000189587648492, 0.000139124676934, 0.000206740718568, 0.000215053631109, 0.000161018411745, 0.000116433206131, 0.000278981140582, 0.000825748255011, 9.01285966393e-05, 7.70973638282e-05, 0.000119143805932, 5.27977899765e-05, 2.9854962122e-05, 5.75560879952e-05, 0.000114884096547, 9.02737956494e-05, 4.20580436185e-05, 7.55729342927e-05, 0.000101139696199, 5.23797352798e-05, 7.76435845182e-05, 5.58909705433e-05, 6.92284520483e-05, 2.1402072889e-05, 3.93904811062e-05, 4.48358223366e-05, 3.48120665876e-05, 2.02462815651e-05, 2.67878476734e-05, 1.63129006978e-05, 1.58700640895e-05, 2.34096078202e-05, 2.33186401601e-05, 1.3013725038e-05, 2.07958582905e-05, 1.05768076537e-05, 8.81582855072e-06, 6.69355176797e-06, 5.40225028089e-06, 4.28837847721e-06, 8.34118873172e-06, 7.42679094401e-06, 3.53466975866e-06, 2.15720865526e-06, 1.56980604515e-05, 5.33531510882e-06, 2.62742446466e-06, 2.41147026827e-05, 4.62980096927e-06, 8.18691205495e-06, 8.30608405522e-06, 2.48703622674e-06, 1.15994507723e-05, 2.3001387035e-06, 5.36683728569e-06, 4.44823763246e-06, 5.82572454277e-07, 2.82458302081e-07, 8.63736531187e-08, 1.51016692485e-07, 1.15627649677e-07, 1.8357248166e-08, 2.03820360589e-09, 2.00393346361e-09, 1.97896454779e-09, 1.9648020988e-09],
        "mean": [8.56367569213e-06, 0.000156164140208, 0.000454061577329, 0.000437837705249, 0.000728997925762, 0.00111841945909, 0.000486478500534, 0.00010571382154, 0.000108047599497, 0.000191209721379, 0.000277659593849, 0.000159090443049, 0.000133209454361, 0.000124625759781, 0.00011973844812, 0.000175175620825, 7.53075510147e-05, 3.55756274075e-05, 5.37590785825e-05, 8.55511898408e-05, 8.66417831276e-05, 0.00012411341595, 0.000218388362555, 0.000360331614502, 0.000364912382793, 0.000517007138114, 0.000457393965917, 0.000218348315684, 0.000150523977936, 9.76331793936e-05, 8.66091431817e-05, 0.000168844329892, 0.000147300568642, 4.29868232459e-05, 3.41922277585e-05, 3.99510208808e-05, 5.2906350902e-05, 5.07490076416e-05, 3.6913286749e-05, 2.78354145848e-05, 2.89394720312e-05, 4.66100027552e-05, 2.44394086621e-05, 2.55095492321e-05, 1.6981477529e-05, 1.16108167276e-05, 1.11634963105e-05, 1.53757519001e-05, 1.66284444276e-05, 1.6416559447e-05, 1.71141273313e-05, 5.41355439054e-05, 7.87694734754e-05, 2.34344552155e-05, 1.69899121829e-05, 2.02083047043e-05, 1.64355533343e-05, 1.68545066117e-05, 1.62400137924e-05, 1.68094156834e-05, 1.8888107661e-05, 1.36878734338e-05, 9.60458964983e-06, 9.16431326914e-06, 1.22316632769e-05, 1.44045461639e-05, 8.4994462668e-06, 5.81243193665e-06, 7.8130115071e-06, 1.68298338394e-05, 4.97129076393e-06, 3.009761258e-06, 3.41078907695e-06, 3.37412870977e-06, 2.00672843675e-06, 2.45491833084e-06, 5.55844098926e-06, 3.59600085176e-06, 1.92915013031e-06, 2.38906704908e-06, 2.18820923692e-06, 1.84756356703e-06, 2.52466384154e-06, 1.90145271972e-06, 1.79737310191e-06, 1.30749322125e-06, 1.25523968109e-06, 1.75431739535e-06, 1.53591781782e-06, 1.07069718069e-06, 1.0267141306e-06, 7.31880334115e-07, 8.15490409423e-07, 8.74225293046e-07, 6.61272963498e-07, 4.36543274418e-07, 5.13806412528e-07, 4.885524163e-07, 3.65646116052e-07, 3.50107114855e-07, 2.96181212889e-07, 1.90945172562e-07, 1.94673802412e-07, 1.87933068219e-07, 1.38537558314e-07, 9.62510000591e-08, 1.72895695982e-07, 1.03328623879e-07, 9.04156252091e-08, 1.81955741141e-07, 7.09474505811e-08, 7.10461378617e-08, 7.750489317e-08, 3.67896291209e-08, 1.30184517388e-07, 3.96425470228e-08, 4.3381092496e-08, 2.80659353535e-08, 1.17805107891e-08, 6.65359012331e-09, 2.80654344209e-09, 2.73293476738e-09, 1.67083136215e-09, 5.34006901198e-11, 4.34741739136e-12, 4.19712918934e-12, 4.10428505418e-12, 4.07060106108e-12],
        "min": [2.2299748853e-12, 1.73635520025e-12, 6.53721217783e-12, 1.96483627979e-11, 1.87518715833e-11, 2.76097790464e-11, 3.57111319682e-11, 2.28659258195e-10, 6.71223243653e-10, 5.22621501631e-10, 2.51352050284e-10, 2.55573617824e-10, 3.64807711817e-10, 7.20765447326e-10, 7.89416421121e-10, 3.38311489934e-10, 4.50124559848e-09, 9.09598085741e-09, 5.22430898542e-09, 8.31786994837e-09, 8.82182060735e-09, 3.35115757366e-09, 9.32518950947e-09, 1.01237853656e-08, 8.9143270543e-09, 8.93293616855e-09, 1.6865541852e-08, 1.03856461209e-08, 3.00525080377e-08, 5.67668010376e-08, 2.36430341971e-08, 2.30939054546e-08, 1.31002630965e-08, 4.7759916022e-09, 3.7091572036e-09, 5.79721159966e-09, 5.22416687687e-09, 2.95679258855e-09, 3.9375471772e-09, 9.56550305631e-09, 2.30251684386e-09, 1.23591892276e-09, 8.23238366365e-10, 9.35859167939e-10, 2.41514563903e-09, 2.55005394578e-09, 3.95690502586e-09, 1.47934664518e-09, 2.04116235025e-09, 1.34091027171e-09, 2.18155804532e-09, 2.44504727576e-09, 1.86346849063e-09, 4.94365437476e-10, 2.10682582491e-09, 3.20980197976e-09, 1.94647431506e-09, 1.21880139314e-09, 6.19495454934e-10, 5.82847714536e-10, 1.88091903164e-10, 1.37981834292e-10, 2.14708500978e-10, 2.83757461972e-10, 3.79202946821e-10, 2.58058158176e-10, 1.15238769915e-10, 7.55148096832e-11, 9.24974818961e-11, 1.29581678721e-10, 1.43420567089e-10, 1.46097856035e-10, 7.16504494624e-11, 5.27858694255e-11, 6.14866282889e-11, 2.69468284492e-11, 6.77435538221e-11, 4.12566404651e-11, 2.62012529728e-11, 4.18003062719e-11, 3.62904463425e-11, 1.32110685239e-11, 5.01933009045e-11, 5.87766502136e-11, 1.93974870888e-11, 2.48414552817e-11, 5.35273700364e-11, 5.34621374948e-11, 7.22403317721e-11, 2.64554454732e-11, 2.95415913953e-11, 1.39401250959e-11, 1.11632101132e-11, 1.40827844178e-11, 5.19229242935e-11, 2.22550502332e-11, 2.72602548174e-11, 2.19796021661e-11, 8.54958898816e-12, 1.56876352186e-11, 1.5733114464e-11, 8.30981724403e-12, 5.39279211564e-12, 1.05716772142e-11, 1.23628251733e-11, 1.02458276238e-11, 9.36742350355e-12, 6.99519999217e-12, 8.86457574012e-12, 5.95246204757e-12, 4.63853781774e-12, 8.79968667378e-12, 6.48890446583e-12, 2.09098125099e-12, 3.65328513968e-12, 4.49087858914e-12, 4.74195509248e-12, 4.99483375667e-13, 1.20825292588e-13, 1.15535090718e-13, 8.5510564558e-14, 1.10908041106e-13, 9.29973532535e-14, 9.02030728757e-14, 6.97940105232e-14, 2.9627901288e-14, 4.68579007586e-15, 1.700450273e-16],
        "stdev": [1.92774259631e-05, 0.000282331340713, 0.000827836396638, 0.00088277074974, 0.00121353473514, 0.00163173442706, 0.000699914409779, 0.00016563416284, 0.000293549674097, 0.00088305270765, 0.000781811540946, 0.000377595220925, 0.000303879205603, 0.000276229286101, 0.000206061129575, 0.000325599568896, 0.000209419202292, 0.000101297307992, 0.000142923134263, 0.000290224445052, 0.000535423518158, 0.000818757805973, 0.000892287585884, 0.00133265415207, 0.00115988054313, 0.00147569167893, 0.00129428529181, 0.000662057194859, 0.000412550783949, 0.000165838049725, 0.000123887308291, 0.000318066246109, 0.000294811557978, 5.74489749852e-05, 6.73377653584e-05, 0.000117440766189, 0.000155219371663, 0.000124007478007, 8.26748437248e-05, 5.38230815437e-05, 4.10462307627e-05, 8.35873070173e-05, 4.61019044451e-05, 5.72110002395e-05, 2.46939380304e-05, 1.77951042133e-05, 3.21068218909e-05, 5.22650661878e-05, 6.03442749707e-05, 3.15354482154e-05, 4.03364319936e-05, 0.000202071125386, 0.000351857976057, 7.57155139581e-05, 3.21960615111e-05, 5.97871039645e-05, 6.17845798843e-05, 5.55847072974e-05, 5.52197052457e-05, 4.69777078251e-05, 3.61659913324e-05, 2.6160840207e-05, 1.95934480871e-05, 1.4504678802e-05, 1.96708078875e-05, 2.59388107224e-05, 1.722678644e-05, 1.12376828838e-05, 1.95481716219e-05, 5.52253623027e-05, 9.77748550213e-06, 6.83175539962e-06, 7.80172376835e-06, 6.29457781542e-06, 3.89889055441e-06, 5.059684554e-06, 1.25937758639e-05, 7.81854305387e-06, 3.83623910238e-06, 5.51461016585e-06, 7.29187331672e-06, 4.81238430439e-06, 6.20915398031e-06, 4.92427170684e-06, 5.51502535018e-06, 2.75673596661e-06, 3.36167795467e-06, 4.5975057219e-06, 3.95345614379e-06, 2.4983894491e-06, 2.61040668192e-06, 1.7493003952e-06, 1.90164826108e-06, 2.61085915554e-06, 1.9158987925e-06, 1.09373820578e-06, 1.46300624237e-06, 1.21879895687e-06, 9.28567544634e-07, 8.23337927613e-07, 6.86686007612e-07, 4.02192085858e-07, 5.13220925313e-07, 5.58627903047e-07, 3.47710141568e-07, 2.35225201095e-07, 9.30957412493e-07, 3.62495597983e-07, 2.50962216342e-07, 1.17518084153e-06, 2.95700175457e-07, 4.13090958773e-07, 4.66493133899e-07, 1.49997049448e-07, 8.82129427282e-07, 1.541011585e-07, 2.82214614344e-07, 1.96279515308e-07, 4.30553868114e-08, 2.64326409649e-08, 1.00627000066e-08, 1.13748850339e-08, 8.38513258827e-09, 6.80459022462e-10, 6.95824717289e-11, 6.8416092236e-11, 6.75656128268e-11, 6.7082540911e-11]
    },
    "mfcc": {
        "mean": [-685.258544922, 105.939094543, -42.2614097595, -8.78511333466, -21.3658237457, -12.58872509, -5.9938158989, 6.4270606041, -0.974780499935, -1.41030919552, -4.05674743652, -7.37880706787, -9.32069301605],
        "cov": [[7778.69384766, 384.859710693, 2100.91113281, 2409.96850586, 1024.70007324, 1139.83850098, 998.50958252, 756.576721191, 267.570526123, 291.819396973, 190.50920105, 263.098999023, 281.284881592], [384.859710693, 1457.81518555, 706.996765137, 814.159118652, 349.493560791, 280.219390869, 263.271209717, 93.6536178589, -40.0817222595, -12.3297424316, 44.4409370422, -8.94005203247, 7.98278236389], [2100.91113281, 706.996765137, 1266.84875488, 1154.84521484, 505.374450684, 508.434173584, 435.929229736, 223.367141724, 12.6623783112, 61.748878479, 56.5790977478, 77.0009765625, 95.3961791992], [2409.96850586, 814.159118652, 1154.84521484, 1399.58679199, 560.01184082, 566.805969238, 485.466156006, 277.152313232, 53.0431175232, 95.3093261719, 96.6370391846, 96.7038574219, 127.45854187], [1024.70007324, 349.493560791, 505.374450684, 560.01184082, 293.798553467, 247.041015625, 199.944152832, 124.913703918, 24.3235301971, 34.879196167, 32.032043457, 38.5389862061, 47.4666137695], [1139.83850098, 280.219390869, 508.434173584, 566.805969238, 247.041015625, 305.293487549, 238.583236694, 124.167793274, 19.0592288971, 39.1436843872, 36.6886482239, 43.0959625244, 60.0286712646], [998.50958252, 263.271209717, 435.929229736, 485.466156006, 199.944152832, 238.583236694, 273.77633667, 125.758804321, 22.6813049316, 44.6376724243, 40.450881958, 43.6238059998, 59.9414749146], [756.576721191, 93.6536178589, 223.367141724, 277.152313232, 124.913703918, 124.167793274, 125.758804321, 147.83883667, 62.5148391724, 45.6760444641, 28.0962924957, 22.8172245026, 32.2002601624], [267.570526123, -40.0817222595, 12.6623783112, 53.0431175232, 24.3235301971, 19.0592288971, 22.6813049316, 62.5148391724, 88.2417678833, 40.2944946289, 5.96823072433, 4.46057844162, 12.0040721893], [291.819396973, -12.3297424316, 61.748878479, 95.3093261719, 34.879196167, 39.1436843872, 44.6376724243, 45.6760444641, 40.2944946289, 58.0214538574, 24.8146133423, 15.558681488, 17.2234535217], [190.50920105, 44.4409370422, 56.5790977478, 96.6370391846, 32.032043457, 36.6886482239, 40.450881958, 28.0962924957, 5.96823072433, 24.8146133423, 59.5948791504, 29.6562957764, 15.0719518661], [263.098999023, -8.94005203247, 77.0009765625, 96.7038574219, 38.5389862061, 43.0959625244, 43.6238059998, 22.8172245026, 4.46057844162, 15.558681488, 29.6562957764, 55.5498085022, 29.0569534302], [281.284881592, 7.98278236389, 95.3961791992, 127.45854187, 47.4666137695, 60.0286712646, 59.9414749146, 32.2002601624, 12.0040721893, 17.2234535217, 15.0719518661, 29.0569534302, 56.2924957275]],
        "icov": [[0.000536352337804, 0.000432849250501, -0.000151647924213, -0.0005263464991, -9.34304262046e-05, -0.000511633581482, -0.000187369529158, -0.00109176186379, -9.93111607386e-05, -0.000187013254617, 0.000233267710428, -0.000603802909609, 0.000483307754621], [0.000432849250501, 0.00176491972525, -0.000167191014043, -0.00146988395136, -0.000974228489213, 0.000855081190821, -0.000944876286667, -0.000150981475599, 6.83433972881e-05, 0.00125159369782, -0.000959271390457, 0.00125995476265, 0.00140940758865], [-0.000151647924213, -0.000167191014043, 0.00405699992552, -0.00177664333023, -0.00190123170614, -0.000909012451302, -0.00100618146826, 0.000280434149317, 0.00159341515973, -0.000388039945392, 0.001855480019, -0.000703303550836, 0.00105763366446], [-0.0005263464991, -0.00146988395136, -0.00177664333023, 0.00696739600971, -0.00321188592352, -0.00308868451975, -8.64589310368e-05, 0.000239223518292, -0.000466948346002, -0.00129488098901, -0.00203380570747, 0.00027680612402, -0.0030717740301], [-9.34304262046e-05, -0.000974228489213, -0.00190123170614, -0.00321188592352, 0.0182183198631, -0.00506684137508, 0.00251483661123, -0.00353518826887, -0.000506917887833, 0.000687044346705, 0.00208583474159, -0.00259201717563, 0.00116223678924], [-0.000511633581482, 0.000855081190821, -0.000909012451302, -0.00308868451975, -0.00506684137508, 0.0205695983022, -0.00728878565133, 0.00158287305385, 0.00100818509236, 0.00166769011412, -0.000428333471064, 0.00238865124993, -0.00168087577913], [-0.000187369529158, -0.000944876286667, -0.00100618146826, -8.64589310368e-05, 0.00251483661123, -0.00728878565133, 0.0148766282946, -0.00465374207124, 0.00251990603283, -0.00279283616692, 1.01224723039e-05, -0.00107890553772, -0.00368445180357], [-0.00109176186379, -0.000150981475599, 0.000280434149317, 0.000239223518292, -0.00353518826887, 0.00158287305385, -0.00465374207124, 0.0218711048365, -0.0107119437307, 0.000541742367204, -0.00395409250632, 0.0032017591875, -0.000277847488178], [-9.93111607386e-05, 6.83433972881e-05, 0.00159341515973, -0.000466948346002, -0.000506917887833, 0.00100818509236, 0.00251990603283, -0.0107119437307, 0.0245224125683, -0.0135542415082, 0.00576935848221, 0.000464984914288, -0.00122684822418], [-0.000187013254617, 0.00125159369782, -0.000388039945392, -0.00129488098901, 0.000687044346705, 0.00166769011412, -0.00279283616692, 0.000541742367204, -0.0135542415082, 0.0354047715664, -0.011785206385, 0.0022101495415, -0.00127485778648], [0.000233267710428, -0.000959271390457, 0.001855480019, -0.00203380570747, 0.00208583474159, -0.000428333471064, 1.01224723039e-05, -0.00395409250632, 0.00576935848221, -0.011785206385, 0.0301265399903, -0.0147677958012, 0.00331219215877], [-0.000603802909609, 0.00125995476265, -0.000703303550836, 0.00027680612402, -0.00259201717563, 0.00238865124993, -0.00107890553772, 0.0032017591875, 0.000464984914288, 0.0022101495415, -0.0147677958012, 0.0347475074232, -0.0123979412019], [0.000483307754621, 0.00140940758865, 0.00105763366446, -0.0030717740301, 0.00116223678924, -0.00168087577913, -0.00368445180357, -0.000277847488178, -0.00122684822418, -0.00127485778648, 0.00331219215877, -0.0123979412019, 0.0313713736832]]
    },
    "spectral_contrast_coeffs": {
        "max": [-0.49283862114, -0.543333351612, -0.52360612154, -0.577256262302, -0.66472274065, -0.65492618084],
        "mean": [-0.69488132, -0.768817543983, -0.769609928131, -0.819862544537, -0.792878568172, -0.773176133633],
        "min": [-0.910832762718, -0.926646590233, -0.899444580078, -0.923484921455, -0.889870047569, -0.906992316246],
        "stdev": [0.0676406696439, 0.0588028244674, 0.0626650154591, 0.0532247498631, 0.0391521416605, 0.0448267459869]
    },
    "spectral_contrast_valleys": {
        "max": [-5.34957838058, -5.2485408783, -5.66356754303, -5.77503013611, -5.83333444595, -8.42361164093],
        "mean": [-8.62808990479, -6.92626094818, -6.95319366455, -7.43985366821, -7.7283987999, -10.6183347702],
        "min": [-14.410027504, -10.8853149414, -10.6196756363, -11.317694664, -12.2017478943, -14.2088365555],
        "stdev": [2.22509074211, 0.661154985428, 0.547604978085, 0.507503271103, 0.794054031372, 0.885164558887]
    }
},
"rhythm": {
    "beats_count": 43,
    "beats_loudness": {
        "max": 0.0704053714871,
        "mean": 0.0197246745229,
        "min": 0.00067047594348,
        "stdev": 0.0202010106295
    },
    "bpm": 148.319732666,
    "bpm_histogram_first_peak_bpm": 148,
    "bpm_histogram_first_peak_weight": 0.25,
    "bpm_histogram_second_peak_bpm": 123,
    "bpm_histogram_second_peak_spread": 0.111111104488,
    "bpm_histogram_second_peak_weight": 0.190476194024,
    "danceability": 0.763487696648,
    "onset_rate": 2.51116061211,
    "beats_loudness_band_ratio": {
        "max": [0.711297869682, 0.539542019367, 0.636555790901, 0.540353357792, 0.370939821005, 0.238000884652],
        "mean": [0.167157486081, 0.126347437501, 0.314032524824, 0.256775796413, 0.110839910805, 0.0661891177297],
        "min": [3.34209034918e-05, 0.00141904503107, 0.0402886942029, 0.0264588184655, 0.00788174476475, 0.00201021088287],
        "stdev": [0.192388221622, 0.154291436076, 0.166238874197, 0.151537612081, 0.0765447542071, 0.0589768849313]
    },
    "beats_position": [0.371519267559, 0.754648506641, 1.14938771725, 1.55573689938, 1.95047616959, 2.35682535172, 2.75156450272, 3.15791368484, 3.56426286697, 3.97061228752, 4.37696123123, 4.78331041336, 5.18965959549, 5.59600877762, 6.00235795975, 6.40870714188, 6.81505680084, 7.22140598297, 7.61614513397, 8.03410434723, 8.44045352936, 8.84680271149, 9.27637195587, 9.70594120026, 10.1355104446, 10.623128891, 11.110748291, 11.5983667374, 12.0859861374, 12.5736055374, 13.0612239838, 13.5488433838, 14.0364627838, 14.5356912613, 15.0813598633, 15.6270294189, 16.1726989746, 16.7183666229, 17.2640361786, 17.8097057343, 18.3437633514, 18.877822876, 19.4118824005],
