{
"metadata": {
    "version": {
        "essentia": "2.1-beta5",
        "essentia_git_sha": "Undefined",
        "extractor": "music 2.0"
    },
    "audio_properties": {
        "analysis": {
            "equal_loudness": 0,
            "length": 12.7477550507,
            "sample_rate": 44100,
            "start_time": 0,
            "downmix": "mix"
        },
        "bit_rate": 192000,
        "length": 197.288360596,
        "lossless": 0,
        "number_channels": 2,
        "replay_gain": -0.57247543335,
        "sample_rate": 48000,
        "codec": "mp3",
        "md5_encoded": "95d605318bbbae40013c69d9700ad238"
    },
    "tags": {
        "file_name": "Iceland_Coming Home_Sjonni_s Friends.mp3",
        "encoding": ["Lavf58.29.100"]
    }
},
"lowlevel": {
    "average_loudness": 0.623173952103,
    "barkbands_crest": {
        "max": 26.2549343109,
        "mean": 13.9985399246,
        "min": 3.7190310955,
        "stdev": 5.96871757507
    },
    "barkbands_flatness_db": {
        "max": 0.417891323566,
        "mean": 0.183696478605,
        "min": 0.0581159703434,
        "stdev": 0.0756597965956
    },
    "barkbands_kurtosis": {
        "max": 391.29989624,
        "mean": 22.9900474548,
        "min": -1.49395120144,
        "stdev": 47.1704292297
    },
    "barkbands_skewness": {
        "max": 18.500377655,
        "mean": 3.04409098625,
        "min": -0.195019304752,
        "stdev": 2.87937045097
    },
    "barkbands_spread": {
        "max": 49.0004768372,
        "mean": 11.8326816559,
        "min": 0.431355476379,
        "stdev": 8.25887584686
    },
    "dissonance": {
        "max": 0.49990350008,
        "mean": 0.476924270391,
        "min": 0.343832761049,
        "stdev": 0.0214871577919
    },
    "dynamic_complexity": 4.42013454437,
    "erbbands_crest": {
        "max": 26.0882511139,
        "mean": 9.28150749207,
        "min": 3.01288819313,
        "stdev": 4.63950872421
    },
    "erbbands_flatness_db": {
        "max": 0.300625741482,
        "mean": 0.167376890779,
        "min": 0.0593161657453,
        "stdev": 0.0396787598729
    },
    "erbbands_kurtosis": {
        "max": 39.1249580383,
        "mean": 2.10639381409,
        "min": -1.49945926666,
        "stdev": 5.35413837433
    },
    "erbbands_skewness": {
        "max": 5.29975271225,
        "mean": 0.611292183399,
        "min": -0.960663378239,
        "stdev": 1.07173490524
    },
    "erbbands_spread": {
        "max": 93.4868621826,
        "mean": 31.6200561523,
        "min": 3.92330861092,
        "stdev": 16.9430084229
    },
    "hfc": {
        "max": 137.618804932,
        "mean": 10.7329931259,
        "min": 0.000138433781103,
        "stdev": 13.9227705002
    },
    "loudness_ebu128": {
        "integrated": -20.4334335327,
        "loudness_range": 10.0020923615,
        "momentary": {
            "max": -13.6289453506,
            "mean": -23.2503643036,
            "min": -36.165512085,
            "stdev": 4.95561933517
        },
        "short_term": {
            "max": -17.1318664551,
            "mean": -21.2495956421,
            "min": -27.976606369,
            "stdev": 3.64283943176
        }
    },
    "melbands_crest": {
        "max": 35.5993270874,
        "mean": 18.1301383972,
        "min": 4.71803808212,
        "stdev": 6.16304349899
    },
    "melbands_flatness_db": {
        "max": 0.53964138031,
        "mean": 0.268331587315,
        "min": 0.089873790741,
        "stdev": 0.0970024317503
    },
    "melbands_kurtosis": {
        "max": 388.014038086,
        "mean": 38.613483429,
        "min": -0.439164400101,
        "stdev": 63.1578788757
    },
    "melbands_skewness": {
        "max": 15.4355545044,
        "mean": 3.83073735237,
        "min": -0.773124396801,
        "stdev": 3.15734386444
    },
    "melbands_spread": {
        "max": 56.6283836365,
        "mean": 12.2382593155,
        "min": 0.425754100084,
        "stdev": 9.03854942322
    },
    "pitch_salience": {
        "max": 0.841620862484,
        "mean": 0.452202051878,
        "min": 0.0387883968651,
        "stdev": 0.189477935433
    },
    "silence_rate_20dB": {
        "max": 1,
        "mean": 0.9418181777,
        "min": 0,
        "stdev": 0.234087452292
    },
    "silence_rate_30dB": {
        "max": 1,
        "mean": 0.87090909481,
        "min": 0,
        "stdev": 0.335299342871
    },
    "silence_rate_60dB": {
        "max": 1,
        "mean": 0.10000000149,
        "min": 0,
        "stdev": 0.299999624491
    },
    "spectral_centroid": {
        "max": 3043.70458984,
        "mean": 944.192565918,
        "min": 133.541549683,
        "stdev": 434.961486816
    },
    "spectral_complexity": {
        "max": 40,
        "mean": 12.3381814957,
        "min": 0,
        "stdev": 7.17256164551
    },
    "spectral_decrease": {
        "max": -4.2040989559e-14,
        "mean": -1.73093503975e-08,
        "min": -3.97922946149e-07,
        "stdev": 4.21530756967e-08
    },
    "spectral_energy": {
        "max": 1.51433479786,
        "mean": 0.0663029775023,
        "min": 1.7122903273e-07,
        "stdev": 0.160217240453
    },
    "spectral_energyband_high": {
        "max": 0.00222235103138,
        "mean": 0.000142727818456,
        "min": 2.08096917476e-09,
        "stdev": 0.000246319890721
    },
    "spectral_energyband_low": {
        "max": 1.49403452873,
        "mean": 0.0583400316536,
        "min": 3.88528487161e-10,
        "stdev": 0.159329161048
    },
    "spectral_energyband_middle_high": {
        "max": 0.010583573021,
        "mean": 0.00199412391521,
        "min": 2.60416612718e-08,
        "stdev": 0.0016962508671
    },
    "spectral_energyband_middle_low": {
        "max": 0.0932888016105,
        "mean": 0.00688778003678,
        "min": 1.44328083707e-07,
        "stdev": 0.0114821465686
    },
    "spectral_entropy": {
        "max": 8.30875587463,
        "mean": 7.45959091187,
        "min": 6.09551763535,
        "stdev": 0.3883035779
    },
    "spectral_flux": {
        "max": 1.07671821117,
        "mean": 0.121027164161,
        "min": 0.000413798290538,
        "stdev": 0.142211675644
    },
    "spectral_kurtosis": {
        "max": 17.9118022919,
        "mean": 6.45158004761,
        "min": 0.960792541504,
        "stdev": 2.51598024368
    },
    "spectral_rms": {
        "max": 0.038436960429,
        "mean": 0.0057243257761,
        "min": 1.29248874146e-05,
        "stdev": 0.00564959412441
    },
    "spectral_rolloff": {
        "max": 4608.10546875,
        "mean": 688.122924805,
        "min": 64.599609375,
        "stdev": 601.499938965
    },
    "spectral_skewness": {
        "max": 3.2606112957,
        "mean": 1.98043453693,
        "min": 0.605780422688,
        "stdev": 0.389869809151
    },
    "spectral_spread": {
        "max": 9203616,
        "mean": 3974861.75,
        "min": 2450639.25,
        "stdev": 941004.0625
    },
    "spectral_strongpeak": {
        "max": 3.58399319649,
        "mean": 0.586992502213,
        "min": 0,
        "stdev": 0.586251437664
    },
    "zerocrossingrate": {
        "max": 0.10400390625,
        "mean": 0.0347052551806,
        "min": 0.00341796875,
        "stdev": 0.0199849549681
    },
    "barkbands": {
        "max": [0.0576717704535, 1.09744954109, 0.387669444084, 0.0469795316458, 0.0453961789608, 0.0485235340893, 0.0144456923008, 0.0140923392028, 0.0248528905213, 0.00461254408583, 0.00299233314581, 0.0031453310512, 0.00247668614611, 0.000835310551338, 0.000992290209979, 0.000911160546821, 0.00180646730587, 0.000686409824993, 0.000997183378786, 0.000748791440856, 0.000872648670338, 0.000965409039054, 0.00067090743687, 0.000258667132584, 0.000428391125752, 0.000212730810745, 7.56351582822e-05],
        "mean": [0.00191530119628, 0.0432586185634, 0.0121859814972, 0.0020194912795, 0.00131039309781, 0.000577134196647, 0.000245773291681, 0.000669443863444, 0.00187774351798, 0.000614961609244, 0.000343559746398, 0.000273619953077, 0.000214500440052, 0.000135197944473, 0.000145963247633, 0.000120018885355, 0.000111191933684, 7.22543991287e-05, 4.91092469019e-05, 3.94903909182e-05, 3.44632862834e-05, 2.98702780128e-05, 2.17749511648e-05, 1.49359620991e-05, 1.41666405398e-05, 6.94825803293e-06, 1.1719308759e-06],
        "min": [5.32893130664e-12, 4.03532415816e-11, 2.1968693531e-10, 2.38065650526e-10, 3.72313624375e-10, 1.82604276144e-09, 5.0791206796e-09, 9.07757211621e-08, 4.29506528121e-08, 6.36979979873e-09, 2.63107646781e-09, 3.29006133448e-09, 3.50694651097e-09, 6.8523204888e-09, 1.41789313624e-09, 3.3702435287e-10, 9.69117119887e-10, 2.83615908536e-10, 1.79067782824e-09, 6.59289234317e-10, 6.4004279654e-10, 1.6604723152e-10, 6.18173498501e-11, 3.94015930993e-10, 1.51538337434e-10, 1.07255329618e-10, 9.26723212058e-11],
        "stdev": [0.00469645904377, 0.1272777915, 0.043367203325, 0.00517733162269, 0.00447944412008, 0.0025753066875, 0.000836937688291, 0.00132327759638, 0.00302418810315, 0.00081154651707, 0.00038662229781, 0.000346501823515, 0.000255310820648, 0.00013097471674, 0.000128241823404, 0.000114968825073, 0.00014572654618, 8.91278323252e-05, 8.99804872461e-05, 7.17736402294e-05, 7.23447519704e-05, 7.34370478312e-05, 5.1863346016e-05, 2.53052021435e-05, 3.66167114407e-05, 1.9970086214e-05, 4.79031859868e-06]
    },
    "erbbands": {
        "max": [30.9594631195, 297.336273193, 622.133544922, 294.60357666, 98.9465026855, 135.534484863, 314.511108398, 381.897705078, 197.745742798, 165.719177246, 278.428985596, 640.64263916, 191.099395752, 133.451049805, 92.551902771, 84.3579559326, 103.886894226, 63.0226364136, 47.9971694946, 41.2375717163, 55.0017814636, 80.0907745361, 48.6212692261, 41.8549613953, 41.3580589294, 49.98046875, 24.3987846375, 44.8350372314, 35.7252616882, 44.2218513489, 9.74038505554, 7.25221395493, 4.26270866394, 4.36240291595, 3.37147808075, 1.44870460033, 0.317544817924, 0.122245751321, 0.00675072148442, 0.00164237560239],
        "mean": [1.27978515625, 9.5321521759, 15.4633255005, 10.4140405655, 4.91620397568, 4.15753507614, 5.01283836365, 4.35527181625, 3.22371530533, 7.08256721497, 21.4994087219, 43.8710479736, 23.5280303955, 18.079662323, 14.1241312027, 10.2800741196, 9.66114902496, 8.01298236847, 7.48350334167, 7.11899137497, 6.07301187515, 6.07547998428, 4.65715360641, 2.75186443329, 2.42722511292, 1.89430046082, 1.53323864937, 1.26845002174, 1.13453257084, 0.905359268188, 0.515542864799, 0.35515832901, 0.217677235603, 0.169407218695, 0.0947714298964, 0.0390228703618, 0.0105145042762, 0.00246700644493, 0.000205156145967, 7.69210673752e-05],
        "min": [8.53825954383e-10, 1.33046187401e-08, 1.86776603073e-07, 6.15555279637e-07, 1.25408496388e-06, 1.28234319163e-06, 5.42635780221e-06, 1.89920574485e-05, 3.01151158055e-05, 0.000615437340457, 0.002137969248, 0.0011880841339, 0.000300633022562, 0.000210510130273, 4.15817448811e-05, 0.000159311821335, 0.000194238717086, 0.000312342803227, 0.000183917072718, 2.75122893072e-05, 2.73548939731e-05, 4.35121328337e-05, 2.74023732345e-05, 8.5749241407e-05, 4.30064792454e-05, 3.78821750928e-05, 1.77656038431e-05, 2.86605263682e-05, 6.75493856761e-06, 3.39624102708e-06, 1.6588616063e-06, 4.93349625685e-06, 7.56458530304e-06, 2.48142123382e-06, 9.41612313454e-07, 6.29715657396e-07, 1.1869568084e-07, 6.60911396722e-08, 1.40251454894e-08, 1.36458155886e-09],
        "stdev": [3.76266241074, 28.8813495636, 52.4023170471, 28.779958725, 13.0503664017, 15.1719064713, 21.829908371, 19.1306686401, 11.6696205139, 15.4517068863, 38.0099220276, 76.2213287354, 30.2050533295, 19.8545761108, 13.5035381317, 11.1158275604, 11.0244731903, 7.75438547134, 6.62415456772, 6.14764928818, 5.73389911652, 7.35710048676, 5.91583776474, 3.87344455719, 4.52842092514, 3.72091221809, 2.91438293457, 2.9317085743, 2.87860417366, 2.72991061211, 1.01290023327, 0.622323274612, 0.371836036444, 0.402616977692, 0.270978152752, 0.121435530484, 0.0294077005237, 0.00795200746506, 0.000656159827486, 0.000174215514562]
    },
    "gfcc": {
        "mean": [-52.6187744141, 99.7811279297, -117.067100525, 19.784280777, -40.6158256531, 33.5061340332, -16.8188533783, 22.4521083832, -14.0505285263, -1.0312795639, -21.705034256, -5.25830745697, -12.9691829681],
        "cov": [[4954.21240234, 369.629333496, 733.51965332, 559.044677734, 315.556549072, 88.7326049805, 185.355270386, -27.9440193176, 9.71175384521, -117.622688293, -65.2633285522, 64.2258071899, 15.7358446121], [369.629333496, 747.407226562, 335.482727051, 243.806610107, 165.412475586, -37.7291641235, -2.39871358871, -137.524490356, -12.359044075, -131.118942261, 70.685874939, -27.0717334747, 52.7119369507], [733.51965332, 335.482727051, 790.986694336, 349.038360596, 375.249786377, 158.47479248, 116.790733337, -17.3097114563, 29.6663150787, -2.4472117424, 44.325088501, 24.5515708923, 58.2442131042], [559.044677734, 243.806610107, 349.038360596, 429.821716309, 360.228851318, 112.733154297, 108.779449463, -45.2136459351, 35.1082954407, -23.2932872772, 55.6298294067, 72.4234313965, 59.6159515381], [315.556549072, 165.412475586, 375.249786377, 360.228851318, 742.414672852, 367.218414307, 385.426452637, 190.127563477, 226.79296875, 35.9736633301, 80.6752090454, 75.220916748, 98.2521438599], [88.7326049805, -37.7291641235, 158.47479248, 112.733154297, 367.218414307, 311.226257324, 272.773071289, 215.681686401, 176.240158081, 72.0365142822, 31.754119873, 19.4481658936, 42.4523124695], [185.355270386, -2.39871358871, 116.790733337, 108.779449463, 385.426452637, 272.773071289, 349.061920166, 239.636581421, 210.459152222, 58.1175765991, 23.8707695007, -7.62183570862, 43.6634521484], [-27.9440193176, -137.524490356, -17.3097114563, -45.2136459351, 190.127563477, 215.681686401, 239.636581421, 278.67010498, 179.040496826, 91.0348358154, 6.07426261902, -25.2674388885, 10.4145994186], [9.71175384521, -12.359044075, 29.6663150787, 35.1082954407, 226.79296875, 176.240158081, 210.459152222, 179.040496826, 191.051422119, 55.7865867615, 30.658454895, -0.825980603695, 29.0727138519], [-117.622688293, -131.118942261, -2.4472117424, -23.2932872772, 35.9736633301, 72.0365142822, 58.1175765991, 91.0348358154, 55.7865867615, 99.0133056641, 20.1567764282, 28.094171524, 11.8816747665], [-65.2633285522, 70.685874939, 44.325088501, 55.6298294067, 80.6752090454, 31.754119873, 23.8707695007, 6.07426261902, 30.658454895, 20.1567764282, 74.2469329834, 52.8106193542, 34.0571022034], [64.2258071899, -27.0717334747, 24.5515708923, 72.4234313965, 75.220916748, 19.4481658936, -7.62183570862, -25.2674388885, -0.825980603695, 28.094171524, 52.8106193542, 124.267089844, 43.1824874878], [15.7358446121, 52.7119369507, 58.2442131042, 59.6159515381, 98.2521438599, 42.4523124695, 43.6634521484, 10.4145994186, 29.0727138519, 11.8816747665, 34.0571022034, 43.1824874878, 62.4032745361]],
        "icov": [[0.000322245847201, -6.74454786349e-05, -0.000303462467855, -0.000456835492514, 0.000441831885837, 0.000260320870439, -0.000506414915435, -0.000437912414782, -4.24936915806e-05, 0.000597315083724, 0.000808030192275, -0.000872979464475, 0.000319228420267], [-6.74454786349e-05, 0.00368922902271, -0.000992452376522, -0.00066984858131, -1.0011741324e-05, 0.000953851966187, 6.71388188493e-05, 0.000749723811168, -0.00120831478853, 0.00420986069366, -0.00498965196311, 0.00335500948131, -0.00217539444566], [-0.000303462467855, -0.000992452376522, 0.00294415908866, -0.000678121345118, -0.0012508421205, -0.00160880025942, 0.00111970573198, 0.000921155966353, 0.00138550705742, -0.00290858070366, 0.000234263832681, 0.00175824726466, -0.000494813837577], [-0.000456835492514, -0.00066984858131, -0.000678121345118, 0.00747312745079, -0.00347830168903, -0.00042589646182, -0.000642230152152, 0.00416332529858, 0.000515908119269, -0.00158824375831, -0.000694232119713, -0.000713301007636, 0.000629903515801], [0.000441831885837, -1.0011741324e-05, -0.0012508421205, -0.00347830168903, 0.00906435679644, -0.00411365646869, -0.00568911666051, 0.000677600968629, -0.00163821491878, 0.00414581084624, -9.26538705244e-05, -0.00369886145927, -0.00063405779656], [0.000260320870439, 0.000953851966187, -0.00160880025942, -0.00042589646182, -0.00411365646869, 0.017219780013, -0.00339168775827, -0.00704473489895, -0.000175227862201, -0.000788172823377, 0.000492572668009, -0.00131523434538, 0.000221356851398], [-0.000506414915435, 6.71388188493e-05, 0.00111970573198, -0.000642230152152, -0.00568911666051, -0.00339168775827, 0.021136296913, -0.00717383995652, -0.00651805009693, 0.000544882321265, 0.00173574243672, 0.00471533276141, -0.00396499084309], [-0.000437912414782, 0.000749723811168, 0.000921155966353, 0.00416332529858, 0.000677600968629, -0.00704473489895, -0.00717383995652, 0.0229691844434, -0.0064503387548, -0.00814386736602, -0.00106479751412, 0.00437833694741, 0.00165882788133], [-4.24936915806e-05, -0.00120831478853, 0.00138550705742, 0.000515908119269, -0.00163821491878, -0.000175227862201, -0.00651805009693, -0.0064503387548, 0.0217889156193, -0.00268034776673, -0.00466143200174, 0.00138973281719, -0.000477390509332], [0.000597315083724, 0.00420986069366, -0.00290858070366, -0.00158824375831, 0.00414581084624, -0.000788172823377, 0.000544882321265, -0.00814386736602, -0.00268034776673, 0.0264785271138, -0.00622949004173, -0.0046877078712, -0.0016372037353], [0.000808030192275, -0.00498965196311, 0.000234263832681, -0.000694232119713, -9.26538705244e-05, 0.000492572668009, 0.00173574243672, -0.00106479751412, -0.00466143200174, -0.00622949004173, 0.0325959064066, -0.0129813272506, -0.00221916753799], [-0.000872979464475, 0.00335500948131, 0.00175824726466, -0.000713301007636, -0.00369886145927, -0.00131523434538, 0.00471533276141, 0.00437833694741, 0.00138973281719, -0.0046877078712, -0.0129813272506, 0.0227351412177, -0.00928773637861], [0.000319228420267, -0.00217539444566, -0.000494813837577, 0.000629903515801, -0.00063405779656, 0.000221356851398, -0.00396499084309, 0.00165882788133, -0.000477390509332, -0.0016372037353, -0.00221916753799, -0.00928773637861, 0.0291593838483]]
    },
    "melbands": {
        "max": [0.270321726799, 0.346353381872, 0.0439162962139, 0.00750952772796, 0.00985044706613, 0.00852709263563, 0.00308021088131, 0.00207225279883, 0.00220026541501, 0.00360801303759, 0.000940493715461, 0.000576547288802, 0.000433952198364, 0.000442792428657, 0.000161516145454, 0.000259288819507, 0.00010535367619, 7.24952551536e-05, 7.74445652496e-05, 5.91924545006e-05, 5.7750607084e-05, 6.4814943471e-05, 0.000117146824778, 3.0956685805e-05, 3.62352730008e-05, 4.04266284022e-05, 4.04431302741e-05, 3.79648736271e-05, 1.30724620249e-05, 1.69880440808e-05, 2.82667879219e-05, 2.82882974716e-05, 1.79535036295e-05, 2.88630308205e-05, 6.98256917531e-06, 4.23916662839e-06, 4.36234995504e-06, 3.13682244268e-06, 3.07566097035e-06, 3.86098281524e-06],
        "mean": [0.0120600396767, 0.0093470197171, 0.00166134082247, 0.000302480097162, 0.000175387554918, 9.76548981271e-05, 4.9673304602e-05, 8.95694538485e-05, 0.000213682564208, 0.000270338205155, 0.00011113617802, 7.41658514016e-05, 4.80503003928e-05, 3.50917252945e-05, 2.09518602787e-05, 2.07313532883e-05, 1.38101104312e-05, 1.1459005691e-05, 1.08676267701e-05, 8.92034677236e-06, 6.53837605569e-06, 6.03911257713e-06, 5.99594977757e-06, 3.12393103741e-06, 2.09792642636e-06, 1.89140837392e-06, 1.54062854563e-06, 1.18522723369e-06, 9.47736168655e-07, 8.12989981114e-07, 7.14760346909e-07, 7.2862013667e-07, 4.56329701137e-07, 5.1446170346e-07, 3.01319261098e-07, 2.38537751329e-07, 2.06798873137e-07, 1.43585282331e-07, 1.52673663933e-07, 1.38214474532e-07],
        "min": [8.73113387145e-12, 7.4131110972e-11, 1.23167559485e-10, 9.56393159113e-11, 1.63368540917e-10, 3.82543885458e-10, 5.0076670588e-10, 9.95498083967e-09, 1.6579329909e-08, 6.32171870407e-09, 1.18650300696e-09, 8.10299327636e-10, 2.0082889518e-10, 2.39697456328e-10, 4.33410446421e-10, 4.1891048963e-10, 6.48306019979e-10, 3.70077440914e-10, 7.73608399562e-11, 1.9668530693e-11, 3.61041578578e-11, 4.70738240055e-11, 4.35467634174e-11, 1.03007160093e-11, 7.96170629425e-11, 5.5969995999e-11, 1.60326491666e-11, 2.90480764442e-11, 7.39064365263e-12, 1.7745287878e-11, 1.51969912349e-11, 2.86157057251e-12, 3.4269097976e-12, 1.22209555843e-12, 6.57008952451e-13, 1.65531412362e-12, 3.60507804165e-12, 5.29882604808e-12, 4.90424974936e-12, 1.16799907419e-12],
        "stdev": [0.035006057471, 0.0282075628638, 0.00445727072656, 0.00096633733483, 0.000729289255105, 0.000430465384852, 0.000178885500645, 0.000195445958525, 0.00038678306737, 0.000445583777037, 0.000148372128024, 8.57711056597e-05, 5.1322444051e-05, 4.64283584733e-05, 2.35688821704e-05, 2.40646677412e-05, 1.37660954351e-05, 1.0683959772e-05, 9.56601797952e-06, 8.56736369315e-06, 6.43671228318e-06, 7.22102868167e-06, 8.90041974344e-06, 3.94826201955e-06, 3.15306101584e-06, 3.70565999219e-06, 3.00475448967e-06, 2.53786265603e-06, 1.77904450993e-06, 1.69458940036e-06, 1.84741168141e-06, 2.12411850953e-06, 1.16865840027e-06, 1.7079829604e-06, 6.45877491934e-07, 4.1484051394e-07, 3.7985785184e-07, 2.48941461223e-07, 3.13195499757e-07, 3.45463320173e-07]
    },
    "melbands128": {
        "max": [0.0476186908782, 0.267577022314, 0.42985445261, 0.571284115314, 0.436510264874, 0.164826586843, 0.0665173903108, 0.0217545479536, 0.0121809346601, 0.00972052011639, 0.0103359688073, 0.011750263162, 0.0148458406329, 0.0165207404643, 0.0108773848042, 0.00338198151439, 0.00236892979592, 0.0043696379289, 0.0031487850938, 0.00172724598087, 0.00351568683982, 0.00339918211102, 0.00356066646054, 0.00643152743578, 0.00666551478207, 0.00373750552535, 0.00160331605002, 0.00140073883813, 0.0010766715277, 0.000894927419722, 0.000597091624513, 0.00059006724041, 0.000752123421989, 0.00038157083327, 0.000932483526412, 0.000438493589172, 0.000276194827165, 0.00024798058439, 0.000259090185864, 0.000330752314767, 0.000403724698117, 0.000390923989471, 0.000134706831886, 0.000100627163192, 9.47869557422e-05, 0.000119841562991, 0.000109089887701, 0.000153808345203, 8.62273736857e-05, 0.000126332219224, 6.83415200911e-05, 0.000107090076199, 0.00010142136307, 7.08845473127e-05, 0.000147692058817, 7.42166375858e-05, 9.52270202106e-05, 0.000295596488286, 6.84826954966e-05, 0.000119773118058, 3.83737351513e-05, 3.79855227948e-05, 5.32508020115e-05, 3.83935694117e-05, 9.74494541879e-05, 4.27605991717e-05, 3.44610416505e-05, 6.36951881461e-05, 3.66664135072e-05, 3.08982198476e-05, 7.75794323999e-05, 2.32354614127e-05, 1.35362161018e-05, 2.23917377298e-05, 2.40667122853e-05, 1.57148824655e-05, 1.58924085554e-05, 4.64562617708e-05, 3.16899022437e-05, 3.37458732247e-05, 6.06696157774e-05, 3.4726850572e-05, 1.51587155415e-05, 3.17836129398e-05, 1.97911394935e-05, 5.62097775401e-05, 2.04392763408e-05, 1.54202443809e-05, 8.70984149515e-06, 8.41284054331e-06, 4.85198643219e-06, 6.16071793047e-06, 5.16233512826e-06, 5.29355202161e-06, 4.55903591501e-06, 4.77470939586e-06, 1.82657470305e-06, 2.67495897788e-06, 3.8106629745e-06, 3.47481636709e-06, 5.68138239032e-06, 4.20887681685e-06, 3.88985699828e-06, 2.35965967477e-06, 4.5888805289e-06, 5.3667922657e-06, 3.16112982546e-06, 2.30373711929e-06, 2.79568143924e-06, 2.25642133955e-06, 1.67126870565e-06, 1.28517422127e-06, 9.31222359668e-07, 8.28167912914e-07, 8.13696829027e-07, 7.02569820987e-07, 1.97398526325e-06, 1.19791923225e-06, 7.8603034126e-07, 1.40607994581e-07, 1.50433038471e-07, 1.10137492015e-07, 1.05490300939e-07, 6.31262579986e-08, 6.22767473146e-08, 6.17014705995e-08, 6.12436821257e-08, 6.09580510513e-08],
        "mean": [0.00147556723095, 0.0090550230816, 0.0183309167624, 0.0146655216813, 0.00925684720278, 0.00533464597538, 0.00216547586024, 0.000772618921474, 0.000440257368609, 0.000288233335596, 0.000214489176869, 0.000182126401342, 0.000186243720236, 0.000137876544613, 0.000106759478513, 7.31668769731e-05, 4.35674628534e-05, 4.76669411e-05, 5.16697327839e-05, 6.25032771495e-05, 0.000130400469061, 0.000121014927572, 0.00019801936287, 0.000335111719323, 0.000345020962413, 0.00022294856899, 0.000151591768372, 9.17482975638e-05, 8.57912091305e-05, 9.07781577553e-05, 6.47333508823e-05, 5.22409900441e-05, 4.99624438817e-05, 4.04979618907e-05, 4.53954853583e-05, 3.2200190617e-05, 2.14337651414e-05, 1.81876639544e-05, 2.301517452e-05, 2.18915065489e-05, 1.99318455998e-05, 1.98312245629e-05, 1.3919758203e-05, 1.10160735858e-05, 1.00550232673e-05, 1.16818546303e-05, 1.2876666915e-05, 1.22294986795e-05, 8.95946232049e-06, 9.1416441137e-06, 9.3213711807e-06, 8.43978614284e-06, 6.86759312885e-06, 5.72014459976e-06, 5.61684510103e-06, 5.56384065931e-06, 6.43330349703e-06, 8.38215237309e-06, 4.76334980704e-06, 3.87557702197e-06, 3.03728802464e-06, 2.70799205282e-06, 2.0359541395e-06, 1.86854401818e-06, 2.27883401749e-06, 1.88592423456e-06, 1.59619457918e-06, 1.93653067981e-06, 1.36788787586e-06, 1.24304631299e-06, 1.38332063671e-06, 1.06283073364e-06, 7.95297012246e-07, 1.04146181457e-06, 9.77415425041e-07, 8.28944848763e-07, 7.16008855761e-07, 7.26927055439e-07, 6.71495286042e-07, 7.38869459838e-07, 9.26734458062e-07, 6.44575095521e-07, 4.28770363214e-07, 4.27082284205e-07, 4.33235584296e-07, 6.93810079611e-07, 4.39991680423e-07, 3.9726188561e-07, 2.85200684402e-07, 2.57650214053e-07, 2.17671200176e-07, 2.6400894626e-07, 2.1994443955e-07, 2.19724924477e-07, 1.92142977085e-07, 1.34628194814e-07, 1.24169673654e-07, 1.68131990108e-07, 1.41944042298e-07, 1.5540382492e-07, 1.62569179452e-07, 1.32794440333e-07, 1.06993894633e-07, 1.34080764269e-07, 1.0885225521e-07, 9.37426918313e-08, 8.73630412457e-08, 7.5923736631e-08, 6.51815525998e-08, 6.04073306931e-08, 4.99560073308e-08, 3.43753576715e-08, 2.89501134176e-08, 2.46738132148e-08, 2.61478643182e-08, 2.1756594748e-08, 2.0393938982e-08, 1.32686990284e-08, 9.73088720713e-09, 3.62143381949e-09, 2.74204681183e-09, 1.65037894462e-09, 1.02429575932e-09, 1.41557224276e-10, 1.23604793067e-10, 1.22134788394e-10, 1.21028492783e-10, 1.20281271054e-10],
        "min": [4.26422308922e-12, 7.23676066988e-12, 4.95280292473e-12, 2.17046190049e-11, 6.99129920623e-11, 1.18956483552e-10, 1.26266219702e-10, 1.16031857733e-10, 1.31233440781e-10, 1.18612619726e-10, 5.89631260484e-11, 2.18807992558e-11, 9.13939687819e-11, 4.54263016092e-10, 5.87827120313e-10, 2.35814479055e-10, 6.14309367264e-11, 2.41803854717e-10, 1.21713383816e-09, 4.51490489439e-09, 1.4717527641e-08, 2.54379628473e-08, 1.59223070284e-08, 9.43754940863e-09, 9.95539384263e-09, 3.3665692456e-09, 1.51535184401e-09, 1.40485445499e-09, 5.11404141257e-10, 5.203802389e-10, 1.36424682662e-09, 4.82228423859e-10, 5.30535095022e-11, 1.98728325462e-11, 2.47959135863e-11, 2.15838624751e-10, 7.63824559158e-10, 4.25364826695e-10, 1.7762445681e-10, 6.1056942835e-10, 4.32554408958e-10, 2.11188372345e-10, 4.75830264079e-10, 1.21123500119e-09, 5.41530431608e-10, 1.23215521119e-10, 2.59135213287e-10, 7.24145604591e-11, 7.78993015926e-12, 1.42531125791e-11, 2.17152199e-11, 2.79804894532e-11, 1.36107765683e-11, 5.54730775204e-11, 5.49215534162e-11, 4.77878396576e-11, 1.89833773701e-11, 8.68694213785e-11, 2.95374349979e-11, 1.48307616188e-11, 1.21794397484e-11, 3.06547734245e-12, 6.01508296297e-12, 1.20375431845e-10, 1.90371260422e-10, 1.53920036439e-11, 9.09504156016e-12, 2.28004073954e-11, 1.49688803019e-11, 1.07180488443e-11, 4.81534812025e-11, 2.37384886054e-11, 7.00461997433e-12, 6.79780147103e-12, 4.81807562597e-12, 1.74142367193e-11, 2.19423316322e-11, 2.25210614047e-11, 1.72394754722e-11, 4.71087795509e-12, 2.66435137841e-12, 2.50427413181e-12, 2.36118633326e-12, 5.39562535276e-12, 2.05929088885e-12, 1.32687209744e-12, 8.70469278255e-13, 8.92347339684e-13, 5.99878978956e-13, 5.76062309833e-13, 6.79929420058e-13, 2.94983482085e-12, 1.63659374681e-12, 3.69025773481e-12, 3.92190923834e-12, 5.74478572352e-12, 5.59756191051e-12, 4.76644114802e-12, 7.6678862912e-12, 2.78541534456e-12, 1.17247878073e-12, 1.09428807162e-12, 7.87815721947e-13, 1.47914232945e-12, 1.06148033072e-12, 7.02532053799e-13, 8.01246710039e-13, 1.4561770843e-12, 1.88981057365e-12, 5.10230421281e-13, 2.53174624277e-13, 4.14985022257e-13, 1.91738497909e-13, 3.34121321105e-13, 5.21655581145e-13, 5.93317604249e-13, 4.54940772554e-13, 6.2017784571e-13, 5.88903925625e-13, 4.03822158004e-13, 4.11926325298e-13, 2.71615927449e-13, 4.05612365527e-13, 4.00001348233e-13, 1.8387385798e-13, 8.3503455615e-14, 6.83436537953e-15, 3.23941874386e-16],
        "stdev": [0.00384248327464, 0.0272281132638, 0.0555179938674, 0.0465609915555, 0.0323094166815, 0.0185020305216, 0.006190830376, 0.0020695021376, 0.00136035180185, 0.00106915074866, 0.000893752847333, 0.000861136009917, 0.000860642350744, 0.00084716611309, 0.000525028444827, 0.000251664227108, 0.00017267029034, 0.000222327871597, 0.000185133510968, 0.000149753221194, 0.000324682565406, 0.000262819346972, 0.00041752224206, 0.00076378765516, 0.000728879007511, 0.000357942888513, 0.000235012819758, 0.000162185082445, 0.000148840248585, 0.000127711362438, 8.73196840985e-05, 7.53218555474e-05, 7.86435703048e-05, 4.6769164328e-05, 8.94868353498e-05, 4.9718793889e-05, 2.75660022453e-05, 2.64064092335e-05, 3.56458112947e-05, 3.13890341204e-05, 2.9190985515e-05, 2.95438894682e-05, 1.71318060893e-05, 1.2184188563e-05, 1.201003397e-05, 1.5086356143e-05, 1.37886408993e-05, 1.45332987813e-05, 1.07573041532e-05, 1.19896485558e-05, 1.03507882159e-05, 1.0750041838e-05, 8.30778117233e-06, 6.72752275932e-06, 8.67217295308e-06, 7.64017840993e-06, 9.87660223473e-06, 1.76364319486e-05, 7.41479834687e-06, 8.34031561681e-06, 4.38253300672e-06, 4.00675344281e-06, 3.57305725629e-06, 3.41283384842e-06, 5.77816081204e-06, 4.21735194323e-06, 3.60912099495e-06, 4.75651631859e-06, 2.85831106339e-06, 2.8166773518e-06, 4.09781978306e-06, 2.12750819628e-06, 1.45012393205e-06, 2.2935682864e-06, 2.37156655203e-06, 1.89412401141e-06, 1.4326026303e-06, 2.44015882345e-06, 1.86469173968e-06, 2.27032683142e-06, 3.53954305865e-06, 1.98781526706e-06, 1.11475935682e-06, 1.50173980273e-06, 1.23367010474e-06, 3.00055444313e-06, 1.40781878599e-06, 1.08207473204e-06, 6.83316272898e-07, 6.15286410266e-07, 4.19525491679e-07, 5.51985976927e-07, 4.50565437404e-07, 4.34248619285e-07, 3.98228735321e-07, 3.09693376721e-07, 2.05034908163e-07, 2.90403733061e-07, 3.07453689175e-07, 3.82454373948e-07, 4.69627337907e-07, 3.59074391554e-07, 2.7978109074e-07, 3.38088483431e-07, 3.6601619513e-07, 3.77992932954e-07, 2.94157189273e-07, 2.29337928204e-07, 2.20993328526e-07, 2.09057247957e-07, 1.52881952431e-07, 1.0947275797e-07, 8.18521783685e-08, 6.7630942624e-08, 6.87591850124e-08, 6.22765554681e-08, 9.59813419854e-08, 6.84229206627e-08, 4.78280064442e-08, 1.49898369273e-08, 1.32191644298e-08, 8.64019789049e-09, 6.59979448869e-09, 2.6930877528e-09, 2.65284194612e-09, 2.628354423e-09, 2.6088580185e-09, 2.59667998215e-09]
    },
    "mfcc": {
        "mean": [-697.759887695, 136.311676025, -9.63391017914, 6.20333766937, 6.67670679092, 13.2208957672, 11.7187671661, 20.7690048218, 17.542339325, 11.3920297623, 6.20519399643, 2.81191134453, -1.95321893692],
        "cov": [[4551.13574219, 186.662109375, 357.234802246, 470.727600098, 102.204696655, 175.384918213, 58.8261489868, 179.317703247, 12.9189910889, 0.838226795197, -87.9901428223, -66.5168228149, -17.3963413239], [186.662109375, 533.880859375, 220.472610474, 185.123168945, 152.544052124, 77.7786941528, 51.0214157104, 38.0859985352, -22.0065460205, -35.619556427, -16.0931491852, -16.0814647675, -22.0305328369], [357.234802246, 220.472610474, 496.584411621, 211.099761963, 131.049880981, 81.0992126465, 30.2300376892, -56.0626831055, -58.2845077515, -78.238571167, -33.5268783569, -35.7332878113, -3.77158141136], [470.727600098, 185.123168945, 211.099761963, 397.130126953, 238.700469971, 204.83757019, 82.5349960327, 70.7112197876, -16.7091770172, -57.835975647, -40.9879112244, -16.4399299622, 45.3088645935], [102.204696655, 152.544052124, 131.049880981, 238.700469971, 340.310455322, 252.870300293, 178.440719604, 173.539840698, 120.545211792, 51.202507019, 47.9541435242, 43.3577041626, 68.7349090576], [175.384918213, 77.7786941528, 81.0992126465, 204.83757019, 252.870300293, 258.092132568, 159.836303711, 164.047821045, 126.160858154, 50.7432441711, 40.5443153381, 49.9998207092, 63.6542434692], [58.8261489868, 51.0214157104, 30.2300376892, 82.5349960327, 178.440719604, 159.836303711, 200.876083374, 163.320480347, 175.775604248, 108.744514465, 85.1130371094, 67.8969039917, 37.9953765869], [179.317703247, 38.0859985352, -56.0626831055, 70.7112197876, 173.539840698, 164.047821045, 163.320480347, 237.286209106, 191.884460449, 134.947280884, 93.8605728149, 79.4348449707, 39.9986114502], [12.9189910889, -22.0065460205, -58.2845077515, -16.7091770172, 120.545211792, 126.160858154, 175.775604248, 191.884460449, 277.742279053, 185.939605713, 125.946510315, 103.615875244, 24.917848587], [0.838226795197, -35.619556427, -78.238571167, -57.835975647, 51.202507019, 50.7432441711, 108.744514465, 134.947280884, 185.939605713, 191.785430908, 104.128433228, 80.6794433594, 10.9245290756], [-87.9901428223, -16.0931491852, -33.5268783569, -40.9879112244, 47.9541435242, 40.5443153381, 85.1130371094, 93.8605728149, 125.946510315, 104.128433228, 117.826324463, 59.379737854, 14.6074056625], [-66.5168228149, -16.0814647675, -35.7332878113, -16.4399299622, 43.3577041626, 49.9998207092, 67.8969039917, 79.4348449707, 103.615875244, 80.6794433594, 59.379737854, 89.0752868652, 22.2551364899], [-17.3963413239, -22.0305328369, -3.77158141136, 45.3088645935, 68.7349090576, 63.6542434692, 37.9953765869, 39.9986114502, 24.917848587, 10.9245290756, 14.6074056625, 22.2551364899, 77.819152832]],
        "icov": [[0.000325494504068, 5.84766858083e-05, -0.000319572223816, -0.00050556048518, 0.000673022237606, 1.40894608194e-05, 0.000111205452413, -0.000887863279786, -9.56722215051e-06, -0.000249127362622, 0.000361634447472, 0.000393874914153, 2.17749347939e-05], [5.84766858083e-05, 0.00289965886623, -0.000908617221285, -0.000713162356988, -0.00144854444079, 0.00156788120512, -0.000258975836914, -0.00134784774855, 0.000690606597345, 0.000283664703602, 0.000210875004996, -0.000361167505616, 0.00182409246918], [-0.000319572223816, -0.000908617221285, 0.00400404026732, -0.000856501108501, -0.00167929776944, -0.000395836890675, -0.00110345741268, 0.00433731498197, -0.000294590019621, 0.000459008064354, -0.00141165975947, -0.000288035022095, 0.000857780920342], [-0.00050556048518, -0.000713162356988, -0.000856501108501, 0.0083697354421, -0.00285369623452, -0.00455291429535, 4.21321383328e-05, 0.000132719593239, 0.00202023936436, 0.000915972341318, 0.00174011755735, 0.000208200421184, -0.000235251776758], [0.000673022237606, -0.00144854444079, -0.00167929776944, -0.00285369623452, 0.0165439732373, -0.00877477787435, -0.00351273035631, -0.00416807131842, 0.00153287150897, -0.00107552821282, -0.000710176769644, 0.00278703053482, -0.003260767553], [1.40894608194e-05, 0.00156788120512, -0.000395836890675, -0.00455291429535, -0.00877477787435, 0.0228174589574, -0.003241261933, -0.00485026510432, -0.00430503673851, 0.00397022627294, 0.00310510699637, -0.00239591533318, -0.00283598084934], [0.000111205452413, -0.000258975836914, -0.00110345741268, 4.21321383328e-05, -0.00351273035631, -0.003241261933, 0.0204746238887, -0.00281380722299, -0.00700453622267, -9.1471374617e-05, -0.00272975885309, 0.000131940701976, -0.00019264355069], [-0.000887863279786, -0.00134784774855, 0.00433731498197, 0.000132719593239, -0.00416807131842, -0.00485026510432, -0.00281380722299, 0.0209494549781, -0.00350678968243, -0.00318616162986, -0.00345589197241, -0.00179381656926, 0.000539617263712], [-9.56722215051e-06, 0.000690606597345, -0.000294590019621, 0.00202023936436, 0.00153287150897, -0.00430503673851, -0.00700453622267, -0.00350678968243, 0.0202568601817, -0.00887316931039, -0.0028012925759, -0.00384425651282, 0.00277737365104], [-0.000249127362622, 0.000283664703602, 0.000459008064354, 0.000915972341318, -0.00107552821282, 0.00397022627294, -9.1471374617e-05, -0.00318616162986, -0.00887316931039, 0.0194790679961, -0.00418472662568, -0.00329017685726, 0.000731426756829], [0.000361634447472, 0.000210875004996, -0.00141165975947, 0.00174011755735, -0.000710176769644, 0.00310510699637, -0.00272975885309, -0.00345589197241, -0.0028012925759, -0.00418472662568, 0.021298404783, -0.00296883378178, -0.00140896707308], [0.000393874914153, -0.000361167505616, -0.000288035022095, 0.000208200421184, 0.00278703053482, -0.00239591533318, 0.000131940701976, -0.00179381656926, -0.00384425651282, -0.00329017685726, -0.00296883378178, 0.0233513694257, -0.00422171363607], [2.17749347939e-05, 0.00182409246918, 0.000857780920342, -0.000235251776758, -0.003260767553, -0.00283598084934, -0.00019264355069, 0.000539617263712, 0.00277737365104, 0.000731426756829, -0.00140896707308, -0.00422171363607, 0.0190465282649]]
    },
    "spectral_contrast_coeffs": {
        "max": [-0.390066355467, -0.520282328129, -0.633453905582, -0.751239061356, -0.727083861828, -0.669029474258],
        "mean": [-0.68951267004, -0.773199737072, -0.790768623352, -0.839120149612, -0.817445218563, -0.791732490063],
        "min": [-0.905287861824, -0.911410152912, -0.89130884409, -0.910951733589, -0.89694917202, -0.859050154686],
        "stdev": [0.0938672944903, 0.0767303705215, 0.0469995699823, 0.0264915302396, 0.0272507332265, 0.026013314724]
    },
    "spectral_contrast_valleys": {
        "max": [-5.0582447052, -4.78516197205, -5.77771425247, -6.3487405777, -6.47690677643, -8.74706745148],
        "mean": [-7.3540968895, -7.13652467728, -7.16958713531, -7.59152507782, -8.17887687683, -10.8226327896],
        "min": [-14.1829376221, -11.82442379, -12.8698701859, -13.154589653, -13.3637599945, -15.9704608917],
        "stdev": [1.0506054163, 0.759866058826, 0.680445194244, 0.669356584549, 0.720782101154, 0.754640460014]
    }
},
"rhythm": {
    "beats_count": 21,
    "beats_loudness": {
        "max": 0.76710242033,
        "mean": 0.1478061378,
        "min": 0.00127854896709,
        "stdev": 0.227280586958
    },
    "bpm": 114.011558533,
    "bpm_histogram_first_peak_bpm": 115,
    "bpm_histogram_first_peak_weight": 0.33333337307,
    "bpm_histogram_second_peak_bpm": 92,
    "bpm_histogram_second_peak_spread": 0,
    "bpm_histogram_second_peak_weight": 0.40000000596,
    "danceability": 0.961421251297,
    "onset_rate": 3.13495230675,
    "beats_loudness_band_ratio": {
        "max": [0.996334254742, 0.172468438745, 0.914765238762, 0.243465587497, 0.125207051635, 0.0323352850974],
        "mean": [0.738410532475, 0.0241467300802, 0.160619884729, 0.057866062969, 0.0210656430572, 0.00774452462792],
        "min": [0.0179946254939, 0.000238169712247, 0.000771201099269, 0.00117187248543, 0.000768764177337, 9.76821102086e-05],
        "stdev": [0.350507736206, 0.0399731658399, 0.279127657413, 0.0724981948733, 0.0338440202177, 0.0101005546749]
    },
    "beats_position": [0.53405892849, 1.06811785698, 1.59056687355, 2.11301589012, 2.63546490669, 3.15791368484, 3.68036270142, 4.20281171799, 4.73687076569, 5.27092981339, 5.80498838425, 6.32743740082, 6.84988641739, 7.51165533066, 8.17342376709, 8.82358264923, 9.47374153137, 10.1239004135, 10.774058342, 11.4242172241, 12.0743761063],
