{
"metadata": {
    "version": {
        "essentia": "2.1-beta5",
        "essentia_git_sha": "Undefined",
        "extractor": "music 2.0"
    },
    "audio_properties": {
        "analysis": {
            "equal_loudness": 0,
            "length": 12.7477550507,
            "sample_rate": 44100,
            "start_time": 0,
            "downmix": "mix"
        },
        "bit_rate": 192000,
        "length": 198.066223145,
        "lossless": 0,
        "number_channels": 2,
        "replay_gain": 11.8148899078,
        "sample_rate": 48000,
        "codec": "mp3",
        "md5_encoded": "8dc2c4d85fcf90acd8ceae1d121ea0a4"
    },
    "tags": {
        "file_name": "Slovenia_No One_Maja Keuc.mp3",
        "encoding": ["Lavf58.29.100"]
    }
},
"lowlevel": {
    "average_loudness": 0.802308619022,
    "barkbands_crest": {
        "max": 26.2431221008,
        "mean": 14.9495420456,
        "min": 3.86003255844,
        "stdev": 6.0433921814
    },
    "barkbands_flatness_db": {
        "max": 0.490334957838,
        "mean": 0.234596967697,
        "min": 0.057485178113,
        "stdev": 0.0999937653542
    },
    "barkbands_kurtosis": {
        "max": 795.683410645,
        "mean": 36.8305130005,
        "min": -1.46640074253,
        "stdev": 79.1872253418
    },
    "barkbands_skewness": {
        "max": 22.6071186066,
        "mean": 3.5563788414,
        "min": -1.74482858181,
        "stdev": 3.579174757
    },
    "barkbands_spread": {
        "max": 31.8964767456,
        "mean": 8.81578350067,
        "min": 0.177009314299,
        "stdev": 6.41032266617
    },
    "dissonance": {
        "max": 0.499999821186,
        "mean": 0.464540094137,
        "min": 0.188810750842,
        "stdev": 0.0426780320704
    },
    "dynamic_complexity": 3.93038415909,
    "erbbands_crest": {
        "max": 23.806219101,
        "mean": 11.5020446777,
        "min": 3.54546236992,
        "stdev": 4.26041603088
    },
    "erbbands_flatness_db": {
        "max": 0.393474370241,
        "mean": 0.196640610695,
        "min": 0.10350433737,
        "stdev": 0.0509314909577
    },
    "erbbands_kurtosis": {
        "max": 27.5560436249,
        "mean": 2.36249303818,
        "min": -1.46567511559,
        "stdev": 3.8506834507
    },
    "erbbands_skewness": {
        "max": 4.84628677368,
        "mean": 0.842817187309,
        "min": -3.4893693924,
        "stdev": 1.10400021076
    },
    "erbbands_spread": {
        "max": 72.162109375,
        "mean": 26.247713089,
        "min": 4.92892885208,
        "stdev": 14.9681463242
    },
    "hfc": {
        "max": 115.621070862,
        "mean": 13.3321752548,
        "min": 1.17214020663e-16,
        "stdev": 14.8784198761
    },
    "loudness_ebu128": {
        "integrated": -32.2304000854,
        "loudness_range": 4.709897995,
        "momentary": {
            "max": -26.9576301575,
            "mean": -33.8421211243,
            "min": -47.2588424683,
            "stdev": 3.97732686996
        },
        "short_term": {
            "max": -30.2823886871,
            "mean": -32.3799781799,
            "min": -36.2597885132,
            "stdev": 1.67044460773
        }
    },
    "melbands_crest": {
        "max": 36.165851593,
        "mean": 19.4057922363,
        "min": 2.08842182159,
        "stdev": 6.48989200592
    },
    "melbands_flatness_db": {
        "max": 0.618989408016,
        "mean": 0.319317430258,
        "min": 0.00747780315578,
        "stdev": 0.128291383386
    },
    "melbands_kurtosis": {
        "max": 380.909515381,
        "mean": 45.6016845703,
        "min": -1.72499346733,
        "stdev": 68.1404647827
    },
    "melbands_skewness": {
        "max": 13.9886817932,
        "mean": 3.92276000977,
        "min": -0.311502933502,
        "stdev": 3.27525663376
    },
    "melbands_spread": {
        "max": 123.062332153,
        "mean": 10.4657049179,
        "min": 0.230551943183,
        "stdev": 9.96705913544
    },
    "pitch_salience": {
        "max": 0.879020631313,
        "mean": 0.430378049612,
        "min": 0.0232684761286,
        "stdev": 0.205419689417
    },
    "silence_rate_20dB": {
        "max": 1,
        "mean": 0.927272737026,
        "min": 0,
        "stdev": 0.25968927145
    },
    "silence_rate_30dB": {
        "max": 1,
        "mean": 0.845454573631,
        "min": 0,
        "stdev": 0.361471682787
    },
    "silence_rate_60dB": {
        "max": 1,
        "mean": 0.0454545468092,
        "min": 0,
        "stdev": 0.208298787475
    },
    "spectral_centroid": {
        "max": 10376.8056641,
        "mean": 823.248718262,
        "min": 107.722572327,
        "stdev": 575.191772461
    },
    "spectral_complexity": {
        "max": 32,
        "mean": 11.3145456314,
        "min": 0,
        "stdev": 7.79960441589
    },
    "spectral_decrease": {
        "max": -6.2443590011e-29,
        "mean": -1.90657178933e-08,
        "min": -3.37600766898e-07,
        "stdev": 3.92780670211e-08
    },
    "spectral_energy": {
        "max": 1.28466761112,
        "mean": 0.0731676444411,
        "min": 1.08673324822e-20,
        "stdev": 0.149214148521
    },
    "spectral_energyband_high": {
        "max": 0.00154315331019,
        "mean": 0.000122879515402,
        "min": 7.93344886532e-21,
        "stdev": 0.000209310368518
    },
    "spectral_energyband_low": {
        "max": 1.27027845383,
        "mean": 0.0620286688209,
        "min": 2.57193299117e-23,
        "stdev": 0.149655878544
    },
    "spectral_energyband_middle_high": {
        "max": 0.0581372603774,
        "mean": 0.00354363350198,
        "min": 1.68122571284e-21,
        "stdev": 0.00624907854944
    },
    "spectral_energyband_middle_low": {
        "max": 0.0693914890289,
        "mean": 0.00819588918239,
        "min": 3.49494966452e-22,
        "stdev": 0.010106026195
    },
    "spectral_entropy": {
        "max": 9.79175949097,
        "mean": 7.22085237503,
        "min": 5.3505730629,
        "stdev": 0.61874461174
    },
    "spectral_flux": {
        "max": 0.98602938652,
        "mean": 0.131657466292,
        "min": 1.04246500321e-10,
        "stdev": 0.137350708246
    },
    "spectral_kurtosis": {
        "max": 110.308372498,
        "mean": 11.3576192856,
        "min": -1.17702841759,
        "stdev": 14.9989013672
    },
    "spectral_rms": {
        "max": 0.0354024618864,
        "mean": 0.00652202451602,
        "min": 3.2561134778e-12,
        "stdev": 0.00537086743861
    },
    "spectral_rolloff": {
        "max": 18712.3535156,
        "mean": 614.986572266,
        "min": 43.06640625,
        "stdev": 936.965759277
    },
    "spectral_skewness": {
        "max": 8.21827220917,
        "mean": 2.33636879921,
        "min": 0.0916301310062,
        "stdev": 1.00286853313
    },
    "spectral_spread": {
        "max": 40937740,
        "mean": 3545248,
        "min": 749529.75,
        "stdev": 1937668.875
    },
    "spectral_strongpeak": {
        "max": 10.2952289581,
        "mean": 0.786979854107,
        "min": 0,
        "stdev": 1.05325031281
    },
    "zerocrossingrate": {
        "max": 0.5107421875,
        "mean": 0.0299529470503,
        "min": 0.00244140625,
        "stdev": 0.0311750825495
    },
    "barkbands": {
        "max": [0.0472063794732, 0.907684743404, 0.352490335703, 0.046346001327, 0.0342764183879, 0.0199143607169, 0.00625383527949, 0.0101050026715, 0.0291419439018, 0.0135267041624, 0.0103591391817, 0.0337552577257, 0.0461821369827, 0.00156076333951, 0.000964227190707, 0.000860398053192, 0.00070712302113, 0.00040201030788, 0.000518654298503, 0.000417767034378, 0.00119531864766, 0.000630822847597, 0.000390996952774, 0.000170295446878, 0.000215933207073, 0.000133824345539, 5.35358049092e-06],
        "mean": [0.0032315403223, 0.0457824133337, 0.0127271590754, 0.0013025632361, 0.00147134449799, 0.00067470833892, 0.000282966066152, 0.00086563709192, 0.00274047674611, 0.00175979442429, 0.000447661965154, 0.000529378186911, 0.000568591814954, 0.000227687545703, 0.000123466015793, 9.71358385868e-05, 8.08380646049e-05, 6.51163863949e-05, 5.30350735062e-05, 2.69704451057e-05, 3.97922267439e-05, 2.2568174245e-05, 1.50286132339e-05, 1.38723153214e-05, 1.1542339962e-05, 6.3172924456e-06, 1.56835824328e-07],
        "min": [2.10796034768e-23, 1.65009964072e-23, 7.46913078674e-25, 6.61287660692e-24, 7.73029665922e-23, 7.96254425169e-23, 4.33520340622e-23, 1.84708057534e-23, 9.74386348871e-23, 5.95799568007e-23, 1.31173230202e-22, 6.97437479887e-23, 5.00037313031e-23, 1.19856054951e-22, 2.2099050949e-22, 1.44752113845e-22, 2.54317471977e-22, 2.46782499802e-22, 3.02909284255e-22, 2.93752944173e-22, 4.82814125509e-22, 6.01907080597e-22, 5.55310821352e-22, 9.94559579566e-22, 1.16845309877e-21, 1.85713922084e-21, 2.23188111889e-21],
        "stdev": [0.00514788785949, 0.119310878217, 0.0414325296879, 0.0040243472904, 0.00376866059378, 0.0019304335583, 0.00070615822915, 0.0014466822613, 0.00385469710454, 0.0025287468452, 0.00095787626924, 0.00236862991005, 0.00267119612545, 0.000259833148448, 0.000136997186928, 0.000104461054434, 9.82273559202e-05, 7.18070514267e-05, 7.61286792113e-05, 4.68939106213e-05, 0.000112755806185, 4.60833471152e-05, 3.18468773912e-05, 2.15487470996e-05, 2.37053736782e-05, 1.42785956996e-05, 4.76250619386e-07]
    },
    "erbbands": {
        "max": [25.0690078735, 245.727371216, 543.262695312, 282.056304932, 97.9346542358, 135.367889404, 230.306350708, 112.341369629, 121.006759644, 153.816375732, 327.857269287, 568.921081543, 609.870666504, 419.520202637, 636.73034668, 1194.90209961, 1916.03442383, 605.35345459, 68.0892944336, 47.1796913147, 58.4560432434, 43.0525817871, 22.8774280548, 21.3321304321, 33.5257835388, 22.9894199371, 14.6100521088, 73.4563674927, 19.9701023102, 28.6309509277, 5.28443193436, 4.35424947739, 2.4703142643, 1.89627230167, 2.19623088837, 0.699652493, 0.199827000499, 0.0329018011689, 0.000646912085358, 0.00138967530802],
        "mean": [1.39052164555, 9.9653339386, 16.2545013428, 9.03222370148, 4.3136343956, 4.86610460281, 5.48930454254, 5.16344165802, 5.06040477753, 6.51758575439, 27.1669197083, 60.7368240356, 74.7779464722, 29.9359550476, 16.5542545319, 22.0392456055, 26.728761673, 16.7369880676, 8.1207151413, 5.99951267242, 5.19854211807, 4.63056278229, 3.87211346626, 2.99304080009, 2.09221529961, 1.31362581253, 1.04329562187, 1.94798076153, 0.918909728527, 0.655201137066, 0.379789739847, 0.304018974304, 0.20935061574, 0.136566728354, 0.0847853198647, 0.0342788137496, 0.0082858549431, 0.00137476541568, 6.07020883763e-05, 8.1182748545e-05],
        "min": [7.49798280243e-22, 2.75820265251e-21, 1.86683254169e-21, 1.00014698669e-20, 5.67813155479e-20, 4.19796926756e-19, 3.09508806437e-19, 7.44773829702e-19, 7.14333428064e-19, 5.11445617645e-19, 5.09680621013e-19, 1.56858269898e-18, 2.92411200311e-18, 2.9688471714e-18, 4.42385993684e-18, 3.1149988187e-18, 2.6347997936e-18, 3.37514691456e-18, 1.32827124208e-17, 1.02191431431e-17, 7.27378872825e-18, 1.2619650232e-17, 1.21353045505e-17, 1.60104364436e-17, 1.4305350849e-17, 1.7159616962e-17, 1.56279084237e-17, 2.5877650632e-17, 1.93218273785e-17, 1.78769132476e-17, 1.644427944e-17, 1.64494493188e-17, 1.91722780868e-17, 1.32041567324e-17, 8.60047227986e-18, 7.20511867533e-18, 3.49387897212e-18, 1.05068915676e-18, 2.9087739032e-19, 3.87568981351e-20],
        "stdev": [3.48927402496, 27.2355499268, 49.9855728149, 27.1277923584, 10.3166179657, 13.4308023453, 17.126996994, 14.3615694046, 13.420832634, 12.3879261017, 44.3668937683, 90.8838653564, 99.5663452148, 46.4188308716, 47.8641738892, 94.442237854, 115.905456543, 38.2259254456, 8.28188896179, 6.54968357086, 5.9007935524, 5.58874368668, 4.25329732895, 3.80740785599, 3.25903081894, 2.23622989655, 1.61550951004, 6.73201227188, 1.78839027882, 1.76242363453, 0.67860519886, 0.516562342644, 0.330118715763, 0.238899618387, 0.205438911915, 0.0812798291445, 0.0191473923624, 0.00319980410859, 8.67128328537e-05, 0.000160781492013]
    },
    "gfcc": {
        "mean": [-66.5969696045, 116.49836731, -115.367454529, 17.3875427246, -34.5285415649, 32.0316238403, -11.4494829178, 22.9413299561, -8.65728473663, -2.49295330048, -20.5719528198, -8.31966114044, -9.57451248169],
        "cov": [[6865.9765625, -890.13470459, -816.808410645, -495.501312256, -1048.07214355, -20.6335582733, -352.617004395, 119.467155457, -580.11730957, -134.305786133, -544.181213379, -129.553100586, -316.052429199], [-890.13470459, 2260.49169922, 818.824768066, 54.2945175171, 767.244506836, -237.937149048, 109.631912231, -422.975067139, 327.080078125, -76.6010055542, 542.737731934, 115.324928284, 305.384857178], [-816.808410645, 818.824768066, 1016.15246582, 585.635253906, 736.057067871, 124.886665344, 212.425338745, -119.79133606, 222.134643555, -73.8479232788, 195.179153442, -20.7389469147, 142.090103149], [-495.501312256, 54.2945175171, 585.635253906, 759.544311523, 560.717468262, 312.448730469, 221.351821899, 55.0364227295, 145.176513672, -60.8208656311, 7.43738365173, -50.8641700745, 58.4292030334], [-1048.07214355, 767.244506836, 736.057067871, 560.717468262, 929.034729004, 302.305023193, 363.001617432, 12.2874727249, 333.156433105, -21.0349617004, 225.252426147, -7.4234213829, 141.264694214], [-20.6335582733, -237.937149048, 124.886665344, 312.448730469, 302.305023193, 354.656463623, 222.141036987, 206.567718506, 112.437080383, 18.7281360626, -52.7319068909, -48.9974861145, -25.7400875092], [-352.617004395, 109.631912231, 212.425338745, 221.351821899, 363.001617432, 222.141036987, 268.186706543, 124.698059082, 174.059265137, 19.1504459381, 39.0091590881, -24.0614700317, 33.3262634277], [119.467155457, -422.975067139, -119.79133606, 55.0364227295, 12.2874727249, 206.567718506, 124.698059082, 248.443786621, 50.3859672546, 57.4755821228, -92.5057373047, -40.9944152832, -63.6865539551], [-580.11730957, 327.080078125, 222.134643555, 145.176513672, 333.156433105, 112.437080383, 174.059265137, 50.3859672546, 215.389846802, 44.3399391174, 122.645431519, 15.0866117477, 64.0450057983], [-134.305786133, -76.6010055542, -73.8479232788, -60.8208656311, -21.0349617004, 18.7281360626, 19.1504459381, 57.4755821228, 44.3399391174, 80.1704483032, 23.4470100403, 25.0867290497, -7.11406755447], [-544.181213379, 542.737731934, 195.179153442, 7.43738365173, 225.252426147, -52.7319068909, 39.0091590881, -92.5057373047, 122.645431519, 23.4470100403, 207.372787476, 63.217540741, 94.5635070801], [-129.553100586, 115.324928284, -20.7389469147, -50.8641700745, -7.4234213829, -48.9974861145, -24.0614700317, -40.9944152832, 15.0866117477, 25.0867290497, 63.217540741, 80.153427124, 39.0785217285], [-316.052429199, 305.384857178, 142.090103149, 58.4292030334, 141.264694214, -25.7400875092, 33.3262634277, -63.6865539551, 64.0450057983, -7.11406755447, 94.5635070801, 39.0785217285, 92.6363601685]],
        "icov": [[0.000274455029285, -0.00041182001587, -3.22342748404e-05, 1.62747473951e-05, 0.000458667025669, -0.0006577881868, -2.69559332082e-05, -0.000146491351188, 0.000624741660431, 2.7306591619e-06, 0.000619295926299, -0.000196062450414, 0.000378746975912], [-0.00041182001587, 0.00338450912386, -0.00070633465657, 0.00170630752109, -0.00190139189363, 0.001395750558, 0.000423858728027, 0.00201525283046, -0.00320100365207, 0.00334333395585, -0.00398852583021, 0.000792992883362, -0.00182813161518], [-3.22342748404e-05, -0.00070633465657, 0.00406810129061, -0.002589994343, -0.00211805664003, 0.00243631983176, -0.000327934278175, -7.52674623072e-06, 0.000730931176804, -0.000819925568067, 3.45407315763e-05, 0.00145337777212, 0.000415280286688], [1.62747473951e-05, 0.00170630752109, -0.002589994343, 0.00626094033942, -0.00190520018805, -0.00409130612388, 0.00256276270375, 0.00200435239822, -0.00216717133299, 0.00291614304297, 0.00177328055725, -0.000314726232318, -0.00327649456449], [0.000458667025669, -0.00190139189363, -0.00211805664003, -0.00190520018805, 0.0118960822001, -0.00743012409657, -0.00502912094817, 0.00304033514112, -0.00204633967951, 0.00165692612063, -0.00411154981703, 0.000752209045459, 0.00139931868762], [-0.0006577881868, 0.001395750558, 0.00243631983176, -0.00409130612388, -0.00743012409657, 0.0204077679664, -0.00411615427583, -0.00949631165713, 0.00176055287011, 0.000119072974485, 0.00023455680639, -0.0014064431889, 0.00309719052166], [-2.69559332082e-05, 0.000423858728027, -0.000327934278175, 0.00256276270375, -0.00502912094817, -0.00411615427583, 0.0192081741989, -0.00425628945231, -0.00845689047128, 0.00266010593623, 0.00460012350231, 0.00106864015106, -0.0050092684105], [-0.000146491351188, 0.00201525283046, -7.52674623072e-06, 0.00200435239822, 0.00304033514112, -0.00949631165713, -0.00425628945231, 0.0209918692708, -0.00635878462344, -0.00562288751826, 0.00154425948858, 0.00314843957312, 0.00135182484519], [0.000624741660431, -0.00320100365207, 0.000730931176804, -0.00216717133299, -0.00204633967951, 0.00176055287011, -0.00845689047128, -0.00635878462344, 0.0275979377329, -0.0122413560748, -0.00402352260426, 0.00211232691072, -0.00159383588471], [2.7306591619e-06, 0.00334333395585, -0.000819925568067, 0.00291614304297, 0.00165692612063, 0.000119072974485, 0.00266010593623, -0.00562288751826, -0.0122413560748, 0.0334343053401, -0.00908018834889, -0.00842826720327, 0.00494504766539], [0.000619295926299, -0.00398852583021, 3.45407315763e-05, 0.00177328055725, -0.00411154981703, 0.00023455680639, 0.00460012350231, 0.00154425948858, -0.00402352260426, -0.00908018834889, 0.0287176128477, -0.00709526333958, -0.00440574530512], [-0.000196062450414, 0.000792992883362, 0.00145337777212, -0.000314726232318, 0.000752209045459, -0.0014064431889, 0.00106864015106, 0.00314843957312, 0.00211232691072, -0.00842826720327, -0.00709526333958, 0.025355886668, -0.0106327505782], [0.000378746975912, -0.00182813161518, 0.000415280286688, -0.00327649456449, 0.00139931868762, 0.00309719052166, -0.0050092684105, 0.00135182484519, -0.00159383588471, 0.00494504766539, -0.00440574530512, -0.0106327505782, 0.0314659997821]]
    },
    "melbands": {
        "max": [0.222393214703, 0.295431613922, 0.0419003330171, 0.00612579053268, 0.00844428408891, 0.00276691350155, 0.00152409274597, 0.00189153873362, 0.00299842027016, 0.00390552962199, 0.00301973870955, 0.00175631244201, 0.00155165197793, 0.00193231005687, 0.00541432294995, 0.00616080453619, 0.00033071092912, 0.000126618644572, 0.00010851094703, 4.33707500633e-05, 7.79560214141e-05, 4.95429740113e-05, 3.11154217343e-05, 2.62756948359e-05, 1.97233111976e-05, 1.90573500731e-05, 2.14230512938e-05, 1.77686561074e-05, 1.18284060591e-05, 1.70801722561e-05, 4.78200490761e-05, 1.2565009456e-05, 2.0412624508e-05, 1.27989678731e-05, 2.95604877465e-06, 2.42125338445e-06, 3.028557785e-06, 1.9094536583e-06, 1.81738482752e-06, 1.72946602106e-06],
        "mean": [0.0130041260272, 0.00976369716227, 0.00146587472409, 0.000313579832437, 0.000203172021429, 0.000121876451885, 6.98371004546e-05, 8.17177497083e-05, 0.000252708850894, 0.000404776918003, 0.000368076260202, 0.000124942540424, 5.45711409359e-05, 4.44420074928e-05, 6.54847099213e-05, 6.45321124466e-05, 2.53635553236e-05, 1.31731776492e-05, 9.35558909987e-06, 7.01499584466e-06, 5.84396957493e-06, 4.89584499519e-06, 4.05162927564e-06, 2.85976193481e-06, 2.40510848926e-06, 1.86893350929e-06, 1.07107689473e-06, 8.23623111046e-07, 6.00440159815e-07, 7.75530793362e-07, 1.18264415505e-06, 5.11287396421e-07, 3.85865376984e-07, 3.48286533836e-07, 2.15221518829e-07, 1.98408955043e-07, 1.79808537837e-07, 1.37610385309e-07, 1.34535142138e-07, 1.10225002459e-07],
        "min": [6.34521215748e-24, 1.79702218387e-24, 2.52856879445e-24, 1.6642300328e-23, 1.33498852104e-23, 1.70281953056e-23, 1.07048140849e-23, 5.01454343875e-24, 3.84158063675e-24, 1.29163580225e-23, 1.4742945727e-23, 1.10310916884e-23, 1.62693410915e-23, 7.15902473313e-24, 8.73025579604e-24, 5.0469585222e-24, 5.72901673276e-24, 2.24504922688e-23, 1.33835900815e-23, 1.2658783104e-23, 8.04254815812e-24, 1.19498235533e-23, 1.31875344807e-23, 1.237248576e-23, 1.26021002926e-23, 1.23726711423e-23, 6.99943896086e-24, 1.27399576801e-23, 9.47630837538e-24, 1.10799852873e-23, 1.59067001557e-23, 1.13543645208e-23, 1.02303781481e-23, 9.85917176054e-24, 9.93920248823e-24, 6.42411244749e-24, 1.19863367692e-23, 1.30984886506e-23, 1.26247555889e-23, 1.03828444507e-23],
        "stdev": [0.0326425917447, 0.0268262252212, 0.00417087553069, 0.000808429438621, 0.000603283464443, 0.000337324774591, 0.000176251574885, 0.000149870815221, 0.000414587877458, 0.000609096605331, 0.000500090012792, 0.000203763120226, 0.000126198588987, 0.000149747196701, 0.000341899023624, 0.000357138051186, 3.36263947247e-05, 1.42180570037e-05, 1.16962628454e-05, 7.3066908044e-06, 7.24591291146e-06, 6.25788652542e-06, 4.4816188165e-06, 3.4275856251e-06, 3.28952273776e-06, 2.75981847153e-06, 1.98884981728e-06, 1.49987590703e-06, 9.69319103206e-07, 1.72647639829e-06, 4.33806326328e-06, 1.00044815099e-06, 1.04096443465e-06, 1.00549925719e-06, 3.98893803322e-07, 3.48865597743e-07, 3.20662820741e-07, 2.15806764459e-07, 2.29790714457e-07, 2.14522941633e-07]
    },
    "melbands128": {
        "max": [0.0382367745042, 0.21453975141, 0.355398476124, 0.471347868443, 0.374074935913, 0.135363414884, 0.0640748590231, 0.0147987930104, 0.0121970577165, 0.0075627239421, 0.00902100279927, 0.010434073396, 0.00777989253402, 0.00750264525414, 0.00281350547448, 0.00193714024499, 0.00323227932677, 0.00129633874167, 0.00180142454337, 0.00193049223162, 0.00296716298908, 0.00150810612831, 0.00558353727683, 0.00389277981594, 0.00629351660609, 0.00762347877026, 0.00770420860499, 0.00445608375594, 0.00476549752057, 0.00243383715861, 0.00243992055766, 0.00124110549223, 0.00047532262397, 0.0048205582425, 0.00117210892495, 0.00274244137108, 0.00519867474213, 0.0124495280907, 0.000861030013766, 0.00544663146138, 0.0110956085846, 0.000720983487554, 0.000287164351903, 0.000205773234484, 0.000149633429828, 0.000187384095625, 0.000144732664921, 0.000201851347811, 0.000108720909338, 7.16750364518e-05, 5.00961614307e-05, 5.78018771193e-05, 8.37223778944e-05, 0.000104744576674, 9.85017977655e-05, 8.29457712825e-05, 6.34565149085e-05, 3.40716142091e-05, 4.30805994256e-05, 4.14282912971e-05, 4.11351429648e-05, 2.30292789638e-05, 2.54629940173e-05, 3.22683190461e-05, 3.65236955986e-05, 1.98502420972e-05, 2.89392592094e-05, 5.23254166183e-05, 1.95239845198e-05, 1.69469331013e-05, 3.6501827708e-05, 1.50702699102e-05, 1.09403690658e-05, 2.25561598199e-05, 7.4943486652e-06, 7.83618361311e-06, 1.03355105239e-05, 0.000100246033981, 5.710172627e-05, 1.8638698748e-05, 1.43705838127e-05, 2.18920558837e-05, 1.25077231132e-05, 2.39437758864e-05, 3.39760044881e-05, 1.50906425915e-05, 1.7418362404e-05, 5.63282901567e-06, 4.12652934756e-06, 2.74082208307e-06, 3.22580717693e-06, 5.47786703464e-06, 2.27724103752e-06, 3.37874394063e-06, 4.02715522796e-06, 3.15530292028e-06, 1.46865340866e-06, 5.76352022108e-06, 2.08201208807e-06, 1.87687044217e-06, 2.83367285192e-06, 2.36972664425e-06, 3.40140445587e-06, 1.02561352833e-05, 1.40873157761e-06, 1.25517249217e-06, 1.18108448532e-06, 2.89400145448e-06, 2.30508817367e-06, 1.40276802085e-06, 1.7882357497e-06, 8.05480112831e-07, 6.11812197349e-07, 4.60115302303e-07, 7.44673343434e-07, 4.61290937892e-07, 2.00187685095e-07, 1.72703773504e-09, 6.23555040935e-10, 5.76457992452e-10, 5.3467907879e-10, 5.4302146113e-10, 5.63903590489e-10, 5.37358768593e-10, 5.01343355719e-10, 4.88068141458e-10, 4.85311235643e-10, 4.8761739091e-10],
        "mean": [0.00258628744632, 0.010142932646, 0.0191993005574, 0.0153474127874, 0.00981325935572, 0.00550129590556, 0.00181141728535, 0.000488522811793, 0.000423419842264, 0.000300042942399, 0.000260175787844, 0.000247146876063, 0.000184428790817, 0.000162312135217, 0.000109154127131, 0.000106264931674, 0.000113572641567, 5.22271730006e-05, 3.33003372361e-05, 5.77415376029e-05, 0.00011488218297, 0.00012781919213, 0.000323279266013, 0.000282396475086, 0.000399679760449, 0.000437768962001, 0.000441816169769, 0.000420466676587, 0.000272330915323, 0.000113446185424, 0.000100906967418, 7.0362664701e-05, 3.49656620529e-05, 7.12649562047e-05, 2.86736776616e-05, 3.31061855832e-05, 6.52120143059e-05, 0.000104997241579, 2.66400984401e-05, 5.0579670642e-05, 0.000103035155917, 3.13667114824e-05, 2.62424437096e-05, 1.93041505554e-05, 1.62947162607e-05, 1.11759254651e-05, 1.104830244e-05, 1.01195892057e-05, 8.25499137136e-06, 7.33079878046e-06, 7.09113010089e-06, 6.48675904813e-06, 6.02599175181e-06, 5.48270509171e-06, 5.54023517907e-06, 4.93055495099e-06, 4.39202494817e-06, 3.93155687561e-06, 4.20058358941e-06, 3.71106398234e-06, 2.88328556053e-06, 2.18166678678e-06, 1.9202079784e-06, 2.83051099359e-06, 2.66345000455e-06, 1.73819842075e-06, 1.49338586652e-06, 1.25970780118e-06, 9.46166665017e-07, 8.28061502034e-07, 9.4261548611e-07, 7.82359450113e-07, 5.38768631486e-07, 6.19044215e-07, 6.00757232405e-07, 5.41252745734e-07, 6.40772043425e-07, 1.91814001482e-06, 1.29328225285e-06, 4.9779970368e-07, 5.34934713414e-07, 5.53950997073e-07, 3.51463739889e-07, 3.82369250929e-07, 3.81851549491e-07, 4.15906043827e-07, 3.18870945648e-07, 2.50586225548e-07, 2.1345697121e-07, 1.86667122648e-07, 1.77120170974e-07, 2.36804694964e-07, 1.78754504532e-07, 1.98689534159e-07, 1.62155785688e-07, 1.1368673114e-07, 1.14763452075e-07, 2.04969950346e-07, 1.27183284349e-07, 1.09055946496e-07, 1.14974177734e-07, 9.47039922039e-08, 1.05281912965e-07, 2.03357103601e-07, 7.80041560233e-08, 4.98362631163e-08, 5.43890479321e-08, 9.12971458433e-08, 6.73130600148e-08, 3.27394111821e-08, 4.77634998219e-08, 2.69178617174e-08, 1.92537399357e-08, 1.72596088532e-08, 2.97160784868e-08, 1.67048543886e-08, 5.99432148363e-09, 6.31036334298e-11, 2.84742125711e-11, 2.68683617022e-11, 2.54784058434e-11, 2.50666206542e-11, 2.56011704891e-11, 2.50970043358e-11, 2.11336538547e-11, 1.45250972708e-11, 1.1386990309e-11, 1.08475737073e-11],
        "min": [6.63327260563e-24, 6.9586177756e-24, 7.04883585303e-24, 3.72341361188e-24, 1.21391552982e-24, 2.42816637482e-25, 1.36886773034e-24, 4.15523015494e-24, 1.73134339983e-24, 1.60166184565e-23, 3.06947703042e-23, 1.48454724012e-23, 6.92015449558e-24, 1.29659387193e-23, 1.55208193776e-23, 2.21337551491e-23, 1.73054799138e-23, 4.69715945303e-24, 8.56479695434e-24, 6.26635170493e-24, 1.98047356231e-24, 4.30089923755e-24, 4.67183662354e-24, 2.70185727785e-24, 2.69950509185e-24, 2.16997017909e-23, 2.83108042496e-23, 1.13693055463e-23, 6.1813053996e-24, 6.92236251726e-24, 1.11215921781e-23, 2.20154607231e-23, 1.55827449586e-23, 1.80497654447e-23, 3.41056754852e-24, 4.11924547589e-24, 1.02697525625e-23, 1.27415219912e-23, 4.87514698363e-24, 4.31265563162e-24, 6.17373391263e-24, 3.85743634651e-24, 3.65846196039e-24, 5.42492741988e-24, 1.73842397866e-23, 3.0279914665e-23, 2.43393897297e-23, 6.13561142053e-24, 1.20762014369e-23, 1.86368562408e-23, 1.19744439022e-23, 1.01533876903e-23, 2.71368900814e-24, 1.18453081609e-23, 9.23743024923e-24, 5.77980556999e-24, 1.93056714489e-23, 2.25267703852e-23, 5.35800519384e-24, 8.81125840037e-24, 1.06512307079e-23, 1.56749454435e-23, 1.90693034781e-23, 1.00076622042e-23, 5.73117426734e-24, 1.93661944353e-23, 7.57762430615e-24, 1.13211952863e-23, 2.34718304828e-24, 9.65121303757e-24, 1.52502653306e-23, 1.33065735913e-23, 8.50217086479e-24, 1.07802465423e-23, 8.18086860696e-24, 6.08201502734e-24, 1.38619947775e-23, 2.14501866643e-23, 1.16030970974e-23, 1.79921344224e-23, 1.25443525189e-23, 7.51687728329e-24, 9.92591649287e-24, 1.17007423002e-23, 9.06704497117e-24, 1.02532204045e-23, 9.23731034237e-24, 1.10403694815e-23, 7.49777974963e-24, 1.46754286999e-23, 3.72513924511e-24, 5.92071742691e-24, 6.57180140845e-24, 1.54110052064e-23, 1.2055789661e-23, 8.36951285953e-24, 1.68974763205e-23, 1.52525561827e-23, 1.04655857045e-23, 1.28031083621e-23, 1.2814763782e-23, 1.02678301084e-23, 7.38792692428e-24, 6.98098908201e-24, 1.14623367018e-23, 1.0598021251e-23, 8.75529424117e-24, 8.80872615687e-24, 1.11694239702e-23, 2.09311556317e-23, 1.08407774173e-23, 9.83457665524e-24, 1.17508949211e-23, 1.17235127703e-23, 7.70340028888e-24, 1.16208243796e-23, 8.04227442338e-24, 4.54676746018e-24, 5.70998073026e-24, 7.33441138933e-24, 8.67167814066e-24, 1.36024011639e-23, 1.59967975374e-23, 1.20824413267e-23, 1.03024603133e-23, 7.20257774371e-24, 8.78471717522e-24, 8.77592216499e-24],
        "stdev": [0.00430825492367, 0.0250348635018, 0.0521414726973, 0.0439631529152, 0.0307349544019, 0.0177109800279, 0.00581485591829, 0.00142391200643, 0.00116225378588, 0.000928265333641, 0.000805817777291, 0.000755337649025, 0.000642839178909, 0.000569146242924, 0.000375213363441, 0.000284747511614, 0.00034758032416, 0.000153218614287, 0.000106418294308, 0.000141600699862, 0.00025098407059, 0.000227079013712, 0.00064062664751, 0.000516125990544, 0.000720793730579, 0.000915204000194, 0.000744881515857, 0.000679234741256, 0.000560408923775, 0.000245592702413, 0.000240999186644, 0.00013851946278, 6.13055017311e-05, 0.000362130464055, 7.44206263334e-05, 0.00015657718177, 0.000318724865792, 0.000758592854254, 7.29862076696e-05, 0.000270865071798, 0.000687568099238, 6.16487886873e-05, 3.87823565688e-05, 2.5545274184e-05, 2.21446316573e-05, 1.478046579e-05, 1.56867063197e-05, 1.81783525477e-05, 1.25252809084e-05, 8.98806865735e-06, 8.1042671809e-06, 7.92065020505e-06, 8.98440066521e-06, 8.77397997101e-06, 8.53737401485e-06, 7.83869381848e-06, 6.98189751347e-06, 5.30401393917e-06, 5.56307941224e-06, 5.57810153623e-06, 4.18334457208e-06, 2.89149852506e-06, 2.78806032838e-06, 4.74693570141e-06, 5.21131505593e-06, 2.86649242298e-06, 3.01596492136e-06, 3.15557713293e-06, 2.03242302632e-06, 1.47314119658e-06, 2.18695163312e-06, 1.50598009441e-06, 9.31669546844e-07, 1.34814706598e-06, 9.68646531874e-07, 8.96994038158e-07, 1.17572517411e-06, 8.60727232066e-06, 5.17445778314e-06, 1.22697576899e-06, 1.09448137664e-06, 1.31639239953e-06, 8.29374130262e-07, 1.16118712867e-06, 1.54958490839e-06, 1.26169345549e-06, 1.15158729841e-06, 5.10227039285e-07, 4.22560191282e-07, 3.57399727591e-07, 3.72089772327e-07, 5.19888089912e-07, 3.21623019772e-07, 3.77835675636e-07, 3.37202891387e-07, 2.17391743718e-07, 1.88127827982e-07, 4.96260383898e-07, 2.25835691481e-07, 2.07128479701e-07, 2.39051217932e-07, 2.30269151302e-07, 3.03897820686e-07, 8.13597750948e-07, 1.72504257989e-07, 1.09726485675e-07, 1.29143003846e-07, 2.86651840042e-07, 2.34111368513e-07, 1.04004264756e-07, 1.55208326191e-07, 7.80835378578e-08, 4.75880277406e-08, 4.18596890484e-08, 8.34066327116e-08, 4.08091622717e-08, 1.80854335952e-08, 1.43432848931e-10, 4.75015825285e-11, 4.07439498806e-11, 3.71614544692e-11, 3.56823737224e-11, 3.69661350141e-11, 3.57494589487e-11, 3.35985510247e-11, 3.27619528728e-11, 3.33846734979e-11, 3.32218280663e-11]
    },
    "mfcc": {
        "mean": [-712.168029785, 153.464859009, -11.5453958511, 8.42053031921, 7.67593383789, 14.2123203278, 11.743057251, 23.0772609711, 20.2927436829, 15.8258447647, 10.2236499786, 1.21533644199, -7.61205339432],
        "cov": [[5267.48046875, -1174.46435547, -306.177734375, -813.395019531, -854.819824219, -563.978088379, -165.339752197, -166.34475708, -105.24446106, -167.718597412, -182.825820923, -376.456573486, -339.740997314], [-1174.46435547, 2275.56494141, 309.743896484, 362.539886475, 406.417022705, 197.041000366, -71.6609420776, -81.202331543, -215.13394165, -128.338470459, -20.2878608704, 236.867446899, 236.294845581], [-306.177734375, 309.743896484, 436.568847656, 376.502502441, 305.284881592, 202.416442871, 80.6419830322, 58.9264526367, 7.84673929214, 18.2803344727, -29.0400886536, 9.11972141266, 41.4869194031], [-813.395019531, 362.539886475, 376.502502441, 549.379638672, 458.953216553, 346.927154541, 151.279907227, 143.572738647, 72.3724136353, 68.0093460083, -8.46333312988, 53.6936454773, 82.446723938], [-854.819824219, 406.417022705, 305.284881592, 458.953216553, 543.16986084, 381.911224365, 205.950469971, 202.302642822, 116.957473755, 127.500427246, 42.9487495422, 105.450950623, 105.868301392], [-563.978088379, 197.041000366, 202.416442871, 346.927154541, 381.911224365, 350.213470459, 184.17376709, 191.801635742, 137.881332397, 112.619789124, 39.9488143921, 77.5641708374, 81.5818023682], [-165.339752197, -71.6609420776, 80.6419830322, 151.279907227, 205.950469971, 184.17376709, 184.745880127, 162.490844727, 137.8540802, 114.988395691, 55.2621040344, 29.9764270782, 19.1303272247], [-166.34475708, -81.202331543, 58.9264526367, 143.572738647, 202.302642822, 191.801635742, 162.490844727, 208.967514038, 166.137496948, 132.298553467, 66.3302993774, 42.3013420105, 31.7338848114], [-105.24446106, -215.13394165, 7.84673929214, 72.3724136353, 116.957473755, 137.881332397, 137.8540802, 166.137496948, 211.773025513, 138.402374268, 88.4318618774, 32.8347854614, 12.8554296494], [-167.718597412, -128.338470459, 18.2803344727, 68.0093460083, 127.500427246, 112.619789124, 114.988395691, 132.298553467, 138.402374268, 149.143371582, 79.6104660034, 39.9179801941, 16.5595321655], [-182.825820923, -20.2878608704, -29.0400886536, -8.46333312988, 42.9487495422, 39.9488143921, 55.2621040344, 66.3302993774, 88.4318618774, 79.6104660034, 106.189865112, 51.4938201904, 19.2590732574], [-376.456573486, 236.867446899, 9.11972141266, 53.6936454773, 105.450950623, 77.5641708374, 29.9764270782, 42.3013420105, 32.8347854614, 39.9179801941, 51.4938201904, 109.271087646, 77.2254638672], [-339.740997314, 236.294845581, 41.4869194031, 82.446723938, 105.868301392, 81.5818023682, 19.1303272247, 31.7338848114, 12.8554296494, 16.5595321655, 19.2590732574, 77.2254638672, 107.612457275]],
        "icov": [[0.000382497237297, -2.5979736165e-05, -0.000509399280418, 0.000793449580669, 0.000458431080915, -0.000179934417247, -0.000276060367469, -0.000535180908628, -1.79991766345e-05, 6.64541439619e-05, 0.000613975571468, 0.000493672385346, 0.00027318179491], [-2.5979736165e-05, 0.000988993560895, -0.000251586316153, 2.52574885451e-08, -0.000871052441653, 4.60357587144e-05, 0.000516317551956, -4.76002460346e-05, 0.000931487302296, 0.00114230846521, -0.000577525934204, -0.00167338119354, -0.000395225069951], [-0.000509399280418, -0.000251586316153, 0.0071053490974, -0.00537722511217, -0.00200891355053, 0.0017423533136, -0.00017429102445, 0.00182232062798, 1.52643151523e-05, -0.000237124797422, -0.000924340740312, 0.00187755271327, -0.000673540169373], [0.000793449580669, 2.52574885451e-08, -0.00537722511217, 0.0132040986791, -0.00425441330299, -0.0058626178652, 0.00172805448528, -2.33376340475e-05, -0.00116767699365, 0.00114953436423, 0.00252269837074, 0.0032690258231, -4.34675093857e-05], [0.000458431080915, -0.000871052441653, -0.00200891355053, -0.00425441330299, 0.0160592328757, -0.00695869605988, -0.00481345131993, -0.00238020252436, 0.00475306110457, -0.00483304029331, 0.000943806546275, -0.00323041738011, 0.00075324147474], [-0.000179934417247, 4.60357587144e-05, 0.0017423533136, -0.0058626178652, -0.00695869605988, 0.0212644878775, -0.00466640666127, -0.00412027165294, -0.00441490020603, 0.00315053202212, 0.00264466996305, -0.0027819108218, -0.00251386896707], [-0.000276060367469, 0.000516317551956, -0.00017429102445, 0.00172805448528, -0.00481345131993, -0.00466640666127, 0.0240086819977, -0.00810039415956, -0.00179730774835, -0.00226807314903, -0.00243324809708, 0.00243086228147, 0.0023864894174], [-0.000535180908628, -4.76002460346e-05, 0.00182232062798, -2.33376340475e-05, -0.00238020252436, -0.00412027165294, -0.00810039415956, 0.0263334345073, -0.00878482218832, -0.00522451242432, 0.00100080634002, 0.000961516576353, -0.00214571226388], [-1.79991766345e-05, 0.000931487302296, 1.52643151523e-05, -0.00116767699365, 0.00475306110457, -0.00441490020603, -0.00179730774835, -0.00878482218832, 0.021493870765, -0.00658660149202, -0.0067900037393, 0.000119995049317, -5.74803198106e-05], [6.64541439619e-05, 0.00114230846521, -0.000237124797422, 0.00114953436423, -0.00483304029331, 0.00315053202212, -0.00226807314903, -0.00522451242432, -0.00658660149202, 0.0260393247008, -0.00741824880242, -0.00260467035696, 0.0011990305502], [0.000613975571468, -0.000577525934204, -0.000924340740312, 0.00252269837074, 0.000943806546275, 0.00264466996305, -0.00243324809708, 0.00100080634002, -0.0067900037393, -0.00741824880242, 0.0248123221099, -0.00946267228574, 0.00313681364059], [0.000493672385346, -0.00167338119354, 0.00187755271327, 0.0032690258231, -0.00323041738011, -0.0027819108218, 0.00243086228147, 0.000961516576353, 0.000119995049317, -0.00260467035696, -0.00946267228574, 0.032520480454, -0.0146816009656], [0.00027318179491, -0.000395225069951, -0.000673540169373, -4.34675093857e-05, 0.00075324147474, -0.00251386896707, 0.0023864894174, -0.00214571226388, -5.74803198106e-05, 0.0011990305502, 0.00313681364059, -0.0146816009656, 0.0224859789014]]
    },
    "spectral_contrast_coeffs": {
        "max": [-0.426076233387, -0.518594682217, -0.493903547525, -0.574819922447, -0.657551527023, -0.667042255402],
        "mean": [-0.698963344097, -0.773225784302, -0.754664123058, -0.837176799774, -0.819218277931, -0.79375654459],
        "min": [-0.96860986948, -0.969803869724, -0.967168629169, -0.959235370159, -0.955775797367, -0.958994150162],
        "stdev": [0.0991541072726, 0.0829940214753, 0.0733890384436, 0.0457651652396, 0.029206847772, 0.0299767982215]
    },
    "spectral_contrast_valleys": {
        "max": [-4.97047328949, -5.10432434082, -5.8268494606, -6.38083171844, -6.89926338196, -9.08344078064],
        "mean": [-7.21897697449, -7.18308258057, -7.34450149536, -7.67219829559, -8.37973117828, -11.1811084747],
        "min": [-26.8002128601, -26.9215373993, -27.211812973, -27.313293457, -27.2494678497, -27.2391548157],
        "stdev": [1.19859099388, 1.16819906235, 1.13046073914, 1.05312669277, 1.12140774727, 1.18922424316]
    }
},
"rhythm": {
    "beats_count": 22,
    "beats_loudness": {
        "max": 0.252531468868,
        "mean": 0.0686075687408,
        "min": 0.000780887668952,
        "stdev": 0.0768387764692
    },
    "bpm": 107.585266113,
    "bpm_histogram_first_peak_bpm": 108,
    "bpm_histogram_first_peak_weight": 0.5,
    "bpm_histogram_second_peak_bpm": 115,
    "bpm_histogram_second_peak_spread": 0,
    "bpm_histogram_second_peak_weight": 0.190476194024,
    "danceability": 1.0757535696,
    "onset_rate": 2.27284026146,
    "beats_loudness_band_ratio": {
        "max": [0.995696365833, 0.537189662457, 0.725623726845, 0.421244472265, 0.081143066287, 0.024303779006],
        "mean": [0.694062173367, 0.0664427727461, 0.148605912924, 0.0903756916523, 0.0209771227092, 0.00602180510759],
        "min": [0.0267884861678, 0.00102502934169, 0.000604133238085, 0.000799234316219, 0.000569326453842, 5.37788728252e-05],
        "stdev": [0.325536608696, 0.119453318417, 0.202171698213, 0.11344768852, 0.0231030955911, 0.00764143234119]
    },
    "beats_position": [0.580498874187, 1.16099774837, 1.74149656296, 2.32199549675, 2.89088439941, 3.44816327095, 4.00544214249, 4.55111122131, 5.0967798233, 5.64244890213, 6.1648979187, 6.68734693527, 7.20979595184, 7.73224496841, 8.28952407837, 8.84680271149, 9.4040813446, 9.96135997772, 10.5070295334, 11.0526981354, 11.6099767685, 12.1556463242],
