{
"metadata": {
    "version": {
        "essentia": "2.1-beta5",
        "essentia_git_sha": "Undefined",
        "extractor": "music 2.0"
    },
    "audio_properties": {
        "analysis": {
            "equal_loudness": 0,
            "length": 32.4963264465,
            "sample_rate": 44100,
            "start_time": 45.2440834045,
            "downmix": "mix"
        },
        "bit_rate": 192000,
        "length": 199.679992676,
        "lossless": 0,
        "number_channels": 2,
        "replay_gain": -4.02243423462,
        "sample_rate": 48000,
        "codec": "mp3",
        "md5_encoded": "baea0a7ba5433c58e1cd8dba82e99e02"
    },
    "tags": {
        "file_name": "Sweden_Popular_Eric Saade.mp3",
        "encoding": ["Lavf58.29.100"]
    }
},
"lowlevel": {
    "average_loudness": 0.978426873684,
    "barkbands_crest": {
        "max": 23.4756603241,
        "mean": 8.95919799805,
        "min": 2.1783657074,
        "stdev": 4.24567556381
    },
    "barkbands_flatness_db": {
        "max": 0.182018652558,
        "mean": 0.0596326179802,
        "min": 0.0107600623742,
        "stdev": 0.0264975633472
    },
    "barkbands_kurtosis": {
        "max": 14.7760257721,
        "mean": 0.247339129448,
        "min": -1.62659084797,
        "stdev": 1.60225856304
    },
    "barkbands_skewness": {
        "max": 3.82446360588,
        "mean": 0.883170187473,
        "min": -0.548494398594,
        "stdev": 0.580811023712
    },
    "barkbands_spread": {
        "max": 84.2958755493,
        "mean": 43.9664535522,
        "min": 11.4758901596,
        "stdev": 12.1142473221
    },
    "dissonance": {
        "max": 0.499685794115,
        "mean": 0.478690028191,
        "min": 0.343249231577,
        "stdev": 0.0154455704615
    },
    "dynamic_complexity": 1.50993931293,
    "erbbands_crest": {
        "max": 23.4463481903,
        "mean": 8.13826084137,
        "min": 2.53101611137,
        "stdev": 3.57444405556
    },
    "erbbands_flatness_db": {
        "max": 0.1920157969,
        "mean": 0.0968818664551,
        "min": 0.0505230985582,
        "stdev": 0.0222218837589
    },
    "erbbands_kurtosis": {
        "max": 6.87797737122,
        "mean": 0.0678176358342,
        "min": -1.36961102486,
        "stdev": 0.952253520489
    },
    "erbbands_skewness": {
        "max": 2.08066821098,
        "mean": 0.38291156292,
        "min": -0.731239080429,
        "stdev": 0.422252416611
    },
    "erbbands_spread": {
        "max": 100.629966736,
        "mean": 42.5649604797,
        "min": 13.247877121,
        "stdev": 12.697602272
    },
    "hfc": {
        "max": 181.573852539,
        "mean": 55.5096359253,
        "min": 0.445900321007,
        "stdev": 26.0447502136
    },
    "loudness_ebu128": {
        "integrated": -17.0295410156,
        "loudness_range": 0.910274505615,
        "momentary": {
            "max": -15.3644723892,
            "mean": -17.1370258331,
            "min": -20.2565917969,
            "stdev": 1.01412498951
        },
        "short_term": {
            "max": -16.355014801,
            "mean": -16.9752674103,
            "min": -19.6236476898,
            "stdev": 0.491159230471
        }
    },
    "melbands_crest": {
        "max": 32.1686325073,
        "mean": 14.4811258316,
        "min": 3.81401395798,
        "stdev": 6.60784578323
    },
    "melbands_flatness_db": {
        "max": 0.271615445614,
        "mean": 0.122551754117,
        "min": 0.0344529896975,
        "stdev": 0.0397683791816
    },
    "melbands_kurtosis": {
        "max": 57.5309104919,
        "mean": 6.21747350693,
        "min": -0.696111679077,
        "stdev": 7.09824180603
    },
    "melbands_skewness": {
        "max": 6.86295795441,
        "mean": 2.03989624977,
        "min": -0.0912216231227,
        "stdev": 1.05458390713
    },
    "melbands_spread": {
        "max": 115.120391846,
        "mean": 40.8028678894,
        "min": 6.97918128967,
        "stdev": 14.4892368317
    },
    "pitch_salience": {
        "max": 0.821440815926,
        "mean": 0.556519269943,
        "min": 0.163371071219,
        "stdev": 0.106483973563
    },
    "silence_rate_20dB": {
        "max": 1,
        "mean": 1,
        "min": 1,
        "stdev": 0
    },
    "silence_rate_30dB": {
        "max": 1,
        "mean": 0.997858643532,
        "min": 0,
        "stdev": 0.0462243668735
    },
    "silence_rate_60dB": {
        "max": 0,
        "mean": 0,
        "min": 0,
        "stdev": 0
    },
    "spectral_centroid": {
        "max": 3473.40307617,
        "mean": 2030.97290039,
        "min": 855.429382324,
        "stdev": 417.89276123
    },
    "spectral_complexity": {
        "max": 53,
        "mean": 33.360458374,
        "min": 1,
        "stdev": 7.27686738968
    },
    "spectral_decrease": {
        "max": -1.08083875183e-10,
        "mean": -8.91581386497e-09,
        "min": -3.80090199315e-08,
        "stdev": 4.86933648958e-09
    },
    "spectral_energy": {
        "max": 0.159923866391,
        "mean": 0.0386852435768,
        "min": 0.000448378210422,
        "stdev": 0.0197195895016
    },
    "spectral_energyband_high": {
        "max": 0.0136820878834,
        "mean": 0.00391851179302,
        "min": 1.52116044774e-05,
        "stdev": 0.00220994278789
    },
    "spectral_energyband_low": {
        "max": 0.0629959627986,
        "mean": 0.0144223747775,
        "min": 0.000153784858412,
        "stdev": 0.0131455287337
    },
    "spectral_energyband_middle_high": {
        "max": 0.065398812294,
        "mean": 0.0107615990564,
        "min": 0.000162032229127,
        "stdev": 0.00704852305353
    },
    "spectral_energyband_middle_low": {
        "max": 0.0946842804551,
        "mean": 0.0103418705985,
        "min": 0.000123703459394,
        "stdev": 0.00886032357812
    },
    "spectral_entropy": {
        "max": 8.66024971008,
        "mean": 8.23687458038,
        "min": 7.70982170105,
        "stdev": 0.143648326397
    },
    "spectral_flux": {
        "max": 0.323421567678,
        "mean": 0.113668002188,
        "min": 0.047621127218,
        "stdev": 0.0411434657872
    },
    "spectral_kurtosis": {
        "max": 13.2810077667,
        "mean": 2.46868395805,
        "min": -0.0215504169464,
        "stdev": 0.809019982815
    },
    "spectral_rms": {
        "max": 0.0124909281731,
        "mean": 0.00595426512882,
        "min": 0.000661394093186,
        "stdev": 0.00151276378892
    },
    "spectral_rolloff": {
        "max": 9302.34375,
        "mean": 2926.82421875,
        "min": 64.599609375,
        "stdev": 1794.5480957
    },
    "spectral_skewness": {
        "max": 2.98170948029,
        "mean": 1.36578583717,
        "min": 0.748754560947,
        "stdev": 0.179091289639
    },
    "spectral_spread": {
        "max": 18819278,
        "mean": 6852521,
        "min": 4132929,
        "stdev": 959390.8125
    },
    "spectral_strongpeak": {
        "max": 7.54804849625,
        "mean": 0.908726751804,
        "min": 0.00525831338018,
        "stdev": 1.19120812416
    },
    "zerocrossingrate": {
        "max": 0.23779296875,
        "mean": 0.118396878242,
        "min": 0.015625,
        "stdev": 0.03427208215
    },
    "barkbands": {
        "max": [0.00234871055, 0.0517012253404, 0.0430126041174, 0.0156570933759, 0.0179140903056, 0.0564806424081, 0.0650231391191, 0.0450971573591, 0.0460113622248, 0.0557709038258, 0.014014123939, 0.0211162865162, 0.0266454871744, 0.0180489439517, 0.0148598346859, 0.011781568639, 0.00836833938956, 0.00503778969869, 0.0028677971568, 0.00376518885605, 0.00439535221085, 0.00404153391719, 0.00333076855168, 0.00317532848567, 0.00338622764684, 0.00188813172281, 0.000660538848024],
        "mean": [0.0003751750628, 0.0112495748326, 0.00227379216813, 0.00090055417968, 0.0014915256761, 0.00224487669766, 0.000664620194584, 0.00184020667803, 0.0028220503591, 0.00161549635231, 0.00101299234666, 0.00136948248837, 0.00229729618877, 0.000900416343939, 0.00101400213316, 0.000795675208792, 0.000643964856863, 0.00050335197011, 0.000518075132277, 0.000547083560377, 0.000594034208916, 0.000596045400016, 0.0005473413039, 0.0006067577051, 0.000681447447278, 0.000432346656453, 0.000147082522744],
        "min": [1.12129646368e-06, 6.56372139929e-05, 4.26869564762e-06, 9.9140106613e-07, 8.20375134936e-06, 7.35281173547e-06, 3.07007712763e-06, 9.89379259408e-06, 1.46761976794e-05, 6.20837283805e-07, 1.52090033225e-05, 1.64881512319e-05, 3.24757565977e-05, 7.37729305911e-06, 4.50740799351e-06, 4.79975733469e-06, 3.0811677334e-06, 6.19996353635e-06, 2.01755083253e-05, 4.20632204623e-06, 3.80338201467e-06, 2.30895216191e-06, 1.6090052668e-06, 2.04533648684e-06, 9.55037876338e-07, 1.07741038846e-06, 3.20398413578e-07],
        "stdev": [0.000440422212705, 0.0111302854493, 0.00564965279773, 0.00168211234268, 0.0018967409851, 0.00404288899153, 0.00208370690234, 0.00373863312416, 0.00416613463312, 0.00310630258173, 0.00156106438953, 0.00178704829887, 0.00305881700478, 0.00135647784919, 0.001474105753, 0.000868095376063, 0.000497971428558, 0.00035793374991, 0.000336582190357, 0.000420149241108, 0.000432552886195, 0.000435720023233, 0.000367770378944, 0.000419969233917, 0.000462858588435, 0.00030760790105, 0.000100221179309]
    },
    "erbbands": {
        "max": [2.18091678619, 9.17725467682, 42.6526832581, 52.6671447754, 39.3248405457, 64.4593276978, 448.716918945, 395.052978516, 1013.65856934, 296.72076416, 1216.5135498, 1283.49768066, 1874.75720215, 1072.5213623, 635.30291748, 1067.16137695, 1376.79138184, 1004.2789917, 853.064453125, 578.310852051, 746.771789551, 536.340820312, 222.402938843, 239.531524658, 176.02772522, 160.084289551, 176.142333984, 163.449020386, 161.621673584, 152.924591064, 75.0788192749, 56.8544921875, 61.8861541748, 45.3619613647, 24.2836284637, 10.6758069992, 3.38727736473, 0.756738305092, 0.137268871069, 0.00555260945112],
        "mean": [0.410478800535, 2.17231178284, 2.82227945328, 3.05440616608, 3.14346337318, 4.89388942719, 15.6304950714, 16.8349838257, 11.098985672, 11.2455511093, 56.4234962463, 74.800567627, 39.8479995728, 54.043926239, 48.6118049622, 66.4373855591, 106.954910278, 58.8114624023, 60.5328598022, 41.803188324, 41.7560195923, 33.0380210876, 29.6478042603, 23.0317993164, 28.1078834534, 26.772895813, 26.7841739655, 21.2488040924, 22.0929813385, 17.6170063019, 15.8400964737, 12.0535650253, 10.5692415237, 7.8379240036, 4.79429006577, 2.01607680321, 0.75697606802, 0.2046674788, 0.0276681240648, 0.000878750288393],
        "min": [0.00181390962098, 0.011280303821, 0.0377382002771, 0.0400923192501, 0.0412393212318, 0.0516001395881, 0.0981021299958, 0.0712621361017, 0.0309613477439, 0.119708508253, 0.2455124259, 0.361135810614, 0.102226443589, 0.157633319497, 0.63660556078, 1.08389079571, 3.74920845032, 0.962440252304, 0.393116205931, 0.0995793044567, 0.351792186499, 0.1616679281, 0.220599129796, 1.19461679459, 0.531770706177, 0.187706038356, 0.110492303967, 0.206878259778, 0.0803861171007, 0.054477982223, 0.0523364767432, 0.0379528477788, 0.0377012267709, 0.0111908307299, 0.00624994747341, 0.00282472069375, 0.00194259826094, 0.00108822551556, 7.77373352321e-05, 1.07532005131e-05],
        "stdev": [0.492482215166, 2.0623691082, 5.74785614014, 6.12382602692, 4.86531305313, 6.12012863159, 32.4219665527, 27.1575527191, 34.1394195557, 14.4450206757, 107.751937866, 110.34715271, 77.6794281006, 90.4363098145, 68.5528488159, 80.2212753296, 139.038635254, 73.3468551636, 85.5372924805, 47.6894302368, 43.4802284241, 27.0251235962, 19.1768016815, 16.030128479, 18.5018692017, 18.5126476288, 21.3256530762, 15.8705101013, 17.0109272003, 13.1301279068, 10.4813785553, 8.06423473358, 7.64979410172, 5.04698514938, 3.668664217, 1.5900195837, 0.551125884056, 0.128117203712, 0.0198145788163, 0.00066114711808]
    },
    "gfcc": {
        "mean": [95.8389663696, 26.2207832336, -97.495475769, 17.564365387, -45.9690093994, 26.2400493622, -26.2734012604, 14.7063732147, -19.3325386047, 12.0688114166, -12.6803264618, 6.39255523682, -9.87635135651],
        "cov": [[776.930114746, -135.950195312, 87.3615493774, -92.7995223999, -80.0135650635, -59.28565979, -48.9519577026, 3.52169179916, 49.9316558838, 28.1018810272, -45.2983436584, -42.3005752563, 9.30116653442], [-135.950195312, 257.806884766, 11.3283443451, 26.8719615936, 37.1209907532, -6.6349811554, 1.45503211021, -16.4931221008, -31.2802143097, -45.6435623169, -6.22248315811, -4.71178865433, -19.028087616], [87.3615493774, 11.3283443451, 204.808303833, 61.1213569641, 33.176990509, -32.2624130249, -43.8846092224, -8.35168552399, 4.21542835236, -0.147209584713, 6.41045427322, -4.66480398178, -10.9452581406], [-92.7995223999, 26.8719615936, 61.1213569641, 152.718399048, 51.9082870483, 22.5391654968, -1.17121303082, -9.56708431244, -5.74130010605, -6.24356985092, 3.27924704552, 22.5652008057, 7.73213148117], [-80.0135650635, 37.1209907532, 33.176990509, 51.9082870483, 109.630836487, 45.1721572876, 32.7051544189, 18.0072669983, 15.807387352, 2.57530450821, 14.4995393753, 8.45143318176, 8.89699554443], [-59.28565979, -6.6349811554, -32.2624130249, 22.5391654968, 45.1721572876, 104.991462708, 84.8370666504, 38.0201377869, 12.1746244431, 15.7799625397, 15.5871706009, 10.1583681107, 3.94950938225], [-48.9519577026, 1.45503211021, -43.8846092224, -1.17121303082, 32.7051544189, 84.8370666504, 140.183654785, 57.5486869812, 17.251914978, 13.2763671875, 25.8526668549, 7.81340074539, 4.00875473022], [3.52169179916, -16.4931221008, -8.35168552399, -9.56708431244, 18.0072669983, 38.0201377869, 57.5486869812, 79.1062240601, 57.9295883179, 29.6218490601, 9.32713985443, 2.19220590591, 9.95121097565], [49.9316558838, -31.2802143097, 4.21542835236, -5.74130010605, 15.807387352, 12.1746244431, 17.251914978, 57.9295883179, 104.562332153, 53.9341583252, 8.0069103241, 2.87683343887, 22.8057765961], [28.1018810272, -45.6435623169, -0.147209584713, -6.24356985092, 2.57530450821, 15.7799625397, 13.2763671875, 29.6218490601, 53.9341583252, 69.7432479858, 34.8400764465, 17.2077770233, 15.3631753922], [-45.2983436584, -6.22248315811, 6.41045427322, 3.27924704552, 14.4995393753, 15.5871706009, 25.8526668549, 9.32713985443, 8.0069103241, 34.8400764465, 66.1829833984, 39.7219467163, 12.1165933609], [-42.3005752563, -4.71178865433, -4.66480398178, 22.5652008057, 8.45143318176, 10.1583681107, 7.81340074539, 2.19220590591, 2.87683343887, 17.2077770233, 39.7219467163, 58.8932685852, 31.2259063721], [9.30116653442, -19.028087616, -10.9452581406, 7.73213148117, 8.89699554443, 3.94950938225, 4.00875473022, 9.95121097565, 22.8057765961, 15.3631753922, 12.1165933609, 31.2259063721, 52.9514961243]],
        "icov": [[0.00205340003595, 0.000651833077427, -0.0017177592963, 0.0014345429372, 0.00105453154538, 4.04831771448e-05, -0.000713945715688, 0.00105417706072, -0.000720836222172, -0.000965928367805, 0.00214920402505, 0.000134134053951, -0.000995442271233], [0.000651833077427, 0.00515270745382, -7.82925999374e-05, 3.83259757655e-05, -0.00166836346034, 0.00133632973302, -0.000578755803872, 0.000449581595603, -0.00101500563323, 0.00364623893984, -0.000607889029197, -0.000590134295635, 0.00172167143319], [-0.0017177592963, -7.82925999374e-05, 0.00875386502594, -0.00439906492829, -0.0031641095411, 0.00295201968402, 0.00291102030315, -0.00312350923195, 0.000637153163552, 0.00156099512242, -0.00554902572185, 0.00287640793249, 0.0022496865131], [0.0014345429372, 3.83259757655e-05, -0.00439906492829, 0.0115673262626, -0.00268677994609, -0.00261162826791, -0.00080447900109, 0.00378424464725, -0.000886679627001, -0.00150753371418, 0.00727634644136, -0.00787760410458, 0.000959106546361], [0.00105453154538, -0.00166836346034, -0.0031641095411, -0.00268677994609, 0.0167531948537, -0.00775861460716, 0.000775249151047, 0.000819234817754, -0.00435120519251, 0.00478308741003, -0.00558229815215, 0.0053857723251, -0.00490770116448], [4.04831771448e-05, 0.00133632973302, 0.00295201968402, -0.00261162826791, -0.00775861460716, 0.0255037508905, -0.0124688027427, -0.00286891357973, 0.00498411944136, -0.0081470021978, 0.0066468580626, -0.0044441097416, 0.00366601743735], [-0.000713945715688, -0.000578755803872, 0.00291102030315, -0.00080447900109, 0.000775249151047, -0.0124688027427, 0.0211537592113, -0.0121518066153, 0.00221564806998, 0.00693936180323, -0.0122560253367, 0.00692356331274, -0.00212742108852], [0.00105417706072, 0.000449581595603, -0.00312350923195, 0.00378424464725, 0.000819234817754, -0.00286891357973, -0.0121518066153, 0.0353734269738, -0.0182066187263, 2.77215949609e-05, 0.00542397424579, -0.00416032690555, 0.00217234692536], [-0.000720836222172, -0.00101500563323, 0.000637153163552, -0.000886679627001, -0.00435120519251, 0.00498411944136, 0.00221564806998, -0.0182066187263, 0.0312436725944, -0.021272841841, 0.00757921487093, 0.00344957737252, -0.00741667067632], [-0.000965928367805, 0.00364623893984, 0.00156099512242, -0.00150753371418, 0.00478308741003, -0.0081470021978, 0.00693936180323, 2.77215949609e-05, -0.021272841841, 0.0461700223386, -0.0279364585876, 0.00677365716547, -0.00053933786694], [0.00214920402505, -0.000607889029197, -0.00554902572185, 0.00727634644136, -0.00558229815215, 0.0066468580626, -0.0122560253367, 0.00542397424579, 0.00757921487093, -0.0279364585876, 0.052541885525, -0.0337392985821, 0.0102597698569], [0.000134134053951, -0.000590134295635, 0.00287640793249, -0.00787760410458, 0.0053857723251, -0.0044441097416, 0.00692356331274, -0.00416032690555, 0.00344957737252, 0.00677365716547, -0.0337392985821, 0.0541475825012, -0.0264683719724], [-0.000995442271233, 0.00172167143319, 0.0022496865131, 0.000959106546361, -0.00490770116448, 0.00366601743735, -0.00212742108852, 0.00217234692536, -0.00741667067632, -0.00053933786694, 0.0102597698569, -0.0264683719724, 0.0369193777442]]
    },
    "melbands": {
        "max": [0.0167502462864, 0.0161361154169, 0.00825980678201, 0.00271519483067, 0.0119477333501, 0.00930414814502, 0.0149508491158, 0.00217956490815, 0.00890446454287, 0.00702884374186, 0.00967205688357, 0.00476438365877, 0.0022077143658, 0.00228528305888, 0.00289344484918, 0.00328294141218, 0.00196598353796, 0.00122130534146, 0.0014099975815, 0.000874719582498, 0.000801566871814, 0.00071387324715, 0.000426400598371, 0.000172717642272, 0.000204859374207, 0.000156411610078, 0.000104774830106, 0.000144253179315, 0.000129245308926, 0.000139197087265, 9.37820441322e-05, 0.000100386838312, 8.23488880997e-05, 8.77854545251e-05, 5.31517689524e-05, 4.96268330608e-05, 3.45468761225e-05, 5.13150516781e-05, 4.0186339902e-05, 4.34848261648e-05],
        "mean": [0.00337626365945, 0.00187509355601, 0.000524244387634, 0.00028292965726, 0.000474158528959, 0.000381187244784, 0.000159613831784, 0.000147356535308, 0.000498750654515, 0.000439227762399, 0.000188521982636, 0.000222048387513, 0.000147269049194, 0.000162145777722, 0.000197252098587, 0.00021993269911, 9.26554930629e-05, 9.55686991801e-05, 6.01822466706e-05, 5.91871612414e-05, 4.69572223665e-05, 3.44595355273e-05, 3.27579582518e-05, 2.21247810259e-05, 1.73697499122e-05, 2.19023168029e-05, 1.71835054061e-05, 1.78300124389e-05, 1.6615162167e-05, 1.47711380123e-05, 1.17101471915e-05, 1.27325029098e-05, 1.09670809252e-05, 9.22844446904e-06, 9.35637672228e-06, 7.91726779426e-06, 7.14612770025e-06, 7.45764282328e-06, 7.02798206476e-06, 6.45935097054e-06],
        "min": [1.84921536857e-05, 2.20570327656e-05, 4.05650553148e-06, 3.87339605368e-06, 4.23447227149e-06, 1.27465125388e-06, 4.98329995935e-07, 1.52600796355e-06, 2.09719087252e-06, 2.22637891056e-06, 4.17943539333e-07, 4.44582951786e-07, 2.18319769374e-06, 1.44078990161e-06, 3.50921482095e-06, 3.6242963688e-06, 1.06270442757e-06, 6.59232227918e-07, 2.18209194713e-07, 1.41841553614e-07, 4.74698197195e-07, 1.7154526688e-07, 8.58708872897e-08, 3.41370480328e-07, 1.10165319711e-06, 5.57360237963e-07, 1.636694833e-07, 1.1670034894e-07, 8.77346124639e-08, 3.65837742322e-08, 1.63095435823e-07, 4.50445831746e-08, 3.54269609204e-08, 2.28250947032e-08, 2.89803683273e-08, 2.65267772193e-08, 2.56195935577e-08, 3.07375351838e-08, 1.42939899916e-08, 8.94295215659e-09],
        "stdev": [0.00362666975707, 0.00236164801754, 0.00099602539558, 0.000364390696632, 0.000891876756214, 0.000633205869235, 0.000493426807225, 0.000189624013728, 0.000894207390957, 0.000658161530737, 0.000399145064875, 0.000395600363845, 0.000222980161197, 0.00020421926456, 0.000246376235737, 0.000299922685372, 0.000137514900416, 0.000136298665893, 8.6993604782e-05, 6.51806403766e-05, 4.97592445754e-05, 3.16763362207e-05, 2.70892051049e-05, 1.51892318172e-05, 1.38730874824e-05, 1.56601236085e-05, 1.20925424199e-05, 1.35637055791e-05, 1.48651415657e-05, 1.17796480481e-05, 9.41630605666e-06, 1.02333897303e-05, 8.55309917824e-06, 7.39014421924e-06, 6.56424481349e-06, 5.43812575415e-06, 5.07183585796e-06, 5.80848836762e-06, 4.90497495775e-06, 4.27976510764e-06]
    },
    "melbands128": {
        "max": [0.00227599334903, 0.0190340057015, 0.0258889943361, 0.0160338301212, 0.0218040794134, 0.0197314023972, 0.0122032761574, 0.00621286593378, 0.00411991914734, 0.00423248670995, 0.00397416297346, 0.00713704572991, 0.0217786561698, 0.023759033531, 0.0112293045968, 0.00769487023354, 0.013969277963, 0.0228792410344, 0.00888890679926, 0.00211798865348, 0.00230512069538, 0.0134453438222, 0.0150058427826, 0.010585097596, 0.015322864987, 0.0112742222846, 0.00379064748995, 0.0176307372749, 0.0100061688572, 0.00999575480819, 0.00485981209204, 0.0029987685848, 0.00394097995013, 0.00378275150433, 0.00256446679123, 0.00394685892388, 0.00472840946168, 0.00326896901242, 0.0064185182564, 0.00580977229401, 0.00592855224386, 0.00421432266012, 0.00281589105725, 0.00433167349547, 0.00172274955548, 0.00186283467337, 0.00306299165823, 0.00219968706369, 0.00139150745235, 0.00120941898786, 0.00162251258735, 0.00140489987098, 0.00165971089154, 0.00139619095717, 0.000595082878135, 0.00149536004756, 0.000598953396548, 0.000468376034405, 0.000693010631949, 0.000253046746366, 0.000203102346859, 0.000278664636426, 0.000589209375903, 0.000224916744628, 0.000240406385274, 0.000310859439196, 0.000323990156176, 0.000183907992323, 0.000151844753418, 0.00018018578703, 0.000153985194629, 0.000405027327361, 0.000289928109851, 0.00021457496041, 0.000211656893953, 0.000261945795501, 0.000176403147634, 0.000166918704053, 0.000135610040161, 0.000152404099936, 0.000102388352389, 0.000162859054399, 0.000202771276236, 0.000105238941615, 8.51921213325e-05, 9.13677649805e-05, 0.000101879275462, 8.20299101179e-05, 9.9050856079e-05, 6.61266312818e-05, 7.95962987468e-05, 4.62835778308e-05, 5.2566123486e-05, 4.47310521849e-05, 5.44663635083e-05, 5.23993076058e-05, 6.36701079202e-05, 4.98347217217e-05, 6.39357531327e-05, 4.33333480032e-05, 4.37114467786e-05, 4.75965061923e-05, 4.70013692393e-05, 3.657873458e-05, 4.60630471935e-05, 2.87054353976e-05, 4.03291160183e-05, 1.92105908354e-05, 2.38687116507e-05, 1.84780856216e-05, 1.58029160957e-05, 1.78053251148e-05, 1.37596816785e-05, 8.4015309767e-06, 1.05918306872e-05, 8.65246511239e-06, 7.60086822993e-06, 6.81159917804e-06, 7.31484578864e-06, 6.41014639768e-06, 5.41110466656e-06, 4.40292615167e-06, 5.00367787026e-06, 1.87444328503e-07, 2.68876054754e-09, 2.6785758056e-09, 2.65958699508e-09, 2.6476114634e-09],
        "mean": [0.0003572756832, 0.00330286985263, 0.0049344105646, 0.0030670131091, 0.00161371612921, 0.00104637502227, 0.000640561280306, 0.000397409981815, 0.000276799808489, 0.000315831246553, 0.000225588024477, 0.000321462110151, 0.000594935554545, 0.000600452127401, 0.00044408114627, 0.000222914750339, 0.000157036120072, 0.000188223959412, 0.000104303660919, 8.81983723957e-05, 0.000127693609102, 0.00040900069871, 0.00061791529879, 0.000465910881758, 0.00061135092983, 0.000385116669349, 0.000147847691551, 0.000181364026503, 0.000167176956893, 0.000314207980409, 0.000210344413063, 0.000110897322884, 0.000143575947732, 0.000187170749996, 0.00011591798102, 0.00018438922416, 0.00019668477762, 0.000106279199827, 0.000298046215903, 0.000269194890279, 0.000208956669667, 0.00012658056221, 9.56255025812e-05, 7.38277376513e-05, 6.37444536551e-05, 0.000113976799184, 0.000124222890008, 4.21663025918e-05, 4.18052222813e-05, 5.88370276091e-05, 6.7385204602e-05, 5.32245721843e-05, 4.40385556431e-05, 4.68541875307e-05, 4.91884311487e-05, 2.63188812824e-05, 2.70294785878e-05, 4.07930674555e-05, 3.16924815706e-05, 2.51060737355e-05, 2.28509979934e-05, 1.82384719665e-05, 1.84052078112e-05, 1.72246309376e-05, 1.53119417519e-05, 2.42940695898e-05, 2.59581411228e-05, 1.51810581883e-05, 1.55110174092e-05, 1.84225264093e-05, 1.86256820598e-05, 1.73539319803e-05, 1.62484284374e-05, 1.57263657456e-05, 1.7957889213e-05, 1.69233662746e-05, 1.26819513753e-05, 1.03191150629e-05, 1.21895855045e-05, 1.24276175484e-05, 1.15154998639e-05, 1.4149429262e-05, 1.24475272969e-05, 1.03671754914e-05, 9.97020833893e-06, 9.79492870101e-06, 8.91446325113e-06, 8.11692825664e-06, 1.03001493699e-05, 9.68820040725e-06, 7.5993966675e-06, 8.04087358119e-06, 7.06833816366e-06, 6.7739606493e-06, 7.61539604355e-06, 7.34093828214e-06, 7.36041465643e-06, 7.47632839193e-06, 7.18374303688e-06, 6.76404943079e-06, 6.63214677843e-06, 6.48317700325e-06, 6.31342027191e-06, 5.82856546316e-06, 6.55401072436e-06, 4.35725360148e-06, 3.94721746488e-06, 3.59758678314e-06, 3.60026797352e-06, 3.09405209009e-06, 2.85699343294e-06, 2.59183502749e-06, 2.52501536124e-06, 1.84290172456e-06, 2.1031723918e-06, 1.78575555765e-06, 1.5082189293e-06, 1.29966451823e-06, 1.19392757369e-06, 8.74617512636e-07, 7.06906064352e-07, 6.21250137556e-07, 3.68526201555e-07, 1.20590879504e-08, 1.09213115981e-11, 1.03404264318e-11, 1.00307939038e-11, 9.90172006887e-12],
        "min": [2.32355841234e-08, 1.7481188479e-06, 1.15375478345e-05, 1.12184370664e-05, 3.63656545233e-06, 2.70607097264e-06, 4.58858181673e-07, 3.25484649011e-07, 1.3797379097e-06, 1.03469233181e-06, 1.81043617431e-06, 1.38454674925e-06, 6.68797042636e-07, 8.61263686147e-07, 1.06662491817e-06, 3.73781688268e-07, 4.12645050574e-07, 2.88570106477e-07, 4.5694491746e-07, 2.91511724981e-07, 6.66501932756e-07, 1.08163249024e-06, 6.83454345562e-07, 1.39660960485e-06, 1.99561100089e-06, 7.37627601666e-07, 6.5864469434e-07, 1.62201885701e-07, 1.68992677629e-08, 4.12675049688e-08, 4.50022639598e-07, 9.74756858341e-07, 7.17003104e-07, 6.79729907915e-07, 4.15115039232e-07, 1.19074309168e-06, 1.83346037375e-06, 1.11517238111e-06, 8.11367499409e-07, 1.59057969995e-06, 2.12348368223e-06, 8.47810213145e-07, 4.7970416972e-07, 5.23256005636e-07, 7.13975111921e-07, 6.7640354473e-07, 6.96755762419e-07, 1.3263661458e-07, 1.0649090143e-07, 2.68362061462e-08, 4.89111826596e-08, 3.27324244154e-07, 6.18208787273e-07, 4.87171291752e-07, 2.97159914453e-07, 6.96652335819e-08, 1.66464403151e-07, 7.82602498361e-08, 6.27194438607e-08, 8.69528165026e-08, 1.81862262139e-07, 5.92209801198e-07, 1.13376643185e-06, 9.56808662522e-07, 6.79740310261e-07, 6.07953040799e-07, 3.4911610669e-07, 1.57745844831e-07, 1.57059432127e-07, 9.78014327302e-08, 1.07956587669e-07, 1.11975474226e-07, 1.75775923594e-07, 5.63595463632e-08, 3.41781145607e-08, 2.78033827072e-08, 2.33080434953e-08, 9.71465681232e-08, 2.70817082537e-07, 1.27127407268e-07, 3.73637973894e-08, 2.36813377796e-08, 1.16309193388e-08, 3.47179103244e-08, 6.73628903769e-08, 1.73309988583e-08, 1.15016325353e-08, 1.80329138288e-08, 2.74949751855e-08, 4.14106118285e-08, 3.46918476168e-08, 2.51272780361e-08, 6.88183199316e-09, 1.21377041751e-08, 5.87276787201e-08, 2.47263614028e-08, 2.63628709973e-08, 3.45519843847e-08, 1.01486055115e-08, 8.97136054334e-09, 3.29921490128e-09, 9.70066427186e-09, 1.55751802566e-08, 4.85312456888e-09, 4.45569137142e-09, 8.09333844387e-09, 8.17322654001e-09, 6.53158815922e-09, 3.59646801229e-09, 3.59233021108e-09, 3.11416115117e-09, 3.69956310031e-09, 6.04471805943e-09, 7.13728365298e-09, 1.38745495093e-08, 1.06478248441e-08, 7.43072492426e-09, 4.53001074152e-11, 5.41963717827e-13, 4.47943440153e-13, 3.09669363719e-13, 5.25375370378e-13, 4.48596536437e-13, 3.21676198048e-13, 1.4513307819e-13, 6.97859738746e-14, 8.05311831218e-15, 3.43990641322e-16],
        "stdev": [0.000431863853009, 0.00433543743566, 0.00552701111883, 0.0030303823296, 0.00306666269898, 0.00260425917804, 0.00134977127891, 0.000719927018508, 0.000483425392304, 0.000443219527369, 0.000328022608301, 0.000569647352677, 0.00142343377229, 0.00143465551082, 0.000763475312851, 0.000486554519739, 0.000623430591077, 0.000688848027494, 0.00029013567837, 0.000139892872539, 0.000192591207451, 0.000919175101444, 0.00146483012941, 0.000957775278948, 0.00116061326116, 0.000754294742364, 0.000295895908494, 0.000660847930703, 0.000430141895777, 0.000721529941075, 0.000412701658206, 0.000255640974501, 0.000316694553476, 0.000394230592065, 0.000238875727518, 0.000315933430102, 0.000346693006577, 0.000217622771743, 0.000565406982787, 0.000441740849055, 0.000425190082751, 0.000272260338534, 0.000190457431017, 0.000186861609109, 0.000123750010971, 0.00019776908448, 0.000246140960371, 0.000106999395939, 8.0958387116e-05, 0.000104058271972, 9.15256969165e-05, 8.52922312333e-05, 8.5313222371e-05, 6.28120396868e-05, 5.11381404067e-05, 5.06938704348e-05, 3.55978045263e-05, 4.51292216894e-05, 3.68457585864e-05, 2.47610478255e-05, 2.05484011531e-05, 1.7951875634e-05, 2.45276805799e-05, 1.72361578734e-05, 1.67181024153e-05, 2.21030277316e-05, 2.41562665906e-05, 1.55169473146e-05, 1.60547115229e-05, 1.71911487996e-05, 1.53751916514e-05, 2.08571673284e-05, 2.4571960239e-05, 1.63644672284e-05, 2.00299000426e-05, 1.77303681994e-05, 1.33833791551e-05, 1.25852948258e-05, 1.19815522339e-05, 1.17153558676e-05, 1.03399052023e-05, 1.52088832692e-05, 1.29722811835e-05, 9.87775365502e-06, 9.10281141842e-06, 9.21480386751e-06, 8.68646566232e-06, 6.99416341376e-06, 8.49948355608e-06, 8.02345130069e-06, 6.00038265475e-06, 6.42694158159e-06, 5.67202869206e-06, 5.30705756319e-06, 6.54127416055e-06, 6.41068618279e-06, 6.51351092529e-06, 6.3346733441e-06, 6.01477813689e-06, 5.00024634675e-06, 4.68533789899e-06, 5.17359558216e-06, 4.47790398539e-06, 4.76619061374e-06, 5.87921840633e-06, 3.97007852371e-06, 3.78054573957e-06, 3.01446061712e-06, 3.25935070578e-06, 2.62192338596e-06, 2.33954301621e-06, 2.30856289818e-06, 2.17505703404e-06, 1.30589296532e-06, 1.40029885642e-06, 1.24258235701e-06, 1.11262556857e-06, 1.03150080122e-06, 9.9880480775e-07, 7.59351621582e-07, 6.80150378685e-07, 6.15615249444e-07, 4.05072086096e-07, 2.08315018568e-08, 1.02088559828e-10, 1.01415757736e-10, 1.00643965384e-10, 1.00180565232e-10]
    },
    "mfcc": {
        "mean": [-559.098083496, 76.9383392334, 4.77676773071, 6.25941133499, 6.81487131119, 11.7231311798, 8.68834877014, 6.02202939987, 5.82581281662, 5.53322458267, 5.34005737305, 5.56486320496, 2.54446864128],
        "cov": [[705.038330078, -82.6995315552, 43.087688446, -64.7577133179, -58.8256263733, -50.255947113, -87.3965454102, -52.4004898071, 23.7133712769, 48.7853736877, 15.9118900299, -43.6161766052, -61.8753356934], [-82.6995315552, 213.722076416, -3.46824264526, 4.73910903931, 18.4160385132, -17.3174972534, 12.0096006393, 9.96172332764, -14.6095561981, -23.3268260956, -2.05506968498, -1.47661817074, -9.23692512512], [43.087688446, -3.46824264526, 143.791870117, 60.6379203796, 37.0302200317, -8.97303962708, -23.3765544891, -18.2793941498, -18.3517341614, -13.2337150574, -1.37718403339, 9.27883052826, 5.02483415604], [-64.7577133179, 4.73910903931, 60.6379203796, 120.07308197, 61.1940345764, 19.4039974213, -3.39970946312, 1.03087449074, -8.30507564545, -25.147354126, -21.7832298279, 3.23703742027, 18.5977725983], [-58.8256263733, 18.4160385132, 37.0302200317, 61.1940345764, 109.389060974, 20.6404361725, -20.79712677, -5.83870840073, 6.34100532532, 0.323490649462, -9.94446563721, 5.99757957458, 16.4097061157], [-50.255947113, -17.3174972534, -8.97303962708, 19.4039974213, 20.6404361725, 76.2584991455, 51.257900238, 26.6001567841, 11.693359375, 3.30071878433, 4.14619636536, 9.13684177399, 13.9949626923], [-87.3965454102, 12.0096006393, -23.3765544891, -3.39970946312, -20.79712677, 51.257900238, 124.599830627, 59.6865081787, 2.64901733398, -7.83706521988, 13.6689958572, 22.3988800049, 11.6112174988], [-52.4004898071, 9.96172332764, -18.2793941498, 1.03087449074, -5.83870840073, 26.6001567841, 59.6865081787, 73.8674468994, 33.8441696167, 9.81685638428, 9.16326236725, 11.0691833496, 12.5535936356], [23.7133712769, -14.6095561981, -18.3517341614, -8.30507564545, 6.34100532532, 11.693359375, 2.64901733398, 33.8441696167, 80.9815826416, 56.6082077026, 15.6007537842, 3.70869517326, 4.78683805466], [48.7853736877, -23.3268260956, -13.2337150574, -25.147354126, 0.323490649462, 3.30071878433, -7.83706521988, 9.81685638428, 56.6082077026, 81.6045455933, 37.8772392273, 6.66293478012, -1.66108345985], [15.9118900299, -2.05506968498, -1.37718403339, -21.7832298279, -9.94446563721, 4.14619636536, 13.6689958572, 9.16326236725, 15.6007537842, 37.8772392273, 67.8606491089, 34.0586929321, 6.44441986084], [-43.6161766052, -1.47661817074, 9.27883052826, 3.23703742027, 5.99757957458, 9.13684177399, 22.3988800049, 11.0691833496, 3.70869517326, 6.66293478012, 34.0586929321, 64.2273101807, 32.9888725281], [-61.8753356934, -9.23692512512, 5.02483415604, 18.5977725983, 16.4097061157, 13.9949626923, 11.6112174988, 12.5535936356, 4.78683805466, -1.66108345985, 6.44441986084, 32.9888725281, 56.1361045837]],
        "icov": [[0.00209172349423, 0.000577624712605, -0.00123166816775, 0.000856687489431, 0.000955487717874, -9.77399176918e-05, 0.000894416356459, 0.000691265857313, -0.00103507901076, -6.60020159557e-05, -0.000575673650019, 0.00074085383676, 0.00134955125395], [0.000577624712605, 0.00574339414015, 0.000290761934593, 0.000489548023324, -0.00229075062089, 0.00297020282596, -0.00113679980859, -0.00100806064438, -0.000230340971029, 0.00230254535563, -0.00163633027114, 0.000578456325457, 0.00171891995706], [-0.00123166816775, 0.000290761934593, 0.0107554784045, -0.00569037348032, -0.00178503990173, 0.00214007450268, 0.000189114929526, -6.2244500441e-05, 0.0026478713844, -0.000378243159503, -0.00108863133937, -0.00222112727351, 0.000769055099227], [0.000856687489431, 0.000489548023324, -0.00569037348032, 0.0164745375514, -0.00592700904235, -0.0022703751456, 0.000294068624498, -0.000661376630887, -0.00210543395951, 0.00445751333609, 0.00185155693907, 0.00127363903448, -0.002187714912], [0.000955487717874, -0.00229075062089, -0.00178503990173, -0.00592700904235, 0.0168294906616, -0.00663568405434, 0.0055890288204, 0.000667943037115, -0.000534957856871, -0.00332931266166, 0.00250354455784, -0.00201368657872, -0.000928015389945], [-9.77399176918e-05, 0.00297020282596, 0.00214007450268, -0.0022703751456, -0.00663568405434, 0.0243861954659, -0.0120877958834, 0.00186908768956, -0.0026423856616, 0.000671340734698, -0.00206344109029, 0.00337145896628, -0.00261515984312], [0.000894416356459, -0.00113679980859, 0.000189114929526, 0.000294068624498, 0.0055890288204, -0.0120877958834, 0.0227432250977, -0.0158210620284, 0.00744597055018, -0.000987114734016, 0.000415449292632, -0.0058891591616, 0.00364699563943], [0.000691265857313, -0.00100806064438, -6.2244500441e-05, -0.000661376630887, 0.000667943037115, 0.00186908768956, -0.0158210620284, 0.0349605455995, -0.0200139395893, 0.00849049352109, -0.00380023848265, 0.00424804119393, -0.004488453269], [-0.00103507901076, -0.000230340971029, 0.0026478713844, -0.00210543395951, -0.000534957856871, -0.0026423856616, 0.00744597055018, -0.0200139395893, 0.0392588786781, -0.0276968218386, 0.00943888816983, -0.00424792338163, 0.00027789347223], [-6.60020159557e-05, 0.00230254535563, -0.000378243159503, 0.00445751333609, -0.00332931266166, 0.000671340734698, -0.000987114734016, 0.00849049352109, -0.0276968218386, 0.0410617440939, -0.0200267583132, 0.00704164756462, -0.000287686474621], [-0.000575673650019, -0.00163633027114, -0.00108863133937, 0.00185155693907, 0.00250354455784, -0.00206344109029, 0.000415449292632, -0.00380023848265, 0.00943888816983, -0.0200267583132, 0.0344275347888, -0.0190819352865, 0.00499066151679], [0.00074085383676, 0.000578456325457, -0.00222112727351, 0.00127363903448, -0.00201368657872, 0.00337145896628, -0.0058891591616, 0.00424804119393, -0.00424792338163, 0.00704164756462, -0.0190819352865, 0.0361323393881, -0.0177673883736], [0.00134955125395, 0.00171891995706, 0.000769055099227, -0.002187714912, -0.000928015389945, -0.00261515984312, 0.00364699563943, -0.004488453269, 0.00027789347223, -0.000287686474621, 0.00499066151679, -0.0177673883736, 0.0312488283962]]
    },
    "spectral_contrast_coeffs": {
        "max": [-0.50285834074, -0.447381019592, -0.5669683218, -0.655073285103, -0.701345682144, -0.696155309677],
        "mean": [-0.763576447964, -0.753763437271, -0.756010353565, -0.783175706863, -0.802108347416, -0.788946032524],
        "min": [-0.946836471558, -0.916692197323, -0.89114177227, -0.889644026756, -0.859208226204, -0.871505141258],
        "stdev": [0.0566369779408, 0.0665638893843, 0.0554545409977, 0.0402396693826, 0.0227305553854, 0.0210165567696]
    },
    "spectral_contrast_valleys": {
        "max": [-4.77451324463, -5.04764032364, -5.4160785675, -5.86735773087, -5.83632659912, -7.59821033478],
        "mean": [-6.35002470016, -6.35921382904, -6.69805955887, -6.71986436844, -6.60627746582, -8.52359485626],
        "min": [-7.66424560547, -7.92650270462, -8.36619472504, -8.80997562408, -8.75715732574, -10.5600061417],
        "stdev": [0.447685837746, 0.438888162374, 0.333552032709, 0.304068237543, 0.26863694191, 0.381392210722]
    }
},
"rhythm": {
    "beats_count": 67,
    "beats_loudness": {
        "max": 0.107320927083,
        "mean": 0.0594072453678,
        "min": 0.0164104159921,
        "stdev": 0.0194561611861
    },
    "bpm": 124.922569275,
    "bpm_histogram_first_peak_bpm": 126,
    "bpm_histogram_first_peak_weight": 0.375,
    "bpm_histogram_second_peak_bpm": 115,
    "bpm_histogram_second_peak_spread": 0,
    "bpm_histogram_second_peak_weight": 0.0303030312061,
    "danceability": 1.57613646984,
    "onset_rate": 4.58349561691,
    "beats_loudness_band_ratio": {
        "max": [0.854413986206, 0.354048222303, 0.349417686462, 0.467336297035, 0.215591087937, 0.157916292548],
        "mean": [0.594616234303, 0.0603394284844, 0.0889931917191, 0.120711028576, 0.0620065368712, 0.0857694149017],
        "min": [0.13791680336, 0.00189989292994, 0.00671490980312, 0.0231062434614, 0.0168520472944, 0.0209331978112],
        "stdev": [0.153491616249, 0.0796413272619, 0.0845227688551, 0.0950621068478, 0.0424374751747, 0.0307163838297]
    },
    "beats_position": [0.487619042397, 1.01006805897, 1.53251695633, 2.02013611794, 2.50775504112, 2.99537420273, 3.47138309479, 3.95900225639, 4.43501138687, 4.91102027893, 5.38702917099, 5.86303853989, 6.33904743195, 6.82666635513, 7.30267572403, 7.77868461609, 8.26630401611, 8.75392246246, 9.22993183136, 9.70594120026, 10.1935596466, 10.6811790466, 11.1571884155, 11.6331968307, 12.1092061996, 12.5968255997, 13.0728340149, 13.5488433838, 14.0248527527, 14.512471199, 15.0000905991, 15.4760990143, 15.9521083832, 16.4397277832, 16.9157371521, 17.391746521, 17.8677539825, 18.3437633514, 18.8313827515, 19.3073921204, 19.7834014893, 20.2710208893, 20.7470283508, 21.2230377197, 21.7106571198, 22.1982765198, 22.6742858887, 23.1502952576, 23.6379127502, 24.1139221191, 24.589931488, 25.0775508881, 25.553560257, 26.0295696259, 26.5171871185, 26.9931964874, 27.4692058563, 27.9452152252, 28.4212245941, 28.9088420868, 29.3848514557, 29.8608608246, 30.3484802246, 30.8244895935, 31.3004989624, 31.7881164551, 32.2757377625],
