{
"metadata": {
    "version": {
        "essentia": "2.1-beta5",
        "essentia_git_sha": "Undefined",
        "extractor": "music 2.0"
    },
    "audio_properties": {
        "analysis": {
            "equal_loudness": 0,
            "length": 29.0249423981,
            "sample_rate": 44100,
            "start_time": 175.240997314,
            "downmix": "mix"
        },
        "bit_rate": 192000,
        "length": 204.289154053,
        "lossless": 0,
        "number_channels": 2,
        "replay_gain": -5.60733985901,
        "sample_rate": 44100,
        "codec": "mp3",
        "md5_encoded": "978cccd0d98134538d53405fc0ef3eb9"
    },
    "tags": {
        "file_name": "Malta_One Life_Glen Vella.mp3",
        "encoding": ["Lavf58.29.100"]
    }
},
"lowlevel": {
    "average_loudness": 0.535483777523,
    "barkbands_crest": {
        "max": 25.3663005829,
        "mean": 10.1935939789,
        "min": 2.38183617592,
        "stdev": 4.48612594604
    },
    "barkbands_flatness_db": {
        "max": 0.311285227537,
        "mean": 0.146897256374,
        "min": 0.0231904890388,
        "stdev": 0.0462397783995
    },
    "barkbands_kurtosis": {
        "max": 72.9692687988,
        "mean": 3.14354562759,
        "min": -1.90600574017,
        "stdev": 5.74507284164
    },
    "barkbands_skewness": {
        "max": 7.64461278915,
        "mean": 1.31616103649,
        "min": -0.821323215961,
        "stdev": 0.970952272415
    },
    "barkbands_spread": {
        "max": 117.492980957,
        "mean": 16.8888263702,
        "min": 2.63316464424,
        "stdev": 13.9701013565
    },
    "dissonance": {
        "max": 0.5,
        "mean": 0.469559460878,
        "min": 0.292741239071,
        "stdev": 0.0273050256073
    },
    "dynamic_complexity": 5.12443780899,
    "erbbands_crest": {
        "max": 28.7543449402,
        "mean": 9.77894496918,
        "min": 2.78470611572,
        "stdev": 4.298350811
    },
    "erbbands_flatness_db": {
        "max": 0.356744259596,
        "mean": 0.204196751118,
        "min": 0.0498089566827,
        "stdev": 0.0627328529954
    },
    "erbbands_kurtosis": {
        "max": 27.5561752319,
        "mean": 1.64204180241,
        "min": -1.64390659332,
        "stdev": 2.35351991653
    },
    "erbbands_skewness": {
        "max": 4.46116685867,
        "mean": 0.933194637299,
        "min": -2.2193031311,
        "stdev": 0.678298413754
    },
    "erbbands_spread": {
        "max": 117.557121277,
        "mean": 25.1829013824,
        "min": 4.66086959839,
        "stdev": 17.1782226562
    },
    "hfc": {
        "max": 353.276824951,
        "mean": 20.246301651,
        "min": 9.13066542125e-05,
        "stdev": 29.6798534393
    },
    "loudness_ebu128": {
        "integrated": -18.0311107635,
        "loudness_range": 9.42504501343,
        "momentary": {
            "max": -13.7397155762,
            "mean": -20.484418869,
            "min": -44.7086486816,
            "stdev": 5.0828742981
        },
        "short_term": {
            "max": -15.289932251,
            "mean": -19.5467071533,
            "min": -29.89909935,
            "stdev": 3.66901469231
        }
    },
    "melbands_crest": {
        "max": 32.5424385071,
        "mean": 13.3531332016,
        "min": 4.31187772751,
        "stdev": 5.92518234253
    },
    "melbands_flatness_db": {
        "max": 0.363799631596,
        "mean": 0.173403203487,
        "min": 0.0476087331772,
        "stdev": 0.0457033589482
    },
    "melbands_kurtosis": {
        "max": 150.224349976,
        "mean": 8.38520622253,
        "min": -1.24115908146,
        "stdev": 13.9388599396
    },
    "melbands_skewness": {
        "max": 10.0983657837,
        "mean": 1.89040160179,
        "min": -0.608169734478,
        "stdev": 1.37691771984
    },
    "melbands_spread": {
        "max": 138.075515747,
        "mean": 20.6103591919,
        "min": 1.77524840832,
        "stdev": 14.492389679
    },
    "pitch_salience": {
        "max": 0.862612903118,
        "mean": 0.609255254269,
        "min": 0.0961297005415,
        "stdev": 0.143826544285
    },
    "silence_rate_20dB": {
        "max": 1,
        "mean": 1,
        "min": 1,
        "stdev": 0
    },
    "silence_rate_30dB": {
        "max": 1,
        "mean": 0.999200642109,
        "min": 0,
        "stdev": 0.0282618775964
    },
    "silence_rate_60dB": {
        "max": 1,
        "mean": 0.239008799195,
        "min": 0,
        "stdev": 0.426478207111
    },
    "spectral_centroid": {
        "max": 4090.74682617,
        "mean": 1401.77563477,
        "min": 403.563690186,
        "stdev": 417.186676025
    },
    "spectral_complexity": {
        "max": 50,
        "mean": 14.7170267105,
        "min": 0,
        "stdev": 8.3001203537
    },
    "spectral_decrease": {
        "max": -1.35753335182e-14,
        "mean": -4.9483732667e-09,
        "min": -2.85090155927e-08,
        "stdev": 5.89971405063e-09
    },
    "spectral_energy": {
        "max": 0.115500405431,
        "mean": 0.0205126907676,
        "min": 5.9518239226e-08,
        "stdev": 0.0237953532487
    },
    "spectral_energyband_high": {
        "max": 0.0319539196789,
        "mean": 0.000994985108264,
        "min": 1.45582834676e-09,
        "stdev": 0.00253114965744
    },
    "spectral_energyband_low": {
        "max": 0.0744687691331,
        "mean": 0.00572017207742,
        "min": 9.91231402514e-11,
        "stdev": 0.0126372659579
    },
    "spectral_energyband_middle_high": {
        "max": 0.0739838480949,
        "mean": 0.00639427453279,
        "min": 4.45671339833e-08,
        "stdev": 0.00836055912077
    },
    "spectral_energyband_middle_low": {
        "max": 0.0832337215543,
        "mean": 0.00775448838249,
        "min": 1.50780543606e-08,
        "stdev": 0.0110733574256
    },
    "spectral_entropy": {
        "max": 8.93722343445,
        "mean": 7.74886322021,
        "min": 6.77673387527,
        "stdev": 0.287314087152
    },
    "spectral_flux": {
        "max": 0.263634711504,
        "mean": 0.0710127130151,
        "min": 0.000677113770507,
        "stdev": 0.0473415106535
    },
    "spectral_kurtosis": {
        "max": 12.9634103775,
        "mean": 4.77339458466,
        "min": -1.36294186115,
        "stdev": 2.64101719856
    },
    "spectral_rms": {
        "max": 0.0106152398512,
        "mean": 0.0037308181636,
        "min": 7.6201426964e-06,
        "stdev": 0.00246849004179
    },
    "spectral_rolloff": {
        "max": 12510.7910156,
        "mean": 1769.7857666,
        "min": 64.599609375,
        "stdev": 1561.22119141
    },
    "spectral_skewness": {
        "max": 3.18995809555,
        "mean": 1.71055424213,
        "min": 0.0363751500845,
        "stdev": 0.411065727472
    },
    "spectral_spread": {
        "max": 17816258,
        "mean": 4678987,
        "min": 2438980.75,
        "stdev": 1992477.25
    },
    "spectral_strongpeak": {
        "max": 7.33166408539,
        "mean": 1.02481651306,
        "min": 0.000962993595749,
        "stdev": 1.10103261471
    },
    "zerocrossingrate": {
        "max": 0.361328125,
        "mean": 0.0706645622849,
        "min": 0.00830078125,
        "stdev": 0.0366605818272
    },
    "barkbands": {
        "max": [0.00550013501197, 0.0723495557904, 0.0190084315836, 0.0148523114622, 0.0463914088905, 0.0679806470871, 0.0502658262849, 0.0153843946755, 0.0786748975515, 0.0579320192337, 0.0203454010189, 0.0117223095149, 0.0172533281147, 0.00721374573186, 0.0134448232129, 0.00341384042986, 0.00271417410113, 0.00236505130306, 0.0046771732159, 0.00224367529154, 0.00364105589688, 0.00495502445847, 0.0066445171833, 0.00842334982008, 0.0210856962949, 0.00883674062788, 0.000170287807123],
        "mean": [0.000185873257578, 0.00499295862392, 0.000394201953895, 0.000319805636536, 0.000766369805206, 0.00154522096273, 0.00119874370284, 0.00056274572853, 0.00301025016233, 0.00220890808851, 0.000781141687185, 0.000850876735058, 0.00104681926314, 0.000578257604502, 0.000458206835901, 0.000179752576514, 0.000128383675474, 0.000113931993837, 0.000125279679196, 0.000141876967973, 0.000136251794174, 0.000166390687809, 0.000184711971087, 0.000180555318366, 0.000160373165272, 9.22505423659e-05, 2.54694077739e-06],
        "min": [1.46370220631e-12, 1.13520434372e-11, 1.63524159491e-11, 9.97031346373e-11, 1.35664535161e-10, 3.59685281559e-10, 9.67274593755e-10, 4.87604179256e-10, 9.07093689051e-09, 8.8521678876e-09, 2.84316259425e-09, 9.2279179853e-09, 6.72502853405e-09, 3.14593817663e-09, 3.80446829595e-09, 6.97636970415e-09, 2.11422745977e-09, 9.56672296937e-10, 1.08592368431e-09, 1.34610045333e-09, 2.71975247879e-10, 2.59242904921e-10, 2.38134983954e-10, 1.92933266585e-10, 1.25801466466e-10, 9.11604888798e-11, 5.60502408375e-11],
        "stdev": [0.000460562732769, 0.0116613097489, 0.00147264334373, 0.00121754687279, 0.00313876220025, 0.0051830871962, 0.00375720043667, 0.00123732467182, 0.00713246781379, 0.00429578404874, 0.0014413613826, 0.00140358856879, 0.00214006821625, 0.0010322323069, 0.000976013892796, 0.000281420449028, 0.000212575294427, 0.000177665366209, 0.000315278040944, 0.000264654489001, 0.000304420100292, 0.000377260323148, 0.000477122055599, 0.000588364200667, 0.000955647206865, 0.000532525882591, 1.01801242636e-05]
    },
    "erbbands": {
        "max": [2.84035801888, 15.2852687836, 16.256072998, 36.2706375122, 65.8248519897, 141.434921265, 458.057037354, 445.584106445, 863.112976074, 695.149230957, 709.724060059, 2090.27929688, 1114.46032715, 2158.38818359, 447.299224854, 469.703063965, 776.023498535, 288.110351562, 740.95501709, 364.401367188, 210.590484619, 128.615158081, 140.1615448, 146.662475586, 287.872619629, 116.160713196, 99.0034179688, 175.078994751, 185.094955444, 155.791061401, 226.819549561, 131.668457031, 153.785690308, 180.288711548, 221.326095581, 73.8374404907, 9.38236618042, 1.07677972317, 0.0228262525052, 0.00119722960517],
        "mean": [0.199606955051, 0.897748589516, 0.564312338829, 0.845042347908, 1.52944839001, 2.29601931572, 9.04254722595, 12.6251831055, 18.8513507843, 11.4674568176, 25.5079708099, 69.8712692261, 54.8128852844, 60.5745887756, 34.1295585632, 36.4703636169, 47.0164413452, 24.7243900299, 33.1372375488, 17.5644493103, 8.78956508636, 7.36859512329, 6.58607625961, 5.87091636658, 6.85793924332, 6.90782785416, 5.16260719299, 5.77869606018, 5.83970403671, 5.92761039734, 5.11210775375, 4.31686973572, 2.63333511353, 1.81070160866, 1.10960006714, 0.584856033325, 0.115720376372, 0.0179089009762, 0.000381714780815, 4.03956364607e-05],
        "min": [2.65313798709e-10, 2.95154301e-09, 2.22528324656e-08, 1.6892460053e-07, 5.54292910238e-07, 2.46594652253e-07, 1.09216966848e-06, 4.1811790652e-06, 1.45319891089e-05, 7.67353412812e-06, 3.59325713362e-05, 0.000248546653893, 0.000243602160481, 0.000238357737544, 0.000138321513077, 0.000430354673881, 0.000280790962279, 0.000227619791985, 0.000218387125642, 0.000278085150057, 0.000288501265459, 0.000142390155816, 5.56930717721e-05, 6.97240175214e-05, 6.35662363493e-05, 4.70743070764e-05, 1.78813716047e-05, 7.44554563425e-06, 8.44678925205e-06, 7.76647084422e-06, 7.60572720537e-06, 4.91179525852e-06, 2.55065583588e-06, 1.42666510783e-06, 8.36492233702e-07, 4.43113890469e-07, 1.51380589841e-07, 4.61698199672e-08, 8.53799786427e-09, 8.53427661873e-10],
        "stdev": [0.463895976543, 2.17592787743, 1.51426076889, 3.01739001274, 5.22099018097, 8.72974205017, 37.2619361877, 40.8956680298, 57.4104194641, 37.6739807129, 59.6479377747, 177.706329346, 88.2093048096, 130.635116577, 54.2607841492, 58.4006080627, 92.4071578979, 35.3199005127, 64.0514907837, 27.9671649933, 13.4395952225, 11.2985992432, 10.1407260895, 10.224234581, 19.1132297516, 13.6504039764, 10.6423902512, 13.7537174225, 14.0231533051, 13.3381109238, 14.1497344971, 13.0529203415, 9.21176528931, 8.83180522919, 8.17972660065, 4.05501842499, 0.547131538391, 0.0751113072038, 0.0015749867307, 8.31476354506e-05]
    },
    "gfcc": {
        "mean": [-50.4230117798, 46.0376167297, -166.329605103, -15.7875061035, -83.3356933594, 15.8440933228, -39.6015892029, 8.8384552002, -25.6908969879, 1.2915776968, -21.3351173401, -0.961289167404, -12.596200943],
        "cov": [[9890.18164062, 540.205200195, 3652.96875, 1843.28063965, 761.721679688, 1220.1048584, 578.304443359, 384.534790039, 396.029937744, 968.057922363, 585.295227051, 608.709594727, 159.920852661], [540.205200195, 982.192993164, 693.856140137, 497.579437256, 532.265319824, 271.122924805, 210.99949646, 109.013748169, 51.8294296265, 69.3044281006, 59.2281303406, 10.5261793137, 81.1360778809], [3652.96875, 693.856140137, 2522.96166992, 1290.45556641, 759.16595459, 781.409423828, 256.70501709, 269.643310547, 189.941238403, 480.625061035, 248.768600464, 306.065765381, 86.2837219238], [1843.28063965, 497.579437256, 1290.45556641, 841.132324219, 476.978912354, 416.809448242, 167.586883545, 124.184326172, 88.6728439331, 234.049331665, 127.416152954, 138.618209839, 52.0802459717], [761.721679688, 532.265319824, 759.16595459, 476.978912354, 520.526367188, 347.589141846, 189.599075317, 137.600921631, 30.2965774536, 114.082023621, 41.3787231445, 46.2923660278, 47.8492507935], [1220.1048584, 271.122924805, 781.409423828, 416.809448242, 347.589141846, 408.737487793, 207.313827515, 124.77217865, 50.9320755005, 150.248855591, 84.9823226929, 75.5840606689, 40.9062385559], [578.304443359, 210.99949646, 256.70501709, 167.586883545, 189.599075317, 207.313827515, 249.338775635, 117.314422607, 42.8135108948, 68.4906463623, 30.6194381714, -0.00120936892927, 20.8119182587], [384.534790039, 109.013748169, 269.643310547, 124.184326172, 137.600921631, 124.77217865, 117.314422607, 142.428131104, 65.4320907593, 59.7768936157, 9.07111930847, 1.45688188076, -1.69441270828], [396.029937744, 51.8294296265, 189.941238403, 88.6728439331, 30.2965774536, 50.9320755005, 42.8135108948, 65.4320907593, 116.725715637, 79.2143173218, 40.0932388306, 31.8426589966, -2.26346158981], [968.057922363, 69.3044281006, 480.625061035, 234.049331665, 114.082023621, 150.248855591, 68.4906463623, 59.7768936157, 79.2143173218, 195.304794312, 99.8087005615, 87.676071167, 24.6303901672], [585.295227051, 59.2281303406, 248.768600464, 127.416152954, 41.3787231445, 84.9823226929, 30.6194381714, 9.07111930847, 40.0932388306, 99.8087005615, 127.267616272, 81.2586975098, 25.921585083], [608.709594727, 10.5261793137, 306.065765381, 138.618209839, 46.2923660278, 75.5840606689, -0.00120936892927, 1.45688188076, 31.8426589966, 87.676071167, 81.2586975098, 115.793960571, 34.4634590149], [159.920852661, 81.1360778809, 86.2837219238, 52.0802459717, 47.8492507935, 40.9062385559, 20.8119182587, -1.69441270828, -2.26346158981, 24.6303901672, 25.921585083, 34.4634590149, 65.7101821899]],
        "icov": [[0.000331282208208, 9.86641862255e-06, -0.000293376127956, -0.000192953069927, 0.000573408906348, -0.000234731516684, -0.000485714059323, 6.75284463796e-05, 7.28273735149e-05, -0.000527315540239, -2.21469254029e-05, -0.000429345440352, 3.79647863156e-05], [9.86641862255e-06, 0.00494247907773, -0.00209378590807, 0.000637227494735, -0.0063958549872, 0.00524946348742, -0.00359473889694, 0.00444277375937, -0.0039381897077, 0.00402023782954, -0.0045433496125, 0.00580220483243, -0.00413335300982], [-0.000293376127956, -0.00209378590807, 0.00544821331277, -0.00426779547706, 0.00273635354824, -0.00582660594955, 0.00507070263848, -0.00555972242728, 0.00237050745636, -0.0037595431786, 0.00351707986556, -0.00581728387624, 0.0025675597135], [-0.000192953069927, 0.000637227494735, -0.00426779547706, 0.00803767517209, -0.00425858888775, 0.0030233382713, -0.00255023408681, 0.00508785899729, -0.00224056118168, 0.00167964794673, -0.00206345599145, 0.00322404573672, -0.000509512959979], [0.000573408906348, -0.0063958549872, 0.00273635354824, -0.00425858888775, 0.016198001802, -0.0106392009184, 0.00413937168196, -0.00914115086198, 0.00728330016136, -0.00572933768854, 0.00716780824587, -0.00760893849656, 0.00312677701004], [-0.000234731516684, 0.00524946348742, -0.00582660594955, 0.0030233382713, -0.0106392009184, 0.0190035253763, -0.0105261104181, 0.00681340601295, -0.00313300476409, 0.0054251011461, -0.00736618088558, 0.00753968302161, -0.00441915169358], [-0.000485714059323, -0.00359473889694, 0.00507070263848, -0.00255023408681, 0.00413937168196, -0.0105261104181, 0.0155156031251, -0.0108177782968, 0.00325549929403, -0.00398375978693, 0.00244885217398, -0.00202095229179, 0.00102839770261], [6.75284463796e-05, 0.00444277375937, -0.00555972242728, 0.00508785899729, -0.00914115086198, 0.00681340601295, -0.0108177782968, 0.0252986755222, -0.0123821888119, 0.00407532649115, -0.00209706230089, 0.00904975738376, -0.00176183658186], [7.28273735149e-05, -0.0039381897077, 0.00237050745636, -0.00224056118168, 0.00728330016136, -0.00313300476409, 0.00325549929403, -0.0123821888119, 0.0197866894305, -0.00815151445568, 0.00237931660376, -0.00673966202885, 0.0049782008864], [-0.000527315540239, 0.00402023782954, -0.0037595431786, 0.00167964794673, -0.00572933768854, 0.0054251011461, -0.00398375978693, 0.00407532649115, -0.00815151445568, 0.019678266719, -0.00971841439605, 0.00439575826749, -0.00404226593673], [-2.21469254029e-05, -0.0045433496125, 0.00351707986556, -0.00206345599145, 0.00716780824587, -0.00736618088558, 0.00244885217398, -0.00209706230089, 0.00237931660376, -0.00971841439605, 0.023042358458, -0.0148820364848, 0.00365766114555], [-0.000429345440352, 0.00580220483243, -0.00581728387624, 0.00322404573672, -0.00760893849656, 0.00753968302161, -0.00202095229179, 0.00904975738376, -0.00673966202885, 0.00439575826749, -0.0148820364848, 0.0325462073088, -0.0123943705112], [3.79647863156e-05, -0.00413335300982, 0.0025675597135, -0.000509512959979, 0.00312677701004, -0.00441915169358, 0.00102839770261, -0.00176183658186, 0.0049782008864, -0.00404226593673, 0.00365766114555, -0.0123943705112, 0.0241093449295]]
    },
    "melbands": {
        "max": [0.0224522538483, 0.00836098566651, 0.00533664086834, 0.00404203590006, 0.0151555836201, 0.0108605129644, 0.0119397491217, 0.00705956574529, 0.0099720004946, 0.0136673562229, 0.00561441481113, 0.00952683854848, 0.00169291882776, 0.000859269115608, 0.00201068725437, 0.00193146488164, 0.000557671883143, 0.00118513777852, 0.000657198717818, 0.000238026666921, 0.000234927792917, 0.00016467878595, 0.000266397197265, 0.000130544547574, 0.00012840895215, 0.000329511880409, 0.000107433166704, 9.26491557038e-05, 6.77994466969e-05, 8.79427825566e-05, 0.00011988371989, 0.000106850959128, 7.61856790632e-05, 9.60386751103e-05, 0.000131040127599, 0.000121659599245, 9.56433577812e-05, 0.000122577213915, 0.000116405492008, 0.00016845970822],
        "mean": [0.00157716800459, 0.000562266679481, 0.000166715937667, 0.000128125349875, 0.00027653388679, 0.000299004779663, 0.000273061683401, 0.000115927112347, 0.00027509231586, 0.00043295888463, 0.000279960600892, 0.000269035692327, 0.000105079547211, 8.56110782479e-05, 0.000138276445796, 7.49269092921e-05, 4.35161746282e-05, 5.91006901232e-05, 3.21504958265e-05, 1.58151433425e-05, 8.64433332026e-06, 7.37437449061e-06, 7.077164355e-06, 5.27353449797e-06, 4.54017754237e-06, 5.13486656928e-06, 4.82574978378e-06, 4.47630145572e-06, 3.13946156894e-06, 3.32415379489e-06, 3.2931673104e-06, 3.20633898809e-06, 3.31306478074e-06, 3.34183891937e-06, 2.99256294056e-06, 2.71639669336e-06, 2.64997311206e-06, 1.93698292605e-06, 1.55310476657e-06, 1.50570531332e-06],
        "min": [3.02403805122e-12, 1.29937458362e-11, 4.33487343243e-11, 2.92191132401e-11, 3.20316898006e-11, 9.19571641056e-11, 2.17554682602e-10, 7.16482081997e-11, 4.58075466447e-10, 1.54917179085e-09, 1.11813625026e-09, 9.51174472519e-10, 4.2253125998e-10, 8.56828719087e-10, 8.88853712855e-10, 7.02427116472e-10, 3.57142843077e-10, 3.35525496276e-10, 2.96006913425e-10, 4.71543193381e-10, 3.04559627518e-10, 1.60155139151e-10, 5.21972118306e-11, 4.99463352621e-11, 5.82977971453e-11, 3.85267893976e-11, 6.75688116569e-11, 2.01758106749e-11, 1.22542974032e-11, 6.24518535844e-12, 3.91391129576e-12, 4.30697057879e-12, 5.56126976067e-12, 3.73684546848e-12, 4.4491185909e-12, 4.21814016008e-12, 2.51394868464e-12, 1.65586576568e-12, 1.63896240329e-12, 1.13350550734e-12],
        "stdev": [0.00367532623932, 0.00127970904578, 0.000546646653675, 0.000368529872503, 0.00115253485274, 0.000934805022553, 0.000830056611449, 0.000376827432774, 0.000739855517168, 0.00109537981916, 0.000467235600809, 0.000582905602641, 0.000169295439264, 0.000132754546939, 0.000268873875029, 0.000171058389242, 6.63699829602e-05, 0.000116211958812, 6.27764602541e-05, 2.48488759098e-05, 1.37096330945e-05, 1.16954515761e-05, 1.43986535477e-05, 8.80655898072e-06, 8.27272742754e-06, 1.88449139387e-05, 9.8728642115e-06, 9.34473973757e-06, 6.82145628161e-06, 7.67492565501e-06, 8.43475208967e-06, 8.07831656857e-06, 7.45867146179e-06, 8.11212066765e-06, 8.43126599648e-06, 7.87177941675e-06, 8.66301616043e-06, 6.90501656209e-06, 6.73214435665e-06, 7.7882059486e-06]
    },
    "melbands128": {
        "max": [0.00483074598014, 0.0228950865567, 0.0375789552927, 0.0211160928011, 0.00817242637277, 0.0101968944073, 0.00890716724098, 0.00871344655752, 0.00815418269485, 0.00409139040858, 0.00691977748647, 0.0217130929232, 0.0215503238142, 0.0306607764214, 0.0127579420805, 0.00935549568385, 0.0144721847028, 0.0183164793998, 0.0172671470791, 0.0115463659167, 0.00554534560069, 0.00327229662798, 0.00683301081881, 0.0314421392977, 0.01854291372, 0.0190746281296, 0.0107632465661, 0.00746793439612, 0.0085808550939, 0.0176085680723, 0.0103909401223, 0.00382834137417, 0.0019722150173, 0.00338990567252, 0.00224926415831, 0.00138704059646, 0.00248127407394, 0.00339587498456, 0.00416189106181, 0.00344366487116, 0.00333076436073, 0.00160293723457, 0.000827436568215, 0.00103602081072, 0.00189822085667, 0.00252121896483, 0.00273561174981, 0.000775777618401, 0.00127968925517, 0.000607223599218, 0.000354073243216, 0.000698247225955, 0.000556421699002, 0.000129361855215, 0.000286764203338, 0.000202350973268, 0.000168021389982, 0.000523496593814, 0.000233384460444, 0.000113077541755, 0.000208347802982, 0.000145361205796, 0.000225509007578, 0.000121035482152, 0.000140321222716, 0.000666516425554, 0.000281886459561, 0.000209956619074, 0.000136272399686, 0.000192082996364, 0.000153199318447, 0.000189190264791, 0.000146461956319, 9.53419294092e-05, 0.000106427796709, 9.41430625971e-05, 0.000229487879551, 0.000101298712252, 0.00019626111316, 0.000191752871615, 7.89508485468e-05, 0.000164749406395, 0.00015606013767, 8.94064214663e-05, 0.000109400709334, 0.000143874160131, 0.000113974994747, 0.000113554910058, 0.000145709200297, 0.00021033117082, 8.88458525878e-05, 0.000148628067109, 0.000127449529828, 7.59259055485e-05, 0.000165354533237, 0.000198321897187, 0.000105884915683, 5.05007919855e-05, 0.00011880115926, 0.000148303326569, 0.000191753875697, 0.000198113004444, 0.00012030119251, 0.000104518105218, 0.000248976080911, 0.000548464420717, 0.000211565245991, 0.000152985870955, 0.000179819457117, 0.000140015254146, 9.68486056081e-05, 3.84838604077e-05, 1.54168519657e-05, 1.66750851349e-05, 1.8487458874e-05, 2.19862249651e-05, 6.33575336906e-06, 1.90471958206e-08, 1.72863838799e-08, 1.67112492733e-08, 1.62135140869e-08, 1.5693320421e-08, 1.53137680314e-08, 1.49541463657e-08, 1.46684548952e-08, 1.44462370955e-08, 1.42905500766e-08, 1.41837590562e-08],
        "mean": [0.000179153736099, 0.00163914985023, 0.0023582491558, 0.0011486542644, 0.000325070810504, 0.000197447108803, 0.0001654522639, 0.000163408985827, 0.000163111268193, 0.000109079046524, 0.00010186482541, 0.000197892368305, 0.00030797344516, 0.000413188216044, 0.000269600306638, 0.000232939171838, 0.00034301544656, 0.000300031591905, 0.000178877598955, 9.59540484473e-05, 0.000104930295493, 0.000100390978332, 0.000222022776143, 0.00057085743174, 0.000510968791787, 0.00040894432459, 0.000182756150025, 0.000204007737921, 0.000434300367488, 0.000371758971596, 0.000195810556761, 9.8511147371e-05, 7.55806904635e-05, 0.00013984614634, 0.000101023986645, 5.35373219464e-05, 7.64823926147e-05, 0.000178660091478, 0.000155007568537, 8.5464460426e-05, 6.80952944094e-05, 3.76053540094e-05, 2.96080615954e-05, 4.88455370942e-05, 7.87442186265e-05, 6.01534047746e-05, 3.9421931433e-05, 3.56163436663e-05, 2.89610561595e-05, 1.77111178346e-05, 1.41545251608e-05, 1.41747641464e-05, 9.36008473218e-06, 6.21470826445e-06, 6.54879659123e-06, 7.82472307037e-06, 7.31005366106e-06, 8.75054593052e-06, 6.25402844889e-06, 5.41482131666e-06, 5.50684171685e-06, 5.06089872943e-06, 4.26111773777e-06, 4.71985549666e-06, 4.31087164543e-06, 5.70319252802e-06, 5.00213400301e-06, 4.69458291263e-06, 4.6138657126e-06, 5.36415063834e-06, 4.9746267905e-06, 3.73112993657e-06, 3.41059671882e-06, 3.10112591251e-06, 2.64646018877e-06, 3.10655150315e-06, 3.95535835196e-06, 3.35648473992e-06, 3.19346872857e-06, 3.2578363971e-06, 2.83754297925e-06, 3.55922611561e-06, 3.2833233945e-06, 3.26864824274e-06, 3.37618871527e-06, 3.10053474095e-06, 3.56313148586e-06, 3.32818945026e-06, 2.94845381177e-06, 2.83332701656e-06, 2.59711441686e-06, 2.77863659903e-06, 2.61882291852e-06, 2.69878046311e-06, 2.73508499049e-06, 2.25700273404e-06, 1.75180844053e-06, 1.45700926169e-06, 1.52460847858e-06, 1.59533749411e-06, 1.65349581494e-06, 1.59961984991e-06, 1.18541549909e-06, 1.08956169242e-06, 1.07376365577e-06, 1.5304350427e-06, 1.35020104608e-06, 1.17604554362e-06, 1.07476193989e-06, 8.95619109542e-07, 6.08863672369e-07, 3.76200176788e-07, 2.7724274787e-07, 2.09250671901e-07, 2.77299022855e-07, 2.46160908546e-07, 1.0055809696e-07, 1.24688578906e-10, 1.73568416584e-11, 1.67573888793e-11, 1.62670640846e-11, 1.57786856497e-11, 1.53983683443e-11, 1.50425644163e-11, 1.47770701925e-11, 1.45736929469e-11, 1.4422837924e-11, 1.43118667958e-11],
        "min": [2.21462903354e-13, 2.59074944657e-12, 7.63743018481e-13, 6.42521496078e-12, 3.22274737279e-12, 8.05871168408e-12, 2.68062932962e-11, 5.92646418052e-11, 6.53983880938e-11, 2.72217855896e-11, 3.74583523921e-12, 1.73432847944e-11, 3.03887540132e-11, 5.85560974709e-11, 9.58496407244e-11, 8.32671154249e-11, 1.86453644191e-10, 3.22248727702e-10, 1.59212767969e-10, 3.56489490705e-11, 5.64732219321e-11, 7.3707304149e-11, 2.26777430168e-10, 9.93520155035e-10, 2.46260145609e-09, 1.07693620688e-09, 1.09847930752e-09, 1.66818281411e-09, 4.73894978814e-10, 1.0659423344e-09, 1.21557774957e-09, 4.5375250779e-10, 4.46807646437e-10, 3.15059867084e-10, 2.99841040885e-10, 1.09655484692e-09, 1.27670796157e-09, 8.2207940455e-10, 3.97065241797e-10, 3.1729194272e-10, 1.19478138494e-09, 5.67447810962e-10, 3.95108612494e-10, 1.48203366246e-10, 2.34745584082e-10, 4.06581796009e-10, 4.2714196069e-10, 2.40361591741e-10, 1.5923559693e-10, 5.45768652493e-10, 4.84086992714e-10, 5.69906954961e-10, 2.16609022385e-10, 3.2572183839e-10, 1.23364388149e-10, 1.86059834206e-10, 1.5142086196e-10, 3.81224392332e-11, 2.45078159156e-11, 5.00603516973e-11, 5.41818534483e-11, 4.97328289661e-11, 4.64412640289e-11, 6.95599411404e-11, 6.85022732982e-11, 2.69156398558e-11, 2.2556239862e-11, 5.55589463325e-11, 1.05395615846e-10, 4.40666773904e-11, 1.30909094329e-11, 9.14090157733e-12, 1.4983051258e-11, 1.20648560586e-11, 9.87712255734e-12, 8.54411159878e-12, 3.81692073781e-12, 2.34781595207e-12, 4.34353464654e-12, 5.05273297161e-12, 2.54415824345e-12, 5.79682569307e-12, 4.55018531534e-12, 6.12512471299e-12, 5.92814859701e-12, 3.12808589795e-12, 2.2101884125e-12, 6.19570280497e-12, 3.52020257562e-12, 5.04828210485e-12, 3.87822152864e-12, 4.78369947821e-12, 3.09192927338e-12, 2.47729896492e-12, 2.22798147119e-12, 1.44857921231e-12, 1.45559974664e-12, 2.01934866398e-12, 1.96885736881e-12, 1.23682878175e-12, 8.94444349316e-13, 7.9582217552e-13, 1.98601920499e-12, 1.16177727161e-12, 5.78119312405e-13, 9.02413018443e-13, 9.53986130543e-13, 5.24898375633e-13, 8.4737495883e-13, 9.9408903418e-13, 4.53654610622e-13, 4.37875836935e-13, 5.52657962796e-13, 3.61550850023e-13, 3.63350706944e-13, 5.01776029581e-13, 2.65644575564e-13, 1.45482665628e-13, 1.37178639216e-13, 1.2660410372e-13, 1.54412832347e-13, 1.30285417329e-13, 1.29108678501e-13, 1.48244440269e-13, 1.51805570068e-13, 1.41876161969e-13, 1.34222860148e-13, 1.17270776423e-13],
        "stdev": [0.00044631617493, 0.00382090266794, 0.00573571817949, 0.00282751978375, 0.000836414226796, 0.000780507398304, 0.000669105444103, 0.000638188503217, 0.000614357704762, 0.000320886145346, 0.000400087068556, 0.00138484104536, 0.00145992892794, 0.00196399958804, 0.00112739042379, 0.000890885770787, 0.00124524789862, 0.00111782585736, 0.000856599654071, 0.000504023395479, 0.000346017593984, 0.000245896284468, 0.000656871940009, 0.00200736173429, 0.00159739446826, 0.00136961077806, 0.000494149920996, 0.000508108467329, 0.000943512714002, 0.00103706330992, 0.0006057296996, 0.000239249755396, 0.0001600181713, 0.000313588767312, 0.000225448762649, 0.000118689742521, 0.000185580356629, 0.000430622138083, 0.000400403194362, 0.000254161801422, 0.000222276503337, 9.48249653447e-05, 5.69748008274e-05, 0.000102551581222, 0.000188868725672, 0.000158297494636, 0.000144347868627, 8.03856892162e-05, 6.91638706485e-05, 3.81597310479e-05, 2.67926643573e-05, 3.58302459063e-05, 2.48281685344e-05, 8.5677320385e-06, 1.42716899063e-05, 1.53360360855e-05, 1.33786606966e-05, 2.80667100014e-05, 1.2715819139e-05, 9.49708010012e-06, 1.15795273814e-05, 1.14579315778e-05, 1.02533658719e-05, 9.90085391095e-06, 9.57227166509e-06, 3.26472290908e-05, 1.88762896869e-05, 1.24638672787e-05, 1.0506812032e-05, 1.57215999934e-05, 1.32058457893e-05, 1.04501759779e-05, 9.11775623536e-06, 7.92300579633e-06, 6.98481562722e-06, 7.78097273724e-06, 1.15412913146e-05, 8.77002094057e-06, 1.04321743493e-05, 9.917753232e-06, 6.76673107591e-06, 1.12550169433e-05, 8.98885355127e-06, 7.74502041168e-06, 8.65231504577e-06, 8.16657302494e-06, 9.7170650406e-06, 9.64446917351e-06, 8.89098100743e-06, 9.98188352241e-06, 7.13846884537e-06, 8.55133203004e-06, 8.66602113092e-06, 7.84909479989e-06, 1.17015506476e-05, 9.74953672994e-06, 5.78298158871e-06, 4.37464450442e-06, 7.12822748028e-06, 8.21083449409e-06, 8.29531927593e-06, 9.03388263396e-06, 6.1444484345e-06, 5.83855626246e-06, 8.30296630738e-06, 1.71648607648e-05, 1.09489910756e-05, 8.95872653928e-06, 7.90345256974e-06, 6.65309153192e-06, 3.86576766687e-06, 1.84405996606e-06, 1.05130652628e-06, 8.61375610839e-07, 1.12866973723e-06, 1.20941194837e-06, 3.94011976823e-07, 7.04531211149e-10, 4.88492191142e-10, 4.72238026461e-10, 4.58174720386e-10, 4.43473896494e-10, 4.32749586166e-10, 4.22584356397e-10, 4.14512840718e-10, 4.08231226601e-10, 4.03832717266e-10, 4.00815908241e-10]
    },
    "mfcc": {
        "mean": [-680.79296875, 91.7206573486, -37.8335762024, -28.9741516113, -25.1375579834, -7.0344452858, -9.11908721924, -0.158244088292, -2.98287940025, 2.19051861763, -4.56207084656, -5.67709207535, -6.17914485931],
        "cov": [[7889.48242188, 56.0983505249, 2569.8828125, 1039.71081543, 748.323425293, 1013.06689453, 636.562133789, 235.631942749, 143.939483643, 458.528045654, 442.329589844, 371.785217285, 372.621154785], [56.0983505249, 730.39855957, 246.981719971, 320.615509033, 321.104522705, 223.577072144, 242.562179565, 130.372314453, 117.942962646, 115.599975586, 40.6483306885, 38.4279136658, -6.86219596863], [2569.8828125, 246.981719971, 1780.09594727, 785.135620117, 741.03729248, 642.495361328, 385.306304932, 179.045013428, 116.456321716, 254.695205688, 219.016479492, 222.458282471, 198.663619995], [1039.71081543, 320.615509033, 785.135620117, 583.582397461, 441.846862793, 353.01473999, 235.697677612, 107.794052124, 91.753616333, 138.63873291, 94.1485671997, 107.619796753, 70.982460022], [748.323425293, 321.104522705, 741.03729248, 441.846862793, 524.754272461, 346.967559814, 242.540267944, 121.794548035, 86.4365844727, 121.720909119, 81.2755966187, 90.9337539673, 63.5643005371], [1013.06689453, 223.577072144, 642.495361328, 353.01473999, 346.967559814, 397.965515137, 275.970794678, 116.156013489, 80.7670669556, 133.637405396, 88.4681396484, 78.871711731, 66.9083786011], [636.562133789, 242.562179565, 385.306304932, 235.697677612, 242.540267944, 275.970794678, 330.154510498, 134.296066284, 105.695449829, 129.523483276, 71.5321578979, 50.165145874, 34.8785133362], [235.631942749, 130.372314453, 179.045013428, 107.794052124, 121.794548035, 116.156013489, 134.296066284, 140.437988281, 79.2512512207, 77.1253356934, 43.7340545654, 26.8238506317, 11.7936620712], [143.939483643, 117.942962646, 116.456321716, 91.753616333, 86.4365844727, 80.7670669556, 105.695449829, 79.2512512207, 140.502929688, 86.1304626465, 48.3965454102, 32.8445014954, 2.04224562645], [458.528045654, 115.599975586, 254.695205688, 138.63873291, 121.720909119, 133.637405396, 129.523483276, 77.1253356934, 86.1304626465, 141.012405396, 75.1618270874, 51.8535766602, 33.3620262146], [442.329589844, 40.6483306885, 219.016479492, 94.1485671997, 81.2755966187, 88.4681396484, 71.5321578979, 43.7340545654, 48.3965454102, 75.1618270874, 109.81678772, 70.1569671631, 40.3471717834], [371.785217285, 38.4279136658, 222.458282471, 107.619796753, 90.9337539673, 78.871711731, 50.165145874, 26.8238506317, 32.8445014954, 51.8535766602, 70.1569671631, 103.812911987, 59.1157608032], [372.621154785, -6.86219596863, 198.663619995, 70.982460022, 63.5643005371, 66.9083786011, 34.8785133362, 11.7936620712, 2.04224562645, 33.3620262146, 40.3471717834, 59.1157608032, 89.6822814941]],
        "icov": [[0.000312990421662, 7.44381686673e-05, -0.000435656344052, -0.000119337208162, 0.000562140601687, -0.00033553945832, -0.000134991380037, 7.63573334552e-05, 0.000163086922839, -0.000157204689458, -0.000361073209206, 9.31530594244e-05, -0.000185064054676], [7.44381686673e-05, 0.00273595168255, 0.000952894682996, -0.00127975386567, -0.0014297523303, 7.31095278752e-05, -0.00091292813886, -0.000408608699217, -9.28798981477e-05, -0.000802879629191, 0.00020177938859, -0.000277313345578, 0.000562539615203], [-0.000435656344052, 0.000952894682996, 0.00349221541546, -0.00146616296843, -0.00268879160285, -0.00124827900436, 0.000712690176442, -0.000284230947727, 0.000474272965221, -0.000719157222193, -0.000714182737283, -0.000268251431407, -0.0013403701596], [-0.000119337208162, -0.00127975386567, -0.00146616296843, 0.00676859915257, -0.00214410014451, -0.00122911075596, 0.000551061006263, 0.000870451098308, -0.000666728068609, -0.000406047241995, 0.00117474142462, -0.00168534647673, 0.001145023969], [0.000562140601687, -0.0014297523303, -0.00268879160285, -0.00214410014451, 0.00924664828926, -0.0025062195491, -0.000192289371626, -0.00106945203152, -0.000170914427144, 0.0014056940563, 0.000506091455463, -0.000498951121699, 0.000321808794979], [-0.00033553945832, 7.31095278752e-05, -0.00124827900436, -0.00122911075596, -0.0025062195491, 0.01272641588, -0.00604505185038, 0.000154079316417, 0.00109003228135, -0.000833535625134, 9.41814287216e-05, 0.000869682757184, -0.000580252206419], [-0.000134991380037, -0.00091292813886, 0.000712690176442, 0.000551061006263, -0.000192289371626, -0.00604505185038, 0.0103543689474, -0.00331881898455, -0.00148477731273, -0.00178726983722, 1.49789475472e-05, 0.000901307270397, -0.000370290857973], [7.63573334552e-05, -0.000408608699217, -0.000284230947727, 0.000870451098308, -0.00106945203152, 0.000154079316417, -0.00331881898455, 0.0143008055165, -0.00388240558095, -0.00176324509084, -0.000975141883828, 0.000975226343144, 0.000185509081348], [0.000163086922839, -9.28798981477e-05, 0.000474272965221, -0.000666728068609, -0.000170914427144, 0.00109003228135, -0.00148477731273, -0.00388240558095, 0.0145972073078, -0.00631883693859, -0.000929447764065, -0.00254823826253, 0.00330437999219], [-0.000157204689458, -0.000802879629191, -0.000719157222193, -0.000406047241995, 0.0014056940563, -0.000833535625134, -0.00178726983722, -0.00176324509084, -0.00631883693859, 0.0193941257894, -0.00637708464637, 0.00130630948115, -0.00200415262952], [-0.000361073209206, 0.00020177938859, -0.000714182737283, 0.00117474142462, 0.000506091455463, 9.41814287216e-05, 1.49789475472e-05, -0.000975141883828, -0.000929447764065, -0.00637708464637, 0.0221220869571, -0.0111510772258, 0.00165275437757], [9.31530594244e-05, -0.000277313345578, -0.000268251431407, -0.00168534647673, -0.000498951121699, 0.000869682757184, 0.000901307270397, 0.000975226343144, -0.00254823826253, 0.00130630948115, -0.0111510772258, 0.0247571785003, -0.0109843919054], [-0.000185064054676, 0.000562539615203, -0.0013403701596, 0.001145023969, 0.000321808794979, -0.000580252206419, -0.000370290857973, 0.000185509081348, 0.00330437999219, -0.00200415262952, 0.00165275437757, -0.0109843919054, 0.0215170904994]]
    },
    "spectral_contrast_coeffs": {
        "max": [-0.39737328887, -0.482322752476, -0.536239385605, -0.614319324493, -0.692036151886, -0.646775484085],
        "mean": [-0.722902655602, -0.752708554268, -0.762938082218, -0.809362590313, -0.813049435616, -0.786529421806],
        "min": [-0.876852989197, -0.948665142059, -0.91682612896, -0.924632072449, -0.90665602684, -0.900306999683],
        "stdev": [0.0733770802617, 0.0807158499956, 0.0644100606441, 0.0537281259894, 0.0309015996754, 0.0341561846435]
    },
    "spectral_contrast_valleys": {
        "max": [-5.11113500595, -5.03131151199, -5.29119825363, -5.88447093964, -5.92753887177, -7.32986974716],
        "mean": [-8.72488117218, -6.95735454559, -6.91983127594, -7.34270954132, -7.82385969162, -10.2258148193],
        "min": [-14.8037452698, -12.6717720032, -12.0557718277, -12.2058010101, -12.9664735794, -15.6138954163],
        "stdev": [1.86940491199, 0.761284291744, 0.605517745018, 0.512007296085, 0.693439900875, 1.09560072422]
    }
},
"rhythm": {
    "beats_count": 68,
    "beats_loudness": {
        "max": 0.0758688300848,
        "mean": 0.0215416997671,
        "min": 0.00046961705084,
        "stdev": 0.0227108821273
    },
    "bpm": 136.764465332,
    "bpm_histogram_first_peak_bpm": 136,
    "bpm_histogram_first_peak_weight": 0.519999980927,
    "bpm_histogram_second_peak_bpm": 157,
    "bpm_histogram_second_peak_spread": 0.428571462631,
    "bpm_histogram_second_peak_weight": 0.119402982295,
    "danceability": 0.902885198593,
    "onset_rate": 2.20411849022,
    "beats_loudness_band_ratio": {
        "max": [0.924719274044, 0.406830489635, 0.880197107792, 0.787514984608, 0.362681627274, 0.652223885059],
        "mean": [0.150737419724, 0.0650722980499, 0.31419813633, 0.356517314911, 0.102634266019, 0.0599302537739],
        "min": [4.7844449e-05, 0.00157944788225, 0.0198332760483, 0.0107429577038, 0.00481195934117, 0.00656195729971],
        "stdev": [0.259909272194, 0.0842570289969, 0.199644863605, 0.1874884516, 0.0662489384413, 0.107734553516]
    },
    "beats_position": [0.487619042397, 0.96362811327, 1.43963718414, 1.92725622654, 2.39165520668, 2.83283448219, 3.27401351929, 3.70358276367, 4.14476203918, 4.58594083786, 5.01551008224, 5.45668935776, 5.89786815643, 6.33904743195, 6.76861667633, 7.19818592072, 7.63936471939, 8.08054447174, 8.52172279358, 8.97451210022, 9.42730140686, 9.8800907135, 10.3328800201, 10.8088884354, 11.2848978043, 11.7609071732, 12.2253055573, 12.7013149261, 13.177324295, 13.6068935394, 14.0248527527, 14.4544210434, 14.8723802567, 15.2903394699, 15.7199087143, 16.1494789124, 16.5906581879, 17.031835556, 17.4614048004, 17.8329238892, 18.1928348541, 18.5527439117, 18.9126529694, 19.272562027, 19.6324710846, 19.9923801422, 20.3522891998, 20.7238082886, 21.0953292847, 21.4668483734, 21.8383674622, 22.2098865509, 22.6046257019, 22.9993648529, 23.405714035, 23.800453186, 24.195192337, 24.589931488, 24.984670639, 25.3677997589, 25.7509288788, 26.1340579987, 26.5171871185, 26.9003162384, 27.2834453583, 27.6781845093, 28.0613155365, 28.4444446564],
