{
"metadata": {
    "version": {
        "essentia": "2.1-beta5",
        "essentia_git_sha": "Undefined",
        "extractor": "music 2.0"
    },
    "audio_properties": {
        "analysis": {
            "equal_loudness": 0,
            "length": 50.0622215271,
            "sample_rate": 44100,
            "start_time": 158.998641968,
            "downmix": "mix"
        },
        "bit_rate": 192000,
        "length": 209.084075928,
        "lossless": 0,
        "number_channels": 2,
        "replay_gain": -4.30563163757,
        "sample_rate": 48000,
        "codec": "mp3",
        "md5_encoded": "3dd0e5718737b0e5e68dbfff2c7affd3"
    },
    "tags": {
        "file_name": "Norway_Haba Haba_Stella Mwangi.mp3",
        "encoding": ["Lavf58.29.100"]
    }
},
"lowlevel": {
    "average_loudness": 0.887484669685,
    "barkbands_crest": {
        "max": 23.4495201111,
        "mean": 9.95149803162,
        "min": 2.47633194923,
        "stdev": 4.3635559082
    },
    "barkbands_flatness_db": {
        "max": 0.279205411673,
        "mean": 0.131142646074,
        "min": 0.0185862462968,
        "stdev": 0.0614406764507
    },
    "barkbands_kurtosis": {
        "max": 22.3915920258,
        "mean": 2.40277194977,
        "min": -1.86931324005,
        "stdev": 3.15646719933
    },
    "barkbands_skewness": {
        "max": 4.64244508743,
        "mean": 1.28961849213,
        "min": -2.01389074326,
        "stdev": 0.804466605186
    },
    "barkbands_spread": {
        "max": 98.0356216431,
        "mean": 18.8469181061,
        "min": 2.14613723755,
        "stdev": 12.8010587692
    },
    "dissonance": {
        "max": 0.499999970198,
        "mean": 0.479307740927,
        "min": 0.36777022481,
        "stdev": 0.0182680208236
    },
    "dynamic_complexity": 3.23569250107,
    "erbbands_crest": {
        "max": 28.2791404724,
        "mean": 8.84570217133,
        "min": 2.78846049309,
        "stdev": 3.85023403168
    },
    "erbbands_flatness_db": {
        "max": 0.364691793919,
        "mean": 0.188747435808,
        "min": 0.0556476823986,
        "stdev": 0.081559792161
    },
    "erbbands_kurtosis": {
        "max": 18.1645278931,
        "mean": 1.2249212265,
        "min": -1.55044877529,
        "stdev": 1.7784897089
    },
    "erbbands_skewness": {
        "max": 3.23127794266,
        "mean": 0.770266234875,
        "min": -3.45558238029,
        "stdev": 0.64062255621
    },
    "erbbands_spread": {
        "max": 93.7075653076,
        "mean": 25.4469928741,
        "min": 3.99311351776,
        "stdev": 14.7761802673
    },
    "hfc": {
        "max": 226.567764282,
        "mean": 23.3535060883,
        "min": 0.00164861150552,
        "stdev": 23.4911460876
    },
    "loudness_ebu128": {
        "integrated": -18.7385787964,
        "loudness_range": 8.10836601257,
        "momentary": {
            "max": -13.9125671387,
            "mean": -19.8047809601,
            "min": -38.951675415,
            "stdev": 3.43370556831
        },
        "short_term": {
            "max": -15.5114974976,
            "mean": -19.3945388794,
            "min": -27.5461807251,
            "stdev": 2.77691984177
        }
    },
    "melbands_crest": {
        "max": 33.22215271,
        "mean": 13.4423370361,
        "min": 3.54502296448,
        "stdev": 6.01146602631
    },
    "melbands_flatness_db": {
        "max": 0.289950698614,
        "mean": 0.168828472495,
        "min": 0.0360229276121,
        "stdev": 0.0447924509645
    },
    "melbands_kurtosis": {
        "max": 84.8969268799,
        "mean": 7.19324731827,
        "min": -1.80733644962,
        "stdev": 8.83357906342
    },
    "melbands_skewness": {
        "max": 8.40534687042,
        "mean": 1.96354866028,
        "min": -0.446284353733,
        "stdev": 1.17364645004
    },
    "melbands_spread": {
        "max": 224.450485229,
        "mean": 22.3160419464,
        "min": 3.11382818222,
        "stdev": 16.801235199
    },
    "pitch_salience": {
        "max": 0.853991568089,
        "mean": 0.6249345541,
        "min": 0.117225170135,
        "stdev": 0.141071140766
    },
    "silence_rate_20dB": {
        "max": 1,
        "mean": 1,
        "min": 1,
        "stdev": 0
    },
    "silence_rate_30dB": {
        "max": 1,
        "mean": 0.991655051708,
        "min": 0,
        "stdev": 0.0909709259868
    },
    "silence_rate_60dB": {
        "max": 1,
        "mean": 0.0732498839498,
        "min": 0,
        "stdev": 0.260545998812
    },
    "spectral_centroid": {
        "max": 4923.61474609,
        "mean": 1455.72241211,
        "min": 468.070800781,
        "stdev": 384.907867432
    },
    "spectral_complexity": {
        "max": 59,
        "mean": 21.4789066315,
        "min": 0,
        "stdev": 7.96593523026
    },
    "spectral_decrease": {
        "max": -2.99214998481e-13,
        "mean": -6.24696605556e-09,
        "min": -3.80888991458e-08,
        "stdev": 6.29311180944e-09
    },
    "spectral_energy": {
        "max": 0.154825106263,
        "mean": 0.0256957691163,
        "min": 1.27883936329e-06,
        "stdev": 0.0252317283303
    },
    "spectral_energyband_high": {
        "max": 0.0318084992468,
        "mean": 0.000953886774369,
        "min": 2.98754017081e-08,
        "stdev": 0.0019187288126
    },
    "spectral_energyband_low": {
        "max": 0.0970168411732,
        "mean": 0.00845191534609,
        "min": 6.50766995847e-10,
        "stdev": 0.0164235215634
    },
    "spectral_energyband_middle_high": {
        "max": 0.106638997793,
        "mean": 0.00910805165768,
        "min": 8.31705335713e-07,
        "stdev": 0.0110169071704
    },
    "spectral_energyband_middle_low": {
        "max": 0.0953171551228,
        "mean": 0.00795964244753,
        "min": 4.49756441867e-07,
        "stdev": 0.00898654013872
    },
    "spectral_entropy": {
        "max": 8.86635398865,
        "mean": 7.81193494797,
        "min": 7.08560419083,
        "stdev": 0.282521635294
    },
    "spectral_flux": {
        "max": 0.326554387808,
        "mean": 0.0880441516638,
        "min": 0.00194452842698,
        "stdev": 0.049680441618
    },
    "spectral_kurtosis": {
        "max": 18.1690502167,
        "mean": 5.07523822784,
        "min": -0.549587965012,
        "stdev": 2.66939759254
    },
    "spectral_rms": {
        "max": 0.0122901946306,
        "mean": 0.0044668209739,
        "min": 3.53220639226e-05,
        "stdev": 0.00226197438315
    },
    "spectral_rolloff": {
        "max": 11240.3320312,
        "mean": 1605.10473633,
        "min": 64.599609375,
        "stdev": 1024.03527832
    },
    "spectral_skewness": {
        "max": 3.03305649757,
        "mean": 1.74794185162,
        "min": -0.10224442929,
        "stdev": 0.359786987305
    },
    "spectral_spread": {
        "max": 16823686,
        "mean": 4490903.5,
        "min": 2269553.5,
        "stdev": 1535038.375
    },
    "spectral_strongpeak": {
        "max": 9.8407125473,
        "mean": 1.00242388248,
        "min": 0,
        "stdev": 1.14070129395
    },
    "zerocrossingrate": {
        "max": 0.2802734375,
        "mean": 0.0684533193707,
        "min": 0.00830078125,
        "stdev": 0.0267212241888
    },
    "barkbands": {
        "max": [0.00724575389177, 0.092133268714, 0.0213510897011, 0.0238967742771, 0.0526950694621, 0.0366836637259, 0.0399928949773, 0.0300263855606, 0.0565848052502, 0.0940053984523, 0.0809964090586, 0.0170793682337, 0.0342848151922, 0.038317874074, 0.0175684392452, 0.00794376991689, 0.00494668399915, 0.00389988045208, 0.00246379175223, 0.00428207125515, 0.00222335965373, 0.0099624581635, 0.0140833947808, 0.00541447242722, 0.00455353781581, 0.00229943008162, 0.000319878308801],
        "mean": [0.00038307250361, 0.00669191405177, 0.00103954470251, 0.000664459133986, 0.00137498450931, 0.000817641906906, 0.000717219663784, 0.000770685554016, 0.00275878305547, 0.00332566932775, 0.00143365759868, 0.000878193532117, 0.000973140529823, 0.00115409970749, 0.000623466505203, 0.000390352390241, 0.000260119471932, 0.000224556337344, 0.000178751855856, 0.000180875125807, 0.000129041494802, 0.000174617773155, 0.000237420172198, 0.000173516877112, 8.95936464076e-05, 3.77598589694e-05, 1.25848828247e-05],
        "min": [1.02223134471e-11, 4.61272096908e-11, 4.00071559215e-10, 3.4141034444e-10, 6.24495655188e-09, 2.16059703462e-08, 2.84703265407e-08, 2.78687792843e-08, 2.99597786579e-07, 1.57025340286e-07, 2.685065148e-08, 7.68335866042e-08, 3.09656314812e-07, 1.81499984819e-07, 3.5017336586e-08, 2.36789574615e-08, 1.77648047384e-08, 1.88106810128e-08, 1.15582707849e-08, 1.60394186821e-08, 5.2695163788e-09, 4.40598624252e-09, 2.10653272603e-09, 1.50343903993e-09, 1.09362374712e-09, 8.69888605592e-10, 2.46349829425e-10],
        "stdev": [0.000947419262957, 0.0147134922445, 0.00242682965472, 0.00160694599617, 0.00339526194148, 0.00235896930099, 0.00214574439451, 0.00140267575625, 0.00414556823671, 0.00665688840672, 0.00327947642654, 0.00133285473567, 0.00165137776639, 0.00204979069531, 0.00115948589519, 0.000548991374671, 0.000309547409415, 0.000291131378617, 0.000224226663704, 0.000342940184055, 0.000210277503356, 0.000520403787959, 0.000690267828759, 0.000384497834602, 0.000220467438339, 9.95305526885e-05, 2.43499853241e-05]
    },
    "erbbands": {
        "max": [4.06892633438, 14.9476461411, 28.2448692322, 38.6170158386, 228.890930176, 119.814964294, 384.962005615, 289.275512695, 705.653564453, 580.948059082, 890.92401123, 1136.32299805, 2421.60205078, 2698.39501953, 1648.65588379, 776.721557617, 1606.96569824, 1028.30981445, 1882.6217041, 793.917419434, 307.350982666, 327.147491455, 253.047271729, 126.26638031, 132.857208252, 210.183181763, 127.154060364, 130.043121338, 291.01574707, 461.37020874, 473.908081055, 185.854705811, 71.5900115967, 53.2560157776, 28.6774272919, 13.6172590256, 3.9556555748, 0.399375200272, 0.0540572367609, 0.00393861718476],
        "mean": [0.254047423601, 1.23072075844, 1.39938724041, 1.93827354908, 2.82801985741, 4.6543340683, 8.42663097382, 5.10303974152, 8.62001132965, 12.589589119, 23.985534668, 58.3244857788, 92.4657440186, 97.7612609863, 43.6641273499, 37.6030158997, 45.6016082764, 46.9139938354, 54.1972427368, 25.6783390045, 19.7731132507, 14.9335346222, 12.7966451645, 10.9529685974, 8.12541675568, 8.11405944824, 6.40963315964, 4.90898418427, 5.72539186478, 6.74964237213, 6.97964048386, 4.44121837616, 2.52354478836, 1.22484624386, 0.52513474226, 0.193246603012, 0.0628630667925, 0.0185571163893, 0.00217746128328, 9.3706046755e-05],
        "min": [1.41722578118e-09, 1.31914585921e-08, 2.43076556217e-07, 2.22882749767e-06, 1.00688648672e-05, 3.17461890518e-05, 3.79771372536e-05, 0.000249823497143, 0.000364985200576, 0.000488294346724, 0.00152353488375, 0.00851904787123, 0.0050075459294, 0.00299870641902, 0.00160767661873, 0.00369373662397, 0.0156922675669, 0.00690985657275, 0.00749957794324, 0.00131969200447, 0.00136646814644, 0.00112878670916, 0.00122552458197, 0.000619184691459, 0.000528701930307, 0.000950940477196, 0.000311105512083, 0.000170981555129, 0.000174816261278, 9.62879203144e-05, 5.78772414883e-05, 3.42266030202e-05, 2.8314490919e-05, 1.63577187777e-05, 5.13506802235e-06, 3.98243037125e-06, 1.43757642945e-06, 3.70122705817e-07, 3.87136758206e-08, 1.10453717284e-08],
        "stdev": [0.659382998943, 2.57618618011, 3.14936423302, 4.15562963486, 9.38154983521, 11.039305687, 23.2836990356, 14.9374656677, 31.5088768005, 26.032617569, 42.7852020264, 86.2560577393, 147.240722656, 212.232116699, 82.3269882202, 56.5819511414, 73.3965682983, 64.4040985107, 112.627883911, 37.5756759644, 24.7624835968, 16.8654499054, 16.3132476807, 13.4757108688, 10.7051229477, 15.0272264481, 11.511267662, 8.98128795624, 16.3774356842, 20.8924350739, 20.2620544434, 10.9845657349, 5.31367921829, 2.82622313499, 1.30889284611, 0.586361348629, 0.162921085954, 0.0329070016742, 0.00433670915663, 0.000171539068106]
    },
    "gfcc": {
        "mean": [-9.57762050629, 47.6991653442, -159.499313354, -9.94519901276, -69.6581954956, 18.5252075195, -34.3813171387, 10.7267799377, -21.4614620209, -2.23383522034, -20.3022575378, -3.33262491226, -11.8658666611],
        "cov": [[7486.66748047, 971.070556641, 4051.19287109, 2325.14428711, 1376.30786133, 1222.45202637, 535.159423828, 139.531738281, 467.532684326, 491.327636719, 483.560241699, 435.512573242, 93.4271621704], [971.070556641, 541.489196777, 868.825744629, 511.592529297, 341.758331299, 206.888412476, 80.154876709, 3.79838705063, 73.6060256958, 89.7022476196, 101.720375061, 83.5688400269, 21.769361496], [4051.19287109, 868.825744629, 3248.81494141, 1812.14660645, 1069.21972656, 812.407653809, 213.080184937, 15.1414308548, 287.487609863, 398.246612549, 325.023376465, 363.70098877, 60.6649665833], [2325.14428711, 511.592529297, 1812.14660645, 1120.66223145, 623.708312988, 495.072540283, 146.380386353, 12.1042041779, 173.253128052, 232.294921875, 197.441986084, 199.007034302, 34.3234634399], [1376.30786133, 341.758331299, 1069.21972656, 623.708312988, 473.602142334, 316.054840088, 128.199264526, 28.567937851, 108.080627441, 143.959136963, 121.660118103, 121.54662323, 25.4583873749], [1222.45202637, 206.888412476, 812.407653809, 495.072540283, 316.054840088, 366.926879883, 166.524139404, 60.4888114929, 113.012237549, 112.228988647, 108.814041138, 102.500457764, 27.0891170502], [535.159423828, 80.154876709, 213.080184937, 146.380386353, 128.199264526, 166.524139404, 170.44078064, 80.9114227295, 76.4589538574, 37.4544219971, 53.8084373474, 33.0767326355, 22.5384845734], [139.531738281, 3.79838705063, 15.1414308548, 12.1042041779, 28.567937851, 60.4888114929, 80.9114227295, 99.843460083, 63.056602478, 23.4300441742, 26.104598999, 18.6569957733, 14.8029766083], [467.532684326, 73.6060256958, 287.487609863, 173.253128052, 108.080627441, 113.012237549, 76.4589538574, 63.056602478, 110.737518311, 69.3154449463, 64.405670166, 52.8229522705, 19.2405776978], [491.327636719, 89.7022476196, 398.246612549, 232.294921875, 143.959136963, 112.228988647, 37.4544219971, 23.4300441742, 69.3154449463, 121.499168396, 81.8415527344, 62.8498306274, 13.0899772644], [483.560241699, 101.720375061, 325.023376465, 197.441986084, 121.660118103, 108.814041138, 53.8084373474, 26.104598999, 64.405670166, 81.8415527344, 104.372711182, 71.0528640747, 19.8743896484], [435.512573242, 83.5688400269, 363.70098877, 199.007034302, 121.54662323, 102.500457764, 33.0767326355, 18.6569957733, 52.8229522705, 62.8498306274, 71.0528640747, 99.2880630493, 33.8599281311], [93.4271621704, 21.769361496, 60.6649665833, 34.3234634399, 25.4583873749, 27.0891170502, 22.5384845734, 14.8029766083, 19.2405776978, 13.0899772644, 19.8743896484, 33.8599281311, 43.8704071045]],
        "icov": [[0.000582579814363, 0.000405701517593, -0.000828350952361, -9.0897156042e-05, 0.000120424279885, -2.90033381134e-06, -0.000929898989853, 0.000151766638737, -0.000257140374742, 0.00075112428749, -0.00109095592052, 0.000980730401352, -0.000241033209022], [0.000405701517593, 0.0044496958144, -0.00123725645244, -0.00078234646935, -0.00197847327217, 0.0015850685304, -0.00100146804471, -4.40561125288e-05, -6.37462362647e-05, 0.00299999513663, -0.00384465791285, 0.00313276378438, -0.00159363762941], [-0.000828350952361, -0.00123725645244, 0.00549145461991, -0.00465388409793, -0.00205852254294, -0.0010407230584, 0.00302025931887, 0.000211157501326, -0.000449982908322, -0.00224208482541, 0.00396214099601, -0.00537539133802, 0.00185994093772], [-9.0897156042e-05, -0.00078234646935, -0.00465388409793, 0.0112111372873, -0.00124421238434, -0.0031667095609, 0.000773775042035, 0.00245054834522, -0.00169325352181, -0.000490460370202, -0.00196232949384, 0.00246998597868, -0.000429542269558], [0.000120424279885, -0.00197847327217, -0.00205852254294, -0.00124421238434, 0.0116892950609, -0.00110029091593, -0.00428836513311, 0.000270281219855, 0.00210410915315, -0.00333702657372, 0.00174723903183, -0.00112072110642, 0.000699611147866], [-2.90033381134e-06, 0.0015850685304, -0.0010407230584, -0.0031667095609, -0.00110029091593, 0.0138159645721, -0.00941133033484, -0.000359160912922, 0.000920109334402, 0.000264010799583, -0.00031655759085, -0.00170735572465, 0.00117890525144], [-0.000929898989853, -0.00100146804471, 0.00302025931887, 0.000773775042035, -0.00428836513311, -0.00941133033484, 0.0229746382684, -0.00911471340805, -0.00301707908511, 0.00400434993207, -0.00405390514061, 0.0048387045972, -0.00450208690017], [0.000151766638737, -4.40561125288e-05, 0.000211157501326, 0.00245054834522, 0.000270281219855, -0.000359160912922, -0.00911471340805, 0.0247563011944, -0.0123040676117, -0.00181362044532, 0.00346838822588, -0.00282380892895, 0.000429254636401], [-0.000257140374742, -6.37462362647e-05, -0.000449982908322, -0.00169325352181, 0.00210410915315, 0.000920109334402, -0.00301707908511, -0.0123040676117, 0.0269055161625, -0.00654867291451, -0.00310066854581, -0.00169896730222, -0.000691393448506], [0.00075112428749, 0.00299999513663, -0.00224208482541, -0.000490460370202, -0.00333702657372, 0.000264010799583, 0.00400434993207, -0.00181362044532, -0.00654867291451, 0.0263633280993, -0.0163361802697, 0.00490567088127, -0.000655653362628], [-0.00109095592052, -0.00384465791285, 0.00396214099601, -0.00196232949384, 0.00174723903183, -0.00031655759085, -0.00405390514061, 0.00346838822588, -0.00310066854581, -0.0163361802697, 0.0361660607159, -0.0193162802607, 0.00514013040811], [0.000980730401352, 0.00313276378438, -0.00537539133802, 0.00246998597868, -0.00112072110642, -0.00170735572465, 0.0048387045972, -0.00282380892895, -0.00169896730222, 0.00490567088127, -0.0193162802607, 0.0381611287594, -0.0193920973688], [-0.000241033209022, -0.00159363762941, 0.00185994093772, -0.000429542269558, 0.000699611147866, 0.00117890525144, -0.00450208690017, 0.000429254636401, -0.000691393448506, -0.000655653362628, 0.00514013040811, -0.0193920973688, 0.0360341891646]]
    },
    "melbands": {
        "max": [0.0301999151707, 0.0147029338405, 0.0131756244227, 0.0133304204792, 0.012883245945, 0.00638541812077, 0.0093192961067, 0.00629905750975, 0.0073092225939, 0.00834511499852, 0.0126892374828, 0.011796775274, 0.00812779925764, 0.00244647148065, 0.00405197031796, 0.00200753449462, 0.0019659276586, 0.00418462790549, 0.00124989589676, 0.000665196275804, 0.000383699079975, 0.000390628294554, 0.000180392700713, 0.000276062783087, 0.000115059621749, 9.03792752069e-05, 0.000192253413843, 0.000166062061908, 9.95359077933e-05, 6.30907452432e-05, 9.44181738305e-05, 0.000179059512448, 0.000200695358217, 0.000274133053608, 0.00027456189855, 0.000229563753237, 8.50492651807e-05, 5.20284229424e-05, 5.80846790399e-05, 4.42530727014e-05],
        "mean": [0.00202622264624, 0.00101591134444, 0.000351061433321, 0.000264802103629, 0.000284722831566, 0.000127433566377, 0.000136089671287, 0.000141284544952, 0.000227225391427, 0.000391626992496, 0.000473383726785, 0.000416178489104, 0.000165856297826, 8.76390186022e-05, 0.000124669240904, 8.31690485938e-05, 8.99118822417e-05, 0.000100071192719, 4.06603212468e-05, 3.05568428303e-05, 2.04397238122e-05, 1.5752570107e-05, 1.20176982819e-05, 1.08644971988e-05, 8.74518991623e-06, 6.27649615126e-06, 5.62353443456e-06, 5.45279999642e-06, 4.36282562077e-06, 3.04954596686e-06, 2.75532147498e-06, 3.20431945511e-06, 3.46774186255e-06, 3.74628416466e-06, 4.09899803344e-06, 3.5713555917e-06, 2.41379893851e-06, 1.84110820101e-06, 1.40759050282e-06, 8.95116556876e-07],
        "min": [1.2390643199e-11, 1.04361644326e-10, 7.62035490265e-10, 1.43817202591e-09, 1.43916145667e-09, 5.40757794099e-09, 5.56676171826e-09, 4.8269481745e-09, 1.80211188194e-08, 5.19697174184e-08, 2.31568080267e-08, 1.28270922772e-08, 4.45489645173e-09, 7.91283660817e-09, 1.67521569949e-08, 3.35802710083e-08, 1.06980673209e-08, 1.58399959815e-08, 1.86174242689e-09, 1.17171861103e-09, 1.73165703998e-09, 1.03209496505e-09, 1.32792110641e-09, 7.92381216197e-10, 4.6063045045e-10, 4.01914390658e-10, 2.33658536963e-10, 7.29929561238e-10, 1.7648446593e-10, 1.28215174588e-10, 8.97615246021e-11, 1.01507531547e-10, 8.30896532134e-11, 3.9766558102e-11, 3.26251040073e-11, 3.12992201601e-11, 1.71042555119e-11, 2.00273044676e-11, 1.80482937623e-11, 1.16902234421e-11],
        "stdev": [0.00477685639635, 0.00199310295284, 0.000776948523708, 0.0007245062734, 0.000725954014342, 0.000371001224266, 0.000454435124993, 0.000271757162409, 0.000418881099904, 0.000598615850322, 0.000779957161285, 0.000919947109651, 0.000348314846633, 0.000136423142976, 0.000253740348853, 0.000122301760712, 0.000132035085699, 0.000229460449191, 7.02143806848e-05, 4.69601582154e-05, 2.65592043434e-05, 1.94672302314e-05, 1.38786926982e-05, 1.60559411597e-05, 1.1426898709e-05, 8.64116373123e-06, 1.01399973573e-05, 1.07393507278e-05, 8.37406241772e-06, 5.19910372532e-06, 5.8357945818e-06, 9.78924072115e-06, 1.01635969258e-05, 1.18423949971e-05, 1.18211573863e-05, 1.0223478057e-05, 5.83389328312e-06, 3.93276468458e-06, 3.38990912496e-06, 2.0494032924e-06]
    },
    "melbands128": {
        "max": [0.00656848680228, 0.0356678962708, 0.0432290583849, 0.0241471007466, 0.0180201027542, 0.00878083705902, 0.00733216572553, 0.0159344505519, 0.0286283567548, 0.0149013055488, 0.0067737698555, 0.0176802892238, 0.0175912342966, 0.0174210164696, 0.00596205145121, 0.0136593161151, 0.0183662045747, 0.0123590203002, 0.00780101493001, 0.00856321584433, 0.00666951714084, 0.00698212441057, 0.0118383904919, 0.0134092206135, 0.0105070844293, 0.0195260215551, 0.0200177878141, 0.0187879186124, 0.0305775161833, 0.023829549551, 0.0188689492643, 0.0268721096218, 0.00601811055094, 0.0097573865205, 0.00339809223078, 0.00171807676088, 0.00263278814964, 0.0082651283592, 0.00820276513696, 0.00365441804752, 0.00225534965284, 0.00342542980798, 0.00437952904031, 0.00235444912687, 0.00857797451317, 0.00617980211973, 0.00180476985406, 0.00206399452873, 0.00216892687604, 0.00101618876215, 0.000902162748389, 0.000783469702583, 0.000659629178699, 0.000950994726736, 0.000686920655426, 0.00070212763967, 0.000392682763049, 0.000281134882243, 0.000346592336427, 0.000613583484665, 0.00042882541311, 0.000391140725696, 0.000236782827415, 0.0002192286629, 0.00025776604889, 0.000156733469339, 8.85366825969e-05, 0.00020859122742, 0.000268644915195, 0.000256073166383, 0.000154148321599, 0.000281062355498, 0.000271386496024, 0.000149212268298, 0.000176569257746, 0.000104869286588, 7.0934795076e-05, 8.4900559159e-05, 6.58515855321e-05, 0.000182627656613, 0.000292662443826, 0.000212176310015, 0.00015434200759, 0.000224638919462, 0.000305394496536, 0.000399463810027, 0.000273876677966, 0.0001836434094, 0.000288945739157, 0.000371455389541, 0.000328037509462, 0.000213514518691, 0.000118267060316, 8.27195763122e-05, 8.77135753399e-05, 9.79422111413e-05, 5.09809215146e-05, 8.19226988824e-05, 6.53434399283e-05, 9.55792638706e-05, 5.44055037608e-05, 5.04526615259e-05, 2.32426427829e-05, 3.72976646759e-05, 4.0320410335e-05, 4.61343915958e-05, 3.13766468025e-05, 1.49780244101e-05, 2.4205972295e-05, 3.18623096973e-05, 2.62237936113e-05, 1.88329631783e-05, 1.05146636997e-05, 6.10732467976e-06, 7.01892031429e-06, 3.6427932173e-06, 2.89236072604e-06, 2.32286606661e-06, 2.24245195568e-06, 1.9100236841e-06, 1.75104105438e-06, 1.59924820764e-06, 4.74155922348e-06, 4.57291406519e-07, 2.12550421708e-09, 2.55205723221e-09, 2.72961298009e-09, 2.79875878029e-09],
        "mean": [0.000329443340888, 0.00215842854232, 0.00274262786843, 0.0018125642091, 0.00083700515097, 0.000492072897032, 0.00040724084829, 0.00029821912176, 0.000279325060546, 0.000265168171609, 0.00024113211839, 0.000299729203107, 0.000311742682243, 0.000267453549895, 9.15084820008e-05, 6.26312757959e-05, 0.000119136617286, 0.000152531254571, 0.000164337092428, 0.000122740311781, 0.000148367034853, 0.000136781338369, 0.00022046121012, 0.000344475003658, 0.000332247262122, 0.000455831817817, 0.000441014184617, 0.000443983735749, 0.00053863809444, 0.0004864478542, 0.000382686645025, 0.000261199544184, 0.000133644920425, 0.000120965734823, 9.23734914977e-05, 6.73931717756e-05, 8.8206907094e-05, 0.000160649331519, 0.000123339443235, 8.73638127814e-05, 8.00603156677e-05, 6.22321313131e-05, 8.4508821601e-05, 9.19229278225e-05, 0.000142257005791, 0.000107766099973, 4.69141050417e-05, 4.61447707494e-05, 3.44375512213e-05, 2.55896720773e-05, 3.44481923094e-05, 3.0610623071e-05, 2.18859131564e-05, 1.67594007507e-05, 1.48011777128e-05, 1.7008427676e-05, 1.51188114614e-05, 1.20467229863e-05, 1.06302368295e-05, 1.25665837913e-05, 1.12964662549e-05, 8.96015262697e-06, 9.85085171124e-06, 8.06980278867e-06, 8.42852932692e-06, 6.26599376119e-06, 4.74384250992e-06, 5.83895143791e-06, 6.02223781243e-06, 5.16488034918e-06, 4.5249626055e-06, 6.95706057741e-06, 4.93987408845e-06, 3.63526601177e-06, 3.88936723539e-06, 3.15411557494e-06, 2.50053608397e-06, 2.98272971122e-06, 2.42762871494e-06, 3.02577200273e-06, 3.36424227498e-06, 3.16273553835e-06, 3.12106271849e-06, 3.11627081828e-06, 4.34985531683e-06, 3.72164618057e-06, 3.5728014609e-06, 3.70583779841e-06, 4.25606867793e-06, 4.19566868004e-06, 4.1773087105e-06, 3.33926232088e-06, 2.71028034149e-06, 2.41306520365e-06, 2.23283518608e-06, 2.02294700102e-06, 1.73254875335e-06, 1.6151766431e-06, 1.50693290379e-06, 1.25013934849e-06, 1.06704555947e-06, 8.1584551026e-07, 7.26824112007e-07, 6.4467667471e-07, 6.08980485595e-07, 5.66624748899e-07, 3.81090188739e-07, 3.32761175059e-07, 3.31016565269e-07, 3.05442682702e-07, 2.53012132134e-07, 2.26696982963e-07, 1.86064895047e-07, 1.42510671708e-07, 1.74448317125e-07, 1.59796414323e-07, 1.55411171932e-07, 1.20380462931e-07, 1.02223062015e-07, 6.36170938151e-08, 4.87668003757e-08, 4.13658902687e-08, 2.64640362957e-08, 8.71019423254e-10, 4.91343944697e-12, 4.89785512495e-12, 4.86095278612e-12, 4.85828781718e-12],
        "min": [8.17716901136e-12, 1.26860110958e-11, 5.12614777015e-12, 2.30016370534e-11, 1.59362766039e-11, 2.78447820357e-10, 2.42699832453e-10, 1.26021026947e-10, 7.75937147868e-10, 1.28845323299e-09, 2.23642349084e-09, 1.08433828583e-09, 3.38686551027e-10, 2.66184119191e-09, 6.32158903002e-09, 6.01501470854e-09, 6.64597354927e-09, 4.80193662611e-09, 5.0997113199e-09, 6.08600281282e-09, 4.18815604419e-09, 2.736064042e-09, 1.2506869318e-08, 3.65341144004e-08, 5.48003136203e-08, 4.68847289881e-08, 1.09941389326e-08, 3.03143821156e-08, 2.34184582837e-08, 1.47362007041e-08, 1.14395017903e-08, 2.59811505643e-09, 5.33968469441e-09, 2.79716050322e-09, 7.68997310274e-09, 4.8378794304e-09, 5.77218584041e-09, 9.86346027076e-09, 2.30026326875e-08, 2.03897645434e-08, 2.74626934527e-08, 9.98871918512e-09, 6.95866431144e-09, 5.20445198049e-09, 3.17985140441e-08, 1.52135299913e-08, 1.9567247822e-09, 2.27423657684e-09, 1.09869702225e-09, 1.82059400888e-09, 6.94318047501e-10, 1.16180454146e-09, 1.9697821152e-09, 2.11550310603e-09, 9.35234556465e-10, 5.50586742865e-10, 1.62887259236e-09, 1.08074083016e-09, 1.37520528298e-09, 1.52691226329e-09, 6.57349785715e-10, 2.06639400036e-10, 9.35240662692e-10, 3.35131394857e-10, 8.0022453941e-11, 5.42363542966e-10, 5.00695374051e-10, 2.62365573711e-10, 1.93871002585e-10, 1.17249418508e-10, 8.47443837326e-10, 6.46736220133e-10, 1.41025705003e-10, 1.39552855383e-10, 6.09347294844e-11, 2.60670790508e-10, 5.10787107055e-11, 6.62822088882e-11, 1.02549357894e-10, 5.63747971916e-11, 1.13610204577e-10, 1.20410889592e-10, 7.53847956281e-11, 9.31599380971e-11, 6.4971562852e-11, 4.36268937642e-11, 2.4297456408e-11, 4.63564256425e-11, 2.64270376416e-11, 2.10440866122e-11, 5.14656928186e-11, 2.39485774961e-11, 1.90589453941e-11, 1.81015237521e-11, 1.37397072886e-11, 1.6847023776e-11, 2.51067621554e-11, 1.99445408106e-11, 1.60625159007e-11, 1.63685003052e-11, 1.75746587422e-11, 9.22808704451e-12, 3.91259464064e-12, 3.45496331197e-12, 4.22253204624e-12, 6.60258696675e-12, 6.90601395514e-12, 8.80074658982e-12, 7.33899052641e-12, 4.86197193617e-12, 4.87063861465e-12, 4.52523652231e-12, 4.40521534181e-12, 3.26723067004e-12, 1.39787118512e-12, 1.18473102422e-12, 2.43234252184e-12, 1.3455680797e-12, 1.65098552776e-13, 1.77805551315e-13, 1.80295950153e-13, 1.79629721471e-13, 1.67978993345e-13, 1.75620816175e-13, 1.0361066253e-13, 5.22142313381e-14, 6.80078348779e-15, 2.75515253786e-16],
        "stdev": [0.000875245139468, 0.00600891420618, 0.0065555004403, 0.00388393807225, 0.00209778826684, 0.00114818196744, 0.000939998368267, 0.000844195543323, 0.0010821830947, 0.000844602123834, 0.000616571051069, 0.000828684831504, 0.000988680520095, 0.000860686530359, 0.000306959438603, 0.000389906694181, 0.000673890113831, 0.00057988264598, 0.000516876403708, 0.000315835437505, 0.000290564348688, 0.000320384016959, 0.000536658684723, 0.000764922122471, 0.000607943919022, 0.00101967039518, 0.000979112926871, 0.000856385740917, 0.00135252415203, 0.00140179821756, 0.00107008358464, 0.000850017357152, 0.000320025486872, 0.000335937424097, 0.000213133534999, 0.000117438627058, 0.000177815483767, 0.000410824257415, 0.00032358977478, 0.000169146587723, 0.000143544981256, 0.000148468083353, 0.000190341888811, 0.000146036880324, 0.000403918355005, 0.000334878975991, 0.000116727554996, 0.000113236164907, 7.61271003284e-05, 5.22639420524e-05, 6.12370058661e-05, 5.52196215722e-05, 3.29451140715e-05, 3.54928597517e-05, 2.66293700406e-05, 2.79578416666e-05, 2.25842341024e-05, 1.75010172825e-05, 1.61807329278e-05, 2.50926932495e-05, 2.25888561545e-05, 1.98513716896e-05, 1.45192625496e-05, 1.46125848914e-05, 1.75160730578e-05, 1.09923621494e-05, 6.72564374327e-06, 1.06211400634e-05, 1.47746695802e-05, 1.42682429214e-05, 1.03881966425e-05, 1.63982531376e-05, 1.30244479806e-05, 7.73833289713e-06, 9.99368421617e-06, 6.23194682703e-06, 4.90600996272e-06, 6.0310057961e-06, 4.99351244798e-06, 9.29365796765e-06, 1.30787993839e-05, 9.60180022958e-06, 8.05713898444e-06, 1.04183782241e-05, 1.40088104672e-05, 1.38840687214e-05, 1.23778499983e-05, 9.64824812399e-06, 1.26786162582e-05, 1.44839259519e-05, 1.35092996061e-05, 1.00114284578e-05, 6.88294676365e-06, 6.14924465481e-06, 5.72903081775e-06, 5.40273867955e-06, 3.4897743717e-06, 3.50958180206e-06, 4.03549211114e-06, 3.78580580218e-06, 2.58841578216e-06, 2.01802163247e-06, 1.56983389843e-06, 1.6566642671e-06, 1.58109230597e-06, 1.86316060535e-06, 1.14656506867e-06, 7.56362680931e-07, 1.10258679342e-06, 1.28239207697e-06, 9.12923098895e-07, 6.51629250115e-07, 4.93986021866e-07, 3.24984654299e-07, 3.37997931865e-07, 2.81282183323e-07, 2.83975822413e-07, 2.43328685201e-07, 2.17032578576e-07, 1.46780692489e-07, 1.19789291375e-07, 1.09941645121e-07, 1.29581053443e-07, 1.12123483831e-08, 4.62429365633e-11, 5.53204183851e-11, 5.91059978738e-11, 6.05798050612e-11]
    },
    "mfcc": {
        "mean": [-642.199157715, 93.9366455078, -37.6198921204, -22.6803512573, -15.606716156, -3.53126907349, -4.77403116226, 5.49208593369, 0.486059546471, 6.08480405807, -2.34805846214, -5.27604436874, -8.37843608856],
        "cov": [[5485.72460938, 306.622619629, 2618.93725586, 1375.71081543, 1264.15063477, 1184.80078125, 658.506469727, 459.170440674, 234.838684082, 370.39163208, 242.453155518, 357.066741943, 420.715881348], [306.622619629, 337.335723877, 360.093353271, 250.304351807, 228.95123291, 148.947799683, 89.8816680908, 38.739528656, 18.4882335663, 25.8974609375, 23.4067268372, 43.1014328003, 52.9308853149], [2618.93725586, 360.093353271, 2208.00170898, 1174.50488281, 1098.51159668, 912.961364746, 400.841400146, 231.227401733, 120.357620239, 170.209716797, 161.392242432, 270.287597656, 332.979919434], [1375.71081543, 250.304351807, 1174.50488281, 741.920227051, 636.162780762, 500.878875732, 223.336364746, 103.128425598, 56.3545303345, 96.6053237915, 81.4648208618, 146.083786011, 181.591964722], [1264.15063477, 228.95123291, 1098.51159668, 636.162780762, 643.793701172, 491.101104736, 222.899017334, 114.095123291, 65.4870300293, 85.9108581543, 86.2969818115, 142.753875732, 178.023239136], [1184.80078125, 148.947799683, 912.961364746, 500.878875732, 491.101104736, 479.200042725, 233.271835327, 131.463882446, 70.4940719604, 92.2654800415, 84.7717666626, 117.375549316, 148.191543579], [658.506469727, 89.8816680908, 400.841400146, 223.336364746, 222.899017334, 233.271835327, 183.641525269, 102.57875061, 57.0614318848, 68.8271408081, 53.051197052, 62.0053710938, 72.9683990479], [459.170440674, 38.739528656, 231.227401733, 103.128425598, 114.095123291, 131.463882446, 102.57875061, 141.27381897, 71.2981262207, 56.0921592712, 40.5409660339, 43.6274757385, 48.6555404663], [234.838684082, 18.4882335663, 120.357620239, 56.3545303345, 65.4870300293, 70.4940719604, 57.0614318848, 71.2981262207, 82.0448303223, 49.2036437988, 31.1665668488, 25.1659622192, 27.2534637451], [370.39163208, 25.8974609375, 170.209716797, 96.6053237915, 85.9108581543, 92.2654800415, 68.8271408081, 56.0921592712, 49.2036437988, 90.7758407593, 45.5421409607, 38.3099136353, 37.8598632812], [242.453155518, 23.4067268372, 161.392242432, 81.4648208618, 86.2969818115, 84.7717666626, 53.051197052, 40.5409660339, 31.1665668488, 45.5421409607, 74.1626052856, 52.4557266235, 43.141078949], [357.066741943, 43.1014328003, 270.287597656, 146.083786011, 142.753875732, 117.375549316, 62.0053710938, 43.6274757385, 25.1659622192, 38.3099136353, 52.4557266235, 96.6215438843, 73.4895706177], [420.715881348, 52.9308853149, 332.979919434, 181.591964722, 178.023239136, 148.191543579, 72.9683990479, 48.6555404663, 27.2534637451, 37.8598632812, 43.141078949, 73.4895706177, 101.096664429]],
        "icov": [[0.000578716455493, 0.000287360977381, -0.000601068721153, -0.000116153940326, 0.000244627706707, 3.21943807648e-05, -0.000629380752798, -0.000570083735511, 0.000439417752204, -0.00104120280594, 0.000388774875319, -0.000113911461085, 6.86128041707e-05], [0.000287360977381, 0.00456908578053, 0.000133472320158, -0.00168212794233, -0.00172763504088, 0.00203632446937, -0.00208810530603, -0.000705766957253, 0.000522511370946, 2.47563693847e-05, 1.52361781147e-05, 0.0001995323546, 0.000596203142777], [-0.000601068721153, 0.000133472320158, 0.00557336769998, -0.00346346921287, -0.0027306205593, -0.00348250800744, 0.00275237066671, -0.00104234879836, 7.81571179687e-06, 0.00121068814769, -0.000219781504711, -0.000761643459555, -0.00108401174657], [-0.000116153940326, -0.00168212794233, -0.00346346921287, 0.0128420172259, -0.00589530775324, -0.000318839011015, -0.000318163831253, 0.00272409524769, 0.00106703641359, -0.00317893736064, 0.00236456212588, -0.000659449433442, -0.000155156929395], [0.000244627706707, -0.00172763504088, -0.0027306205593, -0.00589530775324, 0.0171241741627, -0.00571503629908, -2.40395274886e-05, 0.00146535120439, -0.00258127250709, 0.0026489647571, -0.000568283488974, -0.000751005427446, -0.00250303721987], [3.21943807648e-05, 0.00203632446937, -0.00348250800744, -0.000318839011015, -0.00571503629908, 0.0194838568568, -0.0107581261545, -0.00100323336665, 0.00108626729343, 0.000284380017547, -0.00234868866391, 0.00290142046288, -0.000912126677576], [-0.000629380752798, -0.00208810530603, 0.00275237066671, -0.000318163831253, -2.40395274886e-05, -0.0107581261545, 0.0213940683752, -0.00559509126469, -0.000219851004658, -0.00280293193646, -0.000658976845443, -0.000634378637187, 0.000133053661557], [-0.000570083735511, -0.000705766957253, -0.00104234879836, 0.00272409524769, 0.00146535120439, -0.00100323336665, -0.00559509126469, 0.0185805261135, -0.0108969993889, 0.000757920031901, 0.000378610333428, -0.00109802896623, -0.00144142017234], [0.000439417752204, 0.000522511370946, 7.81571179687e-06, 0.00106703641359, -0.00258127250709, 0.00108626729343, -0.000219851004658, -0.0108969993889, 0.0263179466128, -0.00902660936117, -0.00161694805138, 0.00153514766134, 0.000171402498381], [-0.00104120280594, 2.47563693847e-05, 0.00121068814769, -0.00317893736064, 0.0026489647571, 0.000284380017547, -0.00280293193646, 0.000757920031901, -0.00902660936117, 0.0246597267687, -0.00871375855058, 0.000247428077273, -0.00064360909164], [0.000388774875319, 1.52361781147e-05, -0.000219781504711, 0.00236456212588, -0.000568283488974, -0.00234868866391, -0.000658976845443, 0.000378610333428, -0.00161694805138, -0.00871375855058, 0.0281210076064, -0.0116805825382, -0.000222429749556], [-0.000113911461085, 0.0001995323546, -0.000761643459555, -0.000659449433442, -0.000751005427446, 0.00290142046288, -0.000634378637187, -0.00109802896623, 0.00153514766134, 0.000247428077273, -0.0116805825382, 0.029351586476, -0.0147399269044], [6.86128041707e-05, 0.000596203142777, -0.00108401174657, -0.000155156929395, -0.00250303721987, -0.000912126677576, 0.000133053661557, -0.00144142017234, 0.000171402498381, -0.00064360909164, -0.000222429749556, -0.0147399269044, 0.0304898321629]]
    },
    "spectral_contrast_coeffs": {
        "max": [-0.471178203821, -0.536467194557, -0.547964572906, -0.596804916859, -0.67681312561, -0.662458062172],
        "mean": [-0.720520436764, -0.765150427818, -0.762041985989, -0.810652077198, -0.805714070797, -0.790549814701],
        "min": [-0.911210894585, -0.934065639973, -0.908159136772, -0.909707188606, -0.87915366888, -0.909517228603],
        "stdev": [0.0683452188969, 0.0623806379735, 0.0579659715295, 0.0407852120697, 0.0275246519595, 0.0223855376244]
    },
    "spectral_contrast_valleys": {
        "max": [-5.09765720367, -4.84510612488, -4.97819375992, -5.54798984528, -6.00371265411, -7.44001865387],
        "mean": [-8.12122631073, -6.73401451111, -6.56056690216, -6.88702774048, -7.41415596008, -9.8729095459],
        "min": [-13.9446544647, -10.5388593674, -10.7963914871, -11.0577507019, -12.1784114838, -14.6097822189],
        "stdev": [1.93774950504, 0.57341337204, 0.533231019974, 0.436754643917, 0.535933971405, 0.924936711788]
    }
},
"rhythm": {
    "beats_count": 103,
    "beats_loudness": {
        "max": 0.121716380119,
        "mean": 0.0346979089081,
        "min": 0.00218577403575,
        "stdev": 0.030064323917
    },
    "bpm": 123.488510132,
    "bpm_histogram_first_peak_bpm": 123,
    "bpm_histogram_first_peak_weight": 0.218181788921,
    "bpm_histogram_second_peak_bpm": 140,
    "bpm_histogram_second_peak_spread": 0.444444477558,
    "bpm_histogram_second_peak_weight": 0.0980392172933,
    "danceability": 1.18843960762,
    "onset_rate": 2.5961663723,
    "beats_loudness_band_ratio": {
        "max": [0.858319580555, 0.630344629288, 0.756066858768, 0.725333511829, 0.370942026377, 0.338389515877],
        "mean": [0.270704984665, 0.0604686923325, 0.257819980383, 0.299240767956, 0.103169746697, 0.0451185405254],
        "min": [6.77778662066e-05, 0.00105091067962, 0.0258947703987, 0.015683285892, 0.0114855030552, 0.00892749987543],
        "stdev": [0.289963066578, 0.0964597761631, 0.198899775743, 0.20977088809, 0.073160380125, 0.0492926500738]
    },
