{
"metadata": {
    "version": {
        "essentia": "2.1-beta5",
        "essentia_git_sha": "Undefined",
        "extractor": "music 2.0"
    },
    "audio_properties": {
        "analysis": {
            "equal_loudness": 0,
            "length": 32.4963264465,
            "sample_rate": 44100,
            "start_time": 45.2440834045,
            "downmix": "mix"
        },
        "bit_rate": 192000,
        "length": 209.084075928,
        "lossless": 0,
        "number_channels": 2,
        "replay_gain": -7.06957244873,
        "sample_rate": 48000,
        "codec": "mp3",
        "md5_encoded": "b8cedee150fa61cf81af70b952a8608a"
    },
    "tags": {
        "file_name": "Turkey_Live It Up_Yüksek Sadakat.mp3",
        "encoding": ["Lavf58.29.100"]
    }
},
"lowlevel": {
    "average_loudness": 0.92395055294,
    "barkbands_crest": {
        "max": 23.9698753357,
        "mean": 10.4793691635,
        "min": 3.00559329987,
        "stdev": 4.47145080566
    },
    "barkbands_flatness_db": {
        "max": 0.297768265009,
        "mean": 0.109116517007,
        "min": 0.0300055276603,
        "stdev": 0.0404769554734
    },
    "barkbands_kurtosis": {
        "max": 180.619476318,
        "mean": 3.4105451107,
        "min": -1.85378777981,
        "stdev": 9.43797111511
    },
    "barkbands_skewness": {
        "max": 11.3754835129,
        "mean": 1.29627454281,
        "min": -1.58544433117,
        "stdev": 1.16561210155
    },
    "barkbands_spread": {
        "max": 94.3015594482,
        "mean": 25.5336837769,
        "min": 1.32737398148,
        "stdev": 13.6297483444
    },
    "dissonance": {
        "max": 0.499952465296,
        "mean": 0.464640051126,
        "min": 0.192363157868,
        "stdev": 0.0280520841479
    },
    "dynamic_complexity": 3.06880140305,
    "erbbands_crest": {
        "max": 29.7596225739,
        "mean": 10.0943078995,
        "min": 2.39032006264,
        "stdev": 5.82551622391
    },
    "erbbands_flatness_db": {
        "max": 0.280779629946,
        "mean": 0.145788729191,
        "min": 0.0426720790565,
        "stdev": 0.0426951386034
    },
    "erbbands_kurtosis": {
        "max": 17.9971141815,
        "mean": 0.637305319309,
        "min": -1.78705537319,
        "stdev": 2.13055324554
    },
    "erbbands_skewness": {
        "max": 3.88766527176,
        "mean": 0.547204077244,
        "min": -3.12645840645,
        "stdev": 0.833159863949
    },
    "erbbands_spread": {
        "max": 109.307380676,
        "mean": 39.7478904724,
        "min": 5.05514526367,
        "stdev": 19.6358909607
    },
    "hfc": {
        "max": 135.592468262,
        "mean": 24.341632843,
        "min": 0.438033849001,
        "stdev": 16.9489688873
    },
    "loudness_ebu128": {
        "integrated": -16.2360916138,
        "loudness_range": 4.17524337769,
        "momentary": {
            "max": -12.8543672562,
            "mean": -16.7309837341,
            "min": -24.7329120636,
            "stdev": 2.25010061264
        },
        "short_term": {
            "max": -13.8915128708,
            "mean": -16.5535774231,
            "min": -21.8459358215,
            "stdev": 1.58414566517
        }
    },
    "melbands_crest": {
        "max": 36.3475265503,
        "mean": 14.633395195,
        "min": 4.5162525177,
        "stdev": 6.14312314987
    },
    "melbands_flatness_db": {
        "max": 0.425098389387,
        "mean": 0.165514975786,
        "min": 0.0573460534215,
        "stdev": 0.0529020316899
    },
    "melbands_kurtosis": {
        "max": 398.343566895,
        "mean": 12.1190595627,
        "min": -1.70681262016,
        "stdev": 24.8223552704
    },
    "melbands_skewness": {
        "max": 16.1224822998,
        "mean": 2.27829384804,
        "min": -0.601356387138,
        "stdev": 1.85484886169
    },
    "melbands_spread": {
        "max": 216.152053833,
        "mean": 27.3846893311,
        "min": 0.733084738255,
        "stdev": 18.0360832214
    },
    "pitch_salience": {
        "max": 0.821224868298,
        "mean": 0.527992784977,
        "min": 0.12473923713,
        "stdev": 0.112169988453
    },
    "silence_rate_20dB": {
        "max": 1,
        "mean": 1,
        "min": 1,
        "stdev": 0
    },
    "silence_rate_30dB": {
        "max": 1,
        "mean": 1,
        "min": 1,
        "stdev": 0
    },
    "silence_rate_60dB": {
        "max": 1,
        "mean": 0.0114204138517,
        "min": 0,
        "stdev": 0.106255270541
    },
    "spectral_centroid": {
        "max": 4535.47167969,
        "mean": 1539.17956543,
        "min": 321.515563965,
        "stdev": 529.218688965
    },
    "spectral_complexity": {
        "max": 47,
        "mean": 20.1241970062,
        "min": 1,
        "stdev": 8.59387969971
    },
    "spectral_decrease": {
        "max": -1.87042978328e-10,
        "mean": -7.0004113617e-09,
        "min": -2.67554494116e-08,
        "stdev": 4.79500528172e-09
    },
    "spectral_energy": {
        "max": 0.104986712337,
        "mean": 0.028629027307,
        "min": 0.000829104916193,
        "stdev": 0.0191481802613
    },
    "spectral_energyband_high": {
        "max": 0.0165206603706,
        "mean": 0.000989867839962,
        "min": 6.72473379382e-06,
        "stdev": 0.00109253195114
    },
    "spectral_energyband_low": {
        "max": 0.0653237551451,
        "mean": 0.0075170211494,
        "min": 3.50224690919e-05,
        "stdev": 0.0100785167888
    },
    "spectral_energyband_middle_high": {
        "max": 0.0403989814222,
        "mean": 0.00681579578668,
        "min": 7.19383897376e-05,
        "stdev": 0.00706735253334
    },
    "spectral_energyband_middle_low": {
        "max": 0.0896619707346,
        "mean": 0.0137579562142,
        "min": 0.000218055662117,
        "stdev": 0.0139477113262
    },
    "spectral_entropy": {
        "max": 8.74309444427,
        "mean": 7.82276391983,
        "min": 6.565284729,
        "stdev": 0.290276259184
    },
    "spectral_flux": {
        "max": 0.237342134118,
        "mean": 0.0923886671662,
        "min": 0.0140211684629,
        "stdev": 0.0425475239754
    },
    "spectral_kurtosis": {
        "max": 16.1592063904,
        "mean": 2.71034574509,
        "min": -0.979114055634,
        "stdev": 1.35891294479
    },
    "spectral_rms": {
        "max": 0.0101205762476,
        "mean": 0.00497225113213,
        "min": 0.000899379141629,
        "stdev": 0.00179093598854
    },
    "spectral_rolloff": {
        "max": 9259.27734375,
        "mean": 1538.49462891,
        "min": 64.599609375,
        "stdev": 1296.40979004
    },
    "spectral_skewness": {
        "max": 3.29668211937,
        "mean": 1.24930930138,
        "min": -0.10561581701,
        "stdev": 0.290868490934
    },
    "spectral_spread": {
        "max": 19444380,
        "mean": 4897996.5,
        "min": 3146405.75,
        "stdev": 1181772.75
    },
    "spectral_strongpeak": {
        "max": 7.40916824341,
        "mean": 1.47435379028,
        "min": 0,
        "stdev": 1.6218957901
    },
    "zerocrossingrate": {
        "max": 0.30908203125,
        "mean": 0.0670423060656,
        "min": 0.00634765625,
        "stdev": 0.0314711779356
    },
    "barkbands": {
        "max": [0.0180409457535, 0.0556427836418, 0.0137583212927, 0.0112631060183, 0.0432539209723, 0.0172021016479, 0.0357508584857, 0.0638211742043, 0.0880760848522, 0.0279685612768, 0.0216885358095, 0.0245416518301, 0.0164127144963, 0.0160383004695, 0.0118354912847, 0.00294685270637, 0.00245448970236, 0.00184809847269, 0.00330203329213, 0.00211329152808, 0.00165887956973, 0.00230257469229, 0.00731460051611, 0.00752637721598, 0.00128437043168, 0.00056895398302, 0.000185465905815],
        "mean": [0.00108501152135, 0.00514007918537, 0.00105984183028, 0.00068703800207, 0.0028039754834, 0.000970362278167, 0.000998700154014, 0.00379109336063, 0.00405823625624, 0.00121337652672, 0.00108965684194, 0.000920628779568, 0.000736042566132, 0.00106765527744, 0.000651114620268, 0.000321577361319, 0.000355597876478, 0.000213425431866, 0.000298027793178, 0.000289631570922, 0.000193429586943, 0.00025056063896, 0.000193092564587, 0.000163583696121, 5.468064046e-05, 1.83715419553e-05, 4.24324889536e-06],
        "min": [7.84388305419e-08, 7.31846012059e-06, 9.88546617009e-06, 4.77519643027e-06, 1.37932129292e-05, 7.7291379057e-06, 4.96313987242e-06, 2.26138945436e-06, 5.27713291376e-06, 4.21987442678e-06, 4.08695314036e-06, 1.63679135312e-06, 1.27139685446e-06, 5.01829117638e-06, 4.84091788167e-06, 2.61498757936e-06, 1.66130610069e-06, 2.93533412332e-06, 1.4112356439e-06, 1.22238930089e-06, 1.88846934179e-06, 1.41660575537e-06, 6.9395139235e-07, 5.19999218795e-07, 2.23524821763e-07, 7.59866551903e-08, 2.3664832316e-09],
        "stdev": [0.00247262767516, 0.00783394183964, 0.00118310563266, 0.000992176821455, 0.00452031148598, 0.00177827395964, 0.00293840980157, 0.00886081159115, 0.00857006013393, 0.00263180211186, 0.00238076248206, 0.00204156571999, 0.00151139195077, 0.00195796065964, 0.00116741366219, 0.000344856351148, 0.000307579233777, 0.000195872649783, 0.000257684703683, 0.00023887991847, 0.000187864236068, 0.000221997106564, 0.000336962257279, 0.000460641516838, 0.000104040598671, 3.68799082935e-05, 1.04800737972e-05]
    },
    "erbbands": {
        "max": [2.9706261158, 8.23204421997, 12.460319519, 22.8008575439, 89.6705627441, 191.202850342, 308.931732178, 119.730606079, 275.044219971, 877.635009766, 1656.42370605, 2233.35839844, 1607.97851562, 982.878479004, 633.889587402, 842.757507324, 907.053039551, 745.882568359, 486.006866455, 319.844116211, 132.321105957, 147.507354736, 115.660369873, 79.8584823608, 226.996932983, 86.0612335205, 42.8933639526, 77.7309417725, 104.298492432, 78.5891494751, 264.979553223, 247.083267212, 94.2829742432, 19.7555675507, 8.3051776886, 2.76706409454, 1.02997159958, 0.27280023694, 0.0408771783113, 0.00166748149786],
        "mean": [0.231632441282, 0.827622592449, 1.14695048332, 2.10407519341, 5.12141084671, 9.59735965729, 11.6511316299, 7.12571430206, 8.02883625031, 34.9921531677, 106.568641663, 84.0844955444, 56.9083023071, 42.068939209, 36.5835762024, 36.4975738525, 36.0884056091, 48.6179924011, 41.9601249695, 26.8490924835, 19.7920379639, 20.9556999207, 12.2950429916, 13.0745534897, 16.3491325378, 13.6386365891, 7.29035568237, 8.81656360626, 9.92602539062, 6.26968717575, 5.52403450012, 4.40562057495, 2.00798630714, 0.75066190958, 0.336049318314, 0.10444753617, 0.0293903779238, 0.00822813529521, 0.000724891433492, 5.3458927141e-05],
        "min": [0.00020118294924, 0.00221670255996, 0.0133358780295, 0.0213838666677, 0.0358367674053, 0.0490938648582, 0.0332822464406, 0.0691843405366, 0.0930426195264, 0.0955581665039, 0.079287648201, 0.0936158448458, 0.10661418736, 0.127839714289, 0.243086472154, 0.0829012840986, 0.0622335076332, 0.299097329378, 0.199047714472, 0.269301652908, 0.186570450664, 0.111939765513, 0.168191537261, 0.0677621588111, 0.0838321968913, 0.0535086989403, 0.0640689507127, 0.0563407838345, 0.0650303959846, 0.0223858505487, 0.0272000003606, 0.0134987169877, 0.00764128519222, 0.00379038532265, 0.0011261315085, 0.000429314939538, 0.000113694200991, 1.67733815033e-05, 2.52120639743e-06, 1.5597941001e-06],
        "stdev": [0.452756822109, 1.01953458786, 1.25101745129, 2.2828130722, 10.6380958557, 17.2157249451, 26.1967601776, 11.0481233597, 18.4332313538, 82.1398620605, 235.453536987, 180.197677612, 123.039619446, 98.7766189575, 68.5472793579, 76.810005188, 72.3483657837, 87.9098815918, 62.6252479553, 36.8410186768, 18.8101043701, 17.7505455017, 10.998632431, 9.97814273834, 15.2653417587, 10.9328403473, 6.87592840195, 7.92763853073, 8.65220832825, 7.09855365753, 10.9175958633, 12.7021484375, 5.69947624207, 1.61770606041, 0.695399582386, 0.202389359474, 0.0638383775949, 0.0168594699353, 0.00194152398035, 6.73485192237e-05]
    },
    "gfcc": {
        "mean": [24.7503852844, 78.2956390381, -122.55091095, 39.0041923523, -61.2691650391, 22.5373973846, -29.2256793976, 11.3893413544, -15.0598917007, 2.18242669106, -15.9699716568, -1.23267436028, -10.8478364944],
        "cov": [[1850.47155762, -273.087524414, -389.588348389, -326.027801514, -224.661056519, 84.8984680176, 25.8574886322, 27.6041412354, 66.8196182251, 2.72231030464, -64.2124404907, -116.263137817, -15.3254518509], [-273.087524414, 540.526184082, -197.152877808, 30.5954399109, -1.12070000172, -42.4525566101, 57.3875045776, 0.112577185035, 71.7315292358, -18.003276825, 54.5620918274, -28.3802490234, 39.5756950378], [-389.588348389, -197.152877808, 655.895385742, 132.535949707, 138.336364746, -86.2722473145, -104.015090942, -3.65132045746, -45.614780426, 44.7073478699, -34.4106903076, 76.9507675171, -50.5678443909], [-326.027801514, 30.5954399109, 132.535949707, 294.720367432, 65.9725570679, -33.5932655334, -60.0759277344, -25.4556045532, -23.1156959534, 2.92596125603, 4.43023061752, 38.9603843689, 53.2275238037], [-224.661056519, -1.12070000172, 138.336364746, 65.9725570679, 189.03062439, 18.5640087128, 26.0273857117, -14.873462677, -33.3148422241, 14.3182468414, -8.07586097717, 40.2862319946, 7.89782571793], [84.8984680176, -42.4525566101, -86.2722473145, -33.5932655334, 18.5640087128, 167.535797119, 84.7460021973, 21.4683551788, -14.4583816528, -17.1284008026, 29.5419921875, 3.97871518135, 7.66415882111], [25.8574886322, 57.3875045776, -104.015090942, -60.0759277344, 26.0273857117, 84.7460021973, 159.095932007, 46.5687789917, -3.45644855499, -19.2581996918, 20.2299690247, 8.18942070007, 1.88321256638], [27.6041412354, 0.112577185035, -3.65132045746, -25.4556045532, -14.873462677, 21.4683551788, 46.5687789917, 103.802902222, 55.9887390137, 24.7385101318, 4.60439634323, -21.6110801697, -14.6657781601], [66.8196182251, 71.7315292358, -45.614780426, -23.1156959534, -33.3148422241, -14.4583816528, -3.45644855499, 55.9887390137, 187.736679077, 56.348197937, 10.9451370239, -66.8090591431, -11.2824459076], [2.72231030464, -18.003276825, 44.7073478699, 2.92596125603, 14.3182468414, -17.1284008026, -19.2581996918, 24.7385101318, 56.348197937, 85.635597229, 13.3990221024, -5.70248222351, -19.6204681396], [-64.2124404907, 54.5620918274, -34.4106903076, 4.43023061752, -8.07586097717, 29.5419921875, 20.2299690247, 4.60439634323, 10.9451370239, 13.3990221024, 83.0521621704, 38.0180091858, 16.2753582001], [-116.263137817, -28.3802490234, 76.9507675171, 38.9603843689, 40.2862319946, 3.97871518135, 8.18942070007, -21.6110801697, -66.8090591431, -5.70248222351, 38.0180091858, 109.171157837, 35.7918128967], [-15.3254518509, 39.5756950378, -50.5678443909, 53.2275238037, 7.89782571793, 7.66415882111, 1.88321256638, -14.6657781601, -11.2824459076, -19.6204681396, 16.2753582001, 35.7918128967, 82.3228912354]],
        "icov": [[0.00098099198658, 0.000581045344006, 0.000384361163015, 0.000761209987104, 0.00068679638207, -0.000259588559857, -5.91950483795e-05, 0.000263929396169, -0.00017180541181, -0.00056157016661, 0.000776121567469, 0.000322500156472, -0.000797175278421], [0.000581045344006, 0.00358398095705, 0.00101930904202, -0.000189606274944, -0.000720355543308, 0.00257103494368, -0.00185450783465, 0.000711698725354, -0.00104270665906, 0.00125450652558, -0.00287630362436, 0.00213136151433, -0.00106902769767], [0.000384361163015, 0.00101930904202, 0.00369783397764, -0.000752274587285, -0.0020370145794, 0.000935857999139, 0.00204464490525, -0.0015738439979, -0.000726215133909, 0.000597917824052, 0.00111450895201, -0.00332307326607, 0.00338793802075], [0.000761209987104, -0.000189606274944, -0.000752274587285, 0.00581648247316, -0.000702176243067, -0.000396229384933, 0.0019723023288, -0.000297276914353, 0.000613324111328, -0.000700584962033, 0.000136288595968, 0.00106829428114, -0.00455815065652], [0.00068679638207, -0.000720355543308, -0.0020370145794, -0.000702176243067, 0.00977709889412, -0.002401124686, -0.00369974644855, 0.00323088956065, 0.000514588784426, -0.00443665450439, 0.00426123011857, -0.00122464552987, -0.001674221945], [-0.000259588559857, 0.00257103494368, 0.000935857999139, -0.000396229384933, -0.002401124686, 0.0114494729787, -0.00504498882219, -0.00046860112343, 0.000789577781688, 0.00230963574722, -0.00657680816948, 0.00383941922337, -0.000967265223153], [-5.91950483795e-05, -0.00185450783465, 0.00204464490525, 0.0019723023288, -0.00369974644855, -0.00504498882219, 0.0149495005608, -0.00721995020285, 0.000250361394137, 0.0035149725154, 0.0010929191485, -0.0046293376945, 0.00272633624263], [0.000263929396169, 0.000711698725354, -0.0015738439979, -0.000297276914353, 0.00323088956065, -0.00046860112343, -0.00721995020285, 0.0163061469793, -0.00352346687578, -0.00381874060258, 0.000791712081991, 0.00184641999658, -0.000616124598309], [-0.00017180541181, -0.00104270665906, -0.000726215133909, 0.000613324111328, 0.000514588784426, 0.000789577781688, 0.000250361394137, -0.00352346687578, 0.011595341377, -0.00615823222324, -0.00337150786072, 0.00812218338251, -0.00387299596332], [-0.00056157016661, 0.00125450652558, 0.000597917824052, -0.000700584962033, -0.00443665450439, 0.00230963574722, 0.0035149725154, -0.00381874060258, -0.00615823222324, 0.0208334308118, -0.00535952486098, -0.00265794806182, 0.00589907029644], [0.000776121567469, -0.00287630362436, 0.00111450895201, 0.000136288595968, 0.00426123011857, -0.00657680816948, 0.0010929191485, 0.000791712081991, -0.00337150786072, -0.00535952486098, 0.0245703887194, -0.013471506536, 0.00170325418003], [0.000322500156472, 0.00213136151433, -0.00332307326607, 0.00106829428114, -0.00122464552987, 0.00383941922337, -0.0046293376945, 0.00184641999658, 0.00812218338251, -0.00265794806182, -0.013471506536, 0.0264547653496, -0.0118604935706], [-0.000797175278421, -0.00106902769767, 0.00338793802075, -0.00455815065652, -0.001674221945, -0.000967265223153, 0.00272633624263, -0.000616124598309, -0.00387299596332, 0.00589907029644, 0.00170325418003, -0.0118604935706, 0.0233146473765]]
    },
    "melbands": {
        "max": [0.0196833033115, 0.00543321622536, 0.00428896537051, 0.0112580535933, 0.00975815486163, 0.00278744962998, 0.00553934741765, 0.00827884487808, 0.0124651882797, 0.0120023824275, 0.00780433509499, 0.00418375339359, 0.00272406544536, 0.00378823233768, 0.0024820943363, 0.00178752175998, 0.00166322942823, 0.00109530659392, 0.00109324895311, 0.000248449185165, 0.000154907436809, 0.000141652082675, 0.000118952055345, 0.000123959092889, 6.72049282002e-05, 0.000107999774627, 0.000181833253009, 6.95344642736e-05, 3.23158565152e-05, 5.18545748491e-05, 4.55875378975e-05, 6.99642987456e-05, 4.46482226835e-05, 4.28286039096e-05, 0.000160362367751, 0.000151860193, 0.000201956834644, 8.77509664861e-05, 4.93235384056e-05, 1.25652222778e-05],
        "mean": [0.0017666699132, 0.000746969133615, 0.000434776797192, 0.000543898902833, 0.000433438806795, 0.000162907177582, 0.00013765876065, 0.000462548719952, 0.000907087232918, 0.00050731835654, 0.000274593097856, 0.000164475117344, 0.000138167670229, 9.37638105825e-05, 0.000103037076769, 6.71583402436e-05, 9.60249672062e-05, 7.27831429685e-05, 4.79566951981e-05, 2.33059909078e-05, 2.30687546718e-05, 2.37446729443e-05, 1.27203174998e-05, 1.00521983768e-05, 1.04212513179e-05, 1.15886059575e-05, 1.2433260963e-05, 8.09709490568e-06, 4.62437265014e-06, 4.08359755966e-06, 5.37334244655e-06, 5.8685127442e-06, 4.38149800175e-06, 3.23323865814e-06, 3.21420884575e-06, 2.96703024105e-06, 2.59652574641e-06, 1.4592764046e-06, 9.70542146206e-07, 5.16869761213e-07],
        "min": [2.11115980164e-06, 6.50125593893e-06, 4.09925542044e-06, 3.13787677442e-06, 1.37996369176e-06, 1.64576465522e-06, 1.30574949253e-06, 8.57854956848e-07, 9.41096402585e-07, 6.00414523433e-07, 5.13024190241e-07, 4.69657209123e-07, 6.85683630763e-07, 3.41141884519e-07, 1.25074109292e-07, 1.79818314905e-07, 4.93868185458e-07, 2.81321177908e-07, 4.11268104017e-07, 2.32787982668e-07, 1.57773555998e-07, 9.67345386016e-08, 1.23362511317e-07, 1.36709701337e-07, 3.555917516e-08, 4.97357248719e-08, 5.92558393464e-08, 1.98599430234e-08, 3.88352816572e-08, 3.43605428554e-08, 2.76971885427e-08, 3.85660605673e-08, 2.44467859289e-08, 8.90296192324e-09, 1.11030020733e-08, 1.10679740928e-08, 6.21908435861e-09, 5.44586997719e-09, 3.24378146566e-09, 2.5580602081e-09],
        "stdev": [0.00302168237977, 0.000726747501176, 0.000542404770385, 0.000987968873233, 0.000878376653418, 0.000257067847997, 0.000344064494129, 0.00104555627331, 0.00196249526925, 0.00111461791676, 0.000620137783699, 0.000398847187171, 0.000281421875115, 0.000237788568484, 0.000224868010264, 0.000137018985697, 0.000188762438484, 0.000117568662972, 9.40382960835e-05, 2.87170132651e-05, 2.21727896133e-05, 2.10091147892e-05, 1.23585214169e-05, 1.00074739748e-05, 8.4157782112e-06, 1.02246976894e-05, 1.28646861413e-05, 6.90064416631e-06, 4.62298112325e-06, 4.43571207143e-06, 4.87491661261e-06, 5.37573669135e-06, 4.14081614508e-06, 4.09104541177e-06, 6.45148520562e-06, 6.65232346364e-06, 8.69266477821e-06, 4.32271417594e-06, 2.59514808931e-06, 1.02733474705e-06]
    },
    "melbands128": {
        "max": [0.0144652575254, 0.0309968478978, 0.0244686659425, 0.0116466637701, 0.006596500054, 0.00684149656445, 0.00466020265594, 0.00566652137786, 0.0107418857515, 0.0164676718414, 0.012075798586, 0.0116305146366, 0.0140135809779, 0.00660505052656, 0.00353859039024, 0.0020880533848, 0.00386266154237, 0.00635129772127, 0.0127114215866, 0.0173436403275, 0.0144832208753, 0.0253573600203, 0.0226517654955, 0.0287335608155, 0.0237674228847, 0.0218451041728, 0.0198829770088, 0.00915438402444, 0.00741676427424, 0.0069425990805, 0.00740582775325, 0.00687879836187, 0.00516900140792, 0.00307679059915, 0.00403096294031, 0.00675661768764, 0.00358314369805, 0.00550919026136, 0.0043082870543, 0.00487245665863, 0.00190303009003, 0.00241124769673, 0.00312970113009, 0.00405653798953, 0.00249732914381, 0.00123563560192, 0.00190542801283, 0.00256575015374, 0.000705132319126, 0.000663741840981, 0.000352490984369, 0.000393874943256, 0.000327313580783, 0.000289459887426, 0.000298914848827, 0.000282546912786, 0.000440267060185, 0.000166750949575, 0.000283646251773, 0.000144276069477, 0.000231680241995, 8.88253271114e-05, 0.000102800848254, 7.92032951722e-05, 0.000153729139129, 0.000175532215508, 9.26967841224e-05, 0.000569726864342, 0.000181103096111, 0.0001264167513, 0.000120516655443, 0.000151560729137, 7.56057052058e-05, 7.08447332727e-05, 3.1818588468e-05, 5.49336946278e-05, 7.32445187168e-05, 5.21656584169e-05, 8.93466494745e-05, 4.66957098979e-05, 0.000119711352454, 5.9760917793e-05, 5.22814225405e-05, 4.82213836221e-05, 4.12405424868e-05, 4.88397163281e-05, 4.85782693431e-05, 9.74675349426e-05, 0.000221765745664, 0.000183976342669, 0.000118251038657, 0.000115436974738, 0.000243054877501, 0.000380822195439, 0.000149729472469, 0.000149495986989, 7.8637705883e-05, 7.37689406378e-05, 7.61193514336e-05, 2.59975186054e-05, 1.61549251061e-05, 1.25728793137e-05, 1.89249603864e-05, 1.34122137752e-05, 1.40142219607e-05, 1.73680928128e-05, 6.62559796183e-06, 3.08140124616e-06, 4.91901346322e-06, 6.30794011158e-06, 6.03465105087e-06, 3.69600502381e-06, 4.51101414001e-06, 2.44279249273e-06, 1.76024138909e-06, 2.59592616203e-06, 2.80245899376e-06, 1.29990587538e-06, 2.25930784836e-06, 2.21259983846e-06, 1.03818479147e-06, 1.19579306102e-06, 1.11444444428e-06, 2.03645473817e-08, 1.01425079446e-09, 1.00060959518e-09, 9.92450122084e-10, 9.8628416545e-10],
        "mean": [0.000947453663684, 0.00216242438182, 0.00205990741961, 0.0011376485927, 0.000578243634664, 0.000551640521735, 0.000425744656241, 0.000328416819684, 0.000537452811841, 0.000589740287978, 0.000514742627274, 0.000562699569855, 0.000420693628257, 0.000268602569122, 0.000158090275363, 0.000103985054011, 0.000106998304545, 9.74201684585e-05, 0.000208176774322, 0.000384766201023, 0.000517225940712, 0.000939398480114, 0.0010268551996, 0.000854674901348, 0.000476435117889, 0.000408296677051, 0.00043619031203, 0.000234291961533, 0.000191237631952, 0.00011200759036, 0.000185847835382, 0.000199770758627, 0.000141456985148, 8.09115517768e-05, 0.000109242115286, 8.48860872793e-05, 8.66535701789e-05, 0.000129579886561, 9.44554049056e-05, 6.86075582053e-05, 5.23477574461e-05, 7.68460522522e-05, 9.71564295469e-05, 0.000105804756458, 0.000102564008557, 5.47049021407e-05, 5.32889134774e-05, 6.12547737546e-05, 3.62596656487e-05, 3.70012203348e-05, 1.43783217936e-05, 1.81475279533e-05, 2.67174636974e-05, 2.34727613133e-05, 2.04638527066e-05, 3.03887354676e-05, 1.91229810298e-05, 1.27347639136e-05, 1.22990950331e-05, 8.84592009243e-06, 1.10138771561e-05, 9.54218467086e-06, 8.01248461357e-06, 1.1830641597e-05, 1.27822404465e-05, 1.04764485513e-05, 1.0773647773e-05, 1.43059751281e-05, 1.17537292681e-05, 1.26582563098e-05, 7.94638617663e-06, 6.33318632026e-06, 4.93052493766e-06, 4.87620172862e-06, 3.46408364749e-06, 3.27948760059e-06, 4.69991391583e-06, 5.38185076948e-06, 5.54199050384e-06, 5.01963995703e-06, 6.16733223069e-06, 5.89479532209e-06, 6.12244684817e-06, 4.10587017541e-06, 3.12743804898e-06, 3.19605646837e-06, 3.17680519402e-06, 3.44380055139e-06, 3.18335537486e-06, 3.12645988743e-06, 3.05726075567e-06, 2.80723020296e-06, 3.04777131532e-06, 2.81154962067e-06, 2.30553200709e-06, 1.52985751356e-06, 1.28361068619e-06, 1.29745717459e-06, 1.08891083528e-06, 7.43856332974e-07, 5.79241998366e-07, 4.99236193718e-07, 4.17750868564e-07, 3.42732960235e-07, 3.3232174701e-07, 5.1266920309e-07, 2.65339366479e-07, 1.81255046527e-07, 1.62098061196e-07, 1.31540389248e-07, 1.21144964282e-07, 1.00692979288e-07, 7.87024063698e-08, 7.41024805961e-08, 8.90384015406e-08, 7.95615449078e-08, 6.32689705071e-08, 4.66583784942e-08, 3.40937234e-08, 2.07216643844e-08, 1.20381704605e-08, 9.84723325104e-09, 5.6962394801e-09, 1.3017137368e-10, 5.08179999817e-12, 4.93517770053e-12, 4.84873035819e-12, 4.81391228963e-12],
        "min": [1.11811337966e-09, 1.00779072909e-06, 8.21741082291e-07, 3.67708389604e-06, 6.33827812635e-06, 4.6513396228e-06, 1.7359151343e-06, 2.32990669247e-06, 1.63513254847e-06, 2.18315835809e-06, 7.37806090001e-07, 5.4239092151e-07, 9.00970576367e-07, 6.55965436636e-07, 4.42024429503e-07, 1.08437724577e-07, 1.45943886309e-07, 1.31919364321e-07, 5.30073634764e-07, 4.58360545963e-07, 3.38202710282e-07, 2.60396376461e-07, 2.09747838653e-07, 1.33820719839e-07, 3.13900699211e-07, 2.56222278949e-07, 9.81084795626e-08, 2.74035272696e-07, 9.92885205164e-08, 4.78284334804e-07, 2.83656987676e-07, 2.30139733048e-07, 3.1542066381e-07, 2.89942590825e-07, 2.6467898806e-07, 5.27328190003e-08, 1.59940228173e-07, 1.54408525077e-07, 8.14492295831e-08, 6.50234284194e-08, 1.10648841201e-07, 5.71147751316e-08, 2.27980606837e-07, 1.83114977403e-07, 2.01345073947e-07, 1.18870296717e-07, 2.37373029677e-07, 1.53149372295e-07, 1.674679595e-07, 1.5603214365e-07, 1.03703214904e-07, 1.00477599574e-07, 1.76150692255e-07, 1.28902399865e-07, 3.69104000697e-08, 6.3343023271e-08, 1.3502049967e-07, 8.52322799005e-08, 1.0184081134e-07, 9.02669441416e-08, 1.38667886063e-07, 4.62844766957e-08, 5.45016476394e-08, 2.62044430599e-08, 1.22844445727e-08, 3.29344125305e-08, 4.19609484936e-08, 3.16532684508e-08, 3.60868277482e-08, 1.33234081545e-08, 2.77105822732e-08, 1.47905616643e-08, 7.85523290858e-09, 2.14154027844e-08, 1.97632559207e-08, 1.61043871572e-08, 1.20334187059e-08, 2.23406253497e-08, 1.89827744634e-08, 1.61713487046e-08, 2.73995581779e-08, 2.00703329511e-08, 1.98931555673e-08, 1.1924191412e-08, 7.03282587722e-09, 5.51962031636e-09, 4.16065137898e-09, 7.1337598051e-09, 1.04774526832e-08, 8.16504730494e-09, 1.02538058044e-08, 8.10769140713e-09, 6.23938190003e-09, 5.82572212693e-09, 5.49545475792e-09, 4.16775769452e-09, 2.86651014036e-09, 5.22201526465e-09, 1.88837012693e-09, 1.80608505929e-09, 3.41839134776e-09, 1.34636179983e-09, 1.45390488537e-09, 9.84650139202e-10, 1.48966983193e-09, 9.67329216728e-10, 5.52769829909e-10, 6.49833686861e-10, 5.51351575506e-10, 7.54848905604e-10, 3.25087207154e-10, 2.6458815694e-10, 2.63370103504e-10, 2.31315938626e-10, 1.7146066511e-10, 1.31729030461e-10, 1.05598065014e-10, 3.16404942611e-13, 1.11365194952e-13, 8.12328381102e-14, 1.0428819402e-13, 9.423328952e-14, 7.82646178226e-14, 9.5158263051e-14, 6.66820927902e-14, 2.00868577956e-14, 3.72591921102e-15, 1.46891408157e-16],
        "stdev": [0.002224966418, 0.00471761077642, 0.0031120616477, 0.001365431468, 0.000718594994396, 0.000590447394643, 0.0004900493077, 0.000566514150705, 0.00126689579338, 0.00141402636655, 0.00112438201904, 0.00126495142467, 0.00115038349759, 0.000595402962063, 0.000290122698061, 0.000200699359993, 0.000281153101241, 0.000370538327843, 0.000803069851827, 0.00132857367862, 0.00152494525537, 0.00296572805382, 0.00292176334187, 0.0025070477277, 0.00166044512298, 0.00136346346699, 0.00152936636005, 0.000652504619211, 0.000522903632373, 0.000392654648749, 0.000677808944602, 0.000554063648451, 0.000417458475567, 0.000243071903242, 0.000332644209266, 0.000363583676517, 0.000274258869467, 0.000391906854929, 0.000279928237433, 0.000274011021247, 0.000147110229591, 0.000181883719051, 0.000268995732768, 0.00031579498318, 0.000243518545176, 0.000126180399093, 0.000152032167534, 0.000183842508704, 6.6521759436e-05, 6.71689558658e-05, 2.73334353551e-05, 3.34247197316e-05, 3.63024264516e-05, 2.96777616313e-05, 2.60043907474e-05, 3.4786942706e-05, 2.83616136585e-05, 1.67232647073e-05, 1.73949447344e-05, 1.12377711048e-05, 1.56585392688e-05, 1.10925147965e-05, 8.49324715091e-06, 1.20363256428e-05, 1.46951742863e-05, 1.25352889881e-05, 1.16223754958e-05, 2.61229197349e-05, 1.41418267958e-05, 1.39115945785e-05, 8.39072163217e-06, 8.81870437297e-06, 5.71465852772e-06, 6.87263218424e-06, 4.50340030511e-06, 4.54428027297e-06, 6.34722027826e-06, 5.67168672205e-06, 6.67042786517e-06, 5.26253506905e-06, 7.39633014746e-06, 6.2425424403e-06, 5.9510907704e-06, 4.6169475354e-06, 4.04808906751e-06, 4.6895329433e-06, 4.48840273748e-06, 5.29372937308e-06, 8.26815994515e-06, 6.99250267644e-06, 6.71406269248e-06, 6.33911304249e-06, 9.17243414733e-06, 1.30536072902e-05, 6.89455373504e-06, 5.30490206074e-06, 4.4333733058e-06, 4.1607336243e-06, 3.19682999361e-06, 1.80864390131e-06, 1.34341735247e-06, 9.6649500847e-07, 8.52603648127e-07, 7.49859793814e-07, 6.84694612119e-07, 1.69632028246e-06, 5.5791434761e-07, 3.08927269543e-07, 3.3153449408e-07, 3.51499409135e-07, 3.21886432175e-07, 2.30821257219e-07, 2.01997409022e-07, 1.6620369081e-07, 1.77715435257e-07, 1.82449483077e-07, 1.45560719034e-07, 1.05565788999e-07, 9.5077972162e-08, 8.29845774319e-08, 4.40389236189e-08, 4.56267237325e-08, 3.56741445273e-08, 8.98555951867e-10, 3.8581672579e-11, 3.80689715862e-11, 3.77623730896e-11, 3.75276303088e-11]
    },
    "mfcc": {
        "mean": [-612.887512207, 102.088195801, -0.22995249927, 20.0988636017, -1.11443626881, 11.5082826614, -0.834889411926, 10.3493976593, 2.72633624077, 8.89312076569, 2.15980291367, -0.080901645124, -1.83015275002],
        "cov": [[2150.92260742, -214.060394287, -367.87701416, -420.29977417, -292.127075195, -43.1950683594, -91.6347808838, -0.173657223582, 3.8160867691, 197.642944336, 6.07236623764, -89.6681137085, -139.869689941], [-214.060394287, 401.763427734, -95.9907226562, 17.4947853088, -35.1245193481, -13.4350185394, -1.85932803154, 18.0966453552, 8.68805408478, -0.794396996498, 35.9197502136, 26.0046291351, 29.9408168793], [-367.87701416, -95.9907226562, 372.553375244, 135.194030762, 127.317153931, -27.0975437164, -34.8775482178, -34.3020973206, -8.7585515976, -44.8660621643, -3.64760565758, 26.8191070557, 39.5706062317], [-420.29977417, 17.4947853088, 135.194030762, 302.832061768, 123.81955719, 2.63374829292, -21.4280071259, -49.3139839172, 11.9199399948, -61.9733276367, -34.4521560669, -9.66902542114, 44.9168891907], [-292.127075195, -35.1245193481, 127.317153931, 123.81955719, 173.062393188, 33.5429115295, -16.2597160339, -36.3095283508, 5.78418731689, -12.3635826111, -9.44647693634, -2.55846095085, 14.8575582504], [-43.1950683594, -13.4350185394, -27.0975437164, 2.63374829292, 33.5429115295, 112.743003845, 58.7171363831, 22.7128582001, -5.90171337128, -18.1297683716, -12.869934082, -9.88015079498, -12.8308744431], [-91.6347808838, -1.85932803154, -34.8775482178, -21.4280071259, -16.2597160339, 58.7171363831, 178.620742798, 79.3683166504, -5.65267276764, -64.0341262817, -23.0556297302, 9.33608150482, 1.4469922781], [-0.173657223582, 18.0966453552, -34.3020973206, -49.3139839172, -36.3095283508, 22.7128582001, 79.3683166504, 104.064216614, 17.2841930389, -9.54886817932, -3.24061131477, 10.710308075, 3.13546991348], [3.8160867691, 8.68805408478, -8.7585515976, 11.9199399948, 5.78418731689, -5.90171337128, -5.65267276764, 17.2841930389, 78.6695327759, 53.137802124, 19.0172233582, 0.723607003689, 0.465063869953], [197.642944336, -0.794396996498, -44.8660621643, -61.9733276367, -12.3635826111, -18.1297683716, -64.0341262817, -9.54886817932, 53.137802124, 144.061981201, 63.4940795898, 10.8756256104, -18.703250885], [6.07236623764, 35.9197502136, -3.64760565758, -34.4521560669, -9.44647693634, -12.869934082, -23.0556297302, -3.24061131477, 19.0172233582, 63.4940795898, 90.8463439941, 43.6209793091, 9.71039009094], [-89.6681137085, 26.0046291351, 26.8191070557, -9.66902542114, -2.55846095085, -9.88015079498, 9.33608150482, 10.710308075, 0.723607003689, 10.8756256104, 43.6209793091, 75.511428833, 35.4400291443], [-139.869689941, 29.9408168793, 39.5706062317, 44.9168891907, 14.8575582504, -12.8308744431, 1.4469922781, 3.13546991348, 0.465063869953, -18.703250885, 9.71039009094, 35.4400291443, 76.6503829956]],
        "icov": [[0.00102280592546, 0.000589615257923, 0.000414462556364, 0.000614286109339, 0.00112293171696, -2.88367427856e-05, 0.000305478752125, 0.000266305927653, 0.000366643682355, -0.0011667717481, 0.00054335151799, 0.0006807919126, 0.000152461157995], [0.000589615257923, 0.00347662600689, 0.00151998631191, -0.000399321608711, 0.000727022998035, 0.000346238055499, 0.000883435306605, -0.00078238605056, 3.66482672689e-05, 0.000539395317901, -0.00154329603538, 8.45914328238e-05, -0.000612640869804], [0.000414462556364, 0.00151998631191, 0.00513265607879, -0.00052194762975, -0.00280336919241, 0.00199754396453, 0.00128011917695, -0.000942767364904, 0.00014830645523, 0.00177044549491, -0.000878598890267, -0.00150402099825, -5.13184822921e-05], [0.000614286109339, -0.000399321608711, -0.00052194762975, 0.00718942796811, -0.00256902468391, 6.2478480686e-05, 0.000490426085889, 0.00281072198413, -0.00358560844325, 0.00261439220048, 0.00123410415836, 0.00155128457118, -0.00249632750638], [0.00112293171696, 0.000727022998035, -0.00280336919241, -0.00256902468391, 0.013208983466, -0.00506393285468, 0.000182396062883, 0.00296362210065, -7.9202807683e-05, -0.00340070016682, 0.00133378733881, 0.000924958556425, -0.000240880763158], [-2.88367427856e-05, 0.000346238055499, 0.00199754396453, 6.2478480686e-05, -0.00506393285468, 0.0135604012758, -0.00400363141671, -0.00155809917487, 0.00188923371024, -0.000188631020137, -0.000666901585646, 0.00107705022674, 0.00166413036641], [0.000305478752125, 0.000883435306605, 0.00128011917695, 0.000490426085889, 0.000182396062883, -0.00400363141671, 0.0129003785551, -0.00728341890499, -0.00194443191867, 0.00630512367934, -0.000534437189344, -0.00268463883549, 0.00147222937085], [0.000266305927653, -0.00078238605056, -0.000942767364904, 0.00281072198413, 0.00296362210065, -0.00155809917487, -0.00728341890499, 0.018831141293, -0.00567173259333, -0.000542658963241, 0.00250613223761, -0.00108759012073, -0.00174952892121], [0.000366643682355, 3.66482672689e-05, 0.00014830645523, -0.00358560844325, -7.9202807683e-05, 0.00188923371024, -0.00194443191867, -0.00567173259333, 0.0223693363369, -0.0118396077305, 0.000457860907773, 0.00298117380589, -0.00118141551502], [-0.0011667717481, 0.000539395317901, 0.00177044549491, 0.00261439220048, -0.00340070016682, -0.000188631020137, 0.00630512367934, -0.000542658963241, -0.0118396077305, 0.0222828611732, -0.0108148204163, -0.00100609112997, 0.00308922212571], [0.00054335151799, -0.00154329603538, -0.000878598890267, 0.00123410415836, 0.00133378733881, -0.000666901585646, -0.000534437189344, 0.00250613223761, 0.000457860907773, -0.0108148204163, 0.0251329690218, -0.0119036855176, 0.000540284323506], [0.0006807919126, 8.45914328238e-05, -0.00150402099825, 0.00155128457118, 0.000924958556425, 0.00107705022674, -0.00268463883549, -0.00108759012073, 0.00298117380589, -0.00100609112997, -0.0119036855176, 0.0271671675146, -0.0101437484846], [0.000152461157995, -0.000612640869804, -5.13184822921e-05, -0.00249632750638, -0.000240880763158, 0.00166413036641, 0.00147222937085, -0.00174952892121, -0.00118141551502, 0.00308922212571, 0.000540284323506, -0.0101437484846, 0.020804701373]]
    },
    "spectral_contrast_coeffs": {
        "max": [-0.446815997362, -0.402733922005, -0.502955794334, -0.608244121075, -0.713317036629, -0.63019156456],
        "mean": [-0.747931420803, -0.732171654701, -0.755089461803, -0.776944756508, -0.797506630421, -0.742549598217],
        "min": [-0.928009390831, -0.934188902378, -0.916424036026, -0.898469686508, -0.878819525242, -0.902135789394],
        "stdev": [0.0685688555241, 0.0984357967973, 0.0825111344457, 0.0588834248483, 0.0270507782698, 0.0322355628014]
    },
    "spectral_contrast_valleys": {
        "max": [-5.37504959106, -5.35342597961, -5.46543693542, -6.1701540947, -6.16524553299, -7.71588087082],
        "mean": [-6.52931451797, -6.72445440292, -7.18774032593, -7.39141321182, -7.18761205673, -9.76459598541],
        "min": [-8.31604290009, -8.46268367767, -8.93379402161, -9.18121910095, -9.34254932404, -12.0018959045],
        "stdev": [0.397029131651, 0.511408507824, 0.514341294765, 0.465152204037, 0.453162938356, 0.589312016964]
    }
},
"rhythm": {
    "beats_count": 67,
    "beats_loudness": {
        "max": 0.0804980024695,
        "mean": 0.0430305823684,
        "min": 0.00523491296917,
        "stdev": 0.0163326766342
    },
    "bpm": 126.729400635,
    "bpm_histogram_first_peak_bpm": 126,
    "bpm_histogram_first_peak_weight": 0.344262301922,
    "bpm_histogram_second_peak_bpm": 115,
    "bpm_histogram_second_peak_spread": 0.5,
    "bpm_histogram_second_peak_weight": 0.0303030312061,
    "danceability": 1.08897566795,
    "onset_rate": 3.44531226158,
    "beats_loudness_band_ratio": {
        "max": [0.98472315073, 0.694182753563, 0.837831020355, 0.572730302811, 0.21237963438, 0.753903746605],
        "mean": [0.455895364285, 0.12766610086, 0.20219309628, 0.144583210349, 0.0581764355302, 0.0500455573201],
        "min": [0.0295471213758, 0.00913148745894, 0.00200724089518, 0.00152390182484, 0.00179821660277, 0.00185678340495],
        "stdev": [0.243234738708, 0.146903961897, 0.211034283042, 0.156505540013, 0.0463928990066, 0.0914897993207]
    },
    "beats_position": [0.476009070873, 0.96362811327, 1.46285712719, 1.97369611263, 2.49614500999, 3.01859402657, 3.52943301201, 4.01705217361, 4.5046710968, 4.98067998886, 5.45668935776, 5.92108821869, 6.39709758759, 6.87310647964, 7.3491153717, 7.8251247406, 8.28952407837, 8.75392246246, 9.22993183136, 9.70594120026, 10.1819496155, 10.6579589844, 11.1223583221, 11.5983667374, 12.0743761063, 12.538775444, 13.0031747818, 13.4675731659, 13.9551925659, 14.4312019348, 14.90721035, 15.3832197189, 15.8592290878, 16.3352375031, 16.8112468719, 17.2756462097, 17.7400455475, 18.2160549164, 18.6920623779, 19.1680717468, 19.6324710846, 20.1084804535, 20.5728797913, 21.0488891602, 21.5132884979, 21.9776859283, 22.4536952972, 22.9297046661, 23.405714035, 23.8817234039, 24.3577327728, 24.8221302032, 25.286529541, 25.7625389099, 26.2385482788, 26.7145576477, 27.1905670166, 27.6549663544, 28.1309738159, 28.6069831848, 29.0713825226, 29.5473918915, 30.0234012604, 30.4994106293, 30.9754180908, 31.4514274597, 31.9274368286],
