{
"metadata": {
    "version": {
        "essentia": "2.1-beta5",
        "essentia_git_sha": "Undefined",
        "extractor": "music 2.0"
    },
    "audio_properties": {
        "analysis": {
            "equal_loudness": 0,
            "length": 32.4963264465,
            "sample_rate": 44100,
            "start_time": 45.2440834045,
            "downmix": "mix"
        },
        "bit_rate": 192000,
        "length": 190.960922241,
        "lossless": 0,
        "number_channels": 2,
        "replay_gain": -5.7036151886,
        "sample_rate": 48000,
        "codec": "mp3",
        "md5_encoded": "72b182290f3d3dd0387ceca7d04b0925"
    },
    "tags": {
        "file_name": "Spain_Que Me Quiten Lo Bailao_Lucía Pérez.mp3",
        "encoding": ["Lavf58.29.100"]
    }
},
"lowlevel": {
    "average_loudness": 0.972554922104,
    "barkbands_crest": {
        "max": 23.0485496521,
        "mean": 9.178565979,
        "min": 2.9421517849,
        "stdev": 3.52275776863
    },
    "barkbands_flatness_db": {
        "max": 0.228515297174,
        "mean": 0.0948409214616,
        "min": 0.0253729540855,
        "stdev": 0.0339366942644
    },
    "barkbands_kurtosis": {
        "max": 44.8395385742,
        "mean": 2.985278368,
        "min": -1.61189246178,
        "stdev": 4.55122089386
    },
    "barkbands_skewness": {
        "max": 6.38993406296,
        "mean": 1.34330391884,
        "min": -0.942093193531,
        "stdev": 0.92063075304
    },
    "barkbands_spread": {
        "max": 80.7067718506,
        "mean": 24.897726059,
        "min": 5.14382886887,
        "stdev": 10.5744276047
    },
    "dissonance": {
        "max": 0.499928116798,
        "mean": 0.460282027721,
        "min": 0.265614420176,
        "stdev": 0.0273327063769
    },
    "dynamic_complexity": 2.50135564804,
    "erbbands_crest": {
        "max": 27.4093379974,
        "mean": 10.4425029755,
        "min": 2.33442687988,
        "stdev": 4.87256336212
    },
    "erbbands_flatness_db": {
        "max": 0.290642172098,
        "mean": 0.127739027143,
        "min": 0.0396986417472,
        "stdev": 0.0379177033901
    },
    "erbbands_kurtosis": {
        "max": 11.5293607712,
        "mean": 0.802850186825,
        "min": -1.70738649368,
        "stdev": 1.80279195309
    },
    "erbbands_skewness": {
        "max": 2.84094715118,
        "mean": 0.616422355175,
        "min": -1.59540808201,
        "stdev": 0.610944628716
    },
    "erbbands_spread": {
        "max": 152.963180542,
        "mean": 36.2982673645,
        "min": 6.08120632172,
        "stdev": 18.1567211151
    },
    "hfc": {
        "max": 115.428344727,
        "mean": 25.8346405029,
        "min": 0.290513634682,
        "stdev": 20.1873989105
    },
    "loudness_ebu128": {
        "integrated": -17.6243648529,
        "loudness_range": 1.78498077393,
        "momentary": {
            "max": -14.7129993439,
            "mean": -17.9320850372,
            "min": -26.4262466431,
            "stdev": 1.76169335842
        },
        "short_term": {
            "max": -16.2793312073,
            "mean": -17.5981388092,
            "min": -19.8100681305,
            "stdev": 0.693272590637
        }
    },
    "melbands_crest": {
        "max": 33.4105567932,
        "mean": 12.927646637,
        "min": 3.45949959755,
        "stdev": 5.38519239426
    },
    "melbands_flatness_db": {
        "max": 0.357997000217,
        "mean": 0.175360679626,
        "min": 0.0511683598161,
        "stdev": 0.0443211831152
    },
    "melbands_kurtosis": {
        "max": 233.825973511,
        "mean": 9.37769889832,
        "min": -1.37413525581,
        "stdev": 16.3464813232
    },
    "melbands_skewness": {
        "max": 12.9640579224,
        "mean": 2.04311776161,
        "min": -0.788699328899,
        "stdev": 1.45558464527
    },
    "melbands_spread": {
        "max": 77.6977615356,
        "mean": 24.6856880188,
        "min": 2.29995656013,
        "stdev": 11.0872612
    },
    "pitch_salience": {
        "max": 0.826956033707,
        "mean": 0.55650639534,
        "min": 0.187745541334,
        "stdev": 0.0984187275171
    },
    "silence_rate_20dB": {
        "max": 1,
        "mean": 1,
        "min": 1,
        "stdev": 0
    },
    "silence_rate_30dB": {
        "max": 1,
        "mean": 0.997144877911,
        "min": 0,
        "stdev": 0.053356628865
    },
    "silence_rate_60dB": {
        "max": 1,
        "mean": 0.0221270527691,
        "min": 0,
        "stdev": 0.14709803462
    },
    "spectral_centroid": {
        "max": 2648.0246582,
        "mean": 1302.84997559,
        "min": 337.238586426,
        "stdev": 405.228607178
    },
    "spectral_complexity": {
        "max": 46,
        "mean": 18.2119922638,
        "min": 0,
        "stdev": 7.04234743118
    },
    "spectral_decrease": {
        "max": -7.58509158261e-11,
        "mean": -7.07833702762e-09,
        "min": -3.59469112254e-08,
        "stdev": 5.26333909789e-09
    },
    "spectral_energy": {
        "max": 0.146141394973,
        "mean": 0.0290586017072,
        "min": 0.00031262889388,
        "stdev": 0.0213147439063
    },
    "spectral_energyband_high": {
        "max": 0.00443581584841,
        "mean": 0.000928718247451,
        "min": 1.00337156255e-05,
        "stdev": 0.000899374252185
    },
    "spectral_energyband_low": {
        "max": 0.0918313637376,
        "mean": 0.00888021942228,
        "min": 1.51358665335e-06,
        "stdev": 0.0119252288714
    },
    "spectral_energyband_middle_high": {
        "max": 0.0857284069061,
        "mean": 0.00866776518524,
        "min": 5.65360605833e-05,
        "stdev": 0.0107493745163
    },
    "spectral_energyband_middle_low": {
        "max": 0.0635045692325,
        "mean": 0.0115008642897,
        "min": 0.000136345886858,
        "stdev": 0.00877042114735
    },
    "spectral_entropy": {
        "max": 8.52841567993,
        "mean": 7.6754117012,
        "min": 6.64554977417,
        "stdev": 0.313046306372
    },
    "spectral_flux": {
        "max": 0.307050079107,
        "mean": 0.0981214269996,
        "min": 0.0150701412931,
        "stdev": 0.0485027059913
    },
    "spectral_kurtosis": {
        "max": 12.5141372681,
        "mean": 4.6774058342,
        "min": -1.00957345963,
        "stdev": 1.71621465683
    },
    "spectral_rms": {
        "max": 0.0119405603036,
        "mean": 0.00498263025656,
        "min": 0.000552271492779,
        "stdev": 0.00187702768017
    },
    "spectral_rolloff": {
        "max": 9733.0078125,
        "mean": 1388.06848145,
        "min": 64.599609375,
        "stdev": 927.079650879
    },
    "spectral_skewness": {
        "max": 2.88802695274,
        "mean": 1.78628230095,
        "min": 0.558477044106,
        "stdev": 0.263007313013
    },
    "spectral_spread": {
        "max": 20175388,
        "mean": 5752097,
        "min": 2664753,
        "stdev": 1505680
    },
    "spectral_strongpeak": {
        "max": 11.2229766846,
        "mean": 1.34576010704,
        "min": 0.0144766252488,
        "stdev": 1.67421245575
    },
    "zerocrossingrate": {
        "max": 0.216796875,
        "mean": 0.073112539947,
        "min": 0.02001953125,
        "stdev": 0.0283535588533
    },
    "barkbands": {
        "max": [0.018341017887, 0.076434366405, 0.0223238170147, 0.0188028439879, 0.0334668047726, 0.0296081118286, 0.0423451028764, 0.0310831069946, 0.0402913317084, 0.0461970157921, 0.0604471340775, 0.0654846727848, 0.040686186403, 0.0362819284201, 0.0224189423025, 0.0180032867938, 0.0131569271907, 0.00698471767828, 0.00583749776706, 0.00277053611353, 0.00129085348453, 0.0013030602131, 0.000868021103088, 0.00156820076518, 0.000912986055482, 0.00176130759064, 0.00097861525137],
        "mean": [0.000994437374175, 0.00597437052056, 0.00131050299387, 0.00123512092978, 0.00254429574125, 0.00176251318771, 0.00159890612122, 0.00214800890535, 0.00152041122783, 0.00264401501045, 0.00136551028118, 0.000983548816293, 0.000948843429796, 0.000600513012614, 0.000764437951148, 0.000580961233936, 0.000455515575595, 0.000303508539218, 0.000290568976197, 0.000258566724369, 0.0001177787708, 8.73769968166e-05, 0.000107788626337, 0.000130442538648, 0.000113090813102, 0.000157001180924, 6.05540735705e-05],
        "min": [3.61739482813e-09, 4.54167263797e-07, 4.9734978802e-07, 1.84703523587e-07, 2.71891963166e-06, 8.6312975327e-06, 8.25326605991e-06, 2.82500195681e-06, 4.40125359091e-06, 7.35054754841e-06, 1.05736228306e-06, 1.77602998974e-06, 1.0325409221e-06, 1.72869795279e-06, 2.22664039029e-06, 2.69897122962e-06, 2.83211534224e-06, 1.63757522387e-06, 1.20676611459e-06, 2.32643128584e-06, 1.48548338075e-06, 1.39972075885e-06, 8.8754444505e-07, 6.22059019406e-07, 4.2489051566e-07, 1.41399439713e-07, 2.02664085514e-09],
        "stdev": [0.00194452609867, 0.00982277933508, 0.00213892781176, 0.0014091556659, 0.00291131646372, 0.00238270312548, 0.00301286368631, 0.00391351198778, 0.00347924535163, 0.0050950543955, 0.00390210840851, 0.00319035351276, 0.00289157079533, 0.00186968012713, 0.00182110769674, 0.00149390043225, 0.000932529801503, 0.000543525035027, 0.000423362973379, 0.000352676783223, 0.00015460018767, 0.000124618396512, 0.000117447845696, 0.000160398340086, 0.000129023872432, 0.000218959947233, 8.63258173922e-05]
    },
    "erbbands": {
        "max": [4.36203384399, 9.67753219604, 24.3797149658, 45.929977417, 117.500076294, 72.4331130981, 138.451095581, 378.125823975, 344.443511963, 873.267822266, 823.748474121, 739.078979492, 1526.19836426, 3078.37695312, 1201.35083008, 1910.89526367, 2275.25830078, 2042.83630371, 741.470031738, 1487.1619873, 907.653503418, 909.546264648, 493.317993164, 391.180664062, 240.680862427, 163.504394531, 64.5139846802, 43.026386261, 57.3380088806, 21.8986091614, 30.9286689758, 41.5746154785, 31.5387592316, 9.17884922028, 7.91942214966, 7.30254459381, 3.31909322739, 0.919778823853, 0.190007597208, 0.00638718996197],
        "mean": [0.271446347237, 0.949593126774, 1.44912791252, 3.29807496071, 6.61078357697, 8.05641460419, 11.3347082138, 14.2546062469, 18.4583129883, 32.8302307129, 48.7128791809, 31.253276825, 64.3792953491, 96.1836395264, 42.3301773071, 41.8091506958, 46.6858901978, 36.4225158691, 33.4867019653, 37.6039657593, 34.5616416931, 23.8705024719, 16.3709144592, 15.6207256317, 13.8888978958, 13.2229042053, 6.97729110718, 3.7489631176, 3.35596179962, 2.55385828018, 3.35551476479, 2.61998653412, 2.25412940979, 1.38519227505, 0.842097640038, 0.649783015251, 0.245850920677, 0.0818112120032, 0.011141333729, 0.000340480677551],
        "min": [1.31881824927e-05, 0.000108741653094, 0.000697939365637, 0.00163143244572, 0.00758138718084, 0.00959071610123, 0.0753844231367, 0.190846279263, 0.147569999099, 0.105205349624, 0.161833226681, 0.245176076889, 0.255827724934, 0.213037908077, 0.0911904349923, 0.0562707185745, 0.0448073707521, 0.142419144511, 0.186405524611, 0.186361089349, 0.183774843812, 0.175201177597, 0.117944329977, 0.0520421639085, 0.0651233643293, 0.128189176321, 0.0692606940866, 0.0587429851294, 0.0474074557424, 0.0305567141622, 0.0207719653845, 0.0193636417389, 0.0079351849854, 0.00974270422012, 0.00212413142435, 0.000616933684796, 0.000194875581656, 3.2923737308e-05, 2.42745318246e-06, 7.40728410165e-07],
        "stdev": [0.513430297375, 1.52256071568, 2.20203328133, 3.72557592392, 9.26612758636, 8.62452316284, 13.7672395706, 23.1334953308, 29.5911178589, 66.7388381958, 96.1508483887, 63.3110542297, 138.702301025, 225.223999023, 88.2835693359, 113.902297974, 141.780761719, 106.400901794, 63.6769294739, 99.8103790283, 82.6347503662, 52.8507843018, 31.2473011017, 23.6213760376, 19.9856834412, 18.9064502716, 8.68891048431, 5.02547693253, 5.08897972107, 3.00834822655, 3.83894181252, 3.219373703, 2.79780578613, 1.51900660992, 1.04156124592, 0.880467474461, 0.388350099325, 0.111234351993, 0.0166074596345, 0.000493861036375]
    },
    "gfcc": {
        "mean": [38.2095527649, 64.7888793945, -95.5724258423, 10.0717554092, -47.5286865234, 10.946600914, -34.5780029297, 15.2055244446, -22.8803272247, 4.26789903641, -14.1194992065, 4.00252056122, -8.58795166016],
        "cov": [[2425.93505859, -400.637817383, 36.2373390198, -133.565750122, 179.094772339, 83.4989471436, 296.718933105, 63.1241531372, -12.0829772949, 56.1063957214, -28.4228572845, -63.178237915, -71.5198059082], [-400.637817383, 618.190246582, -79.029876709, 156.764648438, 40.3348312378, 13.5397548676, -10.1889429092, 20.668844223, -24.1671848297, -57.6029853821, 40.4741668701, -72.9050827026, 11.0755748749], [36.2373390198, -79.029876709, 575.881591797, 126.601966858, 65.3196792603, -41.1931190491, -35.3676948547, -21.283624649, 34.0569572449, -8.96563243866, -50.3256034851, 47.8966789246, -65.1895980835], [-133.565750122, 156.764648438, 126.601966858, 300.560882568, 51.1447486877, 4.9857339859, -72.7186126709, 15.8166074753, 26.9282951355, -53.7792358398, -8.85710048676, 8.76288700104, 6.00680160522], [179.094772339, 40.3348312378, 65.3196792603, 51.1447486877, 168.024414062, 28.873872757, 36.367275238, 11.2038002014, 9.74961662292, -8.09034633636, -1.21596240997, -0.686578094959, 7.23683786392], [83.4989471436, 13.5397548676, -41.1931190491, 4.9857339859, 28.873872757, 184.910934448, 80.4520111084, -23.6203765869, -50.1226501465, 23.0439777374, 21.3789634705, -33.064037323, 10.2418251038], [296.718933105, -10.1889429092, -35.3676948547, -72.7186126709, 36.367275238, 80.4520111084, 170.073776245, 23.7821540833, -28.5962715149, 37.5064086914, 24.2322292328, -33.053478241, -13.2241697311], [63.1241531372, 20.668844223, -21.283624649, 15.8166074753, 11.2038002014, -23.6203765869, 23.7821540833, 116.065063477, 58.9113349915, -11.207365036, 3.76407575607, 1.83997929096, 1.49032747746], [-12.0829772949, -24.1671848297, 34.0569572449, 26.9282951355, 9.74961662292, -50.1226501465, -28.5962715149, 58.9113349915, 118.33719635, 3.0574388504, -12.7989206314, 31.1972789764, 2.42381882668], [56.1063957214, -57.6029853821, -8.96563243866, -53.7792358398, -8.09034633636, 23.0439777374, 37.5064086914, -11.207365036, 3.0574388504, 101.297065735, 24.8231525421, 2.68926715851, -7.18400716782], [-28.4228572845, 40.4741668701, -50.3256034851, -8.85710048676, -1.21596240997, 21.3789634705, 24.2322292328, 3.76407575607, -12.7989206314, 24.8231525421, 94.8960723877, 10.0326414108, 8.81999015808], [-63.178237915, -72.9050827026, 47.8966789246, 8.76288700104, -0.686578094959, -33.064037323, -33.053478241, 1.83997929096, 31.1972789764, 2.68926715851, 10.0326414108, 91.6710891724, 22.3207511902], [-71.5198059082, 11.0755748749, -65.1895980835, 6.00680160522, 7.23683786392, 10.2418251038, -13.2241697311, 1.49032747746, 2.42381882668, -7.18400716782, 8.81999015808, 22.3207511902, 71.9669723511]],
        "icov": [[0.000706877675839, 0.000611311756074, 0.00012707420683, -0.000223567316425, -0.000688144646119, 0.000323414249578, -0.00116931903176, -8.86116249603e-05, 3.4680513636e-05, 0.000133221008582, 9.82495839708e-05, 0.000496501161251, 0.000398412666982], [0.000611311756074, 0.00301415077411, 0.000454987311969, -0.00157906126697, -0.000933082250413, 0.000866215734277, -0.00111641548574, -9.75150542217e-05, 0.000237110070884, 0.000969300337601, -0.00142367684748, 0.00271319365129, -0.000123242207337], [0.00012707420683, 0.000454987311969, 0.00285317911766, -0.00138578319456, -0.00108183070552, 0.000469976948807, -0.000563667097595, 0.000888099602889, -0.000153055472765, -0.000192773077288, 0.0011494543869, -0.00178530928679, 0.00307510769926], [-0.000223567316425, -0.00157906126697, -0.00138578319456, 0.00605058204383, -0.000870617863256, -0.00218522339128, 0.00350545509718, -0.00128355703782, -0.000623316562269, 0.00138319563121, -0.0002909982868, -0.000486791308504, -0.00032449720311], [-0.000688144646119, -0.000933082250413, -0.00108183070552, -0.000870617863256, 0.00821992009878, -0.000754336069804, -0.00154622492846, 0.000556961807888, -0.00125095527619, 0.000618020945694, 0.000106014485937, -0.00040414891555, -0.00224625621922], [0.000323414249578, 0.000866215734277, 0.000469976948807, -0.00218522339128, -0.000754336069804, 0.00905898492783, -0.00486776744947, 0.00205718050711, 0.00162808410823, -0.000994635862298, -0.000690476736054, 0.00242056348361, -0.00217446312308], [-0.00116931903176, -0.00111641548574, -0.000563667097595, 0.00350545509718, -0.00154622492846, -0.00486776744947, 0.0140334377065, -0.00510260695592, 0.00275539071299, -0.00264350418001, -0.00127706001513, 0.000611858034972, 0.00134923541918], [-8.86116249603e-05, -9.75150542217e-05, 0.000888099602889, -0.00128355703782, 0.000556961807888, 0.00205718050711, -0.00510260695592, 0.0150210354477, -0.00840030517429, 0.0030611960683, -0.00140390417073, 0.00113263935782, -0.000349645270035], [3.4680513636e-05, 0.000237110070884, -0.000153055472765, -0.000623316562269, -0.00125095527619, 0.00162808410823, 0.00275539071299, -0.00840030517429, 0.0155839659274, -0.00358480913565, 0.00238648965023, -0.00346102705225, 0.000383981649065], [0.000133221008582, 0.000969300337601, -0.000192773077288, 0.00138319563121, 0.000618020945694, -0.000994635862298, -0.00264350418001, 0.0030611960683, -0.00358480913565, 0.01375849545, -0.00378707819618, 0.000438689399743, 0.00104563531931], [9.82495839708e-05, -0.00142367684748, 0.0011494543869, -0.0002909982868, 0.000106014485937, -0.000690476736054, -0.00127706001513, -0.00140390417073, 0.00238648965023, -0.00378707819618, 0.0140537768602, -0.00468779541552, 0.000537387502845], [0.000496501161251, 0.00271319365129, -0.00178530928679, -0.000486791308504, -0.00040414891555, 0.00242056348361, 0.000611858034972, 0.00113263935782, -0.00346102705225, 0.000438689399743, -0.00468779541552, 0.0187916699797, -0.00680896220729], [0.000398412666982, -0.000123242207337, 0.00307510769926, -0.00032449720311, -0.00224625621922, -0.00217446312308, 0.00134923541918, -0.000349645270035, 0.000383981649065, 0.00104563531931, 0.000537387502845, -0.00680896220729, 0.0200506709516]]
    },
    "melbands": {
        "max": [0.0288004279137, 0.0120204901323, 0.00754962163046, 0.00829324778169, 0.00390018196777, 0.00727715529501, 0.00584780890495, 0.00867294706404, 0.00633940147236, 0.00603216793388, 0.00742349261418, 0.012209687382, 0.00696344766766, 0.00975590012968, 0.00248827971518, 0.00424039084464, 0.0036765744444, 0.00106347026303, 0.00177164527122, 0.00171599793248, 0.00142668758053, 0.000939362624194, 0.000353828276275, 0.000467203150038, 0.000393647089368, 0.000146072299685, 0.000113650843559, 0.000141551397974, 5.41309600521e-05, 4.80200615129e-05, 2.79399573628e-05, 2.53812795563e-05, 4.33942259406e-05, 1.12372827061e-05, 1.65421552083e-05, 2.18730510824e-05, 3.23659223795e-05, 2.73839741567e-05, 1.54797617142e-05, 9.04299668036e-06],
        "mean": [0.00202335533686, 0.000903913751245, 0.000644531392027, 0.000567570154089, 0.000376307521947, 0.000325237866491, 0.000297431455692, 0.00037343672011, 0.000370499532437, 0.000203755218536, 0.000320844526868, 0.000394501665141, 0.000167395017343, 0.000118509349704, 8.75350815477e-05, 0.000100882913102, 6.14013697486e-05, 4.8666872317e-05, 5.44974245713e-05, 4.1215953388e-05, 4.19708048867e-05, 2.70536966127e-05, 1.45433841681e-05, 1.55460329552e-05, 1.21915654745e-05, 1.07914393084e-05, 8.11581230664e-06, 9.28580266191e-06, 4.86920180265e-06, 2.74880994766e-06, 1.88609169527e-06, 1.90201990335e-06, 1.61248510722e-06, 1.34763251936e-06, 1.82587268682e-06, 1.88635635823e-06, 1.54890540216e-06, 1.65263452345e-06, 1.33289438509e-06, 1.13055011752e-06],
        "min": [1.23423319565e-07, 3.16598260497e-07, 4.49893860832e-07, 4.16317675445e-07, 2.41832435677e-06, 2.02448541131e-06, 1.89579498056e-06, 1.08406925392e-06, 1.37293511671e-06, 7.44774467876e-07, 1.10194287117e-06, 6.61280466829e-07, 2.32582223703e-07, 2.26290381988e-07, 6.40459774104e-08, 1.20765164979e-07, 2.09264868545e-07, 2.13198518395e-07, 1.71151057771e-07, 1.89813860629e-07, 1.98682343466e-07, 1.93546881633e-07, 9.82028396379e-08, 5.09211446342e-08, 3.92576993136e-08, 4.80673918446e-08, 6.02163865437e-08, 6.49281446385e-08, 2.83874790341e-08, 3.72103770019e-08, 2.7675978842e-08, 2.62830983644e-08, 1.44679086489e-08, 1.5423063715e-08, 1.11505524814e-08, 1.58686752627e-08, 9.6249461734e-09, 5.60374635583e-09, 5.59885116047e-09, 3.63494478961e-09],
        "stdev": [0.00351595738903, 0.0011939877877, 0.000692321802489, 0.000692410394549, 0.000415315502323, 0.000487180426717, 0.000472875166452, 0.000696818286087, 0.000769595208112, 0.000457605405245, 0.000697733776178, 0.000926705310121, 0.000409629923524, 0.000425909296609, 0.000211134291021, 0.000310937204631, 0.000200956128538, 9.50131870923e-05, 0.00015093118418, 0.000107242820377, 0.000111032357381, 6.34374300716e-05, 3.03752822219e-05, 3.1415362173e-05, 2.12543291127e-05, 1.55779125635e-05, 1.19289898066e-05, 1.48698663907e-05, 6.57589407638e-06, 4.24424206358e-06, 2.70905366051e-06, 2.83534336631e-06, 2.6982829695e-06, 1.5468899619e-06, 2.08943356483e-06, 2.22870357902e-06, 2.17469118979e-06, 2.25098619921e-06, 1.57152283009e-06, 1.29930594994e-06]
    },
    "melbands128": {
        "max": [0.0159208346158, 0.0452411621809, 0.0306455139071, 0.0165747832507, 0.0133393947035, 0.0103894546628, 0.0103559559211, 0.00820217747241, 0.0147540299222, 0.0122088715434, 0.00415243394673, 0.00374284991995, 0.00527858547866, 0.00967548973858, 0.0115474946797, 0.00891609210521, 0.00636469712481, 0.00802213791758, 0.015514338389, 0.0149154774845, 0.00941626168787, 0.0106071820483, 0.012332264334, 0.0102244736627, 0.00709397345781, 0.0138275288045, 0.0183582417667, 0.0144413523376, 0.00765948649496, 0.0118516562507, 0.0236736685038, 0.0199799183756, 0.00786239933223, 0.00169972551521, 0.0166660454124, 0.0128709366545, 0.00802246294916, 0.00318987783976, 0.00425106706098, 0.0118945594877, 0.007166844327, 0.00568911153823, 0.00748545210809, 0.0042778304778, 0.00258399592713, 0.00177604751661, 0.00261670374312, 0.00285220821388, 0.00481516169384, 0.00331022730097, 0.00216156966053, 0.00274092075415, 0.0028535190504, 0.00190504384227, 0.00124490400776, 0.00138214533217, 0.00217736908235, 0.00050085404655, 0.000816263607703, 0.000985351274721, 0.000868591829203, 0.000614498450886, 0.000374381110305, 0.000999487005174, 0.000348109548213, 0.000241895744693, 0.000439621944679, 0.00029567576712, 0.000101834426459, 0.000245741510298, 0.000320864375681, 0.000255121994996, 0.000108614032797, 9.04195840121e-05, 0.000108876949525, 9.52030095505e-05, 6.70920635457e-05, 4.65431476186e-05, 2.93163921015e-05, 3.49980509782e-05, 2.47562929871e-05, 3.89679735235e-05, 9.35811331146e-05, 5.95307792537e-05, 1.61530715559e-05, 1.64276989381e-05, 1.77144574991e-05, 1.2987718037e-05, 2.41880297835e-05, 4.0178434574e-05, 2.74831672868e-05, 2.81281027128e-05, 5.05475436512e-05, 2.54322039837e-05, 4.66078163299e-05, 6.81552555761e-05, 3.29264075845e-05, 3.89454617107e-05, 2.27625605476e-05, 1.25644346554e-05, 1.54987374117e-05, 1.18212574307e-05, 1.14415024655e-05, 1.46929278344e-05, 9.88939245872e-06, 9.84124199022e-06, 1.22636383821e-05, 2.29713059525e-05, 1.16033597806e-05, 2.31503217947e-05, 1.29203308461e-05, 1.24754824355e-05, 1.26762852233e-05, 2.09276386158e-05, 1.15268640002e-05, 7.31396585252e-06, 7.41373150959e-06, 1.11151184683e-05, 6.81078608977e-06, 7.3900314419e-06, 7.09066898708e-06, 5.7774641391e-06, 4.34897492596e-06, 2.32231101904e-07, 2.1005201134e-08, 2.05089740746e-08, 2.00435650299e-08, 1.97563156945e-08],
        "mean": [0.000899062259123, 0.00254059233703, 0.00237742252648, 0.00129464117344, 0.000728474347852, 0.000659458106384, 0.000688161468133, 0.000572057731915, 0.00067102938192, 0.000714399851859, 0.000376885960577, 0.000330997107085, 0.000401546363719, 0.000402331352234, 0.000311656884151, 0.000307514332235, 0.000263685069513, 0.000285777496174, 0.000335160118993, 0.000404717109632, 0.000327498652041, 0.000463886623038, 0.000458911148598, 0.0001686115138, 0.000143058743561, 0.000188508682186, 0.000393317168346, 0.00032702475437, 0.000239819375565, 0.000467563135317, 0.000443376105977, 0.00026889986475, 0.000178844027687, 4.7297369747e-05, 0.000118641917652, 0.00015176787565, 0.000108636231744, 5.12334408995e-05, 9.69407774392e-05, 0.000133810201078, 8.6380787252e-05, 8.26142277219e-05, 7.23785415175e-05, 4.49140934506e-05, 3.49734764313e-05, 4.8852256441e-05, 6.9572510256e-05, 4.42784003098e-05, 5.37722480658e-05, 6.20702994638e-05, 3.22416854033e-05, 2.61995282926e-05, 5.1413604524e-05, 4.19802126999e-05, 3.86683313991e-05, 2.51790061156e-05, 1.88620379049e-05, 1.50021096488e-05, 1.37594279295e-05, 1.17892059279e-05, 1.80578608706e-05, 1.62170435942e-05, 1.1620544683e-05, 1.26982649817e-05, 9.98583709588e-06, 1.03116808532e-05, 1.1987115613e-05, 9.28756253415e-06, 5.8342061493e-06, 8.43349243951e-06, 1.04349073808e-05, 1.02602380139e-05, 5.15828060088e-06, 4.34512958236e-06, 3.52259394276e-06, 2.81966708826e-06, 2.33263153859e-06, 2.4294463401e-06, 1.59927003551e-06, 1.68965232206e-06, 1.70778548636e-06, 2.09563791032e-06, 2.13568296203e-06, 1.44461364471e-06, 1.34180766054e-06, 1.29179170472e-06, 1.39798783039e-06, 1.35533639423e-06, 1.44531088608e-06, 2.73600949185e-06, 2.1558039407e-06, 1.60215518008e-06, 1.42925841828e-06, 1.50604228111e-06, 1.65139317687e-06, 1.69100360381e-06, 1.68625808783e-06, 1.53583948759e-06, 1.42659985158e-06, 1.16342630463e-06, 1.08476888272e-06, 1.24298514947e-06, 1.04505079435e-06, 8.74222052971e-07, 8.06428147371e-07, 7.76053866502e-07, 1.19078322314e-06, 2.04655498237e-06, 7.84413828114e-07, 1.04774801457e-06, 8.03519753845e-07, 7.45600004848e-07, 7.67404912949e-07, 7.38506798825e-07, 8.6129432475e-07, 6.53284644159e-07, 5.99009581492e-07, 6.20428465936e-07, 5.42131090242e-07, 3.51816652255e-07, 2.32402243228e-07, 2.70781015388e-07, 1.07683895578e-07, 3.08892778023e-09, 2.14673452625e-11, 2.08777283656e-11, 2.04228144812e-11, 2.01738018651e-11],
        "min": [2.35538344384e-09, 4.61869795743e-08, 1.17077782136e-07, 8.71019381066e-08, 2.17119179524e-07, 2.15677090409e-07, 1.1377409237e-07, 1.16518066307e-07, 3.20402591569e-07, 9.12273492304e-08, 2.29553279496e-07, 7.4796730587e-07, 3.70714701603e-07, 5.1608327567e-07, 1.40889642353e-06, 5.88980128668e-07, 5.06682511059e-07, 3.59461409971e-07, 1.6586603806e-06, 2.27642743766e-07, 2.46615428523e-07, 2.32465097838e-07, 5.74060891267e-07, 2.56110013197e-07, 1.6927957347e-07, 3.20370816098e-07, 4.33187949511e-07, 6.45351292405e-07, 2.77777701285e-07, 2.70898254939e-07, 2.31561841701e-07, 7.36412673064e-08, 1.70177486325e-07, 8.40719707185e-08, 1.44206126151e-07, 1.2336322186e-07, 8.72552092801e-08, 2.62355932534e-08, 7.21405228887e-08, 3.57823992658e-08, 1.15622583508e-07, 8.71445493544e-08, 6.60320509382e-08, 4.69393022229e-08, 7.47981516724e-08, 1.02793904944e-07, 8.5859319654e-08, 1.090522872e-07, 1.14553280639e-07, 8.40808880298e-08, 7.4067280309e-08, 1.08358101159e-07, 1.40632067769e-07, 1.0223354252e-07, 8.06151945199e-08, 5.86643160716e-08, 8.14867675558e-08, 4.22904591346e-08, 6.80666829567e-08, 5.05264736717e-08, 2.7580535189e-08, 1.7982392464e-08, 8.09164735216e-09, 4.1276994267e-08, 6.91783270668e-08, 5.39502202912e-08, 2.74856404303e-08, 2.71688129772e-08, 2.98632087947e-08, 3.31240883611e-08, 3.65296095595e-08, 2.30136905088e-08, 1.21773702233e-08, 1.65231934801e-08, 2.84286443275e-08, 1.63349582749e-08, 1.34065523127e-08, 1.28902053476e-08, 1.23869599022e-08, 1.12709850342e-08, 1.38214071299e-08, 1.1464131866e-08, 4.91044849227e-09, 6.58265442155e-09, 6.91334767211e-09, 8.78905836998e-09, 1.47611585177e-08, 1.91304732056e-08, 9.9461718861e-09, 5.76284930887e-09, 9.3325427386e-09, 1.93925284719e-08, 1.19814957955e-08, 9.35388388967e-09, 6.03725025528e-09, 8.70266347874e-09, 4.02505051511e-09, 3.61492746848e-09, 4.03946920358e-09, 6.07236572137e-09, 5.26721422034e-09, 3.47660944477e-09, 9.48301881465e-10, 2.09038875099e-09, 1.81212678196e-09, 2.76365663687e-09, 2.07209849279e-09, 9.32073307425e-10, 3.40124955978e-10, 5.36005628771e-10, 4.93387497524e-10, 4.40650294031e-10, 2.69965910737e-10, 4.75561423574e-10, 3.5438821322e-10, 3.05088759811e-10, 6.5285103712e-11, 3.24880248571e-12, 2.47635652218e-13, 2.63113424277e-13, 2.08527246577e-13, 2.06585725089e-13, 1.74203980776e-13, 1.12553690597e-13, 8.95129307591e-14, 4.09370989527e-14, 4.65603465545e-15, 2.53022055644e-16],
        "stdev": [0.00177666789386, 0.00514042424038, 0.00416712556034, 0.00213199993595, 0.00119682494551, 0.0010397589067, 0.000842545123305, 0.000673949311022, 0.00114192534238, 0.00100501219276, 0.000466809433419, 0.000448496401077, 0.0005802733358, 0.000719650473911, 0.000673574977554, 0.000639768433757, 0.000584015040658, 0.000584800378419, 0.000893094344065, 0.00111166993156, 0.00080142862862, 0.00100211205427, 0.00123404001351, 0.000610073737334, 0.000482958974317, 0.000671156856697, 0.00124485976994, 0.000993523048237, 0.000624704873189, 0.00125278683845, 0.00143113569357, 0.00100256630685, 0.0005143089802, 0.000124726109789, 0.000694006390404, 0.000590893789195, 0.00041349849198, 0.000188673991943, 0.000340430415235, 0.000637930294033, 0.000399875716539, 0.000317870872095, 0.000353112758603, 0.000189414262422, 0.000108401574835, 0.000135831505759, 0.000197023444343, 0.000199137881282, 0.000269819778623, 0.000211589591345, 0.000131977169076, 0.000121129916806, 0.000206566866837, 0.00013789194054, 0.000100255063444, 9.11429015105e-05, 0.000102006917587, 3.34732758347e-05, 4.28549137723e-05, 4.18765448558e-05, 5.14920029673e-05, 3.6809786252e-05, 2.48091473622e-05, 4.14096757595e-05, 2.11386995943e-05, 2.19706325879e-05, 2.68453404715e-05, 2.2558724595e-05, 1.04174869193e-05, 1.70978491951e-05, 2.30932910199e-05, 2.46779891313e-05, 1.02967478597e-05, 6.85533223077e-06, 7.75829994382e-06, 6.45038335279e-06, 4.01880697609e-06, 4.23986057285e-06, 2.66721167463e-06, 2.83376175503e-06, 2.4878070235e-06, 3.79192533728e-06, 4.95636504638e-06, 2.93648463412e-06, 1.8270924329e-06, 1.7758264903e-06, 1.74115029949e-06, 1.59510909725e-06, 1.82425981166e-06, 4.06218077842e-06, 2.92014237857e-06, 2.17044612327e-06, 2.58221234617e-06, 2.19514504352e-06, 2.87444299829e-06, 2.94123856293e-06, 2.53175403486e-06, 2.26314341489e-06, 1.98748966795e-06, 1.37980771342e-06, 1.50532764565e-06, 1.54720873979e-06, 1.38320444876e-06, 1.31224169309e-06, 1.19914932384e-06, 1.01007162812e-06, 1.67004372997e-06, 3.13825535159e-06, 1.24035909721e-06, 1.80415713658e-06, 1.31188198793e-06, 1.26278007428e-06, 1.24657708511e-06, 1.50805669819e-06, 1.50079995365e-06, 9.24098003452e-07, 8.56520046e-07, 8.99457631931e-07, 7.59998954436e-07, 6.70350971177e-07, 4.24881193339e-07, 5.34671755759e-07, 2.26408261028e-07, 1.01322346069e-08, 5.6399040993e-10, 5.50801071419e-10, 5.38452282761e-10, 5.30826271827e-10]
    },
    "mfcc": {
        "mean": [-620.235351562, 115.642799377, 5.9420170784, 10.0922641754, 8.33959674835, -3.16252350807, 3.86900377274, 4.18628168106, 0.563781797886, 5.78850126266, -4.49993085861, 0.174618139863, 1.73978710175],
        "cov": [[2261.25048828, -230.720687866, -219.277450562, -72.0375976562, -109.540100098, 66.3801956177, 202.524993896, 55.2687988281, 71.2074127197, 151.878311157, 39.1282653809, -6.53454017639, 27.0725917816], [-230.720687866, 386.845458984, -26.2825336456, 52.7268600464, 25.8517971039, -16.2710399628, 53.1370048523, 6.23275661469, -17.4682369232, 32.5900878906, -9.31854724884, 10.7497882843, -4.47520399094], [-219.277450562, -26.2825336456, 391.099639893, 128.798934937, 85.5698776245, 35.8088531494, -50.6512794495, 18.8255252838, 3.10075187683, -72.3690567017, 38.8625946045, 26.7630386353, -18.2613124847], [-72.0375976562, 52.7268600464, 128.798934937, 247.048553467, 129.750396729, -27.5481548309, -64.7481689453, 41.711151123, 23.205827713, -41.0534553528, 0.326834619045, 37.3508262634, -13.8174791336], [-109.540100098, 25.8517971039, 85.5698776245, 129.750396729, 186.641860962, -0.656485319138, -44.7766227722, 41.5804519653, 19.8063964844, -27.6741294861, -20.4896354675, 7.09647035599, -0.148699864745], [66.3801956177, -16.2710399628, 35.8088531494, -27.5481548309, -0.656485319138, 172.437240601, 81.0987701416, -22.7637691498, -4.38414049149, 4.08089208603, -3.41254091263, -21.2971343994, 8.26766300201], [202.524993896, 53.1370048523, -50.6512794495, -64.7481689453, -44.7766227722, 81.0987701416, 222.624267578, -4.41980361938, -27.5063056946, 55.9537124634, 0.598030507565, -7.92278671265, 7.86069631577], [55.2687988281, 6.23275661469, 18.8255252838, 41.711151123, 41.5804519653, -22.7637691498, -4.41980361938, 101.115913391, 31.0039348602, 4.16070079803, 5.08952999115, 4.62642908096, 5.9361243248], [71.2074127197, -17.4682369232, 3.10075187683, 23.205827713, 19.8063964844, -4.38414049149, -27.5063056946, 31.0039348602, 85.7230224609, 26.7101535797, -1.78925287724, -5.31262779236, 4.68023490906], [151.878311157, 32.5900878906, -72.3690567017, -41.0534553528, -27.6741294861, 4.08089208603, 55.9537124634, 4.16070079803, 26.7101535797, 106.882232666, 18.4244689941, -14.8542146683, 4.20750045776], [39.1282653809, -9.31854724884, 38.8625946045, 0.326834619045, -20.4896354675, -3.41254091263, 0.598030507565, 5.08952999115, -1.78925287724, 18.4244689941, 82.5574493408, 28.59233284, -7.4397892952], [-6.53454017639, 10.7497882843, 26.7630386353, 37.3508262634, 7.09647035599, -21.2971343994, -7.92278671265, 4.62642908096, -5.31262779236, -14.8542146683, 28.59233284, 86.2402572632, 22.4963645935], [27.0725917816, -4.47520399094, -18.2613124847, -13.8174791336, -0.148699864745, 8.26766300201, 7.86069631577, 5.9361243248, 4.68023490906, 4.20750045776, -7.4397892952, 22.4963645935, 71.2479019165]],
        "icov": [[0.000644821324386, 0.00055244989926, 0.00035365918302, -0.000439269671915, 0.000317180005368, -0.000114305243187, -0.000576987920795, -0.000320981635014, -0.000311289710226, -0.000509723206051, -0.00018608677783, -6.18881458649e-05, -4.98748813698e-05], [0.00055244989926, 0.00354593503289, 0.000452358828625, -0.00143107655458, 9.92018613033e-05, 0.000358622550266, -0.00123612256721, -0.000240277819103, 0.000863406748977, -0.00183416332584, 0.000603155291174, -0.000462893221993, 0.000226943826419], [0.00035365918302, 0.000452358828625, 0.00428157206625, -0.00166184164118, -0.000615496304817, -0.00124365999363, -0.000281672750134, -0.000154620327521, -0.000659688550513, 0.00236916588619, -0.00294891791418, 0.000342957908288, 0.000343333842466], [-0.000439269671915, -0.00143107655458, -0.00166184164118, 0.00889904610813, -0.00452976394445, 0.000595846853685, 0.00114008807577, -0.00066920532845, -0.00128886033781, 0.00122961658053, 0.000769029313233, -0.0032691876404, 0.00235288823023], [0.000317180005368, 9.92018613033e-05, -0.000615496304817, -0.00452976394445, 0.00990365073085, -0.00130293739494, 0.000933186383918, -0.0026994580403, 0.000317386962706, -0.000878153019585, 0.002739880234, 0.000391258479794, -0.000663138984237], [-0.000114305243187, 0.000358622550266, -0.00124365999363, 0.000595846853685, -0.00130293739494, 0.00886569265276, -0.00406369939446, 0.00291661988012, -0.00188421469647, 0.00192573515233, -0.00109916075598, 0.00294235255569, -0.00199717120267], [-0.000576987920795, -0.00123612256721, -0.000281672750134, 0.00114008807577, 0.000933186383918, -0.00406369939446, 0.00875343661755, -0.00216810125858, 0.00436198385432, -0.00441777473316, 0.00219699041918, -0.00187886145432, 0.000775904103648], [-0.000320981635014, -0.000240277819103, -0.000154620327521, -0.00066920532845, -0.0026994580403, 0.00291661988012, -0.00216810125858, 0.0136346984655, -0.004890892189, 0.00191842578351, -0.00246472354047, 0.00169392349198, -0.00188764440827], [-0.000311289710226, 0.000863406748977, -0.000659688550513, -0.00128886033781, 0.000317386962706, -0.00188421469647, 0.00436198385432, -0.004890892189, 0.0179475042969, -0.00773572549224, 0.00302046607248, -0.000318622740451, -0.000407103390899], [-0.000509723206051, -0.00183416332584, 0.00236916588619, 0.00122961658053, -0.000878153019585, 0.00192573515233, -0.00441777473316, 0.00191842578351, -0.00773572549224, 0.0185653548688, -0.00737164914608, 0.00459112180397, -0.00178115256131], [-0.00018608677783, 0.000603155291174, -0.00294891791418, 0.000769029313233, 0.002739880234, -0.00109916075598, 0.00219699041918, -0.00246472354047, 0.00302046607248, -0.00737164914608, 0.019442781806, -0.00837629009038, 0.0045100832358], [-6.18881458649e-05, -0.000462893221993, 0.000342957908288, -0.0032691876404, 0.000391258479794, 0.00294235255569, -0.00187886145432, 0.00169392349198, -0.000318622740451, 0.00459112180397, -0.00837629009038, 0.0190120320767, -0.00795398745686], [-4.98748813698e-05, 0.000226943826419, 0.000343333842466, 0.00235288823023, -0.000663138984237, -0.00199717120267, 0.000775904103648, -0.00188764440827, -0.000407103390899, -0.00178115256131, 0.0045100832358, -0.00795398745686, 0.0180293787271]]
    },
    "spectral_contrast_coeffs": {
        "max": [-0.476279765368, -0.498857229948, -0.446433842182, -0.532447338104, -0.608885526657, -0.718732178211],
        "mean": [-0.735817968845, -0.734726071358, -0.72864228487, -0.769756376743, -0.775701582432, -0.810274958611],
        "min": [-0.889984548092, -0.91598713398, -0.916752815247, -0.896819591522, -0.883459985256, -0.909809231758],
        "stdev": [0.0659065172076, 0.0697465389967, 0.0806644409895, 0.0621259957552, 0.0470749996603, 0.0233886912465]
    },
    "spectral_contrast_valleys": {
        "max": [-5.08531570435, -5.14956617355, -5.84362649918, -6.16862344742, -6.04028272629, -8.36374950409],
        "mean": [-6.49327993393, -6.57939004898, -7.16138648987, -7.50354528427, -7.54408979416, -9.63765525818],
        "min": [-9.66220188141, -8.24534320831, -9.48561859131, -9.28001117706, -9.53738975525, -11.594127655],
        "stdev": [0.716223061085, 0.495807230473, 0.512544631958, 0.480754971504, 0.5220464468, 0.579639256001]
    }
},
"rhythm": {
    "beats_count": 52,
    "beats_loudness": {
        "max": 0.104417927563,
        "mean": 0.0532474890351,
        "min": 0.00242895958945,
        "stdev": 0.0221336595714
    },
    "bpm": 98.7289352417,
    "bpm_histogram_first_peak_bpm": 99,
    "bpm_histogram_first_peak_weight": 0.0833332538605,
    "bpm_histogram_second_peak_bpm": 91,
    "bpm_histogram_second_peak_spread": 0,
    "bpm_histogram_second_peak_weight": 0.0588235333562,
    "danceability": 1.54434967041,
    "onset_rate": 4.33740186691,
    "beats_loudness_band_ratio": {
        "max": [0.903917729855, 0.365533977747, 0.643785953522, 0.686766862869, 0.380353599787, 0.177491649985],
        "mean": [0.468365967274, 0.0986338332295, 0.153121635318, 0.186395943165, 0.0761110261083, 0.0456851683557],
        "min": [0.0295564327389, 0.00897362735122, 0.0147784827277, 0.00583272147924, 0.00946888700128, 0.00870563462377],
        "stdev": [0.207696691155, 0.0725911036134, 0.143005818129, 0.191495865583, 0.0727595537901, 0.0353409983218]
    },
    "beats_position": [0.638548731804, 1.30031740665, 1.92725622654, 2.55419492722, 3.20435357094, 3.86612248421, 4.48145103455, 5.0967798233, 5.71210861206, 6.31582736969, 6.91954612732, 7.52326536179, 8.12698364258, 8.73070240021, 9.34603118896, 9.94974994659, 10.5650787354, 11.1687984467, 11.7957363129, 12.4110651016, 13.0263938904, 13.6301136017, 14.2338323593, 14.8375511169, 15.4412698746, 16.0449886322, 16.6487064362, 17.2292060852, 17.8329238892, 18.4366436005, 19.0403633118, 19.6440811157, 20.247800827, 20.851518631, 21.4668483734, 22.0821762085, 22.6858959198, 23.2896137238, 23.8933334351, 24.497051239, 25.1007709503, 25.7044887543, 26.3198184967, 26.9235363007, 27.5388660431, 28.142583847, 28.7463035583, 29.3500213623, 29.9537410736, 30.5574588776, 31.17278862, 31.7881164551],
