{
"metadata": {
    "version": {
        "essentia": "2.1-beta5",
        "essentia_git_sha": "Undefined",
        "extractor": "music 2.0"
    },
    "audio_properties": {
        "analysis": {
            "equal_loudness": 0,
            "length": 32.4963264465,
            "sample_rate": 44100,
            "start_time": 77.7520217896,
            "downmix": "mix"
        },
        "bit_rate": 192000,
        "length": 194.501953125,
        "lossless": 0,
        "number_channels": 2,
        "replay_gain": -0.695476531982,
        "sample_rate": 48000,
        "codec": "mp3",
        "md5_encoded": "df1e75a0fb66cca5f93b263c1cce20ae"
    },
    "tags": {
        "file_name": "Switzerland_The Last of Our Kind_Rykka.mp3",
        "encoding": ["Lavf58.29.100"]
    }
},
"lowlevel": {
    "average_loudness": 0.84765958786,
    "barkbands_crest": {
        "max": 26.0538978577,
        "mean": 13.2570877075,
        "min": 2.3804268837,
        "stdev": 5.56782054901
    },
    "barkbands_flatness_db": {
        "max": 0.387365847826,
        "mean": 0.175785556436,
        "min": 0.0502569265664,
        "stdev": 0.0602616816759
    },
    "barkbands_kurtosis": {
        "max": 171.870254517,
        "mean": 7.25597572327,
        "min": -1.86016666889,
        "stdev": 13.676440239
    },
    "barkbands_skewness": {
        "max": 12.3148117065,
        "mean": 1.84296131134,
        "min": -4.00444793701,
        "stdev": 1.66699242592
    },
    "barkbands_spread": {
        "max": 105.934738159,
        "mean": 19.8404693604,
        "min": 0.709766924381,
        "stdev": 14.7440357208
    },
    "dissonance": {
        "max": 0.499842435122,
        "mean": 0.4516287148,
        "min": 0.272850036621,
        "stdev": 0.0363139770925
    },
    "dynamic_complexity": 3.23962211609,
    "erbbands_crest": {
        "max": 29.961397171,
        "mean": 10.4354162216,
        "min": 2.35948991776,
        "stdev": 5.26490592957
    },
    "erbbands_flatness_db": {
        "max": 0.356082737446,
        "mean": 0.166292771697,
        "min": 0.0622526817024,
        "stdev": 0.0457293838263
    },
    "erbbands_kurtosis": {
        "max": 18.8585319519,
        "mean": 1.60963714123,
        "min": -1.77906179428,
        "stdev": 2.69204044342
    },
    "erbbands_skewness": {
        "max": 3.58597517014,
        "mean": 0.562390506268,
        "min": -3.37546467781,
        "stdev": 0.891390562057
    },
    "erbbands_spread": {
        "max": 147.225067139,
        "mean": 33.685508728,
        "min": 5.71076107025,
        "stdev": 19.8698539734
    },
    "hfc": {
        "max": 116.072525024,
        "mean": 22.3652420044,
        "min": 0.622664451599,
        "stdev": 20.0008525848
    },
    "loudness_ebu128": {
        "integrated": -22.3002853394,
        "loudness_range": 5.6949596405,
        "momentary": {
            "max": -17.3852367401,
            "mean": -23.0814933777,
            "min": -31.6857299805,
            "stdev": 2.73939561844
        },
        "short_term": {
            "max": -19.5125732422,
            "mean": -23.0209560394,
            "min": -25.9863185883,
            "stdev": 1.89218223095
        }
    },
    "melbands_crest": {
        "max": 37.9887313843,
        "mean": 18.3636875153,
        "min": 3.1771903038,
        "stdev": 7.3042807579
    },
    "melbands_flatness_db": {
        "max": 0.490595221519,
        "mean": 0.2264444381,
        "min": 0.0191406253725,
        "stdev": 0.0801908299327
    },
    "melbands_kurtosis": {
        "max": 502.540924072,
        "mean": 18.3150539398,
        "min": -1.89198315144,
        "stdev": 32.4985237122
    },
    "melbands_skewness": {
        "max": 17.0167369843,
        "mean": 2.84339809418,
        "min": -1.11415266991,
        "stdev": 2.23247265816
    },
    "melbands_spread": {
        "max": 238.709350586,
        "mean": 22.4652462006,
        "min": 0.604056298733,
        "stdev": 25.7321376801
    },
    "pitch_salience": {
        "max": 0.813765406609,
        "mean": 0.46742272377,
        "min": 0.0722464174032,
        "stdev": 0.150045111775
    },
    "silence_rate_20dB": {
        "max": 1,
        "mean": 1,
        "min": 1,
        "stdev": 0
    },
    "silence_rate_30dB": {
        "max": 1,
        "mean": 0.957173466682,
        "min": 0,
        "stdev": 0.202465668321
    },
    "silence_rate_60dB": {
        "max": 1,
        "mean": 0.0385438986123,
        "min": 0,
        "stdev": 0.192501991987
    },
    "spectral_centroid": {
        "max": 5767.29443359,
        "mean": 1263.25256348,
        "min": 220.890350342,
        "stdev": 716.932739258
    },
    "spectral_complexity": {
        "max": 51,
        "mean": 17.0620975494,
        "min": 0,
        "stdev": 9.74827957153
    },
    "spectral_decrease": {
        "max": -6.10276482127e-11,
        "mean": -9.84427916961e-09,
        "min": -5.51920322778e-08,
        "stdev": 8.05766120493e-09
    },
    "spectral_energy": {
        "max": 0.215259477496,
        "mean": 0.0391831956804,
        "min": 0.000286810158286,
        "stdev": 0.0313263982534
    },
    "spectral_energyband_high": {
        "max": 0.0132968947291,
        "mean": 0.000871748605277,
        "min": 5.35610342922e-06,
        "stdev": 0.00149909779429
    },
    "spectral_energyband_low": {
        "max": 0.172629401088,
        "mean": 0.0206937361509,
        "min": 9.46425373627e-08,
        "stdev": 0.0243768859655
    },
    "spectral_energyband_middle_high": {
        "max": 0.098414413631,
        "mean": 0.00772599456832,
        "min": 6.43113598926e-05,
        "stdev": 0.0112316394225
    },
    "spectral_energyband_middle_low": {
        "max": 0.0841990858316,
        "mean": 0.0104850549251,
        "min": 3.43449537468e-05,
        "stdev": 0.0103893820196
    },
    "spectral_entropy": {
        "max": 8.86954307556,
        "mean": 7.53757143021,
        "min": 6.23567342758,
        "stdev": 0.472755759954
    },
    "spectral_flux": {
        "max": 0.332034021616,
        "mean": 0.085455685854,
        "min": 0.01229527127,
        "stdev": 0.0507680699229
    },
    "spectral_kurtosis": {
        "max": 21.9920864105,
        "mean": 4.52872133255,
        "min": -1.29124045372,
        "stdev": 2.89975810051
    },
    "spectral_rms": {
        "max": 0.0144916959107,
        "mean": 0.00571543769911,
        "min": 0.000528975215275,
        "stdev": 0.00235822983086
    },
    "spectral_rolloff": {
        "max": 11950.9277344,
        "mean": 1392.89245605,
        "min": 43.06640625,
        "stdev": 1977.77954102
    },
    "spectral_skewness": {
        "max": 3.93236160278,
        "mean": 1.72031593323,
        "min": -0.234869882464,
        "stdev": 0.536589980125
    },
    "spectral_spread": {
        "max": 19330604,
        "mean": 5119392.5,
        "min": 2119681.25,
        "stdev": 2113251
    },
    "spectral_strongpeak": {
        "max": 9.30230998993,
        "mean": 1.0183275938,
        "min": 0,
        "stdev": 1.44458580017
    },
    "zerocrossingrate": {
        "max": 0.39697265625,
        "mean": 0.0564698502421,
        "min": 0.00244140625,
        "stdev": 0.0533286631107
    },
    "barkbands": {
        "max": [0.0351574085653, 0.148962974548, 0.0539664365351, 0.0229346863925, 0.0396036654711, 0.0311391316354, 0.051404170692, 0.0527602471411, 0.0602748915553, 0.0896677002311, 0.0159172080457, 0.0166673846543, 0.0305949058384, 0.0116871921346, 0.0167173184454, 0.0107724349946, 0.00428177416325, 0.00728878052905, 0.00387403811328, 0.00832697749138, 0.00251210224815, 0.00116637872998, 0.00278613599949, 0.00693038292229, 0.00406666751951, 0.00168166146614, 3.8894077079e-06],
        "mean": [0.00152172381058, 0.017358886078, 0.00145223771688, 0.000810378987808, 0.00248098629527, 0.00199801055714, 0.00155410822481, 0.00155430717859, 0.00166855356656, 0.00340963620692, 0.00070680497447, 0.000741023221053, 0.000739852781408, 0.000643756415229, 0.000470565981232, 0.000458016380435, 0.000231379977777, 0.000262844812823, 0.000167579186382, 0.000221425128984, 0.000116054390674, 7.60819821153e-05, 0.000121328914247, 0.000214256622712, 0.000167575344676, 3.57816097676e-05, 9.42706890328e-09],
        "min": [1.69554714713e-09, 2.95613418189e-08, 1.20672272175e-08, 4.89254858849e-08, 5.2196702427e-07, 3.05668834244e-07, 1.83478675808e-06, 1.13496878384e-06, 3.17383091897e-06, 3.65962773685e-06, 1.86247564216e-06, 2.17720094042e-06, 1.81502048235e-06, 1.59546357281e-06, 2.03574268198e-06, 2.72430884252e-06, 1.90060973182e-06, 1.01947068742e-06, 1.48781316511e-06, 1.25013616525e-06, 4.34718032238e-07, 3.28748456013e-07, 3.84084273719e-07, 4.63620153823e-07, 1.90837454284e-07, 1.54698878707e-10, 1.35900374287e-10],
        "stdev": [0.00382778653875, 0.0211326107383, 0.00369067280553, 0.00187701743562, 0.003429236589, 0.00351648242213, 0.00336238602176, 0.00381271517836, 0.00445934478194, 0.00832902640104, 0.00184757506941, 0.00140206760261, 0.00175913749263, 0.00126677064691, 0.00113512284588, 0.000829188444186, 0.00038816727465, 0.000531200203113, 0.000270724442089, 0.000523554626852, 0.000221005888307, 0.00013719459821, 0.000249745644396, 0.000546443858184, 0.000421136355726, 0.00011282023479, 1.35910127597e-07]
    },
    "erbbands": {
        "max": [8.80599498749, 29.8486232758, 53.0610313416, 61.2639846802, 67.2569503784, 161.629837036, 322.779815674, 278.38168335, 556.125305176, 1181.51513672, 862.668457031, 1909.00195312, 1864.56665039, 2089.69702148, 761.925842285, 790.659301758, 1688.33374023, 264.496002197, 931.50201416, 521.170227051, 697.942871094, 182.159744263, 478.817871094, 256.534637451, 149.51071167, 335.10736084, 168.554748535, 40.0252418518, 39.3043136597, 50.5908126831, 95.8870010376, 158.529220581, 91.094543457, 63.4521865845, 26.0864753723, 13.8094711304, 1.50878834724, 0.0544214956462, 0.00168328627478, 0.000251292687608],
        "mean": [0.749426662922, 2.89352607727, 2.11212730408, 2.37968420982, 4.21563053131, 8.8928232193, 16.735748291, 14.6282844543, 18.9647674561, 29.7204666138, 36.0008277893, 40.0786972046, 73.0055465698, 79.7854614258, 33.2237014771, 29.5435428619, 37.6403846741, 22.7492637634, 39.0550231934, 21.7000865936, 23.9459590912, 13.2803287506, 13.2976503372, 12.5943441391, 7.27980995178, 10.378405571, 7.71739912033, 3.09962058067, 2.68617010117, 2.88319182396, 3.62592959404, 4.60136508942, 3.33516836166, 2.1670665741, 1.01606357098, 0.31257879734, 0.0338310971856, 0.000991949462332, 6.45433392492e-05, 5.10522077093e-05],
        "min": [5.73733302645e-07, 7.74739055487e-06, 3.24517131958e-05, 0.000225041323574, 0.00136769423261, 0.00269243423827, 0.00317295617424, 0.0119457729161, 0.0178201012313, 0.0371316187084, 0.0562704466283, 0.0619765743613, 0.131813675165, 0.168327018619, 0.229163140059, 0.30343696475, 0.136027380824, 0.0963358879089, 0.105397894979, 0.246729850769, 0.139307036996, 0.0917341858149, 0.10721706599, 0.138468459249, 0.0807422026992, 0.0574390441179, 0.0299448799342, 0.0203245896846, 0.0163195487112, 0.0101430248469, 0.00814923364669, 0.00818508770317, 0.00490619754419, 0.00286126066931, 0.0010698804399, 0.000152942491695, 1.89067377505e-05, 1.34006290864e-06, 7.13055499091e-07, 5.02762816268e-07],
        "stdev": [1.10926389694, 3.31856656075, 4.0398478508, 5.53760957718, 6.6828250885, 13.7574510574, 35.2063827515, 26.1605968475, 39.038318634, 75.1989898682, 81.2434234619, 125.251831055, 174.753692627, 185.7006073, 72.0462188721, 54.6030235291, 92.3330383301, 33.8189506531, 84.3130493164, 34.4795188904, 44.2264862061, 19.789226532, 26.9923324585, 19.7174854279, 11.2581806183, 23.0900211334, 15.6342935562, 4.91471862793, 4.74280261993, 5.63168096542, 7.63130712509, 12.0318164825, 7.97075271606, 5.4489068985, 2.65664887428, 0.984306693077, 0.107748426497, 0.00373566127382, 0.000129777719849, 3.84824888897e-05]
    },
    "gfcc": {
        "mean": [-2.60468411446, 95.6452789307, -119.059631348, 28.4945163727, -62.383972168, 32.2451019287, -42.0626029968, 23.7365131378, -21.8318367004, 2.95014047623, -4.98363828659, -1.94722568989, 4.04241752625],
        "cov": [[3545.60205078, -272.340423584, 83.4370880127, 182.465591431, -1.67746376991, 249.949310303, 96.8378448486, 213.349914551, 15.1823720932, 320.931152344, -95.7477874756, 115.135818481, -41.0832214355], [-272.340423584, 1740.63781738, 383.908874512, 175.064208984, 518.043701172, -52.3307685852, 333.572296143, 47.1636161804, 207.736923218, -49.9358482361, 185.451828003, -78.6889266968, 152.190216064], [83.4370880127, 383.908874512, 1137.07849121, 248.925292969, 138.726379395, 128.455734253, -28.5951194763, 84.9151229858, 101.541625977, 46.4805679321, -43.7660293579, 88.8518600464, -8.60398197174], [182.465591431, 175.064208984, 248.925292969, 429.07824707, 215.31463623, 77.931388855, 126.445724487, 11.7695426941, 97.0137481689, 11.6245336533, -1.51936197281, 40.9013442993, 19.4028053284], [-1.67746376991, 518.043701172, 138.726379395, 215.31463623, 502.141479492, 157.801101685, 236.09727478, 57.7652244568, 110.259544373, 27.6053104401, 54.9709091187, 41.6271362305, 72.6661376953], [249.949310303, -52.3307685852, 128.455734253, 77.931388855, 157.801101685, 250.228912354, 121.279304504, 39.1222343445, 22.7922363281, 37.1649742126, -14.5643539429, 51.0386009216, 12.7062292099], [96.8378448486, 333.572296143, -28.5951194763, 126.445724487, 236.09727478, 121.279304504, 309.29473877, 40.3203697205, 78.4723892212, 38.6797180176, 64.3328170776, 14.8205804825, 58.8650016785], [213.349914551, 47.1636161804, 84.9151229858, 11.7695426941, 57.7652244568, 39.1222343445, 40.3203697205, 149.214736938, 70.8448181152, 47.3527908325, 12.1549119949, 4.03132963181, 21.9536628723], [15.1823720932, 207.736923218, 101.541625977, 97.0137481689, 110.259544373, 22.7922363281, 78.4723892212, 70.8448181152, 158.711288452, 29.1200428009, 50.1496162415, 9.39759540558, 40.1523857117], [320.931152344, -49.9358482361, 46.4805679321, 11.6245336533, 27.6053104401, 37.1649742126, 38.6797180176, 47.3527908325, 29.1200428009, 127.730644226, 32.6541633606, 35.7429466248, 7.18642807007], [-95.7477874756, 185.451828003, -43.7660293579, -1.51936197281, 54.9709091187, -14.5643539429, 64.3328170776, 12.1549119949, 50.1496162415, 32.6541633606, 166.11769104, 4.63558292389, 58.5228462219], [115.135818481, -78.6889266968, 88.8518600464, 40.9013442993, 41.6271362305, 51.0386009216, 14.8205804825, 4.03132963181, 9.39759540558, 35.7429466248, 4.63558292389, 106.08480072, 11.2342252731], [-41.0832214355, 152.190216064, -8.60398197174, 19.4028053284, 72.6661376953, 12.7062292099, 58.8650016785, 21.9536628723, 40.1523857117, 7.18642807007, 58.5228462219, 11.2342252731, 113.871994019]],
        "icov": [[0.000528410135303, -0.000427099294029, 0.000395931769162, -0.000598737271503, 0.000670022272971, -0.000851952238008, 0.000433023960795, -0.000776631524786, 0.000485207681777, -0.0014584773453, 0.00056938099442, -0.000468624348287, 0.000161337709869], [-0.000427099294029, 0.00259291008115, -0.00163067190442, 0.00153156288434, -0.00267570628785, 0.00323275057599, -0.00251157023013, 0.00143624341581, -0.00116766896099, 0.00240706885234, -0.00139154866338, 0.00240131467581, -0.000897429941688], [0.000395931769162, -0.00163067190442, 0.00230805505998, -0.0016989519354, 0.00161779718474, -0.002648497466, 0.00242692488246, -0.00151220674161, 0.00032285542693, -0.00189116271213, 0.00112323940266, -0.00207620952278, 0.000719307397958], [-0.000598737271503, 0.00153156288434, -0.0016989519354, 0.00498680537567, -0.00273257377557, 0.002462051576, -0.00245776423253, 0.00256202579476, -0.00266882847063, 0.00235334434547, -0.00018532530521, 0.000892211508472, -0.000195657616132], [0.000670022272971, -0.00267570628785, 0.00161779718474, -0.00273257377557, 0.00688918400556, -0.00466472702101, 0.000763561110944, -0.00209119357169, 0.00069786090171, -0.00234588352032, 0.00124435790349, -0.00283389701508, 8.04072624305e-05], [-0.000851952238008, 0.00323275057599, -0.002648497466, 0.002462051576, -0.00466472702101, 0.0108597818762, -0.00540298828855, 0.00127259688452, -0.000447808910394, 0.00315788993612, -0.00050686171744, 0.000987634412013, -0.000813267077319], [0.000433023960795, -0.00251157023013, 0.00242692488246, -0.00245776423253, 0.000763561110944, -0.00540298828855, 0.00915814749897, -0.00136679306161, 0.000169179067598, -0.00331417215057, 0.000147839644342, -0.00124589982443, -4.35373949585e-05], [-0.000776631524786, 0.00143624341581, -0.00151220674161, 0.00256202579476, -0.00209119357169, 0.00127259688452, -0.00136679306161, 0.0117875635624, -0.00547219766304, -0.000619608559646, 0.00030004492146, 0.00298863649368, -0.00160447706003], [0.000485207681777, -0.00116766896099, 0.00032285542693, -0.00266882847063, 0.00069786090171, -0.000447808910394, 0.000169179067598, -0.00547219766304, 0.0120942080393, -0.00172005104832, -0.00137759733479, -0.000879066297784, -0.000574296340346], [-0.0014584773453, 0.00240706885234, -0.00189116271213, 0.00235334434547, -0.00234588352032, 0.00315788993612, -0.00331417215057, -0.000619608559646, -0.00172005104832, 0.0154795590788, -0.00434851413593, -0.00100964261219, 0.000654242874589], [0.00056938099442, -0.00139154866338, 0.00112323940266, -0.00018532530521, 0.00124435790349, -0.00050686171744, 0.000147839644342, 0.00030004492146, -0.00137759733479, -0.00434851413593, 0.0100038712844, -0.00133461703081, -0.00293959281407], [-0.000468624348287, 0.00240131467581, -0.00207620952278, 0.000892211508472, -0.00283389701508, 0.000987634412013, -0.00124589982443, 0.00298863649368, -0.000879066297784, -0.00100964261219, -0.00133461703081, 0.0145278898999, -0.0022949303966], [0.000161337709869, -0.000897429941688, 0.000719307397958, -0.000195657616132, 8.04072624305e-05, -0.000813267077319, -4.35373949585e-05, -0.00160447706003, -0.000574296340346, 0.000654242874589, -0.00293959281407, -0.0022949303966, 0.0123967621475]]
    },
    "melbands": {
        "max": [0.0558222569525, 0.0234871506691, 0.00976862944663, 0.00711489561945, 0.00892953295261, 0.0059165279381, 0.00805864110589, 0.0115764122456, 0.00825180485845, 0.0118419704959, 0.00987690035254, 0.00888155028224, 0.00253209611401, 0.00198046723381, 0.00200506020337, 0.00268576480448, 0.000522895192262, 0.00155146722682, 0.000856759725139, 0.00103022530675, 0.000994257512502, 0.000169009712408, 0.000546290131751, 0.000471117877169, 0.000247566902544, 0.000162874028319, 0.00015704992984, 0.000321396277286, 0.000190746926819, 7.14590642019e-05, 2.59326225205e-05, 2.54928982031e-05, 3.01912059513e-05, 4.0988339606e-05, 4.5954471716e-05, 9.67166415649e-05, 0.000100243472843, 7.79690089985e-05, 8.07927426649e-05, 5.37999076187e-05],
        "mean": [0.00569508597255, 0.0018951096572, 0.000453659449704, 0.000462391850306, 0.00055754679488, 0.000342593790265, 0.000294081313768, 0.000327067828039, 0.00029648191412, 0.000239830667851, 0.00039120920701, 0.000371773116058, 0.00011147477926, 7.75112057454e-05, 9.25372951315e-05, 6.32688970654e-05, 4.07886509493e-05, 7.14996858733e-05, 2.92227305181e-05, 2.98087488773e-05, 2.69802640105e-05, 1.26237673612e-05, 1.28396568471e-05, 1.29486561491e-05, 1.00187744465e-05, 5.59965565117e-06, 5.22604523212e-06, 7.50099161451e-06, 5.90271793044e-06, 2.42470491685e-06, 1.5912020217e-06, 1.51231915879e-06, 1.45147487274e-06, 1.67478606272e-06, 1.96129190044e-06, 2.55522513726e-06, 2.90767980005e-06, 2.41694488068e-06, 2.02658247872e-06, 1.74478100234e-06],
        "min": [7.32753235866e-09, 1.25055219513e-08, 7.2479572566e-08, 1.33541561809e-07, 9.93537483396e-08, 3.04616179392e-07, 3.54428777882e-07, 2.10309153204e-07, 4.78762160583e-07, 3.48558813812e-07, 5.79794573241e-07, 4.93561913117e-07, 5.21179515545e-07, 1.76180407152e-07, 3.32607356768e-07, 2.13904542079e-07, 1.28696740376e-07, 7.79026905207e-08, 1.87553609976e-07, 1.86028017879e-07, 1.28083996742e-07, 6.14829005485e-08, 1.00290584726e-07, 2.87365082841e-08, 8.59887379079e-08, 4.16965022509e-08, 3.63637226997e-08, 2.86353198931e-08, 2.55514525094e-08, 8.42801028966e-09, 7.41473327182e-09, 6.76527811549e-09, 7.59184437538e-10, 4.53898296726e-09, 3.75896558324e-09, 4.62920635158e-09, 4.56310811359e-09, 3.5520943964e-09, 1.38268829719e-09, 3.4867723292e-11],
        "stdev": [0.00748505489901, 0.00231841625646, 0.000904850661755, 0.00067249085987, 0.00102900911588, 0.000579533574637, 0.000591525516938, 0.000814088096377, 0.000678908312693, 0.000777808134444, 0.000975502596702, 0.000899252248928, 0.000285110727418, 0.000157137968927, 0.000186825476703, 0.000154528024723, 6.72303576721e-05, 0.000157454516739, 6.16548932157e-05, 5.78324179514e-05, 5.785223766e-05, 1.85086300917e-05, 3.24948778143e-05, 3.11463918479e-05, 1.63856893778e-05, 9.33330557018e-06, 1.07192099676e-05, 1.95707289095e-05, 1.39040967042e-05, 4.73750833407e-06, 2.64908794634e-06, 2.71283010989e-06, 2.79851951746e-06, 3.45084299624e-06, 4.07964353144e-06, 6.24586573394e-06, 8.10696292319e-06, 6.14545797362e-06, 4.81941606267e-06, 4.54674227512e-06]
    },
    "melbands128": {
        "max": [0.0319323092699, 0.0913007631898, 0.0652529746294, 0.0446674078703, 0.0263144765049, 0.0268310718238, 0.0134712625295, 0.00953503884375, 0.00734539562836, 0.00939530599862, 0.00986695289612, 0.0101578831673, 0.0164803322405, 0.0106902895495, 0.00724744796753, 0.0123346615583, 0.00988194812089, 0.012695084326, 0.0142667889595, 0.021076221019, 0.0219720378518, 0.0164062939584, 0.012838460505, 0.0172182619572, 0.0209747198969, 0.0125769954175, 0.00985655933619, 0.0179600659758, 0.0304952394217, 0.0131773129106, 0.0117784375325, 0.00436325185001, 0.00529252551496, 0.0050218179822, 0.0041385339573, 0.00356033490971, 0.00375281367451, 0.00379489269108, 0.00420079333708, 0.00745138106868, 0.00234968052246, 0.00173679448199, 0.00109606701881, 0.00106210669037, 0.00251190061681, 0.00277931825258, 0.00449132267386, 0.000942923303228, 0.000789251527749, 0.00178099318873, 0.00188683427405, 0.00104775442742, 0.00194825907238, 0.00105913053267, 0.000408985913964, 0.000251261517406, 0.000212485669181, 0.000965854269452, 0.000861471344251, 0.000773995066993, 0.000991499284282, 0.000439161871327, 0.000485520780785, 0.000223162205657, 0.000167962934938, 0.000267342693405, 0.000140216652653, 6.80754092173e-05, 0.000356434931746, 0.000184534204891, 0.000256740924669, 0.000935452058911, 0.000352875475073, 0.000265542330453, 0.000139311014209, 0.000106361352664, 5.24996867171e-05, 2.66218848992e-05, 2.75195707218e-05, 3.15034994856e-05, 2.64725422312e-05, 3.13631207973e-05, 3.1565217796e-05, 2.9223439924e-05, 4.36469927081e-05, 3.32806339429e-05, 4.88280711579e-05, 0.000103203543404, 5.53913014301e-05, 4.52761305496e-05, 6.75810588291e-05, 0.000158346490934, 0.000118719559396, 0.000107584288344, 0.000140544623719, 0.000146286925883, 8.54024183354e-05, 8.77544589457e-05, 8.05492818472e-05, 7.95574451331e-05, 8.63936220412e-05, 6.63360406179e-05, 3.66290732927e-05, 3.02035787172e-05, 2.89703748422e-05, 4.75262859254e-05, 3.39507714671e-05, 2.91233918688e-05, 3.15353863698e-05, 2.14474239328e-05, 1.64192078955e-05, 7.55379687689e-06, 3.65282244275e-06, 3.16795717481e-06, 1.66565655491e-06, 5.38829453944e-07, 1.05285664631e-07, 1.77506827015e-08, 1.74679399834e-08, 1.70954201906e-08, 1.6824333926e-08, 1.65212785674e-08, 1.63548481424e-08, 1.60925779369e-08, 1.59631259322e-08, 1.58034492159e-08, 1.57033337445e-08, 1.56309880595e-08],
        "mean": [0.00144902255852, 0.00660531967878, 0.00767249427736, 0.00374955055304, 0.00126418261789, 0.000670297187753, 0.000474901549751, 0.00038878605119, 0.000406629784266, 0.000461519841338, 0.000487427518237, 0.000563146604691, 0.000644883257337, 0.000479466223624, 0.000296115118545, 0.000297477876302, 0.000296666432405, 0.000293357559713, 0.000262990273768, 0.000388092012145, 0.000309372990159, 0.000309431343339, 0.000299823645037, 0.000272829638561, 0.000296926125884, 0.000181566952961, 0.000198297784664, 0.000282813241938, 0.000752722611651, 0.000545754272025, 0.000191662969883, 9.16176359169e-05, 0.000153265966219, 6.7042921728e-05, 9.97854804154e-05, 6.80579905747e-05, 6.16134420852e-05, 0.000102123362012, 0.000104258630017, 9.69309039647e-05, 4.16372713516e-05, 3.72110371245e-05, 2.97377846437e-05, 2.96099296975e-05, 0.000108346939669, 7.1286194725e-05, 5.18642482348e-05, 2.06648310268e-05, 2.46318195423e-05, 2.99199473375e-05, 3.22092237184e-05, 2.39922901528e-05, 4.03476224164e-05, 2.15593099711e-05, 1.21704279081e-05, 1.25696615214e-05, 1.03550391941e-05, 1.75619716174e-05, 1.17484742077e-05, 8.02514114184e-06, 1.45270887515e-05, 1.51246103997e-05, 1.16375440484e-05, 7.89926252764e-06, 8.86570524017e-06, 4.66499886898e-06, 4.87673469252e-06, 3.85682915294e-06, 5.80119285587e-06, 6.19135471425e-06, 6.39586596662e-06, 1.0043238035e-05, 7.04418971509e-06, 5.35418666914e-06, 4.13279121858e-06, 2.38196639657e-06, 1.73839271156e-06, 1.58963871399e-06, 1.59868682204e-06, 1.55169095706e-06, 1.57700719683e-06, 1.4082911548e-06, 1.54355200266e-06, 1.34617107506e-06, 1.55184716277e-06, 1.45331546264e-06, 1.7783866042e-06, 2.01408215617e-06, 1.91411095329e-06, 1.93971118279e-06, 2.18418745135e-06, 2.83737335849e-06, 3.02735543301e-06, 2.96560961033e-06, 2.8536883292e-06, 2.5299787012e-06, 2.37982658291e-06, 2.16577791434e-06, 1.92100014829e-06, 1.9854387574e-06, 2.12792565435e-06, 1.64750827025e-06, 1.42219073496e-06, 1.23547386011e-06, 1.16141643502e-06, 1.09293330297e-06, 8.55031828451e-07, 6.44564977392e-07, 5.16270802109e-07, 3.87845375371e-07, 2.70930826218e-07, 1.50678047817e-07, 2.54665888377e-08, 1.579287634e-08, 4.10945322216e-09, 1.85915205453e-09, 2.40130887397e-10, 2.23621572648e-11, 2.34849761166e-11, 2.27515957463e-11, 2.10317926269e-11, 2.07349623582e-11, 2.05236921208e-11, 2.02246674269e-11, 1.98581377037e-11, 1.9343547597e-11, 1.90422833751e-11, 1.89378599608e-11],
        "min": [8.15167724988e-11, 2.51372012094e-09, 9.24037069083e-10, 6.44129460881e-09, 9.33714794371e-09, 4.99846208868e-09, 5.15944309498e-09, 3.24828697273e-08, 3.86617706738e-08, 1.28626254536e-07, 4.67964262896e-08, 2.52437484249e-08, 1.45275338426e-08, 3.36312915294e-08, 3.28792992832e-08, 5.1503423748e-08, 1.37959162316e-07, 5.63189033187e-08, 9.92715811776e-08, 5.68181057758e-08, 3.08576986185e-08, 9.43748332816e-08, 1.61224761541e-07, 2.81208087927e-07, 1.13074818842e-07, 1.42805006931e-07, 1.17376330877e-07, 2.01903816333e-07, 1.56981869281e-07, 3.47191146943e-08, 8.28131945241e-08, 7.74001165382e-08, 6.77659386383e-08, 1.35029750936e-07, 6.5526570836e-08, 8.50182644285e-08, 3.53387079599e-08, 1.00530947122e-07, 1.45264991147e-07, 8.02879043249e-08, 3.20928776887e-08, 5.16244362814e-08, 2.71227698079e-08, 3.13422177101e-08, 3.15462216349e-08, 3.2727214716e-08, 3.85212253207e-08, 5.65571589561e-08, 3.15808428297e-08, 1.85595325775e-08, 5.27337240541e-09, 4.4004043076e-08, 1.41774293638e-07, 6.69488215976e-08, 5.10511366514e-09, 4.41184511146e-09, 2.12333475247e-08, 1.00430916916e-07, 2.98172011526e-08, 2.48178655404e-09, 9.52316803193e-09, 2.55724845744e-08, 1.47068224265e-08, 4.6703608092e-08, 1.44376715028e-08, 1.73091159184e-08, 6.46849684927e-09, 4.28595914315e-09, 2.70438871297e-09, 1.0144446172e-08, 2.18503437566e-08, 6.25917673247e-09, 1.89006215123e-08, 1.28750441419e-08, 5.02144503756e-09, 3.82902243246e-09, 5.83548809274e-09, 2.15253681546e-09, 2.64877092482e-10, 1.55845858441e-09, 3.20410975529e-10, 1.61168065005e-10, 2.89990920166e-10, 6.19747198005e-10, 3.4685476713e-11, 4.43939385253e-10, 2.10865480632e-09, 9.63082613659e-10, 1.69253933785e-11, 2.03221203754e-10, 6.30037799709e-10, 2.67652078279e-09, 6.85839030012e-09, 7.66679150721e-11, 1.06164521618e-10, 7.12121195345e-10, 2.61606047935e-09, 4.5409440097e-10, 2.68949473803e-10, 6.46826273099e-11, 1.90059721433e-11, 2.87475078464e-11, 9.35991518666e-13, 1.48372963221e-11, 9.84696959389e-12, 3.70816502504e-11, 1.98722982514e-12, 5.52550735201e-13, 5.2118883211e-13, 6.95819920779e-13, 6.99280802534e-13, 5.38396367419e-13, 4.98559852256e-13, 3.86201622982e-13, 3.75279126351e-13, 4.11416858697e-13, 4.18882756172e-13, 3.52323178228e-13, 4.64313537705e-13, 4.43163843296e-13, 3.97555550763e-13, 3.92918282546e-13, 4.09276426768e-13, 4.4675407037e-13, 2.73704046623e-13, 1.06639991163e-13, 1.52251749755e-14, 4.18067484208e-16],
        "stdev": [0.00366916554049, 0.0111709050834, 0.00921581406146, 0.00455217203125, 0.00236130109988, 0.00173725769855, 0.00125736941118, 0.000822721980512, 0.000713471323252, 0.000884724548087, 0.000896685349289, 0.00106161041185, 0.00168057647534, 0.000985552091151, 0.00061894627288, 0.000922994979192, 0.000720947165973, 0.000836042338051, 0.000801293761469, 0.00126358028501, 0.00107593473513, 0.000968900276348, 0.000998199917376, 0.000865065318067, 0.00128408544697, 0.000848967465572, 0.000614338379819, 0.00100273732096, 0.00251288060099, 0.00149133766536, 0.000706677034032, 0.000254916463746, 0.000537800253369, 0.000247904477874, 0.000247643591138, 0.000195066080778, 0.000189942205907, 0.000280999054667, 0.000271828495897, 0.000378826080123, 0.000107567662781, 9.84521684586e-05, 7.18443407095e-05, 7.05782804289e-05, 0.000287321192445, 0.0002018311352, 0.000236958192545, 5.79518455197e-05, 5.88694674661e-05, 7.51848419895e-05, 9.87563253148e-05, 5.20781795785e-05, 0.000102866484667, 6.46271728328e-05, 2.81311840808e-05, 2.13595703826e-05, 1.74849992618e-05, 5.70834599785e-05, 3.92616530007e-05, 2.66235147137e-05, 5.41854642506e-05, 3.81417667086e-05, 3.09181814373e-05, 1.60111685545e-05, 1.64201355801e-05, 1.11226490844e-05, 1.1154400454e-05, 6.97115137882e-06, 2.05433170777e-05, 1.51868998728e-05, 1.78941099875e-05, 4.64522345283e-05, 2.21754180529e-05, 1.72535947058e-05, 1.01282321339e-05, 6.17268187852e-06, 3.52473989551e-06, 2.73381033367e-06, 3.01451245832e-06, 2.99723910757e-06, 2.98618465422e-06, 2.81782149614e-06, 3.17546982842e-06, 2.76512560049e-06, 3.52173151441e-06, 3.07805248667e-06, 3.88106263927e-06, 5.21616493643e-06, 4.32560773334e-06, 4.115252068e-06, 5.1537017498e-06, 8.4654393504e-06, 8.34986440168e-06, 8.49907610245e-06, 9.30413261813e-06, 7.81522976467e-06, 6.0322945501e-06, 5.05295338371e-06, 4.67526206194e-06, 5.27699603481e-06, 6.50295351079e-06, 4.45620889877e-06, 3.58596025762e-06, 2.94703590953e-06, 2.98347003991e-06, 3.80002029488e-06, 2.94413325719e-06, 2.20883839575e-06, 1.77926028755e-06, 1.27263956529e-06, 9.03263753571e-07, 4.7671656489e-07, 2.19997033923e-07, 1.45156846543e-07, 5.89354378633e-08, 2.56155683331e-08, 3.90713417175e-09, 4.80474049436e-10, 4.77417827494e-10, 4.66473359939e-10, 4.56920778991e-10, 4.49082826481e-10, 4.4475920169e-10, 4.37922365037e-10, 4.34546398864e-10, 4.3039022346e-10, 4.27768404032e-10, 4.25870949616e-10]
    },
    "mfcc": {
        "mean": [-642.609313965, 121.330474854, 6.133705616, 4.01152420044, 12.0774784088, -0.873698174953, 8.23733997345, 6.97591304779, 2.93485617638, 7.06264781952, -3.99401664734, 4.76916980743, 1.06861758232],
        "cov": [[3673.69311523, -450.966156006, -125.988548279, 32.0273246765, -106.474822998, 137.746490479, 72.8348999023, -25.4393520355, 122.032142639, 159.610977173, 174.408721924, -96.1003341675, -31.5382804871], [-450.966156006, 1596.60583496, 125.936531067, 295.667602539, 228.297973633, 97.2259674072, 208.376098633, 116.150131226, 124.726882935, 93.1588287354, 117.844398499, 93.5005111694, -8.93399333954], [-125.988548279, 125.936531067, 869.319580078, 105.434913635, 155.154190063, 30.0012798309, -67.008934021, 26.7810916901, 49.1877861023, -33.0268669128, 37.6182937622, 68.4725418091, -7.50030612946], [32.0273246765, 295.667602539, 105.434913635, 400.477722168, 123.927825928, 143.80456543, 58.7662963867, 88.3789520264, 90.5297546387, 31.3753032684, 56.0890960693, 50.184463501, 35.6905517578], [-106.474822998, 228.297973633, 155.154190063, 123.927825928, 272.165466309, 91.8740692139, 45.7167396545, 81.5082855225, 73.6357345581, 41.6236953735, 29.6117553711, 29.1955795288, 32.0348701477], [137.746490479, 97.2259674072, 30.0012798309, 143.80456543, 91.8740692139, 330.857910156, 121.0520401, 129.668273926, 72.5671386719, 35.6567077637, 54.0374488831, -13.8844461441, 23.1501274109], [72.8348999023, 208.376098633, -67.008934021, 58.7662963867, 45.7167396545, 121.0520401, 200.174957275, 62.832862854, 42.4347000122, 68.8500823975, 34.9615745544, 4.45150995255, 12.1299886703], [-25.4393520355, 116.150131226, 26.7810916901, 88.3789520264, 81.5082855225, 129.668273926, 62.832862854, 162.138549805, 78.5779495239, 37.9444656372, 27.100610733, 20.056268692, 24.8584938049], [122.032142639, 124.726882935, 49.1877861023, 90.5297546387, 73.6357345581, 72.5671386719, 42.4347000122, 78.5779495239, 152.383087158, 58.0314064026, 41.2429656982, 14.1912469864, 4.48100996017], [159.610977173, 93.1588287354, -33.0268669128, 31.3753032684, 41.6236953735, 35.6567077637, 68.8500823975, 37.9444656372, 58.0314064026, 135.018814087, 45.8504714966, 13.6684122086, 10.9659385681], [174.408721924, 117.844398499, 37.6182937622, 56.0890960693, 29.6117553711, 54.0374488831, 34.9615745544, 27.100610733, 41.2429656982, 45.8504714966, 110.528015137, 33.7339324951, 11.3504772186], [-96.1003341675, 93.5005111694, 68.4725418091, 50.184463501, 29.1955795288, -13.8844461441, 4.45150995255, 20.056268692, 14.1912469864, 13.6684122086, 33.7339324951, 114.386772156, 33.0943870544], [-31.5382804871, -8.93399333954, -7.50030612946, 35.6905517578, 32.0348701477, 23.1501274109, 12.1299886703, 24.8584938049, 4.48100996017, 10.9659385681, 11.3504772186, 33.0943870544, 82.0414276123]],
        "icov": [[0.000365048501408, 0.000162140553584, 7.91222282714e-06, -9.53313938226e-05, 0.000143018216477, -5.83272521908e-05, -9.41321341088e-05, 0.000247450690949, -0.000268647127086, -0.00027834661887, -0.000647230481263, 0.00035733229015, 9.70174151007e-05], [0.000162140553584, 0.00104240269866, 4.42809277956e-06, -0.000543966190889, -0.000495209940709, 0.000514412065968, -0.00105220440309, -9.81113335001e-05, -0.000131961525767, 0.000102345300547, -0.000868440140039, -0.000217946144403, 0.000847992836498], [7.91222282714e-06, 4.42809277956e-06, 0.00150187930558, -8.23930749903e-05, -0.000892397889402, -0.00022558348428, 0.000695377064403, 0.000200681359274, -0.00026209972566, 0.000555932056159, -0.000351180700818, -0.00087374181021, 0.000766211247537], [-9.53313938226e-05, -0.000543966190889, -8.23930749903e-05, 0.00390336709097, -0.00052076211432, -0.00135769660119, 0.000484938937007, 0.000123870573589, -0.00113048369531, 0.000448019913165, 4.20479373133e-05, -0.0010330779478, -0.000911506067496], [0.000143018216477, -0.000495209940709, -0.000892397889402, -0.00052076211432, 0.00585343362764, -0.000564561341889, 0.000187093479326, -0.000896909448784, -0.00099694088567, -0.00110291480087, 0.000609447772149, 0.000474474480143, -0.00181002146564], [-5.83272521908e-05, 0.000514412065968, -0.00022558348428, -0.00135769660119, -0.000564561341889, 0.00650986516848, -0.0030282586813, -0.00369377201423, 0.000270619784715, 0.00144770683255, -0.00229712412693, 0.00253582582809, -0.000359321711585], [-9.41321341088e-05, -0.00105220440309, 0.000695377064403, 0.000484938937007, 0.000187093479326, -0.0030282586813, 0.00902261771262, -0.000328174035531, 0.000524490431417, -0.00329334218986, 0.000757135741878, -0.000365857034922, -0.000296902755508], [0.000247450690949, -9.81113335001e-05, 0.000200681359274, 0.000123870573589, -0.000896909448784, -0.00369377201423, -0.000328174035531, 0.0120335510001, -0.00410328991711, -0.000522984715644, 0.00115211051889, -0.00156946456991, -0.00138849799987], [-0.000268647127086, -0.000131961525767, -0.00026209972566, -0.00113048369531, -0.00099694088567, 0.000270619784715, 0.000524490431417, -0.00410328991711, 0.0112887555733, -0.00292752822861, -0.00105765694752, 0.000312820047839, 0.00162371713668], [-0.00027834661887, 0.000102345300547, 0.000555932056159, 0.000448019913165, -0.00110291480087, 0.00144770683255, -0.00329334218986, -0.000522984715644, -0.00292752822861, 0.0118292747065, -0.00303737376817, -0.000179346840014, -0.000501069880556], [-0.000647230481263, -0.000868440140039, -0.000351180700818, 4.20479373133e-05, 0.000609447772149, -0.00229712412693, 0.000757135741878, 0.00115211051889, -0.00105765694752, -0.00303737376817, 0.014433119446, -0.00396032445133, -0.000380122015486], [0.00035733229015, -0.000217946144403, -0.00087374181021, -0.0010330779478, 0.000474474480143, 0.00253582582809, -0.000365857034922, -0.00156946456991, 0.000312820047839, -0.000179346840014, -0.00396032445133, 0.0131674008444, -0.00464475434273], [9.70174151007e-05, 0.000847992836498, 0.000766211247537, -0.000911506067496, -0.00181002146564, -0.000359321711585, -0.000296902755508, -0.00138849799987, 0.00162371713668, -0.000501069880556, -0.000380122015486, -0.00464475434273, 0.015962459147]]
    },
    "spectral_contrast_coeffs": {
        "max": [-0.388345420361, -0.468938261271, -0.420153617859, -0.492081135511, -0.52010345459, -0.664900541306],
        "mean": [-0.726581394672, -0.736189126968, -0.73979306221, -0.781353831291, -0.790668845177, -0.790660500526],
        "min": [-0.906720340252, -0.917551994324, -0.900412619114, -0.892929553986, -0.885660052299, -0.875544846058],
        "stdev": [0.0884896442294, 0.0821548402309, 0.0803014785051, 0.0615801252425, 0.0473640784621, 0.0367100574076]
    },
    "spectral_contrast_valleys": {
        "max": [-4.92159795761, -5.01543807983, -5.43275403976, -5.77510881424, -5.97744750977, -7.59103250504],
        "mean": [-6.77806043625, -6.82026672363, -7.26967144012, -7.5583357811, -7.79776144028, -10.1617584229],
        "min": [-11.3043708801, -8.78103256226, -9.24043178558, -9.38644123077, -9.81345367432, -12.9668502808],
        "stdev": [1.14067924023, 0.715535759926, 0.730052709579, 0.740582883358, 0.74330675602, 1.0278236866]
    }
},
"rhythm": {
    "beats_count": 87,
    "beats_loudness": {
        "max": 0.202660471201,
        "mean": 0.0456198863685,
        "min": 0.00156746688299,
        "stdev": 0.0313290767372
    },
    "bpm": 162.243209839,
    "bpm_histogram_first_peak_bpm": 161,
    "bpm_histogram_first_peak_weight": 0.0270270109177,
    "bpm_histogram_second_peak_bpm": 167,
    "bpm_histogram_second_peak_spread": 0,
    "bpm_histogram_second_peak_weight": 0.139534890652,
    "danceability": 1.05151593685,
    "onset_rate": 3.53759741783,
    "beats_loudness_band_ratio": {
        "max": [0.981919944286, 0.567330658436, 0.794146955013, 0.876439034939, 0.316875308752, 0.906531870365],
        "mean": [0.50128364563, 0.109828792512, 0.154612958431, 0.150968626142, 0.0549136288464, 0.0528949163854],
        "min": [2.70792606898e-05, 0.001298892661, 0.00261371419765, 0.00198863539845, 0.000659879646264, 0.000472191110021],
        "stdev": [0.302461594343, 0.112744212151, 0.169762417674, 0.185206562281, 0.0640228539705, 0.12166915834]
    },
