{
"metadata": {
    "version": {
        "essentia": "2.1-beta5",
        "essentia_git_sha": "Undefined",
        "extractor": "music 2.0"
    },
    "audio_properties": {
        "analysis": {
            "equal_loudness": 0,
            "length": 12.7477550507,
            "sample_rate": 44100,
            "start_time": 0,
            "downmix": "mix"
        },
        "bit_rate": 192000,
        "length": 183.809173584,
        "lossless": 0,
        "number_channels": 2,
        "replay_gain": 5.35471534729,
        "sample_rate": 48000,
        "codec": "mp3",
        "md5_encoded": "199eee5130105b548dfdfa67d1de1795"
    },
    "tags": {
        "file_name": "Norway_Icebreaker_Agnete.mp3",
        "encoding": ["Lavf58.29.100"]
    }
},
"lowlevel": {
    "average_loudness": 0.642684400082,
    "barkbands_crest": {
        "max": 23.1427955627,
        "mean": 8.98826694489,
        "min": 2.93211364746,
        "stdev": 3.86436510086
    },
    "barkbands_flatness_db": {
        "max": 0.252762407064,
        "mean": 0.133314222097,
        "min": 0.0527019426227,
        "stdev": 0.0369224958122
    },
    "barkbands_kurtosis": {
        "max": 26.8573722839,
        "mean": 1.92319619656,
        "min": -1.85405218601,
        "stdev": 3.63765311241
    },
    "barkbands_skewness": {
        "max": 4.77232885361,
        "mean": 0.712193191051,
        "min": -2.59788942337,
        "stdev": 1.04128372669
    },
    "barkbands_spread": {
        "max": 62.2653312683,
        "mean": 18.7042007446,
        "min": 3.46097016335,
        "stdev": 10.4481010437
    },
    "dissonance": {
        "max": 0.49991607666,
        "mean": 0.4777982831,
        "min": 0.329272270203,
        "stdev": 0.0250780042261
    },
    "dynamic_complexity": 6.79433774948,
    "erbbands_crest": {
        "max": 31.2620830536,
        "mean": 9.46907234192,
        "min": 3.69391751289,
        "stdev": 3.98522520065
    },
    "erbbands_flatness_db": {
        "max": 0.313249737024,
        "mean": 0.194147899747,
        "min": 0.0787263810635,
        "stdev": 0.0383968167007
    },
    "erbbands_kurtosis": {
        "max": 14.9954090118,
        "mean": 1.51187157631,
        "min": -1.72673416138,
        "stdev": 1.91348683834
    },
    "erbbands_skewness": {
        "max": 2.90220522881,
        "mean": 0.452202111483,
        "min": -2.86806225777,
        "stdev": 0.810867488384
    },
    "erbbands_spread": {
        "max": 70.0378341675,
        "mean": 22.2419624329,
        "min": 6.17620944977,
        "stdev": 12.0568685532
    },
    "hfc": {
        "max": 136.186584473,
        "mean": 19.0595283508,
        "min": 1.23105306864e-16,
        "stdev": 20.6762294769
    },
    "loudness_ebu128": {
        "integrated": -25.7213249207,
        "loudness_range": 18.1269359589,
        "momentary": {
            "max": -21.1923179626,
            "mean": -31.9113845825,
            "min": -47.9781036377,
            "stdev": 8.19090270996
        },
        "short_term": {
            "max": -24.5204029083,
            "mean": -30.9999485016,
            "min": -43.4727325439,
            "stdev": 6.9510269165
        }
    },
    "melbands_crest": {
        "max": 32.3000640869,
        "mean": 12.1234102249,
        "min": 2.4693915844,
        "stdev": 5.87623691559
    },
    "melbands_flatness_db": {
        "max": 0.350241094828,
        "mean": 0.165590628982,
        "min": 0.0110412724316,
        "stdev": 0.0567310787737
    },
    "melbands_kurtosis": {
        "max": 53.8014717102,
        "mean": 4.36393117905,
        "min": -1.40550887585,
        "stdev": 6.9783873558
    },
    "melbands_skewness": {
        "max": 6.32963991165,
        "mean": 1.25828945637,
        "min": -1.3332657814,
        "stdev": 1.23730289936
    },
    "melbands_spread": {
        "max": 161.374984741,
        "mean": 28.7362194061,
        "min": 3.23568701744,
        "stdev": 20.9202003479
    },
    "pitch_salience": {
        "max": 0.825520396233,
        "mean": 0.632845818996,
        "min": 0.194212734699,
        "stdev": 0.114595748484
    },
    "silence_rate_20dB": {
        "max": 1,
        "mean": 1,
        "min": 1,
        "stdev": 0
    },
    "silence_rate_30dB": {
        "max": 1,
        "mean": 0.969090938568,
        "min": 0,
        "stdev": 0.173071742058
    },
    "silence_rate_60dB": {
        "max": 1,
        "mean": 0.372727274895,
        "min": 0,
        "stdev": 0.48353049159
    },
    "spectral_centroid": {
        "max": 11185.8408203,
        "mean": 1544.99890137,
        "min": 340.014038086,
        "stdev": 710.757019043
    },
    "spectral_complexity": {
        "max": 48,
        "mean": 17.9763641357,
        "min": 0,
        "stdev": 13.1089506149
    },
    "spectral_decrease": {
        "max": 1.16687054811e-29,
        "mean": -6.81402445579e-09,
        "min": -7.9030748168e-08,
        "stdev": 8.82521256074e-09
    },
    "spectral_energy": {
        "max": 0.30182403326,
        "mean": 0.0274464376271,
        "min": 1.11219772873e-20,
        "stdev": 0.0344022214413
    },
    "spectral_energyband_high": {
        "max": 0.00165379466489,
        "mean": 0.00027531303931,
        "min": 8.24186444918e-21,
        "stdev": 0.000285494345007
    },
    "spectral_energyband_low": {
        "max": 0.27107962966,
        "mean": 0.0101836388931,
        "min": 7.83912854079e-23,
        "stdev": 0.0257650129497
    },
    "spectral_energyband_middle_high": {
        "max": 0.067868039012,
        "mean": 0.00806644838303,
        "min": 1.47367002206e-21,
        "stdev": 0.010240172036
    },
    "spectral_energyband_middle_low": {
        "max": 0.0931513085961,
        "mean": 0.00955060310662,
        "min": 3.09719539382e-22,
        "stdev": 0.0128168566152
    },
    "spectral_entropy": {
        "max": 9.8091840744,
        "mean": 7.63041353226,
        "min": 6.47178268433,
        "stdev": 0.294972509146
    },
    "spectral_flux": {
        "max": 0.331366211176,
        "mean": 0.0754430666566,
        "min": 1.05460785937e-10,
        "stdev": 0.0591147430241
    },
    "spectral_kurtosis": {
        "max": 18.1704044342,
        "mean": 5.7357635498,
        "min": -1.17528390884,
        "stdev": 2.33261680603
    },
    "spectral_rms": {
        "max": 0.0171599090099,
        "mean": 0.00415092101321,
        "min": 3.29404147188e-12,
        "stdev": 0.00308980373666
    },
    "spectral_rolloff": {
        "max": 18583.1542969,
        "mean": 1828.51977539,
        "min": 64.599609375,
        "stdev": 1484.80541992
    },
    "spectral_skewness": {
        "max": 3.07106113434,
        "mean": 1.81021010876,
        "min": -0.0557869747281,
        "stdev": 0.403867512941
    },
    "spectral_spread": {
        "max": 40691968,
        "mean": 3717464,
        "min": 1998712.625,
        "stdev": 1804040.5
    },
    "spectral_strongpeak": {
        "max": 8.08139038086,
        "mean": 0.816514611244,
        "min": 0,
        "stdev": 0.963927328587
    },
    "zerocrossingrate": {
        "max": 0.6669921875,
        "mean": 0.0690527334809,
        "min": 0.0078125,
        "stdev": 0.047466494143
    },
    "barkbands": {
        "max": [0.0340004041791, 0.258705765009, 0.0597605220973, 0.0235578082502, 0.0491485670209, 0.0188437476754, 0.0246491823345, 0.0316283553839, 0.0332388617098, 0.0205555427819, 0.00921863038093, 0.012074242346, 0.0120794111863, 0.017763895914, 0.021317532286, 0.0170664377511, 0.0119927218184, 0.00545528484508, 0.00136535346974, 0.000471308710985, 0.000478701404063, 0.000454668595921, 0.000675162824336, 0.000501977396198, 0.00135621952359, 0.00010945811664, 6.48133550385e-07],
        "mean": [0.00111563177779, 0.00763423833996, 0.00109059223905, 0.000839503190946, 0.00204450916499, 0.000619888422079, 0.000690106418915, 0.000974170630798, 0.00372463278472, 0.00177253736183, 0.00122361909598, 0.00122391362675, 0.00103809905704, 0.000914718664717, 0.000728857761715, 0.000588309485465, 0.000443109311163, 0.000319502461934, 0.000149265571963, 6.07587389823e-05, 5.83695618843e-05, 5.66614144191e-05, 4.91218997922e-05, 3.59797886631e-05, 4.17502706114e-05, 8.61652551976e-06, 3.64733909741e-09],
        "min": [9.08011087434e-23, 2.67954213834e-23, 6.88740887941e-24, 1.25532114268e-23, 1.36110287779e-22, 3.26439099169e-23, 8.96492929357e-24, 1.66794256999e-23, 8.36061040644e-23, 1.43670263689e-22, 5.52372964501e-23, 9.93061210852e-23, 6.81455157947e-23, 1.00718560759e-22, 1.00581027593e-22, 1.04092354767e-22, 1.99201603308e-22, 1.80307703052e-22, 2.86131941984e-22, 2.726625901e-22, 4.44332758489e-22, 7.11958553751e-22, 7.13318726656e-22, 8.37160700124e-22, 1.03825828329e-21, 2.13157900727e-21, 2.46221052981e-21],
        "stdev": [0.00353696453385, 0.0208378843963, 0.00348461023532, 0.0022550506983, 0.00593194225803, 0.00181396643165, 0.00246323621832, 0.00252188229933, 0.00523509364575, 0.00254059187137, 0.00161397689953, 0.00192011881154, 0.00150678690989, 0.00193375872914, 0.00188846327364, 0.00160529068671, 0.00120921630878, 0.000583299377467, 0.000191224229638, 7.20676471246e-05, 6.48876884952e-05, 6.66035484755e-05, 6.9477398938e-05, 5.66223716305e-05, 8.95742123248e-05, 1.52122920554e-05, 2.87198140825e-08]
    },
    "erbbands": {
        "max": [7.29237270355, 60.1710739136, 73.365486145, 88.6171646118, 43.7575645447, 267.185455322, 436.458374023, 208.648254395, 222.063400269, 813.31048584, 487.243469238, 781.140441895, 977.745727539, 490.633758545, 410.571929932, 559.384216309, 485.549377441, 727.109069824, 1148.04748535, 890.170837402, 919.468139648, 553.749145508, 337.320983887, 119.503059387, 49.6495704651, 19.926607132, 20.0971298218, 18.0805015564, 19.4695682526, 13.2625761032, 21.2159442902, 18.1539020538, 8.96669101715, 19.6125068665, 3.83688616753, 0.719919919968, 0.150268241763, 0.021201280877, 0.000350283109583, 0.000329944567056],
        "mean": [0.322436690331, 1.29169118404, 1.50555586815, 2.17893457413, 2.79684257507, 7.4701499939, 9.80642986298, 5.1244468689, 7.02816915512, 17.4875030518, 25.8490982056, 86.3812026978, 75.4675674438, 48.8562240601, 54.6787643433, 46.2094078064, 46.9379348755, 46.7577323914, 43.1746520996, 37.0718421936, 30.3400821686, 25.1563243866, 19.5701541901, 10.1124210358, 5.96469163895, 2.78292107582, 2.27077555656, 2.37094092369, 2.11609649658, 1.65498816967, 1.36590123177, 0.914515972137, 0.563051640987, 0.505814135075, 0.235432744026, 0.0690550878644, 0.00940626580268, 0.000387502921512, 2.73456626019e-05, 3.34578107868e-05],
        "min": [1.97144322225e-21, 2.42364606103e-21, 4.02858203284e-21, 3.3192945293e-20, 2.48685026924e-19, 4.20673143669e-19, 5.73810382941e-19, 1.54614726017e-19, 4.55701586585e-20, 4.56895641187e-19, 2.66931804056e-19, 1.36481347592e-18, 2.93993245271e-18, 5.56524882738e-18, 2.7314845927e-18, 4.47439322764e-18, 3.42978074645e-18, 4.19794450384e-18, 4.97302473192e-18, 6.87976910167e-18, 5.76102510758e-18, 1.16622531931e-17, 1.05428759922e-17, 1.39074786287e-17, 1.26807375203e-17, 1.3883549948e-17, 1.70063619011e-17, 1.59721131658e-17, 2.53555474643e-17, 2.29904941635e-17, 2.15269916299e-17, 1.61195696906e-17, 1.45538921533e-17, 1.06955346558e-17, 9.1737109259e-18, 8.62982395671e-18, 3.57424411812e-18, 1.39414871256e-18, 3.33114757511e-19, 3.67267642674e-20],
        "stdev": [0.91379737854, 3.86916255951, 4.76025819778, 6.104159832, 5.67021894455, 23.9243946075, 35.5712585449, 14.9531793594, 20.181060791, 69.8019485474, 44.8921585083, 128.42489624, 99.1796722412, 61.8420028687, 68.5135955811, 75.1055831909, 68.1498718262, 84.1549682617, 97.6061630249, 90.2107009888, 85.7718200684, 65.7727432251, 36.9780273438, 15.444653511, 7.06683492661, 3.20193839073, 2.62427449226, 2.62720179558, 2.58983397484, 1.93038833141, 2.1208627224, 1.59084141254, 0.864194333553, 1.21216285229, 0.421973884106, 0.116414964199, 0.0183645784855, 0.00157541746739, 3.78806253138e-05, 3.96662726416e-05]
    },
    "gfcc": {
        "mean": [-55.4537811279, 86.5498962402, -154.966125488, 19.5226249695, -62.8939857483, 31.1407566071, -36.7442131042, 18.3266086578, -23.6991882324, -4.32823944092, -16.9265193939, -2.9181599617, -5.98308181763],
        "cov": [[16043.6044922, 1780.6730957, 669.736328125, -71.178817749, 545.210754395, 1024.41674805, 674.010131836, 678.105041504, 436.380096436, 382.529174805, -364.088317871, -101.967964172, 37.2265357971], [1780.6730957, 998.925109863, 592.151611328, 221.696350098, 214.74798584, 72.6620025635, 178.033828735, 19.2739677429, 6.73939561844, 0.0774662345648, 91.8141708374, -26.2098827362, 109.130119324], [669.736328125, 592.151611328, 1234.49829102, 446.316436768, 161.604202271, -43.463924408, -5.52942562103, 9.57616996765, -41.2656517029, 72.5428771973, 92.2172088623, 34.7216796875, 46.6144447327], [-71.178817749, 221.696350098, 446.316436768, 462.208709717, 71.7785110474, -99.7793655396, -28.8056373596, -61.5241775513, -86.0064239502, -23.1374168396, 80.6909790039, 22.8771896362, 8.26487922668], [545.210754395, 214.74798584, 161.604202271, 71.7785110474, 373.91696167, 166.840118408, 114.702331543, 97.3213653564, 1.47385370731, 3.82308125496, -48.7835769653, -6.09668684006, 44.3737182617], [1024.41674805, 72.6620025635, -43.463924408, -99.7793655396, 166.840118408, 260.800720215, 130.148956299, 109.269851685, 79.0146102905, 42.8005867004, -70.1557998657, -8.00975799561, 22.027967453], [674.010131836, 178.033828735, -5.52942562103, -28.8056373596, 114.702331543, 130.148956299, 242.354171753, 71.6086425781, 72.8365249634, 7.58885717392, -15.213098526, 0.833799183369, 21.7025051117], [678.105041504, 19.2739677429, 9.57616996765, -61.5241775513, 97.3213653564, 109.269851685, 71.6086425781, 130.9090271, 61.4856071472, 28.44323349, -40.9849891663, 0.82794034481, 11.1420021057], [436.380096436, 6.73939561844, -41.2656517029, -86.0064239502, 1.47385370731, 79.0146102905, 72.8365249634, 61.4856071472, 126.005607605, 54.7826690674, -7.37273979187, 11.7286815643, 8.43038749695], [382.529174805, 0.0774662345648, 72.5428771973, -23.1374168396, 3.82308125496, 42.8005867004, 7.58885717392, 28.44323349, 54.7826690674, 96.6185913086, -4.16875743866, 15.0214271545, 4.33582925797], [-364.088317871, 91.8141708374, 92.2172088623, 80.6909790039, -48.7835769653, -70.1557998657, -15.213098526, -40.9849891663, -7.37273979187, -4.16875743866, 100.865287781, 20.3274345398, 2.86890172958], [-101.967964172, -26.2098827362, 34.7216796875, 22.8771896362, -6.09668684006, -8.00975799561, 0.833799183369, 0.82794034481, 11.7286815643, 15.0214271545, 20.3274345398, 63.0943565369, 11.2173194885], [37.2265357971, 109.130119324, 46.6144447327, 8.26487922668, 44.3737182617, 22.027967453, 21.7025051117, 11.1420021057, 8.43038749695, 4.33582925797, 2.86890172958, 11.2173194885, 82.8986816406]],
        "icov": [[0.000192162435269, -0.000626568624284, 0.000174252432771, -0.00027916522231, 0.000461735005956, -0.000428470986662, 0.000135558002512, -0.000766107579693, 7.631292101e-05, -0.000561400083825, 0.00097795680631, -0.00025254060165, 0.000624496955425], [-0.000626568624284, 0.00462256092578, -0.00166316994, 0.00107602775097, -0.00203573005274, 0.000889931397978, -0.00200488744304, 0.00323628820479, -0.000257556908764, 0.00244633876719, -0.00563999218866, 0.00339768221602, -0.00439919158816], [0.000174252432771, -0.00166316994, 0.00215865438804, -0.00167904200498, 0.000301323889289, 8.11307545519e-05, 0.000822283676825, -0.00176481017843, 0.000537028070539, -0.00244090124033, 0.00124026369303, -0.0010462126229, 0.00107554311398], [-0.00027916522231, 0.00107602775097, -0.00167904200498, 0.00505299540237, -0.00197161198594, 0.00153628725093, -0.000656156917103, 0.00241476739757, 0.00127911323216, 0.00153060327284, -0.00324513274245, -0.000416766328271, -0.000397871073801], [0.000461735005956, -0.00203573005274, 0.000301323889289, -0.00197161198594, 0.00699936086312, -0.00402510957792, -0.000433328736108, -0.00464097969234, 0.00293841655366, -0.000992897897959, 0.00380407483317, -0.000907895562705, 0.000304165063426], [-0.000428470986662, 0.000889931397978, 8.11307545519e-05, 0.00153628725093, -0.00402510957792, 0.0111170932651, -0.00232442026027, -0.000381570338504, -0.00228102062829, -0.00116184761282, 0.00131403061096, 0.000616024597548, -0.00115369888954], [0.000135558002512, -0.00200488744304, 0.000822283676825, -0.000656156917103, -0.000433328736108, -0.00232442026027, 0.008011453785, -0.00134405284189, -0.00375817506574, 0.00185575080104, 0.00100300274789, -0.00160105538089, 0.00158140261192], [-0.000766107579693, 0.00323628820479, -0.00176481017843, 0.00241476739757, -0.00464097969234, -0.000381570338504, -0.00134405284189, 0.0186875350773, -0.00586375175044, 0.00314163090661, -0.00152789172716, 0.00073016283568, -0.00235285493545], [7.631292101e-05, -0.000257556908764, 0.000537028070539, 0.00127911323216, 0.00293841655366, -0.00228102062829, -0.00375817506574, -0.00586375175044, 0.018597304821, -0.00794279295951, -0.00283519248478, -0.00117906392552, -0.000537634128705], [-0.000561400083825, 0.00244633876719, -0.00244090124033, 0.00153060327284, -0.000992897897959, -0.00116184761282, 0.00185575080104, 0.00314163090661, -0.00794279295951, 0.0189377106726, -0.00245554000139, -0.0013450901024, -0.00173202843871], [0.00097795680631, -0.00563999218866, 0.00124026369303, -0.00324513274245, 0.00380407483317, 0.00131403061096, 0.00100300274789, -0.00152789172716, -0.00283519248478, -0.00245554000139, 0.023283444345, -0.00695617171004, 0.00472122710198], [-0.00025254060165, 0.00339768221602, -0.0010462126229, -0.000416766328271, -0.000907895562705, 0.000616024597548, -0.00160105538089, 0.00073016283568, -0.00117906392552, -0.0013450901024, -0.00695617171004, 0.0213476270437, -0.00554389134049], [0.000624496955425, -0.00439919158816, 0.00107554311398, -0.000397871073801, 0.000304165063426, -0.00115369888954, 0.00158140261192, -0.00235285493545, -0.000537634128705, -0.00173202843871, 0.00472122710198, -0.00554389134049, 0.0177866015583]]
    },
    "melbands": {
        "max": [0.0697957724333, 0.0438952185214, 0.01309535373, 0.0109639819711, 0.0137606952339, 0.00451121712103, 0.00316895567812, 0.00918028131127, 0.00322417425923, 0.00575787574053, 0.00487303454429, 0.00235136435367, 0.00130172714125, 0.00153257697821, 0.00107495568227, 0.00132481637411, 0.00153874524403, 0.00166788243223, 0.00164970359765, 0.00110086239874, 0.00122597976588, 0.00067643210059, 0.000466963014333, 0.000266999239102, 8.39659624035e-05, 4.91533974127e-05, 2.52897043538e-05, 1.12474572234e-05, 1.37786328196e-05, 1.25042897707e-05, 1.04219443529e-05, 1.22209603433e-05, 7.28817940399e-06, 7.46412843e-06, 1.02841095213e-05, 1.69982631633e-05, 8.7381913545e-06, 5.30064107807e-06, 2.84023062704e-05, 1.0160310012e-05],
        "mean": [0.00249099591747, 0.00106320960913, 0.000384922343073, 0.000347869034158, 0.000378988363082, 0.00010958211351, 0.000116619114124, 0.00020067873993, 0.000224965668167, 0.000585550907999, 0.000370100082364, 0.000196356850211, 0.000178039059392, 0.000157353613758, 8.83241154952e-05, 0.000109335283923, 8.39745262056e-05, 7.20759853721e-05, 5.4308133258e-05, 4.43857752543e-05, 3.37287820003e-05, 2.68311578111e-05, 2.10795951716e-05, 1.38705136123e-05, 7.61414094086e-06, 5.31883597432e-06, 2.89087574856e-06, 1.55851398631e-06, 1.38152984164e-06, 1.36688061048e-06, 1.3877308902e-06, 1.28633030272e-06, 9.44392525071e-07, 9.13340443276e-07, 8.39383631046e-07, 6.20859509581e-07, 5.39196889804e-07, 3.85518973189e-07, 4.44272359346e-07, 4.11147198065e-07],
        "min": [1.7024228913e-23, 2.53685834205e-24, 1.12608158726e-23, 2.56443849702e-23, 2.03704049013e-23, 3.83749828156e-24, 7.87510178136e-25, 4.86104372837e-24, 1.99234532729e-24, 1.1060324507e-23, 1.45323372203e-23, 2.31282216052e-23, 8.32891255532e-24, 1.28466463843e-23, 9.8193145633e-24, 6.2399674631e-24, 7.55470158597e-24, 8.13881522096e-24, 8.003495599e-24, 7.95577661399e-24, 6.76264421636e-24, 1.19441776758e-23, 1.16307166954e-23, 6.95364558532e-24, 1.21841089313e-23, 9.62196286406e-24, 9.26350604645e-24, 8.93214896752e-24, 8.39721055477e-24, 1.30262802676e-23, 8.29391237468e-24, 1.28591474631e-23, 1.72372876217e-23, 1.10852548782e-23, 1.31899625946e-23, 1.10405327757e-23, 8.81371096893e-24, 1.18931162872e-23, 7.4823661964e-24, 8.86076809965e-24],
        "stdev": [0.00676667504013, 0.00312616466545, 0.000946627580561, 0.00100577238481, 0.00125100591686, 0.000316343532177, 0.000341410806868, 0.000721081451047, 0.000337874982506, 0.000879796105437, 0.00049408240011, 0.000261263543507, 0.00022927345708, 0.000242959489697, 0.000140982825542, 0.000160101088113, 0.000163847478689, 0.000162361728144, 0.000144213292515, 0.000112338711915, 0.000101639736386, 7.44787103031e-05, 4.53782704426e-05, 2.54679398495e-05, 1.17632253023e-05, 6.68242364554e-06, 3.51749054062e-06, 1.85911028439e-06, 1.66845086369e-06, 1.65868959812e-06, 1.62045421348e-06, 1.67045322996e-06, 1.1785531342e-06, 1.10955602395e-06, 1.27894975321e-06, 1.22450080653e-06, 9.29986072151e-07, 6.39456857243e-07, 1.38538973715e-06, 9.51423260176e-07]
    },
    "melbands128": {
        "max": [0.0307357385755, 0.0730514600873, 0.121684521437, 0.0923638194799, 0.0561447888613, 0.0281077120453, 0.020826049149, 0.00856744870543, 0.0037353944499, 0.0114672901109, 0.0194142702967, 0.0174258388579, 0.021134911105, 0.00339904520661, 0.00411415938288, 0.00765683315694, 0.0049411104992, 0.00350880878977, 0.00593446474522, 0.0138986716047, 0.0112429810688, 0.00851485319436, 0.00228171865456, 0.00287637813017, 0.00727419834584, 0.0125231277198, 0.00844991859049, 0.00530742062256, 0.00634792074561, 0.00248511577956, 0.00142737466376, 0.00253841490485, 0.00218828767538, 0.00253490591422, 0.00225628213957, 0.00286115496419, 0.00220916490071, 0.00108658603858, 0.0017789703561, 0.0018353308551, 0.00166229344904, 0.00243534659967, 0.00178629276343, 0.0027630594559, 0.00292253447697, 0.00161083077546, 0.00345611269586, 0.00269664218649, 0.00154451932758, 0.00114083313383, 0.0017815240426, 0.001132587553, 0.00150358153041, 0.00127781589981, 0.0012036341941, 0.000947111810092, 0.000732465996407, 0.000612653268036, 0.000432093336713, 0.00037571505527, 0.000362261431292, 0.000178916059667, 0.00015890863142, 0.000119645803352, 8.42027802719e-05, 7.20716925571e-05, 3.95227616536e-05, 3.92476249544e-05, 2.82451765088e-05, 3.27880334225e-05, 1.20161093946e-05, 1.41153186632e-05, 2.08461642615e-05, 1.49963670992e-05, 1.73728094524e-05, 2.18009445234e-05, 1.33622461362e-05, 9.69235770754e-06, 1.53798700921e-05, 1.51701597133e-05, 1.58285074576e-05, 1.51535659825e-05, 1.06966681415e-05, 9.90574790194e-06, 9.44092062127e-06, 1.26651539176e-05, 9.21895571082e-06, 1.91592007468e-05, 1.44071200339e-05, 1.40750662467e-05, 2.63721012743e-05, 1.10250712169e-05, 1.79312464752e-05, 9.11940151127e-06, 7.80502068665e-06, 1.06382567537e-05, 4.96380198456e-06, 3.15347870128e-06, 5.6705712268e-06, 9.06245259102e-05, 8.44094574859e-06, 7.64438664191e-06, 2.80249478237e-05, 2.22525650315e-05, 4.21783988713e-06, 8.74510624271e-06, 6.37743096377e-06, 2.07756988857e-06, 2.12862710214e-06, 1.45545720898e-06, 1.62254877978e-06, 1.17548700018e-06, 1.00512784229e-06, 3.69488702745e-07, 1.24667326418e-06, 3.92091152435e-07, 3.7377096973e-09, 3.23683346792e-09, 3.04445491039e-09, 2.89380119867e-09, 2.77720224595e-09, 2.65313992998e-09, 2.62351607105e-09, 2.52262988276e-09, 2.44054887411e-09, 2.36652830665e-09, 2.36110420104e-09, 2.33938912686e-09],
        "mean": [0.000988455023617, 0.00292905163951, 0.00303927110508, 0.00185601064004, 0.000906605855562, 0.000487286131829, 0.000452988024335, 0.000390494940802, 0.000221950831474, 0.000303187058307, 0.000421757489676, 0.000589885923546, 0.000381401536288, 9.77155796136e-05, 0.000103565835161, 0.000126487400848, 8.60645086505e-05, 0.000113153691927, 0.000136214643135, 0.000230374818784, 0.000200575057534, 0.000218365661567, 0.000165457211551, 0.000290471536573, 0.000579253362957, 0.00076567044016, 0.000500557245687, 0.000317818834446, 0.000262708839728, 0.000221648500883, 0.000150025982293, 0.00019069899281, 0.000176969959284, 0.000171017396497, 0.000187367520994, 0.000164865152328, 9.46273867157e-05, 7.01015160303e-05, 9.11746246857e-05, 0.000113412868814, 0.000117800453154, 9.8854980024e-05, 7.77933237259e-05, 7.54477368901e-05, 9.33072515181e-05, 6.44513129373e-05, 6.07299662079e-05, 5.48841890122e-05, 5.31357472937e-05, 4.77737739857e-05, 4.68346770504e-05, 3.53372415702e-05, 3.49614601873e-05, 3.32079471264e-05, 3.00971114484e-05, 2.68416351901e-05, 2.38647371589e-05, 2.11173100979e-05, 2.01937855309e-05, 2.03510226129e-05, 1.34521305881e-05, 1.00231636679e-05, 7.75399621489e-06, 7.07401568434e-06, 6.99327074472e-06, 5.50058848603e-06, 4.36466780229e-06, 3.25196265294e-06, 2.72855913863e-06, 2.12305258174e-06, 1.36336313972e-06, 1.40031193041e-06, 1.40083818678e-06, 1.36763549108e-06, 1.37102733788e-06, 1.41569239531e-06, 1.33967375859e-06, 1.30131036258e-06, 1.51400104187e-06, 1.31111107748e-06, 1.42546923598e-06, 1.22550466131e-06, 9.78786488304e-07, 9.24589301121e-07, 9.20339118693e-07, 8.83883387814e-07, 9.00280724636e-07, 1.00617626231e-06, 8.28922395613e-07, 7.48198544898e-07, 6.64067044909e-07, 5.73400996018e-07, 5.6740321952e-07, 5.58111082682e-07, 5.17971159297e-07, 4.57152481204e-07, 3.58612652462e-07, 2.76200125882e-07, 2.92763189691e-07, 8.0292744542e-07, 3.42364558037e-07, 3.55762125537e-07, 3.38918482612e-07, 5.44915678802e-07, 1.67449684341e-07, 1.99992200578e-07, 1.47098049297e-07, 1.18305322871e-07, 1.39363805829e-07, 8.87851641096e-08, 7.64711955981e-08, 4.97632548502e-08, 6.37850128271e-09, 3.61228980061e-09, 6.31663921169e-09, 2.32868946348e-09, 4.87775583813e-11, 1.29828023332e-11, 1.312215267e-11, 1.24986071839e-11, 1.15155714825e-11, 1.1241496449e-11, 1.12442841496e-11, 1.08533711532e-11, 9.81767792063e-12, 8.23616955886e-12, 7.46742771784e-12, 7.30396732679e-12],
        "min": [4.00011801287e-23, 2.22926774893e-23, 9.93619850591e-24, 2.0809998824e-24, 4.82856644816e-26, 4.85466184364e-24, 5.27704558243e-24, 7.18380995391e-24, 2.89390751627e-23, 2.97341175819e-23, 2.03740210397e-23, 2.60051626166e-23, 2.34399715463e-23, 9.66804259612e-24, 2.74686337022e-24, 1.22062932777e-24, 4.86439145683e-25, 1.81597875794e-25, 9.93622374946e-25, 8.3451362687e-24, 4.40780053983e-24, 1.11920212852e-24, 1.92984506106e-24, 1.94170913464e-24, 6.2378083508e-24, 1.26304274988e-23, 2.74047817228e-23, 8.45547266579e-24, 8.01269213944e-24, 3.28302641063e-23, 2.60924642753e-23, 9.00509177998e-24, 9.06898399128e-24, 4.33721918249e-24, 1.15391607099e-23, 1.90356522496e-23, 9.41796343397e-24, 6.84063258317e-24, 1.47713762741e-23, 4.61808088045e-24, 2.57572394113e-24, 9.18943042973e-24, 1.031038521e-23, 3.09093235099e-24, 1.05000257939e-23, 1.02228579371e-23, 3.60465888564e-24, 8.55491331606e-24, 6.09635730745e-24, 1.55796431575e-23, 6.6192695357e-24, 3.70208557402e-24, 5.50930358787e-24, 8.67350198708e-24, 7.692731734e-24, 1.31109763187e-23, 1.59203837369e-23, 8.07160821614e-24, 1.53300570335e-23, 9.303429508e-24, 5.26476420143e-24, 3.87095939458e-24, 1.21288358142e-23, 1.26791972465e-23, 1.6810428675e-23, 5.14444082528e-24, 1.15492904728e-23, 6.01353046228e-24, 9.8111687856e-24, 1.20167686563e-23, 9.63155304609e-24, 6.62763461674e-24, 6.39677328953e-24, 5.426001454e-24, 1.65510133441e-23, 1.12598124416e-23, 1.81190810748e-23, 3.06213853352e-24, 7.10611504336e-24, 1.10094279902e-23, 1.14902505449e-23, 1.66583883573e-23, 1.23915367509e-23, 2.44809807958e-23, 1.13714417817e-23, 1.0033831087e-23, 1.16431294217e-23, 1.13176414679e-23, 1.65925310935e-23, 1.16719031233e-23, 8.18026433951e-24, 1.46553727002e-23, 9.57150732056e-24, 7.97424148119e-24, 6.31892139566e-24, 1.4900440229e-23, 1.41142961608e-23, 6.29958483715e-24, 6.61921273771e-24, 7.1263871909e-24, 1.20029706902e-23, 7.90172149818e-24, 7.36596819212e-24, 1.21767188823e-23, 1.18358560295e-23, 7.68735722465e-24, 6.90342748895e-24, 2.02678009188e-23, 2.08353595188e-23, 1.15373376523e-23, 8.82061823501e-24, 1.41279671203e-23, 8.1840721711e-24, 1.37226693198e-23, 1.08971478399e-23, 1.05207570585e-23, 1.2342280276e-23, 1.0823611804e-23, 8.15502315712e-24, 8.38843921037e-24, 1.15338004e-23, 1.09944475217e-23, 1.57892450778e-23, 7.22608658754e-24, 1.12963414346e-23, 1.05340927521e-23, 8.55833697239e-24, 1.05917860944e-23],
        "stdev": [0.00320578040555, 0.0087257027626, 0.00875261798501, 0.00615950673819, 0.00319605739787, 0.00154991738964, 0.00140262534842, 0.000967734726146, 0.000434803863754, 0.00108844554052, 0.00154466740787, 0.00190184579697, 0.00161444745027, 0.000288180046482, 0.000310377712594, 0.000467032921733, 0.000298351689707, 0.000367109925719, 0.000535736151505, 0.00124538689852, 0.000705269572791, 0.000719457282685, 0.000278660096228, 0.000450911698863, 0.000928978493903, 0.00147731753532, 0.000771247199737, 0.000522087910213, 0.000463827804197, 0.000358824880095, 0.00020651743398, 0.00034112521098, 0.000282669847365, 0.000275268219411, 0.000316038785968, 0.00034689027234, 0.000208583878702, 0.000124115453218, 0.000185380966286, 0.000183629119419, 0.000186206510989, 0.000210183730815, 0.000171833104105, 0.000197204208234, 0.000281722284853, 0.000146999576828, 0.00020305813814, 0.000180820614332, 0.000145209865877, 0.000114482805657, 0.000139844953083, 9.43619961618e-05, 0.000116611838166, 0.000114526344987, 9.51606270974e-05, 8.22786678327e-05, 6.85217601131e-05, 5.52458986931e-05, 4.34469548054e-05, 3.85146013286e-05, 2.99788753182e-05, 1.86299603229e-05, 1.5076139789e-05, 1.24914140542e-05, 1.09274960778e-05, 8.09471566754e-06, 6.15527551417e-06, 4.43876979261e-06, 3.84121449315e-06, 3.17829903906e-06, 1.88482067642e-06, 1.92247853192e-06, 2.01516286324e-06, 1.77040237759e-06, 1.88820229141e-06, 2.10296184378e-06, 1.70474368133e-06, 1.55701241056e-06, 2.13508974412e-06, 1.69387453752e-06, 2.06721301765e-06, 1.85474289083e-06, 1.38095981583e-06, 1.34273500407e-06, 1.3186547676e-06, 1.34372658067e-06, 1.27666328353e-06, 1.85807027719e-06, 1.39044323078e-06, 1.50134746946e-06, 1.54368524363e-06, 1.13282328584e-06, 1.22796654978e-06, 1.07934056359e-06, 8.96542815099e-07, 9.62794501902e-07, 6.56494989926e-07, 4.36680551275e-07, 5.23652488482e-07, 4.22171433456e-06, 9.12005646114e-07, 9.21938749343e-07, 1.36258586281e-06, 1.62206299592e-06, 3.27451175508e-07, 5.75348735765e-07, 3.80764106467e-07, 2.19790408096e-07, 2.8687841791e-07, 1.88138017165e-07, 1.81043645853e-07, 1.12503535377e-07, 4.87209312894e-08, 2.8903038185e-08, 6.86217376256e-08, 2.50101486188e-08, 2.70188926788e-10, 1.37887840035e-10, 1.29753000011e-10, 1.23314053413e-10, 1.18320603315e-10, 1.1303705888e-10, 1.11765763311e-10, 1.07480614686e-10, 1.04020014824e-10, 1.00926995927e-10, 1.00723505925e-10, 9.98031865485e-11]
    },
    "mfcc": {
        "mean": [-681.872497559, 114.161636353, -28.5062351227, -4.2981710434, -1.08963799477, 4.14013195038, 2.27500724792, 13.866312027, 3.90024495125, 2.37278103828, 1.96927022934, -5.09970855713, -4.66719198227],
        "cov": [[11919.5341797, 1527.43286133, 348.925231934, -316.63961792, 192.656509399, 540.923156738, 458.952697754, 499.530456543, 904.715942383, 575.076660156, 410.680023193, 229.317474365, -266.087219238], [1527.43286133, 851.988830566, 356.236755371, 163.722900391, 155.057846069, 116.260894775, 193.962036133, 82.4894790649, 109.697105408, 70.5198669434, 39.7649726868, 9.59359550476, -30.1152420044], [348.925231934, 356.236755371, 969.558654785, 479.732025146, 162.895828247, 12.5620937347, 44.3559646606, -84.3425064087, -131.336196899, 20.2635860443, 38.6216011047, -69.2602005005, 6.54096603394], [-316.63961792, 163.722900391, 479.732025146, 552.500732422, 150.871047974, 24.1950855255, 72.8198623657, -45.4627761841, -127.493186951, -54.5174446106, -14.1119680405, -69.4519577026, 11.4060964584], [192.656509399, 155.057846069, 162.895828247, 150.871047974, 282.433868408, 55.0950660706, 91.4174957275, 19.1117248535, 44.8594360352, 8.94679832458, -1.0320558548, -29.3695831299, -1.78912436962], [540.923156738, 116.260894775, 12.5620937347, 24.1950855255, 55.0950660706, 148.08253479, 84.6016921997, 56.6864624023, 90.098815918, 37.537612915, 9.33381938934, 42.2310791016, -2.13340473175], [458.952697754, 193.962036133, 44.3559646606, 72.8198623657, 91.4174957275, 84.6016921997, 162.114608765, 73.4060287476, 77.6105880737, 19.0542850494, 17.6548233032, -5.86994361877, -18.0058822632], [499.530456543, 82.4894790649, -84.3425064087, -45.4627761841, 19.1117248535, 56.6864624023, 73.4060287476, 137.012481689, 94.7621078491, 31.1660289764, 27.7750225067, 23.5286769867, -5.38044118881], [904.715942383, 109.697105408, -131.336196899, -127.493186951, 44.8594360352, 90.098815918, 77.6105880737, 94.7621078491, 231.85005188, 69.5531311035, 16.4156570435, 58.2838058472, -12.9502429962], [575.076660156, 70.5198669434, 20.2635860443, -54.5174446106, 8.94679832458, 37.537612915, 19.0542850494, 31.1660289764, 69.5531311035, 91.9260101318, 38.6691818237, 30.5230884552, -10.1536684036], [410.680023193, 39.7649726868, 38.6216011047, -14.1119680405, -1.0320558548, 9.33381938934, 17.6548233032, 27.7750225067, 16.4156570435, 38.6691818237, 81.1898269653, 11.7951097488, -10.7950963974], [229.317474365, 9.59359550476, -69.2602005005, -69.4519577026, -29.3695831299, 42.2310791016, -5.86994361877, 23.5286769867, 58.2838058472, 30.5230884552, 11.7951097488, 97.8593444824, 17.9500045776], [-266.087219238, -30.1152420044, 6.54096603394, 11.4060964584, -1.78912436962, -2.13340473175, -18.0058822632, -5.38044118881, -12.9502429962, -10.1536684036, -10.7950963974, 17.9500045776, 57.2560958862]],
        "icov": [[0.000212724626181, -0.00023524009157, -8.61169319251e-05, 2.85395835817e-05, 9.83038771665e-05, -0.000299463048577, 0.000285776070086, -0.000152994733071, -0.000531633209903, -0.000326596898958, -0.000551147968508, 6.52010276099e-05, 0.00063391047297], [-0.00023524009157, 0.00234259106219, -0.00080170459114, 0.000187873345567, -0.000214287967538, 0.000563832989428, -0.00237546674907, -0.000182539879461, 0.000303498527501, -0.00011982973956, 0.00106847460847, -0.000779202207923, -6.36796467006e-05], [-8.61169319251e-05, -0.00080170459114, 0.00270954170264, -0.00196440541185, -0.000360852252925, -2.42886490014e-05, 0.000837705098093, 0.00132014486007, 0.000753421452828, -0.00169928511605, -0.00102505413815, 0.000817152962554, -0.00094516138779], [2.85395835817e-05, 0.000187873345567, -0.00196440541185, 0.00472560385242, -0.0010195421055, -0.00109110632911, -0.00190432218369, -0.000205532385735, 0.00188313832041, 0.00213257991709, 0.000655478506815, 0.000167765028891, -0.000301125110127], [9.83038771665e-05, -0.000214287967538, -0.000360852252925, -0.0010195421055, 0.00544270547107, -0.000651680398732, -0.00148531526793, 0.000632658076938, -0.00203998154029, -0.000359026656952, 4.57375608676e-05, 0.00195379811339, -0.000802365306299], [-0.000299463048577, 0.000563832989428, -2.42886490014e-05, -0.00109110632911, -0.000651680398732, 0.0138959232718, -0.00575050199404, -0.000688264786731, -0.00101281434763, -0.00205170060508, 0.00284610176459, -0.00551049597561, -0.000579442887101], [0.000285776070086, -0.00237546674907, 0.000837705098093, -0.00190432218369, -0.00148531526793, -0.00575050199404, 0.0166357494891, -0.00436744466424, -0.00297685037367, 0.00170974235516, -0.0029158599209, 0.00397378113121, 0.00275717256591], [-0.000152994733071, -0.000182539879461, 0.00132014486007, -0.000205532385735, 0.000632658076938, -0.000688264786731, -0.00436744466424, 0.0135732656345, -0.00272092502564, 0.000248072872637, -0.00336705008522, 0.000513348961249, -0.00238793599419], [-0.000531633209903, 0.000303498527501, 0.000753421452828, 0.00188313832041, -0.00203998154029, -0.00101281434763, -0.00297685037367, -0.00272092502564, 0.0122066596523, -0.00364173366688, 0.00387573451735, -0.0031739352271, -0.000224710034672], [-0.000326596898958, -0.00011982973956, -0.00169928511605, 0.00213257991709, -0.000359026656952, -0.00205170060508, 0.00170974235516, 0.000248072872637, -0.00364173366688, 0.0212688483298, -0.00630136858672, -0.00198867730796, 0.00104526313953], [-0.000551147968508, 0.00106847460847, -0.00102505413815, 0.000655478506815, 4.57375608676e-05, 0.00284610176459, -0.0029158599209, -0.00336705008522, 0.00387573451735, -0.00630136858672, 0.019368223846, -0.00252589117736, 0.00106396561023], [6.52010276099e-05, -0.000779202207923, 0.000817152962554, 0.000167765028891, 0.00195379811339, -0.00551049597561, 0.00397378113121, 0.000513348961249, -0.0031739352271, -0.00198867730796, -0.00252589117736, 0.0178771913052, -0.00623131496832], [0.00063391047297, -6.36796467006e-05, -0.00094516138779, -0.000301125110127, -0.000802365306299, -0.000579442887101, 0.00275717256591, -0.00238793599419, -0.000224710034672, 0.00104526313953, 0.00106396561023, -0.00623131496832, 0.0234305374324]]
    },
    "spectral_contrast_coeffs": {
        "max": [-0.50145560503, -0.527200698853, -0.579212665558, -0.624412000179, -0.615547418594, -0.648739695549],
        "mean": [-0.752469003201, -0.781389892101, -0.776545464993, -0.824180483818, -0.786684036255, -0.757455945015],
        "min": [-0.956680476665, -0.959401965141, -0.96000546217, -0.955667257309, -0.959478139877, -0.961680054665],
        "stdev": [0.068752028048, 0.0771019086242, 0.0586985275149, 0.0378169007599, 0.042525049299, 0.0361412204802]
    },
    "spectral_contrast_valleys": {
        "max": [-4.92571401596, -4.82331848145, -5.01517295837, -4.98262357712, -6.34560346603, -9.09037017822],
        "mean": [-7.71746015549, -7.12218666077, -7.06686449051, -7.33844423294, -7.98790502548, -10.890048027],
        "min": [-27.4131698608, -27.3044948578, -27.0562324524, -27.3219261169, -27.3052082062, -27.2562255859],
        "stdev": [1.77378773689, 1.40908741951, 1.55390810966, 1.48363375664, 1.2745372057, 1.22553837299]
    }
},
"rhythm": {
    "beats_count": 25,
    "beats_loudness": {
        "max": 0.0658768489957,
        "mean": 0.0180176533759,
        "min": 0.00012908714416,
        "stdev": 0.0204002931714
    },
    "bpm": 156.605148315,
    "bpm_histogram_first_peak_bpm": 157,
    "bpm_histogram_first_peak_weight": 0.222222268581,
    "bpm_histogram_second_peak_bpm": 105,
    "bpm_histogram_second_peak_spread": 0.444444477558,
    "bpm_histogram_second_peak_weight": 0.208333328366,
    "danceability": 0.748504340649,
    "onset_rate": 1.48910236359,
    "beats_loudness_band_ratio": {
        "max": [0.776046454906, 0.452466547489, 0.521154165268, 0.665757954121, 0.411297649145, 0.769236981869],
        "mean": [0.230363100767, 0.0888486132026, 0.205224260688, 0.285106360912, 0.146709427238, 0.080843038857],
        "min": [0.000634317635559, 0.00316536985338, 0.0405487082899, 0.0108297858387, 0.00786581262946, 0.00383492792025],
        "stdev": [0.235958501697, 0.127449020743, 0.141537934542, 0.184861987829, 0.110045097768, 0.156899005175]
    },
    "beats_position": [0.557278871536, 1.1261677742, 1.69505667686, 2.26394557953, 2.8444442749, 3.42494320869, 3.99383211136, 4.57433080673, 5.14321994781, 5.72371864319, 6.2229475975, 6.72217655182, 7.23301553726, 7.70902490616, 8.18503379822, 8.64943313599, 9.03256225586, 9.4040813446, 9.78721046448, 10.1703395844, 10.5418596268, 10.9249887466, 11.3081178665, 11.6912469864, 12.0743761063],
