{
"metadata": {
    "version": {
        "essentia": "2.1-beta5",
        "essentia_git_sha": "Undefined",
        "extractor": "music 2.0"
    },
    "audio_properties": {
        "analysis": {
            "equal_loudness": 0,
            "length": 29.0017242432,
            "sample_rate": 44100,
            "start_time": 0,
            "downmix": "mix"
        },
        "bit_rate": 192000,
        "length": 195.291442871,
        "lossless": 0,
        "number_channels": 2,
        "replay_gain": 3.6260471344,
        "sample_rate": 48000,
        "codec": "mp3",
        "md5_encoded": "0713366aec779ecb8714b38491bb5277"
    },
    "tags": {
        "file_name": "North MacedoniaNorth MacedoniaN_Dona_Kaliopi.mp3",
        "encoding": ["Lavf58.29.100"]
    }
},
"lowlevel": {
    "average_loudness": 0.816723227501,
    "barkbands_crest": {
        "max": 26.6175498962,
        "mean": 11.800992012,
        "min": 2.38899469376,
        "stdev": 5.33305454254
    },
    "barkbands_flatness_db": {
        "max": 0.477475345135,
        "mean": 0.20041924715,
        "min": 0.0237695556134,
        "stdev": 0.0723258331418
    },
    "barkbands_kurtosis": {
        "max": 307.386352539,
        "mean": 10.2486362457,
        "min": -1.95389676094,
        "stdev": 21.9393005371
    },
    "barkbands_skewness": {
        "max": 14.7934551239,
        "mean": 1.9817019701,
        "min": -1.92190873623,
        "stdev": 1.83582222462
    },
    "barkbands_spread": {
        "max": 88.1137619019,
        "mean": 13.1426792145,
        "min": 0.251546770334,
        "stdev": 13.518532753
    },
    "dissonance": {
        "max": 0.500000119209,
        "mean": 0.446177631617,
        "min": 0.273614436388,
        "stdev": 0.0436314232647
    },
    "dynamic_complexity": 3.84570431709,
    "erbbands_crest": {
        "max": 29.4774436951,
        "mean": 11.4279565811,
        "min": 3.01395940781,
        "stdev": 5.60810709
    },
    "erbbands_flatness_db": {
        "max": 0.398281544447,
        "mean": 0.218213617802,
        "min": 0.0448377206922,
        "stdev": 0.0568750090897
    },
    "erbbands_kurtosis": {
        "max": 53.222114563,
        "mean": 2.65886235237,
        "min": -1.86387240887,
        "stdev": 4.91130828857
    },
    "erbbands_skewness": {
        "max": 6.14417362213,
        "mean": 0.88180989027,
        "min": -2.6794154644,
        "stdev": 1.04979538918
    },
    "erbbands_spread": {
        "max": 141.644088745,
        "mean": 25.1747150421,
        "min": 2.94545865059,
        "stdev": 19.84233284
    },
    "hfc": {
        "max": 203.954727173,
        "mean": 12.2151069641,
        "min": 1.16341470848e-16,
        "stdev": 18.379240036
    },
    "loudness_ebu128": {
        "integrated": -27.3765468597,
        "loudness_range": 8.68356323242,
        "momentary": {
            "max": -21.0565929413,
            "mean": -29.3447494507,
            "min": -46.8992996216,
            "stdev": 4.6079287529
        },
        "short_term": {
            "max": -24.7237091064,
            "mean": -28.7253932953,
            "min": -38.4992599487,
            "stdev": 3.40421080589
        }
    },
    "melbands_crest": {
        "max": 34.3107681274,
        "mean": 14.999250412,
        "min": 2.16296625137,
        "stdev": 6.18737411499
    },
    "melbands_flatness_db": {
        "max": 0.53703379631,
        "mean": 0.252903074026,
        "min": 0.00640676775947,
        "stdev": 0.0904649719596
    },
    "melbands_kurtosis": {
        "max": 169.726898193,
        "mean": 14.7363576889,
        "min": -1.37151730061,
        "stdev": 20.6366519928
    },
    "melbands_skewness": {
        "max": 10.0729999542,
        "mean": 2.40161705017,
        "min": -1.03401839733,
        "stdev": 1.80368757248
    },
    "melbands_spread": {
        "max": 142.152313232,
        "mean": 16.3728923798,
        "min": 0.519693791866,
        "stdev": 17.3747234344
    },
    "pitch_salience": {
        "max": 0.845801115036,
        "mean": 0.546179115772,
        "min": 0.0781013295054,
        "stdev": 0.15291030705
    },
    "silence_rate_20dB": {
        "max": 1,
        "mean": 0.998399972916,
        "min": 0,
        "stdev": 0.0399679727852
    },
    "silence_rate_30dB": {
        "max": 1,
        "mean": 0.988799989223,
        "min": 0,
        "stdev": 0.105235651135
    },
    "silence_rate_60dB": {
        "max": 1,
        "mean": 0.128800004721,
        "min": 0,
        "stdev": 0.334975451231
    },
    "spectral_centroid": {
        "max": 11037.7080078,
        "mean": 911.258972168,
        "min": 208.697021484,
        "stdev": 657.443115234
    },
    "spectral_complexity": {
        "max": 42,
        "mean": 11.9720001221,
        "min": 0,
        "stdev": 7.62156295776
    },
    "spectral_decrease": {
        "max": -3.12405968966e-29,
        "mean": -5.07132291716e-09,
        "min": -1.4660679426e-07,
        "stdev": 7.44515160633e-09
    },
    "spectral_energy": {
        "max": 0.558619976044,
        "mean": 0.0202482976019,
        "min": 1.06704319925e-20,
        "stdev": 0.0288135614246
    },
    "spectral_energyband_high": {
        "max": 0.0251162331551,
        "mean": 0.000463059957838,
        "min": 7.58449658468e-21,
        "stdev": 0.00191677047405
    },
    "spectral_energyband_low": {
        "max": 0.53460496664,
        "mean": 0.0052793729119,
        "min": 5.72527981977e-23,
        "stdev": 0.0208796691149
    },
    "spectral_energyband_middle_high": {
        "max": 0.0533523447812,
        "mean": 0.00286058709025,
        "min": 1.48323712517e-21,
        "stdev": 0.00501934671775
    },
    "spectral_energyband_middle_low": {
        "max": 0.132914990187,
        "mean": 0.0127535769716,
        "min": 2.78972290895e-22,
        "stdev": 0.0169332884252
    },
    "spectral_entropy": {
        "max": 9.80928897858,
        "mean": 7.09409284592,
        "min": 4.6539182663,
        "stdev": 0.693826079369
    },
    "spectral_flux": {
        "max": 0.629908800125,
        "mean": 0.0577723383904,
        "min": 1.03297780052e-10,
        "stdev": 0.0459940880537
    },
    "spectral_kurtosis": {
        "max": 65.2118606567,
        "mean": 10.2353496552,
        "min": -1.20403838158,
        "stdev": 8.68792057037
    },
    "spectral_rms": {
        "max": 0.0233451295644,
        "mean": 0.00384925073013,
        "min": 3.22648071455e-12,
        "stdev": 0.00222209701315
    },
    "spectral_rolloff": {
        "max": 18927.6855469,
        "mean": 1168.2331543,
        "min": 64.599609375,
        "stdev": 1465.40722656
    },
    "spectral_skewness": {
        "max": 6.76590299606,
        "mean": 2.32169151306,
        "min": -0.113370865583,
        "stdev": 0.915056526661
    },
    "spectral_spread": {
        "max": 40955824,
        "mean": 3770806.75,
        "min": 1540335.75,
        "stdev": 2213983.5
    },
    "spectral_strongpeak": {
        "max": 6.82778835297,
        "mean": 0.862017869949,
        "min": 0,
        "stdev": 0.873292088509
    },
    "zerocrossingrate": {
        "max": 0.65966796875,
        "mean": 0.0474425777793,
        "min": 0.00634765625,
        "stdev": 0.0455368719995
    },
    "barkbands": {
        "max": [0.064816467464, 0.381148517132, 0.231986060739, 0.0629207268357, 0.0819559395313, 0.0362755395472, 0.045494645834, 0.0702794119716, 0.0100747859105, 0.0137087022886, 0.00620077271014, 0.0137151740491, 0.00939828623086, 0.0123785519972, 0.0173106882721, 0.0129688624293, 0.00976241752505, 0.00969557277858, 0.00625002523884, 0.00667312508449, 0.00278120976873, 0.00593004655093, 0.013682294637, 0.00681728078052, 0.0046515436843, 0.000920127728023, 7.90865578892e-06],
        "mean": [0.00051917124074, 0.00265422440134, 0.00114783656318, 0.00175974518061, 0.00545442756265, 0.00205109873787, 0.000771284103394, 0.00162401422858, 0.000775822030846, 0.000910584058147, 0.000332023395458, 0.000349557201844, 0.000304806017084, 0.000276540813502, 0.000234730003285, 0.00020160767599, 0.000165946432389, 0.000150019535795, 8.04364826763e-05, 4.47923448519e-05, 4.25832440669e-05, 9.03443506104e-05, 0.000156831854838, 7.78017638368e-05, 5.70165393583e-05, 1.50356472659e-05, 1.17511920195e-08],
        "min": [1.26095667033e-22, 2.14720049792e-24, 1.34014278043e-23, 1.40189512763e-23, 9.90725930137e-23, 6.99458036655e-24, 2.62572115645e-23, 3.50671959545e-23, 8.25038949859e-23, 8.58558470137e-23, 1.37706184944e-22, 7.91528895911e-23, 8.26051784152e-23, 1.06592576831e-22, 2.03460215262e-22, 1.34272645766e-22, 1.25875177254e-22, 1.57519013492e-22, 2.08273440609e-22, 3.41588585942e-22, 5.52328598964e-22, 4.06952767511e-22, 9.76730363853e-22, 8.80431374228e-22, 1.25162776534e-21, 1.26841250397e-21, 2.31208068175e-21],
        "stdev": [0.00329395406879, 0.0140593135729, 0.00791320856661, 0.00333506637253, 0.00896876025945, 0.0045592780225, 0.0028813094832, 0.00493286643177, 0.00129996810574, 0.00147279526573, 0.000601708539762, 0.00091628782684, 0.000732268323191, 0.00082828005543, 0.00092753500212, 0.000801892892923, 0.000617893179879, 0.000632397714071, 0.000277592014754, 0.000260428758338, 0.000171559120645, 0.000432569591794, 0.000891009985935, 0.000374129100237, 0.000240704379394, 5.93207732891e-05, 2.5382226454e-07]
    },
    "erbbands": {
        "max": [4.59099245071, 105.922309875, 236.062179565, 284.38949585, 381.323608398, 235.708862305, 688.110900879, 147.270965576, 239.718048096, 1317.76940918, 1908.55688477, 242.368362427, 314.525878906, 466.237457275, 223.140472412, 710.240478516, 350.157196045, 596.882995605, 545.024108887, 782.624938965, 719.443969727, 536.867370605, 598.778564453, 373.944580078, 407.929077148, 384.687469482, 164.557144165, 99.9368286133, 190.5884552, 329.200012207, 352.403045654, 228.583770752, 71.622756958, 46.763584137, 35.0482826233, 8.88958263397, 0.513995468616, 0.026009818539, 0.00114225607831, 0.000605762586929],
        "mean": [0.102100849152, 0.496522009373, 1.21407818794, 4.31868028641, 7.4400806427, 19.0952644348, 35.026386261, 8.85048389435, 8.41107463837, 22.4873428345, 36.4801597595, 18.7880554199, 26.019744873, 21.4644546509, 16.047498703, 13.6615190506, 12.9138469696, 15.2616987228, 13.9261827469, 11.1730480194, 11.087972641, 9.32860183716, 8.3120470047, 5.8602437973, 3.13959717751, 2.1645629406, 1.75419986248, 1.81639528275, 2.87298297882, 4.21431922913, 4.50112009048, 2.27194499969, 1.03634786606, 0.622688829899, 0.404287874699, 0.13612678647, 0.0109978523105, 0.000401372322813, 2.94581204798e-05, 2.59182452282e-05],
        "min": [4.13336179469e-22, 4.48215468756e-22, 7.56812907143e-21, 3.96405144375e-20, 2.4071395265e-19, 3.1792281008e-19, 1.31990509083e-19, 1.20089318773e-19, 4.56520618176e-19, 3.16459424179e-19, 1.03357199815e-18, 1.7249262454e-18, 2.04538314914e-18, 4.59183136792e-18, 4.29944907758e-18, 3.78762404252e-18, 4.12459591738e-18, 5.2234780642e-18, 7.55492260304e-18, 1.04123394469e-17, 6.70669189825e-18, 7.66103250483e-18, 8.50080528785e-18, 7.79299262795e-18, 1.43392735259e-17, 1.54872662129e-17, 1.60207166443e-17, 2.5637056879e-17, 1.50162927332e-17, 1.66097139082e-17, 3.17629745159e-17, 2.03579124547e-17, 1.39099171572e-17, 1.19323235272e-17, 9.30895164733e-18, 5.5949690132e-18, 2.23549014022e-18, 1.1209967171e-18, 3.26945980545e-19, 3.3605362683e-20],
        "stdev": [0.419142633677, 3.44978117943, 9.13021183014, 10.135181427, 19.1389827728, 30.6592140198, 88.7813491821, 14.1880550385, 20.3651638031, 88.0278930664, 117.055496216, 28.5683383942, 34.8155593872, 43.6413574219, 27.2021465302, 39.4644851685, 30.0675048828, 42.0660896301, 43.5928993225, 44.2721977234, 44.531665802, 34.2523918152, 34.8898696899, 19.3192806244, 14.3203582764, 13.540517807, 7.57085323334, 7.39439678192, 13.5783996582, 21.2417640686, 25.9150371552, 12.3480291367, 4.34102296829, 2.75750041008, 1.70607531071, 0.537149608135, 0.0411441028118, 0.0016379528679, 7.70225378801e-05, 3.50057198375e-05]
    },
    "gfcc": {
        "mean": [-79.1406707764, 112.485900879, -131.049331665, 7.83240222931, -77.2230453491, 6.35593891144, -50.9342384338, 3.73443055153, -29.3754787445, -12.3092689514, -21.2567024231, -10.5113782883, -7.19318819046],
        "cov": [[8691.86621094, -944.617980957, 898.198486328, 1330.59094238, 172.968673706, 1137.62817383, 213.450531006, 521.587463379, 18.9153385162, 225.626998901, -233.745666504, 336.696594238, -363.039642334], [-944.617980957, 1679.87451172, 159.731140137, -328.426116943, 209.889282227, -480.110992432, 73.464805603, -257.762786865, -6.82025289536, -269.812896729, 164.041091919, -212.757156372, 148.434005737], [898.198486328, 159.731140137, 1310.25964355, 439.364501953, -159.129669189, -84.0413742065, -178.504135132, -176.89666748, -166.402496338, -175.091064453, -94.7493591309, 24.2295875549, -97.4597930908], [1330.59094238, -328.426116943, 439.364501953, 645.354187012, 107.48991394, 282.008361816, 55.5655403137, 136.124420166, 62.1086006165, 34.4118995667, -73.2725524902, 80.7174835205, -77.1263656616], [172.968673706, 209.889282227, -159.129669189, 107.48991394, 547.63848877, 312.381500244, 257.961151123, 204.092849731, 138.492462158, 104.888244629, 26.9235610962, 11.9216861725, 53.551940918], [1137.62817383, -480.110992432, -84.0413742065, 282.008361816, 312.381500244, 668.946533203, 255.777816772, 297.46484375, 144.438415527, 210.205062866, -24.9596538544, 95.9254379272, -32.9065093994], [213.450531006, 73.464805603, -178.504135132, 55.5655403137, 257.961151123, 255.777816772, 313.076080322, 177.110687256, 118.669273376, 108.111373901, 59.7488975525, 29.9221820831, 37.1720848083], [521.587463379, -257.762786865, -176.89666748, 136.124420166, 204.092849731, 297.46484375, 177.110687256, 285.389434814, 148.806411743, 167.326568604, 1.45031702518, 50.4430961609, -13.4917764664], [18.9153385162, -6.82025289536, -166.402496338, 62.1086006165, 138.492462158, 144.438415527, 118.669273376, 148.806411743, 219.863510132, 110.182922363, 24.36602211, -3.06485819817, 4.95267677307], [225.626998901, -269.812896729, -175.091064453, 34.4118995667, 104.888244629, 210.205062866, 108.111373901, 167.326568604, 110.182922363, 226.205993652, 12.3443727493, 25.6571960449, -21.3571567535], [-233.745666504, 164.041091919, -94.7493591309, -73.2725524902, 26.9235610962, -24.9596538544, 59.7488975525, 1.45031702518, 24.36602211, 12.3443727493, 115.160919189, 0.488683432341, 46.8712081909], [336.696594238, -212.757156372, 24.2295875549, 80.7174835205, 11.9216861725, 95.9254379272, 29.9221820831, 50.4430961609, -3.06485819817, 25.6571960449, 0.488683432341, 118.879501343, 2.30157876015], [-363.039642334, 148.434005737, -97.4597930908, -77.1263656616, 53.551940918, -32.9065093994, 37.1720848083, -13.4917764664, 4.95267677307, -21.3571567535, 46.8712081909, 2.30157876015, 124.658889771]],
        "icov": [[0.000288303737761, -0.000526591320522, 0.000152412831085, -0.000528746342752, 0.000537229701877, -0.000640575774014, 0.000309152266709, -0.000545632850844, 0.000587674439885, -0.000293128512567, 0.000416666094679, -0.000747117795981, 0.000491102866363], [-0.000526591320522, 0.00407838635147, -0.00142494298052, 0.00210388051346, -0.00338394520804, 0.00306490901858, -0.00251648505218, 0.00233437167481, -0.00266805733554, 0.00302574713714, -0.00328774075024, 0.00447564199567, -0.0011584404856], [0.000152412831085, -0.00142494298052, 0.00197929074056, -0.00194969342556, 0.00115205906332, -0.000965067069046, 0.000991494744085, 0.000136995615321, 0.00148951576557, -0.000771315069869, 0.00115963665303, -0.00152236223221, 0.000852012017276], [-0.000528746342752, 0.00210388051346, -0.00194969342556, 0.00480544473976, -0.00200396426953, 0.000982998637483, -0.00107781856786, 0.000228171455092, -0.00272574438713, 0.00235028704628, -0.000941663631238, 0.00141159910709, -0.000290744646918], [0.000537229701877, -0.00338394520804, 0.00115205906332, -0.00200396426953, 0.0064786542207, -0.00349385035224, 0.000257964187767, -0.00299837812781, 0.00197021127678, -0.00191295379773, 0.00317985238507, -0.00261660758406, -0.000405446626246], [-0.000640575774014, 0.00306490901858, -0.000965067069046, 0.000982998637483, -0.00349385035224, 0.00668386043981, -0.0033896076493, 0.000720380223356, -0.00177991460077, 0.000508424418513, -0.001207148307, 0.00219692965038, -0.000736171437893], [0.000309152266709, -0.00251648505218, 0.000991494744085, -0.00107781856786, 0.000257964187767, -0.0033896076493, 0.00944090820849, -0.00345337809995, 0.00109811930452, -0.00144712429028, -0.00141435454134, -0.00270678056404, 0.000100765806565], [-0.000545632850844, 0.00233437167481, 0.000136995615321, 0.000228171455092, -0.00299837812781, 0.000720380223356, -0.00345337809995, 0.013716221787, -0.00471088662744, -0.00214819447137, -0.000406019185903, 0.000655966927297, -0.000168172977283], [0.000587674439885, -0.00266805733554, 0.00148951576557, -0.00272574438713, 0.00197021127678, -0.00177991460077, 0.00109811930452, -0.00471088662744, 0.0104231154546, -0.00343975028954, 0.000939545047004, -0.000940760422964, 0.00087362958584], [-0.000293128512567, 0.00302574713714, -0.000771315069869, 0.00235028704628, -0.00191295379773, 0.000508424418513, -0.00144712429028, -0.00214819447137, -0.00343975028954, 0.0116625595838, -0.00365085247904, 0.00325405225158, 0.000996991875581], [0.000416666094679, -0.00328774075024, 0.00115963665303, -0.000941663631238, 0.00317985238507, -0.001207148307, -0.00141435454134, -0.000406019185903, 0.000939545047004, -0.00365085247904, 0.0154209872708, -0.00468571903184, -0.00222916225903], [-0.000747117795981, 0.00447564199567, -0.00152236223221, 0.00141159910709, -0.00261660758406, 0.00219692965038, -0.00270678056404, 0.000655966927297, -0.000940760422964, 0.00325405225158, -0.00468571903184, 0.0161366518587, -0.00318101514131], [0.000491102866363, -0.0011584404856, 0.000852012017276, -0.000290744646918, -0.000405446626246, -0.000736171437893, 0.000100765806565, -0.000168172977283, 0.00087362958584, 0.000996991875581, -0.00222916225903, -0.00318101514131, 0.0122823053971]]
    },
    "melbands": {
        "max": [0.0741376057267, 0.129886627197, 0.0456443913281, 0.0196898635477, 0.0216205250472, 0.00361941917799, 0.00468534976244, 0.0142639270052, 0.0146875279024, 0.00141097849701, 0.00165401247796, 0.00212135515176, 0.000969696848188, 0.00135263206903, 0.000942241691519, 0.000979752745479, 0.00116678432096, 0.00077098084148, 0.00147568923421, 0.000806500320323, 0.000892062147614, 0.000642980448902, 0.000471728097182, 0.000544537673704, 0.000276462757029, 0.000222798902541, 0.000334482494509, 0.000233333630604, 0.000110737448267, 6.99584634276e-05, 6.77169373375e-05, 8.43602174427e-05, 0.000181616152986, 0.000259344145888, 0.000259405554971, 0.00017610580835, 0.000129803127493, 5.09352903464e-05, 4.25785510743e-05, 4.43812568847e-05],
        "mean": [0.000838945794385, 0.000670101959258, 0.000795158266556, 0.000891430478077, 0.00120163487736, 0.000231860205531, 0.00013498395856, 0.00026306064683, 0.000276081409538, 0.000108448432002, 0.000132164321258, 9.12047908059e-05, 5.03783703607e-05, 4.4415195589e-05, 2.57269239228e-05, 3.18109196087e-05, 2.77740291494e-05, 2.28471380979e-05, 1.6745967514e-05, 1.36405587909e-05, 1.30392681967e-05, 1.0232743989e-05, 7.06967102815e-06, 7.57061161494e-06, 4.51392679679e-06, 2.58454815594e-06, 1.70864348092e-06, 1.3873949456e-06, 1.09291636363e-06, 1.05187586996e-06, 1.04276523416e-06, 1.42452302043e-06, 2.12698364521e-06, 2.49528125096e-06, 2.87238503915e-06, 1.93935306925e-06, 1.1590880149e-06, 7.58528642564e-07, 5.48872151285e-07, 5.16804902873e-07],
        "min": [7.72749131207e-24, 3.34814419623e-24, 1.24188486931e-23, 2.22012090673e-23, 6.46349869477e-24, 2.96878631172e-24, 5.85014238045e-24, 3.77605390566e-24, 1.03554141793e-23, 1.05027315868e-23, 9.88430960214e-24, 1.7831574407e-23, 1.7920183997e-23, 8.26760938551e-24, 8.43405509221e-24, 1.00305344373e-23, 9.08548065053e-24, 1.08580960696e-23, 1.61040068899e-23, 1.23903463598e-23, 6.33870957703e-24, 7.17864291498e-24, 8.44610652026e-24, 6.98171325632e-24, 5.59525984425e-24, 9.92181993819e-24, 1.07325733113e-23, 1.03269150014e-23, 9.00249327216e-24, 1.27770286206e-23, 1.59200445268e-23, 8.67812076768e-24, 6.60171383068e-24, 9.8493961962e-24, 1.85654154195e-23, 1.50508554933e-23, 1.24651027635e-23, 9.28670092365e-24, 9.95771942026e-24, 1.04748303654e-23],
        "stdev": [0.00364793231711, 0.00448280898854, 0.00182811950799, 0.00140776426997, 0.00272347545251, 0.000404443533625, 0.000356658129022, 0.000915072974749, 0.000858686107676, 0.000168307014974, 0.000179811162525, 0.000197072135052, 9.01904932107e-05, 0.000107235566247, 6.87805950292e-05, 7.76632368797e-05, 8.05587915238e-05, 6.7516179115e-05, 7.25692807464e-05, 5.42610832781e-05, 5.35689832759e-05, 3.94735470763e-05, 2.7638319807e-05, 3.36328921549e-05, 1.43691968333e-05, 9.65100480244e-06, 1.1234550584e-05, 8.66116897669e-06, 4.84626707475e-06, 4.49655453849e-06, 4.34816229244e-06, 6.53869437883e-06, 1.12161851575e-05, 1.36276294143e-05, 1.71333031176e-05, 1.11664812721e-05, 6.20747596258e-06, 3.1160582239e-06, 2.31698118114e-06, 2.44538114202e-06]
    },
    "melbands128": {
        "max": [0.044336810708, 0.0426651202142, 0.0949957296252, 0.213652729988, 0.166130527854, 0.116112202406, 0.063167206943, 0.0241077654064, 0.0517295263708, 0.0199034344405, 0.0172966308892, 0.0307742990553, 0.0334240496159, 0.01091040764, 0.00240891799331, 0.00513939745724, 0.00565545167774, 0.00528702046722, 0.0154842548072, 0.0232280641794, 0.0149163622409, 0.0225642733276, 0.0251242090017, 0.00256082229316, 0.00234081014059, 0.00187796633691, 0.00261254538782, 0.00223043281585, 0.00312803732231, 0.00489046424627, 0.00132963596843, 0.000831107259728, 0.0019586358685, 0.00152755773161, 0.00158738275059, 0.00257238768972, 0.00382126728073, 0.000843836052809, 0.000888491165824, 0.00156129477546, 0.00116925302427, 0.00152531254571, 0.00141571171116, 0.00209638266824, 0.00162716628984, 0.00119853636716, 0.00218251231126, 0.00261705578305, 0.00118930940516, 0.000913134717848, 0.00106303207576, 0.000824077520519, 0.00149442988914, 0.000797320739366, 0.000906052766368, 0.000876166275702, 0.000541273329873, 0.000498505251016, 0.000603245105594, 0.00105604948476, 0.00074862211477, 0.000888353213668, 0.00031344636227, 0.000225555122597, 0.000275048427284, 0.000184907403309, 0.000310369912768, 0.000549115356989, 0.000320948776789, 0.000502700917423, 0.000162912168889, 0.000262075802311, 0.000116735747724, 0.000100407851278, 8.90878145583e-05, 0.000106230589154, 9.27551300265e-05, 8.20497079985e-05, 9.57782976911e-05, 0.000133412409923, 9.60577672231e-05, 0.000138874922413, 0.000199162226636, 0.000202268667636, 0.000188809251995, 0.000202318275115, 0.000347009219695, 0.000462020077975, 0.000315220735501, 0.0003310906759, 0.000167996651726, 0.000208045297768, 0.00013160474191, 0.000172029205714, 0.000113389032776, 4.33435925515e-05, 5.94285775151e-05, 3.31452501996e-05, 5.0164766435e-05, 4.54268083558e-05, 2.88592200377e-05, 6.25718967058e-05, 4.21934018959e-05, 4.66420024168e-05, 5.18885390193e-05, 3.78962904506e-05, 3.21596962749e-05, 2.20423389692e-05, 1.6706480892e-05, 1.16436385724e-05, 6.76709578329e-06, 2.08193137041e-06, 7.22159256838e-07, 5.66635037558e-07, 7.16360261777e-07, 6.79401750858e-07, 3.70106327807e-08, 4.53738984163e-08, 7.35109892958e-08, 3.48099362668e-08, 3.41905739276e-08, 3.36156098513e-08, 3.32234151301e-08, 3.27027684932e-08, 3.22601181324e-08, 3.19836637175e-08, 3.17599955224e-08, 3.16271382417e-08],
        "mean": [0.000433392007835, 0.000917157391086, 0.000970150169451, 0.000772189116105, 0.000568307412323, 0.000599183142185, 0.00093630712945, 0.000785041716881, 0.00070994568523, 0.000743808632251, 0.00106987252366, 0.0014919253299, 0.00155739416368, 0.000426577986218, 9.73316127784e-05, 0.000198228066438, 0.00015525946219, 7.95867963461e-05, 0.000146254169522, 0.000315760757076, 0.000235243016505, 0.000348516216036, 0.000338753045071, 0.000134530157084, 0.000105073631858, 8.71766169439e-05, 0.000129138177726, 0.000146119462443, 0.000116772935144, 0.000143777826452, 5.75349404244e-05, 3.99614800699e-05, 5.70389383938e-05, 5.02866314491e-05, 5.13263694302e-05, 4.27443155786e-05, 3.43397005054e-05, 2.11042970477e-05, 2.33439459407e-05, 2.69672218565e-05, 3.78884506063e-05, 3.44470900018e-05, 2.50981447607e-05, 2.68041640084e-05, 2.38919565163e-05, 2.23544830078e-05, 2.18124969251e-05, 1.66799582075e-05, 1.48059498315e-05, 1.43799288708e-05, 1.44655887198e-05, 1.11452009151e-05, 1.35371119541e-05, 1.38639015859e-05, 1.18914003906e-05, 1.04280252344e-05, 8.52314769872e-06, 6.36847698843e-06, 6.72607120578e-06, 7.96424228611e-06, 8.42180998006e-06, 6.88607042321e-06, 4.83276380692e-06, 4.18044646722e-06, 3.19626451528e-06, 2.55595477938e-06, 2.17865499508e-06, 2.00909880732e-06, 1.54829103849e-06, 1.45320143474e-06, 1.17740614769e-06, 1.72581633251e-06, 1.05743333734e-06, 1.00912893686e-06, 9.84161488304e-07, 1.09694724415e-06, 1.09433733542e-06, 9.38998255151e-07, 9.72092379925e-07, 1.19258254472e-06, 1.29767488488e-06, 1.4151760297e-06, 1.99063288164e-06, 2.31055196309e-06, 2.15984687202e-06, 2.09134464058e-06, 2.59414400716e-06, 3.31754540639e-06, 3.11592543767e-06, 2.45311571234e-06, 2.0338216018e-06, 1.96049882106e-06, 1.40693759931e-06, 1.17653780762e-06, 9.97961365101e-07, 8.19377987682e-07, 7.4227608593e-07, 6.06659398272e-07, 4.95781534937e-07, 6.10955908087e-07, 4.45778027824e-07, 5.27360612068e-07, 5.23462119872e-07, 5.35778212907e-07, 4.50775587524e-07, 4.38603478869e-07, 3.95215295157e-07, 3.34343070563e-07, 2.22475733835e-07, 1.46432483916e-07, 9.0856772772e-08, 3.76303113114e-08, 3.1986244764e-09, 3.23370041855e-09, 4.22854817828e-09, 2.06642769562e-09, 7.96473928477e-11, 7.32019861394e-11, 9.67278410147e-11, 4.41314172706e-11, 5.48483862495e-11, 4.656433919e-11, 3.12765820187e-11, 3.07159020441e-11, 2.97614675959e-11, 2.85868360234e-11, 2.78859053904e-11, 2.76950823386e-11],
        "min": [3.78762097311e-23, 5.99648436141e-24, 4.26022409016e-25, 6.95427627961e-25, 6.57419619294e-25, 9.22593023495e-24, 6.19975015086e-24, 8.848651985e-24, 2.81702986561e-23, 2.70669883277e-23, 1.68155752036e-23, 1.0290348143e-23, 3.84582470842e-24, 8.73113813697e-25, 2.05107385232e-24, 1.91130249105e-24, 1.11920374569e-23, 6.03986185044e-24, 8.346248957e-25, 2.86267840629e-24, 5.70695229324e-24, 4.7128092701e-24, 1.04084122215e-23, 1.64297007363e-23, 1.27034050211e-23, 5.92478006057e-24, 1.19132701056e-23, 8.94845630015e-24, 1.01190959068e-23, 1.27716580555e-23, 2.17001230426e-23, 2.45440028935e-23, 2.3789790337e-23, 7.27500858544e-24, 5.77108786813e-24, 7.06844299083e-24, 1.60859798404e-23, 5.47103121219e-24, 6.69182501746e-24, 9.48775790256e-24, 1.21850776525e-23, 7.97446236225e-24, 1.21362810835e-23, 6.94814249164e-24, 7.92449906795e-24, 1.53122524428e-23, 7.54084918847e-24, 1.73166738501e-23, 2.35775820203e-23, 5.64777707573e-24, 1.45414738073e-23, 1.44453100852e-23, 5.87931011799e-24, 2.68831864978e-24, 5.79066108491e-24, 5.6366533481e-24, 1.21254113691e-23, 6.86063651801e-24, 8.49029377501e-24, 9.13188854872e-24, 5.44896519495e-24, 6.69696917942e-24, 6.70497453988e-24, 4.49260466486e-24, 5.97990684392e-24, 9.64975206717e-24, 1.31828865123e-23, 8.63172154695e-24, 1.25576195816e-23, 1.14253478028e-23, 8.28871299245e-24, 1.12054812244e-23, 9.28382394792e-24, 9.39168726608e-24, 7.98095626522e-24, 9.06607861656e-24, 1.93331742955e-23, 1.37309066054e-23, 1.91083789142e-23, 1.33795290255e-23, 7.67890458005e-24, 7.69619562223e-24, 7.46022444852e-24, 5.20431615684e-24, 5.98015454624e-24, 1.12256989406e-23, 8.53955656081e-24, 1.38357604192e-23, 1.73765121052e-23, 2.57515895895e-23, 1.85737694565e-23, 1.12771634372e-23, 9.06952357213e-24, 1.45100960759e-23, 1.29048927181e-23, 1.05288744372e-23, 7.51041256817e-24, 8.32433400663e-24, 1.27613397549e-23, 8.96520776147e-24, 7.78974505926e-24, 8.49173186844e-24, 1.55352444881e-23, 1.76098902931e-23, 7.95361750169e-24, 5.11924421353e-24, 1.412437307e-23, 8.15828115266e-24, 1.22462309387e-23, 8.71464739417e-24, 6.47733294847e-24, 7.13631342767e-24, 6.19728535496e-24, 6.50747216821e-24, 1.00583480951e-23, 5.59106823183e-24, 9.82053177568e-24, 1.0665244033e-23, 1.0568790799e-23, 9.04083743418e-24, 1.01749874908e-23, 1.16622853311e-23, 1.1581394745e-23, 9.82982455714e-24, 6.68820256818e-24, 1.03597844687e-23, 1.30333800158e-23, 1.36103970581e-23],
        "stdev": [0.00259766727686, 0.00393943022937, 0.00451962277293, 0.00668145390227, 0.00556570570916, 0.00364605314098, 0.00225072330795, 0.00167565664742, 0.00247125281021, 0.00145243608858, 0.00205303076655, 0.00328136677854, 0.00437446217984, 0.00109794037417, 0.00016850749671, 0.00036632802221, 0.000375610514311, 0.00036977144191, 0.000764137599617, 0.00157619116362, 0.000832697725855, 0.00136462668888, 0.00127656466793, 0.000324074964738, 0.000202232622541, 0.000180725532118, 0.000243648115429, 0.000226293501328, 0.000236805688473, 0.000415030546719, 0.000135196212796, 8.21984358481e-05, 0.000137455848744, 0.000123222198454, 0.000152131120558, 0.000140324569657, 0.000181847601198, 5.95071505813e-05, 6.79006479913e-05, 8.21613648441e-05, 0.000107907886559, 0.000102515434264, 8.07088290458e-05, 0.000100083161669, 7.55493310862e-05, 7.34978821129e-05, 9.54475544859e-05, 0.0001024640369, 6.95315466146e-05, 5.15598185302e-05, 6.96734568919e-05, 4.52809108538e-05, 7.15125279385e-05, 5.52209567104e-05, 5.13082559337e-05, 4.72135143355e-05, 3.03188953694e-05, 2.47383723035e-05, 3.43474348483e-05, 4.86671269755e-05, 4.08382002206e-05, 3.92660949728e-05, 1.67596190295e-05, 1.34980336952e-05, 1.17964973469e-05, 9.31599606702e-06, 1.04732043837e-05, 1.67052312463e-05, 1.03993543235e-05, 1.46824913827e-05, 6.36957838651e-06, 1.21989651234e-05, 4.29857891504e-06, 4.15081103711e-06, 5.001919817e-06, 5.52050369151e-06, 4.84996098749e-06, 4.35513584307e-06, 4.4986136345e-06, 5.64679839954e-06, 6.04238221058e-06, 7.13197096047e-06, 1.16617247841e-05, 1.32930508698e-05, 1.09520542537e-05, 1.07404976006e-05, 1.63460481417e-05, 2.204597331e-05, 1.94728709175e-05, 1.56365713337e-05, 1.13127034638e-05, 1.22152805488e-05, 7.92625269241e-06, 7.04037029209e-06, 5.38363838132e-06, 3.26196004607e-06, 3.20576373269e-06, 2.58588534052e-06, 2.41341581386e-06, 2.71090971182e-06, 2.07310313272e-06, 2.92367690236e-06, 2.6967679787e-06, 2.22406561079e-06, 2.2763395009e-06, 1.93211326405e-06, 1.62238995927e-06, 1.43122542795e-06, 9.23023549149e-07, 6.48447951335e-07, 4.36633968093e-07, 1.46254990341e-07, 2.66906035051e-08, 3.22397966102e-08, 4.14927434633e-08, 2.91289623533e-08, 1.20792897906e-09, 1.64207647479e-09, 2.30813457236e-09, 1.03822750397e-09, 1.21450294266e-09, 1.06602082717e-09, 9.39210709205e-10, 9.24494258925e-10, 9.11995867714e-10, 9.0420637644e-10, 8.97897145524e-10, 8.94143148411e-10]
    },
    "mfcc": {
        "mean": [-717.607177734, 144.733932495, -6.6602563858, 0.803386151791, -8.37149047852, -8.96390724182, -13.7169370651, 0.052346996963, -7.95381402969, -4.43956613541, -8.12850570679, -11.1469163895, -11.9874382019],
        "cov": [[6985.49169922, -1509.54663086, 793.277893066, 454.743499756, 534.015075684, 865.167541504, 434.989349365, 800.008789062, 370.122344971, 473.027282715, 329.706604004, 216.71913147, 62.2896499634], [-1509.54663086, 1819.12768555, -156.014404297, 62.0220222473, -84.9632263184, -267.335845947, -27.0968093872, -191.173324585, -187.777954102, -158.425415039, -145.773651123, -106.965110779, -56.3848075867], [793.277893066, -156.014404297, 1317.32006836, 414.22958374, 68.1950759888, 54.5233230591, -161.503845215, 25.5087165833, -256.007843018, -113.349502563, -117.430984497, -167.59967041, -130.980316162], [454.743499756, 62.0220222473, 414.22958374, 443.834716797, 101.288330078, 43.1211700439, -40.3995475769, 80.0372161865, -56.3401298523, -15.1882095337, -26.5093364716, -50.8136482239, -33.8217773438], [534.015075684, -84.9632263184, 68.1950759888, 101.288330078, 329.07043457, 181.842636108, 128.404632568, 130.652542114, 169.175201416, 81.0408706665, 66.2619857788, 43.2614479065, 44.3267593384], [865.167541504, -267.335845947, 54.5233230591, 43.1211700439, 181.842636108, 331.211181641, 177.49848938, 190.39074707, 164.467880249, 136.393493652, 92.5000839233, 72.0238723755, 56.7171974182], [434.989349365, -27.0968093872, -161.503845215, -40.3995475769, 128.404632568, 177.49848938, 308.368103027, 127.128974915, 175.753433228, 93.6958007812, 77.3126907349, 70.0380554199, 85.8827590942], [800.008789062, -191.173324585, 25.5087165833, 80.0372161865, 130.652542114, 190.39074707, 127.128974915, 265.617156982, 124.542617798, 91.6682128906, 72.3714065552, 68.2077941895, 33.3913803101], [370.122344971, -187.777954102, -256.007843018, -56.3401298523, 169.175201416, 164.467880249, 175.753433228, 124.542617798, 342.786651611, 144.461090088, 142.641921997, 123.591094971, 110.544235229], [473.027282715, -158.425415039, -113.349502563, -15.1882095337, 81.0408706665, 136.393493652, 93.6958007812, 91.6682128906, 144.461090088, 195.508163452, 120.081787109, 99.5171508789, 61.7138214111], [329.706604004, -145.773651123, -117.430984497, -26.5093364716, 66.2619857788, 92.5000839233, 77.3126907349, 72.3714065552, 142.641921997, 120.081787109, 161.86177063, 105.797103882, 60.7525024414], [216.71913147, -106.965110779, -167.59967041, -50.8136482239, 43.2614479065, 72.0238723755, 70.0380554199, 68.2077941895, 123.591094971, 99.5171508789, 105.797103882, 153.632232666, 72.0724105835], [62.2896499634, -56.3848075867, -130.980316162, -33.8217773438, 44.3267593384, 56.7171974182, 85.8827590942, 33.3913803101, 110.544235229, 61.7138214111, 60.7525024414, 72.0724105835, 107.911750793]],
        "icov": [[0.000310452043777, 0.000147506711073, -0.000136838134495, -0.000110287866846, -1.85617191164e-05, -0.000190028862562, -0.000203731018701, -0.000468158978038, 0.00012069936929, -0.000340427883202, -0.000119823751447, -5.44718859601e-05, 0.000286605441943], [0.000147506711073, 0.000812596990727, 0.000161346048117, -0.000402976555051, -0.000241942601861, 0.000441109907115, -0.000630774593446, 0.000111199129606, 0.000402105099056, -9.04994667508e-05, 0.000217519744183, -5.44439899386e-05, 0.000297864229651], [-0.000136838134495, 0.000161346048117, 0.00161299295723, -0.00102739676367, -0.000395969400415, -0.000751839776058, 0.000460970855784, 0.000387328997022, 0.000974334136117, 0.00059508101549, -0.000191190207261, 0.000683686987031, 0.000182769319508], [-0.000110287866846, -0.000402976555051, -0.00102739676367, 0.00393065018579, -0.00101238419302, 0.000554005149752, 0.000793743529357, -0.00141040352173, 0.000265702896286, -0.000316032004775, -0.000100750097772, 0.000771375605837, -0.000782501127105], [-1.85617191164e-05, -0.000241942601861, -0.000395969400415, -0.00101238419302, 0.00581174669787, -0.00176467420533, -0.000412237423006, -0.000150199834025, -0.00272949901409, 0.000326618930558, 0.000105193976196, 0.000275913014775, 0.000366942433175], [-0.000190028862562, 0.000441109907115, -0.000751839776058, 0.000554005149752, -0.00176467420533, 0.00878438539803, -0.00240535405464, -0.00257822475396, -0.000285898568109, -0.00285122706555, 0.000544334063306, 0.000352812407073, -0.000197361849132], [-0.000203731018701, -0.000630774593446, 0.000460970855784, 0.000793743529357, -0.000412237423006, -0.00240535405464, 0.00686213886365, -0.00107833649963, -0.00107546837535, 0.000559121544939, -1.19325968626e-05, 0.00116830237675, -0.00308939628303], [-0.000468158978038, 0.000111199129606, 0.000387328997022, -0.00141040352173, -0.000150199834025, -0.00257822475396, -0.00107833649963, 0.00845927745104, -0.000771702092607, 0.000692232046276, 0.000315090321237, -0.00214391108602, 0.00166296889074], [0.00012069936929, 0.000402105099056, 0.000974334136117, 0.000265702896286, -0.00272949901409, -0.000285898568109, -0.00107546837535, -0.000771702092607, 0.0085730953142, -0.000840580323711, -0.00278505240567, -7.16376816854e-05, -0.00291323009878], [-0.000340427883202, -9.04994667508e-05, 0.00059508101549, -0.000316032004775, 0.000326618930558, -0.00285122706555, 0.000559121544939, 0.000692232046276, -0.000840580323711, 0.0123053407297, -0.0049881846644, -0.0019347287016, -0.000598112645093], [-0.000119823751447, 0.000217519744183, -0.000191190207261, -0.000100750097772, 0.000105193976196, 0.000544334063306, -1.19325968626e-05, 0.000315090321237, -0.00278505240567, -0.0049881846644, 0.0159322079271, -0.00593544216827, 0.000202183087822], [-5.44718859601e-05, -5.44439899386e-05, 0.000683686987031, 0.000771375605837, 0.000275913014775, 0.000352812407073, 0.00116830237675, -0.00214391108602, -7.16376816854e-05, -0.0019347287016, -0.00593544216827, 0.0156743340194, -0.005437805783], [0.000286605441943, 0.000297864229651, 0.000182769319508, -0.000782501127105, 0.000366942433175, -0.000197361849132, -0.00308939628303, 0.00166296889074, -0.00291323009878, -0.000598112645093, 0.000202183087822, -0.005437805783, 0.0179751217365]]
    },
    "spectral_contrast_coeffs": {
        "max": [-0.296958804131, -0.506134331226, -0.572479426861, -0.632069587708, -0.633158028126, -0.568167030811],
        "mean": [-0.62070286274, -0.759526908398, -0.759542942047, -0.823101580143, -0.805906057358, -0.768279075623],
        "min": [-0.952763736248, -0.950439631939, -0.954052090645, -0.957560300827, -0.966931223869, -0.960716485977],
        "stdev": [0.13541123271, 0.0701175034046, 0.0633318424225, 0.0393634662032, 0.0381438285112, 0.0454369783401]
    },
    "spectral_contrast_valleys": {
        "max": [-4.68703889847, -5.10447216034, -5.37077522278, -5.09459733963, -5.99593734741, -7.38741731644],
        "mean": [-7.7967467308, -6.92846775055, -7.60455083847, -7.99859762192, -8.50287055969, -11.4185523987],
        "min": [-27.5713844299, -27.2703399658, -27.4158229828, -27.3052406311, -27.0966205597, -27.2353229523],
        "stdev": [1.48987329006, 0.887366235256, 0.999660015106, 1.05483698845, 1.03237879276, 1.30102443695]
    }
},
"rhythm": {
    "beats_count": 48,
    "beats_loudness": {
        "max": 0.589666426182,
        "mean": 0.0326025485992,
        "min": 0.00023101439001,
        "stdev": 0.0839964225888
    },
    "bpm": 97.9415817261,
    "bpm_histogram_first_peak_bpm": 98,
    "bpm_histogram_first_peak_weight": 0,
    "bpm_histogram_second_peak_bpm": 86,
    "bpm_histogram_second_peak_spread": 0.615384638309,
    "bpm_histogram_second_peak_weight": 0.106382980943,
    "danceability": 0.8539057374,
    "onset_rate": 2.10248160362,
    "beats_loudness_band_ratio": {
        "max": [0.957712769508, 0.857999801636, 0.837553977966, 0.530463218689, 0.665569901466, 0.739671170712],
        "mean": [0.267127335072, 0.314692467451, 0.227588251233, 0.127785459161, 0.0748299658298, 0.0539419800043],
        "min": [0.000341489620041, 0.00413805572316, 0.0124724786729, 0.000460598006612, 0.000390522094676, 0.000382187747164],
        "stdev": [0.281138598919, 0.279494345188, 0.199046105146, 0.135018229485, 0.135836601257, 0.141793832183]
    },
    "beats_position": [0.592108845711, 1.19582760334, 1.8111563921, 2.42648530006, 3.04181408882, 3.65714287758, 4.27247142792, 4.88780021667, 5.50312900543, 6.11845779419, 6.73378658295, 7.3491153717, 8.04571437836, 8.74231243134, 9.43891143799, 10.1355104446, 10.7972784042, 11.4590473175, 12.144036293, 12.8290243149, 13.5140132904, 14.1873922348, 14.8839902878, 15.5573692322, 16.2307472229, 16.904127121, 17.5775051117, 18.181224823, 18.784942627, 19.3190021515, 19.853061676, 20.3871192932, 20.9095687866, 21.43201828, 21.942855835, 22.4653053284, 22.9877548218, 23.5102043152, 23.9862117767, 24.4738311768, 24.9614505768, 25.4490699768, 25.9366893768, 26.4126987457, 26.9003162384, 27.3763256073, 27.8407249451, 28.3051242828],
