{
"metadata": {
    "version": {
        "essentia": "2.1-beta5",
        "essentia_git_sha": "Undefined",
        "extractor": "music 2.0"
    },
    "audio_properties": {
        "analysis": {
            "equal_loudness": 0,
            "length": 32.4963264465,
            "sample_rate": 44100,
            "start_time": 45.2440834045,
            "downmix": "mix"
        },
        "bit_rate": 192000,
        "length": 196.138961792,
        "lossless": 0,
        "number_channels": 2,
        "replay_gain": -2.52262306213,
        "sample_rate": 48000,
        "codec": "mp3",
        "md5_encoded": "b76bb60c800e72f89acae44c0b1ed879"
    },
    "tags": {
        "file_name": "Lithuania_I_ve Been Waiting for This Night_Donny Montell.mp3",
        "encoding": ["Lavf58.29.100"]
    }
},
"lowlevel": {
    "average_loudness": 0.973986148834,
    "barkbands_crest": {
        "max": 26.0417976379,
        "mean": 12.1415872574,
        "min": 2.77878880501,
        "stdev": 5.44737005234
    },
    "barkbands_flatness_db": {
        "max": 0.441599458456,
        "mean": 0.137787058949,
        "min": 0.0326418615878,
        "stdev": 0.0600126385689
    },
    "barkbands_kurtosis": {
        "max": 85.3454360962,
        "mean": 2.97704100609,
        "min": -1.79857254028,
        "stdev": 8.02752494812
    },
    "barkbands_skewness": {
        "max": 8.36834716797,
        "mean": 1.31850254536,
        "min": -0.977938055992,
        "stdev": 1.24115383625
    },
    "barkbands_spread": {
        "max": 95.5874557495,
        "mean": 29.2514896393,
        "min": 0.794027805328,
        "stdev": 14.6246576309
    },
    "dissonance": {
        "max": 0.499856501818,
        "mean": 0.471337348223,
        "min": 0.356860250235,
        "stdev": 0.0230898763984
    },
    "dynamic_complexity": 2.42374777794,
    "erbbands_crest": {
        "max": 24.9493961334,
        "mean": 8.58252716064,
        "min": 2.20321178436,
        "stdev": 3.92600297928
    },
    "erbbands_flatness_db": {
        "max": 0.29515093565,
        "mean": 0.15015438199,
        "min": 0.0557616837323,
        "stdev": 0.041215095669
    },
    "erbbands_kurtosis": {
        "max": 12.2844295502,
        "mean": 0.675414860249,
        "min": -1.42486894131,
        "stdev": 1.52141594887
    },
    "erbbands_skewness": {
        "max": 2.46228194237,
        "mean": 0.205173462629,
        "min": -1.55767786503,
        "stdev": 0.615158319473
    },
    "erbbands_spread": {
        "max": 110.027496338,
        "mean": 33.3740005493,
        "min": 8.98663043976,
        "stdev": 14.5603408813
    },
    "hfc": {
        "max": 224.373947144,
        "mean": 35.6268844604,
        "min": 0.458901077509,
        "stdev": 25.4287815094
    },
    "loudness_ebu128": {
        "integrated": -18.4536762238,
        "loudness_range": 2.92282485962,
        "momentary": {
            "max": -16.4122200012,
            "mean": -19.3015537262,
            "min": -30.4169044495,
            "stdev": 3.1992430687
        },
        "short_term": {
            "max": -17.2228183746,
            "mean": -18.836807251,
            "min": -27.8781280518,
            "stdev": 2.22870802879
        }
    },
    "melbands_crest": {
        "max": 36.2510948181,
        "mean": 17.4190769196,
        "min": 3.60384345055,
        "stdev": 6.95822525024
    },
    "melbands_flatness_db": {
        "max": 0.554554820061,
        "mean": 0.185353383422,
        "min": 0.0314699821174,
        "stdev": 0.0782117694616
    },
    "melbands_kurtosis": {
        "max": 110.567237854,
        "mean": 10.6645545959,
        "min": -1.14683258533,
        "stdev": 15.1755847931
    },
    "melbands_skewness": {
        "max": 9.74786281586,
        "mean": 2.49187636375,
        "min": -0.365402847528,
        "stdev": 1.67218232155
    },
    "melbands_spread": {
        "max": 162.18258667,
        "mean": 29.2903175354,
        "min": 0.818099975586,
        "stdev": 16.7965908051
    },
    "pitch_salience": {
        "max": 0.798726856709,
        "mean": 0.457028537989,
        "min": 0.0918356627226,
        "stdev": 0.12944458425
    },
    "silence_rate_20dB": {
        "max": 1,
        "mean": 1,
        "min": 1,
        "stdev": 0
    },
    "silence_rate_30dB": {
        "max": 1,
        "mean": 0.958600997925,
        "min": 0,
        "stdev": 0.199210226536
    },
    "silence_rate_60dB": {
        "max": 1,
        "mean": 0.0306923631579,
        "min": 0,
        "stdev": 0.172483459115
    },
    "spectral_centroid": {
        "max": 3713.59423828,
        "mean": 1726.3671875,
        "min": 233.927276611,
        "stdev": 594.078735352
    },
    "spectral_complexity": {
        "max": 57,
        "mean": 27.9793014526,
        "min": 0,
        "stdev": 10.4560050964
    },
    "spectral_decrease": {
        "max": -7.57408788465e-11,
        "mean": -1.11888489585e-08,
        "min": -4.47575736473e-08,
        "stdev": 7.63149454741e-09
    },
    "spectral_energy": {
        "max": 0.17512153089,
        "mean": 0.0454607456923,
        "min": 0.000330925075104,
        "stdev": 0.0299438722432
    },
    "spectral_energyband_high": {
        "max": 0.0292993132025,
        "mean": 0.00181869091466,
        "min": 3.08459902953e-07,
        "stdev": 0.00261234887876
    },
    "spectral_energyband_low": {
        "max": 0.152904063463,
        "mean": 0.0247930753976,
        "min": 5.49500964553e-06,
        "stdev": 0.0255514476448
    },
    "spectral_energyband_middle_high": {
        "max": 0.0636540129781,
        "mean": 0.0110394982621,
        "min": 6.9071436883e-05,
        "stdev": 0.00913903396577
    },
    "spectral_energyband_middle_low": {
        "max": 0.0428703650832,
        "mean": 0.00822310429066,
        "min": 0.000106015853817,
        "stdev": 0.00615512533113
    },
    "spectral_entropy": {
        "max": 8.80898761749,
        "mean": 7.81179237366,
        "min": 5.93953609467,
        "stdev": 0.463709592819
    },
    "spectral_flux": {
        "max": 0.351564139128,
        "mean": 0.11379275471,
        "min": 0.0080030914396,
        "stdev": 0.0519006028771
    },
    "spectral_kurtosis": {
        "max": 36.8334655762,
        "mean": 4.24202442169,
        "min": -0.57868885994,
        "stdev": 4.99528026581
    },
    "spectral_rms": {
        "max": 0.0130709707737,
        "mean": 0.00627780519426,
        "min": 0.000568202172872,
        "stdev": 0.00222285999916
    },
    "spectral_rolloff": {
        "max": 9948.33984375,
        "mean": 1567.08081055,
        "min": 64.599609375,
        "stdev": 1278.45019531
    },
    "spectral_skewness": {
        "max": 4.55953979492,
        "mean": 1.48955321312,
        "min": 0.413899034262,
        "stdev": 0.638414561749
    },
    "spectral_spread": {
        "max": 21778660,
        "mean": 4682743.5,
        "min": 1664570.5,
        "stdev": 1421585.25
    },
    "spectral_strongpeak": {
        "max": 8.08172130585,
        "mean": 0.843719244003,
        "min": 0.029346132651,
        "stdev": 1.20701682568
    },
    "zerocrossingrate": {
        "max": 0.24267578125,
        "mean": 0.0625254437327,
        "min": 0.001953125,
        "stdev": 0.0298997219652
    },
    "barkbands": {
        "max": [0.00691673438996, 0.141245946288, 0.0263040270656, 0.0139785949141, 0.0222763437778, 0.0237832814455, 0.021405050531, 0.0129001708701, 0.0334623120725, 0.0371768064797, 0.0322487466037, 0.0546670407057, 0.0186065509915, 0.0217278450727, 0.0163677092642, 0.018530998379, 0.00924508459866, 0.00568228913471, 0.00421411823481, 0.00613090069965, 0.0105477217585, 0.00782317295671, 0.00335825327784, 0.00475732656196, 0.00547150848433, 0.00248825526796, 7.48509501136e-06],
        "mean": [0.000784690026194, 0.021205002442, 0.00261197565123, 0.000497111817822, 0.00132359482814, 0.00154460186604, 0.00106556131504, 0.000553323654458, 0.00283918273635, 0.00181966915261, 0.00154368765652, 0.00171763519756, 0.00110542413313, 0.00113064877223, 0.000992159591988, 0.00106873025652, 0.000591254909523, 0.000564923044294, 0.000438416551333, 0.000463592412416, 0.000423870107625, 0.000333453033818, 0.000286337279249, 0.000292252516374, 0.000214967687498, 4.86607095809e-05, 3.34439747007e-08],
        "min": [9.46323552853e-09, 8.97611300843e-07, 5.93640322677e-07, 2.5782242119e-07, 8.3056747826e-06, 7.69128382672e-06, 9.63048387348e-06, 1.68940096046e-06, 2.09446625377e-05, 2.4087823931e-06, 1.56326643719e-06, 2.00041722564e-06, 1.24340249386e-06, 6.74161071856e-07, 7.28566533326e-07, 5.87939325669e-07, 6.02261934546e-07, 1.99290639102e-07, 2.72142528956e-07, 7.09008673994e-08, 4.28755022597e-08, 1.06272031175e-08, 1.31011592686e-08, 1.27230457281e-08, 1.82769603896e-08, 7.88882903446e-10, 8.30053248357e-11],
        "stdev": [0.000953348819166, 0.0243686456233, 0.00308840582147, 0.000932362512685, 0.00167557247914, 0.00233726762235, 0.00179850438144, 0.00106948858593, 0.00394425727427, 0.00353105738759, 0.00324072642252, 0.00424360809848, 0.00161663244944, 0.0017725530779, 0.00125578825828, 0.00193752127234, 0.000741283176467, 0.000604088709224, 0.000349077774445, 0.000516421685461, 0.000856586673763, 0.000669523666147, 0.00033537807758, 0.000493948929943, 0.000532287172973, 0.000150588079123, 3.69341790929e-07]
    },
    "erbbands": {
        "max": [5.40749454498, 31.7397613525, 37.048866272, 32.0183906555, 56.2378807068, 80.8925094604, 189.014846802, 165.53616333, 396.924255371, 132.257278442, 296.802520752, 772.417114258, 996.787536621, 671.70880127, 1143.91052246, 2192.43261719, 708.29888916, 1292.62182617, 855.138122559, 1722.06164551, 1141.57849121, 434.908966064, 352.62677002, 285.206512451, 149.060928345, 289.837890625, 170.264831543, 591.231201172, 328.428497314, 149.247573853, 121.671546936, 133.081085205, 84.413444519, 71.4170837402, 46.8127059937, 20.8057785034, 1.98898661137, 0.084035217762, 0.00253360695206, 0.000412919733208],
        "mean": [0.691146194935, 4.33457708359, 4.54135942459, 1.80908811092, 2.98194551468, 4.63773775101, 8.74506378174, 13.262717247, 17.6860313416, 8.30564212799, 22.5971298218, 63.6134910583, 55.7077522278, 59.0932884216, 77.8401947021, 56.6956481934, 49.7355804443, 51.2440948486, 61.7605934143, 54.9610214233, 56.0189094543, 31.908290863, 32.7210769653, 23.6649799347, 24.1354923248, 23.4549484253, 15.3976383209, 17.9149570465, 12.4180469513, 9.30510807037, 8.40982055664, 6.86213159561, 4.31585979462, 2.65114831924, 1.38443362713, 0.423215121031, 0.0431092008948, 0.00130624102894, 8.4826227976e-05, 6.23298692517e-05],
        "min": [8.7347752924e-06, 0.000327755726175, 0.00319425947964, 0.013050429523, 0.0106683028862, 0.0139611037448, 0.0165286976844, 0.118211455643, 0.280257314444, 0.135126546025, 0.0759117677808, 0.393350154161, 0.255676835775, 0.17237316072, 0.0972844138741, 0.217352360487, 0.107644423842, 0.109830707312, 0.12168148905, 0.0427139773965, 0.0498763807118, 0.0234899297357, 0.0129274055362, 0.00892194733024, 0.0120408246294, 0.00453081028536, 0.0025381075684, 0.00110326206777, 0.000416896713432, 0.000504143012222, 0.000422200158937, 0.000296837999485, 0.000195699802134, 0.00016670160403, 0.000155522604473, 1.70065668499e-05, 1.03556715203e-06, 1.84974069839e-07, 4.73887183716e-07, 1.05820947738e-06],
        "stdev": [0.856362819672, 5.18366479874, 4.93887805939, 2.4334936142, 4.38417291641, 6.10948848724, 15.3994264603, 19.7243747711, 31.3205528259, 9.83090400696, 32.1360244751, 90.2777633667, 108.555130005, 76.0616531372, 131.63973999, 129.574310303, 58.7308349609, 97.1128234863, 82.8105392456, 91.5134963989, 105.465919495, 36.0342979431, 33.1026763916, 20.3671665192, 19.6482410431, 26.7746334076, 16.5276813507, 47.8963432312, 26.9866390228, 14.1660032272, 9.89181613922, 10.2037706375, 8.39386844635, 6.43891334534, 3.71519780159, 1.29848086834, 0.123650416732, 0.0048531005159, 0.00017218303401, 4.30218497058e-05]
    },
    "gfcc": {
        "mean": [35.7695236206, 87.8587341309, -129.226257324, 41.3180732727, -57.7515182495, 37.411907196, -32.8340263367, 24.6512203217, -18.5335903168, 8.27346801758, -8.60238456726, 0.0162379331887, -0.65180170536],
        "cov": [[5930.18945312, -2011.15612793, -403.386657715, 1226.52770996, -125.320289612, 805.607116699, 193.623733521, 264.664581299, 13.8923339844, 224.908233643, -246.88079834, 410.090789795, -106.665672302], [-2011.15612793, 990.392333984, 38.9957618713, -442.555541992, 96.7430114746, -293.570343018, 10.9274520874, -104.408668518, 24.5236530304, -116.300498962, 131.062850952, -165.530807495, 65.8713302612], [-403.386657715, 38.9957618713, 401.4269104, -17.2056980133, 19.4374046326, -36.3526802063, -39.308380127, 14.544336319, 12.0769405365, 50.6788330078, 19.2137317657, 33.5669937134, 11.5710353851], [1226.52770996, -442.555541992, -17.2056980133, 426.71206665, 34.5156478882, 157.276290894, 52.9457206726, 56.3868141174, 51.2472190857, 66.5105743408, -52.5731544495, 112.580535889, -12.5406684875], [-125.320289612, 96.7430114746, 19.4374046326, 34.5156478882, 160.83380127, 47.0078620911, 67.0694885254, 29.0154438019, 47.8344764709, 18.951166153, 32.8882102966, 1.18625378609, 15.3318243027], [805.607116699, -293.570343018, -36.3526802063, 157.276290894, 47.0078620911, 249.706634521, 127.811508179, 65.2848815918, 23.0410041809, 51.6682929993, 9.45495986938, 63.1403999329, -16.1322517395], [193.623733521, 10.9274520874, -39.308380127, 52.9457206726, 67.0694885254, 127.811508179, 216.99055481, 47.6505622864, 39.220375061, 26.253786087, 47.3874816895, 44.2257003784, -1.05671012402], [264.664581299, -104.408668518, 14.544336319, 56.3868141174, 29.0154438019, 65.2848815918, 47.6505622864, 101.588661194, 54.2731399536, 31.134223938, 11.7851285934, 34.6036300659, 13.0770578384], [13.8923339844, 24.5236530304, 12.0769405365, 51.2472190857, 47.8344764709, 23.0410041809, 39.220375061, 54.2731399536, 118.727073669, 37.8713912964, 38.83335495, 22.9249763489, 25.129611969], [224.908233643, -116.300498962, 50.6788330078, 66.5105743408, 18.951166153, 51.6682929993, 26.253786087, 31.134223938, 37.8713912964, 80.3519973755, 17.1718864441, 46.5282897949, -2.70183110237], [-246.88079834, 131.062850952, 19.2137317657, -52.5731544495, 32.8882102966, 9.45495986938, 47.3874816895, 11.7851285934, 38.83335495, 17.1718864441, 102.992736816, 17.4281406403, 22.4933853149], [410.090789795, -165.530807495, 33.5669937134, 112.580535889, 1.18625378609, 63.1403999329, 44.2257003784, 34.6036300659, 22.9249763489, 46.5282897949, 17.4281406403, 109.756828308, 16.7430667877], [-106.665672302, 65.8713302612, 11.5710353851, -12.5406684875, 15.3318243027, -16.1322517395, -1.05671012402, 13.0770578384, 25.129611969, -2.70183110237, 22.4933853149, 16.7430667877, 62.4799423218]],
        "icov": [[0.00142979924567, -0.000351978349499, 0.00135440658778, -0.00261618290097, 0.00184544350486, -0.00310348626226, 0.00125692854635, -0.00192611140665, 0.00133700063452, -0.00116585823707, 0.00150286359712, -0.00184861011803, 0.0005724990624], [-0.000351978349499, 0.0108782732859, -0.00184148002882, 0.00517867878079, -0.00638258084655, 0.0105295805261, -0.00763458060101, 0.00741771468893, -0.00482704816386, 0.00724156806245, -0.00751504953951, 0.00764274038374, -0.00517385359854], [0.00135440658778, -0.00184148002882, 0.00457906210795, -0.0026766967494, 0.00176541716792, -0.00352774164639, 0.00300570903346, -0.00338067626581, 0.00255984906107, -0.00435453280807, 0.00226873811334, -0.0038726949133, 0.00128587370273], [-0.00261618290097, 0.00517867878079, -0.0026766967494, 0.0121200652793, -0.00712293386459, 0.00749658094719, -0.00444470858201, 0.00746296066791, -0.00725282728672, 0.0049237110652, -0.00130614859518, 0.00105890596751, -0.00163491477724], [0.00184544350486, -0.00638258084655, 0.00176541716792, -0.00712293386459, 0.014427004382, -0.00997187104076, 0.00336390081793, -0.00637516798452, 0.00265836203471, -0.00596327986568, 0.0042063081637, -0.00239813420922, 0.00120046874508], [-0.00310348626226, 0.0105295805261, -0.00352774164639, 0.00749658094719, -0.00997187104076, 0.0244214180857, -0.012927162461, 0.00687402253971, -0.00382245518267, 0.00594799593091, -0.0106417099014, 0.0105977635831, -0.00436040293425], [0.00125692854635, -0.00763458060101, 0.00300570903346, -0.00444470858201, 0.00336390081793, -0.012927162461, 0.0146390767768, -0.00711085414514, 0.00316840666346, -0.00401453347877, 0.00383209227584, -0.00930871721357, 0.00598566466942], [-0.00192611140665, 0.00741771468893, -0.00338067626581, 0.00746296066791, -0.00637516798452, 0.00687402253971, -0.00711085414514, 0.023608405143, -0.0117044439539, 0.00569129362702, -0.00374562898651, 0.00479396758601, -0.00568936532363], [0.00133700063452, -0.00482704816386, 0.00255984906107, -0.00725282728672, 0.00265836203471, -0.00382245518267, 0.00316840666346, -0.0117044439539, 0.0200590640306, -0.00999584328383, -0.000869642884936, -0.00058647262631, -0.00172402325552], [-0.00116585823707, 0.00724156806245, -0.00435453280807, 0.0049237110652, -0.00596327986568, 0.00594799593091, -0.00401453347877, 0.00569129362702, -0.00999584328383, 0.0285823233426, -0.00739835528657, -0.00115549028851, 0.0021391834598], [0.00150286359712, -0.00751504953951, 0.00226873811334, -0.00130614859518, 0.0042063081637, -0.0106417099014, 0.00383209227584, -0.00374562898651, -0.000869642884936, -0.00739835528657, 0.0232008304447, -0.0111927930266, 0.00155195221305], [-0.00184861011803, 0.00764274038374, -0.0038726949133, 0.00105890596751, -0.00239813420922, 0.0105977635831, -0.00930871721357, 0.00479396758601, -0.00058647262631, -0.00115549028851, -0.0111927930266, 0.0279389061034, -0.0113912960514], [0.0005724990624, -0.00517385359854, 0.00128587370273, -0.00163491477724, 0.00120046874508, -0.00436040293425, 0.00598566466942, -0.00568936532363, -0.00172402325552, 0.0021391834598, 0.00155195221305, -0.0113912960514, 0.0250222682953]]
    },
    "melbands": {
        "max": [0.0437507405877, 0.0262597408146, 0.00573175121099, 0.00560300797224, 0.00579144340008, 0.00355804571882, 0.00517879426479, 0.00173424335662, 0.00342507986352, 0.00430138222873, 0.00495856581256, 0.00297173368745, 0.00470720836893, 0.00790248438716, 0.00294235930778, 0.00186701328494, 0.00219415850006, 0.00180484028533, 0.00137122068554, 0.00176575628575, 0.0011710190447, 0.000643285980914, 0.00042990068323, 0.000361145328498, 0.000228735807468, 0.000154875247972, 0.000185084907571, 0.000216235188418, 0.000110853827209, 0.000182606861927, 0.000397363648517, 0.000159701652592, 0.000184438657016, 5.46460396436e-05, 7.60257535148e-05, 8.74028264661e-05, 7.08789666533e-05, 6.33902891423e-05, 5.97304606345e-05, 6.65101179038e-05],
        "mean": [0.00606685737148, 0.00341161061078, 0.000354388146661, 0.000282348308247, 0.000288573122816, 0.00030291636358, 0.000251397868851, 8.67458802531e-05, 0.000243293499807, 0.000397641677409, 0.000277470244328, 0.000241387446295, 0.000257842970314, 0.000219287088839, 0.0001110813173, 0.000103940088593, 9.12146351766e-05, 0.000106633495307, 6.56372139929e-05, 7.27433071006e-05, 6.25293105259e-05, 2.89442832582e-05, 3.56753334927e-05, 2.82282308035e-05, 1.74058059201e-05, 1.78329737537e-05, 1.6888450773e-05, 1.49453599079e-05, 9.92324567051e-06, 8.10011897556e-06, 1.11397293949e-05, 6.93943957231e-06, 6.23586811344e-06, 4.72820465802e-06, 4.84668726131e-06, 4.55077588413e-06, 4.07067045671e-06, 3.10980999529e-06, 2.54685187429e-06, 2.14618762584e-06],
        "min": [1.74851550128e-07, 7.4724073329e-07, 5.26987093963e-07, 1.26285556235e-06, 6.52752021324e-07, 2.76307105196e-06, 2.36478717852e-06, 5.08431071466e-07, 4.05242161605e-07, 3.11764983962e-06, 3.9663939333e-07, 5.21788365404e-07, 1.61796606335e-07, 2.18329859081e-07, 2.16736651737e-07, 1.59321999149e-07, 8.11841189829e-08, 2.00863865985e-07, 5.1134009027e-08, 2.69622013604e-08, 5.98224403348e-08, 2.69890865212e-08, 1.57415307456e-08, 8.01424349106e-09, 6.85260292954e-09, 9.20281539862e-09, 5.57042545424e-09, 2.04801975379e-09, 1.69411662476e-09, 9.19358311702e-10, 2.11299561181e-10, 1.41000475185e-10, 1.60002552874e-10, 2.22453208631e-10, 2.49742948544e-10, 1.55409782265e-10, 1.72257583197e-10, 1.35934999368e-10, 8.64114266252e-11, 1.19253024122e-10],
        "stdev": [0.00718826148659, 0.00360039900988, 0.000454452150734, 0.000344769330695, 0.000465447752504, 0.000440345291281, 0.000430296175182, 0.000121221739391, 0.000343488558428, 0.000566267292015, 0.000568435410969, 0.000334249809384, 0.000479734415421, 0.000570442643948, 0.00018925232871, 0.000179559399839, 0.000165685458342, 0.000159160175826, 8.66491973284e-05, 0.000137198687298, 0.000119211159472, 3.89858942071e-05, 4.33264722233e-05, 3.2138221286e-05, 1.58746606758e-05, 1.41381069625e-05, 1.65144465427e-05, 1.9207749574e-05, 1.01734231066e-05, 1.36483677124e-05, 3.18701167998e-05, 1.4470869246e-05, 1.37910001285e-05, 6.1672440097e-06, 5.68628365727e-06, 6.3414372562e-06, 6.33403487882e-06, 5.79445577387e-06, 5.97331927565e-06, 5.48880325368e-06]
    },
    "melbands128": {
        "max": [0.00658685993403, 0.0443138256669, 0.0658485889435, 0.0553713366389, 0.025626949966, 0.00939852371812, 0.0066895140335, 0.00685633765534, 0.00608106702566, 0.00743966735899, 0.00458799907938, 0.00602290499955, 0.00871173851192, 0.00944169051945, 0.00569115579128, 0.00519984960556, 0.0098874848336, 0.00706404400989, 0.00383758335374, 0.00171808886807, 0.00277642603032, 0.00416396744549, 0.00334454188123, 0.0092052295804, 0.00844505243003, 0.0065544648096, 0.00928378663957, 0.00739266257733, 0.0123161114752, 0.00528227724135, 0.00476831477135, 0.0064844796434, 0.00953028723598, 0.00472689745948, 0.0147466463968, 0.0104577001184, 0.0102984616533, 0.00393800577149, 0.0035692343954, 0.00156853161752, 0.00297187804244, 0.00696802698076, 0.00278903916478, 0.00224098516628, 0.00260118814185, 0.00320009933785, 0.00200352491811, 0.00085203855997, 0.00219658087008, 0.00587837817147, 0.00310982600786, 0.00287130218931, 0.00280169327743, 0.00140020076651, 0.00166634179186, 0.000808127515484, 0.000687702326104, 0.000816199113615, 0.000880980689544, 0.000735117995646, 0.000680219905917, 0.000462585390778, 0.000320898019709, 0.000206315948162, 0.000170706000063, 0.000234264211031, 0.000208426296012, 0.000282917491859, 0.000385038350942, 0.000222963702981, 0.000354698277079, 0.000242748676101, 0.00015978688316, 0.000114959097118, 7.38660455681e-05, 0.000115106871817, 0.000167733232956, 0.000629045069218, 0.000474395346828, 0.000165402772836, 0.000211818827665, 0.000125319973449, 0.000290183466859, 0.000231011988944, 0.000145425132359, 6.92443645676e-05, 8.27343246783e-05, 6.16374818492e-05, 9.67125888565e-05, 8.97396384971e-05, 6.96387796779e-05, 8.70785588631e-05, 0.000169922888745, 7.46110818e-05, 6.21759609203e-05, 7.05950442352e-05, 9.62396588875e-05, 0.000117292031064, 6.23254527454e-05, 6.84379265294e-05, 6.65923580527e-05, 8.50793367135e-05, 6.76390845911e-05, 6.57423734083e-05, 6.42589438939e-05, 5.05954558321e-05, 5.11925791216e-05, 4.80016933579e-05, 4.01543802582e-05, 2.90861153189e-05, 9.52749087446e-06, 5.86706346439e-06, 4.22325365435e-06, 3.75107219952e-06, 1.17759191198e-06, 7.69398184275e-07, 2.85920151555e-07, 2.63438759696e-09, 2.55344567712e-09, 2.4897521822e-09, 2.43357978214e-09, 2.38090680504e-09, 2.32337149519e-09, 2.28364260835e-09, 2.25538387966e-09, 2.21861595762e-09, 2.20151052943e-09, 2.18982187938e-09],
        "mean": [0.000731095322408, 0.00533107947558, 0.00880329031497, 0.00668291607872, 0.00317409215495, 0.000957399490289, 0.0003014242684, 0.000250613928074, 0.000297849415801, 0.000323048443533, 0.000245164468652, 0.000209034595173, 0.000255901715718, 0.000452850392321, 0.000335784949129, 0.000175980618224, 0.000281429209281, 0.000334707408911, 0.000125356338685, 5.52382625756e-05, 7.77807217673e-05, 0.00013160679373, 0.000167597376276, 0.000474222499179, 0.000518317625392, 0.000291890144581, 0.000344632426277, 0.000226511707297, 0.000278787279967, 0.000308806251269, 0.000154361754539, 0.000243330112426, 0.0003261557722, 0.000158119146363, 0.000369790184777, 0.000184020362212, 8.39441709104e-05, 9.25048443605e-05, 0.000161279080203, 9.15316995815e-05, 6.14380987827e-05, 0.000175415741978, 6.58397402731e-05, 5.38649364898e-05, 0.000137800903758, 0.000114203852718, 8.68342976901e-05, 4.31164517067e-05, 5.7819444919e-05, 0.000108964195533, 5.3968069551e-05, 6.02565160079e-05, 9.51766705839e-05, 4.92995241075e-05, 2.78760417132e-05, 2.31035064644e-05, 2.55515242316e-05, 5.69883050048e-05, 2.76358659903e-05, 2.10061862163e-05, 3.58729921572e-05, 2.69119063887e-05, 1.62238538906e-05, 1.43176257552e-05, 2.04654224945e-05, 1.49399775182e-05, 2.0509109163e-05, 1.60360141308e-05, 1.47692908286e-05, 1.95421052922e-05, 1.72000691236e-05, 1.16652809083e-05, 9.4626311693e-06, 1.07689256765e-05, 8.72914642969e-06, 6.4302357714e-06, 7.48141974327e-06, 1.32483792186e-05, 1.26526656459e-05, 8.02834529168e-06, 7.65368167777e-06, 5.59424870517e-06, 6.93947413311e-06, 6.74459079164e-06, 5.52303981749e-06, 4.36858999819e-06, 4.78914262203e-06, 4.54778091807e-06, 4.88401246912e-06, 5.03614728586e-06, 4.76293507745e-06, 4.24645986641e-06, 4.52191034128e-06, 4.21206777901e-06, 3.78756703867e-06, 3.32717741003e-06, 2.96206417261e-06, 2.75741035693e-06, 2.64289019469e-06, 2.42153896579e-06, 2.15575914808e-06, 2.07610878533e-06, 2.18138188757e-06, 1.90673574707e-06, 1.55466057095e-06, 1.37322513183e-06, 1.05050332877e-06, 9.00011514204e-07, 7.17568525488e-07, 5.44936710867e-07, 3.71231521967e-07, 1.59875924055e-07, 3.42255788155e-08, 1.65267657337e-08, 4.48578862944e-09, 3.56643892196e-09, 1.24081689368e-09, 1.57834960379e-11, 1.20375280924e-11, 1.16103368239e-11, 1.13151181133e-11, 1.10714892115e-11, 1.08380943109e-11, 1.06339043474e-11, 1.03606871346e-11, 9.99263779361e-12, 9.78445015981e-12, 9.7118120837e-12],
        "min": [2.54046605974e-09, 3.20447290925e-09, 1.17390968057e-07, 5.73213242205e-07, 5.3194986549e-07, 2.7120785262e-07, 1.16162688357e-07, 1.49364595359e-07, 8.88768568075e-07, 5.23635094396e-07, 1.81421810908e-07, 5.86690092064e-08, 1.75059980734e-07, 6.22565892172e-07, 4.10812702967e-07, 2.44361643809e-07, 5.68053224015e-07, 6.74364059705e-07, 1.66971929616e-07, 2.42534980543e-07, 9.35857187301e-08, 5.17226368402e-08, 2.3947549721e-07, 1.24477878671e-07, 9.54215579441e-07, 5.93894128542e-07, 2.970098123e-08, 9.7925379805e-08, 1.42339871445e-07, 1.74902240246e-07, 2.02593298582e-07, 1.144313444e-07, 8.48564241096e-08, 9.83682610922e-08, 5.8932748459e-08, 5.37698170433e-08, 3.39235910474e-08, 2.4714838176e-08, 1.45989034195e-07, 1.13128358237e-07, 2.11732977817e-08, 3.2236709302e-08, 6.27582821267e-08, 6.5648109171e-08, 3.30400311555e-08, 1.24919395716e-07, 3.95240604689e-08, 8.02942690115e-09, 1.59559885304e-08, 1.50826107159e-08, 4.61294247245e-09, 1.529418725e-08, 4.00135711232e-08, 5.45501919191e-08, 2.77023541884e-08, 8.97281982049e-09, 2.24435359186e-09, 1.03447481692e-08, 6.51571552268e-09, 1.63259084029e-09, 3.01627722799e-09, 3.45512085609e-09, 6.86788315107e-09, 2.63043831161e-09, 2.32410335421e-09, 1.51366408296e-09, 3.9610479341e-09, 4.45381331815e-09, 9.36876687341e-10, 1.21046739299e-09, 1.36333033751e-09, 9.71556723961e-10, 1.1670615585e-09, 1.63858970836e-09, 6.83735013052e-10, 3.29715282854e-10, 2.69981897949e-10, 9.14195108503e-12, 2.89809808096e-11, 4.41265010642e-11, 8.96079651452e-12, 3.78329867434e-11, 3.34872268803e-11, 6.05973743406e-11, 7.19043435904e-11, 1.97629152626e-11, 1.31261473912e-10, 1.66231698545e-11, 1.49554160722e-10, 3.25679275215e-11, 4.58992947816e-11, 1.21395896807e-11, 3.33410833664e-11, 9.26678039859e-11, 1.2742661093e-10, 4.42911367304e-11, 1.27317817747e-11, 2.77554064801e-12, 2.1920501872e-11, 6.55542356509e-11, 6.68894245548e-11, 1.01653668122e-12, 7.93917665984e-13, 1.77953246756e-12, 1.85726629388e-12, 2.9083246228e-12, 1.88229076423e-12, 4.95366117917e-12, 1.3164547577e-12, 4.14433488612e-13, 3.63516129091e-13, 3.80219103814e-13, 3.25698154427e-13, 2.65246890207e-13, 2.6646360899e-13, 2.56980228113e-13, 2.68142387634e-13, 1.85294488086e-13, 3.0776821521e-13, 2.78567696254e-13, 2.89813447763e-13, 2.83491817261e-13, 2.7094269211e-13, 2.86636355927e-13, 2.15249069653e-13, 7.51031317215e-14, 8.23290529039e-15, 3.78357838487e-16],
        "stdev": [0.000910027651116, 0.00690137781203, 0.0116380918771, 0.00799550302327, 0.00361810228787, 0.00112424092367, 0.000497364497278, 0.000490601698402, 0.000517695327289, 0.000457062880741, 0.000381094956538, 0.000482806470245, 0.00061405467568, 0.000842410838231, 0.000623931991868, 0.00038928797585, 0.000703159836121, 0.000604815373663, 0.000215889944229, 9.74735739874e-05, 0.000187713492778, 0.000307937239995, 0.000347829889506, 0.000874478078913, 0.000924450112507, 0.000648541375995, 0.000881807412952, 0.000694539456163, 0.000892429437954, 0.0005057809758, 0.000285834714305, 0.000605494133197, 0.000819299835712, 0.000384305982152, 0.00112681812607, 0.000617976184003, 0.000393934489693, 0.000242989204708, 0.000253888545558, 0.000137763781822, 0.000183469077456, 0.000560311484151, 0.000165343168192, 0.000121481709357, 0.000247699092142, 0.000247290998232, 0.000155924484716, 7.54816210247e-05, 0.000124886661069, 0.000264509522822, 0.000179812923307, 0.000195011554752, 0.000249715289101, 0.000105069120764, 7.78064422775e-05, 4.41486845375e-05, 3.91244793718e-05, 8.43937523314e-05, 5.53577119717e-05, 3.62333157682e-05, 5.35245344508e-05, 3.66215972463e-05, 2.17570031964e-05, 1.72324198502e-05, 2.10778744076e-05, 1.57462509378e-05, 2.24885407079e-05, 2.11990354728e-05, 2.1623696739e-05, 2.4583456252e-05, 2.62448374997e-05, 1.91059170902e-05, 1.14846643555e-05, 1.24325561046e-05, 8.9735885922e-06, 8.1440066424e-06, 1.35422314997e-05, 4.79023510707e-05, 3.86625724786e-05, 1.43183642649e-05, 1.86220459e-05, 1.05430117401e-05, 1.76132452907e-05, 1.77550064109e-05, 1.00691840998e-05, 6.58832323097e-06, 6.29323358226e-06, 6.25568554824e-06, 6.30709155303e-06, 6.48771538181e-06, 6.55705116515e-06, 6.80042921886e-06, 8.41099881654e-06, 6.91616651238e-06, 6.33237868897e-06, 5.95277288085e-06, 6.24363883617e-06, 7.17425064067e-06, 6.20314494881e-06, 6.13979909758e-06, 5.71305690755e-06, 5.77820856051e-06, 5.73090301259e-06, 5.24579354533e-06, 4.35840001956e-06, 4.15921340391e-06, 3.44002387465e-06, 3.07566824631e-06, 2.42040619014e-06, 1.88056583283e-06, 8.85098927483e-07, 4.30446220889e-07, 2.51858665479e-07, 1.57415868784e-07, 4.94909073723e-08, 3.88118799322e-08, 1.41102320939e-08, 1.20494961231e-10, 1.00159873451e-10, 9.70891422813e-11, 9.48867581729e-11, 9.2751771541e-11, 9.06187416772e-11, 8.90287149558e-11, 8.79301145784e-11, 8.65756494273e-11, 8.58892471034e-11, 8.54229811886e-11]
    },
    "mfcc": {
        "mean": [-598.390686035, 108.227279663, -4.20929384232, 13.4380865097, 7.97253847122, 9.95801830292, 9.05670166016, 11.4775094986, 6.59857845306, 12.107585907, 1.12315940857, 3.94148564339, 1.90632545948],
        "cov": [[6823.23144531, -2713.82788086, -121.876495361, 392.312805176, -33.0029716492, 673.677612305, 78.1225967407, 477.275878906, 233.234863281, 78.092048645, 118.357398987, -41.1121902466, 35.9893074036], [-2713.82788086, 1359.4329834, -60.7908821106, -179.780639648, -17.3114891052, -278.816741943, 5.34493350983, -171.281967163, -104.345031738, -12.8151426315, -50.5193023682, 8.82387447357, -24.235326767], [-121.876495361, -60.7908821106, 287.105773926, 30.5791320801, 33.3658905029, -6.96157360077, -24.8362617493, -24.9828491211, 1.0303555727, -29.9459877014, 18.21616745, 19.7189941406, 20.5448722839], [392.312805176, -179.780639648, 30.5791320801, 204.900375366, 33.9332542419, 63.7888183594, -30.0233726501, 39.313331604, 40.2876586914, -16.9905128479, 31.1621112823, 5.87436151505, 23.005607605], [-33.0029716492, -17.3114891052, 33.3658905029, 33.9332542419, 139.691925049, -4.50186920166, -18.3547210693, -12.9771928787, 28.5226726532, 11.7708425522, -4.18479776382, 21.3454341888, 17.274810791], [673.677612305, -278.816741943, -6.96157360077, 63.7888183594, -4.50186920166, 195.161422729, 70.3758468628, 89.6134643555, 42.2005004883, 14.9891061783, 60.3160591125, 16.1086120605, 28.2090263367], [78.1225967407, 5.34493350983, -24.8362617493, -30.0233726501, -18.3547210693, 70.3758468628, 131.509857178, 60.6906814575, 13.5127353668, 16.7680530548, 31.8610515594, 12.2428379059, 13.2437267303], [477.275878906, -171.281967163, -24.9828491211, 39.313331604, -12.9771928787, 89.6134643555, 60.6906814575, 135.52557373, 50.0185317993, 27.6533641815, 47.0314750671, 17.7999897003, 32.4957542419], [233.234863281, -104.345031738, 1.0303555727, 40.2876586914, 28.5226726532, 42.2005004883, 13.5127353668, 50.0185317993, 98.4849243164, 22.8485050201, 26.291852951, 10.3834171295, 28.8555297852], [78.092048645, -12.8151426315, -29.9459877014, -16.9905128479, 11.7708425522, 14.9891061783, 16.7680530548, 27.6533641815, 22.8485050201, 72.6479949951, 24.2486190796, 12.7366924286, 6.49163579941], [118.357398987, -50.5193023682, 18.21616745, 31.1621112823, -4.18479776382, 60.3160591125, 31.8610515594, 47.0314750671, 26.291852951, 24.2486190796, 88.8285980225, 33.8376464844, 27.4900856018], [-41.1121902466, 8.82387447357, 19.7189941406, 5.87436151505, 21.3454341888, 16.1086120605, 12.2428379059, 17.7999897003, 10.3834171295, 12.7366924286, 33.8376464844, 68.6329269409, 38.4639701843], [35.9893074036, -24.235326767, 20.5448722839, 23.005607605, 17.274810791, 28.2090263367, 13.2437267303, 32.4957542419, 28.8555297852, 6.49163579941, 27.4900856018, 38.4639701843, 72.4216156006]],
        "icov": [[0.000973244779743, 0.0017399181379, 0.000596270663664, -0.000288118171738, 0.00023388248519, -0.000544151582289, 1.00009483504e-05, -0.000862297601998, 0.000127373597934, -0.000396837451262, 0.000418551935581, 0.000170775092556, 0.00029747132794], [0.0017399181379, 0.00448249373585, 0.0015001357533, -0.000375663366867, 0.000443299475592, 0.00114504224621, -0.00143074220978, -0.000219267429202, 0.000635887670796, -0.000617312209215, -0.000101491161331, 7.59063332225e-05, -6.23774394626e-05], [0.000596270663664, 0.0015001357533, 0.00462000351399, -0.000173469728907, -0.000758813053835, 0.00046583355288, 1.2174830772e-05, 0.000708429317456, 0.000149181403685, 0.00190579693299, -0.0017795744352, -0.00026746786898, -0.00078308332013], [-0.000288118171738, -0.000375663366867, -0.000173469728907, 0.0079645505175, -0.00199005752802, -0.00194108544383, 0.0038159370888, -0.00178113870788, -0.001270001987, 0.0036918669939, -0.00272523611784, 0.00129042973276, -0.000607030000538], [0.00023388248519, 0.000443299475592, -0.000758813053835, -0.00199005752802, 0.00962929055095, -0.000168967701029, -0.000168671467691, 0.00234251632355, -0.00288085010834, -0.00286586000584, 0.00326028326526, -0.00351011310704, -0.000340330909239], [-0.000544151582289, 0.00114504224621, 0.00046583355288, -0.00194108544383, -0.000168967701029, 0.0130693670362, -0.00582205224782, -0.000387274223613, 0.000106568877527, 0.000906368135475, -0.00471385102719, 0.000552397163119, -0.00130164809525], [1.00009483504e-05, -0.00143074220978, 1.2174830772e-05, 0.0038159370888, -0.000168671467691, -0.00582205224782, 0.0142076136544, -0.00557642336935, 0.000152642431203, 0.00088251096895, -0.00088498997502, 6.11680370639e-05, 0.000676126452163], [-0.000862297601998, -0.000219267429202, 0.000708429317456, -0.00178113870788, 0.00234251632355, -0.000387274223613, -0.00557642336935, 0.0173601210117, -0.00374369998462, -0.00253063184209, -0.00218892702833, -0.000539811037015, -0.00362166692503], [0.000127373597934, 0.000635887670796, 0.000149181403685, -0.001270001987, -0.00288085010834, 0.000106568877527, 0.000152642431203, -0.00374369998462, 0.0157318226993, -0.0030910752248, -0.00134723004885, 0.00317512429319, -0.00435787718743], [-0.000396837451262, -0.000617312209215, 0.00190579693299, 0.0036918669939, -0.00286586000584, 0.000906368135475, 0.00088251096895, -0.00253063184209, -0.0030910752248, 0.0197320375592, -0.00582779338583, -0.00123835587874, 0.00191461702343], [0.000418551935581, -0.000101491161331, -0.0017795744352, -0.00272523611784, 0.00326028326526, -0.00471385102719, -0.00088498997502, -0.00218892702833, -0.00134723004885, -0.00582779338583, 0.0216356478631, -0.00770716089755, 0.000271006312687], [0.000170775092556, 7.59063332225e-05, -0.00026746786898, 0.00129042973276, -0.00351011310704, 0.000552397163119, 6.11680370639e-05, -0.000539811037015, 0.00317512429319, -0.00123835587874, -0.00770716089755, 0.0256556589156, -0.0113949682564], [0.00029747132794, -6.23774394626e-05, -0.00078308332013, -0.000607030000538, -0.000340330909239, -0.00130164809525, 0.000676126452163, -0.00362166692503, -0.00435787718743, 0.00191461702343, 0.000271006312687, -0.0113949682564, 0.0236577615142]]
    },
    "spectral_contrast_coeffs": {
        "max": [-0.46886792779, -0.460301399231, -0.515132665634, -0.611654222012, -0.675832867622, -0.605085790157],
        "mean": [-0.746539711952, -0.748670220375, -0.73763602972, -0.774953663349, -0.792104482651, -0.760164320469],
        "min": [-0.90365588665, -0.907795786858, -0.884375452995, -0.890708386898, -0.899881124496, -0.904432475567],
        "stdev": [0.066333539784, 0.0633466094732, 0.0676403492689, 0.0451626889408, 0.029444579035, 0.0405027717352]
    },
    "spectral_contrast_valleys": {
        "max": [-5.06056785583, -5.09374713898, -5.55847501755, -5.72122049332, -5.61073970795, -7.56818151474],
        "mean": [-6.51383447647, -6.5508518219, -6.95916509628, -7.05581092834, -7.09289264679, -9.70822906494],
        "min": [-9.35976982117, -8.4012670517, -9.22215080261, -9.91207695007, -10.8700876236, -13.9572572708],
        "stdev": [0.726266920567, 0.479903817177, 0.65079832077, 0.776617228985, 0.989745855331, 1.25235509872]
    }
},
"rhythm": {
    "beats_count": 71,
    "beats_loudness": {
        "max": 0.130595639348,
        "mean": 0.0509067960083,
        "min": 0.00156464544125,
        "stdev": 0.0305726211518
    },
    "bpm": 133.918045044,
    "bpm_histogram_first_peak_bpm": 133,
    "bpm_histogram_first_peak_weight": 0.403225839138,
    "bpm_histogram_second_peak_bpm": 123,
    "bpm_histogram_second_peak_spread": 0.5,
    "bpm_histogram_second_peak_weight": 0.0571428574622,
    "danceability": 1.15934312344,
    "onset_rate": 3.26074194908,
    "beats_loudness_band_ratio": {
        "max": [0.974122881889, 0.74927431345, 0.497541844845, 0.525250673294, 0.444190144539, 0.228402286768],
        "mean": [0.522731363773, 0.0799148157239, 0.128452003002, 0.142440110445, 0.0884119942784, 0.0591293796897],
        "min": [0.0288534294814, 0.00226220581681, 0.0127557525411, 0.0055616539903, 0.000488407094963, 4.16959774157e-05],
        "stdev": [0.228506416082, 0.114805452526, 0.114234626293, 0.129872173071, 0.0724701061845, 0.0454965569079]
    },
    "beats_position": [0.487619042397, 0.986848056316, 1.48607707024, 1.97369611263, 2.46131515503, 2.94893407822, 3.43655323982, 3.9125623703, 4.38857126236, 4.82975053787, 5.28253936768, 5.73532867432, 6.18811798096, 6.62929677963, 7.08208608627, 7.52326536179, 7.97605419159, 8.42884349823, 8.88163280487, 9.33442115784, 9.77560043335, 10.2167797089, 10.6695690155, 11.1223583221, 11.5635375977, 12.0047159195, 12.4575052261, 12.9102945328, 13.3514738083, 13.8042631149, 14.2570514679, 14.6982307434, 15.1394100189, 15.5805892944, 16.0333786011, 16.4861679077, 16.9273471832, 17.3801364899, 17.8329238892, 18.2741031647, 18.7268924713, 19.179681778, 19.6324710846, 20.0852603912, 20.5264396667, 20.9676189423, 21.4204082489, 21.8731975555, 22.3143768311, 22.7671642303, 23.219953537, 23.6611328125, 24.102312088, 24.5551013947, 25.0078907013, 25.4490699768, 25.8902492523, 26.343038559, 26.7958278656, 27.2370071411, 27.6781845093, 28.1309738159, 28.5837631226, 29.0249423981, 29.4777317047, 29.9305210114, 30.383310318, 30.8360996246, 31.2772789001, 31.7184581757, 32.171245575],
