{
"metadata": {
    "version": {
        "essentia": "2.1-beta5",
        "essentia_git_sha": "Undefined",
        "extractor": "music 2.0"
    },
    "audio_properties": {
        "analysis": {
            "equal_loudness": 0,
            "length": 32.4963264465,
            "sample_rate": 44100,
            "start_time": 61.4980506897,
            "downmix": "mix"
        },
        "bit_rate": 192000,
        "length": 193.329360962,
        "lossless": 0,
        "number_channels": 2,
        "replay_gain": -1.70747566223,
        "sample_rate": 48000,
        "codec": "mp3",
        "md5_encoded": "d235d5328da1945f0ac0f1f9026a6642"
    },
    "tags": {
        "file_name": "Finland_Sing It Away_Sandhja.mp3",
        "encoding": ["Lavf58.29.100"]
    }
},
"lowlevel": {
    "average_loudness": 0.963528335094,
    "barkbands_crest": {
        "max": 24.0935554504,
        "mean": 11.2444200516,
        "min": 2.62529778481,
        "stdev": 4.49778270721
    },
    "barkbands_flatness_db": {
        "max": 0.341682165861,
        "mean": 0.177724659443,
        "min": 0.0422818437219,
        "stdev": 0.0632103681564
    },
    "barkbands_kurtosis": {
        "max": 180.573532104,
        "mean": 9.70603752136,
        "min": -1.94076991081,
        "stdev": 16.3037395477
    },
    "barkbands_skewness": {
        "max": 12.109377861,
        "mean": 2.15463280678,
        "min": -1.20416474342,
        "stdev": 1.649502635
    },
    "barkbands_spread": {
        "max": 115.102180481,
        "mean": 17.5258293152,
        "min": 0.992234051228,
        "stdev": 15.7612981796
    },
    "dissonance": {
        "max": 0.499999910593,
        "mean": 0.45383772254,
        "min": 0.187967181206,
        "stdev": 0.0348379574716
    },
    "dynamic_complexity": 2.71016693115,
    "erbbands_crest": {
        "max": 30.7168216705,
        "mean": 10.0367631912,
        "min": 2.63307142258,
        "stdev": 5.33568906784
    },
    "erbbands_flatness_db": {
        "max": 0.316882014275,
        "mean": 0.159143164754,
        "min": 0.0653264969587,
        "stdev": 0.0439821444452
    },
    "erbbands_kurtosis": {
        "max": 23.7833557129,
        "mean": 1.35834360123,
        "min": -1.75911724567,
        "stdev": 3.05914211273
    },
    "erbbands_skewness": {
        "max": 3.68671393394,
        "mean": 0.614936888218,
        "min": -2.77536034584,
        "stdev": 0.819694578648
    },
    "erbbands_spread": {
        "max": 167.03125,
        "mean": 37.0797615051,
        "min": 4.18245840073,
        "stdev": 24.2869300842
    },
    "hfc": {
        "max": 211.233642578,
        "mean": 20.4326324463,
        "min": 0.467579096556,
        "stdev": 22.7181510925
    },
    "loudness_ebu128": {
        "integrated": -21.1147060394,
        "loudness_range": 3.96467018127,
        "momentary": {
            "max": -17.2402915955,
            "mean": -21.5045375824,
            "min": -26.191652298,
            "stdev": 1.82273721695
        },
        "short_term": {
            "max": -18.7486896515,
            "mean": -21.5173721313,
            "min": -23.4276161194,
            "stdev": 1.43630087376
        }
    },
    "melbands_crest": {
        "max": 34.8759155273,
        "mean": 16.3512802124,
        "min": 3.65280365944,
        "stdev": 6.12735748291
    },
    "melbands_flatness_db": {
        "max": 0.449423611164,
        "mean": 0.250461608171,
        "min": 0.0758309662342,
        "stdev": 0.0812843665481
    },
    "melbands_kurtosis": {
        "max": 452.085235596,
        "mean": 23.1331729889,
        "min": -1.64915370941,
        "stdev": 38.4438743591
    },
    "melbands_skewness": {
        "max": 17.3622951508,
        "mean": 3.16363835335,
        "min": -0.582461595535,
        "stdev": 2.25908493996
    },
    "melbands_spread": {
        "max": 160.183456421,
        "mean": 16.0549297333,
        "min": 0.741533041,
        "stdev": 13.9708852768
    },
    "pitch_salience": {
        "max": 0.821316242218,
        "mean": 0.49859431386,
        "min": 0.0947845503688,
        "stdev": 0.120851442218
    },
    "silence_rate_20dB": {
        "max": 1,
        "mean": 1,
        "min": 1,
        "stdev": 0
    },
    "silence_rate_30dB": {
        "max": 1,
        "mean": 0.952176988125,
        "min": 0,
        "stdev": 0.213393822312
    },
    "silence_rate_60dB": {
        "max": 0,
        "mean": 0,
        "min": 0,
        "stdev": 0
    },
    "spectral_centroid": {
        "max": 3731.41333008,
        "mean": 885.269836426,
        "min": 179.048553467,
        "stdev": 508.943359375
    },
    "spectral_complexity": {
        "max": 44,
        "mean": 16.5574588776,
        "min": 2,
        "stdev": 9.7454252243
    },
    "spectral_decrease": {
        "max": -4.1528538941e-10,
        "mean": -9.8119921077e-09,
        "min": -7.18321615523e-08,
        "stdev": 9.02415742132e-09
    },
    "spectral_energy": {
        "max": 0.277298718691,
        "mean": 0.038886025548,
        "min": 0.00160979351494,
        "stdev": 0.0349734537303
    },
    "spectral_energyband_high": {
        "max": 0.0163916479796,
        "mean": 0.000678565760609,
        "min": 1.96776272787e-06,
        "stdev": 0.00147459178697
    },
    "spectral_energyband_low": {
        "max": 0.241210430861,
        "mean": 0.0219040066004,
        "min": 0.000298430095427,
        "stdev": 0.0305444933474
    },
    "spectral_energyband_middle_high": {
        "max": 0.0443251132965,
        "mean": 0.00539157679304,
        "min": 6.95753260516e-05,
        "stdev": 0.00733681861311
    },
    "spectral_energyband_middle_low": {
        "max": 0.0799481496215,
        "mean": 0.0128220105544,
        "min": 0.000330850161845,
        "stdev": 0.0109808854759
    },
    "spectral_entropy": {
        "max": 8.64392662048,
        "mean": 7.37945890427,
        "min": 5.78988599777,
        "stdev": 0.527904570103
    },
    "spectral_flux": {
        "max": 0.46209409833,
        "mean": 0.116894580424,
        "min": 0.0195299778134,
        "stdev": 0.0725177451968
    },
    "spectral_kurtosis": {
        "max": 33.0676612854,
        "mean": 6.41184568405,
        "min": -1.38625597954,
        "stdev": 4.5804901123
    },
    "spectral_rms": {
        "max": 0.0164479576051,
        "mean": 0.00570963090286,
        "min": 0.00125320802908,
        "stdev": 0.00231033726595
    },
    "spectral_rolloff": {
        "max": 10852.734375,
        "mean": 1035.17626953,
        "min": 64.599609375,
        "stdev": 1540.56079102
    },
    "spectral_skewness": {
        "max": 4.47604751587,
        "mean": 2.02626895905,
        "min": 0.0261953603476,
        "stdev": 0.597730457783
    },
    "spectral_spread": {
        "max": 17195684,
        "mean": 4932164.5,
        "min": 1129742.375,
        "stdev": 2347612.75
    },
    "spectral_strongpeak": {
        "max": 9.10192871094,
        "mean": 0.73140847683,
        "min": 0,
        "stdev": 0.917317926884
    },
    "zerocrossingrate": {
        "max": 0.26220703125,
        "mean": 0.0461821369827,
        "min": 0.00537109375,
        "stdev": 0.0368425138295
    },
    "barkbands": {
        "max": [0.0118167772889, 0.0898365229368, 0.178239360452, 0.0523947179317, 0.0359502285719, 0.0397484824061, 0.0390787385404, 0.0411944799125, 0.0182485673577, 0.0331484563649, 0.0239747948945, 0.0137911709026, 0.0196474604309, 0.0138475447893, 0.00997512694448, 0.012604075484, 0.0235782600939, 0.0072659146972, 0.00279307179153, 0.00177052663639, 0.00179210864007, 0.00145332701504, 0.00235727033578, 0.00398506876081, 0.00749756535515, 0.00478206854314, 1.9005019567e-05],
        "mean": [0.000916074612178, 0.0110808135942, 0.00822487287223, 0.00244171102531, 0.00295793823898, 0.00205717212521, 0.00197373284027, 0.00204781349748, 0.00092462846078, 0.000979382777587, 0.000869135430548, 0.000670089793857, 0.000681408448145, 0.00055830180645, 0.000627878005616, 0.000419754214818, 0.000328732305206, 0.000251798832323, 0.000148240826093, 9.6044059319e-05, 7.45737052057e-05, 6.46404441795e-05, 9.66817460721e-05, 0.000125177131849, 0.000185249344213, 8.41375804157e-05, 5.73546614646e-08],
        "min": [2.23817082201e-07, 3.18946549669e-05, 1.12741201974e-06, 7.3428000178e-06, 2.02680657821e-05, 3.97028088628e-06, 7.21152082406e-06, 4.64463255412e-06, 2.73037267107e-06, 1.72136572019e-06, 2.1093082978e-06, 1.72345835381e-06, 2.40045619648e-06, 2.95794689009e-06, 3.84964960176e-06, 1.79620781182e-06, 2.74808326139e-06, 1.57075453444e-06, 1.15811724299e-06, 8.01060593858e-07, 4.81906681671e-07, 2.65106336883e-07, 1.74104215489e-07, 8.48298942202e-09, 6.87953471967e-09, 5.03268648977e-10, 1.06126461785e-10],
        "stdev": [0.00180088507477, 0.0152262663469, 0.0188901182264, 0.00499755656347, 0.0035438972991, 0.00416104821488, 0.00420154631138, 0.00424446165562, 0.00196767132729, 0.00234437244944, 0.0019433486741, 0.00131498009432, 0.00152388191782, 0.00118388351984, 0.00108701665886, 0.000939840043429, 0.00105872785207, 0.000578649109229, 0.000297613762086, 0.000162846423336, 0.000150545805809, 0.000130225089379, 0.000224313349463, 0.000305000110529, 0.000568642804865, 0.000337361329002, 7.64907099438e-07]
    },
    "erbbands": {
        "max": [4.45455884933, 20.9440097809, 163.941680908, 190.795959473, 93.9906616211, 181.367218018, 318.571258545, 489.407867432, 701.462158203, 792.387573242, 938.085632324, 427.572143555, 776.515380859, 1285.83947754, 710.454040527, 611.566589355, 700.112792969, 811.506530762, 482.905609131, 771.835754395, 781.742980957, 1459.20935059, 373.218292236, 355.613861084, 106.393051147, 67.0963745117, 73.679725647, 57.0617599487, 42.9619064331, 71.4323196411, 75.633895874, 53.9834365845, 85.8434066772, 106.310844421, 62.5726203918, 35.7298583984, 4.0161280632, 0.21429862082, 0.00636242050678, 0.000517837994266],
        "mean": [0.393097817898, 2.24154210091, 8.04603672028, 10.58015728, 6.65092754364, 11.5986785889, 12.6084480286, 18.5498504639, 27.0306587219, 35.1494255066, 42.5632514954, 22.6128330231, 29.6285877228, 31.5335330963, 32.016242981, 28.8832836151, 31.3674182892, 32.7772521973, 30.7544326782, 29.1366901398, 21.8386993408, 16.6720790863, 16.0154514313, 9.73579502106, 5.72225666046, 4.50857067108, 3.58957576752, 2.43187308311, 2.21197533607, 2.6459736824, 2.81300091743, 2.13316893578, 2.39954614639, 2.10457348824, 1.30330264568, 0.672271132469, 0.063818089664, 0.00229914626107, 0.000106955645606, 5.32418052899e-05],
        "min": [0.00134832551703, 0.0217684842646, 0.0313766337931, 0.0694061294198, 0.189568340778, 0.0812420994043, 0.101234003901, 0.0561834573746, 0.0536311082542, 0.167507320642, 0.122562333941, 0.112378776073, 0.108968183398, 0.104744024575, 0.106354117393, 0.0554490983486, 0.160768389702, 0.207184359431, 0.206608459353, 0.155195236206, 0.162688270211, 0.18269045651, 0.120750851929, 0.0827878341079, 0.0548663400114, 0.0437914319336, 0.0222448278219, 0.0136086978018, 0.0105614457279, 0.00473102042452, 0.00460712751374, 0.00244943494909, 0.000240497131017, 0.000121178658446, 8.35953542264e-05, 8.2711369032e-05, 7.83896393841e-06, 7.3029491432e-07, 2.13970247387e-06, 3.88591661249e-06],
        "stdev": [0.676281452179, 3.11519908905, 17.6081924438, 22.5836715698, 8.71577739716, 17.4100856781, 21.9625034332, 44.1678123474, 67.7211761475, 67.1285934448, 94.953338623, 43.4881515503, 66.0110092163, 74.751991272, 66.8728027344, 56.1592979431, 66.5774612427, 66.1050338745, 53.1386108398, 57.7647972107, 50.7751998901, 53.8915901184, 35.8746528625, 22.4500408173, 10.7296285629, 7.45015954971, 6.7203783989, 5.03784942627, 4.37438249588, 5.90697717667, 6.50079584122, 4.67761850357, 6.33988618851, 6.64255475998, 4.21619796753, 2.64035415649, 0.238314926624, 0.0111817400903, 0.000368433567928, 5.41236222489e-05]
    },
    "gfcc": {
        "mean": [-6.45778846741, 116.004302979, -101.882591248, 31.7277832031, -53.4299430847, 29.9754047394, -46.961517334, 17.4310092926, -20.1759243011, 3.07580637932, -11.1407995224, -6.49913835526, -6.73134088516],
        "cov": [[4097.83984375, -1679.71887207, -702.173217773, -251.947387695, -188.865447998, 242.221405029, -39.2696342468, 284.639221191, -336.056152344, 256.549499512, -296.657989502, 284.068664551, -254.601470947], [-1679.71887207, 1477.26916504, -33.8777732849, -35.4916191101, 195.862564087, -281.277313232, 135.074066162, -210.907546997, 255.676254272, -188.021316528, 239.740463257, -231.555221558, 146.920303345], [-702.173217773, -33.8777732849, 714.799926758, 199.675628662, -35.5529098511, 78.6202468872, -85.5694122314, -3.01900434494, 30.8998413086, 1.48361349106, 10.8240976334, -6.20089054108, 19.7558822632], [-251.947387695, -35.4916191101, 199.675628662, 282.31729126, 37.7756385803, 20.8600845337, -9.45370960236, -7.01104831696, 52.2630844116, -17.6393585205, 30.3892154694, -13.6546773911, 55.3448371887], [-188.865447998, 195.862564087, -35.5529098511, 37.7756385803, 177.621658325, -11.2495393753, 50.6436233521, 0.19956061244, 54.9659767151, -6.65515327454, 26.9005126953, -16.0483951569, 17.032535553], [242.221405029, -281.277313232, 78.6202468872, 20.8600845337, -11.2495393753, 177.782501221, 26.9347763062, 43.7610702515, -32.8218193054, 40.0428009033, -44.1492576599, 33.4122390747, -32.5994987488], [-39.2696342468, 135.074066162, -85.5694122314, -9.45370960236, 50.6436233521, 26.9347763062, 190.516067505, 19.2441902161, 47.6395645142, 4.85481262207, 19.242975235, -18.781578064, -4.80162715912], [284.639221191, -210.907546997, -3.01900434494, -7.01104831696, 0.19956061244, 43.7610702515, 19.2441902161, 136.059951782, 13.9414730072, 48.4473876953, -22.9208374023, 41.8472595215, -6.72732639313], [-336.056152344, 255.676254272, 30.8998413086, 52.2630844116, 54.9659767151, -32.8218193054, 47.6395645142, 13.9414730072, 163.399627686, 4.49575567245, 73.3789596558, -33.3915023804, 48.8371887207], [256.549499512, -188.021316528, 1.48361349106, -17.6393585205, -6.65515327454, 40.0428009033, 4.85481262207, 48.4473876953, 4.49575567245, 103.66015625, -9.40138435364, 41.3694114685, -27.8030071259], [-296.657989502, 239.740463257, 10.8240976334, 30.3892154694, 26.9005126953, -44.1492576599, 19.242975235, -22.9208374023, 73.3789596558, -9.40138435364, 126.939300537, -8.06990623474, 56.2828140259], [284.068664551, -231.555221558, -6.20089054108, -13.6546773911, -16.0483951569, 33.4122390747, -18.781578064, 41.8472595215, -33.3915023804, 41.3694114685, -8.06990623474, 133.125473022, 2.37317895889], [-254.601470947, 146.920303345, 19.7558822632, 55.3448371887, 17.032535553, -32.5994987488, -4.80162715912, -6.72732639313, 48.8371887207, -27.8030071259, 56.2828140259, 2.37317895889, 117.443702698]],
        "icov": [[0.000748001795728, 0.00073550932575, 0.000704852689523, 0.000117725445307, 2.40751560341e-05, 6.8964662205e-05, -5.34871433047e-05, -0.000304794026306, 0.000147808445035, -0.00024406448938, -5.97608996031e-05, -9.64803111856e-05, 0.000434759014752], [0.00073550932575, 0.00786630902439, -0.00123451009858, 0.00532649504021, -0.00461285468191, 0.00535947130993, -0.0037250102032, 0.00570563739166, -0.00514665571973, 0.00559688406065, -0.00508614629507, 0.00508615467697, -0.00241759163328], [0.000704852689523, -0.00123451009858, 0.00325385131873, -0.00261686462909, 0.00182123819832, -0.00246401759796, 0.00201789243147, -0.00179360201582, 0.000915842247196, -0.00167844805401, 0.00103551114444, -0.00129510136321, 0.00154162640683], [0.000117725445307, 0.00532649504021, -0.00261686462909, 0.00904752407223, -0.00441710511222, 0.00309539563023, -0.00252992426977, 0.00459248153493, -0.00461118062958, 0.00468348897994, -0.003483945271, 0.00395706202835, -0.0039562326856], [2.40751560341e-05, -0.00461285468191, 0.00182123819832, -0.00441710511222, 0.009869848378, -0.00334579264745, 0.0011678962037, -0.00373698421754, 0.00164318480529, -0.00342798116617, 0.00320523767732, -0.00343996752053, 0.00211020885035], [6.8964662205e-05, 0.00535947130993, -0.00246401759796, 0.00309539563023, -0.00334579264745, 0.0123083079234, -0.00497972220182, 0.00314815621823, -0.00218241126277, 0.0023211534135, -0.00195050449111, 0.00283078616485, -0.0013863008935], [-5.34871433047e-05, -0.0037250102032, 0.00201789243147, -0.00252992426977, 0.0011678962037, -0.00497972220182, 0.00904874876142, -0.00377776334062, 0.000727333826944, -0.00228370237164, 0.00151850015391, -0.00173556152731, 0.00246295984834], [-0.000304794026306, 0.00570563739166, -0.00179360201582, 0.00459248153493, -0.00373698421754, 0.00314815621823, -0.00377776334062, 0.015675406903, -0.00706384330988, 0.00176353508141, -0.00120877521113, 0.00193223857787, -0.00360649917275], [0.000147808445035, -0.00514665571973, 0.000915842247196, -0.00461118062958, 0.00164318480529, -0.00218241126277, 0.000727333826944, -0.00706384330988, 0.0157133359462, -0.00683520827442, -0.000981660326943, -0.000620875449385, -0.000110519169539], [-0.00024406448938, 0.00559688406065, -0.00167844805401, 0.00468348897994, -0.00342798116617, 0.0023211534135, -0.00228370237164, 0.00176353508141, -0.00683520827442, 0.0193584933877, -0.0051976791583, 0.000711999251507, 0.00159530236851], [-5.97608996031e-05, -0.00508614629507, 0.00103551114444, -0.003483945271, 0.00320523767732, -0.00195050449111, 0.00151850015391, -0.00120877521113, -0.000981660326943, -0.0051976791583, 0.0171361230314, -0.0051104221493, -0.00224385224283], [-9.64803111856e-05, 0.00508615467697, -0.00129510136321, 0.00395706202835, -0.00343996752053, 0.00283078616485, -0.00173556152731, 0.00193223857787, -0.000620875449385, 0.000711999251507, -0.0051104221493, 0.0143224736676, -0.00430797878653], [0.000434759014752, -0.00241759163328, 0.00154162640683, -0.0039562326856, 0.00211020885035, -0.0013863008935, 0.00246295984834, -0.00360649917275, -0.000110519169539, 0.00159530236851, -0.00224385224283, -0.00430797878653, 0.0148758869618]]
    },
    "melbands": {
        "max": [0.0316747874022, 0.0615917406976, 0.0269219931215, 0.00723383948207, 0.00857202894986, 0.00960383564234, 0.00904423370957, 0.00808927696198, 0.00789462774992, 0.00230091297999, 0.00387116777711, 0.00563659379259, 0.0033346968703, 0.00124247639906, 0.00209700944833, 0.00234414055012, 0.00151088577695, 0.000848776020575, 0.00101094692945, 0.00124168186449, 0.00128899491392, 0.00210185535252, 0.000466180499643, 0.000411068642279, 0.0003097471199, 0.000103661775938, 8.91937233973e-05, 4.3017880671e-05, 3.48538487742e-05, 7.17998555047e-05, 3.74463306798e-05, 2.72819743259e-05, 4.09711101383e-05, 3.65709493053e-05, 4.65670345875e-05, 4.43001663371e-05, 4.8519239499e-05, 3.81030440622e-05, 0.000111235152872, 0.000104254278995],
        "mean": [0.00323091982864, 0.00373957725242, 0.00167819403578, 0.000618127291091, 0.000473551655887, 0.000426557933679, 0.000409964966821, 0.000400287593948, 0.00032133521745, 0.000131596316351, 0.000145793732372, 0.000123797726701, 0.000110528962978, 8.21014182293e-05, 5.52735327801e-05, 8.0067802628e-05, 5.82002066949e-05, 4.62229545519e-05, 4.72178508062e-05, 3.4622309613e-05, 2.38709235418e-05, 1.91864692169e-05, 1.48851468111e-05, 1.11443332571e-05, 7.81017115514e-06, 4.32219576396e-06, 3.53737050318e-06, 2.88092701339e-06, 2.18396462515e-06, 2.05512742468e-06, 1.2102564142e-06, 1.21349091842e-06, 1.30819785227e-06, 1.52782990881e-06, 1.68357314578e-06, 1.39491476148e-06, 1.2658073274e-06, 1.5417818986e-06, 1.88673027424e-06, 1.81543202871e-06],
        "min": [7.70851420384e-06, 4.73592990602e-05, 2.29615707212e-05, 6.61951071379e-06, 4.10658594774e-06, 7.63279160765e-07, 5.26124154021e-07, 1.56915712068e-06, 1.07684877548e-06, 3.57983481081e-07, 4.17373200889e-07, 2.65837599045e-07, 2.93864218293e-07, 2.31231041425e-07, 1.68034006265e-07, 1.91933153815e-07, 2.74496244401e-07, 1.96817666165e-07, 3.38518162835e-07, 1.40532861792e-07, 8.27512920409e-08, 1.32893049454e-07, 9.29108949776e-08, 8.24386532372e-08, 4.47639898482e-08, 3.06579508447e-08, 2.53554777174e-08, 1.68018754465e-08, 1.07235686997e-08, 7.72922881254e-09, 6.48569242756e-09, 4.20006562862e-09, 3.07105518793e-09, 2.20112683635e-09, 2.28132734925e-09, 2.48240294987e-09, 1.00810124137e-10, 1.16663900762e-10, 7.81064726785e-11, 8.09135328184e-11],
        "stdev": [0.0048682577908, 0.00696102483198, 0.00334024732001, 0.000746640493162, 0.000715952948667, 0.000957517826464, 0.000918312172871, 0.000754407898057, 0.00074261741247, 0.000260551227257, 0.000333770818543, 0.000311654177494, 0.000251910823863, 0.000154607929289, 0.000115452625323, 0.000188446138054, 0.00012528305524, 8.91235467861e-05, 8.83297252585e-05, 7.52013365855e-05, 6.78992510075e-05, 7.60084076319e-05, 3.26847984979e-05, 2.63718375209e-05, 1.92788666027e-05, 9.24039886741e-06, 6.35139804217e-06, 5.10770314577e-06, 3.96486257159e-06, 5.00856867802e-06, 2.60422052634e-06, 2.45421711043e-06, 2.80007839137e-06, 3.60223884854e-06, 4.00429416914e-06, 3.15837178277e-06, 3.01503041555e-06, 3.85361954613e-06, 5.9221142692e-06, 6.20604168944e-06]
    },
    "melbands128": {
        "max": [0.0105664990842, 0.0415647476912, 0.0401648543775, 0.0408757776022, 0.0755503773689, 0.0873332619667, 0.045692179352, 0.0194966997951, 0.00780308851972, 0.00933109037578, 0.0129492469132, 0.00962753966451, 0.0158982463181, 0.00882091186941, 0.0131980171427, 0.0167184323072, 0.0210348572582, 0.00921640638262, 0.0120379272848, 0.0155154438689, 0.0135929668322, 0.0173648875207, 0.015948291868, 0.00751590542495, 0.00413177581504, 0.00399665534496, 0.00365182803944, 0.00751897739246, 0.00365604949184, 0.0108136404306, 0.00643940968439, 0.00581423006952, 0.00531792873517, 0.00351801887155, 0.00260208058171, 0.00173072807956, 0.0030790194869, 0.00348520558327, 0.00146035826765, 0.00268963794224, 0.00434828363359, 0.00334099703468, 0.00188437313773, 0.00209556799382, 0.00158420368098, 0.00171613926068, 0.00108309951611, 0.00174314202741, 0.00190624850802, 0.00198281928897, 0.00178135791793, 0.000818302913103, 0.00128211418632, 0.00303183379583, 0.00290605728514, 0.00450863549486, 0.000200242880965, 0.000438140821643, 0.00099225458689, 0.000957969808951, 0.000489677186124, 0.000681120320223, 0.00086398399435, 0.000271470984444, 0.000460007053334, 0.000138409232022, 0.000190339822439, 0.000128456173115, 9.89967520582e-05, 8.62723536557e-05, 6.92654939485e-05, 0.000105069142592, 6.36298282188e-05, 3.6044686567e-05, 7.95877640485e-05, 0.000139149778988, 7.7795200923e-05, 6.42946106382e-05, 4.5277258323e-05, 4.3647523853e-05, 3.27396010107e-05, 2.22806193051e-05, 2.49441836786e-05, 4.06104081776e-05, 8.02569411462e-05, 4.52657295682e-05, 4.69236765639e-05, 5.185820919e-05, 5.88598049944e-05, 6.28525449429e-05, 7.15968417353e-05, 3.38973804901e-05, 3.22232554026e-05, 4.31504849985e-05, 9.45464998949e-05, 4.51405430795e-05, 4.0437644202e-05, 6.38231213088e-05, 0.000203822710318, 0.00010553082393, 5.61613560421e-05, 0.000127912484459, 0.000136241375003, 8.44801397761e-05, 0.000105158949737, 7.49520186218e-05, 0.000125737569761, 0.000193599349586, 9.41645266721e-05, 4.83376643388e-05, 2.19315716095e-05, 1.47219670907e-05, 1.33937046485e-05, 6.45679347144e-06, 3.55088991455e-06, 2.32676984524e-06, 3.37220825486e-07, 1.49784298742e-07, 3.1651052268e-07, 1.06565785529e-07, 4.91199898534e-08, 4.70351722015e-08, 4.53435227143e-08, 4.40210570218e-08, 4.29444177996e-08, 4.2080273488e-08, 4.1515640703e-08, 4.11531075883e-08],
        "mean": [0.000851588731166, 0.00339849805459, 0.00393873825669, 0.00349352369085, 0.00388880399987, 0.0041012163274, 0.00236255209893, 0.00091685121879, 0.000583905726671, 0.000568474351894, 0.000708265637513, 0.000573984230869, 0.000438709335867, 0.00030623425846, 0.000369361427147, 0.000520702509675, 0.000539836648386, 0.000309757131618, 0.000374956609448, 0.000394741044147, 0.000416163384216, 0.000411719141994, 0.000358067598427, 0.000170851999428, 0.000114703259896, 0.000131182649056, 0.000113173562568, 0.000194550768356, 0.000113601592602, 0.000111871981062, 0.000133766559884, 0.000134909409098, 9.83833160717e-05, 0.000117715768283, 6.65963161737e-05, 8.09330813354e-05, 9.15376513149e-05, 4.39421673946e-05, 3.78558033844e-05, 7.61252595112e-05, 0.000109966822492, 4.80446833535e-05, 5.52765050088e-05, 7.34198692953e-05, 3.43711944879e-05, 4.46722042398e-05, 5.41095905646e-05, 5.28470955032e-05, 4.1207538743e-05, 3.20193685184e-05, 4.13541274611e-05, 2.93182547466e-05, 1.98538036784e-05, 2.20133151743e-05, 3.03908018395e-05, 2.00432768906e-05, 7.21020114725e-06, 1.46408019646e-05, 1.53795372171e-05, 2.14908068301e-05, 8.48780564411e-06, 5.67144024899e-06, 1.09598804556e-05, 7.49563696445e-06, 4.83689564135e-06, 3.99841565013e-06, 4.34118646808e-06, 3.71555597667e-06, 3.34471178576e-06, 3.30625107381e-06, 2.67985774371e-06, 3.08056814902e-06, 2.28049430007e-06, 1.7108799284e-06, 2.30073578678e-06, 2.81583947981e-06, 1.46294769365e-06, 1.24965970372e-06, 1.20592642361e-06, 1.11557392302e-06, 1.27460032218e-06, 1.1619245015e-06, 1.27420753415e-06, 1.2452194369e-06, 1.42585770391e-06, 1.53847929596e-06, 1.47682237639e-06, 1.6702766743e-06, 1.79278083579e-06, 1.61337641202e-06, 1.55001021085e-06, 1.29738407395e-06, 1.20199763387e-06, 1.21548760035e-06, 1.34146273467e-06, 1.38857103593e-06, 1.52031111611e-06, 1.80491190349e-06, 2.27754048865e-06, 1.64253424373e-06, 1.45625949699e-06, 2.01355919671e-06, 2.07974335353e-06, 1.53970438532e-06, 1.34200968205e-06, 1.16089051971e-06, 1.49058462284e-06, 2.1165351427e-06, 1.32227921767e-06, 5.29374233338e-07, 3.87214100783e-07, 2.68682043725e-07, 8.85282034346e-08, 4.67828122908e-08, 1.9536697593e-08, 7.65408980641e-09, 1.00684705018e-09, 3.79245690407e-10, 6.28116558765e-10, 2.37629749211e-10, 1.1541809869e-10, 6.95032850717e-11, 5.88201015672e-11, 4.32897537261e-11, 4.1826264674e-11, 4.0802528023e-11, 4.01590601051e-11, 3.98224404841e-11],
        "min": [1.61686006805e-08, 4.76141849504e-07, 4.04591264669e-06, 1.32452169055e-05, 1.07751220639e-05, 6.77250739045e-07, 4.30905402027e-06, 1.7366666043e-06, 1.91239973901e-06, 2.22210201173e-06, 2.96119287668e-06, 3.78259073841e-06, 1.428127689e-06, 3.85747227938e-07, 4.5376046387e-07, 3.05596984163e-07, 1.61830975287e-08, 1.36489546776e-07, 7.92323248788e-07, 7.31673821974e-07, 5.88153056924e-07, 4.71512350941e-07, 5.4972169039e-08, 1.98042044985e-07, 1.67255393535e-07, 1.05922893567e-07, 8.42375413868e-08, 1.50782710762e-07, 2.29711446309e-07, 1.27749402168e-07, 2.39977765659e-07, 1.65461045754e-07, 9.27644450144e-08, 5.18607805589e-08, 7.64606937764e-08, 9.05773021032e-08, 3.81702740526e-08, 8.60510169787e-08, 8.22479364615e-08, 7.26496836023e-08, 6.01693770363e-08, 8.90666456144e-08, 1.21992314916e-07, 1.49193297716e-07, 4.42760352826e-08, 8.39993745672e-08, 6.91932413588e-08, 9.18729199384e-08, 1.2997921317e-07, 7.0910637362e-08, 7.10363323719e-08, 8.10443481214e-08, 4.38997922458e-08, 3.90458225752e-08, 2.72058890971e-08, 4.71163197346e-08, 3.81164895202e-08, 4.88418976374e-08, 3.22413278298e-08, 3.92181398468e-08, 4.07207494391e-08, 2.86450934084e-08, 2.51802969586e-08, 2.86898469426e-08, 1.89803177619e-08, 1.48314160953e-08, 1.1383900933e-08, 4.27046087381e-09, 1.6446755069e-08, 9.59485912944e-09, 1.0196491651e-08, 4.29175717187e-09, 1.79774528597e-09, 7.51647544206e-09, 8.75764971653e-09, 5.42565947725e-09, 2.76909939423e-09, 1.56820323394e-09, 1.85502924133e-09, 5.73165681583e-10, 1.83523107822e-09, 9.73175220964e-11, 1.02613903485e-10, 1.12789511064e-09, 8.27272916837e-10, 3.27277066559e-10, 1.31187116725e-09, 9.58639501114e-10, 2.85410917122e-10, 1.53725954188e-09, 1.49238094105e-10, 5.86261109103e-11, 1.16667536743e-10, 8.20977175131e-11, 1.01212108139e-10, 1.35044836425e-10, 9.87390516571e-11, 1.20654514157e-10, 5.82132050897e-11, 5.1660852679e-11, 5.22737304831e-11, 1.27057756677e-11, 2.06859026436e-11, 2.34065995752e-11, 1.43761400354e-11, 1.68409904078e-11, 1.96803736502e-11, 6.35262198748e-12, 1.02918693533e-12, 1.02569569591e-12, 4.06817917027e-13, 4.51641220083e-13, 4.04983690897e-13, 3.32615797969e-13, 3.47203873725e-13, 2.57610474836e-13, 3.09013692456e-13, 3.55019941396e-13, 3.55921428398e-13, 3.40901081235e-13, 3.41923239939e-13, 3.37278680462e-13, 3.51652057083e-13, 3.50172283748e-13, 2.10399650176e-13, 9.5933460828e-14, 1.04567403185e-14, 4.50542065661e-16],
        "stdev": [0.0016957600601, 0.00647939089686, 0.00635272311047, 0.00518272025511, 0.00836028438061, 0.00938180834055, 0.00524429325014, 0.00176121701952, 0.000842349836603, 0.000827115494758, 0.00127473869361, 0.00104551028926, 0.00101224216633, 0.000645998690743, 0.00112491555046, 0.00151455984451, 0.00188663811423, 0.00086083606584, 0.000901510939002, 0.00106460519601, 0.00106611393858, 0.00114459742326, 0.00110735674389, 0.000604501052294, 0.000316915888106, 0.000334299984388, 0.000304175075144, 0.000558469560929, 0.000321588857332, 0.000483500247356, 0.000381110177841, 0.000424760393798, 0.000329448987031, 0.000308497576043, 0.000187736004591, 0.000181062627234, 0.000228322707699, 0.000136578164529, 0.000103734069853, 0.000197279267013, 0.000303189473925, 0.000166960642673, 0.000135934882564, 0.000190000631846, 0.000108523818199, 0.000112248140795, 0.000107213767478, 0.000126362021547, 0.000104992061097, 0.000120573204185, 0.000102913392766, 6.97480645613e-05, 7.68394238548e-05, 0.000107254745672, 0.00012549701205, 0.000135204580147, 1.4558762814e-05, 3.92214751628e-05, 4.46444901172e-05, 6.20586870355e-05, 2.48761862167e-05, 2.17851666093e-05, 3.93338268623e-05, 1.81503510248e-05, 1.83716801985e-05, 1.01018495116e-05, 1.25550268422e-05, 8.51072582009e-06, 7.11052416591e-06, 7.23663879398e-06, 5.16736372447e-06, 8.04425962997e-06, 5.51593939235e-06, 3.11554913424e-06, 5.61317665415e-06, 8.58781186253e-06, 3.83568067264e-06, 3.16707610182e-06, 2.78591232927e-06, 2.6005534437e-06, 2.82939777208e-06, 2.43434442382e-06, 2.7817713999e-06, 2.87749458039e-06, 3.650419103e-06, 3.60366152563e-06, 3.95944698539e-06, 4.50359357274e-06, 4.46972035206e-06, 4.10099801229e-06, 4.18534955315e-06, 2.94282244795e-06, 2.78112111118e-06, 3.12390216095e-06, 3.91361572838e-06, 3.44823411069e-06, 4.03983403885e-06, 5.33943784831e-06, 8.5350311565e-06, 5.19013110534e-06, 4.46780359198e-06, 7.64304513723e-06, 8.28206339065e-06, 5.55712540518e-06, 5.59921409149e-06, 3.85481916965e-06, 6.21662729827e-06, 9.81312496151e-06, 5.70455495108e-06, 2.12101303987e-06, 1.24314897221e-06, 9.62417857409e-07, 6.0748203623e-07, 3.5409189536e-07, 1.990370464e-07, 8.27762463018e-08, 1.20195924325e-08, 6.25194696013e-09, 1.0440668774e-08, 3.85530896096e-09, 2.00317806787e-09, 1.39478917305e-09, 1.29503219259e-09, 1.18692344842e-09, 1.15806697565e-09, 1.13496700926e-09, 1.11985110074e-09, 1.1101541908e-09]
    },
    "mfcc": {
        "mean": [-652.529785156, 142.527511597, 15.0650005341, 11.5579996109, 21.1984157562, 6.2333817482, 1.96860051155, 4.48514890671, 2.20636153221, 4.87714958191, 1.50490689278, 2.94269514084, 1.1496411562],
        "cov": [[4466.02685547, -1416.14733887, -800.679260254, -443.15536499, -325.410736084, -64.3339080811, 96.5421676636, 74.2552490234, 10.781791687, 48.1476402283, -43.5098228455, -65.2143325806, 8.11915111542], [-1416.14733887, 1226.18969727, -137.70350647, 125.683998108, 18.9513034821, -31.6688327789, -54.9618873596, -40.6818389893, -50.4449958801, 29.730890274, 13.9864044189, 49.9055862427, -22.1403827667], [-800.679260254, -137.70350647, 708.853393555, 98.4442214966, 141.487167358, 46.7265968323, -15.2111959457, -22.8523750305, 17.6459369659, -54.3047943115, 21.3507709503, 13.5502004623, 23.9509849548], [-443.15536499, 125.683998108, 98.4442214966, 240.295318604, 79.8506317139, 14.8551502228, -15.4383411407, 1.14139556885, 18.124004364, 0.170124903321, -4.13810634613, 24.2346343994, 20.5757427216], [-325.410736084, 18.9513034821, 141.487167358, 79.8506317139, 192.202728271, 1.15873086452, -22.6002254486, -13.2178707123, 15.4845581055, -12.1579647064, -7.20738554001, 12.6539983749, 19.9278087616], [-64.3339080811, -31.6688327789, 46.7265968323, 14.8551502228, 1.15873086452, 134.707504272, 30.983291626, 24.0441093445, 4.18615531921, 18.0058441162, 29.8242206573, -15.2551212311, 1.3886744976], [96.5421676636, -54.9618873596, -15.2111959457, -15.4383411407, -22.6002254486, 30.983291626, 102.943885803, 27.0980014801, 16.5297431946, 9.95770263672, 12.5354375839, -2.60261130333, -7.23569631577], [74.2552490234, -40.6818389893, -22.8523750305, 1.14139556885, -13.2178707123, 24.0441093445, 27.0980014801, 100.362541199, 26.9778423309, 18.9120388031, 10.6329841614, -4.64673566818, 16.8921642303], [10.781791687, -50.4449958801, 17.6459369659, 18.124004364, 15.4845581055, 4.18615531921, 16.5297431946, 26.9778423309, 94.0838851929, 34.4749145508, 15.3600902557, 9.39598274231, 5.38465309143], [48.1476402283, 29.730890274, -54.3047943115, 0.170124903321, -12.1579647064, 18.0058441162, 9.95770263672, 18.9120388031, 34.4749145508, 96.054473877, 38.8199615479, 6.647564888, -4.30667448044], [-43.5098228455, 13.9864044189, 21.3507709503, -4.13810634613, -7.20738554001, 29.8242206573, 12.5354375839, 10.6329841614, 15.3600902557, 38.8199615479, 100.791900635, 24.3970432281, 1.57908976078], [-65.2143325806, 49.9055862427, 13.5502004623, 24.2346343994, 12.6539983749, -15.2551212311, -2.60261130333, -4.64673566818, 9.39598274231, 6.647564888, 24.3970432281, 85.7557373047, 28.9582386017], [8.11915111542, -22.1403827667, 23.9509849548, 20.5757427216, 19.9278087616, 1.3886744976, -7.23569631577, 16.8921642303, 5.38465309143, -4.30667448044, 1.57908976078, 28.9582386017, 75.4931564331]],
        "icov": [[0.000749903556425, 0.000935904332437, 0.000861435255501, 0.000428779487265, 0.000368915731087, 0.000220854606596, -5.63094690733e-05, 4.93089755764e-05, 0.000224199931836, -0.000308960617986, 0.000126633894979, -0.000188564648852, -0.000278144783806], [0.000935904332437, 0.00217665312812, 0.00132744526491, -9.68327512965e-05, 0.000379622360924, 0.000376286567189, 0.000298126775306, 0.000169078586623, 0.00100190984085, -0.000780128815677, 2.60725191765e-05, -0.000843889662065, 0.000233758008108], [0.000861435255501, 0.00132744526491, 0.00295320758596, 3.10709197038e-06, -0.000676825060509, -0.000422915705713, 0.000168508922798, 0.000524991133716, -0.000219692912651, 0.00108474690933, -0.000756032241043, -0.000247490155743, -0.000367699743947], [0.000428779487265, -9.68327512965e-05, 3.10709197038e-06, 0.00580229051411, -0.00140916206874, -0.000776748114731, 0.000370824622223, -0.000285261601675, -0.000850481155794, -0.000292170559987, 0.00107914104592, -0.00114321231376, -0.000711342028808], [0.000368915731087, 0.000379622360924, -0.000676825060509, -0.00140916206874, 0.00728561123833, 0.000127051433083, 0.000878970022313, 0.000864491157699, -0.00108527799603, 2.15445688809e-05, 0.000665243249387, -5.43677342648e-05, -0.00127866480034], [0.000220854606596, 0.000376286567189, -0.000422915705713, -0.000776748114731, 0.000127051433083, 0.00972348637879, -0.00251729157753, -0.00128824240528, 0.0015051268274, -0.00146310578566, -0.00265297293663, 0.00282473838888, -0.00095179816708], [-5.63094690733e-05, 0.000298126775306, 0.000168508922798, 0.000370824622223, 0.000878970022313, -0.00251729157753, 0.011918081902, -0.00237476592883, -0.0015933716204, 0.000706164049916, -0.000285697722575, -0.00117975159083, 0.00203936151229], [4.93089755764e-05, 0.000169078586623, 0.000524991133716, -0.000285261601675, 0.000864491157699, -0.00128824240528, -0.00237476592883, 0.0129413958639, -0.00294331111945, -0.000825317169074, -0.000422643206548, 0.00206408486702, -0.00399243785068], [0.000224199931836, 0.00100190984085, -0.000219692912651, -0.000850481155794, -0.00108527799603, 0.0015051268274, -0.0015933716204, -0.00294331111945, 0.0146476179361, -0.00541198719293, 0.00011358349002, -0.00129630300216, 0.000477256573504], [-0.000308960617986, -0.000780128815677, 0.00108474690933, -0.000292170559987, 2.15445688809e-05, -0.00146310578566, 0.000706164049916, -0.000825317169074, -0.00541198719293, 0.0158629976213, -0.00521301524714, 0.000321760133374, 0.00109007349238], [0.000126633894979, 2.60725191765e-05, -0.000756032241043, 0.00107914104592, 0.000665243249387, -0.00265297293663, -0.000285697722575, -0.000422643206548, 0.00011358349002, -0.00521301524714, 0.0142065081745, -0.00472400011495, 0.00108957022894], [-0.000188564648852, -0.000843889662065, -0.000247490155743, -0.00114321231376, -5.43677342648e-05, 0.00282473838888, -0.00117975159083, 0.00206408486702, -0.00129630300216, 0.000321760133374, -0.00472400011495, 0.0166571792215, -0.00662950798869], [-0.000278144783806, 0.000233758008108, -0.000367699743947, -0.000711342028808, -0.00127866480034, -0.00095179816708, 0.00203936151229, -0.00399243785068, 0.000477256573504, 0.00109007349238, 0.00108957022894, -0.00662950798869, 0.0176474265754]]
    },
    "spectral_contrast_coeffs": {
        "max": [-0.490077167749, -0.431868880987, -0.552670121193, -0.628710508347, -0.572910368443, -0.6958360672],
        "mean": [-0.720011115074, -0.739248931408, -0.782543480396, -0.793326616287, -0.801728606224, -0.801006317139],
        "min": [-0.900540530682, -0.91281491518, -0.927820682526, -0.906320989132, -0.877803087234, -0.878973126411],
        "stdev": [0.0673823952675, 0.0795496553183, 0.0533292256296, 0.0469081774354, 0.0383110195398, 0.029284901917]
    },
    "spectral_contrast_valleys": {
        "max": [-4.94783639908, -4.57590532303, -5.28702878952, -5.44230651855, -5.73428344727, -7.69084453583],
        "mean": [-6.24462509155, -6.61199569702, -7.26429510117, -7.55839633942, -7.98123264313, -10.3206729889],
        "min": [-8.31408309937, -8.48775482178, -9.37413692474, -9.24258995056, -10.2241601944, -13.9414434433],
        "stdev": [0.436110198498, 0.595603048801, 0.786473751068, 0.71757298708, 0.785996675491, 1.06977653503]
    }
},
"rhythm": {
    "beats_count": 67,
    "beats_loudness": {
        "max": 0.154215738177,
        "mean": 0.0651632472873,
        "min": 0.0312044844031,
        "stdev": 0.0231580697
    },
    "bpm": 125.962554932,
    "bpm_histogram_first_peak_bpm": 126,
    "bpm_histogram_first_peak_weight": 0.123076915741,
    "bpm_histogram_second_peak_bpm": 120,
    "bpm_histogram_second_peak_spread": 0,
    "bpm_histogram_second_peak_weight": 0.0151515156031,
    "danceability": 1.42891597748,
    "onset_rate": 4.27587842941,
    "beats_loudness_band_ratio": {
        "max": [0.979236245155, 0.486820042133, 0.470458686352, 0.155753314495, 0.142574623227, 0.126261353493],
        "mean": [0.746084690094, 0.081089258194, 0.110666036606, 0.0363873913884, 0.0274215564132, 0.0121957007796],
        "min": [0.389560431242, 0.00661295512691, 0.00398473674431, 0.00187245884445, 0.00091668474488, 0.000842996523716],
        "stdev": [0.142063751817, 0.0943195223808, 0.106969617307, 0.039300724864, 0.0288128126413, 0.0196477361023]
    },
    "beats_position": [0.46439909935, 0.9287981987, 1.40480720997, 1.88081634045, 2.35682535172, 2.83283448219, 3.30884337425, 3.78485250473, 4.26086139679, 4.73687076569, 5.22448968887, 5.6888885498, 6.1648979187, 6.64090681076, 7.11691617966, 7.59292507172, 8.08054447174, 8.54494285583, 9.02095222473, 9.49696159363, 9.98458003998, 10.4605894089, 10.9365987778, 11.412607193, 11.8886165619, 12.3646259308, 12.840634346, 13.3166437149, 13.7926530838, 14.268661499, 14.7446708679, 15.2206802368, 15.696688652, 16.1726989746, 16.6487064362, 17.1247158051, 17.600725174, 18.0767345428, 18.5527439117, 19.0287532806, 19.5047607422, 19.9807701111, 20.45677948, 20.9327888489, 21.4087982178, 21.8848075867, 22.3608150482, 22.8368244171, 23.312833786, 23.7888431549, 24.2648525238, 24.7408618927, 25.2168693542, 25.7044887543, 26.1804981232, 26.6565074921, 27.132516861, 27.6085262299, 28.0845336914, 28.5605430603, 29.0365524292, 29.5125617981, 29.988571167, 30.4645805359, 30.9405899048, 31.4282073975, 31.9274368286],
