{
"metadata": {
    "version": {
        "essentia": "2.1-beta5",
        "essentia_git_sha": "Undefined",
        "extractor": "music 2.0"
    },
    "audio_properties": {
        "analysis": {
            "equal_loudness": 0,
            "length": 32.4963264465,
            "sample_rate": 44100,
            "start_time": 12.7477550507,
            "downmix": "mix"
        },
        "bit_rate": 192000,
        "length": 193.329360962,
        "lossless": 0,
        "number_channels": 2,
        "replay_gain": 0.996171951294,
        "sample_rate": 48000,
        "codec": "mp3",
        "md5_encoded": "6c838894761e20da0e6c5cb1dedf97bc"
    },
    "tags": {
        "file_name": "Cyprus_Alter Ego_Minus One.mp3",
        "encoding": ["Lavf58.29.100"]
    }
},
"lowlevel": {
    "average_loudness": 0.968894302845,
    "barkbands_crest": {
        "max": 25.3567333221,
        "mean": 12.0556325912,
        "min": 2.8172492981,
        "stdev": 4.77183198929
    },
    "barkbands_flatness_db": {
        "max": 0.312130272388,
        "mean": 0.159146428108,
        "min": 0.0587367452681,
        "stdev": 0.0466518588364
    },
    "barkbands_kurtosis": {
        "max": 165.709777832,
        "mean": 5.21089029312,
        "min": -1.89476680756,
        "stdev": 10.2873620987
    },
    "barkbands_skewness": {
        "max": 11.7673454285,
        "mean": 1.86841189861,
        "min": -0.507785618305,
        "stdev": 1.26390457153
    },
    "barkbands_spread": {
        "max": 110.297447205,
        "mean": 24.2816200256,
        "min": 1.70117211342,
        "stdev": 15.6109294891
    },
    "dissonance": {
        "max": 0.499709367752,
        "mean": 0.467421472073,
        "min": 0.349273920059,
        "stdev": 0.023834746331
    },
    "dynamic_complexity": 1.43811547756,
    "erbbands_crest": {
        "max": 29.8190937042,
        "mean": 9.24781513214,
        "min": 2.6022233963,
        "stdev": 4.93378353119
    },
    "erbbands_flatness_db": {
        "max": 0.261982887983,
        "mean": 0.149713084102,
        "min": 0.0560764409602,
        "stdev": 0.0319179184735
    },
    "erbbands_kurtosis": {
        "max": 21.5169086456,
        "mean": 0.262302577496,
        "min": -1.62022852898,
        "stdev": 2.23961615562
    },
    "erbbands_skewness": {
        "max": 3.88130903244,
        "mean": 0.0681773200631,
        "min": -4.15862417221,
        "stdev": 0.841317117214
    },
    "erbbands_spread": {
        "max": 136.463317871,
        "mean": 42.2665977478,
        "min": 8.83784580231,
        "stdev": 17.6863803864
    },
    "hfc": {
        "max": 181.721496582,
        "mean": 28.8483524323,
        "min": 0.64641392231,
        "stdev": 20.3963317871
    },
    "loudness_ebu128": {
        "integrated": -22.1253376007,
        "loudness_range": 2.33876991272,
        "momentary": {
            "max": -20.2548904419,
            "mean": -22.2805023193,
            "min": -26.2565059662,
            "stdev": 1.19279360771
        },
        "short_term": {
            "max": -20.8461418152,
            "mean": -22.2866268158,
            "min": -23.8654384613,
            "stdev": 0.883562505245
        }
    },
    "melbands_crest": {
        "max": 36.7967605591,
        "mean": 16.6238670349,
        "min": 6.0180773735,
        "stdev": 5.8236451149
    },
    "melbands_flatness_db": {
        "max": 0.414518147707,
        "mean": 0.219759106636,
        "min": 0.0740338265896,
        "stdev": 0.0615668818355
    },
    "melbands_kurtosis": {
        "max": 349.040283203,
        "mean": 18.0520324707,
        "min": -1.15939188004,
        "stdev": 25.895242691
    },
    "melbands_skewness": {
        "max": 14.8835544586,
        "mean": 3.2469496727,
        "min": 0.092305958271,
        "stdev": 1.85393548012
    },
    "melbands_spread": {
        "max": 132.369430542,
        "mean": 20.729385376,
        "min": 0.876300215721,
        "stdev": 13.7068243027
    },
    "pitch_salience": {
        "max": 0.769325196743,
        "mean": 0.455966681242,
        "min": 0.106315873563,
        "stdev": 0.11284776777
    },
    "silence_rate_20dB": {
        "max": 1,
        "mean": 1,
        "min": 1,
        "stdev": 0
    },
    "silence_rate_30dB": {
        "max": 1,
        "mean": 0.883654534817,
        "min": 0,
        "stdev": 0.320637226105
    },
    "silence_rate_60dB": {
        "max": 0,
        "mean": 0,
        "min": 0,
        "stdev": 0
    },
    "spectral_centroid": {
        "max": 4750.52587891,
        "mean": 1454.17199707,
        "min": 317.313934326,
        "stdev": 579.766967773
    },
    "spectral_complexity": {
        "max": 52,
        "mean": 24.3004989624,
        "min": 2,
        "stdev": 9.37041473389
    },
    "spectral_decrease": {
        "max": -4.8665205199e-10,
        "mean": -1.48555603374e-08,
        "min": -8.51407975233e-08,
        "stdev": 1.10838076495e-08
    },
    "spectral_energy": {
        "max": 0.332966178656,
        "mean": 0.0586849600077,
        "min": 0.00189536844846,
        "stdev": 0.0423342771828
    },
    "spectral_energyband_high": {
        "max": 0.0236301496625,
        "mean": 0.00122949318029,
        "min": 1.85130138561e-05,
        "stdev": 0.00213697529398
    },
    "spectral_energyband_low": {
        "max": 0.265297532082,
        "mean": 0.0372504927218,
        "min": 0.000611924508121,
        "stdev": 0.0386016666889
    },
    "spectral_energyband_middle_high": {
        "max": 0.0345228500664,
        "mean": 0.00618794932961,
        "min": 0.000233348750044,
        "stdev": 0.0047370758839
    },
    "spectral_energyband_middle_low": {
        "max": 0.155966103077,
        "mean": 0.0149179538712,
        "min": 0.000477622816106,
        "stdev": 0.0117242727429
    },
    "spectral_entropy": {
        "max": 9.01915550232,
        "mean": 7.63911008835,
        "min": 6.22690057755,
        "stdev": 0.322567075491
    },
    "spectral_flux": {
        "max": 0.470843046904,
        "mean": 0.129477322102,
        "min": 0.0403618216515,
        "stdev": 0.069286391139
    },
    "spectral_kurtosis": {
        "max": 13.8484287262,
        "mean": 3.54530215263,
        "min": -1.4698472023,
        "stdev": 1.79290783405
    },
    "spectral_rms": {
        "max": 0.0180234592408,
        "mean": 0.00719038164243,
        "min": 0.00135983084328,
        "stdev": 0.00235627824441
    },
    "spectral_rolloff": {
        "max": 10228.2714844,
        "mean": 1216.03405762,
        "min": 64.599609375,
        "stdev": 1412.7644043
    },
    "spectral_skewness": {
        "max": 3.05454087257,
        "mean": 1.36675143242,
        "min": -0.0786193609238,
        "stdev": 0.366243213415
    },
    "spectral_spread": {
        "max": 26395570,
        "mean": 4523143.5,
        "min": 2650379.25,
        "stdev": 1842671.25
    },
    "spectral_strongpeak": {
        "max": 14.423915863,
        "mean": 0.691116511822,
        "min": 0,
        "stdev": 0.881970882416
    },
    "zerocrossingrate": {
        "max": 0.28564453125,
        "mean": 0.0494063235819,
        "min": 0.0048828125,
        "stdev": 0.030451098457
    },
    "barkbands": {
        "max": [0.0545548200607, 0.231892064214, 0.104318633676, 0.0647196918726, 0.0788220316172, 0.0454775094986, 0.0340408235788, 0.0576527267694, 0.0357912816107, 0.0188685208559, 0.0305359233171, 0.0170398466289, 0.00949248857796, 0.0127258356661, 0.0170988570899, 0.0148493889719, 0.00881502404809, 0.0248697493225, 0.00365440035239, 0.00629866775125, 0.00661269295961, 0.00939128734171, 0.00644316477701, 0.0066189635545, 0.00873986911029, 0.00185963942204, 6.38889696347e-06],
        "mean": [0.00230362126604, 0.0282232891768, 0.0058702933602, 0.00190005532932, 0.00299748382531, 0.0030792914331, 0.00291288550943, 0.00135339121334, 0.00259330752306, 0.000442868593382, 0.000653771508951, 0.000621789018624, 0.000485062948428, 0.000565711117815, 0.00082327570999, 0.000636656128336, 0.000673620845191, 0.000775270920713, 0.000349762762198, 0.000443520955741, 0.000250339013292, 0.000173904016265, 0.000151715823449, 0.000182009374839, 0.000189172671526, 3.29077265633e-05, 8.52365555915e-09],
        "min": [1.04376101717e-06, 6.71215748298e-05, 6.44989850116e-05, 7.42568045098e-06, 6.52687303955e-05, 1.7581094653e-05, 2.81976463157e-06, 4.9160562412e-06, 1.76982139237e-05, 8.59423744259e-06, 2.98667646348e-06, 6.33655463389e-06, 7.91110051068e-06, 9.35413117986e-06, 6.32125511402e-06, 4.27540908277e-06, 8.09032371762e-06, 8.15551447886e-06, 3.82928010367e-06, 3.02879402625e-06, 4.55936651633e-06, 4.29708825322e-06, 1.10463929559e-06, 7.30125009341e-07, 1.67655713312e-07, 6.03229244334e-10, 1.92936319698e-10],
        "stdev": [0.00453574117273, 0.0334663949907, 0.00999196991324, 0.00358653324656, 0.00514676608145, 0.00499197654426, 0.00497650867328, 0.00394144142047, 0.00386890163645, 0.00110379105899, 0.00169805600308, 0.00118722906336, 0.00079412269406, 0.00116527022328, 0.0013596736826, 0.00123890256509, 0.000838087522425, 0.00167072517797, 0.00044572056504, 0.000554236816242, 0.000393863185309, 0.000391224137275, 0.000415711430833, 0.00059670151677, 0.000720109674148, 0.000142044053064, 1.72715573399e-07]
    },
    "erbbands": {
        "max": [10.6427993774, 44.0315551758, 83.6733551025, 116.96244812, 418.185638428, 174.133041382, 491.209320068, 403.409332275, 348.545776367, 728.942687988, 1602.91748047, 941.405029297, 417.376220703, 439.451171875, 1253.89050293, 728.964599609, 324.951293945, 585.336914062, 759.406005859, 982.798217773, 1031.45239258, 590.006469727, 1782.50170898, 237.79069519, 133.486587524, 307.639099121, 258.288665771, 317.179107666, 322.123260498, 174.79296875, 163.874359131, 173.218887329, 138.87677002, 130.259414673, 65.3777313232, 17.4078865051, 1.88924896717, 0.0590565651655, 0.00230184057727, 0.000426803919254],
        "mean": [0.852956354618, 6.03488349915, 8.30106830597, 6.73989057541, 7.72764921188, 10.2556123734, 20.8445968628, 24.1280193329, 26.4486465454, 45.5753860474, 38.4085845947, 62.3945846558, 24.342924118, 22.0886077881, 23.392074585, 25.2657394409, 21.529756546, 25.5204544067, 35.5821151733, 42.351688385, 37.2133140564, 39.2711372375, 46.8610153198, 25.6534175873, 17.097951889, 20.4885845184, 12.6821212769, 9.34954929352, 6.63283348083, 4.70869970322, 4.43197107315, 3.76996922493, 3.0312256813, 2.32494425774, 1.20040726662, 0.320119708776, 0.0270337685943, 0.000688424566761, 6.99397569406e-05, 7.31412583264e-05],
        "min": [0.00311602535658, 0.0289379712194, 0.154338806868, 0.104259945452, 0.224903225899, 0.259686499834, 0.350025981665, 0.17472922802, 0.237191155553, 0.180841460824, 0.351947426796, 0.45800948143, 0.631791949272, 0.399332523346, 0.373725861311, 0.331756442785, 0.393234819174, 0.499235719442, 0.921848654747, 0.364692240953, 0.234194353223, 0.4570530653, 0.636481523514, 0.310560435057, 0.166133403778, 0.194634839892, 0.199774637818, 0.161574184895, 0.14906835556, 0.0465718023479, 0.0292697884142, 0.0168423913419, 0.0111998971552, 0.00296446564607, 0.000969702727161, 0.000385823921533, 2.4066754122e-05, 2.76483956441e-06, 5.20703633811e-06, 3.70011525774e-06],
        "stdev": [1.35413086414, 6.84375715256, 10.4982528687, 11.1662893295, 18.9435710907, 16.1239719391, 41.312789917, 36.6767234802, 44.9711799622, 85.2704238892, 94.59400177, 97.6802902222, 35.5168762207, 39.0137901306, 64.1730270386, 47.0613250732, 28.9875030518, 44.197933197, 52.31300354, 72.8021850586, 67.733833313, 53.4171409607, 115.795921326, 30.4699001312, 20.3589935303, 26.5258216858, 18.2075252533, 16.6786117554, 13.7715101242, 11.4635744095, 12.4748897552, 11.5643224716, 11.0180644989, 9.0539560318, 4.66301727295, 1.30719077587, 0.123418875039, 0.00319882319309, 0.000162761338288, 5.18195556651e-05]
    },
    "gfcc": {
        "mean": [35.6739273071, 106.809585571, -119.521903992, 54.1740493774, -53.9542503357, 24.45154953, -36.3608207703, 23.1080436707, -15.4762029648, 7.01630544662, -10.007191658, -4.87286710739, -0.494497001171],
        "cov": [[1057.76672363, -425.87802124, -64.9743041992, 92.314781189, -122.884788513, 40.1487693787, -81.7356491089, 59.9452896118, -78.2063827515, 28.8978157043, -51.1344985962, 40.8873023987, -66.1318283081], [-425.87802124, 724.520141602, -208.43107605, -84.4615325928, 89.7911529541, -169.023193359, 184.320053101, -81.0096893311, 87.1064682007, -16.1255702972, 73.3127288818, -117.089050293, 87.9203262329], [-64.9743041992, -208.43107605, 518.686706543, -6.50898933411, 20.7134227753, 147.950286865, -102.506507874, 37.8124465942, -36.4239273071, 29.1645030975, 8.0594959259, 40.6764755249, -33.6294708252], [92.314781189, -84.4615325928, -6.50898933411, 198.550537109, 25.7041149139, -42.4271278381, -30.8583087921, -33.2501792908, 15.0052604675, -20.4105854034, -0.588647127151, 15.741437912, 18.1999073029], [-122.884788513, 89.7911529541, 20.7134227753, 25.7041149139, 187.043518066, 39.8165435791, 27.9696140289, 19.6173038483, 27.4504966736, -29.2896289825, 3.35456895828, 0.00773119227961, 21.3631401062], [40.1487693787, -169.023193359, 147.950286865, -42.4271278381, 39.8165435791, 205.004150391, 20.1952533722, 42.4999237061, -16.7588539124, -9.90191555023, 3.46593427658, 14.5033397675, -35.9753341675], [-81.7356491089, 184.320053101, -102.506507874, -30.8583087921, 27.9696140289, 20.1952533722, 216.06930542, 3.35527157784, 7.53938484192, 8.48574256897, 20.9793243408, -46.8102493286, 1.77409410477], [59.9452896118, -81.0096893311, 37.8124465942, -33.2501792908, 19.6173038483, 42.4999237061, 3.35527157784, 107.933937073, 28.1709461212, -0.668999612331, -6.32143068314, -0.849958479404, -18.8283920288], [-78.2063827515, 87.1064682007, -36.4239273071, 15.0052604675, 27.4504966736, -16.7588539124, 7.53938484192, 28.1709461212, 142.570327759, 12.1495313644, 11.4406604767, -30.5706920624, 25.3904399872], [28.8978157043, -16.1255702972, 29.1645030975, -20.4105854034, -29.2896289825, -9.90191555023, 8.48574256897, -0.668999612331, 12.1495313644, 99.1677703857, 12.636590004, -10.6132459641, 7.21669912338], [-51.1344985962, 73.3127288818, 8.0594959259, -0.588647127151, 3.35456895828, 3.46593427658, 20.9793243408, -6.32143068314, 11.4406604767, 12.636590004, 84.5996398926, 14.2485227585, 21.8131732941], [40.8873023987, -117.089050293, 40.6764755249, 15.741437912, 0.00773119227961, 14.5033397675, -46.8102493286, -0.849958479404, -30.5706920624, -10.6132459641, 14.2485227585, 101.053184509, 6.31243991852], [-66.1318283081, 87.9203262329, -33.6294708252, 18.1999073029, 21.3631401062, -35.9753341675, 1.77409410477, -18.8283920288, 25.3904399872, 7.21669912338, 21.8131732941, 6.31243991852, 89.8633117676]],
        "icov": [[0.00162973732222, -0.000198378736968, 0.000941387203056, -0.00166375772096, 0.00117208715528, -0.00129923596978, 0.000864056171849, -0.00184471101966, 0.00127586955205, -0.00130565429572, 0.000660047400743, -0.000312522548484, 0.000486455799546], [-0.000198378736968, 0.0135765792802, -0.00241307239048, 0.0112236151472, -0.00800212379545, 0.0141143929213, -0.00864421855658, 0.0111798085272, -0.00587769644335, 0.00847467966378, -0.0100050792098, 0.00986044760793, -0.00382318906486], [0.000941387203056, -0.00241307239048, 0.00410171784461, -0.00322854425758, 0.00159157253802, -0.00542708253488, 0.00379436486401, -0.00342799210921, 0.00252167275175, -0.00371908536181, 0.00138604699168, -0.00171986711212, 0.0012689268915], [-0.00166375772096, 0.0112236151472, -0.00322854425758, 0.0167872067541, -0.00859097577631, 0.014011205174, -0.00742568867281, 0.0127885825932, -0.00712255714461, 0.00928397569805, -0.00848187226802, 0.00725611066446, -0.00351982121356], [0.00117208715528, -0.00800212379545, 0.00159157253802, -0.00859097577631, 0.0122163053602, -0.0103298975155, 0.00440095365047, -0.00861052982509, 0.00318587943912, -0.00363950617611, 0.00668145203963, -0.0059792236425, 0.000286926690023], [-0.00129923596978, 0.0141143929213, -0.00542708253488, 0.014011205174, -0.0103298975155, 0.0234723929316, -0.0112584950402, 0.0114296041429, -0.00682061631233, 0.0108568137512, -0.0110132414848, 0.0091543411836, -0.0020789229311], [0.000864056171849, -0.00864421855658, 0.00379436486401, -0.00742568867281, 0.00440095365047, -0.0112584950402, 0.0126203559339, -0.0080676143989, 0.00532449921593, -0.00701151555404, 0.00431634532288, -0.00324930227362, 0.00276334886439], [-0.00184471101966, 0.0111798085272, -0.00342799210921, 0.0127885825932, -0.00861052982509, 0.0114296041429, -0.0080676143989, 0.0230985060334, -0.00959077011794, 0.00842543412, -0.00763714173809, 0.00703788502142, -0.0011543398723], [0.00127586955205, -0.00587769644335, 0.00252167275175, -0.00712255714461, 0.00318587943912, -0.00682061631233, 0.00532449921593, -0.00959077011794, 0.0130194192752, -0.00585365341976, 0.00307162292302, -0.000951122958213, -0.000414017267758], [-0.00130565429572, 0.00847467966378, -0.00371908536181, 0.00928397569805, -0.00363950617611, 0.0108568137512, -0.00701151555404, 0.00842543412, -0.00585365341976, 0.0182681176811, -0.00780006451532, 0.00715057644993, -0.00383112020791], [0.000660047400743, -0.0100050792098, 0.00138604699168, -0.00848187226802, 0.00668145203963, -0.0110132414848, 0.00431634532288, -0.00763714173809, 0.00307162292302, -0.00780006451532, 0.0217570345849, -0.0105417678133, 4.60910268885e-05], [-0.000312522548484, 0.00986044760793, -0.00171986711212, 0.00725611066446, -0.0059792236425, 0.0091543411836, -0.00324930227362, 0.00703788502142, -0.000951122958213, 0.00715057644993, -0.0105417678133, 0.02048397623, -0.00455098645762], [0.000486455799546, -0.00382318906486, 0.0012689268915, -0.00351982121356, 0.000286926690023, -0.0020789229311, 0.00276334886439, -0.0011543398723, -0.000414017267758, -0.00383112020791, 4.60910268885e-05, -0.00455098645762, 0.0159505158663]]
    },
    "melbands": {
        "max": [0.0793018862605, 0.0369134359062, 0.0293498691171, 0.020493561402, 0.0155766988173, 0.00860655494034, 0.0047599230893, 0.00783014390618, 0.0126020014286, 0.00661551952362, 0.00210400950164, 0.00222693779506, 0.0047358982265, 0.00251391762868, 0.00169002765324, 0.000972060370259, 0.00134171929676, 0.00155130191706, 0.0016054478474, 0.00138688436709, 0.00123818800785, 0.000493936298881, 0.000982737750746, 0.00136445125099, 0.000236677413341, 0.000145285797771, 0.000179021706572, 0.000218860455789, 0.000245313218329, 0.000136951901368, 0.000223542170716, 0.000212592218304, 0.00012205557141, 0.000125388018205, 0.000107283820398, 0.000110851069621, 0.000100121760624, 7.17619914212e-05, 0.000196462133317, 8.33767990116e-05],
        "mean": [0.00796268600971, 0.00554807344452, 0.00119458674453, 0.000643632258289, 0.000664066930767, 0.000541129033081, 0.000477289839182, 0.000453589251265, 0.000312508578645, 0.000402115023462, 0.000113608934043, 8.63882451085e-05, 8.19286724436e-05, 6.91893219482e-05, 5.4265397921e-05, 5.08789453306e-05, 4.74996631965e-05, 5.45127331861e-05, 7.11311295163e-05, 4.5917735406e-05, 4.17285482399e-05, 3.94928792957e-05, 4.26758633694e-05, 3.43440005963e-05, 1.96316395886e-05, 1.23336712932e-05, 1.26771292344e-05, 1.4083856513e-05, 8.80466814124e-06, 6.063681667e-06, 4.97759128848e-06, 3.96827863369e-06, 2.92915547107e-06, 2.46702779805e-06, 2.5867950626e-06, 2.40304621002e-06, 2.24468385568e-06, 1.96150449483e-06, 2.33839932662e-06, 1.82461019449e-06],
        "min": [2.90312964353e-05, 9.68725071289e-05, 2.51837846008e-05, 1.44862842717e-05, 9.88400097413e-06, 3.63374238077e-06, 2.64158302343e-06, 1.62352250754e-06, 2.31117019212e-06, 2.35237234847e-06, 1.70538032762e-06, 1.44368993915e-06, 1.21428365674e-06, 8.52227799442e-07, 9.07259448013e-07, 7.46129899198e-07, 5.8526148905e-07, 1.77257697942e-06, 4.96366510561e-07, 3.94273143911e-07, 2.00831948405e-07, 4.27417091942e-07, 6.02080717726e-07, 4.0337658902e-07, 1.64349486909e-07, 1.04641678433e-07, 1.43393918961e-07, 8.48762482519e-08, 1.17957100088e-07, 1.06863737415e-07, 5.67932829654e-08, 4.29864179807e-08, 2.13856807818e-08, 2.36254589225e-08, 1.28463693017e-08, 1.12325402313e-08, 6.91025414667e-09, 8.66526228549e-09, 3.08845593544e-09, 1.44667722246e-09],
        "stdev": [0.0103843938559, 0.00580896809697, 0.00197889376432, 0.00116991298273, 0.00120397680439, 0.000817866937723, 0.000765487086028, 0.000825858325697, 0.000739285780583, 0.000639287696686, 0.000183087031473, 0.000165813529748, 0.000245065661147, 0.000145624857396, 0.00010632188787, 8.05947784102e-05, 9.76970841293e-05, 9.92773493635e-05, 0.000125698803458, 8.7397696916e-05, 8.35578903207e-05, 4.99746638525e-05, 7.6678043115e-05, 8.54305399116e-05, 2.54529822996e-05, 1.75247205334e-05, 1.64110806509e-05, 1.91712970263e-05, 1.3629127352e-05, 9.51836682361e-06, 1.0078593732e-05, 8.25502684165e-06, 7.29436897018e-06, 6.55673011352e-06, 7.48632874092e-06, 7.3196338235e-06, 6.92180401529e-06, 6.70797135172e-06, 1.04092259789e-05, 6.87327701598e-06]
    },
    "melbands128": {
        "max": [0.0455542057753, 0.105832628906, 0.100785128772, 0.0703247338533, 0.0496729053557, 0.0558120533824, 0.0288986600935, 0.0435433983803, 0.0507122054696, 0.0181997995824, 0.0135000599548, 0.0200225207955, 0.0237270109355, 0.0160055831075, 0.0129627790302, 0.00585463922471, 0.00792006682605, 0.00804111175239, 0.0134355081245, 0.0143105397001, 0.010572492145, 0.0131194125861, 0.0226164031774, 0.0114479623735, 0.0112373745069, 0.0132497744635, 0.00614687707275, 0.00147991010454, 0.004672922194, 0.00471661705524, 0.00157703214791, 0.00479113915935, 0.00925414543599, 0.00659801857546, 0.00539971096441, 0.00288439542055, 0.00350970681757, 0.00312648923136, 0.00214471924119, 0.00100281124469, 0.00185457640328, 0.00216541578993, 0.00123022426851, 0.00372673152015, 0.00246116449125, 0.00314579578117, 0.00209695170633, 0.00217204610817, 0.00421415781602, 0.00263801193796, 0.00287185027264, 0.00137971481308, 0.00329125998542, 0.000961565470789, 0.00035384108196, 0.000571735901758, 0.00141027953941, 0.000942405604292, 0.00121949822642, 0.0047673182562, 0.00147459865548, 0.00056324119214, 0.00039820605889, 0.000519269844517, 0.000217963621253, 0.000273021898465, 0.000152366890688, 0.000214558822336, 0.000312037678668, 0.000443879922386, 0.000285631365841, 0.000247233110713, 0.000410931272199, 0.000304100365611, 0.00014237628784, 0.000132669389131, 0.000214137980947, 0.000344529107679, 0.000237795407884, 0.000318803009577, 0.000254430429777, 0.00016013358254, 0.000118158452096, 0.000129622509121, 0.000140246382216, 0.00010495378956, 0.000180610339157, 0.000156705602421, 0.000145093217725, 0.000130166197778, 0.000109291861008, 0.000115896560601, 0.000128469575429, 0.000147724815179, 6.37507037027e-05, 7.54372522351e-05, 8.71433148859e-05, 0.000137794122566, 0.000279271363979, 0.000168644968653, 0.000142592834891, 9.36972282943e-05, 0.000126184677356, 8.79124854691e-05, 9.8548225651e-05, 6.62127567921e-05, 8.64225148689e-05, 4.33494205936e-05, 2.9142405765e-05, 2.44402563112e-05, 1.82740732271e-05, 8.75956447999e-06, 5.16609316037e-06, 7.28166924091e-07, 2.74100216302e-07, 1.91693771967e-07, 3.62922776276e-08, 3.11951886545e-08, 2.96942630484e-08, 2.83190875194e-08, 2.74704596848e-08, 2.65771422647e-08, 2.58355772331e-08, 2.52706584547e-08, 2.46861038278e-08, 2.43191191629e-08, 2.40467450396e-08, 2.38578827805e-08],
        "mean": [0.00207429705188, 0.00648180767894, 0.0110287573189, 0.00980896409601, 0.00530464807525, 0.00259589124471, 0.0013534912141, 0.000873355777003, 0.000754460634198, 0.000684307247866, 0.000543866830412, 0.00046387486509, 0.000729399034753, 0.00088098726701, 0.000627374334726, 0.000297655089526, 0.000245281116804, 0.000434136105468, 0.000907912326511, 0.000499931746162, 0.000220520843868, 0.000336773722665, 0.000307011388941, 0.000325790606439, 0.000385486346204, 0.000562512490433, 0.000149671992403, 4.52545755252e-05, 8.03632137831e-05, 7.48318125261e-05, 8.96098717931e-05, 0.000113841342682, 7.11870598025e-05, 7.10062377038e-05, 7.05569982529e-05, 6.65294355713e-05, 7.06711507519e-05, 6.64841863909e-05, 3.26633889927e-05, 3.71887181245e-05, 7.38093149266e-05, 3.81200006814e-05, 3.42801286024e-05, 5.8891291701e-05, 6.84008482494e-05, 4.90954480483e-05, 3.86118081224e-05, 9.46239451878e-05, 7.76318120188e-05, 3.37170131388e-05, 4.97232140333e-05, 4.53500615549e-05, 4.59733273601e-05, 4.06066283176e-05, 3.13806049235e-05, 4.10049324273e-05, 4.59118673461e-05, 3.28017231368e-05, 3.90728564525e-05, 6.77975040162e-05, 2.67769082711e-05, 1.73744374479e-05, 2.90500884148e-05, 1.69466056832e-05, 1.25407841551e-05, 1.30526432258e-05, 1.10104547275e-05, 1.11534118332e-05, 1.36519274747e-05, 1.36367598316e-05, 1.4389158423e-05, 1.52167658598e-05, 1.12101843115e-05, 7.50200933908e-06, 6.01694864599e-06, 5.06150672663e-06, 7.47805552237e-06, 5.61805427424e-06, 4.61784065919e-06, 3.99342206947e-06, 4.53822303825e-06, 3.68645305571e-06, 3.13018381348e-06, 3.01415980175e-06, 2.59581406681e-06, 2.49342542702e-06, 2.29526563089e-06, 2.64933896688e-06, 2.6663162771e-06, 2.48539504355e-06, 2.50178527494e-06, 2.24628547585e-06, 2.50307493843e-06, 2.35409970628e-06, 2.02770911528e-06, 1.90291768831e-06, 1.79839423708e-06, 2.24643986257e-06, 2.5144954634e-06, 2.33131413552e-06, 2.06037634598e-06, 1.72551085598e-06, 1.5497938648e-06, 1.51234485202e-06, 1.53887640408e-06, 1.22537812786e-06, 9.47698651999e-07, 6.32978924386e-07, 5.16292629982e-07, 3.83168526241e-07, 2.40310356503e-07, 9.09330992727e-08, 1.14974518794e-08, 1.44209089115e-09, 6.22269180628e-10, 4.82331397045e-10, 1.26304591785e-10, 3.38192356064e-11, 3.22837138966e-11, 3.09858735892e-11, 3.01024934146e-11, 2.92879123731e-11, 2.85696223623e-11, 2.79508690498e-11, 2.71103643007e-11, 2.62304483689e-11, 2.56858909142e-11, 2.54649305115e-11],
        "min": [4.25203012355e-07, 3.26400095219e-06, 1.82071016752e-05, 1.58232232934e-05, 5.65121663385e-05, 2.49380373134e-05, 4.47137517767e-06, 1.5960872588e-06, 6.74989496474e-06, 3.242768571e-06, 1.19816957067e-06, 2.65944845523e-06, 1.32098421091e-06, 1.20400443393e-06, 1.01578768863e-06, 2.75465481536e-07, 8.40984171191e-07, 1.60819837447e-07, 1.66478969277e-07, 4.5046760988e-07, 6.76530589772e-07, 7.57697875997e-07, 1.29707450469e-06, 9.37139702728e-07, 7.87260262314e-07, 2.9595244655e-07, 5.01047907164e-07, 3.5142318211e-07, 5.38271478945e-07, 4.48800818731e-07, 1.19803260645e-07, 2.29180670885e-07, 4.15801252984e-07, 2.44479622324e-07, 3.12304734962e-07, 2.99264485193e-07, 3.37012295404e-07, 3.97693327159e-07, 1.29663447979e-07, 2.91883338832e-07, 4.32257934335e-07, 1.27638756453e-07, 8.4559133029e-08, 2.10382722798e-07, 4.43838217734e-07, 4.50821062259e-07, 2.26950007232e-07, 3.3844892755e-07, 5.85397231134e-07, 2.25745466764e-07, 2.83471280227e-07, 2.85571559289e-07, 1.85425804489e-07, 1.58903759484e-07, 2.30330272188e-07, 2.06818981496e-07, 2.89605566195e-07, 3.39991288456e-07, 1.67327399936e-07, 2.9807515034e-07, 1.41309627111e-07, 8.58989750441e-08, 1.36322967137e-07, 1.4371063628e-07, 7.75308208745e-08, 7.11878698212e-08, 3.50257813864e-08, 4.53619648511e-08, 4.43816396967e-08, 2.08053272388e-08, 3.53675027043e-08, 5.70630547259e-08, 4.97178866965e-08, 7.1713294858e-08, 6.80513068119e-08, 6.65038868419e-08, 5.32889288252e-08, 3.37164607345e-08, 1.79868990813e-08, 4.00558235469e-08, 3.00563272049e-08, 7.30834592844e-09, 7.92440069119e-09, 1.1272119238e-08, 2.46979769969e-09, 5.99519767164e-09, 4.53924320354e-09, 4.60881777187e-09, 6.6039138602e-09, 3.45780648559e-09, 4.34227809265e-09, 7.08537140071e-09, 3.12842374228e-09, 1.06161623936e-09, 5.50479661854e-10, 1.12333919944e-09, 8.65930452343e-11, 2.45848775365e-11, 8.23554779927e-10, 4.98069641086e-10, 7.01504798695e-10, 1.65652913608e-09, 6.25693497014e-10, 4.24876800409e-10, 3.63389957014e-10, 4.21746582102e-10, 5.35079185821e-12, 1.59819889527e-12, 1.30786744282e-12, 1.22739188604e-12, 6.81455163565e-13, 7.02755887337e-13, 6.54314005321e-13, 5.65243435825e-13, 5.25547812734e-13, 5.67418508013e-13, 4.66312698091e-13, 5.46926436432e-13, 7.90570137566e-13, 7.16737433293e-13, 6.6023261077e-13, 5.75139436944e-13, 5.8632157289e-13, 6.31603872935e-13, 4.05921037885e-13, 1.77062954142e-13, 2.129070676e-14, 8.74222757801e-16],
        "stdev": [0.00415577739477, 0.0126319853589, 0.0144893452525, 0.0112388199195, 0.0063219498843, 0.00492013059556, 0.00249235681258, 0.00204349216074, 0.00227430625819, 0.00143439380918, 0.000979931675829, 0.00120281067211, 0.00180727848783, 0.00185462855734, 0.00115666119382, 0.000504867231939, 0.000720489013474, 0.000956929230597, 0.00181817566045, 0.00125753809698, 0.000778057728894, 0.0012020993745, 0.00105693831574, 0.000840593944304, 0.000846733746585, 0.00110705604311, 0.000384028739063, 8.18164917291e-05, 0.000257393374341, 0.000284761481453, 0.00016119441716, 0.000321820407407, 0.000416001421399, 0.000275604630588, 0.000241442612605, 0.000175517634489, 0.000205876203836, 0.000168115380802, 0.000103668724478, 6.61513986415e-05, 0.00015172053827, 9.73065180006e-05, 8.15626844997e-05, 0.000217523222091, 0.000176393674337, 0.000137307288242, 0.000102544574474, 0.000175720037078, 0.000243449409027, 0.000110610257252, 0.00014375174942, 0.000106731327833, 0.000172984902747, 7.1772497904e-05, 3.70998568542e-05, 6.44851606921e-05, 0.000113750415039, 7.61298579164e-05, 7.6946336776e-05, 0.000281026907032, 7.47586600482e-05, 2.89265244646e-05, 4.70307459182e-05, 3.19827413477e-05, 1.92481656995e-05, 2.4603372367e-05, 1.84855525731e-05, 1.66677964444e-05, 2.2246309527e-05, 2.72806864814e-05, 2.3615642931e-05, 2.31131580222e-05, 2.0722982299e-05, 1.4369501514e-05, 1.03543634395e-05, 9.25592485146e-06, 1.47482769535e-05, 1.29377021949e-05, 1.0436509001e-05, 1.04095706774e-05, 1.01641535366e-05, 7.36882657293e-06, 7.90111062088e-06, 8.25857387099e-06, 7.37894106351e-06, 5.99047643846e-06, 7.87038152339e-06, 8.22784295451e-06, 8.24558992463e-06, 7.76468186814e-06, 7.89249861555e-06, 7.16097883924e-06, 8.69736413733e-06, 8.06944990472e-06, 5.85494035477e-06, 6.4733567342e-06, 6.42369332127e-06, 1.00808038042e-05, 1.25123815451e-05, 1.06520428744e-05, 8.40078246256e-06, 6.58409771859e-06, 6.23060077487e-06, 6.00660405325e-06, 6.99797237758e-06, 4.68045482194e-06, 4.00139788326e-06, 2.81101256405e-06, 2.20907850235e-06, 1.85754834092e-06, 1.15504542464e-06, 4.61245718952e-07, 1.79938169254e-07, 2.46730298414e-08, 8.78057271336e-09, 6.33790842031e-09, 1.65547520137e-09, 8.3318180133e-10, 7.93090981777e-10, 7.56369966659e-10, 7.3370809428e-10, 7.09849456992e-10, 6.90045631746e-10, 6.74957700841e-10, 6.59354737476e-10, 6.49572895473e-10, 6.42302711018e-10, 6.37261299286e-10]
    },
    "mfcc": {
        "mean": [-600.943603516, 122.229682922, 2.50658798218, 32.6246833801, 13.1625041962, 6.35972547531, 4.28322172165, 6.97224283218, 9.54988288879, 7.11476945877, 4.23599481583, 6.54108810425, 0.462588489056],
        "cov": [[1245.2565918, -459.664367676, -120.666275024, 47.5300559998, -101.235824585, -56.7820205688, -38.9930763245, -3.00686097145, -45.3994064331, 2.71667051315, -38.6347808838, -21.6945400238, -5.83772754669], [-459.664367676, 683.828857422, -187.275405884, 27.9538707733, -92.8347702026, -4.47249507904, 60.2238998413, -50.1217422485, 55.579875946, 25.74609375, 22.3008766174, 29.9465732574, 17.3020458221], [-120.666275024, -187.275405884, 440.800567627, -98.2510528564, 122.789405823, 20.9589672089, 9.22752857208, -2.62216353416, -36.3824691772, -12.3323078156, 13.3505249023, 16.5798912048, 14.4966249466], [47.5300559998, 27.9538707733, -98.2510528564, 233.181655884, -21.4206047058, -6.48016309738, -39.0912361145, -43.901763916, 8.95096302032, -30.3090991974, -25.4219493866, -1.93803167343, 19.6069717407], [-101.235824585, -92.8347702026, 122.789405823, -21.4206047058, 260.034118652, 4.64759397507, -37.044178009, 45.6572914124, 9.15227031708, -12.0388641357, 2.0268740654, -12.2445211411, -13.5786676407], [-56.7820205688, -4.47249507904, 20.9589672089, -6.48016309738, 4.64759397507, 122.856887817, 44.4135971069, 17.8319797516, -0.524198114872, 18.2424468994, 10.9466743469, -9.24794387817, -14.6900892258], [-38.9930763245, 60.2238998413, 9.22752857208, -39.0912361145, -37.044178009, 44.4135971069, 164.403564453, 28.787771225, -2.2205080986, 3.23802256584, 17.97123909, 6.27241706848, -2.31043553352], [-3.00686097145, -50.1217422485, -2.62216353416, -43.901763916, 45.6572914124, 17.8319797516, 28.787771225, 145.464202881, 6.41475534439, 3.28846955299, 19.145608902, -4.09457731247, -24.1530838013], [-45.3994064331, 55.579875946, -36.3824691772, 8.95096302032, 9.15227031708, -0.524198114872, -2.2205080986, 6.41475534439, 91.7858810425, 43.3962631226, 9.0870475769, 7.76476860046, 6.68136310577], [2.71667051315, 25.74609375, -12.3323078156, -30.3090991974, -12.0388641357, 18.2424468994, 3.23802256584, 3.28846955299, 43.3962631226, 103.08278656, 34.6114006042, 1.96927332878, -10.8918418884], [-38.6347808838, 22.3008766174, 13.3505249023, -25.4219493866, 2.0268740654, 10.9466743469, 17.97123909, 19.145608902, 9.0870475769, 34.6114006042, 82.7275390625, 17.6117153168, -18.0437602997], [-21.6945400238, 29.9465732574, 16.5798912048, -1.93803167343, -12.2445211411, -9.24794387817, 6.27241706848, -4.09457731247, 7.76476860046, 1.96927332878, 17.6117153168, 79.9545288086, 33.6370201111], [-5.83772754669, 17.3020458221, 14.4966249466, 19.6069717407, -13.5786676407, -14.6900892258, -2.31043553352, -24.1530838013, 6.68136310577, -10.8918418884, -18.0437602997, 33.6370201111, 91.5369110107]],
        "icov": [[0.00144815677777, 0.00128684437368, 0.000762737938203, -0.000154079054482, 0.000492432445753, 0.000714152352884, -0.000337589532137, 0.000209090576391, 0.000497599714436, -0.000702968856785, 0.000354060117388, -0.000167723293998, 7.09615915184e-06], [0.00128684437368, 0.00309287826531, 0.00152340054046, 4.77318753838e-05, 0.000481451541418, 0.000684858649038, -0.00112780008931, 0.00115094135981, -0.000525897950865, -0.000366688153008, -0.000260669738054, -0.000659026845824, -0.00011192967213], [0.000762737938203, 0.00152340054046, 0.00403341883793, 0.00133939506486, -0.00144145218655, -0.000226009942708, -0.000712324224878, 0.00148090568837, 0.00117424910422, -7.57699890528e-05, -0.000521318695974, -0.000897185818758, -0.000910091155674], [-0.000154079054482, 4.77318753838e-05, 0.00133939506486, 0.00575098581612, -0.000188394304132, -0.0010838174494, 0.00113509886432, 0.00160887127277, -0.00127537280787, 0.00239449576475, -7.95314117568e-05, 9.55266223173e-05, -0.000884296605363], [0.000492432445753, 0.000481451541418, -0.00144145218655, -0.000188394304132, 0.00557191576809, -4.38417046098e-05, 0.00149972725194, -0.00177918211557, -0.00158866180573, 0.00104671006557, -9.45016654441e-05, 0.00081846799003, 0.00051805441035], [0.000714152352884, 0.000684858649038, -0.000226009942708, -0.0010838174494, -4.38417046098e-05, 0.0101911248639, -0.00297437072732, -0.000578442995902, 0.00110247184057, -0.0027247343678, 0.0003345705627, 0.00082270684652, 0.000944279076066], [-0.000337589532137, -0.00112780008931, -0.000712324224878, 0.00113509886432, 0.00149972725194, -0.00297437072732, 0.00825569778681, -0.00175915821455, -0.000280728709185, 0.00148368196096, -0.00114788499195, 0.000116914947284, -0.000521543959621], [0.000209090576391, 0.00115094135981, 0.00148090568837, 0.00160887127277, -0.00177918211557, -0.000578442995902, -0.00175915821455, 0.0092007657513, -0.00112324231304, 0.00115580437705, -0.00153874792159, -0.000521444773767, 0.00135102402419], [0.000497599714436, -0.000525897950865, 0.00117424910422, -0.00127537280787, -0.00158866180573, 0.00110247184057, -0.000280728709185, -0.00112324231304, 0.0160555746406, -0.00783053413033, 0.00141727388836, -0.00111693039071, -0.001557691372], [-0.000702968856785, -0.000366688153008, -7.57699890528e-05, 0.00239449576475, 0.00104671006557, -0.0027247343678, 0.00148368196096, 0.00115580437705, -0.00783053413033, 0.0163201801479, -0.00586756784469, 0.00125788617879, 0.000478624162497], [0.000354060117388, -0.000260669738054, -0.000521318695974, -7.95314117568e-05, -9.45016654441e-05, 0.0003345705627, -0.00114788499195, -0.00153874792159, 0.00141727388836, -0.00586756784469, 0.0173187907785, -0.00529616745189, 0.00433457130566], [-0.000167723293998, -0.000659026845824, -0.000897185818758, 9.55266223173e-05, 0.00081846799003, 0.00082270684652, 0.000116914947284, -0.000521444773767, -0.00111693039071, 0.00125788617879, -0.00529616745189, 0.0171732977033, -0.00676914351061], [7.09615915184e-06, -0.00011192967213, -0.000910091155674, -0.000884296605363, 0.00051805441035, 0.000944279076066, -0.000521543959621, 0.00135102402419, -0.001557691372, 0.000478624162497, 0.00433457130566, -0.00676914351061, 0.015363949351]]
    },
    "spectral_contrast_coeffs": {
        "max": [-0.518063306808, -0.491442888975, -0.526207685471, -0.592418074608, -0.57451736927, -0.611174583435],
        "mean": [-0.738061845303, -0.723448693752, -0.769038498402, -0.781398653984, -0.776092648506, -0.731115102768],
        "min": [-0.900746822357, -0.924134850502, -0.920761525631, -0.896704852581, -0.868768632412, -0.885669529438],
        "stdev": [0.0597577057779, 0.0759951621294, 0.0577221289277, 0.0456755906343, 0.0375850498676, 0.0431123077869]
    },
    "spectral_contrast_valleys": {
        "max": [-4.69767189026, -5.04251527786, -5.56504917145, -5.84697771072, -5.68492650986, -7.55021238327],
        "mean": [-6.00105857849, -6.46536302567, -7.08031225204, -7.21067523956, -7.11487674713, -10.161277771],
        "min": [-7.82481098175, -8.09897041321, -8.51397037506, -8.69695472717, -8.60269069672, -12.2267847061],
        "stdev": [0.385106116533, 0.434043049812, 0.427974700928, 0.404142558575, 0.547588050365, 0.775599837303]
    }
},
"rhythm": {
    "beats_count": 69,
    "beats_loudness": {
        "max": 0.251725822687,
        "mean": 0.0896609276533,
        "min": 0.0138979572803,
        "stdev": 0.0476655438542
    },
    "bpm": 129.747634888,
    "bpm_histogram_first_peak_bpm": 129,
    "bpm_histogram_first_peak_weight": 0.229508221149,
    "bpm_histogram_second_peak_bpm": 123,
    "bpm_histogram_second_peak_spread": 0,
    "bpm_histogram_second_peak_weight": 0.102941177785,
    "danceability": 1.22893536091,
    "onset_rate": 3.19921851158,
    "beats_loudness_band_ratio": {
        "max": [0.961367249489, 0.419938534498, 0.353656470776, 0.299428731203, 0.193384155631, 0.113736495376],
        "mean": [0.721448898315, 0.0877414643764, 0.0932737886906, 0.0428365580738, 0.044136941433, 0.0216285642236],
        "min": [0.203585967422, 0.00386141357012, 0.00184947566595, 0.00106436829083, 0.00309797679074, 0.0015568418894],
        "stdev": [0.173077568412, 0.102546811104, 0.0926976874471, 0.0514788851142, 0.0470248125494, 0.0241801142693]
    },
    "beats_position": [0.46439909935, 0.9287981987, 1.39319729805, 1.8575963974, 2.32199549675, 2.7863945961, 3.26240348816, 3.75002264977, 4.23764181137, 4.72526073456, 5.21287965775, 5.70049858093, 6.18811798096, 6.67573690414, 7.1517457962, 7.61614513397, 8.08054447174, 8.54494285583, 9.0093421936, 9.47374153137, 9.93814086914, 10.3909292221, 10.8437185287, 11.3081178665, 11.7725172043, 12.2369155884, 12.7013149261, 13.1541042328, 13.6068935394, 14.0712919235, 14.5356912613, 15.0000905991, 15.4644899368, 15.9288883209, 16.3932876587, 16.8576869965, 17.3220863342, 17.7748756409, 18.2276649475, 18.6920623779, 19.1564617157, 19.6208610535, 20.0852603912, 20.5380496979, 20.9908390045, 21.4552383423, 21.9196376801, 22.3840351105, 22.8484344482, 23.312833786, 23.7772331238, 24.2416324615, 24.6944217682, 25.1472110748, 25.6116104126, 26.076007843, 26.5404071808, 27.0048065186, 27.4692058563, 27.9336051941, 28.3863945007, 28.8507938385, 29.3035831451, 29.7679805756, 30.2323799133, 30.6967792511, 31.1611785889, 31.6255779266, 32.0899772644],
