{
"metadata": {
    "version": {
        "essentia": "2.1-beta5",
        "essentia_git_sha": "Undefined",
        "extractor": "music 2.0"
    },
    "audio_properties": {
        "analysis": {
            "equal_loudness": 0,
            "length": 32.4963264465,
            "sample_rate": 44100,
            "start_time": 110.248344421,
            "downmix": "mix"
        },
        "bit_rate": 192000,
        "length": 195.941604614,
        "lossless": 0,
        "number_channels": 2,
        "replay_gain": -2.6815662384,
        "sample_rate": 48000,
        "codec": "mp3",
        "md5_encoded": "ae330b7055d54ef96ab8a91a73d0a46a"
    },
    "tags": {
        "file_name": "Poland_Color of Your Life_Michał Szpak.mp3",
        "encoding": ["Lavf58.29.100"]
    }
},
"lowlevel": {
    "average_loudness": 0.916834592819,
    "barkbands_crest": {
        "max": 25.0391998291,
        "mean": 11.2691001892,
        "min": 3.04398941994,
        "stdev": 4.34011554718
    },
    "barkbands_flatness_db": {
        "max": 0.286861926317,
        "mean": 0.152152061462,
        "min": 0.0619995370507,
        "stdev": 0.0369194932282
    },
    "barkbands_kurtosis": {
        "max": 60.834728241,
        "mean": 3.31587553024,
        "min": -1.81563794613,
        "stdev": 4.52344846725
    },
    "barkbands_skewness": {
        "max": 7.08390426636,
        "mean": 1.28620636463,
        "min": -1.32782161236,
        "stdev": 0.850443601608
    },
    "barkbands_spread": {
        "max": 89.629737854,
        "mean": 18.8165950775,
        "min": 2.43602705002,
        "stdev": 11.3625602722
    },
    "dissonance": {
        "max": 0.499738842249,
        "mean": 0.447472035885,
        "min": 0.300167888403,
        "stdev": 0.0334513187408
    },
    "dynamic_complexity": 3.23414969444,
    "erbbands_crest": {
        "max": 33.791305542,
        "mean": 14.2052412033,
        "min": 2.81279993057,
        "stdev": 6.81651639938
    },
    "erbbands_flatness_db": {
        "max": 0.332112699747,
        "mean": 0.176488444209,
        "min": 0.0724847614765,
        "stdev": 0.0442322418094
    },
    "erbbands_kurtosis": {
        "max": 47.8171424866,
        "mean": 2.46511220932,
        "min": -1.57632648945,
        "stdev": 4.14689779282
    },
    "erbbands_skewness": {
        "max": 4.72718095779,
        "mean": 0.905519485474,
        "min": -2.8501663208,
        "stdev": 1.01262366772
    },
    "erbbands_spread": {
        "max": 138.117843628,
        "mean": 29.8268527985,
        "min": 2.66587924957,
        "stdev": 16.9031944275
    },
    "hfc": {
        "max": 138.83416748,
        "mean": 23.1915988922,
        "min": 0.37436619401,
        "stdev": 17.017156601
    },
    "loudness_ebu128": {
        "integrated": -19.8802070618,
        "loudness_range": 5.59352874756,
        "momentary": {
            "max": -16.6891479492,
            "mean": -20.8106441498,
            "min": -30.8268013,
            "stdev": 3.18173003197
        },
        "short_term": {
            "max": -17.9171638489,
            "mean": -20.4815654755,
            "min": -27.7762050629,
            "stdev": 2.51795363426
        }
    },
    "melbands_crest": {
        "max": 31.2042922974,
        "mean": 14.3578662872,
        "min": 4.38013696671,
        "stdev": 5.00982475281
    },
    "melbands_flatness_db": {
        "max": 0.346172213554,
        "mean": 0.194349274039,
        "min": 0.0752863585949,
        "stdev": 0.0446969121695
    },
    "melbands_kurtosis": {
        "max": 238.559432983,
        "mean": 7.5356426239,
        "min": -1.71643936634,
        "stdev": 12.547668457
    },
    "melbands_skewness": {
        "max": 12.7631387711,
        "mean": 1.76826822758,
        "min": -1.61937582493,
        "stdev": 1.28492438793
    },
    "melbands_spread": {
        "max": 83.8729171753,
        "mean": 20.8805198669,
        "min": 1.94164896011,
        "stdev": 10.626209259
    },
    "pitch_salience": {
        "max": 0.850702762604,
        "mean": 0.512964129448,
        "min": 0.142137601972,
        "stdev": 0.108194030821
    },
    "silence_rate_20dB": {
        "max": 1,
        "mean": 1,
        "min": 1,
        "stdev": 0
    },
    "silence_rate_30dB": {
        "max": 1,
        "mean": 0.995717346668,
        "min": 0,
        "stdev": 0.0653007254004
    },
    "silence_rate_60dB": {
        "max": 1,
        "mean": 0.0692362561822,
        "min": 0,
        "stdev": 0.253854990005
    },
    "spectral_centroid": {
        "max": 2689.6887207,
        "mean": 1119.66589355,
        "min": 307.247497559,
        "stdev": 400.572570801
    },
    "spectral_complexity": {
        "max": 47,
        "mean": 16.4425411224,
        "min": 0,
        "stdev": 6.51170253754
    },
    "spectral_decrease": {
        "max": -5.35793145962e-11,
        "mean": -7.45938599778e-09,
        "min": -3.2180313525e-08,
        "stdev": 5.75057157448e-09
    },
    "spectral_energy": {
        "max": 0.125365585089,
        "mean": 0.0302570015192,
        "min": 0.000236177264014,
        "stdev": 0.0227942988276
    },
    "spectral_energyband_high": {
        "max": 0.0105303330347,
        "mean": 0.000694943766575,
        "min": 2.15006730286e-06,
        "stdev": 0.00104009220377
    },
    "spectral_energyband_low": {
        "max": 0.103663317859,
        "mean": 0.00829821079969,
        "min": 1.56770954618e-06,
        "stdev": 0.0132334725931
    },
    "spectral_energyband_middle_high": {
        "max": 0.0353465639055,
        "mean": 0.00526056578383,
        "min": 8.80004299688e-05,
        "stdev": 0.00543260807171
    },
    "spectral_energyband_middle_low": {
        "max": 0.0847119390965,
        "mean": 0.0170659571886,
        "min": 0.000116864655865,
        "stdev": 0.0144519126043
    },
    "spectral_entropy": {
        "max": 8.51707649231,
        "mean": 7.46619415283,
        "min": 6.15392303467,
        "stdev": 0.370409548283
    },
    "spectral_flux": {
        "max": 0.248729497194,
        "mean": 0.0779618769884,
        "min": 0.00947148445994,
        "stdev": 0.0418113693595
    },
    "spectral_kurtosis": {
        "max": 23.000371933,
        "mean": 4.34770011902,
        "min": -0.628516197205,
        "stdev": 2.46083474159
    },
    "spectral_rms": {
        "max": 0.0110592897981,
        "mean": 0.00500222994015,
        "min": 0.000480017537484,
        "stdev": 0.00212056189775
    },
    "spectral_rolloff": {
        "max": 11907.8613281,
        "mean": 1306.03955078,
        "min": 86.1328125,
        "stdev": 1263.29968262
    },
    "spectral_skewness": {
        "max": 3.32287883759,
        "mean": 1.69551920891,
        "min": 0.595277786255,
        "stdev": 0.351720154285
    },
    "spectral_spread": {
        "max": 14616810,
        "mean": 5041208.5,
        "min": 2252074.75,
        "stdev": 1583141.5
    },
    "spectral_strongpeak": {
        "max": 12.3132476807,
        "mean": 1.98187482357,
        "min": 0.00835697259754,
        "stdev": 1.94274175167
    },
    "zerocrossingrate": {
        "max": 0.28515625,
        "mean": 0.059051360935,
        "min": 0.005859375,
        "stdev": 0.0300392266363
    },
    "barkbands": {
        "max": [0.00119494518731, 0.0625855475664, 0.0690591558814, 0.0353535450995, 0.0254984665662, 0.0462064705789, 0.0403638333082, 0.0486773848534, 0.0747631713748, 0.0556683056056, 0.0166529789567, 0.0342632085085, 0.0226282589138, 0.0121350828558, 0.0214432384819, 0.0230075903237, 0.0131404399872, 0.00173593312502, 0.0016331867082, 0.00239689415321, 0.00148310884833, 0.00147710018791, 0.00194128928706, 0.00313848163933, 0.00325722363777, 0.00226863380522, 7.23998709873e-07],
        "mean": [6.83247708366e-05, 0.00459183892235, 0.00314628379419, 0.00100178387947, 0.00208877166733, 0.00220072828233, 0.00143457076047, 0.00210496271029, 0.00705908890814, 0.00151182757691, 0.00067156762816, 0.000679029559251, 0.000549422344193, 0.000326981564285, 0.000601210165769, 0.00053970591398, 0.000567539711483, 0.000111042252684, 0.000194588472368, 0.000181504015927, 0.000100230143289, 0.000105333892861, 0.000112435220217, 0.000111440254841, 0.000140758711495, 5.60515727557e-05, 2.68223243616e-09],
        "min": [4.54896387225e-09, 2.80075852288e-07, 2.93887410407e-07, 3.06849841536e-07, 4.06148174079e-05, 9.36217384151e-06, 6.5769536377e-06, 3.05456637761e-07, 3.26596455125e-06, 8.84784185473e-07, 7.45568058846e-07, 1.87998216461e-06, 1.63697393418e-06, 2.09331415135e-06, 3.05107573695e-06, 2.75035517916e-06, 2.94545884572e-06, 4.65493741331e-07, 1.90311959614e-06, 9.58296482167e-07, 6.66524556436e-07, 2.466210276e-07, 1.07945524519e-07, 1.00457150154e-07, 5.68749491947e-08, 5.3025595026e-10, 8.12637596104e-11],
        "stdev": [0.000125252685393, 0.00777716375887, 0.00653253914788, 0.0028008162044, 0.00225179037079, 0.00314782722853, 0.00340337958187, 0.00533157493919, 0.0115669425577, 0.00478873262182, 0.00142063270323, 0.00223117833957, 0.00126229238231, 0.000786283286288, 0.00176269945223, 0.00170032295864, 0.00155886670109, 0.000140146759804, 0.00022787679336, 0.000256672996329, 0.0001335839479, 0.000148948412971, 0.000189488651813, 0.000217393419007, 0.00027398680686, 0.000153724322445, 2.23575504776e-08]
    },
    "erbbands": {
        "max": [1.44684386253, 14.9540424347, 82.1177062988, 75.9803924561, 102.440551758, 87.4637680054, 114.069061279, 528.774414062, 552.028747559, 857.444519043, 1307.54296875, 2378.31738281, 2207.67724609, 290.401733398, 894.045593262, 1766.1373291, 1259.30493164, 582.189697266, 1368.79418945, 1137.25048828, 1397.04992676, 509.745666504, 118.01651001, 57.93907547, 101.940406799, 133.496505737, 59.8476066589, 74.7766036987, 49.9019851685, 66.325340271, 52.5928230286, 59.2568511963, 49.4044189453, 52.5544624329, 16.2533416748, 16.8067455292, 2.11541366577, 0.05268901214, 0.00181243906263, 0.000247250834946],
        "mean": [0.0811561271548, 1.21306955814, 3.91293883324, 3.19109916687, 4.79014348984, 7.9229631424, 9.9354019165, 20.9695205688, 17.132806778, 35.0687255859, 54.8788909912, 181.733444214, 99.8006591797, 18.7374706268, 33.0532913208, 30.5436382294, 27.175245285, 18.1118183136, 30.3945674896, 28.6979312897, 36.1208190918, 22.6452159882, 8.39091205597, 5.88607549667, 12.2188339233, 9.10859680176, 4.36576938629, 4.24006938934, 3.81064486504, 3.18100500107, 3.29155874252, 2.21409606934, 1.97749757767, 1.60489058495, 0.973118722439, 0.472801834345, 0.0485753752291, 0.00107588025276, 6.80581069901e-05, 4.19035022787e-05],
        "min": [1.06969555418e-05, 7.56195368012e-05, 0.000597402977291, 0.0043974625878, 0.0639913976192, 0.157138735056, 0.206193730235, 0.210002571344, 0.215267047286, 0.0638634115458, 0.0191057901829, 0.0720605924726, 0.049135453999, 0.0284661147743, 0.0300080440938, 0.122528195381, 0.097801104188, 0.146954029799, 0.218196123838, 0.3567917943, 0.233274027705, 0.173006355762, 0.105539955199, 0.0879445001483, 0.0609382763505, 0.0542140677571, 0.0200889948756, 0.0175356622785, 0.00991017837077, 0.00340411718935, 0.00293204281479, 0.00189367856365, 0.00159352179617, 0.000794014893472, 0.000416950293584, 4.44607139798e-05, 2.3977759156e-06, 3.12188461749e-07, 5.18809258665e-07, 6.94870095685e-07],
        "stdev": [0.162736400962, 2.07263588905, 7.98670196533, 6.73085260391, 8.63841247559, 8.64557361603, 12.7389230728, 32.4248771667, 37.0683670044, 86.263885498, 128.800415039, 313.596405029, 208.402099609, 27.287355423, 76.259147644, 106.438697815, 63.6862411499, 34.5116882324, 83.3024597168, 78.7144927979, 109.618858337, 49.6924057007, 11.4572544098, 5.82204341888, 15.0595436096, 13.7095708847, 5.41401720047, 6.04048204422, 5.10961723328, 5.59124898911, 5.52220773697, 4.4150223732, 3.87276005745, 3.57304143906, 1.73958694935, 1.17258131504, 0.138424023986, 0.00311603606679, 0.000130804575747, 3.26169683831e-05]
    },
    "gfcc": {
        "mean": [3.30349373817, 92.3408584595, -123.056167603, 22.8579006195, -73.76146698, 20.0722961426, -46.9126167297, 15.9728040695, -28.6175804138, 2.52800583839, -21.5688343048, -7.17725849152, -6.85564804077],
        "cov": [[4074.75219727, -1010.11761475, 679.987426758, 255.424087524, -53.2142295837, 500.90045166, 442.405395508, 731.352722168, 134.166168213, 338.893920898, -88.7734375, 355.81237793, -168.31463623], [-1010.11761475, 804.232421875, -22.8136138916, 51.5330848694, 116.051208496, -113.848686218, 142.751663208, -119.41960907, 51.2680397034, -100.440895081, 121.713043213, -104.407279968, -21.7666568756], [679.987426758, -22.8136138916, 544.415222168, 187.900161743, 79.4639434814, 178.805419922, 163.51020813, 238.655029297, 36.5021476746, 62.3698158264, 13.054602623, 99.1634521484, -121.202346802], [255.424087524, 51.5330848694, 187.900161743, 263.836364746, 104.21421051, 68.3047409058, 71.2663726807, 86.246887207, 81.5561828613, 19.2211418152, 29.4948863983, 60.3399047852, -9.75735759735], [-53.2142295837, 116.051208496, 79.4639434814, 104.21421051, 177.095016479, 27.9405136108, 13.3164968491, 40.3985404968, 48.6679840088, 17.6744556427, 1.77484500408, 16.4633541107, 12.1747541428], [500.90045166, -113.848686218, 178.805419922, 68.3047409058, 27.9405136108, 197.799728394, 134.038116455, 125.462600708, 13.2945814133, 36.3181533813, 13.5312795639, 56.9385757446, -45.7554092407], [442.405395508, 142.751663208, 163.51020813, 71.2663726807, 13.3164968491, 134.038116455, 415.779205322, 192.283172607, 5.84853458405, 23.308971405, 31.5514507294, 15.5969429016, -85.9310684204], [731.352722168, -119.41960907, 238.655029297, 86.246887207, 40.3985404968, 125.462600708, 192.283172607, 269.375549316, 55.2865180969, 74.1373977661, -17.0938091278, 57.9636878967, -53.5315132141], [134.166168213, 51.2680397034, 36.5021476746, 81.5561828613, 48.6679840088, 13.2945814133, 5.84853458405, 55.2865180969, 130.836746216, 34.9952545166, 11.7398662567, 20.8805351257, 2.28090763092], [338.893920898, -100.440895081, 62.3698158264, 19.2211418152, 17.6744556427, 36.3181533813, 23.308971405, 74.1373977661, 34.9952545166, 98.8823318481, 9.03280639648, 33.9123344421, -16.4088287354], [-88.7734375, 121.713043213, 13.054602623, 29.4948863983, 1.77484500408, 13.5312795639, 31.5514507294, -17.0938091278, 11.7398662567, 9.03280639648, 106.125091553, 27.5161552429, -12.8739814758], [355.81237793, -104.407279968, 99.1634521484, 60.3399047852, 16.4633541107, 56.9385757446, 15.5969429016, 57.9636878967, 20.8805351257, 33.9123344421, 27.5161552429, 139.520599365, 3.58415675163], [-168.31463623, -21.7666568756, -121.202346802, -9.75735759735, 12.1747541428, -45.7554092407, -85.9310684204, -53.5315132141, 2.28090763092, -16.4088287354, -12.8739814758, 3.58415675163, 113.172309875]],
        "icov": [[0.00095051410608, 0.000543409085367, 9.6379138995e-05, -0.000445008627139, 0.000780852569733, -0.000605297856964, -0.000307554408209, -0.00116808537859, -0.000241109941271, -0.00120296562091, 0.000699420459569, -0.00103891943581, 0.000411155080656], [0.000543409085367, 0.00880632549524, -0.00431745685637, 0.00319702317938, -0.00645452085882, 0.00679242052138, -0.00729431305081, 0.00620588241145, -0.00702593894675, 0.00653489353135, -0.00861355662346, 0.00430546328425, -0.00103590567596], [9.6379138995e-05, -0.00431745685637, 0.00791704561561, -0.00449563190341, 0.00282087107189, -0.00515849841759, 0.00507224677131, -0.00743720307946, 0.00555978389457, -0.00319212116301, 0.00455228518695, -0.00395744340494, 0.00541687663645], [-0.000445008627139, 0.00319702317938, -0.00449563190341, 0.00960370525718, -0.00568898906931, 0.0031103529036, -0.00380938360468, 0.00447270972654, -0.00650904886425, 0.00501038972288, -0.00498592155054, 0.00134756264742, -0.00269306753762], [0.000780852569733, -0.00645452085882, 0.00282087107189, -0.00568898906931, 0.0141544900835, -0.00660080695525, 0.00553434342146, -0.00615748064592, 0.00418242113665, -0.00774440402165, 0.00836313236505, -0.00378083973192, -0.000587364658713], [-0.000605297856964, 0.00679242052138, -0.00515849841759, 0.0031103529036, -0.00660080695525, 0.0153015274554, -0.00731352157891, 0.00521079916507, -0.00491656223312, 0.00628942856565, -0.00825079716742, 0.00299654179253, -0.00106453336775], [-0.000307554408209, -0.00729431305081, 0.00507224677131, -0.00380938360468, 0.00553434342146, -0.00731352157891, 0.011252630502, -0.0100274058059, 0.00750366644934, -0.00388790527359, 0.00502691976726, -0.00264981226064, 0.00343298260123], [-0.00116808537859, 0.00620588241145, -0.00743720307946, 0.00447270972654, -0.00615748064592, 0.00521079916507, -0.0100274058059, 0.0198634322733, -0.00901929941028, 0.00232939561829, -0.00347591238096, 0.00400427775458, -0.00357466563582], [-0.000241109941271, -0.00702593894675, 0.00555978389457, -0.00650904886425, 0.00418242113665, -0.00491656223312, 0.00750366644934, -0.00901929941028, 0.01764090918, -0.0078202392906, 0.00564888305962, -0.00326125277206, 0.00193325069267], [-0.00120296562091, 0.00653489353135, -0.00319212116301, 0.00501038972288, -0.00774440402165, 0.00628942856565, -0.00388790527359, 0.00232939561829, -0.0078202392906, 0.0226737111807, -0.0106318267062, 0.00362673751079, 0.00012760196114], [0.000699420459569, -0.00861355662346, 0.00455228518695, -0.00498592155054, 0.00836313236505, -0.00825079716742, 0.00502691976726, -0.00347591238096, 0.00564888305962, -0.0106318267062, 0.0224946457893, -0.00881958007812, 0.00294911954552], [-0.00103891943581, 0.00430546328425, -0.00395744340494, 0.00134756264742, -0.00378083973192, 0.00299654179253, -0.00264981226064, 0.00400427775458, -0.00326125277206, 0.00362673751079, -0.00881958007812, 0.0145787829533, -0.00421221926808], [0.000411155080656, -0.00103590567596, 0.00541687663645, -0.00269306753762, -0.000587364658713, -0.00106453336775, 0.00343298260123, -0.00357466563582, 0.00193325069267, 0.00012760196114, 0.00294911954552, -0.00421221926808, 0.0158143807203]]
    },
    "melbands": {
        "max": [0.0159636754543, 0.0312291104347, 0.0132125820965, 0.00670011062175, 0.00346913002431, 0.0105185555294, 0.00844636466354, 0.00921156164259, 0.0108665619045, 0.0138525087386, 0.0109591959044, 0.00122334994376, 0.00230641849339, 0.00366830825806, 0.00207594526, 0.0023447163403, 0.00134109833743, 0.00218346971087, 0.00139929086436, 0.00170495233033, 0.0015183147043, 0.00055686943233, 0.000313700613333, 9.12940595299e-05, 4.66120000056e-05, 8.10920246295e-05, 0.000101190838905, 9.09061345737e-05, 4.21059703513e-05, 3.76693205908e-05, 4.39673349319e-05, 3.144677612e-05, 2.8763037335e-05, 4.11756846006e-05, 3.23319109157e-05, 2.8054937502e-05, 4.82217692479e-05, 3.9033475332e-05, 3.53434770659e-05, 5.54170037503e-05],
        "mean": [0.00100933888461, 0.00186363758985, 0.000610695395153, 0.00046394392848, 0.000367897853721, 0.000453612563433, 0.000265962531557, 0.000384999730159, 0.000512510247063, 0.00116477487609, 0.000464716606075, 6.05654095125e-05, 0.000102069032437, 8.44558380777e-05, 6.24155727564e-05, 5.59507061553e-05, 2.95004410873e-05, 4.75469096273e-05, 3.80673300242e-05, 4.02205623686e-05, 4.57920650661e-05, 2.85495716525e-05, 1.13155874715e-05, 4.81580946143e-06, 4.33924014942e-06, 7.93139497546e-06, 8.89563580131e-06, 5.24528695678e-06, 2.67813697974e-06, 2.38647817241e-06, 2.54618976214e-06, 2.32855745708e-06, 1.71620081346e-06, 1.7899476461e-06, 1.99604528461e-06, 1.5448403019e-06, 1.28835336e-06, 1.26757663566e-06, 1.57764270625e-06, 1.27477949263e-06],
        "min": [1.1443516712e-07, 1.78774541837e-07, 1.69020154317e-06, 8.10543588159e-06, 6.0462334659e-06, 3.57198746315e-06, 1.94714993995e-06, 3.80137635148e-07, 1.97118794176e-07, 4.72925592021e-07, 2.28986820616e-07, 1.03877752622e-07, 9.45070937064e-08, 2.29772041394e-07, 3.07294044433e-07, 1.11905151812e-07, 1.5936556963e-07, 2.45732280746e-07, 2.54909423347e-07, 2.36441550783e-07, 1.91195709931e-07, 1.41172918688e-07, 1.05866035938e-07, 8.40992520068e-09, 1.61069060312e-08, 4.3565737684e-08, 4.36259774972e-08, 2.73725291322e-08, 8.89935680704e-09, 8.01354271829e-09, 8.18197420926e-09, 4.52783099902e-09, 1.76063352786e-09, 1.49346857103e-09, 1.67414770935e-09, 1.27226373881e-09, 9.64574198292e-10, 1.08690423328e-09, 8.96964336139e-10, 4.56162080331e-10],
        "stdev": [0.00176349817775, 0.00339075690135, 0.00119937956333, 0.000544805952813, 0.000415560527472, 0.000670094683301, 0.000584411085583, 0.000937587290537, 0.00112612789962, 0.0019861496985, 0.00104590004776, 0.000104538252344, 0.000219105932047, 0.00025226525031, 0.000155048197485, 0.000132263914566, 6.97149007465e-05, 0.00013342051534, 0.000119706201076, 0.000119726391858, 0.000149212530232, 6.67272033752e-05, 2.298461186e-05, 6.32806631984e-06, 4.69586029794e-06, 9.37095046538e-06, 1.19549913506e-05, 8.65892980073e-06, 3.39184862241e-06, 3.49898141394e-06, 3.80378901355e-06, 3.12151792059e-06, 2.82838072962e-06, 3.24591746903e-06, 3.33348953063e-06, 2.80914355244e-06, 2.85596888716e-06, 2.66291681328e-06, 3.21532093039e-06, 3.11940789288e-06]
    },
    "melbands128": {
        "max": [0.00115326163359, 0.0112559171394, 0.0266733448952, 0.0308694895357, 0.0485739856958, 0.0257574897259, 0.0162395071238, 0.0170946512371, 0.0122287776321, 0.0102228885517, 0.00583240343258, 0.00766253657639, 0.0048428280279, 0.0085729919374, 0.01743292436, 0.00845593307167, 0.00890490505844, 0.0145111680031, 0.00861679576337, 0.0167407132685, 0.0170684494078, 0.0184025987983, 0.0212026573718, 0.0126584563404, 0.0299184545875, 0.0270067602396, 0.0135012399405, 0.0214982628822, 0.00646866299212, 0.00209789420478, 0.00204381369986, 0.00244261440821, 0.00343768717721, 0.00660182768479, 0.00378154614009, 0.00624103657901, 0.00822159647942, 0.00229605077766, 0.00194317754358, 0.00691155483946, 0.00430092448369, 0.00166036363225, 0.00147180911154, 0.00279429648072, 0.0014548873296, 0.00424801371992, 0.00275187101215, 0.00329278828576, 0.00379760330543, 0.00268281879835, 0.00194512098096, 0.00483236089349, 0.0036183593329, 0.00422709994018, 0.00156541785691, 0.000962165475357, 0.00125302537344, 0.000810990051832, 0.000142530814628, 0.000218889326788, 0.000101683428511, 4.77764078823e-05, 7.28939921828e-05, 4.56438247056e-05, 7.35708963475e-05, 0.000169867358636, 0.000185303186299, 0.000224830888328, 0.000143228957313, 0.000179027832928, 0.00017929666501, 6.53437164146e-05, 6.51524751447e-05, 5.27932716068e-05, 3.43048086506e-05, 4.56412017229e-05, 5.37403611816e-05, 5.99472514295e-05, 4.75861743325e-05, 5.75855592615e-05, 4.54576402262e-05, 2.6865507607e-05, 3.73098700948e-05, 4.56238158222e-05, 4.63780706923e-05, 4.06526378356e-05, 4.57880050817e-05, 4.43922472186e-05, 4.70260274597e-05, 3.81438039767e-05, 3.05877329083e-05, 3.62620339729e-05, 3.41703962476e-05, 3.85811617889e-05, 8.20854693302e-05, 5.56711493118e-05, 2.31538888329e-05, 3.36606171913e-05, 4.46407138952e-05, 4.46455960628e-05, 4.74653606943e-05, 8.50170617923e-05, 3.31216469931e-05, 2.79322775896e-05, 2.99156854453e-05, 2.29270463024e-05, 2.51209476119e-05, 1.51061503857e-05, 5.36472362e-05, 7.83092837082e-05, 1.53652017616e-05, 6.04092610956e-06, 2.9492334761e-06, 2.14007582144e-06, 1.64537240721e-07, 4.85472142486e-08, 1.21960805899e-08, 3.35397043472e-09, 3.26796523176e-09, 3.18041371017e-09, 3.11027137379e-09, 3.05811953538e-09, 3.01815283876e-09, 2.97650393222e-09, 2.93472646185e-09, 2.90548807236e-09, 2.88956525374e-09, 2.87265344845e-09],
        "mean": [5.51055090909e-05, 0.000452468724689, 0.00130312668625, 0.00226215552539, 0.00234903628007, 0.00128829292953, 0.000604067870881, 0.000498528417666, 0.000453430664493, 0.00049986486556, 0.000450711551821, 0.000350392889231, 0.00022434622224, 0.000539975939319, 0.000595953781158, 0.000329036585754, 0.000252485246165, 0.000247107964242, 0.000259942462435, 0.000478984613437, 0.000381497113267, 0.0002994419483, 0.000487219542265, 0.000623906729743, 0.00146811944433, 0.00138184148818, 0.000639595789835, 0.00050336815184, 0.00011399169307, 5.83369510423e-05, 3.89205633837e-05, 5.75754165766e-05, 0.000116161209007, 0.000144860954606, 5.61940069019e-05, 8.11841528048e-05, 0.000105786137283, 3.8506641431e-05, 5.49101678189e-05, 7.34385394026e-05, 5.53435711481e-05, 3.50008522219e-05, 2.60293400061e-05, 2.87868788291e-05, 2.9800723496e-05, 5.85393536312e-05, 6.14558230154e-05, 2.79370560747e-05, 3.33708594553e-05, 4.33595851064e-05, 3.79398588848e-05, 4.69077822345e-05, 1.85695971595e-05, 7.81087728683e-05, 4.28922321589e-05, 2.1530826416e-05, 1.13003543447e-05, 1.74784272531e-05, 8.44733949634e-06, 5.91333446209e-06, 5.02371221955e-06, 3.38181848747e-06, 4.25110647484e-06, 4.53471056971e-06, 4.59327247881e-06, 6.61894409859e-06, 1.10709142973e-05, 1.12794314191e-05, 6.22886864221e-06, 9.69390293903e-06, 5.28490681972e-06, 3.24829625242e-06, 3.18746288031e-06, 2.26379665946e-06, 2.46682429861e-06, 2.52896984421e-06, 2.33093328461e-06, 2.21167738346e-06, 2.5857655146e-06, 2.88174533125e-06, 2.58830391431e-06, 2.01730745175e-06, 1.80772542535e-06, 1.66301003901e-06, 1.65905805716e-06, 1.70610155692e-06, 1.80353163159e-06, 2.05678543352e-06, 1.9935673663e-06, 2.08031315196e-06, 1.60167985541e-06, 1.45034130128e-06, 1.32718764689e-06, 1.23125596474e-06, 1.3255749991e-06, 1.21203527215e-06, 1.16739136047e-06, 1.45639569382e-06, 1.75266495717e-06, 1.54856809331e-06, 1.33785874823e-06, 1.21511959605e-06, 1.22654580537e-06, 1.15646707854e-06, 1.27793657612e-06, 1.07362370727e-06, 6.80859557178e-07, 4.77646949548e-07, 1.03498803128e-06, 1.21301764011e-06, 3.67594395811e-07, 1.46086264863e-07, 1.09171240936e-08, 3.8130352209e-09, 5.57693280445e-10, 2.68933708636e-10, 6.01277500012e-11, 7.79122946715e-12, 7.5576741046e-12, 7.35375302319e-12, 7.15755102756e-12, 7.02431602467e-12, 6.90992402186e-12, 6.77896757825e-12, 6.55708777206e-12, 6.26324036038e-12, 6.0964662138e-12, 6.04430915041e-12],
        "min": [2.74914646603e-10, 5.08889641537e-09, 7.40515648801e-09, 5.0272635832e-08, 1.02697626403e-07, 1.57824459279e-07, 8.37131111098e-08, 2.17024776816e-07, 1.91400772565e-06, 3.13766463478e-06, 2.0527593847e-07, 8.55990379023e-07, 1.05299341158e-06, 5.49449737264e-07, 3.18485120943e-07, 3.97110795802e-07, 3.85149661497e-07, 2.31110760751e-07, 7.50073468225e-07, 2.00702487518e-07, 5.29515808978e-08, 5.48413616741e-08, 1.13484233566e-07, 4.43576141151e-07, 1.27834198338e-07, 1.02639916122e-07, 3.82780086738e-07, 1.15667255329e-07, 4.23937258631e-08, 9.8889977096e-08, 1.0396292538e-07, 1.14380753757e-07, 1.21676862364e-07, 5.54538992503e-08, 3.69437564984e-08, 5.97546048198e-08, 6.61956320869e-08, 7.99897748038e-08, 1.01744610959e-07, 1.7546875597e-07, 3.11716021884e-08, 6.27413641041e-08, 5.94167168799e-08, 6.48201066156e-08, 1.18054089171e-07, 1.67838969389e-08, 1.00136176684e-07, 8.53245794019e-08, 1.20498739875e-07, 1.07460166987e-07, 1.01540017283e-07, 2.72485465302e-08, 4.25780832813e-08, 9.84532135817e-08, 9.80660175287e-08, 1.78222219205e-08, 4.13754683848e-08, 7.71108119579e-08, 3.44256392282e-08, 5.57838530924e-09, 3.55746676561e-09, 6.49320375246e-09, 5.43612532766e-09, 1.55897239562e-09, 6.73345734725e-09, 1.34012756448e-08, 1.24644712329e-08, 1.08571320823e-08, 1.28904238395e-08, 2.6790701213e-08, 1.83272561571e-08, 5.2798756478e-09, 3.48165940522e-09, 3.07689651535e-09, 6.12387074383e-09, 6.47185016689e-09, 1.19070919791e-09, 9.67683932984e-10, 8.60613968978e-10, 1.53995885488e-10, 3.73500452788e-10, 4.20135704005e-10, 1.40532996351e-09, 4.39805719621e-10, 1.2112512382e-10, 6.29006569053e-10, 4.48757808691e-10, 1.802549221e-10, 1.99422187097e-10, 6.7910926882e-10, 1.30662300424e-10, 4.40941894109e-10, 8.28010660037e-10, 1.22952675818e-10, 9.30475922006e-12, 3.12389107637e-11, 5.0597672753e-12, 4.74715189033e-12, 2.58392918173e-10, 4.63244512194e-11, 5.33936991842e-11, 2.12904652241e-10, 4.4943451738e-11, 1.14658761652e-10, 1.73529648984e-10, 8.92644812234e-12, 4.19407703012e-11, 1.64841109512e-11, 8.78517636242e-13, 5.5257507554e-13, 2.85766527629e-13, 2.84535361852e-13, 2.21885498256e-13, 2.13062369397e-13, 2.74314018766e-13, 2.69338967362e-13, 2.64442249565e-13, 2.93309240828e-13, 2.50992071094e-13, 2.74235874894e-13, 2.75756251601e-13, 2.56094597568e-13, 2.65018855385e-13, 2.27341230693e-13, 1.93495135821e-13, 7.44484430159e-14, 1.129413996e-14, 3.76109071891e-16],
        "stdev": [0.000106468782178, 0.00108678895049, 0.00268297153525, 0.00408821227029, 0.00490880990401, 0.00257223309018, 0.00140306365211, 0.00146181625314, 0.000927882967517, 0.00071482907515, 0.00055150478147, 0.000542789930478, 0.000411506800447, 0.000986901693977, 0.00110512354877, 0.000648217799608, 0.000595351099037, 0.000921914121136, 0.000793755985796, 0.00147465174086, 0.00123607320711, 0.00107535917778, 0.00183658313472, 0.00150254450273, 0.0033540292643, 0.00324926129542, 0.00151717243716, 0.00180154654663, 0.000441114243586, 0.000119294731121, 9.55473879003e-05, 0.000121336452139, 0.000257857434917, 0.000489524216391, 0.000222171016503, 0.000392822956201, 0.00050121237291, 0.000131219087052, 0.00013311902876, 0.000311298295856, 0.00016844268248, 9.67019368545e-05, 7.51057159505e-05, 0.000139335475978, 9.0514869953e-05, 0.000239894681727, 0.000226982170716, 0.000168464321177, 0.000199510090169, 0.00015726381389, 0.000129203064716, 0.000277609273326, 0.000153232758748, 0.000340191996656, 0.000123832040117, 6.824934826e-05, 5.18621745869e-05, 5.19930399605e-05, 1.41564132718e-05, 1.21447774291e-05, 7.809595445e-06, 5.14845532962e-06, 6.20443643129e-06, 5.57675912205e-06, 6.42426402919e-06, 1.07631940409e-05, 1.91059352801e-05, 2.37127314904e-05, 1.15634011308e-05, 2.10074504139e-05, 1.333567252e-05, 5.44953036297e-06, 5.2553682508e-06, 3.45522062162e-06, 3.68352880287e-06, 4.26245333074e-06, 4.50624747828e-06, 3.80224423679e-06, 4.42618284069e-06, 4.71090561405e-06, 4.13954967371e-06, 3.0925266401e-06, 2.91293440569e-06, 3.02853982248e-06, 3.44763429894e-06, 3.6742960674e-06, 3.29307295033e-06, 3.75749436898e-06, 3.52617189492e-06, 3.93597247239e-06, 3.03366869048e-06, 3.03205729324e-06, 2.73650698546e-06, 2.67161999545e-06, 3.60711305802e-06, 3.23451399709e-06, 2.42597457145e-06, 2.81653956336e-06, 3.75107310902e-06, 3.63951494364e-06, 3.73836383005e-06, 3.59068690159e-06, 2.5503463803e-06, 2.23946199185e-06, 2.53867165156e-06, 2.05146943699e-06, 1.4522862557e-06, 1.13595865514e-06, 3.0415137644e-06, 4.35105948782e-06, 1.08021868073e-06, 4.33074603734e-07, 1.07482428291e-07, 7.02044715695e-08, 5.17214981954e-09, 1.78473613666e-09, 4.56294918516e-10, 8.99204113947e-11, 8.76074768286e-11, 8.52589873701e-11, 8.33746266471e-11, 8.19716655664e-11, 8.08939165653e-11, 7.97750268622e-11, 7.86577608602e-11, 7.78784606248e-11, 7.74526068281e-11, 7.69997329786e-11]
    },
    "mfcc": {
        "mean": [-637.748046875, 120.968452454, 3.49838352203, 6.763235569, -0.71187210083, -1.69526159763, -3.34090399742, -0.959053099155, 1.51027584076, 3.95381569862, -4.60769414902, -4.46961975098, -1.96510326862],
        "cov": [[3679.42358398, -936.193725586, 533.113098145, 29.5000171661, -102.995872498, 33.4444122314, 248.103500366, 435.408172607, 329.444793701, 200.119445801, 284.475463867, 216.964035034, 156.844497681], [-936.193725586, 647.245544434, -92.5228042603, 109.296554565, -30.5256118774, 13.035484314, 42.2675285339, -0.749849259853, -82.1419906616, 1.4266371727, 52.408946991, -2.18806052208, -26.5389175415], [533.113098145, -92.5228042603, 409.034454346, 77.5885620117, 31.1285305023, 31.2690048218, 119.612564087, 187.167770386, 50.6170921326, 12.0282382965, 151.791656494, 89.6372909546, 47.3658752441], [29.5000171661, 109.296554565, 77.5885620117, 236.051742554, 44.0388755798, 33.950214386, 47.4722671509, 91.0674591064, 48.0929298401, 26.8025302887, 61.3302612305, 54.9148101807, 29.2984905243], [-102.995872498, -30.5256118774, 31.1285305023, 44.0388755798, 257.308166504, 20.449180603, -92.5216445923, -46.1918296814, 28.8571510315, -28.7113876343, -45.0284385681, 28.3787994385, 39.8522644043], [33.4444122314, 13.035484314, 31.2690048218, 33.950214386, 20.449180603, 100.132614136, 38.6829490662, 46.072681427, 11.2048387527, -3.48043394089, 26.6415176392, 17.1321735382, 6.97904634476], [248.103500366, 42.2675285339, 119.612564087, 47.4722671509, -92.5216445923, 38.6829490662, 240.199127197, 151.290283203, 36.3506355286, 52.3249397278, 108.520179749, 24.3879547119, 0.424187302589], [435.408172607, -0.749849259853, 187.167770386, 91.0674591064, -46.1918296814, 46.072681427, 151.290283203, 249.926757812, 79.2678375244, 30.5035266876, 134.340332031, 73.0120391846, 23.8106060028], [329.444793701, -82.1419906616, 50.6170921326, 48.0929298401, 28.8571510315, 11.2048387527, 36.3506355286, 79.2678375244, 140.230560303, 59.498790741, 21.3642807007, 17.8992462158, 22.3854885101], [200.119445801, 1.4266371727, 12.0282382965, 26.8025302887, -28.7113876343, -3.48043394089, 52.3249397278, 30.5035266876, 59.498790741, 156.836959839, 52.9431152344, -13.0501699448, -9.37157821655], [284.475463867, 52.408946991, 151.791656494, 61.3302612305, -45.0284385681, 26.6415176392, 108.520179749, 134.340332031, 21.3642807007, 52.9431152344, 181.722946167, 69.3368301392, 10.2288951874], [216.964035034, -2.18806052208, 89.6372909546, 54.9148101807, 28.3787994385, 17.1321735382, 24.3879547119, 73.0120391846, 17.8992462158, -13.0501699448, 69.3368301392, 124.334465027, 58.8033981323], [156.844497681, -26.5389175415, 47.3658752441, 29.2984905243, 39.8522644043, 6.97904634476, 0.424187302589, 23.8106060028, 22.3854885101, -9.37157821655, 10.2288951874, 58.8033981323, 92.0482330322]],
        "icov": [[0.000852558412589, 0.00116964173503, -0.000154983979883, 5.12284241267e-05, 0.000441777752712, 8.38979467517e-05, 1.5219654415e-05, -0.000537078187335, -0.000576081918553, -0.000570316798985, -0.000607677968219, -0.000517939624842, -0.00063036638312], [0.00116964173503, 0.00389731721953, 0.000941395526752, -0.0013335038675, 0.000259459658992, 0.000336552562658, -0.00050205772277, -0.000937424658332, 0.00100102159195, -0.000714846362825, -0.0020640688017, -0.000224791074288, -0.000765608274378], [-0.000154983979883, 0.000941395526752, 0.005405488424, -0.00038281356683, -0.00192654668353, 0.000978029333055, -0.00096134620253, -0.00242375046946, 0.00119844917208, 0.000966640596744, -0.00331763667054, 0.000742940697819, -0.00103183009196], [5.12284241267e-05, -0.0013335038675, -0.00038281356683, 0.00648823054507, -0.00103237247095, -0.000772942730691, 0.000162459298735, -0.00145307753701, -0.00140495726373, -0.000780609727371, 0.000203419142053, -0.0013688361505, -0.000345195207046], [0.000441777752712, 0.000259459658992, -0.00192654668353, -0.00103237247095, 0.00674038147554, -0.00209721084684, 0.00228991010226, 0.00203618244268, -0.00269397022203, 0.000203883348149, 0.00120759254787, -0.00154867046513, -0.0011234418489], [8.38979467517e-05, 0.000336552562658, 0.000978029333055, -0.000772942730691, -0.00209721084684, 0.0120962001383, -0.00188812136184, -0.00198807101697, 0.000685216800775, 0.000956760777626, -0.000993517111056, 0.000404456543038, -6.55074063616e-06], [1.5219654415e-05, -0.00050205772277, -0.00096134620253, 0.000162459298735, 0.00228991010226, -0.00188812136184, 0.00867859460413, -0.00353072723374, 6.59966244712e-05, -0.0014381071087, -0.000925731728785, 0.00134383433033, -0.000620728125796], [-0.000537078187335, -0.000937424658332, -0.00242375046946, -0.00145307753701, 0.00203618244268, -0.00198807101697, -0.00353072723374, 0.0138475308195, -0.00593241723254, 0.00321475439705, -0.00326359644532, -0.00200431095436, 0.00147112179548], [-0.000576081918553, 0.00100102159195, 0.00119844917208, -0.00140495726373, -0.00269397022203, 0.000685216800775, 6.59966244712e-05, -0.00593241723254, 0.0147348567843, -0.00510662933812, 0.00310694891959, 0.00101939600427, -0.00135043112095], [-0.000570316798985, -0.000714846362825, 0.000966640596744, -0.000780609727371, 0.000203883348149, 0.000956760777626, -0.0014381071087, 0.00321475439705, -0.00510662933812, 0.0109877213836, -0.00494974805042, 0.00335368700325, 0.000299146835459], [-0.000607677968219, -0.0020640688017, -0.00331763667054, 0.000203419142053, 0.00120759254787, -0.000993517111056, -0.000925731728785, -0.00326359644532, 0.00310694891959, -0.00494974805042, 0.0165656078607, -0.00663143629208, 0.00361974001862], [-0.000517939624842, -0.000224791074288, 0.000742940697819, -0.0013688361505, -0.00154867046513, 0.000404456543038, 0.00134383433033, -0.00200431095436, 0.00101939600427, 0.00335368700325, -0.00663143629208, 0.0183079186827, -0.00884201284498], [-0.00063036638312, -0.000765608274378, -0.00103183009196, -0.000345195207046, -0.0011234418489, -6.55074063616e-06, -0.000620728125796, 0.00147112179548, -0.00135043112095, 0.000299146835459, 0.00361974001862, -0.00884201284498, 0.0180724672973]]
    },
    "spectral_contrast_coeffs": {
        "max": [-0.49057841301, -0.468672841787, -0.461100906134, -0.526577532291, -0.601721823215, -0.596322536469],
        "mean": [-0.699954628944, -0.705399096012, -0.725240767002, -0.771430075169, -0.779352128506, -0.760780692101],
        "min": [-0.883814275265, -0.880126655102, -0.904459476471, -0.880107879639, -0.864278018475, -0.874978899956],
        "stdev": [0.0637261867523, 0.0780151262879, 0.0800888091326, 0.0570803433657, 0.0448685958982, 0.0355008468032]
    },
    "spectral_contrast_valleys": {
        "max": [-5.19703245163, -4.64728450775, -5.48992300034, -6.23058986664, -6.15982246399, -7.7508392334],
        "mean": [-6.79852437973, -6.6355214119, -7.36410570145, -7.65684652328, -7.79623508453, -10.2999286652],
        "min": [-10.1021652222, -8.57274055481, -9.23158073425, -9.16629123688, -9.60746574402, -13.4218626022],
        "stdev": [0.806509017944, 0.593342781067, 0.614503800869, 0.481565088034, 0.707306981087, 1.08137571812]
    }
},
"rhythm": {
    "beats_count": 44,
    "beats_loudness": {
        "max": 0.110604636371,
        "mean": 0.034989554435,
        "min": 0.00301199941896,
        "stdev": 0.0241818632931
    },
    "bpm": 82.573928833,
    "bpm_histogram_first_peak_bpm": 83,
    "bpm_histogram_first_peak_weight": 0.174999952316,
    "bpm_histogram_second_peak_bpm": 78,
    "bpm_histogram_second_peak_spread": 0,
    "bpm_histogram_second_peak_weight": 0.0697674453259,
    "danceability": 0.990598857403,
    "onset_rate": 3.50683569908,
    "beats_loudness_band_ratio": {
        "max": [0.912925362587, 0.800055623055, 0.847115755081, 0.382797420025, 0.425039410591, 0.147417783737],
        "mean": [0.228244259953, 0.202236220241, 0.389559000731, 0.0901452824473, 0.0885854437947, 0.0448381565511],
        "min": [0.0177818350494, 0.0169378593564, 0.0293344967067, 0.00985113810748, 0.00540396058932, 0.00342843169346],
        "stdev": [0.219296574593, 0.173651143909, 0.217972308397, 0.0819886699319, 0.108795702457, 0.0371458493173]
    },
    "beats_position": [0.754648506641, 1.50929701328, 2.27555561066, 3.01859402657, 3.7732424736, 4.52789115906, 5.2941493988, 6.06040811539, 6.79183673859, 7.52326536179, 8.25469398499, 8.98612213135, 9.70594120026, 10.4257593155, 11.1455783844, 11.8653964996, 12.5968255997, 13.328253746, 14.0480718613, 14.7678909302, 15.4877090454, 16.2075271606, 16.9273471832, 17.6471652985, 18.3785934448, 19.1100215912, 19.8182315826, 20.5264396667, 21.246257782, 21.9544658661, 22.6858959198, 23.4173240662, 24.1487522125, 24.8801803589, 25.6000003815, 26.3314285278, 27.0512466431, 27.7710647583, 28.4908847809, 29.2223129272, 29.9421310425, 30.6619491577, 31.3933773041, 32.1248054504],
