{
"metadata": {
    "version": {
        "essentia": "2.1-beta5",
        "essentia_git_sha": "Undefined",
        "extractor": "music 2.0"
    },
    "audio_properties": {
        "analysis": {
            "equal_loudness": 0,
            "length": 29.0017242432,
            "sample_rate": 44100,
            "start_time": 0,
            "downmix": "mix"
        },
        "bit_rate": 192000,
        "length": 194.850250244,
        "lossless": 0,
        "number_channels": 2,
        "replay_gain": 3.60579109192,
        "sample_rate": 48000,
        "codec": "mp3",
        "md5_encoded": "dfdbc7c170525cc3064cac2535843586"
    },
    "tags": {
        "file_name": "Albania_Fairytale_Eneda Tarifa.mp3",
        "encoding": ["Lavf58.29.100"]
    }
},
"lowlevel": {
    "average_loudness": 0.620920956135,
    "barkbands_crest": {
        "max": 23.2333812714,
        "mean": 10.1314840317,
        "min": 3.0905354023,
        "stdev": 4.48824930191
    },
    "barkbands_flatness_db": {
        "max": 0.345567971468,
        "mean": 0.176512151957,
        "min": 0.055171277374,
        "stdev": 0.058130633086
    },
    "barkbands_kurtosis": {
        "max": 107.776268005,
        "mean": 6.58506584167,
        "min": -1.82838463783,
        "stdev": 10.1022996902
    },
    "barkbands_skewness": {
        "max": 7.7866897583,
        "mean": 1.73225331306,
        "min": -2.11784148216,
        "stdev": 1.35541534424
    },
    "barkbands_spread": {
        "max": 69.8827209473,
        "mean": 13.336060524,
        "min": 1.07223403454,
        "stdev": 10.533823967
    },
    "dissonance": {
        "max": 0.499878555536,
        "mean": 0.451348572969,
        "min": 0.314164161682,
        "stdev": 0.0376287437975
    },
    "dynamic_complexity": 5.86734580994,
    "erbbands_crest": {
        "max": 29.7139396667,
        "mean": 10.1601696014,
        "min": 3.01480150223,
        "stdev": 4.70992279053
    },
    "erbbands_flatness_db": {
        "max": 0.321350485086,
        "mean": 0.21031203866,
        "min": 0.0441320501268,
        "stdev": 0.0529462471604
    },
    "erbbands_kurtosis": {
        "max": 22.5502872467,
        "mean": 1.71300840378,
        "min": -1.7718091011,
        "stdev": 2.77615976334
    },
    "erbbands_skewness": {
        "max": 3.83161568642,
        "mean": 0.805271327496,
        "min": -2.09240245819,
        "stdev": 0.726628482342
    },
    "erbbands_spread": {
        "max": 108.277732849,
        "mean": 24.5657806396,
        "min": 4.56739807129,
        "stdev": 14.2418260574
    },
    "hfc": {
        "max": 127.290550232,
        "mean": 11.5983200073,
        "min": 1.24044666403e-16,
        "stdev": 14.9901485443
    },
    "loudness_ebu128": {
        "integrated": -27.8253993988,
        "loudness_range": 10.7537479401,
        "momentary": {
            "max": -21.5936908722,
            "mean": -30.8157176971,
            "min": -52.8532028198,
            "stdev": 6.42776489258
        },
        "short_term": {
            "max": -24.6961460114,
            "mean": -29.7024173737,
            "min": -45.0011901855,
            "stdev": 4.33115243912
        }
    },
    "melbands_crest": {
        "max": 33.7675552368,
        "mean": 13.2170686722,
        "min": 2.01068735123,
        "stdev": 5.85073375702
    },
    "melbands_flatness_db": {
        "max": 0.419067978859,
        "mean": 0.223601922393,
        "min": 0.00563401915133,
        "stdev": 0.075244627893
    },
    "melbands_kurtosis": {
        "max": 110.836624146,
        "mean": 10.2170724869,
        "min": -1.43850469589,
        "stdev": 14.1560335159
    },
    "melbands_skewness": {
        "max": 8.63314723969,
        "mean": 2.05519318581,
        "min": -1.30300402641,
        "stdev": 1.46078109741
    },
    "melbands_spread": {
        "max": 163.71434021,
        "mean": 17.2006282806,
        "min": 1.23733305931,
        "stdev": 15.1267080307
    },
    "pitch_salience": {
        "max": 0.867967605591,
        "mean": 0.612491071224,
        "min": 0.185544356704,
        "stdev": 0.127776652575
    },
    "silence_rate_20dB": {
        "max": 1,
        "mean": 1,
        "min": 1,
        "stdev": 0
    },
    "silence_rate_30dB": {
        "max": 1,
        "mean": 0.995199978352,
        "min": 0,
        "stdev": 0.069114677608
    },
    "silence_rate_60dB": {
        "max": 1,
        "mean": 0.225600004196,
        "min": 0,
        "stdev": 0.417972207069
    },
    "spectral_centroid": {
        "max": 10717.8720703,
        "mean": 986.299621582,
        "min": 230.749221802,
        "stdev": 589.921203613
    },
    "spectral_complexity": {
        "max": 39,
        "mean": 11.8760004044,
        "min": 0,
        "stdev": 7.17224407196
    },
    "spectral_decrease": {
        "max": 4.12667143439e-29,
        "mean": -4.45410242023e-09,
        "min": -4.84850595228e-08,
        "stdev": 5.54606893743e-09
    },
    "spectral_energy": {
        "max": 0.18679729104,
        "mean": 0.017862804234,
        "min": 1.10954630791e-20,
        "stdev": 0.0218546055257
    },
    "spectral_energyband_high": {
        "max": 0.01375382673,
        "mean": 0.000236107924138,
        "min": 8.10327776925e-21,
        "stdev": 0.000779859605245
    },
    "spectral_energyband_low": {
        "max": 0.162100151181,
        "mean": 0.00266111269593,
        "min": 5.40007475149e-23,
        "stdev": 0.0124029861763
    },
    "spectral_energyband_middle_high": {
        "max": 0.0541367940605,
        "mean": 0.00347285834141,
        "min": 1.62276114856e-21,
        "stdev": 0.00648605963215
    },
    "spectral_energyband_middle_low": {
        "max": 0.099869042635,
        "mean": 0.012065641582,
        "min": 3.0729209447e-22,
        "stdev": 0.0161983221769
    },
    "spectral_entropy": {
        "max": 9.7989397049,
        "mean": 7.25930309296,
        "min": 5.81828737259,
        "stdev": 0.52614235878
    },
    "spectral_flux": {
        "max": 0.331910133362,
        "mean": 0.0555264763534,
        "min": 1.05335004608e-10,
        "stdev": 0.042032148689
    },
    "spectral_kurtosis": {
        "max": 37.9438018799,
        "mean": 8.94141864777,
        "min": -1.16356229782,
        "stdev": 5.93354892731
    },
    "spectral_rms": {
        "max": 0.0134996762499,
        "mean": 0.00348655506968,
        "min": 3.29011275689e-12,
        "stdev": 0.00229588034563
    },
    "spectral_rolloff": {
        "max": 18583.1542969,
        "mean": 1248.39465332,
        "min": 64.599609375,
        "stdev": 1349.56799316
    },
    "spectral_skewness": {
        "max": 4.46303319931,
        "mean": 2.25568842888,
        "min": -0.0263168569654,
        "stdev": 0.63325214386
    },
    "spectral_spread": {
        "max": 40347700,
        "mean": 3783435,
        "min": 1522842.875,
        "stdev": 1951561.375
    },
    "spectral_strongpeak": {
        "max": 7.1184220314,
        "mean": 0.964591801167,
        "min": 0,
        "stdev": 1.12702810764
    },
    "zerocrossingrate": {
        "max": 0.671875,
        "mean": 0.0521363280714,
        "min": 0.0029296875,
        "stdev": 0.0420551709831
    },
    "barkbands": {
        "max": [0.0238565281034, 0.150634929538, 0.0373816080391, 0.0405479259789, 0.0591074377298, 0.0669067054987, 0.0728107839823, 0.0632007494569, 0.0576951280236, 0.0533964894712, 0.024396462366, 0.0148447677493, 0.00598717667162, 0.0126672824845, 0.0149163519964, 0.0206407550722, 0.00708653731272, 0.00588237820193, 0.00538636138663, 0.00150110502727, 0.00195591989905, 0.0118172075599, 0.00367940613069, 0.00341096916236, 0.0031173301395, 0.000258958549239, 1.34663841891e-05],
        "mean": [0.000290073337965, 0.00194541737437, 0.000269992015092, 0.000767251534853, 0.00341128814034, 0.00149905693252, 0.00223921262659, 0.00185899063945, 0.00146642059553, 0.00139010930434, 0.000487843120936, 0.000368877692381, 0.000236827676417, 0.000423739664257, 0.000337561388733, 0.000287752802251, 0.000172989588464, 9.86686936812e-05, 5.80499363423e-05, 3.78467957489e-05, 3.86007632187e-05, 5.11595717398e-05, 2.76691735053e-05, 4.14765090682e-05, 4.7952249588e-05, 7.94218340161e-06, 4.71412953118e-08],
        "min": [8.68797048494e-24, 3.14781123385e-23, 1.15090956431e-23, 2.10712951938e-23, 5.55488144662e-23, 5.17755286734e-23, 4.58233143972e-23, 1.74830256823e-23, 8.25101427642e-23, 1.29560533455e-22, 4.9193653195e-23, 1.48928936701e-22, 5.96355557173e-23, 8.02345567317e-23, 1.62275869994e-22, 1.10515411719e-22, 2.27846783607e-22, 2.61328312344e-22, 2.9431761712e-22, 2.32133390658e-22, 5.07227464638e-22, 5.2819162621e-22, 7.15584385663e-22, 7.29537403945e-22, 1.2829472346e-21, 1.8878951531e-21, 2.5621273239e-21],
        "stdev": [0.00169035047293, 0.0100413197652, 0.00152208539657, 0.00274491147138, 0.00599484192207, 0.00314512941986, 0.00636383611709, 0.0058206631802, 0.00444888090715, 0.0036911838688, 0.00143090460915, 0.00116868421901, 0.000540726643521, 0.00112228165381, 0.000991728855297, 0.00102164340205, 0.000523646769579, 0.00032482977258, 0.000185998302186, 9.0826957603e-05, 0.000106948908069, 0.000372983602574, 0.000153478220454, 0.000169293882209, 0.000167589081684, 2.32676084124e-05, 5.43922340057e-07]
    },
    "erbbands": {
        "max": [6.34325742722, 35.2959480286, 69.0801696777, 52.2297554016, 260.987091064, 147.651763916, 492.612823486, 299.352020264, 942.061218262, 897.270019531, 1682.96594238, 1830.38977051, 1971.27612305, 546.09954834, 1112.83813477, 682.110656738, 274.36151123, 738.033996582, 726.222351074, 596.675537109, 943.795837402, 361.412963867, 206.38633728, 318.85055542, 256.691314697, 67.7892608643, 43.9554710388, 134.579574585, 546.5390625, 154.190338135, 99.9612426758, 98.7640762329, 46.341053009, 48.4974594116, 21.7044849396, 1.97793400288, 0.521671950817, 0.100229762495, 0.00176320050377, 0.000212436614675],
        "mean": [0.0828284099698, 0.327110141516, 0.386144429445, 1.35465753078, 8.14583778381, 9.45112037659, 14.8342075348, 10.7679271698, 29.7097320557, 38.5559768677, 32.9248695374, 39.1591873169, 49.7521743774, 24.9498443604, 21.0087833405, 15.8326940536, 11.4792098999, 20.6597805023, 21.2146663666, 14.2739782333, 15.9857120514, 8.71422767639, 5.73208856583, 4.46526384354, 2.05025672913, 1.84169316292, 1.7388613224, 1.47185266018, 1.97751939297, 1.15507006645, 0.769502401352, 0.765657186508, 0.740761458874, 0.571981072426, 0.31498247385, 0.0686818361282, 0.00875206198543, 0.000796323118266, 2.9682445529e-05, 2.23960614676e-05],
        "min": [6.59501247307e-22, 7.82866430719e-21, 1.58445040774e-20, 4.07414239781e-20, 7.5781150155e-20, 1.37157001641e-19, 5.10462048198e-19, 4.32329281723e-19, 7.92944951168e-19, 4.08301882127e-19, 4.02649937947e-19, 1.80537814197e-18, 3.99390799804e-18, 2.84190906858e-18, 4.80036690907e-18, 3.27362331567e-18, 2.24852319795e-18, 3.81323438147e-18, 6.4708163835e-18, 9.42298097631e-18, 7.17042920199e-18, 1.35248703723e-17, 1.40984762865e-17, 1.36883270516e-17, 1.48505902585e-17, 1.11220695115e-17, 1.85501108804e-17, 1.81456824266e-17, 1.87558158095e-17, 2.05285349997e-17, 2.21348122158e-17, 1.52494749478e-17, 1.21469223022e-17, 1.13169995859e-17, 1.11291170903e-17, 6.15209666245e-18, 4.24696984438e-18, 1.24513450336e-18, 3.85822680294e-19, 3.70286173363e-20],
        "stdev": [0.451437920332, 1.81072962284, 2.34082388878, 4.14374637604, 23.1879005432, 15.3448572159, 33.7957458496, 20.9274749756, 80.199760437, 100.709724426, 101.570091248, 122.823753357, 132.242218018, 65.6941452026, 59.0520629883, 51.6145706177, 26.0097942352, 53.9918823242, 54.2442398071, 46.3095283508, 55.0637245178, 27.388551712, 17.5962085724, 12.6976566315, 7.93431663513, 4.43884706497, 4.18317985535, 5.70538806915, 16.6106758118, 6.51319932938, 4.31352233887, 3.71585917473, 2.79852461815, 2.36775875092, 1.0029156208, 0.186846360564, 0.0296115502715, 0.00528657995164, 9.80421973509e-05, 2.56311886915e-05]
    },
    "gfcc": {
        "mean": [-84.1902389526, 104.909240723, -143.149749756, -3.14953994751, -76.8862609863, 4.97116279602, -60.0254669189, 6.26826190948, -29.1037254333, -5.37072515488, -20.3253383636, -9.59938240051, -1.71323943138],
        "cov": [[9500.38378906, -663.735778809, 351.571533203, 205.888244629, -335.809020996, 241.519790649, -269.915222168, 208.913085938, -222.844604492, 276.331756592, -215.175811768, 45.1246109009, 40.7790527344], [-663.735778809, 1476.8416748, 111.002029419, -130.661697388, 279.64276123, -425.193511963, -12.0939884186, -179.440567017, 60.2591056824, -222.53175354, 144.978424072, -125.07509613, 152.870498657], [351.571533203, 111.002029419, 945.35559082, 257.035705566, 239.199935913, 170.993133545, -19.1885166168, 83.4560699463, 11.4860610962, 16.4025917053, -38.4088783264, 101.568405151, -30.0798053741], [205.888244629, -130.661697388, 257.035705566, 537.795959473, 282.100341797, 334.367095947, 199.250991821, 131.922515869, 128.558044434, 45.3007316589, -17.0719490051, 93.0865402222, -43.4598999023], [-335.809020996, 279.64276123, 239.199935913, 282.100341797, 527.653564453, 218.026428223, 199.057540894, 105.795173645, 96.7588653564, 31.661026001, 40.9372444153, 63.1487007141, -22.5668544769], [241.519790649, -425.193511963, 170.993133545, 334.367095947, 218.026428223, 583.926391602, 263.354949951, 197.655288696, 76.7561721802, 132.06703186, -31.3604030609, 105.577690125, -89.5115356445], [-269.915222168, -12.0939884186, -19.1885166168, 199.250991821, 199.057540894, 263.354949951, 321.507537842, 91.9517669678, 84.4737319946, 70.8877487183, 13.7522563934, 57.6378211975, -25.9141616821], [208.913085938, -179.440567017, 83.4560699463, 131.922515869, 105.795173645, 197.655288696, 91.9517669678, 165.048919678, 52.4161491394, 64.6324157715, -17.4506340027, 35.6464881897, -32.2395973206], [-222.844604492, 60.2591056824, 11.4860610962, 128.558044434, 96.7588653564, 76.7561721802, 84.4737319946, 52.4161491394, 149.395217896, 6.12691926956, 14.3417034149, 24.8338069916, -14.6357479095], [276.331756592, -222.53175354, 16.4025917053, 45.3007316589, 31.661026001, 132.06703186, 70.8877487183, 64.6324157715, 6.12691926956, 127.344863892, -3.78861522675, 39.7140846252, -25.0323753357], [-215.175811768, 144.978424072, -38.4088783264, -17.0719490051, 40.9372444153, -31.3604030609, 13.7522563934, -17.4506340027, 14.3417034149, -3.78861522675, 87.5257568359, -7.02902030945, 21.7608146667], [45.1246109009, -125.07509613, 101.568405151, 93.0865402222, 63.1487007141, 105.577690125, 57.6378211975, 35.6464881897, 24.8338069916, 39.7140846252, -7.02902030945, 112.834465027, -13.4928131104], [40.7790527344, 152.870498657, -30.0798053741, -43.4598999023, -22.5668544769, -89.5115356445, -25.9141616821, -32.2395973206, -14.6357479095, -25.0323753357, 21.7608146667, -13.4928131104, 98.3299789429]],
        "icov": [[0.000158438269864, -0.000224848627113, 6.28730631433e-05, -0.000271317287115, 0.000266706192633, -0.000139507479616, 0.000370529975044, -0.000292739830911, 0.000346764078131, -0.000616242061369, 0.000374020746676, -0.000107014238893, -8.3665981947e-05], [-0.000224848627113, 0.00339187751524, -0.0011342514772, 0.0015130515676, -0.00255179172382, 0.00186663749628, -0.00241201370955, 0.00200891937129, -0.00213072192855, 0.00383608229458, -0.00247083511204, 0.00260836677626, -0.00215748697519], [6.28730631433e-05, -0.0011342514772, 0.0019729307387, -0.00104009604547, 0.000107533611299, -0.000816585146822, 0.00189682876226, -0.000898509111721, 0.00119306507986, -0.00106556771789, 0.00130162131973, -0.00190125487279, 0.000725137302652], [-0.000271317287115, 0.0015130515676, -0.00104009604547, 0.0051389974542, -0.00216319598258, -0.000733411230613, -0.00176918343641, 0.00115278270096, -0.00324556953274, 0.00303693860769, -0.000399920885684, 0.000407211802667, -0.00110456568655], [0.000266706192633, -0.00255179172382, 0.000107533611299, -0.00216319598258, 0.00555646466091, -0.00113797816448, 0.000324217573507, -0.00259607541375, 0.00158637273125, -0.00248473510146, -2.40110421146e-05, -0.00190415768884, 0.00175454234704], [-0.000139507479616, 0.00186663749628, -0.000816585146822, -0.000733411230613, -0.00113797816448, 0.00643792515621, -0.00376123818569, -0.00197829608805, 9.26324937609e-05, 0.000667634827551, -0.00110882334411, 0.000422868208261, 0.0010285822209], [0.000370529975044, -0.00241201370955, 0.00189682876226, -0.00176918343641, 0.000324217573507, -0.00376123818569, 0.0089631062001, -0.000909436435904, 0.000307619542582, -0.00451204553246, 0.00179885141551, -0.00235657463782, 0.000284665904474], [-0.000292739830911, 0.00200891937129, -0.000898509111721, 0.00115278270096, -0.00259607541375, -0.00197829608805, -0.000909436435904, 0.0134896617383, -0.00430531008169, -0.000730616215151, 0.00039328346611, 0.00275649665855, -0.00151623506099], [0.000346764078131, -0.00213072192855, 0.00119306507986, -0.00324556953274, 0.00158637273125, 9.26324937609e-05, 0.000307619542582, -0.00430531008169, 0.0117431357503, -0.00127417850308, -0.000101667566923, -0.00253399810754, 0.00231542484835], [-0.000616242061369, 0.00383608229458, -0.00106556771789, 0.00303693860769, -0.00248473510146, 0.000667634827551, -0.00451204553246, -0.000730616215151, -0.00127417850308, 0.0175325386226, -0.00461705168709, -1.85815952136e-05, -0.000790204037912], [0.000374020746676, -0.00247083511204, 0.00130162131973, -0.000399920885684, -2.40110421146e-05, -0.00110882334411, 0.00179885141551, 0.00039328346611, -0.000101667566923, -0.00461705168709, 0.0164312049747, -0.00123072136194, -0.00149992713705], [-0.000107014238893, 0.00260836677626, -0.00190125487279, 0.000407211802667, -0.00190415768884, 0.000422868208261, -0.00235657463782, 0.00275649665855, -0.00253399810754, -1.85815952136e-05, -0.00123072136194, 0.0143855828792, -0.00231728493236], [-8.3665981947e-05, -0.00215748697519, 0.000725137302652, -0.00110456568655, 0.00175454234704, 0.0010285822209, 0.000284665904474, -0.00151623506099, 0.00231542484835, -0.000790204037912, -0.00149992713705, -0.00231728493236, 0.0143666705117]]
    },
    "melbands": {
        "max": [0.0434423908591, 0.0403073094785, 0.0164282079786, 0.014895632863, 0.012988419272, 0.00838716607541, 0.0154842399061, 0.0110594779253, 0.0126618780196, 0.0112855853513, 0.00999857764691, 0.00226306892, 0.00379808410071, 0.00207050982863, 0.000638678728137, 0.000634361698758, 0.00160998420324, 0.00126760778949, 0.00125171244144, 0.00124327291269, 0.00101596477907, 0.000437364156824, 0.000302027008729, 0.000303872628137, 0.000229266835959, 0.000320022081723, 2.49509903369e-05, 6.45929612801e-05, 3.29359172611e-05, 4.50218212791e-05, 9.85825099633e-05, 0.000282627646811, 0.00025755862589, 4.59170005342e-05, 4.98060144309e-05, 8.111562056e-05, 5.2816587413e-05, 4.21242693847e-05, 3.5010951251e-05, 4.53427637694e-05],
        "mean": [0.00063673988916, 0.000270568620181, 0.000448011967819, 0.000654911389574, 0.000505219213665, 0.000263220426859, 0.000466777506517, 0.000436782545876, 0.000244963390287, 0.000245132454438, 0.000241801812081, 9.84039288596e-05, 6.42114755465e-05, 5.40906294191e-05, 2.54387341556e-05, 2.54585684161e-05, 4.06596409448e-05, 3.52332281182e-05, 2.12215218198e-05, 1.95415741473e-05, 1.83897591342e-05, 9.52896971285e-06, 5.88948842051e-06, 4.69364158562e-06, 3.59706768904e-06, 1.70325427007e-06, 1.13918497391e-06, 1.2251221051e-06, 1.17210083772e-06, 8.1559045384e-07, 8.72844111655e-07, 1.13317355499e-06, 9.43510883644e-07, 5.36604090939e-07, 4.48212830406e-07, 4.17928106344e-07, 4.85002033201e-07, 5.03742626279e-07, 5.31395414782e-07, 4.72330526691e-07],
        "min": [7.82273601118e-24, 9.30280315244e-24, 8.42874921376e-24, 6.8731431188e-24, 1.64285347999e-23, 1.0587069495e-23, 1.07652147978e-23, 4.14972035595e-24, 3.18817444592e-24, 1.29140845254e-23, 2.07909561162e-23, 1.27886319756e-23, 1.22224665039e-23, 1.87720701554e-23, 2.41596225289e-24, 6.43791475232e-24, 7.25166619126e-24, 9.65276867127e-24, 1.26749287202e-23, 8.98879154709e-24, 8.61270211053e-24, 1.69635181777e-23, 8.58148294021e-24, 1.45511199984e-23, 1.05776820502e-23, 1.09291968919e-23, 9.80563729293e-24, 6.25370310918e-24, 1.03359900572e-23, 1.37095190085e-23, 9.2044676963e-24, 1.05844149781e-23, 1.07853694051e-23, 1.17887231681e-23, 1.29658953319e-23, 1.05101358352e-23, 8.6552240799e-24, 9.91479907613e-24, 6.00207146877e-24, 1.04208849013e-23],
        "stdev": [0.00328174070455, 0.00152564328164, 0.00126123265363, 0.00138381670695, 0.00103324220981, 0.000532875303179, 0.00128128146753, 0.00117519299965, 0.000769214879256, 0.000771844468545, 0.000666343665216, 0.000272208737442, 0.000183724710951, 0.000161750329426, 6.45095351501e-05, 6.00384846621e-05, 0.000109947206511, 8.95328266779e-05, 7.00538003002e-05, 6.41687292955e-05, 6.45405671094e-05, 3.05790708808e-05, 1.89749662241e-05, 1.54722783918e-05, 9.91744582279e-06, 9.41374128161e-06, 2.39449968831e-06, 3.35127265316e-06, 3.03548290503e-06, 2.26846100304e-06, 3.8686453081e-06, 8.79757499206e-06, 7.98305336502e-06, 2.72787747235e-06, 2.64972072728e-06, 2.5862241273e-06, 2.24036489271e-06, 2.08156552617e-06, 1.96337623493e-06, 2.15539648707e-06]
    },
    "melbands128": {
        "max": [0.0218865107745, 0.0626781284809, 0.068267211318, 0.072933614254, 0.0518510043621, 0.0152290444821, 0.0118345022202, 0.0294462237507, 0.036536604166, 0.0252590607852, 0.00693818600848, 0.0100443959236, 0.0178912263364, 0.0289353150874, 0.00467455759645, 0.0122413672507, 0.0165335293859, 0.0275288261473, 0.0227571632713, 0.0142869101837, 0.0189043562859, 0.0211262740195, 0.0235987305641, 0.0170224569738, 0.0206415709108, 0.0114966612309, 0.00576943252236, 0.0201061666012, 0.00584458792582, 0.00390862626955, 0.00411913078278, 0.00362305413, 0.00626142136753, 0.0054728044197, 0.00428155483678, 0.00459219189361, 0.00222184346057, 0.000800913840067, 0.00111925334204, 0.000905951892491, 0.000998973846436, 0.00138747994788, 0.003181099426, 0.00228209421039, 0.00169653585181, 0.00166670896579, 0.00125967967324, 0.00225337478332, 0.00139092071913, 0.0012908084318, 0.00165855383966, 0.00132386549376, 0.00157695275266, 0.000966325111222, 0.00115501659457, 0.000369606306776, 0.000373848772142, 0.000357814104063, 0.000380688637961, 0.000217770822928, 0.000276832724921, 0.000546982570086, 0.00034395486, 0.000143843295518, 0.00011914078641, 0.00067010166822, 0.00013410297106, 2.76228893199e-05, 2.73986352113e-05, 5.69611074752e-05, 3.59680270776e-05, 0.000147514496348, 5.40502660442e-05, 6.25995453447e-05, 2.73988225672e-05, 7.27075967006e-05, 4.22164703195e-05, 9.25228669075e-05, 0.000109517859528, 0.000112883084512, 0.000106822764792, 0.0004469997657, 0.000604980799835, 0.000163522301591, 6.39521604171e-05, 8.42709268909e-05, 4.56403504359e-05, 5.45865841559e-05, 5.7516113884e-05, 4.70093727927e-05, 8.08736513136e-05, 9.84052603599e-05, 6.38386627543e-05, 3.44097788911e-05, 6.63544269628e-05, 6.01748979534e-05, 3.73258480977e-05, 4.33554996562e-05, 3.83738479286e-05, 4.64634213131e-05, 4.80278758914e-05, 5.14074054081e-05, 4.28313869634e-05, 4.05897626479e-05, 3.28214009642e-05, 1.37017150337e-05, 6.15605586063e-06, 5.60969056096e-06, 4.7232997531e-06, 3.58183024218e-06, 2.2367157726e-06, 2.12655459109e-06, 1.39060603033e-06, 3.13360283144e-06, 1.51820745486e-06, 1.76157800524e-06, 3.57034451781e-07, 1.23502079674e-08, 1.20041301344e-08, 1.17399370225e-08, 1.13630909127e-08, 1.35116380306e-08, 1.094848745e-08, 1.06226041297e-08, 1.0440913023e-08, 1.04301092207e-08, 1.03413064778e-08, 1.02811217317e-08],
        "mean": [0.000249794917181, 0.000753481290303, 0.000777866283897, 0.000466000376036, 0.000223655297305, 0.000121085795399, 0.000170969695318, 0.000492142396979, 0.000982654513791, 0.000662857433781, 0.000423858175054, 0.00062871928094, 0.000626559660304, 0.000227889919188, 0.000146920137922, 0.000338916288456, 0.000440181931481, 0.000520726374816, 0.000491164333653, 0.000385521620046, 0.000489926431328, 0.000324465712765, 0.000200784008484, 0.000153168773977, 0.000295574747724, 0.000250145472819, 0.000203562929528, 0.000358054297976, 0.000134091606014, 0.000114755835966, 9.1882313427e-05, 5.04678791913e-05, 5.34669707122e-05, 9.48405286181e-05, 4.17407645728e-05, 6.15646567894e-05, 3.7964884541e-05, 1.44189389175e-05, 2.56592993537e-05, 2.53297985182e-05, 2.27430646191e-05, 2.83260560536e-05, 4.26634069299e-05, 5.03518567712e-05, 3.19016435242e-05, 3.66817039321e-05, 3.41826089425e-05, 1.94566309801e-05, 1.65399305843e-05, 1.74110409716e-05, 2.19786124944e-05, 1.73078806256e-05, 2.31302310567e-05, 1.67630350916e-05, 1.3699163901e-05, 7.79164929554e-06, 7.00906502971e-06, 6.98009262123e-06, 4.98866347698e-06, 4.80936068925e-06, 5.17235093866e-06, 3.89846582038e-06, 4.70901295557e-06, 3.49142101186e-06, 1.72012471467e-06, 2.14697865886e-06, 1.14890360692e-06, 1.14980855415e-06, 1.09977827378e-06, 1.21183632018e-06, 1.24299708659e-06, 1.28885051254e-06, 1.08667904897e-06, 1.3175155118e-06, 9.99217036224e-07, 8.24602295779e-07, 7.21723381503e-07, 7.61988644626e-07, 8.95734899586e-07, 9.61446971814e-07, 1.03889647107e-06, 1.20344975585e-06, 1.39554106227e-06, 8.55974860769e-07, 6.6721162284e-07, 5.76485717829e-07, 4.57235984186e-07, 5.15891997566e-07, 4.80845358197e-07, 3.70863176613e-07, 3.79944395945e-07, 4.35462027326e-07, 4.67175254926e-07, 4.65471998723e-07, 5.37737321338e-07, 4.78075662613e-07, 4.7443691642e-07, 5.59497493668e-07, 5.42273141946e-07, 5.43311443835e-07, 4.53616621598e-07, 4.52902810366e-07, 4.73459749628e-07, 5.18464105426e-07, 3.58496691888e-07, 2.96856001114e-07, 1.91492915746e-07, 1.40636231549e-07, 1.03714214106e-07, 7.13072694225e-08, 5.11017574922e-08, 3.78389373168e-08, 1.17292140445e-08, 1.09984803487e-08, 1.19696199619e-08, 1.0954924079e-08, 1.5773561346e-09, 2.74215667534e-11, 2.84166787323e-11, 1.57675140305e-11, 1.65327231072e-11, 2.6754997523e-11, 2.34597653803e-11, 1.3685204879e-11, 1.21540165085e-11, 1.1171385865e-11, 1.05881319337e-11, 1.04579036403e-11],
        "min": [2.46533942353e-24, 3.97405602072e-24, 1.06348184567e-23, 1.41325062259e-23, 9.54602632446e-24, 5.11634751629e-24, 7.40428158856e-24, 1.16845580299e-23, 6.82673916491e-24, 5.25143481871e-24, 4.0808744926e-24, 2.08477036143e-23, 2.24905506256e-23, 7.09057842783e-24, 8.13429820342e-24, 1.09748687828e-23, 2.0252441797e-23, 7.96266494741e-24, 4.07535719943e-24, 4.52055085129e-24, 4.10233979226e-24, 2.72567890504e-24, 2.67983070366e-24, 3.5098969694e-24, 1.20001970553e-23, 1.33823594585e-23, 2.11270802816e-23, 1.5811118613e-23, 3.12634853743e-23, 1.57906003408e-23, 4.1860844771e-24, 1.04998956318e-23, 5.48934816798e-24, 1.44428693496e-23, 4.12288401793e-23, 1.03386414187e-23, 1.73597184398e-24, 2.31918164159e-24, 1.94992827642e-24, 4.66574740621e-24, 9.90195089857e-24, 6.02561620578e-24, 5.47500431014e-24, 9.15446653669e-24, 8.10456761362e-24, 7.40616223296e-24, 1.59350675938e-23, 5.52484454213e-24, 1.88014189365e-23, 1.54906296707e-23, 5.06799744255e-24, 4.73368844611e-24, 6.43053022539e-24, 8.0899429213e-24, 1.87390247721e-23, 2.75096528915e-23, 3.3323937994e-24, 8.54441909943e-24, 7.21402017114e-24, 1.3546373107e-23, 1.97358767436e-23, 1.11114900253e-23, 1.18847661945e-23, 9.62157632222e-24, 8.02186422518e-24, 1.18897912384e-23, 1.42131073e-23, 6.74067759559e-24, 1.23047320746e-23, 7.98017292634e-24, 5.60339142246e-24, 4.56639313621e-24, 8.87304908622e-24, 1.18280526174e-23, 1.14812638415e-23, 1.63118070518e-23, 1.25532011716e-23, 9.47351265233e-24, 9.11322094426e-24, 9.28200799012e-24, 1.04596116608e-23, 9.90758967632e-24, 1.20152240667e-23, 1.08362107015e-23, 9.86181602229e-24, 1.1577702876e-23, 1.29610509371e-23, 1.24868303594e-23, 9.05450444936e-24, 1.97835523412e-23, 9.17934010989e-24, 8.35336645452e-24, 1.08571841464e-23, 7.43073682788e-24, 9.07945927524e-24, 9.26965442835e-24, 1.3317504048e-23, 4.8847351935e-24, 3.68324797003e-24, 7.97487651422e-24, 9.4551976687e-24, 1.05630826015e-23, 1.30271298708e-23, 1.08070772794e-23, 1.67561124463e-23, 1.05729220635e-23, 1.08351086629e-23, 1.1827873546e-23, 1.11839768762e-23, 8.69525798198e-24, 8.98640682058e-24, 1.11078454879e-23, 1.60911200581e-23, 2.02046100048e-23, 8.65399345689e-24, 7.21478931052e-24, 6.45081775572e-24, 1.16196410883e-23, 1.52798491923e-23, 1.36409401746e-23, 9.21939688893e-24, 1.21029256778e-23, 1.44167091442e-23, 1.06343727503e-23, 8.49440689577e-24, 8.94203339466e-24, 1.00020502477e-23, 1.14106552684e-23],
        "stdev": [0.00148950738367, 0.00433916226029, 0.00405471725389, 0.00297740823589, 0.00166132138111, 0.000625353190117, 0.000671077053994, 0.00185857329052, 0.00305256480351, 0.00189233908895, 0.00084384996444, 0.00126565026585, 0.00155929080211, 0.000964593375102, 0.000365948799299, 0.000851951655932, 0.00129541358911, 0.00200337031856, 0.00188631238416, 0.00124536792282, 0.00186192139518, 0.0012684619287, 0.00103251414839, 0.000732832239009, 0.00122424459551, 0.00107231852598, 0.000529486569576, 0.00127583416179, 0.000455433444586, 0.000421413686126, 0.00038298862637, 0.000228903139941, 0.000230535661103, 0.000340897589922, 0.000156416746904, 0.00028275322984, 0.000163115735631, 4.38924034825e-05, 8.62317247083e-05, 7.02629040461e-05, 6.29964997643e-05, 9.11008100957e-05, 0.00017511191254, 0.00015164805518, 0.000117154537293, 0.000120078017062, 0.000106514133222, 9.22601029743e-05, 7.80289483373e-05, 7.85826850915e-05, 7.44912467781e-05, 6.75605042488e-05, 0.000111649387691, 5.48521638848e-05, 5.19287059433e-05, 2.86715003313e-05, 2.38337779592e-05, 2.25444382522e-05, 2.06325548788e-05, 1.57448957907e-05, 1.87619189091e-05, 1.82891271834e-05, 1.4976066268e-05, 1.00607667264e-05, 4.95146332469e-06, 1.92761035578e-05, 4.32771503256e-06, 2.62578282673e-06, 2.52674590229e-06, 3.53133646058e-06, 3.2938462482e-06, 5.3562703215e-06, 2.88935507342e-06, 4.51705955129e-06, 2.55605709754e-06, 2.73625209957e-06, 2.30347541219e-06, 3.44458521795e-06, 4.22515267928e-06, 4.77813819089e-06, 4.74755597679e-06, 1.32376053443e-05, 1.76572666533e-05, 5.90287572777e-06, 3.93832760892e-06, 3.44328077517e-06, 2.33542186834e-06, 3.09604479298e-06, 3.28816349793e-06, 2.11244946513e-06, 2.58025761468e-06, 3.03426395476e-06, 2.40276767727e-06, 1.91620233636e-06, 2.89238710138e-06, 2.32180741477e-06, 1.93087885236e-06, 2.23046095016e-06, 2.25708595281e-06, 2.17760953092e-06, 2.37255358115e-06, 2.41615703089e-06, 2.27437635658e-06, 1.85053352197e-06, 1.30757598527e-06, 8.42840961468e-07, 5.5114225006e-07, 4.53736845429e-07, 3.48785391679e-07, 2.43926564281e-07, 1.6726146157e-07, 1.37209639206e-07, 8.79135129139e-08, 1.12072491731e-07, 9.17095235309e-08, 9.84221131262e-08, 1.81014705447e-08, 4.19758061643e-10, 4.2379194598e-10, 3.32618765864e-10, 3.26851545829e-10, 4.98124430592e-10, 4.05572631035e-10, 3.00944352771e-10, 2.95140328843e-10, 2.94861274286e-10, 2.92364549237e-10, 2.90664992075e-10]
    },
    "mfcc": {
        "mean": [-720.225219727, 143.032211304, -18.7706947327, -9.73962974548, -3.35161495209, -15.0250816345, -15.1493721008, -10.3757972717, -2.87560367584, -8.0201883316, -8.2170753479, -7.79314756393, -8.54962921143],
        "cov": [[7689.73193359, -828.995910645, 378.817932129, -68.3704452515, -1.50926506519, -33.1706924438, 84.7725143433, -192.808013916, 202.702194214, 40.4773712158, 28.1179027557, -41.0193824768, -192.439086914], [-828.995910645, 1550.14196777, -94.4823074341, 178.342895508, 92.1932449341, -246.097198486, -80.1471786499, -164.54296875, -121.337135315, -149.739242554, -177.238525391, 20.8990402222, -19.2220611572], [378.817932129, -94.4823074341, 669.719543457, 94.8270492554, 190.223861694, 76.7163009644, 5.30675935745, 71.3322906494, 42.9778518677, -18.2662754059, 6.75929164886, -10.4814090729, 32.5013771057], [-68.3704452515, 178.342895508, 94.8270492554, 335.693237305, 171.09135437, 111.177780151, 38.8186836243, 107.281616211, 62.2766914368, 2.09752655029, 1.90149092674, 66.352432251, 40.7348442078], [-1.50926506519, 92.1932449341, 190.223861694, 171.09135437, 372.592071533, 123.848655701, 85.7678604126, 135.213165283, 64.3705291748, 47.4101676941, 31.7214202881, 58.0487709045, 74.1767730713], [-33.1706924438, -246.097198486, 76.7163009644, 111.177780151, 123.848655701, 399.763671875, 197.409378052, 246.842422485, 137.371948242, 106.030212402, 145.111541748, 44.0037765503, 85.2679672241], [84.7725143433, -80.1471786499, 5.30675935745, 38.8186836243, 85.7678604126, 197.409378052, 253.065704346, 118.42918396, 85.6436004639, 88.563331604, 86.2433166504, 15.6280136108, 46.2437362671], [-192.808013916, -164.54296875, 71.3322906494, 107.281616211, 135.213165283, 246.842422485, 118.42918396, 290.966369629, 113.015075684, 105.902610779, 104.44519043, 60.6946372986, 68.1378631592], [202.702194214, -121.337135315, 42.9778518677, 62.2766914368, 64.3705291748, 137.371948242, 85.6436004639, 113.015075684, 160.917724609, 54.941783905, 79.6720733643, 27.1812171936, 25.3238754272], [40.4773712158, -149.739242554, -18.2662754059, 2.09752655029, 47.4101676941, 106.030212402, 88.563331604, 105.902610779, 54.941783905, 166.224334717, 54.861743927, 45.8372612, 23.432258606], [28.1179027557, -177.238525391, 6.75929164886, 1.90149092674, 31.7214202881, 145.111541748, 86.2433166504, 104.44519043, 79.6720733643, 54.861743927, 138.36000061, 14.3520488739, 40.7086830139], [-41.0193824768, 20.8990402222, -10.4814090729, 66.352432251, 58.0487709045, 44.0037765503, 15.6280136108, 60.6946372986, 27.1812171936, 45.8372612, 14.3520488739, 107.226829529, 31.1319084167], [-192.439086914, -19.2220611572, 32.5013771057, 40.7348442078, 74.1767730713, 85.2679672241, 46.2437362671, 68.1378631592, 25.3238754272, 23.432258606, 40.7086830139, 31.1319084167, 96.7920455933]],
        "icov": [[0.000172564134118, 0.000107024548925, -9.85175138339e-05, -2.58397867583e-05, -6.60916120978e-05, 2.17065644392e-05, -0.000124241356389, 0.000322609150317, -0.000290883443085, -1.86056331586e-05, 6.47881142868e-06, -0.00011791021825, 0.000387885374948], [0.000107024548925, 0.00103825354017, 0.000177019333933, -0.000591823016293, -0.000370377791114, 0.000563476467505, -0.000526858319063, 0.000306423549773, 8.82631720742e-05, 0.000605430279393, 0.000608710804954, -0.000297582126223, 0.000102095531474], [-9.85175138339e-05, 0.000177019333933, 0.00199895701371, -0.000110049077193, -0.00108323607128, -0.00026393335429, 0.000479744456243, -0.000288998911856, -0.000124652287923, 0.000515026971698, 0.000465878663817, 0.00081561942352, -0.000299074308714], [-2.58397867583e-05, -0.000591823016293, -0.000110049077193, 0.00532689131796, -0.00139791879337, -0.00151489314158, 0.000479328853544, -0.00082142977044, -0.00131489580963, 0.00140302267391, 0.00172964099329, -0.00201491243206, 0.000306289934088], [-6.60916120978e-05, -0.000370377791114, -0.00108323607128, -0.00139791879337, 0.00496214674786, 0.00056447746465, -0.000870707735885, -0.00114294432569, -5.75258891331e-05, -0.000635634060018, 0.000242987851379, -0.000470426079119, -0.00211430597119], [2.17065644392e-05, 0.000563476467505, -0.00026393335429, -0.00151489314158, 0.00056447746465, 0.00862996652722, -0.00339688244276, -0.00383485178463, -0.00059928058181, 0.000274561723927, -0.00271542207338, 0.000541518558748, -0.00177315063775], [-0.000124241356389, -0.000526858319063, 0.000479744456243, 0.000479328853544, -0.000870707735885, -0.00339688244276, 0.00778760295361, 0.000807439617347, -0.000945991312619, -0.00241534877568, -0.000848301046062, 0.00166504294612, -0.00069031433668], [0.000322609150317, 0.000306423549773, -0.000288998911856, -0.00082142977044, -0.00114294432569, -0.00383485178463, 0.000807439617347, 0.00997445080429, -0.00179960776586, -0.00245713046752, -0.00125097204, -0.00135942129418, 2.08231176657e-05], [-0.000290883443085, 8.82631720742e-05, -0.000124652287923, -0.00131489580963, -5.75258891331e-05, -0.00059928058181, -0.000945991312619, -0.00179960776586, 0.011469646357, -0.000302829837892, -0.004013214726, -0.000495750689879, 0.00124507409055], [-1.86056331586e-05, 0.000605430279393, 0.000515026971698, 0.00140302267391, -0.000635634060018, 0.000274561723927, -0.00241534877568, -0.00245713046752, -0.000302829837892, 0.0104006426409, 3.87652144127e-05, -0.00368553213775, 0.00117923272774], [6.47881142868e-06, 0.000608710804954, 0.000465878663817, 0.00172964099329, 0.000242987851379, -0.00271542207338, -0.000848301046062, -0.00125097204, -0.004013214726, 3.87652144127e-05, 0.0152964740992, 0.00043767754687, -0.00279230088927], [-0.00011791021825, -0.000297582126223, 0.00081561942352, -0.00201491243206, -0.000470426079119, 0.000541518558748, 0.00166504294612, -0.00135942129418, -0.000495750689879, -0.00368553213775, 0.00043767754687, 0.013820104301, -0.00328167830594], [0.000387885374948, 0.000102095531474, -0.000299074308714, 0.000306289934088, -0.00211430597119, -0.00177315063775, -0.00069031433668, 2.08231176657e-05, 0.00124507409055, 0.00117923272774, -0.00279230088927, -0.00328167830594, 0.0162105597556]]
    },
    "spectral_contrast_coeffs": {
        "max": [-0.296888828278, -0.451692968607, -0.47568577528, -0.63161444664, -0.616422057152, -0.529044926167],
        "mean": [-0.619014561176, -0.766326785088, -0.767957866192, -0.816481471062, -0.797855973244, -0.768757641315],
        "min": [-0.964004039764, -0.960933208466, -0.969977557659, -0.961267709732, -0.962782859802, -0.960382759571],
        "stdev": [0.134261667728, 0.0856486707926, 0.0748127177358, 0.0469984859228, 0.0402717366815, 0.0522187016904]
    },
    "spectral_contrast_valleys": {
        "max": [-5.00557470322, -4.56688213348, -5.64205360413, -5.1376786232, -6.30642604828, -7.68348932266],
        "mean": [-8.21511363983, -6.81251192093, -7.50902175903, -7.80147743225, -8.55943489075, -11.5503463745],
        "min": [-27.2867774963, -27.4316310883, -26.7797889709, -27.2374725342, -27.2248649597, -27.1685962677],
        "stdev": [1.24209737778, 1.02086353302, 0.928108870983, 0.978101313114, 1.00302362442, 1.21601963043]
    }
},
"rhythm": {
    "beats_count": 47,
    "beats_loudness": {
        "max": 0.0885786488652,
        "mean": 0.0192664526403,
        "min": 3.08561902784e-05,
        "stdev": 0.0201858710498
    },
    "bpm": 99.4502563477,
    "bpm_histogram_first_peak_bpm": 99,
    "bpm_histogram_first_peak_weight": 0.550000011921,
    "bpm_histogram_second_peak_bpm": 105,
    "bpm_histogram_second_peak_spread": 0.25,
    "bpm_histogram_second_peak_weight": 0.0652173906565,
    "danceability": 0.887569665909,
    "onset_rate": 2.10248160362,
    "beats_loudness_band_ratio": {
        "max": [0.901342272758, 0.829825937748, 0.876195251942, 0.634019851685, 0.437177449465, 0.669300675392],
        "mean": [0.191087886691, 0.291673213243, 0.352425515652, 0.157357037067, 0.0787736028433, 0.0367031246424],
        "min": [0.00141197524499, 0.0205961298198, 0.0129131814465, 0.00983714219183, 0.00591993518174, 0.000648907269351],
        "stdev": [0.242700368166, 0.236630156636, 0.217367514968, 0.144268453121, 0.087591893971, 0.0985129252076]
    },
    "beats_position": [0.568888902664, 1.16099774837, 1.74149656296, 2.33360528946, 2.92571425438, 3.52943301201, 4.13315200806, 4.73687076569, 5.34058952332, 5.94430828094, 6.54802703857, 7.1517457962, 7.80190467834, 8.46367359161, 9.07900238037, 9.70594120026, 10.3328800201, 10.9482088089, 11.5635375977, 12.1208162308, 12.689704895, 13.2585935593, 13.873922348, 14.4892511368, 15.1161899567, 15.7431287766, 16.3468475342, 16.9621772766, 17.5658950806, 18.1696147919, 18.7617225647, 19.3538322449, 19.9343299866, 20.5264396667, 21.1185474396, 21.7106571198, 22.3375968933, 22.9645347595, 23.5798625946, 24.195192337, 24.8221302032, 25.4026298523, 25.9831295013, 26.563627243, 27.1441268921, 27.7246246338, 28.2935142517],
