{
"metadata": {
    "version": {
        "essentia": "2.1-beta5",
        "essentia_git_sha": "Undefined",
        "extractor": "music 2.0"
    },
    "audio_properties": {
        "analysis": {
            "equal_loudness": 0,
            "length": 35.9909286499,
            "sample_rate": 44100,
            "start_time": 126.490699768,
            "downmix": "mix"
        },
        "bit_rate": 192000,
        "length": 187.129623413,
        "lossless": 0,
        "number_channels": 2,
        "replay_gain": -2.14757347107,
        "sample_rate": 48000,
        "codec": "mp3",
        "md5_encoded": "93679a131867bc5ba129b80d862e209a"
    },
    "tags": {
        "file_name": "Netherlands_Slow Down_Douwe Bob.mp3",
        "encoding": ["Lavf58.29.100"]
    }
},
"lowlevel": {
    "average_loudness": 0.916463136673,
    "barkbands_crest": {
        "max": 25.0928878784,
        "mean": 9.93346881866,
        "min": 3.06106472015,
        "stdev": 3.5586669445
    },
    "barkbands_flatness_db": {
        "max": 0.293811261654,
        "mean": 0.153565555811,
        "min": 0.0535111874342,
        "stdev": 0.0473083332181
    },
    "barkbands_kurtosis": {
        "max": 38.4359054565,
        "mean": 3.63141822815,
        "min": -1.82033646107,
        "stdev": 3.80077600479
    },
    "barkbands_skewness": {
        "max": 4.40428304672,
        "mean": 1.60773730278,
        "min": -1.54070341587,
        "stdev": 0.735816299915
    },
    "barkbands_spread": {
        "max": 100.261985779,
        "mean": 18.5428543091,
        "min": 1.31535935402,
        "stdev": 13.5633172989
    },
    "dissonance": {
        "max": 0.499999821186,
        "mean": 0.471283346415,
        "min": 0.32370018959,
        "stdev": 0.0214899107814
    },
    "dynamic_complexity": 2.60598373413,
    "erbbands_crest": {
        "max": 29.2556190491,
        "mean": 9.28794574738,
        "min": 2.71694111824,
        "stdev": 4.25792360306
    },
    "erbbands_flatness_db": {
        "max": 0.371425509453,
        "mean": 0.185864105821,
        "min": 0.0665422305465,
        "stdev": 0.0771417096257
    },
    "erbbands_kurtosis": {
        "max": 30.6777496338,
        "mean": 1.29764819145,
        "min": -1.76329958439,
        "stdev": 2.55195021629
    },
    "erbbands_skewness": {
        "max": 4.25199222565,
        "mean": 0.768367767334,
        "min": -1.58419692516,
        "stdev": 0.81012815237
    },
    "erbbands_spread": {
        "max": 101.996665955,
        "mean": 31.2961025238,
        "min": 2.59422206879,
        "stdev": 19.5202960968
    },
    "hfc": {
        "max": 215.301712036,
        "mean": 22.0435009003,
        "min": 0.627745509148,
        "stdev": 19.7486686707
    },
    "loudness_ebu128": {
        "integrated": -20.759853363,
        "loudness_range": 4.53373527527,
        "momentary": {
            "max": -17.3734130859,
            "mean": -21.2396621704,
            "min": -29.007932663,
            "stdev": 2.20956659317
        },
        "short_term": {
            "max": -18.6020069122,
            "mean": -21.1556110382,
            "min": -24.8896884918,
            "stdev": 1.74410450459
        }
    },
    "melbands_crest": {
        "max": 28.8223304749,
        "mean": 12.8301343918,
        "min": 3.85412406921,
        "stdev": 3.99156761169
    },
    "melbands_flatness_db": {
        "max": 0.29234868288,
        "mean": 0.187221735716,
        "min": 0.0521968193352,
        "stdev": 0.0366962440312
    },
    "melbands_kurtosis": {
        "max": 63.6615066528,
        "mean": 9.93877220154,
        "min": -1.75474822521,
        "stdev": 8.38462257385
    },
    "melbands_skewness": {
        "max": 7.15181112289,
        "mean": 2.36826658249,
        "min": -0.670163035393,
        "stdev": 1.04099321365
    },
    "melbands_spread": {
        "max": 137.074401855,
        "mean": 18.3928203583,
        "min": 2.53742384911,
        "stdev": 12.6703662872
    },
    "pitch_salience": {
        "max": 0.84322822094,
        "mean": 0.594204187393,
        "min": 0.188456207514,
        "stdev": 0.104793481529
    },
    "silence_rate_20dB": {
        "max": 1,
        "mean": 1,
        "min": 1,
        "stdev": 0
    },
    "silence_rate_30dB": {
        "max": 1,
        "mean": 0.996776282787,
        "min": 0,
        "stdev": 0.0566864162683
    },
    "silence_rate_60dB": {
        "max": 1,
        "mean": 0.0303030312061,
        "min": 0,
        "stdev": 0.171421870589
    },
    "spectral_centroid": {
        "max": 4317.23144531,
        "mean": 1252.97094727,
        "min": 440.852081299,
        "stdev": 376.416687012
    },
    "spectral_complexity": {
        "max": 49,
        "mean": 20.4893608093,
        "min": 1,
        "stdev": 7.49826908112
    },
    "spectral_decrease": {
        "max": -1.10882768245e-10,
        "mean": -7.45029149485e-09,
        "min": -3.72508530688e-08,
        "stdev": 5.87267878771e-09
    },
    "spectral_energy": {
        "max": 0.145823642612,
        "mean": 0.0301185548306,
        "min": 0.000475435488624,
        "stdev": 0.0232120808214
    },
    "spectral_energyband_high": {
        "max": 0.0243949368596,
        "mean": 0.000940795871429,
        "min": 6.77470052324e-06,
        "stdev": 0.00204312731512
    },
    "spectral_energyband_low": {
        "max": 0.0998417437077,
        "mean": 0.00998182501644,
        "min": 3.49617579332e-08,
        "stdev": 0.012742690742
    },
    "spectral_energyband_middle_high": {
        "max": 0.0236622374505,
        "mean": 0.00568332197145,
        "min": 0.000351971655618,
        "stdev": 0.00328029459342
    },
    "spectral_energyband_middle_low": {
        "max": 0.126681044698,
        "mean": 0.0146014727652,
        "min": 6.12519070273e-05,
        "stdev": 0.0155357047915
    },
    "spectral_entropy": {
        "max": 8.71662902832,
        "mean": 7.65853452682,
        "min": 6.83289432526,
        "stdev": 0.289493650198
    },
    "spectral_flux": {
        "max": 0.318237543106,
        "mean": 0.0858315527439,
        "min": 0.0110674481839,
        "stdev": 0.0484207980335
    },
    "spectral_kurtosis": {
        "max": 14.850233078,
        "mean": 4.6350235939,
        "min": -0.966520786285,
        "stdev": 2.49414014816
    },
    "spectral_rms": {
        "max": 0.011927572079,
        "mean": 0.00501220673323,
        "min": 0.000681057630572,
        "stdev": 0.00206439988688
    },
    "spectral_rolloff": {
        "max": 10400.5371094,
        "mean": 1349.33032227,
        "min": 86.1328125,
        "stdev": 1221.24255371
    },
    "spectral_skewness": {
        "max": 2.76206469536,
        "mean": 1.6940073967,
        "min": 0.301376312971,
        "stdev": 0.38628333807
    },
    "spectral_spread": {
        "max": 14524288,
        "mean": 4545627,
        "min": 2239183.75,
        "stdev": 1583465.5
    },
    "spectral_strongpeak": {
        "max": 6.14793300629,
        "mean": 0.995734632015,
        "min": 0.046633169055,
        "stdev": 0.885620474815
    },
    "zerocrossingrate": {
        "max": 0.3212890625,
        "mean": 0.0602840036154,
        "min": 0.0185546875,
        "stdev": 0.0295636858791
    },
    "barkbands": {
        "max": [0.00401593232527, 0.0940898582339, 0.0603842884302, 0.0343202613294, 0.0818007737398, 0.0309092197567, 0.0377976261079, 0.0306740552187, 0.0258158240467, 0.015215578489, 0.0105675905943, 0.00681622046977, 0.00549187185243, 0.00621163658798, 0.0096870996058, 0.00677279708907, 0.0036394065246, 0.00292977876961, 0.00169849488884, 0.00144518376328, 0.00200689351186, 0.00396627606824, 0.00567761529237, 0.00892106629908, 0.00814004987478, 0.000760118360631, 1.37435017677e-05],
        "mean": [0.000159176473971, 0.00672573689371, 0.00223400723189, 0.0020729994867, 0.00350779062137, 0.00230879499577, 0.00174288300332, 0.00224168063141, 0.00220935279503, 0.00138786865864, 0.00114607869182, 0.000567810493521, 0.000533123093192, 0.000642665370833, 0.000548308715224, 0.000304309098283, 0.000342553772498, 0.000239493441768, 0.000194592852495, 0.000144195801113, 0.000148927050759, 0.000146732461872, 0.000164020209922, 0.000200488924747, 0.000177792011527, 2.71398348559e-05, 1.29153807649e-08],
        "min": [5.81330539262e-10, 2.27546914644e-09, 3.718139574e-09, 1.87982287514e-08, 2.27987271728e-07, 1.01627995264e-06, 1.55735801854e-06, 3.33293041876e-06, 6.66793584969e-06, 1.14915601443e-05, 1.48702265506e-05, 1.06221823444e-05, 3.72652607439e-06, 4.29079454989e-06, 5.22472100783e-06, 1.19748183351e-05, 4.01579882237e-06, 2.27395980801e-06, 2.57895339928e-06, 1.12809050279e-06, 9.94722313408e-07, 6.21958577085e-07, 2.53284696328e-07, 4.58146132587e-07, 2.34327856674e-07, 1.28089654439e-08, 9.7527486087e-11],
        "stdev": [0.00032975783688, 0.0093782832846, 0.00503543904051, 0.00387809728272, 0.00682090781629, 0.00314659648575, 0.00358227523975, 0.00449629873037, 0.00286604417488, 0.00186977803241, 0.00149458902888, 0.000702696328517, 0.000594862503931, 0.000737917784136, 0.000780392438173, 0.000427657214459, 0.000387007923564, 0.000241622765316, 0.000198440742679, 0.000172694082721, 0.000210536425584, 0.000296472426271, 0.000432489119703, 0.000709871936124, 0.000491131970193, 6.25797183602e-05, 3.54717627715e-07]
    },
    "erbbands": {
        "max": [2.84464073181, 20.3149528503, 58.6905784607, 64.0845565796, 315.335845947, 191.836883545, 307.975952148, 272.051269531, 563.322387695, 521.237182617, 817.828857422, 701.387695312, 688.738464355, 492.073394775, 297.501617432, 339.954315186, 297.139160156, 333.084655762, 628.372375488, 322.407501221, 211.260406494, 122.355133057, 171.661697388, 93.0662765503, 97.5499267578, 66.4302825928, 72.0690841675, 90.9474945068, 98.1506195068, 201.173324585, 163.99180603, 156.707504272, 172.145721436, 148.042007446, 21.8243293762, 6.98271274567, 0.717844426632, 0.0216129925102, 0.00199303450063, 0.000236488514929],
        "mean": [0.190127208829, 1.50687479973, 2.62047314644, 5.04245233536, 12.2035579681, 9.10449314117, 13.1213226318, 18.9438781738, 22.7519550323, 33.3761062622, 54.7010650635, 51.2175254822, 49.3473510742, 48.8404541016, 36.6147880554, 24.0805511475, 23.4420051575, 33.0316162109, 31.6586380005, 25.2871208191, 15.5580940247, 16.5622844696, 15.360906601, 11.1297550201, 8.68474578857, 6.6602807045, 5.77675628662, 6.37439250946, 5.09403419495, 4.76531553268, 4.92481374741, 4.21615886688, 3.2045571804, 2.04686927795, 1.22188460827, 0.296545356512, 0.0224306881428, 0.000609608774539, 5.38286185474e-05, 4.11863038607e-05],
        "min": [1.61992602443e-07, 8.82964400262e-07, 4.54292694485e-06, 6.50160582154e-05, 0.000321052706568, 0.000771862454712, 0.00315539725125, 0.0104368682951, 0.0230090506375, 0.0513968430459, 0.0911469832063, 0.164758384228, 0.457763522863, 1.03981292248, 1.36303770542, 1.05319750309, 0.252428650856, 0.491893410683, 0.387026190758, 0.808673083782, 0.773220479488, 0.243143498898, 0.237973347306, 0.193871498108, 0.0812109783292, 0.0625986084342, 0.0397766828537, 0.0707140043378, 0.0330434516072, 0.0203579794616, 0.009715937078, 0.00727557018399, 0.00816426239908, 0.00417661899701, 0.0012520160526, 0.00019298728148, 7.13629788152e-06, 4.74323741173e-07, 3.47636358811e-07, 6.09629353221e-07],
        "stdev": [0.32295191288, 2.03241086006, 4.94595336914, 8.07999992371, 29.5371646881, 15.7025270462, 19.8558235168, 26.4630126953, 47.921421051, 62.8438873291, 107.690589905, 74.4169158936, 61.6837730408, 57.4463386536, 39.9415893555, 29.7244777679, 24.2254581451, 34.6030960083, 43.814704895, 31.4604454041, 17.4036960602, 16.750579834, 14.7705030441, 9.68893814087, 9.59784126282, 7.88557863235, 7.77313184738, 9.42086601257, 9.01562786102, 13.0256137848, 13.1874608994, 14.7729587555, 11.5056581497, 7.62555742264, 2.57979726791, 0.634050428867, 0.0529999509454, 0.00153840833809, 0.000101438221463, 3.45645676134e-05]
    },
    "gfcc": {
        "mean": [-2.4687333107, 79.3153152466, -151.354431152, 15.2170372009, -75.2546157837, 24.8969516754, -40.538318634, 20.0164966583, -22.371421814, 2.96816968918, -16.9425811768, -4.55866384506, -5.07386636734],
        "cov": [[6120.66015625, 1796.98852539, 3685.64257812, 2508.11254883, 743.60736084, 274.452606201, -577.578857422, -139.210220337, -153.052062988, 491.407409668, 135.64666748, 31.2640399933, -127.641937256], [1796.98852539, 1586.00598145, 1405.56335449, 1107.5970459, 574.720214844, 50.4439048767, -124.001724243, -102.753990173, 56.476688385, 161.677947998, 193.632324219, -11.7158117294, 24.7348194122], [3685.64257812, 1405.56335449, 2790.89257812, 1862.38391113, 611.215820312, 260.635131836, -417.968780518, -136.440612793, -118.550552368, 320.809020996, 125.934387207, 68.9880371094, -61.8033409119], [2508.11254883, 1107.5970459, 1862.38391113, 1424.06188965, 534.219116211, 176.86026001, -271.978057861, -114.256523132, -34.6361961365, 213.208084106, 106.176956177, 37.3418388367, -4.86251115799], [743.60736084, 574.720214844, 611.215820312, 534.219116211, 365.472747803, 105.211601257, -42.410987854, -21.794380188, 22.8392696381, 72.3103942871, 49.0218544006, 23.4902629852, 28.875246048], [274.452606201, 50.4439048767, 260.635131836, 176.86026001, 105.211601257, 144.687637329, 7.75453710556, 13.6430435181, -8.07093143463, 23.5685577393, 6.39469957352, 19.6479053497, 5.76206827164], [-577.578857422, -124.001724243, -417.968780518, -271.978057861, -42.410987854, 7.75453710556, 166.108413696, 65.0177078247, 43.4683227539, -46.4452705383, 0.944017112255, -6.95947408676, 17.2890090942], [-139.210220337, -102.753990173, -136.440612793, -114.256523132, -21.794380188, 13.6430435181, 65.0177078247, 86.2515258789, 32.9836082458, 1.13931798935, -5.92136716843, 5.58378458023, 1.56405758858], [-153.052062988, 56.476688385, -118.550552368, -34.6361961365, 22.8392696381, -8.07093143463, 43.4683227539, 32.9836082458, 86.6515426636, 14.7272596359, 25.4276256561, -8.94504451752, 20.7985858917], [491.407409668, 161.677947998, 320.809020996, 213.208084106, 72.3103942871, 23.5685577393, -46.4452705383, 1.13931798935, 14.7272596359, 98.2102813721, 36.9334831238, 13.25922966, -10.5972194672], [135.64666748, 193.632324219, 125.934387207, 106.176956177, 49.0218544006, 6.39469957352, 0.944017112255, -5.92136716843, 25.4276256561, 36.9334831238, 87.0938796997, 12.5998163223, 11.77110672], [31.2640399933, -11.7158117294, 68.9880371094, 37.3418388367, 23.4902629852, 19.6479053497, -6.95947408676, 5.58378458023, -8.94504451752, 13.25922966, 12.5998163223, 59.7453117371, 21.3321037292], [-127.641937256, 24.7348194122, -61.8033409119, -4.86251115799, 28.875246048, 5.76206827164, 17.2890090942, 1.56405758858, 20.7985858917, -10.5972194672, 11.77110672, 21.3321037292, 64.4393157959]],
        "icov": [[0.00110153062269, -0.00024336608476, -0.000538851250894, -0.00124947493896, 0.000856065715197, 0.000193885192857, 0.000231225043535, -0.00147462589666, 0.00125739793293, -0.00178389181383, 0.000771468679886, 0.000933496339712, 8.79014405655e-05], [-0.00024336608476, 0.00654229102656, -0.00490144500509, 0.00294559821486, -0.00835274439305, 0.00803721603006, -0.00510725239292, 0.00472113490105, -0.00414507742971, 0.00430964259431, -0.00736353639513, 0.00537346443161, -0.00157924345694], [-0.000538851250894, -0.00490144500509, 0.00959477666765, -0.00804329570383, 0.00737709365785, -0.00824019964784, 0.0060482705012, -0.0054703312926, 0.00669034710154, -0.00510383630171, 0.00425193458796, -0.0057049500756, 0.00346372136846], [-0.00124947493896, 0.00294559821486, -0.00804329570383, 0.0140106240287, -0.00982631929219, 0.00391633203253, -0.00138542591594, 0.00747755356133, -0.00711881136522, 0.0046440823935, -0.00422784266993, 0.00346227409318, -0.00333192688413], [0.000856065715197, -0.00835274439305, 0.00737709365785, -0.00982631929219, 0.0197822488844, -0.012153942138, 0.0039353244938, -0.00635874038562, 0.0043493504636, -0.00643923040479, 0.0102869831026, -0.00753299193457, 0.000708436709829], [0.000193885192857, 0.00803721603006, -0.00824019964784, 0.00391633203253, -0.012153942138, 0.0214949306101, -0.010400954634, 0.00375856389292, -0.00316916452721, 0.00513098295778, -0.00707990629598, 0.00555562507361, -0.00276430649683], [0.000231225043535, -0.00510725239292, 0.0060482705012, -0.00138542591594, 0.0039353244938, -0.010400954634, 0.0213728304952, -0.0122827235609, 0.0025732209906, 0.000164127719472, 0.000685135542881, -0.00210097944364, 0.00161197350826], [-0.00147462589666, 0.00472113490105, -0.0054703312926, 0.00747755356133, -0.00635874038562, 0.00375856389292, -0.0122827235609, 0.0282672587782, -0.0132648358122, 0.00150515185669, -0.000660008576233, -0.00201440625824, 0.00102348683868], [0.00125739793293, -0.00414507742971, 0.00669034710154, -0.00711881136522, 0.0043493504636, -0.00316916452721, 0.0025732209906, -0.0132648358122, 0.0290051437914, -0.0125001026317, -9.12937684916e-05, 0.00510443747044, -0.00516331056133], [-0.00178389181383, 0.00430964259431, -0.00510383630171, 0.0046440823935, -0.00643923040479, 0.00513098295778, 0.000164127719472, 0.00150515185669, -0.0125001026317, 0.0286802947521, -0.0105001935735, -0.00193020247389, 0.00392179330811], [0.000771468679886, -0.00736353639513, 0.00425193458796, -0.00422784266993, 0.0102869831026, -0.00707990629598, 0.000685135542881, -0.000660008576233, -9.12937684916e-05, -0.0105001935735, 0.0260546971112, -0.00904922839254, 0.000508205732331], [0.000933496339712, 0.00537346443161, -0.0057049500756, 0.00346227409318, -0.00753299193457, 0.00555562507361, -0.00210097944364, -0.00201440625824, 0.00510443747044, -0.00193020247389, -0.00904922839254, 0.0302870254964, -0.0122706890106], [8.79014405655e-05, -0.00157924345694, 0.00346372136846, -0.00333192688413, 0.000708436709829, -0.00276430649683, 0.00161197350826, 0.00102348683868, -0.00516331056133, 0.00392179330811, 0.000508205732331, -0.0122706890106, 0.0251225344837]]
    },
    "melbands": {
        "max": [0.0268526580185, 0.0244026761502, 0.0171995051205, 0.0193996485323, 0.0092834699899, 0.005814938806, 0.00859704241157, 0.00513971084729, 0.00654257601127, 0.0042753778398, 0.00336944172159, 0.0020803057123, 0.00135260948446, 0.000834361475427, 0.000426120735938, 0.000539566215593, 0.000603135616984, 0.00106361112557, 0.000423795776442, 0.000605370849371, 0.000190814491361, 0.000152645152411, 0.000256616505794, 0.000103952821519, 8.77425263752e-05, 7.69314647187e-05, 5.13678787684e-05, 5.49066280655e-05, 4.38258575741e-05, 6.35384130874e-05, 6.78251235513e-05, 4.37440139649e-05, 0.000118768359243, 0.000107374129584, 9.60734323598e-05, 0.000100625788036, 0.000104360631667, 0.000124506725115, 0.00012200888159, 0.000118343916256],
        "mean": [0.00182519643568, 0.00158901535906, 0.00111499126069, 0.000771622697357, 0.000443520228146, 0.000437045760918, 0.00035559895332, 0.000374330935301, 0.000438777002273, 0.000318485253956, 0.000240443710936, 0.000193970714463, 0.000145231912029, 7.1486167144e-05, 4.73493419122e-05, 5.65716763958e-05, 6.18659032625e-05, 5.26643052581e-05, 3.56858872692e-05, 2.89677918772e-05, 1.67055768543e-05, 1.58091825142e-05, 1.92965198949e-05, 1.15730781545e-05, 8.6952068159e-06, 6.53991992294e-06, 5.43987835044e-06, 4.24592371928e-06, 3.66161293641e-06, 3.53483483195e-06, 3.79196785616e-06, 3.02659873341e-06, 2.51982442023e-06, 2.62669391304e-06, 2.94245273835e-06, 2.64672303274e-06, 2.51190886047e-06, 2.27151099352e-06, 2.03721401704e-06, 1.60158435847e-06],
        "min": [1.00221531074e-09, 2.76106537633e-09, 1.6895668864e-08, 4.35445244307e-08, 9.31293868689e-08, 2.41967313741e-07, 2.94243875487e-07, 5.58156955321e-07, 5.52544804577e-07, 9.40571226238e-07, 1.92381457964e-06, 1.24739653984e-06, 2.86068848254e-06, 1.29801378534e-06, 4.27193072028e-07, 5.69303551856e-07, 8.5327673105e-07, 4.32160959463e-07, 3.65199014141e-07, 4.66538324417e-07, 5.84537190207e-07, 1.96180351963e-07, 2.07357260251e-07, 1.11081924103e-07, 1.50010478706e-07, 5.06820292401e-08, 4.44154437673e-08, 3.5577414792e-08, 2.14348361283e-08, 1.3189596082e-08, 2.95340711887e-08, 1.53327608388e-08, 1.08116502417e-08, 7.19441661801e-09, 3.15241099891e-09, 6.45587228121e-09, 3.91726384663e-09, 3.54152862592e-09, 4.21746237933e-09, 2.37795672042e-09],
        "stdev": [0.00274427467957, 0.00229581771418, 0.00198448379524, 0.00159172923304, 0.000650177476928, 0.000613393320236, 0.00073222554056, 0.000698966730852, 0.000831046607345, 0.000447343336418, 0.000308909831801, 0.000239133660216, 0.000180510469363, 8.69868526934e-05, 5.05440984853e-05, 6.44314786769e-05, 6.61451776978e-05, 7.67728124629e-05, 4.64175245725e-05, 4.17841802118e-05, 2.00288668566e-05, 1.69787035702e-05, 2.34922354139e-05, 1.1347427062e-05, 8.14699433249e-06, 7.57705129217e-06, 6.1108535192e-06, 5.50083541384e-06, 5.09103938384e-06, 5.21539823239e-06, 5.97316102358e-06, 4.92305571242e-06, 7.15696933185e-06, 7.11146822141e-06, 7.38940661904e-06, 8.72292366694e-06, 9.31262275117e-06, 8.38400774228e-06, 7.54610846343e-06, 6.0670113271e-06]
    },
    "melbands128": {
        "max": [0.00310120661743, 0.0209189914167, 0.0452663302422, 0.0292300954461, 0.0289562772959, 0.0296173878014, 0.0138846803457, 0.0249742083251, 0.0398907847703, 0.0187197942287, 0.0114203672856, 0.00876152142882, 0.0143085829914, 0.00742182554677, 0.00570243131369, 0.011969727464, 0.0113136796281, 0.0160226747394, 0.0107589894906, 0.00903027225286, 0.00903671048582, 0.0101754013449, 0.012308399193, 0.00972088240087, 0.00799006037414, 0.00570691423491, 0.00770729547366, 0.004382037092, 0.00251303007826, 0.00377116538584, 0.00228715874255, 0.00269708852284, 0.0018533107359, 0.00181571103167, 0.00147508201189, 0.00140700978227, 0.00135946448427, 0.000772945350036, 0.00116305507254, 0.00111401919276, 0.001101128757, 0.00187649147119, 0.00120335188694, 0.00103481346741, 0.00167610123754, 0.002362358151, 0.00150983792264, 0.000946245330852, 0.000468882615678, 0.000979029457085, 0.000940380501561, 0.000930211157538, 0.000339095247909, 0.000319719343679, 0.000426058250014, 0.00027416064404, 0.000345345528331, 0.000679026241414, 0.000550488184672, 0.000108535547042, 0.000212707251194, 0.000131873268401, 9.04682819964e-05, 0.000168880971614, 0.000155791422003, 0.000132157278131, 0.00018081421149, 0.000121928736917, 7.96115855337e-05, 6.31903894828e-05, 5.68811301491e-05, 8.12837242847e-05, 7.27281003492e-05, 4.84518350277e-05, 6.23348751105e-05, 6.58216740703e-05, 8.96705023479e-05, 6.07035799476e-05, 0.000103521117126, 8.06953466963e-05, 6.70845620334e-05, 6.64724429953e-05, 7.08916704752e-05, 0.000147642756929, 0.000209382764297, 0.000174863584107, 8.72321761562e-05, 0.000111103014206, 0.000111935871246, 0.000155012938194, 0.00013257934188, 0.000112445522973, 0.000171032588696, 0.000139724346809, 0.000118144365842, 0.000132624336402, 0.000150552703417, 0.000193594270968, 0.000131240260089, 0.000141729135066, 0.000254244368989, 0.000126885381178, 5.25420400663e-05, 3.52569622919e-05, 2.84116340481e-05, 4.84414595121e-05, 3.32517302013e-05, 1.83466872841e-05, 1.47633954839e-05, 1.0064604794e-05, 1.42165208672e-05, 3.48105368175e-06, 1.89653064808e-06, 7.71148336298e-07, 5.69273993278e-07, 2.64670035222e-07, 7.11074576998e-08, 6.64011068352e-08, 6.36158574707e-08, 6.12774542219e-08, 5.91956919038e-08, 5.74681386922e-08, 5.59345636475e-08, 5.46190861428e-08, 5.3555272217e-08, 5.2785544824e-08, 5.21536520637e-08, 5.18045908393e-08],
        "mean": [0.00014297515736, 0.00131263688672, 0.00278152362444, 0.00237644161098, 0.00143712770659, 0.00109795632306, 0.000929566449486, 0.00112749193795, 0.00145655847155, 0.000690091284923, 0.000420601398218, 0.000422054115916, 0.000429765961599, 0.000510926183779, 0.000391765846871, 0.000467830628622, 0.00038265355397, 0.000313155731419, 0.000327896937961, 0.000419861462433, 0.00031535391463, 0.000470839615446, 0.000525754760019, 0.000297595455777, 0.000344430329278, 0.000290992902592, 0.000345015228959, 0.000237283267779, 0.000142157543451, 0.000203327392228, 0.000186960984138, 0.000229230397963, 0.000153786953888, 8.43038360472e-05, 6.89006628818e-05, 7.60002221796e-05, 6.52476082905e-05, 3.10260802507e-05, 5.10240679432e-05, 5.10843929078e-05, 4.74528496852e-05, 8.58829080244e-05, 5.40814398846e-05, 5.30941906618e-05, 6.62009915686e-05, 4.76539607916e-05, 5.02925104229e-05, 3.06390502374e-05, 3.06481633743e-05, 4.13671696151e-05, 2.98186041618e-05, 1.57609028975e-05, 1.40567990456e-05, 1.91814542632e-05, 1.85342505574e-05, 9.78939533525e-06, 1.62682481459e-05, 3.09956740239e-05, 1.55069010361e-05, 8.78512037161e-06, 1.45578869706e-05, 9.92911373032e-06, 7.90071680967e-06, 9.91146407614e-06, 7.45491115595e-06, 5.40976952834e-06, 6.81204892317e-06, 6.51145455777e-06, 4.82292080051e-06, 4.57693431599e-06, 3.82808502764e-06, 4.37655307906e-06, 4.43930593974e-06, 3.34308720085e-06, 2.97278506878e-06, 3.54663393409e-06, 3.84158829547e-06, 3.57603630619e-06, 3.91222010876e-06, 3.925396868e-06, 3.26442682308e-06, 2.61304035121e-06, 2.36099890571e-06, 2.34908634411e-06, 2.94792744171e-06, 2.56238968177e-06, 2.4466562536e-06, 2.76679361377e-06, 3.43258875546e-06, 2.59354101217e-06, 2.54427118307e-06, 2.64881509793e-06, 2.89917807095e-06, 2.40629378823e-06, 2.40167059928e-06, 2.33867308452e-06, 2.22913513426e-06, 2.20912261284e-06, 2.07083030546e-06, 1.92738548321e-06, 1.89285083252e-06, 1.49024685925e-06, 1.36532094075e-06, 1.1794021475e-06, 1.51682138494e-06, 1.76472735802e-06, 9.87818907561e-07, 5.09136953042e-07, 4.64383191456e-07, 2.96648863696e-07, 1.90592942317e-07, 7.36602032703e-08, 7.7665882614e-09, 1.85422543986e-09, 1.01304586941e-09, 5.94983895486e-10, 1.5151947752e-10, 5.33345277665e-11, 4.95373082832e-11, 4.59360049998e-11, 4.68646163543e-11, 4.27975294093e-11, 4.33719553328e-11, 4.04953640065e-11, 3.95016901134e-11, 3.87018195269e-11, 3.81256831661e-11, 3.78566761272e-11],
        "min": [3.49918150011e-11, 2.11787296034e-10, 1.25969706888e-10, 1.90709795178e-10, 6.56161236456e-10, 2.22223528468e-09, 2.95860780319e-09, 6.18314599521e-09, 6.82664991203e-09, 1.54053232393e-08, 8.76587957777e-09, 2.79313745466e-08, 1.12125526641e-08, 2.89816348698e-08, 2.02461123422e-08, 3.85568057482e-08, 1.16886290868e-07, 1.57492650033e-07, 1.37803738198e-07, 2.15114937419e-07, 4.30142620189e-07, 5.61923968689e-07, 1.14172038934e-07, 9.97478935005e-08, 2.53422854257e-07, 4.56825830497e-07, 1.53297173711e-06, 5.98621852532e-07, 5.23659480223e-07, 7.15728901923e-07, 5.90087495311e-07, 9.13419341941e-07, 6.9614725362e-07, 3.73606894755e-07, 5.31137914095e-07, 2.69851085477e-07, 4.77551054701e-07, 9.41058146964e-08, 1.11868082797e-07, 2.06788058676e-07, 3.94263508952e-07, 5.59546037948e-07, 3.63660291214e-07, 6.63712498294e-08, 2.30935853551e-07, 2.97840131225e-07, 1.55557998482e-07, 2.22787193138e-07, 2.16374118622e-07, 2.51668410556e-07, 1.82638004276e-07, 9.43995743796e-08, 1.77559599024e-07, 1.16923580151e-07, 7.80239446385e-08, 4.93781904254e-08, 3.0664274675e-08, 1.11943165848e-07, 1.03135739948e-07, 4.54734170319e-08, 7.41694208273e-08, 6.67572237489e-08, 7.17332540034e-08, 6.62678232288e-08, 3.82589071535e-08, 2.38381581141e-08, 2.92368529387e-08, 4.81274824438e-08, 3.60073890704e-08, 1.45679566188e-08, 1.16605667344e-08, 2.79672942582e-08, 1.99058511896e-08, 6.88612367128e-09, 6.81647804868e-09, 8.06185251889e-09, 1.5303108114e-08, 1.0348634838e-08, 1.13468177076e-08, 9.92592319449e-09, 1.94227234296e-09, 4.55500437369e-09, 1.30707067392e-09, 3.15387227445e-09, 1.15322089655e-08, 6.01553118429e-09, 1.06653352816e-10, 6.64646766443e-12, 1.18665008375e-10, 1.81234671714e-09, 1.20353382815e-09, 1.02002205293e-10, 8.67791560832e-10, 6.05503203133e-10, 8.28704951883e-11, 2.1910639969e-09, 9.57080747988e-10, 6.18772366678e-10, 2.78900857964e-09, 2.39419017944e-09, 5.68781743926e-10, 4.77838046908e-10, 1.09688391703e-09, 1.57141966106e-10, 6.47703557455e-10, 2.48483400522e-10, 2.76442462671e-11, 1.57612117802e-12, 1.65880625208e-11, 1.40266726185e-12, 2.63851169646e-13, 2.4617897239e-13, 3.5675089727e-13, 2.95852399653e-13, 3.12033439451e-13, 2.67357533681e-13, 2.90646413187e-13, 3.14533392821e-13, 2.85338782767e-13, 2.95263759189e-13, 2.69883182642e-13, 2.5294377053e-13, 3.21590898442e-13, 2.86361700411e-13, 2.36929426816e-13, 7.28610761677e-14, 8.74757775574e-15, 4.03968567861e-16],
        "stdev": [0.000306012225337, 0.00256741605699, 0.00442938646302, 0.00317716039717, 0.00254962476902, 0.00249158707447, 0.00157381547615, 0.00248504569754, 0.00386007712223, 0.00152949732728, 0.00082362012472, 0.000793606974185, 0.000807711447123, 0.000891293107998, 0.000604814151302, 0.000974113761913, 0.000920003803913, 0.00103071832564, 0.00082361116074, 0.00093915843172, 0.000918265257496, 0.00113891577348, 0.00127963966224, 0.000624740147032, 0.000763301446568, 0.00048544612946, 0.000532158475835, 0.000416719383793, 0.000201684379135, 0.000391886831494, 0.000293872260954, 0.000404928316129, 0.000253765785601, 0.000154435052536, 0.00011674228881, 0.00013032030256, 0.000115478658699, 5.09841338499e-05, 8.08854674688e-05, 7.84696967457e-05, 8.02305949037e-05, 0.000156742491527, 8.10506899143e-05, 7.26523139747e-05, 0.000165651756106, 0.000110200220661, 0.000111065462988, 7.34192653908e-05, 4.73951258755e-05, 7.75194639573e-05, 6.14558593952e-05, 3.64751540474e-05, 2.29491761274e-05, 3.11737858283e-05, 3.45613516401e-05, 1.78221671376e-05, 2.91043688776e-05, 5.29910066689e-05, 2.97723399854e-05, 1.19184496725e-05, 1.87495643331e-05, 1.18783109428e-05, 9.71080953605e-06, 1.25774204207e-05, 1.06857269202e-05, 8.93696324056e-06, 1.08761823867e-05, 9.4043871286e-06, 6.83405096424e-06, 6.43463636152e-06, 5.40017708772e-06, 7.33639990358e-06, 7.25421250536e-06, 5.24991901329e-06, 4.81227198179e-06, 5.61998467674e-06, 6.57120517644e-06, 5.93825325268e-06, 7.35302819521e-06, 7.02858687873e-06, 5.40964629181e-06, 5.19727291248e-06, 5.30095849172e-06, 8.05393847259e-06, 1.00913866845e-05, 8.2837377704e-06, 6.33138097328e-06, 7.10897165845e-06, 8.2325477706e-06, 8.89559669304e-06, 8.31684701552e-06, 9.21471473703e-06, 1.11768895295e-05, 9.41095822782e-06, 1.00863917396e-05, 8.69131326908e-06, 8.79083199834e-06, 8.52121411299e-06, 7.3320447882e-06, 7.67675282987e-06, 9.60554825724e-06, 5.61958904655e-06, 4.00079488827e-06, 2.77815161098e-06, 3.24008829011e-06, 3.93812115362e-06, 2.33494438362e-06, 1.23997995161e-06, 1.13903934107e-06, 7.62350396144e-07, 5.68136954371e-07, 2.21006843049e-07, 8.82125661406e-08, 2.51320191325e-08, 1.67634421899e-08, 8.81748185577e-09, 2.66386379622e-09, 1.69049640952e-09, 1.6162708949e-09, 1.55584367612e-09, 1.50619550165e-09, 1.4590194608e-09, 1.42114020552e-09, 1.38667377581e-09, 1.35967537229e-09, 1.34015298858e-09, 1.32412458775e-09, 1.31526523006e-09]
    },
    "mfcc": {
        "mean": [-631.8671875, 108.415908813, -20.9824409485, -5.69936943054, -9.18496608734, -3.14536857605, -3.31004118919, 5.23197460175, 4.49794197083, 3.84779548645, 3.16469240189, -2.27363681793, -5.46680021286],
        "cov": [[4523.41748047, 787.944702148, 2657.91040039, 1874.97302246, 1319.24182129, 643.874450684, 201.144332886, -287.910980225, -171.535140991, 101.176803589, 80.4252471924, 162.531936646, 104.791595459], [787.944702148, 888.748779297, 616.81439209, 681.83807373, 465.320678711, 225.32762146, 99.6281585693, -49.0265579224, -49.7622337341, 33.9276199341, 81.9638214111, 77.054397583, 60.4640235901], [2657.91040039, 616.81439209, 2184.66748047, 1409.04821777, 1052.82946777, 541.062316895, 173.050598145, -191.30758667, -160.556106567, 28.5695610046, 7.26361513138, 117.894889832, 128.314590454], [1874.97302246, 681.83807373, 1409.04821777, 1196.11303711, 839.455810547, 426.448883057, 120.667266846, -131.076034546, -87.2134552002, 30.6645240784, 34.2033882141, 86.4509658813, 85.9847412109], [1319.24182129, 465.320678711, 1052.82946777, 839.455810547, 712.777893066, 358.421478271, 108.033500671, -76.6215591431, -47.2882347107, 27.010175705, 10.8477420807, 58.8644447327, 62.2442169189], [643.874450684, 225.32762146, 541.062316895, 426.448883057, 358.421478271, 250.320144653, 84.2526092529, -22.9358825684, -19.225933075, 16.2680397034, 4.69820737839, 27.2432231903, 31.7888755798], [201.144332886, 99.6281585693, 173.050598145, 120.667266846, 108.033500671, 84.2526092529, 101.449485779, 29.9777126312, 1.08274495602, 11.5950193405, 12.4920225143, 13.3854570389, 14.8307638168], [-287.910980225, -49.0265579224, -191.30758667, -131.076034546, -76.6215591431, -22.9358825684, 29.9777126312, 96.0478363037, 48.2607002258, 3.75734686852, 0.558548808098, -6.73429918289, -4.80703830719], [-171.535140991, -49.7622337341, -160.556106567, -87.2134552002, -47.2882347107, -19.225933075, 1.08274495602, 48.2607002258, 84.2296295166, 20.6560935974, -1.09420847893, -7.8842086792, -11.7689380646], [101.176803589, 33.9276199341, 28.5695610046, 30.6645240784, 27.010175705, 16.2680397034, 11.5950193405, 3.75734686852, 20.6560935974, 65.2431106567, 33.9861106873, 11.0422782898, 0.0493987165391], [80.4252471924, 81.9638214111, 7.26361513138, 34.2033882141, 10.8477420807, 4.69820737839, 12.4920225143, 0.558548808098, -1.09420847893, 33.9861106873, 72.2999725342, 29.0608081818, 1.65624713898], [162.531936646, 77.054397583, 117.894889832, 86.4509658813, 58.8644447327, 27.2432231903, 13.3854570389, -6.73429918289, -7.8842086792, 11.0422782898, 29.0608081818, 59.2184257507, 26.0819854736], [104.791595459, 60.4640235901, 128.314590454, 85.9847412109, 62.2442169189, 31.7888755798, 14.8307638168, -4.80703830719, -11.7689380646, 0.0493987165391, 1.65624713898, 26.0819854736, 59.7185401917]],
        "icov": [[0.00104954489507, 0.000378956145141, -0.000851457705721, -0.00106571626384, 0.000150153704453, 0.000640645273961, -0.000640889047645, 0.000909579568543, -0.00039814284537, -0.000641397607978, -0.000519260647707, -0.000437987939222, 0.00100116874091], [0.000378956145141, 0.0029138289392, 0.000843579240609, -0.00277400319465, -0.000651984533761, 0.00103794655297, -0.00163204362616, 0.000281563668977, 0.000835451821331, -6.27924091532e-05, -0.00185589387547, -0.000698740186635, -0.000357274839189], [-0.000851457705721, 0.000843579240609, 0.00379729317501, -0.00182887446135, -0.00156856502872, -0.00031877917354, -0.00146348052658, 0.000585572386626, 0.00264520430937, -0.000534356804565, 0.00181419251021, -0.00125958223362, -0.00164908519946], [-0.00106571626384, -0.00277400319465, -0.00182887446135, 0.00999208819121, -0.00459424313158, -0.00215928605758, 0.00239570136182, 0.00100024172571, -0.00115285313223, 0.00194548652507, -0.00123534956947, 0.00130359572358, -0.00111898477189], [0.000150153704453, -0.000651984533761, -0.00156856502872, -0.00459424313158, 0.0124054504558, -0.00681996811181, 0.000875104160514, -0.000256872153841, -0.00199452531524, -0.000904988439288, 0.00189540337306, -0.000442769291112, 0.000592612370383], [0.000640645273961, 0.00103794655297, -0.00031877917354, -0.00215928605758, -0.00681996811181, 0.0177017115057, -0.00670323846862, -5.06833421241e-05, -0.000194497362827, -0.00104416708928, 0.000494475010782, 0.00042920926353, 0.000726449477952], [-0.000640889047645, -0.00163204362616, -0.00146348052658, 0.00239570136182, 0.000875104160514, -0.00670323846862, 0.020389765501, -0.0107719879597, 0.0023516046349, -0.00032114770147, -0.00190570298582, 0.00137812225148, -0.000887884525582], [0.000909579568543, 0.000281563668977, 0.000585572386626, 0.00100024172571, -0.000256872153841, -5.06833421241e-05, -0.0107719879597, 0.024007152766, -0.0104612130672, 0.00237402995117, -0.00109401438385, -0.000731099687982, -0.00139115657657], [-0.00039814284537, 0.000835451821331, 0.00264520430937, -0.00115285313223, -0.00199452531524, -0.000194497362827, 0.0023516046349, -0.0104612130672, 0.0224760062993, -0.00873238965869, 0.004856093321, -0.00170845817775, 0.0016335103428], [-0.000641397607978, -6.27924091532e-05, -0.000534356804565, 0.00194548652507, -0.000904988439288, -0.00104416708928, -0.00032114770147, 0.00237402995117, -0.00873238965869, 0.0252677723765, -0.0129719842225, 0.00286443345249, -0.00132710812613], [-0.000519260647707, -0.00185589387547, 0.00181419251021, -0.00123534956947, 0.00189540337306, 0.000494475010782, -0.00190570298582, -0.00109401438385, 0.004856093321, -0.0129719842225, 0.0279856324196, -0.0123882526532, 0.00441941712052], [-0.000437987939222, -0.000698740186635, -0.00125958223362, 0.00130359572358, -0.000442769291112, 0.00042920926353, 0.00137812225148, -0.000731099687982, -0.00170845817775, 0.00286443345249, -0.0123882526532, 0.0294994935393, -0.0107419453561], [0.00100116874091, -0.000357274839189, -0.00164908519946, -0.00111898477189, 0.000592612370383, 0.000726449477952, -0.000887884525582, -0.00139115657657, 0.0016335103428, -0.00132710812613, 0.00441941712052, -0.0107419453561, 0.0245007388294]]
    },
    "spectral_contrast_coeffs": {
        "max": [-0.465233653784, -0.537287414074, -0.581313788891, -0.61705738306, -0.645448625088, -0.654487371445],
        "mean": [-0.736880779266, -0.740262329578, -0.750377297401, -0.794922173023, -0.79107606411, -0.765124857426],
        "min": [-0.874096035957, -0.89230799675, -0.89568823576, -0.902830123901, -0.867809176445, -0.885907292366],
        "stdev": [0.0650064721704, 0.0608952492476, 0.052331391722, 0.0421609915793, 0.0301064550877, 0.0291151553392]
    },
    "spectral_contrast_valleys": {
        "max": [-4.81133842468, -4.55290365219, -5.42660713196, -6.05004310608, -6.09574890137, -7.21509504318],
        "mean": [-7.35394763947, -6.51941776276, -6.81661128998, -7.18613195419, -7.48794651031, -10.0745697021],
        "min": [-11.9710912704, -8.77944946289, -8.77752494812, -8.65112495422, -9.52454948425, -13.3958120346],
        "stdev": [2.00484275818, 0.771568834782, 0.432169735432, 0.363314300776, 0.541733503342, 0.963124394417]
    }
},
"rhythm": {
    "beats_count": 72,
    "beats_loudness": {
        "max": 0.0894509926438,
        "mean": 0.0424980968237,
        "min": 0.00150621589273,
        "stdev": 0.0267122648656
    },
    "bpm": 123.590484619,
    "bpm_histogram_first_peak_bpm": 123,
    "bpm_histogram_first_peak_weight": 0.519230723381,
    "bpm_histogram_second_peak_bpm": 112,
    "bpm_histogram_second_peak_spread": 0.363636374474,
    "bpm_histogram_second_peak_weight": 0.0985915511847,
    "danceability": 0.912431120872,
    "onset_rate": 2.49982357025,
    "beats_loudness_band_ratio": {
        "max": [0.878687739372, 0.455028772354, 0.719090342522, 0.849165916443, 0.408595144749, 0.128190115094],
        "mean": [0.414090394974, 0.162860006094, 0.222616732121, 0.193861082196, 0.0614254921675, 0.0377181693912],
        "min": [2.79793894151e-05, 0.000438230665168, 0.029118411243, 0.0138983530924, 0.00708255171776, 0.00673668179661],
        "stdev": [0.304287582636, 0.141834080219, 0.159937292337, 0.235945269465, 0.0548625551164, 0.0239328593016]
    },
    "beats_position": [0.452789098024, 0.917188167572, 1.38158726692, 1.8575963974, 2.34521532059, 2.83283448219, 3.32045340538, 3.80807256699, 4.29569149017, 4.78331041336, 5.27092981339, 5.75854873657, 6.24616765976, 6.73378658295, 7.20979595184, 7.6858048439, 8.17342376709, 8.64943313599, 9.12544155121, 9.62467098236, 10.1239004135, 10.6115188599, 11.1339683533, 11.6448068619, 12.2369155884, 12.8290243149, 13.3746938705, 13.9087524414, 14.4428119659, 14.9768705368, 15.5109291077, 16.0449886322, 16.5790481567, 17.1014957428, 17.6355552673, 18.1463947296, 18.6688423157, 19.179681778, 19.6789112091, 20.1781406403, 20.6773700714, 21.1765975952, 21.6758270264, 22.1750564575, 22.6858959198, 23.1735134125, 23.6495227814, 24.1255321503, 24.6131515503, 25.1007709503, 25.5767803192, 26.0527877808, 26.5404071808, 27.0164165497, 27.4924259186, 27.9800453186, 28.4676647186, 28.9552822113, 29.4429016113, 29.9189109802, 30.3949203491, 30.8825397491, 31.3701572418, 31.8577766418, 32.3453979492, 32.8214035034, 33.2974128723, 33.7734222412, 34.2726516724, 34.7486610413, 35.2246704102, 35.7122879028],
