{
"metadata": {
    "version": {
        "essentia": "2.1-beta5",
        "essentia_git_sha": "Undefined",
        "extractor": "music 2.0"
    },
    "audio_properties": {
        "analysis": {
            "equal_loudness": 0,
            "length": 20.8863487244,
            "sample_rate": 44100,
            "start_time": 175.229385376,
            "downmix": "mix"
        },
        "bit_rate": 192000,
        "length": 196.138961792,
        "lossless": 0,
        "number_channels": 2,
        "replay_gain": -2.71088218689,
        "sample_rate": 48000,
        "codec": "mp3",
        "md5_encoded": "b76bb60c800e72f89acae44c0b1ed879"
    },
    "tags": {
        "file_name": "Lithuania_I_ve Been Waiting for This Night_Donny Montell.mp3",
        "encoding": ["Lavf58.29.100"]
    }
},
"lowlevel": {
    "average_loudness": 0.703766465187,
    "barkbands_crest": {
        "max": 26.8686122894,
        "mean": 10.476940155,
        "min": 3.03428530693,
        "stdev": 4.28820562363
    },
    "barkbands_flatness_db": {
        "max": 0.497688084841,
        "mean": 0.157524839044,
        "min": 0.0532516390085,
        "stdev": 0.0549198016524
    },
    "barkbands_kurtosis": {
        "max": 929.366699219,
        "mean": 3.76554226875,
        "min": -1.66945493221,
        "stdev": 33.0547866821
    },
    "barkbands_skewness": {
        "max": 30.1967601776,
        "mean": 1.23899805546,
        "min": -1.71857821941,
        "stdev": 1.37812006474
    },
    "barkbands_spread": {
        "max": 90.4020080566,
        "mean": 20.3683605194,
        "min": 0.602203547955,
        "stdev": 14.5213327408
    },
    "dissonance": {
        "max": 0.500000059605,
        "mean": 0.470699757338,
        "min": 0.332289367914,
        "stdev": 0.0264904424548
    },
    "dynamic_complexity": 3.68348193169,
    "erbbands_crest": {
        "max": 28.5435390472,
        "mean": 10.5281085968,
        "min": 1.94914782047,
        "stdev": 4.66486787796
    },
    "erbbands_flatness_db": {
        "max": 0.368165314198,
        "mean": 0.208382040262,
        "min": 0.0257116481662,
        "stdev": 0.0697234198451
    },
    "erbbands_kurtosis": {
        "max": 18.2809715271,
        "mean": 1.67343115807,
        "min": -1.45948660374,
        "stdev": 2.23720645905
    },
    "erbbands_skewness": {
        "max": 3.39656662941,
        "mean": 0.796132743359,
        "min": -1.77598237991,
        "stdev": 0.783317506313
    },
    "erbbands_spread": {
        "max": 87.2573547363,
        "mean": 23.9314823151,
        "min": 3.36025953293,
        "stdev": 12.8975257874
    },
    "hfc": {
        "max": 203.118377686,
        "mean": 26.1948165894,
        "min": 3.24121856465e-07,
        "stdev": 26.6367855072
    },
    "loudness_ebu128": {
        "integrated": -19.8155879974,
        "loudness_range": 10.1784667969,
        "momentary": {
            "max": -16.1977977753,
            "mean": -22.1673622131,
            "min": -41.4318466187,
            "stdev": 5.27051401138
        },
        "short_term": {
            "max": -16.7768821716,
            "mean": -21.6718330383,
            "min": -29.7329616547,
            "stdev": 3.70981240273
        }
    },
    "melbands_crest": {
        "max": 39.9525604248,
        "mean": 13.8056230545,
        "min": 3.09225344658,
        "stdev": 5.53004646301
    },
    "melbands_flatness_db": {
        "max": 0.477487385273,
        "mean": 0.1718903929,
        "min": 0.0156743321568,
        "stdev": 0.048482645303
    },
    "melbands_kurtosis": {
        "max": 1646.06945801,
        "mean": 8.65454483032,
        "min": -1.70132184029,
        "stdev": 58.1540260315
    },
    "melbands_skewness": {
        "max": 39.2696685791,
        "mean": 1.86506402493,
        "min": -0.365925729275,
        "stdev": 1.72922897339
    },
    "melbands_spread": {
        "max": 198.78302002,
        "mean": 24.7405147552,
        "min": 0.572454094887,
        "stdev": 18.9126110077
    },
    "pitch_salience": {
        "max": 0.871046483517,
        "mean": 0.568456351757,
        "min": 0.0047677946277,
        "stdev": 0.123976014555
    },
    "silence_rate_20dB": {
        "max": 1,
        "mean": 1,
        "min": 1,
        "stdev": 0
    },
    "silence_rate_30dB": {
        "max": 1,
        "mean": 0.995560467243,
        "min": 0,
        "stdev": 0.0664820745587
    },
    "silence_rate_60dB": {
        "max": 1,
        "mean": 0.138734742999,
        "min": 0,
        "stdev": 0.345670372248
    },
    "spectral_centroid": {
        "max": 4227.75830078,
        "mean": 1566.5255127,
        "min": 368.9765625,
        "stdev": 574.829162598
    },
    "spectral_complexity": {
        "max": 54,
        "mean": 21.6814651489,
        "min": 0,
        "stdev": 12.8759717941
    },
    "spectral_decrease": {
        "max": -3.81412345173e-16,
        "mean": -5.81456927051e-09,
        "min": -3.88654193273e-08,
        "stdev": 5.80242387471e-09
    },
    "spectral_energy": {
        "max": 0.157142400742,
        "mean": 0.0243214853108,
        "min": 1.46893686104e-09,
        "stdev": 0.0237677432597
    },
    "spectral_energyband_high": {
        "max": 0.0239730719477,
        "mean": 0.00110792729538,
        "min": 1.72501388174e-11,
        "stdev": 0.00224039587192
    },
    "spectral_energyband_low": {
        "max": 0.118856325746,
        "mean": 0.00765763409436,
        "min": 9.10401587451e-10,
        "stdev": 0.0157028660178
    },
    "spectral_energyband_middle_high": {
        "max": 0.0530319847167,
        "mean": 0.00956807471812,
        "min": 2.94969187964e-11,
        "stdev": 0.00886591989547
    },
    "spectral_energyband_middle_low": {
        "max": 0.0550815649331,
        "mean": 0.00632614409551,
        "min": 1.26007771925e-11,
        "stdev": 0.00580249959603
    },
    "spectral_entropy": {
        "max": 9.02156639099,
        "mean": 7.70136260986,
        "min": 6.69423246384,
        "stdev": 0.347604215145
    },
    "spectral_flux": {
        "max": 0.268875539303,
        "mean": 0.0816409885883,
        "min": 0.000261930894339,
        "stdev": 0.0466016754508
    },
    "spectral_kurtosis": {
        "max": 17.7351493835,
        "mean": 4.70767116547,
        "min": -1.30130469799,
        "stdev": 2.42721962929
    },
    "spectral_rms": {
        "max": 0.0123818283901,
        "mean": 0.00430033355951,
        "min": 1.19712535707e-06,
        "stdev": 0.00228809285909
    },
    "spectral_rolloff": {
        "max": 10292.8710938,
        "mean": 1775.25683594,
        "min": 21.533203125,
        "stdev": 1259.34399414
    },
    "spectral_skewness": {
        "max": 2.9575009346,
        "mean": 1.71598005295,
        "min": 0.118707224727,
        "stdev": 0.411062449217
    },
    "spectral_spread": {
        "max": 16269558,
        "mean": 4362432.5,
        "min": 2352503.5,
        "stdev": 1370017.375
    },
    "spectral_strongpeak": {
        "max": 9.99773216248,
        "mean": 1.30814003944,
        "min": 0,
        "stdev": 1.32723498344
    },
    "zerocrossingrate": {
        "max": 0.33642578125,
        "mean": 0.0699380263686,
        "min": 0,
        "stdev": 0.0302162729204
    },
    "barkbands": {
        "max": [0.00437099207193, 0.113005056977, 0.0151937799528, 0.00673136068508, 0.0184969268739, 0.013346510008, 0.0227221827954, 0.0182878375053, 0.0499936416745, 0.0251412112266, 0.0203089676797, 0.0383232310414, 0.0144715104252, 0.0125463400036, 0.0155608421192, 0.0103543559089, 0.0039706598036, 0.00440737325698, 0.00304050883278, 0.00443179206923, 0.00934936571866, 0.00482142344117, 0.00231507257558, 0.00484771374613, 0.00857590790838, 0.00137807731517, 7.08159541318e-06],
        "mean": [0.000181263516424, 0.00647353101522, 0.000906161149032, 0.000219709894736, 0.000807467615232, 0.000575186219066, 0.00106605072506, 0.000597837963142, 0.00258743227459, 0.00178865191992, 0.0017347750254, 0.00156369421165, 0.000938393350225, 0.000802867696621, 0.00088567903731, 0.000727333710529, 0.000441651296569, 0.000424841156928, 0.000318278180202, 0.000299392821034, 0.000234338935115, 0.000167265170603, 0.000173126405571, 0.000197282235604, 0.000177164023626, 3.20685649058e-05, 9.98688243214e-09],
        "min": [2.51955900588e-10, 4.59081384019e-10, 4.85211220161e-12, 2.58200795814e-12, 2.78611335391e-12, 1.10531939504e-12, 1.09684527086e-12, 2.94826359507e-12, 1.46269790984e-12, 3.2096499937e-12, 4.58989617147e-12, 4.41627073453e-12, 3.05803928187e-12, 3.19226914867e-12, 1.95320213996e-12, 1.7327474091e-12, 1.42636737924e-12, 1.37515714961e-12, 1.76929814116e-12, 1.38739356375e-12, 2.72681356661e-12, 1.24465195095e-12, 1.76358363677e-12, 1.89759709682e-12, 2.47413959979e-12, 3.01943366143e-12, 3.74511055848e-12],
        "stdev": [0.000425940001151, 0.0142755247653, 0.0019878866151, 0.000628108915407, 0.00177453039214, 0.00127705023624, 0.00239827646874, 0.00147968775127, 0.00411297893152, 0.00265859463252, 0.00278418674134, 0.00400624843314, 0.00145610200707, 0.00140525074676, 0.00142227252945, 0.00118328421377, 0.000558713276405, 0.000577992352191, 0.000404845894082, 0.000482125440612, 0.000678553245962, 0.000427857594332, 0.000271744211204, 0.000434468413005, 0.00060853199102, 0.000111403904157, 2.36164439116e-07]
    },
    "erbbands": {
        "max": [3.76027274132, 25.4485378265, 24.7848873138, 15.0282115936, 35.9778747559, 93.4914627075, 79.0241012573, 141.881103516, 398.957580566, 364.992645264, 484.186981201, 1455.97888184, 793.71887207, 719.783691406, 883.058044434, 1122.94714355, 577.186828613, 709.152038574, 823.284606934, 929.875427246, 666.868103027, 223.530548096, 221.622833252, 138.572296143, 170.239959717, 224.114517212, 134.192779541, 529.242492676, 203.184906006, 120.485679626, 66.5076751709, 97.3312835693, 94.4099960327, 96.7364501953, 64.4939880371, 12.5756645203, 1.58502459526, 0.12941724062, 0.00304910424165, 0.000409046508139],
        "mean": [0.195607468486, 1.38329327106, 1.56162405014, 0.702786266804, 1.30189502239, 2.91998076439, 4.19602012634, 5.47023534775, 13.896446228, 13.0870513916, 19.1043205261, 58.8349761963, 57.3098106384, 73.1765365601, 72.1562271118, 50.2165985107, 41.8536911011, 42.8395004272, 44.3272094727, 47.2624053955, 36.4806480408, 25.1395435333, 25.3463497162, 16.1625614166, 17.8213062286, 14.6395845413, 8.97041225433, 9.44385719299, 6.14044475555, 4.92348003387, 5.20919466019, 4.7672162056, 2.89117264748, 2.29254031181, 1.02792274952, 0.27748003602, 0.0302467811853, 0.000930386653636, 5.7006975112e-05, 3.58398610842e-05],
        "min": [2.45727669324e-08, 6.57988010744e-08, 1.39228806262e-08, 1.3448538283e-08, 1.23912231587e-08, 8.55949711109e-09, 1.17245759768e-08, 7.0715060474e-09, 1.30800286158e-08, 2.799986909e-08, 7.92587329101e-08, 3.02107707739e-08, 4.54686563955e-08, 1.94055203906e-07, 1.86971263361e-07, 1.75517598677e-07, 1.46098273035e-07, 1.60774220603e-07, 1.27612210576e-07, 8.58228830225e-08, 1.07654614112e-07, 7.23688842186e-08, 6.97958455476e-08, 8.99534242649e-08, 9.79702576842e-08, 6.17943101133e-08, 1.22114727219e-07, 7.2706107801e-08, 4.87358242651e-08, 4.38230962629e-08, 4.97259868837e-08, 4.2087382468e-08, 2.9384647604e-08, 2.60696708665e-08, 2.06871622055e-08, 1.28642083652e-08, 5.16526688088e-09, 1.81582071601e-09, 3.79435483033e-10, 7.45794467849e-11],
        "stdev": [0.481335282326, 3.02895832062, 3.26382493973, 1.53286397457, 3.10375952721, 7.50694227219, 10.0666980743, 12.3796043396, 32.5791511536, 31.4797821045, 37.7568626404, 108.690132141, 78.2277069092, 98.0300674438, 114.661247253, 113.913658142, 60.2532691956, 80.0637207031, 71.2426605225, 82.8623123169, 58.036945343, 31.5675678253, 32.5554580688, 19.353061676, 23.7621688843, 24.2217140198, 14.257563591, 36.7533531189, 17.7208404541, 9.88531684875, 8.04725551605, 9.23326683044, 7.58664035797, 6.92743062973, 3.96364736557, 0.992398440838, 0.10808262229, 0.00527576636523, 0.000167567151948, 3.99850869144e-05]
    },
    "gfcc": {
        "mean": [-31.79413414, 55.8528404236, -171.286972046, 3.3300538063, -78.7605056763, 26.734703064, -42.2362937927, 23.1607723236, -21.1143360138, 0.602803707123, -15.4072265625, -3.64365386963, -2.28843522072],
        "cov": [[11389.3076172, 72.3299407959, 1393.51281738, 2202.69433594, 709.178833008, 908.363464355, 190.105316162, 380.221832275, 1.99834394455, 543.576660156, 414.0652771, 382.935028076, -1.74582326412], [72.3299407959, 1375.71337891, 1354.22570801, 802.305664062, 512.907897949, 191.407043457, -37.7934379578, 78.8170394897, 63.8089179993, 107.109184265, 56.1401138306, -38.8379821777, 57.5399208069], [1393.51281738, 1354.22570801, 2508.27368164, 1538.5958252, 811.613952637, 416.042663574, -141.359954834, 237.694976807, 59.4811248779, 310.45010376, 129.15296936, 90.1866760254, 46.6548652649], [2202.69433594, 802.305664062, 1538.5958252, 1418.33300781, 706.770202637, 402.849487305, 75.8727264404, 179.036437988, 62.6667480469, 282.706848145, 144.086517334, 120.928291321, 44.6838951111], [709.178833008, 512.907897949, 811.613952637, 706.770202637, 495.543609619, 255.540481567, 113.639533997, 118.194625854, 40.4113464355, 156.173904419, 47.5762939453, 61.6608123779, 19.2482795715], [908.363464355, 191.407043457, 416.042663574, 402.849487305, 255.540481567, 288.362121582, 153.198440552, 77.5076370239, 14.8335971832, 88.5086212158, 60.7748832703, 42.8893432617, -8.40777397156], [190.105316162, -37.7934379578, -141.359954834, 75.8727264404, 113.639533997, 153.198440552, 289.539459229, 39.6905822754, 19.4812679291, 32.3096504211, 5.68013095856, 30.412147522, -14.9483861923], [380.221832275, 78.8170394897, 237.694976807, 179.036437988, 118.194625854, 77.5076370239, 39.6905822754, 126.121635437, 52.6076393127, 70.9831085205, 28.23462677, 27.9929141998, 11.5954656601], [1.99834394455, 63.8089179993, 59.4811248779, 62.6667480469, 40.4113464355, 14.8335971832, 19.4812679291, 52.6076393127, 92.898765564, 40.7594490051, 17.3795318604, -1.55867755413, 10.6976127625], [543.576660156, 107.109184265, 310.45010376, 282.706848145, 156.173904419, 88.5086212158, 32.3096504211, 70.9831085205, 40.7594490051, 125.21963501, 56.6512794495, 48.0376052856, 6.40116214752], [414.0652771, 56.1401138306, 129.15296936, 144.086517334, 47.5762939453, 60.7748832703, 5.68013095856, 28.23462677, 17.3795318604, 56.6512794495, 132.065170288, 47.3431434631, 15.7673025131], [382.935028076, -38.8379821777, 90.1866760254, 120.928291321, 61.6608123779, 42.8893432617, 30.412147522, 27.9929141998, -1.55867755413, 48.0376052856, 47.3431434631, 90.5725402832, 18.6277923584], [-1.74582326412, 57.5399208069, 46.6548652649, 44.6838951111, 19.2482795715, -8.40777397156, -14.9483861923, 11.5954656601, 10.6976127625, 6.40116214752, 15.7673025131, 18.6277923584, 58.9984817505]],
        "icov": [[0.000308901857352, -0.000267499184702, 0.000691917317454, -0.00111349322833, 0.00117541197687, -0.00125701003708, 0.000853979028761, -0.000934284296818, 0.000703578756656, -0.000748692080379, 0.000440229516244, -0.000744502409361, 0.000474654952995], [-0.000267499184702, 0.00329571170732, -0.00261897989549, 0.00164216419216, -0.00366203603335, 0.00284716626629, -0.00226864218712, 0.00280482624657, -0.00217296974733, 0.00304580223747, -0.00250195083208, 0.0041692792438, -0.00250461115502], [0.000691917317454, -0.00261897989549, 0.00487267645076, -0.00422810623422, 0.00315843662247, -0.00507219787687, 0.00539112230763, -0.00456478632987, 0.00306845526211, -0.00350671610795, 0.00276554352604, -0.00347369140945, 0.00261533958837], [-0.00111349322833, 0.00164216419216, -0.00422810623422, 0.00843056477606, -0.00773816509172, 0.00393938180059, -0.00341129302979, 0.00524940341711, -0.00310189975426, 0.00106071669143, -0.00297287944704, 0.00287803797983, -0.00315298978239], [0.00117541197687, -0.00366203603335, 0.00315843662247, -0.00773816509172, 0.0169832520187, -0.00779550010338, 0.00169964751694, -0.0058910488151, 0.0041616614908, -0.00715919677168, 0.00623077200726, -0.00579216703773, 0.00209184456617], [-0.00125701003708, 0.00284716626629, -0.00507219787687, 0.00393938180059, -0.00779550010338, 0.0173804536462, -0.00997407175601, 0.00317780813202, -0.00177174457349, 0.006187540479, -0.00656043505296, 0.00596924638376, -0.000399595795898], [0.000853979028761, -0.00226864218712, 0.00539112230763, -0.00341129302979, 0.00169964751694, -0.00997407175601, 0.0123039418831, -0.00443529104814, 0.00149711943232, -0.00353558268398, 0.00401767203584, -0.00547743774951, 0.00333933043294], [-0.000934284296818, 0.00280482624657, -0.00456478632987, 0.00524940341711, -0.0058910488151, 0.00317780813202, -0.00443529104814, 0.0196607001126, -0.00951578002423, -0.000659836863633, -0.00176238815766, 0.00259865424596, -0.004294664599], [0.000703578756656, -0.00217296974733, 0.00306845526211, -0.00310189975426, 0.0041616614908, -0.00177174457349, 0.00149711943232, -0.00951578002423, 0.0194875188172, -0.00813173409551, 0.000655172741972, 0.00209082080983, -0.000784248579293], [-0.000748692080379, 0.00304580223747, -0.00350671610795, 0.00106071669143, -0.00715919677168, 0.006187540479, -0.00353558268398, -0.000659836863633, -0.00813173409551, 0.02697452344, -0.00691451132298, -0.00141750811599, 0.00227161310613], [0.000440229516244, -0.00250195083208, 0.00276554352604, -0.00297287944704, 0.00623077200726, -0.00656043505296, 0.00401767203584, -0.00176238815766, 0.000655172741972, -0.00691451132298, 0.014325988479, -0.00748448073864, 8.02869253675e-05], [-0.000744502409361, 0.0041692792438, -0.00347369140945, 0.00287803797983, -0.00579216703773, 0.00596924638376, -0.00547743774951, 0.00259865424596, 0.00209082080983, -0.00141750811599, -0.00748448073864, 0.0242029316723, -0.0085460068658], [0.000474654952995, -0.00250461115502, 0.00261533958837, -0.00315298978239, 0.00209184456617, -0.000399595795898, 0.00333933043294, -0.004294664599, -0.000784248579293, 0.00227161310613, 8.02869253675e-05, -0.0085460068658, 0.0232494361699]]
    },
    "melbands": {
        "max": [0.0331505462527, 0.0176322292536, 0.00253263651393, 0.00503009371459, 0.00265330588445, 0.00300005287863, 0.00537096289918, 0.00344679108821, 0.00359735661186, 0.00804516207427, 0.00408906489611, 0.00285662803799, 0.00263347988948, 0.00526095693931, 0.00209014280699, 0.00138200854417, 0.00126053858548, 0.00164376501925, 0.00168203515932, 0.00103241100442, 0.00083208119031, 0.000271484721452, 0.000460734008811, 0.000224934177822, 9.90589469438e-05, 0.000153610410052, 0.000152004460688, 0.000151385262143, 8.72329401318e-05, 0.000167740887264, 0.000321492581861, 9.81045595836e-05, 0.000138824936585, 4.48439604952e-05, 3.31446317432e-05, 4.73959480587e-05, 6.94855771144e-05, 6.75638584653e-05, 0.000109897759103, 7.37351874704e-05],
        "mean": [0.00179879576899, 0.00113126391079, 0.000139023482916, 0.000154270790517, 0.000150456631673, 0.000122153287521, 0.000216481334064, 0.000137837210787, 0.000187178899068, 0.000381096178899, 0.000280996668153, 0.000290581374429, 0.000235351748415, 0.000208796293009, 8.10638302937e-05, 9.88056563074e-05, 7.35941139283e-05, 7.07921717549e-05, 6.27575791441e-05, 5.52412457182e-05, 4.02583464165e-05, 2.22501930693e-05, 2.98053382721e-05, 1.92562019947e-05, 1.18602993098e-05, 1.2966099348e-05, 1.23130603242e-05, 8.91072795639e-06, 5.90847685089e-06, 4.5775500439e-06, 5.68814948565e-06, 3.31132878273e-06, 3.28142346007e-06, 2.4909570584e-06, 2.93073276225e-06, 3.10928362524e-06, 2.86978843178e-06, 1.99784335564e-06, 2.00013300855e-06, 1.92399647858e-06],
        "min": [2.08754777353e-10, 1.37945883015e-12, 1.69567138109e-12, 5.9291384736e-13, 3.66026517906e-13, 1.60716437988e-13, 2.13263204297e-13, 3.6977135221e-13, 6.31550692819e-13, 1.54126860471e-13, 2.00132906124e-13, 7.8399943872e-13, 6.35525486403e-13, 4.78773379449e-13, 3.82123694666e-13, 2.90850703981e-13, 3.03303524874e-13, 2.15129170446e-13, 1.40761493715e-13, 1.02039125034e-13, 1.34146559421e-13, 8.00283843643e-14, 5.553266248e-14, 6.94189511105e-14, 7.21228090271e-14, 7.22592355417e-14, 6.59921200801e-14, 2.99756625229e-14, 7.35329969115e-14, 6.76291569404e-14, 3.39140845127e-14, 2.93161084601e-14, 1.90306619205e-14, 2.63621352666e-14, 2.64944790824e-14, 3.1003963909e-14, 2.33243701859e-14, 2.03191921567e-14, 1.6235465053e-14, 2.53167475319e-14],
        "stdev": [0.00414085062221, 0.00227256957442, 0.000286424881779, 0.000395338545786, 0.000339481106494, 0.000274310470559, 0.000482907315018, 0.000309111346724, 0.000351592781954, 0.000647485081572, 0.000403092446504, 0.000396127870772, 0.000344412634149, 0.00053699320415, 0.000166421581525, 0.0001663970761, 0.000138743969728, 0.00012909504585, 0.000114593596663, 0.000100402379758, 6.91884197295e-05, 2.78942570731e-05, 4.56509114883e-05, 2.73944642686e-05, 1.47276523421e-05, 1.75135483005e-05, 1.79818234756e-05, 1.65328474395e-05, 9.14992961043e-06, 1.08197891677e-05, 2.39575128944e-05, 8.75348177942e-06, 9.65252911556e-06, 4.27955092164e-06, 4.47530510428e-06, 5.42931229575e-06, 6.0668239712e-06, 5.07050617671e-06, 6.36429012957e-06, 5.81609856454e-06]
    },
    "melbands128": {
        "max": [0.00411171885207, 0.02998829633, 0.0528369620442, 0.0415722057223, 0.0187779814005, 0.0050830617547, 0.00319698709063, 0.00339319137856, 0.00329921534285, 0.00806924141943, 0.00614445563406, 0.00484178680927, 0.00378660159186, 0.00396058987826, 0.00363833550364, 0.00513754505664, 0.00740813044831, 0.00792879331857, 0.00697283586487, 0.00596911227331, 0.00416163681075, 0.00685548782349, 0.00623263651505, 0.00981513783336, 0.0179012566805, 0.00871219858527, 0.00805629044771, 0.00719270156696, 0.00692806020379, 0.0044701276347, 0.0058106710203, 0.00672578765079, 0.00412611477077, 0.00544646568596, 0.0103227999061, 0.00617070775479, 0.0071940664202, 0.00330826733261, 0.00349474232644, 0.00287466635928, 0.00253169727512, 0.0045942813158, 0.00201602117158, 0.00192630128004, 0.00343399634585, 0.00199916912243, 0.00129060063045, 0.00382128334604, 0.00207111728378, 0.00316094956361, 0.0019181574462, 0.00080635107588, 0.00183648627717, 0.000727172882762, 0.000241418500082, 0.0004511209263, 0.000379824021365, 0.000725668098312, 0.000522411894053, 0.000352533563273, 0.00038104786654, 0.000396270537749, 0.000164371915162, 0.000167738064192, 0.00021370050672, 0.000206577693461, 0.000266637071036, 0.000313368451316, 0.000230261895922, 0.000257956009591, 0.00019510416314, 0.000162959870067, 8.98107900866e-05, 0.000114087277325, 5.09108722326e-05, 4.7268000344e-05, 0.000194560212549, 0.000641920720227, 0.00036176055437, 0.000113631038403, 0.000129926687805, 7.33912384021e-05, 0.000214134459384, 0.000212002400076, 5.30963261554e-05, 6.72849273542e-05, 4.25759753853e-05, 3.92399488192e-05, 4.65183402412e-05, 6.56020420138e-05, 5.64160909562e-05, 6.32586961729e-05, 7.26892030798e-05, 9.80335171334e-05, 9.2487251095e-05, 7.39943934605e-05, 7.58363021305e-05, 6.50864458294e-05, 0.000112718465971, 0.00016542369849, 8.31853394629e-05, 8.25965544209e-05, 0.000120828219224, 0.000110952023533, 9.56483563641e-05, 3.92730398744e-05, 3.95886490878e-05, 3.37678211508e-05, 2.0198391212e-05, 1.83408265002e-05, 1.46198899529e-05, 6.75549154039e-06, 5.61384695175e-06, 3.05235062115e-06, 4.36458276454e-06, 4.03098681545e-07, 3.67311869809e-08, 3.40150165812e-08, 3.27000684308e-08, 3.1527484623e-08, 3.05367002795e-08, 2.96773112751e-08, 2.88629031786e-08, 2.82526233519e-08, 2.77480811661e-08, 2.73114348914e-08, 2.70334190589e-08, 2.68520299329e-08],
        "mean": [0.000167314647115, 0.00142892205622, 0.00268260226585, 0.00217372272164, 0.00109013810288, 0.000326545879943, 0.000119861986605, 0.000109416068881, 0.000117767958727, 0.000170955579961, 0.000160099123605, 0.00017508007295, 0.000144601566717, 0.00012084194168, 0.00012124569912, 0.000107116356958, 0.000178685979336, 0.000281152431853, 0.000208657220355, 0.00012661141227, 0.000107369516627, 0.000142437813338, 0.000123105288367, 0.000305719207972, 0.000468800251838, 0.000350250164047, 0.000369834480807, 0.000242476773565, 0.000241530651692, 0.000278537685517, 0.000337356614182, 0.000270082557108, 0.00019226311997, 0.000207447010325, 0.000345070147887, 0.00016190604947, 8.03546354291e-05, 6.56780903228e-05, 9.51973270276e-05, 9.15430646273e-05, 8.36021645227e-05, 0.00014208011271, 6.2917402829e-05, 4.25145954068e-05, 7.77339082561e-05, 7.49336031731e-05, 7.02810502844e-05, 5.23353228346e-05, 5.93234362896e-05, 8.51824443089e-05, 4.65160701424e-05, 3.43969077221e-05, 5.85884590691e-05, 3.38215395459e-05, 1.91798171727e-05, 1.80756978807e-05, 2.45426708716e-05, 4.23007986683e-05, 2.55557642959e-05, 1.86474680959e-05, 2.30469813687e-05, 1.59700539371e-05, 1.11718190965e-05, 1.04689652289e-05, 1.39218791446e-05, 1.07428595584e-05, 1.53907276399e-05, 1.26895047288e-05, 1.11883027785e-05, 1.22582323456e-05, 9.83815789368e-06, 6.87484043738e-06, 5.69663461647e-06, 6.72965961712e-06, 4.61596482637e-06, 3.59755381396e-06, 4.58420436189e-06, 7.0670535024e-06, 6.2248877839e-06, 4.0664417611e-06, 3.3182682273e-06, 2.65194489657e-06, 3.78558183911e-06, 3.57313206223e-06, 2.76589139503e-06, 2.40980875787e-06, 2.47231560024e-06, 2.38200004787e-06, 3.19452169606e-06, 3.04765649162e-06, 3.09791835207e-06, 3.15374563797e-06, 3.08280664285e-06, 2.90973571282e-06, 2.84179941445e-06, 2.23475080929e-06, 1.77962704129e-06, 1.63634967976e-06, 2.04565935746e-06, 2.17941283154e-06, 1.97390090761e-06, 1.96381984097e-06, 1.7624939801e-06, 1.50421863054e-06, 1.13605710794e-06, 8.87376643277e-07, 6.94558821124e-07, 5.88503780818e-07, 4.42715588633e-07, 3.54816791059e-07, 2.60390095264e-07, 1.17965591073e-07, 2.74586682281e-08, 1.28564998647e-08, 7.0421650733e-09, 1.35086575259e-09, 1.38105207825e-10, 4.19185519629e-11, 4.02868849392e-11, 3.88475120128e-11, 3.76378650468e-11, 3.66232842663e-11, 3.56500766407e-11, 3.48832213115e-11, 3.41503353374e-11, 3.34092024878e-11, 3.29573382474e-11, 3.27224497498e-11],
        "min": [6.55270421257e-11, 2.56750981587e-10, 1.28221239182e-10, 3.51934844114e-13, 7.76425202343e-13, 3.01253293145e-12, 2.13758698242e-12, 1.15561195595e-12, 1.23593919387e-12, 3.93035918481e-13, 3.88086264513e-13, 3.60421951616e-13, 4.10593244517e-13, 3.3731738648e-13, 7.26188721786e-14, 1.44710103817e-13, 1.07702692251e-13, 2.55774053196e-13, 3.28583514564e-13, 2.23642285246e-13, 3.71748747237e-13, 7.86149140578e-13, 6.99596576417e-13, 5.32886343559e-13, 8.11472945588e-14, 6.14140831831e-14, 1.26443194565e-13, 2.51605322948e-13, 1.6101182887e-13, 5.67312581461e-13, 7.79620346145e-13, 7.13366919789e-13, 6.45631551693e-13, 4.21487714522e-13, 2.72064597413e-13, 4.77522806453e-13, 4.35583399861e-13, 3.77366540794e-13, 1.27633228422e-13, 2.9918190321e-13, 2.76428402737e-13, 2.6748677058e-13, 3.24433378383e-13, 3.20098087576e-13, 2.53237047217e-13, 1.90581030774e-13, 1.771640831e-13, 1.53059219487e-13, 1.29001071435e-13, 8.50651404242e-14, 8.94574263841e-14, 1.27769797238e-13, 1.35255915083e-13, 1.35626292098e-13, 1.34610204927e-13, 5.50388185548e-14, 5.61044097194e-14, 6.57656912327e-14, 3.87953829218e-14, 7.1939605965e-14, 5.827779123e-14, 9.34057722119e-14, 5.84871506695e-14, 8.32887564798e-14, 6.28086450037e-14, 7.24524674739e-14, 7.06731900649e-14, 8.25560390991e-14, 6.40628771819e-14, 4.39679488564e-14, 2.55960041302e-14, 2.65514471303e-14, 3.56589893247e-14, 9.75200551822e-14, 9.57302406833e-14, 7.4210589388e-14, 5.72866407089e-14, 3.59283085325e-14, 3.37706615059e-14, 2.56870567839e-14, 2.82514354792e-14, 3.46644608363e-14, 2.34361819231e-14, 1.24192004608e-14, 1.89743596405e-14, 2.7406486233e-14, 3.52105734706e-14, 1.43849572553e-14, 2.70544610342e-14, 2.6020887715e-14, 4.76790407557e-14, 1.62373268314e-14, 3.50054966296e-14, 2.42708583537e-14, 1.46126380175e-14, 2.4706655111e-14, 1.48151551248e-14, 2.65360717883e-14, 2.02692002722e-14, 3.67757480556e-15, 2.46433478685e-14, 3.18893538962e-14, 2.28388305718e-14, 1.97787122916e-14, 1.47613939437e-14, 3.0937919056e-14, 2.98065879704e-14, 3.36359663267e-14, 2.40091827712e-14, 1.01044059526e-14, 1.78688037674e-14, 9.11890429432e-15, 2.583370021e-14, 1.48029087225e-14, 7.99320428368e-15, 1.86039284157e-14, 1.03389121063e-14, 1.86611437972e-14, 1.43316907414e-14, 8.57068847723e-15, 7.33954895829e-15, 1.2224436246e-14, 1.69751433504e-14, 4.34866850646e-14, 2.22997313703e-14, 5.52312237828e-15, 2.65483037911e-15, 2.79537627964e-16],
        "stdev": [0.000403919664677, 0.00378365814686, 0.00654768012464, 0.00468973815441, 0.00233264779672, 0.000690116838086, 0.000302374421153, 0.000324924156303, 0.000299104431178, 0.000613672658801, 0.000479542242829, 0.000500956142787, 0.000442742108135, 0.000338127429131, 0.00033927478944, 0.000331139250193, 0.000579859130085, 0.000700250791851, 0.000621380517259, 0.000470993079944, 0.000281957240077, 0.000450898689451, 0.000382392376196, 0.00072818499757, 0.00124583847355, 0.000605055247433, 0.000681966193952, 0.000511670252308, 0.000569303345401, 0.000466015480924, 0.0006539656315, 0.000565526017454, 0.000427488441346, 0.000511464255396, 0.00108521140646, 0.000513357750606, 0.000317227822961, 0.000212322862353, 0.000195409011212, 0.0001872091525, 0.000195877917577, 0.00043692975305, 0.000143674347783, 9.4621675089e-05, 0.000197634464712, 0.000166940357303, 0.000135975511512, 0.000181516996236, 0.000146714228322, 0.000205935924896, 0.000123154575704, 7.58737151045e-05, 0.000129866763018, 6.31696093478e-05, 2.68416188192e-05, 3.3212301787e-05, 4.35618021584e-05, 7.79652036726e-05, 5.08193916176e-05, 3.38283789461e-05, 4.33619170508e-05, 2.98562536045e-05, 1.67541929841e-05, 1.54788467626e-05, 2.18792411033e-05, 1.81850500667e-05, 2.60429642367e-05, 2.33175342146e-05, 2.19535177166e-05, 2.37257063418e-05, 2.10746256926e-05, 1.64857483469e-05, 9.82436813501e-06, 1.17412027976e-05, 6.97843051967e-06, 5.50390222998e-06, 1.17398813018e-05, 3.85558923881e-05, 2.87262882921e-05, 9.22366871237e-06, 9.93386493064e-06, 6.19897309662e-06, 1.34236433951e-05, 1.25429824038e-05, 5.45065267943e-06, 5.10298787049e-06, 4.17946694142e-06, 4.15706927015e-06, 5.28723876414e-06, 5.0842231758e-06, 5.63464482184e-06, 6.22766356173e-06, 6.11942823525e-06, 6.50138099445e-06, 7.47841659177e-06, 5.53118206881e-06, 5.4286078921e-06, 4.86099179398e-06, 6.73576278132e-06, 7.76071556174e-06, 5.67839788346e-06, 5.82387883696e-06, 6.8712065513e-06, 6.59359784549e-06, 5.10177414981e-06, 3.30607758769e-06, 2.98576946989e-06, 2.25361509365e-06, 1.56988824074e-06, 1.26681834445e-06, 8.60188379193e-07, 3.90757350033e-07, 2.5810257398e-07, 1.37525745458e-07, 1.48552331325e-07, 1.73715495322e-08, 1.75159609039e-09, 1.13246789724e-09, 1.0886929136e-09, 1.04965480752e-09, 1.01666686181e-09, 9.88052639705e-10, 9.60935886418e-10, 9.40617916889e-10, 9.23825627108e-10, 9.09296804519e-10, 9.00038932272e-10, 8.94003038265e-10]
    },
    "mfcc": {
        "mean": [-655.206848145, 88.8213653564, -37.250579834, -21.1807327271, -11.7257022858, -9.38723659515, -4.09203290939, 6.74297380447, 3.7444190979, 7.40678691864, -2.73251581192, -2.55008339882, -3.32890152931],
        "cov": [[9894.45117188, -954.05682373, 930.106567383, 1206.65539551, 759.084777832, 803.16217041, 645.934020996, 293.457000732, 85.0820388794, 151.223068237, 185.199874878, 346.049713135, 453.897521973], [-954.05682373, 986.289855957, 709.605407715, 406.751098633, 437.305084229, 117.618141174, 85.561050415, -15.5760250092, 60.3033447266, 73.3760452271, 63.4924507141, -3.9583697319, -61.5671348572], [930.106567383, 709.605407715, 1727.21362305, 1059.13562012, 1020.85266113, 364.412353516, 276.302581787, 10.6184177399, 87.6113967896, 133.226547241, 134.483093262, 143.497360229, 71.271270752], [1206.65539551, 406.751098633, 1059.13562012, 1044.56274414, 755.768249512, 415.867126465, 285.381103516, 65.6350097656, 144.607284546, 105.325050354, 133.229110718, 141.407333374, 108.251548767], [759.084777832, 437.305084229, 1020.85266113, 755.768249512, 758.122802734, 269.693725586, 202.635726929, 19.4187583923, 84.8923797607, 101.029914856, 97.4688262939, 107.199516296, 71.3310165405], [803.16217041, 117.618141174, 364.412353516, 415.867126465, 269.693725586, 357.585113525, 234.174926758, 110.587509155, 87.1205368042, 63.4127731323, 84.6488265991, 65.6015625, 50.8109931946], [645.934020996, 85.561050415, 276.302581787, 285.381103516, 202.635726929, 234.174926758, 250.746582031, 106.329772949, 59.779838562, 58.4173812866, 69.833694458, 60.2249183655, 54.1478805542], [293.457000732, -15.5760250092, 10.6184177399, 65.6350097656, 19.4187583923, 110.587509155, 106.329772949, 115.400619507, 57.3934402466, 33.5738716125, 35.4612236023, 27.174407959, 23.5352039337], [85.0820388794, 60.3033447266, 87.6113967896, 144.607284546, 84.8923797607, 87.1205368042, 59.779838562, 57.3934402466, 134.433990479, 43.9756736755, 51.0558242798, 21.0197086334, 9.60092163086], [151.223068237, 73.3760452271, 133.226547241, 105.325050354, 101.029914856, 63.4127731323, 58.4173812866, 33.5738716125, 43.9756736755, 93.3275680542, 48.8407859802, 29.2395381927, 17.9190273285], [185.199874878, 63.4924507141, 134.483093262, 133.229110718, 97.4688262939, 84.6488265991, 69.833694458, 35.4612236023, 51.0558242798, 48.8407859802, 92.1008529663, 44.9914550781, 21.1556415558], [346.049713135, -3.9583697319, 143.497360229, 141.407333374, 107.199516296, 65.6015625, 60.2249183655, 27.174407959, 21.0197086334, 29.2395381927, 44.9914550781, 82.5250015259, 56.3902893066], [453.897521973, -61.5671348572, 71.271270752, 108.251548767, 71.3310165405, 50.8109931946, 54.1478805542, 23.5352039337, 9.60092163086, 17.9190273285, 21.1556415558, 56.3902893066, 103.351371765]],
        "icov": [[0.000194250897039, 0.000313976022881, -5.09269157192e-05, -0.000134475747473, -7.20380194252e-05, -0.000174382133991, -9.76218725555e-05, -0.00013169318845, 0.000217226770474, -8.96703641047e-05, -6.82556765241e-06, 5.6710174249e-05, -0.000307691312628], [0.000313976022881, 0.0022660328541, -0.000590064446442, -0.000273632613244, -0.000582600769121, 2.13850944419e-05, -0.000340572703863, -7.20944663044e-05, 0.000180773276952, -0.000578780542128, -0.000653397408314, 0.00129321170971, 0.000762631534599], [-5.09269157192e-05, -0.000590064446442, 0.00329475174658, -0.00082418997772, -0.00334404036403, 0.000345512497006, -0.000317922123941, 0.000236653242609, 0.00110860227142, -0.000134835790959, -0.000129738735268, -0.000835194019601, 0.00111680058762], [-0.000134475747473, -0.000273632613244, -0.00082418997772, 0.00587733602151, -0.00297435885295, -0.00326190306805, 0.000137591428938, 0.00201681745239, -0.00273839011788, 0.00151703692973, 0.000130750311655, -0.00142140663229, -0.00129476271104], [-7.20380194252e-05, -0.000582600769121, -0.00334404036403, -0.00297435885295, 0.00954847130924, 0.00053031736752, -0.000758043141104, 0.00158490729518, -0.000605116598308, -0.00194549211301, 0.00103448319715, -0.000765335280448, -0.000824543705676], [-0.000174382133991, 2.13850944419e-05, 0.000345512497006, -0.00326190306805, 0.00053031736752, 0.010719595477, -0.0056115728803, -0.00322755821981, 0.000173375607119, 0.000334870826919, -0.00166044489015, 0.00138033775147, 0.00150833837688], [-9.76218725555e-05, -0.000340572703863, -0.000317922123941, 0.000137591428938, -0.000758043141104, -0.0056115728803, 0.0139114316553, -0.00723621994257, 0.00224064104259, -0.000623091415036, -0.00172432197724, 0.000334011740051, -0.00198704167269], [-0.00013169318845, -7.20944663044e-05, 0.000236653242609, 0.00201681745239, 0.00158490729518, -0.00322755821981, -0.00723621994257, 0.0213278010488, -0.00658757518977, -0.00185064622201, 0.00181737821549, -0.00321091385558, -1.38155570539e-07], [0.000217226770474, 0.000180773276952, 0.00110860227142, -0.00273839011788, -0.000605116598308, 0.000173375607119, 0.00224064104259, -0.00658757518977, 0.0136026777327, -0.00242957100272, -0.00449639884755, 0.00243884464726, 0.000663339160383], [-8.96703641047e-05, -0.000578780542128, -0.000134835790959, 0.00151703692973, -0.00194549211301, 0.000334870826919, -0.000623091415036, -0.00185064622201, -0.00242957100272, 0.0172458812594, -0.00589988520369, -0.000367228407413, -0.000877303187735], [-6.82556765241e-06, -0.000653397408314, -0.000129738735268, 0.000130750311655, 0.00103448319715, -0.00166044489015, -0.00172432197724, 0.00181737821549, -0.00449639884755, -0.00589988520369, 0.0222907178104, -0.0100053502247, 0.00252204760909], [5.6710174249e-05, 0.00129321170971, -0.000835194019601, -0.00142140663229, -0.000765335280448, 0.00138033775147, 0.000334011740051, -0.00321091385558, 0.00243884464726, -0.000367228407413, -0.0100053502247, 0.0289732385427, -0.0109312683344], [-0.000307691312628, 0.000762631534599, 0.00111680058762, -0.00129476271104, -0.000824543705676, 0.00150833837688, -0.00198704167269, -1.38155570539e-07, 0.000663339160383, -0.000877303187735, 0.00252204760909, -0.0109312683344, 0.0184744913131]]
    },
    "spectral_contrast_coeffs": {
        "max": [-0.402014791965, -0.521350264549, -0.520227491856, -0.631144821644, -0.635021805763, -0.607250809669],
        "mean": [-0.723660409451, -0.735380172729, -0.736214578152, -0.79438149929, -0.79723829031, -0.776199102402],
        "min": [-0.96131414175, -0.977557718754, -0.964489102364, -0.943433880806, -0.954091250896, -0.937615096569],
        "stdev": [0.0849400907755, 0.0752673000097, 0.0592847913504, 0.044145591557, 0.0363867133856, 0.0368397384882]
    },
    "spectral_contrast_valleys": {
        "max": [-5.33994722366, -5.44625711441, -5.48870372772, -5.81903648376, -5.74878120422, -7.3617811203],
        "mean": [-8.40124607086, -7.01666736603, -6.98845052719, -7.15916776657, -7.53642606735, -10.1379747391],
        "min": [-18.9398880005, -17.9817810059, -17.7997550964, -17.9327373505, -16.6775913239, -18.1999816895],
        "stdev": [1.88939630985, 0.887090802193, 1.01532363892, 0.94413203001, 1.08946466446, 1.19591152668]
    }
},
"rhythm": {
    "beats_count": 42,
    "beats_loudness": {
        "max": 0.101213678718,
        "mean": 0.0295447986573,
        "min": 0.000157999951625,
        "stdev": 0.0273313242942
    },
    "bpm": 126.411323547,
    "bpm_histogram_first_peak_bpm": 126,
    "bpm_histogram_first_peak_weight": 0.526315808296,
    "bpm_histogram_second_peak_bpm": 133,
    "bpm_histogram_second_peak_spread": 0.300000011921,
    "bpm_histogram_second_peak_weight": 0.170731708407,
    "danceability": 0.78977149725,
    "onset_rate": 2.392578125,
    "beats_loudness_band_ratio": {
        "max": [0.79621309042, 0.871484577656, 0.774318695068, 0.846595227718, 0.300230383873, 0.495056092739],
        "mean": [0.203010156751, 0.109537862241, 0.264569967985, 0.288999915123, 0.112884916365, 0.0469054542482],
        "min": [1.77429483301e-05, 0.000288356561214, 0.0232414696366, 0.00436433171853, 0.018413124606, 0.00519440183416],
        "stdev": [0.245084956288, 0.172067523003, 0.201184228063, 0.232274115086, 0.0720342323184, 0.0733139961958]
    },
    "beats_position": [0.452789098024, 0.905578196049, 1.35836732388, 1.8111563921, 2.2523355484, 2.70512461662, 3.15791368484, 3.59909296036, 4.04027223587, 4.49306106567, 4.95746040344, 5.42185926437, 5.87464857101, 6.33904743195, 6.80344676971, 7.26784563065, 7.74385452271, 8.2198638916, 8.6958732605, 9.17188167572, 9.63628101349, 10.1122903824, 10.5999088287, 11.0991382599, 11.5867567062, 12.144036293, 12.7013149261, 13.2585935593, 13.7810430527, 14.2918815613, 14.8143310547, 15.3251695633, 15.8360090256, 16.3468475342, 16.8576869965, 17.3685264587, 17.8445339203, 18.3205432892, 18.8081626892, 19.2841720581, 19.760181427, 20.247800827],
