{
"metadata": {
    "version": {
        "essentia": "2.1-beta5",
        "essentia_git_sha": "Undefined",
        "extractor": "music 2.0"
    },
    "audio_properties": {
        "analysis": {
            "equal_loudness": 0,
            "length": 32.4963264465,
            "sample_rate": 44100,
            "start_time": 126.490699768,
            "downmix": "mix"
        },
        "bit_rate": 192000,
        "length": 193.329360962,
        "lossless": 0,
        "number_channels": 2,
        "replay_gain": -1.95876121521,
        "sample_rate": 48000,
        "codec": "mp3",
        "md5_encoded": "d235d5328da1945f0ac0f1f9026a6642"
    },
    "tags": {
        "file_name": "Finland_Sing It Away_Sandhja.mp3",
        "encoding": ["Lavf58.29.100"]
    }
},
"lowlevel": {
    "average_loudness": 0.942723095417,
    "barkbands_crest": {
        "max": 21.3495597839,
        "mean": 9.40855693817,
        "min": 3.01938128471,
        "stdev": 3.66236972809
    },
    "barkbands_flatness_db": {
        "max": 0.251320451498,
        "mean": 0.140365958214,
        "min": 0.0453238971531,
        "stdev": 0.0377188883722
    },
    "barkbands_kurtosis": {
        "max": 31.34116745,
        "mean": 1.03439235687,
        "min": -1.79380965233,
        "stdev": 2.65845298767
    },
    "barkbands_skewness": {
        "max": 5.32280921936,
        "mean": 0.883133769035,
        "min": -1.34583556652,
        "stdev": 0.782579958439
    },
    "barkbands_spread": {
        "max": 93.4735641479,
        "mean": 24.4098529816,
        "min": 5.60946416855,
        "stdev": 11.7274446487
    },
    "dissonance": {
        "max": 0.499920636415,
        "mean": 0.467530250549,
        "min": 0.316417336464,
        "stdev": 0.0250955391675
    },
    "dynamic_complexity": 1.79200708866,
    "erbbands_crest": {
        "max": 30.6985931396,
        "mean": 10.5269727707,
        "min": 3.02149295807,
        "stdev": 4.70638465881
    },
    "erbbands_flatness_db": {
        "max": 0.299252986908,
        "mean": 0.173749506474,
        "min": 0.0751105770469,
        "stdev": 0.043676327914
    },
    "erbbands_kurtosis": {
        "max": 26.4406604767,
        "mean": 1.50309681892,
        "min": -1.67365324497,
        "stdev": 2.25620722771
    },
    "erbbands_skewness": {
        "max": 3.07835292816,
        "mean": 0.341781616211,
        "min": -3.44815993309,
        "stdev": 0.710705637932
    },
    "erbbands_spread": {
        "max": 113.918380737,
        "mean": 26.4456939697,
        "min": 4.7167429924,
        "stdev": 15.2880573273
    },
    "hfc": {
        "max": 195.684066772,
        "mean": 27.2504901886,
        "min": 0.346871465445,
        "stdev": 20.2813720703
    },
    "loudness_ebu128": {
        "integrated": -20.6900424957,
        "loudness_range": 3.35478782654,
        "momentary": {
            "max": -17.3366241455,
            "mean": -21.0745353699,
            "min": -27.3896179199,
            "stdev": 1.87731456757
        },
        "short_term": {
            "max": -18.5589904785,
            "mean": -21.0250701904,
            "min": -22.7798366547,
            "stdev": 1.27066457272
        }
    },
    "melbands_crest": {
        "max": 33.1739501953,
        "mean": 14.2317304611,
        "min": 4.15899181366,
        "stdev": 5.35139989853
    },
    "melbands_flatness_db": {
        "max": 0.349269717932,
        "mean": 0.196132928133,
        "min": 0.0582463629544,
        "stdev": 0.0551453791559
    },
    "melbands_kurtosis": {
        "max": 94.4162750244,
        "mean": 4.66803407669,
        "min": -1.68305528164,
        "stdev": 7.20897817612
    },
    "melbands_skewness": {
        "max": 8.60625457764,
        "mean": 1.64882588387,
        "min": -1.01648402214,
        "stdev": 1.10374808311
    },
    "melbands_spread": {
        "max": 92.0140991211,
        "mean": 27.7214012146,
        "min": 3.21302247047,
        "stdev": 12.79641819
    },
    "pitch_salience": {
        "max": 0.900891959667,
        "mean": 0.534694433212,
        "min": 0.20279327035,
        "stdev": 0.0996325910091
    },
    "silence_rate_20dB": {
        "max": 1,
        "mean": 1,
        "min": 1,
        "stdev": 0
    },
    "silence_rate_30dB": {
        "max": 1,
        "mean": 0.982155621052,
        "min": 0,
        "stdev": 0.132386103272
    },
    "silence_rate_60dB": {
        "max": 0,
        "mean": 0,
        "min": 0,
        "stdev": 0
    },
    "spectral_centroid": {
        "max": 3134.52416992,
        "mean": 1318.69238281,
        "min": 448.842468262,
        "stdev": 470.881622314
    },
    "spectral_complexity": {
        "max": 55,
        "mean": 21.6531047821,
        "min": 2,
        "stdev": 7.12223672867
    },
    "spectral_decrease": {
        "max": -1.78786277449e-10,
        "mean": -8.81734862901e-09,
        "min": -6.6396331988e-08,
        "stdev": 6.43680841961e-09
    },
    "spectral_energy": {
        "max": 0.254842609167,
        "mean": 0.0357503965497,
        "min": 0.000706242863089,
        "stdev": 0.0252955090255
    },
    "spectral_energyband_high": {
        "max": 0.0129773141816,
        "mean": 0.000818010070361,
        "min": 4.84465226691e-06,
        "stdev": 0.00135505245999
    },
    "spectral_energyband_low": {
        "max": 0.241150304675,
        "mean": 0.0158016253263,
        "min": 1.07406303869e-05,
        "stdev": 0.0205430742353
    },
    "spectral_energyband_middle_high": {
        "max": 0.0414329580963,
        "mean": 0.00977512635291,
        "min": 7.55679866415e-05,
        "stdev": 0.00751506676897
    },
    "spectral_energyband_middle_low": {
        "max": 0.0691091194749,
        "mean": 0.0110641838983,
        "min": 0.000478859408759,
        "stdev": 0.00844258256257
    },
    "spectral_entropy": {
        "max": 8.65727424622,
        "mean": 7.57604694366,
        "min": 6.61175441742,
        "stdev": 0.385723024607
    },
    "spectral_flux": {
        "max": 0.444167494774,
        "mean": 0.113993562758,
        "min": 0.031630795449,
        "stdev": 0.0498532764614
    },
    "spectral_kurtosis": {
        "max": 21.462896347,
        "mean": 5.84628772736,
        "min": -0.925793886185,
        "stdev": 3.15860676765
    },
    "spectral_rms": {
        "max": 0.0157679077238,
        "mean": 0.00564992427826,
        "min": 0.00083007075591,
        "stdev": 0.00171954662073
    },
    "spectral_rolloff": {
        "max": 10745.0683594,
        "mean": 1476.32287598,
        "min": 86.1328125,
        "stdev": 1173.20458984
    },
    "spectral_skewness": {
        "max": 3.25168848038,
        "mean": 1.87080180645,
        "min": 0.38976469636,
        "stdev": 0.397327452898
    },
    "spectral_spread": {
        "max": 22739032,
        "mean": 4453814,
        "min": 2107287.5,
        "stdev": 1959514.125
    },
    "spectral_strongpeak": {
        "max": 10.7643966675,
        "mean": 1.08289980888,
        "min": 0,
        "stdev": 1.53359663486
    },
    "zerocrossingrate": {
        "max": 0.24560546875,
        "mean": 0.0602684058249,
        "min": 0.01171875,
        "stdev": 0.0321928374469
    },
    "barkbands": {
        "max": [0.0114860273898, 0.0653558000922, 0.158598944545, 0.0398781709373, 0.0166379474103, 0.021652655676, 0.0460338555276, 0.0289011374116, 0.0229895040393, 0.0178118012846, 0.0352132022381, 0.0264917891473, 0.0202540997416, 0.0239965356886, 0.00974591914564, 0.0157909803092, 0.0231425352395, 0.007568041794, 0.00309161935002, 0.0015403869329, 0.00139615987428, 0.0016506051179, 0.00166180287488, 0.00338429189287, 0.0062078749761, 0.00354447751306, 3.01877062157e-05],
        "mean": [0.000930527981836, 0.00921719428152, 0.0042707961984, 0.00200821366161, 0.00137798767537, 0.00141311599873, 0.00202319049276, 0.00180044502486, 0.00172790826764, 0.00168692751322, 0.00162022118457, 0.00183029123582, 0.00104723428376, 0.000932984636165, 0.000849497155286, 0.00074199255323, 0.000605224457104, 0.00050790887326, 0.000253103178693, 0.000158961949637, 9.60247925832e-05, 9.62324629654e-05, 0.000119288561109, 0.00015543513291, 0.000203890449484, 7.57968809921e-05, 2.84019652241e-08],
        "min": [4.6498297479e-07, 2.98094664686e-06, 3.42559275168e-07, 2.12110293774e-07, 2.05931883102e-06, 8.46249713504e-06, 1.4691110664e-05, 1.53070541273e-05, 1.57971535373e-05, 1.92241750483e-05, 8.34527872939e-06, 1.97255894818e-06, 5.78288518227e-06, 2.43341901296e-06, 1.94991889657e-06, 1.75990567186e-06, 3.63675269455e-07, 6.39772042632e-06, 5.90834872582e-07, 1.56663975304e-06, 6.02106069891e-07, 1.43489273796e-07, 5.03580622535e-07, 5.23115659234e-07, 6.0711892047e-07, 1.93854585162e-10, 9.58103874016e-11],
        "stdev": [0.00127552414779, 0.0107319904491, 0.012094897218, 0.00361125404015, 0.00175924436189, 0.00199320819229, 0.00384074193425, 0.00291170692071, 0.00237427465618, 0.00233434699476, 0.0029407069087, 0.00342597253621, 0.00197184109129, 0.00168946722988, 0.0013258100953, 0.00158948358148, 0.00142601167317, 0.000757275382057, 0.000356544100214, 0.000197005065274, 0.000144809411722, 0.000161758071044, 0.000207054894418, 0.000319228041917, 0.000519862864166, 0.000242130525294, 8.14029021967e-07]
    },
    "erbbands": {
        "max": [2.90270495415, 20.6877498627, 151.070281982, 174.714935303, 112.941093445, 62.2423057556, 88.7460708618, 243.500961304, 792.617980957, 762.733825684, 750.307861328, 651.889038086, 561.983520508, 821.875427246, 1137.00109863, 1260.64099121, 998.832641602, 1254.78405762, 821.754760742, 639.858825684, 945.381408691, 1419.71911621, 382.917297363, 224.448135376, 84.3452301025, 77.5493087769, 56.9274711609, 55.6044921875, 53.5274963379, 62.4843406677, 45.6728401184, 57.3737449646, 83.6178817749, 80.6635437012, 49.99036026, 25.1152305603, 1.95912981033, 0.181402772665, 0.00510469591245, 0.000385766004911],
        "mean": [0.369108468294, 1.67356276512, 4.22514486313, 7.26841115952, 5.05751180649, 4.48280191422, 7.21244955063, 11.7515459061, 22.7982769012, 37.9216270447, 36.3547554016, 37.7086334229, 58.3269882202, 57.0486526489, 72.6593399048, 63.923992157, 46.1759376526, 53.2987594604, 48.6464424133, 36.6357383728, 45.6157951355, 31.9279747009, 29.3731784821, 18.3453330994, 9.66879558563, 7.14360046387, 4.5477976799, 3.62728071213, 3.34666156769, 3.56395506859, 3.39954972267, 2.91264390945, 2.82867312431, 2.39819502831, 1.39147746563, 0.606357395649, 0.0648235529661, 0.00214934139512, 9.82159181149e-05, 5.08166485815e-05],
        "min": [0.000190256716451, 0.000339750491548, 0.00138668634463, 0.00185603264254, 0.00565978512168, 0.00304740620777, 0.0219658464193, 0.110400013626, 0.240813583136, 0.627346515656, 1.00227749348, 0.971629023552, 1.30760014057, 0.730403661728, 0.415557771921, 0.0868906527758, 0.207179099321, 0.20344465971, 0.141911759973, 0.0719682425261, 0.0917545557022, 0.0432178974152, 0.333587169647, 0.127671465278, 0.0418083816767, 0.0661248788238, 0.0319436341524, 0.0218251645565, 0.00637415470555, 0.01378019806, 0.0130123840645, 0.0113706700504, 0.00881897378713, 0.00612046057358, 0.00385651458055, 0.000533508078661, 3.13321215799e-05, 3.31259593622e-06, 2.01062584892e-06, 9.76517185336e-07],
        "stdev": [0.45337125659, 2.24143600464, 11.2373352051, 15.0238904953, 7.11308383942, 6.4336476326, 11.6047344208, 18.1156806946, 48.3297424316, 61.3420677185, 56.3662185669, 52.6946907043, 71.7432861328, 79.8473739624, 120.087425232, 112.449790955, 80.0195388794, 87.8090667725, 78.7725372314, 52.8417625427, 94.1216049194, 71.35912323, 44.7322158813, 25.0461826324, 11.713973999, 8.70834350586, 5.83782339096, 5.93297481537, 5.60667276382, 6.22387552261, 5.87378263474, 5.26486301422, 6.60091257095, 6.15391635895, 3.69371247292, 1.84989857674, 0.184796720743, 0.00929960701615, 0.000256342289504, 4.18521922256e-05]
    },
    "gfcc": {
        "mean": [21.4204998016, 104.366371155, -129.754592896, 25.1125278473, -53.87758255, 34.2783737183, -36.2012367249, 26.6176776886, -20.3335056305, 4.69282770157, -9.57878494263, -3.59450030327, -6.30320549011],
        "cov": [[2020.0357666, -990.292663574, 323.045166016, 78.6879882812, -114.876541138, 94.7419281006, -369.803985596, -35.2497367859, -203.244888306, 91.377166748, -266.845062256, 133.429901123, -246.786697388], [-990.292663574, 1476.55859375, -43.4662590027, 71.1796951294, 291.715881348, -150.203430176, 318.609954834, -90.8621520996, 86.5446395874, -202.162918091, 208.638656616, -182.480117798, 194.291870117], [323.045166016, -43.4662590027, 529.992431641, 77.5046844482, -74.4867477417, 87.7142868042, -77.6557540894, -23.8034477234, -38.3547554016, 40.7461166382, -76.3273696899, 44.4802284241, -44.1750068665], [78.6879882812, 71.1796951294, 77.5046844482, 178.014541626, 76.14112854, 1.40780830383, 6.6733622551, 18.1175384521, 25.1673736572, -26.9871902466, 6.91285705566, -19.2662792206, 25.312046051], [-114.876541138, 291.715881348, -74.4867477417, 76.14112854, 253.791946411, -16.3702964783, 73.2680435181, 18.8293209076, 3.57821846008, -54.8909111023, 51.2303581238, -43.8467636108, 32.4894599915], [94.7419281006, -150.203430176, 87.7142868042, 1.40780830383, -16.3702964783, 159.534393311, 44.0339317322, -2.66036701202, -9.83864879608, 17.4636096954, -39.3871498108, 16.2360248566, -10.7953157425], [-369.803985596, 318.609954834, -77.6557540894, 6.6733622551, 73.2680435181, 44.0339317322, 246.07850647, 15.3432006836, 23.467634201, -42.9134025574, 65.7100219727, -31.5409355164, 61.6833877563], [-35.2497367859, -90.8621520996, -23.8034477234, 18.1175384521, 18.8293209076, -2.66036701202, 15.3432006836, 150.367950439, 46.4039306641, 8.51393127441, 28.7272491455, -11.611076355, 5.92410230637], [-203.244888306, 86.5446395874, -38.3547554016, 25.1673736572, 3.57821846008, -9.83864879608, 23.467634201, 46.4039306641, 130.156417847, 18.3371772766, 29.5159282684, -8.25671577454, 44.2608833313], [91.377166748, -202.162918091, 40.7461166382, -26.9871902466, -54.8909111023, 17.4636096954, -42.9134025574, 8.51393127441, 18.3371772766, 103.812423706, 0.472766906023, 51.9977836609, -25.842508316], [-266.845062256, 208.638656616, -76.3273696899, 6.91285705566, 51.2303581238, -39.3871498108, 65.7100219727, 28.7272491455, 29.5159282684, 0.472766906023, 152.29888916, -14.5829992294, 45.7498092651], [133.429901123, -182.480117798, 44.4802284241, -19.2662792206, -43.8467636108, 16.2360248566, -31.5409355164, -11.611076355, -8.25671577454, 51.9977836609, -14.5829992294, 115.408638, -5.89701223373], [-246.786697388, 194.291870117, -44.1750068665, 25.312046051, 32.4894599915, -10.7953157425, 61.6833877563, 5.92410230637, 44.2608833313, -25.842508316, 45.7498092651, -5.89701223373, 116.845779419]],
        "icov": [[0.00127873534802, 0.000179863287485, -1.79855342139e-05, -0.00107625324745, -0.000137442431878, -0.00040883856127, 0.00106313510332, -0.000236183885136, 0.00132763537113, -0.000166393234394, 0.000884277862497, -0.000753947766498, 0.0011552486103], [0.000179863287485, 0.0072151850909, -0.00513574993238, 0.00409211032093, -0.00521277170628, 0.00786432437599, -0.00660347240046, 0.00742623209953, -0.00609976937994, 0.0071771373041, -0.00444671465084, 0.00532039394602, -0.00325265899301], [-1.79855342139e-05, -0.00513574993238, 0.00645339069888, -0.00490455050021, 0.0045382771641, -0.00696793012321, 0.00533496867865, -0.00515318941325, 0.00530025130138, -0.00579694239423, 0.00360238342546, -0.0041808988899, 0.00263198232278], [-0.00107625324745, 0.00409211032093, -0.00490455050021, 0.0117229791358, -0.00559242628515, 0.00509715173393, -0.00412347214296, 0.0041047539562, -0.00677725253627, 0.00619657710195, -0.00338770262897, 0.00409666774794, -0.00400579115376], [-0.000137442431878, -0.00521277170628, 0.0045382771641, -0.00559242628515, 0.00960655324161, -0.00568985380232, 0.00385972717777, -0.00565138878301, 0.00529097858816, -0.00379932159558, 0.00202564080246, -0.00335295009427, 0.00255006854422], [-0.00040883856127, 0.00786432437599, -0.00696793012321, 0.00509715173393, -0.00568985380232, 0.0178116336465, -0.0110949641094, 0.00793518032879, -0.00678883306682, 0.00572866946459, -0.00235018646345, 0.00597768602893, -0.00393591728061], [0.00106313510332, -0.00660347240046, 0.00533496867865, -0.00412347214296, 0.00385972717777, -0.0110949641094, 0.0139378467575, -0.00722520099953, 0.00649531325325, -0.00461305817589, 0.00250073592179, -0.00532779097557, 0.00231743068434], [-0.000236183885136, 0.00742623209953, -0.00515318941325, 0.0041047539562, -0.00565138878301, 0.00793518032879, -0.00722520099953, 0.0156305450946, -0.00952472258359, 0.00714016985148, -0.00606849743053, 0.00622896710411, -0.00248084915802], [0.00132763537113, -0.00609976937994, 0.00530025130138, -0.00677725253627, 0.00529097858816, -0.00678883306682, 0.00649531325325, -0.00952472258359, 0.0184852480888, -0.0110422763973, 0.00530982064083, -0.00362010486424, -0.000331698916852], [-0.000166393234394, 0.0071771373041, -0.00579694239423, 0.00619657710195, -0.00379932159558, 0.00572866946459, -0.00461305817589, 0.00714016985148, -0.0110422763973, 0.024793189019, -0.00812607631087, -0.000937237404287, 0.000639973499347], [0.000884277862497, -0.00444671465084, 0.00360238342546, -0.00338770262897, 0.00202564080246, -0.00235018646345, 0.00250073592179, -0.00606849743053, 0.00530982064083, -0.00812607631087, 0.013557410799, -0.003064973047, 0.00029310779064], [-0.000753947766498, 0.00532039394602, -0.0041808988899, 0.00409666774794, -0.00335295009427, 0.00597768602893, -0.00532779097557, 0.00622896710411, -0.00362010486424, -0.000937237404287, -0.003064973047, 0.0167840030044, -0.00571481697261], [0.0011552486103, -0.00325265899301, 0.00263198232278, -0.00400579115376, 0.00255006854422, -0.00393591728061, 0.00231743068434, -0.00248084915802, -0.000331698916852, 0.000639973499347, 0.00029310779064, -0.00571481697261, 0.0159633290023]]
    },
    "melbands": {
        "max": [0.0195851940662, 0.0601213984191, 0.0251443833113, 0.00457841763273, 0.00236716168001, 0.00483716372401, 0.0108355041593, 0.00798907596618, 0.00697384634987, 0.0042483122088, 0.00293945521116, 0.00345402304083, 0.00407358119264, 0.00353480433114, 0.00182371260598, 0.00282359588891, 0.00260744662955, 0.00183488277253, 0.000731393927708, 0.0013950066641, 0.00139193050563, 0.00206792727113, 0.000602539512329, 0.000376963347662, 0.000232791571761, 9.8640070064e-05, 7.63356583775e-05, 5.30698271177e-05, 3.15076940751e-05, 4.25959005952e-05, 3.37076126016e-05, 2.94832825602e-05, 4.36206355516e-05, 3.15040088026e-05, 3.03355700453e-05, 3.22053747368e-05, 3.84086597478e-05, 5.60203625355e-05, 6.37428311165e-05, 7.28649247321e-05],
        "mean": [0.00287789781578, 0.00219538528472, 0.0011485691648, 0.000329317670548, 0.000227616270422, 0.000272207864327, 0.000375883217202, 0.000423192512244, 0.000275176571449, 0.000252060970524, 0.000289331917884, 0.000222789531108, 0.000234206556343, 0.000230061210459, 8.81128726178e-05, 0.000121777498862, 9.42755286815e-05, 7.74924992584e-05, 6.02517939114e-05, 4.6893965191e-05, 5.52222554688e-05, 3.71806636394e-05, 2.58331838268e-05, 2.27752261708e-05, 1.44311934491e-05, 7.52438518248e-06, 6.19955562797e-06, 4.35602760263e-06, 2.95447057397e-06, 2.3906811748e-06, 1.97918075173e-06, 1.86451529771e-06, 1.89907621007e-06, 1.99182272809e-06, 1.95895449906e-06, 1.88131093637e-06, 1.72443515112e-06, 1.89724687516e-06, 2.10546977542e-06, 2.02058117793e-06],
        "min": [1.72636623574e-06, 7.32365037948e-07, 5.20691003203e-07, 4.12953454543e-07, 5.50998606741e-07, 1.81473455996e-06, 3.61800152859e-06, 5.99484837949e-06, 5.08750508743e-06, 4.13057932747e-06, 4.46982176072e-06, 6.24774941116e-07, 1.16884757517e-06, 3.15736173206e-07, 1.19307273394e-07, 7.10030917617e-07, 3.05259817424e-07, 2.35318125874e-07, 1.05906266867e-07, 9.00730157127e-08, 1.12184075363e-07, 2.47151490385e-08, 1.44734343621e-07, 3.67875998109e-07, 7.48562385411e-08, 1.59276982714e-08, 5.50512559983e-08, 3.88451084632e-08, 2.35189929754e-08, 1.39788971509e-08, 1.22072059128e-08, 3.51902462725e-09, 2.27901453265e-09, 8.37687341715e-09, 7.34766691934e-09, 5.0980113464e-09, 5.76562486643e-09, 6.99479940636e-09, 4.40155512038e-09, 4.88507900798e-09],
        "stdev": [0.00335471052676, 0.00452012568712, 0.0022358126007, 0.00043762056157, 0.000323194166413, 0.000406350271078, 0.00074703048449, 0.000660454737954, 0.000442992168246, 0.000351495924406, 0.000366334832506, 0.00032902698149, 0.000402063102229, 0.000434623274487, 0.000139898678754, 0.000237353946432, 0.00016998477804, 0.000142232573126, 9.53571725404e-05, 9.26038701436e-05, 0.000125221835333, 0.000102636557131, 5.07682743773e-05, 3.61982783943e-05, 2.24353425438e-05, 1.06296674858e-05, 8.59960073285e-06, 5.8157265812e-06, 3.86374676964e-06, 4.05635955758e-06, 3.39595544574e-06, 3.1702807064e-06, 3.44244176631e-06, 3.5445134472e-06, 3.48886942447e-06, 3.41437953466e-06, 3.22392065755e-06, 4.47915681434e-06, 5.21442507306e-06, 5.37458481631e-06]
    },
    "melbands128": {
        "max": [0.00929761305451, 0.0296269077808, 0.0283408705145, 0.0371988713741, 0.0727949291468, 0.0768290907145, 0.0410485081375, 0.0182552598417, 0.0119527494535, 0.00487946579233, 0.00386165082455, 0.00283088139258, 0.00366595434025, 0.00417452771217, 0.00812247395515, 0.00856709387153, 0.0150169944391, 0.0151621196419, 0.0115992845967, 0.0125619107857, 0.0120982397348, 0.00801736023277, 0.0114479716867, 0.0066435886547, 0.00734034227207, 0.00576878665015, 0.00874665286392, 0.00523528968915, 0.00455835741013, 0.00472406763583, 0.00529805012047, 0.0114592015743, 0.00543521996588, 0.0068604843691, 0.00828351732343, 0.00784131791443, 0.00731724500656, 0.00105355028063, 0.00205669319257, 0.00492591271177, 0.00454666558653, 0.00392715167254, 0.0056010754779, 0.00294006802142, 0.00488535547629, 0.00318810716271, 0.00235549337231, 0.00158940593246, 0.00169881759211, 0.00142779201269, 0.00244015175849, 0.00296346424147, 0.00303886691108, 0.00276325689629, 0.00323963118717, 0.00442442577332, 0.000302117783576, 0.000801468617283, 0.00147264602128, 0.000769156205934, 0.000824354065116, 0.000340626051184, 0.000289614166832, 0.000442577322247, 0.000289157091174, 0.000227318480029, 0.000144390374771, 0.000149373692693, 0.000136407383252, 0.000115288894449, 0.000121759600006, 0.00011125610763, 7.03824698576e-05, 3.47278291883e-05, 4.05929386034e-05, 5.30924080522e-05, 5.61227316211e-05, 4.36824484495e-05, 3.73502552975e-05, 2.6677016649e-05, 5.18561719218e-05, 3.57802127837e-05, 5.52808342036e-05, 4.18984382122e-05, 4.75265551358e-05, 5.46628361917e-05, 3.75324925699e-05, 5.28028213012e-05, 3.93868176616e-05, 3.25391738443e-05, 3.65830455848e-05, 5.5739790696e-05, 3.46405358869e-05, 3.92515285057e-05, 4.41555312136e-05, 3.97206567868e-05, 8.77218044479e-05, 7.80585614848e-05, 9.16849676287e-05, 6.87158681103e-05, 7.37904701964e-05, 8.31109646242e-05, 0.000106590727228, 5.9445075749e-05, 0.000107681407826, 4.27664563176e-05, 8.5809500888e-05, 0.000136386835948, 5.2499002777e-05, 2.63960628217e-05, 1.31578717628e-05, 1.001243254e-05, 1.10461132863e-05, 9.49802415562e-06, 5.14933071827e-06, 1.97168947125e-06, 1.15371346965e-06, 4.80709765327e-08, 7.30051468167e-08, 1.7530307872e-08, 1.71203815569e-08, 1.68016462965e-08, 1.64951607928e-08, 1.6208357323e-08, 1.60042130659e-08, 1.58058348632e-08, 1.57033692716e-08, 1.56226445114e-08],
        "mean": [0.000867787748575, 0.00329216918908, 0.00356022827327, 0.00244028470479, 0.00200776266865, 0.00218993588351, 0.00166231009644, 0.000748753198422, 0.000479782000184, 0.000335328863002, 0.000233761398704, 0.000147448852658, 0.000259195338003, 0.000285894901026, 0.000239515866269, 0.000282996566966, 0.000309185677906, 0.000375099480152, 0.000501824019011, 0.000409184751334, 0.000424367812229, 0.000352337898221, 0.000264336966211, 0.00017941716942, 0.000204371302971, 0.000287504924927, 0.000341570441378, 0.000324033142533, 0.000205507007195, 0.000201309114345, 0.000218091605348, 0.000291302567348, 0.000185318363947, 0.000235311526922, 0.000299004750559, 0.000217309541767, 0.000157048212714, 6.46438929834e-05, 5.21809670317e-05, 0.000104851831566, 0.000159032322699, 0.000112341054773, 8.71412266861e-05, 9.61493351497e-05, 7.04369304003e-05, 7.61216142564e-05, 8.37728584884e-05, 6.59672732581e-05, 4.90755664941e-05, 3.63574399671e-05, 4.61378876935e-05, 5.88974617131e-05, 5.50235599803e-05, 5.00609712617e-05, 6.20816063019e-05, 3.97440162487e-05, 1.1130191524e-05, 2.27677610383e-05, 3.15581928589e-05, 3.19712271448e-05, 2.25556523219e-05, 1.60576728376e-05, 1.59048122441e-05, 1.53045675688e-05, 9.84091548162e-06, 6.86329576638e-06, 6.28920406598e-06, 6.25682696409e-06, 6.60450814394e-06, 5.52528854314e-06, 4.07523566537e-06, 4.04696902478e-06, 3.71925671061e-06, 2.3925649657e-06, 2.47502362072e-06, 2.80608060166e-06, 1.99031774173e-06, 2.24051541409e-06, 1.93361438505e-06, 1.7860928665e-06, 1.93030405171e-06, 1.84795806035e-06, 1.82151336503e-06, 1.84268139947e-06, 2.02364708457e-06, 2.10309440263e-06, 1.87021021247e-06, 1.9887390863e-06, 2.01263105737e-06, 1.8988789634e-06, 1.9154651909e-06, 1.91329945665e-06, 1.77036565674e-06, 1.63708557466e-06, 1.76820515208e-06, 1.7816809077e-06, 1.94736185222e-06, 2.00010572371e-06, 2.20926972361e-06, 2.10685561797e-06, 1.99059331862e-06, 2.11774045056e-06, 1.90473281236e-06, 1.68819235569e-06, 1.65461608503e-06, 1.26531210753e-06, 1.34877302571e-06, 1.76805929186e-06, 1.16475484901e-06, 5.22911591361e-07, 3.94770381718e-07, 2.81897484911e-07, 1.06425019908e-07, 5.38660422933e-08, 1.32821753596e-08, 3.17747939071e-09, 9.73516267599e-10, 5.64584663743e-11, 8.14602135746e-11, 3.02725379486e-11, 1.72640842594e-11, 1.69261826777e-11, 1.66259280648e-11, 1.6310191045e-11, 1.59529681132e-11, 1.55056280315e-11, 1.52572902229e-11, 1.51569087142e-11],
        "min": [1.07396687099e-07, 1.05323283606e-06, 7.60897819418e-07, 4.50310352562e-07, 2.1247984705e-07, 1.20061059761e-07, 1.70170622482e-07, 6.15166584339e-08, 2.31989560007e-07, 1.6906841438e-07, 1.73949192828e-08, 1.70440785041e-07, 1.39325734949e-07, 4.74873786516e-07, 4.09924439282e-07, 4.3854296905e-07, 8.03067507604e-07, 9.98020141196e-07, 1.42476574183e-06, 2.13882435673e-06, 1.45097624227e-06, 1.30550427002e-06, 5.0616279168e-07, 1.45422541209e-06, 1.68249277976e-06, 1.11689337245e-06, 2.05314336199e-06, 1.46696061165e-06, 7.61170781516e-07, 2.45225038498e-07, 4.40760743459e-07, 6.59420322791e-07, 5.95286110183e-07, 3.18640786645e-07, 3.14251735745e-07, 3.18670885235e-07, 1.3375739627e-07, 1.67118940908e-08, 1.24956997638e-07, 4.5748578259e-07, 6.18108799699e-07, 6.93472145485e-07, 2.07433998867e-07, 7.66645413819e-08, 2.31629144309e-07, 1.44604996422e-07, 2.58150492982e-07, 4.86950924028e-08, 6.53393428252e-08, 1.2553712736e-07, 8.00157593517e-08, 5.17298914815e-08, 1.90249352272e-07, 8.97514524922e-08, 4.37379412688e-08, 1.86711748285e-08, 1.18661684922e-08, 2.32378631893e-08, 1.44349499465e-07, 2.1469247713e-07, 1.54250059836e-07, 1.43038860756e-07, 5.87478936609e-08, 3.7531659558e-08, 1.25660273298e-08, 1.36371447468e-08, 1.69289489094e-08, 2.86794854532e-08, 5.48100977937e-08, 4.7589313823e-08, 1.26227570618e-08, 1.79556529645e-08, 3.8972629568e-08, 8.5514875181e-09, 2.39981456929e-09, 7.60095453245e-09, 1.33241382372e-08, 3.3464112037e-10, 1.36240074777e-10, 6.19379880717e-09, 2.73005862361e-09, 3.49521056542e-09, 1.01315167367e-09, 9.11359265832e-10, 3.07149639056e-09, 3.52634721423e-09, 1.39046762992e-09, 1.92879401339e-09, 1.04841546555e-09, 1.02258213008e-09, 1.49350309897e-09, 7.42999051173e-10, 1.80594916799e-09, 8.95362450848e-10, 1.59393914734e-10, 2.23109419828e-10, 1.41615261184e-10, 4.84180473492e-10, 5.96695470811e-11, 4.15189688185e-10, 1.78866532696e-10, 1.3801214338e-10, 6.63259239198e-11, 1.62678967519e-10, 7.76130965052e-11, 6.31969337972e-11, 2.24029371443e-11, 2.9940472844e-12, 7.67523468826e-13, 4.88220412449e-13, 3.48347544386e-13, 5.17841791583e-13, 3.636754526e-13, 3.59705483715e-13, 3.6758822982e-13, 3.44742057167e-13, 3.32442352726e-13, 2.47933157295e-13, 2.58124495086e-13, 3.35849918839e-13, 3.43307820323e-13, 3.2289725364e-13, 3.08216559913e-13, 2.59231357084e-13, 2.12234296435e-13, 8.8704569948e-14, 9.84261009149e-15, 4.65800411294e-16],
        "stdev": [0.00118575082161, 0.00426229601726, 0.00458843261003, 0.00358574045822, 0.00534908846021, 0.00605206657201, 0.00351011194289, 0.00131669081748, 0.000720715499483, 0.000509817735292, 0.000407638493925, 0.000218815242988, 0.000483085663291, 0.0005347476108, 0.000492553343065, 0.00056657003006, 0.000874826335348, 0.00104397640098, 0.00107006903272, 0.000868022849318, 0.000887179630809, 0.000717158021871, 0.000588466064073, 0.000445291516371, 0.000448273320217, 0.00048070581397, 0.000595690857153, 0.000523433845956, 0.000440937903477, 0.00043530005496, 0.000406015693443, 0.000769512844272, 0.000511229271069, 0.000596256169956, 0.000852139259223, 0.000575186219066, 0.000407588289818, 0.000120097305626, 0.000121169847262, 0.000301196560031, 0.000368340552086, 0.000308847782435, 0.000241851521423, 0.00022039761825, 0.000211767677683, 0.000202466588235, 0.00020488841983, 0.000144803852891, 0.000109711698315, 9.75912043941e-05, 0.000122699755593, 0.000194061169168, 0.000197307177586, 0.000156058813445, 0.000197721034056, 0.000179924885742, 1.99257683562e-05, 6.94763948559e-05, 8.5844862042e-05, 7.18719820725e-05, 5.31052100996e-05, 3.83107435482e-05, 2.97504811897e-05, 3.84984414268e-05, 2.16967000597e-05, 1.48607759911e-05, 1.21857392514e-05, 1.30968664962e-05, 1.31911201606e-05, 1.06133120426e-05, 8.21633784653e-06, 7.36487845643e-06, 6.78838705426e-06, 3.55596398549e-06, 4.30787440564e-06, 5.9554499785e-06, 3.98605470764e-06, 4.36830441686e-06, 3.52985466634e-06, 3.22630739902e-06, 3.62484252037e-06, 3.35222307513e-06, 3.69007079826e-06, 3.66376843886e-06, 4.00508497478e-06, 4.02724799642e-06, 3.59689602192e-06, 4.14954911321e-06, 3.77902574655e-06, 3.55832912646e-06, 3.59495561497e-06, 4.08749883718e-06, 3.5376294818e-06, 3.15533907269e-06, 3.67696952708e-06, 3.86018473364e-06, 5.58632700631e-06, 5.23098970007e-06, 5.78789149586e-06, 5.84933195569e-06, 5.17584567206e-06, 6.05017066846e-06, 6.03720263825e-06, 4.67260542791e-06, 5.41443205293e-06, 3.46381739291e-06, 4.43304543296e-06, 7.1996009865e-06, 3.67536767953e-06, 1.4417305465e-06, 9.61141381595e-07, 7.86332464031e-07, 5.7554899513e-07, 4.20482564323e-07, 1.81577590297e-07, 5.67255931117e-08, 3.08550767159e-08, 1.37962774538e-09, 2.05046424284e-09, 6.18116335893e-10, 4.57163279455e-10, 4.48652531793e-10, 4.40467828877e-10, 4.32808872075e-10, 4.27362367716e-10, 4.22072987671e-10, 4.19340673297e-10, 4.17185730406e-10]
    },
    "mfcc": {
        "mean": [-617.139038086, 131.850601196, -8.75377750397, 3.17645311356, 10.4234275818, 2.6502430439, 8.64175319672, 11.4545927048, 5.61508464813, 8.07006549835, 5.5088300705, 3.52275133133, 2.70098543167],
        "cov": [[1875.62463379, -866.796142578, 181.82673645, -83.4667205811, 125.294891357, 48.4059143066, -151.079925537, -87.1678619385, -67.5128860474, -108.823501587, -82.9694519043, -17.2962703705, -26.0969810486], [-866.796142578, 1172.55236816, -124.92527771, 229.381652832, 0.0695874243975, 19.4623317719, 171.902938843, 73.1483764648, -6.02394533157, 38.6816978455, -20.0436763763, -46.065448761, 7.02808046341], [181.82673645, -124.92527771, 516.643859863, -17.2773113251, 27.1602478027, 68.186164856, -62.1891899109, -34.5199317932, 15.3137664795, -42.4707870483, 14.8684587479, -7.12776565552, -21.4311943054], [-83.4667205811, 229.381652832, -17.2773113251, 215.554626465, 77.2574920654, -12.8372879028, 41.6672134399, 25.5787506104, 1.89791822433, 12.5802412033, -17.666425705, 2.65368294716, 19.5019035339], [125.294891357, 0.0695874243975, 27.1602478027, 77.2574920654, 194.939956665, -30.2352390289, 2.24844455719, -4.6496052742, 0.86865323782, 10.3882513046, -11.6711797714, 2.35615849495, 13.3942699432], [48.4059143066, 19.4623317719, 68.186164856, -12.8372879028, -30.2352390289, 195.8984375, 13.4692239761, 16.8314762115, 10.3943328857, -17.3993186951, -6.00183820724, -30.5459518433, -46.0792617798], [-151.079925537, 171.902938843, -62.1891899109, 41.6672134399, 2.24844455719, 13.4692239761, 185.498046875, 60.656578064, 2.22045946121, 28.5812797546, -1.4356855154, -10.7502412796, 23.6831970215], [-87.1678619385, 73.1483764648, -34.5199317932, 25.5787506104, -4.6496052742, 16.8314762115, 60.656578064, 100.234054565, 39.8307495117, 21.3855628967, 6.56346750259, -0.190545156598, 5.50445365906], [-67.5128860474, -6.02394533157, 15.3137664795, 1.89791822433, 0.86865323782, 10.3943328857, 2.22045946121, 39.8307495117, 103.643814087, 29.0025787354, 8.79306793213, -3.54344773293, -7.04262113571], [-108.823501587, 38.6816978455, -42.4707870483, 12.5802412033, 10.3882513046, -17.3993186951, 28.5812797546, 21.3855628967, 29.0025787354, 82.9203338623, 26.3747329712, 4.30929946899, 2.05210614204], [-82.9694519043, -20.0436763763, 14.8684587479, -17.666425705, -11.6711797714, -6.00183820724, -1.4356855154, 6.56346750259, 8.79306793213, 26.3747329712, 75.9214935303, 26.3313903809, -0.351344943047], [-17.2962703705, -46.065448761, -7.12776565552, 2.65368294716, 2.35615849495, -30.5459518433, -10.7502412796, -0.190545156598, -3.54344773293, 4.30929946899, 26.3313903809, 84.6855392456, 42.8389282227], [-26.0969810486, 7.02808046341, -21.4311943054, 19.5019035339, 13.3942699432, -46.0792617798, 23.6831970215, 5.50445365906, -7.04262113571, 2.05210614204, -0.351344943047, 42.8389282227, 98.0076141357]],
        "icov": [[0.00106486468576, 0.000838186882902, -0.000100859688246, -0.000270077813184, -0.000600124825723, -0.000323768734233, 0.000119518888823, -0.00011809701391, 0.000651902169921, 0.000458903552499, 0.000910110597033, 0.000264980655629, 8.73476310517e-05], [0.000838186882902, 0.00195128156338, 6.20592909399e-05, -0.00162800855469, 5.69734329474e-05, -0.000302865344565, -0.000652963004541, -0.000180443777936, 0.000730655505322, 0.00018302864919, 0.000573126249947, 0.000886249530595, 0.000101867008198], [-0.000100859688246, 6.20592909399e-05, 0.00238353549503, -0.000116685652756, -0.00047170536709, -0.000845227099489, 0.00032785514486, 0.000809248769656, -0.000911730458029, 0.0013496321626, -0.00128071813378, 0.000362294289516, -0.000201208284125], [-0.000270077813184, -0.00162800855469, -0.000116685652756, 0.00754239642993, -0.00264927116223, 0.000152049746248, 1.96529326786e-05, -0.00113343435805, 6.22075231149e-06, -0.000509143806994, 0.0013588082511, -0.00123572873417, -0.000432925793575], [-0.000600124825723, 5.69734329474e-05, -0.00047170536709, -0.00264927116223, 0.00692423945293, 0.00103140703868, -0.000205816264497, 0.000640938349534, -0.000321778003126, -0.00141301262192, 0.000388688058592, 0.000173184045707, -0.00025535246823], [-0.000323768734233, -0.000302865344565, -0.000845227099489, 0.000152049746248, 0.00103140703868, 0.00669351825491, -0.00093633524375, -0.0011219533626, -0.000473484775284, 0.00121677073184, 1.11703820949e-05, 0.000483773183078, 0.00274485163391], [0.000119518888823, -0.000652963004541, 0.00032785514486, 1.96529326786e-05, -0.000205816264497, -0.00093633524375, 0.00853232759982, -0.00457354215905, 0.00212708627805, -0.00213128095493, 0.000147096085129, 0.00197206158191, -0.0027345942799], [-0.00011809701391, -0.000180443777936, 0.000809248769656, -0.00113343435805, 0.000640938349534, -0.0011219533626, -0.00457354215905, 0.0160352159292, -0.00613797223195, 0.000191589351743, -0.00112299749162, -0.000850529817399, -0.000103854610643], [0.000651902169921, 0.000730655505322, -0.000911730458029, 6.22075231149e-06, -0.000321778003126, -0.000473484775284, 0.00212708627805, -0.00613797223195, 0.013797278516, -0.00442898506299, 0.00122897839174, 0.00081409025006, 0.000305422290694], [0.000458903552499, 0.00018302864919, 0.0013496321626, -0.000509143806994, -0.00141301262192, 0.00121677073184, -0.00213128095493, 0.000191589351743, -0.00442898506299, 0.0178687050939, -0.00605022953823, 0.00100257166196, 0.000622638617642], [0.000910110597033, 0.000573126249947, -0.00128071813378, 0.0013588082511, 0.000388688058592, 1.11703820949e-05, 0.000147096085129, -0.00112299749162, 0.00122897839174, -0.00605022953823, 0.0193601325154, -0.00675407703966, 0.00286705535837], [0.000264980655629, 0.000886249530595, 0.000362294289516, -0.00123572873417, 0.000173184045707, 0.000483773183078, 0.00197206158191, -0.000850529817399, 0.00081409025006, 0.00100257166196, -0.00675407703966, 0.0190708525479, -0.00821540970355], [8.73476310517e-05, 0.000101867008198, -0.000201208284125, -0.000432925793575, -0.00025535246823, 0.00274485163391, -0.0027345942799, -0.000103854610643, 0.000305422290694, 0.000622638617642, 0.00286705535837, -0.00821540970355, 0.015863571316]]
    },
    "spectral_contrast_coeffs": {
        "max": [-0.525543093681, -0.50268381834, -0.556794404984, -0.576762676239, -0.610813498497, -0.656373500824],
        "mean": [-0.756925940514, -0.7594820261, -0.740081489086, -0.777456045151, -0.773146033287, -0.785904705524],
        "min": [-0.914406836033, -0.922025442123, -0.87893652916, -0.891147196293, -0.86952149868, -0.921092391014],
        "stdev": [0.0639905706048, 0.0666662529111, 0.0572706311941, 0.052074123174, 0.0507235117257, 0.0305543318391]
    },
    "spectral_contrast_valleys": {
        "max": [-4.88436222076, -4.86636829376, -5.41389799118, -5.53536081314, -6.01373338699, -7.81913042068],
        "mean": [-6.44609689713, -6.31646680832, -6.69182920456, -7.11661815643, -7.55985546112, -10.1199941635],
        "min": [-9.35418796539, -7.60892534256, -8.13863182068, -8.98260879517, -9.32021903992, -12.8037090302],
        "stdev": [0.637206494808, 0.426253706217, 0.478284835815, 0.461085498333, 0.523826062679, 1.0248016119]
    }
},
"rhythm": {
    "beats_count": 67,
    "beats_loudness": {
        "max": 0.0982888638973,
        "mean": 0.0497826486826,
        "min": 0.0054517602548,
        "stdev": 0.0236130990088
    },
    "bpm": 125.873733521,
    "bpm_histogram_first_peak_bpm": 126,
    "bpm_histogram_first_peak_weight": 0.322580635548,
    "bpm_histogram_second_peak_bpm": 115,
    "bpm_histogram_second_peak_spread": 0.25,
    "bpm_histogram_second_peak_weight": 0.0454545468092,
    "danceability": 1.11906456947,
    "onset_rate": 3.56835913658,
    "beats_loudness_band_ratio": {
        "max": [0.893360853195, 0.367128551006, 0.54111623764, 0.51871740818, 0.484046936035, 0.110777713358],
        "mean": [0.609415829182, 0.0510279461741, 0.119811370969, 0.153034746647, 0.068266004324, 0.0248075854033],
        "min": [0.00192060985137, 0.00529909972101, 0.015711158514, 0.012480516918, 0.00463715707883, 0.000901337596588],
        "stdev": [0.206272050738, 0.05492156744, 0.0998364537954, 0.125687092543, 0.083427131176, 0.0263270437717]
    },
    "beats_position": [0.49922901392, 1.01006805897, 1.53251695633, 2.0549659729, 2.57741498947, 3.06503391266, 3.55265307426, 4.04027223587, 4.5046710968, 4.99229001999, 5.46829938889, 5.94430828094, 6.420317173, 6.8963265419, 7.37233543396, 7.84834432602, 8.32435321808, 8.80036258698, 9.27637195587, 9.75238037109, 10.2167797089, 10.6927890778, 11.1687984467, 11.6448068619, 12.1208162308, 12.6084346771, 13.0960540771, 13.5604534149, 14.0364627838, 14.512471199, 14.9884805679, 15.4644899368, 15.9404983521, 16.4165077209, 16.8925170898, 17.3685264587, 17.8561439514, 18.3205432892, 18.7965526581, 19.272562027, 19.7485713959, 20.2245807648, 20.7005901337, 21.1765975952, 21.6642169952, 22.1402263641, 22.6046257019, 23.0806350708, 23.5682544708, 24.0558719635, 24.5318813324, 25.0078907013, 25.4722900391, 25.9366893768, 26.4243087769, 26.9003162384, 27.3763256073, 27.8407249451, 28.316734314, 28.7927436829, 29.2687530518, 29.7447605133, 30.2207698822, 30.6967792511, 31.17278862, 31.6487979889, 32.1364173889],
