{
"metadata": {
    "version": {
        "essentia": "2.1-beta5",
        "essentia_git_sha": "Undefined",
        "extractor": "music 2.0"
    },
    "audio_properties": {
        "analysis": {
            "equal_loudness": 0,
            "length": 48.7502937317,
            "sample_rate": 44100,
            "start_time": 29.0017242432,
            "downmix": "mix"
        },
        "bit_rate": 192000,
        "length": 191.843276978,
        "lossless": 0,
        "number_channels": 2,
        "replay_gain": -0.517686843872,
        "sample_rate": 48000,
        "codec": "mp3",
        "md5_encoded": "ea766e208914a825dad146fab7a09e8c"
    },
    "tags": {
        "file_name": "Slovenia_Blue and Red_ManuElla.mp3",
        "encoding": ["Lavf58.29.100"]
    }
},
"lowlevel": {
    "average_loudness": 0.955533802509,
    "barkbands_crest": {
        "max": 26.4434051514,
        "mean": 12.0746021271,
        "min": 2.81589365005,
        "stdev": 5.76973772049
    },
    "barkbands_flatness_db": {
        "max": 0.358683258295,
        "mean": 0.156934931874,
        "min": 0.0451210029423,
        "stdev": 0.0520248040557
    },
    "barkbands_kurtosis": {
        "max": 266.605682373,
        "mean": 7.83983612061,
        "min": -1.90317225456,
        "stdev": 20.4672927856
    },
    "barkbands_skewness": {
        "max": 15.0188436508,
        "mean": 1.84209787846,
        "min": -1.74195098877,
        "stdev": 1.89155781269
    },
    "barkbands_spread": {
        "max": 108.929924011,
        "mean": 22.0465507507,
        "min": 0.78170222044,
        "stdev": 16.4897403717
    },
    "dissonance": {
        "max": 0.499381929636,
        "mean": 0.461668789387,
        "min": 0.272368311882,
        "stdev": 0.0274218078703
    },
    "dynamic_complexity": 2.34494042397,
    "erbbands_crest": {
        "max": 27.7964382172,
        "mean": 9.25718975067,
        "min": 2.30208349228,
        "stdev": 4.63467264175
    },
    "erbbands_flatness_db": {
        "max": 0.304119080305,
        "mean": 0.159955963492,
        "min": 0.0661651790142,
        "stdev": 0.0517953336239
    },
    "erbbands_kurtosis": {
        "max": 17.1954803467,
        "mean": 0.40713518858,
        "min": -1.66561734676,
        "stdev": 1.87467181683
    },
    "erbbands_skewness": {
        "max": 3.48655676842,
        "mean": 0.287397116423,
        "min": -3.86394166946,
        "stdev": 0.748853504658
    },
    "erbbands_spread": {
        "max": 152.561706543,
        "mean": 38.6920433044,
        "min": 8.1473608017,
        "stdev": 19.5114078522
    },
    "hfc": {
        "max": 316.145843506,
        "mean": 25.7939090729,
        "min": 0.683531939983,
        "stdev": 25.1640377045
    },
    "loudness_ebu128": {
        "integrated": -21.8553256989,
        "loudness_range": 2.94525718689,
        "momentary": {
            "max": -18.1493606567,
            "mean": -22.1055736542,
            "min": -25.8372344971,
            "stdev": 1.47385406494
        },
        "short_term": {
            "max": -19.2601184845,
            "mean": -22.0307388306,
            "min": -24.144443512,
            "stdev": 0.975367069244
        }
    },
    "melbands_crest": {
        "max": 31.7120418549,
        "mean": 15.8073015213,
        "min": 4.3128695488,
        "stdev": 6.28873443604
    },
    "melbands_flatness_db": {
        "max": 0.44866707921,
        "mean": 0.200993388891,
        "min": 0.0348499678075,
        "stdev": 0.0742476060987
    },
    "melbands_kurtosis": {
        "max": 347.560546875,
        "mean": 20.802942276,
        "min": -1.61000907421,
        "stdev": 39.0723266602
    },
    "melbands_skewness": {
        "max": 13.7242956161,
        "mean": 2.99302530289,
        "min": -0.54617112875,
        "stdev": 2.40084815025
    },
    "melbands_spread": {
        "max": 247.800827026,
        "mean": 23.4255828857,
        "min": 0.614785671234,
        "stdev": 20.4887962341
    },
    "pitch_salience": {
        "max": 0.819147825241,
        "mean": 0.479738026857,
        "min": 0.0663090273738,
        "stdev": 0.137559443712
    },
    "silence_rate_20dB": {
        "max": 1,
        "mean": 1,
        "min": 1,
        "stdev": 0
    },
    "silence_rate_30dB": {
        "max": 1,
        "mean": 0.910994768143,
        "min": 0,
        "stdev": 0.284748286009
    },
    "silence_rate_60dB": {
        "max": 1,
        "mean": 0.00666349334642,
        "min": 0,
        "stdev": 0.0813600942492
    },
    "spectral_centroid": {
        "max": 4992.49414062,
        "mean": 1454.83862305,
        "min": 274.77130127,
        "stdev": 667.041748047
    },
    "spectral_complexity": {
        "max": 54,
        "mean": 19.2479763031,
        "min": 3,
        "stdev": 8.76884746552
    },
    "spectral_decrease": {
        "max": -3.31277755228e-10,
        "mean": -9.88534676338e-09,
        "min": -6.24404563609e-08,
        "stdev": 1.0047504162e-08
    },
    "spectral_energy": {
        "max": 0.239421665668,
        "mean": 0.0396492630243,
        "min": 0.001312316861,
        "stdev": 0.038430608809
    },
    "spectral_energyband_high": {
        "max": 0.036037825048,
        "mean": 0.00118309410755,
        "min": 2.1802432002e-06,
        "stdev": 0.00253220950253
    },
    "spectral_energyband_low": {
        "max": 0.194961801171,
        "mean": 0.0220846794546,
        "min": 6.58662713704e-07,
        "stdev": 0.035984531045
    },
    "spectral_energyband_middle_high": {
        "max": 0.0395251698792,
        "mean": 0.00682776700705,
        "min": 0.000127683801111,
        "stdev": 0.00701981410384
    },
    "spectral_energyband_middle_low": {
        "max": 0.096964366734,
        "mean": 0.010976837948,
        "min": 0.000553309626412,
        "stdev": 0.00996048748493
    },
    "spectral_entropy": {
        "max": 8.84291934967,
        "mean": 7.57045793533,
        "min": 6.28328132629,
        "stdev": 0.414103835821
    },
    "spectral_flux": {
        "max": 0.431832104921,
        "mean": 0.0982267782092,
        "min": 0.0163828022778,
        "stdev": 0.059340916574
    },
    "spectral_kurtosis": {
        "max": 19.4054908752,
        "mean": 4.20019674301,
        "min": -1.33664262295,
        "stdev": 2.56563687325
    },
    "spectral_rms": {
        "max": 0.0152833936736,
        "mean": 0.00566275650635,
        "min": 0.00113150745165,
        "stdev": 0.00257203145884
    },
    "spectral_rolloff": {
        "max": 10508.203125,
        "mean": 1571.32531738,
        "min": 64.599609375,
        "stdev": 1673.72937012
    },
    "spectral_skewness": {
        "max": 3.19178032875,
        "mean": 1.55295324326,
        "min": -0.119501180947,
        "stdev": 0.438202679157
    },
    "spectral_spread": {
        "max": 25348072,
        "mean": 4717176.5,
        "min": 2271330,
        "stdev": 1738615.25
    },
    "spectral_strongpeak": {
        "max": 15.765832901,
        "mean": 1.32906520367,
        "min": 0,
        "stdev": 1.62371325493
    },
    "zerocrossingrate": {
        "max": 0.34814453125,
        "mean": 0.0609103552997,
        "min": 0.0029296875,
        "stdev": 0.0411197170615
    },
    "barkbands": {
        "max": [0.00415030214936, 0.159972697496, 0.0707046091557, 0.0279693119228, 0.0445692464709, 0.0282773580402, 0.0601391978562, 0.0497044697404, 0.0240552052855, 0.0376492962241, 0.030733063817, 0.0115502271801, 0.0107372030616, 0.0210973862559, 0.0127495480701, 0.0119699425995, 0.0135725429282, 0.00933340843767, 0.00298550189473, 0.00713867554441, 0.00281081208959, 0.00320506026037, 0.00989153143018, 0.0160858985037, 0.011532372795, 0.000930193520617, 9.69605935097e-06],
        "mean": [0.000188521298696, 0.0187122616917, 0.0025916500017, 0.00127251178492, 0.00239775865339, 0.00138570345007, 0.00129205419216, 0.00158839405049, 0.00149210239761, 0.00215222849511, 0.00098367605824, 0.000488328805659, 0.000288738548988, 0.000629018584732, 0.00102417985909, 0.000395082664909, 0.000684962549713, 0.000451675557997, 0.00029793579597, 0.000345229869708, 0.000162501935847, 0.000128742671222, 0.00020902758115, 0.000274042482488, 0.000183177864528, 2.97129408864e-05, 2.63082693408e-08],
        "min": [1.52484180838e-09, 8.61634816829e-08, 4.16826821947e-08, 9.15211817443e-09, 1.09923967102e-05, 6.91180594004e-06, 2.60482329395e-06, 4.73281534141e-06, 4.91313949169e-06, 5.87267049923e-06, 1.72937552634e-06, 4.79456139146e-06, 3.41556892636e-06, 3.31871615344e-06, 3.64290417565e-06, 5.03466253576e-06, 4.99135103382e-06, 2.84432348963e-06, 1.57015927016e-06, 1.43916065554e-06, 6.73273518714e-07, 3.26719458599e-07, 3.20988618796e-07, 1.90607892137e-07, 1.31175767137e-07, 1.7810755093e-09, 1.39467395965e-10],
        "stdev": [0.000350332527887, 0.032179210335, 0.00633623031899, 0.00268097873777, 0.00366386584938, 0.0023480958771, 0.00334745831788, 0.00272720959038, 0.00270386389457, 0.00429519126192, 0.00296852877364, 0.000801179965492, 0.000585954927374, 0.00131472561043, 0.0017484218115, 0.000708051840775, 0.00129911256954, 0.000783912430052, 0.000404883438023, 0.000529943034053, 0.000244577298872, 0.00025495828595, 0.000522163696587, 0.00100480695255, 0.000725686026271, 7.02183751855e-05, 3.67687363223e-07]
    },
    "erbbands": {
        "max": [5.08077049255, 39.9498786926, 92.3637237549, 81.1652832031, 173.479354858, 102.070869446, 238.869766235, 274.886657715, 736.404846191, 614.896911621, 920.12512207, 479.036499023, 1439.21569824, 551.815002441, 1208.38769531, 533.626647949, 348.545318604, 1247.33105469, 346.816650391, 941.071594238, 490.38659668, 550.320678711, 581.012329102, 200.105148315, 202.520797729, 419.214538574, 159.610153198, 171.751937866, 107.213729858, 148.956954956, 300.115234375, 339.824462891, 264.362487793, 187.657211304, 56.1433830261, 8.98847007751, 1.35954117775, 0.0718629360199, 0.00160567671992, 0.00033192106639],
        "mean": [0.507858037949, 4.25627708435, 4.18735027313, 3.60019636154, 6.43361234665, 7.28060293198, 10.7244129181, 10.1116666794, 17.8639945984, 24.0349502563, 36.0604934692, 28.6383209229, 89.4633178711, 31.9815349579, 38.4494895935, 22.2366752625, 12.9173822403, 35.4852523804, 27.7006378174, 57.8563537598, 28.4585227966, 31.0123519897, 26.6245365143, 20.447467804, 12.3939828873, 15.7802848816, 10.1641263962, 5.62267446518, 4.54537439346, 4.97050189972, 6.2680182457, 6.06961297989, 4.20689344406, 2.67511248589, 0.931529045105, 0.243308782578, 0.0330679267645, 0.00105300173163, 6.67926069582e-05, 5.25625800947e-05],
        "min": [2.24932341553e-06, 4.75560991617e-05, 0.000221703900024, 0.000499125628266, 0.00315068429336, 0.0468934252858, 0.0702928379178, 0.0974061563611, 0.0973278358579, 0.157760500908, 0.109257265925, 0.211786553264, 0.176696866751, 0.139524504542, 0.160104006529, 0.213459715247, 0.36778318882, 0.25662919879, 0.256583601236, 0.324964374304, 0.412824690342, 0.318666577339, 0.221801221371, 0.159212887287, 0.0859637334943, 0.0600945055485, 0.0356655567884, 0.0156255140901, 0.0108340708539, 0.00899880658835, 0.00965068954974, 0.00551380729303, 0.00289186183363, 0.00143251963891, 0.00088659505127, 5.87817303312e-05, 2.45017827183e-06, 3.79583724452e-07, 7.04036835941e-07, 1.50363086959e-06],
        "stdev": [0.897845089436, 7.51608371735, 9.37261295319, 6.96639060974, 14.1310024261, 10.6741380692, 19.3158416748, 19.9120330811, 44.7490234375, 45.1455879211, 62.2869606018, 44.015838623, 164.399627686, 58.2192878723, 110.158615112, 37.8856163025, 22.4944343567, 70.0234222412, 39.9871559143, 103.595993042, 46.8323974609, 54.9009170532, 46.5941543579, 26.8233108521, 16.9711208344, 26.2279491425, 14.3764095306, 9.82090854645, 9.12217140198, 10.552734375, 16.1525630951, 20.7744960785, 16.5570297241, 11.0598039627, 3.51965689659, 0.635126829147, 0.0755258351564, 0.00374569976702, 0.000130717264256, 4.83387775603e-05]
    },
    "gfcc": {
        "mean": [11.0660028458, 87.4204177856, -128.350402832, 34.0085754395, -65.2930297852, 24.1936130524, -43.626033783, 22.1909770966, -18.8635520935, 1.50030958652, -11.8068065643, -3.89092230797, -2.90931391716],
        "cov": [[2310.50219727, -557.679077148, 240.737243652, 351.815216064, 10.1037759781, 237.425674438, 80.121711731, 114.307731628, -92.4902191162, 117.966697693, -95.2175979614, 34.4425010681, -97.0907440186], [-557.679077148, 1199.65246582, 531.198669434, 199.157119751, 463.49029541, 68.6082687378, 244.597503662, -54.1696929932, 94.9080886841, 14.027586937, 102.713760376, -6.09037876129, -25.6914634705], [240.737243652, 531.198669434, 1708.16601562, 714.299926758, 505.413330078, 474.953125, 250.682388306, -24.1518764496, 22.6031837463, 263.080291748, -16.5002975464, 186.395477295, -145.094482422], [351.815216064, 199.157119751, 714.299926758, 621.399780273, 338.871826172, 247.103210449, 185.72303772, -6.22318649292, 31.2091255188, 115.107795715, 0.202720507979, 83.2876968384, -36.5095100403], [10.1037759781, 463.49029541, 505.413330078, 338.871826172, 481.17175293, 193.291900635, 205.074768066, 28.7099189758, 52.271484375, 73.3101654053, 14.4743318558, 68.3356933594, -36.9131965637], [237.425674438, 68.6082687378, 474.953125, 247.103210449, 193.291900635, 307.538604736, 162.08631897, 29.3209133148, 16.2635593414, 87.2233200073, 1.39592182636, 48.2922515869, -22.248758316], [80.121711731, 244.597503662, 250.682388306, 185.72303772, 205.074768066, 162.08631897, 242.295684814, 35.0679664612, 41.6592826843, 52.2918815613, 27.5970020294, 29.9153556824, -4.26442098618], [114.307731628, -54.1696929932, -24.1518764496, -6.22318649292, 28.7099189758, 29.3209133148, 35.0679664612, 109.70110321, 50.9491996765, 8.47327709198, 4.67421102524, -2.36761546135, 22.1645851135], [-92.4902191162, 94.9080886841, 22.6031837463, 31.2091255188, 52.271484375, 16.2635593414, 41.6592826843, 50.9491996765, 119.81678009, 20.2673912048, 28.2257118225, -14.0040206909, 33.3951263428], [117.966697693, 14.027586937, 263.080291748, 115.107795715, 73.3101654053, 87.2233200073, 52.2918815613, 8.47327709198, 20.2673912048, 128.266418457, 9.3090763092, 51.0978012085, -33.3281784058], [-95.2175979614, 102.713760376, -16.5002975464, 0.202720507979, 14.4743318558, 1.39592182636, 27.5970020294, 4.67421102524, 28.2257118225, 9.3090763092, 101.726585388, 13.3298406601, 30.44298172], [34.4425010681, -6.09037876129, 186.395477295, 83.2876968384, 68.3356933594, 48.2922515869, 29.9153556824, -2.36761546135, -14.0040206909, 51.0978012085, 13.3298406601, 124.257347107, -7.91459369659], [-97.0907440186, -25.6914634705, -145.094482422, -36.5095100403, -36.9131965637, -22.248758316, -4.26442098618, 22.1645851135, 33.3951263428, -33.3281784058, 30.44298172, -7.91459369659, 101.26725769]],
        "icov": [[0.00073812744813, 0.000121558237879, 0.000255916354945, -0.00073338218499, 0.00034099581535, -0.000397725554649, -7.6483538578e-06, -0.00119294575416, 0.000900745857507, -0.000456601730548, 0.000202960291062, 0.000163655364304, 0.000642953964416], [0.000121558237879, 0.00366968824528, -0.00190087768715, 0.00188125553541, -0.00344883510843, 0.00306665105745, -0.00297369644977, 0.00315935257822, -0.00147237360943, 0.0019576237537, -0.00283089466393, 0.00253642327152, -0.000218794491957], [0.000255916354945, -0.00190087768715, 0.00310322572477, -0.00238241232, 0.00147943152115, -0.00352707528509, 0.00228736479767, -0.00141959183384, 0.000592292111833, -0.00237888307311, 0.00174936535768, -0.00226828712039, 0.00184043182526], [-0.00073338218499, 0.00188125553541, -0.00238241232, 0.005737463478, -0.00355679471977, 0.00172205583658, -0.00227279029787, 0.00395929021761, -0.00186224130448, 0.0010816360591, -0.00121329398826, 0.00128003023565, -0.00201641279273], [0.00034099581535, -0.00344883510843, 0.00147943152115, -0.00355679471977, 0.00824584811926, -0.00311319762841, 0.000475376000395, -0.00424813153222, 0.000612849951722, -0.000682474288624, 0.00271231308579, -0.00342966732569, 0.00205077556893], [-0.000397725554649, 0.00306665105745, -0.00352707528509, 0.00172205583658, -0.00311319762841, 0.0110823921859, -0.00598277058452, 0.00152198446449, 0.00016062388022, 0.000569607829675, -0.00200579199009, 0.00312153133564, -0.00233959546313], [-7.6483538578e-06, -0.00297369644977, 0.00228736479767, -0.00227279029787, 0.000475376000395, -0.00598277058452, 0.0111276181415, -0.0034393707756, 0.000530407938641, -0.00207319064066, 0.000635105476249, -0.00185086694546, 0.000583562767133], [-0.00119294575416, 0.00315935257822, -0.00141959183384, 0.00395929021761, -0.00424813153222, 0.00152198446449, -0.0034393707756, 0.0178457014263, -0.00821113400161, 0.00206093885936, -0.00118504383136, 0.00107615476009, -0.00238720164634], [0.000900745857507, -0.00147237360943, 0.000592292111833, -0.00186224130448, 0.000612849951722, 0.00016062388022, 0.000530407938641, -0.00821113400161, 0.0160081777722, -0.00501160090789, -0.000691876164638, 0.0030555841513, -0.0037361192517], [-0.000456601730548, 0.0019576237537, -0.00237888307311, 0.0010816360591, -0.000682474288624, 0.000569607829675, -0.00207319064066, 0.00206093885936, -0.00501160090789, 0.0157348290086, -0.00310867396183, -0.00269297277555, 0.00393364345655], [0.000202960291062, -0.00283089466393, 0.00174936535768, -0.00121329398826, 0.00271231308579, -0.00200579199009, 0.000635105476249, -0.00118504383136, -0.000691876164638, -0.00310867396183, 0.0145301660523, -0.00344632193446, -0.00305279926397], [0.000163655364304, 0.00253642327152, -0.00226828712039, 0.00128003023565, -0.00342966732569, 0.00312153133564, -0.00185086694546, 0.00107615476009, 0.0030555841513, -0.00269297277555, -0.00344632193446, 0.0134618021548, -0.00267170765437], [0.000642953964416, -0.000218794491957, 0.00184043182526, -0.00201641279273, 0.00205077556893, -0.00233959546313, 0.000583562767133, -0.00238720164634, -0.0037361192517, 0.00393364345655, -0.00305279926397, -0.00267170765437, 0.0163619481027]]
    },
    "melbands": {
        "max": [0.0454533286393, 0.0461138859391, 0.0161609686911, 0.00980269536376, 0.0084867766127, 0.00648116646335, 0.0124466242269, 0.00650150328875, 0.00602186750621, 0.00269249011762, 0.0071974331513, 0.00241629476659, 0.00490793958306, 0.000938472803682, 0.00111383991316, 0.0013204596471, 0.00266678980552, 0.000792149628978, 0.000962509773672, 0.00123854004778, 0.000703729281668, 0.000793483515736, 0.000625546148513, 0.000577346887439, 0.000189914353541, 0.000135176102049, 0.00025178710348, 0.000256008032011, 0.000132965782541, 7.13809349691e-05, 0.000117381707241, 6.65381594445e-05, 8.38652995299e-05, 0.000112048037408, 0.000166099212947, 0.000271669152426, 0.000226535674301, 0.000205160191399, 0.000178091591806, 0.000169614635524],
        "mean": [0.00509052816778, 0.00331402826123, 0.000714776921086, 0.000488136574859, 0.000368045468349, 0.00024707391276, 0.000274637131952, 0.000271639495622, 0.000276151375147, 0.000201712842681, 0.000446850492153, 0.000114595946798, 0.000150991123519, 5.90886702412e-05, 3.52899551217e-05, 3.5016109905e-05, 6.95898197591e-05, 3.57651697414e-05, 7.93189319666e-05, 5.16005748068e-05, 3.4606520785e-05, 3.53156792698e-05, 2.77794806607e-05, 2.22663784371e-05, 1.61254283739e-05, 8.61729768076e-06, 9.4364349934e-06, 1.0702489817e-05, 7.90258127381e-06, 3.49599895344e-06, 3.0673108995e-06, 2.60573847299e-06, 2.37277936321e-06, 2.90519847113e-06, 3.53490622729e-06, 3.83629821954e-06, 3.7043755583e-06, 3.00863030134e-06, 2.69046927315e-06, 2.10893358599e-06],
        "min": [2.04564223338e-08, 1.39878693517e-07, 4.64941507516e-08, 1.31546596549e-06, 1.23660242934e-06, 2.58916634266e-06, 1.17461479476e-06, 1.15102045584e-06, 8.51053016504e-07, 8.90093076578e-07, 6.34756645468e-07, 4.0140736246e-07, 4.84198551476e-07, 7.26539781226e-07, 3.1301465242e-07, 5.3812857459e-07, 3.02170775512e-07, 2.97054413068e-07, 3.13468518698e-07, 3.37570497777e-07, 3.35631966664e-07, 2.82245366634e-07, 1.92474146843e-07, 1.51989539177e-07, 9.98513414174e-08, 5.0408058172e-08, 3.94250250224e-08, 2.46419613603e-08, 2.19718714334e-08, 6.07219741156e-09, 3.82770393159e-09, 1.95083549315e-09, 5.39101785435e-09, 4.3923518156e-09, 5.243711243e-09, 4.71425343207e-09, 2.59679278081e-09, 1.95094917999e-09, 1.25557131359e-09, 1.45482948605e-11],
        "stdev": [0.00878379121423, 0.00610259920359, 0.00132625922561, 0.000850083422847, 0.00060155527899, 0.00047101767268, 0.000703492085449, 0.000495904358104, 0.000494862149935, 0.000328195135808, 0.000824410410132, 0.000239608401898, 0.000467930687591, 8.38708729134e-05, 7.56116423872e-05, 6.92316461937e-05, 0.000146108315676, 5.93114018557e-05, 0.000142013741424, 9.42869810387e-05, 6.91853565513e-05, 7.14118941687e-05, 5.14690109412e-05, 3.71248715965e-05, 2.35147163039e-05, 1.24668431454e-05, 1.63160930242e-05, 1.80672777788e-05, 1.25808537632e-05, 5.81041331316e-06, 5.96997051616e-06, 5.2436275837e-06, 5.36403376827e-06, 6.39669815428e-06, 8.60332147568e-06, 1.2054243598e-05, 1.36838398248e-05, 1.24380039779e-05, 1.06447232611e-05, 9.21239734453e-06]
    },
    "melbands128": {
        "max": [0.0034702916164, 0.0374034680426, 0.0794264301658, 0.0765552446246, 0.0578558593988, 0.0290147736669, 0.0153418090194, 0.0176472123712, 0.024431457743, 0.0133597021922, 0.00566589506343, 0.0134811587632, 0.0117291584611, 0.00480902381241, 0.00409572059289, 0.0125365396962, 0.0110619980842, 0.0218107663095, 0.0215416140854, 0.0118399308994, 0.0128494743258, 0.017160275951, 0.00779293151572, 0.00974532961845, 0.00569975329563, 0.00420528464019, 0.00876213423908, 0.0145566696301, 0.00551924761385, 0.00540090305731, 0.00301956245676, 0.00402554916218, 0.0101287057623, 0.00401089014485, 0.00101119757164, 0.00204124883749, 0.00300019187853, 0.00176454638131, 0.00160414224956, 0.00147202238441, 0.00246248673648, 0.0045571164228, 0.00565027957782, 0.00263884337619, 0.00177389092278, 0.000686114479322, 0.00156590365805, 0.00215428275988, 0.00246200268157, 0.00288494839333, 0.00265470845625, 0.000507805438247, 0.0015852736542, 0.00170792499557, 0.00292664626613, 0.00131177098956, 0.0008744316292, 0.00101588538382, 0.0016690895427, 0.000940651167184, 0.000963862403296, 0.000365024985513, 0.000410396925872, 0.000348291330738, 0.000141196491313, 0.000271290482488, 0.000192500956473, 0.000420368567575, 0.000428307394031, 0.000660526682623, 0.000366648542695, 0.000215647625737, 0.000286225695163, 0.000282768422039, 8.97155841812e-05, 9.66578809312e-05, 0.000140207295772, 0.00017443280376, 0.000143500685226, 9.37336662901e-05, 7.70988481236e-05, 6.81724050082e-05, 0.000112183755846, 9.10476082936e-05, 0.000109143060399, 7.2638009442e-05, 0.000222669434152, 0.000101681747765, 0.000182442352525, 0.000243442074861, 0.000220748886932, 0.000419582327595, 0.000247683667112, 0.000238028515014, 0.000443185126642, 0.000278534047538, 0.000273302925052, 0.000150009844219, 0.000246810930548, 0.000244029448368, 0.000147394472151, 0.000186277815374, 0.000189838334336, 0.00010083692905, 0.000120734097436, 4.82420655317e-05, 1.9584878828e-05, 2.18425466301e-05, 1.62763572007e-05, 1.01925634226e-05, 9.10712788027e-06, 8.02652539278e-06, 5.10772179041e-06, 1.47776472659e-06, 1.65611243119e-06, 1.04617731722e-06, 2.22144862505e-07, 4.55849509251e-08, 4.42735093031e-08, 4.29846593875e-08, 4.18785148781e-08, 4.09287963521e-08, 4.00593336281e-08, 3.92984844666e-08, 3.87468475083e-08, 3.82670002352e-08, 3.79086166902e-08, 3.76925157752e-08],
        "mean": [0.000165253935847, 0.00316285178997, 0.0084377899766, 0.00652622664347, 0.00279766949825, 0.00111024035141, 0.00067598168971, 0.000648228102364, 0.000707201426849, 0.000452801177744, 0.000363545521395, 0.000436503964011, 0.000430703687016, 0.000215746113099, 0.000137772614835, 0.000350984744728, 0.000337030243827, 0.000231738580624, 0.000228093049373, 0.000296835933113, 0.000246045005042, 0.000322582171066, 0.000347538501956, 0.000142469565617, 9.56537260208e-05, 0.000190141814528, 0.000515796942636, 0.000668926280923, 0.000176693094545, 0.00011461719987, 8.13690712675e-05, 0.000114907270472, 0.000263931171503, 6.46927728667e-05, 4.46314952569e-05, 6.81630772306e-05, 7.33921042411e-05, 2.49501372309e-05, 2.28343888011e-05, 1.77780257218e-05, 2.62395587924e-05, 8.07584656286e-05, 7.36641741241e-05, 7.7460113971e-05, 2.22740109166e-05, 2.39468445216e-05, 4.8389469157e-05, 7.45603610994e-05, 9.18366858969e-05, 0.000111713765364, 2.75298207271e-05, 1.76973699126e-05, 2.40588142333e-05, 3.9568527427e-05, 6.66798805469e-05, 2.42474416154e-05, 1.82992534974e-05, 3.85139901482e-05, 2.85769092443e-05, 1.73094376805e-05, 2.54062779277e-05, 1.92132883967e-05, 2.27012751566e-05, 1.4025501514e-05, 7.95493451733e-06, 9.20416732697e-06, 8.21748017188e-06, 8.02866634331e-06, 9.00822215044e-06, 1.25827536976e-05, 1.10369664981e-05, 8.23357368063e-06, 1.30569160319e-05, 7.14444422556e-06, 3.31890646521e-06, 3.76416505787e-06, 3.37072469847e-06, 3.26724716615e-06, 3.04759350911e-06, 2.87540865429e-06, 2.72407623925e-06, 2.43164822677e-06, 2.31844478549e-06, 2.28119120038e-06, 2.52731706496e-06, 2.67306813839e-06, 3.15117586069e-06, 3.19396212944e-06, 3.64761399396e-06, 3.48814478457e-06, 4.03026797358e-06, 3.7954284835e-06, 3.93075970351e-06, 3.5732964534e-06, 3.78425761483e-06, 3.3562232602e-06, 2.75497154689e-06, 2.60499018623e-06, 2.80610493064e-06, 2.66441497843e-06, 2.49711683864e-06, 2.04105413104e-06, 1.65549215581e-06, 1.25363351344e-06, 1.02781177702e-06, 7.80021991886e-07, 5.91367665947e-07, 5.05161608544e-07, 3.82636187624e-07, 2.99408497995e-07, 2.57804202874e-07, 1.83324942782e-07, 2.98562845558e-08, 1.30972415135e-08, 6.00684302299e-09, 3.63112873103e-09, 7.13849312994e-10, 8.26917770369e-11, 8.52558787456e-11, 5.41351304062e-11, 4.81742701286e-11, 4.77586512004e-11, 6.52000814449e-11, 4.46212858329e-11, 4.22194675054e-11, 4.13384257381e-11, 4.07661404633e-11, 4.05058382669e-11],
        "min": [6.7457519605e-12, 1.40166900309e-09, 7.64166863121e-09, 2.7828480853e-08, 3.19172386298e-08, 1.75302439231e-08, 3.60470275851e-09, 7.03758651355e-09, 2.79697260908e-08, 3.05695465386e-07, 3.95575852963e-07, 1.6403510017e-07, 2.27449021395e-07, 1.20562972938e-07, 7.10943197646e-08, 2.07925779705e-07, 2.24253355441e-07, 7.63284333516e-08, 1.64078187481e-07, 1.53323441054e-07, 2.4886344363e-07, 4.08355958825e-07, 3.50681233385e-07, 2.09435455645e-07, 1.92956065348e-07, 1.7229410787e-07, 4.00183438387e-07, 4.43547435225e-07, 2.19584080696e-07, 4.25510542357e-08, 9.7361294138e-08, 1.44676420177e-07, 1.43240853845e-07, 3.25220845809e-08, 8.32807671713e-08, 1.09299037376e-07, 9.96271651843e-08, 6.79206948462e-08, 1.39265230459e-08, 2.81509038302e-08, 7.70229178215e-08, 1.89619324686e-08, 2.03281246058e-07, 9.0724526558e-08, 4.61736000545e-08, 7.71748887018e-08, 8.36532905168e-08, 9.46584322037e-08, 1.84595748465e-07, 1.72244355667e-07, 1.13602737883e-07, 7.21466406617e-08, 6.42486526203e-08, 1.99495346465e-07, 1.51207231625e-07, 1.90769284814e-08, 3.71640460628e-08, 1.57670129397e-07, 1.06727810589e-07, 7.28748688061e-08, 6.61625279008e-08, 5.92355604567e-08, 5.76422678478e-08, 4.91867595542e-08, 3.46380417682e-08, 3.39221237766e-08, 1.48571279723e-08, 2.3858781617e-08, 2.38434321176e-08, 1.13862244078e-08, 1.20203003107e-08, 1.02602148999e-08, 1.6654547963e-08, 7.66802887853e-09, 5.14866282941e-09, 2.66056598974e-09, 4.31516022914e-09, 4.63775767789e-10, 2.96194235805e-10, 7.22852666613e-10, 5.47860853906e-11, 2.3799568219e-11, 8.08061811908e-11, 5.26975074688e-10, 3.48369361136e-10, 4.72330674572e-10, 2.61529997658e-09, 1.7991507173e-09, 3.11942782716e-09, 3.42434391953e-09, 1.39481382e-09, 1.07456088472e-09, 1.62043356511e-09, 2.0773807119e-09, 3.3022357071e-10, 1.22492760379e-09, 1.03137373642e-10, 6.03848013259e-11, 3.16216219876e-11, 2.58269673009e-11, 2.65572936906e-12, 2.26664368698e-12, 2.16523999251e-12, 8.57588305925e-12, 1.42016953752e-12, 8.06428274852e-12, 1.86339468161e-11, 4.44192556001e-12, 1.02528120542e-12, 6.79580035908e-13, 7.82496409248e-13, 5.67775318948e-13, 4.36298458299e-13, 4.01546173699e-13, 4.35025035743e-13, 4.18713945894e-13, 4.2889259852e-13, 4.03014346071e-13, 3.93353291562e-13, 4.59206566002e-13, 2.53512732725e-13, 4.35549139073e-13, 4.69848552426e-13, 4.47254077307e-13, 2.73387324064e-13, 1.03489441951e-13, 1.47726171302e-14, 4.42371982898e-16],
        "stdev": [0.000321555387927, 0.00592933781445, 0.0151076857001, 0.01215238031, 0.00644428515807, 0.00254778051749, 0.00141316780355, 0.00147392728832, 0.00177978654392, 0.00108472700231, 0.000617355864961, 0.00078249303624, 0.000915302312933, 0.000462869182229, 0.000323959015077, 0.000930451613385, 0.000834497914184, 0.00101293274201, 0.000929729780182, 0.000626659893896, 0.000675355317071, 0.00075801537605, 0.000714330060873, 0.000525991257746, 0.000314000062644, 0.000463900360046, 0.000943690305576, 0.00157813716214, 0.000429839157732, 0.00040807708865, 0.000265121750999, 0.00034331495408, 0.000934178475291, 0.000237465414102, 7.99498520792e-05, 0.00012170017726, 0.000189679514733, 9.79873875622e-05, 6.54647301417e-05, 5.87278846069e-05, 8.4811639681e-05, 0.000196529203095, 0.000222006856347, 0.000206450145924, 9.58337550401e-05, 4.93013685627e-05, 0.000111387322249, 0.000233744227444, 0.000220241592615, 0.000254545680946, 9.90820335574e-05, 3.75870367861e-05, 7.66308003222e-05, 0.000101664700196, 0.000204367184779, 7.51578845666e-05, 5.02637631143e-05, 7.92280334281e-05, 9.01410894585e-05, 6.15328244749e-05, 5.69050025661e-05, 3.69742192561e-05, 4.62547868665e-05, 2.57937845163e-05, 1.31522165248e-05, 1.90630562429e-05, 1.32785044116e-05, 1.68149435922e-05, 1.9447386876e-05, 3.25255605276e-05, 2.6804049412e-05, 1.76947578439e-05, 2.81489483314e-05, 1.4314749933e-05, 6.36608410787e-06, 7.27500446374e-06, 6.84186807121e-06, 7.12504152034e-06, 6.80260563968e-06, 6.42476243229e-06, 5.64593483432e-06, 5.62898276257e-06, 6.08496202403e-06, 5.62027935302e-06, 5.86279111303e-06, 6.09626113146e-06, 8.41973451315e-06, 6.83661028233e-06, 9.40756035561e-06, 1.0452472452e-05, 1.1974836525e-05, 1.42573726407e-05, 1.36274975375e-05, 1.31768802021e-05, 1.77842885023e-05, 1.39623089126e-05, 1.29942272906e-05, 1.02695494206e-05, 1.1581144463e-05, 1.16840483315e-05, 1.03212087197e-05, 9.681033589e-06, 8.38300184114e-06, 5.26314306626e-06, 4.59287275589e-06, 2.95902805192e-06, 1.75034801941e-06, 1.49590971432e-06, 1.07139453576e-06, 7.03152181813e-07, 6.06575326856e-07, 4.5856782549e-07, 1.92691018697e-07, 9.2265779017e-08, 6.89662229547e-08, 4.33958469159e-08, 9.2060306045e-09, 1.61248048247e-09, 1.67883196234e-09, 1.33998734331e-09, 1.29464761134e-09, 1.26485000251e-09, 1.39756550777e-09, 1.21254306595e-09, 1.19451126768e-09, 1.17963538937e-09, 1.16871479161e-09, 1.16203857647e-09]
    },
    "mfcc": {
        "mean": [-625.029541016, 111.161651611, -1.70177161694, 11.3785715103, 8.41581439972, -3.21758675575, -1.86794114113, 7.57885551453, 1.86040949821, 10.5008773804, -3.58332276344, 1.88672685623, -1.8148881197],
        "cov": [[2423.65478516, -809.121582031, -50.3403205872, 23.4279785156, -63.4407501221, -8.83285236359, 93.0018463135, 12.767698288, 58.853729248, 88.648147583, -23.1283149719, -60.8944740295, -10.3336133957], [-809.121582031, 1105.93920898, 154.45513916, 219.898284912, 184.664459229, 196.58392334, 138.970947266, 82.4840011597, 31.0969028473, -29.1515789032, 149.729446411, 66.7435302734, 20.5630207062], [-50.3403205872, 154.45513916, 1103.76184082, 394.968536377, 296.891204834, 515.766479492, 234.869735718, 67.5728530884, 138.807800293, -84.7464141846, 255.429916382, 94.8817977905, 43.3487052917], [23.4279785156, 219.898284912, 394.968536377, 507.052490234, 240.513778687, 340.0362854, 166.452697754, 88.1658325195, 109.752723694, -62.6224937439, 161.5340271, 75.013923645, 38.0346183777], [-63.4407501221, 184.664459229, 296.891204834, 240.513778687, 296.840148926, 217.63722229, 119.353942871, 76.1319732666, 96.802230835, -17.7527523041, 106.748908997, 54.554649353, 19.0690631866], [-8.83285236359, 196.58392334, 515.766479492, 340.0362854, 217.63722229, 484.374969482, 238.61907959, 95.0071563721, 125.310417175, -64.1338653564, 211.272460938, 53.3884277344, 25.8476905823], [93.0018463135, 138.970947266, 234.869735718, 166.452697754, 119.353942871, 238.61907959, 223.915161133, 85.7383346558, 71.0732955933, -4.4146361351, 113.718795776, 17.7986602783, 18.7780399323], [12.767698288, 82.4840011597, 67.5728530884, 88.1658325195, 76.1319732666, 95.0071563721, 85.7383346558, 128.159378052, 62.5211677551, 8.8543214798, 39.5133171082, 28.1154689789, 11.3425502777], [58.853729248, 31.0969028473, 138.807800293, 109.752723694, 96.802230835, 125.310417175, 71.0732955933, 62.5211677551, 165.214981079, 22.5693130493, 75.5362548828, 14.5738477707, 16.9134712219], [88.648147583, -29.1515789032, -84.7464141846, -62.6224937439, -17.7527523041, -64.1338653564, -4.4146361351, 8.8543214798, 22.5693130493, 147.680328369, -19.3056373596, -11.8181390762, -6.53649902344], [-23.1283149719, 149.729446411, 255.429916382, 161.5340271, 106.748908997, 211.272460938, 113.718795776, 39.5133171082, 75.5362548828, -19.3056373596, 177.61605835, 45.570930481, 18.8565177917], [-60.8944740295, 66.7435302734, 94.8817977905, 75.013923645, 54.554649353, 53.3884277344, 17.7986602783, 28.1154689789, 14.5738477707, -11.8181390762, 45.570930481, 95.4964294434, 32.9738960266], [-10.3336133957, 20.5630207062, 43.3487052917, 38.0346183777, 19.0690631866, 25.8476905823, 18.7780399323, 11.3425502777, 16.9134712219, -6.53649902344, 18.8565177917, 32.9738960266, 72.5043334961]],
        "icov": [[0.000649560999591, 0.000562424422242, 8.07560572866e-05, -0.000317777536111, 8.32014266052e-05, 0.000277381448541, -0.000738524424378, 5.14584680786e-05, -5.52647361474e-05, -0.000262510293396, -0.000186772202142, 0.000145997575601, 8.53432648e-05], [0.000562424422242, 0.0016350899823, 0.000284806184936, -0.000430218817201, -0.000460833194666, 0.000349670066498, -0.000872781965882, -0.000280964683043, 0.000540239270777, -0.000170174505911, -0.00109136197716, -3.15972974931e-05, 9.521785978e-05], [8.07560572866e-05, 0.000284806184936, 0.00206776894629, -1.76339817699e-05, -0.000785200332757, -0.00171036366373, -6.43194071017e-05, 0.000850258511491, -1.0342702808e-05, 0.00015855221136, -0.000624932814389, -0.000662288046442, -0.000115953305794], [-0.000317777536111, -0.000430218817201, -1.76339817699e-05, 0.00477488385513, -0.00177970761433, -0.00223669619299, 0.000545521150343, -0.000234821403865, -0.000344492902514, 0.000909962051082, 1.2197824617e-05, -0.00102289160714, -0.000632237701211], [8.32014266052e-05, -0.000460833194666, -0.000785200332757, -0.00177970761433, 0.00698898360133, -0.000236749823671, -0.000555801147129, -0.000811211182736, -0.00173410098068, -0.000288074777927, 0.000733780907467, -0.0013905846281, 0.000882858235855], [0.000277381448541, 0.000349670066498, -0.00171036366373, -0.00223669619299, -0.000236749823671, 0.0102156633511, -0.00522440392524, -0.000412672758102, -0.00108050648123, 0.00200796034187, -0.0039927023463, 0.000863113673404, 0.00105326832272], [-0.000738524424378, -0.000872781965882, -6.43194071017e-05, 0.000545521150343, -0.000555801147129, -0.00522440392524, 0.0130830854177, -0.00488010933623, 0.00168840028346, -0.00154149369337, -0.00199845293537, 0.00328605202958, -0.00222927774303], [5.14584680786e-05, -0.000280964683043, 0.000850258511491, -0.000234821403865, -0.000811211182736, -0.000412672758102, -0.00488010933623, 0.0135068194941, -0.00376155716367, -0.000257489911746, 0.00280798203312, -0.0040013124235, 0.001156948274], [-5.52647361474e-05, 0.000540239270777, -1.0342702808e-05, -0.000344492902514, -0.00173410098068, -0.00108050648123, 0.00168840028346, -0.00376155716367, 0.0105074550956, -0.00232196133584, -0.00322585226968, 0.00258772214875, -0.00198010145687], [-0.000262510293396, -0.000170174505911, 0.00015855221136, 0.000909962051082, -0.000288074777927, 0.00200796034187, -0.00154149369337, -0.000257489911746, -0.00232196133584, 0.00851721223444, -0.000215669468162, -0.000252460857155, 0.000718565308489], [-0.000186772202142, -0.00109136197716, -0.000624932814389, 1.2197824617e-05, 0.000733780907467, -0.0039927023463, -0.00199845293537, 0.00280798203312, -0.00322585226968, -0.000215669468162, 0.0147239333019, -0.00421627424657, 0.000780094705988], [0.000145997575601, -3.15972974931e-05, -0.000662288046442, -0.00102289160714, -0.0013905846281, 0.000863113673404, 0.00328605202958, -0.0040013124235, 0.00258772214875, -0.000252460857155, -0.00421627424657, 0.016696581617, -0.00632795970887], [8.53432648e-05, 9.521785978e-05, -0.000115953305794, -0.000632237701211, 0.000882858235855, 0.00105326832272, -0.00222927774303, 0.001156948274, -0.00198010145687, 0.000718565308489, 0.000780094705988, -0.00632795970887, 0.0171687826514]]
    },
    "spectral_contrast_coeffs": {
        "max": [-0.405672460794, -0.502768516541, -0.48975610733, -0.535121321678, -0.53337264061, -0.601086735725],
        "mean": [-0.718495726585, -0.742314636707, -0.730224192142, -0.771006584167, -0.765068531036, -0.748685598373],
        "min": [-0.900882959366, -0.900636672974, -0.900252580643, -0.905227005482, -0.891466379166, -0.906620800495],
        "stdev": [0.0770030468702, 0.0686627775431, 0.0851797312498, 0.0698499232531, 0.0578996352851, 0.0459722280502]
    },
    "spectral_contrast_valleys": {
        "max": [-4.83105611801, -4.91465854645, -5.75694131851, -6.10167455673, -5.67068862915, -7.0570602417],
        "mean": [-6.80602073669, -6.71471738815, -7.26816177368, -7.52548933029, -7.57413673401, -10.3332576752],
        "min": [-10.5088043213, -8.5137424469, -9.21385288239, -9.0000743866, -9.34040260315, -12.9153776169],
        "stdev": [1.15542709827, 0.486226677895, 0.495495826006, 0.487904936075, 0.646738409996, 1.05424427986]
    }
},
"rhythm": {
    "beats_count": 117,
    "beats_loudness": {
        "max": 0.172916606069,
        "mean": 0.0876437947154,
        "min": 0.00570637732744,
        "stdev": 0.0393392927945
    },
    "bpm": 144.822463989,
    "bpm_histogram_first_peak_bpm": 144,
    "bpm_histogram_first_peak_weight": 0.309090912342,
    "bpm_histogram_second_peak_bpm": 152,
    "bpm_histogram_second_peak_spread": 0,
    "bpm_histogram_second_peak_weight": 0.0344827584922,
    "danceability": 1.42368602753,
    "onset_rate": 3.8759765625,
    "beats_loudness_band_ratio": {
        "max": [0.990930974483, 0.266688972712, 0.730115354061, 0.632983922958, 0.450332254171, 0.274429112673],
        "mean": [0.679249048233, 0.0501106306911, 0.134222492576, 0.0847067609429, 0.0602629967034, 0.0229164548218],
        "min": [0.00031282225973, 0.00274771684781, 0.0020936424844, 0.00101965281647, 0.0011859186925, 0.000844152003992],
        "stdev": [0.347501128912, 0.0470562689006, 0.174458906054, 0.140709772706, 0.0937422886491, 0.0358894877136]
    },
