{
"metadata": {
    "version": {
        "essentia": "2.1-beta5",
        "essentia_git_sha": "Undefined",
        "extractor": "music 2.0"
    },
    "audio_properties": {
        "analysis": {
            "equal_loudness": 0,
            "length": 32.4963264465,
            "sample_rate": 44100,
            "start_time": 45.2440834045,
            "downmix": "mix"
        },
        "bit_rate": 192000,
        "length": 202.129714966,
        "lossless": 0,
        "number_channels": 2,
        "replay_gain": -2.06707954407,
        "sample_rate": 48000,
        "codec": "mp3",
        "md5_encoded": "beab198d437a05f3a8bbbabbc5b2efc4"
    },
    "tags": {
        "file_name": "Australia_Sound of Silence_Dami Im.mp3",
        "encoding": ["Lavf58.29.100"]
    }
},
"lowlevel": {
    "average_loudness": 0.974319756031,
    "barkbands_crest": {
        "max": 23.2447624207,
        "mean": 11.0010404587,
        "min": 3.11940956116,
        "stdev": 3.84563088417
    },
    "barkbands_flatness_db": {
        "max": 0.245875060558,
        "mean": 0.135803252459,
        "min": 0.0535983070731,
        "stdev": 0.0332892909646
    },
    "barkbands_kurtosis": {
        "max": 27.4555511475,
        "mean": 1.21946954727,
        "min": -1.79534351826,
        "stdev": 2.81333184242
    },
    "barkbands_skewness": {
        "max": 4.64954423904,
        "mean": 0.835423707962,
        "min": -1.00639045238,
        "stdev": 0.800104796886
    },
    "barkbands_spread": {
        "max": 110.418144226,
        "mean": 27.2489852905,
        "min": 3.03673624992,
        "stdev": 17.3275604248
    },
    "dissonance": {
        "max": 0.499999940395,
        "mean": 0.466742515564,
        "min": 0.167920425534,
        "stdev": 0.0284517910331
    },
    "dynamic_complexity": 1.44681799412,
    "erbbands_crest": {
        "max": 30.9268550873,
        "mean": 13.5474882126,
        "min": 2.64092540741,
        "stdev": 7.13916397095
    },
    "erbbands_flatness_db": {
        "max": 0.312710016966,
        "mean": 0.165103688836,
        "min": 0.0625037997961,
        "stdev": 0.0500307157636
    },
    "erbbands_kurtosis": {
        "max": 21.0440254211,
        "mean": 2.11010980606,
        "min": -1.70047020912,
        "stdev": 3.25470399857
    },
    "erbbands_skewness": {
        "max": 3.20364522934,
        "mean": 0.54729861021,
        "min": -1.32060837746,
        "stdev": 0.726322650909
    },
    "erbbands_spread": {
        "max": 135.861495972,
        "mean": 30.7467288971,
        "min": 4.34880828857,
        "stdev": 24.6605968475
    },
    "hfc": {
        "max": 207.884674072,
        "mean": 35.6066894531,
        "min": 0.142087757587,
        "stdev": 22.3199329376
    },
    "loudness_ebu128": {
        "integrated": -19.3636875153,
        "loudness_range": 0.997135162354,
        "momentary": {
            "max": -17.3881988525,
            "mean": -19.5506496429,
            "min": -26.6387710571,
            "stdev": 1.41079318523
        },
        "short_term": {
            "max": -18.4462547302,
            "mean": -19.2466621399,
            "min": -21.2903575897,
            "stdev": 0.520178735256
        }
    },
    "melbands_crest": {
        "max": 28.6130638123,
        "mean": 14.0906772614,
        "min": 4.74035549164,
        "stdev": 4.51464653015
    },
    "melbands_flatness_db": {
        "max": 0.332331925631,
        "mean": 0.182737991214,
        "min": 0.0844471901655,
        "stdev": 0.0389047749341
    },
    "melbands_kurtosis": {
        "max": 80.973815918,
        "mean": 6.10412836075,
        "min": -1.43710255623,
        "stdev": 9.64651584625
    },
    "melbands_skewness": {
        "max": 8.49589538574,
        "mean": 1.6812466383,
        "min": -0.711534023285,
        "stdev": 1.40498352051
    },
    "melbands_spread": {
        "max": 80.4991989136,
        "mean": 27.9451332092,
        "min": 3.66204595566,
        "stdev": 11.9374675751
    },
    "pitch_salience": {
        "max": 0.882363557816,
        "mean": 0.508690357208,
        "min": 0.188926801085,
        "stdev": 0.0959428474307
    },
    "silence_rate_20dB": {
        "max": 1,
        "mean": 1,
        "min": 1,
        "stdev": 0
    },
    "silence_rate_30dB": {
        "max": 1,
        "mean": 0.992148458958,
        "min": 0,
        "stdev": 0.0882604494691
    },
    "silence_rate_60dB": {
        "max": 1,
        "mean": 0.000713775865734,
        "min": 0,
        "stdev": 0.0267070475966
    },
    "spectral_centroid": {
        "max": 2696.70214844,
        "mean": 1356.8873291,
        "min": 366.071136475,
        "stdev": 379.367004395
    },
    "spectral_complexity": {
        "max": 55,
        "mean": 24.0756607056,
        "min": 1,
        "stdev": 6.90859794617
    },
    "spectral_decrease": {
        "max": -7.78519818057e-11,
        "mean": -9.93614523992e-09,
        "min": -3.44690000986e-08,
        "stdev": 5.21906251549e-09
    },
    "spectral_energy": {
        "max": 0.13496401906,
        "mean": 0.0407308936119,
        "min": 0.000306719332002,
        "stdev": 0.020484732464
    },
    "spectral_energyband_high": {
        "max": 0.0183042902499,
        "mean": 0.00134319753852,
        "min": 1.71490978573e-06,
        "stdev": 0.00212714029476
    },
    "spectral_energyband_low": {
        "max": 0.0951068401337,
        "mean": 0.0152699062601,
        "min": 2.61448403762e-05,
        "stdev": 0.0140172895044
    },
    "spectral_energyband_middle_high": {
        "max": 0.0706513300538,
        "mean": 0.0141248237342,
        "min": 4.50913721579e-05,
        "stdev": 0.0107718231156
    },
    "spectral_energyband_middle_low": {
        "max": 0.0910345315933,
        "mean": 0.011474029161,
        "min": 0.000234495048062,
        "stdev": 0.0106035927311
    },
    "spectral_entropy": {
        "max": 8.6303653717,
        "mean": 7.69661092758,
        "min": 6.66427373886,
        "stdev": 0.368715912104
    },
    "spectral_flux": {
        "max": 0.266897976398,
        "mean": 0.110817179084,
        "min": 0.0258654821664,
        "stdev": 0.0439836531878
    },
    "spectral_kurtosis": {
        "max": 29.8025856018,
        "mean": 4.15929079056,
        "min": -1.26413738728,
        "stdev": 2.44186687469
    },
    "spectral_rms": {
        "max": 0.0114748515189,
        "mean": 0.00611050706357,
        "min": 0.000547026866116,
        "stdev": 0.00154892879073
    },
    "spectral_rolloff": {
        "max": 11821.7285156,
        "mean": 1796.32104492,
        "min": 86.1328125,
        "stdev": 2106.0847168
    },
    "spectral_skewness": {
        "max": 4.64633989334,
        "mean": 1.64301931858,
        "min": 0.470109671354,
        "stdev": 0.387231081724
    },
    "spectral_spread": {
        "max": 17700894,
        "mean": 5229583.5,
        "min": 2691178.5,
        "stdev": 2686808
    },
    "spectral_strongpeak": {
        "max": 11.8698911667,
        "mean": 1.96274006367,
        "min": 0.01165590249,
        "stdev": 2.16234636307
    },
    "zerocrossingrate": {
        "max": 0.3212890625,
        "mean": 0.0669363513589,
        "min": 0.00634765625,
        "stdev": 0.0411739349365
    },
    "barkbands": {
        "max": [0.00490078516304, 0.0655276700854, 0.0502519309521, 0.0282342880964, 0.0259209237993, 0.0276795811951, 0.0286152455956, 0.0477845519781, 0.0172263700515, 0.0496242009103, 0.0548005327582, 0.0290423333645, 0.0204168222845, 0.0299227833748, 0.021526588127, 0.0182184074074, 0.00667117023841, 0.00626376504079, 0.0052381339483, 0.00361948041245, 0.00225440016948, 0.00150313659105, 0.0025673895143, 0.00448196707293, 0.0161961130798, 0.003529160982, 5.93023651163e-06],
        "mean": [0.000473592139315, 0.0111440625042, 0.00270693935454, 0.00151842937339, 0.00275824009441, 0.00144180271309, 0.00169794994872, 0.00197909097187, 0.00110597792082, 0.00491426233202, 0.00309273786843, 0.00129378819838, 0.000889102520887, 0.000847185903694, 0.00173995806836, 0.00066020648228, 0.000328010472003, 0.000367484637536, 0.000332474417519, 0.000206749959034, 0.000183552445378, 0.000102848942333, 0.000167324236827, 0.000223772614845, 0.00045486856834, 0.000100454191852, 3.87621099662e-08],
        "min": [7.08266938432e-08, 7.39046299714e-06, 1.08190420178e-06, 1.35877451157e-06, 4.54659893876e-05, 1.86196557479e-05, 1.01460791484e-05, 3.67174448002e-06, 2.65861490334e-06, 1.3850153664e-05, 6.40851021672e-06, 1.26140603243e-05, 8.65078982315e-06, 1.09328937015e-06, 2.12909458241e-06, 2.66690648232e-07, 4.94693097153e-07, 7.62167132962e-07, 4.77934861465e-07, 2.64550351403e-07, 2.98749910144e-07, 2.40301346821e-07, 2.68899043476e-07, 2.5691161909e-07, 1.86132069757e-07, 2.45047115932e-09, 9.64627336342e-11],
        "stdev": [0.000812370912172, 0.0103210378438, 0.00601769052446, 0.00331692863256, 0.00266434089281, 0.00188370537944, 0.00321677350439, 0.00607973570004, 0.00162989029195, 0.00718755880371, 0.00688317231834, 0.0034489389509, 0.00174836721271, 0.002232526429, 0.00257098604925, 0.00117270590272, 0.000476218381664, 0.000512000056915, 0.00050121336244, 0.000316892197588, 0.000254727172432, 0.000135190522997, 0.000226536663831, 0.000492846127599, 0.001345463912, 0.000288114184514, 3.31377293605e-07]
    },
    "erbbands": {
        "max": [2.09672307968, 16.3240795135, 39.3394012451, 101.599533081, 81.1338500977, 85.8106842041, 128.413406372, 247.399017334, 388.546508789, 617.541564941, 1230.72387695, 451.952301025, 1150.06359863, 1941.02661133, 2278.79833984, 1396.44848633, 1060.03283691, 1629.8651123, 1277.26013184, 738.669433594, 1249.99768066, 330.870941162, 212.613708496, 581.172668457, 212.677963257, 195.700531006, 162.91973877, 52.6011810303, 42.9224090576, 73.6616363525, 86.3042449951, 106.803199768, 82.0522537231, 170.483154297, 104.88608551, 31.428030014, 3.31183862686, 0.096497759223, 0.00355185917579, 0.00045581132872],
        "mean": [0.281440347433, 2.57127118111, 3.62745594978, 4.92941141129, 6.65553617477, 9.88937759399, 8.63962364197, 12.6478719711, 24.253911972, 26.6888771057, 44.5353088379, 27.226568222, 77.1251678467, 189.159591675, 109.075126648, 61.8488693237, 47.0434799194, 47.5567245483, 86.0735015869, 54.7578010559, 34.653011322, 17.9047641754, 16.5687332153, 25.6085586548, 11.857834816, 10.1403951645, 9.75524234772, 5.20041656494, 3.68007564545, 4.07842636108, 4.97049951553, 4.23153877258, 4.16218662262, 4.52467775345, 3.43802475929, 0.927564799786, 0.10096116364, 0.00309962872416, 0.000150203966768, 6.38245037408e-05],
        "min": [0.000113360321848, 0.00167973269708, 0.00287975091487, 0.0152573101223, 0.0416071861982, 0.103765800595, 0.1262550354, 0.155121147633, 0.196342229843, 0.186690077186, 0.0475976765156, 0.0520579330623, 0.400370389223, 0.249943345785, 0.307625889778, 0.618603229523, 0.432269960642, 0.0984099730849, 0.0949042513967, 0.0754457190633, 0.00893294345587, 0.0292006805539, 0.0296706836671, 0.0398766696453, 0.0226493868977, 0.0131198382005, 0.00991093181074, 0.0130036780611, 0.0100690517575, 0.00590010546148, 0.00927386805415, 0.00626402907073, 0.00332977995276, 0.00241701654159, 0.000676747586112, 5.55854057893e-05, 6.08378604738e-06, 1.16119565519e-06, 2.0889501684e-06, 2.88019487016e-06],
        "stdev": [0.306141793728, 2.47326660156, 5.3966050148, 11.9555282593, 8.12948322296, 10.1713819504, 9.21055030823, 17.0008182526, 43.9155769348, 57.3619155884, 146.057144165, 36.477394104, 117.951683044, 298.690612793, 248.81161499, 153.9012146, 89.2305984497, 119.907188416, 135.553604126, 83.5124816895, 60.9933509827, 23.6440181732, 20.2675056458, 40.6894645691, 15.3755054474, 14.9590864182, 16.0277557373, 6.47588729858, 4.79871416092, 5.64389848709, 7.03220367432, 8.37365341187, 9.8803396225, 12.6903810501, 10.9146823883, 2.75117945671, 0.274763196707, 0.00938765145838, 0.000353723240551, 4.8443373089e-05]
    },
    "gfcc": {
        "mean": [41.9904937744, 93.4667282104, -123.294151306, 28.815404892, -57.3762397766, 35.7893600464, -39.0333251953, 20.6834716797, -25.4556427002, 4.05876255035, -13.0899372101, 1.24175214767, -0.880389332771],
        "cov": [[1370.46923828, -439.828399658, 385.427856445, 241.450515747, 37.1912155151, 101.589935303, -81.6584777832, 84.5246963501, -47.3223419189, 177.499526978, -59.0482521057, 85.5828857422, -190.32585144], [-439.828399658, 560.681884766, -330.110900879, 36.936542511, 58.8879508972, -132.425048828, 137.8097229, -89.2495346069, 77.9709625244, -112.971763611, 56.4323425293, -55.9823989868, 84.4132080078], [385.427856445, -330.110900879, 705.660461426, -8.2107629776, -6.52280712128, 109.074501038, -167.095748901, 149.004257202, -36.4701881409, 99.4176101685, -67.2431945801, 60.8620872498, -120.192016602], [241.450515747, 36.936542511, -8.2107629776, 248.018768311, 37.1834220886, 25.1665096283, 32.0122833252, -12.1222171783, 47.5946769714, 22.9898509979, 39.2434082031, -11.9851379395, -21.4654464722], [37.1912155151, 58.8879508972, -6.52280712128, 37.1834220886, 141.205841064, 51.5951156616, 45.2497024536, -17.4489688873, -2.49007844925, -0.988978803158, -8.97222423553, 25.5927906036, 11.8080358505], [101.589935303, -132.425048828, 109.074501038, 25.1665096283, 51.5951156616, 180.953430176, 22.882144928, 5.94097805023, -14.8987722397, 7.87842273712, 5.26110696793, 29.1162281036, 3.2347214222], [-81.6584777832, 137.8097229, -167.095748901, 32.0122833252, 45.2497024536, 22.882144928, 162.166305542, -21.8652114868, 4.75724172592, -48.6962013245, 14.7626447678, 11.0280370712, 39.3237762451], [84.5246963501, -89.2495346069, 149.004257202, -12.1222171783, -17.4489688873, 5.94097805023, -21.8652114868, 124.677154541, 27.4919052124, 14.1298017502, -19.8712615967, 6.52008008957, -29.4667778015], [-47.3223419189, 77.9709625244, -36.4701881409, 47.5946769714, -2.49007844925, -14.8987722397, 4.75724172592, 27.4919052124, 103.735343933, 18.253320694, 33.5571556091, -24.6054096222, 4.08707332611], [177.499526978, -112.971763611, 99.4176101685, 22.9898509979, -0.988978803158, 7.87842273712, -48.6962013245, 14.1298017502, 18.253320694, 125.130828857, 24.4954471588, 7.657746315, -47.7084197998], [-59.0482521057, 56.4323425293, -67.2431945801, 39.2434082031, -8.97222423553, 5.26110696793, 14.7626447678, -19.8712615967, 33.5571556091, 24.4954471588, 91.6382904053, -14.9614620209, 19.0133838654], [85.5828857422, -55.9823989868, 60.8620872498, -11.9851379395, 25.5927906036, 29.1162281036, 11.0280370712, 6.52008008957, -24.6054096222, 7.657746315, -14.9614620209, 93.721496582, 0.069976337254], [-190.32585144, 84.4132080078, -120.192016602, -21.4654464722, 11.8080358505, 3.2347214222, 39.3237762451, -29.4667778015, 4.08707332611, -47.7084197998, 19.0133838654, 0.069976337254, 102.163673401]],
        "icov": [[0.00188834266737, 0.000840285385493, 7.14616471669e-05, -0.00208806525916, -0.000259460619418, 0.000136821283377, -0.000116727911518, -0.00051996280672, 0.000980430399068, -0.00128206529189, 0.00102618464734, -0.000932806404307, 0.00156130292453], [0.000840285385493, 0.00948970206082, -0.00235967338085, 0.00040686930879, -0.00558805186301, 0.00885071232915, -0.00631236052141, 0.00678478321061, -0.00738157471642, 0.00738358916715, -0.00476801767945, 0.00222989870235, 0.000415274756961], [7.14616471669e-05, -0.00235967338085, 0.00481191091239, -0.000999505398795, 0.00121435755864, -0.00464167073369, 0.00516585307196, -0.00584026239812, 0.00379520957358, -0.00311193894595, 0.00245661544614, -0.00217706803232, 0.00180685170926], [-0.00208806525916, 0.00040686930879, -0.000999505398795, 0.00791634712368, -0.00169665296562, 0.000889307877515, -0.00210396084003, 0.00313720782287, -0.00474632531404, 0.00285848393105, -0.00369772827253, 0.00195733178407, 0.000355465745088], [-0.000259460619418, -0.00558805186301, 0.00121435755864, -0.00169665296562, 0.0129822483286, -0.00735314656049, 0.00139161525294, -0.00235082092695, 0.00357617903501, -0.00594524107873, 0.00590921752155, -0.00299850059673, -0.00129246280994], [0.000136821283377, 0.00885071232915, -0.00464167073369, 0.000889307877515, -0.00735314656049, 0.0164851248264, -0.00830589234829, 0.0076670628041, -0.00669183209538, 0.00774701638147, -0.00678370846435, 0.00214862916619, -0.00144920242019], [-0.000116727911518, -0.00631236052141, 0.00516585307196, -0.00210396084003, 0.00139161525294, -0.00830589234829, 0.015918571502, -0.00781948491931, 0.00631560338661, -0.00263815326616, 0.00248759402893, -0.00414598826319, 0.000408381980378], [-0.00051996280672, 0.00678478321061, -0.00584026239812, 0.00313720782287, -0.00235082092695, 0.0076670628041, -0.00781948491931, 0.020072972402, -0.0128411129117, 0.00746872043237, -0.00223564822227, 0.00216629146598, 0.000458042166429], [0.000980430399068, -0.00738157471642, 0.00379520957358, -0.00474632531404, 0.00357617903501, -0.00669183209538, 0.00631560338661, -0.0128411129117, 0.0226345080882, -0.00960302259773, 0.00129371101502, -0.000189480284462, -0.000573432829697], [-0.00128206529189, 0.00738358916715, -0.00311193894595, 0.00285848393105, -0.00594524107873, 0.00774701638147, -0.00263815326616, 0.00746872043237, -0.00960302259773, 0.0210867784917, -0.0107057644054, 0.00101880042348, 0.00428484892473], [0.00102618464734, -0.00476801767945, 0.00245661544614, -0.00369772827253, 0.00590921752155, -0.00678370846435, 0.00248759402893, -0.00223564822227, 0.00129371101502, -0.0107057644054, 0.020840678364, -0.00095305533614, -0.00303507270291], [-0.000932806404307, 0.00222989870235, -0.00217706803232, 0.00195733178407, -0.00299850059673, 0.00214862916619, -0.00414598826319, 0.00216629146598, -0.000189480284462, 0.00101880042348, -0.00095305533614, 0.0147230084985, -0.00258042034693], [0.00156130292453, 0.000415274756961, 0.00180685170926, 0.000355465745088, -0.00129246280994, -0.00144920242019, 0.000408381980378, 0.000458042166429, -0.000573432829697, 0.00428484892473, -0.00303507270291, -0.00258042034693, 0.0173147916794]]
    },
    "melbands": {
        "max": [0.0189502295107, 0.0179910063744, 0.0149805676192, 0.00576916383579, 0.00423498032615, 0.00636118324474, 0.00571820233017, 0.00791946239769, 0.00870523229241, 0.00243409094401, 0.00574182067066, 0.00847993046045, 0.0091853979975, 0.00421179272234, 0.0036891666241, 0.00246892892756, 0.00282464968041, 0.00187855912372, 0.00160122127272, 0.00119213585276, 0.0016500398051, 0.000262676534476, 0.000381060643122, 0.000243544869591, 0.000538108695764, 0.000146724662045, 0.000107918749563, 0.000134428599267, 0.000169647100847, 6.07407055213e-05, 3.72782706108e-05, 2.43627237069e-05, 3.63722865586e-05, 3.83264850825e-05, 5.07524564455e-05, 6.34809621261e-05, 7.73795181885e-05, 6.54780742479e-05, 7.91048078099e-05, 0.000214132742258],
        "mean": [0.00291063310578, 0.00247591082007, 0.000859105843119, 0.000622856372502, 0.000330485898303, 0.000290424970444, 0.000371302012354, 0.000312550837407, 0.000340074911946, 0.000161259900779, 0.000386318133678, 0.000772621191572, 0.000436075875768, 0.00015580561012, 0.000128002167912, 8.91462477739e-05, 8.19074630272e-05, 0.000126316648675, 0.000102331665403, 5.38468993909e-05, 3.70568886865e-05, 1.77590045496e-05, 1.51108579303e-05, 1.76792982529e-05, 2.19190642383e-05, 9.24402775127e-06, 6.83559801473e-06, 6.35709830021e-06, 7.1707349889e-06, 3.77035439669e-06, 2.62975800069e-06, 2.0646473331e-06, 1.94958079192e-06, 2.39128030444e-06, 2.92104141408e-06, 2.69467363978e-06, 2.51972664955e-06, 2.62006346929e-06, 3.44904810845e-06, 3.93986420022e-06],
        "min": [2.04596767617e-06, 4.43374028691e-06, 4.55091731055e-06, 6.40296184429e-06, 4.15320573666e-06, 3.45106150235e-06, 2.87849479719e-06, 1.7519572566e-06, 2.70320072104e-07, 3.76715320272e-07, 2.09841800825e-06, 1.08167637336e-06, 9.81389689514e-07, 1.12046234335e-06, 1.29171803565e-06, 5.36977950105e-07, 1.25023561282e-07, 1.35199030638e-07, 1.50157944745e-07, 4.44397691979e-08, 3.96181487616e-09, 2.59398653668e-08, 2.92066086871e-08, 3.89086594055e-08, 3.20437223422e-08, 1.61683431088e-08, 1.31439579221e-08, 8.03252664383e-09, 4.80389816815e-09, 8.23762302815e-09, 7.35837213384e-09, 6.14922734954e-09, 3.62784935426e-09, 3.00685965016e-09, 5.93861182452e-09, 3.87305609806e-09, 3.87861698314e-09, 2.07899919502e-09, 2.80553580367e-09, 1.76804704211e-09],
        "stdev": [0.00273540592752, 0.00268182950094, 0.0017550769262, 0.000652177783195, 0.000335393095156, 0.000409721920732, 0.000673019036185, 0.000728476850782, 0.00109136360697, 0.000219645080506, 0.000601254694629, 0.00127253658138, 0.00103915529326, 0.000388353684684, 0.000291046861093, 0.000194921609364, 0.00021816600929, 0.000204668409424, 0.000158349066623, 9.3579175882e-05, 7.13574772817e-05, 2.21991558647e-05, 2.70044401987e-05, 2.39437395066e-05, 3.77930082323e-05, 1.21358261822e-05, 9.9955332189e-06, 9.97964525595e-06, 1.40033234857e-05, 5.0247863328e-06, 3.5849766391e-06, 2.73221826319e-06, 2.73164096143e-06, 3.38791028298e-06, 4.10631992054e-06, 4.77972935187e-06, 5.35985236638e-06, 6.25238681096e-06, 8.91135186976e-06, 1.19692194858e-05]
    },
    "melbands128": {
        "max": [0.00451565533876, 0.0175999533385, 0.0311007685959, 0.0293514877558, 0.0160286650062, 0.0281018167734, 0.0246096290648, 0.00973822921515, 0.0088835246861, 0.0076684714295, 0.0051366542466, 0.00553387217224, 0.00471743475646, 0.00535299628973, 0.004344006069, 0.014349648729, 0.0127918832004, 0.0101248510182, 0.00919432844967, 0.0097288582474, 0.0162544567138, 0.0183959230781, 0.0157090183347, 0.00661766063422, 0.00499449297786, 0.00390519551001, 0.00949085038155, 0.0114889750257, 0.00399689935148, 0.0156786069274, 0.0156376678497, 0.00893772393465, 0.019149530679, 0.00801625195891, 0.00609158026055, 0.00893709156662, 0.00737339956686, 0.00755155785009, 0.00277701276354, 0.00532233761624, 0.00218797801062, 0.00707732047886, 0.00437700375915, 0.00209664809518, 0.0015965544153, 0.00360159180127, 0.00402754358947, 0.00295237312093, 0.00255623180419, 0.00226522050798, 0.00235141813755, 0.00215760152787, 0.00405124388635, 0.000676927971654, 0.000468401180115, 0.000222596034291, 0.000749862112571, 0.00101439992432, 0.000222141956328, 0.000389709923184, 0.000269533105893, 0.000671219604556, 0.00146547215991, 0.000531502475496, 0.000261855078861, 0.000256478931988, 0.000365278363461, 0.000325701577822, 0.000207006218261, 0.000428030238254, 0.000294982659398, 0.000125983788166, 0.000417717354139, 0.000237846106756, 0.000128927291371, 0.000154182343977, 7.80354457675e-05, 5.26638395968e-05, 4.16145921918e-05, 5.97238831688e-05, 2.91552460112e-05, 2.85114510916e-05, 3.58928227797e-05, 2.46395538852e-05, 7.84358126111e-05, 3.55685442628e-05, 4.96392494824e-05, 4.52217318525e-05, 6.34897587588e-05, 7.43325799704e-05, 6.66043051751e-05, 0.000106640785816, 9.85229344224e-05, 0.000133301407914, 4.88159348606e-05, 5.3461852076e-05, 0.00011893237388, 0.000112574103696, 0.00011436893692, 9.49911991484e-05, 0.00013101901277, 0.000120598131616, 0.000663723330945, 0.000142235992826, 0.00016975888866, 0.000256168394117, 0.000167245292687, 8.82016465766e-05, 4.75556917081e-05, 4.60528863186e-05, 3.06794972857e-05, 1.74488923221e-05, 1.00262577689e-05, 5.5294062804e-06, 1.67730479461e-06, 1.23556185372e-06, 3.83431455475e-07, 1.64166313876e-09, 1.55344215269e-09, 1.44220990705e-09, 1.39280931233e-09, 1.3293866008e-09, 1.28399579857e-09, 1.26413057799e-09, 1.22510357414e-09, 1.20341847598e-09, 1.18674647887e-09, 1.17543097478e-09],
        "mean": [0.000425936537795, 0.00186232628766, 0.00427088653669, 0.00436176173389, 0.00223041744903, 0.00133211025968, 0.00107421993744, 0.000624102249276, 0.000644437444862, 0.000739582406823, 0.000539167318493, 0.000382574740797, 0.000266528426437, 0.000278227060335, 0.000241129426286, 0.000339105579769, 0.000361376150977, 0.000433060515206, 0.000312355492497, 0.00026400925708, 0.000308220362058, 0.000435180263594, 0.000405951461289, 0.00015562165936, 0.000158982191351, 0.000114595371997, 0.000270139047643, 0.000442926364485, 0.00030935567338, 0.00107398745604, 0.000812706712168, 0.000434836896602, 0.000662311562337, 0.000184261021786, 9.81148696155e-05, 0.000191753715626, 0.000189055383089, 9.17830911931e-05, 0.000124289246742, 0.000114427835797, 4.43377393822e-05, 0.000114552873129, 9.72512643784e-05, 6.37439297861e-05, 4.22575139964e-05, 0.000146748527186, 0.000234570339671, 7.0999340096e-05, 6.89017178956e-05, 8.20561035653e-05, 3.61639395123e-05, 4.53763714177e-05, 5.15053252457e-05, 2.6567502573e-05, 2.17201431951e-05, 1.41775672091e-05, 1.64953798958e-05, 2.0714582206e-05, 1.16598266686e-05, 1.11263752842e-05, 1.4438344806e-05, 2.37120548263e-05, 3.32807503582e-05, 1.8395965526e-05, 9.66624702414e-06, 9.19593185245e-06, 9.1297470135e-06, 6.57144710203e-06, 5.38059248356e-06, 8.55822872836e-06, 6.70106555845e-06, 4.21042250309e-06, 8.03698458185e-06, 9.08958281798e-06, 4.4307907956e-06, 3.5821799429e-06, 3.55110410055e-06, 3.33228376803e-06, 2.39588825934e-06, 2.05343098969e-06, 2.24572386287e-06, 1.95292341232e-06, 1.89147033325e-06, 1.8845186105e-06, 2.08834808291e-06, 2.13720363718e-06, 2.64305958808e-06, 2.61478953689e-06, 3.16419777846e-06, 2.86675003736e-06, 2.82311884803e-06, 2.60300885202e-06, 2.53474604506e-06, 2.66839879259e-06, 2.45786759479e-06, 2.13238695324e-06, 2.74346098195e-06, 3.11125131702e-06, 3.39723942488e-06, 3.55087672688e-06, 3.96682025894e-06, 3.78061236006e-06, 4.32979140896e-06, 4.18920535594e-06, 4.28403063779e-06, 4.05047239838e-06, 3.09181223201e-06, 1.95987149709e-06, 1.24796440559e-06, 1.02391959445e-06, 7.93543279087e-07, 4.34010729577e-07, 1.27581259335e-07, 4.16091801014e-08, 1.05680584284e-08, 9.62215107592e-09, 1.86101722921e-09, 1.00675977971e-11, 8.67403024407e-12, 8.37486330285e-12, 8.1280624592e-12, 7.93185742781e-12, 7.77413029784e-12, 7.61165522972e-12, 7.34938845892e-12, 6.99563323936e-12, 6.79588373423e-12, 6.73429888243e-12],
        "min": [4.1217571578e-09, 3.35259983331e-07, 6.33933154859e-07, 3.05716207549e-06, 1.41667646858e-06, 5.3911219311e-07, 4.12683760942e-07, 8.66547395617e-07, 3.24201187141e-06, 2.54499605035e-06, 1.0288968042e-06, 2.56437215285e-06, 2.08309097616e-06, 1.26191935124e-06, 1.30926787278e-06, 5.51685161554e-07, 1.28079000206e-06, 2.04157259986e-07, 7.56159010962e-07, 6.22970446784e-07, 2.24449252073e-07, 4.99014447541e-07, 5.78517997951e-08, 1.32713509515e-07, 1.73180993102e-07, 2.76020784895e-07, 1.17565014079e-06, 1.87433204246e-06, 2.63589708993e-06, 1.09666473236e-06, 3.80561033353e-07, 6.74950342727e-07, 7.23006053249e-07, 8.24635435492e-07, 5.24419021986e-07, 1.09864561182e-06, 3.44376047678e-07, 7.66900825511e-07, 5.94273103616e-07, 1.12135055019e-07, 3.75776750161e-07, 3.20965256151e-07, 1.24888686059e-07, 1.41546756538e-08, 6.44853983545e-08, 1.85363361993e-07, 1.82237954505e-07, 1.6154979221e-07, 1.38195602517e-07, 9.76918528295e-08, 2.32221246677e-08, 1.58192536848e-09, 3.72401598447e-09, 3.473320076e-09, 7.03766378507e-09, 2.01646237485e-08, 5.35015871606e-08, 4.36022844497e-08, 1.75063252783e-08, 4.21189483291e-09, 3.58529632649e-08, 7.77986528533e-08, 3.33478773484e-08, 2.44130760052e-08, 1.62775979362e-08, 1.24943664304e-08, 1.69761307234e-08, 2.16540279041e-08, 9.0445517742e-09, 7.34060678909e-09, 9.4062961864e-09, 7.96850319063e-09, 4.66149385758e-09, 2.3032105112e-09, 7.09171432689e-09, 9.92489113116e-09, 7.36390060041e-09, 5.02259878132e-09, 7.46876338553e-09, 5.95821125771e-09, 1.73772995993e-09, 4.19223766812e-09, 6.34746077921e-09, 2.76463318905e-09, 2.11090234181e-09, 2.94248014843e-10, 2.69081934512e-09, 2.58554466726e-09, 1.89691129471e-09, 6.01712235593e-09, 3.36360872488e-09, 3.94503985035e-09, 3.68316266375e-09, 4.13265821564e-09, 4.15060208425e-09, 1.98061256285e-09, 1.8293733195e-09, 1.20476484344e-09, 1.61074431571e-10, 6.56208490324e-11, 1.48104362108e-10, 5.59672620748e-11, 7.48195255751e-12, 1.13796465306e-10, 3.6643355017e-11, 1.59741675183e-12, 4.18133193e-12, 2.77710094504e-11, 8.49090979818e-13, 5.04532722025e-13, 5.01524982568e-13, 4.76051164634e-13, 3.93334805915e-13, 3.0128276176e-13, 2.56964588496e-13, 3.9126341056e-13, 2.98869598774e-13, 2.96552333471e-13, 2.93146881552e-13, 3.5213721045e-13, 3.06561498192e-13, 2.76231538728e-13, 3.17313747977e-13, 2.95386219824e-13, 1.96476109037e-13, 7.15502621886e-14, 1.1566574555e-14, 3.4530235125e-16],
        "stdev": [0.000751718704123, 0.00262076896615, 0.00422619050369, 0.00449516065419, 0.0027073584497, 0.00328422780149, 0.00289613660425, 0.00117301975843, 0.000869043578859, 0.000965544488281, 0.000619504891802, 0.000512267928571, 0.000332882482326, 0.000441579933977, 0.000329244066961, 0.000735285924748, 0.000863638240844, 0.000995993730612, 0.000791476981249, 0.000726185680833, 0.00116898398846, 0.00167690881062, 0.00168242992368, 0.000370054098312, 0.000289976713248, 0.000215539854253, 0.000606928952038, 0.00108146842103, 0.000517493113875, 0.00216067628935, 0.00179439701606, 0.00105221138801, 0.0019883539062, 0.000632227398455, 0.000323821848724, 0.000672277819831, 0.00069897074718, 0.000403002690291, 0.00028092780849, 0.000371759495465, 0.000126638449728, 0.000485712051159, 0.000336137018166, 0.00018498544523, 0.000118044408737, 0.000321801344398, 0.000488503952511, 0.000214728177525, 0.000196787194, 0.000207416771445, 0.000108095700853, 0.000138154166052, 0.000158372626174, 4.74390180898e-05, 3.44862819475e-05, 2.04270236281e-05, 4.11778673879e-05, 5.92220312683e-05, 1.87595196621e-05, 2.38081192947e-05, 2.36656705965e-05, 4.78501424368e-05, 7.99625267973e-05, 4.36908012489e-05, 1.98434863705e-05, 1.55369962158e-05, 1.95366665139e-05, 1.48564158735e-05, 1.01514860944e-05, 2.09777153941e-05, 1.49869001689e-05, 7.51783682063e-06, 2.47014413617e-05, 2.2084934244e-05, 7.78075354901e-06, 7.34908007871e-06, 5.77968012294e-06, 5.43624491911e-06, 3.74728801944e-06, 3.03732190332e-06, 3.0754645195e-06, 2.9973891742e-06, 2.86311092168e-06, 2.65357789431e-06, 3.73420471078e-06, 3.19441323882e-06, 4.44138686362e-06, 3.74604746867e-06, 4.85519512949e-06, 5.00677197124e-06, 5.12514543516e-06, 5.71936288907e-06, 5.61934666621e-06, 6.57082227917e-06, 5.51911625735e-06, 4.78215633848e-06, 7.88095621829e-06, 8.56229326018e-06, 9.37126515055e-06, 1.00209772427e-05, 1.17778308777e-05, 1.11814488264e-05, 2.12024824577e-05, 1.40769525387e-05, 1.49482420966e-05, 1.49670531755e-05, 1.17000117825e-05, 6.9543234531e-06, 3.49146807821e-06, 2.79771575151e-06, 2.06428148886e-06, 1.23725260437e-06, 6.19343950348e-07, 2.4271199095e-07, 7.74766704126e-08, 6.66194139853e-08, 1.55838542071e-08, 5.66462397822e-11, 5.21436296919e-11, 4.93576811367e-11, 4.78148770577e-11, 4.60746857334e-11, 4.48835343891e-11, 4.40926739564e-11, 4.30912285021e-11, 4.2446338111e-11, 4.19886070357e-11, 4.16678774817e-11]
    },
    "mfcc": {
        "mean": [-597.780700684, 120.399246216, -0.921190559864, 5.341319561, 10.2821426392, 7.16519784927, 7.86520290375, 9.30624294281, 4.26562452316, 7.3367857933, -3.99739933014, -2.68519020081, 0.425218254328],
        "cov": [[1256.20300293, -381.668212891, 140.813491821, 193.07711792, 64.6346664429, 115.764099121, 14.4040231705, 0.0841864868999, -20.3495368958, 2.90650248528, 97.3462371826, 90.6562423706, 92.9580993652], [-381.668212891, 400.796325684, -178.043197632, 40.7239303589, -56.568572998, -35.1310157776, -15.8314981461, 19.9435024261, 9.08708286285, 0.574943304062, -50.476600647, -40.095500946, -26.8590202332], [140.813491821, -178.043197632, 487.725219727, -54.0341911316, 155.773895264, -39.9908409119, -14.3783512115, -12.4377565384, 13.4236917496, -12.4746665955, 69.5561828613, 72.6837310791, 50.7041625977], [193.07711792, 40.7239303589, -54.0341911316, 196.790618896, -5.18989706039, 33.5862464905, -10.4256467819, 6.55837059021, -7.08125162125, 14.5520925522, 16.3900337219, 23.3911361694, 16.9923458099], [64.6346664429, -56.568572998, 155.773895264, -5.18989706039, 158.388336182, 18.025800705, -2.50643014908, -0.190093293786, 16.4734477997, 5.72513341904, 25.2944869995, 22.8060474396, 32.5364189148], [115.764099121, -35.1310157776, -39.9908409119, 33.5862464905, 18.025800705, 182.184906006, 55.8558769226, 31.306186676, -11.2150764465, -4.03515768051, -9.33521747589, -9.09419059753, 26.1457557678], [14.4040231705, -15.8314981461, -14.3783512115, -10.4256467819, -2.50643014908, 55.8558769226, 100.187889099, 31.6557559967, 3.2246863842, -0.6730453372, -18.323551178, -13.0210447311, 2.67173528671], [0.0841864868999, 19.9435024261, -12.4377565384, 6.55837059021, -0.190093293786, 31.306186676, 31.6557559967, 118.84324646, 44.5101852417, -18.7312812805, -17.8713569641, -6.63798332214, 10.8923492432], [-20.3495368958, 9.08708286285, 13.4236917496, -7.08125162125, 16.4734477997, -11.2150764465, 3.2246863842, 44.5101852417, 73.5612335205, 4.84709644318, -1.06114280224, -5.86785030365, -1.59801495075], [2.90650248528, 0.574943304062, -12.4746665955, 14.5520925522, 5.72513341904, -4.03515768051, -0.6730453372, -18.7312812805, 4.84709644318, 81.0878143311, 13.5688591003, 8.66868400574, -2.4163620472], [97.3462371826, -50.476600647, 69.5561828613, 16.3900337219, 25.2944869995, -9.33521747589, -18.323551178, -17.8713569641, -1.06114280224, 13.5688591003, 95.8822784424, 57.6253356934, 20.6684322357], [90.6562423706, -40.095500946, 72.6837310791, 23.3911361694, 22.8060474396, -9.09419059753, -13.0210447311, -6.63798332214, -5.86785030365, 8.66868400574, 57.6253356934, 93.7490386963, 40.8786773682], [92.9580993652, -26.8590202332, 50.7041625977, 16.9923458099, 32.5364189148, 26.1457557678, 2.67173528671, 10.8923492432, -1.59801495075, -2.4163620472, 20.6684322357, 40.8786773682, 65.4541320801]],
        "icov": [[0.00175081926864, 0.00174688897096, 2.26637894229e-05, -0.00193476735149, 0.000147139231558, -0.000229527897318, -6.42754239379e-05, -1.44507566802e-05, -4.86578392156e-06, 0.000273707497399, -0.000591470045038, 0.000348235829733, -0.00128212152049], [0.00174688897096, 0.00506383785978, 0.001146084629, -0.00257130316459, -8.9384157036e-05, 0.00084056268679, 0.000369558227248, -0.000607311667409, -9.02647370822e-05, 0.000274834368611, 0.000434652640251, 0.000632943760138, -0.00135324371513], [2.26637894229e-05, 0.001146084629, 0.00414569815621, 0.000735739187803, -0.00339862378314, 0.00144714326598, -0.00030828214949, -7.28547092876e-05, 1.90557257156e-05, 0.0010388471419, -0.000798112188932, -0.00129754038062, -0.000727111066226], [-0.00193476735149, -0.00257130316459, 0.000735739187803, 0.00825997535139, -0.00033935168176, -0.00109856610652, 0.0013311074581, -0.000632000563201, 0.000622595194727, -0.00124572345521, -6.21475410298e-05, -0.00190795550589, 0.000817120773718], [0.000147139231558, -8.9384157036e-05, -0.00339862378314, -0.00033935168176, 0.010595601052, -0.0019335092511, 0.000705623475369, 0.0011466385331, -0.00263575371355, -0.00106948881876, -0.000420017167926, 0.00152407516725, -0.00316205876879], [-0.000229527897318, 0.00084056268679, 0.00144714326598, -0.00109856610652, -0.0019335092511, 0.0087656378746, -0.00389414955862, -0.00178111204877, 0.00258130813017, 0.000131190259708, -0.000594940385781, 0.00243510515429, -0.00351500115357], [-6.42754239379e-05, 0.000369558227248, -0.00030828214949, 0.0013311074581, 0.000705623475369, -0.00389414955862, 0.0135768447071, -0.00307143316604, 0.00077301368583, -0.00145172630437, 0.00174358498771, 6.33482268313e-05, 0.000673028291203], [-1.44507566802e-05, -0.000607311667409, -7.28547092876e-05, -0.000632000563201, 0.0011466385331, -0.00178111204877, -0.00307143316604, 0.0143355857581, -0.0093793803826, 0.00350228487514, 0.00197958783247, -0.00107068265788, -0.00218303874135], [-4.86578392156e-06, -9.02647370822e-05, 1.90557257156e-05, 0.000622595194727, -0.00263575371355, 0.00258130813017, 0.00077301368583, -0.0093793803826, 0.02067425102, -0.00310694123618, -0.00178563653026, 0.00232976325788, 0.00110072793905], [0.000273707497399, 0.000274834368611, 0.0010388471419, -0.00124572345521, -0.00106948881876, 0.000131190259708, -0.00145172630437, 0.00350228487514, -0.00310694123618, 0.014181997627, -0.00143046327867, -0.00136281095911, 0.000948899192736], [-0.000591470045038, 0.000434652640251, -0.000798112188932, -6.21475410298e-05, -0.000420017167926, -0.000594940385781, 0.00174358498771, 0.00197958783247, -0.00178563653026, -0.00143046327867, 0.0186986513436, -0.0106891309842, 0.00237350864336], [0.000348235829733, 0.000632943760138, -0.00129754038062, -0.00190795550589, 0.00152407516725, 0.00243510515429, 6.33482268313e-05, -0.00107068265788, 0.00232976325788, -0.00136281095911, -0.0106891309842, 0.0238772239536, -0.011819485575], [-0.00128212152049, -0.00135324371513, -0.000727111066226, 0.000817120773718, -0.00316205876879, -0.00351500115357, 0.000673028291203, -0.00218303874135, 0.00110072793905, 0.000948899192736, 0.00237350864336, -0.011819485575, 0.0269004311413]]
    },
    "spectral_contrast_coeffs": {
        "max": [-0.54512321949, -0.548528730869, -0.521108627319, -0.601518452168, -0.616402804852, -0.624075829983],
        "mean": [-0.75176012516, -0.782191216946, -0.72738045454, -0.775784790516, -0.791001796722, -0.778073310852],
        "min": [-0.88321107626, -0.911081850529, -0.908455908298, -0.904002070427, -0.87155175209, -0.872238874435],
        "stdev": [0.0565182194114, 0.0621881559491, 0.08009878546, 0.0554538369179, 0.0366094559431, 0.0324326306581]
    },
    "spectral_contrast_valleys": {
        "max": [-4.77095270157, -4.67090749741, -5.10699605942, -5.89817810059, -5.79783821106, -7.81655073166],
        "mean": [-6.23226690292, -6.26801776886, -6.66063022614, -7.01712036133, -7.30570220947, -9.71757221222],
        "min": [-8.46399593353, -7.89253997803, -8.17432594299, -9.30562591553, -10.8611211777, -12.874874115],
        "stdev": [0.54537665844, 0.421083688736, 0.391207426786, 0.352153658867, 0.480393379927, 0.763503134251]
    }
},
"rhythm": {
    "beats_count": 36,
    "beats_loudness": {
        "max": 0.120377600193,
        "mean": 0.0643125995994,
        "min": 0.0148854264989,
        "stdev": 0.0232675224543
    },
    "bpm": 68.0800247192,
    "bpm_histogram_first_peak_bpm": 68,
    "bpm_histogram_first_peak_weight": 0.0571428537369,
    "bpm_histogram_second_peak_bpm": 0,
    "bpm_histogram_second_peak_spread": 0,
    "bpm_histogram_second_peak_weight": 0,
    "danceability": 1.23371422291,
    "onset_rate": 3.04540991783,
    "beats_loudness_band_ratio": {
        "max": [0.904018580914, 0.140566810966, 0.542641162872, 0.654694676399, 0.3412335217, 0.0978438183665],
        "mean": [0.551181554794, 0.0599114634097, 0.106068246067, 0.204191669822, 0.0672160610557, 0.0280956588686],
        "min": [0.0145550621673, 0.0102079119533, 0.012231439352, 0.0147306835279, 0.00808865949512, 0.00251042167656],
        "stdev": [0.211846128106, 0.0337901264429, 0.122786082327, 0.18776679039, 0.0631312578917, 0.0215963106602]
    },
    "beats_position": [0.847528338432, 1.70666658878, 2.57741498947, 3.43655323982, 4.33052158356, 5.21287965775, 6.09523820877, 6.98920631409, 7.87156438828, 8.75392246246, 9.63628101349, 10.5186395645, 11.4009971619, 12.2833557129, 13.1657142639, 14.0480718613, 14.9304304123, 15.8127889633, 16.6951465607, 17.5775051117, 18.4598636627, 19.3422222137, 20.2245807648, 21.1069393158, 21.9892959595, 22.8716545105, 23.7540130615, 24.6363716125, 25.5187301636, 26.4010887146, 27.2834453583, 28.1658039093, 29.0481624603, 29.9305210114, 30.8128795624, 31.6952381134],
