{
"metadata": {
    "version": {
        "essentia": "2.1-beta5",
        "essentia_git_sha": "Undefined",
        "extractor": "music 2.0"
    },
    "audio_properties": {
        "analysis": {
            "equal_loudness": 0,
            "length": 20.6773700714,
            "sample_rate": 44100,
            "start_time": 175.240997314,
            "downmix": "mix"
        },
        "bit_rate": 192000,
        "length": 195.941604614,
        "lossless": 0,
        "number_channels": 2,
        "replay_gain": -2.19067573547,
        "sample_rate": 48000,
        "codec": "mp3",
        "md5_encoded": "ae330b7055d54ef96ab8a91a73d0a46a"
    },
    "tags": {
        "file_name": "Poland_Color of Your Life_Michał Szpak.mp3",
        "encoding": ["Lavf58.29.100"]
    }
},
"lowlevel": {
    "average_loudness": 0.911392986774,
    "barkbands_crest": {
        "max": 26.0389957428,
        "mean": 10.4471483231,
        "min": 3.23445081711,
        "stdev": 3.84216856956
    },
    "barkbands_flatness_db": {
        "max": 0.30178925395,
        "mean": 0.160518988967,
        "min": 0.0645899176598,
        "stdev": 0.039560277015
    },
    "barkbands_kurtosis": {
        "max": 45.3434028625,
        "mean": 2.28464269638,
        "min": -1.40380585194,
        "stdev": 3.42732667923
    },
    "barkbands_skewness": {
        "max": 6.12712526321,
        "mean": 1.0539431572,
        "min": -0.851441979408,
        "stdev": 0.826408565044
    },
    "barkbands_spread": {
        "max": 81.4010391235,
        "mean": 16.0438308716,
        "min": 3.71310329437,
        "stdev": 8.65685749054
    },
    "dissonance": {
        "max": 0.500000178814,
        "mean": 0.461888343096,
        "min": 0.311741828918,
        "stdev": 0.0344901420176
    },
    "dynamic_complexity": 3.00173854828,
    "erbbands_crest": {
        "max": 28.339220047,
        "mean": 12.4856548309,
        "min": 3.05489444733,
        "stdev": 6.08638143539
    },
    "erbbands_flatness_db": {
        "max": 0.345148146152,
        "mean": 0.206069812179,
        "min": 0.0258942004293,
        "stdev": 0.0593651793897
    },
    "erbbands_kurtosis": {
        "max": 29.637298584,
        "mean": 2.41550779343,
        "min": -1.48543441296,
        "stdev": 3.07490706444
    },
    "erbbands_skewness": {
        "max": 4.30107927322,
        "mean": 0.988131463528,
        "min": -0.747932553291,
        "stdev": 0.671526193619
    },
    "erbbands_spread": {
        "max": 100.431930542,
        "mean": 22.1525478363,
        "min": 5.47103023529,
        "stdev": 14.2145166397
    },
    "hfc": {
        "max": 138.966400146,
        "mean": 25.7136554718,
        "min": 7.50098010371e-08,
        "stdev": 18.7910785675
    },
    "loudness_ebu128": {
        "integrated": -19.927986145,
        "loudness_range": 3.80772018433,
        "momentary": {
            "max": -17.247089386,
            "mean": -20.6265392303,
            "min": -28.6539859772,
            "stdev": 2.7122426033
        },
        "short_term": {
            "max": -17.9410877228,
            "mean": -19.9842700958,
            "min": -23.5984382629,
            "stdev": 1.66295933723
        }
    },
    "melbands_crest": {
        "max": 38.9640159607,
        "mean": 13.1369028091,
        "min": 4.46744298935,
        "stdev": 4.62913656235
    },
    "melbands_flatness_db": {
        "max": 0.38427823782,
        "mean": 0.190491110086,
        "min": 0.0623194947839,
        "stdev": 0.046724434942
    },
    "melbands_kurtosis": {
        "max": 116.089691162,
        "mean": 5.50067472458,
        "min": -0.997889757156,
        "stdev": 9.55707645416
    },
    "melbands_skewness": {
        "max": 8.40427207947,
        "mean": 1.51730263233,
        "min": -0.967203974724,
        "stdev": 1.21527588367
    },
    "melbands_spread": {
        "max": 80.9451904297,
        "mean": 20.0857925415,
        "min": 2.8740105629,
        "stdev": 8.45535087585
    },
    "pitch_salience": {
        "max": 0.845844089985,
        "mean": 0.567560613155,
        "min": 0.0427960902452,
        "stdev": 0.13571856916
    },
    "silence_rate_20dB": {
        "max": 1,
        "mean": 1,
        "min": 1,
        "stdev": 0
    },
    "silence_rate_30dB": {
        "max": 1,
        "mean": 0.994394600391,
        "min": 0,
        "stdev": 0.0746591761708
    },
    "silence_rate_60dB": {
        "max": 1,
        "mean": 0.0134529145434,
        "min": 0,
        "stdev": 0.115203849971
    },
    "spectral_centroid": {
        "max": 4427.98681641,
        "mean": 1272.04736328,
        "min": 404.947784424,
        "stdev": 385.462982178
    },
    "spectral_complexity": {
        "max": 47,
        "mean": 20.25,
        "min": 0,
        "stdev": 6.15724897385
    },
    "spectral_decrease": {
        "max": -2.04907742047e-17,
        "mean": -7.67626051612e-09,
        "min": -3.43809283265e-08,
        "stdev": 6.001730668e-09
    },
    "spectral_energy": {
        "max": 0.13538081944,
        "mean": 0.0313043110073,
        "min": 8.41407360452e-11,
        "stdev": 0.0240279678255
    },
    "spectral_energyband_high": {
        "max": 0.00987850967795,
        "mean": 0.000662937294692,
        "min": 5.32757345184e-12,
        "stdev": 0.00101133540738
    },
    "spectral_energyband_low": {
        "max": 0.0811201557517,
        "mean": 0.00856436882168,
        "min": 4.93342658392e-11,
        "stdev": 0.0124276857823
    },
    "spectral_energyband_middle_high": {
        "max": 0.0870757177472,
        "mean": 0.0137932486832,
        "min": 1.85423378041e-12,
        "stdev": 0.0131939146668
    },
    "spectral_energyband_middle_low": {
        "max": 0.0826680809259,
        "mean": 0.0101815862581,
        "min": 8.26012348798e-12,
        "stdev": 0.0102944467217
    },
    "spectral_entropy": {
        "max": 9.03879833221,
        "mean": 7.58938455582,
        "min": 6.71277666092,
        "stdev": 0.294040411711
    },
    "spectral_flux": {
        "max": 0.275989562273,
        "mean": 0.0896176248789,
        "min": 4.5795848564e-05,
        "stdev": 0.0399497821927
    },
    "spectral_kurtosis": {
        "max": 25.400554657,
        "mean": 5.25735139847,
        "min": -0.626770496368,
        "stdev": 2.89711141586
    },
    "spectral_rms": {
        "max": 0.011492555961,
        "mean": 0.00510870665312,
        "min": 2.86510953629e-07,
        "stdev": 0.00210758764297
    },
    "spectral_rolloff": {
        "max": 8677.88085938,
        "mean": 1323.56616211,
        "min": 21.533203125,
        "stdev": 736.266540527
    },
    "spectral_skewness": {
        "max": 3.5372877121,
        "mean": 1.78945243359,
        "min": 0.602896213531,
        "stdev": 0.341126948595
    },
    "spectral_spread": {
        "max": 16384217,
        "mean": 4317786,
        "min": 2139918.5,
        "stdev": 1535716.875
    },
    "spectral_strongpeak": {
        "max": 9.10346984863,
        "mean": 2.10771822929,
        "min": 0,
        "stdev": 2.07984542847
    },
    "zerocrossingrate": {
        "max": 0.19384765625,
        "mean": 0.058747023344,
        "min": 0.00048828125,
        "stdev": 0.0219024587423
    },
    "barkbands": {
        "max": [0.00393257290125, 0.0474607124925, 0.046631872654, 0.0410582274199, 0.0246624778956, 0.0269044116139, 0.0231998469681, 0.0158873088658, 0.0524531453848, 0.0853477790952, 0.0441675707698, 0.0269511248916, 0.00833077915013, 0.0156651008874, 0.0158100444824, 0.00738495215774, 0.0061319055967, 0.00301272282377, 0.00246714870445, 0.0027276573237, 0.00149415049236, 0.0014431780437, 0.00227541918866, 0.00240354775451, 0.00274418876506, 0.00205421075225, 5.72656460918e-07],
        "mean": [0.000212131271837, 0.00472078612074, 0.003091649618, 0.00105625367723, 0.00127786933444, 0.00114143348765, 0.000914446660317, 0.000916367338505, 0.00280242948793, 0.0082360683009, 0.00213343370706, 0.000963784812484, 0.000599536288064, 0.00103172950912, 0.000447532715043, 0.000293698860332, 0.000272590870736, 0.000235150466324, 0.000191855768207, 0.000178376343683, 0.000107090520032, 0.000100101431599, 0.000107204701635, 0.000107375795778, 0.000118167728942, 4.72611573059e-05, 2.5451432073e-09],
        "min": [3.9032881094e-11, 2.49532339236e-11, 6.38713908152e-13, 3.43186274483e-14, 4.36079720511e-13, 6.2191950808e-13, 7.02846851899e-13, 6.46274537792e-13, 5.13873232161e-13, 2.23436381701e-13, 1.10147493611e-13, 2.82633345981e-13, 2.01839318371e-13, 1.38341703544e-13, 2.79957128443e-13, 1.17162125813e-13, 2.3105519234e-13, 1.70698348577e-13, 1.07099232098e-13, 1.19797414718e-13, 6.25928399823e-13, 4.33365583002e-13, 4.49132159415e-13, 3.40894874178e-13, 6.64403319688e-13, 9.96976915087e-13, 1.84726713093e-12],
        "stdev": [0.000441554293502, 0.00694589782506, 0.00626168353483, 0.00294062541798, 0.00210712198168, 0.00221361382864, 0.00173683918547, 0.00179745594505, 0.00519301043823, 0.0121412863955, 0.00488961534575, 0.00182350957766, 0.000731156091206, 0.00174444110598, 0.000907543639187, 0.000454796449048, 0.000366250809748, 0.000239697066718, 0.000235890067415, 0.000283046945697, 0.00014087560703, 0.000143156634294, 0.00020042117103, 0.000220017420361, 0.00024838509853, 0.000130163884023, 2.01027052782e-08]
    },
    "erbbands": {
        "max": [1.77310323715, 12.9472436905, 57.6420440674, 110.161010742, 87.0505065918, 70.1404571533, 83.5762863159, 293.979766846, 347.613037109, 312.496551514, 629.489746094, 1205.97924805, 1726.97216797, 1885.39526367, 1028.63769531, 1087.94494629, 330.495513916, 585.813293457, 1001.40991211, 517.15637207, 316.871368408, 361.977813721, 204.813598633, 57.8644332886, 186.969070435, 104.211700439, 54.8185577393, 68.182472229, 38.7570266724, 57.9653434753, 79.6875839233, 44.9023666382, 46.2930870056, 37.6400642395, 16.304485321, 14.9409856796, 1.84735798836, 0.0358456000686, 0.00161240121815, 0.000265370472334],
        "mean": [0.109559424222, 1.15382707119, 3.76879072189, 3.33234500885, 3.60339355469, 4.76013708115, 5.26996135712, 10.8290109634, 16.2680950165, 11.7722139359, 29.8649730682, 62.8503723145, 209.264801025, 180.163589478, 61.5933570862, 39.6652107239, 30.6512584686, 42.6607894897, 42.664188385, 19.078710556, 14.9344577789, 15.4609165192, 14.4138097763, 9.51058101654, 10.5397443771, 7.37317752838, 4.89834785461, 4.11594343185, 3.52893948555, 3.39971327782, 3.08035349846, 2.19920563698, 1.80570113659, 1.27528083324, 0.877252817154, 0.400792449713, 0.0421268977225, 0.000924511055928, 6.16390898358e-05, 4.24907557317e-05],
        "min": [1.32001087838e-09, 3.53268947428e-09, 1.19792442632e-09, 4.15382839236e-10, 3.79871523126e-10, 1.80388426418e-09, 5.67195668211e-09, 5.68524471944e-09, 9.65564428412e-09, 1.17572813707e-08, 1.48476795303e-08, 1.14041398547e-08, 9.59334833794e-09, 4.16464596142e-09, 6.29518481787e-09, 1.22761134591e-08, 1.04426467473e-08, 6.78153799782e-09, 1.45742324875e-08, 7.7730089032e-09, 9.48257916633e-09, 1.17603935479e-08, 1.08580557878e-08, 6.95982693699e-09, 5.19846699021e-09, 4.22818757784e-09, 1.77452168515e-08, 2.72147353542e-08, 1.44140148706e-08, 9.74141567411e-09, 1.53417953896e-08, 7.48508632853e-09, 6.95134216855e-09, 5.27516430537e-09, 5.15364018128e-09, 3.08371661539e-09, 2.14718021141e-09, 8.28616508741e-10, 3.23345933362e-10, 2.33922690246e-11],
        "stdev": [0.187259361148, 1.76456332207, 7.33196115494, 7.90707111359, 7.59989690781, 8.35161590576, 8.18194389343, 22.8421630859, 30.146478653, 24.7031021118, 58.8366661072, 101.54044342, 312.296356201, 281.990844727, 107.102996826, 69.3703842163, 32.5782737732, 70.5167388916, 76.51902771, 30.5662250519, 19.1959171295, 20.9870109558, 15.6013202667, 7.97130870819, 16.6077728271, 10.3961248398, 5.89762926102, 5.74456501007, 4.63723182678, 5.99049663544, 6.07594013214, 4.42367267609, 3.81211709976, 2.90511274338, 1.80878603458, 0.980645179749, 0.122484996915, 0.00250114267692, 0.000113599453471, 3.41549311997e-05]
    },
    "gfcc": {
        "mean": [-8.21308898926, 75.7055358887, -155.86920166, 7.033015728, -73.0623245239, 29.6164665222, -32.332950592, 22.0935344696, -24.275352478, -0.432190805674, -17.9486980438, -1.79335784912, -3.96964740753],
        "cov": [[7523.88476562, 949.358032227, 2262.80297852, 1238.89904785, 207.077331543, 578.795227051, -64.9126434326, 148.64163208, -605.86706543, 198.291122437, -22.0146694183, 211.51109314, 22.9845466614], [949.358032227, 2097.75952148, 1579.84472656, 1038.4342041, 671.840087891, 228.363204956, 316.357086182, -53.1080322266, -25.1844940186, -76.9215011597, 219.807189941, -36.1602363586, 150.007324219], [2262.80297852, 1579.84472656, 2730.59350586, 1445.42553711, 709.594909668, 457.374328613, 129.314437866, 13.0218515396, -308.157592773, 115.041213989, 131.475906372, 143.213577271, 87.1019515991], [1238.89904785, 1038.4342041, 1445.42553711, 927.856689453, 417.467651367, 235.598556519, 114.396736145, -0.279180794954, -151.134185791, 25.7131252289, 117.800735474, 57.2991294861, 70.7976760864], [207.077331543, 671.840087891, 709.594909668, 417.467651367, 351.727172852, 143.236572266, 105.456199646, -9.71311283112, -30.0684490204, -0.930597543716, 44.0411148071, 8.65911483765, 62.0001411438], [578.795227051, 228.363204956, 457.374328613, 235.598556519, 143.236572266, 162.130493164, 57.6852264404, 16.7305583954, -69.3188781738, 21.5665950775, 12.5948591232, 29.3883094788, 20.9354629517], [-64.9126434326, 316.357086182, 129.314437866, 114.396736145, 105.456199646, 57.6852264404, 180.80267334, 29.9995250702, 15.8785247803, -33.143032074, 40.6547203064, -15.2990846634, 38.004070282], [148.64163208, -53.1080322266, 13.0218515396, -0.279180794954, -9.71311283112, 16.7305583954, 29.9995250702, 69.6525650024, 18.0456581116, 13.1452407837, -5.7281665802, 10.5502281189, 0.28810352087], [-605.86706543, -25.1844940186, -308.157592773, -151.134185791, -30.0684490204, -69.3188781738, 15.8785247803, 18.0456581116, 150.164321899, -10.5173749924, 2.09922242165, -36.9064369202, 0.632760763168], [198.291122437, -76.9215011597, 115.041213989, 25.7131252289, -0.930597543716, 21.5665950775, -33.143032074, 13.1452407837, -10.5173749924, 76.4375762939, 1.70970487595, 27.8017921448, -12.516160965], [-22.0146694183, 219.807189941, 131.475906372, 117.800735474, 44.0411148071, 12.5948591232, 40.6547203064, -5.7281665802, 2.09922242165, 1.70970487595, 102.126075745, 12.1604213715, 19.4557304382], [211.51109314, -36.1602363586, 143.213577271, 57.2991294861, 8.65911483765, 29.3883094788, -15.2990846634, 10.5502281189, -36.9064369202, 27.8017921448, 12.1604213715, 73.5554122925, 10.9689683914], [22.9845466614, 150.007324219, 87.1019515991, 70.7976760864, 62.0001411438, 20.9354629517, 38.004070282, 0.28810352087, 0.632760763168, -12.516160965, 19.4557304382, 10.9689683914, 71.2024993896]],
        "icov": [[0.000708452193066, -0.00165538419969, 0.000804306997452, -0.000730898405891, 0.00239206431434, -0.00253814109601, 0.00188787595835, -0.00287667568773, 0.00265029957518, -0.00190711102914, 0.00196285569109, -0.000562944042031, -0.000139383264468], [-0.00165538419969, 0.00726513797417, -0.00333236623555, 0.000862803659402, -0.00773888872936, 0.00756186852232, -0.00678311521187, 0.0093996077776, -0.00838956702501, 0.00709209730849, -0.00731969671324, 0.00370357604697, -0.000704548088834], [0.000804306997452, -0.00333236623555, 0.0051640952006, -0.00468979170546, 0.00148412433919, -0.00494213262573, 0.00389971584082, -0.0051043825224, 0.00558118568733, -0.00565307401121, 0.00429844623432, -0.0029991234187, 0.00145097763743], [-0.000730898405891, 0.000862803659402, -0.00468979170546, 0.00956273172051, -0.00320418504998, 0.00304462877102, -0.00142476637848, 0.00143142638262, -0.00127805012744, 0.00404397537932, -0.00545517262071, 0.00171138718724, -0.00075442524394], [0.00239206431434, -0.00773888872936, 0.00148412433919, -0.00320418504998, 0.0205348338932, -0.0132630821317, 0.00516646355391, -0.00630657374859, 0.00524569302797, -0.00719712581486, 0.010269779712, -0.00202170247212, -0.00361735955812], [-0.00253814109601, 0.00756186852232, -0.00494213262573, 0.00304462877102, -0.0132630821317, 0.0260196086019, -0.0114234890789, 0.00848108995706, -0.00552255474031, 0.00538709387183, -0.00673659844324, 0.00208915537223, 0.000382920901757], [0.00188787595835, -0.00678311521187, 0.00389971584082, -0.00142476637848, 0.00516646355391, -0.0114234890789, 0.0178050361574, -0.0155503023416, 0.00847371481359, -0.00241160998121, 0.00306142447516, -0.000473353778943, -0.00151599792298], [-0.00287667568773, 0.0093996077776, -0.0051043825224, 0.00143142638262, -0.00630657374859, 0.00848108995706, -0.0155503023416, 0.0355170033872, -0.018506038934, 0.00637731840834, -0.00579603761435, 8.40420216264e-06, -3.13529890263e-05], [0.00265029957518, -0.00838956702501, 0.00558118568733, -0.00127805012744, 0.00524569302797, -0.00552255474031, 0.00847371481359, -0.018506038934, 0.0251188464463, -0.0116717945784, 0.00661283172667, 0.000350593501935, -0.000265054259216], [-0.00190711102914, 0.00709209730849, -0.00565307401121, 0.00404397537932, -0.00719712581486, 0.00538709387183, -0.00241160998121, 0.00637731840834, -0.0116717945784, 0.0279477909207, -0.00986396148801, -0.0010392034892, 0.00238483934663], [0.00196285569109, -0.00731969671324, 0.00429844623432, -0.00545517262071, 0.010269779712, -0.00673659844324, 0.00306142447516, -0.00579603761435, 0.00661283172667, -0.00986396148801, 0.0225446242839, -0.00701931118965, -0.00049068784574], [-0.000562944042031, 0.00370357604697, -0.0029991234187, 0.00171138718724, -0.00202170247212, 0.00208915537223, -0.000473353778943, 8.40420216264e-06, 0.000350593501935, -0.0010392034892, -0.00701931118965, 0.0234894640744, -0.00614135665819], [-0.000139383264468, -0.000704548088834, 0.00145097763743, -0.00075442524394, -0.00361735955812, 0.000382920901757, -0.00151599792298, -3.13529890263e-05, -0.000265054259216, 0.00238483934663, -0.00049068784574, -0.00614135665819, 0.0198972038925]]
    },
    "melbands": {
        "max": [0.0137845017016, 0.023594532162, 0.0169411133975, 0.00637556938455, 0.00237578689121, 0.00601094868034, 0.00458843167871, 0.00287165492773, 0.00616178987548, 0.00812362227589, 0.00905990041792, 0.00972015503794, 0.00284164142795, 0.00398427713662, 0.00205230736174, 0.000965836283285, 0.00133488664869, 0.00182917085476, 0.000583579123486, 0.000608698057476, 0.000279190455331, 0.00039798207581, 0.000182950432645, 0.000129531763378, 4.9617177865e-05, 0.000159986841027, 0.000155303103384, 5.82741631661e-05, 3.75194467779e-05, 4.27139420935e-05, 4.18503113906e-05, 2.38209649979e-05, 2.42878268182e-05, 3.20632243529e-05, 5.02632101416e-05, 3.46353263012e-05, 2.8837190257e-05, 3.46134838765e-05, 2.77450744761e-05, 3.67027787433e-05],
        "mean": [0.00114217307419, 0.00177915534005, 0.000599229417276, 0.000290367228445, 0.00019282658468, 0.000253044592682, 0.000224262228585, 0.000131614127895, 0.000286018446786, 0.000398383941501, 0.00111482793, 0.000821046938654, 0.00022354972316, 0.000109509026515, 9.71543704509e-05, 5.83442379138e-05, 8.47617557156e-05, 8.07699616416e-05, 2.77282506431e-05, 2.35756779148e-05, 1.60055569722e-05, 1.66202880791e-05, 1.41514437928e-05, 1.04990749605e-05, 7.31121144781e-06, 7.46959813114e-06, 7.55011342335e-06, 4.39128825747e-06, 3.20165190715e-06, 2.53425355368e-06, 2.32275260714e-06, 2.14354827222e-06, 1.68560666225e-06, 1.91425124285e-06, 1.82883070465e-06, 1.48380763676e-06, 1.32063928504e-06, 1.23436382182e-06, 1.24719451833e-06, 1.01564467059e-06],
        "min": [1.12284999007e-11, 3.16252964571e-13, 5.0484183484e-14, 6.76326467161e-14, 1.66092576433e-13, 1.68871088445e-13, 1.48589148798e-13, 1.31798245278e-13, 1.19405827999e-13, 6.84055744449e-14, 4.70931785593e-14, 1.69099116491e-14, 1.77238103615e-14, 2.76549023617e-14, 3.52879584006e-14, 1.48540119142e-14, 1.2003805339e-14, 2.24738339104e-14, 1.67346402035e-14, 6.36717631066e-15, 1.238645332e-14, 1.25583654329e-14, 1.12440430434e-14, 8.44780940757e-15, 5.46643300422e-15, 3.02913000333e-15, 3.65632656056e-15, 2.47929720035e-15, 8.49436403242e-15, 1.76438114878e-14, 1.40382573526e-14, 8.01714312884e-15, 8.11979166359e-15, 3.1525439743e-15, 7.33393143578e-15, 9.79959098216e-15, 3.24815578284e-15, 4.34220556037e-15, 6.29556094552e-15, 3.69730855564e-15],
        "stdev": [0.00172431883402, 0.00305540021509, 0.00129491090775, 0.000522545189597, 0.000285726622678, 0.000494041596539, 0.000410660693888, 0.000306234433083, 0.000626951979939, 0.000704408972524, 0.00167751230765, 0.00128578301519, 0.000400445336709, 0.000248639902566, 0.000139934534673, 8.12529397081e-05, 0.000154883833602, 0.000152855747729, 4.41004158347e-05, 4.05894534197e-05, 2.04225725611e-05, 2.36440082517e-05, 1.72536419996e-05, 1.04021564766e-05, 6.76467016092e-06, 1.09620277726e-05, 1.45917974805e-05, 6.26561404715e-06, 3.82895268558e-06, 3.63383901458e-06, 3.38817676493e-06, 2.8584777283e-06, 2.65133030553e-06, 3.42585053659e-06, 3.59264618055e-06, 3.07969116875e-06, 2.77661047221e-06, 2.65133189714e-06, 2.75243019132e-06, 2.44315424425e-06]
    },
    "melbands128": {
        "max": [0.00361471460201, 0.014819088392, 0.023376358673, 0.0265834126621, 0.0362703502178, 0.0225373953581, 0.0257455874234, 0.0167796164751, 0.00974944327027, 0.0101306727156, 0.00494366604835, 0.00525460625067, 0.00218115467578, 0.00735296448693, 0.0092014875263, 0.00906983017921, 0.00866705179214, 0.00529786199331, 0.00660568010062, 0.00361906620674, 0.00494524184614, 0.00374022638425, 0.0109965596348, 0.0126287052408, 0.00854019261897, 0.0177686661482, 0.0178686659783, 0.0166793968529, 0.0228049010038, 0.0200808104128, 0.0147735821083, 0.00879840459675, 0.002083145082, 0.00803491659462, 0.00329275429249, 0.00857255421579, 0.00394433829933, 0.00307352188975, 0.00110106763896, 0.00130048079882, 0.0017848755233, 0.00261818128638, 0.00202133436687, 0.00283667864278, 0.0036853060592, 0.00307846930809, 0.00202775304206, 0.000746854289901, 0.00114387297072, 0.00116059719585, 0.000577658065595, 0.000993964029476, 0.000395134062273, 0.000269308598945, 0.00034498173045, 0.000656109245028, 0.00057610165095, 0.000273349229246, 0.000280619162368, 0.000458583352156, 0.000103623642644, 6.77046336932e-05, 0.000115256196295, 8.05802992545e-05, 0.000163048491231, 0.00028055079747, 0.000166370693478, 0.000238391614403, 0.000252978497883, 0.000106483399577, 9.9859891634e-05, 9.01872699615e-05, 8.91449890332e-05, 3.63661201845e-05, 4.00877725042e-05, 3.37743658747e-05, 7.41783005651e-05, 3.01694963127e-05, 5.25606265001e-05, 3.87507789128e-05, 3.26765220962e-05, 2.82437540591e-05, 3.11761796183e-05, 2.14941919694e-05, 4.96280408697e-05, 5.45993134438e-05, 3.47122113453e-05, 4.43845819973e-05, 6.28836787655e-05, 5.89184019191e-05, 4.07841871493e-05, 3.66423046216e-05, 3.54443036485e-05, 3.08559756377e-05, 4.66506098746e-05, 4.44496399723e-05, 2.61963577941e-05, 3.62579376088e-05, 3.47938293999e-05, 3.46195192833e-05, 3.90941495425e-05, 4.86928911414e-05, 4.56777670479e-05, 3.08171947836e-05, 3.16006116918e-05, 1.91481449292e-05, 1.32578252305e-05, 8.81845426193e-06, 3.36524499289e-05, 5.69115545659e-05, 1.79424787348e-05, 6.12804115008e-06, 3.31264914166e-06, 2.87921466224e-07, 4.04446716118e-08, 4.65186253962e-08, 9.82027792418e-09, 2.24814122873e-09, 2.41333020234e-09, 2.48257747693e-09, 2.53401366557e-09, 2.57010546179e-09, 2.57713916874e-09, 2.60266208585e-09, 2.60565702348e-09, 2.60281463049e-09, 2.60435428778e-09, 2.60295296428e-09],
        "mean": [0.000180450078915, 0.000783457420766, 0.00140828639269, 0.00208014366217, 0.0022212495096, 0.00127821904607, 0.000656898249872, 0.000503059709445, 0.000338639307301, 0.000267527939286, 0.000283123692498, 0.000202814524528, 0.000168359052623, 0.000172951011336, 0.000222849019337, 0.000293069664622, 0.000381958234357, 0.000178890026291, 8.35778992041e-05, 0.000119149801321, 0.000166676050867, 0.00013854529243, 0.000312702206429, 0.000435381982243, 0.000335773744155, 0.000414096459281, 0.000451674539363, 0.0011781968642, 0.001828695531, 0.000962428341154, 0.000551419332623, 0.000330306094838, 0.000144013989484, 0.000229713637964, 8.88868235052e-05, 8.41011133161e-05, 0.000103964659502, 0.000136384143843, 5.61840715818e-05, 5.68356808799e-05, 6.29951464362e-05, 5.17873413628e-05, 7.16042923159e-05, 0.000111668799946, 0.000112063520646, 7.90272533777e-05, 3.96810210077e-05, 2.65191138169e-05, 2.15809886868e-05, 2.48717587965e-05, 2.69116389973e-05, 1.94284039026e-05, 1.40387774081e-05, 1.55070465553e-05, 1.75981895154e-05, 1.81443610927e-05, 1.45920985233e-05, 1.19167925732e-05, 1.57678568939e-05, 1.55291490955e-05, 1.03513057184e-05, 6.41671931589e-06, 6.88615182298e-06, 7.64867672842e-06, 7.99753343017e-06, 7.43829832572e-06, 6.05038212598e-06, 1.03830398075e-05, 7.76878459874e-06, 4.23095661972e-06, 3.69217332263e-06, 5.6732928897e-06, 3.28582063958e-06, 2.68016265181e-06, 2.96802045341e-06, 2.51633150583e-06, 2.35390598391e-06, 2.49975369115e-06, 2.27857231039e-06, 2.12506233765e-06, 2.59427702076e-06, 1.93198775378e-06, 1.53950725235e-06, 1.44147452374e-06, 2.08836058846e-06, 2.02478940992e-06, 1.77665708634e-06, 1.88934097878e-06, 1.79147662038e-06, 1.86487807241e-06, 1.66260099377e-06, 1.32007687625e-06, 1.29089539769e-06, 1.24607902308e-06, 1.44693683524e-06, 1.28413967104e-06, 1.0792635976e-06, 1.31292085825e-06, 1.38712050557e-06, 1.14921749628e-06, 9.87174871625e-07, 1.01605075997e-06, 1.00918032331e-06, 1.01547948361e-06, 1.19950300359e-06, 9.80409936346e-07, 6.72391706757e-07, 4.44569423053e-07, 8.35721323256e-07, 9.65931690189e-07, 3.3535025068e-07, 1.42584497098e-07, 9.82566383811e-09, 7.68194119427e-10, 4.2572864678e-10, 3.55970558585e-10, 6.48193790309e-11, 7.15083461195e-12, 7.201444302e-12, 7.15715724534e-12, 7.08004098057e-12, 7.03086503948e-12, 6.97913124861e-12, 6.92454210291e-12, 6.72886052433e-12, 6.43325670513e-12, 6.27350558655e-12, 6.23443614442e-12],
        "min": [1.83733844111e-11, 1.3742571317e-11, 8.87350175977e-12, 2.82522594729e-13, 4.6784966309e-13, 2.34788832256e-13, 4.3909296907e-14, 1.61684478062e-14, 1.87671787697e-14, 6.3969967832e-14, 1.03450939221e-13, 1.17010052906e-13, 2.56659765056e-13, 1.34934449139e-13, 3.88228538943e-14, 9.2660606835e-14, 1.58556056739e-13, 1.37161115799e-13, 1.4182307672e-13, 1.27398783255e-13, 1.29190495107e-13, 1.37869953626e-13, 1.21278882119e-13, 1.01521289747e-13, 6.99556176333e-14, 5.63873424407e-14, 5.77657632015e-14, 4.99638816377e-14, 3.7585867307e-14, 1.71233029654e-14, 1.00922688175e-14, 1.30206387461e-14, 1.70462636248e-14, 2.22827839351e-14, 2.32542680451e-14, 2.82816847198e-14, 3.63191295343e-14, 4.08104234813e-14, 3.19876131063e-14, 2.15683014797e-14, 1.02336979087e-14, 5.09526189619e-15, 1.36452696405e-14, 1.53817405454e-14, 1.02030963024e-14, 2.78972486523e-14, 3.31593103941e-14, 1.39097793952e-14, 1.46118519709e-14, 5.99948566101e-15, 2.26554314215e-15, 9.65840498942e-15, 1.14791285676e-14, 1.35182782259e-14, 1.55133813239e-14, 1.15552514185e-14, 9.45979778614e-15, 1.58131039323e-14, 7.20174686217e-15, 1.2857952516e-14, 7.07380380603e-15, 7.25010820829e-15, 8.30176313978e-15, 4.44463132545e-15, 1.44726061071e-15, 2.53744918855e-15, 4.17797518926e-15, 5.05437858044e-15, 3.62644281466e-15, 1.60813239031e-15, 5.84043246115e-16, 2.68487802588e-15, 9.24662076914e-15, 5.24956334709e-15, 1.4178995265e-14, 1.61116661055e-14, 1.88258646004e-14, 2.46259362593e-14, 1.05242107279e-14, 7.29837299266e-15, 1.09307653667e-14, 5.94255615311e-15, 6.55818689895e-15, 9.37923648253e-15, 8.99379752801e-15, 4.86621698747e-15, 4.87506636419e-16, 7.53667417154e-16, 5.49719851142e-15, 1.54318120511e-14, 1.28221823147e-14, 9.33628344177e-15, 1.01645488918e-15, 1.97139570463e-15, 5.58478383575e-15, 5.16673241869e-15, 3.21383040792e-15, 3.91153419943e-15, 8.87048731858e-15, 5.94152658456e-15, 3.66552745595e-15, 2.60031322104e-15, 4.00822004575e-15, 6.89569183547e-15, 4.16222079995e-15, 5.59265912457e-15, 1.08688455642e-14, 6.8809102635e-15, 3.243860267e-15, 2.00544388801e-15, 7.51775283193e-15, 1.22966839212e-14, 3.05670621972e-15, 8.09983217922e-15, 6.10438730339e-15, 5.9831502071e-15, 6.24184423359e-15, 5.41792469788e-15, 1.02878538072e-14, 9.45013991648e-15, 1.16273271461e-14, 1.25959652254e-14, 8.7464173206e-15, 4.30517709156e-15, 6.75473242403e-15, 3.89950802565e-15, 7.68441312881e-16, 1.19190651454e-16],
        "stdev": [0.000387255451642, 0.00149231101386, 0.00255141430534, 0.00341196521185, 0.00438733398914, 0.00260748947039, 0.00177610234823, 0.00138135394081, 0.000760815513786, 0.000634748197626, 0.000551546225324, 0.000389849301428, 0.000284605834167, 0.000442192831542, 0.000625292595942, 0.000728109444026, 0.000751905434299, 0.000421833770815, 0.000265983166173, 0.000302635075059, 0.000547932344489, 0.000310084287776, 0.000861077103764, 0.00127980241086, 0.00068080984056, 0.00110557198059, 0.00136473833118, 0.00247923564166, 0.00338848005049, 0.00211922591552, 0.0016848302912, 0.000965088896919, 0.000246712996159, 0.000739027105737, 0.000275317084743, 0.000399210955948, 0.000232329024584, 0.000252816913417, 9.21806131373e-05, 9.39955643844e-05, 0.000107008658233, 0.000146438775118, 0.00019116041949, 0.000278055056697, 0.000252453493886, 0.00024399429094, 0.00010685298912, 4.78019501315e-05, 5.52431956748e-05, 7.03084879206e-05, 4.58093854832e-05, 4.21235745307e-05, 2.40327553911e-05, 2.2356167392e-05, 2.41489069595e-05, 3.45962907886e-05, 3.17444500979e-05, 2.12701779674e-05, 2.27298332902e-05, 2.6672050808e-05, 1.20552485896e-05, 8.36228446133e-06, 8.50750529935e-06, 1.04050150185e-05, 1.23006802824e-05, 1.56881378643e-05, 1.32712457344e-05, 2.79752475763e-05, 1.70637504198e-05, 8.61981607159e-06, 6.95103199178e-06, 1.0015506632e-05, 5.01658587382e-06, 3.71225701201e-06, 4.40223084297e-06, 3.97342228098e-06, 4.71838347949e-06, 3.4545280414e-06, 4.01744955525e-06, 3.55856036549e-06, 3.70085695067e-06, 2.9631041798e-06, 2.19752314479e-06, 2.27586019719e-06, 4.42223381469e-06, 4.41609108748e-06, 3.11120197694e-06, 3.56364785148e-06, 3.77737956114e-06, 4.43385761173e-06, 3.63945628123e-06, 2.99917201119e-06, 2.69764427685e-06, 2.7229598345e-06, 3.42706448464e-06, 2.99815792459e-06, 2.36652363128e-06, 3.08861285703e-06, 3.24643656313e-06, 2.7261478408e-06, 2.68787471214e-06, 2.72130137091e-06, 2.50138623414e-06, 2.6274872198e-06, 2.74438752967e-06, 1.96190308088e-06, 1.34745562264e-06, 8.56696829032e-07, 2.30905925491e-06, 3.55318684342e-06, 1.1696756701e-06, 4.21414341645e-07, 1.13361430465e-07, 1.00301678074e-08, 2.36820318911e-09, 2.12696815716e-09, 4.20547346947e-10, 7.53734366588e-11, 8.08667785512e-11, 8.31670982082e-11, 8.48753428651e-11, 8.60725518637e-11, 8.63006333063e-11, 8.71485730802e-11, 8.7249436842e-11, 8.71591271379e-11, 8.72125358042e-11, 8.71649488698e-11]
    },
    "mfcc": {
        "mean": [-637.993408203, 108.020698547, -26.8699569702, -12.7739572525, -12.821434021, -1.45672667027, 2.67800378799, 11.6804761887, 5.94895553589, 4.63827896118, -0.482899785042, -4.42803478241, -6.02941131592],
        "cov": [[4597.50146484, 184.329879761, 1569.57043457, 693.721252441, 452.525054932, 343.779693604, 490.832977295, 32.5656089783, -68.0533599854, 16.8446655273, -160.549911499, -138.547302246, 117.024497986], [184.329879761, 1322.82226562, 894.58416748, 778.870483398, 488.183349609, 383.000549316, 361.564300537, 155.005264282, 48.4292755127, 65.0583724976, -26.1019191742, 13.2922143936, 140.777206421], [1569.57043457, 894.58416748, 1954.65698242, 1152.65795898, 784.302124023, 536.997009277, 568.356384277, 97.5406494141, -47.7745704651, 14.8334026337, -104.891395569, -44.808631897, 218.248916626], [693.721252441, 778.870483398, 1152.65795898, 867.904785156, 515.632446289, 359.00302124, 381.614135742, 96.6711807251, -10.1585702896, 32.008769989, -72.781578064, -18.7612628937, 159.457809448], [452.525054932, 488.183349609, 784.302124023, 515.632446289, 438.279998779, 262.014434814, 226.10395813, 41.4411506653, 1.44846081734, 10.4739761353, -50.3389892578, -14.3248443604, 79.8216018677], [343.779693604, 383.000549316, 536.997009277, 359.00302124, 262.014434814, 248.844055176, 211.046844482, 49.0935249329, 5.25497150421, 16.2833881378, -32.5052566528, -26.030128479, 47.1500282288], [490.832977295, 361.564300537, 568.356384277, 381.614135742, 226.10395813, 211.046844482, 295.66217041, 75.0558700562, -5.56418228149, 13.0275497437, -45.3619041443, -27.3734550476, 71.4964294434], [32.5656089783, 155.005264282, 97.5406494141, 96.6711807251, 41.4411506653, 49.0935249329, 75.0558700562, 92.8680038452, 33.1606636047, 15.952914238, 4.96135616302, -3.60773420334, 24.5720157623], [-68.0533599854, 48.4292755127, -47.7745704651, -10.1585702896, 1.44846081734, 5.25497150421, -5.56418228149, 33.1606636047, 82.9708251953, 32.3406028748, 1.21339905262, -10.2995491028, -9.1427116394], [16.8446655273, 65.0583724976, 14.8334026337, 32.008769989, 10.4739761353, 16.2833881378, 13.0275497437, 15.952914238, 32.3406028748, 77.8639755249, 14.2803020477, -5.01658725739, -6.97015523911], [-160.549911499, -26.1019191742, -104.891395569, -72.781578064, -50.3389892578, -32.5052566528, -45.3619041443, 4.96135616302, 1.21339905262, 14.2803020477, 69.3105545044, 26.6748466492, -10.1511917114], [-138.547302246, 13.2922143936, -44.808631897, -18.7612628937, -14.3248443604, -26.030128479, -27.3734550476, -3.60773420334, -10.2995491028, -5.01658725739, 26.6748466492, 66.7520065308, 21.5558300018], [117.024497986, 140.777206421, 218.248916626, 159.457809448, 79.8216018677, 47.1500282288, 71.4964294434, 24.5720157623, -9.1427116394, -6.97015523911, -10.1511917114, 21.5558300018, 99.3530807495]],
        "icov": [[0.000378442491638, 8.3244725829e-05, -0.000591341173276, 0.000341389473761, 0.000258077780018, 0.00017908825248, -0.000263722467935, -8.07256674307e-06, 8.32520599943e-05, -0.000295236997772, 0.000428324536188, 0.000286125403363, 5.54523721803e-05], [8.3244725829e-05, 0.00231962231919, 0.000866398389917, -0.00202883640304, -0.000748054182623, -0.00159983441699, -0.000157649468747, -0.00110383122228, -0.000482724455651, -0.000360673613613, -0.000649783061817, -0.000959578086622, -0.000213072489714], [-0.000591341173276, 0.000866398389917, 0.00492781912908, -0.00368454726413, -0.00348757137544, -0.00100001902319, -0.00159031478688, 0.000963038939517, 0.0006815919769, 0.000757569971029, -0.00221478310414, 0.000670531298965, -0.0015156166628], [0.000341389473761, -0.00202883640304, -0.00368454726413, 0.0104395756498, -0.0022871538531, 0.000538050429896, -0.00128489208873, -0.00146921456326, 0.00192451314069, -0.00288643385284, 0.00317589007318, 0.000507552293129, -0.00312948250212], [0.000258077780018, -0.000748054182623, -0.00348757137544, -0.0022871538531, 0.0130949532613, -0.00561676267534, 0.00332125229761, 0.0015523659531, -0.00251578073949, 0.00134706636891, 0.00247723655775, -0.00217113434337, 0.002045980189], [0.00017908825248, -0.00159983441699, -0.00100001902319, 0.000538050429896, -0.00561676267534, 0.0193113405257, -0.00775278639048, 0.00141537270974, -0.000992185785435, 0.000268133007921, -0.00214705616236, 0.00315202469938, 0.00299038412049], [-0.000263722467935, -0.000157649468747, -0.00159031478688, -0.00128489208873, 0.00332125229761, -0.00775278639048, 0.0144035276026, -0.00647961301729, 0.00303884549066, -0.000965315441135, 0.00404892675579, 0.000445435987785, -0.00113299593795], [-8.07256674307e-06, -0.00110383122228, 0.000963038939517, -0.00146921456326, 0.0015523659531, 0.00141537270974, -0.00647961301729, 0.0205021239817, -0.00855324696749, 0.00222495221533, -0.00563637912273, 0.00153451540973, -0.00205033761449], [8.32520599943e-05, -0.000482724455651, 0.0006815919769, 0.00192451314069, -0.00251578073949, -0.000992185785435, 0.00303884549066, -0.00855324696749, 0.0198959894478, -0.00756430532783, 0.00363550218754, 0.00230475026183, -0.000407831685152], [-0.000295236997772, -0.000360673613613, 0.000757569971029, -0.00288643385284, 0.00134706636891, 0.000268133007921, -0.000965315441135, 0.00222495221533, -0.00756430532783, 0.0182707980275, -0.00608633179218, 0.00110995024443, 0.00248518097214], [0.000428324536188, -0.000649783061817, -0.00221478310414, 0.00317589007318, 0.00247723655775, -0.00214705616236, 0.00404892675579, -0.00563637912273, 0.00363550218754, -0.00608633179218, 0.0237469002604, -0.00851705297828, 0.00187493988778], [0.000286125403363, -0.000959578086622, 0.000670531298965, 0.000507552293129, -0.00217113434337, 0.00315202469938, 0.000445435987785, 0.00153451540973, 0.00230475026183, 0.00110995024443, -0.00851705297828, 0.0236269216985, -0.00742290727794], [5.54523721803e-05, -0.000213072489714, -0.0015156166628, -0.00312948250212, 0.002045980189, 0.00299038412049, -0.00113299593795, -0.00205033761449, -0.000407831685152, 0.00248518097214, 0.00187493988778, -0.00742290727794, 0.0188521351665]]
    },
    "spectral_contrast_coeffs": {
        "max": [-0.536946356297, -0.507704854012, -0.467548668385, -0.638684988022, -0.653831005096, -0.636153399944],
        "mean": [-0.744658648968, -0.734801769257, -0.706731081009, -0.793664813042, -0.790928244591, -0.760006546974],
        "min": [-0.932934880257, -0.97126531601, -0.967195391655, -0.955480337143, -0.938355505466, -0.912326216698],
        "stdev": [0.0580771937966, 0.0742342248559, 0.0871028825641, 0.0438577271998, 0.0337108075619, 0.0286331567913]
    },
    "spectral_contrast_valleys": {
        "max": [-5.04170465469, -4.84897279739, -5.45217752457, -5.95189714432, -6.14870882034, -7.78891420364],
        "mean": [-7.59497833252, -6.7663602829, -6.73474216461, -7.21192741394, -7.52993249893, -10.283698082],
        "min": [-18.9980792999, -17.8988761902, -17.8300895691, -17.6523914337, -17.6285572052, -18.7058124542],
        "stdev": [1.89239323139, 0.766831219196, 0.72667735815, 0.732185900211, 0.729258775711, 1.00278329849]
    }
},
"rhythm": {
    "beats_count": 58,
    "beats_loudness": {
        "max": 0.121612720191,
        "mean": 0.0371707193553,
        "min": 0.00341948587447,
        "stdev": 0.0283178463578
    },
    "bpm": 164.661987305,
    "bpm_histogram_first_peak_bpm": 167,
    "bpm_histogram_first_peak_weight": 0,
    "bpm_histogram_second_peak_bpm": 185,
    "bpm_histogram_second_peak_spread": 0,
    "bpm_histogram_second_peak_weight": 0.280701756477,
    "danceability": 0.869162201881,
    "onset_rate": 1.98173129559,
    "beats_loudness_band_ratio": {
        "max": [0.774386405945, 0.290638327599, 0.677179932594, 0.793815851212, 0.513978421688, 0.100149817765],
        "mean": [0.223076090217, 0.0689976513386, 0.289266318083, 0.349892884493, 0.0980627313256, 0.0290257781744],
        "min": [6.33026356809e-05, 0.000520933535881, 0.0255363099277, 0.012557269074, 0.0102579826489, 0.000845348287839],
        "stdev": [0.23918774724, 0.0746298208833, 0.188948586583, 0.192067265511, 0.103930614889, 0.024125572294]
    },
    "beats_position": [0.359909296036, 0.731428563595, 1.10294783115, 1.46285712719, 1.82276642323, 2.17106580734, 2.53097510338, 2.87927436829, 3.25079369545, 3.61070299149, 3.97061228752, 4.34213161469, 4.71365070343, 5.07355976105, 5.4334692955, 5.79337835312, 6.15328788757, 6.52480697632, 6.8963265419, 7.25623559952, 7.60453510284, 7.96444416046, 8.32435321808, 8.68426322937, 9.04417228699, 9.4040813446, 9.76399040222, 10.1239004135, 10.4954195023, 10.8785486221, 11.261677742, 11.6331968307, 12.0047159195, 12.3762359619, 12.7593650818, 13.1424942017, 13.4675731659, 13.7926530838, 14.117732048, 14.4544210434, 14.7911109924, 15.1277999878, 15.4644899368, 15.8011789322, 16.1378688812, 16.4629478455, 16.7880268097, 17.1131057739, 17.4381847382, 17.7632656097, 18.088344574, 18.4134235382, 18.7385025024, 19.0635814667, 19.3886623383, 19.7137413025, 20.0388202667, 20.363899231],
