{
"metadata": {
    "version": {
        "essentia": "2.1-beta5",
        "essentia_git_sha": "Undefined",
        "extractor": "music 2.0"
    },
    "audio_properties": {
        "analysis": {
            "equal_loudness": 0,
            "length": 12.7477550507,
            "sample_rate": 44100,
            "start_time": 0,
            "downmix": "mix"
        },
        "bit_rate": 192000,
        "length": 197.810806274,
        "lossless": 0,
        "number_channels": 2,
        "replay_gain": 4.71362113953,
        "sample_rate": 48000,
        "codec": "mp3",
        "md5_encoded": "e867b6d49c1a7542718335bf2859168f"
    },
    "tags": {
        "file_name": "Israel_Made of Stars_Hovi Star.mp3",
        "encoding": ["Lavf58.29.100"]
    }
},
"lowlevel": {
    "average_loudness": 0.772685289383,
    "barkbands_crest": {
        "max": 21.8162879944,
        "mean": 9.11262321472,
        "min": 2.73191285133,
        "stdev": 3.86603784561
    },
    "barkbands_flatness_db": {
        "max": 0.30643337965,
        "mean": 0.160332009196,
        "min": 0.0621443502605,
        "stdev": 0.0518478192389
    },
    "barkbands_kurtosis": {
        "max": 36.0017776489,
        "mean": 2.83807420731,
        "min": -1.50725376606,
        "stdev": 4.53343439102
    },
    "barkbands_skewness": {
        "max": 5.20264911652,
        "mean": 0.882441043854,
        "min": -2.11592721939,
        "stdev": 1.03141736984
    },
    "barkbands_spread": {
        "max": 42.944316864,
        "mean": 13.7136468887,
        "min": 1.98210954666,
        "stdev": 7.79736471176
    },
    "dissonance": {
        "max": 0.499999374151,
        "mean": 0.469907045364,
        "min": 0.337507605553,
        "stdev": 0.0310319829732
    },
    "dynamic_complexity": 4.63747024536,
    "erbbands_crest": {
        "max": 21.5913295746,
        "mean": 9.79961204529,
        "min": 2.94855546951,
        "stdev": 3.5503051281
    },
    "erbbands_flatness_db": {
        "max": 0.339434653521,
        "mean": 0.22217810154,
        "min": 0.0902404487133,
        "stdev": 0.0508807487786
    },
    "erbbands_kurtosis": {
        "max": 9.99217510223,
        "mean": 1.273676157,
        "min": -1.2706464529,
        "stdev": 1.77248585224
    },
    "erbbands_skewness": {
        "max": 2.71243715286,
        "mean": 0.698177874088,
        "min": -0.891992509365,
        "stdev": 0.681252241135
    },
    "erbbands_spread": {
        "max": 50.0182914734,
        "mean": 18.5896720886,
        "min": 4.70204687119,
        "stdev": 7.96619033813
    },
    "hfc": {
        "max": 137.720123291,
        "mean": 17.8750095367,
        "min": 1.16174512713e-16,
        "stdev": 19.5122489929
    },
    "loudness_ebu128": {
        "integrated": -26.1880836487,
        "loudness_range": 11.279630661,
        "momentary": {
            "max": -21.2625331879,
            "mean": -29.5915985107,
            "min": -41.3875732422,
            "stdev": 5.55929708481
        },
        "short_term": {
            "max": -24.4238433838,
            "mean": -29.3806762695,
            "min": -38.4093856812,
            "stdev": 4.34506177902
        }
    },
    "melbands_crest": {
        "max": 33.0137290955,
        "mean": 11.946808815,
        "min": 1.61916351318,
        "stdev": 5.70270681381
    },
    "melbands_flatness_db": {
        "max": 0.371820837259,
        "mean": 0.194526776671,
        "min": 0.00216481881216,
        "stdev": 0.0726093351841
    },
    "melbands_kurtosis": {
        "max": 67.8398361206,
        "mean": 4.78629684448,
        "min": -1.40341889858,
        "stdev": 7.45584917068
    },
    "melbands_skewness": {
        "max": 6.82885789871,
        "mean": 1.19426524639,
        "min": -1.30998754501,
        "stdev": 1.13547229767
    },
    "melbands_spread": {
        "max": 136.797698975,
        "mean": 21.3838348389,
        "min": 2.42577338219,
        "stdev": 14.5419883728
    },
    "pitch_salience": {
        "max": 0.957979917526,
        "mean": 0.631447017193,
        "min": 0.247432261705,
        "stdev": 0.11349824816
    },
    "silence_rate_20dB": {
        "max": 1,
        "mean": 1,
        "min": 1,
        "stdev": 0
    },
    "silence_rate_30dB": {
        "max": 1,
        "mean": 0.972727298737,
        "min": 0,
        "stdev": 0.162877216935
    },
    "silence_rate_60dB": {
        "max": 1,
        "mean": 0.239999994636,
        "min": 0,
        "stdev": 0.427083462477
    },
    "spectral_centroid": {
        "max": 10946.1757812,
        "mean": 1364.66271973,
        "min": 398.763153076,
        "stdev": 801.213745117
    },
    "spectral_complexity": {
        "max": 44,
        "mean": 18.4145450592,
        "min": 0,
        "stdev": 11.1434841156
    },
    "spectral_decrease": {
        "max": 5.78394679045e-29,
        "mean": -6.17322459817e-09,
        "min": -5.94962905609e-08,
        "stdev": 7.53467865877e-09
    },
    "spectral_energy": {
        "max": 0.227212235332,
        "mean": 0.0249205045402,
        "min": 1.06053884545e-20,
        "stdev": 0.029509101063
    },
    "spectral_energyband_high": {
        "max": 0.00234982534312,
        "mean": 0.000168230821146,
        "min": 7.33571797649e-21,
        "stdev": 0.000213846491533
    },
    "spectral_energyband_low": {
        "max": 0.197189047933,
        "mean": 0.00769510259852,
        "min": 4.70029170414e-23,
        "stdev": 0.0217511616647
    },
    "spectral_energyband_middle_high": {
        "max": 0.0697418302298,
        "mean": 0.00859448406845,
        "min": 1.74158212965e-21,
        "stdev": 0.0104150464758
    },
    "spectral_energyband_middle_low": {
        "max": 0.0710890889168,
        "mean": 0.00947684235871,
        "min": 2.52248636921e-22,
        "stdev": 0.00982514023781
    },
    "spectral_entropy": {
        "max": 9.80234050751,
        "mean": 7.40120410919,
        "min": 5.87230443954,
        "stdev": 0.496806889772
    },
    "spectral_flux": {
        "max": 0.32883566618,
        "mean": 0.0728145092726,
        "min": 6.82351952719e-11,
        "stdev": 0.0532246157527
    },
    "spectral_kurtosis": {
        "max": 40.5516014099,
        "mean": 9.54908466339,
        "min": -1.19023799896,
        "stdev": 6.8853597641
    },
    "spectral_rms": {
        "max": 0.0148886023089,
        "mean": 0.00422501005232,
        "min": 3.21663182201e-12,
        "stdev": 0.00254204054363
    },
    "spectral_rolloff": {
        "max": 18970.7519531,
        "mean": 1529.09423828,
        "min": 64.599609375,
        "stdev": 1468.74523926
    },
    "spectral_skewness": {
        "max": 4.74164628983,
        "mean": 2.18241047859,
        "min": -0.00782094430178,
        "stdev": 0.640172421932
    },
    "spectral_spread": {
        "max": 39283992,
        "mean": 3163393.25,
        "min": 1592785.875,
        "stdev": 2386079.25
    },
    "spectral_strongpeak": {
        "max": 6.6819229126,
        "mean": 1.15178608894,
        "min": 0,
        "stdev": 1.03319382668
    },
    "zerocrossingrate": {
        "max": 0.53125,
        "mean": 0.0588698498905,
        "min": 0.00830078125,
        "stdev": 0.0420588701963
    },
    "barkbands": {
        "max": [0.023736987263, 0.183589994907, 0.0415285788476, 0.0251212585717, 0.024999415502, 0.0171801466495, 0.0220014061779, 0.00544094713405, 0.037460334599, 0.0198085866868, 0.0195780936629, 0.00652859546244, 0.00930798612535, 0.0172133482993, 0.0276403613389, 0.0191497467458, 0.00988333579153, 0.00491907773539, 0.00155358144548, 0.000624265056103, 0.00149422814138, 0.000272687349934, 0.000239921559114, 0.000267020921456, 0.000754669134039, 8.99281803868e-05, 2.61550667346e-07],
        "mean": [0.000673816015478, 0.00535685149953, 0.00115098268725, 0.00104254251346, 0.00093558075605, 0.00137034326326, 0.00171269022394, 0.000518005748745, 0.00288676703349, 0.00285963807255, 0.00191865465604, 0.000751578947529, 0.000666526553687, 0.00073411402991, 0.000623633444775, 0.000501905567944, 0.000434982503066, 0.000443931668997, 0.000146261823829, 4.55583140138e-05, 4.62143252662e-05, 3.34695032507e-05, 2.38533611991e-05, 1.63401764439e-05, 2.23409115279e-05, 3.92118590753e-06, 2.31551067209e-09],
        "min": [1.53634510933e-23, 2.11436084953e-23, 1.40260668017e-23, 5.61642419348e-24, 1.7692211084e-23, 3.51468425069e-23, 6.85892216549e-23, 3.69473228598e-23, 5.14010153809e-23, 6.19697635814e-23, 3.33806649816e-23, 6.8097590917e-23, 6.65322763109e-23, 9.91328051889e-23, 1.11032260762e-22, 8.98673751107e-23, 2.01551171872e-22, 2.0773321604e-22, 2.80696904917e-22, 2.76881847361e-22, 2.23825561988e-22, 4.97605330591e-22, 4.82457030265e-22, 6.07393614503e-22, 1.32563367201e-21, 1.86897581997e-21, 2.07871578456e-21],
        "stdev": [0.00242477352731, 0.0175715945661, 0.00337245501578, 0.00257478980348, 0.00217825430445, 0.00270520476624, 0.00328673422337, 0.000719157920685, 0.00526886247098, 0.00377211743034, 0.00312086986378, 0.00108174956404, 0.000984943471849, 0.00149346445687, 0.00187108165119, 0.00154178566299, 0.00108656135853, 0.000747992249671, 0.00021885035676, 6.53010720271e-05, 8.2574224507e-05, 3.92448782804e-05, 3.42507191817e-05, 2.99624462059e-05, 5.13926133863e-05, 9.51711899688e-06, 1.13706706273e-08]
    },
    "erbbands": {
        "max": [6.96530723572, 41.9377708435, 78.5205612183, 77.6210098267, 73.5349502563, 95.9282836914, 79.3158111572, 151.973648071, 294.888214111, 252.869995117, 147.646377563, 833.963623047, 883.982421875, 1054.42773438, 384.011627197, 268.478149414, 470.071502686, 753.139343262, 903.500732422, 1322.39440918, 1080.70959473, 594.52722168, 334.374511719, 94.4052963257, 86.3099517822, 25.5853614807, 92.7598114014, 22.2863292694, 8.95024394989, 10.3569698334, 6.73036670685, 5.01435852051, 5.00520181656, 11.1060342789, 1.93029654026, 0.62717372179, 0.084035679698, 0.0240739285946, 0.000397501600673, 0.00024924709578],
        "mean": [0.220658048987, 0.928658723831, 1.42538893223, 2.6505651474, 2.58838915825, 3.0666077137, 6.06862831116, 11.4570198059, 24.804145813, 17.466802597, 17.8973846436, 60.6905975342, 97.627204895, 96.0566635132, 52.7044296265, 26.4991130829, 30.2261753082, 37.7755203247, 34.2213592529, 30.4698753357, 27.1556015015, 25.748008728, 27.4683704376, 11.8275985718, 5.33122825623, 2.04848480225, 2.05743718147, 1.65327870846, 1.27786719799, 0.890804827213, 0.627282202244, 0.388639986515, 0.28707408905, 0.257042378187, 0.12963527441, 0.0293450746685, 0.0044019035995, 0.000366105872672, 2.19852754526e-05, 2.98702234431e-05],
        "min": [7.88579591111e-22, 3.15133578865e-21, 1.36082261381e-20, 2.12846900204e-20, 5.61553660064e-20, 5.01478731036e-20, 1.6188530756e-19, 2.13102495782e-19, 7.36813974065e-19, 1.09850691701e-18, 8.79103980374e-19, 1.38272390074e-18, 1.96369782288e-18, 1.2214616282e-18, 2.04391841907e-18, 3.01735490368e-18, 2.97677362962e-18, 4.79743827611e-18, 4.70233649391e-18, 6.40579130196e-18, 9.32275398303e-18, 9.4553220839e-18, 1.18629429261e-17, 9.04291299154e-18, 1.31822687062e-17, 1.35964289399e-17, 9.30610945474e-18, 1.16266381046e-17, 1.32866448374e-17, 1.871551557e-17, 1.39238816203e-17, 1.15539694606e-17, 1.1509001441e-17, 1.61525129856e-17, 8.843379657e-18, 6.66303082398e-18, 3.72481911374e-18, 1.15384447281e-18, 2.7401758828e-19, 3.28580179243e-20],
        "stdev": [0.759518563747, 3.30555105209, 4.56819248199, 6.83489322662, 6.65775775909, 7.96574878693, 11.3312244415, 22.0974712372, 48.8640441895, 29.4841632843, 22.0921783447, 106.846855164, 133.312545776, 149.25050354, 67.4336700439, 35.4099464417, 45.1246871948, 69.3301315308, 83.4943618774, 91.371673584, 82.9183959961, 62.8378448486, 47.6603965759, 15.7778453827, 9.59393787384, 2.9592525959, 4.58068370819, 2.19511151314, 1.48168694973, 1.12688755989, 0.90060198307, 0.628074586391, 0.556515097618, 0.66883790493, 0.253592044115, 0.0673386305571, 0.0113006569445, 0.00198505539447, 3.75220843125e-05, 3.38614008797e-05]
    },
    "gfcc": {
        "mean": [-56.8303718567, 107.201385498, -163.657821655, 9.73819541931, -62.3897094727, 22.3387985229, -34.5163078308, 16.5538921356, -18.7906990051, -9.3282365799, -15.0114774704, -6.8794760704, -3.36413359642],
        "cov": [[13785.6513672, 1400.28662109, 201.522064209, 658.286071777, 352.45690918, 794.940185547, 328.233001709, 618.256225586, 57.7255516052, 192.234222412, -216.684616089, 249.994338989, -78.7743988037], [1400.28662109, 2087.40356445, 845.644348145, -5.99260663986, 75.0885772705, -475.648376465, -35.8428840637, -388.552032471, 154.92326355, -71.9055023193, 350.092712402, -91.0004119873, 65.6605148315], [201.522064209, 845.644348145, 1330.3302002, 319.630401611, 376.733581543, 0.987495005131, -0.260790586472, -52.1306343079, 60.3021888733, 96.2027816772, 79.3424835205, 25.9035205841, 2.98182535172], [658.286071777, -5.99260663986, 319.630401611, 282.62902832, 161.998596191, 173.349105835, 19.3073940277, 97.5760421753, -21.1311092377, 34.5429534912, -50.4939804077, 37.1403045654, -12.3937005997], [352.45690918, 75.0885772705, 376.733581543, 161.998596191, 263.555999756, 135.783554077, 47.3506813049, 78.1073303223, 18.3617267609, 58.9044837952, -33.0570259094, 26.8370265961, -14.2992601395], [794.940185547, -475.648376465, 0.987495005131, 173.349105835, 135.783554077, 387.72857666, 116.126754761, 243.128585815, -12.9847478867, 54.3085899353, -168.000823975, 50.7838630676, -5.90577697754], [328.233001709, -35.8428840637, -0.260790586472, 19.3073940277, 47.3506813049, 116.126754761, 206.609786987, 116.485397339, 56.5162773132, 11.0230512619, -23.8184509277, 33.8335876465, 11.8243637085], [618.256225586, -388.552032471, -52.1306343079, 97.5760421753, 78.1073303223, 243.128585815, 116.485397339, 236.672592163, 2.47914719582, 47.9979171753, -109.540397644, 50.9712982178, -15.8167562485], [57.7255516052, 154.92326355, 60.3021888733, -21.1311092377, 18.3617267609, -12.9847478867, 56.5162773132, 2.47914719582, 85.0572738647, 15.7600908279, 39.6517219543, -0.213315606117, 16.3054180145], [192.234222412, -71.9055023193, 96.2027816772, 34.5429534912, 58.9044837952, 54.3085899353, 11.0230512619, 47.9979171753, 15.7600908279, 78.0643081665, -7.2015042305, 31.9774169922, -7.96016979218], [-216.684616089, 350.092712402, 79.3424835205, -50.4939804077, -33.0570259094, -168.000823975, -23.8184509277, -109.540397644, 39.6517219543, -7.2015042305, 143.027526855, -0.0285018961877, 21.8084201813], [249.994338989, -91.0004119873, 25.9035205841, 37.1403045654, 26.8370265961, 50.7838630676, 33.8335876465, 50.9712982178, -0.213315606117, 31.9774169922, -0.0285018961877, 75.199798584, 0.675644814968], [-78.7743988037, 65.6605148315, 2.98182535172, -12.3937005997, -14.2992601395, -5.90577697754, 11.8243637085, -15.8167562485, 16.3054180145, -7.96016979218, 21.8084201813, 0.675644814968, 63.5555763245]],
        "icov": [[0.000346670451108, -0.00127686082851, 0.000783664057963, -0.000471855251817, 0.000235219675233, -0.000708120525815, 0.000464256649138, -0.00108187436126, 0.00054478587117, -0.00129427446518, 0.00122122594621, -0.00126833864488, 0.000544119509868], [-0.00127686082851, 0.00637763412669, -0.00373843032867, 0.00136125495192, -0.00097899872344, 0.0031187417917, -0.00237636337988, 0.0050818072632, -0.00336509966291, 0.00630208849907, -0.00647984957322, 0.00577316898853, -0.00213951780461], [0.000783664057963, -0.00373843032867, 0.00431717699394, -0.0030995302368, -0.00169820163865, -0.000464555632789, 0.000949650711846, -0.0016955420142, 0.00108532211743, -0.00526627525687, 0.00409789383411, -0.00320586143062, 0.000692606205121], [-0.000471855251817, 0.00136125495192, -0.0030995302368, 0.0105278687552, -0.00155291554984, -0.00423336867243, 0.0015618680045, -0.000676604686305, 0.0024996844586, 0.00494896341115, -0.00473669124767, 0.000148340011947, 0.000607810507063], [0.000235219675233, -0.00097899872344, -0.00169820163865, -0.00155291554984, 0.00997773744166, -0.00314985355362, -0.000374797004042, -0.000703388184775, -7.88165052654e-05, -0.00321729644202, 0.000657920609228, -5.57096827833e-05, 0.00231877225451], [-0.000708120525815, 0.0031187417917, -0.000464555632789, -0.00423336867243, -0.00314985355362, 0.0166593324393, -0.002963837469, -0.00320618692786, -0.00311964284629, 0.00026171997888, 0.00776522513479, 0.00169750570785, -0.00616005575284], [0.000464256649138, -0.00237636337988, 0.000949650711846, 0.0015618680045, -0.000374797004042, -0.002963837469, 0.0113995447755, -0.00690451823175, -0.00522094266489, 0.00311332638375, 0.00111497996841, -0.00517384754494, 0.000493424420711], [-0.00108187436126, 0.0050818072632, -0.0016955420142, -0.000676604686305, -0.000703388184775, -0.00320618692786, -0.00690451823175, 0.0213140454143, -0.00350350909866, 0.000408698426327, -0.00126953970175, 0.00154821714386, 0.000858458632138], [0.00054478587117, -0.00336509966291, 0.00108532211743, 0.0024996844586, -7.88165052654e-05, -0.00311964284629, -0.00522094266489, -0.00350350909866, 0.0246514715254, -0.00860863551497, -0.00495286146179, 0.00310783134773, -0.00135600601789], [-0.00129427446518, 0.00630208849907, -0.00526627525687, 0.00494896341115, -0.00321729644202, 0.00026171997888, 0.00311332638375, 0.000408698426327, -0.00860863551497, 0.0294974055141, -0.00857110880315, -0.00198556995019, 0.000785336946137], [0.00122122594621, -0.00647984957322, 0.00409789383411, -0.00473669124767, 0.000657920609228, 0.00776522513479, 0.00111497996841, -0.00126953970175, -0.00495286146179, -0.00857110880315, 0.0305994059891, -0.0124265123159, -0.00273220706731], [-0.00126833864488, 0.00577316898853, -0.00320586143062, 0.000148340011947, -5.57096827833e-05, 0.00169750570785, -0.00517384754494, 0.00154821714386, 0.00310783134773, -0.00198556995019, -0.0124265123159, 0.0265582762659, -0.00292832963169], [0.000544119509868, -0.00213951780461, 0.000692606205121, 0.000607810507063, 0.00231877225451, -0.00616005575284, 0.000493424420711, 0.000858458632138, -0.00135600601789, 0.000785336946137, -0.00273220706731, -0.00292832963169, 0.0201911162585]]
    },
    "melbands": {
        "max": [0.0505551621318, 0.0466681867838, 0.0123477438465, 0.00621863733977, 0.0033813030459, 0.00388202792965, 0.00446896301582, 0.0022279957775, 0.00149778311606, 0.00596736837178, 0.00442198989913, 0.0041491445154, 0.00162010383792, 0.000885334971827, 0.00106132333167, 0.000989493913949, 0.00145834835712, 0.00134812295437, 0.00210847472772, 0.00134478870314, 0.00119461189024, 0.000645145657472, 0.000562045839615, 0.000270772026852, 8.01679343567e-05, 0.000104678219941, 1.74674041773e-05, 1.86497527466e-05, 6.63507671561e-05, 3.27200868924e-05, 8.31158376968e-06, 6.5876829467e-06, 6.54298992231e-06, 5.9115136537e-06, 5.63427011002e-06, 3.22519963447e-06, 4.15918111685e-06, 3.7004706428e-06, 1.62086071214e-05, 5.70736801819e-06],
        "mean": [0.0017074435018, 0.000892166688573, 0.000453815737274, 0.000182572126505, 0.000201842005481, 0.000277508457657, 0.000395778595703, 0.000167724909261, 0.000163782417076, 0.000426745245932, 0.000492569117341, 0.000389434077078, 0.00020655739354, 9.74323411356e-05, 5.45737057109e-05, 7.24791316316e-05, 6.95996932336e-05, 5.51407392777e-05, 4.63184369437e-05, 3.68179025827e-05, 3.00351875921e-05, 2.6637371775e-05, 2.40488261625e-05, 2.18940749619e-05, 8.21305729914e-06, 4.98849612995e-06, 2.00415684048e-06, 1.17042964121e-06, 1.31853744278e-06, 1.1359123846e-06, 8.98009716366e-07, 7.72281737227e-07, 5.44594911389e-07, 4.84359077291e-07, 3.88348354363e-07, 2.71553375342e-07, 2.26420624472e-07, 1.87721397538e-07, 2.62010416918e-07, 1.90007014567e-07],
        "min": [7.42265573677e-24, 6.64772059311e-24, 4.64899042286e-24, 3.9449494199e-24, 5.2007071182e-24, 5.13252744789e-24, 1.23599263055e-23, 1.23688404338e-23, 6.51099246e-24, 8.78131324041e-24, 9.61850528671e-24, 4.94861281087e-24, 5.53699576108e-24, 6.08471411492e-24, 8.22910192929e-24, 4.31900990621e-24, 9.89585615921e-24, 7.23663760215e-24, 9.16865262235e-24, 3.9351639948e-24, 1.01246352881e-23, 9.77202787406e-24, 9.30087438753e-24, 8.15376255739e-24, 6.29778662872e-24, 1.1684041326e-23, 1.06393607178e-23, 7.81935889765e-24, 5.66347659103e-24, 4.70375788007e-24, 7.96138541502e-24, 7.16037131869e-24, 9.13915632424e-24, 1.07884885611e-23, 8.75849622759e-24, 5.79036683979e-24, 7.48647695058e-24, 6.61897923488e-24, 1.23626660195e-23, 1.30027911453e-23],
        "stdev": [0.00561023270711, 0.00287352362648, 0.00110094062984, 0.000487449025968, 0.00037057348527, 0.00056079402566, 0.000767613644712, 0.000261170323938, 0.000214327214053, 0.000789231911767, 0.00067648361437, 0.000596531841438, 0.000286077469354, 0.000140173986438, 9.09364462132e-05, 0.000107192034193, 0.000134796733619, 0.000128636209411, 0.000140732619911, 0.000110781009425, 9.26357752178e-05, 6.67747226544e-05, 4.96128341183e-05, 3.97724834329e-05, 1.12040270324e-05, 1.05768804133e-05, 2.85252235699e-06, 1.88276817426e-06, 3.22523192153e-06, 1.94015819943e-06, 1.19466881188e-06, 9.28041288262e-07, 6.71563157084e-07, 6.80248035678e-07, 6.09383050687e-07, 4.16757217181e-07, 4.19082681447e-07, 4.04495523298e-07, 8.80543382209e-07, 4.16552722982e-07]
    },
    "melbands128": {
        "max": [0.022636141628, 0.0666969567537, 0.0874305069447, 0.0865475907922, 0.0596833489835, 0.0182331725955, 0.0178001374006, 0.0109718954191, 0.00867114495486, 0.00847776979208, 0.00636523589492, 0.00683320732787, 0.00379220186733, 0.00270376028493, 0.00243679713458, 0.0088570881635, 0.0076807634905, 0.00643064919859, 0.0081913555041, 0.00196850229986, 0.0022783826571, 0.00147355697118, 0.00229859887622, 0.00437637418509, 0.00532593997195, 0.0118237100542, 0.00872591137886, 0.00557310599834, 0.00578237324953, 0.00397746730596, 0.00658615492284, 0.00529166916385, 0.0015495500993, 0.00247948011383, 0.00187818019185, 0.000716161855962, 0.000968025007751, 0.00142552447505, 0.00175036117435, 0.00113693717867, 0.000813904218376, 0.00190219143406, 0.00164556433447, 0.00181255640928, 0.00212596356869, 0.00178811396472, 0.00236852420494, 0.00290422188118, 0.00165655114688, 0.00209675449878, 0.00111979211215, 0.00202450808138, 0.00191088742577, 0.000798324123025, 0.000789203506429, 0.000848800700624, 0.000847417977639, 0.000519218738191, 0.000701597018633, 0.000621961022262, 0.000458184629679, 0.000162380878464, 9.21035098145e-05, 0.000132147062686, 7.00647287886e-05, 0.000199943358894, 7.50189865357e-05, 2.96183279715e-05, 2.33216687775e-05, 2.58924519585e-05, 2.20948058995e-05, 3.11164585582e-05, 5.71227283217e-05, 7.77530294727e-05, 7.41473122616e-05, 3.57742792403e-05, 1.52476814037e-05, 1.32793020384e-05, 1.20016566143e-05, 1.626393896e-05, 7.20376783647e-06, 7.74811633164e-06, 7.20167508916e-06, 7.93243634689e-06, 7.32690705263e-06, 6.51050186207e-06, 1.08529329736e-05, 2.11732804019e-05, 5.69479107071e-06, 4.24148811362e-06, 4.86609906147e-06, 3.88145554098e-06, 2.78803031506e-06, 4.93254037792e-06, 5.44975591765e-06, 5.97065127295e-06, 2.97064320876e-06, 4.22880020778e-06, 4.4690791583e-06, 5.16140680702e-05, 3.65603000319e-06, 2.45362275564e-06, 4.0314907892e-06, 1.14307367767e-05, 1.09757627342e-06, 1.54033500621e-06, 1.44362468291e-06, 1.34759727644e-06, 1.38274299388e-06, 9.89487148217e-07, 1.44857767737e-06, 5.54836731226e-07, 9.43227931316e-08, 2.34933565935e-07, 9.31837007556e-07, 6.12862322669e-07, 1.2550521733e-09, 1.23229904059e-09, 1.21712495638e-09, 1.16152898411e-09, 1.14176534893e-09, 1.08979869573e-09, 1.07511410885e-09, 1.06999253902e-09, 1.0341979495e-09, 1.02541652947e-09, 1.01593744528e-09, 1.01330688285e-09],
        "mean": [0.000591814867221, 0.00199449481443, 0.00208353251219, 0.00136255891994, 0.000799227913376, 0.000536237843335, 0.000565085443668, 0.000478389585624, 0.000227496275329, 0.000134395901114, 0.000158213588293, 0.000235648243688, 0.000237527594436, 0.000131291541038, 0.000147909944644, 0.000476535555208, 0.000444082048489, 0.000337959761964, 0.000441918120487, 0.000129257474327, 7.87368189776e-05, 0.000106424937258, 0.000156997499289, 0.000239289569436, 0.000316526013194, 0.000578928214964, 0.000541921355762, 0.00049582979409, 0.000445879733888, 0.000326919573126, 0.000452282081824, 0.000362929189578, 0.000123392950627, 0.000164708515513, 0.000136068774736, 6.50917354506e-05, 5.49359283468e-05, 4.93169318361e-05, 5.7306351664e-05, 6.93045803928e-05, 7.92789796833e-05, 6.81337551214e-05, 7.43277923902e-05, 6.88531508786e-05, 5.96396166657e-05, 5.05633906869e-05, 5.29972639924e-05, 4.83541662106e-05, 4.44596080342e-05, 3.69229455828e-05, 3.64725347026e-05, 3.51027229044e-05, 3.30258226313e-05, 2.66049173661e-05, 2.61112181761e-05, 2.63480342255e-05, 2.9808801628e-05, 1.89437560039e-05, 2.12986487895e-05, 3.40634614986e-05, 2.52265617746e-05, 1.069546488e-05, 1.02897356555e-05, 7.54543134462e-06, 4.66388337372e-06, 6.43791099719e-06, 3.776116273e-06, 2.37660538005e-06, 1.79423193458e-06, 1.2018911093e-06, 1.040045845e-06, 1.18878176636e-06, 1.42124940794e-06, 1.31488468469e-06, 1.23533993701e-06, 1.23660186091e-06, 1.05701258235e-06, 9.47469459334e-07, 8.7637016577e-07, 8.34480943013e-07, 8.4793299493e-07, 7.49288005863e-07, 5.85954467169e-07, 5.45191085166e-07, 4.79490950056e-07, 4.6747143756e-07, 4.88140813104e-07, 5.1949916724e-07, 3.69421513824e-07, 3.21578767171e-07, 2.82375509641e-07, 2.69273328968e-07, 2.26087053079e-07, 2.12974853753e-07, 2.39365846255e-07, 2.26811891935e-07, 1.67180360222e-07, 1.46396061496e-07, 1.69266385797e-07, 5.18276806361e-07, 1.39625456086e-07, 1.28149764578e-07, 1.37954259571e-07, 3.92017057038e-07, 9.22607341636e-08, 7.94253196545e-08, 6.15407600435e-08, 5.59442625558e-08, 4.78468749066e-08, 3.67519312761e-08, 4.27103223899e-08, 2.09483239644e-08, 1.20866627817e-09, 1.72309022606e-09, 9.65468416325e-09, 4.37154890065e-09, 2.2291493304e-11, 9.7156362816e-12, 9.7591223297e-12, 9.18020433976e-12, 8.90896557915e-12, 8.79406270027e-12, 8.69791998842e-12, 8.48747461202e-12, 7.7188845593e-12, 6.44451679521e-12, 5.7646986143e-12, 5.64837066008e-12],
        "min": [8.81912807676e-24, 7.28258796102e-24, 7.23212295119e-24, 3.48915821063e-24, 4.84442795112e-24, 7.2731571289e-24, 4.23359323068e-24, 2.68918304412e-24, 7.07692403442e-24, 4.4026607166e-24, 1.99384652959e-24, 1.45418214977e-24, 1.9668489484e-24, 1.15569021916e-23, 4.3954410616e-24, 1.84409962775e-24, 4.76495968125e-24, 1.87443764044e-23, 1.48269467917e-23, 1.17479256487e-23, 4.70013543079e-24, 4.36740021186e-24, 4.38690519217e-24, 1.68345540137e-24, 9.60998558894e-24, 7.94852777113e-24, 7.22659382511e-24, 1.302492816e-23, 8.68692366652e-24, 6.98447742494e-24, 3.44658338758e-24, 8.04017092578e-25, 1.52854185503e-24, 7.92198654597e-24, 6.32506228337e-24, 4.80195567998e-24, 4.56747072021e-24, 8.56410906763e-24, 7.72451178443e-24, 2.62228527277e-24, 4.43902207674e-24, 5.18345946337e-24, 5.97931401495e-24, 1.64911530009e-23, 5.24862607946e-24, 3.15476243949e-24, 1.03594223816e-23, 7.30733847192e-24, 9.54265946612e-24, 4.64144891261e-24, 1.6630728133e-24, 3.20172175146e-24, 8.47660624944e-24, 9.12622610514e-24, 1.1718432506e-23, 2.57673368309e-24, 1.54225178424e-23, 6.89138473837e-24, 4.68693897114e-24, 1.95304151598e-24, 7.90348933547e-24, 1.11176533956e-23, 5.33816770866e-24, 4.89152334159e-24, 6.64746894648e-24, 1.16504050859e-23, 3.28371102357e-24, 3.22367811703e-24, 9.85762559316e-24, 1.25789480139e-23, 6.58347812757e-24, 6.61868341205e-24, 3.37647219134e-24, 5.263955619e-24, 4.51105336042e-24, 5.71486575141e-24, 3.50751145402e-24, 5.23561618541e-24, 8.7856819521e-24, 1.06960380073e-23, 8.77508123926e-24, 3.84858414387e-24, 6.74687725345e-24, 7.71240355839e-24, 1.11282075656e-23, 9.23194529935e-24, 1.14708398335e-23, 7.1777728014e-24, 8.28008916504e-24, 7.34575994231e-24, 4.63772193926e-24, 4.3756229035e-24, 5.16292896388e-24, 5.45785447406e-24, 8.60297387785e-24, 6.40734363123e-24, 4.33894797116e-24, 5.79994637219e-24, 9.00777075161e-24, 9.87111117034e-24, 1.80410295991e-23, 9.87714201196e-24, 8.23979099455e-24, 1.02511464892e-23, 4.93739599766e-24, 5.86064014695e-24, 5.42104149106e-24, 8.19834345373e-24, 9.71354961516e-24, 1.26816774252e-23, 1.03334696466e-23, 1.38212800884e-23, 1.05099015435e-23, 8.16999415938e-24, 8.62973598406e-24, 8.45741799678e-24, 8.61880079419e-24, 8.48652301988e-24, 6.44140546183e-24, 5.00415335177e-24, 1.11101150407e-23, 9.51116103903e-24, 9.67682735116e-24, 1.05223403023e-23, 9.24244582686e-24, 7.67885093751e-24, 1.34289211845e-23, 1.3064571576e-23],
        "stdev": [0.00219892663881, 0.00719111878425, 0.00725682871416, 0.00548579497263, 0.00310972379521, 0.00157595099881, 0.0015638563782, 0.00114973005839, 0.000667481508572, 0.000529652985279, 0.000472218031064, 0.000541568791959, 0.000522101880051, 0.00025372998789, 0.000277294835541, 0.00119318207726, 0.00105801713653, 0.000841239234433, 0.000968670239672, 0.00022481342603, 0.000157312621013, 0.000172621934325, 0.000231364567298, 0.00041145508294, 0.000570277392399, 0.00140025024302, 0.00107237021439, 0.000700753298588, 0.000796437554527, 0.00052496563876, 0.000883423024788, 0.000751536048483, 0.000186976176337, 0.000306020549033, 0.000248201802606, 0.000109728993266, 9.91766282823e-05, 9.53871567617e-05, 0.000122159064631, 0.000120427517686, 0.000121037002828, 0.000147447790368, 0.000161646545166, 0.000156578331371, 0.000142595934449, 0.00013029013644, 0.000176129702595, 0.000164240394952, 0.000146109232446, 0.000135586073156, 0.000111578017822, 0.000117963936646, 0.000127037899802, 8.04571100161e-05, 7.21620235709e-05, 7.13575864211e-05, 8.38174310047e-05, 5.17823536939e-05, 5.75581943849e-05, 6.76816125633e-05, 6.53636452626e-05, 1.94701169676e-05, 1.49467605297e-05, 1.39395378937e-05, 8.1840544226e-06, 1.8647968318e-05, 8.51205459185e-06, 3.79617381441e-06, 2.84648331217e-06, 2.24729456022e-06, 2.02232968149e-06, 2.17689944293e-06, 3.27457587446e-06, 3.75228978555e-06, 3.51141898136e-06, 2.35223706113e-06, 1.58758973612e-06, 1.4514821487e-06, 1.38763721225e-06, 1.29235797885e-06, 1.17468209737e-06, 9.99210215014e-07, 8.34356796986e-07, 7.8902127143e-07, 7.21404376236e-07, 6.92358696597e-07, 8.88903116447e-07, 1.37405299938e-06, 5.94577670654e-07, 4.96755546919e-07, 4.90742422699e-07, 4.72049805467e-07, 3.41243350022e-07, 4.41918899696e-07, 5.45450120626e-07, 5.93490256051e-07, 3.50876234734e-07, 3.0382489058e-07, 3.57499061465e-07, 2.72618467534e-06, 3.04462133727e-07, 2.89829301892e-07, 3.30655922198e-07, 1.17077956929e-06, 1.62841786278e-07, 1.71390723835e-07, 1.37521965371e-07, 1.35872369356e-07, 1.23402372765e-07, 1.04636924902e-07, 1.49357347823e-07, 5.87468989011e-08, 6.17428908001e-09, 1.57987098959e-08, 7.47622408426e-08, 4.16052827745e-08, 8.86569845315e-11, 5.30339869242e-11, 5.24097501509e-11, 4.99164320988e-11, 4.90588646096e-11, 4.68496665074e-11, 4.62145599567e-11, 4.59670808362e-11, 4.44835453195e-11, 4.41488755276e-11, 4.37657583785e-11, 4.36527307357e-11]
    },
    "mfcc": {
        "mean": [-680.039916992, 135.442886353, -37.9585266113, -7.12986850739, -4.90043210983, -1.7657315731, -2.01229786873, 13.2271518707, 5.74301099777, 0.22659830749, 2.68045639992, -5.64858675003, -7.62155628204],
        "cov": [[7210.41113281, 656.857666016, 388.410949707, 340.068206787, 354.683746338, 449.90423584, 477.725738525, 614.316589355, 513.070495605, 214.036621094, 245.608612061, 279.982818604, -41.5564727783], [656.857666016, 1968.09545898, 694.756103516, 429.440246582, 102.420974731, -39.8296051025, -135.062561035, -240.325027466, -247.269836426, -136.27583313, 19.6238040924, 132.698348999, 91.7754974365], [388.410949707, 694.756103516, 743.043640137, 355.756958008, 282.195007324, 114.193572998, 49.235244751, -45.4761276245, -9.26565647125, -36.6982269287, 64.9189758301, 63.2141456604, 44.8586730957], [340.068206787, 429.440246582, 355.756958008, 274.486480713, 169.590499878, 56.1987686157, 27.7930011749, -26.4550457001, -41.3141288757, -26.1924209595, 32.9615287781, 42.3800621033, 27.9178504944], [354.683746338, 102.420974731, 282.195007324, 169.590499878, 309.055511475, 114.551002502, 70.7450408936, 9.88371086121, 50.2211532593, 10.5950517654, 41.9143714905, 14.7778520584, 13.9301691055], [449.90423584, -39.8296051025, 114.193572998, 56.1987686157, 114.551002502, 132.222824097, 83.1293029785, 74.3105163574, 90.3021697998, 36.6834335327, 29.705696106, 18.0231456757, -7.6984333992], [477.725738525, -135.062561035, 49.235244751, 27.7930011749, 70.7450408936, 83.1293029785, 135.600158691, 117.719024658, 114.896514893, 49.1892852783, 42.3237876892, 5.31932735443, -23.1800937653], [614.316589355, -240.325027466, -45.4761276245, -26.4550457001, 9.88371086121, 74.3105163574, 117.719024658, 200.048706055, 143.646697998, 64.7345428467, 53.9707298279, 2.1364004612, -41.344078064], [513.070495605, -247.269836426, -9.26565647125, -41.3141288757, 50.2211532593, 90.3021697998, 114.896514893, 143.646697998, 197.905227661, 81.7637405396, 42.586227417, 8.6517496109, -30.6692237854], [214.036621094, -136.27583313, -36.6982269287, -26.1924209595, 10.5950517654, 36.6834335327, 49.1892852783, 64.7345428467, 81.7637405396, 79.8527755737, 21.3737602234, 2.1600856781, -11.8906574249], [245.608612061, 19.6238040924, 64.9189758301, 32.9615287781, 41.9143714905, 29.705696106, 42.3237876892, 53.9707298279, 42.586227417, 21.3737602234, 81.3063278198, 24.6301116943, -5.90739917755], [279.982818604, 132.698348999, 63.2141456604, 42.3800621033, 14.7778520584, 18.0231456757, 5.31932735443, 2.1364004612, 8.6517496109, 2.1600856781, 24.6301116943, 77.5533294678, 28.7812366486], [-41.5564727783, 91.7754974365, 44.8586730957, 27.9178504944, 13.9301691055, -7.6984333992, -23.1800937653, -41.344078064, -30.6692237854, -11.8906574249, -5.90739917755, 28.7812366486, 58.9349517822]],
        "icov": [[0.000309248105623, -0.00027284846874, 0.000297992432024, -0.000153852131916, -0.000215109830606, -0.000309057650156, -0.000254357408267, -0.00083154370077, -0.000205626143725, -1.88928206626e-05, 0.000202680399525, -0.000725860067178, 8.00710331532e-05], [-0.00027284846874, 0.00148368801456, -0.00110017717816, -0.00101724918932, 0.000917812227271, 0.000482882402139, 0.000882363703568, 0.00123891304247, 0.000527581083588, 0.000149739964399, -0.00026351219276, -0.000635581614915, 0.000467487989226], [0.000297992432024, -0.00110017717816, 0.00530264619738, -0.0044558388181, -0.00101305241697, -0.00188226311002, -0.000228666409384, 0.000934456591494, -0.00289068091661, 0.00189862551633, -0.0016396001447, 0.000733361055609, -0.00108655367512], [-0.000153852131916, -0.00101724918932, -0.0044558388181, 0.014954559505, -0.00408214703202, 0.000538530235644, -0.00385431270115, -0.00261446787044, 0.00756355840713, -0.00158604723401, 0.00112578703556, -0.00258222222328, 0.000458182301372], [-0.000215109830606, 0.000917812227271, -0.00101305241697, -0.00408214703202, 0.00861039757729, -0.00455890782177, -0.000457120971987, 0.00423361128196, -0.00229127914645, 0.000852322264109, -0.00256884726696, 0.00322658568621, -0.00157024676446], [-0.000309057650156, 0.000482882402139, -0.00188226311002, 0.000538530235644, -0.00455890782177, 0.0193808637559, -0.00375931058079, -0.00198202440515, -0.00236667483114, -0.00161524128634, 0.00328978360631, -0.00296221906319, 0.00116677163169], [-0.000254357408267, 0.000882363703568, -0.000228666409384, -0.00385431270115, -0.000457120971987, -0.00375931058079, 0.0237648095936, -0.00642403773963, -0.00586523860693, -0.000355016411049, -0.00165849633049, 0.00219946680591, 0.000539736240171], [-0.00083154370077, 0.00123891304247, 0.000934456591494, -0.00261446787044, 0.00423361128196, -0.00198202440515, -0.00642403773963, 0.0196467060596, -0.00600217701867, 0.000483520969283, -0.00616146530956, 0.00255967350677, 0.00311435176991], [-0.000205626143725, 0.000527581083588, -0.00289068091661, 0.00756355840713, -0.00229127914645, -0.00236667483114, -0.00586523860693, -0.00600217701867, 0.0210904683918, -0.00903790444136, 0.0015268077841, -0.00393026322126, 0.00258990027942], [-1.88928206626e-05, 0.000149739964399, 0.00189862551633, -0.00158604723401, 0.000852322264109, -0.00161524128634, -0.000355016411049, 0.000483520969283, -0.00903790444136, 0.0232880841941, -0.00280046393164, 0.00138992769644, -0.00211736746132], [0.000202680399525, -0.00026351219276, -0.0016396001447, 0.00112578703556, -0.00256884726696, 0.00328978360631, -0.00165849633049, -0.00616146530956, 0.0015268077841, -0.00280046393164, 0.0199939031154, -0.00712224422023, 0.00304198847152], [-0.000725860067178, -0.000635581614915, 0.000733361055609, -0.00258222222328, 0.00322658568621, -0.00296221906319, 0.00219946680591, 0.00255967350677, -0.00393026322126, 0.00138992769644, -0.00712224422023, 0.0242616049945, -0.0116729531437], [8.00710331532e-05, 0.000467487989226, -0.00108655367512, 0.000458182301372, -0.00157024676446, 0.00116677163169, 0.000539736240171, 0.00311435176991, 0.00258990027942, -0.00211736746132, 0.00304198847152, -0.0116729531437, 0.0267529916018]]
    },
    "spectral_contrast_coeffs": {
        "max": [-0.52110773325, -0.476469516754, -0.553408443928, -0.641184568405, -0.606983840466, -0.679933011532],
        "mean": [-0.74665170908, -0.760149896145, -0.75200086832, -0.818293273449, -0.773734986782, -0.760715305805],
        "min": [-0.960762619972, -0.965930461884, -0.964752316475, -0.964222252369, -0.975023269653, -0.96272534132],
        "stdev": [0.0677462369204, 0.0887728109956, 0.0667340531945, 0.0377569869161, 0.0408253595233, 0.0309584643692]
    },
    "spectral_contrast_valleys": {
        "max": [-4.90700769424, -4.65815830231, -5.32968521118, -4.92063951492, -6.36733150482, -9.17206382751],
        "mean": [-7.68282604218, -6.91207456589, -6.91157770157, -7.2874879837, -8.12326622009, -11.2003736496],
        "min": [-27.3175086975, -27.838809967, -27.6366024017, -27.3768634796, -27.3319358826, -27.2921276093],
        "stdev": [1.89645457268, 1.56209790707, 1.55019462109, 1.49616801739, 1.44187605381, 1.33815228939]
    }
},
"rhythm": {
    "beats_count": 31,
    "beats_loudness": {
        "max": 0.222414046526,
        "mean": 0.0281133428216,
        "min": 0.000515485007782,
        "stdev": 0.0389684736729
    },
    "bpm": 143.861175537,
    "bpm_histogram_first_peak_bpm": 144,
    "bpm_histogram_first_peak_weight": 0.647058844566,
    "bpm_histogram_second_peak_bpm": 152,
    "bpm_histogram_second_peak_spread": 0,
    "bpm_histogram_second_peak_weight": 0.20000000298,
    "danceability": 0.761635780334,
    "onset_rate": 1.48910236359,
    "beats_loudness_band_ratio": {
        "max": [0.864201962948, 0.627100646496, 0.745794117451, 0.653242766857, 0.495773613453, 0.0664467066526],
        "mean": [0.175891086459, 0.111167252064, 0.318067133427, 0.305881470442, 0.133199617267, 0.0212125238031],
        "min": [0.00157735985704, 0.00327895511873, 0.0515360832214, 0.025347692892, 0.0031882901676, 0.000466910045361],
        "stdev": [0.227240011096, 0.161159873009, 0.186272114515, 0.199725821614, 0.131290271878, 0.0181182064116]
    },
    "beats_position": [0.394739210606, 0.801088392735, 1.20743763447, 1.6137868166, 2.02013611794, 2.41487526894, 2.80961441994, 3.20435357094, 3.61070299149, 4.00544214249, 4.40018129349, 4.80653047562, 5.18965959549, 5.58439922333, 5.94430828094, 6.29260778427, 6.64090681076, 6.97759628296, 7.31428575516, 7.73224496841, 8.15020370483, 8.56816291809, 8.99773216248, 9.42730140686, 9.84526062012, 10.2748298645, 10.6927890778, 11.110748291, 11.5403175354, 11.9814968109, 12.4110651016],
