{
"metadata": {
    "version": {
        "essentia": "2.1-beta5",
        "essentia_git_sha": "Undefined",
        "extractor": "music 2.0"
    },
    "audio_properties": {
        "analysis": {
            "equal_loudness": 0,
            "length": 32.4963264465,
            "sample_rate": 44100,
            "start_time": 110.236732483,
            "downmix": "mix"
        },
        "bit_rate": 192000,
        "length": 196.138961792,
        "lossless": 0,
        "number_channels": 2,
        "replay_gain": -3.60289382935,
        "sample_rate": 48000,
        "codec": "mp3",
        "md5_encoded": "b76bb60c800e72f89acae44c0b1ed879"
    },
    "tags": {
        "file_name": "Lithuania_I_ve Been Waiting for This Night_Donny Montell.mp3",
        "encoding": ["Lavf58.29.100"]
    }
},
"lowlevel": {
    "average_loudness": 0.968398332596,
    "barkbands_crest": {
        "max": 24.0297050476,
        "mean": 11.2708625793,
        "min": 2.52802681923,
        "stdev": 4.93833684921
    },
    "barkbands_flatness_db": {
        "max": 0.234470337629,
        "mean": 0.11803432554,
        "min": 0.0409533306956,
        "stdev": 0.0316211879253
    },
    "barkbands_kurtosis": {
        "max": 31.1684875488,
        "mean": 0.874514520168,
        "min": -1.75779938698,
        "stdev": 2.93263030052
    },
    "barkbands_skewness": {
        "max": 5.42950677872,
        "mean": 0.957317471504,
        "min": -1.086794734,
        "stdev": 0.815540254116
    },
    "barkbands_spread": {
        "max": 99.5670394897,
        "mean": 32.911857605,
        "min": 5.69365549088,
        "stdev": 12.5417766571
    },
    "dissonance": {
        "max": 0.499959349632,
        "mean": 0.475831389427,
        "min": 0.385348558426,
        "stdev": 0.017954621464
    },
    "dynamic_complexity": 1.54355442524,
    "erbbands_crest": {
        "max": 29.7888355255,
        "mean": 9.01434230804,
        "min": 2.57829403877,
        "stdev": 4.40801954269
    },
    "erbbands_flatness_db": {
        "max": 0.267321705818,
        "mean": 0.14569580555,
        "min": 0.0669234618545,
        "stdev": 0.028973069042
    },
    "erbbands_kurtosis": {
        "max": 23.6456279755,
        "mean": 0.656302392483,
        "min": -1.54028332233,
        "stdev": 1.61313128471
    },
    "erbbands_skewness": {
        "max": 4.31532764435,
        "mean": 0.241296544671,
        "min": -1.74722242355,
        "stdev": 0.661006331444
    },
    "erbbands_spread": {
        "max": 91.4201507568,
        "mean": 32.8953018188,
        "min": 5.76899147034,
        "stdev": 12.2812986374
    },
    "hfc": {
        "max": 149.563400269,
        "mean": 36.959400177,
        "min": 0.48157119751,
        "stdev": 20.9124717712
    },
    "loudness_ebu128": {
        "integrated": -17.5510559082,
        "loudness_range": 2.18292808533,
        "momentary": {
            "max": -15.3270359039,
            "mean": -17.6430778503,
            "min": -19.6064147949,
            "stdev": 0.888446033001
        },
        "short_term": {
            "max": -15.9783191681,
            "mean": -17.5824394226,
            "min": -18.7112140656,
            "stdev": 0.666898608208
        }
    },
    "melbands_crest": {
        "max": 31.9486160278,
        "mean": 16.0583515167,
        "min": 4.67633676529,
        "stdev": 6.06630706787
    },
    "melbands_flatness_db": {
        "max": 0.311966240406,
        "mean": 0.156975820661,
        "min": 0.0435469076037,
        "stdev": 0.0444112569094
    },
    "melbands_kurtosis": {
        "max": 108.610939026,
        "mean": 6.98962497711,
        "min": -1.38479530811,
        "stdev": 10.2235870361
    },
    "melbands_skewness": {
        "max": 9.30630111694,
        "mean": 2.08094477654,
        "min": -0.952888727188,
        "stdev": 1.36041784286
    },
    "melbands_spread": {
        "max": 127.586936951,
        "mean": 34.5066299438,
        "min": 3.43834519386,
        "stdev": 15.4880981445
    },
    "pitch_salience": {
        "max": 0.807996928692,
        "mean": 0.483246445656,
        "min": 0.134581193328,
        "stdev": 0.11598533392
    },
    "silence_rate_20dB": {
        "max": 1,
        "mean": 1,
        "min": 1,
        "stdev": 0
    },
    "silence_rate_30dB": {
        "max": 1,
        "mean": 0.988579571247,
        "min": 0,
        "stdev": 0.106255091727
    },
    "silence_rate_60dB": {
        "max": 0,
        "mean": 0,
        "min": 0,
        "stdev": 0
    },
    "spectral_centroid": {
        "max": 3834.23168945,
        "mean": 1925.24182129,
        "min": 782.86529541,
        "stdev": 415.293640137
    },
    "spectral_complexity": {
        "max": 53,
        "mean": 30.3019275665,
        "min": 1,
        "stdev": 6.65416669846
    },
    "spectral_decrease": {
        "max": -2.5004917581e-10,
        "mean": -1.02971444704e-08,
        "min": -4.26022523925e-08,
        "stdev": 5.61771074103e-09
    },
    "spectral_energy": {
        "max": 0.165458396077,
        "mean": 0.0422161407769,
        "min": 0.000987422768958,
        "stdev": 0.0219573639333
    },
    "spectral_energyband_high": {
        "max": 0.0163262393326,
        "mean": 0.00183482153807,
        "min": 1.42387752931e-05,
        "stdev": 0.00226690433919
    },
    "spectral_energyband_low": {
        "max": 0.143229365349,
        "mean": 0.0203924495727,
        "min": 0.000570334494114,
        "stdev": 0.0191794279963
    },
    "spectral_energyband_middle_high": {
        "max": 0.0815875083208,
        "mean": 0.0120725538582,
        "min": 0.000116775285278,
        "stdev": 0.00869980175048
    },
    "spectral_energyband_middle_low": {
        "max": 0.0884049162269,
        "mean": 0.00843792501837,
        "min": 0.000272213626886,
        "stdev": 0.007367241662
    },
    "spectral_entropy": {
        "max": 8.69481658936,
        "mean": 7.95339870453,
        "min": 7.25126504898,
        "stdev": 0.203185677528
    },
    "spectral_flux": {
        "max": 0.296022444963,
        "mean": 0.117331691086,
        "min": 0.047744885087,
        "stdev": 0.0347786471248
    },
    "spectral_kurtosis": {
        "max": 11.8987493515,
        "mean": 2.78645586967,
        "min": -0.765592575073,
        "stdev": 1.1516443491
    },
    "spectral_rms": {
        "max": 0.0127052282915,
        "mean": 0.00621902104467,
        "min": 0.000981498509645,
        "stdev": 0.00158438843209
    },
    "spectral_rolloff": {
        "max": 9733.0078125,
        "mean": 1837.37316895,
        "min": 64.599609375,
        "stdev": 1344.88720703
    },
    "spectral_skewness": {
        "max": 2.65183568001,
        "mean": 1.28449821472,
        "min": 0.39339157939,
        "stdev": 0.233242556453
    },
    "spectral_spread": {
        "max": 17494776,
        "mean": 4806541,
        "min": 2826831.75,
        "stdev": 1126614.5
    },
    "spectral_strongpeak": {
        "max": 17.3069114685,
        "mean": 1.02595078945,
        "min": 0,
        "stdev": 1.48852229118
    },
    "zerocrossingrate": {
        "max": 0.24560546875,
        "mean": 0.0713737532496,
        "min": 0.009765625,
        "stdev": 0.0280053894967
    },
    "barkbands": {
        "max": [0.00400092592463, 0.138307482004, 0.0188606120646, 0.00730059295893, 0.0204779487103, 0.0185158215463, 0.0174395665526, 0.0195499584079, 0.0835903733969, 0.0780397877097, 0.0249842703342, 0.0318344086409, 0.0123986713588, 0.0132516659796, 0.0117252208292, 0.024235310033, 0.00824166927487, 0.00482762930915, 0.00275129708461, 0.00385352270678, 0.00808878056705, 0.00576412444934, 0.00295946071856, 0.00692586833611, 0.00516598438844, 0.00126227305736, 5.54244252271e-06],
        "mean": [0.000578259117901, 0.0174275841564, 0.00219822023064, 0.000449419545475, 0.00104292144533, 0.00124212633818, 0.000986894941889, 0.000566387956496, 0.00349975703284, 0.00294063263573, 0.00141133135185, 0.00173039420042, 0.00125932996161, 0.00104805466253, 0.000928679015487, 0.000978372409008, 0.000683120801114, 0.000616025121417, 0.000497136323247, 0.000531013589352, 0.000440302857896, 0.000329990172759, 0.000295142526738, 0.000281316344626, 0.000210203230381, 4.35248439317e-05, 2.63031036951e-08],
        "min": [7.39939196137e-07, 0.00013309631322, 3.87572299587e-06, 3.57733733836e-06, 3.22666746797e-05, 6.1813893808e-06, 4.85292912344e-06, 3.11931398755e-06, 2.402195787e-05, 6.87512056174e-06, 4.22773382525e-06, 1.52637094288e-05, 3.38084532814e-06, 4.14553551309e-06, 1.83117081178e-05, 1.18258194561e-05, 1.21866887639e-05, 1.94215735974e-05, 1.10917208076e-05, 4.34768799096e-06, 2.8872175335e-06, 3.29317458636e-06, 2.28799399338e-06, 2.21461777983e-06, 1.02481976683e-06, 5.50188090642e-08, 6.84109088822e-11],
        "stdev": [0.000636696349829, 0.0183417536318, 0.00235476880334, 0.000666060426738, 0.0014177900739, 0.00192852655891, 0.0018469778588, 0.00143282429781, 0.00609901314601, 0.00625961972401, 0.0026542916894, 0.00325856474228, 0.00147618562914, 0.00141125184018, 0.0010594293708, 0.00179930683225, 0.000806297350209, 0.000529541866854, 0.000341764913173, 0.000471171981189, 0.000733306864277, 0.000572591088712, 0.000305752560962, 0.000484577380121, 0.000522864807863, 0.000120243203128, 2.74644975207e-07]
    },
    "erbbands": {
        "max": [4.4641122818, 28.5847187042, 28.9694843292, 15.3349924088, 29.8273162842, 94.9041900635, 159.082260132, 195.569458008, 319.086975098, 163.149246216, 544.14453125, 2583.54589844, 1407.98327637, 2758.65649414, 1149.02124023, 1342.84899902, 547.969543457, 978.281799316, 669.687011719, 761.987976074, 1616.09838867, 365.912994385, 325.627685547, 132.391189575, 176.636566162, 218.258712769, 124.439971924, 483.028991699, 225.796661377, 127.296112061, 91.6129226685, 106.345367432, 156.000442505, 78.8323974609, 34.7289810181, 9.88173389435, 2.05368232727, 0.100248351693, 0.00245666550472, 0.000350653048372],
        "mean": [0.549075901508, 3.63252210617, 3.85330057144, 1.5847042799, 2.40555739403, 3.66781020164, 6.43810844421, 11.2559566498, 16.3320655823, 8.40969657898, 22.3453903198, 80.3700408936, 86.3480300903, 77.4799728394, 74.6913223267, 60.5721130371, 60.350112915, 48.771938324, 56.4952507019, 50.8105430603, 52.2500228882, 35.97914505, 35.6860847473, 25.9303951263, 28.6508274078, 25.915222168, 16.4311790466, 18.2203502655, 12.5091762543, 9.23255443573, 8.59363174438, 6.70648288727, 4.1756272316, 2.63533163071, 1.32047951221, 0.369406253099, 0.044507805258, 0.0014992072247, 8.48305426189e-05, 5.88491784583e-05],
        "min": [0.00432570045814, 0.0366346687078, 0.066751241684, 0.062260068953, 0.0359278768301, 0.0749226883054, 0.0964568927884, 0.063684284687, 0.22983661294, 0.210946291685, 0.582191646099, 0.580137073994, 0.309085816145, 0.258455753326, 0.221680238843, 1.07354950905, 0.229530990124, 0.232510983944, 0.593462467194, 1.11708056927, 0.453284919262, 0.803818106651, 1.00978338718, 0.616618871689, 0.541361451149, 0.229566991329, 0.174932479858, 0.0801684036851, 0.10315721482, 0.148004874587, 0.0442488119006, 0.0333942212164, 0.0412568412721, 0.0164655670524, 0.00574140623212, 0.00159422517754, 0.000408065650845, 2.65526814474e-05, 9.62223020906e-06, 3.66166273125e-06],
        "stdev": [0.636458575726, 3.92578363419, 3.74799323082, 1.80234622955, 2.87528920174, 5.6673374176, 11.8520126343, 17.8430633545, 31.985250473, 12.2348661423, 42.1781959534, 154.053619385, 165.628356934, 153.766784668, 117.143791199, 98.0870742798, 67.0903625488, 77.1240081787, 61.6207046509, 69.2537841797, 103.557304382, 38.0920791626, 29.3708953857, 17.383518219, 20.4054450989, 23.3225288391, 14.3540325165, 41.5189552307, 23.782081604, 12.3561592102, 8.73380374908, 8.74440765381, 9.32929229736, 6.64571428299, 3.50793766975, 0.980434715748, 0.141550466418, 0.00647520786151, 0.000185583776329, 3.2597068639e-05]
    },
    "gfcc": {
        "mean": [55.7436332703, 76.8118667603, -135.312332153, 46.5378875732, -58.2782173157, 42.0303573608, -29.4076461792, 26.7436714172, -19.6329154968, 8.20621967316, -9.53439903259, 1.79352867603, -1.60177159309],
        "cov": [[508.126800537, -163.461715698, 30.3760662079, 7.9004573822, -81.9501419067, 40.8354110718, -8.77687072754, -8.72198486328, -25.1184482574, -8.05945110321, -34.9528274536, 10.8575716019, -8.47474575043], [-163.461715698, 345.529846191, -87.3766937256, -10.6366043091, 48.6363105774, -48.5009384155, 57.9663848877, -16.8975906372, 34.2548179626, -31.9395503998, 62.9801521301, -31.9748458862, 7.2657699585], [30.3760662079, -87.3766937256, 258.276702881, 73.6146850586, 27.8111190796, 8.29351711273, -54.3312034607, -3.88649201393, -6.60668802261, 32.3198547363, -28.792924881, 41.8768882751, 5.61943912506], [7.9004573822, -10.6366043091, 73.6146850586, 137.633789062, 52.3169822693, -18.2576656342, -26.0214004517, -17.0430183411, 16.940826416, -0.709483265877, -13.2539253235, 12.3443746567, 13.0883178711], [-81.9501419067, 48.6363105774, 27.8111190796, 52.3169822693, 132.832061768, 34.430393219, 6.22310113907, 18.0716609955, 23.5251502991, 8.04523563385, 16.6438751221, -1.81804525852, 8.12464332581], [40.8354110718, -48.5009384155, 8.29351711273, -18.2576656342, 34.430393219, 131.865264893, 72.2279434204, 11.5281887054, -11.884522438, 0.844483554363, 19.7907161713, -14.3189630508, -7.95596551895], [-8.77687072754, 57.9663848877, -54.3312034607, -26.0214004517, 6.22310113907, 72.2279434204, 165.524414062, 22.2829780579, -10.3811674118, -17.395401001, 21.1381645203, -20.7594299316, -20.7653999329], [-8.72198486328, -16.8975906372, -3.88649201393, -17.0430183411, 18.0716609955, 11.5281887054, 22.2829780579, 79.2607955933, 37.6587905884, 1.103941679, 1.18680894375, -8.39892482758, 10.8497247696], [-25.1184482574, 34.2548179626, -6.60668802261, 16.940826416, 23.5251502991, -11.884522438, -10.3811674118, 37.6587905884, 81.5155639648, 20.7821044922, 12.4248418808, -4.73444843292, 18.5124015808], [-8.05945110321, -31.9395503998, 32.3198547363, -0.709483265877, 8.04523563385, 0.844483554363, -17.395401001, 1.103941679, 20.7821044922, 58.1290855408, 14.9584026337, 13.5612421036, -2.40317893028], [-34.9528274536, 62.9801521301, -28.792924881, -13.2539253235, 16.6438751221, 19.7907161713, 21.1381645203, 1.18680894375, 12.4248418808, 14.9584026337, 82.3845062256, 14.3483343124, 9.71090507507], [10.8575716019, -31.9748458862, 41.8768882751, 12.3443746567, -1.81804525852, -14.3189630508, -20.7594299316, -8.39892482758, -4.73444843292, 13.5612421036, 14.3483343124, 60.1397094727, 21.6980762482], [-8.47474575043, 7.2657699585, 5.61943912506, 13.0883178711, 8.12464332581, -7.95596551895, -20.7653999329, 10.8497247696, 18.5124015808, -2.40317893028, 9.71090507507, 21.6980762482, 55.6167297363]],
        "icov": [[0.00272878375836, 0.000455520523246, 0.000239273329498, -0.00124158302788, 0.00236923270859, -0.00195489660837, 0.00063227058854, -0.000396805087803, -0.000201952308998, 0.00054861366516, 0.000537491054274, -0.000899152131751, 0.000659898505546], [0.000455520523246, 0.0119768930599, -0.00309518515132, 0.00684269843623, -0.00809170119464, 0.0125437891111, -0.00840607844293, 0.0119121046737, -0.00852533057332, 0.00990455038846, -0.0100304456428, 0.00945389363915, -0.00394998956472], [0.000239273329498, -0.00309518515132, 0.00779607146978, -0.00580816203728, 0.00274035451002, -0.00616045994684, 0.00445955619216, -0.00570201547816, 0.00447705434635, -0.00618506316096, 0.00549736013636, -0.007050213404, 0.00254898215644], [-0.00124158302788, 0.00684269843623, -0.00580816203728, 0.0180397871882, -0.0115383556113, 0.0113734779879, -0.00681755738333, 0.0137641737238, -0.0100832739845, 0.00935467239469, -0.00441591162235, 0.0058772508055, -0.0044210110791], [0.00236923270859, -0.00809170119464, 0.00274035451002, -0.0115383556113, 0.0194780509919, -0.0145499967039, 0.00783844571561, -0.0121122971177, 0.00539867999032, -0.00724904565141, 0.0052350545302, -0.00669369800016, 0.00380643620156], [-0.00195489660837, 0.0125437891111, -0.00616045994684, 0.0113734779879, -0.0145499967039, 0.0282287113369, -0.0151230460033, 0.0138023123145, -0.00640980806202, 0.00886349845678, -0.0133470231667, 0.0152726685628, -0.00727749476209], [0.00063227058854, -0.00840607844293, 0.00445955619216, -0.00681755738333, 0.00783844571561, -0.0151230460033, 0.0165800806135, -0.012463921681, 0.00712170824409, -0.00453272368759, 0.00541671039537, -0.00800397712737, 0.00727229239419], [-0.000396805087803, 0.0119121046737, -0.00570201547816, 0.0137641737238, -0.0121122971177, 0.0138023123145, -0.012463921681, 0.0336240455508, -0.0199554413557, 0.0131977200508, -0.00760227022693, 0.0108098881319, -0.00742621114478], [-0.000201952308998, -0.00852533057332, 0.00447705434635, -0.0100832739845, 0.00539867999032, -0.00640980806202, 0.00712170824409, -0.0199554413557, 0.0304265711457, -0.0174677874893, 0.0044008125551, -0.000674940412864, -0.00353768235072], [0.00054861366516, 0.00990455038846, -0.00618506316096, 0.00935467239469, -0.00724904565141, 0.00886349845678, -0.00453272368759, 0.0131977200508, -0.0174677874893, 0.0346007160842, -0.0121506107971, 0.00203399173915, 0.00391042605042], [0.000537491054274, -0.0100304456428, 0.00549736013636, -0.00441591162235, 0.0052350545302, -0.0133470231667, 0.00541671039537, -0.00760227022693, 0.0044008125551, -0.0121506107971, 0.0259384699166, -0.0143034001812, 0.00176890369039], [-0.000899152131751, 0.00945389363915, -0.007050213404, 0.0058772508055, -0.00669369800016, 0.0152726685628, -0.00800397712737, 0.0108098881319, -0.000674940412864, 0.00203399173915, -0.0143034001812, 0.0361043550074, -0.015253065154], [0.000659898505546, -0.00394998956472, 0.00254898215644, -0.0044210110791, 0.00380643620156, -0.00727749476209, 0.00727229239419, -0.00742621114478, -0.00353768235072, 0.00391042605042, 0.00176890369039, -0.015253065154, 0.0289348885417]]
    },
    "melbands": {
        "max": [0.0402092114091, 0.022127777338, 0.00301402271725, 0.00532509107143, 0.00441638240591, 0.00460931565613, 0.00419694092125, 0.00201644329354, 0.00408145412803, 0.0148737933487, 0.00765979662538, 0.0124476542696, 0.00414716731757, 0.00370160327293, 0.00368055235595, 0.00168697570916, 0.00162142014597, 0.00126320496202, 0.000897919700947, 0.00138591486029, 0.00178450532258, 0.000497919274494, 0.000519403605722, 0.000215361040318, 0.000116960582091, 0.0001121201567, 0.000150073261466, 0.000162477546837, 8.7573644123e-05, 0.000136760034366, 0.00031414674595, 0.00012899741705, 0.000147707600263, 4.74469452456e-05, 4.05462087656e-05, 8.33281665109e-05, 7.705311873e-05, 9.31226968532e-05, 0.000121338271128, 6.47980486974e-05],
        "mean": [0.00491988705471, 0.0028858857695, 0.000302715314319, 0.000226801246754, 0.000214183528442, 0.000254636514001, 0.000232837192016, 9.00138838915e-05, 0.000242537484155, 0.000510897079948, 0.000437114562374, 0.00033204376814, 0.000238692053244, 0.000207218690775, 0.000147736500367, 0.000112097593956, 8.59128122102e-05, 9.68957974692e-05, 5.96222089371e-05, 6.9531823101e-05, 5.76580314373e-05, 3.28656533384e-05, 4.12328336097e-05, 2.98109353025e-05, 1.92042298295e-05, 2.05468568311e-05, 2.07863140531e-05, 1.60564213729e-05, 1.0628765267e-05, 8.62525212142e-06, 1.10970358946e-05, 6.98826170265e-06, 6.16677789367e-06, 4.72875808555e-06, 4.96186885357e-06, 4.54948258266e-06, 3.98760448661e-06, 2.99589123642e-06, 2.4708035653e-06, 2.17248930312e-06],
        "min": [4.36677219113e-05, 5.45662005607e-05, 1.53677829076e-05, 6.2543272179e-06, 3.14143403557e-06, 1.4271145119e-06, 1.88439105386e-06, 1.04384002952e-06, 4.08820233133e-06, 3.29460181092e-06, 1.43794750329e-06, 1.00044053397e-06, 5.1792181921e-07, 2.5383776574e-06, 1.72669876974e-06, 2.54295713376e-07, 4.19490334025e-07, 7.85213046584e-07, 1.41728014569e-06, 1.24303653593e-06, 3.8199053165e-07, 8.11180598248e-07, 8.00723569228e-07, 9.50627622842e-07, 4.18444500383e-07, 5.44377542155e-07, 1.92024330659e-07, 1.38513684078e-07, 1.17005960476e-07, 7.11034431333e-08, 4.1606803336e-08, 5.62209905297e-08, 6.45502424845e-08, 8.40903808808e-08, 2.24487877176e-08, 2.19155147363e-08, 1.73787864099e-08, 2.73684204188e-08, 2.98971372104e-08, 8.60891180565e-09],
        "stdev": [0.00538678327575, 0.00271690008231, 0.000322494626744, 0.000297575199511, 0.000364723789971, 0.0003949207603, 0.000447034573881, 0.000152786320541, 0.000448755396064, 0.000937698117923, 0.00087020121282, 0.000715828035027, 0.000407789077144, 0.000403518992243, 0.000245675299084, 0.000142774297274, 0.000134552930831, 0.000116389928735, 7.19966410543e-05, 0.000114631111501, 0.00011589909991, 3.84444647352e-05, 4.88139667141e-05, 2.56906841969e-05, 1.39461963045e-05, 1.41385653478e-05, 1.73679800355e-05, 1.67396974575e-05, 9.22839171835e-06, 1.15961547635e-05, 2.77786748484e-05, 1.28954206957e-05, 1.14793847388e-05, 5.53397467229e-06, 4.86392536914e-06, 5.61510796615e-06, 5.68510358789e-06, 6.12450094195e-06, 7.03368641553e-06, 5.55072119823e-06]
    },
    "melbands128": {
        "max": [0.00399584183469, 0.031822219491, 0.0648492947221, 0.0463319718838, 0.0224130880088, 0.00703938864172, 0.00352858938277, 0.00408332794905, 0.00317419227213, 0.00848030112684, 0.00586104532704, 0.00563385803252, 0.00734462682158, 0.00549748260528, 0.00676365382969, 0.00858864374459, 0.00851463712752, 0.00611827895045, 0.00320069026202, 0.00190183217637, 0.00388978375122, 0.00592496665195, 0.00580210145563, 0.0109729934484, 0.0320953987539, 0.0141715910286, 0.0172260161489, 0.0102941654623, 0.0184944458306, 0.027920814231, 0.00751089258119, 0.00499539449811, 0.0086314426735, 0.006247933954, 0.00930376816541, 0.00313796824776, 0.00659292843193, 0.0060064252466, 0.00333304703236, 0.00251006311737, 0.00164654268883, 0.00646384526044, 0.00182087311987, 0.00105775205884, 0.00369921280071, 0.00223262887448, 0.00152008945588, 0.000888877315447, 0.00227746623568, 0.0024569677189, 0.00272627850063, 0.00219835527241, 0.00449213990942, 0.00132947380189, 0.00143405352719, 0.000992222223431, 0.000628246925771, 0.00131008250173, 0.000620650709607, 0.000640363665298, 0.00035470208968, 0.00041852510185, 0.000152292457642, 0.000218479399337, 0.000160518407938, 0.000185658980627, 0.000305584369926, 0.000247105985181, 0.000226682910579, 0.000167680904269, 0.000228875462199, 0.000269315263722, 9.05249762582e-05, 0.000101884295873, 9.04734915821e-05, 9.58795353654e-05, 0.000137636656291, 0.000524730770849, 0.000371699599782, 0.000155073328642, 0.000189433034393, 0.000101437253761, 0.000199138405151, 0.000188767910004, 8.77803686308e-05, 7.21352844266e-05, 5.06128599227e-05, 5.52493147552e-05, 5.47365780221e-05, 6.43654784653e-05, 0.000137166309287, 8.85413755896e-05, 5.46288356418e-05, 0.000103993355879, 0.000142033575685, 8.45914255478e-05, 0.000103548758489, 0.000212920276681, 0.000122910161735, 0.000128273561131, 6.21055805823e-05, 8.25655224617e-05, 7.82676579547e-05, 6.93382826285e-05, 4.90519669256e-05, 5.98889673711e-05, 3.20044855471e-05, 2.16815933527e-05, 3.09560164169e-05, 1.56770165631e-05, 1.85062635865e-05, 1.13710457299e-05, 6.74933789924e-06, 4.4791900109e-06, 1.80872405053e-06, 8.13970189029e-07, 3.29302679347e-07, 2.6483959914e-08, 2.55586130038e-08, 2.46872406962e-08, 2.39048549844e-08, 2.32428156721e-08, 2.2681746259e-08, 2.22015170692e-08, 2.17927365043e-08, 2.15208011412e-08, 2.1288411034e-08, 2.11510737813e-08],
        "mean": [0.000534512626473, 0.00413971208036, 0.00722198514268, 0.00565919512883, 0.00270583853126, 0.000802745635156, 0.000270891439868, 0.000220405432628, 0.000231382931815, 0.000268079224043, 0.000192695413716, 0.000157879592734, 0.000186473000213, 0.000326775189023, 0.000284448935417, 0.000173931839527, 0.000265695794951, 0.000302722794004, 0.000116163369967, 6.05561908742e-05, 8.6627122073e-05, 0.000134228845127, 0.000150018197019, 0.000457627233118, 0.000682139361743, 0.000403127429308, 0.000492114864755, 0.000366795196896, 0.000481639959617, 0.000493334257044, 0.000184065807844, 0.000192809966393, 0.000298556697089, 0.000180385439307, 0.000322614330798, 0.000171723251697, 0.000104370788904, 0.000142206554301, 0.000196908731596, 0.000123662597616, 6.18738631601e-05, 0.000147610102431, 7.23426783225e-05, 5.06656324433e-05, 0.000126270722831, 0.000102919999335, 8.11010904727e-05, 3.59036857844e-05, 5.51606754016e-05, 9.74386712187e-05, 5.41836598131e-05, 6.26260662102e-05, 8.1997277448e-05, 4.51144733233e-05, 3.15305187542e-05, 2.560260873e-05, 3.18102720485e-05, 6.66674823151e-05, 3.11761868943e-05, 2.26186730288e-05, 3.55536649295e-05, 3.14761673508e-05, 1.65263954841e-05, 1.54699864652e-05, 2.39681539824e-05, 1.7035552446e-05, 2.25369803957e-05, 2.20014117076e-05, 1.90860537259e-05, 2.09719219129e-05, 1.80439947144e-05, 1.29460577227e-05, 9.94487163553e-06, 1.18454327094e-05, 8.95509128895e-06, 6.81718211126e-06, 8.27643634693e-06, 1.36604321597e-05, 1.22292594824e-05, 7.90089507063e-06, 7.5491698226e-06, 5.76928005103e-06, 7.24751726011e-06, 6.58501903672e-06, 5.10344216309e-06, 4.57424448541e-06, 4.75320575788e-06, 4.52769654657e-06, 5.06168589709e-06, 5.22355003341e-06, 4.9052423492e-06, 4.23902883995e-06, 4.17750834458e-06, 4.10183019994e-06, 3.91856792703e-06, 3.20189201375e-06, 2.724762453e-06, 2.76743958239e-06, 2.51221763392e-06, 2.37681956605e-06, 2.09453628486e-06, 2.16475632442e-06, 2.22879657485e-06, 1.87145121799e-06, 1.49653214976e-06, 1.23782285755e-06, 9.0681879783e-07, 7.42861288927e-07, 6.32179762761e-07, 4.53045231552e-07, 3.59551165729e-07, 1.82315886832e-07, 5.56958887898e-08, 2.85617716145e-08, 8.73703065452e-09, 4.53203696793e-09, 1.17304044256e-09, 2.79832199079e-11, 2.66898812079e-11, 2.58346191662e-11, 2.50697657078e-11, 2.4434176904e-11, 2.3871848942e-11, 2.3386174941e-11, 2.28800433461e-11, 2.24200293747e-11, 2.20962883407e-11, 2.19461237377e-11],
        "min": [1.52812802412e-08, 2.06452114071e-06, 2.145718463e-05, 3.8951926399e-05, 1.67310772667e-05, 1.15032253234e-06, 2.33572768593e-06, 1.39118276365e-06, 1.17336935546e-06, 1.97081817532e-06, 6.65951631618e-07, 4.62346804397e-07, 6.33803892924e-07, 8.77709453562e-07, 3.06804224692e-07, 2.51247712413e-07, 7.81490371082e-07, 6.84687108787e-07, 2.23234536634e-07, 3.1973971204e-07, 2.00819442853e-07, 2.24153836825e-07, 7.04511023741e-07, 9.99831172521e-07, 9.8350949429e-07, 7.4957841889e-07, 2.71659388318e-07, 3.04364363046e-07, 5.64725269214e-07, 8.37218749439e-07, 1.36803373607e-06, 7.9418077803e-07, 3.71298654045e-07, 1.12400414309e-07, 7.40658208542e-07, 4.17819705945e-07, 4.95735832828e-07, 1.02352043996e-06, 3.99662269501e-07, 7.65137357917e-08, 2.80813054587e-07, 4.04764961104e-07, 4.32972797171e-07, 4.83479652758e-07, 2.3995733045e-07, 9.06232060061e-07, 9.60157649388e-07, 4.86697331326e-07, 1.53324617713e-06, 2.13225666812e-06, 9.40433324104e-07, 5.30037652879e-07, 3.08705807583e-07, 3.38828783697e-07, 3.04038593413e-07, 4.80515382151e-07, 3.93248456021e-07, 4.23207382028e-07, 7.5396462762e-07, 2.97962515106e-07, 9.96619519356e-07, 9.51444576458e-07, 3.86185064372e-07, 2.12332054161e-07, 5.09915651037e-07, 7.39500364944e-07, 4.38957044935e-07, 2.22058631039e-07, 8.78125732129e-08, 2.46704587425e-07, 8.04879647376e-08, 1.49931111082e-07, 1.36045969157e-07, 7.71615944473e-08, 1.47926570548e-07, 8.49956336424e-08, 3.46762192294e-08, 2.42536071227e-08, 5.24472270058e-08, 5.24396703838e-08, 2.20737561563e-08, 1.04652713162e-07, 2.2851631698e-08, 2.80931651275e-08, 7.2048649713e-08, 6.99276441196e-08, 6.96480455531e-08, 2.44768418867e-08, 2.28852687911e-08, 1.6375599543e-08, 1.5312700441e-08, 3.05302094716e-08, 1.93847693453e-08, 2.3506242286e-08, 5.97014837567e-09, 2.05932284558e-08, 1.10086686433e-08, 3.08879002375e-08, 4.38691110105e-08, 9.86485670929e-10, 9.21969167678e-09, 4.16471523934e-09, 7.59401963535e-09, 3.80298992297e-09, 8.58125837055e-09, 1.49055656706e-09, 5.34146638032e-09, 9.61617674378e-10, 2.11069328682e-10, 2.13248984443e-11, 2.79002103538e-12, 7.20712118457e-13, 4.22026264846e-13, 2.61354767038e-13, 2.14224783203e-13, 2.55150880892e-13, 2.12828425673e-13, 2.63628474519e-13, 2.29206492111e-13, 2.28741071223e-13, 1.99255339333e-13, 2.26810852543e-13, 2.18028259292e-13, 2.31676955181e-13, 1.56920483552e-13, 6.92432900297e-14, 8.53033074543e-15, 4.31160284232e-16],
        "stdev": [0.000604549481068, 0.00508408015594, 0.00879594869912, 0.00606526387855, 0.00274916971102, 0.000847189861815, 0.000380029698135, 0.000334790616762, 0.000312611518893, 0.00043035892304, 0.000350537186023, 0.000396100018406, 0.000483390991576, 0.000608150323387, 0.000555618375074, 0.000440279429313, 0.00070009380579, 0.000629031914286, 0.000229226658121, 0.000131095439428, 0.000242520414758, 0.000398434029194, 0.000452836917248, 0.00104320491664, 0.00180267204996, 0.000959220458753, 0.0013905770611, 0.0010135488119, 0.00144067138899, 0.00148845720105, 0.00043015339179, 0.000438651768491, 0.000687630788889, 0.000446526973974, 0.000838261970785, 0.000388833665056, 0.00033915421227, 0.000414081034251, 0.000303412933135, 0.000203663716093, 0.000124722559121, 0.000418138224632, 0.000164928060258, 8.17414038465e-05, 0.000220243091462, 0.000168435275555, 0.000131317676278, 6.42903833068e-05, 0.000134454734507, 0.000174447428435, 0.000166665689903, 0.000201221002499, 0.00024775826023, 8.82251188159e-05, 7.25031713955e-05, 4.58161302959e-05, 5.07215117977e-05, 0.000104693768662, 5.27064839844e-05, 3.38130303135e-05, 4.05755636166e-05, 3.64163606719e-05, 1.70227031049e-05, 1.73344760697e-05, 2.2426371288e-05, 1.61322222993e-05, 2.39971159317e-05, 2.7133133699e-05, 2.35966454056e-05, 2.14048686757e-05, 2.14095980482e-05, 2.11079332075e-05, 1.0189070963e-05, 1.16690098366e-05, 8.27256008051e-06, 7.00167493051e-06, 1.24454563775e-05, 4.15094764321e-05, 3.4064760257e-05, 1.22666615425e-05, 1.69027443917e-05, 9.51575566432e-06, 1.60834442795e-05, 1.39546591527e-05, 7.56043709771e-06, 6.72583337291e-06, 5.34590844836e-06, 5.26797066414e-06, 5.27034990228e-06, 5.74309524382e-06, 6.89232138029e-06, 6.3987536123e-06, 5.34321225132e-06, 6.49185221846e-06, 6.75061119182e-06, 5.96494464844e-06, 5.99625218456e-06, 9.6334324553e-06, 7.2541361078e-06, 6.90701835993e-06, 5.31890464117e-06, 6.15013095739e-06, 5.81686254009e-06, 5.05913385496e-06, 4.39947143605e-06, 4.07303014072e-06, 2.58258046415e-06, 2.08049345929e-06, 1.86763486454e-06, 1.24333098483e-06, 1.00533122804e-06, 5.87666875163e-07, 3.8649827161e-07, 2.29010794328e-07, 8.05993636277e-08, 3.82292775214e-08, 1.23038619293e-08, 7.07786440568e-10, 6.8308397827e-10, 6.59813204074e-10, 6.38918196127e-10, 6.21238060994e-10, 6.06247774204e-10, 5.93425864004e-10, 5.82502879265e-10, 5.75240688416e-10, 5.69038705045e-10, 5.65371471861e-10]
    },
    "mfcc": {
        "mean": [-575.143798828, 94.2723464966, -8.00310325623, 14.3336582184, 6.16792011261, 12.6737232208, 11.7545223236, 15.1903018951, 7.60552597046, 12.2042818069, 2.16793584824, 3.71544122696, 1.91867375374],
        "cov": [[531.835327148, -160.300231934, 22.2497997284, -45.6559371948, -67.700050354, 10.2326030731, -11.6752786636, 9.18909358978, -0.486936211586, -12.4771928787, -16.465013504, -18.5247840881, -18.759311676], [-160.300231934, 289.394500732, -80.1818237305, 15.039481163, -14.2036466599, -17.2668304443, 20.5961685181, 13.4628973007, -31.0922489166, 26.2739086151, 16.4911937714, 14.4164466858, 5.7715716362], [22.2497997284, -80.1818237305, 193.474822998, 32.0377693176, 33.3570022583, 21.1331481934, -21.7520847321, -18.3818454742, 10.0628089905, -34.2404174805, -5.12812900543, -4.61622428894, 1.80957221985], [-45.6559371948, 15.039481163, 32.0377693176, 155.523376465, 51.3285827637, 0.683612048626, -41.5765724182, -9.98787975311, 9.3623008728, -27.6726570129, -2.98155975342, -0.918030142784, 7.32274436951], [-67.700050354, -14.2036466599, 33.3570022583, 51.3285827637, 170.173721313, 1.36654055119, -34.3606834412, -19.0588741302, 26.4132595062, -3.29553580284, -16.7606983185, 20.8721790314, 26.8830909729], [10.2326030731, -17.2668304443, 21.1331481934, 0.683612048626, 1.36654055119, 104.264274597, 54.7950515747, 11.3091020584, -4.86790180206, -3.87435221672, 16.0067977905, 6.30021333694, -5.46893501282], [-11.6752786636, 20.5961685181, -21.7520847321, -41.5765724182, -34.3606834412, 54.7950515747, 126.251953125, 52.3871307373, -7.74660158157, 19.4695644379, 25.492067337, 3.88510942459, -7.28948736191], [9.18909358978, 13.4628973007, -18.3818454742, -9.98787975311, -19.0588741302, 11.3091020584, 52.3871307373, 74.4205780029, 19.6303806305, 19.4905319214, 8.77342510223, -1.53796601295, -6.09048986435], [-0.486936211586, -31.0922489166, 10.0628089905, 9.3623008728, 26.4132595062, -4.86790180206, -7.74660158157, 19.6303806305, 77.8473815918, 22.562204361, 0.238149940968, -0.361483752728, 3.70296049118], [-12.4771928787, 26.2739086151, -34.2404174805, -27.6726570129, -3.29553580284, -3.87435221672, 19.4695644379, 19.4905319214, 22.562204361, 70.7424087524, 21.3098011017, 5.61727428436, -3.01903676987], [-16.465013504, 16.4911937714, -5.12812900543, -2.98155975342, -16.7606983185, 16.0067977905, 25.492067337, 8.77342510223, 0.238149940968, 21.3098011017, 57.1387672424, 21.4256896973, -1.74413597584], [-18.5247840881, 14.4164466858, -4.61622428894, -0.918030142784, 20.8721790314, 6.30021333694, 3.88510942459, -1.53796601295, -0.361483752728, 5.61727428436, 21.4256896973, 52.2799110413, 27.1685600281], [-18.759311676, 5.7715716362, 1.80957221985, 7.32274436951, 26.8830909729, -5.46893501282, -7.28948736191, -6.09048986435, 3.70296049118, -3.01903676987, -1.74413597584, 27.1685600281, 53.1917648315]],
        "icov": [[0.00255631795153, 0.00146964157466, 7.48154707253e-05, 0.000363549974281, 0.00109928543679, -0.000536571838893, 0.0010445836233, -0.00104279443622, 0.000568616960663, -0.000260869157501, 0.000752813590225, -0.000385771767469, 0.000269825133728], [0.00146964157466, 0.00538907246664, 0.00143821560778, -0.00124069128651, 0.000680340046529, 0.000708189792931, -0.00012795549992, -0.0010811558459, 0.00278476346284, -0.00202565989457, 0.000297017744742, -0.00106630299706, -0.000111385619675], [7.48154707253e-05, 0.00143821560778, 0.00678668916225, -0.000455846718978, -0.000904772721697, -0.00132964958902, 0.000690853397828, 0.000518845859915, -0.000870179384947, 0.00278456439264, -0.00157497695182, 0.00118181214202, -0.000259797496255], [0.000363549974281, -0.00124069128651, -0.000455846718978, 0.00934514403343, -0.00242074974813, -0.00164364161901, 0.00413491250947, -0.00244578276761, -0.00102716963738, 0.00442442344502, -0.00353767257184, 0.00281398883089, -0.000897771038581], [0.00109928543679, 0.000680340046529, -0.000904772721697, -0.00242074974813, 0.00912961084396, -0.00114215072244, 0.000623670115601, 0.00163680268452, -0.00218046666123, -0.00216645863838, 0.00486112432554, -0.00453806295991, -0.00127462774981], [-0.000536571838893, 0.000708189792931, -0.00132964958902, -0.00164364161901, -0.00114215072244, 0.0147550459951, -0.00860821269453, 0.00289611262269, -0.000142153643537, 0.00138838670682, -0.00137644691858, -0.00188961450476, 0.00226036063395], [0.0010445836233, -0.00012795549992, 0.000690853397828, 0.00413491250947, 0.000623670115601, -0.00860821269453, 0.019455133006, -0.0120814172551, 0.00383744528517, -0.000446001882665, -0.00437919143587, 0.00229855393991, -0.00173796340823], [-0.00104279443622, -0.0010811558459, 0.000518845859915, -0.00244578276761, 0.00163680268452, 0.00289611262269, -0.0120814172551, 0.0243252664804, -0.00749725848436, -0.00181175151374, 0.00250075478107, -0.00128993811086, 0.0018286727136], [0.000568616960663, 0.00278476346284, -0.000870179384947, -0.00102716963738, -0.00218046666123, -0.000142153643537, 0.00383744528517, -0.00749725848436, 0.0193910300732, -0.00725726643577, 8.87306014192e-05, 0.00147547619417, -0.00168830528855], [-0.000260869157501, -0.00202565989457, 0.00278456439264, 0.00442442344502, -0.00216645863838, 0.00138838670682, -0.000446001882665, -0.00181175151374, -0.00725726643577, 0.023421632126, -0.00905874744058, 0.00219130516052, 0.000811367819551], [0.000752813590225, 0.000297017744742, -0.00157497695182, -0.00353767257184, 0.00486112432554, -0.00137644691858, -0.00437919143587, 0.00250075478107, 8.87306014192e-05, -0.00905874744058, 0.0304034221917, -0.0163563936949, 0.00669262651354], [-0.000385771767469, -0.00106630299706, 0.00118181214202, 0.00281398883089, -0.00453806295991, -0.00188961450476, 0.00229855393991, -0.00128993811086, 0.00147547619417, 0.00219130516052, -0.0163563936949, 0.0368516892195, -0.0175186600536], [0.000269825133728, -0.000111385619675, -0.000259797496255, -0.000897771038581, -0.00127462774981, 0.00226036063395, -0.00173796340823, 0.0018286727136, -0.00168830528855, 0.000811367819551, 0.00669262651354, -0.0175186600536, 0.029218358919]]
    },
    "spectral_contrast_coeffs": {
        "max": [-0.590637803078, -0.495563715696, -0.467740952969, -0.607900679111, -0.691815972328, -0.60611975193],
        "mean": [-0.767858862877, -0.754080057144, -0.727882802486, -0.773970544338, -0.785696208477, -0.753410041332],
        "min": [-0.91701066494, -0.915376603603, -0.882837533951, -0.871297955513, -0.878506839275, -0.868495464325],
        "stdev": [0.0482159666717, 0.0693159624934, 0.0692199841142, 0.0425643436611, 0.0286146737635, 0.0333405993879]
    },
    "spectral_contrast_valleys": {
        "max": [-5.15788698196, -5.30664205551, -5.67299985886, -5.83743429184, -5.82274150848, -7.51260852814],
        "mean": [-6.40890645981, -6.53007745743, -6.76345014572, -6.84294700623, -6.76663923264, -9.34063816071],
        "min": [-8.01159000397, -7.98331689835, -8.62347316742, -8.75250816345, -8.32820129395, -10.7063961029],
        "stdev": [0.382666528225, 0.3747176826, 0.385798305273, 0.283069819212, 0.288218945265, 0.49881619215]
    }
},
"rhythm": {
    "beats_count": 72,
    "beats_loudness": {
        "max": 0.118695773184,
        "mean": 0.0440657138824,
        "min": 0.00568713154644,
        "stdev": 0.0208735689521
    },
    "bpm": 134.078567505,
    "bpm_histogram_first_peak_bpm": 133,
    "bpm_histogram_first_peak_weight": 0.507462620735,
    "bpm_histogram_second_peak_bpm": 140,
    "bpm_histogram_second_peak_spread": 0.5,
    "bpm_histogram_second_peak_weight": 0.0281690135598,
    "danceability": 1.37191009521,
    "onset_rate": 3.26074194908,
    "beats_loudness_band_ratio": {
        "max": [0.847900390625, 0.254377990961, 0.645313203335, 0.543557226658, 0.437914997339, 0.276682376862],
        "mean": [0.46352905035, 0.0622338727117, 0.139327958226, 0.170586764812, 0.106270119548, 0.0774516165257],
        "min": [0.103281028569, 0.00603847810999, 0.0141309937462, 0.0197720210999, 0.0214511770755, 0.0173985548317],
        "stdev": [0.191989287734, 0.0563143491745, 0.128861606121, 0.128725886345, 0.0819469168782, 0.0463542155921]
    },
    "beats_position": [0.406349211931, 0.835918366909, 1.25387752056, 1.67183673382, 2.11301589012, 2.55419492722, 2.99537420273, 3.43655323982, 3.87773227692, 4.33052158356, 4.78331041336, 5.22448968887, 5.66566896439, 6.11845779419, 6.57124710083, 7.02403593063, 7.47682523727, 7.91800451279, 8.35918331146, 8.80036258698, 9.25315189362, 9.70594120026, 10.1587295532, 10.6115188599, 11.0526981354, 11.4938774109, 11.9466667175, 12.3994560242, 12.840634346, 13.2934236526, 13.7462129593, 14.1873922348, 14.6285715103, 15.0813598633, 15.5341491699, 15.9753284454, 16.4165077209, 16.8692970276, 17.3220863342, 17.7632656097, 18.2160549164, 18.6688423157, 19.1100215912, 19.5512008667, 20.0039901733, 20.45677948, 20.9211788177, 21.3855781555, 21.8151473999, 22.2563266754, 22.6975059509, 23.1386852264, 23.5914726257, 24.0442619324, 24.497051239, 24.9382305145, 25.37940979, 25.8321990967, 26.2849884033, 26.7261676788, 27.1673469543, 27.6085262299, 28.0613155365, 28.5141029358, 28.9668922424, 29.4080715179, 29.8608608246, 30.3020401001, 30.7432193756, 31.1843986511, 31.6371879578, 32.0899772644],
