{
"metadata": {
    "version": {
        "essentia": "2.1-beta5",
        "essentia_git_sha": "Undefined",
        "extractor": "music 2.0"
    },
    "audio_properties": {
        "analysis": {
            "equal_loudness": 0,
            "length": 22.0009078979,
            "sample_rate": 44100,
            "start_time": 162.481628418,
            "downmix": "mix"
        },
        "bit_rate": 192000,
        "length": 184.505767822,
        "lossless": 0,
        "number_channels": 2,
        "replay_gain": -1.32838821411,
        "sample_rate": 48000,
        "codec": "mp3",
        "md5_encoded": "e940baae38f5433265c44e67bc363b72"
    },
    "tags": {
        "file_name": "United KingdomUK_You_re Not Alone_Joe _ Jake.mp3",
        "encoding": ["Lavf58.29.100"]
    }
},
"lowlevel": {
    "average_loudness": 0.951228260994,
    "barkbands_crest": {
        "max": 19.8503608704,
        "mean": 8.25182628632,
        "min": 2.9510872364,
        "stdev": 3.2268576622
    },
    "barkbands_flatness_db": {
        "max": 0.276917010546,
        "mean": 0.138827383518,
        "min": 0.0485769100487,
        "stdev": 0.0522140003741
    },
    "barkbands_kurtosis": {
        "max": 13.7343215942,
        "mean": 0.613118588924,
        "min": -1.60476505756,
        "stdev": 1.83688056469
    },
    "barkbands_skewness": {
        "max": 3.72351908684,
        "mean": 0.912757098675,
        "min": -1.22708070278,
        "stdev": 0.626826524734
    },
    "barkbands_spread": {
        "max": 79.2360458374,
        "mean": 23.7923603058,
        "min": 3.68310451508,
        "stdev": 12.4233522415
    },
    "dissonance": {
        "max": 0.499999940395,
        "mean": 0.477189183235,
        "min": 0.402017712593,
        "stdev": 0.0172903966159
    },
    "dynamic_complexity": 1.37990581989,
    "erbbands_crest": {
        "max": 26.7743453979,
        "mean": 8.60520362854,
        "min": 3.06978082657,
        "stdev": 3.41198420525
    },
    "erbbands_flatness_db": {
        "max": 0.34805765748,
        "mean": 0.193156599998,
        "min": 0.0817909613252,
        "stdev": 0.067675575614
    },
    "erbbands_kurtosis": {
        "max": 7.36433792114,
        "mean": 0.416554093361,
        "min": -1.36383390427,
        "stdev": 1.17853069305
    },
    "erbbands_skewness": {
        "max": 2.15335726738,
        "mean": 0.193140730262,
        "min": -2.10588431358,
        "stdev": 0.705981433392
    },
    "erbbands_spread": {
        "max": 67.6362991333,
        "mean": 26.9469642639,
        "min": 7.48099136353,
        "stdev": 11.6859045029
    },
    "hfc": {
        "max": 123.647926331,
        "mean": 33.5104522705,
        "min": 0.337724804878,
        "stdev": 16.1752662659
    },
    "loudness_ebu128": {
        "integrated": -19.8824577332,
        "loudness_range": 4.20993995667,
        "momentary": {
            "max": -16.5634670258,
            "mean": -20.1999988556,
            "min": -25.8190059662,
            "stdev": 1.76139998436
        },
        "short_term": {
            "max": -18.280412674,
            "mean": -20.0427036285,
            "min": -23.5905513763,
            "stdev": 1.36361753941
        }
    },
    "melbands_crest": {
        "max": 28.9133071899,
        "mean": 11.9212999344,
        "min": 4.15511131287,
        "stdev": 4.37357139587
    },
    "melbands_flatness_db": {
        "max": 0.256785541773,
        "mean": 0.161540657282,
        "min": 0.0327658690512,
        "stdev": 0.0391535125673
    },
    "melbands_kurtosis": {
        "max": 53.3738861084,
        "mean": 4.10311174393,
        "min": -1.54479074478,
        "stdev": 4.74772024155
    },
    "melbands_skewness": {
        "max": 6.68818998337,
        "mean": 1.69996058941,
        "min": -0.646188557148,
        "stdev": 0.832892656326
    },
    "melbands_spread": {
        "max": 86.8059616089,
        "mean": 28.3666553497,
        "min": 4.90612888336,
        "stdev": 13.4371747971
    },
    "pitch_salience": {
        "max": 0.900385856628,
        "mean": 0.59260058403,
        "min": 0.283433794975,
        "stdev": 0.104009017348
    },
    "silence_rate_20dB": {
        "max": 1,
        "mean": 1,
        "min": 1,
        "stdev": 0
    },
    "silence_rate_30dB": {
        "max": 1,
        "mean": 0.983140170574,
        "min": 0,
        "stdev": 0.128746017814
    },
    "silence_rate_60dB": {
        "max": 1,
        "mean": 0.00316122244112,
        "min": 0,
        "stdev": 0.0561358742416
    },
    "spectral_centroid": {
        "max": 3231.05810547,
        "mean": 1621.5369873,
        "min": 677.537902832,
        "stdev": 354.01385498
    },
    "spectral_complexity": {
        "max": 49,
        "mean": 28.6775550842,
        "min": 0,
        "stdev": 7.76521587372
    },
    "spectral_decrease": {
        "max": -5.37405536738e-11,
        "mean": -8.76927330751e-09,
        "min": -5.09636244317e-08,
        "stdev": 6.51632481308e-09
    },
    "spectral_energy": {
        "max": 0.200720071793,
        "mean": 0.0361368283629,
        "min": 0.000233462167671,
        "stdev": 0.0255565494299
    },
    "spectral_energyband_high": {
        "max": 0.0112718353048,
        "mean": 0.000993722234853,
        "min": 3.21500056089e-06,
        "stdev": 0.00117149169091
    },
    "spectral_energyband_low": {
        "max": 0.164424568415,
        "mean": 0.0118796173483,
        "min": 2.87460100168e-08,
        "stdev": 0.0206438843161
    },
    "spectral_energyband_middle_high": {
        "max": 0.0405129641294,
        "mean": 0.011979223229,
        "min": 0.000164386772667,
        "stdev": 0.00606595212594
    },
    "spectral_energyband_middle_low": {
        "max": 0.0609584078193,
        "mean": 0.0120660047978,
        "min": 6.80076555e-05,
        "stdev": 0.00707228621468
    },
    "spectral_entropy": {
        "max": 8.48505020142,
        "mean": 7.71746587753,
        "min": 6.86799764633,
        "stdev": 0.294654726982
    },
    "spectral_flux": {
        "max": 0.339926064014,
        "mean": 0.107789725065,
        "min": 0.0293050985783,
        "stdev": 0.0490058511496
    },
    "spectral_kurtosis": {
        "max": 19.8211174011,
        "mean": 5.04270458221,
        "min": -0.0833737850189,
        "stdev": 2.78094100952
    },
    "spectral_rms": {
        "max": 0.0139937289059,
        "mean": 0.0056638228707,
        "min": 0.000477250432596,
        "stdev": 0.00178228633013
    },
    "spectral_rolloff": {
        "max": 10314.4042969,
        "mean": 1874.24853516,
        "min": 129.19921875,
        "stdev": 916.082458496
    },
    "spectral_skewness": {
        "max": 3.51787567139,
        "mean": 1.69395947456,
        "min": 0.877611935139,
        "stdev": 0.447079569101
    },
    "spectral_spread": {
        "max": 10635038,
        "mean": 4063489,
        "min": 2340761.75,
        "stdev": 1122866.125
    },
    "spectral_strongpeak": {
        "max": 9.21689033508,
        "mean": 1.23606705666,
        "min": 0,
        "stdev": 1.4097032547
    },
    "zerocrossingrate": {
        "max": 0.22802734375,
        "mean": 0.0699554234743,
        "min": 0.01806640625,
        "stdev": 0.0217725783587
    },
    "barkbands": {
        "max": [0.0119834374636, 0.111204057932, 0.0608291737735, 0.015362335369, 0.0249728485942, 0.0093092340976, 0.0193405039608, 0.0126671046019, 0.036768194288, 0.0331609584391, 0.0153188994154, 0.0101113086566, 0.00829194206744, 0.0119245927781, 0.0125459460542, 0.016065614298, 0.00764316692948, 0.00364895933308, 0.00287177832797, 0.00219400739297, 0.00204847683199, 0.00186281325296, 0.00210876902565, 0.00374232442118, 0.00399871077389, 0.00245899311267, 1.35481081998e-06],
        "mean": [0.000812625337858, 0.00786021258682, 0.00280047161505, 0.00115670554806, 0.0016870314721, 0.000906682980713, 0.0016962653026, 0.00142495764885, 0.00442495988682, 0.00239245966077, 0.00161802885123, 0.000810496567283, 0.00107498874422, 0.00152671919204, 0.00139817188028, 0.00144699437078, 0.000982414465398, 0.00051736709429, 0.000423607969424, 0.000306365051074, 0.000197645989829, 0.000180567556527, 0.000164917000802, 0.00016671839694, 0.000131828652229, 2.75882557617e-05, 5.41077449512e-09],
        "min": [7.95183974223e-10, 2.26780638712e-09, 2.8281934572e-09, 1.16709699682e-08, 3.98154384129e-07, 8.38670075609e-07, 5.99268469159e-06, 1.47664504766e-05, 3.81056088372e-05, 1.22900646602e-05, 1.42312419484e-05, 1.15620332508e-05, 2.10556863749e-05, 2.98258401017e-05, 1.75420882442e-05, 5.84528652325e-06, 1.70773364516e-05, 1.28456267703e-05, 1.69507143255e-06, 9.34301624511e-07, 5.41370752671e-07, 9.05597062228e-07, 6.38856079149e-07, 2.88984608687e-07, 3.19744771105e-07, 2.0558653091e-07, 1.05087202829e-10],
        "stdev": [0.00159319385421, 0.015050358139, 0.0056882230565, 0.00191635300871, 0.001944764168, 0.001135234721, 0.00246583926491, 0.00158515234943, 0.00439057685435, 0.00345609802753, 0.00204199156724, 0.00102478731424, 0.00104580016341, 0.0014956475934, 0.0014742637286, 0.00170170282945, 0.000952255213633, 0.000465218501631, 0.000403224839829, 0.000300336629152, 0.000205647564144, 0.000213815888856, 0.000206496551982, 0.000257495907135, 0.000337950361427, 0.000107913321699, 6.20122051487e-08]
    },
    "erbbands": {
        "max": [2.72732448578, 28.5982837677, 69.970664978, 55.1306915283, 57.5359535217, 90.8321533203, 67.6627655029, 109.229225159, 172.020568848, 509.950073242, 275.164855957, 840.34362793, 1229.54797363, 477.714447021, 641.447814941, 469.172302246, 271.381622314, 533.949279785, 565.920715332, 1226.95996094, 856.026123047, 376.586303711, 154.844604492, 219.079849243, 140.695281982, 101.722991943, 93.8188323975, 73.8683013916, 57.7430686951, 55.0683097839, 63.4967193604, 70.4728546143, 66.9340209961, 52.2574386597, 28.2759380341, 14.249797821, 3.97392129898, 0.129512757063, 0.00352800497785, 0.000317973288475],
        "mean": [0.254598587751, 1.63338851929, 3.25881147385, 3.72090673447, 5.06212759018, 6.12490797043, 5.44714260101, 8.09345722198, 11.486615181, 41.8003692627, 39.3730049133, 96.2598266602, 92.0015792847, 74.9611358643, 50.0473213196, 35.2887802124, 48.0582771301, 78.6210021973, 60.7778778076, 92.1483230591, 76.1533126831, 53.8079071045, 29.6883487701, 27.5696048737, 19.9877815247, 15.2380199432, 8.76132965088, 7.44767284393, 6.49207305908, 5.34041643143, 4.70210075378, 3.72954130173, 2.67686462402, 1.7288749218, 0.799785614014, 0.232500448823, 0.0276207383722, 0.000724233104847, 5.48762182007e-05, 4.83835465275e-05],
        "min": [2.00448070586e-07, 1.83455574643e-06, 1.19821788758e-05, 9.88027022686e-05, 0.000718220253475, 0.0013274847297, 0.00091999291908, 0.0105092739686, 0.0573626793921, 0.17932985723, 0.457713544369, 0.903994619846, 0.640009760857, 0.833082437515, 0.317652672529, 0.623136520386, 1.10928082466, 1.9948810339, 0.648747086525, 0.9528465271, 0.32882925868, 1.06993556023, 0.738442778587, 0.273155897856, 0.089360371232, 0.0397177673876, 0.0190843418241, 0.0387232787907, 0.0285479649901, 0.0228453837335, 0.0144961085171, 0.00742744514719, 0.0038111647591, 0.00317403092049, 0.0025118724443, 0.00122863519937, 0.000129736406961, 8.10724395706e-06, 4.99419456901e-06, 1.87838077181e-06],
        "stdev": [0.457867801189, 3.44792556763, 6.8071808815, 6.28225421906, 6.75358772278, 8.31551361084, 7.05473852158, 10.1152162552, 15.9824256897, 60.8985900879, 34.0754547119, 96.6534194946, 125.762969971, 84.4417419434, 59.3150291443, 43.0733337402, 44.6229019165, 70.0098495483, 61.8900375366, 111.934837341, 84.596786499, 46.7658500671, 22.2197170258, 27.2224617004, 18.2774600983, 15.1513557434, 8.96893787384, 8.04383277893, 7.53883123398, 6.15587091446, 6.08305644989, 5.14878892899, 4.76994943619, 4.22785568237, 2.20062661171, 0.743534266949, 0.152164116502, 0.00487123196945, 0.000145384328789, 3.36677658197e-05]
    },
    "gfcc": {
        "mean": [25.7737350464, 70.9159317017, -165.779708862, 14.2893705368, -72.338104248, 22.0833129883, -47.3507194519, 20.8852310181, -18.8248023987, -0.0229438021779, -20.8372554779, -8.56839942932, -6.28684997559],
        "cov": [[3116.25732422, 964.134765625, 2003.00952148, 1911.38439941, 761.023010254, 594.800170898, 319.328643799, 353.316375732, 139.084671021, 402.912994385, 231.7084198, 44.6851806641, -145.935211182], [964.134765625, 1020.98986816, 933.025390625, 858.35534668, 459.966247559, 127.901000977, 56.862651825, 23.1977596283, 53.3911895752, 80.8978500366, 130.989364624, -60.4859161377, -64.693649292], [2003.00952148, 933.025390625, 1792.17504883, 1533.48144531, 603.39465332, 348.355102539, 19.3328075409, 143.585586548, 43.2710647583, 254.351577759, 137.88067627, 14.6007318497, -123.905487061], [1911.38439941, 858.35534668, 1533.48144531, 1590.65576172, 659.486999512, 364.288421631, 194.045715332, 223.874099731, 119.441772461, 248.631988525, 141.382568359, 0.357904702425, -97.577293396], [761.023010254, 459.966247559, 603.39465332, 659.486999512, 401.165008545, 178.878936768, 145.762054443, 120.770072937, 60.2764167786, 91.1130523682, 63.7014579773, -4.02881574631, -38.7493400574], [594.800170898, 127.901000977, 348.355102539, 364.288421631, 178.878936768, 232.140777588, 186.534317017, 119.218307495, 21.9482727051, 78.7574234009, 51.1817588806, 10.3020801544, -39.9812698364], [319.328643799, 56.862651825, 19.3328075409, 194.045715332, 145.762054443, 186.534317017, 404.558044434, 198.653121948, 34.3423805237, 61.4536209106, 64.0498428345, 10.2532529831, -28.4675655365], [353.316375732, 23.1977596283, 143.585586548, 223.874099731, 120.770072937, 119.218307495, 198.653121948, 167.046646118, 55.1961174011, 68.7555007935, 38.7329750061, 15.9298067093, -18.7277622223], [139.084671021, 53.3911895752, 43.2710647583, 119.441772461, 60.2764167786, 21.9482727051, 34.3423805237, 55.1961174011, 108.671585083, 44.5874404907, 14.9283638, -10.7590236664, 1.02624928951], [402.912994385, 80.8978500366, 254.351577759, 248.631988525, 91.1130523682, 78.7574234009, 61.4536209106, 68.7555007935, 44.5874404907, 111.273635864, 49.8288955688, 14.0327281952, -24.2144145966], [231.7084198, 130.989364624, 137.88067627, 141.382568359, 63.7014579773, 51.1817588806, 64.0498428345, 38.7329750061, 14.9283638, 49.8288955688, 75.0866775513, 17.9248981476, -7.29274940491], [44.6851806641, -60.4859161377, 14.6007318497, 0.357904702425, -4.02881574631, 10.3020801544, 10.2532529831, 15.9298067093, -10.7590236664, 14.0327281952, 17.9248981476, 64.8007354736, 20.2415714264], [-145.935211182, -64.693649292, -123.905487061, -97.577293396, -38.7493400574, -39.9812698364, -28.4675655365, -18.7277622223, 1.02624928951, -24.2144145966, -7.29274940491, 20.2415714264, 62.8207588196]],
        "icov": [[0.00219506421126, -0.000754387350753, -0.000465436518425, -0.00126689649187, 0.00124271400273, -0.00262057920918, 0.000883780943695, -0.00170654978137, 0.000412648922065, -0.00233534350991, 0.000273413868854, -0.00077142653754, -0.000199639500352], [-0.000754387350753, 0.0111757349223, -0.00894130393863, 0.00454611936584, -0.0091121122241, 0.00943352188915, -0.00884826108813, 0.0123787904158, -0.00784917827696, 0.0113881789148, -0.0153839951381, 0.0101186772808, -0.00128226762172], [-0.000465436518425, -0.00894130393863, 0.0151785472408, -0.00938374176621, 0.00628266250715, -0.009591746144, 0.0127846905962, -0.0115353874862, 0.0117434691638, -0.0112080406398, 0.0107351532206, -0.00874085258693, 0.00474908808246], [-0.00126689649187, 0.00454611936584, -0.00938374176621, 0.0103531200439, -0.00715585658327, 0.00584361096844, -0.00704238843173, 0.00619442481548, -0.00729749538004, 0.00522774085402, -0.00495257601142, 0.00531836366281, -0.00288222054951], [0.00124271400273, -0.0091121122241, 0.00628266250715, -0.00715585658327, 0.0168516281992, -0.0089019825682, 0.00548833236098, -0.0103027578443, 0.00443302839994, -0.00634925812483, 0.0116226347163, -0.00779850082472, 0.000266756105702], [-0.00262057920918, 0.00943352188915, -0.009591746144, 0.00584361096844, -0.0089019825682, 0.0223662424833, -0.0136380270123, 0.0111454213038, -0.00672791572288, 0.0101577164605, -0.010827081278, 0.007745903451, -5.60416956432e-05], [0.000883780943695, -0.00884826108813, 0.0127846905962, -0.00704238843173, 0.00548833236098, -0.0136380270123, 0.0203558653593, -0.0213362909853, 0.0123367579654, -0.00939073972404, 0.0063341986388, -0.00598041107878, 0.00362880039029], [-0.00170654978137, 0.0123787904158, -0.0115353874862, 0.00619442481548, -0.0103027578443, 0.0111454213038, -0.0213362909853, 0.0380678884685, -0.0170247405767, 0.00954462680966, -0.0114758182317, 0.00552063202485, -0.0010825956706], [0.000412648922065, -0.00784917827696, 0.0117434691638, -0.00729749538004, 0.00443302839994, -0.00672791572288, 0.0123367579654, -0.0170247405767, 0.0245001241565, -0.0155815519392, 0.00937132164836, -0.00141652708407, -0.00119131128304], [-0.00233534350991, 0.0113881789148, -0.0112080406398, 0.00522774085402, -0.00634925812483, 0.0101577164605, -0.00939073972404, 0.00954462680966, -0.0155815519392, 0.0367417819798, -0.0229687150568, 0.0067279539071, 0.00303711486049], [0.000273413868854, -0.0153839951381, 0.0107351532206, -0.00495257601142, 0.0116226347163, -0.010827081278, 0.0063341986388, -0.0114758182317, 0.00937132164836, -0.0229687150568, 0.0447977483273, -0.0185973662883, 0.000187493453268], [-0.00077142653754, 0.0101186772808, -0.00874085258693, 0.00531836366281, -0.00779850082472, 0.007745903451, -0.00598041107878, 0.00552063202485, -0.00141652708407, 0.0067279539071, -0.0185973662883, 0.0321740359068, -0.0112051879987], [-0.000199639500352, -0.00128226762172, 0.00474908808246, -0.00288222054951, 0.000266756105702, -5.60416956432e-05, 0.00362880039029, -0.0010825956706, -0.00119131128304, 0.00303711486049, 0.000187493453268, -0.0112051879987, 0.0252970010042]]
    },
    "melbands": {
        "max": [0.0281227137893, 0.0362492129207, 0.00823762267828, 0.00554074626416, 0.00192844914272, 0.0021444989834, 0.00268921209499, 0.00478292768821, 0.00197372306138, 0.00578413624316, 0.0061127981171, 0.00193114299327, 0.00200267671607, 0.00114651676267, 0.00111129449215, 0.00087205611635, 0.000938903598581, 0.00105242221616, 0.00101926643401, 0.00144096359145, 0.00114808755461, 0.000510807847604, 0.000364339211956, 0.000155933244969, 0.000194899403141, 0.00015725234698, 9.3177324743e-05, 6.27875924692e-05, 4.92676481372e-05, 6.98539224686e-05, 4.6560075134e-05, 3.07249538309e-05, 3.85788116546e-05, 2.86368103843e-05, 4.25508405897e-05, 4.19198586314e-05, 4.28774073953e-05, 4.54200562672e-05, 4.89222475153e-05, 5.06472861161e-05],
        "mean": [0.00226137205027, 0.00184185733087, 0.000704391684849, 0.000378501979867, 0.000217858643737, 0.000177693946171, 0.000219465524424, 0.000431862048572, 0.000364261330105, 0.00062844727654, 0.000453426211607, 0.000304095214233, 0.000207339209737, 7.99064946477e-05, 0.000106582607259, 0.0001187325106, 0.000147007434862, 9.63066268014e-05, 0.000107659958303, 0.000109397486085, 8.41293876874e-05, 5.72580102016e-05, 3.70089437638e-05, 2.43969698204e-05, 2.15761028812e-05, 1.73474527401e-05, 1.2084278751e-05, 9.12206905923e-06, 5.58900319447e-06, 4.43615135737e-06, 4.34308412878e-06, 3.71413580069e-06, 3.29914769281e-06, 2.83114172817e-06, 2.74411377177e-06, 2.45678552346e-06, 2.20375432036e-06, 1.8796773702e-06, 1.63680124388e-06, 1.40851545893e-06],
        "min": [1.30416510924e-09, 3.74158570793e-09, 2.87822778944e-08, 9.5385061627e-08, 3.39594201648e-08, 2.39506761091e-07, 9.88894157672e-07, 2.13654493564e-06, 4.32125580119e-06, 5.74100249651e-06, 3.01876139019e-06, 3.32088848154e-06, 1.44565069604e-06, 7.23891616872e-07, 1.50573771407e-06, 2.74068656836e-06, 3.64616880688e-06, 8.16232784473e-07, 1.40237250434e-06, 6.66075152367e-07, 3.23231887478e-07, 1.15316936444e-06, 7.62636545915e-07, 4.61635607962e-07, 1.72785220798e-07, 6.0715066752e-08, 5.3430134983e-08, 1.85658048935e-08, 1.33170665606e-08, 8.92179397027e-09, 2.96589899307e-08, 2.25236522766e-08, 5.59812418643e-09, 1.56319561739e-08, 8.65928395655e-09, 6.60014665144e-09, 3.29235216867e-09, 2.31498797909e-09, 3.04681235797e-09, 2.51357401559e-09],
        "stdev": [0.00411990005523, 0.00372157013044, 0.00105556915514, 0.000441854528617, 0.000268688163487, 0.000218364686589, 0.000293581484584, 0.000584268302191, 0.000317613768857, 0.000650455593131, 0.000634174910374, 0.00035254372051, 0.000256992410868, 0.000102551806776, 0.000132622561068, 0.000108203850687, 0.000140007774462, 0.000117631134344, 0.000118633804959, 0.000135187467095, 0.00010427772213, 5.68915347685e-05, 4.10421671404e-05, 2.28108183364e-05, 2.30621681112e-05, 1.76742141775e-05, 1.21163739095e-05, 9.50998128246e-06, 6.08616392128e-06, 4.96101483805e-06, 5.04675108459e-06, 4.40706708105e-06, 4.06280241805e-06, 3.33041566591e-06, 3.56831901627e-06, 3.49055721927e-06, 3.14000021717e-06, 3.30178363583e-06, 3.53826726496e-06, 3.63330514119e-06]
    },
    "melbands128": {
        "max": [0.0100467940792, 0.0285039208829, 0.0456259921193, 0.0524767190218, 0.0414773151278, 0.0263926722109, 0.0129106985405, 0.00705642392859, 0.00662816362455, 0.00558602809906, 0.00545405130833, 0.00356549024582, 0.00265800324269, 0.00337551929988, 0.00421488657594, 0.00199631461874, 0.00290756509639, 0.00420446973294, 0.00582474470139, 0.00902508944273, 0.0040460168384, 0.00504292175174, 0.00295222573914, 0.00534871406853, 0.00681578367949, 0.0108763985336, 0.0115018831566, 0.0117331845686, 0.00400521466509, 0.00370835978538, 0.00373262353241, 0.0035368418321, 0.00368651538156, 0.00348068168387, 0.00128489127383, 0.00223301257938, 0.0013920069905, 0.00243476266041, 0.00123057654127, 0.000936374475714, 0.00157191371545, 0.00178371591028, 0.00170588679612, 0.00126942654606, 0.00310011859983, 0.00196964945644, 0.001321701915, 0.00213083112612, 0.00234720343724, 0.00469355657697, 0.00183549022768, 0.00174112047534, 0.00282209459692, 0.00128634786233, 0.00153441925067, 0.000828733842354, 0.00104043364991, 0.00101157778408, 0.000184800956049, 0.000185918921488, 0.000227192183957, 0.000198134046514, 0.000438961928012, 0.00021362528787, 0.0002062744461, 0.000338792888215, 0.000165859542903, 0.000180613526027, 0.000133421082865, 0.000135173031595, 0.0001088991703, 0.000116455965326, 6.5075859311e-05, 8.62002198119e-05, 4.74857406516e-05, 0.000156576526933, 4.13790949096e-05, 7.14449924999e-05, 6.31453513051e-05, 7.33176930225e-05, 3.92379406549e-05, 3.07595983031e-05, 5.09738783876e-05, 5.47438539797e-05, 4.11903893109e-05, 3.26061344822e-05, 2.23691586143e-05, 6.57546479488e-05, 3.96563300455e-05, 4.53013344668e-05, 5.97055186518e-05, 4.61427116534e-05, 4.71924031444e-05, 4.99615962326e-05, 4.12316621805e-05, 4.84588927065e-05, 6.11609139014e-05, 4.56532397948e-05, 4.87536417495e-05, 5.92286269239e-05, 6.7913759267e-05, 7.96776512288e-05, 4.78783658764e-05, 5.68142568227e-05, 4.67986319563e-05, 3.60806116078e-05, 2.09773061215e-05, 2.89909676212e-05, 2.58418840531e-05, 2.48019405262e-05, 2.43698250415e-05, 2.79019368463e-05, 7.89628484199e-06, 2.13622320189e-06, 6.3433287778e-07, 6.73959732467e-07, 1.45054272593e-07, 5.06040676029e-09, 4.90948792731e-09, 4.85235673864e-09, 4.71271155433e-09, 4.61461491241e-09, 4.54888571255e-09, 4.47420411831e-09, 4.38334835096e-09, 4.33275948453e-09, 4.29745750097e-09, 4.2723504734e-09],
        "mean": [0.000670519715641, 0.002061287174, 0.00295117124915, 0.002633752767, 0.00183532841038, 0.00132718042005, 0.000726007740013, 0.000595657620579, 0.000553947407752, 0.000272940756986, 0.000388177460991, 0.000258577201748, 0.000146352671436, 0.000209864025237, 0.000184835342225, 0.000170701780007, 0.000121506222058, 0.000147802580614, 0.000389348220779, 0.000652302464005, 0.00029577082023, 0.000290223106276, 0.000260664353846, 0.000567644659895, 0.000708777864929, 0.000596137018874, 0.000657121941913, 0.000395761657273, 0.000346479471773, 0.000306208763504, 0.000282337045064, 0.000300339306705, 0.000260047032498, 8.73303142725e-05, 7.75507942308e-05, 7.02076285961e-05, 9.34909112402e-05, 0.000123432168039, 0.000106525454612, 8.57387422002e-05, 9.49758396018e-05, 0.000213253835682, 0.000157524613314, 0.000100901343103, 0.000129057356389, 8.95024641068e-05, 7.18688534107e-05, 8.70339426911e-05, 0.000109707376396, 0.000199163754587, 6.55113253742e-05, 7.85260999692e-05, 0.000120159806102, 7.09616506356e-05, 4.79819827888e-05, 6.68861539452e-05, 4.31048792962e-05, 6.31081420579e-05, 2.19319372263e-05, 1.64481134561e-05, 2.68258299911e-05, 2.5316969186e-05, 2.84876241494e-05, 1.58344064403e-05, 2.07818193303e-05, 2.13044186239e-05, 1.10979199235e-05, 1.25601500258e-05, 1.0856312656e-05, 1.43466886584e-05, 1.02713102024e-05, 5.94789889874e-06, 5.72594308323e-06, 5.98908673055e-06, 4.55989265902e-06, 4.98546478411e-06, 3.83034966944e-06, 4.15509339291e-06, 4.67516656499e-06, 4.42335795015e-06, 3.50264758708e-06, 3.63147637472e-06, 3.50487198375e-06, 3.33846128342e-06, 3.08221524392e-06, 2.85103169517e-06, 2.64768618763e-06, 2.95980521514e-06, 2.65392054644e-06, 2.78828770206e-06, 2.50898551712e-06, 2.37074891629e-06, 2.30027922044e-06, 2.43189492721e-06, 1.99473765861e-06, 1.69557483787e-06, 2.00272575057e-06, 1.91669892047e-06, 1.54572603606e-06, 1.57205124651e-06, 1.54639428729e-06, 1.35020945891e-06, 1.31262754621e-06, 1.11658539481e-06, 9.16963188047e-07, 7.26965424747e-07, 5.61625995488e-07, 4.52152733033e-07, 3.89600700146e-07, 3.21219772559e-07, 2.35273390103e-07, 1.31585068175e-07, 2.12368274077e-08, 5.06715158721e-09, 1.15098630626e-09, 1.22629251198e-09, 2.72143918512e-10, 1.25832391382e-11, 1.21769304709e-11, 1.19251804612e-11, 1.15761228728e-11, 1.13506816793e-11, 1.11612802334e-11, 1.09504922491e-11, 1.06064618893e-11, 1.01783182577e-11, 9.92971243424e-12, 9.85022046568e-12],
        "min": [1.32033680864e-11, 6.36795671749e-10, 9.75630354283e-10, 1.01604047398e-09, 9.96353000104e-10, 1.63762947647e-09, 2.44692177631e-09, 5.45260192553e-09, 2.28621530596e-08, 6.34975663161e-08, 6.30235845733e-08, 4.22952766144e-08, 1.45843070953e-08, 2.66712305574e-08, 1.4015290617e-07, 1.46313510641e-07, 3.9425782461e-07, 2.4156642553e-07, 7.59743329581e-07, 6.92376602274e-07, 2.28413091463e-06, 9.14105442007e-07, 2.32628531194e-06, 3.02519083561e-06, 1.85421004062e-06, 1.13217970465e-06, 2.68106646217e-06, 2.41799443756e-06, 1.18579396258e-06, 4.81515485262e-07, 1.16454907584e-06, 2.44141733674e-06, 1.09008465188e-06, 4.95667165978e-07, 8.67675495897e-08, 1.74756024762e-07, 2.19604103791e-07, 1.04149512481e-06, 5.15627732511e-07, 1.36919041438e-07, 1.22361871036e-06, 2.55638769886e-06, 1.49957247686e-06, 6.23641312814e-07, 2.94874041629e-07, 3.93040352265e-07, 4.13162126733e-07, 7.66275775277e-07, 1.17340459838e-06, 1.06214281459e-06, 5.15495685249e-07, 9.6106433034e-08, 1.20465415421e-07, 5.96772736117e-07, 4.35472145455e-07, 1.21961465993e-06, 5.72998260395e-07, 1.89706341303e-07, 4.24253130404e-07, 3.32438247597e-07, 2.51949757057e-07, 2.03327388704e-07, 1.68753899743e-07, 3.69039376835e-08, 4.62893723352e-08, 6.03967365009e-08, 8.37590192759e-08, 4.56964848183e-08, 5.82000652116e-08, 4.24227692974e-08, 7.61297513918e-09, 1.29838877427e-08, 1.64133435732e-08, 1.44848488759e-08, 7.99237742655e-09, 6.21544549162e-09, 3.7321208346e-09, 2.89506445483e-08, 1.74435701439e-08, 5.54938281994e-08, 1.98698977272e-08, 4.58488980115e-09, 4.37369696016e-09, 3.07422709511e-09, 7.62265628396e-09, 8.891003489e-10, 3.14997317119e-09, 1.32331194891e-08, 6.76808564748e-09, 8.61361737492e-09, 2.42716780008e-09, 1.04671897816e-08, 5.78391290418e-09, 2.66265587356e-09, 1.34415722997e-09, 2.0066091011e-09, 2.49314990874e-09, 5.17775600173e-10, 2.39811309699e-10, 1.41397915598e-09, 2.312030567e-09, 1.54471935243e-09, 4.32517843763e-09, 7.88756393533e-10, 4.03508559899e-09, 9.08794317578e-10, 7.7581091551e-10, 4.41631897719e-10, 8.11350986396e-12, 7.36789448896e-12, 1.31594399006e-12, 7.19018594664e-13, 4.47109634472e-13, 3.95392784269e-13, 3.2712165767e-13, 3.76814790308e-13, 3.81782631767e-13, 3.89965051353e-13, 4.34870157462e-13, 3.96443755645e-13, 4.07356819717e-13, 3.98391009852e-13, 3.62778627668e-13, 3.21495759702e-13, 2.8354377765e-13, 1.05505793717e-13, 1.43690398122e-14, 7.31311464819e-16],
        "stdev": [0.00134978757706, 0.00377587182447, 0.00605944590643, 0.00578732183203, 0.00408370047808, 0.00258714333177, 0.00135697447695, 0.000943234190345, 0.000795339175966, 0.000403139420087, 0.000591050833464, 0.000385574734537, 0.000232641934417, 0.000370398949599, 0.000295650563203, 0.000239113054704, 0.000234460545471, 0.00032019126229, 0.00063421059167, 0.00111171090975, 0.000423352554208, 0.000449068116723, 0.000353716633981, 0.000663634215016, 0.000882314227056, 0.000977793359198, 0.00105087878183, 0.000822376401629, 0.000580285908654, 0.00046467827633, 0.000432758941315, 0.000434550340287, 0.000381950754672, 0.000175943961949, 0.000117376228445, 0.000138847972266, 0.000163569042343, 0.000220495319809, 0.0001547200809, 0.000125246471725, 0.000133185109007, 0.000247028976446, 0.000222060683882, 0.000142555887578, 0.000251979799941, 0.000148748396896, 0.000110459404823, 0.000154421446496, 0.00018220108177, 0.000346011860529, 0.000130167740281, 0.000137337774504, 0.000199901027372, 0.000133384848596, 0.00011030301539, 8.83348693606e-05, 6.90469096298e-05, 0.000103678263258, 2.17414362851e-05, 1.58042948897e-05, 3.19947939715e-05, 2.8151935112e-05, 4.73288964713e-05, 2.07327102544e-05, 2.67461000476e-05, 2.90059197141e-05, 1.28462570501e-05, 1.74802698893e-05, 1.40235697472e-05, 1.78448080987e-05, 1.29413874674e-05, 7.93870276539e-06, 7.22312188373e-06, 8.11247991805e-06, 4.91255013912e-06, 7.80556365498e-06, 4.46665671916e-06, 5.30155466549e-06, 6.38195979263e-06, 6.75527735439e-06, 4.46659259978e-06, 4.55589315607e-06, 5.35639128429e-06, 4.59025068267e-06, 4.00844010073e-06, 3.68579230781e-06, 3.24796451423e-06, 4.28855582868e-06, 3.65648907064e-06, 4.19968728238e-06, 4.00880298912e-06, 3.71779469788e-06, 3.31962178279e-06, 3.78158165404e-06, 3.16317050419e-06, 3.27471343553e-06, 3.73731722902e-06, 3.73591228708e-06, 3.28329815602e-06, 4.17650153395e-06, 4.31274520452e-06, 3.66070730706e-06, 3.65459686691e-06, 3.2867610571e-06, 2.86361569124e-06, 2.30839054893e-06, 1.4654158349e-06, 1.63014476584e-06, 1.27626321955e-06, 1.21871789815e-06, 1.01634600469e-06, 9.91680167317e-07, 3.16883813412e-07, 9.11395758862e-08, 2.12198418836e-08, 2.2946089473e-08, 4.94284790875e-09, 1.65898947357e-10, 1.60934196525e-10, 1.59006405265e-10, 1.54437240774e-10, 1.51222478983e-10, 1.49034840025e-10, 1.4656292846e-10, 1.43634312777e-10, 1.41975334267e-10, 1.40815525906e-10, 1.39995223747e-10]
    },
    "mfcc": {
        "mean": [-598.909973145, 99.5000762939, -34.3165817261, -8.68198108673, -3.91154098511, -7.68352174759, -9.78716564178, 3.80016732216, 5.47726154327, 7.36229276657, 0.121567286551, -3.73257851601, -5.38091421127],
        "cov": [[2436.03955078, 182.75151062, 1394.68200684, 1291.2923584, 757.062316895, 594.273193359, 550.522033691, 268.509399414, 169.099975586, 359.822265625, 320.779052734, 261.80380249, 238.620742798], [182.75151062, 553.119812012, 297.054504395, 326.663543701, 255.257400513, 107.62991333, 71.521812439, -10.1579713821, -64.4748764038, 38.3678092957, 30.4379310608, 20.1183605194, 14.8524856567], [1394.68200684, 297.054504395, 1359.51037598, 1066.22021484, 736.102294922, 416.819549561, 259.194030762, 50.9824180603, -0.347209453583, 186.738265991, 135.170913696, 130.035919189, 134.139526367], [1291.2923584, 326.663543701, 1066.22021484, 1181.41552734, 692.916564941, 416.556793213, 334.152374268, 149.270858765, 97.5988616943, 231.177459717, 178.701416016, 161.0493927, 155.876052856], [757.062316895, 255.257400513, 736.102294922, 692.916564941, 571.514160156, 260.033050537, 105.114311218, 24.6701850891, 16.8191223145, 120.761581421, 58.6127662659, 61.399143219, 80.074508667], [594.273193359, 107.62991333, 416.819549561, 416.556793213, 260.033050537, 243.538696289, 195.431533813, 95.2993850708, 49.8616027832, 108.302314758, 94.3111953735, 66.5372238159, 53.8495445251], [550.522033691, 71.521812439, 259.194030762, 334.152374268, 105.114311218, 195.431533813, 356.692199707, 188.656021118, 87.6259613037, 105.985649109, 142.775161743, 86.7703170776, 61.2331352234], [268.509399414, -10.1579713821, 50.9824180603, 149.270858765, 24.6701850891, 95.2993850708, 188.656021118, 173.59677124, 93.0166320801, 67.5225143433, 86.6864547729, 56.2767066956, 35.2718582153], [169.099975586, -64.4748764038, -0.347209453583, 97.5988616943, 16.8191223145, 49.8616027832, 87.6259613037, 93.0166320801, 111.102500916, 68.7107925415, 55.6846809387, 36.5787086487, 29.0176105499], [359.822265625, 38.3678092957, 186.738265991, 231.177459717, 120.761581421, 108.302314758, 105.985649109, 67.5225143433, 68.7107925415, 132.657836914, 91.6162261963, 52.3672370911, 36.4252052307], [320.779052734, 30.4379310608, 135.170913696, 178.701416016, 58.6127662659, 94.3111953735, 142.775161743, 86.6864547729, 55.6846809387, 91.6162261963, 129.124862671, 72.3271560669, 39.9463424683], [261.80380249, 20.1183605194, 130.035919189, 161.0493927, 61.399143219, 66.5372238159, 86.7703170776, 56.2767066956, 36.5787086487, 52.3672370911, 72.3271560669, 95.061630249, 53.406917572], [238.620742798, 14.8524856567, 134.139526367, 155.876052856, 80.074508667, 53.8495445251, 61.2331352234, 35.2718582153, 29.0176105499, 36.4252052307, 39.9463424683, 53.406917572, 77.9769592285]],
        "icov": [[0.00195253035054, 0.000469901686301, -0.00125548930373, 0.000100616103737, -8.68418355822e-05, -0.00110510201193, -0.000559639127459, -0.000275285623502, 6.58007638776e-06, -0.00137952738442, -0.000406310107792, -0.000530678895302, -0.00147599820048], [0.000469901686301, 0.0032614141237, 0.000835271959659, -0.000942960788961, -0.00181129819248, 0.000397541909479, -0.00117681710981, -0.000163946591783, 0.00414406694472, -0.0012568468228, -0.000433771725511, -0.000282022636384, 0.000433043547673], [-0.00125548930373, 0.000835271959659, 0.00520098628476, -0.00225362787023, -0.00252161570825, -0.000705384823959, -0.000772735395003, 0.00164530891925, 0.00408625928685, 0.00018189214461, 4.55525150755e-05, -0.000290497089736, 0.000750097853597], [0.000100616103737, -0.000942960788961, -0.00225362787023, 0.00666601769626, -0.00389185477979, -1.28150431919e-05, -0.00185540330131, 5.33971651748e-05, -0.00318664102815, -0.000958382501267, 0.000453366112197, -0.00187959230971, -0.00145001313649], [-8.68418355822e-05, -0.00181129819248, -0.00252161570825, -0.00389185477979, 0.011964853853, -0.00517367245629, 0.00503455614671, -0.000708018022124, -0.00155388237908, -0.000283341534669, 0.00179514393676, 0.00272047589533, -0.00169100635685], [-0.00110510201193, 0.000397541909479, -0.000705384823959, -1.28150431919e-05, -0.00517367245629, 0.0191704090685, -0.00608820933849, -0.00116673007142, 0.000880954845343, -0.00287929060869, 0.000323452200973, -0.000720084703062, 0.00327250524424], [-0.000559639127459, -0.00117681710981, -0.000772735395003, -0.00185540330131, 0.00503455614671, -0.00608820933849, 0.0132659645751, -0.00892543327063, 0.00105099414941, 0.00266712647863, -0.00500593520701, 0.00292185368016, -0.00144441646989], [-0.000275285623502, -0.000163946591783, 0.00164530891925, 5.33971651748e-05, -0.000708018022124, -0.00116673007142, -0.00892543327063, 0.0221621673554, -0.0115627469495, 0.00331288971938, -0.00138668937143, -0.00247512152418, 0.00161439354997], [6.58007638776e-06, 0.00414406694472, 0.00408625928685, -0.00318664102815, -0.00155388237908, 0.000880954845343, 0.00105099414941, -0.0115627469495, 0.029879136011, -0.0119290854782, 0.00212364317849, 0.000273565005045, -0.00289829517715], [-0.00137952738442, -0.0012568468228, 0.00018189214461, -0.000958382501267, -0.000283341534669, -0.00287929060869, 0.00266712647863, 0.00331288971938, -0.0119290854782, 0.0254713203758, -0.0131151163951, 0.00248237582855, 0.00230952980928], [-0.000406310107792, -0.000433771725511, 4.55525150755e-05, 0.000453366112197, 0.00179514393676, 0.000323452200973, -0.00500593520701, -0.00138668937143, 0.00212364317849, -0.0131151163951, 0.0277944188565, -0.011288463138, 0.00166188750882], [-0.000530678895302, -0.000282022636384, -0.000290497089736, -0.00187959230971, 0.00272047589533, -0.000720084703062, 0.00292185368016, -0.00247512152418, 0.000273565005045, 0.00248237582855, -0.011288463138, 0.0265914257616, -0.0112276617438], [-0.00147599820048, 0.000433043547673, 0.000750097853597, -0.00145001313649, -0.00169100635685, 0.00327250524424, -0.00144441646989, 0.00161439354997, -0.00289829517715, 0.00230952980928, 0.00166188750882, -0.0112276617438, 0.0255856160074]]
    },
    "spectral_contrast_coeffs": {
        "max": [-0.350125730038, -0.534331381321, -0.55093228817, -0.588217437267, -0.687142193317, -0.684906125069],
        "mean": [-0.699842274189, -0.730310797691, -0.738814294338, -0.763412892818, -0.774220883846, -0.766726076603],
        "min": [-0.935481607914, -0.901723265648, -0.895442426205, -0.8623265028, -0.849365472794, -0.845451831818],
        "stdev": [0.113215200603, 0.0613213330507, 0.0538357384503, 0.0479912683368, 0.0261396858841, 0.0231308098882]
    },
    "spectral_contrast_valleys": {
        "max": [-4.70608139038, -4.84516000748, -5.10409545898, -5.46080541611, -5.89413738251, -7.63366699219],
        "mean": [-7.52154541016, -6.35789299011, -6.66763067245, -6.70566797256, -7.06750869751, -9.72311592102],
        "min": [-11.3208284378, -7.98519277573, -8.50288200378, -8.27742576599, -9.3466796875, -11.8298301697],
        "stdev": [1.77685678005, 0.535235583782, 0.611613869667, 0.382393985987, 0.556624829769, 0.710612237453]
    }
},
"rhythm": {
    "beats_count": 44,
    "beats_loudness": {
        "max": 0.077245362103,
        "mean": 0.0382243432105,
        "min": 0.00561372423545,
        "stdev": 0.0189378205687
    },
    "bpm": 127.895263672,
    "bpm_histogram_first_peak_bpm": 129,
    "bpm_histogram_first_peak_weight": 0.413793087006,
    "bpm_histogram_second_peak_bpm": 110,
    "bpm_histogram_second_peak_spread": 0.300000011921,
    "bpm_histogram_second_peak_weight": 0.162790700793,
    "danceability": 0.907017767429,
    "onset_rate": 2.40772104263,
    "beats_loudness_band_ratio": {
        "max": [0.681800544262, 0.447590231895, 0.778789281845, 0.624441921711, 0.491749346256, 0.206226140261],
        "mean": [0.302914500237, 0.0875749066472, 0.232191428542, 0.202180251479, 0.155960261822, 0.0462238937616],
        "min": [8.51919776323e-06, 0.00187476631254, 0.0222818944603, 0.0265276357532, 0.0352466143668, 0.0074196215719],
        "stdev": [0.265458166599, 0.0997928231955, 0.139554917812, 0.163631364703, 0.11223269254, 0.0393139235675]
    },
    "beats_position": [0.441179126501, 0.905578196049, 1.369977355, 1.83437633514, 2.29877543449, 2.76317453384, 3.25079369545, 3.7151927948, 4.17959165573, 4.6439909935, 5.10838985443, 5.5727891922, 6.04879808426, 6.52480697632, 6.98920631409, 7.46521520615, 7.92961454391, 8.39401340485, 8.87002277374, 9.33442115784, 9.81043052673, 10.2864398956, 10.7508392334, 11.2152376175, 11.6796369553, 12.1556463242, 12.6316547394, 13.1076641083, 13.5836734772, 14.0596818924, 14.5356912613, 15.0349206924, 15.5341491699, 16.0333786011, 16.5674381256, 17.1014957428, 17.6355552673, 18.181224823, 18.7268924713, 19.272562027, 19.8182315826, 20.363899231, 20.9095687866, 21.4552383423],
