{
"metadata": {
    "version": {
        "essentia": "2.1-beta5",
        "essentia_git_sha": "Undefined",
        "extractor": "music 2.0"
    },
    "audio_properties": {
        "analysis": {
            "equal_loudness": 0,
            "length": 48.7502937317,
            "sample_rate": 44100,
            "start_time": 29.0017242432,
            "downmix": "mix"
        },
        "bit_rate": 192000,
        "length": 195.407546997,
        "lossless": 0,
        "number_channels": 2,
        "replay_gain": -1.63047218323,
        "sample_rate": 48000,
        "codec": "mp3",
        "md5_encoded": "92f96ec79a4f79f0f8bb9b74eefefc6f"
    },
    "tags": {
        "file_name": "Spain_Say Yay!_Barei.mp3",
        "encoding": ["Lavf58.29.100"]
    }
},
"lowlevel": {
    "average_loudness": 0.946808516979,
    "barkbands_crest": {
        "max": 24.4522247314,
        "mean": 11.6540307999,
        "min": 2.58198356628,
        "stdev": 5.01396179199
    },
    "barkbands_flatness_db": {
        "max": 0.274820894003,
        "mean": 0.142300084233,
        "min": 0.0502025261521,
        "stdev": 0.0421165823936
    },
    "barkbands_kurtosis": {
        "max": 55.8052444458,
        "mean": 2.4604036808,
        "min": -1.84903681278,
        "stdev": 5.38431310654
    },
    "barkbands_skewness": {
        "max": 6.78077173233,
        "mean": 1.13835442066,
        "min": -1.60443270206,
        "stdev": 1.11107850075
    },
    "barkbands_spread": {
        "max": 108.738067627,
        "mean": 25.710641861,
        "min": 3.3100361824,
        "stdev": 13.7140140533
    },
    "dissonance": {
        "max": 0.499983280897,
        "mean": 0.468562573195,
        "min": 0.286670207977,
        "stdev": 0.0255402699113
    },
    "dynamic_complexity": 1.90473008156,
    "erbbands_crest": {
        "max": 28.9468231201,
        "mean": 10.2407255173,
        "min": 2.9582927227,
        "stdev": 4.59406423569
    },
    "erbbands_flatness_db": {
        "max": 0.282257258892,
        "mean": 0.161321267486,
        "min": 0.0603958033025,
        "stdev": 0.0373922325671
    },
    "erbbands_kurtosis": {
        "max": 16.3729057312,
        "mean": 1.39592754841,
        "min": -1.72943902016,
        "stdev": 2.12342572212
    },
    "erbbands_skewness": {
        "max": 3.36729073524,
        "mean": 0.361482709646,
        "min": -2.28931832314,
        "stdev": 0.684058070183
    },
    "erbbands_spread": {
        "max": 128.995605469,
        "mean": 29.90102005,
        "min": 5.58685064316,
        "stdev": 17.3643226624
    },
    "hfc": {
        "max": 155.483840942,
        "mean": 33.1232070923,
        "min": 1.23887419701,
        "stdev": 21.5936985016
    },
    "loudness_ebu128": {
        "integrated": -20.4091396332,
        "loudness_range": 3.22289466858,
        "momentary": {
            "max": -17.7257041931,
            "mean": -20.8662586212,
            "min": -30.736574173,
            "stdev": 2.27161765099
        },
        "short_term": {
            "max": -18.5586261749,
            "mean": -20.6384391785,
            "min": -25.4448795319,
            "stdev": 1.24624359608
        }
    },
    "melbands_crest": {
        "max": 33.6543312073,
        "mean": 16.2801914215,
        "min": 3.52786660194,
        "stdev": 6.89993858337
    },
    "melbands_flatness_db": {
        "max": 0.369139611721,
        "mean": 0.191276833415,
        "min": 0.031263154,
        "stdev": 0.0631613209844
    },
    "melbands_kurtosis": {
        "max": 131.425445557,
        "mean": 9.06446456909,
        "min": -1.52201032639,
        "stdev": 15.3752126694
    },
    "melbands_skewness": {
        "max": 10.4502849579,
        "mean": 2.087485075,
        "min": -1.38884961605,
        "stdev": 1.68711805344
    },
    "melbands_spread": {
        "max": 87.091293335,
        "mean": 27.6424045563,
        "min": 2.19716262817,
        "stdev": 14.6142177582
    },
    "pitch_salience": {
        "max": 0.804100453854,
        "mean": 0.484434127808,
        "min": 0.133246958256,
        "stdev": 0.129793792963
    },
    "silence_rate_20dB": {
        "max": 1,
        "mean": 1,
        "min": 1,
        "stdev": 0
    },
    "silence_rate_30dB": {
        "max": 1,
        "mean": 0.969062328339,
        "min": 0,
        "stdev": 0.173149719834
    },
    "silence_rate_60dB": {
        "max": 1,
        "mean": 0.0133269866928,
        "min": 0,
        "stdev": 0.114669792354
    },
    "spectral_centroid": {
        "max": 3651.98046875,
        "mean": 1490.17553711,
        "min": 445.50201416,
        "stdev": 485.628173828
    },
    "spectral_complexity": {
        "max": 53,
        "mean": 23.1156597137,
        "min": 1,
        "stdev": 8.21790218353
    },
    "spectral_decrease": {
        "max": -2.83145756841e-10,
        "mean": -1.12310587497e-08,
        "min": -5.38208766443e-08,
        "stdev": 7.41247152547e-09
    },
    "spectral_energy": {
        "max": 0.206033065915,
        "mean": 0.0453930348158,
        "min": 0.00126792734955,
        "stdev": 0.0286345053464
    },
    "spectral_energyband_high": {
        "max": 0.0145178455859,
        "mean": 0.0011549978517,
        "min": 1.22890405692e-05,
        "stdev": 0.00149910605978
    },
    "spectral_energyband_low": {
        "max": 0.191170439124,
        "mean": 0.0237481016666,
        "min": 4.62190246253e-06,
        "stdev": 0.0256961919367
    },
    "spectral_energyband_middle_high": {
        "max": 0.0608778856695,
        "mean": 0.012157080695,
        "min": 0.000477128167404,
        "stdev": 0.00962953828275
    },
    "spectral_energyband_middle_low": {
        "max": 0.0785996094346,
        "mean": 0.00897627230734,
        "min": 0.000287109753117,
        "stdev": 0.00721076782793
    },
    "spectral_entropy": {
        "max": 8.67334461212,
        "mean": 7.68523073196,
        "min": 6.61996889114,
        "stdev": 0.350498974323
    },
    "spectral_flux": {
        "max": 0.345095694065,
        "mean": 0.109314486384,
        "min": 0.0233556143939,
        "stdev": 0.0437052547932
    },
    "spectral_kurtosis": {
        "max": 13.4187335968,
        "mean": 4.46617937088,
        "min": -1.29427325726,
        "stdev": 2.090944767
    },
    "spectral_rms": {
        "max": 0.014177724719,
        "mean": 0.00631013233215,
        "min": 0.00111220602412,
        "stdev": 0.00211379444227
    },
    "spectral_rolloff": {
        "max": 12037.0605469,
        "mean": 1602.19799805,
        "min": 64.599609375,
        "stdev": 1555.78320312
    },
    "spectral_skewness": {
        "max": 2.97004151344,
        "mean": 1.7696903944,
        "min": 0.299181222916,
        "stdev": 0.351546019316
    },
    "spectral_spread": {
        "max": 20911888,
        "mean": 5077579.5,
        "min": 2705412.25,
        "stdev": 1877650.5
    },
    "spectral_strongpeak": {
        "max": 17.7282371521,
        "mean": 1.03836429119,
        "min": 0,
        "stdev": 1.43618226051
    },
    "zerocrossingrate": {
        "max": 0.29736328125,
        "mean": 0.063981808722,
        "min": 0.00537109375,
        "stdev": 0.0353529118001
    },
    "barkbands": {
        "max": [0.0161069054157, 0.175735235214, 0.032405782491, 0.0208772234619, 0.0188110750169, 0.0313808470964, 0.0360586456954, 0.017774425447, 0.0616610385478, 0.0524329952896, 0.0437743663788, 0.0153064187616, 0.0274800825864, 0.0318473130465, 0.0248788129538, 0.0216653868556, 0.0212185177952, 0.00738107785583, 0.00423154328018, 0.00537513429299, 0.00234394823201, 0.00271590636112, 0.00331039912999, 0.00656896084547, 0.00912661384791, 0.00400468986481, 5.65291793464e-06],
        "mean": [0.00116656802129, 0.020349862054, 0.00192388426512, 0.000535451457836, 0.000732429616619, 0.00170494918711, 0.00295236660168, 0.00102644704748, 0.00147244695108, 0.0023880538065, 0.0022297645919, 0.00105335714761, 0.00129203032702, 0.00155854364857, 0.00106685061473, 0.00119958561845, 0.000692352768965, 0.000479142705444, 0.000323494110489, 0.000265114649665, 0.000136305650813, 9.29586531129e-05, 0.000140028234455, 0.000216999353142, 0.000324900902342, 6.9188332418e-05, 9.24844201222e-09],
        "min": [6.78891654005e-09, 1.39216058415e-06, 5.36009778784e-08, 9.29622032686e-08, 6.32529861377e-07, 2.51745609603e-06, 2.54905717156e-06, 2.57609417531e-06, 1.67005437106e-05, 1.1929352695e-05, 3.35984714184e-06, 5.84821918892e-06, 1.74571014213e-05, 1.60682811838e-05, 7.59337308409e-06, 1.13281093945e-05, 8.43956422614e-06, 9.11273218662e-06, 7.22160848454e-06, 2.97497081192e-06, 3.1422309803e-06, 1.71223837242e-06, 1.5229222754e-06, 1.0234051615e-06, 7.82892072948e-07, 5.48929013355e-10, 1.06647260467e-10],
        "stdev": [0.00189911795314, 0.0234289392829, 0.00249906163663, 0.00112187315244, 0.00105007633101, 0.00282719754614, 0.00416472507641, 0.00180368102156, 0.0028747972101, 0.00376360630617, 0.00427264068276, 0.00185627385508, 0.00263284402899, 0.00284149078652, 0.00198665214702, 0.00233946181834, 0.00149301136844, 0.000742450531106, 0.000436348171206, 0.000401584024075, 0.000181023293408, 0.000144779114635, 0.00020386496908, 0.000340465223417, 0.000742312462535, 0.000217015782255, 1.37968655167e-07]
    },
    "erbbands": {
        "max": [8.82838916779, 34.9059524536, 32.8162918091, 57.1198501587, 59.0462226868, 62.5863571167, 74.2949447632, 320.975341797, 567.21661377, 647.423095703, 540.043701172, 1568.85888672, 918.644897461, 1052.76049805, 1531.45605469, 643.744384766, 1005.72387695, 1270.91931152, 1464.42810059, 1263.08239746, 1212.97766113, 1032.53979492, 368.786865234, 359.31427002, 237.284820557, 254.868225098, 180.758300781, 43.4478034973, 105.860351562, 76.4529647827, 98.8955078125, 83.2607116699, 143.317230225, 86.6193389893, 73.1433334351, 33.6034011841, 3.51823878288, 0.0815031528473, 0.00325092067942, 0.00039803510299],
        "mean": [0.76684397459, 3.75724363327, 3.27742886543, 2.0077881813, 1.52230417728, 2.71272778511, 5.17458534241, 19.3538722992, 44.0205917358, 31.2203044891, 20.6278476715, 34.4415931702, 63.2190704346, 71.1893615723, 84.5900192261, 44.2540817261, 56.8989830017, 71.2943725586, 69.4500045776, 68.4619674683, 50.659526825, 40.1279754639, 29.0252494812, 20.7529087067, 12.6933469772, 12.5408372879, 8.6254234314, 4.06834459305, 3.35243344307, 3.47826695442, 4.14013671875, 4.25694799423, 3.78286957741, 3.51884746552, 2.31891083717, 0.646625995636, 0.0569680929184, 0.00142509117723, 0.000100184195617, 6.37261691736e-05],
        "min": [2.81214906863e-05, 0.000106732666609, 6.41665392322e-05, 0.000599447404966, 0.00130755512509, 0.00411848025396, 0.0169197861105, 0.0550542213023, 0.0445211604238, 0.0737526342273, 0.335654824972, 0.560703396797, 0.605985701084, 1.15243220329, 0.572229206562, 0.549645781517, 1.03455650806, 1.13699483871, 1.38790893555, 0.309805512428, 0.663837313652, 0.709848999977, 0.652839839458, 0.520254194736, 0.307974874973, 0.154756993055, 0.13564825058, 0.0745355039835, 0.0606511458755, 0.0565979406238, 0.0426562093198, 0.0287672877312, 0.0140264518559, 0.00810984522104, 0.00588743947446, 0.00133386813104, 7.10483291186e-05, 2.72582974503e-06, 1.65821677456e-06, 2.80447920886e-06],
        "stdev": [1.05485892296, 4.15231323242, 3.55498719215, 3.44525289536, 2.47513461113, 4.17893123627, 7.03425550461, 32.9602470398, 64.1820755005, 49.8105239868, 35.9650688171, 68.7501831055, 94.0120925903, 98.3961639404, 174.35760498, 71.5152740479, 101.021331787, 121.468910217, 117.603569031, 108.693702698, 95.9322052002, 83.0665206909, 44.8672790527, 29.4866828918, 17.2399616241, 18.7367782593, 12.8223991394, 5.08124923706, 5.65938568115, 5.16676950455, 5.82177305222, 5.81061887741, 6.86547374725, 6.91813802719, 6.16674470901, 1.91611993313, 0.186565548182, 0.00482968147844, 0.000209281177376, 4.13376437791e-05]
    },
    "gfcc": {
        "mean": [34.9774971008, 86.2326278687, -126.698310852, 28.2499008179, -55.6513748169, 40.1390190125, -41.2797813416, 32.4905662537, -17.2286529541, 13.1844568253, -3.3072385788, 0.902866780758, 1.30144584179],
        "cov": [[1625.47094727, -378.813903809, 104.355377197, 168.068054199, 69.7091522217, 154.09135437, 50.3620605469, 120.931083679, 7.21876859665, 99.1543502808, -67.4428787231, -14.1506347656, -83.9064178467], [-378.813903809, 757.294250488, 97.399597168, 31.8691482544, 84.7578887939, -59.4216690063, 70.3033065796, -99.6845626831, 39.1253967285, -16.371137619, 194.855270386, -44.6281890869, 108.457748413], [104.355377197, 97.399597168, 639.779174805, 142.60269165, 87.267036438, 31.9693145752, -46.9572372437, 35.0899391174, 9.94672203064, 56.2016448975, 49.5692062378, 75.5563430786, 22.0400676727], [168.068054199, 31.8691482544, 142.60269165, 276.957061768, 125.805786133, 2.98047661781, 12.8772382736, 21.4975242615, 41.1534919739, -5.78697061539, 21.9728908539, 11.2719640732, 20.8085613251], [69.7091522217, 84.7578887939, 87.267036438, 125.805786133, 202.738479614, 65.1729888916, 34.9027366638, 19.1937065125, 13.0322036743, 4.74762248993, 34.4252548218, -3.92441678047, 19.2729434967], [154.09135437, -59.4216690063, 31.9693145752, 2.98047661781, 65.1729888916, 170.766464233, 96.0500717163, -4.75618076324, -23.6224365234, 15.4108819962, -14.4769086838, -22.834985733, -25.2266407013], [50.3620605469, 70.3033065796, -46.9572372437, 12.8772382736, 34.9027366638, 96.0500717163, 187.900924683, -0.222267925739, -35.4681472778, 6.16183185577, 15.6467704773, -37.8506126404, -10.2961072922], [120.931083679, -99.6845626831, 35.0899391174, 21.4975242615, 19.1937065125, -4.75618076324, -0.222267925739, 120.935745239, 40.4657096863, -11.2804822922, -17.4146213531, 11.9392156601, -0.489612221718], [7.21876859665, 39.1253967285, 9.94672203064, 41.1534919739, 13.0322036743, -23.6224365234, -35.4681472778, 40.4657096863, 109.332756042, 3.5337228775, 5.56856203079, 13.3507146835, 9.92991638184], [99.1543502808, -16.371137619, 56.2016448975, -5.78697061539, 4.74762248993, 15.4108819962, 6.16183185577, -11.2804822922, 3.5337228775, 112.908737183, 48.988948822, -5.48628091812, -7.60103940964], [-67.4428787231, 194.855270386, 49.5692062378, 21.9728908539, 34.4252548218, -14.4769086838, 15.6467704773, -17.4146213531, 5.56856203079, 48.988948822, 166.417510986, 1.91809046268, 50.2539253235], [-14.1506347656, -44.6281890869, 75.5563430786, 11.2719640732, -3.92441678047, -22.834985733, -37.8506126404, 11.9392156601, 13.3507146835, -5.48628091812, 1.91809046268, 88.5613174438, 17.9257717133], [-83.9064178467, 108.457748413, 22.0400676727, 20.8085613251, 19.2729434967, -25.2266407013, -10.2961072922, -0.489612221718, 9.92991638184, -7.60103940964, 50.2539253235, 17.9257717133, 103.576377869]],
        "icov": [[0.000969847722445, -0.000200926340767, 0.000312648917316, -0.00111899059266, 0.000622548395768, -0.00133904709946, 0.000678873388097, -0.00148643099237, 0.000813856488094, -0.00133095122874, 0.000462314696051, -0.000195194472326, 0.000406598206609], [-0.000200926340767, 0.00687134359032, -0.00319351069629, 0.00411776732653, -0.00428104167804, 0.00692497054115, -0.00652103079483, 0.00869575515389, -0.0073644365184, 0.00612864131108, -0.00549955060706, 0.00543219549581, -0.00274561415426], [0.000312648917316, -0.00319351069629, 0.00389369297773, -0.00340626924299, 0.00214726128615, -0.00464474223554, 0.00431824615225, -0.00516734784469, 0.00453624501824, -0.00423863297328, 0.00211579189636, -0.00426174374297, 0.00129216734786], [-0.00111899059266, 0.00411776732653, -0.00340626924299, 0.0097890207544, -0.00693502556533, 0.00757080083713, -0.00603587692603, 0.00731813302264, -0.00726530514657, 0.00567140989006, -0.00301072513685, 0.00353730027564, -0.00192987674382], [0.000622548395768, -0.00428104167804, 0.00214726128615, -0.00693502556533, 0.0119155710563, -0.00911202188581, 0.0053433990106, -0.0073793688789, 0.00528387632221, -0.00388778117485, 0.00176101992838, -0.00279152882285, 0.000820089771878], [-0.00133904709946, 0.00692497054115, -0.00464474223554, 0.00757080083713, -0.00911202188581, 0.0196465048939, -0.0126474257559, 0.0115820523351, -0.00849269144237, 0.00635632546619, -0.0034147403203, 0.00606247037649, -0.00170241610613], [0.000678873388097, -0.00652103079483, 0.00431824615225, -0.00603587692603, 0.0053433990106, -0.0126474257559, 0.0158169586211, -0.010672505945, 0.0100857838988, -0.00617089914158, 0.00332003994845, -0.0034367069602, 0.00268341670744], [-0.00148643099237, 0.00869575515389, -0.00516734784469, 0.00731813302264, -0.0073793688789, 0.0115820523351, -0.010672505945, 0.0230209864676, -0.0143704134971, 0.0101296063513, -0.00574675062671, 0.00626581395045, -0.00361356488429], [0.000813856488094, -0.0073644365184, 0.00453624501824, -0.00726530514657, 0.00528387632221, -0.00849269144237, 0.0100857838988, -0.0143704134971, 0.0207377821207, -0.00858786236495, 0.00538654718548, -0.00654530711472, 0.00264909118414], [-0.00133095122874, 0.00612864131108, -0.00423863297328, 0.00567140989006, -0.00388778117485, 0.00635632546619, -0.00617089914158, 0.0101296063513, -0.00858786236495, 0.0185481738299, -0.00934318266809, 0.00594833213836, -0.000338897138136], [0.000462314696051, -0.00549955060706, 0.00211579189636, -0.00301072513685, 0.00176101992838, -0.0034147403203, 0.00332003994845, -0.00574675062671, 0.00538654718548, -0.00934318266809, 0.0140088638291, -0.00404431298375, -0.00186765356921], [-0.000195194472326, 0.00543219549581, -0.00426174374297, 0.00353730027564, -0.00279152882285, 0.00606247037649, -0.0034367069602, 0.00626581395045, -0.00654530711472, 0.00594833213836, -0.00404431298375, 0.0185938570648, -0.00415787566453], [0.000406598206609, -0.00274561415426, 0.00129216734786, -0.00192987674382, 0.000820089771878, -0.00170241610613, 0.00268341670744, -0.00361356488429, 0.00264909118414, -0.000338897138136, -0.00186765356921, -0.00415787566453, 0.0140012074262]]
    },
    "melbands": {
        "max": [0.0616044513881, 0.0274208653718, 0.00927775818855, 0.00425382237881, 0.00256635667756, 0.00739633571357, 0.0074875713326, 0.00683767953888, 0.00575094111264, 0.0112653421238, 0.00548183452338, 0.00522201228887, 0.00685428455472, 0.00203234120272, 0.002780450508, 0.00321421865374, 0.0024330704473, 0.00327617838047, 0.00208732369356, 0.00192633992992, 0.001772594871, 0.00154248345643, 0.000877749116626, 0.000389859080315, 0.000298960949294, 0.000205701566301, 0.000150947569637, 0.000237879896304, 0.000139558891533, 8.00316265668e-05, 3.17192534567e-05, 6.77003918099e-05, 4.8559588322e-05, 4.30762011092e-05, 5.63623070775e-05, 5.7028944866e-05, 6.07757465332e-05, 0.000117574971227, 8.90526644071e-05, 7.85051015555e-05],
        "mean": [0.00618536304682, 0.00272492575459, 0.000324668042595, 0.000142281962326, 0.000179131311597, 0.000445556273917, 0.000634330499452, 0.000309554685373, 0.000169997379999, 0.000220257352339, 0.000328438036377, 0.000296163460007, 0.000295120378723, 0.000128723375383, 0.000126169252326, 0.000131898705149, 0.000135207432322, 0.0001209963375, 8.53511010064e-05, 0.000104835031379, 4.60822739115e-05, 4.35449001088e-05, 2.92790027743e-05, 2.26954034588e-05, 1.64802549989e-05, 1.0727134395e-05, 7.10731683284e-06, 9.15182590688e-06, 6.31246030025e-06, 3.10479981636e-06, 2.08066467167e-06, 1.90556818325e-06, 1.7578194047e-06, 1.99730607164e-06, 2.32281740864e-06, 2.57965348283e-06, 2.57926490121e-06, 2.56491421169e-06, 2.76266860055e-06, 3.07367849928e-06],
        "min": [3.88895671222e-07, 9.68594164874e-08, 1.26956621216e-07, 9.56512877792e-08, 4.78765798562e-07, 1.1990589428e-06, 6.08964171533e-07, 9.59346380114e-07, 2.29851298172e-06, 2.24787208936e-06, 2.6684315344e-06, 3.66097947335e-06, 5.54479186121e-07, 1.22803726299e-06, 7.57021268782e-07, 1.50229334395e-06, 1.73771366008e-06, 2.16589296542e-06, 2.3700198426e-07, 7.22744061932e-07, 5.75886986098e-07, 7.86154032539e-07, 5.89088358538e-07, 4.50163469168e-07, 3.33668026542e-07, 2.04587536246e-07, 1.07109080716e-07, 1.02806019697e-07, 9.40876319078e-08, 6.66378952019e-08, 1.21896031047e-08, 1.22274537162e-08, 2.5650040314e-08, 3.28108846759e-08, 1.82218098388e-08, 1.96589109436e-08, 1.78220176394e-08, 9.74869429626e-09, 5.68756641783e-09, 5.72956393441e-09],
        "stdev": [0.00763088231906, 0.00269850878976, 0.000517294683959, 0.000202939292649, 0.000237471525907, 0.000699940836057, 0.000898281752598, 0.000512400176376, 0.000336764758686, 0.000463792472146, 0.000506024574861, 0.000429476145655, 0.000591495539993, 0.000224741146667, 0.000256509520113, 0.00029476347845, 0.000249499455094, 0.000237812317209, 0.0001717521518, 0.000200018024771, 9.8459138826e-05, 9.78325624601e-05, 5.63544381293e-05, 3.86550782423e-05, 2.53342677752e-05, 1.64595203387e-05, 1.06566740214e-05, 1.5670684661e-05, 1.05776707642e-05, 4.48338278147e-06, 2.92276627079e-06, 3.51020548806e-06, 2.71963085652e-06, 3.1715633213e-06, 3.42407565768e-06, 3.64003494724e-06, 3.61422644346e-06, 4.89717194796e-06, 5.31315254193e-06, 6.31027251075e-06]
    },
    "melbands128": {
        "max": [0.0154930297285, 0.0841807126999, 0.0800343677402, 0.0600015074015, 0.0252594631165, 0.0156154185534, 0.0138444090262, 0.00889093987644, 0.00558824697509, 0.00403141928837, 0.00380231882446, 0.00415952131152, 0.00340252625756, 0.00456260377541, 0.00848415773362, 0.0141497738659, 0.0127924904227, 0.0107144080102, 0.0111563270912, 0.00990562327206, 0.00660464493558, 0.00549217686057, 0.00882799550891, 0.00919099897146, 0.00789416115731, 0.0223071463406, 0.00510226842016, 0.00696512963623, 0.0163301415741, 0.00896795839071, 0.00601918483153, 0.00947713386267, 0.0135363209993, 0.0103205060586, 0.00481953658164, 0.00268792686984, 0.00320890778676, 0.00616257218644, 0.00595098454505, 0.00465247081593, 0.00689544947818, 0.00639436580241, 0.004723505117, 0.00643770955503, 0.00777008570731, 0.00585633609444, 0.00276723410934, 0.00346182426438, 0.00372066930868, 0.00247284234501, 0.00379762379453, 0.00384195125662, 0.00238285656087, 0.00226169847883, 0.00346114323474, 0.00194148614537, 0.00231073820032, 0.00193821208086, 0.000580105523113, 0.000755982357077, 0.000686846440658, 0.000664985389449, 0.000802228227258, 0.000359743571607, 0.000530554796569, 0.000423090939876, 0.000445525249233, 0.000193235173356, 0.000301924388623, 0.000161474119523, 0.000238364445977, 0.000768968020566, 0.000266790390015, 0.000238557739067, 0.000215288964682, 0.000139307536301, 3.87296022382e-05, 3.72006252292e-05, 4.06780745834e-05, 5.92370015511e-05, 9.55257055466e-05, 0.000109739579784, 5.56889535801e-05, 6.14552482148e-05, 3.67775828636e-05, 4.68519829155e-05, 5.71977725485e-05, 7.93889121269e-05, 7.74872969487e-05, 8.63060122356e-05, 5.62629466003e-05, 5.75739941269e-05, 5.20414723724e-05, 4.43363678642e-05, 8.69762952789e-05, 0.000160644049174, 0.000127566076117, 6.20390492259e-05, 9.50389076024e-05, 0.000133984256536, 9.0351793915e-05, 0.000100261408079, 0.000174387358129, 0.00010016138549, 9.9615441286e-05, 0.000131269800477, 9.16233984753e-05, 0.000108927895781, 9.14811826078e-05, 2.78394290945e-05, 2.37265030592e-05, 1.97283425223e-05, 6.74773218634e-06, 4.56355382994e-06, 2.08380939171e-07, 4.28040124234e-07, 1.81947541478e-07, 6.20494544634e-09, 6.01583449722e-09, 5.8533848879e-09, 5.70008618084e-09, 5.56443158217e-09, 5.45085976356e-09, 5.36144906249e-09, 5.27456700539e-09, 5.20242160462e-09, 5.15711429117e-09, 5.12883957526e-09],
        "mean": [0.00111221126281, 0.00645591272041, 0.00847264192998, 0.00552036426961, 0.00223075342365, 0.000795676081907, 0.000413768633734, 0.000213124541915, 0.000133434485178, 0.000128603511257, 0.000148363804328, 0.000180414950592, 0.000132295390358, 0.000232906633755, 0.000434786838014, 0.000447882543085, 0.000874979712535, 0.0006467346102, 0.000406912702601, 0.00033876686939, 0.000291171105346, 0.000125268183183, 0.00016158822109, 0.000201139642741, 0.000204397001653, 0.000264864938799, 0.000162384079886, 0.000323437532643, 0.000519599940162, 0.000278531690128, 0.000231924350373, 0.000284864654532, 0.000307048205286, 0.000346656830516, 0.000121166354802, 6.68767097523e-05, 0.000106416606286, 0.000171438237885, 9.45980864344e-05, 0.000113162444904, 0.000171070321812, 0.000108845291834, 0.000120035299915, 0.000150392384967, 0.000171068590134, 0.000112659356091, 6.42486993456e-05, 9.872350347e-05, 8.57662162161e-05, 7.40921241231e-05, 0.000142961129313, 9.85577498795e-05, 3.42193779943e-05, 3.2894382457e-05, 4.09192471125e-05, 5.0004098739e-05, 4.17569535784e-05, 2.88005794573e-05, 2.45003448072e-05, 3.01933705487e-05, 2.28509161389e-05, 1.72262061824e-05, 1.76708199433e-05, 1.55648667715e-05, 1.6485897504e-05, 9.85519272945e-06, 8.05378476798e-06, 8.20145123726e-06, 6.74197099215e-06, 5.77825903747e-06, 8.5095052782e-06, 1.26947525132e-05, 7.53546328269e-06, 5.03592855239e-06, 4.81046026835e-06, 3.2368839129e-06, 2.30157161241e-06, 2.38729830926e-06, 1.9981071091e-06, 1.86272245628e-06, 1.90976743397e-06, 2.02715295927e-06, 1.65077801739e-06, 1.70399096078e-06, 1.85176781997e-06, 1.86633747035e-06, 2.07431799026e-06, 2.21634422815e-06, 2.37487279264e-06, 2.29437273447e-06, 2.57369561041e-06, 2.55827990259e-06, 2.80490326077e-06, 2.53305233855e-06, 2.55737018051e-06, 2.4702681003e-06, 2.56308226199e-06, 2.61253308054e-06, 2.78623042504e-06, 2.83679378299e-06, 2.88423007078e-06, 3.13074428959e-06, 3.25830069414e-06, 3.17059834742e-06, 2.75174784292e-06, 2.36777805185e-06, 2.01178681891e-06, 1.43079864756e-06, 9.94738229565e-07, 6.90614001542e-07, 5.05761022396e-07, 2.19609404439e-07, 2.87756289907e-08, 6.06313932394e-09, 7.29634686003e-10, 9.40849287367e-10, 2.96765556573e-10, 1.41852857585e-11, 1.34678136698e-11, 1.30973114298e-11, 1.27462857977e-11, 1.24755188818e-11, 1.22283164497e-11, 1.19949839991e-11, 1.16609725348e-11, 1.12311002512e-11, 1.0980780521e-11, 1.08979873736e-11],
        "min": [4.75260275579e-09, 2.63176247017e-07, 1.65565779753e-07, 1.10258426389e-07, 1.12031122157e-08, 3.4767683843e-08, 1.1655894383e-07, 7.07114509169e-08, 9.90573454374e-08, 1.04884080088e-07, 3.80740026173e-08, 1.9795296069e-08, 1.78487084668e-07, 1.5975696499e-07, 2.70496457233e-07, 6.59020145122e-07, 5.70741690353e-07, 4.99614486671e-07, 3.62346895599e-07, 4.09296120552e-07, 4.18308900407e-07, 1.41943758081e-07, 3.20674018894e-07, 3.55611405212e-07, 6.28938551017e-07, 5.00749251842e-07, 6.395565606e-07, 8.02795170785e-07, 1.22657718293e-06, 7.43893735944e-07, 9.19982312553e-07, 4.81589722767e-07, 1.32577710588e-07, 4.63524600036e-07, 2.15184556396e-07, 1.12520865514e-07, 2.7302678518e-07, 3.97358235205e-07, 3.72737673615e-07, 4.80495714328e-07, 3.32569840111e-07, 3.2685898077e-07, 3.59977491371e-07, 4.87507236357e-07, 2.16013077647e-07, 2.48631096156e-07, 4.93234267651e-07, 1.41385342545e-07, 1.42744923437e-07, 5.91272275585e-08, 4.62598393369e-07, 2.00614039159e-07, 1.14447914257e-07, 2.1097864078e-07, 2.39389947865e-07, 1.97487594278e-07, 2.66801833959e-07, 1.78789505867e-07, 1.79425626357e-07, 3.73885633564e-08, 1.40008282301e-07, 2.48720724016e-08, 3.01098488364e-08, 1.15381205035e-07, 6.98434163837e-08, 1.87303239585e-08, 5.38410489526e-08, 5.91453925836e-08, 6.59529009184e-09, 1.57131090361e-08, 6.62846773025e-08, 5.60230013491e-08, 4.84452975513e-08, 4.30210782554e-08, 1.85007102971e-08, 2.65602366767e-08, 4.74009631546e-09, 3.92048704612e-09, 5.99551075453e-09, 2.6749666926e-09, 2.82729173406e-09, 8.44823544455e-10, 4.64166349801e-09, 3.48633877323e-09, 1.35628364095e-09, 7.73356934047e-09, 8.07044120421e-09, 4.62328930695e-09, 1.4580268104e-09, 2.67211319738e-09, 2.91060930913e-09, 1.96780658435e-09, 1.95366145483e-09, 1.09931719283e-09, 5.34595345769e-09, 1.13827107739e-08, 2.59384336232e-09, 2.42434938791e-09, 3.72347175315e-09, 2.71751776637e-09, 3.07079894846e-09, 2.66993227527e-09, 1.58009838547e-09, 6.49237730244e-09, 2.41727443617e-10, 1.13303699756e-09, 2.69983219808e-11, 2.18919153638e-12, 1.94315960891e-12, 7.73727382077e-13, 7.14438003115e-13, 3.77945694489e-13, 2.84437404185e-13, 3.12588822014e-13, 2.71846672777e-13, 2.33297403748e-13, 3.50820067441e-13, 3.96471321485e-13, 3.26966372814e-13, 2.82327004657e-13, 3.27195112367e-13, 2.85008534785e-13, 2.84326707144e-13, 2.97812257711e-13, 2.29573792702e-13, 9.41194821732e-14, 1.2957444159e-14, 3.72016552797e-16],
        "stdev": [0.0018465887988, 0.00982181821018, 0.0106393927708, 0.00599439302459, 0.00249440292828, 0.00105950795114, 0.000828463060316, 0.000441205134848, 0.000238936248934, 0.000215695123188, 0.000266486429609, 0.00033885834273, 0.000229446741287, 0.000455582834547, 0.00102648488246, 0.000902029511053, 0.00152037572116, 0.00107197195757, 0.000994993839413, 0.00070004950976, 0.000605601468123, 0.000311272451654, 0.000452115054941, 0.000566677539609, 0.000478178262711, 0.000754771986976, 0.000346628919942, 0.000602699816227, 0.00107780005783, 0.000556373153813, 0.000513094710186, 0.000724254874513, 0.000825123104732, 0.000981583958492, 0.000307411275571, 0.000160515235621, 0.000278779509244, 0.000447468453785, 0.000268265459454, 0.000300038402202, 0.000505062344018, 0.000380570796551, 0.000324881315464, 0.000415666989284, 0.000435841648141, 0.000311092793709, 0.000163168762811, 0.000270188553259, 0.000239347456954, 0.000182493036846, 0.000331327260938, 0.00028067099629, 0.000114537033369, 0.000111717621621, 0.000147384867887, 0.000137923678267, 0.000127307430375, 9.23997795326e-05, 5.21585934621e-05, 6.17669284111e-05, 5.41367808182e-05, 4.49632098025e-05, 4.66472229164e-05, 2.93102475553e-05, 3.36928933393e-05, 2.23942533921e-05, 1.94568583538e-05, 1.65573273989e-05, 1.41212112794e-05, 1.13478190542e-05, 1.68255774042e-05, 3.50626505679e-05, 1.80502811418e-05, 1.10780447358e-05, 1.0423897038e-05, 6.63867285766e-06, 3.63798812941e-06, 3.74799856218e-06, 3.19751575262e-06, 3.12831480187e-06, 3.93420214095e-06, 5.1124534366e-06, 3.0927676562e-06, 3.06247716253e-06, 2.78728361991e-06, 3.16898444908e-06, 3.94870130549e-06, 4.06222216043e-06, 3.78631239073e-06, 3.63245749213e-06, 3.8916568883e-06, 3.98116526412e-06, 4.60332603325e-06, 3.58537931788e-06, 4.32128035754e-06, 5.41534336662e-06, 5.44091290067e-06, 5.10187419422e-06, 5.9857989072e-06, 6.00359362579e-06, 5.45936200069e-06, 6.82317840983e-06, 8.69120412972e-06, 8.91121817403e-06, 7.93402614363e-06, 7.27358337826e-06, 6.33986201137e-06, 5.01353906657e-06, 3.43889701071e-06, 2.12360464502e-06, 1.49723598497e-06, 8.91885349574e-07, 3.11458705937e-07, 1.10778543672e-07, 7.44689732102e-09, 1.36627908986e-08, 5.1650315136e-09, 1.91806209804e-10, 1.85737536462e-10, 1.80733150668e-10, 1.76018380427e-10, 1.71853559161e-10, 1.68353539443e-10, 1.65575400612e-10, 1.62931806935e-10, 1.6071190212e-10, 1.59313159886e-10, 1.5844416057e-10]
    },
    "mfcc": {
        "mean": [-603.642700195, 113.725257874, -3.79837679863, 0.123440928757, 16.5422382355, 1.35700857639, 9.56135082245, 7.92641878128, 7.14918375015, 11.4200925827, 2.5088019371, 6.96064949036, 7.04315853119],
        "cov": [[1660.93322754, -448.172027588, -59.6478042603, 18.1447601318, 5.55241584778, 58.1855545044, 60.9791488647, 50.7324066162, 101.518173218, 108.352203369, 54.4666900635, 36.9304199219, 44.159412384], [-448.172027588, 621.184265137, 99.2151412964, 49.9542694092, 23.6642913818, 17.960647583, 63.9533538818, -62.7919921875, -82.6143341064, -4.57019472122, -18.9494247437, 24.5085086823, 35.493927002], [-59.6478042603, 99.2151412964, 440.062408447, 102.456298828, 121.211166382, 23.0888290405, 9.93356227875, -12.4772644043, -9.38722229004, -21.1146640778, 11.5589647293, 35.4024200439, 29.7736663818], [18.1447601318, 49.9542694092, 102.456298828, 266.157073975, 130.954605103, 11.8426218033, 8.76467609406, 15.3334026337, 13.6914758682, -12.9121360779, -8.12908363342, 39.1393890381, 35.9905967712], [5.55241584778, 23.6642913818, 121.211166382, 130.954605103, 242.553756714, 1.41493988037, -14.8477573395, 21.4758911133, 15.2453355789, -1.19569408894, -8.29441833496, 24.8323135376, 33.0733261108], [58.1855545044, 17.960647583, 23.0888290405, 11.8426218033, 1.41493988037, 195.370864868, 89.745880127, 10.6405191422, 0.560543060303, 19.7017021179, 21.9090843201, -11.170630455, -2.56130361557], [60.9791488647, 63.9533538818, 9.93356227875, 8.76467609406, -14.8477573395, 89.745880127, 217.030654907, 6.80335092545, -13.8526687622, 49.7772140503, 2.96016073227, 12.8618450165, 24.4389724731], [50.7324066162, -62.7919921875, -12.4772644043, 15.3334026337, 21.4758911133, 10.6405191422, 6.80335092545, 133.784576416, 56.8247337341, -9.80436706543, 8.17375278473, -11.8206148148, -13.3714208603], [101.518173218, -82.6143341064, -9.38722229004, 13.6914758682, 15.2453355789, 0.560543060303, -13.8526687622, 56.8247337341, 107.246772766, 17.1409015656, 2.70265626907, -5.45489168167, -10.5368213654], [108.352203369, -4.57019472122, -21.1146640778, -12.9121360779, -1.19569408894, 19.7017021179, 49.7772140503, -9.80436706543, 17.1409015656, 86.5709838867, 22.0175018311, 7.71309280396, 14.4299678802], [54.4666900635, -18.9494247437, 11.5589647293, -8.12908363342, -8.29441833496, 21.9090843201, 2.96016073227, 8.17375278473, 2.70265626907, 22.0175018311, 83.7349624634, 20.0347290039, -6.77349233627], [36.9304199219, 24.5085086823, 35.4024200439, 39.1393890381, 24.8323135376, -11.170630455, 12.8618450165, -11.8206148148, -5.45489168167, 7.71309280396, 20.0347290039, 85.9564666748, 36.7496986389], [44.159412384, 35.493927002, 29.7736663818, 35.9905967712, 33.0733261108, -2.56130361557, 24.4389724731, -13.3714208603, -10.5368213654, 14.4299678802, -6.77349233627, 36.7496986389, 81.7470397949]],
        "icov": [[0.000881461717654, 0.000651337206364, 8.00892485131e-06, -0.000139734882396, 8.37718180264e-05, -0.000184659016668, -0.000116426002933, -1.02528229036e-05, -0.000268035859335, -0.000781172595453, -0.000151769447257, -0.000228273391258, -0.000513523002155], [0.000651337206364, 0.00243913382292, -0.000326490291627, -0.000375263130991, 9.89016989479e-05, -0.000130650223582, -0.000540572509635, 0.000346712913597, 0.00103467749432, -0.000609225127846, 0.000322533189319, -0.00030819568201, -0.000546378432773], [8.00892485131e-06, -0.000326490291627, 0.00293073686771, -0.000322250212776, -0.00125978258438, -0.000239517612499, -0.000295342964819, 0.000653697818052, -0.000398283533286, 0.00131157401484, -0.000916607561521, -0.00029823629302, -0.000315445446176], [-0.000139734882396, -0.000375263130991, -0.000322250212776, 0.00570701761171, -0.00255626370199, -0.000349833106156, -0.000331258226652, -7.2715600254e-05, -0.000949207693338, 0.00149111601058, 0.000417096976889, -0.00155989569612, -0.000696175673511], [8.37718180264e-05, 9.89016989479e-05, -0.00125978258438, -0.00255626370199, 0.0065176342614, -0.000251595512964, 0.00121435138863, -0.00132185150869, 0.000238504013396, -0.00157856172882, 0.00105215038639, -0.000222426242544, -0.0012314110063], [-0.000184659016668, -0.000130650223582, -0.000239517612499, -0.000349833106156, -0.000251595512964, 0.00697648851201, -0.00312884454615, 0.00024969902006, -0.000359070982086, 0.000769880018197, -0.00235605961643, 0.00216713035479, 0.000342708197422], [-0.000116426002933, -0.000540572509635, -0.000295342964819, -0.000331258226652, 0.00121435138863, -0.00312884454615, 0.00761879654601, -0.00215381081216, 0.00222461600788, -0.00466802017763, 0.00226136529818, -0.00135952408891, -0.000759029993787], [-1.02528229036e-05, 0.000346712913597, 0.000653697818052, -7.2715600254e-05, -0.00132185150869, 0.00024969902006, -0.00215381081216, 0.0113193895668, -0.00627658423036, 0.00435044849291, -0.00258119730279, 0.00172376597766, 0.000121200639114], [-0.000268035859335, 0.00103467749432, -0.000398283533286, -0.000949207693338, 0.000238504013396, -0.000359070982086, 0.00222461600788, -0.00627658423036, 0.015023923479, -0.00557937147096, 0.00235939910635, -0.000822976173367, 0.00194588699378], [-0.000781172595453, -0.000609225127846, 0.00131157401484, 0.00149111601058, -0.00157856172882, 0.000769880018197, -0.00466802017763, 0.00435044849291, -0.00557937147096, 0.0189245119691, -0.00572624709457, 0.00169740105048, -0.00297500332817], [-0.000151769447257, 0.000322533189319, -0.000916607561521, 0.000417096976889, 0.00105215038639, -0.00235605961643, 0.00226136529818, -0.00258119730279, 0.00235939910635, -0.00572624709457, 0.0163290854543, -0.00591979082674, 0.00382358138449], [-0.000228273391258, -0.00030819568201, -0.00029823629302, -0.00155989569612, -0.000222426242544, 0.00216713035479, -0.00135952408891, 0.00172376597766, -0.000822976173367, 0.00169740105048, -0.00591979082674, 0.017561096698, -0.00689205853269], [-0.000513523002155, -0.000546378432773, -0.000315445446176, -0.000696175673511, -0.0012314110063, 0.000342708197422, -0.000759029993787, 0.000121200639114, 0.00194588699378, -0.00297500332817, 0.00382358138449, -0.00689205853269, 0.0181157104671]]
    },
    "spectral_contrast_coeffs": {
        "max": [-0.588131725788, -0.492594003677, -0.495374590158, -0.578491210938, -0.587514281273, -0.685012638569],
        "mean": [-0.771138966084, -0.732670724392, -0.735979437828, -0.765250682831, -0.772063612938, -0.785723030567],
        "min": [-0.894240796566, -0.934874594212, -0.920578896999, -0.893701076508, -0.870028376579, -0.877917528152],
        "stdev": [0.0479308590293, 0.0747707635164, 0.066372603178, 0.0591704808176, 0.0452691353858, 0.028736108914]
    },
    "spectral_contrast_valleys": {
        "max": [-4.91656160355, -4.86369419098, -5.36293554306, -5.56565713882, -5.57464361191, -7.66464090347],
        "mean": [-6.60344839096, -6.45974111557, -6.79715299606, -7.00979471207, -7.39336395264, -9.79317378998],
        "min": [-10.3972063065, -7.95778894424, -8.23792743683, -8.46599578857, -8.74251842499, -12.1682720184],
        "stdev": [0.645714640617, 0.506456196308, 0.497083932161, 0.439643740654, 0.513472437859, 0.774140179157]
    }
},
"rhythm": {
    "beats_count": 105,
    "beats_loudness": {
        "max": 0.131858572364,
        "mean": 0.0485552959144,
        "min": 0.00297011714429,
        "stdev": 0.0254861917347
    },
    "bpm": 125.090194702,
    "bpm_histogram_first_peak_bpm": 126,
    "bpm_histogram_first_peak_weight": 0.395061731339,
    "bpm_histogram_second_peak_bpm": 152,
    "bpm_histogram_second_peak_spread": 0,
    "bpm_histogram_second_peak_weight": 0.0673076957464,
    "danceability": 0.959519505501,
    "onset_rate": 3.1787109375,
    "beats_loudness_band_ratio": {
        "max": [0.938871026039, 0.363108634949, 0.605925559998, 0.66780769825, 0.488193541765, 0.28701338172],
        "mean": [0.452836066484, 0.0651620253921, 0.146513551474, 0.20442648232, 0.118558675051, 0.0500603578985],
        "min": [0.0132731189951, 0.00178492697887, 0.0103552620858, 0.0030791356694, 0.00393693940714, 0.00173823849764],
        "stdev": [0.261936157942, 0.076522782445, 0.130699679255, 0.165579885244, 0.100133694708, 0.0456832610071]
    },
