{
"metadata": {
    "version": {
        "essentia": "2.1-beta5",
        "essentia_git_sha": "Undefined",
        "extractor": "music 2.0"
    },
    "audio_properties": {
        "analysis": {
            "equal_loudness": 0,
            "length": 29.0017242432,
            "sample_rate": 44100,
            "start_time": 0,
            "downmix": "mix"
        },
        "bit_rate": 192000,
        "length": 193.329360962,
        "lossless": 0,
        "number_channels": 2,
        "replay_gain": 0.712579727173,
        "sample_rate": 48000,
        "codec": "mp3",
        "md5_encoded": "d235d5328da1945f0ac0f1f9026a6642"
    },
    "tags": {
        "file_name": "Finland_Sing It Away_Sandhja.mp3",
        "encoding": ["Lavf58.29.100"]
    }
},
"lowlevel": {
    "average_loudness": 0.405709832907,
    "barkbands_crest": {
        "max": 25.8569107056,
        "mean": 10.2028503418,
        "min": 3.1149623394,
        "stdev": 4.71064710617
    },
    "barkbands_flatness_db": {
        "max": 0.344011634588,
        "mean": 0.162508964539,
        "min": 0.0613141693175,
        "stdev": 0.0480768308043
    },
    "barkbands_kurtosis": {
        "max": 178.40612793,
        "mean": 5.13663578033,
        "min": -1.85840725899,
        "stdev": 10.6435670853
    },
    "barkbands_skewness": {
        "max": 11.2604484558,
        "mean": 1.38154017925,
        "min": -2.99917078018,
        "stdev": 1.40280210972
    },
    "barkbands_spread": {
        "max": 93.6218414307,
        "mean": 15.2461862564,
        "min": 0.936344742775,
        "stdev": 11.9851493835
    },
    "dissonance": {
        "max": 0.499999940395,
        "mean": 0.459577292204,
        "min": 0.288223832846,
        "stdev": 0.0339774079621
    },
    "dynamic_complexity": 4.34630584717,
    "erbbands_crest": {
        "max": 29.9586753845,
        "mean": 9.65063762665,
        "min": 2.93009734154,
        "stdev": 4.2248210907
    },
    "erbbands_flatness_db": {
        "max": 0.326142907143,
        "mean": 0.19992248714,
        "min": 0.0769691765308,
        "stdev": 0.0432749092579
    },
    "erbbands_kurtosis": {
        "max": 59.4354476929,
        "mean": 1.56602787971,
        "min": -1.71087944508,
        "stdev": 3.21133542061
    },
    "erbbands_skewness": {
        "max": 6.70493221283,
        "mean": 0.635562360287,
        "min": -3.4845085144,
        "stdev": 0.820561170578
    },
    "erbbands_spread": {
        "max": 124.659347534,
        "mean": 24.8799648285,
        "min": 3.82188177109,
        "stdev": 15.6174516678
    },
    "hfc": {
        "max": 133.592071533,
        "mean": 13.4723377228,
        "min": 1.1491619233e-16,
        "stdev": 14.3988895416
    },
    "loudness_ebu128": {
        "integrated": -24.6428623199,
        "loudness_range": 11.8612861633,
        "momentary": {
            "max": -19.473772049,
            "mean": -26.9845657349,
            "min": -48.4396514893,
            "stdev": 5.27346658707
        },
        "short_term": {
            "max": -20.9932403564,
            "mean": -26.5248203278,
            "min": -37.6887588501,
            "stdev": 3.8542842865
        }
    },
    "melbands_crest": {
        "max": 32.9506835938,
        "mean": 13.3211135864,
        "min": 1.85878074169,
        "stdev": 6.06700992584
    },
    "melbands_flatness_db": {
        "max": 0.412237942219,
        "mean": 0.203407868743,
        "min": 0.00441875169054,
        "stdev": 0.0697120130062
    },
    "melbands_kurtosis": {
        "max": 256.49331665,
        "mean": 9.00627040863,
        "min": -1.88819551468,
        "stdev": 16.0085906982
    },
    "melbands_skewness": {
        "max": 11.3368873596,
        "mean": 1.85245609283,
        "min": -0.948728382587,
        "stdev": 1.51634597778
    },
    "melbands_spread": {
        "max": 257.19317627,
        "mean": 21.3267383575,
        "min": 0.80806350708,
        "stdev": 21.9769668579
    },
    "pitch_salience": {
        "max": 0.939324736595,
        "mean": 0.589961826801,
        "min": 0.0951528698206,
        "stdev": 0.132504656911
    },
    "silence_rate_20dB": {
        "max": 1,
        "mean": 1,
        "min": 1,
        "stdev": 0
    },
    "silence_rate_30dB": {
        "max": 1,
        "mean": 0.979200005531,
        "min": 0,
        "stdev": 0.142714336514
    },
    "silence_rate_60dB": {
        "max": 1,
        "mean": 0.152799993753,
        "min": 0,
        "stdev": 0.359793066978
    },
    "spectral_centroid": {
        "max": 11178.1621094,
        "mean": 1133.46740723,
        "min": 245.717453003,
        "stdev": 743.444519043
    },
    "spectral_complexity": {
        "max": 38,
        "mean": 15.0047998428,
        "min": 0,
        "stdev": 8.21773433685
    },
    "spectral_decrease": {
        "max": 9.38102540688e-29,
        "mean": -5.40233147106e-09,
        "min": -1.22505255717e-07,
        "stdev": 8.29565838245e-09
    },
    "spectral_energy": {
        "max": 0.4720505476,
        "mean": 0.0216116141528,
        "min": 1.06276407439e-20,
        "stdev": 0.0321010611951
    },
    "spectral_energyband_high": {
        "max": 0.0148323467001,
        "mean": 0.000318009668263,
        "min": 7.46194379926e-21,
        "stdev": 0.00105223734863
    },
    "spectral_energyband_low": {
        "max": 0.374753236771,
        "mean": 0.0064187720418,
        "min": 5.87984670118e-23,
        "stdev": 0.024277087301
    },
    "spectral_energyband_middle_high": {
        "max": 0.0404676422477,
        "mean": 0.00467259716243,
        "min": 1.42142021759e-21,
        "stdev": 0.00581613974646
    },
    "spectral_energyband_middle_low": {
        "max": 0.164141580462,
        "mean": 0.0111197773367,
        "min": 2.17294147102e-22,
        "stdev": 0.0146012175828
    },
    "spectral_entropy": {
        "max": 9.80140781403,
        "mean": 7.40080690384,
        "min": 5.54186105728,
        "stdev": 0.509249985218
    },
    "spectral_flux": {
        "max": 0.59975528717,
        "mean": 0.0732632353902,
        "min": 6.72222624787e-11,
        "stdev": 0.0595542937517
    },
    "spectral_kurtosis": {
        "max": 42.2531051636,
        "mean": 7.49864435196,
        "min": -1.26616430283,
        "stdev": 4.75299882889
    },
    "spectral_rms": {
        "max": 0.0214601289481,
        "mean": 0.00390348653309,
        "min": 3.22000477497e-12,
        "stdev": 0.00241812341847
    },
    "spectral_rolloff": {
        "max": 19121.484375,
        "mean": 1481.17407227,
        "min": 86.1328125,
        "stdev": 1762.04309082
    },
    "spectral_skewness": {
        "max": 4.4852104187,
        "mean": 2.08003139496,
        "min": -0.301426529884,
        "stdev": 0.573388576508
    },
    "spectral_spread": {
        "max": 41867304,
        "mean": 3956037.75,
        "min": 1386509,
        "stdev": 2348231.25
    },
    "spectral_strongpeak": {
        "max": 9.97655677795,
        "mean": 0.848553836346,
        "min": 1.8647352551e-09,
        "stdev": 0.961166858673
    },
    "zerocrossingrate": {
        "max": 0.568359375,
        "mean": 0.0583207048476,
        "min": 0.01220703125,
        "stdev": 0.0510769374669
    },
    "barkbands": {
        "max": [0.0109112337232, 0.081636890769, 0.255532354116, 0.0965755879879, 0.0421151407063, 0.072591714561, 0.0541090704501, 0.0417828671634, 0.0350345633924, 0.0266923252493, 0.0281981863081, 0.0186206754297, 0.0111536504701, 0.0105415061116, 0.00967918895185, 0.0105728888884, 0.00504389312118, 0.00280969287269, 0.00417156890035, 0.00118579086848, 0.00138727971353, 0.00205168360844, 0.00343332346529, 0.00528167840093, 0.00634034024552, 0.000662323494907, 1.01289579106e-05],
        "mean": [0.000264538801275, 0.00298361387104, 0.00248076790012, 0.00108273292426, 0.00358883826993, 0.00219885888509, 0.00138332729694, 0.0013982958626, 0.00105573423207, 0.00129526178353, 0.000889865681529, 0.000785126292612, 0.00039548650966, 0.000437644426711, 0.000356252421625, 0.000278817286016, 0.000171712745214, 0.000141909898957, 8.15160747152e-05, 4.83187941427e-05, 3.21231746057e-05, 3.76074312953e-05, 5.5682110542e-05, 7.50037143007e-05, 8.16966130515e-05, 1.08862041088e-05, 2.30274768143e-08],
        "min": [2.93310948563e-24, 1.13035169134e-23, 2.03681897799e-23, 6.85010206948e-24, 4.41895455971e-23, 3.94575666126e-23, 1.99613679001e-23, 1.84231695988e-23, 4.27545129472e-23, 3.59308755834e-23, 1.07436190994e-22, 5.93569237347e-23, 3.31220795324e-23, 5.16609734482e-23, 1.07138052059e-22, 1.46092331725e-22, 1.90807618406e-22, 2.60631691367e-22, 2.05860056354e-22, 1.99066891109e-22, 3.18323828291e-22, 5.57556235033e-22, 7.09570715967e-22, 9.45115747024e-22, 1.0619450121e-21, 1.60519365796e-21, 2.09297818778e-21],
        "stdev": [0.0010529026622, 0.00888371281326, 0.0152613800019, 0.00532987061888, 0.00543549936265, 0.00660950085148, 0.00404390832409, 0.00414457451552, 0.00189690350089, 0.00286089093424, 0.00177926337346, 0.001441341592, 0.000733410532121, 0.000874047749676, 0.000683965452481, 0.000684302009176, 0.00035501740058, 0.000246745388722, 0.000200381269678, 9.84811922535e-05, 6.72512323945e-05, 0.000116837691166, 0.000241623754846, 0.000327667425154, 0.000396967458073, 4.73125037388e-05, 3.64929803709e-07]
    },
    "erbbands": {
        "max": [4.18041706085, 19.5187892914, 216.860687256, 423.105804443, 118.894569397, 210.515075684, 370.957305908, 792.578430176, 982.750488281, 519.909545898, 1200.24499512, 551.871276855, 796.30670166, 1401.01049805, 1254.33752441, 945.566040039, 493.943084717, 383.618865967, 576.723815918, 298.071807861, 680.024658203, 293.556152344, 135.076797485, 247.996231079, 77.9722747803, 61.1440658569, 94.4014663696, 32.7638893127, 58.5717430115, 96.4509506226, 109.470375061, 84.4885406494, 93.8297958374, 76.1941146851, 50.9616889954, 6.79562616348, 0.488007515669, 0.0575974471867, 0.00107048486825, 0.000525052601006],
        "mean": [0.110534764826, 0.592672884464, 2.3591504097, 3.93491292, 5.42472696304, 14.757183075, 16.0694828033, 19.0059452057, 21.980430603, 20.3337993622, 30.4288692474, 24.5463943481, 38.7391052246, 38.0873260498, 34.5931472778, 31.8001785278, 19.424539566, 23.1620197296, 20.9406852722, 16.2279834747, 14.1816701889, 9.65333557129, 7.99198436737, 6.07992172241, 3.14014172554, 2.26196265221, 1.59827971458, 1.14867138863, 1.27462661266, 1.56039595604, 1.62876713276, 1.29840195179, 1.40967643261, 1.00929701328, 0.530013978481, 0.104066893458, 0.00922425277531, 0.000384828686947, 2.85038531729e-05, 2.73351815849e-05],
        "min": [5.04240294514e-22, 2.64208434674e-21, 2.13696779816e-20, 2.32328457658e-20, 2.99056293723e-20, 1.49087931679e-19, 3.99138556246e-19, 2.91371553188e-19, 3.67726786075e-19, 2.22671411581e-19, 5.21255721216e-19, 6.99743047733e-19, 1.91254538739e-18, 2.33207505726e-18, 2.21269076779e-18, 2.45638520728e-18, 1.67205151648e-18, 3.21670481092e-18, 5.41986563087e-18, 5.00665417331e-18, 9.86947570017e-18, 1.1101517382e-17, 1.25884655229e-17, 1.10768343125e-17, 9.92594235751e-18, 9.43901752685e-18, 1.22104861692e-17, 1.4346001813e-17, 2.03122653198e-17, 1.89285691717e-17, 2.15623684903e-17, 1.82690845391e-17, 1.51876299622e-17, 1.0733039852e-17, 8.2809166928e-18, 5.80692163746e-18, 3.2618246182e-18, 1.0882420192e-18, 2.43344878136e-19, 3.1857090609e-20],
        "stdev": [0.39537319541, 1.74119794369, 12.9984931946, 23.317533493, 10.3346471786, 24.6022758484, 34.1605796814, 68.5573196411, 69.3242950439, 46.7752151489, 92.5830230713, 41.0712165833, 79.0130462646, 75.0692901611, 70.0459213257, 56.7288246155, 33.1926727295, 39.1893768311, 40.7399902344, 28.4623508453, 37.0281257629, 19.4046573639, 13.2712955475, 13.9955091476, 5.67810678482, 4.63487100601, 4.09748601913, 2.31530809402, 3.78051662445, 5.88061666489, 7.4090590477, 5.458796978, 6.36155033112, 4.68375635147, 2.82911777496, 0.463789910078, 0.03461291641, 0.00246849795803, 7.64605283621e-05, 3.72457761841e-05]
    },
    "gfcc": {
        "mean": [-57.1182365417, 104.215408325, -142.715866089, 10.8698644638, -65.724609375, 21.4259262085, -50.373500824, 10.0122032166, -28.1891899109, -5.46807765961, -14.6748685837, -6.69525957108, -3.10239267349],
        "cov": [[9958.86328125, 605.080688477, 742.866333008, 384.112579346, -107.338668823, 394.721893311, 8.62975025177, 300.524536133, -144.627380371, 45.2496528625, -69.1585235596, 48.6476211548, -43.6693763733], [605.080688477, 1877.24804688, 320.56036377, 19.9214878082, 391.731414795, -343.433410645, 81.839263916, -171.82383728, 84.3878250122, -108.347251892, 239.195205688, -133.409912109, 115.175979614], [742.866333008, 320.56036377, 1183.77453613, 241.778518677, 8.05017185211, -103.601524353, -291.376586914, -56.5772857666, -50.5381889343, 91.5308227539, 62.5997047424, 15.7187213898, 2.59909534454], [384.112579346, 19.9214878082, 241.778518677, 359.372161865, 142.730697632, 142.933166504, 68.888458252, 39.6568565369, 48.4600830078, 35.2295455933, 21.0073127747, 20.3061885834, 21.1921672821], [-107.338668823, 391.731414795, 8.05017185211, 142.730697632, 352.261871338, 66.4040603638, 191.412811279, 43.6825714111, 73.4323043823, 3.39699816704, 27.3873062134, -1.48101198673, 28.4665050507], [394.721893311, -343.433410645, -103.601524353, 142.933166504, 66.4040603638, 346.174926758, 226.427322388, 116.676094055, 31.1823139191, 25.2956943512, -68.1250915527, 48.3777618408, -20.0572681427], [8.62975025177, 81.839263916, -291.376586914, 68.888458252, 191.412811279, 226.427322388, 431.472869873, 108.064979553, 95.0725860596, -19.0951404572, -16.50207901, 26.007686615, 12.5278015137], [300.524536133, -171.82383728, -56.5772857666, 39.6568565369, 43.6825714111, 116.676094055, 108.064979553, 146.249649048, 38.3722038269, 34.6075820923, -37.9446487427, 26.9863548279, 0.205228462815], [-144.627380371, 84.3878250122, -50.5381889343, 48.4600830078, 73.4323043823, 31.1823139191, 95.0725860596, 38.3722038269, 123.825737, 27.5832290649, 26.9009513855, -1.34688913822, 21.7980670929], [45.2496528625, -108.347251892, 91.5308227539, 35.2295455933, 3.39699816704, 25.2956943512, -19.0951404572, 34.6075820923, 27.5832290649, 98.8443756104, 9.38742256165, 23.8520679474, -5.48951435089], [-69.1585235596, 239.195205688, 62.5997047424, 21.0073127747, 27.3873062134, -68.1250915527, -16.50207901, -37.9446487427, 26.9009513855, 9.38742256165, 112.231910706, -6.50559139252, 38.5810966492], [48.6476211548, -133.409912109, 15.7187213898, 20.3061885834, -1.48101198673, 48.3777618408, 26.007686615, 26.9863548279, -1.34688913822, 23.8520679474, -6.50559139252, 83.4257583618, 16.7997550964], [-43.6693763733, 115.175979614, 2.59909534454, 21.1921672821, 28.4665050507, -20.0572681427, 12.5278015137, 0.205228462815, 21.7980670929, -5.48951435089, 38.5810966492, 16.7997550964, 81.6652374268]],
        "icov": [[0.000203209900064, -0.000518850807566, 8.88815848157e-05, -0.000315127719659, 0.000653083377983, -0.000546776631381, 0.000332628696924, -0.000828407763038, 0.000421040662332, -0.000199130314286, 0.000303694920149, -0.000371470465325, 0.000315657147439], [-0.000518850807566, 0.00353926606476, -0.00119218567852, 0.00161377410404, -0.00377757567912, 0.00304737500846, -0.00229656859301, 0.00319519429468, -0.00135727832094, 0.00222805212252, -0.00298961531371, 0.00314559252001, -0.00196302705444], [8.88815848157e-05, -0.00119218567852, 0.00192448298912, -0.00168891937938, 0.000976602546871, -0.000566607282963, 0.00166878593154, -0.00084196642274, 0.000951065332629, -0.00173291924875, 0.000721481570508, -0.00143743481021, 0.000956989184488], [-0.000315127719659, 0.00161377410404, -0.00168891937938, 0.00643848069012, -0.00358759309165, -0.00194166658912, 3.46724591509e-05, 0.0020623090677, -0.00218779616989, 0.00142347358633, -0.0023643898312, 0.00164363859221, -0.00183981715236], [0.000653083377983, -0.00377757567912, 0.000976602546871, -0.00358759309165, 0.00905073713511, -0.00179105834104, -0.000333036325173, -0.00391324516386, 0.00128572864924, -0.00258804578334, 0.00314556481317, -0.00246920972131, 0.00154771248344], [-0.000546776631381, 0.00304737500846, -0.000566607282963, -0.00194166658912, -0.00179105834104, 0.0109473727643, -0.00592901790515, 0.00102969282307, 0.000272790843155, 0.000185708835488, 0.00049940176541, 0.00096599193057, -0.000343327963492], [0.000332628696924, -0.00229656859301, 0.00166878593154, 3.46724591509e-05, -0.000333036325173, -0.00592901790515, 0.00868077669293, -0.00353238033131, -0.00204274593852, 0.00163399928715, 0.000247513991781, -0.00318097486161, 0.00188434519805], [-0.000828407763038, 0.00319519429468, -0.00084196642274, 0.0020623090677, -0.00391324516386, 0.00102969282307, -0.00353238033131, 0.0159313976765, -0.00363190495409, -0.00230039353482, 0.00167086569127, 0.00201037013903, -0.00372700300068], [0.000421040662332, -0.00135727832094, 0.000951065332629, -0.00218779616989, 0.00128572864924, 0.000272790843155, -0.00204274593852, -0.00363190495409, 0.0142828673124, -0.00535999983549, -0.00105503050145, 0.00157219881658, -0.0013795173727], [-0.000199130314286, 0.00222805212252, -0.00173291924875, 0.00142347358633, -0.00258804578334, 0.000185708835488, 0.00163399928715, -0.00230039353482, -0.00535999983549, 0.0176139529794, -0.00521568395197, -0.00233237911016, 0.00269836420193], [0.000303694920149, -0.00298961531371, 0.000721481570508, -0.0023643898312, 0.00314556481317, 0.00049940176541, 0.000247513991781, 0.00167086569127, -0.00105503050145, -0.00521568395197, 0.0176479723305, -0.00169279600959, -0.00410478701815], [-0.000371470465325, 0.00314559252001, -0.00143743481021, 0.00164363859221, -0.00246920972131, 0.00096599193057, -0.00318097486161, 0.00201037013903, 0.00157219881658, -0.00233237911016, -0.00169279600959, 0.01882863231, -0.00708493450657], [0.000315657147439, -0.00196302705444, 0.000956989184488, -0.00183981715236, 0.00154771248344, -0.000343327963492, 0.00188434519805, -0.00372700300068, -0.0013795173727, 0.00269836420193, -0.00410478701815, -0.00708493450657, 0.018672209233]]
    },
    "melbands": {
        "max": [0.0288837142289, 0.0837289243937, 0.0595571249723, 0.0109890196472, 0.01094884146, 0.0160019136965, 0.012551070191, 0.00733599858359, 0.0115424012765, 0.00305624469183, 0.00414369767532, 0.00541958864778, 0.00443879747763, 0.00209812051617, 0.00159567361698, 0.00127769960091, 0.000880297506228, 0.000927243148908, 0.000497807573993, 0.000607732974458, 0.000918572302908, 0.000360035628546, 0.000194988358999, 0.000122777171782, 0.000255209044553, 6.81743986206e-05, 4.19398857048e-05, 4.83883195557e-05, 6.80860321154e-05, 1.6616024368e-05, 2.01745624508e-05, 2.93079538096e-05, 4.48248320026e-05, 5.46055744053e-05, 6.95411654306e-05, 5.57710591238e-05, 4.62793868792e-05, 6.1843675212e-05, 6.76153358654e-05, 7.68580794102e-05],
        "mean": [0.0008873376064, 0.00107314751949, 0.000687482825015, 0.000718422292266, 0.000606096291449, 0.000425198843004, 0.000328607537085, 0.000239679793594, 0.000235075538512, 0.000154371111421, 0.000195701926714, 0.000156118752784, 0.000117314921226, 9.45470383158e-05, 5.70565171074e-05, 4.026462193e-05, 4.36446352978e-05, 3.3436488593e-05, 2.55490031122e-05, 2.05296910281e-05, 1.53336222866e-05, 1.06124525701e-05, 7.40876657801e-06, 6.56231031826e-06, 4.92319577461e-06, 2.41817429014e-06, 1.86435318028e-06, 1.4324333506e-06, 1.06523680188e-06, 7.29678333755e-07, 6.41627536879e-07, 6.98752842254e-07, 7.59829731578e-07, 9.07606079181e-07, 9.72991301751e-07, 8.09814991953e-07, 7.8158842598e-07, 9.96703647616e-07, 9.34356251037e-07, 8.35310459024e-07],
        "min": [6.22133614624e-24, 8.40825460745e-24, 4.4537146111e-24, 5.5711368722e-24, 1.34142546826e-23, 7.23128202546e-24, 5.13972422592e-24, 2.34328291997e-24, 4.37968119843e-24, 5.64654448056e-24, 8.9754313988e-24, 8.30324144374e-24, 1.07639526203e-23, 4.50023452754e-24, 5.94225451291e-24, 4.04484997607e-24, 5.60170917658e-24, 8.31669546648e-24, 8.29364179539e-24, 6.65938390159e-24, 1.17049382514e-23, 1.22079782846e-23, 8.69536290048e-24, 1.44650710509e-23, 7.74211915983e-24, 8.28024614836e-24, 5.68814466597e-24, 6.27272570105e-24, 7.35954607549e-24, 8.52043930564e-24, 7.22504292457e-24, 1.11737595497e-23, 1.09284482629e-23, 9.88563252188e-24, 1.25592193915e-23, 1.00369707534e-23, 1.22639937197e-23, 1.15429724858e-23, 9.04095260787e-24, 8.46851490313e-24],
        "stdev": [0.00284939142875, 0.00510028237477, 0.00333415577188, 0.001179087325, 0.00110118358862, 0.00144225882832, 0.000981230405159, 0.000610856746789, 0.000742191332392, 0.000261520792264, 0.000413067435147, 0.000322894687997, 0.00023771985434, 0.000176478206413, 0.000106244864583, 7.40004325053e-05, 8.14543527667e-05, 6.82421741658e-05, 4.50111147074e-05, 4.43325843662e-05, 4.52141866845e-05, 2.25202256843e-05, 1.42879225677e-05, 1.13732121463e-05, 1.30960097522e-05, 4.61066156277e-06, 3.78608865503e-06, 3.42239741258e-06, 3.22317669088e-06, 1.34819538289e-06, 1.4171686189e-06, 2.05349260796e-06, 2.60652632278e-06, 3.59868727173e-06, 4.58489739685e-06, 3.53696236743e-06, 3.28308647113e-06, 4.67291783934e-06, 4.06263598052e-06, 4.1880102799e-06]
    },
    "melbands128": {
        "max": [0.00991716142744, 0.039678376168, 0.0357530340552, 0.0369335673749, 0.0882482454181, 0.138486877084, 0.102846994996, 0.027423068881, 0.0133715001866, 0.0189339574426, 0.0162470787764, 0.0163361765444, 0.0184187982231, 0.0136867510155, 0.0292856134474, 0.0351110436022, 0.0259511675686, 0.0135883362964, 0.00986593402922, 0.00677870307118, 0.016270507127, 0.010814204812, 0.0197739917785, 0.014435925521, 0.00411653053015, 0.00513642234728, 0.00499160494655, 0.00772056588903, 0.00862101186067, 0.00710317026824, 0.0114567223936, 0.00315646710806, 0.00775514543056, 0.00488709984347, 0.00441086199135, 0.0040086703375, 0.00494564929977, 0.00310515286401, 0.0028423096519, 0.00196814583614, 0.00190581055358, 0.00093579897657, 0.00122338137589, 0.00245602079667, 0.00148093956523, 0.00178269355092, 0.00212347856723, 0.000860630068928, 0.000596175668761, 0.000662174716126, 0.00108461629134, 0.00126829976216, 0.0016326631885, 0.00101084727794, 0.000614206539467, 0.000553339428734, 0.000257739506196, 0.00029302155599, 0.00019899851759, 0.000224638817599, 0.000133804394864, 0.00037959968904, 0.000252993224422, 0.000513579754625, 0.000221786729526, 5.51576667931e-05, 8.36730250739e-05, 7.51338448026e-05, 7.02774559613e-05, 4.88840341859e-05, 0.000113130961836, 3.44896616298e-05, 0.000104404178273, 0.000135539259645, 7.00840100762e-05, 1.79650578502e-05, 2.20589954552e-05, 1.90473419934e-05, 2.09431218536e-05, 3.00155024888e-05, 3.05775756715e-05, 3.95157621824e-05, 3.93424852518e-05, 4.76696623082e-05, 5.91948992223e-05, 6.94301343174e-05, 4.82380055473e-05, 6.63341779727e-05, 7.89117984823e-05, 7.09075975465e-05, 5.50584882149e-05, 7.71540071582e-05, 7.27452206775e-05, 3.57505741704e-05, 7.04380727257e-05, 6.52304588584e-05, 7.57860398153e-05, 7.59075846872e-05, 8.83636748767e-05, 5.04326708324e-05, 4.77193716506e-05, 0.000106485887954, 7.72413768573e-05, 0.000168880113051, 5.57095263503e-05, 3.43271858583e-05, 1.75097447936e-05, 1.60025738296e-05, 8.35588343762e-06, 9.05143951968e-06, 3.74520732294e-06, 2.3963204967e-06, 7.37272330298e-07, 1.69442444076e-06, 5.78556864639e-07, 9.13998803753e-07, 2.93403303431e-07, 2.22337224187e-08, 2.12794049048e-08, 2.04378789448e-08, 1.98526795003e-08, 1.93844424956e-08, 1.88713382698e-08, 1.84207351595e-08, 1.80873804823e-08, 1.78268777518e-08, 1.76721179912e-08, 1.75587793194e-08],
        "mean": [0.000243092916207, 0.000970132357907, 0.00107474217657, 0.000896153855138, 0.00108867138624, 0.00125672481954, 0.000861081294715, 0.000443131779321, 0.000484464311739, 0.000733417167794, 0.00091681041522, 0.000727498845663, 0.000571789219975, 0.000376494281227, 0.000423433346441, 0.000464575161459, 0.000381586665753, 0.000316165882396, 0.000267199764494, 0.000168132522958, 0.000277248444036, 0.000287900300464, 0.000263171124971, 0.000132521963678, 0.000133646652102, 0.000174222775968, 0.000166359517607, 0.000214276937186, 0.000208009427297, 0.000158630151418, 0.000144310717587, 0.00013471856073, 0.000112244895718, 0.000115224946057, 8.5955412942e-05, 9.76404771791e-05, 9.38490848057e-05, 5.26747171534e-05, 3.7909259845e-05, 3.8675050746e-05, 4.21796430601e-05, 3.97283220082e-05, 4.64680269943e-05, 4.55678637081e-05, 3.25997098116e-05, 3.21667503158e-05, 3.45990374626e-05, 2.66165607172e-05, 2.17319629883e-05, 1.78358095582e-05, 2.34863928199e-05, 1.92018960661e-05, 1.67422876984e-05, 1.32555278469e-05, 1.26021413962e-05, 1.18708876471e-05, 6.95842481946e-06, 7.48667025618e-06, 7.19081754141e-06, 8.12007147033e-06, 6.42935538053e-06, 5.60923126613e-06, 5.95700339545e-06, 4.78454012409e-06, 3.06235187963e-06, 2.20984179577e-06, 2.1099224341e-06, 2.20854030886e-06, 1.82511382718e-06, 1.30148487187e-06, 1.68034250692e-06, 1.29095371904e-06, 1.11422286864e-06, 1.15069644835e-06, 8.54837821862e-07, 7.35405762953e-07, 6.78108278862e-07, 6.13606744082e-07, 6.32209889773e-07, 6.79315235175e-07, 6.63006915147e-07, 7.33921865503e-07, 7.25779273125e-07, 7.16925228517e-07, 8.19035733457e-07, 9.24097946609e-07, 9.06983018467e-07, 9.50077946982e-07, 1.01800185348e-06, 9.90023409031e-07, 8.06659556929e-07, 7.74718046159e-07, 7.64043420531e-07, 6.96559482094e-07, 8.64818105129e-07, 9.40125460147e-07, 1.05210995116e-06, 1.03865136225e-06, 9.45797921759e-07, 9.00483996702e-07, 8.09153902992e-07, 8.07782157608e-07, 8.45664942517e-07, 9.3967310022e-07, 6.14659143139e-07, 4.20449481453e-07, 2.87834552637e-07, 2.35809523019e-07, 1.42627726518e-07, 1.08763565265e-07, 6.83760816855e-08, 3.8100274935e-08, 4.19873913415e-09, 4.3115111481e-09, 2.77823586359e-09, 2.51647436222e-09, 6.00858029998e-10, 3.61150102879e-11, 2.15341338511e-11, 2.03349091038e-11, 1.96590486945e-11, 1.9233758683e-11, 1.88024977532e-11, 1.83388738223e-11, 1.77591448491e-11, 1.7038197242e-11, 1.66385672601e-11, 1.6497110969e-11],
        "min": [9.93035363825e-25, 5.95666187405e-24, 1.61216801351e-24, 4.92193826822e-24, 1.08313584181e-23, 9.1444779799e-24, 3.85970471605e-24, 3.45480568479e-24, 2.3039343408e-24, 3.55375171927e-24, 5.84881591084e-24, 1.54295402822e-23, 1.5670507312e-23, 5.61028961665e-24, 4.05356807237e-24, 1.00601380204e-23, 9.25114222948e-24, 1.26623120733e-24, 2.23833957045e-24, 2.72868249293e-24, 1.72758447762e-24, 3.2591837603e-24, 6.75339403339e-24, 2.850934634e-24, 1.33012223534e-24, 6.03484824495e-24, 1.68614443098e-23, 8.98494585018e-24, 2.01051713267e-24, 1.01138555038e-24, 8.54379353274e-24, 9.67731092289e-24, 6.59541083205e-24, 3.72700845103e-24, 3.3061071791e-24, 1.88588440661e-24, 1.13036431312e-23, 6.36063596589e-24, 1.91543868599e-24, 2.30905266757e-24, 2.786520394e-24, 6.06146953949e-24, 7.21865394009e-24, 3.73112709381e-24, 1.85304432434e-24, 5.76484679507e-24, 1.16120838008e-23, 9.25771501854e-24, 7.65484905561e-24, 2.75842077412e-24, 6.34085488427e-24, 8.52076431633e-24, 9.41733392297e-24, 1.24566540632e-23, 1.21509081424e-23, 9.69716260757e-24, 6.59135135383e-24, 1.03611010776e-23, 3.70870845575e-24, 7.91915769076e-24, 1.62989975284e-23, 1.88997425597e-23, 1.16159797876e-24, 9.48563586672e-24, 7.9420046803e-24, 8.01426039492e-24, 8.98709076298e-24, 3.76504298514e-24, 6.22688341612e-24, 3.96892921369e-24, 5.26306775605e-24, 6.47589801048e-24, 6.78519617192e-24, 3.73145210451e-24, 6.0332492239e-24, 5.54192495845e-24, 8.52478119606e-24, 7.85937860023e-24, 6.83714818455e-24, 5.02449649679e-24, 8.39081131511e-24, 1.10436606092e-23, 1.19023199273e-23, 9.58721275232e-24, 1.12352465241e-23, 5.64588775386e-24, 1.11833268548e-23, 1.07437293822e-23, 7.44779752268e-24, 1.77502081378e-23, 5.39214867154e-24, 5.25277193795e-24, 1.05584015008e-23, 9.56206544439e-24, 1.31195827912e-23, 1.50087792303e-23, 1.09410992252e-23, 7.40045403545e-24, 8.93275165725e-24, 8.17765399877e-24, 9.29840209745e-24, 6.21292728342e-24, 9.98974796188e-24, 6.78925012811e-24, 7.61518118499e-24, 9.19142151465e-24, 1.00897195155e-23, 8.97519395167e-24, 8.83377170175e-24, 9.69543579105e-24, 7.49169684319e-24, 1.36459320864e-23, 8.36958385701e-24, 1.03387345043e-23, 6.79402825861e-24, 8.52800763716e-24, 9.4465935628e-24, 8.73382144733e-24, 7.13349403879e-24, 5.02540210911e-24, 7.80714101995e-24, 8.975651491e-24, 9.64216006982e-24, 7.34025763749e-24, 7.69441989634e-24, 6.72151143104e-24, 1.12107421378e-23, 8.49109683541e-24],
        "stdev": [0.000976335722953, 0.00376100768335, 0.00358337117359, 0.0027294610627, 0.00535819353536, 0.00808982830495, 0.00560374278575, 0.00164750823751, 0.00105687184259, 0.001610099338, 0.00168335414492, 0.00153464451432, 0.00150778912939, 0.00119300954975, 0.00194930355065, 0.00210721651092, 0.00169804412872, 0.00118493998889, 0.000844862835947, 0.000464124401333, 0.00116176519077, 0.000960787117947, 0.0012109313393, 0.000499706016853, 0.000276762322756, 0.000370881287381, 0.000343094143318, 0.000590621202718, 0.00065888336394, 0.000481461232994, 0.000417855073465, 0.000269858632237, 0.000318386766594, 0.000326052191667, 0.00024459787528, 0.00024197055609, 0.000235843108385, 0.000140245014336, 0.000110777240479, 0.000100680190371, 9.57728188951e-05, 7.98821565695e-05, 0.000104588805698, 0.000125692007714, 9.96562230284e-05, 8.24575326988e-05, 0.000100927558378, 5.2687155403e-05, 4.23024575866e-05, 4.46462254331e-05, 6.27384288236e-05, 5.67030256207e-05, 7.20293537597e-05, 4.56227535324e-05, 3.28454480041e-05, 3.04906789097e-05, 1.54258341354e-05, 1.89055263036e-05, 1.57796548592e-05, 1.72582276718e-05, 1.26536424432e-05, 1.82585627044e-05, 1.77190631803e-05, 1.98500383704e-05, 1.02862613858e-05, 4.11345217799e-06, 5.30423812961e-06, 5.85561565458e-06, 4.63405785922e-06, 2.92080676445e-06, 5.9563594732e-06, 3.04961372422e-06, 4.35286983702e-06, 5.02711918671e-06, 2.58654267782e-06, 1.47310720422e-06, 1.3426639498e-06, 1.25969609144e-06, 1.44685111536e-06, 1.90947707779e-06, 1.97530971491e-06, 2.4400339953e-06, 2.43845374825e-06, 2.69529505204e-06, 3.02921466755e-06, 3.82479493055e-06, 3.84176064472e-06, 4.15207796323e-06, 5.26704116055e-06, 5.09368919666e-06, 3.48849744114e-06, 3.65895107279e-06, 3.5327502701e-06, 2.75458842225e-06, 4.30346835856e-06, 4.3408408601e-06, 5.28329019289e-06, 5.28127930011e-06, 4.66048459202e-06, 3.56368286702e-06, 3.47981176674e-06, 4.65502989755e-06, 4.84901738673e-06, 6.40713915345e-06, 3.41944269167e-06, 2.03159902412e-06, 1.25226563341e-06, 1.19754690786e-06, 6.419201668e-07, 5.289988394e-07, 2.78416194988e-07, 1.52887380978e-07, 3.17252393245e-08, 6.89590748948e-08, 3.27667066813e-08, 3.77476396807e-08, 1.02979420546e-08, 6.89654555686e-10, 6.016301346e-10, 5.77763226151e-10, 5.61222401885e-10, 5.47984713162e-10, 5.33477817477e-10, 5.20740284227e-10, 5.1132376111e-10, 5.03972696908e-10, 4.9960463544e-10, 4.96401530992e-10]
    },
    "mfcc": {
        "mean": [-689.363769531, 134.578765869, -17.8824138641, -6.73738050461, 4.45292949677, -2.45063447952, -2.73000478745, 1.1409201622, -2.09782600403, -3.86792373657, -5.05492401123, -5.66919469833, -3.82957625389],
        "cov": [[6723.80371094, 219.500030518, 706.827270508, 146.850448608, 124.618408203, 164.761550903, 332.165618896, 319.359649658, 141.851013184, 186.423446655, 92.6114044189, -38.4275665283, -41.7685775757], [219.500030518, 1780.6796875, 89.2726516724, 347.51852417, 187.45274353, -98.2452392578, 18.7435436249, -128.041275024, -113.992553711, -51.851764679, -22.543718338, 1.83776772022, 23.731595993], [706.827270508, 89.2726516724, 996.34375, 208.91343689, 255.439804077, -58.188117981, -88.4828643799, -203.05329895, -115.991729736, -87.3613052368, -47.4442176819, 47.27734375, 67.1477890015], [146.850448608, 347.51852417, 208.91343689, 315.433532715, 184.263580322, 48.1464385986, 30.7536849976, -22.4236755371, 3.45955944061, 5.82828235626, -6.57974290848, 46.9547843933, 41.4696350098], [124.618408203, 187.45274353, 255.439804077, 184.263580322, 263.897064209, 2.25272989273, -9.4042301178, -74.0944442749, -13.2591562271, -12.8234176636, -11.1407117844, 37.2767295837, 31.5927047729], [164.761550903, -98.2452392578, -58.188117981, 48.1464385986, 2.25272989273, 237.989547729, 122.868423462, 149.594619751, 94.6585540771, 66.1394500732, 49.0120048523, 13.4516735077, 9.26817512512], [332.165618896, 18.7435436249, -88.4828643799, 30.7536849976, -9.4042301178, 122.868423462, 179.624420166, 137.780334473, 81.8904266357, 54.1330833435, 35.8781394958, 2.72062516212, -0.0734170004725], [319.359649658, -128.041275024, -203.05329895, -22.4236755371, -74.0944442749, 149.594619751, 137.780334473, 245.694198608, 131.330795288, 80.7872848511, 50.3139381409, -12.9476318359, -18.1261482239], [141.851013184, -113.992553711, -115.991729736, 3.45955944061, -13.2591562271, 94.6585540771, 81.8904266357, 131.330795288, 153.666137695, 78.0368652344, 39.2034759521, 11.2203130722, -3.22386360168], [186.423446655, -51.851764679, -87.3613052368, 5.82828235626, -12.8234176636, 66.1394500732, 54.1330833435, 80.7872848511, 78.0368652344, 121.252723694, 50.7708282471, 11.134308815, 0.274105191231], [92.6114044189, -22.543718338, -47.4442176819, -6.57974290848, -11.1407117844, 49.0120048523, 35.8781394958, 50.3139381409, 39.2034759521, 50.7708282471, 82.6624832153, 9.74335289001, -2.89641499519], [-38.4275665283, 1.83776772022, 47.27734375, 46.9547843933, 37.2767295837, 13.4516735077, 2.72062516212, -12.9476318359, 11.2203130722, 11.134308815, 9.74335289001, 75.1104049683, 33.298828125], [-41.7685775757, 23.731595993, 67.1477890015, 41.4696350098, 31.5927047729, 9.26817512512, -0.0734170004725, -18.1261482239, -3.22386360168, 0.274105191231, -2.89641499519, 33.298828125, 75.44556427]],
        "icov": [[0.000223008610192, -5.23299568158e-05, -0.00031216655043, 0.00011194061517, -3.15536308335e-05, 0.000216178785195, -0.000338114390615, -0.000442511605797, 0.000116698960483, -0.000360125268344, 1.00897859738e-05, 0.000101629346318, 0.000198066380108], [-5.23299568158e-05, 0.000904056418221, 0.000337403267622, -0.00127744127531, -2.58288969235e-06, 0.000557086779736, -0.000549067975953, 0.000398951407988, 0.00057179282885, 0.000197135130293, -0.000393599329982, 0.00050781382015, -9.90386761259e-05], [-0.00031216655043, 0.000337403267622, 0.00210287282243, -0.000851174700074, -0.000962551566772, -0.000418087060098, 0.000448194157798, 0.00136926735286, 0.000432009634096, 0.000989556196146, -0.000175934328581, 2.41043089773e-05, -0.000901378283743], [0.00011194061517, -0.00127744127531, -0.000851174700074, 0.00789175927639, -0.00371669023298, -0.00154027319513, -0.000178584028617, -0.00102325098123, -6.47067790851e-05, -0.000939579273108, 0.00161873432808, -0.00215179193765, -0.000604380329605], [-3.15536308335e-05, -2.58288969235e-06, -0.000962551566772, -0.00371669023298, 0.00800006929785, -0.000288842362352, -0.000386501196772, 0.00266775838099, -0.00185923057143, 0.000265854876488, -0.000245490024099, -0.000390600413084, 0.000291548902169], [0.000216178785195, 0.000557086779736, -0.000418087060098, -0.00154027319513, -0.000288842362352, 0.00911043584347, -0.00316768256016, -0.00383014278486, 1.07644291347e-05, -0.000577950151637, -0.00186344445683, -2.25935928029e-05, -0.000817342079245], [-0.000338114390615, -0.000549067975953, 0.000448194157798, -0.000178584028617, -0.000386501196772, -0.00316768256016, 0.0122077707201, -0.00420039100572, -0.000846945971716, 0.000323348533129, -0.000223951530643, -0.000337585108355, -0.000658483593725], [-0.000442511605797, 0.000398951407988, 0.00136926735286, -0.00102325098123, 0.00266775838099, -0.00383014278486, -0.00420039100572, 0.0150108300149, -0.00637432560325, 0.000363308354281, -0.000837215047795, 0.00240039057098, 0.000563743698876], [0.000116698960483, 0.00057179282885, 0.000432009634096, -6.47067790851e-05, -0.00185923057143, 1.07644291347e-05, -0.000846945971716, -0.00637432560325, 0.0155940009281, -0.00516599789262, 0.000299969658954, -0.00211855722591, 0.000412445049733], [-0.000360125268344, 0.000197135130293, 0.000989556196146, -0.000939579273108, 0.000265854876488, -0.000577950151637, 0.000323348533129, 0.000363308354281, -0.00516599789262, 0.0155253168195, -0.00607994943857, -0.000572358199861, -0.000836330233142], [1.00897859738e-05, -0.000393599329982, -0.000175934328581, 0.00161873432808, -0.000245490024099, -0.00186344445683, -0.000223951530643, -0.000837215047795, 0.000299969658954, -0.00607994943857, 0.0176342949271, -0.00261562946253, 0.00139291409869], [0.000101629346318, 0.00050781382015, 2.41043089773e-05, -0.00215179193765, -0.000390600413084, -2.25935928029e-05, -0.000337585108355, 0.00240039057098, -0.00211855722591, -0.000572358199861, -0.00261562946253, 0.0190634839237, -0.00680221477523], [0.000198066380108, -9.90386761259e-05, -0.000901378283743, -0.000604380329605, 0.000291548902169, -0.000817342079245, -0.000658483593725, 0.000563743698876, 0.000412445049733, -0.000836330233142, 0.00139291409869, -0.00680221477523, 0.0177193451673]]
    },
    "spectral_contrast_coeffs": {
        "max": [-0.385710000992, -0.424110770226, -0.565053164959, -0.606056153774, -0.648069560528, -0.671907424927],
        "mean": [-0.675746500492, -0.755636453629, -0.781354904175, -0.810781419277, -0.798131406307, -0.780464351177],
        "min": [-0.965939044952, -0.985227048397, -0.973957896233, -0.965061545372, -0.959246635437, -0.961016952991],
        "stdev": [0.109568275511, 0.0826093554497, 0.055972546339, 0.0413508228958, 0.0355844460428, 0.0327300578356]
    },
    "spectral_contrast_valleys": {
        "max": [-5.03524398804, -5.25388669968, -5.26270008087, -5.32883358002, -6.70012521744, -7.36452388763],
        "mean": [-7.59588670731, -6.9923377037, -7.15607500076, -7.55375623703, -8.21851825714, -11.0250082016],
        "min": [-27.2739429474, -27.5468578339, -27.3612556458, -27.308385849, -27.3381347656, -27.3697452545],
        "stdev": [1.54856491089, 1.18724620342, 1.23559248447, 1.12488877773, 1.09480643272, 1.26450836658]
    }
},
"rhythm": {
    "beats_count": 59,
    "beats_loudness": {
        "max": 0.13593351841,
        "mean": 0.0307553559542,
        "min": 4.63883188786e-05,
        "stdev": 0.0340921282768
    },
    "bpm": 125.947967529,
    "bpm_histogram_first_peak_bpm": 126,
    "bpm_histogram_first_peak_weight": 0.488888919353,
    "bpm_histogram_second_peak_bpm": 120,
    "bpm_histogram_second_peak_spread": 0.300000011921,
    "bpm_histogram_second_peak_weight": 0.12068965286,
    "danceability": 0.91409021616,
    "onset_rate": 2.68841910362,
    "beats_loudness_band_ratio": {
        "max": [0.882724285126, 0.842639744282, 0.921807706356, 0.746998369694, 0.491057693958, 0.528742194176],
        "mean": [0.239430829883, 0.254205346107, 0.22244772315, 0.212335735559, 0.0902421697974, 0.02605561167],
        "min": [0.00013380976452, 0.000629005313385, 0.0182008296251, 0.00886468868703, 0.00367917027324, 0.000446253456175],
        "stdev": [0.269229829311, 0.242405667901, 0.174545839429, 0.19268015027, 0.107569053769, 0.0693400204182]
    },
    "beats_position": [0.476009070873, 0.96362811327, 1.46285712719, 1.9620860815, 2.46131515503, 2.94893407822, 3.43655323982, 3.93578219414, 4.49306106567, 5.05034017563, 5.61922883987, 6.13006782532, 6.64090681076, 7.1517457962, 7.63936471939, 8.12698364258, 8.6146030426, 9.10222244263, 9.57823085785, 10.0658502579, 10.5418596268, 11.017868042, 11.4822673798, 11.9582767487, 12.4342851639, 12.8986845016, 13.3746938705, 13.8507022858, 14.3383216858, 14.8143310547, 15.301949501, 15.7779588699, 16.2655773163, 16.7415866852, 17.2175960541, 17.693605423, 18.1696147919, 18.6456241608, 19.1100215912, 19.5860309601, 20.062040329, 20.5264396667, 21.0256690979, 21.5248966217, 22.0241260529, 22.4885253906, 22.9645347595, 23.4289340973, 23.8933334351, 24.3577327728, 24.8221302032, 25.2981395721, 25.774148941, 26.2385482788, 26.7261676788, 27.2021770477, 27.6781845093, 28.1541938782, 28.6302032471],
