{
"metadata": {
    "version": {
        "essentia": "2.1-beta5",
        "essentia_git_sha": "Undefined",
        "extractor": "music 2.0"
    },
    "audio_properties": {
        "analysis": {
            "equal_loudness": 0,
            "length": 35.0505218506,
            "sample_rate": 44100,
            "start_time": 158.987030029,
            "downmix": "mix"
        },
        "bit_rate": 192000,
        "length": 194.060791016,
        "lossless": 0,
        "number_channels": 2,
        "replay_gain": -2.17242240906,
        "sample_rate": 48000,
        "codec": "mp3",
        "md5_encoded": "5992d34e4a95c2e57f7bf4d9cdb12bf6"
    },
    "tags": {
        "file_name": "Hungary_Pioneer_Freddie.mp3",
        "encoding": ["Lavf58.29.100"]
    }
},
"lowlevel": {
    "average_loudness": 0.869486927986,
    "barkbands_crest": {
        "max": 25.0754261017,
        "mean": 10.949432373,
        "min": 2.55050754547,
        "stdev": 4.57599115372
    },
    "barkbands_flatness_db": {
        "max": 0.397942125797,
        "mean": 0.15548029542,
        "min": 0.0304205529392,
        "stdev": 0.0617028661072
    },
    "barkbands_kurtosis": {
        "max": 247.859207153,
        "mean": 6.32144403458,
        "min": -1.80062890053,
        "stdev": 18.3304328918
    },
    "barkbands_skewness": {
        "max": 13.4739837646,
        "mean": 1.49642884731,
        "min": -1.75384151936,
        "stdev": 1.45683073997
    },
    "barkbands_spread": {
        "max": 93.5824050903,
        "mean": 19.6928081512,
        "min": 0.547519505024,
        "stdev": 13.6053524017
    },
    "dissonance": {
        "max": 0.499999970198,
        "mean": 0.458258509636,
        "min": 0.214199051261,
        "stdev": 0.0406771600246
    },
    "dynamic_complexity": 3.16036820412,
    "erbbands_crest": {
        "max": 30.6409301758,
        "mean": 10.294093132,
        "min": 2.53377628326,
        "stdev": 5.37018299103
    },
    "erbbands_flatness_db": {
        "max": 0.402193129063,
        "mean": 0.179906368256,
        "min": 0.0636129453778,
        "stdev": 0.0618388541043
    },
    "erbbands_kurtosis": {
        "max": 62.7473831177,
        "mean": 2.53275847435,
        "min": -1.80374705791,
        "stdev": 5.78017854691
    },
    "erbbands_skewness": {
        "max": 4.8641371727,
        "mean": 0.918619811535,
        "min": -1.24730706215,
        "stdev": 0.909060299397
    },
    "erbbands_spread": {
        "max": 93.5922012329,
        "mean": 27.713010788,
        "min": 1.33526170254,
        "stdev": 14.8958854675
    },
    "hfc": {
        "max": 202.688217163,
        "mean": 26.3032398224,
        "min": 0.0987356007099,
        "stdev": 23.6750717163
    },
    "loudness_ebu128": {
        "integrated": -20.2033557892,
        "loudness_range": 6.87175369263,
        "momentary": {
            "max": -16.9629917145,
            "mean": -21.4017982483,
            "min": -39.5331573486,
            "stdev": 3.71297287941
        },
        "short_term": {
            "max": -17.8035526276,
            "mean": -21.006061554,
            "min": -29.1117248535,
            "stdev": 2.68475914001
        }
    },
    "melbands_crest": {
        "max": 30.4604644775,
        "mean": 14.639960289,
        "min": 4.44012117386,
        "stdev": 5.66030502319
    },
    "melbands_flatness_db": {
        "max": 0.473418444395,
        "mean": 0.194311916828,
        "min": 0.0222688671201,
        "stdev": 0.0735598281026
    },
    "melbands_kurtosis": {
        "max": 262.436187744,
        "mean": 10.5325078964,
        "min": -1.54794454575,
        "stdev": 22.7441711426
    },
    "melbands_skewness": {
        "max": 11.9609394073,
        "mean": 2.05095052719,
        "min": -1.02717149258,
        "stdev": 1.52544987202
    },
    "melbands_spread": {
        "max": 190.755355835,
        "mean": 22.60496521,
        "min": 0.617483198643,
        "stdev": 19.257976532
    },
    "pitch_salience": {
        "max": 0.919313371181,
        "mean": 0.550073564053,
        "min": 0.106438063085,
        "stdev": 0.128827750683
    },
    "silence_rate_20dB": {
        "max": 1,
        "mean": 1,
        "min": 1,
        "stdev": 0
    },
    "silence_rate_30dB": {
        "max": 1,
        "mean": 1,
        "min": 1,
        "stdev": 0
    },
    "silence_rate_60dB": {
        "max": 1,
        "mean": 0.046988748014,
        "min": 0,
        "stdev": 0.211614966393
    },
    "spectral_centroid": {
        "max": 4008.80981445,
        "mean": 1233.59863281,
        "min": 165.53855896,
        "stdev": 587.536376953
    },
    "spectral_complexity": {
        "max": 51,
        "mean": 21.1489086151,
        "min": 0,
        "stdev": 10.2050113678
    },
    "spectral_decrease": {
        "max": -3.47224540787e-11,
        "mean": -7.60284279977e-09,
        "min": -2.60466563873e-08,
        "stdev": 5.25658139239e-09
    },
    "spectral_energy": {
        "max": 0.102617010474,
        "mean": 0.0310806632042,
        "min": 0.00014119221305,
        "stdev": 0.021189449355
    },
    "spectral_energyband_high": {
        "max": 0.0205097999424,
        "mean": 0.00107996806037,
        "min": 7.01432384176e-07,
        "stdev": 0.00186844088603
    },
    "spectral_energyband_low": {
        "max": 0.0790170580149,
        "mean": 0.00955460127443,
        "min": 5.08738580152e-08,
        "stdev": 0.0111414305866
    },
    "spectral_energyband_middle_high": {
        "max": 0.0645584762096,
        "mean": 0.00808420404792,
        "min": 3.06656329485e-05,
        "stdev": 0.00904031470418
    },
    "spectral_energyband_middle_low": {
        "max": 0.0823121145368,
        "mean": 0.0133042456582,
        "min": 6.6114931542e-05,
        "stdev": 0.0112879034132
    },
    "spectral_entropy": {
        "max": 8.76784229279,
        "mean": 7.59347963333,
        "min": 4.96537685394,
        "stdev": 0.568227887154
    },
    "spectral_flux": {
        "max": 0.253525614738,
        "mean": 0.0889333039522,
        "min": 0.00550069892779,
        "stdev": 0.0422053784132
    },
    "spectral_kurtosis": {
        "max": 42.0496673584,
        "mean": 5.34480619431,
        "min": -1.03053939342,
        "stdev": 4.59359169006
    },
    "spectral_rms": {
        "max": 0.0100057059899,
        "mean": 0.0051332777366,
        "min": 0.00037114485167,
        "stdev": 0.00199299887754
    },
    "spectral_rolloff": {
        "max": 11627.9296875,
        "mean": 1510.77319336,
        "min": 86.1328125,
        "stdev": 1608.59179688
    },
    "spectral_skewness": {
        "max": 5.52066278458,
        "mean": 1.86926198006,
        "min": 0.46115809679,
        "stdev": 0.609247148037
    },
    "spectral_spread": {
        "max": 19637798,
        "mean": 4813385.5,
        "min": 1706416.625,
        "stdev": 1541081.5
    },
    "spectral_strongpeak": {
        "max": 8.33246326447,
        "mean": 1.18417525291,
        "min": 0,
        "stdev": 1.34369933605
    },
    "zerocrossingrate": {
        "max": 0.37353515625,
        "mean": 0.0626644864678,
        "min": 0.005859375,
        "stdev": 0.0434607230127
    },
    "barkbands": {
        "max": [0.00408481946215, 0.0731941536069, 0.0258992537856, 0.025546181947, 0.0304121468216, 0.0555933192372, 0.0635439306498, 0.0447814501822, 0.0420609116554, 0.036116566509, 0.0498207397759, 0.0286649949849, 0.0109615912661, 0.0173816289753, 0.0107236430049, 0.0131725827232, 0.0061165522784, 0.00363877485506, 0.00412270845845, 0.00381289166398, 0.00263199489564, 0.00201390846632, 0.00301490491256, 0.0074703078717, 0.00902045890689, 0.00187826319598, 2.7930136639e-06],
        "mean": [0.000244939757977, 0.00731764081866, 0.00153662206139, 0.000875780708157, 0.00189809012227, 0.00245832442306, 0.00263271504082, 0.00186712655704, 0.00260502123274, 0.00232052267529, 0.00164132320788, 0.000931958435103, 0.000725032237824, 0.000966317602433, 0.000600191939157, 0.000363610539353, 0.000417509465478, 0.000301542575471, 0.00023553086794, 0.000120582313684, 0.000187458557775, 0.000172464162461, 0.000166298414115, 0.000197979534278, 0.000244960538112, 5.11277612532e-05, 9.38641431247e-09],
        "min": [1.30684574273e-09, 7.99444777044e-09, 1.10666338315e-08, 1.13705089788e-08, 4.80507424072e-07, 6.80011510212e-07, 1.87560635823e-06, 3.66957101505e-06, 1.84811835879e-06, 2.2763558718e-06, 6.59111663026e-07, 7.54484176468e-07, 1.33682749492e-06, 7.50812546357e-07, 8.51571826388e-07, 1.26056193039e-06, 7.7695614209e-07, 3.19983399777e-07, 3.83010984706e-07, 1.5033609202e-07, 9.84458807807e-08, 7.0397597085e-08, 4.16497698552e-08, 4.3408650896e-08, 1.27072837586e-07, 3.20421267297e-09, 9.79247585797e-11],
        "stdev": [0.000481664174004, 0.00946530047804, 0.00297634582967, 0.00232206191868, 0.00338342832401, 0.00426142988726, 0.00586685724556, 0.00419333856553, 0.00408977037296, 0.00415954366326, 0.00423224037513, 0.0016513268929, 0.00108304747846, 0.00147411320359, 0.000916669261642, 0.000624548410997, 0.000591908174101, 0.000400145712774, 0.000421560689574, 0.000203767194762, 0.000311671174131, 0.000264285918092, 0.000277687067864, 0.000499769172166, 0.000748718099203, 0.000127414648887, 1.04220212904e-07]
    },
    "erbbands": {
        "max": [3.31538653374, 12.3589668274, 26.2408504486, 55.4472160339, 120.181190491, 101.479309082, 207.757293701, 514.636230469, 783.922973633, 984.233886719, 785.239440918, 1184.62670898, 1098.45385742, 1752.57055664, 734.927001953, 1497.03967285, 463.30569458, 1019.23339844, 407.614135742, 823.252380371, 347.016235352, 402.720855713, 196.008575439, 198.586349487, 270.873718262, 106.720550537, 82.7068328857, 116.619178772, 86.3874664307, 79.2610015869, 103.241699219, 139.866088867, 135.854873657, 135.342300415, 81.3095932007, 15.5743150711, 2.20069432259, 0.248575270176, 0.00487957056612, 0.000409922737163],
        "mean": [0.259468257427, 1.45272028446, 1.78592324257, 2.6927344799, 4.71995830536, 6.3843331337, 8.81824302673, 24.4270839691, 35.0759010315, 46.0265693665, 41.3487930298, 55.7260932922, 76.898399353, 73.5649795532, 43.1858024597, 41.6320152283, 34.2338066101, 52.3724212646, 32.6381607056, 28.6563014984, 21.0007705688, 23.1989936829, 18.4335269928, 12.1920795441, 10.7219610214, 5.73041248322, 6.5752081871, 7.70191764832, 6.30975151062, 5.16656064987, 4.76204586029, 4.02232980728, 3.42236948013, 2.87464356422, 1.64192855358, 0.448961645365, 0.0536639727652, 0.00181232602336, 8.65089459694e-05, 4.54750661447e-05],
        "min": [2.08343806207e-07, 3.96515542889e-06, 1.49447150761e-05, 7.56442605052e-05, 0.000351039430825, 0.00174916477408, 0.00552249373868, 0.00635015033185, 0.0374212600291, 0.0416163764894, 0.092508032918, 0.0865785479546, 0.115134976804, 0.0685655400157, 0.029060125351, 0.0346210263669, 0.0614508278668, 0.0774975717068, 0.0684904828668, 0.0720489621162, 0.084518738091, 0.0550631433725, 0.023185422644, 0.020926784724, 0.0118688298389, 0.00908210128546, 0.00499090505764, 0.00374083779752, 0.00310760224238, 0.00220603914931, 0.000998416915536, 0.00121963000856, 0.000485572323669, 0.00109371903818, 0.00111814378761, 0.000105319864815, 3.86697911381e-06, 2.48934185265e-07, 1.38219604651e-07, 1.76748130798e-07],
        "stdev": [0.381905078888, 1.81959176064, 2.82720828056, 5.48183393478, 11.3416547775, 10.8492250443, 14.4129619598, 45.7306518555, 80.0716323853, 105.685279846, 65.8875656128, 90.7646102905, 118.391357422, 169.520767212, 69.4633789062, 79.6661224365, 45.9787483215, 77.9848861694, 43.4429512024, 49.4114227295, 29.4935951233, 33.0200767517, 23.9146099091, 16.4378948212, 23.3044300079, 8.97140216827, 10.5449438095, 13.0088920593, 9.81668567657, 8.19663333893, 8.14632892609, 9.1283826828, 9.21624660492, 8.65795326233, 5.48303890228, 1.14083135128, 0.145024597645, 0.00952595751733, 0.000231624479056, 3.78355362045e-05]
    },
    "gfcc": {
        "mean": [0.595841526985, 79.107460022, -136.100585938, 12.0361413956, -74.1398010254, 27.200876236, -44.6488609314, 20.549829483, -21.774471283, 7.71102809906, -14.8188867569, 1.1003074646, -5.3999376297],
        "cov": [[6246.22363281, -434.700836182, 812.602233887, 1015.41363525, 409.805999756, 773.017700195, 345.103546143, 500.575775146, 238.13520813, 605.988952637, 180.693237305, 499.183685303, 22.8281230927], [-434.700836182, 1650.09533691, 1247.16772461, 462.664276123, 405.006469727, 7.01881361008, 24.0784072876, -140.648605347, -24.3730487823, 66.173866272, 176.699401855, -58.6960983276, 31.8126659393], [812.602233887, 1247.16772461, 2010.7434082, 986.663757324, 535.810546875, 204.048660278, -69.8553619385, -21.2966480255, -92.7182846069, 200.261367798, 196.903762817, 31.799955368, 22.6558799744], [1015.41363525, 462.664276123, 986.663757324, 822.671020508, 414.223876953, 236.123382568, 34.7801017761, 78.7863769531, -7.66460323334, 134.673294067, 84.7412796021, 43.5930137634, -0.867869973183], [409.805999756, 405.006469727, 535.810546875, 414.223876953, 370.044616699, 190.277053833, 90.4702224731, 75.9727249146, -3.68475985527, 58.6000328064, 27.6767349243, -2.27843761444, -28.6388149261], [773.017700195, 7.01881361008, 204.048660278, 236.123382568, 190.277053833, 286.401367188, 151.12399292, 127.974555969, 21.5529651642, 83.7929229736, 14.5360498428, 45.5179214478, -13.2542009354], [345.103546143, 24.0784072876, -69.8553619385, 34.7801017761, 90.4702224731, 151.12399292, 231.966873169, 121.145683289, 43.7313690186, 39.8616447449, 5.38946819305, 10.3416566849, -24.3290119171], [500.575775146, -140.648605347, -21.2966480255, 78.7863769531, 75.9727249146, 127.974555969, 121.145683289, 165.511871338, 57.1761016846, 57.9233283997, 4.08585596085, 35.6691398621, -23.3627643585], [238.13520813, -24.3730487823, -92.7182846069, -7.66460323334, -3.68475985527, 21.5529651642, 43.7313690186, 57.1761016846, 103.045166016, 61.5907249451, 28.921459198, 33.9258270264, 1.58865880966], [605.988952637, 66.173866272, 200.261367798, 134.673294067, 58.6000328064, 83.7929229736, 39.8616447449, 57.9233283997, 61.5907249451, 167.231369019, 82.1439285278, 86.2481155396, 14.7587890625], [180.693237305, 176.699401855, 196.903762817, 84.7412796021, 27.6767349243, 14.5360498428, 5.38946819305, 4.08585596085, 28.921459198, 82.1439285278, 115.445571899, 50.9840507507, 27.2887630463], [499.183685303, -58.6960983276, 31.799955368, 43.5930137634, -2.27843761444, 45.5179214478, 10.3416566849, 35.6691398621, 33.9258270264, 86.2481155396, 50.9840507507, 123.724868774, 44.3109054565], [22.8281230927, 31.8126659393, 22.6558799744, -0.867869973183, -28.6388149261, -13.2542009354, -24.3290119171, -23.3627643585, 1.58865880966, 14.7587890625, 27.2887630463, 44.3109054565, 72.2479324341]],
        "icov": [[0.000473348714877, 0.00010831891268, -8.15942476038e-05, -0.000481581140775, 0.00047707761405, -0.000628464797046, -0.000128010084154, -0.000115675538837, -0.000289196876111, -0.000550593773369, 0.000473696767585, -0.00131776777562, 0.000563971349038], [0.00010831891268, 0.00356319872662, -0.00251639890485, 0.00178731046617, -0.00367039861158, 0.00186912168283, -0.00353646790609, 0.00481472769752, -0.00373439397663, 0.00136987329461, -0.0020806803368, 0.000883658940438, -0.00149239273742], [-8.15942476038e-05, -0.00251639890485, 0.00377986812964, -0.00277464115061, 0.0013981499942, -0.0010289081838, 0.0032771974802, -0.00314655830152, 0.0048827775754, -0.00263185962103, -0.000453397689853, 0.000659764395095, 0.000563591427635], [-0.000481581140775, 0.00178731046617, -0.00277464115061, 0.00626595970243, -0.00522144511342, 0.00053164124256, -0.000506205484271, 0.00185075670015, -0.00248241401277, 0.00125261442736, -0.00118368479889, 0.00148959038779, -0.00190149270929], [0.00047707761405, -0.00367039861158, 0.0013981499942, -0.00522144511342, 0.0134491017088, -0.00518379639834, 0.00172197958454, -0.00505752628669, 0.00243775686249, -0.00043494295096, 0.00342980166897, -0.00202488573268, 0.00427054427564], [-0.000628464797046, 0.00186912168283, -0.0010289081838, 0.00053164124256, -0.00518379639834, 0.0119261797518, -0.0056540556252, -0.000129910113174, 0.00121481018141, -0.00121217279229, 0.000285388116026, 0.000814163999166, -0.00249453866854], [-0.000128010084154, -0.00353646790609, 0.0032771974802, -0.000506205484271, 0.00172197958454, -0.0056540556252, 0.0132728526369, -0.00889522954822, 0.00337222544476, -0.00147695501801, -0.00038463549572, 0.00157111650333, 0.00121155951638], [-0.000115675538837, 0.00481472769752, -0.00314655830152, 0.00185075670015, -0.00505752628669, -0.000129910113174, -0.00889522954822, 0.0215188022703, -0.0101192947477, 0.00225093238987, -0.00111378845759, -0.00167506549042, 0.00207066675648], [-0.000289196876111, -0.00373439397663, 0.0048827775754, -0.00248241401277, 0.00243775686249, 0.00121481018141, 0.00337222544476, -0.0101192947477, 0.0227186158299, -0.00875243823975, -0.00101222353987, 0.00155771616846, -5.74326659262e-05], [-0.000550593773369, 0.00136987329461, -0.00263185962103, 0.00125261442736, -0.00043494295096, -0.00121217279229, -0.00147695501801, 0.00225093238987, -0.00875243823975, 0.01969249174, -0.00710230646655, -0.00648354040459, 0.00307563715614], [0.000473696767585, -0.0020806803368, -0.000453397689853, -0.00118368479889, 0.00342980166897, 0.000285388116026, -0.00038463549572, -0.00111378845759, -0.00101222353987, -0.00710230646655, 0.0195123776793, -0.00436219573021, -0.00140480115078], [-0.00131776777562, 0.000883658940438, 0.000659764395095, 0.00148959038779, -0.00202488573268, 0.000814163999166, 0.00157111650333, -0.00167506549042, 0.00155771616846, -0.00648354040459, -0.00436219573021, 0.023416582495, -0.0122515670955], [0.000563971349038, -0.00149239273742, 0.000563591427635, -0.00190149270929, 0.00427054427564, -0.00249453866854, 0.00121155951638, 0.00207066675648, -5.74326659262e-05, 0.00307563715614, -0.00140480115078, -0.0122515670955, 0.0238510388881]]
    },
    "melbands": {
        "max": [0.0241343677044, 0.0118226967752, 0.00979692582041, 0.00723013561219, 0.00640640920028, 0.0124208619818, 0.0106577966362, 0.00964940339327, 0.00589289702475, 0.00717224320397, 0.00555435847491, 0.00659690471366, 0.00408833054826, 0.00302925333381, 0.00203891377896, 0.00107946281787, 0.00210285536014, 0.000747272802982, 0.00101530901156, 0.00132966262754, 0.00038409922854, 0.000465959630674, 0.000274376070593, 0.000186204983038, 0.000180251096026, 0.000209370919038, 0.000232548147324, 4.82314208057e-05, 5.11783255206e-05, 6.7380227847e-05, 5.76999336772e-05, 5.67382921872e-05, 4.35277179349e-05, 5.07036602357e-05, 7.47141093598e-05, 6.00434468652e-05, 9.85369624686e-05, 0.000109333836008, 9.02986648725e-05, 0.000143936209497],
        "mean": [0.00219628238119, 0.00123102066573, 0.000515954510774, 0.000413238973124, 0.000301594700431, 0.000554584781639, 0.00053230690537, 0.000486643170007, 0.00036130702938, 0.000353873736458, 0.000384491460864, 0.00029639468994, 0.000176043133251, 0.000100490244222, 9.28339504753e-05, 7.67214369262e-05, 0.000101432407973, 5.22316368006e-05, 4.63704309368e-05, 2.99191469821e-05, 2.38860757236e-05, 2.57443425653e-05, 1.89979127754e-05, 1.30073240143e-05, 9.50547018874e-06, 8.59515239426e-06, 5.47968056708e-06, 3.40612086802e-06, 3.60425974577e-06, 4.89876674692e-06, 4.30979207522e-06, 3.67265874957e-06, 3.08133394356e-06, 2.78103061646e-06, 2.76634546026e-06, 2.57355191025e-06, 2.39960513682e-06, 2.34094477491e-06, 2.37242920775e-06, 2.46513900493e-06],
        "min": [1.51742751697e-09, 8.78730688214e-09, 1.98552871922e-08, 6.6584377123e-08, 1.76815035502e-07, 1.28094839624e-07, 5.53699294414e-07, 4.36302485696e-07, 6.13255451754e-07, 4.27665838743e-07, 5.39614006811e-07, 2.10781507803e-07, 1.2772565583e-07, 5.12857525337e-08, 9.9849920332e-08, 7.36653973377e-08, 1.2680521877e-07, 1.10812713672e-07, 7.34271878855e-08, 5.48604646156e-08, 9.74382956542e-08, 4.78994373054e-08, 1.86792465939e-08, 8.22503309905e-09, 1.42646392476e-08, 1.04509307874e-08, 4.84548889901e-09, 4.3672336858e-09, 2.63771826603e-09, 2.06492201116e-09, 1.85866222413e-09, 1.66204172647e-09, 1.01111596873e-09, 1.12250364559e-09, 4.04835748258e-10, 6.43474218354e-10, 6.34045038694e-10, 2.42838027464e-10, 6.09328310031e-10, 4.99119412467e-10],
        "stdev": [0.00295818503946, 0.00149796064943, 0.00098427280318, 0.000811854260974, 0.00047175239888, 0.00100081553683, 0.00112824724056, 0.00111602514517, 0.000584778026678, 0.000574341916945, 0.000610218732618, 0.000685981241986, 0.000375663716113, 0.000176900677616, 0.000149823448737, 0.000119733645988, 0.000160190087627, 7.66363446019e-05, 7.54215579946e-05, 5.87960021221e-05, 3.40555707226e-05, 3.93907357648e-05, 2.57211886492e-05, 1.77256679308e-05, 1.3827308976e-05, 1.85067001439e-05, 1.1887043911e-05, 5.48571915715e-06, 5.92977221459e-06, 8.7104508566e-06, 7.18329374649e-06, 5.82545180805e-06, 5.09771371071e-06, 4.56878251498e-06, 4.83373423776e-06, 5.01913427797e-06, 5.94954099142e-06, 6.41393444312e-06, 6.49274852549e-06, 8.01784608484e-06]
    },
    "melbands128": {
        "max": [0.00408322550356, 0.0297682844102, 0.0342312268913, 0.0173448696733, 0.0136953927577, 0.0129741560668, 0.0120058655739, 0.013243409805, 0.0164342820644, 0.012771432288, 0.0076370886527, 0.00929763913155, 0.00990895181894, 0.00690261693671, 0.0114113297313, 0.028330123052, 0.0226811859757, 0.0171081814915, 0.026977751404, 0.0189488567412, 0.0192920826375, 0.0085204700008, 0.00839100126177, 0.0116374799982, 0.0135922897607, 0.010035039857, 0.0094643579796, 0.0109872436151, 0.0105712367222, 0.00866639520973, 0.0133990766481, 0.0126695558429, 0.00400856882334, 0.00205042120069, 0.00343710253946, 0.00509435636923, 0.00679467758164, 0.00212051556446, 0.00213416316546, 0.00175902922638, 0.00220942916349, 0.00186709675472, 0.00365444109775, 0.0034087903332, 0.00198985636234, 0.00142766372301, 0.00175301870331, 0.00218389183283, 0.00119961577002, 0.00215485901572, 0.00278407125734, 0.00160550675355, 0.000595709716436, 0.000407847517636, 0.00104930484667, 0.000831323326565, 0.00070914888056, 0.000293942925055, 0.000625840737484, 0.000308597052936, 0.000278842519037, 0.000308647489874, 0.00031270479667, 0.00027169007808, 0.000276537262835, 0.000316907564411, 0.000540754466783, 0.000413666042732, 0.000367716624169, 6.02408690611e-05, 0.000107756597572, 7.57263405831e-05, 9.98654722935e-05, 5.55637489015e-05, 0.000115659167932, 0.000135345690069, 0.000120813994727, 0.000124660436995, 6.73750473652e-05, 5.67466158827e-05, 8.01454661996e-05, 8.5877130914e-05, 5.35828621651e-05, 6.04627239227e-05, 5.15982355864e-05, 4.54915352748e-05, 7.78970206738e-05, 6.52482995065e-05, 9.36874203035e-05, 8.18327971501e-05, 3.93159280065e-05, 7.69811595092e-05, 9.12188115763e-05, 0.000139179232065, 7.29357270757e-05, 0.000107022009615, 0.000115026334242, 0.000135323411087, 9.93934590952e-05, 8.61498119775e-05, 0.000128723928356, 0.000203853705898, 0.000103495258372, 0.000137679962791, 0.000133190027555, 0.000117331386718, 9.05681299628e-05, 4.96261964145e-05, 2.48494197876e-05, 1.5226339201e-05, 9.71382542048e-06, 5.36088737135e-06, 5.7413635659e-06, 1.03903830677e-05, 7.08726884113e-06, 1.3520026414e-06, 1.26452107452e-07, 1.17439995506e-08, 1.15314024995e-08, 1.12509681571e-08, 1.09404068027e-08, 1.07225854862e-08, 1.05375725923e-08, 1.03714157262e-08, 1.02395176782e-08, 1.01461203883e-08, 1.00604058417e-08, 1.00091277488e-08],
        "mean": [0.000221734881052, 0.0020032490138, 0.00335941603407, 0.00200804974884, 0.000956449832302, 0.000762796320487, 0.000551369797904, 0.000414354610257, 0.000490561593324, 0.000462339579826, 0.000332969997544, 0.000284022622509, 0.000269052543445, 0.000340398022672, 0.000517527980264, 0.000686846033204, 0.000723258941434, 0.000372796290321, 0.000478992675198, 0.000572119955905, 0.000504236202687, 0.000245332514169, 0.000346791552147, 0.000471962994197, 0.000331049639499, 0.000318989448715, 0.000368948240066, 0.000446530932095, 0.000348467758158, 0.000245351780904, 0.000319090526318, 0.000327953806845, 0.000133519526571, 0.000113890440844, 6.90682863933e-05, 0.000107992491394, 0.000131842840347, 0.000103851518361, 5.8089128288e-05, 6.25238972134e-05, 9.34142735787e-05, 7.35169669497e-05, 0.000113858026452, 0.000121197801491, 4.9935271818e-05, 4.50907318736e-05, 3.87985019188e-05, 5.89973897149e-05, 4.08826308558e-05, 3.61626080121e-05, 2.86050071736e-05, 2.5111827199e-05, 1.9476046873e-05, 2.45242426899e-05, 3.06992042169e-05, 2.70978707704e-05, 2.14516112464e-05, 1.62088745128e-05, 2.06396689464e-05, 1.98256202566e-05, 1.1339012417e-05, 8.58727162267e-06, 1.13791429612e-05, 9.28645204112e-06, 7.53513359086e-06, 8.41264591145e-06, 1.03304146251e-05, 6.46881971988e-06, 4.34166031482e-06, 3.67243455912e-06, 3.39884513778e-06, 3.26862164002e-06, 3.30909301738e-06, 3.36059065376e-06, 4.19945354224e-06, 5.44738441022e-06, 4.79971367895e-06, 4.72686906505e-06, 4.19859225076e-06, 3.9953479245e-06, 3.90617287849e-06, 3.45992907569e-06, 3.2650589219e-06, 3.08673611471e-06, 2.91862329505e-06, 2.72609327112e-06, 2.78408674603e-06, 2.76230275631e-06, 2.84389375338e-06, 2.71562294074e-06, 2.58485988525e-06, 2.54003316513e-06, 2.48242554335e-06, 2.49279719355e-06, 2.24529912884e-06, 2.31150420404e-06, 2.31308854381e-06, 2.4942953587e-06, 2.31796866501e-06, 2.2698329758e-06, 2.6299064757e-06, 2.53910934589e-06, 2.25050257541e-06, 2.13860857912e-06, 1.99738860829e-06, 1.68769577158e-06, 1.337372737e-06, 9.39038329761e-07, 7.20269440535e-07, 4.66094633111e-07, 3.77899084469e-07, 2.47635995265e-07, 7.10246084168e-08, 4.47062333819e-08, 1.42982115037e-08, 2.88700197082e-09, 3.45984740857e-10, 1.55375174532e-11, 1.50014809602e-11, 1.46022863939e-11, 1.41853074426e-11, 1.38911070147e-11, 1.36307761953e-11, 1.33832172775e-11, 1.30545513635e-11, 1.26734022582e-11, 1.24274193367e-11, 1.23409919436e-11],
        "min": [7.00918489915e-10, 5.62862811915e-10, 9.83794601339e-10, 2.99766500511e-09, 1.79115433596e-09, 5.60687851703e-09, 9.37144495339e-09, 8.42998204575e-09, 2.10727648664e-08, 1.59129758259e-08, 6.63443771032e-08, 5.66130360369e-08, 9.67155884268e-08, 4.11299652114e-08, 1.287280611e-07, 3.59507907888e-08, 1.25527961359e-07, 1.42859732932e-07, 1.06877479311e-07, 1.49669489247e-07, 1.98169601617e-07, 2.63968331637e-07, 1.074021867e-07, 2.26188006991e-07, 1.09189883801e-07, 1.51498483092e-07, 8.47042969099e-08, 6.28250518275e-08, 1.10647803808e-07, 1.11689288929e-07, 6.88252370651e-08, 4.51731310136e-08, 2.00199181677e-08, 2.47989611069e-08, 3.97049042533e-08, 3.96393673441e-08, 6.08122903145e-08, 8.00199941864e-08, 6.70346125276e-08, 3.23238751321e-08, 2.28721042106e-08, 7.36046814609e-08, 3.36427561365e-08, 7.93786725239e-08, 3.21179207674e-08, 1.59236748232e-08, 3.4433409013e-08, 2.95296018749e-08, 3.30944445182e-08, 2.0072313589e-08, 1.72873804161e-08, 2.72660773959e-08, 3.1429571834e-08, 4.04491444783e-08, 3.39848575948e-08, 2.66006559002e-08, 7.21626580713e-09, 9.40673139382e-09, 4.45340164745e-09, 5.0948711916e-09, 3.04828096098e-09, 3.28370153291e-09, 3.93833810008e-09, 5.69416780394e-09, 7.04731295542e-09, 7.74054953467e-09, 6.46370734714e-09, 2.60116239659e-09, 3.64897623228e-09, 1.77594805528e-09, 2.94364244091e-09, 1.20963883354e-09, 1.89178450682e-09, 1.61170432555e-09, 6.22977669451e-10, 1.40969691476e-09, 1.20517051894e-09, 1.06971298486e-09, 1.27824095753e-09, 1.23119558992e-09, 1.04991759731e-09, 3.2434302466e-10, 5.2600834799e-10, 5.93763760381e-10, 4.33506924802e-10, 7.72747810185e-10, 4.55889853646e-10, 3.33681193787e-10, 2.07666842056e-10, 1.60621044243e-10, 4.64603980288e-11, 8.58622825617e-11, 1.64314534201e-10, 1.62463667519e-10, 2.64779639186e-11, 2.76453054893e-10, 5.85168996592e-11, 1.8694930326e-10, 2.10906667131e-10, 1.35728789319e-10, 8.78160114071e-11, 8.59251420016e-11, 6.57448318009e-10, 1.69733768707e-10, 2.15931328373e-10, 3.98601235352e-10, 2.79920170376e-10, 5.44539031921e-11, 7.08320934458e-13, 9.63884896378e-13, 6.3346772489e-13, 3.88560277703e-13, 3.30636180327e-13, 3.05102677064e-13, 3.09421406683e-13, 3.51266054004e-13, 2.86195492218e-13, 3.3536631046e-13, 3.34035858869e-13, 2.88680673333e-13, 2.30759720143e-13, 3.33187470669e-13, 3.30635556911e-13, 2.87876059796e-13, 2.06777086773e-13, 6.94634101758e-14, 1.17680337182e-14, 3.28249698668e-16],
        "stdev": [0.000453479849966, 0.00330460397527, 0.00445559388027, 0.00261087715626, 0.00146010087337, 0.00152215745766, 0.00121633289382, 0.00119875709061, 0.00138536468148, 0.00125402316917, 0.000653991941363, 0.000634258438367, 0.000578834209591, 0.000696533883456, 0.001163376146, 0.00167378096376, 0.00205603498034, 0.00119395542424, 0.00154442095663, 0.00162814953364, 0.00161811010912, 0.00069123058347, 0.000666395411827, 0.00108568521682, 0.000786608376075, 0.000779985217378, 0.000716176058631, 0.000952572387177, 0.000930104753934, 0.000704728125129, 0.00105678255204, 0.00111624330748, 0.000288570561679, 0.000186081830179, 0.000158052978804, 0.000266834715148, 0.000356235977961, 0.000190880178707, 0.00011456021457, 0.000125519232824, 0.000196732522454, 0.000145704107126, 0.000238439301029, 0.000228711374803, 0.000114948452392, 0.000104093327536, 8.72635209817e-05, 0.000114954586024, 9.00067243492e-05, 0.000103175232653, 8.34561578813e-05, 6.26509136055e-05, 3.54976618837e-05, 4.10675202147e-05, 6.38324854663e-05, 5.4237585573e-05, 4.3137355533e-05, 2.42237438215e-05, 4.23769888585e-05, 3.18864804285e-05, 2.23894003284e-05, 1.75160130311e-05, 1.80025599548e-05, 1.68593469425e-05, 1.73797543539e-05, 1.9428165615e-05, 3.58714241884e-05, 1.8463950255e-05, 1.14613867481e-05, 5.65223672311e-06, 6.86838893671e-06, 6.1260120674e-06, 6.45960153633e-06, 6.34378875475e-06, 8.34756883705e-06, 1.04090131572e-05, 1.07270370791e-05, 1.03661868707e-05, 7.44856242818e-06, 6.74313787385e-06, 6.90766182743e-06, 6.41805991108e-06, 5.82655275139e-06, 5.87810336583e-06, 5.07786171511e-06, 4.67222071165e-06, 5.2176023928e-06, 5.09047004016e-06, 5.56870190849e-06, 5.28283226231e-06, 4.70451550427e-06, 5.75512967771e-06, 5.99298937232e-06, 7.10370341039e-06, 5.5892396631e-06, 6.54169161862e-06, 6.63461923978e-06, 7.69900088926e-06, 6.50644142297e-06, 6.35399874227e-06, 8.3991790234e-06, 9.17823854252e-06, 8.27413350635e-06, 8.30820681585e-06, 7.77030982135e-06, 5.59588806937e-06, 4.23250685344e-06, 2.89369268103e-06, 1.70774978869e-06, 1.07307721464e-06, 7.93616266037e-07, 5.5695750234e-07, 4.28749245884e-07, 4.28396845109e-07, 2.51351366387e-07, 4.31225295472e-08, 4.12286471629e-09, 3.05903302689e-10, 3.00279107135e-10, 2.92934065893e-10, 2.8486088488e-10, 2.79163525629e-10, 2.74304162717e-10, 2.69976485612e-10, 2.66498267898e-10, 2.64081090329e-10, 2.61836413662e-10, 2.60498456139e-10]
    },
    "mfcc": {
        "mean": [-635.243652344, 111.967666626, -8.84972190857, -9.16394519806, -3.66911911964, -2.08444809914, -4.3611073494, 3.08282494545, 3.95907640457, 0.352792173624, 4.80538606644, 0.147090956569, -2.41570115089],
        "cov": [[6151.31396484, -1033.72180176, 267.418365479, 316.287963867, 220.461669922, 483.318206787, 253.013778687, 390.670288086, 250.388198853, 414.5519104, 254.700180054, 282.987762451, 235.158187866], [-1033.72180176, 1374.25085449, 752.323608398, 418.762756348, 321.985626221, 159.720733643, 152.159896851, -123.310089111, -55.1460952759, -80.8805999756, 12.5141305923, 48.1395339966, 119.863327026], [267.418365479, 752.323608398, 1420.08117676, 778.605712891, 635.840393066, 299.617828369, 265.478027344, -110.646087646, -45.2061767578, -13.0302333832, 10.0432310104, 101.733947754, 183.91003418], [316.287963867, 418.762756348, 778.605712891, 664.409667969, 469.064483643, 234.259689331, 195.046356201, -8.34146213531, 7.99802923203, 47.5463485718, 16.9686565399, 68.718711853, 112.568153381], [220.461669922, 321.985626221, 635.840393066, 469.064483643, 479.121551514, 207.345687866, 165.75428772, 3.21423721313, 7.67944097519, 46.4785919189, 3.18726372719, 44.2550048828, 73.7400131226], [483.318206787, 159.720733643, 299.617828369, 234.259689331, 207.345687866, 226.962814331, 155.962005615, 57.268119812, 44.7961349487, 71.9847640991, 30.4938869476, 54.4630966187, 55.5419044495], [253.013778687, 152.159896851, 265.478027344, 195.046356201, 165.75428772, 155.962005615, 241.260498047, 94.4133071899, 57.6291770935, 77.1955871582, 35.828994751, 50.3447532654, 41.8161201477], [390.670288086, -123.310089111, -110.646087646, -8.34146213531, 3.21423721313, 57.268119812, 94.4133071899, 164.569381714, 82.6753540039, 84.7364959717, 40.5136375427, 25.5467300415, -12.925412178], [250.388198853, -55.1460952759, -45.2061767578, 7.99802923203, 7.67944097519, 44.7961349487, 57.6291770935, 82.6753540039, 96.3248443604, 64.1407928467, 28.8479251862, 22.2455501556, 1.93564212322], [414.5519104, -80.8805999756, -13.0302333832, 47.5463485718, 46.4785919189, 71.9847640991, 77.1955871582, 84.7364959717, 64.1407928467, 128.764450073, 56.5168151855, 42.4651565552, 20.7836418152], [254.700180054, 12.5141305923, 10.0432310104, 16.9686565399, 3.18726372719, 30.4938869476, 35.828994751, 40.5136375427, 28.8479251862, 56.5168151855, 86.3717956543, 55.8778495789, 30.8002891541], [282.987762451, 48.1395339966, 101.733947754, 68.718711853, 44.2550048828, 54.4630966187, 50.3447532654, 25.5467300415, 22.2455501556, 42.4651565552, 55.8778495789, 89.4749679565, 61.4969940186], [235.158187866, 119.863327026, 183.91003418, 112.568153381, 73.7400131226, 55.5419044495, 41.8161201477, -12.925412178, 1.93564212322, 20.7836418152, 30.8002891541, 61.4969940186, 111.314598083]],
        "icov": [[0.000376476265956, 0.000412719149608, -0.000264096190222, -2.41561738221e-05, 0.000242769528995, -0.000874778837897, 0.000527824333403, -0.000605925917625, 4.93328434459e-06, -0.000203798845178, -0.000386917992728, -6.04252963967e-05, -0.000593554403167], [0.000412719149608, 0.00165940227453, -0.000493819417898, -0.00019019364845, 0.00014728451788, -0.00123016617727, -0.000146510428749, 0.000175183435204, -0.000234128005104, 0.00116244913079, -0.00152290915139, 0.000419034098741, -0.00108199531678], [-0.000264096190222, -0.000493819417898, 0.00363694760017, -0.00168758654036, -0.00212705344893, 0.000387100502849, -0.00232584355399, 0.00294443732128, 5.3015191952e-05, 0.00201347586699, -0.000312496355036, -0.00079152896069, -0.000634160416666], [-2.41561738221e-05, -0.00019019364845, -0.00168758654036, 0.00648072781041, -0.0035315186251, -0.000580742373131, 8.18135595182e-05, -0.000376469484763, -0.000154830777319, -0.000753486005124, 0.000277956598438, 0.000185450859135, -0.000990930246189], [0.000242769528995, 0.00014728451788, -0.00212705344893, -0.0035315186251, 0.00900238472968, -0.00271193613298, 0.00107273412868, -0.00158065848518, 0.00102634425275, -0.00255744508468, 0.00176457245834, 0.000595280551352, 0.000859642110299], [-0.000874778837897, -0.00123016617727, 0.000387100502849, -0.000580742373131, -0.00271193613298, 0.0134365865961, -0.00458040833473, 0.000722339376807, -0.00110055529512, -0.00194864475634, 0.00225679506548, -0.00175513117574, 0.00074524153024], [0.000527824333403, -0.000146510428749, -0.00232584355399, 8.18135595182e-05, 0.00107273412868, -0.00458040833473, 0.012059930712, -0.00708136009052, -8.0718571553e-05, -0.00251778471284, 0.000744118995499, -0.000446989695774, -0.000462635012809], [-0.000605925917625, 0.000175183435204, 0.00294443732128, -0.000376469484763, -0.00158065848518, 0.000722339376807, -0.00708136009052, 0.0186468791217, -0.00744263455272, -0.00101704779081, -0.00185418967158, -0.00124422623776, 0.0036392218899], [4.93328434459e-06, -0.000234128005104, 5.3015191952e-05, -0.000154830777319, 0.00102634425275, -0.00110055529512, -8.0718571553e-05, -0.00744263455272, 0.0205965675414, -0.00537716550753, 0.00103305152152, -0.000822447356768, 0.000160374445841], [-0.000203798845178, 0.00116244913079, 0.00201347586699, -0.000753486005124, -0.00255744508468, -0.00194864475634, -0.00251778471284, -0.00101704779081, -0.00537716550753, 0.0203834436834, -0.0087753161788, 0.000673655304126, -0.00154798838776], [-0.000386917992728, -0.00152290915139, -0.000312496355036, 0.000277956598438, 0.00176457245834, 0.00225679506548, 0.000744118995499, -0.00185418967158, 0.00103305152152, -0.0087753161788, 0.0262046679854, -0.0136569924653, 0.00181734911166], [-6.04252963967e-05, 0.000419034098741, -0.00079152896069, 0.000185450859135, 0.000595280551352, -0.00175513117574, -0.000446989695774, -0.00124422623776, -0.000822447356768, 0.000673655304126, -0.0136569924653, 0.0294681135565, -0.0113111538813], [-0.000593554403167, -0.00108199531678, -0.000634160416666, -0.000990930246189, 0.000859642110299, 0.00074524153024, -0.000462635012809, 0.0036392218899, 0.000160374445841, -0.00154798838776, 0.00181734911166, -0.0113111538813, 0.0191397871822]]
    },
    "spectral_contrast_coeffs": {
        "max": [-0.386856347322, -0.43995398283, -0.567271113396, -0.640765726566, -0.66249358654, -0.657155632973],
        "mean": [-0.72161012888, -0.727574944496, -0.762774825096, -0.803196012974, -0.795805156231, -0.766680002213],
        "min": [-0.926311969757, -0.916059434414, -0.925441205502, -0.905060887337, -0.880015909672, -0.925400972366],
        "stdev": [0.0962346494198, 0.0852244794369, 0.0564194731414, 0.0383673124015, 0.0313286446035, 0.0347206480801]
    },
    "spectral_contrast_valleys": {
        "max": [-4.99285650253, -4.71846675873, -5.31240653992, -5.7475771904, -6.0340795517, -7.41333341599],
        "mean": [-7.32095241547, -6.52268075943, -6.80819892883, -7.22259426117, -7.64491891861, -10.0712738037],
        "min": [-11.3127069473, -8.7881526947, -9.58862876892, -9.62744998932, -10.2449035645, -13.2941102982],
        "stdev": [1.52993106842, 0.70161986351, 0.749689340591, 0.775097131729, 0.865819275379, 1.10634303093]
    }
},
"rhythm": {
    "beats_count": 64,
    "beats_loudness": {
        "max": 0.0999889522791,
        "mean": 0.0381951481104,
        "min": 0.000419128045905,
        "stdev": 0.0224806591868
    },
    "bpm": 143.685714722,
    "bpm_histogram_first_peak_bpm": 144,
    "bpm_histogram_first_peak_weight": 0.0909091234207,
    "bpm_histogram_second_peak_bpm": 80,
    "bpm_histogram_second_peak_spread": 0.375,
    "bpm_histogram_second_peak_weight": 0.15873016417,
    "danceability": 0.878446877003,
    "onset_rate": 1.93941438198,
    "beats_loudness_band_ratio": {
        "max": [0.899166941643, 0.604449510574, 0.786108911037, 0.803812801838, 0.256398051977, 0.752275884151],
        "mean": [0.323695391417, 0.134997010231, 0.243859291077, 0.199406400323, 0.0788361206651, 0.0682955607772],
        "min": [2.39612036239e-05, 0.000599633378442, 0.0171954184771, 0.00246809306554, 0.000752652820665, 0.00034209783189],
        "stdev": [0.239640116692, 0.147908896208, 0.184961676598, 0.187148302794, 0.0554164722562, 0.129590764642]
    },
    "beats_position": [0.452789098024, 0.905578196049, 1.3235373497, 1.74149656296, 2.15945577621, 2.57741498947, 2.99537420273, 3.41333317757, 3.83129239082, 4.2492518425, 4.66721057892, 5.08516979218, 5.50312900543, 5.92108821869, 6.33904743195, 6.7570066452, 7.17496585846, 7.59292507172, 7.99927425385, 8.4172334671, 8.83519268036, 9.25315189362, 9.67111110687, 10.077460289, 10.4954195023, 10.9133787155, 11.3313379288, 11.749297142, 12.1672563553, 12.5852155685, 13.0031747818, 13.4211339951, 13.8390922546, 14.2570514679, 14.6866207123, 15.1277999878, 15.5689792633, 16.0101585388, 16.5906581879, 17.1711559296, 17.7632656097, 18.3553733826, 18.9474830627, 19.5860309601, 20.2245807648, 20.9560089111, 21.6874370575, 22.4188652039, 23.1502952576, 23.9049434662, 24.6595916748, 25.37940979, 26.0992279053, 26.8074378967, 27.5040359497, 28.2006340027, 28.9552822113, 29.6983222961, 30.4413604736, 31.1843986511, 31.9390468597, 32.6936950684, 33.4483451843, 34.2029914856],
