{
"metadata": {
    "version": {
        "essentia": "2.1-beta5",
        "essentia_git_sha": "Undefined",
        "extractor": "music 2.0"
    },
    "audio_properties": {
        "analysis": {
            "equal_loudness": 0,
            "length": 45.2556915283,
            "sample_rate": 44100,
            "start_time": 129.996917725,
            "downmix": "mix"
        },
        "bit_rate": 192000,
        "length": 195.407546997,
        "lossless": 0,
        "number_channels": 2,
        "replay_gain": -2.5186214447,
        "sample_rate": 48000,
        "codec": "mp3",
        "md5_encoded": "92f96ec79a4f79f0f8bb9b74eefefc6f"
    },
    "tags": {
        "file_name": "Spain_Say Yay!_Barei.mp3",
        "encoding": ["Lavf58.29.100"]
    }
},
"lowlevel": {
    "average_loudness": 0.965051829815,
    "barkbands_crest": {
        "max": 25.5193576813,
        "mean": 12.3963375092,
        "min": 2.77905297279,
        "stdev": 5.33866024017
    },
    "barkbands_flatness_db": {
        "max": 0.299671858549,
        "mean": 0.128298357129,
        "min": 0.0414354689419,
        "stdev": 0.0402769297361
    },
    "barkbands_kurtosis": {
        "max": 84.4121704102,
        "mean": 2.32312178612,
        "min": -1.73433578014,
        "stdev": 5.44892501831
    },
    "barkbands_skewness": {
        "max": 8.79273509979,
        "mean": 1.32280194759,
        "min": -1.11821305752,
        "stdev": 1.04824531078
    },
    "barkbands_spread": {
        "max": 102.39630127,
        "mean": 30.2477989197,
        "min": 2.4845058918,
        "stdev": 12.85414505
    },
    "dissonance": {
        "max": 0.499888420105,
        "mean": 0.47648999095,
        "min": 0.335706055164,
        "stdev": 0.018502779305
    },
    "dynamic_complexity": 1.29143977165,
    "erbbands_crest": {
        "max": 28.2588539124,
        "mean": 8.45137214661,
        "min": 2.59385609627,
        "stdev": 3.71851158142
    },
    "erbbands_flatness_db": {
        "max": 0.302584856749,
        "mean": 0.138628646731,
        "min": 0.0615923069417,
        "stdev": 0.0351287871599
    },
    "erbbands_kurtosis": {
        "max": 24.3658313751,
        "mean": 1.08687448502,
        "min": -1.44165956974,
        "stdev": 1.7444229126
    },
    "erbbands_skewness": {
        "max": 2.59422779083,
        "mean": 0.337098360062,
        "min": -1.65395402908,
        "stdev": 0.548640549183
    },
    "erbbands_spread": {
        "max": 115.485832214,
        "mean": 33.2200431824,
        "min": 4.44983005524,
        "stdev": 15.3420801163
    },
    "hfc": {
        "max": 160.005325317,
        "mean": 41.4848175049,
        "min": 4.59039783478,
        "stdev": 21.4319381714
    },
    "loudness_ebu128": {
        "integrated": -18.5738067627,
        "loudness_range": 3.02025413513,
        "momentary": {
            "max": -16.326385498,
            "mean": -18.7490673065,
            "min": -22.595905304,
            "stdev": 1.2559813261
        },
        "short_term": {
            "max": -17.0893783569,
            "mean": -18.7103214264,
            "min": -20.8766613007,
            "stdev": 1.10135149956
        }
    },
    "melbands_crest": {
        "max": 35.3455619812,
        "mean": 18.4543056488,
        "min": 3.80312347412,
        "stdev": 7.77502822876
    },
    "melbands_flatness_db": {
        "max": 0.39199885726,
        "mean": 0.181561768055,
        "min": 0.05385671556,
        "stdev": 0.0537126399577
    },
    "melbands_kurtosis": {
        "max": 197.20463562,
        "mean": 11.0181589127,
        "min": -1.53116488457,
        "stdev": 16.798122406
    },
    "melbands_skewness": {
        "max": 12.1665439606,
        "mean": 2.5237569809,
        "min": -0.845047652721,
        "stdev": 1.71312558651
    },
    "melbands_spread": {
        "max": 85.9854202271,
        "mean": 27.95911026,
        "min": 1.49582326412,
        "stdev": 13.0850229263
    },
    "pitch_salience": {
        "max": 0.801547348499,
        "mean": 0.460867702961,
        "min": 0.0889105424285,
        "stdev": 0.142018944025
    },
    "silence_rate_20dB": {
        "max": 1,
        "mean": 1,
        "min": 1,
        "stdev": 0
    },
    "silence_rate_30dB": {
        "max": 1,
        "mean": 0.911282062531,
        "min": 0,
        "stdev": 0.284337580204
    },
    "silence_rate_60dB": {
        "max": 1,
        "mean": 0.000512820493896,
        "min": 0,
        "stdev": 0.0226392671466
    },
    "spectral_centroid": {
        "max": 3195.98681641,
        "mean": 1651.16137695,
        "min": 478.690063477,
        "stdev": 356.516021729
    },
    "spectral_complexity": {
        "max": 53,
        "mean": 28.829744339,
        "min": 3,
        "stdev": 7.56725072861
    },
    "spectral_decrease": {
        "max": -4.51901488452e-10,
        "mean": -1.42717055951e-08,
        "min": -5.69526896754e-08,
        "stdev": 8.41416092356e-09
    },
    "spectral_energy": {
        "max": 0.222798496485,
        "mean": 0.0576275065541,
        "min": 0.00214638188481,
        "stdev": 0.032297167927
    },
    "spectral_energyband_high": {
        "max": 0.0126598263159,
        "mean": 0.00180778675713,
        "min": 4.13681300415e-05,
        "stdev": 0.00170040607918
    },
    "spectral_energyband_low": {
        "max": 0.189049080014,
        "mean": 0.034633398056,
        "min": 1.83682950592e-05,
        "stdev": 0.0318817272782
    },
    "spectral_energyband_middle_high": {
        "max": 0.0437349416316,
        "mean": 0.0128542045131,
        "min": 0.000718890863936,
        "stdev": 0.00722136814147
    },
    "spectral_energyband_middle_low": {
        "max": 0.0617089420557,
        "mean": 0.00931117869914,
        "min": 0.000242561043706,
        "stdev": 0.00709912180901
    },
    "spectral_entropy": {
        "max": 8.7090959549,
        "mean": 7.94436740875,
        "min": 6.66502094269,
        "stdev": 0.270441263914
    },
    "spectral_flux": {
        "max": 0.445042014122,
        "mean": 0.128420516849,
        "min": 0.0333253480494,
        "stdev": 0.0465317666531
    },
    "spectral_kurtosis": {
        "max": 11.4716424942,
        "mean": 3.42493367195,
        "min": -1.29195475578,
        "stdev": 1.68334209919
    },
    "spectral_rms": {
        "max": 0.0147432824597,
        "mean": 0.00722274230793,
        "min": 0.00144707667641,
        "stdev": 0.00201342650689
    },
    "spectral_rolloff": {
        "max": 11326.4648438,
        "mean": 1527.55456543,
        "min": 64.599609375,
        "stdev": 1344.1315918
    },
    "spectral_skewness": {
        "max": 2.61823511124,
        "mean": 1.60282945633,
        "min": 0.385189563036,
        "stdev": 0.279956012964
    },
    "spectral_spread": {
        "max": 15209704,
        "mean": 5698306,
        "min": 2899171.75,
        "stdev": 1736987.75
    },
    "spectral_strongpeak": {
        "max": 8.5578660965,
        "mean": 0.742531597614,
        "min": 0,
        "stdev": 1.00009548664
    },
    "zerocrossingrate": {
        "max": 0.24609375,
        "mean": 0.0682499483228,
        "min": 0.009765625,
        "stdev": 0.0307174623013
    },
    "barkbands": {
        "max": [0.0195210520178, 0.178441464901, 0.0529525354505, 0.0238962396979, 0.0183013044298, 0.0200881566852, 0.0323779657483, 0.0423048250377, 0.0418196059763, 0.025873221457, 0.0257410742342, 0.0182329937816, 0.0251847151667, 0.0156812220812, 0.0134247038513, 0.0230270568281, 0.0147817386314, 0.00908779446036, 0.00381400692277, 0.00595611426979, 0.00152760813944, 0.00125226087403, 0.00210025394335, 0.00360896065831, 0.00923729036003, 0.0043510296382, 6.91687409926e-06],
        "mean": [0.00219476292841, 0.0292679127306, 0.00253657228313, 0.00118723267224, 0.000991529785097, 0.00102088006679, 0.00148349744268, 0.00145220209379, 0.00256302184425, 0.00290071428753, 0.00190638762433, 0.00115601241123, 0.00126802327577, 0.00133216672111, 0.00104461505543, 0.00152491382323, 0.000870937947184, 0.000584083667491, 0.000416331313318, 0.000273985177046, 0.000200738519197, 0.000173967418959, 0.000261184730334, 0.000350871065166, 0.000481298280647, 0.000183656127774, 1.49477177303e-08],
        "min": [1.61133755228e-07, 3.97629491999e-06, 8.00633472409e-07, 9.96492417471e-07, 1.83173449386e-06, 4.59267312181e-06, 5.37257164979e-06, 5.23862036061e-06, 8.55915823195e-06, 2.1847883545e-05, 8.12376038084e-06, 2.04096395464e-05, 2.20574092964e-05, 3.13637428917e-05, 1.79619073606e-05, 7.8680623119e-06, 9.28010649659e-06, 1.78685659193e-05, 7.95490177552e-06, 6.47745582683e-06, 3.31908540829e-06, 1.54562258103e-06, 1.94633457795e-06, 6.41681708657e-06, 6.90794558977e-06, 1.32720732182e-08, 9.16931461314e-11],
        "stdev": [0.00302077364177, 0.0295007117093, 0.00373637373559, 0.00229646917433, 0.00175221415702, 0.0015658690827, 0.00252349791117, 0.00225115800276, 0.00313095701858, 0.00344394752756, 0.00277591194026, 0.00147997401655, 0.00183063559234, 0.0016488567926, 0.00143271160778, 0.00210817996413, 0.00140097318217, 0.000604386907071, 0.000410852080677, 0.000273314712103, 0.000171639112523, 0.000142628239701, 0.000240246168687, 0.000394043425331, 0.000741903029848, 0.00043219406507, 1.98905468096e-07]
    },
    "erbbands": {
        "max": [7.88707304001, 33.4858856201, 70.2757034302, 60.7831687927, 54.5438499451, 76.0213165283, 77.6230010986, 241.240783691, 491.579559326, 667.991699219, 1285.3314209, 1261.45629883, 780.144775391, 739.155822754, 1211.42456055, 691.578674316, 985.673278809, 783.01953125, 798.350463867, 1035.66796875, 1017.8739624, 1021.68188477, 517.747497559, 269.247894287, 233.460754395, 180.473480225, 66.8517303467, 62.7858581543, 37.0363502502, 49.1567115784, 83.9822235107, 66.2685012817, 85.8231811523, 79.6700592041, 82.4267578125, 35.9720230103, 2.59492444992, 0.0998307093978, 0.00283129676245, 0.000403138401452],
        "mean": [1.1561293602, 5.18418550491, 4.34960174561, 3.69585108757, 2.98143577576, 3.26037573814, 5.103723526, 10.586016655, 21.7593708038, 25.8365440369, 32.9089050293, 58.6996498108, 80.6400756836, 75.0521469116, 77.379119873, 49.0380249023, 56.1817245483, 63.1663551331, 64.6923904419, 74.0038452148, 63.7047195435, 51.0641365051, 35.2238197327, 28.619808197, 16.1717090607, 12.4411859512, 9.2113609314, 7.76767110825, 6.16847038269, 6.39194393158, 7.60404539108, 7.86885023117, 5.60751771927, 5.33228635788, 3.38859820366, 1.57251417637, 0.143637433648, 0.00360042229295, 0.000198037174414, 8.80408842932e-05],
        "min": [0.00015505508054, 0.000825420371257, 0.00281671225093, 0.00547752808779, 0.00563796842471, 0.0070393383503, 0.0185476243496, 0.0485284589231, 0.139685168862, 0.342135608196, 0.306906580925, 0.349785715342, 0.62837356329, 1.30871808529, 1.09527540207, 1.3900257349, 1.38334167004, 1.96634781361, 0.929897844791, 1.05092227459, 0.551116645336, 0.650602161884, 1.07654356956, 0.852981030941, 0.466121286154, 0.304351747036, 0.220353096724, 0.172554373741, 0.0634060353041, 0.0560755096376, 0.0814888104796, 0.120264470577, 0.0988660156727, 0.0515588968992, 0.0530502274632, 0.00655955215916, 0.000221809037612, 1.58229759109e-05, 8.01091482572e-06, 6.63515493216e-06],
        "stdev": [1.44999110699, 5.08455514908, 5.22911596298, 6.46316194534, 5.14809465408, 6.54902029037, 7.74075889587, 17.1666717529, 38.5791244507, 42.8035507202, 51.4800987244, 75.2107696533, 86.9571380615, 87.1890029907, 109.790237427, 57.1538543701, 67.1925964355, 76.6945495605, 80.4969024658, 93.8828582764, 83.4841156006, 77.5992965698, 37.9294548035, 31.3569145203, 15.2073373795, 11.4513540268, 7.61654472351, 6.86045503616, 5.02337598801, 5.55892467499, 7.21852445602, 7.95608186722, 7.61193656921, 7.609811306, 5.71955108643, 3.6060090065, 0.289487957954, 0.00785609520972, 0.000319428363582, 5.33665661351e-05]
    },
    "gfcc": {
        "mean": [63.6775474548, 73.1727371216, -122.85585022, 31.3547058105, -52.8029594421, 46.7784004211, -35.3732681274, 36.8537025452, -17.039390564, 12.4495811462, -11.4030981064, 2.49230313301, -4.01539087296],
        "cov": [[1110.68762207, -232.143692017, 220.255081177, 72.1768417358, -49.2105102539, -39.2416877747, -96.4987716675, 4.93365430832, -67.5756988525, -73.6808395386, -233.681137085, 65.8681106567, -80.4643325806], [-232.143692017, 423.993621826, -121.531906128, -0.142133519053, 19.9337558746, -53.6456451416, 66.1763534546, -40.8895301819, 25.5239276886, -14.9174833298, 90.3619995117, -46.6606483459, 47.5034484863], [220.255081177, -121.531906128, 438.168945312, 75.0031051636, 29.0101299286, 63.7588500977, -27.2724094391, 31.7801837921, -30.7381000519, 9.66205120087, -69.7798233032, 58.6421051025, -17.3220310211], [72.1768417358, -0.142133519053, 75.0031051636, 186.323364258, 72.2588729858, 23.737903595, 16.7667427063, 6.99310207367, 36.4789543152, -15.2297639847, -15.0365285873, -2.65513205528, 14.7064533234], [-49.2105102539, 19.9337558746, 29.0101299286, 72.2588729858, 151.214889526, 70.2266693115, 50.9733810425, 35.821144104, 29.4421787262, 9.75834274292, 20.8983211517, 2.80345129967, 18.7731399536], [-39.2416877747, -53.6456451416, 63.7588500977, 23.737903595, 70.2266693115, 148.44140625, 77.7383804321, 10.5135889053, 0.599047601223, 10.2634458542, 8.34562301636, -5.60108995438, 8.7541809082], [-96.4987716675, 66.1763534546, -27.2724094391, 16.7667427063, 50.9733810425, 77.7383804321, 147.087234497, 25.6516399384, 8.14244174957, 10.0163908005, 30.8713684082, -5.9631729126, 21.467924118], [4.93365430832, -40.8895301819, 31.7801837921, 6.99310207367, 35.821144104, 10.5135889053, 25.6516399384, 98.9902801514, 54.5300521851, 8.60295963287, 6.07791948318, 18.529964447, 5.84562063217], [-67.5756988525, 25.5239276886, -30.7381000519, 36.4789543152, 29.4421787262, 0.599047601223, 8.14244174957, 54.5300521851, 117.49848938, 29.8226718903, 33.3280220032, 6.19625425339, 25.0773773193], [-73.6808395386, -14.9174833298, 9.66205120087, -15.2297639847, 9.75834274292, 10.2634458542, 10.0163908005, 8.60295963287, 29.8226718903, 77.4615478516, 54.5660514832, 1.76287782192, 3.11665868759], [-233.681137085, 90.3619995117, -69.7798233032, -15.0365285873, 20.8983211517, 8.34562301636, 30.8713684082, 6.07791948318, 33.3280220032, 54.5660514832, 136.254852295, -1.73383009434, 31.2500095367], [65.8681106567, -46.6606483459, 58.6421051025, -2.65513205528, 2.80345129967, -5.60108995438, -5.9631729126, 18.529964447, 6.19625425339, 1.76287782192, -1.73383009434, 79.0562744141, 21.3817844391], [-80.4643325806, 47.5034484863, -17.3220310211, 14.7064533234, 18.7731399536, 8.7541809082, 21.467924118, 5.84562063217, 25.0773773193, 3.11665868759, 31.2500095367, 21.3817844391, 73.2864837646]],
        "icov": [[0.00175764982123, -0.000451533531304, 0.000317746918881, -0.00128724728711, 0.000754665699787, -0.000647895911243, 0.000975536357146, -0.00116326939315, 0.00120520603377, -0.00130202120636, 0.0030129419174, -0.00206204690039, 0.00120683037676], [-0.000451533531304, 0.00811887811869, -0.00346182566136, 0.00442626094446, -0.00459318142384, 0.00963777024299, -0.00831692945212, 0.00941575318575, -0.00717497151345, 0.0096060084179, -0.00727770803496, 0.00678335502744, -0.00258334889077], [0.000317746918881, -0.00346182566136, 0.00614630524069, -0.00489450292662, 0.00317545142025, -0.00728026311845, 0.00605984125286, -0.00734091037884, 0.00676861172542, -0.00787275843322, 0.00547062186524, -0.00608376925811, 0.0013553010067], [-0.00128724728711, 0.00442626094446, -0.00489450292662, 0.0127090597525, -0.00764700956643, 0.00785281788558, -0.00684540579095, 0.0102201942354, -0.0101955458522, 0.0100482329726, -0.00535159604624, 0.00676756724715, -0.00240980344824], [0.000754665699787, -0.00459318142384, 0.00317545142025, -0.00764700956643, 0.0147873656824, -0.0106470230967, 0.00530447205529, -0.010117080994, 0.00609465083107, -0.00704826228321, 0.00383169203997, -0.00492435274646, 0.000844995724037], [-0.000647895911243, 0.00963777024299, -0.00728026311845, 0.00785281788558, -0.0106470230967, 0.0248584076762, -0.0165909230709, 0.0147900236771, -0.0105344802141, 0.0122734839097, -0.00864467117935, 0.0105183068663, -0.00311662186868], [0.000975536357146, -0.00831692945212, 0.00605984125286, -0.00684540579095, 0.00530447205529, -0.0165909230709, 0.0208562985063, -0.0149122700095, 0.0114717213437, -0.011735541746, 0.00735052255914, -0.00736947869882, 0.000560420157854], [-0.00116326939315, 0.00941575318575, -0.00734091037884, 0.0102201942354, -0.010117080994, 0.0147900236771, -0.0149122700095, 0.0308185573667, -0.0202747453004, 0.0158192012459, -0.00952238403261, 0.00639313925058, 2.8711881896e-05], [0.00120520603377, -0.00717497151345, 0.00676861172542, -0.0101955458522, 0.00609465083107, -0.0105344802141, 0.0114717213437, -0.0202747453004, 0.0256379302591, -0.017013233155, 0.00807511154562, -0.00688337534666, -0.00191069662105], [-0.00130202120636, 0.0096060084179, -0.00787275843322, 0.0100482329726, -0.00704826228321, 0.0122734839097, -0.011735541746, 0.0158192012459, -0.017013233155, 0.0354271307588, -0.019337290898, 0.00935786217451, 0.00081247324124], [0.0030129419174, -0.00727770803496, 0.00547062186524, -0.00535159604624, 0.00383169203997, -0.00864467117935, 0.00735052255914, -0.00952238403261, 0.00807511154562, -0.019337290898, 0.0240597482771, -0.00849799998105, -0.000671011512168], [-0.00206204690039, 0.00678335502744, -0.00608376925811, 0.00676756724715, -0.00492435274646, 0.0105183068663, -0.00736947869882, 0.00639313925058, -0.00688337534666, 0.00935786217451, -0.00849799998105, 0.0246685408056, -0.00941927172244], [0.00120683037676, -0.00258334889077, 0.0013553010067, -0.00240980344824, 0.000844995724037, -0.00311662186868, 0.000560420157854, 2.8711881896e-05, -0.00191069662105, 0.00081247324124, -0.000671011512168, -0.00941927172244, 0.0210914108902]]
    },
    "melbands": {
        "max": [0.0591272898018, 0.038318041712, 0.00900198612362, 0.0041913469322, 0.00307807698846, 0.00492317089811, 0.00704579427838, 0.00647248141468, 0.0108900908381, 0.00836137495935, 0.00415463699028, 0.00336930854246, 0.00391460256651, 0.00196061446331, 0.00265750847757, 0.00345024140552, 0.00166583643295, 0.00150477059651, 0.00143452046905, 0.00232591759413, 0.00105765787885, 0.00132225966081, 0.000927098502871, 0.000669503060635, 0.000238467007875, 0.000152055275976, 0.000371205882402, 0.000111923545774, 7.04513950041e-05, 3.51362177753e-05, 3.7000841985e-05, 2.1963576728e-05, 2.93583216262e-05, 3.13359014399e-05, 5.49411815882e-05, 5.28951022716e-05, 4.29557585448e-05, 5.39485517947e-05, 9.00799132069e-05, 6.98505682521e-05],
        "mean": [0.0090849166736, 0.0037144003436, 0.00060094287619, 0.000210261467146, 0.000179418901098, 0.000243776667048, 0.000310266914312, 0.000291381031275, 0.000287173083052, 0.000377909134841, 0.000417114264565, 0.000324428023305, 0.000251717370702, 0.000143697136082, 0.000138405041071, 0.000123143559904, 0.000117423842312, 0.000110171145934, 8.04498122307e-05, 0.000126409315271, 5.85997913731e-05, 5.30928919034e-05, 3.95979477616e-05, 2.73316491075e-05, 2.32745424e-05, 1.29619347717e-05, 9.38670746109e-06, 8.3486256699e-06, 6.24314770903e-06, 4.81576853417e-06, 4.25427197115e-06, 3.47591594618e-06, 3.28592363985e-06, 3.63904746337e-06, 4.1900616452e-06, 5.04460695083e-06, 4.62282105218e-06, 3.70317661691e-06, 4.16657348978e-06, 4.65967332275e-06],
        "min": [1.41604812143e-06, 2.33456580645e-06, 8.2291688841e-07, 2.87203590688e-07, 5.45892760329e-07, 1.10061534997e-06, 1.79289418156e-06, 1.60353852152e-06, 9.39138772083e-07, 1.06614970719e-06, 2.11495148505e-06, 4.88588011649e-06, 7.52337086851e-07, 1.88612636975e-06, 1.30891351091e-06, 1.87102818927e-06, 3.2211139569e-06, 1.2185992091e-06, 1.50656182996e-06, 8.82207928043e-07, 5.43694966382e-07, 4.98130930282e-07, 1.108259994e-06, 7.57201405577e-07, 3.92398249005e-07, 3.43586009421e-07, 2.56031995605e-07, 1.83816197818e-07, 1.46727259676e-07, 5.51619550038e-08, 8.92145237685e-08, 2.68766378042e-08, 2.88955597227e-08, 2.76169789259e-08, 2.93331510193e-08, 5.95638205425e-08, 6.85588688043e-08, 6.27600726943e-08, 2.79467702313e-08, 2.79408443049e-08],
        "stdev": [0.00996229611337, 0.00355638959445, 0.000991038512439, 0.000365723011782, 0.000287191767711, 0.000372506066924, 0.000533842190634, 0.000479019305203, 0.000474521308206, 0.000493059982546, 0.000461966614239, 0.000387040781789, 0.000362052087439, 0.000174893226358, 0.000201499191462, 0.000207093020435, 0.000152427019202, 0.000154104884132, 0.0001189425966, 0.00018386420561, 8.87072601472e-05, 8.45581889735e-05, 6.26099863439e-05, 3.21153202094e-05, 2.78537063423e-05, 1.28610918182e-05, 1.2729627997e-05, 8.19590059109e-06, 5.79017068958e-06, 4.3684171942e-06, 3.84169288736e-06, 2.9045509109e-06, 2.97999349641e-06, 3.28049281961e-06, 4.21090635427e-06, 5.15500460097e-06, 4.84394786326e-06, 5.0052503866e-06, 6.54255200061e-06, 6.71561792842e-06]
    },
    "melbands128": {
        "max": [0.0187309850007, 0.0765685886145, 0.0844682604074, 0.0617609731853, 0.0450896210968, 0.020563416183, 0.0145654641092, 0.0110261263326, 0.00643571978435, 0.00528772221878, 0.00507625192404, 0.0059111812152, 0.00312862056307, 0.00371348485351, 0.00795748084784, 0.00734326709062, 0.00959229562432, 0.00920863635838, 0.00795579422265, 0.0106551935896, 0.00975728686899, 0.00743874767795, 0.0190979093313, 0.0108901783824, 0.0107528660446, 0.0122226476669, 0.00509189395234, 0.0054151150398, 0.00882208254188, 0.00722466409206, 0.00452640932053, 0.00591801712289, 0.00620954483747, 0.00733542861417, 0.00326024484821, 0.00349254510365, 0.00252399710007, 0.0055096722208, 0.00219102739356, 0.00225085043348, 0.00684714736417, 0.00341466232203, 0.00316347880289, 0.00303484941833, 0.00269127986394, 0.00302805122919, 0.00203677616082, 0.00243384251371, 0.00246313703246, 0.00220886711031, 0.00435860315338, 0.00266374577768, 0.0019290917553, 0.00167377863545, 0.00147619016934, 0.0028399724979, 0.00164859637152, 0.00232512317598, 0.000467840989586, 0.000495917571243, 0.00141872558743, 0.000777749635745, 0.000687142484821, 0.000345681037288, 0.00058734184131, 0.000308041373501, 0.000198321911739, 0.000197622022824, 0.000780254194979, 7.51933330321e-05, 0.000134795001941, 0.000303675624309, 0.000169645616552, 8.68321512826e-05, 7.45505312807e-05, 6.00147031946e-05, 6.78420765325e-05, 6.8189430749e-05, 3.49167312379e-05, 3.41405284416e-05, 2.59395892499e-05, 3.44683066942e-05, 2.98468148685e-05, 3.8503210817e-05, 3.69741319446e-05, 5.18638298672e-05, 3.83392361982e-05, 4.75444066979e-05, 7.88200559327e-05, 5.72663811909e-05, 4.91850369144e-05, 7.65328586567e-05, 7.31610125513e-05, 5.51955708943e-05, 6.98264484527e-05, 7.33000342734e-05, 6.80865414324e-05, 8.48670460982e-05, 0.000107701678644, 0.000104745617136, 8.17768668639e-05, 9.08911024453e-05, 8.52176744957e-05, 9.29601155804e-05, 9.88693791442e-05, 0.000232549777138, 9.38027224038e-05, 0.000117683281132, 9.79382966761e-05, 4.84261436213e-05, 2.65283051704e-05, 1.13588175736e-05, 6.36689264866e-06, 4.15638851337e-06, 1.59760600127e-06, 6.95422556873e-07, 3.82775411367e-08, 3.36231522624e-08, 3.21672573023e-08, 3.08603276267e-08, 2.97754816359e-08, 2.88347585808e-08, 2.80869354441e-08, 2.74063172157e-08, 2.68051234542e-08, 2.64488253521e-08, 2.617067274e-08, 2.59938151004e-08],
        "mean": [0.00206054002047, 0.010062508285, 0.0119434008375, 0.00758829154074, 0.00294340890832, 0.00108938978519, 0.000785582815297, 0.000492598570418, 0.000266744173132, 0.000190292703337, 0.000165631616255, 0.000203552510357, 0.000162704396644, 0.000171651467099, 0.000237819229369, 0.000229134064284, 0.000429216015618, 0.000314679549774, 0.000183233903954, 0.000297538412269, 0.00037272812915, 0.000201334478334, 0.000284752924927, 0.000361983489711, 0.000351862079697, 0.000456228444818, 0.000258954707533, 0.000369717512513, 0.000645029707812, 0.00034994998714, 0.000225290772505, 0.000220677116886, 0.000229216180742, 0.000351549126208, 0.000134167392389, 8.9157038019e-05, 0.000112714878924, 0.000188838021131, 0.0001111498932, 0.000101699180959, 0.000156965543283, 9.94538204395e-05, 0.000110051325464, 0.000124876009068, 0.0001380698086, 0.000112080517283, 7.16083377483e-05, 8.04889277788e-05, 8.00205089035e-05, 8.94952027011e-05, 0.000174214059371, 0.00011929145694, 5.23199414602e-05, 4.14724709117e-05, 3.99042874051e-05, 5.99424820393e-05, 5.77623322897e-05, 4.79968039144e-05, 2.87684524665e-05, 3.25652399624e-05, 2.62048251898e-05, 2.27599830396e-05, 3.12506126647e-05, 1.97870322154e-05, 1.81365212484e-05, 1.22745204862e-05, 1.02140020317e-05, 1.1311975868e-05, 9.62937247095e-06, 6.07759511695e-06, 7.26442431187e-06, 1.15564962471e-05, 7.01248518453e-06, 5.31180512553e-06, 4.91744549436e-06, 4.22358152719e-06, 5.31092837264e-06, 5.10599920744e-06, 3.88084026781e-06, 3.65452456208e-06, 3.62219475392e-06, 3.30956140715e-06, 3.32662284563e-06, 3.10029486172e-06, 3.52313372787e-06, 3.39940288541e-06, 3.7333813907e-06, 3.99065038437e-06, 4.38280812887e-06, 4.05557602789e-06, 4.76602644994e-06, 5.23671360497e-06, 5.56390614292e-06, 4.72901638204e-06, 4.15833756051e-06, 3.66448739442e-06, 3.4485328797e-06, 3.88103399018e-06, 4.16630928157e-06, 4.2683391257e-06, 4.64491995444e-06, 4.86587896376e-06, 4.50999459645e-06, 4.15351360061e-06, 3.81219729206e-06, 3.52055621988e-06, 3.36978109772e-06, 3.47998184225e-06, 3.33602974933e-06, 1.9745807549e-06, 1.2262872815e-06, 4.70128867391e-07, 1.06173132508e-07, 3.66175463284e-08, 4.95587038074e-09, 2.25729190895e-09, 3.45379613798e-10, 4.09407646673e-11, 3.84421487698e-11, 3.65240789002e-11, 3.48842829623e-11, 3.35553841657e-11, 3.24234528115e-11, 3.14647370658e-11, 3.05579693494e-11, 2.97829573503e-11, 2.92569996008e-11, 2.89920604885e-11],
        "min": [8.82421069548e-09, 1.92521369513e-07, 4.65530945348e-07, 6.32733758721e-07, 9.58704504228e-07, 4.46806382115e-07, 7.52139271754e-07, 3.05529539446e-07, 1.45197901702e-07, 6.7890582045e-08, 2.64551516693e-07, 3.7322823232e-07, 2.63302517567e-08, 1.34789175377e-07, 1.67137542917e-07, 7.73774786467e-07, 5.419923923e-07, 5.19373543284e-07, 2.23259036147e-07, 4.73013017199e-07, 4.7313506002e-07, 3.07133547039e-07, 6.81959136273e-07, 8.46859165904e-07, 3.56140276381e-07, 3.25196225504e-07, 4.35455802972e-07, 4.82669065605e-07, 3.28622832058e-06, 1.58106843173e-06, 1.1878373698e-06, 9.53993662733e-07, 1.0031526898e-07, 1.90687842405e-07, 2.68376936674e-07, 4.3180443754e-07, 2.52783536325e-07, 3.49021888724e-07, 7.6197522958e-07, 5.31574187335e-07, 7.24512801753e-07, 5.94141795318e-07, 2.97777802416e-07, 8.04237345164e-07, 6.99106408319e-07, 4.59610447479e-07, 4.80365201838e-07, 6.35199398857e-07, 5.47473916868e-07, 5.70175245684e-07, 3.92831424278e-07, 3.46753694203e-07, 1.39397798193e-07, 1.21566387179e-07, 2.93293680897e-07, 8.97514524922e-08, 4.07938529179e-07, 2.18491365445e-07, 3.07219039541e-07, 3.05620147856e-07, 2.85274154521e-07, 1.85604591252e-07, 3.9773748739e-08, 2.1806083339e-07, 2.4903584972e-08, 4.60254199197e-08, 2.4773882501e-07, 1.62594233188e-07, 2.89742221327e-08, 3.42538548637e-08, 3.59597684962e-08, 5.2458453581e-08, 8.51579287087e-08, 3.3917491038e-09, 3.28234572855e-09, 3.56261331547e-08, 2.60353303361e-08, 1.05806838846e-08, 7.68498953363e-09, 3.41056249908e-08, 1.18695888673e-08, 4.73931827116e-09, 1.27446240228e-08, 4.51730919337e-09, 1.40818698924e-08, 1.38283988704e-08, 1.0821030294e-08, 1.41539064913e-08, 5.09495690082e-09, 2.40121771355e-08, 1.64572899752e-09, 9.09824038331e-09, 3.22110764728e-08, 4.50979023014e-08, 4.52369235404e-08, 1.16800542571e-08, 6.04120697911e-10, 1.13811688962e-08, 1.30095703099e-08, 3.29842784197e-08, 1.42641223277e-08, 3.90964954855e-10, 2.49865267365e-10, 4.46761905248e-10, 1.01462260815e-09, 2.56684312694e-10, 1.10980148682e-10, 1.26582789389e-11, 2.1042858428e-11, 5.05494170827e-12, 1.21902618208e-12, 4.87793453633e-13, 5.59716064729e-13, 3.69295062195e-13, 3.49479180404e-13, 2.6215135748e-13, 2.51174894685e-13, 3.0603406094e-13, 2.56502311795e-13, 3.21389616309e-13, 2.85811250968e-13, 2.96869814972e-13, 3.00673006458e-13, 3.00903968626e-13, 2.32180973666e-13, 8.19714372877e-14, 1.26432999676e-14, 4.03249622177e-16],
        "stdev": [0.00290361675434, 0.0140674011782, 0.0132566429675, 0.00766711169854, 0.00368750700727, 0.00165788212325, 0.0015391560737, 0.000970153196249, 0.000502106093336, 0.00033531448571, 0.000410551874666, 0.000453513435787, 0.000285452668322, 0.000302501081023, 0.00047765931231, 0.000503585091792, 0.000872067641467, 0.000660284596961, 0.000468083482701, 0.00062300049467, 0.000689550244715, 0.000404682912631, 0.000698112125974, 0.000726080557797, 0.000588028342463, 0.000742502626963, 0.000421635835664, 0.000513617298566, 0.000940841739066, 0.000534598191734, 0.000431354128523, 0.000494682521094, 0.000442265562015, 0.000671621470246, 0.000235430037719, 0.000186772231245, 0.000207449164009, 0.000361062760931, 0.000199928399525, 0.000154922876391, 0.000392173213186, 0.000223402341362, 0.000223301016376, 0.000211778635276, 0.000242497088038, 0.00022839041776, 0.000139798910823, 0.0001674125524, 0.000168730126461, 0.000186930570635, 0.000317830097629, 0.00021222732903, 0.000131430380861, 0.000112261186587, 8.40145366965e-05, 0.000128107087221, 0.000126624348923, 0.000128041036078, 3.94557937398e-05, 4.39998220827e-05, 5.00178903167e-05, 3.89770902984e-05, 5.42043053429e-05, 2.92875974992e-05, 2.95401114272e-05, 1.66721729329e-05, 1.46408619912e-05, 1.58879138326e-05, 2.18096793105e-05, 7.15910937288e-06, 9.32758939598e-06, 1.56262049131e-05, 9.71211375145e-06, 6.73536715112e-06, 5.88387547396e-06, 4.73615591545e-06, 6.14041664448e-06, 6.10533834333e-06, 4.12840427089e-06, 3.57753697244e-06, 3.45389594258e-06, 3.41778536495e-06, 3.4504435007e-06, 3.23858239426e-06, 3.73404236598e-06, 3.59984846909e-06, 3.81812787964e-06, 4.30763611803e-06, 5.25427094544e-06, 4.49003437097e-06, 5.41181680092e-06, 6.03646140007e-06, 6.69649443807e-06, 5.72853059566e-06, 5.06988862981e-06, 5.38292897545e-06, 5.12653105034e-06, 6.48307877782e-06, 7.38853123039e-06, 7.39355164114e-06, 6.82181325828e-06, 7.40510904507e-06, 7.8416096585e-06, 7.03063551555e-06, 7.09823052603e-06, 8.35182981973e-06, 6.85281793267e-06, 1.01638815977e-05, 8.84623568709e-06, 4.43947374151e-06, 2.42351552515e-06, 9.56047188083e-07, 4.65819056217e-07, 2.19749765051e-07, 5.96246820805e-08, 2.23706404512e-08, 2.21682872059e-09, 9.71457136956e-10, 9.14037678879e-10, 8.65363170011e-10, 8.24200874217e-10, 7.90081555735e-10, 7.62564011936e-10, 7.39108829695e-10, 7.19471704436e-10, 7.06688152441e-10, 6.96987079163e-10, 6.90989265806e-10]
    },
    "mfcc": {
        "mean": [-575.585998535, 102.423454285, -2.68802523613, 0.422001361847, 15.5418167114, 6.84286594391, 11.6071338654, 15.9023981094, 13.0573177338, 13.4653263092, 6.63369894028, 5.90467882156, 4.3321890831],
        "cov": [[1053.63500977, -182.968200684, 74.2148971558, 64.3864212036, -21.3278560638, -17.2782592773, -125.886940002, 51.3949356079, 43.4873008728, -65.9365539551, -79.361946106, -57.7884178162, -68.8062591553], [-182.968200684, 327.01083374, -65.8451156616, 0.429552555084, -41.864364624, -22.3072299957, 34.9700775146, -24.6110420227, -26.1663379669, -0.358424246311, 13.0008993149, 2.68439483643, 3.09043931961], [74.2148971558, -65.8451156616, 316.528656006, 35.7841911316, 54.9379386902, 32.2653388977, -6.17477369308, 13.8487663269, 20.8961257935, -25.7163581848, -9.27730083466, -13.1427869797, -15.315112114], [64.3864212036, 0.429552555084, 35.7841911316, 162.241714478, 51.2309646606, 12.842757225, -12.2322015762, 23.869512558, 28.0673351288, -5.65340185165, -4.32510328293, 15.5798444748, 2.63682866096], [-21.3278560638, -41.864364624, 54.9379386902, 51.2309646606, 144.404418945, 20.3429050446, -3.0522480011, 22.5208244324, 28.7613525391, 11.4942789078, 5.90729236603, 17.6878242493, 25.8165111542], [-17.2782592773, -22.3072299957, 32.2653388977, 12.842757225, 20.3429050446, 141.614776611, 72.5354156494, 24.6897068024, 19.6300010681, 17.7537117004, 4.05102348328, -7.40224504471, -11.8520641327], [-125.886940002, 34.9700775146, -6.17477369308, -12.2322015762, -3.0522480011, 72.5354156494, 144.484130859, 22.4405078888, -2.80158829689, 25.8522987366, 17.2108821869, 3.8250067234, 3.0554394722], [51.3949356079, -24.6110420227, 13.8487663269, 23.869512558, 22.5208244324, 24.6897068024, 22.4405078888, 109.763061523, 58.4290084839, 1.79075992107, 3.12023043633, 3.39325833321, -5.74877882004], [43.4873008728, -26.1663379669, 20.8961257935, 28.0673351288, 28.7613525391, 19.6300010681, -2.80158829689, 58.4290084839, 88.060256958, 24.0583648682, 3.51630115509, 4.04773426056, -3.11975502968], [-65.9365539551, -0.358424246311, -25.7163581848, -5.65340185165, 11.4942789078, 17.7537117004, 25.8522987366, 1.79075992107, 24.0583648682, 77.2464904785, 32.8297424316, 13.2541809082, 14.3740491867], [-79.361946106, 13.0008993149, -9.27730083466, -4.32510328293, 5.90729236603, 4.05102348328, 17.2108821869, 3.12023043633, 3.51630115509, 32.8297424316, 68.0095901489, 31.2033748627, 11.9587907791], [-57.7884178162, 2.68439483643, -13.1427869797, 15.5798444748, 17.6878242493, -7.40224504471, 3.8250067234, 3.39325833321, 4.04773426056, 13.2541809082, 31.2033748627, 69.7830581665, 38.8376464844], [-68.8062591553, 3.09043931961, -15.315112114, 2.63682866096, 25.8165111542, -11.8520641327, 3.0554394722, -5.74877882004, -3.11975502968, 14.3740491867, 11.9587907791, 38.8376464844, 78.0553894043]],
        "icov": [[0.00139658572152, 0.000621797516942, -7.99480258138e-05, -0.00052374281222, 0.000570861448068, -0.00014159247803, 0.00102804438211, -0.000624320586212, -0.00013052210852, 0.00027970521478, 0.000818760716356, 0.000319409533404, 0.000570858712308], [0.000621797516942, 0.00387695152313, 0.000543105939869, -0.000959281111136, 0.00100830802694, 0.000936930882744, -0.00110053259414, 0.000613890471868, -0.000194798238226, 0.000845360395033, -0.000601180538069, 0.000658447330352, 3.16754558298e-05], [-7.99480258138e-05, 0.000543105939869, 0.00385390594602, -0.000326543493429, -0.00131991948001, -0.000609540671576, -0.000231880345382, 0.000796558451839, -0.00114748789929, 0.00213044928387, -0.000932241615374, 0.000821093854029, 0.00038305981434], [-0.00052374281222, -0.000959281111136, -0.000326543493429, 0.00791581347585, -0.00254817516543, -0.000725803780369, 0.000574222416617, -0.00027240451891, -0.0013432642445, 0.000667689891998, 0.000976356153842, -0.00268657994457, 0.000945388746914], [0.000570861448068, 0.00100830802694, -0.00131991948001, -0.00254817516543, 0.00985614024103, -0.00103249936365, 0.00101629074197, -0.000868480943609, -0.00114383280743, -0.000781186390668, 7.57913803682e-05, 8.76475096447e-05, -0.003187086666], [-0.00014159247803, 0.000936930882744, -0.000609540671576, -0.000725803780369, -0.00103249936365, 0.0110836680979, -0.00606624502689, 0.000414672656916, -0.00165135040879, -0.000795046740677, 0.000257856852841, 0.000856875325553, 0.00165002048016], [0.00102804438211, -0.00110053259414, -0.000231880345382, 0.000574222416617, 0.00101629074197, -0.00606624502689, 0.0125667415559, -0.00453450437635, 0.0043825712055, -0.00340857333504, 0.00028172423481, -0.000188520745724, -0.000344724394381], [-0.000624320586212, 0.000613890471868, 0.000796558451839, -0.00027240451891, -0.000868480943609, 0.000414672656916, -0.00453450437635, 0.0170792043209, -0.0123576866463, 0.00574607169256, -0.00250130938366, -2.6637706469e-05, 0.000220850401092], [-0.00013052210852, -0.000194798238226, -0.00114748789929, -0.0013432642445, -0.00114383280743, -0.00165135040879, 0.0043825712055, -0.0123576866463, 0.0239244718105, -0.0101773617789, 0.00334547762759, -0.00150907319039, 0.00182747503277], [0.00027970521478, 0.000845360395033, 0.00213044928387, 0.000667689891998, -0.000781186390668, -0.000795046740677, -0.00340857333504, 0.00574607169256, -0.0101773617789, 0.0227993223816, -0.010102068074, 0.00307860062458, -0.00328656309284], [0.000818760716356, -0.000601180538069, -0.000932241615374, 0.000976356153842, 7.57913803682e-05, 0.000257856852841, 0.00028172423481, -0.00250130938366, 0.00334547762759, -0.010102068074, 0.0248840395361, -0.0112880347297, 0.00414658710361], [0.000319409533404, 0.000658447330352, 0.000821093854029, -0.00268657994457, 8.76475096447e-05, 0.000856875325553, -0.000188520745724, -2.6637706469e-05, -0.00150907319039, 0.00307860062458, -0.0112880347297, 0.0262753609568, -0.011357630603], [0.000570858712308, 3.16754558298e-05, 0.00038305981434, 0.000945388746914, -0.003187086666, 0.00165002048016, -0.000344724394381, 0.000220850401092, 0.00182747503277, -0.00328656309284, 0.00414658710361, -0.011357630603, 0.020385151729]]
    },
    "spectral_contrast_coeffs": {
        "max": [-0.535042345524, -0.533407747746, -0.517080247402, -0.608223855495, -0.615432798862, -0.65529602766],
        "mean": [-0.769387245178, -0.763727486134, -0.746491134167, -0.775675356388, -0.780139386654, -0.797222137451],
        "min": [-0.914512395859, -0.909341156483, -0.903522372246, -0.880768060684, -0.854848742485, -0.875816822052],
        "stdev": [0.0538266003132, 0.0600901320577, 0.0542294122279, 0.045304723084, 0.0386178195477, 0.0257358197123]
    },
    "spectral_contrast_valleys": {
        "max": [-4.98977041245, -4.72685909271, -5.19554328918, -5.75413799286, -5.87467479706, -7.81060791016],
        "mean": [-6.39071035385, -6.27129459381, -6.48296642303, -6.70283651352, -7.0289888382, -9.11178588867],
        "min": [-9.72813415527, -8.1658039093, -8.521484375, -8.05920696259, -8.50385284424, -11.7192735672],
        "stdev": [0.558708131313, 0.487853944302, 0.445622980595, 0.366013646126, 0.412307858467, 0.623924016953]
    }
},
"rhythm": {
    "beats_count": 93,
    "beats_loudness": {
        "max": 0.145014792681,
        "mean": 0.0652162209153,
        "min": 0.0164955258369,
        "stdev": 0.0262125302106
    },
    "bpm": 124.973068237,
    "bpm_histogram_first_peak_bpm": 126,
    "bpm_histogram_first_peak_weight": 0.380434751511,
    "bpm_histogram_second_peak_bpm": 0,
    "bpm_histogram_second_peak_spread": 0,
    "bpm_histogram_second_peak_weight": 0,
    "danceability": 1.29058206081,
    "onset_rate": 3.86592507362,
    "beats_loudness_band_ratio": {
        "max": [0.98005515337, 0.251362115145, 0.351568847895, 0.644361376762, 0.412392258644, 0.120324283838],
        "mean": [0.635769844055, 0.034144192934, 0.0784676745534, 0.136158287525, 0.0876907855272, 0.0429401807487],
        "min": [0.00235903076828, 0.00106572371442, 0.0027918277774, 0.00591658102348, 0.00536936242133, 0.00200597010553],
        "stdev": [0.174393609166, 0.0459349863231, 0.0606355518103, 0.117009572685, 0.0642007887363, 0.0283104814589]
    },
