{
"metadata": {
    "version": {
        "essentia": "2.1-beta5",
        "essentia_git_sha": "Undefined",
        "extractor": "music 2.0"
    },
    "audio_properties": {
        "analysis": {
            "equal_loudness": 0,
            "length": 29.0017242432,
            "sample_rate": 44100,
            "start_time": 0,
            "downmix": "mix"
        },
        "bit_rate": 192000,
        "length": 189.161376953,
        "lossless": 0,
        "number_channels": 2,
        "replay_gain": 4.03889656067,
        "sample_rate": 48000,
        "codec": "mp3",
        "md5_encoded": "c276b2a2ffa7f78303c281fd8a3a3ad9"
    },
    "tags": {
        "file_name": "Greece_Utopian Land_Argo.mp3",
        "encoding": ["Lavf58.29.100"]
    }
},
"lowlevel": {
    "average_loudness": 0.614206552505,
    "barkbands_crest": {
        "max": 25.9129257202,
        "mean": 11.3373193741,
        "min": 2.79473543167,
        "stdev": 5.10032176971
    },
    "barkbands_flatness_db": {
        "max": 0.318666666746,
        "mean": 0.150075018406,
        "min": 0.0498544573784,
        "stdev": 0.0503512769938
    },
    "barkbands_kurtosis": {
        "max": 69.4949264526,
        "mean": 5.24163341522,
        "min": -1.6337646246,
        "stdev": 6.89781141281
    },
    "barkbands_skewness": {
        "max": 7.33925485611,
        "mean": 1.50496888161,
        "min": -2.06085896492,
        "stdev": 1.07453787327
    },
    "barkbands_spread": {
        "max": 53.9391288757,
        "mean": 15.4972906113,
        "min": 1.08225190639,
        "stdev": 9.19049739838
    },
    "dissonance": {
        "max": 0.499777525663,
        "mean": 0.445394337177,
        "min": 0.257276117802,
        "stdev": 0.0450972430408
    },
    "dynamic_complexity": 4.76556301117,
    "erbbands_crest": {
        "max": 30.5961437225,
        "mean": 11.4525527954,
        "min": 2.72174453735,
        "stdev": 5.50849914551
    },
    "erbbands_flatness_db": {
        "max": 0.387963920832,
        "mean": 0.193926617503,
        "min": 0.0791412219405,
        "stdev": 0.0543451011181
    },
    "erbbands_kurtosis": {
        "max": 37.9506759644,
        "mean": 3.34850740433,
        "min": -1.4552488327,
        "stdev": 4.99368333817
    },
    "erbbands_skewness": {
        "max": 5.37167549133,
        "mean": 1.06016218662,
        "min": -1.33669507504,
        "stdev": 0.917112708092
    },
    "erbbands_spread": {
        "max": 69.5675430298,
        "mean": 24.5189628601,
        "min": 2.1075797081,
        "stdev": 14.058807373
    },
    "hfc": {
        "max": 129.433059692,
        "mean": 16.9550247192,
        "min": 1.14308605009e-16,
        "stdev": 17.2915706635
    },
    "loudness_ebu128": {
        "integrated": -27.4502887726,
        "loudness_range": 9.03035736084,
        "momentary": {
            "max": -21.3554153442,
            "mean": -30.075553894,
            "min": -48.9977798462,
            "stdev": 5.64982748032
        },
        "short_term": {
            "max": -24.9280872345,
            "mean": -29.1636352539,
            "min": -43.9945602417,
            "stdev": 4.07255315781
        }
    },
    "melbands_crest": {
        "max": 33.5114250183,
        "mean": 14.8383979797,
        "min": 1.36952078342,
        "stdev": 6.09079122543
    },
    "melbands_flatness_db": {
        "max": 0.348931312561,
        "mean": 0.184255853295,
        "min": 0.00126091809943,
        "stdev": 0.053913846612
    },
    "melbands_kurtosis": {
        "max": 96.6514205933,
        "mean": 8.85521602631,
        "min": -1.61007726192,
        "stdev": 11.2469053268
    },
    "melbands_skewness": {
        "max": 8.5539598465,
        "mean": 1.74156546593,
        "min": -1.17439639568,
        "stdev": 1.35297906399
    },
    "melbands_spread": {
        "max": 135.348587036,
        "mean": 19.3625965118,
        "min": 1.39373099804,
        "stdev": 12.8208580017
    },
    "pitch_salience": {
        "max": 0.989759683609,
        "mean": 0.577908992767,
        "min": 0.129461586475,
        "stdev": 0.136210098863
    },
    "silence_rate_20dB": {
        "max": 1,
        "mean": 1,
        "min": 1,
        "stdev": 0
    },
    "silence_rate_30dB": {
        "max": 1,
        "mean": 0.99279999733,
        "min": 0,
        "stdev": 0.0845466852188
    },
    "silence_rate_60dB": {
        "max": 1,
        "mean": 0.139200001955,
        "min": 0,
        "stdev": 0.346156924963
    },
    "spectral_centroid": {
        "max": 11434.3330078,
        "mean": 1180.96765137,
        "min": 398.170227051,
        "stdev": 514.161560059
    },
    "spectral_complexity": {
        "max": 42,
        "mean": 13.3936004639,
        "min": 0,
        "stdev": 7.45506906509
    },
    "spectral_decrease": {
        "max": -1.26112300171e-28,
        "mean": -5.00365571199e-09,
        "min": -6.08032166838e-08,
        "stdev": 5.53152279537e-09
    },
    "spectral_energy": {
        "max": 0.232341378927,
        "mean": 0.0204228293151,
        "min": 1.08441100328e-20,
        "stdev": 0.0220233965665
    },
    "spectral_energyband_high": {
        "max": 0.0142546454445,
        "mean": 0.000394363654777,
        "min": 7.66824619832e-21,
        "stdev": 0.000774621032178
    },
    "spectral_energyband_low": {
        "max": 0.208152323961,
        "mean": 0.00306384614669,
        "min": 9.85522098735e-23,
        "stdev": 0.0131073854864
    },
    "spectral_energyband_middle_high": {
        "max": 0.0526471361518,
        "mean": 0.00563160190359,
        "min": 1.94243353772e-21,
        "stdev": 0.00663750106469
    },
    "spectral_energyband_middle_low": {
        "max": 0.16313380003,
        "mean": 0.0117172878236,
        "min": 2.78266632727e-22,
        "stdev": 0.0146195422858
    },
    "spectral_entropy": {
        "max": 9.79971981049,
        "mean": 7.42971229553,
        "min": 5.90128135681,
        "stdev": 0.420531272888
    },
    "spectral_flux": {
        "max": 0.36814892292,
        "mean": 0.0604138560593,
        "min": 1.04135054746e-10,
        "stdev": 0.0385147631168
    },
    "spectral_kurtosis": {
        "max": 20.375289917,
        "mean": 5.06059026718,
        "min": -1.20835030079,
        "stdev": 2.68551564217
    },
    "spectral_rms": {
        "max": 0.0150557132438,
        "mean": 0.00389755936339,
        "min": 3.25263275515e-12,
        "stdev": 0.0021757085342
    },
    "spectral_rolloff": {
        "max": 18647.7539062,
        "mean": 1402.08837891,
        "min": 64.599609375,
        "stdev": 1027.53491211
    },
    "spectral_skewness": {
        "max": 3.66692066193,
        "mean": 1.84948599339,
        "min": -0.0336328595877,
        "stdev": 0.442290008068
    },
    "spectral_spread": {
        "max": 41960996,
        "mean": 4736854,
        "min": 2161556.75,
        "stdev": 1623406.125
    },
    "spectral_strongpeak": {
        "max": 11.967373848,
        "mean": 1.57725405693,
        "min": 0,
        "stdev": 1.62526619434
    },
    "zerocrossingrate": {
        "max": 0.54638671875,
        "mean": 0.0638992190361,
        "min": 0.00634765625,
        "stdev": 0.0310057681054
    },
    "barkbands": {
        "max": [0.0279673598707, 0.192647114396, 0.0433949865401, 0.040508441627, 0.0282741114497, 0.0432440564036, 0.0547405928373, 0.0419067591429, 0.158077970147, 0.0425366573036, 0.014658909291, 0.0149044953287, 0.0238697398454, 0.0337459258735, 0.021262831986, 0.0129454787821, 0.00756511511281, 0.00465084705502, 0.00338393030688, 0.00240525603294, 0.00278674042784, 0.00173947284929, 0.00610180571675, 0.00229230476543, 0.0014161542058, 0.000425041100243, 1.56840894761e-06],
        "mean": [0.000254124723142, 0.00222472008318, 0.000421078933869, 0.000364991428796, 0.000852129654959, 0.0015691354638, 0.00153842940927, 0.00173158326652, 0.00518345227465, 0.00115861673839, 0.00107618386392, 0.000887510948814, 0.00113152933773, 0.000646513828542, 0.000323853018926, 0.000242274880293, 0.000201750939596, 0.000104135884612, 8.49213902256e-05, 6.51951340842e-05, 9.32101829676e-05, 6.81849196553e-05, 8.30133503769e-05, 4.89909398311e-05, 3.93939226342e-05, 2.78947136394e-05, 1.96013392184e-08],
        "min": [9.8380500098e-24, 6.70184986184e-23, 2.02204298214e-23, 5.9471075852e-24, 1.07276601278e-22, 3.49588948185e-23, 1.11327829589e-23, 3.33485299438e-23, 5.99462343853e-23, 6.04464668626e-23, 9.49883761175e-23, 1.42261408599e-22, 5.90872279684e-23, 2.11329083859e-22, 1.29371484517e-22, 2.25557395664e-22, 1.9148828546e-22, 2.38653647894e-22, 3.38442154268e-22, 3.82520243285e-22, 4.52215208116e-22, 5.6671403924e-22, 6.16491995396e-22, 9.24930399425e-22, 1.32098673854e-21, 1.67913756647e-21, 2.19042717252e-21],
        "stdev": [0.00140408915468, 0.0106880133972, 0.00200043944642, 0.00161138537806, 0.00142295076512, 0.00324707012624, 0.00523984851316, 0.00425520911813, 0.0121446419507, 0.00288103311323, 0.00177017273381, 0.0016204812564, 0.00251836166717, 0.00197929842398, 0.00117525877431, 0.000895669159945, 0.000592845259234, 0.000279022497125, 0.000166716767126, 0.000138803836307, 0.000201180242584, 0.000119750533486, 0.00031306251185, 0.000105976607301, 6.51499649393e-05, 4.60069568362e-05, 9.28068928374e-08]
    },
    "erbbands": {
        "max": [6.07327127457, 45.7530021667, 75.9856262207, 103.706184387, 54.6096534729, 126.07006073, 169.379119873, 561.99407959, 912.200256348, 1565.14892578, 1049.30688477, 3315.76782227, 1756.93603516, 912.623046875, 725.113037109, 767.819213867, 1328.5814209, 1880.66711426, 1033.8536377, 787.180358887, 643.038085938, 505.85244751, 282.148132324, 82.6399765015, 192.787918091, 117.55532074, 69.7162857056, 113.411575317, 120.397377014, 91.9265594482, 189.995956421, 89.6050491333, 17.0513057709, 18.7832508087, 7.74008178711, 2.45598602295, 0.839900434017, 0.0922195985913, 0.00154378032312, 0.000256100378465],
        "mean": [0.0897873044014, 0.391950160265, 0.549701631069, 0.914766728878, 1.74083769321, 2.64166593552, 8.6426115036, 13.860449791, 22.1345157623, 28.6822910309, 49.4360313416, 112.509971619, 63.6477890015, 41.1744194031, 44.7370758057, 37.6937026978, 47.7376174927, 40.6579475403, 17.6066741943, 19.0212631226, 12.2950620651, 10.5618925095, 7.01813364029, 4.70460557938, 3.57152342796, 3.12485694885, 2.87935233116, 3.94647932053, 2.68926596642, 2.24186396599, 2.48811864853, 1.21590650082, 0.766349554062, 0.458477586508, 0.25662201643, 0.13749191165, 0.0553416870534, 0.00392565876245, 8.67533890414e-05, 2.84247216769e-05],
        "min": [1.80782786644e-21, 1.55969024244e-20, 2.40418074022e-20, 2.93764373442e-20, 1.43182133524e-19, 5.21452590202e-19, 1.93505475547e-19, 3.1887254267e-19, 2.29185691549e-19, 2.6766634044e-19, 9.37419593173e-19, 1.74087252986e-18, 1.64669150307e-18, 2.05496686372e-18, 4.38179118524e-18, 5.9159436286e-18, 3.43978528916e-18, 1.00416806416e-17, 6.6570097763e-18, 7.67156251403e-18, 1.47528191644e-17, 1.13158613854e-17, 1.36637085022e-17, 1.52090804098e-17, 1.81493319474e-17, 1.76324218196e-17, 1.46207465448e-17, 2.05666680259e-17, 2.11659918126e-17, 1.9375597427e-17, 1.54134171822e-17, 1.60554119079e-17, 1.81929376006e-17, 1.50111824113e-17, 9.16424797969e-18, 6.04425464445e-18, 3.29417213644e-18, 1.10785643608e-18, 2.71404912466e-19, 3.55968290883e-20],
        "stdev": [0.442542374134, 2.08177018166, 2.77603435516, 4.31073617935, 3.24143886566, 5.36320352554, 18.2248210907, 37.2740364075, 72.7836151123, 108.943145752, 94.2123794556, 256.985565186, 164.621459961, 70.3313446045, 72.5748138428, 65.9883575439, 109.418930054, 108.134597778, 53.7089958191, 62.0799407959, 45.2187271118, 32.9643936157, 18.159412384, 7.8741645813, 7.9046421051, 6.9960103035, 5.65080070496, 8.87815761566, 6.08867120743, 5.00760650635, 9.82044792175, 3.98479104042, 0.985015034676, 0.831749796867, 0.387626379728, 0.20389932394, 0.101889967918, 0.0104365432635, 0.00017385125102, 2.6634630558e-05]
    },
    "gfcc": {
        "mean": [-39.6077804565, 73.4608612061, -139.671813965, 0.657045960426, -80.1978530884, 21.4032211304, -43.5359077454, 11.7735004425, -27.032781601, 3.21703839302, -18.5005092621, 1.56619656086, -9.38817310333],
        "cov": [[8929.859375, 120.318252563, 660.901550293, 11.6507940292, -94.4770812988, 361.143920898, 241.657501221, 25.8144283295, -326.251464844, 357.094512939, 25.635307312, 253.250030518, -277.91027832], [120.318252563, 554.135681152, 41.2860717773, 207.197601318, 230.126708984, 133.964538574, 106.313713074, 46.4519309998, 68.6573562622, -66.3275299072, 43.1270103455, -59.9033470154, 101.206245422], [660.901550293, 41.2860717773, 903.576782227, 67.9860916138, 121.376777649, 82.0357131958, 36.3020896912, 15.5976800919, -170.568740845, 97.2298812866, -57.5035591125, 113.650634766, -91.2576599121], [11.6507940292, 207.197601318, 67.9860916138, 786.940795898, 340.120574951, 112.931930542, 40.660282135, 75.1004943848, 197.793426514, 78.5227203369, -37.5967063904, 59.0092315674, 154.969314575], [-94.4770812988, 230.126708984, 121.376777649, 340.120574951, 450.112548828, 211.360336304, 84.0483093262, 101.962333679, 74.896156311, 1.51882004738, -25.2961940765, -30.5197315216, 55.2383956909], [361.143920898, 133.964538574, 82.0357131958, 112.931930542, 211.360336304, 287.58782959, 102.188209534, 63.6896095276, -22.4202747345, -32.8850440979, -0.734514176846, -45.2217407227, 0.474585235119], [241.657501221, 106.313713074, 36.3020896912, 40.660282135, 84.0483093262, 102.188209534, 168.002685547, 64.6222763062, 28.9852561951, -8.75698947906, -1.8001294136, 1.24946832657, 13.8128538132], [25.8144283295, 46.4519309998, 15.5976800919, 75.1004943848, 101.962333679, 63.6896095276, 64.6222763062, 105.039428711, 45.239730835, 6.55311822891, -13.0964221954, 5.80021190643, 26.9787464142], [-326.251464844, 68.6573562622, -170.568740845, 197.793426514, 74.896156311, -22.4202747345, 28.9852561951, 45.239730835, 192.247802734, 49.9154090881, 18.1011123657, 2.41974830627, 71.2065811157], [357.094512939, -66.3275299072, 97.2298812866, 78.5227203369, 1.51882004738, -32.8850440979, -8.75698947906, 6.55311822891, 49.9154090881, 150.84413147, 23.6725559235, 70.7738189697, -8.09017467499], [25.635307312, 43.1270103455, -57.5035591125, -37.5967063904, -25.2961940765, -0.734514176846, -1.8001294136, -13.0964221954, 18.1011123657, 23.6725559235, 86.1699142456, 5.7260055542, 11.8202285767], [253.250030518, -59.9033470154, 113.650634766, 59.0092315674, -30.5197315216, -45.2217407227, 1.24946832657, 5.80021190643, 2.41974830627, 70.7738189697, 5.7260055542, 120.080665588, 28.3902873993], [-277.91027832, 101.206245422, -91.2576599121, 154.969314575, 55.2383956909, 0.474585235119, 13.8128538132, 26.9787464142, 71.2065811157, -8.09017467499, 11.8202285767, 28.3902873993, 148.813217163]],
        "icov": [[0.000218799992581, -0.000403219950385, 0.000264921574853, -0.000143546552863, 0.000312554999255, -0.0003605914535, -0.000192129751667, -0.000136864662636, 0.000805643503554, -0.000935416086577, 0.000359989702702, -0.000503525137901, 0.000553675519768], [-0.000403219950385, 0.0047763758339, -0.00167522078846, -0.000228658711421, -0.00163079111371, 0.00118114473298, -0.00153791473713, 0.00109612627421, -0.00237280549482, 0.00397428311408, -0.00420970516279, 0.00359790213406, -0.00324555067345], [0.000264921574853, -0.00167522078846, 0.0030736445915, -0.000477164023323, -0.000310869072564, -0.000244327733526, -0.000441095762653, -0.000552384881303, 0.00440698768944, -0.00347746792249, 0.00231726677157, -0.00291338213719, 0.00234704441391], [-0.000143546552863, -0.000228658711421, -0.000477164023323, 0.00368986907415, -0.00175101892091, -0.00117330765352, 0.00135839916766, 0.00174716743641, -0.00390447978862, -5.14370776727e-06, 0.00243308115751, -0.00171143992338, -0.0020355747547], [0.000312554999255, -0.00163079111371, -0.000310869072564, -0.00175101892091, 0.00667717447504, -0.0033916470129, 0.000777796842158, -0.00303245405667, 0.000210472819163, -0.0016793650575, 0.00147626223043, 0.000955810188316, 0.000843850255478], [-0.0003605914535, 0.00118114473298, -0.000244327733526, -0.00117330765352, -0.0033916470129, 0.00918049737811, -0.00366924307309, -0.00169481604826, 0.00345555180684, 0.00143719906919, -0.00373023352586, 0.00428135413677, -0.000622995430604], [-0.000192129751667, -0.00153791473713, -0.000441095762653, 0.00135839916766, 0.000777796842158, -0.00366924307309, 0.0110184345394, -0.00377640547231, -0.00398871162906, 0.00194269011263, 0.00136600795668, -0.00306564429775, 0.000877470360138], [-0.000136864662636, 0.00109612627421, -0.000552384881303, 0.00174716743641, -0.00303245405667, -0.00169481604826, -0.00377640547231, 0.0173469614238, -0.00507908361033, 0.000872922071721, 0.00278728199191, -0.0017240094021, -0.00223727873527], [0.000805643503554, -0.00237280549482, 0.00440698768944, -0.00390447978862, 0.000210472819163, 0.00345555180684, -0.00398871162906, -0.00507908361033, 0.0200288444757, -0.0106800002977, -7.16918439139e-05, 0.00228418433107, 0.000494257488754], [-0.000935416086577, 0.00397428311408, -0.00347746792249, -5.14370776727e-06, -0.0016793650575, 0.00143719906919, 0.00194269011263, 0.000872922071721, -0.0106800002977, 0.0200010053813, -0.00749028660357, -0.00422240421176, 0.00130147393793], [0.000359989702702, -0.00420970516279, 0.00231726677157, 0.00243308115751, 0.00147626223043, -0.00373023352586, 0.00136600795668, 0.00278728199191, -7.16918439139e-05, -0.00749028660357, 0.0193890277296, -0.00395777681842, 9.6454670711e-05], [-0.000503525137901, 0.00359790213406, -0.00291338213719, -0.00171143992338, 0.000955810188316, 0.00428135413677, -0.00306564429775, -0.0017240094021, 0.00228418433107, -0.00422240421176, -0.00395777681842, 0.021333059296, -0.00824096146971], [0.000553675519768, -0.00324555067345, 0.00234704441391, -0.0020355747547, 0.000843850255478, -0.000622995430604, 0.000877470360138, -0.00223727873527, 0.000494257488754, 0.00130147393793, 9.6454670711e-05, -0.00824096146971, 0.0149318641052]]
    },
    "melbands": {
        "max": [0.0501200184226, 0.0421211980283, 0.0152423297986, 0.00680361688137, 0.00449577718973, 0.0106992479414, 0.0120014511049, 0.0147548615932, 0.00848074629903, 0.0256211906672, 0.00914393179119, 0.00391285354272, 0.00197090115398, 0.00142508768477, 0.00227765040472, 0.0023940957617, 0.00320873851888, 0.00193570833653, 0.00174777698703, 0.00104377407115, 0.000749818165787, 0.00054108700715, 0.000418028619606, 0.000164175886312, 6.47895139991e-05, 7.44542630855e-05, 0.000147554281284, 9.27829969442e-05, 4.91353857797e-05, 6.29561545793e-05, 8.94429467735e-05, 6.60092191538e-05, 3.18383790727e-05, 8.41323344503e-05, 0.00013559126819, 7.70966216805e-05, 4.10001302953e-05, 1.16929959404e-05, 1.27701005113e-05, 1.94524291146e-05],
        "mean": [0.000702348828781, 0.000356808508513, 0.000180279806955, 0.000153520988533, 0.000263269379502, 0.00032524522976, 0.000311749114189, 0.000304517889163, 0.000467411271529, 0.000752277148422, 0.000310255563818, 0.000157137255883, 0.00014813283633, 9.81303164735e-05, 0.000121420278447, 0.000101146033558, 7.04892008798e-05, 2.8609911169e-05, 2.41881825787e-05, 2.3343904104e-05, 1.26684280986e-05, 1.10687506094e-05, 9.21350147109e-06, 4.40391113443e-06, 3.78533673029e-06, 2.60706065092e-06, 2.36330720327e-06, 2.03763192985e-06, 1.65399501384e-06, 2.12633972296e-06, 2.32333968597e-06, 1.39040093927e-06, 1.42121541558e-06, 1.27540010908e-06, 1.56047428845e-06, 1.08397455278e-06, 6.21491096808e-07, 5.34784362571e-07, 4.79666823594e-07, 3.5949963717e-07],
        "min": [1.90106926906e-23, 1.52603343512e-23, 6.79581502856e-24, 2.5599831684e-23, 9.95843255052e-24, 7.15148716718e-24, 3.17886864825e-24, 3.561151629e-24, 8.18742640766e-24, 1.04168072792e-23, 7.96282745276e-24, 7.77024283996e-24, 1.43204113158e-23, 1.46353671877e-23, 1.1299299663e-23, 8.1814105544e-24, 2.04069228503e-23, 1.15866895794e-23, 8.65694064123e-24, 1.07797022283e-23, 1.94775815951e-23, 1.17046550503e-23, 1.31939084768e-23, 1.00098441934e-23, 1.24652920901e-23, 1.38787659603e-23, 1.4878123354e-23, 1.00576499532e-23, 9.72015474752e-24, 8.59189590415e-24, 1.26823298132e-23, 1.24362635865e-23, 1.01301297043e-23, 1.14761070577e-23, 7.90854987817e-24, 1.07863665252e-23, 9.29233575709e-24, 1.18120458408e-23, 1.25018187166e-23, 1.3491496787e-23],
        "stdev": [0.00333828805014, 0.0017762365751, 0.00065688311588, 0.000286283728201, 0.000512505823281, 0.000749394122977, 0.000987323583104, 0.0011223857291, 0.000901687191799, 0.00187852862291, 0.000849161471706, 0.000294579745969, 0.000229748751735, 0.000176733447006, 0.00024561380269, 0.000245689647272, 0.000188868070836, 8.86128982529e-05, 9.37747317948e-05, 7.3631417763e-05, 4.98092340422e-05, 3.51016897184e-05, 2.6931771572e-05, 1.05308699858e-05, 6.43986322757e-06, 4.30336649515e-06, 5.95657002123e-06, 5.27501288161e-06, 3.51786616193e-06, 5.06155856783e-06, 5.46682531422e-06, 3.30610578203e-06, 2.70114583145e-06, 4.04608681492e-06, 6.7190894697e-06, 4.03453168474e-06, 1.77988715677e-06, 7.14560940196e-07, 7.65616277931e-07, 7.54558811877e-07]
    },
    "melbands128": {
        "max": [0.0237553529441, 0.0621097758412, 0.0843270197511, 0.0745124220848, 0.0558883175254, 0.0197892468423, 0.0250600427389, 0.0155810927972, 0.0041552009061, 0.00836953520775, 0.00799204781651, 0.00472437776625, 0.0085550416261, 0.00669394526631, 0.0199048556387, 0.00897619500756, 0.0199956167489, 0.0159282237291, 0.0128040583804, 0.029753671959, 0.0163709595799, 0.00648755766451, 0.0160113777965, 0.0154293989763, 0.0168963335454, 0.0608174651861, 0.0212269611657, 0.0162295531482, 0.00209554634057, 0.00622787931934, 0.00479984842241, 0.00336038274691, 0.00287775928155, 0.00527629302815, 0.00349708274007, 0.0020745024085, 0.00426170509309, 0.00282375235111, 0.00492543634027, 0.00675051193684, 0.00365782668814, 0.00973971094936, 0.00395139260218, 0.00214868108742, 0.00229775113985, 0.00254096323624, 0.00162072922103, 0.00305328750983, 0.00152277143206, 0.00202726223506, 0.00133315788116, 0.00105393095873, 0.00100477016531, 0.00074301159475, 0.000622303166892, 0.000739145034458, 0.000667470740154, 0.000792768842075, 0.000536190462299, 0.000410698878113, 0.000139338721056, 0.000119803233247, 0.000180850416655, 9.37858494581e-05, 0.000163608201547, 3.92752881453e-05, 5.75590565859e-05, 0.000495472224429, 2.12441827898e-05, 0.000136308590299, 1.8912656742e-05, 0.000292437413009, 5.43532041775e-05, 7.16576832929e-05, 5.1672130212e-05, 0.000165934528923, 0.000147904676851, 0.00010156344797, 0.000184857533895, 8.40343418531e-05, 7.36233632779e-05, 0.000113390611659, 9.34812851483e-05, 3.92450529034e-05, 1.87439982255e-05, 4.11893888668e-05, 4.40359108325e-05, 0.000459984585177, 2.91241485684e-05, 0.000105857601739, 0.000107792009658, 2.45833471126e-05, 0.000160415424034, 1.416710802e-05, 2.40376211877e-05, 1.27410021378e-05, 1.17144472824e-05, 1.64478205988e-05, 6.52201015328e-06, 4.01282522944e-05, 1.38870145747e-05, 1.88705835171e-05, 3.3279764466e-05, 1.51303274833e-05, 5.88458306083e-06, 4.37102426076e-06, 8.14244231151e-06, 6.28884299658e-06, 7.36234778742e-06, 6.08346590525e-06, 4.83944722873e-06, 7.19372474123e-06, 4.17740056946e-06, 7.0604692155e-06, 2.43481213147e-06, 2.05845503842e-06, 5.63228894634e-08, 3.44938810848e-09, 3.36204930562e-09, 3.22212323489e-09, 3.14109360744e-09, 3.06857583787e-09, 2.98480973271e-09, 2.98961233547e-09, 2.90743451536e-09, 2.8557090026e-09, 2.84405388129e-09, 2.82423662235e-09],
        "mean": [0.000227411845117, 0.000801111862529, 0.000874716963153, 0.00057743024081, 0.000320901162922, 0.000190437218407, 0.000183015654329, 0.000177792244358, 0.000177682901267, 0.000155164234457, 0.000115789960546, 0.000203111747396, 0.000329912407324, 0.00030187368975, 0.000312192947604, 0.000287951959763, 0.000472436804557, 0.000278274179436, 0.000146533100633, 0.000402731326176, 0.00032497473876, 0.000187899742741, 0.000527224037796, 0.000705506943632, 0.00056853069691, 0.00110179896001, 0.000492275401484, 0.000211146281799, 9.68600797933e-05, 0.000158517534146, 0.000174468426849, 0.000163933233125, 0.000117478106404, 0.000185172320926, 0.00011312468996, 5.42393281648e-05, 9.96592789306e-05, 0.000137577895657, 0.000134299654746, 7.95067535364e-05, 9.95795926428e-05, 0.000128298052005, 6.33026793366e-05, 5.33832790097e-05, 3.54376898031e-05, 2.26489992201e-05, 2.08490437217e-05, 2.19523444684e-05, 2.65278376901e-05, 3.00606825476e-05, 2.32967759075e-05, 1.77843703568e-05, 1.09158636405e-05, 1.17502595458e-05, 1.26778486447e-05, 9.95868776954e-06, 1.02014882941e-05, 1.2505437553e-05, 7.83254381531e-06, 5.70826614421e-06, 4.14166470364e-06, 2.80962149191e-06, 4.95416452395e-06, 3.66516792383e-06, 3.02864100377e-06, 2.12272675526e-06, 2.63719721261e-06, 2.91843093692e-06, 1.78395691819e-06, 2.72831312031e-06, 1.04963226022e-06, 3.1308072721e-06, 1.46408888213e-06, 1.183896984e-06, 1.72707268575e-06, 2.38089796767e-06, 1.90386572285e-06, 2.85060059468e-06, 2.70145665127e-06, 1.4894742435e-06, 1.11499889499e-06, 1.13541796054e-06, 2.37658923652e-06, 1.05803508177e-06, 1.27815962969e-06, 8.67957510309e-07, 9.77454760687e-07, 2.68448525276e-06, 1.00009015114e-06, 1.49593222432e-06, 1.53658277213e-06, 6.81928725044e-07, 9.44877228903e-07, 4.47781246748e-07, 6.84457518219e-07, 4.17729978608e-07, 5.94259347508e-07, 5.24408676483e-07, 4.75077342799e-07, 5.09491030698e-07, 3.13517091399e-07, 3.39054963661e-07, 3.75759668714e-07, 3.67455896821e-07, 2.30028064152e-07, 2.57606956211e-07, 2.98963954037e-07, 2.30605067486e-07, 2.82004180008e-07, 2.11705355468e-07, 1.35084746944e-07, 2.02193064069e-07, 2.08436702565e-07, 1.92854187731e-07, 8.21738979084e-08, 1.23144010544e-08, 8.59572246714e-10, 8.85259660716e-12, 8.46208953603e-12, 8.02911730158e-12, 7.68798739947e-12, 7.57395361706e-12, 7.49625882202e-12, 7.33087375526e-12, 6.64038572393e-12, 5.54373734418e-12, 4.95718873936e-12, 4.84910289006e-12],
        "min": [6.4271925549e-24, 1.1626437125e-23, 2.92508329924e-23, 2.42609611785e-23, 1.35642581614e-23, 9.90314444512e-24, 6.12937429178e-24, 1.86795123165e-24, 1.1509861627e-23, 3.18968649506e-23, 3.57669692199e-23, 1.10387081405e-23, 4.30424874095e-24, 5.70604115889e-24, 6.58359093468e-24, 9.33339912265e-24, 5.9247441674e-24, 1.04256212221e-24, 8.44603591721e-25, 2.90220388752e-24, 4.14156195647e-24, 7.95209815558e-24, 8.19958433194e-24, 7.96230522684e-24, 1.51473789359e-23, 9.77542786456e-24, 4.14035144941e-24, 1.08732516653e-23, 7.18161928718e-24, 6.95804585145e-24, 6.05615025041e-24, 1.2133658121e-23, 1.77003284627e-23, 1.56183304741e-23, 7.81158861773e-24, 1.76825396493e-23, 1.92582119991e-23, 1.30958672658e-23, 4.83560572519e-24, 4.81648728672e-24, 6.55388716615e-24, 1.62083211228e-23, 2.45905977518e-23, 1.97577061025e-23, 1.53380497722e-23, 1.2721458103e-23, 3.63283739161e-24, 6.60755652898e-24, 1.32797523205e-23, 9.55381001501e-24, 7.05762376351e-24, 1.68800188286e-23, 1.65277482583e-23, 2.62495359478e-23, 1.3748053286e-23, 1.16493243464e-23, 5.51973272347e-24, 1.32803597434e-23, 1.69399990787e-23, 1.27299241582e-23, 9.43321448185e-24, 9.03893391281e-24, 5.06339917233e-24, 1.79247909447e-23, 1.64156069474e-23, 1.58250767178e-23, 8.52152793369e-24, 1.35900728457e-23, 1.61450891881e-23, 1.92674858479e-23, 6.47017837449e-24, 9.75766035039e-24, 7.00757763882e-24, 1.33997317533e-23, 5.84841280292e-24, 7.63487667521e-24, 7.19576592979e-24, 1.78800514873e-23, 9.70066199455e-24, 1.27112455097e-23, 1.45128381564e-23, 1.23414787933e-23, 9.70858768006e-24, 1.08907848878e-23, 8.58925243126e-24, 9.82469932784e-24, 1.67784640312e-23, 6.85070554807e-24, 7.28424062461e-24, 7.86299947178e-24, 9.33775521257e-24, 1.29296258741e-23, 1.06339238885e-23, 8.47393989958e-24, 7.20703638554e-24, 1.23372449768e-23, 9.94991916363e-24, 1.7946686568e-23, 1.34334082254e-23, 7.80848366121e-24, 1.20666570088e-23, 1.65840492611e-23, 1.27793084286e-23, 1.16179781695e-23, 9.93721534761e-24, 6.99285749433e-24, 1.16046061883e-23, 1.15445888618e-23, 1.07836165561e-23, 8.32747761733e-24, 1.1871991381e-23, 1.10612017203e-23, 1.12900857677e-23, 8.32409498177e-24, 1.34704136904e-23, 6.19299986809e-24, 7.39881872679e-24, 1.11190899113e-23, 7.12644951091e-24, 6.69434306147e-24, 9.43902917558e-24, 7.60290808703e-24, 1.223476169e-23, 1.15690127842e-23, 1.01225503287e-23, 1.04302407916e-23, 9.85593506424e-24, 7.81142137922e-24],
        "stdev": [0.00126065150835, 0.00415073474869, 0.00440410198644, 0.00344785465859, 0.00191527383868, 0.000923767860513, 0.00101832381915, 0.000664156512357, 0.00029170254129, 0.000354214484105, 0.000324864289723, 0.000433682784205, 0.000879312923644, 0.000658666715026, 0.00134600838646, 0.000649713154417, 0.00162759353407, 0.00121550902259, 0.000792269303929, 0.00192746310495, 0.00127925234847, 0.000572748889681, 0.00133334449492, 0.00182525627315, 0.00161140062846, 0.00400891993195, 0.00179992802441, 0.000951726804487, 0.000186598830624, 0.000458155031083, 0.000389901077142, 0.000398252246669, 0.000266952440143, 0.000452980661066, 0.000335412594723, 0.000163470394909, 0.000325786415488, 0.000325257657096, 0.000437852722825, 0.000384332088288, 0.000321572530083, 0.000518527580425, 0.000227228709264, 0.000143680124893, 0.0001157312945, 9.68375316006e-05, 8.51725199027e-05, 0.000129999476485, 0.000101238983916, 0.00012165078806, 8.88599242899e-05, 7.04050762579e-05, 6.01717802056e-05, 4.68144207844e-05, 4.23743549618e-05, 3.99266718887e-05, 3.7213874748e-05, 4.57254209323e-05, 2.64414466074e-05, 1.80121587618e-05, 1.08274643935e-05, 7.89530895418e-06, 1.17701292766e-05, 7.15631404091e-06, 8.157807315e-06, 3.4546005736e-06, 4.30969157605e-06, 1.8479739083e-05, 2.43125668931e-06, 8.31332090456e-06, 1.63456104474e-06, 1.5567693481e-05, 3.48840285369e-06, 3.85604562325e-06, 4.03798730986e-06, 8.75834939507e-06, 8.68586357683e-06, 8.5014717115e-06, 9.10450125957e-06, 4.28944713349e-06, 3.32646391143e-06, 4.75784781884e-06, 6.40861890133e-06, 2.42530359174e-06, 2.13597900256e-06, 1.78379298177e-06, 1.9011531549e-06, 2.01902348635e-05, 2.09377026295e-06, 7.00860482539e-06, 6.20576201982e-06, 1.32016930365e-06, 6.52486551189e-06, 8.35817388634e-07, 1.28315866732e-06, 7.34845798434e-07, 9.28876602302e-07, 8.94666356999e-07, 7.36725553452e-07, 1.67704456544e-06, 6.80137873132e-07, 7.57813950258e-07, 1.12707402877e-06, 8.74097111137e-07, 3.80855880167e-07, 4.0857401018e-07, 5.82584505082e-07, 4.25624790523e-07, 5.5278792388e-07, 4.97519920373e-07, 2.61263267021e-07, 3.76116219059e-07, 5.00438773088e-07, 6.25410677912e-07, 2.88562858941e-07, 8.99567496049e-08, 3.76032849303e-09, 9.76199884817e-11, 9.51101836177e-11, 9.11324626873e-11, 8.88407472588e-11, 8.67883750977e-11, 8.44175424008e-11, 8.45512618253e-11, 8.22444404247e-11, 8.08095326765e-11, 8.04939448429e-11, 7.99355859282e-11]
    },
    "mfcc": {
        "mean": [-676.652038574, 111.220748901, -11.6494550705, -13.8795433044, -13.0522260666, -2.06728172302, -6.36467123032, 1.79446911812, -3.32456326485, -0.68878364563, -0.815026879311, -3.8859372139, -5.60767364502],
        "cov": [[6404.29443359, 169.555831909, 517.287231445, 109.8409729, -140.280197144, 348.960784912, 373.587982178, 49.587677002, -40.2115898132, 17.9898033142, 42.5885162354, 245.666290283, 136.962020874], [169.555831909, 467.820343018, 92.9033584595, -61.3337287903, 88.1337203979, 36.4304389954, 157.845397949, 62.5431785583, 1.7377204895, 28.7854347229, 24.658039093, -22.5957870483, -49.7623786926], [517.287231445, 92.9033584595, 578.241821289, 69.5349273682, -2.3612408638, 53.994644165, 95.904045105, -34.6293525696, -56.7632598877, -60.290725708, -1.34692275524, -9.0323266983, 34.6241149902], [109.8409729, -61.3337287903, 69.5349273682, 535.561645508, 197.119277954, 142.117736816, -73.9275283813, 38.8927497864, 193.291671753, 1.82499825954, 0.705242931843, 33.8682594299, 136.101776123], [-140.280197144, 88.1337203979, -2.3612408638, 197.119277954, 360.155212402, 162.159820557, 101.085258484, 80.3830490112, 126.859024048, 44.0035018921, 12.7316904068, -3.42004394531, 41.0862464905], [348.960784912, 36.4304389954, 53.994644165, 142.117736816, 162.159820557, 203.038421631, 104.366035461, 77.9154663086, 94.6765136719, 32.2013626099, 21.5458984375, 26.6996746063, 35.3128051758], [373.587982178, 157.845397949, 95.904045105, -73.9275283813, 101.085258484, 104.366035461, 236.137405396, 93.8088226318, 20.2963161469, 31.1081562042, 11.1559677124, -10.0411529541, -30.9197044373], [49.587677002, 62.5431785583, -34.6293525696, 38.8927497864, 80.3830490112, 77.9154663086, 93.8088226318, 145.670074463, 91.1139297485, 38.7461738586, 5.24227190018, -0.452971607447, -5.89500045776], [-40.2115898132, 1.7377204895, -56.7632598877, 193.291671753, 126.859024048, 94.6765136719, 20.2963161469, 91.1139297485, 204.453109741, 41.2884025574, 8.53980255127, 15.4892711639, 46.3474502563], [17.9898033142, 28.7854347229, -60.290725708, 1.82499825954, 44.0035018921, 32.2013626099, 31.1081562042, 38.7461738586, 41.2884025574, 96.8188095093, 26.4281768799, 16.4482898712, 2.1394970417], [42.5885162354, 24.658039093, -1.34692275524, 0.705242931843, 12.7316904068, 21.5458984375, 11.1559677124, 5.24227190018, 8.53980255127, 26.4281768799, 72.0546798706, 30.8277587891, 1.28760147095], [245.666290283, -22.5957870483, -9.0323266983, 33.8682594299, -3.42004394531, 26.6996746063, -10.0411529541, -0.452971607447, 15.4892711639, 16.4482898712, 30.8277587891, 96.9752807617, 42.0692405701], [136.962020874, -49.7623786926, 34.6241149902, 136.101776123, 41.0862464905, 35.3128051758, -30.9197044373, -5.89500045776, 46.3474502563, 2.1394970417, 1.28760147095, 42.0692405701, 107.913482666]],
        "icov": [[0.000253767851973, -5.64744441363e-05, -3.14686512866e-05, -0.000197839035536, 0.000488303659949, -0.000465918914415, -0.000559543375857, 0.000213614519453, 0.000177408204763, -6.31846269243e-05, 0.000225885625696, -0.000529142445885, -0.000141963959322], [-5.64744441363e-05, 0.00309446221218, -0.00037640274968, -0.000193528903765, -0.000787088996731, 0.00135952956043, -0.001757879043, -0.000399663520511, 9.99049952952e-05, -0.000340257713106, -0.000985290738754, 0.000191111757886, 0.00109385664109], [-3.14686512866e-05, -0.00037640274968, 0.00279348017648, -0.00120850442909, 0.00087790179532, -0.000400521646952, -0.00226738397032, 0.0012211833382, 0.00117559917271, 0.001385319978, -0.000544864858966, 0.000832429213915, -0.00114225759171], [-0.000197839035536, -0.000193528903765, -0.00120850442909, 0.00617413315922, -0.00209526624531, -0.00221917009912, 0.00480119977146, -0.000687572115567, -0.00361456442624, 0.0010625179857, 0.000118868534628, 0.00097719731275, -0.00322630093433], [0.000488303659949, -0.000787088996731, 0.00087790179532, -0.00209526624531, 0.00676244264469, -0.00349196000025, -0.00317017361522, 0.00143186911009, -0.000233484854107, -0.00082282332005, 0.000238962558797, 0.00085027347086, -0.00110164377838], [-0.000465918914415, 0.00135952956043, -0.000400521646952, -0.00221917009912, -0.00349196000025, 0.013560176827, -0.00427012750879, -0.00176158477552, -0.000959417899139, -0.000167432663147, -0.00197821413167, -0.00160045002121, 0.000780968228355], [-0.000559543375857, -0.001757879043, -0.00226738397032, 0.00480119977146, -0.00317017361522, -0.00427012750879, 0.0144916633144, -0.00580829754472, -0.000313049735269, -0.000601656502113, 0.000515567720868, 0.00137916533276, 0.00061350147007], [0.000213614519453, -0.000399663520511, 0.0012211833382, -0.000687572115567, 0.00143186911009, -0.00176158477552, -0.00580829754472, 0.0150247681886, -0.00525621883571, -0.00147856434342, 0.0013959556818, -0.000325797533151, 0.00160492456052], [0.000177408204763, 9.99049952952e-05, 0.00117559917271, -0.00361456442624, -0.000233484854107, -0.000959417899139, -0.000313049735269, -0.00525621883571, 0.0122786201537, -0.00182157650124, -0.000114992224553, 6.36154072708e-05, -0.0012323561823], [-6.31846269243e-05, -0.000340257713106, 0.001385319978, 0.0010625179857, -0.00082282332005, -0.000167432663147, -0.000601656502113, -0.00147856434342, -0.00182157650124, 0.014570296742, -0.00428238185123, -0.000615096359979, -0.000961985322647], [0.000225885625696, -0.000985290738754, -0.000544864858966, 0.000118868534628, 0.000238962558797, -0.00197821413167, 0.000515567720868, 0.0013959556818, -0.000114992224553, -0.00428238185123, 0.0188120175153, -0.00662587909028, 0.0025570737198], [-0.000529142445885, 0.000191111757886, 0.000832429213915, 0.00097719731275, 0.00085027347086, -0.00160045002121, 0.00137916533276, -0.000325797533151, 6.36154072708e-05, -0.000615096359979, -0.00662587909028, 0.0171965733171, -0.00680249510333], [-0.000141963959322, 0.00109385664109, -0.00114225759171, -0.00322630093433, -0.00110164377838, 0.000780968228355, 0.00061350147007, 0.00160492456052, -0.0012323561823, -0.000961985322647, 0.0025570737198, -0.00680249510333, 0.0179838892072]]
    },
    "spectral_contrast_coeffs": {
        "max": [-0.365174621344, -0.424008488655, -0.448271840811, -0.518582105637, -0.503672063351, -0.48677238822],
        "mean": [-0.693308711052, -0.719375669956, -0.730151176453, -0.781609177589, -0.792597293854, -0.754265844822],
        "min": [-0.957068026066, -0.980394124985, -0.979618430138, -0.975367248058, -0.975236773491, -0.961655378342],
        "stdev": [0.094527348876, 0.0996846184134, 0.0916589051485, 0.0695029944181, 0.0512628927827, 0.0546746663749]
    },
    "spectral_contrast_valleys": {
        "max": [-4.91903924942, -4.9868683815, -5.4357085228, -5.17723751068, -6.59322834015, -8.09530067444],
        "mean": [-7.96346092224, -6.9959397316, -7.37342882156, -7.81900930405, -8.22468280792, -10.7488393784],
        "min": [-27.4684257507, -27.37134552, -27.0051612854, -27.1146831512, -27.4818649292, -27.2053623199],
        "stdev": [1.33655822277, 0.977953612804, 1.02119684219, 0.978123724461, 0.928421914577, 0.956624686718]
    }
},
"rhythm": {
    "beats_count": 55,
    "beats_loudness": {
        "max": 0.224662572145,
        "mean": 0.0294452514499,
        "min": 0.000115015063784,
        "stdev": 0.0340950936079
    },
    "bpm": 107.244514465,
    "bpm_histogram_first_peak_bpm": 108,
    "bpm_histogram_first_peak_weight": 0.0769230723381,
    "bpm_histogram_second_peak_bpm": 120,
    "bpm_histogram_second_peak_spread": 0.5,
    "bpm_histogram_second_peak_weight": 0.203703701496,
    "danceability": 0.83271074295,
    "onset_rate": 1.68887865543,
    "beats_loudness_band_ratio": {
        "max": [0.948622226715, 0.638522326946, 0.94588881731, 0.660322666168, 0.691352069378, 0.142320156097],
        "mean": [0.120171688497, 0.160632014275, 0.459350168705, 0.214288800955, 0.0779697597027, 0.0284150838852],
        "min": [0.000405222759582, 0.00601464603096, 0.00693048583344, 0.0138179594651, 0.00379138416611, 0.00202000210993],
        "stdev": [0.221936807036, 0.16596339643, 0.264464646578, 0.14676053822, 0.118162095547, 0.0289028696716]
    },
    "beats_position": [0.545668900013, 1.09133780003, 1.64861679077, 2.20589566231, 2.76317453384, 3.32045340538, 3.87773227692, 4.43501138687, 5.01551008224, 5.59600877762, 6.25777769089, 6.90793657303, 7.4303855896, 7.92961454391, 8.42884349823, 8.92807197571, 9.42730140686, 9.92653083801, 10.4257593155, 10.9365987778, 11.4358272552, 11.9350566864, 12.4342851639, 12.933514595, 13.4443531036, 13.9551925659, 14.4660310745, 14.9304304123, 15.3948297501, 15.8592290878, 16.3468475342, 16.8344669342, 17.3336963654, 17.8445339203, 18.3553733826, 18.8662128448, 19.3770523071, 19.8994998932, 20.4103393555, 20.9676189423, 21.5248966217, 22.0821762085, 22.6394557953, 23.1967334747, 23.7540130615, 24.2068023682, 24.6479816437, 25.1007709503, 25.5419502258, 25.9947395325, 26.4475269318, 26.9003162384, 27.353105545, 27.8058948517, 28.2586841583],
