{
"metadata": {
    "version": {
        "essentia": "2.1-beta5",
        "essentia_git_sha": "Undefined",
        "extractor": "music 2.0"
    },
    "audio_properties": {
        "analysis": {
            "equal_loudness": 0,
            "length": 32.4963264465,
            "sample_rate": 44100,
            "start_time": 12.7477550507,
            "downmix": "mix"
        },
        "bit_rate": 192000,
        "length": 192.24961853,
        "lossless": 0,
        "number_channels": 2,
        "replay_gain": -1.99289512634,
        "sample_rate": 48000,
        "codec": "mp3",
        "md5_encoded": "95a249a9a2fbdbad68c73fd38a37238a"
    },
    "tags": {
        "file_name": "Belgium_What_s the Pressure_Laura Tesoro.mp3",
        "encoding": ["Lavf58.29.100"]
    }
},
"lowlevel": {
    "average_loudness": 0.959294676781,
    "barkbands_crest": {
        "max": 25.8579730988,
        "mean": 11.1286230087,
        "min": 2.62895464897,
        "stdev": 5.52888965607
    },
    "barkbands_flatness_db": {
        "max": 0.321024119854,
        "mean": 0.156968414783,
        "min": 0.0350623726845,
        "stdev": 0.050979308784
    },
    "barkbands_kurtosis": {
        "max": 113.454933167,
        "mean": 4.94977664948,
        "min": -1.90058231354,
        "stdev": 10.4034357071
    },
    "barkbands_skewness": {
        "max": 9.09051799774,
        "mean": 1.5201587677,
        "min": -2.8225376606,
        "stdev": 1.6532766819
    },
    "barkbands_spread": {
        "max": 106.72341156,
        "mean": 22.7938423157,
        "min": 1.63584172726,
        "stdev": 13.8390359879
    },
    "dissonance": {
        "max": 0.500000059605,
        "mean": 0.473591774702,
        "min": 0.236654043198,
        "stdev": 0.025694007054
    },
    "dynamic_complexity": 3.41342306137,
    "erbbands_crest": {
        "max": 31.1368961334,
        "mean": 9.86710548401,
        "min": 2.73152756691,
        "stdev": 5.05760955811
    },
    "erbbands_flatness_db": {
        "max": 0.337463110685,
        "mean": 0.169462919235,
        "min": 0.0566874183714,
        "stdev": 0.0473924167454
    },
    "erbbands_kurtosis": {
        "max": 23.2184963226,
        "mean": 1.04033958912,
        "min": -1.79391801357,
        "stdev": 2.46701741219
    },
    "erbbands_skewness": {
        "max": 3.20309281349,
        "mean": -0.192170232534,
        "min": -3.42621159554,
        "stdev": 0.859006464481
    },
    "erbbands_spread": {
        "max": 153.162597656,
        "mean": 36.093662262,
        "min": 3.31678962708,
        "stdev": 22.3911018372
    },
    "hfc": {
        "max": 157.979858398,
        "mean": 19.1227607727,
        "min": 0.292446643114,
        "stdev": 19.9038524628
    },
    "loudness_ebu128": {
        "integrated": -21.601228714,
        "loudness_range": 3.20979118347,
        "momentary": {
            "max": -18.2141895294,
            "mean": -21.979631424,
            "min": -29.2656002045,
            "stdev": 1.93743550777
        },
        "short_term": {
            "max": -19.7573318481,
            "mean": -21.7411937714,
            "min": -23.8693752289,
            "stdev": 1.10044527054
        }
    },
    "melbands_crest": {
        "max": 31.0875511169,
        "mean": 14.5957384109,
        "min": 2.96339178085,
        "stdev": 6.09929561615
    },
    "melbands_flatness_db": {
        "max": 0.415381103754,
        "mean": 0.206991896033,
        "min": 0.0302294846624,
        "stdev": 0.0718331709504
    },
    "melbands_kurtosis": {
        "max": 326.141662598,
        "mean": 17.4130573273,
        "min": -1.76167678833,
        "stdev": 30.1788768768
    },
    "melbands_skewness": {
        "max": 15.1460418701,
        "mean": 2.86619257927,
        "min": -1.83062982559,
        "stdev": 2.39028692245
    },
    "melbands_spread": {
        "max": 245.833511353,
        "mean": 26.777299881,
        "min": 0.967758715153,
        "stdev": 21.3063011169
    },
    "pitch_salience": {
        "max": 0.915366828442,
        "mean": 0.528713345528,
        "min": 0.0681993886828,
        "stdev": 0.171805024147
    },
    "silence_rate_20dB": {
        "max": 1,
        "mean": 1,
        "min": 1,
        "stdev": 0
    },
    "silence_rate_30dB": {
        "max": 1,
        "mean": 0.962169885635,
        "min": 0,
        "stdev": 0.190784841776
    },
    "silence_rate_60dB": {
        "max": 1,
        "mean": 0.127052098513,
        "min": 0,
        "stdev": 0.333033263683
    },
    "spectral_centroid": {
        "max": 4963.68408203,
        "mean": 1383.25109863,
        "min": 232.885498047,
        "stdev": 588.919372559
    },
    "spectral_complexity": {
        "max": 54,
        "mean": 15.2533903122,
        "min": 0,
        "stdev": 9.74335384369
    },
    "spectral_decrease": {
        "max": -4.4941130678e-11,
        "mean": -8.03503219515e-09,
        "min": -7.71049997184e-08,
        "stdev": 9.3371976817e-09
    },
    "spectral_energy": {
        "max": 0.299565404654,
        "mean": 0.0320605672896,
        "min": 0.00019614379562,
        "stdev": 0.0364439636469
    },
    "spectral_energyband_high": {
        "max": 0.0110567277297,
        "mean": 0.000546590308659,
        "min": 1.56715520916e-06,
        "stdev": 0.00105074222665
    },
    "spectral_energyband_low": {
        "max": 0.234594598413,
        "mean": 0.0186633989215,
        "min": 4.45631485491e-06,
        "stdev": 0.0305200982839
    },
    "spectral_energyband_middle_high": {
        "max": 0.0393533632159,
        "mean": 0.00615448830649,
        "min": 0.000146091013448,
        "stdev": 0.00690233381465
    },
    "spectral_energyband_middle_low": {
        "max": 0.106497533619,
        "mean": 0.00790629535913,
        "min": 4.15257345594e-05,
        "stdev": 0.0104991169646
    },
    "spectral_entropy": {
        "max": 8.87820053101,
        "mean": 7.54093408585,
        "min": 6.06724691391,
        "stdev": 0.41024595499
    },
    "spectral_flux": {
        "max": 0.499956220388,
        "mean": 0.0946761891246,
        "min": 0.0101151671261,
        "stdev": 0.0714790895581
    },
    "spectral_kurtosis": {
        "max": 18.1735095978,
        "mean": 5.49939632416,
        "min": -1.46976649761,
        "stdev": 2.91241073608
    },
    "spectral_rms": {
        "max": 0.0170955825597,
        "mean": 0.00481860106811,
        "min": 0.000437446928117,
        "stdev": 0.00283896340989
    },
    "spectral_rolloff": {
        "max": 11864.7949219,
        "mean": 1656.42822266,
        "min": 86.1328125,
        "stdev": 1785.32800293
    },
    "spectral_skewness": {
        "max": 3.08328056335,
        "mean": 1.77635776997,
        "min": 0.181768342853,
        "stdev": 0.382629811764
    },
    "spectral_spread": {
        "max": 17126650,
        "mean": 4538052,
        "min": 1963091,
        "stdev": 2116541
    },
    "spectral_strongpeak": {
        "max": 12.5561437607,
        "mean": 0.980961978436,
        "min": 0.0105590745807,
        "stdev": 1.58355724812
    },
    "zerocrossingrate": {
        "max": 0.3818359375,
        "mean": 0.0643084868789,
        "min": 0.0048828125,
        "stdev": 0.0459483452141
    },
    "barkbands": {
        "max": [0.0044402484782, 0.140982374549, 0.154507815838, 0.0618227124214, 0.0373610034585, 0.0295040961355, 0.0197035800666, 0.0290159471333, 0.014993051067, 0.0193975474685, 0.0181262940168, 0.0160025171936, 0.00995571818203, 0.0179126169533, 0.0317292362452, 0.0196438580751, 0.017192594707, 0.0133125977591, 0.00244841910899, 0.00198963820003, 0.00248045427725, 0.0018500398146, 0.00128339661751, 0.0039117061533, 0.00448382599279, 0.00346254650503, 0.000321502331644],
        "mean": [0.000128553976538, 0.0126012358814, 0.0048104072921, 0.00225416384637, 0.00237623322755, 0.00122576765716, 0.000851057062391, 0.000305580266286, 0.000712898501661, 0.000957491749432, 0.000404411082854, 0.000601255742367, 0.000417921488406, 0.000602900283411, 0.00108220486436, 0.000971577654127, 0.000639668840449, 0.000322304433212, 0.000191656072275, 0.000111247674795, 8.02221475169e-05, 6.05493150942e-05, 6.67463245918e-05, 0.000106304498331, 0.00012178158795, 5.58860083402e-05, 5.42663030956e-07],
        "min": [5.07311126441e-09, 5.41521842479e-07, 2.63730754568e-07, 2.18841293531e-07, 2.4860562462e-06, 1.13736052754e-06, 6.64717049403e-07, 1.79475580353e-06, 4.14262285631e-06, 2.5616682251e-06, 1.6186133962e-06, 5.77331547902e-06, 4.06174376621e-06, 5.92161177337e-06, 9.06790592126e-06, 1.06755169327e-05, 7.07761500962e-06, 2.49980644185e-06, 1.89953709651e-06, 1.01254317997e-06, 2.56013265698e-07, 3.06741355871e-07, 2.82943858565e-07, 1.33812704917e-07, 9.62741566468e-08, 1.17591117399e-10, 9.54856541058e-11],
        "stdev": [0.000358466902981, 0.0226638000458, 0.0123779494315, 0.00449741212651, 0.00373447500169, 0.00246653822251, 0.00207012193277, 0.00115443323739, 0.00161144137383, 0.00211210804991, 0.00106331764255, 0.00146248878445, 0.000916813907679, 0.00151291990187, 0.00257674790919, 0.00197846116498, 0.00158341648057, 0.000783343799412, 0.000310436909785, 0.000220668909606, 0.000182265095646, 0.000153604254592, 0.000126784740132, 0.000233974133153, 0.000338052836014, 0.000182823860087, 9.62616286415e-06]
    },
    "erbbands": {
        "max": [2.50703501701, 36.7878265381, 169.15512085, 168.881057739, 176.162033081, 115.391166687, 225.164260864, 239.003570557, 310.80569458, 282.596435547, 582.13092041, 390.702514648, 519.616333008, 814.087280273, 535.479797363, 652.793151855, 425.870666504, 999.551635742, 1936.69836426, 1502.49023438, 959.898132324, 1054.37255859, 717.81628418, 210.629928589, 120.448265076, 88.3058166504, 77.4269485474, 117.614700317, 83.5654525757, 44.3664741516, 33.1874084473, 49.859161377, 82.2322616577, 44.6942138672, 43.2066383362, 16.5934104919, 9.00528621674, 0.862914204597, 0.0187838450074, 0.00086012436077],
        "mean": [0.24645806849, 3.20119524002, 6.23100137711, 6.66381311417, 8.02914047241, 7.57556533813, 8.99452877045, 10.6527757645, 11.9797840118, 10.1088428497, 6.6066608429, 14.0619525909, 25.564201355, 27.6000347137, 20.6693687439, 22.2194328308, 18.8867778778, 27.1825389862, 55.1365470886, 52.3982658386, 48.8771133423, 37.0868225098, 20.5293045044, 12.0214748383, 7.97438430786, 5.31312656403, 3.72825169563, 2.94365286827, 2.26276993752, 1.82171463966, 1.98861753941, 2.01042437553, 1.85539925098, 1.38550376892, 0.862515091896, 0.356143325567, 0.0810895040631, 0.00632383907214, 0.000156444744789, 4.52604544989e-05],
        "min": [1.30692360472e-05, 0.000164409546414, 0.000284377136268, 0.00155087839812, 0.00392005452886, 0.00823166128248, 0.0211728960276, 0.00864979438484, 0.0100215096027, 0.0212332680821, 0.047113083303, 0.0768826976418, 0.152272433043, 0.131638273597, 0.164588630199, 0.238811612129, 0.274297595024, 0.375982731581, 0.628527760506, 0.909014463425, 0.638564229012, 0.472547978163, 0.159671425819, 0.0918857529759, 0.103485956788, 0.0461619347334, 0.0156990997493, 0.0105105014518, 0.00949262455106, 0.0113155124709, 0.00883191823959, 0.00350261409767, 0.00205934257247, 0.0011829995783, 0.000790632679127, 0.000145899670315, 7.31721684133e-06, 5.81206904826e-07, 2.07716936984e-07, 2.59394994373e-07],
        "stdev": [0.420215070248, 5.93975925446, 14.1351776123, 14.3414707184, 13.8172006607, 12.1808166504, 17.725233078, 21.8917446136, 28.2548465729, 25.2722568512, 21.1204319, 31.1569023132, 49.5529060364, 62.9338951111, 43.0952262878, 55.2339057922, 36.231502533, 63.5586051941, 133.589370728, 126.610954285, 93.766708374, 91.4986343384, 45.6936645508, 19.9551124573, 13.5560512543, 10.5808734894, 7.41117477417, 7.74942541122, 6.12239646912, 3.91864919662, 3.7486178875, 4.09004449844, 4.40857172012, 3.67633748055, 2.63867759705, 0.941129505634, 0.366507858038, 0.041063837707, 0.000824835791718, 5.97657744947e-05]
    },
    "gfcc": {
        "mean": [-21.0846271515, 91.1070022583, -127.286682129, 35.7658691406, -44.7908210754, 29.3005580902, -52.7839889526, 16.5743865967, -25.8420963287, -3.32499670982, -17.0609340668, -3.95843219757, -0.848961293697],
        "cov": [[4490.77783203, -347.085906982, 1014.0748291, 236.775665283, 227.308685303, 117.010635376, -4.61042118073, 148.909301758, -134.275588989, 227.290313721, -44.9711418152, 133.089828491, -221.721832275], [-347.085906982, 1168.16748047, -95.1485519409, 152.547531128, 246.492874146, -113.717430115, 92.7959518433, -140.816741943, 80.8991012573, -234.917037964, 68.7108612061, -214.431488037, 88.4818954468], [1014.0748291, -95.1485519409, 1048.22265625, 247.557144165, 124.034141541, 106.784858704, -93.1326675415, 21.7229232788, -74.7725830078, 93.6192245483, -85.9686050415, 79.2750244141, -114.16053772], [236.775665283, 152.547531128, 247.557144165, 439.42477417, 261.850585938, 123.90586853, 63.0352134705, -1.33678603172, 53.0024490356, -0.656866848469, 6.89877843857, -20.7500476837, -6.9336977005], [227.308685303, 246.492874146, 124.034141541, 261.850585938, 429.713134766, 180.647521973, 134.559646606, 7.96257305145, 62.1703720093, 13.4727163315, -13.7784461975, -41.1295204163, -0.242304056883], [117.010635376, -113.717430115, 106.784858704, 123.90586853, 180.647521973, 384.967010498, 207.066848755, 31.2733898163, 51.9643936157, 71.1037368774, -6.7320690155, 23.7982807159, 19.7615127563], [-4.61042118073, 92.7959518433, -93.1326675415, 63.0352134705, 134.559646606, 207.066848755, 308.506774902, 30.9296226501, 62.4808578491, 22.5960216522, 16.8247566223, 9.84209918976, 31.3437919617], [148.909301758, -140.816741943, 21.7229232788, -1.33678603172, 7.96257305145, 31.2733898163, 30.9296226501, 197.875564575, 86.1202850342, 62.0895195007, 47.8485145569, 70.6175308228, 17.9261760712], [-134.275588989, 80.8991012573, -74.7725830078, 53.0024490356, 62.1703720093, 51.9643936157, 62.4808578491, 86.1202850342, 168.770568848, 19.5461063385, 59.951461792, 23.24193573, 51.4493179321], [227.290313721, -234.917037964, 93.6192245483, -0.656866848469, 13.4727163315, 71.1037368774, 22.5960216522, 62.0895195007, 19.5461063385, 157.919158936, 21.5224056244, 66.5277786255, -24.0339679718], [-44.9711418152, 68.7108612061, -85.9686050415, 6.89877843857, -13.7784461975, -6.7320690155, 16.8247566223, 47.8485145569, 59.951461792, 21.5224056244, 136.214279175, 18.1359729767, 46.4817962646], [133.089828491, -214.431488037, 79.2750244141, -20.7500476837, -41.1295204163, 23.7982807159, 9.84209918976, 70.6175308228, 23.24193573, 66.5277786255, 18.1359729767, 143.755111694, 5.98255109787], [-221.721832275, 88.4818954468, -114.16053772, -6.9336977005, -0.242304056883, 19.7615127563, 31.3437919617, 17.9261760712, 51.4493179321, -24.0339679718, 46.4817962646, 5.98255109787, 100.104621887]],
        "icov": [[0.000331334711518, 4.52166277682e-05, -0.00026437357883, 2.59245243797e-05, -0.000192701816559, 0.000124205951579, -0.000148898659972, -0.000248858967097, 0.000315011100611, -0.000114300397399, -0.00023801374482, -1.69537706824e-05, 0.000382594647817], [4.52166277682e-05, 0.00356125016697, -0.00127955642529, 0.000770921295043, -0.00220719235949, 0.00274960673414, -0.0023157352116, 0.00214500445873, -0.00213988055475, 0.00341607816517, -0.00263173412532, 0.00327373226173, -0.00171430059709], [-0.00026437357883, -0.00127955642529, 0.00231075682677, -0.00126272707712, 0.000824939110316, -0.00167778437026, 0.00188089418225, -0.000911947514396, 0.00125106144696, -0.00140692596324, 0.00165012897924, -0.00210420857184, 0.00137953856029], [2.59245243797e-05, 0.000770921295043, -0.00126272707712, 0.00452790688723, -0.00267044547945, 0.000341665116139, -0.000457934162114, 0.00108105305117, -0.00156177056488, 0.00166869245004, -0.00169416691642, 0.000846847484354, 6.4845160523e-05], [-0.000192701816559, -0.00220719235949, 0.000824939110316, -0.00267044547945, 0.00609761476517, -0.00256938044913, 0.000558808096685, -0.00137136771809, 0.000274551537586, -0.00248151505366, 0.00261102570221, -0.000413817499066, 0.000947955355514], [0.000124205951579, 0.00274960673414, -0.00167778437026, 0.000341665116139, -0.00256938044913, 0.00757230073214, -0.00495712039992, 0.00189846369904, -0.00173130026087, 0.000421850010753, -0.000989321037196, 0.00271533569321, -0.00304566556588], [-0.000148898659972, -0.0023157352116, 0.00188089418225, -0.000457934162114, 0.000558808096685, -0.00495712039992, 0.00764516508207, -0.00153212435544, 0.000868048984557, -0.00155393953901, 0.0015258792555, -0.00287927919999, 0.00133519805968], [-0.000248858967097, 0.00214500445873, -0.000911947514396, 0.00108105305117, -0.00137136771809, 0.00189846369904, -0.00153212435544, 0.00980395451188, -0.00533663993701, 0.000771099934354, -0.00247673643753, -0.00047048862325, -0.000960204401053], [0.000315011100611, -0.00213988055475, 0.00125106144696, -0.00156177056488, 0.000274551537586, -0.00173130026087, 0.000868048984557, -0.00533663993701, 0.012321010232, -0.00244470569305, -0.000413552625105, -0.00221098819748, -0.00166123942472], [-0.000114300397399, 0.00341607816517, -0.00140692596324, 0.00166869245004, -0.00248151505366, 0.000421850010753, -0.00155393953901, 0.000771099934354, -0.00244470569305, 0.0138292303309, -0.00492092780769, -0.000316970137646, 0.00237827375531], [-0.00023801374482, -0.00263173412532, 0.00165012897924, -0.00169416691642, 0.00261102570221, -0.000989321037196, 0.0015258792555, -0.00247673643753, -0.000413552625105, -0.00492092780769, 0.0128997815773, -0.00199061376043, -0.00310887768865], [-1.69537706824e-05, 0.00327373226173, -0.00210420857184, 0.000846847484354, -0.000413817499066, 0.00271533569321, -0.00287927919999, -0.00047048862325, -0.00221098819748, -0.000316970137646, -0.00199061376043, 0.0139061901718, -0.0036699611228], [0.000382594647817, -0.00171430059709, 0.00137953856029, 6.4845160523e-05, 0.000947955355514, -0.00304566556588, 0.00133519805968, -0.000960204401053, -0.00166123942472, 0.00237827375531, -0.00310887768865, -0.0036699611228, 0.0173750501126]]
    },
    "melbands": {
        "max": [0.0316557325423, 0.0663215368986, 0.0258261766285, 0.00835123285651, 0.00783661101013, 0.00509644253179, 0.00458981888369, 0.00405564811081, 0.00434051686898, 0.00254738028161, 0.00256971199997, 0.00342909316532, 0.00257942383178, 0.00178804202005, 0.00201151450165, 0.00107822974678, 0.00175912759732, 0.00285691511817, 0.0029646626208, 0.00168709014542, 0.001109597506, 0.00143476307858, 0.00100818253122, 0.000332033785526, 0.000169602179085, 0.000106952924398, 6.95188937243e-05, 7.28521263227e-05, 5.3429059335e-05, 7.17966831871e-05, 6.51950176689e-05, 5.35361250513e-05, 3.39245270879e-05, 1.93452087842e-05, 1.90405098692e-05, 2.32881411648e-05, 3.60397498298e-05, 5.91503885516e-05, 5.52992423763e-05, 3.47081077052e-05],
        "mean": [0.00298855081201, 0.00362835125998, 0.00122231896967, 0.000540632754564, 0.000325195956975, 0.00023210181098, 0.000184366115718, 0.000101216013718, 5.22148402524e-05, 9.99705953291e-05, 0.000134220710606, 0.000119757714856, 6.33816671325e-05, 7.00336458976e-05, 4.73351610708e-05, 4.23002602474e-05, 4.78067850054e-05, 8.68284405442e-05, 7.0515598054e-05, 7.38219241612e-05, 5.00925234519e-05, 3.84832019336e-05, 2.88134833681e-05, 1.31188489831e-05, 9.20736056287e-06, 7.35461071599e-06, 4.0285635805e-06, 3.34743526764e-06, 2.48188598562e-06, 1.82488508926e-06, 1.68215353824e-06, 1.30763669404e-06, 1.07082962586e-06, 9.84171037999e-07, 1.11213012133e-06, 1.22528649626e-06, 1.2200061974e-06, 1.3203995195e-06, 1.19316234759e-06, 1.1739174397e-06],
        "min": [1.93327736042e-07, 2.09436251453e-07, 4.13265524912e-07, 6.33276840745e-07, 8.33629428598e-07, 1.90132823263e-07, 1.38040661568e-07, 2.54305859926e-07, 3.9712489297e-07, 5.53620282062e-07, 6.75021908592e-07, 2.2239035502e-07, 3.63583211538e-07, 5.01727413393e-07, 3.44303629163e-07, 4.02295427193e-07, 3.88616200553e-07, 8.43244606585e-07, 5.68469033624e-07, 7.16621400443e-07, 4.60155376913e-07, 4.81062784274e-07, 1.66153625969e-07, 1.45050137235e-07, 5.7275219234e-08, 8.66814602318e-08, 4.5369237256e-08, 2.47285001365e-08, 1.07538156158e-08, 6.4977498937e-09, 5.51874146382e-09, 4.94360596903e-09, 6.37596286879e-09, 5.71540326177e-09, 5.17051912396e-09, 3.14050563333e-09, 1.80522830018e-09, 1.01690333931e-09, 6.20459461587e-10, 7.34439342676e-10],
        "stdev": [0.0052268942818, 0.00690077571198, 0.00237052724697, 0.000860394444317, 0.000602760526817, 0.00046681339154, 0.000432344037108, 0.000267650175374, 0.0001614127832, 0.000229226847296, 0.000260659930063, 0.000283406465314, 0.000149132727529, 0.000170229919604, 0.000123087796965, 9.74233626039e-05, 0.00011805518443, 0.000224697039812, 0.00017159874551, 0.000171424399014, 0.000103707636299, 0.00011589670612, 7.29183084331e-05, 2.47734569712e-05, 1.64281118487e-05, 1.30411199279e-05, 7.83478571975e-06, 7.0905020948e-06, 5.02304919792e-06, 4.31565513281e-06, 4.70286749987e-06, 3.70121597371e-06, 2.65708081315e-06, 2.05244577955e-06, 2.1067464786e-06, 2.35139327742e-06, 2.65910739472e-06, 3.10909376822e-06, 3.14741623697e-06, 3.16497335007e-06]
    },
    "melbands128": {
        "max": [0.00414138287306, 0.0136339301243, 0.0477234609425, 0.0677215978503, 0.0940616875887, 0.06600176543, 0.0389723107219, 0.0286662355065, 0.0201512612402, 0.0091279828921, 0.00692550418898, 0.00902807153761, 0.00853127706796, 0.00918275024742, 0.00793584994972, 0.00361059326679, 0.00385012943298, 0.00834933668375, 0.0067018517293, 0.00451116450131, 0.00631030509248, 0.00673875585198, 0.00420525856316, 0.00213098758832, 0.00325852213427, 0.00389932119288, 0.00560843897983, 0.00291245174594, 0.00514757819474, 0.00652307411656, 0.00479804258794, 0.00359448394738, 0.00442131841555, 0.00350889610127, 0.00339562306181, 0.00400399044156, 0.00408642552793, 0.00389367621392, 0.00196203100495, 0.00137245061342, 0.00214805966243, 0.00360796134919, 0.00310819339938, 0.00197418383323, 0.00426414376125, 0.00537822023034, 0.00607327232137, 0.00492068007588, 0.00327951461077, 0.00506576662883, 0.00358471390791, 0.00454617291689, 0.00259767402895, 0.0023002079688, 0.00149624946062, 0.00312467175536, 0.00158922758419, 0.00190308317542, 0.00265768147074, 0.000486110628117, 0.000528952630702, 0.000668325112201, 0.000297661026707, 0.000161341653438, 0.000216639877181, 0.000246298295679, 0.000134482907015, 9.27235523704e-05, 9.45810097619e-05, 0.000220013127546, 7.95722880866e-05, 0.000110078202852, 0.000101909667137, 5.99367922405e-05, 6.16868273937e-05, 7.02441830072e-05, 9.28735171328e-05, 8.57662016642e-05, 7.77882378316e-05, 5.35837607458e-05, 6.18633348495e-05, 8.66151458467e-05, 3.7719069951e-05, 3.79883204005e-05, 3.10534596792e-05, 3.51091730408e-05, 3.09171700792e-05, 2.19839912461e-05, 2.15403069888e-05, 2.94563378702e-05, 2.594524085e-05, 3.21709376294e-05, 2.35746647377e-05, 5.63411958865e-05, 2.85417936539e-05, 4.72877618449e-05, 7.21696560504e-05, 6.73360482324e-05, 7.38442031434e-05, 5.55576225452e-05, 4.75183805975e-05, 4.09402564401e-05, 3.38179925166e-05, 8.50043361424e-05, 8.06721436675e-05, 4.21036893385e-05, 4.91640566906e-05, 3.93843656639e-05, 2.73913610727e-05, 1.65792571352e-05, 4.58853282908e-05, 3.44556756318e-05, 4.13826055592e-05, 1.77022120624e-05, 1.07212945295e-05, 9.98568339128e-06, 9.65655181062e-06, 5.74756207072e-08, 4.19973176236e-08, 4.39666010266e-08, 3.86058260915e-08, 2.22017018103e-08, 1.46839314041e-08, 7.04714819832e-09, 6.93100599136e-09, 6.85521950317e-09, 6.79521106051e-09, 6.75899913816e-09],
        "mean": [0.000114138609206, 0.00124371773563, 0.00457871798426, 0.00563121633604, 0.0038035849575, 0.0021618665196, 0.00131577625871, 0.00112099212129, 0.000809272576589, 0.000469791819341, 0.000411683489801, 0.000351466878783, 0.000298098078929, 0.000295352365356, 0.000266703747911, 0.000183481941349, 0.000141794094816, 0.000237250758801, 0.000160764771863, 0.000105198174424, 7.89248588262e-05, 6.12590956734e-05, 3.74105038645e-05, 5.66369853914e-05, 7.05329657649e-05, 0.000129331601784, 0.000151107640704, 9.76525843726e-05, 0.000155947112944, 0.000179071343155, 7.72363055148e-05, 6.61295853206e-05, 5.91079769947e-05, 5.88263901591e-05, 9.07840294531e-05, 6.56721531413e-05, 5.32500926056e-05, 4.50794759672e-05, 5.03794981341e-05, 3.1228933949e-05, 3.58348734153e-05, 6.40251892037e-05, 5.08074335812e-05, 3.06284018734e-05, 6.23466767138e-05, 0.00011350447312, 9.97409806587e-05, 5.78696271987e-05, 6.24052700005e-05, 7.79391702963e-05, 6.75743067404e-05, 8.43221423565e-05, 5.95823403273e-05, 3.41073682648e-05, 3.08176931867e-05, 4.34680077888e-05, 3.84484228562e-05, 3.80784513254e-05, 2.53236994467e-05, 1.11950503197e-05, 1.41988930409e-05, 1.24339685499e-05, 8.76892227097e-06, 8.63620243763e-06, 8.95692210179e-06, 8.89025432116e-06, 4.9823165682e-06, 4.18431409344e-06, 3.64473680747e-06, 4.32017759522e-06, 3.06306310449e-06, 3.24600728163e-06, 2.86185354526e-06, 2.30588148042e-06, 2.0739894353e-06, 1.8885262989e-06, 1.69130692029e-06, 1.62986020769e-06, 1.905407089e-06, 1.4512298776e-06, 1.30597686621e-06, 1.30253101815e-06, 1.13334135676e-06, 1.07061100607e-06, 9.91630145109e-07, 9.4838884479e-07, 9.75147827376e-07, 1.0545729765e-06, 1.13730561679e-06, 1.1317155213e-06, 1.17346837669e-06, 1.29240288516e-06, 1.27318730847e-06, 1.13034013793e-06, 1.28597037019e-06, 1.23552456444e-06, 1.40800898407e-06, 1.28155863877e-06, 1.23481720493e-06, 1.09199993403e-06, 1.15702550829e-06, 1.15225054742e-06, 1.2430523384e-06, 1.25024178033e-06, 1.03698948806e-06, 7.446598147e-07, 7.09498351625e-07, 7.28066254396e-07, 6.79480535837e-07, 4.88433386181e-07, 4.09137044244e-07, 3.11020130539e-07, 2.23578823011e-07, 1.79730903938e-07, 1.01464117108e-07, 4.91223701715e-08, 1.84813799819e-08, 1.89923979321e-10, 1.10227715844e-10, 1.0361302788e-10, 8.04388916587e-11, 4.50088993853e-11, 2.69162331312e-11, 1.59289473972e-11, 1.55384732858e-11, 1.50886456107e-11, 1.48209725742e-11, 1.47205077988e-11],
        "min": [4.2473065065e-09, 3.60197560667e-08, 2.8990800871e-08, 2.13544609551e-07, 9.25564407339e-08, 1.641184042e-07, 9.74844951429e-08, 9.14137388008e-08, 9.55564019023e-08, 1.21149042798e-07, 3.67683270497e-08, 6.57746710431e-08, 2.69668788633e-07, 1.58980597575e-07, 7.50510622538e-08, 2.44666154003e-08, 8.5784982673e-08, 3.28577520747e-08, 6.48046381002e-08, 5.1404395407e-08, 5.92094231422e-08, 6.22554523488e-08, 1.74315601953e-07, 1.24635434418e-07, 1.84883589327e-07, 1.14292291187e-07, 7.16763821629e-08, 1.50831610313e-07, 2.30609856544e-07, 1.54233475769e-07, 6.97326498766e-08, 1.35994042694e-07, 2.60894470472e-08, 2.18196305468e-07, 9.94765514406e-08, 1.11122957946e-07, 2.61258144008e-08, 1.69620051338e-07, 7.35660137252e-08, 4.26925019781e-08, 1.02781783085e-07, 1.85544791975e-07, 5.23438288269e-08, 1.0459722688e-07, 1.74959367882e-07, 3.77296231591e-07, 2.72834824955e-07, 1.16466317479e-07, 8.28814208376e-08, 1.90316299609e-07, 1.08903698504e-07, 2.54326891991e-07, 1.58570074404e-07, 2.14039332036e-07, 1.96353468596e-07, 1.60669571869e-07, 1.01673094832e-07, 9.71823013174e-08, 7.45667989577e-08, 9.59674011369e-08, 1.04495363473e-07, 6.94893955711e-08, 2.76541261002e-08, 3.90834813402e-08, 6.37500292555e-08, 4.51565718151e-08, 3.46373774107e-08, 1.40324356579e-08, 1.91071105604e-08, 4.01309385722e-09, 9.23223986149e-09, 1.28492514406e-08, 6.36705843604e-09, 6.86542467321e-09, 4.00223409969e-09, 4.48414017029e-09, 4.99047114744e-09, 9.79104575194e-10, 6.72980948746e-10, 5.34575661515e-10, 1.57369062226e-09, 2.74415629109e-10, 1.00664743208e-09, 1.71138980765e-09, 2.78260547937e-09, 2.47297315958e-09, 1.77587733408e-09, 3.9153511544e-09, 2.78910405882e-09, 5.29841170938e-10, 1.02016450843e-09, 1.11472209241e-09, 1.54034163202e-09, 5.12963872767e-11, 9.36541330598e-11, 3.86697368571e-10, 2.66180522068e-10, 2.0184134919e-10, 5.4708456515e-11, 2.54502280361e-10, 6.41205283314e-11, 2.15950803246e-12, 4.87392721668e-12, 7.05644570553e-11, 1.0512105509e-12, 2.30920274222e-12, 2.65746192413e-12, 1.01161993279e-12, 7.70880917694e-13, 5.03445755137e-13, 3.38695380336e-13, 1.25728447835e-13, 2.78861379517e-13, 2.21975419274e-13, 2.73112912494e-13, 3.28392776297e-13, 3.01690963878e-13, 2.684098061e-13, 2.17411754832e-13, 2.75088274642e-13, 2.44836431944e-13, 2.6200940831e-13, 2.76163613462e-13, 3.30360034034e-13, 2.19936929454e-13, 7.23962244862e-14, 1.05005666502e-14, 4.16319499372e-16],
        "stdev": [0.000339967111358, 0.00222399202175, 0.00860121008009, 0.0110997520387, 0.00852586049587, 0.00555726140738, 0.00315915630199, 0.00208958005533, 0.00147486501373, 0.000852353987284, 0.000696558621712, 0.000679318618495, 0.00064735574415, 0.000732048531063, 0.000650795234833, 0.000421063188696, 0.000341649079928, 0.000726730679162, 0.000493528903462, 0.000330117909471, 0.000339141348377, 0.000265236303676, 0.0001620445546, 0.000170055573108, 0.000221299327677, 0.000382304191589, 0.000458039634395, 0.000288742972771, 0.000443754397565, 0.000538684253115, 0.000261359033175, 0.000229879253311, 0.0002042214619, 0.000200053516892, 0.000268225470791, 0.000241529516643, 0.000219001696678, 0.000183672236744, 0.000135152382427, 8.26188261271e-05, 0.000124450991279, 0.00023522596166, 0.000196561901248, 8.40095963213e-05, 0.000244098700932, 0.000379064731533, 0.000351822236553, 0.000219773166464, 0.000237838161411, 0.000323063053656, 0.000229796540225, 0.000280832289718, 0.000165135614225, 0.000117887320812, 0.000112930596515, 0.000220422327402, 0.000131046734168, 0.00011640478624, 0.000124032550957, 3.2149371691e-05, 3.24550346704e-05, 3.46576889569e-05, 2.31836074818e-05, 1.86664492503e-05, 1.80464121513e-05, 1.97253739316e-05, 1.04088348962e-05, 9.65318577073e-06, 8.27159328765e-06, 1.24545003928e-05, 7.20215211913e-06, 9.31550221139e-06, 6.90758542987e-06, 5.03028559251e-06, 5.35047820449e-06, 4.80916469314e-06, 4.77965795653e-06, 5.03931096318e-06, 5.86918258705e-06, 3.99990040023e-06, 3.8622779357e-06, 4.41162910647e-06, 3.15885449709e-06, 2.80220933746e-06, 2.40135477725e-06, 2.24162840823e-06, 2.213021844e-06, 2.02276169148e-06, 2.24367204282e-06, 2.504306849e-06, 2.42753208113e-06, 2.57342139776e-06, 2.57438568951e-06, 3.07520576825e-06, 2.84278394247e-06, 2.85118039756e-06, 3.72184990738e-06, 3.34685205416e-06, 3.56434588866e-06, 3.16752766594e-06, 3.47417380908e-06, 3.3304615954e-06, 3.24078587255e-06, 4.40203484686e-06, 3.87649242839e-06, 2.29858346756e-06, 2.23362917495e-06, 1.90719697457e-06, 1.7761633444e-06, 1.40422594086e-06, 1.75405455138e-06, 1.32219497573e-06, 1.45258172779e-06, 1.09947291094e-06, 6.96923564192e-07, 4.4633111429e-07, 2.92671870739e-07, 2.55235943492e-09, 1.81605341876e-09, 1.70968994517e-09, 1.31042843243e-09, 7.41192551779e-10, 4.69605299092e-10, 2.54075205319e-10, 2.50145348879e-10, 2.47195264258e-10, 2.45105657992e-10, 2.43808639944e-10]
    },
    "mfcc": {
        "mean": [-660.214904785, 117.25983429, -10.8768806458, 13.0137987137, 27.7965049744, 5.4572892189, 1.62153422832, 6.73089551926, 3.64801883698, 2.47536802292, -8.08398151398, -3.95266222954, -3.24833917618],
        "cov": [[3783.09130859, -211.699981689, 527.978942871, 239.616378784, 194.253189087, 66.8796463013, 191.216201782, 21.6691036224, -7.93926286697, 54.1616897583, 72.4317550659, 102.227218628, 77.5141296387], [-211.699981689, 862.606994629, -75.1239700317, 174.726318359, 85.161277771, -1.82975065708, 4.53672552109, 13.7907590866, -25.7245807648, 23.0618419647, -75.3223571777, -44.5238876343, -59.9847335815], [527.978942871, -75.1239700317, 758.487854004, 115.906974792, 164.116333008, 48.3382263184, 11.073682785, -20.0758552551, -20.045589447, -37.6740226746, 22.9822654724, 8.63967323303, 6.21177053452], [239.616378784, 174.726318359, 115.906974792, 373.475891113, 199.962188721, 80.7236099243, 33.5059776306, 23.3554401398, 9.5768404007, 8.00098800659, -2.01619553566, 32.5107040405, 2.61552977562], [194.253189087, 85.161277771, 164.116333008, 199.962188721, 335.789367676, 87.7119445801, 36.9299888611, 31.7127285004, 38.5428085327, 45.2933273315, 5.90848684311, 29.1521434784, 28.9176330566], [66.8796463013, -1.82975065708, 48.3382263184, 80.7236099243, 87.7119445801, 434.373626709, 174.918701172, 99.933380127, 99.6571884155, 69.462677002, 43.6638298035, -13.5376491547, 13.5295534134], [191.216201782, 4.53672552109, 11.073682785, 33.5059776306, 36.9299888611, 174.918701172, 194.159484863, 70.1483154297, 48.6790008545, 68.8350372314, 29.2255249023, 7.61510181427, 23.1006145477], [21.6691036224, 13.7907590866, -20.0758552551, 23.3554401398, 31.7127285004, 99.933380127, 70.1483154297, 163.152359009, 93.8900985718, 31.2519721985, 40.5014228821, 38.481388092, 19.5068454742], [-7.93926286697, -25.7245807648, -20.045589447, 9.5768404007, 38.5428085327, 99.6571884155, 48.6790008545, 93.8900985718, 143.769805908, 48.62890625, 40.7049751282, 29.2134685516, 24.782743454], [54.1616897583, 23.0618419647, -37.6740226746, 8.00098800659, 45.2933273315, 69.462677002, 68.8350372314, 31.2519721985, 48.62890625, 112.599098206, 27.6110076904, 12.3712263107, 22.7015094757], [72.4317550659, -75.3223571777, 22.9822654724, -2.01619553566, 5.90848684311, 43.6638298035, 29.2255249023, 40.5014228821, 40.7049751282, 27.6110076904, 103.859016418, 52.4569702148, 29.5375919342], [102.227218628, -44.5238876343, 8.63967323303, 32.5107040405, 29.1521434784, -13.5376491547, 7.61510181427, 38.481388092, 29.2134685516, 12.3712263107, 52.4569702148, 113.222000122, 48.9567565918], [77.5141296387, -59.9847335815, 6.21177053452, 2.61552977562, 28.9176330566, 13.5295534134, 23.1006145477, 19.5068454742, 24.782743454, 22.7015094757, 29.5375919342, 48.9567565918, 96.0868377686]],
        "icov": [[0.000334233685862, 9.82425844995e-05, -0.000200260576094, -0.000191076396732, 1.59328246809e-05, 0.000153211425641, -0.000417023955379, 3.57470598829e-05, 0.000105609360617, -0.000108854088467, -3.5306331938e-06, -0.00015775882639, -4.35746951553e-05], [9.82425844995e-05, 0.00154705089517, 0.000137804454425, -0.00081171747297, -7.58308160584e-05, 0.000200968439458, -2.50575230893e-05, -0.000591246178374, 0.000474401342217, -0.000754855864216, 0.000855494174175, 0.000257107691141, 0.000682303041685], [-0.000200260576094, 0.000137804454425, 0.00177894101944, -1.54779827426e-05, -0.000961180659942, -0.000162537355209, -5.52372148377e-05, 0.00030935331597, 0.000177517751581, 0.00113448069897, -0.000713867950253, 0.000334800803103, 0.000130676708068], [-0.000191076396732, -0.00081171747297, -1.54779827426e-05, 0.00476052705199, -0.00245197908953, -0.000719977659173, -0.000148267543409, 0.000225128140301, 0.000322473060805, 0.00121000013314, 0.000220112269744, -0.00168375798967, 0.000769245787524], [1.59328246809e-05, -7.58308160584e-05, -0.000961180659942, -0.00245197908953, 0.00543617131189, -0.000402963371016, 0.000798677268904, -0.000215325620957, -0.000582661828957, -0.00226536393166, 0.001143141184, -0.000325930595864, -0.00115875131451], [0.000153211425641, 0.000200968439458, -0.000162537355209, -0.000719977659173, -0.000402963371016, 0.004535775166, -0.00344671518542, -0.00046228946303, -0.00169615272898, 0.000247575342655, -0.00116413866635, 0.00209981901571, 0.000104041857412], [-0.000417023955379, -2.50575230893e-05, -5.52372148377e-05, -0.000148267543409, 0.000798677268904, -0.00344671518542, 0.0107737211511, -0.00289848959073, 0.00194225367159, -0.00451251026243, 0.000359924248187, 0.00038792999112, -0.0011715037981], [3.57470598829e-05, -0.000591246178374, 0.00030935331597, 0.000225128140301, -0.000215325620957, -0.00046228946303, -0.00289848959073, 0.0118623003364, -0.00652955472469, 0.0022504539229, -0.00107602821663, -0.0025989394635, 0.000801832124125], [0.000105609360617, 0.000474401342217, 0.000177517751581, 0.000322473060805, -0.000582661828957, -0.00169615272898, 0.00194225367159, -0.00652955472469, 0.0137233827263, -0.00369611382484, -0.0010462856153, -0.000321159808664, -0.000717500690371], [-0.000108854088467, -0.000754855864216, 0.00113448069897, 0.00121000013314, -0.00226536393166, 0.000247575342655, -0.00451251026243, 0.0022504539229, -0.00369611382484, 0.0147162806243, -0.00272936210968, 0.000664429215249, -0.00123787601478], [-3.5306331938e-06, 0.000855494174175, -0.000713867950253, 0.000220112269744, 0.001143141184, -0.00116413866635, 0.000359924248187, -0.00107602821663, -0.0010462856153, -0.00272936210968, 0.0155232837424, -0.00634338753298, -9.6376905276e-05], [-0.00015775882639, 0.000257107691141, 0.000334800803103, -0.00168375798967, -0.000325930595864, 0.00209981901571, 0.00038792999112, -0.0025989394635, -0.000321159808664, 0.000664429215249, -0.00634338753298, 0.0161945242435, -0.00582661340013], [-4.35746951553e-05, 0.000682303041685, 0.000130676708068, 0.000769245787524, -0.00115875131451, 0.000104041857412, -0.0011715037981, 0.000801832124125, -0.000717500690371, -0.00123787601478, -9.6376905276e-05, -0.00582661340013, 0.0147677436471]]
    },
    "spectral_contrast_coeffs": {
        "max": [-0.470366001129, -0.479021131992, -0.521996736526, -0.514229059219, -0.567664206028, -0.667908608913],
        "mean": [-0.723123073578, -0.778278291225, -0.768863141537, -0.784175395966, -0.776676654816, -0.777327716351],
        "min": [-0.932525634766, -0.941055953503, -0.904561758041, -0.893065214157, -0.884051442146, -0.871404111385],
        "stdev": [0.0751467868686, 0.0810210257769, 0.0797771885991, 0.0673135071993, 0.0526912473142, 0.0321470163763]
    },
    "spectral_contrast_valleys": {
        "max": [-4.37237262726, -4.62096214294, -5.33096027374, -5.4224524498, -5.83008241653, -7.8205780983],
        "mean": [-6.79018211365, -7.20282173157, -7.44277715683, -7.31864213943, -7.84819793701, -10.5459089279],
        "min": [-9.91842842102, -9.04633331299, -9.23961448669, -8.7606048584, -9.56123638153, -13.2805137634],
        "stdev": [1.02360594273, 0.676912367344, 0.593584299088, 0.516111969948, 0.625449955463, 1.03273844719]
    }
},
"rhythm": {
    "beats_count": 63,
    "beats_loudness": {
        "max": 0.17798410356,
        "mean": 0.102223455906,
        "min": 0.0584001205862,
        "stdev": 0.0293995048851
    },
    "bpm": 116.942321777,
    "bpm_histogram_first_peak_bpm": 117,
    "bpm_histogram_first_peak_weight": 0.229508161545,
    "bpm_histogram_second_peak_bpm": 112,
    "bpm_histogram_second_peak_spread": 0,
    "bpm_histogram_second_peak_weight": 0.0161290317774,
    "danceability": 1.69203472137,
    "onset_rate": 3.56835913658,
    "beats_loudness_band_ratio": {
        "max": [0.986627161503, 0.361042708158, 0.140503942966, 0.208579331636, 0.175865530968, 0.0890675932169],
        "mean": [0.826255083084, 0.0362856835127, 0.0286293718964, 0.0417058430612, 0.0591501407325, 0.0210329219699],
        "min": [0.287662863731, 0.00112336408347, 0.000769495207351, 0.00101827457547, 0.0013436996378, 0.00155333743896],
        "stdev": [0.114661283791, 0.0491624549031, 0.0359401404858, 0.0413378812373, 0.0458871386945, 0.0183166544884]
    },
    "beats_position": [0.53405892849, 1.06811785698, 1.59056687355, 2.11301589012, 2.62385487556, 3.13469386101, 3.64553284645, 4.15637159348, 4.66721057892, 5.17804956436, 5.70049858093, 6.2229475975, 6.73378658295, 7.24462556839, 7.75546455383, 8.26630401611, 8.77714252472, 9.287981987, 9.79882049561, 10.3096599579, 10.8204984665, 11.3429479599, 11.8537864685, 12.3762359619, 12.8870744705, 13.3979139328, 13.9087524414, 14.4195919037, 14.9304304123, 15.4412698746, 15.9521083832, 16.4629478455, 16.9853973389, 17.5078449249, 18.0186843872, 18.5295238495, 19.0403633118, 19.5512008667, 20.062040329, 20.5728797913, 21.0721092224, 21.5945568085, 22.1053962708, 22.616235733, 23.1270751953, 23.6379127502, 24.1487522125, 24.6712017059, 25.1936511993, 25.7044887543, 26.2153282166, 26.7261676788, 27.2370071411, 27.747844696, 28.2586841583, 28.7695236206, 29.2803630829, 29.7912006378, 30.3020401001, 30.8244895935, 31.3469390869, 31.8577766418, 32.3686180115],
