{
"metadata": {
    "version": {
        "essentia": "2.1-beta5",
        "essentia_git_sha": "Undefined",
        "extractor": "music 2.0"
    },
    "audio_properties": {
        "analysis": {
            "equal_loudness": 0,
            "length": 34.3190917969,
            "sample_rate": 44100,
            "start_time": 158.987030029,
            "downmix": "mix"
        },
        "bit_rate": 192000,
        "length": 193.329360962,
        "lossless": 0,
        "number_channels": 2,
        "replay_gain": -2.57312583923,
        "sample_rate": 48000,
        "codec": "mp3",
        "md5_encoded": "d235d5328da1945f0ac0f1f9026a6642"
    },
    "tags": {
        "file_name": "Finland_Sing It Away_Sandhja.mp3",
        "encoding": ["Lavf58.29.100"]
    }
},
"lowlevel": {
    "average_loudness": 0.953948557377,
    "barkbands_crest": {
        "max": 21.3549900055,
        "mean": 8.95562458038,
        "min": 2.69380474091,
        "stdev": 3.64573287964
    },
    "barkbands_flatness_db": {
        "max": 0.305263787508,
        "mean": 0.132789924741,
        "min": 0.0358016341925,
        "stdev": 0.0466761291027
    },
    "barkbands_kurtosis": {
        "max": 26.8336410522,
        "mean": 1.56021785736,
        "min": -1.79433393478,
        "stdev": 2.50884962082
    },
    "barkbands_skewness": {
        "max": 4.79940223694,
        "mean": 0.873334109783,
        "min": -1.68095302582,
        "stdev": 0.781357109547
    },
    "barkbands_spread": {
        "max": 97.5872497559,
        "mean": 21.4170188904,
        "min": 2.61671757698,
        "stdev": 11.5062971115
    },
    "dissonance": {
        "max": 0.5,
        "mean": 0.474190920591,
        "min": 0.358957529068,
        "stdev": 0.0206255260855
    },
    "dynamic_complexity": 1.38173615932,
    "erbbands_crest": {
        "max": 28.64777565,
        "mean": 9.90073299408,
        "min": 3.00344729424,
        "stdev": 4.33798217773
    },
    "erbbands_flatness_db": {
        "max": 0.378633409739,
        "mean": 0.182334437966,
        "min": 0.074163004756,
        "stdev": 0.0654118955135
    },
    "erbbands_kurtosis": {
        "max": 21.7738628387,
        "mean": 1.53523135185,
        "min": -1.4378875494,
        "stdev": 2.06890726089
    },
    "erbbands_skewness": {
        "max": 3.99572563171,
        "mean": 0.577054738998,
        "min": -1.4223126173,
        "stdev": 0.638036191463
    },
    "erbbands_spread": {
        "max": 101.500595093,
        "mean": 24.4057636261,
        "min": 3.69171476364,
        "stdev": 13.8452663422
    },
    "hfc": {
        "max": 176.319671631,
        "mean": 34.1835784912,
        "min": 0.462927669287,
        "stdev": 18.4291667938
    },
    "loudness_ebu128": {
        "integrated": -19.0422325134,
        "loudness_range": 2.71730613708,
        "momentary": {
            "max": -16.4285507202,
            "mean": -19.2008666992,
            "min": -22.5893573761,
            "stdev": 1.19690072536
        },
        "short_term": {
            "max": -17.5541477203,
            "mean": -19.0574226379,
            "min": -20.9257564545,
            "stdev": 0.805695772171
        }
    },
    "melbands_crest": {
        "max": 33.6422843933,
        "mean": 12.8902416229,
        "min": 2.92192673683,
        "stdev": 5.46917438507
    },
    "melbands_flatness_db": {
        "max": 0.320434659719,
        "mean": 0.166908830404,
        "min": 0.0626565292478,
        "stdev": 0.0377329848707
    },
    "melbands_kurtosis": {
        "max": 96.5121612549,
        "mean": 4.67749500275,
        "min": -1.39656555653,
        "stdev": 6.91085624695
    },
    "melbands_skewness": {
        "max": 8.20994758606,
        "mean": 1.44879698753,
        "min": -1.57368433475,
        "stdev": 1.14334332943
    },
    "melbands_spread": {
        "max": 82.7952423096,
        "mean": 25.981595993,
        "min": 3.80025410652,
        "stdev": 12.011220932
    },
    "pitch_salience": {
        "max": 0.876130521297,
        "mean": 0.576856791973,
        "min": 0.158514842391,
        "stdev": 0.108206264675
    },
    "silence_rate_20dB": {
        "max": 1,
        "mean": 1,
        "min": 1,
        "stdev": 0
    },
    "silence_rate_30dB": {
        "max": 1,
        "mean": 0.958755910397,
        "min": 0,
        "stdev": 0.198854833841
    },
    "silence_rate_60dB": {
        "max": 0,
        "mean": 0,
        "min": 0,
        "stdev": 0
    },
    "spectral_centroid": {
        "max": 2635.96606445,
        "mean": 1409.56884766,
        "min": 444.44354248,
        "stdev": 315.81854248
    },
    "spectral_complexity": {
        "max": 46,
        "mean": 26.3333339691,
        "min": 0,
        "stdev": 6.25610923767
    },
    "spectral_decrease": {
        "max": -7.10737579901e-11,
        "mean": -9.21918807961e-09,
        "min": -5.56124213347e-08,
        "stdev": 6.77535672011e-09
    },
    "spectral_energy": {
        "max": 0.215496599674,
        "mean": 0.0378959029913,
        "min": 0.000310237141093,
        "stdev": 0.0266601685435
    },
    "spectral_energyband_high": {
        "max": 0.012384692207,
        "mean": 0.000975035887677,
        "min": 1.53036544361e-05,
        "stdev": 0.00125305296388
    },
    "spectral_energyband_low": {
        "max": 0.183423355222,
        "mean": 0.0131143992767,
        "min": 3.09015035782e-08,
        "stdev": 0.0221640616655
    },
    "spectral_energyband_middle_high": {
        "max": 0.0553622767329,
        "mean": 0.014216542244,
        "min": 0.000268553005299,
        "stdev": 0.00849389564246
    },
    "spectral_energyband_middle_low": {
        "max": 0.0671227574348,
        "mean": 0.0113315582275,
        "min": 2.51836445386e-05,
        "stdev": 0.00796710513532
    },
    "spectral_entropy": {
        "max": 8.65421962738,
        "mean": 7.71255302429,
        "min": 6.78528261185,
        "stdev": 0.262020260096
    },
    "spectral_flux": {
        "max": 0.432237863541,
        "mean": 0.117129310966,
        "min": 0.0372842662036,
        "stdev": 0.0523308366537
    },
    "spectral_kurtosis": {
        "max": 12.3883342743,
        "mean": 5.25157499313,
        "min": -0.814910650253,
        "stdev": 2.2462284565
    },
    "spectral_rms": {
        "max": 0.0144996754825,
        "mean": 0.0058046146296,
        "min": 0.000550154887605,
        "stdev": 0.00181055103894
    },
    "spectral_rolloff": {
        "max": 12101.6601562,
        "mean": 1578.52026367,
        "min": 64.599609375,
        "stdev": 853.324890137
    },
    "spectral_skewness": {
        "max": 2.62923455238,
        "mean": 1.84482181072,
        "min": 0.656212806702,
        "stdev": 0.294785827398
    },
    "spectral_spread": {
        "max": 15150830,
        "mean": 4512168.5,
        "min": 2267920.75,
        "stdev": 1580901.625
    },
    "spectral_strongpeak": {
        "max": 11.6968421936,
        "mean": 1.50866019726,
        "min": 0.0357476472855,
        "stdev": 1.55487775803
    },
    "zerocrossingrate": {
        "max": 0.2744140625,
        "mean": 0.0675904750824,
        "min": 0.021484375,
        "stdev": 0.0218145474792
    },
    "barkbands": {
        "max": [0.0274058133364, 0.125089913607, 0.134638503194, 0.0332967340946, 0.0180874373764, 0.0181642137468, 0.0352780558169, 0.0324329845607, 0.0268939100206, 0.022492133081, 0.043707638979, 0.0346640944481, 0.0279146973044, 0.0316904485226, 0.0191292222589, 0.0184688214213, 0.0121914073825, 0.00484274327755, 0.00260248733684, 0.0019357878482, 0.00185469235294, 0.0023499361705, 0.00171331642196, 0.00189016375225, 0.00586576014757, 0.00660604098812, 3.19050718645e-06],
        "mean": [0.000648537883535, 0.00625025248155, 0.00501121068373, 0.0017410380533, 0.0014665419003, 0.00107620458584, 0.00175759021658, 0.00175732106436, 0.00241827685386, 0.00260623078793, 0.00303056510165, 0.0024972348474, 0.0015263723908, 0.00149017432705, 0.0012997079175, 0.000867906666826, 0.000608048518188, 0.000499683490489, 0.000286103633698, 0.000170259896549, 0.000144154182635, 0.000117594630865, 0.000149858664372, 0.000149352083099, 0.000203426883672, 0.000122254670714, 2.1383680604e-08],
        "min": [1.03974573396e-09, 4.26399360265e-09, 3.1412124013e-09, 2.18382130157e-08, 2.37771658362e-07, 1.17915237752e-06, 3.23290805682e-06, 5.24594452145e-06, 1.10198106995e-05, 8.86989437276e-06, 2.94468391075e-05, 3.78674740205e-05, 2.09089121199e-05, 2.34489634749e-05, 3.39857137988e-06, 1.10730697997e-05, 6.47017623123e-06, 9.69173834164e-06, 2.66465599452e-06, 1.68793928879e-06, 3.70786779058e-06, 3.0312276067e-06, 3.29415706801e-06, 1.96562405108e-06, 2.4534196541e-07, 8.27571611239e-08, 9.02204283504e-11],
        "stdev": [0.00149342103396, 0.0108220158145, 0.0135897388682, 0.00334101775661, 0.00183021556586, 0.00174046319444, 0.00300740916282, 0.00274689728394, 0.00334390951321, 0.00284585915506, 0.00452168425545, 0.00361518934369, 0.00203278381377, 0.00212351698428, 0.00144255871419, 0.00140464142896, 0.000860134779941, 0.000537598738447, 0.000257088133367, 0.000167823993252, 0.000180332819582, 0.000146793754539, 0.000190002290765, 0.000202336188522, 0.000427610881161, 0.000342021870892, 1.91273073824e-07]
    },
    "erbbands": {
        "max": [3.48209118843, 29.8789482117, 115.370475769, 182.896270752, 90.1248245239, 49.5947303772, 110.934967041, 206.467437744, 470.173675537, 493.443878174, 701.582763672, 675.448547363, 872.515380859, 1166.29650879, 1338.9296875, 1408.21020508, 1270.26794434, 995.635009766, 924.998840332, 1135.2833252, 998.696716309, 660.548950195, 278.368499756, 313.04196167, 114.15813446, 74.0740661621, 68.5074615479, 62.8533248901, 66.5227050781, 68.5855712891, 56.9605445862, 31.5061779022, 34.6073722839, 54.4331665039, 45.4479408264, 44.9157333374, 6.21834278107, 0.187495201826, 0.00497810915112, 0.000535457627848],
        "mean": [0.235547289252, 1.21866154671, 4.78954553604, 7.09658813477, 5.0451426506, 4.46232843399, 5.58392572403, 9.10401725769, 21.2383174896, 31.706111908, 41.112071991, 54.01720047, 85.670501709, 99.527671814, 122.675987244, 88.8818893433, 71.5457458496, 79.6801071167, 68.0701293945, 60.2760162354, 48.2527961731, 30.6442089081, 30.0772171021, 19.8057460785, 10.757815361, 7.86005449295, 6.74574136734, 4.90825510025, 4.0861697197, 4.25396060944, 4.36899375916, 3.16975998878, 2.53423118591, 2.12004327774, 1.54754316807, 0.952063918114, 0.0985726118088, 0.0032648127526, 0.00013485251111, 5.68655632378e-05],
        "min": [2.60170594402e-07, 2.27866348723e-06, 1.11805566121e-05, 5.31218720425e-05, 0.000390202796552, 0.00139273819514, 0.00451980298385, 0.0164023712277, 0.0332912653685, 0.0871574506164, 0.123114682734, 0.233649253845, 0.255040496588, 1.00855696201, 2.71578788757, 2.33437466621, 1.15221726894, 1.18898558617, 0.567079544067, 0.395896822214, 0.418820112944, 0.42630559206, 0.52937656641, 0.330143272877, 0.0456729121506, 0.0882583558559, 0.199015617371, 0.136139273643, 0.0989607125521, 0.0776090845466, 0.10602838546, 0.0741140395403, 0.00789774768054, 0.00379524123855, 0.00132652756292, 0.00108319381252, 0.000150004707393, 5.39796110388e-06, 6.34329410332e-07, 4.52657531014e-07],
        "stdev": [0.460651278496, 2.29834198952, 12.6330022812, 15.619178772, 7.5527677536, 5.73821926117, 7.50364017487, 16.7019958496, 44.8667068481, 48.0173530579, 57.3879356384, 75.6012115479, 99.5734481812, 126.681678772, 169.932250977, 112.987586975, 89.80519104, 83.4906234741, 72.8665237427, 67.6899719238, 74.3864517212, 36.9157142639, 33.9844856262, 19.0432510376, 10.1136188507, 7.50357818604, 8.0681180954, 5.87043714523, 4.86827373505, 5.49883508682, 5.58926868439, 4.09187984467, 3.73551940918, 4.11936426163, 3.55906295776, 2.5719897747, 0.261999547482, 0.0111413737759, 0.000303907407215, 4.73542531836e-05]
    },
    "gfcc": {
        "mean": [34.2447509766, 72.8706817627, -149.815292358, 9.87741661072, -62.2926826477, 34.7385292053, -40.2376289368, 22.5066928864, -25.0201892853, 3.93282628059, -18.4145965576, -1.16171002388, -11.6714487076],
        "cov": [[2844.01342773, 734.896972656, 2020.78405762, 1002.39758301, 600.867980957, 240.109466553, -192.791778564, 76.3159255981, -259.931152344, 249.00328064, -88.9278411865, 134.536941528, -137.538909912], [734.896972656, 1019.87792969, 879.35949707, 532.720153809, 402.076538086, 57.419090271, -24.9699001312, -1.61536121368, -49.2812232971, 33.0404052734, 56.308303833, 26.1040554047, 2.72287797928], [2020.78405762, 879.35949707, 2081.94677734, 994.506347656, 566.93572998, 205.037994385, -219.586730957, 31.3000221252, -210.285247803, 246.785369873, -4.00374794006, 182.356033325, -103.876312256], [1002.39758301, 532.720153809, 994.506347656, 609.773498535, 345.197662354, 117.181854248, -62.9480667114, 33.7847251892, -68.5734176636, 116.62223053, 27.1722927094, 98.7000274658, -14.3691244125], [600.867980957, 402.076538086, 566.93572998, 345.197662354, 311.619110107, 90.5039825439, -24.5687656403, 28.439043045, -43.8714866638, 53.5885047913, 6.90880298615, 57.0252494812, -3.49399781227], [240.109466553, 57.419090271, 205.037994385, 117.181854248, 90.5039825439, 159.790756226, 65.2298278809, 4.57303857803, -14.5754499435, 27.796579361, -1.00178337097, 15.2246541977, 5.40813398361], [-192.791778564, -24.9699001312, -219.586730957, -62.9480667114, -24.5687656403, 65.2298278809, 171.687133789, 40.5839805603, 51.2924156189, -25.7052230835, 18.9749641418, -15.9370613098, 32.1217422485], [76.3159255981, -1.61536121368, 31.3000221252, 33.7847251892, 28.439043045, 4.57303857803, 40.5839805603, 105.226890564, 43.7178421021, 17.8749465942, 11.1016130447, 16.4055328369, 18.3543586731], [-259.931152344, -49.2812232971, -210.285247803, -68.5734176636, -43.8714866638, -14.5754499435, 51.2924156189, 43.7178421021, 113.103775024, 8.65722179413, 31.9822349548, 4.28784227371, 39.018863678], [249.00328064, 33.0404052734, 246.785369873, 116.62223053, 53.5885047913, 27.796579361, -25.7052230835, 17.8749465942, 8.65722179413, 100.830543518, 29.8537769318, 49.7352142334, -8.74035549164], [-88.9278411865, 56.308303833, -4.00374794006, 27.1722927094, 6.90880298615, -1.00178337097, 18.9749641418, 11.1016130447, 31.9822349548, 29.8537769318, 89.4002532959, 42.5042877197, 25.4711532593], [134.536941528, 26.1040554047, 182.356033325, 98.7000274658, 57.0252494812, 15.2246541977, -15.9370613098, 16.4055328369, 4.28784227371, 49.7352142334, 42.5042877197, 106.324432373, 25.9801597595], [-137.538909912, 2.72287797928, -103.876312256, -14.3691244125, -3.49399781227, 5.40813398361, 32.1217422485, 18.3543586731, 39.018863678, -8.74035549164, 25.4711532593, 25.9801597595, 76.3790512085]],
        "icov": [[0.0016287836479, -5.20428257005e-05, -0.000441639858764, -0.00111467763782, -0.000193631101865, -0.000505415780935, 0.000212969724089, -0.00153704336844, 0.0020021465607, -0.0017520908732, 0.00179719307926, 6.65067273076e-05, 0.000585991307162], [-5.20428257005e-05, 0.00606342079118, -0.00435682013631, 0.000996680231765, -0.00631395587698, 0.00624226173386, -0.00486561562866, 0.00542919943109, -0.00424992898479, 0.00550856906921, -0.00605062302202, 0.00693745072931, -0.00357741699554], [-0.000441639858764, -0.00435682013631, 0.007946963422, -0.00596685102209, 0.00461773248389, -0.0065185832791, 0.00637879781425, -0.00537364371121, 0.00587197253481, -0.00630920473486, 0.00512393144891, -0.00682956073433, 0.0052195051685], [-0.00111467763782, 0.000996680231765, -0.00596685102209, 0.0132498359308, -0.00583763280883, 0.00281239044853, -0.00327682448551, 0.00325236585923, -0.00434910552576, 0.00265680416487, -0.00461511965841, 0.00268338969909, -0.0043826084584], [-0.000193631101865, -0.00631395587698, 0.00461773248389, -0.00583763280883, 0.0160156097263, -0.00867939181626, 0.00590457301587, -0.00701661640778, 0.00450300890952, -0.00333411176689, 0.00640582572669, -0.00813705287874, 0.00355810066685], [-0.000505415780935, 0.00624226173386, -0.0065185832791, 0.00281239044853, -0.00867939181626, 0.0200397986919, -0.014084587805, 0.0100195519626, -0.00412573060021, 0.00270436774008, -0.00429890165105, 0.00805115140975, -0.00665711890906], [0.000212969724089, -0.00486561562866, 0.00637879781425, -0.00327682448551, 0.00590457301587, -0.014084587805, 0.0184458997101, -0.010133722797, 0.0025750992354, -0.00152169214562, 0.00210011517629, -0.00502322055399, 0.00407939823344], [-0.00153704336844, 0.00542919943109, -0.00537364371121, 0.00325236585923, -0.00701661640778, 0.0100195519626, -0.010133722797, 0.0211231335998, -0.0116470968351, 0.0052516986616, -0.00471910228953, 0.00554528040811, -0.00526383752003], [0.0020021465607, -0.00424992898479, 0.00587197253481, -0.00434910552576, 0.00450300890952, -0.00412573060021, 0.0025750992354, -0.0116470968351, 0.0248232632875, -0.0133099379018, 0.00429182080552, -0.00332173984498, -0.00136702379677], [-0.0017520908732, 0.00550856906921, -0.00630920473486, 0.00265680416487, -0.00333411176689, 0.00270436774008, -0.00152169214562, 0.0052516986616, -0.0133099379018, 0.0287888757885, -0.0121374372393, 0.00117573770694, 0.00134335807525], [0.00179719307926, -0.00605062302202, 0.00512393144891, -0.00461511965841, 0.00640582572669, -0.00429890165105, 0.00210011517629, -0.00471910228953, 0.00429182080552, -0.0121374372393, 0.0257532447577, -0.0124638862908, 0.00247041671537], [6.65067273076e-05, 0.00693745072931, -0.00682956073433, 0.00268338969909, -0.00813705287874, 0.00805115140975, -0.00502322055399, 0.00554528040811, -0.00332173984498, 0.00117573770694, -0.0124638862908, 0.0259174630046, -0.011901111342], [0.000585991307162, -0.00357741699554, 0.0052195051685, -0.0043826084584, 0.00355810066685, -0.00665711890906, 0.00407939823344, -0.00526383752003, -0.00136702379677, 0.00134335807525, 0.00247041671537, -0.011901111342, 0.0248092543334]]
    },
    "melbands": {
        "max": [0.0324908606708, 0.0437290854752, 0.0259584151208, 0.00490187900141, 0.0037276095245, 0.0042117391713, 0.00742379762232, 0.00532150780782, 0.00481340428814, 0.0044676028192, 0.0042433720082, 0.00430628843606, 0.00634133303538, 0.00481915101409, 0.00240514730103, 0.00356422690675, 0.00246610562317, 0.00217734370381, 0.00153754360508, 0.00142222770955, 0.000987570267171, 0.000970653200056, 0.000321403756971, 0.00037222559331, 0.000281623622868, 9.05423803488e-05, 0.000100953082438, 5.09743113071e-05, 5.48360294488e-05, 6.29616188235e-05, 3.52543938789e-05, 3.60934827768e-05, 5.31016703462e-05, 2.98086470139e-05, 4.42759956059e-05, 3.17986086884e-05, 2.00924005185e-05, 2.55583527178e-05, 2.99611056107e-05, 6.18450212642e-05],
        "mean": [0.00187474861741, 0.00218217214569, 0.00113844382577, 0.000336442317348, 0.000187323530554, 0.000223516050028, 0.000336544617312, 0.000354719086317, 0.00033576154965, 0.000353949668352, 0.000420945667429, 0.000381785968784, 0.000397207099013, 0.000330624519847, 0.000133955560159, 0.000174637330929, 0.000147760933032, 0.000108469015686, 0.000100288038084, 6.82459285599e-05, 5.41305234947e-05, 3.41710801877e-05, 2.86182366835e-05, 2.18308759941e-05, 1.59275296028e-05, 8.41049950395e-06, 6.21051049166e-06, 5.03871751789e-06, 4.18786157752e-06, 3.88521266359e-06, 2.52544509749e-06, 2.32240449805e-06, 2.23455481319e-06, 2.36760251937e-06, 2.54616702478e-06, 2.30757609643e-06, 1.78377706561e-06, 1.70382998022e-06, 1.8594539597e-06, 1.78126333594e-06],
        "min": [1.89170656917e-09, 3.61214902433e-09, 9.74088010253e-09, 4.91111684653e-08, 1.10562780264e-07, 3.16547613011e-07, 5.5747375427e-07, 1.01851708223e-06, 1.06991728899e-06, 1.52349264226e-06, 1.14768602089e-06, 3.19406854032e-06, 5.47790614291e-06, 6.38124356556e-06, 4.12624558521e-06, 1.69042061771e-06, 2.38233815253e-06, 1.12716384137e-06, 1.66354908515e-07, 9.48083823005e-07, 3.29248223352e-07, 3.912758757e-07, 3.90698403407e-07, 5.95223127675e-07, 2.30570037729e-07, 2.40940973839e-08, 2.26955645388e-08, 6.97226028024e-08, 1.13667454116e-07, 9.65336965919e-08, 9.16601408107e-08, 7.5637679231e-08, 1.21142544884e-08, 5.84001647042e-08, 6.84968881615e-08, 3.82163918289e-08, 2.91305717326e-08, 3.73826836153e-09, 4.24558166401e-09, 2.72737366025e-09],
        "stdev": [0.00338532566093, 0.00500450143591, 0.00235823192634, 0.000439724361058, 0.000244638329605, 0.000427063845564, 0.000632622628473, 0.000535992207006, 0.000456804031273, 0.000505260075442, 0.000500760506839, 0.000485830882099, 0.000545254792087, 0.000479450507555, 0.000199191592401, 0.000246179231908, 0.000181568932021, 0.000148368912051, 0.00012052749662, 0.000101398931292, 9.00330051081e-05, 5.05616008013e-05, 3.35190998157e-05, 2.5381672458e-05, 1.69400427694e-05, 8.54473091749e-06, 6.37330595055e-06, 5.52993014935e-06, 4.97376368003e-06, 5.93987624598e-06, 3.09754545924e-06, 2.80501467387e-06, 3.143591357e-06, 3.10418022309e-06, 3.37249730364e-06, 3.02174021272e-06, 2.42010810325e-06, 2.5235085559e-06, 3.10383325086e-06, 3.86427518606e-06]
    },
    "melbands128": {
        "max": [0.020599083975, 0.035518810153, 0.0530905686319, 0.0481284856796, 0.0500162020326, 0.0726835131645, 0.0439152941108, 0.0112267481163, 0.00956133101135, 0.0056829219684, 0.00295896572061, 0.00425941217691, 0.00417303293943, 0.0031706886366, 0.00421800976619, 0.00818734895438, 0.011787969619, 0.011965491809, 0.00826255697757, 0.00796097144485, 0.00797193311155, 0.0125678889453, 0.00800284091383, 0.00490102078766, 0.00676606968045, 0.00780743779615, 0.00599460769445, 0.00606569182128, 0.00431763380766, 0.00361160375178, 0.00850256998092, 0.00859733857214, 0.0109365480021, 0.00829953048378, 0.0104589248076, 0.00957986805588, 0.00435181055218, 0.00466258497909, 0.00284126447514, 0.00449722306803, 0.00532013783231, 0.00294515467249, 0.00221699639224, 0.0062872460112, 0.0058154957369, 0.00112505268771, 0.00141496909782, 0.00240095844492, 0.00247413665056, 0.00219881720841, 0.00241440301761, 0.00363183696754, 0.0017859514337, 0.00199156627059, 0.00169818405993, 0.00160856440198, 0.000558805884793, 0.000716265989468, 0.000615585769992, 0.000637781166006, 0.000751080398913, 0.000323137326632, 0.000832150573842, 0.000230098667089, 0.000153309505549, 0.000167958278325, 0.000174331857124, 7.69996040617e-05, 0.000219515786739, 0.000100095283415, 5.82003303862e-05, 0.00013145180128, 8.52369121276e-05, 9.91754423012e-05, 7.96020176494e-05, 0.000127438848722, 7.29529856471e-05, 4.77657486044e-05, 4.23849523941e-05, 5.41176050319e-05, 4.94074447488e-05, 3.17205413012e-05, 4.43048957095e-05, 6.79273434798e-05, 7.76094748289e-05, 3.6865571019e-05, 3.65804189641e-05, 3.62421124009e-05, 7.33742999728e-05, 4.77900866827e-05, 5.6034172303e-05, 2.62934336206e-05, 3.08699709421e-05, 2.47642328759e-05, 2.67949326371e-05, 3.64528859791e-05, 3.2667961932e-05, 2.78485749732e-05, 3.85132880183e-05, 4.21499426011e-05, 4.12649533246e-05, 7.23443445168e-05, 0.000112296293082, 9.03401014511e-05, 4.95810199936e-05, 8.40829743538e-05, 9.2535323347e-05, 0.000256056227954, 7.75601147325e-05, 1.94163567357e-05, 3.12404699798e-05, 4.00345634262e-05, 1.88670928765e-05, 6.76607896821e-06, 4.3199661377e-06, 3.78568461201e-06, 1.07597247734e-06, 2.26520757707e-08, 3.43963293403e-08, 2.76663705279e-08, 3.75282471765e-09, 1.23082954939e-09, 1.660036969e-10, 1.65813418551e-10, 1.66387584266e-10, 1.69095237812e-10, 1.69544114859e-10, 1.69903230374e-10],
        "mean": [0.000599697697908, 0.00210944819264, 0.00218276376836, 0.00187203160021, 0.00224344339222, 0.00252977642231, 0.00159850448836, 0.000649271940347, 0.000500470865518, 0.00035542488331, 0.000218487737584, 0.000175403285539, 0.000204454670893, 0.00017000369553, 0.000141278665978, 0.000286155525828, 0.000393439171603, 0.000270827236818, 0.000393290712964, 0.00034951636917, 0.000345537002431, 0.000341849256074, 0.000356709817424, 0.000292235403322, 0.000320762366755, 0.000373951246729, 0.000440016359789, 0.000512786151376, 0.000309405499138, 0.000279193685856, 0.000479319511214, 0.000455171975773, 0.000280013482552, 0.000491531565785, 0.000400529679609, 0.000285747955786, 0.000209554476896, 0.000108077685582, 8.97891950444e-05, 0.000176972112968, 0.000231072612223, 0.000104107049992, 0.000131958935526, 0.00019957520999, 0.000116541385069, 8.42754598125e-05, 0.000104770952021, 0.000115335591545, 9.50930771069e-05, 6.08712653047e-05, 7.01494645909e-05, 7.18594528735e-05, 4.76985769637e-05, 5.01688227814e-05, 5.93413496972e-05, 2.85872411041e-05, 1.58459261002e-05, 2.80385229416e-05, 3.11705152853e-05, 3.62031169061e-05, 1.7697300791e-05, 1.39311314342e-05, 2.21029185923e-05, 1.50305440911e-05, 9.43856866797e-06, 8.03084913059e-06, 8.28232441563e-06, 6.39513382339e-06, 6.13465181232e-06, 5.19129071108e-06, 4.46216199634e-06, 5.79570178161e-06, 4.53449638371e-06, 3.40254018738e-06, 4.03394915338e-06, 5.25223003933e-06, 2.90621505883e-06, 2.66350616585e-06, 2.46497006628e-06, 2.38706115852e-06, 2.54015549217e-06, 2.1598452804e-06, 2.10894177144e-06, 2.17667820834e-06, 2.42645228354e-06, 2.48549986281e-06, 2.23861457016e-06, 2.28981548389e-06, 2.72818670055e-06, 2.58791237684e-06, 2.4696030323e-06, 2.2731937861e-06, 1.97147187464e-06, 1.71598765064e-06, 1.70637883912e-06, 1.72700993062e-06, 1.7153255385e-06, 1.58678267326e-06, 2.14714646063e-06, 1.75949469394e-06, 1.64224240962e-06, 1.91560866369e-06, 1.77337403784e-06, 1.69253030435e-06, 1.62404819548e-06, 1.57290196512e-06, 2.01544276024e-06, 2.9937373256e-06, 1.92891866391e-06, 7.5488156881e-07, 6.07788649631e-07, 4.40646914512e-07, 1.5198992287e-07, 7.44843760003e-08, 1.85698088018e-08, 8.74561578712e-09, 1.52528023545e-09, 4.19260910711e-11, 5.03086947101e-11, 4.6083508537e-11, 1.02281247708e-11, 6.10977457863e-12, 5.06953810528e-12, 4.96462333049e-12, 4.76614277559e-12, 4.47997541841e-12, 4.32036221035e-12, 4.27881254733e-12],
        "min": [5.68426000713e-11, 1.8400228563e-10, 3.44387685036e-10, 1.66792912815e-09, 1.97105332056e-09, 1.90106863585e-09, 6.69296951195e-10, 1.00171444473e-08, 1.02387867074e-08, 1.88883149121e-08, 2.31626113845e-08, 2.53614018675e-08, 1.46621879082e-08, 6.52410676594e-08, 7.59505240921e-08, 4.08842666388e-08, 2.0249501631e-07, 1.33417472625e-07, 7.84418602962e-07, 5.74956857236e-07, 1.22301139527e-06, 8.75179125615e-07, 9.92586251414e-07, 8.85628992364e-07, 4.22688401613e-07, 3.00441399759e-07, 5.21711001511e-07, 9.35296156968e-07, 9.01078010429e-07, 1.1321905049e-06, 1.54816450504e-06, 2.29386046158e-06, 1.44387138334e-06, 9.47750663727e-07, 1.14568240406e-06, 1.69915108472e-06, 8.53606081819e-07, 2.97958621331e-07, 5.03609612679e-07, 8.38022799599e-07, 1.89401089301e-06, 1.21334403502e-06, 1.4199611087e-06, 7.49171533698e-07, 5.16589125255e-07, 6.62385787109e-07, 1.75438245265e-07, 5.49126184524e-08, 1.23652910133e-07, 5.29483884293e-07, 9.17046634186e-07, 6.99461679687e-07, 3.61178678077e-07, 1.44595688312e-07, 1.5643416873e-07, 3.20936607068e-07, 3.85300268135e-07, 2.47763864536e-07, 4.38299167627e-07, 2.27527351626e-07, 2.6882827342e-07, 1.63533627529e-07, 2.86412131345e-07, 1.25151686348e-07, 5.15590450334e-08, 6.78477007909e-09, 2.8452332046e-08, 2.02865706456e-08, 2.61885713115e-08, 1.74536136655e-08, 1.07520436998e-08, 1.14988921496e-07, 4.09910221322e-08, 4.60625884102e-08, 4.40784653222e-08, 7.26626581127e-08, 1.73514056456e-08, 2.11463078159e-08, 1.01640003081e-08, 2.16729869607e-08, 2.91165989097e-08, 4.115434038e-08, 2.87166841417e-08, 3.76520903345e-09, 2.29238206195e-09, 1.10891313909e-08, 2.14571524992e-08, 1.94882954219e-08, 3.90354486512e-08, 1.23289858323e-08, 9.4262571082e-09, 8.52532267004e-09, 2.30731611595e-08, 1.76188486023e-08, 8.80287220895e-09, 3.62963414879e-09, 1.55805712776e-09, 4.7412100912e-09, 4.30834345977e-09, 3.33426974919e-09, 3.34618954767e-09, 1.90999083216e-09, 2.54235610342e-09, 1.34883404446e-09, 1.08899778084e-09, 1.11285058946e-09, 1.35127165013e-09, 1.24146437575e-09, 5.58470436562e-10, 5.7743387849e-10, 1.06281086362e-12, 6.48048238336e-13, 5.05232791367e-13, 3.06349672193e-13, 3.09301575237e-13, 3.23827986995e-13, 3.09258125835e-13, 2.50338893495e-13, 2.73424186938e-13, 2.95313795119e-13, 2.70859479594e-13, 2.78005130852e-13, 2.86479959763e-13, 2.88037063818e-13, 1.75706305517e-13, 7.59992858034e-14, 1.01471734932e-14, 4.55012705557e-16],
        "stdev": [0.00135327270254, 0.00443303631619, 0.00440783239901, 0.00375217734836, 0.00600996008143, 0.00674811890349, 0.00360605726019, 0.00118521507829, 0.000800012261607, 0.000535235798452, 0.000325169239659, 0.000286923139356, 0.000300479267025, 0.000282961787889, 0.000265426933765, 0.000779366469942, 0.00126203591935, 0.000625783053692, 0.000747234851588, 0.000696966832038, 0.000742718286347, 0.00073915545363, 0.000628273817711, 0.000520568457432, 0.000641401857138, 0.000665714265779, 0.000703164201695, 0.000717035960406, 0.000483314332087, 0.000428695348091, 0.000876366277225, 0.000860715284944, 0.000557898834813, 0.00102317240089, 0.000896825571544, 0.000561670982279, 0.000384160142858, 0.000285449204966, 0.000187915895367, 0.00030728438287, 0.000403363810619, 0.000157940550707, 0.000182764779311, 0.000373757298803, 0.000341130973538, 0.000118531475891, 0.000154763591127, 0.000179580456461, 0.0001610385807, 0.000117139046779, 0.000135627458803, 0.000198344074306, 0.000129627573187, 0.000110999775643, 0.000125575403217, 6.234664761e-05, 2.30722089327e-05, 5.05809221067e-05, 4.68355101475e-05, 6.08565278526e-05, 3.37386918545e-05, 2.03918316402e-05, 3.66493986803e-05, 1.90086557268e-05, 1.23904155771e-05, 1.03668317024e-05, 1.41130667544e-05, 7.365467809e-06, 9.72508860286e-06, 6.56314159642e-06, 5.79762672714e-06, 1.00801944427e-05, 6.9196221375e-06, 5.33038746653e-06, 6.16902752881e-06, 1.12132329377e-05, 4.33308741776e-06, 3.87029649573e-06, 3.39531948157e-06, 3.41346844834e-06, 3.43065698871e-06, 2.90480852527e-06, 2.90899401989e-06, 3.70756083612e-06, 4.00590033678e-06, 3.44882278114e-06, 3.36584935212e-06, 3.32307467943e-06, 4.0691270442e-06, 3.90997365685e-06, 3.62751848115e-06, 3.29605950355e-06, 2.91390347229e-06, 2.56848170466e-06, 2.54275983025e-06, 2.74857393379e-06, 2.93714356303e-06, 2.58041131929e-06, 4.08599953516e-06, 3.17253716275e-06, 3.35139907293e-06, 4.56576390206e-06, 5.21998754266e-06, 4.90893717142e-06, 4.12502640756e-06, 4.09677704738e-06, 5.21606580151e-06, 1.11390081656e-05, 5.44752901988e-06, 1.51732672293e-06, 1.33605885821e-06, 1.38019402129e-06, 7.64066442116e-07, 4.14509457869e-07, 2.00405438022e-07, 1.12722752021e-07, 2.90545205672e-08, 7.86242737583e-10, 1.07948439076e-09, 1.01996167068e-09, 1.23034873956e-10, 3.33037174227e-11, 8.57410583505e-12, 8.44779541459e-12, 8.35982238295e-12, 8.31845790167e-12, 8.26997151315e-12, 8.24038233482e-12]
    },
    "mfcc": {
        "mean": [-599.265075684, 108.019805908, -26.6172084808, -13.0032892227, 0.744750320911, 2.77327609062, 2.35391426086, 10.4237003326, 3.96756339073, 5.4241528511, 1.42280733585, 0.235120758414, -0.980387151241],
        "cov": [[1826.53161621, 386.217895508, 1083.42492676, 692.14654541, 626.735839844, 285.34487915, 250.10017395, -38.9820556641, 30.4499797821, 25.3355827332, -18.35222435, 44.0863609314, 69.4196853638], [386.217895508, 716.682189941, 514.896362305, 451.74520874, 391.958343506, 148.62272644, 131.667831421, 5.03762197495, -19.291261673, 0.0670050829649, -22.5303993225, 29.9266777039, 41.2676010132], [1083.42492676, 514.896362305, 1329.09313965, 746.312255859, 666.730957031, 307.247558594, 203.997299194, -69.1278762817, -38.1682815552, -42.2185134888, -11.5428991318, 102.447563171, 91.3149642944], [692.14654541, 451.74520874, 746.312255859, 609.800292969, 484.514587402, 178.510864258, 136.447113037, -15.1698255539, -8.41632175446, -19.7937583923, -19.5630531311, 77.9403991699, 76.9727859497], [626.735839844, 391.958343506, 666.730957031, 484.514587402, 505.227081299, 173.722503662, 117.887863159, -26.4770336151, -6.27534389496, -28.8998699188, -25.5617618561, 62.1857833862, 61.2757949829], [285.34487915, 148.62272644, 307.247558594, 178.510864258, 173.722503662, 210.341110229, 101.135559082, 11.611125946, 4.04926204681, -0.956282556057, -0.169614896178, 19.9444484711, 27.4593868256], [250.10017395, 131.667831421, 203.997299194, 136.447113037, 117.887863159, 101.135559082, 140.096450806, 36.515209198, 13.8192329407, 17.3498783112, 0.987035989761, 6.94149398804, 22.7335720062], [-38.9820556641, 5.03762197495, -69.1278762817, -15.1698255539, -26.4770336151, 11.611125946, 36.515209198, 93.5106658936, 45.1394042969, 22.7939777374, 4.48941516876, -1.19048333168, 17.3893966675], [30.4499797821, -19.291261673, -38.1682815552, -8.41632175446, -6.27534389496, 4.04926204681, 13.8192329407, 45.1394042969, 85.9396972656, 37.4013748169, 9.06735515594, -3.72247052193, 3.05292892456], [25.3355827332, 0.0670050829649, -42.2185134888, -19.7937583923, -28.8998699188, -0.956282556057, 17.3498783112, 22.7939777374, 37.4013748169, 69.9483947754, 27.5582866669, -9.90403747559, -2.95454716682], [-18.35222435, -22.5303993225, -11.5428991318, -19.5630531311, -25.5617618561, -0.169614896178, 0.987035989761, 4.48941516876, 9.06735515594, 27.5582866669, 61.4361686707, 20.719625473, -3.6611533165], [44.0863609314, 29.9266777039, 102.447563171, 77.9403991699, 62.1857833862, 19.9444484711, 6.94149398804, -1.19048333168, -3.72247052193, -9.90403747559, 20.719625473, 78.5721588135, 39.0533027649], [69.4196853638, 41.2676010132, 91.3149642944, 76.9727859497, 61.2757949829, 27.4593868256, 22.7335720062, 17.3893966675, 3.05292892456, -2.95454716682, -3.6611533165, 39.0533027649, 75.8892974854]],
        "icov": [[0.00142764498014, 0.000621044600848, -0.000553305377252, -0.00075834710151, -0.000667156826239, 5.35674043931e-05, -0.00113756908104, 0.00075859692879, -0.000502762035467, -0.00101830437779, 0.000251488148933, 0.000820030865725, 4.82631985506e-05], [0.000621044600848, 0.00332584115677, 0.000275994127151, -0.00223475694656, -0.0016123005189, -7.92375285528e-05, -0.000997469294816, -0.000575933314394, 0.00149922282435, -0.00169164407998, 0.000356843112968, 0.00104731880128, 0.000671280315146], [-0.000553305377252, 0.000275994127151, 0.00369791244157, -0.0023525361903, -0.00132540252525, -0.00141857983544, -0.000822219240945, 0.00185102189425, 0.000500557362102, 0.00100692070555, -0.00128678989131, -0.000149867220898, -0.000267653667834], [-0.00075834710151, -0.00223475694656, -0.0023525361903, 0.010755428113, -0.00447855331004, 0.00102032744326, 0.000196924069314, -0.00151116610505, 0.000187004567124, -0.000594907905906, 0.00136151909828, -0.0029728342779, -0.00107024691533], [-0.000667156826239, -0.0016123005189, -0.00132540252525, -0.00447855331004, 0.0109774162993, -0.00127058313228, 0.000226430027396, 0.00191109301522, -0.00269009056501, 0.00265697529539, 0.0015460572904, -0.00121087778825, -0.000375855743187], [5.35674043931e-05, -7.92375285528e-05, -0.00141857983544, 0.00102032744326, -0.00127058313228, 0.0091356979683, -0.0043452125974, -0.000582987151574, -0.000323545449646, 0.000814327213448, -0.000815782754216, 0.000386615603929, -0.000371921167243], [-0.00113756908104, -0.000997469294816, -0.000822219240945, 0.000196924069314, 0.000226430027396, -0.0043452125974, 0.0159907173365, -0.00710300449282, 0.00250734412111, -0.00285826879553, 6.40858415863e-05, 0.00113668106496, -0.000194587730221], [0.00075859692879, -0.000575933314394, 0.00185102189425, -0.00151116610505, 0.00191109301522, -0.000582987151574, -0.00710300449282, 0.0208789724857, -0.00975741632283, 0.00150083075278, -0.000562109635212, 0.000859917548951, -0.00508254114538], [-0.000502762035467, 0.00149922282435, 0.000500557362102, 0.000187004567124, -0.00269009056501, -0.000323545449646, 0.00250734412111, -0.00975741632283, 0.0210044272244, -0.0101411482319, 0.00206429860555, -0.00114421139006, 0.00207514804788], [-0.00101830437779, -0.00169164407998, 0.00100692070555, -0.000594907905906, 0.00265697529539, 0.000814327213448, -0.00285826879553, 0.00150083075278, -0.0101411482319, 0.0279098767787, -0.0133300554007, 0.00662217009813, -0.00324082025327], [0.000251488148933, 0.000356843112968, -0.00128678989131, 0.00136151909828, 0.0015460572904, -0.000815782754216, 6.40858415863e-05, -0.000562109635212, 0.00206429860555, -0.0133300554007, 0.0278136394918, -0.0130584044382, 0.00635951617733], [0.000820030865725, 0.00104731880128, -0.000149867220898, -0.0029728342779, -0.00121087778825, 0.000386615603929, 0.00113668106496, 0.000859917548951, -0.00114421139006, 0.00662217009813, -0.0130584044382, 0.0256506986916, -0.0113499769941], [4.82631985506e-05, 0.000671280315146, -0.000267653667834, -0.00107024691533, -0.000375855743187, -0.000371921167243, -0.000194587730221, -0.00508254114538, 0.00207514804788, -0.00324082025327, 0.00635951617733, -0.0113499769941, 0.0217744074762]]
    },
    "spectral_contrast_coeffs": {
        "max": [-0.524935126305, -0.515008449554, -0.542563915253, -0.641481280327, -0.618281960487, -0.677244961262],
        "mean": [-0.743609666824, -0.74187541008, -0.743330478668, -0.774651050568, -0.778209328651, -0.769760370255],
        "min": [-0.915675401688, -0.945281028748, -0.873036980629, -0.874674320221, -0.871064424515, -0.855395317078],
        "stdev": [0.0624716542661, 0.0706177651882, 0.056197360158, 0.0420702174306, 0.0333172604442, 0.0281683076173]
    },
    "spectral_contrast_valleys": {
        "max": [-4.93655490875, -4.60706329346, -5.11565160751, -5.67914628983, -6.01628446579, -7.90005397797],
        "mean": [-7.05250263214, -6.41841173172, -6.33540391922, -6.73312520981, -7.2313451767, -9.82054328918],
        "min": [-11.6750802994, -8.54604244232, -7.87476825714, -8.61614322662, -9.29989528656, -12.0976495743],
        "stdev": [1.45405495167, 0.564718127251, 0.428255647421, 0.367781311274, 0.382982313633, 0.717599987984]
    }
},
"rhythm": {
    "beats_count": 74,
    "beats_loudness": {
        "max": 0.114699862897,
        "mean": 0.0536141246557,
        "min": 0.0125603694469,
        "stdev": 0.0259585529566
    },
    "bpm": 125.760147095,
    "bpm_histogram_first_peak_bpm": 126,
    "bpm_histogram_first_peak_weight": 0.346938788891,
    "bpm_histogram_second_peak_bpm": 148,
    "bpm_histogram_second_peak_spread": 0.466666638851,
    "bpm_histogram_second_peak_weight": 0.109589040279,
    "danceability": 1.2913377285,
    "onset_rate": 3.2332572937,
    "beats_loudness_band_ratio": {
        "max": [0.875198662281, 0.698931515217, 0.620793402195, 0.812429130077, 0.7692912817, 0.285925984383],
        "mean": [0.463878005743, 0.0448676683009, 0.169477418065, 0.224501654506, 0.092959985137, 0.0313477665186],
        "min": [4.59892835352e-05, 0.000258210202446, 0.0210603196174, 0.0209965705872, 0.0158695876598, 0.00457960739732],
        "stdev": [0.314123630524, 0.0996311083436, 0.162219360471, 0.201280936599, 0.114158347249, 0.0340402945876]
    },
    "beats_position": [0.487619042397, 0.99845802784, 1.50929701328, 1.99691605568, 2.48453521729, 2.96054410934, 3.43655323982, 3.92417216301, 4.38857126236, 4.86458063126, 5.34058952332, 5.81659841537, 6.29260778427, 6.76861667633, 7.24462556839, 7.73224496841, 8.20825386047, 8.68426322937, 9.14866161346, 9.62467098236, 10.1006803513, 10.5882987976, 11.0526981354, 11.5287075043, 12.0047159195, 12.4923353195, 12.9683446884, 13.4443531036, 13.9203624725, 14.3963718414, 14.8723802567, 15.3483896255, 15.8127889633, 16.3004074097, 16.7764167786, 17.2524261475, 17.7400455475, 18.2044448853, 18.6804523468, 19.1564617157, 19.6324710846, 20.1084804535, 20.5960998535, 21.0721092224, 21.548116684, 22.0125160217, 22.4885253906, 22.9645347595, 23.4405441284, 23.9165534973, 24.40417099, 24.89179039, 25.3097496033, 25.7277088165, 26.1456680298, 26.563627243, 26.9699764252, 27.3763256073, 27.7826747894, 28.1890239716, 28.5953731537, 29.0017223358, 29.4196815491, 29.8260307312, 30.2323799133, 30.6503391266, 31.0682983398, 31.4514274597, 31.8345565796, 32.2176856995, 32.6008148193, 32.9839439392, 33.3554649353, 33.7385940552],
