{
"metadata": {
    "version": {
        "essentia": "2.1-beta5",
        "essentia_git_sha": "Undefined",
        "extractor": "music 2.0"
    },
    "audio_properties": {
        "analysis": {
            "equal_loudness": 0,
            "length": 32.4963264465,
            "sample_rate": 44100,
            "start_time": 126.502311707,
            "downmix": "mix"
        },
        "bit_rate": 192000,
        "length": 189.161376953,
        "lossless": 0,
        "number_channels": 2,
        "replay_gain": -0.442663192749,
        "sample_rate": 48000,
        "codec": "mp3",
        "md5_encoded": "c276b2a2ffa7f78303c281fd8a3a3ad9"
    },
    "tags": {
        "file_name": "Greece_Utopian Land_Argo.mp3",
        "encoding": ["Lavf58.29.100"]
    }
},
"lowlevel": {
    "average_loudness": 0.800652682781,
    "barkbands_crest": {
        "max": 25.6733055115,
        "mean": 11.6047000885,
        "min": 1.92169606686,
        "stdev": 6.25106906891
    },
    "barkbands_flatness_db": {
        "max": 0.311372667551,
        "mean": 0.141577810049,
        "min": 0.0370851196349,
        "stdev": 0.0570935383439
    },
    "barkbands_kurtosis": {
        "max": 108.386520386,
        "mean": 6.74195957184,
        "min": -1.93698561192,
        "stdev": 15.8555803299
    },
    "barkbands_skewness": {
        "max": 9.76030158997,
        "mean": 1.61654043198,
        "min": -2.18316173553,
        "stdev": 1.98983442783
    },
    "barkbands_spread": {
        "max": 116.081886292,
        "mean": 26.3483524323,
        "min": 1.85574615002,
        "stdev": 17.3196601868
    },
    "dissonance": {
        "max": 0.499940186739,
        "mean": 0.474851936102,
        "min": 0.330026805401,
        "stdev": 0.0215752832592
    },
    "dynamic_complexity": 4.05859899521,
    "erbbands_crest": {
        "max": 28.0725154877,
        "mean": 7.70134544373,
        "min": 2.49544024467,
        "stdev": 4.04388475418
    },
    "erbbands_flatness_db": {
        "max": 0.326907485723,
        "mean": 0.151614025235,
        "min": 0.0655455812812,
        "stdev": 0.044642124325
    },
    "erbbands_kurtosis": {
        "max": 16.6482868195,
        "mean": 0.293669760227,
        "min": -1.5069899559,
        "stdev": 1.99298036098
    },
    "erbbands_skewness": {
        "max": 1.94604837894,
        "mean": 0.0461560003459,
        "min": -3.21306061745,
        "stdev": 0.63423293829
    },
    "erbbands_spread": {
        "max": 102.835227966,
        "mean": 41.4717636108,
        "min": 3.45518112183,
        "stdev": 18.8045253754
    },
    "hfc": {
        "max": 218.755126953,
        "mean": 24.3201904297,
        "min": 0.0979667454958,
        "stdev": 25.5075454712
    },
    "loudness_ebu128": {
        "integrated": -22.330537796,
        "loudness_range": 7.98973655701,
        "momentary": {
            "max": -17.5415668488,
            "mean": -23.9429645538,
            "min": -37.952507019,
            "stdev": 4.20708751678
        },
        "short_term": {
            "max": -19.3481845856,
            "mean": -23.4429225922,
            "min": -29.457983017,
            "stdev": 2.64916658401
        }
    },
    "melbands_crest": {
        "max": 35.0173988342,
        "mean": 16.047410965,
        "min": 2.40898442268,
        "stdev": 8.3087682724
    },
    "melbands_flatness_db": {
        "max": 0.399719297886,
        "mean": 0.175808444619,
        "min": 0.0113120842725,
        "stdev": 0.0861615389585
    },
    "melbands_kurtosis": {
        "max": 279.423278809,
        "mean": 21.6974697113,
        "min": -1.58493375778,
        "stdev": 40.2844696045
    },
    "melbands_skewness": {
        "max": 14.0189886093,
        "mean": 3.03670096397,
        "min": -1.87457847595,
        "stdev": 2.74427890778
    },
    "melbands_spread": {
        "max": 188.908493042,
        "mean": 31.5700702667,
        "min": 1.23122775555,
        "stdev": 28.1829853058
    },
    "pitch_salience": {
        "max": 0.888575613499,
        "mean": 0.50029194355,
        "min": 0.0879981964827,
        "stdev": 0.184619963169
    },
    "silence_rate_20dB": {
        "max": 1,
        "mean": 1,
        "min": 1,
        "stdev": 0
    },
    "silence_rate_30dB": {
        "max": 1,
        "mean": 0.908636689186,
        "min": 0,
        "stdev": 0.288124263287
    },
    "silence_rate_60dB": {
        "max": 1,
        "mean": 0.173447534442,
        "min": 0,
        "stdev": 0.37863573432
    },
    "spectral_centroid": {
        "max": 4537.15478516,
        "mean": 1714.80615234,
        "min": 483.296936035,
        "stdev": 712.108947754
    },
    "spectral_complexity": {
        "max": 56,
        "mean": 17.6623840332,
        "min": 0,
        "stdev": 11.2036962509
    },
    "spectral_decrease": {
        "max": -1.11392232244e-11,
        "mean": -9.91591786459e-09,
        "min": -7.49565955971e-08,
        "stdev": 1.19608927207e-08
    },
    "spectral_energy": {
        "max": 0.286052852869,
        "mean": 0.0396308265626,
        "min": 5.09279016114e-05,
        "stdev": 0.0461351834238
    },
    "spectral_energyband_high": {
        "max": 0.022447263822,
        "mean": 0.0012844610028,
        "min": 5.79753850616e-06,
        "stdev": 0.00200984161347
    },
    "spectral_energyband_low": {
        "max": 0.277226507664,
        "mean": 0.0251288730651,
        "min": 1.42817998494e-06,
        "stdev": 0.0414774529636
    },
    "spectral_energyband_middle_high": {
        "max": 0.0621679835021,
        "mean": 0.00623575225472,
        "min": 3.35033582815e-05,
        "stdev": 0.00775976153091
    },
    "spectral_energyband_middle_low": {
        "max": 0.0846785753965,
        "mean": 0.00761746848002,
        "min": 8.03592411103e-06,
        "stdev": 0.0103721274063
    },
    "spectral_entropy": {
        "max": 8.82755184174,
        "mean": 7.87447166443,
        "min": 6.69486856461,
        "stdev": 0.351554185152
    },
    "spectral_flux": {
        "max": 0.433676183224,
        "mean": 0.100101977587,
        "min": 0.0101864216849,
        "stdev": 0.0693125128746
    },
    "spectral_kurtosis": {
        "max": 14.5406780243,
        "mean": 2.76182770729,
        "min": -1.53013825417,
        "stdev": 2.29437160492
    },
    "spectral_rms": {
        "max": 0.0167055670172,
        "mean": 0.00524515239522,
        "min": 0.000222903021495,
        "stdev": 0.00333955185488
    },
    "spectral_rolloff": {
        "max": 11778.6621094,
        "mean": 2260.85009766,
        "min": 64.599609375,
        "stdev": 2500.57397461
    },
    "spectral_skewness": {
        "max": 2.97079658508,
        "mean": 1.27154576778,
        "min": 0.00124518375378,
        "stdev": 0.421292930841
    },
    "spectral_spread": {
        "max": 16606864,
        "mean": 5012421,
        "min": 2080198.5,
        "stdev": 1769453.375
    },
    "spectral_strongpeak": {
        "max": 12.5997581482,
        "mean": 0.898565173149,
        "min": 0.0153950750828,
        "stdev": 1.36487984657
    },
    "zerocrossingrate": {
        "max": 0.36572265625,
        "mean": 0.0813247933984,
        "min": 0.00390625,
        "stdev": 0.0609759241343
    },
    "barkbands": {
        "max": [0.0125319743529, 0.254047334194, 0.0815756917, 0.0525305047631, 0.0247412510216, 0.0577926076949, 0.0190159808844, 0.023066945374, 0.0810189843178, 0.0237899255008, 0.0198871325701, 0.010098034516, 0.0381755158305, 0.0353056117892, 0.0335783325136, 0.0203716997057, 0.00628231232986, 0.00431845197454, 0.00300464499742, 0.00335606257431, 0.00330854509957, 0.00474033365026, 0.00410940451548, 0.00475700106472, 0.0084022982046, 0.00207794550806, 2.83957742795e-05],
        "mean": [0.000970017572399, 0.021118722856, 0.00256824097596, 0.000827735464554, 0.00131334061734, 0.00148812658153, 0.00120637519285, 0.000948670785874, 0.00150453252718, 0.000697357754689, 0.000686324085109, 0.000725563790184, 0.000750688486733, 0.0012320689857, 0.000751650892198, 0.000555487233214, 0.000448173464974, 0.000248899508733, 0.000200796799618, 0.000228844859521, 0.000224229806918, 0.00024608350941, 0.000262430286966, 0.000211449398194, 0.000167056670762, 4.79953159811e-05, 2.82849867972e-08],
        "min": [4.36494645983e-10, 5.25082896274e-07, 2.9475285146e-07, 8.99510581576e-08, 1.42052374486e-06, 7.68719587541e-07, 5.20265757586e-07, 3.87109821531e-07, 8.4931980382e-07, 1.95606071429e-06, 2.75424645224e-06, 1.45932835949e-06, 1.97813687919e-06, 9.07502510472e-07, 1.41151531352e-06, 2.16247599383e-06, 1.24175687688e-06, 6.00159637543e-07, 1.17044487524e-06, 6.39067536667e-07, 4.53500064168e-07, 5.68413781821e-07, 3.85498879041e-07, 1.33469896468e-07, 9.2646125438e-08, 1.50708945323e-10, 1.28789909293e-10],
        "stdev": [0.00192379020154, 0.0374376103282, 0.00745189841837, 0.00315226451494, 0.00251557910815, 0.00340550555848, 0.00218733190559, 0.00176920904778, 0.00534533755854, 0.00192847161088, 0.00154831155669, 0.00122798769735, 0.00246129883453, 0.00275732390583, 0.00187676679343, 0.00153472658712, 0.000706109043676, 0.000416505063185, 0.000282989465632, 0.000354546500603, 0.000291238480713, 0.000449553917861, 0.000441064767074, 0.000390307279304, 0.000515022140462, 0.000138465271448, 7.66507355365e-07]
    },
    "erbbands": {
        "max": [8.72688102722, 62.3230247498, 90.2713851929, 163.807907104, 109.726196289, 93.8700790405, 279.408996582, 497.611114502, 313.382659912, 425.385375977, 630.419128418, 2537.25634766, 1061.72106934, 502.59161377, 895.362182617, 456.847900391, 2091.42358398, 2105.03100586, 1592.37011719, 1496.58288574, 780.200683594, 274.089477539, 312.762878418, 118.914131165, 157.897689819, 167.457870483, 116.647132874, 153.669525146, 197.516296387, 114.740249634, 132.888031006, 136.214828491, 48.1060791016, 78.0212402344, 78.5607833862, 24.1964550018, 2.23353648186, 0.110736876726, 0.00408419547603, 0.000492947234306],
        "mean": [0.709038436413, 4.23107051849, 4.16467428207, 2.95849847794, 3.15007829666, 4.25180578232, 6.67730236053, 14.5460910797, 20.2101573944, 17.1567249298, 20.9360084534, 35.7032432556, 28.8827114105, 17.7656269073, 34.4380989075, 28.7193965912, 34.1236152649, 52.3245849609, 56.3187942505, 35.5563964844, 27.3337955475, 23.5047264099, 15.3378725052, 11.4627790451, 9.68795490265, 11.084687233, 8.87877082825, 9.44073104858, 8.63338565826, 8.43375015259, 7.29023981094, 5.03863096237, 3.13030791283, 2.07744073868, 1.0965512991, 0.380789399147, 0.0498153120279, 0.00142112188041, 8.02085560281e-05, 5.34739447176e-05],
        "min": [4.10944585383e-06, 0.000160667099408, 0.000496470485814, 0.000521860609297, 0.00110005249735, 0.0044852453284, 0.0052150869742, 0.00634068716317, 0.00664672255516, 0.00980703439564, 0.00674667954445, 0.0179313011467, 0.0969088897109, 0.147687792778, 0.101390726864, 0.0830087959766, 0.126133322716, 0.0707458257675, 0.0625900551677, 0.139079034328, 0.103400051594, 0.0750719979405, 0.0421225056052, 0.0661532655358, 0.0346025414765, 0.0389320477843, 0.0247123986483, 0.0122468098998, 0.028197132051, 0.0183068867773, 0.00953203625977, 0.00370537186973, 0.00199205405079, 0.00124913267791, 0.000359464029316, 3.06237416225e-05, 1.96534119823e-06, 3.51189385128e-07, 2.48259340196e-07, 3.87107462529e-07],
        "stdev": [1.25535035133, 8.19658946991, 9.49987983704, 9.86112308502, 8.2822971344, 8.55975151062, 14.4208097458, 35.1295089722, 34.2228431702, 30.0219478607, 45.5556411743, 138.573318481, 86.0081558228, 35.5357971191, 66.3776245117, 48.814491272, 107.13092804, 119.091850281, 121.582878113, 85.7443389893, 54.0750160217, 35.5625724792, 26.0175800323, 14.8430099487, 14.7588682175, 17.7262706757, 11.3090791702, 14.0538473129, 16.0921459198, 14.4289550781, 12.4285860062, 9.5824174881, 5.85039567947, 5.43699789047, 3.85278820992, 1.15768432617, 0.162045404315, 0.00551783107221, 0.000204035037314, 5.84033841733e-05]
    },
    "gfcc": {
        "mean": [-6.18110179901, 79.355178833, -134.258575439, 41.6845664978, -65.9051589966, 32.8409309387, -38.4709510803, 13.2728099823, -14.4525241852, 8.92216682434, -7.79773664474, -0.356683462858, -5.42035675049],
        "cov": [[5840.89697266, -292.863098145, 906.313659668, 106.146598816, 279.866760254, 259.042663574, -297.731048584, 308.428131104, 7.66452693939, 364.90927124, -45.7290382385, 256.130218506, -48.9613990784], [-292.863098145, 1423.80187988, 56.5058021545, 211.126602173, 359.729187012, -15.314365387, 361.009307861, -87.7291107178, 252.285217285, -98.5733261108, 204.491592407, -72.605255127, 180.17729187], [906.313659668, 56.5058021545, 907.105163574, 390.964782715, 240.215408325, 208.106918335, 73.6292266846, 118.102767944, 9.33154392242, 69.53175354, 4.23938083649, 73.2166671753, 22.9307231903], [106.146598816, 211.126602173, 390.964782715, 515.315734863, 140.884246826, 88.507194519, 180.978439331, -15.7272224426, 79.7225646973, -44.4439964294, 39.74426651, -4.19607019424, 49.0851516724], [279.866760254, 359.729187012, 240.215408325, 140.884246826, 392.250610352, 144.599334717, 144.200958252, 71.9478149414, 92.1330108643, 21.4360160828, 80.7793731689, 16.4770183563, 86.2013244629], [259.042663574, -15.314365387, 208.106918335, 88.507194519, 144.599334717, 239.532745361, 73.5113677979, 50.9529533386, 36.2076797485, -8.34125804901, 38.1368484497, 8.21813964844, 23.4322452545], [-297.731048584, 361.009307861, 73.6292266846, 180.978439331, 144.200958252, 73.5113677979, 273.642578125, -13.4643363953, 84.8088531494, -54.8408546448, 54.6361312866, -22.481584549, 50.576423645], [308.428131104, -87.7291107178, 118.102767944, -15.7272224426, 71.9478149414, 50.9529533386, -13.4643363953, 132.687164307, 12.0236415863, 42.8027496338, 4.0194234848, 25.0964393616, 11.4186115265], [7.66452693939, 252.285217285, 9.33154392242, 79.7225646973, 92.1330108643, 36.2076797485, 84.8088531494, 12.0236415863, 168.502944946, 3.65263152122, 90.344078064, 1.42375612259, 58.3218193054], [364.90927124, -98.5733261108, 69.53175354, -44.4439964294, 21.4360160828, -8.34125804901, -54.8408546448, 42.8027496338, 3.65263152122, 120.778182983, 6.34776639938, 44.4453392029, -18.3153781891], [-45.7290382385, 204.491592407, 4.23938083649, 39.74426651, 80.7793731689, 38.1368484497, 54.6361312866, 4.0194234848, 90.344078064, 6.34776639938, 141.851379395, 10.9542818069, 58.7064552307], [256.130218506, -72.605255127, 73.2166671753, -4.19607019424, 16.4770183563, 8.21813964844, -22.481584549, 25.0964393616, 1.42375612259, 44.4453392029, 10.9542818069, 84.1162490845, 13.8913507462], [-48.9613990784, 180.17729187, 22.9307231903, 49.0851516724, 86.2013244629, 23.4322452545, 50.576423645, 11.4186115265, 58.3218193054, -18.3153781891, 58.7064552307, 13.8913507462, 97.0205917358]],
        "icov": [[0.000304196262732, -0.000272273318842, -3.55024826604e-06, -0.000224973773584, 5.17397929798e-05, -0.000478332047351, 0.000619805767201, -0.000429237668868, 5.99631505338e-07, -0.00056064495584, 0.000360629550414, -0.00064579048194, 0.000338834710419], [-0.000272273318842, 0.00291979592294, -0.0011890308233, 0.00157555902842, -0.00196485384367, 0.00307354773395, -0.00266031641513, 0.00274673919193, -0.00198569567874, 0.0017487941077, -0.00172919698525, 0.00265201204456, -0.00181848602369], [-3.55024826604e-06, -0.0011890308233, 0.00354699743912, -0.00309698912315, 0.000166264755535, -0.00263068405911, 0.00155310588889, -0.00248624477535, 0.00205538840964, -0.00193955912255, 0.00111653795466, -0.00218687835149, 0.000941304897424], [-0.000224973773584, 0.00157555902842, -0.00309698912315, 0.00560646504164, -0.000827206240501, 0.00247219623998, -0.00334133696742, 0.00329420622438, -0.00258833263069, 0.00259726354852, -0.00088394258637, 0.00207753665745, -0.00136835617013], [5.17397929798e-05, -0.00196485384367, 0.000166264755535, -0.000827206240501, 0.00667296350002, -0.00351613899693, -0.000309404917061, -0.00287484657019, 0.00123926193919, -0.0029660332948, 0.00070755102206, -0.000410692300647, -0.00219992920756], [-0.000478332047351, 0.00307354773395, -0.00263068405911, 0.00247219623998, -0.00351613899693, 0.0101198963821, -0.00368169881403, 0.00175548973493, -0.00235501676798, 0.00457397522405, -0.00335598364472, 0.00282118166797, -0.000279850763036], [0.000619805767201, -0.00266031641513, 0.00155310588889, -0.00334133696742, -0.000309404917061, -0.00368169881403, 0.00970493908972, -0.00217753904872, 1.44345194713e-05, 5.93386757828e-05, 0.00164568284526, -0.00266842683777, 0.00232669315301], [-0.000429237668868, 0.00274673919193, -0.00248624477535, 0.00329420622438, -0.00287484657019, 0.00175548973493, -0.00217753904872, 0.0138206491247, -0.00294007151388, -0.000388990156353, -0.000295998062938, 0.00252235471271, -0.00324588222429], [5.99631505338e-07, -0.00198569567874, 0.00205538840964, -0.00258833263069, 0.00123926193919, -0.00235501676798, 1.44345194713e-05, -0.00294007151388, 0.0126608936116, -0.00336558860727, -0.00366529077291, -0.000452477921499, -0.00164567213506], [-0.00056064495584, 0.0017487941077, -0.00193955912255, 0.00259726354852, -0.0029660332948, 0.00457397522405, 5.93386757828e-05, -0.000388990156353, -0.00336558860727, 0.016976647079, -0.00327683240175, -0.0040022758767, 0.00494299968705], [0.000360629550414, -0.00172919698525, 0.00111653795466, -0.00088394258637, 0.00070755102206, -0.00335598364472, 0.00164568284526, -0.000295998062938, -0.00366529077291, -0.00327683240175, 0.0138728981838, -0.00231735850684, -0.00354243861511], [-0.00064579048194, 0.00265201204456, -0.00218687835149, 0.00207753665745, -0.000410692300647, 0.00282118166797, -0.00266842683777, 0.00252235471271, -0.000452477921499, -0.0040022758767, -0.00231735850684, 0.020063854754, -0.00696152541786], [0.000338834710419, -0.00181848602369, 0.000941304897424, -0.00136835617013, -0.00219992920756, -0.000279850763036, 0.00232669315301, -0.00324588222429, -0.00164567213506, 0.00494299968705, -0.00354243861511, -0.00696152541786, 0.0205789655447]]
    },
    "melbands": {
        "max": [0.0760022550821, 0.048615925014, 0.0259250160307, 0.00599089171737, 0.00778118474409, 0.010602613911, 0.00431248731911, 0.00405320292339, 0.00622123479843, 0.0155811049044, 0.00532508827746, 0.00233815517277, 0.00319201312959, 0.00150547630619, 0.00291778123938, 0.0041215615347, 0.00355222960934, 0.00336290360428, 0.00288116582669, 0.00207413174212, 0.000644835061394, 0.000373645598302, 0.000236745501752, 0.000281670421828, 0.000110717264761, 0.000106888743176, 0.000108011845441, 0.000115497648949, 7.73875217419e-05, 7.93286599219e-05, 8.76595804584e-05, 0.000100878271041, 0.000112279310997, 6.38695200905e-05, 6.13770098425e-05, 0.000118230847875, 7.05981365172e-05, 4.09547901654e-05, 4.42229866167e-05, 7.97556203906e-05],
        "mean": [0.00613435404375, 0.00328151206486, 0.000509447592776, 0.000257681997027, 0.00023520841205, 0.000331114220899, 0.000287959381239, 0.0001939561771, 0.00017601797299, 0.000228797071031, 0.00013999294606, 6.75952760503e-05, 0.00010271879728, 9.21194587136e-05, 7.33154447516e-05, 7.41034382372e-05, 0.000102526122646, 0.00010037838365, 5.33831298526e-05, 4.69314691145e-05, 2.81793745671e-05, 2.71163989964e-05, 1.56278510985e-05, 1.14514332381e-05, 9.13396434044e-06, 6.89220860295e-06, 7.19593936083e-06, 7.41977964935e-06, 5.45368766325e-06, 5.40221344636e-06, 5.48951084056e-06, 5.01572003486e-06, 4.5185511226e-06, 4.73819227409e-06, 4.34911044067e-06, 3.52981669494e-06, 2.9305310818e-06, 2.24540895033e-06, 1.82985479569e-06, 1.75708510142e-06],
        "min": [8.90603573112e-08, 3.17827300478e-07, 1.17443384795e-07, 2.93671348572e-07, 1.81718121439e-07, 1.43419370602e-07, 1.03505009008e-07, 1.06007469469e-07, 4.48016272969e-08, 1.22811840697e-07, 3.98767724619e-07, 5.43176156498e-07, 4.32938122685e-07, 1.34195104806e-07, 2.59459966401e-07, 2.73546646667e-07, 9.6502290603e-08, 9.24676157865e-08, 1.01517152018e-07, 1.83201976256e-07, 8.32616038338e-08, 6.56765379858e-08, 6.81199807673e-08, 2.6063963432e-08, 5.95558873329e-08, 3.41075114818e-08, 1.47254937133e-08, 2.78416152355e-08, 1.52853250057e-08, 1.16329577082e-08, 5.12602449376e-09, 1.69736260602e-08, 9.24916676581e-09, 7.75873321146e-09, 6.01439742454e-09, 2.66598076948e-09, 1.54327728374e-09, 6.23322005122e-10, 1.05469621925e-09, 5.43464884206e-10],
        "stdev": [0.0107320295647, 0.00633954117075, 0.00160124897957, 0.000545912596863, 0.000479465961689, 0.000731191481464, 0.00047973904293, 0.000323137472151, 0.000438207411207, 0.000895907578524, 0.000424190191552, 0.000149624189362, 0.000220537462155, 0.000147389961057, 0.00018698599888, 0.000246993382461, 0.000233755781665, 0.00024081011361, 0.00014343681687, 0.000146030724864, 5.13228405907e-05, 4.40677686129e-05, 2.53510643233e-05, 2.12272025237e-05, 1.23136287584e-05, 1.04867895061e-05, 1.1819498468e-05, 1.21335951917e-05, 7.4140725701e-06, 6.95949302099e-06, 9.25331369217e-06, 9.48637625697e-06, 8.73199587659e-06, 8.11767222331e-06, 7.2203201853e-06, 7.03693012838e-06, 5.62369723411e-06, 4.21453569288e-06, 3.99026703235e-06, 5.0641388043e-06]
    },
    "melbands128": {
        "max": [0.012531677261, 0.0639008805156, 0.125958323479, 0.108193144202, 0.0545190051198, 0.0420528948307, 0.0371276736259, 0.0213772803545, 0.0129067627713, 0.00837965682149, 0.00658611161634, 0.00792255625129, 0.00983204413205, 0.0143551873043, 0.0177245270461, 0.0174168385565, 0.0054962518625, 0.00680902088061, 0.00722692068666, 0.00741547299549, 0.00381827843376, 0.00496499752626, 0.0102236177772, 0.0189310461283, 0.0282113011926, 0.0186738669872, 0.0140435835347, 0.00871041230857, 0.00368310185149, 0.0050517343916, 0.00193955691066, 0.00431034015492, 0.0057750842534, 0.00543883489445, 0.00248672650196, 0.00214071804658, 0.00247889640741, 0.00242404802702, 0.00797489099205, 0.0113155916333, 0.00429046200588, 0.0119134411216, 0.00350883905776, 0.0073309452273, 0.00617757812142, 0.00606427621096, 0.00401785690337, 0.0060876654461, 0.00539991864935, 0.00208491110243, 0.0044882199727, 0.00368973566219, 0.000631221861113, 0.000706506252754, 0.00100191961974, 0.000847038347274, 0.000492107472382, 0.000516065279953, 0.000556944694836, 0.000817996682599, 0.000647836423013, 0.000162898155395, 0.000167217644048, 0.000178637434146, 0.000139388313983, 0.000135345981107, 0.000231068508583, 0.000128686282551, 0.000141229436849, 0.000175521927304, 0.000194019143237, 0.000125190417748, 0.000179116046638, 7.94928855612e-05, 6.86810453772e-05, 8.41638466227e-05, 0.000105649785837, 0.000105017250462, 0.000141965341754, 0.000117909614346, 0.000142784803757, 0.000135878595756, 0.000154498629854, 0.000147155951709, 9.22549515963e-05, 0.000108743850433, 0.000101332108898, 7.52694177208e-05, 6.19205020485e-05, 8.35016107885e-05, 0.000111335371912, 0.000162529002409, 0.000113039954158, 6.1519072915e-05, 7.46529840399e-05, 5.54733487661e-05, 4.46284175268e-05, 4.65841658297e-05, 6.06498251727e-05, 6.63061291561e-05, 6.56787087792e-05, 6.24531603535e-05, 0.000168596714502, 0.000108797372377, 0.000115474998893, 6.89929365763e-05, 0.000116973744298, 6.85675840941e-05, 2.47588632192e-05, 2.48573105637e-05, 1.44952191476e-05, 1.54972567543e-05, 9.72701764113e-06, 3.448825737e-06, 3.59250134352e-06, 3.61688933026e-07, 1.33515612788e-07, 1.30469217652e-07, 1.27835960484e-07, 1.25142634033e-07, 1.22882099163e-07, 1.20597121622e-07, 1.18777727209e-07, 1.17021500046e-07, 1.15649690713e-07, 1.14406333296e-07, 1.13590537865e-07, 1.13060508511e-07],
        "mean": [0.000926700071432, 0.00558178918436, 0.00877241138369, 0.0064847660251, 0.00280356127769, 0.00110390223563, 0.000602430780418, 0.000355275027687, 0.000321602681652, 0.000240016699536, 0.00021782508702, 0.000278307154076, 0.000219251436647, 0.000202029259526, 0.000312821095577, 0.000403450103477, 0.000442862394266, 0.000230214194744, 0.000153303495608, 0.000183299023774, 0.000230128498515, 0.000183364143595, 0.000142995661008, 0.000198109497433, 0.000250806537224, 0.00025109294802, 0.000162545140483, 0.000150398322148, 9.39291858231e-05, 6.86851126375e-05, 5.59506115678e-05, 6.80575249135e-05, 9.46108775679e-05, 0.000145666577737, 0.000114945141831, 6.60462028463e-05, 6.76921699778e-05, 7.20988973626e-05, 8.09114790172e-05, 7.32651169528e-05, 6.6077845986e-05, 8.64766698214e-05, 9.24125342863e-05, 0.000113753070764, 0.00013268442126, 9.91956476355e-05, 5.98617043579e-05, 6.69473593007e-05, 4.19837597292e-05, 3.62912978744e-05, 6.24518143013e-05, 3.97055337089e-05, 2.02575392905e-05, 3.0394665373e-05, 2.95276586257e-05, 3.06314032059e-05, 1.98488014576e-05, 1.56663681992e-05, 1.45854328366e-05, 1.53308119479e-05, 1.13375699584e-05, 8.01972237241e-06, 9.81392440735e-06, 1.00708593891e-05, 7.40298628443e-06, 6.11071300227e-06, 7.32476746634e-06, 6.40521875539e-06, 7.34569221095e-06, 7.87048793427e-06, 7.8047023635e-06, 7.37186292099e-06, 5.61828073842e-06, 5.05618982061e-06, 4.84282782054e-06, 5.95237315792e-06, 5.13143959324e-06, 5.73284023631e-06, 5.45687271369e-06, 5.47760419067e-06, 5.22593882124e-06, 4.95913809573e-06, 4.01079523726e-06, 4.71209386887e-06, 4.46989815828e-06, 4.84494103148e-06, 4.9598984333e-06, 4.60073169961e-06, 4.17487171944e-06, 4.2907158786e-06, 3.82522148357e-06, 3.26476515511e-06, 3.20788512909e-06, 2.95259178529e-06, 2.82143764707e-06, 2.33390642279e-06, 2.19068238039e-06, 1.96287601284e-06, 1.95719007934e-06, 1.60264346505e-06, 1.7593663415e-06, 1.83682266197e-06, 1.69630538949e-06, 1.49827951645e-06, 1.22267806546e-06, 1.02096623777e-06, 8.93019716841e-07, 9.38473988299e-07, 6.62369473048e-07, 4.27483598742e-07, 3.15119706329e-07, 2.43794943344e-07, 9.69508491266e-08, 2.14503934615e-08, 4.73600580975e-09, 1.1065496297e-09, 3.5960096012e-10, 1.03627523229e-10, 9.87493420368e-11, 9.64917867829e-11, 9.46748374142e-11, 9.29186935728e-11, 9.14910924799e-11, 9.01034732936e-11, 8.88222134732e-11, 8.74881972424e-11, 8.66540519895e-11, 8.62163396231e-11],
        "min": [4.34757729817e-10, 2.20613083357e-09, 3.41680284066e-08, 1.32149068577e-07, 3.07618023498e-07, 1.09502835244e-07, 6.34073487049e-08, 4.82980269112e-08, 8.26782979857e-08, 1.33667555247e-07, 1.31234344281e-07, 1.54839536748e-08, 7.80537163791e-08, 4.12232772362e-08, 3.41080337307e-08, 5.86848543094e-08, 1.08320499237e-07, 8.19434333721e-08, 1.04840587767e-07, 1.22185781493e-07, 1.04995528716e-07, 6.60740155922e-08, 3.96591879337e-08, 2.09218722347e-08, 6.22555784702e-09, 7.33626279725e-08, 5.60531709937e-08, 1.14934863404e-07, 2.00272268103e-07, 1.31247318791e-07, 1.09635976742e-07, 1.47219509472e-07, 1.35563496428e-07, 4.62388349831e-08, 7.84390223885e-08, 7.04263740658e-08, 5.78119134786e-08, 1.45784269989e-07, 6.57564527273e-08, 1.04555887503e-07, 1.67519047523e-07, 9.32494259587e-08, 1.1570476488e-07, 1.61929936127e-08, 5.14258076123e-08, 1.24975429117e-07, 9.61932826726e-08, 3.61505634316e-08, 6.2720395988e-08, 8.73540386692e-08, 3.81540203875e-08, 4.73030894454e-08, 6.42761150971e-08, 2.94361157671e-08, 1.90443607551e-08, 4.79469370873e-08, 9.73971552298e-08, 8.85249349381e-08, 3.74334980791e-08, 2.38312534151e-08, 1.92448244007e-08, 3.14166506143e-08, 4.4153313894e-08, 4.1247997018e-08, 4.88550568889e-08, 3.34836940397e-08, 2.65678661293e-08, 1.04328359285e-08, 5.19082377082e-09, 2.66990394238e-08, 2.70348543552e-08, 1.24397550039e-08, 1.35915847466e-08, 1.96673930475e-08, 1.07762438972e-08, 1.86354771614e-08, 7.61035501284e-09, 2.70505728928e-09, 3.6330456421e-09, 6.87471857219e-09, 8.21085510694e-09, 2.10163353387e-09, 8.96921825699e-09, 1.21650545193e-09, 2.21894880248e-09, 3.95174559742e-09, 3.24373328198e-09, 3.72315778208e-09, 2.82575807198e-09, 8.5344342704e-10, 5.49576939513e-10, 2.03471861582e-09, 1.45549605701e-09, 3.50319301345e-10, 1.04199737727e-09, 5.36535926798e-10, 3.026293105e-10, 3.1644786791e-10, 9.03681157682e-11, 1.77093645304e-10, 2.27629012861e-10, 1.70044603398e-11, 4.60074339736e-11, 3.16067068351e-11, 7.073038444e-13, 1.29423945519e-11, 3.43803414557e-12, 2.9100450348e-12, 5.44733800168e-13, 5.53833617422e-13, 5.63541563674e-13, 4.34552052545e-13, 3.4743627246e-13, 3.43975878597e-13, 2.58354102001e-13, 4.55655315996e-13, 4.03913583353e-13, 3.68639878822e-13, 4.47226023575e-13, 4.15454156537e-13, 4.47197238008e-13, 3.71516456921e-13, 4.14254784989e-13, 4.00587793188e-13, 2.93171303206e-13, 1.12681768755e-13, 1.4542185205e-14, 5.10711898102e-16],
        "stdev": [0.0018474382814, 0.0104249706492, 0.0166701562703, 0.0132325179875, 0.00625220593065, 0.00335942395031, 0.00217657955363, 0.00137302547228, 0.000862050161231, 0.000632888695691, 0.000492695253342, 0.000629332789686, 0.000523322960362, 0.00064237130573, 0.00108824542258, 0.000912867602892, 0.000796419684775, 0.000565737718716, 0.000445314130047, 0.000431722786743, 0.000397400464863, 0.000423065997893, 0.000547127856407, 0.000840487249661, 0.00128220079932, 0.00120746623725, 0.000732892658561, 0.000598339247517, 0.000276273698546, 0.000241431902396, 0.000138326227898, 0.000255873252172, 0.000293541204883, 0.00034749956103, 0.000243146932917, 0.000143833793118, 0.000210225291084, 0.000189968282939, 0.000387680745916, 0.000378359720344, 0.000229942626902, 0.000499502988532, 0.000242378562689, 0.0003602708166, 0.000424412515713, 0.000354957417585, 0.00019641740073, 0.000242043053731, 0.000219193403609, 0.000121057149954, 0.000271932396572, 0.000148747756612, 4.70281447633e-05, 7.67378805904e-05, 7.22684926586e-05, 7.09073719918e-05, 4.14188289142e-05, 3.85145940527e-05, 3.31705232384e-05, 4.22149787482e-05, 3.28563037328e-05, 1.49861225509e-05, 1.55474936037e-05, 1.73549287865e-05, 1.25693204609e-05, 1.02528265415e-05, 1.57524955284e-05, 1.16721575978e-05, 1.35350865094e-05, 1.64963621501e-05, 1.62055221153e-05, 1.27070834424e-05, 1.04488917714e-05, 8.06385105534e-06, 7.52449659558e-06, 9.53300786932e-06, 7.96522999735e-06, 9.60056604526e-06, 1.13633459478e-05, 1.16206338134e-05, 1.08046606329e-05, 1.05421986518e-05, 9.12708583201e-06, 1.05939134301e-05, 8.16652027424e-06, 9.58811961027e-06, 9.89430009213e-06, 7.75867101765e-06, 7.36329275242e-06, 8.13549559098e-06, 8.30343833513e-06, 7.30233341528e-06, 7.0579212661e-06, 5.78962408326e-06, 5.93309869146e-06, 4.79906384498e-06, 4.24645168096e-06, 4.07814968639e-06, 4.38645929535e-06, 4.27557415605e-06, 4.54411383544e-06, 5.0625772019e-06, 7.55966129873e-06, 6.34752404949e-06, 4.6863751777e-06, 3.68870178136e-06, 3.94664266423e-06, 3.15631359626e-06, 1.87326838841e-06, 1.39798726195e-06, 9.20763852719e-07, 8.52452103572e-07, 6.44042358999e-07, 1.68618981888e-07, 1.0037162923e-07, 1.37426683366e-08, 5.4641926539e-09, 3.48495876601e-09, 3.41403594284e-09, 3.34202843177e-09, 3.28168980879e-09, 3.22069726444e-09, 3.1721070215e-09, 3.12516879042e-09, 3.08855585551e-09, 3.05537328771e-09, 3.03359848353e-09, 3.01944758085e-09]
    },
    "mfcc": {
        "mean": [-637.1640625, 97.9585266113, -3.6192779541, 12.2187385559, 3.20551371574, 13.8118066788, -2.04739260674, 5.52133655548, 0.784364640713, 7.5965423584, 2.59536647797, 6.98134279251, 3.50382709503],
        "cov": [[5171.70361328, -170.357391357, 508.558166504, 0.469963729382, 448.861694336, -4.386906147, -30.3773384094, -74.7492599487, 65.1136550903, 41.2635612488, 58.1260223389, 129.810821533, 100.551597595], [-170.357391357, 1099.82226562, -118.860992432, 185.45703125, 91.7735290527, 120.295066833, 102.765945435, 85.3285217285, 78.8135528564, 65.886932373, 33.5136985779, 81.9659576416, 16.5070934296], [508.558166504, -118.860992432, 659.49420166, 237.684020996, 185.624572754, 139.459762573, 91.3562088013, 76.8086013794, 67.2987670898, 7.35738134384, 47.9044685364, 36.3893318176, 10.3464794159], [0.469963729382, 185.45703125, 237.684020996, 449.107055664, 62.0988998413, 147.031311035, 74.6184463501, 79.8559188843, 78.9864196777, 16.3299350739, 22.2484855652, 37.2688407898, 17.5645675659], [448.861694336, 91.7735290527, 185.624572754, 62.0988998413, 330.826049805, 76.6109085083, 102.651046753, 60.764251709, 64.4529953003, 53.6310768127, 30.1580410004, 25.506521225, 29.6953048706], [-4.386906147, 120.295066833, 139.459762573, 147.031311035, 76.6109085083, 228.957794189, 98.8456573486, 102.732429504, 48.2721748352, 39.3042564392, 34.944152832, 12.9384908676, -6.61796092987], [-30.3773384094, 102.765945435, 91.3562088013, 74.6184463501, 102.651046753, 98.8456573486, 177.91204834, 87.8288040161, 51.1910476685, 35.9381637573, 31.4462089539, -8.50191783905, -6.34622049332], [-74.7492599487, 85.3285217285, 76.8086013794, 79.8559188843, 60.764251709, 102.732429504, 87.8288040161, 148.661193848, 58.5912208557, 39.6564979553, 14.987326622, 9.52934551239, -9.10148429871], [65.1136550903, 78.8135528564, 67.2987670898, 78.9864196777, 64.4529953003, 48.2721748352, 51.1910476685, 58.5912208557, 98.2808837891, 30.8697605133, 18.7120456696, 10.3494691849, 3.98490476608], [41.2635612488, 65.886932373, 7.35738134384, 16.3299350739, 53.6310768127, 39.3042564392, 35.9381637573, 39.6564979553, 30.8697605133, 81.1417160034, 25.6665458679, 8.33696746826, 1.16514909267], [58.1260223389, 33.5136985779, 47.9044685364, 22.2484855652, 30.1580410004, 34.944152832, 31.4462089539, 14.987326622, 18.7120456696, 25.6665458679, 69.4493865967, 27.3396682739, 6.02852344513], [129.810821533, 81.9659576416, 36.3893318176, 37.2688407898, 25.506521225, 12.9384908676, -8.50191783905, 9.52934551239, 10.3494691849, 8.33696746826, 27.3396682739, 95.8838653564, 41.0433235168], [100.551597595, 16.5070934296, 10.3464794159, 17.5645675659, 29.6953048706, -6.61796092987, -6.34622049332, -9.10148429871, 3.98490476608, 1.16514909267, 6.02852344513, 41.0433235168, 65.3777999878]],
        "icov": [[0.000250686978688, 3.04072782455e-05, -0.000155956819071, 8.8791573944e-05, -0.000315821409458, -4.89273315907e-06, 0.000160790776135, 0.000264941831119, -0.000142224089359, -7.50230974518e-05, 2.69122738246e-05, -0.000236321386183, -4.10803804698e-05], [3.04072782455e-05, 0.00132497935556, 0.000732324842829, -0.000562950735912, -0.00035518797813, -0.000327726011164, -0.000530964403879, 0.000220693123993, -0.000420754484367, -0.000307023059577, 0.000264240370598, -0.00145940098446, 0.000684323778842], [-0.000155956819071, 0.000732324842829, 0.00287761515938, -0.00129585398827, -0.00119270686992, -0.000639363599475, -0.000241469038883, -0.000270571850706, -0.000198536436073, 0.00127218081616, -0.00096294406103, -0.000817773165181, 0.000955227937084], [8.8791573944e-05, -0.000562950735912, -0.00129585398827, 0.0038480181247, 0.000694349757396, -0.00154391222168, -2.38023458223e-05, 0.000261479697656, -0.00187217304483, 0.000417363131419, 0.000834461534396, -0.000263280264335, -0.00106572743971], [-0.000315821409458, -0.00035518797813, -0.00119270686992, 0.000694349757396, 0.00540915131569, -0.000121371449495, -0.00213039084338, 0.000201558359549, -0.00119802530389, -0.00205878610723, 0.000824183342047, 0.000311209238134, -0.00223195180297], [-4.89273315907e-06, -0.000327726011164, -0.000639363599475, -0.00154391222168, -0.000121371449495, 0.00836351793259, -0.00146558950655, -0.00362921133637, 0.00141367781907, -0.000906128087081, -0.00188680714928, 0.000431212421972, 0.000693740032148], [0.000160790776135, -0.000530964403879, -0.000241469038883, -2.38023458223e-05, -0.00213039084338, -0.00146558950655, 0.0109028629959, -0.00387097522616, -0.000605787907261, 0.000551562232431, -0.00362677127123, 0.00383735564537, -0.000777409470174], [0.000264941831119, 0.000220693123993, -0.000270571850706, 0.000261479697656, 0.000201558359549, -0.00362921133637, -0.00387097522616, 0.0140673108399, -0.00461890688166, -0.00297066825442, 0.00363112916239, -0.00328307133168, 0.00269376416691], [-0.000142224089359, -0.000420754484367, -0.000198536436073, -0.00187217304483, -0.00119802530389, 0.00141367781907, -0.000605787907261, -0.00461890688166, 0.0163910444826, -0.00233059981838, -0.00179729552474, 0.00111003080383, -0.000643845356535], [-7.50230974518e-05, -0.000307023059577, 0.00127218081616, 0.000417363131419, -0.00205878610723, -0.000906128087081, 0.000551562232431, -0.00297066825442, -0.00233059981838, 0.0179271865636, -0.0054318276234, 0.000931155693252, 0.000101690697193], [2.69122738246e-05, 0.000264240370598, -0.00096294406103, 0.000834461534396, 0.000824183342047, -0.00188680714928, -0.00362677127123, 0.00363112916239, -0.00179729552474, -0.0054318276234, 0.0212266650051, -0.00718147028238, 0.00216566305608], [-0.000236321386183, -0.00145940098446, -0.000817773165181, -0.000263280264335, 0.000311209238134, 0.000431212421972, 0.00383735564537, -0.00328307133168, 0.00111003080383, 0.000931155693252, -0.00718147028238, 0.0194367263466, -0.0108743309975], [-4.10803804698e-05, 0.000684323778842, 0.000955227937084, -0.00106572743971, -0.00223195180297, 0.000693740032148, -0.000777409470174, 0.00269376416691, -0.000643845356535, 0.000101690697193, 0.00216566305608, -0.0108743309975, 0.0233693048358]]
    },
    "spectral_contrast_coeffs": {
        "max": [-0.507416725159, -0.470982372761, -0.511883616447, -0.510454952717, -0.591884434223, -0.582669734955],
        "mean": [-0.762659609318, -0.772159218788, -0.78090184927, -0.795866727829, -0.803570747375, -0.738175809383],
        "min": [-0.887650191784, -0.935616135597, -0.921801328659, -0.910699903965, -0.896431028843, -0.873999536037],
        "stdev": [0.060533028096, 0.0810012891889, 0.0677867531776, 0.0645057931542, 0.0411553271115, 0.0461640357971]
    },
    "spectral_contrast_valleys": {
        "max": [-4.64248418808, -4.49151802063, -5.13430452347, -5.52625703812, -5.67195701599, -7.69953489304],
        "mean": [-6.99707603455, -6.76320505142, -7.242415905, -7.34371185303, -7.46119689941, -10.1595849991],
        "min": [-10.8558740616, -9.667345047, -9.16650390625, -9.35168266296, -9.54675769806, -13.0466556549],
        "stdev": [1.10069060326, 0.732017040253, 0.595848560333, 0.629206359386, 0.631334960461, 1.13639831543]
    }
},
"rhythm": {
    "beats_count": 59,
    "beats_loudness": {
        "max": 0.252762585878,
        "mean": 0.0585484467447,
        "min": 0.00073626358062,
        "stdev": 0.0580484978855
    },
    "bpm": 110.659095764,
    "bpm_histogram_first_peak_bpm": 110,
    "bpm_histogram_first_peak_weight": 0.327586174011,
    "bpm_histogram_second_peak_bpm": 0,
    "bpm_histogram_second_peak_spread": 0,
    "bpm_histogram_second_peak_weight": 0,
    "danceability": 1.08879268169,
    "onset_rate": 4.09130859375,
    "beats_loudness_band_ratio": {
        "max": [0.98344117403, 0.403073191643, 0.640775263309, 0.50173920393, 0.481526196003, 0.365035861731],
        "mean": [0.469090789557, 0.0799470469356, 0.157996833324, 0.144059285522, 0.108392819762, 0.0726848170161],
        "min": [0.00328295095824, 0.00673480564728, 0.00212542479858, 0.00355669204146, 0.0031719552353, 0.00138620694634],
        "stdev": [0.367034703493, 0.0961536020041, 0.157723680139, 0.127278476954, 0.112171947956, 0.0847111642361]
    },
    "beats_position": [0.53405892849, 1.07972788811, 1.62539684772, 2.15945577621, 2.70512461662, 3.25079369545, 3.78485250473, 4.31891155243, 4.86458063126, 5.41024923325, 5.94430828094, 6.48997735977, 7.03564596176, 7.56970500946, 8.11537361145, 8.66104316711, 9.19510173798, 9.74077033997, 10.2864398956, 10.8321084976, 11.3777770996, 11.9118366241, 12.4575052261, 13.0031747818, 13.5372333527, 14.0829019547, 14.6285715103, 15.1626300812, 15.696688652, 16.242357254, 16.7880268097, 17.3336963654, 17.8793640137, 18.4134235382, 18.9474830627, 19.4931507111, 20.0388202667, 20.5844898224, 21.1301574707, 21.6758270264, 22.221496582, 22.7555541992, 23.3012237549, 23.8468933105, 24.40417099, 24.9382305145, 25.4722900391, 26.0063495636, 26.5520172119, 27.0976867676, 27.6317462921, 28.1658039093, 28.711473465, 29.2571430206, 29.8028106689, 30.3484802246, 30.8941497803, 31.4398174286, 31.9854869843],
