{
"metadata": {
    "version": {
        "essentia": "2.1-beta5",
        "essentia_git_sha": "Undefined",
        "extractor": "music 2.0"
    },
    "audio_properties": {
        "analysis": {
            "equal_loudness": 0,
            "length": 29.0017242432,
            "sample_rate": 44100,
            "start_time": 0,
            "downmix": "mix"
        },
        "bit_rate": 192000,
        "length": 194.501953125,
        "lossless": 0,
        "number_channels": 2,
        "replay_gain": 1.51905250549,
        "sample_rate": 48000,
        "codec": "mp3",
        "md5_encoded": "df1e75a0fb66cca5f93b263c1cce20ae"
    },
    "tags": {
        "file_name": "Switzerland_The Last of Our Kind_Rykka.mp3",
        "encoding": ["Lavf58.29.100"]
    }
},
"lowlevel": {
    "average_loudness": 0.894290924072,
    "barkbands_crest": {
        "max": 26.4375343323,
        "mean": 13.4174995422,
        "min": 2.23663949966,
        "stdev": 6.58425998688
    },
    "barkbands_flatness_db": {
        "max": 0.41252797842,
        "mean": 0.196776732802,
        "min": 0.0579737760127,
        "stdev": 0.0791092962027
    },
    "barkbands_kurtosis": {
        "max": 332.690551758,
        "mean": 13.6081371307,
        "min": -1.90638411045,
        "stdev": 28.8865528107
    },
    "barkbands_skewness": {
        "max": 16.4314689636,
        "mean": 2.16830015182,
        "min": -2.54872441292,
        "stdev": 2.42005705833
    },
    "barkbands_spread": {
        "max": 86.0540618896,
        "mean": 15.1822299957,
        "min": 0.650079607964,
        "stdev": 12.5816802979
    },
    "dissonance": {
        "max": 0.49992826581,
        "mean": 0.444773137569,
        "min": 0.215521618724,
        "stdev": 0.0506777390838
    },
    "dynamic_complexity": 4.36998414993,
    "erbbands_crest": {
        "max": 29.7931842804,
        "mean": 10.5614957809,
        "min": 2.76509523392,
        "stdev": 5.36838626862
    },
    "erbbands_flatness_db": {
        "max": 0.360197365284,
        "mean": 0.186026379466,
        "min": 0.0757141113281,
        "stdev": 0.0479818060994
    },
    "erbbands_kurtosis": {
        "max": 41.1103439331,
        "mean": 2.59024786949,
        "min": -1.78775548935,
        "stdev": 4.50994539261
    },
    "erbbands_skewness": {
        "max": 6.18292474747,
        "mean": 0.787423670292,
        "min": -3.14423561096,
        "stdev": 1.03300702572
    },
    "erbbands_spread": {
        "max": 144.798416138,
        "mean": 30.3632774353,
        "min": 4.02109861374,
        "stdev": 19.366071701
    },
    "hfc": {
        "max": 141.681549072,
        "mean": 17.0667228699,
        "min": 1.10957246362e-16,
        "stdev": 19.0347251892
    },
    "loudness_ebu128": {
        "integrated": -24.2773761749,
        "loudness_range": 6.09579467773,
        "momentary": {
            "max": -20.7848777771,
            "mean": -26.3603057861,
            "min": -43.5797195435,
            "stdev": 5.14085388184
        },
        "short_term": {
            "max": -22.5461330414,
            "mean": -25.5254650116,
            "min": -38.7556762695,
            "stdev": 3.23580598831
        }
    },
    "melbands_crest": {
        "max": 37.5899429321,
        "mean": 16.7186603546,
        "min": 1.00008296967,
        "stdev": 7.78533363342
    },
    "melbands_flatness_db": {
        "max": 0.534928739071,
        "mean": 0.244701907039,
        "min": 5.5223608797e-07,
        "stdev": 0.107821330428
    },
    "melbands_kurtosis": {
        "max": 503.669891357,
        "mean": 27.4341182709,
        "min": -1.89464712143,
        "stdev": 57.3230743408
    },
    "melbands_skewness": {
        "max": 18.9271888733,
        "mean": 2.95768260956,
        "min": -1.03905236721,
        "stdev": 2.91954469681
    },
    "melbands_spread": {
        "max": 232.311538696,
        "mean": 19.9521064758,
        "min": 0.51204097271,
        "stdev": 22.7221488953
    },
    "pitch_salience": {
        "max": 0.99774646759,
        "mean": 0.502299249172,
        "min": 0.0589566342533,
        "stdev": 0.186983957887
    },
    "silence_rate_20dB": {
        "max": 1,
        "mean": 1,
        "min": 1,
        "stdev": 0
    },
    "silence_rate_30dB": {
        "max": 1,
        "mean": 0.931999981403,
        "min": 0,
        "stdev": 0.251745462418
    },
    "silence_rate_60dB": {
        "max": 1,
        "mean": 0.142399996519,
        "min": 0,
        "stdev": 0.349461227655
    },
    "spectral_centroid": {
        "max": 11403.2597656,
        "mean": 1144.74182129,
        "min": 201.818603516,
        "stdev": 839.783447266
    },
    "spectral_complexity": {
        "max": 51,
        "mean": 12.6543998718,
        "min": 0,
        "stdev": 8.42351531982
    },
    "spectral_decrease": {
        "max": 8.04280682765e-29,
        "mean": -1.02674322378e-08,
        "min": -4.21407548856e-08,
        "stdev": 9.45621714266e-09
    },
    "spectral_energy": {
        "max": 0.163185298443,
        "mean": 0.0402996502817,
        "min": 1.01437820908e-20,
        "stdev": 0.0364443138242
    },
    "spectral_energyband_high": {
        "max": 0.0152964964509,
        "mean": 0.000599825696554,
        "min": 7.68535768945e-21,
        "stdev": 0.00171767373104
    },
    "spectral_energyband_low": {
        "max": 0.114638663828,
        "mean": 0.0224453713745,
        "min": 4.06594435334e-23,
        "stdev": 0.0276064109057
    },
    "spectral_energyband_middle_high": {
        "max": 0.0432780385017,
        "mean": 0.00357290380634,
        "min": 1.30171187526e-21,
        "stdev": 0.00528273545206
    },
    "spectral_energyband_middle_low": {
        "max": 0.135151058435,
        "mean": 0.0140333995223,
        "min": 2.63115808047e-22,
        "stdev": 0.0162796489894
    },
    "spectral_entropy": {
        "max": 9.79498577118,
        "mean": 7.34351348877,
        "min": 5.63597583771,
        "stdev": 0.618844211102
    },
    "spectral_flux": {
        "max": 0.326188355684,
        "mean": 0.0719646885991,
        "min": 7.14083445152e-11,
        "stdev": 0.053159840405
    },
    "spectral_kurtosis": {
        "max": 20.2154788971,
        "mean": 5.48177433014,
        "min": -1.23601233959,
        "stdev": 3.20269203186
    },
    "spectral_rms": {
        "max": 0.0126176532358,
        "mean": 0.00546804117039,
        "min": 3.14585011686e-12,
        "stdev": 0.00306875235401
    },
    "spectral_rolloff": {
        "max": 19078.4179688,
        "mean": 1330.01049805,
        "min": 64.599609375,
        "stdev": 1821.1348877
    },
    "spectral_skewness": {
        "max": 3.52158284187,
        "mean": 1.86115777493,
        "min": -0.147181987762,
        "stdev": 0.549699544907
    },
    "spectral_spread": {
        "max": 41428032,
        "mean": 4596696.5,
        "min": 1733761.375,
        "stdev": 2278515.5
    },
    "spectral_strongpeak": {
        "max": 7.20465373993,
        "mean": 0.931828439236,
        "min": 0,
        "stdev": 1.09804773331
    },
    "zerocrossingrate": {
        "max": 0.5478515625,
        "mean": 0.0511753894389,
        "min": 0.00244140625,
        "stdev": 0.0494019202888
    },
    "barkbands": {
        "max": [0.0214415751398, 0.104107990861, 0.0588881894946, 0.0329337753356, 0.04155953601, 0.109296306968, 0.0258550848812, 0.060287617147, 0.0794326141477, 0.0358793660998, 0.00945800356567, 0.0146978273988, 0.0142669146881, 0.00947276875377, 0.00765180587769, 0.00849746074528, 0.00670899823308, 0.00681715644896, 0.00249852333218, 0.00213455897756, 0.00216864515096, 0.00222959066741, 0.00462620938197, 0.00854706950486, 0.00303616537713, 0.00213237293065, 4.32574670413e-05],
        "mean": [0.00108513701707, 0.0198513995856, 0.00125388090964, 0.000796600419562, 0.00309240771458, 0.00426877522841, 0.00076370552415, 0.000973344431259, 0.00393561227247, 0.000986256171018, 0.000431280815974, 0.000430278538261, 0.000456257344922, 0.000433098030044, 0.000234512190218, 0.000253074686043, 0.000176057263161, 0.000169416613062, 7.61530245654e-05, 8.06553507573e-05, 6.76515192026e-05, 6.53745737509e-05, 0.000107744432171, 0.000203043106012, 8.88192444108e-05, 1.91099188669e-05, 4.87801372628e-08],
        "min": [4.3111516683e-24, 2.25404255675e-23, 2.74825373756e-24, 8.93405643319e-24, 2.9541749117e-23, 4.70494345913e-23, 1.56209416037e-23, 9.18391076997e-24, 2.28837977868e-23, 5.24202173596e-23, 4.66397317915e-23, 9.08724785672e-23, 7.45597122606e-23, 7.43502980893e-23, 1.86764157219e-22, 7.28709693218e-23, 1.40393613168e-22, 1.13487814366e-22, 1.37690773758e-22, 2.54330068508e-22, 3.73953743969e-22, 4.65920587182e-22, 6.39695865607e-22, 8.73020272148e-22, 1.06412857909e-21, 1.7215609661e-21, 2.06950552426e-21],
        "stdev": [0.00303096906282, 0.0253837089986, 0.00509981997311, 0.00261175120249, 0.005993261002, 0.0104541070759, 0.00230919849128, 0.00260694581084, 0.00908057857305, 0.00296240672469, 0.000792832463048, 0.00105699792039, 0.00121037568897, 0.00104185007513, 0.000629429297987, 0.000676249153912, 0.00052158604376, 0.000492677034345, 0.000170478684595, 0.000187829777133, 0.000186747216503, 0.000219011606532, 0.000384062645026, 0.000748864375055, 0.000267181923846, 9.42655751714e-05, 1.24765415421e-06]
    },
    "erbbands": {
        "max": [4.47293376923, 23.6855983734, 58.4339370728, 88.0577926636, 146.614181519, 169.281600952, 739.243774414, 566.055725098, 459.557342529, 1032.6517334, 892.925964355, 2034.8416748, 950.50994873, 748.325134277, 329.666992188, 452.577697754, 487.022003174, 407.741790771, 455.473144531, 382.578552246, 378.60244751, 481.961029053, 391.709289551, 162.566314697, 103.92427063, 118.701675415, 111.309135437, 54.2055778503, 94.9650192261, 133.741256714, 145.419937134, 227.044265747, 98.8150253296, 43.2136268616, 20.8508739471, 13.7520446777, 2.58448672295, 0.233606308699, 0.00805539544672, 0.000384837941965],
        "mean": [0.690318524837, 3.94384264946, 2.47481942177, 2.09863114357, 7.35214281082, 9.42480182648, 27.0110282898, 30.662481308, 14.5889730453, 10.9048748016, 46.134677887, 86.7096405029, 34.7488937378, 24.1828613281, 16.5865802765, 18.6965484619, 20.6568222046, 17.0548038483, 17.5958480835, 14.08573246, 13.1358785629, 10.3476676941, 8.90250873566, 6.34632921219, 3.37289834023, 3.74896359444, 3.42542767525, 2.18314218521, 2.19955253601, 2.71216726303, 3.31652450562, 4.42679214478, 2.93431925774, 1.31236898899, 0.469872951508, 0.152552768588, 0.0218355469406, 0.000838882056996, 5.36739826202e-05, 4.93853513035e-05],
        "min": [4.56947666727e-22, 5.7714257341e-21, 6.88945403602e-21, 1.25954210262e-20, 9.14292424578e-20, 8.02487009446e-20, 2.38297318641e-19, 4.3437265048e-19, 3.02306829187e-19, 1.73784843508e-19, 2.77052772441e-19, 5.53756888254e-19, 1.00185572212e-18, 1.83751493595e-18, 2.28437155133e-18, 4.38642877335e-18, 3.84692007114e-18, 4.55961599179e-18, 4.4371519021e-18, 9.37545531422e-18, 4.49445401185e-18, 8.46336295742e-18, 8.72416059685e-18, 5.52793346918e-18, 9.57543119039e-18, 1.29258782851e-17, 1.62039570023e-17, 1.57582935949e-17, 1.45821800759e-17, 1.96868042802e-17, 1.84559578743e-17, 1.70797096604e-17, 1.46017246994e-17, 1.1136383872e-17, 7.15551017246e-18, 6.47172173268e-18, 3.07492688111e-18, 1.15017179089e-18, 2.98064917759e-19, 3.17534830061e-20],
        "stdev": [0.936452805996, 5.54596996307, 5.92897033691, 7.0230512619, 16.5150299072, 19.981678009, 73.9746627808, 70.1607437134, 40.68957901, 41.7842445374, 91.5523376465, 229.523681641, 70.4358978271, 59.7451667786, 29.1103401184, 42.3276405334, 46.4758300781, 35.8913955688, 42.3070068359, 34.5886802673, 33.5434646606, 30.9525699615, 26.6860618591, 13.1223678589, 7.73385667801, 8.75672149658, 9.19786643982, 5.67230558395, 7.21614980698, 9.96856975555, 11.9521694183, 17.9882698059, 9.64216041565, 3.73401403427, 1.60459125042, 0.689299762249, 0.116518221796, 0.00846445001662, 0.000266854942311, 4.48613136541e-05]
    },
    "gfcc": {
        "mean": [-43.1269187927, 99.9694137573, -123.368553162, 23.9371433258, -67.1037597656, 26.0067005157, -40.8154563904, 20.4230937958, -17.8659515381, 0.755666673183, -5.86227941513, -6.40816307068, 3.82707309723],
        "cov": [[8231.86621094, 355.589874268, 607.947875977, 318.270812988, -90.6771469116, 466.269470215, 8.27215766907, 348.470489502, 132.329345703, 183.890792847, 178.367752075, 144.078979492, 175.094116211], [355.589874268, 1710.59765625, 707.441101074, 175.545455933, 505.347930908, 101.260055542, 445.549926758, 59.9169082642, 200.93812561, -116.37890625, 222.066574097, -232.866790771, 183.07144165], [607.947875977, 707.441101074, 1600.98779297, 419.062255859, 265.321624756, 102.183853149, 76.5994644165, 102.522407532, 106.790519714, 17.8281345367, 245.91595459, -1.20621061325, 193.674880981], [318.270812988, 175.545455933, 419.062255859, 554.674926758, 301.965209961, 125.732421875, 73.4727325439, 39.4177246094, 122.329948425, 25.0729141235, 44.6790847778, 56.400100708, 74.174041748], [-90.6771469116, 505.347930908, 265.321624756, 301.965209961, 622.052368164, 242.35975647, 333.068664551, 104.316886902, 174.184661865, 29.2155284882, 15.235663414, 11.615398407, 41.2943382263], [466.269470215, 101.260055542, 102.183853149, 125.732421875, 242.35975647, 320.010955811, 238.685897827, 92.1050338745, 96.4218597412, 45.8658027649, -7.06616783142, 22.0988006592, -13.4073991776], [8.27215766907, 445.549926758, 76.5994644165, 73.4727325439, 333.068664551, 238.685897827, 446.650756836, 84.7004013062, 120.552230835, 15.8781509399, 9.53439044952, -26.9286079407, -10.6224393845], [348.470489502, 59.9169082642, 102.522407532, 39.4177246094, 104.316886902, 92.1050338745, 84.7004013062, 186.165969849, 92.602973938, 48.4301528931, 44.1721115112, 13.9695072174, 14.1010656357], [132.329345703, 200.93812561, 106.790519714, 122.329948425, 174.184661865, 96.4218597412, 120.552230835, 92.602973938, 229.765731812, 55.5009269714, 97.1178436279, 21.5402526855, 65.8990478516], [183.890792847, -116.37890625, 17.8281345367, 25.0729141235, 29.2155284882, 45.8658027649, 15.8781509399, 48.4301528931, 55.5009269714, 118.472167969, 34.5941925049, 61.9735984802, 15.6136569977], [178.367752075, 222.066574097, 245.91595459, 44.6790847778, 15.235663414, -7.06616783142, 9.53439044952, 44.1721115112, 97.1178436279, 34.5941925049, 234.347351074, 17.2125225067, 134.951065063], [144.078979492, -232.866790771, -1.20621061325, 56.400100708, 11.615398407, 22.0988006592, -26.9286079407, 13.9695072174, 21.5402526855, 61.9735984802, 17.2125225067, 166.099411011, 26.2261161804], [175.094116211, 183.07144165, 193.674880981, 74.174041748, 41.2943382263, -13.4073991776, -10.6224393845, 14.1010656357, 65.8990478516, 15.6136569977, 134.951065063, 26.2261161804, 189.440032959]],
        "icov": [[0.000199817790417, -0.000317035970511, 5.79410152568e-05, -0.000171829349711, 0.000432588160038, -0.000595345976762, 0.000335756340064, -0.000389563443605, 0.000183927128091, -0.000304302666336, 0.000168324375409, -0.000339477468515, -7.06847640686e-05], [-0.000317035970511, 0.00283532380126, -0.000719485920854, 0.0006547071971, -0.00191382318735, 0.00212704390287, -0.00236634374596, 0.00110148952808, -0.000912448973395, 0.00213925493881, -0.00137044815347, 0.00300342519768, -0.000913158350158], [5.79410152568e-05, -0.000719485920854, 0.0011882071849, -0.00083969545085, 0.000294412486255, -0.00061220821226, 0.000650090107229, -0.00063803116791, 0.00086697214283, -0.000456559268059, -0.000646300788503, -0.000418272626121, -1.3454130567e-05], [-0.000171829349711, 0.0006547071971, -0.00083969545085, 0.00361206452362, -0.00206254073419, 1.82559742825e-05, 0.000532399048097, 0.00114100635983, -0.00141090992838, 0.00095580460038, 0.00029007656849, -0.00017335099983, -0.000404503749451], [0.000432588160038, -0.00191382318735, 0.000294412486255, -0.00206254073419, 0.00576319219545, -0.00229418231174, -0.000625234737527, -0.00153591332491, -0.000362624879926, -0.00132047990337, 0.00217280862853, -0.0020461443346, -0.000412724737544], [-0.000595345976762, 0.00212704390287, -0.00061220821226, 1.82559742825e-05, -0.00229418231174, 0.00882422644645, -0.00465921778232, 0.000108391002868, -0.00104819308035, 0.000497869506944, -0.000231041878578, 0.00164773862343, 0.000228825607337], [0.000335756340064, -0.00236634374596, 0.000650090107229, 0.000532399048097, -0.000625234737527, -0.00465921778232, 0.00748210307211, -0.000860646367073, -9.50339563133e-06, -0.00119619257748, 0.000457885995274, -0.001656562672, 0.00139857328031], [-0.000389563443605, 0.00110148952808, -0.00063803116791, 0.00114100635983, -0.00153591332491, 0.000108391002868, -0.000860646367073, 0.00868928059936, -0.00266355508938, -0.000795180501882, -0.00109579623677, 0.00135253043845, 0.000734019558877], [0.000183927128091, -0.000912448973395, 0.00086697214283, -0.00141090992838, -0.000362624879926, -0.00104819308035, -9.50339563133e-06, -0.00266355508938, 0.00905787292868, -0.00267993845046, -0.00242355326191, -0.000400051358156, -0.000567720213439], [-0.000304302666336, 0.00213925493881, -0.000456559268059, 0.00095580460038, -0.00132047990337, 0.000497869506944, -0.00119619257748, -0.000795180501882, -0.00267993845046, 0.0144128464162, -0.0021836089436, -0.0020007963758, 0.000198505076696], [0.000168324375409, -0.00137044815347, -0.000646300788503, 0.00029007656849, 0.00217280862853, -0.000231041878578, 0.000457885995274, -0.00109579623677, -0.00242355326191, -0.0021836089436, 0.0102783311158, -0.00130593334325, -0.00478489883244], [-0.000339477468515, 0.00300342519768, -0.000418272626121, -0.00017335099983, -0.0020461443346, 0.00164773862343, -0.001656562672, 0.00135253043845, -0.000400051358156, -0.0020007963758, -0.00130593334325, 0.0113829271868, -0.00206559686922], [-7.06847640686e-05, -0.000913158350158, -1.3454130567e-05, -0.000404503749451, -0.000412724737544, 0.000228825607337, 0.00139857328031, 0.000734019558877, -0.000567720213439, 0.000198505076696, -0.00478489883244, -0.00206559686922, 0.0104042878374]]
    },
    "melbands": {
        "max": [0.0337729640305, 0.0262130107731, 0.014792162925, 0.0095593361184, 0.0201625879854, 0.0149530731142, 0.00591222336516, 0.0133860167116, 0.00933510065079, 0.0109202936292, 0.00517288735136, 0.00386041775346, 0.00143039913382, 0.00211781752296, 0.00208267685957, 0.000860776635818, 0.000930287118535, 0.00101680064108, 0.00062490144046, 0.000690981047228, 0.0004555353662, 0.000547607429326, 0.00036860111868, 0.000550015771296, 0.000131810927996, 9.24673950067e-05, 6.11056966591e-05, 0.000104285056295, 0.000103491875052, 9.11252645892e-05, 2.79170417343e-05, 5.87890863244e-05, 5.83321634622e-05, 7.1634320193e-05, 9.31348040467e-05, 9.53074923018e-05, 0.000163500779308, 8.52649463923e-05, 4.75326232845e-05, 3.51461130776e-05],
        "mean": [0.00599504774436, 0.00253394804895, 0.00051007734146, 0.000634919386357, 0.000827625102829, 0.000723641947843, 0.000195025757421, 0.000119054726383, 0.000523613591213, 0.000492471270263, 0.00016580762167, 0.000106800354843, 5.91236712353e-05, 3.80865203624e-05, 7.26141661289e-05, 3.03441283904e-05, 3.34630312864e-05, 3.27733177983e-05, 1.84497257578e-05, 1.81483937922e-05, 1.47169184856e-05, 1.11951258077e-05, 6.94768596077e-06, 9.40230620472e-06, 4.65841549158e-06, 2.44012744588e-06, 2.30859404837e-06, 2.58372688222e-06, 2.27998953051e-06, 1.69567726971e-06, 1.11507870315e-06, 1.16005060136e-06, 1.41265797993e-06, 1.53176733875e-06, 1.82456733455e-06, 2.26565816774e-06, 2.9117095437e-06, 2.32739625972e-06, 1.37488507335e-06, 1.01043758605e-06],
        "min": [5.61435658905e-24, 5.57027977483e-24, 4.88742008159e-24, 5.71387651984e-24, 7.91546108856e-24, 9.67816525925e-24, 4.22673408511e-24, 1.49525429141e-24, 2.33121492584e-24, 3.80305976989e-24, 5.02928567135e-24, 6.66068473322e-24, 6.05350322764e-24, 1.1583033998e-23, 8.2237605521e-24, 8.10060358757e-24, 8.58971707033e-24, 4.25322206216e-24, 1.53331572568e-23, 6.5838709803e-24, 4.91916542214e-24, 8.22683632077e-24, 1.09892292068e-23, 4.85877733099e-24, 3.60184344107e-24, 6.5015632056e-24, 7.4980629507e-24, 8.47463409718e-24, 1.03760578803e-23, 8.55245995864e-24, 7.13789903809e-24, 7.58743615809e-24, 7.56421761507e-24, 1.10392571877e-23, 9.39801314168e-24, 1.11435264555e-23, 8.73532974939e-24, 8.17125475911e-24, 9.54870135179e-24, 9.19621621123e-24],
        "stdev": [0.00762653071433, 0.00391023559496, 0.00133488944266, 0.00126793119125, 0.00207884563133, 0.00163814623374, 0.000558334169909, 0.000505412870552, 0.00111016770825, 0.0012537301518, 0.00038433042937, 0.000301396037685, 0.000108071937575, 9.85502265394e-05, 0.000217296648771, 5.99251106905e-05, 7.50255276216e-05, 8.63900786499e-05, 5.03993505845e-05, 5.25042560184e-05, 3.84470222343e-05, 3.43632200384e-05, 1.99079695449e-05, 3.45318658219e-05, 9.31163140194e-06, 6.08270511293e-06, 5.27373231307e-06, 6.51792515782e-06, 6.34241678199e-06, 5.72290400669e-06, 2.89475860882e-06, 3.76074376618e-06, 5.28813552592e-06, 5.78950948693e-06, 6.68970278639e-06, 8.77868205862e-06, 1.22144328998e-05, 8.23031587061e-06, 3.82809548682e-06, 3.01529394164e-06]
    },
    "melbands128": {
        "max": [0.0181317832321, 0.03943599388, 0.0476528145373, 0.0418812818825, 0.0348348468542, 0.0281607937068, 0.0213429965079, 0.0212441273034, 0.020267277956, 0.0163628198206, 0.0131611851975, 0.0195218250155, 0.0266797188669, 0.0479250773787, 0.0159952230752, 0.0167193524539, 0.0122178904712, 0.007452017162, 0.0083137806505, 0.0123737147078, 0.0240335967392, 0.00545796658844, 0.0152734015137, 0.0241589993238, 0.0243907533586, 0.00368356890976, 0.00749256135896, 0.00763576338068, 0.0112878791988, 0.00781056471169, 0.00131349859294, 0.00242917146534, 0.0027524237521, 0.00190577446483, 0.00417681736872, 0.00199280353263, 0.00157429766841, 0.00381095404737, 0.00345998676494, 0.00075153587386, 0.00118086801376, 0.00117002846673, 0.000978158903308, 0.00228646327741, 0.00250051519834, 0.00113405403681, 0.000830869365018, 0.0009674631292, 0.000730734260287, 0.000783301773481, 0.00131458207034, 0.000714691763278, 0.00123826018535, 0.000542237772606, 0.000437875278294, 0.000953348411713, 0.000705615966581, 0.000529802404344, 0.000285299349343, 0.000346523564076, 0.00132188072894, 0.000616438803263, 0.000168331825989, 0.000141386030009, 0.000104408980405, 0.000126585029648, 9.94256115519e-05, 9.30977985263e-05, 8.04487717687e-05, 6.50282599963e-05, 0.000147809492773, 0.000146896403749, 0.000123646459542, 0.000193742482224, 0.00013634529023, 0.000216568034375, 3.49847177858e-05, 4.46798767371e-05, 3.91675566789e-05, 2.15025720536e-05, 5.25419782207e-05, 7.22858239897e-05, 7.21437027096e-05, 6.33562522125e-05, 8.46986222314e-05, 0.000152296299348, 8.36112594698e-05, 0.000121482415125, 0.000113276975753, 6.95160779287e-05, 8.36224207887e-05, 0.000138516785228, 0.00019604593399, 0.00023925867572, 0.000142664124724, 0.000133480294608, 0.000118284537166, 4.67572390335e-05, 5.98089245614e-05, 6.53745955788e-05, 4.63803771709e-05, 3.88053667848e-05, 2.55830600508e-05, 2.12697013922e-05, 3.63944527635e-05, 3.90163295378e-05, 2.96324178635e-05, 2.58052386926e-05, 4.3463340262e-05, 2.26188931265e-05, 1.91406397789e-05, 9.85427777778e-06, 6.02605769018e-06, 5.49502510694e-06, 4.63959122499e-06, 2.79139499071e-06, 1.02911292288e-06, 1.88156903391e-07, 1.17505912556e-07, 1.06136361921e-07, 1.33401954372e-07, 8.52693915476e-08, 4.66225387186e-08, 3.41061614506e-08, 3.36185372873e-08, 3.32337997122e-08, 3.29794183074e-08, 3.28013207707e-08],
        "mean": [0.00101673405152, 0.00527609605342, 0.00913714524359, 0.00558065716177, 0.00172637309879, 0.000548731710296, 0.000353282724973, 0.000441618671175, 0.000826853734907, 0.000749033177271, 0.00041285037878, 0.000488965306431, 0.00086055934662, 0.00143622106407, 0.000734814850148, 0.000361890590284, 0.000293821154628, 0.000160935989697, 6.99718366377e-05, 0.000110280016088, 0.000145844649523, 0.000147884828039, 0.000460905896034, 0.00108189543243, 0.000737944734283, 0.000151589338202, 0.000191308630747, 0.000121324454085, 0.000228025033721, 0.000127840190544, 5.88788570894e-05, 6.99088122929e-05, 6.7711189331e-05, 4.232419451e-05, 4.38085662609e-05, 2.9704260669e-05, 3.48577414115e-05, 0.000109203610918, 6.91928216838e-05, 2.95964873658e-05, 2.29938468692e-05, 2.77389608527e-05, 2.52280569839e-05, 3.69488698198e-05, 5.98240148975e-05, 2.34431572608e-05, 1.54867739184e-05, 1.91609742615e-05, 1.92578008864e-05, 1.88622598216e-05, 1.96815835807e-05, 1.49960978888e-05, 1.63453460118e-05, 1.46172387758e-05, 1.05024428194e-05, 1.26824679683e-05, 9.95091613731e-06, 7.0413634603e-06, 5.78692606723e-06, 6.18387366558e-06, 1.30142871058e-05, 8.73876797414e-06, 4.91600667374e-06, 3.99920600103e-06, 3.08906192004e-06, 2.09982567867e-06, 2.27476198233e-06, 2.41851330429e-06, 2.25829489864e-06, 2.2177162009e-06, 2.39747419073e-06, 3.11742132908e-06, 2.50001744462e-06, 2.08148844649e-06, 1.90671062228e-06, 2.23543202083e-06, 1.21916934859e-06, 1.17586193937e-06, 1.15234672649e-06, 9.9742680959e-07, 1.10065036552e-06, 1.16297496788e-06, 1.39614951422e-06, 1.37184918003e-06, 1.56006524321e-06, 1.38332541155e-06, 1.58285831731e-06, 1.74332183178e-06, 1.87583941624e-06, 1.83920224117e-06, 1.8158415287e-06, 2.50034941018e-06, 2.83930216938e-06, 2.83340887108e-06, 3.14669864565e-06, 2.76056994153e-06, 2.17972069549e-06, 1.6030523966e-06, 1.41899590744e-06, 1.2064801922e-06, 1.18781565561e-06, 1.05646722659e-06, 6.86167652475e-07, 5.48682010049e-07, 4.77015930755e-07, 4.94122332384e-07, 4.16823610294e-07, 3.00343288018e-07, 2.41081380636e-07, 2.02453094289e-07, 1.68507085618e-07, 1.19463081205e-07, 2.12082369444e-08, 1.00663539726e-08, 8.47660608372e-09, 4.43870362687e-09, 1.04337427587e-09, 2.0300429393e-10, 1.46066714279e-10, 1.37441308334e-10, 1.63739244385e-10, 1.22650709034e-10, 8.09343633779e-11, 3.6940572129e-11, 3.24982436795e-11, 3.15448812904e-11, 3.09932253473e-11, 3.07819048029e-11],
        "min": [2.32937175233e-24, 2.16827412814e-24, 7.02835386848e-24, 1.0337131539e-23, 5.38333236207e-24, 9.0181375672e-25, 7.91110736523e-25, 6.47541207216e-24, 1.06538449929e-23, 3.31394549827e-24, 3.66809868521e-24, 6.67670728707e-24, 5.85479271549e-24, 1.41449134302e-23, 8.00882908758e-24, 4.8290727736e-24, 5.85343626916e-24, 3.75172661863e-24, 9.99353449422e-25, 2.87806336331e-24, 5.60902980578e-25, 1.01978159421e-24, 4.07966398554e-24, 1.44663699104e-24, 1.99667459594e-24, 5.20052804678e-24, 3.39963709182e-24, 5.96993761423e-24, 2.57646547038e-24, 5.27669651148e-24, 6.65248846842e-24, 4.75436685701e-24, 4.53978761889e-24, 9.42145729892e-24, 3.65094056609e-24, 1.90542283462e-23, 1.25138062469e-23, 4.13925019959e-24, 6.94299280765e-24, 1.14224321729e-23, 5.54660724235e-24, 8.17313777009e-24, 9.51501856886e-24, 6.53955474679e-24, 2.83920644171e-24, 2.21152697715e-24, 5.04625012511e-24, 1.29116146019e-23, 1.71648780792e-23, 1.08093941639e-23, 3.82434402597e-24, 4.20300475465e-24, 4.97258511049e-24, 3.81055434292e-24, 5.21411183713e-24, 3.99627231596e-24, 8.59446759071e-24, 7.4322680069e-24, 1.0419117064e-23, 4.597649383e-24, 2.67238957595e-24, 3.18212802429e-24, 2.57100911672e-24, 2.58153981816e-24, 3.45742154755e-24, 8.96275913722e-24, 6.43991412029e-24, 5.26225680704e-24, 7.75889980901e-24, 1.04588125447e-23, 6.75587263435e-24, 5.89240126471e-24, 8.88274970877e-24, 1.16602792578e-23, 8.60048581055e-24, 6.20771725157e-24, 1.06215726933e-23, 6.52876667949e-24, 6.28292133382e-24, 6.4261745299e-24, 5.20716591686e-24, 9.16548692353e-24, 5.54644749802e-24, 5.71022803815e-24, 7.28655672023e-24, 1.25546211213e-23, 1.00450502668e-23, 7.59803450435e-24, 9.51394729575e-24, 9.20342561105e-24, 1.17230646973e-23, 8.71656195959e-24, 1.39798647962e-23, 7.7598361869e-24, 7.81867653296e-24, 4.42053669914e-24, 8.33740700955e-24, 1.1949785688e-23, 8.24029902098e-24, 7.66349260455e-24, 6.8797837499e-24, 9.11279653709e-24, 6.69059754989e-24, 5.71164917107e-24, 6.37345535004e-24, 6.97464269603e-24, 1.15004118622e-23, 1.16020061027e-23, 8.40070599744e-24, 8.82321910942e-24, 1.27861407529e-23, 1.34581153489e-23, 7.44902577911e-24, 7.69858665964e-24, 7.81741041121e-24, 9.17489172324e-24, 7.54327256918e-24, 8.05116015262e-24, 6.37112663264e-24, 6.09907611656e-24, 9.06540571821e-24, 1.1333628523e-23, 1.16929507211e-23, 7.69132756159e-24, 6.99979394827e-24, 6.00472598572e-24, 9.79113724063e-24, 8.02600022291e-24],
        "stdev": [0.00286650075577, 0.00844697561115, 0.0122384130955, 0.00840462278575, 0.00369825656526, 0.00236234953627, 0.00150224938989, 0.00144465989433, 0.00201391102746, 0.00186678266618, 0.0012422085274, 0.00174637255259, 0.002885280177, 0.00422310596332, 0.00196237000637, 0.00147274741903, 0.000955119088758, 0.000632729846984, 0.000369216257241, 0.000593982636929, 0.000821353693027, 0.000454442342743, 0.00127386592794, 0.00285054650158, 0.00260755605996, 0.000360219855793, 0.000608146365266, 0.000360571575584, 0.000846234790515, 0.000564757152461, 0.000140412725159, 0.000170040424564, 0.000172183921677, 0.000104803904833, 0.000188484162209, 8.8298060291e-05, 0.000100611847301, 0.000389238295611, 0.000248631986324, 6.28957131994e-05, 6.51838709018e-05, 8.40236025397e-05, 7.45519137126e-05, 0.000117515024613, 0.00020847315318, 7.11298271199e-05, 5.50866279809e-05, 6.65939878672e-05, 5.62760506e-05, 5.32322446816e-05, 8.29376149341e-05, 4.76206951134e-05, 5.57600069442e-05, 4.23983656219e-05, 3.30510119966e-05, 4.8231875553e-05, 4.05555438192e-05, 2.47799944191e-05, 1.73792977876e-05, 2.07060838875e-05, 7.22652839613e-05, 3.23444728565e-05, 1.08967669803e-05, 9.78345360636e-06, 7.26806911189e-06, 6.86202702127e-06, 6.61425792714e-06, 6.58075487081e-06, 5.89599767409e-06, 5.62009972782e-06, 6.81150959281e-06, 9.97869756247e-06, 7.74392628955e-06, 8.01562418928e-06, 6.06414960203e-06, 1.19164378702e-05, 3.12587008011e-06, 3.37407004736e-06, 3.37314963872e-06, 2.54479732575e-06, 3.46524666384e-06, 4.27213171861e-06, 5.60225407753e-06, 5.33348020326e-06, 6.65499601382e-06, 6.40916687189e-06, 6.35019569017e-06, 7.01967564964e-06, 7.68068821344e-06, 6.92200819685e-06, 6.964340173e-06, 1.0411191397e-05, 1.30993712446e-05, 1.35114642035e-05, 1.31786309794e-05, 1.08782587631e-05, 8.01912483439e-06, 4.46140847998e-06, 4.29169085692e-06, 3.93639174945e-06, 3.62703690371e-06, 3.41133113579e-06, 2.2252565941e-06, 1.72497016138e-06, 1.97911867872e-06, 2.16882745008e-06, 1.86758177279e-06, 1.49780760239e-06, 1.47054322497e-06, 9.57798988566e-07, 8.14089787582e-07, 5.75428884986e-07, 2.54287158441e-07, 1.78493166914e-07, 1.54082940185e-07, 8.85551187935e-08, 2.92254789258e-08, 5.43702682876e-09, 3.49881768003e-09, 3.20132631515e-09, 3.92986887476e-09, 2.6349971094e-09, 1.65210989334e-09, 9.71267066774e-10, 9.5037266945e-10, 9.39512689868e-10, 9.3233010201e-10, 9.2729651735e-10]
    },
    "mfcc": {
        "mean": [-680.079223633, 125.138038635, 2.87273597717, 2.49253153801, 6.47986698151, -2.82090210915, 3.73753738403, 4.6614818573, 3.73386454582, 7.38254976273, -1.21505713463, 2.71790838242, -5.80361175537],
        "cov": [[4976.53808594, -99.789100647, 538.608764648, -2.34944343567, 219.587875366, 139.940368652, 153.245544434, 155.89112854, 143.74836731, 152.42010498, 41.4130172729, 148.671432495, 97.1012420654], [-99.789100647, 1609.29797363, 399.505615234, 263.953948975, 195.990859985, 130.370315552, 387.470977783, 159.81312561, 178.947677612, 180.72114563, 75.1447219849, 95.3489379883, -87.8420562744], [538.608764648, 399.505615234, 1267.71813965, 307.272583008, 335.418945312, -48.3544235229, 150.719406128, -30.2661151886, -33.0020828247, 80.6663131714, -87.9787750244, 142.360305786, -16.6585960388], [-2.34944343567, 263.953948975, 307.272583008, 455.346832275, 258.966888428, 151.689254761, 85.6373825073, 84.8018035889, 102.69077301, 28.0692844391, 33.9337234497, 41.2971496582, 50.2264595032], [219.587875366, 195.990859985, 335.418945312, 258.966888428, 413.902862549, 84.1940765381, 90.7521362305, 66.3292770386, 90.7845535278, 87.1904830933, 36.0796508789, 40.9719581604, 78.039390564], [139.940368652, 130.370315552, -48.3544235229, 151.689254761, 84.1940765381, 385.640899658, 125.362892151, 188.194641113, 149.431838989, 61.8231697083, 112.682556152, 1.3643103838, 49.3789520264], [153.245544434, 387.470977783, 150.719406128, 85.6373825073, 90.7521362305, 125.362892151, 283.982788086, 116.572685242, 109.642677307, 75.4008026123, 60.5481758118, 41.3950424194, 2.88659524918], [155.89112854, 159.81312561, -30.2661151886, 84.8018035889, 66.3292770386, 188.194641113, 116.572685242, 243.883331299, 132.047607422, 77.3470306396, 96.1843261719, 37.5256347656, 38.9087409973], [143.74836731, 178.947677612, -33.0020828247, 102.69077301, 90.7845535278, 149.431838989, 109.642677307, 132.047607422, 196.48626709, 71.9142379761, 77.9112548828, 19.0910491943, 32.6997833252], [152.42010498, 180.72114563, 80.6663131714, 28.0692844391, 87.1904830933, 61.8231697083, 75.4008026123, 77.3470306396, 71.9142379761, 180.612747192, 64.6172180176, 52.7483978271, 11.8789196014], [41.4130172729, 75.1447219849, -87.9787750244, 33.9337234497, 36.0796508789, 112.682556152, 60.5481758118, 96.1843261719, 77.9112548828, 64.6172180176, 157.937286377, 21.3791389465, 27.1679840088], [148.671432495, 95.3489379883, 142.360305786, 41.2971496582, 40.9719581604, 1.3643103838, 41.3950424194, 37.5256347656, 19.0910491943, 52.7483978271, 21.3791389465, 119.766853333, 14.2762565613], [97.1012420654, -87.8420562744, -16.6585960388, 50.2264595032, 78.039390564, 49.3789520264, 2.88659524918, 38.9087409973, 32.6997833252, 11.8789196014, 27.1679840088, 14.2762565613, 143.822463989]],
        "icov": [[0.000237822663621, 7.61082046665e-05, -0.000137424081913, 0.000194104752154, -6.39380014036e-05, -7.04120539012e-05, -4.16577349824e-05, -5.78159051656e-05, -0.000201792892767, -3.41571976605e-05, 4.54670371255e-05, -0.000157155649504, -6.67269196128e-05], [7.61082046665e-05, 0.00116001570132, -6.72776586725e-05, -0.000465985620394, 2.51827932516e-05, 0.000270325923339, -0.00128961424343, -6.03943153692e-05, -0.000278383551631, -0.000596520432737, 7.48845486669e-05, -0.000133098335937, 0.000859431864228], [-0.000137424081913, -6.72776586725e-05, 0.0016944197705, -0.000792274484411, -0.000936577969696, 0.00012131495896, -0.000771254068241, 0.000325039960444, 0.00114616018254, -0.00034446225618, 0.00105587486178, -0.00132620858494, 0.000618769554421], [0.000194104752154, -0.000465985620394, -0.000792274484411, 0.00480158114806, -0.00211654277518, -0.00146219518501, 0.000986464787275, -2.68440799118e-05, -0.00131270836573, 0.00181248341687, -8.11423087725e-05, -0.000713109911885, -0.000311448384309], [-6.39380014036e-05, 2.51827932516e-05, -0.000936577969696, -0.00211654277518, 0.00528001692146, 0.000538678315934, -0.000144497098518, 0.000187388723134, -0.000921466969885, -0.00172129098792, -0.00036487961188, 0.00130370492116, -0.00211731763557], [-7.04120539012e-05, 0.000270325923339, 0.00012131495896, -0.00146219518501, 0.000538678315934, 0.00541122304276, -0.000982012599707, -0.00248423521407, -0.00102148705628, -0.000235731014982, -0.00138327910099, 0.0016620681854, -0.000372995826183], [-4.16577349824e-05, -0.00128961424343, -0.000771254068241, 0.000986464787275, -0.000144497098518, -0.000982012599707, 0.00703506544232, -0.00103713339195, -0.00171310454607, 0.000389090389945, -0.000615468830802, -0.000161650226801, -0.000148750259541], [-5.78159051656e-05, -6.03943153692e-05, 0.000325039960444, -2.68440799118e-05, 0.000187388723134, -0.00248423521407, -0.00103713339195, 0.00902752019465, -0.00248354906216, -0.000703169207554, -0.00128920713905, -0.00175824714825, -0.000580214371439], [-0.000201792892767, -0.000278383551631, 0.00114616018254, -0.00131270836573, -0.000921466969885, -0.00102148705628, -0.00171310454607, -0.00248354906216, 0.0109908673912, -0.00152783771046, -0.000593568838667, 0.00030745982076, -0.000176739238668], [-3.41571976605e-05, -0.000596520432737, -0.00034446225618, 0.00181248341687, -0.00172129098792, -0.000235731014982, 0.000389090389945, -0.000703169207554, -0.00152783771046, 0.00917016435415, -0.00218510092236, -0.00247750873677, 0.000431864609709], [4.54670371255e-05, 7.48845486669e-05, 0.00105587486178, -8.11423087725e-05, -0.00036487961188, -0.00138327910099, -0.000615468830802, -0.00128920713905, -0.000593568838667, -0.00218510092236, 0.0104048233479, -0.00134850863833, -0.000316461839247], [-0.000157155649504, -0.000133098335937, -0.00132620858494, -0.000713109911885, 0.00130370492116, 0.0016620681854, -0.000161650226801, -0.00175824714825, 0.00030745982076, -0.00247750873677, -0.00134850863833, 0.0120749659836, -0.00148804241326], [-6.67269196128e-05, 0.000859431864228, 0.000618769554421, -0.000311448384309, -0.00211731763557, -0.000372995826183, -0.000148750259541, -0.000580214371439, -0.000176739238668, 0.000431864609709, -0.000316461839247, -0.00148804241326, 0.00935230776668]]
    },
    "spectral_contrast_coeffs": {
        "max": [-0.30674725771, -0.390563100576, -0.468273758888, -0.581667006016, -0.594673871994, -0.628287255764],
        "mean": [-0.684752702713, -0.71767771244, -0.767394900322, -0.804636418819, -0.80041706562, -0.765116512775],
        "min": [-0.974140107632, -0.997747838497, -0.998930573463, -0.986014902592, -0.98927462101, -0.960590600967],
        "stdev": [0.110386498272, 0.113584496081, 0.0751094296575, 0.0576362237334, 0.041527684778, 0.0346958301961]
    },
    "spectral_contrast_valleys": {
        "max": [-4.98763990402, -5.20909547806, -5.30966091156, -5.41127109528, -5.71449565887, -7.61156320572],
        "mean": [-7.36911010742, -7.10287189484, -7.54582118988, -7.810546875, -8.14242458344, -10.8477048874],
        "min": [-27.2785739899, -27.3780097961, -27.6096801758, -27.5323963165, -27.3594074249, -27.2694530487],
        "stdev": [1.48946535587, 1.07404816151, 1.14741015434, 1.13043212891, 1.05377757549, 1.26524102688]
    }
},
"rhythm": {
    "beats_count": 43,
    "beats_loudness": {
        "max": 0.127683192492,
        "mean": 0.0543614327908,
        "min": 0.000132941218908,
        "stdev": 0.0375975444913
    },
    "bpm": 80.9793548584,
    "bpm_histogram_first_peak_bpm": 81,
    "bpm_histogram_first_peak_weight": 0.0434783101082,
    "bpm_histogram_second_peak_bpm": 110,
    "bpm_histogram_second_peak_spread": 0.222222208977,
    "bpm_histogram_second_peak_weight": 0.166666671634,
    "danceability": 0.904944181442,
    "onset_rate": 2.89522051811,
    "beats_loudness_band_ratio": {
        "max": [0.961898565292, 0.487163722515, 0.578551292419, 0.5265147686, 0.500267863274, 0.125057592988],
        "mean": [0.505105912685, 0.108007244766, 0.18884241581, 0.10651897639, 0.0876640602946, 0.0220492482185],
        "min": [0.00193358480465, 0.00194048311096, 0.00299259251915, 0.000732966174837, 0.000563392590266, 0.000197020795895],
        "stdev": [0.317422270775, 0.113910771906, 0.165055006742, 0.133820638061, 0.123341456056, 0.0334663242102]
    },
    "beats_position": [0.545668900013, 1.09133780003, 1.63700675964, 2.18267560005, 2.73995471001, 3.28562355042, 3.83129239082, 4.37696123123, 4.93424034119, 5.47990942001, 6.06040811539, 6.62929677963, 7.19818592072, 7.81351470947, 8.4172334671, 9.0093421936, 9.6014509201, 10.1935596466, 10.7972784042, 11.4009971619, 12.144036293, 12.8870744705, 13.6301136017, 14.3731517792, 15.1161899567, 15.8476190567, 16.602268219, 17.3453063965, 18.088344574, 18.8313827515, 19.574420929, 20.3174591064, 21.0488891602, 21.7803173065, 22.523355484, 23.2431735992, 23.9862117767, 24.7408618927, 25.4955101013, 26.2269382477, 26.958366394, 27.7014045715, 28.4444446564],
