{
"metadata": {
    "version": {
        "essentia": "2.1-beta5",
        "essentia_git_sha": "Undefined",
        "extractor": "music 2.0"
    },
    "audio_properties": {
        "analysis": {
            "equal_loudness": 0,
            "length": 52.2448997498,
            "sample_rate": 44100,
            "start_time": 29.0017242432,
            "downmix": "mix"
        },
        "bit_rate": 192000,
        "length": 189.161376953,
        "lossless": 0,
        "number_channels": 2,
        "replay_gain": -2.03983688354,
        "sample_rate": 48000,
        "codec": "mp3",
        "md5_encoded": "c276b2a2ffa7f78303c281fd8a3a3ad9"
    },
    "tags": {
        "file_name": "Greece_Utopian Land_Argo.mp3",
        "encoding": ["Lavf58.29.100"]
    }
},
"lowlevel": {
    "average_loudness": 0.898609578609,
    "barkbands_crest": {
        "max": 25.6925506592,
        "mean": 11.7232236862,
        "min": 2.16271901131,
        "stdev": 5.47064352036
    },
    "barkbands_flatness_db": {
        "max": 0.370022267103,
        "mean": 0.141485258937,
        "min": 0.0398820638657,
        "stdev": 0.048935353756
    },
    "barkbands_kurtosis": {
        "max": 251.271286011,
        "mean": 5.10108375549,
        "min": -1.89853012562,
        "stdev": 18.3925685883
    },
    "barkbands_skewness": {
        "max": 14.0454072952,
        "mean": 1.29232800007,
        "min": -1.52888083458,
        "stdev": 1.75403559208
    },
    "barkbands_spread": {
        "max": 114.189109802,
        "mean": 26.3072910309,
        "min": 0.703492939472,
        "stdev": 15.7728013992
    },
    "dissonance": {
        "max": 0.499931812286,
        "mean": 0.467625021935,
        "min": 0.247476756573,
        "stdev": 0.0272477120161
    },
    "dynamic_complexity": 2.8888001442,
    "erbbands_crest": {
        "max": 29.8671665192,
        "mean": 10.0902280807,
        "min": 2.31695199013,
        "stdev": 5.20512628555
    },
    "erbbands_flatness_db": {
        "max": 0.313947319984,
        "mean": 0.159363478422,
        "min": 0.0621145404875,
        "stdev": 0.0521526671946
    },
    "erbbands_kurtosis": {
        "max": 23.783870697,
        "mean": 1.10694181919,
        "min": -1.65601098537,
        "stdev": 2.53949904442
    },
    "erbbands_skewness": {
        "max": 3.7437505722,
        "mean": 0.257186561823,
        "min": -2.42941260338,
        "stdev": 0.726004719734
    },
    "erbbands_spread": {
        "max": 134.769104004,
        "mean": 36.4514961243,
        "min": 3.88593363762,
        "stdev": 23.1857357025
    },
    "hfc": {
        "max": 204.426315308,
        "mean": 24.751083374,
        "min": 1.00777590275,
        "stdev": 22.3634624481
    },
    "loudness_ebu128": {
        "integrated": -21.2889728546,
        "loudness_range": 6.23345565796,
        "momentary": {
            "max": -17.2220134735,
            "mean": -21.9264278412,
            "min": -28.5260848999,
            "stdev": 2.53458404541
        },
        "short_term": {
            "max": -19.1482429504,
            "mean": -21.6901836395,
            "min": -26.7517490387,
            "stdev": 2.11281251907
        }
    },
    "melbands_crest": {
        "max": 35.9410057068,
        "mean": 16.131526947,
        "min": 3.53613710403,
        "stdev": 7.03657388687
    },
    "melbands_flatness_db": {
        "max": 0.465803086758,
        "mean": 0.179185286164,
        "min": 0.0391973108053,
        "stdev": 0.0698502063751
    },
    "melbands_kurtosis": {
        "max": 650.968933105,
        "mean": 17.0307426453,
        "min": -1.68506157398,
        "stdev": 40.5473670959
    },
    "melbands_skewness": {
        "max": 20.7051944733,
        "mean": 2.50311613083,
        "min": -1.28840088844,
        "stdev": 2.55609083176
    },
    "melbands_spread": {
        "max": 150.963088989,
        "mean": 28.7755622864,
        "min": 0.481739908457,
        "stdev": 17.1270103455
    },
    "pitch_salience": {
        "max": 0.817415595055,
        "mean": 0.490281611681,
        "min": 0.0541639514267,
        "stdev": 0.140308752656
    },
    "silence_rate_20dB": {
        "max": 1,
        "mean": 1,
        "min": 1,
        "stdev": 0
    },
    "silence_rate_30dB": {
        "max": 1,
        "mean": 0.951132833958,
        "min": 0,
        "stdev": 0.215590417385
    },
    "silence_rate_60dB": {
        "max": 1,
        "mean": 0.0235450919718,
        "min": 0,
        "stdev": 0.151624172926
    },
    "spectral_centroid": {
        "max": 4560.68652344,
        "mean": 1589.05810547,
        "min": 323.209655762,
        "stdev": 557.513366699
    },
    "spectral_complexity": {
        "max": 56,
        "mean": 17.8249664307,
        "min": 1,
        "stdev": 8.63919639587
    },
    "spectral_decrease": {
        "max": -1.68802902212e-10,
        "mean": -8.47070769083e-09,
        "min": -7.21620594391e-08,
        "stdev": 9.23438125966e-09
    },
    "spectral_energy": {
        "max": 0.279246807098,
        "mean": 0.0342154093087,
        "min": 0.000741779978853,
        "stdev": 0.0357929505408
    },
    "spectral_energyband_high": {
        "max": 0.0124966418371,
        "mean": 0.00112510030158,
        "min": 2.10073321796e-05,
        "stdev": 0.00156280363444
    },
    "spectral_energyband_low": {
        "max": 0.24252615869,
        "mean": 0.0178912188858,
        "min": 1.82040082564e-07,
        "stdev": 0.030850155279
    },
    "spectral_energyband_middle_high": {
        "max": 0.0608236193657,
        "mean": 0.00718592386693,
        "min": 8.48976997077e-05,
        "stdev": 0.00764729594812
    },
    "spectral_energyband_middle_low": {
        "max": 0.0989383980632,
        "mean": 0.00845379941165,
        "min": 0.000196875393158,
        "stdev": 0.010767984204
    },
    "spectral_entropy": {
        "max": 8.8371515274,
        "mean": 7.81552648544,
        "min": 6.46803712845,
        "stdev": 0.364706367254
    },
    "spectral_flux": {
        "max": 0.391879886389,
        "mean": 0.0969318896532,
        "min": 0.016190527007,
        "stdev": 0.0579905882478
    },
    "spectral_kurtosis": {
        "max": 15.1935119629,
        "mean": 3.09631562233,
        "min": -1.39193475246,
        "stdev": 2.18249845505
    },
    "spectral_rms": {
        "max": 0.0165056325495,
        "mean": 0.00516922026873,
        "min": 0.000850698386785,
        "stdev": 0.00258070603013
    },
    "spectral_rolloff": {
        "max": 11025,
        "mean": 1793.49499512,
        "min": 64.599609375,
        "stdev": 1674.86022949
    },
    "spectral_skewness": {
        "max": 3.00333619118,
        "mean": 1.39300489426,
        "min": 0.153250530362,
        "stdev": 0.400328189135
    },
    "spectral_spread": {
        "max": 16116117,
        "mean": 5132620.5,
        "min": 1998533,
        "stdev": 1815965.25
    },
    "spectral_strongpeak": {
        "max": 11.1209783554,
        "mean": 1.14337325096,
        "min": 0.0120981857181,
        "stdev": 1.51591038704
    },
    "zerocrossingrate": {
        "max": 0.3466796875,
        "mean": 0.0706528425217,
        "min": 0.001953125,
        "stdev": 0.0387261882424
    },
    "barkbands": {
        "max": [0.0134722245857, 0.235699757934, 0.0413071736693, 0.0254470277578, 0.0207095127553, 0.0281343720853, 0.0173232443631, 0.0463610738516, 0.0809665098786, 0.0270111132413, 0.0254377089441, 0.0268128477037, 0.0413302890956, 0.0227085854858, 0.0255209840834, 0.0188777782023, 0.00434847176075, 0.00447803270072, 0.00311474199407, 0.00246919644997, 0.00212232791819, 0.00302718929015, 0.00339195970446, 0.00375255243853, 0.00711920764297, 0.00107855058741, 3.0493023587e-05],
        "mean": [0.000792994804215, 0.015619808808, 0.00119988142978, 0.000578968261834, 0.00114770012442, 0.00165686022956, 0.000811637088191, 0.00074570637662, 0.00314680044539, 0.000774467247538, 0.000856105296407, 0.0008807205013, 0.00132001703605, 0.00129470613319, 0.00089735671645, 0.000532183097675, 0.000329042901285, 0.000249241304118, 0.000177586669452, 0.000183811367606, 0.000170115803485, 0.000205791657208, 0.000222871094593, 0.000217013963265, 0.000166023673955, 3.79895282094e-05, 2.11025295016e-08],
        "min": [2.81826784132e-09, 7.36130090218e-08, 1.45380152361e-08, 2.27638423667e-08, 3.76285242965e-07, 1.86391866919e-06, 4.98782947034e-06, 6.24170024821e-06, 2.58654699792e-06, 4.58430122308e-06, 5.15121291755e-06, 4.2533447413e-06, 5.73547958993e-06, 6.97343239153e-06, 5.36472771273e-06, 4.39195309809e-06, 5.43049782209e-06, 4.29899364462e-06, 2.76043192571e-06, 1.92697211787e-06, 2.74756030194e-06, 3.56547297997e-06, 2.43537465394e-06, 1.40779923186e-06, 2.82506277927e-07, 1.31470212494e-09, 9.45436853805e-11],
        "stdev": [0.0018065890763, 0.0286375135183, 0.00287830922753, 0.00137928605545, 0.00188158545643, 0.00305706495419, 0.00154409836978, 0.00192154000979, 0.00797277502716, 0.00182409130502, 0.00190665200353, 0.00168659491464, 0.00343823269941, 0.00247706891969, 0.00181415269617, 0.00141232961323, 0.000471481791465, 0.000418241135776, 0.000237219763221, 0.000257810868789, 0.000203869494726, 0.000328145339154, 0.00035597011447, 0.000365273008356, 0.000420264259446, 7.31470863684e-05, 6.49086075555e-07]
    },
    "erbbands": {
        "max": [5.99289274216, 58.8670921326, 49.4169769287, 77.3710098267, 72.6043243408, 97.6743164062, 189.500076294, 354.333282471, 294.173339844, 251.201843262, 1196.64404297, 2247.55639648, 1035.60693359, 665.422302246, 1172.76623535, 794.645263672, 2194.78027344, 1257.19494629, 1627.54223633, 1154.06018066, 632.891723633, 304.929168701, 312.918731689, 135.487228394, 227.319885254, 121.572029114, 78.3266677856, 94.453956604, 105.332878113, 105.488426208, 116.552467346, 90.9062652588, 71.7948913574, 62.0980491638, 77.3408126831, 10.2873897552, 0.833053946495, 0.0721049904823, 0.00434415461496, 0.000483489915496],
        "mean": [0.542350709438, 3.05411744118, 2.28639388084, 1.75920438766, 2.4391644001, 3.85577106476, 8.58146286011, 14.6741085052, 14.450758934, 12.3034906387, 23.124048233, 76.7886734009, 41.3281707764, 19.8931713104, 43.0684165955, 36.9368476868, 57.8156089783, 66.3043212891, 61.8826065063, 38.0760879517, 24.7898845673, 18.4167194366, 14.7844219208, 10.4486398697, 8.50556850433, 8.67528343201, 7.01422739029, 7.29329586029, 7.35601186752, 6.72854614258, 6.35134887695, 5.00325918198, 3.33697772026, 2.1258354187, 1.03789567947, 0.31542545557, 0.0385496579111, 0.00101611122955, 6.63599712425e-05, 4.67402715003e-05],
        "min": [4.13924135501e-06, 8.17356794869e-06, 2.0956269509e-05, 0.000171639141627, 0.000487005949253, 0.000934490875807, 0.0021448736079, 0.0199947543442, 0.073760330677, 0.201732844114, 0.243752092123, 0.156442537904, 0.190333098173, 0.225587949157, 0.27448412776, 0.219958245754, 0.364997684956, 0.402103364468, 0.336022436619, 0.310925513506, 0.30334046483, 0.36526504159, 0.2611977458, 0.211320176721, 0.115492857993, 0.101741604507, 0.12595026195, 0.133794888854, 0.153598308563, 0.0775625482202, 0.067313849926, 0.0376620069146, 0.0193048790097, 0.00519775226712, 0.00195506541058, 0.000512125261594, 2.21085920202e-05, 1.60232195867e-06, 1.19396452192e-06, 1.55958355208e-06],
        "stdev": [0.985637903214, 6.27624797821, 4.97293806076, 3.97816109657, 4.80116224289, 6.98894929886, 17.1373977661, 30.4009819031, 26.4716815948, 22.2681293488, 60.9099807739, 207.667098999, 90.123916626, 42.6640014648, 90.1764831543, 62.5760955811, 147.001403809, 112.133811951, 125.232826233, 74.7855529785, 56.4640693665, 26.2634925842, 25.3763008118, 12.7979192734, 12.8051204681, 12.1049966812, 8.41554927826, 9.89129924774, 11.5815067291, 10.8775157928, 10.2489709854, 8.45481395721, 5.89285755157, 4.8619966507, 3.06697964668, 0.627373754978, 0.0812304913998, 0.00281043350697, 0.000134833418997, 4.47202583018e-05]
    },
    "gfcc": {
        "mean": [9.04724216461, 78.7883148193, -131.424789429, 36.6469688416, -63.9756011963, 37.9415893555, -37.8026504517, 17.3370456696, -14.2498445511, 13.0998373032, -7.91058731079, 0.507692396641, -5.26387500763],
        "cov": [[2884.11865234, -143.01234436, 798.651489258, 254.279937744, 47.5163841248, 185.61567688, -216.531448364, 91.5221176147, -175.168014526, 20.6903133392, -141.945800781, 98.8068161011, 55.324432373], [-143.01234436, 861.153198242, 109.276382446, 18.6832866669, 217.343948364, 3.57342791557, 185.242385864, -35.3083190918, 98.403503418, -60.1685409546, 101.19719696, -46.1470756531, 95.2179718018], [798.651489258, 109.276382446, 1276.25500488, 462.699035645, 144.732467651, 158.579788208, -122.505859375, 79.5461502075, -81.5619659424, 39.244354248, -13.4806642532, 97.0241775513, 40.4075088501], [254.279937744, 18.6832866669, 462.699035645, 453.733612061, 104.892211914, 32.1226844788, -36.004776001, 14.2575159073, 24.2820281982, 3.13890504837, 9.47676086426, 39.455657959, 33.7236022949], [47.5163841248, 217.343948364, 144.732467651, 104.892211914, 231.02885437, 75.1516494751, 48.8856010437, 25.6356582642, 55.4154129028, 12.9320440292, 24.8209095001, 3.94307470322, 42.8968734741], [185.61567688, 3.57342791557, 158.579788208, 32.1226844788, 75.1516494751, 191.636352539, 77.7292938232, 33.2724914551, -15.6318120956, 15.7783870697, 25.398273468, -3.36796545982, 4.50066661835], [-216.531448364, 185.242385864, -122.505859375, -36.004776001, 48.8856010437, 77.7292938232, 245.088943481, 25.4509410858, 37.5866928101, -8.18009281158, 55.1171417236, -27.420124054, -3.5038022995], [91.5221176147, -35.3083190918, 79.5461502075, 14.2575159073, 25.6356582642, 33.2724914551, 25.4509410858, 104.588745117, 41.2597923279, 21.8799648285, 1.35319042206, 7.46917200089, 13.9958162308], [-175.168014526, 98.403503418, -81.5619659424, 24.2820281982, 55.4154129028, -15.6318120956, 37.5866928101, 41.2597923279, 144.875167847, 36.2565078735, 43.8586235046, -17.4319953918, 38.245880127], [20.6903133392, -60.1685409546, 39.244354248, 3.13890504837, 12.9320440292, 15.7783870697, -8.18009281158, 21.8799648285, 36.2565078735, 92.5484924316, 30.2667675018, 17.7885570526, 2.25295257568], [-141.945800781, 101.19719696, -13.4806642532, 9.47676086426, 24.8209095001, 25.398273468, 55.1171417236, 1.35319042206, 43.8586235046, 30.2667675018, 116.534973145, 17.2733421326, 33.9424591064], [98.8068161011, -46.1470756531, 97.0241775513, 39.455657959, 3.94307470322, -3.36796545982, -27.420124054, 7.46917200089, -17.4319953918, 17.7885570526, 17.2733421326, 82.5868301392, 31.0720806122], [55.324432373, 95.2179718018, 40.4075088501, 33.7236022949, 42.8968734741, 4.50066661835, -3.5038022995, 13.9958162308, 38.245880127, 2.25295257568, 33.9424591064, 31.0720806122, 94.3016052246]],
        "icov": [[0.000577010505367, -0.000438625371316, 0.000125855265651, -0.00038511827006, 0.000427585822763, -0.000908314075787, 0.00073464110028, -0.000829103519209, 0.000846576993354, -0.000643706473056, 0.00090275995899, -0.000381463964004, -0.00033985209302], [-0.000438625371316, 0.00508235860616, -0.00256063044071, 0.00285857706331, -0.00416855188087, 0.00462561147287, -0.00454924814403, 0.00472260406241, -0.00277431728318, 0.00414410652593, -0.00320206396282, 0.00380332977511, -0.00306841591373], [0.000125855265651, -0.00256063044071, 0.00328000145964, -0.0031567113474, 0.00159460434224, -0.0032755099237, 0.00323559669778, -0.00392023520544, 0.00322869373485, -0.00273037701845, 0.00132485525683, -0.00223563355394, 0.00138365093153], [-0.00038511827006, 0.00285857706331, -0.0031567113474, 0.00587337417528, -0.00307042314671, 0.00317258480936, -0.00277216499671, 0.00424894224852, -0.00415881676599, 0.00379304378293, -0.00185728759971, 0.000985471531749, -0.000956647098064], [0.000427585822763, -0.00416855188087, 0.00159460434224, -0.00307042314671, 0.0101243387908, -0.00615782756358, 0.00287396926433, -0.00277414149605, -0.000629117887001, -0.00322446064092, 0.00381093588658, -0.00324089662172, 0.000608255737461], [-0.000908314075787, 0.00462561147287, -0.0032755099237, 0.00317258480936, -0.00615782756358, 0.0138649344444, -0.00721779605374, 0.00251808413304, 0.000997558119707, 0.00186396890786, -0.00497173238546, 0.00625069672242, -0.00309038953856], [0.00073464110028, -0.00454924814403, 0.00323559669778, -0.00277216499671, 0.00287396926433, -0.00721779605374, 0.0111003406346, -0.00629170518368, 0.00221954681911, -0.00151601666585, -2.22749949899e-05, -0.00287059345283, 0.00424066465348], [-0.000829103519209, 0.00472260406241, -0.00392023520544, 0.00424894224852, -0.00277414149605, 0.00251808413304, -0.00629170518368, 0.0191491693258, -0.00979360751808, 0.00329610565677, 0.000343534571584, 0.000721351359971, -0.00252391397953], [0.000846576993354, -0.00277431728318, 0.00322869373485, -0.00415881676599, -0.000629117887001, 0.000997558119707, 0.00221954681911, -0.00979360751808, 0.0194213632494, -0.00891070906073, -0.00126419914886, 0.00541713042185, -0.00481077702716], [-0.000643706473056, 0.00414410652593, -0.00273037701845, 0.00379304378293, -0.00322446064092, 0.00186396890786, -0.00151601666585, 0.00329610565677, -0.00891070906073, 0.0197868142277, -0.00639309221879, -0.002002337249, 0.00294111389667], [0.00090275995899, -0.00320206396282, 0.00132485525683, -0.00185728759971, 0.00381093588658, -0.00497173238546, -2.22749949899e-05, 0.000343534571584, -0.00126419914886, -0.00639309221879, 0.0166541170329, -0.00548014277592, -0.00227128714323], [-0.000381463964004, 0.00380332977511, -0.00223563355394, 0.000985471531749, -0.00324089662172, 0.00625069672242, -0.00287059345283, 0.000721351359971, 0.00541713042185, -0.002002337249, -0.00548014277592, 0.0225964412093, -0.009670894593], [-0.00033985209302, -0.00306841591373, 0.00138365093153, -0.000956647098064, 0.000608255737461, -0.00309038953856, 0.00424066465348, -0.00252391397953, -0.00481077702716, 0.00294111389667, -0.00227128714323, -0.009670894593, 0.0199389550835]]
    },
    "melbands": {
        "max": [0.0608461759984, 0.04148324579, 0.01318232622, 0.00387941929512, 0.00554919103161, 0.00686968723312, 0.0041299299337, 0.00300371553749, 0.00961754005402, 0.0146993361413, 0.00492045795545, 0.00295495730825, 0.0038208309561, 0.00363966729492, 0.00267890305258, 0.00482043111697, 0.00263150525279, 0.0031293972861, 0.00197038799524, 0.00172222079709, 0.00056785531342, 0.000305802852381, 0.000255736493273, 0.000265664537437, 0.000117319825222, 0.000127285078634, 0.000153184795636, 8.164193423e-05, 7.69250691519e-05, 5.32748708792e-05, 6.04350861977e-05, 6.68761786073e-05, 6.09013368376e-05, 6.06398061791e-05, 6.4632287831e-05, 5.76083839405e-05, 4.70557824883e-05, 5.84306180826e-05, 4.86116841785e-05, 6.30471404293e-05],
        "mean": [0.00461924355477, 0.0021297049243, 0.000320738414302, 0.000210810772842, 0.000283690664219, 0.000332425261149, 0.000203684277949, 0.000132706874865, 0.000229691548157, 0.00049360335106, 0.000193577085156, 7.33715060051e-05, 0.000128222483909, 0.000110131120891, 9.5724593848e-05, 0.000139734242111, 0.00012238547788, 0.000106648898509, 6.15985045442e-05, 4.54103974334e-05, 2.41440811806e-05, 1.94108451979e-05, 1.54728331836e-05, 1.12754560178e-05, 8.16218653199e-06, 6.32890669294e-06, 5.75346939513e-06, 5.84163035455e-06, 4.47373759016e-06, 3.93741356675e-06, 4.37794142272e-06, 4.32844990428e-06, 3.7634997625e-06, 3.68215023627e-06, 3.64597758562e-06, 3.45951139025e-06, 2.90404636871e-06, 2.42606779466e-06, 1.94229755834e-06, 1.7601057607e-06],
        "min": [3.06423544316e-08, 1.14451621513e-08, 5.34995550083e-08, 6.16987634317e-08, 7.40890229167e-08, 4.51126112466e-07, 8.98930466064e-07, 5.72230646867e-07, 1.55114094014e-06, 4.0238731458e-07, 5.8998023178e-07, 4.72269817919e-07, 6.10569315995e-07, 4.38522050672e-07, 5.35605636287e-07, 8.94001061624e-07, 7.145699783e-07, 5.51137134153e-07, 2.19596216766e-07, 4.05055715191e-07, 3.13664713758e-07, 3.70542352357e-07, 2.74426582791e-07, 1.49648414549e-07, 1.60387969572e-07, 7.09277543365e-08, 8.24619235118e-08, 5.52551036037e-08, 5.82753116873e-08, 4.65477825173e-08, 6.27877483339e-08, 6.79746676724e-08, 4.28841282485e-08, 2.91039743416e-08, 3.91369141539e-08, 1.57052433281e-08, 1.59532280719e-08, 9.56260137741e-09, 3.90549725893e-09, 6.94007074031e-10],
        "stdev": [0.00824170187116, 0.00438989466056, 0.000675571383908, 0.000360011588782, 0.000528732256498, 0.000632856448647, 0.000364146049833, 0.00025907435338, 0.000638274184894, 0.0013191443868, 0.000444505130872, 0.000180107992492, 0.000280594598735, 0.00021217444737, 0.000192590930965, 0.000395116396248, 0.000223328563152, 0.000242773909122, 0.00012870223145, 0.000119211515994, 5.29227836523e-05, 2.8924743674e-05, 2.4340732125e-05, 2.02471273951e-05, 1.01825926322e-05, 9.10705603019e-06, 9.91329852695e-06, 7.86688087828e-06, 5.63140338272e-06, 4.70744453196e-06, 6.50609354125e-06, 7.14845600669e-06, 6.15101225776e-06, 6.08089339948e-06, 5.7833599385e-06, 6.1495807131e-06, 5.02430611959e-06, 4.4733019422e-06, 3.63134813597e-06, 4.48397986474e-06]
    },
    "melbands128": {
        "max": [0.0130547406152, 0.0526502430439, 0.105844587088, 0.100313857198, 0.0366836376488, 0.020847722888, 0.0168188717216, 0.0112459752709, 0.00719043845311, 0.00417309114709, 0.00654031755403, 0.00868059694767, 0.00792004074901, 0.00949694495648, 0.0102397119626, 0.0126685705036, 0.00647332752123, 0.0071030696854, 0.00307916803285, 0.00424910429865, 0.00585544854403, 0.0154649615288, 0.0174644906074, 0.0167441982776, 0.0222479235381, 0.023602290079, 0.0121211819351, 0.00888502039015, 0.00867675524205, 0.00586409075186, 0.00297321029939, 0.00418527098373, 0.00567523716018, 0.00573109928519, 0.00776662258431, 0.00630168896168, 0.00383246457204, 0.00348053709604, 0.00442411191761, 0.0116115827113, 0.010097425431, 0.00509048067033, 0.00487540429458, 0.00483928574249, 0.00488481717184, 0.00606750510633, 0.00352000747807, 0.00388716999441, 0.00405089603737, 0.00335718761198, 0.00323934177868, 0.00286741321906, 0.00094836106291, 0.00066018832149, 0.000722439377569, 0.000430136424256, 0.000687142077368, 0.00046319825924, 0.000453739281511, 0.000697278301232, 0.000494230247568, 0.000308629008941, 0.000189791724551, 0.000123857680592, 0.000107806437882, 0.000181893148692, 0.000207825869438, 0.000304678396787, 0.000154151231982, 0.000109619548311, 0.000132942106575, 7.60742259445e-05, 0.0001852131536, 6.50686124573e-05, 6.96743882145e-05, 6.99344527675e-05, 7.8987548477e-05, 9.10671442398e-05, 7.75102162152e-05, 9.15367563721e-05, 0.000109902553959, 7.03710466041e-05, 6.11414652667e-05, 8.20451969048e-05, 7.62369745644e-05, 0.000112384936074, 4.84826850879e-05, 5.62312889087e-05, 6.60652876832e-05, 9.83255667961e-05, 0.000108510437713, 6.38841593172e-05, 0.000122491226648, 7.07158978912e-05, 6.79339937051e-05, 6.84102851665e-05, 6.65362240397e-05, 7.33045308152e-05, 5.10831087013e-05, 6.78669239278e-05, 6.12460353295e-05, 8.34044403746e-05, 7.86905075074e-05, 0.000213566338061, 0.00012765552674, 2.83332683466e-05, 3.81055251637e-05, 2.81356715277e-05, 1.79906237463e-05, 8.4018229245e-06, 5.10546033183e-06, 5.74093110117e-06, 4.23854180553e-06, 3.50130471816e-06, 1.81612460892e-06, 6.90651972945e-07, 1.44870455188e-07, 1.41447571878e-07, 1.38010364026e-07, 1.34971443799e-07, 1.31929780878e-07, 1.29170246055e-07, 1.27044344822e-07, 1.24937713508e-07, 1.23134213936e-07, 1.21773794604e-07, 1.20776775248e-07, 1.20158730965e-07],
        "mean": [0.000759527494665, 0.00432498753071, 0.00661108270288, 0.0045984890312, 0.00162029848434, 0.000534332066309, 0.000345847744029, 0.000276477396255, 0.000255761115113, 0.000166516765603, 0.000203565825359, 0.000283311965177, 0.000297087710351, 0.000301072373986, 0.000329657836119, 0.000362436374417, 0.00031308727921, 0.000156108013471, 8.82566746441e-05, 0.000149048661115, 0.000146144346218, 0.000108146399725, 0.000199237299967, 0.000373190705432, 0.000595182180405, 0.000552542100195, 0.000271706725471, 0.00016841480101, 0.000105185092252, 7.47199446778e-05, 5.97366488364e-05, 7.29991370463e-05, 0.000121803670481, 0.000199541012989, 0.000107492698589, 9.1405279818e-05, 9.31014146772e-05, 9.01249295566e-05, 8.54914760566e-05, 0.000152645035996, 0.000165933888638, 0.000108460233605, 0.000111578410724, 0.000143488985486, 0.000107222171209, 0.000119248848932, 7.33871638658e-05, 7.20395764802e-05, 4.93415791425e-05, 4.21198565164e-05, 4.94163796247e-05, 4.72230967716e-05, 2.07285247598e-05, 1.79763137567e-05, 2.04421794479e-05, 1.96062064788e-05, 1.90377668332e-05, 1.57529229909e-05, 1.47112905324e-05, 1.40374004332e-05, 1.15449547593e-05, 8.44383248477e-06, 9.37366985454e-06, 8.04521914688e-06, 6.42208578938e-06, 6.26088376521e-06, 6.42527493255e-06, 5.55896485821e-06, 5.74574596612e-06, 5.6365652199e-06, 5.80258256377e-06, 6.36987806502e-06, 5.05440766574e-06, 3.8581492845e-06, 4.00002454626e-06, 4.08189953305e-06, 3.73758211936e-06, 4.09340145779e-06, 4.57694795841e-06, 4.524189535e-06, 4.6957552513e-06, 4.19220350523e-06, 3.46902743331e-06, 3.92618312617e-06, 3.6204683056e-06, 3.96043606088e-06, 3.48663661498e-06, 3.7168988456e-06, 3.46837214238e-06, 3.76270736524e-06, 3.83072028853e-06, 3.143891945e-06, 3.31715523316e-06, 2.92254685519e-06, 2.67505947704e-06, 2.57494093603e-06, 2.43715066972e-06, 2.11170390685e-06, 2.01446050596e-06, 1.75488833065e-06, 1.81232667273e-06, 1.8252441123e-06, 1.62274307058e-06, 1.5617513327e-06, 1.19671778975e-06, 8.47535261528e-07, 7.75467981384e-07, 6.50249830869e-07, 5.71148575546e-07, 3.77731794288e-07, 3.02957289477e-07, 1.96250553586e-07, 3.94436696638e-08, 9.78764891357e-09, 1.8887462705e-09, 1.05302566666e-09, 2.98862157244e-10, 8.74177327748e-11, 6.69143906951e-11, 6.5059985177e-11, 6.36304342549e-11, 6.21547605051e-11, 6.13253475779e-11, 6.00909461079e-11, 5.90564333547e-11, 5.8144315751e-11, 5.7525779279e-11, 5.72087169304e-11],
        "min": [1.20570706197e-10, 1.60816959749e-09, 7.50992334986e-09, 1.0659458205e-08, 5.70605696026e-09, 8.45008685246e-09, 1.84417796589e-08, 9.10169717372e-09, 2.16227249439e-08, 3.95733437131e-08, 4.65938887473e-09, 1.22638263989e-08, 1.70757310514e-08, 3.79314819554e-08, 1.006880197e-07, 2.7475792308e-07, 7.35963823217e-08, 1.45890183489e-07, 1.47791979543e-07, 3.25442329085e-07, 2.92168635951e-07, 6.18801948349e-07, 2.85009093659e-07, 1.65171101685e-07, 1.11578572159e-07, 1.37326537697e-07, 1.2053257592e-07, 2.23730836524e-07, 2.11061404798e-07, 5.53496306566e-08, 8.93583376183e-08, 6.34884784745e-08, 1.7047251788e-07, 2.89993721481e-07, 1.99532649958e-07, 1.81940826849e-08, 1.05925835214e-07, 2.86847750885e-07, 1.14119856676e-07, 1.52407437781e-07, 1.87860194956e-07, 2.44964098783e-07, 3.24637994709e-07, 2.64283073648e-07, 9.28953909352e-08, 4.51856685402e-08, 1.93129224613e-07, 5.96601594793e-08, 1.89389993466e-07, 1.10030256906e-07, 1.76982410949e-07, 1.81092559615e-07, 9.95651490143e-08, 4.98143428729e-08, 4.4753420525e-08, 8.77254748843e-08, 1.38712266562e-07, 1.54655921847e-07, 4.52129071959e-08, 3.86366352245e-08, 3.52650033619e-08, 5.2260407557e-08, 8.66331149041e-08, 4.08905727056e-08, 1.32303696887e-08, 4.70090988358e-08, 4.49554313775e-08, 5.89734305834e-08, 4.24608117555e-08, 2.69613540382e-08, 3.71875437111e-08, 1.37144171575e-08, 1.90477535966e-08, 1.02906216881e-08, 2.74089462238e-08, 3.15670654061e-08, 1.47409178197e-08, 8.66105764885e-09, 1.64702438354e-08, 2.07656505324e-08, 3.13104808747e-09, 1.08578070979e-08, 9.35253208212e-09, 4.47447745522e-10, 1.16683738227e-08, 8.82068817987e-09, 3.57953888752e-09, 1.176246478e-08, 5.01008479148e-09, 7.04047131705e-09, 2.09240247351e-09, 1.24380061806e-09, 1.64545732595e-09, 1.44872036589e-09, 9.64648583235e-10, 4.35835562085e-10, 2.5006938742e-09, 4.28145185971e-10, 6.6858740766e-10, 4.86557738544e-10, 7.52982842744e-10, 4.5288609668e-11, 6.85633678738e-13, 1.3034351376e-11, 1.22724972546e-11, 3.73649852378e-12, 1.23506985888e-11, 4.82401358443e-12, 7.51922124825e-13, 6.51231618545e-13, 7.21959709897e-13, 3.79393917541e-13, 3.15645865565e-13, 2.90457680694e-13, 2.88053814742e-13, 2.49616137222e-13, 2.31590517163e-13, 2.92791940866e-13, 2.89371798008e-13, 2.99844459158e-13, 2.43358799909e-13, 2.52425738732e-13, 3.00737489382e-13, 2.92076611378e-13, 1.94321772215e-13, 8.55213862509e-14, 1.01111728988e-14, 3.98846877266e-16],
        "stdev": [0.00175492709968, 0.00857698172331, 0.0125293601304, 0.0102208741009, 0.00380668276921, 0.00124806177337, 0.000864285684656, 0.000648663262837, 0.000535326311365, 0.000363872386515, 0.000432849628851, 0.000563007371966, 0.000696943490766, 0.000731433683541, 0.000879598024767, 0.00082769128494, 0.00060978892725, 0.000449826620752, 0.000218065091758, 0.00032537872903, 0.000369990535546, 0.000444571312983, 0.000748203601688, 0.00136172876228, 0.00197418080643, 0.00185075658374, 0.000924184336327, 0.000513246690389, 0.000327514921082, 0.000265380222118, 0.000209219768294, 0.000248872005614, 0.000383107253583, 0.00051769730635, 0.000328502384946, 0.0002615043486, 0.000238793523749, 0.000255326449405, 0.000262249552179, 0.000600074243266, 0.000594902667217, 0.000379038392566, 0.000251645920798, 0.000413442379795, 0.000353984767571, 0.000413134490373, 0.00021338222723, 0.000203807838261, 0.000164585173479, 0.000153995933942, 0.00017287558876, 0.000180040718988, 6.56293123029e-05, 4.18201343564e-05, 4.52671229141e-05, 3.82419893867e-05, 4.04703714594e-05, 3.10573050228e-05, 3.39004072885e-05, 3.80194433092e-05, 2.85830847133e-05, 1.51170634126e-05, 1.34925594466e-05, 1.18209927678e-05, 1.07366404336e-05, 1.00207453215e-05, 1.19204160001e-05, 1.15444900075e-05, 1.13196547318e-05, 1.04915061456e-05, 9.86602299236e-06, 8.19939668872e-06, 8.24692415335e-06, 5.5696950767e-06, 5.97081498199e-06, 5.54466487301e-06, 5.17641092301e-06, 6.60737532598e-06, 7.31688214728e-06, 8.13110727904e-06, 9.48739125306e-06, 7.01085946275e-06, 5.67288452658e-06, 7.60506463848e-06, 5.97483540332e-06, 8.01376154413e-06, 6.12386384091e-06, 5.97949701842e-06, 5.73791112402e-06, 6.9396901381e-06, 8.45137856231e-06, 5.69562143937e-06, 6.2489298216e-06, 5.41448616787e-06, 5.05927800987e-06, 5.30390707354e-06, 4.94011555929e-06, 3.95022289013e-06, 3.76501452592e-06, 3.81529571314e-06, 4.37256358055e-06, 4.92974004374e-06, 5.16695126862e-06, 6.45193858873e-06, 4.19678599428e-06, 2.1603384539e-06, 1.92721722669e-06, 1.57270301315e-06, 1.11104247935e-06, 7.39614108625e-07, 5.79485231356e-07, 4.52908125226e-07, 2.70638764732e-07, 1.03537175278e-07, 3.96093255972e-08, 1.60491158141e-08, 4.2201677708e-09, 3.10762571232e-09, 2.9082152242e-09, 2.84413981255e-09, 2.78005107823e-09, 2.72189537576e-09, 2.67711319779e-09, 2.63270516498e-09, 2.59470467334e-09, 2.56604337778e-09, 2.54503662589e-09, 2.53201326572e-09]
    },
    "mfcc": {
        "mean": [-624.832702637, 99.8645858765, -1.98754310608, 6.99405145645, 5.39949226379, 14.133813858, 0.391497373581, 5.39138221741, 2.91469311714, 10.1821613312, 6.43410348892, 7.11985969543, 1.21697604656],
        "cov": [[2563.27099609, -204.076629639, 433.002563477, 63.9348487854, 225.525421143, 37.0753974915, 41.4023628235, -8.49828243256, 24.5664596558, -44.9806938171, -57.5991134644, -172.870666504, -67.091003418], [-204.076629639, 782.607299805, -27.7295436859, 28.0789833069, 52.4406013489, 61.5347518921, 89.3133926392, 49.0353965759, 37.7267417908, 14.2786111832, 46.8908996582, 26.5897789001, -28.4132995605], [433.002563477, -27.7295436859, 955.491333008, 292.59854126, 317.12298584, 100.911399841, 96.9432983398, 22.1527233124, 7.65650510788, -49.3642692566, 5.08993768692, -38.8291015625, 19.1370983124], [63.9348487854, 28.0789833069, 292.59854126, 354.779846191, 162.145339966, 61.2028694153, -4.88455677032, 24.4633560181, 29.7724514008, -16.3113384247, -8.18149280548, 4.50347995758, 29.9431533813], [225.525421143, 52.4406013489, 317.12298584, 162.145339966, 309.644561768, 61.7687149048, 10.8033790588, 6.7203130722, 41.4141464233, 2.27143907547, -12.6143293381, -34.2236251831, 25.6676197052], [37.0753974915, 61.5347518921, 100.911399841, 61.2028694153, 61.7687149048, 149.254959106, 89.8245620728, 34.7859115601, 12.1402387619, 15.0320091248, 21.5023212433, 9.83703136444, 1.3701634407], [41.4023628235, 89.3133926392, 96.9432983398, -4.88455677032, 10.8033790588, 89.8245620728, 167.553878784, 66.842086792, 8.48135280609, 9.29015731812, 36.6153640747, 15.9784030914, -1.05682337284], [-8.49828243256, 49.0353965759, 22.1527233124, 24.4633560181, 6.7203130722, 34.7859115601, 66.842086792, 96.325843811, 33.4656715393, 12.1406774521, 11.9392442703, 12.6446857452, 0.34163916111], [24.5664596558, 37.7267417908, 7.65650510788, 29.7724514008, 41.4141464233, 12.1402387619, 8.48135280609, 33.4656715393, 90.5025863647, 39.6801567078, 15.3272953033, 6.36782264709, 2.48282814026], [-44.9806938171, 14.2786111832, -49.3642692566, -16.3113384247, 2.27143907547, 15.0320091248, 9.29015731812, 12.1406774521, 39.6801567078, 90.087928772, 44.9698257446, 17.6310310364, -1.03680062294], [-57.5991134644, 46.8908996582, 5.08993768692, -8.18149280548, -12.6143293381, 21.5023212433, 36.6153640747, 11.9392442703, 15.3272953033, 44.9698257446, 86.5989532471, 37.7021560669, -4.43932676315], [-172.870666504, 26.5897789001, -38.8291015625, 4.50347995758, -34.2236251831, 9.83703136444, 15.9784030914, 12.6446857452, 6.36782264709, 17.6310310364, 37.7021560669, 90.4842834473, 29.7468757629], [-67.091003418, -28.4132995605, 19.1370983124, 29.9431533813, 25.6676197052, 1.3701634407, -1.05682337284, 0.34163916111, 2.48282814026, -1.03680062294, -4.43932676315, 29.7468757629, 78.0659866333]],
        "icov": [[0.000504916359205, 0.000156049136422, -0.000121022792882, 7.90179474279e-05, -0.000225486975978, 2.79098076135e-05, -0.00024459080305, 0.000132778804982, -0.000279429717921, 0.000185398734175, -2.03880172194e-05, 0.000690354325343, 0.000306976464344], [0.000156049136422, 0.00158203544561, 0.000370961759472, -0.000176578148967, -0.000733334629331, 6.57015480101e-05, -0.0009568517562, 5.15867577633e-05, -0.000481084920466, 0.000680643774103, -0.000599883904215, -0.000305753899738, 0.0010202252306], [-0.000121022792882, 0.000370961759472, 0.00228528864682, -0.00124288536608, -0.00182869611308, 0.000515393447131, -0.00178931874689, 0.000570058298763, 0.000407725572586, 0.00129162892699, -0.00107818294782, 0.000239989880356, 0.000364443840226], [7.90179474279e-05, -0.000176578148967, -0.00124288536608, 0.00499829370528, -0.000951118359808, -0.00205966760404, 0.00289850356057, -0.0018455744721, -0.000765981385484, 0.00111355050467, -2.53121124842e-05, -0.000840584223624, -0.000854632991832], [-0.000225486975978, -0.000733334629331, -0.00182869611308, -0.000951118359808, 0.00706928595901, -0.00199440633878, 0.00157156353816, 0.000655260926578, -0.00222730287351, -0.0012211947469, 0.00081471708836, 0.00253974855877, -0.0027853383217], [2.79098076135e-05, 6.57015480101e-05, 0.000515393447131, -0.00205966760404, -0.00199440633878, 0.0121483486146, -0.00721862353384, 0.00109900557436, 0.000955765659455, -0.00205707526766, 0.000789332436398, -0.00106665014755, 0.00144517619628], [-0.00024459080305, -0.0009568517562, -0.00178931874689, 0.00289850356057, 0.00157156353816, -0.00721862353384, 0.0154108386487, -0.00838068500161, 0.00163291650824, 0.00140932307113, -0.00399163272232, 0.000620123522822, -0.00187281286344], [0.000132778804982, 5.15867577633e-05, 0.000570058298763, -0.0018455744721, 0.000655260926578, 0.00109900557436, -0.00838068500161, 0.0181000251323, -0.00623096199706, 6.90941305947e-05, 0.00240580434911, -0.00128482177388, 0.00109911267646], [-0.000279429717921, -0.000481084920466, 0.000407725572586, -0.000765981385484, -0.00222730287351, 0.000955765659455, 0.00163291650824, -0.00623096199706, 0.0177720040083, -0.0073938309215, 0.000566159200389, -0.000640662561636, 0.00015642606013], [0.000185398734175, 0.000680643774103, 0.00129162892699, 0.00111355050467, -0.0012211947469, -0.00205707526766, 0.00140932307113, 6.90941305947e-05, -0.0073938309215, 0.0203707050532, -0.0102595444769, 0.00110705790576, -0.000379843258997], [-2.03880172194e-05, -0.000599883904215, -0.00107818294782, -2.53121124842e-05, 0.00081471708836, 0.000789332436398, -0.00399163272232, 0.00240580434911, 0.000566159200389, -0.0102595444769, 0.0222732424736, -0.00836694519967, 0.00399240292609], [0.000690354325343, -0.000305753899738, 0.000239989880356, -0.000840584223624, 0.00253974855877, -0.00106665014755, 0.000620123522822, -0.00128482177388, -0.000640662561636, 0.00110705790576, -0.00836694519967, 0.0196986664087, -0.00800356734544], [0.000306976464344, 0.0010202252306, 0.000364443840226, -0.000854632991832, -0.0027853383217, 0.00144517619628, -0.00187281286344, 0.00109911267646, 0.00015642606013, -0.000379843258997, 0.00399240292609, -0.00800356734544, 0.0178103167564]]
    },
    "spectral_contrast_coeffs": {
        "max": [-0.50087583065, -0.476482689381, -0.444753587246, -0.535776734352, -0.653882265091, -0.585671186447],
        "mean": [-0.775442481041, -0.750568449497, -0.757660388947, -0.772052943707, -0.801999926567, -0.751797258854],
        "min": [-0.920966744423, -0.927487492561, -0.918469786644, -0.905736863613, -0.881191372871, -0.872597754002],
        "stdev": [0.062323436141, 0.0731677934527, 0.0764053836465, 0.0624615065753, 0.0323844030499, 0.0440281443298]
    },
    "spectral_contrast_valleys": {
        "max": [-4.74572277069, -5.02078437805, -5.53691053391, -5.46084356308, -5.60755825043, -7.7663435936],
        "mean": [-6.83761119843, -6.71232557297, -7.21087741852, -7.3088722229, -7.43454837799, -9.94939136505],
        "min": [-10.9360809326, -8.70802593231, -8.8415927887, -8.79494953156, -9.06083679199, -12.9295539856],
        "stdev": [0.977581679821, 0.52766084671, 0.559464156628, 0.5359557271, 0.548450767994, 1.06411743164]
    }
},
"rhythm": {
    "beats_count": 95,
    "beats_loudness": {
        "max": 0.273031502962,
        "mean": 0.0420030802488,
        "min": 0.00205661798827,
        "stdev": 0.0451944880188
    },
    "bpm": 110.727478027,
    "bpm_histogram_first_peak_bpm": 110,
    "bpm_histogram_first_peak_weight": 0.333333313465,
    "bpm_histogram_second_peak_bpm": 115,
    "bpm_histogram_second_peak_spread": 0,
    "bpm_histogram_second_peak_weight": 0.0319148935378,
    "danceability": 1.34548962116,
    "onset_rate": 4.24827480316,
    "beats_loudness_band_ratio": {
        "max": [0.963669061661, 0.428449034691, 0.591916441917, 0.884090304375, 0.565741956234, 0.263786673546],
        "mean": [0.370038241148, 0.0888072028756, 0.163661390543, 0.20644441247, 0.141315862536, 0.0573478750885],
        "min": [0.000496158085298, 0.00263869622722, 0.0063854358159, 0.00257645826787, 0.00364180468023, 0.00166859861929],
        "stdev": [0.308078676462, 0.0911223441362, 0.14810320735, 0.191962406039, 0.13588693738, 0.0537526458502]
    },
