{
"metadata": {
    "version": {
        "essentia": "2.1-beta5",
        "essentia_git_sha": "Undefined",
        "extractor": "music 2.0"
    },
    "audio_properties": {
        "analysis": {
            "equal_loudness": 0,
            "length": 51.7921104431,
            "sample_rate": 44100,
            "start_time": 142.744674683,
            "downmix": "mix"
        },
        "bit_rate": 192000,
        "length": 194.559997559,
        "lossless": 0,
        "number_channels": 2,
        "replay_gain": -1.08558654785,
        "sample_rate": 48000,
        "codec": "mp3",
        "md5_encoded": "aeb636a5b569b4ff3028221be5bfd6d6"
    },
    "tags": {
        "file_name": "Georgia_Midnight Gold_Nika Kocharov _ Young Georgian Lolitaz.mp3",
        "encoding": ["Lavf58.29.100"]
    }
},
"lowlevel": {
    "average_loudness": 0.939640641212,
    "barkbands_crest": {
        "max": 24.9224948883,
        "mean": 9.16270828247,
        "min": 2.13322973251,
        "stdev": 4.38900279999
    },
    "barkbands_flatness_db": {
        "max": 0.30142173171,
        "mean": 0.12125878036,
        "min": 0.0289051812142,
        "stdev": 0.0519044212997
    },
    "barkbands_kurtosis": {
        "max": 79.7344741821,
        "mean": 1.65792047977,
        "min": -1.90871036053,
        "stdev": 5.70560264587
    },
    "barkbands_skewness": {
        "max": 8.5706205368,
        "mean": 1.07509231567,
        "min": -2.12509202957,
        "stdev": 1.0561337471
    },
    "barkbands_spread": {
        "max": 102.477012634,
        "mean": 31.086101532,
        "min": 2.45292019844,
        "stdev": 16.8194675446
    },
    "dissonance": {
        "max": 0.500000059605,
        "mean": 0.478905200958,
        "min": 0.269019752741,
        "stdev": 0.0223011542112
    },
    "dynamic_complexity": 2.0930891037,
    "erbbands_crest": {
        "max": 26.7912902832,
        "mean": 7.62159872055,
        "min": 2.36435818672,
        "stdev": 3.77844119072
    },
    "erbbands_flatness_db": {
        "max": 0.348168373108,
        "mean": 0.154826566577,
        "min": 0.0400861315429,
        "stdev": 0.0630750209093
    },
    "erbbands_kurtosis": {
        "max": 11.558508873,
        "mean": 0.544216096401,
        "min": -1.59900164604,
        "stdev": 1.58519411087
    },
    "erbbands_skewness": {
        "max": 2.86845469475,
        "mean": 0.0407013818622,
        "min": -2.29051613808,
        "stdev": 0.643418550491
    },
    "erbbands_spread": {
        "max": 115.075218201,
        "mean": 35.7273445129,
        "min": 5.59212017059,
        "stdev": 17.1792411804
    },
    "hfc": {
        "max": 138.69921875,
        "mean": 34.9139633179,
        "min": 4.58472925402e-07,
        "stdev": 23.6843090057
    },
    "loudness_ebu128": {
        "integrated": -20.6098403931,
        "loudness_range": 3.97027206421,
        "momentary": {
            "max": -17.8138713837,
            "mean": -21.3040542603,
            "min": -33.3336486816,
            "stdev": 2.73803806305
        },
        "short_term": {
            "max": -18.8449001312,
            "mean": -20.9519081116,
            "min": -26.2082748413,
            "stdev": 1.68512558937
        }
    },
    "melbands_crest": {
        "max": 32.7905197144,
        "mean": 14.8859329224,
        "min": 2.8784430027,
        "stdev": 6.02687263489
    },
    "melbands_flatness_db": {
        "max": 0.392463684082,
        "mean": 0.150813549757,
        "min": 0.0130078764632,
        "stdev": 0.0608769655228
    },
    "melbands_kurtosis": {
        "max": 256.238220215,
        "mean": 9.13995933533,
        "min": -1.72187507153,
        "stdev": 17.0430259705
    },
    "melbands_skewness": {
        "max": 14.6139030457,
        "mean": 2.27390241623,
        "min": -0.735095858574,
        "stdev": 1.62737929821
    },
    "melbands_spread": {
        "max": 186.42237854,
        "mean": 33.7771949768,
        "min": 1.49361133575,
        "stdev": 21.3314628601
    },
    "pitch_salience": {
        "max": 0.856446921825,
        "mean": 0.567975580692,
        "min": 0.127115517855,
        "stdev": 0.130378648639
    },
    "silence_rate_20dB": {
        "max": 1,
        "mean": 1,
        "min": 1,
        "stdev": 0
    },
    "silence_rate_30dB": {
        "max": 1,
        "mean": 0.974910378456,
        "min": 0,
        "stdev": 0.156397163868
    },
    "silence_rate_60dB": {
        "max": 1,
        "mean": 0.0492831543088,
        "min": 0,
        "stdev": 0.216457903385
    },
    "spectral_centroid": {
        "max": 4078.21240234,
        "mean": 1824.48632812,
        "min": 371.097747803,
        "stdev": 575.190368652
    },
    "spectral_complexity": {
        "max": 65,
        "mean": 29.112455368,
        "min": 0,
        "stdev": 13.1804590225
    },
    "spectral_decrease": {
        "max": -4.45344089161e-16,
        "mean": -8.15352052541e-09,
        "min": -6.18266824404e-08,
        "stdev": 7.27016269408e-09
    },
    "spectral_energy": {
        "max": 0.235714048147,
        "mean": 0.0339401327074,
        "min": 1.72241632068e-09,
        "stdev": 0.0283788852394
    },
    "spectral_energyband_high": {
        "max": 0.0130686834455,
        "mean": 0.00214087124914,
        "min": 2.4461077261e-11,
        "stdev": 0.00221043103375
    },
    "spectral_energyband_low": {
        "max": 0.229541137815,
        "mean": 0.0151195405051,
        "min": 1.0616363344e-09,
        "stdev": 0.0237794537097
    },
    "spectral_energyband_middle_high": {
        "max": 0.0369042083621,
        "mean": 0.00881643407047,
        "min": 3.28625494872e-11,
        "stdev": 0.00567006738856
    },
    "spectral_energyband_middle_low": {
        "max": 0.183685913682,
        "mean": 0.00880011357367,
        "min": 1.80118114868e-10,
        "stdev": 0.0114613929763
    },
    "spectral_entropy": {
        "max": 8.72708320618,
        "mean": 7.93496322632,
        "min": 6.62259483337,
        "stdev": 0.362370997667
    },
    "spectral_flux": {
        "max": 0.448942571878,
        "mean": 0.102656446397,
        "min": 0.000803285220172,
        "stdev": 0.0567614138126
    },
    "spectral_kurtosis": {
        "max": 19.6283683777,
        "mean": 3.44760203362,
        "min": -1.21796107292,
        "stdev": 2.4382379055
    },
    "spectral_rms": {
        "max": 0.015164594166,
        "mean": 0.00533516891301,
        "min": 1.2963048448e-06,
        "stdev": 0.00215598731302
    },
    "spectral_rolloff": {
        "max": 11606.3964844,
        "mean": 2261.94580078,
        "min": 64.599609375,
        "stdev": 1614.1895752
    },
    "spectral_skewness": {
        "max": 3.13999223709,
        "mean": 1.42897152901,
        "min": 0.107097096741,
        "stdev": 0.411350876093
    },
    "spectral_spread": {
        "max": 16386312,
        "mean": 4933466.5,
        "min": 2136705.75,
        "stdev": 1488743.875
    },
    "spectral_strongpeak": {
        "max": 9.90533447266,
        "mean": 0.8169298172,
        "min": 0,
        "stdev": 0.995711922646
    },
    "zerocrossingrate": {
        "max": 0.29833984375,
        "mean": 0.0851901993155,
        "min": 0,
        "stdev": 0.0410258434713
    },
    "barkbands": {
        "max": [0.0135435946286, 0.190715163946, 0.0852340608835, 0.109722368419, 0.058731213212, 0.0164533667266, 0.0182623937726, 0.017667658627, 0.0200906526297, 0.0148377707228, 0.00818814150989, 0.0102601777762, 0.00962516758591, 0.0176677778363, 0.0235373526812, 0.0223343279213, 0.0120866447687, 0.01197654102, 0.00863022729754, 0.00410654768348, 0.00410196976736, 0.00355067034252, 0.00701166968793, 0.00791212171316, 0.00386263942346, 0.00198790477589, 4.60391629531e-06],
        "mean": [0.000426904822234, 0.00907559134066, 0.00486267730594, 0.00181044195779, 0.00224034278654, 0.000829551892821, 0.000993081834167, 0.000911873183213, 0.00153367733583, 0.00150783360004, 0.000681558682118, 0.000851285178214, 0.000991479144432, 0.00114501570351, 0.00126090471167, 0.000835326383822, 0.00080829259241, 0.000446215388365, 0.000433236011304, 0.000398091564421, 0.000460026727524, 0.000364406121662, 0.000332408089889, 0.000343062129105, 0.000282261142274, 0.00011451246246, 2.80580803036e-08],
        "min": [4.62358845654e-10, 5.35183009021e-10, 9.65835258993e-11, 4.92767493476e-11, 6.03900540685e-11, 2.89149763161e-11, 1.60648942066e-11, 1.03837962534e-11, 1.26338991352e-11, 6.80256372065e-12, 4.29482057557e-12, 3.93196759874e-12, 3.87934996626e-12, 2.66567128614e-12, 2.74822786056e-12, 2.13063009076e-12, 2.74723776714e-12, 2.20898906805e-12, 2.08432923698e-12, 1.62291133223e-12, 2.3977584241e-12, 1.66295460475e-12, 1.448694463e-12, 1.91295265219e-12, 2.84815313695e-12, 7.29528763788e-12, 6.33559220711e-12],
        "stdev": [0.00113779469393, 0.0202792733908, 0.00615556864068, 0.00647439435124, 0.00460047181696, 0.00125758012291, 0.00157642026898, 0.00140211090911, 0.00241761119105, 0.0020430132281, 0.00076038367115, 0.000983709120192, 0.00115812942386, 0.00138982094359, 0.00171330117155, 0.00113407662138, 0.000919389363844, 0.000564546557143, 0.000511732068844, 0.000456875452073, 0.000507827731781, 0.000389175926102, 0.000448284466984, 0.000521556532476, 0.000386027299101, 0.000195107422769, 2.17844643657e-07]
    },
    "erbbands": {
        "max": [6.78515195847, 41.7079925537, 81.9415435791, 194.047073364, 414.356903076, 184.276779175, 177.169769287, 145.808578491, 256.041351318, 335.461456299, 334.761169434, 446.873779297, 549.591674805, 460.436431885, 255.890274048, 460.062591553, 477.033508301, 991.511474609, 1371.73034668, 1006.34204102, 771.216308594, 691.381713867, 753.45489502, 407.974212646, 424.468292236, 226.986633301, 200.48286438, 161.97052002, 120.444442749, 131.532073975, 205.198242188, 196.7628479, 78.3058319092, 49.0388069153, 21.8015232086, 11.4500494003, 2.93915748596, 0.146557122469, 0.00304015469737, 0.000281948770862],
        "mean": [0.304402381182, 1.89690160751, 5.5838971138, 5.35666561127, 7.56497049332, 7.33752775192, 5.6398229599, 7.44383811951, 12.779499054, 18.3943214417, 18.6278934479, 31.6363868713, 46.7658729553, 42.2047195435, 29.911157608, 35.9469718933, 46.3069992065, 58.4278831482, 73.6393890381, 46.9371643066, 48.515171051, 43.9114151001, 28.1210212708, 20.8829364777, 21.3455314636, 17.5953731537, 21.0405845642, 17.2444553375, 13.1323280334, 10.7671194077, 9.37721538544, 7.59423923492, 5.51081943512, 3.39335775375, 1.87806820869, 0.818326056004, 0.138099983335, 0.00460130302235, 0.000165319899679, 5.64273650525e-05],
        "min": [2.85669727873e-08, 7.69670123191e-08, 1.17174636216e-07, 1.51304931251e-07, 1.80545882245e-07, 1.99119355671e-07, 2.19210178898e-07, 2.33763230995e-07, 2.36447959878e-07, 2.25823015398e-07, 2.4438776336e-07, 2.81744547692e-07, 2.53387867133e-07, 1.85664347896e-07, 1.86113723544e-07, 1.55806830548e-07, 1.84593091035e-07, 1.42757556887e-07, 1.62104413448e-07, 1.04483127927e-07, 1.22589881357e-07, 1.55545876623e-07, 1.39736556548e-07, 1.34003158792e-07, 7.61010880979e-08, 8.31964044323e-08, 7.85840370554e-08, 9.36036101962e-08, 5.26022247982e-08, 6.37356336597e-08, 3.88807031015e-08, 2.66245816505e-08, 4.16129637415e-08, 2.69747122417e-08, 2.25635279349e-08, 2.14215312155e-08, 1.21687158128e-08, 5.38990496679e-09, 1.15727716299e-09, 6.96512916787e-11],
        "stdev": [0.769241213799, 4.06956291199, 7.24601793289, 11.3812828064, 24.2229099274, 13.2162885666, 9.94440364838, 11.0990219116, 19.8803253174, 30.0223560333, 26.7596893311, 46.9110221863, 68.042427063, 55.1549568176, 28.803396225, 40.2169952393, 49.6000442505, 70.4563980103, 95.3153686523, 70.0258789062, 60.0050048828, 48.1610107422, 33.5718345642, 24.0763664246, 25.4499855042, 20.6560897827, 24.012714386, 19.1219387054, 14.0731630325, 12.1908903122, 13.3803520203, 12.2191848755, 7.92683076859, 4.74752807617, 2.59178042412, 1.25454163551, 0.292850166559, 0.0133471004665, 0.000306814996293, 4.380493192e-05]
    },
    "gfcc": {
        "mean": [30.3684196472, 65.1846084595, -141.727355957, 32.4818115234, -64.0936050415, 32.2778396606, -43.5876731873, 14.7414035797, -24.28033638, 4.25291728973, -20.6703624725, -3.54028058052, -10.6697301865],
        "cov": [[5685.20947266, -368.043701172, 1818.30859375, 1310.32958984, 465.243438721, 419.392852783, -70.2738876343, 253.23274231, -165.517120361, 525.469482422, -63.2772140503, 264.612121582, -73.7543716431], [-368.043701172, 961.349365234, 131.56817627, 221.641098022, 284.712677002, 24.0372657776, 153.276672363, -69.836730957, 124.83769989, -94.2066345215, 104.451133728, -86.904548645, 27.0809059143], [1818.30859375, 131.56817627, 1508.59069824, 977.139953613, 448.165374756, 309.053131104, -32.6339759827, 134.414962769, -59.7767028809, 268.768615723, 24.9757518768, 126.596313477, -102.278167725], [1310.32958984, 221.641098022, 977.139953613, 955.711791992, 402.290405273, 201.28565979, 17.7984161377, 41.1095161438, -18.6461753845, 168.722015381, 41.6527786255, 54.4654769897, -37.9962997437], [465.243438721, 284.712677002, 448.165374756, 402.290405273, 354.033935547, 148.177230835, 70.7537155151, 47.0512313843, 44.0453453064, 95.3310623169, 42.6663665771, 31.135175705, -10.9344491959], [419.392852783, 24.0372657776, 309.053131104, 201.28565979, 148.177230835, 204.084747314, 83.5292282104, 53.7568893433, 10.415014267, 86.5359573364, 22.3418922424, 24.9757785797, -7.70570135117], [-70.2738876343, 153.276672363, -32.6339759827, 17.7984161377, 70.7537155151, 83.5292282104, 198.850692749, 30.6959877014, 45.0617523193, 16.6099529266, 39.0149459839, -15.0775995255, 20.6769866943], [253.23274231, -69.836730957, 134.414962769, 41.1095161438, 47.0512313843, 53.7568893433, 30.6959877014, 122.492324829, 37.4910774231, 69.6133956909, 12.5584039688, 38.2812805176, 1.03494167328], [-165.517120361, 124.83769989, -59.7767028809, -18.6461753845, 44.0453453064, 10.415014267, 45.0617523193, 37.4910774231, 114.241081238, 7.0852971077, 35.8628311157, -14.4720726013, 24.4971485138], [525.469482422, -94.2066345215, 268.768615723, 168.722015381, 95.3310623169, 86.5359573364, 16.6099529266, 69.6133956909, 7.0852971077, 147.044204712, 19.5110874176, 56.8741836548, -13.8185491562], [-63.2772140503, 104.451133728, 24.9757518768, 41.6527786255, 42.6663665771, 22.3418922424, 39.0149459839, 12.5584039688, 35.8628311157, 19.5110874176, 74.5395355225, 12.4291028976, 9.84783267975], [264.612121582, -86.904548645, 126.596313477, 54.4654769897, 31.135175705, 24.9757785797, -15.0775995255, 38.2812805176, -14.4720726013, 56.8741836548, 12.4291028976, 78.6625442505, 13.3686475754], [-73.7543716431, 27.0809059143, -102.278167725, -37.9962997437, -10.9344491959, -7.70570135117, 20.6769866943, 1.03494167328, 24.4971485138, -13.8185491562, 9.84783267975, 13.3686475754, 68.3720169067]],
        "icov": [[0.000400287943194, -0.000162634067237, -3.00176761812e-05, -0.000422439770773, 0.000382034864742, -0.000254657701589, 0.000141376658576, -0.000371462869225, 0.000401676719775, -0.000911138893571, 0.000794295745436, -0.000415318208979, -0.000149450235767], [-0.000162634067237, 0.00441634841263, -0.00222111353651, 0.00158869195729, -0.00430272473022, 0.00319715123624, -0.00264622713439, 0.00320495129563, -0.00244710128754, 0.00422467850149, -0.00442168861628, 0.00411991216242, -0.00237847189419], [-3.00176761812e-05, -0.00222111353651, 0.00500031560659, -0.00361198815517, 0.00170064729173, -0.00397434365004, 0.00285699008964, -0.00342025468126, 0.00186064734589, -0.00200026668608, 0.0024772931356, -0.00451483670622, 0.00478694448248], [-0.000422439770773, 0.00158869195729, -0.00361198815517, 0.00560390809551, -0.00409715389833, 0.00261577707715, -0.0012454848038, 0.0031133487355, -0.000167792080902, 0.000762671930715, -0.0032380358316, 0.00469468440861, -0.00364209292457], [0.000382034864742, -0.00430272473022, 0.00170064729173, -0.00409715389833, 0.0118132829666, -0.00514502404258, 0.00121584022418, -0.00219852337614, -0.00117146281991, -0.00407121796161, 0.00480608548969, -0.00630345754325, 0.00349558726884], [-0.000254657701589, 0.00319715123624, -0.00397434365004, 0.00261577707715, -0.00514502404258, 0.0136578874663, -0.0061011989601, 0.00202669156715, -0.000483894837089, 0.00025449867826, -0.00335287442431, 0.00543004041538, -0.00385571480729], [0.000141376658576, -0.00264622713439, 0.00285699008964, -0.0012454848038, 0.00121584022418, -0.0061011989601, 0.0104097044095, -0.00428598001599, 0.00230054883286, -0.00278163701296, -0.000528531207237, 0.000970274093561, -0.000294173281873], [-0.000371462869225, 0.00320495129563, -0.00342025468126, 0.0031133487355, -0.00219852337614, 0.00202669156715, -0.00428598001599, 0.0183720737696, -0.00898254197091, -0.000459384144051, -0.000678043288644, -0.00253461091779, -0.000442678894615], [0.000401676719775, -0.00244710128754, 0.00186064734589, -0.000167792080902, -0.00117146281991, -0.000483894837089, 0.00230054883286, -0.00898254197091, 0.0190693084151, -0.00475437473506, -0.00403012847528, 0.00697761634365, -0.00528611475602], [-0.000911138893571, 0.00422467850149, -0.00200026668608, 0.000762671930715, -0.00407121796161, 0.00025449867826, -0.00278163701296, -0.000459384144051, -0.00475437473506, 0.0214661378413, -0.00562963820994, -0.00431976933032, 0.00269863475114], [0.000794295745436, -0.00442168861628, 0.0024772931356, -0.0032380358316, 0.00480608548969, -0.00335287442431, -0.000528531207237, -0.000678043288644, -0.00403012847528, -0.00562963820994, 0.024653442204, -0.0111592654139, 0.00401254929602], [-0.000415318208979, 0.00411991216242, -0.00451483670622, 0.00469468440861, -0.00630345754325, 0.00543004041538, 0.000970274093561, -0.00253461091779, 0.00697761634365, -0.00431976933032, -0.0111592654139, 0.0336230807006, -0.0152158448473], [-0.000149450235767, -0.00237847189419, 0.00478694448248, -0.00364209292457, 0.00349558726884, -0.00385571480729, -0.000294173281873, -0.000442678894615, -0.00528611475602, 0.00269863475114, 0.00401254929602, -0.0152158448473, 0.0256002508104]]
    },
    "melbands": {
        "max": [0.0543200857937, 0.036693200469, 0.0430982261896, 0.0168518200517, 0.00563091691583, 0.00307809072547, 0.00350367184728, 0.0036429699976, 0.00259316153824, 0.00314286607318, 0.00273660267703, 0.00202330085449, 0.0011268077651, 0.00109822186641, 0.00124047021382, 0.00115528423339, 0.00211140676402, 0.00211267382838, 0.00116735254414, 0.00215373677202, 0.0010956650367, 0.000870878342539, 0.000700858596247, 0.000429599895142, 0.000375083182007, 0.000497241853736, 0.000196264110855, 0.000169221297256, 0.00017853443569, 0.000108946413093, 9.93908688542e-05, 7.19219169696e-05, 7.6900170825e-05, 8.98850194062e-05, 0.000133080320666, 8.47289193189e-05, 0.000149060972035, 6.59914876451e-05, 6.66280975565e-05, 4.30865875387e-05],
        "mean": [0.00257701287046, 0.0026488956064, 0.00104237685446, 0.000556666695047, 0.000218296438106, 0.000165046090842, 0.00019939300546, 0.000207609598874, 0.000151476488099, 0.000216932661715, 0.000235466926824, 0.000175715656951, 0.000100968427432, 8.6458712758e-05, 0.000103307764221, 0.000102961268567, 0.000106109459011, 0.000117715244414, 7.89953046478e-05, 5.63871835766e-05, 5.57321618544e-05, 4.63132491859e-05, 3.56593991455e-05, 1.89747643162e-05, 1.62135274877e-05, 1.7604435925e-05, 1.18694806588e-05, 1.15909642773e-05, 1.49361112562e-05, 9.73699661699e-06, 1.03953452708e-05, 7.72902876633e-06, 6.33823174212e-06, 5.67374354432e-06, 5.54943426323e-06, 4.91129458169e-06, 4.5265328481e-06, 4.01787701776e-06, 3.23148151438e-06, 2.77427602668e-06],
        "min": [2.42762115965e-10, 7.19119971904e-11, 2.68337539688e-11, 1.37133715841e-11, 7.87271376562e-12, 5.30931115045e-12, 3.57047442827e-12, 2.41162732145e-12, 2.01049571956e-12, 1.77355742939e-12, 1.2449187731e-12, 7.50506102577e-13, 6.1463334422e-13, 4.69648191864e-13, 4.19397969045e-13, 3.50982779082e-13, 2.54270102152e-13, 2.55150257476e-13, 1.90656924927e-13, 1.34607982313e-13, 1.41302632572e-13, 1.70433857457e-13, 1.04744609253e-13, 1.35228430558e-13, 1.09413454859e-13, 5.37896041998e-14, 4.94300950269e-14, 5.8690032001e-14, 3.99499735322e-14, 6.44350228013e-14, 5.15454513924e-14, 3.05672371095e-14, 2.85582274246e-14, 3.47943279278e-14, 2.66581648114e-14, 1.35779330623e-14, 1.71098639407e-14, 2.867883814e-14, 2.68622099662e-14, 2.25928403454e-14],
        "stdev": [0.00612222589552, 0.00373045308515, 0.00249726581387, 0.00122863624711, 0.000366409512935, 0.000243816888542, 0.000306142639602, 0.000323729240336, 0.000216606000322, 0.000339278718457, 0.000346536253346, 0.000248820724664, 0.000107251282316, 9.29990492295e-05, 0.000131662061904, 0.000121084471175, 0.000134837900987, 0.000155865069246, 0.000107092877442, 9.0054149041e-05, 7.23953562556e-05, 5.4053562053e-05, 4.45792175015e-05, 2.28637218243e-05, 2.03344243346e-05, 2.34669496422e-05, 1.31941333166e-05, 1.49668649101e-05, 1.81481555046e-05, 1.14867707453e-05, 1.2352153135e-05, 8.65710444486e-06, 7.37772234061e-06, 6.81464825902e-06, 8.09103585198e-06, 7.61101864555e-06, 7.72444127506e-06, 5.9901772147e-06, 4.6356412895e-06, 3.97803341912e-06]
    },
    "melbands128": {
        "max": [0.0124271949753, 0.0609968006611, 0.0858529731631, 0.0680866390467, 0.044821485877, 0.0390717610717, 0.0341888070107, 0.0627817884088, 0.0464153252542, 0.0182849373668, 0.0117826061323, 0.00780702987686, 0.00849491544068, 0.0074027380906, 0.00503286579624, 0.00263075018302, 0.00540151074529, 0.00569392275065, 0.00594389531761, 0.00573525903746, 0.00734019372612, 0.00383098237216, 0.00473460834473, 0.00416888250038, 0.003614210058, 0.00555612891912, 0.00632884027436, 0.00445007020608, 0.00366415688768, 0.00453781709075, 0.00183864112478, 0.00209219334647, 0.00215532816947, 0.00130657770205, 0.00209294515662, 0.00175341253635, 0.00214391527697, 0.00268223392777, 0.00224240589887, 0.00224328879267, 0.00184954551514, 0.00296131451614, 0.00351060414687, 0.00252753263339, 0.00301819341257, 0.00323788216338, 0.00591061450541, 0.00145704275928, 0.0028267246671, 0.00194645207375, 0.003488215385, 0.00163231580518, 0.00194181711413, 0.00163718895055, 0.00132583512459, 0.00138707307633, 0.00115254055709, 0.000941759208217, 0.00109820929356, 0.00115274242125, 0.000493016035762, 0.000293622579193, 0.000505415722728, 0.000517957669217, 0.000726896570995, 0.000818821717985, 0.000404592312407, 0.000159915987751, 0.00036194032873, 0.000331998657202, 0.000228556920774, 0.000249895325396, 0.000274881371297, 0.000278814666672, 0.000200166818104, 0.000129163192469, 0.000140774180181, 9.44377898122e-05, 0.000159400471603, 0.000187721860129, 9.55829818849e-05, 0.000116850424092, 9.67491359916e-05, 0.000109205939225, 7.74101426941e-05, 8.62059387146e-05, 9.34225390665e-05, 0.000119919743156, 0.000162275202456, 0.000130402680952, 0.000103601865703, 0.000104264305264, 0.000132172761369, 0.000171485371538, 0.000160177834914, 0.000108439700853, 7.02295728843e-05, 7.34201821615e-05, 8.94024415174e-05, 6.45353284199e-05, 4.64416516479e-05, 4.1837374738e-05, 5.77124301344e-05, 3.1574996683e-05, 3.95803326683e-05, 2.79686064459e-05, 2.59955086221e-05, 2.82504061033e-05, 3.00369847537e-05, 2.46718082053e-05, 1.53936471179e-05, 2.28847511607e-05, 1.52651064127e-05, 6.06819185123e-06, 4.63517062599e-06, 1.79071946604e-06, 3.27111763454e-07, 3.96029653515e-09, 1.07305431207e-09, 1.37283207025e-09, 4.28376695227e-10, 3.74496833544e-09, 7.51038342628e-09, 1.89959270536e-10, 1.48678402923e-10, 1.1707425307e-10, 9.46982700589e-11, 8.17803116893e-11],
        "mean": [0.000395965878852, 0.00249055656604, 0.00341716548428, 0.00292492564768, 0.00311274779961, 0.00207188213244, 0.000988826854154, 0.000974559632596, 0.000720631680451, 0.000627006636932, 0.000374386378098, 0.000238702719798, 0.000164372788277, 0.00020124616276, 0.000173483844264, 0.000142433083965, 0.000156239664648, 0.000253052799962, 0.000186013538041, 0.000208314871998, 0.000230159785133, 0.000169773600646, 0.00011778184853, 0.00015465762408, 0.000196999855689, 0.000219106354052, 0.000330963375745, 0.000215627223952, 0.000165455028764, 0.000261925219093, 0.000131289081764, 0.000107390522317, 0.000117722942377, 7.618451491e-05, 8.92724419828e-05, 7.62311101425e-05, 0.000105354651168, 0.000105750747025, 0.000104191225546, 0.00010042944632, 9.15303608053e-05, 0.000123997495393, 0.00011685215577, 8.56635742821e-05, 9.91153574432e-05, 0.000131871114718, 0.000142058168421, 6.90652959747e-05, 5.99136692472e-05, 5.66699054616e-05, 5.10094905621e-05, 6.2281404098e-05, 6.21286162641e-05, 5.01093054481e-05, 4.94217492815e-05, 4.42932177975e-05, 4.42872042186e-05, 4.57886562799e-05, 3.08261223836e-05, 2.15487089008e-05, 1.79774724529e-05, 1.63929380506e-05, 1.74456745299e-05, 1.5350189642e-05, 1.56844544108e-05, 1.96488344955e-05, 1.85129210877e-05, 1.14475396913e-05, 1.08680105768e-05, 1.12527923193e-05, 9.56738404057e-06, 1.11946783363e-05, 1.98118832486e-05, 1.47952505358e-05, 1.12469751912e-05, 9.45721058088e-06, 9.54207825998e-06, 8.8309216153e-06, 1.20005615827e-05, 9.88484043773e-06, 8.7785310825e-06, 6.31393504591e-06, 6.19048068984e-06, 6.4876144279e-06, 6.20620221525e-06, 6.38885558146e-06, 4.89287958771e-06, 5.40068458577e-06, 6.42001077722e-06, 4.83647590954e-06, 4.83876965518e-06, 5.19190189152e-06, 4.50827428722e-06, 4.67289191874e-06, 4.27656141255e-06, 4.429949513e-06, 3.91388175558e-06, 3.64134689335e-06, 3.17085368806e-06, 3.24480674863e-06, 2.57591432273e-06, 2.8014558211e-06, 2.77562639894e-06, 2.48572268902e-06, 2.12393888432e-06, 1.81366203833e-06, 1.60904528457e-06, 1.64831260463e-06, 1.57522106292e-06, 1.20060110476e-06, 9.16279532248e-07, 6.60150476506e-07, 3.01197331964e-07, 9.57849408678e-08, 3.60009728695e-08, 1.14371134785e-08, 1.12815456976e-09, 9.1612273323e-12, 6.51432380261e-12, 6.45983743927e-12, 5.81557111495e-12, 7.6637038729e-12, 9.38660173894e-12, 4.90773350778e-12, 4.63470191045e-12, 4.24422172754e-12, 4.02395347945e-12, 3.96931966462e-12],
        "min": [5.43312304868e-11, 1.31117561253e-10, 1.90344337514e-10, 1.10129599884e-10, 6.62355170711e-11, 4.50076018121e-11, 3.15869518042e-11, 2.24251450742e-11, 1.7763963911e-11, 1.43445489861e-11, 1.0507514997e-11, 8.44959432283e-12, 7.72922871539e-12, 6.36504260756e-12, 5.23897548607e-12, 4.95192645569e-12, 4.08159010062e-12, 3.28678555726e-12, 3.02135009719e-12, 2.44707292624e-12, 2.15298417115e-12, 2.12140895128e-12, 1.93973179533e-12, 2.00428389163e-12, 1.81551648715e-12, 1.73958427958e-12, 1.54835345934e-12, 1.21356798308e-12, 9.94934711875e-13, 7.93480461458e-13, 6.81151370117e-13, 6.00015154749e-13, 6.20642155291e-13, 6.25980712578e-13, 5.52099652888e-13, 4.18607287505e-13, 3.34659004068e-13, 4.05749300261e-13, 4.87690671267e-13, 4.45873047684e-13, 3.04877921953e-13, 2.36388382827e-13, 2.62088365333e-13, 2.75125950668e-13, 2.01089579016e-13, 2.55476521015e-13, 3.1223496553e-13, 2.40843830339e-13, 1.09001756189e-13, 8.67785525513e-14, 1.65728460686e-13, 1.49283837787e-13, 1.30047326532e-13, 1.45548625778e-13, 1.45555442699e-13, 1.8238542458e-13, 1.92075332419e-13, 1.10103075203e-13, 3.68732415478e-14, 1.56059139136e-13, 1.91023087105e-13, 5.46238876071e-14, 1.43103126462e-13, 1.37190362152e-13, 3.72084734714e-14, 5.96285377303e-14, 4.99247656562e-14, 5.30380826877e-14, 5.32602187722e-14, 3.8983397131e-14, 7.12438802072e-14, 6.45589403334e-14, 2.74540454389e-14, 4.18705360368e-14, 4.64296468297e-14, 5.64873092691e-14, 9.47827902861e-14, 3.09187151251e-14, 6.99731613797e-14, 3.49465228077e-14, 3.53319532919e-14, 2.74916469255e-14, 1.65707681273e-14, 2.0062881681e-14, 4.73373510529e-14, 4.77169031284e-14, 1.67674881412e-14, 3.8340136594e-14, 3.74720328551e-14, 7.51220561316e-15, 1.474880534e-14, 1.61567079295e-14, 1.08084165397e-14, 1.16714584097e-14, 2.83394760838e-14, 2.11493267967e-14, 2.65331749356e-14, 4.43944739911e-14, 2.40769318545e-14, 2.18301244459e-14, 1.64625783031e-14, 1.7656259484e-14, 4.23880494507e-14, 1.80100736164e-14, 1.96752844865e-14, 1.6807357982e-14, 5.01089614409e-14, 4.53756566284e-14, 3.68631211981e-14, 4.1350400209e-14, 1.61380460997e-14, 2.53070303699e-14, 2.00933833374e-14, 7.09474322282e-14, 7.79663673575e-14, 5.25045366342e-14, 1.98600443952e-14, 3.54240156089e-14, 4.649778216e-14, 5.88879531076e-14, 3.23651458552e-14, 9.0338901385e-15, 1.89945613762e-14, 2.22927382663e-14, 1.67087362419e-14, 1.6655290157e-14, 1.85085762228e-15, 3.62333933888e-16],
        "stdev": [0.0010903525399, 0.00661469250917, 0.00894197355956, 0.00644109398127, 0.00441968860105, 0.00265755644068, 0.0020330415573, 0.00391164794564, 0.0026293923147, 0.00129691883922, 0.000709629035555, 0.000526385381818, 0.000384229817428, 0.000394453265471, 0.000307819107547, 0.000266244693194, 0.000284375244519, 0.000488387828227, 0.000386893720133, 0.000482060597278, 0.000441996380687, 0.000315112614771, 0.000268365780357, 0.00029204369639, 0.00036972068483, 0.000516961503308, 0.000720152049325, 0.000388590793591, 0.00035654718522, 0.000485530705191, 0.000198152061785, 0.000158090420882, 0.000168913727975, 0.000124395402963, 0.000133724417537, 0.000122830257169, 0.00016914648586, 0.0002023158886, 0.000183524811291, 0.000163037606399, 0.000145528436406, 0.000258125772234, 0.000208962184843, 0.000153112123371, 0.00017140780983, 0.000212516693864, 0.000277602142887, 0.000110241482616, 0.000150297069922, 0.000135141381179, 0.000112505120342, 9.56841831794e-05, 0.000106885454443, 9.02960673557e-05, 7.9397126683e-05, 7.33410779503e-05, 7.560980157e-05, 7.46098303352e-05, 5.47601339349e-05, 3.75409763365e-05, 2.2994219762e-05, 2.19072226173e-05, 3.20427388942e-05, 2.20022320718e-05, 2.45532191911e-05, 3.19077626045e-05, 2.92397508019e-05, 1.42938497447e-05, 1.5111245375e-05, 1.61395091709e-05, 1.67536036315e-05, 1.80988499778e-05, 2.81150987576e-05, 2.05879332498e-05, 1.63268650795e-05, 1.27681569211e-05, 1.2761650396e-05, 1.14999875223e-05, 1.72529344127e-05, 1.3664753169e-05, 1.09195425466e-05, 8.57802751852e-06, 7.90527155914e-06, 9.61414116318e-06, 7.8968669186e-06, 8.23714799481e-06, 6.69323480906e-06, 7.93453727965e-06, 1.00938759715e-05, 8.6838772404e-06, 7.60444982006e-06, 8.53602159623e-06, 8.69829364092e-06, 8.73422959558e-06, 7.63544812799e-06, 7.49579658077e-06, 6.24089216217e-06, 5.55218593945e-06, 5.18190245202e-06, 4.90130469188e-06, 4.01731358579e-06, 4.34821913586e-06, 4.42122518507e-06, 3.62401556231e-06, 3.28621399603e-06, 2.72166494142e-06, 2.43221234086e-06, 2.62710796051e-06, 2.78795073427e-06, 2.12800091504e-06, 1.55942677793e-06, 1.44665477819e-06, 1.21444554679e-06, 4.10164176401e-07, 2.81475792008e-07, 8.57538111632e-08, 9.57410595248e-09, 8.8125694242e-11, 2.82379484379e-11, 3.31760591221e-11, 1.7014358672e-11, 8.43588532362e-11, 1.65662150664e-10, 8.05743232551e-12, 7.5621193335e-12, 7.23505500302e-12, 7.03195878263e-12, 6.92355808102e-12]
    },
    "mfcc": {
        "mean": [-600.393737793, 90.5775527954, -15.4360456467, 4.31476402283, 3.88560128212, 9.93554496765, -1.42802608013, 5.30788183212, 3.58474159241, 3.47268009186, 0.593618154526, 0.504357635975, -4.70083475113],
        "cov": [[4631.63867188, -555.113342285, 1188.26013184, 863.467102051, 591.724731445, 374.005645752, 307.677581787, -89.777671814, 179.098373413, 80.6224060059, -22.7917995453, 128.200515747, 251.964614868], [-555.113342285, 736.686279297, -120.552009583, 50.4305610657, 45.408821106, 71.248046875, 25.6429290771, 95.0726470947, -0.517266094685, 32.4441375732, 49.6411933899, 13.6808681488, -11.6446113586], [1188.26013184, -120.552009583, 1033.22290039, 627.701416016, 497.461456299, 287.677246094, 209.551956177, 8.74614906311, 45.7218399048, 35.2282218933, 42.8722839355, 121.032119751, 147.069046021], [863.467102051, 50.4305610657, 627.701416016, 716.766296387, 436.741271973, 274.530578613, 169.666610718, 13.0143384933, 50.6732406616, 28.0054397583, 28.7273254395, 94.3494644165, 116.59942627], [591.724731445, 45.408821106, 497.461456299, 436.741271973, 442.109466553, 204.230712891, 106.175109863, 18.9639701843, 43.7352828979, 35.161945343, 38.4869613647, 73.6604690552, 103.054489136], [374.005645752, 71.248046875, 287.677246094, 274.530578613, 204.230712891, 253.655090332, 148.203445435, 29.5552024841, 43.7223320007, 41.0566711426, 36.1733856201, 47.9451751709, 47.0746574402], [307.677581787, 25.6429290771, 209.551956177, 169.666610718, 106.175109863, 148.203445435, 174.293457031, 43.2746734619, 41.2138214111, 36.4386367798, 42.9883003235, 42.6949386597, 40.1103897095], [-89.777671814, 95.0726470947, 8.74614906311, 13.0143384933, 18.9639701843, 29.5552024841, 43.2746734619, 77.8384170532, 29.8405151367, 23.9700469971, 25.6137752533, 14.8706226349, 5.80414819717], [179.098373413, -0.517266094685, 45.7218399048, 50.6732406616, 43.7352828979, 43.7223320007, 41.2138214111, 29.8405151367, 98.1380691528, 44.4389801025, 19.3588199615, 20.4241199493, 27.7509975433], [80.6224060059, 32.4441375732, 35.2282218933, 28.0054397583, 35.161945343, 41.0566711426, 36.4386367798, 23.9700469971, 44.4389801025, 72.1160125732, 37.547580719, 22.5325126648, 20.2693519592], [-22.7917995453, 49.6411933899, 42.8722839355, 28.7273254395, 38.4869613647, 36.1733856201, 42.9883003235, 25.6137752533, 19.3588199615, 37.547580719, 70.5242919922, 40.8159255981, 20.2338733673], [128.200515747, 13.6808681488, 121.032119751, 94.3494644165, 73.6604690552, 47.9451751709, 42.6949386597, 14.8706226349, 20.4241199493, 22.5325126648, 40.8159255981, 77.8085632324, 51.9975624084], [251.964614868, -11.6446113586, 147.069046021, 116.59942627, 103.054489136, 47.0746574402, 40.1103897095, 5.80414819717, 27.7509975433, 20.2693519592, 20.2338733673, 51.9975624084, 91.3793258667]],
        "icov": [[0.000405653263442, 0.000173862848897, -0.000243522546953, -0.000163551274454, 6.22483184998e-06, 6.67332351441e-05, -0.000400936434744, 0.000611520255916, -0.000476074783364, -0.000313361204462, 0.000548307260033, 0.000109336055175, -0.000369537388906], [0.000173862848897, 0.00205992697738, 0.000626483699307, -0.000548447074834, -0.000295505102258, -0.000836746999994, 0.000624579319265, -0.00229638163, 0.000917401455808, -0.000435109133832, -0.00061039661523, 0.000155228568474, -2.46127401624e-05], [-0.000243522546953, 0.000626483699307, 0.00325561128557, -0.00092592817964, -0.00205436814576, -1.40802185342e-05, -0.00137968326453, -0.000333120493451, 0.00119991390966, 6.09113303653e-05, 0.000437084410805, -0.00142444181256, -2.01882594411e-05], [-0.000163551274454, -0.000548447074834, -0.00092592817964, 0.00490138679743, -0.00267623830587, -0.00131179380696, -0.000965858460404, 0.00103902304545, -0.000431842083344, 0.00101206207182, 0.00173554348294, -0.0016356271226, 0.00012215206516], [6.22483184998e-06, -0.000295505102258, -0.00205436814576, -0.00267623830587, 0.00841731019318, -0.00282012787648, 0.00363150052726, -0.00114822213072, -0.000338922458468, 8.76278645592e-05, -0.00266624381766, 0.0022989124991, -0.00352890929207], [6.67332351441e-05, -0.000836746999994, -1.40802185342e-05, -0.00131179380696, -0.00282012787648, 0.0121650677174, -0.00802078749985, 0.00225884886459, -0.000757290108595, -0.00232351780869, 0.0018185575027, -0.00105239835102, 0.00263813789934], [-0.000400936434744, 0.000624579319265, -0.00137968326453, -0.000965858460404, 0.00363150052726, -0.00802078749985, 0.0164635386318, -0.00638338644058, -0.00025217505754, 0.00102151301689, -0.00581272458658, 0.00169888639357, -0.00197620992549], [0.000611520255916, -0.00229638163, -0.000333120493451, 0.00103902304545, -0.00114822213072, 0.00225884886459, -0.00638338644058, 0.0219943672419, -0.00564210163429, -0.000890693219844, -0.000720762182027, -0.00128196715377, 0.00156783219427], [-0.000476074783364, 0.000917401455808, 0.00119991390966, -0.000431842083344, -0.000338922458468, -0.000757290108595, -0.00025217505754, -0.00564210163429, 0.0172849167138, -0.00873245764524, 0.00217441422865, -0.000309670664137, -0.00232666311786], [-0.000313361204462, -0.000435109133832, 6.09113303653e-05, 0.00101206207182, 8.76278645592e-05, -0.00232351780869, 0.00102151301689, -0.000890693219844, -0.00873245764524, 0.0263887941837, -0.0118638845161, 0.00226402981207, -0.00173727492802], [0.000548307260033, -0.00061039661523, 0.000437084410805, 0.00173554348294, -0.00266624381766, 0.0018185575027, -0.00581272458658, -0.000720762182027, 0.00217441422865, -0.0118638845161, 0.0314505882561, -0.0149304997176, 0.00366276642308], [0.000109336055175, 0.000155228568474, -0.00142444181256, -0.0016356271226, 0.0022989124991, -0.00105239835102, 0.00169888639357, -0.00128196715377, -0.000309670664137, 0.00226402981207, -0.0149304997176, 0.0306995157152, -0.0131879495457], [-0.000369537388906, -2.46127401624e-05, -2.01882594411e-05, 0.00012215206516, -0.00352890929207, 0.00263813789934, -0.00197620992549, 0.00156783219427, -0.00232666311786, -0.00173727492802, 0.00366276642308, -0.0131879495457, 0.0230096578598]]
    },
    "spectral_contrast_coeffs": {
        "max": [-0.383145034313, -0.501283884048, -0.526816904545, -0.584644973278, -0.652931213379, -0.539862513542],
        "mean": [-0.707513391972, -0.776069462299, -0.776004016399, -0.796294927597, -0.792988717556, -0.756505846977],
        "min": [-0.938207268715, -0.918851613998, -0.936550796032, -0.940830647945, -0.915430247784, -0.903778553009],
        "stdev": [0.0766621157527, 0.0689150765538, 0.0603933595121, 0.0432858206332, 0.0303741656244, 0.036784786731]
    },
    "spectral_contrast_valleys": {
        "max": [-4.94417953491, -5.07083702087, -5.43766498566, -5.52034568787, -5.54746007919, -7.45257663727],
        "mean": [-7.06235647202, -6.59284591675, -6.78021717072, -6.77066421509, -7.02782583237, -9.5245256424],
        "min": [-18.3229045868, -17.9915428162, -17.7224407196, -17.606760025, -17.0760440826, -18.504070282],
        "stdev": [1.39432179928, 0.669382750988, 0.640314102173, 0.625041782856, 0.751430988312, 1.08120846748]
    }
},
"rhythm": {
    "beats_count": 107,
    "beats_loudness": {
        "max": 0.130438566208,
        "mean": 0.0476237274706,
        "min": 0.00174023513682,
        "stdev": 0.0268125031143
    },
    "bpm": 127.858985901,
    "bpm_histogram_first_peak_bpm": 129,
    "bpm_histogram_first_peak_weight": 0.479999959469,
    "bpm_histogram_second_peak_bpm": 123,
    "bpm_histogram_second_peak_spread": 0.222222208977,
    "bpm_histogram_second_peak_weight": 0.132075473666,
    "danceability": 1.2418756485,
    "onset_rate": 3.18509960175,
    "beats_loudness_band_ratio": {
        "max": [0.977995991707, 0.238317638636, 0.55805760622, 0.742642045021, 0.341587394476, 0.690959632397],
        "mean": [0.475282430649, 0.0692894607782, 0.136785522103, 0.156848654151, 0.109705597162, 0.0802294313908],
        "min": [0.000341373321135, 0.00239739893004, 0.00244826939888, 0.00642238836735, 0.00640931911767, 0.00315445568413],
        "stdev": [0.298506975174, 0.0586658753455, 0.130132973194, 0.161293759942, 0.0799695178866, 0.0998485833406]
    },
