{
"metadata": {
    "version": {
        "essentia": "2.1-beta5",
        "essentia_git_sha": "Undefined",
        "extractor": "music 2.0"
    },
    "audio_properties": {
        "analysis": {
            "equal_loudness": 0,
            "length": 32.4963264465,
            "sample_rate": 44100,
            "start_time": 77.7404098511,
            "downmix": "mix"
        },
        "bit_rate": 192000,
        "length": 196.138961792,
        "lossless": 0,
        "number_channels": 2,
        "replay_gain": -0.0784168243408,
        "sample_rate": 48000,
        "codec": "mp3",
        "md5_encoded": "b76bb60c800e72f89acae44c0b1ed879"
    },
    "tags": {
        "file_name": "Lithuania_I_ve Been Waiting for This Night_Donny Montell.mp3",
        "encoding": ["Lavf58.29.100"]
    }
},
"lowlevel": {
    "average_loudness": 0.973280370235,
    "barkbands_crest": {
        "max": 26.1845912933,
        "mean": 12.0600767136,
        "min": 2.79662871361,
        "stdev": 5.94641399384
    },
    "barkbands_flatness_db": {
        "max": 0.392118632793,
        "mean": 0.163360387087,
        "min": 0.0371787175536,
        "stdev": 0.0663377344608
    },
    "barkbands_kurtosis": {
        "max": 158.631195068,
        "mean": 8.05973243713,
        "min": -1.83735775948,
        "stdev": 18.5724887848
    },
    "barkbands_skewness": {
        "max": 11.139090538,
        "mean": 1.74056077003,
        "min": -2.56996750832,
        "stdev": 1.9014878273
    },
    "barkbands_spread": {
        "max": 106.639076233,
        "mean": 22.4787712097,
        "min": 0.613091170788,
        "stdev": 18.5040111542
    },
    "dissonance": {
        "max": 0.499325752258,
        "mean": 0.453802675009,
        "min": 0.218811348081,
        "stdev": 0.0360337309539
    },
    "dynamic_complexity": 2.21828341484,
    "erbbands_crest": {
        "max": 26.8961677551,
        "mean": 9.74424743652,
        "min": 2.49430036545,
        "stdev": 4.26954174042
    },
    "erbbands_flatness_db": {
        "max": 0.283257812262,
        "mean": 0.162178561091,
        "min": 0.0580051802099,
        "stdev": 0.0397434718907
    },
    "erbbands_kurtosis": {
        "max": 43.101890564,
        "mean": 1.44775533676,
        "min": -1.74231386185,
        "stdev": 2.83080816269
    },
    "erbbands_skewness": {
        "max": 4.11882925034,
        "mean": 0.412170708179,
        "min": -2.40720415115,
        "stdev": 0.92201423645
    },
    "erbbands_spread": {
        "max": 132.355010986,
        "mean": 36.0098190308,
        "min": 3.5392768383,
        "stdev": 20.0459594727
    },
    "hfc": {
        "max": 289.707122803,
        "mean": 30.743686676,
        "min": 0.963026165962,
        "stdev": 36.4686584473
    },
    "loudness_ebu128": {
        "integrated": -21.813167572,
        "loudness_range": 1.37568092346,
        "momentary": {
            "max": -17.3210544586,
            "mean": -22.2152824402,
            "min": -28.4155044556,
            "stdev": 1.90477406979
        },
        "short_term": {
            "max": -20.0635604858,
            "mean": -22.1199398041,
            "min": -23.5470638275,
            "stdev": 0.497960329056
        }
    },
    "melbands_crest": {
        "max": 34.0477905273,
        "mean": 16.3091144562,
        "min": 3.55635046959,
        "stdev": 7.46010971069
    },
    "melbands_flatness_db": {
        "max": 0.509539246559,
        "mean": 0.211154848337,
        "min": 0.0270596370101,
        "stdev": 0.0947689637542
    },
    "melbands_kurtosis": {
        "max": 232.152206421,
        "mean": 16.829957962,
        "min": -1.8158197403,
        "stdev": 30.334728241
    },
    "melbands_skewness": {
        "max": 12.3648691177,
        "mean": 2.66478681564,
        "min": -0.533275842667,
        "stdev": 2.13802433014
    },
    "melbands_spread": {
        "max": 246.269302368,
        "mean": 28.3537731171,
        "min": 0.610280871391,
        "stdev": 34.2990264893
    },
    "pitch_salience": {
        "max": 0.823855876923,
        "mean": 0.522170186043,
        "min": 0.0660222396255,
        "stdev": 0.171107560396
    },
    "silence_rate_20dB": {
        "max": 1,
        "mean": 1,
        "min": 1,
        "stdev": 0
    },
    "silence_rate_30dB": {
        "max": 1,
        "mean": 0.859386146069,
        "min": 0,
        "stdev": 0.347624897957
    },
    "silence_rate_60dB": {
        "max": 1,
        "mean": 0.0042826551944,
        "min": 0,
        "stdev": 0.0653009861708
    },
    "spectral_centroid": {
        "max": 5018.41796875,
        "mean": 1299.03405762,
        "min": 276.007446289,
        "stdev": 833.394470215
    },
    "spectral_complexity": {
        "max": 61,
        "mean": 18.6845111847,
        "min": 3,
        "stdev": 9.73908424377
    },
    "spectral_decrease": {
        "max": -3.41285277816e-10,
        "mean": -1.17813385714e-08,
        "min": -7.72029977725e-08,
        "stdev": 1.3478416605e-08
    },
    "spectral_energy": {
        "max": 0.294723987579,
        "mean": 0.0472539737821,
        "min": 0.0013754395768,
        "stdev": 0.0513226948678
    },
    "spectral_energyband_high": {
        "max": 0.0299433209002,
        "mean": 0.00171442562714,
        "min": 4.34620824308e-06,
        "stdev": 0.00390854338184
    },
    "spectral_energyband_low": {
        "max": 0.269148617983,
        "mean": 0.0269562136382,
        "min": 1.94672611542e-05,
        "stdev": 0.0495864637196
    },
    "spectral_energyband_middle_high": {
        "max": 0.0591207370162,
        "mean": 0.00608561886474,
        "min": 0.000246058712946,
        "stdev": 0.00698546413332
    },
    "spectral_energyband_middle_low": {
        "max": 0.0732020065188,
        "mean": 0.0130527447909,
        "min": 0.000631309638266,
        "stdev": 0.0105093102902
    },
    "spectral_entropy": {
        "max": 8.8094959259,
        "mean": 7.55536031723,
        "min": 5.93874120712,
        "stdev": 0.520689487457
    },
    "spectral_flux": {
        "max": 0.392004847527,
        "mean": 0.107614867389,
        "min": 0.0218479223549,
        "stdev": 0.0667535215616
    },
    "spectral_kurtosis": {
        "max": 22.0717277527,
        "mean": 4.80476808548,
        "min": -1.18518233299,
        "stdev": 3.48087215424
    },
    "spectral_rms": {
        "max": 0.0169568751007,
        "mean": 0.0060688117519,
        "min": 0.00115840067156,
        "stdev": 0.00304483436048
    },
    "spectral_rolloff": {
        "max": 12015.5273438,
        "mean": 1880.78479004,
        "min": 64.599609375,
        "stdev": 2572.90893555
    },
    "spectral_skewness": {
        "max": 4.07226848602,
        "mean": 1.75277042389,
        "min": 0.0239939950407,
        "stdev": 0.642619013786
    },
    "spectral_spread": {
        "max": 14088704,
        "mean": 5175608.5,
        "min": 2417848.25,
        "stdev": 2113944
    },
    "spectral_strongpeak": {
        "max": 10.6189260483,
        "mean": 1.11398470402,
        "min": 0,
        "stdev": 1.22266352177
    },
    "zerocrossingrate": {
        "max": 0.37841796875,
        "mean": 0.0690254047513,
        "min": 0.00244140625,
        "stdev": 0.0679307356477
    },
    "barkbands": {
        "max": [0.00762144196779, 0.261378467083, 0.0757990181446, 0.0248961038888, 0.0499967783689, 0.0268057398498, 0.0334689170122, 0.0528035089374, 0.0467158891261, 0.0205103810877, 0.0273474249989, 0.0112285688519, 0.0270567331463, 0.0171555355191, 0.0104154460132, 0.0165089406073, 0.0138765778393, 0.0106044849381, 0.00616918038577, 0.00756206735969, 0.0138827357441, 0.00699529051781, 0.00474552158266, 0.0117123024538, 0.0124388765544, 0.00290672411211, 1.09945149234e-05],
        "mean": [0.00068094820017, 0.0240749306977, 0.00176927144639, 0.000934622890782, 0.00436451518908, 0.00125762773678, 0.00217805150896, 0.00192464410793, 0.00214232224971, 0.00112437491771, 0.000892187934369, 0.000409311556723, 0.000678265350871, 0.000544624577742, 0.000504096155055, 0.000728636630811, 0.000593511678744, 0.000352295086486, 0.000249579956289, 0.000237503409153, 0.000233017039136, 0.00021959147125, 0.000263480469584, 0.000425739825005, 0.00040350886411, 6.73077083775e-05, 5.94720717118e-08],
        "min": [2.56281786903e-08, 3.88638090953e-06, 1.7045815639e-06, 1.41482772165e-07, 4.20364376623e-05, 1.67419566424e-05, 1.45099966176e-05, 3.45932994605e-06, 1.03637339635e-05, 3.96270297642e-06, 3.05142179968e-06, 3.05148887492e-06, 4.05127912018e-06, 3.4991130633e-06, 3.4245392726e-06, 1.98184375222e-06, 2.38298957811e-06, 2.21709569814e-06, 1.79851542725e-06, 7.32061494091e-07, 7.44874114389e-07, 5.94110815655e-07, 4.06889284932e-07, 3.62286272093e-07, 2.51160457765e-07, 1.11133757752e-09, 1.54045207146e-10],
        "stdev": [0.00109240948223, 0.0470953546464, 0.00689212046564, 0.00258637522347, 0.00504909968004, 0.00247126747854, 0.00329645024613, 0.00373057415709, 0.00414432585239, 0.00241409102455, 0.00226174783893, 0.00084763742052, 0.00173258874565, 0.00115153403021, 0.000943621795159, 0.00167301227339, 0.00131858699024, 0.000678024545778, 0.000560222484637, 0.000622395426035, 0.000812987156678, 0.000561607768759, 0.000583251239732, 0.00122857652605, 0.00121883000247, 0.000213409104617, 5.39905329333e-07]
    },
    "erbbands": {
        "max": [7.28001022339, 63.1227836609, 76.3820037842, 98.7538909912, 142.855987549, 246.746047974, 263.298797607, 328.918670654, 519.479919434, 962.590087891, 991.64239502, 1212.82067871, 765.240905762, 605.847229004, 673.756347656, 417.967010498, 1058.03076172, 1218.61621094, 405.613311768, 1017.58795166, 796.688476562, 524.472717285, 692.110534668, 236.120346069, 471.887420654, 403.801147461, 581.318359375, 793.990539551, 270.240783691, 228.383117676, 161.021820068, 184.481918335, 230.149642944, 155.371307373, 113.367416382, 26.4781112671, 2.67536830902, 0.240320339799, 0.00558188464493, 0.000543656817172],
        "mean": [0.820792853832, 4.8241443634, 3.35391616821, 2.66080570221, 7.71747112274, 16.2372989655, 15.0315151215, 9.99670219421, 26.159154892, 38.6565361023, 42.1441802979, 46.4324874878, 38.6857299805, 34.1728630066, 34.1309432983, 15.8133840561, 30.9740638733, 28.0496177673, 26.6160697937, 32.1860427856, 41.8536758423, 35.5764312744, 21.6798229218, 12.7940731049, 14.0174417496, 11.3390455246, 9.35288047791, 9.01826286316, 7.6319270134, 7.73657417297, 7.65385627747, 8.31873321533, 7.25558614731, 5.17321062088, 2.47900295258, 0.594544112682, 0.0672081708908, 0.00283499131911, 0.000130429907585, 6.81902311044e-05],
        "min": [6.61763187964e-05, 0.00106227514334, 0.00587902218103, 0.00660299416631, 0.0622868090868, 0.140856921673, 0.148448243737, 0.195844873786, 0.249075904489, 0.390784919262, 0.652265071869, 0.325708240271, 0.382737934589, 0.31448969245, 0.245902463794, 0.240553677082, 0.310861676931, 0.326350718737, 0.315087527037, 0.283056944609, 0.206889495254, 0.153829842806, 0.134490936995, 0.114026725292, 0.0650713071227, 0.032186307013, 0.0237410962582, 0.0270888693631, 0.0199052877724, 0.0138380713761, 0.0121813425794, 0.00666878791526, 0.00777683127671, 0.00349143682979, 0.0016305912286, 0.000297173042782, 1.42154030982e-05, 7.49230537167e-07, 8.54330664879e-07, 1.62316348451e-06],
        "stdev": [1.47678422928, 10.5149269104, 9.55543518066, 8.01735210419, 14.0132799149, 20.714805603, 26.639093399, 20.4508533478, 46.6298446655, 65.9169616699, 71.1461791992, 90.644241333, 74.3415679932, 69.2102661133, 70.4199371338, 29.2398052216, 74.4914627075, 71.0789871216, 44.3141212463, 75.8964767456, 95.9644775391, 76.9488677979, 40.8793525696, 24.5731163025, 34.4417076111, 30.6561794281, 29.5120372772, 34.9522438049, 21.0343723297, 17.3311367035, 17.3015060425, 21.7303256989, 22.2048969269, 15.6033124924, 8.04128932953, 1.86975669861, 0.216327130795, 0.013446951285, 0.000347143912222, 6.81329838699e-05]
    },
    "gfcc": {
        "mean": [12.6034765244, 92.6508102417, -113.208755493, 28.1720733643, -68.2047653198, 26.1988162994, -49.4362449646, 23.4727649689, -16.2812042236, 3.65841293335, -9.94717693329, -1.46519649029, -1.94188821316],
        "cov": [[2103.35791016, -999.589538574, -192.14704895, 334.364379883, -42.6683692932, 169.370742798, -70.5084838867, 22.5329360962, -120.397598267, 78.8121490479, -85.9017486572, 67.0966796875, -39.3680458069], [-999.589538574, 1653.3449707, 171.817214966, -171.507415771, 366.296051025, -84.865234375, 319.428833008, 82.3000411987, 178.062683105, -168.765518188, 219.441207886, -83.8254776001, 35.1568031311], [-192.14704895, 171.817214966, 769.340087891, 127.890487671, 104.319473267, 114.149902344, 131.64743042, 97.7675552368, 100.93434906, 72.6194076538, 34.074634552, 41.6104850769, 2.48580670357], [334.364379883, -171.507415771, 127.890487671, 567.818664551, 171.973724365, -53.8265800476, 51.6736221313, 58.010799408, 116.18535614, 24.2275257111, -14.7462625504, 43.7567253113, 30.765039444], [-42.6683692932, 366.296051025, 104.319473267, 171.973724365, 401.37121582, 37.2292366028, 169.667526245, 110.472343445, 113.01815033, 6.64900970459, 59.8353500366, 11.7029294968, 25.637172699], [169.370742798, -84.865234375, 114.149902344, -53.8265800476, 37.2292366028, 273.294311523, 110.226676941, 22.1367168427, -15.2486858368, 40.4897727966, 37.120891571, -9.98056316376, 27.5348834991], [-70.5084838867, 319.428833008, 131.64743042, 51.6736221313, 169.667526245, 110.226676941, 308.991638184, 69.9236068726, 68.8097229004, 32.2865333557, 68.1725387573, -2.2166557312, 17.435968399], [22.5329360962, 82.3000411987, 97.7675552368, 58.010799408, 110.472343445, 22.1367168427, 69.9236068726, 148.067977905, 85.2541046143, 7.75648832321, 43.5523033142, 30.0493774414, 18.1919937134], [-120.397598267, 178.062683105, 100.93434906, 116.18535614, 113.01815033, -15.2486858368, 68.8097229004, 85.2541046143, 170.722183228, 0.962268829346, 41.6680297852, 11.7878866196, 32.2731399536], [78.8121490479, -168.765518188, 72.6194076538, 24.2275257111, 6.64900970459, 40.4897727966, 32.2865333557, 7.75648832321, 0.962268829346, 132.577575684, -18.9328708649, 23.3639755249, -7.48119020462], [-85.9017486572, 219.441207886, 34.074634552, -14.7462625504, 59.8353500366, 37.120891571, 68.1725387573, 43.5523033142, 41.6680297852, -18.9328708649, 147.877853394, 10.2463130951, 13.1359682083], [67.0966796875, -83.8254776001, 41.6104850769, 43.7567253113, 11.7029294968, -9.98056316376, -2.2166557312, 30.0493774414, 11.7878866196, 23.3639755249, 10.2463130951, 88.0900344849, 17.377538681], [-39.3680458069, 35.1568031311, 2.48580670357, 30.765039444, 25.637172699, 27.5348834991, 17.435968399, 18.1919937134, 32.2731399536, -7.48119020462, 13.1359682083, 17.377538681, 78.9798812866]],
        "icov": [[0.000905233959202, 0.000334959273459, 0.000373309041606, -0.000674771203194, -1.58392958838e-05, -0.000808782060631, 2.50481989497e-05, -0.000576996477321, 0.000602075306233, 0.000204142532311, 5.50325639779e-05, -0.000407150742831, 0.000821438210551], [0.000334959273459, 0.00286913267337, -0.000843508460093, 0.00176421110518, -0.00217237346806, 0.00256414455362, -0.00236902502365, 0.00134773028549, -0.000899314938579, 0.0026992331259, -0.00219281530008, 0.00195091636851, -0.00118845212273], [0.000373309041606, -0.000843508460093, 0.00220437953249, -0.00123682792764, 0.000905933906324, -0.00210591848008, 0.000615592405666, -0.00120688404422, -0.000183306183317, -0.00126162287779, 0.000916392193176, -0.00152755423915, 0.00169524922967], [-0.000674771203194, 0.00176421110518, -0.00123682792764, 0.00442986888811, -0.00248358841054, 0.00323319225572, -0.0017411528388, 0.00204440415837, -0.00244284700602, 0.00155715923756, -0.000878943828866, 0.0009693603497, -0.0021372162737], [-1.58392958838e-05, -0.00217237346806, 0.000905933906324, -0.00248358841054, 0.0059516672045, -0.00228072586469, 0.000256421451923, -0.00293558044359, 0.000164880402735, -0.00181399600115, 0.00136975268833, -0.00122432550415, 0.00118315254804], [-0.000808782060631, 0.00256414455362, -0.00210591848008, 0.00323319225572, -0.00228072586469, 0.00932198297232, -0.0040376316756, 0.00140375469346, 0.000559372245334, 0.000945307197981, -0.00330838235095, 0.00431186752394, -0.00521675404161], [2.50481989497e-05, -0.00236902502365, 0.000615592405666, -0.0017411528388, 0.000256421451923, -0.0040376316756, 0.00743996212259, -0.00166488508694, 0.000260052591329, -0.00319531001151, 0.000638428784441, -0.000992091139778, 0.00149446353316], [-0.000576996477321, 0.00134773028549, -0.00120688404422, 0.00204440415837, -0.00293558044359, 0.00140375469346, -0.00166488508694, 0.013039062731, -0.00550016853958, 0.00176833500154, -0.00211981474422, -0.00203155027702, -0.000603660068009], [0.000602075306233, -0.000899314938579, -0.000183306183317, -0.00244284700602, 0.000164880402735, 0.000559372245334, 0.000260052591329, -0.00550016853958, 0.0121632991359, -0.00143575284164, -0.000687510764692, 0.00126612163149, -0.00265175127424], [0.000204142532311, 0.0026992331259, -0.00126162287779, 0.00155715923756, -0.00181399600115, 0.000945307197981, -0.00319531001151, 0.00176833500154, -0.00143575284164, 0.0120200412348, -4.06633516832e-05, -0.00126913480926, 0.000902002153452], [5.50325639779e-05, -0.00219281530008, 0.000916392193176, -0.000878943828866, 0.00136975268833, -0.00330838235095, 0.000638428784441, -0.00211981474422, -0.000687510764692, -4.06633516832e-05, 0.010634993203, -0.00339809642173, 0.0016291057691], [-0.000407150742831, 0.00195091636851, -0.00152755423915, 0.0009693603497, -0.00122432550415, 0.00431186752394, -0.000992091139778, -0.00203155027702, 0.00126612163149, -0.00126913480926, -0.00339809642173, 0.0167401935905, -0.00557543104514], [0.000821438210551, -0.00118845212273, 0.00169524922967, -0.0021372162737, 0.00118315254804, -0.00521675404161, 0.00149446353316, -0.000603660068009, -0.00265175127424, 0.000902002153452, 0.0016291057691, -0.00557543104514, 0.0177476629615]]
    },
    "melbands": {
        "max": [0.0718063190579, 0.0443550013006, 0.0144796138629, 0.0116755459458, 0.00842434540391, 0.00637565506622, 0.00786096043885, 0.0119547266513, 0.00776874972507, 0.00656149769202, 0.00390892103314, 0.0025784750469, 0.00314593152143, 0.00139282806776, 0.00163816800341, 0.00328139238991, 0.00213507772423, 0.00088803388644, 0.000961068784818, 0.00132114486769, 0.00107691646554, 0.000763891439419, 0.000488699355628, 0.000701275013853, 0.000200462061912, 0.00027546446654, 0.000456525944173, 0.000224948802497, 0.000360416597687, 0.000314474076731, 0.000532505044248, 0.000182266667252, 0.000116627947136, 0.000119473312225, 0.000104580132756, 0.0001402341004, 0.000146499936818, 0.000188838763279, 0.000171629886609, 0.000139907569974],
        "mean": [0.0071083009243, 0.00321565428749, 0.00057571643265, 0.000910667236894, 0.000588368682656, 0.000230177989579, 0.000405882135965, 0.000437013892224, 0.000351975439116, 0.000281186046777, 0.000193795829546, 0.000142258373671, 0.000131837936351, 5.20296271134e-05, 4.85290511278e-05, 6.89904263709e-05, 4.96591346746e-05, 4.39485556853e-05, 3.61588863598e-05, 4.2589068471e-05, 5.10235477122e-05, 3.77616815967e-05, 2.49249678745e-05, 1.54599274538e-05, 9.55171981332e-06, 9.68340918917e-06, 1.01719406302e-05, 6.73611339153e-06, 5.76554884901e-06, 5.35820709047e-06, 5.14232715432e-06, 4.32077968071e-06, 4.18884928877e-06, 4.29756755693e-06, 4.24957761425e-06, 4.63000287709e-06, 5.30813667865e-06, 5.16949330631e-06, 4.71473686048e-06, 4.26755377703e-06],
        "min": [1.22973074212e-06, 3.32611216436e-06, 2.27931218433e-06, 5.28098735231e-06, 5.59413820156e-06, 3.57602971235e-06, 3.10746941068e-06, 4.89876674692e-06, 2.73542036666e-06, 1.23996153434e-06, 1.01045259271e-06, 7.92160733454e-07, 5.03409182784e-07, 3.98476970531e-07, 3.46585665056e-07, 4.72510208738e-07, 4.049554434e-07, 3.22353741922e-07, 3.35609769309e-07, 2.34217068851e-07, 2.03639658025e-07, 1.14379851368e-07, 1.45047621913e-07, 9.06533514922e-08, 5.46347820318e-08, 4.88273101951e-08, 3.11535544029e-08, 1.45654128758e-08, 8.60782023437e-09, 1.74713186141e-08, 1.35214239805e-08, 4.40887149011e-09, 8.38973068795e-09, 7.27369631193e-09, 7.14618852982e-09, 4.77828621115e-09, 2.8691486964e-09, 3.79377551596e-09, 3.59058072164e-09, 1.7520854767e-09],
        "stdev": [0.0133328782395, 0.00730381673202, 0.0013584822882, 0.00118926528376, 0.00087573233759, 0.000445357552962, 0.000686776882503, 0.000758923124522, 0.000602657033596, 0.000539145199582, 0.000389644439565, 0.000302731146803, 0.000314229808282, 0.000110513421532, 0.000103968843177, 0.000202479248401, 0.000124341895571, 8.00892521511e-05, 7.61733681429e-05, 0.00010447409295, 0.000129036445287, 8.70563235367e-05, 4.69442093163e-05, 3.4436241549e-05, 1.88807443919e-05, 2.22485978156e-05, 2.79247451545e-05, 1.89597485587e-05, 1.86420620594e-05, 1.7522737835e-05, 2.12632603507e-05, 1.27502453324e-05, 1.01633686427e-05, 9.59314184001e-06, 9.80963432085e-06, 1.10610517368e-05, 1.48749313666e-05, 1.63290715136e-05, 1.44553168866e-05, 1.31323786263e-05]
    },
    "melbands128": {
        "max": [0.00723817385733, 0.0590651519597, 0.125386729836, 0.102591112256, 0.0478479340672, 0.0362562872469, 0.022832158953, 0.0154947135597, 0.0181589890271, 0.0164089035243, 0.0166508853436, 0.0115429386497, 0.0137892160565, 0.00843453314155, 0.0123110692948, 0.00437672156841, 0.00693029444665, 0.0151921603829, 0.00800785142928, 0.0134634710848, 0.0177059434354, 0.0118790175766, 0.0134121887386, 0.0134060112759, 0.0134125361219, 0.00815676525235, 0.0115895401686, 0.00549192540348, 0.00694785825908, 0.00543602602556, 0.00412039319053, 0.00882490631193, 0.00605431944132, 0.00289955968037, 0.00359039008617, 0.00151225319132, 0.00254366383888, 0.00265797111206, 0.00208327453583, 0.00346673838794, 0.00424547400326, 0.00346246454865, 0.00268343533389, 0.00143215188291, 0.00218436936848, 0.0011241560569, 0.00117385282647, 0.000577182159759, 0.00161941838451, 0.00270536052994, 0.00156319257803, 0.00127925153356, 0.00231930962764, 0.00230698427185, 0.0027935768012, 0.00116885057651, 0.00109351845458, 0.000754803419113, 0.000567317474633, 0.00108278903645, 0.00117072509602, 0.000468349462608, 0.000254680664511, 0.000239310233155, 0.000380176294129, 0.000269916112302, 0.000550851167645, 0.000695500115398, 0.000793901097495, 0.000822835369036, 0.000334604497766, 0.000181376904948, 0.000247592688538, 0.000523011782207, 0.000435500376625, 0.000257660023635, 0.000262687448412, 0.000797432323452, 0.000671575777233, 0.000205015545362, 0.000316389341606, 0.000124887068523, 0.000139563926496, 0.000148602528498, 0.000126020808239, 0.000228807199164, 0.000102319856524, 0.000119936499686, 0.000150283842231, 0.000136812668643, 0.000130887594423, 0.000192466162844, 0.000136785936775, 0.000165518606082, 0.000204347888939, 0.000242054942646, 0.000188881283975, 0.000166057041497, 0.000202340743272, 0.000176463508978, 0.000166610552697, 0.000137431867188, 0.000125732462038, 0.000161149640917, 0.000180325427209, 0.000179287671926, 0.000114481685159, 6.64307299303e-05, 3.50965783582e-05, 1.94500080397e-05, 2.04814932658e-05, 8.81680625753e-06, 9.20749425859e-06, 1.09381144284e-05, 6.26919472779e-06, 2.69100291916e-06, 8.60672457748e-07, 2.99558209349e-08, 2.92003523583e-08, 2.83565970705e-08, 2.76473155481e-08, 2.70334954422e-08, 2.65503690144e-08, 2.60469725788e-08, 2.56667149756e-08, 2.53058214383e-08, 2.50910883182e-08, 2.4958199063e-08],
        "mean": [0.000645126099698, 0.00620702421293, 0.0109616396949, 0.00691306451336, 0.00232727895491, 0.000747047539335, 0.000488884921651, 0.000467561010737, 0.000743851414882, 0.00108534959145, 0.000913766853046, 0.000758854788728, 0.00051299855113, 0.000358649645932, 0.000213438484934, 0.000124986268929, 0.000320742983604, 0.00054549035849, 0.000367953674868, 0.000455837987829, 0.000457800808363, 0.000426545593655, 0.000244717433816, 0.000411301443819, 0.000357829005225, 0.000169490158441, 0.000271803553915, 0.000142674849485, 0.00020774245786, 0.000168565675267, 8.37827901705e-05, 0.000151000727783, 0.000185304612387, 6.7497312557e-05, 7.85515003372e-05, 4.0065660869e-05, 2.20534093387e-05, 3.80156379833e-05, 7.37990412745e-05, 8.08423064882e-05, 6.26240580459e-05, 6.09576891293e-05, 5.17216576554e-05, 3.76776079065e-05, 5.32284684596e-05, 4.5472617785e-05, 3.75457784685e-05, 2.18428122025e-05, 3.98164993385e-05, 6.15095996181e-05, 3.24234169966e-05, 3.42785206158e-05, 6.64022663841e-05, 5.13898667123e-05, 3.27456655214e-05, 4.19012103521e-05, 3.73593902623e-05, 2.53726193478e-05, 2.20236270252e-05, 1.9648219677e-05, 1.52638167492e-05, 1.29566897158e-05, 9.49017430685e-06, 8.49031584949e-06, 9.74667455012e-06, 8.18599164631e-06, 1.1028487279e-05, 1.15635320981e-05, 9.45881492953e-06, 9.37848108151e-06, 6.62248612571e-06, 5.76302363697e-06, 5.00405667481e-06, 6.20749142399e-06, 6.02981026532e-06, 4.93257266498e-06, 5.17037688041e-06, 6.0189222495e-06, 4.83748544866e-06, 4.57816622657e-06, 4.98685449202e-06, 3.63145795745e-06, 4.16444754592e-06, 4.08630194215e-06, 4.51922323919e-06, 4.2739620767e-06, 4.3877985263e-06, 3.98735073759e-06, 4.16938246417e-06, 4.49989738627e-06, 4.43201133749e-06, 4.56995712739e-06, 5.10816335009e-06, 5.16721638633e-06, 5.74776549911e-06, 5.25932364326e-06, 5.09260189574e-06, 4.935187917e-06, 4.65230641566e-06, 4.69001497549e-06, 4.56013776784e-06, 4.35686342826e-06, 3.65910364053e-06, 3.56226087206e-06, 3.00274791698e-06, 2.25323265113e-06, 1.6374220877e-06, 1.28588021653e-06, 8.99562792256e-07, 6.39336462882e-07, 5.04721981542e-07, 2.79521856328e-07, 8.34328446331e-08, 4.60771758526e-08, 2.83479817398e-08, 1.68243108334e-08, 2.70725863949e-09, 8.13784872822e-11, 4.30075454416e-11, 4.12889444856e-11, 4.00133051692e-11, 3.86303523892e-11, 3.78233590281e-11, 3.70685114548e-11, 3.62828066203e-11, 3.53830194311e-11, 3.48489605229e-11, 3.46155465403e-11],
        "min": [1.24863124285e-08, 2.20192415412e-08, 7.18355749996e-07, 1.56830606102e-06, 9.27498263081e-07, 5.07748438849e-07, 2.92925967926e-08, 9.76245289053e-08, 1.90596051652e-06, 2.99804923998e-06, 2.84839165943e-06, 7.84847486557e-07, 1.89596036648e-07, 5.3760800256e-07, 7.37529887829e-07, 5.12216331572e-07, 1.4568536244e-06, 7.97134191544e-07, 1.48117408116e-06, 1.77880349383e-06, 8.6662043941e-07, 1.27217546719e-07, 3.27450322857e-07, 5.18888214174e-07, 4.36283045246e-07, 2.41840751869e-07, 8.32499580383e-08, 3.28193067389e-07, 3.19343087085e-07, 1.8742814234e-07, 3.83155878581e-07, 3.67064842521e-07, 1.11638982503e-07, 1.60264846727e-07, 1.38055426646e-07, 4.24240695907e-08, 8.10653162375e-08, 1.62680152016e-07, 1.80040558462e-07, 1.27877896716e-07, 8.81041160028e-08, 9.19825779988e-08, 1.03727685996e-07, 1.99107475396e-07, 1.65842692468e-07, 1.70152830492e-07, 8.83916371208e-08, 9.23919145634e-08, 6.4453168136e-08, 1.50134823684e-07, 4.6826659883e-08, 1.18522549997e-07, 1.28484430206e-07, 1.20870183196e-07, 1.1639625086e-07, 7.57802354201e-08, 4.29388506973e-08, 6.6949176869e-08, 6.46028865958e-08, 4.75528914023e-08, 6.56709815416e-08, 4.48411157095e-08, 2.34586643444e-08, 3.34613581288e-08, 2.43214799411e-08, 1.84709953999e-08, 1.48770524788e-08, 1.08647242314e-08, 7.39919769899e-09, 2.46688069971e-09, 1.00206198894e-08, 2.22656248994e-09, 7.23886117715e-10, 4.50632375859e-09, 6.22226714597e-09, 3.82138498622e-09, 4.44460335203e-09, 3.60032470503e-09, 5.15431974879e-10, 2.29948660113e-09, 1.80707993014e-09, 1.95893989918e-09, 4.5909637203e-10, 2.42091258151e-09, 2.98462343729e-09, 2.69748756665e-09, 1.43645884076e-09, 6.865383817e-10, 1.55657142731e-09, 3.15812531682e-09, 1.13006326519e-09, 7.56321560935e-10, 2.24011231786e-09, 1.97809102431e-10, 3.11563996824e-10, 1.54469353975e-10, 1.47166480391e-11, 2.2176503689e-11, 1.30097888018e-09, 3.3661232135e-10, 1.28144703182e-10, 2.98675140176e-10, 5.62354496303e-10, 6.18947601505e-11, 1.68240118018e-12, 6.52304382384e-12, 5.40043313887e-12, 2.83454921861e-12, 1.11864825129e-12, 5.95925977835e-13, 6.07169154364e-13, 7.06671971374e-13, 6.21044123246e-13, 4.67127638654e-13, 4.54344596884e-13, 5.50956253276e-13, 4.69860966541e-13, 4.67691423783e-13, 4.79824188195e-13, 5.34196710304e-13, 5.18059336749e-13, 4.03556176106e-13, 4.44029741361e-13, 5.42788687261e-13, 3.16840385308e-13, 1.30680419285e-13, 1.73667876683e-14, 6.21230586538e-16],
        "stdev": [0.00105785427149, 0.0111455218866, 0.0221735499799, 0.016485221684, 0.00668193167076, 0.00302585866302, 0.00177826592699, 0.00131686299574, 0.00168666813988, 0.0018510032678, 0.00142553297337, 0.00127721764147, 0.00123380939476, 0.000827181327622, 0.000653916737065, 0.0003398694098, 0.000715888454579, 0.00115809834097, 0.000706124817953, 0.00106868043076, 0.00111537461635, 0.000967836822383, 0.000691791821737, 0.00115153042134, 0.000920746708289, 0.000480346032418, 0.000834697741084, 0.000393672438804, 0.000630882219411, 0.000486267614178, 0.000300396961393, 0.000492625520565, 0.000540447945241, 0.000191054394236, 0.00020799349295, 0.000113267618872, 9.29318339331e-05, 0.000139834126458, 0.000168771584867, 0.000252665369771, 0.00025333641679, 0.000209140343941, 0.000158572715009, 0.000108648331661, 0.00014246898354, 0.000103608617792, 9.15946511668e-05, 5.21954934811e-05, 0.000108684020233, 0.000187154539162, 0.000104899212602, 0.000102127334685, 0.000201923670829, 0.000187475874554, 0.00013067839609, 0.000121756886074, 0.000111797722639, 6.15320313955e-05, 5.18037122674e-05, 5.30971265107e-05, 5.22568698216e-05, 2.98962822853e-05, 2.20176843868e-05, 1.95940865524e-05, 2.47125208261e-05, 2.1500261937e-05, 3.24602879118e-05, 3.83050137316e-05, 3.18537058774e-05, 3.54800795321e-05, 2.14117353607e-05, 1.78770242201e-05, 1.5359644749e-05, 2.36257928918e-05, 2.09991721931e-05, 1.47868713611e-05, 1.8092818209e-05, 3.16023106279e-05, 2.26799929806e-05, 1.44719206219e-05, 1.91634735529e-05, 1.00692832348e-05, 1.19740416267e-05, 1.08305048343e-05, 1.05231383714e-05, 1.11726558316e-05, 1.04906966953e-05, 9.44112980505e-06, 1.06310317278e-05, 1.12284960778e-05, 1.08670574264e-05, 1.19390188047e-05, 1.35124846565e-05, 1.45233470903e-05, 1.91316012206e-05, 1.80598326551e-05, 1.65650872077e-05, 1.59818046086e-05, 1.4628887584e-05, 1.54073131853e-05, 1.46491447595e-05, 1.41844420796e-05, 1.17640747703e-05, 1.25349206428e-05, 1.08971453301e-05, 8.46897091833e-06, 5.62450168218e-06, 4.50469724456e-06, 2.97790734294e-06, 2.04543198379e-06, 1.6264889382e-06, 9.08451738724e-07, 5.50090817342e-07, 4.35654072817e-07, 2.53035324249e-07, 1.42435041539e-07, 2.97845517139e-08, 9.90826864999e-10, 8.47796166603e-10, 8.22782120213e-10, 8.0166590033e-10, 7.83180353903e-10, 7.68279773133e-10, 7.53304640888e-10, 7.42104766527e-10, 7.31752936023e-10, 7.25376037014e-10, 7.2138089946e-10]
    },
    "mfcc": {
        "mean": [-628.378112793, 119.76965332, 12.2726593018, 5.5715379715, 11.7712306976, -4.34234571457, -5.24682092667, 6.36073303223, 1.89955186844, 7.34412765503, 1.40204739571, 1.77666556835, 0.486091315746],
        "cov": [[2453.16650391, -1260.99499512, -270.334381104, 62.5342636108, -1.63347661495, 100.332511902, 13.8101587296, -45.3494186401, -26.4284381866, -37.6594657898, -69.5958786011, -34.2479896545, -49.1652526855], [-1260.99499512, 1718.26538086, -19.711605072, -7.85466861725, 63.5435829163, -49.8125572205, 185.132873535, 218.813262939, -16.0203018188, 103.350982666, 120.775367737, 21.548374176, 43.6356658936], [-270.334381104, -19.711605072, 615.64654541, 33.5210762024, 33.8912239075, 74.0132522583, 23.2604694366, 29.8692932129, 56.5269088745, 4.95599889755, 40.9128952026, 66.2117614746, 35.4705047607], [62.5342636108, -7.85466861725, 33.5210762024, 593.750549316, 147.822341919, 31.2122955322, -39.1449203491, 103.40663147, 104.458572388, 33.0068130493, 22.2803859711, 72.7041244507, 119.180168152], [-1.63347661495, 63.5435829163, 33.8912239075, 147.822341919, 266.797485352, -4.00120210648, 12.3484582901, 85.5661239624, 49.0876159668, 32.9217224121, 12.1132116318, 39.5590934753, 65.1499099731], [100.332511902, -49.8125572205, 74.0132522583, 31.2122955322, -4.00120210648, 207.366333008, 113.511146545, 1.59528720379, 76.9993667603, 24.9422626495, 36.3542022705, 24.8325061798, -10.1551055908], [13.8101587296, 185.132873535, 23.2604694366, -39.1449203491, 12.3484582901, 113.511146545, 238.029190063, 71.3262252808, 28.983663559, 44.7319793701, 68.0781326294, 28.4863948822, 3.54943108559], [-45.3494186401, 218.813262939, 29.8692932129, 103.40663147, 85.5661239624, 1.59528720379, 71.3262252808, 192.479782104, 35.6264266968, 53.6734580994, 37.4295692444, 26.8833141327, 67.8763427734], [-26.4284381866, -16.0203018188, 56.5269088745, 104.458572388, 49.0876159668, 76.9993667603, 28.983663559, 35.6264266968, 161.744537354, 50.1441574097, 15.8429689407, 27.4840736389, 18.3334159851], [-37.6594657898, 103.350982666, 4.95599889755, 33.0068130493, 32.9217224121, 24.9422626495, 44.7319793701, 53.6734580994, 50.1441574097, 100.6746521, 41.9756164551, 23.1687355042, 23.6090183258], [-69.5958786011, 120.775367737, 40.9128952026, 22.2803859711, 12.1132116318, 36.3542022705, 68.0781326294, 37.4295692444, 15.8429689407, 41.9756164551, 99.7348632812, 43.1822395325, 15.867600441], [-34.2479896545, 21.548374176, 66.2117614746, 72.7041244507, 39.5590934753, 24.8325061798, 28.4863948822, 26.8833141327, 27.4840736389, 23.1687355042, 43.1822395325, 83.8297805786, 38.5897407532], [-49.1652526855, 43.6356658936, 35.4705047607, 119.180168152, 65.1499099731, -10.1551055908, 3.54943108559, 67.8763427734, 18.3334159851, 23.6090183258, 15.867600441, 38.5897407532, 102.29535675]],
        "icov": [[0.00087907537818, 0.000777872744948, 0.000413558271248, -0.00019050737319, -0.000128034560475, -0.000304851622786, -0.000442351127276, -0.000707743107341, 0.000604357221164, -0.000245979288593, 0.000128222352942, 4.56131456303e-05, 0.000616840436123], [0.000777872744948, 0.00147540378384, 0.000367354077753, -0.000161581279826, -0.000113848327601, 0.000260732515017, -0.000880668463651, -0.00127696420532, 0.000669917149935, -0.000513624749146, -0.000503642251715, 0.000315205135848, 0.000739328272175], [0.000413558271248, 0.000367354077753, 0.00211560190655, 0.000246350798989, -0.000106165614852, -0.000871741969604, 0.000315408949973, -0.000691706605721, -0.000186672172276, 0.00064367725281, -0.000385879771784, -0.00124246615451, -0.000135963287903], [-0.00019050737319, -0.000161581279826, 0.000246350798989, 0.00287988246419, -0.000579452316742, -0.000812675629277, 0.00149159622379, -0.000702605408151, -0.00133063085377, 0.000840992608573, -0.000399730546633, -0.00104606547393, -0.00225947797298], [-0.000128034560475, -0.000113848327601, -0.000106165614852, -0.000579452316742, 0.00510857440531, 0.000627062923741, -0.000140857024235, -0.00113676511683, -0.000864000525326, -0.000260851957137, 0.000825092545711, -0.00112857588101, -0.00122038903646], [-0.000304851622786, 0.000260732515017, -0.000871741969604, -0.000812675629277, 0.000627062923741, 0.00965232402086, -0.00489339837804, 0.00201661954634, -0.00370894069783, 0.000324208929669, -0.000755823333748, 9.33727715164e-05, 0.0010538023198], [-0.000442351127276, -0.000880668463651, 0.000315408949973, 0.00149159622379, -0.000140857024235, -0.00489339837804, 0.00912370346487, -0.00267497892492, 0.000536140229087, -3.60201920557e-05, -0.00277916202322, -0.00100395956542, 0.000100237295555], [-0.000707743107341, -0.00127696420532, -0.000691706605721, -0.000702605408151, -0.00113676511683, 0.00201661954634, -0.00267497892492, 0.0107067162171, -0.00119897385594, -0.00189200835302, -0.000384616170777, 0.00195661303587, -0.0048511964269], [0.000604357221164, 0.000669917149935, -0.000186672172276, -0.00133063085377, -0.000864000525326, -0.00370894069783, 0.000536140229087, -0.00119897385594, 0.0107115916908, -0.00477083912119, 0.001954437932, -0.00095097796293, 0.00181564071681], [-0.000245979288593, -0.000513624749146, 0.00064367725281, 0.000840992608573, -0.000260851957137, 0.000324208929669, -3.60201920557e-05, -0.00189200835302, -0.00477083912119, 0.015968138352, -0.00502925692126, -4.51369269285e-05, -0.00168030464556], [0.000128222352942, -0.000503642251715, -0.000385879771784, -0.000399730546633, 0.000825092545711, -0.000755823333748, -0.00277916202322, -0.000384616170777, 0.001954437932, -0.00502925692126, 0.0179920326918, -0.00745484372601, 0.00145894358866], [4.56131456303e-05, 0.000315205135848, -0.00124246615451, -0.00104606547393, -0.00112857588101, 9.33727715164e-05, -0.00100395956542, 0.00195661303587, -0.00095097796293, -4.51369269285e-05, -0.00745484372601, 0.0206469353288, -0.00544999260455], [0.000616840436123, 0.000739328272175, -0.000135963287903, -0.00225947797298, -0.00122038903646, 0.0010538023198, 0.000100237295555, -0.0048511964269, 0.00181564071681, -0.00168030464556, 0.00145894358866, -0.00544999260455, 0.0184256304055]]
    },
    "spectral_contrast_coeffs": {
        "max": [-0.441535323858, -0.493128627539, -0.491897076368, -0.55242061615, -0.565935254097, -0.609181463718],
        "mean": [-0.693341970444, -0.732823193073, -0.747479021549, -0.784922540188, -0.78701788187, -0.776344001293],
        "min": [-0.910924077034, -0.916511774063, -0.892556667328, -0.891315996647, -0.88011932373, -0.869407773018],
        "stdev": [0.0849180743098, 0.066741488874, 0.0715774521232, 0.0555046126246, 0.0543103814125, 0.0388584472239]
    },
    "spectral_contrast_valleys": {
        "max": [-4.86486196518, -5.15903234482, -5.71502161026, -5.20893096924, -5.2486038208, -7.23942708969],
        "mean": [-6.68117380142, -6.46731042862, -7.35964632034, -7.40297031403, -7.68687486649, -10.0301418304],
        "min": [-8.940366745, -7.78099822998, -8.94072246552, -8.90884971619, -9.53492641449, -12.5806341171],
        "stdev": [0.696828663349, 0.428575783968, 0.529361903667, 0.571073532104, 0.741359949112, 1.06121492386]
    }
},
"rhythm": {
    "beats_count": 71,
    "beats_loudness": {
        "max": 0.238498821855,
        "mean": 0.0573908835649,
        "min": 0.00480257859454,
        "stdev": 0.0593723878264
    },
    "bpm": 133.752975464,
    "bpm_histogram_first_peak_bpm": 133,
    "bpm_histogram_first_peak_weight": 0.47058826685,
    "bpm_histogram_second_peak_bpm": 123,
    "bpm_histogram_second_peak_spread": 0.5,
    "bpm_histogram_second_peak_weight": 0.0142857143655,
    "danceability": 1.74748980999,
    "onset_rate": 3.47607398033,
    "beats_loudness_band_ratio": {
        "max": [0.926252424717, 0.720187604427, 0.748658120632, 0.602468907833, 0.430584341288, 0.775242328644],
        "mean": [0.381828665733, 0.16233804822, 0.221287682652, 0.0842301696539, 0.082470677793, 0.102555319667],
        "min": [0.00823715142906, 0.005742888432, 0.010451361537, 0.00178779591806, 0.00148088263813, 0.000908817804884],
        "stdev": [0.31494179368, 0.157949328423, 0.190627977252, 0.111828058958, 0.0988812223077, 0.170428022742]
    },
    "beats_position": [0.476009070873, 0.96362811327, 1.43963718414, 1.89242625237, 2.34521532059, 2.79800438881, 3.25079369545, 3.70358276367, 4.15637159348, 4.59755086899, 5.0387301445, 5.47990942001, 5.93269824982, 6.37387752533, 6.81505680084, 7.26784563065, 7.72063493729, 8.17342376709, 8.6146030426, 9.06739234924, 9.52018165588, 9.96135997772, 10.4025392532, 10.8437185287, 11.3081178665, 11.749297142, 12.1904764175, 12.6316547394, 13.0960540771, 13.5488433838, 14.0016326904, 14.4544210434, 14.90721035, 15.3483896255, 15.7895689011, 16.2307472229, 16.6835365295, 17.1363258362, 17.5775051117, 18.0302944183, 18.483083725, 18.9242630005, 19.365442276, 19.8066215515, 20.2594108582, 20.7005901337, 21.153377533, 21.6061668396, 22.0589561462, 22.5001354218, 22.9413146973, 23.3941040039, 23.8468933105, 24.2880725861, 24.7292518616, 25.1820411682, 25.6348285675, 26.076007843, 26.5171871185, 26.9699764252, 27.4227657318, 27.8639450073, 28.316734314, 28.7579135895, 29.2107028961, 29.6634922028, 30.1162815094, 30.5690689087, 31.0218582153, 31.4862575531, 31.9506568909],
