{
"metadata": {
    "version": {
        "essentia": "2.1-beta5",
        "essentia_git_sha": "Undefined",
        "extractor": "music 2.0"
    },
    "audio_properties": {
        "analysis": {
            "equal_loudness": 0,
            "length": 32.4963264465,
            "sample_rate": 44100,
            "start_time": 12.7477550507,
            "downmix": "mix"
        },
        "bit_rate": 192000,
        "length": 198.86730957,
        "lossless": 0,
        "number_channels": 2,
        "replay_gain": 3.08190727234,
        "sample_rate": 48000,
        "codec": "mp3",
        "md5_encoded": "966ca390aa4a0ede8726419013570d7c"
    },
    "tags": {
        "file_name": "Italy_No Degree of Separation_Francesca Michielin.mp3",
        "encoding": ["Lavf58.29.100"]
    }
},
"lowlevel": {
    "average_loudness": 0.917741179466,
    "barkbands_crest": {
        "max": 25.8516731262,
        "mean": 16.155796051,
        "min": 4.30806016922,
        "stdev": 4.81530332565
    },
    "barkbands_flatness_db": {
        "max": 0.473577350378,
        "mean": 0.242901340127,
        "min": 0.0785803347826,
        "stdev": 0.0661813393235
    },
    "barkbands_kurtosis": {
        "max": 170.702056885,
        "mean": 11.3877058029,
        "min": -1.86643731594,
        "stdev": 15.8535394669
    },
    "barkbands_skewness": {
        "max": 10.819111824,
        "mean": 2.56783509254,
        "min": -0.317441672087,
        "stdev": 1.62406170368
    },
    "barkbands_spread": {
        "max": 111.675086975,
        "mean": 13.1096096039,
        "min": 0.365433782339,
        "stdev": 12.7701187134
    },
    "dissonance": {
        "max": 0.499990910292,
        "mean": 0.436844348907,
        "min": 0.264094829559,
        "stdev": 0.0385519117117
    },
    "dynamic_complexity": 2.77583193779,
    "erbbands_crest": {
        "max": 29.1077480316,
        "mean": 10.9433822632,
        "min": 2.98068881035,
        "stdev": 4.80166244507
    },
    "erbbands_flatness_db": {
        "max": 0.349578797817,
        "mean": 0.187917113304,
        "min": 0.061392173171,
        "stdev": 0.0494377762079
    },
    "erbbands_kurtosis": {
        "max": 23.4154529572,
        "mean": 1.37497234344,
        "min": -1.80120253563,
        "stdev": 2.49775123596
    },
    "erbbands_skewness": {
        "max": 3.52960586548,
        "mean": 0.50860530138,
        "min": -1.77245080471,
        "stdev": 0.764929294586
    },
    "erbbands_spread": {
        "max": 149.249710083,
        "mean": 31.1364707947,
        "min": 3.48199272156,
        "stdev": 23.0926628113
    },
    "hfc": {
        "max": 119.204856873,
        "mean": 20.7215137482,
        "min": 0.641708254814,
        "stdev": 17.9772815704
    },
    "loudness_ebu128": {
        "integrated": -24.9289188385,
        "loudness_range": 5.53970146179,
        "momentary": {
            "max": -20.8915596008,
            "mean": -25.5919857025,
            "min": -31.1548500061,
            "stdev": 2.43378829956
        },
        "short_term": {
            "max": -21.5368919373,
            "mean": -25.4812393188,
            "min": -28.5260868073,
            "stdev": 1.76457726955
        }
    },
    "melbands_crest": {
        "max": 36.2145462036,
        "mean": 24.6178035736,
        "min": 5.29042387009,
        "stdev": 6.82183218002
    },
    "melbands_flatness_db": {
        "max": 0.598247528076,
        "mean": 0.33251106739,
        "min": 0.139341980219,
        "stdev": 0.080797933042
    },
    "melbands_kurtosis": {
        "max": 231.323532104,
        "mean": 23.7763347626,
        "min": -1.51520287991,
        "stdev": 29.0942554474
    },
    "melbands_skewness": {
        "max": 13.0074644089,
        "mean": 3.58716607094,
        "min": 0.153506726027,
        "stdev": 2.14719510078
    },
    "melbands_spread": {
        "max": 73.4655761719,
        "mean": 10.8452396393,
        "min": 0.414655923843,
        "stdev": 8.44378948212
    },
    "pitch_salience": {
        "max": 0.861367225647,
        "mean": 0.375734418631,
        "min": 0.0716763138771,
        "stdev": 0.137347027659
    },
    "silence_rate_20dB": {
        "max": 1,
        "mean": 1,
        "min": 1,
        "stdev": 0
    },
    "silence_rate_30dB": {
        "max": 1,
        "mean": 0.872947871685,
        "min": 0,
        "stdev": 0.333031713963
    },
    "silence_rate_60dB": {
        "max": 0,
        "mean": 0,
        "min": 0,
        "stdev": 0
    },
    "spectral_centroid": {
        "max": 3562.7824707,
        "mean": 849.073791504,
        "min": 176.115631104,
        "stdev": 453.212738037
    },
    "spectral_complexity": {
        "max": 42,
        "mean": 14.1327619553,
        "min": 2,
        "stdev": 6.23050928116
    },
    "spectral_decrease": {
        "max": -2.1838585107e-10,
        "mean": -1.71441651986e-08,
        "min": -1.02923152667e-07,
        "stdev": 1.01729487056e-08
    },
    "spectral_energy": {
        "max": 0.392101377249,
        "mean": 0.0665856227279,
        "min": 0.00088244327344,
        "stdev": 0.0391207672656
    },
    "spectral_energyband_high": {
        "max": 0.0112874312326,
        "mean": 0.000524869712535,
        "min": 8.10837093468e-07,
        "stdev": 0.00153148244135
    },
    "spectral_energyband_low": {
        "max": 0.36628356576,
        "mean": 0.0455655418336,
        "min": 0.000118376701721,
        "stdev": 0.0319046266377
    },
    "spectral_energyband_middle_high": {
        "max": 0.0378630384803,
        "mean": 0.00488071609288,
        "min": 4.27312152169e-05,
        "stdev": 0.00609159097075
    },
    "spectral_energyband_middle_low": {
        "max": 0.138938590884,
        "mean": 0.0163401775062,
        "min": 0.000348528090399,
        "stdev": 0.0151385078207
    },
    "spectral_entropy": {
        "max": 8.71370983124,
        "mean": 7.0982966423,
        "min": 5.65918016434,
        "stdev": 0.534670233727
    },
    "spectral_flux": {
        "max": 0.405575215816,
        "mean": 0.0987610593438,
        "min": 0.0148596018553,
        "stdev": 0.0551373027265
    },
    "spectral_kurtosis": {
        "max": 56.1780738831,
        "mean": 10.1552476883,
        "min": -1.5140004158,
        "stdev": 7.19473552704
    },
    "spectral_rms": {
        "max": 0.019558576867,
        "mean": 0.00777646666393,
        "min": 0.000927857880015,
        "stdev": 0.00211850763299
    },
    "spectral_rolloff": {
        "max": 10271.3378906,
        "mean": 580.427062988,
        "min": 64.599609375,
        "stdev": 1076.34375
    },
    "spectral_skewness": {
        "max": 5.6990032196,
        "mean": 2.3611471653,
        "min": 0.041868571192,
        "stdev": 0.777773857117
    },
    "spectral_spread": {
        "max": 18715612,
        "mean": 4118989.5,
        "min": 1167969.25,
        "stdev": 2718013.5
    },
    "spectral_strongpeak": {
        "max": 6.23486089706,
        "mean": 0.532885551453,
        "min": 0.0132784377784,
        "stdev": 0.558116436005
    },
    "zerocrossingrate": {
        "max": 0.271484375,
        "mean": 0.0266554169357,
        "min": 0.001953125,
        "stdev": 0.0272748619318
    },
    "barkbands": {
        "max": [0.0170718524605, 0.327080070972, 0.0679606124759, 0.0282082334161, 0.0807879716158, 0.0522214099765, 0.0278461705893, 0.0358851626515, 0.0336195081472, 0.0238376986235, 0.0337808392942, 0.00821115355939, 0.012595708482, 0.0201626848429, 0.0126948840916, 0.00709662679583, 0.0108375418931, 0.00613986235112, 0.0032408493571, 0.00116614007857, 0.00117913039867, 0.00258992402814, 0.00379853928462, 0.00418466562405, 0.00641070026904, 0.00168301106896, 4.10793262517e-07],
        "mean": [0.00409719906747, 0.0388694964349, 0.00214696186595, 0.000847071583848, 0.00315683172084, 0.00595647888258, 0.00146788742859, 0.00138992432039, 0.00291216024198, 0.00118250737432, 0.00142045714892, 0.00032315577846, 0.00043021509191, 0.000453885208117, 0.000384855666198, 0.000352397299139, 0.00029039932997, 0.000204997646506, 0.000142445176607, 7.15139904059e-05, 3.82523285225e-05, 4.10327265854e-05, 6.96180431987e-05, 0.000119246622489, 0.000175552122528, 4.11279725085e-05, 3.92409527095e-09],
        "min": [3.17835178976e-06, 1.52479715325e-05, 8.52834455145e-06, 5.39398854471e-07, 1.68931328517e-05, 1.10385171865e-05, 9.99503390631e-06, 8.17526961328e-06, 6.26977180218e-06, 2.70301688943e-06, 7.31081456706e-07, 5.17566718372e-07, 7.12694884442e-07, 1.19082881156e-06, 1.05332549083e-06, 1.20246397728e-06, 1.10277596832e-06, 6.93959293585e-07, 4.68166575729e-07, 3.45169610227e-07, 1.61514179808e-07, 8.06902136219e-08, 3.37898207192e-08, 4.06838260858e-08, 4.52376838211e-08, 5.51413248395e-10, 3.00019536992e-10],
        "stdev": [0.00299811502919, 0.0293629057705, 0.00472351489589, 0.002359660808, 0.00647084414959, 0.00846439413726, 0.00283447210677, 0.00238050892949, 0.00494560739025, 0.00231985328719, 0.00328499474563, 0.000755217624828, 0.00101448607165, 0.00144578248728, 0.000895000004675, 0.000805333431344, 0.000791884376667, 0.000440182542661, 0.000315469573252, 0.000130524116685, 8.90803494258e-05, 0.000165446050232, 0.000301525462419, 0.000428160041338, 0.0006185376551, 0.00015455383982, 1.83864177217e-08]
    },
    "erbbands": {
        "max": [10.9825553894, 78.0780563354, 67.682182312, 64.6133117676, 158.898193359, 339.391296387, 706.188903809, 653.288757324, 424.68838501, 445.24432373, 970.991333008, 882.421813965, 774.271850586, 1500.09838867, 791.407104492, 404.400970459, 593.81036377, 994.479553223, 834.320800781, 468.141113281, 394.413024902, 539.416809082, 235.284957886, 182.632781982, 143.125747681, 62.9983100891, 71.1751022339, 35.8370056152, 97.360244751, 94.9789810181, 118.396659851, 99.0364685059, 86.4174041748, 88.4242782593, 38.4533843994, 14.322473526, 1.6714502573, 0.0356978997588, 0.00173820916098, 0.000425023346907],
        "mean": [1.91803586483, 5.4736995697, 3.29067373276, 2.97872900963, 3.89227390289, 11.3795671463, 39.0669021606, 46.2903442383, 25.4893856049, 24.3152351379, 31.948633194, 76.3058929443, 44.7436218262, 40.1122665405, 49.9556732178, 16.505695343, 19.9474754333, 21.2708644867, 22.4840049744, 22.9783916473, 18.0407848358, 14.7721328735, 10.6700258255, 9.57437801361, 5.4496421814, 3.33889579773, 2.52857708931, 1.07157087326, 1.3580391407, 1.68976902962, 2.12310671806, 2.56004047394, 1.93304181099, 2.02962255478, 1.14482057095, 0.368502229452, 0.0344839952886, 0.000817854539491, 7.41837429814e-05, 7.976465713e-05],
        "min": [0.000380013982067, 0.00450425501913, 0.0489645786583, 0.0416365601122, 0.0284502804279, 0.0476736836135, 0.139920890331, 0.145073637366, 0.159529462457, 0.246807932854, 0.221817716956, 0.158144250512, 0.237743213773, 0.122173644602, 0.0762890577316, 0.0441148281097, 0.0743916109204, 0.0878124237061, 0.0683000683784, 0.0690065994859, 0.0746246650815, 0.0546898432076, 0.046237103641, 0.0337952114642, 0.0170773435384, 0.0162491258234, 0.00953981559724, 0.00494660204276, 0.00340006989427, 0.00138869963121, 0.000937804288696, 0.000945744395722, 0.000663931365125, 0.000498477427755, 0.000235990868532, 3.21570878441e-05, 5.21473884874e-06, 8.20448633476e-07, 2.53979987974e-06, 4.52591120848e-06],
        "stdev": [1.387627244, 5.29558610916, 5.21431779861, 6.85692882538, 10.1861763, 25.7751312256, 68.2310256958, 76.8610916138, 44.5246810913, 35.5492286682, 51.653339386, 133.881362915, 82.3749237061, 94.5785598755, 105.518173218, 33.2642288208, 45.17445755, 68.9464874268, 53.364151001, 48.7527160645, 39.2516593933, 41.7085189819, 22.7280654907, 17.3283748627, 12.9644393921, 6.04957151413, 5.5699930191, 2.89372515678, 5.49565982819, 7.2214474678, 9.16723918915, 9.6132478714, 6.98999977112, 7.44466209412, 3.93686962128, 1.35521960258, 0.132527187467, 0.00298960343935, 0.000153974557179, 4.74648586533e-05]
    },
    "gfcc": {
        "mean": [-20.9129276276, 137.273651123, -100.073745728, 21.5502071381, -43.7845191956, 21.7331829071, -30.7827396393, 32.7280311584, -11.4819555283, 12.0337648392, 3.87363910675, 1.03078746796, 13.5654592514],
        "cov": [[4334.02392578, -1603.78845215, -326.224761963, 243.673568726, -530.82635498, 342.606170654, -571.214355469, 374.158782959, -568.118591309, 48.5813674927, -393.661743164, 56.2127418518, -132.023544312], [-1603.78845215, 1417.97155762, -333.781494141, -252.642166138, 410.918029785, -356.893066406, 362.810821533, -221.935440063, 179.114517212, -110.093269348, 264.474273682, -142.843276978, 187.802261353], [-326.224761963, -333.781494141, 778.090148926, 102.565666199, -197.116622925, 114.584442139, -113.953582764, -44.2800865173, 33.301361084, 7.79967498779, -110.776596069, 75.1823196411, -135.129776001], [243.673568726, -252.642166138, 102.565666199, 283.591033936, -78.5617446899, -1.12923204899, -90.0113143921, 6.6871213913, 29.6005363464, -57.7312164307, -59.0363960266, -3.16891217232, -20.6905155182], [-530.82635498, 410.918029785, -197.116622925, -78.5617446899, 314.173583984, -71.5122528076, 138.892990112, -27.8963508606, 24.2187786102, -7.86087036133, 78.469543457, -44.6391601562, 50.5482254028], [342.606170654, -356.893066406, 114.584442139, -1.12923204899, -71.5122528076, 270.153503418, -12.9911165237, 0.14539770782, -47.2106208801, 18.5339317322, -97.9040603638, 11.7240962982, -91.0329284668], [-571.214355469, 362.810821533, -113.953582764, -90.0113143921, 138.892990112, -12.9911165237, 289.642242432, -48.5054397583, 61.7237014771, -27.3092136383, 48.7577896118, -34.8729057312, -3.2704782486], [374.158782959, -221.935440063, -44.2800865173, 6.6871213913, -27.8963508606, 0.14539770782, -48.5054397583, 159.079696655, -49.6811790466, 32.5496330261, -25.5072212219, 19.5372924805, -0.301619142294], [-568.118591309, 179.114517212, 33.301361084, 29.6005363464, 24.2187786102, -47.2106208801, 61.7237014771, -49.6811790466, 205.329467773, -8.51689720154, 61.4092178345, -13.5684776306, 39.3861160278], [48.5813674927, -110.093269348, 7.79967498779, -57.7312164307, -7.86087036133, 18.5339317322, -27.3092136383, 32.5496330261, -8.51689720154, 125.305770874, 23.4361572266, 20.0504722595, -10.729306221], [-393.661743164, 264.474273682, -110.776596069, -59.0363960266, 78.469543457, -97.9040603638, 48.7577896118, -25.5072212219, 61.4092178345, 23.4361572266, 171.371612549, -1.63712978363, 77.7038650513], [56.2127418518, -142.843276978, 75.1823196411, -3.16891217232, -44.6391601562, 11.7240962982, -34.8729057312, 19.5372924805, -13.5684776306, 20.0504722595, -1.63712978363, 110.009918213, -15.6862735748], [-132.023544312, 187.802261353, -135.129776001, -20.6905155182, 50.5482254028, -91.0329284668, -3.2704782486, -0.301619142294, 39.3861160278, -10.729306221, 77.7038650513, -15.6862735748, 139.044876099]],
        "icov": [[0.00122092943639, -0.00035416384344, 0.00132355745882, -0.00101286428981, 0.0016251221532, -0.00124943919946, 0.00131862866692, -0.00134560314473, 0.00203295471147, -0.000428529630881, 0.00108173245098, -0.000200637950911, 0.000156417227117], [-0.00035416384344, 0.0114754969254, -0.00126879219897, 0.00848176237196, -0.0059139165096, 0.0109897889197, -0.00532906316221, 0.00968520157039, -0.00254996703006, 0.00763636128977, -0.00337602756917, 0.00708984583616, -0.00256801117212], [0.00132355745882, -0.00126879219897, 0.00360263022594, -0.00183788430877, 0.00277855596505, -0.00225667376071, 0.00245936610736, -0.00136144005228, 0.00140329997521, -0.00112147838809, 0.00196365616284, -0.00175962410867, 0.00198554433882], [-0.00101286428981, 0.00848176237196, -0.00183788430877, 0.0120362229645, -0.00495932390913, 0.00916021317244, -0.00274726049975, 0.00719591556117, -0.00487215677276, 0.00844534486532, -0.00208323774859, 0.00570771750063, -0.000821786001325], [0.0016251221532, -0.0059139165096, 0.00277855596505, -0.00495932390913, 0.00973960384727, -0.00615630205721, 0.00229169987142, -0.00584517931566, 0.00407224008814, -0.00434334622696, 0.002108724555, -0.00271199014969, 0.000989997643046], [-0.00124943919946, 0.0109897889197, -0.00225667376071, 0.00916021317244, -0.00615630205721, 0.0166970901191, -0.00631794100627, 0.0106976991519, -0.0036278325133, 0.00640157051384, -0.00161301507615, 0.00680688023567, -0.000624655105639], [0.00131862866692, -0.00532906316221, 0.00245936610736, -0.00274726049975, 0.00229169987142, -0.00631794100627, 0.0096746943891, -0.00515097053722, 0.000867310562171, -0.00157471583225, 0.00178224942647, -0.00277730030939, 0.00400149915367], [-0.00134560314473, 0.00968520157039, -0.00136144005228, 0.00719591556117, -0.00584517931566, 0.0106976991519, -0.00515097053722, 0.0171639267355, -0.00252334983088, 0.00408139638603, -0.00190650217701, 0.00470534618944, -0.00294058537111], [0.00203295471147, -0.00254996703006, 0.00140329997521, -0.00487215677276, 0.00407224008814, -0.0036278325133, 0.000867310562171, -0.00252334983088, 0.010979401879, -0.00303192809224, 0.00043807880138, -0.000991680892184, -0.00152811349835], [-0.000428529630881, 0.00763636128977, -0.00112147838809, 0.00844534486532, -0.00434334622696, 0.00640157051384, -0.00157471583225, 0.00408139638603, -0.00303192809224, 0.0163904242218, -0.00534658087417, 0.00414397241548, 0.000766672135796], [0.00108173245098, -0.00337602756917, 0.00196365616284, -0.00208323774859, 0.002108724555, -0.00161301507615, 0.00178224942647, -0.00190650217701, 0.00043807880138, -0.00534658087417, 0.0132905179635, -0.00360446283594, -0.00297008873895], [-0.000200637950911, 0.00708984583616, -0.00175962410867, 0.00570771750063, -0.00271199014969, 0.00680688023567, -0.00277730030939, 0.00470534618944, -0.000991680892184, 0.00414397241548, -0.00360446283594, 0.015161883086, -0.000914473261219], [0.000156417227117, -0.00256801117212, 0.00198554433882, -0.000821786001325, 0.000989997643046, -0.000624655105639, 0.00400149915367, -0.00294058537111, -0.00152811349835, 0.000766672135796, -0.00297008873895, -0.000914473261219, 0.0139838317409]]
    },
    "melbands": {
        "max": [0.086018383503, 0.0549994893372, 0.0142060341313, 0.0206982512027, 0.0202403906733, 0.0126459412277, 0.00653528561816, 0.00590372597799, 0.00744982017204, 0.00569588784128, 0.00375632080249, 0.00587236555293, 0.00404426176101, 0.00108254584484, 0.00126396701671, 0.00169157749042, 0.00222656014375, 0.00148767535575, 0.000878453720361, 0.000579675077461, 0.000558398896828, 0.000751625047997, 0.000381993624615, 0.000194190739421, 0.000186639546882, 0.000194764419575, 3.78489057766e-05, 4.54837609141e-05, 5.38587883057e-05, 2.57415558735e-05, 2.43696395046e-05, 4.64552394988e-05, 6.15350872977e-05, 5.27251177118e-05, 7.87476601545e-05, 8.23022273835e-05, 6.72331298119e-05, 6.39571226202e-05, 8.39374260977e-05, 8.53451201692e-05],
        "mean": [0.0133958393708, 0.00325085246004, 0.000506491749547, 0.000534811173566, 0.0012005851604, 0.00103041680995, 0.000364521722076, 0.000270240474492, 0.000293858262012, 0.000470322498586, 0.00020469276933, 0.000148586026626, 0.000193810919882, 4.99545858474e-05, 4.1122573748e-05, 4.05932878493e-05, 4.03215599363e-05, 3.82195066777e-05, 2.76553291769e-05, 2.95376903523e-05, 2.07728080568e-05, 1.72056479641e-05, 1.02462345239e-05, 9.27214750845e-06, 7.68356312619e-06, 5.12434507982e-06, 2.41143652602e-06, 2.16618377635e-06, 1.95742154574e-06, 7.34339550945e-07, 5.86755504628e-07, 7.30184808617e-07, 8.74748366186e-07, 9.43198358527e-07, 1.12554005227e-06, 1.45631543091e-06, 1.63278582477e-06, 1.29008742533e-06, 1.50044229486e-06, 1.80897143309e-06],
        "min": [4.46480407845e-06, 2.02544397325e-05, 4.03640342483e-06, 2.75273191619e-06, 2.87965531243e-06, 2.68558915195e-06, 2.07963535104e-06, 9.07423782337e-07, 1.35844015858e-06, 9.62607600741e-07, 9.15175689897e-07, 4.16293602257e-07, 9.36822814879e-08, 6.07726562407e-08, 2.01436805014e-07, 9.80424061936e-08, 1.52972731371e-07, 1.02624603926e-07, 6.53038583209e-08, 8.45974525987e-08, 6.69830413358e-08, 4.91406737524e-08, 1.5530041253e-08, 3.73724979852e-08, 1.72488938688e-08, 1.3011820954e-08, 1.05667377071e-08, 9.48884171237e-09, 4.34362368296e-09, 3.17719095477e-09, 1.81296233581e-09, 1.58847224263e-09, 9.91888793322e-10, 5.87210335912e-10, 5.15954279301e-10, 3.98777372235e-10, 3.32394639591e-10, 2.70640093669e-10, 4.06207290027e-10, 3.1010541357e-10],
        "stdev": [0.00970268901438, 0.00346982409246, 0.00111719919369, 0.00139696861152, 0.00195319741033, 0.00158342462964, 0.0006741033867, 0.000422058976255, 0.000472775194794, 0.000833600468468, 0.00040519121103, 0.000371584144887, 0.000432347296737, 0.000103973077785, 9.41694597714e-05, 9.86921659205e-05, 0.000150573701831, 0.000102348312794, 6.7377310188e-05, 6.70458102832e-05, 5.1693576097e-05, 5.16751642863e-05, 2.70760174317e-05, 1.79083672265e-05, 1.50007599586e-05, 1.42146891449e-05, 4.44715669801e-06, 4.2512338041e-06, 4.646970865e-06, 1.73461853592e-06, 1.82270002824e-06, 2.91810692943e-06, 3.87551745007e-06, 4.13715451941e-06, 5.17220587426e-06, 6.03595799475e-06, 6.15391991232e-06, 4.88465366288e-06, 5.57137946089e-06, 6.79366212353e-06]
    },
    "melbands128": {
        "max": [0.0169524587691, 0.102584697306, 0.150716662407, 0.122500553727, 0.0380574390292, 0.0297763198614, 0.0127624282613, 0.0154551668093, 0.0172620099038, 0.0360562056303, 0.019817288965, 0.0219307411462, 0.0351577997208, 0.0165576655418, 0.0212107636034, 0.0128738638014, 0.00358850322664, 0.0125698875636, 0.00446103932336, 0.00483507476747, 0.0114147979766, 0.0079558417201, 0.0128499371931, 0.00940809212625, 0.0112026920542, 0.0107770999894, 0.00832225382328, 0.00689521292225, 0.00183777022175, 0.00831194594502, 0.012325245887, 0.00995569955558, 0.0065827537328, 0.00511076999828, 0.00220454181544, 0.00134041183628, 0.00245098397136, 0.00142739061266, 0.00246070278808, 0.00270823948085, 0.0032479991205, 0.00170391448773, 0.00396922137588, 0.0055840802379, 0.00195630639791, 0.00348786287941, 0.00125975627452, 0.00154007214587, 0.00195742421784, 0.00119481154252, 0.00118142680731, 0.00136524927802, 0.0010755865369, 0.000969467801042, 0.00210737111047, 0.00168201816268, 0.00130703113973, 0.000447463127784, 0.000657007622067, 0.000323819054756, 0.000265889393631, 0.0004706181644, 0.000242021735176, 0.000346216314938, 0.00039068289334, 0.000412355264416, 0.00025084047229, 7.13668850949e-05, 7.17991861166e-05, 6.49364446872e-05, 7.79884067015e-05, 8.87979840627e-05, 0.000118469826702, 9.27605797187e-05, 4.83318908664e-05, 2.85983096546e-05, 3.53466857632e-05, 2.32491565839e-05, 3.33636089636e-05, 6.46129265078e-05, 4.65029734187e-05, 6.51910086162e-05, 0.000102255798993, 5.65232876397e-05, 7.88903562352e-05, 7.679767441e-05, 6.9293382694e-05, 8.63180466695e-05, 8.50022843224e-05, 8.70557269081e-05, 0.00011459353118, 8.28421107144e-05, 9.91474444163e-05, 7.15557616786e-05, 9.27706932998e-05, 8.00424313638e-05, 7.26492653484e-05, 5.47492927581e-05, 8.00775087555e-05, 0.000131208624225, 8.73684984981e-05, 0.000116514711408, 0.000119025688036, 5.29319586349e-05, 4.90535312565e-05, 6.30714057479e-05, 4.12209847127e-05, 3.20835133607e-05, 3.31668343279e-05, 3.22447231156e-05, 1.56149635586e-05, 9.59540011536e-06, 1.03545221464e-06, 3.56411675284e-07, 1.47896528802e-07, 4.90023417399e-08, 1.0220296609e-08, 1.22989030071e-09, 1.16202014677e-09, 1.11580855666e-09, 1.07777142766e-09, 1.04345887486e-09, 1.0205586376e-09, 9.86684844939e-10, 9.65875934789e-10, 9.5304397707e-10, 9.43733757808e-10, 9.37351196661e-10],
        "mean": [0.00398289877921, 0.0182221960276, 0.0161838065833, 0.00668347207829, 0.00197530025616, 0.000969315937255, 0.00063316518208, 0.000341059116181, 0.000303811917547, 0.000609940034337, 0.000560274405871, 0.000825395574793, 0.00141445884947, 0.00162536138669, 0.00130461505614, 0.00054722756613, 0.000312544638291, 0.0004694837844, 0.000219013963942, 0.00026314140996, 0.000318500824505, 0.000188354650163, 0.000255818042206, 0.000390073982999, 0.000655648822431, 0.000440015399363, 0.000229704324738, 0.000255836377619, 7.22043841961e-05, 0.000142937162309, 0.000152911859914, 0.000200271882932, 0.000257740641246, 0.000157228729222, 3.24053871736e-05, 3.25168875861e-05, 4.71351231681e-05, 2.74593676295e-05, 5.36929728696e-05, 4.64895492769e-05, 3.77417345589e-05, 3.04191471514e-05, 4.01656252507e-05, 4.42946184194e-05, 4.4916429033e-05, 3.79114062525e-05, 3.08496855723e-05, 2.04601437872e-05, 2.86393060378e-05, 4.00210665248e-05, 3.00633746519e-05, 2.10895359487e-05, 1.21962093544e-05, 2.71759745374e-05, 2.57217870967e-05, 1.50863552335e-05, 1.12258167064e-05, 9.75788043434e-06, 1.13100340968e-05, 8.2898650362e-06, 8.83282064024e-06, 1.05149929368e-05, 8.3664599515e-06, 6.79250979374e-06, 6.53794677419e-06, 5.71735472477e-06, 4.10339271184e-06, 2.18457216761e-06, 2.24796849579e-06, 2.29599208978e-06, 1.93504729395e-06, 2.17112778955e-06, 2.61701006821e-06, 1.91046865439e-06, 1.29385739456e-06, 7.14026327842e-07, 5.21024389855e-07, 4.96659026794e-07, 5.78263495754e-07, 6.94347363606e-07, 7.07458241322e-07, 7.42157055811e-07, 8.01519547622e-07, 8.63868137913e-07, 9.65268213804e-07, 9.59916746979e-07, 9.2020206921e-07, 9.43793224906e-07, 1.0807043509e-06, 1.28825126922e-06, 1.39800727084e-06, 1.50296818902e-06, 1.57457645855e-06, 1.69667248429e-06, 1.66662448464e-06, 1.40084273426e-06, 1.19972639823e-06, 1.0978615137e-06, 1.4858068198e-06, 1.69029647168e-06, 1.75999730345e-06, 1.90269486211e-06, 1.79696382929e-06, 1.47172477227e-06, 1.24457733364e-06, 1.20625918498e-06, 9.79311721494e-07, 8.1354141912e-07, 6.27166855338e-07, 4.41748397861e-07, 2.97184755027e-07, 1.51457427933e-07, 1.05953299467e-08, 1.61875923776e-09, 7.14625580933e-10, 3.13143289077e-10, 6.39380007272e-11, 1.32660670643e-11, 1.32962096194e-11, 1.22850401726e-11, 1.18015822809e-11, 1.16821673862e-11, 1.1328441657e-11, 1.10763759276e-11, 1.04509838283e-11, 9.50825269214e-12, 8.98168518726e-12, 8.86668169442e-12],
        "min": [2.35403058468e-06, 3.44328600477e-06, 2.738022431e-06, 7.69491725805e-06, 5.78508615945e-06, 4.86220369567e-06, 8.65268361849e-07, 2.99726451658e-07, 7.26505277271e-07, 6.19760839982e-07, 1.9203200452e-07, 1.19332651138e-06, 1.90347418538e-06, 3.95321620772e-07, 9.32110822305e-07, 4.64932981004e-07, 1.33857361106e-06, 5.02023056015e-07, 1.88799958778e-07, 3.23786451872e-07, 7.40106827379e-07, 6.70625013299e-07, 4.23120042115e-07, 1.05656496885e-07, 2.05222960403e-07, 2.35503364365e-07, 2.70540908787e-07, 2.59773173639e-07, 2.0434237058e-07, 4.37357527971e-08, 2.20292236008e-07, 1.02468185048e-07, 3.98207724572e-08, 1.66622147191e-08, 4.54660025184e-08, 5.27060599609e-08, 5.23297458699e-08, 7.05256013589e-08, 5.76783314443e-08, 6.6016085043e-08, 5.68484281871e-08, 3.38739241101e-08, 8.44235970021e-08, 7.15938028861e-08, 2.76155969203e-08, 5.3971316305e-08, 6.0029144322e-08, 2.20236078263e-08, 2.49256686402e-08, 2.26073542109e-08, 2.60497259319e-08, 1.40856055708e-08, 1.57245398924e-08, 8.76183747778e-09, 1.54251846851e-08, 1.21332579539e-08, 1.46705660953e-08, 1.64063411745e-08, 8.74629701997e-09, 1.26754891028e-08, 1.15466614048e-08, 9.06358099684e-09, 1.94563529732e-08, 4.22716572857e-09, 4.56822180084e-09, 5.03139307995e-09, 9.78097958182e-09, 2.96420088475e-09, 5.11067010933e-09, 6.54125775768e-09, 3.29240323893e-09, 3.18371307095e-09, 2.69697220112e-09, 3.03829805759e-09, 2.39060882201e-09, 2.62839150444e-09, 6.34341024153e-10, 1.60041729869e-10, 2.43479347795e-10, 8.33054958349e-10, 1.96684182829e-10, 1.27467120192e-10, 3.11990794311e-10, 3.60679749956e-11, 1.08176273494e-10, 1.87112839112e-10, 1.98262448126e-10, 4.51599521667e-12, 3.15311457499e-11, 7.64578678147e-11, 4.37859713764e-11, 9.70874682732e-12, 1.80350179235e-10, 1.23020246767e-10, 1.21394352903e-10, 7.36568375737e-11, 5.50584187617e-12, 7.08320815196e-12, 9.72083524786e-11, 4.56653985459e-11, 1.15888292018e-10, 3.47468408213e-11, 5.4398253263e-11, 8.14781436764e-11, 7.86252243867e-11, 1.50988093556e-11, 2.21142201773e-12, 2.35794955609e-12, 1.81283254467e-12, 9.3909255372e-13, 1.07454442479e-12, 1.09369804879e-12, 1.08052434188e-12, 8.98178829489e-13, 8.23279975009e-13, 7.71396022146e-13, 8.87226869663e-13, 8.66026434593e-13, 9.23460093116e-13, 1.09478008256e-12, 9.54472937319e-13, 9.20576440598e-13, 9.14286441694e-13, 1.02745091081e-12, 6.97673906494e-13, 2.67342951162e-13, 3.21972707014e-14, 1.31086660098e-15],
        "stdev": [0.00291024777107, 0.0133282309398, 0.013895874843, 0.00726538989693, 0.00305245234631, 0.00219422066584, 0.0015723167453, 0.00102606322616, 0.000852715864312, 0.00224990048446, 0.00151269021444, 0.00188874360174, 0.003224324435, 0.00270707602613, 0.00266759702936, 0.00121836178005, 0.000462775526103, 0.00122136343271, 0.000456642796053, 0.000470964412671, 0.000690209039021, 0.00039870251203, 0.000652762013488, 0.000855413207319, 0.00139419536572, 0.00113810994662, 0.000609373033512, 0.000628023815807, 0.000157333255629, 0.000410509703215, 0.000618751975708, 0.000716745620593, 0.000678968324792, 0.000480589194922, 0.00011631804955, 9.8350988992e-05, 0.000159229006385, 9.44930870901e-05, 0.0001818567398, 0.000149937462993, 0.000138657924253, 9.44165731198e-05, 0.000220484202146, 0.000260716624325, 0.000161971925991, 0.00016706342285, 9.90085827652e-05, 9.3714617833e-05, 0.000113609938126, 0.00012025963224, 9.54329298111e-05, 8.83147222339e-05, 5.35386243428e-05, 9.16767166927e-05, 9.53705603024e-05, 7.51367551857e-05, 6.46507032798e-05, 3.11805997626e-05, 4.12402114307e-05, 2.58643503912e-05, 2.36331088672e-05, 2.74981175608e-05, 2.13222083403e-05, 1.93927280634e-05, 2.24542345677e-05, 2.34170511249e-05, 1.53748496814e-05, 4.8922042879e-06, 5.54078269488e-06, 5.1839324442e-06, 5.06286551172e-06, 5.62177865504e-06, 7.42515021557e-06, 6.17407658865e-06, 3.56383043254e-06, 1.80365725555e-06, 1.71461852005e-06, 1.40448719321e-06, 1.87455032119e-06, 2.92754157272e-06, 2.75139700534e-06, 3.36878497365e-06, 4.07335164709e-06, 4.06936214858e-06, 4.44932584287e-06, 4.33216700912e-06, 4.49434082839e-06, 4.96456050314e-06, 5.12827546117e-06, 6.31201100987e-06, 6.46164016871e-06, 6.61736658003e-06, 6.5140670813e-06, 6.60768273519e-06, 6.71632824378e-06, 5.6260691963e-06, 5.12358155902e-06, 3.90213153878e-06, 5.92062497162e-06, 6.80905304762e-06, 6.8414396992e-06, 7.62358286011e-06, 6.98582834957e-06, 5.09755545863e-06, 4.38838605987e-06, 4.57947908217e-06, 3.58415741175e-06, 2.98939653476e-06, 2.51483743341e-06, 1.99983651328e-06, 1.24016651171e-06, 6.54591588045e-07, 5.76795962104e-08, 1.38018299012e-08, 7.30233118418e-09, 2.85849077741e-09, 5.10901487782e-10, 4.99895611017e-11, 4.7475325754e-11, 4.53329769556e-11, 4.38466554731e-11, 4.26439716872e-11, 4.14738660082e-11, 4.01577521236e-11, 3.94342822285e-11, 3.89484590413e-11, 3.85263661251e-11, 3.82677674271e-11]
    },
    "mfcc": {
        "mean": [-672.614624023, 171.158584595, 8.07252025604, 16.2509822845, 18.2950172424, -6.35444068909, 12.3096323013, 5.7429432869, 12.0832242966, 10.2905130386, 6.76883220673, 5.89927482605, 6.75955152512],
        "cov": [[4760.65087891, -1730.6640625, -88.3893280029, -296.361907959, 57.6443061829, -321.523132324, 90.6954269409, -81.1127548218, 13.5369472504, -76.1497116089, -244.990737915, -149.507171631, -146.175201416], [-1730.6640625, 1514.94091797, -577.934814453, 142.592025757, -91.65209198, 24.8542079926, 131.781616211, -58.110244751, -18.7915534973, 12.2461605072, 59.3920097351, 20.1877155304, 47.461265564], [-88.3893280029, -577.934814453, 915.35546875, -56.6990013123, 19.1280879974, 90.2582702637, -205.066207886, 50.7806243896, -30.7951164246, -25.9932842255, -9.79198741913, -7.939204216, -11.823009491], [-296.361907959, 142.592025757, -56.6990013123, 260.337432861, 22.401720047, -62.4745635986, -29.6646175385, 7.55582523346, 10.9993858337, -18.6040248871, -25.4751644135, 37.7665557861, 8.50515079498], [57.6443061829, -91.65209198, 19.1280879974, 22.401720047, 174.36756897, -44.2212944031, -17.0059661865, -36.8937149048, -4.43637990952, 0.803370535374, -31.5834674835, 4.55560588837, -8.02388477325], [-321.523132324, 24.8542079926, 90.2582702637, -62.4745635986, -44.2212944031, 265.954162598, -7.74012899399, 66.2245025635, 1.44992303848, 10.7369947433, 59.0340576172, -30.4217014313, -11.1995782852], [90.6954269409, 131.781616211, -205.066207886, -29.6646175385, -17.0059661865, -7.74012899399, 186.550765991, -6.0902261734, -0.983780145645, 5.52202033997, 17.9498558044, -23.1355419159, -5.09441947937], [-81.1127548218, -58.110244751, 50.7806243896, 7.55582523346, -36.8937149048, 66.2245025635, -6.0902261734, 154.003921509, 17.4419403076, -9.10875511169, 10.856136322, 0.0864252820611, -15.5783777237], [13.5369472504, -18.7915534973, -30.7951164246, 10.9993858337, -4.43637990952, 1.44992303848, -0.983780145645, 17.4419403076, 92.2615585327, 24.3399944305, -5.02938318253, -8.3791437149, -0.680978238583], [-76.1497116089, 12.2461605072, -25.9932842255, -18.6040248871, 0.803370535374, 10.7369947433, 5.52202033997, -9.10875511169, 24.3399944305, 100.692848206, 14.4478473663, 1.44683361053, 7.8887257576], [-244.990737915, 59.3920097351, -9.79198741913, -25.4751644135, -31.5834674835, 59.0340576172, 17.9498558044, 10.856136322, -5.02938318253, 14.4478473663, 106.87953949, 12.2614078522, 10.2378253937], [-149.507171631, 20.1877155304, -7.939204216, 37.7665557861, 4.55560588837, -30.4217014313, -23.1355419159, 0.0864252820611, -8.3791437149, 1.44683361053, 12.2614078522, 81.6867370605, 28.5368995667], [-146.175201416, 47.461265564, -11.823009491, 8.50515079498, -8.02388477325, -11.1995782852, -5.09441947937, -15.5783777237, -0.680978238583, 7.8887257576, 10.2378253937, 28.5368995667, 87.5085296631]],
        "icov": [[0.000859855616, 0.00122869992629, 0.000786911521573, 0.000513978826348, 0.00065664894646, 0.000613625510596, -0.00023320488981, 0.000495432293974, 0.000263427908067, 0.000504352152348, 0.00111429474782, 0.000883245607838, 0.000577828963287], [0.00122869992629, 0.00280039850622, 0.00173601845745, 7.21762335161e-05, 0.00142405903898, 0.000437423354015, -0.00043027594802, 0.00116638292093, 0.000817270076368, 0.000678037700709, 0.00131451385096, 0.00135992700234, 0.00047825864749], [0.000786911521573, 0.00173601845745, 0.00270465388894, 0.000549145333935, 0.000664148537908, 2.65483504336e-05, 0.00159106729552, 0.00024878163822, 0.00106526655145, 0.000683515856508, 0.000886144989636, 0.00130104145501, 0.000304895191221], [0.000513978826348, 7.21762335161e-05, 0.000549145333935, 0.00540025392547, -0.000301304331515, 0.00133955804631, 0.000843603338581, -0.000645280641038, -0.000782719464041, 0.00122718082275, 0.00146008073352, -0.0012888351921, 0.000579548708629], [0.00065664894646, 0.00142405903898, 0.000664148537908, -0.000301304331515, 0.00729236425832, 0.00065044889925, -3.54397925548e-05, 0.00205089035444, 0.000561152643058, -5.16117470397e-05, 0.00218993099406, 0.000167884485563, 0.00125654169824], [0.000613625510596, 0.000437423354015, 2.65483504336e-05, 0.00133955804631, 0.00065044889925, 0.00616175448522, 0.000459699367639, -0.00191966572311, 0.000334662676323, -7.38915041438e-05, -0.00196654023603, 0.0029556080699, 0.000469916791189], [-0.00023320488981, -0.00043027594802, 0.00159106729552, 0.000843603338581, -3.54397925548e-05, 0.000459699367639, 0.00810422934592, -0.000720207637642, 0.000722947355825, -6.59485376673e-05, -0.00170638901182, 0.00230194581673, -0.000163509495906], [0.000495432293974, 0.00116638292093, 0.00024878163822, -0.000645280641038, 0.00205089035444, -0.00191966572311, -0.000720207637642, 0.00881628971547, -0.00160384795163, 0.00132500391919, 0.000938728451729, -0.00108488695696, 0.0018732638564], [0.000263427908067, 0.000817270076368, 0.00106526655145, -0.000782719464041, 0.000561152643058, 0.000334662676323, 0.000722947355825, -0.00160384795163, 0.0128680830821, -0.00323313008994, 0.000887720671017, 0.00244357832707, -0.000441490730736], [0.000504352152348, 0.000678037700709, 0.000683515856508, 0.00122718082275, -5.16117470397e-05, -7.38915041438e-05, -6.59485376673e-05, 0.00132500391919, -0.00323313008994, 0.0116646550596, -0.000649656169116, -0.000128453524667, -0.000293152581435], [0.00111429474782, 0.00131451385096, 0.000886144989636, 0.00146008073352, 0.00218993099406, -0.00196654023603, -0.00170638901182, 0.000938728451729, 0.000887720671017, -0.000649656169116, 0.0138966105878, -0.00231439457275, 0.000337506004144], [0.000883245607838, 0.00135992700234, 0.00130104145501, -0.0012888351921, 0.000167884485563, 0.0029556080699, 0.00230194581673, -0.00108488695696, 0.00244357832707, -0.000128453524667, -0.00231439457275, 0.018062107265, -0.00421537365764], [0.000577828963287, 0.00047825864749, 0.000304895191221, 0.000579548708629, 0.00125654169824, 0.000469916791189, -0.000163509495906, 0.0018732638564, -0.000441490730736, -0.000293152581435, 0.000337506004144, -0.00421537365764, 0.0139756212011]]
    },
    "spectral_contrast_coeffs": {
        "max": [-0.469157427549, -0.452834159136, -0.495287030935, -0.529983580112, -0.580897450447, -0.627998828888],
        "mean": [-0.735442698002, -0.716387271881, -0.732017159462, -0.784894168377, -0.780825674534, -0.786706566811],
        "min": [-0.917775571346, -0.884719133377, -0.908074915409, -0.904626369476, -0.876883804798, -0.888615190983],
        "stdev": [0.0773415341973, 0.0773743763566, 0.0686646103859, 0.0634130090475, 0.0514585785568, 0.0337730050087]
    },
    "spectral_contrast_valleys": {
        "max": [-4.59451436996, -4.74711513519, -5.43057489395, -5.95302343369, -6.35879278183, -7.7392373085],
        "mean": [-6.30018854141, -6.54084968567, -7.43176746368, -7.87918376923, -8.27616500854, -11.2022380829],
        "min": [-7.86401844025, -8.19393730164, -9.79051780701, -9.47382736206, -10.0569925308, -13.4761266708],
        "stdev": [0.526864230633, 0.601307570934, 0.652102768421, 0.635261416435, 0.750974476337, 1.23357963562]
    }
},
"rhythm": {
    "beats_count": 80,
    "beats_loudness": {
        "max": 0.253160208464,
        "mean": 0.0785484910011,
        "min": 0.019127311185,
        "stdev": 0.0509633980691
    },
    "bpm": 151.339096069,
    "bpm_histogram_first_peak_bpm": 152,
    "bpm_histogram_first_peak_weight": 0.385964930058,
    "bpm_histogram_second_peak_bpm": 157,
    "bpm_histogram_second_peak_spread": 0,
    "bpm_histogram_second_peak_weight": 0.139240503311,
    "danceability": 1.01274132729,
    "onset_rate": 3.10693335533,
    "beats_loudness_band_ratio": {
        "max": [0.990611314774, 0.682855129242, 0.432227283716, 0.341170936823, 0.133883044124, 0.382713764906],
        "mean": [0.704716324806, 0.130851179361, 0.0944809615612, 0.0442835502326, 0.0204788185656, 0.0180470310152],
        "min": [0.199327349663, 0.0039098598063, 0.00421910500154, 0.00140136957634, 0.000211393402424, 1.97069857677e-05],
        "stdev": [0.200521841645, 0.139204725623, 0.0963586345315, 0.0642598643899, 0.0296024326235, 0.0533099584281]
    },
