{
"metadata": {
    "version": {
        "essentia": "2.1-beta5",
        "essentia_git_sha": "Undefined",
        "extractor": "music 2.0"
    },
    "audio_properties": {
        "analysis": {
            "equal_loudness": 0,
            "length": 32.4963264465,
            "sample_rate": 44100,
            "start_time": 29.0017242432,
            "downmix": "mix"
        },
        "bit_rate": 192000,
        "length": 193.329360962,
        "lossless": 0,
        "number_channels": 2,
        "replay_gain": -1.43824195862,
        "sample_rate": 48000,
        "codec": "mp3",
        "md5_encoded": "c9669cc407fa1e647104a3d6cad22a94"
    },
    "tags": {
        "file_name": "Sweden_If I Were Sorry_Frans.mp3",
        "encoding": ["Lavf58.29.100"]
    }
},
"lowlevel": {
    "average_loudness": 0.690972208977,
    "barkbands_crest": {
        "max": 24.41248703,
        "mean": 11.3754825592,
        "min": 3.16270899773,
        "stdev": 4.39611434937
    },
    "barkbands_flatness_db": {
        "max": 0.357788830996,
        "mean": 0.20227946341,
        "min": 0.0746155679226,
        "stdev": 0.0480018593371
    },
    "barkbands_kurtosis": {
        "max": 66.2310180664,
        "mean": 6.72888708115,
        "min": -1.86566388607,
        "stdev": 7.68438529968
    },
    "barkbands_skewness": {
        "max": 5.94981145859,
        "mean": 1.74011445045,
        "min": -3.1213657856,
        "stdev": 1.20174515247
    },
    "barkbands_spread": {
        "max": 71.274772644,
        "mean": 11.3688354492,
        "min": 0.806847035885,
        "stdev": 11.3772687912
    },
    "dissonance": {
        "max": 0.499999910593,
        "mean": 0.434222877026,
        "min": 0.249679744244,
        "stdev": 0.0445017777383
    },
    "dynamic_complexity": 2.85887694359,
    "erbbands_crest": {
        "max": 32.3050193787,
        "mean": 12.4614210129,
        "min": 3.44988560677,
        "stdev": 5.82861614227
    },
    "erbbands_flatness_db": {
        "max": 0.404883116484,
        "mean": 0.223623752594,
        "min": 0.0908938348293,
        "stdev": 0.0545469895005
    },
    "erbbands_kurtosis": {
        "max": 35.9859199524,
        "mean": 2.93661189079,
        "min": -1.81777215004,
        "stdev": 4.40387058258
    },
    "erbbands_skewness": {
        "max": 4.51221561432,
        "mean": 0.955135285854,
        "min": -3.25392079353,
        "stdev": 0.925224423409
    },
    "erbbands_spread": {
        "max": 134.372161865,
        "mean": 23.5786399841,
        "min": 2.09188532829,
        "stdev": 19.6426582336
    },
    "hfc": {
        "max": 127.110244751,
        "mean": 14.1150588989,
        "min": 0.455875307322,
        "stdev": 14.5810604095
    },
    "loudness_ebu128": {
        "integrated": -22.9278697968,
        "loudness_range": 5.72564315796,
        "momentary": {
            "max": -17.9647426605,
            "mean": -23.7273597717,
            "min": -31.2082710266,
            "stdev": 2.68217515945
        },
        "short_term": {
            "max": -19.6346206665,
            "mean": -23.5926532745,
            "min": -26.4886817932,
            "stdev": 1.97121024132
        }
    },
    "melbands_crest": {
        "max": 35.3454360962,
        "mean": 14.7007799149,
        "min": 4.69609260559,
        "stdev": 5.32332849503
    },
    "melbands_flatness_db": {
        "max": 0.42088213563,
        "mean": 0.25008019805,
        "min": 0.0463670268655,
        "stdev": 0.0622041746974
    },
    "melbands_kurtosis": {
        "max": 111.738601685,
        "mean": 10.2200345993,
        "min": -1.75322413445,
        "stdev": 12.1694412231
    },
    "melbands_skewness": {
        "max": 9.18674850464,
        "mean": 1.98881518841,
        "min": -0.870017230511,
        "stdev": 1.43598306179
    },
    "melbands_spread": {
        "max": 233.188293457,
        "mean": 14.5619935989,
        "min": 1.48583745956,
        "stdev": 19.7530841827
    },
    "pitch_salience": {
        "max": 0.83646184206,
        "mean": 0.562564849854,
        "min": 0.179945871234,
        "stdev": 0.118811607361
    },
    "silence_rate_20dB": {
        "max": 1,
        "mean": 1,
        "min": 1,
        "stdev": 0
    },
    "silence_rate_30dB": {
        "max": 1,
        "mean": 0.988579571247,
        "min": 0,
        "stdev": 0.106255330145
    },
    "silence_rate_60dB": {
        "max": 1,
        "mean": 0.0756602436304,
        "min": 0,
        "stdev": 0.264451503754
    },
    "spectral_centroid": {
        "max": 5403.37597656,
        "mean": 798.054138184,
        "min": 249.396484375,
        "stdev": 476.473022461
    },
    "spectral_complexity": {
        "max": 39,
        "mean": 13.0428266525,
        "min": 1,
        "stdev": 7.00317764282
    },
    "spectral_decrease": {
        "max": -1.31526983749e-10,
        "mean": -6.38602992709e-09,
        "min": -4.09001330581e-08,
        "stdev": 6.19555606818e-09
    },
    "spectral_energy": {
        "max": 0.158469974995,
        "mean": 0.0253826081753,
        "min": 0.000537761778105,
        "stdev": 0.0241770409048
    },
    "spectral_energyband_high": {
        "max": 0.0139800626785,
        "mean": 0.000308583810693,
        "min": 1.14928411676e-06,
        "stdev": 0.00117471418343
    },
    "spectral_energyband_low": {
        "max": 0.0910404771566,
        "mean": 0.00685620540753,
        "min": 9.37272830015e-07,
        "stdev": 0.0136492410675
    },
    "spectral_energyband_middle_high": {
        "max": 0.0346363037825,
        "mean": 0.00384695641696,
        "min": 1.333705859e-05,
        "stdev": 0.0047964733094
    },
    "spectral_energyband_middle_low": {
        "max": 0.107884027064,
        "mean": 0.0152954300866,
        "min": 0.000257330742897,
        "stdev": 0.0152417682111
    },
    "spectral_entropy": {
        "max": 8.80658721924,
        "mean": 7.1043806076,
        "min": 5.59348154068,
        "stdev": 0.525672137737
    },
    "spectral_flux": {
        "max": 0.312853395939,
        "mean": 0.0742278546095,
        "min": 0.0101508228108,
        "stdev": 0.0486063174903
    },
    "spectral_kurtosis": {
        "max": 51.2165870667,
        "mean": 10.0692605972,
        "min": -1.2466083765,
        "stdev": 6.98286533356
    },
    "spectral_rms": {
        "max": 0.0124340206385,
        "mean": 0.00448272936046,
        "min": 0.000724324258044,
        "stdev": 0.00216070190072
    },
    "spectral_rolloff": {
        "max": 11800.1953125,
        "mean": 1140.12121582,
        "min": 64.599609375,
        "stdev": 1652.5994873
    },
    "spectral_skewness": {
        "max": 5.42438983917,
        "mean": 2.40366959572,
        "min": -0.103373683989,
        "stdev": 0.775443851948
    },
    "spectral_spread": {
        "max": 13914478,
        "mean": 3791719.5,
        "min": 1204036,
        "stdev": 2007905.125
    },
    "spectral_strongpeak": {
        "max": 6.64151573181,
        "mean": 1.15312802792,
        "min": 0.0242179650813,
        "stdev": 1.0012332201
    },
    "zerocrossingrate": {
        "max": 0.3828125,
        "mean": 0.0447967536747,
        "min": 0.00634765625,
        "stdev": 0.0418061800301
    },
    "barkbands": {
        "max": [0.0176349338144, 0.0705547630787, 0.0406821295619, 0.0432367026806, 0.0384171977639, 0.0679716393352, 0.0711962580681, 0.0594760105014, 0.0604530535638, 0.0220349673182, 0.0107765113935, 0.0198827963322, 0.00726971169934, 0.0119137875736, 0.00576081499457, 0.00425321236253, 0.00488379597664, 0.00136597594246, 0.000691065390129, 0.000600673607551, 0.000712062697858, 0.00131227378733, 0.00463784625754, 0.0054304022342, 0.00378092424944, 0.000577641476411, 3.68369410353e-06],
        "mean": [0.000620765495114, 0.00352453649975, 0.0019416565774, 0.00172390707303, 0.0030160821043, 0.00221632467583, 0.00337917450815, 0.00234840763733, 0.00227572512813, 0.00131852645427, 0.000758181093261, 0.00054957496468, 0.000512405531481, 0.000284684094368, 0.000214431522181, 0.000140219548484, 0.000127394363517, 6.94678892614e-05, 3.89691813325e-05, 2.85989790427e-05, 2.57990905084e-05, 3.34087490046e-05, 6.1353923229e-05, 8.8721550128e-05, 7.41052062949e-05, 1.02094236354e-05, 4.26057455982e-09],
        "min": [6.72982281014e-10, 9.59353769758e-08, 4.00945125989e-08, 1.95196150798e-07, 4.35543915955e-06, 5.56228815185e-06, 3.06297783936e-06, 1.22309768358e-06, 9.69857296695e-07, 2.45891305894e-06, 7.86286761922e-07, 5.82092411605e-07, 3.25589269323e-07, 6.62748675495e-07, 2.51351798397e-06, 1.77440347215e-06, 2.12981240111e-06, 1.03113120531e-06, 7.67321012063e-07, 4.25058033215e-07, 2.51821063557e-07, 1.21253521002e-07, 8.34675617511e-08, 8.98863774523e-08, 7.17462711464e-08, 2.93550017627e-10, 1.04320038719e-10],
        "stdev": [0.00210197968408, 0.00846542604268, 0.00451701227576, 0.00375948124565, 0.00429244479164, 0.00456694886088, 0.00564134074375, 0.00517668901011, 0.0059313904494, 0.00245526595972, 0.00123914622236, 0.00119335623458, 0.000929386704229, 0.000637908116914, 0.000369354063878, 0.000254644342931, 0.000229784229305, 0.000102697100374, 5.91540192545e-05, 5.09514684381e-05, 5.77445098315e-05, 9.63325437624e-05, 0.000293640157906, 0.000435491092503, 0.000321309053106, 4.40699586761e-05, 9.91285489249e-08]
    },
    "erbbands": {
        "max": [3.84847283363, 18.744184494, 40.7133827209, 106.945121765, 140.472579956, 162.992614746, 145.249359131, 792.184997559, 942.790405273, 1079.33496094, 1987.58728027, 1922.3861084, 723.064819336, 801.214233398, 532.114868164, 517.878662109, 407.160308838, 716.560852051, 186.028533936, 385.553833008, 177.184967041, 308.444946289, 79.8689422607, 39.7463722229, 25.3358135223, 26.8318729401, 26.7611732483, 31.5613040924, 42.9793510437, 63.9995079041, 145.930862427, 169.209793091, 96.6571960449, 51.816078186, 33.5142669678, 6.06790113449, 0.373251289129, 0.00993875972927, 0.000619457452558, 0.000177583424374],
        "mean": [0.143968984485, 0.6275832057, 1.89703631401, 4.48624181747, 8.86261558533, 10.0660381317, 8.56441497803, 24.1597633362, 46.2840614319, 38.0664405823, 63.1421203613, 60.5695381165, 34.2581558228, 42.7845001221, 32.2924995422, 21.3116016388, 24.5301208496, 16.9615211487, 12.3659324646, 9.08438014984, 7.58027744293, 7.1066608429, 4.24973011017, 2.61112761497, 1.70407581329, 1.33837258816, 1.06316328049, 1.06327915192, 1.21169471741, 1.24668931961, 1.87743496895, 1.93619298935, 1.40798437595, 0.874009609222, 0.506631970406, 0.109380446374, 0.00687246210873, 0.000198715031729, 2.64039827016e-05, 3.12458905682e-05],
        "min": [2.98994041259e-06, 3.6941622966e-05, 0.000369266752386, 0.00560866761953, 0.0209715180099, 0.0249928124249, 0.0329787656665, 0.0769387558103, 0.0724645107985, 0.147295340896, 0.119873329997, 0.117069840431, 0.164702892303, 0.0348100662231, 0.0312252771109, 0.0255016628653, 0.0161275174469, 0.0212665982544, 0.0969499647617, 0.0963718593121, 0.132483318448, 0.11929564923, 0.0684246718884, 0.0300295706838, 0.0382436327636, 0.0203723032027, 0.0128658749163, 0.00879393611103, 0.00468435697258, 0.00265183858573, 0.00293875182979, 0.00186149624642, 0.000674373935908, 0.000781636859756, 0.000466624711407, 0.000115471913887, 4.02692558055e-06, 4.05250574431e-07, 6.10023505487e-07, 7.33218257665e-07],
        "stdev": [0.423041760921, 1.5120241642, 4.26720809937, 9.64740276337, 14.3083152771, 15.9006090164, 14.9521455765, 51.811164856, 78.7186508179, 60.4960861206, 146.454193115, 161.834701538, 60.1663131714, 80.3282546997, 53.2907371521, 38.6145629883, 43.4863014221, 36.3704719543, 19.3094749451, 17.1238002777, 12.1237211227, 13.2968873978, 6.12208127975, 3.75157904625, 2.6021630764, 2.37898278236, 2.18318223953, 2.67969274521, 3.45811271667, 4.49528026581, 9.21011543274, 10.1239156723, 6.73528003693, 3.93119907379, 2.29109668732, 0.477943867445, 0.025296267122, 0.000741745752748, 5.72596363781e-05, 2.92385811917e-05]
    },
    "gfcc": {
        "mean": [-54.8879051208, 117.183784485, -135.331726074, -1.2686727047, -81.4200820923, 6.27859926224, -57.6623344421, 3.29270553589, -28.0815296173, -7.32504940033, -15.2296724319, -11.0430898666, -6.07916641235],
        "cov": [[3486.84545898, -230.723190308, 567.392822266, 514.542419434, 356.624359131, 747.174865723, 366.070220947, 360.103759766, 81.4370498657, 191.931045532, 12.6463375092, 221.273147583, 11.0921802521], [-230.723190308, 1501.13769531, -9.71514511108, -63.041809082, 520.366271973, -95.5641860962, 332.153137207, -4.49652528763, 209.986175537, -113.405387878, 138.551467896, -116.487792969, 61.7087898254], [567.392822266, -9.71514511108, 835.69519043, 419.373962402, 167.546646118, 238.256134033, 62.2406768799, 166.972106934, 98.10987854, 148.380569458, 30.5938301086, 59.7796974182, -17.4234981537], [514.542419434, -63.041809082, 419.373962402, 586.408447266, 250.298599243, 257.341156006, 116.620796204, 119.181762695, 108.058441162, 109.985877991, 64.2296981812, 57.9702796936, 21.009267807], [356.624359131, 520.366271973, 167.546646118, 250.298599243, 540.97052002, 203.874847412, 220.008041382, 122.954933167, 117.441856384, 48.7956581116, 70.2724914551, 45.0917778015, 35.3620491028], [747.174865723, -95.5641860962, 238.256134033, 257.341156006, 203.874847412, 462.470703125, 232.158370972, 125.771438599, 74.8565597534, 83.3021087646, 16.3247928619, 87.297203064, 10.8779525757], [366.070220947, 332.153137207, 62.2406768799, 116.620796204, 220.008041382, 232.158370972, 336.285583496, 103.872589111, 104.557006836, 5.59447336197, 52.0263633728, 12.4778375626, 20.8539428711], [360.103759766, -4.49652528763, 166.972106934, 119.181762695, 122.954933167, 125.771438599, 103.872589111, 172.733734131, 63.0366134644, 68.0478744507, 17.6005859375, 37.3061447144, 8.2528295517], [81.4370498657, 209.986175537, 98.10987854, 108.058441162, 117.441856384, 74.8565597534, 104.557006836, 63.0366134644, 159.293563843, 43.5132789612, 49.1467857361, -0.35546630621, 20.0729484558], [191.931045532, -113.405387878, 148.380569458, 109.985877991, 48.7956581116, 83.3021087646, 5.59447336197, 68.0478744507, 43.5132789612, 132.018936157, 32.9457244873, 47.6153907776, -7.38700056076], [12.6463375092, 138.551467896, 30.5938301086, 64.2296981812, 70.2724914551, 16.3247928619, 52.0263633728, 17.6005859375, 49.1467857361, 32.9457244873, 107.856575012, 18.7078533173, 20.9776363373], [221.273147583, -116.487792969, 59.7796974182, 57.9702796936, 45.0917778015, 87.297203064, 12.4778375626, 37.3061447144, -0.35546630621, 47.6153907776, 18.7078533173, 122.23690033, 17.757806778], [11.0921802521, 61.7087898254, -17.4234981537, 21.009267807, 35.3620491028, 10.8779525757, 20.8539428711, 8.2528295517, 20.0729484558, -7.38700056076, 20.9776363373, 17.757806778, 67.0502471924]],
        "icov": [[0.000518894579727, -0.000305619381834, 8.38058331283e-05, -0.000273230136372, 0.000359206635039, -0.000812831218354, 0.000211579870665, -0.000843067071401, 0.000522780814208, -0.000135671871249, 0.000248485419434, -0.000464748125523, 0.000157101094374], [-0.000305619381834, 0.00531244557351, -0.00213694409467, 0.0032000769861, -0.00560236303136, 0.00420301081613, -0.0045695011504, 0.00432241242379, -0.00400701304898, 0.00306414533406, -0.00287314876914, 0.00281432876363, -0.00154399243183], [8.38058331283e-05, -0.00213694409467, 0.00312625570223, -0.00252877338789, 0.00233026291244, -0.00202035345137, 0.00247119436972, -0.00288928253576, 0.00122385902796, -0.00184757867828, 0.00130439829081, -0.00100380508229, 0.00153122993652], [-0.000273230136372, 0.0032000769861, -0.00252877338789, 0.00553090916947, -0.0042228223756, 0.00138253567275, -0.00207300949842, 0.00293289334513, -0.0029406233225, 0.00143040111288, -0.00273387832567, 0.00214109290391, -0.00167733605485], [0.000359206635039, -0.00560236303136, 0.00233026291244, -0.0042228223756, 0.00900914613158, -0.00443564495072, 0.00354517204687, -0.00532767688856, 0.00370799633674, -0.00291435024701, 0.00252578151412, -0.00343762151897, 0.00123575737234], [-0.000812831218354, 0.00420301081613, -0.00202035345137, 0.00138253567275, -0.00443564495072, 0.00954052340239, -0.00750556681305, 0.00446929363534, -0.00287609500811, 0.000345901644323, 0.000233380880672, 4.43063327111e-05, -0.00130173342768], [0.000211579870665, -0.0045695011504, 0.00247119436972, -0.00207300949842, 0.00354517204687, -0.00750556681305, 0.0120857376605, -0.00654819142073, 0.000949449546169, 0.00128275912721, -0.000649494235404, -0.000854760408401, 0.00214388826862], [-0.000843067071401, 0.00432241242379, -0.00288928253576, 0.00293289334513, -0.00532767688856, 0.00446929363534, -0.00654819142073, 0.0150253036991, -0.0044626374729, -0.00179325928912, -8.85464323801e-05, 0.00158444466069, -0.0024899370037], [0.000522780814208, -0.00400701304898, 0.00122385902796, -0.0029406233225, 0.00370799633674, -0.00287609500811, 0.000949449546169, -0.0044626374729, 0.0137686757371, -0.00516249984503, 0.000291244708933, 0.000166060126503, -0.0012200565543], [-0.000135671871249, 0.00306414533406, -0.00184757867828, 0.00143040111288, -0.00291435024701, 0.000345901644323, 0.00128275912721, -0.00179325928912, -0.00516249984503, 0.0169323906302, -0.00591117609292, -0.00154235982336, 0.00324560166337], [0.000248485419434, -0.00287314876914, 0.00130439829081, -0.00273387832567, 0.00252578151412, 0.000233380880672, -0.000649494235404, -8.85464323801e-05, 0.000291244708933, -0.00591117609292, 0.0154855987057, -0.00330049125478, -0.00206752051599], [-0.000464748125523, 0.00281432876363, -0.00100380508229, 0.00214109290391, -0.00343762151897, 4.43063327111e-05, -0.000854760408401, 0.00158444466069, 0.000166060126503, -0.00154235982336, -0.00330049125478, 0.013765508309, -0.00440107891336], [0.000157101094374, -0.00154399243183, 0.00153122993652, -0.00167733605485, 0.00123575737234, -0.00130173342768, 0.00214388826862, -0.0024899370037, -0.0012200565543, 0.00324560166337, -0.00206752051599, -0.00440107891336, 0.0189670696855]]
    },
    "melbands": {
        "max": [0.0244474597275, 0.0178137905896, 0.0193610545248, 0.00953162275255, 0.00447648670524, 0.0160004384816, 0.0139869758859, 0.00939805433154, 0.0178092587739, 0.0117958979681, 0.00350140105002, 0.0035539988894, 0.00172524200752, 0.00284386239946, 0.00108648941386, 0.00104879227001, 0.00120674073696, 0.000388839805964, 0.000417887378717, 0.000410973327234, 0.000161489093443, 0.000433035660535, 9.91695342236e-05, 5.05006464664e-05, 3.7386394979e-05, 2.08718847716e-05, 2.71909193543e-05, 1.87139776244e-05, 1.54952122102e-05, 1.52924130816e-05, 2.50904904533e-05, 2.48125052167e-05, 2.51821875281e-05, 4.43539502157e-05, 8.23666923679e-05, 0.000121617413242, 9.07253124751e-05, 7.42586125853e-05, 6.83783437125e-05, 3.8537542423e-05],
        "mean": [0.00112456420902, 0.000949438195676, 0.000905435299501, 0.000722608005162, 0.000322200241499, 0.000510619487613, 0.000724760233425, 0.000396964605898, 0.000530402117874, 0.000345842272509, 0.000162778334925, 0.000176866131369, 0.00010426157678, 7.31358377379e-05, 5.01933100168e-05, 4.93001498398e-05, 2.90634070552e-05, 1.95003758563e-05, 1.4934090359e-05, 1.05842955236e-05, 8.34597449284e-06, 7.88186662248e-06, 5.07234699398e-06, 2.90993261842e-06, 2.04597404263e-06, 1.31518163471e-06, 1.04015157376e-06, 8.57694601564e-07, 6.89187061198e-07, 5.79136781198e-07, 6.2105783627e-07, 6.67123913445e-07, 6.73212582569e-07, 7.0355281423e-07, 9.98102450467e-07, 1.32141155973e-06, 1.12748284664e-06, 1.01891373561e-06, 8.20464777007e-07, 7.17788623206e-07],
        "min": [2.76279976674e-08, 5.50820296041e-08, 1.71431997842e-06, 1.05487004021e-06, 1.02114245237e-06, 1.54633960392e-06, 1.04065316009e-06, 1.61960826972e-06, 1.21195296288e-06, 2.52325833117e-07, 6.01796614319e-07, 1.30986833824e-07, 1.08084641681e-07, 6.92688075787e-08, 5.28089429963e-08, 3.06743821454e-08, 3.84388592067e-08, 1.30001708953e-07, 2.17849716933e-07, 7.98326951212e-08, 1.31049858965e-07, 1.24010668401e-07, 6.64929444838e-08, 4.45939463134e-08, 1.88278370672e-08, 1.36522571026e-08, 1.6801305236e-08, 1.28157457979e-08, 7.78692044179e-09, 6.53226139846e-09, 4.02017086287e-09, 2.87438561841e-09, 1.62565294559e-09, 1.19570664481e-09, 1.29784472058e-09, 6.88372858715e-10, 9.75586611496e-10, 1.86077694919e-10, 2.40987119149e-10, 5.45339273739e-10],
        "stdev": [0.00290912459604, 0.00202756654471, 0.00169785739854, 0.00105334655382, 0.000538242049515, 0.00106738111936, 0.0011909144232, 0.000599770923145, 0.00123380369041, 0.000949244655203, 0.000297863880405, 0.000349031266524, 0.000170985294972, 0.000151421423652, 8.8970446086e-05, 9.45695428527e-05, 6.58906865283e-05, 3.26729095832e-05, 2.72477700491e-05, 2.2140389774e-05, 1.32571121867e-05, 1.66006320796e-05, 7.84099029261e-06, 4.41128349848e-06, 3.13649456984e-06, 2.08264009416e-06, 1.75352079168e-06, 1.65250469308e-06, 1.4817550209e-06, 1.28193573801e-06, 1.73570163042e-06, 1.92373522623e-06, 2.01220041163e-06, 2.78595234704e-06, 4.81129200125e-06, 7.46633349991e-06, 5.74840896661e-06, 4.87045872433e-06, 4.03859485232e-06, 3.21922198054e-06]
    },
    "melbands128": {
        "max": [0.0166607033461, 0.0407970622182, 0.0240538418293, 0.0356639400125, 0.0207302812487, 0.0224336758256, 0.0239294283092, 0.0212192162871, 0.0171281900257, 0.0159301608801, 0.0123071325943, 0.00748569518328, 0.00708033889532, 0.00859622098505, 0.0191571936011, 0.0271744765341, 0.0161692555994, 0.0249917395413, 0.0222838297486, 0.0155295943841, 0.00934954546392, 0.0107358079404, 0.032139454037, 0.0152497766539, 0.0220110993832, 0.0181125812232, 0.00459060445428, 0.00601555919275, 0.00387007929385, 0.00733461137861, 0.00388382468373, 0.00207804841921, 0.00313636800274, 0.00222094124183, 0.00556229706854, 0.00269858445972, 0.00210459902883, 0.0020473387558, 0.00158440484665, 0.00210614851676, 0.00153338583186, 0.0036342702806, 0.0013590506278, 0.00083250150783, 0.00114173290785, 0.00048919825349, 0.000735911657102, 0.000846031762194, 0.000438557355665, 0.00107711507007, 0.000638605328277, 0.000739821232855, 0.000141127267852, 0.00021027411276, 0.000256223749602, 0.000925438769627, 0.000216631931835, 0.000143824479892, 9.19774465729e-05, 9.21147875488e-05, 7.13540721335e-05, 5.88574839639e-05, 4.87815814267e-05, 6.58580611343e-05, 2.47503630817e-05, 3.03954329866e-05, 3.34665055561e-05, 3.43769570463e-05, 4.27306295023e-05, 3.69175722881e-05, 1.75244204002e-05, 3.36695848091e-05, 2.53126181633e-05, 1.6511652575e-05, 2.62286812358e-05, 1.43911374835e-05, 2.57894953393e-05, 2.10110556509e-05, 4.66772071377e-05, 2.33286591538e-05, 2.590764052e-05, 3.48376088368e-05, 3.05782705254e-05, 2.74054600595e-05, 3.63948201993e-05, 4.12193621742e-05, 6.1896716943e-05, 7.90668709669e-05, 9.70706023509e-05, 7.96476233518e-05, 0.000165287710843, 0.000198047346203, 0.000189216661965, 0.000128454223159, 4.88624355057e-05, 7.22679833416e-05, 9.38758239499e-05, 8.02086215117e-05, 9.26879947656e-05, 5.18250089954e-05, 5.59254876862e-05, 4.70423692605e-05, 4.89273697895e-05, 4.89081030537e-05, 8.76284684637e-05, 4.01688412239e-05, 3.22891464748e-05, 1.88971280295e-05, 1.41024720506e-05, 5.61328261028e-06, 3.80778351428e-06, 2.01584407478e-06, 3.91393285781e-07, 8.2133038859e-07, 2.01706896519e-07, 3.91878494099e-08, 1.77851191552e-08, 1.72599889936e-08, 1.67475704416e-08, 1.62596087705e-08, 1.58557451613e-08, 1.55713610894e-08, 1.52352193084e-08, 1.50442378555e-08, 1.48140619771e-08, 1.46025147529e-08, 1.44609986208e-08, 1.43920892981e-08],
        "mean": [0.000573577592149, 0.00135095859878, 0.0012069029035, 0.00098054332193, 0.000878500461113, 0.00101667793933, 0.000886421126779, 0.00088826706633, 0.000896397337783, 0.000850939657539, 0.000528243661392, 0.000307681504637, 0.000235331768636, 0.0003237380879, 0.000649429799523, 0.000491769809742, 0.00056676910026, 0.000932724622544, 0.000744309509173, 0.000307320384309, 0.000257289910223, 0.000462569791125, 0.00068105570972, 0.000416846713051, 0.000484757940285, 0.000261095236056, 0.000144818943227, 0.000157482136274, 0.000151284708409, 0.000241257308517, 0.000168557307916, 9.26916181925e-05, 9.68154417933e-05, 0.000120380798762, 8.97223362699e-05, 5.79802363063e-05, 4.58149334008e-05, 4.00605604227e-05, 6.3321334892e-05, 6.10722854617e-05, 4.41772244812e-05, 3.40265396517e-05, 3.1960207707e-05, 2.6367868486e-05, 1.77305428224e-05, 1.8800228645e-05, 2.09695899684e-05, 1.62345295394e-05, 1.13687865451e-05, 1.13298783617e-05, 1.06979086922e-05, 9.76132650976e-06, 8.66418031364e-06, 7.31291493139e-06, 8.59949614096e-06, 8.78805440152e-06, 6.41128963252e-06, 5.71971213503e-06, 4.59541433884e-06, 3.76762386622e-06, 2.54617452811e-06, 2.5640365493e-06, 2.50690186476e-06, 1.85732426417e-06, 1.37968902436e-06, 1.30859507408e-06, 1.28333226712e-06, 1.10281678189e-06, 1.01706496025e-06, 9.04363673726e-07, 8.39613164771e-07, 8.57513953179e-07, 7.93146739397e-07, 6.43341593332e-07, 5.91520347371e-07, 5.67088591197e-07, 5.69686733343e-07, 6.18891021986e-07, 6.85586087457e-07, 5.25146560904e-07, 6.51994071177e-07, 7.25996699202e-07, 7.16017950708e-07, 6.82647169015e-07, 6.21528329248e-07, 6.12983740211e-07, 7.13943734354e-07, 9.13407575354e-07, 9.61776663644e-07, 9.96466269498e-07, 1.51495453338e-06, 1.3150452105e-06, 1.26890688534e-06, 1.11579765871e-06, 1.02078172404e-06, 1.09728614461e-06, 9.9518240404e-07, 9.81789753496e-07, 8.44425699142e-07, 7.05696322711e-07, 7.20334469406e-07, 7.34272077807e-07, 7.22381230389e-07, 6.28728400898e-07, 6.69841654144e-07, 5.1062914963e-07, 3.70621847878e-07, 2.69342393722e-07, 1.43489415905e-07, 8.72073044889e-08, 4.76567940666e-08, 2.22561045149e-08, 1.64659264001e-09, 9.69803681805e-10, 2.48376458289e-10, 8.41165054277e-11, 3.13455685019e-11, 1.93764709139e-11, 1.87629616705e-11, 1.79883954954e-11, 1.74302707684e-11, 1.70200884636e-11, 1.663345503e-11, 1.6344932352e-11, 1.59009923284e-11, 1.53708538952e-11, 1.50525061166e-11, 1.49432948654e-11],
        "min": [3.53167828315e-10, 5.36662658757e-10, 4.96880403489e-09, 1.83074586602e-08, 5.32629185201e-09, 1.20379644031e-08, 6.67414923328e-08, 8.67744418542e-08, 1.20557160699e-06, 3.17697612218e-07, 6.02612999501e-08, 3.12259658131e-07, 1.5738038428e-07, 4.03218876954e-07, 1.55209889385e-07, 2.88853215125e-07, 3.4200863297e-07, 4.54838442465e-07, 4.61871763946e-07, 4.24405612875e-07, 2.63701394942e-07, 1.45606179558e-07, 2.293892436e-07, 1.24463298334e-07, 5.40702664864e-08, 1.2017544293e-07, 1.68335716921e-07, 1.40684662142e-07, 1.47758385083e-07, 1.11138490411e-07, 7.45192423324e-08, 8.92010092457e-08, 1.29150791395e-07, 1.02285106607e-07, 4.65113529913e-08, 3.14070618401e-08, 4.85883440149e-08, 6.13281301298e-08, 3.24030224874e-08, 2.78384710839e-08, 3.94988290964e-08, 1.57166688552e-08, 2.61911150545e-08, 4.34992912801e-08, 6.90572292683e-08, 3.11457277746e-08, 1.35232752996e-07, 1.19742736615e-07, 8.30110451489e-08, 2.95115807347e-08, 5.49415446471e-08, 2.62598351952e-08, 5.61810544752e-08, 2.05619041793e-08, 2.41598829831e-08, 4.74356980362e-08, 8.16960579186e-08, 3.77856146372e-08, 3.84251919172e-08, 1.23567760468e-08, 1.9858900302e-08, 1.78378432025e-08, 7.74487496358e-09, 1.10231441752e-08, 9.39374622533e-09, 9.04923069811e-09, 2.96394730981e-09, 8.0736723973e-09, 9.13566111649e-09, 7.77462094703e-09, 4.29959667869e-09, 6.25023544032e-09, 2.51108578375e-09, 2.57808085991e-09, 1.23858523438e-09, 9.58390256045e-10, 1.62258173564e-09, 9.18129239302e-10, 1.23051502321e-09, 1.17254939092e-09, 7.35913940897e-10, 5.19729981274e-10, 5.8741517206e-10, 5.46624467912e-10, 1.53150173099e-10, 5.9159188659e-10, 2.426261414e-10, 3.50570628083e-10, 2.98756880346e-10, 6.45395334398e-11, 1.25091714764e-10, 1.69604774669e-10, 3.94939775328e-11, 7.67856351419e-12, 9.59929497002e-11, 1.08154075973e-10, 5.43565583169e-12, 1.1825924788e-11, 1.51048243358e-10, 9.27255910943e-11, 2.70881289621e-10, 4.765959849e-10, 1.58473761891e-10, 3.0509353377e-10, 3.38303246528e-10, 8.71652264256e-11, 1.84719969355e-12, 2.84774786218e-12, 4.6539405359e-13, 4.03698884217e-13, 4.14379441134e-13, 3.67601646822e-13, 3.76272607907e-13, 3.48847063432e-13, 2.97205240019e-13, 2.91527164822e-13, 3.55514310482e-13, 3.28423459218e-13, 3.9903142097e-13, 2.9465026339e-13, 2.45731630573e-13, 3.13977956048e-13, 3.62238938931e-13, 3.33707562451e-13, 2.51639095845e-13, 9.75466655693e-14, 1.46614626906e-14, 6.0965386961e-16],
        "stdev": [0.00196360284463, 0.00441083032638, 0.0030014149379, 0.00268577574752, 0.00218769791536, 0.00238886894658, 0.00215087039396, 0.00186305947136, 0.00161054695491, 0.00152287899982, 0.000952325877734, 0.000783762370702, 0.000580573978368, 0.000655212323181, 0.00154511071742, 0.00148177717347, 0.00136998831294, 0.00181641324889, 0.00154635217041, 0.000751024519559, 0.000622352468781, 0.00119844847359, 0.00206525134854, 0.00142806349322, 0.00176157441456, 0.000933899485972, 0.000339959136909, 0.000420804513851, 0.000373452785425, 0.000629859161563, 0.000377231801394, 0.000192905674339, 0.000225839074119, 0.000242171765422, 0.000290225754725, 0.000155596819241, 0.000117831514217, 0.000103161401057, 0.000144226680277, 0.000143337994814, 0.000120358716231, 0.000132272252813, 9.47093503783e-05, 5.9850193793e-05, 5.80948872084e-05, 3.69724111806e-05, 4.57721253042e-05, 4.23949968535e-05, 2.29417801165e-05, 3.59252990165e-05, 2.67893774435e-05, 2.71721382887e-05, 1.5988953237e-05, 1.41914615597e-05, 1.96758501261e-05, 2.91221040243e-05, 1.47415148604e-05, 1.02364028862e-05, 8.24758080853e-06, 7.36593983675e-06, 4.74805074191e-06, 4.90994307256e-06, 4.58816703031e-06, 3.80654228138e-06, 2.18547097575e-06, 2.47325942837e-06, 2.49728327617e-06, 2.19708090299e-06, 2.068956519e-06, 2.01499847208e-06, 1.75576758465e-06, 1.97345025299e-06, 2.03415856959e-06, 1.45185276779e-06, 1.47861533151e-06, 1.28261387999e-06, 1.53194810082e-06, 1.70426994828e-06, 2.32800221056e-06, 1.52002189679e-06, 1.91684898709e-06, 2.40104918703e-06, 2.20022707254e-06, 2.04260686587e-06, 2.17877959585e-06, 2.32536581279e-06, 3.17621788781e-06, 4.52609629065e-06, 4.99504812979e-06, 4.93282277603e-06, 8.88777140062e-06, 8.53861547512e-06, 8.34698948893e-06, 6.27252074992e-06, 4.74252510685e-06, 5.37126197742e-06, 5.13330678586e-06, 5.16518775839e-06, 4.57077976534e-06, 3.3616051951e-06, 3.6173441913e-06, 3.34137098434e-06, 3.39233929481e-06, 2.90153093374e-06, 3.6239828205e-06, 2.43003137257e-06, 1.79805954303e-06, 1.33624996579e-06, 7.18913895525e-07, 4.04469716386e-07, 1.98497048132e-07, 1.03552601161e-07, 1.27460415555e-08, 2.25885070648e-08, 5.51419088168e-09, 1.18712195629e-09, 5.18289300366e-10, 4.6527853792e-10, 4.50960685461e-10, 4.37459679592e-10, 4.26305907242e-10, 4.18390710966e-10, 4.09193068318e-10, 4.03943212213e-10, 3.97670313346e-10, 3.91950388812e-10, 3.8811281966e-10, 3.86230908367e-10]
    },
    "mfcc": {
        "mean": [-692.305358887, 150.921066284, -7.41396570206, -9.3706445694, -6.13077497482, -12.5870761871, -14.5014305115, -7.86450958252, -8.45528697968, -9.1618347168, -5.84640645981, -6.11666679382, -4.62798404694],
        "cov": [[3347.64111328, -415.749969482, 315.083892822, 60.2190055847, 215.90234375, 457.269897461, 399.048706055, 408.727630615, 253.899261475, 210.240112305, 140.147079468, 101.068450928, 103.752967834], [-415.749969482, 1500.32177734, -359.926849365, 103.628585815, 81.0772705078, -0.656035363674, 91.2808609009, 107.287956238, 80.3960800171, 19.5050144196, 110.3620224, 13.8662824631, 41.7287826538], [315.083892822, -359.926849365, 747.633728027, 175.652328491, 148.973754883, 115.722518921, 46.0114326477, 30.9596214294, 68.9528579712, 98.3838272095, 34.08020401, 97.9642715454, 41.2222290039], [60.2190055847, 103.628585815, 175.652328491, 384.383514404, 233.272033691, 85.4799346924, 79.4567718506, 51.9557495117, 68.0869903564, 83.2294158936, 30.9652233124, 85.3293685913, 50.1948165894], [215.90234375, 81.0772705078, 148.973754883, 233.272033691, 347.183898926, 143.188232422, 103.390480042, 72.5044555664, 92.2672805786, 72.8280563354, 43.8515090942, 79.3493118286, 59.4930458069], [457.269897461, -0.656035363674, 115.722518921, 85.4799346924, 143.188232422, 334.841308594, 171.007247925, 173.024169922, 114.415008545, 87.4309310913, 75.5442733765, 65.4526596069, 58.056892395], [399.048706055, 91.2808609009, 46.0114326477, 79.4567718506, 103.390480042, 171.007247925, 241.496566772, 154.635803223, 97.3346099854, 86.0913925171, 56.1355361938, 51.7274208069, 45.2285881042], [408.727630615, 107.287956238, 30.9596214294, 51.9557495117, 72.5044555664, 173.024169922, 154.635803223, 225.843933105, 122.724945068, 73.5914993286, 63.3275184631, 44.9136962891, 45.4176826477], [253.899261475, 80.3960800171, 68.9528579712, 68.0869903564, 92.2672805786, 114.415008545, 97.3346099854, 122.724945068, 158.203979492, 89.2239990234, 53.6327514648, 49.9590072632, 41.0718231201], [210.240112305, 19.5050144196, 98.3838272095, 83.2294158936, 72.8280563354, 87.4309310913, 86.0913925171, 73.5914993286, 89.2239990234, 136.619659424, 60.2317314148, 52.6258163452, 34.8544921875], [140.147079468, 110.3620224, 34.08020401, 30.9652233124, 43.8515090942, 75.5442733765, 56.1355361938, 63.3275184631, 53.6327514648, 60.2317314148, 110.450744629, 45.359828949, 36.0109634399], [101.068450928, 13.8662824631, 97.9642715454, 85.3293685913, 79.3493118286, 65.4526596069, 51.7274208069, 44.9136962891, 49.9590072632, 52.6258163452, 45.359828949, 113.912658691, 43.9153137207], [103.752967834, 41.7287826538, 41.2222290039, 50.1948165894, 59.4930458069, 58.056892395, 45.2285881042, 45.4176826477, 41.0718231201, 34.8544921875, 36.0109634399, 43.9153137207, 101.124130249]],
        "icov": [[0.000465377001092, 0.000188607620657, -5.016322757e-05, 0.000167762264027, -0.000146903490531, -8.73087919899e-05, -0.000355613068677, -0.000522843445651, -3.00358260574e-05, -0.000119489901408, -0.000185051147128, 0.000158093753271, -3.70754205505e-05], [0.000188607620657, 0.00104206695687, 0.00052908458747, -0.000367947883205, -0.000180883333087, 0.000416674185544, -0.000359618250513, -0.000438761722762, -0.000431005173596, 0.000443286524387, -0.00122989050578, 0.000254851824138, -8.18935077405e-05], [-5.016322757e-05, 0.00052908458747, 0.0020225897897, -0.000625332235359, -0.000186030578334, -0.000257056060946, 0.00030370769673, 0.000317177502438, -0.000290837517241, -0.000584731751587, -0.000223997994908, -0.000808282522485, 4.82287068735e-05], [0.000167762264027, -0.000367947883205, -0.000625332235359, 0.00523076299578, -0.00295938691124, 0.000408938620239, -0.000145031139255, -0.000447224883828, 0.000907690031454, -0.00188715080731, 0.00132762978319, -0.00140499335248, -0.000170602361322], [-0.000146903490531, -0.000180883333087, -0.000186030578334, -0.00295938691124, 0.00608556577936, -0.00149696262088, -0.000612749659922, 0.00159851182252, -0.0018771274481, 0.00103677937295, 9.93898211163e-05, -0.000602941028774, -0.000763049290981], [-8.73087919899e-05, 0.000416674185544, -0.000257056060946, 0.000408938620239, -0.00149696262088, 0.00658055627719, -0.00185998040251, -0.00285457796417, -0.000121646495245, 0.000209554855246, -0.00155159668066, -0.000102052857983, -0.000389873457607], [-0.000355613068677, -0.000359618250513, 0.00030370769673, -0.000145031139255, -0.000612749659922, -0.00185998040251, 0.00930927786976, -0.00370779028162, 0.000927962246351, -0.0026489449665, 0.000945033272728, -0.000558439642191, -0.000166503683431], [-0.000522843445651, -0.000438761722762, 0.000317177502438, -0.000447224883828, 0.00159851182252, -0.00285457796417, -0.00370779028162, 0.012928634882, -0.00605107517913, 0.00171233445872, -0.000972164445557, 0.000127948049339, -0.000481566094095], [-3.00358260574e-05, -0.000431005173596, -0.000290837517241, 0.000907690031454, -0.0018771274481, -0.000121646495245, 0.000927962246351, -0.00605107517913, 0.0154183059931, -0.0063589150086, 0.000656382238958, -0.000874382501934, -0.000570944219362], [-0.000119489901408, 0.000443286524387, -0.000584731751587, -0.00188715080731, 0.00103677937295, 0.000209554855246, -0.0026489449665, 0.00171233445872, -0.0063589150086, 0.0157107375562, -0.00491842487827, -0.000899469305295, 0.000109958193207], [-0.000185051147128, -0.00122989050578, -0.000223997994908, 0.00132762978319, 9.93898211163e-05, -0.00155159668066, 0.000945033272728, -0.000972164445557, 0.000656382238958, -0.00491842487827, 0.0155805796385, -0.00326615036465, -0.00172533956356], [0.000158093753271, 0.000254851824138, -0.000808282522485, -0.00140499335248, -0.000602941028774, -0.000102052857983, -0.000558439642191, 0.000127948049339, -0.000874382501934, -0.000899469305295, -0.00326615036465, 0.0142991514876, -0.00301633495837], [-3.70754205505e-05, -8.18935077405e-05, 4.82287068735e-05, -0.000170602361322, -0.000763049290981, -0.000389873457607, -0.000166503683431, -0.000481566094095, -0.000570944219362, 0.000109958193207, -0.00172533956356, -0.00301633495837, 0.0131074963138]]
    },
    "spectral_contrast_coeffs": {
        "max": [-0.328349173069, -0.440353602171, -0.536900937557, -0.640953361988, -0.644061267376, -0.635552108288],
        "mean": [-0.607638657093, -0.689625203609, -0.767246603966, -0.814212024212, -0.802295386791, -0.78262168169],
        "min": [-0.879185259342, -0.917343378067, -0.904803156853, -0.911753416061, -0.88299292326, -0.876758575439],
        "stdev": [0.0951928719878, 0.0818178653717, 0.0600417517126, 0.0422965362668, 0.0340848527849, 0.0343995802104]
    },
    "spectral_contrast_valleys": {
        "max": [-4.59997320175, -4.52232885361, -5.17013883591, -6.02601718903, -6.55208873749, -7.56737756729],
        "mean": [-7.79716444016, -6.64806652069, -7.25652217865, -7.67646074295, -8.37536621094, -11.1274051666],
        "min": [-10.9076509476, -8.32151222229, -9.55428218842, -9.31189918518, -9.82475185394, -13.292347908],
        "stdev": [1.1638623476, 0.631313085556, 0.771634995937, 0.620374202728, 0.619046807289, 1.05752551556]
    }
},
"rhythm": {
    "beats_count": 56,
    "beats_loudness": {
        "max": 0.106041550636,
        "mean": 0.0297341365367,
        "min": 0.0025205113925,
        "stdev": 0.0249683111906
    },
    "bpm": 104.655456543,
    "bpm_histogram_first_peak_bpm": 105,
    "bpm_histogram_first_peak_weight": 0.388888835907,
    "bpm_histogram_second_peak_bpm": 117,
    "bpm_histogram_second_peak_spread": 0.363636314869,
    "bpm_histogram_second_peak_weight": 0.127272725105,
    "danceability": 1.04587447643,
    "onset_rate": 3.26074194908,
    "beats_loudness_band_ratio": {
        "max": [0.927607417107, 0.802411258221, 0.890881001949, 0.608958244324, 0.36125844717, 0.867565631866],
        "mean": [0.218105822802, 0.243889674544, 0.408856898546, 0.132696092129, 0.0371366478503, 0.0324994660914],
        "min": [0.00200252351351, 0.0238065514714, 0.00797913316637, 0.00405656732619, 0.00151485274546, 0.000307467154926],
        "stdev": [0.246056675911, 0.20057502389, 0.232495889068, 0.151561722159, 0.0537742078304, 0.125827342272]
    },
    "beats_position": [0.615328788757, 1.23065757751, 1.8111563921, 2.39165520668, 2.99537420273, 3.59909296036, 4.19120168686, 4.81814050674, 5.4334692955, 6.04879808426, 6.66412687302, 7.26784563065, 7.77868461609, 8.28952407837, 8.80036258698, 9.38086128235, 9.97297000885, 10.5418596268, 11.1223583221, 11.6912469864, 12.2601356506, 12.8290243149, 13.3979139328, 13.966802597, 14.5356912613, 15.1045799255, 15.6734695435, 16.2307472229, 16.7415866852, 17.2640361786, 17.786485672, 18.2973232269, 18.8081626892, 19.3190021515, 19.8414516449, 20.363899231, 20.94439888, 21.5248966217, 22.1053962708, 22.6742858887, 23.2431735992, 23.8236732483, 24.3925609589, 24.9614505768, 25.5419502258, 26.1224479675, 26.6913375854, 27.2602272034, 27.8291149139, 28.3980045319, 28.9668922424, 29.5357818604, 30.1046714783, 30.6735591888, 31.2540588379, 31.8229465485],
