{
"metadata": {
    "version": {
        "essentia": "2.1-beta5",
        "essentia_git_sha": "Undefined",
        "extractor": "music 2.0"
    },
    "audio_properties": {
        "analysis": {
            "equal_loudness": 0,
            "length": 12.7477550507,
            "sample_rate": 44100,
            "start_time": 0,
            "downmix": "mix"
        },
        "bit_rate": 192000,
        "length": 186.491088867,
        "lossless": 0,
        "number_channels": 2,
        "replay_gain": -0.0714797973633,
        "sample_rate": 48000,
        "codec": "mp3",
        "md5_encoded": "cceedd8c5b0fd6f1ee07246a53d5a1fb"
    },
    "tags": {
        "file_name": "Montenegro_The Real Thing_Highway.mp3",
        "encoding": ["Lavf58.29.100"]
    }
},
"lowlevel": {
    "average_loudness": 0.873434782028,
    "barkbands_crest": {
        "max": 21.777097702,
        "mean": 10.8133058548,
        "min": 2.91088008881,
        "stdev": 4.48947525024
    },
    "barkbands_flatness_db": {
        "max": 0.316937297583,
        "mean": 0.142882928252,
        "min": 0.0581523105502,
        "stdev": 0.0537471361458
    },
    "barkbands_kurtosis": {
        "max": 42.5139808655,
        "mean": 3.57030177116,
        "min": -1.54157292843,
        "stdev": 5.52428817749
    },
    "barkbands_skewness": {
        "max": 5.0614361763,
        "mean": 1.52479958534,
        "min": -2.02164936066,
        "stdev": 1.13383758068
    },
    "barkbands_spread": {
        "max": 61.5726966858,
        "mean": 22.2705860138,
        "min": 1.58297693729,
        "stdev": 12.3988752365
    },
    "dissonance": {
        "max": 0.499709904194,
        "mean": 0.476780444384,
        "min": 0.341527789831,
        "stdev": 0.0245681628585
    },
    "dynamic_complexity": 5.56858491898,
    "erbbands_crest": {
        "max": 26.2224979401,
        "mean": 7.907102108,
        "min": 2.3473277092,
        "stdev": 4.80303621292
    },
    "erbbands_flatness_db": {
        "max": 0.386126816273,
        "mean": 0.170603066683,
        "min": 0.0712499320507,
        "stdev": 0.0795493870974
    },
    "erbbands_kurtosis": {
        "max": 27.3252925873,
        "mean": 0.691158354282,
        "min": -1.55962073803,
        "stdev": 2.77890276909
    },
    "erbbands_skewness": {
        "max": 4.51813030243,
        "mean": 0.295355647802,
        "min": -1.16345953941,
        "stdev": 0.778809189796
    },
    "erbbands_spread": {
        "max": 92.6307754517,
        "mean": 37.5733299255,
        "min": 3.84569382668,
        "stdev": 21.4846897125
    },
    "hfc": {
        "max": 107.09021759,
        "mean": 22.6870918274,
        "min": 1.25816566684e-16,
        "stdev": 21.7612724304
    },
    "loudness_ebu128": {
        "integrated": -22.1109256744,
        "loudness_range": 8.34928131104,
        "momentary": {
            "max": -18.6097660065,
            "mean": -25.4022693634,
            "min": -55.1087112427,
            "stdev": 8.41586494446
        },
        "short_term": {
            "max": -19.7629547119,
            "mean": -23.078130722,
            "min": -29.8422698975,
            "stdev": 3.27068281174
        }
    },
    "melbands_crest": {
        "max": 34.8100242615,
        "mean": 14.6871776581,
        "min": 1.96285617352,
        "stdev": 6.26360988617
    },
    "melbands_flatness_db": {
        "max": 0.367027938366,
        "mean": 0.177943885326,
        "min": 0.00642448337749,
        "stdev": 0.0581910908222
    },
    "melbands_kurtosis": {
        "max": 88.6120986938,
        "mean": 14.7136545181,
        "min": -1.28299582005,
        "stdev": 17.8324813843
    },
    "melbands_skewness": {
        "max": 8.45591831207,
        "mean": 2.78410291672,
        "min": -0.486187696457,
        "stdev": 1.96184074879
    },
    "melbands_spread": {
        "max": 128.936523438,
        "mean": 22.7864303589,
        "min": 2.07957053185,
        "stdev": 15.6428670883
    },
    "pitch_salience": {
        "max": 0.897070288658,
        "mean": 0.562760829926,
        "min": 0.134972065687,
        "stdev": 0.142359822989
    },
    "silence_rate_20dB": {
        "max": 1,
        "mean": 1,
        "min": 1,
        "stdev": 0
    },
    "silence_rate_30dB": {
        "max": 1,
        "mean": 0.961818158627,
        "min": 0,
        "stdev": 0.191634699702
    },
    "silence_rate_60dB": {
        "max": 1,
        "mean": 0.14181818068,
        "min": 0,
        "stdev": 0.348862081766
    },
    "spectral_centroid": {
        "max": 11068.1796875,
        "mean": 1613.21887207,
        "min": 611.353027344,
        "stdev": 629.30065918
    },
    "spectral_complexity": {
        "max": 55,
        "mean": 22.9709091187,
        "min": 0,
        "stdev": 13.4982433319
    },
    "spectral_decrease": {
        "max": 1.14269853239e-28,
        "mean": -8.64892957253e-09,
        "min": -6.14108444097e-08,
        "stdev": 8.80582629037e-09
    },
    "spectral_energy": {
        "max": 0.236284077168,
        "mean": 0.0347008407116,
        "min": 1.09806400703e-20,
        "stdev": 0.0345741733909
    },
    "spectral_energyband_high": {
        "max": 0.00529626617208,
        "mean": 0.00114989699796,
        "min": 8.15199903044e-21,
        "stdev": 0.00113491190132
    },
    "spectral_energyband_low": {
        "max": 0.214879319072,
        "mean": 0.0208180751652,
        "min": 3.19763695081e-23,
        "stdev": 0.0287317335606
    },
    "spectral_energyband_middle_high": {
        "max": 0.0524349361658,
        "mean": 0.00638172402978,
        "min": 1.51522746698e-21,
        "stdev": 0.00916503742337
    },
    "spectral_energyband_middle_low": {
        "max": 0.0668794587255,
        "mean": 0.00750207901001,
        "min": 2.15269841667e-22,
        "stdev": 0.00836920086294
    },
    "spectral_entropy": {
        "max": 9.801404953,
        "mean": 7.81962108612,
        "min": 6.22778844833,
        "stdev": 0.41601601243
    },
    "spectral_flux": {
        "max": 0.383719325066,
        "mean": 0.0858590975404,
        "min": 1.04788545896e-10,
        "stdev": 0.0618913769722
    },
    "spectral_kurtosis": {
        "max": 46.0746917725,
        "mean": 4.85338401794,
        "min": -1.21152329445,
        "stdev": 6.62523317337
    },
    "spectral_rms": {
        "max": 0.0151829198003,
        "mean": 0.00494822114706,
        "min": 3.27304437893e-12,
        "stdev": 0.00306098093279
    },
    "spectral_rolloff": {
        "max": 18906.1523438,
        "mean": 1428.90515137,
        "min": 64.599609375,
        "stdev": 1420.44470215
    },
    "spectral_skewness": {
        "max": 4.80194234848,
        "mean": 1.48018360138,
        "min": -0.0148018486798,
        "stdev": 0.664163589478
    },
    "spectral_spread": {
        "max": 40780764,
        "mean": 4467753,
        "min": 1137107.375,
        "stdev": 2106029.75
    },
    "spectral_strongpeak": {
        "max": 13.4719343185,
        "mean": 0.885117888451,
        "min": 0,
        "stdev": 1.39611697197
    },
    "zerocrossingrate": {
        "max": 0.65380859375,
        "mean": 0.066718749702,
        "min": 0.0185546875,
        "stdev": 0.0439863316715
    },
    "barkbands": {
        "max": [0.0146408565342, 0.112921983004, 0.113211795688, 0.0446821376681, 0.0216898303479, 0.0180495176464, 0.00936492159963, 0.0266773924232, 0.0278453137726, 0.0160909648985, 0.00645014038309, 0.0327715091407, 0.0288933310658, 0.0269184019417, 0.00277431798168, 0.00531452754512, 0.00148043688387, 0.00232584844343, 0.00246760156006, 0.00172752432991, 0.00173346861266, 0.00117587659042, 0.00128350127488, 0.00130893476307, 0.000768582976889, 0.000268087605946, 4.66809751742e-06],
        "mean": [0.00101012585219, 0.0128753632307, 0.00584830436856, 0.00198570499197, 0.00148367136717, 0.000580020772759, 0.000644554034807, 0.000873180280905, 0.00178607366979, 0.000539227563422, 0.000524041301105, 0.00110286241397, 0.00128594029229, 0.00116984872147, 0.000321702944348, 0.000468533748062, 0.000252801488386, 0.000297715887427, 0.000369389454136, 0.000294689874863, 0.000256586179603, 0.000196729350137, 0.000205848831683, 0.000205863558222, 0.000106523286377, 1.55430479936e-05, 1.00904928857e-08],
        "min": [6.68155375265e-25, 1.01907931079e-23, 2.08128028301e-23, 4.69419057501e-24, 2.18641082922e-23, 1.41790916178e-23, 3.53958543402e-23, 3.9161586001e-23, 9.1229233023e-23, 6.30262565928e-23, 6.62225505868e-23, 1.02365557178e-22, 5.03296602301e-23, 1.41711957512e-22, 1.23414095313e-22, 1.11158137719e-22, 2.69662394305e-22, 1.7299972087e-22, 2.86652968834e-22, 3.02153265207e-22, 5.15940881409e-22, 4.94989896969e-22, 5.9381692705e-22, 7.45401005474e-22, 1.2104531136e-21, 2.29758805737e-21, 2.2425470232e-21],
        "stdev": [0.00217347196303, 0.0189481452107, 0.0119535857812, 0.00371058401652, 0.00249771331437, 0.00111146154813, 0.0010303677991, 0.00175726076122, 0.00282784318551, 0.000943753111642, 0.00077873194823, 0.00311632966623, 0.00307058775797, 0.00304726860486, 0.000309222989017, 0.00069241138408, 0.000240614608629, 0.000360764010111, 0.000396961870138, 0.000313855096465, 0.000261020381004, 0.000204632437089, 0.000228096279898, 0.000232014994253, 0.0001360688766, 2.9507360523e-05, 1.98818398189e-07]
    },
    "erbbands": {
        "max": [4.18206357956, 23.9060611725, 122.162460327, 86.7728805542, 124.952682495, 62.9225196838, 75.6770782471, 139.658721924, 152.252532959, 215.607971191, 676.989135742, 767.42578125, 377.134277344, 349.112670898, 778.205566406, 805.04901123, 753.77545166, 1616.44775391, 119.790290833, 207.309036255, 358.304321289, 100.128852844, 138.659332275, 122.477500916, 88.7358779907, 77.9636764526, 68.247215271, 47.1914558411, 47.0332794189, 40.1043243408, 36.5762863159, 30.044506073, 30.6994819641, 11.1732950211, 4.70190095901, 1.15126502514, 0.85751157999, 0.0203132331371, 0.000688604079187, 0.000265932787443],
        "mean": [0.417205959558, 2.66460251808, 6.81263303757, 6.98002481461, 5.98078870773, 4.27698373795, 4.42315578461, 5.05527830124, 7.96640729904, 12.762834549, 25.6591682434, 37.4024238586, 24.2782497406, 18.6688919067, 32.3754005432, 38.4780960083, 43.0782546997, 86.2908706665, 20.5903816223, 19.2288169861, 26.3314113617, 15.0981626511, 16.3244533539, 16.4272174835, 18.2702255249, 14.1944961548, 11.1741523743, 9.49116325378, 7.11274528503, 6.85636425018, 5.52321434021, 4.50898075104, 3.36486005783, 1.52077865601, 0.586181640625, 0.126085966825, 0.0204553864896, 0.000486816919874, 4.43868339062e-05, 4.4663407607e-05],
        "min": [4.61717233356e-22, 2.07468974142e-21, 1.65101485948e-20, 2.09537127622e-20, 3.8505732497e-20, 9.29545311956e-20, 5.50319642616e-20, 1.74519767633e-19, 3.50004182957e-19, 5.51157421481e-19, 1.51491346308e-18, 2.14103583363e-18, 1.97872728102e-18, 1.49810711759e-18, 2.97509879568e-18, 5.00136807561e-18, 2.57453038019e-18, 7.74194400363e-18, 6.13146222848e-18, 4.43332950049e-18, 8.60415819667e-18, 1.50991365259e-17, 1.00446154785e-17, 1.88246190385e-17, 9.42815829977e-18, 1.39846744322e-17, 1.73209453055e-17, 2.06269595664e-17, 2.09979285645e-17, 1.58854891577e-17, 1.79112759846e-17, 1.32257370474e-17, 1.338144139e-17, 1.35786122967e-17, 8.76393392225e-18, 8.11238526043e-18, 3.84700072125e-18, 1.55913733036e-18, 3.27564685794e-19, 3.55959695959e-20],
        "stdev": [0.689530491829, 4.08092308044, 13.3843736649, 11.1787128448, 12.6322078705, 7.09316396713, 7.04444742203, 9.22403335571, 13.7226076126, 19.8360729218, 51.4413833618, 66.8364334106, 33.4415130615, 26.1116943359, 66.8966293335, 103.750648499, 85.7105560303, 214.192428589, 19.8250465393, 20.0779647827, 42.291557312, 14.151676178, 18.9389648438, 17.7225437164, 19.5653648376, 14.7937393188, 11.1617240906, 9.79335689545, 7.47187519073, 7.39524269104, 6.21907663345, 4.97990846634, 4.06963634491, 1.83467936516, 0.849009871483, 0.181759476662, 0.0640792399645, 0.00139500724617, 6.12946314504e-05, 4.22006269218e-05]
    },
    "gfcc": {
        "mean": [-39.3154411316, 88.3327484131, -147.847244263, 33.9492492676, -71.4864883423, 26.7466545105, -37.9065742493, 13.8436841965, -14.9489307404, -1.06482839584, -12.352558136, -12.2096662521, -4.57037782669],
        "cov": [[25213.3125, 62.4350662231, 3394.89013672, 4260.34130859, 1225.59838867, 2472.67407227, 837.23034668, 1030.7479248, -767.622070312, 677.468200684, 127.263671875, 319.759979248, -361.114379883], [62.4350662231, 704.976806641, -468.777954102, -369.576141357, -96.7444839478, -310.362976074, 42.1743202209, -108.200515747, 257.958496094, -121.936065674, 50.1055335999, -90.9934387207, 172.921325684], [3394.89013672, -468.777954102, 1610.96154785, 1327.58007812, 436.028167725, 705.587158203, 155.854721069, 336.036682129, -366.654663086, 239.210525513, -9.75070285797, 165.673950195, -205.716506958], [4260.34130859, -369.576141357, 1327.58007812, 1492.32946777, 397.096496582, 736.937988281, 210.481185913, 292.069885254, -302.538391113, 203.505004883, 35.7211265564, 133.156295776, -154.506072998], [1225.59838867, -96.7444839478, 436.028167725, 397.096496582, 354.267303467, 297.760437012, 102.521835327, 116.405342102, -129.03036499, 86.6427688599, 35.6723098755, 68.8205490112, -69.4465484619], [2472.67407227, -310.362976074, 705.587158203, 736.937988281, 297.760437012, 550.838928223, 130.643661499, 183.799530029, -231.872573853, 147.16355896, 19.3362808228, 90.1656951904, -135.263977051], [837.23034668, 42.1743202209, 155.854721069, 210.481185913, 102.521835327, 130.643661499, 175.010162354, 64.0810165405, 22.3110580444, 26.0136547089, 51.7808151245, 21.1340484619, 9.86164855957], [1030.7479248, -108.200515747, 336.036682129, 292.069885254, 116.405342102, 183.799530029, 64.0810165405, 134.571105957, -59.7563591003, 70.8112411499, 7.89495897293, 45.4953804016, -37.4249076843], [-767.622070312, 257.958496094, -366.654663086, -302.538391113, -129.03036499, -231.872573853, 22.3110580444, -59.7563591003, 247.804534912, -57.7206993103, 22.2445545197, -58.5299987793, 120.643638611], [677.468200684, -121.936065674, 239.210525513, 203.505004883, 86.6427688599, 147.16355896, 26.0136547089, 70.8112411499, -57.7206993103, 94.9951324463, 26.3450698853, 45.5008811951, -44.6970481873], [127.263671875, 50.1055335999, -9.75070285797, 35.7211265564, 35.6723098755, 19.3362808228, 51.7808151245, 7.89495897293, 22.2445545197, 26.3450698853, 81.6857681274, 29.0760135651, 22.7207508087], [319.759979248, -90.9934387207, 165.673950195, 133.156295776, 68.8205490112, 90.1656951904, 21.1340484619, 45.4953804016, -58.5299987793, 45.5008811951, 29.0760135651, 70.6518630981, -15.809800148], [-361.114379883, 172.921325684, -205.716506958, -154.506072998, -69.4465484619, -135.263977051, 9.86164855957, -37.4249076843, 120.643638611, -44.6970481873, 22.7207508087, -15.809800148, 112.665306091]],
        "icov": [[0.000161180883879, -0.000628975452855, 0.000316490681143, -0.000436623493442, 0.000262834655587, -0.000461779563921, -0.000113528272777, -0.000502870767377, 0.000358347635483, -0.000774076441303, 0.000709718849976, -0.000255051389104, 4.18579184043e-05], [-0.000628975452855, 0.00597002962604, -0.00160812295508, 0.00175302103162, -0.00224577146582, 0.00274960929528, 0.000102052166767, 0.00221743062139, -0.00235888571478, 0.00513898441568, -0.00547507731244, 0.00459612673149, -0.00275289779529], [0.000316490681143, -0.00160812295508, 0.0047612618655, -0.00372290192172, -0.000302056607325, 0.000917887431569, -0.000886673573405, -0.00365825812332, 0.00228566792794, -0.0046230382286, 0.00509863346815, -0.00288166711107, 0.00113478535786], [-0.000436623493442, 0.00175302103162, -0.00372290192172, 0.00535265821964, 0.000169290593476, -0.00243854615837, 0.0002482625423, 0.00183720327914, -0.00121754675638, 0.0039790016599, -0.00435258401558, 0.00240885582753, -0.0016838851152], [0.000262834655587, -0.00224577146582, -0.000302056607325, 0.000169290593476, 0.00684132706374, -0.00365747488104, -0.00122124794871, -0.00153729808517, 0.0015152990818, -0.000984375015832, 6.75197225064e-05, -0.00223701773211, 0.00105138833169], [-0.000461779563921, 0.00274960929528, 0.000917887431569, -0.00243854615837, -0.00365747488104, 0.013585889712, -0.00438277004287, -0.000994962756522, 0.00422027660534, -0.00460734590888, 0.00072415091563, 0.00255186273716, 0.000606285349932], [-0.000113528272777, 0.000102052166767, -0.000886673573405, 0.0002482625423, -0.00122124794871, -0.00438277004287, 0.0138663407415, -0.0032702581957, -0.00627658423036, 0.00842650327832, -0.00859645940363, 0.000294781289995, 0.0017253117403], [-0.000502870767377, 0.00221743062139, -0.00365825812332, 0.00183720327914, -0.00153729808517, -0.000994962756522, -0.0032702581957, 0.0234766770154, -0.00403428636491, -0.0045855473727, 0.00311361439526, -0.00319955707528, -0.00180887477472], [0.000358347635483, -0.00235888571478, 0.00228566792794, -0.00121754675638, 0.0015152990818, 0.00422027660534, -0.00627658423036, -0.00403428636491, 0.0182593706995, -0.0106373596936, 0.00289289257489, 0.00827826466411, -0.0107113784179], [-0.000774076441303, 0.00513898441568, -0.0046230382286, 0.0039790016599, -0.000984375015832, -0.00460734590888, 0.00842650327832, -0.0045855473727, -0.0106373596936, 0.0394174158573, -0.0183334313333, -0.00403710501269, 0.00840709358454], [0.000709718849976, -0.00547507731244, 0.00509863346815, -0.00435258401558, 6.75197225064e-05, 0.00072415091563, -0.00859645940363, 0.00311361439526, 0.00289289257489, -0.0183334313333, 0.0327729098499, -0.0142292911187, -0.00226053991355], [-0.000255051389104, 0.00459612673149, -0.00288166711107, 0.00240885582753, -0.00223701773211, 0.00255186273716, 0.000294781289995, -0.00319955707528, 0.00827826466411, -0.00403710501269, -0.0142292911187, 0.0370506383479, -0.0116311414167], [4.18579184043e-05, -0.00275289779529, 0.00113478535786, -0.0016838851152, 0.00105138833169, 0.000606285349932, 0.0017253117403, -0.00180887477472, -0.0107113784179, 0.00840709358454, -0.00226053991355, -0.0116311414167, 0.027251008898]]
    },
    "melbands": {
        "max": [0.0350998006761, 0.0513928979635, 0.0154679492116, 0.00552976550534, 0.00258357869461, 0.00339219113812, 0.00217963848263, 0.00305458833463, 0.00682157371193, 0.00422456301749, 0.00193034438416, 0.00163288216572, 0.00149740278721, 0.00428202748299, 0.00119708909187, 0.00306000909768, 0.00273559475318, 0.000180886097951, 0.000186217963346, 0.000260843022261, 0.000452151434729, 0.000103942053101, 8.7321648607e-05, 0.000162398820976, 9.89070977084e-05, 9.52573973336e-05, 6.73572430969e-05, 6.12026778981e-05, 3.73841758119e-05, 6.23014420853e-05, 3.49056899722e-05, 3.06886686303e-05, 2.36937048612e-05, 2.75795300695e-05, 2.51433739322e-05, 2.12289833144e-05, 2.13012517634e-05, 2.66137049039e-05, 1.29418476718e-05, 1.24483949548e-05],
        "mean": [0.0036010320764, 0.00349962618202, 0.00119892158546, 0.000346026849002, 0.000164247045177, 0.000112567686301, 0.000126393875689, 0.000150755164213, 0.000238870678004, 0.000232431862969, 0.000117260460684, 7.32107291697e-05, 8.6931118858e-05, 0.000149546773173, 4.36096524936e-05, 0.000171602601768, 0.000145491125295, 3.0156747016e-05, 2.46490089921e-05, 2.80387521343e-05, 2.99862495012e-05, 1.45453532241e-05, 1.44206205732e-05, 1.4916661712e-05, 1.28619412862e-05, 1.46539969137e-05, 1.09261291072e-05, 9.26570737647e-06, 7.01159433447e-06, 6.39781001155e-06, 5.26931398781e-06, 3.96785935664e-06, 3.74324918084e-06, 3.89757406083e-06, 3.23618610309e-06, 2.93390348816e-06, 2.59797184299e-06, 2.58523027696e-06, 1.61861714787e-06, 1.17251295251e-06],
        "min": [3.42899652256e-24, 6.30752432773e-24, 4.40154092855e-24, 4.83370693699e-24, 2.51678774847e-24, 3.51442463657e-24, 6.36266018298e-24, 6.10598811582e-24, 1.48271061416e-23, 1.17535518047e-23, 1.00860536789e-23, 6.30798186705e-24, 9.96504399377e-24, 1.33849974093e-23, 7.14422649141e-24, 6.02625005552e-24, 1.53531012382e-23, 8.94526141348e-24, 8.31912358035e-24, 4.35213457005e-24, 1.16431570319e-23, 1.79733453334e-23, 9.04926325751e-24, 1.03253704117e-23, 1.65956423609e-23, 5.79806612222e-24, 7.85973595422e-24, 9.49229227504e-24, 1.15601601872e-23, 1.03026740946e-23, 1.22924368885e-23, 1.18932511824e-23, 9.68349007036e-24, 9.00102835746e-24, 1.18355318077e-23, 6.82870973945e-24, 8.56040615454e-24, 9.10348245638e-24, 1.03148848726e-23, 1.22198198756e-23],
        "stdev": [0.00543527817354, 0.00587443541735, 0.00187207909767, 0.000625693704933, 0.000250030396273, 0.000214413768845, 0.000210160724237, 0.000243554022745, 0.00049153692089, 0.000386675383197, 0.000166263766005, 0.000112170288048, 0.000151665968588, 0.000423096731538, 8.97737409105e-05, 0.000397014198825, 0.000363470520824, 2.89394483843e-05, 2.34724811889e-05, 3.34195938194e-05, 5.03172414028e-05, 1.40070442285e-05, 1.45155336213e-05, 2.1092573661e-05, 1.42257104017e-05, 1.61027819559e-05, 1.23659410747e-05, 9.96054131974e-06, 7.21233845979e-06, 7.30741294319e-06, 5.70157089896e-06, 4.36151822214e-06, 4.0615582293e-06, 4.35754873251e-06, 3.82536700272e-06, 3.27785187437e-06, 2.95225163427e-06, 3.30716125063e-06, 1.91188564713e-06, 1.51045617258e-06]
    },
    "melbands128": {
        "max": [0.0145165473223, 0.0395786315203, 0.049614302814, 0.0486315526068, 0.0701884478331, 0.051790073514, 0.0184403825551, 0.0254840441048, 0.014795826748, 0.00587201025337, 0.00424419343472, 0.00308986799791, 0.00292644603178, 0.00381055171601, 0.00166170741431, 0.00527529232204, 0.0033605247736, 0.00200303317979, 0.00228883163072, 0.00379146868363, 0.00544088473544, 0.00756689626724, 0.0100697530434, 0.00966721400619, 0.00849631149322, 0.00447707530111, 0.0026884409599, 0.00180002569687, 0.00308002438396, 0.00263835163787, 0.00103856122587, 0.000962096906733, 0.00109666329809, 0.00178986089304, 0.0113410232589, 0.00523147406057, 0.00208777491935, 0.00188178825192, 0.000548872107174, 0.00186662818305, 0.00589969707653, 0.00958810094744, 0.00438321940601, 0.000414180365624, 0.000453471933724, 0.000402033794671, 0.000260891159996, 0.00021057005506, 0.000295121048111, 0.000598863814957, 0.000302752567222, 0.000691947701853, 0.00110000977293, 0.000272914854577, 0.000114039510663, 0.000139878087793, 0.000107136678707, 0.000112427347631, 0.00013242381101, 0.000137933995575, 0.00031663957634, 0.000227606666158, 0.000107521249447, 0.000107913998363, 0.0002147173509, 0.000123669757158, 0.000134060537675, 0.000133036024636, 8.33533267723e-05, 0.000113555841381, 8.06313037174e-05, 9.48221422732e-05, 0.000107385363663, 5.22029840795e-05, 8.03470684332e-05, 0.000128010011395, 4.8854144552e-05, 4.00470744353e-05, 6.59434954287e-05, 4.83619478473e-05, 3.61838829122e-05, 4.14828791691e-05, 2.99020266539e-05, 2.73455698334e-05, 2.81549509964e-05, 3.70272318833e-05, 3.43257306668e-05, 3.72126596631e-05, 3.10386676574e-05, 2.55888116953e-05, 3.02112784993e-05, 2.31097856158e-05, 3.64704683307e-05, 4.31226399087e-05, 1.57209415192e-05, 1.75751774805e-05, 6.13499505562e-05, 1.68642054632e-05, 1.55562120199e-05, 1.61831285368e-05, 1.38220566441e-05, 2.31314770645e-05, 1.03916499938e-05, 1.18526950246e-05, 1.00094375739e-05, 5.41423605682e-06, 5.06179867443e-06, 2.7289040645e-06, 2.55380359704e-06, 3.09859478875e-06, 5.09692245032e-06, 8.16371721157e-06, 3.14271915158e-06, 5.08892874507e-08, 2.38839383826e-08, 2.30554775271e-08, 2.24420837469e-08, 2.17981579453e-08, 2.11975930142e-08, 2.06990460327e-08, 2.02074392774e-08, 1.97486613729e-08, 1.93129903181e-08, 1.90040090331e-08, 1.8744264807e-08, 1.85326083368e-08, 1.83559585309e-08, 1.82657462489e-08],
        "mean": [0.000938879791647, 0.00352670205757, 0.00433964841068, 0.0044787642546, 0.003865650855, 0.00264636031352, 0.00144359911792, 0.000898806785699, 0.000604083004873, 0.00027891586069, 0.00021895908867, 0.000200750495424, 0.000150273670442, 0.000118000425573, 0.000108079148049, 0.000117218587548, 0.000106102997961, 0.000139648895129, 0.000131655091536, 0.000132337154355, 0.000165582634509, 0.000195575892576, 0.000214668500121, 0.000334980257321, 0.000271809403785, 0.0001665213058, 0.000209057572647, 8.0518067989e-05, 8.51875593071e-05, 7.59539543651e-05, 6.82549289195e-05, 6.91470704623e-05, 7.36746951588e-05, 8.99005171959e-05, 0.000196478475118, 0.000182024014066, 5.82943503105e-05, 2.9575157896e-05, 3.43245555996e-05, 5.45335824427e-05, 0.000174989065272, 0.00041165627772, 0.000135039983434, 3.18871789204e-05, 4.35623041994e-05, 2.43650374614e-05, 2.50730554399e-05, 2.36066407524e-05, 2.47037060035e-05, 2.63726324192e-05, 2.32284037338e-05, 3.3971038647e-05, 4.52257299912e-05, 2.01929760806e-05, 1.51141821334e-05, 1.3469566511e-05, 1.47583441503e-05, 1.53104010678e-05, 1.35543923534e-05, 1.42752378451e-05, 1.71747433342e-05, 1.32317409225e-05, 1.16265709948e-05, 1.0677784303e-05, 1.88042286027e-05, 1.36406706588e-05, 1.37720380735e-05, 1.367162713e-05, 9.11390998226e-06, 9.07294179342e-06, 9.33806404646e-06, 9.9076778497e-06, 7.87210956332e-06, 5.96799327468e-06, 6.23451251158e-06, 7.68199333834e-06, 5.68739187656e-06, 5.29473163624e-06, 5.8603668549e-06, 4.3343852667e-06, 4.03025660489e-06, 3.87126647183e-06, 3.6588248804e-06, 3.77586661671e-06, 3.72409999727e-06, 3.81506697522e-06, 4.08739606428e-06, 3.84343093174e-06, 3.10087580147e-06, 2.85098440145e-06, 3.01122713608e-06, 2.75057618637e-06, 3.16909745379e-06, 2.69153952104e-06, 2.18673199015e-06, 2.29278361985e-06, 3.35180448019e-06, 2.02954652195e-06, 1.51372819346e-06, 1.3975411548e-06, 1.33893115617e-06, 1.14442309496e-06, 9.75287093752e-07, 8.5592182586e-07, 6.91744787673e-07, 4.58217044752e-07, 3.90056442257e-07, 2.54637853914e-07, 1.83356405614e-07, 1.01047263001e-07, 1.35940311452e-07, 1.65320614087e-07, 1.44164022942e-08, 4.43451692034e-10, 1.92504137631e-10, 1.46854972627e-10, 6.24903045976e-11, 4.57381424401e-11, 4.4896589918e-11, 4.35552323375e-11, 4.22804569133e-11, 4.1350201041e-11, 4.04669214804e-11, 3.97930507989e-11, 3.90162381569e-11, 3.81776485425e-11, 3.76032330274e-11, 3.73846474611e-11],
        "min": [4.11448573571e-25, 3.83876795319e-24, 5.23852511e-24, 1.76850269277e-24, 6.1566002482e-24, 1.11247499883e-23, 3.61345586802e-24, 3.37941740352e-24, 3.32365992588e-24, 5.18927849584e-24, 5.97319284875e-24, 3.57557831723e-24, 1.43253560932e-24, 9.20168282009e-25, 4.40262285128e-24, 4.54132550323e-24, 3.56833854627e-24, 5.17760256558e-24, 1.28199363429e-23, 3.66466832356e-24, 3.18861443309e-24, 1.14781068201e-23, 1.34872116945e-23, 2.23761752607e-23, 1.93169663593e-23, 3.79559201813e-24, 4.37136266019e-24, 9.41852825838e-24, 1.99351508968e-23, 3.6776521852e-24, 2.28880655243e-24, 7.54369066545e-24, 1.72268367925e-23, 4.7142327696e-24, 5.44620694279e-24, 2.42349461235e-23, 1.38683750845e-23, 3.30245317538e-24, 5.11632424489e-24, 4.66750893261e-24, 4.76739134499e-24, 8.71055320607e-24, 2.59744759274e-23, 9.62751723369e-24, 7.7392342955e-24, 9.79987860832e-24, 9.30335456622e-24, 1.16608267273e-23, 5.41771604791e-24, 5.0365577856e-24, 2.50184869508e-24, 5.94017073683e-24, 8.981044933e-24, 1.36415759965e-23, 1.84373343852e-23, 2.49709927912e-23, 7.64138872198e-24, 1.51040704722e-23, 6.39048961799e-24, 4.85157424206e-24, 1.21201583443e-23, 7.11358950043e-24, 2.85160974116e-23, 1.65725240032e-23, 3.4544806741e-24, 6.51701344086e-24, 6.39768955147e-24, 3.83777714389e-24, 1.22750945704e-23, 7.45352149741e-24, 7.41442712866e-24, 1.19169241093e-23, 1.21032909204e-23, 1.27426910831e-23, 8.63166474897e-24, 8.3816849833e-24, 1.27332949608e-23, 1.18987463874e-23, 1.47564762693e-23, 8.81400679177e-24, 9.69768956666e-24, 1.80542067316e-23, 8.42625325786e-24, 1.06133787951e-23, 7.06615766078e-24, 7.00023807696e-24, 8.47574244675e-24, 1.5388877658e-23, 1.19955940519e-23, 1.03718280082e-23, 7.54789450522e-24, 4.33870815744e-24, 7.99455228292e-24, 1.01274231225e-23, 6.56620956792e-24, 1.04889643862e-23, 1.0175876537e-23, 5.79773598393e-24, 1.21976039748e-23, 1.26824931074e-23, 7.71209826922e-24, 1.54353541871e-23, 1.21557683144e-23, 9.70784930626e-24, 1.04825564691e-23, 6.96321210151e-24, 8.99428832988e-24, 1.00069080531e-23, 2.48281632134e-23, 1.27205272471e-23, 7.02492705671e-24, 9.68360682178e-24, 1.21278623599e-23, 1.23351592286e-23, 2.16574535563e-23, 1.61425222347e-23, 8.4608014212e-24, 9.4218753952e-24, 9.30850582793e-24, 1.15427263612e-23, 9.00567790363e-24, 1.03195060198e-23, 9.98727803838e-24, 1.13405286894e-23, 1.02266673464e-23, 1.00615840025e-23, 1.00124072025e-23, 1.08703636456e-23],
        "stdev": [0.00203028740361, 0.00650850636885, 0.00692886067554, 0.00733360368758, 0.00778115540743, 0.00523509224877, 0.00245987228118, 0.00190947460942, 0.00147799041588, 0.000586376001593, 0.000436430214904, 0.000333641801262, 0.000268219795544, 0.000269686832326, 0.00018314521003, 0.000293130258797, 0.000248172087595, 0.000250045268331, 0.00022533077572, 0.000261150620645, 0.000355575903086, 0.000444500474259, 0.000599212944508, 0.00075327855302, 0.000660109799355, 0.000323917774949, 0.000340848608175, 0.000134275498567, 0.00018476342666, 0.000157670583576, 0.000111623994599, 0.000115733404527, 0.000126593236928, 0.000199126618099, 0.000773049308918, 0.000638860801701, 0.0001942555391, 9.11298484425e-05, 6.23669548077e-05, 0.000155625370098, 0.000515301770065, 0.00118748948444, 0.000439896131866, 4.80689559481e-05, 6.13493903074e-05, 3.23316417052e-05, 2.94113651762e-05, 2.5098444894e-05, 3.10911491397e-05, 4.28996463597e-05, 3.19810933433e-05, 6.38882775092e-05, 0.000112530942715, 2.71234148386e-05, 1.88642679859e-05, 1.53257897182e-05, 1.73495936906e-05, 1.86207671504e-05, 1.68421283888e-05, 1.97633380594e-05, 3.33310708811e-05, 2.1028537958e-05, 1.56380192493e-05, 1.3723891243e-05, 2.6531282856e-05, 1.69317372638e-05, 1.84469026863e-05, 1.79875187314e-05, 1.23870258903e-05, 1.22256496979e-05, 1.18035586638e-05, 1.26842551254e-05, 1.07050154838e-05, 7.05132606527e-06, 7.76042816142e-06, 1.17319059427e-05, 6.72226997267e-06, 6.44460669719e-06, 7.69487905927e-06, 5.23795551999e-06, 5.04919762534e-06, 4.83831217934e-06, 4.29814417657e-06, 4.66491246698e-06, 4.41096881332e-06, 4.86259432364e-06, 4.95864060213e-06, 5.20297498952e-06, 4.18715126216e-06, 3.68024348063e-06, 3.69845611203e-06, 3.35602067025e-06, 4.13394354837e-06, 3.80124924959e-06, 2.57702822637e-06, 2.71757403425e-06, 5.82102575208e-06, 2.4599291919e-06, 1.9566609808e-06, 2.02628075385e-06, 1.73262787939e-06, 1.83374538665e-06, 1.52159407207e-06, 1.43887814374e-06, 1.20410902582e-06, 7.08271443273e-07, 6.09055973655e-07, 3.99576634891e-07, 2.89423581989e-07, 2.11971126873e-07, 3.88982186905e-07, 6.54360349017e-07, 1.49083987822e-07, 3.15283354979e-09, 1.18106868729e-09, 1.06227426855e-09, 9.58541579443e-10, 9.28414678469e-10, 9.02818264592e-10, 8.81596629032e-10, 8.60668147862e-10, 8.41127056894e-10, 8.22569679038e-10, 8.09410871661e-10, 7.98357713272e-10, 7.89359688724e-10, 7.81844589071e-10, 7.78003550472e-10]
    },
    "mfcc": {
        "mean": [-661.844116211, 105.256919861, -13.3007202148, 6.03081655502, -2.81418824196, 3.91362714767, -3.24835443497, 5.00715112686, 4.30260848999, 9.11062908173, 1.58119320869, 1.00795757771, -3.99613189697],
        "cov": [[20147.6210938, -1307.38586426, 3080.33081055, 2420.89624023, 1570.55615234, 1786.02490234, 2081.86352539, 1035.10778809, 441.487640381, 513.128540039, 380.395355225, 520.631713867, 384.860443115], [-1307.38586426, 953.461425781, -749.753662109, -433.468536377, -335.039306641, -348.374084473, -429.111083984, -144.840103149, 28.0318660736, -18.0880355835, -54.3702583313, -65.4429321289, -62.6407966614], [3080.33081055, -749.753662109, 1280.81506348, 777.974609375, 508.518615723, 459.787780762, 581.453979492, 237.877563477, 49.5383338928, 78.206413269, 101.670799255, 87.7740936279, 98.0658035278], [2420.89624023, -433.468536377, 777.974609375, 653.991149902, 370.364532471, 340.841674805, 417.762542725, 191.504104614, 46.2170944214, 65.0780181885, 73.6869888306, 74.4956893921, 76.8089981079], [1570.55615234, -335.039306641, 508.518615723, 370.364532471, 398.450714111, 275.085327148, 355.991119385, 126.290756226, 17.0823497772, 23.114156723, 54.8350524902, 58.153011322, 56.0539855957], [1786.02490234, -348.374084473, 459.787780762, 340.841674805, 275.085327148, 331.282745361, 351.9324646, 147.034332275, 17.7983531952, 42.8751029968, 61.424621582, 67.3806991577, 55.0798072815], [2081.86352539, -429.111083984, 581.453979492, 417.762542725, 355.991119385, 351.9324646, 513.694641113, 191.96762085, -1.40783894062, 30.6075782776, 86.5882644653, 81.3014984131, 74.76537323], [1035.10778809, -144.840103149, 237.877563477, 191.504104614, 126.290756226, 147.034332275, 191.96762085, 124.497138977, 36.4466171265, 32.4365158081, 34.8662033081, 34.7393760681, 33.2061691284], [441.487640381, 28.0318660736, 49.5383338928, 46.2170944214, 17.0823497772, 17.7983531952, -1.40783894062, 36.4466171265, 88.8433761597, 45.5104026794, 0.364807009697, 8.5270614624, 6.36044359207], [513.128540039, -18.0880355835, 78.206413269, 65.0780181885, 23.114156723, 42.8751029968, 30.6075782776, 32.4365158081, 45.5104026794, 62.0200424194, 23.6172275543, 19.4673099518, 7.65183782578], [380.395355225, -54.3702583313, 101.670799255, 73.6869888306, 54.8350524902, 61.424621582, 86.5882644653, 34.8662033081, 0.364807009697, 23.6172275543, 61.9078025818, 35.5819587708, 17.9047222137], [520.631713867, -65.4429321289, 87.7740936279, 74.4956893921, 58.153011322, 67.3806991577, 81.3014984131, 34.7393760681, 8.5270614624, 19.4673099518, 35.5819587708, 57.8865661621, 25.445318222], [384.860443115, -62.6407966614, 98.0658035278, 76.8089981079, 56.0539855957, 55.0798072815, 74.76537323, 33.2061691284, 6.36044359207, 7.65183782578, 17.9047222137, 25.445318222, 49.3161430359]],
        "icov": [[0.000153547225636, -0.000219968656893, -0.000147478218423, -0.000127208375488, 0.00010527534323, -0.000369145040167, -0.000287039554678, -9.22038234421e-05, -0.000137440001708, -0.00052242167294, 0.000517259642947, -0.000590401061345, 1.92017960217e-05], [-0.000219968656893, 0.00272181513719, 0.00157913553994, -0.000435960042523, -0.000319642829709, 0.0017290445976, 0.00087887380505, -0.000100779805507, -0.00121450750157, 0.000835185928736, -0.00214828643948, 0.00164652976673, -0.000162189287948], [-0.000147478218423, 0.00157913553994, 0.00415610568598, -0.00320631591603, -0.000683785707224, 0.000622081453912, -0.000614535063505, 0.00121433252934, -0.00122310651932, 0.000196815133677, -0.00195676251315, 0.00251622241922, -0.000378192780772], [-0.000127208375488, -0.000435960042523, -0.00320631591603, 0.00748529657722, -0.00184076162986, -0.000747489451896, 0.000902450119611, -0.00334495841525, 0.00143444666173, -0.00149486307055, 0.000869457493536, -0.000429289299063, -0.00107944419142], [0.00010527534323, -0.000319642829709, -0.000683785707224, -0.00184076162986, 0.00908739585429, -0.00286990264431, -0.00456792116165, 0.00448055611923, -0.00375140481628, 0.00320688472129, 0.00020115134248, -0.000621645536739, 1.76742050826e-05], [-0.000369145040167, 0.0017290445976, 0.000622081453912, -0.000747489451896, -0.00286990264431, 0.0158773940057, -0.00449652131647, -0.00340248900466, 0.00206303573214, -0.00371869420633, 0.000943875696976, -0.00182271515951, 0.000549783639144], [-0.000287039554678, 0.00087887380505, -0.000614535063505, 0.000902450119611, -0.00456792116165, -0.00449652131647, 0.0148075204343, -0.0105605330318, 0.00592240737751, 0.00300545035861, -0.00476178620011, 0.000506378943101, -0.00171379942913], [-9.22038234421e-05, -0.000100779805507, 0.00121433252934, -0.00334495841525, 0.00448055611923, -0.00340248900466, -0.0105605330318, 0.030879534781, -0.0126082133502, 0.00207611266524, -0.00225620577112, 0.00224120356143, -0.00172126176767], [-0.000137440001708, -0.00121450750157, -0.00122310651932, 0.00143444666173, -0.00375140481628, 0.00206303573214, 0.00592240737751, -0.0126082133502, 0.0273171309382, -0.0179877448827, 0.00848471280187, -0.00200928235427, -0.00157729897182], [-0.00052242167294, 0.000835185928736, 0.000196815133677, -0.00149486307055, 0.00320688472129, -0.00371869420633, 0.00300545035861, 0.00207611266524, -0.0179877448827, 0.0392911955714, -0.0150376725942, 0.000170466591953, 0.00322379497811], [0.000517259642947, -0.00214828643948, -0.00195676251315, 0.000869457493536, 0.00020115134248, 0.000943875696976, -0.00476178620011, -0.00225620577112, 0.00848471280187, -0.0150376725942, 0.035115018487, -0.0163321681321, 0.000143784447573], [-0.000590401061345, 0.00164652976673, 0.00251622241922, -0.000429289299063, -0.000621645536739, -0.00182271515951, 0.000506378943101, 0.00224120356143, -0.00200928235427, 0.000170466591953, -0.0163321681321, 0.0364706516266, -0.009825787507], [1.92017960217e-05, -0.000162189287948, -0.000378192780772, -0.00107944419142, 1.76742050826e-05, 0.000549783639144, -0.00171379942913, -0.00172126176767, -0.00157729897182, 0.00322379497811, 0.000143784447573, -0.009825787507, 0.0301985498518]]
    },
    "spectral_contrast_coeffs": {
        "max": [-0.484597533941, -0.60102391243, -0.600515067577, -0.638766884804, -0.727419674397, -0.594850897789],
        "mean": [-0.720223963261, -0.804636657238, -0.788016498089, -0.81658667326, -0.809896767139, -0.753710865974],
        "min": [-0.943088114262, -0.96891361475, -0.967361569405, -0.959606647491, -0.955035686493, -0.959431946278],
        "stdev": [0.0656441450119, 0.0597726143897, 0.0552945882082, 0.0492346286774, 0.0297186356038, 0.0410482734442]
    },
    "spectral_contrast_valleys": {
        "max": [-4.95220136642, -4.52048969269, -5.48576068878, -5.72830486298, -6.01017284393, -8.26881694794],
        "mean": [-7.53126335144, -6.70340108871, -7.26787996292, -7.36175537109, -7.64659357071, -10.4703464508],
        "min": [-27.8022861481, -26.7266349792, -27.1872138977, -27.201253891, -27.3759307861, -27.238035202],
        "stdev": [2.18757748604, 1.40987050533, 1.41391181946, 1.38721907139, 1.64745628834, 1.86081564426]
    }
},
"rhythm": {
    "beats_count": 24,
    "beats_loudness": {
        "max": 0.172833308578,
        "mean": 0.041736703366,
        "min": 7.42596694181e-06,
        "stdev": 0.0408868864179
    },
    "bpm": 117.118659973,
    "bpm_histogram_first_peak_bpm": 117,
    "bpm_histogram_first_peak_weight": 0.217391312122,
    "bpm_histogram_second_peak_bpm": 0,
    "bpm_histogram_second_peak_spread": 0,
    "bpm_histogram_second_peak_weight": 0,
    "danceability": 0.790511012077,
    "onset_rate": 2.7430832386,
    "beats_loudness_band_ratio": {
        "max": [0.936659991741, 0.461056947708, 0.936221241951, 0.617588877678, 0.39732465148, 0.174580067396],
        "mean": [0.455443352461, 0.0767158046365, 0.253807157278, 0.125975862145, 0.0694147348404, 0.0376793406904],
        "min": [0.00048070657067, 0.00504285516217, 0.0188195388764, 0.0123676592484, 0.00682407431304, 0.000348607834894],
        "stdev": [0.366912871599, 0.103145517409, 0.283915400505, 0.134694427252, 0.0884476304054, 0.038879159838]
    },
    "beats_position": [0.49922901392, 1.01006805897, 1.52090704441, 2.02013611794, 2.53097510338, 3.04181408882, 3.55265307426, 4.07510185242, 4.59755086899, 5.10838985443, 5.61922883987, 6.13006782532, 6.64090681076, 7.1517457962, 7.66258478165, 8.17342376709, 8.68426322937, 9.19510173798, 9.70594120026, 10.2167797089, 10.7392292023, 11.261677742, 11.7725172043, 12.2833557129],
