{
"metadata": {
    "version": {
        "essentia": "2.1-beta5",
        "essentia_git_sha": "Undefined",
        "extractor": "music 2.0"
    },
    "audio_properties": {
        "analysis": {
            "equal_loudness": 0,
            "length": 29.0017242432,
            "sample_rate": 44100,
            "start_time": 0,
            "downmix": "mix"
        },
        "bit_rate": 192000,
        "length": 198.960983276,
        "lossless": 0,
        "number_channels": 2,
        "replay_gain": 1.57166862488,
        "sample_rate": 48000,
        "codec": "mp3",
        "md5_encoded": "be23faac078ba4f6c340a0906eb5f101"
    },
    "tags": {
        "file_name": "Belarus_Help You Fly_Ivan.mp3",
        "encoding": ["Lavf58.29.100"]
    }
},
"lowlevel": {
    "average_loudness": 0.895759403706,
    "barkbands_crest": {
        "max": 24.3936061859,
        "mean": 10.7770557404,
        "min": 3.02506613731,
        "stdev": 4.51692295074
    },
    "barkbands_flatness_db": {
        "max": 0.31219625473,
        "mean": 0.162126690149,
        "min": 0.0605035275221,
        "stdev": 0.0471221283078
    },
    "barkbands_kurtosis": {
        "max": 57.4925193787,
        "mean": 2.3689455986,
        "min": -1.64348578453,
        "stdev": 4.45654630661
    },
    "barkbands_skewness": {
        "max": 6.85578966141,
        "mean": 0.813465833664,
        "min": -2.13100767136,
        "stdev": 1.03999388218
    },
    "barkbands_spread": {
        "max": 73.9253005981,
        "mean": 14.0184354782,
        "min": 2.11851525307,
        "stdev": 7.33926391602
    },
    "dissonance": {
        "max": 0.499898999929,
        "mean": 0.451297938824,
        "min": 0.285180211067,
        "stdev": 0.0372581481934
    },
    "dynamic_complexity": 4.99118852615,
    "erbbands_crest": {
        "max": 30.419216156,
        "mean": 12.6139602661,
        "min": 2.98199701309,
        "stdev": 5.54097747803
    },
    "erbbands_flatness_db": {
        "max": 0.385303676128,
        "mean": 0.220212057233,
        "min": 0.0946678295732,
        "stdev": 0.053438231349
    },
    "erbbands_kurtosis": {
        "max": 15.5083351135,
        "mean": 1.72356665134,
        "min": -1.45574116707,
        "stdev": 2.17798614502
    },
    "erbbands_skewness": {
        "max": 3.44354963303,
        "mean": 0.50825715065,
        "min": -2.6234869957,
        "stdev": 0.759848475456
    },
    "erbbands_spread": {
        "max": 71.9735183716,
        "mean": 19.2314586639,
        "min": 3.14786696434,
        "stdev": 10.0932846069
    },
    "hfc": {
        "max": 148.31439209,
        "mean": 22.6147270203,
        "min": 1.1170415075e-16,
        "stdev": 18.9160804749
    },
    "loudness_ebu128": {
        "integrated": -23.9884147644,
        "loudness_range": 9.28817558289,
        "momentary": {
            "max": -20.3627357483,
            "mean": -26.8263301849,
            "min": -54.4151916504,
            "stdev": 7.17795372009
        },
        "short_term": {
            "max": -21.5936260223,
            "mean": -25.6414146423,
            "min": -43.4909439087,
            "stdev": 4.3703045845
        }
    },
    "melbands_crest": {
        "max": 33.8330764771,
        "mean": 14.2455720901,
        "min": 1.71879565716,
        "stdev": 6.36700677872
    },
    "melbands_flatness_db": {
        "max": 0.373715907335,
        "mean": 0.193489655852,
        "min": 0.00257212645374,
        "stdev": 0.058257162571
    },
    "melbands_kurtosis": {
        "max": 106.740524292,
        "mean": 4.5518951416,
        "min": -1.73614096642,
        "stdev": 8.96202850342
    },
    "melbands_skewness": {
        "max": 9.0711889267,
        "mean": 1.13383936882,
        "min": -1.57801747322,
        "stdev": 1.27019453049
    },
    "melbands_spread": {
        "max": 172.57321167,
        "mean": 21.4892807007,
        "min": 2.04078745842,
        "stdev": 13.262213707
    },
    "pitch_salience": {
        "max": 0.963449060917,
        "mean": 0.571132540703,
        "min": 0.179215952754,
        "stdev": 0.12928467989
    },
    "silence_rate_20dB": {
        "max": 1,
        "mean": 1,
        "min": 1,
        "stdev": 0
    },
    "silence_rate_30dB": {
        "max": 1,
        "mean": 0.996800005436,
        "min": 0,
        "stdev": 0.0564780458808
    },
    "silence_rate_60dB": {
        "max": 1,
        "mean": 0.125599995255,
        "min": 0,
        "stdev": 0.331399977207
    },
    "spectral_centroid": {
        "max": 11024.0927734,
        "mean": 1221.15197754,
        "min": 392.751495361,
        "stdev": 554.733337402
    },
    "spectral_complexity": {
        "max": 40,
        "mean": 16.1047992706,
        "min": 0,
        "stdev": 7.58541679382
    },
    "spectral_decrease": {
        "max": 8.51436595971e-29,
        "mean": -6.09596639833e-09,
        "min": -3.69268953193e-08,
        "stdev": 4.48984049939e-09
    },
    "spectral_energy": {
        "max": 0.14104783535,
        "mean": 0.0250587686896,
        "min": 1.03853382167e-20,
        "stdev": 0.0183316413313
    },
    "spectral_energyband_high": {
        "max": 0.0168238468468,
        "mean": 0.000267777417321,
        "min": 7.76211261859e-21,
        "stdev": 0.000804546230938
    },
    "spectral_energyband_low": {
        "max": 0.127266019583,
        "mean": 0.00254749087617,
        "min": 3.30108943209e-23,
        "stdev": 0.00752754509449
    },
    "spectral_energyband_middle_high": {
        "max": 0.0958099588752,
        "mean": 0.011420677416,
        "min": 1.50656388097e-21,
        "stdev": 0.0127680152655
    },
    "spectral_energyband_middle_low": {
        "max": 0.115565627813,
        "mean": 0.0115637648851,
        "min": 2.58401802469e-22,
        "stdev": 0.011818530038
    },
    "spectral_entropy": {
        "max": 9.810546875,
        "mean": 7.27778434753,
        "min": 6.01540565491,
        "stdev": 0.44631627202
    },
    "spectral_flux": {
        "max": 0.29607963562,
        "mean": 0.06617038697,
        "min": 6.65546714962e-11,
        "stdev": 0.0362730510533
    },
    "spectral_kurtosis": {
        "max": 40.8016586304,
        "mean": 8.04947376251,
        "min": -1.21848642826,
        "stdev": 5.55394697189
    },
    "spectral_rms": {
        "max": 0.0117306280881,
        "mean": 0.00448043085635,
        "min": 3.18308617311e-12,
        "stdev": 0.00209124828689
    },
    "spectral_rolloff": {
        "max": 19186.0839844,
        "mean": 1467.35766602,
        "min": 64.599609375,
        "stdev": 1114.83056641
    },
    "spectral_skewness": {
        "max": 4.49658441544,
        "mean": 2.10391354561,
        "min": -0.0233378130943,
        "stdev": 0.492942243814
    },
    "spectral_spread": {
        "max": 41337856,
        "mean": 3538169.75,
        "min": 1330655.375,
        "stdev": 1854623.125
    },
    "spectral_strongpeak": {
        "max": 15.2153644562,
        "mean": 2.25155258179,
        "min": 0,
        "stdev": 2.06157135963
    },
    "zerocrossingrate": {
        "max": 0.576171875,
        "mean": 0.0560824200511,
        "min": 0.00634765625,
        "stdev": 0.0339768156409
    },
    "barkbands": {
        "max": [0.0118772555143, 0.115289926529, 0.020976729691, 0.0473526790738, 0.0217938236892, 0.0288447905332, 0.0266728848219, 0.110999658704, 0.0489884391427, 0.0717756003141, 0.0181288421154, 0.0259182024747, 0.0331303142011, 0.0227016322315, 0.0526232868433, 0.00829616095871, 0.0065395035781, 0.0023866512347, 0.00202901405282, 0.001549020526, 0.00358249177225, 0.0027102236636, 0.00251152925193, 0.00620712153614, 0.00521503249183, 0.000330056005623, 3.38229529007e-06],
        "mean": [0.000158976850798, 0.0016047921963, 0.000558400643058, 0.000448295497335, 0.00147770019248, 0.0017979311524, 0.000761732982937, 0.00462181074545, 0.00166226213332, 0.00444823363796, 0.000722598691937, 0.00132910325192, 0.00177321908996, 0.000999933225103, 0.00138843036257, 0.000340978760505, 0.00030509987846, 0.000169070903212, 0.000151805084897, 0.000100202072645, 3.7825666368e-05, 4.87771940243e-05, 3.55159427272e-05, 6.61041704006e-05, 4.50957268185e-05, 4.9071891226e-06, 4.44420056311e-09],
        "min": [1.04573854954e-23, 4.31415446734e-24, 8.51692650803e-24, 2.70775906183e-23, 1.28976470307e-23, 2.06087907782e-23, 1.70956350244e-23, 3.75664650744e-23, 7.732144487e-23, 6.05612997668e-23, 3.30447932518e-23, 9.53630030059e-23, 6.07925243645e-23, 9.20778895849e-23, 1.08641620944e-22, 1.6244029385e-22, 5.68794965955e-23, 2.05911793007e-22, 2.55749588997e-22, 3.35968538904e-22, 3.8531672364e-22, 5.31393770396e-22, 5.76268318627e-22, 8.59463274662e-22, 8.83498566402e-22, 1.73932919339e-21, 2.21255183052e-21],
        "stdev": [0.000774901476689, 0.00621794117615, 0.001031336491, 0.00191705732141, 0.00224512070417, 0.00321625871584, 0.0020342732314, 0.00861244089901, 0.00423635635525, 0.00847259070724, 0.00138773256913, 0.00258773565292, 0.00304238731042, 0.0018929435173, 0.0036018548999, 0.000571889744606, 0.000553312769625, 0.000293100747513, 0.000197177156224, 0.000161394375027, 0.000149214974954, 0.000124281141325, 0.000116089016956, 0.00024515989935, 0.00020837422926, 1.9080029233e-05, 9.6409166872e-08]
    },
    "erbbands": {
        "max": [3.03992605209, 28.5569572449, 39.316493988, 93.5314865112, 67.2472229004, 68.7442092896, 301.464508057, 321.6144104, 464.161315918, 270.675842285, 3053.46948242, 1306.47253418, 1323.91931152, 3187.59521484, 568.548217773, 1196.57507324, 1163.6998291, 981.390563965, 3029.27270508, 466.322937012, 380.807434082, 332.836395264, 164.653305054, 117.354904175, 95.5142974854, 75.0594787598, 92.6549377441, 141.571105957, 110.869003296, 90.9527130127, 77.5672531128, 139.975875854, 79.8475494385, 71.9289550781, 32.0490989685, 3.91798734665, 0.354828119278, 0.0136544471607, 0.000669970759191, 0.000172190644662],
        "mean": [0.0563881024718, 0.319977998734, 0.666231334209, 1.15082812309, 1.64763224125, 4.7037396431, 18.2333717346, 11.0824651718, 12.3596448898, 21.7318973541, 116.664176941, 52.9500007629, 68.0591430664, 144.918960571, 38.6282844543, 62.535282135, 75.5713348389, 70.2476348877, 83.3844528198, 27.032749176, 17.8424396515, 14.9392747879, 10.2613449097, 9.44454574585, 7.72507476807, 4.60746240616, 1.53573644161, 1.73025405407, 1.7980492115, 1.16119801998, 1.06270909309, 1.35141634941, 1.05121243, 0.603716433048, 0.276385068893, 0.0481470748782, 0.00467786006629, 0.000193153973669, 2.28308254009e-05, 3.12086267513e-05],
        "min": [2.12398337485e-22, 1.19127356996e-21, 7.49119400432e-21, 5.31850929048e-20, 1.05750511209e-19, 3.47024788251e-20, 7.17412775915e-20, 1.87619633124e-19, 2.65822373909e-19, 5.66562729811e-19, 1.11483360115e-18, 1.21240172575e-18, 1.58302951178e-18, 1.91789166248e-18, 1.54125668405e-18, 3.90653001481e-18, 3.01902787647e-18, 5.16849123298e-18, 5.41120422268e-18, 5.63984397502e-18, 1.01647494004e-17, 3.30042851701e-18, 8.12509406337e-18, 1.28117116441e-17, 1.59383410358e-17, 1.51409356166e-17, 1.49484424162e-17, 1.57414224192e-17, 1.95791781563e-17, 1.59231457279e-17, 1.66046548715e-17, 1.83027474813e-17, 1.20995496685e-17, 8.45187176435e-18, 7.67536837203e-18, 6.51397990864e-18, 2.8620079031e-18, 9.87903046343e-19, 3.39257116397e-19, 3.28923233015e-20],
        "stdev": [0.246469169855, 1.25607764721, 1.5605597496, 4.12969970703, 3.53120660782, 7.37806510925, 33.280582428, 23.5234470367, 33.5090522766, 37.0874176025, 232.219116211, 119.13243866, 142.459472656, 330.268463135, 52.365901947, 115.066825867, 129.782669067, 108.869682312, 205.030166626, 44.1708908081, 28.0531768799, 29.2351951599, 15.9459266663, 15.1885118484, 10.2456960678, 7.16417264938, 3.71600389481, 6.40994119644, 4.65649223328, 4.08156728745, 3.61080265045, 5.54281711578, 3.46886181831, 2.82974720001, 1.29665732384, 0.187803640962, 0.0197067093104, 0.000872928125318, 3.6074725358e-05, 2.27812433877e-05]
    },
    "gfcc": {
        "mean": [-44.8972854614, 105.561851501, -156.614593506, 7.83245944977, -66.6170425415, 23.5370140076, -42.0668983459, 11.1214981079, -21.9239635468, -0.724807441235, -10.2568378448, -10.5308179855, -3.6136367321],
        "cov": [[12794.2314453, 462.940155029, -43.082408905, 73.4892883301, -404.062011719, 434.078277588, -135.163665771, 227.152999878, -215.404296875, -128.526641846, 173.378372192, -174.088638306, -20.3387565613], [462.940155029, 1059.75634766, 42.7852706909, -88.1715927124, 182.287399292, -168.588256836, 277.669342041, -205.478927612, 66.3735275269, -19.9364414215, 155.687530518, -32.8908195496, 86.8528671265], [-43.082408905, 42.7852706909, 677.66607666, 219.152694702, 105.050537109, 75.2199249268, -45.1786689758, 121.655433655, -29.1420097351, 27.5115566254, -38.9058189392, 66.6146316528, -12.8502130508], [73.4892883301, -88.1715927124, 219.152694702, 303.69354248, 103.134872437, 126.056304932, -10.6485080719, 84.787437439, 13.1812477112, -36.1625137329, -61.3083534241, 32.5633735657, 27.5870475769], [-404.062011719, 182.287399292, 105.050537109, 103.134872437, 305.858551025, 50.7806510925, 145.305664062, -0.527464151382, 26.3051280975, 8.71810531616, -31.4826793671, 35.9936294556, 23.6989936829], [434.078277588, -168.588256836, 75.2199249268, 126.056304932, 50.7806510925, 253.883087158, 58.9918670654, 118.238456726, 10.7749938965, -51.2407150269, -52.8045043945, 16.7480773926, -3.4639313221], [-135.163665771, 277.669342041, -45.1786689758, -10.6485080719, 145.305664062, 58.9918670654, 299.107391357, -12.7820978165, 73.6192016602, -6.5385684967, 18.9982414246, 12.2698698044, 39.1608314514], [227.152999878, -205.478927612, 121.655433655, 84.787437439, -0.527464151382, 118.238456726, -12.7820978165, 199.690750122, 14.7248268127, -4.67220687866, -52.9874725342, 19.439622879, -38.1149749756], [-215.404296875, 66.3735275269, -29.1420097351, 13.1812477112, 26.3051280975, 10.7749938965, 73.6192016602, 14.7248268127, 109.28490448, 11.165389061, 4.35828590393, 2.68333053589, 16.1271209717], [-128.526641846, -19.9364414215, 27.5115566254, -36.1625137329, 8.71810531616, -51.2407150269, -6.5385684967, -4.67220687866, 11.165389061, 135.607727051, 15.0086650848, 8.61640167236, -22.8898773193], [173.378372192, 155.687530518, -38.9058189392, -61.3083534241, -31.4826793671, -52.8045043945, 18.9982414246, -52.9874725342, 4.35828590393, 15.0086650848, 115.391860962, -5.7475399971, 24.6338443756], [-174.088638306, -32.8908195496, 66.6146316528, 32.5633735657, 35.9936294556, 16.7480773926, 12.2698698044, 19.439622879, 2.68333053589, 8.61640167236, -5.7475399971, 98.8544464111, 23.3848190308], [-20.3387565613, 86.8528671265, -12.8502130508, 27.5870475769, 23.6989936829, -3.4639313221, 39.1608314514, -38.1149749756, 16.1271209717, -22.8898773193, 24.6338443756, 23.3848190308, 92.4150619507]],
        "icov": [[0.000131895765662, -0.000344867905369, 0.000162904951139, -9.76007577265e-05, 0.000285396148684, -0.000501216563862, 0.000248006515903, -0.000313296506647, 0.00041334234993, -0.000236724066781, -3.39691141562e-05, 7.3777155194e-05, -6.17329133092e-05], [-0.000344867905369, 0.0038416411262, -0.00159720028751, 0.000588281545788, -0.00182971486356, 0.00321954768151, -0.00296620256267, 0.00236902944744, -0.00187730113976, 0.0023413002491, -0.00250895228237, 0.00127921777312, -7.54738084652e-06], [0.000162904951139, -0.00159720028751, 0.00301545392722, -0.00184603210073, 0.00030281272484, -0.00095881492598, 0.00139332574327, -0.00206269789487, 0.00178636226337, -0.00158623943571, 0.000376362120733, -0.00139004411176, 0.000499338493682], [-9.76007577265e-05, 0.000588281545788, -0.00184603210073, 0.0071690203622, -0.0023282635957, -0.00175207911525, 0.00167284929194, -0.000173061824171, -0.00202814093791, 0.00130647828337, 0.00133737933356, 0.000619025318883, -0.00305554526858], [0.000285396148684, -0.00182971486356, 0.00030281272484, -0.0023282635957, 0.00685181841254, -0.00145938922651, -0.00191247684415, 3.40795850207e-05, 0.00190093321726, -0.00204258598387, 0.00248048990034, -0.00138000084553, 0.00038256047992], [-0.000501216563862, 0.00321954768151, -0.00095881492598, -0.00175207911525, -0.00145938922651, 0.0107612982392, -0.00465874746442, -0.00145835056901, -0.000820724817459, 0.00383296050131, -0.000788856355939, 0.000489432073664, 0.000582910783123], [0.000248006515903, -0.00296620256267, 0.00139332574327, 0.00167284929194, -0.00191247684415, -0.00465874746442, 0.00892984680831, -0.00146470300388, -0.00208015250973, -0.00141118536703, 0.000738188216928, -0.000793295155745, -0.00151822192129], [-0.000313296506647, 0.00236902944744, -0.00206269789487, -0.000173061824171, 3.40795850207e-05, -0.00145835056901, -0.00146470300388, 0.0110611123964, -0.00359463877976, 0.00111432478298, 0.000317516183713, -0.000917241384741, 0.00363943516277], [0.00041334234993, -0.00187730113976, 0.00178636226337, -0.00202814093791, 0.00190093321726, -0.000820724817459, -0.00208015250973, -0.00359463877976, 0.0138731561601, -0.00296663725749, 0.000530551420525, 0.000315218261676, -0.00178717251401], [-0.000236724066781, 0.0023413002491, -0.00158623943571, 0.00130647828337, -0.00204258598387, 0.00383296050131, -0.00141118536703, 0.00111432478298, -0.00296663725749, 0.0107869869098, -0.00265087257139, -0.000654418370686, 0.0029236797709], [-3.39691141562e-05, -0.00250895228237, 0.000376362120733, 0.00133737933356, 0.00248048990034, -0.000788856355939, 0.000738188216928, 0.000317516183713, 0.000530551420525, -0.00265087257139, 0.0142554827034, -0.000706496590283, -0.00321423006244], [7.3777155194e-05, 0.00127921777312, -0.00139004411176, 0.000619025318883, -0.00138000084553, 0.000489432073664, -0.000793295155745, -0.000917241384741, 0.000315218261676, -0.000654418370686, -0.000706496590283, 0.0131987947971, -0.00460258312523], [-6.17329133092e-05, -7.54738084652e-06, 0.000499338493682, -0.00305554526858, 0.00038256047992, 0.000582910783123, -0.00151822192129, 0.00363943516277, -0.00178717251401, 0.0029236797709, -0.00321423006244, -0.00460258312523, 0.0169213619083]]
    },
    "melbands": {
        "max": [0.0276285726577, 0.0232115890831, 0.0152207231149, 0.00407979404554, 0.00817032717168, 0.00647892337292, 0.00638747075573, 0.00375148444436, 0.0235376954079, 0.0090829115361, 0.00675309682265, 0.0134460283443, 0.00204620114528, 0.00388407241553, 0.00505468854681, 0.00256499485113, 0.00199523102492, 0.00420754915103, 0.0024743846152, 0.000554374710191, 0.000415204587625, 0.000441987940576, 0.0002865063434, 0.000107523672341, 0.000103091690107, 7.50042818254e-05, 8.08858385426e-05, 5.38742206118e-05, 2.74637804978e-05, 0.000128381783725, 8.68165298016e-05, 4.67715944978e-05, 7.27979204385e-05, 4.34931316704e-05, 4.05999817303e-05, 8.97203717614e-05, 8.07283213362e-05, 6.17080149823e-05, 3.65884952771e-05, 7.47761514504e-05],
        "mean": [0.00047754010302, 0.000367838161765, 0.000208962577744, 0.000202958748559, 0.00055200397037, 0.000264692876954, 0.000175591630978, 0.000340190599672, 0.000886773399543, 0.00028773615486, 0.000336134020472, 0.00062000163598, 0.000108091451693, 0.000158275972353, 0.000163303484442, 0.000171893334482, 0.000115392664156, 0.000121518933156, 7.36660149414e-05, 2.63417059614e-05, 1.88850535778e-05, 1.57346330525e-05, 1.32741379275e-05, 7.52983623897e-06, 7.61819865147e-06, 5.23887456438e-06, 5.39670872968e-06, 2.41932139033e-06, 9.12537814202e-07, 8.29096165944e-07, 1.08553967948e-06, 1.0883146615e-06, 7.75995999902e-07, 5.82942277561e-07, 5.8867738062e-07, 6.99037627783e-07, 8.64018659286e-07, 7.94608524757e-07, 5.7450534996e-07, 4.88314015001e-07],
        "min": [2.42656158522e-24, 3.82100320004e-24, 1.20550331434e-23, 4.1710909923e-24, 2.21923493705e-24, 4.57649607783e-24, 3.48233693039e-24, 7.14543897062e-24, 9.82386392414e-24, 8.63617072246e-24, 7.05242359242e-24, 8.12772699208e-24, 4.21972347825e-24, 5.89979249697e-24, 1.06876066619e-23, 8.02284556815e-24, 8.94528350159e-24, 7.49225456785e-24, 6.07240157391e-24, 8.95515767354e-24, 1.15597665456e-23, 2.91026111559e-24, 4.08834303322e-24, 1.11785297916e-23, 1.00168413897e-23, 1.06116409345e-23, 1.18661222558e-23, 8.05602505782e-24, 8.31103854493e-24, 9.13997595072e-24, 9.7869468115e-24, 1.14283147086e-23, 7.38512725692e-24, 8.39600675303e-24, 9.15529247405e-24, 9.4132129136e-24, 1.2140383949e-23, 8.47919923523e-24, 6.65439908953e-24, 7.17613197072e-24],
        "stdev": [0.00189115223475, 0.00105520361103, 0.000657526776195, 0.000307879818138, 0.000950548681431, 0.000519126595464, 0.000481818831759, 0.000558162864763, 0.00178002845496, 0.000791402359027, 0.000726245751139, 0.00141247839201, 0.000167826859979, 0.000341255188687, 0.00038807184319, 0.000254712125752, 0.000196658147615, 0.000294212426525, 0.000182364572538, 4.42014970758e-05, 3.13991477014e-05, 3.66316562577e-05, 2.1068886781e-05, 1.2909194993e-05, 1.3508540178e-05, 7.26480766389e-06, 8.9503118943e-06, 4.1420225898e-06, 1.55291911597e-06, 4.42093869424e-06, 3.58228749064e-06, 2.30936529988e-06, 2.92669415103e-06, 2.05581591217e-06, 1.90788091459e-06, 3.12535348712e-06, 3.32082254317e-06, 2.5368722163e-06, 2.07924176721e-06, 2.70028954219e-06]
    },
    "melbands128": {
        "max": [0.0103216953576, 0.0311909224838, 0.0437396466732, 0.050943352282, 0.0295854844153, 0.00841125007719, 0.0208646431565, 0.0217486694455, 0.00427638879046, 0.00498024793342, 0.00417740968987, 0.00955040100962, 0.0142838973552, 0.0116076953709, 0.00975324306637, 0.0105599556118, 0.00801694858819, 0.0115970857441, 0.00366176944226, 0.00415686424822, 0.00785414222628, 0.0249726139009, 0.0410821884871, 0.00573241664097, 0.0141488593072, 0.0192519184202, 0.0070975413546, 0.0135758994147, 0.0068483389914, 0.018471295014, 0.019190615043, 0.00251336605288, 0.00374648720026, 0.00278872740455, 0.00286958809011, 0.00787769071758, 0.00342539371923, 0.00895601883531, 0.00638015707955, 0.0046628206037, 0.0037706932053, 0.00468835840002, 0.00222764723003, 0.0055069886148, 0.00439313426614, 0.00368318078108, 0.0129992207512, 0.00106622220483, 0.000948907341808, 0.000731582986191, 0.000786762975622, 0.000552729063202, 0.000591249787249, 0.000533746264409, 0.00048742047511, 0.000915205455385, 0.000542523339391, 0.000463220989332, 0.000225762516493, 0.0003242152452, 0.000222297094297, 0.000164739525644, 0.000308183487505, 0.000174822998815, 5.09577803314e-05, 0.000164448254509, 7.89254336269e-05, 0.000185240671271, 0.000129198379, 6.90695305821e-05, 8.8987275376e-05, 3.61436941603e-05, 2.13878156501e-05, 2.61749028141e-05, 4.73427317047e-05, 0.000141739277751, 0.000183018259122, 0.000105995204649, 0.000126652128529, 5.1989176427e-05, 3.8842234062e-05, 7.43645214243e-05, 8.81413798197e-05, 7.93499493739e-05, 6.32859519101e-05, 5.92854557908e-05, 5.22705886397e-05, 3.59734658559e-05, 6.10942224739e-05, 3.17825033562e-05, 7.21929100109e-05, 0.000129859705339, 0.000126656130305, 9.82807687251e-05, 7.254051161e-05, 6.71475281706e-05, 6.79244767525e-05, 5.04958588863e-05, 3.95459610445e-05, 2.90147017949e-05, 5.44266767974e-05, 0.000106675601273, 5.29570716026e-05, 4.69204860565e-05, 3.97351577703e-05, 2.82503551716e-05, 9.51988567977e-06, 8.36193612486e-06, 4.65434322905e-06, 3.15435886478e-06, 2.51227902481e-06, 2.12022723645e-06, 9.17223758279e-07, 1.02942385638e-06, 4.6854867719e-07, 2.43629870056e-07, 1.64752389509e-08, 1.59270943101e-08, 1.54227972615e-08, 1.49616230516e-08, 1.45928051865e-08, 1.42861402708e-08, 1.40130484994e-08, 1.3702337931e-08, 1.34727047296e-08, 1.33240556366e-08, 1.32133743946e-08, 1.31372193124e-08],
        "mean": [0.000137319642818, 0.00047008038382, 0.000625062733889, 0.000491212762427, 0.000369275861885, 0.000252460915362, 0.000238358494244, 0.000210950951441, 0.000140713484143, 0.000167258898728, 0.000219321853365, 0.00047507637646, 0.000808695622254, 0.000432503642514, 0.000255384598859, 0.000149817205966, 0.000180372153409, 0.00022573309252, 0.000108575783088, 0.000133528417791, 0.000383821374271, 0.00110939727165, 0.00129141134676, 0.000191056038602, 0.000294226658298, 0.000348033936461, 0.000147426471813, 0.000382692232961, 0.00030010502087, 0.000967290659901, 0.000657714728732, 8.42937079142e-05, 8.99336810107e-05, 0.000101553261629, 0.000108799227746, 0.000232127291383, 0.000144841615111, 0.000131504522869, 0.000207594726817, 0.000155635876581, 0.000117220333777, 0.000287423987174, 9.37295917538e-05, 6.54440300423e-05, 4.22136799898e-05, 0.000109472814074, 0.00028267048765, 3.56198434019e-05, 1.83744468814e-05, 2.19372577703e-05, 3.25268847519e-05, 2.44590210059e-05, 1.98591224034e-05, 1.46813736137e-05, 2.02165410883e-05, 1.45589665408e-05, 1.05963390524e-05, 2.31085887208e-05, 8.66109348863e-06, 6.96319784765e-06, 7.71199574956e-06, 5.99273016633e-06, 1.21566699818e-05, 7.37629443393e-06, 2.68700364359e-06, 4.88292698719e-06, 7.67520668887e-06, 3.99378495786e-06, 7.02751594872e-06, 3.69391932509e-06, 2.67756968242e-06, 1.38345660616e-06, 8.71837244176e-07, 1.04545256363e-06, 5.88205296026e-07, 8.54878408063e-07, 9.1152872983e-07, 8.34267041228e-07, 1.15157911296e-06, 1.38178256748e-06, 9.3563255632e-07, 1.09138147764e-06, 1.04821413061e-06, 5.87126578466e-07, 8.07214178167e-07, 5.45596265056e-07, 5.43312410173e-07, 5.46607907381e-07, 6.51931088669e-07, 5.34706259714e-07, 5.89554474573e-07, 7.28300278752e-07, 9.36473725233e-07, 8.66604125349e-07, 8.1859019474e-07, 8.60108514189e-07, 8.28354131954e-07, 6.39207712538e-07, 5.83874168569e-07, 5.33798356628e-07, 5.20918774782e-07, 5.0204226909e-07, 3.88477701563e-07, 4.59102182049e-07, 3.42499646422e-07, 2.32757784602e-07, 1.31370214262e-07, 9.0203521097e-08, 6.6986537206e-08, 5.03905823734e-08, 3.59919987147e-08, 2.04435206541e-08, 2.58627341765e-09, 1.77499548393e-09, 2.30309904481e-09, 1.0102232384e-09, 3.41350177291e-11, 1.86319969869e-11, 1.84386880764e-11, 1.77334848195e-11, 1.70275616523e-11, 1.66030696136e-11, 1.63490627286e-11, 1.598507611e-11, 1.54070298186e-11, 1.46550237223e-11, 1.42243205062e-11, 1.40988106606e-11],
        "min": [6.26878691855e-24, 2.08682266196e-24, 1.78166207596e-24, 1.24371908925e-24, 2.46033804539e-24, 3.35954402517e-24, 9.41255342588e-24, 1.51809497006e-23, 1.01836121071e-23, 6.99837409725e-25, 2.01423838678e-24, 1.4748620398e-24, 2.04883920659e-24, 3.91257969594e-24, 2.77024757403e-24, 5.86647771765e-24, 7.12077917872e-24, 1.3859900549e-24, 1.18501048296e-24, 1.87967311306e-24, 8.6670727707e-24, 1.07950692387e-23, 8.41721843391e-24, 1.26332752867e-23, 3.89456724046e-24, 8.54153660169e-24, 1.42782277678e-23, 3.44609468825e-24, 3.71008580689e-24, 9.32106212696e-24, 7.43305844552e-24, 5.13685277223e-24, 2.74585086724e-24, 3.49741364001e-24, 2.48535262748e-24, 2.68913275424e-24, 1.48244113927e-23, 1.69973208675e-23, 1.32136193498e-24, 4.31810074402e-24, 8.78354887222e-24, 7.76908873646e-24, 9.89430525867e-24, 6.15265199937e-24, 8.32050250921e-24, 3.3980644976e-24, 8.8467815958e-24, 3.89218133065e-24, 2.77786895645e-24, 8.85498101605e-24, 5.43744151485e-24, 9.97747249733e-24, 1.53456417695e-23, 7.66138713479e-24, 2.70635634881e-24, 2.46515443564e-24, 9.72219395296e-25, 4.49949339272e-24, 4.75994015931e-24, 3.9336758087e-24, 1.20425344312e-23, 8.75317220534e-24, 7.87865441645e-24, 4.8794001272e-24, 1.17786296928e-23, 1.17347769151e-23, 4.80078619369e-24, 1.00482372648e-23, 1.10198488428e-23, 1.55664865354e-23, 8.92142519237e-24, 2.49802607235e-24, 5.37272573276e-24, 9.78799994081e-24, 1.0287778823e-23, 1.01734799776e-23, 1.011342873e-23, 3.72884531364e-24, 5.71090369751e-24, 7.05993749255e-24, 1.29811661013e-23, 1.31793397936e-23, 6.91676476027e-24, 6.47199038798e-24, 7.85792788502e-24, 6.77765071736e-24, 8.54314035591e-24, 6.48125358716e-24, 1.13990534911e-23, 8.85863896406e-24, 8.42630137837e-24, 9.22837964806e-24, 9.42582679947e-24, 1.30496912927e-23, 1.18874633099e-23, 6.92775595927e-24, 8.76112471213e-24, 9.04395737906e-24, 5.35044238434e-24, 6.33493961077e-24, 6.9991699593e-24, 7.07202441934e-24, 7.54691947314e-24, 8.76007473826e-24, 9.57851319426e-24, 7.16020013588e-24, 6.83102346849e-24, 1.4082183211e-23, 1.20283018028e-23, 1.00611051639e-23, 1.28896353593e-23, 9.65514156487e-24, 7.2064258072e-24, 1.01239639674e-23, 6.45680363227e-24, 6.92569861003e-24, 7.90246854945e-24, 7.81771964468e-24, 7.24698351292e-24, 1.36851211185e-23, 9.84015547956e-24, 8.40783414458e-24, 9.26954793212e-24, 9.7506260777e-24, 9.55560704016e-24, 8.43478399969e-24, 7.88062735757e-24, 9.23801873946e-24],
        "stdev": [0.000700422155205, 0.00230048270896, 0.00249376660213, 0.00214910670184, 0.00112526677549, 0.000463105156086, 0.000952195667196, 0.000856939470395, 0.000320335821016, 0.000327068002662, 0.00041143965791, 0.000868282921147, 0.00161786959507, 0.000949578417931, 0.000736876332667, 0.000503587594721, 0.00057321501663, 0.000773964216933, 0.000306538044242, 0.000384991057217, 0.00097365694819, 0.00214668991975, 0.0030688084662, 0.000419436400989, 0.000967819592915, 0.00135621346999, 0.000428247090895, 0.00134697835892, 0.000722681870684, 0.00227201194502, 0.00185910740402, 0.000193458530703, 0.000202925264603, 0.000235866056755, 0.000269688054686, 0.000680423807353, 0.000263401510892, 0.000609369017184, 0.000595501682255, 0.000378051045118, 0.000282927561784, 0.000624332344159, 0.000205663003726, 0.000234136066865, 0.000215293417568, 0.000295279052807, 0.000881596002728, 0.000102601763501, 5.20112553204e-05, 4.74379230582e-05, 6.66508640279e-05, 4.71859675599e-05, 4.38769711764e-05, 3.29785398208e-05, 4.81460228912e-05, 6.22944280622e-05, 2.94540495815e-05, 4.10734865e-05, 1.90340833797e-05, 2.26404499699e-05, 1.85136341315e-05, 1.35050004246e-05, 3.338138049e-05, 1.72544732777e-05, 4.91316677653e-06, 9.83548125078e-06, 1.19946525956e-05, 1.08584445115e-05, 1.56306377903e-05, 7.74080490373e-06, 6.5537115006e-06, 2.87944840238e-06, 1.29995942189e-06, 2.07819357456e-06, 2.34946492128e-06, 4.82107816424e-06, 5.76395223106e-06, 4.05613445764e-06, 4.65019184048e-06, 2.75677484751e-06, 2.0552145088e-06, 2.97664155369e-06, 3.75878971681e-06, 3.16796285915e-06, 2.83072404272e-06, 2.28754515774e-06, 1.96288783627e-06, 1.83950328392e-06, 2.31760282077e-06, 1.5696527953e-06, 2.60422552856e-06, 3.93294112655e-06, 4.95668336953e-06, 3.64665129382e-06, 2.51606707025e-06, 2.57863871411e-06, 2.98718964586e-06, 2.36586652136e-06, 2.35233142121e-06, 2.08814321923e-06, 2.50140965363e-06, 3.58987358595e-06, 1.95225379684e-06, 1.88181786598e-06, 1.86821159787e-06, 1.13736848562e-06, 4.94175424137e-07, 3.97876306124e-07, 2.51350115832e-07, 1.9968631193e-07, 1.5351423599e-07, 1.08621101447e-07, 2.96981177428e-08, 3.03538776336e-08, 2.43101681008e-08, 1.34489219761e-08, 5.5908561114e-10, 4.5022169326e-10, 4.35963737333e-10, 4.22935519939e-10, 4.12507694669e-10, 4.03838157359e-10, 3.96116472956e-10, 3.87333998209e-10, 3.80852072102e-10, 3.76666225987e-10, 3.73545971932e-10, 3.71394331955e-10]
    },
    "mfcc": {
        "mean": [-674.439880371, 134.761352539, -28.5614757538, -9.78865814209, -1.96453440189, 0.0428945124149, -1.79939103127, 0.296406775713, -1.74544358253, 3.17187547684, 2.5445766449, -3.59303712845, -3.55294728279],
        "cov": [[9840.22753906, 98.7160873413, 482.367034912, -294.297637939, 94.7432861328, -76.7730865479, 228.224533081, 193.924301147, -288.669281006, 276.978363037, 64.0696411133, -215.087112427, -247.833389282], [98.7160873413, 1108.20800781, -103.84337616, 168.448226929, -128.153579712, 92.6880493164, 92.1528320312, -96.8742904663, -9.81978607178, -80.1047058105, -1.73907971382, 111.670463562, 149.007522583], [482.367034912, -103.84337616, 513.944091797, 82.1540527344, 163.647323608, -27.7869415283, 13.4161424637, 65.7440567017, 0.0177084356546, 12.5660810471, 30.9300403595, -34.2301483154, -66.8926620483], [-294.297637939, 168.448226929, 82.1540527344, 260.433929443, 87.3391647339, 67.0079498291, 27.8470439911, -1.52954626083, 57.0215110779, -10.3428554535, -12.7079401016, 17.2558860779, 30.9214496613], [94.7432861328, -128.153579712, 163.647323608, 87.3391647339, 241.712677002, 15.7975301743, 22.3003082275, 65.812210083, 31.9209327698, 17.9097213745, 0.0825817137957, -41.2754478455, -40.2979774475], [-76.7730865479, 92.6880493164, -27.7869415283, 67.0079498291, 15.7975301743, 179.422241211, 74.1320343018, 63.6132202148, 80.7536315918, 3.49488854408, -8.95311737061, -3.73206925392, 34.6062545776], [228.224533081, 92.1528320312, 13.4161424637, 27.8470439911, 22.3003082275, 74.1320343018, 152.014190674, 74.2326431274, 49.0301856995, 8.08421611786, 17.7323856354, -1.52757382393, 21.9703044891], [193.924301147, -96.8742904663, 65.7440567017, -1.52954626083, 65.812210083, 63.6132202148, 74.2326431274, 253.346847534, 92.3692474365, 46.2532272339, -23.2509498596, -34.6828689575, -30.0114593506], [-288.669281006, -9.81978607178, 0.0177084356546, 57.0215110779, 31.9209327698, 80.7536315918, 49.0301856995, 92.3692474365, 179.033508301, 23.9810848236, 18.8963088989, 21.9914588928, 31.7824573517], [276.978363037, -80.1047058105, 12.5660810471, -10.3428554535, 17.9097213745, 3.49488854408, 8.08421611786, 46.2532272339, 23.9810848236, 86.9164581299, 13.6764907837, -13.435634613, -20.6183643341], [64.0696411133, -1.73907971382, 30.9300403595, -12.7079401016, 0.0825817137957, -8.95311737061, 17.7323856354, -23.2509498596, 18.8963088989, 13.6764907837, 97.4417495728, 38.9626121521, 10.6328315735], [-215.087112427, 111.670463562, -34.2301483154, 17.2558860779, -41.2754478455, -3.73206925392, -1.52757382393, -34.6828689575, 21.9914588928, -13.435634613, 38.9626121521, 146.772262573, 57.1857719421], [-247.833389282, 149.007522583, -66.8926620483, 30.9214496613, -40.2979774475, 34.6062545776, 21.9703044891, -30.0114593506, 31.7824573517, -20.6183643341, 10.6328315735, 57.1857719421, 106.803543091]],
        "icov": [[0.000151955347974, -0.00010650139302, -0.000141469485243, 0.000216406813706, -2.851568388e-05, -2.40829067479e-05, -0.000256327009993, -1.45709327626e-05, 0.000297384423902, -0.000524933973793, -2.13906623685e-05, 7.90969497757e-05, 0.000165557736182], [-0.00010650139302, 0.00158259691671, 0.000108232343337, -0.00122822797857, 0.000881206302438, -0.000242878406425, -0.0007411648985, 0.000154584282427, 0.000504208612256, 0.000940487952903, 0.000149099214468, -0.000506130454596, -0.00113696232438], [-0.000141469485243, 0.000108232343337, 0.00304803438485, -0.00119687512051, -0.00128357298672, 0.0007005307707, 0.000268126954325, -0.000884831242729, 0.000291328819003, 0.00106647890061, -0.00157744856551, 0.000102333455288, 0.000982631579973], [0.000216406813706, -0.00122822797857, -0.00119687512051, 0.00704590696841, -0.00266894046217, -0.00153113738634, -0.000110113127448, 0.00171610107645, -0.00161531358026, -0.00113860738929, 0.00215908046812, -0.000591813179199, -0.000217027147301], [-2.851568388e-05, 0.000881206302438, -0.00128357298672, -0.00266894046217, 0.00700781820342, 0.000149217172293, -0.000615716737229, -0.000829662312753, -0.000107773688796, 0.000252351979725, -0.000455396308098, 0.000925380096305, 0.00079313403694], [-2.40829067479e-05, -0.000242878406425, 0.0007005307707, -0.00153113738634, 0.000149217172293, 0.00933723617345, -0.00282411603257, -0.000820418295916, -0.00265611242503, 0.00033064535819, 0.000871847907547, 0.00128029379994, -0.00137178064324], [-0.000256327009993, -0.0007411648985, 0.000268126954325, -0.000110113127448, -0.000615716737229, -0.00282411603257, 0.0110037615523, -0.0030700576026, -9.36795404414e-05, 0.00122997781727, -0.00334611558355, 0.00112793035805, -0.00180991203524], [-1.45709327626e-05, 0.000154584282427, -0.000884831242729, 0.00171610107645, -0.000829662312753, -0.000820418295916, -0.0030700576026, 0.00787503551692, -0.00365239335224, -0.0023841089569, 0.00388506846502, -0.000443829922006, 0.0019741661381], [0.000297384423902, 0.000504208612256, 0.000291328819003, -0.00161531358026, -0.000107773688796, -0.00265611242503, -9.36795404414e-05, -0.00365239335224, 0.0108109051362, -0.00186201208271, -0.00286537804641, -0.00072574155638, -0.00245304149576], [-0.000524933973793, 0.000940487952903, 0.00106647890061, -0.00113860738929, 0.000252351979725, 0.00033064535819, 0.00122997781727, -0.0023841089569, -0.00186201208271, 0.0162342954427, -0.00315906223841, 0.000546062598005, 0.00124275905546], [-2.13906623685e-05, 0.000149099214468, -0.00157744856551, 0.00215908046812, -0.000455396308098, 0.000871847907547, -0.00334611558355, 0.00388506846502, -0.00286537804641, -0.00315906223841, 0.0152512909845, -0.00402884418145, 0.000336610391969], [7.90969497757e-05, -0.000506130454596, 0.000102333455288, -0.000591813179199, 0.000925380096305, 0.00128029379994, 0.00112793035805, -0.000443829922006, -0.00072574155638, 0.000546062598005, -0.00402884418145, 0.0104630980641, -0.00417709490284], [0.000165557736182, -0.00113696232438, 0.000982631579973, -0.000217027147301, 0.00079313403694, -0.00137178064324, -0.00180991203524, 0.0019741661381, -0.00245304149576, 0.00124275905546, 0.000336610391969, -0.00417709490284, 0.0168553646654]]
    },
    "spectral_contrast_coeffs": {
        "max": [-0.396449118853, -0.445458590984, -0.475299715996, -0.532288432121, -0.56645411253, -0.582136631012],
        "mean": [-0.697166502476, -0.728206336498, -0.730461120605, -0.760789752007, -0.764771163464, -0.739704668522],
        "min": [-0.961110413074, -0.970966756344, -0.96860986948, -0.962012588978, -0.96652930975, -0.962992489338],
        "stdev": [0.0819228366017, 0.097178734839, 0.0944222807884, 0.0805357098579, 0.0615646019578, 0.0522033907473]
    },
    "spectral_contrast_valleys": {
        "max": [-5.19119548798, -5.17680358887, -5.38126707077, -5.44036865234, -6.51812934875, -7.34081411362],
        "mean": [-7.61659669876, -6.92458200455, -7.25572347641, -7.56651735306, -8.32891750336, -11.3942127228],
        "min": [-27.7263412476, -27.7165756226, -27.0559883118, -27.2819900513, -27.2906513214, -27.3646373749],
        "stdev": [1.41095101833, 1.22140347958, 1.22774171829, 1.12624251842, 1.11081278324, 1.22379720211]
    }
},
"rhythm": {
    "beats_count": 41,
    "beats_loudness": {
        "max": 0.0805808603764,
        "mean": 0.0250993501395,
        "min": 1.16315341074e-05,
        "stdev": 0.0189805701375
    },
    "bpm": 77.08618927,
    "bpm_histogram_first_peak_bpm": 78,
    "bpm_histogram_first_peak_weight": 0.523809552193,
    "bpm_histogram_second_peak_bpm": 98,
    "bpm_histogram_second_peak_spread": 0.333333313465,
    "bpm_histogram_second_peak_weight": 0.300000011921,
    "danceability": 0.808484911919,
    "onset_rate": 1.68887865543,
    "beats_loudness_band_ratio": {
        "max": [0.846852779388, 0.502692639828, 0.84098649025, 0.687778115273, 0.624659180641, 0.631500303745],
        "mean": [0.159121155739, 0.115793123841, 0.290758222342, 0.289443314075, 0.131623908877, 0.0379527211189],
        "min": [0.00607701856643, 0.00702905235812, 0.0263038165867, 0.0389187373221, 0.0141260037199, 0.00101480609737],
        "stdev": [0.233712330461, 0.117007493973, 0.219269245863, 0.169611930847, 0.136956349015, 0.0960933193564]
    },
    "beats_position": [0.626938760281, 1.26548755169, 1.90403628349, 2.54258489609, 3.15791368484, 3.7732424736, 4.38857126236, 5.00390005112, 5.61922883987, 6.2229475975, 6.82666635513, 7.4303855896, 8.03410434723, 8.63782310486, 9.22993183136, 9.82204055786, 10.4257593155, 11.017868042, 11.6331968307, 12.3994560242, 13.1657142639, 13.9319725037, 14.6982307434, 15.4644899368, 16.2307472229, 16.9853973389, 17.7400455475, 18.4598636627, 19.1912918091, 19.96916008, 20.7470283508, 21.5132884979, 22.2795467377, 23.0806350708, 23.8933334351, 24.7060317993, 25.5071201324, 26.2965984344, 27.1092967987, 27.9103851318, 28.711473465],
