{
"metadata": {
    "version": {
        "essentia": "2.1-beta5",
        "essentia_git_sha": "Undefined",
        "extractor": "music 2.0"
    },
    "audio_properties": {
        "analysis": {
            "equal_loudness": 0,
            "length": 12.7477550507,
            "sample_rate": 44100,
            "start_time": 0,
            "downmix": "mix"
        },
        "bit_rate": 192000,
        "length": 196.138961792,
        "lossless": 0,
        "number_channels": 2,
        "replay_gain": 6.16503334045,
        "sample_rate": 48000,
        "codec": "mp3",
        "md5_encoded": "b76bb60c800e72f89acae44c0b1ed879"
    },
    "tags": {
        "file_name": "Lithuania_I_ve Been Waiting for This Night_Donny Montell.mp3",
        "encoding": ["Lavf58.29.100"]
    }
},
"lowlevel": {
    "average_loudness": 0.750651299953,
    "barkbands_crest": {
        "max": 24.9168930054,
        "mean": 9.89864635468,
        "min": 2.71729063988,
        "stdev": 4.78525304794
    },
    "barkbands_flatness_db": {
        "max": 0.382070630789,
        "mean": 0.155034869909,
        "min": 0.0531415455043,
        "stdev": 0.0567191168666
    },
    "barkbands_kurtosis": {
        "max": 120.064033508,
        "mean": 2.7581319809,
        "min": -1.41182267666,
        "stdev": 8.40533447266
    },
    "barkbands_skewness": {
        "max": 9.85429286957,
        "mean": 0.941119134426,
        "min": -1.89417243004,
        "stdev": 1.3401529789
    },
    "barkbands_spread": {
        "max": 52.2483215332,
        "mean": 16.3195285797,
        "min": 0.949543774128,
        "stdev": 8.07738494873
    },
    "dissonance": {
        "max": 0.499997287989,
        "mean": 0.469158113003,
        "min": 0.301707237959,
        "stdev": 0.0360325276852
    },
    "dynamic_complexity": 5.49006605148,
    "erbbands_crest": {
        "max": 31.143163681,
        "mean": 9.23688697815,
        "min": 3.09353804588,
        "stdev": 4.66492366791
    },
    "erbbands_flatness_db": {
        "max": 0.341968894005,
        "mean": 0.198338419199,
        "min": 0.0789240822196,
        "stdev": 0.0532364398241
    },
    "erbbands_kurtosis": {
        "max": 28.1217384338,
        "mean": 1.17789626122,
        "min": -1.3124204874,
        "stdev": 2.24105787277
    },
    "erbbands_skewness": {
        "max": 2.0539753437,
        "mean": 0.329153358936,
        "min": -1.06413519382,
        "stdev": 0.525343835354
    },
    "erbbands_spread": {
        "max": 63.5796966553,
        "mean": 21.7855491638,
        "min": 2.16985225677,
        "stdev": 11.7520561218
    },
    "hfc": {
        "max": 150.1927948,
        "mean": 15.3770256042,
        "min": 1.22867145022e-16,
        "stdev": 21.8045635223
    },
    "loudness_ebu128": {
        "integrated": -27.265001297,
        "loudness_range": 14.9727268219,
        "momentary": {
            "max": -21.4312381744,
            "mean": -32.2021369934,
            "min": -47.1434860229,
            "stdev": 7.20280265808
        },
        "short_term": {
            "max": -25.4091320038,
            "mean": -31.0583095551,
            "min": -43.1779327393,
            "stdev": 5.39558267593
        }
    },
    "melbands_crest": {
        "max": 33.8046112061,
        "mean": 13.5628919601,
        "min": 2.64711785316,
        "stdev": 6.93073368073
    },
    "melbands_flatness_db": {
        "max": 0.49186193943,
        "mean": 0.203016117215,
        "min": 0.00682531343773,
        "stdev": 0.084355764091
    },
    "melbands_kurtosis": {
        "max": 198.900390625,
        "mean": 7.06965017319,
        "min": -1.67763710022,
        "stdev": 17.2290172577
    },
    "melbands_skewness": {
        "max": 11.8758182526,
        "mean": 1.58989858627,
        "min": -1.08642029762,
        "stdev": 1.79139494896
    },
    "melbands_spread": {
        "max": 142.893447876,
        "mean": 23.1890602112,
        "min": 0.776788473129,
        "stdev": 13.7534189224
    },
    "pitch_salience": {
        "max": 0.835713505745,
        "mean": 0.58900231123,
        "min": 0.0789978206158,
        "stdev": 0.146919354796
    },
    "silence_rate_20dB": {
        "max": 1,
        "mean": 0.996363639832,
        "min": 0,
        "stdev": 0.0601925440133
    },
    "silence_rate_30dB": {
        "max": 1,
        "mean": 0.932727277279,
        "min": 0,
        "stdev": 0.250493317842
    },
    "silence_rate_60dB": {
        "max": 1,
        "mean": 0.300000011921,
        "min": 0,
        "stdev": 0.458256691694
    },
    "spectral_centroid": {
        "max": 10904.6542969,
        "mean": 1325.03051758,
        "min": 380.367095947,
        "stdev": 652.322570801
    },
    "spectral_complexity": {
        "max": 47,
        "mean": 16.7745456696,
        "min": 0,
        "stdev": 11.3068084717
    },
    "spectral_decrease": {
        "max": 2.19805090569e-29,
        "mean": -8.19277001796e-09,
        "min": -1.16814710793e-07,
        "stdev": 1.24610703978e-08
    },
    "spectral_energy": {
        "max": 0.443441271782,
        "mean": 0.0323161445558,
        "min": 1.10614533543e-20,
        "stdev": 0.0479407086968
    },
    "spectral_energyband_high": {
        "max": 0.00153001083527,
        "mean": 0.000177521651494,
        "min": 7.70387797256e-21,
        "stdev": 0.000244195602136
    },
    "spectral_energyband_low": {
        "max": 0.435642153025,
        "mean": 0.0183988511562,
        "min": 2.78543882625e-23,
        "stdev": 0.0415938310325
    },
    "spectral_energyband_middle_high": {
        "max": 0.0755364820361,
        "mean": 0.00623666495085,
        "min": 1.75702916214e-21,
        "stdev": 0.0110024400055
    },
    "spectral_energyband_middle_low": {
        "max": 0.104522034526,
        "mean": 0.00831335969269,
        "min": 3.47869685796e-22,
        "stdev": 0.0102717205882
    },
    "spectral_entropy": {
        "max": 9.78935527802,
        "mean": 7.50727987289,
        "min": 6.13167667389,
        "stdev": 0.434385001659
    },
    "spectral_flux": {
        "max": 0.558794617653,
        "mean": 0.0816967487335,
        "min": 1.05173446341e-10,
        "stdev": 0.0696393251419
    },
    "spectral_kurtosis": {
        "max": 42.7373924255,
        "mean": 8.69389820099,
        "min": -1.12963926792,
        "stdev": 6.51629686356
    },
    "spectral_rms": {
        "max": 0.0207996536046,
        "mean": 0.00447656260803,
        "min": 3.2850664463e-12,
        "stdev": 0.00338944373652
    },
    "spectral_rolloff": {
        "max": 19035.3515625,
        "mean": 1416.6496582,
        "min": 64.599609375,
        "stdev": 1334.65344238
    },
    "spectral_skewness": {
        "max": 4.81320428848,
        "mean": 2.09280705452,
        "min": 0.0144890286028,
        "stdev": 0.591679036617
    },
    "spectral_spread": {
        "max": 38989540,
        "mean": 3292945.75,
        "min": 1240856,
        "stdev": 1818836.5
    },
    "spectral_strongpeak": {
        "max": 8.91085720062,
        "mean": 0.70370054245,
        "min": 0,
        "stdev": 0.968332707882
    },
    "zerocrossingrate": {
        "max": 0.671875,
        "mean": 0.0572238974273,
        "min": 0.00439453125,
        "stdev": 0.0488897971809
    },
    "barkbands": {
        "max": [0.0274743102491, 0.409229308367, 0.0612667873502, 0.0415345579386, 0.0339948609471, 0.0105204610154, 0.013665269129, 0.0400279089808, 0.0263053663075, 0.0388098657131, 0.00712602026761, 0.00675111357123, 0.0158153641969, 0.0326345972717, 0.0357371903956, 0.0183398593217, 0.0147618195042, 0.00706856464967, 0.00192823226098, 0.000548107840586, 0.000422855315264, 0.000249345117481, 0.000308555201627, 0.000304471410345, 0.0010974946199, 9.5827934274e-05, 4.10874508816e-06],
        "mean": [0.00136209430639, 0.0146539686248, 0.0018190407427, 0.00130254449323, 0.00158951070625, 0.000639573147055, 0.000687747378834, 0.00143494550139, 0.00224917847663, 0.0016741148429, 0.00056697614491, 0.000521240930539, 0.000758877198678, 0.000816263607703, 0.000738154456485, 0.000580245628953, 0.000398549571401, 0.000221171620069, 9.85724254861e-05, 4.89889644086e-05, 4.23428718932e-05, 2.98051054415e-05, 2.61427812802e-05, 1.87767909665e-05, 3.17372141581e-05, 5.59320551474e-06, 1.02156167969e-08],
        "min": [1.71327730181e-24, 2.25514980191e-23, 3.24288214691e-24, 1.08383443731e-24, 1.16751123672e-22, 1.00855977173e-23, 7.94635935027e-23, 3.85366882572e-23, 7.20271595214e-23, 9.24204129899e-23, 7.2361087498e-23, 1.29265549963e-22, 9.90237909227e-23, 1.13622640161e-22, 2.38196638684e-22, 1.53414816326e-22, 2.27437434217e-22, 3.00674094211e-22, 2.55541455936e-22, 2.89830803483e-22, 4.13791850771e-22, 6.23687113671e-22, 5.91004543259e-22, 8.54593895041e-22, 1.02984521426e-21, 1.88196897755e-21, 2.39362340337e-21],
        "stdev": [0.00339279626496, 0.0363381020725, 0.0049996948801, 0.00359290209599, 0.00307751493528, 0.00118079560343, 0.00154918490443, 0.00364150269888, 0.00315998145379, 0.00350758363493, 0.000970309542026, 0.000889682967681, 0.00149728241377, 0.00240804883651, 0.00261819339357, 0.00183329568245, 0.00136555649806, 0.000646022381261, 0.000181829629582, 7.92616483523e-05, 5.99807317485e-05, 4.16670263803e-05, 4.35071997344e-05, 3.76752468583e-05, 7.70051556174e-05, 1.20989470815e-05, 1.75067015107e-07]
    },
    "erbbands": {
        "max": [20.2613506317, 84.4421157837, 105.675819397, 132.947677612, 82.5514144897, 156.573532104, 97.4143981934, 119.862480164, 204.913742065, 278.00994873, 763.533081055, 813.487915039, 682.597167969, 981.213928223, 341.68145752, 322.656951904, 744.264099121, 1221.12695312, 1456.56738281, 1497.5213623, 1165.29626465, 855.880187988, 449.534301758, 140.897506714, 60.8865661621, 23.0433578491, 22.1488399506, 14.285867691, 10.2777261734, 15.8933563232, 7.95306062698, 5.85609149933, 6.91396713257, 15.5391921997, 4.4437661171, 0.666603982449, 0.104546844959, 0.035286359489, 0.000594840035774, 0.000478282076074],
        "mean": [0.573886096478, 2.65426445007, 2.67528700829, 3.39272809029, 4.07404184341, 5.58130216599, 6.05283975601, 5.54766845703, 10.0543661118, 15.1936235428, 33.3373832703, 57.5158882141, 45.8450737, 48.9520301819, 22.5273571014, 21.4830532074, 34.5331954956, 39.4820785522, 41.538860321, 35.1463088989, 31.8653697968, 21.8166255951, 13.3956670761, 7.10491085052, 4.10902404785, 2.18209719658, 1.91490077972, 1.51688766479, 1.09572827816, 0.915910899639, 0.69628739357, 0.422391533852, 0.357245832682, 0.33959633112, 0.196632280946, 0.0416588149965, 0.00679570063949, 0.000593466684222, 3.07106565742e-05, 3.78865224775e-05],
        "min": [7.62804665438e-22, 4.38285646139e-21, 4.41777858898e-21, 8.75091091347e-21, 1.9842513224e-19, 4.82025439895e-19, 1.20236634471e-19, 1.12477434756e-19, 9.01211519618e-19, 1.13308906368e-18, 8.59716779671e-19, 1.43743610799e-18, 2.61826011046e-18, 3.96305209324e-18, 2.32992500805e-18, 5.40315286018e-18, 4.87590669697e-18, 4.12625524169e-18, 1.07425143787e-17, 1.1882122763e-17, 1.02888033312e-17, 1.1010996526e-17, 1.63233340539e-17, 1.21788845611e-17, 1.38113048204e-17, 1.28535065989e-17, 1.85816909818e-17, 1.52056128687e-17, 2.15372916829e-17, 2.4756284889e-17, 1.54064225429e-17, 1.87577497577e-17, 1.21472275319e-17, 9.59883957454e-18, 8.57490909021e-18, 7.22298494939e-18, 3.34891453579e-18, 1.17617555761e-18, 3.21486174912e-19, 3.95594442751e-20],
        "stdev": [1.46132719517, 7.11394071579, 7.25938367844, 9.75277423859, 8.56547927856, 12.3979005814, 10.9444007874, 10.4470643997, 23.0078258514, 30.2843379974, 73.8562927246, 90.231842041, 72.9413757324, 96.0581817627, 34.0415534973, 38.9899978638, 68.8385391235, 106.465263367, 122.823509216, 120.099472046, 104.363311768, 72.2572174072, 41.1438789368, 15.9231929779, 6.65180969238, 3.42704248428, 2.89633703232, 2.03899240494, 1.50884139538, 1.52958595753, 1.13971590996, 0.757300376892, 0.775100231171, 0.954973042011, 0.415427803993, 0.0875281617045, 0.01502972655, 0.00308815087192, 6.19486017968e-05, 5.34044229425e-05]
    },
    "gfcc": {
        "mean": [-60.8098716736, 106.502105713, -150.175704956, 13.0729455948, -54.0627632141, 24.6875133514, -35.6981582642, 17.9395294189, -19.0594959259, 1.79138875008, -18.4344005585, -7.02393865585, -2.58449530602],
        "cov": [[14371.8134766, 2624.77148438, 1986.86157227, 1539.82312012, 1058.42797852, 948.75592041, 416.37197876, 266.932830811, 369.195281982, 214.329284668, 65.153465271, 417.243347168, 51.2818870544], [2624.77148438, 2269.84814453, 1027.23925781, 109.872993469, 512.687988281, -49.1215744019, 528.452697754, -2.67226481438, 413.696350098, 142.839111328, 257.806213379, 8.25959873199, 177.210983276], [1986.86157227, 1027.23925781, 1415.14855957, 492.923431396, 587.37713623, 268.685058594, 267.603424072, 57.059009552, 177.079620361, 112.591880798, 106.653739929, 140.74005127, 78.1725845337], [1539.82312012, 109.872993469, 492.923431396, 442.328674316, 234.797424316, 259.243927002, 37.5536308289, 52.5439605713, 9.5125951767, 3.17239832878, -10.8937082291, 89.8885726929, -0.926704347134], [1058.42797852, 512.687988281, 587.37713623, 234.797424316, 441.30480957, 121.378929138, 152.548431396, 39.4241371155, 102.535514832, 79.4476928711, 58.3523292542, 53.6934928894, 18.4326915741], [948.75592041, -49.1215744019, 268.685058594, 259.243927002, 121.378929138, 254.453216553, 3.30213975906, 44.7090148926, -19.0212936401, -23.3294754028, -17.4614582062, 56.6004981995, -2.17546010017], [416.37197876, 528.452697754, 267.603424072, 37.5536308289, 152.548431396, 3.30213975906, 274.892364502, 32.0750236511, 143.055480957, 48.1680526733, 52.4069900513, 10.6473894119, 38.4359664917], [266.932830811, -2.67226481438, 57.059009552, 52.5439605713, 39.4241371155, 44.7090148926, 32.0750236511, 72.9395980835, 21.6714401245, 13.4960079193, -6.1295208931, 15.4566669464, -1.85085237026], [369.195281982, 413.696350098, 177.079620361, 9.5125951767, 102.535514832, -19.0212936401, 143.055480957, 21.6714401245, 154.68989563, 62.6337089539, 59.7954673767, 7.89947271347, 28.530380249], [214.329284668, 142.839111328, 112.591880798, 3.17239832878, 79.4476928711, -23.3294754028, 48.1680526733, 13.4960079193, 62.6337089539, 95.3819046021, 33.2878112793, 17.8590660095, -2.97630000114], [65.153465271, 257.806213379, 106.653739929, -10.8937082291, 58.3523292542, -17.4614582062, 52.4069900513, -6.1295208931, 59.7954673767, 33.2878112793, 90.7038650513, 13.5652341843, 32.9770584106], [417.243347168, 8.25959873199, 140.74005127, 89.8885726929, 53.6934928894, 56.6004981995, 10.6473894119, 15.4566669464, 7.89947271347, 17.8590660095, 13.5652341843, 79.4780349731, 0.674992203712], [51.2818870544, 177.210983276, 78.1725845337, -0.926704347134, 18.4326915741, -2.17546010017, 38.4359664917, -1.85085237026, 28.530380249, -2.97630000114, 32.9770584106, 0.674992203712, 73.1646881104]],
        "icov": [[0.000323133106576, -0.000963072525337, 0.000573010649532, -0.000810315425042, 0.000115321447083, -0.000852700963151, 0.000639396545012, -0.000479522364913, 0.000398634409066, -0.000950936344452, 0.00123503804207, -0.00119722436648, 0.000341478764312], [-0.000963072525337, 0.00472399266437, -0.00257728155702, 0.00231136102229, -0.00078813242726, 0.00347790587693, -0.00309170410037, 0.00242799264379, -0.00340107642114, 0.00394059019163, -0.0054819053039, 0.00491830334067, -0.00208435114473], [0.000573010649532, -0.00257728155702, 0.00378194754012, -0.00271762767807, -0.00136512704194, -0.00226726802066, 0.0010287942132, -0.00037045031786, 0.00146250112448, -0.00291458726861, 0.00279866927303, -0.00385725568049, -0.000422497832915], [-0.000810315425042, 0.00231136102229, -0.00271762767807, 0.0103656537831, -0.00163047248498, -0.00349924806505, -0.000729574530851, 0.000788116361946, -0.00151520373765, 0.00322706368752, -0.00084751349641, 0.000212408311199, -0.000183324402315], [0.000115321447083, -0.00078813242726, -0.00136512704194, -0.00163047248498, 0.0062992842868, -0.000764354888815, -0.000687761290465, -0.000825189286843, 0.00107406568713, -0.0029688347131, -0.000690677668899, 0.000942508573644, 0.00175971386489], [-0.000852700963151, 0.00347790587693, -0.00226726802066, -0.00349924806505, -0.000764354888815, 0.0140451500192, -0.00196864455938, -0.00166199798696, -0.000963182421401, 0.00648010335863, -0.00450272997841, 0.00260694744065, -0.00120100763161], [0.000639396545012, -0.00309170410037, 0.0010287942132, -0.000729574530851, -0.000687761290465, -0.00196864455938, 0.0101610561833, -0.00309514836408, -0.00457671424374, -0.000600714585744, 0.00459163775668, -0.00312154414132, 0.000349712237949], [-0.000479522364913, 0.00242799264379, -0.00037045031786, 0.000788116361946, -0.000825189286843, -0.00166199798696, -0.00309514836408, 0.019334403798, -0.00422455556691, -0.000761508592404, 0.000798087799922, 0.000893851742148, -0.00161692732945], [0.000398634409066, -0.00340107642114, 0.00146250112448, -0.00151520373765, 0.00107406568713, -0.000963182421401, -0.00457671424374, -0.00422455556691, 0.0212505683303, -0.0087835425511, -0.00188259372953, -0.001042517717, 0.000588927534409], [-0.000950936344452, 0.00394059019163, -0.00291458726861, 0.00322706368752, -0.0029688347131, 0.00648010335863, -0.000600714585744, -0.000761508592404, -0.0087835425511, 0.0226961858571, -0.00697700306773, 0.000651944836136, 0.00300105335191], [0.00123503804207, -0.0054819053039, 0.00279866927303, -0.00084751349641, -0.000690677668899, -0.00450272997841, 0.00459163775668, 0.000798087799922, -0.00188259372953, -0.00697700306773, 0.0260597616434, -0.00966622401029, -0.00414710165933], [-0.00119722436648, 0.00491830334067, -0.00385725568049, 0.000212408311199, 0.000942508573644, 0.00260694744065, -0.00312154414132, 0.000893851742148, -0.001042517717, 0.000651944836136, -0.00966622401029, 0.0243118610233, -0.0008813480963], [0.000341478764312, -0.00208435114473, -0.000422497832915, -0.000183324402315, 0.00175971386489, -0.00120100763161, 0.000349712237949, -0.00161692732945, 0.000588927534409, 0.00300105335191, -0.00414710165933, -0.0008813480963, 0.0199921131134]]
    },
    "melbands": {
        "max": [0.142247274518, 0.0634020194411, 0.0204591117799, 0.00801873020828, 0.00343522243202, 0.00247864588164, 0.00315461563878, 0.00534694083035, 0.00592828216031, 0.00473743397743, 0.00341727258638, 0.00475778523833, 0.000898201717064, 0.000662361388095, 0.00151666870806, 0.00132033333648, 0.00263892416842, 0.00265605025925, 0.00261857593432, 0.00127873884048, 0.00146441860124, 0.00111874402501, 0.000646671105642, 0.000334765063599, 0.000121312041301, 5.46619594388e-05, 3.26732260874e-05, 1.5036825971e-05, 1.27450530272e-05, 1.27107223307e-05, 9.71085501078e-06, 5.91898196944e-06, 6.30262775303e-06, 1.04444579847e-05, 7.31026420908e-06, 4.40158692072e-06, 3.92927631765e-06, 4.84993142891e-06, 2.23109691433e-05, 8.09401262813e-06],
        "mean": [0.00459360098466, 0.00204087374732, 0.000601604697295, 0.000341241888236, 0.000231318670558, 0.000123296747915, 0.000150794890942, 0.00021632440621, 0.000270571239525, 0.00036081566941, 0.000225722440518, 0.000208936282434, 7.39133683965e-05, 6.31453949609e-05, 5.97499638388e-05, 7.81546696089e-05, 7.3544724728e-05, 6.84058250044e-05, 5.44680879102e-05, 4.13766174461e-05, 3.6251025449e-05, 2.40383396886e-05, 1.52634547703e-05, 9.69069151324e-06, 5.32885906068e-06, 3.37173469234e-06, 2.16615876525e-06, 1.27646444525e-06, 1.25572478282e-06, 1.02777732991e-06, 8.30164992749e-07, 6.47775891593e-07, 5.02783905176e-07, 5.2217336588e-07, 4.43235421699e-07, 2.80603529745e-07, 2.52220786479e-07, 2.26481247978e-07, 3.51314156433e-07, 2.44961825047e-07],
        "min": [6.49680479662e-24, 3.60361719481e-24, 5.28098278721e-24, 2.89428648505e-23, 6.78527663573e-24, 2.23975813958e-24, 1.51887562681e-23, 1.22051020977e-23, 7.29859237106e-24, 9.6117881361e-24, 1.28785755295e-23, 1.5785149312e-23, 7.93877113945e-24, 1.32164099453e-23, 1.64217190417e-23, 6.88998135482e-24, 7.59334709286e-24, 1.68404511434e-23, 1.68275390681e-23, 1.09107935558e-23, 1.42777086973e-23, 1.09996043054e-23, 1.25823243385e-23, 1.72748484449e-23, 8.42111856223e-24, 9.41274590794e-24, 8.91224048485e-24, 9.10873627001e-24, 1.15560699434e-23, 1.06495748888e-23, 8.11156244327e-24, 1.22620617994e-23, 1.30166916633e-23, 1.33259117275e-23, 8.57843872597e-24, 8.43262883169e-24, 1.31696178718e-23, 9.96301267694e-24, 4.86922618811e-24, 9.46870848942e-24],
        "stdev": [0.0112344771624, 0.00535175250843, 0.00154738721903, 0.000697220384609, 0.000434472225606, 0.000231515135965, 0.000346932676621, 0.000492280640174, 0.00053547648713, 0.000547887291759, 0.000388243584894, 0.000440135481767, 0.000117131115985, 0.000102148864244, 0.000137720722705, 0.000151792322868, 0.000212041763007, 0.000199809830519, 0.000203744522878, 0.000129365027533, 0.000122611934785, 8.21969006211e-05, 5.13070226589e-05, 2.82711735053e-05, 1.17401314128e-05, 5.79189736527e-06, 3.50809295924e-06, 2.07574385058e-06, 2.00361978386e-06, 1.60131139637e-06, 1.11223016575e-06, 8.96811570783e-07, 7.93569995494e-07, 9.43632528561e-07, 7.83324651366e-07, 4.70768270588e-07, 4.97806809108e-07, 5.2457454558e-07, 1.25098313219e-06, 5.83440282753e-07]
    },
    "melbands128": {
        "max": [0.0267428718507, 0.184072300792, 0.195883691311, 0.148254841566, 0.0792354345322, 0.0327133201063, 0.0309066362679, 0.0183408148587, 0.00828361418098, 0.00739839253947, 0.0103481449187, 0.00644258316606, 0.00377743435092, 0.00249295309186, 0.00260340189561, 0.00406223535538, 0.00274456129409, 0.00604688748717, 0.00225140620023, 0.00292198359966, 0.0103503502905, 0.0144330840558, 0.0100985402241, 0.00332460924983, 0.00991220958531, 0.00425951182842, 0.00182387128007, 0.00620204256848, 0.00836297683418, 0.0105329053476, 0.00171845115256, 0.00125394458883, 0.0012966429349, 0.00225529470481, 0.000918821140658, 0.000994678819552, 0.00117749464698, 0.00203634146601, 0.00261784391478, 0.00213647540659, 0.00149101438001, 0.00287476996891, 0.00246928585693, 0.00424861814827, 0.00294670090079, 0.00276419892907, 0.00256008189172, 0.00352962454781, 0.00330565357581, 0.00240067136474, 0.00151127343997, 0.001483721775, 0.00247570569627, 0.00151696568355, 0.00138609623536, 0.00171453179792, 0.000763653253671, 0.000999271869659, 0.000584455672652, 0.000582419452257, 0.00036656516022, 0.000271668890491, 0.000167868071003, 9.9818345916e-05, 9.73477945081e-05, 7.20713724149e-05, 4.37954258814e-05, 3.51787348336e-05, 4.5771135774e-05, 2.37158583332e-05, 1.60777053679e-05, 2.0173685698e-05, 2.24214527407e-05, 1.69186132553e-05, 2.12804225157e-05, 1.72083000507e-05, 1.60597192007e-05, 8.30180761113e-06, 1.31347278511e-05, 8.97334393812e-06, 5.89408227825e-06, 9.52044047153e-06, 7.33455681257e-06, 9.84706093732e-06, 9.19473950489e-06, 1.09824186438e-05, 1.20639169836e-05, 2.14872034121e-05, 6.40167036181e-06, 4.49764502264e-06, 4.94768801218e-06, 3.94862217945e-06, 4.93895413456e-06, 5.76848879064e-06, 6.1313680817e-06, 4.96246593684e-06, 5.06400556333e-06, 6.48286095384e-06, 4.71383418699e-06, 7.07084473106e-05, 3.92394531445e-06, 3.19915670843e-06, 3.32482841259e-06, 2.61787881755e-05, 2.34915046349e-06, 3.00180522572e-06, 2.39868700191e-06, 1.98571228793e-06, 1.16084345336e-06, 9.67908022176e-07, 1.18443176689e-06, 8.11359655017e-07, 3.24074392211e-07, 2.97671448379e-07, 1.03110835425e-06, 9.1255657253e-07, 1.96577953915e-08, 1.91509883507e-08, 1.85173281153e-08, 1.83779285123e-08, 1.78285688435e-08, 1.73681566906e-08, 1.70804952404e-08, 1.67949796293e-08, 1.64810813885e-08, 1.62793494241e-08, 1.6154102056e-08, 1.60677622318e-08],
        "mean": [0.00120703701396, 0.00491318292916, 0.00617773225531, 0.00378814921714, 0.00166483526118, 0.00079679407645, 0.000696921080817, 0.000612234463915, 0.000356058648322, 0.000343122170307, 0.000299705920042, 0.00031544372905, 0.000212022379856, 0.000128575353301, 0.000120134121971, 0.000119888551126, 0.000134845162393, 0.000195868298761, 0.000114985348773, 0.000100621589809, 0.000320173247019, 0.000421853095759, 0.000160242212587, 0.000238872555201, 0.000478979578475, 0.000367450615158, 0.000210162776057, 0.000207947465242, 0.000221079448238, 0.000298237544484, 0.000180937015102, 8.82606036612e-05, 6.25106986263e-05, 6.46731932648e-05, 7.54108550609e-05, 5.97269172431e-05, 4.77660832985e-05, 4.82917057525e-05, 7.67193050706e-05, 8.48618146847e-05, 7.8325450886e-05, 6.94059053785e-05, 6.9089976023e-05, 7.89196492406e-05, 7.75622902438e-05, 6.51479276712e-05, 5.97913895035e-05, 5.87152426306e-05, 5.2784987929e-05, 4.02983532695e-05, 4.22716002504e-05, 3.60256599379e-05, 4.33534187323e-05, 3.14088756568e-05, 3.20565522998e-05, 2.34696872212e-05, 1.73674670805e-05, 1.76643716259e-05, 1.43418374137e-05, 1.09863085527e-05, 1.02240665001e-05, 8.26191171655e-06, 5.83228211326e-06, 4.69449059892e-06, 3.9146425479e-06, 3.3799681205e-06, 3.04891295855e-06, 2.69766746896e-06, 1.97897929866e-06, 1.40886368172e-06, 1.09966310902e-06, 1.31955619054e-06, 1.42007627346e-06, 1.23739539504e-06, 1.06343588868e-06, 1.08902167995e-06, 1.0071471479e-06, 8.5254117721e-07, 8.30959152154e-07, 7.79512390636e-07, 6.83968664816e-07, 6.06497678746e-07, 5.19194259141e-07, 4.78255969938e-07, 5.04948047819e-07, 4.92969491006e-07, 5.0929537565e-07, 6.17540933945e-07, 4.29715726113e-07, 3.50239446334e-07, 2.98073587146e-07, 2.64476824441e-07, 2.42215122626e-07, 2.32164993008e-07, 2.78500152717e-07, 2.65120775111e-07, 2.03424491474e-07, 1.95433344174e-07, 2.02588367415e-07, 7.33587853574e-07, 1.68922582588e-07, 1.37725933769e-07, 1.7509516681e-07, 6.3959231511e-07, 1.32621622129e-07, 1.24699752746e-07, 8.56356834333e-08, 7.71365904484e-08, 7.04622920011e-08, 4.8716319867e-08, 5.57787416255e-08, 3.67588590677e-08, 3.72478559107e-09, 4.12540179795e-09, 1.33602036101e-08, 8.2319164818e-09, 8.24022516888e-11, 4.42756248331e-11, 4.47009790294e-11, 4.22639007125e-11, 4.05078783017e-11, 3.95717729418e-11, 3.90542771733e-11, 3.82528037024e-11, 3.66295604959e-11, 3.45683759395e-11, 3.34178205941e-11, 3.31122212982e-11],
        "min": [1.6370310357e-24, 6.42093964893e-24, 8.21613542259e-24, 7.32617015945e-24, 2.72035291064e-24, 1.90192372375e-24, 9.17996350722e-25, 6.10674680279e-25, 1.69652915371e-23, 4.45576880489e-23, 2.80772130693e-23, 7.57659326495e-24, 2.8397089461e-24, 1.80431618901e-24, 2.03540352486e-24, 2.30850677582e-24, 5.58131238902e-24, 2.36349322081e-23, 1.94285365349e-23, 1.02970077067e-23, 1.18592836207e-23, 7.69396709018e-24, 4.24299684711e-24, 1.08548483293e-23, 7.58510112981e-24, 9.22984535162e-24, 1.34900721042e-23, 1.50729577981e-23, 9.38824309937e-24, 1.46368407798e-23, 1.95357790195e-23, 1.64284227817e-23, 5.32782889763e-24, 1.68289176025e-24, 1.30344749547e-23, 1.83080022175e-23, 9.15867984278e-24, 2.1584345083e-23, 1.75536934199e-23, 7.95894073508e-24, 3.60601414868e-24, 5.62372510116e-24, 7.99478578575e-24, 4.38841270536e-24, 1.85098291247e-23, 1.67193830825e-23, 2.18633572966e-23, 8.3876677044e-24, 2.4096147625e-23, 1.72508733842e-23, 8.64510693879e-24, 3.49027720983e-24, 9.14443617028e-24, 2.32329066027e-23, 1.69899718393e-23, 5.41991065895e-24, 9.49937703483e-24, 1.61090792655e-23, 1.10403907808e-23, 9.77848706715e-24, 2.83461515291e-23, 1.19062776425e-23, 7.0207303167e-24, 9.58814045275e-24, 7.14679265593e-24, 8.13130763173e-24, 1.08601762958e-23, 1.34201916498e-23, 7.26249725148e-24, 4.70553912799e-24, 4.79081972501e-24, 1.6486036449e-23, 1.18813559488e-23, 9.44340893133e-24, 1.28967516736e-23, 1.25754352162e-23, 7.86992803711e-24, 7.64288834656e-24, 8.80032952139e-24, 6.72896380001e-24, 1.42576874075e-23, 1.44234728376e-23, 9.32652419986e-24, 1.0619787501e-23, 1.95314686835e-23, 1.60396011301e-23, 1.0760619683e-23, 6.92926505018e-24, 1.05621525345e-23, 7.40380906088e-24, 6.78006699831e-24, 9.99684692116e-24, 1.01940487368e-23, 1.11212931998e-23, 1.91079892169e-23, 9.52060764837e-24, 9.8969763417e-24, 6.16607959527e-24, 4.34251796119e-24, 3.61416032081e-24, 7.16888391672e-24, 9.67745449558e-24, 1.32522573625e-23, 1.45557348347e-23, 8.25623874443e-24, 6.81528174912e-24, 8.2023453451e-24, 7.82263740357e-24, 1.84199147587e-23, 1.1211625662e-23, 1.67939746143e-23, 1.04020824016e-23, 1.22448930306e-23, 6.66773162769e-24, 6.95259640031e-24, 1.3536646452e-23, 8.39296096108e-24, 7.73943624389e-24, 7.85802964808e-24, 8.37846721966e-24, 1.22141984528e-23, 1.00256434996e-23, 1.38899236089e-23, 1.05767062293e-23, 1.05305673327e-23, 1.37189679845e-23, 1.5947021992e-23, 9.3119831268e-24],
        "stdev": [0.00313027948141, 0.0131678339094, 0.0157417878509, 0.0113301724195, 0.00517413532361, 0.00236444175243, 0.00223933230154, 0.00160697789397, 0.000800169422291, 0.000786594348028, 0.00077179208165, 0.000729862775188, 0.00041204621084, 0.000262079556705, 0.000255534308963, 0.000285410147626, 0.000306910573272, 0.000577474769671, 0.000255282589933, 0.000257710693404, 0.000900665472727, 0.0012412564829, 0.000505252624862, 0.000377618998755, 0.00098131946288, 0.000535680330358, 0.000328474096023, 0.000523094786331, 0.000583916087635, 0.00087501865346, 0.000316793535603, 0.00016594666522, 0.000122984114569, 0.000146230930113, 0.000124130529002, 0.000115451868623, 0.000114285947348, 0.000137654409627, 0.000215172578464, 0.000172202926478, 0.000159276591148, 0.00021125774947, 0.000227773329243, 0.00028489419492, 0.000226987060159, 0.000204530457268, 0.000216291940887, 0.000245962815825, 0.00024060823489, 0.000140305055538, 0.000149090454215, 0.000114098700578, 0.000163541917573, 0.000115513168566, 0.000116060247819, 9.26262000576e-05, 5.81801505177e-05, 6.90819360898e-05, 5.03410810779e-05, 3.95152128476e-05, 3.31869414367e-05, 2.53707712545e-05, 1.42446324389e-05, 1.08501426439e-05, 8.04367391538e-06, 6.52886956232e-06, 5.23448443346e-06, 4.40396115664e-06, 4.03378862757e-06, 2.82346741187e-06, 1.99577561943e-06, 2.38105326389e-06, 2.64990035248e-06, 2.13187172449e-06, 1.80004008143e-06, 1.96038035938e-06, 1.78130665063e-06, 1.22124845348e-06, 1.2772197806e-06, 1.17733236493e-06, 1.06472282368e-06, 9.78643583949e-07, 8.42313738758e-07, 8.67036874297e-07, 9.46517786815e-07, 9.62930357673e-07, 1.06234767827e-06, 1.67139626228e-06, 8.09264520285e-07, 6.21303286152e-07, 5.35321419193e-07, 4.97884229844e-07, 4.65688799522e-07, 4.92592448609e-07, 6.46153182515e-07, 6.73934437145e-07, 4.93199365792e-07, 5.31714078988e-07, 4.54871383226e-07, 3.84167424272e-06, 4.00270891987e-07, 3.3992401427e-07, 3.77707863208e-07, 1.98615543923e-06, 2.65530047727e-07, 2.89998098424e-07, 1.95573875317e-07, 1.90606797901e-07, 1.54445416456e-07, 1.26680788526e-07, 1.48637070652e-07, 9.54924459506e-08, 1.83186248393e-08, 2.37416131199e-08, 9.11902588996e-08, 7.17932806538e-08, 8.72456107359e-10, 8.15539524801e-10, 7.88543230712e-10, 7.82624021145e-10, 7.59247775761e-10, 7.3963563052e-10, 7.27379267929e-10, 7.15226100567e-10, 7.01897484578e-10, 6.9337485753e-10, 6.88077650413e-10, 6.84405476736e-10]
    },
    "mfcc": {
        "mean": [-691.811401367, 138.850372314, -32.1465606689, -0.520362257957, 1.56033337116, 3.77137041092, 0.0667863786221, 6.61984682083, 9.05929279327, 7.01355981827, 3.35305213928, -4.01471090317, -5.38411951065],
        "cov": [[9686.13085938, 1406.36853027, 1530.75134277, 982.802734375, 1013.31512451, 967.510253906, 460.674102783, 611.69909668, 431.839294434, 92.7675247192, 165.05607605, 399.878692627, 236.16015625], [1406.36853027, 2243.78540039, 573.503723145, 455.131622314, 98.0195770264, 227.237731934, 157.954910278, 49.4526252747, 205.651641846, 181.745513916, 219.286499023, 286.467102051, 148.55380249], [1530.75134277, 573.503723145, 824.691345215, 353.570251465, 358.280853271, 298.269042969, 185.250564575, 150.213577271, 138.907836914, 10.4895420074, 62.7815132141, 105.557289124, 109.937911987], [982.802734375, 455.131622314, 353.570251465, 324.497161865, 207.318267822, 190.342102051, 115.917320251, 84.5611114502, 106.996261597, 37.2614479065, 70.553062439, 102.217063904, 71.3864135742], [1013.31512451, 98.0195770264, 358.280853271, 207.318267822, 407.84487915, 198.987991333, 132.325653076, 84.4117889404, 60.9759864807, -26.0137195587, 32.6680908203, 47.2071647644, 72.7798233032], [967.510253906, 227.237731934, 298.269042969, 190.342102051, 198.987991333, 225.092590332, 111.212814331, 97.2449417114, 78.4079208374, 12.5764026642, 39.7675476074, 63.4127731323, 49.9596786499], [460.674102783, 157.954910278, 185.250564575, 115.917320251, 132.325653076, 111.212814331, 128.305557251, 68.5015335083, 58.2351989746, 5.67104053497, 26.4630641937, 30.6196060181, 29.821723938], [611.69909668, 49.4526252747, 150.213577271, 84.5611114502, 84.4117889404, 97.2449417114, 68.5015335083, 135.829040527, 52.5031471252, 9.6494474411, 6.05948495865, 18.6063404083, 16.8657474518], [431.839294434, 205.651641846, 138.907836914, 106.996261597, 60.9759864807, 78.4079208374, 58.2351989746, 52.5031471252, 116.404144287, 39.9844284058, 38.8370857239, 45.541595459, 20.2954902649], [92.7675247192, 181.745513916, 10.4895420074, 37.2614479065, -26.0137195587, 12.5764026642, 5.67104053497, 9.6494474411, 39.9844284058, 69.3759536743, 37.4530105591, 38.04246521, 11.8209819794], [165.05607605, 219.286499023, 62.7815132141, 70.553062439, 32.6680908203, 39.7675476074, 26.4630641937, 6.05948495865, 38.8370857239, 37.4530105591, 79.6504058838, 60.2947463989, 29.0013656616], [399.878692627, 286.467102051, 105.557289124, 102.217063904, 47.2071647644, 63.4127731323, 30.6196060181, 18.6063404083, 45.541595459, 38.04246521, 60.2947463989, 108.590522766, 51.6964988708], [236.16015625, 148.55380249, 109.937911987, 71.3864135742, 72.7798233032, 49.9596786499, 29.821723938, 16.8657474518, 20.2954902649, 11.8209819794, 29.0013656616, 51.6964988708, 67.1348495483]],
        "icov": [[0.000230509875109, -5.6910681451e-05, -4.0509919927e-05, -5.30787365278e-05, -0.00028240410029, -0.000491183833219, 0.000367891101632, -0.000553440651856, -8.19680280983e-05, -2.72825263892e-06, 0.000362147926353, -0.000556509708986, 0.000382485828595], [-5.6910681451e-05, 0.000993826775812, -0.000511060934514, -0.000717785907909, 0.000725973339286, 0.000315721234074, -0.000674124865327, 0.000786555639934, 8.54329045978e-05, -0.00107537233271, -0.000671215471812, -0.000882234598976, -0.000186054516234], [-4.0509919927e-05, -0.000511060934514, 0.00341260596178, -0.00113824161235, -0.000903868000023, -0.00144198932685, -0.000158308204846, -0.000705527607352, -0.000935758056585, 0.00143786193803, 0.000662584556267, 0.0010701501742, -0.00188474555034], [-5.30787365278e-05, -0.000717785907909, -0.00113824161235, 0.00992928445339, -0.00162554648705, -0.00267309672199, -0.000589448434766, -6.64724620947e-06, -0.00206726370379, -0.000507858523633, -0.00059452134883, -0.00224311905913, -0.000205673335586], [-0.00028240410029, 0.000725973339286, -0.000903868000023, -0.00162554648705, 0.00688379257917, -0.0019362346502, -0.00277404580265, 0.00150368758477, 0.000297913065879, 0.00286548677832, -0.00186803576071, 0.00193840556312, -0.0038518907968], [-0.000491183833219, 0.000315721234074, -0.00144198932685, -0.00267309672199, -0.0019362346502, 0.0155827729031, -0.00389841804281, -0.00236811954528, -0.000217229986447, -0.000119765652926, -0.000675348972436, -0.0017129649641, 0.00075995613588], [0.000367891101632, -0.000674124865327, -0.000158308204846, -0.000589448434766, -0.00277404580265, -0.00389841804281, 0.0179823637009, -0.00450234394521, -0.00325073231943, 0.00220267078839, -0.00163046538364, 0.00178379239514, 6.07919500908e-05], [-0.000553440651856, 0.000786555639934, -0.000705527607352, -6.64724620947e-06, 0.00150368758477, -0.00236811954528, -0.00450234394521, 0.0141818365082, -0.00203289813362, -0.00220382004045, 0.00199600914493, 0.0011096727103, -0.000776003987994], [-8.19680280983e-05, 8.54329045978e-05, -0.000935758056585, -0.00206726370379, 0.000297913065879, -0.000217229986447, -0.00325073231943, -0.00203289813362, 0.017158370465, -0.00709250802174, -0.00160072895233, -0.00119913741946, 0.00329981930554], [-2.72825263892e-06, -0.00107537233271, 0.00143786193803, -0.000507858523633, 0.00286548677832, -0.000119765652926, 0.00220267078839, -0.00220382004045, -0.00709250802174, 0.0275967102498, -0.00729383621365, -0.00154375226703, -0.0012429819908], [0.000362147926353, -0.000671215471812, 0.000662584556267, -0.00059452134883, -0.00186803576071, -0.000675348972436, -0.00163046538364, 0.00199600914493, -0.00160072895233, -0.00729383621365, 0.0269906707108, -0.0103701585904, 0.000602986139711], [-0.000556509708986, -0.000882234598976, 0.0010701501742, -0.00224311905913, 0.00193840556312, -0.0017129649641, 0.00178379239514, 0.0011096727103, -0.00119913741946, -0.00154375226703, -0.0103701585904, 0.0272009707987, -0.0131869874895], [0.000382485828595, -0.000186054516234, -0.00188474555034, -0.000205673335586, -0.0038518907968, 0.00075995613588, 6.07919500908e-05, -0.000776003987994, 0.00329981930554, -0.0012429819908, 0.000602986139711, -0.0131869874895, 0.0301602184772]]
    },
    "spectral_contrast_coeffs": {
        "max": [-0.587883234024, -0.536595463753, -0.594843626022, -0.659350514412, -0.562211453915, -0.658476233482],
        "mean": [-0.751711368561, -0.795990586281, -0.769092679024, -0.813917040825, -0.797238588333, -0.759198486805],
        "min": [-0.955107867718, -0.966244876385, -0.956295073032, -0.964842438698, -0.960954070091, -0.959646582603],
        "stdev": [0.0519604869187, 0.0745449960232, 0.0633252337575, 0.040991589427, 0.0384428650141, 0.0379739776254]
    },
    "spectral_contrast_valleys": {
        "max": [-4.67528676987, -4.69736814499, -5.20216083527, -4.96571779251, -6.28751754761, -9.10778808594],
        "mean": [-7.51119327545, -6.86705589294, -7.21059846878, -7.31309223175, -8.15156650543, -11.3686723709],
        "min": [-27.234336853, -27.8171310425, -27.3636054993, -27.1996479034, -27.3098812103, -27.231546402],
        "stdev": [2.03626775742, 1.39284980297, 1.29795157909, 1.26806151867, 1.22962927818, 1.33176612854]
    }
},
"rhythm": {
    "beats_count": 26,
    "beats_loudness": {
        "max": 0.176176592708,
        "mean": 0.0326062850654,
        "min": 0.000287067785393,
        "stdev": 0.0388850495219
    },
    "bpm": 133.463058472,
    "bpm_histogram_first_peak_bpm": 133,
    "bpm_histogram_first_peak_weight": 0.272727310658,
    "bpm_histogram_second_peak_bpm": 126,
    "bpm_histogram_second_peak_spread": 0.444444477558,
    "bpm_histogram_second_peak_weight": 0.20000000298,
    "danceability": 0.795279562473,
    "onset_rate": 1.72422373295,
    "beats_loudness_band_ratio": {
        "max": [0.92579472065, 0.333775818348, 0.661867439747, 0.604126811028, 0.658064544201, 0.109570145607],
        "mean": [0.329597771168, 0.074867375195, 0.195598572493, 0.260104387999, 0.140631183982, 0.0253330674022],
        "min": [0.000334180163918, 0.00311915623024, 0.0134355062619, 0.0148525917903, 0.00400070147589, 0.000407375133364],
        "stdev": [0.327186375856, 0.0794507563114, 0.157731175423, 0.196552410722, 0.159195229411, 0.0268275663257]
    },
    "beats_position": [0.476009070873, 0.952018141747, 1.42802715302, 1.90403628349, 2.38004541397, 2.85605430603, 3.34367346764, 3.83129239082, 4.31891155243, 4.80653047562, 5.30575942993, 5.80498838425, 6.31582736969, 6.82666635513, 7.33750534058, 7.77868461609, 8.2198638916, 8.66104316711, 9.11383247375, 9.56662082672, 10.0194101334, 10.47219944, 10.9249887466, 11.3777770996, 11.8305664062, 12.2833557129],
