{
"metadata": {
    "version": {
        "essentia": "2.1-beta5",
        "essentia_git_sha": "Undefined",
        "extractor": "music 2.0"
    },
    "audio_properties": {
        "analysis": {
            "equal_loudness": 0,
            "length": 48.7502937317,
            "sample_rate": 44100,
            "start_time": 61.4980506897,
            "downmix": "mix"
        },
        "bit_rate": 192000,
        "length": 192.388931274,
        "lossless": 0,
        "number_channels": 2,
        "replay_gain": -2.43236732483,
        "sample_rate": 48000,
        "codec": "mp3",
        "md5_encoded": "b3d5b4c1d6675d7613e85102e04674c7"
    },
    "tags": {
        "file_name": "BosniaHerzegovina_Ljubav Je_Dalal _ Deen feat. Ana Rucner _ Jala.mp3",
        "encoding": ["Lavf58.29.100"]
    }
},
"lowlevel": {
    "average_loudness": 0.947377741337,
    "barkbands_crest": {
        "max": 24.4938392639,
        "mean": 11.3867998123,
        "min": 3.76410317421,
        "stdev": 3.69843792915
    },
    "barkbands_flatness_db": {
        "max": 0.259609401226,
        "mean": 0.134772375226,
        "min": 0.0537026487291,
        "stdev": 0.0301227383316
    },
    "barkbands_kurtosis": {
        "max": 63.0087280273,
        "mean": 2.37837147713,
        "min": -1.75066030025,
        "stdev": 4.10911417007
    },
    "barkbands_skewness": {
        "max": 7.32148885727,
        "mean": 1.24668061733,
        "min": -0.989543259144,
        "stdev": 0.866663753986
    },
    "barkbands_spread": {
        "max": 96.9065475464,
        "mean": 26.1591644287,
        "min": 3.15408563614,
        "stdev": 11.8848838806
    },
    "dissonance": {
        "max": 0.499772876501,
        "mean": 0.461683809757,
        "min": 0.268743932247,
        "stdev": 0.0282834097743
    },
    "dynamic_complexity": 2.10837316513,
    "erbbands_crest": {
        "max": 30.7390060425,
        "mean": 12.0619783401,
        "min": 2.26695275307,
        "stdev": 6.00529241562
    },
    "erbbands_flatness_db": {
        "max": 0.290716588497,
        "mean": 0.146090820432,
        "min": 0.0597036220133,
        "stdev": 0.0378795228899
    },
    "erbbands_kurtosis": {
        "max": 26.5750389099,
        "mean": 1.33243989944,
        "min": -1.57160997391,
        "stdev": 3.0031645298
    },
    "erbbands_skewness": {
        "max": 4.13243246078,
        "mean": 0.763679921627,
        "min": -1.59058618546,
        "stdev": 0.7722889781
    },
    "erbbands_spread": {
        "max": 128.462814331,
        "mean": 36.4958305359,
        "min": 4.17174530029,
        "stdev": 18.2896232605
    },
    "hfc": {
        "max": 113.580833435,
        "mean": 28.7316303253,
        "min": 0.727792918682,
        "stdev": 17.1032028198
    },
    "loudness_ebu128": {
        "integrated": -19.7749023438,
        "loudness_range": 2.08149337769,
        "momentary": {
            "max": -16.8013858795,
            "mean": -19.9741420746,
            "min": -24.0121173859,
            "stdev": 1.32274854183
        },
        "short_term": {
            "max": -18.1392822266,
            "mean": -19.832201004,
            "min": -21.0284004211,
            "stdev": 0.659950494766
        }
    },
    "melbands_crest": {
        "max": 28.9075298309,
        "mean": 14.6592607498,
        "min": 5.02114200592,
        "stdev": 4.16335296631
    },
    "melbands_flatness_db": {
        "max": 0.34884557128,
        "mean": 0.185626506805,
        "min": 0.0850178226829,
        "stdev": 0.0383380278945
    },
    "melbands_kurtosis": {
        "max": 157.662811279,
        "mean": 9.31472492218,
        "min": -1.44378387928,
        "stdev": 13.4346981049
    },
    "melbands_skewness": {
        "max": 10.3854703903,
        "mean": 2.153393507,
        "min": -0.767051935196,
        "stdev": 1.49771618843
    },
    "melbands_spread": {
        "max": 65.2036819458,
        "mean": 24.6302928925,
        "min": 1.96722912788,
        "stdev": 9.97823429108
    },
    "pitch_salience": {
        "max": 0.884168744087,
        "mean": 0.471570402384,
        "min": 0.115964658558,
        "stdev": 0.0784299001098
    },
    "silence_rate_20dB": {
        "max": 1,
        "mean": 1,
        "min": 1,
        "stdev": 0
    },
    "silence_rate_30dB": {
        "max": 1,
        "mean": 0.977153718472,
        "min": 0,
        "stdev": 0.149414747953
    },
    "silence_rate_60dB": {
        "max": 0,
        "mean": 0,
        "min": 0,
        "stdev": 0
    },
    "spectral_centroid": {
        "max": 3572.87207031,
        "mean": 1440.07336426,
        "min": 295.747039795,
        "stdev": 425.286010742
    },
    "spectral_complexity": {
        "max": 45,
        "mean": 20.6468353271,
        "min": 0,
        "stdev": 6.29634714127
    },
    "spectral_decrease": {
        "max": -1.42386255564e-10,
        "mean": -9.45879730097e-09,
        "min": -6.99536073512e-08,
        "stdev": 6.5735856758e-09
    },
    "spectral_energy": {
        "max": 0.269956409931,
        "mean": 0.0383057370782,
        "min": 0.000603411113843,
        "stdev": 0.0257318764925
    },
    "spectral_energyband_high": {
        "max": 0.0088859423995,
        "mean": 0.00116040243302,
        "min": 1.56364294526e-05,
        "stdev": 0.00106080400292
    },
    "spectral_energyband_low": {
        "max": 0.237071976066,
        "mean": 0.0154380472377,
        "min": 1.87925743376e-05,
        "stdev": 0.0193889904767
    },
    "spectral_energyband_middle_high": {
        "max": 0.0926597341895,
        "mean": 0.00842124875635,
        "min": 0.000203317875275,
        "stdev": 0.00896808225662
    },
    "spectral_energyband_middle_low": {
        "max": 0.0948753729463,
        "mean": 0.0152941308916,
        "min": 0.000373568851501,
        "stdev": 0.0130430310965
    },
    "spectral_entropy": {
        "max": 8.65615749359,
        "mean": 7.78101205826,
        "min": 6.67431354523,
        "stdev": 0.273686885834
    },
    "spectral_flux": {
        "max": 0.425812333822,
        "mean": 0.0991343408823,
        "min": 0.0280008260161,
        "stdev": 0.0525955185294
    },
    "spectral_kurtosis": {
        "max": 12.6501131058,
        "mean": 3.15069150925,
        "min": -0.699362516403,
        "stdev": 1.47719621658
    },
    "spectral_rms": {
        "max": 0.0162287428975,
        "mean": 0.00588705856353,
        "min": 0.00076726381667,
        "stdev": 0.00164741720073
    },
    "spectral_rolloff": {
        "max": 10981.9335938,
        "mean": 1225.6427002,
        "min": 86.1328125,
        "stdev": 1054.37646484
    },
    "spectral_skewness": {
        "max": 2.64316940308,
        "mean": 1.45010173321,
        "min": 0.528525054455,
        "stdev": 0.270768076181
    },
    "spectral_spread": {
        "max": 13797904,
        "mean": 5408665,
        "min": 3142688,
        "stdev": 1387841.75
    },
    "spectral_strongpeak": {
        "max": 11.9254198074,
        "mean": 1.33581089973,
        "min": 0.00811178050935,
        "stdev": 1.68543040752
    },
    "zerocrossingrate": {
        "max": 0.2216796875,
        "mean": 0.0634630843997,
        "min": 0.01025390625,
        "stdev": 0.0258257649839
    },
    "barkbands": {
        "max": [0.00239333813079, 0.200504720211, 0.0701298862696, 0.0199924986809, 0.0260412395, 0.0376885421574, 0.0462913550436, 0.0294552780688, 0.0916161462665, 0.0896849632263, 0.0242108087987, 0.0320747345686, 0.0128740305081, 0.0343906581402, 0.00688150525093, 0.00689252791926, 0.00750319194049, 0.00536621315405, 0.00329768541269, 0.00290710618719, 0.00283333496191, 0.00394607149065, 0.00273064291105, 0.00157640490215, 0.00344580295496, 0.000899606908206, 5.07535805809e-05],
        "mean": [0.000227191630984, 0.0120940087363, 0.00276125152595, 0.000752340245526, 0.00186540011782, 0.00160179531667, 0.00138592964504, 0.00125717360061, 0.005289175082, 0.00456613022834, 0.000982082914561, 0.00104624114465, 0.000619627709966, 0.000709296611603, 0.000370526657207, 0.000361599901225, 0.000328095338773, 0.0004462156503, 0.00035030869185, 0.000272800563835, 0.00024375000794, 0.000165706500411, 0.000180073155207, 0.000157103902893, 0.000204370269785, 6.74343755236e-05, 1.40340446819e-07],
        "min": [2.64589985477e-08, 7.30703141016e-06, 8.02246722742e-06, 1.74333843006e-06, 3.23233180097e-05, 7.86503915151e-06, 1.41934356179e-06, 4.57072883364e-06, 9.86284248938e-06, 4.3239142542e-06, 4.35277979705e-06, 5.64015454074e-06, 3.63329263564e-06, 6.15745648247e-06, 5.87354134041e-06, 5.7540414673e-06, 6.52615290164e-06, 6.22691823082e-06, 7.46694968257e-06, 4.55077997685e-06, 1.52727784553e-06, 1.99946953217e-06, 2.25888152272e-06, 1.15911348075e-06, 1.56117278038e-06, 1.28317285686e-08, 8.45615522049e-11],
        "stdev": [0.00024091998057, 0.0148430168629, 0.00538242142648, 0.00143377226777, 0.00260299560614, 0.00266005704179, 0.00382275646552, 0.00249025807716, 0.00960294157267, 0.00928001478314, 0.00203705299646, 0.00206639268436, 0.00136096542701, 0.00229975860566, 0.000597199308686, 0.000630004215054, 0.000505805306602, 0.000437347247498, 0.0003452092933, 0.000270383257885, 0.000289359421004, 0.000197504428797, 0.000190027261851, 0.000170494371559, 0.000313795288093, 0.000104178208858, 1.81105531283e-06]
    },
    "erbbands": {
        "max": [4.04430484772, 49.6476097107, 92.4470367432, 57.4245605469, 62.5054931641, 114.447349548, 271.36819458, 239.448883057, 843.447509766, 483.139862061, 487.855377197, 2249.74560547, 3222.15429688, 1948.14489746, 668.200134277, 1113.38415527, 583.177734375, 1213.71374512, 1748.62646484, 432.465209961, 419.095916748, 496.670959473, 221.417022705, 277.578155518, 165.946792603, 91.0900039673, 101.599586487, 115.4973526, 162.746002197, 60.632434845, 81.9825134277, 40.0895805359, 22.3946170807, 31.4067630768, 31.5468616486, 8.59908390045, 1.27474915981, 0.35930326581, 0.00628818850964, 0.000303371227346],
        "mean": [0.302430421114, 2.8070371151, 4.10578775406, 2.66284942627, 4.31691026688, 6.4018907547, 10.2231969833, 13.8166217804, 22.6383113861, 20.0163917542, 29.809589386, 120.644340515, 202.682495117, 50.817779541, 45.1292304993, 39.7787208557, 27.1393356323, 37.6973686218, 23.798160553, 21.8341007233, 20.0412406921, 19.0128612518, 25.4884700775, 21.5271377563, 14.4481363297, 12.950512886, 9.77808380127, 9.44664859772, 6.08799028397, 6.3974852562, 4.64801883698, 3.43331837654, 2.60346198082, 2.26677894592, 1.4337849617, 0.543757855892, 0.0676034092903, 0.00334028550424, 0.000120097844047, 5.42658599443e-05],
        "min": [0.000170294078998, 0.0018440510612, 0.0081381816417, 0.0151544408873, 0.0417178720236, 0.115662574768, 0.0823122262955, 0.193256005645, 0.148037925363, 0.114699169993, 0.454981744289, 0.388342529535, 1.10247182846, 0.340665400028, 0.392060279846, 0.316608458757, 0.275389879942, 0.390930354595, 0.520228147507, 0.742378234863, 0.894778728485, 0.392701566219, 0.329356044531, 0.464256703854, 0.28276309371, 0.251338690519, 0.118991293013, 0.0651143342257, 0.0761090144515, 0.0882476344705, 0.044537756592, 0.0313566364348, 0.019631491974, 0.015020089224, 0.0117021771148, 0.00382405915298, 0.000170826373505, 6.52650851407e-06, 3.46725846612e-06, 1.62030016782e-06],
        "stdev": [0.321084171534, 3.80488371849, 7.40273761749, 4.77484893799, 6.42862224579, 9.85985660553, 23.084733963, 19.1332988739, 65.9004745483, 37.7075805664, 47.3586158752, 214.037078857, 342.913665771, 102.33681488, 75.849861145, 74.97315979, 48.5166549683, 91.8902435303, 68.6574172974, 39.379108429, 31.4717960358, 28.7637729645, 24.8106250763, 22.6783237457, 14.6512355804, 12.2466106415, 10.2321062088, 12.7360935211, 7.76261425018, 6.70204305649, 5.05428266525, 3.7706143856, 2.92095923424, 2.94531941414, 2.63160896301, 0.805888056755, 0.117341011763, 0.0166588816792, 0.000312319840305, 3.31292721967e-05]
    },
    "gfcc": {
        "mean": [41.8901367188, 83.3570556641, -113.721382141, 40.0632553101, -63.9976119995, 32.3326225281, -30.1672973633, 32.9344406128, -23.8518238068, 5.09551286697, -16.8584156036, 2.48069286346, -4.65065956116],
        "cov": [[848.073364258, -334.3878479, -54.0148773193, -86.8047866821, -127.227249146, 59.3968315125, 27.123468399, 21.4820461273, -46.6452560425, 52.4037971497, -51.6599578857, 26.5178642273, -35.9937553406], [-334.3878479, 491.316802979, -124.482223511, -23.4496688843, 53.7672119141, -52.2849159241, 53.8790740967, -69.095161438, 33.7286262512, -75.8494415283, 84.9107971191, -53.9443626404, 22.8947486877], [-54.0148773193, -124.482223511, 302.427124023, 62.1681251526, 1.5029668808, -37.0515975952, -77.6225967407, 22.5292053223, -25.4758739471, 32.7708625793, -40.6124305725, 48.5493545532, -7.67682933807], [-86.8047866821, -23.4496688843, 62.1681251526, 206.050811768, 29.9031009674, -52.0424575806, -74.8551483154, 0.676145732403, 31.7428569794, -13.546459198, -10.793507576, 15.7682847977, 51.0657920837], [-127.227249146, 53.7672119141, 1.5029668808, 29.9031009674, 172.063858032, 24.6459980011, -10.1901950836, -2.96678256989, 6.04576301575, -2.41790747643, -10.0706243515, -19.2775230408, -0.935060322285], [59.3968315125, -52.2849159241, -37.0515975952, -52.0424575806, 24.6459980011, 158.736328125, 81.5231399536, 3.61380243301, -16.6662559509, 5.04196310043, 7.10864830017, -34.9827919006, -23.9430561066], [27.123468399, 53.8790740967, -77.6225967407, -74.8551483154, -10.1901950836, 81.5231399536, 160.59513855, 24.0968990326, -11.1273078918, -22.8274307251, 6.85148859024, -25.1370182037, -30.3767662048], [21.4820461273, -69.095161438, 22.5292053223, 0.676145732403, -2.96678256989, 3.61380243301, 24.0968990326, 100.85925293, 38.3913078308, -3.8394575119, -30.4942493439, 0.0181779377162, 5.06952142715], [-46.6452560425, 33.7286262512, -25.4758739471, 31.7428569794, 6.04576301575, -16.6662559509, -11.1273078918, 38.3913078308, 92.5408554077, 6.93359422684, -4.83585309982, -16.4224624634, 16.5162448883], [52.4037971497, -75.8494415283, 32.7708625793, -13.546459198, -2.41790747643, 5.04196310043, -22.8274307251, -3.8394575119, 6.93359422684, 78.3377532959, 26.4582710266, 19.9788665771, -21.2939357758], [-51.6599578857, 84.9107971191, -40.6124305725, -10.793507576, -10.0706243515, 7.10864830017, 6.85148859024, -30.4942493439, -4.83585309982, 26.4582710266, 109.310630798, 19.3288860321, -4.71795272827], [26.5178642273, -53.9443626404, 48.5493545532, 15.7682847977, -19.2775230408, -34.9827919006, -25.1370182037, 0.0181779377162, -16.4224624634, 19.9788665771, 19.3288860321, 84.8380279541, 22.1998252869], [-35.9937553406, 22.8947486877, -7.67682933807, 51.0657920837, -0.935060322285, -23.9430561066, -30.3767662048, 5.06952142715, 16.5162448883, -21.2939357758, -4.71795272827, 22.1998252869, 87.8641738892]],
        "icov": [[0.00211229664274, 0.00135205220431, 0.00103720906191, 0.000402009231038, 0.00105176609941, -3.98270130972e-05, -0.000204436830245, 0.000350606773281, 0.000497999368235, -0.000695014547091, 0.000826615490951, -0.000269098411081, 0.000129742198624], [0.00135205220431, 0.010646651499, -0.00182923197281, 0.00417263619602, -0.00390559225343, 0.00803608074784, -0.00680395960808, 0.00900467019528, -0.0073997490108, 0.00999239645898, -0.0099093625322, 0.00651800073683, -0.00389511184767], [0.00103720906191, -0.00182923197281, 0.0066648083739, -0.00250182533637, 0.00183267600369, -0.00244427775033, 0.00385897373781, -0.00434422679245, 0.00492649246007, -0.00486184097826, 0.00528722908348, -0.00420544389635, 0.0031182419043], [0.000402009231038, 0.00417263619602, -0.00250182533637, 0.00922549329698, -0.00282371370122, 0.00373162445612, -0.000858812476508, 0.00451140059158, -0.00580176664516, 0.00634714215994, -0.00467521278188, 0.00246347975917, -0.00431796582416], [0.00105176609941, -0.00390559225343, 0.00183267600369, -0.00282371370122, 0.00911057647318, -0.00537817226723, 0.00394845800474, -0.00378305884078, 0.00376177579165, -0.00518686743453, 0.00575072085485, -0.00229879119433, 0.00238997046836], [-3.98270130972e-05, 0.00803608074784, -0.00244427775033, 0.00373162445612, -0.00537817226723, 0.0171194151044, -0.0107983741909, 0.00697611318901, -0.00380936684087, 0.00487357983366, -0.00912537239492, 0.0100026186556, -0.00514064636081], [-0.000204436830245, -0.00680395960808, 0.00385897373781, -0.000858812476508, 0.00394845800474, -0.0107983741909, 0.01740308851, -0.0100634489208, 0.00602228846401, -0.00201053661294, 0.00581215368584, -0.00608116434887, 0.0064514791593], [0.000350606773281, 0.00900467019528, -0.00434422679245, 0.00451140059158, -0.00378305884078, 0.00697611318901, -0.0100634489208, 0.0236871559173, -0.0150931049138, 0.009949689731, -0.0054005952552, 0.00332467560656, -0.00407095532864], [0.000497999368235, -0.0073997490108, 0.00492649246007, -0.00580176664516, 0.00376177579165, -0.00380936684087, 0.00602228846401, -0.0150931049138, 0.0247718431056, -0.0141778355464, 0.00762003893033, 0.000871496973559, -1.41338750836e-05], [-0.000695014547091, 0.00999239645898, -0.00486184097826, 0.00634714215994, -0.00518686743453, 0.00487357983366, -0.00201053661294, 0.009949689731, -0.0141778355464, 0.0324435941875, -0.0157077591866, 0.00096134096384, 0.00244304374792], [0.000826615490951, -0.0099093625322, 0.00528722908348, -0.00467521278188, 0.00575072085485, -0.00912537239492, 0.00581215368584, -0.0054005952552, 0.00762003893033, -0.0157077591866, 0.0243001319468, -0.0110831242055, 0.00486130639911], [-0.000269098411081, 0.00651800073683, -0.00420544389635, 0.00246347975917, -0.00229879119433, 0.0100026186556, -0.00608116434887, 0.00332467560656, 0.000871496973559, 0.00096134096384, -0.0110831242055, 0.0248496998101, -0.0100052896887], [0.000129742198624, -0.00389511184767, 0.0031182419043, -0.00431796582416, 0.00238997046836, -0.00514064636081, 0.0064514791593, -0.00407095532864, -1.41338750836e-05, 0.00244304374792, 0.00486130639911, -0.0100052896887, 0.0197049304843]]
    },
    "melbands": {
        "max": [0.0478841997683, 0.0467305704951, 0.00992969609797, 0.00613114517182, 0.00730665866286, 0.00535444868729, 0.0108843166381, 0.00630872603506, 0.00531105138361, 0.0163696780801, 0.0162576399744, 0.00994555652142, 0.00240228511393, 0.00441262125969, 0.00145912670996, 0.00150736968499, 0.00281616044231, 0.0038406511303, 0.000664379796945, 0.0006223457749, 0.000659097044263, 0.000656125426758, 0.000171374165802, 0.000298725266475, 0.000222028393182, 0.000108543958049, 0.000165843041032, 7.91104830569e-05, 7.06992650521e-05, 7.44128483348e-05, 6.83360267431e-05, 0.000124831669382, 4.95252752444e-05, 2.78506759059e-05, 3.31132832798e-05, 6.15709359408e-05, 2.43174163188e-05, 1.80295137397e-05, 2.07115863304e-05, 2.87023303827e-05],
        "mean": [0.00310785602778, 0.00267226970755, 0.000515621330123, 0.000386657862691, 0.000346072833054, 0.000328424590407, 0.000312615156872, 0.00023195061658, 0.000251894671237, 0.000856394297443, 0.00101020094007, 0.00019776415138, 0.000137346825795, 0.00012425656314, 7.33356719138e-05, 6.69675355311e-05, 7.1822119935e-05, 4.19266762037e-05, 2.84687776002e-05, 2.81429402094e-05, 2.26463107538e-05, 2.00068370759e-05, 2.24317573156e-05, 1.92093157239e-05, 1.77687506948e-05, 1.08292242658e-05, 9.40570316743e-06, 8.4961329776e-06, 5.93318509345e-06, 5.72271619603e-06, 5.17166790814e-06, 3.37156984642e-06, 3.28978057951e-06, 3.52804090653e-06, 2.6285590593e-06, 2.33568744079e-06, 2.10018242797e-06, 1.83611132343e-06, 1.76781600203e-06, 1.96419341592e-06],
        "min": [1.82582516572e-06, 3.67248344446e-06, 3.05815797219e-06, 8.78505761648e-06, 3.88015359931e-06, 1.45788817463e-06, 1.95709321815e-06, 6.36196716641e-07, 1.92198172044e-06, 1.84822783922e-06, 3.17763033308e-06, 1.2694263205e-06, 9.48728256844e-07, 1.02066860563e-06, 6.32600460904e-07, 2.13068943822e-07, 4.82307257244e-07, 7.62724766901e-07, 6.9236273248e-07, 4.55005476852e-07, 7.36938261525e-07, 3.65565142602e-07, 3.59185179377e-07, 2.79087629451e-07, 3.8413998027e-07, 2.36864181602e-07, 1.60701446816e-07, 1.42740631759e-07, 5.47271099549e-08, 3.0180370203e-08, 3.93767791707e-08, 4.92262870466e-08, 3.34181677886e-08, 5.04235906362e-08, 1.97727487716e-08, 2.46098608159e-08, 1.81576673697e-08, 1.39736888727e-08, 7.97539634334e-09, 1.06390256605e-08],
        "stdev": [0.00353464810178, 0.0041012596339, 0.000821109802928, 0.000544341455679, 0.000675752235111, 0.000472087325761, 0.000868902017828, 0.000484297139337, 0.000448549020803, 0.00156195100863, 0.00173477758653, 0.000486273347633, 0.000254257553024, 0.000251636869507, 0.000133057284984, 0.000164506607689, 0.000196690438315, 0.000154626424774, 5.09109595441e-05, 5.14842176926e-05, 3.94372254959e-05, 3.71250025637e-05, 2.2020063625e-05, 1.94141157408e-05, 2.00539980142e-05, 1.10691380542e-05, 1.18027919598e-05, 8.37758580019e-06, 6.4825849222e-06, 6.74496186548e-06, 7.50134586269e-06, 5.07573895447e-06, 3.64070274372e-06, 3.72354929823e-06, 2.73752107205e-06, 2.98963095702e-06, 2.40599365497e-06, 2.2689225716e-06, 1.94890299099e-06, 2.7577509627e-06]
    },
    "melbands128": {
        "max": [0.00210259715095, 0.0213298760355, 0.0733758658171, 0.0881793797016, 0.0583566874266, 0.0287168528885, 0.0111589804292, 0.0089756725356, 0.00895091705024, 0.00753354234621, 0.00738339638337, 0.00771571882069, 0.0124025624245, 0.0154630197212, 0.00775512028486, 0.00461575388908, 0.021880351007, 0.0109351230785, 0.00635443767533, 0.00556259276345, 0.0117570217699, 0.00670198490843, 0.00811031833291, 0.0141174672171, 0.0176823642105, 0.0373819135129, 0.0213389303535, 0.0326090566814, 0.0253063701093, 0.0198041908443, 0.00479755410925, 0.00750681664795, 0.00466265063733, 0.00454156752676, 0.00618852814659, 0.00701596448198, 0.00540301576257, 0.00221973191947, 0.00239564687945, 0.00296512944624, 0.0029914714396, 0.00463780900463, 0.00390278827399, 0.00616612937301, 0.00631726067513, 0.00512446463108, 0.000870499759912, 0.0010575868655, 0.000997441238724, 0.00153633789159, 0.00123192626052, 0.00127453601453, 0.000907685433049, 0.00124699401204, 0.000777663837653, 0.00137876090594, 0.000644089945126, 0.000367149914382, 0.000377525953809, 0.000350127200363, 0.000342547893524, 0.000344714819221, 0.000523807830177, 0.000309799797833, 0.000169904247741, 0.000168723679963, 0.000161220668815, 0.000394380360376, 0.000239064494963, 0.000140041825944, 0.000151160653331, 0.000140276475577, 0.000203113129828, 0.000110729750304, 0.000100610181107, 0.000113010974019, 5.61886336072e-05, 0.000165964796906, 9.13629774004e-05, 8.8678119937e-05, 0.000217257489567, 9.54167262535e-05, 4.27295744885e-05, 6.5851083491e-05, 3.86632455047e-05, 7.25175559637e-05, 3.15762408718e-05, 2.29177876463e-05, 3.24638931488e-05, 4.60919800389e-05, 0.000158920287504, 3.60225785698e-05, 2.83588597085e-05, 3.2018746424e-05, 4.51586238341e-05, 2.41118814301e-05, 2.55783070315e-05, 1.89134589164e-05, 1.64170487551e-05, 4.197573071e-05, 3.06943111354e-05, 4.68511752842e-05, 4.23582459916e-05, 5.23097878613e-05, 5.27713236806e-05, 5.04665076733e-05, 4.0092447307e-05, 2.28578865062e-05, 2.03693925869e-05, 1.0520372598e-05, 1.12128054752e-05, 9.71787994786e-06, 9.54527422437e-06, 1.30197158796e-05, 6.90476690579e-06, 1.09828288259e-05, 1.86948807368e-06, 8.49759640431e-09, 8.18934697833e-09, 7.95898813521e-09, 7.78056374884e-09, 7.5870909555e-09, 7.39886063528e-09, 7.25957871595e-09, 7.16056680616e-09, 7.03925362444e-09, 6.97181601339e-09, 6.93007340402e-09],
        "mean": [0.000201963208383, 0.00197130860761, 0.00464153336361, 0.00473984563723, 0.00271751359105, 0.0011469477322, 0.000494647305459, 0.000373474962544, 0.000456915819086, 0.000393105932744, 0.000345169188222, 0.00032838381594, 0.000354752119165, 0.000363751722034, 0.000302614178509, 0.000259712076513, 0.000483438314404, 0.000304390792735, 0.000145577898365, 0.000192350373254, 0.000334378390107, 0.000191024766536, 0.000223070921493, 0.000311041425448, 0.000584664288908, 0.00132102519274, 0.000972047622781, 0.001393182436, 0.000559406238608, 0.000166131358128, 0.000117929150292, 0.000122387951706, 0.000109560642159, 0.000189523649169, 0.000136123097036, 9.50266694417e-05, 0.000120191245514, 8.13198639662e-05, 3.9971928345e-05, 3.89530941902e-05, 9.63164275163e-05, 7.09701489541e-05, 5.78810504521e-05, 9.17013094295e-05, 5.63164212508e-05, 2.87648181256e-05, 2.7175705327e-05, 2.71473236353e-05, 2.97038586723e-05, 3.1812924135e-05, 2.71000935754e-05, 2.71422013611e-05, 2.00154299819e-05, 2.19878620555e-05, 2.49170534516e-05, 2.17929791688e-05, 1.34017927849e-05, 1.49727557073e-05, 2.9975477446e-05, 3.05744688376e-05, 1.45124258779e-05, 1.18660300359e-05, 2.52831232501e-05, 1.76891389856e-05, 1.01936220744e-05, 1.14167869469e-05, 1.01075884231e-05, 9.59717181104e-06, 9.77023410087e-06, 8.33651483845e-06, 9.41436792345e-06, 8.24929884402e-06, 5.84715235163e-06, 5.19080458616e-06, 6.5413437369e-06, 5.53727977604e-06, 4.58954264104e-06, 7.85831616668e-06, 4.99903489981e-06, 3.0077349038e-06, 3.73387661057e-06, 3.54898384103e-06, 2.58709314949e-06, 3.21936249748e-06, 3.46992806044e-06, 4.79894197269e-06, 2.98300869872e-06, 2.48902256317e-06, 2.59285911852e-06, 2.66654819825e-06, 2.82012592834e-06, 2.13392968362e-06, 1.6806501435e-06, 2.11854603549e-06, 2.44830584961e-06, 2.01663738153e-06, 1.60721538123e-06, 1.66587494732e-06, 1.68417318491e-06, 1.85443320788e-06, 2.0527597826e-06, 2.03421063816e-06, 1.74515946583e-06, 1.85252929441e-06, 1.53280120685e-06, 1.69984207332e-06, 1.35464108553e-06, 1.04541004475e-06, 1.00702516193e-06, 7.04799219875e-07, 6.06671790138e-07, 2.68582624585e-07, 6.66215456135e-08, 3.77080304759e-08, 3.44893535953e-08, 3.27242837272e-08, 6.94024437919e-09, 1.84159267697e-11, 1.01461235247e-11, 9.85682976212e-12, 9.60271966111e-12, 9.38981011001e-12, 9.19040624853e-12, 9.01565887917e-12, 8.75216132207e-12, 8.39690122989e-12, 8.19546687458e-12, 8.13021264895e-12],
        "min": [1.84011241799e-08, 4.52210485946e-07, 2.16417356569e-06, 3.25386190525e-06, 4.00835779146e-06, 3.93664504372e-06, 3.08306198349e-06, 1.12484383408e-06, 2.5054011985e-06, 1.76109074346e-06, 1.13774331112e-06, 4.45487899015e-07, 1.0401006989e-07, 8.09007929092e-07, 4.79440075196e-07, 1.55376497446e-07, 3.35522088335e-07, 3.77826552267e-07, 2.20698169073e-07, 2.24605045673e-07, 1.28864627413e-07, 3.76872790753e-08, 4.95541563339e-08, 5.94122298025e-07, 1.74348076598e-06, 5.31934915671e-07, 7.51768254759e-07, 2.55012508887e-07, 2.59190215957e-07, 3.29625038376e-07, 1.21767044448e-07, 1.75237772737e-07, 1.18295325535e-07, 4.83026667553e-08, 1.42394355862e-07, 1.86911179867e-07, 1.29867387955e-07, 2.37314822016e-07, 6.94728825579e-08, 4.03693647399e-08, 3.57159173348e-08, 4.04430160472e-08, 4.90974834122e-08, 1.26699433167e-07, 1.33003851488e-07, 2.02832382001e-07, 1.69410895978e-07, 4.50360211346e-08, 9.45260367757e-08, 1.41228213124e-07, 2.48154805149e-07, 1.95739801256e-07, 1.94364901063e-07, 1.61530124387e-07, 2.50334153407e-07, 9.70444489212e-08, 1.64629796018e-07, 1.924198898e-07, 2.20541366502e-07, 3.0803320783e-07, 7.76196600327e-08, 2.75712579878e-07, 2.23293682211e-07, 2.41764269049e-07, 2.66032657237e-07, 9.63686872524e-08, 2.92947987646e-07, 6.45456808002e-08, 1.25321108158e-07, 1.84465591246e-07, 1.9527881534e-07, 5.82438950403e-08, 3.691032191e-08, 4.56649331682e-08, 3.81626072965e-08, 1.89122797423e-08, 3.6681068849e-08, 3.23166631233e-08, 2.85615548989e-08, 4.45837038399e-08, 4.77250914344e-08, 1.8179706629e-08, 1.30790747122e-08, 2.99082927313e-08, 2.55637981894e-08, 2.73727298605e-08, 3.36070478113e-08, 2.17145519343e-08, 1.09070077414e-08, 1.24119070577e-08, 1.01492583227e-08, 1.28378410125e-08, 1.07818101114e-08, 4.94738428003e-09, 1.07217408285e-08, 3.91506871367e-09, 8.01084443225e-09, 7.22094561922e-09, 5.73961322914e-09, 1.97392724388e-09, 1.45106531235e-08, 5.85015769161e-09, 1.03724104861e-08, 2.4745452909e-10, 4.39086017545e-10, 1.34863148427e-10, 2.82094986259e-10, 1.11447531759e-10, 9.69300421177e-12, 6.81353098941e-11, 1.48142544239e-12, 5.11080002104e-13, 4.51592295459e-13, 2.97145229429e-13, 2.44242993885e-13, 2.75040786587e-13, 2.55978560831e-13, 3.10817208559e-13, 3.04135677146e-13, 3.09028627341e-13, 2.96861005829e-13, 2.79889745278e-13, 2.84833354819e-13, 3.13664919776e-13, 2.0023418416e-13, 8.50212031312e-14, 8.63553562561e-15, 3.55030101133e-16],
        "stdev": [0.000225185445743, 0.00213781697676, 0.00558579945937, 0.00699367467314, 0.00491055473685, 0.00216099130921, 0.000988263520412, 0.000668454100378, 0.000765255070291, 0.000693070294801, 0.000614646938629, 0.000728943909053, 0.00101904501207, 0.000951446709223, 0.000526102085132, 0.000444838282419, 0.00163317366969, 0.000971870846115, 0.000477117544506, 0.000438926421339, 0.00088255450828, 0.000453473243397, 0.00055103370687, 0.000856065715197, 0.00117018958554, 0.0033057492692, 0.00201937905513, 0.00309246079996, 0.00159356428776, 0.000756349007133, 0.000389098073356, 0.000456053792732, 0.000326334731653, 0.000390304310713, 0.000425696285674, 0.000309056427795, 0.000307487847749, 0.000186818200746, 0.000108168671431, 0.000114461945486, 0.000300273823086, 0.000247035612119, 0.000186200995813, 0.000374291528715, 0.000318861508276, 0.000156838868861, 6.0458038206e-05, 6.41175720375e-05, 7.50943072489e-05, 0.000102111735032, 6.79966178723e-05, 7.25355639588e-05, 5.01414433529e-05, 5.785463145e-05, 4.75681554235e-05, 6.41930964775e-05, 2.64722984866e-05, 2.25218645937e-05, 4.06864819524e-05, 4.11856999563e-05, 2.10418620554e-05, 1.60289891937e-05, 4.50413572253e-05, 2.31220110436e-05, 1.36917597047e-05, 1.52728298417e-05, 1.38834493555e-05, 1.78927057277e-05, 1.72246673174e-05, 1.17737818073e-05, 1.27831553982e-05, 1.01782525235e-05, 9.38997618505e-06, 7.41436997487e-06, 8.92540538189e-06, 8.34870934341e-06, 5.76600450586e-06, 1.45973735926e-05, 8.09045104688e-06, 4.46095828011e-06, 7.94490642875e-06, 5.55706719751e-06, 2.99792486658e-06, 4.3010149966e-06, 4.08969935961e-06, 6.9403422458e-06, 3.26232611769e-06, 2.68497478828e-06, 2.9837940474e-06, 3.47148238689e-06, 5.32384638063e-06, 2.69018823928e-06, 2.32257571042e-06, 2.45531236942e-06, 3.86858528145e-06, 2.92824393e-06, 2.15950490201e-06, 1.94096423911e-06, 1.91084177459e-06, 2.45415981226e-06, 2.76818013845e-06, 3.12035626848e-06, 3.55438169208e-06, 3.99630880565e-06, 3.4530432913e-06, 3.21035554407e-06, 2.35733614318e-06, 2.04934326575e-06, 1.49013021655e-06, 1.01819659903e-06, 1.0301613429e-06, 5.10513700647e-07, 3.58581132787e-07, 3.58945840162e-07, 3.00410675891e-07, 3.36963410064e-07, 7.9734761016e-08, 2.15040388274e-10, 1.78827147534e-10, 1.73804928782e-10, 1.69916108961e-10, 1.65693209153e-10, 1.61588825653e-10, 1.58549520735e-10, 1.56393495376e-10, 1.53754758925e-10, 1.52286225297e-10, 1.51375967317e-10]
    },
    "mfcc": {
        "mean": [-599.555969238, 106.660385132, 9.63028812408, 18.322599411, 3.13389778137, 1.05594623089, 10.0864772797, 16.9705200195, 11.0959749222, 7.79522132874, 3.95633077621, -0.733894109726, -1.68285036087],
        "cov": [[882.992553711, -272.907806396, -53.8852653503, -126.376312256, -147.814956665, 11.2745685577, 3.65866947174, -2.9291768074, -3.49687314034, 19.6773586273, 22.7896518707, -3.33767676353, -50.246257782], [-272.907806396, 409.418182373, -104.980621338, -19.8572158813, -12.9395475388, 6.94138240814, 40.3503112793, 5.45328426361, -48.3069572449, -4.35151815414, 21.8644142151, -6.62869644165, 6.61876869202], [-53.8852653503, -104.980621338, 240.582778931, 50.6549873352, 9.96607589722, -31.5843677521, -36.788936615, -21.6315593719, 9.88814640045, -47.1861419678, -21.1952991486, 29.8557262421, 14.9578304291], [-126.376312256, -19.8572158813, 50.6549873352, 214.844573975, 88.7292556763, -46.4978981018, -80.2266845703, -16.9726581573, 21.2634792328, -37.9233627319, -57.204498291, -5.97774744034, 28.3609981537], [-147.814956665, -12.9395475388, 9.96607589722, 88.7292556763, 187.391326904, 0.202515691519, -44.5805168152, -28.4180641174, 22.3753643036, 10.6619215012, -27.3322887421, -19.7459640503, 11.440747261], [11.2745685577, 6.94138240814, -31.5843677521, -46.4978981018, 0.202515691519, 114.626434326, 59.4265403748, 2.28587865829, -22.5789585114, 15.8320856094, 18.7443141937, -8.23116493225, -16.4788188934], [3.65866947174, 40.3503112793, -36.788936615, -80.2266845703, -44.5805168152, 59.4265403748, 136.123519897, 37.4248580933, -27.7391796112, 8.41835212708, 35.1573905945, -3.37824296951, -17.8783683777], [-2.9291768074, 5.45328426361, -21.6315593719, -16.9726581573, -28.4180641174, 2.28587865829, 37.4248580933, 90.4471359253, 38.8366851807, 17.8877506256, 5.08341169357, -7.36834335327, -12.5536823273], [-3.49687314034, -48.3069572449, 9.88814640045, 21.2634792328, 22.3753643036, -22.5789585114, -27.7391796112, 38.8366851807, 106.685279846, 35.3633422852, -19.6968193054, -19.3970794678, -15.7771520615], [19.6773586273, -4.35151815414, -47.1861419678, -37.9233627319, 10.6619215012, 15.8320856094, 8.41835212708, 17.8877506256, 35.3633422852, 94.038482666, 37.3617515564, -13.5463676453, -30.6068229675], [22.7896518707, 21.8644142151, -21.1952991486, -57.204498291, -27.3322887421, 18.7443141937, 35.1573905945, 5.08341169357, -19.6968193054, 37.3617515564, 84.0549316406, 24.3881950378, -17.097196579], [-3.33767676353, -6.62869644165, 29.8557262421, -5.97774744034, -19.7459640503, -8.23116493225, -3.37824296951, -7.36834335327, -19.3970794678, -13.5463676453, 24.3881950378, 76.8437957764, 34.7720413208], [-50.246257782, 6.61876869202, 14.9578304291, 28.3609981537, 11.440747261, -16.4788188934, -17.8783683777, -12.5536823273, -15.7771520615, -30.6068229675, -17.097196579, 34.7720413208, 82.6222839355]],
        "icov": [[0.00216712616384, 0.00179309630767, 0.00120091426652, 0.000742818927392, 0.0015448264312, 0.000108637046651, 0.000650279223919, 0.000518412271049, 0.000334052630933, 0.000350759277353, 1.75596051122e-05, 5.95955098106e-05, 0.00090140174143], [0.00179309630767, 0.00448081549257, 0.00227593164891, 0.000400612596422, 0.00114345783368, 0.000721353688277, -1.51244976223e-05, 0.000122334371554, 0.00141703849658, 0.000812258513179, -0.000706346763764, 0.000547638628632, 0.000377657677745], [0.00120091426652, 0.00227593164891, 0.00657273363322, -0.000208890982321, 0.000709821586497, 0.000721786054783, 0.000204583120649, 0.00152761384379, -0.00136656383984, 0.00341800716706, -0.000354314426659, -0.00227975519374, 0.00164318876341], [0.000742818927392, 0.000400612596422, -0.000208890982321, 0.00860282965004, -0.00273213908076, 0.00104904815089, 0.00326556689106, -0.0013649603352, 0.000222132133786, 0.0024357852526, 0.00199637212791, 0.000142177348607, -0.000110752429464], [0.0015448264312, 0.00114345783368, 0.000709821586497, -0.00273213908076, 0.00912807416171, -0.00158702931367, 0.000709437706973, 0.00318437791429, -0.00117345899343, -0.00225018779747, 0.000423146499088, 0.00182592414785, -0.00102447264362], [0.000108637046651, 0.000721353688277, 0.000721786054783, 0.00104904815089, -0.00158702931367, 0.0127510149032, -0.0053770611994, 0.00125992984977, 0.00219078338705, -0.00173566583544, 0.00101754500065, 6.051571836e-05, 0.00126880896278], [0.000650279223919, -1.51244976223e-05, 0.000204583120649, 0.00326556689106, 0.000709437706973, -0.0053770611994, 0.0152926100418, -0.00690654665232, 0.00360548659228, 0.00235748896375, -0.00312832742929, 0.0019446463557, 0.000423785822932], [0.000518412271049, 0.000122334371554, 0.00152761384379, -0.0013649603352, 0.00318437791429, 0.00125992984977, -0.00690654665232, 0.0188259333372, -0.00891869422048, -5.49766336917e-05, -0.000101626101241, -0.000504685856868, 0.000141669937875], [0.000334052630933, 0.00141703849658, -0.00136656383984, 0.000222132133786, -0.00117345899343, 0.00219078338705, 0.00360548659228, -0.00891869422048, 0.0192611794919, -0.00838919077069, 0.00595854176208, 0.000578458129894, 0.00184516317677], [0.000350759277353, 0.000812258513179, 0.00341800716706, 0.0024357852526, -0.00225018779747, -0.00173566583544, 0.00235748896375, -5.49766336917e-05, -0.00838919077069, 0.0224689934403, -0.0113319745287, 0.002619050676, 0.00243485346437], [1.75596051122e-05, -0.000706346763764, -0.000354314426659, 0.00199637212791, 0.000423146499088, 0.00101754500065, -0.00312832742929, -0.000101626101241, 0.00595854176208, -0.0113319745287, 0.0252515152097, -0.0107289021835, 0.00557874655351], [5.95955098106e-05, 0.000547638628632, -0.00227975519374, 0.000142177348607, 0.00182592414785, 6.051571836e-05, 0.0019446463557, -0.000504685856868, 0.000578458129894, 0.002619050676, -0.0107289021835, 0.0232140868902, -0.0104496227577], [0.00090140174143, 0.000377657677745, 0.00164318876341, -0.000110752429464, -0.00102447264362, 0.00126880896278, 0.000423785822932, 0.000141669937875, 0.00184516317677, 0.00243485346437, 0.00557874655351, -0.0104496227577, 0.0196764040738]]
    },
    "spectral_contrast_coeffs": {
        "max": [-0.534884512424, -0.452811002731, -0.425812989473, -0.590627610683, -0.60941696167, -0.686486244202],
        "mean": [-0.760979354382, -0.73622572422, -0.685712277889, -0.781218886375, -0.788919448853, -0.771354854107],
        "min": [-0.889054000378, -0.943566977978, -0.883633971214, -0.891759932041, -0.867973804474, -0.85763156414],
        "stdev": [0.0558966845274, 0.0753912180662, 0.0819498077035, 0.0500022321939, 0.0315017476678, 0.0276987031102]
    },
    "spectral_contrast_valleys": {
        "max": [-4.56068563461, -4.76612281799, -5.5835018158, -6.23449993134, -5.6834821701, -8.1693687439],
        "mean": [-6.28573179245, -6.55307006836, -7.08361434937, -7.45597267151, -7.12459802628, -9.53830528259],
        "min": [-7.8991689682, -8.16879653931, -8.60639953613, -8.71631717682, -8.80223655701, -11.7211751938],
        "stdev": [0.36926394701, 0.436769127846, 0.454890310764, 0.365662544966, 0.344528436661, 0.600196123123]
    }
},
"rhythm": {
    "beats_count": 137,
    "beats_loudness": {
        "max": 0.109655693173,
        "mean": 0.0396957620978,
        "min": 0.0110023468733,
        "stdev": 0.0215073116124
    },
    "bpm": 172.265518188,
    "bpm_histogram_first_peak_bpm": 172,
    "bpm_histogram_first_peak_weight": 0,
    "bpm_histogram_second_peak_bpm": 167,
    "bpm_histogram_second_peak_spread": 0,
    "bpm_histogram_second_peak_weight": 0.411764711142,
    "danceability": 1.17765974998,
    "onset_rate": 2.830078125,
    "beats_loudness_band_ratio": {
        "max": [0.900068700314, 0.711984038353, 0.81188338995, 0.687790334225, 0.298665255308, 0.22377730906],
        "mean": [0.399348467588, 0.126838088036, 0.274327963591, 0.149349659681, 0.0587775707245, 0.0539206527174],
        "min": [0.0659584924579, 0.00519350357354, 0.0148072866723, 0.00721557019278, 0.00727989291772, 0.00526121119037],
        "stdev": [0.211800649762, 0.12837330997, 0.184101343155, 0.145402178168, 0.0562274232507, 0.0419057905674]
    },
