{
"metadata": {
    "version": {
        "essentia": "2.1-beta5",
        "essentia_git_sha": "Undefined",
        "extractor": "music 2.0"
    },
    "audio_properties": {
        "analysis": {
            "equal_loudness": 0,
            "length": 32.8214073181,
            "sample_rate": 44100,
            "start_time": 158.998641968,
            "downmix": "mix"
        },
        "bit_rate": 192000,
        "length": 191.843276978,
        "lossless": 0,
        "number_channels": 2,
        "replay_gain": -3.40740203857,
        "sample_rate": 48000,
        "codec": "mp3",
        "md5_encoded": "ea766e208914a825dad146fab7a09e8c"
    },
    "tags": {
        "file_name": "Slovenia_Blue and Red_ManuElla.mp3",
        "encoding": ["Lavf58.29.100"]
    }
},
"lowlevel": {
    "average_loudness": 0.927734375,
    "barkbands_crest": {
        "max": 22.7504253387,
        "mean": 9.99862670898,
        "min": 2.88005065918,
        "stdev": 4.34153985977
    },
    "barkbands_flatness_db": {
        "max": 0.270884096622,
        "mean": 0.136429205537,
        "min": 0.0472897812724,
        "stdev": 0.0428794287145
    },
    "barkbands_kurtosis": {
        "max": 18.5952796936,
        "mean": 1.05341207981,
        "min": -1.76650333405,
        "stdev": 2.61684679985
    },
    "barkbands_skewness": {
        "max": 3.94464659691,
        "mean": 0.755573034286,
        "min": -1.80695450306,
        "stdev": 0.742833971977
    },
    "barkbands_spread": {
        "max": 83.1189651489,
        "mean": 22.2925014496,
        "min": 3.26333189011,
        "stdev": 10.5674057007
    },
    "dissonance": {
        "max": 0.499968528748,
        "mean": 0.467910438776,
        "min": 0.366584062576,
        "stdev": 0.0223595704883
    },
    "dynamic_complexity": 1.99492108822,
    "erbbands_crest": {
        "max": 24.0562763214,
        "mean": 10.579117775,
        "min": 3.18372511864,
        "stdev": 4.15512990952
    },
    "erbbands_flatness_db": {
        "max": 0.338830888271,
        "mean": 0.193739026785,
        "min": 0.085259526968,
        "stdev": 0.0510278455913
    },
    "erbbands_kurtosis": {
        "max": 11.6979265213,
        "mean": 0.830476164818,
        "min": -1.26876270771,
        "stdev": 1.60357379913
    },
    "erbbands_skewness": {
        "max": 3.10800623894,
        "mean": 0.624492943287,
        "min": -2.07663393021,
        "stdev": 0.704161882401
    },
    "erbbands_spread": {
        "max": 73.6238250732,
        "mean": 24.0082874298,
        "min": 5.96120023727,
        "stdev": 9.0832157135
    },
    "hfc": {
        "max": 93.8025741577,
        "mean": 30.8570594788,
        "min": 0.00044289251673,
        "stdev": 16.3702983856
    },
    "loudness_ebu128": {
        "integrated": -18.8253440857,
        "loudness_range": 4.46389579773,
        "momentary": {
            "max": -16.1298446655,
            "mean": -19.3088798523,
            "min": -27.6519298553,
            "stdev": 2.29312729836
        },
        "short_term": {
            "max": -16.9620742798,
            "mean": -18.9954776764,
            "min": -23.8806037903,
            "stdev": 1.67030715942
        }
    },
    "melbands_crest": {
        "max": 26.8601169586,
        "mean": 12.3567438126,
        "min": 3.64864039421,
        "stdev": 4.68781995773
    },
    "melbands_flatness_db": {
        "max": 0.277183830738,
        "mean": 0.15148408711,
        "min": 0.0620047822595,
        "stdev": 0.0394917502999
    },
    "melbands_kurtosis": {
        "max": 36.051990509,
        "mean": 3.62487363815,
        "min": -1.40201294422,
        "stdev": 4.83294248581
    },
    "melbands_skewness": {
        "max": 5.07584190369,
        "mean": 1.33717775345,
        "min": -0.728595972061,
        "stdev": 0.870848953724
    },
    "melbands_spread": {
        "max": 80.1403503418,
        "mean": 30.5359630585,
        "min": 3.46641397476,
        "stdev": 14.3288488388
    },
    "pitch_salience": {
        "max": 0.844108521938,
        "mean": 0.547567725182,
        "min": 0.244691848755,
        "stdev": 0.104201108217
    },
    "silence_rate_20dB": {
        "max": 1,
        "mean": 1,
        "min": 1,
        "stdev": 0
    },
    "silence_rate_30dB": {
        "max": 1,
        "mean": 1,
        "min": 1,
        "stdev": 0
    },
    "silence_rate_60dB": {
        "max": 1,
        "mean": 0.0120141338557,
        "min": 0,
        "stdev": 0.10894857347
    },
    "spectral_centroid": {
        "max": 3775.3659668,
        "mean": 1682.47143555,
        "min": 767.698181152,
        "stdev": 387.533752441
    },
    "spectral_complexity": {
        "max": 52,
        "mean": 25.674911499,
        "min": 0,
        "stdev": 7.83939886093
    },
    "spectral_decrease": {
        "max": -5.08579283017e-14,
        "mean": -7.09650738173e-09,
        "min": -3.01238536338e-08,
        "stdev": 4.64322846838e-09
    },
    "spectral_energy": {
        "max": 0.120104052126,
        "mean": 0.029582682997,
        "min": 2.32121138311e-07,
        "stdev": 0.0186202730983
    },
    "spectral_energyband_high": {
        "max": 0.00673350412399,
        "mean": 0.000882888329215,
        "min": 9.18810982853e-09,
        "stdev": 0.000795285101049
    },
    "spectral_energyband_low": {
        "max": 0.0655578225851,
        "mean": 0.00724396668375,
        "min": 1.70127445465e-09,
        "stdev": 0.0113104116172
    },
    "spectral_energyband_middle_high": {
        "max": 0.0829260796309,
        "mean": 0.0139236599207,
        "min": 1.76197204382e-07,
        "stdev": 0.0103665459901
    },
    "spectral_energyband_middle_low": {
        "max": 0.0422523841262,
        "mean": 0.00890395231545,
        "min": 4.59444855494e-08,
        "stdev": 0.0058702500537
    },
    "spectral_entropy": {
        "max": 8.51024627686,
        "mean": 7.71501398087,
        "min": 7.10228347778,
        "stdev": 0.206164926291
    },
    "spectral_flux": {
        "max": 0.263579726219,
        "mean": 0.0904396921396,
        "min": 0.0247962959111,
        "stdev": 0.0344834178686
    },
    "spectral_kurtosis": {
        "max": 17.3026580811,
        "mean": 4.4533905983,
        "min": -0.239716291428,
        "stdev": 1.82772803307
    },
    "spectral_rms": {
        "max": 0.0108247259632,
        "mean": 0.00509441131726,
        "min": 1.50485757331e-05,
        "stdev": 0.0017053084448
    },
    "spectral_rolloff": {
        "max": 11025,
        "mean": 1890.12866211,
        "min": 172.265625,
        "stdev": 985.611694336
    },
    "spectral_skewness": {
        "max": 3.16161561012,
        "mean": 1.61420965195,
        "min": 0.909815013409,
        "stdev": 0.27526819706
    },
    "spectral_spread": {
        "max": 12006483,
        "mean": 4114590,
        "min": 2370187.25,
        "stdev": 955766.375
    },
    "spectral_strongpeak": {
        "max": 9.36829185486,
        "mean": 1.83167374134,
        "min": 0.0017448758008,
        "stdev": 1.67140424252
    },
    "zerocrossingrate": {
        "max": 0.28857421875,
        "mean": 0.071289755404,
        "min": 0.021484375,
        "stdev": 0.0241926852614
    },
    "barkbands": {
        "max": [0.00110164599027, 0.0644100680947, 0.0149824470282, 0.00644840020686, 0.0148703977466, 0.0112276356667, 0.016734784469, 0.0204714201391, 0.0286867022514, 0.069742500782, 0.0134411882609, 0.0127276265994, 0.0101395947859, 0.016887806356, 0.00932561978698, 0.0126693965867, 0.0139958653599, 0.00602102186531, 0.00331402337179, 0.00611779280007, 0.00494854710996, 0.00108141510282, 0.00126621650998, 0.00181996438187, 0.00297297630459, 0.000508465978783, 1.58951843332e-06],
        "mean": [7.06524879206e-05, 0.00627351691946, 0.000728916958906, 0.000344794301782, 0.00078445719555, 0.000730384257622, 0.000930389564019, 0.00153827143367, 0.00264885579236, 0.00635423418134, 0.00114989245776, 0.001129189739, 0.000356974662282, 0.0015818704851, 0.000758021196816, 0.00103822653182, 0.000887848204002, 0.000767744611949, 0.000397624302423, 0.000409878819482, 0.000164311699336, 0.000111712855869, 0.000161090734764, 0.000153148750542, 9.22619365156e-05, 1.83994179679e-05, 3.56840312854e-09],
        "min": [4.9677706393e-10, 9.79071046459e-10, 1.90683149826e-10, 8.20922635425e-11, 1.40205014265e-10, 2.52877635498e-10, 4.81452033796e-09, 9.47593914447e-09, 2.79090315303e-08, 4.86535833844e-09, 1.31333335318e-08, 7.70415464757e-09, 2.0610547935e-08, 3.98411543756e-08, 6.38810870868e-09, 2.18848192901e-08, 1.2441139674e-08, 4.83256350492e-08, 2.54829424229e-09, 1.91275417727e-09, 3.70919295278e-09, 1.15818998836e-09, 5.51103329638e-10, 1.06081421425e-09, 8.69099459067e-10, 2.7079805065e-10, 3.72786307032e-12],
        "stdev": [0.000116669696581, 0.0105884084478, 0.00129942770582, 0.000560433778446, 0.00113512645476, 0.00104874465615, 0.00158007559367, 0.00243040733039, 0.00297709763981, 0.00851968675852, 0.00170009525027, 0.00141157780308, 0.000470393832074, 0.00188966770656, 0.000927325396333, 0.00128045503516, 0.00149132066872, 0.000756778521463, 0.000352319650119, 0.000556383049116, 0.000229907018365, 0.00011752617138, 0.000162836935488, 0.000174388711457, 0.000192891107872, 3.33793868776e-05, 4.53427340119e-08]
    },
    "erbbands": {
        "max": [1.9179264307, 16.1423053741, 19.978729248, 15.5188341141, 63.2947006226, 33.3861236572, 163.044113159, 89.3471221924, 283.272399902, 325.65322876, 321.768798828, 618.035888672, 1425.00622559, 1062.17333984, 647.40020752, 435.2578125, 310.696716309, 793.376220703, 739.10534668, 787.938903809, 745.309997559, 859.35723877, 358.894470215, 172.851165771, 116.74987793, 332.165344238, 343.355194092, 34.6360435486, 46.8085861206, 45.9369544983, 44.9447364807, 37.0059967041, 40.7002334595, 38.5183143616, 19.6290302277, 5.20021677017, 0.677351117134, 0.0240800511092, 0.000777591951191, 0.000142867836985],
        "mean": [0.173139482737, 1.41804385185, 1.23318183422, 1.02345609665, 1.58413004875, 2.55322289467, 5.01934766769, 6.26954364777, 15.0949687958, 21.897151947, 34.717086792, 51.1916007996, 187.039306641, 97.6941604614, 59.6241073608, 36.0771331787, 18.8012123108, 53.8573493958, 62.6527442932, 55.6879348755, 54.354675293, 51.8801727295, 45.0990829468, 28.0607967377, 17.0099658966, 18.8480796814, 9.99128055573, 5.17174530029, 3.91969513893, 4.49895238876, 4.58482789993, 3.57270693779, 2.30184102058, 1.19860208035, 0.569238603115, 0.159442663193, 0.0180602483451, 0.000461098301457, 4.06706058129e-05, 3.96793184336e-05],
        "min": [4.4291862622e-08, 1.64208302067e-07, 2.53043850762e-07, 2.48064935704e-07, 3.44499198945e-07, 4.5847505703e-07, 1.24942619095e-06, 3.09524466502e-06, 3.08280177705e-05, 0.000143848723383, 0.000301238469547, 0.00064217770705, 0.000335554621415, 0.000241185887717, 0.00049327214947, 0.000439481402282, 0.00101041689049, 0.00166383758187, 0.000856684171595, 0.00115501438268, 0.00064411747735, 0.000773601757828, 0.00199006474577, 0.00128464319278, 0.000123807636555, 8.52980156196e-05, 0.000138450966915, 0.00012732759933, 3.34727701556e-05, 4.48871214758e-05, 1.27490002342e-05, 1.93044015759e-05, 1.6989546566e-05, 1.04749724414e-05, 5.25547784491e-06, 2.19240587285e-06, 4.10965867559e-07, 1.38671092387e-08, 1.14811826712e-09, 3.93901189444e-10],
        "stdev": [0.299249380827, 2.43073105812, 2.06613278389, 1.48971891403, 3.3469645977, 3.62358283997, 7.93588638306, 8.51995658875, 25.7917938232, 37.3488502502, 40.2061157227, 54.0488624573, 203.502487183, 129.862915039, 81.1780471802, 37.0446929932, 19.4169616699, 67.8977737427, 71.3985290527, 64.7102890015, 64.6457672119, 86.1772537231, 45.993888855, 22.9751739502, 14.7347803116, 30.0735359192, 15.4678564072, 4.57656097412, 4.32734727859, 4.38618707657, 5.04849815369, 3.71484565735, 2.91550827026, 2.30853486061, 1.34522724152, 0.313600808382, 0.034382160753, 0.00112190586515, 4.65819430246e-05, 2.33225437114e-05]
    },
    "gfcc": {
        "mean": [17.5740356445, 68.8591156006, -165.139678955, 18.5377044678, -70.899772644, 28.6265296936, -36.893371582, 30.630065918, -16.6333522797, 0.346235364676, -14.3800144196, -2.24222588539, -0.40645980835],
        "cov": [[3983.26586914, 1077.19274902, 1722.21142578, 1440.96484375, 655.79309082, 399.720550537, 37.4921951294, 216.2474823, -16.8192882538, 91.5183410645, 97.8917388916, 153.000289917, 74.9200057983], [1077.19274902, 1101.05859375, 875.616577148, 713.436401367, 419.450592041, 173.553482056, 127.732971191, 105.641937256, 79.6871261597, 16.7801914215, 146.103668213, 106.008544922, 128.023757935], [1722.21142578, 875.616577148, 1218.90490723, 895.854736328, 436.357330322, 245.534103394, 42.1585769653, 134.075515747, 28.774187088, 84.9606933594, 109.197547913, 152.230773926, 76.9099197388], [1440.96484375, 713.436401367, 895.854736328, 841.606994629, 395.883178711, 184.205230713, 40.9510612488, 90.180770874, 23.7712192535, 43.3545761108, 104.302886963, 112.527328491, 76.199432373], [655.79309082, 419.450592041, 436.357330322, 395.883178711, 291.134735107, 136.514480591, 65.2978515625, 74.9249801636, 25.1178359985, 14.2598819733, 47.1397247314, 58.7559776306, 41.9505462646], [399.720550537, 173.553482056, 245.534103394, 184.205230713, 136.514480591, 167.71711731, 76.3426818848, 47.6568260193, 14.6156740189, 7.24542379379, 24.6021518707, 16.1194400787, 15.6164779663], [37.4921951294, 127.732971191, 42.1585769653, 40.9510612488, 65.2978515625, 76.3426818848, 126.389396667, 48.1205596924, 27.6901473999, -9.17451000214, 3.36362528801, -5.35145425797, 16.3642311096], [216.2474823, 105.641937256, 134.075515747, 90.180770874, 74.9249801636, 47.6568260193, 48.1205596924, 95.6448898315, 43.2724914551, 3.76848483086, 4.92747974396, 7.33542251587, 14.2785243988], [-16.8192882538, 79.6871261597, 28.774187088, 23.7712192535, 25.1178359985, 14.6156740189, 27.6901473999, 43.2724914551, 75.9853591919, 16.1451702118, 11.7216978073, 2.67018651962, 14.5667848587], [91.5183410645, 16.7801914215, 84.9606933594, 43.3545761108, 14.2598819733, 7.24542379379, -9.17451000214, 3.76848483086, 16.1451702118, 76.6815567017, 33.5458908081, 17.0411834717, -18.3031234741], [97.8917388916, 146.103668213, 109.197547913, 104.302886963, 47.1397247314, 24.6021518707, 3.36362528801, 4.92747974396, 11.7216978073, 33.5458908081, 98.3037338257, 37.8776435852, 19.0565319061], [153.000289917, 106.008544922, 152.230773926, 112.527328491, 58.7559776306, 16.1194400787, -5.35145425797, 7.33542251587, 2.67018651962, 17.0411834717, 37.8776435852, 78.3384628296, 26.5402030945], [74.9200057983, 128.023757935, 76.9099197388, 76.199432373, 41.9505462646, 15.6164779663, 16.3642311096, 14.2785243988, 14.5667848587, -18.3031234741, 19.0565319061, 26.5402030945, 84.1411361694]],
        "icov": [[0.000931217393372, -0.000169793653185, -0.000157824062626, -0.00143423536792, 0.00070601713378, -0.00105045258533, 0.000874757999554, -0.00148790655658, 0.00135505199432, -0.000665256637149, 0.000928037392441, 0.000271948520094, 0.000122367418953], [-0.000169793653185, 0.00874012988061, -0.00844712648541, 0.00340241519734, -0.00804241187871, 0.00922652706504, -0.008649318479, 0.009252903983, -0.00839269161224, 0.00876188930124, -0.0097199510783, 0.00668440992013, -0.00264615891501], [-0.000157824062626, -0.00844712648541, 0.0140601629391, -0.00795273762196, 0.00840638857335, -0.0118225757033, 0.00998948421329, -0.0122077958658, 0.00961478427052, -0.0119479727, 0.0111353723332, -0.00993743166327, 0.00182427756954], [-0.00143423536792, 0.00340241519734, -0.00795273762196, 0.0118362968788, -0.00948620866984, 0.00693363184109, -0.00427744910121, 0.00838406849653, -0.00603295397013, 0.00654387380928, -0.00766715407372, 0.00430927751586, -0.00165269500576], [0.00070601713378, -0.00804241187871, 0.00840638857335, -0.00948620866984, 0.0211136341095, -0.0130816437304, 0.00653741648421, -0.0127046387643, 0.00869981944561, -0.00797362532467, 0.0102241681889, -0.0091050574556, 0.00261656497605], [-0.00105045258533, 0.00922652706504, -0.0118225757033, 0.00693363184109, -0.0130816437304, 0.024600783363, -0.0162909980863, 0.01245120354, -0.00954063329846, 0.011048829183, -0.0129212215543, 0.0097863227129, -0.00166938221082], [0.000874757999554, -0.008649318479, 0.00998948421329, -0.00427744910121, 0.00653741648421, -0.0162909980863, 0.0235282164067, -0.0146966706961, 0.0078381486237, -0.00860034488142, 0.0102339480072, -0.00552397361025, 0.00100319029298], [-0.00148790655658, 0.009252903983, -0.0122077958658, 0.00838406849653, -0.0127046387643, 0.01245120354, -0.0146966706961, 0.0329732745886, -0.0207427963614, 0.0130886770785, -0.0107424417511, 0.00858239643276, -0.0017376873875], [0.00135505199432, -0.00839269161224, 0.00961478427052, -0.00603295397013, 0.00869981944561, -0.00954063329846, 0.0078381486237, -0.0207427963614, 0.0307734366506, -0.0158469080925, 0.00990762747824, -0.00520447455347, -0.00170993967913], [-0.000665256637149, 0.00876188930124, -0.0119479727, 0.00654387380928, -0.00797362532467, 0.011048829183, -0.00860034488142, 0.0130886770785, -0.0158469080925, 0.0311509724706, -0.0172005612403, 0.00542738335207, 0.00533546600491], [0.000928037392441, -0.0097199510783, 0.0111353723332, -0.00766715407372, 0.0102241681889, -0.0129212215543, 0.0102339480072, -0.0107424417511, 0.00990762747824, -0.0172005612403, 0.0274620428681, -0.0125077879056, 0.000130019805511], [0.000271948520094, 0.00668440992013, -0.00993743166327, 0.00430927751586, -0.0091050574556, 0.0097863227129, -0.00552397361025, 0.00858239643276, -0.00520447455347, 0.00542738335207, -0.0125077879056, 0.0272104237229, -0.00655914377421], [0.000122367418953, -0.00264615891501, 0.00182427756954, -0.00165269500576, 0.00261656497605, -0.00166938221082, 0.00100319029298, -0.0017376873875, -0.00170993967913, 0.00533546600491, 0.000130019805511, -0.00655914377421, 0.0182324480265]]
    },
    "melbands": {
        "max": [0.0186475608498, 0.0122625706717, 0.00372852059081, 0.00372382020578, 0.00471595069394, 0.00231312774122, 0.0039341757074, 0.0038963581901, 0.00267323688604, 0.00405342178419, 0.00831057503819, 0.00600629625842, 0.00191586907022, 0.00167547608726, 0.00108741212171, 0.00123589474242, 0.00178819557186, 0.00167408154812, 0.000692079076543, 0.0011005892884, 0.00110106333159, 0.00122573541012, 0.000391626497731, 0.000427814055001, 0.000167293750565, 0.000105502513179, 0.000246037583565, 0.000217424851144, 0.000240011446294, 0.000110567016236, 1.84743712452e-05, 3.03322267428e-05, 1.89689053514e-05, 2.64037298621e-05, 3.97286021325e-05, 2.29521374422e-05, 2.60049182543e-05, 2.84579436993e-05, 3.27504421875e-05, 3.2612522773e-05],
        "mean": [0.00172558939084, 0.0010478135664, 0.000192819628865, 0.000140956428368, 0.000171492341906, 0.000155764224473, 0.000208043056773, 0.00027278487687, 0.000316077988828, 0.000333762174705, 0.000992852612399, 0.000468405516585, 0.000171932217199, 0.000142426331877, 6.78646392771e-05, 3.07179616357e-05, 0.00011631938105, 0.000120772412629, 5.77843129577e-05, 8.32498990349e-05, 5.88580551266e-05, 5.88835137023e-05, 3.67005923181e-05, 3.8302707253e-05, 2.13184393942e-05, 1.19647520478e-05, 1.3911001588e-05, 1.19185242511e-05, 7.00452847013e-06, 3.86862302548e-06, 2.64848586085e-06, 2.24098448598e-06, 2.09333575185e-06, 2.64389404947e-06, 2.67543032351e-06, 2.40352892433e-06, 2.11644874071e-06, 1.69535576333e-06, 1.28513215714e-06, 9.13227438559e-07],
        "min": [3.81798093141e-10, 1.56108029281e-10, 4.62882301933e-11, 2.77723226361e-11, 3.92046152486e-11, 5.78380468519e-11, 6.22171647535e-10, 1.62386926128e-09, 2.91994117774e-09, 4.05283495652e-09, 1.52467938275e-09, 8.02032273928e-10, 1.84801218772e-09, 7.48863859812e-10, 2.61764632192e-09, 1.293715024e-09, 3.66993191392e-09, 1.77262771128e-09, 6.91969148647e-10, 1.96589189372e-09, 5.1026727288e-10, 6.12461414917e-10, 1.11186193585e-09, 2.80432543853e-09, 8.30144397668e-10, 9.00036226104e-11, 3.11394555974e-11, 6.23893783858e-11, 8.4068675632e-11, 1.09842850093e-10, 6.11244457827e-11, 1.26902490252e-11, 2.73706751708e-11, 2.16106143397e-11, 5.03178661931e-12, 1.03314683197e-11, 1.22025931026e-11, 9.04985635042e-12, 1.69923762561e-11, 6.23608933589e-12],
        "stdev": [0.0029430440627, 0.00166887335945, 0.000288448063657, 0.000227792625083, 0.000252742698649, 0.000209901845665, 0.000355681666406, 0.000484279298689, 0.000370166904759, 0.000384772720281, 0.00111494376324, 0.000705252692569, 0.000239285989664, 0.000191687344341, 8.96968558664e-05, 4.71575694974e-05, 0.000153604385559, 0.000156187015818, 7.37349328119e-05, 0.0001018789917, 8.40835491545e-05, 0.000113035421236, 4.16854672949e-05, 4.2291754653e-05, 1.98577381525e-05, 1.03482416307e-05, 1.908019658e-05, 1.94206186279e-05, 1.08948033812e-05, 4.91109631184e-06, 2.454440164e-06, 2.72899001175e-06, 2.19199273488e-06, 2.64825121121e-06, 3.31287310473e-06, 2.38480970438e-06, 2.42082683144e-06, 2.20457491196e-06, 1.87036550869e-06, 2.07568655242e-06]
    },
    "melbands128": {
        "max": [0.0009888705099, 0.0128454584628, 0.033654294908, 0.0269896853715, 0.0126882260665, 0.00624234462157, 0.00321424985304, 0.00390314217657, 0.00796292815357, 0.00448425440118, 0.00203507696278, 0.00406989827752, 0.00782593805343, 0.00315352249891, 0.00183170335367, 0.00497755408287, 0.00649867299944, 0.00670801242813, 0.00456735445186, 0.00536013068631, 0.00832330994308, 0.0036516697146, 0.00316663878039, 0.00650458130985, 0.00627706944942, 0.0072628185153, 0.00650901719928, 0.0115377129987, 0.0253944844007, 0.00770991668105, 0.00334283756092, 0.00301086995751, 0.00310958130285, 0.00394314853474, 0.00429241312668, 0.00330307520926, 0.00153941905592, 0.0024176677689, 0.00183309894055, 0.000589307397604, 0.00244504446164, 0.00138334766962, 0.00255166506395, 0.00294287549332, 0.00428593950346, 0.00156378815882, 0.000559093721677, 0.000783726747613, 0.00125794264022, 0.00298965023831, 0.00217032292858, 0.00181236700155, 0.00224348623306, 0.00115695677232, 0.00218232069165, 0.00253923074342, 0.00128513202071, 0.000267665483989, 0.00103191332892, 0.000512461352628, 0.000871888711117, 0.000456629524706, 0.000342120358255, 0.000388086569728, 0.000285321642878, 9.43347549764e-05, 0.000111799337901, 0.000146053134813, 0.00027607739321, 0.000786558899563, 0.000478579924675, 0.000173393345904, 0.000237993343035, 0.000395013397792, 0.000583397166338, 4.23726669396e-05, 7.12250912329e-05, 3.12317206408e-05, 3.28701389662e-05, 3.33366115228e-05, 3.52686693077e-05, 3.45087319147e-05, 2.29958022828e-05, 2.41883572016e-05, 2.02426235774e-05, 6.32284863968e-05, 2.5444334824e-05, 6.17594050709e-05, 8.60999207362e-05, 6.77453645039e-05, 2.54653950833e-05, 3.61952625099e-05, 2.72950474027e-05, 3.05228859361e-05, 4.54476212326e-05, 3.77599717467e-05, 3.85271523555e-05, 2.43867234531e-05, 2.68029598374e-05, 5.02812908962e-05, 3.53343966708e-05, 4.02159712394e-05, 3.87255822716e-05, 2.73390742223e-05, 3.71171736333e-05, 2.17623219214e-05, 1.57070116984e-05, 1.08204149001e-05, 1.2254739886e-05, 5.80984760745e-06, 2.51609026236e-06, 4.05046193919e-06, 2.15545287574e-06, 8.14882014311e-07, 9.32770589657e-08, 1.27496988966e-07, 5.48832232994e-08, 2.1285673224e-09, 2.11920880844e-09, 2.13392548076e-09, 2.12686201984e-09, 2.12048778536e-09, 2.10302020243e-09, 2.08066031071e-09, 2.08060813023e-09, 2.05653516439e-09, 2.04323158393e-09, 2.03554995082e-09],
        "mean": [6.02821564826e-05, 0.00107740669046, 0.0028934229631, 0.00213998812251, 0.000835274870042, 0.000316748104524, 0.000198960871785, 0.000167293052073, 0.000167081248946, 0.000117194133054, 0.00012897241686, 0.000202531911782, 0.000181296127266, 0.000145618803799, 0.000104958933662, 0.000155331101269, 0.000316697784001, 0.000211016580579, 8.822887321e-05, 0.000212395956623, 0.000459949573269, 0.000212702143472, 0.000277882441878, 0.00046309249592, 0.000225952695473, 0.000278756633634, 0.000570494157728, 0.00107709271833, 0.00153338012751, 0.000537252868526, 0.000148048551637, 0.000128261672216, 0.000126278144307, 0.000265053648036, 0.000203631396289, 8.42056906549e-05, 6.69556684443e-05, 9.886425687e-05, 4.28723215009e-05, 2.26616175496e-05, 2.9839697163e-05, 3.56383825419e-05, 9.41913021961e-05, 0.000162573385751, 0.000202193681616, 0.00010468178516, 3.83798796975e-05, 4.96340253449e-05, 6.73891190672e-05, 8.26206814963e-05, 0.000101597339381, 6.11542491242e-05, 6.44434039714e-05, 4.77786416013e-05, 6.56575139146e-05, 7.2730545071e-05, 4.45894329459e-05, 2.12975155591e-05, 4.41875308752e-05, 4.44985307695e-05, 4.86074968649e-05, 1.90883129108e-05, 2.72843208222e-05, 1.96846649487e-05, 1.73726130015e-05, 1.03912525447e-05, 9.86333361652e-06, 1.17217005027e-05, 1.45201693158e-05, 1.77471538336e-05, 1.14073218356e-05, 9.87304974842e-06, 9.13055100682e-06, 5.87319345868e-06, 5.68508721699e-06, 3.71022815671e-06, 3.3725141293e-06, 3.02747366732e-06, 2.466091928e-06, 2.36755272454e-06, 2.41587736127e-06, 2.11305155062e-06, 1.89503725778e-06, 1.9947265173e-06, 2.27562213695e-06, 2.76789296549e-06, 2.75003458228e-06, 2.56983366853e-06, 2.64720074483e-06, 2.78455536318e-06, 2.59901094068e-06, 2.13792714021e-06, 2.33817695516e-06, 2.12004692912e-06, 2.02411251848e-06, 1.91978074326e-06, 1.56687838171e-06, 1.48162678215e-06, 1.36372511861e-06, 1.13300791327e-06, 1.02375338429e-06, 8.56855422171e-07, 8.21174921839e-07, 7.6491062373e-07, 6.79339734688e-07, 5.49623621282e-07, 4.38607855813e-07, 3.45937479551e-07, 2.51401246487e-07, 1.8017537684e-07, 1.41113901009e-07, 1.01508476291e-07, 9.86430404026e-09, 2.62155341879e-09, 5.01153007981e-10, 4.7226883515e-10, 1.11676154435e-10, 6.10912709309e-12, 5.8458897445e-12, 5.76808999869e-12, 5.59238809775e-12, 5.64988637472e-12, 5.6717352169e-12, 5.20625513187e-12, 5.03419311446e-12, 4.79012055715e-12, 4.65038034123e-12, 4.61261064066e-12],
        "min": [1.27052795368e-11, 4.34933589144e-10, 3.52636753131e-10, 2.25231208684e-10, 9.67198682256e-11, 8.29798452173e-11, 4.87451329301e-11, 4.00197722183e-11, 3.50609784261e-11, 2.60399098118e-11, 2.29836427668e-11, 2.81578441119e-11, 3.8026897603e-11, 5.91202226063e-11, 6.85613232854e-11, 3.59032872876e-11, 1.10671659337e-10, 5.88811388536e-10, 1.39455791359e-09, 1.80499748481e-09, 1.56929280681e-09, 1.62197832942e-09, 2.88311774455e-09, 4.43898562352e-09, 4.75888572993e-09, 3.86183574008e-09, 2.63705168813e-09, 1.46318201999e-09, 3.9194067436e-10, 1.9524137862e-10, 9.00582497465e-10, 2.04588102015e-09, 2.28408469916e-09, 1.45640643989e-09, 9.51662304516e-10, 3.84381998453e-10, 5.41616584915e-10, 2.64664890004e-09, 4.49472903341e-09, 1.9613428659e-09, 1.79309858628e-10, 5.98465887958e-10, 3.53161722089e-09, 6.00082472602e-09, 3.40399730625e-09, 4.94173313381e-10, 4.65035621122e-10, 1.90135060474e-10, 5.01620078808e-10, 2.85722201454e-09, 2.65778465902e-09, 5.87824233733e-10, 4.00760563624e-10, 6.92255475165e-10, 2.31748828461e-10, 3.63192920183e-10, 1.17249743248e-09, 1.23481347369e-09, 1.13828002579e-09, 7.02831348676e-10, 3.63341445819e-09, 4.14575884733e-09, 8.26052004577e-10, 1.33483529785e-10, 6.05204011905e-11, 1.30419647304e-10, 6.63880478369e-11, 3.66823793563e-11, 1.61152220041e-11, 2.88131272314e-11, 5.44301999306e-11, 7.81875814093e-11, 1.25108645666e-10, 7.43438921535e-11, 3.37879481338e-11, 1.60303340047e-10, 1.15957451974e-10, 5.84536169468e-11, 8.10406533547e-11, 2.80310653161e-11, 1.08778281521e-11, 4.16397385322e-12, 1.7389126597e-11, 3.01918663681e-11, 3.56127280443e-11, 3.36350357288e-11, 1.2293814404e-11, 6.32450602306e-12, 4.11442581394e-12, 3.28233230526e-12, 9.24577341771e-12, 1.28252660228e-11, 1.2933532717e-11, 1.22231521779e-11, 1.2712197614e-11, 7.51796801896e-12, 6.56674107452e-12, 1.22438795214e-11, 2.65574888469e-11, 1.21771906794e-11, 5.64070665177e-12, 8.2135496321e-12, 2.92599343192e-12, 3.73408335502e-12, 6.77430507523e-12, 5.69808436546e-12, 1.00504552597e-11, 4.77147965236e-12, 2.62948452075e-12, 2.42029118101e-12, 4.66068156291e-13, 3.43881498797e-13, 3.2322395086e-13, 3.44174084306e-14, 6.62709362213e-14, 4.29117936389e-14, 2.50067842952e-14, 3.53704492453e-14, 2.36202879223e-14, 1.03490705724e-14, 2.03886878219e-14, 1.7030715488e-14, 2.0879365538e-14, 8.97921924396e-15, 2.69793673283e-15, 2.35322714582e-15, 1.8986160927e-15, 3.13289455693e-16],
        "stdev": [0.000107219675556, 0.00191860937048, 0.00515261851251, 0.00373293599114, 0.0014854449546, 0.000527968863025, 0.000304002373014, 0.000299221457681, 0.00041769843665, 0.000258934858721, 0.000208158555324, 0.000330860639224, 0.000339400285156, 0.000258470128756, 0.000190979917534, 0.000323562970152, 0.000578661856707, 0.000474567641504, 0.000250453682384, 0.000445000710897, 0.000935804040637, 0.000371766422177, 0.000411688350141, 0.000698674586602, 0.000385536870454, 0.000565069087315, 0.000934946874622, 0.00145220360719, 0.00279155140743, 0.00102784007322, 0.000311266514473, 0.000282387831248, 0.000285536050797, 0.000527778698597, 0.000375344010536, 0.000189068392501, 8.91391246114e-05, 0.000178322457941, 7.49780665501e-05, 3.88077751268e-05, 7.72579878685e-05, 7.1209280577e-05, 0.000206405122299, 0.000262601592112, 0.000338093959726, 0.000189376543858, 5.7251429098e-05, 8.11632198747e-05, 0.000121870696603, 0.000160054900334, 0.000176009198185, 9.45527644944e-05, 0.000150960753672, 9.55189825618e-05, 0.000172452680999, 0.000201292918064, 0.000106082195998, 2.78759180219e-05, 8.38109481265e-05, 6.30393842584e-05, 8.08063050499e-05, 2.76849514194e-05, 3.62724240404e-05, 2.55280101555e-05, 2.26040847338e-05, 1.13552687253e-05, 1.21179946291e-05, 1.47769706018e-05, 2.20237379835e-05, 5.63003231946e-05, 2.78090192296e-05, 1.54406479851e-05, 1.44630112118e-05, 1.44805444506e-05, 1.88112735486e-05, 4.3662294047e-06, 4.16340617448e-06, 3.26892131852e-06, 2.61605282503e-06, 3.1730792216e-06, 3.3380736113e-06, 2.93099242299e-06, 2.31160424846e-06, 2.55339205069e-06, 2.41734687734e-06, 3.83600263376e-06, 3.05292701341e-06, 3.28483633893e-06, 4.92713115818e-06, 4.94394816997e-06, 2.7775399758e-06, 2.46950571636e-06, 2.70053556051e-06, 2.72428451353e-06, 2.95056338473e-06, 2.82246833194e-06, 2.36387950281e-06, 2.03801278076e-06, 2.07333710023e-06, 2.04020057026e-06, 2.16484295379e-06, 2.18907780436e-06, 2.25328312808e-06, 1.96733844859e-06, 1.8091328684e-06, 1.41690611599e-06, 9.72386601461e-07, 6.97653831594e-07, 5.9288487364e-07, 3.59147804829e-07, 2.22456392862e-07, 1.98926414896e-07, 7.8999242703e-08, 3.31911422791e-08, 3.4804710225e-09, 4.48140946574e-09, 1.63568758538e-09, 5.75788791646e-11, 5.687761373e-11, 5.7335459297e-11, 5.69019380225e-11, 5.74435637946e-11, 5.77190240048e-11, 5.54068665948e-11, 5.54024465194e-11, 5.4765750962e-11, 5.44134529101e-11, 5.42086306399e-11]
    },
    "mfcc": {
        "mean": [-607.510131836, 94.9706726074, -32.1678314209, -6.54940032959, -5.2490696907, -8.23416423798, -0.897404789925, 14.341673851, 8.78254508972, 12.1614618301, -2.587692976, -1.55076730251, -3.02134251595],
        "cov": [[3208.57202148, 434.606567383, 1213.74560547, 1046.71875, 765.947814941, 364.087768555, 334.019897461, 227.705093384, 94.2385635376, 164.305114746, -119.143730164, 28.3821105957, 229.269485474], [434.606567383, 627.649475098, 429.29309082, 412.0597229, 285.883728027, 156.420166016, 137.646896362, 143.810943604, 50.2405891418, 60.8774185181, 9.08796691895, -10.9497833252, 91.6917572021], [1213.74560547, 429.29309082, 885.553649902, 657.171875, 481.97543335, 253.132583618, 187.726989746, 140.3699646, 32.7862052917, 72.4477081299, -23.4642601013, 8.71083068848, 147.246246338], [1046.71875, 412.0597229, 657.171875, 696.796325684, 447.333190918, 218.496002197, 163.956115723, 132.843338013, 29.1677818298, 53.5800094604, -47.8563423157, 16.6567287445, 142.136444092], [765.947814941, 285.883728027, 481.97543335, 447.333190918, 389.025726318, 169.637237549, 130.064559937, 113.48764801, 28.5813179016, 49.6451187134, -30.616312027, 15.6927928925, 99.7114028931], [364.087768555, 156.420166016, 253.132583618, 218.496002197, 169.637237549, 175.715881348, 105.481681824, 70.3510971069, 16.0087223053, 28.2596912384, 8.23503875732, -6.59822273254, 30.5152015686], [334.019897461, 137.646896362, 187.726989746, 163.956115723, 130.064559937, 105.481681824, 145.137969971, 79.794883728, 22.111000061, 38.2294654846, 3.19529914856, -4.4841427803, 27.9287528992], [227.705093384, 143.810943604, 140.3699646, 132.843338013, 113.48764801, 70.3510971069, 79.794883728, 133.642547607, 58.228225708, 37.1954345703, 2.06249666214, -5.52433300018, 16.1802940369], [94.2385635376, 50.2405891418, 32.7862052917, 29.1677818298, 28.5813179016, 16.0087223053, 22.111000061, 58.228225708, 98.4481735229, 43.3910293579, 9.01925754547, -11.4132356644, -6.34508132935], [164.305114746, 60.8774185181, 72.4477081299, 53.5800094604, 49.6451187134, 28.2596912384, 38.2294654846, 37.1954345703, 43.3910293579, 83.7132492065, 14.6651000977, -3.19360113144, 8.0759305954], [-119.143730164, 9.08796691895, -23.4642601013, -47.8563423157, -30.616312027, 8.23503875732, 3.19529914856, 2.06249666214, 9.01925754547, 14.6651000977, 81.6370544434, 17.3696708679, -5.67999696732], [28.3821105957, -10.9497833252, 8.71083068848, 16.6567287445, 15.6927928925, -6.59822273254, -4.4841427803, -5.52433300018, -11.4132356644, -3.19360113144, 17.3696708679, 64.3099212646, 38.2027244568], [229.269485474, 91.6917572021, 147.246246338, 142.136444092, 99.7114028931, 30.5152015686, 27.9287528992, 16.1802940369, -6.34508132935, 8.0759305954, -5.67999696732, 38.2027244568, 92.5821075439]],
        "icov": [[0.000901651394088, 0.000563105917536, -0.00074665894499, -0.000567667128053, -0.0002395730844, 0.000144869161886, -0.000707751314621, 0.000125539270812, -0.0003886098566, -0.000757250352763, 0.000857472070493, -0.000286308320938, -0.000119501011795], [0.000563105917536, 0.00360083533451, -0.000551561242901, -0.00162181234919, -0.00027638260508, 0.000296437327052, -0.00057992269285, -0.00170272646938, -1.64177708939e-05, -0.00064145255601, -0.0012246320257, 0.0021536310669, -0.00183005654253], [-0.00074665894499, -0.000551561242901, 0.00543144671246, -0.00186028168537, -0.00226762262173, -0.0012886999175, 0.000354444462573, 0.000467180245323, 0.000530470570084, 6.793657667e-05, -0.00192887533922, 0.00206579058431, -0.00164901954122], [-0.000567667128053, -0.00162181234919, -0.00186028168537, 0.00844159070402, -0.0039971768856, -0.00158412929159, 0.000422860844992, 0.00025156151969, -0.000155829024152, 0.000990806613117, 0.00217860681005, -0.00039529328933, -0.00213403534144], [-0.0002395730844, -0.00027638260508, -0.00226762262173, -0.0039971768856, 0.0132945822552, -0.00272311968729, 0.000202157898457, -0.00276119657792, 0.000480487535242, -0.0013329742942, 0.00262643140741, -0.00238576671109, -0.00109424046241], [0.000144869161886, 0.000296437327052, -0.0012886999175, -0.00158412929159, -0.00272311968729, 0.0149963274598, -0.00622950633988, -0.000373160641175, 0.000768880767282, 0.00131356983911, -0.00397036504, 0.00202390737832, 0.00262312008999], [-0.000707751314621, -0.00057992269285, 0.000354444462573, 0.000422860844992, 0.000202157898457, -0.00622950633988, 0.0162274930626, -0.00582340080291, 0.00285518192686, -0.00286779482849, -0.000494616688229, 0.00106128596235, -0.000950331566855], [0.000125539270812, -0.00170272646938, 0.000467180245323, 0.00025156151969, -0.00276119657792, -0.000373160641175, -0.00582340080291, 0.0172913316637, -0.008071789518, 0.000969632237684, 0.000651656184345, -0.00158770300914, 0.00213515944779], [-0.0003886098566, -1.64177708939e-05, 0.000530470570084, -0.000155829024152, 0.000480487535242, 0.000768880767282, 0.00285518192686, -0.008071789518, 0.0177193954587, -0.00677995895967, -0.00146203557961, 0.0022485179361, 0.000940918049309], [-0.000757250352763, -0.00064145255601, 6.793657667e-05, 0.000990806613117, -0.0013329742942, 0.00131356983911, -0.00286779482849, 0.000969632237684, -0.00677995895967, 0.0186943933368, -0.00386593327858, 0.00122535368428, -0.000258508778643], [0.000857472070493, -0.0012246320257, -0.00192887533922, 0.00217860681005, 0.00262643140741, -0.00397036504, -0.000494616688229, 0.000651656184345, -0.00146203557961, -0.00386593327858, 0.0186365693808, -0.00878867413849, 0.00233467668295], [-0.000286308320938, 0.0021536310669, 0.00206579058431, -0.00039529328933, -0.00238576671109, 0.00202390737832, 0.00106128596235, -0.00158770300914, 0.0022485179361, 0.00122535368428, -0.00878867413849, 0.0278866570443, -0.014241848141], [-0.000119501011795, -0.00183005654253, -0.00164901954122, -0.00213403534144, -0.00109424046241, 0.00262312008999, -0.000950331566855, 0.00213515944779, 0.000940918049309, -0.000258508778643, 0.00233467668295, -0.014241848141, 0.0251429658383]]
    },
    "spectral_contrast_coeffs": {
        "max": [-0.48922675848, -0.536241829395, -0.492408514023, -0.628392457962, -0.618125796318, -0.629257321358],
        "mean": [-0.766718745232, -0.735623419285, -0.699288010597, -0.764855504036, -0.767706513405, -0.769901752472],
        "min": [-0.950403511524, -0.893095731735, -0.912813007832, -0.894652605057, -0.857430458069, -0.866204798222],
        "stdev": [0.0549907013774, 0.0589845366776, 0.0628167763352, 0.0507913269103, 0.0353852584958, 0.0260032322258]
    },
    "spectral_contrast_valleys": {
        "max": [-5.25499725342, -4.97163963318, -5.68925857544, -5.98947000504, -5.90065765381, -7.99654960632],
        "mean": [-7.40352725983, -6.64801311493, -6.70738887787, -6.9879732132, -7.1272187233, -9.80383682251],
        "min": [-13.7170734406, -11.8833227158, -11.8585681915, -11.8543920517, -12.269112587, -15.120882988],
        "stdev": [1.56088232994, 0.559384047985, 0.37136605382, 0.353376865387, 0.500014185905, 0.673739910126]
    }
},
"rhythm": {
    "beats_count": 82,
    "beats_loudness": {
        "max": 0.107309997082,
        "mean": 0.0381456539035,
        "min": 0.00271901185624,
        "stdev": 0.0235495399684
    },
    "bpm": 144.519348145,
    "bpm_histogram_first_peak_bpm": 144,
    "bpm_histogram_first_peak_weight": 0.276595771313,
    "bpm_histogram_second_peak_bpm": 178,
    "bpm_histogram_second_peak_spread": 0,
    "bpm_histogram_second_peak_weight": 0.123456791043,
    "danceability": 0.957758009434,
    "onset_rate": 2.19291472435,
    "beats_loudness_band_ratio": {
        "max": [0.704788327217, 0.570226311684, 0.792037308216, 0.671883702278, 0.64939135313, 0.180325254798],
        "mean": [0.296615928411, 0.049878038466, 0.256211280823, 0.26267850399, 0.141355589032, 0.041575178504],
        "min": [3.79458833777e-05, 0.000611139636021, 0.0294047500938, 0.0419296547771, 0.0329656712711, 0.00920502375811],
        "stdev": [0.243563592434, 0.075881101191, 0.190701067448, 0.154040321708, 0.107946321368, 0.0306744277477]
    },
    "beats_position": [0.429569154978, 0.870748281479, 1.31192743778, 1.764716506, 2.21750569344, 2.6470746994, 3.06503391266, 3.47138309479, 3.87773227692, 4.29569149017, 4.71365070343, 5.13160991669, 5.54956912994, 5.9675283432, 6.37387752533, 6.78022670746, 7.19818592072, 7.61614513397, 8.0224943161, 8.44045352936, 8.84680271149, 9.26476192474, 9.682721138, 10.0890703201, 10.5070295334, 10.9133787155, 11.3313379288, 11.749297142, 12.1672563553, 12.5852155685, 13.0031747818, 13.4095239639, 13.8158731461, 14.2338323593, 14.6517915726, 15.0697498322, 15.4877090454, 15.9056682587, 16.3236274719, 16.7415866852, 17.1479358673, 17.5542850494, 17.9722442627, 18.390203476, 18.784942627, 19.2029018402, 19.6208610535, 20.0388202667, 20.45677948, 20.8747386932, 21.2926979065, 21.7106571198, 22.128616333, 22.5697956085, 23.010974884, 23.4521541595, 23.7772331238, 24.102312088, 24.4273910522, 24.7524719238, 25.0775508881, 25.4142398834, 25.7393188477, 26.076007843, 26.4010887146, 26.73777771, 27.0744667053, 27.4227657318, 27.7594547272, 28.0961437225, 28.4328346252, 28.7695236206, 29.106212616, 29.4429016113, 29.8028106689, 30.1627197266, 30.5110206604, 30.870929718, 31.2308387756, 31.5907478333, 31.9506568909, 32.3105659485],
