{
"metadata": {
    "version": {
        "essentia": "2.1-beta5",
        "essentia_git_sha": "Undefined",
        "extractor": "music 2.0"
    },
    "audio_properties": {
        "analysis": {
            "equal_loudness": 0,
            "length": 48.7502937317,
            "sample_rate": 44100,
            "start_time": 12.7477550507,
            "downmix": "mix"
        },
        "bit_rate": 192000,
        "length": 191.645889282,
        "lossless": 0,
        "number_channels": 2,
        "replay_gain": -0.0674324035645,
        "sample_rate": 48000,
        "codec": "mp3",
        "md5_encoded": "0bb19735c40b3a4b515ff68108c68aef"
    },
    "tags": {
        "file_name": "Austria_Loin d_ici_Zoë.mp3",
        "encoding": ["Lavf58.29.100"]
    }
},
"lowlevel": {
    "average_loudness": 0.759425759315,
    "barkbands_crest": {
        "max": 25.3376998901,
        "mean": 10.8099622726,
        "min": 2.64073872566,
        "stdev": 4.74295186996
    },
    "barkbands_flatness_db": {
        "max": 0.269635111094,
        "mean": 0.148331403732,
        "min": 0.0509091727436,
        "stdev": 0.0411198586226
    },
    "barkbands_kurtosis": {
        "max": 41.7582015991,
        "mean": 3.06189656258,
        "min": -1.97387456894,
        "stdev": 4.98418235779
    },
    "barkbands_skewness": {
        "max": 6.04928636551,
        "mean": 1.39243519306,
        "min": -3.08319711685,
        "stdev": 1.09245610237
    },
    "barkbands_spread": {
        "max": 122.72403717,
        "mean": 21.7776985168,
        "min": 3.21349334717,
        "stdev": 14.5823335648
    },
    "dissonance": {
        "max": 0.499999314547,
        "mean": 0.463098853827,
        "min": 0.254108548164,
        "stdev": 0.0262028090656
    },
    "dynamic_complexity": 2.80449581146,
    "erbbands_crest": {
        "max": 28.0077114105,
        "mean": 9.17955684662,
        "min": 2.50080990791,
        "stdev": 4.70278072357
    },
    "erbbands_flatness_db": {
        "max": 0.324880093336,
        "mean": 0.175696074963,
        "min": 0.068222053349,
        "stdev": 0.0452340841293
    },
    "erbbands_kurtosis": {
        "max": 11.7653245926,
        "mean": 0.220873892307,
        "min": -1.81641864777,
        "stdev": 1.60024952888
    },
    "erbbands_skewness": {
        "max": 2.73166775703,
        "mean": 0.312480330467,
        "min": -3.48434233665,
        "stdev": 0.712936162949
    },
    "erbbands_spread": {
        "max": 160.120315552,
        "mean": 37.2112846375,
        "min": 7.14433479309,
        "stdev": 18.0433349609
    },
    "hfc": {
        "max": 165.641983032,
        "mean": 21.7040576935,
        "min": 0.449185758829,
        "stdev": 18.0866947174
    },
    "loudness_ebu128": {
        "integrated": -23.3374652863,
        "loudness_range": 6.19490242004,
        "momentary": {
            "max": -19.322511673,
            "mean": -24.0932197571,
            "min": -32.8592071533,
            "stdev": 2.71298360825
        },
        "short_term": {
            "max": -20.1452713013,
            "mean": -23.8402519226,
            "min": -28.6721057892,
            "stdev": 2.03191423416
        }
    },
    "melbands_crest": {
        "max": 33.296459198,
        "mean": 13.9410848618,
        "min": 2.67373371124,
        "stdev": 5.98510122299
    },
    "melbands_flatness_db": {
        "max": 0.359592437744,
        "mean": 0.183427840471,
        "min": 0.0170505847782,
        "stdev": 0.054504096508
    },
    "melbands_kurtosis": {
        "max": 179.339630127,
        "mean": 10.3861522675,
        "min": -1.87280189991,
        "stdev": 14.0563716888
    },
    "melbands_skewness": {
        "max": 12.3308668137,
        "mean": 2.38902616501,
        "min": -0.850924134254,
        "stdev": 1.51805448532
    },
    "melbands_spread": {
        "max": 262.570343018,
        "mean": 25.7624282837,
        "min": 2.46063637733,
        "stdev": 24.0546741486
    },
    "pitch_salience": {
        "max": 0.841717541218,
        "mean": 0.556455492973,
        "min": 0.105655416846,
        "stdev": 0.139668390155
    },
    "silence_rate_20dB": {
        "max": 1,
        "mean": 1,
        "min": 1,
        "stdev": 0
    },
    "silence_rate_30dB": {
        "max": 1,
        "mean": 0.976201832294,
        "min": 0,
        "stdev": 0.152419537306
    },
    "silence_rate_60dB": {
        "max": 1,
        "mean": 0.0290337931365,
        "min": 0,
        "stdev": 0.167901515961
    },
    "spectral_centroid": {
        "max": 5399.56347656,
        "mean": 1393.08300781,
        "min": 414.431976318,
        "stdev": 648.105529785
    },
    "spectral_complexity": {
        "max": 52,
        "mean": 18.5392665863,
        "min": 1,
        "stdev": 7.61538410187
    },
    "spectral_decrease": {
        "max": -8.35540872601e-11,
        "mean": -6.47985620716e-09,
        "min": -5.23015870613e-08,
        "stdev": 6.23129059463e-09
    },
    "spectral_energy": {
        "max": 0.201593264937,
        "mean": 0.0264251064509,
        "min": 0.000356094475137,
        "stdev": 0.0243040639907
    },
    "spectral_energyband_high": {
        "max": 0.0157603137195,
        "mean": 0.000843880116008,
        "min": 5.06461765326e-06,
        "stdev": 0.00160192674957
    },
    "spectral_energyband_low": {
        "max": 0.159830376506,
        "mean": 0.00786259118468,
        "min": 6.3406253048e-07,
        "stdev": 0.0194893386215
    },
    "spectral_energyband_middle_high": {
        "max": 0.0422663725913,
        "mean": 0.00588228041306,
        "min": 0.000121856006444,
        "stdev": 0.00666217366233
    },
    "spectral_energyband_middle_low": {
        "max": 0.0785977989435,
        "mean": 0.0125338993967,
        "min": 8.13765873318e-05,
        "stdev": 0.0109745757654
    },
    "spectral_entropy": {
        "max": 8.84057331085,
        "mean": 7.56730794907,
        "min": 6.64289093018,
        "stdev": 0.407420426607
    },
    "spectral_flux": {
        "max": 0.299648463726,
        "mean": 0.0790856927633,
        "min": 0.0131526459008,
        "stdev": 0.0458625331521
    },
    "spectral_kurtosis": {
        "max": 15.375705719,
        "mean": 4.50621700287,
        "min": -1.42290353775,
        "stdev": 2.41319203377
    },
    "spectral_rms": {
        "max": 0.0140241347253,
        "mean": 0.0046527152881,
        "min": 0.000589414325077,
        "stdev": 0.00203293259256
    },
    "spectral_rolloff": {
        "max": 11627.9296875,
        "mean": 1814.81469727,
        "min": 64.599609375,
        "stdev": 2004.57543945
    },
    "spectral_skewness": {
        "max": 3.37494754791,
        "mean": 1.57562708855,
        "min": -0.218321487308,
        "stdev": 0.415067970753
    },
    "spectral_spread": {
        "max": 16056478,
        "mean": 4578880.5,
        "min": 2200309,
        "stdev": 2020348.875
    },
    "spectral_strongpeak": {
        "max": 13.839184761,
        "mean": 1.34921813011,
        "min": 0,
        "stdev": 1.67342877388
    },
    "zerocrossingrate": {
        "max": 0.42041015625,
        "mean": 0.0675956979394,
        "min": 0.00634765625,
        "stdev": 0.0504098236561
    },
    "barkbands": {
        "max": [0.00660342909396, 0.150230064988, 0.03400760144, 0.0319206155837, 0.0435922071338, 0.0424228049815, 0.0357459113002, 0.0386138595641, 0.0371932126582, 0.0348652936518, 0.0210313387215, 0.0233176779002, 0.01348852925, 0.0295185483992, 0.0215808823705, 0.0157623440027, 0.0197798255831, 0.00885201618075, 0.00549032958224, 0.00333505100571, 0.00345434830524, 0.00429641874507, 0.00411796476692, 0.00406378926709, 0.00914303213358, 0.00137317494955, 1.27391717797e-06],
        "mean": [0.0002779639035, 0.00648371409625, 0.000779724679887, 0.00071968260454, 0.0026955625508, 0.00365085224621, 0.00162480969448, 0.00106901628897, 0.00194141769316, 0.00133219524287, 0.000626526889391, 0.000782551243901, 0.000381269608624, 0.00081496941857, 0.000588062452152, 0.00047881520004, 0.000522638438269, 0.000387029227568, 0.000303314707708, 0.000240509587456, 0.000159203918884, 0.000107254105387, 0.000107122694317, 0.000142127159052, 0.00018620674382, 2.25810654229e-05, 3.04517500105e-09],
        "min": [7.99745936142e-10, 7.03304365857e-08, 7.56737463803e-08, 2.54029231428e-07, 2.91416245091e-06, 4.85608916279e-06, 4.66356959805e-06, 8.42365011522e-07, 3.78337153961e-06, 4.06129720432e-06, 3.39419716511e-06, 6.08911977906e-06, 6.21427307124e-06, 5.24995220985e-06, 4.08738014812e-06, 5.35390427103e-06, 6.8365984589e-06, 2.50104403676e-06, 1.8471716885e-06, 2.28779617828e-06, 1.72143995769e-06, 3.10252715963e-07, 1.63792222452e-07, 2.51522521921e-07, 1.40871856402e-08, 1.18074966471e-10, 1.41549716393e-10],
        "stdev": [0.000732395041268, 0.0181426201016, 0.00208333740011, 0.00240789493546, 0.00375394453295, 0.00473449146375, 0.00323043786921, 0.00256056408398, 0.00414502155036, 0.00287700816989, 0.00180919305421, 0.00187145371456, 0.000912793446332, 0.00225418736227, 0.00168599165045, 0.00130195287056, 0.00132133055013, 0.00081724912161, 0.000476827262901, 0.000373460236005, 0.000311743555358, 0.000328538822941, 0.000306471221847, 0.000362698105164, 0.000585638044868, 6.93761758157e-05, 3.12688896997e-08]
    },
    "erbbands": {
        "max": [5.712495327, 40.3432121277, 38.5061073303, 83.0352249146, 140.695755005, 162.926696777, 470.334716797, 338.118041992, 455.525543213, 866.780151367, 370.226196289, 1075.50439453, 1019.24066162, 1211.7590332, 968.640136719, 769.138366699, 656.682189941, 1719.1940918, 1234.85644531, 985.051452637, 480.353790283, 1350.94836426, 472.356964111, 442.006195068, 271.54486084, 166.906555176, 153.086700439, 133.26965332, 159.742279053, 189.419692993, 104.041999817, 83.719367981, 99.3617858887, 139.819564819, 57.6487388611, 13.8636417389, 1.46240580082, 0.0536351539195, 0.00184677029029, 0.00030153489206],
        "mean": [0.220724716783, 1.29447007179, 1.21240901947, 1.74694168568, 3.89194536209, 10.8584651947, 21.3022651672, 28.2974529266, 26.5129261017, 28.963886261, 19.7550621033, 39.3581733704, 59.5688056946, 25.4459991455, 30.0242805481, 31.9743099213, 20.6036281586, 40.9218406677, 33.9362487793, 29.079826355, 26.0359039307, 26.8244781494, 20.8771495819, 18.4796562195, 14.3478507996, 12.1460599899, 8.96678733826, 4.47081279755, 3.81046628952, 3.6607606411, 2.93319797516, 2.70262789726, 2.61828374863, 2.5885424614, 0.983301758766, 0.211827784777, 0.0212228428572, 0.0005531165516, 4.58549839095e-05, 3.62923601642e-05],
        "min": [1.63101219641e-06, 8.73811313795e-06, 0.000137045368319, 0.00208414299414, 0.00578365568072, 0.0143519937992, 0.0115609606728, 0.0496765226126, 0.0642322599888, 0.077217079699, 0.107442654669, 0.0999344587326, 0.17908757925, 0.180589258671, 0.358040452003, 0.304850667715, 0.385527133942, 0.439536362886, 0.317171186209, 0.195181593299, 0.300019413233, 0.369183212519, 0.264610946178, 0.181734770536, 0.0991958007216, 0.0914055779576, 0.062551625073, 0.0390215739608, 0.0111166192219, 0.00783746130764, 0.00921155605465, 0.00833698827773, 0.00264267111197, 0.000539553177077, 9.57960801315e-05, 1.05183989945e-05, 1.35858419981e-06, 2.80161600585e-07, 3.13723631962e-07, 4.64529875899e-07],
        "stdev": [0.676033914089, 3.68112516403, 3.10486197472, 5.23447322845, 8.87379932404, 16.2286548615, 35.2119941711, 38.4862136841, 47.3319358826, 64.2658309937, 39.053314209, 90.2215194702, 119.19884491, 59.5156097412, 68.5547103882, 70.8465270996, 45.6598739624, 117.963844299, 96.0721817017, 76.897277832, 41.6412277222, 72.5809020996, 45.4041900635, 32.5738487244, 23.6197452545, 18.9193744659, 16.289888382, 10.7240076065, 11.6956233978, 11.6560192108, 8.0389213562, 7.02568912506, 6.89123630524, 8.28926372528, 3.18644762039, 0.644214451313, 0.0656199753284, 0.00189800455701, 9.3753755209e-05, 3.1234096241e-05]
    },
    "gfcc": {
        "mean": [-5.0557551384, 90.7245559692, -140.710098267, 24.3355560303, -73.1124954224, 10.1644964218, -54.3486022949, 12.0913076401, -32.1600189209, 1.97864830494, -10.5759592056, -4.91619348526, 3.43352270126],
        "cov": [[2611.91870117, -373.148956299, 530.180053711, 255.448776245, 202.419784546, 340.944152832, 153.517059326, 416.082946777, 59.8482131958, 307.497344971, 28.8165035248, 108.249298096, -71.5138320923], [-373.148956299, 1138.8092041, -157.883026123, 53.6616477966, 301.590423584, -167.508300781, 193.565170288, -14.2055177689, 181.602478027, -40.429233551, 128.905853271, -70.7421875, 110.689620972], [530.180053711, -157.883026123, 744.357543945, 269.705596924, 146.559310913, 343.8074646, 24.2251396179, 177.270828247, 141.58354187, 123.925102234, -23.3363418579, 151.600891113, -87.9277801514], [255.448776245, 53.6616477966, 269.705596924, 424.794250488, 160.276657104, 121.372489929, 101.031288147, 64.3928604126, 162.334503174, 30.407705307, 15.1841154099, 83.0302658081, -37.9172935486], [202.419784546, 301.590423584, 146.559310913, 160.276657104, 374.151031494, 140.716186523, 173.817123413, 168.539672852, 115.620666504, 115.355651855, 57.4144210815, 40.0556259155, 29.7118053436], [340.944152832, -167.508300781, 343.8074646, 121.372489929, 140.716186523, 380.507995605, 115.644805908, 118.534049988, 76.62159729, 113.606056213, 1.89297640324, 55.3971214294, -36.5597763062], [153.517059326, 193.565170288, 24.2251396179, 101.031288147, 173.817123413, 115.644805908, 234.599990845, 110.821166992, 93.9458007812, 90.5809555054, 58.2861251831, 2.55327892303, 11.4951629639], [416.082946777, -14.2055177689, 177.270828247, 64.3928604126, 168.539672852, 118.534049988, 110.821166992, 291.002044678, 106.219314575, 123.542190552, 54.4255638123, 51.6627578735, 15.489153862], [59.8482131958, 181.602478027, 141.58354187, 162.334503174, 115.620666504, 76.62159729, 93.9458007812, 106.219314575, 228.614990234, 53.1957931519, 65.1471481323, 46.8210372925, -5.27992248535], [307.497344971, -40.429233551, 123.925102234, 30.407705307, 115.355651855, 113.606056213, 90.5809555054, 123.542190552, 53.1957931519, 183.134078979, 43.5552368164, 34.2871246338, -10.339006424], [28.8165035248, 128.905853271, -23.3363418579, 15.1841154099, 57.4144210815, 1.89297640324, 58.2861251831, 54.4255638123, 65.1471481323, 43.5552368164, 122.838058472, 3.5726647377, 45.6133155823], [108.249298096, -70.7421875, 151.600891113, 83.0302658081, 40.0556259155, 55.3971214294, 2.55327892303, 51.6627578735, 46.8210372925, 34.2871246338, 3.5726647377, 110.347511292, -19.6717338562], [-71.5138320923, 110.689620972, -87.9277801514, -37.9172935486, 29.7118053436, -36.5597763062, 11.4951629639, 15.489153862, -5.27992248535, -10.339006424, 45.6133155823, -19.6717338562, 116.816986084]],
        "icov": [[0.000650147732813, -0.000110647713882, -5.68381401536e-05, -0.000580145511776, 0.000427015562309, -0.000228583841817, 0.000163462318596, -0.000981569522992, 0.000773176026996, -0.000761846313253, -3.98089250666e-05, 0.000170116210938, 0.000217391861952], [-0.000110647713882, 0.00384737784043, -0.00204753712751, 0.00229334132746, -0.00425424845889, 0.0040140543133, -0.00356115307659, 0.00335492542945, -0.00339275435545, 0.00251905107871, -0.00120441114996, 0.00215605832636, -0.0013632326154], [-5.68381401536e-05, -0.00204753712751, 0.00553865544498, -0.00269809667952, 0.002061113948, -0.0052738096565, 0.00474068522453, -0.00298197614029, 0.00107611587737, -0.00192794075701, 0.00128092162777, -0.00323073798791, 0.00178643281106], [-0.000580145511776, 0.00229334132746, -0.00269809667952, 0.00663123652339, -0.00400061486289, 0.00321381911635, -0.00398553675041, 0.00400416692719, -0.00464746821672, 0.00346182542853, -0.000278470281046, -0.000348853005562, -0.000375702307792], [0.000427015562309, -0.00425424845889, 0.002061113948, -0.00400061486289, 0.0103030093014, -0.00469060707837, 0.00163298158441, -0.00541112851351, 0.00403039390221, -0.00426322501153, 0.00165352283511, -0.00233547994867, -0.000220462345169], [-0.000228583841817, 0.0040140543133, -0.0052738096565, 0.00321381911635, -0.00469060707837, 0.0103959562257, -0.00684411590919, 0.004230838269, -0.0033021226991, 0.00179903930984, -0.000522516958881, 0.00285700988024, -0.00161562440917], [0.000163462318596, -0.00356115307659, 0.00474068522453, -0.00398553675041, 0.00163298158441, -0.00684411590919, 0.0134918009862, -0.00461572874337, 0.00193728867453, -0.00425802636892, -0.000256483559497, -0.000359212775948, 0.002226495184], [-0.000981569522992, 0.00335492542945, -0.00298197614029, 0.00400416692719, -0.00541112851351, 0.004230838269, -0.00461572874337, 0.0108523042873, -0.00534507259727, 0.00103978614789, -0.00107547652442, 0.000572397664655, -0.00264224642888], [0.000773176026996, -0.00339275435545, 0.00107611587737, -0.00464746821672, 0.00403039390221, -0.0033021226991, 0.00193728867453, -0.00534507259727, 0.0120289996266, -0.00215055723675, -0.00270635820925, -0.00216604559682, 0.00249446835369], [-0.000761846313253, 0.00251905107871, -0.00192794075701, 0.00346182542853, -0.00426322501153, 0.00179903930984, -0.00425802636892, 0.00103978614789, -0.00215055723675, 0.0125038735569, -0.00343485851772, -3.55132692675e-06, 0.00109777110629], [-3.98089250666e-05, -0.00120441114996, 0.00128092162777, -0.000278470281046, 0.00165352283511, -0.000522516958881, -0.000256483559497, -0.00107547652442, -0.00270635820925, -0.00343485851772, 0.0138672264293, -0.00114000856411, -0.00445864535868], [0.000170116210938, 0.00215605832636, -0.00323073798791, -0.000348853005562, -0.00233547994867, 0.00285700988024, -0.000359212775948, 0.000572397664655, -0.00216604559682, -3.55132692675e-06, -0.00114000856411, 0.0150622949004, -0.000152827313286], [0.000217391861952, -0.0013632326154, 0.00178643281106, -0.000375702307792, -0.000220462345169, -0.00161562440917, 0.002226495184, -0.00264224642888, 0.00249446835369, 0.00109777110629, -0.00445864535868, -0.000152827313286, 0.0128147210926]]
    },
    "melbands": {
        "max": [0.0441468395293, 0.0309145506471, 0.013236772269, 0.00840927381068, 0.0147159211338, 0.00697683542967, 0.00744499871507, 0.0102452617139, 0.00399457011372, 0.00596904288977, 0.00495951855555, 0.00549024343491, 0.00307701621205, 0.00357041251846, 0.0013319903519, 0.00107026332989, 0.00384365115315, 0.00184207956772, 0.00111991295125, 0.00152778648771, 0.0005928525934, 0.00181468436494, 0.00073736149352, 0.00037232338218, 0.000390679721022, 0.000282703054836, 0.000153269123985, 0.000117797440907, 0.000113636880997, 9.88820393104e-05, 7.71728082327e-05, 9.66722582234e-05, 7.81189301051e-05, 0.000127102859551, 6.86474741087e-05, 4.72466817882e-05, 5.53340578335e-05, 6.93260590197e-05, 7.9757963249e-05, 0.000134766189149],
        "mean": [0.00190241320524, 0.000985600985587, 0.000356037897291, 0.00050075200852, 0.000712611305062, 0.000664568971843, 0.000391481415136, 0.000303320441162, 0.000172678090166, 0.000264170870651, 0.000291154516162, 9.56812509685e-05, 9.79142496362e-05, 0.000102706180769, 5.30178003828e-05, 3.64533480024e-05, 8.39193889988e-05, 5.32070807822e-05, 3.9715818275e-05, 3.58989163942e-05, 3.07581212837e-05, 2.84231664409e-05, 2.443188896e-05, 1.69397517311e-05, 1.46854135892e-05, 1.09926068035e-05, 8.59750525706e-06, 7.69110192778e-06, 6.32258934274e-06, 3.43187048202e-06, 2.30794671552e-06, 2.14048122871e-06, 2.07444531952e-06, 2.02627438739e-06, 1.68901578945e-06, 1.58392435878e-06, 1.66582799466e-06, 1.80949859896e-06, 1.93460505216e-06, 2.2996334792e-06],
        "min": [1.70062843807e-08, 7.03906977151e-08, 6.74191369399e-07, 6.73021645525e-07, 4.49822465498e-07, 9.10082462724e-07, 9.51891820478e-07, 9.15559326131e-07, 8.88754584594e-07, 5.25778773408e-07, 9.28069937345e-07, 7.07756100837e-07, 7.78985167926e-07, 7.61911167046e-07, 8.19941135433e-07, 6.38072947368e-07, 6.21780145593e-07, 4.35441165791e-07, 3.05253593069e-07, 2.87120059284e-07, 3.5126723219e-07, 3.06889688773e-07, 2.97264051596e-07, 1.33537113811e-07, 1.01928101515e-07, 6.84551579866e-08, 7.78383721922e-08, 4.43506138481e-08, 3.35043424116e-08, 3.63578429585e-08, 1.10017630561e-08, 5.20177811936e-09, 7.22906845496e-09, 2.78634693096e-09, 3.60533802812e-09, 5.38088062996e-09, 2.62947263963e-09, 1.161165053e-09, 8.10017330988e-11, 1.39151648537e-10],
        "stdev": [0.00547958025709, 0.00250436598435, 0.000974582449999, 0.000742677191738, 0.00104913138784, 0.000873331620824, 0.000709923449904, 0.0007020860794, 0.000379755161703, 0.000566678179894, 0.00059514696477, 0.000261442328338, 0.000270349002676, 0.000254099955782, 0.000106627434434, 7.28864906705e-05, 0.000261497829342, 0.000147547267261, 9.52757109189e-05, 0.000123953766888, 4.94688283652e-05, 8.71616139193e-05, 6.57411364955e-05, 3.37262790708e-05, 2.86366375803e-05, 1.97011067939e-05, 1.3782512724e-05, 1.25080932776e-05, 1.20983931993e-05, 6.83395273882e-06, 6.26940982329e-06, 6.83249481881e-06, 6.40427970211e-06, 6.73559952702e-06, 4.91331684316e-06, 4.11142946177e-06, 4.51442019767e-06, 4.94015193908e-06, 5.23507378603e-06, 7.8210796346e-06]
    },
    "melbands128": {
        "max": [0.00642397487536, 0.0473830960691, 0.0765797123313, 0.0739550590515, 0.028434753418, 0.0162085201591, 0.0184765066952, 0.0157093312591, 0.0159814935178, 0.0101819764823, 0.0121969673783, 0.0149215962738, 0.0225737355649, 0.0186481662095, 0.0113931698725, 0.0129135614261, 0.0109395468608, 0.0134973730892, 0.0135889817029, 0.0142234275118, 0.0152023108676, 0.0040598763153, 0.00646185129881, 0.0107039604336, 0.0131726507097, 0.0064528984949, 0.014599387534, 0.00862304680049, 0.00628988677636, 0.0122866723686, 0.00321510946378, 0.00458543282002, 0.00556704448536, 0.00658201472834, 0.00582756008953, 0.00585576798767, 0.00357340439223, 0.00209302408621, 0.00388146634214, 0.00323025789112, 0.00153047812637, 0.00237488467246, 0.00713654607534, 0.00545237446204, 0.00298214494251, 0.00294605549425, 0.00565556576476, 0.00113418977708, 0.000936841010116, 0.00376790133305, 0.00319493561983, 0.00177245901432, 0.00113442994189, 0.0011234296253, 0.00211507664062, 0.00410713348538, 0.00207773060538, 0.00179979309905, 0.0015506495256, 0.000828236108646, 0.000571335025597, 0.000640448823106, 0.0011867096182, 0.000417413772084, 0.000258143787505, 0.000498679641169, 0.000367556989659, 0.000355882017175, 0.000172231957549, 0.000254249811405, 0.000176571833435, 0.000214754298213, 0.000188377467566, 0.000284478242975, 0.000109876891656, 0.000124461672385, 0.00010583022231, 0.00014748799731, 8.63287350512e-05, 9.57035081228e-05, 0.000118237076094, 0.000150998894242, 0.000117201445391, 9.04437547433e-05, 0.00010345208284, 0.000173942404217, 0.000138522256748, 0.000100552613731, 7.65938675613e-05, 7.42778211134e-05, 5.89923474763e-05, 5.37826708751e-05, 7.69152538851e-05, 6.33428644505e-05, 7.16265567462e-05, 8.81242594915e-05, 0.000107285588456, 6.58034769003e-05, 4.84987031086e-05, 0.000104852158984, 0.00015022160369, 0.000169256993104, 0.00012612491264, 0.000102935242467, 9.28747977014e-05, 7.74264481151e-05, 3.12058291456e-05, 3.07689369947e-05, 3.0378196243e-05, 1.40981464938e-05, 7.07989647708e-06, 6.01753527008e-06, 7.12024439053e-06, 2.27929922403e-06, 1.55584629624e-07, 1.04003163415e-07, 4.55989379589e-08, 1.74571268552e-09, 1.66997426998e-09, 1.63932278863e-09, 1.58882706991e-09, 1.55954182901e-09, 1.51998447162e-09, 1.49935230898e-09, 1.46054746075e-09, 1.44053680096e-09, 1.43552858489e-09, 1.42507783352e-09],
        "mean": [0.000257241976215, 0.00172029680107, 0.00279162544757, 0.00192774075549, 0.000777517620008, 0.000357742770575, 0.00033399061067, 0.000370208435925, 0.000365085463272, 0.000433621084085, 0.000657872820739, 0.000653580587823, 0.000728252111003, 0.000820509623736, 0.000568073941395, 0.000713198794983, 0.000542687019333, 0.000286970345769, 0.000245643255766, 0.000394199683797, 0.000303212436847, 0.000112139503472, 0.00013020944607, 0.000246178882662, 0.000282400345895, 0.000180281509529, 0.000453438027762, 0.000361897051334, 9.80812692433e-05, 0.000118667332572, 7.0687274274e-05, 9.11183888093e-05, 0.00012885851902, 6.78338619764e-05, 0.000105165461719, 0.000128709230921, 7.88437464507e-05, 2.39487562794e-05, 6.83286125422e-05, 4.17554219894e-05, 1.64584853337e-05, 4.44332508778e-05, 0.000102213511127, 0.000102755511762, 4.2114257667e-05, 4.33509812865e-05, 7.23341509001e-05, 2.75864313153e-05, 2.69023803412e-05, 5.65477457712e-05, 3.27724883391e-05, 2.23829065362e-05, 2.96746002277e-05, 3.28159694618e-05, 3.85486018786e-05, 2.26212687267e-05, 2.44239454332e-05, 3.21958905261e-05, 2.40666104219e-05, 1.30488660943e-05, 1.49502020577e-05, 1.94560943783e-05, 2.10963007703e-05, 1.05737735794e-05, 9.73377973423e-06, 1.0469636436e-05, 1.37253973662e-05, 7.85125030234e-06, 6.32647470411e-06, 1.10961018436e-05, 8.21723006084e-06, 5.42260795555e-06, 6.73107615512e-06, 7.59760723668e-06, 4.4861421884e-06, 3.73241118723e-06, 2.78553488897e-06, 2.26353381549e-06, 2.31177887144e-06, 2.2533918127e-06, 2.19479579755e-06, 2.05169294532e-06, 2.09534368878e-06, 2.10455687011e-06, 1.99906185117e-06, 2.15235422729e-06, 2.02295882445e-06, 1.80805182026e-06, 1.69468626154e-06, 1.55662132784e-06, 1.58201237355e-06, 1.56050191435e-06, 1.66478753272e-06, 1.61541993293e-06, 1.68261465205e-06, 1.84147643267e-06, 1.87077966984e-06, 1.76134471985e-06, 1.59770183927e-06, 2.21660138777e-06, 2.58308068624e-06, 2.42652231464e-06, 1.87248633665e-06, 1.3659674778e-06, 1.0463554645e-06, 8.425146234e-07, 5.84546569371e-07, 4.31817397839e-07, 3.21163327044e-07, 2.29871517377e-07, 1.7688100229e-07, 9.65620969851e-08, 1.4264038839e-08, 2.43961606472e-09, 5.61526214415e-10, 3.4354283307e-10, 7.33924240826e-11, 6.01344148088e-12, 5.82108666825e-12, 5.63977770734e-12, 5.46972319868e-12, 5.37142639395e-12, 5.28656545623e-12, 5.18041555833e-12, 4.87850038144e-12, 4.41516831776e-12, 4.16674724238e-12, 4.11142387496e-12],
        "min": [3.67920999222e-10, 1.7074932579e-09, 6.94356516728e-10, 7.28971860653e-09, 1.11870130937e-08, 4.29314397365e-08, 2.11134960182e-07, 9.02863277474e-08, 2.75342955547e-07, 5.52878645976e-07, 4.63040436216e-07, 4.10921813909e-07, 2.43208489792e-07, 4.28789547868e-07, 5.17103330822e-07, 5.51406280636e-08, 5.27334861999e-07, 2.22791399551e-07, 3.57895544312e-07, 1.74668898012e-07, 1.00323127583e-07, 9.3623143016e-08, 1.08807938659e-07, 2.73040143384e-07, 2.90520517865e-07, 3.14049714234e-07, 1.5715093582e-07, 5.08413052103e-07, 1.76942990038e-07, 3.19683493899e-07, 2.94299749015e-08, 1.06154324442e-07, 5.00770269696e-08, 2.17586602957e-07, 1.32463981117e-07, 1.71998010501e-07, 3.21590903241e-07, 1.51025645323e-07, 1.70473128946e-07, 2.64089152324e-07, 2.32530155131e-07, 3.54620482312e-07, 2.51801225204e-07, 3.63259005098e-07, 1.88354945863e-07, 1.32291035015e-07, 2.04999125231e-07, 1.65521157669e-07, 7.59362137615e-08, 1.72402465637e-07, 1.73607446641e-07, 2.02989269837e-07, 1.95830068606e-07, 2.01709099201e-07, 1.43603088532e-07, 7.80264102218e-08, 2.14681165289e-07, 1.11661989877e-07, 8.41344132141e-08, 2.97052533682e-08, 6.4543201006e-08, 8.10331783896e-08, 4.96423631091e-08, 6.09146795227e-08, 4.89624056854e-08, 5.93635043344e-08, 3.5801406284e-08, 4.09517468825e-08, 2.1018546903e-08, 3.5529023279e-08, 8.24817103506e-09, 1.08170734592e-08, 1.15788685306e-08, 2.68934368108e-08, 2.48494025357e-08, 2.05744488113e-08, 1.48687986368e-08, 2.4521242814e-09, 5.27713384102e-09, 3.76129127844e-09, 6.07835837219e-10, 3.54186324714e-09, 5.18487563994e-09, 1.45878187308e-09, 6.39088504339e-10, 6.69525601626e-10, 1.54159296439e-10, 2.19045392935e-10, 8.22438117609e-10, 6.22431328701e-10, 8.38417113513e-10, 5.34435329325e-10, 3.30413890692e-10, 8.7828702644e-12, 1.08718707648e-10, 2.19728957251e-10, 3.86119781981e-12, 4.46307270655e-12, 1.12408650096e-11, 9.97198851271e-12, 9.9454229574e-12, 4.37018997379e-11, 2.58326628318e-12, 9.36851464461e-12, 2.78778779575e-12, 9.37338206185e-13, 9.98719227978e-13, 8.60480089959e-13, 4.38917782328e-13, 5.50834443162e-13, 4.25382792142e-13, 5.07228753357e-13, 4.16189977447e-13, 3.65338483207e-13, 4.00651950852e-13, 4.87657765731e-13, 4.18634311244e-13, 3.85255765007e-13, 4.47616282147e-13, 3.39026739625e-13, 3.9865737122e-13, 4.73483123369e-13, 4.83835790443e-13, 3.66753502568e-13, 3.4073137649e-13, 9.7134187629e-14, 1.04232189896e-14, 4.4049098742e-16],
        "stdev": [0.00070831598714, 0.00562700722367, 0.00850714650005, 0.00556007307023, 0.00222675059922, 0.00099124328699, 0.00111109670252, 0.00125484156888, 0.000970077875536, 0.000716640905011, 0.0011480723042, 0.00110594229773, 0.00158227118663, 0.00154436251614, 0.00103078957181, 0.00131535588298, 0.00110949610826, 0.00100946216844, 0.000745618366636, 0.00101072969846, 0.000929757428821, 0.000290331110591, 0.000468713435112, 0.000813845836092, 0.00100044184364, 0.000517261272762, 0.00124497315846, 0.000908273796085, 0.000324599823216, 0.000520513916854, 0.00021150217799, 0.000311369425617, 0.000470496248454, 0.000238030086621, 0.000373887422029, 0.000389001826989, 0.000259012740571, 7.12260953151e-05, 0.00021501678566, 0.000145504367538, 5.38291606063e-05, 0.000117877942102, 0.000407623127103, 0.000404810911277, 0.000155287430971, 0.000182104646228, 0.000366510415915, 8.33904268802e-05, 5.68041541555e-05, 0.000249156961218, 0.00019697281823, 7.59241738706e-05, 7.0145339123e-05, 6.57561831758e-05, 0.000130609769258, 0.000158646522323, 0.000102791258541, 0.000123339312267, 9.1320995125e-05, 4.97151704622e-05, 4.0413440729e-05, 5.53081517864e-05, 6.6892549512e-05, 2.38472912315e-05, 2.09543504752e-05, 2.75221773336e-05, 3.29566573782e-05, 1.82056955964e-05, 1.34059609991e-05, 2.4248038244e-05, 1.6390631572e-05, 1.29972795548e-05, 1.55065390572e-05, 2.01869661396e-05, 1.02244648588e-05, 7.65762524679e-06, 6.75297997077e-06, 7.16267049938e-06, 6.60605473968e-06, 7.0876430982e-06, 7.63119260228e-06, 7.34980449124e-06, 6.78140531818e-06, 6.75590445098e-06, 6.73076101521e-06, 8.10954679764e-06, 7.04961166775e-06, 5.93733693677e-06, 5.5595496633e-06, 4.48630044048e-06, 4.39946961706e-06, 4.42277496404e-06, 4.70638087791e-06, 4.55877716377e-06, 5.0533249123e-06, 5.60948046768e-06, 5.56990744371e-06, 4.64612321593e-06, 3.87426416637e-06, 6.92167395755e-06, 9.13718486117e-06, 8.81232881511e-06, 6.66917230774e-06, 4.64966615255e-06, 3.91305002267e-06, 3.26125791617e-06, 1.71046895048e-06, 1.46636136833e-06, 1.12381212602e-06, 7.53111578433e-07, 4.92113827022e-07, 3.01194774011e-07, 1.98266420171e-07, 5.07595920851e-08, 5.58295809583e-09, 3.07611336403e-09, 1.05209041479e-09, 3.87833341831e-11, 3.7102963063e-11, 3.64078107939e-11, 3.52934348413e-11, 3.46350795266e-11, 3.37637799663e-11, 3.3299613067e-11, 3.24558609155e-11, 3.20205528759e-11, 3.19063768461e-11, 3.1676824358e-11]
    },
    "mfcc": {
        "mean": [-637.86529541, 116.306495667, -12.0534353256, 9.48883628845, 1.77546441555, -11.23736763, -2.10177206993, -9.54930114746, -3.71585845947, -4.60974359512, -7.81922292709, -4.26429891586, -2.6781566143],
        "cov": [[2299.97216797, -334.497833252, 289.241363525, 131.169876099, 143.384918213, 42.1767463684, 211.392089844, 114.277618408, 136.645217896, 215.932678223, 176.687942505, 86.246055603, 109.796035767], [-334.497833252, 986.998779297, -296.442901611, 156.600006104, 60.433467865, -38.155670166, 66.0357208252, -5.61615037918, 72.0124511719, 64.8129882812, 27.2140197754, 53.9785575867, 26.9906387329], [289.241363525, -296.442901611, 625.643676758, -1.17931139469, 173.131256104, 188.558486938, -38.7461853027, 158.801879883, 41.9521751404, 40.9674491882, 89.5717926025, 62.0113639832, 50.8240509033], [131.169876099, 156.600006104, -1.17931139469, 349.560546875, 86.3213424683, 63.6218757629, 0.568394005299, 97.1274719238, 60.6271018982, 35.243309021, 45.0526542664, 88.3751983643, 32.9208602905], [143.384918213, 60.433467865, 173.131256104, 86.3213424683, 265.038421631, 74.6509933472, 63.2406158447, 112.530311584, 102.416633606, 63.2340316772, 73.4017944336, 67.7320251465, 56.1172637939], [42.1767463684, -38.155670166, 188.558486938, 63.6218757629, 74.6509933472, 318.324859619, 38.4582824707, 110.833709717, 33.6000061035, 81.4932403564, 54.2794647217, 21.5696144104, 49.7738800049], [211.392089844, 66.0357208252, -38.7461853027, 0.568394005299, 63.2406158447, 38.4582824707, 231.369308472, 17.0696353912, 82.8767166138, 98.659362793, 59.7185058594, 2.71382689476, 51.339263916], [114.277618408, -5.61615037918, 158.801879883, 97.1274719238, 112.530311584, 110.833709717, 17.0696353912, 207.015289307, 78.611831665, 65.5390396118, 75.0396575928, 76.2389602661, 42.0293006897], [136.645217896, 72.0124511719, 41.9521751404, 60.6271018982, 102.416633606, 33.6000061035, 82.8767166138, 78.611831665, 149.35760498, 84.1038665771, 76.2120819092, 43.1908454895, 46.4039115906], [215.932678223, 64.8129882812, 40.9674491882, 35.243309021, 63.2340316772, 81.4932403564, 98.659362793, 65.5390396118, 84.1038665771, 186.308349609, 100.532829285, 37.4839668274, 64.529296875], [176.687942505, 27.2140197754, 89.5717926025, 45.0526542664, 73.4017944336, 54.2794647217, 59.7185058594, 75.0396575928, 76.2120819092, 100.532829285, 144.265869141, 63.3130149841, 61.3974609375], [86.246055603, 53.9785575867, 62.0113639832, 88.3751983643, 67.7320251465, 21.5696144104, 2.71382689476, 76.2389602661, 43.1908454895, 37.4839668274, 63.3130149841, 124.986534119, 55.0760307312], [109.796035767, 26.9906387329, 50.8240509033, 32.9208602905, 56.1172637939, 49.7738800049, 51.339263916, 42.0293006897, 46.4039115906, 64.529296875, 61.3974609375, 55.0760307312, 110.704627991]],
        "icov": [[0.000630023074336, 0.000275420898106, -0.00029406498652, -0.000393770314986, 5.93130316702e-05, 0.000385351799196, -0.000525978801306, 0.000106010018499, 5.06848482473e-05, -0.000567263166886, -0.00012497449643, -4.93523657497e-05, -3.62741884601e-05], [0.000275420898106, 0.00155426759738, 0.000789534475189, -0.000512174970936, -0.000617243349552, 4.02811419917e-05, -7.80296468292e-05, 0.000313738739351, -0.000231633035582, -0.000600135128479, -7.01710523572e-05, -0.00049299269449, 8.06769094197e-05], [-0.00029406498652, 0.000789534475189, 0.00362930702977, 0.000943596591242, -0.00204156874679, -0.00150538946036, 0.00150533090346, -0.000984790618531, 0.000321014289511, 0.000633924501017, -0.00128568790387, -0.000270056538284, -0.000116802402772], [-0.000393770314986, -0.000512174970936, 0.000943596591242, 0.00443666568026, -0.000689825857989, -0.00110748736188, 0.000946968677454, -0.00100114441011, -0.000707822095137, 0.000658108503558, 0.000195041749976, -0.00220957864076, 0.000455591536593], [5.93130316702e-05, -0.000617243349552, -0.00204156874679, -0.000689825857989, 0.00726689351723, 0.000299079925753, -0.00142568978481, -0.00105196272489, -0.00279498496093, 0.000602858373895, 0.000515039311722, -0.000807856558822, -0.000587074609939], [0.000385351799196, 4.02811419917e-05, -0.00150538946036, -0.00110748736188, 0.000299079925753, 0.00528144417331, -0.000945941719692, -0.00193178781774, 0.00139817455783, -0.0019111573929, 0.00041403438081, 0.0018451140495, -0.00134530151263], [-0.000525978801306, -7.80296468292e-05, 0.00150533090346, 0.000946968677454, -0.00142568978481, -0.000945941719692, 0.00763916876167, 0.000732488639187, -0.00247431383468, -0.00157436286099, -0.00068432581611, 0.00168641074561, -0.00160938559566], [0.000106010018499, 0.000313738739351, -0.000984790618531, -0.00100114441011, -0.00105196272489, -0.00193178781774, 0.000732488639187, 0.0100413747132, -0.00282799103297, -0.000740622810554, -0.000674283364788, -0.00336153502576, 0.00148152420297], [5.06848482473e-05, -0.000231633035582, 0.000321014289511, -0.000707822095137, -0.00279498496093, 0.00139817455783, -0.00247431383468, -0.00282799103297, 0.0138523103669, -0.00212571420707, -0.00261474424042, 0.000833223049995, -0.00045315574971], [-0.000567263166886, -0.000600135128479, 0.000633924501017, 0.000658108503558, 0.000602858373895, -0.0019111573929, -0.00157436286099, -0.000740622810554, -0.00212571420707, 0.011871997267, -0.00510845147073, 0.00095093093114, -0.00188186450396], [-0.00012497449643, -7.01710523572e-05, -0.00128568790387, 0.000195041749976, 0.000515039311722, 0.00041403438081, -0.00068432581611, -0.000674283364788, -0.00261474424042, -0.00510845147073, 0.015462404117, -0.00393637083471, -0.00174403877463], [-4.93523657497e-05, -0.00049299269449, -0.000270056538284, -0.00220957864076, -0.000807856558822, 0.0018451140495, 0.00168641074561, -0.00336153502576, 0.000833223049995, 0.00095093093114, -0.00393637083471, 0.0159880854189, -0.00565029028803], [-3.62741884601e-05, 8.06769094197e-05, -0.000116802402772, 0.000455591536593, -0.000587074609939, -0.00134530151263, -0.00160938559566, 0.00148152420297, -0.00045315574971, -0.00188186450396, -0.00174403877463, -0.00565029028803, 0.0151190152392]]
    },
    "spectral_contrast_coeffs": {
        "max": [-0.395303189754, -0.472178220749, -0.488079994917, -0.582876086235, -0.584852516651, -0.598928868771],
        "mean": [-0.660870552063, -0.725168645382, -0.748462200165, -0.791088879108, -0.78055113554, -0.761042356491],
        "min": [-0.863732755184, -0.90962010622, -0.899752736092, -0.891386687756, -0.888342738152, -0.866703033447],
        "stdev": [0.093156196177, 0.0779090151191, 0.075671903789, 0.0528348274529, 0.0477628745139, 0.0386629030108]
    },
    "spectral_contrast_valleys": {
        "max": [-5.08554077148, -4.93822383881, -5.38786125183, -5.75964069366, -5.94377946854, -7.55467557907],
        "mean": [-7.1756310463, -6.70586824417, -7.20700883865, -7.36957883835, -7.50951480865, -10.4024353027],
        "min": [-11.2874288559, -8.44252490997, -8.78037452698, -8.73846340179, -9.34971427917, -13.2693662643],
        "stdev": [0.905060648918, 0.550668239594, 0.453380525112, 0.404083311558, 0.502248108387, 0.995609343052]
    }
},
"rhythm": {
    "beats_count": 114,
    "beats_loudness": {
        "max": 0.167874351144,
        "mean": 0.0382657423615,
        "min": 0.00420515378937,
        "stdev": 0.0339968986809
    },
    "bpm": 142.94909668,
    "bpm_histogram_first_peak_bpm": 144,
    "bpm_histogram_first_peak_weight": 0.221052646637,
    "bpm_histogram_second_peak_bpm": 129,
    "bpm_histogram_second_peak_spread": 0.200000047684,
    "bpm_histogram_second_peak_weight": 0.0707964599133,
    "danceability": 1.09832155704,
    "onset_rate": 4.01953125,
    "beats_loudness_band_ratio": {
        "max": [0.922649025917, 0.897881746292, 0.84256696701, 0.699713349342, 0.519400060177, 0.672984182835],
        "mean": [0.220887348056, 0.361680239439, 0.22997367382, 0.115689404309, 0.0813818201423, 0.0467737019062],
        "min": [0.00106098456308, 0.0118963578716, 0.0097036967054, 0.00662770075724, 0.00974006205797, 0.00374700804241],
        "stdev": [0.283032536507, 0.25573015213, 0.172063678503, 0.129152193666, 0.0878694504499, 0.087816439569]
    },
