{
"metadata": {
    "version": {
        "essentia": "2.1-beta5",
        "essentia_git_sha": "Undefined",
        "extractor": "music 2.0"
    },
    "audio_properties": {
        "analysis": {
            "equal_loudness": 0,
            "length": 48.8780059814,
            "sample_rate": 44100,
            "start_time": 142.744674683,
            "downmix": "mix"
        },
        "bit_rate": 192000,
        "length": 191.645889282,
        "lossless": 0,
        "number_channels": 2,
        "replay_gain": -2.17962646484,
        "sample_rate": 48000,
        "codec": "mp3",
        "md5_encoded": "0bb19735c40b3a4b515ff68108c68aef"
    },
    "tags": {
        "file_name": "Austria_Loin d_ici_Zoë.mp3",
        "encoding": ["Lavf58.29.100"]
    }
},
"lowlevel": {
    "average_loudness": 0.974618315697,
    "barkbands_crest": {
        "max": 25.079832077,
        "mean": 11.2901697159,
        "min": 2.47836065292,
        "stdev": 5.05213737488
    },
    "barkbands_flatness_db": {
        "max": 0.284628599882,
        "mean": 0.138834834099,
        "min": 0.0494099743664,
        "stdev": 0.0444072671235
    },
    "barkbands_kurtosis": {
        "max": 46.5708770752,
        "mean": 2.65836596489,
        "min": -1.77331280708,
        "stdev": 4.42182540894
    },
    "barkbands_skewness": {
        "max": 6.46093654633,
        "mean": 1.31340825558,
        "min": -2.56529831886,
        "stdev": 0.974960148335
    },
    "barkbands_spread": {
        "max": 97.2188644409,
        "mean": 22.9308128357,
        "min": 3.44155359268,
        "stdev": 13.5614414215
    },
    "dissonance": {
        "max": 0.499981105328,
        "mean": 0.463986337185,
        "min": 0.335828155279,
        "stdev": 0.0266513545066
    },
    "dynamic_complexity": 1.82075667381,
    "erbbands_crest": {
        "max": 28.1119270325,
        "mean": 10.0494470596,
        "min": 2.84098434448,
        "stdev": 4.79231929779
    },
    "erbbands_flatness_db": {
        "max": 0.33403891325,
        "mean": 0.16572342813,
        "min": 0.0699468404055,
        "stdev": 0.0536874979734
    },
    "erbbands_kurtosis": {
        "max": 13.2279167175,
        "mean": 0.812183320522,
        "min": -1.77068042755,
        "stdev": 1.85301721096
    },
    "erbbands_skewness": {
        "max": 2.41054964066,
        "mean": 0.459711074829,
        "min": -2.47106313705,
        "stdev": 0.637032330036
    },
    "erbbands_spread": {
        "max": 130.32585144,
        "mean": 33.1478500366,
        "min": 6.26009845734,
        "stdev": 17.5064735413
    },
    "hfc": {
        "max": 124.817062378,
        "mean": 30.2969379425,
        "min": 1.20726895332,
        "stdev": 16.6225242615
    },
    "loudness_ebu128": {
        "integrated": -19.3730812073,
        "loudness_range": 2.27512359619,
        "momentary": {
            "max": -15.8098506927,
            "mean": -19.6631584167,
            "min": -27.8886489868,
            "stdev": 1.68875074387
        },
        "short_term": {
            "max": -16.6343345642,
            "mean": -19.5030231476,
            "min": -22.5014591217,
            "stdev": 0.981172919273
        }
    },
    "melbands_crest": {
        "max": 32.6335258484,
        "mean": 15.4088983536,
        "min": 3.49654912949,
        "stdev": 7.00682640076
    },
    "melbands_flatness_db": {
        "max": 0.350732475519,
        "mean": 0.179092794657,
        "min": 0.0354663282633,
        "stdev": 0.0513884723186
    },
    "melbands_kurtosis": {
        "max": 126.164230347,
        "mean": 9.3128490448,
        "min": -1.75977373123,
        "stdev": 12.5900688171
    },
    "melbands_skewness": {
        "max": 9.67024421692,
        "mean": 2.20866847038,
        "min": -0.854918539524,
        "stdev": 1.4828543663
    },
    "melbands_spread": {
        "max": 230.477478027,
        "mean": 24.6458454132,
        "min": 2.51969790459,
        "stdev": 17.9115924835
    },
    "pitch_salience": {
        "max": 0.840157628059,
        "mean": 0.530600845814,
        "min": 0.138205751777,
        "stdev": 0.14343097806
    },
    "silence_rate_20dB": {
        "max": 1,
        "mean": 1,
        "min": 1,
        "stdev": 0
    },
    "silence_rate_30dB": {
        "max": 1,
        "mean": 0.993352353573,
        "min": 0,
        "stdev": 0.0812606588006
    },
    "silence_rate_60dB": {
        "max": 1,
        "mean": 0.00379867036827,
        "min": 0,
        "stdev": 0.0615163855255
    },
    "spectral_centroid": {
        "max": 4529.00195312,
        "mean": 1458.11975098,
        "min": 438.767120361,
        "stdev": 501.879119873
    },
    "spectral_complexity": {
        "max": 48,
        "mean": 23.4411201477,
        "min": 1,
        "stdev": 6.88093805313
    },
    "spectral_decrease": {
        "max": -1.95160054783e-10,
        "mean": -9.82533343574e-09,
        "min": -3.79667426387e-08,
        "stdev": 6.31115293359e-09
    },
    "spectral_energy": {
        "max": 0.149036109447,
        "mean": 0.0398310795426,
        "min": 0.00172803550959,
        "stdev": 0.024457687512
    },
    "spectral_energyband_high": {
        "max": 0.0154599035159,
        "mean": 0.00103387096897,
        "min": 1.47193068187e-05,
        "stdev": 0.00148583948612
    },
    "spectral_energyband_low": {
        "max": 0.119997665286,
        "mean": 0.0153552321717,
        "min": 4.53342124729e-07,
        "stdev": 0.0217016916722
    },
    "spectral_energyband_middle_high": {
        "max": 0.0779269561172,
        "mean": 0.0108316484839,
        "min": 0.00015226357209,
        "stdev": 0.00973622780293
    },
    "spectral_energyband_middle_low": {
        "max": 0.100797750056,
        "mean": 0.013451680541,
        "min": 0.000199423375307,
        "stdev": 0.0110495630652
    },
    "spectral_entropy": {
        "max": 8.84323596954,
        "mean": 7.72204303741,
        "min": 6.35919618607,
        "stdev": 0.332714557648
    },
    "spectral_flux": {
        "max": 0.313824355602,
        "mean": 0.106691800058,
        "min": 0.0234586149454,
        "stdev": 0.0465200357139
    },
    "spectral_kurtosis": {
        "max": 15.9821414948,
        "mean": 4.05166959763,
        "min": -1.29806053638,
        "stdev": 2.04074525833
    },
    "spectral_rms": {
        "max": 0.0120582366362,
        "mean": 0.00594434235245,
        "min": 0.00129841757007,
        "stdev": 0.00187731860206
    },
    "spectral_rolloff": {
        "max": 11434.1308594,
        "mean": 1597.08728027,
        "min": 64.599609375,
        "stdev": 1511.63171387
    },
    "spectral_skewness": {
        "max": 3.45525145531,
        "mean": 1.61765885353,
        "min": 0.196103021502,
        "stdev": 0.361489653587
    },
    "spectral_spread": {
        "max": 13854270,
        "mean": 5019027.5,
        "min": 2441264.75,
        "stdev": 1662261.125
    },
    "spectral_strongpeak": {
        "max": 10.1213665009,
        "mean": 1.45142400265,
        "min": 0,
        "stdev": 1.57170319557
    },
    "zerocrossingrate": {
        "max": 0.38525390625,
        "mean": 0.0658982619643,
        "min": 0.01123046875,
        "stdev": 0.0372678600252
    },
    "barkbands": {
        "max": [0.00486432667822, 0.113250769675, 0.0345766693354, 0.0332619138062, 0.056510258466, 0.0194301176816, 0.0396908670664, 0.0524890348315, 0.049518764019, 0.0346867069602, 0.05985032022, 0.011850357987, 0.0182766094804, 0.0200483333319, 0.0179905593395, 0.0124060939997, 0.00827916990966, 0.00588090484962, 0.00287861167453, 0.00232393550687, 0.0024290184956, 0.00550487451255, 0.00385487638414, 0.00489074271172, 0.00655287504196, 0.00118684256449, 2.88218848254e-06],
        "mean": [0.000586584443226, 0.0130531396717, 0.00121279025916, 0.00123568624258, 0.00259978277609, 0.00176494114567, 0.00267950887792, 0.00167071563192, 0.00273576681502, 0.00196024798788, 0.0036543388851, 0.000677846430335, 0.000819148670416, 0.00120070413686, 0.000851383723784, 0.000726155354641, 0.000498078414239, 0.00038840007619, 0.000342867744621, 0.000273139594356, 0.000172750456841, 0.000139041789225, 0.000145546713611, 0.00018584409554, 0.000221091642743, 3.56215932698e-05, 5.39994715609e-09],
        "min": [4.02123268017e-09, 1.53541286352e-08, 2.72076654539e-08, 4.37208882431e-08, 1.24032328586e-06, 5.06071592099e-06, 4.46985541203e-06, 9.26547363633e-06, 1.73942717083e-05, 7.75585249357e-06, 4.28511748396e-06, 6.02904583502e-06, 8.79595972947e-06, 5.58506326342e-06, 9.1149840955e-06, 4.45996056442e-06, 5.21473839399e-06, 6.16844954493e-06, 4.03436524721e-06, 2.47826073974e-06, 1.85459248314e-06, 1.15928901323e-06, 1.16512433124e-06, 1.17892648177e-06, 1.04334026219e-06, 3.64848790069e-10, 9.86636189415e-11],
        "stdev": [0.000788316538092, 0.0203392319381, 0.00289525650442, 0.00318264542148, 0.0042329467833, 0.00233519263566, 0.0041804513894, 0.00291361310519, 0.0050649177283, 0.00361615000293, 0.00645165424794, 0.0010943202069, 0.0015827632742, 0.00182882265653, 0.00158613862004, 0.00119715195615, 0.000771132879891, 0.000493046711199, 0.000336113560479, 0.000306198693579, 0.000223849914619, 0.000318006263115, 0.000359616038622, 0.000329204340233, 0.000487407145556, 7.33222987037e-05, 7.76118298518e-08]
    },
    "erbbands": {
        "max": [4.28056430817, 27.5556793213, 34.5995101929, 60.861038208, 215.221405029, 142.256866455, 188.527770996, 171.751327515, 431.390319824, 1208.36169434, 566.250183105, 1000.50335693, 1535.5246582, 1095.66699219, 2021.83520508, 519.043029785, 393.257476807, 1241.21948242, 1057.07922363, 581.03302002, 533.358093262, 450.573242188, 385.725189209, 193.366958618, 158.281356812, 119.953208923, 102.243751526, 81.7054519653, 177.304443359, 165.143829346, 117.3022995, 133.975631714, 83.4320297241, 82.053062439, 51.8314552307, 9.54061603546, 1.19691455364, 0.044533777982, 0.00117424852215, 0.000177167283255],
        "mean": [0.478294849396, 2.4772567749, 1.96674191952, 2.85742259026, 5.43711566925, 9.71061706543, 12.3214883804, 14.6642990112, 26.9350185394, 57.5820045471, 31.0812988281, 58.7006721497, 68.0218658447, 79.9972000122, 134.331161499, 33.764087677, 34.0803375244, 71.6668319702, 41.8381729126, 51.2494392395, 31.1057224274, 27.2822990417, 21.042098999, 19.3038291931, 16.6288700104, 13.9016895294, 9.04463672638, 5.57703208923, 5.08588695526, 4.43323040009, 4.13965654373, 3.61388731003, 3.29362630844, 2.85358119011, 1.33067703247, 0.316911637783, 0.0351673923433, 0.000887073983904, 6.72908281558e-05, 5.35432336619e-05],
        "min": [1.43011777709e-06, 8.8699234766e-06, 7.79631009209e-05, 0.00051280844491, 0.00103836739436, 0.00470382720232, 0.0155953476205, 0.086404748261, 0.258630096912, 0.215405121446, 0.278095126152, 0.491896271706, 0.4806638062, 0.457428723574, 0.54517608881, 0.357570886612, 0.439756780863, 0.32240742445, 0.463462650776, 0.489938110113, 0.357175022364, 0.327131450176, 0.426665902138, 0.271618545055, 0.159796074033, 0.14142793417, 0.0615106113255, 0.0592308118939, 0.0412242375314, 0.0327187590301, 0.0327248796821, 0.023416692391, 0.0244876984507, 0.0168319623917, 0.00627073226497, 0.000411349523347, 1.43524075611e-05, 1.72502541318e-06, 2.46567537943e-06, 3.80367760044e-06],
        "stdev": [0.740250349045, 4.2639541626, 4.09636259079, 6.41075801849, 13.9195804596, 14.8630542755, 19.3270511627, 19.2226314545, 44.466381073, 94.9876861572, 45.1630554199, 109.803039551, 126.406768799, 126.600028992, 240.144210815, 46.4538574219, 48.047618866, 113.929191589, 84.9549255371, 75.2108688354, 39.0410385132, 40.8310203552, 28.2024364471, 17.8492908478, 17.653263092, 15.2434625626, 10.8550481796, 8.60126495361, 11.4286355972, 11.2700433731, 10.0338869095, 7.09104013443, 6.0650138855, 6.29848194122, 3.28121614456, 0.668935716152, 0.0736241787672, 0.00216226140037, 9.06416826183e-05, 3.00358169625e-05]
    },
    "gfcc": {
        "mean": [33.3384246826, 80.937461853, -135.522888184, 23.3187980652, -68.1476898193, 26.4579639435, -43.9041252136, 24.175825119, -25.2559089661, 9.44344615936, -9.33658981323, -1.74027645588, -0.951336920261],
        "cov": [[1371.23010254, 210.031997681, 617.034973145, 468.405090332, 249.710098267, 222.288070679, 22.4708595276, 49.6170806885, -35.9086685181, 84.481262207, -44.2588043213, 57.8724822998, -15.909620285], [210.031997681, 691.116394043, 294.346405029, 219.219161987, 264.04107666, 26.5269603729, 53.9237251282, 8.74628734589, 25.5426177979, 30.2743434906, 88.3480300903, 6.01604986191, 67.7684020996], [617.034973145, 294.346405029, 1172.43603516, 651.183898926, 273.002746582, 244.792449951, -81.581703186, 72.3164825439, 36.3436164856, 187.9871521, 82.3248748779, 168.088821411, 57.7013969421], [468.405090332, 219.219161987, 651.183898926, 580.937072754, 234.175415039, 129.005050659, -1.14761590958, 27.0183544159, 40.3961219788, 104.551391602, 50.2932777405, 97.7146682739, 44.8172416687], [249.710098267, 264.04107666, 273.002746582, 234.175415039, 306.11706543, 158.362243652, 90.8882522583, 77.4411010742, 54.3535995483, 78.454826355, 56.99659729, 43.5732345581, 59.0869445801], [222.288070679, 26.5269603729, 244.792449951, 129.005050659, 158.362243652, 266.849517822, 122.208221436, 55.6407279968, 35.9546356201, 69.9119262695, 27.8328800201, 29.5224494934, 32.5901145935], [22.4708595276, 53.9237251282, -81.581703186, -1.14761590958, 90.8882522583, 122.208221436, 200.19190979, 58.2240333557, 46.9133148193, 14.871799469, 23.2556705475, -14.7049436569, 22.3797664642], [49.6170806885, 8.74628734589, 72.3164825439, 27.0183544159, 77.4411010742, 55.6407279968, 58.2240333557, 122.384475708, 79.9519424438, 38.282245636, 25.0180263519, 26.8902244568, 22.7805252075], [-35.9086685181, 25.5426177979, 36.3436164856, 40.3961219788, 54.3535995483, 35.9546356201, 46.9133148193, 79.9519424438, 141.071807861, 42.4119491577, 20.2901859283, 21.4437408447, 13.2111997604], [84.481262207, 30.2743434906, 187.9871521, 104.551391602, 78.454826355, 69.9119262695, 14.871799469, 38.282245636, 42.4119491577, 135.957885742, 75.3837051392, 40.2028923035, 31.2464256287], [-44.2588043213, 88.3480300903, 82.3248748779, 50.2932777405, 56.99659729, 27.8328800201, 23.2556705475, 25.0180263519, 20.2901859283, 75.3837051392, 130.364944458, 37.2065620422, 50.454082489], [57.8724822998, 6.01604986191, 168.088821411, 97.7146682739, 43.5732345581, 29.5224494934, -14.7049436569, 26.8902244568, 21.4437408447, 40.2028923035, 37.2065620422, 94.1743011475, 33.1235389709], [-15.909620285, 67.7684020996, 57.7013969421, 44.8172416687, 59.0869445801, 32.5901145935, 22.3797664642, 22.7805252075, 13.2111997604, 31.2464256287, 50.454082489, 33.1235389709, 92.5986862183]],
        "icov": [[0.00145513471216, -0.000774050422478, 0.000612875912338, -0.00144224229734, 0.000613713287748, -0.00152613350656, 0.000821140012704, -0.00189502327703, 0.00181026302744, -0.00112435326446, 0.00159247172996, -0.000481531402329, 0.000971580098849], [-0.000774050422478, 0.00522893061861, -0.00382070755586, 0.0032154538203, -0.00619702134281, 0.0060905367136, -0.0041174236685, 0.0057770893909, -0.00311432592571, 0.00373394670896, -0.00353478826582, 0.00346278375946, -0.00187895493582], [0.000612875912338, -0.00382070755586, 0.00734673347324, -0.00641045579687, 0.00511297490448, -0.00813475996256, 0.00723534170538, -0.00705509399995, 0.00380100938492, -0.00408549327403, 0.00233282707632, -0.00401746109128, 0.00201585213654], [-0.00144224229734, 0.0032154538203, -0.00641045579687, 0.00946124549955, -0.00656977295876, 0.00712384842336, -0.00564095657319, 0.00834252871573, -0.00471121259034, 0.00284986407496, -0.00207457435317, 0.0011434701737, -0.0017579277046], [0.000613713287748, -0.00619702134281, 0.00511297490448, -0.00656977295876, 0.0150188691914, -0.00963067915291, 0.00435342080891, -0.00972179602832, 0.00394236017019, -0.00458543654531, 0.00313466205262, -0.00298749445938, 0.000125482300064], [-0.00152613350656, 0.0060905367136, -0.00813475996256, 0.00712384842336, -0.00963067915291, 0.0179689582437, -0.0124237742275, 0.00942651182413, -0.00423568114638, 0.00250179576688, -0.00215961714275, 0.00366108701564, -0.00296649499796], [0.000821140012704, -0.0041174236685, 0.00723534170538, -0.00564095657319, 0.00435342080891, -0.0124237742275, 0.01652549766, -0.00926407519728, 0.00236825621687, -0.00173960113898, 0.000527240685187, -0.000720501411706, 0.00147536175791], [-0.00189502327703, 0.0057770893909, -0.00705509399995, 0.00834252871573, -0.00972179602832, 0.00942651182413, -0.00926407519728, 0.0250525847077, -0.0125301592052, 0.00440581748262, -0.00396284554154, 0.00135923852213, -0.00325949932449], [0.00181026302744, -0.00311432592571, 0.00380100938492, -0.00471121259034, 0.00394236017019, -0.00423568114638, 0.00236825621687, -0.0125301592052, 0.015716297552, -0.00574080785736, 0.00404423149303, -0.00297863804735, 0.00254408596084], [-0.00112435326446, 0.00373394670896, -0.00408549327403, 0.00284986407496, -0.00458543654531, 0.00250179576688, -0.00173960113898, 0.00440581748262, -0.00574080785736, 0.0179691761732, -0.010401988402, 0.00265945098363, -0.000905439665075], [0.00159247172996, -0.00353478826582, 0.00233282707632, -0.00207457435317, 0.00313466205262, -0.00215961714275, 0.000527240685187, -0.00396284554154, 0.00404423149303, -0.010401988402, 0.0175541527569, -0.00470896437764, -0.00292890425771], [-0.000481531402329, 0.00346278375946, -0.00401746109128, 0.0011434701737, -0.00298749445938, 0.00366108701564, -0.000720501411706, 0.00135923852213, -0.00297863804735, 0.00265945098363, -0.00470896437764, 0.0196208134294, -0.00513469940051], [0.000971580098849, -0.00187895493582, 0.00201585213654, -0.0017579277046, 0.000125482300064, -0.00296649499796, 0.00147536175791, -0.00325949932449, 0.00254408596084, -0.000905439665075, -0.00292890425771, -0.00513469940051, 0.016720475629]]
    },
    "melbands": {
        "max": [0.0331574194133, 0.0239908844233, 0.0134931337088, 0.0139795178548, 0.00678008142859, 0.00369749846868, 0.00658799149096, 0.0140387527645, 0.00487618660554, 0.00663019157946, 0.00765171274543, 0.00461392151192, 0.00813271012157, 0.00167891744059, 0.000787577475421, 0.0023262470495, 0.00209491420537, 0.00149785738904, 0.00138032576069, 0.00124720972963, 0.00079525122419, 0.000652570102829, 0.000588124617934, 0.000264027825324, 0.000177102032467, 0.000179870490683, 8.8022199634e-05, 8.27977419249e-05, 8.77922066138e-05, 8.52415105328e-05, 5.15420470037e-05, 8.78796345205e-05, 0.000130715372507, 9.21372266021e-05, 6.8053646828e-05, 6.5297310357e-05, 9.36439610086e-05, 6.22681109235e-05, 5.11886137247e-05, 8.02149588708e-05],
        "mean": [0.00394318578765, 0.00174541922752, 0.000578020350076, 0.000513140461408, 0.000463834468974, 0.000337126082741, 0.000452205218608, 0.000586180132814, 0.000261208508164, 0.000384570186725, 0.000330062961439, 0.000294028839562, 0.000519803666975, 0.00012158206664, 6.27341432846e-05, 9.29481248022e-05, 0.000136141999974, 6.28149427939e-05, 5.91928583162e-05, 6.79252698319e-05, 2.98650011246e-05, 2.87482180283e-05, 2.38866177824e-05, 1.80265687959e-05, 1.50753703565e-05, 1.27667872221e-05, 1.00619454315e-05, 8.875347703e-06, 6.24564063401e-06, 3.78153413294e-06, 3.05460571326e-06, 2.96782332043e-06, 2.50423727266e-06, 2.47000798481e-06, 2.39458222495e-06, 2.25647022489e-06, 2.16800958697e-06, 2.2604942842e-06, 2.31160629482e-06, 2.49432309829e-06],
        "min": [1.22467298524e-08, 6.56769287843e-08, 1.24521193356e-07, 1.95153418758e-07, 4.7614494747e-07, 1.72542672772e-06, 2.76731407212e-06, 2.08258643397e-06, 1.48742014972e-06, 2.80756512439e-06, 1.82644328106e-06, 1.16629576041e-06, 6.1036007537e-07, 6.91189882218e-07, 8.67318306064e-07, 9.29316229303e-07, 4.66331954385e-07, 5.32606804882e-07, 7.33021579435e-07, 2.9162410442e-07, 4.09919067579e-07, 3.31462643999e-07, 2.37683067894e-07, 2.28294609883e-07, 1.9216152225e-07, 1.3506705443e-07, 8.9572964157e-08, 8.28847319667e-08, 3.3911796038e-08, 4.04149993471e-08, 2.74580393977e-08, 1.77017440706e-08, 1.73252114877e-08, 1.35845823479e-08, 1.76761396631e-08, 1.63677817966e-08, 1.33623840881e-08, 1.54563402077e-08, 1.7250343376e-08, 1.21272476505e-08],
        "stdev": [0.00602594576776, 0.00307249068283, 0.00131140474696, 0.000932213733904, 0.000682378420606, 0.000442459859187, 0.000716485024896, 0.000968626409303, 0.000426565209636, 0.000729174003936, 0.000633637711871, 0.000517800683156, 0.00092722469708, 0.000204438503715, 8.15657767816e-05, 0.00018149628886, 0.000218931090785, 0.000131492997753, 9.44272105698e-05, 0.000118087205919, 4.17746487074e-05, 5.03193623445e-05, 4.72041174362e-05, 2.10000653169e-05, 1.58312232088e-05, 1.52110978888e-05, 1.11704166557e-05, 1.04966966319e-05, 8.06265506981e-06, 5.43177020518e-06, 5.05220168634e-06, 6.49994035484e-06, 6.51727305012e-06, 6.51346908853e-06, 6.15036833551e-06, 4.99388852404e-06, 4.24213249062e-06, 4.2898909669e-06, 4.31036551163e-06, 6.10556799074e-06]
    },
    "melbands128": {
        "max": [0.00454740133137, 0.0353538021445, 0.0548289492726, 0.0524663254619, 0.0248164609075, 0.0163391251117, 0.0129363480955, 0.0193709786981, 0.0260903984308, 0.0151187200099, 0.00703247310594, 0.0133962333202, 0.00965486466885, 0.00818822346628, 0.00543747283518, 0.00650250678882, 0.00839735474437, 0.0124658681452, 0.0110452007502, 0.0189721621573, 0.0190065093338, 0.00557825900614, 0.00746860541403, 0.0115454550833, 0.0109128477052, 0.0129940714687, 0.0200373064727, 0.00802549254149, 0.00701347505674, 0.00640105176717, 0.0064735407941, 0.015534883365, 0.0129611957818, 0.0103565510362, 0.00285916519351, 0.00380937079899, 0.00224484992214, 0.00112031691242, 0.00188286544289, 0.00176584068686, 0.00222893897444, 0.00876822322607, 0.00444665038958, 0.00479442207143, 0.00280361389741, 0.00235506263562, 0.00412560766563, 0.00242398004048, 0.00153883593157, 0.00208354834467, 0.00232729921117, 0.00118497910444, 0.00135548401158, 0.000782181799877, 0.00115208886564, 0.00112557923421, 0.000864903617185, 0.00120314420201, 0.000895543489605, 0.000717205810361, 0.000306281814119, 0.000253017438808, 0.000483621202875, 0.000253617705312, 0.000332703028107, 0.000426827842603, 0.000341481907526, 0.000208820420085, 0.000151312473463, 0.000211749458686, 0.00015616339806, 0.000223389957682, 0.000155551038915, 0.000104300102976, 7.68133468227e-05, 0.000108113439637, 9.94488436845e-05, 4.88299265271e-05, 5.91730095039e-05, 6.6491025791e-05, 7.73554420448e-05, 0.000104341415863, 0.000169898557942, 0.000164519660757, 0.00010647916497, 0.000115218063002, 0.00010239877156, 0.000109361790237, 8.41186338221e-05, 9.61173936957e-05, 0.000104849081254, 8.37879051687e-05, 7.4284573202e-05, 0.000148085760884, 5.22302216268e-05, 7.77005916461e-05, 8.90459996299e-05, 9.92548375507e-05, 6.59162542433e-05, 6.5173204348e-05, 0.000112491470645, 0.000111704299343, 0.000139488329296, 0.000132259126985, 5.66145499761e-05, 7.22143668099e-05, 2.6499532396e-05, 2.62837656919e-05, 1.98925299628e-05, 2.69153060799e-05, 1.0712805306e-05, 6.49918956697e-06, 6.5284084485e-06, 1.66985103078e-06, 2.24120853431e-07, 3.02529429064e-07, 1.21768565009e-07, 9.55304191308e-09, 9.22117937563e-09, 8.97534402355e-09, 8.73084626818e-09, 8.51331538598e-09, 8.32257107675e-09, 8.17468226444e-09, 8.04896416184e-09, 7.96036569994e-09, 7.88894549686e-09, 7.8349335908e-09],
        "mean": [0.000542075547855, 0.00387314753607, 0.00570946699008, 0.00355174997821, 0.00126783386804, 0.000564033165574, 0.000535711413249, 0.000658665492665, 0.000548304989934, 0.000398251286242, 0.000580802909099, 0.000598501355853, 0.000399976968765, 0.000363219412975, 0.000275419879472, 0.00038882100489, 0.000363693456165, 0.000425547681516, 0.000558692787308, 0.0008566165925, 0.000471048057079, 0.000176094195922, 0.000203243587748, 0.000364056177204, 0.00042117992416, 0.000328004854964, 0.000478663510876, 0.000347348250216, 0.000178839676664, 0.000276094593573, 0.000245723698754, 0.000486069358885, 0.000747212208807, 0.000410829117754, 8.55899561429e-05, 8.45218964969e-05, 7.66732409829e-05, 4.37629059888e-05, 7.52087653382e-05, 5.91004572925e-05, 6.8873152486e-05, 0.0001928863785, 0.000152853608597, 0.000116662704386, 4.65950724902e-05, 5.7747347455e-05, 7.98004475655e-05, 3.46940905729e-05, 5.73769902985e-05, 9.83522404567e-05, 7.29251478333e-05, 3.62138380297e-05, 3.21234001603e-05, 2.47659572779e-05, 2.85105143121e-05, 3.36809862347e-05, 2.00017966563e-05, 3.48404500983e-05, 2.14311185118e-05, 1.12197385533e-05, 1.99533933483e-05, 1.92712723219e-05, 2.07761495403e-05, 1.159625117e-05, 1.00313363873e-05, 1.37544348036e-05, 1.44734131027e-05, 1.03421234598e-05, 7.52946698412e-06, 1.20317199617e-05, 9.34325362323e-06, 7.47380181565e-06, 6.5450949478e-06, 6.82199197399e-06, 4.65035327579e-06, 3.91203911931e-06, 3.4511076592e-06, 2.85042756332e-06, 3.05622347696e-06, 3.13953592013e-06, 3.10030054607e-06, 2.87121042675e-06, 2.68328767561e-06, 2.48782976087e-06, 2.30499404097e-06, 2.43568410951e-06, 2.58166505773e-06, 2.45802266363e-06, 2.37189829022e-06, 2.35124002756e-06, 2.30220075537e-06, 2.18234936256e-06, 2.28904173127e-06, 2.17263050217e-06, 2.05516835194e-06, 2.2082238047e-06, 2.31221019931e-06, 2.35589936892e-06, 2.23343295147e-06, 2.29613124247e-06, 2.53364714808e-06, 2.62592516265e-06, 2.36333062276e-06, 1.99136957235e-06, 1.49000470628e-06, 1.14366707749e-06, 8.17241982531e-07, 6.27525480468e-07, 5.14694647791e-07, 3.6379705648e-07, 3.09546692279e-07, 1.66192648976e-07, 2.44156801443e-08, 5.66531044299e-09, 6.54496290498e-10, 5.84698567341e-10, 1.46616371821e-10, 1.18023880599e-11, 1.1414583688e-11, 1.11159701235e-11, 1.0809688214e-11, 1.05765127559e-11, 1.0367538425e-11, 1.01809654457e-11, 9.892023832e-12, 9.5296938743e-12, 9.31567930434e-12, 9.24061521745e-12],
        "min": [4.35565195023e-10, 1.25967236642e-09, 5.40196110066e-09, 7.24056414825e-09, 6.58470078463e-09, 1.41656322228e-08, 4.80574913198e-09, 2.26092495836e-08, 3.30189422471e-08, 7.43072376963e-08, 5.66898421539e-08, 1.23347277281e-07, 3.377250124e-08, 4.74326554922e-07, 3.12189797569e-07, 4.33234788488e-07, 8.23782102088e-07, 3.49424226442e-07, 3.29607416916e-07, 4.36763230027e-07, 4.92213700909e-07, 4.11353596519e-07, 3.53367653361e-07, 7.32975991014e-07, 3.3905328678e-07, 9.36443598221e-07, 1.29521970393e-06, 1.25933490835e-06, 4.20643090138e-07, 4.10546334706e-07, 2.38428896182e-07, 5.87458032442e-07, 1.86476171393e-07, 3.79574458975e-07, 1.74410871523e-07, 1.36260155159e-07, 3.72547162897e-07, 2.72427712389e-07, 2.56707096469e-07, 2.24056279308e-07, 2.21948198487e-07, 4.40290705228e-07, 3.85001015957e-07, 1.29554663886e-07, 1.39372502872e-07, 1.58333804734e-07, 1.81584212555e-07, 2.30727266626e-07, 2.34598658722e-07, 1.0696275865e-07, 6.64670309902e-08, 1.08301733803e-07, 1.04129235012e-07, 2.2494266716e-07, 1.73656360403e-07, 1.42516469737e-07, 1.80497366387e-07, 5.33189599139e-08, 1.39673215216e-08, 5.84886628019e-08, 4.36734453046e-08, 7.88232554783e-08, 1.40749335742e-07, 8.45927914384e-08, 1.03036548182e-07, 7.91055470017e-08, 1.13271113378e-07, 6.73828708386e-08, 3.38012497991e-08, 5.37940003653e-08, 8.4218441998e-08, 4.27892956623e-08, 2.00854302079e-08, 3.1006578638e-08, 2.71405955488e-08, 3.40918617781e-08, 8.56857163001e-09, 1.8737967622e-08, 2.11594158861e-10, 1.05786961413e-08, 6.30967589288e-09, 1.34222828407e-08, 3.49476803052e-09, 1.35925217748e-08, 5.25304244547e-09, 8.50962056376e-09, 9.42993949593e-09, 2.40907715998e-09, 9.96833460221e-09, 1.39362770213e-08, 1.722462728e-09, 4.45904779767e-09, 9.93223636669e-09, 9.90795534506e-09, 3.88470811075e-09, 6.53521237126e-09, 8.66189875381e-09, 1.40615972199e-08, 8.57643911445e-09, 5.78193448675e-09, 6.77871425658e-10, 2.39583131112e-09, 5.24807530766e-09, 1.47466483469e-09, 3.18496812257e-10, 1.23742860403e-09, 5.07130136496e-11, 1.41788282504e-11, 1.0101790281e-12, 3.48862350683e-13, 3.28098767773e-13, 3.92861443247e-13, 3.14646854578e-13, 3.69815696078e-13, 3.2238082104e-13, 2.69640511091e-13, 2.45087235012e-13, 3.32995892145e-13, 3.00833658115e-13, 2.79672444058e-13, 2.36209760519e-13, 3.02359943723e-13, 3.21862111616e-13, 3.07069853486e-13, 2.37518799117e-13, 8.40939053419e-14, 1.3232270775e-14, 3.62545850944e-16],
        "stdev": [0.000760625582188, 0.00621637934819, 0.0093598254025, 0.00672894204035, 0.0029161174316, 0.00136355520226, 0.00127994862851, 0.00177714554593, 0.00155106338207, 0.000920645310543, 0.000928497349378, 0.00111162150279, 0.000789315672591, 0.00072711269604, 0.000458090129541, 0.000715120870154, 0.000707258062903, 0.00111587357242, 0.00105633726344, 0.00166213372722, 0.0010280237766, 0.000363626808394, 0.000488133751787, 0.000883641536348, 0.000957169220783, 0.000937771692406, 0.00118430459406, 0.000714771740604, 0.000503029907122, 0.000711162108928, 0.000601974665187, 0.00121225533076, 0.00150566990487, 0.00112395954784, 0.000190391569049, 0.000205344418646, 0.000185275726835, 7.43607597542e-05, 0.000139385374496, 0.000132251268951, 0.000190554041183, 0.00056378118461, 0.000316304358421, 0.000271963712294, 0.000129151507281, 0.000167610443896, 0.000298822415061, 8.43505331432e-05, 0.000116503288154, 0.000218007553485, 0.000206551761949, 8.35159735288e-05, 7.63391362852e-05, 4.28337407357e-05, 7.12970213499e-05, 8.97027421161e-05, 4.03143021686e-05, 9.30355963646e-05, 5.97561811446e-05, 2.87152724923e-05, 3.24625652866e-05, 2.78944171441e-05, 3.12952397508e-05, 1.73243879544e-05, 1.81895011337e-05, 2.44322618528e-05, 2.62750054389e-05, 1.6505638996e-05, 1.25258675325e-05, 1.97836470761e-05, 1.33722733153e-05, 1.56334626809e-05, 1.19914002426e-05, 1.04351011032e-05, 7.09077949068e-06, 6.25795155429e-06, 6.10940742263e-06, 4.95879203299e-06, 5.38736549061e-06, 5.98581755185e-06, 6.64396839056e-06, 7.61666478866e-06, 7.41658368497e-06, 7.04886360836e-06, 6.27727695246e-06, 6.65858033244e-06, 7.52114556235e-06, 7.22443428458e-06, 6.42798977424e-06, 6.02238787906e-06, 5.73682200411e-06, 4.98264080306e-06, 4.90809770781e-06, 5.03683759234e-06, 3.91060666516e-06, 4.29393367085e-06, 5.03415412823e-06, 4.95344011142e-06, 4.21362983616e-06, 4.80509652334e-06, 6.13976544628e-06, 7.47199374018e-06, 6.74745479046e-06, 5.70531256017e-06, 4.13971429225e-06, 3.26993927047e-06, 1.79245228082e-06, 1.64706159467e-06, 1.19086519135e-06, 8.71803479185e-07, 5.98976441779e-07, 3.73185599756e-07, 2.19951772351e-07, 6.44131645799e-08, 6.91993884416e-09, 7.73500818951e-09, 2.75837641617e-09, 2.09078213076e-10, 2.01868896599e-10, 1.96532692898e-10, 1.91184582055e-10, 1.86464371721e-10, 1.823158291e-10, 1.7909924932e-10, 1.76342551672e-10, 1.74420256016e-10, 1.72871827964e-10, 1.71695949125e-10]
    },
    "mfcc": {
        "mean": [-601.774230957, 108.757148743, -8.1318359375, 1.86526381969, 2.840893507, -4.95635795593, 4.55139350891, 0.246321514249, 2.91502737999, 5.79050350189, 0.242245465517, 1.20101237297, 2.07243871689],
        "cov": [[1159.22180176, 15.8571949005, 271.128265381, 255.993972778, 173.036819458, 186.12550354, 101.841705322, 63.6428375244, 64.9800643921, 30.6150455475, -19.9635238647, -12.1509552002, 49.6855926514], [15.8571949005, 546.707580566, 55.0599212646, 134.56803894, 151.0728302, 34.642036438, 92.9044647217, 5.39958572388, 25.7347507477, 22.8639812469, -8.14958572388, 30.2659778595, 59.6510658264], [271.128265381, 55.0599212646, 891.450256348, 411.82321167, 388.716461182, 221.755279541, 70.1528396606, 3.51820707321, -0.956236004829, 17.9322605133, 14.2415370941, 66.0768051147, 103.015884399], [255.993972778, 134.56803894, 411.82321167, 461.736999512, 275.736663818, 139.849502563, 54.721824646, 7.21261501312, 15.5095510483, 8.77134227753, -2.9068107605, 68.6728057861, 64.1500854492], [173.036819458, 151.0728302, 388.716461182, 275.736663818, 344.456085205, 137.178771973, 76.2683639526, 23.0547122955, 49.3343734741, 26.2214050293, 16.1505012512, 65.3776016235, 85.086151123], [186.12550354, 34.642036438, 221.755279541, 139.849502563, 137.178771973, 236.190628052, 111.636291504, 53.0291595459, 44.9433555603, 58.6431617737, 28.2364902496, 6.70319032669, 45.0199623108], [101.841705322, 92.9044647217, 70.1528396606, 54.721824646, 76.2683639526, 111.636291504, 194.060623169, 31.037197113, 33.9990921021, 50.4622688293, 9.33716392517, 2.35931372643, 67.7798156738], [63.6428375244, 5.39958572388, 3.51820707321, 7.21261501312, 23.0547122955, 53.0291595459, 31.037197113, 132.620651245, 77.8893203735, 22.9217224121, 25.1315326691, 21.4402084351, 3.06997132301], [64.9800643921, 25.7347507477, -0.956236004829, 15.5095510483, 49.3343734741, 44.9433555603, 33.9990921021, 77.8893203735, 125.323501587, 53.0092697144, 31.892332077, 23.753490448, 20.8846359253], [30.6150455475, 22.8639812469, 17.9322605133, 8.77134227753, 26.2214050293, 58.6431617737, 50.4622688293, 22.9217224121, 53.0092697144, 101.66317749, 44.1399040222, 7.61886119843, 16.5106964111], [-19.9635238647, -8.14958572388, 14.2415370941, -2.9068107605, 16.1505012512, 28.2364902496, 9.33716392517, 25.1315326691, 31.892332077, 44.1399040222, 83.7130203247, 41.2670326233, 11.9943275452], [-12.1509552002, 30.2659778595, 66.0768051147, 68.6728057861, 65.3776016235, 6.70319032669, 2.35931372643, 21.4402084351, 23.753490448, 7.61886119843, 41.2670326233, 97.9529571533, 50.2137031555], [49.6855926514, 59.6510658264, 103.015884399, 64.1500854492, 85.086151123, 45.0199623108, 67.7798156738, 3.06997132301, 20.8846359253, 16.5106964111, 11.9943275452, 50.2137031555, 116.525688171]],
        "icov": [[0.00112280936446, 0.000167958365637, -1.15241016374e-06, -0.000591296644416, 1.58903039846e-05, -0.00040052368422, -0.000107407198811, -0.000269808253506, -0.000408606429119, 0.000100967794424, 0.000286403839709, 0.000705550948624, -0.000300062907627], [0.000167958365637, 0.00245594419539, 0.00062272750074, -0.000564687652513, -0.00140602479223, 0.000611441326328, -0.000959845725447, -0.000107784318971, 0.000240458335611, -0.000457180285593, 0.000502279144712, 9.41196849453e-05, -0.000287488044705], [-1.15241016374e-06, 0.00062272750074, 0.00300396187231, -0.00107017171104, -0.0025801747106, -0.00112710997928, 0.000733543827664, -0.000246911571594, 0.00159078731667, -0.000149398503709, -0.000315036653774, 0.000632894167211, -0.000989762949757], [-0.000591296644416, -0.000564687652513, -0.00107017171104, 0.00556128751487, -0.00216414872557, -0.00126033939887, 0.00018476168043, 0.000782298156992, 0.000391720881453, -0.000130232787342, 0.0022132890299, -0.00357060623355, 0.00162385869771], [1.58903039846e-05, -0.00140602479223, -0.0025801747106, -0.00216414872557, 0.00960578024387, -0.00116110371891, -0.000425866252044, 0.00129198853392, -0.00356121826917, 0.00113496370614, 0.000168251644936, -0.00170849252027, -0.00096999417292], [-0.00040052368422, 0.000611441326328, -0.00112710997928, -0.00126033939887, -0.00116110371891, 0.00989364180714, -0.00341448420659, -0.00289072142914, 0.000907160283532, -0.00234696245752, -0.0025015717838, 0.00345226447098, -0.000424488389399], [-0.000107407198811, -0.000959845725447, 0.000733543827664, 0.00018476168043, -0.000425866252044, -0.00341448420659, 0.0100698489696, -0.00155965052545, 0.00124032259919, -0.00277583859861, 0.000810412806459, 0.00264355447143, -0.00545074278489], [-0.000269808253506, -0.000107784318971, -0.000246911571594, 0.000782298156992, 0.00129198853392, -0.00289072142914, -0.00155965052545, 0.0143062341958, -0.00917068403214, 0.00367571669631, -0.0004806650104, -0.00377360219136, 0.00345999957062], [-0.000408606429119, 0.000240458335611, 0.00159078731667, 0.000391720881453, -0.00356121826917, 0.000907160283532, 0.00124032259919, -0.00917068403214, 0.0180319212377, -0.00748011609539, -2.66554508244e-07, 5.13682971359e-05, -0.00199489458464], [0.000100967794424, -0.000457180285593, -0.000149398503709, -0.000130232787342, 0.00113496370614, -0.00234696245752, -0.00277583859861, 0.00367571669631, -0.00748011609539, 0.0190646219999, -0.00892239715904, 0.00296185701154, 0.000271983852144], [0.000286403839709, 0.000502279144712, -0.000315036653774, 0.0022132890299, 0.000168251644936, -0.0025015717838, 0.000810412806459, -0.0004806650104, -2.66554508244e-07, -0.00892239715904, 0.0232346784323, -0.0120036536828, 0.0031110253185], [0.000705550948624, 9.41196849453e-05, 0.000632894167211, -0.00357060623355, -0.00170849252027, 0.00345226447098, 0.00264355447143, -0.00377360219136, 5.13682971359e-05, 0.00296185701154, -0.0120036536828, 0.0239385720342, -0.00997637305409], [-0.000300062907627, -0.000287488044705, -0.000989762949757, 0.00162385869771, -0.00096999417292, -0.000424488389399, -0.00545074278489, 0.00345999957062, -0.00199489458464, 0.000271983852144, 0.0031110253185, -0.00997637305409, 0.0170874614269]]
    },
    "spectral_contrast_coeffs": {
        "max": [-0.375939249992, -0.481308043003, -0.479383051395, -0.584660291672, -0.603255450726, -0.668162643909],
        "mean": [-0.723330676556, -0.730381727219, -0.729962348938, -0.781360626221, -0.783586621284, -0.790478050709],
        "min": [-0.89675283432, -0.905117034912, -0.907828092575, -0.895401775837, -0.868007659912, -0.867740035057],
        "stdev": [0.0802728533745, 0.0721968635917, 0.0712864473462, 0.0500863678753, 0.0373224020004, 0.0291079394519]
    },
    "spectral_contrast_valleys": {
        "max": [-5.02712726593, -5.16392374039, -5.24957180023, -5.68523406982, -6.14234304428, -7.55091428757],
        "mean": [-6.81368684769, -6.36208820343, -6.84480571747, -7.03659296036, -7.20207023621, -9.56968021393],
        "min": [-10.7368535995, -8.02697277069, -8.71741294861, -8.80659675598, -8.92105293274, -12.0013656616],
        "stdev": [1.02373814583, 0.451139777899, 0.500265359879, 0.418869048357, 0.401995748281, 0.613339602947]
    }
},
"rhythm": {
    "beats_count": 114,
    "beats_loudness": {
        "max": 0.117769643664,
        "mean": 0.0636418536305,
        "min": 0.00447471626103,
        "stdev": 0.0247859824449
    },
    "bpm": 142.896652222,
    "bpm_histogram_first_peak_bpm": 144,
    "bpm_histogram_first_peak_weight": 0.191489398479,
    "bpm_histogram_second_peak_bpm": 136,
    "bpm_histogram_second_peak_spread": 0.4375,
    "bpm_histogram_second_peak_weight": 0.0796460211277,
    "danceability": 1.27902841568,
    "onset_rate": 3.84539747238,
    "beats_loudness_band_ratio": {
        "max": [0.927364885807, 0.422229230404, 0.738484799862, 0.777649402618, 0.299362868071, 0.119274623692],
        "mean": [0.550405144691, 0.0651264339685, 0.174073025584, 0.149166598916, 0.0552222654223, 0.0210863221437],
        "min": [6.57295240671e-05, 0.000546876282897, 0.00933422148228, 0.00622681481764, 0.00788243208081, 0.00261064060032],
        "stdev": [0.283915400505, 0.076204739511, 0.175246879458, 0.158239394426, 0.0490722358227, 0.0178027320653]
    },
