{
"metadata": {
    "version": {
        "essentia": "2.1-beta5",
        "essentia_git_sha": "Undefined",
        "extractor": "music 2.0"
    },
    "audio_properties": {
        "analysis": {
            "equal_loudness": 0,
            "length": 48.7502937317,
            "sample_rate": 44100,
            "start_time": 93.9943771362,
            "downmix": "mix"
        },
        "bit_rate": 192000,
        "length": 184.726348877,
        "lossless": 0,
        "number_channels": 2,
        "replay_gain": -0.438098907471,
        "sample_rate": 48000,
        "codec": "mp3",
        "md5_encoded": "ffc71234955bf0ac7df4249539eb3945"
    },
    "tags": {
        "file_name": "Armenia_LoveWave_Iveta Mukuchyan.mp3",
        "encoding": ["Lavf58.29.100"]
    }
},
"lowlevel": {
    "average_loudness": 0.971668601036,
    "barkbands_crest": {
        "max": 24.9371929169,
        "mean": 12.3598966599,
        "min": 2.73112130165,
        "stdev": 4.94038152695
    },
    "barkbands_flatness_db": {
        "max": 0.303883671761,
        "mean": 0.147445574403,
        "min": 0.059197075665,
        "stdev": 0.0390143506229
    },
    "barkbands_kurtosis": {
        "max": 68.1601104736,
        "mean": 2.81598353386,
        "min": -1.89249014854,
        "stdev": 6.47974395752
    },
    "barkbands_skewness": {
        "max": 7.62777853012,
        "mean": 1.25393283367,
        "min": -1.93570303917,
        "stdev": 1.27277767658
    },
    "barkbands_spread": {
        "max": 104.042999268,
        "mean": 28.3008899689,
        "min": 2.51395106316,
        "stdev": 16.5359230042
    },
    "dissonance": {
        "max": 0.499999970198,
        "mean": 0.470282942057,
        "min": 0.347764402628,
        "stdev": 0.0249477382749
    },
    "dynamic_complexity": 1.78110194206,
    "erbbands_crest": {
        "max": 29.816532135,
        "mean": 10.81528759,
        "min": 2.66302013397,
        "stdev": 5.67228031158
    },
    "erbbands_flatness_db": {
        "max": 0.300418198109,
        "mean": 0.160098344088,
        "min": 0.0693827643991,
        "stdev": 0.0412558056414
    },
    "erbbands_kurtosis": {
        "max": 23.7586956024,
        "mean": 1.64006018639,
        "min": -1.67902779579,
        "stdev": 3.10961270332
    },
    "erbbands_skewness": {
        "max": 3.68912029266,
        "mean": -0.1151285097,
        "min": -3.96876072884,
        "stdev": 0.936898946762
    },
    "erbbands_spread": {
        "max": 111.330955505,
        "mean": 31.4424571991,
        "min": 3.02642321587,
        "stdev": 17.6699104309
    },
    "hfc": {
        "max": 242.699508667,
        "mean": 32.7685089111,
        "min": 0.611433804035,
        "stdev": 24.3636684418
    },
    "loudness_ebu128": {
        "integrated": -20.5327320099,
        "loudness_range": 2.36799430847,
        "momentary": {
            "max": -17.7105426788,
            "mean": -20.7373466492,
            "min": -25.9575176239,
            "stdev": 1.3795593977
        },
        "short_term": {
            "max": -18.8533744812,
            "mean": -20.5304374695,
            "min": -23.1830673218,
            "stdev": 0.810612142086
        }
    },
    "melbands_crest": {
        "max": 34.5051383972,
        "mean": 17.9965324402,
        "min": 4.78042650223,
        "stdev": 6.42349815369
    },
    "melbands_flatness_db": {
        "max": 0.377115935087,
        "mean": 0.204083934426,
        "min": 0.0580504313111,
        "stdev": 0.0535793639719
    },
    "melbands_kurtosis": {
        "max": 145.850234985,
        "mean": 10.8576135635,
        "min": -1.83012092113,
        "stdev": 16.1649780273
    },
    "melbands_skewness": {
        "max": 11.0763044357,
        "mean": 2.47026968002,
        "min": -1.09780049324,
        "stdev": 1.71597206593
    },
    "melbands_spread": {
        "max": 207.894790649,
        "mean": 29.6344871521,
        "min": 1.73360204697,
        "stdev": 19.9720096588
    },
    "pitch_salience": {
        "max": 0.82063382864,
        "mean": 0.457680135965,
        "min": 0.102851890028,
        "stdev": 0.121879138052
    },
    "silence_rate_20dB": {
        "max": 1,
        "mean": 1,
        "min": 1,
        "stdev": 0
    },
    "silence_rate_30dB": {
        "max": 1,
        "mean": 0.934792935848,
        "min": 0,
        "stdev": 0.24688872695
    },
    "silence_rate_60dB": {
        "max": 0,
        "mean": 0,
        "min": 0,
        "stdev": 0
    },
    "spectral_centroid": {
        "max": 4532.04541016,
        "mean": 1632.65112305,
        "min": 376.126159668,
        "stdev": 641.88067627
    },
    "spectral_complexity": {
        "max": 55,
        "mean": 23.1480255127,
        "min": 0,
        "stdev": 7.87995624542
    },
    "spectral_decrease": {
        "max": -1.25704155418e-10,
        "mean": -1.19330332282e-08,
        "min": -5.8479926679e-08,
        "stdev": 8.62301874349e-09
    },
    "spectral_energy": {
        "max": 0.226892396808,
        "mean": 0.0480102226138,
        "min": 0.000529895711225,
        "stdev": 0.0332356765866
    },
    "spectral_energyband_high": {
        "max": 0.0193396415561,
        "mean": 0.00123340263963,
        "min": 2.60713659372e-05,
        "stdev": 0.00228315615095
    },
    "spectral_energyband_low": {
        "max": 0.209612712264,
        "mean": 0.0277301892638,
        "min": 2.9273389373e-05,
        "stdev": 0.0299822818488
    },
    "spectral_energyband_middle_high": {
        "max": 0.0530374757946,
        "mean": 0.0109485164285,
        "min": 0.000185729673831,
        "stdev": 0.0100547978655
    },
    "spectral_energyband_middle_low": {
        "max": 0.0638041347265,
        "mean": 0.00873378571123,
        "min": 5.41057161172e-05,
        "stdev": 0.00664981780574
    },
    "spectral_entropy": {
        "max": 8.8341627121,
        "mean": 7.6361989975,
        "min": 6.62864160538,
        "stdev": 0.349225431681
    },
    "spectral_flux": {
        "max": 0.374394774437,
        "mean": 0.122664831579,
        "min": 0.0337971076369,
        "stdev": 0.052666362375
    },
    "spectral_kurtosis": {
        "max": 18.5654373169,
        "mean": 4.59284114838,
        "min": -1.27703404427,
        "stdev": 2.46071600914
    },
    "spectral_rms": {
        "max": 0.014878119342,
        "mean": 0.00651329848915,
        "min": 0.000719007221051,
        "stdev": 0.00210151029751
    },
    "spectral_rolloff": {
        "max": 11369.53125,
        "mean": 1612.7298584,
        "min": 64.599609375,
        "stdev": 1603.32775879
    },
    "spectral_skewness": {
        "max": 2.92265486717,
        "mean": 1.58863544464,
        "min": 0.155438095331,
        "stdev": 0.430403232574
    },
    "spectral_spread": {
        "max": 14536193,
        "mean": 4458439.5,
        "min": 2230568.25,
        "stdev": 1721721.5
    },
    "spectral_strongpeak": {
        "max": 15.0578565598,
        "mean": 1.16365432739,
        "min": 0,
        "stdev": 2.05182051659
    },
    "zerocrossingrate": {
        "max": 0.34423828125,
        "mean": 0.0586169920862,
        "min": 0.00830078125,
        "stdev": 0.0368816629052
    },
    "barkbands": {
        "max": [0.0155431441963, 0.191130444407, 0.0354421585798, 0.0119495065883, 0.0368541106582, 0.0354490466416, 0.0397807732224, 0.0509213507175, 0.0465839803219, 0.03528707847, 0.0352083034813, 0.0333256609738, 0.0349751673639, 0.0399716794491, 0.0341338254511, 0.0286201555282, 0.0400929003954, 0.00996348168701, 0.00848695356399, 0.00425914628431, 0.00226262281649, 0.00580038642511, 0.00728016532958, 0.012765198946, 0.00913897622377, 0.00149341463111, 7.47288368075e-06],
        "mean": [0.00134332897142, 0.0232142899185, 0.00281388033181, 0.000859313411638, 0.00133723334875, 0.00205809180625, 0.00148085155524, 0.000865462003276, 0.00165959564038, 0.00142407242674, 0.00160552316811, 0.000864023575559, 0.00121594278608, 0.00157880713232, 0.000957231735811, 0.00121778075118, 0.00111911131535, 0.000669695727993, 0.000372964830603, 0.000317308382364, 0.00017496777582, 0.0001472083095, 0.00020509371825, 0.000266355404165, 0.000213968203752, 2.81642460322e-05, 9.00767371803e-09],
        "min": [8.14332423715e-08, 5.11698726768e-06, 5.53687732463e-06, 1.69094448665e-06, 9.38333505474e-06, 3.27737893713e-06, 6.97368113833e-06, 8.01858004706e-06, 1.1214558981e-05, 4.01411261919e-06, 5.15846841154e-06, 3.92630408896e-06, 1.19941996672e-05, 1.33066405397e-05, 5.31250361746e-06, 1.74662400241e-05, 1.63877957675e-05, 7.16960676073e-06, 8.3076156443e-06, 4.23973597208e-06, 4.34433241026e-06, 1.83036866019e-06, 1.23510687899e-06, 7.34084835585e-07, 5.23915446138e-07, 1.21690146848e-09, 1.45444684074e-10],
        "stdev": [0.0016666802112, 0.0282800029963, 0.00353237637319, 0.00112986541353, 0.00198476319201, 0.00313153443858, 0.00264034583233, 0.00198324373923, 0.00260749156587, 0.00354116107337, 0.00362846651115, 0.00238589406945, 0.00318172597326, 0.00392972957343, 0.00243057915941, 0.00261397776194, 0.00292090768926, 0.000944012077525, 0.00063283595955, 0.000454848515801, 0.00024594986462, 0.000298227969324, 0.000633367453702, 0.00086166523397, 0.000643949897494, 8.48673371365e-05, 1.98580963229e-07]
    },
    "erbbands": {
        "max": [9.58393287659, 39.8084220886, 40.8174781799, 36.6449775696, 41.9266357422, 214.287017822, 356.339874268, 446.962280273, 700.94732666, 422.381988525, 1000.00231934, 1113.78015137, 1246.87109375, 1854.29138184, 1542.95007324, 1530.84033203, 1704.71789551, 2359.88232422, 1692.24108887, 1714.5604248, 1944.09216309, 2678.17675781, 623.585266113, 703.035095215, 175.808853149, 182.67036438, 143.205810547, 113.186729431, 191.174362183, 155.880142212, 216.293060303, 272.0859375, 203.163391113, 111.992591858, 61.653793335, 15.2941331863, 1.26972877979, 0.0581126064062, 0.00170358258765, 0.000388280110201],
        "mean": [0.908728480339, 4.20583343506, 4.19942235947, 2.8397295475, 3.54092049599, 4.47869729996, 9.28878498077, 19.3926239014, 22.4267559052, 20.8310127258, 18.8101558685, 39.6588859558, 46.8784828186, 50.3819198608, 55.7156028748, 37.6579742432, 56.3103981018, 89.9271469116, 48.5000648499, 62.6034622192, 63.6328086853, 64.1374740601, 39.77734375, 25.7166442871, 15.0558671951, 15.4284334183, 9.16736888885, 6.5297703743, 5.14643573761, 5.44937896729, 5.87154054642, 5.73782348633, 4.26992797852, 2.78566241264, 1.28496360779, 0.272087424994, 0.0270242281258, 0.00120273279026, 7.35019639251e-05, 6.29296773695e-05],
        "min": [0.000140213291161, 0.00142489618156, 0.00944185629487, 0.0145300095901, 0.0205138102174, 0.0352451391518, 0.0169129204005, 0.0389616601169, 0.165405869484, 0.201626673341, 0.216207996011, 0.251904636621, 0.193269088864, 0.177026748657, 0.138762593269, 0.220337986946, 0.597824633121, 1.19262683392, 1.35425317287, 0.880363702774, 0.659691214561, 1.10907745361, 0.688251614571, 0.533862471581, 0.333171874285, 0.209769695997, 0.140090122819, 0.164344921708, 0.0841182470322, 0.058840405196, 0.0413955338299, 0.026772197336, 0.00924006104469, 0.00533759593964, 0.00248047569767, 0.000877827173099, 4.73379768664e-05, 3.64625884686e-06, 4.26428050559e-06, 2.51719643529e-06],
        "stdev": [1.11738693714, 5.47988891602, 4.88888454437, 3.20170712471, 4.22263240814, 7.75602006912, 19.2053642273, 31.9851284027, 43.5470314026, 33.8406257629, 39.9625282288, 64.5964736938, 107.631355286, 120.097129822, 130.027755737, 101.880470276, 133.876403809, 223.799987793, 94.0576858521, 121.137077332, 153.980758667, 161.509643555, 54.5604743958, 50.6594810486, 19.4297637939, 22.0144252777, 12.6757946014, 9.2221622467, 9.5279302597, 14.2126264572, 18.7315807343, 19.3223247528, 13.3474826813, 8.36743068695, 4.03220558167, 0.816954612732, 0.0814667791128, 0.0034304826986, 0.000124539161334, 4.26870574302e-05]
    },
    "gfcc": {
        "mean": [33.3968734741, 99.2554168701, -124.912467957, 42.2243690491, -50.7425575256, 32.3369026184, -36.3088378906, 25.3915615082, -14.2063026428, 9.45839595795, -7.52782249451, 0.800251483917, -0.819255828857],
        "cov": [[1151.8815918, -482.631439209, 38.5982131958, 93.4004058838, -65.0020675659, 148.078033447, -74.4559707642, 60.2461128235, -80.2873077393, 39.7396736145, -40.125415802, 30.6482753754, -3.86360526085], [-482.631439209, 637.425964355, -110.513763428, -94.1197662354, 136.506347656, -101.810249329, 112.590087891, -70.0215759277, 58.8956756592, -33.0439796448, 73.1101074219, -25.3592510223, 42.37915802], [38.5982131958, -110.513763428, 548.77142334, 14.8003759384, -180.119018555, 85.4278717041, -102.810081482, -22.2494564056, -34.2702064514, 7.62945795059, 26.9153213501, 68.506362915, 13.9653987885], [93.4004058838, -94.1197662354, 14.8003759384, 297.599304199, 23.9210510254, -53.2943077087, 21.7142162323, 51.5572624207, 36.2269058228, -7.2676858902, 5.84890127182, -31.2744350433, 26.3826065063], [-65.0020675659, 136.506347656, -180.119018555, 23.9210510254, 255.133117676, -36.4796829224, 75.1905288696, 22.502614975, 33.4733009338, 8.39061069489, -17.2405204773, -19.9343090057, -13.9233398438], [148.078033447, -101.810249329, 85.4278717041, -53.2943077087, -36.4796829224, 197.019195557, 19.9512023926, -23.8123989105, -30.9497623444, 4.18580770493, 21.360042572, 9.6400604248, 4.56253385544], [-74.4559707642, 112.590087891, -102.810081482, 21.7142162323, 75.1905288696, 19.9512023926, 197.218353271, 8.34876251221, -4.73699760437, 15.0288534164, 19.8720321655, -23.07903862, -16.0810012817], [60.2461128235, -70.0215759277, -22.2494564056, 51.5572624207, 22.502614975, -23.8123989105, 8.34876251221, 115.617637634, 32.5908737183, -12.39149189, -18.0061035156, -7.9130449295, 15.3849468231], [-80.2873077393, 58.8956756592, -34.2702064514, 36.2269058228, 33.4733009338, -30.9497623444, -4.73699760437, 32.5908737183, 110.60710907, -4.31184339523, 8.24813079834, -9.92855644226, 31.4782619476], [39.7396736145, -33.0439796448, 7.62945795059, -7.2676858902, 8.39061069489, 4.18580770493, 15.0288534164, -12.39149189, -4.31184339523, 84.6989822388, 20.7569618225, 6.11354780197, -12.1733751297], [-40.125415802, 73.1101074219, 26.9153213501, 5.84890127182, -17.2405204773, 21.360042572, 19.8720321655, -18.0061035156, 8.24813079834, 20.7569618225, 104.68561554, 19.6043148041, 30.7980060577], [30.6482753754, -25.3592510223, 68.506362915, -31.2744350433, -19.9343090057, 9.6400604248, -23.07903862, -7.9130449295, -9.92855644226, 6.11354780197, 19.6043148041, 73.8207778931, 18.9911346436], [-3.86360526085, 42.37915802, 13.9653987885, 26.3826065063, -13.9233398438, 4.56253385544, -16.0810012817, 15.3849468231, 31.4782619476, -12.1733751297, 30.7980060577, 18.9911346436, 104.668838501]],
        "icov": [[0.00149084965233, 0.000502875307575, 0.000471352250315, -0.000695144815836, 5.60977750865e-05, -0.00123175536282, 0.000676119350828, -0.000714567664545, 0.000977057265118, -0.000790437101386, 0.000406337872846, -0.000743224227335, -0.000136669987114], [0.000502875307575, 0.00602676300332, -0.00160647963639, 0.00357737205923, -0.0032679354772, 0.00465377885848, -0.00360761536285, 0.00436437223107, -0.00184307619929, 0.00411273911595, -0.00430285744369, 0.00414553005248, -0.00339576648548], [0.000471352250315, -0.00160647963639, 0.00373688479885, -0.00227634026669, 0.00262159947306, -0.00316326390021, 0.00237557664514, -0.00157191778999, 0.000991443987004, -0.00190609355923, 0.00139404903166, -0.00397978443652, 0.00161771813873], [-0.000695144815836, 0.00357737205923, -0.00227634026669, 0.00717938458547, -0.002607551869, 0.00519560044631, -0.00343054067343, 0.00191344320774, -0.00208007288165, 0.00334612117149, -0.00368587160483, 0.00569117628038, -0.00329498318024], [5.60977750865e-05, -0.0032679354772, 0.00262159947306, -0.002607551869, 0.00765703432262, -0.00280060479417, 0.000670357840136, -0.00276194629259, -0.000284343928797, -0.00314854108728, 0.0035799110774, -0.00374055677094, 0.00262694014236], [-0.00123175536282, 0.00465377885848, -0.00316326390021, 0.00519560044631, -0.00280060479417, 0.0118173249066, -0.00522703723982, 0.00490806158632, -0.00143672246486, 0.00466010067612, -0.00496829859912, 0.00555754406378, -0.00380182079971], [0.000676119350828, -0.00360761536285, 0.00237557664514, -0.00343054067343, 0.000670357840136, -0.00522703723982, 0.00973423290998, -0.00411540269852, 0.00290880701505, -0.00384195544757, 0.00095479178708, -0.00208649085835, 0.00322684110142], [-0.000714567664545, 0.00436437223107, -0.00157191778999, 0.00191344320774, -0.00276194629259, 0.00490806158632, -0.00411540269852, 0.0146759701893, -0.00461985776201, 0.00454114098102, -0.00121789460536, 0.00325628230348, -0.00375175266527], [0.000977057265118, -0.00184307619929, 0.000991443987004, -0.00208007288165, -0.000284343928797, -0.00143672246486, 0.00290880701505, -0.00461985776201, 0.0133782560006, -0.0022692962084, 0.000418166280724, 0.000102365811472, -0.0021038572304], [-0.000790437101386, 0.00411273911595, -0.00190609355923, 0.00334612117149, -0.00314854108728, 0.00466010067612, -0.00384195544757, 0.00454114098102, -0.0022692962084, 0.016928743571, -0.00650205463171, 0.00280139199458, -0.000106947249151], [0.000406337872846, -0.00430285744369, 0.00139404903166, -0.00368587160483, 0.0035799110774, -0.00496829859912, 0.00095479178708, -0.00121789460536, 0.000418166280724, -0.00650205463171, 0.0165177006274, -0.00622918503359, -0.00109324441291], [-0.000743224227335, 0.00414553005248, -0.00397978443652, 0.00569117628038, -0.00374055677094, 0.00555754406378, -0.00208649085835, 0.00325628230348, 0.000102365811472, 0.00280139199458, -0.00622918503359, 0.0223429873586, -0.00607444019988], [-0.000136669987114, -0.00339576648548, 0.00161771813873, -0.00329498318024, 0.00262694014236, -0.00380182079971, 0.00322684110142, -0.00375175266527, -0.0021038572304, -0.000106947249151, -0.00109324441291, -0.00607444019988, 0.0151449758559]]
    },
    "melbands": {
        "max": [0.0669039189816, 0.0256355106831, 0.00569850252941, 0.0078392457217, 0.00986512005329, 0.00860238820314, 0.00942586176097, 0.00619029905647, 0.00659464206547, 0.00817520357668, 0.00635007629171, 0.00716113857925, 0.00429040472955, 0.00445551751181, 0.00306056882255, 0.00477666873485, 0.00444637844339, 0.00220406102017, 0.00214885361493, 0.00265193148516, 0.00255285855383, 0.00364721869119, 0.00099324749317, 0.000534341845196, 0.000661381578539, 0.000236599691561, 0.000117996853078, 0.000179417838808, 0.000126895305584, 6.63604150759e-05, 6.32943847449e-05, 0.000102973404864, 0.000122683675727, 0.00010750770889, 0.000141623590025, 0.000184027681826, 0.00022249664471, 0.000177319772774, 9.41150792642e-05, 9.38298762776e-05],
        "mean": [0.0071924556978, 0.00316158379428, 0.000520879519172, 0.000287165894406, 0.00029788701795, 0.000433597771917, 0.000327830901369, 0.000219403198571, 0.000158298309543, 0.000258229702013, 0.000228616539971, 0.00019617129874, 0.000200358990696, 0.000106381361547, 8.83468746906e-05, 0.00015178292233, 0.000168888887856, 7.24079654901e-05, 8.13659353298e-05, 8.79257640918e-05, 7.27611040929e-05, 7.2636474215e-05, 4.25361686212e-05, 2.79536197922e-05, 2.05125088542e-05, 1.21014099932e-05, 8.64583580551e-06, 1.1083247955e-05, 6.44346800982e-06, 4.19149273512e-06, 3.66439758182e-06, 2.98443774227e-06, 2.67172140411e-06, 3.1652814414e-06, 3.30559328177e-06, 3.49628362528e-06, 3.56890586772e-06, 3.12344513986e-06, 2.53467806033e-06, 2.31627950598e-06],
        "min": [1.39268274779e-06, 3.76200455321e-06, 2.71690350928e-06, 2.10603434425e-06, 8.10626318071e-07, 8.67458766152e-07, 2.77078925137e-06, 1.9634283035e-06, 1.73406465365e-06, 1.60635897828e-06, 9.11546578664e-07, 6.62224749703e-07, 5.90190211369e-07, 3.50160490825e-07, 9.07990113319e-07, 1.26667498535e-06, 1.69673865003e-06, 1.07608173039e-06, 9.68299104898e-07, 1.10384667096e-06, 5.71873272293e-07, 7.54581947149e-07, 6.37144353277e-07, 3.85542080039e-07, 3.2102343539e-07, 1.87099431059e-07, 2.56249208519e-08, 1.38572502806e-07, 6.75358862168e-08, 5.82257939641e-08, 6.98188884485e-08, 2.33494681368e-08, 1.86757755927e-08, 3.05711687076e-08, 2.05273522624e-08, 1.15650005128e-08, 1.17062359806e-08, 4.36662794812e-09, 5.77118663969e-09, 3.48705619935e-09],
        "stdev": [0.00879517104477, 0.00355523847975, 0.00055125245126, 0.000378482363885, 0.000575879239477, 0.000664661289193, 0.000593879260123, 0.000384052807931, 0.00031980194035, 0.000429802457802, 0.000560966378544, 0.000478309520986, 0.000467530800961, 0.00028933089925, 0.000218246656004, 0.000390335626435, 0.000449360843049, 0.000149164508912, 0.000205792675843, 0.000173622960574, 0.000221002672333, 0.000205778531381, 8.25756578706e-05, 4.17614828621e-05, 4.78578913317e-05, 1.89324946405e-05, 1.30339703901e-05, 1.7745196601e-05, 1.01445066321e-05, 6.04818569627e-06, 5.82889924772e-06, 5.20475759913e-06, 6.66985988573e-06, 8.85689041752e-06, 1.08136282506e-05, 1.17803620014e-05, 1.28945457618e-05, 1.02670192064e-05, 7.52810092308e-06, 7.19607896826e-06]
    },
    "melbands128": {
        "max": [0.015108184889, 0.0886434167624, 0.0901641473174, 0.0608585327864, 0.0232126452029, 0.015341960825, 0.00845457985997, 0.00519254803658, 0.0046718288213, 0.00956630706787, 0.0165486652404, 0.0107047520578, 0.0178579203784, 0.0101270861924, 0.0171466097236, 0.008286094293, 0.0135357640684, 0.0134168276563, 0.0074597238563, 0.00755911041051, 0.0110663622618, 0.0178391896188, 0.0085568819195, 0.00716577423736, 0.00821759738028, 0.0184181965888, 0.00862255785614, 0.0120974285528, 0.0102509809658, 0.0071497131139, 0.0151648204774, 0.0109508177266, 0.00691930623725, 0.0119396541268, 0.00522350659594, 0.00991349946707, 0.00745655130595, 0.00516516482458, 0.00339884357527, 0.00932742096484, 0.00888518802822, 0.00986807793379, 0.00872761197388, 0.00836630072445, 0.00279534026049, 0.0026803559158, 0.00815451331437, 0.00414286507294, 0.00359937408939, 0.00505647901446, 0.00424288678914, 0.00230933330022, 0.00617947848514, 0.00537689169869, 0.00490626366809, 0.0081115141511, 0.00427741324529, 0.00255235470831, 0.00145369477104, 0.00123742257711, 0.000783196941484, 0.00110398686957, 0.00172359368298, 0.000881002633832, 0.000167647129274, 0.000565234688111, 0.000189106925973, 0.000299476349028, 0.000226922187721, 0.000242611931753, 0.000194294407265, 0.000560280052014, 0.000188404534128, 0.000214319356019, 0.000150190739078, 0.000101170888229, 0.000119601296319, 6.93665788276e-05, 9.1612811957e-05, 9.92990899249e-05, 8.42463268782e-05, 0.000101257006463, 0.000145411089761, 0.000132449073135, 0.000103441496321, 0.000138438044814, 0.000186171164387, 0.000243357833824, 0.000213077801163, 0.000138971969136, 0.000232850434259, 0.00018732425815, 0.000166877129232, 0.000296015525237, 0.000292222364806, 0.000159586779773, 0.000232513673836, 0.000117823510664, 9.67414744082e-05, 9.75246803137e-05, 0.000122678204207, 0.000103977959952, 0.000102822552435, 9.14260817808e-05, 9.14755219128e-05, 9.27681030589e-05, 6.82212194079e-05, 3.46087945218e-05, 2.37200401898e-05, 1.73564949364e-05, 1.10304554255e-05, 3.59048704013e-06, 4.45319028586e-06, 4.50517745776e-06, 9.90210537566e-07, 3.48928011817e-07, 1.70901714114e-07, 3.48968747232e-08, 3.39602657107e-08, 3.30346452415e-08, 3.22900355343e-08, 3.16101242959e-08, 3.09387111486e-08, 3.04473104507e-08, 3.00679232623e-08, 2.96538722466e-08, 2.94048625449e-08, 2.92517849942e-08],
        "mean": [0.00125308299903, 0.00770378671587, 0.00995587464422, 0.00589807005599, 0.00267310650088, 0.00115334312432, 0.000539009459317, 0.000418508891016, 0.000343525927747, 0.000302642351016, 0.000224861476454, 0.000230659061344, 0.000308406859403, 0.000383588252589, 0.00047748547513, 0.000412446592236, 0.000437121692812, 0.000284959416604, 0.000245000992436, 0.000233228740399, 0.000223417475354, 0.00012257322669, 0.000149363550008, 0.00018657608598, 0.000262594345259, 0.000313470955007, 0.000178756483365, 0.0002610773372, 0.000245961971814, 0.000111813431431, 0.000248555006692, 0.000209911522688, 0.000207659541047, 0.000205823947908, 8.08704571682e-05, 9.43553459365e-05, 0.00010557337373, 8.91072268132e-05, 5.62669083592e-05, 0.000147783415741, 0.000163394579431, 0.000174440690898, 0.000205050615477, 0.000153584842337, 8.23209702503e-05, 4.53401116829e-05, 7.40359828342e-05, 9.47709340835e-05, 7.39581882954e-05, 7.9767407442e-05, 0.000119136195281, 5.41500630789e-05, 7.05467100488e-05, 8.09892226243e-05, 7.54418142606e-05, 8.46045004437e-05, 5.99174127274e-05, 3.32730996888e-05, 4.58281319879e-05, 4.09319072787e-05, 2.14911287912e-05, 2.18882505578e-05, 2.98373124679e-05, 1.70028706634e-05, 1.02064623206e-05, 1.61842654052e-05, 8.69773157319e-06, 1.00213965197e-05, 7.30618876332e-06, 9.48611796048e-06, 9.20266575122e-06, 1.65308356372e-05, 6.89863145453e-06, 4.8647634685e-06, 4.45644491265e-06, 4.3000286496e-06, 4.14151600125e-06, 3.48132357431e-06, 3.90554941987e-06, 3.38658787769e-06, 3.41156192007e-06, 2.52232280218e-06, 2.50328275797e-06, 2.59258263213e-06, 2.97303995467e-06, 2.98590975945e-06, 3.32622130372e-06, 3.36612515639e-06, 3.19723335451e-06, 3.33965499522e-06, 3.5336597648e-06, 3.60843705494e-06, 3.26710210174e-06, 3.67166489923e-06, 3.78374556931e-06, 3.2519699289e-06, 3.01337672681e-06, 2.80668996311e-06, 2.41554653257e-06, 2.63942297352e-06, 2.25244184549e-06, 2.40267877416e-06, 2.14902684093e-06, 1.81439020253e-06, 1.52676716425e-06, 1.15434363579e-06, 8.07478670595e-07, 5.36456354894e-07, 4.27093368671e-07, 2.69770396244e-07, 1.99349912577e-07, 8.11824207858e-08, 2.76386824538e-08, 3.96453643248e-08, 1.70900751328e-08, 2.03297667589e-09, 1.66343286367e-10, 2.5471614401e-11, 2.47583047813e-11, 2.4090750228e-11, 2.35165845131e-11, 2.30514825977e-11, 2.25802935377e-11, 2.21938075556e-11, 2.16895217064e-11, 2.10385580485e-11, 2.06625029586e-11, 2.05243478463e-11],
        "min": [7.06683564999e-08, 8.13089400253e-07, 2.2949848244e-06, 1.83568386092e-06, 4.09595577366e-06, 1.76310095412e-06, 1.60246020187e-06, 7.17550449281e-07, 1.08624021777e-06, 1.14330123324e-06, 9.4246433946e-07, 2.96025291391e-07, 2.55758067169e-07, 1.40578478636e-07, 6.28126940683e-07, 4.57553653632e-07, 4.52407391549e-07, 4.50892287063e-07, 8.96795086192e-07, 8.31889678921e-07, 8.15178736957e-07, 5.12196777436e-07, 5.7913166529e-07, 5.62593641007e-07, 9.44339490161e-07, 1.59130831889e-06, 1.29866430143e-06, 9.17105012377e-07, 4.2528338895e-07, 2.94705188253e-07, 3.93985288838e-07, 4.3073552547e-07, 3.08733433485e-07, 2.36253995922e-07, 1.83458212177e-07, 1.00990590113e-07, 1.99028022507e-07, 1.48152821566e-07, 7.7544662247e-08, 4.30434738519e-07, 2.06048667906e-07, 2.84488919533e-07, 1.41724356695e-07, 3.52124914116e-07, 2.41454443994e-07, 2.83109898191e-07, 6.58972183487e-08, 2.73034146403e-07, 2.76976521718e-07, 4.81045844936e-07, 6.6055406478e-07, 2.59812878767e-07, 2.00656430138e-07, 1.63884550375e-07, 2.00259066219e-07, 5.11098278366e-07, 3.91345139406e-07, 2.57719932506e-07, 1.42328900665e-07, 1.56163366682e-07, 1.3889446393e-07, 1.44915418332e-07, 9.09430184493e-08, 1.05910402226e-07, 7.6133595428e-08, 4.61682354569e-08, 2.80113141571e-08, 1.03485024994e-08, 1.68005929169e-08, 1.29209176691e-08, 1.88378912469e-08, 7.93091814444e-08, 4.37860521174e-08, 1.25247296978e-08, 7.75404007669e-09, 1.08333484405e-08, 2.24163301255e-08, 1.97050162853e-08, 1.24337100615e-08, 6.11943162809e-09, 2.4793481046e-08, 6.1180278621e-09, 4.0137533297e-09, 4.48254627861e-10, 1.02053976381e-09, 2.85021950486e-10, 1.14767617632e-09, 7.41899097711e-10, 2.48081083454e-10, 1.21136878306e-10, 1.50134779608e-10, 6.84490131242e-10, 1.82075998723e-09, 2.29002639074e-09, 9.18911258196e-09, 1.40394373904e-09, 1.34784225447e-10, 2.42967579389e-09, 2.1933688199e-09, 5.0201559576e-10, 6.7818783922e-10, 2.41715897298e-10, 8.19012024866e-10, 1.61117175157e-10, 6.02543237527e-10, 8.13555667278e-10, 6.91665683061e-11, 2.85795779403e-12, 3.01901646044e-12, 9.73986299599e-13, 1.06293749844e-12, 6.72210442691e-13, 4.91440492901e-13, 4.67653205657e-13, 4.46203593822e-13, 4.11997313435e-13, 4.25488745799e-13, 4.27336226301e-13, 3.99979013669e-13, 4.15810940367e-13, 3.72212596031e-13, 3.88701115565e-13, 4.18947943828e-13, 4.26738912219e-13, 2.92871873671e-13, 1.21356443232e-13, 1.95179819979e-14, 4.95584313181e-16],
        "stdev": [0.00158420449588, 0.0095206592232, 0.0134813869372, 0.00789256300777, 0.00334845739417, 0.00143763097003, 0.00068312662188, 0.000567802169826, 0.000465576187707, 0.000459979695734, 0.000509067380335, 0.00061543751508, 0.000841251865495, 0.000728351122234, 0.00100173731335, 0.000793306331616, 0.000997104914859, 0.000731927226298, 0.000456210866105, 0.000503010232933, 0.000529557117261, 0.000539803819265, 0.000405805272749, 0.00043535779696, 0.000555312784854, 0.000688214146066, 0.000533422222361, 0.000793346145656, 0.000925379048567, 0.000325677247019, 0.000888119102456, 0.000682281737681, 0.000678876414895, 0.000698997348081, 0.000295753066894, 0.000461031129817, 0.000423835736001, 0.000291853823001, 0.000214935702388, 0.00056089728605, 0.000556782761123, 0.000730976753403, 0.000724866171367, 0.000569903000724, 0.000239247267018, 0.000139710580697, 0.000358234741725, 0.00032458442729, 0.000271778466413, 0.000278882565908, 0.000285309099127, 0.000144134217408, 0.000348586705513, 0.000345394975739, 0.000282593420707, 0.000350979564246, 0.000247611023951, 0.000139792493428, 9.77109230007e-05, 8.77962083905e-05, 4.99445013702e-05, 6.02696090937e-05, 9.726404096e-05, 5.41097178939e-05, 1.67075868376e-05, 3.94125054299e-05, 1.33828170874e-05, 2.35584029724e-05, 1.47806022142e-05, 1.93470095837e-05, 1.6694131773e-05, 4.09566600865e-05, 1.24178777696e-05, 1.22533901958e-05, 9.48329034145e-06, 8.11507106846e-06, 7.38046492188e-06, 6.57619193589e-06, 8.43332963996e-06, 6.46698345008e-06, 5.80325513511e-06, 5.21052106706e-06, 6.6809884629e-06, 7.18539422451e-06, 7.8515831774e-06, 8.62705655891e-06, 1.02515105027e-05, 1.19864689623e-05, 1.14187023428e-05, 1.17725230666e-05, 1.36670723805e-05, 1.2497287571e-05, 1.15777374958e-05, 1.46626662172e-05, 1.54952813318e-05, 1.0846528312e-05, 1.08255626401e-05, 9.14295378607e-06, 7.28473423806e-06, 8.62485376274e-06, 7.16816748536e-06, 7.85136671766e-06, 7.11008851795e-06, 5.99663826506e-06, 5.0664475566e-06, 4.30844602306e-06, 2.75745924228e-06, 1.80146400908e-06, 1.30637795337e-06, 9.86318582363e-07, 7.13068857294e-07, 2.58075033344e-07, 2.29590270351e-07, 1.92053093429e-07, 8.34139299855e-08, 1.38936719907e-08, 3.82980713809e-09, 7.61249563386e-10, 7.40815742084e-10, 7.20635162654e-10, 7.04395819451e-10, 6.89563295353e-10, 6.7491279232e-10, 6.64197641331e-10, 6.55925758153e-10, 6.46903697277e-10, 6.41478148378e-10, 6.38140373876e-10]
    },
    "mfcc": {
        "mean": [-604.674804688, 120.385070801, -3.43607664108, 18.6019878387, 14.8355674744, 7.2195725441, 5.01309108734, 9.8489522934, 8.63987350464, 8.02953720093, 5.18873882294, 7.24483537674, 2.41563367844],
        "cov": [[1209.56335449, -534.111450195, 9.95452594757, -11.9374723434, 43.6790122986, 3.5284845829, 50.7156715393, 4.21741199493, 36.6406173706, 5.88299465179, -22.0508232117, 12.6352758408, 13.5957965851], [-534.111450195, 678.628662109, -197.099700928, -9.96896362305, -30.8467712402, 24.9252490997, 9.49921035767, -3.9552063942, -21.4429626465, -18.1962127686, 28.8741664886, -4.29035520554, -9.04624557495], [9.95452594757, -197.099700928, 662.712219238, -127.672409058, 14.1069898605, 11.5548839569, -41.1386222839, -29.5030231476, -66.0262527466, -49.7157440186, -71.9096221924, 0.673521757126, 49.16822052], [-11.9374723434, -9.96896362305, -127.672409058, 308.210418701, 17.1967945099, -32.3256111145, 13.1716051102, 7.75046062469, 43.2294311523, 41.7827224731, 23.710975647, 15.7529220581, 8.41637611389], [43.6790122986, -30.8467712402, 14.1069898605, 17.1967945099, 155.282455444, -22.0562210083, -39.5561218262, 5.90326309204, 30.3214321136, -4.75034618378, -24.5269107819, 10.0072278976, 16.5595397949], [3.5284845829, 24.9252490997, 11.5548839569, -32.3256111145, -22.0562210083, 145.451461792, 56.2488517761, 3.01101326942, -24.4918880463, 5.2687869072, 27.2479991913, -7.25993108749, -14.2422475815], [50.7156715393, 9.49921035767, -41.1386222839, 13.1716051102, -39.5561218262, 56.2488517761, 144.428222656, 24.2932186127, -9.51064395905, 16.0538482666, 29.5620098114, 3.34834122658, -6.46192359924], [4.21741199493, -3.9552063942, -29.5030231476, 7.75046062469, 5.90326309204, 3.01101326942, 24.2932186127, 90.6662826538, 34.0069084167, 3.85305500031, 8.93064689636, 5.29497528076, -5.13016033173], [36.6406173706, -21.4429626465, -66.0262527466, 43.2294311523, 30.3214321136, -24.4918880463, -9.51064395905, 34.0069084167, 102.677253723, 23.0714588165, 0.567673623562, 4.54989624023, -5.56831026077], [5.88299465179, -18.1962127686, -49.7157440186, 41.7827224731, -4.75034618378, 5.2687869072, 16.0538482666, 3.85305500031, 23.0714588165, 81.1236953735, 23.5777397156, -7.11819601059, -1.02766668797], [-22.0508232117, 28.8741664886, -71.9096221924, 23.710975647, -24.5269107819, 27.2479991913, 29.5620098114, 8.93064689636, 0.567673623562, 23.5777397156, 87.8353271484, 8.54725170135, -16.7756996155], [12.6352758408, -4.29035520554, 0.673521757126, 15.7529220581, 10.0072278976, -7.25993108749, 3.34834122658, 5.29497528076, 4.54989624023, -7.11819601059, 8.54725170135, 66.1068649292, 18.0505828857], [13.5957965851, -9.04624557495, 49.16822052, 8.41637611389, 16.5595397949, -14.2422475815, -6.46192359924, -5.13016033173, -5.56831026077, -1.02766668797, -16.7756996155, 18.0505828857, 73.2759933472]],
        "icov": [[0.0014351606369, 0.00125190685503, 0.000438475020928, 0.000285621761577, -0.000277656305116, -0.00015963203623, -0.00069965061266, 0.00039401545655, -0.000357474229531, 0.000438428338384, 0.000216328597162, -8.6516047304e-05, -0.000391324021621], [0.00125190685503, 0.00281081465073, 0.00102669314947, 0.000393104419345, -3.86782921851e-05, -0.000436452071881, -0.000397024152335, 0.000365418178262, 0.000105410210381, 0.00104830332566, -8.51685108501e-05, 0.000102910948044, -0.000726992439013], [0.000438475020928, 0.00102669314947, 0.00233062007464, 0.00068470207043, -6.32777737337e-05, -0.000539525295608, 0.000254290585872, 0.000123380203149, 0.000923621817492, 0.000637122080661, 0.00112718227319, -6.10571951256e-05, -0.00130437989719], [0.000285621761577, 0.000393104419345, 0.00068470207043, 0.00407100422308, -0.000400849356083, 0.000841607514303, -0.000657698081341, 0.000505513686221, -0.000936705386266, -0.00122366601136, -0.000544761423953, -0.000651617476251, -0.000752473599277], [-0.000277656305116, -3.86782921851e-05, -6.32777737337e-05, -0.000400849356083, 0.00783493090421, -0.000425476522651, 0.00200380943716, -0.000443963392172, -0.00197238544933, 0.000333644362399, 0.00147229339927, -0.000850933429319, -0.00117095781025], [-0.00015963203623, -0.000436452071881, -0.000539525295608, 0.000841607514303, -0.000425476522651, 0.00919138360769, -0.00321668386459, 4.69094520668e-05, 0.00143034872599, -0.000526376883499, -0.00216828216799, 0.000825412513223, 0.00124491925817], [-0.00069965061266, -0.000397024152335, 0.000254290585872, -0.000657698081341, 0.00200380943716, -0.00321668386459, 0.0100396266207, -0.00294918683358, 0.00146567414049, -0.00130444276147, -0.000835955608636, -0.000707922969013, -0.00033736624755], [0.00039401545655, 0.000365418178262, 0.000123380203149, 0.000505513686221, -0.000443963392172, 4.69094520668e-05, -0.00294918683358, 0.0138606438413, -0.0052119474858, 0.00146535679232, -0.000888106762432, -0.000482589850435, 0.000190978433238], [-0.000357474229531, 0.000105410210381, 0.000923621817492, -0.000936705386266, -0.00197238544933, 0.00143034872599, 0.00146567414049, -0.0052119474858, 0.0146231995896, -0.0037306714803, 0.00123372359667, -0.000923284329474, 0.00162407464813], [0.000438428338384, 0.00104830332566, 0.000637122080661, -0.00122366601136, 0.000333644362399, -0.000526376883499, -0.00130444276147, 0.00146535679232, -0.0037306714803, 0.0162415020168, -0.00389837217517, 0.00321143725887, -0.00216834037565], [0.000216328597162, -8.51685108501e-05, 0.00112718227319, -0.000544761423953, 0.00147229339927, -0.00216828216799, -0.000835955608636, -0.000888106762432, 0.00123372359667, -0.00389837217517, 0.0159506443888, -0.00365007016808, 0.00295546557754], [-8.6516047304e-05, 0.000102910948044, -6.10571951256e-05, -0.000651617476251, -0.000850933429319, 0.000825412513223, -0.000707922969013, -0.000482589850435, -0.000923284329474, 0.00321143725887, -0.00365007016808, 0.0178044792265, -0.00484557775781], [-0.000391324021621, -0.000726992439013, -0.00130437989719, -0.000752473599277, -0.00117095781025, 0.00124491925817, -0.00033736624755, 0.000190978433238, 0.00162407464813, -0.00216834037565, 0.00295546557754, -0.00484557775781, 0.0170450396836]]
    },
    "spectral_contrast_coeffs": {
        "max": [-0.510105192661, -0.459914952517, -0.491528779268, -0.500409841537, -0.571463406086, -0.569696545601],
        "mean": [-0.782305896282, -0.760779440403, -0.748527169228, -0.763729691505, -0.765507817268, -0.755763947964],
        "min": [-0.93279749155, -0.948680698872, -0.89725881815, -0.933565974236, -0.868283689022, -0.867133140564],
        "stdev": [0.0492338649929, 0.0629032477736, 0.0729290992022, 0.0665500760078, 0.0507264919579, 0.0444534234703]
    },
    "spectral_contrast_valleys": {
        "max": [-4.7743434906, -5.03954601288, -5.39576625824, -5.68851137161, -5.71604251862, -7.38527441025],
        "mean": [-6.16482543945, -6.35190916061, -6.99188280106, -7.14280557632, -7.34144210815, -10.0576925278],
        "min": [-8.75306034088, -7.90923929214, -8.81868934631, -8.41791820526, -8.98658561707, -13.2354040146],
        "stdev": [0.450541734695, 0.391082435846, 0.390706688166, 0.394536674023, 0.496686190367, 0.892225563526]
    }
},
"rhythm": {
    "beats_count": 96,
    "beats_loudness": {
        "max": 0.170412898064,
        "mean": 0.0920726880431,
        "min": 0.011277968064,
        "stdev": 0.0357880778611
    },
    "bpm": 119.949508667,
    "bpm_histogram_first_peak_bpm": 120,
    "bpm_histogram_first_peak_weight": 0.153846144676,
    "bpm_histogram_second_peak_bpm": 110,
    "bpm_histogram_second_peak_spread": 0.33333337307,
    "bpm_histogram_second_peak_weight": 0.0210526324809,
    "danceability": 1.49778306484,
    "onset_rate": 3.814453125,
    "beats_loudness_band_ratio": {
        "max": [0.961972475052, 0.308188676834, 0.426721036434, 0.397169470787, 0.330472618341, 0.183427035809],
        "mean": [0.744726359844, 0.0468153469265, 0.0688092857599, 0.0768127888441, 0.0593563467264, 0.0186906903982],
        "min": [0.0151307070628, 0.00326438201591, 0.00778110232204, 0.00352144660428, 0.00310088414699, 0.00192122056615],
        "stdev": [0.161299929023, 0.047699816525, 0.0680798888206, 0.0883582383394, 0.0635710954666, 0.0217185877264]
    },
