{
"metadata": {
    "version": {
        "essentia": "2.1-beta5",
        "essentia_git_sha": "Undefined",
        "extractor": "music 2.0"
    },
    "audio_properties": {
        "analysis": {
            "equal_loudness": 0,
            "length": 12.7477550507,
            "sample_rate": 44100,
            "start_time": 0,
            "downmix": "mix"
        },
        "bit_rate": 192000,
        "length": 190.566192627,
        "lossless": 0,
        "number_channels": 2,
        "replay_gain": 1.37446784973,
        "sample_rate": 48000,
        "codec": "mp3",
        "md5_encoded": "fc53de7dadbf7ce7972ec10d90a2b357"
    },
    "tags": {
        "file_name": "Sweden_Kärleken är_Jill Johnson.mp3",
        "encoding": ["Lavf58.29.100"]
    }
},
"lowlevel": {
    "average_loudness": 0.645308554173,
    "barkbands_crest": {
        "max": 20.0263881683,
        "mean": 8.33578586578,
        "min": 2.62418794632,
        "stdev": 3.63806962967
    },
    "barkbands_flatness_db": {
        "max": 0.268707275391,
        "mean": 0.106080085039,
        "min": 0.0141288954765,
        "stdev": 0.0569367744029
    },
    "barkbands_kurtosis": {
        "max": 18.1229324341,
        "mean": 1.24123573303,
        "min": -1.68137907982,
        "stdev": 2.43443512917
    },
    "barkbands_skewness": {
        "max": 3.43107438087,
        "mean": 0.56885612011,
        "min": -2.19338035583,
        "stdev": 0.97885620594
    },
    "barkbands_spread": {
        "max": 72.8067855835,
        "mean": 25.333316803,
        "min": 4.1942653656,
        "stdev": 17.2571315765
    },
    "dissonance": {
        "max": 0.499979734421,
        "mean": 0.469236075878,
        "min": 0.299432814121,
        "stdev": 0.0334166660905
    },
    "dynamic_complexity": 12.3386230469,
    "erbbands_crest": {
        "max": 22.8743286133,
        "mean": 7.69206476212,
        "min": 2.10166931152,
        "stdev": 4.00822019577
    },
    "erbbands_flatness_db": {
        "max": 0.291281074286,
        "mean": 0.163197264075,
        "min": 0.0460990592837,
        "stdev": 0.060727249831
    },
    "erbbands_kurtosis": {
        "max": 6.87109661102,
        "mean": 0.408044010401,
        "min": -1.53436112404,
        "stdev": 1.36714160442
    },
    "erbbands_skewness": {
        "max": 1.80378115177,
        "mean": 0.117186143994,
        "min": -1.29795730114,
        "stdev": 0.532062113285
    },
    "erbbands_spread": {
        "max": 76.0731124878,
        "mean": 31.6146774292,
        "min": 5.33273601532,
        "stdev": 18.6900577545
    },
    "hfc": {
        "max": 64.169631958,
        "mean": 16.3196964264,
        "min": 0.00468827411532,
        "stdev": 17.5774269104
    },
    "loudness_ebu128": {
        "integrated": -25.257976532,
        "loudness_range": 15.2331924438,
        "momentary": {
            "max": -22.4078464508,
            "mean": -35.4151344299,
            "min": -64.7253036499,
            "stdev": 15.1561002731
        },
        "short_term": {
            "max": -23.3247241974,
            "mean": -30.7888698578,
            "min": -58.8420944214,
            "stdev": 9.11946487427
        }
    },
    "melbands_crest": {
        "max": 31.3764286041,
        "mean": 10.9918146133,
        "min": 3.00371861458,
        "stdev": 6.16721439362
    },
    "melbands_flatness_db": {
        "max": 0.37355402112,
        "mean": 0.149146705866,
        "min": 0.0226505920291,
        "stdev": 0.0779745280743
    },
    "melbands_kurtosis": {
        "max": 53.765171051,
        "mean": 5.14519643784,
        "min": -1.216106534,
        "stdev": 7.02660560608
    },
    "melbands_skewness": {
        "max": 6.82707738876,
        "mean": 1.45899033546,
        "min": -1.65830016136,
        "stdev": 1.42505085468
    },
    "melbands_spread": {
        "max": 90.021156311,
        "mean": 31.3703842163,
        "min": 3.79405021667,
        "stdev": 15.3416013718
    },
    "pitch_salience": {
        "max": 0.915567576885,
        "mean": 0.609305858612,
        "min": 0.280451536179,
        "stdev": 0.125478059053
    },
    "silence_rate_20dB": {
        "max": 1,
        "mean": 1,
        "min": 1,
        "stdev": 0
    },
    "silence_rate_30dB": {
        "max": 1,
        "mean": 1,
        "min": 1,
        "stdev": 0
    },
    "silence_rate_60dB": {
        "max": 1,
        "mean": 0.365454554558,
        "min": 0,
        "stdev": 0.481559306383
    },
    "spectral_centroid": {
        "max": 3776.09960938,
        "mean": 1794.07092285,
        "min": 362.803344727,
        "stdev": 787.030395508
    },
    "spectral_complexity": {
        "max": 46,
        "mean": 15.4290904999,
        "min": 0,
        "stdev": 13.3080177307
    },
    "spectral_decrease": {
        "max": -3.66811127913e-13,
        "mean": -4.24322488257e-09,
        "min": -1.7025048038e-08,
        "stdev": 4.53976678472e-09
    },
    "spectral_energy": {
        "max": 0.0679305568337,
        "mean": 0.0174951553345,
        "min": 1.85026578947e-06,
        "stdev": 0.0184469874948
    },
    "spectral_energyband_high": {
        "max": 0.00395738147199,
        "mean": 0.000474204745842,
        "min": 3.93395936271e-07,
        "stdev": 0.000686270359438
    },
    "spectral_energyband_low": {
        "max": 0.0308135654777,
        "mean": 0.0023297984153,
        "min": 4.15199394865e-07,
        "stdev": 0.00348940468393
    },
    "spectral_energyband_middle_high": {
        "max": 0.0373608991504,
        "mean": 0.00596008868888,
        "min": 3.43877871956e-07,
        "stdev": 0.0078744655475
    },
    "spectral_energyband_middle_low": {
        "max": 0.0485715270042,
        "mean": 0.00934740714729,
        "min": 3.71701872837e-07,
        "stdev": 0.011643522419
    },
    "spectral_entropy": {
        "max": 8.58224964142,
        "mean": 7.7078204155,
        "min": 6.00884246826,
        "stdev": 0.586387813091
    },
    "spectral_flux": {
        "max": 0.234965339303,
        "mean": 0.046108070761,
        "min": 0.000912438437808,
        "stdev": 0.0375411175191
    },
    "spectral_kurtosis": {
        "max": 40.7497138977,
        "mean": 5.58761310577,
        "min": 0.300260543823,
        "stdev": 6.08315324783
    },
    "spectral_rms": {
        "max": 0.00814086664468,
        "mean": 0.00324014620855,
        "min": 4.24869067501e-05,
        "stdev": 0.00256317877211
    },
    "spectral_rolloff": {
        "max": 7601.22070312,
        "mean": 2198.81005859,
        "min": 129.19921875,
        "stdev": 1328.26086426
    },
    "spectral_skewness": {
        "max": 4.72175073624,
        "mean": 1.56017529964,
        "min": 0.38254776597,
        "stdev": 0.686581909657
    },
    "spectral_spread": {
        "max": 9994935,
        "mean": 4165024,
        "min": 1681318.75,
        "stdev": 1837744
    },
    "spectral_strongpeak": {
        "max": 20.1103649139,
        "mean": 1.31350874901,
        "min": 0,
        "stdev": 2.02455067635
    },
    "zerocrossingrate": {
        "max": 0.20556640625,
        "mean": 0.0816148817539,
        "min": 0.0107421875,
        "stdev": 0.0396959967911
    },
    "barkbands": {
        "max": [0.000232657155721, 0.00928353704512, 0.0169669445604, 0.0168734453619, 0.0350896343589, 0.0172313340008, 0.0166162438691, 0.0035190412309, 0.00995154865086, 0.0148654710501, 0.00694739539176, 0.00205828319304, 0.02537336573, 0.00533152930439, 0.0095803681761, 0.00432791328058, 0.00478860037401, 0.0114062633365, 0.00217407359742, 0.00227498169988, 0.00106797763146, 0.00181176629849, 0.000780538946856, 0.00028615197516, 0.0003725370334, 8.19646884338e-05, 1.64700679761e-06],
        "mean": [1.60797972057e-05, 0.000759649032261, 0.00102412153501, 0.00106357329059, 0.00350011675619, 0.00185365031939, 0.00131152453832, 0.000288681680104, 0.00118439993821, 0.000950968824327, 0.000408862688346, 0.000159147995873, 0.00167533312924, 0.000515315390658, 0.00061856827233, 0.00048459568643, 0.000380432844395, 0.00042883012793, 0.000277478859061, 0.000205824995646, 0.000146719772602, 0.000141610114952, 6.16341931163e-05, 2.67124923994e-05, 8.91072977538e-06, 2.1653602289e-06, 2.57464961351e-07],
        "min": [2.06485903931e-08, 1.33702172889e-07, 7.81216424883e-09, 6.58832099987e-09, 3.77248845496e-08, 1.54647885608e-08, 1.40521416725e-08, 1.23551027187e-08, 2.35689068262e-08, 1.43586156298e-08, 7.33540694853e-09, 1.49373082792e-08, 1.31057849018e-08, 1.21027508015e-08, 1.67147948815e-08, 1.16411351669e-08, 1.49490144707e-08, 1.41034037782e-08, 2.01982786052e-08, 2.725860071e-08, 3.22037188027e-08, 3.99327113598e-08, 3.90220193935e-08, 5.80128940442e-08, 6.58066454662e-08, 2.8006674313e-08, 2.26974639084e-09],
        "stdev": [2.65552043857e-05, 0.00111272127833, 0.00193296605721, 0.00216756761074, 0.00695231184363, 0.00305122300051, 0.00216787494719, 0.000535373808816, 0.00161351228599, 0.00210787449032, 0.000806416152045, 0.000278855353827, 0.00354153523222, 0.000758981623221, 0.00104138813913, 0.00074053183198, 0.000565944646951, 0.00117557728663, 0.000407095911214, 0.000346804881701, 0.000207773511647, 0.000247474905336, 9.85331862466e-05, 4.1524937842e-05, 2.01786860998e-05, 4.88562454848e-06, 2.78034178791e-07]
    },
    "erbbands": {
        "max": [0.11359872669, 2.92707681656, 17.6430778503, 32.82447052, 72.2848815918, 210.861434937, 174.251556396, 128.273910522, 284.519134521, 191.225067139, 64.296585083, 262.028381348, 128.986938477, 512.946350098, 217.15133667, 164.607650757, 1280.83752441, 156.152877808, 286.503234863, 768.915466309, 241.255706787, 302.581237793, 242.350708008, 528.932556152, 92.2913665771, 99.6497116089, 57.4386291504, 46.4268569946, 86.6750717163, 45.2245674133, 15.0971574783, 6.90970468521, 6.23943853378, 5.24701738358, 2.07288479805, 0.672476112843, 0.0661019980907, 0.00221257447265, 0.000440267031081, 8.5396306531e-05],
        "mean": [0.0123051991686, 0.209932044148, 0.92104268074, 2.80730056763, 6.36672210693, 14.1757326126, 13.8754644394, 15.8675670624, 18.1937656403, 14.5095243454, 8.56778907776, 29.9449653625, 15.8812141418, 33.1568031311, 16.2763538361, 16.9315185547, 84.3848953247, 21.604719162, 28.3882789612, 37.0492019653, 27.0246238708, 19.3207645416, 17.7674350739, 24.1048736572, 13.0374116898, 10.1411828995, 7.05015468597, 5.31831026077, 5.30334997177, 3.35737109184, 1.57450175285, 0.759435176849, 0.367807775736, 0.139293089509, 0.0453555844724, 0.0145685886964, 0.00319498428144, 0.000321647996316, 6.41172737232e-05, 2.34126673604e-05],
        "min": [5.18250453752e-06, 1.492208321e-05, 2.71230637736e-05, 3.25555010932e-05, 5.90418676438e-05, 0.000127407169202, 5.56962586415e-05, 0.000183645635843, 0.000321604631608, 0.000298301310977, 0.000434547313489, 0.000571034033783, 0.000533267273568, 0.00055238767527, 0.000256175670074, 0.000601304345764, 0.000720898387954, 0.000802116002887, 0.000983141246252, 0.000704659498297, 0.000897714926396, 0.000954388699029, 0.000936121796258, 0.00112254545093, 0.0013876229059, 0.00120884203352, 0.0012362167472, 0.00125816592481, 0.00148047693074, 0.0012337025255, 0.0010492077563, 0.00105519779027, 0.000941108330153, 0.000693039502949, 0.000382334314054, 0.000155967791216, 4.52518288512e-05, 1.84780692507e-05, 1.34831248033e-06, 1.20557473338e-07],
        "stdev": [0.0157289821655, 0.319714158773, 1.67613649368, 5.03119134903, 11.5320463181, 35.2184333801, 23.5005779266, 24.8408088684, 31.3681163788, 27.258731842, 10.622713089, 40.9004173279, 23.8079166412, 73.8029556274, 27.6025676727, 26.6843738556, 178.883682251, 29.7312774658, 39.9398269653, 69.8110427856, 41.3011016846, 28.2179450989, 30.5141544342, 53.4871673584, 18.5048713684, 16.3795185089, 10.2924518585, 8.03619766235, 9.66923427582, 5.66116333008, 2.41060471535, 1.19485712051, 0.603844285011, 0.309694349766, 0.106857724488, 0.0365556739271, 0.00566589925438, 0.000317596131936, 7.03474870534e-05, 2.34346189245e-05]
    },
    "gfcc": {
        "mean": [-106.637702942, 77.6711730957, -137.683334351, 26.6235179901, -54.897102356, 8.36269760132, -34.6178283691, 0.938887357712, -18.0277805328, 0.471982210875, -13.9229679108, -0.957550704479, -8.86517620087],
        "cov": [[28082.1074219, 4855.50341797, -4308.08496094, 785.954833984, -1302.28405762, -723.179443359, -624.627624512, -1199.25061035, -359.610565186, -909.105102539, -40.9729804993, -674.674255371, -215.471054077], [4855.50341797, 3100.63500977, 334.371520996, -204.496246338, -10.2767591476, -493.619140625, 44.4854049683, -334.39465332, 38.3951950073, -285.272338867, 115.439788818, -202.629379272, 38.3135795593], [-4308.08496094, 334.371520996, 1731.5579834, -124.082931519, 155.727096558, -24.6513271332, 163.408218384, 145.110366821, 67.5894622803, 69.2245025635, 68.1455078125, 39.7365989685, 58.6398582458], [785.954833984, -204.496246338, -124.082931519, 223.409866333, -110.890602112, 42.1253700256, -21.5957698822, -27.9119434357, -29.5530357361, -24.0895938873, -20.0537776947, -19.7316474915, -22.279876709], [-1302.28405762, -10.2767591476, 155.727096558, -110.890602112, 185.93196106, 4.40466213226, 40.6796379089, 40.0397720337, 33.9797706604, 32.1756477356, 20.7569217682, 35.955406189, 20.7980823517], [-723.179443359, -493.619140625, -24.6513271332, 42.1253700256, 4.40466213226, 156.317153931, 3.80657577515, 51.9244270325, -21.4728851318, 48.8636474609, -12.7570400238, 27.9378566742, 0.387868702412], [-624.627624512, 44.4854049683, 163.408218384, -21.5957698822, 40.6796379089, 3.80657577515, 81.8069076538, 26.7079105377, 18.6128120422, 4.69350481033, 14.5963029861, 8.41323471069, 7.39581108093], [-1199.25061035, -334.39465332, 145.110366821, -27.9119434357, 40.0397720337, 51.9244270325, 26.7079105377, 111.176177979, 28.3069038391, 56.9281616211, -5.05686855316, 36.2539863586, 5.82363367081], [-359.610565186, 38.3951950073, 67.5894622803, -29.5530357361, 33.9797706604, -21.4728851318, 18.6128120422, 28.3069038391, 57.2288093567, 21.5126457214, 8.42296409607, 9.79925251007, 5.87832021713], [-909.105102539, -285.272338867, 69.2245025635, -24.0895938873, 32.1756477356, 48.8636474609, 4.69350481033, 56.9281616211, 21.5126457214, 87.7360610962, 7.52111721039, 29.999370575, 5.68669986725], [-40.9729804993, 115.439788818, 68.1455078125, -20.0537776947, 20.7569217682, -12.7570400238, 14.5963029861, -5.05686855316, 8.42296409607, 7.52111721039, 47.2398834229, 13.4670982361, 8.00685024261], [-674.674255371, -202.629379272, 39.7365989685, -19.7316474915, 35.955406189, 27.9378566742, 8.41323471069, 36.2539863586, 9.79925251007, 29.999370575, 13.4670982361, 54.3167076111, 14.7294454575], [-215.471054077, 38.3135795593, 58.6398582458, -22.279876709, 20.7980823517, 0.387868702412, 7.39581108093, 5.82363367081, 5.87832021713, 5.68669986725, 8.00685024261, 14.7294454575, 36.0846977234]],
        "icov": [[0.00080597109627, -0.00189947558101, 0.00185092468746, -0.00183372560423, 0.00246156542562, -0.00120914727449, 0.00201213173568, -0.00125449174084, 0.00110266439151, 0.000457077054307, -0.00067571317777, -0.000139968775329, 0.00102909107227], [-0.00189947558101, 0.00650292914361, -0.00477040652186, 0.00592971034348, -0.00548867927864, 0.00523818144575, -0.00520909624174, 0.00596607662737, -0.00451672216877, 0.0020410742145, -0.00236220215447, 0.00570588745177, -0.00501228496432], [0.00185092468746, -0.00477040652186, 0.0051946551539, -0.00463806046173, 0.00534105533734, -0.00268511590548, 0.00355141377077, -0.00476326979697, 0.00343580474146, 0.000114154543553, -0.00165303167887, -0.00058566860389, 0.00183154456317], [-0.00183372560423, 0.00592971034348, -0.00463806046173, 0.012929726392, -0.00127315323334, 0.00144098943565, -0.0053101060912, 0.00705006346107, -0.00527862645686, 0.00311685632914, -0.00080850784434, 0.00362266553566, -0.0019870181568], [0.00246156542562, -0.00548867927864, 0.00534105533734, -0.00127315323334, 0.017205754295, -0.00480708805844, 0.00365106924437, -0.00224754679948, 8.57588311192e-05, 0.00191331852693, -0.00271433219314, -0.00331613258459, 0.00245035090484], [-0.00120914727449, 0.00523818144575, -0.00268511590548, 0.00144098943565, -0.00480708805844, 0.0173597615212, -0.00563489506021, 0.000809331482742, 0.00488657969981, -0.00334348971955, -0.00137715192977, 0.00444770464674, -0.00569938588887], [0.00201213173568, -0.00520909624174, 0.00355141377077, -0.0053101060912, 0.00365106924437, -0.00563489506021, 0.0231947209686, -0.00723665067926, -0.000594917626586, 0.005136936903, -0.00535599235445, 0.000499237037729, 0.00313813355751], [-0.00125449174084, 0.00596607662737, -0.00476326979697, 0.00705006346107, -0.00224754679948, 0.000809331482742, -0.00723665067926, 0.028545293957, -0.0119881629944, -0.0025898956228, 0.00382015411742, -0.00105336529668, -0.0016255028313], [0.00110266439151, -0.00451672216877, 0.00343580474146, -0.00527862645686, 8.57588311192e-05, 0.00488657969981, -0.000594917626586, -0.0119881629944, 0.0322623625398, -0.00928121525794, 0.00141890451778, -0.00361106987111, 0.00185830832925], [0.000457077054307, 0.0020410742145, 0.000114154543553, 0.00311685632914, 0.00191331852693, -0.00334348971955, 0.005136936903, -0.0025898956228, -0.00928121525794, 0.0275932420045, -0.0109858941287, 0.00543180946261, -0.00201670569368], [-0.00067571317777, -0.00236220215447, -0.00165303167887, -0.00080850784434, -0.00271433219314, -0.00137715192977, -0.00535599235445, 0.00382015411742, 0.00141890451778, -0.0109858941287, 0.0378406867385, -0.0201763827354, 0.00406029680744], [-0.000139968775329, 0.00570588745177, -0.00058566860389, 0.00362266553566, -0.00331613258459, 0.00444770464674, 0.000499237037729, -0.00105336529668, -0.00361106987111, 0.00543180946261, -0.0201763827354, 0.0474854893982, -0.0169483926147], [0.00102909107227, -0.00501228496432, 0.00183154456317, -0.0019870181568, 0.00245035090484, -0.00569938588887, 0.00313813355751, -0.0016255028313, 0.00185830832925, -0.00201670569368, 0.00406029680744, -0.0169483926147, 0.0392766520381]]
    },
    "melbands": {
        "max": [0.00158076919615, 0.00739156920463, 0.00672175362706, 0.00895177107304, 0.00711590005085, 0.0029011273291, 0.00395276444033, 0.00171524728648, 0.000948455824982, 0.00140983215533, 0.000715045898687, 0.00224960385822, 0.00103766773827, 0.00011488146265, 0.00229771877639, 0.00164203415625, 0.000347770459484, 0.000461585586891, 0.000671837013215, 0.000724230078049, 0.000319338956615, 0.000351772760041, 0.000293106801109, 0.000504726544023, 0.000437352340668, 7.71853592596e-05, 0.000101444566099, 7.44090648368e-05, 5.40647779417e-05, 3.94043672713e-05, 2.88482606265e-05, 5.56653612875e-05, 3.23699496221e-05, 2.55527174886e-05, 9.40234804148e-06, 7.21671676729e-06, 3.60376293429e-06, 4.09643962485e-06, 3.98583460992e-06, 4.95419726576e-06],
        "mean": [0.000166509009432, 0.000441292038886, 0.000573191151489, 0.000727938779164, 0.000570760224946, 0.000360845588148, 0.000263989611994, 0.000134820234962, 0.000105414699647, 0.000168588070665, 7.64595533838e-05, 0.000140776872286, 6.17849800619e-05, 1.6759013306e-05, 0.000160247291205, 0.000113142508781, 3.82367397833e-05, 4.94440864713e-05, 4.02775949624e-05, 4.38428869529e-05, 2.8779526474e-05, 1.84295713552e-05, 1.93985106307e-05, 2.01664861379e-05, 1.9680843252e-05, 1.00063498394e-05, 8.17168620415e-06, 6.16572742729e-06, 4.70759505333e-06, 3.58156398761e-06, 2.76174932878e-06, 3.07586401505e-06, 2.66557140094e-06, 1.50821711031e-06, 9.32561363243e-07, 6.57770499402e-07, 3.84389437613e-07, 2.77758260836e-07, 1.68994745309e-07, 1.00549236492e-07],
        "min": [6.71433255661e-08, 2.66731134957e-08, 6.51566089971e-09, 6.10773787102e-09, 1.8569307203e-09, 4.12468192934e-09, 4.52226300851e-09, 3.04127656392e-09, 3.70360675461e-09, 3.48635187386e-09, 2.47042275525e-09, 2.03094341344e-09, 7.59616813895e-10, 1.60382040981e-09, 1.17663312427e-09, 1.33575672745e-09, 1.37036992864e-09, 1.12804565688e-09, 1.08131525955e-09, 8.30549573561e-10, 9.60277413142e-10, 1.07629150037e-09, 8.75299555059e-10, 5.97133786862e-10, 8.41666625284e-10, 8.86623441332e-10, 7.5548278744e-10, 6.6311556246e-10, 5.7150678634e-10, 6.61925070311e-10, 7.09780234587e-10, 8.33279167889e-10, 6.58834042877e-10, 4.9782344913e-10, 5.66518221223e-10, 5.60919255488e-10, 5.92858540038e-10, 5.83355086459e-10, 5.42582700991e-10, 5.64711111206e-10],
        "stdev": [0.00022071627609, 0.000716387352441, 0.000972431036644, 0.00148254737724, 0.00101883872412, 0.00057232787367, 0.000456956797279, 0.000254769489402, 0.00013685200247, 0.000228779987083, 0.000121589415357, 0.000324162188917, 0.000121663972095, 2.22983817366e-05, 0.000324459164403, 0.000229255936574, 5.47971285414e-05, 7.0140522439e-05, 6.93665569997e-05, 7.60813563829e-05, 4.52670756204e-05, 2.86225767923e-05, 3.1158899219e-05, 5.3537212807e-05, 4.41349366156e-05, 1.48892559082e-05, 1.37024971991e-05, 1.02075628092e-05, 7.29592056814e-06, 5.44197291674e-06, 4.31042326454e-06, 6.01050214755e-06, 5.03368482896e-06, 2.6156894819e-06, 1.43982276768e-06, 1.10471341941e-06, 6.10310110005e-07, 4.50143630815e-07, 3.25836396087e-07, 2.60476753056e-07]
    },
    "melbands128": {
        "max": [0.000226379357628, 0.000999454990961, 0.00198057666421, 0.00580641813576, 0.00903042685241, 0.00861966609955, 0.00686879921705, 0.00845714844763, 0.00976332742721, 0.0165077708662, 0.0166225638241, 0.0131274517626, 0.0072673195973, 0.00786847714335, 0.0040198341012, 0.00167813221924, 0.00467532174662, 0.00607836153358, 0.00173955119681, 0.00366711849347, 0.00134970480576, 0.000515545252711, 0.000215069041587, 0.0028748982586, 0.00289071747102, 0.000472519895993, 0.00131347216666, 0.000980723067187, 0.00079694762826, 0.00473449146375, 0.00214756047353, 0.001249947818, 0.00195481395349, 0.000378921249649, 0.000158101538545, 0.000146617850987, 0.000247374759056, 0.000519958965015, 0.00696886051446, 0.00293394108303, 0.000150614781887, 0.000753525877371, 0.000289595831418, 0.000505267234985, 0.0012068497017, 0.000472773826914, 0.000753842818085, 0.000740331714042, 0.000954484567046, 0.00239666667767, 0.000432602624642, 0.000324412860209, 0.000580777705181, 0.000529818469658, 0.000276190141449, 0.000577042577788, 0.000329842237988, 0.000570614531171, 0.000250638637226, 0.00016547726409, 0.000129354564706, 0.00147623103112, 0.000792510865722, 0.000152180640725, 0.000134813657496, 9.7850090242e-05, 0.000136415255838, 8.28154952615e-05, 0.000183332085726, 0.00013857310114, 0.000128182742628, 3.82402104151e-05, 0.000139313866384, 4.26194710599e-05, 4.43263816123e-05, 5.01608119521e-05, 4.31044172728e-05, 4.39421673946e-05, 4.38334827777e-05, 4.52946951555e-05, 3.54495896318e-05, 0.000113822505227, 3.40495753335e-05, 6.74607654219e-05, 4.01435754611e-05, 2.93882058031e-05, 2.77600684058e-05, 1.39363046401e-05, 1.1558404367e-05, 1.06424640762e-05, 1.01705463749e-05, 8.25109418656e-06, 7.99097779236e-06, 4.89733702125e-06, 4.17302771893e-06, 5.23033804711e-06, 4.57824808109e-06, 9.76703358901e-06, 2.842071126e-06, 3.51196513293e-06, 4.68012467536e-06, 6.26812789051e-06, 3.82105918106e-06, 3.1590755043e-06, 2.4650537398e-06, 1.17612694339e-06, 9.04479577457e-07, 1.40192560139e-06, 1.52525410613e-06, 9.4885155022e-07, 5.30644683749e-07, 2.19478309305e-07, 1.63381741913e-07, 7.50504867142e-08, 1.98431688858e-08, 1.1815117773e-08, 1.71952709849e-08, 1.38782354497e-08, 1.7285030296e-08, 1.71287659612e-08, 2.15881570398e-08, 1.831344143e-08, 9.52837275747e-09, 2.85382784071e-09, 2.87843571201e-09, 2.85353229934e-09, 2.85552026469e-09, 2.84199419553e-09],
        "mean": [1.2398326362e-05, 5.43472633581e-05, 0.000231145837461, 0.000379698409233, 0.000382011057809, 0.00057197001297, 0.000566271948628, 0.000530720863026, 0.000642919214442, 0.000678178214002, 0.00088347523706, 0.00069668260403, 0.000285953225102, 0.000714494846761, 0.000440869334852, 8.31114375615e-05, 0.000262939283857, 0.000360661593731, 0.000169967970578, 0.00019094250456, 9.71629924607e-05, 2.01168240892e-05, 2.9920031011e-05, 0.000271591969067, 0.000319605926052, 4.08277410315e-05, 6.83967591613e-05, 6.7998211307e-05, 6.22706138529e-05, 0.000247735064477, 0.000106839608634, 5.81427048019e-05, 9.60078978096e-05, 3.39863800036e-05, 1.31079314087e-05, 1.38276782309e-05, 1.64281736943e-05, 3.96216673835e-05, 0.000442073098384, 0.000186498116818, 8.89017519512e-06, 2.75763013633e-05, 2.63658184849e-05, 3.97136427637e-05, 8.67521594046e-05, 3.64349543815e-05, 3.77268406737e-05, 1.89805778064e-05, 4.55306944787e-05, 8.5632003902e-05, 2.25643398153e-05, 3.07241498376e-05, 4.15143986174e-05, 2.41503366851e-05, 1.45262938531e-05, 1.62128126249e-05, 1.55260495376e-05, 3.88649241359e-05, 1.0121334526e-05, 7.61206183597e-06, 1.21402690638e-05, 4.28747298429e-05, 2.23980696319e-05, 1.50261357703e-05, 1.11298368211e-05, 7.89925525169e-06, 1.13660062198e-05, 7.5024772741e-06, 6.92371941113e-06, 1.03995853351e-05, 5.89735691392e-06, 3.37644792126e-06, 6.60293790133e-06, 4.19727348344e-06, 4.13076804762e-06, 3.24806751451e-06, 3.74167007067e-06, 3.25124574374e-06, 2.41371822085e-06, 2.70605096375e-06, 2.62104344984e-06, 4.16189141106e-06, 2.05125979846e-06, 3.21031802741e-06, 2.2769474981e-06, 1.63802337738e-06, 1.3142497437e-06, 9.31730767206e-07, 1.07604569166e-06, 7.37268408102e-07, 7.92629407442e-07, 5.93774871049e-07, 5.05184630128e-07, 3.54762278221e-07, 3.37957686725e-07, 3.26160147779e-07, 2.50834233384e-07, 2.44703358021e-07, 1.76228994064e-07, 1.25169819398e-07, 1.17348321282e-07, 1.00189872398e-07, 7.77143966957e-08, 6.15745250343e-08, 5.07713870945e-08, 3.43591892715e-08, 3.00290139421e-08, 2.6113788465e-08, 2.53049616816e-08, 2.08104218302e-08, 2.15713598095e-08, 1.28515766917e-08, 7.77127517892e-09, 4.98449814756e-09, 2.174656899e-09, 1.73581571339e-09, 2.29815477759e-09, 1.43891376592e-09, 1.65539448815e-09, 1.70926850451e-09, 1.74136649544e-09, 1.50357037931e-09, 8.13667355715e-10, 2.88043391222e-11, 8.882822429e-12, 8.25198329807e-12, 7.92428102303e-12, 7.84139420063e-12],
        "min": [7.76374609046e-09, 1.67880305213e-08, 2.67037911783e-08, 2.39118094214e-08, 3.83813070215e-09, 4.84965623215e-09, 5.5675544175e-09, 2.00875138745e-09, 1.08414210942e-09, 1.48658818588e-09, 1.86619697473e-09, 2.38794717333e-09, 9.98632065929e-10, 1.82642012625e-09, 9.01259789021e-10, 1.14114018235e-09, 1.77141012969e-09, 2.08244199662e-09, 2.20181983757e-09, 2.13207962396e-09, 4.81606865499e-10, 1.09981557195e-09, 1.24308063842e-09, 1.59013846535e-09, 1.01743036218e-09, 1.07082220868e-09, 1.03095731951e-09, 1.56134671858e-09, 1.76491221637e-09, 8.07199695974e-10, 1.10534903452e-09, 4.24729140747e-10, 6.21225904052e-10, 6.27877694281e-10, 3.13083531323e-10, 8.69389338298e-10, 6.09921946282e-10, 7.54730056229e-10, 6.15765438639e-10, 6.08153083448e-10, 7.04451885714e-10, 4.26676249887e-10, 4.74717154475e-10, 4.46627623774e-10, 3.8993910878e-10, 5.9594412738e-10, 2.6296392841e-10, 6.62986165967e-10, 5.10665731923e-10, 6.22546680873e-10, 2.65886312967e-10, 6.0246718725e-10, 2.92470880847e-10, 2.68194466635e-10, 6.76802891508e-10, 4.34782321257e-10, 4.77596906467e-10, 5.8181165441e-10, 4.12061162969e-10, 4.3682094053e-10, 1.56904045312e-10, 2.9706964666e-10, 2.46585640795e-10, 3.79590109345e-10, 4.06906258688e-10, 5.82413173245e-10, 3.90283833029e-10, 2.51550447139e-10, 4.24886875683e-10, 2.12345044326e-10, 2.87418422396e-10, 2.25326438064e-10, 2.99767238809e-10, 4.41259445649e-10, 3.91546295386e-10, 3.82720133363e-10, 3.78367420728e-10, 3.75873110414e-10, 5.38867506172e-10, 5.61318713732e-10, 6.01132199574e-10, 4.38285185922e-10, 3.97224170223e-10, 2.97097152435e-10, 2.70082928244e-10, 3.69297176173e-10, 3.96030985783e-10, 3.66733615698e-10, 3.4942507221e-10, 2.17914172818e-10, 3.09330450143e-10, 4.12828771168e-10, 4.33322988602e-10, 3.46020878617e-10, 4.32626240388e-10, 3.15714537846e-10, 3.17286752427e-10, 2.74720968196e-10, 3.29799187959e-10, 2.43400355426e-10, 2.2522514409e-10, 4.58206139697e-10, 4.59137977638e-10, 2.83068957163e-10, 2.24428101103e-10, 2.05227695949e-10, 2.17556292426e-10, 2.13834353002e-10, 1.39671774146e-10, 1.69922034776e-10, 1.1853901194e-10, 1.20470869391e-10, 1.09691082606e-10, 5.86170903483e-11, 4.15125711584e-11, 1.02530713086e-10, 1.20895085609e-10, 2.26114222832e-12, 8.65183738454e-13, 9.62237993278e-13, 9.16221092051e-13, 7.96751390992e-13, 7.50549416454e-13, 7.04242816407e-13, 4.48861379922e-13, 1.8320769706e-13, 2.46966872273e-14, 5.06012294613e-16],
        "stdev": [2.26619722525e-05, 9.45373103605e-05, 0.000301363004837, 0.000639010104351, 0.000754661450628, 0.00106929929461, 0.00107004900929, 0.00111488380935, 0.0013340045698, 0.00175672932528, 0.00260621355847, 0.00184326677117, 0.000760785711464, 0.00128177832812, 0.000755259592552, 0.000181309238542, 0.000474672648124, 0.000742509728298, 0.000315086654155, 0.000475417793496, 0.000202760857064, 4.39426657977e-05, 4.10339816881e-05, 0.000389950175304, 0.000455205881735, 7.48453603592e-05, 0.000166697456734, 0.000148505932884, 0.000104417376861, 0.00065126339905, 0.000264773203526, 0.000134346963023, 0.000229054538067, 6.26372420811e-05, 2.16828775592e-05, 2.62279336312e-05, 3.33832394972e-05, 7.28282830096e-05, 0.000975766568445, 0.000411736691603, 1.8006810933e-05, 7.22817567294e-05, 3.9252336137e-05, 6.5604930569e-05, 0.000150685867993, 6.11280120211e-05, 7.84618823673e-05, 4.41703705292e-05, 8.87796995812e-05, 0.000202736278879, 4.1808521928e-05, 5.68538234802e-05, 8.28001939226e-05, 4.94728774356e-05, 2.44259117608e-05, 3.85177227145e-05, 2.79213381873e-05, 7.46767982491e-05, 2.08595265576e-05, 1.66392383107e-05, 1.91137478396e-05, 0.00015627501125, 7.30303436285e-05, 2.53999241977e-05, 1.87319437828e-05, 1.31900469569e-05, 1.95227148652e-05, 1.22406081573e-05, 1.89553593373e-05, 1.9036939193e-05, 1.18147008834e-05, 5.53401196157e-06, 1.317904389e-05, 6.85923441779e-06, 6.3854849941e-06, 5.64134779779e-06, 6.17367959421e-06, 5.85368752581e-06, 3.99122063754e-06, 4.97975179314e-06, 5.16752879776e-06, 1.00837396531e-05, 3.93319942305e-06, 7.76725391916e-06, 4.63020614916e-06, 3.2841680877e-06, 2.60742581304e-06, 1.66064387486e-06, 1.717492637e-06, 1.24601672269e-06, 1.440936785e-06, 1.14969225251e-06, 9.13778933409e-07, 6.35418700767e-07, 5.54874361569e-07, 5.79732784445e-07, 4.33347139506e-07, 5.6386062397e-07, 3.46872553791e-07, 2.56798159626e-07, 2.87920073561e-07, 3.09170559376e-07, 1.968107739e-07, 1.60576576036e-07, 1.28854495074e-07, 7.3120887123e-08, 5.80476822165e-08, 7.4885448953e-08, 8.10794844597e-08, 5.38990185817e-08, 4.6178371349e-08, 2.29618724035e-08, 1.37345335105e-08, 7.77436426347e-09, 2.60837151878e-09, 1.38379385728e-09, 2.16977036338e-09, 1.86916659928e-09, 2.47610176807e-09, 2.46594744624e-09, 2.842573954e-09, 2.22820650819e-09, 1.2830541074e-09, 1.33599575847e-10, 1.22655677282e-10, 1.21616036686e-10, 1.21711682399e-10, 1.21136878306e-10]
    },
    "mfcc": {
        "mean": [-742.151733398, 109.613250732, -21.8263149261, 18.7576007843, -1.1900190115, 7.42433309555, -6.36795473099, 1.05113184452, -2.38574242592, 2.5112092495, -0.426680237055, -1.90440607071, -3.19958281517],
        "cov": [[32323.4785156, 2489.66455078, -2899.00292969, 515.927246094, -1158.77819824, -17.149312973, -989.255493164, -382.236175537, -1048.50537109, -294.315643311, -489.900543213, -476.127532959, -569.645324707], [2489.66455078, 2747.8581543, 480.420654297, 276.608184814, -2.96288275719, -149.158462524, -79.7344284058, -84.4778594971, -150.833633423, 0.586012005806, -100.972457886, -72.4949874878, -57.7359848022], [-2899.00292969, 480.420654297, 1115.18029785, 154.901611328, 97.8280487061, -37.912979126, 122.376365662, 23.739938736, 55.0471038818, 44.504196167, 8.36647510529, 11.2500724792, 65.0805358887], [515.927246094, 276.608184814, 154.901611328, 155.803314209, -23.2947311401, -12.979842186, -20.2825164795, -1.91814887524, -29.1603012085, -5.36080980301, -17.773021698, -12.2289915085, -10.1450128555], [-1158.77819824, -2.96288275719, 97.8280487061, -23.2947311401, 109.921897888, 4.26264667511, 34.2587966919, 9.97306537628, 31.9866485596, 7.32947635651, 13.8862495422, 20.0585308075, 20.5521240234], [-17.149312973, -149.158462524, -37.912979126, -12.979842186, 4.26264667511, 67.7961654663, 18.4225311279, 2.40007567406, -2.13471651077, -2.00661849976, -3.6920940876, 2.6130168438, 0.665428042412], [-989.255493164, -79.7344284058, 122.376365662, -20.2825164795, 34.2587966919, 18.4225311279, 84.709487915, 20.6483459473, 26.5642871857, 9.8245382309, 11.5358562469, 13.8415241241, 17.5332756042], [-382.236175537, -84.4778594971, 23.739938736, -1.91814887524, 9.97306537628, 2.40007567406, 20.6483459473, 55.0180091858, 19.8245677948, -0.495734661818, 8.6504573822, -0.917375922203, 5.87775945663], [-1048.50537109, -150.833633423, 55.0471038818, -29.1603012085, 31.9866485596, -2.13471651077, 26.5642871857, 19.8245677948, 76.1231689453, 22.7273616791, 18.5551738739, 15.3062934875, 17.1793766022], [-294.315643311, 0.586012005806, 44.504196167, -5.36080980301, 7.32947635651, -2.00661849976, 9.8245382309, -0.495734661818, 22.7273616791, 41.6325836182, 11.7546110153, 5.46853780746, 5.74494886398], [-489.900543213, -100.972457886, 8.36647510529, -17.773021698, 13.8862495422, -3.6920940876, 11.5358562469, 8.6504573822, 18.5551738739, 11.7546110153, 50.2063407898, 16.9098262787, 9.41617012024], [-476.127532959, -72.4949874878, 11.2500724792, -12.2289915085, 20.0585308075, 2.6130168438, 13.8415241241, -0.917375922203, 15.3062934875, 5.46853780746, 16.9098262787, 42.5956840515, 17.263010025], [-569.645324707, -57.7359848022, 65.0805358887, -10.1450128555, 20.5521240234, 0.665428042412, 17.5332756042, 5.87775945663, 17.1793766022, 5.74494886398, 9.41617012024, 17.263010025, 42.0455665588]],
        "icov": [[0.00015621969942, -6.81542005623e-05, 0.000259204854956, -0.000198298803298, 0.000722982455045, -0.000179087175638, 0.000591607822571, 3.62438513548e-05, 0.00106107711326, -0.000258751562797, 0.000410101783928, 0.000333338073688, 0.000344633008353], [-6.81542005623e-05, 0.000688058673404, -0.000299198232824, -0.000519419612829, -0.00092473247787, 0.00136472145095, -0.00023624007008, 0.000483632582473, 0.000723070697859, -0.000604629225563, 0.000652975228149, 0.000179435344762, 0.000387829291867], [0.000259204854956, -0.000299198232824, 0.00229226704687, -0.00249535171315, 0.000355229189154, 0.000622580177151, -0.00176049908623, 0.000594284851104, 0.0009403071017, -0.00122164958157, 0.000585593981668, 0.00169043580536, -0.00162417592946], [-0.000198298803298, -0.000519419612829, -0.00249535171315, 0.011190882884, 0.00143685750663, -0.00119898945559, 0.0033941718284, -0.00281649199314, 0.000885922636371, 0.00100077257957, 0.000517820357345, -0.00238652760163, 0.00182293064427], [0.000722982455045, -0.00092473247787, 0.000355229189154, 0.00143685750663, 0.0163222253323, -0.00253946054727, 0.00119021977298, -0.000292878306936, 0.00102116516791, 0.00114119169302, 0.000715340545867, -0.00188165518921, -3.21961597365e-05], [-0.000179087175638, 0.00136472145095, 0.000622580177151, -0.00119898945559, -0.00253946054727, 0.019998440519, -0.00671353144571, 0.00113434507512, 0.00260842591524, -0.0014839048963, 0.00339798117056, -0.000196527427761, 0.000217212800635], [0.000591607822571, -0.00023624007008, -0.00176049908623, 0.0033941718284, 0.00119021977298, -0.00671353144571, 0.0232705511153, -0.00557449785993, 0.00319568626583, -0.00158594874665, 0.0012503330363, -0.00217132782564, 0.0013570812298], [3.62438513548e-05, 0.000483632582473, 0.000594284851104, -0.00281649199314, -0.000292878306936, 0.00113434507512, -0.00557449785993, 0.0236576851457, -0.00550150312483, 0.0042448695749, -0.00307976268232, 0.00585243664682, -0.0013470237609], [0.00106107711326, 0.000723070697859, 0.0009403071017, 0.000885922636371, 0.00102116516791, 0.00260842591524, 0.00319568626583, -0.00550150312483, 0.0315302871168, -0.0125339170918, 0.00320449564606, -0.000184386590263, 0.00121070235036], [-0.000258751562797, -0.000604629225563, -0.00122164958157, 0.00100077257957, 0.00114119169302, -0.0014839048963, -0.00158594874665, 0.0042448695749, -0.0125339170918, 0.0326389670372, -0.00692916847765, 0.000118176183605, -0.000505049596541], [0.000410101783928, 0.000652975228149, 0.000585593981668, 0.000517820357345, 0.000715340545867, 0.00339798117056, 0.0012503330363, -0.00307976268232, 0.00320449564606, -0.00692916847765, 0.02826779522, -0.00743509223685, 0.00153657631017], [0.000333338073688, 0.000179435344762, 0.00169043580536, -0.00238652760163, -0.00188165518921, -0.000196527427761, -0.00217132782564, 0.00585243664682, -0.000184386590263, 0.000118176183605, -0.00743509223685, 0.03522567451, -0.0101582584903], [0.000344633008353, 0.000387829291867, -0.00162417592946, 0.00182293064427, -3.21961597365e-05, 0.000217212800635, 0.0013570812298, -0.0013470237609, 0.00121070235036, -0.000505049596541, 0.00153657631017, -0.0101582584903, 0.0349749736488]]
    },
    "spectral_contrast_coeffs": {
        "max": [-0.490248441696, -0.584961116314, -0.578453302383, -0.605775654316, -0.684262633324, -0.622600913048],
        "mean": [-0.746352672577, -0.800274312496, -0.781679093838, -0.795781195164, -0.806298792362, -0.762466609478],
        "min": [-0.942643046379, -0.947309732437, -0.936237871647, -0.933334171772, -0.917160868645, -0.923750936985],
        "stdev": [0.097330108285, 0.0907271131873, 0.0935037508607, 0.0878382027149, 0.0611316710711, 0.0666141808033]
    },
    "spectral_contrast_valleys": {
        "max": [-5.18659257889, -5.42900276184, -6.14602136612, -5.75636529922, -6.14538192749, -8.2577047348],
        "mean": [-7.98367118835, -7.60453653336, -8.37519454956, -8.21957969666, -8.31200695038, -11.2105960846],
        "min": [-11.288107872, -11.1116523743, -11.8079948425, -11.8774776459, -11.3133964539, -12.9906082153],
        "stdev": [1.78370654583, 1.69235241413, 1.50672137737, 1.62954497337, 1.60962820053, 1.21404516697]
    }
},
"rhythm": {
    "beats_count": 28,
    "beats_loudness": {
        "max": 0.0551495887339,
        "mean": 0.0201770979911,
        "min": 3.35959134645e-06,
        "stdev": 0.0185331981629
    },
    "bpm": 147.240722656,
    "bpm_histogram_first_peak_bpm": 148,
    "bpm_histogram_first_peak_weight": 0.444444417953,
    "bpm_histogram_second_peak_bpm": 117,
    "bpm_histogram_second_peak_spread": 0,
    "bpm_histogram_second_peak_weight": 0.111111111939,
    "danceability": 0.678038597107,
    "onset_rate": 2.03771901131,
    "beats_loudness_band_ratio": {
        "max": [0.79748415947, 0.652325570583, 0.454866886139, 0.583470523357, 0.828108787537, 0.198788613081],
        "mean": [0.253967225552, 0.200459286571, 0.141726762056, 0.161750525236, 0.192198947072, 0.0796190872788],
        "min": [0.00304382084869, 0.0044426987879, 0.0129513852298, 0.0197992678732, 0.00833331979811, 0.000661359750666],
        "stdev": [0.211546748877, 0.175393924117, 0.0930060371757, 0.139443531632, 0.195300847292, 0.0604927763343]
    },
    "beats_position": [0.476009070873, 0.952018141747, 1.4164172411, 1.88081634045, 2.35682535172, 2.83283448219, 3.34367346764, 3.85451245308, 4.3653512001, 4.78331041336, 5.20126962662, 5.61922883987, 6.06040811539, 6.46675729752, 6.87310647964, 7.2910656929, 7.6858048439, 8.09215450287, 8.498503685, 8.90485286713, 9.31120204926, 9.70594120026, 10.1122903824, 10.5186395645, 10.9133787155, 11.3197278976, 11.7260770798, 12.144036293],
