{
"metadata": {
    "version": {
        "essentia": "2.1-beta5",
        "essentia_git_sha": "Undefined",
        "extractor": "music 2.0"
    },
    "audio_properties": {
        "analysis": {
            "equal_loudness": 0,
            "length": 12.7477550507,
            "sample_rate": 44100,
            "start_time": 0,
            "downmix": "mix"
        },
        "bit_rate": 192000,
        "length": 215.295425415,
        "lossless": 0,
        "number_channels": 2,
        "replay_gain": 19.9400577545,
        "sample_rate": 44100,
        "codec": "mp3",
        "md5_encoded": "4b6bbd1fdfd0e6895a7f870bedf7fc8f"
    },
    "tags": {
        "file_name": "Romania_Eu Cred_Malina Olinescu.mp3",
        "encoding": ["Lavf58.29.100"]
    }
},
"lowlevel": {
    "average_loudness": 0.000147189464769,
    "barkbands_crest": {
        "max": 14.421122551,
        "mean": 6.62168264389,
        "min": 3.3832423687,
        "stdev": 0.907836258411
    },
    "barkbands_flatness_db": {
        "max": 0.249729529023,
        "mean": 0.0794426873326,
        "min": 0.045786049217,
        "stdev": 0.0197147130966
    },
    "barkbands_kurtosis": {
        "max": 16.3174362183,
        "mean": 3.20748186111,
        "min": -1.54561305046,
        "stdev": 1.2013130188
    },
    "barkbands_skewness": {
        "max": 2.74954271317,
        "mean": -1.66040730476,
        "min": -2.40548253059,
        "stdev": 0.69441306591
    },
    "barkbands_spread": {
        "max": 55.0052070618,
        "mean": 25.6657371521,
        "min": 2.99785494804,
        "stdev": 4.80791425705
    },
    "dissonance": {
        "max": 0.499981373549,
        "mean": 0.491302669048,
        "min": 0.337659388781,
        "stdev": 0.0144763560966
    },
    "dynamic_complexity": 9.50407314301,
    "erbbands_crest": {
        "max": 18.1085853577,
        "mean": 3.83494448662,
        "min": 2.56910157204,
        "stdev": 1.42752504349
    },
    "erbbands_flatness_db": {
        "max": 0.288034319878,
        "mean": 0.108135685325,
        "min": 0.0801682770252,
        "stdev": 0.0303209796548
    },
    "erbbands_kurtosis": {
        "max": 8.66410541534,
        "mean": 0.233172267675,
        "min": -1.41111397743,
        "stdev": 0.869282186031
    },
    "erbbands_skewness": {
        "max": 2.6135160923,
        "mean": -0.545944690704,
        "min": -1.53772926331,
        "stdev": 0.417118519545
    },
    "erbbands_spread": {
        "max": 50.3484306335,
        "mean": 34.8782272339,
        "min": 6.98061800003,
        "stdev": 5.53912591934
    },
    "hfc": {
        "max": 4714.09765625,
        "mean": 43.3203773499,
        "min": 1.05173447317e-16,
        "stdev": 356.501678467
    },
    "loudness_ebu128": {
        "integrated": -32.3979148865,
        "loudness_range": 13.148109436,
        "momentary": {
            "max": -26.8289699554,
            "mean": -274.572998047,
            "min": -300.691009521,
            "stdev": 77.144203186
        },
        "short_term": {
            "max": -35.1874313354,
            "mean": -268.803436279,
            "min": -300.691009521,
            "stdev": 82.5952682495
        }
    },
    "melbands_crest": {
        "max": 18.1889286041,
        "mean": 2.87258648872,
        "min": 1.52177083492,
        "stdev": 2.02381110191
    },
    "melbands_flatness_db": {
        "max": 0.30479568243,
        "mean": 0.0189747195691,
        "min": 0.00228355731815,
        "stdev": 0.0443735308945
    },
    "melbands_kurtosis": {
        "max": 18.6753463745,
        "mean": -0.840771555901,
        "min": -1.41626346111,
        "stdev": 1.57339024544
    },
    "melbands_skewness": {
        "max": 2.70533704758,
        "mean": 0.0633667558432,
        "min": -0.839430809021,
        "stdev": 0.382405638695
    },
    "melbands_spread": {
        "max": 160.640884399,
        "mean": 123.63444519,
        "min": 4.93229436874,
        "stdev": 30.0129547119
    },
    "pitch_salience": {
        "max": 0.938212037086,
        "mean": 0.787353336811,
        "min": 0.621713578701,
        "stdev": 0.0243776272982
    },
    "silence_rate_20dB": {
        "max": 1,
        "mean": 0.983636379242,
        "min": 0,
        "stdev": 0.126869499683
    },
    "silence_rate_30dB": {
        "max": 1,
        "mean": 0.970909118652,
        "min": 0,
        "stdev": 0.168061375618
    },
    "silence_rate_60dB": {
        "max": 1,
        "mean": 0.927272737026,
        "min": 0,
        "stdev": 0.259688317776
    },
    "spectral_centroid": {
        "max": 11877.9853516,
        "mean": 10188.8525391,
        "min": 489.958648682,
        "stdev": 2696.53076172
    },
    "spectral_complexity": {
        "max": 63,
        "mean": 3.19090914726,
        "min": 0,
        "stdev": 11.774315834
    },
    "spectral_decrease": {
        "max": 1.52772599446e-17,
        "mean": -4.6595873826e-09,
        "min": -5.41793554021e-07,
        "stdev": 3.38819425849e-08
    },
    "spectral_energy": {
        "max": 2.17512583733,
        "mean": 0.0215156339109,
        "min": 9.79817488333e-21,
        "stdev": 0.149851813912
    },
    "spectral_energyband_high": {
        "max": 0.658747732639,
        "mean": 0.00401240028441,
        "min": 6.90430693633e-21,
        "stdev": 0.0415166579187
    },
    "spectral_energyband_low": {
        "max": 0.127289563417,
        "mean": 0.000951100722887,
        "min": 9.26626863734e-24,
        "stdev": 0.00841709319502
    },
    "spectral_energyband_middle_high": {
        "max": 0.822058260441,
        "mean": 0.00708340341225,
        "min": 1.10557969818e-21,
        "stdev": 0.0486697815359
    },
    "spectral_energyband_middle_low": {
        "max": 1.71957135201,
        "mean": 0.00973320193589,
        "min": 1.38757970034e-22,
        "stdev": 0.0957847982645
    },
    "spectral_entropy": {
        "max": 9.83031845093,
        "mean": 9.61248493195,
        "min": 6.47550153732,
        "stdev": 0.60741508007
    },
    "spectral_flux": {
        "max": 0.979862093925,
        "mean": 0.0211355946958,
        "min": 6.3435597053e-11,
        "stdev": 0.104165442288
    },
    "spectral_kurtosis": {
        "max": 13.9320774078,
        "mean": -0.650198400021,
        "min": -1.27566373348,
        "stdev": 1.94305288792
    },
    "spectral_rms": {
        "max": 0.0460659749806,
        "mean": 0.000966353109106,
        "min": 3.09179483231e-12,
        "stdev": 0.00447850674391
    },
    "spectral_rolloff": {
        "max": 20499.609375,
        "mean": 17305.4570312,
        "min": 559.86328125,
        "stdev": 4692.22070312
    },
    "spectral_skewness": {
        "max": 3.15191435814,
        "mean": 0.141363233328,
        "min": -0.113322667778,
        "stdev": 0.480192422867
    },
    "spectral_spread": {
        "max": 43196808,
        "mean": 37180532,
        "min": 2131715.25,
        "stdev": 10671275
    },
    "spectral_strongpeak": {
        "max": 22.6010189056,
        "mean": 0.299803614616,
        "min": 0,
        "stdev": 1.78611421585
    },
    "zerocrossingrate": {
        "max": 0.53271484375,
        "mean": 0.460496276617,
        "min": 0.0029296875,
        "stdev": 0.124887563288
    },
    "barkbands": {
        "max": [0.0389558598399, 0.0157927908003, 0.0901814177632, 0.0333096534014, 0.236046001315, 0.645921111107, 0.291929066181, 0.507253527641, 0.0505336597562, 0.0423652492464, 0.0316064544022, 0.0140272118151, 0.0275656040758, 0.0260481759906, 0.119825743139, 0.08011136204, 0.116362273693, 0.224179506302, 0.217907622457, 0.0879351645708, 0.222959339619, 0.228481441736, 0.190075129271, 0.0228367298841, 0.00974056869745, 0.00467646727338, 0.00280193495564],
        "mean": [0.000183510841453, 0.000253680627793, 0.000494868610986, 0.000164558310644, 0.00162198045291, 0.002738091629, 0.00212305388413, 0.00191201793496, 0.00080473331036, 0.000938308250625, 0.000201331567951, 0.000267413735855, 0.0003313900379, 0.000420119002229, 0.00110701553058, 0.000765128585044, 0.000720307289157, 0.000972806417849, 0.00119068124332, 0.00060290528927, 0.00135443650652, 0.00130633707158, 0.000796660140622, 0.000177030189661, 3.48056310031e-05, 1.94976055354e-05, 1.1059380995e-05],
        "min": [2.72861539045e-25, 7.61902175431e-25, 6.58861755636e-25, 5.6591747353e-25, 5.92587578837e-24, 6.38093375142e-24, 3.63715877164e-24, 3.26559719946e-24, 9.34704957176e-24, 3.13146579924e-24, 7.89495228275e-24, 1.60306191598e-23, 1.48969597747e-23, 1.75424205976e-23, 4.3499043025e-23, 4.5553164247e-23, 5.87068013746e-23, 5.64142706098e-23, 1.09024388877e-22, 1.02163286931e-22, 1.98763514138e-22, 2.9015349177e-22, 2.93505734098e-22, 4.93596604528e-22, 8.28598896108e-22, 1.18141959916e-21, 1.87526348315e-21],
        "stdev": [0.00227671139874, 0.00123041472398, 0.00540837552398, 0.00178158062045, 0.0164094027132, 0.0336953736842, 0.0196509230882, 0.0260166209191, 0.0046531916596, 0.00438929814845, 0.00167179538403, 0.00136693601962, 0.00192064745352, 0.00219485349953, 0.00883153825998, 0.00573877990246, 0.00608156761155, 0.0106394616887, 0.012667699717, 0.00553488684818, 0.0140321524814, 0.0146800475195, 0.00988619960845, 0.00172558799386, 0.000441795389634, 0.000244108479819, 0.000141729586176]
    },
    "erbbands": {
        "max": [0.882841408253, 4.17244529724, 62.4950408936, 150.849304199, 116.202728271, 1009.28967285, 1091.10876465, 5814.36425781, 7113.06201172, 12203.5625, 3641.91333008, 932.716430664, 1629.55322266, 672.401855469, 1570.60021973, 678.788757324, 966.198181152, 1128.31066895, 2380.71582031, 8118.62304688, 4991.81201172, 7512.20800781, 11311.4794922, 14074.9257812, 7780.59912109, 4230.76025391, 5153.25585938, 11592.953125, 7449.69677734, 6310.75341797, 5696.05761719, 1063.6973877, 269.436889648, 143.117889404, 45.3774986267, 25.5821456909, 6.50672674179, 1.88784861565, 0.480711072683, 0.0356746464968],
        "mean": [0.0115711074322, 0.0482672899961, 0.397182106972, 0.77515733242, 1.4656265974, 6.62906694412, 7.30111646652, 26.2870540619, 41.9358520508, 47.5533065796, 17.2268543243, 15.7400102615, 32.6554450989, 16.2910995483, 10.4264736176, 11.5497941971, 14.766617775, 20.7382392883, 31.4321022034, 66.494682312, 41.1663284302, 43.1884803772, 50.5551376343, 63.0558395386, 47.9888954163, 28.5206069946, 37.7037963867, 66.6322937012, 45.0746536255, 32.3204269409, 23.0910339355, 6.90845060349, 1.96098875999, 0.560557067394, 0.17731384933, 0.093460559845, 0.0320082455873, 0.00909381080419, 0.00183715776075, 0.000157499191118],
        "min": [3.05830802218e-23, 2.00137167098e-22, 1.41324736617e-21, 2.28525365545e-21, 7.22561248214e-21, 1.44656941626e-20, 3.1804302915e-20, 4.02022056163e-20, 5.89031242919e-20, 9.16596122584e-20, 1.6938765477e-19, 2.4931748405e-19, 3.14214481846e-19, 5.33121575404e-19, 4.99015109291e-19, 8.63746286627e-19, 1.66238870276e-18, 1.3596263297e-18, 1.86001797093e-18, 2.15663418524e-18, 3.12439248854e-18, 3.64073744525e-18, 3.70664181978e-18, 3.72104841092e-18, 6.00226654297e-18, 5.78403024118e-18, 9.6923176012e-18, 8.73596198265e-18, 8.67868634268e-18, 9.46981759696e-18, 9.96694073739e-18, 9.17561095977e-18, 8.32052954515e-18, 8.21868127787e-18, 5.67727762005e-18, 3.89033754073e-18, 2.12058255222e-18, 8.18016433643e-19, 2.30571710214e-19, 2.64518433533e-20],
        "stdev": [0.0599830746651, 0.266362905502, 3.91748905182, 9.0125875473, 9.77698707581, 73.3598022461, 74.6077346802, 316.568572998, 419.45602417, 617.964599609, 192.253036499, 87.3248748779, 161.381393433, 74.3699188232, 82.4729766846, 60.6369018555, 81.3620834351, 103.536888123, 200.65435791, 534.448486328, 311.404663086, 377.269866943, 533.615966797, 732.67956543, 488.362701416, 269.016052246, 360.124633789, 719.46081543, 487.374572754, 382.758148193, 290.934051514, 72.8919219971, 18.5866012573, 6.65340423584, 2.14751076698, 1.21850907803, 0.389405012131, 0.111484341323, 0.024045875296, 0.0017980330158]
    },
    "gfcc": {
        "mean": [-1148.18200684, 7.11031389236, -14.2273492813, 2.83566951752, -6.08263778687, 1.56822693348, -2.60889148712, 1.02485501766, -0.738861560822, -0.0982453003526, -1.2343031168, -0.398976534605, 0.211164861917],
        "cov": [[139224.46875, 8696.59277344, -16812.8867188, 3551.27587891, -7066.47998047, 1854.92980957, -3068.97802734, 1088.54675293, -869.067687988, -162.45475769, -1398.74023438, -462.706726074, 298.697845459], [8696.59277344, 955.779052734, -978.108520508, 204.48500061, -487.121002197, 68.2940597534, -246.407302856, 36.3377571106, -53.7173194885, -24.9576091766, -75.7370452881, -57.4773445129, 39.0105476379], [-16812.8867188, -978.108520508, 2105.94970703, -442.953216553, 833.315795898, -270.505950928, 350.892303467, -150.981842041, 110.846656799, 13.7712478638, 168.211151123, 54.2045593262, -44.2187232971], [3551.27587891, 204.48500061, -442.953216553, 113.653358459, -168.981338501, 61.658782959, -74.0864257812, 24.4687023163, -25.5545024872, -5.69705963135, -33.9261779785, -9.94307041168, 12.5468292236], [-7066.47998047, -487.121002197, 833.315795898, -168.981338501, 382.830108643, -76.2167892456, 166.123672485, -51.4609870911, 41.6416740417, 11.5193014145, 72.9246826172, 29.1251506805, -14.4265260696], [1854.92980957, 68.2940597534, -270.505950928, 61.658782959, -76.2167892456, 66.8985977173, -24.8878231049, 28.6317825317, -18.519865036, 2.75866556168, -19.1573448181, -2.08492660522, 8.60001468658], [-3068.97802734, -246.407302856, 350.892303467, -74.0864257812, 166.123672485, -24.8878231049, 88.669342041, -15.862569809, 20.9369354248, 5.59635639191, 30.1172008514, 12.6872282028, -7.55569410324], [1088.54675293, 36.3377571106, -150.981842041, 24.4687023163, -51.4609870911, 28.6317825317, -15.862569809, 24.4621715546, -7.34964990616, 3.24933290482, -14.0197458267, -1.45283031464, 1.53933632374], [-869.067687988, -53.7173194885, 110.846656799, -25.5545024872, 41.6416740417, -18.519865036, 20.9369354248, -7.34964990616, 11.5196151733, 1.12725448608, 9.30905342102, 2.310100317, -4.18179178238], [-162.45475769, -24.9576091766, 13.7712478638, -5.69705963135, 11.5193014145, 2.75866556168, 5.59635639191, 3.24933290482, 1.12725448608, 6.13314247131, 0.678423702717, 2.73376202583, -3.37043809891], [-1398.74023438, -75.7370452881, 168.211151123, -33.9261779785, 72.9246826172, -19.1573448181, 30.1172008514, -14.0197458267, 9.30905342102, 0.678423702717, 19.12200737, 3.61356163025, -1.49478769302], [-462.706726074, -57.4773445129, 54.2045593262, -9.94307041168, 29.1251506805, -2.08492660522, 12.6872282028, -1.45283031464, 2.310100317, 2.73376202583, 3.61356163025, 6.9954457283, -2.77218770981], [298.697845459, 39.0105476379, -44.2187232971, 12.5468292236, -14.4265260696, 8.60001468658, -7.55569410324, 1.53933632374, -4.18179178238, -3.37043809891, -1.49478769302, -2.77218770981, 8.06724739075]],
        "icov": [[0.0019254758954, -0.00317541160621, 0.0125159556046, -0.00564011977986, 0.00583532312885, 0.010045173578, -0.00318263843656, 0.000305813795421, 0.00591761851683, 0.00956464000046, 0.00305271847174, -0.0188200548291, 0.0192872434855], [-0.00317541160621, 0.0130516244099, -0.0239141844213, 0.0100634247065, -0.000554977334104, -0.0243247896433, 0.0216627921909, 0.00425182748586, -0.0195588618517, -0.0261902734637, -0.00952242128551, 0.0544758029282, -0.051980830729], [0.0125159556046, -0.0239141844213, 0.100691646338, -0.0167051516473, 0.0111651225016, 0.0885808244348, -0.0325905419886, 0.018578350544, 0.0471453145146, 0.0747468322515, 0.026972623542, -0.134514883161, 0.136031940579], [-0.00564011977986, 0.0100634247065, -0.0167051516473, 0.104383222759, -0.0250861290842, -0.0617905445397, 0.0207787901163, 0.0655627995729, -0.0338172391057, 0.00186033383943, 0.0148532688618, 0.0237817335874, -0.0716098994017], [0.00583532312885, -0.000554977334104, 0.0111651225016, -0.0250861290842, 0.102902039886, -0.00141995283775, -0.0306730102748, 0.00853068754077, 0.0259231943637, -0.0237240642309, -0.0532502643764, -0.0808637440205, 0.00788756087422], [0.010045173578, -0.0243247896433, 0.0885808244348, -0.0617905445397, -0.00141995283775, 0.189276561141, -0.0848247855902, -0.0545692518353, 0.139813050628, 0.0118760252371, -0.00061880791327, -0.119538016617, 0.0902255550027], [-0.00318263843656, 0.0216627921909, -0.0325905419886, 0.0207787901163, -0.0306730102748, -0.0848247855902, 0.14764252305, -0.00809045787901, -0.120593369007, 0.0164846945554, 0.00681969150901, 0.094841979444, -0.0442390106618], [0.000305813795421, 0.00425182748586, 0.018578350544, 0.0655627995729, 0.00853068754077, -0.0545692518353, -0.00809045787901, 0.186033859849, -0.042577188462, -0.0526682622731, 0.0762962251902, -0.0131614487618, -0.036126691848], [0.00591761851683, -0.0195588618517, 0.0471453145146, -0.0338172391057, 0.0259231943637, 0.139813050628, -0.120593369007, -0.042577188462, 0.349339723587, 0.00508867669851, -0.0661367550492, -0.072727009654, 0.124941237271], [0.00956464000046, -0.0261902734637, 0.0747468322515, 0.00186033383943, -0.0237240642309, 0.0118760252371, 0.0164846945554, -0.0526682622731, 0.00508867669851, 0.414928913116, 0.013934568502, -0.160372242332, 0.273189157248], [0.00305271847174, -0.00952242128551, 0.026972623542, 0.0148532688618, -0.0532502643764, -0.00061880791327, 0.00681969150901, 0.0762962251902, -0.0661367550492, 0.013934568502, 0.302308857441, 0.0163445603102, -0.0118071772158], [-0.0188200548291, 0.0544758029282, -0.134514883161, 0.0237817335874, -0.0808637440205, -0.119538016617, 0.094841979444, -0.0131614487618, -0.072727009654, -0.160372242332, 0.0163445603102, 0.556090891361, -0.177311316133], [0.0192872434855, -0.051980830729, 0.136031940579, -0.0716098994017, 0.00788756087422, 0.0902255550027, -0.0442390106618, -0.036126691848, 0.124941237271, 0.273189157248, -0.0118071772158, -0.177311316133, 0.51735585928]]
    },
    "melbands": {
        "max": [0.00626425351948, 0.0238150339574, 0.0202858895063, 0.0363475047052, 0.0486021339893, 0.140663683414, 0.100511610508, 0.138811528683, 0.020189832896, 0.00656230095774, 0.00886942632496, 0.00303492555395, 0.00483752740547, 0.00268824677914, 0.00136031943839, 0.00288303638808, 0.00235274271108, 0.00312593812123, 0.0108730113134, 0.00638273963705, 0.0061229984276, 0.00530630815774, 0.0137577177957, 0.00946531910449, 0.0119466567412, 0.00570563180372, 0.00512746348977, 0.0024509166833, 0.00330198020674, 0.00390131934546, 0.0077666118741, 0.00507800001651, 0.00564251281321, 0.00302927917801, 0.00406891852617, 0.00145097263157, 0.000343636696925, 0.00019306485774, 0.000168687111, 0.000104202626972],
        "mean": [9.01530511328e-05, 0.000161204137839, 0.000140157571877, 0.000274630991044, 0.000293554738164, 0.000634048425127, 0.000579159299377, 0.00052490941016, 0.00010866059165, 0.000109190128569, 0.000169019258465, 7.15325440979e-05, 2.93128268822e-05, 3.40971382684e-05, 2.60982687905e-05, 3.50751943188e-05, 3.96445320803e-05, 4.19359603256e-05, 9.25739077502e-05, 6.59382058075e-05, 4.65850025648e-05, 4.00160934078e-05, 5.35166691407e-05, 4.25970829383e-05, 5.28867421963e-05, 3.63724284398e-05, 2.79432788375e-05, 1.66066492966e-05, 2.15980398934e-05, 2.91161977657e-05, 4.26475235145e-05, 2.69819374807e-05, 2.26517731789e-05, 1.47537330122e-05, 1.49659799717e-05, 8.08993172541e-06, 2.57494662037e-06, 1.40079873745e-06, 8.1741137592e-07, 3.49791235976e-07],
        "min": [2.69427553569e-25, 8.1855604558e-25, 5.79487458822e-25, 9.5864832532e-25, 1.1663157614e-24, 9.4317541031e-25, 9.00773939439e-25, 9.28303015664e-25, 1.3665642565e-24, 1.37570833768e-24, 1.44141128058e-24, 1.68799588752e-24, 9.46977522658e-25, 2.06352109132e-24, 2.02593660236e-24, 2.0273178978e-24, 1.81519615861e-24, 2.28293900502e-24, 2.68763451016e-24, 2.23773234477e-24, 3.09372846847e-24, 2.94104010153e-24, 2.93184868869e-24, 3.09311276253e-24, 2.07976452622e-24, 3.71873330013e-24, 4.15054826547e-24, 3.00912570018e-24, 4.07827519592e-24, 3.8309629634e-24, 4.89471310066e-24, 4.43363415675e-24, 4.32381604128e-24, 5.04874765874e-24, 5.41297065514e-24, 5.52043007651e-24, 5.35385933535e-24, 4.86258516258e-24, 4.77252840721e-24, 5.63721817251e-24],
        "stdev": [0.000474397733342, 0.00152198597789, 0.00130357663147, 0.00248695304617, 0.00322834542021, 0.00751628028229, 0.00582765834406, 0.00705431215465, 0.00107918109279, 0.000611594761722, 0.000839138810989, 0.000328215217451, 0.000245860544965, 0.000193807136384, 0.000134909612825, 0.000204395983019, 0.00020009506261, 0.000248977012234, 0.000761184259318, 0.000482161500258, 0.000366778345779, 0.000308866787236, 0.0006200922071, 0.000458457390778, 0.000628062640317, 0.000365792919183, 0.00028919003671, 0.000152607884957, 0.000204752883292, 0.000292217097012, 0.000471647683298, 0.000297304359265, 0.000284613342956, 0.000172731932253, 0.000197298504645, 9.24164851313e-05, 2.56261864706e-05, 1.32019340526e-05, 8.5415204012e-06, 4.66766186946e-06]
    },
    "melbands128": {
        "max": [0.0125438757241, 0.00919970497489, 0.00527525041252, 0.00641166977584, 0.0218720827252, 0.053623713553, 0.0380719453096, 0.00816881097853, 0.0109570501372, 0.027303840965, 0.0652909427881, 0.103947341442, 0.030155133456, 0.0201090723276, 0.0575887411833, 0.326770991087, 0.210026845336, 0.0391330718994, 0.0166212636977, 0.187861636281, 0.189493775368, 0.0171423051506, 0.00479767192155, 0.0126615250483, 0.00682408642024, 0.0125808995217, 0.0128184789792, 0.0100983008742, 0.0147682894021, 0.00474675185978, 0.00239094905555, 0.00163112895098, 0.00676897075027, 0.00695184897631, 0.00223932461813, 0.00274959509261, 0.00177695846651, 0.00150748435408, 0.00182520528324, 0.00284407427534, 0.00552200665697, 0.00252562365495, 0.00174475135282, 0.00406643282622, 0.00387533428147, 0.00212712003849, 0.00488627981395, 0.0071914261207, 0.0222661532462, 0.0113607635722, 0.00858032610267, 0.00280361669138, 0.0110041387379, 0.00452052755281, 0.00430073728785, 0.00428705848753, 0.00645944708958, 0.0200603026897, 0.0138025842607, 0.00439021643251, 0.0113338967785, 0.0108483750373, 0.0157670527697, 0.0163789577782, 0.00943079218268, 0.0043942690827, 0.00462766597047, 0.0121497325599, 0.00311732594855, 0.00414271280169, 0.00228752777912, 0.00272360490635, 0.00395611347631, 0.00317135779187, 0.00319620384835, 0.00270794844255, 0.00522542651743, 0.00954499933869, 0.00946087297052, 0.00948195252568, 0.00742181716487, 0.0030008489266, 0.00244021927938, 0.00935017131269, 0.00548202777281, 0.00356952124275, 0.0014892393956, 0.00416295789182, 0.0054539735429, 0.00295340199955, 0.00189622340258, 0.00178047677036, 0.000558412459213, 0.000371938571334, 0.000255513295997, 0.000245409726631, 0.000167543854332, 0.000160452458658, 0.000171437888639, 0.000186597113498, 0.000109898515802, 0.000109797867481, 5.52013261768e-05, 5.8416990214e-05, 4.3958232709e-05, 4.49510080216e-05, 3.03303095279e-05, 5.66611051909e-05, 5.34159626113e-05, 4.07197912864e-05, 2.84787984128e-05, 2.33578321058e-05, 2.00190897885e-05, 1.63463519129e-05, 2.05392552743e-05, 1.67874568433e-05, 1.73602929863e-05, 1.12589059427e-05, 1.09331331259e-05, 2.23139504669e-05, 1.49976613102e-05, 1.10422324724e-05, 9.87042221823e-06, 9.60475881584e-06, 8.30531644169e-06, 6.48082595944e-06, 6.00335215495e-06, 5.64483389098e-06],
        "mean": [7.78766770964e-05, 0.000112347224785, 8.72320888448e-05, 6.34011230431e-05, 0.000146141828736, 0.000273474375717, 0.000173659427674, 5.77708997298e-05, 0.000135825990583, 0.000223945389735, 0.000398144999053, 0.000501064932905, 0.000211123158806, 0.000126929080579, 0.000317474128678, 0.00119873776566, 0.00111681933049, 0.000288840441499, 0.000123852587421, 0.000692737638019, 0.000699693104252, 8.79265280673e-05, 4.95000385854e-05, 8.7799722678e-05, 6.18486810708e-05, 0.00014629404177, 0.000163073680596, 0.000190250080777, 0.000154437191668, 0.000102823862107, 3.59404548362e-05, 1.83099436981e-05, 2.71663720923e-05, 4.14606765844e-05, 3.00116189464e-05, 3.93139889638e-05, 2.76866176137e-05, 2.11654260056e-05, 2.64975533355e-05, 3.55169358954e-05, 4.10205102526e-05, 2.83454919554e-05, 3.40918777511e-05, 5.35445287824e-05, 3.81076279155e-05, 2.97454062093e-05, 5.54660255148e-05, 7.71210761741e-05, 0.00013974653848, 8.85180634214e-05, 5.5392683862e-05, 3.32938507199e-05, 5.45058246644e-05, 4.65709381388e-05, 4.04175298172e-05, 3.56387972715e-05, 4.26497936132e-05, 6.17476180196e-05, 5.48753196199e-05, 3.76774551114e-05, 4.1352948756e-05, 4.12955232605e-05, 6.34882817394e-05, 5.81526146561e-05, 3.73223738279e-05, 3.17324593198e-05, 3.48781577486e-05, 4.22675293521e-05, 2.09122445085e-05, 2.00107097044e-05, 1.2921040252e-05, 1.70877865457e-05, 2.17027918552e-05, 2.11145725189e-05, 2.39801156567e-05, 2.14656301978e-05, 3.49287911376e-05, 4.44278593932e-05, 4.29379761044e-05, 4.18238741986e-05, 3.3959193388e-05, 2.01414495677e-05, 1.3290023162e-05, 2.8163432944e-05, 2.4832359486e-05, 1.58792699949e-05, 9.50295634539e-06, 1.43415245475e-05, 1.86761790246e-05, 1.32449140438e-05, 8.45011709316e-06, 8.27709027362e-06, 4.02261503041e-06, 2.292885938e-06, 1.64837683769e-06, 1.48651281506e-06, 1.39449196013e-06, 1.29491343159e-06, 7.96866345354e-07, 6.29338501312e-07, 4.00844612614e-07, 3.24995198753e-07, 2.32819630241e-07, 2.26999617325e-07, 1.68161690794e-07, 1.70120458165e-07, 1.53071866293e-07, 2.03167729751e-07, 1.76201041313e-07, 1.38832760399e-07, 1.12775381922e-07, 1.13775115551e-07, 1.06356353058e-07, 7.70192656319e-08, 7.80606441708e-08, 7.50310178432e-08, 7.39372367775e-08, 5.85501211958e-08, 4.99910051133e-08, 7.13277827913e-08, 5.47413172569e-08, 4.50536070673e-08, 3.90812040507e-08, 2.99348918986e-08, 2.89224697525e-08, 2.95503586045e-08, 2.61759236508e-08, 2.63029740211e-08],
        "min": [4.05926675116e-27, 2.22906601747e-25, 1.11412095217e-25, 1.54314492763e-25, 1.42163187528e-25, 2.86408524111e-25, 5.56337867172e-26, 2.41409432887e-25, 2.53221762126e-25, 3.4228926127e-25, 1.25408915888e-25, 1.52700421721e-25, 4.34529583626e-25, 1.67496555705e-25, 3.5243011751e-25, 2.34214109311e-25, 3.0230638863e-25, 4.14105826878e-25, 2.61087666775e-25, 3.05428157751e-25, 5.606027697e-25, 2.79918762659e-25, 4.86592677737e-25, 4.50817096128e-25, 5.98440778842e-25, 3.05522673148e-25, 1.74731420933e-25, 5.64187402957e-25, 2.82107679108e-25, 5.52344382099e-25, 3.707691121e-25, 7.40753258296e-25, 3.11400130627e-25, 4.91105750976e-25, 5.58547096789e-25, 8.15981252889e-25, 6.0775628936e-25, 9.34132894969e-25, 1.02094190999e-24, 9.95552717581e-25, 8.31038043772e-25, 1.56847714949e-24, 1.1924586118e-24, 4.21116335135e-25, 9.27039161886e-25, 5.9196176562e-25, 1.00815920788e-24, 1.00768204564e-24, 1.24794245332e-24, 1.41529180018e-24, 5.61331233442e-25, 1.02775372391e-24, 1.22973278261e-24, 1.78716911394e-24, 1.79324945659e-24, 1.02232912189e-24, 1.07296639922e-24, 1.04908757962e-24, 1.03800674631e-24, 1.46293318101e-24, 1.46449542142e-24, 1.19848856596e-24, 1.14290522936e-24, 1.5737384573e-24, 1.73849245179e-24, 1.32307534087e-24, 2.26742408317e-24, 1.78504333102e-24, 2.31754159977e-24, 1.68186742436e-24, 1.75732571704e-24, 2.0368909221e-24, 2.0629586335e-24, 1.80505594332e-24, 1.93602913891e-24, 2.47623990352e-24, 1.91364895781e-24, 2.46630203105e-24, 2.05183332815e-24, 2.48664833151e-24, 2.13734072268e-24, 2.97230581465e-24, 2.90195204368e-24, 2.55179759266e-24, 2.12452449399e-24, 2.73785674805e-24, 1.95068992162e-24, 3.34258351571e-24, 3.30527493084e-24, 3.49143683536e-24, 2.15019047797e-24, 2.79391912043e-24, 3.63809238853e-24, 3.07595385455e-24, 2.83885263759e-24, 2.76393432021e-24, 3.31526605142e-24, 3.19143007487e-24, 3.21084867492e-24, 3.76814794166e-24, 2.61383874185e-24, 3.43428504607e-24, 4.09818998947e-24, 3.45726653639e-24, 2.53987494616e-24, 4.84269403485e-24, 4.03975393462e-24, 3.38009148517e-24, 2.9768216489e-24, 4.49305786545e-24, 4.56788368889e-24, 4.43562366396e-24, 3.48258502714e-24, 3.73595768357e-24, 3.75654537547e-24, 4.22822779324e-24, 4.80060436125e-24, 4.63242394942e-24, 4.25918624503e-24, 4.64818854575e-24, 5.01628011603e-24, 4.19918469572e-24, 3.34448940365e-24, 4.78079369734e-24, 4.80857777285e-24, 4.4747129051e-24, 4.99039601201e-24, 5.01271407031e-24],
        "stdev": [0.000795798667241, 0.000607670284808, 0.000420269672759, 0.000372694747057, 0.00129902746994, 0.00319495960139, 0.00220230245031, 0.000487713492475, 0.000954483111855, 0.00171300640795, 0.00476857088506, 0.00639642169699, 0.00205508479849, 0.00110876024701, 0.0036892448552, 0.0163755640388, 0.0117948483676, 0.00277324020863, 0.00116834661458, 0.00935650803149, 0.00981231220067, 0.00101405417081, 0.00034560795757, 0.000723265868146, 0.000404916732805, 0.000967900094111, 0.0010142235551, 0.000958546879701, 0.000892427458894, 0.000481554307044, 0.000195659129531, 0.000118062962429, 0.000306939240545, 0.000383556907764, 0.000178196612978, 0.000222747970838, 0.000147212907905, 0.000123963414808, 0.000151220010594, 0.000208242621738, 0.000297699560178, 0.000174878150574, 0.000180937655387, 0.000302041065879, 0.000250377575867, 0.000182018280611, 0.000391691311961, 0.000586569192819, 0.0013424619101, 0.000729084946215, 0.000449794286396, 0.000216951375478, 0.000547054165509, 0.000344374449924, 0.000311176641844, 0.000271481141681, 0.000361057929695, 0.000871789758094, 0.000635079166386, 0.000287477450911, 0.000512817699928, 0.000501031056046, 0.000809631310403, 0.000762214534916, 0.000442787597422, 0.000317883212119, 0.000340531260008, 0.000554728787392, 0.000202005743631, 0.000207043369301, 0.000123426536447, 0.000158600596478, 0.000213831284782, 0.000208080426091, 0.000238004678977, 0.00020744309586, 0.0003767372109, 0.000512466998771, 0.000492421386298, 0.000499493500683, 0.000392664631363, 0.000214511543163, 0.000148169128806, 0.000421571399784, 0.000306207773974, 0.000190434817341, 9.83585632639e-05, 0.000195180997252, 0.000257221516222, 0.000165144330822, 0.000105313243694, 9.90075786831e-05, 3.95623646909e-05, 2.35944262386e-05, 1.66022291523e-05, 1.4616950466e-05, 1.2973480807e-05, 1.21502498587e-05, 8.48647960083e-06, 8.29830332805e-06, 5.01527938468e-06, 4.82755240228e-06, 2.67917221208e-06, 2.77492176792e-06, 2.0623429009e-06, 2.11348833545e-06, 1.72140198629e-06, 2.68203007181e-06, 2.4698422294e-06, 1.88742410501e-06, 1.44235866628e-06, 1.42589078678e-06, 1.28857777781e-06, 9.22635763345e-07, 1.03451316136e-06, 9.39087954066e-07, 9.24726805351e-07, 7.09415076017e-07, 6.11552877672e-07, 1.03601246337e-06, 7.33305682843e-07, 5.83147709676e-07, 5.05157515818e-07, 4.3937495775e-07, 3.95694286226e-07, 3.51534964693e-07, 3.20928194242e-07, 3.2023052654e-07]
    },
    "mfcc": {
        "mean": [-1205.09216309, 9.30603408813, -2.34481430054, 1.17525458336, -0.808972358704, 0.475484907627, -0.759237587452, 0.621832072735, 0.76604527235, 0.691639780998, -0.204730525613, -0.128247827291, -0.320863217115],
        "cov": [[39568.4453125, 5470.41015625, -1705.77111816, 771.592407227, -522.101501465, 370.949188232, -461.006591797, 424.762451172, 448.072753906, 446.104309082, -132.832901001, -93.3190460205, -232.949066162], [5470.41015625, 1161.67980957, -129.142440796, 116.114730835, -79.1714477539, 3.6319463253, -110.15411377, 18.7758293152, 61.8687515259, 50.8743972778, -29.5804786682, -10.2834920883, -23.6957015991], [-1705.77111816, -129.142440796, 140.306518555, -19.2737922668, 13.0537042618, -40.1979484558, -11.0618610382, -36.5181312561, -28.0412139893, -27.9984779358, -1.96228802204, 4.49921703339, 11.6783733368], [771.592407227, 116.114730835, -19.2737922668, 25.54753685, -11.3636035919, 2.50578713417, -18.2257518768, 2.51964187622, 4.3586730957, 6.18639278412, -5.1109995842, -2.8176715374, -5.39509773254], [-522.101501465, -79.1714477539, 13.0537042618, -11.3636035919, 18.1078929901, -1.18287277222, 9.57043647766, -6.00132274628, -7.01524162292, -7.89594459534, 0.389367073774, 1.68275737762, 4.65587282181], [370.949188232, 3.6319463253, -40.1979484558, 2.50578713417, -1.18287277222, 21.8729476929, 9.81138896942, 12.0703887939, 6.98835039139, 7.26792287827, 0.363893270493, -0.616018712521, -2.86231255531], [-461.006591797, -110.15411377, -11.0618610382, -18.2257518768, 9.57043647766, 9.81138896942, 26.0986537933, 6.47839546204, 1.07376396656, -0.260382860899, 4.97083950043, 1.20927107334, 1.762185812], [424.762451172, 18.7758293152, -36.5181312561, 2.51964187622, -6.00132274628, 12.0703887939, 6.47839546204, 16.6048183441, 11.1151638031, 9.42636108398, 1.51482963562, -0.467800021172, -3.46867203712], [448.072753906, 61.8687515259, -28.0412139893, 4.3586730957, -7.01524162292, 6.98835039139, 1.07376396656, 11.1151638031, 14.2008237839, 8.99799823761, 1.13973081112, -0.20876480639, -2.59042167664], [446.104309082, 50.8743972778, -27.9984779358, 6.18639278412, -7.89594459534, 7.26792287827, -0.260382860899, 9.42636108398, 8.99799823761, 9.54319000244, 1.28338623047, -0.667956352234, -3.12247991562], [-132.832901001, -29.5804786682, -1.96228802204, -5.1109995842, 0.389367073774, 0.363893270493, 4.97083950043, 1.51482963562, 1.13973081112, 1.28338623047, 5.91605854034, 2.09117817879, 1.08422935009], [-93.3190460205, -10.2834920883, 4.49921703339, -2.8176715374, 1.68275737762, -0.616018712521, 1.20927107334, -0.467800021172, -0.20876480639, -0.667956352234, 2.09117817879, 5.17042684555, 2.71198153496], [-232.949066162, -23.6957015991, 11.6783733368, -5.39509773254, 4.65587282181, -2.86231255531, 1.762185812, -3.46867203712, -2.59042167664, -3.12247991562, 1.08422935009, 2.71198153496, 5.65797519684]],
        "icov": [[0.000981865334325, -0.00216040527448, 0.00805146340281, -0.00594746368006, 0.00539881503209, -0.00158750149421, 0.00749802403152, -0.00839165225625, 0.00268435571343, 0.00416686525568, 0.00370016996749, -0.0022743511945, 0.000271643511951], [-0.00216040527448, 0.00848917569965, -0.0147336442024, 0.0126043185592, -0.00868330430239, 0.00446779560298, -0.00643308740109, 0.0315373875201, -0.0213652271777, -0.0187544748187, 0.00587711948901, 0.000549903779756, -0.00174339069054], [0.00805146340281, -0.0147336442024, 0.104451857507, -0.0326795317233, 0.0730546861887, 0.0162769611925, 0.0699859634042, -0.0341628305614, 0.0139639405534, 0.0882631912827, 0.0508565939963, -0.0385086871684, -0.00777389621362], [-0.00594746368006, 0.0126043185592, -0.0326795317233, 0.205601677299, -0.026903020218, -0.0231810435653, 0.0721122473478, 0.0599337443709, 0.000795198837295, -0.0672472938895, 0.0262327101082, 0.00666580954567, 0.0511454567313], [0.00539881503209, -0.00868330430239, 0.0730546861887, -0.026903020218, 0.187094941735, -0.00358989252709, -0.0008446223801, 0.00268847262487, 0.000902397267055, 0.151985704899, 0.0552353300154, -0.0327711552382, -0.0549785420299], [-0.00158750149421, 0.00446779560298, 0.0162769611925, -0.0231810435653, -0.00358989252709, 0.138541013002, -0.0746992230415, -0.00403170799837, 0.0139644704759, -0.0153102455661, 0.0383443422616, -0.0257894843817, -0.00555788399652], [0.00749802403152, -0.00643308740109, 0.0699859634042, 0.0721122473478, -0.0008446223801, -0.0746992230415, 0.267888993025, -0.0838415920734, -0.0105358799919, 0.00565415713936, 0.0183043591678, -0.00027658129693, 0.0290649794042], [-0.00839165225625, 0.0315373875201, -0.0341628305614, 0.0599337443709, 0.00268847262487, -0.00403170799837, -0.0838415920734, 0.369838684797, -0.154163137078, -0.132997900248, 0.050690356642, -0.0311681199819, 0.0240829363465], [0.00268435571343, -0.0213652271777, 0.0139639405534, 0.000795198837295, 0.000902397267055, 0.0139644704759, -0.0105358799919, -0.154163137078, 0.280665904284, -0.0934432670474, -0.0254069827497, -0.00137016875669, -0.00947451964021], [0.00416686525568, -0.0187544748187, 0.0882631912827, -0.0672472938895, 0.151985704899, -0.0153102455661, 0.00565415713936, -0.132997900248, -0.0934432670474, 0.685516774654, -0.139946430922, 0.00653550913557, -0.0101773580536], [0.00370016996749, 0.00587711948901, 0.0508565939963, 0.0262327101082, 0.0552353300154, 0.0383443422616, 0.0183043591678, 0.050690356642, -0.0254069827497, -0.139946430922, 0.368906825781, -0.133224323392, 0.000619348196778], [-0.0022743511945, 0.000549903779756, -0.0385086871684, 0.00666580954567, -0.0327711552382, -0.0257894843817, -0.00027658129693, -0.0311681199819, -0.00137016875669, 0.00653550913557, -0.133224323392, 0.321550637484, -0.136214077473], [0.000271643511951, -0.00174339069054, -0.00777389621362, 0.0511454567313, -0.0549785420299, -0.00555788399652, 0.0290649794042, 0.0240829363465, -0.00947451964021, -0.0101773580536, 0.000619348196778, -0.136214077473, 0.348797738552]]
    },
    "spectral_contrast_coeffs": {
        "max": [-0.399569571018, -0.417000204325, -0.515082299709, -0.663026154041, -0.633687257767, -0.477172344923],
        "mean": [-0.9424290061, -0.945513665676, -0.940061032772, -0.947574257851, -0.945147573948, -0.937328457832],
        "min": [-0.982001841068, -0.982962071896, -0.980359494686, -0.973680913448, -0.96954613924, -0.966889560223],
        "stdev": [0.0751523673534, 0.0666915625334, 0.0681142807007, 0.0482201091945, 0.0508230999112, 0.0757009238005]
    },
    "spectral_contrast_valleys": {
        "max": [-4.61527442932, -3.89353060722, -4.50990343094, -4.50407791138, -3.78041291237, -6.71133947372],
        "mean": [-25.3751735687, -25.292131424, -25.3829154968, -25.3366012573, -25.3752479553, -25.6611404419],
        "min": [-28.2526626587, -28.1145992279, -28.2927627563, -27.7764320374, -27.6578273773, -27.4577522278],
        "stdev": [5.82878780365, 6.0296421051, 5.9497423172, 5.95201778412, 5.90386867523, 5.01608943939]
    }
},
"rhythm": {
    "beats_count": 32,
    "beats_loudness": {
        "max": 0.225186079741,
        "mean": 0.00904138199985,
        "min": 0,
        "stdev": 0.0406440645456
    },
    "bpm": 153.238937378,
    "bpm_histogram_first_peak_bpm": 152,
    "bpm_histogram_first_peak_weight": 0.166666686535,
    "bpm_histogram_second_peak_bpm": 144,
    "bpm_histogram_second_peak_spread": 0,
    "bpm_histogram_second_peak_weight": 0.290322571993,
    "danceability": 2.18426561356,
    "onset_rate": 0.391869038343,
    "beats_loudness_band_ratio": {
        "max": [0.22914005816, 0.268438667059, 0.777008771896, 0.383646130562, 0.323741644621, 0.082397557795],
        "mean": [0.0145156495273, 0.0114943049848, 0.0438630580902, 0.0180124007165, 0.0122227612883, 0.00411269115284],
        "min": [0, 0, 0, 0, 0, 0],
        "stdev": [0.048258446157, 0.0490835793316, 0.156147912145, 0.0714618265629, 0.0575468800962, 0.0162575040013]
    },
    "beats_position": [0.383129239082, 0.777868449688, 1.17260766029, 1.5673469305, 1.9620860815, 2.35682535172, 2.75156450272, 3.16952371597, 3.58748292923, 4.00544214249, 4.42340135574, 4.841360569, 5.25931978226, 5.67727899551, 6.09523820877, 6.51319694519, 6.91954612732, 7.32589578629, 7.72063493729, 8.11537361145, 8.51011276245, 8.90485286713, 9.287981987, 9.67111110687, 10.0542402267, 10.4373693466, 10.8204984665, 11.2036275864, 11.5867567062, 11.9582767487, 12.3297958374, 12.7013149261],
    "bpm_histogram": [0, 0, 0, 0, 0, 0, 0, 0, 0, 0, 0, 0, 0, 0, 0, 0, 0, 0, 0, 0, 0, 0, 0, 0, 0, 0, 0, 0, 0, 0, 0, 0, 0, 0, 0, 0, 0, 0, 0, 0, 0, 0, 0, 0, 0, 0, 0, 0, 0, 0, 0, 0, 0, 0, 0, 0, 0, 0, 0, 0, 0, 0, 0, 0, 0, 0, 0, 0, 0, 0, 0, 0, 0, 0, 0, 0, 0, 0, 0, 0, 0, 0, 0, 0, 0, 0, 0, 0, 0, 0, 0, 0, 0, 0, 0, 0, 0, 0, 0, 0, 0, 0, 0, 0, 0, 0, 0, 0, 0, 0, 0, 0, 0, 0, 0, 0, 0, 0, 0, 0, 0, 0, 0, 0, 0, 0, 0, 0, 0, 0, 0, 0, 0, 0, 0, 0, 0, 0, 0, 0, 0, 0, 0, 0, 0.290322571993, 0, 0, 0, 0.0645161271095, 0, 0, 0, 0.322580635548, 0, 0, 0, 0, 0.225806444883, 0, 0, 0, 0.0967741906643, 0, 0, 0, 0, 0, 0, 0, 0, 0, 0, 0, 0, 0, 0, 0, 0, 0, 0, 0, 0, 0, 0, 0, 0, 0, 0, 0, 0, 0, 0, 0, 0, 0, 0, 0, 0, 0, 0, 0, 0, 0, 0, 0, 0, 0, 0, 0, 0, 0, 0, 0, 0, 0, 0, 0, 0, 0, 0, 0, 0, 0, 0, 0, 0, 0, 0, 0, 0, 0, 0, 0, 0, 0, 0, 0, 0, 0, 0, 0, 0, 0, 0, 0, 0, 0, 0, 0, 0]
},
"tonal": {
    "chords_changes_rate": 0.0326086953282,
    "chords_number_rate": 0.0144927538931,
    "chords_strength": {
        "max": 0.636400699615,
        "mean": -0.763168275356,
        "min": -1,
        "stdev": 0.537488818169
    },
