{
"metadata": {
    "version": {
        "essentia": "2.1-beta5",
        "essentia_git_sha": "Undefined",
        "extractor": "music 2.0"
    },
    "audio_properties": {
        "analysis": {
            "equal_loudness": 0,
            "length": 32.4963264465,
            "sample_rate": 44100,
            "start_time": 12.7477550507,
            "downmix": "mix"
        },
        "bit_rate": 192000,
        "length": 198.019775391,
        "lossless": 0,
        "number_channels": 2,
        "replay_gain": -10.0139942169,
        "sample_rate": 44100,
        "codec": "mp3",
        "md5_encoded": "6a1a4a9cd04b61fe0923d33b09e8d0f1"
    },
    "tags": {
        "file_name": "Malta_The One That I Love_Chiara.mp3",
        "encoding": ["Lavf58.29.100"]
    }
},
"lowlevel": {
    "average_loudness": 0.910196781158,
    "barkbands_crest": {
        "max": 25.3933639526,
        "mean": 11.6393842697,
        "min": 3.05396676064,
        "stdev": 3.88052487373
    },
    "barkbands_flatness_db": {
        "max": 0.400723278522,
        "mean": 0.210203528404,
        "min": 0.0476622618735,
        "stdev": 0.0617266818881
    },
    "barkbands_kurtosis": {
        "max": 157.36100769,
        "mean": 10.3848285675,
        "min": -1.91288077831,
        "stdev": 13.4851055145
    },
    "barkbands_skewness": {
        "max": 10.7820825577,
        "mean": 2.34796690941,
        "min": -2.0485637188,
        "stdev": 1.33653366566
    },
    "barkbands_spread": {
        "max": 101.082809448,
        "mean": 14.0807113647,
        "min": 0.54096609354,
        "stdev": 13.8505783081
    },
    "dissonance": {
        "max": 0.497086763382,
        "mean": 0.44130730629,
        "min": 0.25052472949,
        "stdev": 0.036324582994
    },
    "dynamic_complexity": 3.94946241379,
    "erbbands_crest": {
        "max": 26.4224052429,
        "mean": 10.1681537628,
        "min": 3.04489684105,
        "stdev": 4.34503221512
    },
    "erbbands_flatness_db": {
        "max": 0.290442556143,
        "mean": 0.175312623382,
        "min": 0.0668801367283,
        "stdev": 0.0389047414064
    },
    "erbbands_kurtosis": {
        "max": 29.1962890625,
        "mean": 1.41974103451,
        "min": -1.78463625908,
        "stdev": 3.05938577652
    },
    "erbbands_skewness": {
        "max": 3.70393133163,
        "mean": 0.836794018745,
        "min": -4.77308368683,
        "stdev": 0.932011187077
    },
    "erbbands_spread": {
        "max": 137.830505371,
        "mean": 38.7983398438,
        "min": 8.80540752411,
        "stdev": 20.9023132324
    },
    "hfc": {
        "max": 303.138458252,
        "mean": 13.7304000854,
        "min": 0.0982760488987,
        "stdev": 25.6813354492
    },
    "loudness_ebu128": {
        "integrated": -15.5485639572,
        "loudness_range": 4.36046886444,
        "momentary": {
            "max": -10.4205627441,
            "mean": -16.5993080139,
            "min": -24.3829212189,
            "stdev": 3.10851597786
        },
        "short_term": {
            "max": -13.423163414,
            "mean": -15.6334590912,
            "min": -19.0882377625,
            "stdev": 1.4944691658
        }
    },
    "melbands_crest": {
        "max": 32.8273925781,
        "mean": 15.0229635239,
        "min": 6.21830463409,
        "stdev": 4.64833498001
    },
    "melbands_flatness_db": {
        "max": 0.53127938509,
        "mean": 0.282505393028,
        "min": 0.0551602952182,
        "stdev": 0.08671952039
    },
    "melbands_kurtosis": {
        "max": 343.575897217,
        "mean": 22.7256660461,
        "min": -1.89824092388,
        "stdev": 25.5806694031
    },
    "melbands_skewness": {
        "max": 12.7305164337,
        "mean": 3.27181363106,
        "min": 0.0316791236401,
        "stdev": 1.61145532131
    },
    "melbands_spread": {
        "max": 213.979278564,
        "mean": 13.6592330933,
        "min": 0.562490105629,
        "stdev": 18.6393146515
    },
    "pitch_salience": {
        "max": 0.80359941721,
        "mean": 0.533778369427,
        "min": 0.131713941693,
        "stdev": 0.108114086092
    },
    "silence_rate_20dB": {
        "max": 1,
        "mean": 1,
        "min": 1,
        "stdev": 0
    },
    "silence_rate_30dB": {
        "max": 1,
        "mean": 1,
        "min": 1,
        "stdev": 0
    },
    "silence_rate_60dB": {
        "max": 1,
        "mean": 0.0306923631579,
        "min": 0,
        "stdev": 0.172483384609
    },
    "spectral_centroid": {
        "max": 4836.76513672,
        "mean": 860.420837402,
        "min": 171.331893921,
        "stdev": 647.788696289
    },
    "spectral_complexity": {
        "max": 47,
        "mean": 11.0463953018,
        "min": 1,
        "stdev": 6.42288637161
    },
    "spectral_decrease": {
        "max": -1.02527070167e-10,
        "mean": -5.28952037726e-09,
        "min": -2.3053729592e-08,
        "stdev": 4.07674471958e-09
    },
    "spectral_energy": {
        "max": 0.0889363139868,
        "mean": 0.0212092585862,
        "min": 0.00039587408537,
        "stdev": 0.0164751280099
    },
    "spectral_energyband_high": {
        "max": 0.0503997281194,
        "mean": 0.000770646438468,
        "min": 5.51274183636e-07,
        "stdev": 0.00336932321079
    },
    "spectral_energyband_low": {
        "max": 0.0630907788873,
        "mean": 0.00737312994897,
        "min": 2.29378092627e-05,
        "stdev": 0.00853171758354
    },
    "spectral_energyband_middle_high": {
        "max": 0.02395019494,
        "mean": 0.00223494251259,
        "min": 6.62293814457e-06,
        "stdev": 0.00375838321634
    },
    "spectral_energyband_middle_low": {
        "max": 0.075152002275,
        "mean": 0.0113616073504,
        "min": 9.19823360164e-05,
        "stdev": 0.011933834292
    },
    "spectral_entropy": {
        "max": 8.59535217285,
        "mean": 7.04527807236,
        "min": 5.53152513504,
        "stdev": 0.568929195404
    },
    "spectral_flux": {
        "max": 0.234122946858,
        "mean": 0.0544938407838,
        "min": 0.00769757153466,
        "stdev": 0.03907738626
    },
    "spectral_kurtosis": {
        "max": 58.6465759277,
        "mean": 7.00494003296,
        "min": -1.25498533249,
        "stdev": 7.35220003128
    },
    "spectral_rms": {
        "max": 0.00931488815695,
        "mean": 0.00420436775312,
        "min": 0.000621464918368,
        "stdev": 0.0017364458181
    },
    "spectral_rolloff": {
        "max": 9862.20703125,
        "mean": 862.094055176,
        "min": 64.599609375,
        "stdev": 1318.56018066
    },
    "spectral_skewness": {
        "max": 6.20287752151,
        "mean": 1.94774472713,
        "min": -0.265845894814,
        "stdev": 0.93180423975
    },
    "spectral_spread": {
        "max": 22409774,
        "mean": 4681882,
        "min": 1389403.5,
        "stdev": 2052790.25
    },
    "spectral_strongpeak": {
        "max": 9.20798110962,
        "mean": 0.73714697361,
        "min": 0,
        "stdev": 0.942466259003
    },
    "zerocrossingrate": {
        "max": 0.27880859375,
        "mean": 0.0378510318696,
        "min": 0.00244140625,
        "stdev": 0.0340206883848
    },
    "barkbands": {
        "max": [0.00773085374385, 0.0509176962078, 0.022885736078, 0.0157235953957, 0.0489047393203, 0.0451033376157, 0.00649023707956, 0.0129914991558, 0.0381842814386, 0.0104746669531, 0.0114595722407, 0.00542432442307, 0.0159133635461, 0.0112123591825, 0.0087661948055, 0.00493622804061, 0.0105517916381, 0.0049253674224, 0.00472623715177, 0.00509468931705, 0.0137014081702, 0.0293917898089, 0.00914666987956, 0.0131774516776, 0.0105923293158, 0.00155746820383, 1.19724118122e-05],
        "mean": [0.000253751612036, 0.00465867388994, 0.00194810528774, 0.00115364568774, 0.00434947758913, 0.00346429343335, 0.000347866647644, 0.000495521002449, 0.0015227466356, 0.000178514383151, 0.000408057356253, 0.000169885097421, 0.000253855978372, 0.000278784777038, 0.000215758773265, 0.000119188785902, 9.93455396383e-05, 0.000145558995428, 0.000282456196146, 0.00019934939337, 0.000128812447656, 0.000190630395082, 0.00012301307288, 0.000122046272736, 8.0532838183e-05, 1.93398027477e-05, 4.0288860248e-08],
        "min": [1.44573197858e-08, 2.33206765188e-06, 8.64537582856e-07, 7.058923984e-06, 1.67745292856e-05, 4.85069313072e-06, 4.81914503325e-06, 2.52372478826e-06, 1.79865548944e-06, 2.88298537043e-07, 2.57335528886e-07, 2.05359768302e-07, 1.69451396914e-07, 1.11335438646e-07, 1.82722260433e-07, 1.37054129823e-07, 1.09759788813e-07, 7.12388157353e-08, 1.28795278442e-07, 7.10943126592e-08, 8.25932175985e-08, 7.98764361321e-08, 5.38797912952e-08, 5.01517227747e-08, 5.7422852251e-08, 1.98050145173e-08, 1.29507177551e-11],
        "stdev": [0.000550996395759, 0.00693172309548, 0.00242713280022, 0.0014480156824, 0.00674065062776, 0.00616314122453, 0.000500624417327, 0.00102348742075, 0.00363573734649, 0.000579442479648, 0.00106004776899, 0.00052131182747, 0.000856601400301, 0.000990909989923, 0.000774534244556, 0.000416851748014, 0.000501198461279, 0.000413651810959, 0.000611963158008, 0.000409958680393, 0.000696510309353, 0.00144327466842, 0.000651255133562, 0.000667673069984, 0.000479191308841, 9.30735986913e-05, 4.36277218796e-07]
    },
    "erbbands": {
        "max": [2.00707054138, 11.7950973511, 23.6305027008, 44.0277709961, 113.556007385, 181.538345337, 556.007751465, 352.102203369, 63.8147354126, 116.757575989, 427.929626465, 775.78515625, 657.879821777, 306.637207031, 357.692840576, 258.739379883, 550.947814941, 438.983795166, 441.462036133, 591.463989258, 291.626708984, 617.082214355, 352.75378418, 296.683898926, 233.155502319, 251.477737427, 388.279785156, 835.930419922, 1103.58947754, 595.05255127, 256.656280518, 393.890686035, 116.702011108, 207.543441772, 20.8555412292, 7.56943225861, 3.49604582787, 0.140101775527, 0.00328430207446, 0.000288491515676],
        "mean": [0.163934648037, 0.933306932449, 2.01105427742, 3.3464217186, 5.89782619476, 14.0466756821, 38.7400360107, 20.8119430542, 4.6051402092, 7.6837053299, 22.3995990753, 32.2315216064, 7.87934398651, 11.6871128082, 11.4605903625, 6.75233793259, 11.7063999176, 11.7443399429, 10.917801857, 11.6141967773, 7.15495634079, 5.99541854858, 6.87461042404, 13.1473655701, 12.4842815399, 10.2758388519, 5.50849723816, 5.68006324768, 6.74736356735, 5.13546657562, 3.49808311462, 3.10782241821, 1.66376888752, 1.16200077534, 0.395404487848, 0.132630869746, 0.0290979407728, 0.00103259074967, 4.36967602582e-05, 2.82531073026e-05],
        "min": [7.08935040166e-05, 0.00105267425533, 0.00381434382871, 0.0285331439227, 0.0847235172987, 0.0417004227638, 0.0355538725853, 0.068438410759, 0.0894827246666, 0.114818751812, 0.0559096075594, 0.0632836967707, 0.0642572492361, 0.0210082996637, 0.0146951731294, 0.0122602554038, 0.0112638678402, 0.00466867582873, 0.00734266964719, 0.0113295745105, 0.0067912209779, 0.00658783689141, 0.00504795787856, 0.00946127716452, 0.00611941982061, 0.00405144412071, 0.00486541073769, 0.0035188535694, 0.00254800147377, 0.0020533783827, 0.00171184632927, 0.00120148609858, 0.000772448140197, 0.000672466820106, 0.000366658496205, 0.000209479781915, 1.060113118e-05, 4.50963256071e-07, 2.83970052806e-07, 4.48191030955e-07],
        "stdev": [0.257371842861, 1.41225123405, 2.38256287575, 3.72787237167, 8.46572113037, 19.3297977448, 69.8632278442, 43.3754920959, 6.31900024414, 11.0762176514, 48.8831329346, 83.6608200073, 23.0739536285, 28.3249893188, 28.0912208557, 18.6353702545, 35.3674659729, 36.3011627197, 34.8509254456, 39.4541511536, 22.6496715546, 30.046043396, 22.8899269104, 29.4601383209, 25.981678009, 21.1948337555, 20.7678222656, 38.0552558899, 52.7498321533, 30.1239871979, 18.7825508118, 19.5702266693, 7.31611585617, 8.67031478882, 1.57923734188, 0.516477584839, 0.186953306198, 0.00712794763967, 0.000182889489224, 2.91555425065e-05]
    },
    "gfcc": {
        "mean": [-61.2253303528, 125.117553711, -90.3813323975, 42.2730484009, -64.6636047363, 12.936047554, -38.1402893066, 12.3610782623, -28.3729724884, -0.579850077629, -7.45822191238, -7.54085063934, -4.15817594528],
        "cov": [[5980.89111328, -2601.29760742, -1203.96069336, 308.27154541, -602.057617188, -7.34464025497, -563.362243652, 237.466674805, -396.829284668, 271.743530273, -146.818771362, 143.651992798, 27.3748416901], [-2601.29760742, 1878.78405762, 275.1277771, -292.884613037, 486.898468018, -91.3500137329, 426.29107666, -163.648071289, 162.953277588, -112.486030579, 237.055847168, -227.585708618, 126.631225586], [-1203.96069336, 275.1277771, 1066.47253418, 10.2147979736, 40.98387146, 225.463973999, 30.8586196899, 20.660068512, 134.365127563, -46.0279350281, -38.5051879883, 52.0935058594, -126.742431641], [308.27154541, -292.884613037, 10.2147979736, 311.919433594, -14.6502761841, -38.9899482727, -33.0637626648, 24.3039112091, 44.9534835815, 23.0126228333, -51.557258606, 39.1563186646, -0.467704117298], [-602.057617188, 486.898468018, 40.98387146, -14.6502761841, 296.033325195, 5.7524471283, 111.386894226, -16.7752113342, 60.1717796326, -6.77168750763, 55.8189735413, -48.7574424744, 51.7662010193], [-7.34464025497, -91.3500137329, 225.463973999, -38.9899482727, 5.7524471283, 265.759002686, 50.3716278076, 8.26712799072, 12.5529851913, 26.0183849335, -3.50176024437, 27.053188324, -56.9650726318], [-563.362243652, 426.29107666, 30.8586196899, -33.0637626648, 111.386894226, 50.3716278076, 289.096282959, -25.9362926483, 33.318271637, 19.7075786591, 63.6481513977, -37.7395629883, 10.9183769226], [237.466674805, -163.648071289, 20.660068512, 24.3039112091, -16.7752113342, 8.26712799072, -25.9362926483, 159.837234497, 5.87564373016, 11.3255329132, -7.77998447418, 7.95953130722, -10.5411472321], [-396.829284668, 162.953277588, 134.365127563, 44.9534835815, 60.1717796326, 12.5529851913, 33.318271637, 5.87564373016, 131.815307617, 8.79857254028, -1.26383924484, -13.6371145248, -3.36666846275], [271.743530273, -112.486030579, -46.0279350281, 23.0126228333, -6.77168750763, 26.0183849335, 19.7075786591, 11.3255329132, 8.79857254028, 111.898651123, 12.6274690628, -5.77123165131, -13.0324411392], [-146.818771362, 237.055847168, -38.5051879883, -51.557258606, 55.8189735413, -3.50176024437, 63.6481513977, -7.77998447418, -1.26383924484, 12.6274690628, 130.372253418, -47.0037117004, 37.2067146301], [143.651992798, -227.585708618, 52.0935058594, 39.1563186646, -48.7574424744, 27.053188324, -37.7395629883, 7.95953130722, -13.6371145248, -5.77123165131, -47.0037117004, 140.648956299, -23.9715118408], [27.3748416901, 126.631225586, -126.742431641, -0.467704117298, 51.7662010193, -56.9650726318, 10.9183769226, -10.5411472321, -3.36666846275, -13.0324411392, 37.2067146301, -23.9715118408, 131.796600342]],
        "icov": [[0.000773040635977, 0.00119317579083, 0.00033855845686, 0.000109384076495, -0.000265833194135, -2.23522038141e-05, 1.88648591575e-05, -9.69264365267e-05, 0.000677197007462, -0.000597537495196, -0.000572425022256, 0.000645628315397, -0.000658338947687], [0.00119317579083, 0.00864425860345, -0.00179774384014, 0.00516874296591, -0.00603337632492, 0.00514625059441, -0.00591995287687, 0.00387269281782, -0.00329720787704, 0.00389263103716, -0.00502104312181, 0.00488288560882, -0.00226327590644], [0.00033855845686, -0.00179774384014, 0.00249959761277, -0.00168016471434, 0.00167500681709, -0.00288990349509, 0.00214933836833, -0.00149199785665, 0.000251762481639, -0.000770441256464, 0.0010190299945, -0.00136977131478, 0.00124382146169], [0.000109384076495, 0.00516874296591, -0.00168016471434, 0.00768779590726, -0.00411505298689, 0.00461026793346, -0.004274956882, 0.00253895623609, -0.00457024667412, 0.00232303910889, -0.00176137266681, 0.00194682879373, -0.00144689227454], [-0.000265833194135, -0.00603337632492, 0.00167500681709, -0.00411505298689, 0.00955407880247, -0.00441239448264, 0.00360589963384, -0.00313518266194, 0.00158982397988, -0.00322100124322, 0.00281092058867, -0.00275571155362, -0.000333526957547], [-2.23522038141e-05, 0.00514625059441, -0.00288990349509, 0.00461026793346, -0.00441239448264, 0.00939540937543, -0.00538551202044, 0.00287065375596, -0.00264875451103, 0.00195916881785, -0.00298177148215, 0.00203769630753, 0.000105516170152], [1.88648591575e-05, -0.00591995287687, 0.00214933836833, -0.004274956882, 0.00360589963384, -0.00538551202044, 0.00984318833798, -0.00290285400115, 0.00320067442954, -0.00467537390068, 0.00203019892797, -0.00307202339172, 0.00143169541843], [-9.69264365267e-05, 0.00387269281782, -0.00149199785665, 0.00253895623609, -0.00313518266194, 0.00287065375596, -0.00290285400115, 0.00890401843935, -0.00289554242045, 0.00232535577379, -0.0025677443482, 0.0021734260954, -0.000425591977546], [0.000677197007462, -0.00329720787704, 0.000251762481639, -0.00457024667412, 0.00158982397988, -0.00264875451103, 0.00320067442954, -0.00289554242045, 0.0141423791647, -0.00496249785647, 0.00295615638606, -0.000624399865046, -9.03574546101e-05], [-0.000597537495196, 0.00389263103716, -0.000770441256464, 0.00232303910889, -0.00322100124322, 0.00195916881785, -0.00467537390068, 0.00232535577379, -0.00496249785647, 0.0145802982152, -0.00408172653988, 0.00263997167349, 0.00128403853159], [-0.000572425022256, -0.00502104312181, 0.0010190299945, -0.00176137266681, 0.00281092058867, -0.00298177148215, 0.00203019892797, -0.0025677443482, 0.00295615638606, -0.00408172653988, 0.0138701582327, -0.000640754995402, -0.00120977999177], [0.000645628315397, 0.00488288560882, -0.00136977131478, 0.00194682879373, -0.00275571155362, 0.00203769630753, -0.00307202339172, 0.0021734260954, -0.000624399865046, 0.00263997167349, -0.000640754995402, 0.0116515932605, -0.00119931309018], [-0.000658338947687, -0.00226327590644, 0.00124382146169, -0.00144689227454, -0.000333526957547, 0.000105516170152, 0.00143169541843, -0.000425591977546, -9.03574546101e-05, 0.00128403853159, -0.00120977999177, -0.00119931309018, 0.0113617666066]]
    },
    "melbands": {
        "max": [0.0161437578499, 0.0119898654521, 0.00764302909374, 0.00692669628188, 0.0176327116787, 0.00806797016412, 0.000943542167079, 0.00104043469764, 0.00470021972433, 0.00432198401541, 0.00318695837632, 0.0011338905897, 0.00171872449573, 0.00074340851279, 0.000639423320536, 0.00210527773015, 0.000766290002503, 0.000943644554354, 0.000911452516448, 0.000451561296359, 0.000384791666875, 0.000547916977666, 0.000495941319969, 0.000384765851777, 0.000258501939243, 0.000167032470927, 0.000140631731483, 0.00021106141503, 0.000231788028032, 0.000263716763584, 0.00061356194783, 0.000570863252506, 0.000618131132796, 0.000244438706432, 0.000157898917678, 0.000285361340502, 0.000199752597837, 9.31300746743e-05, 0.000122309371363, 0.000192678446183],
        "mean": [0.00137658102904, 0.00109840801451, 0.000660529069137, 0.000650037720334, 0.00126594130415, 0.0004958397476, 6.83351318003e-05, 8.17250547698e-05, 0.000238515451201, 0.000181101306225, 3.38077661581e-05, 4.48249120382e-05, 5.07971126353e-05, 1.83369884326e-05, 1.97903173103e-05, 2.73549503618e-05, 2.20983802137e-05, 1.89152942767e-05, 1.91229009943e-05, 1.01056421045e-05, 7.60283501222e-06, 5.79056631977e-06, 5.16265936312e-06, 7.77041077527e-06, 1.09069569589e-05, 1.07842179204e-05, 7.23734956409e-06, 6.77647039993e-06, 3.55583188139e-06, 3.04465197587e-06, 3.27433599523e-06, 3.66638300875e-06, 3.86495867133e-06, 2.48057335739e-06, 2.05506876227e-06, 1.82666860837e-06, 1.93089454115e-06, 1.25435019527e-06, 9.68806489254e-07, 9.44024975524e-07],
        "min": [4.85611622025e-07, 1.9436747607e-06, 1.35288910315e-05, 4.48511946161e-06, 1.22634901345e-06, 9.12928044272e-07, 1.43189743085e-06, 5.43023134014e-07, 4.60106292621e-07, 1.8666233359e-07, 6.9636655553e-08, 7.34057010732e-08, 3.49641453568e-08, 3.42198163139e-08, 1.7451037948e-08, 2.3216127687e-08, 7.38134575684e-09, 8.56919779579e-09, 1.39359377371e-08, 1.13251941158e-08, 1.55429125126e-09, 3.73674913234e-09, 4.26684154675e-09, 2.87336043847e-09, 6.10402839385e-09, 3.63611785126e-09, 2.0742814133e-09, 2.20213713931e-09, 2.11888773194e-09, 1.58358903768e-09, 1.67508562576e-09, 1.33079092191e-09, 1.28941890498e-09, 7.70096209024e-10, 9.43567113332e-10, 7.25848714467e-10, 7.16301185033e-10, 4.97187069293e-10, 4.71927663614e-10, 5.22193344121e-10],
        "stdev": [0.00208613369614, 0.0012793536298, 0.000722076219972, 0.000769675360061, 0.00218878989108, 0.00097726797685, 9.75045259111e-05, 0.000120202348626, 0.00054663431365, 0.000461454474134, 0.000115255686978, 0.000109341213829, 0.000132763903821, 6.55017793179e-05, 5.37063351658e-05, 0.000106162326119, 7.56680310587e-05, 7.42136617191e-05, 7.45698635001e-05, 3.49358888343e-05, 2.56626735791e-05, 2.80493768514e-05, 2.26879019465e-05, 2.59604930761e-05, 2.55470858974e-05, 2.24547875405e-05, 1.46610491356e-05, 1.51745125549e-05, 1.24248217617e-05, 1.60208892339e-05, 2.51351557381e-05, 2.95291283692e-05, 2.81642114714e-05, 1.31805045385e-05, 1.09177162813e-05, 1.24341650007e-05, 1.17685322039e-05, 5.5579198488e-06, 5.86733176533e-06, 7.30829287932e-06]
    },
    "melbands128": {
        "max": [0.00616751424968, 0.0162100940943, 0.0261492282152, 0.0220016185194, 0.0118424892426, 0.0109703578055, 0.00939752347767, 0.00715952180326, 0.0149363130331, 0.00864350050688, 0.0121528515592, 0.0231215879321, 0.0278285108507, 0.0199932213873, 0.0123403314501, 0.00808129273355, 0.0012272412423, 0.000682599260472, 0.00231075892225, 0.0021591517143, 0.00142884918023, 0.00361090758815, 0.00668080709875, 0.0137981548905, 0.00723446672782, 0.00334264524281, 0.00653779320419, 0.00404220074415, 0.00162468920462, 0.00141770392656, 0.00247926008888, 0.0022312765941, 0.00326588843018, 0.000265709240921, 0.00144408119377, 0.00154738803394, 0.00163864751812, 0.00126548204571, 0.00113940879237, 0.000993391731754, 0.00475026713684, 0.00237428816035, 0.00140567892231, 0.00154819362797, 0.00290420674719, 0.00154209404718, 0.000761142524425, 0.00203120987862, 0.00138519285247, 0.00128262909129, 0.000543760543223, 0.000983253703453, 0.000564678630326, 0.000585427274927, 0.000732426939066, 0.000630474823993, 0.0019841324538, 0.000661597587168, 0.000325510773109, 0.00048989453353, 0.000882537977304, 0.000384190992918, 0.000553619873244, 0.000495214422699, 0.000580956751946, 0.000313271244522, 0.00031765140011, 0.000301633495837, 0.000109765438538, 0.000133477675263, 0.000301958061755, 0.000269377575023, 0.000227022406762, 0.000326125329593, 0.000312961172312, 0.000198657624424, 0.000464504235424, 0.000488153338665, 0.00053647038294, 0.00105613900814, 0.00044596940279, 0.000875784258824, 0.000838223611936, 0.000624213425908, 0.000413892616052, 0.000301146385027, 0.000262735848082, 0.000215842854232, 0.000222459784709, 0.000147260696394, 0.000210655460251, 0.000377880729502, 0.000406094419304, 0.000280256819678, 0.000130118089146, 0.0001604220015, 9.4116992841e-05, 4.72015963169e-05, 4.10179673054e-05, 0.000256702129263, 0.000366398715414, 0.000157148620929, 6.61316662445e-05, 2.90304087684e-05, 2.4026412575e-05, 2.63775091298e-05, 2.11925016629e-05, 1.90773498616e-05, 1.2711175259e-05, 1.14551658044e-05, 1.40072843351e-05, 1.48861026901e-05, 2.2363718017e-05, 2.00131967176e-06, 1.12363829885e-06, 1.14931731332e-06, 4.2595027594e-07, 3.00925373509e-09, 5.75068326292e-10, 3.75712239098e-11, 3.65373391265e-11, 3.56223488207e-11, 3.48282722107e-11, 3.41779417268e-11, 3.36214771302e-11, 3.31770166895e-11, 3.29012060651e-11, 3.27021049129e-11],
        "mean": [0.00023673150281, 0.00132802710868, 0.00192229927052, 0.00137462583371, 0.000999216805212, 0.000984124722891, 0.000653096241876, 0.000604113563895, 0.000604151282459, 0.000476779096061, 0.000719563104212, 0.00131551583763, 0.00151232618373, 0.00113797688391, 0.000475567503599, 0.000181010560482, 5.35752951691e-05, 4.21017830377e-05, 8.45134200063e-05, 9.57920055953e-05, 6.4149411628e-05, 9.42978585954e-05, 0.000234238133999, 0.000442496762844, 0.000256862200331, 5.54642028874e-05, 5.26309668203e-05, 1.81784325832e-05, 3.9628270315e-05, 2.40341905737e-05, 4.97499459016e-05, 7.99522167654e-05, 6.77216157783e-05, 9.90083117358e-06, 2.4868582841e-05, 1.89223828784e-05, 1.09032462206e-05, 2.12272625504e-05, 2.47886691795e-05, 2.53336456808e-05, 3.32120653184e-05, 2.00784324988e-05, 1.71619358298e-05, 1.98562574951e-05, 4.16558832512e-05, 9.5039504231e-06, 6.45859381621e-06, 2.45339197136e-05, 2.26141364692e-05, 1.36192411446e-05, 4.50015249953e-06, 1.21278117149e-05, 9.45218835113e-06, 5.6640647017e-06, 3.58010925083e-06, 5.13437589689e-06, 9.08237416297e-06, 5.21105403095e-06, 3.43707415595e-06, 5.17377702636e-06, 8.71809425007e-06, 8.27827534522e-06, 9.86477243714e-06, 1.03042993942e-05, 1.63907498063e-05, 9.68932363321e-06, 8.97840709513e-06, 8.04357387096e-06, 5.66479729969e-06, 8.00345424068e-06, 7.77675722929e-06, 5.79487914365e-06, 4.22225411967e-06, 3.35147092301e-06, 2.41695170189e-06, 2.49986715062e-06, 3.96681616621e-06, 3.32920467372e-06, 2.8208967251e-06, 3.69904250874e-06, 3.01624004351e-06, 3.81794825444e-06, 4.79740356241e-06, 3.92450192521e-06, 3.21532161252e-06, 2.51822802966e-06, 2.21882692131e-06, 2.27282203014e-06, 2.17614092435e-06, 1.84456268926e-06, 1.59022329171e-06, 1.93103278434e-06, 1.96147266252e-06, 2.19895287046e-06, 1.65546077824e-06, 1.61121317888e-06, 1.16171054287e-06, 7.61628768942e-07, 7.34373770683e-07, 1.24523421619e-06, 1.31684191729e-06, 7.89901946519e-07, 6.75511103054e-07, 4.9139504199e-07, 4.04125472642e-07, 3.70541215489e-07, 3.08809347871e-07, 2.74865186611e-07, 2.02785770398e-07, 1.88617377717e-07, 1.61089332096e-07, 1.29299124296e-07, 1.10698103128e-07, 1.24113022082e-08, 4.85769557912e-09, 3.8798577684e-09, 1.57157697966e-09, 1.0624945368e-11, 3.75924595272e-12, 3.20148530082e-12, 3.12141458514e-12, 3.05500156422e-12, 2.98821948089e-12, 2.93279398163e-12, 2.88934609745e-12, 2.86037187859e-12, 2.83588083572e-12, 2.81727809484e-12],
        "min": [1.35689290914e-08, 4.87016649231e-08, 2.53452640209e-07, 8.19165904886e-07, 9.06289869818e-07, 4.37911580775e-07, 2.13017847273e-06, 2.70581176665e-06, 5.97562302573e-06, 4.23963092544e-06, 1.73201169673e-06, 9.74226850303e-07, 8.47158446504e-07, 7.98332962404e-07, 5.21542119714e-07, 1.310509532e-07, 3.53162931788e-07, 8.84056845507e-08, 4.3104827796e-07, 3.8570536276e-07, 2.01892319751e-07, 5.58913804127e-08, 1.84034391282e-07, 5.53725172381e-08, 4.4325897619e-08, 6.64880701606e-08, 2.3623933032e-08, 4.70382026663e-08, 7.95714516499e-09, 2.30800836221e-08, 1.073608491e-08, 3.05970537795e-08, 1.48280836498e-08, 1.35464848228e-08, 1.72798735321e-08, 9.24538134939e-09, 1.05525526095e-08, 7.17778991799e-09, 7.53404538756e-09, 3.11043568679e-09, 5.43142819609e-09, 1.85229709349e-09, 2.17697060378e-09, 2.63456412242e-09, 2.47825426847e-09, 5.54044143897e-09, 2.10116146704e-09, 4.1665444428e-09, 5.2703397202e-09, 3.4532745552e-09, 3.93087029593e-09, 1.70119862641e-09, 1.28596377991e-09, 3.56035728677e-10, 2.38856157075e-10, 5.38394107075e-10, 4.00399580158e-09, 1.95894411803e-09, 1.50272261301e-09, 2.55722509834e-09, 2.27219953963e-09, 2.21653140287e-09, 2.0048827043e-09, 3.08652681191e-09, 2.21382712162e-09, 2.47079223747e-09, 1.60432644947e-09, 2.20331353162e-09, 1.19331189374e-09, 1.08116937625e-09, 2.05137196119e-09, 2.03884420458e-09, 1.42531075831e-09, 1.81364234741e-09, 1.48432566238e-09, 9.62956714368e-10, 9.36076882674e-10, 5.53118162383e-10, 8.86278661572e-10, 1.28841071145e-09, 7.64601382208e-10, 5.63116775432e-10, 6.12339901007e-10, 7.56179174832e-10, 5.07151931561e-10, 6.26131868575e-10, 5.80053172161e-10, 2.1790995397e-10, 7.15860204448e-10, 5.84756298938e-10, 4.9447124173e-10, 4.3720330134e-10, 3.54435758521e-10, 3.94485055732e-10, 5.34963850995e-10, 1.16020859586e-10, 3.62812807575e-10, 2.90365093081e-10, 3.22776583239e-10, 3.09393427544e-10, 2.84883977519e-10, 2.91411617059e-10, 3.34093475107e-10, 1.98544264363e-10, 2.34666813759e-10, 2.80169526468e-10, 2.63235100384e-10, 2.42104114534e-10, 2.02556624251e-10, 4.22942028622e-11, 2.93222992545e-13, 2.82330067528e-13, 5.01330239529e-14, 3.76796711237e-14, 4.40702704364e-14, 3.30834975572e-14, 3.57465386501e-14, 3.97526521249e-14, 4.49971209924e-14, 3.66060941325e-14, 3.89148450605e-14, 3.49598855995e-14, 4.48276839097e-14, 2.54133194523e-14, 3.33923054409e-14, 4.15264238198e-14, 4.07789443489e-14, 4.4506048559e-14],
        "stdev": [0.000496471126098, 0.00217200838961, 0.00316515262239, 0.00219123903662, 0.00130326871295, 0.00125699525233, 0.000793081708252, 0.000783127034083, 0.00106858601794, 0.000834198377561, 0.00103783898521, 0.00296488404274, 0.00320697203279, 0.00236744782887, 0.00135187292472, 0.000626259890851, 0.000108017782622, 7.32179323677e-05, 0.000160986601259, 0.000189246187801, 0.000127786770463, 0.000270505086519, 0.00068759691203, 0.00120618438814, 0.000905427499674, 0.000187464058399, 0.000249710486969, 0.000117733980005, 0.000150180261699, 9.55072900979e-05, 0.000184787961189, 0.0002275959705, 0.000238957392867, 2.85168407572e-05, 0.000106412335299, 8.79196159076e-05, 6.022458183e-05, 8.13328733784e-05, 9.49938475969e-05, 9.58590171649e-05, 0.000211341568502, 9.75519578787e-05, 9.2909707746e-05, 0.000101728393929, 0.000208895347896, 5.50750410184e-05, 3.52197203028e-05, 0.000134990637889, 9.6869225672e-05, 6.57585042063e-05, 2.76165883406e-05, 6.91183595336e-05, 3.21441948472e-05, 3.37043165928e-05, 2.28235785471e-05, 2.12748636841e-05, 8.67593844305e-05, 2.48784344876e-05, 1.34643014462e-05, 2.24426930799e-05, 4.74790031149e-05, 2.28985845752e-05, 3.80955607397e-05, 3.54418698407e-05, 4.3311756599e-05, 2.61572204181e-05, 2.8284108339e-05, 2.18770746869e-05, 1.23029076349e-05, 1.80094066309e-05, 1.97496410692e-05, 1.6784941181e-05, 1.44333862409e-05, 1.45874846567e-05, 1.27084385895e-05, 1.26291361084e-05, 2.28014705499e-05, 2.25369058171e-05, 2.2467736926e-05, 3.88251173717e-05, 2.27316086239e-05, 3.36693374265e-05, 3.90129898733e-05, 3.0444623917e-05, 1.97166100406e-05, 1.37709930641e-05, 1.23437803268e-05, 1.12423440441e-05, 1.30440021167e-05, 9.86162194749e-06, 1.02668082036e-05, 1.5281191736e-05, 1.53574856085e-05, 1.45978056025e-05, 8.18405897007e-06, 8.57466238813e-06, 4.89010517413e-06, 2.53467419498e-06, 2.70649684353e-06, 1.13209644041e-05, 1.41656491905e-05, 5.32356716576e-06, 3.53092468686e-06, 1.97982376449e-06, 1.64932680491e-06, 1.55492500653e-06, 1.279018079e-06, 1.16576836717e-06, 7.78394223744e-07, 7.51834875246e-07, 7.31762611395e-07, 8.30189264889e-07, 1.0887050621e-06, 1.03878655011e-07, 5.46445804162e-08, 4.21789358995e-08, 1.65026676768e-08, 1.05072985035e-10, 1.62405731224e-11, 5.16358180172e-12, 5.03151123196e-12, 4.91496947308e-12, 4.81780587647e-12, 4.73161267112e-12, 4.66207628058e-12, 4.60651048556e-12, 4.56255996525e-12, 4.53834149081e-12]
    },
    "mfcc": {
        "mean": [-711.015686035, 146.245605469, 31.2340717316, 32.2085914612, 4.60366344452, -1.48845481873, 7.18376779556, 1.46939027309, -6.24161958694, 4.95695495605, -1.09213864803, -3.98236989975, -2.65054965019],
        "cov": [[7011.06640625, -2961.94604492, -981.798400879, -96.5152587891, -176.175933838, -383.230834961, -110.040672302, -386.738037109, -243.312210083, 69.2652587891, -165.609893799, -363.242736816, -88.2551574707], [-2961.94604492, 2042.49316406, 47.9669418335, -3.79105234146, 57.4014892578, 141.814071655, 258.891387939, 54.778427124, 48.078918457, 104.236068726, 27.8618030548, 90.5313415527, 79.5973358154], [-981.798400879, 47.9669418335, 875.054260254, -95.9805603027, 109.843482971, 117.921073914, -71.301864624, 165.491088867, 50.6722831726, -50.9327468872, 64.2332077026, 132.551223755, 9.91761684418], [-96.5152587891, -3.79105234146, -95.9805603027, 307.73651123, 1.14481663704, -7.27370023727, -40.9824066162, -2.96806669235, 52.0915641785, -10.9018278122, 9.43002891541, 5.42486000061, 9.66350078583], [-176.175933838, 57.4014892578, 109.843482971, 1.14481663704, 231.462997437, -21.6089553833, -27.3537940979, 18.5888328552, 18.4261169434, 30.6047821045, -21.6334953308, 12.7362747192, 0.934067368507], [-383.230834961, 141.814071655, 117.921073914, -7.27370023727, -21.6089553833, 253.68510437, 35.0613861084, 36.3998031616, 33.4074516296, 7.11313009262, 51.2815361023, 24.5536441803, 19.2799434662], [-110.040672302, 258.891387939, -71.301864624, -40.9824066162, -27.3537940979, 35.0613861084, 211.763824463, -2.84715747833, -10.5906381607, 63.7520866394, 10.0446252823, 10.558889389, 22.1543617249], [-386.738037109, 54.778427124, 165.491088867, -2.96806669235, 18.5888328552, 36.3998031616, -2.84715747833, 147.259033203, 46.6822891235, -46.6361732483, 24.3358631134, 57.0094642639, 13.9038257599], [-243.312210083, 48.078918457, 50.6722831726, 52.0915641785, 18.4261169434, 33.4074516296, -10.5906381607, 46.6822891235, 116.286895752, -1.44322323799, 6.23716163635, 14.8680620193, 19.0605812073], [69.2652587891, 104.236068726, -50.9327468872, -10.9018278122, 30.6047821045, 7.11313009262, 63.7520866394, -46.6361732483, -1.44322323799, 189.159393311, 18.5241928101, -38.0991516113, 20.9614295959], [-165.609893799, 27.8618030548, 64.2332077026, 9.43002891541, -21.6334953308, 51.2815361023, 10.0446252823, 24.3358631134, 6.23716163635, 18.5241928101, 130.251052856, 63.0429954529, -6.90956878662], [-363.242736816, 90.5313415527, 132.551223755, 5.42486000061, 12.7362747192, 24.5536441803, 10.558889389, 57.0094642639, 14.8680620193, -38.0991516113, 63.0429954529, 132.270736694, 5.0714969635], [-88.2551574707, 79.5973358154, 9.91761684418, 9.66350078583, 0.934067368507, 19.2799434662, 22.1543617249, 13.9038257599, 19.0605812073, 20.9614295959, -6.90956878662, 5.0714969635, 77.2114181519]],
        "icov": [[0.000830504053738, 0.00126065895893, 0.000586448644754, 0.000280993554043, -9.3043090601e-05, 0.000209947465919, -0.000765312695876, 0.000630654976703, 0.000481351540657, -0.000278074439848, 0.000114625559945, 0.000406964391004, -0.000465898163384], [0.00126065895893, 0.00255111185834, 0.000909182068426, 0.000363820290659, -0.000330487207975, 7.44331046008e-05, -0.00184433266986, 0.000905811262783, 0.000631742877886, -0.000597294420004, 0.000391021254472, 0.000172504238435, -0.000969929737039], [0.000586448644754, 0.000909182068426, 0.002349474933, 0.000913371506613, -0.000722187163774, -0.000587665999774, 0.000383393169614, -0.00100827345159, 0.000315378420055, -0.000451403408078, 0.00012932610116, -0.00103548681363, -0.000331729737809], [0.000280993554043, 0.000363820290659, 0.000913371506613, 0.00408084085211, -0.000169669889146, 0.000131166394567, 0.000748545862734, 0.000544060545508, -0.00176955759525, 0.000112265945063, -0.000490233651362, -0.00037290333421, -0.000638412486296], [-9.3043090601e-05, -0.000330487207975, -0.000722187163774, -0.000169669889146, 0.00544358137995, 0.000530795543455, 0.00113085540943, -0.00047446496319, -0.000489054247737, -0.00193408597261, 0.00198120973073, -0.00128489278723, 0.000818401866127], [0.000209947465919, 7.44331046008e-05, -0.000587665999774, 0.000131166394567, 0.000530795543455, 0.0051306844689, -0.000974482914899, 0.000190568040125, -0.00101854780223, 0.000402992620366, -0.00207768706605, 0.00135865516495, -0.000953100272454], [-0.000765312695876, -0.00184433266986, 0.000383393169614, 0.000748545862734, 0.00113085540943, -0.000974482914899, 0.00792560633272, -0.00158594222739, 0.000349596550222, -0.00227001751773, 0.00079907925101, -0.00220046006143, -0.000129241598188], [0.000630654976703, 0.000905811262783, -0.00100827345159, 0.000544060545508, -0.00047446496319, 0.000190568040125, -0.00158594222739, 0.0118808634579, -0.0032179763075, 0.00255352864042, -0.000853052188177, -0.00131221592892, -0.00176674348768], [0.000481351540657, 0.000631742877886, 0.000315378420055, -0.00176955759525, -0.000489054247737, -0.00101854780223, 0.000349596550222, -0.0032179763075, 0.0118954069912, -0.00103438203223, 0.000648059882224, 0.000366423686501, -0.00180246995296], [-0.000278074439848, -0.000597294420004, -0.000451403408078, 0.000112265945063, -0.00193408597261, 0.000402992620366, -0.00227001751773, 0.00255352864042, -0.00103438203223, 0.00871479231864, -0.00399147067219, 0.00390081130899, -0.00226784474216], [0.000114625559945, 0.000391021254472, 0.00012932610116, -0.000490233651362, 0.00198120973073, -0.00207768706605, 0.00079907925101, -0.000853052188177, 0.000648059882224, -0.00399147067219, 0.0130903394893, -0.00713085988536, 0.00275527616031], [0.000406964391004, 0.000172504238435, -0.00103548681363, -0.00037290333421, -0.00128489278723, 0.00135865516495, -0.00220046006143, -0.00131221592892, 0.000366423686501, 0.00390081130899, -0.00713085988536, 0.014773607254, -0.0017469873419], [-0.000465898163384, -0.000969929737039, -0.000331729737809, -0.000638412486296, 0.000818401866127, -0.000953100272454, -0.000129241598188, -0.00176674348768, -0.00180246995296, -0.00226784474216, 0.00275527616031, -0.0017469873419, 0.015546602197]]
    },
    "spectral_contrast_coeffs": {
        "max": [-0.325152337551, -0.469447553158, -0.548160731792, -0.587887763977, -0.611882269382, -0.524113237858],
        "mean": [-0.707603991032, -0.73562002182, -0.744579493999, -0.784719109535, -0.796125948429, -0.809083521366],
        "min": [-0.917607903481, -0.921235203743, -0.92171216011, -0.911819279194, -0.906413853168, -0.933100521564],
        "stdev": [0.0889190584421, 0.0731096342206, 0.0648576691747, 0.0624058395624, 0.0531838908792, 0.0459329225123]
    },
    "spectral_contrast_valleys": {
        "max": [-4.75278997421, -5.42463541031, -6.04579591751, -6.41708517075, -5.78093004227, -7.32457542419],
        "mean": [-6.42194604874, -7.15288686752, -8.40142822266, -8.80921936035, -8.47045135498, -10.7537841797],
        "min": [-8.92009449005, -9.0639629364, -10.1698760986, -10.8242835999, -10.4614992142, -12.9425363541],
        "stdev": [0.536231279373, 0.544226884842, 0.70375418663, 0.85198122263, 1.07294499874, 1.21901357174]
    }
},
"rhythm": {
    "beats_count": 54,
    "beats_loudness": {
        "max": 0.0630681663752,
        "mean": 0.0295854452997,
        "min": 0.00376367289573,
        "stdev": 0.0171931218356
    },
    "bpm": 101.358787537,
    "bpm_histogram_first_peak_bpm": 101,
    "bpm_histogram_first_peak_weight": 0.379999995232,
    "bpm_histogram_second_peak_bpm": 96,
    "bpm_histogram_second_peak_spread": 0,
    "bpm_histogram_second_peak_weight": 0.0566037744284,
    "danceability": 1.05564272404,
    "onset_rate": 3.16845679283,
    "beats_loudness_band_ratio": {
        "max": [0.979237914085, 0.824999272823, 0.316508233547, 0.358155220747, 0.170805245638, 0.837999105453],
        "mean": [0.531646490097, 0.281386524439, 0.0860437825322, 0.043924279511, 0.0297899041325, 0.0567973852158],
        "min": [0.0542004071176, 0.0106531791389, 0.00241248309612, 0.000420854659751, 0.000177792884642, 0.000324093940435],
        "stdev": [0.281523615122, 0.200430855155, 0.0878462120891, 0.0598199702799, 0.0429632291198, 0.1222698614]
    },
    "beats_position": [0.603718817234, 1.20743763447, 1.78793644905, 2.38004541397, 2.97215414047, 3.55265307426, 4.14476203918, 4.73687076569, 5.32897949219, 5.92108821869, 6.51319694519, 7.0936961174, 7.6858048439, 8.26630401611, 8.85841274261, 9.46213150024, 10.077460289, 10.7043991089, 11.3313379288, 11.9582767487, 12.5736055374, 13.1889343262, 13.8042631149, 14.4195919037, 15.0117006302, 15.6038093567, 16.1959171295, 16.7880268097, 17.3801364899, 17.9722442627, 18.5643539429, 19.1564617157, 19.7369613647, 20.3174591064, 20.9095687866, 21.5016784668, 22.0821762085, 22.6742858887, 23.2663936615, 23.8585033417, 24.4506111145, 25.0311107635, 25.6232185364, 26.2153282166, 26.7958278656, 27.3763256073, 27.9684352875, 28.5605430603, 29.1410427094, 29.7331504822, 30.3252601624, 30.9057598114, 31.4978675842, 32.0899772644],
