{
"metadata": {
    "version": {
        "essentia": "2.1-beta5",
        "essentia_git_sha": "Undefined",
        "extractor": "music 2.0"
    },
    "audio_properties": {
        "analysis": {
            "equal_loudness": 0,
            "length": 32.7053070068,
            "sample_rate": 44100,
            "start_time": 158.998641968,
            "downmix": "mix"
        },
        "bit_rate": 192000,
        "length": 191.727172852,
        "lossless": 0,
        "number_channels": 2,
        "replay_gain": -0.0515213012695,
        "sample_rate": 44100,
        "codec": "mp3",
        "md5_encoded": "468da86eaba86079e2625aa5ecdfcb34"
    },
    "tags": {
        "file_name": "Ireland_Is Always Over Now_Dawn.mp3",
        "encoding": ["Lavf58.29.100"]
    }
},
"lowlevel": {
    "average_loudness": 0.963468432426,
    "barkbands_crest": {
        "max": 22.541343689,
        "mean": 8.11810493469,
        "min": 2.5773999691,
        "stdev": 3.40018749237
    },
    "barkbands_flatness_db": {
        "max": 0.249120444059,
        "mean": 0.126082167029,
        "min": 0.0369832143188,
        "stdev": 0.0317748561502
    },
    "barkbands_kurtosis": {
        "max": 28.6414012909,
        "mean": 0.996691524982,
        "min": -1.70348763466,
        "stdev": 3.04276514053
    },
    "barkbands_skewness": {
        "max": 4.39345788956,
        "mean": 0.644789516926,
        "min": -1.25478494167,
        "stdev": 0.889876425266
    },
    "barkbands_spread": {
        "max": 70.2292480469,
        "mean": 22.1999549866,
        "min": 3.94759345055,
        "stdev": 9.79271125793
    },
    "dissonance": {
        "max": 0.500000119209,
        "mean": 0.468347907066,
        "min": 0.359800219536,
        "stdev": 0.0254809577018
    },
    "dynamic_complexity": 2.1214723587,
    "erbbands_crest": {
        "max": 26.3469791412,
        "mean": 8.87713432312,
        "min": 2.85181188583,
        "stdev": 3.8525724411
    },
    "erbbands_flatness_db": {
        "max": 0.286785393953,
        "mean": 0.18519897759,
        "min": 0.0682626962662,
        "stdev": 0.0366881340742
    },
    "erbbands_kurtosis": {
        "max": 10.2989120483,
        "mean": -0.0505614802241,
        "min": -1.61561381817,
        "stdev": 1.13544392586
    },
    "erbbands_skewness": {
        "max": 2.33263230324,
        "mean": 0.211386501789,
        "min": -1.66914272308,
        "stdev": 0.546766936779
    },
    "erbbands_spread": {
        "max": 105.872993469,
        "mean": 30.7616405487,
        "min": 8.12543582916,
        "stdev": 14.2756614685
    },
    "hfc": {
        "max": 113.340606689,
        "mean": 27.2768554688,
        "min": 7.55561728738e-08,
        "stdev": 17.3414096832
    },
    "loudness_ebu128": {
        "integrated": -23.9419136047,
        "loudness_range": 4.26884841919,
        "momentary": {
            "max": -21.1813373566,
            "mean": -24.3967723846,
            "min": -31.3651027679,
            "stdev": 2.1565015316
        },
        "short_term": {
            "max": -21.908411026,
            "mean": -24.0847816467,
            "min": -28.4117336273,
            "stdev": 1.47534883022
        }
    },
    "melbands_crest": {
        "max": 29.5570678711,
        "mean": 10.7694768906,
        "min": 3.04173541069,
        "stdev": 4.74367284775
    },
    "melbands_flatness_db": {
        "max": 0.362235814333,
        "mean": 0.155149966478,
        "min": 0.0507015660405,
        "stdev": 0.0606963187456
    },
    "melbands_kurtosis": {
        "max": 112.982192993,
        "mean": 4.35715818405,
        "min": -1.41965460777,
        "stdev": 7.9515080452
    },
    "melbands_skewness": {
        "max": 8.4491891861,
        "mean": 1.37231433392,
        "min": -0.656973004341,
        "stdev": 1.16820371151
    },
    "melbands_spread": {
        "max": 85.1791763306,
        "mean": 31.8687496185,
        "min": 3.50799012184,
        "stdev": 13.4472951889
    },
    "pitch_salience": {
        "max": 0.905952334404,
        "mean": 0.584877490997,
        "min": 0.273267865181,
        "stdev": 0.126407653093
    },
    "silence_rate_20dB": {
        "max": 1,
        "mean": 1,
        "min": 1,
        "stdev": 0
    },
    "silence_rate_30dB": {
        "max": 1,
        "mean": 1,
        "min": 1,
        "stdev": 0
    },
    "silence_rate_60dB": {
        "max": 1,
        "mean": 0.00283687934279,
        "min": 0,
        "stdev": 0.0531867668033
    },
    "spectral_centroid": {
        "max": 3187.39135742,
        "mean": 1887.80200195,
        "min": 377.61505127,
        "stdev": 673.223327637
    },
    "spectral_complexity": {
        "max": 58,
        "mean": 25.4546108246,
        "min": 0,
        "stdev": 10.4415788651
    },
    "spectral_decrease": {
        "max": -9.06776480586e-19,
        "mean": -5.50504575259e-09,
        "min": -2.02058210164e-08,
        "stdev": 2.75666200977e-09
    },
    "spectral_energy": {
        "max": 0.0854021534324,
        "mean": 0.0232514347881,
        "min": 1.02755460391e-11,
        "stdev": 0.01151018776
    },
    "spectral_energyband_high": {
        "max": 0.0111750019714,
        "mean": 0.00104423775338,
        "min": 5.05600466008e-12,
        "stdev": 0.00110514904372
    },
    "spectral_energyband_low": {
        "max": 0.0193926654756,
        "mean": 0.00348697183654,
        "min": 2.90469335867e-13,
        "stdev": 0.00318060442805
    },
    "spectral_energyband_middle_high": {
        "max": 0.055982850492,
        "mean": 0.0104134837165,
        "min": 1.47326129161e-12,
        "stdev": 0.00834950897843
    },
    "spectral_energyband_middle_low": {
        "max": 0.0592146255076,
        "mean": 0.00911562051624,
        "min": 2.9501069556e-12,
        "stdev": 0.00782574992627
    },
    "spectral_entropy": {
        "max": 8.62121391296,
        "mean": 7.57600831985,
        "min": 6.63048315048,
        "stdev": 0.358340501785
    },
    "spectral_flux": {
        "max": 0.263059228659,
        "mean": 0.080639578402,
        "min": 0.00347800273448,
        "stdev": 0.034321565181
    },
    "spectral_kurtosis": {
        "max": 17.112165451,
        "mean": 4.32671403885,
        "min": -0.24924325943,
        "stdev": 2.10078716278
    },
    "spectral_rms": {
        "max": 0.009127933532,
        "mean": 0.00461427355185,
        "min": 1.00124537994e-07,
        "stdev": 0.00118017697241
    },
    "spectral_rolloff": {
        "max": 16602.0996094,
        "mean": 2113.63037109,
        "min": 129.19921875,
        "stdev": 1204.21154785
    },
    "spectral_skewness": {
        "max": 2.91457629204,
        "mean": 1.38265264034,
        "min": 0.246480330825,
        "stdev": 0.360110759735
    },
    "spectral_spread": {
        "max": 10849548,
        "mean": 3740538,
        "min": 2194265.75,
        "stdev": 1077578.25
    },
    "spectral_strongpeak": {
        "max": 9.98959350586,
        "mean": 1.50462841988,
        "min": 2.06734853236e-06,
        "stdev": 1.46209347248
    },
    "zerocrossingrate": {
        "max": 0.1591796875,
        "mean": 0.0730250552297,
        "min": 0.00927734375,
        "stdev": 0.0282308384776
    },
    "barkbands": {
        "max": [0.00258479313925, 0.0165360607207, 0.0118033997715, 0.0241493098438, 0.0494548529387, 0.018140617758, 0.0281324498355, 0.0391642637551, 0.035167593509, 0.0373405963182, 0.0358393676579, 0.0196819715202, 0.0155780036002, 0.0231451764703, 0.0116654438898, 0.0255032684654, 0.00847230479121, 0.0138616785407, 0.00757359433919, 0.00564651237801, 0.00282076816075, 0.00466441176832, 0.00236987136304, 0.00246667978354, 0.000697720213793, 0.00041734916158, 3.16861871852e-07],
        "mean": [0.000165094505064, 0.00247056293301, 0.000610967283137, 0.000526315241586, 0.00262819160707, 0.00157029542606, 0.000884430541191, 0.000735954614356, 0.00180766533595, 0.00222037965432, 0.00183921516873, 0.000958915741649, 0.000975098111667, 0.00085532409139, 0.000841034227051, 0.000576007936615, 0.000762488052715, 0.000706499035005, 0.000624659238383, 0.000848812516779, 0.000253836566117, 0.000153403889271, 0.000108674452349, 7.47555823182e-05, 3.84336999559e-05, 1.43806882988e-05, 2.66204889243e-08],
        "min": [2.18790185757e-14, 1.70680621871e-13, 4.33769095946e-14, 1.2398675836e-13, 1.89642857082e-13, 2.39090133325e-13, 1.13097487105e-12, 6.92855657829e-13, 5.35319835335e-13, 4.97639412046e-14, 4.31492915129e-14, 1.07905471938e-13, 6.97286602373e-14, 8.4821493091e-14, 2.22270864366e-13, 1.20812878473e-13, 2.35430761258e-13, 3.40538009033e-13, 1.23120507929e-13, 4.41556134104e-13, 2.75771809902e-13, 2.7179858841e-13, 4.28319516356e-13, 4.82732614732e-13, 1.04704775666e-12, 9.17703413261e-13, 1.36495903556e-12],
        "stdev": [0.000344612257322, 0.00239606713876, 0.00111786765046, 0.0013231971534, 0.00444221682847, 0.00235031405464, 0.00154477579053, 0.00253151590005, 0.00306606129743, 0.00380246667191, 0.0037423290778, 0.00153334252536, 0.00151793810073, 0.001494758646, 0.0011231219396, 0.00107677665073, 0.00101929530501, 0.0010913668666, 0.000720128475223, 0.0010296975961, 0.000306044064928, 0.000266504648607, 0.000188872421859, 0.000177165624336, 6.92079483997e-05, 3.6621993786e-05, 3.09834113921e-08]
    },
    "erbbands": {
        "max": [0.506571173668, 3.53762531281, 11.2365598679, 46.3003311157, 99.7341461182, 251.827148438, 123.593208313, 223.759857178, 391.20223999, 631.002929688, 900.775268555, 720.564331055, 1071.12878418, 1640.50927734, 1342.05004883, 682.085998535, 808.288269043, 1342.18041992, 904.971496582, 1178.45410156, 673.588989258, 541.133789062, 777.611328125, 355.741973877, 459.081726074, 373.460388184, 124.454734802, 126.129234314, 174.181060791, 122.695289612, 85.2596740723, 75.347869873, 28.3654937744, 6.9369020462, 6.01605224609, 2.50671434402, 0.733480215073, 0.0381868220866, 0.000836280989461, 0.000127346545924],
        "mean": [0.0860402137041, 0.491605728865, 0.750831007957, 1.33675432205, 4.12846231461, 12.4101800919, 9.60368156433, 12.3843135834, 13.2018795013, 14.1492481232, 19.8446006775, 40.7802429199, 69.7261505127, 83.1050338745, 41.7036781311, 41.4018745422, 45.0635070801, 45.2560958862, 42.8317070007, 40.3529434204, 32.3921318054, 45.8424568176, 41.102104187, 32.1307296753, 34.44764328, 40.78647995, 16.780002594, 8.33385944366, 5.74194526672, 4.14930820465, 3.00727772713, 1.93297433853, 1.04759740829, 0.491688728333, 0.23850402236, 0.0940958335996, 0.0232510212809, 0.00110951252282, 4.24062782258e-05, 3.16245204885e-05],
        "min": [6.35033518825e-12, 3.22498555638e-11, 5.10405988308e-11, 2.48554038462e-10, 5.71435843089e-10, 6.28208651765e-10, 5.5177851177e-10, 2.81975376382e-09, 1.12193889734e-08, 2.00578291754e-08, 1.58709951847e-08, 1.03775041893e-08, 4.72942573992e-09, 1.63977587064e-09, 1.99703076298e-09, 3.98906463417e-09, 3.68504182724e-09, 4.16202361464e-09, 9.77393366242e-09, 7.55791429441e-09, 7.64736807213e-09, 1.38764733038e-08, 1.91231386282e-08, 1.17450893455e-08, 8.25322477027e-09, 1.99136227508e-08, 1.21011671794e-08, 1.2839755037e-08, 8.01711141918e-09, 1.04204476159e-08, 1.56035859789e-08, 6.57231957746e-09, 1.13327338624e-08, 9.18013576268e-09, 8.34850766296e-09, 3.47713791093e-09, 2.00461780508e-09, 6.91983803591e-10, 1.97155791692e-10, 1.96616768006e-11],
        "stdev": [0.0957742184401, 0.497392624617, 1.09593951702, 2.84863376617, 6.76270961761, 23.3806838989, 12.8655529022, 21.4478588104, 24.4961185455, 36.0776519775, 50.8101539612, 71.2241897583, 116.635032654, 149.652877808, 72.7387008667, 58.3690757751, 66.51953125, 77.2716140747, 61.9483108521, 62.5081939697, 46.3985176086, 59.2037010193, 62.9707870483, 35.7524147034, 35.826499939, 55.0957145691, 17.2648944855, 11.3239412308, 10.2137479782, 7.00868415833, 5.36205291748, 4.87791061401, 2.09649777412, 0.789321005344, 0.50754493475, 0.226906239986, 0.0625400170684, 0.00290372013114, 6.80654484313e-05, 1.65136534633e-05]
    },
    "gfcc": {
        "mean": [9.47380065918, 84.4365005493, -154.721191406, 33.0046806335, -63.2113304138, 15.1869268417, -30.3430957794, 12.6931238174, -28.3564014435, -0.13824005425, -11.7315702438, 0.494795769453, -4.10211849213],
        "cov": [[2706.05810547, -317.735626221, 18.3537979126, 41.7319335938, -302.588623047, 114.351043701, -120.950119019, 58.6211853027, -253.772201538, 17.9921588898, -57.8041000366, -61.8375892639, -32.3701629639], [-317.735626221, 1740.9699707, 1065.08898926, 254.810165405, 252.035598755, -129.382446289, 216.673568726, -47.5980758667, 12.9170427322, -60.3124771118, 282.593780518, -10.5849256516, 71.1739959717], [18.3537979126, 1065.08898926, 1421.33459473, 333.065734863, 65.6677627563, -11.5578594208, 13.5980319977, 38.4968910217, -30.8159408569, 53.5904121399, 170.500747681, 49.3404159546, 12.4908370972], [41.7319335938, 254.810165405, 333.065734863, 258.590911865, 34.6059837341, -18.1576709747, 35.9838371277, -10.6800298691, -33.6904335022, -11.876865387, 61.8636550903, -0.460264950991, 32.9183120728], [-302.588623047, 252.035598755, 65.6677627563, 34.6059837341, 170.69732666, -13.8812713623, 60.7624931335, -12.6177845001, 0.234291851521, -19.7036323547, 21.9410266876, 7.60936307907, 18.4311618805], [114.351043701, -129.382446289, -11.5578594208, -18.1576709747, -13.8812713623, 153.452804565, 57.9449081421, 6.05648326874, -27.5549144745, 15.0341691971, -21.0257434845, -1.03202342987, 2.41853189468], [-120.950119019, 216.673568726, 13.5980319977, 35.9838371277, 60.7624931335, 57.9449081421, 247.872695923, 27.7334842682, -80.865562439, -28.2420158386, 80.019569397, -31.7371063232, 43.7053794861], [58.6211853027, -47.5980758667, 38.4968910217, -10.6800298691, -12.6177845001, 6.05648326874, 27.7334842682, 96.9710464478, 1.37469828129, 27.292383194, 18.3301734924, -1.31339001656, 0.664657533169], [-253.772201538, 12.9170427322, -30.8159408569, -33.6904335022, 0.234291851521, -27.5549144745, -80.865562439, 1.37469828129, 171.489517212, 40.6829490662, -17.8573417664, 23.1069927216, -12.9686222076], [17.9921588898, -60.3124771118, 53.5904121399, -11.876865387, -19.7036323547, 15.0341691971, -28.2420158386, 27.292383194, 40.6829490662, 93.094291687, 28.5315990448, 15.4487257004, -13.0266799927], [-57.8041000366, 282.593780518, 170.500747681, 61.8636550903, 21.9410266876, -21.0257434845, 80.019569397, 18.3301734924, -17.8573417664, 28.5315990448, 155.996551514, 16.222492218, 15.7619819641], [-61.8375892639, -10.5849256516, 49.3404159546, -0.460264950991, 7.60936307907, -1.03202342987, -31.7371063232, -1.31339001656, 23.1069927216, 15.4487257004, 16.222492218, 65.3167724609, 9.43435096741], [-32.3701629639, 71.1739959717, 12.4908370972, 32.9183120728, 18.4311618805, 2.41853189468, 43.7053794861, 0.664657533169, -12.9686222076, -13.0266799927, 15.7619819641, 9.43435096741, 68.4499435425]],
        "icov": [[0.00110112666152, -0.00210877135396, 0.00179994350765, -0.00165251805447, 0.00285559566692, -0.00212759780698, 0.00257624383084, -0.00267191650346, 0.00365421851166, -0.00222965772264, 0.00209229555912, -0.00124295405112, 0.000824477348942], [-0.00210877135396, 0.00989144016057, -0.00825068820268, 0.0066603035666, -0.00963357742876, 0.00742476386949, -0.00803477875888, 0.0102129373699, -0.0116939563304, 0.0100571690127, -0.0106394207105, 0.00849784631282, -0.00463992962614], [0.00179994350765, -0.00825068820268, 0.00809166673571, -0.0070392107591, 0.00769009348005, -0.00662344507873, 0.00734730996192, -0.00917180255055, 0.0100331483409, -0.00859578698874, 0.00795798655599, -0.00753418775275, 0.00437100417912], [-0.00165251805447, 0.0066603035666, -0.0070392107591, 0.0111378645524, -0.00706763099879, 0.00556178996339, -0.00539764435962, 0.00824469234794, -0.00781647674739, 0.00760492496192, -0.00830705277622, 0.00723599735647, -0.00582382688299], [0.00285559566692, -0.00963357742876, 0.00769009348005, -0.00706763099879, 0.0178872402757, -0.00616067275405, 0.00547767709941, -0.00898780114949, 0.0116638168693, -0.00938523560762, 0.011424918659, -0.00981085468084, 0.00449915556237], [-0.00212759780698, 0.00742476386949, -0.00662344507873, 0.00556178996339, -0.00616067275405, 0.0159489996731, -0.0120444763452, 0.00961727742106, -0.00859602354467, 0.00320944353007, -0.00277778180316, 0.00284193875268, -0.00226998678409], [0.00257624383084, -0.00803477875888, 0.00734730996192, -0.00539764435962, 0.00547767709941, -0.0120444763452, 0.0189809463918, -0.0121755274013, 0.0128785166889, -0.00433185184374, 0.00128001987468, -2.13180665014e-05, -0.000898853584658], [-0.00267191650346, 0.0102129373699, -0.00917180255055, 0.00824469234794, -0.00898780114949, 0.00961727742106, -0.0121755274013, 0.0236650537699, -0.01301479619, 0.00600873911753, -0.00966486148536, 0.00814307015389, -0.0047687147744], [0.00365421851166, -0.0116939563304, 0.0100331483409, -0.00781647674739, 0.0116638168693, -0.00859602354467, 0.0128785166889, -0.01301479619, 0.0239557344466, -0.0155190927908, 0.0129519961774, -0.0102977761999, 0.00490420171991], [-0.00222965772264, 0.0100571690127, -0.00859578698874, 0.00760492496192, -0.00938523560762, 0.00320944353007, -0.00433185184374, 0.00600873911753, -0.0155190927908, 0.0280483234674, -0.0168713163584, 0.00876407697797, -0.00340465735644], [0.00209229555912, -0.0106394207105, 0.00795798655599, -0.00830705277622, 0.011424918659, -0.00277778180316, 0.00128001987468, -0.00966486148536, 0.0129519961774, -0.0168713163584, 0.0249830838293, -0.0144785903394, 0.00637925229967], [-0.00124295405112, 0.00849784631282, -0.00753418775275, 0.00723599735647, -0.00981085468084, 0.00284193875268, -2.13180665014e-05, 0.00814307015389, -0.0102977761999, 0.00876407697797, -0.0144785903394, 0.0292085241526, -0.0100279217586], [0.000824477348942, -0.00463992962614, 0.00437100417912, -0.00582382688299, 0.00449915556237, -0.00226998678409, -0.000898853584658, -0.0047687147744, 0.00490420171991, -0.00340465735644, 0.00637925229967, -0.0100279217586, 0.0215101726353]]
    },
    "melbands": {
        "max": [0.00473010633141, 0.00394726498052, 0.00802162569016, 0.0118411621079, 0.00509589817375, 0.00464246096089, 0.00520175136626, 0.00563378073275, 0.0060236537829, 0.00466107670218, 0.00570927513763, 0.00620572036132, 0.0036851761397, 0.0028185127303, 0.00167583208531, 0.00184262671974, 0.00297308550216, 0.00182637141552, 0.000915479031391, 0.0025090794079, 0.000419550546212, 0.000715071975719, 0.00078138615936, 0.000773914216552, 0.000277480372461, 0.00048346404219, 0.000168257261976, 0.000258614891209, 0.000105423845525, 7.77073364588e-05, 7.01203462086e-05, 0.000101839665149, 8.02094436949e-05, 6.0295991716e-05, 5.35857507202e-05, 4.49436520285e-05, 4.70888371638e-05, 2.54059159488e-05, 7.3880491982e-06, 6.93743413649e-06],
        "mean": [0.000733040389605, 0.000473209802294, 0.000289747229544, 0.000618501740973, 0.000371404952602, 0.000290851370664, 0.000198470515897, 0.000156831811182, 0.000177492547664, 0.000268913689069, 0.000345302920323, 0.000328426336637, 0.000182152201887, 8.81786108948e-05, 0.000124969970784, 9.27664368646e-05, 8.31835641293e-05, 6.71728121233e-05, 6.62003949401e-05, 4.40582007286e-05, 3.50673981302e-05, 4.94929845445e-05, 3.90006462112e-05, 3.21858715324e-05, 2.48629439739e-05, 2.48785181611e-05, 2.75282382063e-05, 2.66134211415e-05, 1.21709090308e-05, 5.92639116803e-06, 4.28034127253e-06, 3.3731921576e-06, 2.59570128947e-06, 2.14544525079e-06, 1.79673872935e-06, 1.39296548696e-06, 1.1065368426e-06, 8.00054749561e-07, 5.07170796027e-07, 3.82909689733e-07],
        "min": [5.30325600329e-14, 3.37173356997e-14, 5.32277130358e-14, 4.35136986393e-14, 2.11068159071e-14, 6.27360102344e-14, 1.91786826221e-13, 2.02810234969e-13, 1.32792648405e-13, 6.06231644745e-14, 2.18749341828e-14, 5.51960465045e-15, 6.22037067783e-15, 9.19986200935e-15, 1.22133960185e-14, 6.30842356434e-15, 7.35701731876e-15, 1.40059718448e-14, 1.6591222279e-14, 5.57643886715e-15, 9.5510189994e-15, 1.26370039717e-14, 1.63052232984e-14, 1.6856435071e-14, 8.52558481982e-15, 5.05783828651e-15, 6.82575656018e-15, 1.64963664473e-14, 9.49928730918e-15, 5.80616224926e-15, 8.12368632108e-15, 3.81409025863e-15, 5.9862943934e-15, 5.26680851438e-15, 1.03911418519e-14, 3.64194140001e-15, 4.23781171423e-15, 9.98274915151e-15, 4.39959543067e-15, 8.85421750973e-15],
        "stdev": [0.000735644018278, 0.00051046529552, 0.00052408548072, 0.001083635143, 0.0004880753404, 0.000481834576931, 0.000347282039002, 0.000446310732514, 0.000406150677009, 0.000473128195154, 0.000597834587097, 0.000587767688558, 0.000330944574671, 0.000171951760422, 0.000179719761945, 0.000173496358912, 0.000155022687977, 0.000110776876681, 8.74784091138e-05, 9.43074628594e-05, 5.07273944095e-05, 6.74869952491e-05, 6.22787410975e-05, 5.24597271578e-05, 2.87130987999e-05, 3.65723462892e-05, 3.03548022202e-05, 3.76575808332e-05, 1.39301664603e-05, 7.70843689679e-06, 6.4157907218e-06, 6.22513198323e-06, 4.41972542831e-06, 3.76970933758e-06, 3.13780242323e-06, 2.96884172712e-06, 3.10594919029e-06, 1.70781663655e-06, 8.03918510428e-07, 6.59042257212e-07]
    },
    "melbands128": {
        "max": [0.00221928046085, 0.00420836918056, 0.0077948612161, 0.00566020421684, 0.00549881346524, 0.00660146865994, 0.0106564033777, 0.0118538029492, 0.00990659091622, 0.0156332887709, 0.0186441987753, 0.00776287680492, 0.00463027879596, 0.00565554667264, 0.00706183724105, 0.00907278526574, 0.0124107999727, 0.00446162745357, 0.00837616249919, 0.0111159821972, 0.00890219956636, 0.0155054433271, 0.00632962817326, 0.0131338378415, 0.00737902661785, 0.00943972822279, 0.00545839034021, 0.00820659473538, 0.0110872751102, 0.00937317311764, 0.0141578316689, 0.00945067126304, 0.0058626011014, 0.00813493039459, 0.0065290927887, 0.00341270933859, 0.0034260423854, 0.00316558149643, 0.00213892711326, 0.00423006014898, 0.00241973507218, 0.00367124495097, 0.00536101358011, 0.00259531242773, 0.00289431563579, 0.00338764255866, 0.00185757060535, 0.00182367826346, 0.00192017457448, 0.00223674764857, 0.0041946163401, 0.00107085192576, 0.000827866839245, 0.000876021280419, 0.000876660167705, 0.00154943810776, 0.000658939825371, 0.00109016592614, 0.00151074549649, 0.00124570878688, 0.000961717509199, 0.000586007256061, 0.000554092752282, 0.000362900143955, 0.000483156560222, 0.000898902944755, 0.000636056531221, 0.000187583398656, 0.000343152118148, 0.00059262115974, 0.000652533897664, 0.000377238553483, 0.000246934854658, 0.000163954668096, 0.000188182370039, 0.000105231360067, 0.000119432566862, 0.000164013908943, 8.55002290336e-05, 0.000113101254101, 6.78273136145e-05, 0.000197147062863, 6.66702180752e-05, 4.39685536548e-05, 0.000115554263175, 6.19349666522e-05, 5.45408001926e-05, 5.40825640201e-05, 4.1725441406e-05, 8.93380129128e-05, 4.11768560298e-05, 4.82153882331e-05, 7.57029483793e-05, 5.38755921298e-05, 6.48217537673e-05, 3.87871587009e-05, 2.12295144593e-05, 1.19736496345e-05, 9.27722703636e-06, 6.32007504464e-06, 6.7095538725e-06, 1.00838633443e-05, 1.24003936435e-05, 1.00431752799e-05, 5.28402097189e-06, 1.31320093715e-05, 1.05300205178e-05, 7.23244556866e-06, 7.1917729656e-06, 2.97311498798e-06, 3.08250287162e-06, 3.64806419384e-06, 2.71758585768e-06, 1.62239075507e-06, 6.92013657044e-07, 7.01948295045e-08, 1.08376738694e-08, 3.0123167849e-10, 3.66023988896e-10, 4.31855912142e-10, 4.60165766603e-10, 4.77860029324e-10, 4.90637641626e-10, 5.05858410715e-10, 5.07053565801e-10, 5.18710019382e-10, 5.29451094078e-10, 5.32124400099e-10],
        "mean": [0.000154373978148, 0.000694009358995, 0.00102238473482, 0.000736977613997, 0.000422237353632, 0.000288671639282, 0.000254637619946, 0.000270150980214, 0.000333439616952, 0.000724894111045, 0.000837060506456, 0.000307277281536, 0.000306328263832, 0.000351062772097, 0.00026373777655, 0.000280874344753, 0.000267141556833, 0.000143027849845, 0.000184791075299, 0.000138894916745, 0.000172007115907, 0.000126805927721, 0.000169856793946, 0.000244724447839, 0.000228092831094, 0.000320023827953, 0.000264185568085, 0.000451774976682, 0.000295035453746, 0.000219460038352, 0.000425789359724, 0.000391271227272, 0.000106540457637, 9.84604994301e-05, 7.58153473726e-05, 7.91479833424e-05, 0.000110588036478, 0.000177075606189, 8.59526844579e-05, 8.41547152959e-05, 0.000115049522719, 6.83546822984e-05, 8.72717864695e-05, 8.85963236215e-05, 6.89970547683e-05, 6.66559499223e-05, 5.68803588976e-05, 8.08902550489e-05, 6.33388190181e-05, 4.32684500993e-05, 4.56078523712e-05, 4.00260287279e-05, 3.24929314957e-05, 3.54748299287e-05, 3.54372314177e-05, 6.47474225843e-05, 4.61556774098e-05, 3.28102833009e-05, 3.90861168853e-05, 4.53068678326e-05, 3.01271702483e-05, 2.36807245528e-05, 2.87398033834e-05, 2.35318821069e-05, 2.1921860025e-05, 2.84300040221e-05, 2.38117445406e-05, 2.11771057366e-05, 2.76628543361e-05, 3.76999705622e-05, 2.78729530692e-05, 2.15425152419e-05, 1.81571540452e-05, 8.95074754226e-06, 7.44876660974e-06, 5.93618142375e-06, 5.42558291272e-06, 5.14066505275e-06, 3.98076826968e-06, 3.61903789781e-06, 3.43964734384e-06, 3.51405151378e-06, 2.70636132882e-06, 2.36086884797e-06, 2.72181341643e-06, 2.19768571696e-06, 2.02759429158e-06, 1.80470397027e-06, 1.88802073353e-06, 1.70101941421e-06, 1.50104494878e-06, 1.30950513721e-06, 1.17325691917e-06, 1.15976411053e-06, 1.057598638e-06, 8.82257324974e-07, 7.85986230767e-07, 5.91364596403e-07, 5.31022465111e-07, 4.35523872966e-07, 4.19146800823e-07, 3.53956409072e-07, 3.78686820568e-07, 3.1343464002e-07, 2.33276736594e-07, 2.52448330684e-07, 2.28784358569e-07, 1.70358163132e-07, 1.81870063898e-07, 1.13652518507e-07, 1.15015858171e-07, 1.05541460016e-07, 7.43748671539e-08, 3.74028026329e-08, 1.63275846177e-08, 2.75158806851e-09, 9.5642993525e-10, 7.36804194046e-12, 4.74826645017e-12, 4.72175467128e-12, 4.66353605039e-12, 4.6201744687e-12, 4.53046974935e-12, 4.44037862035e-12, 4.43621224824e-12, 4.41429098136e-12, 4.41458892012e-12, 4.37015918245e-12],
        "min": [2.17690974161e-14, 5.47450133186e-14, 6.67694794853e-14, 4.948935684e-14, 2.4825068623e-14, 2.34393464382e-14, 4.70843965217e-14, 6.62426724259e-14, 5.96714518075e-14, 4.23774310456e-14, 3.44569885862e-14, 2.649276977e-14, 1.34631296047e-14, 1.70564009151e-14, 5.0006358646e-14, 8.7870140851e-14, 1.32674565236e-13, 2.03574787236e-13, 2.75312948437e-13, 2.60035916411e-13, 1.44007459494e-13, 9.44996779938e-14, 1.59393291209e-13, 1.4262422081e-13, 4.91659088388e-14, 3.77674372895e-14, 5.26430468499e-14, 1.63005629231e-14, 1.32863163474e-15, 2.39372484982e-15, 8.15689848294e-15, 9.6974303384e-15, 3.49935335598e-15, 4.64025231407e-15, 1.26480984093e-14, 6.43541752006e-15, 1.02174145474e-14, 1.9333962396e-14, 5.85787445772e-15, 9.01115408013e-15, 4.55009539771e-15, 5.82594809187e-15, 8.35866003691e-15, 8.24088603482e-15, 5.62186312653e-15, 2.0588985703e-14, 1.51026296368e-14, 2.24561258396e-14, 1.43806001178e-14, 4.1197844493e-15, 5.14545368051e-15, 5.75604585087e-15, 1.01894133322e-14, 1.21409399732e-14, 5.7358343742e-15, 9.37565522723e-15, 2.26424561473e-14, 1.77520792391e-14, 6.96276413939e-15, 2.69090458059e-14, 1.69349262261e-14, 9.36140559196e-15, 1.84506578039e-14, 3.91403125256e-15, 1.78675183949e-15, 7.55135547598e-15, 3.32272898703e-15, 6.7071626302e-15, 9.51207073042e-15, 4.90956855723e-15, 7.18157985472e-15, 3.9565647579e-14, 9.31437239349e-15, 5.48605113432e-15, 2.83074768731e-15, 6.51373418636e-15, 5.56129900025e-15, 8.24748780961e-15, 1.03789234016e-14, 5.49492338092e-15, 4.566903496e-15, 1.37320557892e-15, 5.59087866132e-15, 6.24993466879e-15, 7.9076742848e-15, 3.30593465302e-15, 6.29108225881e-15, 5.0269719824e-15, 1.15407696962e-14, 1.62678369582e-14, 1.71638743613e-15, 1.98012268508e-15, 1.34135428137e-15, 4.13498530257e-15, 4.31564726582e-15, 1.17108598413e-14, 1.34809460958e-14, 4.69431038028e-15, 2.59875319811e-15, 4.51096925181e-15, 7.51563694363e-15, 1.23161521265e-14, 6.86666020471e-15, 8.40103201306e-15, 1.18949954866e-14, 7.67639617372e-15, 1.19935367586e-14, 6.70809521347e-15, 3.94073269567e-15, 2.73197305775e-15, 9.50373592621e-15, 6.26421140911e-15, 8.63208481338e-15, 3.45210564642e-15, 6.37660505792e-15, 3.45658539192e-15, 5.62821375605e-15, 4.678158309e-15, 1.04466131925e-14, 7.85329731069e-15, 3.78699875685e-15, 4.09209197763e-15, 7.86233769333e-15, 7.14809579529e-15, 4.05093422321e-15, 4.24778425664e-15, 5.42875782576e-15, 6.25376876342e-15],
        "stdev": [0.000327143556206, 0.000900164595805, 0.00108225108124, 0.000797256419901, 0.00059130176669, 0.00056057004258, 0.000626970548183, 0.000683315098286, 0.000634561409242, 0.00136810750701, 0.00171518081333, 0.000584546825849, 0.000494255509693, 0.00055155454902, 0.00060803105589, 0.000690719636623, 0.000696112518199, 0.000283951783786, 0.000392861635191, 0.000502348353621, 0.00075018464122, 0.000731144973543, 0.00038601164124, 0.000653252005577, 0.000551555422135, 0.000797832326498, 0.000527328054886, 0.00103400531225, 0.000703137542587, 0.000655766983982, 0.0010483515216, 0.000940334924962, 0.000303059263388, 0.00031636931817, 0.000294775847578, 0.000197172441403, 0.000228089134907, 0.00032085069688, 0.000167346574017, 0.000234045801335, 0.000261564651737, 0.000199914968107, 0.000252130645094, 0.000160507959663, 0.000155931018526, 0.000154551729793, 0.000104112150439, 0.000118886287964, 0.000111492197902, 9.95127848e-05, 0.000140919990372, 7.11301181582e-05, 5.71231685171e-05, 6.43724779366e-05, 6.20850187261e-05, 0.000108421241748, 7.02510151314e-05, 7.25575882825e-05, 9.05405904632e-05, 8.89325601747e-05, 7.1775764809e-05, 4.72639731015e-05, 4.34076682723e-05, 3.51872186002e-05, 4.02310579375e-05, 6.62229140289e-05, 3.79983102903e-05, 2.70733726211e-05, 4.2169351218e-05, 8.52865705383e-05, 6.12103249296e-05, 4.15981412516e-05, 3.18439488183e-05, 1.35372747536e-05, 1.41330328916e-05, 8.17908767203e-06, 9.36363085202e-06, 8.56251972436e-06, 6.29676424069e-06, 6.85011173118e-06, 5.80461664867e-06, 8.95838911674e-06, 5.32345120519e-06, 3.8029731968e-06, 5.10044992552e-06, 4.13972475144e-06, 3.98200381824e-06, 3.34484866471e-06, 3.14299768434e-06, 3.82028429158e-06, 2.78692368738e-06, 3.18000002153e-06, 3.34319634021e-06, 3.70520410797e-06, 3.1186330034e-06, 2.04424009098e-06, 1.7047344727e-06, 1.1038497405e-06, 9.03093393845e-07, 6.88426951001e-07, 6.79805452819e-07, 6.81649055423e-07, 8.72519137829e-07, 7.0556012588e-07, 4.76223220858e-07, 7.63618174915e-07, 7.09801440735e-07, 4.3362453539e-07, 5.22638288203e-07, 2.74755564078e-07, 2.94075363172e-07, 2.93073810553e-07, 2.29079816449e-07, 1.11518296819e-07, 5.11446067719e-08, 5.17163334379e-09, 1.12481146619e-09, 1.36868129677e-11, 1.10176919671e-11, 1.25152666008e-11, 1.31538790277e-11, 1.35500924717e-11, 1.38331854652e-11, 1.4183805172e-11, 1.41925872096e-11, 1.44641833233e-11, 1.47211912799e-11, 1.47819950724e-11]
    },
    "mfcc": {
        "mean": [-618.981079102, 108.08265686, -28.2305107117, 18.1031742096, -8.73762226105, 1.22674334049, 6.46849441528, 7.05762481689, -3.28761076927, 4.70820474625, -6.05903816223, -2.48830914497, -2.39258551598],
        "cov": [[2403.37304688, -768.522644043, -188.856948853, -252.368347168, -171.158950806, -93.5108795166, -3.29414629936, -75.7903518677, -48.0753822327, 33.7059249878, -83.8483047485, -155.620544434, -93.5788803101], [-768.522644043, 1539.54272461, 767.793884277, 429.909851074, 185.973648071, 13.8940200806, 219.562362671, 47.2624053955, -118.602874756, 36.346824646, -19.2017402649, 101.082313538, 136.83190918], [-188.856948853, 767.793884277, 1209.86120605, 384.325866699, 183.755859375, 19.1355361938, 139.3412323, -10.7764139175, -96.6192092896, 21.2760066986, -9.75588703156, 78.9419250488, 120.321502686], [-252.368347168, 429.909851074, 384.325866699, 358.618530273, 92.9008560181, -18.3115139008, 118.30078125, 7.04113960266, -66.7494277954, 9.05622768402, -62.5745811462, 49.4131584167, 84.1699829102], [-171.158950806, 185.973648071, 183.755859375, 92.9008560181, 154.755477905, 7.44177865982, -68.9151916504, -14.2325706482, -3.05343604088, -18.5633010864, 14.5245075226, 13.8275938034, 15.9173660278], [-93.5108795166, 13.8940200806, 19.1355361938, -18.3115139008, 7.44177865982, 135.29069519, 19.7507705688, 10.5434761047, 21.8111343384, -11.6667118073, 3.69958996773, -11.1893386841, -22.6960945129], [-3.29414629936, 219.562362671, 139.3412323, 118.30078125, -68.9151916504, 19.7507705688, 364.123535156, 62.3136863708, -63.4107818604, 74.4011154175, -77.3708648682, -11.4349565506, 53.2693634033], [-75.7903518677, 47.2624053955, -10.7764139175, 7.04113960266, -14.2325706482, 10.5434761047, 62.3136863708, 69.2795562744, 13.6495351791, -0.671655356884, -14.5204820633, 3.27978420258, 2.77599143982], [-48.0753822327, -118.602874756, -96.6192092896, -66.7494277954, -3.05343604088, 21.8111343384, -63.4107818604, 13.6495351791, 107.653923035, 2.5745215416, 19.9301052094, -29.298664093, -38.0955505371], [33.7059249878, 36.346824646, 21.2760066986, 9.05622768402, -18.5633010864, -11.6667118073, 74.4011154175, -0.671655356884, 2.5745215416, 87.3060836792, 12.4099607468, -13.2503089905, 13.4795618057], [-83.8483047485, -19.2017402649, -9.75588703156, -62.5745811462, 14.5245075226, 3.69958996773, -77.3708648682, -14.5204820633, 19.9301052094, 12.4099607468, 108.632049561, 21.7013626099, -15.4045600891], [-155.620544434, 101.082313538, 78.9419250488, 49.4131584167, 13.8275938034, -11.1893386841, -11.4349565506, 3.27978420258, -29.298664093, -13.2503089905, 21.7013626099, 108.164321899, 50.5783309937], [-93.5788803101, 136.83190918, 120.321502686, 84.1699829102, 15.9173660278, -22.6960945129, 53.2693634033, 2.77599143982, -38.0955505371, 13.4795618057, -15.4045600891, 50.5783309937, 103.991409302]],
        "icov": [[0.000681127770804, 0.00030087667983, -0.000289914780296, 0.000429043109762, 0.000358678633347, 0.000398118281737, 0.000135405382025, 0.000298286933685, 0.000760807422921, -0.000432264205301, 0.000715429894626, 0.000574352045078, 0.00032124586869], [0.00030087667983, 0.00140783074312, -0.00046476064017, -0.000550357508473, -0.000701293698512, 3.07876834995e-05, -0.000309191120323, -0.000740753603168, 0.00087536132196, -0.000420315336669, -0.000211807215237, 1.33520870804e-06, 3.68758119293e-05], [-0.000289914780296, -0.00046476064017, 0.00170678226277, -0.0011046458967, -0.00108122872189, -0.000470891274745, -0.000545702292584, 0.000600772036705, -0.000226601870963, 0.000363408064004, -0.000956160656642, -0.00028387864586, -0.000537527434062], [0.000429043109762, -0.000550357508473, -0.0011046458967, 0.00725128315389, -0.00266715767793, 0.0012936006533, -0.00133133179042, 0.00123736192472, 0.000450077728601, -0.00040173222078, 0.00403176853433, -0.00154543342069, -0.00057542824652], [0.000358678633347, -0.000701293698512, -0.00108122872189, -0.00266715767793, 0.0124920243397, -0.00114428298548, 0.00431215111166, -0.000549609656446, 0.0005178747233, 0.000212843995541, -0.000931252667215, 0.00276755192317, -0.00102259358391], [0.000398118281737, 3.07876834995e-05, -0.000470891274745, 0.0012936006533, -0.00114428298548, 0.00917610991746, -0.00246533728205, 0.00109460006934, -0.00217619817704, 0.00269896746613, -0.000363060069503, -4.5330132707e-05, 0.00204823142849], [0.000135405382025, -0.000309191120323, -0.000545702292584, -0.00133133179042, 0.00431215111166, -0.00246533728205, 0.00885449629277, -0.00662475312129, 0.00475447298959, -0.00677244458348, 0.00345479743555, 0.00216660299338, -0.00124172016513], [0.000298286933685, -0.000740753603168, 0.000600772036705, 0.00123736192472, -0.000549609656446, 0.00109460006934, -0.00662475312129, 0.0225882735103, -0.00709606241435, 0.00532426778227, 0.000591959105805, -0.00287268706597, 0.000855243124533], [0.000760807422921, 0.00087536132196, -0.000226601870963, 0.000450077728601, 0.0005178747233, -0.00217619817704, 0.00475447298959, -0.00709606241435, 0.0164139512926, -0.00520267523825, 0.00052106071962, 0.00359770050272, 0.00164519320242], [-0.000432264205301, -0.000420315336669, 0.000363408064004, -0.00040173222078, 0.000212843995541, 0.00269896746613, -0.00677244458348, 0.00532426778227, -0.00520267523825, 0.0200792215765, -0.00721649080515, 0.00300571881235, -0.00308724981733], [0.000715429894626, -0.000211807215237, -0.000956160656642, 0.00403176853433, -0.000931252667215, -0.000363060069503, 0.00345479743555, 0.000591959105805, 0.00052106071962, -0.00721649080515, 0.0168172698468, -0.00506615592167, 0.00312481983565], [0.000574352045078, 1.33520870804e-06, -0.00028387864586, -0.00154543342069, 0.00276755192317, -4.5330132707e-05, 0.00216660299338, -0.00287268706597, 0.00359770050272, 0.00300571881235, -0.00506615592167, 0.0167280435562, -0.00733038876206], [0.00032124586869, 3.68758119293e-05, -0.000537527434062, -0.00057542824652, -0.00102259358391, 0.00204823142849, -0.00124172016513, 0.000855243124533, 0.00164519320242, -0.00308724981733, 0.00312481983565, -0.00733038876206, 0.0171922463924]]
    },
    "spectral_contrast_coeffs": {
        "max": [-0.441634148359, -0.50190114975, -0.468143075705, -0.606453835964, -0.583818495274, -0.611551344395],
        "mean": [-0.722980499268, -0.762705504894, -0.720350265503, -0.772706568241, -0.747591257095, -0.751564383507],
        "min": [-0.915222942829, -0.960215449333, -0.943867921829, -0.948594272137, -0.931285262108, -0.916746199131],
        "stdev": [0.0767151489854, 0.0660521760583, 0.0844142436981, 0.0507236681879, 0.0577334649861, 0.0381051488221]
    },
    "spectral_contrast_valleys": {
        "max": [-5.62402868271, -4.72312402725, -5.35518455505, -5.63193511963, -5.57792568207, -8.2146320343],
        "mean": [-7.05426073074, -6.74641942978, -7.06081581116, -7.30716609955, -7.23107290268, -10.1600189209],
        "min": [-17.5596027374, -16.0366287231, -18.0014305115, -17.4807338715, -17.1118583679, -18.7639102936],
        "stdev": [1.07327914238, 0.585546731949, 0.75172239542, 0.924387991428, 0.804845750332, 0.876650929451]
    }
},
"rhythm": {
    "beats_count": 44,
    "beats_loudness": {
        "max": 0.0649726763368,
        "mean": 0.0262589529157,
        "min": 0.00492384377867,
        "stdev": 0.013433214277
    },
    "bpm": 80.1386871338,
    "bpm_histogram_first_peak_bpm": 81,
    "bpm_histogram_first_peak_weight": 0.46666675806,
    "bpm_histogram_second_peak_bpm": 91,
    "bpm_histogram_second_peak_spread": 0.0999999642372,
    "bpm_histogram_second_peak_weight": 0.209302335978,
    "danceability": 0.951875984669,
    "onset_rate": 2.93426203728,
    "beats_loudness_band_ratio": {
        "max": [0.864708900452, 0.772440254688, 0.557138383389, 0.751182496548, 0.675394952297, 0.246240109205],
        "mean": [0.219290688634, 0.178328514099, 0.161289870739, 0.239928901196, 0.157970324159, 0.0926004648209],
        "min": [0.00162126903888, 0.00209001591429, 0.0204060878605, 0.00665975920856, 0.0056783654727, 0.00388744776137],
        "stdev": [0.226582944393, 0.173819735646, 0.129067897797, 0.171175941825, 0.180956304073, 0.0636875927448]
    },
    "beats_position": [0.743038535118, 1.52090704441, 2.29877543449, 3.06503391266, 3.83129239082, 4.59755086899, 5.36380958557, 6.13006782532, 6.90793657303, 7.6858048439, 8.46367359161, 9.21832180023, 9.96135997772, 10.7043991089, 11.4474372864, 12.1904764175, 12.933514595, 13.6765527725, 14.4195919037, 15.1626300812, 15.9056682587, 16.6603164673, 17.4149665833, 18.0651245117, 18.7152824402, 19.365442276, 20.0272102356, 20.6889801025, 21.3507480621, 22.0125160217, 22.7207260132, 23.4289340973, 24.1255321503, 24.8105201721, 25.5071201324, 26.2037181854, 26.865486145, 27.5156459808, 28.2354640961, 28.9785022736, 29.7215423584, 30.4529705048, 31.1843986511, 31.9042167664],
