{
"metadata": {
    "version": {
        "essentia": "2.1-beta5",
        "essentia_git_sha": "Undefined",
        "extractor": "music 2.0"
    },
    "audio_properties": {
        "analysis": {
            "equal_loudness": 0,
            "length": 12.7477550507,
            "sample_rate": 44100,
            "start_time": 0,
            "downmix": "mix"
        },
        "bit_rate": 192000,
        "length": 183.08934021,
        "lossless": 0,
        "number_channels": 2,
        "replay_gain": 2.7687702179,
        "sample_rate": 44100,
        "codec": "mp3",
        "md5_encoded": "260141f16e5b59d9dc3afedb43bfce00"
    },
    "tags": {
        "file_name": "Poland_To Takie Proste_Sixteen.mp3",
        "encoding": ["Lavf58.29.100"]
    }
},
"lowlevel": {
    "average_loudness": 0.062086571008,
    "barkbands_crest": {
        "max": 19.1824054718,
        "mean": 7.47300434113,
        "min": 2.95784306526,
        "stdev": 3.07600283623
    },
    "barkbands_flatness_db": {
        "max": 0.201564505696,
        "mean": 0.089604049921,
        "min": 0.0256483834237,
        "stdev": 0.0339506752789
    },
    "barkbands_kurtosis": {
        "max": 32.15782547,
        "mean": 1.67332863808,
        "min": -1.86090087891,
        "stdev": 3.70444965363
    },
    "barkbands_skewness": {
        "max": 5.21608972549,
        "mean": -0.0515591204166,
        "min": -2.6015663147,
        "stdev": 1.33416676521
    },
    "barkbands_spread": {
        "max": 118.871109009,
        "mean": 32.8490447998,
        "min": 4.97123098373,
        "stdev": 23.3965129852
    },
    "dissonance": {
        "max": 0.499943524599,
        "mean": 0.489683568478,
        "min": 0.263116508722,
        "stdev": 0.0158560071141
    },
    "dynamic_complexity": 10.2853326797,
    "erbbands_crest": {
        "max": 23.3751754761,
        "mean": 8.48466682434,
        "min": 2.49907875061,
        "stdev": 3.65140295029
    },
    "erbbands_flatness_db": {
        "max": 0.286479353905,
        "mean": 0.165318563581,
        "min": 0.0626717358828,
        "stdev": 0.0568095073104
    },
    "erbbands_kurtosis": {
        "max": 21.0760669708,
        "mean": 1.46069002151,
        "min": -1.69237816334,
        "stdev": 2.93279719353
    },
    "erbbands_skewness": {
        "max": 4.13066339493,
        "mean": -0.357089519501,
        "min": -2.41396689415,
        "stdev": 0.745185911655
    },
    "erbbands_spread": {
        "max": 113.964004517,
        "mean": 32.7398452759,
        "min": 4.20574951172,
        "stdev": 24.5242404938
    },
    "hfc": {
        "max": 175.288238525,
        "mean": 14.5962266922,
        "min": 1.12248647351e-16,
        "stdev": 28.2708969116
    },
    "loudness_ebu128": {
        "integrated": -28.7572116852,
        "loudness_range": 22.9706401825,
        "momentary": {
            "max": -22.7527713776,
            "mean": -38.5659103394,
            "min": -59.0039520264,
            "stdev": 11.1308984756
        },
        "short_term": {
            "max": -25.5461940765,
            "mean": -37.7112464905,
            "min": -54.3664245605,
            "stdev": 8.56466388702
        }
    },
    "melbands_crest": {
        "max": 30.9966506958,
        "mean": 10.1296806335,
        "min": 2.0642580986,
        "stdev": 5.2570104599
    },
    "melbands_flatness_db": {
        "max": 0.309323996305,
        "mean": 0.104849994183,
        "min": 0.00722677912563,
        "stdev": 0.0495104640722
    },
    "melbands_kurtosis": {
        "max": 122.257141113,
        "mean": 6.16600513458,
        "min": -1.69983232021,
        "stdev": 13.7289323807
    },
    "melbands_skewness": {
        "max": 9.07869529724,
        "mean": 1.13171410561,
        "min": -1.85425555706,
        "stdev": 2.0092086792
    },
    "melbands_spread": {
        "max": 219.020782471,
        "mean": 52.3204994202,
        "min": 3.36282944679,
        "stdev": 35.7448387146
    },
    "pitch_salience": {
        "max": 0.885134458542,
        "mean": 0.687423527241,
        "min": 0.321507453918,
        "stdev": 0.111964948475
    },
    "silence_rate_20dB": {
        "max": 1,
        "mean": 1,
        "min": 1,
        "stdev": 0
    },
    "silence_rate_30dB": {
        "max": 1,
        "mean": 1,
        "min": 1,
        "stdev": 0
    },
    "silence_rate_60dB": {
        "max": 1,
        "mean": 0.518181800842,
        "min": 0,
        "stdev": 0.499667793512
    },
    "spectral_centroid": {
        "max": 10785.9296875,
        "mean": 2550.67114258,
        "min": 395.400970459,
        "stdev": 793.187072754
    },
    "spectral_complexity": {
        "max": 53,
        "mean": 12.0854549408,
        "min": 0,
        "stdev": 12.8646841049
    },
    "spectral_decrease": {
        "max": 1.99429048922e-30,
        "mean": -1.98267402496e-09,
        "min": -2.52751064522e-08,
        "stdev": 3.69169828041e-09
    },
    "spectral_energy": {
        "max": 0.106830939651,
        "mean": 0.00880699232221,
        "min": 1.01737593101e-20,
        "stdev": 0.0158558469266
    },
    "spectral_energyband_high": {
        "max": 0.0227169543505,
        "mean": 0.00147863570601,
        "min": 7.04809015228e-21,
        "stdev": 0.00369044579566
    },
    "spectral_energyband_low": {
        "max": 0.0673732757568,
        "mean": 0.00361693324521,
        "min": 8.55171164519e-23,
        "stdev": 0.00985614582896
    },
    "spectral_energyband_middle_high": {
        "max": 0.0280334223062,
        "mean": 0.00229240185581,
        "min": 1.64354012346e-21,
        "stdev": 0.00330101279542
    },
    "spectral_energyband_middle_low": {
        "max": 0.0408928208053,
        "mean": 0.00175606517587,
        "min": 4.34236550593e-22,
        "stdev": 0.00383044523187
    },
    "spectral_entropy": {
        "max": 9.8077173233,
        "mean": 8.04882144928,
        "min": 7.01641798019,
        "stdev": 0.276154071093
    },
    "spectral_flux": {
        "max": 0.237111538649,
        "mean": 0.0380513593554,
        "min": 1.00865052421e-10,
        "stdev": 0.0364692173898
    },
    "spectral_kurtosis": {
        "max": 17.3567371368,
        "mean": 3.27816581726,
        "min": -1.18385541439,
        "stdev": 2.46181178093
    },
    "spectral_rms": {
        "max": 0.0102090798318,
        "mean": 0.00202583987266,
        "min": 3.15049505581e-12,
        "stdev": 0.00211852812208
    },
    "spectral_rolloff": {
        "max": 19229.1503906,
        "mean": 3975.96777344,
        "min": 172.265625,
        "stdev": 2644.18432617
    },
    "spectral_skewness": {
        "max": 3.17872476578,
        "mean": 1.23891794682,
        "min": 0.0249651949853,
        "stdev": 0.424489587545
    },
    "spectral_spread": {
        "max": 39772692,
        "mean": 4980078.5,
        "min": 2037856.125,
        "stdev": 2564282.5
    },
    "spectral_strongpeak": {
        "max": 8.20798969269,
        "mean": 0.629399418831,
        "min": 0,
        "stdev": 0.982128679752
    },
    "zerocrossingrate": {
        "max": 0.50927734375,
        "mean": 0.132507100701,
        "min": 0.01318359375,
        "stdev": 0.0574507340789
    },
    "barkbands": {
        "max": [0.000999369076453, 0.0276793204248, 0.0337695479393, 0.0154125075787, 0.0157005339861, 0.00478930352256, 0.00457923440263, 0.00281238090247, 0.00241365958937, 0.00269039534032, 0.00290141697042, 0.00349024450406, 0.00497655430809, 0.00325271696784, 0.0031025253702, 0.00373581657186, 0.00846408586949, 0.0084167458117, 0.00782499834895, 0.00706565426663, 0.00989626254886, 0.00579085946083, 0.00454770447686, 0.0030676194001, 0.000795389409177, 0.00143905729055, 8.69781729307e-07],
        "mean": [3.25658547808e-05, 0.00176521122921, 0.00150490703527, 0.000503761810251, 0.000580027990509, 0.000181534662261, 0.000214988540392, 8.7852946308e-05, 0.000152351916768, 0.000101879537397, 9.75076618488e-05, 0.000149433224578, 0.00016923189105, 0.000166229772731, 0.000254551530816, 0.000333284435328, 0.000303391512716, 0.000332926865667, 0.000271086639259, 0.000371760019334, 0.00051130988868, 0.000314296921715, 0.000216404048842, 0.000121318495076, 4.24072459282e-05, 2.67114974122e-05, 6.13630106727e-08],
        "min": [2.18375907328e-24, 3.07556009463e-23, 3.53066625709e-23, 3.43277335191e-23, 7.1164877754e-23, 9.36317688633e-23, 6.7620683479e-23, 2.83428730232e-23, 1.02830808408e-22, 1.15729807546e-22, 4.04370352452e-23, 9.04798467175e-23, 1.65960544619e-22, 1.00046179899e-22, 1.72065280418e-22, 1.13799496465e-22, 5.45990827343e-23, 1.82826441259e-22, 4.45710652366e-22, 2.58738904822e-22, 2.87682501735e-22, 5.61224173185e-22, 5.54774496911e-22, 6.37095578115e-22, 1.26223803287e-21, 1.62286414224e-21, 2.20211554154e-21],
        "stdev": [9.73342321231e-05, 0.0050053037703, 0.00449829827994, 0.00162041373551, 0.00157902610954, 0.000471014092909, 0.00055212789448, 0.000238971028011, 0.000316620804369, 0.000240173263592, 0.00020106593729, 0.000317797384923, 0.000364535284461, 0.000267111056019, 0.000364487030311, 0.000463579868665, 0.000568737450521, 0.000857109145727, 0.000694970367476, 0.000963522528764, 0.00137782923412, 0.000847167684697, 0.000604504253715, 0.000333780451911, 0.000102556368802, 0.00010935550381, 7.64009442378e-08]
    },
    "erbbands": {
        "max": [0.437292069197, 7.84698438644, 36.0451049805, 45.0675392151, 69.0500488281, 40.2916526794, 51.4894104004, 51.8795013428, 49.5652770996, 87.8584213257, 59.5247955322, 64.9473571777, 58.5105323792, 101.278633118, 120.661643982, 179.658462524, 248.424835205, 121.089736938, 155.074035645, 192.423599243, 181.292037964, 453.739227295, 510.548950195, 523.52722168, 277.624298096, 264.553253174, 395.721069336, 351.762512207, 241.114135742, 187.801208496, 106.212081909, 69.6889419556, 50.7120018005, 12.1557388306, 8.70924091339, 11.7466449738, 0.43209245801, 0.01977051422, 0.000707675120793, 0.000167532605701],
        "mean": [0.0247243698686, 0.496186137199, 1.62832343578, 1.92730045319, 1.43370699883, 2.56984519958, 1.62543070316, 1.28431260586, 2.23145294189, 3.14395284653, 2.64648795128, 3.26144647598, 3.29214262962, 3.47446751595, 4.02465438843, 6.7480225563, 7.75000095367, 7.86973381042, 10.7730264664, 15.9972305298, 18.7358093262, 17.4383544922, 18.9202785492, 14.471575737, 14.8232145309, 17.0985183716, 23.3145427704, 16.9360351562, 11.3786201477, 10.1510343552, 4.61098814011, 2.63886427879, 1.90595388412, 0.576568841934, 0.294307798147, 0.218676224351, 0.0185919702053, 0.00088545383187, 3.65356136172e-05, 1.54597000801e-05],
        "min": [4.41362400569e-22, 7.98037359362e-21, 3.75818622256e-20, 8.96394691814e-20, 1.45640785723e-19, 2.86119059696e-19, 2.28000083237e-19, 1.04381642325e-18, 1.22646865585e-18, 7.1779848765e-19, 1.00149352041e-18, 1.54122824972e-18, 3.78291779843e-18, 2.66579942103e-18, 1.27925363567e-18, 5.13324134477e-18, 7.78467698126e-18, 3.64911430331e-18, 8.51139485405e-18, 8.31045365811e-18, 5.34935882341e-18, 4.38144873247e-18, 7.37221743088e-18, 2.0180224133e-17, 2.09014925399e-17, 1.18631894259e-17, 1.00839702505e-17, 1.62188230923e-17, 1.82999400303e-17, 1.60298735337e-17, 1.38598429516e-17, 1.47155695671e-17, 1.33265438943e-17, 1.23385502716e-17, 8.3234246773e-18, 5.80959963469e-18, 3.14900834959e-18, 1.1059396518e-18, 2.67301243597e-19, 3.84397357625e-20],
        "stdev": [0.067762658, 1.41020607948, 4.74544382095, 5.7849946022, 4.45116138458, 6.75925350189, 4.94828033447, 3.59692955017, 5.31740427017, 8.34115123749, 6.08299732208, 7.09119462967, 7.19595909119, 7.45812511444, 8.67754650116, 14.6042032242, 16.5479469299, 12.2557811737, 15.5751113892, 23.1594600677, 26.7007427216, 31.2342529297, 48.0935020447, 37.9949188232, 38.4201927185, 43.148563385, 65.9629821777, 43.2387924194, 31.0808868408, 27.7793159485, 13.2670974731, 7.94770526886, 5.21366167068, 1.50156605244, 0.763785839081, 0.895705282688, 0.0537923797965, 0.00210212031379, 8.08972108644e-05, 2.75817874353e-05]
    },
    "gfcc": {
        "mean": [-131.213409424, 29.6458034515, -142.698959351, 41.7280540466, -57.9128494263, 22.8837337494, -41.8227157593, 9.67114162445, -22.2527809143, 8.07742118835, -19.6902389526, 6.95108699799, -12.217754364],
        "cov": [[19368.546875, 624.942565918, -2508.60083008, 1163.13146973, -1293.90966797, -365.630249023, 449.245300293, -197.876647949, -35.918800354, -222.641189575, 40.6448326111, -607.547729492, 82.0574264526], [624.942565918, 1073.1237793, 193.759063721, 88.7479095459, 36.659576416, -211.333938599, 32.8246040344, -41.9420280457, 143.551452637, -67.4421005249, -94.0021896362, -159.646438599, 87.2503662109], [-2508.60083008, 193.759063721, 2343.82739258, 349.135467529, -111.284179688, 273.222381592, -85.0532531738, 53.6067237854, -264.693481445, 70.2488861084, 31.2913722992, 28.0379676819, -203.981735229], [1163.13146973, 88.7479095459, 349.135467529, 439.838684082, -79.9598922729, 36.0263214111, 100.45375824, 17.4127044678, -13.4017496109, -9.35711479187, 22.9742069244, -93.0818634033, -24.2107543945], [-1293.90966797, 36.659576416, -111.284179688, -79.9598922729, 283.096923828, -4.59148645401, -7.15322780609, 24.2233257294, 69.543006897, 3.98179340363, -34.9725227356, 38.8052406311, 31.4085483551], [-365.630249023, -211.333938599, 273.222381592, 36.0263214111, -4.59148645401, 175.275894165, 11.8281002045, 2.33883595467, -74.4836807251, 32.0331115723, 37.5307121277, 37.6107139587, -56.3420066833], [449.245300293, 32.8246040344, -85.0532531738, 100.45375824, -7.15322780609, 11.8281002045, 138.005996704, 36.6057014465, 30.8486557007, 4.26339197159, 11.7827606201, -44.6512489319, 20.4197177887], [-197.876647949, -41.9420280457, 53.6067237854, 17.4127044678, 24.2233257294, 2.33883595467, 36.6057014465, 103.040786743, 21.5135536194, 5.62124156952, -12.9486484528, 1.30374956131, 10.1406478882], [-35.918800354, 143.551452637, -264.693481445, -13.4017496109, 69.543006897, -74.4836807251, 30.8486557007, 21.5135536194, 151.091293335, 0.0176801458001, -32.0456771851, -34.8845291138, 68.8467712402], [-222.641189575, -67.4421005249, 70.2488861084, -9.35711479187, 3.98179340363, 32.0331115723, 4.26339197159, 5.62124156952, 0.0176801458001, 66.102432251, 20.9158554077, 10.4204101562, -7.04470157623], [40.6448326111, -94.0021896362, 31.2913722992, 22.9742069244, -34.9725227356, 37.5307121277, 11.7827606201, -12.9486484528, -32.0456771851, 20.9158554077, 67.3591156006, 22.6686687469, -24.1164302826], [-607.547729492, -159.646438599, 28.0379676819, -93.0818634033, 38.8052406311, 37.6107139587, -44.6512489319, 1.30374956131, -34.8845291138, 10.4204101562, 22.6686687469, 90.0105133057, -14.0265293121], [82.0574264526, 87.2503662109, -203.981735229, -24.2107543945, 31.4085483551, -56.3420066833, 20.4197177887, 10.1406478882, 68.8467712402, -7.04470157623, -24.1164302826, -14.0265293121, 74.8052749634]],
        "icov": [[0.000343152147252, -0.000784722098615, 0.00105699372943, -0.00144338374957, 0.00158237630967, -0.000759537855629, 0.0004421925114, -0.000614091812167, 0.00119259860367, -0.000830723554827, 0.00104330026079, -0.00062575674383, 0.000723206263501], [-0.000784722098615, 0.00472228322178, -0.00377993332222, 0.00440582167357, -0.00450383406132, 0.00472851470113, -0.00240276777185, 0.00401170598343, -0.00434748874977, 0.00430883653462, -0.00298529816791, 0.00555453728884, -0.00347784440964], [0.00105699372943, -0.00377993332222, 0.00475314026698, -0.0057969680056, 0.00530627788976, -0.00435619940981, 0.00302918651141, -0.00385312037542, 0.00522457901388, -0.00460659898818, 0.00441480707377, -0.0038887495175, 0.0039725266397], [-0.00144338374957, 0.00440582167357, -0.0057969680056, 0.0110609158874, -0.0069868392311, 0.00392667995766, -0.00444280169904, 0.00351429404691, -0.00600548600778, 0.00649258168414, -0.00758635625243, 0.00866592675447, -0.00383784458973], [0.00158237630967, -0.00450383406132, 0.00530627788976, -0.0069868392311, 0.0128006218001, -0.00514331040904, 0.00165518664289, -0.00344413914718, 0.00281923403963, -0.00488008931279, 0.00860061030835, -0.00847238581628, 0.00462187360972], [-0.000759537855629, 0.00472851470113, -0.00435619940981, 0.00392667995766, -0.00514331040904, 0.0156246582046, -0.00620554108173, 0.00503669958562, -0.00214258395135, 0.00101871183142, -0.00295664533041, 0.0011642863974, 0.00098209711723], [0.0004421925114, -0.00240276777185, 0.00302918651141, -0.00444280169904, 0.00165518664289, -0.00620554108173, 0.0159503165632, -0.0076665985398, 0.0028578247875, -0.00205796863884, -0.00414659734815, 0.0050482340157, -0.00275817117654], [-0.000614091812167, 0.00401170598343, -0.00385312037542, 0.00351429404691, -0.00344413914718, 0.00503669958562, -0.0076665985398, 0.0165470466018, -0.0057608736679, 0.00256774318404, 0.00231324229389, -0.000289796764264, -0.00205039675348], [0.00119259860367, -0.00434748874977, 0.00522457901388, -0.00600548600778, 0.00281923403963, -0.00214258395135, 0.0028578247875, -0.0057608736679, 0.0210263058543, -0.00764208985493, 0.00406206212938, 0.000861867971253, -0.00533118471503], [-0.000830723554827, 0.00430883653462, -0.00460659898818, 0.00649258168414, -0.00488008931279, 0.00101871183142, -0.00205796863884, 0.00256774318404, -0.00764208985493, 0.0241170357913, -0.0109081547707, 0.00710839219391, -0.00442380784079], [0.00104330026079, -0.00298529816791, 0.00441480707377, -0.00758635625243, 0.00860061030835, -0.00295664533041, -0.00414659734815, 0.00231324229389, 0.00406206212938, -0.0109081547707, 0.0318769514561, -0.0157532598823, 0.00945809297264], [-0.00062575674383, 0.00555453728884, -0.0038887495175, 0.00866592675447, -0.00847238581628, 0.0011642863974, 0.0050482340157, -0.000289796764264, 0.000861867971253, 0.00710839219391, -0.0157532598823, 0.0346294157207, -0.00920518115163], [0.000723206263501, -0.00347784440964, 0.0039725266397, -0.00383784458973, 0.00462187360972, 0.00098209711723, -0.00275817117654, -0.00205039675348, -0.00533118471503, -0.00442380784079, 0.00945809297264, -0.00920518115163, 0.0318645201623]]
    },
    "melbands": {
        "max": [0.00629912829027, 0.014298771508, 0.00812310632318, 0.00387736945413, 0.00200502830558, 0.00104626070242, 0.000828986347187, 0.000900103303138, 0.000433512555901, 0.000419292540755, 0.000308733957354, 0.000403471145546, 0.000429440027801, 0.000348197150743, 0.000669257715344, 0.000394939852413, 0.000277318293229, 0.000283949077129, 0.000202755167265, 0.000272517645499, 0.000257554958807, 0.000490520789754, 0.000475184700917, 0.000427345803473, 0.000450380612165, 0.000240111447056, 0.000241152534727, 0.000223762515816, 0.000321199855534, 0.00026282473118, 0.000192236766452, 0.000189360333025, 0.00012027376215, 0.00015080650337, 6.70575391268e-05, 5.20234643773e-05, 3.61068996426e-05, 3.80398050766e-05, 2.50632274401e-05, 8.41188921186e-06],
        "mean": [0.000378411787096, 0.000793903891463, 0.000315032433718, 0.000140775708132, 6.80071898387e-05, 3.06478359562e-05, 3.8883608795e-05, 3.06877409457e-05, 2.33807932091e-05, 2.02337087103e-05, 1.61966818268e-05, 1.37329325298e-05, 1.31043780129e-05, 1.48632898345e-05, 2.11194910662e-05, 1.438547406e-05, 1.48181889017e-05, 1.64684333868e-05, 1.98816323973e-05, 2.29126544582e-05, 2.12749964703e-05, 1.79238650162e-05, 1.76841749635e-05, 1.51272879521e-05, 1.12878669825e-05, 1.00091174318e-05, 1.00941351775e-05, 1.1962825738e-05, 1.5500225345e-05, 1.22330857266e-05, 9.06877994566e-06, 6.98641315466e-06, 4.90177990287e-06, 6.06124103797e-06, 2.74449143944e-06, 1.87824923614e-06, 1.44507021105e-06, 1.59338151207e-06, 7.63889829614e-07, 3.77438823307e-07],
        "min": [5.41341123395e-24, 1.78264420779e-23, 1.68602531298e-23, 1.45662109075e-23, 1.02204045797e-23, 2.25532492903e-23, 1.79203607018e-23, 7.74596643447e-24, 1.01428492975e-23, 1.09238602479e-23, 2.00954032566e-23, 1.17698828031e-23, 4.28663702681e-24, 7.33074397498e-24, 2.2177663147e-23, 1.13225994587e-23, 6.47271101242e-24, 1.35532330414e-23, 1.32830939353e-23, 8.61515625681e-24, 5.5332916647e-24, 3.70813574273e-24, 6.8828326973e-24, 6.6634575793e-24, 1.74562391214e-23, 1.64788199495e-23, 1.25636961771e-23, 6.24603656447e-24, 6.40390380325e-24, 5.76164717524e-24, 1.14293102511e-23, 1.12445077511e-23, 8.83351768854e-24, 8.48075723552e-24, 6.09377733786e-24, 1.27218825101e-23, 7.16450731642e-24, 8.3846369008e-24, 1.3157945097e-23, 8.73482251182e-24],
        "stdev": [0.00105371850077, 0.00222782464698, 0.000923403946217, 0.000371104077203, 0.000193215557374, 8.1448808487e-05, 9.53905764618e-05, 8.1115271314e-05, 5.35493345524e-05, 4.44756587967e-05, 3.60380436177e-05, 2.99065468425e-05, 2.83613826468e-05, 3.08201997541e-05, 5.45620714547e-05, 2.6953228371e-05, 2.42049736698e-05, 2.53887028521e-05, 2.82440578303e-05, 3.16650948662e-05, 3.20301769534e-05, 3.26906083501e-05, 4.25661201007e-05, 4.07380030083e-05, 3.09150673274e-05, 2.5867469958e-05, 2.59030948655e-05, 3.15534853144e-05, 4.58767608507e-05, 3.37915007549e-05, 2.33177561313e-05, 2.00328886422e-05, 1.37539045681e-05, 1.72001346073e-05, 7.93579692981e-06, 6.22695233687e-06, 4.10763595937e-06, 4.51827190773e-06, 2.15316276808e-06, 1.04354614905e-06]
    },
    "melbands128": {
        "max": [0.000918815960176, 0.00217094412073, 0.0104609271511, 0.0136574264616, 0.0193670839071, 0.0178876854479, 0.00968366861343, 0.00804209336638, 0.00776326889172, 0.00366099830717, 0.00289333006367, 0.00329745421186, 0.00235793623142, 0.00118412671145, 0.00184116279706, 0.000520829635207, 0.000620549893938, 0.000961196376011, 0.00172284664586, 0.00149994029198, 0.00069557299139, 0.000807771575637, 0.000541025307029, 0.000679022632539, 0.000547872972675, 0.000666968640871, 0.000452072592452, 0.000437444570707, 0.00061257253401, 0.00037674838677, 0.00058946601348, 0.000300242129015, 0.000609848299064, 0.000445822690381, 0.000585625995882, 0.000370914960513, 0.000767301011365, 0.00076852645725, 0.000968437758274, 0.000494320935104, 0.000311309966492, 0.000230167221162, 0.000277413404547, 0.000588902912568, 0.000351563649019, 0.000250372220762, 0.000331733492203, 0.000259093212662, 0.000413155037677, 0.000457863206975, 0.000220199101022, 0.000341726554325, 0.000354453077307, 0.000403175392421, 0.000477951893117, 0.000545284245163, 0.000484268297441, 0.000605008623097, 0.000583631452173, 0.000770632294007, 0.000430386920925, 0.000563035719097, 0.000654136238154, 0.000636790704448, 0.000410476641264, 0.000283496076008, 0.000443322292995, 0.000487909186631, 0.000212043392821, 0.000270287244348, 0.000163420147146, 0.000586904003285, 0.000459207571112, 0.000600091530941, 0.000493954867125, 0.000380168145057, 0.000475534121506, 0.000241876128712, 0.000296526239254, 0.000226327421842, 0.000411783636082, 0.00019463308854, 0.000247703166679, 0.00014366718824, 0.000202631272259, 0.000187928279047, 0.000276767910691, 0.000103122889413, 0.000111414687126, 6.43280873192e-05, 3.99492855649e-05, 6.76973722875e-05, 7.26500438759e-05, 3.71974201698e-05, 4.42088821728e-05, 8.42922891025e-05, 3.48947651219e-05, 7.63604257372e-05, 2.32988586504e-05, 2.2392046958e-05, 9.02575447981e-06, 1.5203771909e-05, 6.49656658425e-06, 5.74818614041e-06, 1.51173862832e-05, 1.88743433682e-05, 7.65129880165e-06, 4.62749849248e-05, 3.79778175557e-05, 6.31876810075e-06, 2.79539472103e-06, 2.85639384856e-06, 1.70381304088e-06, 1.12073848868e-06, 2.60851322764e-07, 5.50582583969e-08, 3.50659945525e-08, 2.58203503023e-09, 2.33929497995e-09, 2.26626983846e-09, 2.1643349335e-09, 2.08861639095e-09, 2.04473304954e-09, 2.02011185557e-09, 1.98344896063e-09, 1.97463689844e-09, 1.93888705091e-09, 1.93364657619e-09],
        "mean": [2.44313832809e-05, 7.35975118005e-05, 0.000553592748474, 0.000908572808839, 0.000876184087247, 0.000722133379895, 0.000416244438384, 0.000211124948692, 0.000113990405225, 0.000145382073242, 0.000170998057001, 7.00377568137e-05, 5.23162780155e-05, 4.62827738374e-05, 2.29608085647e-05, 2.82575911115e-05, 2.80289095826e-05, 3.49630972778e-05, 6.46596599836e-05, 3.3272728615e-05, 1.56253245223e-05, 1.55226771312e-05, 2.6377647373e-05, 3.03394681396e-05, 1.91464787349e-05, 1.89187830983e-05, 1.45939166032e-05, 1.78717637027e-05, 1.58899129019e-05, 1.10674900498e-05, 1.46631355165e-05, 1.54147237481e-05, 1.20249305837e-05, 1.22155324789e-05, 1.33517651193e-05, 1.44624000313e-05, 1.92765110114e-05, 2.31383855862e-05, 2.28238532145e-05, 1.4176046534e-05, 1.36877342811e-05, 1.18549287436e-05, 1.37406868816e-05, 1.7314163415e-05, 1.62727992574e-05, 1.56544301717e-05, 1.77412366611e-05, 1.78005284397e-05, 2.21279915422e-05, 2.30813784583e-05, 1.997797699e-05, 2.78952556982e-05, 2.1740081138e-05, 1.89635647985e-05, 1.87823061424e-05, 1.75676868821e-05, 1.78823956958e-05, 1.50646219481e-05, 1.91810995602e-05, 2.1106996428e-05, 1.19911273941e-05, 1.33158146127e-05, 1.47337959788e-05, 9.91478100332e-06, 7.35208232072e-06, 9.25351650949e-06, 1.2946519746e-05, 1.08741578515e-05, 1.00028182715e-05, 7.17158945918e-06, 1.0156612916e-05, 1.6615844288e-05, 1.46489874169e-05, 1.63612494362e-05, 1.45833291754e-05, 1.17753852464e-05, 1.272722875e-05, 9.41371581575e-06, 7.73396732257e-06, 9.58110922511e-06, 8.25084407552e-06, 5.41127838005e-06, 5.15573447046e-06, 4.18122499468e-06, 5.39838447366e-06, 6.50483480058e-06, 7.02376155459e-06, 3.67792449651e-06, 2.59623925558e-06, 1.84958332738e-06, 1.69154895957e-06, 2.12215945794e-06, 1.78718346433e-06, 1.10947632948e-06, 1.22362814636e-06, 2.3482978122e-06, 1.37651250043e-06, 1.15851082683e-06, 7.92259129412e-07, 5.81526762744e-07, 4.76038962915e-07, 3.6386688862e-07, 2.14873267623e-07, 2.11590815979e-07, 2.44941134042e-07, 4.96788402415e-07, 3.07783437847e-07, 6.39081633835e-07, 5.38785116078e-07, 1.73200533027e-07, 1.04808243861e-07, 4.41492957748e-08, 3.60789869092e-08, 1.95379978862e-08, 1.04751238794e-08, 3.35339822577e-09, 2.24095386692e-09, 2.2105508396e-11, 7.61828707757e-12, 7.47825152497e-12, 7.29797819399e-12, 7.14901922383e-12, 6.96014470017e-12, 6.86461477939e-12, 6.80873369838e-12, 6.82278148909e-12, 6.76766021696e-12, 6.73318432259e-12],
        "min": [7.2657264536e-25, 4.01031285678e-24, 1.49140179057e-24, 1.86423893112e-23, 1.93886233285e-23, 1.80422460226e-23, 1.86939697703e-23, 1.62595071515e-23, 1.51261601553e-23, 1.07290147597e-23, 1.83846731866e-23, 1.56820972565e-23, 3.30662447463e-24, 8.85792504494e-24, 2.39853883984e-23, 3.10928768486e-23, 2.41481335586e-23, 1.53867067128e-23, 1.13870904155e-23, 4.54232341227e-24, 1.04614670617e-23, 4.68116253716e-24, 7.69748540981e-24, 2.15561117512e-23, 3.53574478582e-24, 9.1674267325e-24, 2.07955741079e-23, 1.79181629354e-23, 2.61030476332e-23, 1.35063368383e-23, 7.75003301243e-24, 6.45710537156e-24, 4.22666072105e-24, 2.2943445532e-24, 2.13205397411e-24, 1.12442284944e-23, 1.15660174794e-23, 2.61177346455e-23, 2.62579830704e-23, 1.75465100525e-23, 7.3846515738e-24, 2.40422558034e-24, 4.23879064076e-24, 9.18978462827e-24, 1.41296158396e-23, 1.18802278777e-23, 1.66413962934e-23, 1.35048916452e-23, 1.04081913404e-23, 1.53597260921e-23, 2.57005143958e-24, 1.20440395778e-23, 3.97142714175e-24, 5.61631099194e-24, 2.39225875762e-24, 3.30447739247e-24, 5.4451786626e-24, 3.37206640318e-24, 1.20028397393e-23, 4.79798297646e-24, 2.94679523626e-24, 5.3672577434e-24, 2.66063314244e-23, 1.58206717185e-23, 1.40852818567e-23, 1.70724235812e-23, 2.16612732208e-23, 7.33926367275e-24, 1.62905078073e-23, 9.08182428023e-24, 6.64889205155e-24, 2.46291288738e-24, 7.01755594041e-24, 8.38129291943e-24, 4.00945457611e-24, 6.33881883427e-24, 5.35914628114e-24, 6.81260356635e-24, 1.19934814824e-23, 1.84063621283e-23, 9.56334024361e-24, 9.33324450592e-24, 1.06888459624e-23, 6.2398806884e-24, 9.94380864706e-24, 1.18773745678e-23, 5.62576470103e-24, 7.36609993189e-24, 4.78379057992e-24, 6.24148325933e-24, 1.17358986753e-23, 1.60362879143e-23, 1.12641748424e-23, 4.23150077713e-24, 6.43501292748e-24, 1.00283137938e-23, 8.58440409214e-24, 6.73947773816e-24, 1.19723447433e-23, 1.96437677665e-23, 1.02600085526e-23, 6.97453619981e-24, 5.92097775101e-24, 8.01912687784e-24, 9.75445441968e-24, 9.82503222714e-24, 1.27486509272e-23, 9.41552506491e-24, 8.80799014964e-24, 8.65999116635e-24, 1.55653111326e-23, 9.54772079769e-24, 9.94623439434e-24, 9.12524555104e-24, 8.22849608411e-24, 1.04289439043e-23, 9.02259897005e-24, 6.74154849803e-24, 7.74451729698e-24, 8.65081750289e-24, 7.65298813273e-24, 8.01383835433e-24, 1.02464078017e-23, 1.37188670103e-23, 1.26438302456e-23, 1.03375922337e-23, 1.23738544337e-23, 1.26210353209e-23],
        "stdev": [7.97747998149e-05, 0.000242513648118, 0.00157086434774, 0.00263688107952, 0.00258143129759, 0.00217704521492, 0.00128914101515, 0.000686588464305, 0.000445612793555, 0.000406841252698, 0.000463782955194, 0.000261265930021, 0.000187760379049, 0.000132249464514, 9.6790252428e-05, 8.08051845524e-05, 7.55656656111e-05, 9.79195319815e-05, 0.000190667196875, 0.000103965205199, 5.56368977414e-05, 5.18493434356e-05, 6.53946990496e-05, 7.70153128542e-05, 4.96121065225e-05, 5.23505586898e-05, 3.61568381777e-05, 4.41567826783e-05, 5.25898940396e-05, 2.71685639746e-05, 4.12905974372e-05, 3.30973562086e-05, 3.368419857e-05, 2.99921684928e-05, 3.81258760171e-05, 3.21412771882e-05, 5.12705373694e-05, 6.76416020724e-05, 7.06029895809e-05, 3.06163201458e-05, 2.70718592219e-05, 2.35850511672e-05, 2.4766453862e-05, 3.60724661732e-05, 3.01570253214e-05, 2.70116324828e-05, 3.04810819216e-05, 2.79729101749e-05, 3.79397715733e-05, 4.50717525382e-05, 2.93739576591e-05, 4.37997659901e-05, 3.73578805011e-05, 3.44925538229e-05, 3.75793533749e-05, 3.51388553099e-05, 3.57062381227e-05, 4.33866262028e-05, 5.40184228157e-05, 6.28542184131e-05, 3.31666124112e-05, 4.62102470919e-05, 4.43029566668e-05, 3.29492322635e-05, 2.20138099394e-05, 2.59451444435e-05, 4.32864690083e-05, 3.51325761585e-05, 2.67526575044e-05, 2.07158482226e-05, 2.49327149504e-05, 5.60619264434e-05, 4.81645147374e-05, 5.69191070099e-05, 5.08427874593e-05, 3.64555271517e-05, 4.06928520533e-05, 2.56912717305e-05, 2.30562745855e-05, 2.65644484898e-05, 3.17235608236e-05, 1.63453623827e-05, 1.83423198905e-05, 1.24671141748e-05, 1.6988349671e-05, 1.9202596377e-05, 2.24546693062e-05, 1.13592614071e-05, 8.53587334859e-06, 6.1279606598e-06, 5.29975250174e-06, 7.89446130511e-06, 6.76342278894e-06, 3.40459928339e-06, 3.39654684467e-06, 7.50907429392e-06, 3.99190230382e-06, 4.38169900008e-06, 2.2978049401e-06, 1.65735502833e-06, 1.22503047351e-06, 1.30295609324e-06, 6.51501636639e-07, 6.16991997049e-07, 8.34541992845e-07, 1.75157731519e-06, 8.93529374935e-07, 3.24775191984e-06, 2.71155431619e-06, 5.66907203847e-07, 3.06418058926e-07, 1.65418185816e-07, 1.45643156202e-07, 6.80683385212e-08, 2.89365704731e-08, 4.56893900491e-09, 2.89496382422e-09, 1.34854766243e-10, 9.96643115259e-11, 9.65476587567e-11, 9.22035434114e-11, 8.89748622002e-11, 8.71061486829e-11, 8.60549131954e-11, 8.44910322262e-11, 8.4109622045e-11, 8.25897544798e-11, 8.23653575899e-11]
    },
    "mfcc": {
        "mean": [-761.871337891, 59.4437255859, -22.6508693695, 18.1966075897, 3.80348014832, 12.7628326416, -5.3769698143, 4.25898647308, 2.33895158768, -2.05968379974, 0.800712227821, 3.35749125481, 2.41779112816],
        "cov": [[20262.4394531, -716.1875, -1677.875, 732.03515625, -1482.44067383, -93.6792602539, -155.065200806, -64.2467346191, -72.1207809448, 360.226989746, -104.814529419, -5.067694664, -490.712432861], [-716.1875, 922.988464355, 192.177368164, 82.9919204712, 99.0723724365, -64.783782959, -120.001678467, -64.771987915, 108.454284668, 34.1801872253, -101.79850769, -33.6603965759, -6.50626516342], [-1677.875, 192.177368164, 2050.11181641, 327.527282715, 187.299987793, 113.366210938, 284.848114014, -13.8530769348, -128.704833984, -100.333175659, 174.064941406, 1.09018278122, -58.8686256409], [732.03515625, 82.9919204712, 327.527282715, 333.31072998, 8.1662569046, 15.3454170227, 49.4337882996, 9.32492923737, 42.090007782, 71.4920883179, -5.42030239105, 6.56531095505, -42.3271331787], [-1482.44067383, 99.0723724365, 187.299987793, 8.1662569046, 225.616012573, 36.6355857849, 10.0578985214, 13.6812877655, 13.8155651093, -29.224981308, -3.58177518845, 2.17209911346, 48.1992225647], [-93.6792602539, -64.783782959, 113.366210938, 15.3454170227, 36.6355857849, 123.515441895, 51.8516540527, -4.44773340225, -28.4045028687, -6.81935834885, 25.1404094696, 10.871556282, 6.10794639587], [-155.065200806, -120.001678467, 284.848114014, 49.4337882996, 10.0578985214, 51.8516540527, 156.905929565, 33.7751541138, -38.1051864624, -17.387096405, 63.3374176025, 9.40113449097, -8.18376255035], [-64.2467346191, -64.771987915, -13.8530769348, 9.32492923737, 13.6812877655, -4.44773340225, 33.7751541138, 77.0931854248, 13.1265869141, -2.79513835907, 7.51883029938, -1.08318078518, 5.83541154861], [-72.1207809448, 108.454284668, -128.704833984, 42.090007782, 13.8155651093, -28.4045028687, -38.1051864624, 13.1265869141, 139.247314453, 87.8879318237, -56.4678344727, -0.407070457935, 8.08991336823], [360.226989746, 34.1801872253, -100.333175659, 71.4920883179, -29.224981308, -6.81935834885, -17.387096405, -2.79513835907, 87.8879318237, 124.635826111, -26.8508739471, 5.04669046402, -7.98166131973], [-104.814529419, -101.79850769, 174.064941406, -5.42030239105, -3.58177518845, 25.1404094696, 63.3374176025, 7.51883029938, -56.4678344727, -26.8508739471, 84.7229156494, 12.49721241, -3.81557059288], [-5.067694664, -33.6603965759, 1.09018278122, 6.56531095505, 2.17209911346, 10.871556282, 9.40113449097, -1.08318078518, -0.407070457935, 5.04669046402, 12.49721241, 38.632358551, 10.293340683], [-490.712432861, -6.50626516342, -58.8686256409, -42.3271331787, 48.1992225647, 6.10794639587, -8.18376255035, 5.83541154861, 8.08991336823, -7.98166131973, -3.81557059288, 10.293340683, 56.6958007812]],
        "icov": [[0.000148116407217, 2.55416816799e-05, 0.000127723353216, -0.000465167919174, 0.000801762973424, -0.000223176306463, 0.000169862440089, -9.43424092839e-05, 0.000266499060672, -3.57825229003e-06, 0.00010683581786, -5.37335508852e-05, 0.000425323902164], [2.55416816799e-05, 0.00177517556585, -0.000365290325135, -0.000222441813094, -0.000450764637208, 0.000517224369105, 0.000985309365205, 0.00123058294412, -0.00114936300088, 0.000416239345213, 0.00115868414287, 0.000727195525542, 0.000391036446672], [0.000127723353216, -0.000365290325135, 0.00129606237169, -0.00138594431337, -0.000169441947946, -0.000121971403132, -0.00135908124503, 0.000902590109035, 0.000173970256583, 0.000930477224756, -0.00166406005155, 0.000405994360335, 0.00116316683125], [-0.000465167919174, -0.000222441813094, -0.00138594431337, 0.0067991130054, -0.0028644700069, 0.000657755939756, -0.00117574608885, -0.0010932397563, -7.18197188689e-05, -0.00370548362844, 0.0022387818899, -0.0018797244411, 0.00187295221258], [0.000801762973424, -0.000450764637208, -0.000169441947946, -0.0028644700069, 0.0121027426794, -0.00368526787497, 0.00203760457225, -0.00219473731704, -0.000690201006364, 0.00258221430704, 0.000979384058155, 0.000504112744238, -0.00436233961955], [-0.000223176306463, 0.000517224369105, -0.000121971403132, 0.000657755939756, -0.00368526787497, 0.0114518059418, -0.00387937971391, 0.0026743139606, 0.00220788083971, -0.00207887752913, 0.000736963702366, -0.00142912566662, -0.000742475094739], [0.000169862440089, 0.000985309365205, -0.00135908124503, -0.00117574608885, 0.00203760457225, -0.00387937971391, 0.0145244700834, -0.00557522522286, -0.000195122454898, 4.71432576887e-05, -0.00510806078091, -4.3541429477e-05, 0.000348995003151], [-9.43424092839e-05, 0.00123058294412, 0.000902590109035, -0.0010932397563, -0.00219473731704, 0.0026743139606, -0.00557522522286, 0.0185581222177, -0.00542602175847, 0.00382561865263, -0.00178302638233, 0.00275397184305, -0.000998636358418], [0.000266499060672, -0.00114936300088, 0.000173970256583, -7.18197188689e-05, -0.000690201006364, 0.00220788083971, -0.000195122454898, -0.00542602175847, 0.0218126811087, -0.0138772055507, 0.00896590854973, -0.00227248296142, -0.000869178620633], [-3.57825229003e-06, 0.000416239345213, 0.000930477224756, -0.00370548362844, 0.00258221430704, -0.00207887752913, 4.71432576887e-05, 0.00382561865263, -0.0138772055507, 0.0203177221119, -0.00407733907923, -9.79504620773e-05, 0.000442181335529], [0.00010683581786, 0.00115868414287, -0.00166406005155, 0.0022387818899, 0.000979384058155, 0.000736963702366, -0.00510806078091, -0.00178302638233, 0.00896590854973, -0.00407733907923, 0.0263514518738, -0.00644327979535, 0.000625278335065], [-5.37335508852e-05, 0.000727195525542, 0.000405994360335, -0.0018797244411, 0.000504112744238, -0.00142912566662, -4.3541429477e-05, 0.00275397184305, -0.00227248296142, -9.79504620773e-05, -0.00644327979535, 0.0314208082855, -0.0077554709278], [0.000425323902164, 0.000391036446672, 0.00116316683125, 0.00187295221258, -0.00436233961955, -0.000742475094739, 0.000348995003151, -0.000998636358418, -0.000869178620633, 0.000442181335529, 0.000625278335065, -0.0077554709278, 0.0295482724905]]
    },
    "spectral_contrast_coeffs": {
        "max": [-0.448412388563, -0.657541453838, -0.633566856384, -0.698999464512, -0.674471735954, -0.601011872292],
        "mean": [-0.797422468662, -0.853910386562, -0.839064240456, -0.825545072556, -0.820484280586, -0.754085123539],
        "min": [-0.980111062527, -0.959061205387, -0.964844286442, -0.968196034431, -0.959603905678, -0.959311664104],
        "stdev": [0.071970269084, 0.0544112622738, 0.0505426563323, 0.0387886948884, 0.0456236563623, 0.0628893375397]
    },
    "spectral_contrast_valleys": {
        "max": [-5.10360002518, -5.45749759674, -5.95506095886, -5.88799333572, -5.32843255997, -7.99829673767],
        "mean": [-8.71624851227, -8.24779224396, -8.4818983078, -8.25317001343, -8.18286418915, -10.8055047989],
        "min": [-26.8916931152, -27.609790802, -27.0193710327, -27.0537319183, -27.2195053101, -27.2574863434],
        "stdev": [1.4993172884, 1.50899922848, 1.57858347893, 1.66574072838, 1.70892655849, 1.35743296146]
    }
},
"rhythm": {
    "beats_count": 26,
    "beats_loudness": {
        "max": 0.0529209673405,
        "mean": 0.00886956229806,
        "min": 1.19759588415e-05,
        "stdev": 0.0141249988228
    },
    "bpm": 119.79511261,
    "bpm_histogram_first_peak_bpm": 120,
    "bpm_histogram_first_peak_weight": 0.142857193947,
    "bpm_histogram_second_peak_bpm": 133,
    "bpm_histogram_second_peak_spread": 0.538461565971,
    "bpm_histogram_second_peak_weight": 0.239999994636,
    "danceability": 0.732648730278,
    "onset_rate": 3.76194262505,
    "beats_loudness_band_ratio": {
        "max": [0.776992678642, 0.391806542873, 0.153613910079, 0.265643358231, 0.796185433865, 0.756336152554],
        "mean": [0.21806512773, 0.0582732707262, 0.0567113347352, 0.1133858338, 0.319099217653, 0.2534301579],
        "min": [0.00405524857342, 0.00305297505111, 0.00419628387317, 0.00839180406183, 0.0199482869357, 0.0225727967918],
        "stdev": [0.250730544329, 0.0786048695445, 0.0329766310751, 0.0747318416834, 0.271543413401, 0.217080846429]
    },
    "beats_position": [0.49922901392, 1.01006805897, 1.50929701328, 2.00852608681, 2.50775504112, 3.00698399544, 3.50621318817, 4.00544214249, 4.52789115906, 5.05034017563, 5.5727891922, 6.04879808426, 6.52480697632, 6.98920631409, 7.45360517502, 7.91800451279, 8.37079334259, 8.82358264923, 9.27637195587, 9.72916126251, 10.1703395844, 10.6115188599, 11.0526981354, 11.5170974731, 11.9698867798, 12.4226751328],
