{
"metadata": {
    "version": {
        "essentia": "2.1-beta5",
        "essentia_git_sha": "Undefined",
        "extractor": "music 2.0"
    },
    "audio_properties": {
        "analysis": {
            "equal_loudness": 0,
            "length": 41.2502479553,
            "sample_rate": 44100,
            "start_time": 207.748931885,
            "downmix": "mix"
        },
        "bit_rate": 192000,
        "length": 249.022415161,
        "lossless": 0,
        "number_channels": 1,
        "replay_gain": -9.30162620544,
        "sample_rate": 48000,
        "codec": "mp3",
        "md5_encoded": "10058ec952ede4f6894303bfc33246f3"
    },
    "tags": {
        "file_name": "Turkey_Unutamazsin_Tüzmen.mp3",
        "encoding": ["Lavf58.29.100"]
    }
},
"lowlevel": {
    "average_loudness": 0.940556883812,
    "barkbands_crest": {
        "max": 26.8217124939,
        "mean": 9.08633041382,
        "min": 2.66426587105,
        "stdev": 4.36278390884
    },
    "barkbands_flatness_db": {
        "max": 0.436283886433,
        "mean": 0.181623071432,
        "min": 0.0721226260066,
        "stdev": 0.0440823845565
    },
    "barkbands_kurtosis": {
        "max": 413.622924805,
        "mean": 2.73614025116,
        "min": -1.82981288433,
        "stdev": 12.3010644913
    },
    "barkbands_skewness": {
        "max": 20.1347198486,
        "mean": 0.989048600197,
        "min": -2.89192938805,
        "stdev": 1.34041368961
    },
    "barkbands_spread": {
        "max": 120.401046753,
        "mean": 18.7133846283,
        "min": 1.26286971569,
        "stdev": 10.7454881668
    },
    "dissonance": {
        "max": 0.499989211559,
        "mean": 0.463321506977,
        "min": 0.341184288263,
        "stdev": 0.0284525156021
    },
    "dynamic_complexity": 2.65170907974,
    "erbbands_crest": {
        "max": 27.4205608368,
        "mean": 8.93863964081,
        "min": 2.74927663803,
        "stdev": 3.77183938026
    },
    "erbbands_flatness_db": {
        "max": 0.343314051628,
        "mean": 0.233372598886,
        "min": 0.0808857604861,
        "stdev": 0.029012883082
    },
    "erbbands_kurtosis": {
        "max": 17.7457027435,
        "mean": 0.0603421032429,
        "min": -1.6697319746,
        "stdev": 1.65328836441
    },
    "erbbands_skewness": {
        "max": 2.46009016037,
        "mean": 0.192362904549,
        "min": -3.81519818306,
        "stdev": 0.744843780994
    },
    "erbbands_spread": {
        "max": 86.83203125,
        "mean": 30.2472991943,
        "min": 5.84906959534,
        "stdev": 12.4525690079
    },
    "hfc": {
        "max": 178.542648315,
        "mean": 21.7514629364,
        "min": 1.1414999809e-16,
        "stdev": 18.030544281
    },
    "loudness_ebu128": {
        "integrated": -18.2334575653,
        "loudness_range": 4.95944213867,
        "momentary": {
            "max": -14.3416347504,
            "mean": -18.9668388367,
            "min": -32.1334533691,
            "stdev": 2.75741481781
        },
        "short_term": {
            "max": -16.3625659943,
            "mean": -18.599647522,
            "min": -22.5229225159,
            "stdev": 1.83114874363
        }
    },
    "melbands_crest": {
        "max": 39.8638801575,
        "mean": 11.7939252853,
        "min": 1.98970997334,
        "stdev": 5.46956300735
    },
    "melbands_flatness_db": {
        "max": 0.403240054846,
        "mean": 0.180920735002,
        "min": 0.00453245686367,
        "stdev": 0.0721418187022
    },
    "melbands_kurtosis": {
        "max": 523.039855957,
        "mean": 6.44273710251,
        "min": -1.83326196671,
        "stdev": 17.6148204803
    },
    "melbands_skewness": {
        "max": 22.1050357819,
        "mean": 1.71617484093,
        "min": -1.4433504343,
        "stdev": 1.41724026203
    },
    "melbands_spread": {
        "max": 184.366546631,
        "mean": 29.7077293396,
        "min": 1.65613698959,
        "stdev": 23.4811267853
    },
    "pitch_salience": {
        "max": 0.894701838493,
        "mean": 0.594578385353,
        "min": 0.00883168168366,
        "stdev": 0.126071557403
    },
    "silence_rate_20dB": {
        "max": 1,
        "mean": 1,
        "min": 1,
        "stdev": 0
    },
    "silence_rate_30dB": {
        "max": 1,
        "mean": 0.996625423431,
        "min": 0,
        "stdev": 0.057993080467
    },
    "silence_rate_60dB": {
        "max": 1,
        "mean": 0.032620921731,
        "min": 0,
        "stdev": 0.177642524242
    },
    "spectral_centroid": {
        "max": 10994.9980469,
        "mean": 1555.77001953,
        "min": 321.870513916,
        "stdev": 879.792297363
    },
    "spectral_complexity": {
        "max": 55,
        "mean": 21.5179977417,
        "min": 0,
        "stdev": 9.85587501526
    },
    "spectral_decrease": {
        "max": -7.7552218526e-30,
        "mean": -4.77382222641e-09,
        "min": -4.23832879903e-08,
        "stdev": 3.71591135639e-09
    },
    "spectral_energy": {
        "max": 0.169241815805,
        "mean": 0.0199904181063,
        "min": 1.03830174258e-20,
        "stdev": 0.0150980213657
    },
    "spectral_energyband_high": {
        "max": 0.018084095791,
        "mean": 0.000767441757489,
        "min": 7.58009007077e-21,
        "stdev": 0.00177849468309
    },
    "spectral_energyband_low": {
        "max": 0.0134550090879,
        "mean": 0.00102037889883,
        "min": 8.63621063882e-23,
        "stdev": 0.00145045330282
    },
    "spectral_energyband_middle_high": {
        "max": 0.0374565459788,
        "mean": 0.00686604436487,
        "min": 1.48521106972e-21,
        "stdev": 0.00631281221285
    },
    "spectral_energyband_middle_low": {
        "max": 0.141675636172,
        "mean": 0.0115640861914,
        "min": 2.07547133218e-22,
        "stdev": 0.012002534233
    },
    "spectral_entropy": {
        "max": 9.81033420563,
        "mean": 7.37350845337,
        "min": 6.07312870026,
        "stdev": 0.453859835863
    },
    "spectral_flux": {
        "max": 0.362669199705,
        "mean": 0.0746501088142,
        "min": 6.77984196562e-11,
        "stdev": 0.0368405207992
    },
    "spectral_kurtosis": {
        "max": 35.426410675,
        "mean": 4.6514544487,
        "min": -1.20767462254,
        "stdev": 4.36283397675
    },
    "spectral_rms": {
        "max": 0.0128496680409,
        "mean": 0.00415628310293,
        "min": 3.1827305548e-12,
        "stdev": 0.00149269099347
    },
    "spectral_rolloff": {
        "max": 18863.0859375,
        "mean": 1991.95776367,
        "min": 21.533203125,
        "stdev": 1541.18017578
    },
    "spectral_skewness": {
        "max": 4.12416267395,
        "mean": 1.28606700897,
        "min": -0.523768007755,
        "stdev": 0.585834026337
    },
    "spectral_spread": {
        "max": 41239100,
        "mean": 3044143.5,
        "min": 1513881.125,
        "stdev": 1551494.375
    },
    "spectral_strongpeak": {
        "max": 9.0469751358,
        "mean": 1.23538947105,
        "min": 0,
        "stdev": 1.07499456406
    },
    "zerocrossingrate": {
        "max": 0.701171875,
        "mean": 0.0672466009855,
        "min": 0,
        "stdev": 0.0453060381114
    },
    "barkbands": {
        "max": [0.000462764292024, 0.00971186347306, 0.0105300825089, 0.0081356363371, 0.0480498038232, 0.0654656365514, 0.0725835934281, 0.0888861343265, 0.0458175577223, 0.0198923274875, 0.0265297740698, 0.0290114805102, 0.0294157601893, 0.0156862698495, 0.0125433411449, 0.0113089727238, 0.0102599123493, 0.0115668447688, 0.0103474948555, 0.00497252075002, 0.00724040810019, 0.00603646924719, 0.00516299251467, 0.00174640677869, 0.000166651021573, 1.82036330898e-07, 1.37923279908e-07],
        "mean": [6.44658484816e-06, 0.00025879702298, 0.000624860986136, 0.000297617109027, 0.00370268686675, 0.00229409197345, 0.00199702568352, 0.00212864740752, 0.000958726974204, 0.000747827871237, 0.000664024439175, 0.000876405101735, 0.000566659669857, 0.000489210768137, 0.000864399247803, 0.000780756410677, 0.000872463278938, 0.000393473426811, 0.000582393608056, 0.000235461950069, 0.000224704301218, 0.000204843527172, 0.000160767376656, 5.50539843971e-05, 3.08748985844e-06, 2.73202460654e-09, 7.7154260758e-10],
        "min": [2.27241362839e-24, 4.88042051878e-24, 1.41475103603e-23, 1.09661076936e-23, 2.88735208214e-23, 2.35011824194e-23, 3.37293478126e-23, 5.29902924259e-23, 4.03226220149e-23, 2.61849629496e-23, 2.11307674174e-23, 1.06825839845e-22, 4.13155738581e-23, 1.30120776159e-22, 9.91633183287e-23, 1.6703361002e-22, 1.11615588692e-22, 2.52213497901e-22, 2.32463500547e-22, 2.83590497204e-22, 3.60578903933e-22, 4.71011857599e-22, 6.17451906589e-22, 6.81520892148e-22, 1.17936204797e-21, 1.60443695734e-21, 2.29171600398e-21],
        "stdev": [1.83170650416e-05, 0.000476398068713, 0.00103901349939, 0.000590365903918, 0.00462618889287, 0.00387173006311, 0.0047415276058, 0.00503671774641, 0.00254257326014, 0.00144761661068, 0.00141516467556, 0.00186332012527, 0.00138749869075, 0.000823436304927, 0.00120640790556, 0.00110989506356, 0.00125083490275, 0.000608954753261, 0.000922879728023, 0.000376231764676, 0.000589657982346, 0.000575486628804, 0.000450976047432, 0.000173018779606, 1.21210614452e-05, 9.89124693263e-09, 3.41986994279e-09]
    },
    "erbbands": {
        "max": [0.362734824419, 1.80356955528, 10.10542202, 19.512172699, 130.311233521, 233.295578003, 638.672485352, 481.8359375, 1265.18457031, 1030.76672363, 1410.54858398, 1435.96838379, 656.882629395, 623.954772949, 582.182922363, 1451.53540039, 1073.15283203, 996.630737305, 639.086242676, 481.767272949, 438.802703857, 718.109191895, 341.636077881, 695.568908691, 531.80255127, 304.336090088, 213.600662231, 411.359985352, 254.513275146, 159.624740601, 152.986068726, 57.1444778442, 22.2241344452, 3.63223028183, 0.172750428319, 0.0086199240759, 0.000666306936182, 0.000154285415192, 8.54806494317e-05, 0.000193992484128],
        "mean": [0.00316066527739, 0.0826238766313, 0.663336277008, 0.886038780212, 4.48259592056, 16.0554504395, 19.8978900909, 15.2121629715, 29.3696708679, 28.3385066986, 49.368347168, 23.0762348175, 18.5626277924, 30.868637085, 24.0483913422, 39.6821594238, 27.5748939514, 25.39686203, 37.6385612488, 42.2195777893, 48.791934967, 44.0879592896, 23.4126739502, 25.9180259705, 25.4939899445, 11.0784626007, 9.00243473053, 9.06245326996, 7.69710016251, 5.39268779755, 4.58004999161, 2.05335474014, 0.516285836697, 0.0820790827274, 0.00290578138083, 0.000209290679777, 3.79408629669e-05, 1.10297214633e-05, 1.38573350341e-05, 2.54005190072e-05],
        "min": [1.19309607847e-22, 2.11847841315e-21, 1.93066022921e-20, 2.59580601485e-20, 6.54765282871e-20, 8.97037501623e-20, 2.20233012382e-19, 1.53668560644e-19, 4.08515346423e-19, 7.64729665377e-19, 1.23825856451e-18, 7.91761048916e-19, 8.60412955554e-19, 1.0072965026e-18, 1.36656927017e-18, 3.34826809414e-18, 3.10590748339e-18, 5.9835218031e-18, 7.15018726522e-18, 6.32364771764e-18, 7.94900550893e-18, 8.28408479454e-18, 1.34286245993e-17, 1.36628763585e-17, 1.24603873584e-17, 1.44553765967e-17, 1.17942836266e-17, 1.61943501267e-17, 1.70950819849e-17, 1.85326375171e-17, 1.87773026531e-17, 1.33689898402e-17, 1.06336028162e-17, 1.20515144632e-17, 8.63835467037e-18, 5.34727184672e-18, 3.12606690889e-18, 1.45732504544e-18, 2.97437294469e-19, 3.16870177514e-20],
        "stdev": [0.00972522422671, 0.142328053713, 1.10260868073, 1.39858233929, 6.89931440353, 22.9439373016, 37.3689155579, 27.2900810242, 69.6047515869, 61.5119667053, 107.044586182, 60.2921905518, 34.9728164673, 52.2051200867, 47.6912994385, 84.005065918, 57.4407958984, 44.5502662659, 51.960723877, 55.68983078, 56.3018608093, 66.3145523071, 32.0737686157, 42.5410385132, 38.2503662109, 17.6211071014, 18.7677936554, 27.0364608765, 22.4120960236, 14.0523090363, 13.3997001648, 6.04324817657, 1.69586610794, 0.292404770851, 0.0111342500895, 0.000629436632153, 7.46118093957e-05, 1.9006209186e-05, 1.09655147753e-05, 1.84133823495e-05]
    },
    "gfcc": {
        "mean": [-49.0041465759, 132.755966187, -184.376785278, 45.3765716553, -75.9179840088, -3.64088869095, -35.3255233765, -18.8435897827, 0.206686213613, -27.0698356628, 4.64473485947, -19.0846939087, 2.77479815483],
        "cov": [[8560.63574219, -40.4508666992, -1354.58459473, 437.49899292, -765.513061523, 53.0057754517, -267.61517334, -132.726211548, 35.4744110107, -296.847259521, 86.5016098022, -0.971853911877, -70.2527923584], [-40.4508666992, 1817.10131836, 467.9503479, -367.377807617, 255.657546997, -583.914794922, -204.57321167, -221.775390625, -41.3009681702, -166.757446289, -0.436689555645, -229.184173584, -45.8727340698], [-1354.58459473, 467.9503479, 833.514404297, -44.6871452332, -18.3299713135, -185.496078491, -126.1509552, -105.240821838, -93.1500091553, -1.38999795914, -45.3847160339, -71.885383606, -30.6267242432], [437.49899292, -367.377807617, -44.6871452332, 274.563964844, -72.4853134155, 138.020385742, 29.8523750305, 26.6582489014, 18.0108089447, 32.1433334351, -10.8636703491, 36.1295814514, 3.04838633537], [-765.513061523, 255.657546997, -18.3299713135, -72.4853134155, 353.730194092, -7.70803022385, 44.7514953613, 59.7618751526, 48.0613250732, 35.1123542786, 14.8466615677, -36.9991073608, 28.744468689], [53.0057754517, -583.914794922, -185.496078491, 138.020385742, -7.70803022385, 371.098205566, 139.090911865, 114.382644653, 32.4724311829, 93.0538024902, 2.03254079819, 76.1309204102, 53.1096076965], [-267.61517334, -204.57321167, -126.1509552, 29.8523750305, 44.7514953613, 139.090911865, 193.77835083, 78.3918838501, 32.4405441284, 47.3863868713, -0.0655745267868, 25.0284767151, 12.9020080566], [-132.726211548, -221.775390625, -105.240821838, 26.6582489014, 59.7618751526, 114.382644653, 78.3918838501, 145.885467529, 54.6427536011, 52.5620498657, 17.1734371185, 7.63875246048, 16.0071334839], [35.4744110107, -41.3009681702, -93.1500091553, 18.0108089447, 48.0613250732, 32.4724311829, 32.4405441284, 54.6427536011, 103.316070557, 44.3086280823, 3.44801330566, -0.68734818697, -4.38791370392], [-296.847259521, -166.757446289, -1.38999795914, 32.1433334351, 35.1123542786, 93.0538024902, 47.3863868713, 52.5620498657, 44.3086280823, 110.686592102, 12.9617004395, 4.47994565964, 27.6135826111], [86.5016098022, -0.436689555645, -45.3847160339, -10.8636703491, 14.8466615677, 2.03254079819, -0.0655745267868, 17.1734371185, 3.44801330566, 12.9617004395, 58.7727622986, 17.2430686951, -11.8273839951], [-0.971853911877, -229.184173584, -71.885383606, 36.1295814514, -36.9991073608, 76.1309204102, 25.0284767151, 7.63875246048, -0.68734818697, 4.47994565964, 17.2430686951, 90.9066390991, 17.4397716522], [-70.2527923584, -45.8727340698, -30.6267242432, 3.04838633537, 28.744468689, 53.1096076965, 12.9020080566, 16.0071334839, -4.38791370392, 27.6135826111, -11.8273839951, 17.4397716522, 82.4769363403]],
        "icov": [[0.000717109127436, -0.00122043769807, 0.00175391556695, -0.00163881154731, 0.00205766153522, -0.00106541835703, 0.00144538772292, -0.000654025934637, 0.000265202077571, 0.000387435691664, -0.000464787968667, 0.00037866589264, 0.000251329533057], [-0.00122043769807, 0.00562952831388, -0.00460887607187, 0.00439412100241, -0.00507996091619, 0.00323440716602, -0.00377146271057, 0.00563961872831, -0.00489623239264, 0.00513812433928, -0.00494779506698, 0.00610377034172, -0.00458010658622], [0.00175391556695, -0.00460887607187, 0.00699965516105, -0.00483080279082, 0.00544871203601, -0.00229712249711, 0.00498458184302, -0.00374054466374, 0.00519562792033, -0.00433699274436, 0.00383041822352, -0.00230314792134, 0.00399953871965], [-0.00163881154731, 0.00439412100241, -0.00483080279082, 0.00946858711541, -0.00460191303864, 0.00105228472967, -0.00327884964645, 0.00370510667562, -0.00340778357349, 0.00131407740992, -0.000314783130307, 0.0015463019954, -0.00136907678097], [0.00205766153522, -0.00507996091619, 0.00544871203601, -0.00460191303864, 0.0105035761371, -0.00353779969737, 0.00373232224956, -0.00457353563979, 0.000839966407511, -0.000825613737106, -0.000745614583138, 8.99855440366e-05, 0.000237053187448], [-0.00106541835703, 0.00323440716602, -0.00229712249711, 0.00105228472967, -0.00353779969737, 0.00959670264274, -0.00458654295653, -0.000594419892877, 0.000821340014227, -0.00279507180676, 0.00135119142942, -0.00188028730918, -0.00254342914559], [0.00144538772292, -0.00377146271057, 0.00498458184302, -0.00327884964645, 0.00373232224956, -0.00458654295653, 0.0119666336104, -0.00544578256086, 0.00345319672488, -0.00357703492045, 0.00437929155305, -0.00324306008406, 0.00463834311813], [-0.000654025934637, 0.00563961872831, -0.00374054466374, 0.00370510667562, -0.00457353563979, -0.000594419892877, -0.00544578256086, 0.0196476727724, -0.0110379643738, 0.00767179159448, -0.0115917213261, 0.0113750081509, -0.00715427100658], [0.000265202077571, -0.00489623239264, 0.00519562792033, -0.00340778357349, 0.000839966407511, 0.000821340014227, 0.00345319672488, -0.0110379643738, 0.0240094084293, -0.0164186041802, 0.0136927515268, -0.0110431173816, 0.0114113725722], [0.000387435691664, 0.00513812433928, -0.00433699274436, 0.00131407740992, -0.000825613737106, -0.00279507180676, -0.00357703492045, 0.00767179159448, -0.0164186041802, 0.0295148007572, -0.0186705589294, 0.016025274992, -0.0141341909766], [-0.000464787968667, -0.00494779506698, 0.00383041822352, -0.000314783130307, -0.000745614583138, 0.00135119142942, 0.00437929155305, -0.0115917213261, 0.0136927515268, -0.0186705589294, 0.0363864004612, -0.0198699105531, 0.015639487654], [0.00037866589264, 0.00610377034172, -0.00230314792134, 0.0015463019954, 8.99855440366e-05, -0.00188028730918, -0.00324306008406, 0.0113750081509, -0.0110431173816, 0.016025274992, -0.0198699105531, 0.0309048704803, -0.0130530018359], [0.000251329533057, -0.00458010658622, 0.00399953871965, -0.00136907678097, 0.000237053187448, -0.00254342914559, 0.00463834311813, -0.00715427100658, 0.0114113725722, -0.0141341909766, 0.015639487654, -0.0130530018359, 0.0238872375339]]
    },
    "melbands": {
        "max": [0.002958383644, 0.00403452338651, 0.00462252181023, 0.0125519298017, 0.0167889222503, 0.00956244766712, 0.0170156192034, 0.0133031411096, 0.00966109614819, 0.00876268278807, 0.00315526197664, 0.0027498784475, 0.00289346487261, 0.0026161542628, 0.00280554452911, 0.00394469313323, 0.00185922672972, 0.000843765330501, 0.00119169370737, 0.00101923325565, 0.000450436782558, 0.000835665268824, 0.000280638312688, 0.000526684219949, 0.000591242220253, 0.000527051568497, 0.000223734896281, 0.000207123594009, 0.000123190024169, 0.000203931471333, 0.000285322777927, 0.000163558390341, 0.000106011932075, 9.78011812549e-05, 0.000107458203274, 6.8381697929e-05, 4.22943121521e-05, 2.13371295104e-05, 9.46294403548e-06, 1.75886702891e-06],
        "mean": [4.66924611828e-05, 0.00025556635228, 0.000228586228332, 0.000757940637413, 0.0006936431746, 0.000379284261726, 0.000446498976089, 0.000329051690642, 0.000391814915929, 0.000126475060824, 9.06502027647e-05, 0.000124533704366, 7.91816710262e-05, 8.85129047674e-05, 9.659765783e-05, 4.92419749207e-05, 4.63700343971e-05, 5.36594598088e-05, 6.82167010382e-05, 5.55117549084e-05, 5.88852562942e-05, 5.34687314939e-05, 2.21152531594e-05, 1.90329665202e-05, 2.09676200029e-05, 2.28538465308e-05, 1.12822717711e-05, 6.61780495648e-06, 5.5357495512e-06, 5.57837347515e-06, 5.1621741477e-06, 4.55312010672e-06, 3.47948548551e-06, 2.79808136838e-06, 2.78963875644e-06, 2.04964635486e-06, 9.49278216922e-07, 3.92940052052e-07, 1.65400052765e-07, 2.81688290471e-08],
        "min": [1.46970338251e-24, 1.10717842894e-23, 5.45775547202e-24, 3.99078697165e-24, 7.31134036329e-24, 3.64119340074e-24, 6.38347743341e-24, 9.78631572278e-24, 9.71903377617e-24, 4.7603610166e-24, 4.01587629831e-24, 3.88165279858e-24, 3.06181845321e-24, 1.28584516878e-23, 6.63754270971e-24, 3.50559846633e-24, 1.22519430805e-23, 1.17148163676e-23, 7.65015691095e-24, 1.09132713679e-23, 8.14449423062e-24, 6.86940470697e-24, 1.4463386044e-23, 9.97346429507e-24, 1.08805746611e-23, 8.27573465284e-24, 9.24479899894e-24, 9.90736327324e-24, 6.95078359795e-24, 7.41537849492e-24, 9.74724580872e-24, 8.9007057607e-24, 1.02746072125e-23, 1.0482018466e-23, 1.07178310787e-23, 7.97278603282e-24, 8.5073686693e-24, 7.29847009762e-24, 7.70678529103e-24, 1.13687793761e-23],
        "stdev": [9.68964159256e-05, 0.000404867052566, 0.000293958146358, 0.0010789782973, 0.00108239683323, 0.000634326424915, 0.00103310123086, 0.000793284154497, 0.000852509343531, 0.000354940973921, 0.000181631810847, 0.000217989974772, 0.00016550681903, 0.000182121875696, 0.000221311565838, 0.000143502547871, 8.39544227347e-05, 7.93845683802e-05, 0.000103125967144, 8.66814079927e-05, 7.15456335456e-05, 8.24832677608e-05, 3.21320985677e-05, 3.13486088999e-05, 3.73371985916e-05, 3.89131200791e-05, 1.70582570718e-05, 1.19537980936e-05, 1.11808785732e-05, 1.50691003e-05, 1.70298753801e-05, 1.36877943078e-05, 9.52695518208e-06, 7.40949235478e-06, 8.44790884003e-06, 6.10498636888e-06, 3.14845215144e-06, 1.38109442105e-06, 5.84918211644e-07, 1.22864491914e-07]
    },
    "melbands128": {
        "max": [0.0004625316069, 0.00298474472947, 0.00421505374834, 0.00372480088845, 0.00624374300241, 0.0048793964088, 0.00497229862958, 0.00500167859718, 0.0161926094443, 0.0202715620399, 0.0150831546634, 0.010691838339, 0.0317876189947, 0.0233935415745, 0.0153454970568, 0.0134296808392, 0.0237141195685, 0.0271709915251, 0.020256858319, 0.0147720500827, 0.0296733528376, 0.0260065775365, 0.0167303606868, 0.0148692568764, 0.0161152519286, 0.0075243092142, 0.0081672295928, 0.00375418993644, 0.00502229807898, 0.00583640020341, 0.00368099380285, 0.00693078245968, 0.00352232251316, 0.00435422500595, 0.0051562236622, 0.00308618042618, 0.00808942504227, 0.0060145733878, 0.00264927372336, 0.00265332870185, 0.00843773502856, 0.00264895590954, 0.00333183677867, 0.00206827023067, 0.00173657340929, 0.00152899697423, 0.00299067492597, 0.00237942673266, 0.0013356738491, 0.00122511363588, 0.00161751185078, 0.00152694596909, 0.000582593376748, 0.000999284209684, 0.00180502946023, 0.00145555764902, 0.00123471161351, 0.000423070043325, 0.00052712514298, 0.000574641569983, 0.000516613945365, 0.000980880460702, 0.00113011046778, 0.000555745034944, 0.000696344650351, 0.000913933385164, 0.000499286514241, 0.000467801583, 0.000301649066387, 0.000319776969263, 0.000343788793543, 0.000191469283891, 0.000182671705261, 0.000191300074221, 0.000159945906489, 0.000361505080946, 0.000286341761239, 0.0002667667286, 0.000347696768586, 0.000318248523399, 0.00020829596906, 0.000294937606668, 0.000171079052961, 0.000135477806907, 0.000106090235931, 0.000154424575157, 0.000141262615216, 0.000136099537485, 0.000170638959389, 0.000108159722004, 0.000128648956888, 8.48290437716e-05, 5.1244860515e-05, 6.30532522337e-05, 4.25998950959e-05, 3.0188675737e-05, 1.86336365005e-05, 1.48117333083e-05, 1.10814662548e-05, 7.91176535131e-06, 3.47451691596e-06, 2.40897816184e-06, 6.59004115278e-07, 3.48433459862e-08, 8.41241654115e-09, 6.48185149998e-08, 4.79360267036e-08, 6.94519908251e-09, 1.06681175005e-09, 1.00336616793e-09, 9.4414709384e-10, 8.77438177671e-10, 8.38354996535e-10, 7.97200139235e-10, 7.54912299339e-10, 7.21473158993e-10, 6.91439960843e-10, 6.54865939254e-10, 6.34287400381e-10, 6.16760420513e-10, 5.94998217363e-10, 5.78770087412e-10, 5.6537141635e-10, 5.50775647312e-10, 5.42207390097e-10, 5.34545629982e-10, 5.27765886549e-10, 5.23204091163e-10],
        "mean": [4.52358972325e-06, 1.77944275492e-05, 3.43511637766e-05, 0.000155201967573, 0.000346752611222, 0.000272402190603, 0.000154056964675, 0.000158410533913, 0.000371892150724, 0.000869934563525, 0.00101890135556, 0.000654062896501, 0.000796465435997, 0.000486429053126, 0.000231921338127, 0.000398701464292, 0.000495124491863, 0.000470536557259, 0.000402259000111, 0.000229824188864, 0.000354782561772, 0.000414617359638, 0.000508538330905, 0.00021935456607, 0.000116278097266, 0.000101675832411, 8.41489381855e-05, 8.94533877727e-05, 8.4714127297e-05, 0.000135409703944, 0.000139803261845, 0.000110116758151, 5.08153898409e-05, 9.11059905775e-05, 5.73716861254e-05, 8.80720908754e-05, 0.00014005030971, 0.000107222665974, 6.75152768963e-05, 4.5665223297e-05, 5.27821575815e-05, 4.01541801693e-05, 4.38212045992e-05, 5.58622778044e-05, 3.705834024e-05, 4.95829626743e-05, 7.70924671087e-05, 8.19776032586e-05, 5.91252173763e-05, 3.80645578844e-05, 6.55524636386e-05, 6.22639636276e-05, 4.38515016867e-05, 6.11091745668e-05, 8.42908921186e-05, 4.97341352457e-05, 3.60329431714e-05, 1.91575236386e-05, 1.84280470421e-05, 2.36374635278e-05, 1.86740289791e-05, 1.59476840054e-05, 1.89323636732e-05, 2.20191614062e-05, 2.52737791016e-05, 2.40207864408e-05, 2.26911051868e-05, 1.37187034852e-05, 9.35359548748e-06, 5.96402196607e-06, 6.01516376264e-06, 7.94874904386e-06, 5.81918175158e-06, 4.96935354022e-06, 4.92440813105e-06, 6.27789768259e-06, 5.35145818503e-06, 5.16946556672e-06, 5.40798009752e-06, 4.88912610308e-06, 4.54454811916e-06, 4.68837197332e-06, 3.87907266486e-06, 3.3763965348e-06, 3.1757049328e-06, 2.70935720437e-06, 2.70992973128e-06, 2.79982396023e-06, 2.95513268611e-06, 2.6190632525e-06, 2.50129960477e-06, 1.88938872725e-06, 1.33218213705e-06, 9.54532424657e-07, 7.13320162049e-07, 4.91114121814e-07, 3.33139894337e-07, 2.24791421033e-07, 1.89511467852e-07, 1.29074976485e-07, 5.10807716125e-08, 7.48125916772e-09, 1.85326243241e-09, 7.84078496574e-11, 5.13807225933e-11, 1.98806915375e-10, 1.42243800072e-10, 9.50364786867e-11, 1.7349410103e-11, 4.9789998513e-12, 4.69478188964e-12, 4.53884412693e-12, 4.39343179892e-12, 4.2162332653e-12, 4.07192812454e-12, 3.95853141932e-12, 3.82712828442e-12, 3.64009603709e-12, 3.52723579511e-12, 3.43771452277e-12, 3.34145818653e-12, 3.2686392655e-12, 3.20938891782e-12, 3.14395102834e-12, 3.04138897227e-12, 2.90054785745e-12, 2.82170814492e-12, 2.79776375678e-12],
        "min": [1.95515921308e-24, 7.42929183192e-25, 1.55230264132e-24, 2.30455458269e-24, 1.20031955156e-23, 5.99683579894e-24, 4.76773962708e-24, 5.83254328809e-24, 4.71981711595e-24, 7.22936933359e-25, 3.92481808402e-24, 4.51499529836e-24, 9.43276246455e-24, 5.6282330468e-24, 2.5615459413e-24, 2.93755984443e-24, 3.97001192528e-24, 9.48995093588e-24, 5.51902274865e-24, 8.34712735362e-24, 8.38244860065e-24, 1.42852202308e-23, 7.42168543785e-24, 8.97685765932e-24, 3.73297223947e-24, 1.94429285132e-24, 3.01213047137e-24, 3.27638980272e-24, 4.00896627121e-24, 2.91583126244e-24, 3.3097688742e-24, 1.71013862149e-24, 3.17628512878e-24, 1.83928146256e-24, 7.82701637045e-24, 6.93778395909e-24, 7.75449007655e-24, 6.54526018329e-24, 3.95160543378e-24, 1.3256558035e-24, 2.64595169158e-24, 7.61964377113e-24, 1.14111199075e-23, 1.59445544351e-23, 9.83098181609e-24, 1.00233092602e-23, 1.5465192062e-23, 6.40221721864e-24, 3.00220403739e-24, 1.16812692688e-23, 8.65986810405e-24, 1.43460256294e-23, 1.0478586921e-23, 4.33284218775e-24, 4.76925108457e-24, 7.08795940962e-24, 5.54944793047e-24, 4.85067967379e-24, 1.78932838401e-23, 8.96044698591e-24, 7.14920499258e-24, 8.74171636727e-24, 1.02641682161e-23, 7.48701022055e-24, 7.41130008404e-24, 8.36143650158e-24, 9.74286210867e-24, 8.06991374292e-24, 1.06534339964e-23, 7.13466234179e-24, 6.49392821533e-24, 7.512744441e-24, 6.70343389454e-24, 8.13681782515e-24, 4.58132785087e-24, 7.12377448358e-24, 6.25425807283e-24, 9.52868400632e-24, 7.52160492669e-24, 6.33484691961e-24, 8.5787266602e-24, 7.0529568624e-24, 1.47539266708e-23, 7.96949963829e-24, 1.10935647389e-23, 9.31171806953e-24, 1.11327569264e-23, 6.19942790118e-24, 9.41478195794e-24, 1.36271067098e-23, 8.03976032368e-24, 6.0489447949e-24, 7.60327648507e-24, 8.46687407245e-24, 6.33674136908e-24, 1.02607137942e-23, 4.80580808221e-24, 6.33482128163e-24, 7.26808317555e-24, 5.75489925906e-24, 9.30386811467e-24, 1.04296333687e-23, 1.28953293574e-23, 8.43930417267e-24, 6.51429778719e-24, 9.3735608202e-24, 8.10887242758e-24, 9.15611920028e-24, 9.22266198422e-24, 8.3378882147e-24, 9.57989843401e-24, 7.94503627276e-24, 9.04857063763e-24, 1.35450478207e-23, 7.89287521199e-24, 1.16825022584e-23, 1.09166121939e-23, 1.21325529268e-23, 6.52736526809e-24, 6.72183723059e-24, 8.58004169133e-24, 9.58258056109e-24, 6.00469522014e-24, 1.13541041967e-23, 8.76064745128e-24, 9.83224162696e-24, 8.91801810212e-24, 6.49369747351e-24],
        "stdev": [1.55354755407e-05, 7.91577404016e-05, 0.000116667200928, 0.000289076473564, 0.000612298201304, 0.000449650513474, 0.000326645531459, 0.000302591855871, 0.000720577023458, 0.00149072392378, 0.00166540581267, 0.00110878283158, 0.00175998650957, 0.0011791838333, 0.000725302146748, 0.000793535844423, 0.00126522837672, 0.00159197999164, 0.00112714245915, 0.000635096046608, 0.00143540487625, 0.00125412270427, 0.00131379195955, 0.00073405058356, 0.000550935976207, 0.00034173153108, 0.000264329690253, 0.000196228458663, 0.000276861974271, 0.000336679746397, 0.000262368906988, 0.000331085349899, 0.000176774832653, 0.000264447182417, 0.000216280430323, 0.000225031209993, 0.000398763921112, 0.000379941280698, 0.000169996375917, 0.0001343152544, 0.000257502979366, 0.000119451731734, 0.000106945917651, 0.00012332026381, 8.72609234648e-05, 9.87667372101e-05, 0.000165359786479, 0.000162740427186, 0.000109901811811, 8.26786781545e-05, 0.000125055943499, 0.000121689670777, 7.00818563928e-05, 9.91960914689e-05, 0.00016557033814, 0.00011181354057, 9.25645726966e-05, 3.36943448929e-05, 3.73123075406e-05, 4.76869681734e-05, 4.08073210565e-05, 4.20655669586e-05, 4.56789239252e-05, 4.71249768452e-05, 6.16072647972e-05, 5.4593601817e-05, 4.19327079726e-05, 3.06675574393e-05, 1.84212476597e-05, 1.50880896399e-05, 1.39439853228e-05, 1.5672407244e-05, 1.30933240143e-05, 1.27069342852e-05, 1.11765612019e-05, 1.84123728104e-05, 1.69050199474e-05, 1.64248940564e-05, 1.9896444428e-05, 1.73310345417e-05, 1.47772570926e-05, 1.58994334925e-05, 1.2378842257e-05, 9.52695336309e-06, 9.09927894099e-06, 7.85730844655e-06, 8.09665107226e-06, 8.4014445747e-06, 9.94420315692e-06, 8.69164068718e-06, 8.3330896814e-06, 6.03651778874e-06, 4.37223070548e-06, 3.56830582859e-06, 2.80539802588e-06, 1.82022483841e-06, 1.22067922348e-06, 8.38351809307e-07, 6.88119200731e-07, 5.16029047049e-07, 2.25493394623e-07, 8.41658405193e-08, 2.2889111051e-08, 1.00723818175e-09, 4.65142868666e-10, 2.2380963749e-09, 1.50829060352e-09, 4.01061323041e-10, 5.80853733168e-11, 2.46095453044e-11, 2.31756541041e-11, 2.15917388136e-11, 2.06350578985e-11, 1.96395451985e-11, 1.86233979627e-11, 1.78151486618e-11, 1.70876316569e-11, 1.62183964175e-11, 1.5713052387e-11, 1.52792379443e-11, 1.47548674667e-11, 1.4358947191e-11, 1.40310462901e-11, 1.36795878444e-11, 1.34687322059e-11, 1.32840067071e-11, 1.31214041368e-11, 1.30119881883e-11]
    },
    "mfcc": {
        "mean": [-653.78137207, 129.876983643, -36.2836074829, 25.2637825012, -11.7383708954, 3.17702651024, -21.9058322906, 3.34009838104, -14.0773820877, 3.36138081551, -13.3481740952, -0.920622050762, -3.49225258827],
        "cov": [[5743.3359375, -1212.50024414, -546.719421387, -116.79158783, -341.791717529, 77.3928604126, -223.625549316, 284.636016846, -193.597854614, 3.57459640503, -20.8884067535, 29.5756225586, 35.1760025024], [-1212.50024414, 2190.8894043, 178.924209595, 223.535171509, 274.212158203, -307.449768066, -118.69921875, -266.474578857, -168.236587524, -18.745349884, -119.236373901, -119.768783569, -1.95789778233], [-546.719421387, 178.924209595, 709.141601562, 116.90827179, -28.8637275696, -24.4492740631, -63.8547897339, -125.161659241, -66.146736145, -100.391014099, -63.2063941956, -4.96562576294, -26.0286388397], [-116.79158783, 223.535171509, 116.90827179, 205.84602356, 37.4230461121, -31.5142383575, -48.5958900452, -35.3727722168, -50.9128723145, 10.1975841522, -26.5391101837, -34.2854804993, 3.35717535019], [-341.791717529, 274.212158203, -28.8637275696, 37.4230461121, 230.953186035, -29.1019420624, 12.6589412689, -45.2618103027, 24.9758148193, 28.1399707794, -2.55729436874, -12.7092790604, 24.9792041779], [77.3928604126, -307.449768066, -24.4492740631, -31.5142383575, -29.1019420624, 176.840423584, 55.9537696838, 43.2714233398, 74.9242782593, 0.675476431847, 22.8057384491, 42.2459449768, -8.86372375488], [-223.625549316, -118.69921875, -63.8547897339, -48.5958900452, 12.6589412689, 55.9537696838, 168.934387207, 30.7211666107, 81.5683746338, 19.385017395, 28.8251247406, 38.5423278809, -11.8851051331], [284.636016846, -266.474578857, -125.161659241, -35.3727722168, -45.2618103027, 43.2714233398, 30.7211666107, 149.527908325, 12.9330101013, 19.0148124695, 31.0853290558, 14.0012168884, 6.35461139679], [-193.597854614, -168.236587524, -66.146736145, -50.9128723145, 24.9758148193, 74.9242782593, 81.5683746338, 12.9330101013, 183.358123779, 41.9025917053, 38.1177330017, 30.7518939972, -6.49903821945], [3.57459640503, -18.745349884, -100.391014099, 10.1975841522, 28.1399707794, 0.675476431847, 19.385017395, 19.0148124695, 41.9025917053, 128.314712524, 37.5797042847, 14.5412473679, -2.69989585876], [-20.8884067535, -119.236373901, -63.2063941956, -26.5391101837, -2.55729436874, 22.8057384491, 28.8251247406, 31.0853290558, 38.1177330017, 37.5797042847, 92.3680267334, 31.7390403748, 5.75707435608], [29.5756225586, -119.768783569, -4.96562576294, -34.2854804993, -12.7092790604, 42.2459449768, 38.5423278809, 14.0012168884, 30.7518939972, 14.5412473679, 31.7390403748, 105.851799011, 0.730361640453], [35.1760025024, -1.95789778233, -26.0286388397, 3.35717535019, 24.9792041779, -8.86372375488, -11.8851051331, 6.35461139679, -6.49903821945, -2.69989585876, 5.75707435608, 0.730361640453, 78.7499771118]],
        "icov": [[0.000273368292255, 0.000135955691803, 0.000239595479798, -1.47478640429e-05, 0.000185033204616, -3.24305874528e-05, 0.000428485247539, -0.000166769183124, 0.000281697342871, -3.79729281121e-05, 0.000294863479212, -0.000179776659934, -2.10674825212e-05], [0.000135955691803, 0.000942563288845, 0.000213735183934, -0.000480080198031, -0.000613067182712, 0.000949613051489, 7.55462897359e-05, 0.000854561745655, 0.000454902445199, 5.20810317539e-05, 0.000461977644591, 9.95869595499e-06, 0.000303068634821], [0.000239595479798, 0.000213735183934, 0.00235356017947, -0.00125110009685, 0.000530654739123, -9.64969603956e-06, 0.000567215844058, 0.00138905632775, 0.000263185997028, 0.00142786605284, 0.000530198973138, -0.000878179562278, 0.000573698896915], [-1.47478640429e-05, -0.000480080198031, -0.00125110009685, 0.00695029925555, -0.000708768435288, -0.00106720451731, 0.000765922595747, -0.000349952519173, 0.00138358876575, -0.00228664232418, 0.000505578296725, 0.00152556633111, -0.000481950643007], [0.000185033204616, -0.000613067182712, 0.000530654739123, -0.000708768435288, 0.00620151404291, -3.13731979986e-05, -0.000474432628835, 0.00103930663317, -0.00102694937959, -0.00086505280342, 0.000226536838454, 0.000206447584787, -0.00215126550756], [-3.24305874528e-05, 0.000949613051489, -9.64969603956e-06, -0.00106720451731, -3.13731979986e-05, 0.00931561179459, -0.000956261064857, -0.000892680196557, -0.00283352704719, 0.00150739459787, 0.00040176830953, -0.00202838191763, 0.000873863871675], [0.000428485247539, 7.55462897359e-05, 0.000567215844058, 0.000765922595747, -0.000474432628835, -0.000956261064857, 0.00921520683914, -0.00151343899779, -0.00230302312411, 0.0003044406767, 8.80590741872e-05, -0.00199857936241, 0.00135353964288], [-0.000166769183124, 0.000854561745655, 0.00138905632775, -0.000349952519173, 0.00103930663317, -0.000892680196557, -0.00151343899779, 0.0107176285237, 0.00143750256393, -0.000440911360784, -0.00157860131003, 0.000701207318343, -0.000741204014048], [0.000281697342871, 0.000454902445199, 0.000263185997028, 0.00138358876575, -0.00102694937959, -0.00283352704719, -0.00230302312411, 0.00143750256393, 0.00955349206924, -0.002334759105, -0.00100963935256, 0.000398873671656, 0.000235220009927], [-3.79729281121e-05, 5.20810317539e-05, 0.00142786605284, -0.00228664232418, -0.00086505280342, 0.00150739459787, 0.0003044406767, -0.000440911360784, -0.002334759105, 0.011180985719, -0.00321046891622, -0.00126786727924, 0.00155037606601], [0.000294863479212, 0.000461977644591, 0.000530198973138, 0.000505578296725, 0.000226536838454, 0.00040176830953, 8.80590741872e-05, -0.00157860131003, -0.00100963935256, -0.00321046891622, 0.0152910770848, -0.00317020784132, -0.00113435229287], [-0.000179776659934, 9.95869595499e-06, -0.000878179562278, 0.00152556633111, 0.000206447584787, -0.00202838191763, -0.00199857936241, 0.000701207318343, 0.000398873671656, -0.00126786727924, -0.00317020784132, 0.0124454181641, -0.000820959918201], [-2.10674825212e-05, 0.000303068634821, 0.000573698896915, -0.000481950643007, -0.00215126550756, 0.000873863871675, 0.00135353964288, -0.000741204014048, 0.000235220009927, 0.00155037606601, -0.00113435229287, -0.000820959918201, 0.0141334561631]]
    },
    "spectral_contrast_coeffs": {
        "max": [-0.365340352058, -0.465583622456, -0.509175419807, -0.572354912758, -0.548820257187, -0.495153903961],
        "mean": [-0.650356292725, -0.732947289944, -0.751617014408, -0.770278930664, -0.751339673996, -0.672228395939],
        "min": [-0.966395735741, -0.965568006039, -0.966597795486, -0.968470036983, -0.964847564697, -0.962884783745],
        "stdev": [0.104154221714, 0.083103440702, 0.0621650964022, 0.0544014945626, 0.063121676445, 0.0530763491988]
    },
    "spectral_contrast_valleys": {
        "max": [-5.89043235779, -4.52782535553, -5.07309532166, -5.612865448, -5.31231594086, -8.64285182953],
        "mean": [-7.41583919525, -6.75267505646, -7.41275024414, -7.46900558472, -7.69834852219, -11.6361560822],
        "min": [-26.951210022, -27.4115200043, -27.0724411011, -27.3374004364, -27.2053356171, -27.235162735],
        "stdev": [1.10583543777, 1.11701154709, 1.14081311226, 1.19571089745, 1.18138623238, 1.21282982826]
    }
},
"rhythm": {
    "beats_count": 65,
    "beats_loudness": {
        "max": 0.153402119875,
        "mean": 0.0254778154194,
        "min": 0.00277850939892,
        "stdev": 0.0221905559301
    },
    "bpm": 99.5830535889,
    "bpm_histogram_first_peak_bpm": 99,
    "bpm_histogram_first_peak_weight": 0.466666638851,
    "bpm_histogram_second_peak_bpm": 92,
    "bpm_histogram_second_peak_spread": 0.473684191704,
    "bpm_histogram_second_peak_weight": 0.15625,
    "danceability": 1.11497783661,
    "onset_rate": 2.44778108597,
    "beats_loudness_band_ratio": {
        "max": [0.39701166749, 0.823112666607, 0.681129217148, 0.436006516218, 0.595821619034, 0.881447374821],
        "mean": [0.0969463512301, 0.289512246847, 0.238588392735, 0.157724916935, 0.163092553616, 0.10696836561],
        "min": [0.0030527652707, 0.00899720657617, 0.0216065831482, 0.00756050599739, 0.00582937616855, 0.000881050946191],
        "stdev": [0.0929208025336, 0.225601240993, 0.165379047394, 0.124475762248, 0.143764168024, 0.18513520062]
    },
