{
"metadata": {
    "version": {
        "essentia": "2.1-beta5",
        "essentia_git_sha": "Undefined",
        "extractor": "music 2.0"
    },
    "audio_properties": {
        "analysis": {
            "equal_loudness": 0,
            "length": 12.7477550507,
            "sample_rate": 44100,
            "start_time": 0,
            "downmix": "mix"
        },
        "bit_rate": 192000,
        "length": 201.653701782,
        "lossless": 0,
        "number_channels": 2,
        "replay_gain": -9.57930183411,
        "sample_rate": 48000,
        "codec": "mp3",
        "md5_encoded": "04364ac0c9b47445a6b386ac747493d9"
    },
    "tags": {
        "file_name": "Croatia_Neka Mi Ne Svane_Danijela.mp3",
        "encoding": ["Lavf58.29.100"]
    }
},
"lowlevel": {
    "average_loudness": 0.809730172157,
    "barkbands_crest": {
        "max": 25.2325305939,
        "mean": 8.57721042633,
        "min": 2.81187868118,
        "stdev": 4.53950595856
    },
    "barkbands_flatness_db": {
        "max": 0.296230971813,
        "mean": 0.146256238222,
        "min": 0.0445557497442,
        "stdev": 0.0461212471128
    },
    "barkbands_kurtosis": {
        "max": 103.322692871,
        "mean": 3.80518603325,
        "min": -1.8439013958,
        "stdev": 9.76499938965
    },
    "barkbands_skewness": {
        "max": 3.8644464016,
        "mean": -0.292876243591,
        "min": -9.44936752319,
        "stdev": 1.91633033752
    },
    "barkbands_spread": {
        "max": 62.3503341675,
        "mean": 20.6057605743,
        "min": 1.80273127556,
        "stdev": 12.3372812271
    },
    "dissonance": {
        "max": 0.500000059605,
        "mean": 0.484164148569,
        "min": 0.358105629683,
        "stdev": 0.0201070718467
    },
    "dynamic_complexity": 7.39806509018,
    "erbbands_crest": {
        "max": 30.0209846497,
        "mean": 9.3700466156,
        "min": 2.66595983505,
        "stdev": 4.82680940628
    },
    "erbbands_flatness_db": {
        "max": 0.402679055929,
        "mean": 0.232477143407,
        "min": 0.085261836648,
        "stdev": 0.0497843436897
    },
    "erbbands_kurtosis": {
        "max": 89.6149215698,
        "mean": 3.76533865929,
        "min": -1.72306871414,
        "stdev": 11.0679273605
    },
    "erbbands_skewness": {
        "max": 1.97849786282,
        "mean": -0.557317078114,
        "min": -5.26838159561,
        "stdev": 1.18716001511
    },
    "erbbands_spread": {
        "max": 85.1181182861,
        "mean": 25.5249423981,
        "min": 0.724171519279,
        "stdev": 16.0864162445
    },
    "hfc": {
        "max": 321.095947266,
        "mean": 17.8125114441,
        "min": 0.00724323373288,
        "stdev": 34.2282676697
    },
    "loudness_ebu128": {
        "integrated": -16.1398162842,
        "loudness_range": 10.6894369125,
        "momentary": {
            "max": -11.8283958435,
            "mean": -20.4003887177,
            "min": -48.2796936035,
            "stdev": 8.24361419678
        },
        "short_term": {
            "max": -13.7886686325,
            "mean": -17.8864307404,
            "min": -28.0024738312,
            "stdev": 4.30344247818
        }
    },
    "melbands_crest": {
        "max": 28.5591087341,
        "mean": 9.94571113586,
        "min": 2.74395155907,
        "stdev": 5.36177778244
    },
    "melbands_flatness_db": {
        "max": 0.293269068003,
        "mean": 0.14076833427,
        "min": 0.043657835573,
        "stdev": 0.0526326671243
    },
    "melbands_kurtosis": {
        "max": 60.5339889526,
        "mean": 3.87273168564,
        "min": -1.8033592701,
        "stdev": 7.46915006638
    },
    "melbands_skewness": {
        "max": 6.60593509674,
        "mean": 0.733517229557,
        "min": -5.19082355499,
        "stdev": 1.78739762306
    },
    "melbands_spread": {
        "max": 151.581573486,
        "mean": 41.2438774109,
        "min": 4.79989719391,
        "stdev": 24.6027145386
    },
    "pitch_salience": {
        "max": 0.874497175217,
        "mean": 0.736681818962,
        "min": 0.34947013855,
        "stdev": 0.0858441442251
    },
    "silence_rate_20dB": {
        "max": 1,
        "mean": 1,
        "min": 1,
        "stdev": 0
    },
    "silence_rate_30dB": {
        "max": 1,
        "mean": 1,
        "min": 1,
        "stdev": 0
    },
    "silence_rate_60dB": {
        "max": 1,
        "mean": 0.438181817532,
        "min": 0,
        "stdev": 0.496165305376
    },
    "spectral_centroid": {
        "max": 5440.94482422,
        "mean": 2321.30224609,
        "min": 488.917907715,
        "stdev": 911.335510254
    },
    "spectral_complexity": {
        "max": 45,
        "mean": 14.4418182373,
        "min": 0,
        "stdev": 12.0914268494
    },
    "spectral_decrease": {
        "max": -1.10750482136e-12,
        "mean": -2.55719112552e-09,
        "min": -1.73466574438e-08,
        "stdev": 3.28850768838e-09
    },
    "spectral_energy": {
        "max": 0.0709208101034,
        "mean": 0.0112670781091,
        "min": 4.97727478432e-06,
        "stdev": 0.0141220707446
    },
    "spectral_energyband_high": {
        "max": 0.054144423455,
        "mean": 0.00121418468188,
        "min": 5.35466426754e-07,
        "stdev": 0.00529838586226
    },
    "spectral_energyband_low": {
        "max": 0.00355929345824,
        "mean": 0.000292072771117,
        "min": 9.75297098194e-07,
        "stdev": 0.000460251496406
    },
    "spectral_energyband_middle_high": {
        "max": 0.0499070696533,
        "mean": 0.00422006240115,
        "min": 1.09264476578e-06,
        "stdev": 0.00657994532958
    },
    "spectral_energyband_middle_low": {
        "max": 0.055285744369,
        "mean": 0.00571753829718,
        "min": 1.18430284601e-06,
        "stdev": 0.00875015184283
    },
    "spectral_entropy": {
        "max": 8.53465938568,
        "mean": 7.65361595154,
        "min": 6.14285612106,
        "stdev": 0.376940280199
    },
    "spectral_flux": {
        "max": 0.208790272474,
        "mean": 0.0602199137211,
        "min": 0.00138021784369,
        "stdev": 0.0468293018639
    },
    "spectral_kurtosis": {
        "max": 39.5951728821,
        "mean": 5.08917331696,
        "min": -0.752775669098,
        "stdev": 5.27177095413
    },
    "spectral_rms": {
        "max": 0.00831811502576,
        "mean": 0.00263059302233,
        "min": 6.96841307217e-05,
        "stdev": 0.00201798090711
    },
    "spectral_rolloff": {
        "max": 7041.35742188,
        "mean": 2841.09057617,
        "min": 215.33203125,
        "stdev": 1418.33544922
    },
    "spectral_skewness": {
        "max": 4.0896935463,
        "mean": 1.11386322975,
        "min": -0.882173955441,
        "stdev": 0.663036704063
    },
    "spectral_spread": {
        "max": 14895239,
        "mean": 2833864.75,
        "min": 1081304.375,
        "stdev": 894180.25
    },
    "spectral_strongpeak": {
        "max": 16.7367286682,
        "mean": 1.09930932522,
        "min": 0,
        "stdev": 1.766451478
    },
    "zerocrossingrate": {
        "max": 0.27392578125,
        "mean": 0.0985493585467,
        "min": 0.02001953125,
        "stdev": 0.0454543121159
    },
    "barkbands": {
        "max": [0.000514968764037, 0.000416156224674, 0.00189675728325, 0.00760434567928, 0.0259195528924, 0.045025806874, 0.0174021199346, 0.0192084889859, 0.0143134854734, 0.019972383976, 0.0120342839509, 0.0231109969318, 0.0172885488719, 0.00863516144454, 0.00670511228964, 0.00780265778303, 0.00905707664788, 0.00525987707078, 0.0109403235838, 0.00633488455787, 0.0147669343278, 0.0241650007665, 0.0260369945318, 0.000134896894451, 2.54703500104e-05, 2.69527731689e-06, 1.24006165336e-08],
        "mean": [1.46822258102e-05, 4.50184488727e-05, 0.000125648177345, 0.000285027665086, 0.001600360265, 0.00152647157665, 0.000624852371402, 0.000598760379944, 0.000892871816177, 0.000653271155898, 0.000275414873613, 0.000485866185045, 0.000540604582056, 0.00024653490982, 0.000263195979642, 0.000329069211148, 0.000377970805857, 0.000354563235305, 0.000579497951549, 0.000304543878883, 0.00029225286562, 0.000494469364639, 0.000349974172423, 5.00808801007e-06, 9.94401261778e-07, 1.58259666705e-07, 4.52422821429e-10],
        "min": [1.90496276531e-08, 1.82901786161e-07, 4.87526996551e-09, 8.38288087834e-08, 9.44533624647e-08, 4.54175363984e-08, 6.10448793736e-08, 3.7313462542e-08, 4.36664855386e-08, 5.36323980782e-08, 2.42552502527e-08, 3.30569172036e-08, 4.42208474283e-08, 4.17930010599e-08, 3.23168052319e-08, 5.27057650856e-08, 1.20265312376e-07, 1.40292755191e-07, 5.49460068555e-08, 1.14124112827e-07, 9.01641215023e-08, 1.05408396678e-07, 1.09142462179e-07, 3.55685578768e-08, 3.16007553458e-09, 7.23348547726e-10, 1.668263791e-11],
        "stdev": [3.36068333127e-05, 6.96346905897e-05, 0.000249127944699, 0.00065968092531, 0.00337690114975, 0.00434951670468, 0.00180054979865, 0.00180349336006, 0.00237786839716, 0.00201992713846, 0.000944619183429, 0.00173653755337, 0.00178915611468, 0.000538297113962, 0.000517712964211, 0.000793592305854, 0.000773569510784, 0.000596951635089, 0.00128307600971, 0.000641046382952, 0.00121285975911, 0.00235812948085, 0.00196249340661, 1.27096282085e-05, 1.52349502969e-06, 2.27715759138e-07, 1.13242504263e-09]
    },
    "erbbands": {
        "max": [0.00714190956205, 0.124169431627, 1.30247330666, 12.8560361862, 24.4263973236, 122.397544861, 441.55456543, 418.832855225, 263.695556641, 327.77935791, 403.886627197, 264.665039062, 509.515991211, 497.245178223, 591.896179199, 755.910705566, 789.899658203, 498.774932861, 177.643615723, 465.904754639, 470.369934082, 516.268371582, 344.781219482, 365.468353271, 751.386230469, 319.046661377, 420.087402344, 988.214111328, 813.421447754, 1124.56835938, 543.784118652, 37.533821106, 1.28082931042, 0.301392048597, 0.156275823712, 0.0247391406447, 0.00209241174161, 0.000402756995754, 0.000196487817448, 0.000165626683156],
        "mean": [0.00065437797457, 0.0139037743211, 0.115325272083, 0.58790242672, 2.00394940376, 5.75733757019, 13.7172279358, 10.4152450562, 8.22803974152, 10.3553066254, 14.8983306885, 18.5309906006, 22.669506073, 16.0559825897, 13.7769994736, 21.6252765656, 24.9093074799, 14.1463623047, 12.5145549774, 15.7370929718, 18.1173801422, 22.1851196289, 20.3728637695, 21.769865036, 32.0619239807, 13.1723060608, 9.11039066315, 13.7372970581, 16.5708065033, 18.6456508636, 7.59392023087, 0.596509516239, 0.0464562550187, 0.0151866916567, 0.00589591730386, 0.00165619631298, 0.000122591634863, 1.32403411044e-05, 1.04579976323e-05, 1.60313302331e-05],
        "min": [5.18447996001e-06, 3.81415593438e-05, 6.37507982901e-05, 0.000288481707685, 0.000426738261012, 0.00043820598512, 0.000419254880399, 0.000447226426331, 0.000984956743196, 0.00058981141774, 0.000943569815718, 0.00111108040437, 0.00136661005672, 0.00150305009447, 0.00139043212403, 0.001691303798, 0.00271988031454, 0.00254012155347, 0.00252202572301, 0.00269154692069, 0.00401637656614, 0.00702598737553, 0.00723708374426, 0.00431406171992, 0.00354378647171, 0.0065858848393, 0.00412943959236, 0.003481997177, 0.00377451605164, 0.00483692018315, 0.00317268795334, 0.00117482291535, 0.000444426957984, 0.000305833411403, 0.000206405195058, 7.4474082794e-05, 1.96914652406e-06, 8.94686209563e-08, 1.50318939518e-08, 9.59952206614e-09],
        "stdev": [0.000761528674047, 0.0207073390484, 0.188902422786, 1.1594299078, 3.77449727058, 14.819188118, 34.9441986084, 32.578250885, 23.1278762817, 31.6085071564, 41.7743453979, 45.9380760193, 66.5809783936, 48.3170127869, 45.3720207214, 73.6399002075, 77.9372177124, 30.9398422241, 19.1767082214, 35.453453064, 41.3691253662, 44.965511322, 33.4136161804, 45.2532081604, 75.4101333618, 27.8267173767, 31.1373939514, 63.8689117432, 77.0501403809, 97.5405960083, 42.8766670227, 2.74256110191, 0.101576566696, 0.0211911220104, 0.00887359585613, 0.00211525987834, 0.000187635654584, 3.99937234761e-05, 2.10298967431e-05, 2.23067490879e-05]
    },
    "gfcc": {
        "mean": [-115.030967712, 83.8451385498, -187.016204834, 50.5681877136, -65.6574935913, 2.2006072998, -36.4306297302, -4.02877283096, -17.1937446594, -10.6737918854, -10.8727827072, -4.11657428741, -5.8891119957],
        "cov": [[11714.0214844, 2052.62866211, -703.445068359, -860.921020508, -961.176208496, -1043.79504395, 321.733123779, -1280.30639648, -64.1990127563, -404.804595947, 79.6498718262, -603.212768555, 73.3157424927], [2052.62866211, 1533.60620117, 271.089752197, -423.653625488, -166.456634521, -544.088012695, -231.778671265, -262.322784424, -290.493713379, -142.434005737, 58.7773323059, -228.866912842, 8.39787483215], [-703.445068359, 271.089752197, 618.218139648, 211.953323364, -0.790606081486, -130.569549561, -213.953720093, -34.8388748169, -123.407897949, -33.4373168945, -21.3440284729, 40.4784164429, -12.9123954773], [-860.921020508, -423.653625488, 211.953323364, 462.923034668, 133.166381836, 36.0818977356, -43.4925460815, 12.5581731796, 64.9561080933, 21.2178459167, -12.6461610794, 102.115203857, -1.7646998167], [-961.176208496, -166.456634521, -0.790606081486, 133.166381836, 309.42199707, -1.39566600323, -143.12411499, 151.832489014, -23.1397953033, 12.8435716629, 24.3596591949, 70.1840667725, 0.908656179905], [-1043.79504395, -544.088012695, -130.569549561, 36.0818977356, -1.39566600323, 442.663391113, 165.968978882, 68.9288024902, 91.8687744141, 81.7071380615, -63.6588249207, 76.2996749878, 14.7754383087], [321.733123779, -231.778671265, -213.953720093, -43.4925460815, -143.12411499, 165.968978882, 367.479370117, 16.281583786, 111.779762268, -13.8071842194, 0.488184124231, -20.9402198792, -44.2441825867], [-1280.30639648, -262.322784424, -34.8388748169, 12.5581731796, 151.832489014, 68.9288024902, 16.281583786, 325.252868652, 17.723033905, 40.5299682617, 13.5194139481, 54.4094810486, -42.8266716003], [-64.1990127563, -290.493713379, -123.407897949, 64.9561080933, -23.1397953033, 91.8687744141, 111.779762268, 17.723033905, 180.278457642, 36.4330825806, -17.5570240021, 31.1195755005, -12.976477623], [-404.804595947, -142.434005737, -33.4373168945, 21.2178459167, 12.8435716629, 81.7071380615, -13.8071842194, 40.5299682617, 36.4330825806, 97.801322937, -1.39072859287, 7.77681350708, 2.7506005764], [79.6498718262, 58.7773323059, -21.3440284729, -12.6461610794, 24.3596591949, -63.6588249207, 0.488184124231, 13.5194139481, -17.5570240021, -1.39072859287, 62.5794715881, -4.41493558884, -14.1444396973], [-603.212768555, -228.866912842, 40.4784164429, 102.115203857, 70.1840667725, 76.2996749878, -20.9402198792, 54.4094810486, 31.1195755005, 7.77681350708, -4.41493558884, 102.411933899, 19.0117301941], [73.3157424927, 8.39787483215, -12.9123954773, -1.7646998167, 0.908656179905, 14.7754383087, -44.2441825867, -42.8266716003, -12.976477623, 2.7506005764, -14.1444396973, 19.0117301941, 73.2743606567]],
        "icov": [[0.000450915482361, 9.94741058093e-05, 0.000558894942515, 0.000293930468615, 0.000336104509188, 0.00113691203296, -0.000384166603908, 0.00135348422918, 8.27550411486e-06, 0.000495793006849, 0.000342028390151, 0.000483870069729, -0.000107986510557], [9.94741058093e-05, 0.00506419548765, -0.00377350719646, 0.00554190156981, -0.00267204805277, 0.00398744875565, -0.00169638043735, 0.00319486879744, 0.000906614819542, 8.80877851159e-05, -0.000563827808946, 0.00481289625168, -0.00233967998065], [0.000558894942515, -0.00377350719646, 0.00835529807955, -0.00674435729161, 0.00622590072453, -0.00135667389259, 0.00390034145676, -0.00144949299283, 0.00257584103383, 0.00194756756537, 0.00234471028671, -0.00517698051408, 0.00506635382771], [0.000293930468615, 0.00554190156981, -0.00674435729161, 0.0115960296243, -0.00712373713031, 0.00604948401451, -0.00503873638809, 0.00633614230901, -0.00121409806889, -0.00262740394101, 0.00119369279128, 0.00233782618307, -0.0028016846627], [0.000336104509188, -0.00267204805277, 0.00622590072453, -0.00712373713031, 0.0127614010125, -0.00352491391823, 0.00771087827161, -0.00524610793218, 0.000993956229649, 0.00539911817759, -0.00383202452213, -0.0025255321525, 0.00292670610361], [0.00113691203296, 0.00398744875565, -0.00135667389259, 0.00604948401451, -0.00352491391823, 0.0129207381979, -0.00759201776236, 0.00698899151757, 0.00309652136639, -0.0063742347993, 0.00882404949516, -0.00212394702248, -0.00170687271748], [-0.000384166603908, -0.00169638043735, 0.00390034145676, -0.00503873638809, 0.00771087827161, -0.00759201776236, 0.0122005315498, -0.00532332248986, -0.0030426508747, 0.00835846923292, -0.00686211558059, 0.00236671511084, 0.00404430367053], [0.00135348422918, 0.00319486879744, -0.00144949299283, 0.00633614230901, -0.00524610793218, 0.00698899151757, -0.00532332248986, 0.0122651252896, 0.00132938905153, -0.00308190705255, 0.00330953462981, -0.000216976754018, 0.00183307786938], [8.27550411486e-06, 0.000906614819542, 0.00257584103383, -0.00121409806889, 0.000993956229649, 0.00309652136639, -0.0030426508747, 0.00132938905153, 0.0124801481143, -0.00540064787492, 0.00608000578359, -0.00586043810472, 0.00372264208272], [0.000495793006849, 8.80877851159e-05, 0.00194756756537, -0.00262740394101, 0.00539911817759, -0.0063742347993, 0.00835846923292, -0.00308190705255, -0.00540064787492, 0.0219062846154, -0.00933527667075, 0.00926171429455, -0.00174598977901], [0.000342028390151, -0.000563827808946, 0.00234471028671, 0.00119369279128, -0.00383202452213, 0.00882404949516, -0.00686211558059, 0.00330953462981, 0.00608000578359, -0.00933527667075, 0.0290436763316, -0.00941660348326, 0.0057002035901], [0.000483870069729, 0.00481289625168, -0.00517698051408, 0.00233782618307, -0.0025255321525, -0.00212394702248, 0.00236671511084, -0.000216976754018, -0.00586043810472, 0.00926171429455, -0.00941660348326, 0.0297195203602, -0.0110441381112], [-0.000107986510557, -0.00233967998065, 0.00506635382771, -0.0028016846627, 0.00292670610361, -0.00170687271748, 0.00404430367053, 0.00183307786938, 0.00372264208272, -0.00174598977901, 0.0057002035901, -0.0110441381112, 0.0233607720584]]
    },
    "melbands": {
        "max": [7.19586168998e-05, 0.000493698811624, 0.00247193640098, 0.00444298237562, 0.0121486317366, 0.00804406777024, 0.00343375862576, 0.00416249968112, 0.00324140465818, 0.00180185411591, 0.0024775408674, 0.00246527418494, 0.0018089544028, 0.00162411411293, 0.00309673300944, 0.00100122403819, 0.00104295881465, 0.000269119103905, 0.000622239138465, 0.000724675424863, 0.000627671601251, 0.000518996093888, 0.00038164970465, 0.000303991284454, 0.000341731181834, 0.000502588402014, 0.000616524834186, 0.000116458839329, 0.000210779311601, 0.000327583373291, 0.000681726203766, 0.000567848444916, 0.000584286055528, 0.000806362833828, 0.000398664153181, 6.95262860972e-05, 2.32321031035e-06, 2.31395645756e-07, 1.62248610991e-07, 3.21528602854e-07],
        "mean": [9.68732001638e-06, 4.99688285345e-05, 0.000140056057717, 0.000262780697085, 0.00045414044871, 0.000246012787102, 0.000125179780298, 0.000115962866403, 0.000124629063066, 0.000120666489238, 0.000114543639938, 6.86823914293e-05, 4.12818371842e-05, 5.13632548973e-05, 6.97775467415e-05, 4.18925046688e-05, 2.43386402872e-05, 1.90665086848e-05, 2.08819201362e-05, 2.20166512008e-05, 2.04451607715e-05, 2.23894076044e-05, 2.12731083593e-05, 1.63902659551e-05, 1.70560833794e-05, 2.38868178712e-05, 2.00323684112e-05, 5.87892554904e-06, 4.56546104033e-06, 7.09435062163e-06, 8.32348541735e-06, 9.09308619157e-06, 1.01883888419e-05, 1.05527005871e-05, 5.43765418115e-06, 8.98651364878e-07, 8.40429308369e-08, 2.01490752971e-08, 1.36839055642e-08, 1.08122035769e-08],
        "min": [5.32708561707e-08, 4.59710918221e-08, 5.61210704575e-08, 1.6546081838e-08, 1.99117433652e-08, 1.08285016509e-08, 1.2794967752e-08, 6.00630034597e-09, 8.11126010802e-09, 6.16202999737e-09, 6.36725250303e-09, 5.10731501535e-09, 3.72324637787e-09, 3.58226404096e-09, 3.90228116487e-09, 4.49733272845e-09, 3.92758359169e-09, 3.60138319166e-09, 3.29157767709e-09, 3.15410653151e-09, 4.64711646941e-09, 6.58328458414e-09, 7.04677383112e-09, 7.33755411986e-09, 2.70237943134e-09, 2.20215090607e-09, 3.34996008711e-09, 4.25345803023e-09, 2.78599632253e-09, 1.76655190476e-09, 2.08406714108e-09, 2.16308393419e-09, 2.1829149599e-09, 2.78415290822e-09, 1.8583504735e-09, 9.90180049065e-10, 4.08786116068e-10, 8.05995478692e-11, 4.0259904785e-12, 1.21781950843e-11],
        "stdev": [1.26567110783e-05, 7.54192733439e-05, 0.000248681812081, 0.000567405775655, 0.00105246191379, 0.000723025237676, 0.000345029548043, 0.000345403532265, 0.000350754766259, 0.00031159966602, 0.000340325757861, 0.000222698232392, 0.000143354511238, 0.000174349581357, 0.000273060664767, 0.000110120759928, 5.9529531427e-05, 2.9979421015e-05, 4.57059177279e-05, 5.58378560527e-05, 4.77856301586e-05, 4.89237318106e-05, 3.67876746168e-05, 3.00918254652e-05, 3.90788118239e-05, 5.49058931938e-05, 5.09552191943e-05, 1.21631310321e-05, 1.47180835484e-05, 2.85984569928e-05, 4.17673654738e-05, 4.36251975771e-05, 5.07836484758e-05, 5.83901673963e-05, 3.17747981171e-05, 4.51397500001e-06, 2.29359159221e-07, 2.58879584436e-08, 1.80515709047e-08, 1.85259700913e-08]
    },
    "melbands128": {
        "max": [0.000202037554118, 8.22673318908e-05, 8.22930232971e-05, 0.000274531892501, 0.000400062184781, 0.00113236124162, 0.00244561373256, 0.00414703506976, 0.00297459308058, 0.00670825131238, 0.00930178537965, 0.0110092563555, 0.0223577991128, 0.0202503409237, 0.0144327767193, 0.00700629409403, 0.00661864411086, 0.00555387418717, 0.00650278897956, 0.00482980627567, 0.00774765573442, 0.00396212702617, 0.00539590092376, 0.00407574791461, 0.00267751095816, 0.00376334041357, 0.00676995608956, 0.00316689815372, 0.00615837657824, 0.00535810738802, 0.00137298484333, 0.00194204086438, 0.00232802540995, 0.00322270556353, 0.002717806492, 0.00331165478565, 0.00241555273533, 0.00590010453016, 0.00490681780502, 0.00159744359553, 0.000957190350164, 0.000753381114919, 0.00195714971051, 0.000743211538065, 0.000668301945552, 0.000316636491334, 0.00040375511162, 0.000792042177636, 0.000932607159484, 0.000597716367338, 0.00122291385196, 0.000862435554154, 0.000773222127464, 0.000743158569094, 0.000620183709543, 0.000670847017318, 0.00103474897332, 0.000457376823761, 0.000412150518969, 0.000656707037706, 0.000391077512177, 0.000383141625207, 0.000399099692004, 0.000437818234786, 0.000775481224991, 0.000555694394279, 0.000756684865337, 0.00114348204806, 0.000390762637835, 0.000405968807172, 8.27967014629e-05, 0.000207737262826, 0.000178317699465, 0.000160541851074, 0.000652245129459, 0.000277956423815, 0.000643383944407, 0.00055896647973, 0.000689267821144, 0.00088281580247, 0.000800996960606, 0.000407703046221, 0.00060650985688, 0.000948597153183, 0.000820262648631, 0.000725932884961, 0.00134182919282, 0.000689851760399, 0.00054286577506, 0.000319497194141, 7.28677769075e-05, 2.25485546252e-05, 5.78586059419e-06, 2.91585593004e-06, 8.11880568108e-07, 2.38357429794e-07, 2.26923987157e-07, 1.84067062037e-07, 1.27702818986e-07, 2.97006039318e-07, 1.54671752739e-07, 3.06428376007e-07, 6.35113110548e-07, 2.33498042235e-07, 1.35640064514e-07, 9.26130638845e-08, 5.00414039095e-08, 6.05079435445e-08, 3.99095867465e-08, 3.11532595276e-08, 2.20298499443e-08, 7.75107178441e-09, 4.4928238907e-09, 4.62062887951e-10, 2.50693299453e-10, 8.24880164174e-11, 6.00985164412e-11, 5.82484963041e-11, 5.64657244573e-11, 5.49678844108e-11, 5.35975257232e-11, 5.23475672531e-11, 5.13587714024e-11, 5.0386823186e-11, 4.95937978184e-11, 4.89710598461e-11, 4.84888691699e-11, 4.82119066891e-11],
        "mean": [6.41188717054e-06, 3.81377981284e-06, 8.26366613182e-06, 2.571985533e-05, 4.40513795184e-05, 6.84086262481e-05, 0.000104827871837, 0.000158422422828, 0.00019775632245, 0.000225962503464, 0.000314652861562, 0.000451059138868, 0.000499873363879, 0.000475160166388, 0.000240537789068, 0.000123676843941, 0.000123999270727, 0.000126548751723, 0.000126225422719, 0.000111289329652, 0.000110596338345, 0.000130739455926, 0.000122996527352, 0.000122881800053, 0.000123195874039, 9.7352109151e-05, 0.000165495104739, 9.22988838283e-05, 0.000106161140138, 0.000101251622254, 3.99436648877e-05, 3.73124494217e-05, 4.32476408605e-05, 4.13979250879e-05, 4.90529637318e-05, 5.78812978347e-05, 4.6295204811e-05, 8.14125742181e-05, 7.83088908065e-05, 4.94347659696e-05, 3.53811301466e-05, 2.63551883108e-05, 2.68368967227e-05, 2.12699142139e-05, 1.89434813365e-05, 1.89137244888e-05, 1.84034452104e-05, 2.23910974455e-05, 2.09002373595e-05, 2.03424788197e-05, 2.27341970458e-05, 2.31959493249e-05, 2.14355986827e-05, 1.90084574569e-05, 1.81999585038e-05, 2.3047099603e-05, 2.60728247667e-05, 2.29986380873e-05, 1.94323274627e-05, 1.77777601493e-05, 1.6751811927e-05, 1.50570276674e-05, 1.40869660754e-05, 1.74272026925e-05, 2.21901827899e-05, 2.25548992603e-05, 2.65383478109e-05, 2.65102007688e-05, 1.87621571968e-05, 1.13416645036e-05, 4.71348175779e-06, 3.83499127565e-06, 3.63049980479e-06, 4.05612854593e-06, 6.6498068918e-06, 6.93589072398e-06, 7.45021907278e-06, 7.46751311453e-06, 8.94363620318e-06, 8.45135218697e-06, 8.98420694284e-06, 9.57659995038e-06, 8.79929575603e-06, 1.02760268419e-05, 1.12364114102e-05, 1.11540557555e-05, 1.08737367555e-05, 8.51424556458e-06, 5.60275157113e-06, 2.94257279165e-06, 1.09899610834e-06, 4.46287913292e-07, 1.6716502671e-07, 7.07998069061e-08, 3.08979153374e-08, 2.34030395063e-08, 1.76881318481e-08, 1.59829181001e-08, 1.35311095661e-08, 1.30376403007e-08, 1.13698686022e-08, 1.06695381419e-08, 1.00941663916e-08, 6.99064317544e-09, 5.95455951213e-09, 5.31474908527e-09, 4.69748417942e-09, 3.65634766908e-09, 2.7520574708e-09, 1.53933232827e-09, 9.2079804892e-10, 8.23176943276e-11, 1.80225799562e-11, 4.87471001065e-12, 3.64948566159e-12, 3.00092546299e-12, 2.26093926567e-12, 2.12682931162e-12, 2.06769410621e-12, 2.00854090304e-12, 1.95302476448e-12, 1.90814725132e-12, 1.8736238689e-12, 1.8348484624e-12, 1.78063520959e-12, 1.71435294346e-12, 1.67412719972e-12, 1.66066943183e-12],
        "min": [2.4444197777e-09, 1.96032914346e-08, 2.77401710491e-08, 3.37026406783e-08, 9.37326039008e-09, 1.67435942888e-09, 1.42868437081e-08, 3.17743307221e-08, 1.11728031271e-08, 9.62266710758e-09, 1.28429205049e-08, 1.43813210229e-08, 6.25851015457e-09, 6.67728583537e-09, 5.06795760913e-09, 7.99896093806e-10, 5.07075226253e-09, 6.62643007132e-09, 2.75975819974e-09, 3.25868465545e-09, 3.07556380363e-09, 1.93749682964e-09, 1.97567473492e-09, 2.82348899816e-09, 2.31958163788e-09, 1.73761094402e-09, 1.00114139201e-09, 4.2742231976e-09, 3.60833030122e-09, 3.70927244475e-09, 1.24393584322e-09, 3.55446361233e-09, 1.54571044853e-09, 2.06296313365e-09, 2.10562678404e-09, 1.27241683856e-09, 2.85504597741e-09, 1.01991737278e-09, 1.92557569889e-09, 2.53827892038e-09, 1.96502880634e-09, 2.31880936674e-09, 1.74154413113e-09, 1.05197539568e-09, 1.84166770723e-09, 9.87708470568e-10, 1.97725702478e-09, 2.36560149247e-09, 1.88753190855e-09, 1.4534037307e-09, 1.45678136221e-09, 2.65502930752e-09, 1.33552979786e-09, 2.04947547822e-09, 3.37246519599e-09, 2.12915840514e-09, 3.30785665525e-09, 5.85382453622e-09, 4.48735626435e-09, 2.64467514555e-09, 5.26632293329e-09, 5.34410826702e-09, 1.40833344986e-09, 9.28940813161e-10, 1.64540636671e-09, 1.75426706495e-09, 2.17058326868e-09, 2.02610905831e-09, 1.23062682267e-09, 2.7558746396e-09, 2.2200838945e-09, 9.69300084641e-10, 1.27879518086e-09, 1.25449606259e-09, 9.01840824241e-10, 8.13088096852e-10, 1.81314752101e-09, 1.83483228611e-09, 1.21884424775e-09, 2.18895301884e-09, 1.76486392167e-09, 1.4904293355e-09, 1.2640419822e-09, 1.87848980815e-09, 1.28620414319e-09, 1.62255875402e-09, 8.11415712398e-10, 1.19285226141e-09, 1.59640534125e-09, 8.71134331337e-10, 7.56369744614e-10, 4.22010287826e-10, 4.23813789618e-10, 4.08380204653e-11, 1.59108684561e-10, 3.13029498156e-11, 2.72373898609e-12, 6.03806609746e-13, 1.26572027598e-12, 4.19827887732e-12, 2.99213843806e-12, 1.18380565767e-11, 1.06669300129e-11, 5.52876451218e-12, 1.59690004276e-11, 2.20918856125e-11, 2.09248798844e-11, 8.05086639716e-12, 2.75748521239e-12, 1.87792178184e-13, 4.6133978121e-14, 5.01647944647e-14, 5.83593029045e-14, 4.38889477875e-14, 5.23078521957e-14, 4.81727525437e-14, 5.17575958763e-14, 4.33503229245e-14, 5.74186219946e-14, 4.97319030304e-14, 5.11536241154e-14, 6.07208917478e-14, 5.55138210791e-14, 5.6428484525e-14, 4.48378279763e-14, 1.21599473925e-14, 2.60829396547e-15, 5.29923134741e-17],
        "stdev": [1.32037484946e-05, 5.72110548092e-06, 1.18404241221e-05, 4.42790769739e-05, 7.57548768888e-05, 0.000148909981363, 0.000240490873693, 0.000391761743231, 0.000434627494542, 0.000639582518488, 0.00103076489177, 0.00124678376596, 0.00148012069985, 0.00166973052546, 0.00102207483724, 0.0004301344743, 0.000445207435405, 0.000464641285362, 0.000467936100904, 0.000426411104854, 0.000460691895569, 0.000385742401704, 0.000479435548186, 0.00039137605927, 0.000362215854693, 0.000319627433782, 0.000690914224833, 0.00029729079688, 0.000477190653328, 0.000414159003412, 0.000107615873276, 0.000150269639562, 0.000190129532712, 0.00018818321405, 0.000214065425098, 0.000239521788899, 0.000181752635399, 0.000429017905844, 0.000369373621652, 0.000163593504112, 9.76207011263e-05, 6.09392845945e-05, 0.000100042016129, 5.00558053318e-05, 4.29260544479e-05, 3.20447288686e-05, 3.30953262164e-05, 5.79999723413e-05, 5.6293902162e-05, 5.20495013916e-05, 7.52350824769e-05, 6.90219094395e-05, 5.87837603234e-05, 4.69026308565e-05, 4.23982310167e-05, 5.86510868743e-05, 6.63486571284e-05, 4.55958397652e-05, 3.64808147424e-05, 4.17460069002e-05, 3.47494351445e-05, 3.28532005369e-05, 3.25355576933e-05, 4.4637828978e-05, 6.45861364319e-05, 5.60990047234e-05, 7.20332318451e-05, 8.01684436738e-05, 4.51973864983e-05, 3.09547031065e-05, 9.23832976696e-06, 1.1454104424e-05, 1.06394772956e-05, 1.30688822537e-05, 3.30919137923e-05, 2.60999786406e-05, 3.80693963962e-05, 3.45726257365e-05, 4.77305511595e-05, 4.80531125504e-05, 5.04203853779e-05, 4.33803070337e-05, 4.26591905125e-05, 6.04436318099e-05, 6.05633867963e-05, 6.27882109256e-05, 7.20717871445e-05, 4.96585926157e-05, 3.63914041372e-05, 1.82944804692e-05, 5.38912991033e-06, 1.93476626009e-06, 5.60009652872e-07, 1.9444183863e-07, 5.4550230999e-08, 3.17245429926e-08, 2.52884557739e-08, 2.1872647693e-08, 1.81146759815e-08, 2.32665939848e-08, 1.6751560139e-08, 1.8493626186e-08, 2.99390272573e-08, 1.30968809131e-08, 9.28995813609e-09, 7.72258434978e-09, 6.19713791394e-09, 5.39211564288e-09, 4.38289982085e-09, 2.6529598518e-09, 1.67102287563e-09, 3.94663773884e-10, 2.09361777914e-10, 2.76413163192e-11, 1.42255252716e-11, 7.91281710294e-12, 5.58471888526e-12, 5.33946368023e-12, 5.17401486239e-12, 5.02487201154e-12, 4.89227582057e-12, 4.77393905657e-12, 4.67421847755e-12, 4.58467595485e-12, 4.51097752902e-12, 4.45439735444e-12, 4.41255495684e-12, 4.38660696309e-12]
    },
    "mfcc": {
        "mean": [-728.015869141, 96.1253585815, -54.4683265686, 34.7503051758, -12.860212326, 9.10868644714, -15.4532651901, 8.87596035004, -10.5696544647, -1.33847141266, -2.74085211754, -6.64042520523, -2.96895003319],
        "cov": [[12231.0419922, 1964.07531738, -497.717559814, -111.808135986, -1523.35290527, 49.1335105896, -446.344696045, -660.768188477, -600.969177246, 159.662979126, -557.17578125, -473.449829102, -135.691375732], [1964.07531738, 1489.74584961, 261.612640381, -77.7246704102, -63.8603210449, -454.043609619, 29.5889701843, -375.622497559, -260.202392578, -139.958694458, -146.817108154, -168.564498901, -86.1162490845], [-497.717559814, 261.612640381, 558.444763184, 174.954116821, 69.0274887085, -32.9800796509, -33.6661186218, -93.439666748, -79.7110366821, -100.714736938, -72.7846450806, -56.4198455811, -21.9316921234], [-111.808135986, -77.7246704102, 174.954116821, 479.430999756, 114.685928345, -9.5779838562, -105.569664001, 19.2523078918, -97.8051147461, -36.7399139404, -23.2858982086, -20.5556221008, 16.4535446167], [-1523.35290527, -63.8603210449, 69.0274887085, 114.685928345, 640.025146484, -219.811233521, 50.4449081421, -89.0015487671, 26.9037151337, -183.387130737, 32.9018211365, 22.3676509857, 0.667018175125], [49.1335105896, -454.043609619, -32.9800796509, -9.5779838562, -219.811233521, 477.456298828, -91.3109664917, 113.004592896, 59.2056427002, 88.8316650391, -43.1817131042, 33.733757019, 25.2410354614], [-446.344696045, 29.5889701843, -33.6661186218, -105.569664001, 50.4449081421, -91.3109664917, 200.120178223, 25.4629020691, 15.9491548538, 0.404698044062, 39.4814834595, 2.08684182167, -1.67472481728], [-660.768188477, -375.622497559, -93.439666748, 19.2523078918, -89.0015487671, 113.004592896, 25.4629020691, 278.195495605, 87.9520950317, 51.8488426208, 99.4241485596, 70.2825393677, -3.45553779602], [-600.969177246, -260.202392578, -79.7110366821, -97.8051147461, 26.9037151337, 59.2056427002, 15.9491548538, 87.9520950317, 152.013870239, 29.789937973, 51.1904792786, 58.4469261169, 2.78538322449], [159.662979126, -139.958694458, -100.714736938, -36.7399139404, -183.387130737, 88.8316650391, 0.404698044062, 51.8488426208, 29.789937973, 159.642074585, 31.9440574646, 12.6986112595, 33.5652999878], [-557.17578125, -146.817108154, -72.7846450806, -23.2858982086, 32.9018211365, -43.1817131042, 39.4814834595, 99.4241485596, 51.1904792786, 31.9440574646, 136.9012146, 68.448387146, -5.66811037064], [-473.449829102, -168.564498901, -56.4198455811, -20.5556221008, 22.3676509857, 33.733757019, 2.08684182167, 70.2825393677, 58.4469261169, 12.6986112595, 68.448387146, 100.249046326, 9.10922527313], [-135.691375732, -86.1162490845, -21.9316921234, 16.4535446167, 0.667018175125, 25.2410354614, -1.67472481728, -3.45553779602, 2.78538322449, 33.5652999878, -5.66811037064, 9.10922527313, 80.1745605469]],
        "icov": [[0.000373832241166, -0.00019678917306, 0.000802172755357, -0.000317342113703, 0.00105484225787, 1.0556934285e-05, 0.000402574165491, 0.000795117113739, 0.000224875257118, 0.000609901675489, 0.000220444795559, 0.000619370839559, 0.000418521580286], [-0.00019678917306, 0.00266252667643, -0.00100359483622, 0.000988746411167, 0.000722710625269, 0.00221732351929, -9.37951554079e-05, 0.00116196740419, 0.00199234322645, 0.000607069465332, 0.000758155016229, -0.000396919291234, 0.00116871064529], [0.000802172755357, -0.00100359483622, 0.00435855099931, -0.00200825161301, 0.00250996439718, -0.000767035293393, 0.000335480232025, 0.00232170522213, -0.000444757839432, 0.00290650571696, 6.76330528222e-05, 0.00197867956012, 0.000790359277744], [-0.000317342113703, 0.000988746411167, -0.00200825161301, 0.00492320908234, -0.00245742499828, 0.00104360061232, 0.00229549733922, -0.00310807302594, 0.00445920042694, -0.00228381669149, 0.00129005219787, -0.000779212394264, -0.000447942700703], [0.00105484225787, 0.000722710625269, 0.00250996439718, -0.00245742499828, 0.00782465096563, 0.00148613518104, -0.000230234887567, 0.00562962889671, -0.00177861482371, 0.00738767767325, -0.00153369747568, 0.00205843267031, 8.39280692162e-05], [1.0556934285e-05, 0.00221732351929, -0.000767035293393, 0.00104360061232, 0.00148613518104, 0.00578913185745, 0.001513565192, -0.000631151837297, 0.00121715199202, -0.000790972844698, 0.00448700180277, -0.00207085954025, 0.000986365019344], [0.000402574165491, -9.37951554079e-05, 0.000335480232025, 0.00229549733922, -0.000230234887567, 0.001513565192, 0.00793357752264, -0.0015947513748, 0.00210875202902, -0.000879661180079, 4.50014340458e-05, 0.00175630277954, -7.76865490479e-05], [0.000795117113739, 0.00116196740419, 0.00232170522213, -0.00310807302594, 0.00562962889671, -0.000631151837297, -0.0015947513748, 0.0117113627493, -0.00288587855175, 0.00504299905151, -0.00522337760776, 0.00159206078388, 0.00192886707373], [0.000224875257118, 0.00199234322645, -0.000444757839432, 0.00445920042694, -0.00177861482371, 0.00121715199202, 0.00210875202902, -0.00288587855175, 0.0159999486059, -0.00326252123341, 0.00273873959668, -0.00396845908836, 0.00248957891017], [0.000609901675489, 0.000607069465332, 0.00290650571696, -0.00228381669149, 0.00738767767325, -0.000790972844698, -0.000879661180079, 0.00504299905151, -0.00326252123341, 0.0173404384404, -0.00656821392477, 0.00479756481946, -0.00482113426551], [0.000220444795559, 0.000758155016229, 6.76330528222e-05, 0.00129005219787, -0.00153369747568, 0.00448700180277, 4.50014340458e-05, -0.00522337760776, 0.00273873959668, -0.00656821392477, 0.0205995310098, -0.0101339900866, 0.00457951193675], [0.000619370839559, -0.000396919291234, 0.00197867956012, -0.000779212394264, 0.00205843267031, -0.00207085954025, 0.00175630277954, 0.00159206078388, -0.00396845908836, 0.00479756481946, -0.0101339900866, 0.0211629178375, -0.00292832683772], [0.000418521580286, 0.00116871064529, 0.000790359277744, -0.000447942700703, 8.39280692162e-05, 0.000986365019344, -7.76865490479e-05, 0.00192886707373, 0.00248957891017, -0.00482113426551, 0.00457951193675, -0.00292832683772, 0.0171032007784]]
    },
    "spectral_contrast_coeffs": {
        "max": [-0.365616977215, -0.516339123249, -0.544124722481, -0.645332634449, -0.569325089455, -0.214348986745],
        "mean": [-0.715545594692, -0.808188080788, -0.827415525913, -0.830721139908, -0.780315876007, -0.67523252964],
        "min": [-0.920002222061, -0.932563066483, -0.936418175697, -0.918914139271, -0.89194971323, -0.83011007309],
        "stdev": [0.134401902556, 0.083392739296, 0.0639583989978, 0.0434013642371, 0.0647360980511, 0.101776316762]
    },
    "spectral_contrast_valleys": {
        "max": [-6.78526449203, -4.98040437698, -5.35010957718, -6.18432617188, -5.9752664566, -9.91681289673],
        "mean": [-8.5166759491, -7.74157142639, -7.83819532394, -7.63960599899, -7.68140554428, -11.8318471909],
        "min": [-10.8044538498, -10.9083909988, -11.1449203491, -11.1304092407, -10.846578598, -14.8007688522],
        "stdev": [0.988532364368, 1.24484324455, 1.21884465218, 1.12835121155, 1.03852331638, 0.750585734844]
    }
},
"rhythm": {
    "beats_count": 29,
    "beats_loudness": {
        "max": 0.0446201488376,
        "mean": 0.0149966776371,
        "min": 7.38282642487e-06,
        "stdev": 0.0142119182274
    },
    "bpm": 130.393920898,
    "bpm_histogram_first_peak_bpm": 129,
    "bpm_histogram_first_peak_weight": 0.5,
    "bpm_histogram_second_peak_bpm": 152,
    "bpm_histogram_second_peak_spread": 0,
    "bpm_histogram_second_peak_weight": 0.142857149243,
    "danceability": 0.887257993221,
    "onset_rate": 4.23218536377,
    "beats_loudness_band_ratio": {
        "max": [0.311153411865, 0.633829891682, 0.502967655659, 0.556944727898, 0.968638718128, 0.922597110271],
        "mean": [0.0751647129655, 0.155323952436, 0.146567732096, 0.141297236085, 0.285788446665, 0.234127312899],
        "min": [0.00223097368143, 0.000426711165346, 0.00131022289861, 0.00283520924859, 0.0206080488861, 0.00823073554784],
        "stdev": [0.0852766558528, 0.202547237277, 0.160657346249, 0.163044035435, 0.257941603661, 0.262156575918]
    },
    "beats_position": [0.452789098024, 0.905578196049, 1.35836732388, 1.79954648018, 2.2523355484, 2.70512461662, 3.15791368484, 3.59909296036, 4.06349182129, 4.45823097229, 4.80653047562, 5.16644001007, 5.51473903656, 5.87464857101, 6.24616765976, 6.6176867485, 6.98920631409, 7.36072540283, 7.75546455383, 8.15020370483, 8.54494285583, 8.99773216248, 9.46213150024, 9.92653083801, 10.4025392532, 10.866938591, 11.3313379288, 11.7957363129, 12.2601356506],
