{
"metadata": {
    "version": {
        "essentia": "2.1-beta5",
        "essentia_git_sha": "Undefined",
        "extractor": "music 2.0"
    },
    "audio_properties": {
        "analysis": {
            "equal_loudness": 0,
            "length": 32.4963264465,
            "sample_rate": 44100,
            "start_time": 12.7477550507,
            "downmix": "mix"
        },
        "bit_rate": 192000,
        "length": 193.631210327,
        "lossless": 0,
        "number_channels": 2,
        "replay_gain": -10.3210334778,
        "sample_rate": 48000,
        "codec": "mp3",
        "md5_encoded": "92b04625365066abca15b13adae27e64"
    },
    "tags": {
        "file_name": "Norway_Alltid Sommer_Lars A. Fredriksen.mp3",
        "encoding": ["Lavf58.29.100"]
    }
},
"lowlevel": {
    "average_loudness": 0.967582583427,
    "barkbands_crest": {
        "max": 23.9563980103,
        "mean": 9.36308765411,
        "min": 2.62429666519,
        "stdev": 3.95538473129
    },
    "barkbands_flatness_db": {
        "max": 0.369860678911,
        "mean": 0.147160038352,
        "min": 0.0329237543046,
        "stdev": 0.0597334839404
    },
    "barkbands_kurtosis": {
        "max": 51.3259239197,
        "mean": 4.46954441071,
        "min": -1.89470601082,
        "stdev": 6.71351718903
    },
    "barkbands_skewness": {
        "max": 6.06524419785,
        "mean": 1.65506887436,
        "min": -0.918473720551,
        "stdev": 1.00762414932
    },
    "barkbands_spread": {
        "max": 98.3475494385,
        "mean": 22.1101913452,
        "min": 1.6191688776,
        "stdev": 14.2933826447
    },
    "dissonance": {
        "max": 0.499999970198,
        "mean": 0.456603914499,
        "min": 0.257896363735,
        "stdev": 0.0337938964367
    },
    "dynamic_complexity": 1.77685129642,
    "erbbands_crest": {
        "max": 24.9184265137,
        "mean": 8.84178352356,
        "min": 2.50168395042,
        "stdev": 4.15786647797
    },
    "erbbands_flatness_db": {
        "max": 0.311441451311,
        "mean": 0.159674048424,
        "min": 0.0783491432667,
        "stdev": 0.0455176867545
    },
    "erbbands_kurtosis": {
        "max": 12.7284393311,
        "mean": 0.5817912817,
        "min": -1.74747812748,
        "stdev": 1.95489668846
    },
    "erbbands_skewness": {
        "max": 3.17409038544,
        "mean": 0.536385953426,
        "min": -2.33324170113,
        "stdev": 0.72474193573
    },
    "erbbands_spread": {
        "max": 114.821357727,
        "mean": 41.5173416138,
        "min": 5.75673961639,
        "stdev": 19.0155391693
    },
    "hfc": {
        "max": 99.7576217651,
        "mean": 23.2764968872,
        "min": 0.506199896336,
        "stdev": 15.788236618
    },
    "loudness_ebu128": {
        "integrated": -12.603603363,
        "loudness_range": 1.87350082397,
        "momentary": {
            "max": -10.1723423004,
            "mean": -12.7342615128,
            "min": -16.3126602173,
            "stdev": 1.08564198017
        },
        "short_term": {
            "max": -11.1471061707,
            "mean": -12.6700744629,
            "min": -14.6151590347,
            "stdev": 0.704679608345
        }
    },
    "melbands_crest": {
        "max": 28.6671524048,
        "mean": 13.003613472,
        "min": 4.13481712341,
        "stdev": 4.40675449371
    },
    "melbands_flatness_db": {
        "max": 0.456691741943,
        "mean": 0.192946150899,
        "min": 0.0537882708013,
        "stdev": 0.0742065235972
    },
    "melbands_kurtosis": {
        "max": 104.810379028,
        "mean": 13.204366684,
        "min": -1.03444850445,
        "stdev": 14.6298284531
    },
    "melbands_skewness": {
        "max": 8.01965904236,
        "mean": 2.65863466263,
        "min": -0.575879812241,
        "stdev": 1.32218074799
    },
    "melbands_spread": {
        "max": 127.592247009,
        "mean": 21.8069286346,
        "min": 1.29765629768,
        "stdev": 14.7029571533
    },
    "pitch_salience": {
        "max": 0.874920368195,
        "mean": 0.593107998371,
        "min": 0.23296199739,
        "stdev": 0.0957362800837
    },
    "silence_rate_20dB": {
        "max": 1,
        "mean": 1,
        "min": 1,
        "stdev": 0
    },
    "silence_rate_30dB": {
        "max": 1,
        "mean": 0.997858643532,
        "min": 0,
        "stdev": 0.0462245903909
    },
    "silence_rate_60dB": {
        "max": 0,
        "mean": 0,
        "min": 0,
        "stdev": 0
    },
    "spectral_centroid": {
        "max": 3721.48925781,
        "mean": 1133.86950684,
        "min": 197.467208862,
        "stdev": 548.45324707
    },
    "spectral_complexity": {
        "max": 54,
        "mean": 19.7994289398,
        "min": 1,
        "stdev": 9.33141231537
    },
    "spectral_decrease": {
        "max": -1.92646773534e-10,
        "mean": -7.4796755456e-09,
        "min": -4.04541999899e-08,
        "stdev": 4.13629974716e-09
    },
    "spectral_energy": {
        "max": 0.159571349621,
        "mean": 0.0303412694484,
        "min": 0.000773007399403,
        "stdev": 0.0164554137737
    },
    "spectral_energyband_high": {
        "max": 0.0119749372825,
        "mean": 0.0010502449004,
        "min": 1.02033629901e-06,
        "stdev": 0.00144220306538
    },
    "spectral_energyband_low": {
        "max": 0.0617594867945,
        "mean": 0.00692726299167,
        "min": 2.70933669526e-05,
        "stdev": 0.00711634289473
    },
    "spectral_energyband_middle_high": {
        "max": 0.0498019531369,
        "mean": 0.00568241951987,
        "min": 4.80045382574e-05,
        "stdev": 0.0055405497551
    },
    "spectral_energyband_middle_low": {
        "max": 0.138297274709,
        "mean": 0.0178591497242,
        "min": 0.000484235031763,
        "stdev": 0.012390576303
    },
    "spectral_entropy": {
        "max": 8.56049251556,
        "mean": 7.54650783539,
        "min": 5.57648086548,
        "stdev": 0.539780497551
    },
    "spectral_flux": {
        "max": 0.309784680605,
        "mean": 0.0927976593375,
        "min": 0.0225899703801,
        "stdev": 0.042004995048
    },
    "spectral_kurtosis": {
        "max": 51.1846160889,
        "mean": 4.22457122803,
        "min": -1.1372730732,
        "stdev": 5.08822154999
    },
    "spectral_rms": {
        "max": 0.0124771539122,
        "mean": 0.00526918657124,
        "min": 0.000868420174811,
        "stdev": 0.00135533092543
    },
    "spectral_rolloff": {
        "max": 8914.74609375,
        "mean": 1408.43273926,
        "min": 172.265625,
        "stdev": 1295.81958008
    },
    "spectral_skewness": {
        "max": 5.70905303955,
        "mean": 1.57879018784,
        "min": -0.051992867142,
        "stdev": 0.62623745203
    },
    "spectral_spread": {
        "max": 13562910,
        "mean": 5062264,
        "min": 1095391.375,
        "stdev": 1586798.375
    },
    "spectral_strongpeak": {
        "max": 9.86310100555,
        "mean": 1.0235915184,
        "min": 0.0132254725322,
        "stdev": 1.08190977573
    },
    "zerocrossingrate": {
        "max": 0.2529296875,
        "mean": 0.0619148276746,
        "min": 0.0068359375,
        "stdev": 0.0335439480841
    },
    "barkbands": {
        "max": [0.00210596225224, 0.0303953997791, 0.0318951532245, 0.0389221087098, 0.0954287052155, 0.0181359257549, 0.0474545173347, 0.089632190764, 0.0350689515471, 0.0402400866151, 0.0375908464193, 0.0349366143346, 0.00753993121907, 0.00765291927382, 0.00924605317414, 0.00954898074269, 0.00671512261033, 0.0063340710476, 0.00465095229447, 0.00176811940037, 0.00261234282516, 0.00421486236155, 0.00507114036009, 0.00544899236411, 0.0015459950082, 0.000323109707097, 1.46670481627e-06],
        "mean": [0.000151442509377, 0.00270664179698, 0.00300490157679, 0.00244401744567, 0.00750308763236, 0.00145718734711, 0.0025806997437, 0.00229338160716, 0.00133277429268, 0.00121161097195, 0.000866169517394, 0.000480551825603, 0.00052802497521, 0.000454375665868, 0.000628422014415, 0.000520105590113, 0.000441308744485, 0.00029343899223, 0.000307032896671, 0.000172051193658, 0.000171628867975, 0.000237581247347, 0.00022149970755, 0.000201312184799, 0.00010589172598, 2.61453496933e-05, 2.97293523133e-09],
        "min": [9.72269731392e-08, 6.32863611827e-06, 2.28314456763e-06, 3.52326196662e-06, 5.24893730471e-05, 2.92846725642e-05, 2.25644853344e-05, 5.65549453313e-06, 9.01335715753e-06, 2.82941095975e-06, 2.34019398704e-06, 1.95608777176e-06, 1.77155857273e-06, 6.63663854539e-07, 3.92541068095e-07, 4.85029090669e-07, 3.33281832354e-07, 3.19984053476e-07, 4.3353509227e-07, 2.96949991707e-07, 1.08196367421e-07, 2.39106356048e-07, 1.21476602999e-07, 6.36005879073e-08, 3.26918936366e-08, 1.30225847467e-11, 1.67749564239e-11],
        "stdev": [0.000248322467087, 0.0032561281696, 0.00405370397493, 0.00287664309144, 0.00791564583778, 0.00147508352529, 0.00471931276843, 0.00545269809663, 0.00297683151439, 0.00282374932431, 0.00174535252154, 0.00174481037538, 0.000854620302562, 0.000669129774906, 0.000973437330686, 0.000936067837756, 0.000665822415613, 0.000406289822422, 0.000474634085549, 0.000206478172913, 0.000252798810834, 0.000348490633769, 0.000433931127191, 0.000400278921006, 0.000139733267133, 3.95428469346e-05, 3.94044690211e-08]
    },
    "erbbands": {
        "max": [0.514590084553, 8.82363700867, 35.5153045654, 61.2374191284, 172.103668213, 444.189208984, 259.61730957, 175.136184692, 774.497375488, 958.38067627, 1176.91894531, 1057.2512207, 801.329345703, 844.149536133, 1801.27783203, 1590.80932617, 404.343963623, 386.357513428, 485.822937012, 632.069641113, 380.660308838, 326.115753174, 336.300811768, 249.516281128, 215.322402954, 87.3395004272, 116.291732788, 107.256523132, 164.168136597, 134.335189819, 155.655471802, 139.700500488, 89.2094573975, 28.0784015656, 6.37107419968, 2.38936066628, 0.303488433361, 0.00627712160349, 0.000307388516376, 0.00018413439102],
        "mean": [0.057031005621, 0.700131833553, 3.29898834229, 5.90626478195, 14.4183712006, 30.7119216919, 18.3556098938, 11.9182710648, 28.2943992615, 50.0520401001, 42.2658615112, 32.5380706787, 30.9270687103, 39.305065155, 35.7169113159, 20.3327598572, 26.2330055237, 23.0060176849, 27.4774436951, 35.9593391418, 26.5678977966, 22.9009170532, 17.5089187622, 16.5007362366, 13.1631574631, 7.94673728943, 7.2490773201, 7.10940980911, 8.43931770325, 7.08170080185, 6.4635181427, 5.08190870285, 2.81842422485, 1.48947525024, 0.570003867149, 0.226039230824, 0.0196362733841, 0.000465862540295, 4.41356787633e-05, 4.02775913244e-05],
        "min": [0.00016943483206, 0.00147379457485, 0.00963783357292, 0.0358833670616, 0.0995462089777, 0.324016213417, 0.77562046051, 0.529827177525, 0.564280092716, 0.396576732397, 0.3084217906, 0.288942962885, 0.183813154697, 0.099511705339, 0.104769602418, 0.100978575647, 0.119442179799, 0.0486494041979, 0.0337346605957, 0.0399742983282, 0.0292302388698, 0.0248353555799, 0.0171131808311, 0.0207775235176, 0.0148921674117, 0.0134300934151, 0.0102661950514, 0.00669027306139, 0.00688669644296, 0.00701722549275, 0.0038662077859, 0.00311614689417, 0.000873535929713, 0.000636774988379, 4.13926863985e-05, 9.26023039938e-06, 4.34309549746e-06, 5.77395326218e-07, 3.22880055137e-06, 1.18460104659e-06],
        "stdev": [0.0799040421844, 0.889630138874, 4.29855203629, 6.40255403519, 14.975069046, 37.4602050781, 22.447933197, 12.6516819, 54.8496170044, 93.0635757446, 96.6168365479, 78.2076644897, 62.4360122681, 73.2480926514, 78.9908599854, 72.1803283691, 41.8487739563, 35.8944129944, 43.6860198975, 57.3256072998, 39.735332489, 33.8745880127, 22.1848316193, 23.1893596649, 19.5661525726, 9.16509914398, 10.3785438538, 10.5194664001, 12.6990690231, 11.1871767044, 13.194562912, 10.0228500366, 5.91252470016, 2.25399065018, 0.65067243576, 0.304789245129, 0.0351766832173, 0.000744279124774, 4.08393243561e-05, 2.06189361052e-05]
    },
    "gfcc": {
        "mean": [16.80884552, 103.28137207, -117.998817444, 41.0876579285, -76.6014099121, 20.7209148407, -49.1540184021, 7.87785768509, -23.9112205505, -7.46969938278, -15.4782981873, -6.38772439957, -5.8121676445],
        "cov": [[2665.91845703, -1538.31555176, -425.062896729, 80.9407272339, -38.2934875488, 270.505187988, -361.562683105, 334.82711792, -153.662384033, 468.801086426, -288.506408691, 182.024978638, -214.741653442], [-1538.31555176, 1651.78210449, 53.2817687988, -68.886100769, 215.060180664, -239.716400146, 417.76159668, -259.822113037, 220.725006104, -430.523071289, 273.722167969, -219.122207642, 108.235458374], [-425.062896729, 53.2817687988, 606.481201172, 127.823036194, -92.3810958862, 89.0986862183, 42.419593811, -45.7604598999, -57.7829017639, 7.71844959259, -19.8720340729, -9.28565979004, 30.9480934143], [80.9407272339, -68.886100769, 127.823036194, 267.100372314, 62.3766403198, 10.6475114822, -12.3322820663, -4.88598918915, 41.9456176758, 3.71773600578, -14.6345672607, -19.170085907, -16.3287715912], [-38.2934875488, 215.060180664, -92.3810958862, 62.3766403198, 236.956970215, 28.9935665131, 54.0600547791, -15.4238471985, 48.3567810059, -19.8671798706, 30.9221057892, -34.1978874207, -17.1138572693], [270.505187988, -239.716400146, 89.0986862183, 10.6475114822, 28.9935665131, 229.356872559, 23.0000514984, 34.5255012512, -85.2910614014, 106.020980835, -45.4562149048, 18.0081729889, -6.35605192184], [-361.562683105, 417.76159668, 42.419593811, -12.3322820663, 54.0600547791, 23.0000514984, 253.495956421, -39.0162658691, 5.85305547714, -107.927978516, 90.4429168701, -46.2571334839, 37.5160942078], [334.82711792, -259.822113037, -45.7604598999, -4.88598918915, -15.4238471985, 34.5255012512, -39.0162658691, 144.224182129, -8.64060401917, 62.9130744934, -42.6735420227, 44.4754104614, -35.1331939697], [-153.662384033, 220.725006104, -57.7829017639, 41.9456176758, 48.3567810059, -85.2910614014, 5.85305547714, -8.64060401917, 208.577407837, -45.492855072, 15.0834379196, -49.8529624939, -11.5123071671], [468.801086426, -430.523071289, 7.71844959259, 3.71773600578, -19.8671798706, 106.020980835, -107.927978516, 62.9130744934, -45.492855072, 223.585372925, -64.9808959961, 43.1798820496, -30.863866806], [-288.506408691, 273.722167969, -19.8720340729, -14.6345672607, 30.9221057892, -45.4562149048, 90.4429168701, -42.6735420227, 15.0834379196, -64.9808959961, 121.851875305, -11.9673433304, 21.1751079559], [182.024978638, -219.122207642, -9.28565979004, -19.170085907, -34.1978874207, 18.0081729889, -46.2571334839, 44.4754104614, -49.8529624939, 43.1798820496, -11.9673433304, 103.118125916, -0.105519302189], [-214.741653442, 108.235458374, 30.9480934143, -16.3287715912, -17.1138572693, -6.35605192184, 37.5160942078, -35.1331939697, -11.5123071671, -30.863866806, 21.1751079559, -0.105519302189, 88.5261077881]],
        "icov": [[0.00171419838443, -0.000589554023463, 0.00200577406213, -0.0018889940111, 0.00139481876977, -0.00146018865053, 0.000423236138886, -0.00134311546572, 0.00104420166463, -0.00197186809964, 0.0020960776601, -0.00138645851985, 0.00222708238289], [-0.000589554023463, 0.00917207170278, -0.0043006548658, 0.00660026213154, -0.00772353261709, 0.00587645871565, -0.00617865007371, 0.00488743185997, -0.00468671647832, 0.00653048977256, -0.00611656624824, 0.00718983216211, -0.00329748587683], [0.00200577406213, -0.0043006548658, 0.00639007752761, -0.00624401122332, 0.00625436659902, -0.00505317840725, 0.00233907764778, -0.00235918420367, 0.00321128964424, -0.00451341131702, 0.00486868014559, -0.00423034466803, 0.00333116389811], [-0.0018889940111, 0.00660026213154, -0.00624401122332, 0.0112523911521, -0.00840443279594, 0.00555928377435, -0.00375766609795, 0.00409995066002, -0.00488298665732, 0.00608774740249, -0.00545579334721, 0.00613058684394, -0.0035998316016], [0.00139481876977, -0.00772353261709, 0.00625436659902, -0.00840443279594, 0.0135782463476, -0.00792636722326, 0.00447366014123, -0.00375208398327, 0.00322751840577, -0.00587130757049, 0.00465464731678, -0.0057969414629, 0.00501321488991], [-0.00146018865053, 0.00587645871565, -0.00505317840725, 0.00555928377435, -0.00792636722326, 0.013861390762, -0.00747622782364, 0.00319638685323, -0.000702225952409, 0.000646994623821, -0.00141411146615, 0.0050833625719, -0.0035565327853], [0.000423236138886, -0.00617865007371, 0.00233907764778, -0.00375766609795, 0.00447366014123, -0.00747622782364, 0.0128279728815, -0.00495148869231, 0.00309483753517, -0.000556042068638, -0.00134624214843, -0.00211180257611, 0.000524858944118], [-0.00134311546572, 0.00488743185997, -0.00235918420367, 0.00409995066002, -0.00375208398327, 0.00319638685323, -0.00495148869231, 0.0139035023749, -0.00400277134031, 0.00292558385991, -0.00136080547236, -3.19590290019e-05, 0.000292652781354], [0.00104420166463, -0.00468671647832, 0.00321128964424, -0.00488298665732, 0.00322751840577, -0.000702225952409, 0.00309483753517, -0.00400277134031, 0.00976533349603, -0.0042251474224, 0.00410979054868, -0.00114312011283, 0.00272566871718], [-0.00197186809964, 0.00653048977256, -0.00451341131702, 0.00608774740249, -0.00587130757049, 0.000646994623821, -0.000556042068638, 0.00292558385991, -0.0042251474224, 0.0150408893824, -0.0064899707213, 0.00541403051466, -0.00350554985926], [0.0020960776601, -0.00611656624824, 0.00486868014559, -0.00545579334721, 0.00465464731678, -0.00141411146615, -0.00134624214843, -0.00136080547236, 0.00410979054868, -0.0064899707213, 0.0203564185649, -0.00842854380608, 0.00407583452761], [-0.00138645851985, 0.00718983216211, -0.00423034466803, 0.00613058684394, -0.0057969414629, 0.0050833625719, -0.00211180257611, -3.19590290019e-05, -0.00114312011283, 0.00541403051466, -0.00842854380608, 0.0206344630569, -0.005637914408], [0.00222708238289, -0.00329748587683, 0.00333116389811, -0.0035998316016, 0.00501321488991, -0.0035565327853, 0.000524858944118, 0.000292652781354, 0.00272566871718, -0.00350554985926, 0.00407583452761, -0.005637914408, 0.0176596734673]]
    },
    "melbands": {
        "max": [0.0058042020537, 0.0158482547849, 0.0128065440804, 0.0259227063507, 0.00897668302059, 0.00413585687056, 0.0107834497467, 0.0151573689654, 0.00764741003513, 0.00592884002253, 0.00464178761467, 0.0037684419658, 0.00547790806741, 0.00471246615052, 0.00221233558841, 0.000729411956854, 0.000719052157365, 0.00073951651575, 0.000844675814733, 0.000871829572134, 0.000403189042117, 0.00044235290261, 0.000223629540415, 0.000314555072691, 0.000252314144745, 0.000219240842853, 7.42098054616e-05, 6.96443239576e-05, 9.6519201179e-05, 8.79035942489e-05, 5.29815915797e-05, 8.24732196634e-05, 0.000109918357339, 7.52595733502e-05, 0.000103434620542, 0.000140966236359, 5.73609577259e-05, 6.74473631079e-05, 6.24806052656e-05, 1.82526800927e-05],
        "mean": [0.000620477134362, 0.00144637422636, 0.00124670111109, 0.00172114884481, 0.00081166846212, 0.000263965775957, 0.000463870179374, 0.000564958201721, 0.000314202392474, 0.000191703511518, 0.000153880391736, 0.000162365962751, 0.00012963633344, 6.18866906734e-05, 5.52455239813e-05, 4.95357744512e-05, 4.07031402574e-05, 4.18261188315e-05, 4.51622145192e-05, 4.20277829107e-05, 2.99869643641e-05, 2.35259576584e-05, 2.05411415664e-05, 1.40634610943e-05, 1.31850065372e-05, 1.17364152175e-05, 6.73503154758e-06, 4.84464044348e-06, 4.65967832497e-06, 4.04777574659e-06, 4.21326558353e-06, 4.87976285513e-06, 4.50596144219e-06, 3.67379402633e-06, 3.67293773706e-06, 3.66442395716e-06, 2.8456634027e-06, 2.06999629881e-06, 1.59745832207e-06, 1.11829638172e-06],
        "min": [1.78323716682e-06, 2.92025151793e-06, 9.93749836198e-06, 1.28688388941e-05, 3.42207022186e-05, 9.73059013631e-06, 4.49365006716e-06, 3.51985022462e-06, 2.41054158323e-06, 1.2429460412e-06, 6.05956643085e-07, 3.59218461199e-07, 3.33182782697e-07, 2.4077584726e-07, 1.44813782299e-07, 1.08427272494e-07, 6.98079105632e-08, 5.78019587749e-08, 3.48840032416e-08, 3.67391983502e-08, 3.34704139959e-08, 2.32645263054e-08, 2.09324610978e-08, 1.31030963857e-08, 1.52727075431e-08, 9.14838071964e-09, 1.01910710981e-08, 8.6719085246e-09, 2.09961670272e-09, 1.29429700291e-09, 2.63208477236e-09, 4.25608437382e-09, 4.26714619195e-09, 3.22321103141e-09, 2.04779748714e-09, 2.66441735342e-09, 1.04601050044e-09, 1.30972099485e-11, 2.36918040741e-10, 3.6024705441e-10],
        "stdev": [0.000744998222217, 0.00174904288724, 0.00120157562196, 0.00196939264424, 0.000921618542634, 0.000286539376248, 0.000889744784217, 0.00107926351484, 0.00070567522198, 0.00044509183499, 0.000336297351168, 0.000338960730005, 0.000263081456069, 0.000213466933928, 0.00012088346557, 7.57140878704e-05, 6.63200989948e-05, 6.77023490425e-05, 7.31221371097e-05, 7.99793924671e-05, 4.54164510302e-05, 3.87898180634e-05, 2.82864330075e-05, 2.03396157303e-05, 1.97920126084e-05, 2.00136819331e-05, 8.71088650456e-06, 6.30558179182e-06, 7.23194898455e-06, 6.4088558247e-06, 6.34124535281e-06, 7.34626746635e-06, 7.36924175726e-06, 6.19995580564e-06, 7.52597952669e-06, 8.69153427629e-06, 5.14370594829e-06, 4.59904549643e-06, 3.16717432725e-06, 1.53478242737e-06]
    },
    "melbands128": {
        "max": [0.00174205878284, 0.00474546849728, 0.00939248036593, 0.0175778642297, 0.020008938387, 0.0143006965518, 0.0139490999281, 0.0239436253905, 0.0201909448951, 0.0439077429473, 0.0284262914211, 0.0150817688555, 0.0113466884941, 0.00397791014984, 0.00499170087278, 0.00811518076807, 0.0118990102783, 0.0179763175547, 0.0194574091583, 0.0137654077262, 0.0340285561979, 0.0183318592608, 0.0108446199447, 0.0126108732074, 0.0133855231106, 0.00479103298858, 0.0057926075533, 0.00516291428357, 0.0120603386313, 0.00831242930144, 0.00392279122025, 0.00171188823879, 0.00680062640458, 0.0103513542563, 0.00485367979854, 0.0105909761041, 0.00556770944968, 0.00282419170253, 0.00183221884072, 0.00173876772169, 0.00151438161265, 0.00159548898228, 0.00112137605902, 0.00095185713144, 0.000698217714671, 0.00130917364731, 0.00181773584336, 0.00158144917805, 0.0020521027036, 0.00229066610336, 0.00191250443459, 0.000947633001488, 0.000841172877699, 0.000725909892935, 0.00121046754066, 0.000640272570308, 0.000843543093652, 0.000529288256075, 0.000424497236963, 0.000357425044058, 0.000329584843712, 0.000273182318779, 0.000440243718913, 0.000518985732924, 0.000405150087317, 0.000454116874607, 0.000281396671198, 0.000218243032577, 0.000117596886412, 5.83127002756e-05, 6.41036676825e-05, 0.000125533420942, 0.000177323396201, 0.0001705911709, 8.75323894434e-05, 0.00010701877909, 0.000129613355966, 5.27528536622e-05, 7.38294911571e-05, 6.32833616692e-05, 0.000131128486828, 0.000113749454613, 0.000173334396095, 0.000125410108012, 0.00012817075185, 9.35412317631e-05, 9.9974204204e-05, 0.000101911202364, 0.000113023634185, 0.000210743834032, 0.000119391057524, 0.000212969185668, 0.000130536194774, 4.59306975245e-05, 6.93600013619e-05, 7.60024049669e-05, 9.65421349974e-05, 7.86472737673e-05, 9.63858619798e-05, 6.91528475727e-05, 2.27915843425e-05, 2.08825640584e-05, 1.26437616927e-05, 9.85648512142e-06, 8.10101573734e-06, 4.74566149933e-06, 6.21750132268e-06, 4.39883842773e-06, 5.24839288119e-06, 6.99619704392e-06, 3.44493241755e-06, 1.40942688631e-06, 1.12142643616e-07, 2.48988651919e-08, 2.79061094233e-08, 1.46673722057e-08, 7.1995369666e-09, 6.93421586817e-09, 6.71846356326e-09, 6.5033471941e-09, 6.32062491235e-09, 6.16566087075e-09, 6.04209571264e-09, 5.91394533345e-09, 5.8364815203e-09, 5.7614073512e-09, 5.70555913626e-09, 5.67370106452e-09],
        "mean": [0.000125082660816, 0.00041324691847, 0.000673272472341, 0.00129577319603, 0.00174790411256, 0.00135975982994, 0.00110782287084, 0.00129794736858, 0.00122043164447, 0.0020944098942, 0.00184961629566, 0.0010793475667, 0.000551878358237, 0.000418062118115, 0.000272100442089, 0.000155141853611, 0.000264428701485, 0.000623465690296, 0.000557761522941, 0.00057993788505, 0.000579960818868, 0.000480181828607, 0.000225269803195, 0.000208766607102, 0.000270219316008, 0.000121341028716, 0.000172228828887, 0.000128978615976, 0.000168589962414, 0.000219438050408, 0.000130411193823, 0.000106003244582, 0.000186759949429, 8.83107932168e-05, 7.14638372301e-05, 5.63329194847e-05, 4.49397921329e-05, 3.32967138092e-05, 9.24347332329e-05, 5.71764612687e-05, 2.65975031652e-05, 5.63138601137e-05, 4.69403858006e-05, 2.61540208157e-05, 3.74651644961e-05, 4.62401549157e-05, 4.85914351884e-05, 3.35728364007e-05, 4.45580335509e-05, 7.12353648851e-05, 3.34984251822e-05, 2.47619591391e-05, 3.28271125909e-05, 3.18525380862e-05, 2.60026827164e-05, 2.04640618904e-05, 2.03746312764e-05, 3.18988422805e-05, 1.48855406223e-05, 1.19712021842e-05, 1.52267930389e-05, 1.48645194713e-05, 1.12289981189e-05, 1.3204366951e-05, 1.5873929442e-05, 1.13584619612e-05, 1.05387744043e-05, 6.89046828484e-06, 6.29858323009e-06, 5.40747714695e-06, 4.78038191432e-06, 4.25885582445e-06, 5.56640725335e-06, 4.41513020633e-06, 4.07658353652e-06, 4.38917686552e-06, 3.94608059651e-06, 3.45728813045e-06, 4.35827541878e-06, 4.61978561361e-06, 5.35633125764e-06, 4.65588937004e-06, 4.57269425169e-06, 4.80085600429e-06, 4.21339382228e-06, 3.61854154107e-06, 3.59075943379e-06, 3.48562139152e-06, 3.59788487003e-06, 3.95394226871e-06, 3.61945194527e-06, 3.60718649972e-06, 3.75150693799e-06, 2.67182940661e-06, 2.5258423193e-06, 2.27496548177e-06, 2.00842464437e-06, 1.70667487964e-06, 1.50104415297e-06, 1.74546835296e-06, 1.30113357955e-06, 1.03934962681e-06, 7.99501549409e-07, 7.44141118503e-07, 6.37891957922e-07, 5.03933904383e-07, 4.95647668686e-07, 4.2462932015e-07, 4.21358578251e-07, 3.97890573822e-07, 1.93610290466e-07, 4.51233894694e-08, 2.54590637461e-09, 3.15593523537e-10, 3.26960070129e-10, 2.63579519322e-10, 5.06750093276e-11, 1.01874151476e-11, 9.86181709212e-12, 9.56456355089e-12, 9.30767615759e-12, 9.09049918674e-12, 8.90387156366e-12, 8.7278457031e-12, 8.58521066738e-12, 8.43325843186e-12, 8.33254992783e-12, 8.28254999308e-12],
        "min": [2.15859632391e-08, 4.59970920019e-07, 1.00037505035e-06, 1.02756882825e-06, 1.14703493637e-06, 1.17306035463e-06, 1.07763094093e-06, 2.09978406929e-06, 7.82813276601e-06, 1.0268117876e-05, 2.1087166715e-06, 6.03387161391e-06, 2.21672439693e-06, 2.25334611059e-06, 2.67187078862e-06, 9.38577272791e-07, 4.36598497799e-07, 7.42208499105e-07, 9.17168392789e-07, 4.65502154157e-07, 1.15469379125e-06, 6.9282810955e-07, 1.47572777109e-07, 1.26232362163e-06, 4.65586310838e-07, 3.98106294597e-07, 5.87552406728e-08, 3.44045417933e-07, 2.27138755804e-07, 7.05325930994e-08, 1.69588094678e-08, 2.0343856022e-07, 9.61867812066e-08, 1.05508908277e-08, 2.026027488e-07, 2.02492209667e-08, 2.21104592413e-08, 6.7631376055e-08, 5.71497089652e-08, 5.86155479709e-08, 1.66452807093e-08, 3.10006456061e-08, 4.8360380589e-08, 4.60080862297e-08, 6.10934876022e-08, 4.87585722908e-08, 7.72775798907e-09, 1.89393052352e-08, 2.55749537104e-08, 3.72239661317e-08, 1.1462633509e-08, 1.91057978327e-08, 2.24970602147e-08, 2.70403859304e-08, 1.16935687799e-08, 1.44176102168e-08, 1.13894351728e-08, 1.11739568709e-08, 1.27143957585e-08, 2.38176323109e-09, 6.41822950342e-09, 5.08143793709e-09, 5.14434228549e-09, 1.98172926957e-08, 3.54726004126e-09, 6.69935662501e-09, 4.17033207967e-09, 6.60090293536e-09, 3.75763287153e-09, 2.96827784574e-09, 3.5422946798e-09, 2.38955255583e-09, 1.86734916419e-09, 7.58035578752e-10, 1.59399315969e-09, 1.48510892473e-09, 3.05960340397e-10, 1.23195376123e-09, 8.38614455656e-10, 1.88033408288e-10, 1.6215511156e-09, 2.46457143582e-09, 8.94929463868e-10, 3.03736896745e-10, 4.8942899733e-10, 2.33481078915e-09, 2.07111905404e-09, 8.82612705144e-10, 8.75241490395e-10, 6.00675176265e-10, 4.78252881742e-10, 1.02505148813e-09, 1.48234069464e-09, 1.99652988586e-10, 4.730151687e-11, 2.09308612109e-11, 4.99450827918e-12, 3.45439800896e-12, 3.72646922001e-12, 3.88522096439e-11, 6.57557602118e-12, 7.1548454661e-11, 1.07512479822e-11, 1.01566159996e-11, 1.20852275669e-12, 7.09700473302e-13, 3.87656188617e-13, 1.80231128416e-13, 7.07152028991e-14, 5.45252828077e-14, 8.08274345891e-14, 6.47578778795e-14, 5.09527350054e-14, 4.34829750603e-14, 4.19741349425e-14, 5.90803515593e-14, 5.11638359446e-14, 6.06492869706e-14, 4.80837327691e-14, 5.55949397304e-14, 4.14653425799e-14, 6.12038834869e-14, 5.08862293665e-14, 4.82772831857e-14, 4.25101916017e-14, 1.5762168453e-14, 2.51020606787e-15, 1.28124625587e-16],
        "stdev": [0.000220285844989, 0.000722724886145, 0.00101026822813, 0.0017731518019, 0.00235546100885, 0.0018256616313, 0.00134507392067, 0.00157113431487, 0.00150548375677, 0.00315849785693, 0.00253649428487, 0.00164635712281, 0.000940549361985, 0.000426972837886, 0.000312284770189, 0.000423036981374, 0.000590232782997, 0.00148762576282, 0.00129462999757, 0.00144919089507, 0.00171316543128, 0.00146602944005, 0.000781983195338, 0.000720440060832, 0.000907452311367, 0.000292198674288, 0.00044482795056, 0.000365861400496, 0.000687035731971, 0.000626371591352, 0.000283149944153, 0.000164906843565, 0.000417604635004, 0.000383298960514, 0.000272477278486, 0.000371020985767, 0.00027271034196, 0.000122713783639, 0.000191262515727, 0.000112545349111, 7.28171507944e-05, 0.000128886298626, 9.48810629779e-05, 5.66723283555e-05, 6.24709573458e-05, 0.000107730687887, 0.000119221498608, 9.8921940662e-05, 0.000105270424683, 0.000147852435475, 0.000121729142847, 6.40085127088e-05, 6.83630423737e-05, 6.0200720327e-05, 6.70899171382e-05, 5.09879209858e-05, 5.04681083839e-05, 5.81194908591e-05, 2.65755224973e-05, 2.18196510104e-05, 2.76156297332e-05, 2.32450456679e-05, 2.27452546824e-05, 2.56839357462e-05, 3.04030218103e-05, 2.78459301626e-05, 2.20432793867e-05, 1.2209331544e-05, 1.10933060569e-05, 7.41672829463e-06, 6.91456898494e-06, 7.69816506363e-06, 1.06560519271e-05, 8.67202743393e-06, 6.37007451587e-06, 7.8131306509e-06, 7.56607505537e-06, 6.00441444476e-06, 7.20184561942e-06, 7.31847831048e-06, 8.77388811205e-06, 8.05037234386e-06, 9.35055504669e-06, 8.78551963979e-06, 7.1180957093e-06, 6.37102766632e-06, 6.57130294712e-06, 7.55111523176e-06, 7.73660303821e-06, 9.82679284789e-06, 8.971735042e-06, 1.09209449874e-05, 7.95687537902e-06, 4.70938084618e-06, 4.94587902722e-06, 5.08396760779e-06, 5.46573301108e-06, 3.89432216252e-06, 3.77521246264e-06, 3.50163486473e-06, 1.98588168132e-06, 1.48808771883e-06, 1.15888292385e-06, 9.48069271089e-07, 8.02382544407e-07, 6.28225791388e-07, 6.43231260256e-07, 5.6932623238e-07, 6.28032182703e-07, 6.90056367603e-07, 4.41849806521e-07, 1.22812039649e-07, 9.35921118383e-09, 1.4411050131e-09, 1.60440682961e-09, 9.93691018358e-10, 2.59694182825e-10, 1.85224793836e-10, 1.79462805727e-10, 1.73717762397e-10, 1.68837568926e-10, 1.64698199523e-10, 1.61397756271e-10, 1.57975618698e-10, 1.55906829113e-10, 1.53902016131e-10, 1.52411416821e-10, 1.51560458628e-10]
    },
    "mfcc": {
        "mean": [-618.397033691, 119.264350891, 15.2156248093, 17.0483818054, 3.44010353088, 2.52738142014, -8.09901237488, 5.74776315689, -4.0812625885, -0.629392802715, -4.23014163971, -6.10391902924, -3.48064303398],
        "cov": [[2970.92578125, -1460.61779785, -538.664794922, -204.289978027, 145.997177124, -16.9837036133, -100.889610291, -163.250366211, 98.2981033325, 82.8999252319, 116.632240295, 95.3179244995, -3.80722784996], [-1460.61779785, 1412.14038086, -40.8227081299, 125.809936523, -104.757888794, 10.979385376, 86.1454544067, 197.42086792, -90.0756607056, 3.28561162949, -6.3512096405, -77.4336090088, 27.1472988129], [-538.664794922, -40.8227081299, 648.874145508, 49.979019165, -62.9542694092, 68.2876052856, 67.8216934204, -35.5308303833, 38.4266319275, -28.3486671448, -75.1166687012, 20.201341629, -28.4760093689], [-204.289978027, 125.809936523, 49.979019165, 253.472229004, 56.8954811096, 6.58564805984, -40.3024368286, 54.9838562012, -13.4898328781, 1.01189553738, 13.519118309, 0.243355095387, 23.4632587433], [145.997177124, -104.757888794, -62.9542694092, 56.8954811096, 191.709457397, 44.6246604919, -56.1774215698, -12.0260868073, 20.7804069519, 31.1464138031, 27.6651554108, 16.4108963013, 12.2308855057], [-16.9837036133, 10.979385376, 68.2876052856, 6.58564805984, 44.6246604919, 182.673110962, 82.1828155518, -32.2756004333, 30.3370990753, 32.2850418091, -10.454202652, 30.7702236176, -22.2199230194], [-100.889610291, 86.1454544067, 67.8216934204, -40.3024368286, -56.1774215698, 82.1828155518, 264.713684082, 13.5225696564, -6.26252174377, -13.3353261948, -33.1479454041, 15.5397281647, -24.2457122803], [-163.250366211, 197.42086792, -35.5308303833, 54.9838562012, -12.0260868073, -32.2756004333, 13.5225696564, 173.808303833, -15.0914888382, -8.40202045441, 24.0416202545, -33.6639137268, 34.4593238831], [98.2981033325, -90.0756607056, 38.4266319275, -13.4898328781, 20.7804069519, 30.3370990753, -6.26252174377, -15.0914888382, 101.964141846, 32.0470466614, -13.3042240143, 18.1795158386, -6.19340133667], [82.8999252319, 3.28561162949, -28.3486671448, 1.01189553738, 31.1464138031, 32.2850418091, -13.3353261948, -8.40202045441, 32.0470466614, 104.676849365, 30.2469978333, 2.07359933853, 10.0709161758], [116.632240295, -6.3512096405, -75.1166687012, 13.519118309, 27.6651554108, -10.454202652, -33.1479454041, 24.0416202545, -13.3042240143, 30.2469978333, 88.2728652954, 10.5394229889, 12.946313858], [95.3179244995, -77.4336090088, 20.201341629, 0.243355095387, 16.4108963013, 30.7702236176, 15.5397281647, -33.6639137268, 18.1795158386, 2.07359933853, 10.5394229889, 75.8576812744, 6.6178188324], [-3.80722784996, 27.1472988129, -28.4760093689, 23.4632587433, 12.2308855057, -22.2199230194, -24.2457122803, 34.4593238831, -6.19340133667, 10.0709161758, 12.946313858, 6.6178188324, 75.9702377319]],
        "icov": [[0.00118091434706, 0.00127007521223, 0.00106348621193, 7.41203111829e-05, 0.000346001615981, -0.000254573504208, -0.000134845016873, -0.000207959878026, -0.000288668496069, -0.000498939829413, -0.000548270763829, -0.000354139134288, 6.90866436344e-05], [0.00127007521223, 0.002388428431, 0.00128622341435, -0.000373339338694, 0.00103515025694, -0.000753969885409, -0.000209132937016, -0.00120438751765, 0.000500693975482, -0.0010632845806, -9.38195880735e-05, 4.69183032692e-06, 9.73146161414e-05], [0.00106348621193, 0.00128622341435, 0.00296425563283, -0.000764301104937, 0.00130495859776, -0.000954409653787, -0.000192452251213, -3.7134042941e-05, -0.000842915149406, -0.000153415559907, 0.000696915842127, -0.00059864128707, 0.000292010430712], [7.41203111829e-05, -0.000373339338694, -0.000764301104937, 0.0053632222116, -0.00190509308595, -0.000183795855264, 0.000957722892053, -0.00163566111587, 0.00100638205186, 2.7133812182e-05, 9.20531601878e-05, -0.000946567219216, -0.000360035075573], [0.000346001615981, 0.00103515025694, 0.00130495859776, -0.00190509308595, 0.00807640515268, -0.00302466843277, 0.00156493415125, 9.2509391834e-05, -0.000803435628768, -0.000552436686121, -0.00111172394827, -8.76837511896e-05, -0.000797658925876], [-0.000254573504208, -0.000753969885409, -0.000954409653787, -0.000183795855264, -0.00302466843277, 0.00937975011766, -0.00296393898316, 0.0010887037497, -0.000878478516825, -0.00243510352448, 0.000819020147901, -0.00227108993568, 0.00205575139262], [-0.000134845016873, -0.000209132937016, -0.000192452251213, 0.000957722892053, 0.00156493415125, -0.00296393898316, 0.00584968319163, -0.00189710350242, 0.00146804959513, -1.5518256987e-05, 0.00199489900842, -0.00191058020573, 0.00125683215447], [-0.000207959878026, -0.00120438751765, -3.7134042941e-05, -0.00163566111587, 9.2509391834e-05, 0.0010887037497, -0.00189710350242, 0.0100920945406, -0.00259289890528, 0.00274739670567, -0.00425513414666, 0.00496102916077, -0.00425100512803], [-0.000288668496069, 0.000500693975482, -0.000842915149406, 0.00100638205186, -0.000803435628768, -0.000878478516825, 0.00146804959513, -0.00259289890528, 0.0143797891214, -0.00556088611484, 0.00520070083439, -0.00402354681864, 0.00207059108652], [-0.000498939829413, -0.0010632845806, -0.000153415559907, 2.7133812182e-05, -0.000552436686121, -0.00243510352448, -1.5518256987e-05, 0.00274739670567, -0.00556088611484, 0.0148452622816, -0.00634428486228, 0.00400600861758, -0.00327447196469], [-0.000548270763829, -9.38195880735e-05, 0.000696915842127, 9.20531601878e-05, -0.00111172394827, 0.000819020147901, 0.00199489900842, -0.00425513414666, 0.00520070083439, -0.00634428486228, 0.0183514095843, -0.00576669536531, 0.00186415645294], [-0.000354139134288, 4.69183032692e-06, -0.00059864128707, -0.000946567219216, -8.76837511896e-05, -0.00227108993568, -0.00191058020573, 0.00496102916077, -0.00402354681864, 0.00400600861758, -0.00576669536531, 0.019422756508, -0.00502991117537], [6.90866436344e-05, 9.73146161414e-05, 0.000292010430712, -0.000360035075573, -0.000797658925876, 0.00205575139262, 0.00125683215447, -0.00425100512803, 0.00207059108652, -0.00327447196469, 0.00186415645294, -0.00502991117537, 0.0171347670257]]
    },
    "spectral_contrast_coeffs": {
        "max": [-0.339130461216, -0.489185512066, -0.49570786953, -0.636525988579, -0.555026054382, -0.557503163815],
        "mean": [-0.671901166439, -0.746917307377, -0.752247035503, -0.792630672455, -0.784899055958, -0.76334798336],
        "min": [-0.853106975555, -0.956163585186, -0.896722733974, -0.898459911346, -0.884716868401, -0.874204754829],
        "stdev": [0.0741186589003, 0.0751131922007, 0.0648272708058, 0.0495732501149, 0.0539487227798, 0.0399976707995]
    },
    "spectral_contrast_valleys": {
        "max": [-4.93166399002, -4.76206684113, -5.20675754547, -5.7482380867, -5.582654953, -7.69418382645],
        "mean": [-6.33611297607, -6.37352848053, -7.24033498764, -7.45489692688, -7.56675195694, -9.89089584351],
        "min": [-8.65079784393, -7.86722373962, -9.59721946716, -9.81567955017, -10.3559980392, -13.7862939835],
        "stdev": [0.610806107521, 0.495064914227, 0.612913072109, 0.718320131302, 0.771427214146, 1.13848185539]
    }
},
"rhythm": {
    "beats_count": 67,
    "beats_loudness": {
        "max": 0.083207167685,
        "mean": 0.0399714186788,
        "min": 0.0157083794475,
        "stdev": 0.0138414734975
    },
    "bpm": 124.424438477,
    "bpm_histogram_first_peak_bpm": 123,
    "bpm_histogram_first_peak_weight": 0.459016382694,
    "bpm_histogram_second_peak_bpm": 129,
    "bpm_histogram_second_peak_spread": 0,
    "bpm_histogram_second_peak_weight": 0.0757575780153,
    "danceability": 1.19979202747,
    "onset_rate": 3.47607398033,
    "beats_loudness_band_ratio": {
        "max": [0.748437464237, 0.786686182022, 0.623651325703, 0.537967741489, 0.272180557251, 0.231516242027],
        "mean": [0.287103921175, 0.291106462479, 0.187494948506, 0.105074457824, 0.081960991025, 0.0988935604692],
        "min": [0.0115395747125, 0.0294577013701, 0.00769281946123, 0.00686925090849, 0.00833941530436, 0.0140521526337],
        "stdev": [0.180590495467, 0.157885074615, 0.131977662444, 0.100256279111, 0.0581086762249, 0.0491698719561]
    },
    "beats_position": [0.487619042397, 0.975238084793, 1.46285712719, 1.95047616959, 2.41487526894, 2.90249419212, 3.39011335373, 3.86612248421, 4.34213161469, 4.82975053787, 5.30575942993, 5.78176879883, 6.26938772202, 6.74539661407, 7.22140598297, 7.70902490616, 8.19664382935, 8.68426322937, 9.17188167572, 9.64789104462, 10.1239004135, 10.5882987976, 11.0759181976, 11.5635375977, 12.0395460129, 12.5155553818, 13.0031747818, 13.4675731659, 13.9551925659, 14.4428119659, 14.9304304123, 15.4064397812, 15.8824491501, 16.3584575653, 16.8460769653, 17.3220863342, 17.8097057343, 18.2857131958, 18.7617225647, 19.2493419647, 19.7369613647, 20.2013607025, 20.6889801025, 21.1765975952, 21.6642169952, 22.1402263641, 22.616235733, 23.0806350708, 23.5566444397, 24.0326519012, 24.5202713013, 25.0078907013, 25.4955101013, 25.9715194702, 26.4475269318, 26.9235363007, 27.4111557007, 27.8871650696, 28.3747844696, 28.8507938385, 29.3268013, 29.8028106689, 30.2788200378, 30.7664394379, 31.2540588379, 31.7416782379, 32.2292976379],
