{
"metadata": {
    "version": {
        "essentia": "2.1-beta5",
        "essentia_git_sha": "Undefined",
        "extractor": "music 2.0"
    },
    "audio_properties": {
        "analysis": {
            "equal_loudness": 0,
            "length": 48.7502937317,
            "sample_rate": 44100,
            "start_time": 45.2440834045,
            "downmix": "mix"
        },
        "bit_rate": 192000,
        "length": 185.573883057,
        "lossless": 0,
        "number_channels": 2,
        "replay_gain": -0.36229133606,
        "sample_rate": 44100,
        "codec": "mp3",
        "md5_encoded": "a5f632ff77e8bf44345cd880ec1c359e"
    },
    "tags": {
        "file_name": "Slovakia_Modlitba_Katarína Hasprová.mp3",
        "encoding": ["Lavf58.29.100"]
    }
},
"lowlevel": {
    "average_loudness": 0.955697417259,
    "barkbands_crest": {
        "max": 23.4336471558,
        "mean": 9.36909389496,
        "min": 2.61858034134,
        "stdev": 4.08793306351
    },
    "barkbands_flatness_db": {
        "max": 0.3230715096,
        "mean": 0.125891372561,
        "min": 0.0458695143461,
        "stdev": 0.0345002524555
    },
    "barkbands_kurtosis": {
        "max": 52.6352920532,
        "mean": 1.21858227253,
        "min": -1.9105899334,
        "stdev": 4.20207452774
    },
    "barkbands_skewness": {
        "max": 5.83672475815,
        "mean": 0.792695820332,
        "min": -1.65509319305,
        "stdev": 0.973537564278
    },
    "barkbands_spread": {
        "max": 94.7874145508,
        "mean": 26.8126049042,
        "min": 1.35591924191,
        "stdev": 13.5753412247
    },
    "dissonance": {
        "max": 0.499999850988,
        "mean": 0.462332636118,
        "min": 0.313807934523,
        "stdev": 0.0261480771005
    },
    "dynamic_complexity": 1.78860318661,
    "erbbands_crest": {
        "max": 32.1391372681,
        "mean": 11.0857391357,
        "min": 3.0000743866,
        "stdev": 5.68578195572
    },
    "erbbands_flatness_db": {
        "max": 0.344601303339,
        "mean": 0.172135472298,
        "min": 0.0753003060818,
        "stdev": 0.044737983495
    },
    "erbbands_kurtosis": {
        "max": 20.9939231873,
        "mean": 0.226481601596,
        "min": -1.66894543171,
        "stdev": 1.94323134422
    },
    "erbbands_skewness": {
        "max": 4.08775997162,
        "mean": 0.144416451454,
        "min": -3.73196220398,
        "stdev": 0.642461597919
    },
    "erbbands_spread": {
        "max": 122.742958069,
        "mean": 37.4612236023,
        "min": 5.03809642792,
        "stdev": 18.6799812317
    },
    "hfc": {
        "max": 224.866531372,
        "mean": 28.6920795441,
        "min": 0.593100607395,
        "stdev": 21.1700210571
    },
    "loudness_ebu128": {
        "integrated": -23.6309661865,
        "loudness_range": 3.0114402771,
        "momentary": {
            "max": -20.0145568848,
            "mean": -23.9164447784,
            "min": -29.4510784149,
            "stdev": 1.62020897865
        },
        "short_term": {
            "max": -21.2586917877,
            "mean": -23.7082366943,
            "min": -26.4269657135,
            "stdev": 0.989245951176
        }
    },
    "melbands_crest": {
        "max": 28.6014328003,
        "mean": 12.2184181213,
        "min": 3.21353626251,
        "stdev": 4.47439622879
    },
    "melbands_flatness_db": {
        "max": 0.405451923609,
        "mean": 0.157390415668,
        "min": 0.0300546549261,
        "stdev": 0.0457212738693
    },
    "melbands_kurtosis": {
        "max": 100.408554077,
        "mean": 5.82587003708,
        "min": -1.79613220692,
        "stdev": 8.74824905396
    },
    "melbands_skewness": {
        "max": 8.83792877197,
        "mean": 1.74496233463,
        "min": -1.23837327957,
        "stdev": 1.31904423237
    },
    "melbands_spread": {
        "max": 178.496246338,
        "mean": 34.3418693542,
        "min": 2.28677916527,
        "stdev": 18.5884437561
    },
    "pitch_salience": {
        "max": 0.803492367268,
        "mean": 0.54288059473,
        "min": 0.141811609268,
        "stdev": 0.0957762151957
    },
    "silence_rate_20dB": {
        "max": 1,
        "mean": 1,
        "min": 1,
        "stdev": 0
    },
    "silence_rate_30dB": {
        "max": 1,
        "mean": 1,
        "min": 1,
        "stdev": 0
    },
    "silence_rate_60dB": {
        "max": 1,
        "mean": 0.00333174667321,
        "min": 0,
        "stdev": 0.0576239712536
    },
    "spectral_centroid": {
        "max": 4300.90722656,
        "mean": 1723.76281738,
        "min": 290.003570557,
        "stdev": 622.369384766
    },
    "spectral_complexity": {
        "max": 51,
        "mean": 19.3584003448,
        "min": 1,
        "stdev": 6.67254924774
    },
    "spectral_decrease": {
        "max": -1.06568483205e-10,
        "mean": -5.24739007801e-09,
        "min": -2.08705674964e-08,
        "stdev": 2.53693688279e-09
    },
    "spectral_energy": {
        "max": 0.0829468145967,
        "mean": 0.0224073342979,
        "min": 0.00052342005074,
        "stdev": 0.0107930339873
    },
    "spectral_energyband_high": {
        "max": 0.0359473116696,
        "mean": 0.00144736538641,
        "min": 1.41600446568e-06,
        "stdev": 0.00217936071567
    },
    "spectral_energyband_low": {
        "max": 0.0409914031625,
        "mean": 0.00247486890294,
        "min": 7.3453652476e-06,
        "stdev": 0.00276182102971
    },
    "spectral_energyband_middle_high": {
        "max": 0.0570211596787,
        "mean": 0.0091814501211,
        "min": 3.07203481498e-05,
        "stdev": 0.00909967906773
    },
    "spectral_energyband_middle_low": {
        "max": 0.0743050575256,
        "mean": 0.0100748948753,
        "min": 4.51208143204e-05,
        "stdev": 0.00786029547453
    },
    "spectral_entropy": {
        "max": 8.98266410828,
        "mean": 7.56357145309,
        "min": 5.67933559418,
        "stdev": 0.405063331127
    },
    "spectral_flux": {
        "max": 0.234186172485,
        "mean": 0.0808365270495,
        "min": 0.0151047222316,
        "stdev": 0.0336565598845
    },
    "spectral_kurtosis": {
        "max": 16.3866271973,
        "mean": 3.41615486145,
        "min": -1.24161934853,
        "stdev": 2.11616563797
    },
    "spectral_rms": {
        "max": 0.00899576116353,
        "mean": 0.00453644478694,
        "min": 0.00071460037725,
        "stdev": 0.00113202864304
    },
    "spectral_rolloff": {
        "max": 11111.1328125,
        "mean": 2290.77709961,
        "min": 129.19921875,
        "stdev": 1581.07189941
    },
    "spectral_skewness": {
        "max": 3.22958731651,
        "mean": 1.28735232353,
        "min": -0.054598711431,
        "stdev": 0.373092472553
    },
    "spectral_spread": {
        "max": 24320808,
        "mean": 4677372,
        "min": 2240062,
        "stdev": 1630669.5
    },
    "spectral_strongpeak": {
        "max": 11.5642318726,
        "mean": 1.94266736507,
        "min": 0.0320915058255,
        "stdev": 2.16567397118
    },
    "zerocrossingrate": {
        "max": 0.330078125,
        "mean": 0.0797662362456,
        "min": 0.01416015625,
        "stdev": 0.0360389389098
    },
    "barkbands": {
        "max": [0.000351449882146, 0.0154095245525, 0.0264522954822, 0.0218128934503, 0.0448770262301, 0.0312845185399, 0.0393330715597, 0.0241942070425, 0.0317963846028, 0.0363947749138, 0.0285677034408, 0.0240046456456, 0.050716213882, 0.0364131703973, 0.0139095000923, 0.010612458922, 0.01348512806, 0.00961296353489, 0.00614997791126, 0.0073473835364, 0.0137534029782, 0.0149137647822, 0.00753082102165, 0.0068632112816, 0.007768323645, 0.00191077613272, 1.2901533637e-06],
        "mean": [2.39159853663e-05, 0.000973534304649, 0.00090903963428, 0.00135028921068, 0.00296401325613, 0.00239690486342, 0.001454975456, 0.000776104512624, 0.000799512723461, 0.00104319513775, 0.00081911374582, 0.000716624374036, 0.00199595326558, 0.0015149806859, 0.000973254616838, 0.000454134715255, 0.000483124109451, 0.000401169003453, 0.000588921364397, 0.000572962337174, 0.000352683448, 0.000296554848319, 0.000216207030462, 0.000162943077157, 0.00012618333858, 4.10307911807e-05, 2.09365822457e-08],
        "min": [1.0387430649e-07, 1.1949838381e-06, 6.06352784871e-07, 1.86121371826e-06, 1.38544255606e-05, 1.19398891911e-05, 2.20696460929e-06, 2.4615555958e-06, 1.00947045212e-06, 5.2911077546e-06, 5.28357361418e-07, 1.76423100129e-06, 7.2101255455e-07, 5.19676973454e-07, 1.11761278276e-06, 9.23351365145e-07, 4.55439447933e-07, 1.05373032966e-06, 3.79243118687e-07, 4.98197266552e-07, 2.21628496888e-07, 4.09725402051e-07, 1.74340911485e-07, 1.05628053859e-07, 7.37867082989e-08, 5.67212872227e-08, 1.09214734478e-10],
        "stdev": [2.9838482078e-05, 0.00129486911464, 0.00160853529815, 0.00201236712746, 0.00414155749604, 0.00332720973529, 0.00275896745734, 0.0016483401414, 0.00244406820275, 0.00251245894469, 0.00210532965139, 0.00184181414079, 0.00522025302052, 0.00402436871082, 0.00151741760783, 0.000769183039665, 0.000820580404252, 0.000624253181741, 0.000788180797826, 0.000736170914024, 0.000677307136357, 0.00063855125336, 0.000460432755062, 0.00044503249228, 0.000475999404443, 9.90835833363e-05, 5.09617983369e-08]
    },
    "erbbands": {
        "max": [0.402017623186, 4.14720201492, 24.4504508972, 68.9180526733, 174.08291626, 209.111251831, 189.36756897, 366.319366455, 508.859100342, 392.627838135, 364.530975342, 927.187194824, 715.457824707, 1107.87207031, 1029.72998047, 958.656738281, 2297.26074219, 2195.20800781, 785.372741699, 543.840942383, 717.388366699, 365.799987793, 291.526031494, 492.167785645, 334.245941162, 341.212280273, 433.931793213, 614.290344238, 557.72479248, 320.402496338, 212.696594238, 211.217895508, 108.373001099, 125.654586792, 56.6470375061, 14.2394428253, 1.65673029423, 0.0626126825809, 0.00150114309508, 0.000236728839809],
        "mean": [0.0166668947786, 0.261746793985, 1.02452707291, 2.84535241127, 6.87247800827, 10.9041814804, 12.9182729721, 21.9879512787, 22.9588909149, 19.6762638092, 15.6943979263, 20.3240756989, 25.2260856628, 34.164604187, 31.3431072235, 46.0164337158, 94.8829421997, 87.5884399414, 52.2157516479, 38.091053009, 30.6364154816, 20.4836826324, 18.5263118744, 27.9253425598, 32.2658042908, 30.0328235626, 19.0152397156, 10.3139152527, 10.1331148148, 9.195977211, 5.96134090424, 4.02975654602, 2.34042882919, 1.70198094845, 0.710235655308, 0.268269956112, 0.0644905269146, 0.00251635513268, 8.31187135191e-05, 3.49696056219e-05],
        "min": [4.26566002716e-05, 0.000503787421621, 0.00410593021661, 0.0209618620574, 0.0301635693759, 0.0277258809656, 0.100112199783, 0.0906508490443, 0.0966057851911, 0.0322454087436, 0.0604364946485, 0.021709414199, 0.123834982514, 0.0990017652512, 0.0577001459897, 0.0773099213839, 0.0500641092658, 0.120883896947, 0.138550698757, 0.044698625803, 0.0507915914059, 0.035310536623, 0.0647940412164, 0.042824588716, 0.0192317739129, 0.0240035373718, 0.00810528825969, 0.0124227339402, 0.0146611081436, 0.0109731573611, 0.00510819815099, 0.00253205676563, 0.001595995971, 0.000785753538366, 0.00049044447951, 0.000310321891448, 0.000102352816612, 2.39211294684e-05, 1.55877819452e-06, 1.71542842509e-06],
        "stdev": [0.030621252954, 0.344240963459, 1.61693274975, 3.78494977951, 11.268737793, 16.7376766205, 18.7403106689, 34.7436180115, 40.8873672485, 34.7964439392, 28.7340869904, 66.010597229, 51.7743225098, 80.6678848267, 77.1299362183, 92.6305847168, 244.108047485, 229.553848267, 86.2881164551, 59.0901794434, 46.2963752747, 31.7740707397, 24.5499305725, 36.3672714233, 45.4594154358, 38.6141929626, 34.2492485046, 22.6060123444, 21.915309906, 20.4484863281, 12.8356590271, 10.7771072388, 6.42122125626, 6.8355550766, 2.65018367767, 0.698010981083, 0.154853567481, 0.00571614364162, 0.000154732202645, 2.27384243772e-05]
    },
    "gfcc": {
        "mean": [17.3375911713, 78.3337097168, -137.607803345, 36.6176376343, -67.5016860962, 11.0873756409, -47.2661857605, 0.752939283848, -32.6579360962, 3.88381171227, -15.9049186707, -2.44878387451, -12.0150651932],
        "cov": [[1665.61950684, -777.913574219, 87.1398544312, 126.615653992, -145.691680908, 182.376647949, -57.7420578003, 188.467834473, -32.3267936707, 131.244628906, -92.0040512085, 36.2376098633, -27.1930561066], [-777.913574219, 867.692932129, -147.283691406, 2.00224375725, 222.779373169, -130.131652832, 147.214508057, -57.513507843, 98.1342544556, -99.9568099976, 104.077674866, -64.9681930542, 48.9772758484], [87.1398544312, -147.283691406, 561.921569824, 82.9150314331, -134.391937256, 84.9761657715, -154.02104187, 57.7307281494, 33.6148948669, -24.2642345428, -142.743515015, 66.0875167847, -37.7712783813], [126.615653992, 2.00224375725, 82.9150314331, 261.703491211, 45.6028022766, 29.3588237762, 21.5408592224, 5.62127637863, 72.2459564209, 4.60418462753, -11.4324026108, -6.30413103104, 12.3788394928], [-145.691680908, 222.779373169, -134.391937256, 45.6028022766, 314.799163818, 69.3260269165, 141.198959351, 28.3842582703, -6.02252674103, 71.9748382568, 93.4712677002, -50.1426239014, 10.2378931046], [182.376647949, -130.131652832, 84.9761657715, 29.3588237762, 69.3260269165, 251.424728394, 77.6289749146, 40.1889152527, -17.6163215637, 63.6013755798, 14.4459962845, -28.2313461304, -28.1826934814], [-57.7420578003, 147.214508057, -154.02104187, 21.5408592224, 141.198959351, 77.6289749146, 221.986480713, 23.068271637, -18.3553295135, 48.0444259644, 92.0497894287, -41.9913482666, -1.53446555138], [188.467834473, -57.513507843, 57.7307281494, 5.62127637863, 28.3842582703, 40.1889152527, 23.068271637, 160.894195557, 38.7619018555, 23.9994869232, -4.71127319336, 15.9509372711, 1.4128319025], [-32.3267936707, 98.1342544556, 33.6148948669, 72.2459564209, -6.02252674103, -17.6163215637, -18.3553295135, 38.7619018555, 146.966888428, -9.80389595032, -29.9099845886, -1.22298836708, 3.60247993469], [131.244628906, -99.9568099976, -24.2642345428, 4.60418462753, 71.9748382568, 63.6013755798, 48.0444259644, 23.9994869232, -9.80389595032, 143.544754028, 54.3902778625, -13.3262844086, -9.2179775238], [-92.0040512085, 104.077674866, -142.743515015, -11.4324026108, 93.4712677002, 14.4459962845, 92.0497894287, -4.71127319336, -29.9099845886, 54.3902778625, 167.262268066, -9.42066860199, 18.518409729], [36.2376098633, -64.9681930542, 66.0875167847, -6.30413103104, -50.1426239014, -28.2313461304, -41.9913482666, 15.9509372711, -1.22298836708, -13.3262844086, -9.42066860199, 109.920394897, 16.5908985138], [-27.1930561066, 48.9772758484, -37.7712783813, 12.3788394928, 10.2378931046, -28.1826934814, -1.53446555138, 1.4128319025, 3.60247993469, -9.2179775238, 18.518409729, 16.5908985138, 76.2877044678]],
        "icov": [[0.00147135404404, 0.000463192671305, 0.00102562841494, -0.0014009437291, 0.00102152454201, -0.000890964467544, 0.000727628008462, -0.00200574006885, 0.00112247886136, -0.00108855601866, 0.000873671495356, -0.000175267530722, 0.000189272337593], [0.000463192671305, 0.0061114965938, -0.00320612010546, 0.00312019046396, -0.00479921791703, 0.00418493710458, -0.0050961249508, 0.00350748165511, -0.00625691795722, 0.0058152298443, -0.00341571308672, 0.00273033487611, -0.00259610777721], [0.00102562841494, -0.00320612010546, 0.00661639682949, -0.00452167307958, 0.00430688960478, -0.00515577523038, 0.00597467506304, -0.00506590493023, 0.00520146498457, -0.00432797428221, 0.00431026052684, -0.00337525736541, 0.00308403512463], [-0.0014009437291, 0.00312019046396, -0.00452167307958, 0.00883641373366, -0.0049407472834, 0.00347339175642, -0.00516333850101, 0.00574026955292, -0.00783764291555, 0.00468039745465, -0.00295033794828, 0.00208053644747, -0.00323974317871], [0.00102152454201, -0.00479921791703, 0.00430688960478, -0.0049407472834, 0.0103785144165, -0.00490846531466, 0.00335298362188, -0.00571114104241, 0.00666374294087, -0.00718333618715, 0.0027624128852, -0.00129047594965, 0.00177390698809], [-0.000890964467544, 0.00418493710458, -0.00515577523038, 0.00347339175642, -0.00490846531466, 0.0102636218071, -0.0069756899029, 0.0037521799095, -0.00468552019447, 0.00346180610359, -0.00307921669446, 0.00354842864908, -0.00126477831509], [0.000727628008462, -0.0050961249508, 0.00597467506304, -0.00516333850101, 0.00335298362188, -0.0069756899029, 0.0145325744525, -0.0063293366693, 0.00733712082729, -0.00540578458458, 0.00140952051152, -0.00195765239187, 0.00379358255304], [-0.00200574006885, 0.00350748165511, -0.00506590493023, 0.00574026955292, -0.00571114104241, 0.0037521799095, -0.0063293366693, 0.0137083828449, -0.00890008360147, 0.00475859595463, -0.00324562587775, 0.000714182737283, -0.00300722080283], [0.00112247886136, -0.00625691795722, 0.00520146498457, -0.00783764291555, 0.00666374294087, -0.00468552019447, 0.00733712082729, -0.00890008360147, 0.0174585636705, -0.0075308275409, 0.00587260816246, -0.00243070465513, 0.00332006369717], [-0.00108855601866, 0.0058152298443, -0.00432797428221, 0.00468039745465, -0.00718333618715, 0.00346180610359, -0.00540578458458, 0.00475859595463, -0.0075308275409, 0.0165981706232, -0.00716669857502, 0.00307054701261, -0.0015446159523], [0.000873671495356, -0.00341571308672, 0.00431026052684, -0.00295033794828, 0.0027624128852, -0.00307921669446, 0.00140952051152, -0.00324562587775, 0.00587260816246, -0.00716669857502, 0.0131025249138, -0.00328257819638, 8.73927783687e-05], [-0.000175267530722, 0.00273033487611, -0.00337525736541, 0.00208053644747, -0.00129047594965, 0.00354842864908, -0.00195765239187, 0.000714182737283, -0.00243070465513, 0.00307054701261, -0.00328257819638, 0.0130485976115, -0.00394780281931], [0.000189272337593, -0.00259610777721, 0.00308403512463, -0.00323974317871, 0.00177390698809, -0.00126477831509, 0.00379358255304, -0.00300722080283, 0.00332006369717, -0.0015446159523, 8.73927783687e-05, -0.00394780281931, 0.0168157350272]]
    },
    "melbands": {
        "max": [0.00355442380533, 0.00892462767661, 0.0108983656392, 0.0117061669007, 0.00638787634671, 0.00730574736372, 0.00783253833652, 0.00456200772896, 0.00270952167921, 0.00567819271237, 0.00419122865424, 0.0050155883655, 0.0043698833324, 0.00294733559713, 0.00530218798667, 0.00314428727143, 0.00443297857419, 0.00142173434142, 0.00142370653339, 0.000602086191066, 0.000811727659311, 0.000591702875681, 0.000422696757596, 0.000390337401768, 0.000408992433222, 0.000324022927089, 0.000278765335679, 0.000272079196293, 0.000282833265373, 0.000372957438231, 0.000355483993189, 0.000316649471642, 0.000280866923276, 0.000175802269951, 0.00013849613606, 9.73987625912e-05, 0.000139612675412, 7.99976842245e-05, 7.90130507085e-05, 0.000119577278383],
        "mean": [0.000210967918974, 0.00048460328253, 0.000618482532445, 0.000635515723843, 0.000474128697533, 0.000484086864162, 0.000344308617059, 0.000204627067433, 0.000127169580082, 0.000122348370496, 0.00012506917119, 0.000137531256769, 0.000113868278277, 8.29778437037e-05, 0.000199169793632, 0.000169858307345, 0.000160511059221, 8.0048586824e-05, 5.94066550548e-05, 3.85072489735e-05, 3.85316961911e-05, 2.28748722293e-05, 1.65888723132e-05, 2.03208401217e-05, 2.19101166294e-05, 2.47908665187e-05, 2.06678632821e-05, 1.87433961401e-05, 1.33627072501e-05, 6.8737285801e-06, 5.72942690269e-06, 5.62089599043e-06, 5.90102263232e-06, 4.68879306936e-06, 3.65737059838e-06, 2.5696888315e-06, 2.42289092967e-06, 1.63849199453e-06, 1.53225801114e-06, 1.39636745189e-06],
        "min": [4.89966510031e-07, 4.81176016365e-07, 3.809718919e-06, 1.9637539026e-06, 3.13341206493e-06, 2.11865494748e-06, 1.34044478273e-06, 3.486204605e-07, 4.66876429073e-07, 1.1146011758e-07, 6.1444285393e-07, 3.35963306952e-07, 8.3505817372e-08, 2.28898940691e-07, 1.06597163096e-07, 7.04865357193e-08, 4.26315693858e-08, 1.10235070849e-07, 8.30102777627e-08, 4.84158206859e-08, 5.87186796963e-08, 3.19068540477e-08, 4.27461834818e-08, 5.44401608238e-08, 3.12232550925e-08, 9.58962775854e-09, 1.52625396765e-08, 1.3253832698e-08, 4.94692997677e-09, 5.04136199453e-09, 7.21638615531e-09, 9.36470812007e-09, 5.8558091709e-09, 3.72374375779e-09, 3.13196024671e-09, 1.86148141346e-09, 1.33604316499e-09, 1.10789799557e-09, 6.20221873859e-10, 5.50058498749e-10],
        "stdev": [0.000303704087855, 0.000659496872686, 0.000821828260086, 0.000942912767641, 0.000645944790449, 0.000722624943592, 0.000610032526311, 0.000381361984182, 0.000249610835453, 0.000404778926168, 0.00027259401395, 0.0003560280893, 0.000309301511152, 0.000200415743166, 0.000510033976752, 0.000402528239647, 0.000432534056017, 0.000148949984577, 0.000100716941233, 6.61779340589e-05, 6.64622348268e-05, 3.90426648664e-05, 3.05183020828e-05, 3.02153493976e-05, 3.17144513247e-05, 4.02632176701e-05, 2.69817664957e-05, 2.56383355008e-05, 2.55030936387e-05, 1.49920997501e-05, 1.34379542942e-05, 1.24917878566e-05, 1.33414196171e-05, 1.06573543235e-05, 8.08315780887e-06, 5.71791133552e-06, 7.36387983125e-06, 4.5296665121e-06, 4.97719656778e-06, 6.15247745372e-06]
    },
    "melbands128": {
        "max": [0.000288927461952, 0.00288303941488, 0.00583746097982, 0.00788246002048, 0.0124120954424, 0.0167137533426, 0.0173579975963, 0.013322093524, 0.0207491926849, 0.0184385031462, 0.0131007777527, 0.0119614526629, 0.00895397737622, 0.00901407189667, 0.00996285863221, 0.0103653110564, 0.0116479489952, 0.0131975095719, 0.0121180368587, 0.00695784203708, 0.0102922078222, 0.00666899234056, 0.00409055082127, 0.0070193852298, 0.0098863421008, 0.0098552973941, 0.00491428701207, 0.00610096612945, 0.0119416452944, 0.0111414752901, 0.0051977718249, 0.00874784868211, 0.00917648617178, 0.00594920897856, 0.00686727324501, 0.00584747921675, 0.00548739079386, 0.00714290840551, 0.0153161473572, 0.00890287104994, 0.00497131049633, 0.0092783132568, 0.0104060191661, 0.00773476855829, 0.00193287665024, 0.00245998613536, 0.00213275430724, 0.00253655691631, 0.00163255876396, 0.00197175657377, 0.0010955859907, 0.000991717912257, 0.00206154189073, 0.00149709451944, 0.00197946745902, 0.000845933216624, 0.000909571128432, 0.00120173860341, 0.00102606846485, 0.000492440187372, 0.000429994484875, 0.00111610058229, 0.000879233411979, 0.000564394460525, 0.000651649083011, 0.00075110734906, 0.000705703394488, 0.00066066061845, 0.000642419618089, 0.00063720648177, 0.000341096427292, 0.000508330529556, 0.000409432279412, 0.000575481739361, 0.00040086187073, 0.00047087832354, 0.000259906490101, 0.000448918726761, 0.000308687565848, 0.000358311401214, 0.000333844101988, 0.000204123789445, 0.00046019392903, 0.000297426566249, 0.000228526070714, 0.00020293329726, 0.000169101796928, 0.00014258241572, 0.000154252760694, 0.00013759083231, 7.77407985879e-05, 8.20660061436e-05, 0.000178918824531, 0.000184753924259, 0.00012259047071, 0.000130775079015, 5.91853859078e-05, 4.67388636025e-05, 9.73237110884e-05, 0.000142884426168, 0.000156224530656, 0.000162731783348, 7.67931560404e-05, 3.9208742237e-05, 0.000124673650134, 7.45772267692e-05, 5.51386583538e-05, 6.63675164105e-05, 3.54623807652e-05, 1.22795327115e-05, 1.61339521583e-05, 7.52252663005e-06, 1.03190268419e-05, 2.33602054323e-06, 1.0964113244e-06, 6.38202379832e-08, 2.10884198992e-08, 6.01286354041e-09, 5.81253356557e-09, 5.63201174586e-09, 5.46802514378e-09, 5.32120303376e-09, 5.18868370492e-09, 5.08228303886e-09, 4.98379026936e-09, 4.90614571191e-09, 4.86721463133e-09, 4.82820450287e-09],
        "mean": [1.79869621206e-05, 9.29996094783e-05, 0.000261105684331, 0.000490853562951, 0.000535222177859, 0.00042606133502, 0.000524561328348, 0.000733432010747, 0.000693700625561, 0.000611690047663, 0.000639498292003, 0.00051442743279, 0.000404297054047, 0.000446599995485, 0.000521399488207, 0.000517423846759, 0.000378937198548, 0.000345886335708, 0.00025059375912, 0.000221983558731, 0.000186017714441, 0.000126304425066, 0.00011319265468, 0.000123731369968, 0.000167521444382, 8.8332039013e-05, 0.000100541939901, 0.000150676816702, 0.000103996448161, 0.000183345764526, 0.000116863870062, 0.000114646558359, 0.000158796363394, 7.85492447903e-05, 3.00102619804e-05, 0.000118425487017, 0.000120356518892, 9.97895986075e-05, 0.000393118476495, 0.00019873418205, 5.89218798268e-05, 0.000211090693483, 0.000195895292563, 0.000139344978379, 4.31108019256e-05, 9.41995895118e-05, 8.8792090537e-05, 4.45892655989e-05, 5.51162702322e-05, 5.95135716139e-05, 2.95659265248e-05, 2.73100904451e-05, 3.07366390189e-05, 5.13298873557e-05, 4.32207416452e-05, 9.51599031396e-06, 1.42496455737e-05, 2.53510006587e-05, 1.25627129819e-05, 1.09224520202e-05, 1.85333992704e-05, 2.78490442724e-05, 3.18850143231e-05, 1.54683548317e-05, 1.40840547829e-05, 2.85579371848e-05, 3.17144331348e-05, 1.54268582264e-05, 1.57743070304e-05, 3.11408875859e-05, 2.02902810997e-05, 1.24954131024e-05, 1.18930011013e-05, 1.72630552697e-05, 9.66322477325e-06, 6.92126832291e-06, 5.4118272601e-06, 5.26755593455e-06, 6.0193506215e-06, 5.96116069573e-06, 5.65800428376e-06, 5.12026508659e-06, 6.10181587035e-06, 5.88870216234e-06, 6.1577343331e-06, 5.00570376971e-06, 4.23784740633e-06, 3.85374278267e-06, 4.0001968955e-06, 3.26902636516e-06, 2.4384853532e-06, 2.43260251409e-06, 2.54562428381e-06, 2.62550747721e-06, 2.28666749535e-06, 1.78741618129e-06, 1.53520159074e-06, 1.30831142542e-06, 1.53821235926e-06, 1.61768002727e-06, 1.63017091381e-06, 1.44386024203e-06, 1.04232776721e-06, 7.53404265197e-07, 8.1059238255e-07, 7.3869608741e-07, 6.05983700552e-07, 5.71635609958e-07, 4.19076712888e-07, 3.58472561857e-07, 3.7154214283e-07, 2.75551400364e-07, 2.12960358681e-07, 8.72618386438e-08, 2.57373908852e-08, 3.11053494073e-09, 7.07473024608e-10, 1.38644521211e-11, 1.14428258535e-11, 1.10257280736e-11, 1.07602095636e-11, 1.05150358906e-11, 1.02396858354e-11, 1.00295865363e-11, 9.88014704772e-12, 9.79593402922e-12, 9.727791489e-12, 9.63792413933e-12],
        "min": [5.82053294451e-09, 5.73169813833e-08, 1.29885250999e-07, 2.95864424515e-07, 2.77658585901e-07, 2.15964064409e-07, 3.46443215449e-07, 1.14335330181e-06, 1.82124529147e-06, 7.99056110168e-08, 8.70946479381e-08, 3.35295851528e-07, 2.96583777981e-07, 8.67376229507e-07, 6.56792281006e-07, 1.38211163403e-07, 2.24323770226e-07, 2.53916141446e-07, 2.71585861356e-07, 1.44742159591e-07, 1.57972749548e-07, 4.47960246674e-07, 1.28809062971e-07, 2.31802559369e-07, 3.89236056719e-08, 5.88119206668e-08, 7.13778263162e-08, 7.28778530856e-08, 3.19564520623e-07, 1.40008353355e-07, 1.48276569689e-07, 2.83945809088e-08, 1.30332775683e-08, 3.70553472351e-08, 3.00586151525e-08, 9.54891277161e-08, 1.58364755976e-07, 7.57996474476e-08, 5.59302257841e-08, 8.66658922405e-08, 2.94184356875e-08, 6.30855510053e-08, 3.15726822464e-08, 1.06576907299e-08, 1.38944722394e-08, 6.45465334514e-08, 1.04014993951e-07, 5.44138067937e-08, 1.92280609213e-08, 8.40798541901e-09, 2.34770407559e-08, 5.25331245171e-08, 4.38789875545e-08, 5.79949244184e-08, 1.80436039443e-08, 3.42957306998e-08, 2.61614445662e-08, 2.62954600316e-08, 3.29393117227e-08, 4.30140412178e-09, 4.65771279323e-08, 2.9525480727e-08, 1.95257250368e-08, 2.19430003057e-08, 4.92878626801e-09, 8.98689833662e-09, 8.9136644732e-09, 1.37133930878e-08, 1.02106261224e-08, 7.29265137167e-09, 7.9959106003e-09, 4.45667458493e-09, 8.11771982967e-09, 3.97711064082e-09, 3.25611493324e-09, 3.10512082713e-09, 7.41288763706e-09, 3.65680818959e-09, 4.12424094876e-09, 5.95198734743e-09, 2.32153607449e-09, 5.82566883622e-09, 4.42382930288e-09, 4.03776656555e-09, 4.7613522014e-09, 2.9946651825e-09, 2.13529682824e-09, 2.44896081192e-09, 4.06731537339e-09, 2.62653365724e-09, 1.87958804077e-09, 1.30576005564e-09, 8.47546588467e-10, 1.20371146384e-09, 9.88405690627e-10, 7.89645515642e-10, 8.19923295925e-10, 6.93855861655e-10, 4.60397303614e-10, 4.45587566844e-10, 5.62247359781e-10, 4.32821167795e-10, 2.93189056366e-10, 5.06281627732e-10, 3.68966995845e-10, 3.7839714695e-10, 4.3871084543e-10, 5.01182817469e-10, 4.03679117911e-10, 3.65105307099e-10, 2.52130316625e-10, 3.00645952578e-10, 2.91965479571e-10, 1.7063246649e-10, 1.70846045644e-10, 1.83214381166e-12, 4.9002750642e-13, 3.99728264811e-13, 3.75185478388e-13, 3.11189659111e-13, 3.98849979736e-13, 3.75951575643e-13, 2.99408365939e-13, 4.20968923782e-13, 3.71490896855e-13, 4.05523406738e-13, 4.16471734486e-13, 3.85048682392e-13],
        "stdev": [2.47365187533e-05, 0.000221240217797, 0.000474946456961, 0.000684331229422, 0.000901206745766, 0.000803070492111, 0.000782691291533, 0.00119657267351, 0.00131659652106, 0.00123245455325, 0.00110615161248, 0.000950730522163, 0.000778173212893, 0.000846622395329, 0.00104482797906, 0.00104687002022, 0.000846071576234, 0.000893576419912, 0.00066563981818, 0.000496551510878, 0.000574813457206, 0.000342151266523, 0.00027950029471, 0.000491051061545, 0.000675519171637, 0.000470417639008, 0.000273928977549, 0.000417893286794, 0.000433667562902, 0.000671156449243, 0.00036552673555, 0.00037866551429, 0.000556435610633, 0.000289130432066, 0.000164123834111, 0.000370931433281, 0.000363954954082, 0.00041829989641, 0.00130086310674, 0.000710845633876, 0.00028580671642, 0.000926882552449, 0.000693979149219, 0.000464583572466, 0.000149766958202, 0.00025504513178, 0.000218330489588, 0.000165420104167, 0.000129703534185, 0.000150190709974, 8.82737222128e-05, 7.50233157305e-05, 9.44741550484e-05, 0.000116117094876, 0.000102237238025, 2.98571176245e-05, 4.66062265332e-05, 6.04618398938e-05, 4.06916587963e-05, 2.7680547646e-05, 3.443332389e-05, 6.95611306583e-05, 6.43879684503e-05, 3.35876684403e-05, 3.77762698918e-05, 6.46931730444e-05, 6.98916337569e-05, 3.98744195991e-05, 3.3680767956e-05, 5.41576519026e-05, 3.82043072022e-05, 3.01590425806e-05, 2.764931196e-05, 4.5493212383e-05, 2.75639631582e-05, 1.79628441401e-05, 1.38847090057e-05, 1.52063466885e-05, 1.44130544868e-05, 1.46114580275e-05, 1.32284030769e-05, 1.20412287288e-05, 1.55147881742e-05, 1.4068582459e-05, 1.5669305867e-05, 1.30767757582e-05, 1.01265213743e-05, 8.76130434335e-06, 9.76373121375e-06, 8.03807324701e-06, 5.32850981472e-06, 5.69701933273e-06, 7.18700039215e-06, 8.71695920068e-06, 7.77742388891e-06, 6.47127490083e-06, 3.72572026208e-06, 3.12729639518e-06, 4.80646076539e-06, 6.62015099806e-06, 7.60524017096e-06, 7.61942510508e-06, 3.71003852706e-06, 2.22954827223e-06, 4.22785296905e-06, 3.17265630656e-06, 2.28392150348e-06, 2.00932936423e-06, 1.19635535611e-06, 8.83794768924e-07, 1.1286742847e-06, 6.82709242028e-07, 6.1981086219e-07, 2.05747880955e-07, 6.66725838983e-08, 5.46565726012e-09, 1.09994213737e-09, 2.02939540173e-10, 1.94598615e-10, 1.88087406761e-10, 1.82738948973e-10, 1.77960979286e-10, 1.73311337504e-10, 1.69815661533e-10, 1.66472682861e-10, 1.64248614709e-10, 1.62740668164e-10, 1.61540086863e-10]
    },
    "mfcc": {
        "mean": [-618.666809082, 101.995635986, -9.62604999542, 22.8233890533, -1.39646244049, 4.1089091301, -4.05023574829, -5.86900091171, -10.6574373245, 0.0626467838883, -6.06586313248, -6.22168588638, -0.352012038231],
        "cov": [[1748.81140137, -776.37487793, 71.0143585205, -49.1331710815, -29.6172885895, -9.17625141144, 19.0664138794, 20.3936080933, 71.8670043945, 105.329917908, 75.7538986206, -61.4628257751, -49.1387443542], [-776.37487793, 786.827697754, -237.554779053, 76.2735900879, 45.0406837463, -21.8162918091, 50.1871681213, 32.5698280334, -20.2606964111, 16.7032089233, -8.24486923218, 15.6627664566, 47.8190155029], [71.0143585205, -237.554779053, 609.466186523, -62.4131736755, 33.9192810059, 14.8705825806, -192.031600952, 57.3835945129, 48.8552894592, -85.9620361328, -18.0272541046, -28.8837490082, -71.9669570923], [-49.1331710815, 76.2735900879, -62.4131736755, 231.703857422, 33.4121665955, 16.6535110474, -9.09440231323, 9.30476570129, 13.8755226135, 18.1469516754, -8.02815151215, 8.38419723511, 15.5128707886], [-29.6172885895, 45.0406837463, 33.9192810059, 33.4121665955, 172.47567749, 27.1026668549, 15.2749919891, 21.5685176849, 32.1001739502, 46.8944625854, 30.9790039062, -3.61195373535, -11.3453874588], [-9.17625141144, -21.8162918091, 14.8705825806, 16.6535110474, 27.1026668549, 193.919326782, 72.6877975464, 0.261420935392, 12.4165143967, 46.2937850952, 46.6232795715, 8.49745464325, -33.346572876], [19.0664138794, 50.1871681213, -192.031600952, -9.09440231323, 15.2749919891, 72.6877975464, 316.200958252, -13.6150388718, -21.7353878021, 83.5133666992, 41.5808181763, 63.6557807922, 45.2980155945], [20.3936080933, 32.5698280334, 57.3835945129, 9.30476570129, 21.5685176849, 0.261420935392, -13.6150388718, 132.034133911, 41.1221427917, -2.60293316841, 12.2284040451, -3.49307322502, 6.5380320549], [71.8670043945, -20.2606964111, 48.8552894592, 13.8755226135, 32.1001739502, 12.4165143967, -21.7353878021, 41.1221427917, 105.955711365, 34.039352417, 20.08867836, -12.7732114792, -27.1315555573], [105.329917908, 16.7032089233, -85.9620361328, 18.1469516754, 46.8944625854, 46.2937850952, 83.5133666992, -2.60293316841, 34.039352417, 172.164367676, 72.3789215088, -21.5136451721, -17.1355400085], [75.7538986206, -8.24486923218, -18.0272541046, -8.02815151215, 30.9790039062, 46.6232795715, 41.5808181763, 12.2284040451, 20.08867836, 72.3789215088, 109.621116638, 20.4471473694, -18.9951839447], [-61.4628257751, 15.6627664566, -28.8837490082, 8.38419723511, -3.61195373535, 8.49745464325, 63.6557807922, -3.49307322502, -12.7732114792, -21.5136451721, 20.4471473694, 134.837554932, 61.5495491028], [-49.1387443542, 47.8190155029, -71.9669570923, 15.5128707886, -11.3453874588, -33.346572876, 45.2980155945, 6.5380320549, -27.1315555573, -17.1355400085, -18.9951839447, 61.5495491028, 110.90045929]],
        "icov": [[0.0012697695056, 0.00138987612445, 0.000318738922942, -0.00011763087241, 0.000120740151033, 0.000475357606774, -0.000171116058482, -0.000522297516, -0.000360858684871, -0.000430855056038, -0.000628415029496, 0.000594150216784, -0.000149655752466], [0.00138987612445, 0.00310245202854, 0.00107249990106, -0.000350678426912, -0.000459977280116, 0.000572317745537, -2.3810131097e-05, -0.00129113881849, -1.16716200864e-05, -0.000391364388634, -0.000413293892052, 0.000545953749679, -0.000203112591407], [0.000318738922942, 0.00107249990106, 0.00301450747065, 0.000743671436794, -0.000974175927695, -0.000601055449806, 0.00145619828254, -0.00132917391602, -0.000423543649958, 0.000780012574978, 0.000409948232118, -0.000592800555751, 0.00115026510321], [-0.00011763087241, -0.000350678426912, 0.000743671436794, 0.00508871302009, -0.000985903316177, -0.00103010842577, 0.00114508694969, -0.000298659841064, -0.000497889879625, -0.000783641997259, 0.00155078992248, -0.000864195579197, -0.000488489749841], [0.000120740151033, -0.000459977280116, -0.000974175927695, -0.000985903316177, 0.00718641281128, -7.73927895352e-05, -0.000488547200803, -0.000197198372916, -0.00112948310561, -0.00141715724021, -0.00107950414531, 0.000287123664748, -0.000158884286066], [0.000475357606774, 0.000572317745537, -0.000601055449806, -0.00103010842577, -7.73927895352e-05, 0.00718056643382, -0.00209144246764, -9.27623623284e-05, 0.000102018602774, -0.000430515996413, -0.00192841258831, -0.000303519860609, 0.00252542039379], [-0.000171116058482, -2.3810131097e-05, 0.00145619828254, 0.00114508694969, -0.000488547200803, -0.00209144246764, 0.00580215360969, -0.000546489725821, 0.00117160670925, -0.00251469691284, 0.00111794960685, -0.00257290806621, -0.000779795926064], [-0.000522297516, -0.00129113881849, -0.00132917391602, -0.000298659841064, -0.000197198372916, -9.27623623284e-05, -0.000546489725821, 0.0102397836745, -0.0040131402202, 0.00197484972887, -0.00223986222409, 0.00180797243956, -0.00298772822134], [-0.000360858684871, -1.16716200864e-05, -0.000423543649958, -0.000497889879625, -0.00112948310561, 0.000102018602774, 0.00117160670925, -0.0040131402202, 0.0135612329468, -0.00329773826525, 0.00102765136398, -0.00182499585208, 0.00331017188728], [-0.000430855056038, -0.000391364388634, 0.000780012574978, -0.000783641997259, -0.00141715724021, -0.000430515996413, -0.00251469691284, 0.00197484972887, -0.00329773826525, 0.0123916976154, -0.00705486256629, 0.00470276642591, -0.00148057565093], [-0.000628415029496, -0.000413293892052, 0.000409948232118, 0.00155078992248, -0.00107950414531, -0.00192841258831, 0.00111794960685, -0.00223986222409, 0.00102765136398, -0.00705486256629, 0.0171375572681, -0.00647923490033, 0.00462664710358], [0.000594150216784, 0.000545953749679, -0.000592800555751, -0.000864195579197, 0.000287123664748, -0.000303519860609, -0.00257290806621, 0.00180797243956, -0.00182499585208, 0.00470276642591, -0.00647923490033, 0.0140390424058, -0.00797476712614], [-0.000149655752466, -0.000203112591407, 0.00115026510321, -0.000488489749841, -0.000158884286066, 0.00252542039379, -0.000779795926064, -0.00298772822134, 0.00331017188728, -0.00148057565093, 0.00462664710358, -0.00797476712614, 0.0168904010206]]
    },
    "spectral_contrast_coeffs": {
        "max": [-0.297865480185, -0.45474126935, -0.463407337666, -0.491345852613, -0.582560658455, -0.55032736063],
        "mean": [-0.676131546497, -0.717355966568, -0.717771887779, -0.727491915226, -0.746147274971, -0.75326782465],
        "min": [-0.945627272129, -0.897824645042, -0.901865839958, -0.899758160114, -0.878993153572, -0.888116300106],
        "stdev": [0.0908379927278, 0.0742830634117, 0.0727102831006, 0.0701084583998, 0.0551014579833, 0.0420306809247]
    },
    "spectral_contrast_valleys": {
        "max": [-5.45081090927, -5.32357740402, -6.09004831314, -6.31669998169, -5.80741500854, -7.42301988602],
        "mean": [-6.95277786255, -6.83765983582, -7.59150409698, -7.62563467026, -7.43762588501, -9.95082092285],
        "min": [-9.53948116302, -8.69991207123, -9.58367729187, -9.86170005798, -10.0930347443, -12.7431087494],
        "stdev": [0.662440299988, 0.507034480572, 0.449988186359, 0.489646971226, 0.546998679638, 0.871814250946]
    }
},
"rhythm": {
    "beats_count": 129,
    "beats_loudness": {
        "max": 0.0515501648188,
        "mean": 0.0262452885509,
        "min": 0.00663324119523,
        "stdev": 0.00975967571139
    },
    "bpm": 161.809051514,
    "bpm_histogram_first_peak_bpm": 161,
    "bpm_histogram_first_peak_weight": 0.336134433746,
    "bpm_histogram_second_peak_bpm": 167,
    "bpm_histogram_second_peak_spread": 0,
    "bpm_histogram_second_peak_weight": 0.0390625,
    "danceability": 1.23954582214,
    "onset_rate": 3.404296875,
    "beats_loudness_band_ratio": {
        "max": [0.868692219257, 0.653195977211, 0.658818483353, 0.764234721661, 0.491526633501, 0.634768784046],
        "mean": [0.189440816641, 0.211565971375, 0.180611908436, 0.234279707074, 0.123185068369, 0.111981138587],
        "min": [0.0127204023302, 0.00870121736079, 0.00775220338255, 0.00911903288215, 0.0197915602475, 0.00832154788077],
        "stdev": [0.15751105547, 0.1591950804, 0.147199183702, 0.221742019057, 0.0967564582825, 0.0929685160518]
    },
