{
"metadata": {
    "version": {
        "essentia": "2.1-beta5",
        "essentia_git_sha": "Undefined",
        "extractor": "music 2.0"
    },
    "audio_properties": {
        "analysis": {
            "equal_loudness": 0,
            "length": 12.7477550507,
            "sample_rate": 44100,
            "start_time": 0,
            "downmix": "mix"
        },
        "bit_rate": 192000,
        "length": 218.882919312,
        "lossless": 0,
        "number_channels": 2,
        "replay_gain": 36.3065567017,
        "sample_rate": 48000,
        "codec": "mp3",
        "md5_encoded": "2221b054771f80ed1e83866e9bf43689"
    },
    "tags": {
        "file_name": "North MacedoniaNorth MacedoniaN_Ne Zori, Zoro_Vlado Janevski.mp3",
        "encoding": ["Lavf58.29.100"]
    }
},
"lowlevel": {
    "average_loudness": 8.26760879136e-05,
    "barkbands_crest": {
        "max": 21.7718524933,
        "mean": 7.19515275955,
        "min": 3.53595781326,
        "stdev": 2.40130066872
    },
    "barkbands_flatness_db": {
        "max": 0.162746116519,
        "mean": 0.0769713744521,
        "min": 0.0321040563285,
        "stdev": 0.0139136407524
    },
    "barkbands_kurtosis": {
        "max": 15.8870506287,
        "mean": 3.24059128761,
        "min": -1.81015813351,
        "stdev": 1.36222326756
    },
    "barkbands_skewness": {
        "max": 3.77182507515,
        "mean": -1.52156448364,
        "min": -2.1877579689,
        "stdev": 1.05400419235
    },
    "barkbands_spread": {
        "max": 95.4874267578,
        "mean": 26.7972297668,
        "min": 8.76890182495,
        "stdev": 5.31346416473
    },
    "dissonance": {
        "max": 0.49998831749,
        "mean": 0.49115011096,
        "min": 0.374441325665,
        "stdev": 0.0121271405369
    },
    "dynamic_complexity": 10.447725296,
    "erbbands_crest": {
        "max": 21.0813999176,
        "mean": 3.97174882889,
        "min": 2.58924245834,
        "stdev": 2.24547815323
    },
    "erbbands_flatness_db": {
        "max": 0.190982609987,
        "mean": 0.100751623511,
        "min": 0.0494443811476,
        "stdev": 0.0127327255905
    },
    "erbbands_kurtosis": {
        "max": 11.3025465012,
        "mean": 0.153423130512,
        "min": -1.15336370468,
        "stdev": 0.684114217758
    },
    "erbbands_skewness": {
        "max": 1.13973689079,
        "mean": -0.587596356869,
        "min": -3.19982862473,
        "stdev": 0.28599780798
    },
    "erbbands_spread": {
        "max": 74.4968566895,
        "mean": 36.831199646,
        "min": 16.3212757111,
        "stdev": 5.54481506348
    },
    "hfc": {
        "max": 8462.28125,
        "mean": 85.9916763306,
        "min": 1.05176491342e-16,
        "stdev": 594.0859375
    },
    "loudness_ebu128": {
        "integrated": -25.5404224396,
        "loudness_range": 22.2248306274,
        "momentary": {
            "max": -24.3027439117,
            "mean": -276.526611328,
            "min": -300.691009521,
            "stdev": 74.3652954102
        },
        "short_term": {
            "max": -33.0289993286,
            "mean": -271.229187012,
            "min": -300.691009521,
            "stdev": 79.5791931152
        }
    },
    "melbands_crest": {
        "max": 29.0413761139,
        "mean": 3.96862959862,
        "min": 1.30514967442,
        "stdev": 5.26436471939
    },
    "melbands_flatness_db": {
        "max": 0.252200454473,
        "mean": 0.0218094140291,
        "min": 0.000583607295994,
        "stdev": 0.0489910021424
    },
    "melbands_kurtosis": {
        "max": 62.648979187,
        "mean": 0.271747171879,
        "min": -1.44323015213,
        "stdev": 6.01728200912
    },
    "melbands_skewness": {
        "max": 6.97447013855,
        "mean": 0.302489221096,
        "min": -0.358850926161,
        "stdev": 1.02001273632
    },
    "melbands_spread": {
        "max": 169.050247192,
        "mean": 122.63658905,
        "min": 5.87444114685,
        "stdev": 32.9751739502
    },
    "pitch_salience": {
        "max": 0.992298185825,
        "mean": 0.767194211483,
        "min": 0.330415546894,
        "stdev": 0.0837074890733
    },
    "silence_rate_20dB": {
        "max": 1,
        "mean": 0.969090938568,
        "min": 0,
        "stdev": 0.173071444035
    },
    "silence_rate_30dB": {
        "max": 1,
        "mean": 0.947272717953,
        "min": 0,
        "stdev": 0.223488494754
    },
    "silence_rate_60dB": {
        "max": 1,
        "mean": 0.916363656521,
        "min": 0,
        "stdev": 0.276841580868
    },
    "spectral_centroid": {
        "max": 11736.1230469,
        "mean": 10140.0771484,
        "min": 620.724121094,
        "stdev": 2721.4206543
    },
    "spectral_complexity": {
        "max": 64,
        "mean": 3.58909082413,
        "min": 0,
        "stdev": 12.4097537994
    },
    "spectral_decrease": {
        "max": 2.53760914658e-28,
        "mean": -2.00875156509e-08,
        "min": -7.64902267747e-07,
        "stdev": 1.10109340312e-07
    },
    "spectral_energy": {
        "max": 3.08170008659,
        "mean": 0.0836146399379,
        "min": 9.8969139144e-21,
        "stdev": 0.458137512207
    },
    "spectral_energyband_high": {
        "max": 0.701535344124,
        "mean": 0.0042773145251,
        "min": 6.74985236347e-21,
        "stdev": 0.0383208394051
    },
    "spectral_energyband_low": {
        "max": 1.03513550758,
        "mean": 0.00912653189152,
        "min": 1.00220707486e-23,
        "stdev": 0.0555964782834
    },
    "spectral_energyband_middle_high": {
        "max": 1.75324296951,
        "mean": 0.0180081855506,
        "min": 1.10801802306e-21,
        "stdev": 0.122312754393
    },
    "spectral_energyband_middle_low": {
        "max": 2.53908324242,
        "mean": 0.0535301193595,
        "min": 1.15704677593e-22,
        "stdev": 0.331867873669
    },
    "spectral_entropy": {
        "max": 9.83266448975,
        "mean": 9.63765621185,
        "min": 7.43757295609,
        "stdev": 0.517489552498
    },
    "spectral_flux": {
        "max": 1.52967989445,
        "mean": 0.0399976633489,
        "min": 6.24772109048e-11,
        "stdev": 0.192523926497
    },
    "spectral_kurtosis": {
        "max": 7.13528728485,
        "mean": -0.805580914021,
        "min": -1.2761952877,
        "stdev": 1.29137337208
    },
    "spectral_rms": {
        "max": 0.0548318959773,
        "mean": 0.00200426368974,
        "min": 3.10733426837e-12,
        "stdev": 0.00880671199411
    },
    "spectral_rolloff": {
        "max": 19939.7460938,
        "mean": 17191.6425781,
        "min": 172.265625,
        "stdev": 4934.97265625
    },
    "spectral_skewness": {
        "max": 2.28933954239,
        "mean": 0.129805400968,
        "min": -0.0986438915133,
        "stdev": 0.41253978014
    },
    "spectral_spread": {
        "max": 43110916,
        "mean": 37318872,
        "min": 3971550.5,
        "stdev": 10222037
    },
    "spectral_strongpeak": {
        "max": 40.565662384,
        "mean": 0.533442139626,
        "min": 0,
        "stdev": 3.39181041718
    },
    "zerocrossingrate": {
        "max": 0.5361328125,
        "mean": 0.459490418434,
        "min": 0.01611328125,
        "stdev": 0.127748072147
    },
    "barkbands": {
        "max": [0.165257513523, 0.205297917128, 0.157708644867, 1.06879580021, 0.672550141811, 2.44670557976, 0.136506333947, 2.06181144714, 0.0972279906273, 0.0880050286651, 0.185949712992, 0.167113855481, 0.127407506108, 0.235820636153, 0.583302557468, 0.347924113274, 0.149182975292, 0.229397714138, 0.127849832177, 0.0802524536848, 0.233638212085, 0.113437049091, 0.126851350069, 0.0787639543414, 0.0586375817657, 0.0286577474326, 0.0320094674826],
        "mean": [0.0021601235494, 0.00435143103823, 0.00135304545984, 0.0069563020952, 0.00424495199695, 0.0286847539246, 0.00139862368815, 0.0110518094152, 0.00103168247733, 0.00100832490716, 0.00165905687027, 0.00138336932287, 0.00156948820222, 0.00199958286248, 0.00378960138187, 0.00203587557189, 0.00146849243902, 0.00159067893401, 0.00110118451994, 0.000843247049488, 0.00106910872273, 0.000839396205265, 0.000762096140534, 0.000517948181368, 0.000364424224244, 0.000191850820556, 0.000155693705892],
        "min": [2.08988679493e-25, 1.58336048958e-24, 5.31683375434e-25, 6.27698298614e-25, 4.99932828404e-24, 4.40577947819e-24, 5.18360066947e-24, 5.44918686486e-24, 1.15069136538e-23, 1.10950320202e-23, 1.23433791592e-23, 1.40950558433e-23, 1.91764039678e-23, 2.39856077018e-23, 3.33384356797e-23, 3.90886794761e-23, 4.74710965223e-23, 7.82959910106e-23, 1.07122072893e-22, 1.32677745721e-22, 2.12298272057e-22, 2.48649134031e-22, 3.41524442084e-22, 5.0876444336e-22, 7.4624656339e-22, 1.17694432183e-21, 1.89032095719e-21],
        "stdev": [0.0141062075272, 0.0212243236601, 0.0105606615543, 0.0601160675287, 0.0348274856806, 0.223908260465, 0.00991516094655, 0.128826275468, 0.00709667056799, 0.00754684535787, 0.0133811226115, 0.0102676525712, 0.0102820871398, 0.0151648931205, 0.0341957584023, 0.0198021829128, 0.010197237134, 0.0142103126273, 0.00822686497122, 0.00579876033589, 0.0111337834969, 0.0073165493086, 0.00690499134362, 0.00448153167963, 0.00332659482956, 0.00181536760647, 0.00166722654831]
    },
    "erbbands": {
        "max": [8.99266242981, 34.4328117371, 136.21975708, 2300.53613281, 3644.41943359, 920.494812012, 6961.41552734, 31104.46875, 11781.5283203, 23369.1367188, 30837.6914062, 2160.89819336, 3042.57641602, 9506.86914062, 10091.2890625, 3056.91137695, 4736.22509766, 11133.0253906, 18107.7597656, 27486.2382812, 14775.1542969, 9867.51074219, 12085.3388672, 8738.39257812, 5381.09033203, 3815.6015625, 6375.34716797, 9883.12402344, 3980.92016602, 4362.23974609, 3580.28051758, 1912.21313477, 1248.78381348, 826.052185059, 339.812347412, 130.078140259, 51.9231834412, 23.1469802856, 4.31393861771, 0.401828557253],
        "mean": [0.210011228919, 0.666938066483, 1.46843254566, 12.1439476013, 26.9720420837, 7.09095478058, 42.9177894592, 319.932220459, 92.232421875, 123.653335571, 160.079147339, 29.2633037567, 22.6462554932, 63.2402572632, 71.5817718506, 44.2760124207, 64.0315628052, 90.4999160767, 153.651580811, 184.943267822, 92.6280136108, 88.3380584717, 92.8877410889, 69.1970367432, 49.9852752686, 39.222202301, 35.3024330139, 45.4667549133, 29.73346138, 28.6770038605, 20.0216388702, 12.758392334, 7.8452963829, 4.7395362854, 2.25274586678, 0.891918301582, 0.343939840794, 0.121210344136, 0.0216327328235, 0.00203163805418],
        "min": [4.25556916001e-23, 4.82082668434e-22, 9.53840018521e-22, 3.18471179935e-21, 8.76348664372e-21, 1.51012176735e-20, 2.56278244448e-20, 4.45940919981e-20, 7.96141887913e-20, 1.23297047641e-19, 1.74088263697e-19, 2.53081000741e-19, 3.80692040846e-19, 4.29562440122e-19, 8.01686078894e-19, 8.98177110938e-19, 1.16475240015e-18, 1.15408714692e-18, 2.06366404747e-18, 1.91122954983e-18, 3.45939257161e-18, 3.16271990222e-18, 4.45903455161e-18, 4.78436510012e-18, 6.8218788665e-18, 6.96540752408e-18, 7.28217964838e-18, 8.4502016867e-18, 8.05491771456e-18, 1.02391021841e-17, 9.92421106849e-18, 9.80516571627e-18, 9.09331889653e-18, 7.19308071588e-18, 5.44208204776e-18, 3.43443425778e-18, 2.04048065644e-18, 9.54231935726e-19, 2.34040130221e-19, 2.26109287298e-20],
        "stdev": [1.01708483696, 3.25681829453, 9.58787441254, 115.720306396, 212.733917236, 49.8481178284, 393.790924072, 2572.67138672, 805.589599609, 1387.38867188, 1807.83825684, 204.054107666, 166.915267944, 533.00994873, 595.35546875, 286.953460693, 412.540130615, 695.926513672, 1122.21875, 1742.39233398, 864.963378906, 623.160339355, 792.154785156, 570.619567871, 366.921173096, 268.795043945, 314.693969727, 483.031555176, 255.454986572, 264.648529053, 185.240707397, 111.24495697, 67.7340011597, 44.1922492981, 20.5215377808, 8.34856510162, 3.29287195206, 1.26285994053, 0.223675400019, 0.0209965892136]
    },
    "gfcc": {
        "mean": [-1137.5904541, 5.54491376877, -9.97717380524, 3.33323025703, -4.45964384079, 1.76312351227, -3.76829409599, 0.271510332823, -1.16378223896, 0.466886311769, -0.764939188957, -0.0267423316836, -0.39953365922],
        "cov": [[163503.15625, 7256.42724609, -12666.8828125, 4136.99121094, -5678.30078125, 2116.2277832, -4824.01855469, 271.691497803, -1485.03320312, 567.435241699, -972.607788086, -59.8239059448, -538.149536133], [7256.42724609, 425.564483643, -551.888305664, 215.899642944, -238.62387085, 123.480430603, -215.173660278, 19.4824428558, -61.4833869934, 25.377532959, -35.0876121521, -8.76041889191, -9.48473739624], [-12666.8828125, -551.888305664, 1001.77844238, -310.919769287, 444.097747803, -161.672286987, 379.328094482, -22.7670993805, 118.007240295, -48.3059082031, 71.856010437, 1.65873277187, 40.3988876343], [4136.99121094, 215.899642944, -310.919769287, 152.966537476, -130.453918457, 91.321105957, -115.295875549, 15.4704151154, -26.8572368622, 13.1826553345, -26.315864563, -5.43632221222, -4.03425168991], [-5678.30078125, -238.62387085, 444.097747803, -130.453918457, 212.277359009, -60.4764060974, 168.698699951, -6.70351743698, 56.6051979065, -18.3170623779, 33.3143348694, -1.83366191387, 21.2444190979], [2116.2277832, 123.480430603, -161.672286987, 91.321105957, -60.4764060974, 67.4030609131, -57.940448761, 14.1039514542, -8.69423961639, 10.3512067795, -11.1478700638, -5.00910329819, 2.68114447594], [-4824.01855469, -215.173660278, 379.328094482, -115.295875549, 168.698699951, -57.940448761, 149.682449341, -6.46052408218, 46.7246360779, -17.343875885, 25.8192691803, 0.291325539351, 15.0474977493], [271.691497803, 19.4824428558, -22.7670993805, 15.4704151154, -6.70351743698, 14.1039514542, -6.46052408218, 8.00598621368, 1.30295693874, 2.78456401825, -1.4730502367, -2.69630670547, 0.887408673763], [-1485.03320312, -61.4833869934, 118.007240295, -26.8572368622, 56.6051979065, -8.69423961639, 46.7246360779, 1.30295693874, 20.9307880402, -3.74732017517, 8.36607837677, -1.76674413681, 6.43359708786], [567.435241699, 25.377532959, -48.3059082031, 13.1826553345, -18.3170623779, 10.3512067795, -17.343875885, 2.78456401825, -3.74732017517, 6.86321735382, -0.743419110775, -0.815591514111, -0.992798626423], [-972.607788086, -35.0876121521, 71.856010437, -26.315864563, 33.3143348694, -11.1478700638, 25.8192691803, -1.4730502367, 8.36607837677, -0.743419110775, 11.3733940125, 2.71142506599, 6.03186035156], [-59.8239059448, -8.76041889191, 1.65873277187, -5.43632221222, -1.83366191387, -5.00910329819, 0.291325539351, -2.69630670547, -1.76674413681, -0.815591514111, 2.71142506599, 5.84213352203, 1.2352013588], [-538.149536133, -9.48473739624, 40.3988876343, -4.03425168991, 21.2444190979, 2.68114447594, 15.0474977493, 0.887408673763, 6.43359708786, -0.992798626423, 6.03186035156, 1.2352013588, 7.32109498978]],
        "icov": [[0.00121180270799, -0.00312895677052, 0.00666167121381, -0.0047431755811, 0.00465771416202, -0.000814398925286, 0.00623907055706, 0.00539800245315, -0.00298599246889, -0.00444486783817, 0.00778921367601, -0.004003375303, 0.0152319064364], [-0.00312895677052, 0.030057830736, -0.0105177741498, -0.00704798894003, -0.00556573830545, 0.00821147765964, -0.0100861871615, -0.0106953652576, 0.0212346892804, 0.0411236844957, -0.0735129415989, 0.0705891698599, -0.0661588460207], [0.00666167121381, -0.0105177741498, 0.129090875387, -0.0314276702702, -0.0192997008562, 0.0226384978741, -0.0827070102096, 0.0667891427875, -0.0441968217492, 0.1198643893, -0.0907231122255, 0.0644741356373, 0.0749637335539], [-0.0047431755811, -0.00704798894003, -0.0314276702702, 0.14373703301, -0.00336348637938, -0.109704904258, -0.00737725896761, 0.00127583311405, -0.0256152264774, 0.0374284647405, 0.101519174874, -0.0413842685521, -0.0892870947719], [0.00465771416202, -0.00556573830545, -0.0192997008562, -0.00336348637938, 0.122468076646, -0.0281586367637, 0.0401030033827, 0.0345426909626, -0.0364729687572, -0.0495263077319, 0.0411069355905, 0.0342211127281, -0.00617844983935], [-0.000814398925286, 0.00821147765964, 0.0226384978741, -0.109704904258, -0.0281586367637, 0.192776665092, -0.0304097943008, -0.0676159635186, -0.0208486076444, -0.0336200706661, -0.0556939132512, 0.0588645339012, -0.103072553873], [0.00623907055706, -0.0100861871615, -0.0827070102096, -0.00737725896761, 0.0401030033827, -0.0304097943008, 0.292497575283, -0.0375680550933, -0.0398174375296, -0.144113063812, 0.208868548274, -0.121795617044, 0.059911493212], [0.00539800245315, -0.0106953652576, 0.0667891427875, 0.00127583311405, 0.0345426909626, -0.0676159635186, -0.0375680550933, 0.300565451384, -0.07362947613, 0.0143280168995, -0.0319717787206, 0.0974555760622, 0.0569393709302], [-0.00298599246889, 0.0212346892804, -0.0441968217492, -0.0256152264774, -0.0364729687572, -0.0208486076444, -0.0398174375296, -0.07362947613, 0.305918544531, -0.0651508867741, -0.0309409145266, 0.0296400636435, -0.0151510173455], [-0.00444486783817, 0.0411236844957, 0.1198643893, 0.0374284647405, -0.0495263077319, -0.0336200706661, -0.144113063812, 0.0143280168995, -0.0651508867741, 0.629748463631, -0.467565447092, 0.267580419779, 0.0189749449492], [0.00778921367601, -0.0735129415989, -0.0907231122255, 0.101519174874, 0.0411069355905, -0.0556939132512, 0.208868548274, -0.0319717787206, -0.0309409145266, -0.467565447092, 0.859687626362, -0.408803254366, -0.165967985988], [-0.004003375303, 0.0705891698599, 0.0644741356373, -0.0413842685521, 0.0342211127281, 0.0588645339012, -0.121795617044, 0.0974555760622, 0.0296400636435, 0.267580419779, -0.408803254366, 0.572624325752, -0.213305458426], [0.0152319064364, -0.0661588460207, 0.0749637335539, -0.0892870947719, -0.00617844983935, -0.103072553873, 0.059911493212, 0.0569393709302, -0.0151510173455, 0.0189749449492, -0.165967985988, -0.213305458426, 0.821917235851]]
    },
    "melbands": {
        "max": [0.0696374326944, 0.0887670218945, 0.348746538162, 0.173856943846, 0.197953134775, 0.595870435238, 0.17164131999, 0.36331897974, 0.201302543283, 0.0125701017678, 0.0153499804437, 0.0358437411487, 0.0237752497196, 0.0225702039897, 0.00932814087719, 0.0128083033487, 0.0223688594997, 0.0225655529648, 0.0486611686647, 0.0324751883745, 0.0117133995518, 0.0100177042186, 0.0101840300485, 0.0112199625, 0.00691195903346, 0.00373202050105, 0.00342556438409, 0.00232216645963, 0.00290209637024, 0.00619181571528, 0.00553158391267, 0.0025045380462, 0.00238093268126, 0.00236429693177, 0.0022750524804, 0.0012950100936, 0.00114986510016, 0.000880314328242, 0.000634738069493, 0.000757932662964],
        "mean": [0.00154619070236, 0.000844647875056, 0.00273739779368, 0.00112847343553, 0.00121155148372, 0.00648789713159, 0.00127529003657, 0.00186057563405, 0.00105838081799, 0.000155995207024, 0.00010637100786, 0.000243894814048, 0.000216235988773, 0.000178910864634, 0.000115354603622, 0.000152911394252, 0.000171523308381, 0.000230147357797, 0.000307391601382, 0.000188533173059, 8.39946151245e-05, 8.38235355332e-05, 9.81445846264e-05, 7.17720758985e-05, 5.46014416614e-05, 3.99310301873e-05, 3.19642567774e-05, 2.40319350269e-05, 1.95212433027e-05, 2.586181472e-05, 2.70561231446e-05, 1.69301893038e-05, 1.56909954967e-05, 1.5330459064e-05, 1.17010695249e-05, 9.58485725278e-06, 7.20322395864e-06, 5.64096762901e-06, 4.21705954068e-06, 4.06207800552e-06],
        "min": [5.43150799894e-25, 8.99137250276e-25, 1.33158438902e-24, 9.10821858004e-25, 9.15602059267e-25, 1.13952643949e-24, 1.23893168963e-24, 1.4434256369e-24, 1.43027197295e-24, 1.20682012041e-24, 1.6972732862e-24, 1.5583835756e-24, 1.84431321184e-24, 1.30532360392e-24, 2.56507786879e-24, 2.17041036347e-24, 1.87006301229e-24, 2.38411337434e-24, 2.00408002768e-24, 2.98153805104e-24, 2.8369850094e-24, 2.39791153765e-24, 3.24174046797e-24, 3.39822542523e-24, 2.65298182275e-24, 4.09794702031e-24, 4.21028594081e-24, 3.54956168458e-24, 2.75884360357e-24, 3.98322258443e-24, 4.24526955537e-24, 4.04682331163e-24, 4.22589513154e-24, 4.3508865921e-24, 4.77172968554e-24, 4.4797060002e-24, 5.76919854626e-24, 5.77222264454e-24, 5.8302508583e-24, 4.69994097658e-24],
        "stdev": [0.00731721101329, 0.00526290200651, 0.0220445692539, 0.00914650317281, 0.0114232664928, 0.0516561828554, 0.0115863438696, 0.0216322783381, 0.0117479963228, 0.00108122802339, 0.000824629736599, 0.00204297876917, 0.00163269462064, 0.00137206504587, 0.000775736582, 0.00100431032479, 0.00139933545142, 0.00156186660752, 0.0028585891705, 0.00186939886771, 0.000740685965866, 0.000600175117142, 0.000726571655832, 0.00067113165278, 0.000445781712187, 0.000291247240966, 0.000227241616813, 0.000164387311088, 0.000157584086992, 0.000282791035715, 0.0002841745154, 0.000145134821651, 0.00014004651166, 0.000141261218232, 0.000113190057164, 7.94132865849e-05, 6.56633565086e-05, 4.85685632157e-05, 3.4985212551e-05, 3.98569827667e-05]
    },
    "melbands128": {
        "max": [0.0860897451639, 0.0855954736471, 0.088526263833, 0.0434039980173, 0.0489297546446, 0.099516697228, 0.541153311729, 0.447661072016, 0.463051974773, 0.152491509914, 0.0164618995041, 0.0318516716361, 0.186370700598, 0.507137238979, 1.12575948238, 0.985941648483, 0.297741472721, 0.0235643312335, 0.0135298660025, 0.158586978912, 0.855964362621, 0.579861760139, 0.0519757978618, 0.0279457997531, 0.0140495961532, 0.0229447837919, 0.00787697173655, 0.0219501107931, 0.0182999372482, 0.0237979777157, 0.0798405334353, 0.0384278148413, 0.00890326034278, 0.0705942437053, 0.0408471412957, 0.0164934080094, 0.00570034235716, 0.0191838201135, 0.0196394622326, 0.0106744002551, 0.0269326493144, 0.0133060505614, 0.0268377978355, 0.0435951240361, 0.0200495049357, 0.0187899488956, 0.0347137376666, 0.0800538137555, 0.0532866716385, 0.0448932163417, 0.0333243012428, 0.0421501174569, 0.0172042027116, 0.00587432924658, 0.00410629203543, 0.0158897340298, 0.0080280220136, 0.00902735255659, 0.0153169110417, 0.0175535231829, 0.0138325635344, 0.012088813819, 0.0111485840753, 0.005436219275, 0.00358748040162, 0.00435331603512, 0.00521883042529, 0.00291360192932, 0.00338909681886, 0.00312583521008, 0.00214623752981, 0.00266764336266, 0.00230783247389, 0.00139958388172, 0.00617245119065, 0.00486546894535, 0.00828957743943, 0.00644770730287, 0.00628244737163, 0.00283779879101, 0.00349435349926, 0.0016746672336, 0.00169160007499, 0.00279167830013, 0.00286759180017, 0.00337609346025, 0.00268877111375, 0.00156960287131, 0.00307723227888, 0.00190671428572, 0.00150849309284, 0.00105632282794, 0.000946562446188, 0.00134721817449, 0.00128608255181, 0.000576207239646, 0.000949585635681, 0.0010640101973, 0.00047211398487, 0.000482006609673, 0.000762179202866, 0.00103934411891, 0.000427783495979, 0.000488666119054, 0.000381989288144, 0.000308647606289, 0.000326540117385, 0.000235248895478, 0.000256508530583, 0.000198642359464, 0.000213619845454, 0.000182991396287, 0.000185072160093, 0.000153986198711, 0.000123937163153, 0.000175774097443, 0.000253518926911, 0.000178257745574, 0.0001054473978, 0.000161955089425, 0.000137459908728, 9.52040500124e-05, 9.37127697398e-05, 0.000107236308395, 0.000146475198562, 0.000111060617201, 8.16058673081e-05, 0.000103419428342],
        "mean": [0.000846784852911, 0.00199202215299, 0.00178077735472, 0.000835704035126, 0.000553106190637, 0.000720367010217, 0.00210329378024, 0.00400009006262, 0.00306284776889, 0.000637084420305, 0.000161205185577, 0.000229625380598, 0.000709448650014, 0.00297400983982, 0.00880283862352, 0.0083590624854, 0.00169310823549, 0.000179536145879, 0.000169830207597, 0.00075674027903, 0.0038249574136, 0.00246996688657, 0.000258808489889, 0.000128106679767, 0.00014143565204, 0.00020634176326, 0.000105207283923, 8.44346432132e-05, 0.000101503668702, 0.000179786118679, 0.000386969360989, 0.000209804595215, 8.39861895656e-05, 0.00035093902261, 0.000273698591627, 0.000104011895019, 5.20714529557e-05, 0.000127287828946, 0.00014872540487, 0.000113621616038, 0.000193249550648, 0.000145154670463, 0.000107465457404, 0.00025550389546, 0.000207933815545, 0.000189297701581, 0.000271981320111, 0.00037430136581, 0.000303039851133, 0.000221818132559, 0.000168114769622, 0.000164921249961, 9.21774553717e-05, 5.77526188863e-05, 4.157197327e-05, 9.43280028878e-05, 0.000105028528196, 0.00010769796063, 9.23347834032e-05, 9.0608256869e-05, 6.56655902276e-05, 6.07576439506e-05, 7.02625184203e-05, 4.54328474007e-05, 4.25480247941e-05, 4.59435796074e-05, 3.53744726453e-05, 2.76039809251e-05, 3.46847846231e-05, 3.17594312946e-05, 2.26506290346e-05, 2.17364613491e-05, 1.93666328414e-05, 1.63385302585e-05, 2.33494884014e-05, 2.50152152148e-05, 2.97890273941e-05, 2.51193050644e-05, 3.22582454828e-05, 1.94608674065e-05, 2.12142695091e-05, 1.30679391077e-05, 1.30656962938e-05, 1.56785645231e-05, 1.77268939296e-05, 1.8806920707e-05, 1.35086793307e-05, 1.14098329504e-05, 1.23223999253e-05, 1.0906863281e-05, 1.05681237983e-05, 9.66644984146e-06, 7.13147710485e-06, 7.55602150093e-06, 7.14819134373e-06, 5.24359575138e-06, 5.54854977963e-06, 5.8852501752e-06, 3.92371748603e-06, 3.53305244971e-06, 3.88485523217e-06, 4.90925549457e-06, 3.16280306834e-06, 2.95790755445e-06, 2.54729343396e-06, 2.05831997846e-06, 1.92649667952e-06, 1.60388867698e-06, 1.53037058226e-06, 1.29505463065e-06, 1.30470277782e-06, 1.11452243345e-06, 1.1141946743e-06, 9.6180701803e-07, 8.59950432641e-07, 9.97558800009e-07, 1.05924982563e-06, 9.46265231505e-07, 6.67178596814e-07, 6.96465178862e-07, 6.33409456441e-07, 5.46808280433e-07, 4.9857732165e-07, 5.29386284143e-07, 6.18303204192e-07, 5.32323724656e-07, 4.4032282176e-07, 4.39528349716e-07],
        "min": [1.71871190017e-26, 8.45076242663e-26, 2.0211739286e-25, 2.9910703997e-25, 2.60188365343e-25, 2.30033023254e-25, 1.98015427086e-25, 1.85871973482e-25, 2.92538121256e-25, 3.11663018523e-25, 1.96755788784e-25, 1.38959352221e-25, 1.72985831988e-25, 2.96389562063e-25, 2.61597147661e-25, 4.19217744152e-25, 6.12575489934e-25, 4.10593078571e-25, 5.80538862497e-25, 3.57724853298e-25, 4.47961567563e-25, 5.52421838379e-25, 3.11218815878e-25, 1.52398226365e-25, 4.22484614375e-25, 2.4554513479e-25, 5.21270510092e-25, 4.97021566815e-25, 4.11424439357e-25, 7.91845313937e-25, 3.01530396019e-25, 3.27525901992e-25, 7.92565987678e-25, 8.38852401291e-25, 6.27195547698e-25, 8.66596935151e-25, 4.63231991839e-25, 8.20818005618e-25, 5.16735151533e-25, 9.4833209544e-25, 9.05944133812e-25, 1.15579383604e-24, 3.5311166868e-25, 1.08716155678e-24, 6.28439679953e-25, 9.96042896026e-25, 7.8914351464e-25, 7.08701346679e-25, 6.70368968269e-25, 8.81609845646e-25, 1.01852355828e-24, 6.98623697918e-25, 8.68323061419e-25, 1.50761021977e-24, 1.54455533697e-24, 1.19926963686e-24, 1.59156138895e-24, 1.99674105747e-24, 1.01909725737e-24, 1.08811173974e-24, 1.79455482417e-24, 1.37686993536e-24, 1.32098278871e-24, 1.63656412865e-24, 2.08542519486e-24, 1.8078404251e-24, 1.48615507669e-24, 2.02002014557e-24, 2.21674805305e-24, 1.942832867e-24, 1.89874757253e-24, 1.6352228679e-24, 1.97083210433e-24, 1.65562931901e-24, 1.74625977348e-24, 2.6792704152e-24, 2.25920928013e-24, 2.45870175065e-24, 2.90249359669e-24, 2.07604327212e-24, 2.85686607915e-24, 1.9815458215e-24, 2.22288026329e-24, 2.8860884453e-24, 3.35191416249e-24, 2.39316910311e-24, 2.63327588012e-24, 2.32029630205e-24, 3.13214993886e-24, 2.41784999703e-24, 3.11454532447e-24, 2.77774451364e-24, 3.19268968852e-24, 2.04016863916e-24, 4.0694364039e-24, 3.52737418276e-24, 2.93136728633e-24, 2.12044588589e-24, 3.91620727281e-24, 3.29397883711e-24, 3.83241407303e-24, 3.7905247701e-24, 2.60335142776e-24, 4.08476239357e-24, 2.84716348444e-24, 3.83371135479e-24, 3.50628753633e-24, 2.93973256458e-24, 2.62443767975e-24, 4.28158910588e-24, 4.37443369569e-24, 3.964140828e-24, 4.29867386094e-24, 4.64911979605e-24, 3.50756351884e-24, 4.00353851376e-24, 4.52689250411e-24, 4.76937533017e-24, 4.2706330112e-24, 4.7249908602e-24, 4.58570326788e-24, 4.44704203113e-24, 4.30299642427e-24, 4.74336698055e-24, 4.66129468083e-24, 5.07763101192e-24, 4.44701165998e-24, 4.9406177056e-24],
        "stdev": [0.00511809578165, 0.00958663225174, 0.00889241974801, 0.00412529474124, 0.00303407735191, 0.00636337324977, 0.0248956531286, 0.0315032079816, 0.0256326962262, 0.00682808225974, 0.000993777066469, 0.00167809298728, 0.00900628790259, 0.0300370901823, 0.0752817466855, 0.0754484310746, 0.0181415397674, 0.00134671956766, 0.00118786515668, 0.00860085431486, 0.048110589385, 0.0302287619561, 0.00252795452252, 0.0014006854035, 0.00108010368422, 0.00168839341495, 0.000664001971018, 0.00097689719405, 0.00103512813803, 0.00150763778947, 0.00400109170005, 0.00218652957119, 0.000594943878241, 0.00394427636638, 0.00230145803653, 0.000936379714403, 0.000353955139872, 0.00103616039269, 0.00118544744328, 0.000801457208581, 0.0016255879309, 0.000989895081148, 0.00120852096006, 0.00256982212886, 0.00145046866965, 0.00133431795985, 0.0021453355439, 0.00398730440065, 0.00317710218951, 0.0022869608365, 0.00168997200672, 0.00199543149211, 0.000919169280678, 0.000425251026172, 0.000288533308776, 0.000820855610073, 0.000721199030522, 0.000814337923657, 0.000887675676495, 0.000925643078517, 0.000679759657942, 0.000600547005888, 0.000691229302902, 0.000339079997502, 0.000299803738017, 0.000345344888046, 0.000296756916214, 0.000209239500691, 0.000257836392848, 0.000221633541514, 0.000153924353071, 0.000169198203366, 0.000149427622091, 0.000116984148917, 0.000274927180726, 0.000236211242736, 0.000370667141397, 0.000296913669445, 0.00034412345849, 0.000169709383044, 0.00019849781529, 9.9110584415e-05, 0.000107250365545, 0.000145731930388, 0.00017272720288, 0.000183996133273, 0.000130452041049, 0.000100324199593, 0.000140523974551, 9.87034654827e-05, 9.32561306399e-05, 7.61474730098e-05, 6.069664596e-05, 7.2399918281e-05, 7.07628860255e-05, 3.99080490752e-05, 5.0816404837e-05, 5.27192205482e-05, 3.06548754452e-05, 2.77050003206e-05, 3.91474859498e-05, 5.2351733757e-05, 2.73915629805e-05, 2.74152534985e-05, 2.33075461438e-05, 1.85274348041e-05, 1.77885540324e-05, 1.52797056217e-05, 1.51838967213e-05, 1.18640082292e-05, 1.2141604202e-05, 1.11321360237e-05, 1.08107642518e-05, 9.28634108277e-06, 8.11194422567e-06, 9.75741022557e-06, 1.23312102005e-05, 1.04681976154e-05, 6.59034503769e-06, 7.77406785346e-06, 6.70287090543e-06, 5.26753956365e-06, 5.04097215526e-06, 5.70537758904e-06, 7.27649648979e-06, 5.83780820307e-06, 4.48273067377e-06, 4.95792119182e-06]
    },
    "mfcc": {
        "mean": [-1196.56408691, 8.61027240753, 0.353348582983, 1.73923969269, 1.48947274685, 1.20123040676, -0.375429481268, -0.0716762170196, -0.0466844402254, 0.461792439222, -0.0520929098129, 0.178084313869, 0.0551293119788],
        "cov": [[49213.3828125, 5965.88183594, 134.874465942, 1158.25256348, 951.179138184, 759.681518555, -339.878295898, -116.154434204, -99.5038986206, 268.725921631, -47.5625267029, 96.7874832153, 31.958108902], [5965.88183594, 789.819396973, 31.3096637726, 149.538406372, 135.305084229, 101.417747498, -28.0089664459, -11.6077184677, -6.55783081055, 40.0893287659, -6.70566749573, 14.3180150986, 5.40858078003], [134.874465942, 31.3096637726, 24.4598464966, 15.8256826401, 11.9339551926, 15.9571809769, 4.29335784912, 10.0078268051, 7.94539165497, 7.18295431137, -2.04795622826, 1.86902475357, 0.486689388752], [1158.25256348, 149.538406372, 15.8256826401, 41.3467788696, 30.3126850128, 28.3673095703, -4.40748882294, 4.65969181061, 3.96561670303, 10.2561502457, -2.68337583542, 2.36389398575, -0.386352866888], [951.179138184, 135.305084229, 11.9339551926, 30.3126850128, 44.6359786987, 31.3854846954, 1.8121843338, 4.55244779587, 8.58428096771, 15.2894535065, 1.57165670395, 3.09206342697, 0.68575501442], [759.681518555, 101.417747498, 15.9571809769, 28.3673095703, 31.3854846954, 33.9938621521, 2.15733957291, 8.07561206818, 9.33389377594, 14.4006156921, 0.454859226942, 3.11287999153, -0.99677169323], [-339.878295898, -28.0089664459, 4.29335784912, -4.40748882294, 1.8121843338, 2.15733957291, 9.58817195892, 3.63834166527, 5.86329936981, 2.92762303352, 1.15850734711, 0.883848786354, -0.0664220377803], [-116.154434204, -11.6077184677, 10.0078268051, 4.65969181061, 4.55244779587, 8.07561206818, 3.63834166527, 10.2620000839, 7.4103884697, 4.21744775772, 0.172927424312, -0.159416213632, -0.674646556377], [-99.5038986206, -6.55783081055, 7.94539165497, 3.96561670303, 8.58428096771, 9.33389377594, 5.86329936981, 7.4103884697, 11.1531820297, 8.37015533447, 2.69084048271, 1.16040086746, -1.53914546967], [268.725921631, 40.0893287659, 7.18295431137, 10.2561502457, 15.2894535065, 14.4006156921, 2.92762303352, 4.21744775772, 8.37015533447, 11.3256940842, 3.18954157829, 2.23618292809, -1.07334315777], [-47.5625267029, -6.70566749573, -2.04795622826, -2.68337583542, 1.57165670395, 0.454859226942, 1.15850734711, 0.172927424312, 2.69084048271, 3.18954157829, 4.07577228546, 1.35861957073, -0.708063423634], [96.7874832153, 14.3180150986, 1.86902475357, 2.36389398575, 3.09206342697, 3.11287999153, 0.883848786354, -0.159416213632, 1.16040086746, 2.23618292809, 1.35861957073, 4.04966402054, 1.38406467438], [31.958108902, 5.40858078003, 0.486689388752, -0.386352866888, 0.68575501442, -0.99677169323, -0.0664220377803, -0.674646556377, -1.53914546967, -1.07334315777, -0.708063423634, 1.38406467438, 3.93524670601]],
        "icov": [[0.000714531750418, -0.00455666845664, 0.00363174197264, -0.00232284609228, 0.00254181562923, -0.00553508661687, 0.0115624321625, 0.00134641048498, -0.00405211327597, 0.00242583500221, -0.0024050779175, 0.000235777493799, -0.00307507789694], [-0.00455666845664, 0.0401750206947, -0.0197271816432, -0.0140445278957, -0.0314859189093, 0.0433582775295, -0.071125254035, 0.000401000812417, 0.0657878890634, -0.0555362477899, 0.0292895343155, -0.0140866590664, 0.0189942512661], [0.00363174197264, -0.0197271816432, 0.136338189244, -0.0486537329853, 0.0224677436054, -0.0241805445403, 0.0271321795881, -0.0738232210279, 0.000809008837678, -0.0572577305138, 0.0915165767074, -0.048735242337, -0.0279503203928], [-0.00232284609228, -0.0140445278957, -0.0486537329853, 0.191601410508, -0.00940704718232, -0.0397318340838, 0.0307870730758, -0.023318907246, -0.0921201482415, 0.0850378721952, 0.0597096048295, -0.0130357434973, 0.0535847060382], [0.00254181562923, -0.0314859189093, 0.0224677436054, -0.00940704718232, 0.12750941515, -0.0911053568125, 0.0108324894682, 0.0304172430187, -0.0846292674541, 0.0349483974278, -0.0713041350245, 0.0746528580785, -0.0836225003004], [-0.00553508661687, 0.0433582775295, -0.0241805445403, -0.0397318340838, -0.0911053568125, 0.23355191946, -0.109813995659, -0.0984089896083, 0.144675582647, -0.193467199802, 0.111725606024, -0.0804039686918, 0.092955738306], [0.0115624321625, -0.071125254035, 0.0271321795881, 0.0307870730758, 0.0108324894682, -0.109813995659, 0.414084196091, 0.0600060150027, -0.212674975395, 0.0827134028077, 0.0200997646898, -0.0411337465048, -0.0514407344162], [0.00134641048498, 0.000401000812417, -0.0738232210279, -0.023318907246, 0.0304172430187, -0.0984089896083, 0.0600060150027, 0.360408902168, -0.256632715464, 0.14767383039, -0.0664371997118, 0.110204726458, -0.0828807651997], [-0.00405211327597, 0.0657878890634, 0.000809008837678, -0.0921201482415, -0.0846292674541, 0.144675582647, -0.212674975395, -0.256632715464, 0.750079035759, -0.510766386986, 0.0433754324913, -0.0840113461018, 0.128560632467], [0.00242583500221, -0.0555362477899, -0.0572577305138, 0.0850378721952, 0.0349483974278, -0.193467199802, 0.0827134028077, 0.14767383039, -0.510766386986, 0.766710102558, -0.353605955839, 0.0797830745578, -0.038655679673], [-0.0024050779175, 0.0292895343155, 0.0915165767074, 0.0597096048295, -0.0713041350245, 0.111725606024, 0.0200997646898, -0.0664371997118, 0.0433754324913, -0.353605955839, 0.729202985764, -0.275392055511, 0.152075409889], [0.000235777493799, -0.0140866590664, -0.048735242337, -0.0130357434973, 0.0746528580785, -0.0804039686918, -0.0411337465048, 0.110204726458, -0.0840113461018, 0.0797830745578, -0.275392055511, 0.488822937012, -0.225554659963], [-0.00307507789694, 0.0189942512661, -0.0279503203928, 0.0535847060382, -0.0836225003004, 0.092955738306, -0.0514407344162, -0.0828807651997, 0.128560632467, -0.038655679673, 0.152075409889, -0.225554659963, 0.431169807911]]
    },
    "spectral_contrast_coeffs": {
        "max": [-0.303287476301, -0.251111477613, -0.496337383986, -0.588409781456, -0.652907192707, -0.543406486511],
        "mean": [-0.938054740429, -0.940517008305, -0.944060504436, -0.943803369999, -0.943872511387, -0.940122187138],
        "min": [-0.982531249523, -0.984292924404, -0.977858543396, -0.977674782276, -0.974943578243, -0.966550707817],
        "stdev": [0.0934301242232, 0.0929565653205, 0.0589390173554, 0.0605263151228, 0.0544806420803, 0.0641475394368]
    },
    "spectral_contrast_valleys": {
        "max": [-4.34493637085, -3.68328785896, -4.199903965, -3.61720228195, -3.75628495216, -5.92562294006],
        "mean": [-25.2328338623, -25.2384796143, -25.3196239471, -25.2728614807, -25.3076324463, -25.5304889679],
        "min": [-28.2175197601, -28.1603851318, -27.9054393768, -27.7719974518, -27.5622406006, -27.4330215454],
        "stdev": [6.22104930878, 6.20842075348, 6.0755405426, 6.12076282501, 6.08531951904, 5.41301298141]
    }
},
"rhythm": {
    "beats_count": 18,
    "beats_loudness": {
        "max": 3.01634335518,
        "mean": 0.17055106163,
        "min": 0,
        "stdev": 0.69031471014
    },
    "bpm": 83.6454086304,
    "bpm_histogram_first_peak_bpm": 83,
    "bpm_histogram_first_peak_weight": 0.200000047684,
    "bpm_histogram_second_peak_bpm": 89,
    "bpm_histogram_second_peak_spread": 0.285714268684,
    "bpm_histogram_second_peak_weight": 0.29411765933,
    "danceability": 1.99797165394,
    "onset_rate": 0.470242828131,
    "beats_loudness_band_ratio": {
        "max": [0.745173692703, 0.664605855942, 0.116615258157, 0.0711272954941, 0.0928682982922, 0.0944320783019],
        "mean": [0.0452441200614, 0.0414151623845, 0.0085377395153, 0.00510862562805, 0.00735886581242, 0.00876105204225],
        "min": [0, 0, 0, 0, 0, 0],
        "stdev": [0.170494183898, 0.152272880077, 0.027548732236, 0.0167051739991, 0.0226289387792, 0.0253185313195]
    },
    "beats_position": [0.66176867485, 1.33514738083, 2.00852608681, 2.68190479279, 3.35528349876, 4.02866220474, 4.69043064117, 5.34058952332, 6.03718805313, 6.73378658295, 7.46521520615, 8.19664382935, 8.91646194458, 9.63628101349, 10.3560991287, 11.0759181976, 11.7957363129, 12.5155553818],
    "bpm_histogram": [0, 0, 0, 0, 0, 0, 0, 0, 0, 0, 0, 0, 0, 0, 0, 0, 0, 0, 0, 0, 0, 0, 0, 0, 0, 0, 0, 0, 0, 0, 0, 0, 0, 0, 0, 0, 0, 0, 0, 0, 0, 0, 0, 0, 0, 0, 0, 0, 0, 0, 0, 0, 0, 0, 0, 0, 0, 0, 0, 0, 0, 0, 0, 0, 0, 0, 0, 0, 0, 0, 0, 0, 0, 0, 0, 0, 0, 0, 0, 0, 0, 0, 0.117647059262, 0.352941185236, 0, 0, 0.117647059262, 0, 0, 0.29411765933, 0, 0.0588235296309, 0.0588235296309, 0, 0, 0, 0, 0, 0, 0, 0, 0, 0, 0, 0, 0, 0, 0, 0, 0, 0, 0, 0, 0, 0, 0, 0, 0, 0, 0, 0, 0, 0, 0, 0, 0, 0, 0, 0, 0, 0, 0, 0, 0, 0, 0, 0, 0, 0, 0, 0, 0, 0, 0, 0, 0, 0, 0, 0, 0, 0, 0, 0, 0, 0, 0, 0, 0, 0, 0, 0, 0, 0, 0, 0, 0, 0, 0, 0, 0, 0, 0, 0, 0, 0, 0, 0, 0, 0, 0, 0, 0, 0, 0, 0, 0, 0, 0, 0, 0, 0, 0, 0, 0, 0, 0, 0, 0, 0, 0, 0, 0, 0, 0, 0, 0, 0, 0, 0, 0, 0, 0, 0, 0, 0, 0, 0, 0, 0, 0, 0, 0, 0, 0, 0, 0, 0, 0, 0, 0, 0, 0, 0, 0, 0, 0, 0, 0, 0, 0, 0, 0, 0, 0, 0, 0, 0, 0, 0, 0]
},
"tonal": {
    "chords_changes_rate": 0.0108695654199,
    "chords_number_rate": 0.0108695654199,
    "chords_strength": {
        "max": 0.67327183485,
        "mean": -0.735936462879,
        "min": -1,
        "stdev": 0.59208625555
    },
    "hpcp_crest": {
        "max": 21.1503620148,
        "mean": 1.05825650692,
        "min": 0,
        "stdev": 3.60857725143
    },
    "hpcp_entropy": {
        "max": 3.90648674965,
        "mean": 0.237120553851,
        "min": 0,
        "stdev": 0.786404907703
    },
    "key_edma": {
        "strength": 0.455109357834,
        "key": "F",
        "scale": "minor"
    },
    "key_krumhansl": {
