{
"metadata": {
    "version": {
        "essentia": "2.1-beta5",
        "essentia_git_sha": "Undefined",
        "extractor": "music 2.0"
    },
    "audio_properties": {
        "analysis": {
            "equal_loudness": 0,
            "length": 27.3647174835,
            "sample_rate": 44100,
            "start_time": 191.4949646,
            "downmix": "mix"
        },
        "bit_rate": 192000,
        "length": 218.882919312,
        "lossless": 0,
        "number_channels": 2,
        "replay_gain": -7.84288597107,
        "sample_rate": 48000,
        "codec": "mp3",
        "md5_encoded": "2221b054771f80ed1e83866e9bf43689"
    },
    "tags": {
        "file_name": "North MacedoniaNorth MacedoniaN_Ne Zori, Zoro_Vlado Janevski.mp3",
        "encoding": ["Lavf58.29.100"]
    }
},
"lowlevel": {
    "average_loudness": 0.383407860994,
    "barkbands_crest": {
        "max": 18.0905056,
        "mean": 7.10759544373,
        "min": 2.66870355606,
        "stdev": 2.29904031754
    },
    "barkbands_flatness_db": {
        "max": 0.268986970186,
        "mean": 0.103933930397,
        "min": 0.0413348115981,
        "stdev": 0.0336122475564
    },
    "barkbands_kurtosis": {
        "max": 19.0340595245,
        "mean": 2.33636665344,
        "min": -1.87683701515,
        "stdev": 2.7717063427
    },
    "barkbands_skewness": {
        "max": 4.14284276962,
        "mean": 0.0224621370435,
        "min": -2.31125426292,
        "stdev": 1.58078062534
    },
    "barkbands_spread": {
        "max": 87.068687439,
        "mean": 23.9559383392,
        "min": 3.94062399864,
        "stdev": 9.56579780579
    },
    "dissonance": {
        "max": 0.499999642372,
        "mean": 0.47644969821,
        "min": 0.32933178544,
        "stdev": 0.0243353582919
    },
    "dynamic_complexity": 5.31680631638,
    "erbbands_crest": {
        "max": 26.5520877838,
        "mean": 6.36126995087,
        "min": 2.34374690056,
        "stdev": 3.45189285278
    },
    "erbbands_flatness_db": {
        "max": 0.273660361767,
        "mean": 0.139197155833,
        "min": 0.061171527952,
        "stdev": 0.0431881994009
    },
    "erbbands_kurtosis": {
        "max": 6.54818344116,
        "mean": 0.144128799438,
        "min": -1.72902345657,
        "stdev": 0.888374090195
    },
    "erbbands_skewness": {
        "max": 2.46306395531,
        "mean": -0.0693948566914,
        "min": -2.48007249832,
        "stdev": 0.653574824333
    },
    "erbbands_spread": {
        "max": 111.289840698,
        "mean": 35.4858360291,
        "min": 11.1316347122,
        "stdev": 12.3273992538
    },
    "hfc": {
        "max": 176.31439209,
        "mean": 16.9917945862,
        "min": 1.02274318237e-16,
        "stdev": 23.4490203857
    },
    "loudness_ebu128": {
        "integrated": -14.3422555923,
        "loudness_range": 11.1905450821,
        "momentary": {
            "max": -11.6086235046,
            "mean": -119.312194824,
            "min": -300.691009521,
            "stdev": 135.69921875
        },
        "short_term": {
            "max": -12.7441234589,
            "mean": -100.83757782,
            "min": -300.691009521,
            "stdev": 128.171112061
        }
    },
    "melbands_crest": {
        "max": 23.2241077423,
        "mean": 7.92830896378,
        "min": 1.50506591797,
        "stdev": 5.28185033798
    },
    "melbands_flatness_db": {
        "max": 0.361992716789,
        "mean": 0.104275308549,
        "min": 0.001726816874,
        "stdev": 0.0848519206047
    },
    "melbands_kurtosis": {
        "max": 60.1026268005,
        "mean": 3.89363336563,
        "min": -1.43845832348,
        "stdev": 7.76206064224
    },
    "melbands_skewness": {
        "max": 6.56714725494,
        "mean": 1.2246029377,
        "min": -0.564868211746,
        "stdev": 1.31486308575
    },
    "melbands_spread": {
        "max": 161.130905151,
        "mean": 65.4290313721,
        "min": 3.38341999054,
        "stdev": 51.9005432129
    },
    "pitch_salience": {
        "max": 0.856951594353,
        "mean": 0.66797286272,
        "min": 0.319805234671,
        "stdev": 0.130731523037
    },
    "silence_rate_20dB": {
        "max": 1,
        "mean": 1,
        "min": 1,
        "stdev": 0
    },
    "silence_rate_30dB": {
        "max": 1,
        "mean": 1,
        "min": 1,
        "stdev": 0
    },
    "silence_rate_60dB": {
        "max": 1,
        "mean": 0.467796623707,
        "min": 0,
        "stdev": 0.498958468437
    },
    "spectral_centroid": {
        "max": 11729.8232422,
        "mean": 4985.48535156,
        "min": 394.358612061,
        "stdev": 4626.9140625
    },
    "spectral_complexity": {
        "max": 47,
        "mean": 12.7533893585,
        "min": 0,
        "stdev": 12.7171916962
    },
    "spectral_decrease": {
        "max": 7.80359224519e-28,
        "mean": -4.74869699119e-09,
        "min": -2.28304024574e-08,
        "stdev": 5.48620038288e-09
    },
    "spectral_energy": {
        "max": 0.0912524238229,
        "mean": 0.0194638837129,
        "min": 9.68159896251e-21,
        "stdev": 0.0223868582398
    },
    "spectral_energyband_high": {
        "max": 0.0237534232438,
        "mean": 0.00082835793728,
        "min": 6.72519527263e-21,
        "stdev": 0.00238462351263
    },
    "spectral_energyband_low": {
        "max": 0.0398862957954,
        "mean": 0.00539890490472,
        "min": 1.23091883498e-23,
        "stdev": 0.00767362862825
    },
    "spectral_energyband_middle_high": {
        "max": 0.0295762065798,
        "mean": 0.00461256410927,
        "min": 1.08020649835e-21,
        "stdev": 0.00629400042817
    },
    "spectral_energyband_middle_low": {
        "max": 0.0663323998451,
        "mean": 0.00973351486027,
        "min": 1.49506938241e-22,
        "stdev": 0.0129157369956
    },
    "spectral_entropy": {
        "max": 9.83728885651,
        "mean": 8.46933269501,
        "min": 6.35512685776,
        "stdev": 1.04114496708
    },
    "spectral_flux": {
        "max": 0.246389955282,
        "mean": 0.0540453232825,
        "min": 6.29675339647e-11,
        "stdev": 0.0536088831723
    },
    "spectral_kurtosis": {
        "max": 12.1932792664,
        "mean": 1.86121809483,
        "min": -1.28264844418,
        "stdev": 2.69578909874
    },
    "spectral_rms": {
        "max": 0.00943539943546,
        "mean": 0.00313111697324,
        "min": 3.07334713234e-12,
        "stdev": 0.00303073041141
    },
    "spectral_rolloff": {
        "max": 20822.6074219,
        "mean": 8007.39599609,
        "min": 172.265625,
        "stdev": 8252.63476562
    },
    "spectral_skewness": {
        "max": 2.36976838112,
        "mean": 0.904366612434,
        "min": -0.083744995296,
        "stdev": 0.747520565987
    },
    "spectral_spread": {
        "max": 42920100,
        "mean": 17752006,
        "min": 2110287.75,
        "stdev": 17428324
    },
    "spectral_strongpeak": {
        "max": 8.41556739807,
        "mean": 0.595779359341,
        "min": 0,
        "stdev": 1.03635752201
    },
    "zerocrossingrate": {
        "max": 0.6611328125,
        "mean": 0.227948725224,
        "min": 0.015625,
        "stdev": 0.209319040179
    },
    "barkbands": {
        "max": [0.00100241205655, 0.0272887703031, 0.028376813978, 0.03107813932, 0.0257098805159, 0.0414842441678, 0.0251274872571, 0.0396835766733, 0.0204867701977, 0.00846445187926, 0.0200561266392, 0.00576801598072, 0.0071515860036, 0.0126240896061, 0.0168626941741, 0.00607254961506, 0.00683069834486, 0.00258416053839, 0.00452740164474, 0.00338136870414, 0.0105493739247, 0.00870872382075, 0.0102058593184, 0.0045466455631, 0.001089385245, 0.00163096736651, 4.7401476877e-06],
        "mean": [2.71074386546e-05, 0.00206318777055, 0.00233601266518, 0.00168398779351, 0.00169688602909, 0.00222029048018, 0.000907918438315, 0.00192554842215, 0.00107213330921, 0.000540638866369, 0.000956544128712, 0.00041601646808, 0.000465954159154, 0.000592456490267, 0.00068608019501, 0.000271968601737, 0.000281838321825, 0.000179787050001, 0.000243921851506, 0.000153360757395, 0.00020090623002, 0.00020511772891, 0.000178182497621, 8.03378934506e-05, 3.9868256863e-05, 3.77640317311e-05, 7.96115742219e-08],
        "min": [9.3741709548e-26, 7.49626119239e-25, 6.66330444168e-25, 1.71945718884e-25, 3.41883875511e-24, 4.69331493941e-24, 7.7849700842e-24, 6.2653242136e-24, 1.11864404888e-23, 1.47047727478e-23, 1.41408460634e-23, 1.83930840216e-23, 2.15470351176e-23, 2.39425280077e-23, 2.26776542328e-23, 4.54326515442e-23, 6.12716784783e-23, 7.20849167614e-23, 9.82635120258e-23, 1.54818521732e-22, 2.28663563878e-22, 2.57671355136e-22, 3.33937947826e-22, 5.26921421313e-22, 8.16247833444e-22, 1.21094505988e-21, 1.73210125851e-21],
        "stdev": [5.46520968783e-05, 0.0037366640754, 0.00375940464437, 0.00317809032276, 0.00302056549117, 0.00421230401844, 0.00234630121849, 0.00436703069136, 0.0020272298716, 0.00101599982008, 0.00211881333962, 0.000802516005933, 0.000830530421808, 0.00137864111457, 0.00179360620677, 0.000530801829882, 0.000532465637662, 0.00029587483732, 0.000423491495894, 0.000303000735585, 0.000666873180307, 0.000712859502528, 0.000815543578938, 0.000330708280671, 9.50840185396e-05, 0.000125104590552, 3.41662001802e-07]
    },
    "erbbands": {
        "max": [0.645111203194, 6.67002248764, 26.1351261139, 69.8772964478, 113.60533905, 63.0955314636, 92.461479187, 480.110717773, 398.777862549, 651.703369141, 698.452209473, 616.937683105, 233.012802124, 356.372009277, 734.630493164, 230.921554565, 358.525848389, 317.417144775, 970.593505859, 591.132751465, 384.097991943, 254.082015991, 170.198120117, 363.855316162, 271.949157715, 154.327178955, 299.695861816, 454.87109375, 334.279907227, 235.365249634, 319.349090576, 186.541549683, 65.2244033813, 16.0507221222, 6.15334224701, 10.9349489212, 1.95316457748, 0.164762347937, 0.0030156953726, 0.000203450777917],
        "mean": [0.0347493439913, 0.574046015739, 2.47599029541, 4.64975500107, 6.24759435654, 4.6567363739, 8.60367679596, 22.1575679779, 13.4647769928, 30.6428623199, 30.5631351471, 29.3516979218, 16.6760349274, 20.1636924744, 42.0584068298, 16.1095085144, 21.5926094055, 24.0113735199, 45.8090171814, 21.7588367462, 15.618142128, 13.1018924713, 11.5397167206, 11.0961198807, 10.8487987518, 7.48797655106, 7.38521909714, 8.53387641907, 7.34365415573, 5.75730085373, 5.0203204155, 2.48790788651, 1.0224738121, 0.478145331144, 0.282108366489, 0.226334750652, 0.0516422316432, 0.0032493066974, 8.20763525553e-05, 2.81611519313e-05],
        "min": [2.92126868345e-23, 3.75468760804e-22, 1.9693150901e-21, 2.03976216123e-21, 6.66247050605e-21, 8.92821837024e-21, 2.56771531668e-20, 4.3491356844e-20, 1.17300453489e-19, 1.2202820428e-19, 1.71635143268e-19, 2.46491499036e-19, 3.68772833508e-19, 6.07232357097e-19, 7.96715964183e-19, 1.03049157755e-18, 1.08281385322e-18, 1.58360936539e-18, 2.01960282458e-18, 2.495495961e-18, 2.90161827391e-18, 4.02924639458e-18, 4.3175767407e-18, 5.64010246896e-18, 7.10490574412e-18, 7.92038423255e-18, 8.36465053184e-18, 9.65707060812e-18, 9.12004923802e-18, 8.96067965812e-18, 8.88354175728e-18, 1.02284464434e-17, 9.31106178507e-18, 8.17460247739e-18, 5.65832112195e-18, 3.23537779286e-18, 2.14115039815e-18, 8.66511809909e-19, 2.33977419591e-19, 2.48135556046e-20],
        "stdev": [0.070312730968, 0.992283642292, 3.81151437759, 7.72061920166, 12.1013345718, 8.34161090851, 14.2596149445, 46.418422699, 32.2409172058, 72.4285202026, 63.8840713501, 55.5606269836, 31.4587535858, 39.6179122925, 83.7431030273, 27.7168235779, 37.3420753479, 42.2607460022, 111.719894409, 42.9392585754, 30.6201591492, 21.5255813599, 18.2090320587, 21.0868587494, 20.0044155121, 13.9693193436, 20.1681785583, 30.5279216766, 24.9401264191, 22.4018650055, 23.7126960754, 11.8742303848, 3.97912502289, 1.27211642265, 0.705649495125, 0.750481903553, 0.170618996024, 0.0124897863716, 0.00024853652576, 3.47619279637e-05]
    },
    "gfcc": {
        "mean": [-465.495666504, 54.6376953125, -87.4817504883, 20.5018138885, -42.8705062866, 11.2413654327, -25.6351108551, 5.63361883163, -14.7340211868, 2.43692374229, -12.0963306427, -1.88317334652, -7.61208724976],
        "cov": [[379947.46875, 26070.6308594, -39684.4257812, 9709.59570312, -20007.1542969, 5435.78222656, -11922.4150391, 2725.39477539, -7000.60302734, 1246.38012695, -5739.04052734, -810.911193848, -3792.57714844], [26070.6308594, 2454.76342773, -2514.96557617, 717.776794434, -1312.40820312, 271.805725098, -856.173522949, 97.2389831543, -485.750366211, 16.2594146729, -301.797271729, -105.001243591, -265.447875977], [-39684.4257812, -2514.96557617, 5391.34130859, -886.366760254, 2298.57275391, -545.854248047, 1227.78161621, -292.41708374, 664.662353516, -73.9840011597, 566.570739746, 166.317825317, 277.046051025], [9709.59570312, 717.776794434, -886.366760254, 438.016784668, -482.494445801, 170.316864014, -303.183044434, 53.4647369385, -160.28302002, 27.3384208679, -127.191505432, -26.7595443726, -81.7942581177], [-20007.1542969, -1312.40820312, 2298.57275391, -482.494445801, 1256.48510742, -244.398162842, 629.998718262, -126.907470703, 328.00881958, -39.3560256958, 285.735656738, 52.1542663574, 176.993545532], [5435.78222656, 271.805725098, -545.854248047, 170.316864014, -244.398162842, 190.991348267, -122.202659607, 67.3471832275, -93.8253707886, 37.3001861572, -89.5579071045, -6.03191804886, -45.3308982849], [-11922.4150391, -856.173522949, 1227.78161621, -303.183044434, 629.998718262, -122.202659607, 474.401519775, -42.2321205139, 252.52444458, -28.4715995789, 199.06439209, 29.6964130402, 119.547721863], [2725.39477539, 97.2389831543, -292.41708374, 53.4647369385, -126.907470703, 67.3471832275, -42.2321205139, 99.1830673218, -23.4562797546, 31.5245304108, -46.8650588989, 17.6610813141, -24.7907543182], [-7000.60302734, -485.750366211, 664.662353516, -160.28302002, 328.00881958, -93.8253707886, 252.52444458, -23.4562797546, 208.827377319, -16.1975021362, 128.022628784, 13.752831459, 86.0359649658], [1246.38012695, 16.2594146729, -73.9840011597, 27.3384208679, -39.3560256958, 37.3001861572, -28.4715995789, 31.5245304108, -16.1975021362, 67.9073791504, -11.8491039276, 19.4222888947, -17.3079166412], [-5739.04052734, -301.797271729, 566.570739746, -127.191505432, 285.735656738, -89.5579071045, 199.06439209, -46.8650588989, 128.022628784, -11.8491039276, 156.648620605, 14.7718667984, 73.4012985229], [-810.911193848, -105.001243591, 166.317825317, -26.7595443726, 52.1542663574, -6.03191804886, 29.6964130402, 17.6610813141, 13.752831459, 19.4222888947, 14.7718667984, 52.7290992737, 7.14213848114], [-3792.57714844, -265.447875977, 277.046051025, -81.7942581177, 176.993545532, -45.3308982849, 119.547721863, -24.7907543182, 86.0359649658, -17.3079166412, 73.4012985229, 7.14213848114, 86.4641265869]],
        "icov": [[0.000274908175925, -0.000879961065948, 0.000447035796242, -0.000644875573926, 0.00106023007538, -0.00106017361395, 0.00064384448342, -0.00107037648559, 0.000898817321286, -0.00114938011393, 0.00118892104365, -0.000758825743105, 0.00132007640786], [-0.000879961065948, 0.00476771499962, -0.00141029001679, 0.00104115786962, -0.00299383047968, 0.00335486279801, 0.000279013387626, 0.00211554765701, -0.00172146002296, 0.00528652314097, -0.00718107214198, 0.00417823344469, -0.00182667176705], [0.000447035796242, -0.00141029001679, 0.00211662892252, -0.0016757909907, -0.000137585215271, -0.000876302015968, -0.000125907929032, 0.000286038062768, 0.00054728903342, -0.00180144316982, 0.00238904869184, -0.00419408176094, 0.00440282467753], [-0.000644875573926, 0.00104115786962, -0.0016757909907, 0.00802986416966, -0.00150641414803, -0.00184427073691, 0.00125792319886, 0.00243275053799, -0.0035297642462, 0.00275272596627, -0.00332186301239, 0.00270427577198, -0.00438913656399], [0.00106023007538, -0.00299383047968, -0.000137585215271, -0.00150641414803, 0.00975864008069, -0.00421726563945, 0.00073489244096, -0.00488196592778, 0.00571035500616, -0.00535632995889, 0.00386350578628, 0.000274497811915, 0.001669813646], [-0.00106017361395, 0.00335486279801, -0.000876302015968, -0.00184427073691, -0.00421726563945, 0.0175622738898, -0.00818302016705, 0.00149677472655, 0.000618419377133, -0.000219118868699, 0.000137578681461, 0.00326720695011, -0.00660211034119], [0.00064384448342, 0.000279013387626, -0.000125907929032, 0.00125792319886, 0.00073489244096, -0.00818302016705, 0.0200652144849, -0.00882382318377, -0.00376604613848, 0.0032403615769, -0.00818193238229, 0.00278867897578, 0.00573530932888], [-0.00107037648559, 0.00211554765701, 0.000286038062768, 0.00243275053799, -0.00488196592778, 0.00149677472655, -0.00882382318377, 0.0270705055445, -0.00897917151451, -0.000820082786959, 0.00407851440832, -0.00920572970062, -0.00226183631457], [0.000898817321286, -0.00172146002296, 0.00054728903342, -0.0035297642462, 0.00571035500616, 0.000618419377133, -0.00376604613848, -0.00897917151451, 0.0222800876945, -0.00477633718401, -0.00101745850407, 0.00295840809122, -0.00219174334779], [-0.00114938011393, 0.00528652314097, -0.00180144316982, 0.00275272596627, -0.00535632995889, -0.000219118868699, 0.0032403615769, -0.000820082786959, -0.00477633718401, 0.0278798677027, -0.0122634153813, -0.00210351170972, 0.00124296045396], [0.00118892104365, -0.00718107214198, 0.00238904869184, -0.00332186301239, 0.00386350578628, 0.000137578681461, -0.00818193238229, 0.00407851440832, -0.00101745850407, -0.0122634153813, 0.0320490188897, -0.00946629047394, -0.00391602888703], [-0.000758825743105, 0.00417823344469, -0.00419408176094, 0.00270427577198, 0.000274497811915, 0.00326720695011, 0.00278867897578, -0.00920572970062, 0.00295840809122, -0.00210351170972, -0.00946629047394, 0.035580188036, -0.008072107099], [0.00132007640786, -0.00182667176705, 0.00440282467753, -0.00438913656399, 0.001669813646, -0.00660211034119, 0.00573530932888, -0.00226183631457, -0.00219174334779, 0.00124296045396, -0.00391602888703, -0.008072107099, 0.0365636944771]]
    },
    "melbands": {
        "max": [0.00711441133171, 0.0100706825033, 0.0104945460334, 0.00607978785411, 0.00290219113231, 0.00954009685665, 0.0051165134646, 0.00740414811298, 0.0049286428839, 0.0034016626887, 0.00115271063987, 0.00143277691677, 0.00310195982456, 0.000829529948533, 0.000716688344255, 0.000621172017418, 0.000783563242294, 0.00134785356931, 0.00154653331265, 0.00043176417239, 0.00046957237646, 0.000309832859784, 0.000228865712415, 0.000108354914119, 0.000355154217687, 0.000206739248824, 0.000245988543611, 0.000104461090814, 0.000145885031088, 0.000256893254118, 0.000287158763967, 0.000183796597412, 0.000185492492164, 0.000141781027196, 0.000201264658244, 0.000259558641119, 6.96215065545e-05, 5.09220444656e-05, 2.72960533039e-05, 1.34373212859e-05],
        "mean": [0.000455940433312, 0.00112071051262, 0.000843167072162, 0.000400715623982, 0.000283610075712, 0.000471092294902, 0.000191871920833, 0.000384009705158, 0.000236848194618, 0.000169321225258, 7.69407852204e-05, 7.28938175598e-05, 0.000147131373524, 6.14396994933e-05, 3.55993179255e-05, 4.557819193e-05, 4.6032564569e-05, 7.76275992393e-05, 4.08428204537e-05, 2.23268998525e-05, 1.79983380804e-05, 1.38290051837e-05, 1.34329056891e-05, 7.91324509919e-06, 9.05184151634e-06, 9.31313843466e-06, 5.50377717445e-06, 4.86893759444e-06, 4.67798872705e-06, 4.52157519248e-06, 5.18765864399e-06, 4.2464184844e-06, 3.63506910617e-06, 3.03484875985e-06, 3.07257869281e-06, 2.3498741939e-06, 1.18249374736e-06, 7.72771556967e-07, 4.7646383905e-07, 3.75338572667e-07],
        "min": [5.93246524211e-25, 1.332881868e-24, 7.65468023938e-25, 8.81331574961e-25, 1.21620450834e-24, 1.06058364959e-24, 2.08657239584e-24, 1.494673887e-24, 8.17696828143e-25, 1.45115371276e-24, 1.62352987852e-24, 1.92652671766e-24, 2.14428250143e-24, 2.23694703374e-24, 2.15523899055e-24, 2.19497036447e-24, 1.88784275381e-24, 1.92504740625e-24, 2.53200487534e-24, 2.27628792151e-24, 3.01908013873e-24, 3.39964300827e-24, 2.43279181144e-24, 2.4036215101e-24, 3.92957925402e-24, 3.94055230921e-24, 4.08350218827e-24, 3.95914891619e-24, 4.50304918325e-24, 5.0841742187e-24, 4.92588375604e-24, 4.36583984499e-24, 3.95545980817e-24, 5.1241773552e-24, 4.51436657622e-24, 4.69772585516e-24, 5.34054572986e-24, 4.91702011491e-24, 5.24348901724e-24, 5.42196919148e-24],
        "stdev": [0.000859695312101, 0.00165906967595, 0.00133470993023, 0.000734040746465, 0.000453036656836, 0.000952655856963, 0.000461492862087, 0.000898884725757, 0.000476116518257, 0.000321300467476, 0.000152038584929, 0.000151361920871, 0.000321386236465, 0.000110807995952, 6.66793930577e-05, 8.63359091454e-05, 9.12498435355e-05, 0.000186228178791, 0.000108757863927, 4.0263763367e-05, 3.96039467887e-05, 2.65271228272e-05, 2.22379512707e-05, 1.30091775645e-05, 1.9150240405e-05, 1.70252296812e-05, 1.36611415655e-05, 9.64539503912e-06, 1.17617846627e-05, 1.61583175213e-05, 1.92460811377e-05, 1.42277476698e-05, 1.43765118992e-05, 1.22394831124e-05, 1.44003861351e-05, 1.32883978949e-05, 5.22964228367e-06, 3.06410925077e-06, 1.71754243183e-06, 9.22117976643e-07]
    },
    "melbands128": {
        "max": [0.000656379386783, 0.00360701442696, 0.0126839922741, 0.0114916879684, 0.0142819397151, 0.0139448549598, 0.0164985507727, 0.0127443158999, 0.0157853830606, 0.0067305364646, 0.00368559663184, 0.00431312993169, 0.0040764613077, 0.00845912937075, 0.017462529242, 0.00638859998435, 0.0100358035415, 0.00563471345231, 0.0101592466235, 0.0104855652899, 0.0144686326385, 0.0106182973832, 0.0049741268158, 0.00470259599388, 0.00753879919648, 0.00374632840976, 0.00184622220695, 0.00231788377278, 0.00119204842485, 0.00221916520968, 0.0021519663278, 0.00473183579743, 0.00624235952273, 0.00204817671329, 0.00154570944142, 0.000738669652492, 0.00106874667108, 0.000956268049777, 0.00189727754332, 0.00123374524992, 0.00121073878836, 0.000756735622417, 0.000745040480979, 0.00198627426289, 0.00338202365674, 0.00211320095696, 0.00413988251239, 0.00295519642532, 0.00170451425947, 0.00089825456962, 0.000824258837383, 0.000732300279196, 0.000939967401791, 0.000693659123499, 0.00107215426397, 0.000430222135037, 0.000352328614099, 0.000477409659652, 0.000215631560422, 0.000385380320949, 0.000132013810799, 0.000149107712787, 0.000487107346999, 0.000417499337345, 0.000280538137304, 0.000343588006217, 0.000239254062762, 0.000322370789945, 0.000304574758047, 9.90639236988e-05, 0.000138678224175, 0.000190057544387, 0.000140121861477, 0.000165476187249, 0.000295892416034, 0.000403990474297, 0.000247732794378, 0.000385933468351, 0.000388320622733, 0.000372980372049, 0.000252616300713, 0.000220578891458, 0.000246540468652, 0.000197098372155, 0.000194596839719, 0.000148434846778, 0.000165343910339, 0.000285539223114, 0.000176012283191, 0.000294916710118, 0.000410684559029, 0.000287536531687, 9.65917788562e-05, 8.3163009549e-05, 6.61037774989e-05, 6.7898989073e-05, 7.70270562498e-05, 4.72661995445e-05, 3.64886254829e-05, 1.60553099704e-05, 1.42744138429e-05, 1.2957250874e-05, 1.80411534529e-05, 9.6982339528e-06, 9.1512392828e-06, 1.08472504508e-05, 2.39682794927e-05, 2.75951642834e-05, 3.0528899515e-05, 1.26680770336e-05, 1.47721139001e-05, 6.16613215243e-06, 5.62367131351e-06, 8.06249954621e-06, 4.37958215116e-06, 7.52156097406e-07, 1.80461356081e-07, 6.17143280923e-10, 3.16950843349e-09, 2.12234607666e-09, 1.01555641674e-09, 2.53447651755e-10, 2.53157939056e-10, 2.56863336157e-10, 2.58290694388e-10, 2.57536325599e-10, 2.56014015543e-10, 2.55568288754e-10],
        "mean": [2.17830165639e-05, 0.00016009072715, 0.000640662619844, 0.00101426476613, 0.00126367574558, 0.00110092526302, 0.000985067221336, 0.000763418327551, 0.00064996117726, 0.000435798749095, 0.000193742307601, 0.000184441145393, 0.000209297053516, 0.000506117532495, 0.000679183460306, 0.00031404235051, 0.000230593199376, 0.000160951502039, 0.00014747158275, 0.000327289948473, 0.000612338189967, 0.000287446629955, 0.000161140604177, 0.000176993868081, 0.000262710469542, 0.000126321450807, 5.90594063397e-05, 0.000102206242445, 4.86530952912e-05, 7.54295106162e-05, 6.28781708656e-05, 0.000100397490314, 0.000197992456378, 0.000147764090798, 7.57453453843e-05, 3.72390895791e-05, 3.48597786797e-05, 1.77075144165e-05, 5.39222310181e-05, 5.52191959287e-05, 4.66117016913e-05, 2.73124805972e-05, 2.785048855e-05, 6.51974987704e-05, 8.06423122413e-05, 7.70458500483e-05, 8.92418174772e-05, 3.12874908559e-05, 2.64620011876e-05, 2.78638199234e-05, 1.95353095478e-05, 2.27959972108e-05, 1.24667831187e-05, 1.97589124582e-05, 2.2077727408e-05, 8.87100031832e-06, 9.87234216154e-06, 1.89216680155e-05, 1.09898155642e-05, 1.15828979688e-05, 6.4363398451e-06, 6.23252526566e-06, 9.6308749562e-06, 8.96273013495e-06, 9.72841371549e-06, 1.01807763713e-05, 9.16971384868e-06, 5.99091390541e-06, 4.56378438685e-06, 4.70399481856e-06, 4.5507199502e-06, 5.4938732319e-06, 4.88214936922e-06, 4.65985158371e-06, 3.81002178074e-06, 4.84308748128e-06, 4.49501158073e-06, 4.89889362143e-06, 5.51846096641e-06, 5.27175870957e-06, 4.33826471635e-06, 3.9203232518e-06, 3.7962697661e-06, 3.8096334265e-06, 3.26663439409e-06, 2.91047717838e-06, 2.8577997e-06, 3.46451361111e-06, 3.21311176776e-06, 2.71552721642e-06, 2.61955574388e-06, 2.44919101533e-06, 1.54063752689e-06, 1.11421832116e-06, 9.69754978541e-07, 8.934420066e-07, 7.54203767883e-07, 5.61402032417e-07, 4.86463875404e-07, 4.13637337715e-07, 4.1403927753e-07, 3.62955205446e-07, 3.61838772278e-07, 2.47814739396e-07, 2.39269212443e-07, 3.29886262307e-07, 4.2529586608e-07, 5.4709687447e-07, 4.39650648332e-07, 3.10227704858e-07, 2.88284326189e-07, 2.01192264626e-07, 1.41058819736e-07, 1.01352803483e-07, 6.60677414999e-08, 1.56804347284e-08, 3.42707884293e-09, 1.10749803425e-11, 1.71578341812e-11, 1.02915948333e-11, 4.7677972681e-12, 2.96397476875e-12, 2.89345999417e-12, 2.81320257887e-12, 2.75066189444e-12, 2.67396304751e-12, 2.62633599764e-12, 2.60860734055e-12],
        "min": [8.38015444523e-26, 9.83520098934e-26, 3.56771188257e-26, 2.18762247026e-25, 2.11732559588e-25, 2.3356647916e-25, 2.39549594695e-25, 6.10253675075e-26, 7.26745134727e-26, 2.52709101145e-25, 1.29304434298e-25, 1.06939660641e-25, 1.15484601967e-25, 2.3301161412e-25, 3.49367365045e-25, 1.60334314983e-25, 3.32481353635e-25, 1.49407198613e-25, 2.89359997884e-25, 4.12872319593e-25, 4.65424088383e-25, 2.85666945556e-25, 3.69685981426e-25, 6.35164423347e-25, 4.79770904452e-25, 4.49904679884e-25, 5.73919432034e-25, 1.95675197255e-25, 5.31794949948e-25, 4.91563388908e-25, 4.89349056347e-25, 7.5976840529e-25, 6.63948971703e-25, 7.69981688822e-25, 8.88224345728e-25, 8.30835207912e-25, 6.10072138459e-25, 6.91166497174e-25, 4.48544634379e-25, 6.80659658777e-25, 6.75266068857e-25, 8.964434875e-25, 6.98520998089e-25, 6.70307535726e-25, 4.0187217196e-25, 9.18532973353e-25, 7.88490633634e-25, 6.7632417785e-25, 1.4562418656e-24, 4.71852072166e-25, 1.19781054001e-24, 1.06709086459e-24, 1.50166802639e-24, 3.98614965282e-25, 1.37655863113e-24, 1.28429908029e-24, 1.35522300048e-24, 1.15630521512e-24, 1.72724290085e-24, 1.35171809148e-24, 1.60094557967e-24, 8.79930755209e-25, 8.7090342544e-25, 2.05729244283e-24, 2.13547526386e-24, 9.97598233908e-25, 2.69467174108e-24, 1.33911761624e-24, 2.22324018108e-24, 2.11881235217e-24, 2.5151613145e-24, 1.84617729016e-24, 2.13765528097e-24, 2.86024141774e-24, 2.59258426526e-24, 1.85505473636e-24, 1.98511995304e-24, 3.10938518807e-24, 2.16489090094e-24, 2.24846893891e-24, 2.09968168636e-24, 2.52957400046e-24, 1.92508467993e-24, 2.4457409632e-24, 2.51142369153e-24, 2.44666412767e-24, 2.88863054957e-24, 2.66960391088e-24, 2.93782924043e-24, 2.76281433494e-24, 3.37661103085e-24, 3.09810861865e-24, 3.09124493713e-24, 3.9211147765e-24, 3.53591794079e-24, 2.62955225943e-24, 3.31883170271e-24, 3.67124190148e-24, 3.57857204437e-24, 2.14758467318e-24, 3.33078925631e-24, 3.81524767087e-24, 3.65318290321e-24, 4.36610766327e-24, 3.85164807962e-24, 3.00628087054e-24, 4.2494327688e-24, 4.39140288262e-24, 4.27088031909e-24, 2.92906598185e-24, 3.22221951322e-24, 4.31594518159e-24, 3.45979010242e-24, 3.91647311894e-24, 4.52481503891e-24, 4.11732893832e-24, 4.92707217499e-24, 4.61700014101e-24, 5.18912979556e-24, 4.73351884101e-24, 5.09529755189e-24, 4.87846848247e-24, 5.2763651899e-24, 4.30054661672e-24, 4.73744934047e-24, 4.82594375682e-24, 5.26992335175e-24, 5.44145050597e-24],
        "stdev": [4.21833901783e-05, 0.00035728153307, 0.00135039584711, 0.00181899941526, 0.00201375805773, 0.00182545348071, 0.00174221186899, 0.00153591751587, 0.00148399174213, 0.000959748576861, 0.000410638167523, 0.000377281423425, 0.00047412829008, 0.00101537047885, 0.00159063271713, 0.000771193706896, 0.000822167727165, 0.000435838854173, 0.000624851498287, 0.000944786646869, 0.00161328737158, 0.000789809855632, 0.000462305528345, 0.000433657813119, 0.000576955382712, 0.000291618023766, 0.000141172364238, 0.000265810871497, 0.000122470912174, 0.000190661143279, 0.00016597659851, 0.000316075340379, 0.000550699420273, 0.000316406600177, 0.000183367927093, 8.58500934555e-05, 9.02370302356e-05, 5.40070795978e-05, 0.000127248800709, 0.000117268449685, 0.000133428868139, 7.39199822419e-05, 6.47462074994e-05, 0.000162003387231, 0.000280927837593, 0.000250144628808, 0.000327263929648, 0.000158274749992, 9.20047823456e-05, 6.39389327262e-05, 4.24246354669e-05, 5.31261684955e-05, 3.88755142922e-05, 5.63414905628e-05, 6.56483098282e-05, 2.3243652322e-05, 1.9876870283e-05, 3.92684451072e-05, 2.0749948817e-05, 2.73987352557e-05, 1.20240920296e-05, 1.30147100208e-05, 2.62298399321e-05, 2.19450666918e-05, 2.32271795539e-05, 2.31853755395e-05, 1.96333239728e-05, 1.89056681847e-05, 1.5456120309e-05, 1.00789020507e-05, 1.10816608867e-05, 1.31242713906e-05, 1.26350541905e-05, 1.30664466269e-05, 1.39056073749e-05, 2.02706942218e-05, 1.51575477503e-05, 2.00799386221e-05, 2.17313427129e-05, 2.13424500544e-05, 1.53439668793e-05, 1.35022137329e-05, 1.58268594532e-05, 1.5879088096e-05, 1.35912459882e-05, 1.21537650557e-05, 1.18567313621e-05, 1.7295285943e-05, 1.52884585987e-05, 1.52065040311e-05, 1.72322615981e-05, 1.46176871567e-05, 7.62611671234e-06, 5.46598084838e-06, 3.90384366256e-06, 3.68968699149e-06, 3.3266239825e-06, 2.50452421824e-06, 2.05172659662e-06, 1.26574502701e-06, 9.87157591226e-07, 9.34622278237e-07, 1.11929853119e-06, 7.39168285691e-07, 6.62692286824e-07, 8.68660379183e-07, 1.52764619088e-06, 2.19907042265e-06, 1.75761283572e-06, 9.76367914518e-07, 9.86733539321e-07, 6.46911189506e-07, 5.09324763698e-07, 4.66181603542e-07, 3.3113428799e-07, 6.42820410235e-08, 1.41541418586e-08, 4.24913750019e-11, 1.50792225928e-10, 8.40582672912e-11, 3.59264493155e-11, 9.63484153571e-12, 9.51802092003e-12, 9.50600275579e-12, 9.47586193539e-12, 9.40651896653e-12, 9.33483238624e-12, 9.3037270596e-12]
    },
    "mfcc": {
        "mean": [-865.195068359, 69.7042541504, -7.43345212936, 9.5713968277, -2.751111269, 3.93252444267, -4.00702238083, 1.10079371929, -0.537846267223, 1.7206094265, 0.0253393072635, -1.65538764, -1.39869999886],
        "cov": [[99239.3046875, 16747.6328125, -1015.24926758, 2373.35449219, -628.398803711, 1060.24206543, -825.422668457, 361.690612793, -134.685897827, 465.394836426, 115.603279114, -378.115234375, -309.964996338], [16747.6328125, 3486.83422852, -55.9215888977, 510.647277832, 3.18603014946, 141.751068115, -144.927047729, 16.1863327026, -115.56048584, 21.6417751312, 3.31764292717, -94.0497665405, -25.614074707], [-1015.24926758, -55.9215888977, 713.270507812, 156.406585693, 150.631256104, 53.546710968, 23.8503665924, -1.55974400043, -33.4711112976, -39.2512435913, 10.7883996964, 9.38844871521, 31.9040031433], [2373.35449219, 510.647277832, 156.406585693, 221.321517944, 75.3602905273, 52.196937561, -14.463303566, -2.15929079056, -21.2621097565, -7.14978504181, 0.561034798622, -6.96433019638, 5.42159795761], [-628.398803711, 3.18603014946, 150.631256104, 75.3602905273, 178.681930542, 44.8321266174, 43.3339271545, -16.5001735687, -4.51760196686, -8.24665641785, -3.60374951363, -19.8434410095, 1.31187105179], [1060.24206543, 141.751068115, 53.546710968, 52.196937561, 44.8321266174, 98.8996200562, 29.7706184387, 6.92519283295, 7.35245895386, 17.8172454834, 11.7289743423, -6.81658554077, -10.3786535263], [-825.422668457, -144.927047729, 23.8503665924, -14.463303566, 43.3339271545, 29.7706184387, 97.4906082153, 12.0834627151, 9.96691608429, 3.71674966812, 14.3000640869, 5.78639888763, 4.32214975357], [361.690612793, 16.1863327026, -1.55974400043, -2.15929079056, -16.5001735687, 6.92519283295, 12.0834627151, 70.2734832764, 29.7553348541, 17.5837440491, 13.5451583862, 3.13901686668, -1.02957510948], [-134.685897827, -115.56048584, -33.4711112976, -21.2621097565, -4.51760196686, 7.35245895386, 9.96691608429, 29.7553348541, 66.5876541138, 25.3255405426, 8.84886837006, 5.67597293854, -6.45740461349], [465.394836426, 21.6417751312, -39.2512435913, -7.14978504181, -8.24665641785, 17.8172454834, 3.71674966812, 17.5837440491, 25.3255405426, 55.9269180298, 13.7141742706, 4.04686737061, 0.633156657219], [115.603279114, 3.31764292717, 10.7883996964, 0.561034798622, -3.60374951363, 11.7289743423, 14.3000640869, 13.5451583862, 8.84886837006, 13.7141742706, 45.0774497986, 18.1379356384, 3.21775770187], [-378.115234375, -94.0497665405, 9.38844871521, -6.96433019638, -19.8434410095, -6.81658554077, 5.78639888763, 3.13901686668, 5.67597293854, 4.04686737061, 18.1379356384, 47.7836074829, 21.126247406], [-309.964996338, -25.614074707, 31.9040031433, 5.42159795761, 1.31187105179, -10.3786535263, 4.32214975357, -1.02957510948, -6.45740461349, 0.633156657219, 3.21775770187, 21.126247406, 43.9989051819]],
        "icov": [[9.72553971224e-05, -0.000427783146733, 3.73047005269e-05, -0.000148303457536, 0.000437338923803, -0.000531361729372, 0.000161415809998, -7.1750189818e-05, -0.00036351478775, -0.000242819369305, 8.26486575534e-05, -9.30150854401e-05, 0.000260183296632], [-0.000427783146733, 0.00252436986193, 0.000199385176529, -0.000946022511926, -0.00146655191202, 0.00181580532808, -0.000137763607199, -0.000125931706862, 0.00262767402455, 0.000798340537585, -0.000980347511359, 0.0017244159244, -0.00147159909829], [3.73047005269e-05, 0.000199385176529, 0.00228993152268, -0.0016725162277, -0.00103944097646, -0.00104369083419, 0.000750630744733, -0.00108852016274, 0.00097080267733, 0.00126026698854, -0.000862848130055, 3.94988965127e-05, -0.00122141011525], [-0.000148303457536, -0.000946022511926, -0.0016725162277, 0.0113558955491, -0.00428925314918, -0.00147953687701, 0.00182257906999, -0.000425532751251, 9.43482882576e-05, 0.00164129969198, 0.00128266506363, -0.00362947257236, -0.000553010788281], [0.000437338923803, -0.00146655191202, -0.00103944097646, -0.00428925314918, 0.0124841667712, -0.00382037833333, -0.00359731377102, 0.00324253831059, -0.00337938428856, -0.000986962695606, 0.000163499847986, 0.00568491686136, -0.00055804400472], [-0.000531361729372, 0.00181580532808, -0.00104369083419, -0.00147953687701, -0.00382037833333, 0.0192691329867, -0.00601213704795, 0.00142887083348, 0.00105859409086, -0.00407883524895, -0.00173725548666, 0.00040640309453, 0.00368201429956], [0.000161415809998, -0.000137763607199, 0.000750630744733, 0.00182257906999, -0.00359731377102, -0.00601213704795, 0.0159197393805, -0.00365344714373, 0.000425904785516, 0.00166403863113, -0.00333467591554, -0.000995581503958, -0.0019117022166], [-7.1750189818e-05, -0.000125931706862, -0.00108852016274, -0.000425532751251, 0.00324253831059, 0.00142887083348, -0.00365344714373, 0.0205526929349, -0.00887608528137, -0.00168452528305, -0.00355085660703, 0.00302180671133, -0.00112654501572], [-0.00036351478775, 0.00262767402455, 0.00097080267733, 9.43482882576e-05, -0.00337938428856, 0.00105859409086, 0.000425904785516, -0.00887608528137, 0.0261866245419, -0.00716835074127, 0.000432414381066, -0.00288584874943, 0.00365457544103], [-0.000242819369305, 0.000798340537585, 0.00126026698854, 0.00164129969198, -0.000986962695606, -0.00407883524895, 0.00166403863113, -0.00168452528305, -0.00716835074127, 0.0268835388124, -0.00588245643303, 0.00172498147003, -0.0053344941698], [8.26486575534e-05, -0.000980347511359, -0.000862848130055, 0.00128266506363, 0.000163499847986, -0.00173725548666, -0.00333467591554, -0.00355085660703, 0.000432414381066, -0.00588245643303, 0.0319496355951, -0.0143602294847, 0.00501563167199], [-9.30150854401e-05, 0.0017244159244, 3.94988965127e-05, -0.00362947257236, 0.00568491686136, 0.00040640309453, -0.000995581503958, 0.00302180671133, -0.00288584874943, 0.00172498147003, -0.0143602294847, 0.0385803282261, -0.0170605964959], [0.000260183296632, -0.00147159909829, -0.00122141011525, -0.000553010788281, -0.00055804400472, 0.00368201429956, -0.0019117022166, -0.00112654501572, 0.00365457544103, -0.0053344941698, 0.00501563167199, -0.0170605964959, 0.0341425165534]]
    },
    "spectral_contrast_coeffs": {
        "max": [-0.45978730917, -0.471984446049, -0.545484602451, -0.621389627457, -0.621046364307, -0.575434625149],
        "mean": [-0.800396561623, -0.825683951378, -0.824319839478, -0.8412078619, -0.848377764225, -0.825334608555],
        "min": [-0.981436908245, -0.983891606331, -0.987367987633, -0.988064408302, -0.986641168594, -0.965848624706],
        "stdev": [0.13980306685, 0.121807202697, 0.119144149125, 0.103947691619, 0.0918838530779, 0.107815012336]
    },
    "spectral_contrast_valleys": {
        "max": [-5.21949625015, -4.70009994507, -5.54325389862, -5.83811616898, -5.72646474838, -7.71477890015],
        "mean": [-14.4392976761, -14.168337822, -14.672873497, -14.7197828293, -14.7470207214, -16.4166278839],
        "min": [-28.2708396912, -28.2578620911, -27.9305515289, -27.7278499603, -27.6212730408, -27.4493122101],
        "stdev": [9.79225540161, 9.97313976288, 9.6156129837, 9.5611782074, 9.56414699554, 8.30719852448]
    }
},
"rhythm": {
    "beats_count": 56,
    "beats_loudness": {
        "max": 0.0742273628712,
        "mean": 0.020192084834,
        "min": 0,
        "stdev": 0.0241241399199
    },
    "bpm": 139.674804688,
    "bpm_histogram_first_peak_bpm": 140,
    "bpm_histogram_first_peak_weight": 0,
    "bpm_histogram_second_peak_bpm": 117,
    "bpm_histogram_second_peak_spread": 0.4375,
    "bpm_histogram_second_peak_weight": 0.163636356592,
    "danceability": 0.745576262474,
    "onset_rate": 1.86292350292,
    "beats_loudness_band_ratio": {
        "max": [0.662756681442, 0.699737548828, 0.657774686813, 0.379363179207, 0.421913266182, 0.426519602537],
        "mean": [0.183290079236, 0.131442651153, 0.135895058513, 0.0801223143935, 0.0661061629653, 0.0457790568471],
        "min": [0, 0, 0, 0, 0, 0],
        "stdev": [0.219000667334, 0.173503696918, 0.164608031511, 0.0950766429305, 0.0976146534085, 0.0741426721215]
    },
    "beats_position": [0.53405892849, 1.06811785698, 1.6137868166, 2.15945577621, 2.70512461662, 3.26240348816, 3.80807256699, 4.31891155243, 4.82975053787, 5.36380958557, 5.87464857101, 6.38548755646, 6.88471651077, 7.40716552734, 7.91800451279, 8.4172334671, 8.91646194458, 9.42730140686, 9.93814086914, 10.4489793777, 10.95981884, 11.4590473175, 11.9814968109, 12.5039453506, 13.0380039215, 13.5836734772, 14.1293420792, 14.6750106812, 15.1394100189, 15.6038093567, 16.0798187256, 16.4513378143, 16.8112468719, 17.1711559296, 17.5426750183, 17.9374141693, 18.3321533203, 18.7268924713, 19.1216316223, 19.5512008667, 19.9807701111, 20.4103393555, 20.8747386932, 21.339138031, 21.8035373688, 22.2911567688, 22.7787742615, 23.2547836304, 23.7307929993, 24.1603622437, 24.589931488, 25.0195007324, 25.4490699768, 25.8786392212, 26.3082084656, 26.73777771],
