{
"metadata": {
    "version": {
        "essentia": "2.1-beta5",
        "essentia_git_sha": "Undefined",
        "extractor": "music 2.0"
    },
    "audio_properties": {
        "analysis": {
            "equal_loudness": 0,
            "length": 35.9909286499,
            "sample_rate": 44100,
            "start_time": 93.9943771362,
            "downmix": "mix"
        },
        "bit_rate": 192000,
        "length": 183.08934021,
        "lossless": 0,
        "number_channels": 2,
        "replay_gain": 0.372591018677,
        "sample_rate": 44100,
        "codec": "mp3",
        "md5_encoded": "260141f16e5b59d9dc3afedb43bfce00"
    },
    "tags": {
        "file_name": "Poland_To Takie Proste_Sixteen.mp3",
        "encoding": ["Lavf58.29.100"]
    }
},
"lowlevel": {
    "average_loudness": 0.977378726006,
    "barkbands_crest": {
        "max": 21.3209152222,
        "mean": 7.80821037292,
        "min": 2.70740365982,
        "stdev": 3.20979595184
    },
    "barkbands_flatness_db": {
        "max": 0.196310892701,
        "mean": 0.0974678993225,
        "min": 0.04236568138,
        "stdev": 0.0238612815738
    },
    "barkbands_kurtosis": {
        "max": 16.0136852264,
        "mean": 0.417072027922,
        "min": -1.79790079594,
        "stdev": 1.75647449493
    },
    "barkbands_skewness": {
        "max": 4.0040435791,
        "mean": 0.844358384609,
        "min": -1.16502916813,
        "stdev": 0.618995368481
    },
    "barkbands_spread": {
        "max": 83.6600723267,
        "mean": 31.2742538452,
        "min": 6.53781032562,
        "stdev": 11.1350727081
    },
    "dissonance": {
        "max": 0.499999940395,
        "mean": 0.469753295183,
        "min": 0.373026669025,
        "stdev": 0.0197986606508
    },
    "dynamic_complexity": 1.52255952358,
    "erbbands_crest": {
        "max": 26.6558151245,
        "mean": 8.57084178925,
        "min": 2.73985481262,
        "stdev": 4.03906726837
    },
    "erbbands_flatness_db": {
        "max": 0.251038461924,
        "mean": 0.1467230618,
        "min": 0.0820177122951,
        "stdev": 0.0285339038819
    },
    "erbbands_kurtosis": {
        "max": 12.5537557602,
        "mean": -0.204487919807,
        "min": -1.58174979687,
        "stdev": 1.22159123421
    },
    "erbbands_skewness": {
        "max": 2.74847579002,
        "mean": 0.191575974226,
        "min": -1.71170389652,
        "stdev": 0.51269286871
    },
    "erbbands_spread": {
        "max": 100.70677948,
        "mean": 41.4351158142,
        "min": 7.5101108551,
        "stdev": 14.4387674332
    },
    "hfc": {
        "max": 134.972747803,
        "mean": 33.7996139526,
        "min": 3.77511835098,
        "stdev": 18.5972919464
    },
    "loudness_ebu128": {
        "integrated": -23.6187572479,
        "loudness_range": 2.42673301697,
        "momentary": {
            "max": -21.5975437164,
            "mean": -23.8247871399,
            "min": -27.9966335297,
            "stdev": 1.39275872707
        },
        "short_term": {
            "max": -22.295835495,
            "mean": -23.764087677,
            "min": -25.686164856,
            "stdev": 0.96500736475
        }
    },
    "melbands_crest": {
        "max": 27.3896808624,
        "mean": 11.0702114105,
        "min": 3.98565912247,
        "stdev": 4.16360569
    },
    "melbands_flatness_db": {
        "max": 0.266756892204,
        "mean": 0.134238362312,
        "min": 0.0416280403733,
        "stdev": 0.0373095721006
    },
    "melbands_kurtosis": {
        "max": 79.7116928101,
        "mean": 5.23235321045,
        "min": -1.55693566799,
        "stdev": 5.6094865799
    },
    "melbands_skewness": {
        "max": 7.99097204208,
        "mean": 1.85005831718,
        "min": -0.492137551308,
        "stdev": 0.926967680454
    },
    "melbands_spread": {
        "max": 120.566963196,
        "mean": 36.1994132996,
        "min": 6.2495508194,
        "stdev": 14.8315849304
    },
    "pitch_salience": {
        "max": 0.779679059982,
        "mean": 0.555648088455,
        "min": 0.253184437752,
        "stdev": 0.0807306468487
    },
    "silence_rate_20dB": {
        "max": 1,
        "mean": 1,
        "min": 1,
        "stdev": 0
    },
    "silence_rate_30dB": {
        "max": 1,
        "mean": 1,
        "min": 1,
        "stdev": 0
    },
    "silence_rate_60dB": {
        "max": 0,
        "mean": 0,
        "min": 0,
        "stdev": 0
    },
    "spectral_centroid": {
        "max": 3545.02514648,
        "mean": 1844.56896973,
        "min": 581.853637695,
        "stdev": 509.087158203
    },
    "spectral_complexity": {
        "max": 53,
        "mean": 25.9690513611,
        "min": 8,
        "stdev": 7.48497915268
    },
    "spectral_decrease": {
        "max": -1.05041197962e-09,
        "mean": -6.58897025829e-09,
        "min": -2.15184510211e-08,
        "stdev": 2.71772582217e-09
    },
    "spectral_energy": {
        "max": 0.0867649167776,
        "mean": 0.0279340595007,
        "min": 0.00430691475049,
        "stdev": 0.0114433942363
    },
    "spectral_energyband_high": {
        "max": 0.0134297674522,
        "mean": 0.00216619321145,
        "min": 5.93862932874e-05,
        "stdev": 0.00181298539974
    },
    "spectral_energyband_low": {
        "max": 0.032060354948,
        "mean": 0.00554484734312,
        "min": 8.81241139723e-05,
        "stdev": 0.00390554638579
    },
    "spectral_energyband_middle_high": {
        "max": 0.0524667426944,
        "mean": 0.00908237416297,
        "min": 0.000469192105811,
        "stdev": 0.00699563184753
    },
    "spectral_energyband_middle_low": {
        "max": 0.0628743991256,
        "mean": 0.0121758915484,
        "min": 0.00134783505928,
        "stdev": 0.00802431814373
    },
    "spectral_entropy": {
        "max": 8.39957618713,
        "mean": 7.7896938324,
        "min": 6.95645427704,
        "stdev": 0.256416499615
    },
    "spectral_flux": {
        "max": 0.231302648783,
        "mean": 0.084115922451,
        "min": 0.0266505163163,
        "stdev": 0.0331379808486
    },
    "spectral_kurtosis": {
        "max": 10.7517738342,
        "mean": 2.3030693531,
        "min": -0.357963085175,
        "stdev": 1.22025299072
    },
    "spectral_rms": {
        "max": 0.00920047331601,
        "mean": 0.00510732550174,
        "min": 0.00204984587617,
        "stdev": 0.00108070333954
    },
    "spectral_rolloff": {
        "max": 7902.68554688,
        "mean": 2239.40209961,
        "min": 150.732421875,
        "stdev": 1251.19445801
    },
    "spectral_skewness": {
        "max": 2.30454468727,
        "mean": 1.13251376152,
        "min": 0.173094913363,
        "stdev": 0.237222969532
    },
    "spectral_spread": {
        "max": 9664370,
        "mean": 4941989.5,
        "min": 2774162,
        "stdev": 1014866
    },
    "spectral_strongpeak": {
        "max": 9.82735061646,
        "mean": 1.72024095058,
        "min": 0.0343550518155,
        "stdev": 1.73748505116
    },
    "zerocrossingrate": {
        "max": 0.18994140625,
        "mean": 0.0819270461798,
        "min": 0.0263671875,
        "stdev": 0.0266315434128
    },
    "barkbands": {
        "max": [0.000525206618477, 0.0146866766736, 0.0242445804179, 0.0122216362506, 0.0346376150846, 0.0440720878541, 0.036492317915, 0.01649052836, 0.0512158684433, 0.0494004637003, 0.0129738021642, 0.0219980720431, 0.0155378328636, 0.0177400000393, 0.0192128047347, 0.0106156151742, 0.0121212648228, 0.00559819303453, 0.0080846901983, 0.00669547449797, 0.00527576543391, 0.00438967859372, 0.0040530259721, 0.00982221309096, 0.00111458962783, 0.000283048138954, 1.26618278955e-05],
        "mean": [6.0165704781e-05, 0.00204401672818, 0.00278873275965, 0.00112933653872, 0.00266563124023, 0.00277400622144, 0.00167708296794, 0.000934007577598, 0.00227280659601, 0.00191993394401, 0.0008072280325, 0.000849838426802, 0.00127384229563, 0.0010864851065, 0.00114097772166, 0.000482178409584, 0.000533436657861, 0.000388227315852, 0.000684750790242, 0.000636773067527, 0.000751004554331, 0.000342589366483, 0.000257241073996, 0.000288818293484, 0.000127935403725, 1.69228842424e-05, 8.78453718656e-08],
        "min": [2.50828833259e-07, 6.95018479746e-06, 6.99656902725e-06, 9.04671833268e-06, 2.97786136798e-05, 3.05841058434e-05, 1.25906299218e-05, 1.15727161756e-05, 1.95481734409e-05, 5.03921728523e-06, 1.51722033479e-05, 1.17175841297e-05, 2.11020542338e-05, 1.57283029694e-05, 8.57885061123e-06, 4.47417505711e-06, 9.31223530642e-06, 8.62916022015e-06, 1.16145511129e-05, 3.21366169374e-05, 1.76541325345e-05, 5.88689226788e-06, 2.67682639787e-06, 2.74803960565e-06, 1.12551322218e-06, 2.70954330972e-07, 2.27727739444e-10],
        "stdev": [6.67697458994e-05, 0.00173768750392, 0.00289676175453, 0.00129000877496, 0.00360186281614, 0.00467817531899, 0.00253852060996, 0.00123287038878, 0.00375619973056, 0.00437917001545, 0.00124227302149, 0.0017408701824, 0.00225893617608, 0.00234786816873, 0.00179393449798, 0.000687203602865, 0.000802767754067, 0.000573572237045, 0.000765471137129, 0.000616274715867, 0.000694572925568, 0.000383125938242, 0.000325822940795, 0.000448756647529, 0.000151434287545, 2.38515840465e-05, 3.30085896394e-07]
    },
    "erbbands": {
        "max": [0.254284203053, 3.78170824051, 22.8769054413, 39.3432121277, 47.9405517578, 192.015441895, 310.361846924, 566.273864746, 304.352630615, 513.692565918, 460.089874268, 1081.2956543, 1252.83081055, 1330.95361328, 474.22744751, 1085.07495117, 654.559509277, 853.009460449, 820.705322266, 693.105834961, 762.063537598, 435.255249023, 367.891693115, 415.146728516, 472.621307373, 282.950927734, 295.280792236, 166.904953003, 168.792480469, 129.323562622, 121.571655273, 346.559692383, 46.2270355225, 16.9960746765, 10.8280553818, 2.7640838623, 0.299449175596, 0.0114766452461, 0.00184532499406, 0.000198065084987],
        "mean": [0.0364779792726, 0.565788388252, 2.76766371727, 3.94608664513, 4.53212308884, 11.4701595306, 15.0671615601, 25.2035179138, 22.3241863251, 26.4488487244, 23.9530334473, 48.6373138428, 58.077796936, 49.7687950134, 32.3203048706, 38.8859138489, 57.6024551392, 65.1799926758, 55.6468009949, 40.8444595337, 30.5438899994, 28.3131370544, 23.5571556091, 30.3494300842, 31.738483429, 30.088602066, 35.1986885071, 22.6175746918, 11.9713582993, 10.4319887161, 7.02146720886, 6.33330202103, 4.32474470139, 1.91461789608, 0.698365211487, 0.142226845026, 0.0214638579637, 0.00110959960148, 5.68893301534e-05, 4.05183745897e-05],
        "min": [0.000231787591474, 0.00253939838149, 0.0161750651896, 0.105976313353, 0.108625091612, 0.0962574332952, 0.216288432479, 0.439071714878, 0.356706887484, 0.52145409584, 0.640422046185, 0.947753846645, 0.7820738554, 0.86223000288, 1.10796368122, 0.679426193237, 1.17726182938, 1.24670851231, 1.17598116398, 0.815481007099, 0.643736481667, 0.700439214706, 0.548187673092, 0.665527582169, 0.897295057774, 1.19810819626, 0.967417299747, 0.376159340143, 0.232658952475, 0.0884774923325, 0.074030071497, 0.0740247443318, 0.0330050066113, 0.0115233976394, 0.00714082969353, 0.00153568503447, 0.000452338776086, 9.65197614278e-05, 6.32310457149e-06, 5.44068825548e-06],
        "stdev": [0.029312800616, 0.475056409836, 2.67911720276, 3.70599913597, 5.40827941895, 18.1427764893, 25.2335338593, 48.9381027222, 29.2219371796, 33.3054046631, 31.6997013092, 79.7437591553, 109.823318481, 113.7109375, 50.5023422241, 81.0962524414, 92.9382705688, 120.305625916, 85.1443557739, 56.3215637207, 42.9183921814, 34.8468856812, 33.8493881226, 36.6919403076, 34.300907135, 27.7891750336, 33.7536659241, 20.8773899078, 13.7059612274, 12.6876106262, 8.82765865326, 13.5587205887, 4.73140239716, 2.23985671997, 0.907423853874, 0.190095305443, 0.0313151143491, 0.0013205014402, 6.31211441942e-05, 1.75751520146e-05]
    },
    "gfcc": {
        "mean": [47.0597801208, 81.0186462402, -133.678314209, 44.9680938721, -74.3237380981, 22.2471027374, -39.8132247925, 10.6886959076, -25.9210643768, 6.71063089371, -15.6455030441, -7.89111804962, -5.91718053818],
        "cov": [[960.979492188, -421.747772217, -73.6893386841, 105.12374115, -132.978103638, 86.85131073, -145.215209961, -48.1443405151, -77.0226516724, 47.4933815002, 58.6151847839, -24.447933197, -25.9016990662], [-421.747772217, 446.655273438, -46.3402481079, -73.8213348389, 119.705909729, -100.972610474, 105.256454468, 6.61740255356, 53.8517189026, -52.5695495605, 29.274679184, -12.3985290527, 22.1189289093], [-73.6893386841, -46.3402481079, 336.737365723, 59.7944564819, -43.7025489807, 47.6412582397, -18.0927734375, 21.8656005859, -3.35660719872, 27.8644886017, -74.7215270996, 42.9276199341, -25.1477050781], [105.12374115, -73.8213348389, 59.7944564819, 144.484344482, 7.75636672974, -4.94637393951, -36.6234130859, -11.1528348923, 10.0041913986, -1.43323302269, -3.31655693054, 7.56096982956, -14.6842765808], [-132.978103638, 119.705909729, -43.7025489807, 7.75636672974, 131.657409668, -4.14658021927, 37.5582771301, 16.3476810455, 17.7030296326, -4.2716383934, 5.08400535583, -18.8600788116, -4.10671424866], [86.85131073, -100.972610474, 47.6412582397, -4.94637393951, -4.14658021927, 153.936889648, 25.4584350586, -25.3640727997, -27.8710212708, 51.2903175354, -9.49017238617, -23.4395256042, -10.1029987335], [-145.215209961, 105.256454468, -18.0927734375, -36.6234130859, 37.5582771301, 25.4584350586, 137.07043457, 36.2697563171, 3.23625540733, -0.0202207155526, -1.14836192131, -14.0529108047, 5.99006223679], [-48.1443405151, 6.61740255356, 21.8656005859, -11.1528348923, 16.3476810455, -25.3640727997, 36.2697563171, 112.463386536, 43.1020927429, -15.2910318375, -19.1971511841, 16.0432910919, 11.8047380447], [-77.0226516724, 53.8517189026, -3.35660719872, 10.0041913986, 17.7030296326, -27.8710212708, 3.23625540733, 43.1020927429, 94.6055450439, 5.06006669998, -7.99382638931, 10.7723989487, 4.71322107315], [47.4933815002, -52.5695495605, 27.8644886017, -1.43323302269, -4.2716383934, 51.2903175354, -0.0202207155526, -15.2910318375, 5.06006669998, 91.2247543335, 13.876452446, -13.256567955, -12.0144023895], [58.6151847839, 29.274679184, -74.7215270996, -3.31655693054, 5.08400535583, -9.49017238617, -1.14836192131, -19.1971511841, -7.99382638931, 13.876452446, 89.6337203979, 2.490203619, 1.46535944939], [-24.447933197, -12.3985290527, 42.9276199341, 7.56096982956, -18.8600788116, -23.4395256042, -14.0529108047, 16.0432910919, 10.7723989487, -13.256567955, 2.490203619, 67.6752700806, 17.1547412872], [-25.9016990662, 22.1189289093, -25.1477050781, -14.6842765808, -4.10671424866, -10.1029987335, 5.99006223679, 11.8047380447, 4.71322107315, -12.0144023895, 1.46535944939, 17.1547412872, 57.7688369751]],
        "icov": [[0.00264127692208, 0.000646015803795, 0.00155781256035, -0.00214836536907, 0.0022228306625, -0.00164933723863, 0.00214458210394, -0.00194936711341, 0.00178390403744, -0.000524395029061, -0.00120174279436, 0.000769859645516, 0.000661766564008], [0.000646015803795, 0.0156370289624, -0.00910934619606, 0.0101233199239, -0.0120144160464, 0.0116658266634, -0.0108576510102, 0.0134977009147, -0.0119383856654, 0.00942431204021, -0.0107372719795, 0.00889150612056, -0.00696997810155], [0.00155781256035, -0.00910934619606, 0.0126917418092, -0.00996952597052, 0.0101980492473, -0.00961684901267, 0.00810394622386, -0.0111583443359, 0.0101299034432, -0.00868502445519, 0.0106813842431, -0.00985812209547, 0.00768378237262], [-0.00214836536907, 0.0101233199239, -0.00996952597052, 0.0177981313318, -0.0120310429484, 0.00966194551438, -0.00738843204454, 0.0124053228647, -0.0115964896977, 0.00844159536064, -0.00771707156673, 0.00583767425269, -0.00442551961169], [0.0022228306625, -0.0120144160464, 0.0101980492473, -0.0120310429484, 0.0214183777571, -0.0110797705129, 0.00855259224772, -0.0136763202026, 0.0101685682312, -0.00786659028381, 0.00745491683483, -0.00462982431054, 0.00719084497541], [-0.00164933723863, 0.0116658266634, -0.00961684901267, 0.00966194551438, -0.0110797705129, 0.0204556509852, -0.012464504689, 0.0136993909255, -0.00835346523672, 0.00268105999567, -0.00610820762813, 0.00852436106652, -0.00679105287418], [0.00214458210394, -0.0108576510102, 0.00810394622386, -0.00738843204454, 0.00855259224772, -0.012464504689, 0.0201870743185, -0.0154159171507, 0.0111221410334, -0.00657714810222, 0.00582141755149, -0.00417491188273, 0.00507038831711], [-0.00194936711341, 0.0134977009147, -0.0111583443359, 0.0124053228647, -0.0136763202026, 0.0136993909255, -0.0154159171507, 0.0278301481158, -0.0179717931896, 0.0105784563348, -0.00725596025586, 0.00590262841433, -0.00831351149827], [0.00178390403744, -0.0119383856654, 0.0101299034432, -0.0115964896977, 0.0101685682312, -0.00835346523672, 0.0111221410334, -0.0179717931896, 0.026022080332, -0.0123143931851, 0.00994603987783, -0.00866709649563, 0.00625132769346], [-0.000524395029061, 0.00942431204021, -0.00868502445519, 0.00844159536064, -0.00786659028381, 0.00268105999567, -0.00657714810222, 0.0105784563348, -0.0123143931851, 0.022567410022, -0.0115254195407, 0.00869333092123, -0.00363957718946], [-0.00120174279436, -0.0107372719795, 0.0106813842431, -0.00771707156673, 0.00745491683483, -0.00610820762813, 0.00582141755149, -0.00725596025586, 0.00994603987783, -0.0115254195407, 0.0244143661112, -0.0117503069341, 0.00626287935302], [0.000769859645516, 0.00889150612056, -0.00985812209547, 0.00583767425269, -0.00462982431054, 0.00852436106652, -0.00417491188273, 0.00590262841433, -0.00866709649563, 0.00869333092123, -0.0117503069341, 0.0279768556356, -0.0109730781987], [0.000661766564008, -0.00696997810155, 0.00768378237262, -0.00442551961169, 0.00719084497541, -0.00679105287418, 0.00507038831711, -0.00831351149827, 0.00625132769346, -0.00363957718946, 0.00626287935302, -0.0109730781987, 0.0248250216246]]
    },
    "melbands": {
        "max": [0.00327801797539, 0.00787014421076, 0.00621544523165, 0.00908077415079, 0.0082756029442, 0.010878440924, 0.00545016676188, 0.00455063860863, 0.00499248877168, 0.00822595600039, 0.00683390116319, 0.00608239136636, 0.00126121542417, 0.00185654859524, 0.00321150943637, 0.00212997430936, 0.00194592319895, 0.00121079804376, 0.00211103120819, 0.000484190968564, 0.00121626351029, 0.000693814770784, 0.000395154609578, 0.000304365617922, 0.000355277734343, 0.000287982431473, 0.00020280071476, 0.000183668031241, 0.000211074962863, 0.000155322821229, 0.000102651210909, 9.58640812314e-05, 7.46730220271e-05, 7.19952004147e-05, 7.42277843528e-05, 0.000162478550919, 0.000179637150723, 2.81041302514e-05, 2.93026096188e-05, 1.68298156495e-05],
        "mean": [0.000456478184788, 0.0012098592706, 0.000684779486619, 0.000571166689042, 0.000536278006621, 0.000542598543689, 0.000359774217941, 0.000273489218671, 0.000224392555538, 0.00032123294659, 0.000291966018267, 0.000207578676054, 9.78268508334e-05, 9.50168468989e-05, 9.41020043683e-05, 0.000150153136929, 0.000118754076539, 8.11721765785e-05, 8.74209799804e-05, 3.62976206816e-05, 3.47629720636e-05, 3.16091136483e-05, 2.21877216973e-05, 1.79525850399e-05, 2.52584031841e-05, 2.52143454418e-05, 1.86307679542e-05, 2.03676972887e-05, 2.18879558815e-05, 2.16874432226e-05, 1.00937877505e-05, 7.07325943949e-06, 5.59001364309e-06, 5.82805751037e-06, 4.20648075306e-06, 3.93102072849e-06, 3.5619098071e-06, 3.05747084894e-06, 2.38340726355e-06, 1.41516511576e-06],
        "min": [2.24162022278e-06, 8.71349311637e-06, 2.01119019039e-05, 7.49715036363e-06, 7.45824172554e-06, 6.50021911497e-06, 4.38959295934e-06, 3.92014635509e-06, 5.03709861732e-06, 3.796737019e-06, 2.24671043725e-06, 2.71238377536e-06, 2.26399129133e-06, 1.21430196032e-06, 1.09018708372e-06, 1.03106367533e-06, 1.84592306596e-06, 1.76408127572e-06, 4.65134974093e-07, 4.70180310685e-07, 4.24687954137e-07, 6.12570318026e-07, 5.88966940995e-07, 4.07007377135e-07, 4.65613226197e-07, 5.11948712756e-07, 4.24898843221e-07, 5.45234058791e-07, 3.28847676201e-07, 4.08939030194e-07, 1.29408405769e-07, 1.00283699567e-07, 5.35515312095e-08, 3.52973188456e-08, 4.57693651867e-08, 3.60848915193e-08, 3.66864476575e-08, 2.37810091619e-08, 1.19318954717e-08, 7.36760163988e-09],
        "stdev": [0.000371054658899, 0.000991736771539, 0.000591658637859, 0.000847690505907, 0.000753860804252, 0.000979314092547, 0.000484104966745, 0.000341531209415, 0.000355598400347, 0.000557459250558, 0.000572487420868, 0.000525795272551, 0.000146384423715, 0.000170211380464, 0.000192747102119, 0.00030024535954, 0.00026484017144, 0.00013877627498, 0.00015829919721, 4.6438890422e-05, 6.27900590189e-05, 4.59763541585e-05, 3.02384341921e-05, 2.72861852864e-05, 3.35776712745e-05, 2.89476320177e-05, 2.05195901799e-05, 1.9756369511e-05, 2.28794560826e-05, 2.06802797038e-05, 1.05545286715e-05, 8.1108237282e-06, 7.33504475647e-06, 7.5726529758e-06, 5.57388057132e-06, 7.06739092493e-06, 7.20486423234e-06, 3.13926261697e-06, 2.89419745059e-06, 1.84742452802e-06]
    },
    "melbands128": {
        "max": [0.000420827942435, 0.00204375316389, 0.00451669329777, 0.00781824719161, 0.0109445527196, 0.0119004454464, 0.00895870383829, 0.00581776490435, 0.0047587971203, 0.0124474670738, 0.0139920525253, 0.0118026249111, 0.0127457389608, 0.0158261712641, 0.0179975405335, 0.0138912480325, 0.00451106159016, 0.00770510919392, 0.0132627543062, 0.00567149743438, 0.00609196675941, 0.00275324098766, 0.00684011075646, 0.0104662412778, 0.00634582759812, 0.0183090232313, 0.0132689867169, 0.0119186351076, 0.0144028384238, 0.0148230446503, 0.00377730699256, 0.00333158834837, 0.00180690502748, 0.003654462751, 0.0017773474101, 0.00357112917118, 0.00604126555845, 0.00693019898608, 0.00228164368309, 0.00209783064201, 0.00400934834033, 0.00250098132528, 0.00330570153892, 0.00445375777781, 0.00254680868238, 0.00272603798658, 0.00277707376517, 0.00442995876074, 0.00133288756479, 0.0008669567178, 0.000954181188717, 0.000645362364594, 0.00106441881508, 0.00229589291848, 0.00264924415387, 0.000709163665306, 0.00060254096752, 0.000458351307316, 0.000830269476864, 0.000948753557168, 0.000622859923169, 0.000397705385694, 0.000575088954065, 0.000600030820351, 0.000377963238861, 0.000317247177009, 0.000813812832348, 0.000465045915917, 0.000240122841205, 0.000344432104612, 0.000156859765411, 0.000430611573393, 0.00032922643004, 0.000368171517039, 0.000284417357761, 0.00024379901879, 0.000271180993877, 0.000150382766151, 0.000156362177222, 0.000167037884239, 9.00174782146e-05, 0.000142851014971, 0.000122880708659, 9.25409694901e-05, 0.000102249519841, 0.000109759930638, 9.3723727332e-05, 0.000132616318297, 8.17983382149e-05, 7.56331937737e-05, 7.87556491559e-05, 5.96658974246e-05, 0.000801181071438, 4.65526245534e-05, 5.29662429472e-05, 3.07945665554e-05, 3.87471009162e-05, 5.2612136642e-05, 2.92019285553e-05, 2.38145803451e-05, 3.30971306539e-05, 2.69464926532e-05, 1.92301540665e-05, 2.25489056902e-05, 2.12906525121e-05, 1.61318384926e-05, 5.91957132201e-06, 8.48078889248e-06, 4.51206869911e-06, 2.55787244896e-06, 2.11309588849e-06, 1.85999931546e-06, 1.07863820631e-06, 6.85816530677e-07, 1.61750335792e-07, 7.75572672751e-08, 7.71218182649e-08, 6.28208809417e-08, 5.78469041557e-08, 5.51038681351e-08, 5.28097601205e-08, 5.08944602018e-08, 4.92220983972e-08, 4.79448516444e-08, 4.6979007351e-08, 4.59991902346e-08, 4.55387763054e-08, 4.52509922866e-08],
        "mean": [5.10521895194e-05, 0.000196458160644, 0.000598110200372, 0.00100252928678, 0.00136175332591, 0.0013643814018, 0.000834981910884, 0.000508953584358, 0.000355814408977, 0.000612656178419, 0.000715671863873, 0.000488395744469, 0.000469848193461, 0.000600045430474, 0.000673256698065, 0.000462117313873, 0.000261174456682, 0.000376885553123, 0.000464402197395, 0.000244886236032, 0.000263523543254, 8.08227996458e-05, 0.00023046656861, 0.000364230043488, 0.000243534464971, 0.000408550782595, 0.000258157670032, 0.000329845468514, 0.000224385337788, 0.000285941292532, 0.000180388946319, 0.000104997263406, 5.27303927811e-05, 0.000159195347806, 6.10029092059e-05, 8.33315716591e-05, 0.000130498214276, 9.7215124697e-05, 6.96498827892e-05, 0.000121685261547, 0.000242727663135, 4.28946514148e-05, 0.000123457371956, 0.000178665111889, 4.63331380161e-05, 7.53865097067e-05, 9.61163532338e-05, 0.000117665025755, 6.77160860505e-05, 2.4682676667e-05, 3.74606061087e-05, 4.54884466308e-05, 3.0308496207e-05, 3.13692653435e-05, 4.1329250962e-05, 3.12557458528e-05, 2.54272326856e-05, 1.97683020815e-05, 2.06201348192e-05, 2.79376217804e-05, 1.39810881592e-05, 1.20443055494e-05, 2.81966767943e-05, 2.99117491522e-05, 2.05569613172e-05, 2.60689121205e-05, 2.91843807645e-05, 1.68174447026e-05, 1.63865570357e-05, 2.0176425096e-05, 1.70213643287e-05, 2.43398171733e-05, 2.29724846577e-05, 2.09580921364e-05, 1.99473579414e-05, 2.63230231212e-05, 2.18736549868e-05, 1.0233185094e-05, 9.25728727452e-06, 8.67064773047e-06, 7.86289092503e-06, 6.09352036918e-06, 5.42048837815e-06, 4.81836923427e-06, 6.93552419762e-06, 5.61116394238e-06, 5.47148056285e-06, 6.13663178228e-06, 3.95306642531e-06, 3.00342617265e-06, 3.3560600059e-06, 3.44914906236e-06, 6.54021550872e-06, 2.47095113082e-06, 3.37580536325e-06, 2.37092899624e-06, 3.04612626678e-06, 3.89932802136e-06, 2.2958088266e-06, 1.84795374025e-06, 1.46164836679e-06, 1.39200221838e-06, 1.25298834064e-06, 9.27509063331e-07, 9.32873660986e-07, 4.8691720167e-07, 3.88127887163e-07, 3.0287020536e-07, 1.99884752305e-07, 1.54399216967e-07, 1.14965196474e-07, 8.02402624345e-08, 5.8649433754e-08, 3.01774853995e-08, 1.21607826031e-08, 3.87935861212e-09, 2.88859514086e-09, 5.03239429295e-11, 4.31377676635e-11, 4.12764128432e-11, 3.97101067307e-11, 3.83872204857e-11, 3.71917739661e-11, 3.62437996282e-11, 3.55720591871e-11, 3.48943547668e-11, 3.4574884622e-11, 3.43523716417e-11],
        "min": [2.79216560983e-09, 5.06890444285e-07, 5.29318413101e-07, 2.4472815312e-06, 5.91544221606e-06, 4.36324626207e-06, 4.18330364482e-06, 4.64283039037e-06, 2.29386159845e-06, 2.37578251472e-06, 1.21245579976e-06, 8.81815367393e-07, 4.41916199634e-07, 8.55147732182e-07, 1.9814915504e-06, 8.24680228106e-07, 1.2684831745e-06, 1.20128845538e-06, 7.43990312913e-07, 1.34454296585e-06, 1.4923342917e-07, 1.89414748775e-07, 2.01874399863e-07, 3.90408303019e-07, 1.70861994775e-06, 7.87061424035e-07, 5.64768583899e-07, 1.09381275593e-07, 4.18215904574e-07, 1.17213033946e-07, 2.62501373527e-07, 2.45533584575e-07, 2.40110551886e-07, 3.25591884121e-07, 1.92350199768e-07, 3.39643207781e-07, 5.58155250019e-07, 3.85113423818e-07, 8.77907098129e-08, 4.50756999726e-07, 5.02838133798e-07, 1.45417089925e-07, 1.67243115357e-07, 5.08100754359e-07, 2.73100511095e-07, 1.8476110597e-07, 2.79611185761e-07, 2.47613144211e-07, 3.60581736913e-07, 1.62527470593e-07, 1.35226116527e-07, 3.12191900775e-07, 2.54493585317e-07, 2.07761502224e-07, 2.16579962853e-07, 4.3592629595e-07, 3.82382665975e-07, 7.85233638112e-08, 1.88027726722e-07, 1.83422741884e-07, 1.8616486841e-07, 2.214338366e-07, 2.51659088235e-07, 2.13849460806e-07, 2.16766494532e-07, 2.31664429862e-07, 2.02929186344e-07, 1.59357497864e-07, 1.9434207843e-07, 3.48743554923e-07, 3.35733204793e-07, 3.65130517821e-07, 3.77509081773e-07, 2.16793608843e-07, 2.78029460787e-07, 1.35178268579e-07, 1.93133857351e-07, 1.21835711298e-07, 6.73943105767e-08, 7.92586689613e-08, 4.66359679763e-08, 6.40177830746e-08, 6.5330794996e-08, 3.52807454362e-08, 3.38027490443e-08, 3.11656513929e-08, 2.43093012386e-08, 3.76814526248e-08, 3.76988360529e-08, 1.71919189995e-08, 1.95319191931e-08, 3.69559529645e-08, 1.44896814547e-08, 2.58510635121e-08, 3.08341903121e-08, 1.44456988593e-08, 1.60790776249e-08, 9.66112168044e-09, 9.53480938648e-09, 9.08218744655e-09, 5.64758551036e-09, 7.0784160755e-09, 3.15867176859e-09, 4.21906332093e-09, 4.71456740314e-09, 2.3341051314e-09, 3.28187610421e-09, 2.26577734352e-09, 1.51111712032e-09, 1.70014957668e-09, 1.71201586241e-09, 1.24983989824e-09, 5.83013859412e-10, 6.37609742782e-10, 3.98856225825e-10, 1.02001922533e-11, 9.80901883156e-13, 6.39816053871e-13, 5.06568528444e-13, 4.93181450539e-13, 3.88587708018e-13, 4.87818769754e-13, 3.52416419614e-13, 4.12755767065e-13, 4.0763039103e-13, 5.24803507942e-13, 5.35350518256e-13, 5.77729433304e-13],
        "stdev": [5.88235925534e-05, 0.000198468915187, 0.000575052399654, 0.000955378636718, 0.00134466600139, 0.00142945733387, 0.000868304749019, 0.00063305022195, 0.00049538188614, 0.00116474705283, 0.00130566442385, 0.000845834962092, 0.001017587143, 0.00136218918487, 0.00157517695334, 0.00104972242843, 0.000417741015553, 0.00076315185288, 0.00087106769206, 0.000364151143003, 0.000466283439891, 0.00015541081666, 0.000441007810878, 0.000808110402431, 0.00053593312623, 0.00107076205313, 0.000750986218918, 0.000842967070639, 0.000830227159895, 0.00110818701796, 0.000382981903385, 0.000251444493188, 0.000111996603664, 0.000364546751371, 0.000162726646522, 0.000242221998633, 0.000419027433963, 0.000311551324558, 0.00018524225743, 0.000259111897321, 0.000551628298126, 0.000155218382133, 0.000359698402463, 0.00046474559349, 0.000145042213262, 0.000199392103241, 0.000249459786573, 0.000303424312733, 0.000131053777295, 5.68772957195e-05, 7.48795355321e-05, 7.28464656277e-05, 7.41131589166e-05, 0.000107813837531, 0.000128055689856, 5.02567927469e-05, 4.47794627689e-05, 3.60525118595e-05, 4.54601577076e-05, 5.92441429035e-05, 3.66733293049e-05, 2.51870387729e-05, 4.38849529019e-05, 5.57241728529e-05, 3.98268930439e-05, 3.7150868593e-05, 4.56583329651e-05, 2.94020901492e-05, 2.44777584157e-05, 2.65121707343e-05, 2.02619339689e-05, 3.42637467838e-05, 3.21896477544e-05, 2.98246632155e-05, 2.91625601676e-05, 3.1041145121e-05, 2.56256971625e-05, 1.40601905514e-05, 1.19204078146e-05, 1.14706690511e-05, 1.01688565337e-05, 8.57208578964e-06, 8.6235395429e-06, 7.72939165472e-06, 9.23572952161e-06, 7.80414575274e-06, 8.55260532262e-06, 1.14420327009e-05, 6.12442136116e-06, 4.59720467916e-06, 4.57658461528e-06, 4.49172512162e-06, 2.82629607682e-05, 3.41832628692e-06, 4.1470607357e-06, 2.68789381153e-06, 3.26062422573e-06, 5.7971624301e-06, 3.04950231111e-06, 2.37748054133e-06, 2.12174018088e-06, 2.17778779188e-06, 1.89264721939e-06, 1.49725099163e-06, 1.52179620727e-06, 7.53321614866e-07, 5.03717330957e-07, 5.67025381315e-07, 2.91309731892e-07, 2.23732499194e-07, 1.75026059424e-07, 1.34236785243e-07, 1.09674800797e-07, 5.18331120247e-08, 1.77605201657e-08, 3.52447160346e-09, 3.44230310922e-09, 1.59458291016e-09, 1.46840228865e-09, 1.39878753025e-09, 1.3405722088e-09, 1.29194965837e-09, 1.24950483293e-09, 1.21709398115e-09, 1.19256771125e-09, 1.16767628899e-09, 1.15599829709e-09, 1.14869602719e-09]
    },
    "mfcc": {
        "mean": [-584.048339844, 96.5994491577, 0.619097650051, 20.2985267639, -4.81311416626, 5.73177194595, 1.3198196888, -4.0821685791, 2.15943145752, 5.79385566711, -3.91534543037, 1.26463937759, -4.89718532562],
        "cov": [[1137.52990723, -535.554931641, -17.6327171326, -50.8162918091, 31.9835758209, 6.45402288437, -18.7852344513, -108.325752258, -129.951065063, 0.835554897785, -6.52146863937, -52.3002738953, 30.2420711517], [-535.554931641, 507.188232422, -115.782730103, 33.3443832397, -22.9953861237, -46.0074081421, 33.0224990845, 52.0613975525, 39.3994598389, 22.3444824219, 0.349519431591, 21.8905792236, -11.2184410095], [-17.6327171326, -115.782730103, 320.041290283, 0.881523430347, -5.54670858383, 61.261138916, -37.4301071167, 5.46654653549, 15.606174469, -33.0666275024, 6.92197942734, 14.1142883301, 0.921980082989], [-50.8162918091, 33.3443832397, 0.881523430347, 147.965301514, 34.1950759888, -36.0070381165, -30.6957035065, 29.8630142212, 0.231737360358, -13.071521759, 0.867336034775, 10.3909454346, -3.37036013603], [31.9835758209, -22.9953861237, -5.54670858383, 34.1950759888, 101.467247009, 0.350981414318, -27.0586357117, 0.477563232183, -5.26453399658, 1.45305931568, 6.14460611343, -1.99340975285, 1.38639259338], [6.45402288437, -46.0074081421, 61.261138916, -36.0070381165, 0.350981414318, 149.294784546, 42.3115081787, -41.1525344849, -2.38585972786, 8.12322330475, 17.984544754, -6.60950660706, 7.23245286942], [-18.7852344513, 33.0224990845, -37.4301071167, -30.6957035065, -27.0586357117, 42.3115081787, 137.086135864, -7.38028144836, 0.986590325832, 21.6397018433, 7.65627336502, -5.59063577652, -1.0471457243], [-108.325752258, 52.0613975525, 5.46654653549, 29.8630142212, 0.477563232183, -41.1525344849, -7.38028144836, 103.131408691, 38.7234649658, -3.55536174774, -11.1950759888, 4.76855897903, 0.867963790894], [-129.951065063, 39.3994598389, 15.606174469, 0.231737360358, -5.26453399658, -2.38585972786, 0.986590325832, 38.7234649658, 107.464691162, 26.0183067322, 1.22097086906, 10.373134613, -4.10385847092], [0.835554897785, 22.3444824219, -33.0666275024, -13.071521759, 1.45305931568, 8.12322330475, 21.6397018433, -3.55536174774, 26.0183067322, 72.5790481567, 17.7011127472, 0.185997530818, 8.13607883453], [-6.52146863937, 0.349519431591, 6.92197942734, 0.867336034775, 6.14460611343, 17.984544754, 7.65627336502, -11.1950759888, 1.22097086906, 17.7011127472, 56.4586791992, 22.7562522888, 0.958269357681], [-52.3002738953, 21.8905792236, 14.1142883301, 10.3909454346, -1.99340975285, -6.60950660706, -5.59063577652, 4.76855897903, 10.373134613, 0.185997530818, 22.7562522888, 60.4654579163, 14.1357307434], [30.2420711517, -11.2184410095, 0.921980082989, -3.37036013603, 1.38639259338, 7.23245286942, -1.0471457243, 0.867963790894, -4.10385847092, 8.13607883453, 0.958269357681, 14.1357307434, 63.3499336243]],
        "icov": [[0.00244501139969, 0.00257210386917, 0.000623024243396, 0.000123363861348, -0.000108587366412, 0.000881622778252, -0.000149233368575, 0.000800188048743, 0.00180253526196, -0.00110475206748, 6.28646957921e-05, 0.00088227581, -0.000765092496295], [0.00257210386917, 0.00518420757726, 0.00155739346519, -0.000406004721299, 0.000512168742716, 0.00094683811767, -0.000554825703148, -9.75464427029e-05, 0.00144784257282, -0.00152014603373, 0.000303770386381, -0.000191073078895, -0.000154159570229], [0.000623024243396, 0.00155739346519, 0.00458119204268, -0.000214732397581, 0.000837172439788, -0.00222856854089, 0.00146169832442, -0.000869816693012, -0.000473958963994, 0.00156300968956, -0.000372827460524, -0.000886637892108, 0.000144501347677], [0.000123363861348, -0.000406004721299, -0.000214732397581, 0.0085331229493, -0.002771895146, 0.00128259963822, 0.000763796153478, -0.00180972600356, 0.000708817853592, 0.0010192762129, -0.000646291882731, -0.000874980760273, 0.000397997675464], [-0.000108587366412, 0.000512168742716, 0.000837172439788, -0.002771895146, 0.0117934951559, -0.00141203461681, 0.00246772938408, -0.000429832114605, 0.000366389547708, -0.000867425871547, -0.00147655827459, 0.00102607021108, -0.000138809045893], [0.000881622778252, 0.00094683811767, -0.00222856854089, 0.00128259963822, -0.00141203461681, 0.0108788954094, -0.00360322650522, 0.00408904440701, -0.000583686574828, 0.00012412412616, -0.00280565721914, 0.00285987905227, -0.0021286746487], [-0.000149233368575, -0.000554825703148, 0.00146169832442, 0.000763796153478, 0.00246772938408, -0.00360322650522, 0.00983869563788, -0.00131386588328, 0.000716933631338, -0.001914394903, -0.000410116568673, 0.000151488231495, 0.00079505663598], [0.000800188048743, -9.75464427029e-05, -0.000869816693012, -0.00180972600356, -0.000429832114605, 0.00408904440701, -0.00131386588328, 0.0145716117695, -0.00460646301508, 0.00152400659863, 0.00121652509551, 0.00118456024211, -0.00193854304962], [0.00180253526196, 0.00144784257282, -0.000473958963994, 0.000708817853592, 0.000366389547708, -0.000583686574828, 0.000716933631338, -0.00460646301508, 0.0146259618923, -0.00690812105313, 0.00214058789425, -0.00233549904078, 0.00189754285384], [-0.00110475206748, -0.00152014603373, 0.00156300968956, 0.0010192762129, -0.000867425871547, 0.00012412412616, -0.001914394903, 0.00152400659863, -0.00690812105313, 0.0204389560968, -0.00728764384985, 0.00342197343707, -0.00348387821577], [6.28646957921e-05, 0.000303770386381, -0.000372827460524, -0.000646291882731, -0.00147655827459, -0.00280565721914, -0.000410116568673, 0.00121652509551, 0.00214058789425, -0.00728764384985, 0.0258316341788, -0.0112350173295, 0.00351483770646], [0.00088227581, -0.000191073078895, -0.000886637892108, -0.000874980760273, 0.00102607021108, 0.00285987905227, 0.000151488231495, 0.00118456024211, -0.00233549904078, 0.00342197343707, -0.0112350173295, 0.0241718385369, -0.00666582165286], [-0.000765092496295, -0.000154159570229, 0.000144501347677, 0.000397997675464, -0.000138809045893, -0.0021286746487, 0.00079505663598, -0.00193854304962, 0.00189754285384, -0.00348387821577, 0.00351483770646, -0.00666582165286, 0.0184326991439]]
    },
    "spectral_contrast_coeffs": {
        "max": [-0.462360858917, -0.49294924736, -0.49513104558, -0.585820376873, -0.629994273186, -0.618384182453],
        "mean": [-0.710853338242, -0.719215393066, -0.713847100735, -0.743338227272, -0.766955554485, -0.741233229637],
        "min": [-0.874020218849, -0.890552759171, -0.90641772747, -0.864534914494, -0.85481274128, -0.826222658157],
        "stdev": [0.0616823583841, 0.0630816444755, 0.0689727514982, 0.049211692065, 0.0406302064657, 0.0274318419397]
    },
    "spectral_contrast_valleys": {
        "max": [-5.35915994644, -5.08136224747, -5.64576339722, -6.23184680939, -5.31528186798, -8.00356388092],
        "mean": [-6.49640846252, -6.50005102158, -7.20504713058, -7.36806058884, -7.02274847031, -9.46129703522],
        "min": [-8.27306842804, -7.69274330139, -8.47245788574, -8.4909362793, -8.27089977264, -11.4533233643],
        "stdev": [0.3847912848, 0.385312259197, 0.362147122622, 0.404410094023, 0.45850238204, 0.680747032166]
    }
},
"rhythm": {
    "beats_count": 60,
    "beats_loudness": {
        "max": 0.0669983327389,
        "mean": 0.0311639904976,
        "min": 0.00877352338284,
        "stdev": 0.0106826405972
    },
    "bpm": 100.273971558,
    "bpm_histogram_first_peak_bpm": 99,
    "bpm_histogram_first_peak_weight": 0.436363637447,
    "bpm_histogram_second_peak_bpm": 108,
    "bpm_histogram_second_peak_spread": 0.25,
    "bpm_histogram_second_peak_weight": 0.0508474558592,
    "danceability": 1.28400349617,
    "onset_rate": 3.74973535538,
    "beats_loudness_band_ratio": {
        "max": [0.887322664261, 0.587123334408, 0.644838511944, 0.688524484634, 0.392353475094, 0.378080427647],
        "mean": [0.20643658936, 0.219777777791, 0.205960229039, 0.162638425827, 0.1095873788, 0.129921615124],
        "min": [0.0399244725704, 0.0106118340045, 0.0242424253374, 0.00719892373309, 0.00797711219639, 0.016332026571],
        "stdev": [0.156350433826, 0.161344349384, 0.154518738389, 0.128778129816, 0.0769279226661, 0.0714717507362]
    },
    "beats_position": [0.580498874187, 1.17260766029, 1.764716506, 2.36843538284, 2.92571425438, 3.48299312592, 4.04027223587, 4.60916090012, 5.18965959549, 5.7701587677, 6.3622674942, 6.96598625183, 7.56970500946, 8.17342376709, 8.77714252472, 9.36925125122, 9.96135997772, 10.5650787354, 11.1687984467, 11.7609071732, 12.3530158997, 12.9567346573, 13.5604534149, 14.1641721725, 14.756280899, 15.3483896255, 15.9521083832, 16.5558280945, 17.1595458984, 17.7516555786, 18.3437633514, 18.9474830627, 19.5512008667, 20.154920578, 20.758638382, 21.3623580933, 21.9544658661, 22.5465755463, 23.1502952576, 23.7540130615, 24.3461227417, 24.9382305145, 25.5419502258, 26.1456680298, 26.73777771, 27.3414955139, 27.9452152252, 28.5489330292, 29.1410427094, 29.7447605133, 30.3484802246, 30.9405899048, 31.5326976776, 32.1480255127, 32.7517471313, 33.3438529968, 33.935962677, 34.5280723572, 35.1317901611, 35.7355079651],
